,R513A_UNIT,R513A_UNIT,R513A_UNIT,R513A_UNIT,R513A_UNIT,R513A_UNIT,R513A_UNIT,R513A_UNIT,R513A_UNIT,R513A_UNIT,R513A_UNIT,R513A_UNIT,R513A_UNIT,R513A_UNIT,R513A_UNIT,R513A_UNIT,R513A_UNIT,R513A_UNIT,R513A_UNIT,R513A_UNIT,R513A_UNIT,R513A_UNIT,R513A_UNIT,R513A_UNIT,R513A_UNIT,R513A_UNIT,R513A_UNIT,R513A_UNIT,R513A_UNIT,R513A_UNIT,R513A_UNIT,R513A_UNIT,R513A_UNIT,R513A_UNIT,R513A_UNIT,R513A_UNIT,R513A_UNIT,R513A_UNIT,R513A_UNIT,R513A_UNIT,R513A_UNIT,R513A_UNIT,R513A_UNIT,R513A_UNIT,R513A_UNIT,R513A_UNIT,R513A_UNIT,R513A_UNIT,R513A_UNIT,R513A_UNIT,R513A_UNIT,R513A_UNIT,R513A_UNIT,R513A_UNIT,R513A_UNIT,R513A_UNIT,R513A_UNIT,R513A_UNIT,R513A_UNIT,R513A_UNIT,R513A_UNIT,R513A_UNIT,R513A_UNIT,R513A_UNIT,R513A_UNIT,R513A_UNIT,R513A_UNIT,R513A_UNIT,R513A_UNIT,R513A_UNIT,R513A_UNIT,R513A_UNIT,R513A_UNIT,R513A_UNIT,R513A_UNIT,R513A_UNIT,R513A_UNIT,R513A_UNIT,R513A_UNIT,R513A_UNIT,R513A_UNIT,R513A_UNIT,R513A_UNIT,R513A_UNIT,R513A_UNIT,R513A_UNIT,R513A_UNIT,R513A_UNIT,R513A_UNIT,R513A_UNIT,R513A_UNIT,R513A_UNIT,R513A_UNIT,R513A_UNIT,R513A_UNIT,R513A_UNIT,R513A_UNIT,R513A_UNIT,R513A_UNIT,R513A_UNIT,R513A_UNIT,R513A_UNIT,R513A_UNIT,R513A_UNIT,R513A_UNIT,R513A_UNIT,R513A_UNIT,R513A_UNIT,R513A_UNIT,R513A_UNIT,R513A_UNIT,R513A_UNIT,R513A_UNIT,R513A_UNIT,R513A_UNIT,R513A_UNIT,R513A_UNIT,R513A_UNIT,R513A_UNIT,R513A_UNIT,R513A_UNIT,R513A_UNIT,R513A_UNIT,R513A_UNIT,R513A_UNIT,LOGGER,LOGGER,LOGGER,LOGGER,LOGGER,LOGGER,LOGGER,LOGGER,LOGGER,LOGGER,LOGGER,LOGGER,LOGGER,LOGGER,LOGGER,LOGGER,LOGGER,LOGGER,LOGGER,LOGGER,LOGGER,LOGGER,LOGGER,LOGGER,LOGGER,LOGGER,LOGGER,LOGGER,LOGGER,LOGGER,LOGGER,LOGGER,LOGGER,LOGGER,LOGGER,LOGGER,LOGGER,LOGGER,LOGGER,LOGGER,LOGGER,LOGGER,LOGGER,LOGGER,LOGGER,LOGGER,LOGGER,LOGGER,LOGGER,LOGGER,LOGGER,LOGGER,LOGGER,LOGGER,LOGGER,LOGGER,LOGGER,LOGGER,LOGGER,LOGGER,LOGGER,LOGGER,LOGGER,LOGGER,LOGGER,LOGGER,LOGGER,LOGGER,LOGGER,LOGGER,LOGGER,LOGGER,LOGGER,LOGGER,LOGGER,LOGGER,LOGGER,LOGGER,LOGGER,LOGGER,LOGGER,LOGGER,LOGGER,LOGGER,LOGGER,LOGGER,LOGGER,LOGGER,LOGGER,LOGGER,LOGGER,LOGGER,LOGGER,LOGGER,LOGGER,LOGGER,LOGGER,LOGGER,LOGGER,LOGGER,LOGGER,LOGGER,LOGGER,LOGGER,LOGGER,LOGGER,LOGGER,LOGGER,LOGGER,LOGGER,LOGGER,LOGGER,LOGGER,LOGGER,LOGGER,LOGGER,LOGGER,LOGGER,LOGGER,LOGGER,LOGGER,LOGGER,LOGGER,LOGGER,LOGGER,LOGGER,LOGGER,LOGGER,LOGGER,LOGGER,LOGGER,LOGGER,LOGGER,LOGGER,LOGGER,LOGGER,LOGGER,LOGGER,LOGGER,LOGGER,LOGGER,LOGGER,LOGGER,LOGGER,LOGGER,LOGGER,TEST_STATION,TEST_STATION,TEST_STATION,TEST_STATION,TEST_STATION,TEST_STATION,TEST_STATION,TEST_STATION,TEST_STATION,TEST_STATION,TEST_STATION,TEST_STATION,TEST_STATION,TEST_STATION,TEST_STATION,TEST_STATION,TEST_STATION,TEST_STATION,TEST_STATION,TEST_STATION,TEST_STATION,TEST_STATION,TEST_STATION,TEST_STATION,TEST_STATION,TEST_STATION,TEST_STATION,TEST_STATION,TEST_STATION,TEST_STATION,TEST_STATION,TEST_STATION,TEST_STATION,TEST_STATION,TEST_STATION,TEST_STATION,TEST_STATION,TEST_STATION,TEST_STATION,TEST_STATION,TEST_STATION,TEST_STATION,TEST_STATION,TEST_STATION,TEST_STATION,TEST_STATION,TEST_STATION,TEST_STATION,TEST_STATION,TEST_STATION,TEST_STATION,TEST_STATION,TEST_STATION,TEST_STATION,TEST_STATION,TEST_STATION,TEST_STATION,TEST_STATION,TEST_STATION,TEST_STATION,TEST_STATION,TEST_STATION,TEST_STATION,TEST_STATION,TEST_STATION,TEST_STATION,TEST_STATION,CHAMBER,CHAMBER,CHAMBER,CHAMBER,CHAMBER,CHAMBER,CHAMBER,CHAMBER,CHAMBER,CHAMBER,CHAMBER,CHAMBER,CHAMBER,CHAMBER,CHAMBER,CHAMBER,CHAMBER,CHAMBER,CHAMBER,CHAMBER,CHAMBER,CHAMBER,CHAMBER,CHAMBER,CHAMBER,CHAMBER,CHAMBER,CHAMBER,CHAMBER,CHAMBER,CHAMBER,CHAMBER,CHAMBER,CHAMBER,CHAMBER,CHAMBER,CHAMBER,CHAMBER,CHAMBER,CHAMBER,CHAMBER
TIME,Cycle_Status,Unit_SN,Heat_Call,Defrost,Alarm_Register_1,Alarm_Register_2,Alarm_Register_3,AMB_Fahr_W,Cond_LWT_Fahr_W,Cond_EWT_Fahr_W,Cond_Flow_F,Evap1_Fahr_W,Evap2_Fahr_W,Cold_Sensor_Fahr_W,Warm_Sensor_Fahr_W,SLT_Fahr_W,SH_F,DLP_W,SLP_W,Flow_Percent_Set_W,VFP_Head_ft_F,Circ_Pump_Output,Evap_Flow_Output,LLSV_Output,Comp_Output,HGBV_Output,AOTS,Remote_Enable,Comp_Feedback,MMP_Aux,Voltage_Monitor,O.P.S.S.,F.C._Aux,Evap_Flow,Pan_Sensor,Damper_Switch,TT_High,TT_ODR,Cond_Heat_Output,Defrost_Heat_Output,Pan_Heat_Output,PD_ctl,SP_HC_Cut_In,EWT_Block,MP_HC_Cut_In,MP_HC_Cut_Out,BMS_Heat_Call,MCP6_HC_Rgstr,Master_Comm_Status,Member_Unit_Status,MCPLA_HeatCall,mqtt_member_status,Cond_Flow_Verif,Flow_Valve_Verif,PID_Start,Pump_OFF_Delay,HGBV_Max,Post_HGBV_Fan,Defrost_Enable,VFP_Setpoint_W,Hardware_IO_Map_W,K2_EEV_POS,Tank_Storage_Temp,Demand_Diff,Cold_Sensor_Cut_In_F,Hot_Sensor_Cut_In_F,Cond_LWT_Input_F,Startup_GPM_F,CFlow_Low_Limit_F,Start_Valve_Pos_F,Min_Valve_Pos_F,Defrost_Cut_In_F,Defrost_Cut_Out_F,HGBV_PSIG_Cut_In_F,HGBV_PSIG_Cut_Out_F,Freeze_Po_1_Cut_In,Freeze_Po_1_Cut_Out,Freeze_Pro_2_Cut_In,Freeze_Pro_2_Cut_Out,WS_FrzPro2_Cut_In,WS_FrzPro2_Cut_Out,Purge_Cut_Out_Fahr_F,Kp_Input,Ki_Input,Kd_Input,PID_Start_Diff_F,Pump_Delay_Time,Max_Pump_Duration,CFlow_VerifFail_Time,Manual_EvapFlow_TIME,EFlow_VerifFail_Time,Defr_Cut_In_Delay_W,Def_Enable_Time_W,Def_Max_Dur_Time_W,Post_Def_Fan_Time_W,HGBV_Duration_W,PostHGBVFan_Time_W,Max_Purge_Time,SinglePass_Config,Glycol_Source_Config,CWP_Config,K2_Config,Standby_Valve_Pos,HGBV_Defrost_Enable,HGBV_Disable,Unit_Model,Pump_Down_PSIG_F,Amb_Range_LOW,InitSV_Max_F,SrcTemp_SwitchTemp_F,EWT_Cut_Out_F,Demand_Mode,Unit_number,StaticIP_Status,ODR_LWT_Min_F,ODR_LWT_Max_F,ODR_Amb_Min_F,ODR_Amb_Max_F,HPB_WWSD_F,Password_Lock,Dev_psswrd_Lock,Service_Lock,Manual_Ctl_Status_W,Ducted_Config,Fans_Adj_Input_F,EWT_float,LWT_float,dT_float,GPM_float,Capacity,KW_float,KWX3412_float,COP,VFD_Hz_W,CompVFD_ErrorCode,CompVFD_Status,GPMXdT,VFD_Hz_Setpoint_W,FlowValve_FB%,FlowValve_SetPont,GPM_ps_1X10_float,GPM_ps_2X100_float,GPM_ps_1_float,GPM_ps_2_float,Amb_unit,VFP_ctl_Word_1_W,VFP_Ctl_Mode_W,VFP_Operation_Mode_W,VFP_Ctl_Setpoint_W,Fans_Spd_Disp_F,VFP_Status_Word_1_W,VFP_ProcFB_Status_W,VFP_CtlMode_Status_W,VFP_OpMode_Status_W,VFP_Alarm_Code_W,VFP_Warning_Code_W,VFP_Head_W,VFP_Flow_W,VFP_Performance_W,VFP_Speed_W,VFP_Freq_W,VFP_Dig_Inputs_W,VFP_Dig_Outputs_W,VFP_Pwr_Lo_W,VFP_RemoteFlow_W,VFP_InletPress_W,VFP_RemotePress1_W,VFP_FeedTankLvl_W,VFP_PwrEleTemp_W,VFP_MotorTemp_W,VFP_RemoteTemp1_W,VFP_EleTemp_W,VFP_LiquidTemp_W,CMRC_Alarm_1,CMRC_Alarm_2,CMRC_Alarm_3,CMRC_Alarm_4,CMRC_Alarm_5,CMRC_Alarm_6,CMRC_Alarm_7,CMRC_Alarm_8,CMRC_Alarm_9,CMRC_Alarm_10,K2_SuperHeat,K2_SLP,K2_SatT,K2_SLT,K2_NA1,K2_EEV_POS,K2_DLT,K2_Relay,K2_Alarm,K2_System,K2_Firm,VFP_head_F_feet,GPM_vfp,VFP_SetPoint_F,EWT_Raw,LWT_Raw,LLT_Raw,DLT_Raw,GPM_prosense_1X10,GPM_prosense_2X100,Temp_prosense_1,Temp_prosense_2,LLP,Water_Pressure_Out,LLT_Raw_C270,DLT_Raw_C270,SourceWater_EWT_C270,SourceWater_LWT_C270,Tekmar_Loop_LWT_C270,Compressor_head_Temp,LWT_SM_3_Raw,Compressor_head_X10,Compressor_head_F,EWT_Float,LWT_Float,LLT_Float,DLT_Float,LLP_SM_I_Float,LWT_SM_I_Float,LWT_SM_2_Float,LWT_SM_3_Float,AIR_TEMP_F_FL_ub,RH_FL,RH_FL_UB,EWT_Thermowell_ANSI,LWT_Thermowell_ANSI,LLT,DLT,EWT_SM_Internal,LWT_SM_Internal,LWT_SM_2,LWT_SM_3,DLP_Word,Ambient_air_temp,RH,DefrostCutOut,DefrostDelayTimer,DefrostMaxDurTimer,DefrostEnableTimer,DefrostEnableTC,LWTSet,Voltage_monitor,AlarmReg_1,AlarmReg_2,AlarmReg_3,PhAVolt_C90,PhAAmps_C90,PhBVolt_C90,PhBAmp_C90,PhCVolt_C90,PhCAmp_C90,TruPwr3Ph_C90,ReacPwr3Ph_C90,AprntPwr3Ph_C90,NetEnergy_C90,UnsignedEnergy_C90,PositiveEng_C90,NegativeEng_C90,NetReactiveEng_C90,NetApparentEng_C90,PowFac3ph_C90,PSIG_Table_START,SSLT_Table_START,Fist_Match_LLP_W,x2_LLP_First_Match_D,SLLT_Lookup_I,SLLT_F,SubCooling_F,CondFlowLoss_Fault,HotTankT_lo,HotTankT_hi,Cooler_EWT_lo,Cooler_EWT_hi,Cooler_LWT_lo,Cooler_LWT_hi,CoolFlowRt_lo,CoolFlowRt_hi,HW_Pump_set,HTank_cutIn,HTank_cutOut,ChillerFanPercent,ColdTankT_lo,ColdTankT_hi,EvapHeadrRetT_lo,EvapHeadrRetT_hi,EvapHeadrSupT_lo,EvapHeadrSupT_hi,Evap_Pump_set,CTank_cutIn,CTank_cutOut,HeatingEnable,Cond_hd_Sply,condReturnT_hi,EvapHeadrFlowIn_l,EvapHeadrFlowIn_h,CoolerFanFreq,condPumpFreq,evapPumpFreq_l,evapPumpFreq_h,AMTemp_low,AMTemp_high,Cooling_Cap,AMB_RH,HTank_cutIn_F,SupplyHeaderInletR,SupplyHeaderInletS,ReturnHeaderOutletR,ReturnHeaderOutletS,BoilerControlVR,BoilerControlVS,HotTankR,HotTankS,FluidCoolerInletR,FluidCoolerInletS,FluidCoolerOutletR,FluidCoolerOutletS,EvapInletR,EvapInletS,EvapOutletR,EvapOutletS,ColdTankR,ColdTankS,AuxTempRaw,HeatedTank_Float,SourceTank_Float,AuxTmpFlot,AuxTmpScld,TempC1,TempC1_ub,TempF,RH1,ABS_H1,DPC1,DPF1,MR1,Amb_temp_set_epic_F,RH_set_epic_F,Hum_manual_override,TempF1,RH1,ABS_H1,DPF1,TempF2,RH2,ABS_H2,DPF2,TempF3,RH3,DPC3,DPF3,TempF4,RH4,ABS_H4,DPF4,FloorTC,K2_SUP1_In,K2_SLP1_In,K2_ET1_In,K2_SAT1_In,K2_RT1_In,K2_ValvePos1_In,K2_AUX1a_In,K2_RLY1,K2_Alarm1,K2_System1,K2_Firmware1,K2_AUX1b_In,K2_SLP2_In,K2_ET2_In,TempC1,TempF,RH1,ABS_H1,DPC1,DPF1,MR1
2026-06-18T02:00:00,ERR,ERR,ERR,ERR,ERR,ERR,ERR,ERR,ERR,ERR,ERR,ERR,ERR,ERR,ERR,ERR,ERR,ERR,ERR,ERR,ERR,ERR,ERR,ERR,ERR,ERR,ERR,ERR,ERR,ERR,ERR,ERR,ERR,ERR,ERR,ERR,ERR,ERR,ERR,ERR,ERR,ERR,ERR,ERR,ERR,ERR,ERR,ERR,ERR,ERR,ERR,ERR,ERR,ERR,ERR,ERR,ERR,ERR,ERR,ERR,ERR,ERR,ERR,ERR,ERR,ERR,ERR,ERR,ERR,ERR,ERR,ERR,ERR,ERR,ERR,ERR,ERR,ERR,ERR,ERR,ERR,ERR,ERR,ERR,ERR,ERR,ERR,ERR,ERR,ERR,ERR,ERR,ERR,ERR,ERR,ERR,ERR,ERR,ERR,ERR,ERR,ERR,ERR,ERR,ERR,ERR,ERR,ERR,ERR,ERR,ERR,ERR,ERR,ERR,ERR,ERR,ERR,ERR,ERR,ERR,ERR,ERR,ERR,ERR,ERR,-107615400.0,0.0,-134999232.0,-4.9501291711397626e+32,0.0,1.3936040501711995e+18,7.805,51974472.0,0,0,4,48863,6720,14723890282496.0,100,0.0,0.0,0.0,-0.0,0.0,0,0,0,0,0.0,0,0,0,0,0,0,0,0,0,0,0,0,0,0,0,0,0,0,0,0,0,0,0,0,0,0,0,0,0,0,0,0,0,26,51,50,76,65476,0,300,0,0,8,21553,0.0,-107605600.0,0.0,0.0,0.0,0.0,0.0,0.0,0.0,0.0,0.0,0.0,0.0,0.0,0.0,0.0,0.0,0.0,0.0,0.0,0.0,0.0,2.004,2.004,-0.0,0.0,0.0,0.0,0.0,0.0,4721.0,0.0,7305.0,-107615400.0,0.0,0.0,-0.0,0.0,0.0,0.0,0.0,77,0.0,-0.0,0.0,0.0,0.0,0.0,0.0,0.0,0.0,0,0,0,0.0,0.0,0.0,0.0,0.0,0.0,0.0,0.0,0.0,0.0,0.0,0.0,0.0,0.0,0.0,0.0,0,-107875648.0,77,0.0,154,0.0,2.6533922776413385e+23,ERR,ERR,ERR,ERR,ERR,ERR,ERR,ERR,ERR,ERR,ERR,ERR,ERR,ERR,ERR,ERR,ERR,ERR,ERR,ERR,ERR,ERR,ERR,ERR,ERR,ERR,ERR,ERR,ERR,ERR,ERR,ERR,ERR,ERR,ERR,ERR,ERR,ERR,ERR,ERR,ERR,ERR,ERR,ERR,ERR,ERR,ERR,ERR,ERR,ERR,ERR,ERR,ERR,ERR,ERR,ERR,ERR,ERR,ERR,ERR,ERR,ERR,ERR,ERR,ERR,ERR,ERR,34.0,80.0,35,0.0,0.0,0.0,0.0,0.0,0.0,0.0,0.0,0.0,0.0,0.0,0.0,0.0,0.0,0.0,0.0,66.0,0,121,58,54,65476,0,300,0,0,8,20529,65476,0,0,57672,80.0,0.0,0.0,0.0,0.0,0.0
2026-06-18T02:00:01,ERR,ERR,ERR,ERR,ERR,ERR,ERR,ERR,ERR,ERR,ERR,ERR,ERR,ERR,ERR,ERR,ERR,ERR,ERR,ERR,ERR,ERR,ERR,ERR,ERR,ERR,ERR,ERR,ERR,ERR,ERR,ERR,ERR,ERR,ERR,ERR,ERR,ERR,ERR,ERR,ERR,ERR,ERR,ERR,ERR,ERR,ERR,ERR,ERR,ERR,ERR,ERR,ERR,ERR,ERR,ERR,ERR,ERR,ERR,ERR,ERR,ERR,ERR,ERR,ERR,ERR,ERR,ERR,ERR,ERR,ERR,ERR,ERR,ERR,ERR,ERR,ERR,ERR,ERR,ERR,ERR,ERR,ERR,ERR,ERR,ERR,ERR,ERR,ERR,ERR,ERR,ERR,ERR,ERR,ERR,ERR,ERR,ERR,ERR,ERR,ERR,ERR,ERR,ERR,ERR,ERR,ERR,ERR,ERR,ERR,ERR,ERR,ERR,ERR,ERR,ERR,ERR,ERR,ERR,ERR,ERR,ERR,ERR,ERR,ERR,-107615400.0,0.0,-134999232.0,2.718290229135658e+23,0.0,1.3936040501711995e+18,7.805,2.2722174697351414e+18,0,0,4,48855,6720,14723890282496.0,100,0.0,0.0,0.0,2.718290229135658e+23,0.0,0,0,0,0,0.0,0,0,0,0,0,0,0,0,0,0,0,0,0,0,0,0,0,0,0,0,0,0,0,0,0,0,0,0,0,0,0,0,0,26,51,50,76,65476,0,300,0,0,8,21553,0.0,-107605600.0,0.0,0.0,0.0,0.0,0.0,0.0,0.0,0.0,0.0,0.0,0.0,0.0,0.0,0.0,0.0,0.0,0.0,0.0,0.0,0.0,2.004,2.004,-0.0,0.0,0.0,0.0,0.0,0.0,4720.0,0.0,7296.0,-107615400.0,0.0,0.0,-0.0,0.0,0.0,0.0,0.0,77,-4.950429371599289e+32,0.0,0.0,0.0,0.0,0.0,0.0,0.0,0.0,0,0,0,0.0,0.0,0.0,0.0,0.0,0.0,0.0,0.0,0.0,0.0,0.0,0.0,0.0,0.0,0.0,0.0,0,-107875648.0,77,0.0,154,0.0,2.6533922776413385e+23,ERR,ERR,ERR,ERR,ERR,ERR,ERR,ERR,ERR,ERR,ERR,ERR,ERR,ERR,ERR,ERR,ERR,ERR,ERR,ERR,ERR,ERR,ERR,ERR,ERR,ERR,ERR,ERR,ERR,ERR,ERR,ERR,ERR,ERR,ERR,ERR,ERR,ERR,ERR,ERR,ERR,ERR,ERR,ERR,ERR,ERR,ERR,ERR,ERR,ERR,ERR,ERR,ERR,ERR,ERR,ERR,ERR,ERR,ERR,ERR,ERR,ERR,ERR,ERR,ERR,ERR,ERR,34.0,80.0,35,0.0,0.0,0.0,0.0,0.0,0.0,0.0,0.0,0.0,0.0,0.0,0.0,0.0,0.0,0.0,0.0,66.0,0,121,58,54,65476,0,300,0,0,8,20529,65476,0,0,57672,80.0,0.0,0.0,0.0,0.0,0.0
2026-06-18T02:00:02,ERR,ERR,ERR,ERR,ERR,ERR,ERR,ERR,ERR,ERR,ERR,ERR,ERR,ERR,ERR,ERR,ERR,ERR,ERR,ERR,ERR,ERR,ERR,ERR,ERR,ERR,ERR,ERR,ERR,ERR,ERR,ERR,ERR,ERR,ERR,ERR,ERR,ERR,ERR,ERR,ERR,ERR,ERR,ERR,ERR,ERR,ERR,ERR,ERR,ERR,ERR,ERR,ERR,ERR,ERR,ERR,ERR,ERR,ERR,ERR,ERR,ERR,ERR,ERR,ERR,ERR,ERR,ERR,ERR,ERR,ERR,ERR,ERR,ERR,ERR,ERR,ERR,ERR,ERR,ERR,ERR,ERR,ERR,ERR,ERR,ERR,ERR,ERR,ERR,ERR,ERR,ERR,ERR,ERR,ERR,ERR,ERR,ERR,ERR,ERR,ERR,ERR,ERR,ERR,ERR,ERR,ERR,ERR,ERR,ERR,ERR,ERR,ERR,ERR,ERR,ERR,ERR,ERR,ERR,ERR,ERR,ERR,ERR,ERR,ERR,-107615400.0,0.0,-134999232.0,2.718290229135658e+23,0.0,1.3936040501711995e+18,7.805,2.2722174697351414e+18,0,0,4,48855,6720,14723890282496.0,100,0.0,0.0,0.0,2.718290229135658e+23,0.0,0,0,0,0,0.0,0,0,0,0,0,0,0,0,0,0,0,0,0,0,0,0,0,0,0,0,0,0,0,0,0,0,0,0,0,0,0,0,0,26,51,50,76,65476,0,300,0,0,8,21553,0.0,-107605600.0,0.0,0.0,0.0,0.0,0.0,0.0,0.0,0.0,0.0,0.0,0.0,0.0,0.0,0.0,0.0,0.0,0.0,0.0,0.0,0.0,2.004,2.004,-0.0,0.0,0.0,0.0,0.0,0.0,4720.0,0.0,7296.0,-107615400.0,0.0,0.0,-0.0,0.0,0.0,0.0,0.0,77,-4.950429371599289e+32,0.0,0.0,0.0,0.0,0.0,0.0,0.0,0.0,0,0,0,0.0,0.0,0.0,0.0,0.0,0.0,0.0,0.0,0.0,0.0,0.0,0.0,0.0,0.0,0.0,0.0,0,-107875648.0,77,0.0,154,0.0,2.6533922776413385e+23,ERR,ERR,ERR,ERR,ERR,ERR,ERR,ERR,ERR,ERR,ERR,ERR,ERR,ERR,ERR,ERR,ERR,ERR,ERR,ERR,ERR,ERR,ERR,ERR,ERR,ERR,ERR,ERR,ERR,ERR,ERR,ERR,ERR,ERR,ERR,ERR,ERR,ERR,ERR,ERR,ERR,ERR,ERR,ERR,ERR,ERR,ERR,ERR,ERR,ERR,ERR,ERR,ERR,ERR,ERR,ERR,ERR,ERR,ERR,ERR,ERR,ERR,ERR,ERR,ERR,ERR,ERR,34.0,80.0,35,0.0,0.0,0.0,0.0,0.0,0.0,0.0,0.0,0.0,0.0,0.0,0.0,0.0,0.0,0.0,0.0,66.4,0,121,58,54,65476,0,300,0,0,8,20529,65476,0,0,57672,80.0,0.0,0.0,0.0,0.0,0.0
2026-06-18T02:00:03,ERR,ERR,ERR,ERR,ERR,ERR,ERR,ERR,ERR,ERR,ERR,ERR,ERR,ERR,ERR,ERR,ERR,ERR,ERR,ERR,ERR,ERR,ERR,ERR,ERR,ERR,ERR,ERR,ERR,ERR,ERR,ERR,ERR,ERR,ERR,ERR,ERR,ERR,ERR,ERR,ERR,ERR,ERR,ERR,ERR,ERR,ERR,ERR,ERR,ERR,ERR,ERR,ERR,ERR,ERR,ERR,ERR,ERR,ERR,ERR,ERR,ERR,ERR,ERR,ERR,ERR,ERR,ERR,ERR,ERR,ERR,ERR,ERR,ERR,ERR,ERR,ERR,ERR,ERR,ERR,ERR,ERR,ERR,ERR,ERR,ERR,ERR,ERR,ERR,ERR,ERR,ERR,ERR,ERR,ERR,ERR,ERR,ERR,ERR,ERR,ERR,ERR,ERR,ERR,ERR,ERR,ERR,ERR,ERR,ERR,ERR,ERR,ERR,ERR,ERR,ERR,ERR,ERR,ERR,ERR,ERR,ERR,ERR,ERR,ERR,-107615400.0,0.0,-134999232.0,2.718290229135658e+23,0.0,1.3936040501711995e+18,7.805,2.2722174697351414e+18,0,0,4,48855,6720,14723890282496.0,100,0.0,0.0,0.0,2.718290229135658e+23,0.0,0,0,0,0,0.0,0,0,0,0,0,0,0,0,0,0,0,0,0,0,0,0,0,0,0,0,0,0,0,0,0,0,0,0,0,0,0,0,0,26,51,50,76,65476,0,300,0,0,8,21553,0.0,-107605600.0,0.0,0.0,0.0,0.0,0.0,0.0,0.0,0.0,0.0,0.0,0.0,0.0,0.0,0.0,0.0,0.0,0.0,0.0,0.0,0.0,2.004,2.004,-0.0,0.0,0.0,0.0,0.0,0.0,4720.0,0.0,7296.0,-107615400.0,0.0,0.0,-0.0,0.0,0.0,0.0,0.0,77,-4.950429371599289e+32,0.0,0.0,0.0,0.0,0.0,0.0,0.0,0.0,0,0,0,0.0,0.0,0.0,0.0,0.0,0.0,0.0,0.0,0.0,0.0,0.0,0.0,0.0,0.0,0.0,0.0,0,-107875648.0,77,0.0,154,0.0,2.6533922776413385e+23,ERR,ERR,ERR,ERR,ERR,ERR,ERR,ERR,ERR,ERR,ERR,ERR,ERR,ERR,ERR,ERR,ERR,ERR,ERR,ERR,ERR,ERR,ERR,ERR,ERR,ERR,ERR,ERR,ERR,ERR,ERR,ERR,ERR,ERR,ERR,ERR,ERR,ERR,ERR,ERR,ERR,ERR,ERR,ERR,ERR,ERR,ERR,ERR,ERR,ERR,ERR,ERR,ERR,ERR,ERR,ERR,ERR,ERR,ERR,ERR,ERR,ERR,ERR,ERR,ERR,ERR,ERR,34.0,80.0,35,0.0,0.0,0.0,0.0,0.0,0.0,0.0,0.0,0.0,0.0,0.0,0.0,0.0,0.0,0.0,0.0,66.0,0,121,58,54,65476,0,300,0,0,8,20529,65476,0,0,57672,80.0,0.0,0.0,0.0,0.0,0.0
2026-06-18T02:00:04,ERR,ERR,ERR,ERR,ERR,ERR,ERR,ERR,ERR,ERR,ERR,ERR,ERR,ERR,ERR,ERR,ERR,ERR,ERR,ERR,ERR,ERR,ERR,ERR,ERR,ERR,ERR,ERR,ERR,ERR,ERR,ERR,ERR,ERR,ERR,ERR,ERR,ERR,ERR,ERR,ERR,ERR,ERR,ERR,ERR,ERR,ERR,ERR,ERR,ERR,ERR,ERR,ERR,ERR,ERR,ERR,ERR,ERR,ERR,ERR,ERR,ERR,ERR,ERR,ERR,ERR,ERR,ERR,ERR,ERR,ERR,ERR,ERR,ERR,ERR,ERR,ERR,ERR,ERR,ERR,ERR,ERR,ERR,ERR,ERR,ERR,ERR,ERR,ERR,ERR,ERR,ERR,ERR,ERR,ERR,ERR,ERR,ERR,ERR,ERR,ERR,ERR,ERR,ERR,ERR,ERR,ERR,ERR,ERR,ERR,ERR,ERR,ERR,ERR,ERR,ERR,ERR,ERR,ERR,ERR,ERR,ERR,ERR,ERR,ERR,-107615400.0,0.0,-134999232.0,2.718290229135658e+23,0.0,1.3936040501711995e+18,7.805,2.2722174697351414e+18,0,0,4,48855,6720,14723890282496.0,100,0.0,0.0,0.0,2.718290229135658e+23,0.0,0,0,0,0,0.0,0,0,0,0,0,0,0,0,0,0,0,0,0,0,0,0,0,0,0,0,0,0,0,0,0,0,0,0,0,0,0,0,0,26,51,50,76,65476,0,300,0,0,8,21553,0.0,-107605600.0,0.0,0.0,0.0,0.0,0.0,0.0,0.0,0.0,0.0,0.0,0.0,0.0,0.0,0.0,0.0,0.0,0.0,0.0,0.0,0.0,2.004,2.004,-0.0,0.0,0.0,0.0,0.0,0.0,4720.0,0.0,7296.0,-107615400.0,0.0,0.0,-0.0,0.0,0.0,0.0,0.0,77,-4.950429371599289e+32,0.0,0.0,0.0,0.0,0.0,0.0,0.0,0.0,0,0,0,0.0,0.0,0.0,0.0,0.0,0.0,0.0,0.0,0.0,0.0,0.0,0.0,0.0,0.0,0.0,0.0,0,-107875648.0,77,0.0,154,0.0,2.6533922776413385e+23,ERR,ERR,ERR,ERR,ERR,ERR,ERR,ERR,ERR,ERR,ERR,ERR,ERR,ERR,ERR,ERR,ERR,ERR,ERR,ERR,ERR,ERR,ERR,ERR,ERR,ERR,ERR,ERR,ERR,ERR,ERR,ERR,ERR,ERR,ERR,ERR,ERR,ERR,ERR,ERR,ERR,ERR,ERR,ERR,ERR,ERR,ERR,ERR,ERR,ERR,ERR,ERR,ERR,ERR,ERR,ERR,ERR,ERR,ERR,ERR,ERR,ERR,ERR,ERR,ERR,ERR,ERR,34.0,80.0,35,0.0,0.0,0.0,0.0,0.0,0.0,0.0,0.0,0.0,0.0,0.0,0.0,0.0,0.0,0.0,0.0,66.0,0,121,58,54,65476,0,300,0,0,8,20529,65476,0,0,57672,80.0,0.0,0.0,0.0,0.0,0.0
2026-06-18T02:00:05,ERR,ERR,ERR,ERR,ERR,ERR,ERR,ERR,ERR,ERR,ERR,ERR,ERR,ERR,ERR,ERR,ERR,ERR,ERR,ERR,ERR,ERR,ERR,ERR,ERR,ERR,ERR,ERR,ERR,ERR,ERR,ERR,ERR,ERR,ERR,ERR,ERR,ERR,ERR,ERR,ERR,ERR,ERR,ERR,ERR,ERR,ERR,ERR,ERR,ERR,ERR,ERR,ERR,ERR,ERR,ERR,ERR,ERR,ERR,ERR,ERR,ERR,ERR,ERR,ERR,ERR,ERR,ERR,ERR,ERR,ERR,ERR,ERR,ERR,ERR,ERR,ERR,ERR,ERR,ERR,ERR,ERR,ERR,ERR,ERR,ERR,ERR,ERR,ERR,ERR,ERR,ERR,ERR,ERR,ERR,ERR,ERR,ERR,ERR,ERR,ERR,ERR,ERR,ERR,ERR,ERR,ERR,ERR,ERR,ERR,ERR,ERR,ERR,ERR,ERR,ERR,ERR,ERR,ERR,ERR,ERR,ERR,ERR,ERR,ERR,-107615400.0,0.0,-134999232.0,2.718290229135658e+23,0.0,1.3936040501711995e+18,7.805,2.2722174697351414e+18,0,0,4,48855,6720,14723890282496.0,100,0.0,0.0,0.0,2.718290229135658e+23,0.0,0,0,0,0,0.0,0,0,0,0,0,0,0,0,0,0,0,0,0,0,0,0,0,0,0,0,0,0,0,0,0,0,0,0,0,0,0,0,0,26,51,50,76,65476,0,300,0,0,8,21553,0.0,-107605600.0,0.0,0.0,0.0,0.0,0.0,0.0,0.0,0.0,0.0,0.0,0.0,0.0,0.0,0.0,0.0,0.0,0.0,0.0,0.0,0.0,2.004,2.004,-0.0,0.0,0.0,0.0,0.0,0.0,4720.0,0.0,7296.0,-107615400.0,0.0,0.0,-0.0,0.0,0.0,0.0,0.0,77,-4.950429371599289e+32,0.0,0.0,0.0,0.0,0.0,0.0,0.0,0.0,0,0,0,0.0,0.0,0.0,0.0,0.0,0.0,0.0,0.0,0.0,0.0,0.0,0.0,0.0,0.0,0.0,0.0,0,-107875648.0,77,0.0,154,0.0,2.6533922776413385e+23,ERR,ERR,ERR,ERR,ERR,ERR,ERR,ERR,ERR,ERR,ERR,ERR,ERR,ERR,ERR,ERR,ERR,ERR,ERR,ERR,ERR,ERR,ERR,ERR,ERR,ERR,ERR,ERR,ERR,ERR,ERR,ERR,ERR,ERR,ERR,ERR,ERR,ERR,ERR,ERR,ERR,ERR,ERR,ERR,ERR,ERR,ERR,ERR,ERR,ERR,ERR,ERR,ERR,ERR,ERR,ERR,ERR,ERR,ERR,ERR,ERR,ERR,ERR,ERR,ERR,ERR,ERR,34.0,80.0,35,0.0,0.0,0.0,0.0,0.0,0.0,0.0,0.0,0.0,0.0,0.0,0.0,0.0,0.0,0.0,0.0,66.0,0,121,58,54,65476,0,300,0,0,8,20529,65476,0,0,57672,80.0,0.0,0.0,0.0,0.0,0.0
2026-06-18T02:00:06,ERR,ERR,ERR,ERR,ERR,ERR,ERR,ERR,ERR,ERR,ERR,ERR,ERR,ERR,ERR,ERR,ERR,ERR,ERR,ERR,ERR,ERR,ERR,ERR,ERR,ERR,ERR,ERR,ERR,ERR,ERR,ERR,ERR,ERR,ERR,ERR,ERR,ERR,ERR,ERR,ERR,ERR,ERR,ERR,ERR,ERR,ERR,ERR,ERR,ERR,ERR,ERR,ERR,ERR,ERR,ERR,ERR,ERR,ERR,ERR,ERR,ERR,ERR,ERR,ERR,ERR,ERR,ERR,ERR,ERR,ERR,ERR,ERR,ERR,ERR,ERR,ERR,ERR,ERR,ERR,ERR,ERR,ERR,ERR,ERR,ERR,ERR,ERR,ERR,ERR,ERR,ERR,ERR,ERR,ERR,ERR,ERR,ERR,ERR,ERR,ERR,ERR,ERR,ERR,ERR,ERR,ERR,ERR,ERR,ERR,ERR,ERR,ERR,ERR,ERR,ERR,ERR,ERR,ERR,ERR,ERR,ERR,ERR,ERR,ERR,-107615400.0,0.0,-134999232.0,2.718290229135658e+23,0.0,1.3936040501711995e+18,7.805,2.2722174697351414e+18,0,0,4,48855,6720,14723890282496.0,100,0.0,0.0,0.0,2.718290229135658e+23,0.0,0,0,0,0,0.0,0,0,0,0,0,0,0,0,0,0,0,0,0,0,0,0,0,0,0,0,0,0,0,0,0,0,0,0,0,0,0,0,0,26,51,50,76,65476,0,300,0,0,8,21553,0.0,-107605600.0,0.0,0.0,0.0,0.0,0.0,0.0,0.0,0.0,0.0,0.0,0.0,0.0,0.0,0.0,0.0,0.0,0.0,0.0,0.0,0.0,2.004,2.004,-0.0,0.0,0.0,0.0,0.0,0.0,4720.0,0.0,7296.0,-107615400.0,0.0,0.0,-0.0,0.0,0.0,0.0,0.0,77,-4.950429371599289e+32,0.0,0.0,0.0,0.0,0.0,0.0,0.0,0.0,0,0,0,0.0,0.0,0.0,0.0,0.0,0.0,0.0,0.0,0.0,0.0,0.0,0.0,0.0,0.0,0.0,0.0,0,-107875648.0,77,0.0,154,0.0,2.6533922776413385e+23,ERR,ERR,ERR,ERR,ERR,ERR,ERR,ERR,ERR,ERR,ERR,ERR,ERR,ERR,ERR,ERR,ERR,ERR,ERR,ERR,ERR,ERR,ERR,ERR,ERR,ERR,ERR,ERR,ERR,ERR,ERR,ERR,ERR,ERR,ERR,ERR,ERR,ERR,ERR,ERR,ERR,ERR,ERR,ERR,ERR,ERR,ERR,ERR,ERR,ERR,ERR,ERR,ERR,ERR,ERR,ERR,ERR,ERR,ERR,ERR,ERR,ERR,ERR,ERR,ERR,ERR,ERR,34.0,80.0,35,0.0,0.0,0.0,0.0,0.0,0.0,0.0,0.0,0.0,0.0,0.0,0.0,0.0,0.0,0.0,0.0,66.0,0,121,58,54,65476,0,300,0,0,8,20529,65476,0,0,57672,80.0,0.0,0.0,0.0,0.0,0.0
2026-06-18T02:00:07,ERR,ERR,ERR,ERR,ERR,ERR,ERR,ERR,ERR,ERR,ERR,ERR,ERR,ERR,ERR,ERR,ERR,ERR,ERR,ERR,ERR,ERR,ERR,ERR,ERR,ERR,ERR,ERR,ERR,ERR,ERR,ERR,ERR,ERR,ERR,ERR,ERR,ERR,ERR,ERR,ERR,ERR,ERR,ERR,ERR,ERR,ERR,ERR,ERR,ERR,ERR,ERR,ERR,ERR,ERR,ERR,ERR,ERR,ERR,ERR,ERR,ERR,ERR,ERR,ERR,ERR,ERR,ERR,ERR,ERR,ERR,ERR,ERR,ERR,ERR,ERR,ERR,ERR,ERR,ERR,ERR,ERR,ERR,ERR,ERR,ERR,ERR,ERR,ERR,ERR,ERR,ERR,ERR,ERR,ERR,ERR,ERR,ERR,ERR,ERR,ERR,ERR,ERR,ERR,ERR,ERR,ERR,ERR,ERR,ERR,ERR,ERR,ERR,ERR,ERR,ERR,ERR,ERR,ERR,ERR,ERR,ERR,ERR,ERR,ERR,-107615400.0,0.0,-134999232.0,-0.0,0.0,1.3936040501711995e+18,7.805,0.001,0,0,4,48857,6720,14723890282496.0,100,0.0,0.0,0.0,-152005385388032.0,0.0,0,0,0,0,0.0,0,0,0,0,0,0,0,0,0,0,0,0,0,0,0,0,0,0,0,0,0,0,0,0,0,0,0,0,0,0,0,0,0,26,51,50,76,65476,0,300,0,0,8,21553,0.0,-107605600.0,0.0,0.0,0.0,0.0,0.0,0.0,0.0,0.0,0.0,0.0,0.0,0.0,0.0,0.0,0.0,0.0,0.0,0.0,0.0,0.0,2.004,2.004,-0.0,0.0,0.0,0.0,0.0,0.0,4719.0,0.0,7299.0,-107615400.0,0.0,0.0,-0.0,0.0,0.0,0.0,0.0,77,-4.066880858845495e+29,89220.469,0.0,0.0,0.0,0.0,0.0,0.0,0.0,0,0,0,0.0,0.0,0.0,0.0,0.0,0.0,0.0,0.0,0.0,0.0,0.0,0.0,0.0,0.0,0.0,0.0,0,-107875648.0,77,0.0,154,0.0,2.6533922776413385e+23,ERR,ERR,ERR,ERR,ERR,ERR,ERR,ERR,ERR,ERR,ERR,ERR,ERR,ERR,ERR,ERR,ERR,ERR,ERR,ERR,ERR,ERR,ERR,ERR,ERR,ERR,ERR,ERR,ERR,ERR,ERR,ERR,ERR,ERR,ERR,ERR,ERR,ERR,ERR,ERR,ERR,ERR,ERR,ERR,ERR,ERR,ERR,ERR,ERR,ERR,ERR,ERR,ERR,ERR,ERR,ERR,ERR,ERR,ERR,ERR,ERR,ERR,ERR,ERR,ERR,ERR,ERR,34.0,80.0,35,0.0,0.0,0.0,0.0,0.0,0.0,0.0,0.0,0.0,0.0,0.0,0.0,0.0,0.0,0.0,0.0,66.4,0,121,58,54,65476,0,300,0,0,8,20529,65476,0,0,57672,80.0,0.0,0.0,0.0,0.0,0.0
2026-06-18T02:00:08,ERR,ERR,ERR,ERR,ERR,ERR,ERR,ERR,ERR,ERR,ERR,ERR,ERR,ERR,ERR,ERR,ERR,ERR,ERR,ERR,ERR,ERR,ERR,ERR,ERR,ERR,ERR,ERR,ERR,ERR,ERR,ERR,ERR,ERR,ERR,ERR,ERR,ERR,ERR,ERR,ERR,ERR,ERR,ERR,ERR,ERR,ERR,ERR,ERR,ERR,ERR,ERR,ERR,ERR,ERR,ERR,ERR,ERR,ERR,ERR,ERR,ERR,ERR,ERR,ERR,ERR,ERR,ERR,ERR,ERR,ERR,ERR,ERR,ERR,ERR,ERR,ERR,ERR,ERR,ERR,ERR,ERR,ERR,ERR,ERR,ERR,ERR,ERR,ERR,ERR,ERR,ERR,ERR,ERR,ERR,ERR,ERR,ERR,ERR,ERR,ERR,ERR,ERR,ERR,ERR,ERR,ERR,ERR,ERR,ERR,ERR,ERR,ERR,ERR,ERR,ERR,ERR,ERR,ERR,ERR,ERR,ERR,ERR,ERR,ERR,-107615400.0,0.0,-134999232.0,-0.0,0.0,1.3936040501711995e+18,7.805,0.001,0,0,4,48857,6720,14723890282496.0,100,0.0,0.0,0.0,-152005385388032.0,0.0,0,0,0,0,0.0,0,0,0,0,0,0,0,0,0,0,0,0,0,0,0,0,0,0,0,0,0,0,0,0,0,0,0,0,0,0,0,0,0,26,51,50,76,65476,0,300,0,0,8,21553,0.0,-107605600.0,0.0,0.0,0.0,0.0,0.0,0.0,0.0,0.0,0.0,0.0,0.0,0.0,0.0,0.0,0.0,0.0,0.0,0.0,0.0,0.0,2.004,2.004,-0.0,0.0,0.0,0.0,0.0,0.0,4719.0,0.0,7299.0,-107615400.0,0.0,0.0,-0.0,0.0,0.0,0.0,0.0,77,-4.066880858845495e+29,89220.469,0.0,0.0,0.0,0.0,0.0,0.0,0.0,0,0,0,0.0,0.0,0.0,0.0,0.0,0.0,0.0,0.0,0.0,0.0,0.0,0.0,0.0,0.0,0.0,0.0,0,-107875648.0,77,0.0,154,0.0,2.6533922776413385e+23,ERR,ERR,ERR,ERR,ERR,ERR,ERR,ERR,ERR,ERR,ERR,ERR,ERR,ERR,ERR,ERR,ERR,ERR,ERR,ERR,ERR,ERR,ERR,ERR,ERR,ERR,ERR,ERR,ERR,ERR,ERR,ERR,ERR,ERR,ERR,ERR,ERR,ERR,ERR,ERR,ERR,ERR,ERR,ERR,ERR,ERR,ERR,ERR,ERR,ERR,ERR,ERR,ERR,ERR,ERR,ERR,ERR,ERR,ERR,ERR,ERR,ERR,ERR,ERR,ERR,ERR,ERR,34.0,80.0,35,0.0,0.0,0.0,0.0,0.0,0.0,0.0,0.0,0.0,0.0,0.0,0.0,0.0,0.0,0.0,0.0,66.4,0,121,58,54,65476,0,300,0,0,8,20529,65476,0,0,57672,80.0,0.0,0.0,0.0,0.0,0.0
2026-06-18T02:00:09,ERR,ERR,ERR,ERR,ERR,ERR,ERR,ERR,ERR,ERR,ERR,ERR,ERR,ERR,ERR,ERR,ERR,ERR,ERR,ERR,ERR,ERR,ERR,ERR,ERR,ERR,ERR,ERR,ERR,ERR,ERR,ERR,ERR,ERR,ERR,ERR,ERR,ERR,ERR,ERR,ERR,ERR,ERR,ERR,ERR,ERR,ERR,ERR,ERR,ERR,ERR,ERR,ERR,ERR,ERR,ERR,ERR,ERR,ERR,ERR,ERR,ERR,ERR,ERR,ERR,ERR,ERR,ERR,ERR,ERR,ERR,ERR,ERR,ERR,ERR,ERR,ERR,ERR,ERR,ERR,ERR,ERR,ERR,ERR,ERR,ERR,ERR,ERR,ERR,ERR,ERR,ERR,ERR,ERR,ERR,ERR,ERR,ERR,ERR,ERR,ERR,ERR,ERR,ERR,ERR,ERR,ERR,ERR,ERR,ERR,ERR,ERR,ERR,ERR,ERR,ERR,ERR,ERR,ERR,ERR,ERR,ERR,ERR,ERR,ERR,-107615400.0,0.0,-134999232.0,-0.0,0.0,1.3936040501711995e+18,7.805,0.001,0,0,4,48857,6720,14723890282496.0,100,0.0,0.0,0.0,-152005385388032.0,0.0,0,0,0,0,0.0,0,0,0,0,0,0,0,0,0,0,0,0,0,0,0,0,0,0,0,0,0,0,0,0,0,0,0,0,0,0,0,0,0,26,51,50,76,65476,0,300,0,0,8,21553,0.0,-107605600.0,0.0,0.0,0.0,0.0,0.0,0.0,0.0,0.0,0.0,0.0,0.0,0.0,0.0,0.0,0.0,0.0,0.0,0.0,0.0,0.0,2.004,2.004,-0.0,0.0,0.0,0.0,0.0,0.0,4719.0,0.0,7299.0,-107615400.0,0.0,0.0,-0.0,0.0,0.0,0.0,0.0,77,-4.066880858845495e+29,89220.469,0.0,0.0,0.0,0.0,0.0,0.0,0.0,0,0,0,0.0,0.0,0.0,0.0,0.0,0.0,0.0,0.0,0.0,0.0,0.0,0.0,0.0,0.0,0.0,0.0,0,-107875648.0,77,0.0,154,0.0,2.6533922776413385e+23,ERR,ERR,ERR,ERR,ERR,ERR,ERR,ERR,ERR,ERR,ERR,ERR,ERR,ERR,ERR,ERR,ERR,ERR,ERR,ERR,ERR,ERR,ERR,ERR,ERR,ERR,ERR,ERR,ERR,ERR,ERR,ERR,ERR,ERR,ERR,ERR,ERR,ERR,ERR,ERR,ERR,ERR,ERR,ERR,ERR,ERR,ERR,ERR,ERR,ERR,ERR,ERR,ERR,ERR,ERR,ERR,ERR,ERR,ERR,ERR,ERR,ERR,ERR,ERR,ERR,ERR,ERR,34.0,80.0,35,0.0,0.0,0.0,0.0,0.0,0.0,0.0,0.0,0.0,0.0,0.0,0.0,0.0,0.0,0.0,0.0,66.4,0,121,58,54,65476,0,300,0,0,8,20529,65476,0,0,57672,80.0,0.0,0.0,0.0,0.0,0.0
2026-06-18T02:00:10,ERR,ERR,ERR,ERR,ERR,ERR,ERR,ERR,ERR,ERR,ERR,ERR,ERR,ERR,ERR,ERR,ERR,ERR,ERR,ERR,ERR,ERR,ERR,ERR,ERR,ERR,ERR,ERR,ERR,ERR,ERR,ERR,ERR,ERR,ERR,ERR,ERR,ERR,ERR,ERR,ERR,ERR,ERR,ERR,ERR,ERR,ERR,ERR,ERR,ERR,ERR,ERR,ERR,ERR,ERR,ERR,ERR,ERR,ERR,ERR,ERR,ERR,ERR,ERR,ERR,ERR,ERR,ERR,ERR,ERR,ERR,ERR,ERR,ERR,ERR,ERR,ERR,ERR,ERR,ERR,ERR,ERR,ERR,ERR,ERR,ERR,ERR,ERR,ERR,ERR,ERR,ERR,ERR,ERR,ERR,ERR,ERR,ERR,ERR,ERR,ERR,ERR,ERR,ERR,ERR,ERR,ERR,ERR,ERR,ERR,ERR,ERR,ERR,ERR,ERR,ERR,ERR,ERR,ERR,ERR,ERR,ERR,ERR,ERR,ERR,-107615400.0,0.0,-134999232.0,-0.0,0.0,1.3936040501711995e+18,7.805,0.001,0,0,4,48857,6720,14723890282496.0,100,0.0,0.0,0.0,-152005385388032.0,0.0,0,0,0,0,0.0,0,0,0,0,0,0,0,0,0,0,0,0,0,0,0,0,0,0,0,0,0,0,0,0,0,0,0,0,0,0,0,0,0,26,51,50,76,65476,0,300,0,0,8,21553,0.0,-107605600.0,0.0,0.0,0.0,0.0,0.0,0.0,0.0,0.0,0.0,0.0,0.0,0.0,0.0,0.0,0.0,0.0,0.0,0.0,0.0,0.0,2.004,2.004,-0.0,0.0,0.0,0.0,0.0,0.0,4719.0,0.0,7299.0,-107615400.0,0.0,0.0,-0.0,0.0,0.0,0.0,0.0,77,-4.066880858845495e+29,89220.469,0.0,0.0,0.0,0.0,0.0,0.0,0.0,0,0,0,0.0,0.0,0.0,0.0,0.0,0.0,0.0,0.0,0.0,0.0,0.0,0.0,0.0,0.0,0.0,0.0,0,-107875648.0,77,0.0,154,0.0,2.6533922776413385e+23,ERR,ERR,ERR,ERR,ERR,ERR,ERR,ERR,ERR,ERR,ERR,ERR,ERR,ERR,ERR,ERR,ERR,ERR,ERR,ERR,ERR,ERR,ERR,ERR,ERR,ERR,ERR,ERR,ERR,ERR,ERR,ERR,ERR,ERR,ERR,ERR,ERR,ERR,ERR,ERR,ERR,ERR,ERR,ERR,ERR,ERR,ERR,ERR,ERR,ERR,ERR,ERR,ERR,ERR,ERR,ERR,ERR,ERR,ERR,ERR,ERR,ERR,ERR,ERR,ERR,ERR,ERR,34.0,80.0,35,0.0,0.0,0.0,0.0,0.0,0.0,0.0,0.0,0.0,0.0,0.0,0.0,0.0,0.0,0.0,0.0,66.4,0,121,58,54,65476,0,300,0,0,8,20529,65476,0,0,57672,80.0,0.0,0.0,0.0,0.0,0.0
2026-06-18T02:00:11,ERR,ERR,ERR,ERR,ERR,ERR,ERR,ERR,ERR,ERR,ERR,ERR,ERR,ERR,ERR,ERR,ERR,ERR,ERR,ERR,ERR,ERR,ERR,ERR,ERR,ERR,ERR,ERR,ERR,ERR,ERR,ERR,ERR,ERR,ERR,ERR,ERR,ERR,ERR,ERR,ERR,ERR,ERR,ERR,ERR,ERR,ERR,ERR,ERR,ERR,ERR,ERR,ERR,ERR,ERR,ERR,ERR,ERR,ERR,ERR,ERR,ERR,ERR,ERR,ERR,ERR,ERR,ERR,ERR,ERR,ERR,ERR,ERR,ERR,ERR,ERR,ERR,ERR,ERR,ERR,ERR,ERR,ERR,ERR,ERR,ERR,ERR,ERR,ERR,ERR,ERR,ERR,ERR,ERR,ERR,ERR,ERR,ERR,ERR,ERR,ERR,ERR,ERR,ERR,ERR,ERR,ERR,ERR,ERR,ERR,ERR,ERR,ERR,ERR,ERR,ERR,ERR,ERR,ERR,ERR,ERR,ERR,ERR,ERR,ERR,-107615400.0,0.0,-134999232.0,-0.0,0.0,1.3936040501711995e+18,7.805,0.001,0,0,4,48857,6720,14723890282496.0,100,0.0,0.0,0.0,-152005385388032.0,0.0,0,0,0,0,0.0,0,0,0,0,0,0,0,0,0,0,0,0,0,0,0,0,0,0,0,0,0,0,0,0,0,0,0,0,0,0,0,0,0,26,51,50,76,65476,0,300,0,0,8,21553,0.0,-107605600.0,0.0,0.0,0.0,0.0,0.0,0.0,0.0,0.0,0.0,0.0,0.0,0.0,0.0,0.0,0.0,0.0,0.0,0.0,0.0,0.0,2.004,2.004,-0.0,0.0,0.0,0.0,0.0,0.0,4719.0,0.0,7299.0,-107615400.0,0.0,0.0,-0.0,0.0,0.0,0.0,0.0,77,-4.066880858845495e+29,89220.469,0.0,0.0,0.0,0.0,0.0,0.0,0.0,0,0,0,0.0,0.0,0.0,0.0,0.0,0.0,0.0,0.0,0.0,0.0,0.0,0.0,0.0,0.0,0.0,0.0,0,-107875648.0,77,0.0,154,0.0,2.6533922776413385e+23,ERR,ERR,ERR,ERR,ERR,ERR,ERR,ERR,ERR,ERR,ERR,ERR,ERR,ERR,ERR,ERR,ERR,ERR,ERR,ERR,ERR,ERR,ERR,ERR,ERR,ERR,ERR,ERR,ERR,ERR,ERR,ERR,ERR,ERR,ERR,ERR,ERR,ERR,ERR,ERR,ERR,ERR,ERR,ERR,ERR,ERR,ERR,ERR,ERR,ERR,ERR,ERR,ERR,ERR,ERR,ERR,ERR,ERR,ERR,ERR,ERR,ERR,ERR,ERR,ERR,ERR,ERR,34.0,80.0,35,0.0,0.0,0.0,0.0,0.0,0.0,0.0,0.0,0.0,0.0,0.0,0.0,0.0,0.0,0.0,0.0,66.0,0,121,58,54,65476,0,300,0,0,8,20529,65476,0,0,57672,80.0,0.0,0.0,0.0,0.0,0.0
2026-06-18T02:00:12,ERR,ERR,ERR,ERR,ERR,ERR,ERR,ERR,ERR,ERR,ERR,ERR,ERR,ERR,ERR,ERR,ERR,ERR,ERR,ERR,ERR,ERR,ERR,ERR,ERR,ERR,ERR,ERR,ERR,ERR,ERR,ERR,ERR,ERR,ERR,ERR,ERR,ERR,ERR,ERR,ERR,ERR,ERR,ERR,ERR,ERR,ERR,ERR,ERR,ERR,ERR,ERR,ERR,ERR,ERR,ERR,ERR,ERR,ERR,ERR,ERR,ERR,ERR,ERR,ERR,ERR,ERR,ERR,ERR,ERR,ERR,ERR,ERR,ERR,ERR,ERR,ERR,ERR,ERR,ERR,ERR,ERR,ERR,ERR,ERR,ERR,ERR,ERR,ERR,ERR,ERR,ERR,ERR,ERR,ERR,ERR,ERR,ERR,ERR,ERR,ERR,ERR,ERR,ERR,ERR,ERR,ERR,ERR,ERR,ERR,ERR,ERR,ERR,ERR,ERR,ERR,ERR,ERR,ERR,ERR,ERR,ERR,ERR,ERR,ERR,-107615400.0,0.0,-134999232.0,0.059,0.0,1.3936040501711995e+18,7.805,234.267,0,0,4,48857,6720,14723890282496.0,100,0.0,0.0,0.0,0.0,0.0,0,0,0,0,0.0,0,0,0,0,0,0,0,0,0,0,0,0,0,0,0,0,0,0,0,0,0,0,0,0,0,0,0,0,0,0,0,0,0,26,51,50,76,65476,0,300,0,0,8,21553,0.0,-107605600.0,0.0,0.0,0.0,0.0,0.0,0.0,0.0,0.0,0.0,0.0,0.0,0.0,0.0,0.0,0.0,0.0,0.0,0.0,0.0,0.0,2.004,2.004,-0.0,0.0,0.0,0.0,0.0,0.0,4725.0,0.0,7299.0,-107615400.0,0.0,0.0,-0.0,0.0,0.0,0.0,0.0,77,0.0,0.0,0.0,0.0,0.0,0.0,0.0,0.0,0.0,0,0,0,0.0,0.0,0.0,0.0,0.0,0.0,0.0,0.0,0.0,0.0,0.0,0.0,0.0,0.0,0.0,0.0,0,-107875648.0,77,0.0,154,0.0,2.6533922776413385e+23,ERR,ERR,ERR,ERR,ERR,ERR,ERR,ERR,ERR,ERR,ERR,ERR,ERR,ERR,ERR,ERR,ERR,ERR,ERR,ERR,ERR,ERR,ERR,ERR,ERR,ERR,ERR,ERR,ERR,ERR,ERR,ERR,ERR,ERR,ERR,ERR,ERR,ERR,ERR,ERR,ERR,ERR,ERR,ERR,ERR,ERR,ERR,ERR,ERR,ERR,ERR,ERR,ERR,ERR,ERR,ERR,ERR,ERR,ERR,ERR,ERR,ERR,ERR,ERR,ERR,ERR,ERR,34.0,80.0,35,0.0,0.0,0.0,0.0,0.0,0.0,0.0,0.0,0.0,0.0,0.0,0.0,0.0,0.0,0.0,0.0,66.0,0,121,58,54,65476,0,300,0,0,8,20529,65476,0,0,57672,80.0,0.0,0.0,0.0,0.0,0.0
2026-06-18T02:00:13,ERR,ERR,ERR,ERR,ERR,ERR,ERR,ERR,ERR,ERR,ERR,ERR,ERR,ERR,ERR,ERR,ERR,ERR,ERR,ERR,ERR,ERR,ERR,ERR,ERR,ERR,ERR,ERR,ERR,ERR,ERR,ERR,ERR,ERR,ERR,ERR,ERR,ERR,ERR,ERR,ERR,ERR,ERR,ERR,ERR,ERR,ERR,ERR,ERR,ERR,ERR,ERR,ERR,ERR,ERR,ERR,ERR,ERR,ERR,ERR,ERR,ERR,ERR,ERR,ERR,ERR,ERR,ERR,ERR,ERR,ERR,ERR,ERR,ERR,ERR,ERR,ERR,ERR,ERR,ERR,ERR,ERR,ERR,ERR,ERR,ERR,ERR,ERR,ERR,ERR,ERR,ERR,ERR,ERR,ERR,ERR,ERR,ERR,ERR,ERR,ERR,ERR,ERR,ERR,ERR,ERR,ERR,ERR,ERR,ERR,ERR,ERR,ERR,ERR,ERR,ERR,ERR,ERR,ERR,ERR,ERR,ERR,ERR,ERR,ERR,-107615400.0,0.0,-134999232.0,0.059,0.0,1.3936040501711995e+18,7.805,234.267,0,0,4,48857,6720,14723890282496.0,100,0.0,0.0,0.0,0.0,0.0,0,0,0,0,0.0,0,0,0,0,0,0,0,0,0,0,0,0,0,0,0,0,0,0,0,0,0,0,0,0,0,0,0,0,0,0,0,0,0,26,51,50,76,65476,0,300,0,0,8,21553,0.0,-107605600.0,0.0,0.0,0.0,0.0,0.0,0.0,0.0,0.0,0.0,0.0,0.0,0.0,0.0,0.0,0.0,0.0,0.0,0.0,0.0,0.0,2.004,2.004,-0.0,0.0,0.0,0.0,0.0,0.0,4725.0,0.0,7299.0,-107615400.0,0.0,0.0,-0.0,0.0,0.0,0.0,0.0,77,0.0,0.0,0.0,0.0,0.0,0.0,0.0,0.0,0.0,0,0,0,0.0,0.0,0.0,0.0,0.0,0.0,0.0,0.0,0.0,0.0,0.0,0.0,0.0,0.0,0.0,0.0,0,-107875648.0,77,0.0,154,0.0,2.6533922776413385e+23,ERR,ERR,ERR,ERR,ERR,ERR,ERR,ERR,ERR,ERR,ERR,ERR,ERR,ERR,ERR,ERR,ERR,ERR,ERR,ERR,ERR,ERR,ERR,ERR,ERR,ERR,ERR,ERR,ERR,ERR,ERR,ERR,ERR,ERR,ERR,ERR,ERR,ERR,ERR,ERR,ERR,ERR,ERR,ERR,ERR,ERR,ERR,ERR,ERR,ERR,ERR,ERR,ERR,ERR,ERR,ERR,ERR,ERR,ERR,ERR,ERR,ERR,ERR,ERR,ERR,ERR,ERR,34.0,80.0,35,0.0,0.0,0.0,0.0,0.0,0.0,0.0,0.0,0.0,0.0,0.0,0.0,0.0,0.0,0.0,0.0,66.0,0,121,58,54,65476,0,300,0,0,8,20529,65476,0,0,57672,80.0,0.0,0.0,0.0,0.0,0.0
2026-06-18T02:00:14,ERR,ERR,ERR,ERR,ERR,ERR,ERR,ERR,ERR,ERR,ERR,ERR,ERR,ERR,ERR,ERR,ERR,ERR,ERR,ERR,ERR,ERR,ERR,ERR,ERR,ERR,ERR,ERR,ERR,ERR,ERR,ERR,ERR,ERR,ERR,ERR,ERR,ERR,ERR,ERR,ERR,ERR,ERR,ERR,ERR,ERR,ERR,ERR,ERR,ERR,ERR,ERR,ERR,ERR,ERR,ERR,ERR,ERR,ERR,ERR,ERR,ERR,ERR,ERR,ERR,ERR,ERR,ERR,ERR,ERR,ERR,ERR,ERR,ERR,ERR,ERR,ERR,ERR,ERR,ERR,ERR,ERR,ERR,ERR,ERR,ERR,ERR,ERR,ERR,ERR,ERR,ERR,ERR,ERR,ERR,ERR,ERR,ERR,ERR,ERR,ERR,ERR,ERR,ERR,ERR,ERR,ERR,ERR,ERR,ERR,ERR,ERR,ERR,ERR,ERR,ERR,ERR,ERR,ERR,ERR,ERR,ERR,ERR,ERR,ERR,-107615400.0,0.0,-134999232.0,0.059,0.0,1.3936040501711995e+18,7.805,234.267,0,0,4,48857,6720,14723890282496.0,100,0.0,0.0,0.0,0.0,0.0,0,0,0,0,0.0,0,0,0,0,0,0,0,0,0,0,0,0,0,0,0,0,0,0,0,0,0,0,0,0,0,0,0,0,0,0,0,0,0,26,51,50,76,65476,0,300,0,0,8,21553,0.0,-107605600.0,0.0,0.0,0.0,0.0,0.0,0.0,0.0,0.0,0.0,0.0,0.0,0.0,0.0,0.0,0.0,0.0,0.0,0.0,0.0,0.0,2.004,2.004,-0.0,0.0,0.0,0.0,0.0,0.0,4725.0,0.0,7299.0,-107615400.0,0.0,0.0,-0.0,0.0,0.0,0.0,0.0,77,0.0,0.0,0.0,0.0,0.0,0.0,0.0,0.0,0.0,0,0,0,0.0,0.0,0.0,0.0,0.0,0.0,0.0,0.0,0.0,0.0,0.0,0.0,0.0,0.0,0.0,0.0,0,-107875648.0,77,0.0,154,0.0,2.6533922776413385e+23,ERR,ERR,ERR,ERR,ERR,ERR,ERR,ERR,ERR,ERR,ERR,ERR,ERR,ERR,ERR,ERR,ERR,ERR,ERR,ERR,ERR,ERR,ERR,ERR,ERR,ERR,ERR,ERR,ERR,ERR,ERR,ERR,ERR,ERR,ERR,ERR,ERR,ERR,ERR,ERR,ERR,ERR,ERR,ERR,ERR,ERR,ERR,ERR,ERR,ERR,ERR,ERR,ERR,ERR,ERR,ERR,ERR,ERR,ERR,ERR,ERR,ERR,ERR,ERR,ERR,ERR,ERR,34.0,80.0,35,0.0,0.0,0.0,0.0,0.0,0.0,0.0,0.0,0.0,0.0,0.0,0.0,0.0,0.0,0.0,0.0,66.0,0,121,58,54,65476,0,300,0,0,8,20529,65476,0,0,57672,80.0,0.0,0.0,0.0,0.0,0.0
2026-06-18T02:00:15,ERR,ERR,ERR,ERR,ERR,ERR,ERR,ERR,ERR,ERR,ERR,ERR,ERR,ERR,ERR,ERR,ERR,ERR,ERR,ERR,ERR,ERR,ERR,ERR,ERR,ERR,ERR,ERR,ERR,ERR,ERR,ERR,ERR,ERR,ERR,ERR,ERR,ERR,ERR,ERR,ERR,ERR,ERR,ERR,ERR,ERR,ERR,ERR,ERR,ERR,ERR,ERR,ERR,ERR,ERR,ERR,ERR,ERR,ERR,ERR,ERR,ERR,ERR,ERR,ERR,ERR,ERR,ERR,ERR,ERR,ERR,ERR,ERR,ERR,ERR,ERR,ERR,ERR,ERR,ERR,ERR,ERR,ERR,ERR,ERR,ERR,ERR,ERR,ERR,ERR,ERR,ERR,ERR,ERR,ERR,ERR,ERR,ERR,ERR,ERR,ERR,ERR,ERR,ERR,ERR,ERR,ERR,ERR,ERR,ERR,ERR,ERR,ERR,ERR,ERR,ERR,ERR,ERR,ERR,ERR,ERR,ERR,ERR,ERR,ERR,-107615400.0,0.0,-134999232.0,0.059,0.0,1.3936040501711995e+18,7.805,234.267,0,0,4,48857,6720,14723890282496.0,100,0.0,0.0,0.0,0.0,0.0,0,0,0,0,0.0,0,0,0,0,0,0,0,0,0,0,0,0,0,0,0,0,0,0,0,0,0,0,0,0,0,0,0,0,0,0,0,0,0,26,51,50,76,65476,0,300,0,0,8,21553,0.0,-107605600.0,0.0,0.0,0.0,0.0,0.0,0.0,0.0,0.0,0.0,0.0,0.0,0.0,0.0,0.0,0.0,0.0,0.0,0.0,0.0,0.0,2.004,2.004,-0.0,0.0,0.0,0.0,0.0,0.0,4725.0,0.0,7299.0,-107615400.0,0.0,0.0,-0.0,0.0,0.0,0.0,0.0,77,0.0,0.0,0.0,0.0,0.0,0.0,0.0,0.0,0.0,0,0,0,0.0,0.0,0.0,0.0,0.0,0.0,0.0,0.0,0.0,0.0,0.0,0.0,0.0,0.0,0.0,0.0,0,-107875648.0,77,0.0,154,0.0,2.6533922776413385e+23,ERR,ERR,ERR,ERR,ERR,ERR,ERR,ERR,ERR,ERR,ERR,ERR,ERR,ERR,ERR,ERR,ERR,ERR,ERR,ERR,ERR,ERR,ERR,ERR,ERR,ERR,ERR,ERR,ERR,ERR,ERR,ERR,ERR,ERR,ERR,ERR,ERR,ERR,ERR,ERR,ERR,ERR,ERR,ERR,ERR,ERR,ERR,ERR,ERR,ERR,ERR,ERR,ERR,ERR,ERR,ERR,ERR,ERR,ERR,ERR,ERR,ERR,ERR,ERR,ERR,ERR,ERR,34.0,80.0,35,0.0,0.0,0.0,0.0,0.0,0.0,0.0,0.0,0.0,0.0,0.0,0.0,0.0,0.0,0.0,0.0,66.0,0,121,58,54,65476,0,300,0,0,8,20529,65476,0,0,57672,80.0,0.0,0.0,0.0,0.0,0.0
2026-06-18T02:00:16,ERR,ERR,ERR,ERR,ERR,ERR,ERR,ERR,ERR,ERR,ERR,ERR,ERR,ERR,ERR,ERR,ERR,ERR,ERR,ERR,ERR,ERR,ERR,ERR,ERR,ERR,ERR,ERR,ERR,ERR,ERR,ERR,ERR,ERR,ERR,ERR,ERR,ERR,ERR,ERR,ERR,ERR,ERR,ERR,ERR,ERR,ERR,ERR,ERR,ERR,ERR,ERR,ERR,ERR,ERR,ERR,ERR,ERR,ERR,ERR,ERR,ERR,ERR,ERR,ERR,ERR,ERR,ERR,ERR,ERR,ERR,ERR,ERR,ERR,ERR,ERR,ERR,ERR,ERR,ERR,ERR,ERR,ERR,ERR,ERR,ERR,ERR,ERR,ERR,ERR,ERR,ERR,ERR,ERR,ERR,ERR,ERR,ERR,ERR,ERR,ERR,ERR,ERR,ERR,ERR,ERR,ERR,ERR,ERR,ERR,ERR,ERR,ERR,ERR,ERR,ERR,ERR,ERR,ERR,ERR,ERR,ERR,ERR,ERR,ERR,-107615400.0,0.0,-134999232.0,0.059,0.0,1.3936040501711995e+18,7.805,234.267,0,0,4,48857,6720,14723890282496.0,100,0.0,0.0,0.0,0.0,0.0,0,0,0,0,0.0,0,0,0,0,0,0,0,0,0,0,0,0,0,0,0,0,0,0,0,0,0,0,0,0,0,0,0,0,0,0,0,0,0,26,51,50,76,65476,0,300,0,0,8,21553,0.0,-107605600.0,0.0,0.0,0.0,0.0,0.0,0.0,0.0,0.0,0.0,0.0,0.0,0.0,0.0,0.0,0.0,0.0,0.0,0.0,0.0,0.0,2.004,2.004,-0.0,0.0,0.0,0.0,0.0,0.0,4725.0,0.0,7299.0,-107615400.0,0.0,0.0,-0.0,0.0,0.0,0.0,0.0,77,0.0,0.0,0.0,0.0,0.0,0.0,0.0,0.0,0.0,0,0,0,0.0,0.0,0.0,0.0,0.0,0.0,0.0,0.0,0.0,0.0,0.0,0.0,0.0,0.0,0.0,0.0,0,-107875648.0,77,0.0,154,0.0,2.6533922776413385e+23,ERR,ERR,ERR,ERR,ERR,ERR,ERR,ERR,ERR,ERR,ERR,ERR,ERR,ERR,ERR,ERR,ERR,ERR,ERR,ERR,ERR,ERR,ERR,ERR,ERR,ERR,ERR,ERR,ERR,ERR,ERR,ERR,ERR,ERR,ERR,ERR,ERR,ERR,ERR,ERR,ERR,ERR,ERR,ERR,ERR,ERR,ERR,ERR,ERR,ERR,ERR,ERR,ERR,ERR,ERR,ERR,ERR,ERR,ERR,ERR,ERR,ERR,ERR,ERR,ERR,ERR,ERR,34.0,80.0,35,0.0,0.0,0.0,0.0,0.0,0.0,0.0,0.0,0.0,0.0,0.0,0.0,0.0,0.0,0.0,0.0,66.0,0,121,58,54,65476,0,300,0,0,8,20529,65476,0,0,57672,80.0,0.0,0.0,0.0,0.0,0.0
2026-06-18T02:00:17,ERR,ERR,ERR,ERR,ERR,ERR,ERR,ERR,ERR,ERR,ERR,ERR,ERR,ERR,ERR,ERR,ERR,ERR,ERR,ERR,ERR,ERR,ERR,ERR,ERR,ERR,ERR,ERR,ERR,ERR,ERR,ERR,ERR,ERR,ERR,ERR,ERR,ERR,ERR,ERR,ERR,ERR,ERR,ERR,ERR,ERR,ERR,ERR,ERR,ERR,ERR,ERR,ERR,ERR,ERR,ERR,ERR,ERR,ERR,ERR,ERR,ERR,ERR,ERR,ERR,ERR,ERR,ERR,ERR,ERR,ERR,ERR,ERR,ERR,ERR,ERR,ERR,ERR,ERR,ERR,ERR,ERR,ERR,ERR,ERR,ERR,ERR,ERR,ERR,ERR,ERR,ERR,ERR,ERR,ERR,ERR,ERR,ERR,ERR,ERR,ERR,ERR,ERR,ERR,ERR,ERR,ERR,ERR,ERR,ERR,ERR,ERR,ERR,ERR,ERR,ERR,ERR,ERR,ERR,ERR,ERR,ERR,ERR,ERR,ERR,-107615400.0,0.0,-134999232.0,-107609184.0,0.0,1.3936040501711995e+18,7.805,0.0,0,0,4,48852,6720,14723890282496.0,100,0.0,0.0,0.0,-107609184.0,0.0,0,0,0,0,0.0,0,0,0,0,0,0,0,0,0,0,0,0,0,0,0,0,0,0,0,0,0,0,0,0,0,0,0,0,0,0,0,0,0,26,51,50,76,65476,0,300,0,0,8,21553,0.0,-107605600.0,0.0,0.0,0.0,0.0,0.0,0.0,0.0,0.0,0.0,0.0,0.0,0.0,0.0,0.0,0.0,0.0,0.0,0.0,0.0,0.0,2.004,2.004,-0.0,0.0,0.0,0.0,0.0,0.0,4724.0,0.0,7298.0,-107615400.0,0.0,0.0,-0.0,0.0,0.0,0.0,0.0,77,0.0,89220.469,0.0,0.0,0.0,0.0,0.0,0.0,0.0,0,0,0,0.0,0.0,0.0,0.0,0.0,0.0,0.0,0.0,0.0,0.0,0.0,0.0,0.0,0.0,0.0,0.0,0,-107875648.0,77,0.0,154,0.0,2.6533922776413385e+23,ERR,ERR,ERR,ERR,ERR,ERR,ERR,ERR,ERR,ERR,ERR,ERR,ERR,ERR,ERR,ERR,ERR,ERR,ERR,ERR,ERR,ERR,ERR,ERR,ERR,ERR,ERR,ERR,ERR,ERR,ERR,ERR,ERR,ERR,ERR,ERR,ERR,ERR,ERR,ERR,ERR,ERR,ERR,ERR,ERR,ERR,ERR,ERR,ERR,ERR,ERR,ERR,ERR,ERR,ERR,ERR,ERR,ERR,ERR,ERR,ERR,ERR,ERR,ERR,ERR,ERR,ERR,34.0,80.0,35,0.0,0.0,0.0,0.0,0.0,0.0,0.0,0.0,0.0,0.0,0.0,0.0,0.0,0.0,0.0,0.0,66.0,0,121,58,54,65476,0,300,0,0,8,20529,65476,0,0,57672,80.0,0.0,0.0,0.0,0.0,0.0
2026-06-18T02:00:18,ERR,ERR,ERR,ERR,ERR,ERR,ERR,ERR,ERR,ERR,ERR,ERR,ERR,ERR,ERR,ERR,ERR,ERR,ERR,ERR,ERR,ERR,ERR,ERR,ERR,ERR,ERR,ERR,ERR,ERR,ERR,ERR,ERR,ERR,ERR,ERR,ERR,ERR,ERR,ERR,ERR,ERR,ERR,ERR,ERR,ERR,ERR,ERR,ERR,ERR,ERR,ERR,ERR,ERR,ERR,ERR,ERR,ERR,ERR,ERR,ERR,ERR,ERR,ERR,ERR,ERR,ERR,ERR,ERR,ERR,ERR,ERR,ERR,ERR,ERR,ERR,ERR,ERR,ERR,ERR,ERR,ERR,ERR,ERR,ERR,ERR,ERR,ERR,ERR,ERR,ERR,ERR,ERR,ERR,ERR,ERR,ERR,ERR,ERR,ERR,ERR,ERR,ERR,ERR,ERR,ERR,ERR,ERR,ERR,ERR,ERR,ERR,ERR,ERR,ERR,ERR,ERR,ERR,ERR,ERR,ERR,ERR,ERR,ERR,ERR,-107615400.0,0.0,-134999232.0,-107609184.0,0.0,1.3936040501711995e+18,7.805,0.0,0,0,4,48852,6720,14723890282496.0,100,0.0,0.0,0.0,-107609184.0,0.0,0,0,0,0,0.0,0,0,0,0,0,0,0,0,0,0,0,0,0,0,0,0,0,0,0,0,0,0,0,0,0,0,0,0,0,0,0,0,0,26,51,50,76,65476,0,300,0,0,8,21553,0.0,-107605600.0,0.0,0.0,0.0,0.0,0.0,0.0,0.0,0.0,0.0,0.0,0.0,0.0,0.0,0.0,0.0,0.0,0.0,0.0,0.0,0.0,2.004,2.004,-0.0,0.0,0.0,0.0,0.0,0.0,4724.0,0.0,7298.0,-107615400.0,0.0,0.0,-0.0,0.0,0.0,0.0,0.0,77,0.0,89220.469,0.0,0.0,0.0,0.0,0.0,0.0,0.0,0,0,0,0.0,0.0,0.0,0.0,0.0,0.0,0.0,0.0,0.0,0.0,0.0,0.0,0.0,0.0,0.0,0.0,0,-107875648.0,77,0.0,154,0.0,2.6533922776413385e+23,ERR,ERR,ERR,ERR,ERR,ERR,ERR,ERR,ERR,ERR,ERR,ERR,ERR,ERR,ERR,ERR,ERR,ERR,ERR,ERR,ERR,ERR,ERR,ERR,ERR,ERR,ERR,ERR,ERR,ERR,ERR,ERR,ERR,ERR,ERR,ERR,ERR,ERR,ERR,ERR,ERR,ERR,ERR,ERR,ERR,ERR,ERR,ERR,ERR,ERR,ERR,ERR,ERR,ERR,ERR,ERR,ERR,ERR,ERR,ERR,ERR,ERR,ERR,ERR,ERR,ERR,ERR,34.0,80.0,35,0.0,0.0,0.0,0.0,0.0,0.0,0.0,0.0,0.0,0.0,0.0,0.0,0.0,0.0,0.0,0.0,66.0,0,121,58,54,65476,0,300,0,0,8,20529,65476,0,0,57672,80.0,0.0,0.0,0.0,0.0,0.0
2026-06-18T02:00:19,ERR,ERR,ERR,ERR,ERR,ERR,ERR,ERR,ERR,ERR,ERR,ERR,ERR,ERR,ERR,ERR,ERR,ERR,ERR,ERR,ERR,ERR,ERR,ERR,ERR,ERR,ERR,ERR,ERR,ERR,ERR,ERR,ERR,ERR,ERR,ERR,ERR,ERR,ERR,ERR,ERR,ERR,ERR,ERR,ERR,ERR,ERR,ERR,ERR,ERR,ERR,ERR,ERR,ERR,ERR,ERR,ERR,ERR,ERR,ERR,ERR,ERR,ERR,ERR,ERR,ERR,ERR,ERR,ERR,ERR,ERR,ERR,ERR,ERR,ERR,ERR,ERR,ERR,ERR,ERR,ERR,ERR,ERR,ERR,ERR,ERR,ERR,ERR,ERR,ERR,ERR,ERR,ERR,ERR,ERR,ERR,ERR,ERR,ERR,ERR,ERR,ERR,ERR,ERR,ERR,ERR,ERR,ERR,ERR,ERR,ERR,ERR,ERR,ERR,ERR,ERR,ERR,ERR,ERR,ERR,ERR,ERR,ERR,ERR,ERR,-107615400.0,0.0,-134999232.0,-107609184.0,0.0,1.3936040501711995e+18,7.805,0.0,0,0,4,48852,6720,14723890282496.0,100,0.0,0.0,0.0,-107609184.0,0.0,0,0,0,0,0.0,0,0,0,0,0,0,0,0,0,0,0,0,0,0,0,0,0,0,0,0,0,0,0,0,0,0,0,0,0,0,0,0,0,26,51,50,76,65476,0,300,0,0,8,21553,0.0,-107605600.0,0.0,0.0,0.0,0.0,0.0,0.0,0.0,0.0,0.0,0.0,0.0,0.0,0.0,0.0,0.0,0.0,0.0,0.0,0.0,0.0,2.004,2.004,-0.0,0.0,0.0,0.0,0.0,0.0,4724.0,0.0,7298.0,-107615400.0,0.0,0.0,-0.0,0.0,0.0,0.0,0.0,77,0.0,89220.469,0.0,0.0,0.0,0.0,0.0,0.0,0.0,0,0,0,0.0,0.0,0.0,0.0,0.0,0.0,0.0,0.0,0.0,0.0,0.0,0.0,0.0,0.0,0.0,0.0,0,-107875648.0,77,0.0,154,0.0,2.6533922776413385e+23,ERR,ERR,ERR,ERR,ERR,ERR,ERR,ERR,ERR,ERR,ERR,ERR,ERR,ERR,ERR,ERR,ERR,ERR,ERR,ERR,ERR,ERR,ERR,ERR,ERR,ERR,ERR,ERR,ERR,ERR,ERR,ERR,ERR,ERR,ERR,ERR,ERR,ERR,ERR,ERR,ERR,ERR,ERR,ERR,ERR,ERR,ERR,ERR,ERR,ERR,ERR,ERR,ERR,ERR,ERR,ERR,ERR,ERR,ERR,ERR,ERR,ERR,ERR,ERR,ERR,ERR,ERR,34.0,80.0,35,0.0,0.0,0.0,0.0,0.0,0.0,0.0,0.0,0.0,0.0,0.0,0.0,0.0,0.0,0.0,0.0,66.0,0,121,58,54,65476,0,300,0,0,8,20529,65476,0,0,57672,80.0,0.0,0.0,0.0,0.0,0.0
2026-06-18T02:00:20,ERR,ERR,ERR,ERR,ERR,ERR,ERR,ERR,ERR,ERR,ERR,ERR,ERR,ERR,ERR,ERR,ERR,ERR,ERR,ERR,ERR,ERR,ERR,ERR,ERR,ERR,ERR,ERR,ERR,ERR,ERR,ERR,ERR,ERR,ERR,ERR,ERR,ERR,ERR,ERR,ERR,ERR,ERR,ERR,ERR,ERR,ERR,ERR,ERR,ERR,ERR,ERR,ERR,ERR,ERR,ERR,ERR,ERR,ERR,ERR,ERR,ERR,ERR,ERR,ERR,ERR,ERR,ERR,ERR,ERR,ERR,ERR,ERR,ERR,ERR,ERR,ERR,ERR,ERR,ERR,ERR,ERR,ERR,ERR,ERR,ERR,ERR,ERR,ERR,ERR,ERR,ERR,ERR,ERR,ERR,ERR,ERR,ERR,ERR,ERR,ERR,ERR,ERR,ERR,ERR,ERR,ERR,ERR,ERR,ERR,ERR,ERR,ERR,ERR,ERR,ERR,ERR,ERR,ERR,ERR,ERR,ERR,ERR,ERR,ERR,-107615400.0,0.0,-134999232.0,-107609184.0,0.0,1.3936040501711995e+18,7.805,0.0,0,0,4,48852,6720,14723890282496.0,100,0.0,0.0,0.0,-107609184.0,0.0,0,0,0,0,0.0,0,0,0,0,0,0,0,0,0,0,0,0,0,0,0,0,0,0,0,0,0,0,0,0,0,0,0,0,0,0,0,0,0,26,51,50,76,65476,0,300,0,0,8,21553,0.0,-107605600.0,0.0,0.0,0.0,0.0,0.0,0.0,0.0,0.0,0.0,0.0,0.0,0.0,0.0,0.0,0.0,0.0,0.0,0.0,0.0,0.0,2.004,2.004,-0.0,0.0,0.0,0.0,0.0,0.0,4724.0,0.0,7298.0,-107615400.0,0.0,0.0,-0.0,0.0,0.0,0.0,0.0,77,0.0,89220.469,0.0,0.0,0.0,0.0,0.0,0.0,0.0,0,0,0,0.0,0.0,0.0,0.0,0.0,0.0,0.0,0.0,0.0,0.0,0.0,0.0,0.0,0.0,0.0,0.0,0,-107875648.0,77,0.0,154,0.0,2.6533922776413385e+23,ERR,ERR,ERR,ERR,ERR,ERR,ERR,ERR,ERR,ERR,ERR,ERR,ERR,ERR,ERR,ERR,ERR,ERR,ERR,ERR,ERR,ERR,ERR,ERR,ERR,ERR,ERR,ERR,ERR,ERR,ERR,ERR,ERR,ERR,ERR,ERR,ERR,ERR,ERR,ERR,ERR,ERR,ERR,ERR,ERR,ERR,ERR,ERR,ERR,ERR,ERR,ERR,ERR,ERR,ERR,ERR,ERR,ERR,ERR,ERR,ERR,ERR,ERR,ERR,ERR,ERR,ERR,34.0,80.0,35,0.0,0.0,0.0,0.0,0.0,0.0,0.0,0.0,0.0,0.0,0.0,0.0,0.0,0.0,0.0,0.0,66.4,0,121,58,54,65476,0,300,0,0,8,20529,65476,0,0,57672,80.0,0.0,0.0,0.0,0.0,0.0
2026-06-18T02:00:21,ERR,ERR,ERR,ERR,ERR,ERR,ERR,ERR,ERR,ERR,ERR,ERR,ERR,ERR,ERR,ERR,ERR,ERR,ERR,ERR,ERR,ERR,ERR,ERR,ERR,ERR,ERR,ERR,ERR,ERR,ERR,ERR,ERR,ERR,ERR,ERR,ERR,ERR,ERR,ERR,ERR,ERR,ERR,ERR,ERR,ERR,ERR,ERR,ERR,ERR,ERR,ERR,ERR,ERR,ERR,ERR,ERR,ERR,ERR,ERR,ERR,ERR,ERR,ERR,ERR,ERR,ERR,ERR,ERR,ERR,ERR,ERR,ERR,ERR,ERR,ERR,ERR,ERR,ERR,ERR,ERR,ERR,ERR,ERR,ERR,ERR,ERR,ERR,ERR,ERR,ERR,ERR,ERR,ERR,ERR,ERR,ERR,ERR,ERR,ERR,ERR,ERR,ERR,ERR,ERR,ERR,ERR,ERR,ERR,ERR,ERR,ERR,ERR,ERR,ERR,ERR,ERR,ERR,ERR,ERR,ERR,ERR,ERR,ERR,ERR,-107615400.0,0.0,-134999232.0,-107609184.0,0.0,1.3936040501711995e+18,7.805,0.0,0,0,4,48852,6720,14723890282496.0,100,0.0,0.0,0.0,-107609184.0,0.0,0,0,0,0,0.0,0,0,0,0,0,0,0,0,0,0,0,0,0,0,0,0,0,0,0,0,0,0,0,0,0,0,0,0,0,0,0,0,0,26,51,50,76,65476,0,300,0,0,8,21553,0.0,-107605600.0,0.0,0.0,0.0,0.0,0.0,0.0,0.0,0.0,0.0,0.0,0.0,0.0,0.0,0.0,0.0,0.0,0.0,0.0,0.0,0.0,2.004,2.004,-0.0,0.0,0.0,0.0,0.0,0.0,4724.0,0.0,7298.0,-107615400.0,0.0,0.0,-0.0,0.0,0.0,0.0,0.0,77,0.0,89220.469,0.0,0.0,0.0,0.0,0.0,0.0,0.0,0,0,0,0.0,0.0,0.0,0.0,0.0,0.0,0.0,0.0,0.0,0.0,0.0,0.0,0.0,0.0,0.0,0.0,0,-107875648.0,77,0.0,154,0.0,2.6533922776413385e+23,ERR,ERR,ERR,ERR,ERR,ERR,ERR,ERR,ERR,ERR,ERR,ERR,ERR,ERR,ERR,ERR,ERR,ERR,ERR,ERR,ERR,ERR,ERR,ERR,ERR,ERR,ERR,ERR,ERR,ERR,ERR,ERR,ERR,ERR,ERR,ERR,ERR,ERR,ERR,ERR,ERR,ERR,ERR,ERR,ERR,ERR,ERR,ERR,ERR,ERR,ERR,ERR,ERR,ERR,ERR,ERR,ERR,ERR,ERR,ERR,ERR,ERR,ERR,ERR,ERR,ERR,ERR,34.0,80.0,35,0.0,0.0,0.0,0.0,0.0,0.0,0.0,0.0,0.0,0.0,0.0,0.0,0.0,0.0,0.0,0.0,66.4,0,121,58,54,65476,0,300,0,0,8,20529,65476,0,0,57672,80.0,0.0,0.0,0.0,0.0,0.0
2026-06-18T02:00:22,ERR,ERR,ERR,ERR,ERR,ERR,ERR,ERR,ERR,ERR,ERR,ERR,ERR,ERR,ERR,ERR,ERR,ERR,ERR,ERR,ERR,ERR,ERR,ERR,ERR,ERR,ERR,ERR,ERR,ERR,ERR,ERR,ERR,ERR,ERR,ERR,ERR,ERR,ERR,ERR,ERR,ERR,ERR,ERR,ERR,ERR,ERR,ERR,ERR,ERR,ERR,ERR,ERR,ERR,ERR,ERR,ERR,ERR,ERR,ERR,ERR,ERR,ERR,ERR,ERR,ERR,ERR,ERR,ERR,ERR,ERR,ERR,ERR,ERR,ERR,ERR,ERR,ERR,ERR,ERR,ERR,ERR,ERR,ERR,ERR,ERR,ERR,ERR,ERR,ERR,ERR,ERR,ERR,ERR,ERR,ERR,ERR,ERR,ERR,ERR,ERR,ERR,ERR,ERR,ERR,ERR,ERR,ERR,ERR,ERR,ERR,ERR,ERR,ERR,ERR,ERR,ERR,ERR,ERR,ERR,ERR,ERR,ERR,ERR,ERR,-107615400.0,0.0,-134999232.0,-0.0,0.0,1.3936040501711995e+18,7.805,0.001,0,0,4,48859,6720,14723890282496.0,100,0.0,0.0,0.0,-152005385388032.0,0.0,0,0,0,0,0.0,0,0,0,0,0,0,0,0,0,0,0,0,0,0,0,0,0,0,0,0,0,0,0,0,0,0,0,0,0,0,0,0,0,26,51,50,76,65476,0,300,0,0,8,21553,0.0,-107605600.0,0.0,0.0,0.0,0.0,0.0,0.0,0.0,0.0,0.0,0.0,0.0,0.0,0.0,0.0,0.0,0.0,0.0,0.0,0.0,0.0,2.004,2.004,-0.0,0.0,0.0,0.0,0.0,0.0,4724.0,0.0,7299.0,-107615400.0,0.0,0.0,-0.0,0.0,0.0,0.0,0.0,77,0.0,126840438784.0,0.0,0.0,0.0,0.0,0.0,0.0,0.0,0,0,0,0.0,0.0,0.0,0.0,0.0,0.0,0.0,0.0,0.0,0.0,0.0,0.0,0.0,0.0,0.0,0.0,0,-107875648.0,77,0.0,154,0.0,2.6533922776413385e+23,ERR,ERR,ERR,ERR,ERR,ERR,ERR,ERR,ERR,ERR,ERR,ERR,ERR,ERR,ERR,ERR,ERR,ERR,ERR,ERR,ERR,ERR,ERR,ERR,ERR,ERR,ERR,ERR,ERR,ERR,ERR,ERR,ERR,ERR,ERR,ERR,ERR,ERR,ERR,ERR,ERR,ERR,ERR,ERR,ERR,ERR,ERR,ERR,ERR,ERR,ERR,ERR,ERR,ERR,ERR,ERR,ERR,ERR,ERR,ERR,ERR,ERR,ERR,ERR,ERR,ERR,ERR,34.0,80.0,35,0.0,0.0,0.0,0.0,0.0,0.0,0.0,0.0,0.0,0.0,0.0,0.0,0.0,0.0,0.0,0.0,66.0,0,121,58,54,65476,0,300,0,0,8,20529,65476,0,0,57672,80.0,0.0,0.0,0.0,0.0,0.0
2026-06-18T02:00:23,ERR,ERR,ERR,ERR,ERR,ERR,ERR,ERR,ERR,ERR,ERR,ERR,ERR,ERR,ERR,ERR,ERR,ERR,ERR,ERR,ERR,ERR,ERR,ERR,ERR,ERR,ERR,ERR,ERR,ERR,ERR,ERR,ERR,ERR,ERR,ERR,ERR,ERR,ERR,ERR,ERR,ERR,ERR,ERR,ERR,ERR,ERR,ERR,ERR,ERR,ERR,ERR,ERR,ERR,ERR,ERR,ERR,ERR,ERR,ERR,ERR,ERR,ERR,ERR,ERR,ERR,ERR,ERR,ERR,ERR,ERR,ERR,ERR,ERR,ERR,ERR,ERR,ERR,ERR,ERR,ERR,ERR,ERR,ERR,ERR,ERR,ERR,ERR,ERR,ERR,ERR,ERR,ERR,ERR,ERR,ERR,ERR,ERR,ERR,ERR,ERR,ERR,ERR,ERR,ERR,ERR,ERR,ERR,ERR,ERR,ERR,ERR,ERR,ERR,ERR,ERR,ERR,ERR,ERR,ERR,ERR,ERR,ERR,ERR,ERR,-107615400.0,0.0,-134999232.0,-0.0,0.0,1.3936040501711995e+18,7.805,0.001,0,0,4,48859,6720,14723890282496.0,100,0.0,0.0,0.0,-152005385388032.0,0.0,0,0,0,0,0.0,0,0,0,0,0,0,0,0,0,0,0,0,0,0,0,0,0,0,0,0,0,0,0,0,0,0,0,0,0,0,0,0,0,26,51,50,76,65476,0,300,0,0,8,21553,0.0,-107605600.0,0.0,0.0,0.0,0.0,0.0,0.0,0.0,0.0,0.0,0.0,0.0,0.0,0.0,0.0,0.0,0.0,0.0,0.0,0.0,0.0,2.004,2.004,-0.0,0.0,0.0,0.0,0.0,0.0,4724.0,0.0,7299.0,-107615400.0,0.0,0.0,-0.0,0.0,0.0,0.0,0.0,77,0.0,126840438784.0,0.0,0.0,0.0,0.0,0.0,0.0,0.0,0,0,0,0.0,0.0,0.0,0.0,0.0,0.0,0.0,0.0,0.0,0.0,0.0,0.0,0.0,0.0,0.0,0.0,0,-107875648.0,77,0.0,154,0.0,2.6533922776413385e+23,ERR,ERR,ERR,ERR,ERR,ERR,ERR,ERR,ERR,ERR,ERR,ERR,ERR,ERR,ERR,ERR,ERR,ERR,ERR,ERR,ERR,ERR,ERR,ERR,ERR,ERR,ERR,ERR,ERR,ERR,ERR,ERR,ERR,ERR,ERR,ERR,ERR,ERR,ERR,ERR,ERR,ERR,ERR,ERR,ERR,ERR,ERR,ERR,ERR,ERR,ERR,ERR,ERR,ERR,ERR,ERR,ERR,ERR,ERR,ERR,ERR,ERR,ERR,ERR,ERR,ERR,ERR,34.0,80.0,35,0.0,0.0,0.0,0.0,0.0,0.0,0.0,0.0,0.0,0.0,0.0,0.0,0.0,0.0,0.0,0.0,66.0,0,121,58,54,65476,0,300,0,0,8,20529,65476,0,0,57672,80.0,0.0,0.0,0.0,0.0,0.0
2026-06-18T02:00:24,ERR,ERR,ERR,ERR,ERR,ERR,ERR,ERR,ERR,ERR,ERR,ERR,ERR,ERR,ERR,ERR,ERR,ERR,ERR,ERR,ERR,ERR,ERR,ERR,ERR,ERR,ERR,ERR,ERR,ERR,ERR,ERR,ERR,ERR,ERR,ERR,ERR,ERR,ERR,ERR,ERR,ERR,ERR,ERR,ERR,ERR,ERR,ERR,ERR,ERR,ERR,ERR,ERR,ERR,ERR,ERR,ERR,ERR,ERR,ERR,ERR,ERR,ERR,ERR,ERR,ERR,ERR,ERR,ERR,ERR,ERR,ERR,ERR,ERR,ERR,ERR,ERR,ERR,ERR,ERR,ERR,ERR,ERR,ERR,ERR,ERR,ERR,ERR,ERR,ERR,ERR,ERR,ERR,ERR,ERR,ERR,ERR,ERR,ERR,ERR,ERR,ERR,ERR,ERR,ERR,ERR,ERR,ERR,ERR,ERR,ERR,ERR,ERR,ERR,ERR,ERR,ERR,ERR,ERR,ERR,ERR,ERR,ERR,ERR,ERR,-107615400.0,0.0,-134999232.0,-0.0,0.0,1.3936040501711995e+18,7.805,0.001,0,0,4,48859,6720,14723890282496.0,100,0.0,0.0,0.0,-152005385388032.0,0.0,0,0,0,0,0.0,0,0,0,0,0,0,0,0,0,0,0,0,0,0,0,0,0,0,0,0,0,0,0,0,0,0,0,0,0,0,0,0,0,26,51,50,76,65476,0,300,0,0,8,21553,0.0,-107605600.0,0.0,0.0,0.0,0.0,0.0,0.0,0.0,0.0,0.0,0.0,0.0,0.0,0.0,0.0,0.0,0.0,0.0,0.0,0.0,0.0,2.004,2.004,-0.0,0.0,0.0,0.0,0.0,0.0,4724.0,0.0,7299.0,-107615400.0,0.0,0.0,-0.0,0.0,0.0,0.0,0.0,77,0.0,126840438784.0,0.0,0.0,0.0,0.0,0.0,0.0,0.0,0,0,0,0.0,0.0,0.0,0.0,0.0,0.0,0.0,0.0,0.0,0.0,0.0,0.0,0.0,0.0,0.0,0.0,0,-107875648.0,77,0.0,154,0.0,2.6533922776413385e+23,ERR,ERR,ERR,ERR,ERR,ERR,ERR,ERR,ERR,ERR,ERR,ERR,ERR,ERR,ERR,ERR,ERR,ERR,ERR,ERR,ERR,ERR,ERR,ERR,ERR,ERR,ERR,ERR,ERR,ERR,ERR,ERR,ERR,ERR,ERR,ERR,ERR,ERR,ERR,ERR,ERR,ERR,ERR,ERR,ERR,ERR,ERR,ERR,ERR,ERR,ERR,ERR,ERR,ERR,ERR,ERR,ERR,ERR,ERR,ERR,ERR,ERR,ERR,ERR,ERR,ERR,ERR,34.0,80.0,35,0.0,0.0,0.0,0.0,0.0,0.0,0.0,0.0,0.0,0.0,0.0,0.0,0.0,0.0,0.0,0.0,66.0,0,121,58,54,65476,0,300,0,0,8,20529,65476,0,0,57672,80.0,0.0,0.0,0.0,0.0,0.0
2026-06-18T02:00:25,ERR,ERR,ERR,ERR,ERR,ERR,ERR,ERR,ERR,ERR,ERR,ERR,ERR,ERR,ERR,ERR,ERR,ERR,ERR,ERR,ERR,ERR,ERR,ERR,ERR,ERR,ERR,ERR,ERR,ERR,ERR,ERR,ERR,ERR,ERR,ERR,ERR,ERR,ERR,ERR,ERR,ERR,ERR,ERR,ERR,ERR,ERR,ERR,ERR,ERR,ERR,ERR,ERR,ERR,ERR,ERR,ERR,ERR,ERR,ERR,ERR,ERR,ERR,ERR,ERR,ERR,ERR,ERR,ERR,ERR,ERR,ERR,ERR,ERR,ERR,ERR,ERR,ERR,ERR,ERR,ERR,ERR,ERR,ERR,ERR,ERR,ERR,ERR,ERR,ERR,ERR,ERR,ERR,ERR,ERR,ERR,ERR,ERR,ERR,ERR,ERR,ERR,ERR,ERR,ERR,ERR,ERR,ERR,ERR,ERR,ERR,ERR,ERR,ERR,ERR,ERR,ERR,ERR,ERR,ERR,ERR,ERR,ERR,ERR,ERR,-107615400.0,0.0,-134999232.0,-0.0,0.0,1.3936040501711995e+18,7.805,0.001,0,0,4,48859,6720,14723890282496.0,100,0.0,0.0,0.0,-152005385388032.0,0.0,0,0,0,0,0.0,0,0,0,0,0,0,0,0,0,0,0,0,0,0,0,0,0,0,0,0,0,0,0,0,0,0,0,0,0,0,0,0,0,26,51,50,76,65476,0,300,0,0,8,21553,0.0,-107605600.0,0.0,0.0,0.0,0.0,0.0,0.0,0.0,0.0,0.0,0.0,0.0,0.0,0.0,0.0,0.0,0.0,0.0,0.0,0.0,0.0,2.004,2.004,-0.0,0.0,0.0,0.0,0.0,0.0,4724.0,0.0,7299.0,-107615400.0,0.0,0.0,-0.0,0.0,0.0,0.0,0.0,77,0.0,126840438784.0,0.0,0.0,0.0,0.0,0.0,0.0,0.0,0,0,0,0.0,0.0,0.0,0.0,0.0,0.0,0.0,0.0,0.0,0.0,0.0,0.0,0.0,0.0,0.0,0.0,0,-107875648.0,77,0.0,154,0.0,2.6533922776413385e+23,ERR,ERR,ERR,ERR,ERR,ERR,ERR,ERR,ERR,ERR,ERR,ERR,ERR,ERR,ERR,ERR,ERR,ERR,ERR,ERR,ERR,ERR,ERR,ERR,ERR,ERR,ERR,ERR,ERR,ERR,ERR,ERR,ERR,ERR,ERR,ERR,ERR,ERR,ERR,ERR,ERR,ERR,ERR,ERR,ERR,ERR,ERR,ERR,ERR,ERR,ERR,ERR,ERR,ERR,ERR,ERR,ERR,ERR,ERR,ERR,ERR,ERR,ERR,ERR,ERR,ERR,ERR,34.0,80.0,35,0.0,0.0,0.0,0.0,0.0,0.0,0.0,0.0,0.0,0.0,0.0,0.0,0.0,0.0,0.0,0.0,66.4,0,121,58,54,65476,0,300,0,0,8,20529,65476,0,0,57672,80.0,0.0,0.0,0.0,0.0,0.0
2026-06-18T02:00:26,ERR,ERR,ERR,ERR,ERR,ERR,ERR,ERR,ERR,ERR,ERR,ERR,ERR,ERR,ERR,ERR,ERR,ERR,ERR,ERR,ERR,ERR,ERR,ERR,ERR,ERR,ERR,ERR,ERR,ERR,ERR,ERR,ERR,ERR,ERR,ERR,ERR,ERR,ERR,ERR,ERR,ERR,ERR,ERR,ERR,ERR,ERR,ERR,ERR,ERR,ERR,ERR,ERR,ERR,ERR,ERR,ERR,ERR,ERR,ERR,ERR,ERR,ERR,ERR,ERR,ERR,ERR,ERR,ERR,ERR,ERR,ERR,ERR,ERR,ERR,ERR,ERR,ERR,ERR,ERR,ERR,ERR,ERR,ERR,ERR,ERR,ERR,ERR,ERR,ERR,ERR,ERR,ERR,ERR,ERR,ERR,ERR,ERR,ERR,ERR,ERR,ERR,ERR,ERR,ERR,ERR,ERR,ERR,ERR,ERR,ERR,ERR,ERR,ERR,ERR,ERR,ERR,ERR,ERR,ERR,ERR,ERR,ERR,ERR,ERR,-107615400.0,0.0,-134999232.0,-0.0,0.0,1.3936040501711995e+18,7.805,0.001,0,0,4,48859,6720,14723890282496.0,100,0.0,0.0,0.0,-152005385388032.0,0.0,0,0,0,0,0.0,0,0,0,0,0,0,0,0,0,0,0,0,0,0,0,0,0,0,0,0,0,0,0,0,0,0,0,0,0,0,0,0,0,26,51,50,76,65476,0,300,0,0,8,21553,0.0,-107605600.0,0.0,0.0,0.0,0.0,0.0,0.0,0.0,0.0,0.0,0.0,0.0,0.0,0.0,0.0,0.0,0.0,0.0,0.0,0.0,0.0,2.004,2.004,-0.0,0.0,0.0,0.0,0.0,0.0,4724.0,0.0,7299.0,-107615400.0,0.0,0.0,-0.0,0.0,0.0,0.0,0.0,77,0.0,126840438784.0,0.0,0.0,0.0,0.0,0.0,0.0,0.0,0,0,0,0.0,0.0,0.0,0.0,0.0,0.0,0.0,0.0,0.0,0.0,0.0,0.0,0.0,0.0,0.0,0.0,0,-107875648.0,77,0.0,154,0.0,2.6533922776413385e+23,ERR,ERR,ERR,ERR,ERR,ERR,ERR,ERR,ERR,ERR,ERR,ERR,ERR,ERR,ERR,ERR,ERR,ERR,ERR,ERR,ERR,ERR,ERR,ERR,ERR,ERR,ERR,ERR,ERR,ERR,ERR,ERR,ERR,ERR,ERR,ERR,ERR,ERR,ERR,ERR,ERR,ERR,ERR,ERR,ERR,ERR,ERR,ERR,ERR,ERR,ERR,ERR,ERR,ERR,ERR,ERR,ERR,ERR,ERR,ERR,ERR,ERR,ERR,ERR,ERR,ERR,ERR,34.0,80.0,35,0.0,0.0,0.0,0.0,0.0,0.0,0.0,0.0,0.0,0.0,0.0,0.0,0.0,0.0,0.0,0.0,66.4,0,121,58,54,65476,0,300,0,0,8,20529,65476,0,0,57672,80.0,0.0,0.0,0.0,0.0,0.0
2026-06-18T02:00:27,ERR,ERR,ERR,ERR,ERR,ERR,ERR,ERR,ERR,ERR,ERR,ERR,ERR,ERR,ERR,ERR,ERR,ERR,ERR,ERR,ERR,ERR,ERR,ERR,ERR,ERR,ERR,ERR,ERR,ERR,ERR,ERR,ERR,ERR,ERR,ERR,ERR,ERR,ERR,ERR,ERR,ERR,ERR,ERR,ERR,ERR,ERR,ERR,ERR,ERR,ERR,ERR,ERR,ERR,ERR,ERR,ERR,ERR,ERR,ERR,ERR,ERR,ERR,ERR,ERR,ERR,ERR,ERR,ERR,ERR,ERR,ERR,ERR,ERR,ERR,ERR,ERR,ERR,ERR,ERR,ERR,ERR,ERR,ERR,ERR,ERR,ERR,ERR,ERR,ERR,ERR,ERR,ERR,ERR,ERR,ERR,ERR,ERR,ERR,ERR,ERR,ERR,ERR,ERR,ERR,ERR,ERR,ERR,ERR,ERR,ERR,ERR,ERR,ERR,ERR,ERR,ERR,ERR,ERR,ERR,ERR,ERR,ERR,ERR,ERR,-107615400.0,0.0,-134999232.0,-0.0,0.0,1.3936040501711995e+18,7.805,0.001,0,0,4,48859,6720,14723890282496.0,100,0.0,0.0,0.0,-152005385388032.0,0.0,0,0,0,0,0.0,0,0,0,0,0,0,0,0,0,0,0,0,0,0,0,0,0,0,0,0,0,0,0,0,0,0,0,0,0,0,0,0,0,26,51,50,76,65476,0,300,0,0,8,21553,0.0,-107605600.0,0.0,0.0,0.0,0.0,0.0,0.0,0.0,0.0,0.0,0.0,0.0,0.0,0.0,0.0,0.0,0.0,0.0,0.0,0.0,0.0,2.004,2.004,-0.0,0.0,0.0,0.0,0.0,0.0,4724.0,0.0,7299.0,-107615400.0,0.0,0.0,-0.0,0.0,0.0,0.0,0.0,77,0.0,126840438784.0,0.0,0.0,0.0,0.0,0.0,0.0,0.0,0,0,0,0.0,0.0,0.0,0.0,0.0,0.0,0.0,0.0,0.0,0.0,0.0,0.0,0.0,0.0,0.0,0.0,0,-107875648.0,77,0.0,154,0.0,2.6533922776413385e+23,ERR,ERR,ERR,ERR,ERR,ERR,ERR,ERR,ERR,ERR,ERR,ERR,ERR,ERR,ERR,ERR,ERR,ERR,ERR,ERR,ERR,ERR,ERR,ERR,ERR,ERR,ERR,ERR,ERR,ERR,ERR,ERR,ERR,ERR,ERR,ERR,ERR,ERR,ERR,ERR,ERR,ERR,ERR,ERR,ERR,ERR,ERR,ERR,ERR,ERR,ERR,ERR,ERR,ERR,ERR,ERR,ERR,ERR,ERR,ERR,ERR,ERR,ERR,ERR,ERR,ERR,ERR,34.0,80.0,35,0.0,0.0,0.0,0.0,0.0,0.0,0.0,0.0,0.0,0.0,0.0,0.0,0.0,0.0,0.0,0.0,66.4,0,121,58,54,65476,0,300,0,0,8,20529,65476,0,0,57672,80.0,0.0,0.0,0.0,0.0,0.0
2026-06-18T02:00:28,ERR,ERR,ERR,ERR,ERR,ERR,ERR,ERR,ERR,ERR,ERR,ERR,ERR,ERR,ERR,ERR,ERR,ERR,ERR,ERR,ERR,ERR,ERR,ERR,ERR,ERR,ERR,ERR,ERR,ERR,ERR,ERR,ERR,ERR,ERR,ERR,ERR,ERR,ERR,ERR,ERR,ERR,ERR,ERR,ERR,ERR,ERR,ERR,ERR,ERR,ERR,ERR,ERR,ERR,ERR,ERR,ERR,ERR,ERR,ERR,ERR,ERR,ERR,ERR,ERR,ERR,ERR,ERR,ERR,ERR,ERR,ERR,ERR,ERR,ERR,ERR,ERR,ERR,ERR,ERR,ERR,ERR,ERR,ERR,ERR,ERR,ERR,ERR,ERR,ERR,ERR,ERR,ERR,ERR,ERR,ERR,ERR,ERR,ERR,ERR,ERR,ERR,ERR,ERR,ERR,ERR,ERR,ERR,ERR,ERR,ERR,ERR,ERR,ERR,ERR,ERR,ERR,ERR,ERR,ERR,ERR,ERR,ERR,ERR,ERR,-107615400.0,0.0,-134999232.0,-4.9501291711397626e+32,0.0,1.3936040501711995e+18,7.805,51974472.0,0,0,4,48850,6720,14723890282496.0,100,0.0,0.0,0.0,89215.008,0.0,0,0,0,0,0.0,0,0,0,0,0,0,0,0,0,0,0,0,0,0,0,0,0,0,0,0,0,0,0,0,0,0,0,0,0,0,0,0,0,26,51,50,76,65476,0,300,0,0,8,21553,0.0,-107605600.0,0.0,0.0,0.0,0.0,0.0,0.0,0.0,0.0,0.0,0.0,0.0,0.0,0.0,0.0,0.0,0.0,0.0,0.0,0.0,0.0,2.004,2.004,-0.0,0.0,0.0,0.0,0.0,0.0,4726.0,0.0,7300.0,-107615400.0,0.0,0.0,-0.0,0.0,0.0,0.0,0.0,77,0.0,126840438784.0,0.0,0.0,0.0,0.0,0.0,0.0,0.0,0,0,0,0.0,0.0,0.0,0.0,0.0,0.0,0.0,0.0,0.0,0.0,0.0,0.0,0.0,0.0,0.0,0.0,0,-107875648.0,77,0.0,154,0.0,2.6533922776413385e+23,ERR,ERR,ERR,ERR,ERR,ERR,ERR,ERR,ERR,ERR,ERR,ERR,ERR,ERR,ERR,ERR,ERR,ERR,ERR,ERR,ERR,ERR,ERR,ERR,ERR,ERR,ERR,ERR,ERR,ERR,ERR,ERR,ERR,ERR,ERR,ERR,ERR,ERR,ERR,ERR,ERR,ERR,ERR,ERR,ERR,ERR,ERR,ERR,ERR,ERR,ERR,ERR,ERR,ERR,ERR,ERR,ERR,ERR,ERR,ERR,ERR,ERR,ERR,ERR,ERR,ERR,ERR,34.0,80.0,35,0.0,0.0,0.0,0.0,0.0,0.0,0.0,0.0,0.0,0.0,0.0,0.0,0.0,0.0,0.0,0.0,66.4,0,121,58,54,65476,0,300,0,0,8,20529,65476,0,0,57672,80.0,0.0,0.0,0.0,0.0,0.0
2026-06-18T02:00:29,ERR,ERR,ERR,ERR,ERR,ERR,ERR,ERR,ERR,ERR,ERR,ERR,ERR,ERR,ERR,ERR,ERR,ERR,ERR,ERR,ERR,ERR,ERR,ERR,ERR,ERR,ERR,ERR,ERR,ERR,ERR,ERR,ERR,ERR,ERR,ERR,ERR,ERR,ERR,ERR,ERR,ERR,ERR,ERR,ERR,ERR,ERR,ERR,ERR,ERR,ERR,ERR,ERR,ERR,ERR,ERR,ERR,ERR,ERR,ERR,ERR,ERR,ERR,ERR,ERR,ERR,ERR,ERR,ERR,ERR,ERR,ERR,ERR,ERR,ERR,ERR,ERR,ERR,ERR,ERR,ERR,ERR,ERR,ERR,ERR,ERR,ERR,ERR,ERR,ERR,ERR,ERR,ERR,ERR,ERR,ERR,ERR,ERR,ERR,ERR,ERR,ERR,ERR,ERR,ERR,ERR,ERR,ERR,ERR,ERR,ERR,ERR,ERR,ERR,ERR,ERR,ERR,ERR,ERR,ERR,ERR,ERR,ERR,ERR,ERR,-107615400.0,0.0,-134999232.0,-4.9501291711397626e+32,0.0,1.3936040501711995e+18,7.805,51974472.0,0,0,4,48850,6720,14723890282496.0,100,0.0,0.0,0.0,89215.008,0.0,0,0,0,0,0.0,0,0,0,0,0,0,0,0,0,0,0,0,0,0,0,0,0,0,0,0,0,0,0,0,0,0,0,0,0,0,0,0,0,26,51,50,76,65476,0,300,0,0,8,21553,0.0,-107605600.0,0.0,0.0,0.0,0.0,0.0,0.0,0.0,0.0,0.0,0.0,0.0,0.0,0.0,0.0,0.0,0.0,0.0,0.0,0.0,0.0,2.004,2.004,-0.0,0.0,0.0,0.0,0.0,0.0,4726.0,0.0,7300.0,-107615400.0,0.0,0.0,-0.0,0.0,0.0,0.0,0.0,77,0.0,126840438784.0,0.0,0.0,0.0,0.0,0.0,0.0,0.0,0,0,0,0.0,0.0,0.0,0.0,0.0,0.0,0.0,0.0,0.0,0.0,0.0,0.0,0.0,0.0,0.0,0.0,0,-107875648.0,77,0.0,154,0.0,2.6533922776413385e+23,ERR,ERR,ERR,ERR,ERR,ERR,ERR,ERR,ERR,ERR,ERR,ERR,ERR,ERR,ERR,ERR,ERR,ERR,ERR,ERR,ERR,ERR,ERR,ERR,ERR,ERR,ERR,ERR,ERR,ERR,ERR,ERR,ERR,ERR,ERR,ERR,ERR,ERR,ERR,ERR,ERR,ERR,ERR,ERR,ERR,ERR,ERR,ERR,ERR,ERR,ERR,ERR,ERR,ERR,ERR,ERR,ERR,ERR,ERR,ERR,ERR,ERR,ERR,ERR,ERR,ERR,ERR,34.0,80.0,35,0.0,0.0,0.0,0.0,0.0,0.0,0.0,0.0,0.0,0.0,0.0,0.0,0.0,0.0,0.0,0.0,66.4,0,121,58,54,65476,0,300,0,0,8,20529,65476,0,0,57672,80.0,0.0,0.0,0.0,0.0,0.0
2026-06-18T02:00:30,ERR,ERR,ERR,ERR,ERR,ERR,ERR,ERR,ERR,ERR,ERR,ERR,ERR,ERR,ERR,ERR,ERR,ERR,ERR,ERR,ERR,ERR,ERR,ERR,ERR,ERR,ERR,ERR,ERR,ERR,ERR,ERR,ERR,ERR,ERR,ERR,ERR,ERR,ERR,ERR,ERR,ERR,ERR,ERR,ERR,ERR,ERR,ERR,ERR,ERR,ERR,ERR,ERR,ERR,ERR,ERR,ERR,ERR,ERR,ERR,ERR,ERR,ERR,ERR,ERR,ERR,ERR,ERR,ERR,ERR,ERR,ERR,ERR,ERR,ERR,ERR,ERR,ERR,ERR,ERR,ERR,ERR,ERR,ERR,ERR,ERR,ERR,ERR,ERR,ERR,ERR,ERR,ERR,ERR,ERR,ERR,ERR,ERR,ERR,ERR,ERR,ERR,ERR,ERR,ERR,ERR,ERR,ERR,ERR,ERR,ERR,ERR,ERR,ERR,ERR,ERR,ERR,ERR,ERR,ERR,ERR,ERR,ERR,ERR,ERR,-107615400.0,0.0,-134999232.0,-4.9501291711397626e+32,0.0,1.3936040501711995e+18,7.805,51974472.0,0,0,4,48850,6720,14723890282496.0,100,0.0,0.0,0.0,89215.008,0.0,0,0,0,0,0.0,0,0,0,0,0,0,0,0,0,0,0,0,0,0,0,0,0,0,0,0,0,0,0,0,0,0,0,0,0,0,0,0,0,26,51,50,76,65476,0,300,0,0,8,21553,0.0,-107605600.0,0.0,0.0,0.0,0.0,0.0,0.0,0.0,0.0,0.0,0.0,0.0,0.0,0.0,0.0,0.0,0.0,0.0,0.0,0.0,0.0,2.004,2.004,-0.0,0.0,0.0,0.0,0.0,0.0,4726.0,0.0,7300.0,-107615400.0,0.0,0.0,-0.0,0.0,0.0,0.0,0.0,77,0.0,126840438784.0,0.0,0.0,0.0,0.0,0.0,0.0,0.0,0,0,0,0.0,0.0,0.0,0.0,0.0,0.0,0.0,0.0,0.0,0.0,0.0,0.0,0.0,0.0,0.0,0.0,0,-107875648.0,77,0.0,154,0.0,2.6533922776413385e+23,ERR,ERR,ERR,ERR,ERR,ERR,ERR,ERR,ERR,ERR,ERR,ERR,ERR,ERR,ERR,ERR,ERR,ERR,ERR,ERR,ERR,ERR,ERR,ERR,ERR,ERR,ERR,ERR,ERR,ERR,ERR,ERR,ERR,ERR,ERR,ERR,ERR,ERR,ERR,ERR,ERR,ERR,ERR,ERR,ERR,ERR,ERR,ERR,ERR,ERR,ERR,ERR,ERR,ERR,ERR,ERR,ERR,ERR,ERR,ERR,ERR,ERR,ERR,ERR,ERR,ERR,ERR,34.0,80.0,35,0.0,0.0,0.0,0.0,0.0,0.0,0.0,0.0,0.0,0.0,0.0,0.0,0.0,0.0,0.0,0.0,66.4,0,121,58,54,65476,0,300,0,0,8,20529,65476,0,0,57672,80.0,0.0,0.0,0.0,0.0,0.0
2026-06-18T02:00:31,ERR,ERR,ERR,ERR,ERR,ERR,ERR,ERR,ERR,ERR,ERR,ERR,ERR,ERR,ERR,ERR,ERR,ERR,ERR,ERR,ERR,ERR,ERR,ERR,ERR,ERR,ERR,ERR,ERR,ERR,ERR,ERR,ERR,ERR,ERR,ERR,ERR,ERR,ERR,ERR,ERR,ERR,ERR,ERR,ERR,ERR,ERR,ERR,ERR,ERR,ERR,ERR,ERR,ERR,ERR,ERR,ERR,ERR,ERR,ERR,ERR,ERR,ERR,ERR,ERR,ERR,ERR,ERR,ERR,ERR,ERR,ERR,ERR,ERR,ERR,ERR,ERR,ERR,ERR,ERR,ERR,ERR,ERR,ERR,ERR,ERR,ERR,ERR,ERR,ERR,ERR,ERR,ERR,ERR,ERR,ERR,ERR,ERR,ERR,ERR,ERR,ERR,ERR,ERR,ERR,ERR,ERR,ERR,ERR,ERR,ERR,ERR,ERR,ERR,ERR,ERR,ERR,ERR,ERR,ERR,ERR,ERR,ERR,ERR,ERR,-107615400.0,0.0,-134999232.0,-4.9501291711397626e+32,0.0,1.3936040501711995e+18,7.805,51974472.0,0,0,4,48850,6720,14723890282496.0,100,0.0,0.0,0.0,89215.008,0.0,0,0,0,0,0.0,0,0,0,0,0,0,0,0,0,0,0,0,0,0,0,0,0,0,0,0,0,0,0,0,0,0,0,0,0,0,0,0,0,26,51,50,76,65476,0,300,0,0,8,21553,0.0,-107605600.0,0.0,0.0,0.0,0.0,0.0,0.0,0.0,0.0,0.0,0.0,0.0,0.0,0.0,0.0,0.0,0.0,0.0,0.0,0.0,0.0,2.004,2.004,-0.0,0.0,0.0,0.0,0.0,0.0,4726.0,0.0,7300.0,-107615400.0,0.0,0.0,-0.0,0.0,0.0,0.0,0.0,77,0.0,126840438784.0,0.0,0.0,0.0,0.0,0.0,0.0,0.0,0,0,0,0.0,0.0,0.0,0.0,0.0,0.0,0.0,0.0,0.0,0.0,0.0,0.0,0.0,0.0,0.0,0.0,0,-107875648.0,77,0.0,154,0.0,2.6533922776413385e+23,ERR,ERR,ERR,ERR,ERR,ERR,ERR,ERR,ERR,ERR,ERR,ERR,ERR,ERR,ERR,ERR,ERR,ERR,ERR,ERR,ERR,ERR,ERR,ERR,ERR,ERR,ERR,ERR,ERR,ERR,ERR,ERR,ERR,ERR,ERR,ERR,ERR,ERR,ERR,ERR,ERR,ERR,ERR,ERR,ERR,ERR,ERR,ERR,ERR,ERR,ERR,ERR,ERR,ERR,ERR,ERR,ERR,ERR,ERR,ERR,ERR,ERR,ERR,ERR,ERR,ERR,ERR,34.0,80.0,35,0.0,0.0,0.0,0.0,0.0,0.0,0.0,0.0,0.0,0.0,0.0,0.0,0.0,0.0,0.0,0.0,66.0,0,121,58,54,65476,0,300,0,0,8,20529,65476,0,0,57672,80.0,0.0,0.0,0.0,0.0,0.0
2026-06-18T02:00:32,ERR,ERR,ERR,ERR,ERR,ERR,ERR,ERR,ERR,ERR,ERR,ERR,ERR,ERR,ERR,ERR,ERR,ERR,ERR,ERR,ERR,ERR,ERR,ERR,ERR,ERR,ERR,ERR,ERR,ERR,ERR,ERR,ERR,ERR,ERR,ERR,ERR,ERR,ERR,ERR,ERR,ERR,ERR,ERR,ERR,ERR,ERR,ERR,ERR,ERR,ERR,ERR,ERR,ERR,ERR,ERR,ERR,ERR,ERR,ERR,ERR,ERR,ERR,ERR,ERR,ERR,ERR,ERR,ERR,ERR,ERR,ERR,ERR,ERR,ERR,ERR,ERR,ERR,ERR,ERR,ERR,ERR,ERR,ERR,ERR,ERR,ERR,ERR,ERR,ERR,ERR,ERR,ERR,ERR,ERR,ERR,ERR,ERR,ERR,ERR,ERR,ERR,ERR,ERR,ERR,ERR,ERR,ERR,ERR,ERR,ERR,ERR,ERR,ERR,ERR,ERR,ERR,ERR,ERR,ERR,ERR,ERR,ERR,ERR,ERR,-107615400.0,0.0,-134999232.0,-4.9501291711397626e+32,0.0,1.3936040501711995e+18,7.805,51974472.0,0,0,4,48850,6720,14723890282496.0,100,0.0,0.0,0.0,89215.008,0.0,0,0,0,0,0.0,0,0,0,0,0,0,0,0,0,0,0,0,0,0,0,0,0,0,0,0,0,0,0,0,0,0,0,0,0,0,0,0,0,26,51,50,76,65476,0,300,0,0,8,21553,0.0,-107605600.0,0.0,0.0,0.0,0.0,0.0,0.0,0.0,0.0,0.0,0.0,0.0,0.0,0.0,0.0,0.0,0.0,0.0,0.0,0.0,0.0,2.004,2.004,-0.0,0.0,0.0,0.0,0.0,0.0,4726.0,0.0,7300.0,-107615400.0,0.0,0.0,-0.0,0.0,0.0,0.0,0.0,77,0.0,126840438784.0,0.0,0.0,0.0,0.0,0.0,0.0,0.0,0,0,0,0.0,0.0,0.0,0.0,0.0,0.0,0.0,0.0,0.0,0.0,0.0,0.0,0.0,0.0,0.0,0.0,0,-107875648.0,77,0.0,154,0.0,2.6533922776413385e+23,ERR,ERR,ERR,ERR,ERR,ERR,ERR,ERR,ERR,ERR,ERR,ERR,ERR,ERR,ERR,ERR,ERR,ERR,ERR,ERR,ERR,ERR,ERR,ERR,ERR,ERR,ERR,ERR,ERR,ERR,ERR,ERR,ERR,ERR,ERR,ERR,ERR,ERR,ERR,ERR,ERR,ERR,ERR,ERR,ERR,ERR,ERR,ERR,ERR,ERR,ERR,ERR,ERR,ERR,ERR,ERR,ERR,ERR,ERR,ERR,ERR,ERR,ERR,ERR,ERR,ERR,ERR,34.0,80.0,35,0.0,0.0,0.0,0.0,0.0,0.0,0.0,0.0,0.0,0.0,0.0,0.0,0.0,0.0,0.0,0.0,66.0,0,121,58,54,65476,0,300,0,0,8,20529,65476,0,0,57672,80.0,0.0,0.0,0.0,0.0,0.0
2026-06-18T02:00:33,ERR,ERR,ERR,ERR,ERR,ERR,ERR,ERR,ERR,ERR,ERR,ERR,ERR,ERR,ERR,ERR,ERR,ERR,ERR,ERR,ERR,ERR,ERR,ERR,ERR,ERR,ERR,ERR,ERR,ERR,ERR,ERR,ERR,ERR,ERR,ERR,ERR,ERR,ERR,ERR,ERR,ERR,ERR,ERR,ERR,ERR,ERR,ERR,ERR,ERR,ERR,ERR,ERR,ERR,ERR,ERR,ERR,ERR,ERR,ERR,ERR,ERR,ERR,ERR,ERR,ERR,ERR,ERR,ERR,ERR,ERR,ERR,ERR,ERR,ERR,ERR,ERR,ERR,ERR,ERR,ERR,ERR,ERR,ERR,ERR,ERR,ERR,ERR,ERR,ERR,ERR,ERR,ERR,ERR,ERR,ERR,ERR,ERR,ERR,ERR,ERR,ERR,ERR,ERR,ERR,ERR,ERR,ERR,ERR,ERR,ERR,ERR,ERR,ERR,ERR,ERR,ERR,ERR,ERR,ERR,ERR,ERR,ERR,ERR,ERR,-107615400.0,0.0,-134999232.0,-0.0,0.0,1.3936040501711995e+18,7.805,11082173251584.0,0,0,4,48852,6720,14723890282496.0,100,0.0,0.0,0.0,89215.008,0.0,0,0,0,0,0.0,0,0,0,0,0,0,0,0,0,0,0,0,0,0,0,0,0,0,0,0,0,0,0,0,0,0,0,0,0,0,0,0,0,26,51,50,76,65476,0,300,0,0,8,21553,0.0,-107605600.0,0.0,0.0,0.0,0.0,0.0,0.0,0.0,0.0,0.0,0.0,0.0,0.0,0.0,0.0,0.0,0.0,0.0,0.0,0.0,0.0,2.004,2.004,-0.0,0.0,0.0,0.0,0.0,0.0,4727.0,0.0,7301.0,-107615400.0,0.0,0.0,-0.0,0.0,0.0,0.0,0.0,77,0.0,1.9056838611828736e+17,0.0,0.0,0.0,0.0,0.0,0.0,0.0,0,0,0,0.0,0.0,0.0,0.0,0.0,0.0,0.0,0.0,0.0,0.0,0.0,0.0,0.0,0.0,0.0,0.0,0,-107875648.0,77,0.0,154,0.0,2.6533922776413385e+23,ERR,ERR,ERR,ERR,ERR,ERR,ERR,ERR,ERR,ERR,ERR,ERR,ERR,ERR,ERR,ERR,ERR,ERR,ERR,ERR,ERR,ERR,ERR,ERR,ERR,ERR,ERR,ERR,ERR,ERR,ERR,ERR,ERR,ERR,ERR,ERR,ERR,ERR,ERR,ERR,ERR,ERR,ERR,ERR,ERR,ERR,ERR,ERR,ERR,ERR,ERR,ERR,ERR,ERR,ERR,ERR,ERR,ERR,ERR,ERR,ERR,ERR,ERR,ERR,ERR,ERR,ERR,34.0,80.0,35,0.0,0.0,0.0,0.0,0.0,0.0,0.0,0.0,0.0,0.0,0.0,0.0,0.0,0.0,0.0,0.0,66.0,0,121,58,54,65476,0,300,0,0,8,20529,65476,0,0,57672,80.0,0.0,0.0,0.0,0.0,0.0
2026-06-18T02:00:34,ERR,ERR,ERR,ERR,ERR,ERR,ERR,ERR,ERR,ERR,ERR,ERR,ERR,ERR,ERR,ERR,ERR,ERR,ERR,ERR,ERR,ERR,ERR,ERR,ERR,ERR,ERR,ERR,ERR,ERR,ERR,ERR,ERR,ERR,ERR,ERR,ERR,ERR,ERR,ERR,ERR,ERR,ERR,ERR,ERR,ERR,ERR,ERR,ERR,ERR,ERR,ERR,ERR,ERR,ERR,ERR,ERR,ERR,ERR,ERR,ERR,ERR,ERR,ERR,ERR,ERR,ERR,ERR,ERR,ERR,ERR,ERR,ERR,ERR,ERR,ERR,ERR,ERR,ERR,ERR,ERR,ERR,ERR,ERR,ERR,ERR,ERR,ERR,ERR,ERR,ERR,ERR,ERR,ERR,ERR,ERR,ERR,ERR,ERR,ERR,ERR,ERR,ERR,ERR,ERR,ERR,ERR,ERR,ERR,ERR,ERR,ERR,ERR,ERR,ERR,ERR,ERR,ERR,ERR,ERR,ERR,ERR,ERR,ERR,ERR,-107615400.0,0.0,-134999232.0,-0.0,0.0,1.3936040501711995e+18,7.805,11082173251584.0,0,0,4,48852,6720,14723890282496.0,100,0.0,0.0,0.0,89215.008,0.0,0,0,0,0,0.0,0,0,0,0,0,0,0,0,0,0,0,0,0,0,0,0,0,0,0,0,0,0,0,0,0,0,0,0,0,0,0,0,0,26,51,50,76,65476,0,300,0,0,8,21553,0.0,-107605600.0,0.0,0.0,0.0,0.0,0.0,0.0,0.0,0.0,0.0,0.0,0.0,0.0,0.0,0.0,0.0,0.0,0.0,0.0,0.0,0.0,2.004,2.004,-0.0,0.0,0.0,0.0,0.0,0.0,4727.0,0.0,7301.0,-107615400.0,0.0,0.0,-0.0,0.0,0.0,0.0,0.0,77,0.0,1.9056838611828736e+17,0.0,0.0,0.0,0.0,0.0,0.0,0.0,0,0,0,0.0,0.0,0.0,0.0,0.0,0.0,0.0,0.0,0.0,0.0,0.0,0.0,0.0,0.0,0.0,0.0,0,-107875648.0,77,0.0,154,0.0,2.6533922776413385e+23,ERR,ERR,ERR,ERR,ERR,ERR,ERR,ERR,ERR,ERR,ERR,ERR,ERR,ERR,ERR,ERR,ERR,ERR,ERR,ERR,ERR,ERR,ERR,ERR,ERR,ERR,ERR,ERR,ERR,ERR,ERR,ERR,ERR,ERR,ERR,ERR,ERR,ERR,ERR,ERR,ERR,ERR,ERR,ERR,ERR,ERR,ERR,ERR,ERR,ERR,ERR,ERR,ERR,ERR,ERR,ERR,ERR,ERR,ERR,ERR,ERR,ERR,ERR,ERR,ERR,ERR,ERR,34.0,80.0,35,0.0,0.0,0.0,0.0,0.0,0.0,0.0,0.0,0.0,0.0,0.0,0.0,0.0,0.0,0.0,0.0,66.0,0,121,58,54,65476,0,300,0,0,8,20529,65476,0,0,57672,80.0,0.0,0.0,0.0,0.0,0.0
2026-06-18T02:00:35,ERR,ERR,ERR,ERR,ERR,ERR,ERR,ERR,ERR,ERR,ERR,ERR,ERR,ERR,ERR,ERR,ERR,ERR,ERR,ERR,ERR,ERR,ERR,ERR,ERR,ERR,ERR,ERR,ERR,ERR,ERR,ERR,ERR,ERR,ERR,ERR,ERR,ERR,ERR,ERR,ERR,ERR,ERR,ERR,ERR,ERR,ERR,ERR,ERR,ERR,ERR,ERR,ERR,ERR,ERR,ERR,ERR,ERR,ERR,ERR,ERR,ERR,ERR,ERR,ERR,ERR,ERR,ERR,ERR,ERR,ERR,ERR,ERR,ERR,ERR,ERR,ERR,ERR,ERR,ERR,ERR,ERR,ERR,ERR,ERR,ERR,ERR,ERR,ERR,ERR,ERR,ERR,ERR,ERR,ERR,ERR,ERR,ERR,ERR,ERR,ERR,ERR,ERR,ERR,ERR,ERR,ERR,ERR,ERR,ERR,ERR,ERR,ERR,ERR,ERR,ERR,ERR,ERR,ERR,ERR,ERR,ERR,ERR,ERR,ERR,-107615400.0,0.0,-134999232.0,-0.0,0.0,1.3936040501711995e+18,7.805,11082173251584.0,0,0,4,48852,6720,14723890282496.0,100,0.0,0.0,0.0,89215.008,0.0,0,0,0,0,0.0,0,0,0,0,0,0,0,0,0,0,0,0,0,0,0,0,0,0,0,0,0,0,0,0,0,0,0,0,0,0,0,0,0,26,51,50,76,65476,0,300,0,0,8,21553,0.0,-107605600.0,0.0,0.0,0.0,0.0,0.0,0.0,0.0,0.0,0.0,0.0,0.0,0.0,0.0,0.0,0.0,0.0,0.0,0.0,0.0,0.0,2.004,2.004,-0.0,0.0,0.0,0.0,0.0,0.0,4727.0,0.0,7301.0,-107615400.0,0.0,0.0,-0.0,0.0,0.0,0.0,0.0,77,0.0,1.9056838611828736e+17,0.0,0.0,0.0,0.0,0.0,0.0,0.0,0,0,0,0.0,0.0,0.0,0.0,0.0,0.0,0.0,0.0,0.0,0.0,0.0,0.0,0.0,0.0,0.0,0.0,0,-107875648.0,77,0.0,154,0.0,2.6533922776413385e+23,ERR,ERR,ERR,ERR,ERR,ERR,ERR,ERR,ERR,ERR,ERR,ERR,ERR,ERR,ERR,ERR,ERR,ERR,ERR,ERR,ERR,ERR,ERR,ERR,ERR,ERR,ERR,ERR,ERR,ERR,ERR,ERR,ERR,ERR,ERR,ERR,ERR,ERR,ERR,ERR,ERR,ERR,ERR,ERR,ERR,ERR,ERR,ERR,ERR,ERR,ERR,ERR,ERR,ERR,ERR,ERR,ERR,ERR,ERR,ERR,ERR,ERR,ERR,ERR,ERR,ERR,ERR,34.0,80.0,35,0.0,0.0,0.0,0.0,0.0,0.0,0.0,0.0,0.0,0.0,0.0,0.0,0.0,0.0,0.0,0.0,66.0,0,121,58,54,65476,0,300,0,0,8,20529,65476,0,0,57672,80.0,0.0,0.0,0.0,0.0,0.0
2026-06-18T02:00:36,ERR,ERR,ERR,ERR,ERR,ERR,ERR,ERR,ERR,ERR,ERR,ERR,ERR,ERR,ERR,ERR,ERR,ERR,ERR,ERR,ERR,ERR,ERR,ERR,ERR,ERR,ERR,ERR,ERR,ERR,ERR,ERR,ERR,ERR,ERR,ERR,ERR,ERR,ERR,ERR,ERR,ERR,ERR,ERR,ERR,ERR,ERR,ERR,ERR,ERR,ERR,ERR,ERR,ERR,ERR,ERR,ERR,ERR,ERR,ERR,ERR,ERR,ERR,ERR,ERR,ERR,ERR,ERR,ERR,ERR,ERR,ERR,ERR,ERR,ERR,ERR,ERR,ERR,ERR,ERR,ERR,ERR,ERR,ERR,ERR,ERR,ERR,ERR,ERR,ERR,ERR,ERR,ERR,ERR,ERR,ERR,ERR,ERR,ERR,ERR,ERR,ERR,ERR,ERR,ERR,ERR,ERR,ERR,ERR,ERR,ERR,ERR,ERR,ERR,ERR,ERR,ERR,ERR,ERR,ERR,ERR,ERR,ERR,ERR,ERR,-107615400.0,0.0,-134999232.0,-0.0,0.0,1.3936040501711995e+18,7.805,11082173251584.0,0,0,4,48852,6720,14723890282496.0,100,0.0,0.0,0.0,89215.008,0.0,0,0,0,0,0.0,0,0,0,0,0,0,0,0,0,0,0,0,0,0,0,0,0,0,0,0,0,0,0,0,0,0,0,0,0,0,0,0,0,26,51,50,76,65476,0,300,0,0,8,21553,0.0,-107605600.0,0.0,0.0,0.0,0.0,0.0,0.0,0.0,0.0,0.0,0.0,0.0,0.0,0.0,0.0,0.0,0.0,0.0,0.0,0.0,0.0,2.004,2.004,-0.0,0.0,0.0,0.0,0.0,0.0,4727.0,0.0,7301.0,-107615400.0,0.0,0.0,-0.0,0.0,0.0,0.0,0.0,77,0.0,1.9056838611828736e+17,0.0,0.0,0.0,0.0,0.0,0.0,0.0,0,0,0,0.0,0.0,0.0,0.0,0.0,0.0,0.0,0.0,0.0,0.0,0.0,0.0,0.0,0.0,0.0,0.0,0,-107875648.0,77,0.0,154,0.0,2.6533922776413385e+23,ERR,ERR,ERR,ERR,ERR,ERR,ERR,ERR,ERR,ERR,ERR,ERR,ERR,ERR,ERR,ERR,ERR,ERR,ERR,ERR,ERR,ERR,ERR,ERR,ERR,ERR,ERR,ERR,ERR,ERR,ERR,ERR,ERR,ERR,ERR,ERR,ERR,ERR,ERR,ERR,ERR,ERR,ERR,ERR,ERR,ERR,ERR,ERR,ERR,ERR,ERR,ERR,ERR,ERR,ERR,ERR,ERR,ERR,ERR,ERR,ERR,ERR,ERR,ERR,ERR,ERR,ERR,34.0,80.0,35,0.0,0.0,0.0,0.0,0.0,0.0,0.0,0.0,0.0,0.0,0.0,0.0,0.0,0.0,0.0,0.0,66.0,0,121,58,54,65476,0,300,0,0,8,20529,65476,0,0,57672,80.0,0.0,0.0,0.0,0.0,0.0
2026-06-18T02:00:37,ERR,ERR,ERR,ERR,ERR,ERR,ERR,ERR,ERR,ERR,ERR,ERR,ERR,ERR,ERR,ERR,ERR,ERR,ERR,ERR,ERR,ERR,ERR,ERR,ERR,ERR,ERR,ERR,ERR,ERR,ERR,ERR,ERR,ERR,ERR,ERR,ERR,ERR,ERR,ERR,ERR,ERR,ERR,ERR,ERR,ERR,ERR,ERR,ERR,ERR,ERR,ERR,ERR,ERR,ERR,ERR,ERR,ERR,ERR,ERR,ERR,ERR,ERR,ERR,ERR,ERR,ERR,ERR,ERR,ERR,ERR,ERR,ERR,ERR,ERR,ERR,ERR,ERR,ERR,ERR,ERR,ERR,ERR,ERR,ERR,ERR,ERR,ERR,ERR,ERR,ERR,ERR,ERR,ERR,ERR,ERR,ERR,ERR,ERR,ERR,ERR,ERR,ERR,ERR,ERR,ERR,ERR,ERR,ERR,ERR,ERR,ERR,ERR,ERR,ERR,ERR,ERR,ERR,ERR,ERR,ERR,ERR,ERR,ERR,ERR,-107615400.0,0.0,-134999232.0,-0.0,0.0,1.3936040501711995e+18,7.805,11082173251584.0,0,0,4,48852,6720,14723890282496.0,100,0.0,0.0,0.0,89215.008,0.0,0,0,0,0,0.0,0,0,0,0,0,0,0,0,0,0,0,0,0,0,0,0,0,0,0,0,0,0,0,0,0,0,0,0,0,0,0,0,0,26,51,50,76,65476,0,300,0,0,8,21553,0.0,-107605600.0,0.0,0.0,0.0,0.0,0.0,0.0,0.0,0.0,0.0,0.0,0.0,0.0,0.0,0.0,0.0,0.0,0.0,0.0,0.0,0.0,2.004,2.004,-0.0,0.0,0.0,0.0,0.0,0.0,4727.0,0.0,7301.0,-107615400.0,0.0,0.0,-0.0,0.0,0.0,0.0,0.0,77,0.0,1.9056838611828736e+17,0.0,0.0,0.0,0.0,0.0,0.0,0.0,0,0,0,0.0,0.0,0.0,0.0,0.0,0.0,0.0,0.0,0.0,0.0,0.0,0.0,0.0,0.0,0.0,0.0,0,-107875648.0,77,0.0,154,0.0,2.6533922776413385e+23,ERR,ERR,ERR,ERR,ERR,ERR,ERR,ERR,ERR,ERR,ERR,ERR,ERR,ERR,ERR,ERR,ERR,ERR,ERR,ERR,ERR,ERR,ERR,ERR,ERR,ERR,ERR,ERR,ERR,ERR,ERR,ERR,ERR,ERR,ERR,ERR,ERR,ERR,ERR,ERR,ERR,ERR,ERR,ERR,ERR,ERR,ERR,ERR,ERR,ERR,ERR,ERR,ERR,ERR,ERR,ERR,ERR,ERR,ERR,ERR,ERR,ERR,ERR,ERR,ERR,ERR,ERR,34.0,80.0,35,0.0,0.0,0.0,0.0,0.0,0.0,0.0,0.0,0.0,0.0,0.0,0.0,0.0,0.0,0.0,0.0,66.0,0,121,58,54,65476,0,300,0,0,8,20529,65476,0,0,57672,80.0,0.0,0.0,0.0,0.0,0.0
2026-06-18T02:00:38,ERR,ERR,ERR,ERR,ERR,ERR,ERR,ERR,ERR,ERR,ERR,ERR,ERR,ERR,ERR,ERR,ERR,ERR,ERR,ERR,ERR,ERR,ERR,ERR,ERR,ERR,ERR,ERR,ERR,ERR,ERR,ERR,ERR,ERR,ERR,ERR,ERR,ERR,ERR,ERR,ERR,ERR,ERR,ERR,ERR,ERR,ERR,ERR,ERR,ERR,ERR,ERR,ERR,ERR,ERR,ERR,ERR,ERR,ERR,ERR,ERR,ERR,ERR,ERR,ERR,ERR,ERR,ERR,ERR,ERR,ERR,ERR,ERR,ERR,ERR,ERR,ERR,ERR,ERR,ERR,ERR,ERR,ERR,ERR,ERR,ERR,ERR,ERR,ERR,ERR,ERR,ERR,ERR,ERR,ERR,ERR,ERR,ERR,ERR,ERR,ERR,ERR,ERR,ERR,ERR,ERR,ERR,ERR,ERR,ERR,ERR,ERR,ERR,ERR,ERR,ERR,ERR,ERR,ERR,ERR,ERR,ERR,ERR,ERR,ERR,-107615400.0,0.0,-134999232.0,0.0,0.0,1.3936040501711995e+18,7.805,5.082843243955664e+23,0,0,4,48855,6720,14723890282496.0,100,0.0,0.0,0.0,0.0,0.0,0,0,0,0,0.0,0,0,0,0,0,0,0,0,0,0,0,0,0,0,0,0,0,0,0,0,0,0,0,0,0,0,0,0,0,0,0,0,0,26,51,50,76,65476,0,300,0,0,8,21553,0.0,-107605600.0,0.0,0.0,0.0,0.0,0.0,0.0,0.0,0.0,0.0,0.0,0.0,0.0,0.0,0.0,0.0,0.0,0.0,0.0,0.0,0.0,2.004,2.004,-0.0,0.0,0.0,0.0,0.0,0.0,4725.0,0.0,7302.0,-107615400.0,0.0,0.0,-0.0,0.0,0.0,0.0,0.0,77,0.0,2.7184152490613138e+23,0.0,0.0,0.0,0.0,0.0,0.0,0.0,0,0,0,0.0,0.0,0.0,0.0,0.0,0.0,0.0,0.0,0.0,0.0,0.0,0.0,0.0,0.0,0.0,0.0,0,-107875648.0,77,0.0,154,0.0,2.6533922776413385e+23,ERR,ERR,ERR,ERR,ERR,ERR,ERR,ERR,ERR,ERR,ERR,ERR,ERR,ERR,ERR,ERR,ERR,ERR,ERR,ERR,ERR,ERR,ERR,ERR,ERR,ERR,ERR,ERR,ERR,ERR,ERR,ERR,ERR,ERR,ERR,ERR,ERR,ERR,ERR,ERR,ERR,ERR,ERR,ERR,ERR,ERR,ERR,ERR,ERR,ERR,ERR,ERR,ERR,ERR,ERR,ERR,ERR,ERR,ERR,ERR,ERR,ERR,ERR,ERR,ERR,ERR,ERR,34.0,80.0,35,0.0,0.0,0.0,0.0,0.0,0.0,0.0,0.0,0.0,0.0,0.0,0.0,0.0,0.0,0.0,0.0,66.0,0,121,58,54,65476,0,300,0,0,8,20529,65476,0,0,57672,80.0,0.0,0.0,0.0,0.0,0.0
2026-06-18T02:00:39,ERR,ERR,ERR,ERR,ERR,ERR,ERR,ERR,ERR,ERR,ERR,ERR,ERR,ERR,ERR,ERR,ERR,ERR,ERR,ERR,ERR,ERR,ERR,ERR,ERR,ERR,ERR,ERR,ERR,ERR,ERR,ERR,ERR,ERR,ERR,ERR,ERR,ERR,ERR,ERR,ERR,ERR,ERR,ERR,ERR,ERR,ERR,ERR,ERR,ERR,ERR,ERR,ERR,ERR,ERR,ERR,ERR,ERR,ERR,ERR,ERR,ERR,ERR,ERR,ERR,ERR,ERR,ERR,ERR,ERR,ERR,ERR,ERR,ERR,ERR,ERR,ERR,ERR,ERR,ERR,ERR,ERR,ERR,ERR,ERR,ERR,ERR,ERR,ERR,ERR,ERR,ERR,ERR,ERR,ERR,ERR,ERR,ERR,ERR,ERR,ERR,ERR,ERR,ERR,ERR,ERR,ERR,ERR,ERR,ERR,ERR,ERR,ERR,ERR,ERR,ERR,ERR,ERR,ERR,ERR,ERR,ERR,ERR,ERR,ERR,-107615400.0,0.0,-134999232.0,0.0,0.0,1.3936040501711995e+18,7.805,5.082843243955664e+23,0,0,4,48855,6720,14723890282496.0,100,0.0,0.0,0.0,0.0,0.0,0,0,0,0,0.0,0,0,0,0,0,0,0,0,0,0,0,0,0,0,0,0,0,0,0,0,0,0,0,0,0,0,0,0,0,0,0,0,0,26,51,50,76,65476,0,300,0,0,8,21553,0.0,-107605600.0,0.0,0.0,0.0,0.0,0.0,0.0,0.0,0.0,0.0,0.0,0.0,0.0,0.0,0.0,0.0,0.0,0.0,0.0,0.0,0.0,2.004,2.004,-0.0,0.0,0.0,0.0,0.0,0.0,4725.0,0.0,7302.0,-107615400.0,0.0,0.0,-0.0,0.0,0.0,0.0,0.0,77,0.0,2.7184152490613138e+23,0.0,0.0,0.0,0.0,0.0,0.0,0.0,0,0,0,0.0,0.0,0.0,0.0,0.0,0.0,0.0,0.0,0.0,0.0,0.0,0.0,0.0,0.0,0.0,0.0,0,-107875648.0,77,0.0,154,0.0,2.6533922776413385e+23,ERR,ERR,ERR,ERR,ERR,ERR,ERR,ERR,ERR,ERR,ERR,ERR,ERR,ERR,ERR,ERR,ERR,ERR,ERR,ERR,ERR,ERR,ERR,ERR,ERR,ERR,ERR,ERR,ERR,ERR,ERR,ERR,ERR,ERR,ERR,ERR,ERR,ERR,ERR,ERR,ERR,ERR,ERR,ERR,ERR,ERR,ERR,ERR,ERR,ERR,ERR,ERR,ERR,ERR,ERR,ERR,ERR,ERR,ERR,ERR,ERR,ERR,ERR,ERR,ERR,ERR,ERR,34.0,80.0,35,0.0,0.0,0.0,0.0,0.0,0.0,0.0,0.0,0.0,0.0,0.0,0.0,0.0,0.0,0.0,0.0,66.0,0,121,58,54,65476,0,300,0,0,8,20529,65476,0,0,57672,80.0,0.0,0.0,0.0,0.0,0.0
2026-06-18T02:00:40,ERR,ERR,ERR,ERR,ERR,ERR,ERR,ERR,ERR,ERR,ERR,ERR,ERR,ERR,ERR,ERR,ERR,ERR,ERR,ERR,ERR,ERR,ERR,ERR,ERR,ERR,ERR,ERR,ERR,ERR,ERR,ERR,ERR,ERR,ERR,ERR,ERR,ERR,ERR,ERR,ERR,ERR,ERR,ERR,ERR,ERR,ERR,ERR,ERR,ERR,ERR,ERR,ERR,ERR,ERR,ERR,ERR,ERR,ERR,ERR,ERR,ERR,ERR,ERR,ERR,ERR,ERR,ERR,ERR,ERR,ERR,ERR,ERR,ERR,ERR,ERR,ERR,ERR,ERR,ERR,ERR,ERR,ERR,ERR,ERR,ERR,ERR,ERR,ERR,ERR,ERR,ERR,ERR,ERR,ERR,ERR,ERR,ERR,ERR,ERR,ERR,ERR,ERR,ERR,ERR,ERR,ERR,ERR,ERR,ERR,ERR,ERR,ERR,ERR,ERR,ERR,ERR,ERR,ERR,ERR,ERR,ERR,ERR,ERR,ERR,-107615400.0,0.0,-134999232.0,0.0,0.0,1.3936040501711995e+18,7.805,5.082843243955664e+23,0,0,4,48855,6720,14723890282496.0,100,0.0,0.0,0.0,0.0,0.0,0,0,0,0,0.0,0,0,0,0,0,0,0,0,0,0,0,0,0,0,0,0,0,0,0,0,0,0,0,0,0,0,0,0,0,0,0,0,0,26,51,50,76,65476,0,300,0,0,8,21553,0.0,-107605600.0,0.0,0.0,0.0,0.0,0.0,0.0,0.0,0.0,0.0,0.0,0.0,0.0,0.0,0.0,0.0,0.0,0.0,0.0,0.0,0.0,2.004,2.004,-0.0,0.0,0.0,0.0,0.0,0.0,4725.0,0.0,7302.0,-107615400.0,0.0,0.0,-0.0,0.0,0.0,0.0,0.0,77,0.0,2.7184152490613138e+23,0.0,0.0,0.0,0.0,0.0,0.0,0.0,0,0,0,0.0,0.0,0.0,0.0,0.0,0.0,0.0,0.0,0.0,0.0,0.0,0.0,0.0,0.0,0.0,0.0,0,-107875648.0,77,0.0,154,0.0,2.6533922776413385e+23,ERR,ERR,ERR,ERR,ERR,ERR,ERR,ERR,ERR,ERR,ERR,ERR,ERR,ERR,ERR,ERR,ERR,ERR,ERR,ERR,ERR,ERR,ERR,ERR,ERR,ERR,ERR,ERR,ERR,ERR,ERR,ERR,ERR,ERR,ERR,ERR,ERR,ERR,ERR,ERR,ERR,ERR,ERR,ERR,ERR,ERR,ERR,ERR,ERR,ERR,ERR,ERR,ERR,ERR,ERR,ERR,ERR,ERR,ERR,ERR,ERR,ERR,ERR,ERR,ERR,ERR,ERR,34.0,80.0,35,0.0,0.0,0.0,0.0,0.0,0.0,0.0,0.0,0.0,0.0,0.0,0.0,0.0,0.0,0.0,0.0,66.0,0,121,58,54,65476,0,300,0,0,8,20529,65476,0,0,57672,80.0,0.0,0.0,0.0,0.0,0.0
2026-06-18T02:00:41,ERR,ERR,ERR,ERR,ERR,ERR,ERR,ERR,ERR,ERR,ERR,ERR,ERR,ERR,ERR,ERR,ERR,ERR,ERR,ERR,ERR,ERR,ERR,ERR,ERR,ERR,ERR,ERR,ERR,ERR,ERR,ERR,ERR,ERR,ERR,ERR,ERR,ERR,ERR,ERR,ERR,ERR,ERR,ERR,ERR,ERR,ERR,ERR,ERR,ERR,ERR,ERR,ERR,ERR,ERR,ERR,ERR,ERR,ERR,ERR,ERR,ERR,ERR,ERR,ERR,ERR,ERR,ERR,ERR,ERR,ERR,ERR,ERR,ERR,ERR,ERR,ERR,ERR,ERR,ERR,ERR,ERR,ERR,ERR,ERR,ERR,ERR,ERR,ERR,ERR,ERR,ERR,ERR,ERR,ERR,ERR,ERR,ERR,ERR,ERR,ERR,ERR,ERR,ERR,ERR,ERR,ERR,ERR,ERR,ERR,ERR,ERR,ERR,ERR,ERR,ERR,ERR,ERR,ERR,ERR,ERR,ERR,ERR,ERR,ERR,-107615400.0,0.0,-134999232.0,0.0,0.0,1.3936040501711995e+18,7.805,5.082843243955664e+23,0,0,4,48855,6720,14723890282496.0,100,0.0,0.0,0.0,0.0,0.0,0,0,0,0,0.0,0,0,0,0,0,0,0,0,0,0,0,0,0,0,0,0,0,0,0,0,0,0,0,0,0,0,0,0,0,0,0,0,0,26,51,50,76,65476,0,300,0,0,8,21553,0.0,-107605600.0,0.0,0.0,0.0,0.0,0.0,0.0,0.0,0.0,0.0,0.0,0.0,0.0,0.0,0.0,0.0,0.0,0.0,0.0,0.0,0.0,2.004,2.004,-0.0,0.0,0.0,0.0,0.0,0.0,4725.0,0.0,7302.0,-107615400.0,0.0,0.0,-0.0,0.0,0.0,0.0,0.0,77,0.0,2.7184152490613138e+23,0.0,0.0,0.0,0.0,0.0,0.0,0.0,0,0,0,0.0,0.0,0.0,0.0,0.0,0.0,0.0,0.0,0.0,0.0,0.0,0.0,0.0,0.0,0.0,0.0,0,-107875648.0,77,0.0,154,0.0,2.6533922776413385e+23,ERR,ERR,ERR,ERR,ERR,ERR,ERR,ERR,ERR,ERR,ERR,ERR,ERR,ERR,ERR,ERR,ERR,ERR,ERR,ERR,ERR,ERR,ERR,ERR,ERR,ERR,ERR,ERR,ERR,ERR,ERR,ERR,ERR,ERR,ERR,ERR,ERR,ERR,ERR,ERR,ERR,ERR,ERR,ERR,ERR,ERR,ERR,ERR,ERR,ERR,ERR,ERR,ERR,ERR,ERR,ERR,ERR,ERR,ERR,ERR,ERR,ERR,ERR,ERR,ERR,ERR,ERR,34.0,80.0,35,0.0,0.0,0.0,0.0,0.0,0.0,0.0,0.0,0.0,0.0,0.0,0.0,0.0,0.0,0.0,0.0,66.0,0,121,58,54,65476,0,300,0,0,8,20529,65476,0,0,57672,80.0,0.0,0.0,0.0,0.0,0.0
2026-06-18T02:00:42,ERR,ERR,ERR,ERR,ERR,ERR,ERR,ERR,ERR,ERR,ERR,ERR,ERR,ERR,ERR,ERR,ERR,ERR,ERR,ERR,ERR,ERR,ERR,ERR,ERR,ERR,ERR,ERR,ERR,ERR,ERR,ERR,ERR,ERR,ERR,ERR,ERR,ERR,ERR,ERR,ERR,ERR,ERR,ERR,ERR,ERR,ERR,ERR,ERR,ERR,ERR,ERR,ERR,ERR,ERR,ERR,ERR,ERR,ERR,ERR,ERR,ERR,ERR,ERR,ERR,ERR,ERR,ERR,ERR,ERR,ERR,ERR,ERR,ERR,ERR,ERR,ERR,ERR,ERR,ERR,ERR,ERR,ERR,ERR,ERR,ERR,ERR,ERR,ERR,ERR,ERR,ERR,ERR,ERR,ERR,ERR,ERR,ERR,ERR,ERR,ERR,ERR,ERR,ERR,ERR,ERR,ERR,ERR,ERR,ERR,ERR,ERR,ERR,ERR,ERR,ERR,ERR,ERR,ERR,ERR,ERR,ERR,ERR,ERR,ERR,-107615400.0,0.0,-134999232.0,0.0,0.0,1.3936040501711995e+18,7.805,5.082843243955664e+23,0,0,4,48855,6720,14723890282496.0,100,0.0,0.0,0.0,0.0,0.0,0,0,0,0,0.0,0,0,0,0,0,0,0,0,0,0,0,0,0,0,0,0,0,0,0,0,0,0,0,0,0,0,0,0,0,0,0,0,0,26,51,50,76,65476,0,300,0,0,8,21553,0.0,-107605600.0,0.0,0.0,0.0,0.0,0.0,0.0,0.0,0.0,0.0,0.0,0.0,0.0,0.0,0.0,0.0,0.0,0.0,0.0,0.0,0.0,2.004,2.004,-0.0,0.0,0.0,0.0,0.0,0.0,4725.0,0.0,7302.0,-107615400.0,0.0,0.0,-0.0,0.0,0.0,0.0,0.0,77,0.0,2.7184152490613138e+23,0.0,0.0,0.0,0.0,0.0,0.0,0.0,0,0,0,0.0,0.0,0.0,0.0,0.0,0.0,0.0,0.0,0.0,0.0,0.0,0.0,0.0,0.0,0.0,0.0,0,-107875648.0,77,0.0,154,0.0,2.6533922776413385e+23,ERR,ERR,ERR,ERR,ERR,ERR,ERR,ERR,ERR,ERR,ERR,ERR,ERR,ERR,ERR,ERR,ERR,ERR,ERR,ERR,ERR,ERR,ERR,ERR,ERR,ERR,ERR,ERR,ERR,ERR,ERR,ERR,ERR,ERR,ERR,ERR,ERR,ERR,ERR,ERR,ERR,ERR,ERR,ERR,ERR,ERR,ERR,ERR,ERR,ERR,ERR,ERR,ERR,ERR,ERR,ERR,ERR,ERR,ERR,ERR,ERR,ERR,ERR,ERR,ERR,ERR,ERR,34.0,80.0,35,0.0,0.0,0.0,0.0,0.0,0.0,0.0,0.0,0.0,0.0,0.0,0.0,0.0,0.0,0.0,0.0,66.0,0,121,58,54,65476,0,300,0,0,8,20529,65476,0,0,57672,80.0,0.0,0.0,0.0,0.0,0.0
2026-06-18T02:00:43,ERR,ERR,ERR,ERR,ERR,ERR,ERR,ERR,ERR,ERR,ERR,ERR,ERR,ERR,ERR,ERR,ERR,ERR,ERR,ERR,ERR,ERR,ERR,ERR,ERR,ERR,ERR,ERR,ERR,ERR,ERR,ERR,ERR,ERR,ERR,ERR,ERR,ERR,ERR,ERR,ERR,ERR,ERR,ERR,ERR,ERR,ERR,ERR,ERR,ERR,ERR,ERR,ERR,ERR,ERR,ERR,ERR,ERR,ERR,ERR,ERR,ERR,ERR,ERR,ERR,ERR,ERR,ERR,ERR,ERR,ERR,ERR,ERR,ERR,ERR,ERR,ERR,ERR,ERR,ERR,ERR,ERR,ERR,ERR,ERR,ERR,ERR,ERR,ERR,ERR,ERR,ERR,ERR,ERR,ERR,ERR,ERR,ERR,ERR,ERR,ERR,ERR,ERR,ERR,ERR,ERR,ERR,ERR,ERR,ERR,ERR,ERR,ERR,ERR,ERR,ERR,ERR,ERR,ERR,ERR,ERR,ERR,ERR,ERR,ERR,-107615400.0,0.0,-134999232.0,-0.0,0.0,1.3936040501711995e+18,7.805,0.001,0,0,4,48902,6720,14723890282496.0,100,0.0,0.0,0.0,0.0,0.0,0,0,0,0,0.0,0,0,0,0,0,0,0,0,0,0,0,0,0,0,0,0,0,0,0,0,0,0,0,0,0,0,0,0,0,0,0,0,0,26,51,50,76,65476,0,300,0,0,8,21553,0.0,-107605600.0,0.0,0.0,0.0,0.0,0.0,0.0,0.0,0.0,0.0,0.0,0.0,0.0,0.0,0.0,0.0,0.0,0.0,0.0,0.0,0.0,2.004,2.004,-0.0,0.0,0.0,0.0,0.0,0.0,4726.0,2.004,7304.0,-107615400.0,0.0,0.0,-0.0,0.0,0.0,0.0,0.0,77,0.0,5.8480509294696404e+35,0.0,0.0,0.0,0.0,0.0,0.0,0.0,0,0,0,0.0,0.0,0.0,0.0,0.0,0.0,0.0,0.0,0.0,0.0,0.0,0.0,0.0,0.0,0.0,0.0,0,-107875648.0,77,0.0,154,0.0,2.6533922776413385e+23,ERR,ERR,ERR,ERR,ERR,ERR,ERR,ERR,ERR,ERR,ERR,ERR,ERR,ERR,ERR,ERR,ERR,ERR,ERR,ERR,ERR,ERR,ERR,ERR,ERR,ERR,ERR,ERR,ERR,ERR,ERR,ERR,ERR,ERR,ERR,ERR,ERR,ERR,ERR,ERR,ERR,ERR,ERR,ERR,ERR,ERR,ERR,ERR,ERR,ERR,ERR,ERR,ERR,ERR,ERR,ERR,ERR,ERR,ERR,ERR,ERR,ERR,ERR,ERR,ERR,ERR,ERR,34.0,80.0,35,0.0,0.0,0.0,0.0,0.0,0.0,0.0,0.0,0.0,0.0,0.0,0.0,0.0,0.0,0.0,0.0,66.0,0,121,58,54,65476,0,300,0,0,8,20529,65476,0,0,57672,80.0,0.0,0.0,0.0,0.0,0.0
2026-06-18T02:00:44,ERR,ERR,ERR,ERR,ERR,ERR,ERR,ERR,ERR,ERR,ERR,ERR,ERR,ERR,ERR,ERR,ERR,ERR,ERR,ERR,ERR,ERR,ERR,ERR,ERR,ERR,ERR,ERR,ERR,ERR,ERR,ERR,ERR,ERR,ERR,ERR,ERR,ERR,ERR,ERR,ERR,ERR,ERR,ERR,ERR,ERR,ERR,ERR,ERR,ERR,ERR,ERR,ERR,ERR,ERR,ERR,ERR,ERR,ERR,ERR,ERR,ERR,ERR,ERR,ERR,ERR,ERR,ERR,ERR,ERR,ERR,ERR,ERR,ERR,ERR,ERR,ERR,ERR,ERR,ERR,ERR,ERR,ERR,ERR,ERR,ERR,ERR,ERR,ERR,ERR,ERR,ERR,ERR,ERR,ERR,ERR,ERR,ERR,ERR,ERR,ERR,ERR,ERR,ERR,ERR,ERR,ERR,ERR,ERR,ERR,ERR,ERR,ERR,ERR,ERR,ERR,ERR,ERR,ERR,ERR,ERR,ERR,ERR,ERR,ERR,-107615400.0,0.0,-134999232.0,-0.0,0.0,1.3936040501711995e+18,7.805,0.001,0,0,4,48902,6720,14723890282496.0,100,0.0,0.0,0.0,0.0,0.0,0,0,0,0,0.0,0,0,0,0,0,0,0,0,0,0,0,0,0,0,0,0,0,0,0,0,0,0,0,0,0,0,0,0,0,0,0,0,0,26,51,50,76,65476,0,300,0,0,8,21553,0.0,-107605600.0,0.0,0.0,0.0,0.0,0.0,0.0,0.0,0.0,0.0,0.0,0.0,0.0,0.0,0.0,0.0,0.0,0.0,0.0,0.0,0.0,2.004,2.004,-0.0,0.0,0.0,0.0,0.0,0.0,4726.0,2.004,7304.0,-107615400.0,0.0,0.0,-0.0,0.0,0.0,0.0,0.0,77,0.0,5.8480509294696404e+35,0.0,0.0,0.0,0.0,0.0,0.0,0.0,0,0,0,0.0,0.0,0.0,0.0,0.0,0.0,0.0,0.0,0.0,0.0,0.0,0.0,0.0,0.0,0.0,0.0,0,-107875648.0,77,0.0,154,0.0,2.6533922776413385e+23,ERR,ERR,ERR,ERR,ERR,ERR,ERR,ERR,ERR,ERR,ERR,ERR,ERR,ERR,ERR,ERR,ERR,ERR,ERR,ERR,ERR,ERR,ERR,ERR,ERR,ERR,ERR,ERR,ERR,ERR,ERR,ERR,ERR,ERR,ERR,ERR,ERR,ERR,ERR,ERR,ERR,ERR,ERR,ERR,ERR,ERR,ERR,ERR,ERR,ERR,ERR,ERR,ERR,ERR,ERR,ERR,ERR,ERR,ERR,ERR,ERR,ERR,ERR,ERR,ERR,ERR,ERR,34.0,80.0,35,0.0,0.0,0.0,0.0,0.0,0.0,0.0,0.0,0.0,0.0,0.0,0.0,0.0,0.0,0.0,0.0,66.0,0,121,58,54,65476,0,300,0,0,8,20529,65476,0,0,57672,80.0,0.0,0.0,0.0,0.0,0.0
2026-06-18T02:00:45,ERR,ERR,ERR,ERR,ERR,ERR,ERR,ERR,ERR,ERR,ERR,ERR,ERR,ERR,ERR,ERR,ERR,ERR,ERR,ERR,ERR,ERR,ERR,ERR,ERR,ERR,ERR,ERR,ERR,ERR,ERR,ERR,ERR,ERR,ERR,ERR,ERR,ERR,ERR,ERR,ERR,ERR,ERR,ERR,ERR,ERR,ERR,ERR,ERR,ERR,ERR,ERR,ERR,ERR,ERR,ERR,ERR,ERR,ERR,ERR,ERR,ERR,ERR,ERR,ERR,ERR,ERR,ERR,ERR,ERR,ERR,ERR,ERR,ERR,ERR,ERR,ERR,ERR,ERR,ERR,ERR,ERR,ERR,ERR,ERR,ERR,ERR,ERR,ERR,ERR,ERR,ERR,ERR,ERR,ERR,ERR,ERR,ERR,ERR,ERR,ERR,ERR,ERR,ERR,ERR,ERR,ERR,ERR,ERR,ERR,ERR,ERR,ERR,ERR,ERR,ERR,ERR,ERR,ERR,ERR,ERR,ERR,ERR,ERR,ERR,-107615400.0,0.0,-134999232.0,-0.0,0.0,1.3936040501711995e+18,7.805,0.001,0,0,4,48902,6720,14723890282496.0,100,0.0,0.0,0.0,0.0,0.0,0,0,0,0,0.0,0,0,0,0,0,0,0,0,0,0,0,0,0,0,0,0,0,0,0,0,0,0,0,0,0,0,0,0,0,0,0,0,0,26,51,50,76,65476,0,300,0,0,8,21553,0.0,-107605600.0,0.0,0.0,0.0,0.0,0.0,0.0,0.0,0.0,0.0,0.0,0.0,0.0,0.0,0.0,0.0,0.0,0.0,0.0,0.0,0.0,2.004,2.004,-0.0,0.0,0.0,0.0,0.0,0.0,4726.0,2.004,7304.0,-107615400.0,0.0,0.0,-0.0,0.0,0.0,0.0,0.0,77,0.0,5.8480509294696404e+35,0.0,0.0,0.0,0.0,0.0,0.0,0.0,0,0,0,0.0,0.0,0.0,0.0,0.0,0.0,0.0,0.0,0.0,0.0,0.0,0.0,0.0,0.0,0.0,0.0,0,-107875648.0,77,0.0,154,0.0,2.6533922776413385e+23,ERR,ERR,ERR,ERR,ERR,ERR,ERR,ERR,ERR,ERR,ERR,ERR,ERR,ERR,ERR,ERR,ERR,ERR,ERR,ERR,ERR,ERR,ERR,ERR,ERR,ERR,ERR,ERR,ERR,ERR,ERR,ERR,ERR,ERR,ERR,ERR,ERR,ERR,ERR,ERR,ERR,ERR,ERR,ERR,ERR,ERR,ERR,ERR,ERR,ERR,ERR,ERR,ERR,ERR,ERR,ERR,ERR,ERR,ERR,ERR,ERR,ERR,ERR,ERR,ERR,ERR,ERR,34.0,80.0,35,0.0,0.0,0.0,0.0,0.0,0.0,0.0,0.0,0.0,0.0,0.0,0.0,0.0,0.0,0.0,0.0,66.0,0,121,58,54,65476,0,300,0,0,8,20529,65476,0,0,57672,80.0,0.0,0.0,0.0,0.0,0.0
2026-06-18T02:00:46,ERR,ERR,ERR,ERR,ERR,ERR,ERR,ERR,ERR,ERR,ERR,ERR,ERR,ERR,ERR,ERR,ERR,ERR,ERR,ERR,ERR,ERR,ERR,ERR,ERR,ERR,ERR,ERR,ERR,ERR,ERR,ERR,ERR,ERR,ERR,ERR,ERR,ERR,ERR,ERR,ERR,ERR,ERR,ERR,ERR,ERR,ERR,ERR,ERR,ERR,ERR,ERR,ERR,ERR,ERR,ERR,ERR,ERR,ERR,ERR,ERR,ERR,ERR,ERR,ERR,ERR,ERR,ERR,ERR,ERR,ERR,ERR,ERR,ERR,ERR,ERR,ERR,ERR,ERR,ERR,ERR,ERR,ERR,ERR,ERR,ERR,ERR,ERR,ERR,ERR,ERR,ERR,ERR,ERR,ERR,ERR,ERR,ERR,ERR,ERR,ERR,ERR,ERR,ERR,ERR,ERR,ERR,ERR,ERR,ERR,ERR,ERR,ERR,ERR,ERR,ERR,ERR,ERR,ERR,ERR,ERR,ERR,ERR,ERR,ERR,-107615400.0,0.0,-134999232.0,-0.0,0.0,1.3936040501711995e+18,7.805,0.001,0,0,4,48902,6720,14723890282496.0,100,0.0,0.0,0.0,0.0,0.0,0,0,0,0,0.0,0,0,0,0,0,0,0,0,0,0,0,0,0,0,0,0,0,0,0,0,0,0,0,0,0,0,0,0,0,0,0,0,0,26,51,50,76,65476,0,300,0,0,8,21553,0.0,-107605600.0,0.0,0.0,0.0,0.0,0.0,0.0,0.0,0.0,0.0,0.0,0.0,0.0,0.0,0.0,0.0,0.0,0.0,0.0,0.0,0.0,2.004,2.004,-0.0,0.0,0.0,0.0,0.0,0.0,4726.0,2.004,7304.0,-107615400.0,0.0,0.0,-0.0,0.0,0.0,0.0,0.0,77,0.0,5.8480509294696404e+35,0.0,0.0,0.0,0.0,0.0,0.0,0.0,0,0,0,0.0,0.0,0.0,0.0,0.0,0.0,0.0,0.0,0.0,0.0,0.0,0.0,0.0,0.0,0.0,0.0,0,-107875648.0,77,0.0,154,0.0,2.6533922776413385e+23,ERR,ERR,ERR,ERR,ERR,ERR,ERR,ERR,ERR,ERR,ERR,ERR,ERR,ERR,ERR,ERR,ERR,ERR,ERR,ERR,ERR,ERR,ERR,ERR,ERR,ERR,ERR,ERR,ERR,ERR,ERR,ERR,ERR,ERR,ERR,ERR,ERR,ERR,ERR,ERR,ERR,ERR,ERR,ERR,ERR,ERR,ERR,ERR,ERR,ERR,ERR,ERR,ERR,ERR,ERR,ERR,ERR,ERR,ERR,ERR,ERR,ERR,ERR,ERR,ERR,ERR,ERR,34.0,80.0,35,0.0,0.0,0.0,0.0,0.0,0.0,0.0,0.0,0.0,0.0,0.0,0.0,0.0,0.0,0.0,0.0,66.0,0,121,58,54,65476,0,300,0,0,8,20529,65476,0,0,57672,80.0,0.0,0.0,0.0,0.0,0.0
2026-06-18T02:00:47,ERR,ERR,ERR,ERR,ERR,ERR,ERR,ERR,ERR,ERR,ERR,ERR,ERR,ERR,ERR,ERR,ERR,ERR,ERR,ERR,ERR,ERR,ERR,ERR,ERR,ERR,ERR,ERR,ERR,ERR,ERR,ERR,ERR,ERR,ERR,ERR,ERR,ERR,ERR,ERR,ERR,ERR,ERR,ERR,ERR,ERR,ERR,ERR,ERR,ERR,ERR,ERR,ERR,ERR,ERR,ERR,ERR,ERR,ERR,ERR,ERR,ERR,ERR,ERR,ERR,ERR,ERR,ERR,ERR,ERR,ERR,ERR,ERR,ERR,ERR,ERR,ERR,ERR,ERR,ERR,ERR,ERR,ERR,ERR,ERR,ERR,ERR,ERR,ERR,ERR,ERR,ERR,ERR,ERR,ERR,ERR,ERR,ERR,ERR,ERR,ERR,ERR,ERR,ERR,ERR,ERR,ERR,ERR,ERR,ERR,ERR,ERR,ERR,ERR,ERR,ERR,ERR,ERR,ERR,ERR,ERR,ERR,ERR,ERR,ERR,-107615400.0,0.0,-134999232.0,-0.0,0.0,1.3936040501711995e+18,7.805,0.001,0,0,4,48902,6720,14723890282496.0,100,0.0,0.0,0.0,0.0,0.0,0,0,0,0,0.0,0,0,0,0,0,0,0,0,0,0,0,0,0,0,0,0,0,0,0,0,0,0,0,0,0,0,0,0,0,0,0,0,0,26,51,50,76,65476,0,300,0,0,8,21553,0.0,-107605600.0,0.0,0.0,0.0,0.0,0.0,0.0,0.0,0.0,0.0,0.0,0.0,0.0,0.0,0.0,0.0,0.0,0.0,0.0,0.0,0.0,2.004,2.004,-0.0,0.0,0.0,0.0,0.0,0.0,4726.0,2.004,7304.0,-107615400.0,0.0,0.0,-0.0,0.0,0.0,0.0,0.0,77,0.0,5.8480509294696404e+35,0.0,0.0,0.0,0.0,0.0,0.0,0.0,0,0,0,0.0,0.0,0.0,0.0,0.0,0.0,0.0,0.0,0.0,0.0,0.0,0.0,0.0,0.0,0.0,0.0,0,-107875648.0,77,0.0,154,0.0,2.6533922776413385e+23,ERR,ERR,ERR,ERR,ERR,ERR,ERR,ERR,ERR,ERR,ERR,ERR,ERR,ERR,ERR,ERR,ERR,ERR,ERR,ERR,ERR,ERR,ERR,ERR,ERR,ERR,ERR,ERR,ERR,ERR,ERR,ERR,ERR,ERR,ERR,ERR,ERR,ERR,ERR,ERR,ERR,ERR,ERR,ERR,ERR,ERR,ERR,ERR,ERR,ERR,ERR,ERR,ERR,ERR,ERR,ERR,ERR,ERR,ERR,ERR,ERR,ERR,ERR,ERR,ERR,ERR,ERR,34.0,80.0,35,0.0,0.0,0.0,0.0,0.0,0.0,0.0,0.0,0.0,0.0,0.0,0.0,0.0,0.0,0.0,0.0,66.0,0,121,58,54,65476,0,300,0,0,8,20529,65476,0,0,57672,80.0,0.0,0.0,0.0,0.0,0.0
2026-06-18T02:00:48,ERR,ERR,ERR,ERR,ERR,ERR,ERR,ERR,ERR,ERR,ERR,ERR,ERR,ERR,ERR,ERR,ERR,ERR,ERR,ERR,ERR,ERR,ERR,ERR,ERR,ERR,ERR,ERR,ERR,ERR,ERR,ERR,ERR,ERR,ERR,ERR,ERR,ERR,ERR,ERR,ERR,ERR,ERR,ERR,ERR,ERR,ERR,ERR,ERR,ERR,ERR,ERR,ERR,ERR,ERR,ERR,ERR,ERR,ERR,ERR,ERR,ERR,ERR,ERR,ERR,ERR,ERR,ERR,ERR,ERR,ERR,ERR,ERR,ERR,ERR,ERR,ERR,ERR,ERR,ERR,ERR,ERR,ERR,ERR,ERR,ERR,ERR,ERR,ERR,ERR,ERR,ERR,ERR,ERR,ERR,ERR,ERR,ERR,ERR,ERR,ERR,ERR,ERR,ERR,ERR,ERR,ERR,ERR,ERR,ERR,ERR,ERR,ERR,ERR,ERR,ERR,ERR,ERR,ERR,ERR,ERR,ERR,ERR,ERR,ERR,-107615400.0,0.0,-134999232.0,-0.0,0.0,1.3936040501711995e+18,7.805,0.001,0,0,4,48902,6720,14723890282496.0,100,0.0,0.0,0.0,0.0,0.0,0,0,0,0,0.0,0,0,0,0,0,0,0,0,0,0,0,0,0,0,0,0,0,0,0,0,0,0,0,0,0,0,0,0,0,0,0,0,0,26,51,50,76,65476,0,300,0,0,8,21553,0.0,-107605600.0,0.0,0.0,0.0,0.0,0.0,0.0,0.0,0.0,0.0,0.0,0.0,0.0,0.0,0.0,0.0,0.0,0.0,0.0,0.0,0.0,2.004,2.004,-0.0,0.0,0.0,0.0,0.0,0.0,4726.0,2.004,7304.0,-107615400.0,0.0,0.0,-0.0,0.0,0.0,0.0,0.0,77,0.0,5.8480509294696404e+35,0.0,0.0,0.0,0.0,0.0,0.0,0.0,0,0,0,0.0,0.0,0.0,0.0,0.0,0.0,0.0,0.0,0.0,0.0,0.0,0.0,0.0,0.0,0.0,0.0,0,-107875648.0,77,0.0,154,0.0,2.6533922776413385e+23,ERR,ERR,ERR,ERR,ERR,ERR,ERR,ERR,ERR,ERR,ERR,ERR,ERR,ERR,ERR,ERR,ERR,ERR,ERR,ERR,ERR,ERR,ERR,ERR,ERR,ERR,ERR,ERR,ERR,ERR,ERR,ERR,ERR,ERR,ERR,ERR,ERR,ERR,ERR,ERR,ERR,ERR,ERR,ERR,ERR,ERR,ERR,ERR,ERR,ERR,ERR,ERR,ERR,ERR,ERR,ERR,ERR,ERR,ERR,ERR,ERR,ERR,ERR,ERR,ERR,ERR,ERR,34.0,80.0,35,0.0,0.0,0.0,0.0,0.0,0.0,0.0,0.0,0.0,0.0,0.0,0.0,0.0,0.0,0.0,0.0,66.0,0,121,58,54,65476,0,300,0,0,8,20529,65476,0,0,57672,80.0,0.0,0.0,0.0,0.0,0.0
2026-06-18T02:00:49,ERR,ERR,ERR,ERR,ERR,ERR,ERR,ERR,ERR,ERR,ERR,ERR,ERR,ERR,ERR,ERR,ERR,ERR,ERR,ERR,ERR,ERR,ERR,ERR,ERR,ERR,ERR,ERR,ERR,ERR,ERR,ERR,ERR,ERR,ERR,ERR,ERR,ERR,ERR,ERR,ERR,ERR,ERR,ERR,ERR,ERR,ERR,ERR,ERR,ERR,ERR,ERR,ERR,ERR,ERR,ERR,ERR,ERR,ERR,ERR,ERR,ERR,ERR,ERR,ERR,ERR,ERR,ERR,ERR,ERR,ERR,ERR,ERR,ERR,ERR,ERR,ERR,ERR,ERR,ERR,ERR,ERR,ERR,ERR,ERR,ERR,ERR,ERR,ERR,ERR,ERR,ERR,ERR,ERR,ERR,ERR,ERR,ERR,ERR,ERR,ERR,ERR,ERR,ERR,ERR,ERR,ERR,ERR,ERR,ERR,ERR,ERR,ERR,ERR,ERR,ERR,ERR,ERR,ERR,ERR,ERR,ERR,ERR,ERR,ERR,-107615400.0,0.0,-134999232.0,0.0,0.0,1.3936040501711995e+18,7.805,5.082843243955664e+23,0,0,4,48867,6720,14723890282496.0,100,0.0,0.0,0.0,-0.0,0.0,0,0,0,0,0.0,0,0,0,0,0,0,0,0,0,0,0,0,0,0,0,0,0,0,0,0,0,0,0,0,0,0,0,0,0,0,0,0,0,26,51,50,76,65476,0,300,0,0,8,21553,0.0,-107605600.0,0.0,0.0,0.0,0.0,0.0,0.0,0.0,0.0,0.0,0.0,0.0,0.0,0.0,0.0,0.0,0.0,0.0,0.0,0.0,0.0,2.004,2.004,-0.0,0.0,0.0,0.0,0.0,0.0,4726.0,131350.297,7305.0,-107615400.0,0.0,0.0,-0.0,0.0,0.0,0.0,0.0,77,0.0,-0.0,0.0,0.0,0.0,0.0,0.0,0.0,0.0,0,0,0,0.0,0.0,0.0,0.0,0.0,0.0,0.0,0.0,0.0,0.0,0.0,0.0,0.0,0.0,0.0,0.0,0,-107875648.0,77,0.0,154,0.0,2.6533922776413385e+23,ERR,ERR,ERR,ERR,ERR,ERR,ERR,ERR,ERR,ERR,ERR,ERR,ERR,ERR,ERR,ERR,ERR,ERR,ERR,ERR,ERR,ERR,ERR,ERR,ERR,ERR,ERR,ERR,ERR,ERR,ERR,ERR,ERR,ERR,ERR,ERR,ERR,ERR,ERR,ERR,ERR,ERR,ERR,ERR,ERR,ERR,ERR,ERR,ERR,ERR,ERR,ERR,ERR,ERR,ERR,ERR,ERR,ERR,ERR,ERR,ERR,ERR,ERR,ERR,ERR,ERR,ERR,34.0,80.0,35,0.0,0.0,0.0,0.0,0.0,0.0,0.0,0.0,0.0,0.0,0.0,0.0,0.0,0.0,0.0,0.0,66.4,0,121,58,54,65476,0,300,0,0,8,20529,65476,0,0,57672,80.0,0.0,0.0,0.0,0.0,0.0
2026-06-18T02:00:50,ERR,ERR,ERR,ERR,ERR,ERR,ERR,ERR,ERR,ERR,ERR,ERR,ERR,ERR,ERR,ERR,ERR,ERR,ERR,ERR,ERR,ERR,ERR,ERR,ERR,ERR,ERR,ERR,ERR,ERR,ERR,ERR,ERR,ERR,ERR,ERR,ERR,ERR,ERR,ERR,ERR,ERR,ERR,ERR,ERR,ERR,ERR,ERR,ERR,ERR,ERR,ERR,ERR,ERR,ERR,ERR,ERR,ERR,ERR,ERR,ERR,ERR,ERR,ERR,ERR,ERR,ERR,ERR,ERR,ERR,ERR,ERR,ERR,ERR,ERR,ERR,ERR,ERR,ERR,ERR,ERR,ERR,ERR,ERR,ERR,ERR,ERR,ERR,ERR,ERR,ERR,ERR,ERR,ERR,ERR,ERR,ERR,ERR,ERR,ERR,ERR,ERR,ERR,ERR,ERR,ERR,ERR,ERR,ERR,ERR,ERR,ERR,ERR,ERR,ERR,ERR,ERR,ERR,ERR,ERR,ERR,ERR,ERR,ERR,ERR,-107615400.0,0.0,-134999232.0,0.0,0.0,1.3936040501711995e+18,7.805,5.082843243955664e+23,0,0,4,48867,6720,14723890282496.0,100,0.0,0.0,0.0,-0.0,0.0,0,0,0,0,0.0,0,0,0,0,0,0,0,0,0,0,0,0,0,0,0,0,0,0,0,0,0,0,0,0,0,0,0,0,0,0,0,0,0,26,51,50,76,65476,0,300,0,0,8,21553,0.0,-107605600.0,0.0,0.0,0.0,0.0,0.0,0.0,0.0,0.0,0.0,0.0,0.0,0.0,0.0,0.0,0.0,0.0,0.0,0.0,0.0,0.0,2.004,2.004,-0.0,0.0,0.0,0.0,0.0,0.0,4726.0,131350.297,7305.0,-107615400.0,0.0,0.0,-0.0,0.0,0.0,0.0,0.0,77,0.0,-0.0,0.0,0.0,0.0,0.0,0.0,0.0,0.0,0,0,0,0.0,0.0,0.0,0.0,0.0,0.0,0.0,0.0,0.0,0.0,0.0,0.0,0.0,0.0,0.0,0.0,0,-107875648.0,77,0.0,154,0.0,2.6533922776413385e+23,ERR,ERR,ERR,ERR,ERR,ERR,ERR,ERR,ERR,ERR,ERR,ERR,ERR,ERR,ERR,ERR,ERR,ERR,ERR,ERR,ERR,ERR,ERR,ERR,ERR,ERR,ERR,ERR,ERR,ERR,ERR,ERR,ERR,ERR,ERR,ERR,ERR,ERR,ERR,ERR,ERR,ERR,ERR,ERR,ERR,ERR,ERR,ERR,ERR,ERR,ERR,ERR,ERR,ERR,ERR,ERR,ERR,ERR,ERR,ERR,ERR,ERR,ERR,ERR,ERR,ERR,ERR,34.0,80.0,35,0.0,0.0,0.0,0.0,0.0,0.0,0.0,0.0,0.0,0.0,0.0,0.0,0.0,0.0,0.0,0.0,66.4,0,121,58,54,65476,0,300,0,0,8,20529,65476,0,0,57672,80.0,0.0,0.0,0.0,0.0,0.0
2026-06-18T02:00:51,ERR,ERR,ERR,ERR,ERR,ERR,ERR,ERR,ERR,ERR,ERR,ERR,ERR,ERR,ERR,ERR,ERR,ERR,ERR,ERR,ERR,ERR,ERR,ERR,ERR,ERR,ERR,ERR,ERR,ERR,ERR,ERR,ERR,ERR,ERR,ERR,ERR,ERR,ERR,ERR,ERR,ERR,ERR,ERR,ERR,ERR,ERR,ERR,ERR,ERR,ERR,ERR,ERR,ERR,ERR,ERR,ERR,ERR,ERR,ERR,ERR,ERR,ERR,ERR,ERR,ERR,ERR,ERR,ERR,ERR,ERR,ERR,ERR,ERR,ERR,ERR,ERR,ERR,ERR,ERR,ERR,ERR,ERR,ERR,ERR,ERR,ERR,ERR,ERR,ERR,ERR,ERR,ERR,ERR,ERR,ERR,ERR,ERR,ERR,ERR,ERR,ERR,ERR,ERR,ERR,ERR,ERR,ERR,ERR,ERR,ERR,ERR,ERR,ERR,ERR,ERR,ERR,ERR,ERR,ERR,ERR,ERR,ERR,ERR,ERR,-107615400.0,0.0,-134999232.0,0.0,0.0,1.3936040501711995e+18,7.805,5.082843243955664e+23,0,0,4,48867,6720,14723890282496.0,100,0.0,0.0,0.0,-0.0,0.0,0,0,0,0,0.0,0,0,0,0,0,0,0,0,0,0,0,0,0,0,0,0,0,0,0,0,0,0,0,0,0,0,0,0,0,0,0,0,0,26,51,50,76,65476,0,300,0,0,8,21553,0.0,-107605600.0,0.0,0.0,0.0,0.0,0.0,0.0,0.0,0.0,0.0,0.0,0.0,0.0,0.0,0.0,0.0,0.0,0.0,0.0,0.0,0.0,2.004,2.004,-0.0,0.0,0.0,0.0,0.0,0.0,4726.0,131350.297,7305.0,-107615400.0,0.0,0.0,-0.0,0.0,0.0,0.0,0.0,77,0.0,-0.0,0.0,0.0,0.0,0.0,0.0,0.0,0.0,0,0,0,0.0,0.0,0.0,0.0,0.0,0.0,0.0,0.0,0.0,0.0,0.0,0.0,0.0,0.0,0.0,0.0,0,-107875648.0,77,0.0,154,0.0,2.6533922776413385e+23,ERR,ERR,ERR,ERR,ERR,ERR,ERR,ERR,ERR,ERR,ERR,ERR,ERR,ERR,ERR,ERR,ERR,ERR,ERR,ERR,ERR,ERR,ERR,ERR,ERR,ERR,ERR,ERR,ERR,ERR,ERR,ERR,ERR,ERR,ERR,ERR,ERR,ERR,ERR,ERR,ERR,ERR,ERR,ERR,ERR,ERR,ERR,ERR,ERR,ERR,ERR,ERR,ERR,ERR,ERR,ERR,ERR,ERR,ERR,ERR,ERR,ERR,ERR,ERR,ERR,ERR,ERR,34.0,80.0,35,0.0,0.0,0.0,0.0,0.0,0.0,0.0,0.0,0.0,0.0,0.0,0.0,0.0,0.0,0.0,0.0,66.4,0,121,58,54,65476,0,300,0,0,8,20529,65476,0,0,57672,80.0,0.0,0.0,0.0,0.0,0.0
2026-06-18T02:00:52,ERR,ERR,ERR,ERR,ERR,ERR,ERR,ERR,ERR,ERR,ERR,ERR,ERR,ERR,ERR,ERR,ERR,ERR,ERR,ERR,ERR,ERR,ERR,ERR,ERR,ERR,ERR,ERR,ERR,ERR,ERR,ERR,ERR,ERR,ERR,ERR,ERR,ERR,ERR,ERR,ERR,ERR,ERR,ERR,ERR,ERR,ERR,ERR,ERR,ERR,ERR,ERR,ERR,ERR,ERR,ERR,ERR,ERR,ERR,ERR,ERR,ERR,ERR,ERR,ERR,ERR,ERR,ERR,ERR,ERR,ERR,ERR,ERR,ERR,ERR,ERR,ERR,ERR,ERR,ERR,ERR,ERR,ERR,ERR,ERR,ERR,ERR,ERR,ERR,ERR,ERR,ERR,ERR,ERR,ERR,ERR,ERR,ERR,ERR,ERR,ERR,ERR,ERR,ERR,ERR,ERR,ERR,ERR,ERR,ERR,ERR,ERR,ERR,ERR,ERR,ERR,ERR,ERR,ERR,ERR,ERR,ERR,ERR,ERR,ERR,-107615400.0,0.0,-134999232.0,0.0,0.0,1.3936040501711995e+18,7.805,5.082843243955664e+23,0,0,4,48867,6720,14723890282496.0,100,0.0,0.0,0.0,-0.0,0.0,0,0,0,0,0.0,0,0,0,0,0,0,0,0,0,0,0,0,0,0,0,0,0,0,0,0,0,0,0,0,0,0,0,0,0,0,0,0,0,26,51,50,76,65476,0,300,0,0,8,21553,0.0,-107605600.0,0.0,0.0,0.0,0.0,0.0,0.0,0.0,0.0,0.0,0.0,0.0,0.0,0.0,0.0,0.0,0.0,0.0,0.0,0.0,0.0,2.004,2.004,-0.0,0.0,0.0,0.0,0.0,0.0,4726.0,131350.297,7305.0,-107615400.0,0.0,0.0,-0.0,0.0,0.0,0.0,0.0,77,0.0,-0.0,0.0,0.0,0.0,0.0,0.0,0.0,0.0,0,0,0,0.0,0.0,0.0,0.0,0.0,0.0,0.0,0.0,0.0,0.0,0.0,0.0,0.0,0.0,0.0,0.0,0,-107875648.0,77,0.0,154,0.0,2.6533922776413385e+23,ERR,ERR,ERR,ERR,ERR,ERR,ERR,ERR,ERR,ERR,ERR,ERR,ERR,ERR,ERR,ERR,ERR,ERR,ERR,ERR,ERR,ERR,ERR,ERR,ERR,ERR,ERR,ERR,ERR,ERR,ERR,ERR,ERR,ERR,ERR,ERR,ERR,ERR,ERR,ERR,ERR,ERR,ERR,ERR,ERR,ERR,ERR,ERR,ERR,ERR,ERR,ERR,ERR,ERR,ERR,ERR,ERR,ERR,ERR,ERR,ERR,ERR,ERR,ERR,ERR,ERR,ERR,34.0,80.0,35,0.0,0.0,0.0,0.0,0.0,0.0,0.0,0.0,0.0,0.0,0.0,0.0,0.0,0.0,0.0,0.0,66.0,0,121,58,54,65476,0,300,0,0,8,20529,65476,0,0,57672,80.0,0.0,0.0,0.0,0.0,0.0
2026-06-18T02:00:53,ERR,ERR,ERR,ERR,ERR,ERR,ERR,ERR,ERR,ERR,ERR,ERR,ERR,ERR,ERR,ERR,ERR,ERR,ERR,ERR,ERR,ERR,ERR,ERR,ERR,ERR,ERR,ERR,ERR,ERR,ERR,ERR,ERR,ERR,ERR,ERR,ERR,ERR,ERR,ERR,ERR,ERR,ERR,ERR,ERR,ERR,ERR,ERR,ERR,ERR,ERR,ERR,ERR,ERR,ERR,ERR,ERR,ERR,ERR,ERR,ERR,ERR,ERR,ERR,ERR,ERR,ERR,ERR,ERR,ERR,ERR,ERR,ERR,ERR,ERR,ERR,ERR,ERR,ERR,ERR,ERR,ERR,ERR,ERR,ERR,ERR,ERR,ERR,ERR,ERR,ERR,ERR,ERR,ERR,ERR,ERR,ERR,ERR,ERR,ERR,ERR,ERR,ERR,ERR,ERR,ERR,ERR,ERR,ERR,ERR,ERR,ERR,ERR,ERR,ERR,ERR,ERR,ERR,ERR,ERR,ERR,ERR,ERR,ERR,ERR,-107615400.0,0.0,-134999232.0,0.0,0.0,1.3936040501711995e+18,7.805,5.082843243955664e+23,0,0,4,48867,6720,14723890282496.0,100,0.0,0.0,0.0,-0.0,0.0,0,0,0,0,0.0,0,0,0,0,0,0,0,0,0,0,0,0,0,0,0,0,0,0,0,0,0,0,0,0,0,0,0,0,0,0,0,0,0,26,51,50,76,65476,0,300,0,0,8,21553,0.0,-107605600.0,0.0,0.0,0.0,0.0,0.0,0.0,0.0,0.0,0.0,0.0,0.0,0.0,0.0,0.0,0.0,0.0,0.0,0.0,0.0,0.0,2.004,2.004,-0.0,0.0,0.0,0.0,0.0,0.0,4726.0,131350.297,7305.0,-107615400.0,0.0,0.0,-0.0,0.0,0.0,0.0,0.0,77,0.0,-0.0,0.0,0.0,0.0,0.0,0.0,0.0,0.0,0,0,0,0.0,0.0,0.0,0.0,0.0,0.0,0.0,0.0,0.0,0.0,0.0,0.0,0.0,0.0,0.0,0.0,0,-107875648.0,77,0.0,154,0.0,2.6533922776413385e+23,ERR,ERR,ERR,ERR,ERR,ERR,ERR,ERR,ERR,ERR,ERR,ERR,ERR,ERR,ERR,ERR,ERR,ERR,ERR,ERR,ERR,ERR,ERR,ERR,ERR,ERR,ERR,ERR,ERR,ERR,ERR,ERR,ERR,ERR,ERR,ERR,ERR,ERR,ERR,ERR,ERR,ERR,ERR,ERR,ERR,ERR,ERR,ERR,ERR,ERR,ERR,ERR,ERR,ERR,ERR,ERR,ERR,ERR,ERR,ERR,ERR,ERR,ERR,ERR,ERR,ERR,ERR,34.0,80.0,35,0.0,0.0,0.0,0.0,0.0,0.0,0.0,0.0,0.0,0.0,0.0,0.0,0.0,0.0,0.0,0.0,66.0,0,121,58,54,65476,0,300,0,0,8,20529,65476,0,0,57672,80.0,0.0,0.0,0.0,0.0,0.0
2026-06-18T02:00:54,ERR,ERR,ERR,ERR,ERR,ERR,ERR,ERR,ERR,ERR,ERR,ERR,ERR,ERR,ERR,ERR,ERR,ERR,ERR,ERR,ERR,ERR,ERR,ERR,ERR,ERR,ERR,ERR,ERR,ERR,ERR,ERR,ERR,ERR,ERR,ERR,ERR,ERR,ERR,ERR,ERR,ERR,ERR,ERR,ERR,ERR,ERR,ERR,ERR,ERR,ERR,ERR,ERR,ERR,ERR,ERR,ERR,ERR,ERR,ERR,ERR,ERR,ERR,ERR,ERR,ERR,ERR,ERR,ERR,ERR,ERR,ERR,ERR,ERR,ERR,ERR,ERR,ERR,ERR,ERR,ERR,ERR,ERR,ERR,ERR,ERR,ERR,ERR,ERR,ERR,ERR,ERR,ERR,ERR,ERR,ERR,ERR,ERR,ERR,ERR,ERR,ERR,ERR,ERR,ERR,ERR,ERR,ERR,ERR,ERR,ERR,ERR,ERR,ERR,ERR,ERR,ERR,ERR,ERR,ERR,ERR,ERR,ERR,ERR,ERR,-107615400.0,0.0,-134999232.0,-152005385388032.0,0.0,1.3936040501711995e+18,7.805,1.1096074633774859e+29,0,0,4,48907,6720,14723890282496.0,100,0.0,0.0,0.0,2.718290229135658e+23,0.0,0,0,0,0,0.0,0,0,0,0,0,0,0,0,0,0,0,0,0,0,0,0,0,0,0,0,0,0,0,0,0,0,0,0,0,0,0,0,0,26,51,50,76,65476,0,300,0,0,8,21553,0.0,-107605600.0,0.0,0.0,0.0,0.0,0.0,0.0,0.0,0.0,0.0,0.0,0.0,0.0,0.0,0.0,0.0,0.0,0.0,0.0,0.0,0.0,2.004,2.004,-0.0,0.0,0.0,0.0,0.0,0.0,4727.0,8608173056.0,7306.0,-107615400.0,0.0,0.0,-0.0,0.0,0.0,0.0,0.0,77,0.0,-0.0,0.0,0.0,0.0,0.0,0.0,0.0,0.0,0,0,0,0.0,0.0,0.0,0.0,0.0,0.0,0.0,0.0,0.0,0.0,0.0,0.0,0.0,0.0,0.0,0.0,0,-107875648.0,77,0.0,154,0.0,2.6533922776413385e+23,ERR,ERR,ERR,ERR,ERR,ERR,ERR,ERR,ERR,ERR,ERR,ERR,ERR,ERR,ERR,ERR,ERR,ERR,ERR,ERR,ERR,ERR,ERR,ERR,ERR,ERR,ERR,ERR,ERR,ERR,ERR,ERR,ERR,ERR,ERR,ERR,ERR,ERR,ERR,ERR,ERR,ERR,ERR,ERR,ERR,ERR,ERR,ERR,ERR,ERR,ERR,ERR,ERR,ERR,ERR,ERR,ERR,ERR,ERR,ERR,ERR,ERR,ERR,ERR,ERR,ERR,ERR,34.0,80.0,35,0.0,0.0,0.0,0.0,0.0,0.0,0.0,0.0,0.0,0.0,0.0,0.0,0.0,0.0,0.0,0.0,66.0,0,121,58,54,65476,0,300,0,0,8,20529,65476,0,0,57672,80.0,0.0,0.0,0.0,0.0,0.0
2026-06-18T02:00:55,ERR,ERR,ERR,ERR,ERR,ERR,ERR,ERR,ERR,ERR,ERR,ERR,ERR,ERR,ERR,ERR,ERR,ERR,ERR,ERR,ERR,ERR,ERR,ERR,ERR,ERR,ERR,ERR,ERR,ERR,ERR,ERR,ERR,ERR,ERR,ERR,ERR,ERR,ERR,ERR,ERR,ERR,ERR,ERR,ERR,ERR,ERR,ERR,ERR,ERR,ERR,ERR,ERR,ERR,ERR,ERR,ERR,ERR,ERR,ERR,ERR,ERR,ERR,ERR,ERR,ERR,ERR,ERR,ERR,ERR,ERR,ERR,ERR,ERR,ERR,ERR,ERR,ERR,ERR,ERR,ERR,ERR,ERR,ERR,ERR,ERR,ERR,ERR,ERR,ERR,ERR,ERR,ERR,ERR,ERR,ERR,ERR,ERR,ERR,ERR,ERR,ERR,ERR,ERR,ERR,ERR,ERR,ERR,ERR,ERR,ERR,ERR,ERR,ERR,ERR,ERR,ERR,ERR,ERR,ERR,ERR,ERR,ERR,ERR,ERR,-107615400.0,0.0,-134999232.0,-152005385388032.0,0.0,1.3936040501711995e+18,7.805,1.1096074633774859e+29,0,0,4,48907,6720,14723890282496.0,100,0.0,0.0,0.0,2.718290229135658e+23,0.0,0,0,0,0,0.0,0,0,0,0,0,0,0,0,0,0,0,0,0,0,0,0,0,0,0,0,0,0,0,0,0,0,0,0,0,0,0,0,0,26,51,50,76,65476,0,300,0,0,8,21553,0.0,-107605600.0,0.0,0.0,0.0,0.0,0.0,0.0,0.0,0.0,0.0,0.0,0.0,0.0,0.0,0.0,0.0,0.0,0.0,0.0,0.0,0.0,2.004,2.004,-0.0,0.0,0.0,0.0,0.0,0.0,4727.0,8608173056.0,7306.0,-107615400.0,0.0,0.0,-0.0,0.0,0.0,0.0,0.0,77,0.0,-0.0,0.0,0.0,0.0,0.0,0.0,0.0,0.0,0,0,0,0.0,0.0,0.0,0.0,0.0,0.0,0.0,0.0,0.0,0.0,0.0,0.0,0.0,0.0,0.0,0.0,0,-107875648.0,77,0.0,154,0.0,2.6533922776413385e+23,ERR,ERR,ERR,ERR,ERR,ERR,ERR,ERR,ERR,ERR,ERR,ERR,ERR,ERR,ERR,ERR,ERR,ERR,ERR,ERR,ERR,ERR,ERR,ERR,ERR,ERR,ERR,ERR,ERR,ERR,ERR,ERR,ERR,ERR,ERR,ERR,ERR,ERR,ERR,ERR,ERR,ERR,ERR,ERR,ERR,ERR,ERR,ERR,ERR,ERR,ERR,ERR,ERR,ERR,ERR,ERR,ERR,ERR,ERR,ERR,ERR,ERR,ERR,ERR,ERR,ERR,ERR,34.0,80.0,35,0.0,0.0,0.0,0.0,0.0,0.0,0.0,0.0,0.0,0.0,0.0,0.0,0.0,0.0,0.0,0.0,66.0,0,121,58,54,65476,0,300,0,0,8,20529,65476,0,0,57672,80.0,0.0,0.0,0.0,0.0,0.0
2026-06-18T02:00:56,ERR,ERR,ERR,ERR,ERR,ERR,ERR,ERR,ERR,ERR,ERR,ERR,ERR,ERR,ERR,ERR,ERR,ERR,ERR,ERR,ERR,ERR,ERR,ERR,ERR,ERR,ERR,ERR,ERR,ERR,ERR,ERR,ERR,ERR,ERR,ERR,ERR,ERR,ERR,ERR,ERR,ERR,ERR,ERR,ERR,ERR,ERR,ERR,ERR,ERR,ERR,ERR,ERR,ERR,ERR,ERR,ERR,ERR,ERR,ERR,ERR,ERR,ERR,ERR,ERR,ERR,ERR,ERR,ERR,ERR,ERR,ERR,ERR,ERR,ERR,ERR,ERR,ERR,ERR,ERR,ERR,ERR,ERR,ERR,ERR,ERR,ERR,ERR,ERR,ERR,ERR,ERR,ERR,ERR,ERR,ERR,ERR,ERR,ERR,ERR,ERR,ERR,ERR,ERR,ERR,ERR,ERR,ERR,ERR,ERR,ERR,ERR,ERR,ERR,ERR,ERR,ERR,ERR,ERR,ERR,ERR,ERR,ERR,ERR,ERR,-107615400.0,0.0,-134999232.0,-152005385388032.0,0.0,1.3936040501711995e+18,7.805,1.1096074633774859e+29,0,0,4,48907,6720,14723890282496.0,100,0.0,0.0,0.0,2.718290229135658e+23,0.0,0,0,0,0,0.0,0,0,0,0,0,0,0,0,0,0,0,0,0,0,0,0,0,0,0,0,0,0,0,0,0,0,0,0,0,0,0,0,0,26,51,50,76,65476,0,300,0,0,8,21553,0.0,-107605600.0,0.0,0.0,0.0,0.0,0.0,0.0,0.0,0.0,0.0,0.0,0.0,0.0,0.0,0.0,0.0,0.0,0.0,0.0,0.0,0.0,2.004,2.004,-0.0,0.0,0.0,0.0,0.0,0.0,4727.0,8608173056.0,7306.0,-107615400.0,0.0,0.0,-0.0,0.0,0.0,0.0,0.0,77,0.0,-0.0,0.0,0.0,0.0,0.0,0.0,0.0,0.0,0,0,0,0.0,0.0,0.0,0.0,0.0,0.0,0.0,0.0,0.0,0.0,0.0,0.0,0.0,0.0,0.0,0.0,0,-107875648.0,77,0.0,154,0.0,2.6533922776413385e+23,ERR,ERR,ERR,ERR,ERR,ERR,ERR,ERR,ERR,ERR,ERR,ERR,ERR,ERR,ERR,ERR,ERR,ERR,ERR,ERR,ERR,ERR,ERR,ERR,ERR,ERR,ERR,ERR,ERR,ERR,ERR,ERR,ERR,ERR,ERR,ERR,ERR,ERR,ERR,ERR,ERR,ERR,ERR,ERR,ERR,ERR,ERR,ERR,ERR,ERR,ERR,ERR,ERR,ERR,ERR,ERR,ERR,ERR,ERR,ERR,ERR,ERR,ERR,ERR,ERR,ERR,ERR,34.0,80.0,35,0.0,0.0,0.0,0.0,0.0,0.0,0.0,0.0,0.0,0.0,0.0,0.0,0.0,0.0,0.0,0.0,66.4,0,121,58,54,65476,0,300,0,0,8,20529,65476,0,0,57672,80.0,0.0,0.0,0.0,0.0,0.0
2026-06-18T02:00:57,ERR,ERR,ERR,ERR,ERR,ERR,ERR,ERR,ERR,ERR,ERR,ERR,ERR,ERR,ERR,ERR,ERR,ERR,ERR,ERR,ERR,ERR,ERR,ERR,ERR,ERR,ERR,ERR,ERR,ERR,ERR,ERR,ERR,ERR,ERR,ERR,ERR,ERR,ERR,ERR,ERR,ERR,ERR,ERR,ERR,ERR,ERR,ERR,ERR,ERR,ERR,ERR,ERR,ERR,ERR,ERR,ERR,ERR,ERR,ERR,ERR,ERR,ERR,ERR,ERR,ERR,ERR,ERR,ERR,ERR,ERR,ERR,ERR,ERR,ERR,ERR,ERR,ERR,ERR,ERR,ERR,ERR,ERR,ERR,ERR,ERR,ERR,ERR,ERR,ERR,ERR,ERR,ERR,ERR,ERR,ERR,ERR,ERR,ERR,ERR,ERR,ERR,ERR,ERR,ERR,ERR,ERR,ERR,ERR,ERR,ERR,ERR,ERR,ERR,ERR,ERR,ERR,ERR,ERR,ERR,ERR,ERR,ERR,ERR,ERR,-107615400.0,0.0,-134999232.0,-152005385388032.0,0.0,1.3936040501711995e+18,7.805,1.1096074633774859e+29,0,0,4,48907,6720,14723890282496.0,100,0.0,0.0,0.0,2.718290229135658e+23,0.0,0,0,0,0,0.0,0,0,0,0,0,0,0,0,0,0,0,0,0,0,0,0,0,0,0,0,0,0,0,0,0,0,0,0,0,0,0,0,0,26,51,50,76,65476,0,300,0,0,8,21553,0.0,-107605600.0,0.0,0.0,0.0,0.0,0.0,0.0,0.0,0.0,0.0,0.0,0.0,0.0,0.0,0.0,0.0,0.0,0.0,0.0,0.0,0.0,2.004,2.004,-0.0,0.0,0.0,0.0,0.0,0.0,4727.0,8608173056.0,7306.0,-107615400.0,0.0,0.0,-0.0,0.0,0.0,0.0,0.0,77,0.0,-0.0,0.0,0.0,0.0,0.0,0.0,0.0,0.0,0,0,0,0.0,0.0,0.0,0.0,0.0,0.0,0.0,0.0,0.0,0.0,0.0,0.0,0.0,0.0,0.0,0.0,0,-107875648.0,77,0.0,154,0.0,2.6533922776413385e+23,ERR,ERR,ERR,ERR,ERR,ERR,ERR,ERR,ERR,ERR,ERR,ERR,ERR,ERR,ERR,ERR,ERR,ERR,ERR,ERR,ERR,ERR,ERR,ERR,ERR,ERR,ERR,ERR,ERR,ERR,ERR,ERR,ERR,ERR,ERR,ERR,ERR,ERR,ERR,ERR,ERR,ERR,ERR,ERR,ERR,ERR,ERR,ERR,ERR,ERR,ERR,ERR,ERR,ERR,ERR,ERR,ERR,ERR,ERR,ERR,ERR,ERR,ERR,ERR,ERR,ERR,ERR,34.0,80.0,35,0.0,0.0,0.0,0.0,0.0,0.0,0.0,0.0,0.0,0.0,0.0,0.0,0.0,0.0,0.0,0.0,66.0,0,121,58,54,65476,0,300,0,0,8,20529,65476,0,0,57672,80.0,0.0,0.0,0.0,0.0,0.0
2026-06-18T02:00:58,ERR,ERR,ERR,ERR,ERR,ERR,ERR,ERR,ERR,ERR,ERR,ERR,ERR,ERR,ERR,ERR,ERR,ERR,ERR,ERR,ERR,ERR,ERR,ERR,ERR,ERR,ERR,ERR,ERR,ERR,ERR,ERR,ERR,ERR,ERR,ERR,ERR,ERR,ERR,ERR,ERR,ERR,ERR,ERR,ERR,ERR,ERR,ERR,ERR,ERR,ERR,ERR,ERR,ERR,ERR,ERR,ERR,ERR,ERR,ERR,ERR,ERR,ERR,ERR,ERR,ERR,ERR,ERR,ERR,ERR,ERR,ERR,ERR,ERR,ERR,ERR,ERR,ERR,ERR,ERR,ERR,ERR,ERR,ERR,ERR,ERR,ERR,ERR,ERR,ERR,ERR,ERR,ERR,ERR,ERR,ERR,ERR,ERR,ERR,ERR,ERR,ERR,ERR,ERR,ERR,ERR,ERR,ERR,ERR,ERR,ERR,ERR,ERR,ERR,ERR,ERR,ERR,ERR,ERR,ERR,ERR,ERR,ERR,ERR,ERR,-107615400.0,0.0,-134999232.0,-152005385388032.0,0.0,1.3936040501711995e+18,7.805,1.1096074633774859e+29,0,0,4,48907,6720,14723890282496.0,100,0.0,0.0,0.0,2.718290229135658e+23,0.0,0,0,0,0,0.0,0,0,0,0,0,0,0,0,0,0,0,0,0,0,0,0,0,0,0,0,0,0,0,0,0,0,0,0,0,0,0,0,0,26,51,50,76,65476,0,300,0,0,8,21553,0.0,-107605600.0,0.0,0.0,0.0,0.0,0.0,0.0,0.0,0.0,0.0,0.0,0.0,0.0,0.0,0.0,0.0,0.0,0.0,0.0,0.0,0.0,2.004,2.004,-0.0,0.0,0.0,0.0,0.0,0.0,4727.0,8608173056.0,7306.0,-107615400.0,0.0,0.0,-0.0,0.0,0.0,0.0,0.0,77,0.0,-0.0,0.0,0.0,0.0,0.0,0.0,0.0,0.0,0,0,0,0.0,0.0,0.0,0.0,0.0,0.0,0.0,0.0,0.0,0.0,0.0,0.0,0.0,0.0,0.0,0.0,0,-107875648.0,77,0.0,154,0.0,2.6533922776413385e+23,ERR,ERR,ERR,ERR,ERR,ERR,ERR,ERR,ERR,ERR,ERR,ERR,ERR,ERR,ERR,ERR,ERR,ERR,ERR,ERR,ERR,ERR,ERR,ERR,ERR,ERR,ERR,ERR,ERR,ERR,ERR,ERR,ERR,ERR,ERR,ERR,ERR,ERR,ERR,ERR,ERR,ERR,ERR,ERR,ERR,ERR,ERR,ERR,ERR,ERR,ERR,ERR,ERR,ERR,ERR,ERR,ERR,ERR,ERR,ERR,ERR,ERR,ERR,ERR,ERR,ERR,ERR,34.0,80.0,35,0.0,0.0,0.0,0.0,0.0,0.0,0.0,0.0,0.0,0.0,0.0,0.0,0.0,0.0,0.0,0.0,66.0,0,121,58,54,65476,0,300,0,0,8,20529,65476,0,0,57672,80.0,0.0,0.0,0.0,0.0,0.0
2026-06-18T02:00:59,ERR,ERR,ERR,ERR,ERR,ERR,ERR,ERR,ERR,ERR,ERR,ERR,ERR,ERR,ERR,ERR,ERR,ERR,ERR,ERR,ERR,ERR,ERR,ERR,ERR,ERR,ERR,ERR,ERR,ERR,ERR,ERR,ERR,ERR,ERR,ERR,ERR,ERR,ERR,ERR,ERR,ERR,ERR,ERR,ERR,ERR,ERR,ERR,ERR,ERR,ERR,ERR,ERR,ERR,ERR,ERR,ERR,ERR,ERR,ERR,ERR,ERR,ERR,ERR,ERR,ERR,ERR,ERR,ERR,ERR,ERR,ERR,ERR,ERR,ERR,ERR,ERR,ERR,ERR,ERR,ERR,ERR,ERR,ERR,ERR,ERR,ERR,ERR,ERR,ERR,ERR,ERR,ERR,ERR,ERR,ERR,ERR,ERR,ERR,ERR,ERR,ERR,ERR,ERR,ERR,ERR,ERR,ERR,ERR,ERR,ERR,ERR,ERR,ERR,ERR,ERR,ERR,ERR,ERR,ERR,ERR,ERR,ERR,ERR,ERR,-107615400.0,0.0,-134999232.0,-4.9501291711397626e+32,0.0,1.3936040501711995e+18,7.805,51974472.0,0,0,4,48861,6720,14723890282496.0,100,0.0,0.0,0.0,-4.9501291711397626e+32,0.0,0,0,0,0,0.0,0,0,0,0,0,0,0,0,0,0,0,0,0,0,0,0,0,0,0,0,0,0,0,0,0,0,0,0,0,0,0,0,0,26,51,50,76,65476,0,300,0,0,8,21553,0.0,-107605600.0,0.0,0.0,0.0,0.0,0.0,0.0,0.0,0.0,0.0,0.0,0.0,0.0,0.0,0.0,0.0,0.0,0.0,0.0,0.0,0.0,2.004,0.0,-0.0,0.0,0.0,0.0,0.0,0.0,4724.0,564145229398016.0,7307.0,-107615400.0,0.0,0.0,-0.0,0.0,0.0,0.0,0.0,77,0.0,-0.0,0.0,0.0,0.0,0.0,0.0,0.0,0.0,0,0,0,0.0,0.0,0.0,0.0,0.0,0.0,0.0,0.0,0.0,0.0,0.0,0.0,0.0,0.0,0.0,0.0,0,-107875648.0,77,0.0,154,0.0,2.6533922776413385e+23,ERR,ERR,ERR,ERR,ERR,ERR,ERR,ERR,ERR,ERR,ERR,ERR,ERR,ERR,ERR,ERR,ERR,ERR,ERR,ERR,ERR,ERR,ERR,ERR,ERR,ERR,ERR,ERR,ERR,ERR,ERR,ERR,ERR,ERR,ERR,ERR,ERR,ERR,ERR,ERR,ERR,ERR,ERR,ERR,ERR,ERR,ERR,ERR,ERR,ERR,ERR,ERR,ERR,ERR,ERR,ERR,ERR,ERR,ERR,ERR,ERR,ERR,ERR,ERR,ERR,ERR,ERR,34.0,80.0,35,0.0,0.0,0.0,0.0,0.0,0.0,0.0,0.0,0.0,0.0,0.0,0.0,0.0,0.0,0.0,0.0,66.0,0,121,58,54,65476,0,300,0,0,8,20529,65476,0,0,57672,80.0,0.0,0.0,0.0,0.0,0.0
2026-06-18T02:01:00,ERR,ERR,ERR,ERR,ERR,ERR,ERR,ERR,ERR,ERR,ERR,ERR,ERR,ERR,ERR,ERR,ERR,ERR,ERR,ERR,ERR,ERR,ERR,ERR,ERR,ERR,ERR,ERR,ERR,ERR,ERR,ERR,ERR,ERR,ERR,ERR,ERR,ERR,ERR,ERR,ERR,ERR,ERR,ERR,ERR,ERR,ERR,ERR,ERR,ERR,ERR,ERR,ERR,ERR,ERR,ERR,ERR,ERR,ERR,ERR,ERR,ERR,ERR,ERR,ERR,ERR,ERR,ERR,ERR,ERR,ERR,ERR,ERR,ERR,ERR,ERR,ERR,ERR,ERR,ERR,ERR,ERR,ERR,ERR,ERR,ERR,ERR,ERR,ERR,ERR,ERR,ERR,ERR,ERR,ERR,ERR,ERR,ERR,ERR,ERR,ERR,ERR,ERR,ERR,ERR,ERR,ERR,ERR,ERR,ERR,ERR,ERR,ERR,ERR,ERR,ERR,ERR,ERR,ERR,ERR,ERR,ERR,ERR,ERR,ERR,-107615400.0,0.0,-134999232.0,-4.9501291711397626e+32,0.0,1.3936040501711995e+18,7.805,51974472.0,0,0,4,48861,6720,14723890282496.0,100,0.0,0.0,0.0,-4.9501291711397626e+32,0.0,0,0,0,0,0.0,0,0,0,0,0,0,0,0,0,0,0,0,0,0,0,0,0,0,0,0,0,0,0,0,0,0,0,0,0,0,0,0,0,26,51,50,76,65476,0,300,0,0,8,21553,0.0,-107605600.0,0.0,0.0,0.0,0.0,0.0,0.0,0.0,0.0,0.0,0.0,0.0,0.0,0.0,0.0,0.0,0.0,0.0,0.0,0.0,0.0,2.004,0.0,-0.0,0.0,0.0,0.0,0.0,0.0,4724.0,564145229398016.0,7307.0,-107615400.0,0.0,0.0,-0.0,0.0,0.0,0.0,0.0,77,0.0,-0.0,0.0,0.0,0.0,0.0,0.0,0.0,0.0,0,0,0,0.0,0.0,0.0,0.0,0.0,0.0,0.0,0.0,0.0,0.0,0.0,0.0,0.0,0.0,0.0,0.0,0,-107875648.0,77,0.0,154,0.0,2.6533922776413385e+23,ERR,ERR,ERR,ERR,ERR,ERR,ERR,ERR,ERR,ERR,ERR,ERR,ERR,ERR,ERR,ERR,ERR,ERR,ERR,ERR,ERR,ERR,ERR,ERR,ERR,ERR,ERR,ERR,ERR,ERR,ERR,ERR,ERR,ERR,ERR,ERR,ERR,ERR,ERR,ERR,ERR,ERR,ERR,ERR,ERR,ERR,ERR,ERR,ERR,ERR,ERR,ERR,ERR,ERR,ERR,ERR,ERR,ERR,ERR,ERR,ERR,ERR,ERR,ERR,ERR,ERR,ERR,34.0,80.0,35,0.0,0.0,0.0,0.0,0.0,0.0,0.0,0.0,0.0,0.0,0.0,0.0,0.0,0.0,0.0,0.0,66.0,0,121,58,54,65476,0,300,0,0,8,20529,65476,0,0,57672,80.0,0.0,0.0,0.0,0.0,0.0
2026-06-18T02:01:01,ERR,ERR,ERR,ERR,ERR,ERR,ERR,ERR,ERR,ERR,ERR,ERR,ERR,ERR,ERR,ERR,ERR,ERR,ERR,ERR,ERR,ERR,ERR,ERR,ERR,ERR,ERR,ERR,ERR,ERR,ERR,ERR,ERR,ERR,ERR,ERR,ERR,ERR,ERR,ERR,ERR,ERR,ERR,ERR,ERR,ERR,ERR,ERR,ERR,ERR,ERR,ERR,ERR,ERR,ERR,ERR,ERR,ERR,ERR,ERR,ERR,ERR,ERR,ERR,ERR,ERR,ERR,ERR,ERR,ERR,ERR,ERR,ERR,ERR,ERR,ERR,ERR,ERR,ERR,ERR,ERR,ERR,ERR,ERR,ERR,ERR,ERR,ERR,ERR,ERR,ERR,ERR,ERR,ERR,ERR,ERR,ERR,ERR,ERR,ERR,ERR,ERR,ERR,ERR,ERR,ERR,ERR,ERR,ERR,ERR,ERR,ERR,ERR,ERR,ERR,ERR,ERR,ERR,ERR,ERR,ERR,ERR,ERR,ERR,ERR,-107615400.0,0.0,-134999232.0,-4.9501291711397626e+32,0.0,1.3936040501711995e+18,7.805,51974472.0,0,0,4,48861,6720,14723890282496.0,100,0.0,0.0,0.0,-4.9501291711397626e+32,0.0,0,0,0,0,0.0,0,0,0,0,0,0,0,0,0,0,0,0,0,0,0,0,0,0,0,0,0,0,0,0,0,0,0,0,0,0,0,0,0,26,51,50,76,65476,0,300,0,0,8,21553,0.0,-107605600.0,0.0,0.0,0.0,0.0,0.0,0.0,0.0,0.0,0.0,0.0,0.0,0.0,0.0,0.0,0.0,0.0,0.0,0.0,0.0,0.0,2.004,0.0,-0.0,0.0,0.0,0.0,0.0,0.0,4724.0,564145229398016.0,7307.0,-107615400.0,0.0,0.0,-0.0,0.0,0.0,0.0,0.0,77,0.0,-0.0,0.0,0.0,0.0,0.0,0.0,0.0,0.0,0,0,0,0.0,0.0,0.0,0.0,0.0,0.0,0.0,0.0,0.0,0.0,0.0,0.0,0.0,0.0,0.0,0.0,0,-107875648.0,77,0.0,154,0.0,2.6533922776413385e+23,ERR,ERR,ERR,ERR,ERR,ERR,ERR,ERR,ERR,ERR,ERR,ERR,ERR,ERR,ERR,ERR,ERR,ERR,ERR,ERR,ERR,ERR,ERR,ERR,ERR,ERR,ERR,ERR,ERR,ERR,ERR,ERR,ERR,ERR,ERR,ERR,ERR,ERR,ERR,ERR,ERR,ERR,ERR,ERR,ERR,ERR,ERR,ERR,ERR,ERR,ERR,ERR,ERR,ERR,ERR,ERR,ERR,ERR,ERR,ERR,ERR,ERR,ERR,ERR,ERR,ERR,ERR,34.0,80.0,35,0.0,0.0,0.0,0.0,0.0,0.0,0.0,0.0,0.0,0.0,0.0,0.0,0.0,0.0,0.0,0.0,66.0,0,121,58,54,65476,0,300,0,0,8,20529,65476,0,0,57672,80.0,0.0,0.0,0.0,0.0,0.0
2026-06-18T02:01:02,ERR,ERR,ERR,ERR,ERR,ERR,ERR,ERR,ERR,ERR,ERR,ERR,ERR,ERR,ERR,ERR,ERR,ERR,ERR,ERR,ERR,ERR,ERR,ERR,ERR,ERR,ERR,ERR,ERR,ERR,ERR,ERR,ERR,ERR,ERR,ERR,ERR,ERR,ERR,ERR,ERR,ERR,ERR,ERR,ERR,ERR,ERR,ERR,ERR,ERR,ERR,ERR,ERR,ERR,ERR,ERR,ERR,ERR,ERR,ERR,ERR,ERR,ERR,ERR,ERR,ERR,ERR,ERR,ERR,ERR,ERR,ERR,ERR,ERR,ERR,ERR,ERR,ERR,ERR,ERR,ERR,ERR,ERR,ERR,ERR,ERR,ERR,ERR,ERR,ERR,ERR,ERR,ERR,ERR,ERR,ERR,ERR,ERR,ERR,ERR,ERR,ERR,ERR,ERR,ERR,ERR,ERR,ERR,ERR,ERR,ERR,ERR,ERR,ERR,ERR,ERR,ERR,ERR,ERR,ERR,ERR,ERR,ERR,ERR,ERR,-107615400.0,0.0,-134999232.0,-4.9501291711397626e+32,0.0,1.3936040501711995e+18,7.805,51974472.0,0,0,4,48861,6720,14723890282496.0,100,0.0,0.0,0.0,-4.9501291711397626e+32,0.0,0,0,0,0,0.0,0,0,0,0,0,0,0,0,0,0,0,0,0,0,0,0,0,0,0,0,0,0,0,0,0,0,0,0,0,0,0,0,0,26,51,50,76,65476,0,300,0,0,8,21553,0.0,-107605600.0,0.0,0.0,0.0,0.0,0.0,0.0,0.0,0.0,0.0,0.0,0.0,0.0,0.0,0.0,0.0,0.0,0.0,0.0,0.0,0.0,2.004,0.0,-0.0,0.0,0.0,0.0,0.0,0.0,4724.0,564145229398016.0,7307.0,-107615400.0,0.0,0.0,-0.0,0.0,0.0,0.0,0.0,77,0.0,-0.0,0.0,0.0,0.0,0.0,0.0,0.0,0.0,0,0,0,0.0,0.0,0.0,0.0,0.0,0.0,0.0,0.0,0.0,0.0,0.0,0.0,0.0,0.0,0.0,0.0,0,-107875648.0,77,0.0,154,0.0,2.6533922776413385e+23,ERR,ERR,ERR,ERR,ERR,ERR,ERR,ERR,ERR,ERR,ERR,ERR,ERR,ERR,ERR,ERR,ERR,ERR,ERR,ERR,ERR,ERR,ERR,ERR,ERR,ERR,ERR,ERR,ERR,ERR,ERR,ERR,ERR,ERR,ERR,ERR,ERR,ERR,ERR,ERR,ERR,ERR,ERR,ERR,ERR,ERR,ERR,ERR,ERR,ERR,ERR,ERR,ERR,ERR,ERR,ERR,ERR,ERR,ERR,ERR,ERR,ERR,ERR,ERR,ERR,ERR,ERR,34.0,80.0,35,0.0,0.0,0.0,0.0,0.0,0.0,0.0,0.0,0.0,0.0,0.0,0.0,0.0,0.0,0.0,0.0,66.0,0,121,58,54,65476,0,300,0,0,8,20529,65476,0,0,57672,80.0,0.0,0.0,0.0,0.0,0.0
2026-06-18T02:01:03,ERR,ERR,ERR,ERR,ERR,ERR,ERR,ERR,ERR,ERR,ERR,ERR,ERR,ERR,ERR,ERR,ERR,ERR,ERR,ERR,ERR,ERR,ERR,ERR,ERR,ERR,ERR,ERR,ERR,ERR,ERR,ERR,ERR,ERR,ERR,ERR,ERR,ERR,ERR,ERR,ERR,ERR,ERR,ERR,ERR,ERR,ERR,ERR,ERR,ERR,ERR,ERR,ERR,ERR,ERR,ERR,ERR,ERR,ERR,ERR,ERR,ERR,ERR,ERR,ERR,ERR,ERR,ERR,ERR,ERR,ERR,ERR,ERR,ERR,ERR,ERR,ERR,ERR,ERR,ERR,ERR,ERR,ERR,ERR,ERR,ERR,ERR,ERR,ERR,ERR,ERR,ERR,ERR,ERR,ERR,ERR,ERR,ERR,ERR,ERR,ERR,ERR,ERR,ERR,ERR,ERR,ERR,ERR,ERR,ERR,ERR,ERR,ERR,ERR,ERR,ERR,ERR,ERR,ERR,ERR,ERR,ERR,ERR,ERR,ERR,-107615400.0,0.0,-134999232.0,-4.9501291711397626e+32,0.0,1.3936040501711995e+18,7.805,51974472.0,0,0,4,48861,6720,14723890282496.0,100,0.0,0.0,0.0,-4.9501291711397626e+32,0.0,0,0,0,0,0.0,0,0,0,0,0,0,0,0,0,0,0,0,0,0,0,0,0,0,0,0,0,0,0,0,0,0,0,0,0,0,0,0,0,26,51,50,76,65476,0,300,0,0,8,21553,0.0,-107605600.0,0.0,0.0,0.0,0.0,0.0,0.0,0.0,0.0,0.0,0.0,0.0,0.0,0.0,0.0,0.0,0.0,0.0,0.0,0.0,0.0,2.004,0.0,-0.0,0.0,0.0,0.0,0.0,0.0,4724.0,564145229398016.0,7307.0,-107615400.0,0.0,0.0,-0.0,0.0,0.0,0.0,0.0,77,0.0,-0.0,0.0,0.0,0.0,0.0,0.0,0.0,0.0,0,0,0,0.0,0.0,0.0,0.0,0.0,0.0,0.0,0.0,0.0,0.0,0.0,0.0,0.0,0.0,0.0,0.0,0,-107875648.0,77,0.0,154,0.0,2.6533922776413385e+23,ERR,ERR,ERR,ERR,ERR,ERR,ERR,ERR,ERR,ERR,ERR,ERR,ERR,ERR,ERR,ERR,ERR,ERR,ERR,ERR,ERR,ERR,ERR,ERR,ERR,ERR,ERR,ERR,ERR,ERR,ERR,ERR,ERR,ERR,ERR,ERR,ERR,ERR,ERR,ERR,ERR,ERR,ERR,ERR,ERR,ERR,ERR,ERR,ERR,ERR,ERR,ERR,ERR,ERR,ERR,ERR,ERR,ERR,ERR,ERR,ERR,ERR,ERR,ERR,ERR,ERR,ERR,34.0,80.0,35,0.0,0.0,0.0,0.0,0.0,0.0,0.0,0.0,0.0,0.0,0.0,0.0,0.0,0.0,0.0,0.0,66.0,0,121,58,54,65476,0,300,0,0,8,20529,65476,0,0,57672,80.0,0.0,0.0,0.0,0.0,0.0
2026-06-18T02:01:04,ERR,ERR,ERR,ERR,ERR,ERR,ERR,ERR,ERR,ERR,ERR,ERR,ERR,ERR,ERR,ERR,ERR,ERR,ERR,ERR,ERR,ERR,ERR,ERR,ERR,ERR,ERR,ERR,ERR,ERR,ERR,ERR,ERR,ERR,ERR,ERR,ERR,ERR,ERR,ERR,ERR,ERR,ERR,ERR,ERR,ERR,ERR,ERR,ERR,ERR,ERR,ERR,ERR,ERR,ERR,ERR,ERR,ERR,ERR,ERR,ERR,ERR,ERR,ERR,ERR,ERR,ERR,ERR,ERR,ERR,ERR,ERR,ERR,ERR,ERR,ERR,ERR,ERR,ERR,ERR,ERR,ERR,ERR,ERR,ERR,ERR,ERR,ERR,ERR,ERR,ERR,ERR,ERR,ERR,ERR,ERR,ERR,ERR,ERR,ERR,ERR,ERR,ERR,ERR,ERR,ERR,ERR,ERR,ERR,ERR,ERR,ERR,ERR,ERR,ERR,ERR,ERR,ERR,ERR,ERR,ERR,ERR,ERR,ERR,ERR,-107615400.0,0.0,-134999232.0,0.059,0.0,1.3936040501711995e+18,7.805,234.267,0,0,4,48857,6720,14723890282496.0,100,0.0,0.0,0.0,-4.9501291711397626e+32,0.0,0,0,0,0,0.0,0,0,0,0,0,0,0,0,0,0,0,0,0,0,0,0,0,0,0,0,0,0,0,0,0,0,0,0,0,0,0,0,0,26,51,50,76,65476,0,300,0,0,8,21553,0.0,-107605600.0,0.0,0.0,0.0,0.0,0.0,0.0,0.0,0.0,0.0,0.0,0.0,0.0,0.0,0.0,0.0,0.0,0.0,0.0,0.0,0.0,2.004,2.004,-0.0,0.0,0.0,0.0,0.0,0.0,4725.0,564145229398016.0,7307.0,-107615400.0,0.0,0.0,-0.0,0.0,0.0,0.0,0.0,77,0.0,-0.0,0.0,0.0,0.0,0.0,0.0,0.0,0.0,0,0,0,0.0,0.0,0.0,0.0,0.0,0.0,0.0,0.0,0.0,0.0,0.0,0.0,0.0,0.0,0.0,0.0,0,-107875648.0,77,0.0,154,0.0,2.6533922776413385e+23,ERR,ERR,ERR,ERR,ERR,ERR,ERR,ERR,ERR,ERR,ERR,ERR,ERR,ERR,ERR,ERR,ERR,ERR,ERR,ERR,ERR,ERR,ERR,ERR,ERR,ERR,ERR,ERR,ERR,ERR,ERR,ERR,ERR,ERR,ERR,ERR,ERR,ERR,ERR,ERR,ERR,ERR,ERR,ERR,ERR,ERR,ERR,ERR,ERR,ERR,ERR,ERR,ERR,ERR,ERR,ERR,ERR,ERR,ERR,ERR,ERR,ERR,ERR,ERR,ERR,ERR,ERR,34.0,80.0,35,0.0,0.0,0.0,0.0,0.0,0.0,0.0,0.0,0.0,0.0,0.0,0.0,0.0,0.0,0.0,0.0,66.0,0,121,58,54,65476,0,300,0,0,8,20529,65476,0,0,57672,80.0,0.0,0.0,0.0,0.0,0.0
2026-06-18T02:01:05,ERR,ERR,ERR,ERR,ERR,ERR,ERR,ERR,ERR,ERR,ERR,ERR,ERR,ERR,ERR,ERR,ERR,ERR,ERR,ERR,ERR,ERR,ERR,ERR,ERR,ERR,ERR,ERR,ERR,ERR,ERR,ERR,ERR,ERR,ERR,ERR,ERR,ERR,ERR,ERR,ERR,ERR,ERR,ERR,ERR,ERR,ERR,ERR,ERR,ERR,ERR,ERR,ERR,ERR,ERR,ERR,ERR,ERR,ERR,ERR,ERR,ERR,ERR,ERR,ERR,ERR,ERR,ERR,ERR,ERR,ERR,ERR,ERR,ERR,ERR,ERR,ERR,ERR,ERR,ERR,ERR,ERR,ERR,ERR,ERR,ERR,ERR,ERR,ERR,ERR,ERR,ERR,ERR,ERR,ERR,ERR,ERR,ERR,ERR,ERR,ERR,ERR,ERR,ERR,ERR,ERR,ERR,ERR,ERR,ERR,ERR,ERR,ERR,ERR,ERR,ERR,ERR,ERR,ERR,ERR,ERR,ERR,ERR,ERR,ERR,-107615400.0,0.0,-134999232.0,0.059,0.0,1.3936040501711995e+18,7.805,234.267,0,0,4,48857,6720,14723890282496.0,100,0.0,0.0,0.0,-4.9501291711397626e+32,0.0,0,0,0,0,0.0,0,0,0,0,0,0,0,0,0,0,0,0,0,0,0,0,0,0,0,0,0,0,0,0,0,0,0,0,0,0,0,0,0,26,51,50,76,65476,0,300,0,0,8,21553,0.0,-107605600.0,0.0,0.0,0.0,0.0,0.0,0.0,0.0,0.0,0.0,0.0,0.0,0.0,0.0,0.0,0.0,0.0,0.0,0.0,0.0,0.0,2.004,2.004,-0.0,0.0,0.0,0.0,0.0,0.0,4725.0,564145229398016.0,7307.0,-107615400.0,0.0,0.0,-0.0,0.0,0.0,0.0,0.0,77,0.0,-0.0,0.0,0.0,0.0,0.0,0.0,0.0,0.0,0,0,0,0.0,0.0,0.0,0.0,0.0,0.0,0.0,0.0,0.0,0.0,0.0,0.0,0.0,0.0,0.0,0.0,0,-107875648.0,77,0.0,154,0.0,2.6533922776413385e+23,ERR,ERR,ERR,ERR,ERR,ERR,ERR,ERR,ERR,ERR,ERR,ERR,ERR,ERR,ERR,ERR,ERR,ERR,ERR,ERR,ERR,ERR,ERR,ERR,ERR,ERR,ERR,ERR,ERR,ERR,ERR,ERR,ERR,ERR,ERR,ERR,ERR,ERR,ERR,ERR,ERR,ERR,ERR,ERR,ERR,ERR,ERR,ERR,ERR,ERR,ERR,ERR,ERR,ERR,ERR,ERR,ERR,ERR,ERR,ERR,ERR,ERR,ERR,ERR,ERR,ERR,ERR,34.0,80.0,35,0.0,0.0,0.0,0.0,0.0,0.0,0.0,0.0,0.0,0.0,0.0,0.0,0.0,0.0,0.0,0.0,66.4,0,121,58,54,65476,0,300,0,0,8,20529,65476,0,0,57672,80.0,0.0,0.0,0.0,0.0,0.0
2026-06-18T02:01:06,ERR,ERR,ERR,ERR,ERR,ERR,ERR,ERR,ERR,ERR,ERR,ERR,ERR,ERR,ERR,ERR,ERR,ERR,ERR,ERR,ERR,ERR,ERR,ERR,ERR,ERR,ERR,ERR,ERR,ERR,ERR,ERR,ERR,ERR,ERR,ERR,ERR,ERR,ERR,ERR,ERR,ERR,ERR,ERR,ERR,ERR,ERR,ERR,ERR,ERR,ERR,ERR,ERR,ERR,ERR,ERR,ERR,ERR,ERR,ERR,ERR,ERR,ERR,ERR,ERR,ERR,ERR,ERR,ERR,ERR,ERR,ERR,ERR,ERR,ERR,ERR,ERR,ERR,ERR,ERR,ERR,ERR,ERR,ERR,ERR,ERR,ERR,ERR,ERR,ERR,ERR,ERR,ERR,ERR,ERR,ERR,ERR,ERR,ERR,ERR,ERR,ERR,ERR,ERR,ERR,ERR,ERR,ERR,ERR,ERR,ERR,ERR,ERR,ERR,ERR,ERR,ERR,ERR,ERR,ERR,ERR,ERR,ERR,ERR,ERR,-107615400.0,0.0,-134999232.0,0.059,0.0,1.3936040501711995e+18,7.805,234.267,0,0,4,48857,6720,14723890282496.0,100,0.0,0.0,0.0,-4.9501291711397626e+32,0.0,0,0,0,0,0.0,0,0,0,0,0,0,0,0,0,0,0,0,0,0,0,0,0,0,0,0,0,0,0,0,0,0,0,0,0,0,0,0,0,26,51,50,76,65476,0,300,0,0,8,21553,0.0,-107605600.0,0.0,0.0,0.0,0.0,0.0,0.0,0.0,0.0,0.0,0.0,0.0,0.0,0.0,0.0,0.0,0.0,0.0,0.0,0.0,0.0,2.004,2.004,-0.0,0.0,0.0,0.0,0.0,0.0,4725.0,564145229398016.0,7307.0,-107615400.0,0.0,0.0,-0.0,0.0,0.0,0.0,0.0,77,0.0,-0.0,0.0,0.0,0.0,0.0,0.0,0.0,0.0,0,0,0,0.0,0.0,0.0,0.0,0.0,0.0,0.0,0.0,0.0,0.0,0.0,0.0,0.0,0.0,0.0,0.0,0,-107875648.0,77,0.0,154,0.0,2.6533922776413385e+23,ERR,ERR,ERR,ERR,ERR,ERR,ERR,ERR,ERR,ERR,ERR,ERR,ERR,ERR,ERR,ERR,ERR,ERR,ERR,ERR,ERR,ERR,ERR,ERR,ERR,ERR,ERR,ERR,ERR,ERR,ERR,ERR,ERR,ERR,ERR,ERR,ERR,ERR,ERR,ERR,ERR,ERR,ERR,ERR,ERR,ERR,ERR,ERR,ERR,ERR,ERR,ERR,ERR,ERR,ERR,ERR,ERR,ERR,ERR,ERR,ERR,ERR,ERR,ERR,ERR,ERR,ERR,34.0,80.0,35,0.0,0.0,0.0,0.0,0.0,0.0,0.0,0.0,0.0,0.0,0.0,0.0,0.0,0.0,0.0,0.0,66.0,0,121,58,54,65476,0,300,0,0,8,20529,65476,0,0,57672,80.0,0.0,0.0,0.0,0.0,0.0
2026-06-18T02:01:07,ERR,ERR,ERR,ERR,ERR,ERR,ERR,ERR,ERR,ERR,ERR,ERR,ERR,ERR,ERR,ERR,ERR,ERR,ERR,ERR,ERR,ERR,ERR,ERR,ERR,ERR,ERR,ERR,ERR,ERR,ERR,ERR,ERR,ERR,ERR,ERR,ERR,ERR,ERR,ERR,ERR,ERR,ERR,ERR,ERR,ERR,ERR,ERR,ERR,ERR,ERR,ERR,ERR,ERR,ERR,ERR,ERR,ERR,ERR,ERR,ERR,ERR,ERR,ERR,ERR,ERR,ERR,ERR,ERR,ERR,ERR,ERR,ERR,ERR,ERR,ERR,ERR,ERR,ERR,ERR,ERR,ERR,ERR,ERR,ERR,ERR,ERR,ERR,ERR,ERR,ERR,ERR,ERR,ERR,ERR,ERR,ERR,ERR,ERR,ERR,ERR,ERR,ERR,ERR,ERR,ERR,ERR,ERR,ERR,ERR,ERR,ERR,ERR,ERR,ERR,ERR,ERR,ERR,ERR,ERR,ERR,ERR,ERR,ERR,ERR,-107615400.0,0.0,-134999232.0,0.059,0.0,1.3936040501711995e+18,7.805,234.267,0,0,4,48857,6720,14723890282496.0,100,0.0,0.0,0.0,-4.9501291711397626e+32,0.0,0,0,0,0,0.0,0,0,0,0,0,0,0,0,0,0,0,0,0,0,0,0,0,0,0,0,0,0,0,0,0,0,0,0,0,0,0,0,0,26,51,50,76,65476,0,300,0,0,8,21553,0.0,-107605600.0,0.0,0.0,0.0,0.0,0.0,0.0,0.0,0.0,0.0,0.0,0.0,0.0,0.0,0.0,0.0,0.0,0.0,0.0,0.0,0.0,2.004,2.004,-0.0,0.0,0.0,0.0,0.0,0.0,4725.0,564145229398016.0,7307.0,-107615400.0,0.0,0.0,-0.0,0.0,0.0,0.0,0.0,77,0.0,-0.0,0.0,0.0,0.0,0.0,0.0,0.0,0.0,0,0,0,0.0,0.0,0.0,0.0,0.0,0.0,0.0,0.0,0.0,0.0,0.0,0.0,0.0,0.0,0.0,0.0,0,-107875648.0,77,0.0,154,0.0,2.6533922776413385e+23,ERR,ERR,ERR,ERR,ERR,ERR,ERR,ERR,ERR,ERR,ERR,ERR,ERR,ERR,ERR,ERR,ERR,ERR,ERR,ERR,ERR,ERR,ERR,ERR,ERR,ERR,ERR,ERR,ERR,ERR,ERR,ERR,ERR,ERR,ERR,ERR,ERR,ERR,ERR,ERR,ERR,ERR,ERR,ERR,ERR,ERR,ERR,ERR,ERR,ERR,ERR,ERR,ERR,ERR,ERR,ERR,ERR,ERR,ERR,ERR,ERR,ERR,ERR,ERR,ERR,ERR,ERR,34.0,80.0,35,0.0,0.0,0.0,0.0,0.0,0.0,0.0,0.0,0.0,0.0,0.0,0.0,0.0,0.0,0.0,0.0,66.0,0,121,58,54,65476,0,300,0,0,8,20529,65476,0,0,57672,80.0,0.0,0.0,0.0,0.0,0.0
2026-06-18T02:01:08,ERR,ERR,ERR,ERR,ERR,ERR,ERR,ERR,ERR,ERR,ERR,ERR,ERR,ERR,ERR,ERR,ERR,ERR,ERR,ERR,ERR,ERR,ERR,ERR,ERR,ERR,ERR,ERR,ERR,ERR,ERR,ERR,ERR,ERR,ERR,ERR,ERR,ERR,ERR,ERR,ERR,ERR,ERR,ERR,ERR,ERR,ERR,ERR,ERR,ERR,ERR,ERR,ERR,ERR,ERR,ERR,ERR,ERR,ERR,ERR,ERR,ERR,ERR,ERR,ERR,ERR,ERR,ERR,ERR,ERR,ERR,ERR,ERR,ERR,ERR,ERR,ERR,ERR,ERR,ERR,ERR,ERR,ERR,ERR,ERR,ERR,ERR,ERR,ERR,ERR,ERR,ERR,ERR,ERR,ERR,ERR,ERR,ERR,ERR,ERR,ERR,ERR,ERR,ERR,ERR,ERR,ERR,ERR,ERR,ERR,ERR,ERR,ERR,ERR,ERR,ERR,ERR,ERR,ERR,ERR,ERR,ERR,ERR,ERR,ERR,-107615400.0,0.0,-134999232.0,0.059,0.0,1.3936040501711995e+18,7.805,234.267,0,0,4,48857,6720,14723890282496.0,100,0.0,0.0,0.0,-4.9501291711397626e+32,0.0,0,0,0,0,0.0,0,0,0,0,0,0,0,0,0,0,0,0,0,0,0,0,0,0,0,0,0,0,0,0,0,0,0,0,0,0,0,0,0,26,51,50,76,65476,0,300,0,0,8,21553,0.0,-107605600.0,0.0,0.0,0.0,0.0,0.0,0.0,0.0,0.0,0.0,0.0,0.0,0.0,0.0,0.0,0.0,0.0,0.0,0.0,0.0,0.0,2.004,2.004,-0.0,0.0,0.0,0.0,0.0,0.0,4725.0,564145229398016.0,7307.0,-107615400.0,0.0,0.0,-0.0,0.0,0.0,0.0,0.0,77,0.0,-0.0,0.0,0.0,0.0,0.0,0.0,0.0,0.0,0,0,0,0.0,0.0,0.0,0.0,0.0,0.0,0.0,0.0,0.0,0.0,0.0,0.0,0.0,0.0,0.0,0.0,0,-107875648.0,77,0.0,154,0.0,2.6533922776413385e+23,ERR,ERR,ERR,ERR,ERR,ERR,ERR,ERR,ERR,ERR,ERR,ERR,ERR,ERR,ERR,ERR,ERR,ERR,ERR,ERR,ERR,ERR,ERR,ERR,ERR,ERR,ERR,ERR,ERR,ERR,ERR,ERR,ERR,ERR,ERR,ERR,ERR,ERR,ERR,ERR,ERR,ERR,ERR,ERR,ERR,ERR,ERR,ERR,ERR,ERR,ERR,ERR,ERR,ERR,ERR,ERR,ERR,ERR,ERR,ERR,ERR,ERR,ERR,ERR,ERR,ERR,ERR,34.0,80.0,35,0.0,0.0,0.0,0.0,0.0,0.0,0.0,0.0,0.0,0.0,0.0,0.0,0.0,0.0,0.0,0.0,66.0,0,121,58,54,65476,0,300,0,0,8,20529,65476,0,0,57672,80.0,0.0,0.0,0.0,0.0,0.0
2026-06-18T02:01:09,ERR,ERR,ERR,ERR,ERR,ERR,ERR,ERR,ERR,ERR,ERR,ERR,ERR,ERR,ERR,ERR,ERR,ERR,ERR,ERR,ERR,ERR,ERR,ERR,ERR,ERR,ERR,ERR,ERR,ERR,ERR,ERR,ERR,ERR,ERR,ERR,ERR,ERR,ERR,ERR,ERR,ERR,ERR,ERR,ERR,ERR,ERR,ERR,ERR,ERR,ERR,ERR,ERR,ERR,ERR,ERR,ERR,ERR,ERR,ERR,ERR,ERR,ERR,ERR,ERR,ERR,ERR,ERR,ERR,ERR,ERR,ERR,ERR,ERR,ERR,ERR,ERR,ERR,ERR,ERR,ERR,ERR,ERR,ERR,ERR,ERR,ERR,ERR,ERR,ERR,ERR,ERR,ERR,ERR,ERR,ERR,ERR,ERR,ERR,ERR,ERR,ERR,ERR,ERR,ERR,ERR,ERR,ERR,ERR,ERR,ERR,ERR,ERR,ERR,ERR,ERR,ERR,ERR,ERR,ERR,ERR,ERR,ERR,ERR,ERR,-107615400.0,0.0,-134999232.0,2.718290229135658e+23,0.0,1.3936040501711995e+18,7.805,2.2722174697351414e+18,0,0,4,48848,6720,14723890282496.0,100,0.0,0.0,0.0,-0.0,0.0,0,0,0,0,0.0,0,0,0,0,0,0,0,0,0,0,0,0,0,0,0,0,0,0,0,0,0,0,0,0,0,0,0,0,0,0,0,0,0,26,51,50,76,65476,0,300,0,0,8,21553,0.0,-107605600.0,0.0,0.0,0.0,0.0,0.0,0.0,0.0,0.0,0.0,0.0,0.0,0.0,0.0,0.0,0.0,0.0,0.0,0.0,0.0,0.0,2.004,2.004,-0.0,0.0,0.0,0.0,0.0,0.0,4726.0,1.5879276530623424e+29,7309.0,-107615400.0,0.0,0.0,-0.0,0.0,0.0,0.0,0.0,77,0.0,-0.0,0.0,0.0,0.0,0.0,0.0,0.0,0.0,0,0,0,0.0,0.0,0.0,0.0,0.0,0.0,0.0,0.0,0.0,0.0,0.0,0.0,0.0,0.0,0.0,0.0,0,-107875648.0,77,0.0,154,0.0,2.6533922776413385e+23,ERR,ERR,ERR,ERR,ERR,ERR,ERR,ERR,ERR,ERR,ERR,ERR,ERR,ERR,ERR,ERR,ERR,ERR,ERR,ERR,ERR,ERR,ERR,ERR,ERR,ERR,ERR,ERR,ERR,ERR,ERR,ERR,ERR,ERR,ERR,ERR,ERR,ERR,ERR,ERR,ERR,ERR,ERR,ERR,ERR,ERR,ERR,ERR,ERR,ERR,ERR,ERR,ERR,ERR,ERR,ERR,ERR,ERR,ERR,ERR,ERR,ERR,ERR,ERR,ERR,ERR,ERR,34.0,80.0,35,0.0,0.0,0.0,0.0,0.0,0.0,0.0,0.0,0.0,0.0,0.0,0.0,0.0,0.0,0.0,0.0,66.0,0,121,58,54,65476,0,300,0,0,8,20529,65476,0,0,57672,80.0,0.0,0.0,0.0,0.0,0.0
2026-06-18T02:01:10,ERR,ERR,ERR,ERR,ERR,ERR,ERR,ERR,ERR,ERR,ERR,ERR,ERR,ERR,ERR,ERR,ERR,ERR,ERR,ERR,ERR,ERR,ERR,ERR,ERR,ERR,ERR,ERR,ERR,ERR,ERR,ERR,ERR,ERR,ERR,ERR,ERR,ERR,ERR,ERR,ERR,ERR,ERR,ERR,ERR,ERR,ERR,ERR,ERR,ERR,ERR,ERR,ERR,ERR,ERR,ERR,ERR,ERR,ERR,ERR,ERR,ERR,ERR,ERR,ERR,ERR,ERR,ERR,ERR,ERR,ERR,ERR,ERR,ERR,ERR,ERR,ERR,ERR,ERR,ERR,ERR,ERR,ERR,ERR,ERR,ERR,ERR,ERR,ERR,ERR,ERR,ERR,ERR,ERR,ERR,ERR,ERR,ERR,ERR,ERR,ERR,ERR,ERR,ERR,ERR,ERR,ERR,ERR,ERR,ERR,ERR,ERR,ERR,ERR,ERR,ERR,ERR,ERR,ERR,ERR,ERR,ERR,ERR,ERR,ERR,-107615400.0,0.0,-134999232.0,2.718290229135658e+23,0.0,1.3936040501711995e+18,7.805,2.2722174697351414e+18,0,0,4,48848,6720,14723890282496.0,100,0.0,0.0,0.0,-0.0,0.0,0,0,0,0,0.0,0,0,0,0,0,0,0,0,0,0,0,0,0,0,0,0,0,0,0,0,0,0,0,0,0,0,0,0,0,0,0,0,0,26,51,50,76,65476,0,300,0,0,8,21553,0.0,-107605600.0,0.0,0.0,0.0,0.0,0.0,0.0,0.0,0.0,0.0,0.0,0.0,0.0,0.0,0.0,0.0,0.0,0.0,0.0,0.0,0.0,2.004,2.004,-0.0,0.0,0.0,0.0,0.0,0.0,4726.0,1.5879276530623424e+29,7309.0,-107615400.0,0.0,0.0,-0.0,0.0,0.0,0.0,0.0,77,0.0,-0.0,0.0,0.0,0.0,0.0,0.0,0.0,0.0,0,0,0,0.0,0.0,0.0,0.0,0.0,0.0,0.0,0.0,0.0,0.0,0.0,0.0,0.0,0.0,0.0,0.0,0,-107875648.0,77,0.0,154,0.0,2.6533922776413385e+23,ERR,ERR,ERR,ERR,ERR,ERR,ERR,ERR,ERR,ERR,ERR,ERR,ERR,ERR,ERR,ERR,ERR,ERR,ERR,ERR,ERR,ERR,ERR,ERR,ERR,ERR,ERR,ERR,ERR,ERR,ERR,ERR,ERR,ERR,ERR,ERR,ERR,ERR,ERR,ERR,ERR,ERR,ERR,ERR,ERR,ERR,ERR,ERR,ERR,ERR,ERR,ERR,ERR,ERR,ERR,ERR,ERR,ERR,ERR,ERR,ERR,ERR,ERR,ERR,ERR,ERR,ERR,34.0,80.0,35,0.0,0.0,0.0,0.0,0.0,0.0,0.0,0.0,0.0,0.0,0.0,0.0,0.0,0.0,0.0,0.0,66.0,0,121,58,54,65476,0,300,0,0,8,20529,65476,0,0,57672,80.0,0.0,0.0,0.0,0.0,0.0
2026-06-18T02:01:11,ERR,ERR,ERR,ERR,ERR,ERR,ERR,ERR,ERR,ERR,ERR,ERR,ERR,ERR,ERR,ERR,ERR,ERR,ERR,ERR,ERR,ERR,ERR,ERR,ERR,ERR,ERR,ERR,ERR,ERR,ERR,ERR,ERR,ERR,ERR,ERR,ERR,ERR,ERR,ERR,ERR,ERR,ERR,ERR,ERR,ERR,ERR,ERR,ERR,ERR,ERR,ERR,ERR,ERR,ERR,ERR,ERR,ERR,ERR,ERR,ERR,ERR,ERR,ERR,ERR,ERR,ERR,ERR,ERR,ERR,ERR,ERR,ERR,ERR,ERR,ERR,ERR,ERR,ERR,ERR,ERR,ERR,ERR,ERR,ERR,ERR,ERR,ERR,ERR,ERR,ERR,ERR,ERR,ERR,ERR,ERR,ERR,ERR,ERR,ERR,ERR,ERR,ERR,ERR,ERR,ERR,ERR,ERR,ERR,ERR,ERR,ERR,ERR,ERR,ERR,ERR,ERR,ERR,ERR,ERR,ERR,ERR,ERR,ERR,ERR,-107615400.0,0.0,-134999232.0,2.718290229135658e+23,0.0,1.3936040501711995e+18,7.805,2.2722174697351414e+18,0,0,4,48848,6720,14723890282496.0,100,0.0,0.0,0.0,-0.0,0.0,0,0,0,0,0.0,0,0,0,0,0,0,0,0,0,0,0,0,0,0,0,0,0,0,0,0,0,0,0,0,0,0,0,0,0,0,0,0,0,26,51,50,76,65476,0,300,0,0,8,21553,0.0,-107605600.0,0.0,0.0,0.0,0.0,0.0,0.0,0.0,0.0,0.0,0.0,0.0,0.0,0.0,0.0,0.0,0.0,0.0,0.0,0.0,0.0,2.004,2.004,-0.0,0.0,0.0,0.0,0.0,0.0,4726.0,1.5879276530623424e+29,7309.0,-107615400.0,0.0,0.0,-0.0,0.0,0.0,0.0,0.0,77,0.0,-0.0,0.0,0.0,0.0,0.0,0.0,0.0,0.0,0,0,0,0.0,0.0,0.0,0.0,0.0,0.0,0.0,0.0,0.0,0.0,0.0,0.0,0.0,0.0,0.0,0.0,0,-107875648.0,77,0.0,154,0.0,2.6533922776413385e+23,ERR,ERR,ERR,ERR,ERR,ERR,ERR,ERR,ERR,ERR,ERR,ERR,ERR,ERR,ERR,ERR,ERR,ERR,ERR,ERR,ERR,ERR,ERR,ERR,ERR,ERR,ERR,ERR,ERR,ERR,ERR,ERR,ERR,ERR,ERR,ERR,ERR,ERR,ERR,ERR,ERR,ERR,ERR,ERR,ERR,ERR,ERR,ERR,ERR,ERR,ERR,ERR,ERR,ERR,ERR,ERR,ERR,ERR,ERR,ERR,ERR,ERR,ERR,ERR,ERR,ERR,ERR,34.0,80.0,35,0.0,0.0,0.0,0.0,0.0,0.0,0.0,0.0,0.0,0.0,0.0,0.0,0.0,0.0,0.0,0.0,66.0,0,121,58,54,65476,0,300,0,0,8,20529,65476,0,0,57672,80.0,0.0,0.0,0.0,0.0,0.0
2026-06-18T02:01:12,ERR,ERR,ERR,ERR,ERR,ERR,ERR,ERR,ERR,ERR,ERR,ERR,ERR,ERR,ERR,ERR,ERR,ERR,ERR,ERR,ERR,ERR,ERR,ERR,ERR,ERR,ERR,ERR,ERR,ERR,ERR,ERR,ERR,ERR,ERR,ERR,ERR,ERR,ERR,ERR,ERR,ERR,ERR,ERR,ERR,ERR,ERR,ERR,ERR,ERR,ERR,ERR,ERR,ERR,ERR,ERR,ERR,ERR,ERR,ERR,ERR,ERR,ERR,ERR,ERR,ERR,ERR,ERR,ERR,ERR,ERR,ERR,ERR,ERR,ERR,ERR,ERR,ERR,ERR,ERR,ERR,ERR,ERR,ERR,ERR,ERR,ERR,ERR,ERR,ERR,ERR,ERR,ERR,ERR,ERR,ERR,ERR,ERR,ERR,ERR,ERR,ERR,ERR,ERR,ERR,ERR,ERR,ERR,ERR,ERR,ERR,ERR,ERR,ERR,ERR,ERR,ERR,ERR,ERR,ERR,ERR,ERR,ERR,ERR,ERR,-107615400.0,0.0,-134999232.0,2.718290229135658e+23,0.0,1.3936040501711995e+18,7.805,2.2722174697351414e+18,0,0,4,48848,6720,14723890282496.0,100,0.0,0.0,0.0,-0.0,0.0,0,0,0,0,0.0,0,0,0,0,0,0,0,0,0,0,0,0,0,0,0,0,0,0,0,0,0,0,0,0,0,0,0,0,0,0,0,0,0,26,51,50,76,65476,0,300,0,0,8,21553,0.0,-107605600.0,0.0,0.0,0.0,0.0,0.0,0.0,0.0,0.0,0.0,0.0,0.0,0.0,0.0,0.0,0.0,0.0,0.0,0.0,0.0,0.0,2.004,2.004,-0.0,0.0,0.0,0.0,0.0,0.0,4726.0,1.5879276530623424e+29,7309.0,-107615400.0,0.0,0.0,-0.0,0.0,0.0,0.0,0.0,77,0.0,-0.0,0.0,0.0,0.0,0.0,0.0,0.0,0.0,0,0,0,0.0,0.0,0.0,0.0,0.0,0.0,0.0,0.0,0.0,0.0,0.0,0.0,0.0,0.0,0.0,0.0,0,-107875648.0,77,0.0,154,0.0,2.6533922776413385e+23,ERR,ERR,ERR,ERR,ERR,ERR,ERR,ERR,ERR,ERR,ERR,ERR,ERR,ERR,ERR,ERR,ERR,ERR,ERR,ERR,ERR,ERR,ERR,ERR,ERR,ERR,ERR,ERR,ERR,ERR,ERR,ERR,ERR,ERR,ERR,ERR,ERR,ERR,ERR,ERR,ERR,ERR,ERR,ERR,ERR,ERR,ERR,ERR,ERR,ERR,ERR,ERR,ERR,ERR,ERR,ERR,ERR,ERR,ERR,ERR,ERR,ERR,ERR,ERR,ERR,ERR,ERR,34.0,80.0,35,0.0,0.0,0.0,0.0,0.0,0.0,0.0,0.0,0.0,0.0,0.0,0.0,0.0,0.0,0.0,0.0,66.4,0,121,58,54,65476,0,300,0,0,8,20529,65476,0,0,57672,80.0,0.0,0.0,0.0,0.0,0.0
2026-06-18T02:01:13,ERR,ERR,ERR,ERR,ERR,ERR,ERR,ERR,ERR,ERR,ERR,ERR,ERR,ERR,ERR,ERR,ERR,ERR,ERR,ERR,ERR,ERR,ERR,ERR,ERR,ERR,ERR,ERR,ERR,ERR,ERR,ERR,ERR,ERR,ERR,ERR,ERR,ERR,ERR,ERR,ERR,ERR,ERR,ERR,ERR,ERR,ERR,ERR,ERR,ERR,ERR,ERR,ERR,ERR,ERR,ERR,ERR,ERR,ERR,ERR,ERR,ERR,ERR,ERR,ERR,ERR,ERR,ERR,ERR,ERR,ERR,ERR,ERR,ERR,ERR,ERR,ERR,ERR,ERR,ERR,ERR,ERR,ERR,ERR,ERR,ERR,ERR,ERR,ERR,ERR,ERR,ERR,ERR,ERR,ERR,ERR,ERR,ERR,ERR,ERR,ERR,ERR,ERR,ERR,ERR,ERR,ERR,ERR,ERR,ERR,ERR,ERR,ERR,ERR,ERR,ERR,ERR,ERR,ERR,ERR,ERR,ERR,ERR,ERR,ERR,-107615400.0,0.0,-134999232.0,2.718290229135658e+23,0.0,1.3936040501711995e+18,7.805,2.2722174697351414e+18,0,0,4,48848,6720,14723890282496.0,100,0.0,0.0,0.0,-0.0,0.0,0,0,0,0,0.0,0,0,0,0,0,0,0,0,0,0,0,0,0,0,0,0,0,0,0,0,0,0,0,0,0,0,0,0,0,0,0,0,0,26,51,50,76,65476,0,300,0,0,8,21553,0.0,-107605600.0,0.0,0.0,0.0,0.0,0.0,0.0,0.0,0.0,0.0,0.0,0.0,0.0,0.0,0.0,0.0,0.0,0.0,0.0,0.0,0.0,2.004,2.004,-0.0,0.0,0.0,0.0,0.0,0.0,4726.0,1.5879276530623424e+29,7309.0,-107615400.0,0.0,0.0,-0.0,0.0,0.0,0.0,0.0,77,0.0,-0.0,0.0,0.0,0.0,0.0,0.0,0.0,0.0,0,0,0,0.0,0.0,0.0,0.0,0.0,0.0,0.0,0.0,0.0,0.0,0.0,0.0,0.0,0.0,0.0,0.0,0,-107875648.0,77,0.0,154,0.0,2.6533922776413385e+23,ERR,ERR,ERR,ERR,ERR,ERR,ERR,ERR,ERR,ERR,ERR,ERR,ERR,ERR,ERR,ERR,ERR,ERR,ERR,ERR,ERR,ERR,ERR,ERR,ERR,ERR,ERR,ERR,ERR,ERR,ERR,ERR,ERR,ERR,ERR,ERR,ERR,ERR,ERR,ERR,ERR,ERR,ERR,ERR,ERR,ERR,ERR,ERR,ERR,ERR,ERR,ERR,ERR,ERR,ERR,ERR,ERR,ERR,ERR,ERR,ERR,ERR,ERR,ERR,ERR,ERR,ERR,34.0,80.0,35,0.0,0.0,0.0,0.0,0.0,0.0,0.0,0.0,0.0,0.0,0.0,0.0,0.0,0.0,0.0,0.0,66.4,0,121,58,54,65476,0,300,0,0,8,20529,65476,0,0,57672,80.0,0.0,0.0,0.0,0.0,0.0
2026-06-18T02:01:14,ERR,ERR,ERR,ERR,ERR,ERR,ERR,ERR,ERR,ERR,ERR,ERR,ERR,ERR,ERR,ERR,ERR,ERR,ERR,ERR,ERR,ERR,ERR,ERR,ERR,ERR,ERR,ERR,ERR,ERR,ERR,ERR,ERR,ERR,ERR,ERR,ERR,ERR,ERR,ERR,ERR,ERR,ERR,ERR,ERR,ERR,ERR,ERR,ERR,ERR,ERR,ERR,ERR,ERR,ERR,ERR,ERR,ERR,ERR,ERR,ERR,ERR,ERR,ERR,ERR,ERR,ERR,ERR,ERR,ERR,ERR,ERR,ERR,ERR,ERR,ERR,ERR,ERR,ERR,ERR,ERR,ERR,ERR,ERR,ERR,ERR,ERR,ERR,ERR,ERR,ERR,ERR,ERR,ERR,ERR,ERR,ERR,ERR,ERR,ERR,ERR,ERR,ERR,ERR,ERR,ERR,ERR,ERR,ERR,ERR,ERR,ERR,ERR,ERR,ERR,ERR,ERR,ERR,ERR,ERR,ERR,ERR,ERR,ERR,ERR,-107615400.0,0.0,-134999232.0,2.718290229135658e+23,0.0,1.3936040501711995e+18,7.805,2.2722174697351414e+18,0,0,4,48848,6720,14723890282496.0,100,0.0,0.0,0.0,-0.0,0.0,0,0,0,0,0.0,0,0,0,0,0,0,0,0,0,0,0,0,0,0,0,0,0,0,0,0,0,0,0,0,0,0,0,0,0,0,0,0,0,26,51,50,76,65476,0,300,0,0,8,21553,0.0,-107605600.0,0.0,0.0,0.0,0.0,0.0,0.0,0.0,0.0,0.0,0.0,0.0,0.0,0.0,0.0,0.0,0.0,0.0,0.0,0.0,0.0,2.004,2.004,-0.0,0.0,0.0,0.0,0.0,0.0,4726.0,1.5879276530623424e+29,7309.0,-107615400.0,0.0,0.0,-0.0,0.0,0.0,0.0,0.0,77,0.0,-0.0,0.0,0.0,0.0,0.0,0.0,0.0,0.0,0,0,0,0.0,0.0,0.0,0.0,0.0,0.0,0.0,0.0,0.0,0.0,0.0,0.0,0.0,0.0,0.0,0.0,0,-107875648.0,77,0.0,154,0.0,2.6533922776413385e+23,ERR,ERR,ERR,ERR,ERR,ERR,ERR,ERR,ERR,ERR,ERR,ERR,ERR,ERR,ERR,ERR,ERR,ERR,ERR,ERR,ERR,ERR,ERR,ERR,ERR,ERR,ERR,ERR,ERR,ERR,ERR,ERR,ERR,ERR,ERR,ERR,ERR,ERR,ERR,ERR,ERR,ERR,ERR,ERR,ERR,ERR,ERR,ERR,ERR,ERR,ERR,ERR,ERR,ERR,ERR,ERR,ERR,ERR,ERR,ERR,ERR,ERR,ERR,ERR,ERR,ERR,ERR,34.0,80.0,35,0.0,0.0,0.0,0.0,0.0,0.0,0.0,0.0,0.0,0.0,0.0,0.0,0.0,0.0,0.0,0.0,66.0,0,121,58,54,65476,0,300,0,0,8,20529,65476,0,0,57672,80.0,0.0,0.0,0.0,0.0,0.0
2026-06-18T02:01:15,ERR,ERR,ERR,ERR,ERR,ERR,ERR,ERR,ERR,ERR,ERR,ERR,ERR,ERR,ERR,ERR,ERR,ERR,ERR,ERR,ERR,ERR,ERR,ERR,ERR,ERR,ERR,ERR,ERR,ERR,ERR,ERR,ERR,ERR,ERR,ERR,ERR,ERR,ERR,ERR,ERR,ERR,ERR,ERR,ERR,ERR,ERR,ERR,ERR,ERR,ERR,ERR,ERR,ERR,ERR,ERR,ERR,ERR,ERR,ERR,ERR,ERR,ERR,ERR,ERR,ERR,ERR,ERR,ERR,ERR,ERR,ERR,ERR,ERR,ERR,ERR,ERR,ERR,ERR,ERR,ERR,ERR,ERR,ERR,ERR,ERR,ERR,ERR,ERR,ERR,ERR,ERR,ERR,ERR,ERR,ERR,ERR,ERR,ERR,ERR,ERR,ERR,ERR,ERR,ERR,ERR,ERR,ERR,ERR,ERR,ERR,ERR,ERR,ERR,ERR,ERR,ERR,ERR,ERR,ERR,ERR,ERR,ERR,ERR,ERR,-107615400.0,0.0,-134999232.0,2.718290229135658e+23,0.0,1.3936040501711995e+18,7.805,2.2722174697351414e+18,0,0,4,48899,6720,14723890282496.0,100,0.0,0.0,0.0,-0.0,0.0,0,0,0,0,0.0,0,0,0,0,0,0,0,0,0,0,0,0,0,0,0,0,0,0,0,0,0,0,0,0,0,0,0,0,0,0,0,0,0,26,51,50,76,65476,0,300,0,0,8,21553,0.0,-107605600.0,0.0,0.0,0.0,0.0,0.0,0.0,0.0,0.0,0.0,0.0,0.0,0.0,0.0,0.0,0.0,0.0,0.0,0.0,0.0,0.0,2.004,2.004,-0.0,0.0,0.0,0.0,0.0,0.0,4723.0,131350.297,7305.0,-107615400.0,-107615392.0,0.0,-0.0,0.0,0.0,0.0,0.0,77,0.0,-0.0,0.0,0.0,0.0,0.0,0.0,0.0,0.0,0,0,0,0.0,0.0,0.0,0.0,0.0,0.0,0.0,0.0,0.0,0.0,0.0,0.0,0.0,0.0,0.0,0.0,0,-107875648.0,77,0.0,154,0.0,2.6533922776413385e+23,ERR,ERR,ERR,ERR,ERR,ERR,ERR,ERR,ERR,ERR,ERR,ERR,ERR,ERR,ERR,ERR,ERR,ERR,ERR,ERR,ERR,ERR,ERR,ERR,ERR,ERR,ERR,ERR,ERR,ERR,ERR,ERR,ERR,ERR,ERR,ERR,ERR,ERR,ERR,ERR,ERR,ERR,ERR,ERR,ERR,ERR,ERR,ERR,ERR,ERR,ERR,ERR,ERR,ERR,ERR,ERR,ERR,ERR,ERR,ERR,ERR,ERR,ERR,ERR,ERR,ERR,ERR,34.0,80.0,35,0.0,0.0,0.0,0.0,0.0,0.0,0.0,0.0,0.0,0.0,0.0,0.0,0.0,0.0,0.0,0.0,66.0,0,121,58,54,65476,0,300,0,0,8,20529,65476,0,0,57672,80.0,0.0,0.0,0.0,0.0,0.0
2026-06-18T02:01:16,ERR,ERR,ERR,ERR,ERR,ERR,ERR,ERR,ERR,ERR,ERR,ERR,ERR,ERR,ERR,ERR,ERR,ERR,ERR,ERR,ERR,ERR,ERR,ERR,ERR,ERR,ERR,ERR,ERR,ERR,ERR,ERR,ERR,ERR,ERR,ERR,ERR,ERR,ERR,ERR,ERR,ERR,ERR,ERR,ERR,ERR,ERR,ERR,ERR,ERR,ERR,ERR,ERR,ERR,ERR,ERR,ERR,ERR,ERR,ERR,ERR,ERR,ERR,ERR,ERR,ERR,ERR,ERR,ERR,ERR,ERR,ERR,ERR,ERR,ERR,ERR,ERR,ERR,ERR,ERR,ERR,ERR,ERR,ERR,ERR,ERR,ERR,ERR,ERR,ERR,ERR,ERR,ERR,ERR,ERR,ERR,ERR,ERR,ERR,ERR,ERR,ERR,ERR,ERR,ERR,ERR,ERR,ERR,ERR,ERR,ERR,ERR,ERR,ERR,ERR,ERR,ERR,ERR,ERR,ERR,ERR,ERR,ERR,ERR,ERR,-107615400.0,0.0,-134999232.0,2.718290229135658e+23,0.0,1.3936040501711995e+18,7.805,2.2722174697351414e+18,0,0,4,48899,6720,14723890282496.0,100,0.0,0.0,0.0,-0.0,0.0,0,0,0,0,0.0,0,0,0,0,0,0,0,0,0,0,0,0,0,0,0,0,0,0,0,0,0,0,0,0,0,0,0,0,0,0,0,0,0,26,51,50,76,65476,0,300,0,0,8,21553,0.0,-107605600.0,0.0,0.0,0.0,0.0,0.0,0.0,0.0,0.0,0.0,0.0,0.0,0.0,0.0,0.0,0.0,0.0,0.0,0.0,0.0,0.0,2.004,2.004,-0.0,0.0,0.0,0.0,0.0,0.0,4723.0,131350.297,7305.0,-107615400.0,-107615392.0,0.0,-0.0,0.0,0.0,0.0,0.0,77,0.0,-0.0,0.0,0.0,0.0,0.0,0.0,0.0,0.0,0,0,0,0.0,0.0,0.0,0.0,0.0,0.0,0.0,0.0,0.0,0.0,0.0,0.0,0.0,0.0,0.0,0.0,0,-107875648.0,77,0.0,154,0.0,2.6533922776413385e+23,ERR,ERR,ERR,ERR,ERR,ERR,ERR,ERR,ERR,ERR,ERR,ERR,ERR,ERR,ERR,ERR,ERR,ERR,ERR,ERR,ERR,ERR,ERR,ERR,ERR,ERR,ERR,ERR,ERR,ERR,ERR,ERR,ERR,ERR,ERR,ERR,ERR,ERR,ERR,ERR,ERR,ERR,ERR,ERR,ERR,ERR,ERR,ERR,ERR,ERR,ERR,ERR,ERR,ERR,ERR,ERR,ERR,ERR,ERR,ERR,ERR,ERR,ERR,ERR,ERR,ERR,ERR,34.0,80.0,35,0.0,0.0,0.0,0.0,0.0,0.0,0.0,0.0,0.0,0.0,0.0,0.0,0.0,0.0,0.0,0.0,66.0,0,121,58,54,65476,0,300,0,0,8,20529,65476,0,0,57672,80.0,0.0,0.0,0.0,0.0,0.0
2026-06-18T02:01:17,ERR,ERR,ERR,ERR,ERR,ERR,ERR,ERR,ERR,ERR,ERR,ERR,ERR,ERR,ERR,ERR,ERR,ERR,ERR,ERR,ERR,ERR,ERR,ERR,ERR,ERR,ERR,ERR,ERR,ERR,ERR,ERR,ERR,ERR,ERR,ERR,ERR,ERR,ERR,ERR,ERR,ERR,ERR,ERR,ERR,ERR,ERR,ERR,ERR,ERR,ERR,ERR,ERR,ERR,ERR,ERR,ERR,ERR,ERR,ERR,ERR,ERR,ERR,ERR,ERR,ERR,ERR,ERR,ERR,ERR,ERR,ERR,ERR,ERR,ERR,ERR,ERR,ERR,ERR,ERR,ERR,ERR,ERR,ERR,ERR,ERR,ERR,ERR,ERR,ERR,ERR,ERR,ERR,ERR,ERR,ERR,ERR,ERR,ERR,ERR,ERR,ERR,ERR,ERR,ERR,ERR,ERR,ERR,ERR,ERR,ERR,ERR,ERR,ERR,ERR,ERR,ERR,ERR,ERR,ERR,ERR,ERR,ERR,ERR,ERR,-107615400.0,0.0,-134999232.0,2.718290229135658e+23,0.0,1.3936040501711995e+18,7.805,2.2722174697351414e+18,0,0,4,48899,6720,14723890282496.0,100,0.0,0.0,0.0,-0.0,0.0,0,0,0,0,0.0,0,0,0,0,0,0,0,0,0,0,0,0,0,0,0,0,0,0,0,0,0,0,0,0,0,0,0,0,0,0,0,0,0,26,51,50,76,65476,0,300,0,0,8,21553,0.0,-107605600.0,0.0,0.0,0.0,0.0,0.0,0.0,0.0,0.0,0.0,0.0,0.0,0.0,0.0,0.0,0.0,0.0,0.0,0.0,0.0,0.0,2.004,2.004,-0.0,0.0,0.0,0.0,0.0,0.0,4723.0,131350.297,7305.0,-107615400.0,-107615392.0,0.0,-0.0,0.0,0.0,0.0,0.0,77,0.0,-0.0,0.0,0.0,0.0,0.0,0.0,0.0,0.0,0,0,0,0.0,0.0,0.0,0.0,0.0,0.0,0.0,0.0,0.0,0.0,0.0,0.0,0.0,0.0,0.0,0.0,0,-107875648.0,77,0.0,154,0.0,2.6533922776413385e+23,ERR,ERR,ERR,ERR,ERR,ERR,ERR,ERR,ERR,ERR,ERR,ERR,ERR,ERR,ERR,ERR,ERR,ERR,ERR,ERR,ERR,ERR,ERR,ERR,ERR,ERR,ERR,ERR,ERR,ERR,ERR,ERR,ERR,ERR,ERR,ERR,ERR,ERR,ERR,ERR,ERR,ERR,ERR,ERR,ERR,ERR,ERR,ERR,ERR,ERR,ERR,ERR,ERR,ERR,ERR,ERR,ERR,ERR,ERR,ERR,ERR,ERR,ERR,ERR,ERR,ERR,ERR,34.0,80.0,35,0.0,0.0,0.0,0.0,0.0,0.0,0.0,0.0,0.0,0.0,0.0,0.0,0.0,0.0,0.0,0.0,66.0,0,121,58,54,65476,0,300,0,0,8,20529,65476,0,0,57672,80.0,0.0,0.0,0.0,0.0,0.0
2026-06-18T02:01:18,ERR,ERR,ERR,ERR,ERR,ERR,ERR,ERR,ERR,ERR,ERR,ERR,ERR,ERR,ERR,ERR,ERR,ERR,ERR,ERR,ERR,ERR,ERR,ERR,ERR,ERR,ERR,ERR,ERR,ERR,ERR,ERR,ERR,ERR,ERR,ERR,ERR,ERR,ERR,ERR,ERR,ERR,ERR,ERR,ERR,ERR,ERR,ERR,ERR,ERR,ERR,ERR,ERR,ERR,ERR,ERR,ERR,ERR,ERR,ERR,ERR,ERR,ERR,ERR,ERR,ERR,ERR,ERR,ERR,ERR,ERR,ERR,ERR,ERR,ERR,ERR,ERR,ERR,ERR,ERR,ERR,ERR,ERR,ERR,ERR,ERR,ERR,ERR,ERR,ERR,ERR,ERR,ERR,ERR,ERR,ERR,ERR,ERR,ERR,ERR,ERR,ERR,ERR,ERR,ERR,ERR,ERR,ERR,ERR,ERR,ERR,ERR,ERR,ERR,ERR,ERR,ERR,ERR,ERR,ERR,ERR,ERR,ERR,ERR,ERR,-107615400.0,0.0,-134999232.0,2.718290229135658e+23,0.0,1.3936040501711995e+18,7.805,2.2722174697351414e+18,0,0,4,48899,6720,14723890282496.0,100,0.0,0.0,0.0,-0.0,0.0,0,0,0,0,0.0,0,0,0,0,0,0,0,0,0,0,0,0,0,0,0,0,0,0,0,0,0,0,0,0,0,0,0,0,0,0,0,0,0,26,51,50,76,65476,0,300,0,0,8,21553,0.0,-107605600.0,0.0,0.0,0.0,0.0,0.0,0.0,0.0,0.0,0.0,0.0,0.0,0.0,0.0,0.0,0.0,0.0,0.0,0.0,0.0,0.0,2.004,2.004,-0.0,0.0,0.0,0.0,0.0,0.0,4723.0,131350.297,7305.0,-107615400.0,-107615392.0,0.0,-0.0,0.0,0.0,0.0,0.0,77,0.0,-0.0,0.0,0.0,0.0,0.0,0.0,0.0,0.0,0,0,0,0.0,0.0,0.0,0.0,0.0,0.0,0.0,0.0,0.0,0.0,0.0,0.0,0.0,0.0,0.0,0.0,0,-107875648.0,77,0.0,154,0.0,2.6533922776413385e+23,ERR,ERR,ERR,ERR,ERR,ERR,ERR,ERR,ERR,ERR,ERR,ERR,ERR,ERR,ERR,ERR,ERR,ERR,ERR,ERR,ERR,ERR,ERR,ERR,ERR,ERR,ERR,ERR,ERR,ERR,ERR,ERR,ERR,ERR,ERR,ERR,ERR,ERR,ERR,ERR,ERR,ERR,ERR,ERR,ERR,ERR,ERR,ERR,ERR,ERR,ERR,ERR,ERR,ERR,ERR,ERR,ERR,ERR,ERR,ERR,ERR,ERR,ERR,ERR,ERR,ERR,ERR,34.0,80.0,35,0.0,0.0,0.0,0.0,0.0,0.0,0.0,0.0,0.0,0.0,0.0,0.0,0.0,0.0,0.0,0.0,66.0,0,121,58,54,65476,0,300,0,0,8,20529,65476,0,0,57672,80.0,0.0,0.0,0.0,0.0,0.0
2026-06-18T02:01:19,ERR,ERR,ERR,ERR,ERR,ERR,ERR,ERR,ERR,ERR,ERR,ERR,ERR,ERR,ERR,ERR,ERR,ERR,ERR,ERR,ERR,ERR,ERR,ERR,ERR,ERR,ERR,ERR,ERR,ERR,ERR,ERR,ERR,ERR,ERR,ERR,ERR,ERR,ERR,ERR,ERR,ERR,ERR,ERR,ERR,ERR,ERR,ERR,ERR,ERR,ERR,ERR,ERR,ERR,ERR,ERR,ERR,ERR,ERR,ERR,ERR,ERR,ERR,ERR,ERR,ERR,ERR,ERR,ERR,ERR,ERR,ERR,ERR,ERR,ERR,ERR,ERR,ERR,ERR,ERR,ERR,ERR,ERR,ERR,ERR,ERR,ERR,ERR,ERR,ERR,ERR,ERR,ERR,ERR,ERR,ERR,ERR,ERR,ERR,ERR,ERR,ERR,ERR,ERR,ERR,ERR,ERR,ERR,ERR,ERR,ERR,ERR,ERR,ERR,ERR,ERR,ERR,ERR,ERR,ERR,ERR,ERR,ERR,ERR,ERR,-107615400.0,0.0,-134999232.0,2.718290229135658e+23,0.0,1.3936040501711995e+18,7.805,2.2722174697351414e+18,0,0,4,48899,6720,14723890282496.0,100,0.0,0.0,0.0,-0.0,0.0,0,0,0,0,0.0,0,0,0,0,0,0,0,0,0,0,0,0,0,0,0,0,0,0,0,0,0,0,0,0,0,0,0,0,0,0,0,0,0,26,51,50,76,65476,0,300,0,0,8,21553,0.0,-107605600.0,0.0,0.0,0.0,0.0,0.0,0.0,0.0,0.0,0.0,0.0,0.0,0.0,0.0,0.0,0.0,0.0,0.0,0.0,0.0,0.0,2.004,2.004,-0.0,0.0,0.0,0.0,0.0,0.0,4723.0,131350.297,7305.0,-107615400.0,-107615392.0,0.0,-0.0,0.0,0.0,0.0,0.0,77,0.0,-0.0,0.0,0.0,0.0,0.0,0.0,0.0,0.0,0,0,0,0.0,0.0,0.0,0.0,0.0,0.0,0.0,0.0,0.0,0.0,0.0,0.0,0.0,0.0,0.0,0.0,0,-107875648.0,77,0.0,154,0.0,2.6533922776413385e+23,ERR,ERR,ERR,ERR,ERR,ERR,ERR,ERR,ERR,ERR,ERR,ERR,ERR,ERR,ERR,ERR,ERR,ERR,ERR,ERR,ERR,ERR,ERR,ERR,ERR,ERR,ERR,ERR,ERR,ERR,ERR,ERR,ERR,ERR,ERR,ERR,ERR,ERR,ERR,ERR,ERR,ERR,ERR,ERR,ERR,ERR,ERR,ERR,ERR,ERR,ERR,ERR,ERR,ERR,ERR,ERR,ERR,ERR,ERR,ERR,ERR,ERR,ERR,ERR,ERR,ERR,ERR,34.0,80.0,35,0.0,0.0,0.0,0.0,0.0,0.0,0.0,0.0,0.0,0.0,0.0,0.0,0.0,0.0,0.0,0.0,66.4,0,121,58,54,65476,0,300,0,0,8,20529,65476,0,0,57672,80.0,0.0,0.0,0.0,0.0,0.0
2026-06-18T02:01:20,ERR,ERR,ERR,ERR,ERR,ERR,ERR,ERR,ERR,ERR,ERR,ERR,ERR,ERR,ERR,ERR,ERR,ERR,ERR,ERR,ERR,ERR,ERR,ERR,ERR,ERR,ERR,ERR,ERR,ERR,ERR,ERR,ERR,ERR,ERR,ERR,ERR,ERR,ERR,ERR,ERR,ERR,ERR,ERR,ERR,ERR,ERR,ERR,ERR,ERR,ERR,ERR,ERR,ERR,ERR,ERR,ERR,ERR,ERR,ERR,ERR,ERR,ERR,ERR,ERR,ERR,ERR,ERR,ERR,ERR,ERR,ERR,ERR,ERR,ERR,ERR,ERR,ERR,ERR,ERR,ERR,ERR,ERR,ERR,ERR,ERR,ERR,ERR,ERR,ERR,ERR,ERR,ERR,ERR,ERR,ERR,ERR,ERR,ERR,ERR,ERR,ERR,ERR,ERR,ERR,ERR,ERR,ERR,ERR,ERR,ERR,ERR,ERR,ERR,ERR,ERR,ERR,ERR,ERR,ERR,ERR,ERR,ERR,ERR,ERR,-107615400.0,0.0,-134999232.0,-4.9501291711397626e+32,0.0,1.3936040501711995e+18,7.805,51974472.0,0,0,4,48852,6720,14723890282496.0,100,0.0,0.0,0.0,0.059,0.0,0,0,0,0,0.0,0,0,0,0,0,0,0,0,0,0,0,0,0,0,0,0,0,0,0,0,0,0,0,0,0,0,0,0,0,0,0,0,0,26,51,50,76,65476,0,300,0,0,8,21553,0.0,-107605600.0,0.0,0.0,0.0,0.0,0.0,0.0,0.0,0.0,0.0,0.0,0.0,0.0,0.0,0.0,0.0,0.0,0.0,0.0,0.0,0.0,2.004,0.0,-0.0,0.0,0.0,0.0,0.0,0.0,4726.0,0.0,7301.0,-107615400.0,0.0,0.0,-0.0,0.0,0.0,0.0,0.0,77,0.0,1.9056838611828736e+17,0.0,0.0,0.0,0.0,0.0,0.0,0.0,0,0,0,0.0,0.0,0.0,0.0,0.0,0.0,0.0,0.0,0.0,0.0,0.0,0.0,0.0,0.0,0.0,0.0,0,-107875648.0,77,0.0,154,0.0,2.6533922776413385e+23,ERR,ERR,ERR,ERR,ERR,ERR,ERR,ERR,ERR,ERR,ERR,ERR,ERR,ERR,ERR,ERR,ERR,ERR,ERR,ERR,ERR,ERR,ERR,ERR,ERR,ERR,ERR,ERR,ERR,ERR,ERR,ERR,ERR,ERR,ERR,ERR,ERR,ERR,ERR,ERR,ERR,ERR,ERR,ERR,ERR,ERR,ERR,ERR,ERR,ERR,ERR,ERR,ERR,ERR,ERR,ERR,ERR,ERR,ERR,ERR,ERR,ERR,ERR,ERR,ERR,ERR,ERR,34.0,80.0,35,0.0,0.0,0.0,0.0,0.0,0.0,0.0,0.0,0.0,0.0,0.0,0.0,0.0,0.0,0.0,0.0,66.4,0,121,58,54,65476,0,300,0,0,8,20529,65476,0,0,57672,80.0,0.0,0.0,0.0,0.0,0.0
2026-06-18T02:01:21,ERR,ERR,ERR,ERR,ERR,ERR,ERR,ERR,ERR,ERR,ERR,ERR,ERR,ERR,ERR,ERR,ERR,ERR,ERR,ERR,ERR,ERR,ERR,ERR,ERR,ERR,ERR,ERR,ERR,ERR,ERR,ERR,ERR,ERR,ERR,ERR,ERR,ERR,ERR,ERR,ERR,ERR,ERR,ERR,ERR,ERR,ERR,ERR,ERR,ERR,ERR,ERR,ERR,ERR,ERR,ERR,ERR,ERR,ERR,ERR,ERR,ERR,ERR,ERR,ERR,ERR,ERR,ERR,ERR,ERR,ERR,ERR,ERR,ERR,ERR,ERR,ERR,ERR,ERR,ERR,ERR,ERR,ERR,ERR,ERR,ERR,ERR,ERR,ERR,ERR,ERR,ERR,ERR,ERR,ERR,ERR,ERR,ERR,ERR,ERR,ERR,ERR,ERR,ERR,ERR,ERR,ERR,ERR,ERR,ERR,ERR,ERR,ERR,ERR,ERR,ERR,ERR,ERR,ERR,ERR,ERR,ERR,ERR,ERR,ERR,-107615400.0,0.0,-134999232.0,-4.9501291711397626e+32,0.0,1.3936040501711995e+18,7.805,51974472.0,0,0,4,48852,6720,14723890282496.0,100,0.0,0.0,0.0,0.059,0.0,0,0,0,0,0.0,0,0,0,0,0,0,0,0,0,0,0,0,0,0,0,0,0,0,0,0,0,0,0,0,0,0,0,0,0,0,0,0,0,26,51,50,76,65476,0,300,0,0,8,21553,0.0,-107605600.0,0.0,0.0,0.0,0.0,0.0,0.0,0.0,0.0,0.0,0.0,0.0,0.0,0.0,0.0,0.0,0.0,0.0,0.0,0.0,0.0,2.004,0.0,-0.0,0.0,0.0,0.0,0.0,0.0,4726.0,0.0,7301.0,-107615400.0,0.0,0.0,-0.0,0.0,0.0,0.0,0.0,77,0.0,1.9056838611828736e+17,0.0,0.0,0.0,0.0,0.0,0.0,0.0,0,0,0,0.0,0.0,0.0,0.0,0.0,0.0,0.0,0.0,0.0,0.0,0.0,0.0,0.0,0.0,0.0,0.0,0,-107875648.0,77,0.0,154,0.0,2.6533922776413385e+23,ERR,ERR,ERR,ERR,ERR,ERR,ERR,ERR,ERR,ERR,ERR,ERR,ERR,ERR,ERR,ERR,ERR,ERR,ERR,ERR,ERR,ERR,ERR,ERR,ERR,ERR,ERR,ERR,ERR,ERR,ERR,ERR,ERR,ERR,ERR,ERR,ERR,ERR,ERR,ERR,ERR,ERR,ERR,ERR,ERR,ERR,ERR,ERR,ERR,ERR,ERR,ERR,ERR,ERR,ERR,ERR,ERR,ERR,ERR,ERR,ERR,ERR,ERR,ERR,ERR,ERR,ERR,34.0,80.0,35,0.0,0.0,0.0,0.0,0.0,0.0,0.0,0.0,0.0,0.0,0.0,0.0,0.0,0.0,0.0,0.0,66.0,0,121,58,54,65476,0,300,0,0,8,20529,65476,0,0,57672,80.0,0.0,0.0,0.0,0.0,0.0
2026-06-18T02:01:22,ERR,ERR,ERR,ERR,ERR,ERR,ERR,ERR,ERR,ERR,ERR,ERR,ERR,ERR,ERR,ERR,ERR,ERR,ERR,ERR,ERR,ERR,ERR,ERR,ERR,ERR,ERR,ERR,ERR,ERR,ERR,ERR,ERR,ERR,ERR,ERR,ERR,ERR,ERR,ERR,ERR,ERR,ERR,ERR,ERR,ERR,ERR,ERR,ERR,ERR,ERR,ERR,ERR,ERR,ERR,ERR,ERR,ERR,ERR,ERR,ERR,ERR,ERR,ERR,ERR,ERR,ERR,ERR,ERR,ERR,ERR,ERR,ERR,ERR,ERR,ERR,ERR,ERR,ERR,ERR,ERR,ERR,ERR,ERR,ERR,ERR,ERR,ERR,ERR,ERR,ERR,ERR,ERR,ERR,ERR,ERR,ERR,ERR,ERR,ERR,ERR,ERR,ERR,ERR,ERR,ERR,ERR,ERR,ERR,ERR,ERR,ERR,ERR,ERR,ERR,ERR,ERR,ERR,ERR,ERR,ERR,ERR,ERR,ERR,ERR,-107615400.0,0.0,-134999232.0,-4.9501291711397626e+32,0.0,1.3936040501711995e+18,7.805,51974472.0,0,0,4,48852,6720,14723890282496.0,100,0.0,0.0,0.0,0.059,0.0,0,0,0,0,0.0,0,0,0,0,0,0,0,0,0,0,0,0,0,0,0,0,0,0,0,0,0,0,0,0,0,0,0,0,0,0,0,0,0,26,51,50,76,65476,0,300,0,0,8,21553,0.0,-107605600.0,0.0,0.0,0.0,0.0,0.0,0.0,0.0,0.0,0.0,0.0,0.0,0.0,0.0,0.0,0.0,0.0,0.0,0.0,0.0,0.0,2.004,0.0,-0.0,0.0,0.0,0.0,0.0,0.0,4726.0,0.0,7301.0,-107615400.0,0.0,0.0,-0.0,0.0,0.0,0.0,0.0,77,0.0,1.9056838611828736e+17,0.0,0.0,0.0,0.0,0.0,0.0,0.0,0,0,0,0.0,0.0,0.0,0.0,0.0,0.0,0.0,0.0,0.0,0.0,0.0,0.0,0.0,0.0,0.0,0.0,0,-107875648.0,77,0.0,154,0.0,2.6533922776413385e+23,ERR,ERR,ERR,ERR,ERR,ERR,ERR,ERR,ERR,ERR,ERR,ERR,ERR,ERR,ERR,ERR,ERR,ERR,ERR,ERR,ERR,ERR,ERR,ERR,ERR,ERR,ERR,ERR,ERR,ERR,ERR,ERR,ERR,ERR,ERR,ERR,ERR,ERR,ERR,ERR,ERR,ERR,ERR,ERR,ERR,ERR,ERR,ERR,ERR,ERR,ERR,ERR,ERR,ERR,ERR,ERR,ERR,ERR,ERR,ERR,ERR,ERR,ERR,ERR,ERR,ERR,ERR,34.0,80.0,35,0.0,0.0,0.0,0.0,0.0,0.0,0.0,0.0,0.0,0.0,0.0,0.0,0.0,0.0,0.0,0.0,66.0,0,121,58,54,65476,0,300,0,0,8,20529,65476,0,0,57672,80.0,0.0,0.0,0.0,0.0,0.0
2026-06-18T02:01:23,ERR,ERR,ERR,ERR,ERR,ERR,ERR,ERR,ERR,ERR,ERR,ERR,ERR,ERR,ERR,ERR,ERR,ERR,ERR,ERR,ERR,ERR,ERR,ERR,ERR,ERR,ERR,ERR,ERR,ERR,ERR,ERR,ERR,ERR,ERR,ERR,ERR,ERR,ERR,ERR,ERR,ERR,ERR,ERR,ERR,ERR,ERR,ERR,ERR,ERR,ERR,ERR,ERR,ERR,ERR,ERR,ERR,ERR,ERR,ERR,ERR,ERR,ERR,ERR,ERR,ERR,ERR,ERR,ERR,ERR,ERR,ERR,ERR,ERR,ERR,ERR,ERR,ERR,ERR,ERR,ERR,ERR,ERR,ERR,ERR,ERR,ERR,ERR,ERR,ERR,ERR,ERR,ERR,ERR,ERR,ERR,ERR,ERR,ERR,ERR,ERR,ERR,ERR,ERR,ERR,ERR,ERR,ERR,ERR,ERR,ERR,ERR,ERR,ERR,ERR,ERR,ERR,ERR,ERR,ERR,ERR,ERR,ERR,ERR,ERR,-107615400.0,0.0,-134999232.0,-4.9501291711397626e+32,0.0,1.3936040501711995e+18,7.805,51974472.0,0,0,4,48852,6720,14723890282496.0,100,0.0,0.0,0.0,0.059,0.0,0,0,0,0,0.0,0,0,0,0,0,0,0,0,0,0,0,0,0,0,0,0,0,0,0,0,0,0,0,0,0,0,0,0,0,0,0,0,0,26,51,50,76,65476,0,300,0,0,8,21553,0.0,-107605600.0,0.0,0.0,0.0,0.0,0.0,0.0,0.0,0.0,0.0,0.0,0.0,0.0,0.0,0.0,0.0,0.0,0.0,0.0,0.0,0.0,2.004,0.0,-0.0,0.0,0.0,0.0,0.0,0.0,4726.0,0.0,7301.0,-107615400.0,0.0,0.0,-0.0,0.0,0.0,0.0,0.0,77,0.0,1.9056838611828736e+17,0.0,0.0,0.0,0.0,0.0,0.0,0.0,0,0,0,0.0,0.0,0.0,0.0,0.0,0.0,0.0,0.0,0.0,0.0,0.0,0.0,0.0,0.0,0.0,0.0,0,-107875648.0,77,0.0,154,0.0,2.6533922776413385e+23,ERR,ERR,ERR,ERR,ERR,ERR,ERR,ERR,ERR,ERR,ERR,ERR,ERR,ERR,ERR,ERR,ERR,ERR,ERR,ERR,ERR,ERR,ERR,ERR,ERR,ERR,ERR,ERR,ERR,ERR,ERR,ERR,ERR,ERR,ERR,ERR,ERR,ERR,ERR,ERR,ERR,ERR,ERR,ERR,ERR,ERR,ERR,ERR,ERR,ERR,ERR,ERR,ERR,ERR,ERR,ERR,ERR,ERR,ERR,ERR,ERR,ERR,ERR,ERR,ERR,ERR,ERR,34.0,80.0,35,0.0,0.0,0.0,0.0,0.0,0.0,0.0,0.0,0.0,0.0,0.0,0.0,0.0,0.0,0.0,0.0,66.0,0,121,58,54,65476,0,300,0,0,8,20529,65476,0,0,57672,80.0,0.0,0.0,0.0,0.0,0.0
2026-06-18T02:01:24,ERR,ERR,ERR,ERR,ERR,ERR,ERR,ERR,ERR,ERR,ERR,ERR,ERR,ERR,ERR,ERR,ERR,ERR,ERR,ERR,ERR,ERR,ERR,ERR,ERR,ERR,ERR,ERR,ERR,ERR,ERR,ERR,ERR,ERR,ERR,ERR,ERR,ERR,ERR,ERR,ERR,ERR,ERR,ERR,ERR,ERR,ERR,ERR,ERR,ERR,ERR,ERR,ERR,ERR,ERR,ERR,ERR,ERR,ERR,ERR,ERR,ERR,ERR,ERR,ERR,ERR,ERR,ERR,ERR,ERR,ERR,ERR,ERR,ERR,ERR,ERR,ERR,ERR,ERR,ERR,ERR,ERR,ERR,ERR,ERR,ERR,ERR,ERR,ERR,ERR,ERR,ERR,ERR,ERR,ERR,ERR,ERR,ERR,ERR,ERR,ERR,ERR,ERR,ERR,ERR,ERR,ERR,ERR,ERR,ERR,ERR,ERR,ERR,ERR,ERR,ERR,ERR,ERR,ERR,ERR,ERR,ERR,ERR,ERR,ERR,-107615400.0,0.0,-134999232.0,-4.9501291711397626e+32,0.0,1.3936040501711995e+18,7.805,51974472.0,0,0,4,48852,6720,14723890282496.0,100,0.0,0.0,0.0,0.059,0.0,0,0,0,0,0.0,0,0,0,0,0,0,0,0,0,0,0,0,0,0,0,0,0,0,0,0,0,0,0,0,0,0,0,0,0,0,0,0,0,26,51,50,76,65476,0,300,0,0,8,21553,0.0,-107605600.0,0.0,0.0,0.0,0.0,0.0,0.0,0.0,0.0,0.0,0.0,0.0,0.0,0.0,0.0,0.0,0.0,0.0,0.0,0.0,0.0,2.004,0.0,-0.0,0.0,0.0,0.0,0.0,0.0,4726.0,0.0,7301.0,-107615400.0,0.0,0.0,-0.0,0.0,0.0,0.0,0.0,77,0.0,1.9056838611828736e+17,0.0,0.0,0.0,0.0,0.0,0.0,0.0,0,0,0,0.0,0.0,0.0,0.0,0.0,0.0,0.0,0.0,0.0,0.0,0.0,0.0,0.0,0.0,0.0,0.0,0,-107875648.0,77,0.0,154,0.0,2.6533922776413385e+23,ERR,ERR,ERR,ERR,ERR,ERR,ERR,ERR,ERR,ERR,ERR,ERR,ERR,ERR,ERR,ERR,ERR,ERR,ERR,ERR,ERR,ERR,ERR,ERR,ERR,ERR,ERR,ERR,ERR,ERR,ERR,ERR,ERR,ERR,ERR,ERR,ERR,ERR,ERR,ERR,ERR,ERR,ERR,ERR,ERR,ERR,ERR,ERR,ERR,ERR,ERR,ERR,ERR,ERR,ERR,ERR,ERR,ERR,ERR,ERR,ERR,ERR,ERR,ERR,ERR,ERR,ERR,34.0,80.0,35,0.0,0.0,0.0,0.0,0.0,0.0,0.0,0.0,0.0,0.0,0.0,0.0,0.0,0.0,0.0,0.0,66.0,0,121,58,54,65476,0,300,0,0,8,20529,65476,0,0,57672,80.0,0.0,0.0,0.0,0.0,0.0
2026-06-18T02:01:25,ERR,ERR,ERR,ERR,ERR,ERR,ERR,ERR,ERR,ERR,ERR,ERR,ERR,ERR,ERR,ERR,ERR,ERR,ERR,ERR,ERR,ERR,ERR,ERR,ERR,ERR,ERR,ERR,ERR,ERR,ERR,ERR,ERR,ERR,ERR,ERR,ERR,ERR,ERR,ERR,ERR,ERR,ERR,ERR,ERR,ERR,ERR,ERR,ERR,ERR,ERR,ERR,ERR,ERR,ERR,ERR,ERR,ERR,ERR,ERR,ERR,ERR,ERR,ERR,ERR,ERR,ERR,ERR,ERR,ERR,ERR,ERR,ERR,ERR,ERR,ERR,ERR,ERR,ERR,ERR,ERR,ERR,ERR,ERR,ERR,ERR,ERR,ERR,ERR,ERR,ERR,ERR,ERR,ERR,ERR,ERR,ERR,ERR,ERR,ERR,ERR,ERR,ERR,ERR,ERR,ERR,ERR,ERR,ERR,ERR,ERR,ERR,ERR,ERR,ERR,ERR,ERR,ERR,ERR,ERR,ERR,ERR,ERR,ERR,ERR,-107615400.0,0.0,-134999232.0,0.059,0.0,1.3936040501711995e+18,7.805,234.267,0,0,4,48846,6720,14723890282496.0,100,0.0,0.0,0.0,-4.9501291711397626e+32,0.0,0,0,0,0,0.0,0,0,0,0,0,0,0,0,0,0,0,0,0,0,0,0,0,0,0,0,0,0,0,0,0,0,0,0,0,0,0,0,0,26,51,50,76,65476,0,300,0,0,8,21553,0.0,-107605600.0,0.0,0.0,0.0,0.0,0.0,0.0,0.0,0.0,0.0,0.0,0.0,0.0,0.0,0.0,0.0,0.0,0.0,0.0,0.0,0.0,2.004,0.0,-0.0,0.0,0.0,0.0,0.0,0.0,4727.0,0.0,7302.0,-107615400.0,0.0,0.0,-0.0,0.0,0.0,0.0,0.0,77,0.0,2.7184152490613138e+23,0.0,0.0,0.0,0.0,0.0,0.0,0.0,0,0,0,0.0,0.0,0.0,0.0,0.0,0.0,0.0,0.0,0.0,0.0,0.0,0.0,0.0,0.0,0.0,0.0,0,-107875648.0,77,0.0,154,0.0,2.6533922776413385e+23,ERR,ERR,ERR,ERR,ERR,ERR,ERR,ERR,ERR,ERR,ERR,ERR,ERR,ERR,ERR,ERR,ERR,ERR,ERR,ERR,ERR,ERR,ERR,ERR,ERR,ERR,ERR,ERR,ERR,ERR,ERR,ERR,ERR,ERR,ERR,ERR,ERR,ERR,ERR,ERR,ERR,ERR,ERR,ERR,ERR,ERR,ERR,ERR,ERR,ERR,ERR,ERR,ERR,ERR,ERR,ERR,ERR,ERR,ERR,ERR,ERR,ERR,ERR,ERR,ERR,ERR,ERR,34.0,80.0,35,0.0,0.0,0.0,0.0,0.0,0.0,0.0,0.0,0.0,0.0,0.0,0.0,0.0,0.0,0.0,0.0,66.4,0,121,58,54,65476,0,300,0,0,8,20529,65476,0,0,57672,80.0,0.0,0.0,0.0,0.0,0.0
2026-06-18T02:01:26,ERR,ERR,ERR,ERR,ERR,ERR,ERR,ERR,ERR,ERR,ERR,ERR,ERR,ERR,ERR,ERR,ERR,ERR,ERR,ERR,ERR,ERR,ERR,ERR,ERR,ERR,ERR,ERR,ERR,ERR,ERR,ERR,ERR,ERR,ERR,ERR,ERR,ERR,ERR,ERR,ERR,ERR,ERR,ERR,ERR,ERR,ERR,ERR,ERR,ERR,ERR,ERR,ERR,ERR,ERR,ERR,ERR,ERR,ERR,ERR,ERR,ERR,ERR,ERR,ERR,ERR,ERR,ERR,ERR,ERR,ERR,ERR,ERR,ERR,ERR,ERR,ERR,ERR,ERR,ERR,ERR,ERR,ERR,ERR,ERR,ERR,ERR,ERR,ERR,ERR,ERR,ERR,ERR,ERR,ERR,ERR,ERR,ERR,ERR,ERR,ERR,ERR,ERR,ERR,ERR,ERR,ERR,ERR,ERR,ERR,ERR,ERR,ERR,ERR,ERR,ERR,ERR,ERR,ERR,ERR,ERR,ERR,ERR,ERR,ERR,-107615400.0,0.0,-134999232.0,0.059,0.0,1.3936040501711995e+18,7.805,234.267,0,0,4,48846,6720,14723890282496.0,100,0.0,0.0,0.0,-4.9501291711397626e+32,0.0,0,0,0,0,0.0,0,0,0,0,0,0,0,0,0,0,0,0,0,0,0,0,0,0,0,0,0,0,0,0,0,0,0,0,0,0,0,0,0,26,51,50,76,65476,0,300,0,0,8,21553,0.0,-107605600.0,0.0,0.0,0.0,0.0,0.0,0.0,0.0,0.0,0.0,0.0,0.0,0.0,0.0,0.0,0.0,0.0,0.0,0.0,0.0,0.0,2.004,0.0,-0.0,0.0,0.0,0.0,0.0,0.0,4727.0,0.0,7302.0,-107615400.0,0.0,0.0,-0.0,0.0,0.0,0.0,0.0,77,0.0,2.7184152490613138e+23,0.0,0.0,0.0,0.0,0.0,0.0,0.0,0,0,0,0.0,0.0,0.0,0.0,0.0,0.0,0.0,0.0,0.0,0.0,0.0,0.0,0.0,0.0,0.0,0.0,0,-107875648.0,77,0.0,154,0.0,2.6533922776413385e+23,ERR,ERR,ERR,ERR,ERR,ERR,ERR,ERR,ERR,ERR,ERR,ERR,ERR,ERR,ERR,ERR,ERR,ERR,ERR,ERR,ERR,ERR,ERR,ERR,ERR,ERR,ERR,ERR,ERR,ERR,ERR,ERR,ERR,ERR,ERR,ERR,ERR,ERR,ERR,ERR,ERR,ERR,ERR,ERR,ERR,ERR,ERR,ERR,ERR,ERR,ERR,ERR,ERR,ERR,ERR,ERR,ERR,ERR,ERR,ERR,ERR,ERR,ERR,ERR,ERR,ERR,ERR,34.0,80.0,35,0.0,0.0,0.0,0.0,0.0,0.0,0.0,0.0,0.0,0.0,0.0,0.0,0.0,0.0,0.0,0.0,66.4,0,121,58,54,65476,0,300,0,0,8,20529,65476,0,0,57672,80.0,0.0,0.0,0.0,0.0,0.0
2026-06-18T02:01:27,ERR,ERR,ERR,ERR,ERR,ERR,ERR,ERR,ERR,ERR,ERR,ERR,ERR,ERR,ERR,ERR,ERR,ERR,ERR,ERR,ERR,ERR,ERR,ERR,ERR,ERR,ERR,ERR,ERR,ERR,ERR,ERR,ERR,ERR,ERR,ERR,ERR,ERR,ERR,ERR,ERR,ERR,ERR,ERR,ERR,ERR,ERR,ERR,ERR,ERR,ERR,ERR,ERR,ERR,ERR,ERR,ERR,ERR,ERR,ERR,ERR,ERR,ERR,ERR,ERR,ERR,ERR,ERR,ERR,ERR,ERR,ERR,ERR,ERR,ERR,ERR,ERR,ERR,ERR,ERR,ERR,ERR,ERR,ERR,ERR,ERR,ERR,ERR,ERR,ERR,ERR,ERR,ERR,ERR,ERR,ERR,ERR,ERR,ERR,ERR,ERR,ERR,ERR,ERR,ERR,ERR,ERR,ERR,ERR,ERR,ERR,ERR,ERR,ERR,ERR,ERR,ERR,ERR,ERR,ERR,ERR,ERR,ERR,ERR,ERR,-107615400.0,0.0,-134999232.0,0.059,0.0,1.3936040501711995e+18,7.805,234.267,0,0,4,48846,6720,14723890282496.0,100,0.0,0.0,0.0,-4.9501291711397626e+32,0.0,0,0,0,0,0.0,0,0,0,0,0,0,0,0,0,0,0,0,0,0,0,0,0,0,0,0,0,0,0,0,0,0,0,0,0,0,0,0,0,26,51,50,76,65476,0,300,0,0,8,21553,0.0,-107605600.0,0.0,0.0,0.0,0.0,0.0,0.0,0.0,0.0,0.0,0.0,0.0,0.0,0.0,0.0,0.0,0.0,0.0,0.0,0.0,0.0,2.004,0.0,-0.0,0.0,0.0,0.0,0.0,0.0,4727.0,0.0,7302.0,-107615400.0,0.0,0.0,-0.0,0.0,0.0,0.0,0.0,77,0.0,2.7184152490613138e+23,0.0,0.0,0.0,0.0,0.0,0.0,0.0,0,0,0,0.0,0.0,0.0,0.0,0.0,0.0,0.0,0.0,0.0,0.0,0.0,0.0,0.0,0.0,0.0,0.0,0,-107875648.0,77,0.0,154,0.0,2.6533922776413385e+23,ERR,ERR,ERR,ERR,ERR,ERR,ERR,ERR,ERR,ERR,ERR,ERR,ERR,ERR,ERR,ERR,ERR,ERR,ERR,ERR,ERR,ERR,ERR,ERR,ERR,ERR,ERR,ERR,ERR,ERR,ERR,ERR,ERR,ERR,ERR,ERR,ERR,ERR,ERR,ERR,ERR,ERR,ERR,ERR,ERR,ERR,ERR,ERR,ERR,ERR,ERR,ERR,ERR,ERR,ERR,ERR,ERR,ERR,ERR,ERR,ERR,ERR,ERR,ERR,ERR,ERR,ERR,34.0,80.0,35,0.0,0.0,0.0,0.0,0.0,0.0,0.0,0.0,0.0,0.0,0.0,0.0,0.0,0.0,0.0,0.0,66.4,0,121,58,54,65476,0,300,0,0,8,20529,65476,0,0,57672,80.0,0.0,0.0,0.0,0.0,0.0
2026-06-18T02:01:28,ERR,ERR,ERR,ERR,ERR,ERR,ERR,ERR,ERR,ERR,ERR,ERR,ERR,ERR,ERR,ERR,ERR,ERR,ERR,ERR,ERR,ERR,ERR,ERR,ERR,ERR,ERR,ERR,ERR,ERR,ERR,ERR,ERR,ERR,ERR,ERR,ERR,ERR,ERR,ERR,ERR,ERR,ERR,ERR,ERR,ERR,ERR,ERR,ERR,ERR,ERR,ERR,ERR,ERR,ERR,ERR,ERR,ERR,ERR,ERR,ERR,ERR,ERR,ERR,ERR,ERR,ERR,ERR,ERR,ERR,ERR,ERR,ERR,ERR,ERR,ERR,ERR,ERR,ERR,ERR,ERR,ERR,ERR,ERR,ERR,ERR,ERR,ERR,ERR,ERR,ERR,ERR,ERR,ERR,ERR,ERR,ERR,ERR,ERR,ERR,ERR,ERR,ERR,ERR,ERR,ERR,ERR,ERR,ERR,ERR,ERR,ERR,ERR,ERR,ERR,ERR,ERR,ERR,ERR,ERR,ERR,ERR,ERR,ERR,ERR,-107615400.0,0.0,-134999232.0,0.059,0.0,1.3936040501711995e+18,7.805,234.267,0,0,4,48846,6720,14723890282496.0,100,0.0,0.0,0.0,-4.9501291711397626e+32,0.0,0,0,0,0,0.0,0,0,0,0,0,0,0,0,0,0,0,0,0,0,0,0,0,0,0,0,0,0,0,0,0,0,0,0,0,0,0,0,0,26,51,50,76,65476,0,300,0,0,8,21553,0.0,-107605600.0,0.0,0.0,0.0,0.0,0.0,0.0,0.0,0.0,0.0,0.0,0.0,0.0,0.0,0.0,0.0,0.0,0.0,0.0,0.0,0.0,2.004,0.0,-0.0,0.0,0.0,0.0,0.0,0.0,4727.0,0.0,7302.0,-107615400.0,0.0,0.0,-0.0,0.0,0.0,0.0,0.0,77,0.0,2.7184152490613138e+23,0.0,0.0,0.0,0.0,0.0,0.0,0.0,0,0,0,0.0,0.0,0.0,0.0,0.0,0.0,0.0,0.0,0.0,0.0,0.0,0.0,0.0,0.0,0.0,0.0,0,-107875648.0,77,0.0,154,0.0,2.6533922776413385e+23,ERR,ERR,ERR,ERR,ERR,ERR,ERR,ERR,ERR,ERR,ERR,ERR,ERR,ERR,ERR,ERR,ERR,ERR,ERR,ERR,ERR,ERR,ERR,ERR,ERR,ERR,ERR,ERR,ERR,ERR,ERR,ERR,ERR,ERR,ERR,ERR,ERR,ERR,ERR,ERR,ERR,ERR,ERR,ERR,ERR,ERR,ERR,ERR,ERR,ERR,ERR,ERR,ERR,ERR,ERR,ERR,ERR,ERR,ERR,ERR,ERR,ERR,ERR,ERR,ERR,ERR,ERR,34.0,80.0,35,0.0,0.0,0.0,0.0,0.0,0.0,0.0,0.0,0.0,0.0,0.0,0.0,0.0,0.0,0.0,0.0,66.0,0,121,58,54,65476,0,300,0,0,8,20529,65476,0,0,57672,80.0,0.0,0.0,0.0,0.0,0.0
2026-06-18T02:01:29,ERR,ERR,ERR,ERR,ERR,ERR,ERR,ERR,ERR,ERR,ERR,ERR,ERR,ERR,ERR,ERR,ERR,ERR,ERR,ERR,ERR,ERR,ERR,ERR,ERR,ERR,ERR,ERR,ERR,ERR,ERR,ERR,ERR,ERR,ERR,ERR,ERR,ERR,ERR,ERR,ERR,ERR,ERR,ERR,ERR,ERR,ERR,ERR,ERR,ERR,ERR,ERR,ERR,ERR,ERR,ERR,ERR,ERR,ERR,ERR,ERR,ERR,ERR,ERR,ERR,ERR,ERR,ERR,ERR,ERR,ERR,ERR,ERR,ERR,ERR,ERR,ERR,ERR,ERR,ERR,ERR,ERR,ERR,ERR,ERR,ERR,ERR,ERR,ERR,ERR,ERR,ERR,ERR,ERR,ERR,ERR,ERR,ERR,ERR,ERR,ERR,ERR,ERR,ERR,ERR,ERR,ERR,ERR,ERR,ERR,ERR,ERR,ERR,ERR,ERR,ERR,ERR,ERR,ERR,ERR,ERR,ERR,ERR,ERR,ERR,-107615400.0,0.0,-134999232.0,0.059,0.0,1.3936040501711995e+18,7.805,234.267,0,0,4,48846,6720,14723890282496.0,100,0.0,0.0,0.0,-4.9501291711397626e+32,0.0,0,0,0,0,0.0,0,0,0,0,0,0,0,0,0,0,0,0,0,0,0,0,0,0,0,0,0,0,0,0,0,0,0,0,0,0,0,0,0,26,51,50,76,65476,0,300,0,0,8,21553,0.0,-107605600.0,0.0,0.0,0.0,0.0,0.0,0.0,0.0,0.0,0.0,0.0,0.0,0.0,0.0,0.0,0.0,0.0,0.0,0.0,0.0,0.0,2.004,0.0,-0.0,0.0,0.0,0.0,0.0,0.0,4727.0,0.0,7302.0,-107615400.0,0.0,0.0,-0.0,0.0,0.0,0.0,0.0,77,0.0,2.7184152490613138e+23,0.0,0.0,0.0,0.0,0.0,0.0,0.0,0,0,0,0.0,0.0,0.0,0.0,0.0,0.0,0.0,0.0,0.0,0.0,0.0,0.0,0.0,0.0,0.0,0.0,0,-107875648.0,77,0.0,154,0.0,2.6533922776413385e+23,ERR,ERR,ERR,ERR,ERR,ERR,ERR,ERR,ERR,ERR,ERR,ERR,ERR,ERR,ERR,ERR,ERR,ERR,ERR,ERR,ERR,ERR,ERR,ERR,ERR,ERR,ERR,ERR,ERR,ERR,ERR,ERR,ERR,ERR,ERR,ERR,ERR,ERR,ERR,ERR,ERR,ERR,ERR,ERR,ERR,ERR,ERR,ERR,ERR,ERR,ERR,ERR,ERR,ERR,ERR,ERR,ERR,ERR,ERR,ERR,ERR,ERR,ERR,ERR,ERR,ERR,ERR,34.0,80.0,35,0.0,0.0,0.0,0.0,0.0,0.0,0.0,0.0,0.0,0.0,0.0,0.0,0.0,0.0,0.0,0.0,66.0,0,121,58,54,65476,0,300,0,0,8,20529,65476,0,0,57672,80.0,0.0,0.0,0.0,0.0,0.0
2026-06-18T02:01:30,ERR,ERR,ERR,ERR,ERR,ERR,ERR,ERR,ERR,ERR,ERR,ERR,ERR,ERR,ERR,ERR,ERR,ERR,ERR,ERR,ERR,ERR,ERR,ERR,ERR,ERR,ERR,ERR,ERR,ERR,ERR,ERR,ERR,ERR,ERR,ERR,ERR,ERR,ERR,ERR,ERR,ERR,ERR,ERR,ERR,ERR,ERR,ERR,ERR,ERR,ERR,ERR,ERR,ERR,ERR,ERR,ERR,ERR,ERR,ERR,ERR,ERR,ERR,ERR,ERR,ERR,ERR,ERR,ERR,ERR,ERR,ERR,ERR,ERR,ERR,ERR,ERR,ERR,ERR,ERR,ERR,ERR,ERR,ERR,ERR,ERR,ERR,ERR,ERR,ERR,ERR,ERR,ERR,ERR,ERR,ERR,ERR,ERR,ERR,ERR,ERR,ERR,ERR,ERR,ERR,ERR,ERR,ERR,ERR,ERR,ERR,ERR,ERR,ERR,ERR,ERR,ERR,ERR,ERR,ERR,ERR,ERR,ERR,ERR,ERR,-107615400.0,0.0,-134999232.0,-152005385388032.0,0.0,1.3936040501711995e+18,7.805,1.1096074633774859e+29,0,0,4,48904,6720,14723890282496.0,100,0.0,0.0,0.0,-4.9501291711397626e+32,0.0,0,0,0,0,0.0,0,0,0,0,0,0,0,0,0,0,0,0,0,0,0,0,0,0,0,0,0,0,0,0,0,0,0,0,0,0,0,0,0,26,51,50,76,65476,0,300,0,0,8,21553,0.0,-107605600.0,0.0,0.0,0.0,0.0,0.0,0.0,0.0,0.0,0.0,0.0,0.0,0.0,0.0,0.0,0.0,0.0,0.0,0.0,0.0,0.0,2.004,2.004,-0.0,0.0,0.0,0.0,0.0,0.0,4727.0,0.0,7300.0,-107615400.0,0.0,0.0,-0.0,0.0,0.0,0.0,0.0,77,0.0,126840438784.0,0.0,0.0,0.0,0.0,0.0,0.0,0.0,0,0,0,0.0,0.0,0.0,0.0,0.0,0.0,0.0,0.0,0.0,0.0,0.0,0.0,0.0,0.0,0.0,0.0,0,-107875648.0,77,0.0,154,0.0,2.6533922776413385e+23,ERR,ERR,ERR,ERR,ERR,ERR,ERR,ERR,ERR,ERR,ERR,ERR,ERR,ERR,ERR,ERR,ERR,ERR,ERR,ERR,ERR,ERR,ERR,ERR,ERR,ERR,ERR,ERR,ERR,ERR,ERR,ERR,ERR,ERR,ERR,ERR,ERR,ERR,ERR,ERR,ERR,ERR,ERR,ERR,ERR,ERR,ERR,ERR,ERR,ERR,ERR,ERR,ERR,ERR,ERR,ERR,ERR,ERR,ERR,ERR,ERR,ERR,ERR,ERR,ERR,ERR,ERR,34.0,80.0,35,0.0,0.0,0.0,0.0,0.0,0.0,0.0,0.0,0.0,0.0,0.0,0.0,0.0,0.0,0.0,0.0,66.0,0,121,58,54,65476,0,300,0,0,8,20529,65476,0,0,57672,80.0,0.0,0.0,0.0,0.0,0.0
2026-06-18T02:01:31,ERR,ERR,ERR,ERR,ERR,ERR,ERR,ERR,ERR,ERR,ERR,ERR,ERR,ERR,ERR,ERR,ERR,ERR,ERR,ERR,ERR,ERR,ERR,ERR,ERR,ERR,ERR,ERR,ERR,ERR,ERR,ERR,ERR,ERR,ERR,ERR,ERR,ERR,ERR,ERR,ERR,ERR,ERR,ERR,ERR,ERR,ERR,ERR,ERR,ERR,ERR,ERR,ERR,ERR,ERR,ERR,ERR,ERR,ERR,ERR,ERR,ERR,ERR,ERR,ERR,ERR,ERR,ERR,ERR,ERR,ERR,ERR,ERR,ERR,ERR,ERR,ERR,ERR,ERR,ERR,ERR,ERR,ERR,ERR,ERR,ERR,ERR,ERR,ERR,ERR,ERR,ERR,ERR,ERR,ERR,ERR,ERR,ERR,ERR,ERR,ERR,ERR,ERR,ERR,ERR,ERR,ERR,ERR,ERR,ERR,ERR,ERR,ERR,ERR,ERR,ERR,ERR,ERR,ERR,ERR,ERR,ERR,ERR,ERR,ERR,-107615400.0,0.0,-134999232.0,-152005385388032.0,0.0,1.3936040501711995e+18,7.805,1.1096074633774859e+29,0,0,4,48904,6720,14723890282496.0,100,0.0,0.0,0.0,-4.9501291711397626e+32,0.0,0,0,0,0,0.0,0,0,0,0,0,0,0,0,0,0,0,0,0,0,0,0,0,0,0,0,0,0,0,0,0,0,0,0,0,0,0,0,0,26,51,50,76,65476,0,300,0,0,8,21553,0.0,-107605600.0,0.0,0.0,0.0,0.0,0.0,0.0,0.0,0.0,0.0,0.0,0.0,0.0,0.0,0.0,0.0,0.0,0.0,0.0,0.0,0.0,2.004,2.004,-0.0,0.0,0.0,0.0,0.0,0.0,4727.0,0.0,7300.0,-107615400.0,0.0,0.0,-0.0,0.0,0.0,0.0,0.0,77,0.0,126840438784.0,0.0,0.0,0.0,0.0,0.0,0.0,0.0,0,0,0,0.0,0.0,0.0,0.0,0.0,0.0,0.0,0.0,0.0,0.0,0.0,0.0,0.0,0.0,0.0,0.0,0,-107875648.0,77,0.0,154,0.0,2.6533922776413385e+23,ERR,ERR,ERR,ERR,ERR,ERR,ERR,ERR,ERR,ERR,ERR,ERR,ERR,ERR,ERR,ERR,ERR,ERR,ERR,ERR,ERR,ERR,ERR,ERR,ERR,ERR,ERR,ERR,ERR,ERR,ERR,ERR,ERR,ERR,ERR,ERR,ERR,ERR,ERR,ERR,ERR,ERR,ERR,ERR,ERR,ERR,ERR,ERR,ERR,ERR,ERR,ERR,ERR,ERR,ERR,ERR,ERR,ERR,ERR,ERR,ERR,ERR,ERR,ERR,ERR,ERR,ERR,34.0,80.0,35,0.0,0.0,0.0,0.0,0.0,0.0,0.0,0.0,0.0,0.0,0.0,0.0,0.0,0.0,0.0,0.0,66.0,0,121,58,54,65476,0,300,0,0,8,20529,65476,0,0,57672,80.0,0.0,0.0,0.0,0.0,0.0
2026-06-18T02:01:32,ERR,ERR,ERR,ERR,ERR,ERR,ERR,ERR,ERR,ERR,ERR,ERR,ERR,ERR,ERR,ERR,ERR,ERR,ERR,ERR,ERR,ERR,ERR,ERR,ERR,ERR,ERR,ERR,ERR,ERR,ERR,ERR,ERR,ERR,ERR,ERR,ERR,ERR,ERR,ERR,ERR,ERR,ERR,ERR,ERR,ERR,ERR,ERR,ERR,ERR,ERR,ERR,ERR,ERR,ERR,ERR,ERR,ERR,ERR,ERR,ERR,ERR,ERR,ERR,ERR,ERR,ERR,ERR,ERR,ERR,ERR,ERR,ERR,ERR,ERR,ERR,ERR,ERR,ERR,ERR,ERR,ERR,ERR,ERR,ERR,ERR,ERR,ERR,ERR,ERR,ERR,ERR,ERR,ERR,ERR,ERR,ERR,ERR,ERR,ERR,ERR,ERR,ERR,ERR,ERR,ERR,ERR,ERR,ERR,ERR,ERR,ERR,ERR,ERR,ERR,ERR,ERR,ERR,ERR,ERR,ERR,ERR,ERR,ERR,ERR,-107615400.0,0.0,-134999232.0,-152005385388032.0,0.0,1.3936040501711995e+18,7.805,1.1096074633774859e+29,0,0,4,48904,6720,14723890282496.0,100,0.0,0.0,0.0,-4.9501291711397626e+32,0.0,0,0,0,0,0.0,0,0,0,0,0,0,0,0,0,0,0,0,0,0,0,0,0,0,0,0,0,0,0,0,0,0,0,0,0,0,0,0,0,26,51,50,76,65476,0,300,0,0,8,21553,0.0,-107605600.0,0.0,0.0,0.0,0.0,0.0,0.0,0.0,0.0,0.0,0.0,0.0,0.0,0.0,0.0,0.0,0.0,0.0,0.0,0.0,0.0,2.004,2.004,-0.0,0.0,0.0,0.0,0.0,0.0,4727.0,0.0,7300.0,-107615400.0,0.0,0.0,-0.0,0.0,0.0,0.0,0.0,77,0.0,126840438784.0,0.0,0.0,0.0,0.0,0.0,0.0,0.0,0,0,0,0.0,0.0,0.0,0.0,0.0,0.0,0.0,0.0,0.0,0.0,0.0,0.0,0.0,0.0,0.0,0.0,0,-107875648.0,77,0.0,154,0.0,2.6533922776413385e+23,ERR,ERR,ERR,ERR,ERR,ERR,ERR,ERR,ERR,ERR,ERR,ERR,ERR,ERR,ERR,ERR,ERR,ERR,ERR,ERR,ERR,ERR,ERR,ERR,ERR,ERR,ERR,ERR,ERR,ERR,ERR,ERR,ERR,ERR,ERR,ERR,ERR,ERR,ERR,ERR,ERR,ERR,ERR,ERR,ERR,ERR,ERR,ERR,ERR,ERR,ERR,ERR,ERR,ERR,ERR,ERR,ERR,ERR,ERR,ERR,ERR,ERR,ERR,ERR,ERR,ERR,ERR,34.0,80.0,35,0.0,0.0,0.0,0.0,0.0,0.0,0.0,0.0,0.0,0.0,0.0,0.0,0.0,0.0,0.0,0.0,66.0,0,121,58,54,65476,0,300,0,0,8,20529,65476,0,0,57672,80.0,0.0,0.0,0.0,0.0,0.0
2026-06-18T02:01:33,ERR,ERR,ERR,ERR,ERR,ERR,ERR,ERR,ERR,ERR,ERR,ERR,ERR,ERR,ERR,ERR,ERR,ERR,ERR,ERR,ERR,ERR,ERR,ERR,ERR,ERR,ERR,ERR,ERR,ERR,ERR,ERR,ERR,ERR,ERR,ERR,ERR,ERR,ERR,ERR,ERR,ERR,ERR,ERR,ERR,ERR,ERR,ERR,ERR,ERR,ERR,ERR,ERR,ERR,ERR,ERR,ERR,ERR,ERR,ERR,ERR,ERR,ERR,ERR,ERR,ERR,ERR,ERR,ERR,ERR,ERR,ERR,ERR,ERR,ERR,ERR,ERR,ERR,ERR,ERR,ERR,ERR,ERR,ERR,ERR,ERR,ERR,ERR,ERR,ERR,ERR,ERR,ERR,ERR,ERR,ERR,ERR,ERR,ERR,ERR,ERR,ERR,ERR,ERR,ERR,ERR,ERR,ERR,ERR,ERR,ERR,ERR,ERR,ERR,ERR,ERR,ERR,ERR,ERR,ERR,ERR,ERR,ERR,ERR,ERR,-107615400.0,0.0,-134999232.0,-152005385388032.0,0.0,1.3936040501711995e+18,7.805,1.1096074633774859e+29,0,0,4,48904,6720,14723890282496.0,100,0.0,0.0,0.0,-4.9501291711397626e+32,0.0,0,0,0,0,0.0,0,0,0,0,0,0,0,0,0,0,0,0,0,0,0,0,0,0,0,0,0,0,0,0,0,0,0,0,0,0,0,0,0,26,51,50,76,65476,0,300,0,0,8,21553,0.0,-107605600.0,0.0,0.0,0.0,0.0,0.0,0.0,0.0,0.0,0.0,0.0,0.0,0.0,0.0,0.0,0.0,0.0,0.0,0.0,0.0,0.0,2.004,2.004,-0.0,0.0,0.0,0.0,0.0,0.0,4727.0,0.0,7300.0,-107615400.0,0.0,0.0,-0.0,0.0,0.0,0.0,0.0,77,0.0,126840438784.0,0.0,0.0,0.0,0.0,0.0,0.0,0.0,0,0,0,0.0,0.0,0.0,0.0,0.0,0.0,0.0,0.0,0.0,0.0,0.0,0.0,0.0,0.0,0.0,0.0,0,-107875648.0,77,0.0,154,0.0,2.6533922776413385e+23,ERR,ERR,ERR,ERR,ERR,ERR,ERR,ERR,ERR,ERR,ERR,ERR,ERR,ERR,ERR,ERR,ERR,ERR,ERR,ERR,ERR,ERR,ERR,ERR,ERR,ERR,ERR,ERR,ERR,ERR,ERR,ERR,ERR,ERR,ERR,ERR,ERR,ERR,ERR,ERR,ERR,ERR,ERR,ERR,ERR,ERR,ERR,ERR,ERR,ERR,ERR,ERR,ERR,ERR,ERR,ERR,ERR,ERR,ERR,ERR,ERR,ERR,ERR,ERR,ERR,ERR,ERR,34.0,80.0,35,0.0,0.0,0.0,0.0,0.0,0.0,0.0,0.0,0.0,0.0,0.0,0.0,0.0,0.0,0.0,0.0,66.0,0,121,58,54,65476,0,300,0,0,8,20529,65476,0,0,57672,80.0,0.0,0.0,0.0,0.0,0.0
2026-06-18T02:01:34,ERR,ERR,ERR,ERR,ERR,ERR,ERR,ERR,ERR,ERR,ERR,ERR,ERR,ERR,ERR,ERR,ERR,ERR,ERR,ERR,ERR,ERR,ERR,ERR,ERR,ERR,ERR,ERR,ERR,ERR,ERR,ERR,ERR,ERR,ERR,ERR,ERR,ERR,ERR,ERR,ERR,ERR,ERR,ERR,ERR,ERR,ERR,ERR,ERR,ERR,ERR,ERR,ERR,ERR,ERR,ERR,ERR,ERR,ERR,ERR,ERR,ERR,ERR,ERR,ERR,ERR,ERR,ERR,ERR,ERR,ERR,ERR,ERR,ERR,ERR,ERR,ERR,ERR,ERR,ERR,ERR,ERR,ERR,ERR,ERR,ERR,ERR,ERR,ERR,ERR,ERR,ERR,ERR,ERR,ERR,ERR,ERR,ERR,ERR,ERR,ERR,ERR,ERR,ERR,ERR,ERR,ERR,ERR,ERR,ERR,ERR,ERR,ERR,ERR,ERR,ERR,ERR,ERR,ERR,ERR,ERR,ERR,ERR,ERR,ERR,-107615400.0,0.0,-134999232.0,-152005385388032.0,0.0,1.3936040501711995e+18,7.805,1.1096074633774859e+29,0,0,4,48904,6720,14723890282496.0,100,0.0,0.0,0.0,-4.9501291711397626e+32,0.0,0,0,0,0,0.0,0,0,0,0,0,0,0,0,0,0,0,0,0,0,0,0,0,0,0,0,0,0,0,0,0,0,0,0,0,0,0,0,0,26,51,50,76,65476,0,300,0,0,8,21553,0.0,-107605600.0,0.0,0.0,0.0,0.0,0.0,0.0,0.0,0.0,0.0,0.0,0.0,0.0,0.0,0.0,0.0,0.0,0.0,0.0,0.0,0.0,2.004,2.004,-0.0,0.0,0.0,0.0,0.0,0.0,4727.0,0.0,7300.0,-107615400.0,0.0,0.0,-0.0,0.0,0.0,0.0,0.0,77,0.0,126840438784.0,0.0,0.0,0.0,0.0,0.0,0.0,0.0,0,0,0,0.0,0.0,0.0,0.0,0.0,0.0,0.0,0.0,0.0,0.0,0.0,0.0,0.0,0.0,0.0,0.0,0,-107875648.0,77,0.0,154,0.0,2.6533922776413385e+23,ERR,ERR,ERR,ERR,ERR,ERR,ERR,ERR,ERR,ERR,ERR,ERR,ERR,ERR,ERR,ERR,ERR,ERR,ERR,ERR,ERR,ERR,ERR,ERR,ERR,ERR,ERR,ERR,ERR,ERR,ERR,ERR,ERR,ERR,ERR,ERR,ERR,ERR,ERR,ERR,ERR,ERR,ERR,ERR,ERR,ERR,ERR,ERR,ERR,ERR,ERR,ERR,ERR,ERR,ERR,ERR,ERR,ERR,ERR,ERR,ERR,ERR,ERR,ERR,ERR,ERR,ERR,34.0,80.0,35,0.0,0.0,0.0,0.0,0.0,0.0,0.0,0.0,0.0,0.0,0.0,0.0,0.0,0.0,0.0,0.0,66.0,0,121,58,54,65476,0,300,0,0,8,20529,65476,0,0,57672,80.0,0.0,0.0,0.0,0.0,0.0
2026-06-18T02:01:35,ERR,ERR,ERR,ERR,ERR,ERR,ERR,ERR,ERR,ERR,ERR,ERR,ERR,ERR,ERR,ERR,ERR,ERR,ERR,ERR,ERR,ERR,ERR,ERR,ERR,ERR,ERR,ERR,ERR,ERR,ERR,ERR,ERR,ERR,ERR,ERR,ERR,ERR,ERR,ERR,ERR,ERR,ERR,ERR,ERR,ERR,ERR,ERR,ERR,ERR,ERR,ERR,ERR,ERR,ERR,ERR,ERR,ERR,ERR,ERR,ERR,ERR,ERR,ERR,ERR,ERR,ERR,ERR,ERR,ERR,ERR,ERR,ERR,ERR,ERR,ERR,ERR,ERR,ERR,ERR,ERR,ERR,ERR,ERR,ERR,ERR,ERR,ERR,ERR,ERR,ERR,ERR,ERR,ERR,ERR,ERR,ERR,ERR,ERR,ERR,ERR,ERR,ERR,ERR,ERR,ERR,ERR,ERR,ERR,ERR,ERR,ERR,ERR,ERR,ERR,ERR,ERR,ERR,ERR,ERR,ERR,ERR,ERR,ERR,ERR,-107615400.0,0.0,-134999232.0,-152005385388032.0,0.0,1.3936040501711995e+18,7.805,1.1096074633774859e+29,0,0,4,48904,6720,14723890282496.0,100,0.0,0.0,0.0,-4.9501291711397626e+32,0.0,0,0,0,0,0.0,0,0,0,0,0,0,0,0,0,0,0,0,0,0,0,0,0,0,0,0,0,0,0,0,0,0,0,0,0,0,0,0,0,26,51,50,76,65476,0,300,0,0,8,21553,0.0,-107605600.0,0.0,0.0,0.0,0.0,0.0,0.0,0.0,0.0,0.0,0.0,0.0,0.0,0.0,0.0,0.0,0.0,0.0,0.0,0.0,0.0,2.004,2.004,-0.0,0.0,0.0,0.0,0.0,0.0,4727.0,0.0,7300.0,-107615400.0,0.0,0.0,-0.0,0.0,0.0,0.0,0.0,77,0.0,126840438784.0,0.0,0.0,0.0,0.0,0.0,0.0,0.0,0,0,0,0.0,0.0,0.0,0.0,0.0,0.0,0.0,0.0,0.0,0.0,0.0,0.0,0.0,0.0,0.0,0.0,0,-107875648.0,77,0.0,154,0.0,2.6533922776413385e+23,ERR,ERR,ERR,ERR,ERR,ERR,ERR,ERR,ERR,ERR,ERR,ERR,ERR,ERR,ERR,ERR,ERR,ERR,ERR,ERR,ERR,ERR,ERR,ERR,ERR,ERR,ERR,ERR,ERR,ERR,ERR,ERR,ERR,ERR,ERR,ERR,ERR,ERR,ERR,ERR,ERR,ERR,ERR,ERR,ERR,ERR,ERR,ERR,ERR,ERR,ERR,ERR,ERR,ERR,ERR,ERR,ERR,ERR,ERR,ERR,ERR,ERR,ERR,ERR,ERR,ERR,ERR,34.0,80.0,35,0.0,0.0,0.0,0.0,0.0,0.0,0.0,0.0,0.0,0.0,0.0,0.0,0.0,0.0,0.0,0.0,66.0,0,121,58,54,65476,0,300,0,0,8,20529,65476,0,0,57672,80.0,0.0,0.0,0.0,0.0,0.0
2026-06-18T02:01:36,ERR,ERR,ERR,ERR,ERR,ERR,ERR,ERR,ERR,ERR,ERR,ERR,ERR,ERR,ERR,ERR,ERR,ERR,ERR,ERR,ERR,ERR,ERR,ERR,ERR,ERR,ERR,ERR,ERR,ERR,ERR,ERR,ERR,ERR,ERR,ERR,ERR,ERR,ERR,ERR,ERR,ERR,ERR,ERR,ERR,ERR,ERR,ERR,ERR,ERR,ERR,ERR,ERR,ERR,ERR,ERR,ERR,ERR,ERR,ERR,ERR,ERR,ERR,ERR,ERR,ERR,ERR,ERR,ERR,ERR,ERR,ERR,ERR,ERR,ERR,ERR,ERR,ERR,ERR,ERR,ERR,ERR,ERR,ERR,ERR,ERR,ERR,ERR,ERR,ERR,ERR,ERR,ERR,ERR,ERR,ERR,ERR,ERR,ERR,ERR,ERR,ERR,ERR,ERR,ERR,ERR,ERR,ERR,ERR,ERR,ERR,ERR,ERR,ERR,ERR,ERR,ERR,ERR,ERR,ERR,ERR,ERR,ERR,ERR,ERR,-107615400.0,0.0,-134999232.0,2.718290229135658e+23,0.0,1.3936040501711995e+18,7.805,2.2722174697351414e+18,0,0,4,48855,6720,14723890282496.0,100,0.0,0.0,0.0,2.718290229135658e+23,0.0,0,0,0,0,0.0,0,0,0,0,0,0,0,0,0,0,0,0,0,0,0,0,0,0,0,0,0,0,0,0,0,0,0,0,0,0,0,0,0,26,51,50,76,65476,0,300,0,0,8,21553,0.0,-107605600.0,0.0,0.0,0.0,0.0,0.0,0.0,0.0,0.0,0.0,0.0,0.0,0.0,0.0,0.0,0.0,0.0,0.0,0.0,0.0,0.0,2.004,2.004,-0.0,0.0,0.0,0.0,0.0,0.0,4724.0,0.0,7301.0,-107615400.0,-107615392.0,0.0,-0.0,0.0,0.0,0.0,0.0,77,0.0,1.9056838611828736e+17,0.0,0.0,0.0,0.0,0.0,0.0,0.0,0,0,0,0.0,0.0,0.0,0.0,0.0,0.0,0.0,0.0,0.0,0.0,0.0,0.0,0.0,0.0,0.0,0.0,0,-107875648.0,77,0.0,154,0.0,2.6533922776413385e+23,ERR,ERR,ERR,ERR,ERR,ERR,ERR,ERR,ERR,ERR,ERR,ERR,ERR,ERR,ERR,ERR,ERR,ERR,ERR,ERR,ERR,ERR,ERR,ERR,ERR,ERR,ERR,ERR,ERR,ERR,ERR,ERR,ERR,ERR,ERR,ERR,ERR,ERR,ERR,ERR,ERR,ERR,ERR,ERR,ERR,ERR,ERR,ERR,ERR,ERR,ERR,ERR,ERR,ERR,ERR,ERR,ERR,ERR,ERR,ERR,ERR,ERR,ERR,ERR,ERR,ERR,ERR,34.0,80.0,35,0.0,0.0,0.0,0.0,0.0,0.0,0.0,0.0,0.0,0.0,0.0,0.0,0.0,0.0,0.0,0.0,66.0,0,121,58,54,65476,0,300,0,0,8,20529,65476,0,0,57672,80.0,0.0,0.0,0.0,0.0,0.0
2026-06-18T02:01:37,ERR,ERR,ERR,ERR,ERR,ERR,ERR,ERR,ERR,ERR,ERR,ERR,ERR,ERR,ERR,ERR,ERR,ERR,ERR,ERR,ERR,ERR,ERR,ERR,ERR,ERR,ERR,ERR,ERR,ERR,ERR,ERR,ERR,ERR,ERR,ERR,ERR,ERR,ERR,ERR,ERR,ERR,ERR,ERR,ERR,ERR,ERR,ERR,ERR,ERR,ERR,ERR,ERR,ERR,ERR,ERR,ERR,ERR,ERR,ERR,ERR,ERR,ERR,ERR,ERR,ERR,ERR,ERR,ERR,ERR,ERR,ERR,ERR,ERR,ERR,ERR,ERR,ERR,ERR,ERR,ERR,ERR,ERR,ERR,ERR,ERR,ERR,ERR,ERR,ERR,ERR,ERR,ERR,ERR,ERR,ERR,ERR,ERR,ERR,ERR,ERR,ERR,ERR,ERR,ERR,ERR,ERR,ERR,ERR,ERR,ERR,ERR,ERR,ERR,ERR,ERR,ERR,ERR,ERR,ERR,ERR,ERR,ERR,ERR,ERR,-107615400.0,0.0,-134999232.0,2.718290229135658e+23,0.0,1.3936040501711995e+18,7.805,2.2722174697351414e+18,0,0,4,48855,6720,14723890282496.0,100,0.0,0.0,0.0,2.718290229135658e+23,0.0,0,0,0,0,0.0,0,0,0,0,0,0,0,0,0,0,0,0,0,0,0,0,0,0,0,0,0,0,0,0,0,0,0,0,0,0,0,0,0,26,51,50,76,65476,0,300,0,0,8,21553,0.0,-107605600.0,0.0,0.0,0.0,0.0,0.0,0.0,0.0,0.0,0.0,0.0,0.0,0.0,0.0,0.0,0.0,0.0,0.0,0.0,0.0,0.0,2.004,2.004,-0.0,0.0,0.0,0.0,0.0,0.0,4724.0,0.0,7301.0,-107615400.0,-107615392.0,0.0,-0.0,0.0,0.0,0.0,0.0,77,0.0,1.9056838611828736e+17,0.0,0.0,0.0,0.0,0.0,0.0,0.0,0,0,0,0.0,0.0,0.0,0.0,0.0,0.0,0.0,0.0,0.0,0.0,0.0,0.0,0.0,0.0,0.0,0.0,0,-107875648.0,77,0.0,154,0.0,2.6533922776413385e+23,ERR,ERR,ERR,ERR,ERR,ERR,ERR,ERR,ERR,ERR,ERR,ERR,ERR,ERR,ERR,ERR,ERR,ERR,ERR,ERR,ERR,ERR,ERR,ERR,ERR,ERR,ERR,ERR,ERR,ERR,ERR,ERR,ERR,ERR,ERR,ERR,ERR,ERR,ERR,ERR,ERR,ERR,ERR,ERR,ERR,ERR,ERR,ERR,ERR,ERR,ERR,ERR,ERR,ERR,ERR,ERR,ERR,ERR,ERR,ERR,ERR,ERR,ERR,ERR,ERR,ERR,ERR,34.0,80.0,35,0.0,0.0,0.0,0.0,0.0,0.0,0.0,0.0,0.0,0.0,0.0,0.0,0.0,0.0,0.0,0.0,66.4,0,121,58,54,65476,0,300,0,0,8,20529,65476,0,0,57672,80.0,0.0,0.0,0.0,0.0,0.0
2026-06-18T02:01:38,ERR,ERR,ERR,ERR,ERR,ERR,ERR,ERR,ERR,ERR,ERR,ERR,ERR,ERR,ERR,ERR,ERR,ERR,ERR,ERR,ERR,ERR,ERR,ERR,ERR,ERR,ERR,ERR,ERR,ERR,ERR,ERR,ERR,ERR,ERR,ERR,ERR,ERR,ERR,ERR,ERR,ERR,ERR,ERR,ERR,ERR,ERR,ERR,ERR,ERR,ERR,ERR,ERR,ERR,ERR,ERR,ERR,ERR,ERR,ERR,ERR,ERR,ERR,ERR,ERR,ERR,ERR,ERR,ERR,ERR,ERR,ERR,ERR,ERR,ERR,ERR,ERR,ERR,ERR,ERR,ERR,ERR,ERR,ERR,ERR,ERR,ERR,ERR,ERR,ERR,ERR,ERR,ERR,ERR,ERR,ERR,ERR,ERR,ERR,ERR,ERR,ERR,ERR,ERR,ERR,ERR,ERR,ERR,ERR,ERR,ERR,ERR,ERR,ERR,ERR,ERR,ERR,ERR,ERR,ERR,ERR,ERR,ERR,ERR,ERR,-107615400.0,0.0,-134999232.0,2.718290229135658e+23,0.0,1.3936040501711995e+18,7.805,2.2722174697351414e+18,0,0,4,48855,6720,14723890282496.0,100,0.0,0.0,0.0,2.718290229135658e+23,0.0,0,0,0,0,0.0,0,0,0,0,0,0,0,0,0,0,0,0,0,0,0,0,0,0,0,0,0,0,0,0,0,0,0,0,0,0,0,0,0,26,51,50,76,65476,0,300,0,0,8,21553,0.0,-107605600.0,0.0,0.0,0.0,0.0,0.0,0.0,0.0,0.0,0.0,0.0,0.0,0.0,0.0,0.0,0.0,0.0,0.0,0.0,0.0,0.0,2.004,2.004,-0.0,0.0,0.0,0.0,0.0,0.0,4724.0,0.0,7301.0,-107615400.0,-107615392.0,0.0,-0.0,0.0,0.0,0.0,0.0,77,0.0,1.9056838611828736e+17,0.0,0.0,0.0,0.0,0.0,0.0,0.0,0,0,0,0.0,0.0,0.0,0.0,0.0,0.0,0.0,0.0,0.0,0.0,0.0,0.0,0.0,0.0,0.0,0.0,0,-107875648.0,77,0.0,154,0.0,2.6533922776413385e+23,ERR,ERR,ERR,ERR,ERR,ERR,ERR,ERR,ERR,ERR,ERR,ERR,ERR,ERR,ERR,ERR,ERR,ERR,ERR,ERR,ERR,ERR,ERR,ERR,ERR,ERR,ERR,ERR,ERR,ERR,ERR,ERR,ERR,ERR,ERR,ERR,ERR,ERR,ERR,ERR,ERR,ERR,ERR,ERR,ERR,ERR,ERR,ERR,ERR,ERR,ERR,ERR,ERR,ERR,ERR,ERR,ERR,ERR,ERR,ERR,ERR,ERR,ERR,ERR,ERR,ERR,ERR,34.0,80.0,35,0.0,0.0,0.0,0.0,0.0,0.0,0.0,0.0,0.0,0.0,0.0,0.0,0.0,0.0,0.0,0.0,66.4,0,121,58,54,65476,0,300,0,0,8,20529,65476,0,0,57672,80.0,0.0,0.0,0.0,0.0,0.0
2026-06-18T02:01:39,ERR,ERR,ERR,ERR,ERR,ERR,ERR,ERR,ERR,ERR,ERR,ERR,ERR,ERR,ERR,ERR,ERR,ERR,ERR,ERR,ERR,ERR,ERR,ERR,ERR,ERR,ERR,ERR,ERR,ERR,ERR,ERR,ERR,ERR,ERR,ERR,ERR,ERR,ERR,ERR,ERR,ERR,ERR,ERR,ERR,ERR,ERR,ERR,ERR,ERR,ERR,ERR,ERR,ERR,ERR,ERR,ERR,ERR,ERR,ERR,ERR,ERR,ERR,ERR,ERR,ERR,ERR,ERR,ERR,ERR,ERR,ERR,ERR,ERR,ERR,ERR,ERR,ERR,ERR,ERR,ERR,ERR,ERR,ERR,ERR,ERR,ERR,ERR,ERR,ERR,ERR,ERR,ERR,ERR,ERR,ERR,ERR,ERR,ERR,ERR,ERR,ERR,ERR,ERR,ERR,ERR,ERR,ERR,ERR,ERR,ERR,ERR,ERR,ERR,ERR,ERR,ERR,ERR,ERR,ERR,ERR,ERR,ERR,ERR,ERR,-107615400.0,0.0,-134999232.0,2.718290229135658e+23,0.0,1.3936040501711995e+18,7.805,2.2722174697351414e+18,0,0,4,48855,6720,14723890282496.0,100,0.0,0.0,0.0,2.718290229135658e+23,0.0,0,0,0,0,0.0,0,0,0,0,0,0,0,0,0,0,0,0,0,0,0,0,0,0,0,0,0,0,0,0,0,0,0,0,0,0,0,0,0,26,51,50,76,65476,0,300,0,0,8,21553,0.0,-107605600.0,0.0,0.0,0.0,0.0,0.0,0.0,0.0,0.0,0.0,0.0,0.0,0.0,0.0,0.0,0.0,0.0,0.0,0.0,0.0,0.0,2.004,2.004,-0.0,0.0,0.0,0.0,0.0,0.0,4724.0,0.0,7301.0,-107615400.0,-107615392.0,0.0,-0.0,0.0,0.0,0.0,0.0,77,0.0,1.9056838611828736e+17,0.0,0.0,0.0,0.0,0.0,0.0,0.0,0,0,0,0.0,0.0,0.0,0.0,0.0,0.0,0.0,0.0,0.0,0.0,0.0,0.0,0.0,0.0,0.0,0.0,0,-107875648.0,77,0.0,154,0.0,2.6533922776413385e+23,ERR,ERR,ERR,ERR,ERR,ERR,ERR,ERR,ERR,ERR,ERR,ERR,ERR,ERR,ERR,ERR,ERR,ERR,ERR,ERR,ERR,ERR,ERR,ERR,ERR,ERR,ERR,ERR,ERR,ERR,ERR,ERR,ERR,ERR,ERR,ERR,ERR,ERR,ERR,ERR,ERR,ERR,ERR,ERR,ERR,ERR,ERR,ERR,ERR,ERR,ERR,ERR,ERR,ERR,ERR,ERR,ERR,ERR,ERR,ERR,ERR,ERR,ERR,ERR,ERR,ERR,ERR,34.0,80.0,35,0.0,0.0,0.0,0.0,0.0,0.0,0.0,0.0,0.0,0.0,0.0,0.0,0.0,0.0,0.0,0.0,66.0,0,121,58,54,65476,0,300,0,0,8,20529,65476,0,0,57672,80.0,0.0,0.0,0.0,0.0,0.0
2026-06-18T02:01:40,ERR,ERR,ERR,ERR,ERR,ERR,ERR,ERR,ERR,ERR,ERR,ERR,ERR,ERR,ERR,ERR,ERR,ERR,ERR,ERR,ERR,ERR,ERR,ERR,ERR,ERR,ERR,ERR,ERR,ERR,ERR,ERR,ERR,ERR,ERR,ERR,ERR,ERR,ERR,ERR,ERR,ERR,ERR,ERR,ERR,ERR,ERR,ERR,ERR,ERR,ERR,ERR,ERR,ERR,ERR,ERR,ERR,ERR,ERR,ERR,ERR,ERR,ERR,ERR,ERR,ERR,ERR,ERR,ERR,ERR,ERR,ERR,ERR,ERR,ERR,ERR,ERR,ERR,ERR,ERR,ERR,ERR,ERR,ERR,ERR,ERR,ERR,ERR,ERR,ERR,ERR,ERR,ERR,ERR,ERR,ERR,ERR,ERR,ERR,ERR,ERR,ERR,ERR,ERR,ERR,ERR,ERR,ERR,ERR,ERR,ERR,ERR,ERR,ERR,ERR,ERR,ERR,ERR,ERR,ERR,ERR,ERR,ERR,ERR,ERR,-107615400.0,0.0,-134999232.0,2.718290229135658e+23,0.0,1.3936040501711995e+18,7.805,2.2722174697351414e+18,0,0,4,48855,6720,14723890282496.0,100,0.0,0.0,0.0,2.718290229135658e+23,0.0,0,0,0,0,0.0,0,0,0,0,0,0,0,0,0,0,0,0,0,0,0,0,0,0,0,0,0,0,0,0,0,0,0,0,0,0,0,0,0,26,51,50,76,65476,0,300,0,0,8,21553,0.0,-107605600.0,0.0,0.0,0.0,0.0,0.0,0.0,0.0,0.0,0.0,0.0,0.0,0.0,0.0,0.0,0.0,0.0,0.0,0.0,0.0,0.0,2.004,2.004,-0.0,0.0,0.0,0.0,0.0,0.0,4724.0,0.0,7301.0,-107615400.0,-107615392.0,0.0,-0.0,0.0,0.0,0.0,0.0,77,0.0,1.9056838611828736e+17,0.0,0.0,0.0,0.0,0.0,0.0,0.0,0,0,0,0.0,0.0,0.0,0.0,0.0,0.0,0.0,0.0,0.0,0.0,0.0,0.0,0.0,0.0,0.0,0.0,0,-107875648.0,77,0.0,154,0.0,2.6533922776413385e+23,ERR,ERR,ERR,ERR,ERR,ERR,ERR,ERR,ERR,ERR,ERR,ERR,ERR,ERR,ERR,ERR,ERR,ERR,ERR,ERR,ERR,ERR,ERR,ERR,ERR,ERR,ERR,ERR,ERR,ERR,ERR,ERR,ERR,ERR,ERR,ERR,ERR,ERR,ERR,ERR,ERR,ERR,ERR,ERR,ERR,ERR,ERR,ERR,ERR,ERR,ERR,ERR,ERR,ERR,ERR,ERR,ERR,ERR,ERR,ERR,ERR,ERR,ERR,ERR,ERR,ERR,ERR,34.0,80.0,35,0.0,0.0,0.0,0.0,0.0,0.0,0.0,0.0,0.0,0.0,0.0,0.0,0.0,0.0,0.0,0.0,66.0,0,121,58,54,65476,0,300,0,0,8,20529,65476,0,0,57672,80.0,0.0,0.0,0.0,0.0,0.0
2026-06-18T02:01:41,ERR,ERR,ERR,ERR,ERR,ERR,ERR,ERR,ERR,ERR,ERR,ERR,ERR,ERR,ERR,ERR,ERR,ERR,ERR,ERR,ERR,ERR,ERR,ERR,ERR,ERR,ERR,ERR,ERR,ERR,ERR,ERR,ERR,ERR,ERR,ERR,ERR,ERR,ERR,ERR,ERR,ERR,ERR,ERR,ERR,ERR,ERR,ERR,ERR,ERR,ERR,ERR,ERR,ERR,ERR,ERR,ERR,ERR,ERR,ERR,ERR,ERR,ERR,ERR,ERR,ERR,ERR,ERR,ERR,ERR,ERR,ERR,ERR,ERR,ERR,ERR,ERR,ERR,ERR,ERR,ERR,ERR,ERR,ERR,ERR,ERR,ERR,ERR,ERR,ERR,ERR,ERR,ERR,ERR,ERR,ERR,ERR,ERR,ERR,ERR,ERR,ERR,ERR,ERR,ERR,ERR,ERR,ERR,ERR,ERR,ERR,ERR,ERR,ERR,ERR,ERR,ERR,ERR,ERR,ERR,ERR,ERR,ERR,ERR,ERR,-107615400.0,0.0,-134999232.0,-4.9501291711397626e+32,0.0,1.3936040501711995e+18,7.805,51974472.0,0,0,4,48863,6720,14723890282496.0,100,0.0,0.0,0.0,2.718290229135658e+23,0.0,0,0,0,0,0.0,0,0,0,0,0,0,0,0,0,0,0,0,0,0,0,0,0,0,0,0,0,0,0,0,0,0,0,0,0,0,0,0,0,26,51,50,76,65476,0,300,0,0,8,21553,0.0,-107605600.0,0.0,0.0,0.0,0.0,0.0,0.0,0.0,0.0,0.0,0.0,0.0,0.0,0.0,0.0,0.0,0.0,0.0,0.0,0.0,0.0,2.004,2.004,-0.0,0.0,0.0,0.0,0.0,0.0,4725.0,0.0,7301.0,-107615400.0,0.0,0.0,-0.0,0.0,0.0,0.0,0.0,77,0.0,1.9056838611828736e+17,0.0,0.0,0.0,0.0,0.0,0.0,0.0,0,0,0,0.0,0.0,0.0,0.0,0.0,0.0,0.0,0.0,0.0,0.0,0.0,0.0,0.0,0.0,0.0,0.0,0,-107875648.0,77,0.0,154,0.0,2.6533922776413385e+23,ERR,ERR,ERR,ERR,ERR,ERR,ERR,ERR,ERR,ERR,ERR,ERR,ERR,ERR,ERR,ERR,ERR,ERR,ERR,ERR,ERR,ERR,ERR,ERR,ERR,ERR,ERR,ERR,ERR,ERR,ERR,ERR,ERR,ERR,ERR,ERR,ERR,ERR,ERR,ERR,ERR,ERR,ERR,ERR,ERR,ERR,ERR,ERR,ERR,ERR,ERR,ERR,ERR,ERR,ERR,ERR,ERR,ERR,ERR,ERR,ERR,ERR,ERR,ERR,ERR,ERR,ERR,34.0,80.0,35,0.0,0.0,0.0,0.0,0.0,0.0,0.0,0.0,0.0,0.0,0.0,0.0,0.0,0.0,0.0,0.0,66.0,0,121,58,54,65476,0,300,0,0,8,20529,65476,0,0,57672,80.0,0.0,0.0,0.0,0.0,0.0
2026-06-18T02:01:42,ERR,ERR,ERR,ERR,ERR,ERR,ERR,ERR,ERR,ERR,ERR,ERR,ERR,ERR,ERR,ERR,ERR,ERR,ERR,ERR,ERR,ERR,ERR,ERR,ERR,ERR,ERR,ERR,ERR,ERR,ERR,ERR,ERR,ERR,ERR,ERR,ERR,ERR,ERR,ERR,ERR,ERR,ERR,ERR,ERR,ERR,ERR,ERR,ERR,ERR,ERR,ERR,ERR,ERR,ERR,ERR,ERR,ERR,ERR,ERR,ERR,ERR,ERR,ERR,ERR,ERR,ERR,ERR,ERR,ERR,ERR,ERR,ERR,ERR,ERR,ERR,ERR,ERR,ERR,ERR,ERR,ERR,ERR,ERR,ERR,ERR,ERR,ERR,ERR,ERR,ERR,ERR,ERR,ERR,ERR,ERR,ERR,ERR,ERR,ERR,ERR,ERR,ERR,ERR,ERR,ERR,ERR,ERR,ERR,ERR,ERR,ERR,ERR,ERR,ERR,ERR,ERR,ERR,ERR,ERR,ERR,ERR,ERR,ERR,ERR,-107615400.0,0.0,-134999232.0,-4.9501291711397626e+32,0.0,1.3936040501711995e+18,7.805,51974472.0,0,0,4,48863,6720,14723890282496.0,100,0.0,0.0,0.0,2.718290229135658e+23,0.0,0,0,0,0,0.0,0,0,0,0,0,0,0,0,0,0,0,0,0,0,0,0,0,0,0,0,0,0,0,0,0,0,0,0,0,0,0,0,0,26,51,50,76,65476,0,300,0,0,8,21553,0.0,-107605600.0,0.0,0.0,0.0,0.0,0.0,0.0,0.0,0.0,0.0,0.0,0.0,0.0,0.0,0.0,0.0,0.0,0.0,0.0,0.0,0.0,2.004,2.004,-0.0,0.0,0.0,0.0,0.0,0.0,4725.0,0.0,7301.0,-107615400.0,0.0,0.0,-0.0,0.0,0.0,0.0,0.0,77,0.0,1.9056838611828736e+17,0.0,0.0,0.0,0.0,0.0,0.0,0.0,0,0,0,0.0,0.0,0.0,0.0,0.0,0.0,0.0,0.0,0.0,0.0,0.0,0.0,0.0,0.0,0.0,0.0,0,-107875648.0,77,0.0,154,0.0,2.6533922776413385e+23,ERR,ERR,ERR,ERR,ERR,ERR,ERR,ERR,ERR,ERR,ERR,ERR,ERR,ERR,ERR,ERR,ERR,ERR,ERR,ERR,ERR,ERR,ERR,ERR,ERR,ERR,ERR,ERR,ERR,ERR,ERR,ERR,ERR,ERR,ERR,ERR,ERR,ERR,ERR,ERR,ERR,ERR,ERR,ERR,ERR,ERR,ERR,ERR,ERR,ERR,ERR,ERR,ERR,ERR,ERR,ERR,ERR,ERR,ERR,ERR,ERR,ERR,ERR,ERR,ERR,ERR,ERR,34.0,80.0,35,0.0,0.0,0.0,0.0,0.0,0.0,0.0,0.0,0.0,0.0,0.0,0.0,0.0,0.0,0.0,0.0,66.0,0,121,58,54,65476,0,300,0,0,8,20529,65476,0,0,57672,80.0,0.0,0.0,0.0,0.0,0.0
2026-06-18T02:01:43,ERR,ERR,ERR,ERR,ERR,ERR,ERR,ERR,ERR,ERR,ERR,ERR,ERR,ERR,ERR,ERR,ERR,ERR,ERR,ERR,ERR,ERR,ERR,ERR,ERR,ERR,ERR,ERR,ERR,ERR,ERR,ERR,ERR,ERR,ERR,ERR,ERR,ERR,ERR,ERR,ERR,ERR,ERR,ERR,ERR,ERR,ERR,ERR,ERR,ERR,ERR,ERR,ERR,ERR,ERR,ERR,ERR,ERR,ERR,ERR,ERR,ERR,ERR,ERR,ERR,ERR,ERR,ERR,ERR,ERR,ERR,ERR,ERR,ERR,ERR,ERR,ERR,ERR,ERR,ERR,ERR,ERR,ERR,ERR,ERR,ERR,ERR,ERR,ERR,ERR,ERR,ERR,ERR,ERR,ERR,ERR,ERR,ERR,ERR,ERR,ERR,ERR,ERR,ERR,ERR,ERR,ERR,ERR,ERR,ERR,ERR,ERR,ERR,ERR,ERR,ERR,ERR,ERR,ERR,ERR,ERR,ERR,ERR,ERR,ERR,-107615400.0,0.0,-134999232.0,-4.9501291711397626e+32,0.0,1.3936040501711995e+18,7.805,51974472.0,0,0,4,48863,6720,14723890282496.0,100,0.0,0.0,0.0,2.718290229135658e+23,0.0,0,0,0,0,0.0,0,0,0,0,0,0,0,0,0,0,0,0,0,0,0,0,0,0,0,0,0,0,0,0,0,0,0,0,0,0,0,0,0,26,51,50,76,65476,0,300,0,0,8,21553,0.0,-107605600.0,0.0,0.0,0.0,0.0,0.0,0.0,0.0,0.0,0.0,0.0,0.0,0.0,0.0,0.0,0.0,0.0,0.0,0.0,0.0,0.0,2.004,2.004,-0.0,0.0,0.0,0.0,0.0,0.0,4725.0,0.0,7301.0,-107615400.0,0.0,0.0,-0.0,0.0,0.0,0.0,0.0,77,0.0,1.9056838611828736e+17,0.0,0.0,0.0,0.0,0.0,0.0,0.0,0,0,0,0.0,0.0,0.0,0.0,0.0,0.0,0.0,0.0,0.0,0.0,0.0,0.0,0.0,0.0,0.0,0.0,0,-107875648.0,77,0.0,154,0.0,2.6533922776413385e+23,ERR,ERR,ERR,ERR,ERR,ERR,ERR,ERR,ERR,ERR,ERR,ERR,ERR,ERR,ERR,ERR,ERR,ERR,ERR,ERR,ERR,ERR,ERR,ERR,ERR,ERR,ERR,ERR,ERR,ERR,ERR,ERR,ERR,ERR,ERR,ERR,ERR,ERR,ERR,ERR,ERR,ERR,ERR,ERR,ERR,ERR,ERR,ERR,ERR,ERR,ERR,ERR,ERR,ERR,ERR,ERR,ERR,ERR,ERR,ERR,ERR,ERR,ERR,ERR,ERR,ERR,ERR,34.0,80.0,35,0.0,0.0,0.0,0.0,0.0,0.0,0.0,0.0,0.0,0.0,0.0,0.0,0.0,0.0,0.0,0.0,66.0,0,121,58,54,65476,0,300,0,0,8,20529,65476,0,0,57672,80.0,0.0,0.0,0.0,0.0,0.0
2026-06-18T02:01:44,ERR,ERR,ERR,ERR,ERR,ERR,ERR,ERR,ERR,ERR,ERR,ERR,ERR,ERR,ERR,ERR,ERR,ERR,ERR,ERR,ERR,ERR,ERR,ERR,ERR,ERR,ERR,ERR,ERR,ERR,ERR,ERR,ERR,ERR,ERR,ERR,ERR,ERR,ERR,ERR,ERR,ERR,ERR,ERR,ERR,ERR,ERR,ERR,ERR,ERR,ERR,ERR,ERR,ERR,ERR,ERR,ERR,ERR,ERR,ERR,ERR,ERR,ERR,ERR,ERR,ERR,ERR,ERR,ERR,ERR,ERR,ERR,ERR,ERR,ERR,ERR,ERR,ERR,ERR,ERR,ERR,ERR,ERR,ERR,ERR,ERR,ERR,ERR,ERR,ERR,ERR,ERR,ERR,ERR,ERR,ERR,ERR,ERR,ERR,ERR,ERR,ERR,ERR,ERR,ERR,ERR,ERR,ERR,ERR,ERR,ERR,ERR,ERR,ERR,ERR,ERR,ERR,ERR,ERR,ERR,ERR,ERR,ERR,ERR,ERR,-107615400.0,0.0,-134999232.0,-4.9501291711397626e+32,0.0,1.3936040501711995e+18,7.805,51974472.0,0,0,4,48863,6720,14723890282496.0,100,0.0,0.0,0.0,2.718290229135658e+23,0.0,0,0,0,0,0.0,0,0,0,0,0,0,0,0,0,0,0,0,0,0,0,0,0,0,0,0,0,0,0,0,0,0,0,0,0,0,0,0,0,26,51,50,76,65476,0,300,0,0,8,21553,0.0,-107605600.0,0.0,0.0,0.0,0.0,0.0,0.0,0.0,0.0,0.0,0.0,0.0,0.0,0.0,0.0,0.0,0.0,0.0,0.0,0.0,0.0,2.004,2.004,-0.0,0.0,0.0,0.0,0.0,0.0,4725.0,0.0,7301.0,-107615400.0,0.0,0.0,-0.0,0.0,0.0,0.0,0.0,77,0.0,1.9056838611828736e+17,0.0,0.0,0.0,0.0,0.0,0.0,0.0,0,0,0,0.0,0.0,0.0,0.0,0.0,0.0,0.0,0.0,0.0,0.0,0.0,0.0,0.0,0.0,0.0,0.0,0,-107875648.0,77,0.0,154,0.0,2.6533922776413385e+23,ERR,ERR,ERR,ERR,ERR,ERR,ERR,ERR,ERR,ERR,ERR,ERR,ERR,ERR,ERR,ERR,ERR,ERR,ERR,ERR,ERR,ERR,ERR,ERR,ERR,ERR,ERR,ERR,ERR,ERR,ERR,ERR,ERR,ERR,ERR,ERR,ERR,ERR,ERR,ERR,ERR,ERR,ERR,ERR,ERR,ERR,ERR,ERR,ERR,ERR,ERR,ERR,ERR,ERR,ERR,ERR,ERR,ERR,ERR,ERR,ERR,ERR,ERR,ERR,ERR,ERR,ERR,34.0,80.0,35,0.0,0.0,0.0,0.0,0.0,0.0,0.0,0.0,0.0,0.0,0.0,0.0,0.0,0.0,0.0,0.0,66.0,0,121,58,54,65476,0,300,0,0,8,20529,65476,0,0,57672,80.0,0.0,0.0,0.0,0.0,0.0
2026-06-18T02:01:45,ERR,ERR,ERR,ERR,ERR,ERR,ERR,ERR,ERR,ERR,ERR,ERR,ERR,ERR,ERR,ERR,ERR,ERR,ERR,ERR,ERR,ERR,ERR,ERR,ERR,ERR,ERR,ERR,ERR,ERR,ERR,ERR,ERR,ERR,ERR,ERR,ERR,ERR,ERR,ERR,ERR,ERR,ERR,ERR,ERR,ERR,ERR,ERR,ERR,ERR,ERR,ERR,ERR,ERR,ERR,ERR,ERR,ERR,ERR,ERR,ERR,ERR,ERR,ERR,ERR,ERR,ERR,ERR,ERR,ERR,ERR,ERR,ERR,ERR,ERR,ERR,ERR,ERR,ERR,ERR,ERR,ERR,ERR,ERR,ERR,ERR,ERR,ERR,ERR,ERR,ERR,ERR,ERR,ERR,ERR,ERR,ERR,ERR,ERR,ERR,ERR,ERR,ERR,ERR,ERR,ERR,ERR,ERR,ERR,ERR,ERR,ERR,ERR,ERR,ERR,ERR,ERR,ERR,ERR,ERR,ERR,ERR,ERR,ERR,ERR,-107615400.0,0.0,-134999232.0,-4.9501291711397626e+32,0.0,1.3936040501711995e+18,7.805,51974472.0,0,0,4,48863,6720,14723890282496.0,100,0.0,0.0,0.0,2.718290229135658e+23,0.0,0,0,0,0,0.0,0,0,0,0,0,0,0,0,0,0,0,0,0,0,0,0,0,0,0,0,0,0,0,0,0,0,0,0,0,0,0,0,0,26,51,50,76,65476,0,300,0,0,8,21553,0.0,-107605600.0,0.0,0.0,0.0,0.0,0.0,0.0,0.0,0.0,0.0,0.0,0.0,0.0,0.0,0.0,0.0,0.0,0.0,0.0,0.0,0.0,2.004,2.004,-0.0,0.0,0.0,0.0,0.0,0.0,4725.0,0.0,7301.0,-107615400.0,0.0,0.0,-0.0,0.0,0.0,0.0,0.0,77,0.0,1.9056838611828736e+17,0.0,0.0,0.0,0.0,0.0,0.0,0.0,0,0,0,0.0,0.0,0.0,0.0,0.0,0.0,0.0,0.0,0.0,0.0,0.0,0.0,0.0,0.0,0.0,0.0,0,-107875648.0,77,0.0,154,0.0,2.6533922776413385e+23,ERR,ERR,ERR,ERR,ERR,ERR,ERR,ERR,ERR,ERR,ERR,ERR,ERR,ERR,ERR,ERR,ERR,ERR,ERR,ERR,ERR,ERR,ERR,ERR,ERR,ERR,ERR,ERR,ERR,ERR,ERR,ERR,ERR,ERR,ERR,ERR,ERR,ERR,ERR,ERR,ERR,ERR,ERR,ERR,ERR,ERR,ERR,ERR,ERR,ERR,ERR,ERR,ERR,ERR,ERR,ERR,ERR,ERR,ERR,ERR,ERR,ERR,ERR,ERR,ERR,ERR,ERR,34.0,80.0,35,0.0,0.0,0.0,0.0,0.0,0.0,0.0,0.0,0.0,0.0,0.0,0.0,0.0,0.0,0.0,0.0,66.0,0,121,58,54,65476,0,300,0,0,8,20529,65476,0,0,57672,80.0,0.0,0.0,0.0,0.0,0.0
2026-06-18T02:01:46,ERR,ERR,ERR,ERR,ERR,ERR,ERR,ERR,ERR,ERR,ERR,ERR,ERR,ERR,ERR,ERR,ERR,ERR,ERR,ERR,ERR,ERR,ERR,ERR,ERR,ERR,ERR,ERR,ERR,ERR,ERR,ERR,ERR,ERR,ERR,ERR,ERR,ERR,ERR,ERR,ERR,ERR,ERR,ERR,ERR,ERR,ERR,ERR,ERR,ERR,ERR,ERR,ERR,ERR,ERR,ERR,ERR,ERR,ERR,ERR,ERR,ERR,ERR,ERR,ERR,ERR,ERR,ERR,ERR,ERR,ERR,ERR,ERR,ERR,ERR,ERR,ERR,ERR,ERR,ERR,ERR,ERR,ERR,ERR,ERR,ERR,ERR,ERR,ERR,ERR,ERR,ERR,ERR,ERR,ERR,ERR,ERR,ERR,ERR,ERR,ERR,ERR,ERR,ERR,ERR,ERR,ERR,ERR,ERR,ERR,ERR,ERR,ERR,ERR,ERR,ERR,ERR,ERR,ERR,ERR,ERR,ERR,ERR,ERR,ERR,-107615400.0,-107615392.0,0.0,0.059,0.0,1.3936040501711995e+18,7.805,-0.0,0,0,4,48857,6720,14723890282496.0,100,0.0,0.0,0.0,-152005385388032.0,0.0,0,0,0,0,0.0,0,0,0,0,0,0,0,0,0,0,0,0,0,0,0,0,0,0,0,0,0,0,0,0,0,0,0,0,0,0,0,0,0,26,51,50,76,65476,0,300,0,0,8,21553,0.0,-107605600.0,0.0,0.0,0.0,0.0,0.0,0.0,0.0,0.0,0.0,0.0,0.0,0.0,0.0,0.0,0.0,0.0,0.0,0.0,0.0,0.0,2.004,2.004,-0.0,0.0,0.0,0.0,0.0,0.0,4725.0,2.004,7304.0,-107615400.0,0.0,0.0,-0.0,0.0,0.0,0.0,0.0,77,0.0,5.8480509294696404e+35,0.0,0.0,0.0,0.0,0.0,0.0,0.0,0,0,0,0.0,0.0,0.0,0.0,0.0,0.0,0.0,0.0,0.0,0.0,0.0,0.0,0.0,0.0,0.0,0.0,0,-107875648.0,77,0.0,154,0.0,2.6533922776413385e+23,ERR,ERR,ERR,ERR,ERR,ERR,ERR,ERR,ERR,ERR,ERR,ERR,ERR,ERR,ERR,ERR,ERR,ERR,ERR,ERR,ERR,ERR,ERR,ERR,ERR,ERR,ERR,ERR,ERR,ERR,ERR,ERR,ERR,ERR,ERR,ERR,ERR,ERR,ERR,ERR,ERR,ERR,ERR,ERR,ERR,ERR,ERR,ERR,ERR,ERR,ERR,ERR,ERR,ERR,ERR,ERR,ERR,ERR,ERR,ERR,ERR,ERR,ERR,ERR,ERR,ERR,ERR,34.0,80.0,35,0.0,0.0,0.0,0.0,0.0,0.0,0.0,0.0,0.0,0.0,0.0,0.0,0.0,0.0,0.0,0.0,66.0,0,121,58,54,65476,0,300,0,0,8,20529,65476,0,0,57672,80.0,0.0,0.0,0.0,0.0,0.0
2026-06-18T02:01:47,ERR,ERR,ERR,ERR,ERR,ERR,ERR,ERR,ERR,ERR,ERR,ERR,ERR,ERR,ERR,ERR,ERR,ERR,ERR,ERR,ERR,ERR,ERR,ERR,ERR,ERR,ERR,ERR,ERR,ERR,ERR,ERR,ERR,ERR,ERR,ERR,ERR,ERR,ERR,ERR,ERR,ERR,ERR,ERR,ERR,ERR,ERR,ERR,ERR,ERR,ERR,ERR,ERR,ERR,ERR,ERR,ERR,ERR,ERR,ERR,ERR,ERR,ERR,ERR,ERR,ERR,ERR,ERR,ERR,ERR,ERR,ERR,ERR,ERR,ERR,ERR,ERR,ERR,ERR,ERR,ERR,ERR,ERR,ERR,ERR,ERR,ERR,ERR,ERR,ERR,ERR,ERR,ERR,ERR,ERR,ERR,ERR,ERR,ERR,ERR,ERR,ERR,ERR,ERR,ERR,ERR,ERR,ERR,ERR,ERR,ERR,ERR,ERR,ERR,ERR,ERR,ERR,ERR,ERR,ERR,ERR,ERR,ERR,ERR,ERR,-107615400.0,-107615392.0,0.0,0.059,0.0,1.3936040501711995e+18,7.805,-0.0,0,0,4,48857,6720,14723890282496.0,100,0.0,0.0,0.0,-152005385388032.0,0.0,0,0,0,0,0.0,0,0,0,0,0,0,0,0,0,0,0,0,0,0,0,0,0,0,0,0,0,0,0,0,0,0,0,0,0,0,0,0,0,26,51,50,76,65476,0,300,0,0,8,21553,0.0,-107605600.0,0.0,0.0,0.0,0.0,0.0,0.0,0.0,0.0,0.0,0.0,0.0,0.0,0.0,0.0,0.0,0.0,0.0,0.0,0.0,0.0,2.004,2.004,-0.0,0.0,0.0,0.0,0.0,0.0,4725.0,2.004,7304.0,-107615400.0,0.0,0.0,-0.0,0.0,0.0,0.0,0.0,77,0.0,5.8480509294696404e+35,0.0,0.0,0.0,0.0,0.0,0.0,0.0,0,0,0,0.0,0.0,0.0,0.0,0.0,0.0,0.0,0.0,0.0,0.0,0.0,0.0,0.0,0.0,0.0,0.0,0,-107875648.0,77,0.0,154,0.0,2.6533922776413385e+23,ERR,ERR,ERR,ERR,ERR,ERR,ERR,ERR,ERR,ERR,ERR,ERR,ERR,ERR,ERR,ERR,ERR,ERR,ERR,ERR,ERR,ERR,ERR,ERR,ERR,ERR,ERR,ERR,ERR,ERR,ERR,ERR,ERR,ERR,ERR,ERR,ERR,ERR,ERR,ERR,ERR,ERR,ERR,ERR,ERR,ERR,ERR,ERR,ERR,ERR,ERR,ERR,ERR,ERR,ERR,ERR,ERR,ERR,ERR,ERR,ERR,ERR,ERR,ERR,ERR,ERR,ERR,34.0,80.0,35,0.0,0.0,0.0,0.0,0.0,0.0,0.0,0.0,0.0,0.0,0.0,0.0,0.0,0.0,0.0,0.0,66.0,0,121,58,54,65476,0,300,0,0,8,20529,65476,0,0,57672,80.0,0.0,0.0,0.0,0.0,0.0
2026-06-18T02:01:48,ERR,ERR,ERR,ERR,ERR,ERR,ERR,ERR,ERR,ERR,ERR,ERR,ERR,ERR,ERR,ERR,ERR,ERR,ERR,ERR,ERR,ERR,ERR,ERR,ERR,ERR,ERR,ERR,ERR,ERR,ERR,ERR,ERR,ERR,ERR,ERR,ERR,ERR,ERR,ERR,ERR,ERR,ERR,ERR,ERR,ERR,ERR,ERR,ERR,ERR,ERR,ERR,ERR,ERR,ERR,ERR,ERR,ERR,ERR,ERR,ERR,ERR,ERR,ERR,ERR,ERR,ERR,ERR,ERR,ERR,ERR,ERR,ERR,ERR,ERR,ERR,ERR,ERR,ERR,ERR,ERR,ERR,ERR,ERR,ERR,ERR,ERR,ERR,ERR,ERR,ERR,ERR,ERR,ERR,ERR,ERR,ERR,ERR,ERR,ERR,ERR,ERR,ERR,ERR,ERR,ERR,ERR,ERR,ERR,ERR,ERR,ERR,ERR,ERR,ERR,ERR,ERR,ERR,ERR,ERR,ERR,ERR,ERR,ERR,ERR,-107615400.0,-107615392.0,0.0,0.059,0.0,1.3936040501711995e+18,7.805,-0.0,0,0,4,48857,6720,14723890282496.0,100,0.0,0.0,0.0,-152005385388032.0,0.0,0,0,0,0,0.0,0,0,0,0,0,0,0,0,0,0,0,0,0,0,0,0,0,0,0,0,0,0,0,0,0,0,0,0,0,0,0,0,0,26,51,50,76,65476,0,300,0,0,8,21553,0.0,-107605600.0,0.0,0.0,0.0,0.0,0.0,0.0,0.0,0.0,0.0,0.0,0.0,0.0,0.0,0.0,0.0,0.0,0.0,0.0,0.0,0.0,2.004,2.004,-0.0,0.0,0.0,0.0,0.0,0.0,4725.0,2.004,7304.0,-107615400.0,0.0,0.0,-0.0,0.0,0.0,0.0,0.0,77,0.0,5.8480509294696404e+35,0.0,0.0,0.0,0.0,0.0,0.0,0.0,0,0,0,0.0,0.0,0.0,0.0,0.0,0.0,0.0,0.0,0.0,0.0,0.0,0.0,0.0,0.0,0.0,0.0,0,-107875648.0,77,0.0,154,0.0,2.6533922776413385e+23,ERR,ERR,ERR,ERR,ERR,ERR,ERR,ERR,ERR,ERR,ERR,ERR,ERR,ERR,ERR,ERR,ERR,ERR,ERR,ERR,ERR,ERR,ERR,ERR,ERR,ERR,ERR,ERR,ERR,ERR,ERR,ERR,ERR,ERR,ERR,ERR,ERR,ERR,ERR,ERR,ERR,ERR,ERR,ERR,ERR,ERR,ERR,ERR,ERR,ERR,ERR,ERR,ERR,ERR,ERR,ERR,ERR,ERR,ERR,ERR,ERR,ERR,ERR,ERR,ERR,ERR,ERR,34.0,80.0,35,0.0,0.0,0.0,0.0,0.0,0.0,0.0,0.0,0.0,0.0,0.0,0.0,0.0,0.0,0.0,0.0,66.0,0,121,58,54,65476,0,300,0,0,8,20529,65476,0,0,57672,80.0,0.0,0.0,0.0,0.0,0.0
2026-06-18T02:01:49,ERR,ERR,ERR,ERR,ERR,ERR,ERR,ERR,ERR,ERR,ERR,ERR,ERR,ERR,ERR,ERR,ERR,ERR,ERR,ERR,ERR,ERR,ERR,ERR,ERR,ERR,ERR,ERR,ERR,ERR,ERR,ERR,ERR,ERR,ERR,ERR,ERR,ERR,ERR,ERR,ERR,ERR,ERR,ERR,ERR,ERR,ERR,ERR,ERR,ERR,ERR,ERR,ERR,ERR,ERR,ERR,ERR,ERR,ERR,ERR,ERR,ERR,ERR,ERR,ERR,ERR,ERR,ERR,ERR,ERR,ERR,ERR,ERR,ERR,ERR,ERR,ERR,ERR,ERR,ERR,ERR,ERR,ERR,ERR,ERR,ERR,ERR,ERR,ERR,ERR,ERR,ERR,ERR,ERR,ERR,ERR,ERR,ERR,ERR,ERR,ERR,ERR,ERR,ERR,ERR,ERR,ERR,ERR,ERR,ERR,ERR,ERR,ERR,ERR,ERR,ERR,ERR,ERR,ERR,ERR,ERR,ERR,ERR,ERR,ERR,-107615400.0,-107615392.0,0.0,0.059,0.0,1.3936040501711995e+18,7.805,-0.0,0,0,4,48857,6720,14723890282496.0,100,0.0,0.0,0.0,-152005385388032.0,0.0,0,0,0,0,0.0,0,0,0,0,0,0,0,0,0,0,0,0,0,0,0,0,0,0,0,0,0,0,0,0,0,0,0,0,0,0,0,0,0,26,51,50,76,65476,0,300,0,0,8,21553,0.0,-107605600.0,0.0,0.0,0.0,0.0,0.0,0.0,0.0,0.0,0.0,0.0,0.0,0.0,0.0,0.0,0.0,0.0,0.0,0.0,0.0,0.0,2.004,2.004,-0.0,0.0,0.0,0.0,0.0,0.0,4725.0,2.004,7304.0,-107615400.0,0.0,0.0,-0.0,0.0,0.0,0.0,0.0,77,0.0,5.8480509294696404e+35,0.0,0.0,0.0,0.0,0.0,0.0,0.0,0,0,0,0.0,0.0,0.0,0.0,0.0,0.0,0.0,0.0,0.0,0.0,0.0,0.0,0.0,0.0,0.0,0.0,0,-107875648.0,77,0.0,154,0.0,2.6533922776413385e+23,ERR,ERR,ERR,ERR,ERR,ERR,ERR,ERR,ERR,ERR,ERR,ERR,ERR,ERR,ERR,ERR,ERR,ERR,ERR,ERR,ERR,ERR,ERR,ERR,ERR,ERR,ERR,ERR,ERR,ERR,ERR,ERR,ERR,ERR,ERR,ERR,ERR,ERR,ERR,ERR,ERR,ERR,ERR,ERR,ERR,ERR,ERR,ERR,ERR,ERR,ERR,ERR,ERR,ERR,ERR,ERR,ERR,ERR,ERR,ERR,ERR,ERR,ERR,ERR,ERR,ERR,ERR,34.0,80.0,35,0.0,0.0,0.0,0.0,0.0,0.0,0.0,0.0,0.0,0.0,0.0,0.0,0.0,0.0,0.0,0.0,66.0,0,121,58,54,65476,0,300,0,0,8,20529,65476,0,0,57672,80.0,0.0,0.0,0.0,0.0,0.0
2026-06-18T02:01:50,ERR,ERR,ERR,ERR,ERR,ERR,ERR,ERR,ERR,ERR,ERR,ERR,ERR,ERR,ERR,ERR,ERR,ERR,ERR,ERR,ERR,ERR,ERR,ERR,ERR,ERR,ERR,ERR,ERR,ERR,ERR,ERR,ERR,ERR,ERR,ERR,ERR,ERR,ERR,ERR,ERR,ERR,ERR,ERR,ERR,ERR,ERR,ERR,ERR,ERR,ERR,ERR,ERR,ERR,ERR,ERR,ERR,ERR,ERR,ERR,ERR,ERR,ERR,ERR,ERR,ERR,ERR,ERR,ERR,ERR,ERR,ERR,ERR,ERR,ERR,ERR,ERR,ERR,ERR,ERR,ERR,ERR,ERR,ERR,ERR,ERR,ERR,ERR,ERR,ERR,ERR,ERR,ERR,ERR,ERR,ERR,ERR,ERR,ERR,ERR,ERR,ERR,ERR,ERR,ERR,ERR,ERR,ERR,ERR,ERR,ERR,ERR,ERR,ERR,ERR,ERR,ERR,ERR,ERR,ERR,ERR,ERR,ERR,ERR,ERR,-107615400.0,-107615392.0,0.0,0.059,0.0,1.3936040501711995e+18,7.805,-0.0,0,0,4,48857,6720,14723890282496.0,100,0.0,0.0,0.0,-152005385388032.0,0.0,0,0,0,0,0.0,0,0,0,0,0,0,0,0,0,0,0,0,0,0,0,0,0,0,0,0,0,0,0,0,0,0,0,0,0,0,0,0,0,26,51,50,76,65476,0,300,0,0,8,21553,0.0,-107605600.0,0.0,0.0,0.0,0.0,0.0,0.0,0.0,0.0,0.0,0.0,0.0,0.0,0.0,0.0,0.0,0.0,0.0,0.0,0.0,0.0,2.004,2.004,-0.0,0.0,0.0,0.0,0.0,0.0,4725.0,2.004,7304.0,-107615400.0,0.0,0.0,-0.0,0.0,0.0,0.0,0.0,77,0.0,5.8480509294696404e+35,0.0,0.0,0.0,0.0,0.0,0.0,0.0,0,0,0,0.0,0.0,0.0,0.0,0.0,0.0,0.0,0.0,0.0,0.0,0.0,0.0,0.0,0.0,0.0,0.0,0,-107875648.0,77,0.0,154,0.0,2.6533922776413385e+23,ERR,ERR,ERR,ERR,ERR,ERR,ERR,ERR,ERR,ERR,ERR,ERR,ERR,ERR,ERR,ERR,ERR,ERR,ERR,ERR,ERR,ERR,ERR,ERR,ERR,ERR,ERR,ERR,ERR,ERR,ERR,ERR,ERR,ERR,ERR,ERR,ERR,ERR,ERR,ERR,ERR,ERR,ERR,ERR,ERR,ERR,ERR,ERR,ERR,ERR,ERR,ERR,ERR,ERR,ERR,ERR,ERR,ERR,ERR,ERR,ERR,ERR,ERR,ERR,ERR,ERR,ERR,34.0,80.0,35,0.0,0.0,0.0,0.0,0.0,0.0,0.0,0.0,0.0,0.0,0.0,0.0,0.0,0.0,0.0,0.0,66.0,0,121,58,54,65476,0,300,0,0,8,20529,65476,0,0,57672,80.0,0.0,0.0,0.0,0.0,0.0
2026-06-18T02:01:51,ERR,ERR,ERR,ERR,ERR,ERR,ERR,ERR,ERR,ERR,ERR,ERR,ERR,ERR,ERR,ERR,ERR,ERR,ERR,ERR,ERR,ERR,ERR,ERR,ERR,ERR,ERR,ERR,ERR,ERR,ERR,ERR,ERR,ERR,ERR,ERR,ERR,ERR,ERR,ERR,ERR,ERR,ERR,ERR,ERR,ERR,ERR,ERR,ERR,ERR,ERR,ERR,ERR,ERR,ERR,ERR,ERR,ERR,ERR,ERR,ERR,ERR,ERR,ERR,ERR,ERR,ERR,ERR,ERR,ERR,ERR,ERR,ERR,ERR,ERR,ERR,ERR,ERR,ERR,ERR,ERR,ERR,ERR,ERR,ERR,ERR,ERR,ERR,ERR,ERR,ERR,ERR,ERR,ERR,ERR,ERR,ERR,ERR,ERR,ERR,ERR,ERR,ERR,ERR,ERR,ERR,ERR,ERR,ERR,ERR,ERR,ERR,ERR,ERR,ERR,ERR,ERR,ERR,ERR,ERR,ERR,ERR,ERR,ERR,ERR,-107615400.0,-107615392.0,0.0,0.059,0.0,1.3936040501711995e+18,7.805,-0.0,0,0,4,48857,6720,14723890282496.0,100,0.0,0.0,0.0,-152005385388032.0,0.0,0,0,0,0,0.0,0,0,0,0,0,0,0,0,0,0,0,0,0,0,0,0,0,0,0,0,0,0,0,0,0,0,0,0,0,0,0,0,0,26,51,50,76,65476,0,300,0,0,8,21553,0.0,-107605600.0,0.0,0.0,0.0,0.0,0.0,0.0,0.0,0.0,0.0,0.0,0.0,0.0,0.0,0.0,0.0,0.0,0.0,0.0,0.0,0.0,2.004,2.004,-0.0,0.0,0.0,0.0,0.0,0.0,4725.0,2.004,7304.0,-107615400.0,0.0,0.0,-0.0,0.0,0.0,0.0,0.0,77,0.0,5.8480509294696404e+35,0.0,0.0,0.0,0.0,0.0,0.0,0.0,0,0,0,0.0,0.0,0.0,0.0,0.0,0.0,0.0,0.0,0.0,0.0,0.0,0.0,0.0,0.0,0.0,0.0,0,-107875648.0,77,0.0,154,0.0,2.6533922776413385e+23,ERR,ERR,ERR,ERR,ERR,ERR,ERR,ERR,ERR,ERR,ERR,ERR,ERR,ERR,ERR,ERR,ERR,ERR,ERR,ERR,ERR,ERR,ERR,ERR,ERR,ERR,ERR,ERR,ERR,ERR,ERR,ERR,ERR,ERR,ERR,ERR,ERR,ERR,ERR,ERR,ERR,ERR,ERR,ERR,ERR,ERR,ERR,ERR,ERR,ERR,ERR,ERR,ERR,ERR,ERR,ERR,ERR,ERR,ERR,ERR,ERR,ERR,ERR,ERR,ERR,ERR,ERR,34.0,80.0,35,0.0,0.0,0.0,0.0,0.0,0.0,0.0,0.0,0.0,0.0,0.0,0.0,0.0,0.0,0.0,0.0,66.0,0,121,58,54,65476,0,300,0,0,8,20529,65476,0,0,57672,80.0,0.0,0.0,0.0,0.0,0.0
2026-06-18T02:01:52,ERR,ERR,ERR,ERR,ERR,ERR,ERR,ERR,ERR,ERR,ERR,ERR,ERR,ERR,ERR,ERR,ERR,ERR,ERR,ERR,ERR,ERR,ERR,ERR,ERR,ERR,ERR,ERR,ERR,ERR,ERR,ERR,ERR,ERR,ERR,ERR,ERR,ERR,ERR,ERR,ERR,ERR,ERR,ERR,ERR,ERR,ERR,ERR,ERR,ERR,ERR,ERR,ERR,ERR,ERR,ERR,ERR,ERR,ERR,ERR,ERR,ERR,ERR,ERR,ERR,ERR,ERR,ERR,ERR,ERR,ERR,ERR,ERR,ERR,ERR,ERR,ERR,ERR,ERR,ERR,ERR,ERR,ERR,ERR,ERR,ERR,ERR,ERR,ERR,ERR,ERR,ERR,ERR,ERR,ERR,ERR,ERR,ERR,ERR,ERR,ERR,ERR,ERR,ERR,ERR,ERR,ERR,ERR,ERR,ERR,ERR,ERR,ERR,ERR,ERR,ERR,ERR,ERR,ERR,ERR,ERR,ERR,ERR,ERR,ERR,-107615400.0,0.0,-134999232.0,-152005385388032.0,0.0,1.3936040501711995e+18,7.805,1.1096074633774859e+29,0,0,4,48904,6720,14723890282496.0,100,0.0,0.0,0.0,-152005385388032.0,0.0,0,0,0,0,0.0,0,0,0,0,0,0,0,0,0,0,0,0,0,0,0,0,0,0,0,0,0,0,0,0,0,0,0,0,0,0,0,0,0,26,51,50,76,65476,0,300,0,0,8,21553,0.0,-107605600.0,0.0,0.0,0.0,0.0,0.0,0.0,0.0,0.0,0.0,0.0,0.0,0.0,0.0,0.0,0.0,0.0,0.0,0.0,0.0,0.0,2.004,0.0,-0.0,0.0,0.0,0.0,0.0,0.0,4724.0,0.0,7301.0,-107615400.0,0.0,0.0,-0.0,0.0,0.0,0.0,0.0,77,0.0,1.9056838611828736e+17,0.0,0.0,0.0,0.0,0.0,0.0,0.0,0,0,0,0.0,0.0,0.0,0.0,0.0,0.0,0.0,0.0,0.0,0.0,0.0,0.0,0.0,0.0,0.0,0.0,0,-107875648.0,77,0.0,154,0.0,2.6533922776413385e+23,ERR,ERR,ERR,ERR,ERR,ERR,ERR,ERR,ERR,ERR,ERR,ERR,ERR,ERR,ERR,ERR,ERR,ERR,ERR,ERR,ERR,ERR,ERR,ERR,ERR,ERR,ERR,ERR,ERR,ERR,ERR,ERR,ERR,ERR,ERR,ERR,ERR,ERR,ERR,ERR,ERR,ERR,ERR,ERR,ERR,ERR,ERR,ERR,ERR,ERR,ERR,ERR,ERR,ERR,ERR,ERR,ERR,ERR,ERR,ERR,ERR,ERR,ERR,ERR,ERR,ERR,ERR,34.0,80.0,35,0.0,0.0,0.0,0.0,0.0,0.0,0.0,0.0,0.0,0.0,0.0,0.0,0.0,0.0,0.0,0.0,66.0,0,121,58,54,65476,0,300,0,0,8,20529,65476,0,0,57672,80.0,0.0,0.0,0.0,0.0,0.0
2026-06-18T02:01:53,ERR,ERR,ERR,ERR,ERR,ERR,ERR,ERR,ERR,ERR,ERR,ERR,ERR,ERR,ERR,ERR,ERR,ERR,ERR,ERR,ERR,ERR,ERR,ERR,ERR,ERR,ERR,ERR,ERR,ERR,ERR,ERR,ERR,ERR,ERR,ERR,ERR,ERR,ERR,ERR,ERR,ERR,ERR,ERR,ERR,ERR,ERR,ERR,ERR,ERR,ERR,ERR,ERR,ERR,ERR,ERR,ERR,ERR,ERR,ERR,ERR,ERR,ERR,ERR,ERR,ERR,ERR,ERR,ERR,ERR,ERR,ERR,ERR,ERR,ERR,ERR,ERR,ERR,ERR,ERR,ERR,ERR,ERR,ERR,ERR,ERR,ERR,ERR,ERR,ERR,ERR,ERR,ERR,ERR,ERR,ERR,ERR,ERR,ERR,ERR,ERR,ERR,ERR,ERR,ERR,ERR,ERR,ERR,ERR,ERR,ERR,ERR,ERR,ERR,ERR,ERR,ERR,ERR,ERR,ERR,ERR,ERR,ERR,ERR,ERR,-107615400.0,0.0,-134999232.0,-152005385388032.0,0.0,1.3936040501711995e+18,7.805,1.1096074633774859e+29,0,0,4,48904,6720,14723890282496.0,100,0.0,0.0,0.0,-152005385388032.0,0.0,0,0,0,0,0.0,0,0,0,0,0,0,0,0,0,0,0,0,0,0,0,0,0,0,0,0,0,0,0,0,0,0,0,0,0,0,0,0,0,26,51,50,76,65476,0,300,0,0,8,21553,0.0,-107605600.0,0.0,0.0,0.0,0.0,0.0,0.0,0.0,0.0,0.0,0.0,0.0,0.0,0.0,0.0,0.0,0.0,0.0,0.0,0.0,0.0,2.004,0.0,-0.0,0.0,0.0,0.0,0.0,0.0,4724.0,0.0,7301.0,-107615400.0,0.0,0.0,-0.0,0.0,0.0,0.0,0.0,77,0.0,1.9056838611828736e+17,0.0,0.0,0.0,0.0,0.0,0.0,0.0,0,0,0,0.0,0.0,0.0,0.0,0.0,0.0,0.0,0.0,0.0,0.0,0.0,0.0,0.0,0.0,0.0,0.0,0,-107875648.0,77,0.0,154,0.0,2.6533922776413385e+23,ERR,ERR,ERR,ERR,ERR,ERR,ERR,ERR,ERR,ERR,ERR,ERR,ERR,ERR,ERR,ERR,ERR,ERR,ERR,ERR,ERR,ERR,ERR,ERR,ERR,ERR,ERR,ERR,ERR,ERR,ERR,ERR,ERR,ERR,ERR,ERR,ERR,ERR,ERR,ERR,ERR,ERR,ERR,ERR,ERR,ERR,ERR,ERR,ERR,ERR,ERR,ERR,ERR,ERR,ERR,ERR,ERR,ERR,ERR,ERR,ERR,ERR,ERR,ERR,ERR,ERR,ERR,34.0,80.0,35,0.0,0.0,0.0,0.0,0.0,0.0,0.0,0.0,0.0,0.0,0.0,0.0,0.0,0.0,0.0,0.0,66.0,0,121,58,54,65476,0,300,0,0,8,20529,65476,0,0,57672,80.0,0.0,0.0,0.0,0.0,0.0
2026-06-18T02:01:54,ERR,ERR,ERR,ERR,ERR,ERR,ERR,ERR,ERR,ERR,ERR,ERR,ERR,ERR,ERR,ERR,ERR,ERR,ERR,ERR,ERR,ERR,ERR,ERR,ERR,ERR,ERR,ERR,ERR,ERR,ERR,ERR,ERR,ERR,ERR,ERR,ERR,ERR,ERR,ERR,ERR,ERR,ERR,ERR,ERR,ERR,ERR,ERR,ERR,ERR,ERR,ERR,ERR,ERR,ERR,ERR,ERR,ERR,ERR,ERR,ERR,ERR,ERR,ERR,ERR,ERR,ERR,ERR,ERR,ERR,ERR,ERR,ERR,ERR,ERR,ERR,ERR,ERR,ERR,ERR,ERR,ERR,ERR,ERR,ERR,ERR,ERR,ERR,ERR,ERR,ERR,ERR,ERR,ERR,ERR,ERR,ERR,ERR,ERR,ERR,ERR,ERR,ERR,ERR,ERR,ERR,ERR,ERR,ERR,ERR,ERR,ERR,ERR,ERR,ERR,ERR,ERR,ERR,ERR,ERR,ERR,ERR,ERR,ERR,ERR,-107615400.0,0.0,-134999232.0,-152005385388032.0,0.0,1.3936040501711995e+18,7.805,1.1096074633774859e+29,0,0,4,48904,6720,14723890282496.0,100,0.0,0.0,0.0,-152005385388032.0,0.0,0,0,0,0,0.0,0,0,0,0,0,0,0,0,0,0,0,0,0,0,0,0,0,0,0,0,0,0,0,0,0,0,0,0,0,0,0,0,0,26,51,50,76,65476,0,300,0,0,8,21553,0.0,-107605600.0,0.0,0.0,0.0,0.0,0.0,0.0,0.0,0.0,0.0,0.0,0.0,0.0,0.0,0.0,0.0,0.0,0.0,0.0,0.0,0.0,2.004,0.0,-0.0,0.0,0.0,0.0,0.0,0.0,4724.0,0.0,7301.0,-107615400.0,0.0,0.0,-0.0,0.0,0.0,0.0,0.0,77,0.0,1.9056838611828736e+17,0.0,0.0,0.0,0.0,0.0,0.0,0.0,0,0,0,0.0,0.0,0.0,0.0,0.0,0.0,0.0,0.0,0.0,0.0,0.0,0.0,0.0,0.0,0.0,0.0,0,-107875648.0,77,0.0,154,0.0,2.6533922776413385e+23,ERR,ERR,ERR,ERR,ERR,ERR,ERR,ERR,ERR,ERR,ERR,ERR,ERR,ERR,ERR,ERR,ERR,ERR,ERR,ERR,ERR,ERR,ERR,ERR,ERR,ERR,ERR,ERR,ERR,ERR,ERR,ERR,ERR,ERR,ERR,ERR,ERR,ERR,ERR,ERR,ERR,ERR,ERR,ERR,ERR,ERR,ERR,ERR,ERR,ERR,ERR,ERR,ERR,ERR,ERR,ERR,ERR,ERR,ERR,ERR,ERR,ERR,ERR,ERR,ERR,ERR,ERR,34.0,80.0,35,0.0,0.0,0.0,0.0,0.0,0.0,0.0,0.0,0.0,0.0,0.0,0.0,0.0,0.0,0.0,0.0,66.0,0,121,58,54,65476,0,300,0,0,8,20529,65476,0,0,57672,80.0,0.0,0.0,0.0,0.0,0.0
2026-06-18T02:01:55,ERR,ERR,ERR,ERR,ERR,ERR,ERR,ERR,ERR,ERR,ERR,ERR,ERR,ERR,ERR,ERR,ERR,ERR,ERR,ERR,ERR,ERR,ERR,ERR,ERR,ERR,ERR,ERR,ERR,ERR,ERR,ERR,ERR,ERR,ERR,ERR,ERR,ERR,ERR,ERR,ERR,ERR,ERR,ERR,ERR,ERR,ERR,ERR,ERR,ERR,ERR,ERR,ERR,ERR,ERR,ERR,ERR,ERR,ERR,ERR,ERR,ERR,ERR,ERR,ERR,ERR,ERR,ERR,ERR,ERR,ERR,ERR,ERR,ERR,ERR,ERR,ERR,ERR,ERR,ERR,ERR,ERR,ERR,ERR,ERR,ERR,ERR,ERR,ERR,ERR,ERR,ERR,ERR,ERR,ERR,ERR,ERR,ERR,ERR,ERR,ERR,ERR,ERR,ERR,ERR,ERR,ERR,ERR,ERR,ERR,ERR,ERR,ERR,ERR,ERR,ERR,ERR,ERR,ERR,ERR,ERR,ERR,ERR,ERR,ERR,-107615400.0,0.0,-134999232.0,-152005385388032.0,0.0,1.3936040501711995e+18,7.805,1.1096074633774859e+29,0,0,4,48904,6720,14723890282496.0,100,0.0,0.0,0.0,-152005385388032.0,0.0,0,0,0,0,0.0,0,0,0,0,0,0,0,0,0,0,0,0,0,0,0,0,0,0,0,0,0,0,0,0,0,0,0,0,0,0,0,0,0,26,51,50,76,65476,0,300,0,0,8,21553,0.0,-107605600.0,0.0,0.0,0.0,0.0,0.0,0.0,0.0,0.0,0.0,0.0,0.0,0.0,0.0,0.0,0.0,0.0,0.0,0.0,0.0,0.0,2.004,0.0,-0.0,0.0,0.0,0.0,0.0,0.0,4724.0,0.0,7301.0,-107615400.0,0.0,0.0,-0.0,0.0,0.0,0.0,0.0,77,0.0,1.9056838611828736e+17,0.0,0.0,0.0,0.0,0.0,0.0,0.0,0,0,0,0.0,0.0,0.0,0.0,0.0,0.0,0.0,0.0,0.0,0.0,0.0,0.0,0.0,0.0,0.0,0.0,0,-107875648.0,77,0.0,154,0.0,2.6533922776413385e+23,ERR,ERR,ERR,ERR,ERR,ERR,ERR,ERR,ERR,ERR,ERR,ERR,ERR,ERR,ERR,ERR,ERR,ERR,ERR,ERR,ERR,ERR,ERR,ERR,ERR,ERR,ERR,ERR,ERR,ERR,ERR,ERR,ERR,ERR,ERR,ERR,ERR,ERR,ERR,ERR,ERR,ERR,ERR,ERR,ERR,ERR,ERR,ERR,ERR,ERR,ERR,ERR,ERR,ERR,ERR,ERR,ERR,ERR,ERR,ERR,ERR,ERR,ERR,ERR,ERR,ERR,ERR,34.0,80.0,35,0.0,0.0,0.0,0.0,0.0,0.0,0.0,0.0,0.0,0.0,0.0,0.0,0.0,0.0,0.0,0.0,66.0,0,121,58,54,65476,0,300,0,0,8,20529,65476,0,0,57672,80.0,0.0,0.0,0.0,0.0,0.0
2026-06-18T02:01:56,ERR,ERR,ERR,ERR,ERR,ERR,ERR,ERR,ERR,ERR,ERR,ERR,ERR,ERR,ERR,ERR,ERR,ERR,ERR,ERR,ERR,ERR,ERR,ERR,ERR,ERR,ERR,ERR,ERR,ERR,ERR,ERR,ERR,ERR,ERR,ERR,ERR,ERR,ERR,ERR,ERR,ERR,ERR,ERR,ERR,ERR,ERR,ERR,ERR,ERR,ERR,ERR,ERR,ERR,ERR,ERR,ERR,ERR,ERR,ERR,ERR,ERR,ERR,ERR,ERR,ERR,ERR,ERR,ERR,ERR,ERR,ERR,ERR,ERR,ERR,ERR,ERR,ERR,ERR,ERR,ERR,ERR,ERR,ERR,ERR,ERR,ERR,ERR,ERR,ERR,ERR,ERR,ERR,ERR,ERR,ERR,ERR,ERR,ERR,ERR,ERR,ERR,ERR,ERR,ERR,ERR,ERR,ERR,ERR,ERR,ERR,ERR,ERR,ERR,ERR,ERR,ERR,ERR,ERR,ERR,ERR,ERR,ERR,ERR,ERR,-107615400.0,0.0,-134999232.0,-152005385388032.0,0.0,1.3936040501711995e+18,7.805,1.1096074633774859e+29,0,0,4,48904,6720,14723890282496.0,100,0.0,0.0,0.0,-152005385388032.0,0.0,0,0,0,0,0.0,0,0,0,0,0,0,0,0,0,0,0,0,0,0,0,0,0,0,0,0,0,0,0,0,0,0,0,0,0,0,0,0,0,26,51,50,76,65476,0,300,0,0,8,21553,0.0,-107605600.0,0.0,0.0,0.0,0.0,0.0,0.0,0.0,0.0,0.0,0.0,0.0,0.0,0.0,0.0,0.0,0.0,0.0,0.0,0.0,0.0,2.004,0.0,-0.0,0.0,0.0,0.0,0.0,0.0,4724.0,0.0,7301.0,-107615400.0,0.0,0.0,-0.0,0.0,0.0,0.0,0.0,77,0.0,1.9056838611828736e+17,0.0,0.0,0.0,0.0,0.0,0.0,0.0,0,0,0,0.0,0.0,0.0,0.0,0.0,0.0,0.0,0.0,0.0,0.0,0.0,0.0,0.0,0.0,0.0,0.0,0,-107875648.0,77,0.0,154,0.0,2.6533922776413385e+23,ERR,ERR,ERR,ERR,ERR,ERR,ERR,ERR,ERR,ERR,ERR,ERR,ERR,ERR,ERR,ERR,ERR,ERR,ERR,ERR,ERR,ERR,ERR,ERR,ERR,ERR,ERR,ERR,ERR,ERR,ERR,ERR,ERR,ERR,ERR,ERR,ERR,ERR,ERR,ERR,ERR,ERR,ERR,ERR,ERR,ERR,ERR,ERR,ERR,ERR,ERR,ERR,ERR,ERR,ERR,ERR,ERR,ERR,ERR,ERR,ERR,ERR,ERR,ERR,ERR,ERR,ERR,34.0,80.0,35,0.0,0.0,0.0,0.0,0.0,0.0,0.0,0.0,0.0,0.0,0.0,0.0,0.0,0.0,0.0,0.0,66.0,0,121,58,54,65476,0,300,0,0,8,20529,65476,0,0,57672,80.0,0.0,0.0,0.0,0.0,0.0
2026-06-18T02:01:57,ERR,ERR,ERR,ERR,ERR,ERR,ERR,ERR,ERR,ERR,ERR,ERR,ERR,ERR,ERR,ERR,ERR,ERR,ERR,ERR,ERR,ERR,ERR,ERR,ERR,ERR,ERR,ERR,ERR,ERR,ERR,ERR,ERR,ERR,ERR,ERR,ERR,ERR,ERR,ERR,ERR,ERR,ERR,ERR,ERR,ERR,ERR,ERR,ERR,ERR,ERR,ERR,ERR,ERR,ERR,ERR,ERR,ERR,ERR,ERR,ERR,ERR,ERR,ERR,ERR,ERR,ERR,ERR,ERR,ERR,ERR,ERR,ERR,ERR,ERR,ERR,ERR,ERR,ERR,ERR,ERR,ERR,ERR,ERR,ERR,ERR,ERR,ERR,ERR,ERR,ERR,ERR,ERR,ERR,ERR,ERR,ERR,ERR,ERR,ERR,ERR,ERR,ERR,ERR,ERR,ERR,ERR,ERR,ERR,ERR,ERR,ERR,ERR,ERR,ERR,ERR,ERR,ERR,ERR,ERR,ERR,ERR,ERR,ERR,ERR,-107615400.0,-107615392.0,0.0,-0.0,-0.0,1.3936040501711995e+18,7.805,0.0,0,0,4,48857,6720,14723890282496.0,100,0.0,0.0,0.0,-4.9501291711397626e+32,0.0,0,0,0,0,0.0,0,0,0,0,0,0,0,0,0,0,0,0,0,0,0,0,0,0,0,0,0,0,0,0,0,0,0,0,0,0,0,0,0,26,51,50,76,65476,0,300,0,0,8,21553,0.0,-107605600.0,0.0,0.0,0.0,0.0,0.0,0.0,0.0,0.0,0.0,0.0,0.0,0.0,0.0,0.0,0.0,0.0,0.0,0.0,0.0,0.0,2.004,0.0,-0.0,0.0,0.0,0.0,0.0,0.0,4724.0,0.0,7301.0,-107615400.0,0.0,0.0,-0.0,0.0,0.0,0.0,0.0,77,0.0,1.9056838611828736e+17,0.0,0.0,0.0,0.0,0.0,0.0,0.0,0,0,0,0.0,0.0,0.0,0.0,0.0,0.0,0.0,0.0,0.0,0.0,0.0,0.0,0.0,0.0,0.0,0.0,0,-107875648.0,77,0.0,154,0.0,2.6533922776413385e+23,ERR,ERR,ERR,ERR,ERR,ERR,ERR,ERR,ERR,ERR,ERR,ERR,ERR,ERR,ERR,ERR,ERR,ERR,ERR,ERR,ERR,ERR,ERR,ERR,ERR,ERR,ERR,ERR,ERR,ERR,ERR,ERR,ERR,ERR,ERR,ERR,ERR,ERR,ERR,ERR,ERR,ERR,ERR,ERR,ERR,ERR,ERR,ERR,ERR,ERR,ERR,ERR,ERR,ERR,ERR,ERR,ERR,ERR,ERR,ERR,ERR,ERR,ERR,ERR,ERR,ERR,ERR,34.0,80.0,35,0.0,0.0,0.0,0.0,0.0,0.0,0.0,0.0,0.0,0.0,0.0,0.0,0.0,0.0,0.0,0.0,66.0,0,121,58,54,65476,0,300,0,0,8,20529,65476,0,0,57672,80.0,0.0,0.0,0.0,0.0,0.0
2026-06-18T02:01:58,ERR,ERR,ERR,ERR,ERR,ERR,ERR,ERR,ERR,ERR,ERR,ERR,ERR,ERR,ERR,ERR,ERR,ERR,ERR,ERR,ERR,ERR,ERR,ERR,ERR,ERR,ERR,ERR,ERR,ERR,ERR,ERR,ERR,ERR,ERR,ERR,ERR,ERR,ERR,ERR,ERR,ERR,ERR,ERR,ERR,ERR,ERR,ERR,ERR,ERR,ERR,ERR,ERR,ERR,ERR,ERR,ERR,ERR,ERR,ERR,ERR,ERR,ERR,ERR,ERR,ERR,ERR,ERR,ERR,ERR,ERR,ERR,ERR,ERR,ERR,ERR,ERR,ERR,ERR,ERR,ERR,ERR,ERR,ERR,ERR,ERR,ERR,ERR,ERR,ERR,ERR,ERR,ERR,ERR,ERR,ERR,ERR,ERR,ERR,ERR,ERR,ERR,ERR,ERR,ERR,ERR,ERR,ERR,ERR,ERR,ERR,ERR,ERR,ERR,ERR,ERR,ERR,ERR,ERR,ERR,ERR,ERR,ERR,ERR,ERR,-107615400.0,-107615392.0,0.0,-0.0,-0.0,1.3936040501711995e+18,7.805,0.0,0,0,4,48857,6720,14723890282496.0,100,0.0,0.0,0.0,-4.9501291711397626e+32,0.0,0,0,0,0,0.0,0,0,0,0,0,0,0,0,0,0,0,0,0,0,0,0,0,0,0,0,0,0,0,0,0,0,0,0,0,0,0,0,0,26,51,50,76,65476,0,300,0,0,8,21553,0.0,-107605600.0,0.0,0.0,0.0,0.0,0.0,0.0,0.0,0.0,0.0,0.0,0.0,0.0,0.0,0.0,0.0,0.0,0.0,0.0,0.0,0.0,2.004,0.0,-0.0,0.0,0.0,0.0,0.0,0.0,4724.0,0.0,7301.0,-107615400.0,0.0,0.0,-0.0,0.0,0.0,0.0,0.0,77,0.0,1.9056838611828736e+17,0.0,0.0,0.0,0.0,0.0,0.0,0.0,0,0,0,0.0,0.0,0.0,0.0,0.0,0.0,0.0,0.0,0.0,0.0,0.0,0.0,0.0,0.0,0.0,0.0,0,-107875648.0,77,0.0,154,0.0,2.6533922776413385e+23,ERR,ERR,ERR,ERR,ERR,ERR,ERR,ERR,ERR,ERR,ERR,ERR,ERR,ERR,ERR,ERR,ERR,ERR,ERR,ERR,ERR,ERR,ERR,ERR,ERR,ERR,ERR,ERR,ERR,ERR,ERR,ERR,ERR,ERR,ERR,ERR,ERR,ERR,ERR,ERR,ERR,ERR,ERR,ERR,ERR,ERR,ERR,ERR,ERR,ERR,ERR,ERR,ERR,ERR,ERR,ERR,ERR,ERR,ERR,ERR,ERR,ERR,ERR,ERR,ERR,ERR,ERR,34.0,80.0,35,0.0,0.0,0.0,0.0,0.0,0.0,0.0,0.0,0.0,0.0,0.0,0.0,0.0,0.0,0.0,0.0,66.0,0,121,58,54,65476,0,300,0,0,8,20529,65476,0,0,57672,80.0,0.0,0.0,0.0,0.0,0.0
2026-06-18T02:01:59,ERR,ERR,ERR,ERR,ERR,ERR,ERR,ERR,ERR,ERR,ERR,ERR,ERR,ERR,ERR,ERR,ERR,ERR,ERR,ERR,ERR,ERR,ERR,ERR,ERR,ERR,ERR,ERR,ERR,ERR,ERR,ERR,ERR,ERR,ERR,ERR,ERR,ERR,ERR,ERR,ERR,ERR,ERR,ERR,ERR,ERR,ERR,ERR,ERR,ERR,ERR,ERR,ERR,ERR,ERR,ERR,ERR,ERR,ERR,ERR,ERR,ERR,ERR,ERR,ERR,ERR,ERR,ERR,ERR,ERR,ERR,ERR,ERR,ERR,ERR,ERR,ERR,ERR,ERR,ERR,ERR,ERR,ERR,ERR,ERR,ERR,ERR,ERR,ERR,ERR,ERR,ERR,ERR,ERR,ERR,ERR,ERR,ERR,ERR,ERR,ERR,ERR,ERR,ERR,ERR,ERR,ERR,ERR,ERR,ERR,ERR,ERR,ERR,ERR,ERR,ERR,ERR,ERR,ERR,ERR,ERR,ERR,ERR,ERR,ERR,-107615400.0,-107615392.0,0.0,-0.0,-0.0,1.3936040501711995e+18,7.805,0.0,0,0,4,48857,6720,14723890282496.0,100,0.0,0.0,0.0,-4.9501291711397626e+32,0.0,0,0,0,0,0.0,0,0,0,0,0,0,0,0,0,0,0,0,0,0,0,0,0,0,0,0,0,0,0,0,0,0,0,0,0,0,0,0,0,26,51,50,76,65476,0,300,0,0,8,21553,0.0,-107605600.0,0.0,0.0,0.0,0.0,0.0,0.0,0.0,0.0,0.0,0.0,0.0,0.0,0.0,0.0,0.0,0.0,0.0,0.0,0.0,0.0,2.004,0.0,-0.0,0.0,0.0,0.0,0.0,0.0,4724.0,0.0,7301.0,-107615400.0,0.0,0.0,-0.0,0.0,0.0,0.0,0.0,77,0.0,1.9056838611828736e+17,0.0,0.0,0.0,0.0,0.0,0.0,0.0,0,0,0,0.0,0.0,0.0,0.0,0.0,0.0,0.0,0.0,0.0,0.0,0.0,0.0,0.0,0.0,0.0,0.0,0,-107875648.0,77,0.0,154,0.0,2.6533922776413385e+23,ERR,ERR,ERR,ERR,ERR,ERR,ERR,ERR,ERR,ERR,ERR,ERR,ERR,ERR,ERR,ERR,ERR,ERR,ERR,ERR,ERR,ERR,ERR,ERR,ERR,ERR,ERR,ERR,ERR,ERR,ERR,ERR,ERR,ERR,ERR,ERR,ERR,ERR,ERR,ERR,ERR,ERR,ERR,ERR,ERR,ERR,ERR,ERR,ERR,ERR,ERR,ERR,ERR,ERR,ERR,ERR,ERR,ERR,ERR,ERR,ERR,ERR,ERR,ERR,ERR,ERR,ERR,34.0,80.0,35,0.0,0.0,0.0,0.0,0.0,0.0,0.0,0.0,0.0,0.0,0.0,0.0,0.0,0.0,0.0,0.0,66.4,0,121,58,54,65476,0,300,0,0,8,20529,65476,0,0,57672,80.0,0.0,0.0,0.0,0.0,0.0
2026-06-18T02:02:00,ERR,ERR,ERR,ERR,ERR,ERR,ERR,ERR,ERR,ERR,ERR,ERR,ERR,ERR,ERR,ERR,ERR,ERR,ERR,ERR,ERR,ERR,ERR,ERR,ERR,ERR,ERR,ERR,ERR,ERR,ERR,ERR,ERR,ERR,ERR,ERR,ERR,ERR,ERR,ERR,ERR,ERR,ERR,ERR,ERR,ERR,ERR,ERR,ERR,ERR,ERR,ERR,ERR,ERR,ERR,ERR,ERR,ERR,ERR,ERR,ERR,ERR,ERR,ERR,ERR,ERR,ERR,ERR,ERR,ERR,ERR,ERR,ERR,ERR,ERR,ERR,ERR,ERR,ERR,ERR,ERR,ERR,ERR,ERR,ERR,ERR,ERR,ERR,ERR,ERR,ERR,ERR,ERR,ERR,ERR,ERR,ERR,ERR,ERR,ERR,ERR,ERR,ERR,ERR,ERR,ERR,ERR,ERR,ERR,ERR,ERR,ERR,ERR,ERR,ERR,ERR,ERR,ERR,ERR,ERR,ERR,ERR,ERR,ERR,ERR,-107615400.0,-107615392.0,0.0,-0.0,-0.0,1.3936040501711995e+18,7.805,0.0,0,0,4,48857,6720,14723890282496.0,100,0.0,0.0,0.0,-4.9501291711397626e+32,0.0,0,0,0,0,0.0,0,0,0,0,0,0,0,0,0,0,0,0,0,0,0,0,0,0,0,0,0,0,0,0,0,0,0,0,0,0,0,0,0,26,51,50,76,65476,0,300,0,0,8,21553,0.0,-107605600.0,0.0,0.0,0.0,0.0,0.0,0.0,0.0,0.0,0.0,0.0,0.0,0.0,0.0,0.0,0.0,0.0,0.0,0.0,0.0,0.0,2.004,0.0,-0.0,0.0,0.0,0.0,0.0,0.0,4724.0,0.0,7301.0,-107615400.0,0.0,0.0,-0.0,0.0,0.0,0.0,0.0,77,0.0,1.9056838611828736e+17,0.0,0.0,0.0,0.0,0.0,0.0,0.0,0,0,0,0.0,0.0,0.0,0.0,0.0,0.0,0.0,0.0,0.0,0.0,0.0,0.0,0.0,0.0,0.0,0.0,0,-107875648.0,77,0.0,154,0.0,2.6533922776413385e+23,ERR,ERR,ERR,ERR,ERR,ERR,ERR,ERR,ERR,ERR,ERR,ERR,ERR,ERR,ERR,ERR,ERR,ERR,ERR,ERR,ERR,ERR,ERR,ERR,ERR,ERR,ERR,ERR,ERR,ERR,ERR,ERR,ERR,ERR,ERR,ERR,ERR,ERR,ERR,ERR,ERR,ERR,ERR,ERR,ERR,ERR,ERR,ERR,ERR,ERR,ERR,ERR,ERR,ERR,ERR,ERR,ERR,ERR,ERR,ERR,ERR,ERR,ERR,ERR,ERR,ERR,ERR,34.0,80.0,35,0.0,0.0,0.0,0.0,0.0,0.0,0.0,0.0,0.0,0.0,0.0,0.0,0.0,0.0,0.0,0.0,66.4,0,121,58,54,65476,0,300,0,0,8,20529,65476,0,0,57672,80.0,0.0,0.0,0.0,0.0,0.0
2026-06-18T02:02:01,ERR,ERR,ERR,ERR,ERR,ERR,ERR,ERR,ERR,ERR,ERR,ERR,ERR,ERR,ERR,ERR,ERR,ERR,ERR,ERR,ERR,ERR,ERR,ERR,ERR,ERR,ERR,ERR,ERR,ERR,ERR,ERR,ERR,ERR,ERR,ERR,ERR,ERR,ERR,ERR,ERR,ERR,ERR,ERR,ERR,ERR,ERR,ERR,ERR,ERR,ERR,ERR,ERR,ERR,ERR,ERR,ERR,ERR,ERR,ERR,ERR,ERR,ERR,ERR,ERR,ERR,ERR,ERR,ERR,ERR,ERR,ERR,ERR,ERR,ERR,ERR,ERR,ERR,ERR,ERR,ERR,ERR,ERR,ERR,ERR,ERR,ERR,ERR,ERR,ERR,ERR,ERR,ERR,ERR,ERR,ERR,ERR,ERR,ERR,ERR,ERR,ERR,ERR,ERR,ERR,ERR,ERR,ERR,ERR,ERR,ERR,ERR,ERR,ERR,ERR,ERR,ERR,ERR,ERR,ERR,ERR,ERR,ERR,ERR,ERR,-107615400.0,-107615392.0,0.0,-0.0,-0.0,1.3936040501711995e+18,7.805,0.0,0,0,4,48857,6720,14723890282496.0,100,0.0,0.0,0.0,-4.9501291711397626e+32,0.0,0,0,0,0,0.0,0,0,0,0,0,0,0,0,0,0,0,0,0,0,0,0,0,0,0,0,0,0,0,0,0,0,0,0,0,0,0,0,0,26,51,50,76,65476,0,300,0,0,8,21553,0.0,-107605600.0,0.0,0.0,0.0,0.0,0.0,0.0,0.0,0.0,0.0,0.0,0.0,0.0,0.0,0.0,0.0,0.0,0.0,0.0,0.0,0.0,2.004,0.0,-0.0,0.0,0.0,0.0,0.0,0.0,4724.0,0.0,7301.0,-107615400.0,0.0,0.0,-0.0,0.0,0.0,0.0,0.0,77,0.0,1.9056838611828736e+17,0.0,0.0,0.0,0.0,0.0,0.0,0.0,0,0,0,0.0,0.0,0.0,0.0,0.0,0.0,0.0,0.0,0.0,0.0,0.0,0.0,0.0,0.0,0.0,0.0,0,-107875648.0,77,0.0,154,0.0,2.6533922776413385e+23,ERR,ERR,ERR,ERR,ERR,ERR,ERR,ERR,ERR,ERR,ERR,ERR,ERR,ERR,ERR,ERR,ERR,ERR,ERR,ERR,ERR,ERR,ERR,ERR,ERR,ERR,ERR,ERR,ERR,ERR,ERR,ERR,ERR,ERR,ERR,ERR,ERR,ERR,ERR,ERR,ERR,ERR,ERR,ERR,ERR,ERR,ERR,ERR,ERR,ERR,ERR,ERR,ERR,ERR,ERR,ERR,ERR,ERR,ERR,ERR,ERR,ERR,ERR,ERR,ERR,ERR,ERR,34.0,80.0,35,0.0,0.0,0.0,0.0,0.0,0.0,0.0,0.0,0.0,0.0,0.0,0.0,0.0,0.0,0.0,0.0,66.0,0,121,58,54,65476,0,300,0,0,8,20529,65476,0,0,57672,80.0,0.0,0.0,0.0,0.0,0.0
2026-06-18T02:02:02,ERR,ERR,ERR,ERR,ERR,ERR,ERR,ERR,ERR,ERR,ERR,ERR,ERR,ERR,ERR,ERR,ERR,ERR,ERR,ERR,ERR,ERR,ERR,ERR,ERR,ERR,ERR,ERR,ERR,ERR,ERR,ERR,ERR,ERR,ERR,ERR,ERR,ERR,ERR,ERR,ERR,ERR,ERR,ERR,ERR,ERR,ERR,ERR,ERR,ERR,ERR,ERR,ERR,ERR,ERR,ERR,ERR,ERR,ERR,ERR,ERR,ERR,ERR,ERR,ERR,ERR,ERR,ERR,ERR,ERR,ERR,ERR,ERR,ERR,ERR,ERR,ERR,ERR,ERR,ERR,ERR,ERR,ERR,ERR,ERR,ERR,ERR,ERR,ERR,ERR,ERR,ERR,ERR,ERR,ERR,ERR,ERR,ERR,ERR,ERR,ERR,ERR,ERR,ERR,ERR,ERR,ERR,ERR,ERR,ERR,ERR,ERR,ERR,ERR,ERR,ERR,ERR,ERR,ERR,ERR,ERR,ERR,ERR,ERR,ERR,-107615400.0,-107615392.0,0.0,-4.9501291711397626e+32,-2.012,1.3936040501711995e+18,7.805,8.558351388217734e+28,0,0,4,48852,6720,14723890282496.0,100,0.0,0.0,0.0,-4.9501291711397626e+32,0.0,0,0,0,0,0.0,0,0,0,0,0,0,0,0,0,0,0,0,0,0,0,0,0,0,0,0,0,0,0,0,0,0,0,0,0,0,0,0,0,26,51,50,76,65476,0,300,0,0,8,21553,0.0,-107605600.0,0.0,0.0,0.0,0.0,0.0,0.0,0.0,0.0,0.0,0.0,0.0,0.0,0.0,0.0,0.0,0.0,0.0,0.0,0.0,0.0,2.004,2.004,-0.0,0.0,0.0,0.0,0.0,0.0,4723.0,3.697182175382838e+19,7308.0,-107615400.0,-107615392.0,0.0,-0.0,0.0,0.0,0.0,0.0,77,0.0,-0.0,0.0,0.0,0.0,0.0,0.0,0.0,0.0,0,0,0,0.0,0.0,0.0,0.0,0.0,0.0,0.0,0.0,0.0,0.0,0.0,0.0,0.0,0.0,0.0,0.0,0,-107875648.0,77,0.0,154,0.0,2.6533922776413385e+23,ERR,ERR,ERR,ERR,ERR,ERR,ERR,ERR,ERR,ERR,ERR,ERR,ERR,ERR,ERR,ERR,ERR,ERR,ERR,ERR,ERR,ERR,ERR,ERR,ERR,ERR,ERR,ERR,ERR,ERR,ERR,ERR,ERR,ERR,ERR,ERR,ERR,ERR,ERR,ERR,ERR,ERR,ERR,ERR,ERR,ERR,ERR,ERR,ERR,ERR,ERR,ERR,ERR,ERR,ERR,ERR,ERR,ERR,ERR,ERR,ERR,ERR,ERR,ERR,ERR,ERR,ERR,34.0,80.0,35,0.0,0.0,0.0,0.0,0.0,0.0,0.0,0.0,0.0,0.0,0.0,0.0,0.0,0.0,0.0,0.0,66.0,0,121,58,54,65476,0,300,0,0,8,20529,65476,0,0,57672,80.0,0.0,0.0,0.0,0.0,0.0
2026-06-18T02:02:03,ERR,ERR,ERR,ERR,ERR,ERR,ERR,ERR,ERR,ERR,ERR,ERR,ERR,ERR,ERR,ERR,ERR,ERR,ERR,ERR,ERR,ERR,ERR,ERR,ERR,ERR,ERR,ERR,ERR,ERR,ERR,ERR,ERR,ERR,ERR,ERR,ERR,ERR,ERR,ERR,ERR,ERR,ERR,ERR,ERR,ERR,ERR,ERR,ERR,ERR,ERR,ERR,ERR,ERR,ERR,ERR,ERR,ERR,ERR,ERR,ERR,ERR,ERR,ERR,ERR,ERR,ERR,ERR,ERR,ERR,ERR,ERR,ERR,ERR,ERR,ERR,ERR,ERR,ERR,ERR,ERR,ERR,ERR,ERR,ERR,ERR,ERR,ERR,ERR,ERR,ERR,ERR,ERR,ERR,ERR,ERR,ERR,ERR,ERR,ERR,ERR,ERR,ERR,ERR,ERR,ERR,ERR,ERR,ERR,ERR,ERR,ERR,ERR,ERR,ERR,ERR,ERR,ERR,ERR,ERR,ERR,ERR,ERR,ERR,ERR,-107615400.0,-107615392.0,0.0,-4.9501291711397626e+32,-2.012,1.3936040501711995e+18,7.805,8.558351388217734e+28,0,0,4,48852,6720,14723890282496.0,100,0.0,0.0,0.0,-4.9501291711397626e+32,0.0,0,0,0,0,0.0,0,0,0,0,0,0,0,0,0,0,0,0,0,0,0,0,0,0,0,0,0,0,0,0,0,0,0,0,0,0,0,0,0,26,51,50,76,65476,0,300,0,0,8,21553,0.0,-107605600.0,0.0,0.0,0.0,0.0,0.0,0.0,0.0,0.0,0.0,0.0,0.0,0.0,0.0,0.0,0.0,0.0,0.0,0.0,0.0,0.0,2.004,2.004,-0.0,0.0,0.0,0.0,0.0,0.0,4723.0,3.697182175382838e+19,7308.0,-107615400.0,-107615392.0,0.0,-0.0,0.0,0.0,0.0,0.0,77,0.0,-0.0,0.0,0.0,0.0,0.0,0.0,0.0,0.0,0,0,0,0.0,0.0,0.0,0.0,0.0,0.0,0.0,0.0,0.0,0.0,0.0,0.0,0.0,0.0,0.0,0.0,0,-107875648.0,77,0.0,154,0.0,2.6533922776413385e+23,ERR,ERR,ERR,ERR,ERR,ERR,ERR,ERR,ERR,ERR,ERR,ERR,ERR,ERR,ERR,ERR,ERR,ERR,ERR,ERR,ERR,ERR,ERR,ERR,ERR,ERR,ERR,ERR,ERR,ERR,ERR,ERR,ERR,ERR,ERR,ERR,ERR,ERR,ERR,ERR,ERR,ERR,ERR,ERR,ERR,ERR,ERR,ERR,ERR,ERR,ERR,ERR,ERR,ERR,ERR,ERR,ERR,ERR,ERR,ERR,ERR,ERR,ERR,ERR,ERR,ERR,ERR,34.0,80.0,35,0.0,0.0,0.0,0.0,0.0,0.0,0.0,0.0,0.0,0.0,0.0,0.0,0.0,0.0,0.0,0.0,66.4,0,121,58,54,65476,0,300,0,0,8,20529,65476,0,0,57672,80.0,0.0,0.0,0.0,0.0,0.0
2026-06-18T02:02:04,ERR,ERR,ERR,ERR,ERR,ERR,ERR,ERR,ERR,ERR,ERR,ERR,ERR,ERR,ERR,ERR,ERR,ERR,ERR,ERR,ERR,ERR,ERR,ERR,ERR,ERR,ERR,ERR,ERR,ERR,ERR,ERR,ERR,ERR,ERR,ERR,ERR,ERR,ERR,ERR,ERR,ERR,ERR,ERR,ERR,ERR,ERR,ERR,ERR,ERR,ERR,ERR,ERR,ERR,ERR,ERR,ERR,ERR,ERR,ERR,ERR,ERR,ERR,ERR,ERR,ERR,ERR,ERR,ERR,ERR,ERR,ERR,ERR,ERR,ERR,ERR,ERR,ERR,ERR,ERR,ERR,ERR,ERR,ERR,ERR,ERR,ERR,ERR,ERR,ERR,ERR,ERR,ERR,ERR,ERR,ERR,ERR,ERR,ERR,ERR,ERR,ERR,ERR,ERR,ERR,ERR,ERR,ERR,ERR,ERR,ERR,ERR,ERR,ERR,ERR,ERR,ERR,ERR,ERR,ERR,ERR,ERR,ERR,ERR,ERR,-107615400.0,-107615392.0,0.0,-4.9501291711397626e+32,-2.012,1.3936040501711995e+18,7.805,8.558351388217734e+28,0,0,4,48852,6720,14723890282496.0,100,0.0,0.0,0.0,-4.9501291711397626e+32,0.0,0,0,0,0,0.0,0,0,0,0,0,0,0,0,0,0,0,0,0,0,0,0,0,0,0,0,0,0,0,0,0,0,0,0,0,0,0,0,0,26,51,50,76,65476,0,300,0,0,8,21553,0.0,-107605600.0,0.0,0.0,0.0,0.0,0.0,0.0,0.0,0.0,0.0,0.0,0.0,0.0,0.0,0.0,0.0,0.0,0.0,0.0,0.0,0.0,2.004,2.004,-0.0,0.0,0.0,0.0,0.0,0.0,4723.0,3.697182175382838e+19,7308.0,-107615400.0,-107615392.0,0.0,-0.0,0.0,0.0,0.0,0.0,77,0.0,-0.0,0.0,0.0,0.0,0.0,0.0,0.0,0.0,0,0,0,0.0,0.0,0.0,0.0,0.0,0.0,0.0,0.0,0.0,0.0,0.0,0.0,0.0,0.0,0.0,0.0,0,-107875648.0,77,0.0,154,0.0,2.6533922776413385e+23,ERR,ERR,ERR,ERR,ERR,ERR,ERR,ERR,ERR,ERR,ERR,ERR,ERR,ERR,ERR,ERR,ERR,ERR,ERR,ERR,ERR,ERR,ERR,ERR,ERR,ERR,ERR,ERR,ERR,ERR,ERR,ERR,ERR,ERR,ERR,ERR,ERR,ERR,ERR,ERR,ERR,ERR,ERR,ERR,ERR,ERR,ERR,ERR,ERR,ERR,ERR,ERR,ERR,ERR,ERR,ERR,ERR,ERR,ERR,ERR,ERR,ERR,ERR,ERR,ERR,ERR,ERR,34.0,80.0,35,0.0,0.0,0.0,0.0,0.0,0.0,0.0,0.0,0.0,0.0,0.0,0.0,0.0,0.0,0.0,0.0,66.4,0,121,58,54,65476,0,300,0,0,8,20529,65476,0,0,57672,80.0,0.0,0.0,0.0,0.0,0.0
2026-06-18T02:02:05,ERR,ERR,ERR,ERR,ERR,ERR,ERR,ERR,ERR,ERR,ERR,ERR,ERR,ERR,ERR,ERR,ERR,ERR,ERR,ERR,ERR,ERR,ERR,ERR,ERR,ERR,ERR,ERR,ERR,ERR,ERR,ERR,ERR,ERR,ERR,ERR,ERR,ERR,ERR,ERR,ERR,ERR,ERR,ERR,ERR,ERR,ERR,ERR,ERR,ERR,ERR,ERR,ERR,ERR,ERR,ERR,ERR,ERR,ERR,ERR,ERR,ERR,ERR,ERR,ERR,ERR,ERR,ERR,ERR,ERR,ERR,ERR,ERR,ERR,ERR,ERR,ERR,ERR,ERR,ERR,ERR,ERR,ERR,ERR,ERR,ERR,ERR,ERR,ERR,ERR,ERR,ERR,ERR,ERR,ERR,ERR,ERR,ERR,ERR,ERR,ERR,ERR,ERR,ERR,ERR,ERR,ERR,ERR,ERR,ERR,ERR,ERR,ERR,ERR,ERR,ERR,ERR,ERR,ERR,ERR,ERR,ERR,ERR,ERR,ERR,-107615400.0,-107615392.0,0.0,-4.9501291711397626e+32,-2.012,1.3936040501711995e+18,7.805,8.558351388217734e+28,0,0,4,48852,6720,14723890282496.0,100,0.0,0.0,0.0,-4.9501291711397626e+32,0.0,0,0,0,0,0.0,0,0,0,0,0,0,0,0,0,0,0,0,0,0,0,0,0,0,0,0,0,0,0,0,0,0,0,0,0,0,0,0,0,26,51,50,76,65476,0,300,0,0,8,21553,0.0,-107605600.0,0.0,0.0,0.0,0.0,0.0,0.0,0.0,0.0,0.0,0.0,0.0,0.0,0.0,0.0,0.0,0.0,0.0,0.0,0.0,0.0,2.004,2.004,-0.0,0.0,0.0,0.0,0.0,0.0,4723.0,3.697182175382838e+19,7308.0,-107615400.0,-107615392.0,0.0,-0.0,0.0,0.0,0.0,0.0,77,0.0,-0.0,0.0,0.0,0.0,0.0,0.0,0.0,0.0,0,0,0,0.0,0.0,0.0,0.0,0.0,0.0,0.0,0.0,0.0,0.0,0.0,0.0,0.0,0.0,0.0,0.0,0,-107875648.0,77,0.0,154,0.0,2.6533922776413385e+23,ERR,ERR,ERR,ERR,ERR,ERR,ERR,ERR,ERR,ERR,ERR,ERR,ERR,ERR,ERR,ERR,ERR,ERR,ERR,ERR,ERR,ERR,ERR,ERR,ERR,ERR,ERR,ERR,ERR,ERR,ERR,ERR,ERR,ERR,ERR,ERR,ERR,ERR,ERR,ERR,ERR,ERR,ERR,ERR,ERR,ERR,ERR,ERR,ERR,ERR,ERR,ERR,ERR,ERR,ERR,ERR,ERR,ERR,ERR,ERR,ERR,ERR,ERR,ERR,ERR,ERR,ERR,34.0,80.0,35,0.0,0.0,0.0,0.0,0.0,0.0,0.0,0.0,0.0,0.0,0.0,0.0,0.0,0.0,0.0,0.0,66.0,0,121,58,54,65476,0,300,0,0,8,20529,65476,0,0,57672,80.0,0.0,0.0,0.0,0.0,0.0
2026-06-18T02:02:06,ERR,ERR,ERR,ERR,ERR,ERR,ERR,ERR,ERR,ERR,ERR,ERR,ERR,ERR,ERR,ERR,ERR,ERR,ERR,ERR,ERR,ERR,ERR,ERR,ERR,ERR,ERR,ERR,ERR,ERR,ERR,ERR,ERR,ERR,ERR,ERR,ERR,ERR,ERR,ERR,ERR,ERR,ERR,ERR,ERR,ERR,ERR,ERR,ERR,ERR,ERR,ERR,ERR,ERR,ERR,ERR,ERR,ERR,ERR,ERR,ERR,ERR,ERR,ERR,ERR,ERR,ERR,ERR,ERR,ERR,ERR,ERR,ERR,ERR,ERR,ERR,ERR,ERR,ERR,ERR,ERR,ERR,ERR,ERR,ERR,ERR,ERR,ERR,ERR,ERR,ERR,ERR,ERR,ERR,ERR,ERR,ERR,ERR,ERR,ERR,ERR,ERR,ERR,ERR,ERR,ERR,ERR,ERR,ERR,ERR,ERR,ERR,ERR,ERR,ERR,ERR,ERR,ERR,ERR,ERR,ERR,ERR,ERR,ERR,ERR,-107615400.0,-107615392.0,0.0,-4.9501291711397626e+32,-2.012,1.3936040501711995e+18,7.805,8.558351388217734e+28,0,0,4,48852,6720,14723890282496.0,100,0.0,0.0,0.0,-4.9501291711397626e+32,0.0,0,0,0,0,0.0,0,0,0,0,0,0,0,0,0,0,0,0,0,0,0,0,0,0,0,0,0,0,0,0,0,0,0,0,0,0,0,0,0,26,51,50,76,65476,0,300,0,0,8,21553,0.0,-107605600.0,0.0,0.0,0.0,0.0,0.0,0.0,0.0,0.0,0.0,0.0,0.0,0.0,0.0,0.0,0.0,0.0,0.0,0.0,0.0,0.0,2.004,2.004,-0.0,0.0,0.0,0.0,0.0,0.0,4723.0,3.697182175382838e+19,7308.0,-107615400.0,-107615392.0,0.0,-0.0,0.0,0.0,0.0,0.0,77,0.0,-0.0,0.0,0.0,0.0,0.0,0.0,0.0,0.0,0,0,0,0.0,0.0,0.0,0.0,0.0,0.0,0.0,0.0,0.0,0.0,0.0,0.0,0.0,0.0,0.0,0.0,0,-107875648.0,77,0.0,154,0.0,2.6533922776413385e+23,ERR,ERR,ERR,ERR,ERR,ERR,ERR,ERR,ERR,ERR,ERR,ERR,ERR,ERR,ERR,ERR,ERR,ERR,ERR,ERR,ERR,ERR,ERR,ERR,ERR,ERR,ERR,ERR,ERR,ERR,ERR,ERR,ERR,ERR,ERR,ERR,ERR,ERR,ERR,ERR,ERR,ERR,ERR,ERR,ERR,ERR,ERR,ERR,ERR,ERR,ERR,ERR,ERR,ERR,ERR,ERR,ERR,ERR,ERR,ERR,ERR,ERR,ERR,ERR,ERR,ERR,ERR,34.0,80.0,35,0.0,0.0,0.0,0.0,0.0,0.0,0.0,0.0,0.0,0.0,0.0,0.0,0.0,0.0,0.0,0.0,66.4,0,121,58,54,65476,0,300,0,0,8,20529,65476,0,0,57672,80.0,0.0,0.0,0.0,0.0,0.0
2026-06-18T02:02:07,ERR,ERR,ERR,ERR,ERR,ERR,ERR,ERR,ERR,ERR,ERR,ERR,ERR,ERR,ERR,ERR,ERR,ERR,ERR,ERR,ERR,ERR,ERR,ERR,ERR,ERR,ERR,ERR,ERR,ERR,ERR,ERR,ERR,ERR,ERR,ERR,ERR,ERR,ERR,ERR,ERR,ERR,ERR,ERR,ERR,ERR,ERR,ERR,ERR,ERR,ERR,ERR,ERR,ERR,ERR,ERR,ERR,ERR,ERR,ERR,ERR,ERR,ERR,ERR,ERR,ERR,ERR,ERR,ERR,ERR,ERR,ERR,ERR,ERR,ERR,ERR,ERR,ERR,ERR,ERR,ERR,ERR,ERR,ERR,ERR,ERR,ERR,ERR,ERR,ERR,ERR,ERR,ERR,ERR,ERR,ERR,ERR,ERR,ERR,ERR,ERR,ERR,ERR,ERR,ERR,ERR,ERR,ERR,ERR,ERR,ERR,ERR,ERR,ERR,ERR,ERR,ERR,ERR,ERR,ERR,ERR,ERR,ERR,ERR,ERR,-107615400.0,-107615392.0,0.0,0.059,0.0,1.3936040501711995e+18,7.805,-0.0,0,0,4,48861,6720,14723890282496.0,100,0.0,0.0,0.0,0.059,0.0,0,0,0,0,0.0,0,0,0,0,0,0,0,0,0,0,0,0,0,0,0,0,0,0,0,0,0,0,0,0,0,0,0,0,0,0,0,0,0,26,51,50,76,65476,0,300,0,0,8,21553,0.0,-107605600.0,0.0,0.0,0.0,0.0,0.0,0.0,0.0,0.0,0.0,0.0,0.0,0.0,0.0,0.0,0.0,0.0,0.0,0.0,0.0,0.0,2.004,0.0,-0.0,0.0,0.0,0.0,0.0,0.0,4724.0,2.004,7304.0,-107615400.0,0.0,0.0,-0.0,0.0,0.0,0.0,0.0,77,0.0,-0.0,0.0,0.0,0.0,0.0,0.0,0.0,0.0,0,0,0,0.0,0.0,0.0,0.0,0.0,0.0,0.0,0.0,0.0,0.0,0.0,0.0,0.0,0.0,0.0,0.0,0,-107875648.0,77,0.0,154,0.0,2.6533922776413385e+23,ERR,ERR,ERR,ERR,ERR,ERR,ERR,ERR,ERR,ERR,ERR,ERR,ERR,ERR,ERR,ERR,ERR,ERR,ERR,ERR,ERR,ERR,ERR,ERR,ERR,ERR,ERR,ERR,ERR,ERR,ERR,ERR,ERR,ERR,ERR,ERR,ERR,ERR,ERR,ERR,ERR,ERR,ERR,ERR,ERR,ERR,ERR,ERR,ERR,ERR,ERR,ERR,ERR,ERR,ERR,ERR,ERR,ERR,ERR,ERR,ERR,ERR,ERR,ERR,ERR,ERR,ERR,34.0,80.0,35,0.0,0.0,0.0,0.0,0.0,0.0,0.0,0.0,0.0,0.0,0.0,0.0,0.0,0.0,0.0,0.0,66.4,0,121,58,54,65476,0,300,0,0,8,20529,65476,0,0,57672,80.0,0.0,0.0,0.0,0.0,0.0
2026-06-18T02:02:08,ERR,ERR,ERR,ERR,ERR,ERR,ERR,ERR,ERR,ERR,ERR,ERR,ERR,ERR,ERR,ERR,ERR,ERR,ERR,ERR,ERR,ERR,ERR,ERR,ERR,ERR,ERR,ERR,ERR,ERR,ERR,ERR,ERR,ERR,ERR,ERR,ERR,ERR,ERR,ERR,ERR,ERR,ERR,ERR,ERR,ERR,ERR,ERR,ERR,ERR,ERR,ERR,ERR,ERR,ERR,ERR,ERR,ERR,ERR,ERR,ERR,ERR,ERR,ERR,ERR,ERR,ERR,ERR,ERR,ERR,ERR,ERR,ERR,ERR,ERR,ERR,ERR,ERR,ERR,ERR,ERR,ERR,ERR,ERR,ERR,ERR,ERR,ERR,ERR,ERR,ERR,ERR,ERR,ERR,ERR,ERR,ERR,ERR,ERR,ERR,ERR,ERR,ERR,ERR,ERR,ERR,ERR,ERR,ERR,ERR,ERR,ERR,ERR,ERR,ERR,ERR,ERR,ERR,ERR,ERR,ERR,ERR,ERR,ERR,ERR,-107615400.0,-107615392.0,0.0,0.059,0.0,1.3936040501711995e+18,7.805,-0.0,0,0,4,48861,6720,14723890282496.0,100,0.0,0.0,0.0,0.059,0.0,0,0,0,0,0.0,0,0,0,0,0,0,0,0,0,0,0,0,0,0,0,0,0,0,0,0,0,0,0,0,0,0,0,0,0,0,0,0,0,26,51,50,76,65476,0,300,0,0,8,21553,0.0,-107605600.0,0.0,0.0,0.0,0.0,0.0,0.0,0.0,0.0,0.0,0.0,0.0,0.0,0.0,0.0,0.0,0.0,0.0,0.0,0.0,0.0,2.004,0.0,-0.0,0.0,0.0,0.0,0.0,0.0,4724.0,2.004,7304.0,-107615400.0,0.0,0.0,-0.0,0.0,0.0,0.0,0.0,77,0.0,-0.0,0.0,0.0,0.0,0.0,0.0,0.0,0.0,0,0,0,0.0,0.0,0.0,0.0,0.0,0.0,0.0,0.0,0.0,0.0,0.0,0.0,0.0,0.0,0.0,0.0,0,-107875648.0,77,0.0,154,0.0,2.6533922776413385e+23,ERR,ERR,ERR,ERR,ERR,ERR,ERR,ERR,ERR,ERR,ERR,ERR,ERR,ERR,ERR,ERR,ERR,ERR,ERR,ERR,ERR,ERR,ERR,ERR,ERR,ERR,ERR,ERR,ERR,ERR,ERR,ERR,ERR,ERR,ERR,ERR,ERR,ERR,ERR,ERR,ERR,ERR,ERR,ERR,ERR,ERR,ERR,ERR,ERR,ERR,ERR,ERR,ERR,ERR,ERR,ERR,ERR,ERR,ERR,ERR,ERR,ERR,ERR,ERR,ERR,ERR,ERR,34.0,80.0,35,0.0,0.0,0.0,0.0,0.0,0.0,0.0,0.0,0.0,0.0,0.0,0.0,0.0,0.0,0.0,0.0,66.0,0,121,58,54,65476,0,300,0,0,8,20529,65476,0,0,57672,80.0,0.0,0.0,0.0,0.0,0.0
2026-06-18T02:02:09,ERR,ERR,ERR,ERR,ERR,ERR,ERR,ERR,ERR,ERR,ERR,ERR,ERR,ERR,ERR,ERR,ERR,ERR,ERR,ERR,ERR,ERR,ERR,ERR,ERR,ERR,ERR,ERR,ERR,ERR,ERR,ERR,ERR,ERR,ERR,ERR,ERR,ERR,ERR,ERR,ERR,ERR,ERR,ERR,ERR,ERR,ERR,ERR,ERR,ERR,ERR,ERR,ERR,ERR,ERR,ERR,ERR,ERR,ERR,ERR,ERR,ERR,ERR,ERR,ERR,ERR,ERR,ERR,ERR,ERR,ERR,ERR,ERR,ERR,ERR,ERR,ERR,ERR,ERR,ERR,ERR,ERR,ERR,ERR,ERR,ERR,ERR,ERR,ERR,ERR,ERR,ERR,ERR,ERR,ERR,ERR,ERR,ERR,ERR,ERR,ERR,ERR,ERR,ERR,ERR,ERR,ERR,ERR,ERR,ERR,ERR,ERR,ERR,ERR,ERR,ERR,ERR,ERR,ERR,ERR,ERR,ERR,ERR,ERR,ERR,-107615400.0,-107615392.0,0.0,0.059,0.0,1.3936040501711995e+18,7.805,-0.0,0,0,4,48861,6720,14723890282496.0,100,0.0,0.0,0.0,0.059,0.0,0,0,0,0,0.0,0,0,0,0,0,0,0,0,0,0,0,0,0,0,0,0,0,0,0,0,0,0,0,0,0,0,0,0,0,0,0,0,0,26,51,50,76,65476,0,300,0,0,8,21553,0.0,-107605600.0,0.0,0.0,0.0,0.0,0.0,0.0,0.0,0.0,0.0,0.0,0.0,0.0,0.0,0.0,0.0,0.0,0.0,0.0,0.0,0.0,2.004,0.0,-0.0,0.0,0.0,0.0,0.0,0.0,4724.0,2.004,7304.0,-107615400.0,0.0,0.0,-0.0,0.0,0.0,0.0,0.0,77,0.0,-0.0,0.0,0.0,0.0,0.0,0.0,0.0,0.0,0,0,0,0.0,0.0,0.0,0.0,0.0,0.0,0.0,0.0,0.0,0.0,0.0,0.0,0.0,0.0,0.0,0.0,0,-107875648.0,77,0.0,154,0.0,2.6533922776413385e+23,ERR,ERR,ERR,ERR,ERR,ERR,ERR,ERR,ERR,ERR,ERR,ERR,ERR,ERR,ERR,ERR,ERR,ERR,ERR,ERR,ERR,ERR,ERR,ERR,ERR,ERR,ERR,ERR,ERR,ERR,ERR,ERR,ERR,ERR,ERR,ERR,ERR,ERR,ERR,ERR,ERR,ERR,ERR,ERR,ERR,ERR,ERR,ERR,ERR,ERR,ERR,ERR,ERR,ERR,ERR,ERR,ERR,ERR,ERR,ERR,ERR,ERR,ERR,ERR,ERR,ERR,ERR,34.0,80.0,35,0.0,0.0,0.0,0.0,0.0,0.0,0.0,0.0,0.0,0.0,0.0,0.0,0.0,0.0,0.0,0.0,66.0,0,121,58,54,65476,0,300,0,0,8,20529,65476,0,0,57672,80.0,0.0,0.0,0.0,0.0,0.0
2026-06-18T02:02:10,ERR,ERR,ERR,ERR,ERR,ERR,ERR,ERR,ERR,ERR,ERR,ERR,ERR,ERR,ERR,ERR,ERR,ERR,ERR,ERR,ERR,ERR,ERR,ERR,ERR,ERR,ERR,ERR,ERR,ERR,ERR,ERR,ERR,ERR,ERR,ERR,ERR,ERR,ERR,ERR,ERR,ERR,ERR,ERR,ERR,ERR,ERR,ERR,ERR,ERR,ERR,ERR,ERR,ERR,ERR,ERR,ERR,ERR,ERR,ERR,ERR,ERR,ERR,ERR,ERR,ERR,ERR,ERR,ERR,ERR,ERR,ERR,ERR,ERR,ERR,ERR,ERR,ERR,ERR,ERR,ERR,ERR,ERR,ERR,ERR,ERR,ERR,ERR,ERR,ERR,ERR,ERR,ERR,ERR,ERR,ERR,ERR,ERR,ERR,ERR,ERR,ERR,ERR,ERR,ERR,ERR,ERR,ERR,ERR,ERR,ERR,ERR,ERR,ERR,ERR,ERR,ERR,ERR,ERR,ERR,ERR,ERR,ERR,ERR,ERR,-107615400.0,-107615392.0,0.0,0.059,0.0,1.3936040501711995e+18,7.805,-0.0,0,0,4,48861,6720,14723890282496.0,100,0.0,0.0,0.0,0.059,0.0,0,0,0,0,0.0,0,0,0,0,0,0,0,0,0,0,0,0,0,0,0,0,0,0,0,0,0,0,0,0,0,0,0,0,0,0,0,0,0,26,51,50,76,65476,0,300,0,0,8,21553,0.0,-107605600.0,0.0,0.0,0.0,0.0,0.0,0.0,0.0,0.0,0.0,0.0,0.0,0.0,0.0,0.0,0.0,0.0,0.0,0.0,0.0,0.0,2.004,0.0,-0.0,0.0,0.0,0.0,0.0,0.0,4724.0,2.004,7304.0,-107615400.0,0.0,0.0,-0.0,0.0,0.0,0.0,0.0,77,0.0,-0.0,0.0,0.0,0.0,0.0,0.0,0.0,0.0,0,0,0,0.0,0.0,0.0,0.0,0.0,0.0,0.0,0.0,0.0,0.0,0.0,0.0,0.0,0.0,0.0,0.0,0,-107875648.0,77,0.0,154,0.0,2.6533922776413385e+23,ERR,ERR,ERR,ERR,ERR,ERR,ERR,ERR,ERR,ERR,ERR,ERR,ERR,ERR,ERR,ERR,ERR,ERR,ERR,ERR,ERR,ERR,ERR,ERR,ERR,ERR,ERR,ERR,ERR,ERR,ERR,ERR,ERR,ERR,ERR,ERR,ERR,ERR,ERR,ERR,ERR,ERR,ERR,ERR,ERR,ERR,ERR,ERR,ERR,ERR,ERR,ERR,ERR,ERR,ERR,ERR,ERR,ERR,ERR,ERR,ERR,ERR,ERR,ERR,ERR,ERR,ERR,34.0,80.0,35,0.0,0.0,0.0,0.0,0.0,0.0,0.0,0.0,0.0,0.0,0.0,0.0,0.0,0.0,0.0,0.0,66.0,0,121,58,54,65476,0,300,0,0,8,20529,65476,0,0,57672,80.0,0.0,0.0,0.0,0.0,0.0
2026-06-18T02:02:11,ERR,ERR,ERR,ERR,ERR,ERR,ERR,ERR,ERR,ERR,ERR,ERR,ERR,ERR,ERR,ERR,ERR,ERR,ERR,ERR,ERR,ERR,ERR,ERR,ERR,ERR,ERR,ERR,ERR,ERR,ERR,ERR,ERR,ERR,ERR,ERR,ERR,ERR,ERR,ERR,ERR,ERR,ERR,ERR,ERR,ERR,ERR,ERR,ERR,ERR,ERR,ERR,ERR,ERR,ERR,ERR,ERR,ERR,ERR,ERR,ERR,ERR,ERR,ERR,ERR,ERR,ERR,ERR,ERR,ERR,ERR,ERR,ERR,ERR,ERR,ERR,ERR,ERR,ERR,ERR,ERR,ERR,ERR,ERR,ERR,ERR,ERR,ERR,ERR,ERR,ERR,ERR,ERR,ERR,ERR,ERR,ERR,ERR,ERR,ERR,ERR,ERR,ERR,ERR,ERR,ERR,ERR,ERR,ERR,ERR,ERR,ERR,ERR,ERR,ERR,ERR,ERR,ERR,ERR,ERR,ERR,ERR,ERR,ERR,ERR,-107615400.0,-107615392.0,0.0,0.059,0.0,1.3936040501711995e+18,7.805,-0.0,0,0,4,48861,6720,14723890282496.0,100,0.0,0.0,0.0,0.059,0.0,0,0,0,0,0.0,0,0,0,0,0,0,0,0,0,0,0,0,0,0,0,0,0,0,0,0,0,0,0,0,0,0,0,0,0,0,0,0,0,26,51,50,76,65476,0,300,0,0,8,21553,0.0,-107605600.0,0.0,0.0,0.0,0.0,0.0,0.0,0.0,0.0,0.0,0.0,0.0,0.0,0.0,0.0,0.0,0.0,0.0,0.0,0.0,0.0,2.004,0.0,-0.0,0.0,0.0,0.0,0.0,0.0,4724.0,2.004,7304.0,-107615400.0,0.0,0.0,-0.0,0.0,0.0,0.0,0.0,77,0.0,-0.0,0.0,0.0,0.0,0.0,0.0,0.0,0.0,0,0,0,0.0,0.0,0.0,0.0,0.0,0.0,0.0,0.0,0.0,0.0,0.0,0.0,0.0,0.0,0.0,0.0,0,-107875648.0,77,0.0,154,0.0,2.6533922776413385e+23,ERR,ERR,ERR,ERR,ERR,ERR,ERR,ERR,ERR,ERR,ERR,ERR,ERR,ERR,ERR,ERR,ERR,ERR,ERR,ERR,ERR,ERR,ERR,ERR,ERR,ERR,ERR,ERR,ERR,ERR,ERR,ERR,ERR,ERR,ERR,ERR,ERR,ERR,ERR,ERR,ERR,ERR,ERR,ERR,ERR,ERR,ERR,ERR,ERR,ERR,ERR,ERR,ERR,ERR,ERR,ERR,ERR,ERR,ERR,ERR,ERR,ERR,ERR,ERR,ERR,ERR,ERR,34.0,80.0,35,0.0,0.0,0.0,0.0,0.0,0.0,0.0,0.0,0.0,0.0,0.0,0.0,0.0,0.0,0.0,0.0,66.0,0,121,58,54,65476,0,300,0,0,8,20529,65476,0,0,57672,80.0,0.0,0.0,0.0,0.0,0.0
2026-06-18T02:02:12,ERR,ERR,ERR,ERR,ERR,ERR,ERR,ERR,ERR,ERR,ERR,ERR,ERR,ERR,ERR,ERR,ERR,ERR,ERR,ERR,ERR,ERR,ERR,ERR,ERR,ERR,ERR,ERR,ERR,ERR,ERR,ERR,ERR,ERR,ERR,ERR,ERR,ERR,ERR,ERR,ERR,ERR,ERR,ERR,ERR,ERR,ERR,ERR,ERR,ERR,ERR,ERR,ERR,ERR,ERR,ERR,ERR,ERR,ERR,ERR,ERR,ERR,ERR,ERR,ERR,ERR,ERR,ERR,ERR,ERR,ERR,ERR,ERR,ERR,ERR,ERR,ERR,ERR,ERR,ERR,ERR,ERR,ERR,ERR,ERR,ERR,ERR,ERR,ERR,ERR,ERR,ERR,ERR,ERR,ERR,ERR,ERR,ERR,ERR,ERR,ERR,ERR,ERR,ERR,ERR,ERR,ERR,ERR,ERR,ERR,ERR,ERR,ERR,ERR,ERR,ERR,ERR,ERR,ERR,ERR,ERR,ERR,ERR,ERR,ERR,-107615400.0,-107615392.0,0.0,0.059,0.0,1.3936040501711995e+18,7.805,-0.0,0,0,4,48861,6720,14723890282496.0,100,0.0,0.0,0.0,0.059,0.0,0,0,0,0,0.0,0,0,0,0,0,0,0,0,0,0,0,0,0,0,0,0,0,0,0,0,0,0,0,0,0,0,0,0,0,0,0,0,0,26,51,50,76,65476,0,300,0,0,8,21553,0.0,-107605600.0,0.0,0.0,0.0,0.0,0.0,0.0,0.0,0.0,0.0,0.0,0.0,0.0,0.0,0.0,0.0,0.0,0.0,0.0,0.0,0.0,2.004,0.0,-0.0,0.0,0.0,0.0,0.0,0.0,4724.0,2.004,7304.0,-107615400.0,0.0,0.0,-0.0,0.0,0.0,0.0,0.0,77,0.0,-0.0,0.0,0.0,0.0,0.0,0.0,0.0,0.0,0,0,0,0.0,0.0,0.0,0.0,0.0,0.0,0.0,0.0,0.0,0.0,0.0,0.0,0.0,0.0,0.0,0.0,0,-107875648.0,77,0.0,154,0.0,2.6533922776413385e+23,ERR,ERR,ERR,ERR,ERR,ERR,ERR,ERR,ERR,ERR,ERR,ERR,ERR,ERR,ERR,ERR,ERR,ERR,ERR,ERR,ERR,ERR,ERR,ERR,ERR,ERR,ERR,ERR,ERR,ERR,ERR,ERR,ERR,ERR,ERR,ERR,ERR,ERR,ERR,ERR,ERR,ERR,ERR,ERR,ERR,ERR,ERR,ERR,ERR,ERR,ERR,ERR,ERR,ERR,ERR,ERR,ERR,ERR,ERR,ERR,ERR,ERR,ERR,ERR,ERR,ERR,ERR,34.0,80.0,35,0.0,0.0,0.0,0.0,0.0,0.0,0.0,0.0,0.0,0.0,0.0,0.0,0.0,0.0,0.0,0.0,66.0,0,121,58,54,65476,0,300,0,0,8,20529,65476,0,0,57672,80.0,0.0,0.0,0.0,0.0,0.0
2026-06-18T02:02:13,ERR,ERR,ERR,ERR,ERR,ERR,ERR,ERR,ERR,ERR,ERR,ERR,ERR,ERR,ERR,ERR,ERR,ERR,ERR,ERR,ERR,ERR,ERR,ERR,ERR,ERR,ERR,ERR,ERR,ERR,ERR,ERR,ERR,ERR,ERR,ERR,ERR,ERR,ERR,ERR,ERR,ERR,ERR,ERR,ERR,ERR,ERR,ERR,ERR,ERR,ERR,ERR,ERR,ERR,ERR,ERR,ERR,ERR,ERR,ERR,ERR,ERR,ERR,ERR,ERR,ERR,ERR,ERR,ERR,ERR,ERR,ERR,ERR,ERR,ERR,ERR,ERR,ERR,ERR,ERR,ERR,ERR,ERR,ERR,ERR,ERR,ERR,ERR,ERR,ERR,ERR,ERR,ERR,ERR,ERR,ERR,ERR,ERR,ERR,ERR,ERR,ERR,ERR,ERR,ERR,ERR,ERR,ERR,ERR,ERR,ERR,ERR,ERR,ERR,ERR,ERR,ERR,ERR,ERR,ERR,ERR,ERR,ERR,ERR,ERR,-107615400.0,0.0,-134999232.0,-4.9501291711397626e+32,0.0,1.3936040501711995e+18,7.805,51974472.0,0,0,4,48898,6720,14723890282496.0,100,0.0,0.0,0.0,-152005385388032.0,0.0,0,0,0,0,0.0,0,0,0,0,0,0,0,0,0,0,0,0,0,0,0,0,0,0,0,0,0,0,0,0,0,0,0,0,0,0,0,0,0,26,51,50,76,65476,0,300,0,0,8,21553,0.0,-107605600.0,0.0,0.0,0.0,0.0,0.0,0.0,0.0,0.0,0.0,0.0,0.0,0.0,0.0,0.0,0.0,0.0,0.0,0.0,0.0,0.0,2.004,2.004,-0.0,0.0,0.0,0.0,0.0,0.0,4724.0,0.0,7301.0,-107615400.0,-107615392.0,0.0,-0.0,0.0,0.0,0.0,0.0,77,0.0,1.9056838611828736e+17,0.0,0.0,0.0,0.0,0.0,0.0,0.0,0,0,0,0.0,0.0,0.0,0.0,0.0,0.0,0.0,0.0,0.0,0.0,0.0,0.0,0.0,0.0,0.0,0.0,0,-107875648.0,77,0.0,154,0.0,2.6533922776413385e+23,ERR,ERR,ERR,ERR,ERR,ERR,ERR,ERR,ERR,ERR,ERR,ERR,ERR,ERR,ERR,ERR,ERR,ERR,ERR,ERR,ERR,ERR,ERR,ERR,ERR,ERR,ERR,ERR,ERR,ERR,ERR,ERR,ERR,ERR,ERR,ERR,ERR,ERR,ERR,ERR,ERR,ERR,ERR,ERR,ERR,ERR,ERR,ERR,ERR,ERR,ERR,ERR,ERR,ERR,ERR,ERR,ERR,ERR,ERR,ERR,ERR,ERR,ERR,ERR,ERR,ERR,ERR,34.0,80.0,35,0.0,0.0,0.0,0.0,0.0,0.0,0.0,0.0,0.0,0.0,0.0,0.0,0.0,0.0,0.0,0.0,66.0,0,121,58,54,65476,0,300,0,0,8,20529,65476,0,0,57672,80.0,0.0,0.0,0.0,0.0,0.0
2026-06-18T02:02:14,ERR,ERR,ERR,ERR,ERR,ERR,ERR,ERR,ERR,ERR,ERR,ERR,ERR,ERR,ERR,ERR,ERR,ERR,ERR,ERR,ERR,ERR,ERR,ERR,ERR,ERR,ERR,ERR,ERR,ERR,ERR,ERR,ERR,ERR,ERR,ERR,ERR,ERR,ERR,ERR,ERR,ERR,ERR,ERR,ERR,ERR,ERR,ERR,ERR,ERR,ERR,ERR,ERR,ERR,ERR,ERR,ERR,ERR,ERR,ERR,ERR,ERR,ERR,ERR,ERR,ERR,ERR,ERR,ERR,ERR,ERR,ERR,ERR,ERR,ERR,ERR,ERR,ERR,ERR,ERR,ERR,ERR,ERR,ERR,ERR,ERR,ERR,ERR,ERR,ERR,ERR,ERR,ERR,ERR,ERR,ERR,ERR,ERR,ERR,ERR,ERR,ERR,ERR,ERR,ERR,ERR,ERR,ERR,ERR,ERR,ERR,ERR,ERR,ERR,ERR,ERR,ERR,ERR,ERR,ERR,ERR,ERR,ERR,ERR,ERR,-107615400.0,0.0,-134999232.0,-4.9501291711397626e+32,0.0,1.3936040501711995e+18,7.805,51974472.0,0,0,4,48898,6720,14723890282496.0,100,0.0,0.0,0.0,-152005385388032.0,0.0,0,0,0,0,0.0,0,0,0,0,0,0,0,0,0,0,0,0,0,0,0,0,0,0,0,0,0,0,0,0,0,0,0,0,0,0,0,0,0,26,51,50,76,65476,0,300,0,0,8,21553,0.0,-107605600.0,0.0,0.0,0.0,0.0,0.0,0.0,0.0,0.0,0.0,0.0,0.0,0.0,0.0,0.0,0.0,0.0,0.0,0.0,0.0,0.0,2.004,2.004,-0.0,0.0,0.0,0.0,0.0,0.0,4724.0,0.0,7301.0,-107615400.0,-107615392.0,0.0,-0.0,0.0,0.0,0.0,0.0,77,0.0,1.9056838611828736e+17,0.0,0.0,0.0,0.0,0.0,0.0,0.0,0,0,0,0.0,0.0,0.0,0.0,0.0,0.0,0.0,0.0,0.0,0.0,0.0,0.0,0.0,0.0,0.0,0.0,0,-107875648.0,77,0.0,154,0.0,2.6533922776413385e+23,ERR,ERR,ERR,ERR,ERR,ERR,ERR,ERR,ERR,ERR,ERR,ERR,ERR,ERR,ERR,ERR,ERR,ERR,ERR,ERR,ERR,ERR,ERR,ERR,ERR,ERR,ERR,ERR,ERR,ERR,ERR,ERR,ERR,ERR,ERR,ERR,ERR,ERR,ERR,ERR,ERR,ERR,ERR,ERR,ERR,ERR,ERR,ERR,ERR,ERR,ERR,ERR,ERR,ERR,ERR,ERR,ERR,ERR,ERR,ERR,ERR,ERR,ERR,ERR,ERR,ERR,ERR,34.0,80.0,35,0.0,0.0,0.0,0.0,0.0,0.0,0.0,0.0,0.0,0.0,0.0,0.0,0.0,0.0,0.0,0.0,66.0,0,121,58,54,65476,0,300,0,0,8,20529,65476,0,0,57672,80.0,0.0,0.0,0.0,0.0,0.0
2026-06-18T02:02:15,ERR,ERR,ERR,ERR,ERR,ERR,ERR,ERR,ERR,ERR,ERR,ERR,ERR,ERR,ERR,ERR,ERR,ERR,ERR,ERR,ERR,ERR,ERR,ERR,ERR,ERR,ERR,ERR,ERR,ERR,ERR,ERR,ERR,ERR,ERR,ERR,ERR,ERR,ERR,ERR,ERR,ERR,ERR,ERR,ERR,ERR,ERR,ERR,ERR,ERR,ERR,ERR,ERR,ERR,ERR,ERR,ERR,ERR,ERR,ERR,ERR,ERR,ERR,ERR,ERR,ERR,ERR,ERR,ERR,ERR,ERR,ERR,ERR,ERR,ERR,ERR,ERR,ERR,ERR,ERR,ERR,ERR,ERR,ERR,ERR,ERR,ERR,ERR,ERR,ERR,ERR,ERR,ERR,ERR,ERR,ERR,ERR,ERR,ERR,ERR,ERR,ERR,ERR,ERR,ERR,ERR,ERR,ERR,ERR,ERR,ERR,ERR,ERR,ERR,ERR,ERR,ERR,ERR,ERR,ERR,ERR,ERR,ERR,ERR,ERR,-107615400.0,0.0,-134999232.0,-4.9501291711397626e+32,0.0,1.3936040501711995e+18,7.805,51974472.0,0,0,4,48898,6720,14723890282496.0,100,0.0,0.0,0.0,-152005385388032.0,0.0,0,0,0,0,0.0,0,0,0,0,0,0,0,0,0,0,0,0,0,0,0,0,0,0,0,0,0,0,0,0,0,0,0,0,0,0,0,0,0,26,51,50,76,65476,0,300,0,0,8,21553,0.0,-107605600.0,0.0,0.0,0.0,0.0,0.0,0.0,0.0,0.0,0.0,0.0,0.0,0.0,0.0,0.0,0.0,0.0,0.0,0.0,0.0,0.0,2.004,2.004,-0.0,0.0,0.0,0.0,0.0,0.0,4724.0,0.0,7301.0,-107615400.0,-107615392.0,0.0,-0.0,0.0,0.0,0.0,0.0,77,0.0,1.9056838611828736e+17,0.0,0.0,0.0,0.0,0.0,0.0,0.0,0,0,0,0.0,0.0,0.0,0.0,0.0,0.0,0.0,0.0,0.0,0.0,0.0,0.0,0.0,0.0,0.0,0.0,0,-107875648.0,77,0.0,154,0.0,2.6533922776413385e+23,ERR,ERR,ERR,ERR,ERR,ERR,ERR,ERR,ERR,ERR,ERR,ERR,ERR,ERR,ERR,ERR,ERR,ERR,ERR,ERR,ERR,ERR,ERR,ERR,ERR,ERR,ERR,ERR,ERR,ERR,ERR,ERR,ERR,ERR,ERR,ERR,ERR,ERR,ERR,ERR,ERR,ERR,ERR,ERR,ERR,ERR,ERR,ERR,ERR,ERR,ERR,ERR,ERR,ERR,ERR,ERR,ERR,ERR,ERR,ERR,ERR,ERR,ERR,ERR,ERR,ERR,ERR,34.0,80.0,35,0.0,0.0,0.0,0.0,0.0,0.0,0.0,0.0,0.0,0.0,0.0,0.0,0.0,0.0,0.0,0.0,66.4,0,121,58,54,65476,0,300,0,0,8,20529,65476,0,0,57672,80.0,0.0,0.0,0.0,0.0,0.0
2026-06-18T02:02:16,ERR,ERR,ERR,ERR,ERR,ERR,ERR,ERR,ERR,ERR,ERR,ERR,ERR,ERR,ERR,ERR,ERR,ERR,ERR,ERR,ERR,ERR,ERR,ERR,ERR,ERR,ERR,ERR,ERR,ERR,ERR,ERR,ERR,ERR,ERR,ERR,ERR,ERR,ERR,ERR,ERR,ERR,ERR,ERR,ERR,ERR,ERR,ERR,ERR,ERR,ERR,ERR,ERR,ERR,ERR,ERR,ERR,ERR,ERR,ERR,ERR,ERR,ERR,ERR,ERR,ERR,ERR,ERR,ERR,ERR,ERR,ERR,ERR,ERR,ERR,ERR,ERR,ERR,ERR,ERR,ERR,ERR,ERR,ERR,ERR,ERR,ERR,ERR,ERR,ERR,ERR,ERR,ERR,ERR,ERR,ERR,ERR,ERR,ERR,ERR,ERR,ERR,ERR,ERR,ERR,ERR,ERR,ERR,ERR,ERR,ERR,ERR,ERR,ERR,ERR,ERR,ERR,ERR,ERR,ERR,ERR,ERR,ERR,ERR,ERR,-107615400.0,0.0,-134999232.0,-4.9501291711397626e+32,0.0,1.3936040501711995e+18,7.805,51974472.0,0,0,4,48898,6720,14723890282496.0,100,0.0,0.0,0.0,-152005385388032.0,0.0,0,0,0,0,0.0,0,0,0,0,0,0,0,0,0,0,0,0,0,0,0,0,0,0,0,0,0,0,0,0,0,0,0,0,0,0,0,0,0,26,51,50,76,65476,0,300,0,0,8,21553,0.0,-107605600.0,0.0,0.0,0.0,0.0,0.0,0.0,0.0,0.0,0.0,0.0,0.0,0.0,0.0,0.0,0.0,0.0,0.0,0.0,0.0,0.0,2.004,2.004,-0.0,0.0,0.0,0.0,0.0,0.0,4724.0,0.0,7301.0,-107615400.0,-107615392.0,0.0,-0.0,0.0,0.0,0.0,0.0,77,0.0,1.9056838611828736e+17,0.0,0.0,0.0,0.0,0.0,0.0,0.0,0,0,0,0.0,0.0,0.0,0.0,0.0,0.0,0.0,0.0,0.0,0.0,0.0,0.0,0.0,0.0,0.0,0.0,0,-107875648.0,77,0.0,154,0.0,2.6533922776413385e+23,ERR,ERR,ERR,ERR,ERR,ERR,ERR,ERR,ERR,ERR,ERR,ERR,ERR,ERR,ERR,ERR,ERR,ERR,ERR,ERR,ERR,ERR,ERR,ERR,ERR,ERR,ERR,ERR,ERR,ERR,ERR,ERR,ERR,ERR,ERR,ERR,ERR,ERR,ERR,ERR,ERR,ERR,ERR,ERR,ERR,ERR,ERR,ERR,ERR,ERR,ERR,ERR,ERR,ERR,ERR,ERR,ERR,ERR,ERR,ERR,ERR,ERR,ERR,ERR,ERR,ERR,ERR,34.0,80.0,35,0.0,0.0,0.0,0.0,0.0,0.0,0.0,0.0,0.0,0.0,0.0,0.0,0.0,0.0,0.0,0.0,66.4,0,121,58,54,65476,0,300,0,0,8,20529,65476,0,0,57672,80.0,0.0,0.0,0.0,0.0,0.0
2026-06-18T02:02:17,ERR,ERR,ERR,ERR,ERR,ERR,ERR,ERR,ERR,ERR,ERR,ERR,ERR,ERR,ERR,ERR,ERR,ERR,ERR,ERR,ERR,ERR,ERR,ERR,ERR,ERR,ERR,ERR,ERR,ERR,ERR,ERR,ERR,ERR,ERR,ERR,ERR,ERR,ERR,ERR,ERR,ERR,ERR,ERR,ERR,ERR,ERR,ERR,ERR,ERR,ERR,ERR,ERR,ERR,ERR,ERR,ERR,ERR,ERR,ERR,ERR,ERR,ERR,ERR,ERR,ERR,ERR,ERR,ERR,ERR,ERR,ERR,ERR,ERR,ERR,ERR,ERR,ERR,ERR,ERR,ERR,ERR,ERR,ERR,ERR,ERR,ERR,ERR,ERR,ERR,ERR,ERR,ERR,ERR,ERR,ERR,ERR,ERR,ERR,ERR,ERR,ERR,ERR,ERR,ERR,ERR,ERR,ERR,ERR,ERR,ERR,ERR,ERR,ERR,ERR,ERR,ERR,ERR,ERR,ERR,ERR,ERR,ERR,ERR,ERR,-107615400.0,0.0,-134999232.0,-4.9501291711397626e+32,0.0,1.3936040501711995e+18,7.805,51974472.0,0,0,4,48898,6720,14723890282496.0,100,0.0,0.0,0.0,-152005385388032.0,0.0,0,0,0,0,0.0,0,0,0,0,0,0,0,0,0,0,0,0,0,0,0,0,0,0,0,0,0,0,0,0,0,0,0,0,0,0,0,0,0,26,51,50,76,65476,0,300,0,0,8,21553,0.0,-107605600.0,0.0,0.0,0.0,0.0,0.0,0.0,0.0,0.0,0.0,0.0,0.0,0.0,0.0,0.0,0.0,0.0,0.0,0.0,0.0,0.0,2.004,2.004,-0.0,0.0,0.0,0.0,0.0,0.0,4724.0,0.0,7301.0,-107615400.0,-107615392.0,0.0,-0.0,0.0,0.0,0.0,0.0,77,0.0,1.9056838611828736e+17,0.0,0.0,0.0,0.0,0.0,0.0,0.0,0,0,0,0.0,0.0,0.0,0.0,0.0,0.0,0.0,0.0,0.0,0.0,0.0,0.0,0.0,0.0,0.0,0.0,0,-107875648.0,77,0.0,154,0.0,2.6533922776413385e+23,ERR,ERR,ERR,ERR,ERR,ERR,ERR,ERR,ERR,ERR,ERR,ERR,ERR,ERR,ERR,ERR,ERR,ERR,ERR,ERR,ERR,ERR,ERR,ERR,ERR,ERR,ERR,ERR,ERR,ERR,ERR,ERR,ERR,ERR,ERR,ERR,ERR,ERR,ERR,ERR,ERR,ERR,ERR,ERR,ERR,ERR,ERR,ERR,ERR,ERR,ERR,ERR,ERR,ERR,ERR,ERR,ERR,ERR,ERR,ERR,ERR,ERR,ERR,ERR,ERR,ERR,ERR,34.0,80.0,35,0.0,0.0,0.0,0.0,0.0,0.0,0.0,0.0,0.0,0.0,0.0,0.0,0.0,0.0,0.0,0.0,66.0,0,121,58,54,65476,0,300,0,0,8,20529,65476,0,0,57672,80.0,0.0,0.0,0.0,0.0,0.0
2026-06-18T02:02:18,ERR,ERR,ERR,ERR,ERR,ERR,ERR,ERR,ERR,ERR,ERR,ERR,ERR,ERR,ERR,ERR,ERR,ERR,ERR,ERR,ERR,ERR,ERR,ERR,ERR,ERR,ERR,ERR,ERR,ERR,ERR,ERR,ERR,ERR,ERR,ERR,ERR,ERR,ERR,ERR,ERR,ERR,ERR,ERR,ERR,ERR,ERR,ERR,ERR,ERR,ERR,ERR,ERR,ERR,ERR,ERR,ERR,ERR,ERR,ERR,ERR,ERR,ERR,ERR,ERR,ERR,ERR,ERR,ERR,ERR,ERR,ERR,ERR,ERR,ERR,ERR,ERR,ERR,ERR,ERR,ERR,ERR,ERR,ERR,ERR,ERR,ERR,ERR,ERR,ERR,ERR,ERR,ERR,ERR,ERR,ERR,ERR,ERR,ERR,ERR,ERR,ERR,ERR,ERR,ERR,ERR,ERR,ERR,ERR,ERR,ERR,ERR,ERR,ERR,ERR,ERR,ERR,ERR,ERR,ERR,ERR,ERR,ERR,ERR,ERR,-107615400.0,-107615392.0,0.0,-0.0,-0.0,1.3936040501711995e+18,7.805,0.0,0,0,4,48848,6720,14723890282496.0,100,0.0,0.0,0.0,-0.0,0.0,0,0,0,0,0.0,0,0,0,0,0,0,0,0,0,0,0,0,0,0,0,0,0,0,0,0,0,0,0,0,0,0,0,0,0,0,0,0,0,26,51,50,76,65476,0,300,0,0,8,21553,0.0,-107605600.0,0.0,0.0,0.0,0.0,0.0,0.0,0.0,0.0,0.0,0.0,0.0,0.0,0.0,0.0,0.0,0.0,0.0,0.0,0.0,0.0,2.004,2.004,-0.0,0.0,0.0,0.0,0.0,0.0,4725.0,131350.297,7305.0,-107615400.0,-107615392.0,0.0,-0.0,0.0,0.0,0.0,0.0,77,0.0,-0.0,0.0,0.0,0.0,0.0,0.0,0.0,0.0,0,0,0,0.0,0.0,0.0,0.0,0.0,0.0,0.0,0.0,0.0,0.0,0.0,0.0,0.0,0.0,0.0,0.0,0,-107875648.0,77,0.0,154,0.0,2.6533922776413385e+23,ERR,ERR,ERR,ERR,ERR,ERR,ERR,ERR,ERR,ERR,ERR,ERR,ERR,ERR,ERR,ERR,ERR,ERR,ERR,ERR,ERR,ERR,ERR,ERR,ERR,ERR,ERR,ERR,ERR,ERR,ERR,ERR,ERR,ERR,ERR,ERR,ERR,ERR,ERR,ERR,ERR,ERR,ERR,ERR,ERR,ERR,ERR,ERR,ERR,ERR,ERR,ERR,ERR,ERR,ERR,ERR,ERR,ERR,ERR,ERR,ERR,ERR,ERR,ERR,ERR,ERR,ERR,34.0,80.0,35,0.0,0.0,0.0,0.0,0.0,0.0,0.0,0.0,0.0,0.0,0.0,0.0,0.0,0.0,0.0,0.0,66.0,0,121,58,54,65476,0,300,0,0,8,20529,65476,0,0,57672,80.0,0.0,0.0,0.0,0.0,0.0
2026-06-18T02:02:19,ERR,ERR,ERR,ERR,ERR,ERR,ERR,ERR,ERR,ERR,ERR,ERR,ERR,ERR,ERR,ERR,ERR,ERR,ERR,ERR,ERR,ERR,ERR,ERR,ERR,ERR,ERR,ERR,ERR,ERR,ERR,ERR,ERR,ERR,ERR,ERR,ERR,ERR,ERR,ERR,ERR,ERR,ERR,ERR,ERR,ERR,ERR,ERR,ERR,ERR,ERR,ERR,ERR,ERR,ERR,ERR,ERR,ERR,ERR,ERR,ERR,ERR,ERR,ERR,ERR,ERR,ERR,ERR,ERR,ERR,ERR,ERR,ERR,ERR,ERR,ERR,ERR,ERR,ERR,ERR,ERR,ERR,ERR,ERR,ERR,ERR,ERR,ERR,ERR,ERR,ERR,ERR,ERR,ERR,ERR,ERR,ERR,ERR,ERR,ERR,ERR,ERR,ERR,ERR,ERR,ERR,ERR,ERR,ERR,ERR,ERR,ERR,ERR,ERR,ERR,ERR,ERR,ERR,ERR,ERR,ERR,ERR,ERR,ERR,ERR,-107615400.0,-107615392.0,0.0,-0.0,-0.0,1.3936040501711995e+18,7.805,0.0,0,0,4,48848,6720,14723890282496.0,100,0.0,0.0,0.0,-0.0,0.0,0,0,0,0,0.0,0,0,0,0,0,0,0,0,0,0,0,0,0,0,0,0,0,0,0,0,0,0,0,0,0,0,0,0,0,0,0,0,0,26,51,50,76,65476,0,300,0,0,8,21553,0.0,-107605600.0,0.0,0.0,0.0,0.0,0.0,0.0,0.0,0.0,0.0,0.0,0.0,0.0,0.0,0.0,0.0,0.0,0.0,0.0,0.0,0.0,2.004,2.004,-0.0,0.0,0.0,0.0,0.0,0.0,4725.0,131350.297,7305.0,-107615400.0,-107615392.0,0.0,-0.0,0.0,0.0,0.0,0.0,77,0.0,-0.0,0.0,0.0,0.0,0.0,0.0,0.0,0.0,0,0,0,0.0,0.0,0.0,0.0,0.0,0.0,0.0,0.0,0.0,0.0,0.0,0.0,0.0,0.0,0.0,0.0,0,-107875648.0,77,0.0,154,0.0,2.6533922776413385e+23,ERR,ERR,ERR,ERR,ERR,ERR,ERR,ERR,ERR,ERR,ERR,ERR,ERR,ERR,ERR,ERR,ERR,ERR,ERR,ERR,ERR,ERR,ERR,ERR,ERR,ERR,ERR,ERR,ERR,ERR,ERR,ERR,ERR,ERR,ERR,ERR,ERR,ERR,ERR,ERR,ERR,ERR,ERR,ERR,ERR,ERR,ERR,ERR,ERR,ERR,ERR,ERR,ERR,ERR,ERR,ERR,ERR,ERR,ERR,ERR,ERR,ERR,ERR,ERR,ERR,ERR,ERR,34.0,80.0,35,0.0,0.0,0.0,0.0,0.0,0.0,0.0,0.0,0.0,0.0,0.0,0.0,0.0,0.0,0.0,0.0,66.0,0,121,58,54,65476,0,300,0,0,8,20529,65476,0,0,57672,80.0,0.0,0.0,0.0,0.0,0.0
2026-06-18T02:02:20,ERR,ERR,ERR,ERR,ERR,ERR,ERR,ERR,ERR,ERR,ERR,ERR,ERR,ERR,ERR,ERR,ERR,ERR,ERR,ERR,ERR,ERR,ERR,ERR,ERR,ERR,ERR,ERR,ERR,ERR,ERR,ERR,ERR,ERR,ERR,ERR,ERR,ERR,ERR,ERR,ERR,ERR,ERR,ERR,ERR,ERR,ERR,ERR,ERR,ERR,ERR,ERR,ERR,ERR,ERR,ERR,ERR,ERR,ERR,ERR,ERR,ERR,ERR,ERR,ERR,ERR,ERR,ERR,ERR,ERR,ERR,ERR,ERR,ERR,ERR,ERR,ERR,ERR,ERR,ERR,ERR,ERR,ERR,ERR,ERR,ERR,ERR,ERR,ERR,ERR,ERR,ERR,ERR,ERR,ERR,ERR,ERR,ERR,ERR,ERR,ERR,ERR,ERR,ERR,ERR,ERR,ERR,ERR,ERR,ERR,ERR,ERR,ERR,ERR,ERR,ERR,ERR,ERR,ERR,ERR,ERR,ERR,ERR,ERR,ERR,-107615400.0,-107615392.0,0.0,-0.0,-0.0,1.3936040501711995e+18,7.805,0.0,0,0,4,48848,6720,14723890282496.0,100,0.0,0.0,0.0,-0.0,0.0,0,0,0,0,0.0,0,0,0,0,0,0,0,0,0,0,0,0,0,0,0,0,0,0,0,0,0,0,0,0,0,0,0,0,0,0,0,0,0,26,51,50,76,65476,0,300,0,0,8,21553,0.0,-107605600.0,0.0,0.0,0.0,0.0,0.0,0.0,0.0,0.0,0.0,0.0,0.0,0.0,0.0,0.0,0.0,0.0,0.0,0.0,0.0,0.0,2.004,2.004,-0.0,0.0,0.0,0.0,0.0,0.0,4725.0,131350.297,7305.0,-107615400.0,-107615392.0,0.0,-0.0,0.0,0.0,0.0,0.0,77,0.0,-0.0,0.0,0.0,0.0,0.0,0.0,0.0,0.0,0,0,0,0.0,0.0,0.0,0.0,0.0,0.0,0.0,0.0,0.0,0.0,0.0,0.0,0.0,0.0,0.0,0.0,0,-107875648.0,77,0.0,154,0.0,2.6533922776413385e+23,ERR,ERR,ERR,ERR,ERR,ERR,ERR,ERR,ERR,ERR,ERR,ERR,ERR,ERR,ERR,ERR,ERR,ERR,ERR,ERR,ERR,ERR,ERR,ERR,ERR,ERR,ERR,ERR,ERR,ERR,ERR,ERR,ERR,ERR,ERR,ERR,ERR,ERR,ERR,ERR,ERR,ERR,ERR,ERR,ERR,ERR,ERR,ERR,ERR,ERR,ERR,ERR,ERR,ERR,ERR,ERR,ERR,ERR,ERR,ERR,ERR,ERR,ERR,ERR,ERR,ERR,ERR,34.0,80.0,35,0.0,0.0,0.0,0.0,0.0,0.0,0.0,0.0,0.0,0.0,0.0,0.0,0.0,0.0,0.0,0.0,66.0,0,121,58,54,65476,0,300,0,0,8,20529,65476,0,0,57672,80.0,0.0,0.0,0.0,0.0,0.0
2026-06-18T02:02:21,ERR,ERR,ERR,ERR,ERR,ERR,ERR,ERR,ERR,ERR,ERR,ERR,ERR,ERR,ERR,ERR,ERR,ERR,ERR,ERR,ERR,ERR,ERR,ERR,ERR,ERR,ERR,ERR,ERR,ERR,ERR,ERR,ERR,ERR,ERR,ERR,ERR,ERR,ERR,ERR,ERR,ERR,ERR,ERR,ERR,ERR,ERR,ERR,ERR,ERR,ERR,ERR,ERR,ERR,ERR,ERR,ERR,ERR,ERR,ERR,ERR,ERR,ERR,ERR,ERR,ERR,ERR,ERR,ERR,ERR,ERR,ERR,ERR,ERR,ERR,ERR,ERR,ERR,ERR,ERR,ERR,ERR,ERR,ERR,ERR,ERR,ERR,ERR,ERR,ERR,ERR,ERR,ERR,ERR,ERR,ERR,ERR,ERR,ERR,ERR,ERR,ERR,ERR,ERR,ERR,ERR,ERR,ERR,ERR,ERR,ERR,ERR,ERR,ERR,ERR,ERR,ERR,ERR,ERR,ERR,ERR,ERR,ERR,ERR,ERR,-107615400.0,-107615392.0,0.0,-0.0,-0.0,1.3936040501711995e+18,7.805,0.0,0,0,4,48848,6720,14723890282496.0,100,0.0,0.0,0.0,-0.0,0.0,0,0,0,0,0.0,0,0,0,0,0,0,0,0,0,0,0,0,0,0,0,0,0,0,0,0,0,0,0,0,0,0,0,0,0,0,0,0,0,26,51,50,76,65476,0,300,0,0,8,21553,0.0,-107605600.0,0.0,0.0,0.0,0.0,0.0,0.0,0.0,0.0,0.0,0.0,0.0,0.0,0.0,0.0,0.0,0.0,0.0,0.0,0.0,0.0,2.004,2.004,-0.0,0.0,0.0,0.0,0.0,0.0,4725.0,131350.297,7305.0,-107615400.0,-107615392.0,0.0,-0.0,0.0,0.0,0.0,0.0,77,0.0,-0.0,0.0,0.0,0.0,0.0,0.0,0.0,0.0,0,0,0,0.0,0.0,0.0,0.0,0.0,0.0,0.0,0.0,0.0,0.0,0.0,0.0,0.0,0.0,0.0,0.0,0,-107875648.0,77,0.0,154,0.0,2.6533922776413385e+23,ERR,ERR,ERR,ERR,ERR,ERR,ERR,ERR,ERR,ERR,ERR,ERR,ERR,ERR,ERR,ERR,ERR,ERR,ERR,ERR,ERR,ERR,ERR,ERR,ERR,ERR,ERR,ERR,ERR,ERR,ERR,ERR,ERR,ERR,ERR,ERR,ERR,ERR,ERR,ERR,ERR,ERR,ERR,ERR,ERR,ERR,ERR,ERR,ERR,ERR,ERR,ERR,ERR,ERR,ERR,ERR,ERR,ERR,ERR,ERR,ERR,ERR,ERR,ERR,ERR,ERR,ERR,34.0,80.0,35,0.0,0.0,0.0,0.0,0.0,0.0,0.0,0.0,0.0,0.0,0.0,0.0,0.0,0.0,0.0,0.0,66.4,0,121,58,54,65476,0,300,0,0,8,20529,65476,0,0,57672,80.0,0.0,0.0,0.0,0.0,0.0
2026-06-18T02:02:22,ERR,ERR,ERR,ERR,ERR,ERR,ERR,ERR,ERR,ERR,ERR,ERR,ERR,ERR,ERR,ERR,ERR,ERR,ERR,ERR,ERR,ERR,ERR,ERR,ERR,ERR,ERR,ERR,ERR,ERR,ERR,ERR,ERR,ERR,ERR,ERR,ERR,ERR,ERR,ERR,ERR,ERR,ERR,ERR,ERR,ERR,ERR,ERR,ERR,ERR,ERR,ERR,ERR,ERR,ERR,ERR,ERR,ERR,ERR,ERR,ERR,ERR,ERR,ERR,ERR,ERR,ERR,ERR,ERR,ERR,ERR,ERR,ERR,ERR,ERR,ERR,ERR,ERR,ERR,ERR,ERR,ERR,ERR,ERR,ERR,ERR,ERR,ERR,ERR,ERR,ERR,ERR,ERR,ERR,ERR,ERR,ERR,ERR,ERR,ERR,ERR,ERR,ERR,ERR,ERR,ERR,ERR,ERR,ERR,ERR,ERR,ERR,ERR,ERR,ERR,ERR,ERR,ERR,ERR,ERR,ERR,ERR,ERR,ERR,ERR,-107615400.0,-107615392.0,0.0,-0.0,-0.0,1.3936040501711995e+18,7.805,0.0,0,0,4,48848,6720,14723890282496.0,100,0.0,0.0,0.0,-0.0,0.0,0,0,0,0,0.0,0,0,0,0,0,0,0,0,0,0,0,0,0,0,0,0,0,0,0,0,0,0,0,0,0,0,0,0,0,0,0,0,0,26,51,50,76,65476,0,300,0,0,8,21553,0.0,-107605600.0,0.0,0.0,0.0,0.0,0.0,0.0,0.0,0.0,0.0,0.0,0.0,0.0,0.0,0.0,0.0,0.0,0.0,0.0,0.0,0.0,2.004,2.004,-0.0,0.0,0.0,0.0,0.0,0.0,4725.0,131350.297,7305.0,-107615400.0,-107615392.0,0.0,-0.0,0.0,0.0,0.0,0.0,77,0.0,-0.0,0.0,0.0,0.0,0.0,0.0,0.0,0.0,0,0,0,0.0,0.0,0.0,0.0,0.0,0.0,0.0,0.0,0.0,0.0,0.0,0.0,0.0,0.0,0.0,0.0,0,-107875648.0,77,0.0,154,0.0,2.6533922776413385e+23,ERR,ERR,ERR,ERR,ERR,ERR,ERR,ERR,ERR,ERR,ERR,ERR,ERR,ERR,ERR,ERR,ERR,ERR,ERR,ERR,ERR,ERR,ERR,ERR,ERR,ERR,ERR,ERR,ERR,ERR,ERR,ERR,ERR,ERR,ERR,ERR,ERR,ERR,ERR,ERR,ERR,ERR,ERR,ERR,ERR,ERR,ERR,ERR,ERR,ERR,ERR,ERR,ERR,ERR,ERR,ERR,ERR,ERR,ERR,ERR,ERR,ERR,ERR,ERR,ERR,ERR,ERR,34.0,80.0,35,0.0,0.0,0.0,0.0,0.0,0.0,0.0,0.0,0.0,0.0,0.0,0.0,0.0,0.0,0.0,0.0,66.4,0,121,58,54,65476,0,300,0,0,8,20529,65476,0,0,57672,80.0,0.0,0.0,0.0,0.0,0.0
2026-06-18T02:02:23,ERR,ERR,ERR,ERR,ERR,ERR,ERR,ERR,ERR,ERR,ERR,ERR,ERR,ERR,ERR,ERR,ERR,ERR,ERR,ERR,ERR,ERR,ERR,ERR,ERR,ERR,ERR,ERR,ERR,ERR,ERR,ERR,ERR,ERR,ERR,ERR,ERR,ERR,ERR,ERR,ERR,ERR,ERR,ERR,ERR,ERR,ERR,ERR,ERR,ERR,ERR,ERR,ERR,ERR,ERR,ERR,ERR,ERR,ERR,ERR,ERR,ERR,ERR,ERR,ERR,ERR,ERR,ERR,ERR,ERR,ERR,ERR,ERR,ERR,ERR,ERR,ERR,ERR,ERR,ERR,ERR,ERR,ERR,ERR,ERR,ERR,ERR,ERR,ERR,ERR,ERR,ERR,ERR,ERR,ERR,ERR,ERR,ERR,ERR,ERR,ERR,ERR,ERR,ERR,ERR,ERR,ERR,ERR,ERR,ERR,ERR,ERR,ERR,ERR,ERR,ERR,ERR,ERR,ERR,ERR,ERR,ERR,ERR,ERR,ERR,-107615400.0,-107615392.0,0.0,0.059,0.0,1.3936040501711995e+18,7.805,-0.0,0,0,4,48848,6720,14723890282496.0,100,0.0,0.0,0.0,0.059,0.0,0,0,0,0,0.0,0,0,0,0,0,0,0,0,0,0,0,0,0,0,0,0,0,0,0,0,0,0,0,0,0,0,0,0,0,0,0,0,0,26,51,50,76,65476,0,300,0,0,8,21553,0.0,-107605600.0,0.0,0.0,0.0,0.0,0.0,0.0,0.0,0.0,0.0,0.0,0.0,0.0,0.0,0.0,0.0,0.0,0.0,0.0,0.0,0.0,2.004,2.004,-0.0,0.0,0.0,0.0,0.0,0.0,4727.0,564145229398016.0,7307.0,-107615400.0,-107615392.0,0.0,-0.0,0.0,0.0,0.0,0.0,77,0.0,-0.0,0.0,0.0,0.0,0.0,0.0,0.0,0.0,0,0,0,0.0,0.0,0.0,0.0,0.0,0.0,0.0,0.0,0.0,0.0,0.0,0.0,0.0,0.0,0.0,0.0,0,-107875648.0,77,0.0,154,0.0,2.6533922776413385e+23,ERR,ERR,ERR,ERR,ERR,ERR,ERR,ERR,ERR,ERR,ERR,ERR,ERR,ERR,ERR,ERR,ERR,ERR,ERR,ERR,ERR,ERR,ERR,ERR,ERR,ERR,ERR,ERR,ERR,ERR,ERR,ERR,ERR,ERR,ERR,ERR,ERR,ERR,ERR,ERR,ERR,ERR,ERR,ERR,ERR,ERR,ERR,ERR,ERR,ERR,ERR,ERR,ERR,ERR,ERR,ERR,ERR,ERR,ERR,ERR,ERR,ERR,ERR,ERR,ERR,ERR,ERR,34.0,80.0,35,0.0,0.0,0.0,0.0,0.0,0.0,0.0,0.0,0.0,0.0,0.0,0.0,0.0,0.0,0.0,0.0,66.0,0,121,58,54,65476,0,300,0,0,8,20529,65476,0,0,57672,80.0,0.0,0.0,0.0,0.0,0.0
2026-06-18T02:02:24,ERR,ERR,ERR,ERR,ERR,ERR,ERR,ERR,ERR,ERR,ERR,ERR,ERR,ERR,ERR,ERR,ERR,ERR,ERR,ERR,ERR,ERR,ERR,ERR,ERR,ERR,ERR,ERR,ERR,ERR,ERR,ERR,ERR,ERR,ERR,ERR,ERR,ERR,ERR,ERR,ERR,ERR,ERR,ERR,ERR,ERR,ERR,ERR,ERR,ERR,ERR,ERR,ERR,ERR,ERR,ERR,ERR,ERR,ERR,ERR,ERR,ERR,ERR,ERR,ERR,ERR,ERR,ERR,ERR,ERR,ERR,ERR,ERR,ERR,ERR,ERR,ERR,ERR,ERR,ERR,ERR,ERR,ERR,ERR,ERR,ERR,ERR,ERR,ERR,ERR,ERR,ERR,ERR,ERR,ERR,ERR,ERR,ERR,ERR,ERR,ERR,ERR,ERR,ERR,ERR,ERR,ERR,ERR,ERR,ERR,ERR,ERR,ERR,ERR,ERR,ERR,ERR,ERR,ERR,ERR,ERR,ERR,ERR,ERR,ERR,-107615400.0,-107615392.0,0.0,0.059,0.0,1.3936040501711995e+18,7.805,-0.0,0,0,4,48848,6720,14723890282496.0,100,0.0,0.0,0.0,0.059,0.0,0,0,0,0,0.0,0,0,0,0,0,0,0,0,0,0,0,0,0,0,0,0,0,0,0,0,0,0,0,0,0,0,0,0,0,0,0,0,0,26,51,50,76,65476,0,300,0,0,8,21553,0.0,-107605600.0,0.0,0.0,0.0,0.0,0.0,0.0,0.0,0.0,0.0,0.0,0.0,0.0,0.0,0.0,0.0,0.0,0.0,0.0,0.0,0.0,2.004,2.004,-0.0,0.0,0.0,0.0,0.0,0.0,4727.0,564145229398016.0,7307.0,-107615400.0,-107615392.0,0.0,-0.0,0.0,0.0,0.0,0.0,77,0.0,-0.0,0.0,0.0,0.0,0.0,0.0,0.0,0.0,0,0,0,0.0,0.0,0.0,0.0,0.0,0.0,0.0,0.0,0.0,0.0,0.0,0.0,0.0,0.0,0.0,0.0,0,-107875648.0,77,0.0,154,0.0,2.6533922776413385e+23,ERR,ERR,ERR,ERR,ERR,ERR,ERR,ERR,ERR,ERR,ERR,ERR,ERR,ERR,ERR,ERR,ERR,ERR,ERR,ERR,ERR,ERR,ERR,ERR,ERR,ERR,ERR,ERR,ERR,ERR,ERR,ERR,ERR,ERR,ERR,ERR,ERR,ERR,ERR,ERR,ERR,ERR,ERR,ERR,ERR,ERR,ERR,ERR,ERR,ERR,ERR,ERR,ERR,ERR,ERR,ERR,ERR,ERR,ERR,ERR,ERR,ERR,ERR,ERR,ERR,ERR,ERR,34.0,80.0,35,0.0,0.0,0.0,0.0,0.0,0.0,0.0,0.0,0.0,0.0,0.0,0.0,0.0,0.0,0.0,0.0,66.0,0,121,58,54,65476,0,300,0,0,8,20529,65476,0,0,57672,80.0,0.0,0.0,0.0,0.0,0.0
2026-06-18T02:02:25,ERR,ERR,ERR,ERR,ERR,ERR,ERR,ERR,ERR,ERR,ERR,ERR,ERR,ERR,ERR,ERR,ERR,ERR,ERR,ERR,ERR,ERR,ERR,ERR,ERR,ERR,ERR,ERR,ERR,ERR,ERR,ERR,ERR,ERR,ERR,ERR,ERR,ERR,ERR,ERR,ERR,ERR,ERR,ERR,ERR,ERR,ERR,ERR,ERR,ERR,ERR,ERR,ERR,ERR,ERR,ERR,ERR,ERR,ERR,ERR,ERR,ERR,ERR,ERR,ERR,ERR,ERR,ERR,ERR,ERR,ERR,ERR,ERR,ERR,ERR,ERR,ERR,ERR,ERR,ERR,ERR,ERR,ERR,ERR,ERR,ERR,ERR,ERR,ERR,ERR,ERR,ERR,ERR,ERR,ERR,ERR,ERR,ERR,ERR,ERR,ERR,ERR,ERR,ERR,ERR,ERR,ERR,ERR,ERR,ERR,ERR,ERR,ERR,ERR,ERR,ERR,ERR,ERR,ERR,ERR,ERR,ERR,ERR,ERR,ERR,-107615400.0,-107615392.0,0.0,0.059,0.0,1.3936040501711995e+18,7.805,-0.0,0,0,4,48848,6720,14723890282496.0,100,0.0,0.0,0.0,0.059,0.0,0,0,0,0,0.0,0,0,0,0,0,0,0,0,0,0,0,0,0,0,0,0,0,0,0,0,0,0,0,0,0,0,0,0,0,0,0,0,0,26,51,50,76,65476,0,300,0,0,8,21553,0.0,-107605600.0,0.0,0.0,0.0,0.0,0.0,0.0,0.0,0.0,0.0,0.0,0.0,0.0,0.0,0.0,0.0,0.0,0.0,0.0,0.0,0.0,2.004,2.004,-0.0,0.0,0.0,0.0,0.0,0.0,4727.0,564145229398016.0,7307.0,-107615400.0,-107615392.0,0.0,-0.0,0.0,0.0,0.0,0.0,77,0.0,-0.0,0.0,0.0,0.0,0.0,0.0,0.0,0.0,0,0,0,0.0,0.0,0.0,0.0,0.0,0.0,0.0,0.0,0.0,0.0,0.0,0.0,0.0,0.0,0.0,0.0,0,-107875648.0,77,0.0,154,0.0,2.6533922776413385e+23,ERR,ERR,ERR,ERR,ERR,ERR,ERR,ERR,ERR,ERR,ERR,ERR,ERR,ERR,ERR,ERR,ERR,ERR,ERR,ERR,ERR,ERR,ERR,ERR,ERR,ERR,ERR,ERR,ERR,ERR,ERR,ERR,ERR,ERR,ERR,ERR,ERR,ERR,ERR,ERR,ERR,ERR,ERR,ERR,ERR,ERR,ERR,ERR,ERR,ERR,ERR,ERR,ERR,ERR,ERR,ERR,ERR,ERR,ERR,ERR,ERR,ERR,ERR,ERR,ERR,ERR,ERR,34.0,80.0,35,0.0,0.0,0.0,0.0,0.0,0.0,0.0,0.0,0.0,0.0,0.0,0.0,0.0,0.0,0.0,0.0,66.0,0,121,58,54,65476,0,300,0,0,8,20529,65476,0,0,57672,80.0,0.0,0.0,0.0,0.0,0.0
2026-06-18T02:02:26,ERR,ERR,ERR,ERR,ERR,ERR,ERR,ERR,ERR,ERR,ERR,ERR,ERR,ERR,ERR,ERR,ERR,ERR,ERR,ERR,ERR,ERR,ERR,ERR,ERR,ERR,ERR,ERR,ERR,ERR,ERR,ERR,ERR,ERR,ERR,ERR,ERR,ERR,ERR,ERR,ERR,ERR,ERR,ERR,ERR,ERR,ERR,ERR,ERR,ERR,ERR,ERR,ERR,ERR,ERR,ERR,ERR,ERR,ERR,ERR,ERR,ERR,ERR,ERR,ERR,ERR,ERR,ERR,ERR,ERR,ERR,ERR,ERR,ERR,ERR,ERR,ERR,ERR,ERR,ERR,ERR,ERR,ERR,ERR,ERR,ERR,ERR,ERR,ERR,ERR,ERR,ERR,ERR,ERR,ERR,ERR,ERR,ERR,ERR,ERR,ERR,ERR,ERR,ERR,ERR,ERR,ERR,ERR,ERR,ERR,ERR,ERR,ERR,ERR,ERR,ERR,ERR,ERR,ERR,ERR,ERR,ERR,ERR,ERR,ERR,-107615400.0,-107615392.0,0.0,0.059,0.0,1.3936040501711995e+18,7.805,-0.0,0,0,4,48848,6720,14723890282496.0,100,0.0,0.0,0.0,0.059,0.0,0,0,0,0,0.0,0,0,0,0,0,0,0,0,0,0,0,0,0,0,0,0,0,0,0,0,0,0,0,0,0,0,0,0,0,0,0,0,0,26,51,50,76,65476,0,300,0,0,8,21553,0.0,-107605600.0,0.0,0.0,0.0,0.0,0.0,0.0,0.0,0.0,0.0,0.0,0.0,0.0,0.0,0.0,0.0,0.0,0.0,0.0,0.0,0.0,2.004,2.004,-0.0,0.0,0.0,0.0,0.0,0.0,4727.0,564145229398016.0,7307.0,-107615400.0,-107615392.0,0.0,-0.0,0.0,0.0,0.0,0.0,77,0.0,-0.0,0.0,0.0,0.0,0.0,0.0,0.0,0.0,0,0,0,0.0,0.0,0.0,0.0,0.0,0.0,0.0,0.0,0.0,0.0,0.0,0.0,0.0,0.0,0.0,0.0,0,-107875648.0,77,0.0,154,0.0,2.6533922776413385e+23,ERR,ERR,ERR,ERR,ERR,ERR,ERR,ERR,ERR,ERR,ERR,ERR,ERR,ERR,ERR,ERR,ERR,ERR,ERR,ERR,ERR,ERR,ERR,ERR,ERR,ERR,ERR,ERR,ERR,ERR,ERR,ERR,ERR,ERR,ERR,ERR,ERR,ERR,ERR,ERR,ERR,ERR,ERR,ERR,ERR,ERR,ERR,ERR,ERR,ERR,ERR,ERR,ERR,ERR,ERR,ERR,ERR,ERR,ERR,ERR,ERR,ERR,ERR,ERR,ERR,ERR,ERR,34.0,80.0,35,0.0,0.0,0.0,0.0,0.0,0.0,0.0,0.0,0.0,0.0,0.0,0.0,0.0,0.0,0.0,0.0,66.0,0,121,58,54,65476,0,300,0,0,8,20529,65476,0,0,57672,80.0,0.0,0.0,0.0,0.0,0.0
2026-06-18T02:02:27,ERR,ERR,ERR,ERR,ERR,ERR,ERR,ERR,ERR,ERR,ERR,ERR,ERR,ERR,ERR,ERR,ERR,ERR,ERR,ERR,ERR,ERR,ERR,ERR,ERR,ERR,ERR,ERR,ERR,ERR,ERR,ERR,ERR,ERR,ERR,ERR,ERR,ERR,ERR,ERR,ERR,ERR,ERR,ERR,ERR,ERR,ERR,ERR,ERR,ERR,ERR,ERR,ERR,ERR,ERR,ERR,ERR,ERR,ERR,ERR,ERR,ERR,ERR,ERR,ERR,ERR,ERR,ERR,ERR,ERR,ERR,ERR,ERR,ERR,ERR,ERR,ERR,ERR,ERR,ERR,ERR,ERR,ERR,ERR,ERR,ERR,ERR,ERR,ERR,ERR,ERR,ERR,ERR,ERR,ERR,ERR,ERR,ERR,ERR,ERR,ERR,ERR,ERR,ERR,ERR,ERR,ERR,ERR,ERR,ERR,ERR,ERR,ERR,ERR,ERR,ERR,ERR,ERR,ERR,ERR,ERR,ERR,ERR,ERR,ERR,-107615400.0,-107615392.0,0.0,0.059,0.0,1.3936040501711995e+18,7.805,-0.0,0,0,4,48848,6720,14723890282496.0,100,0.0,0.0,0.0,0.059,0.0,0,0,0,0,0.0,0,0,0,0,0,0,0,0,0,0,0,0,0,0,0,0,0,0,0,0,0,0,0,0,0,0,0,0,0,0,0,0,0,26,51,50,76,65476,0,300,0,0,8,21553,0.0,-107605600.0,0.0,0.0,0.0,0.0,0.0,0.0,0.0,0.0,0.0,0.0,0.0,0.0,0.0,0.0,0.0,0.0,0.0,0.0,0.0,0.0,2.004,2.004,-0.0,0.0,0.0,0.0,0.0,0.0,4727.0,564145229398016.0,7307.0,-107615400.0,-107615392.0,0.0,-0.0,0.0,0.0,0.0,0.0,77,0.0,-0.0,0.0,0.0,0.0,0.0,0.0,0.0,0.0,0,0,0,0.0,0.0,0.0,0.0,0.0,0.0,0.0,0.0,0.0,0.0,0.0,0.0,0.0,0.0,0.0,0.0,0,-107875648.0,77,0.0,154,0.0,2.6533922776413385e+23,ERR,ERR,ERR,ERR,ERR,ERR,ERR,ERR,ERR,ERR,ERR,ERR,ERR,ERR,ERR,ERR,ERR,ERR,ERR,ERR,ERR,ERR,ERR,ERR,ERR,ERR,ERR,ERR,ERR,ERR,ERR,ERR,ERR,ERR,ERR,ERR,ERR,ERR,ERR,ERR,ERR,ERR,ERR,ERR,ERR,ERR,ERR,ERR,ERR,ERR,ERR,ERR,ERR,ERR,ERR,ERR,ERR,ERR,ERR,ERR,ERR,ERR,ERR,ERR,ERR,ERR,ERR,34.0,80.0,35,0.0,0.0,0.0,0.0,0.0,0.0,0.0,0.0,0.0,0.0,0.0,0.0,0.0,0.0,0.0,0.0,66.0,0,121,58,54,65476,0,300,0,0,8,20529,65476,0,0,57672,80.0,0.0,0.0,0.0,0.0,0.0
2026-06-18T02:02:28,ERR,ERR,ERR,ERR,ERR,ERR,ERR,ERR,ERR,ERR,ERR,ERR,ERR,ERR,ERR,ERR,ERR,ERR,ERR,ERR,ERR,ERR,ERR,ERR,ERR,ERR,ERR,ERR,ERR,ERR,ERR,ERR,ERR,ERR,ERR,ERR,ERR,ERR,ERR,ERR,ERR,ERR,ERR,ERR,ERR,ERR,ERR,ERR,ERR,ERR,ERR,ERR,ERR,ERR,ERR,ERR,ERR,ERR,ERR,ERR,ERR,ERR,ERR,ERR,ERR,ERR,ERR,ERR,ERR,ERR,ERR,ERR,ERR,ERR,ERR,ERR,ERR,ERR,ERR,ERR,ERR,ERR,ERR,ERR,ERR,ERR,ERR,ERR,ERR,ERR,ERR,ERR,ERR,ERR,ERR,ERR,ERR,ERR,ERR,ERR,ERR,ERR,ERR,ERR,ERR,ERR,ERR,ERR,ERR,ERR,ERR,ERR,ERR,ERR,ERR,ERR,ERR,ERR,ERR,ERR,ERR,ERR,ERR,ERR,ERR,-107615400.0,0.0,-134999232.0,-4.9501291711397626e+32,0.0,1.3936040501711995e+18,7.805,51974472.0,0,0,4,48902,6720,14723890282496.0,100,0.0,0.0,0.0,-4.9501291711397626e+32,0.0,0,0,0,0,0.0,0,0,0,0,0,0,0,0,0,0,0,0,0,0,0,0,0,0,0,0,0,0,0,0,0,0,0,0,0,0,0,0,0,26,51,50,76,65476,0,300,0,0,8,21553,0.0,-107605600.0,0.0,0.0,0.0,0.0,0.0,0.0,0.0,0.0,0.0,0.0,0.0,0.0,0.0,0.0,0.0,0.0,0.0,0.0,0.0,0.0,2.004,0.0,-0.0,0.0,0.0,0.0,0.0,0.0,4724.0,8608173056.0,7306.0,-107615400.0,-107615392.0,0.0,-0.0,0.0,0.0,0.0,0.0,77,0.0,-0.0,0.0,0.0,0.0,0.0,0.0,0.0,0.0,0,0,0,0.0,0.0,0.0,0.0,0.0,0.0,0.0,0.0,0.0,0.0,0.0,0.0,0.0,0.0,0.0,0.0,0,-107875648.0,77,0.0,154,0.0,2.6533922776413385e+23,ERR,ERR,ERR,ERR,ERR,ERR,ERR,ERR,ERR,ERR,ERR,ERR,ERR,ERR,ERR,ERR,ERR,ERR,ERR,ERR,ERR,ERR,ERR,ERR,ERR,ERR,ERR,ERR,ERR,ERR,ERR,ERR,ERR,ERR,ERR,ERR,ERR,ERR,ERR,ERR,ERR,ERR,ERR,ERR,ERR,ERR,ERR,ERR,ERR,ERR,ERR,ERR,ERR,ERR,ERR,ERR,ERR,ERR,ERR,ERR,ERR,ERR,ERR,ERR,ERR,ERR,ERR,34.0,80.0,35,0.0,0.0,0.0,0.0,0.0,0.0,0.0,0.0,0.0,0.0,0.0,0.0,0.0,0.0,0.0,0.0,66.0,0,121,58,54,65476,0,300,0,0,8,20529,65476,0,0,57672,80.0,0.0,0.0,0.0,0.0,0.0
2026-06-18T02:02:29,ERR,ERR,ERR,ERR,ERR,ERR,ERR,ERR,ERR,ERR,ERR,ERR,ERR,ERR,ERR,ERR,ERR,ERR,ERR,ERR,ERR,ERR,ERR,ERR,ERR,ERR,ERR,ERR,ERR,ERR,ERR,ERR,ERR,ERR,ERR,ERR,ERR,ERR,ERR,ERR,ERR,ERR,ERR,ERR,ERR,ERR,ERR,ERR,ERR,ERR,ERR,ERR,ERR,ERR,ERR,ERR,ERR,ERR,ERR,ERR,ERR,ERR,ERR,ERR,ERR,ERR,ERR,ERR,ERR,ERR,ERR,ERR,ERR,ERR,ERR,ERR,ERR,ERR,ERR,ERR,ERR,ERR,ERR,ERR,ERR,ERR,ERR,ERR,ERR,ERR,ERR,ERR,ERR,ERR,ERR,ERR,ERR,ERR,ERR,ERR,ERR,ERR,ERR,ERR,ERR,ERR,ERR,ERR,ERR,ERR,ERR,ERR,ERR,ERR,ERR,ERR,ERR,ERR,ERR,ERR,ERR,ERR,ERR,ERR,ERR,-107615400.0,0.0,-134999232.0,-4.9501291711397626e+32,0.0,1.3936040501711995e+18,7.805,51974472.0,0,0,4,48902,6720,14723890282496.0,100,0.0,0.0,0.0,-4.9501291711397626e+32,0.0,0,0,0,0,0.0,0,0,0,0,0,0,0,0,0,0,0,0,0,0,0,0,0,0,0,0,0,0,0,0,0,0,0,0,0,0,0,0,0,26,51,50,76,65476,0,300,0,0,8,21553,0.0,-107605600.0,0.0,0.0,0.0,0.0,0.0,0.0,0.0,0.0,0.0,0.0,0.0,0.0,0.0,0.0,0.0,0.0,0.0,0.0,0.0,0.0,2.004,0.0,-0.0,0.0,0.0,0.0,0.0,0.0,4724.0,8608173056.0,7306.0,-107615400.0,-107615392.0,0.0,-0.0,0.0,0.0,0.0,0.0,77,0.0,-0.0,0.0,0.0,0.0,0.0,0.0,0.0,0.0,0,0,0,0.0,0.0,0.0,0.0,0.0,0.0,0.0,0.0,0.0,0.0,0.0,0.0,0.0,0.0,0.0,0.0,0,-107875648.0,77,0.0,154,0.0,2.6533922776413385e+23,ERR,ERR,ERR,ERR,ERR,ERR,ERR,ERR,ERR,ERR,ERR,ERR,ERR,ERR,ERR,ERR,ERR,ERR,ERR,ERR,ERR,ERR,ERR,ERR,ERR,ERR,ERR,ERR,ERR,ERR,ERR,ERR,ERR,ERR,ERR,ERR,ERR,ERR,ERR,ERR,ERR,ERR,ERR,ERR,ERR,ERR,ERR,ERR,ERR,ERR,ERR,ERR,ERR,ERR,ERR,ERR,ERR,ERR,ERR,ERR,ERR,ERR,ERR,ERR,ERR,ERR,ERR,34.0,80.0,35,0.0,0.0,0.0,0.0,0.0,0.0,0.0,0.0,0.0,0.0,0.0,0.0,0.0,0.0,0.0,0.0,66.0,0,121,58,54,65476,0,300,0,0,8,20529,65476,0,0,57672,80.0,0.0,0.0,0.0,0.0,0.0
2026-06-18T02:02:30,ERR,ERR,ERR,ERR,ERR,ERR,ERR,ERR,ERR,ERR,ERR,ERR,ERR,ERR,ERR,ERR,ERR,ERR,ERR,ERR,ERR,ERR,ERR,ERR,ERR,ERR,ERR,ERR,ERR,ERR,ERR,ERR,ERR,ERR,ERR,ERR,ERR,ERR,ERR,ERR,ERR,ERR,ERR,ERR,ERR,ERR,ERR,ERR,ERR,ERR,ERR,ERR,ERR,ERR,ERR,ERR,ERR,ERR,ERR,ERR,ERR,ERR,ERR,ERR,ERR,ERR,ERR,ERR,ERR,ERR,ERR,ERR,ERR,ERR,ERR,ERR,ERR,ERR,ERR,ERR,ERR,ERR,ERR,ERR,ERR,ERR,ERR,ERR,ERR,ERR,ERR,ERR,ERR,ERR,ERR,ERR,ERR,ERR,ERR,ERR,ERR,ERR,ERR,ERR,ERR,ERR,ERR,ERR,ERR,ERR,ERR,ERR,ERR,ERR,ERR,ERR,ERR,ERR,ERR,ERR,ERR,ERR,ERR,ERR,ERR,-107615400.0,0.0,-134999232.0,-4.9501291711397626e+32,0.0,1.3936040501711995e+18,7.805,51974472.0,0,0,4,48902,6720,14723890282496.0,100,0.0,0.0,0.0,-4.9501291711397626e+32,0.0,0,0,0,0,0.0,0,0,0,0,0,0,0,0,0,0,0,0,0,0,0,0,0,0,0,0,0,0,0,0,0,0,0,0,0,0,0,0,0,26,51,50,76,65476,0,300,0,0,8,21553,0.0,-107605600.0,0.0,0.0,0.0,0.0,0.0,0.0,0.0,0.0,0.0,0.0,0.0,0.0,0.0,0.0,0.0,0.0,0.0,0.0,0.0,0.0,2.004,0.0,-0.0,0.0,0.0,0.0,0.0,0.0,4724.0,8608173056.0,7306.0,-107615400.0,-107615392.0,0.0,-0.0,0.0,0.0,0.0,0.0,77,0.0,-0.0,0.0,0.0,0.0,0.0,0.0,0.0,0.0,0,0,0,0.0,0.0,0.0,0.0,0.0,0.0,0.0,0.0,0.0,0.0,0.0,0.0,0.0,0.0,0.0,0.0,0,-107875648.0,77,0.0,154,0.0,2.6533922776413385e+23,ERR,ERR,ERR,ERR,ERR,ERR,ERR,ERR,ERR,ERR,ERR,ERR,ERR,ERR,ERR,ERR,ERR,ERR,ERR,ERR,ERR,ERR,ERR,ERR,ERR,ERR,ERR,ERR,ERR,ERR,ERR,ERR,ERR,ERR,ERR,ERR,ERR,ERR,ERR,ERR,ERR,ERR,ERR,ERR,ERR,ERR,ERR,ERR,ERR,ERR,ERR,ERR,ERR,ERR,ERR,ERR,ERR,ERR,ERR,ERR,ERR,ERR,ERR,ERR,ERR,ERR,ERR,34.0,80.0,35,0.0,0.0,0.0,0.0,0.0,0.0,0.0,0.0,0.0,0.0,0.0,0.0,0.0,0.0,0.0,0.0,66.4,0,121,58,54,65476,0,300,0,0,8,20529,65476,0,0,57672,80.0,0.0,0.0,0.0,0.0,0.0
2026-06-18T02:02:31,ERR,ERR,ERR,ERR,ERR,ERR,ERR,ERR,ERR,ERR,ERR,ERR,ERR,ERR,ERR,ERR,ERR,ERR,ERR,ERR,ERR,ERR,ERR,ERR,ERR,ERR,ERR,ERR,ERR,ERR,ERR,ERR,ERR,ERR,ERR,ERR,ERR,ERR,ERR,ERR,ERR,ERR,ERR,ERR,ERR,ERR,ERR,ERR,ERR,ERR,ERR,ERR,ERR,ERR,ERR,ERR,ERR,ERR,ERR,ERR,ERR,ERR,ERR,ERR,ERR,ERR,ERR,ERR,ERR,ERR,ERR,ERR,ERR,ERR,ERR,ERR,ERR,ERR,ERR,ERR,ERR,ERR,ERR,ERR,ERR,ERR,ERR,ERR,ERR,ERR,ERR,ERR,ERR,ERR,ERR,ERR,ERR,ERR,ERR,ERR,ERR,ERR,ERR,ERR,ERR,ERR,ERR,ERR,ERR,ERR,ERR,ERR,ERR,ERR,ERR,ERR,ERR,ERR,ERR,ERR,ERR,ERR,ERR,ERR,ERR,-107615400.0,0.0,-134999232.0,-4.9501291711397626e+32,0.0,1.3936040501711995e+18,7.805,51974472.0,0,0,4,48902,6720,14723890282496.0,100,0.0,0.0,0.0,-4.9501291711397626e+32,0.0,0,0,0,0,0.0,0,0,0,0,0,0,0,0,0,0,0,0,0,0,0,0,0,0,0,0,0,0,0,0,0,0,0,0,0,0,0,0,0,26,51,50,76,65476,0,300,0,0,8,21553,0.0,-107605600.0,0.0,0.0,0.0,0.0,0.0,0.0,0.0,0.0,0.0,0.0,0.0,0.0,0.0,0.0,0.0,0.0,0.0,0.0,0.0,0.0,2.004,0.0,-0.0,0.0,0.0,0.0,0.0,0.0,4724.0,8608173056.0,7306.0,-107615400.0,-107615392.0,0.0,-0.0,0.0,0.0,0.0,0.0,77,0.0,-0.0,0.0,0.0,0.0,0.0,0.0,0.0,0.0,0,0,0,0.0,0.0,0.0,0.0,0.0,0.0,0.0,0.0,0.0,0.0,0.0,0.0,0.0,0.0,0.0,0.0,0,-107875648.0,77,0.0,154,0.0,2.6533922776413385e+23,ERR,ERR,ERR,ERR,ERR,ERR,ERR,ERR,ERR,ERR,ERR,ERR,ERR,ERR,ERR,ERR,ERR,ERR,ERR,ERR,ERR,ERR,ERR,ERR,ERR,ERR,ERR,ERR,ERR,ERR,ERR,ERR,ERR,ERR,ERR,ERR,ERR,ERR,ERR,ERR,ERR,ERR,ERR,ERR,ERR,ERR,ERR,ERR,ERR,ERR,ERR,ERR,ERR,ERR,ERR,ERR,ERR,ERR,ERR,ERR,ERR,ERR,ERR,ERR,ERR,ERR,ERR,34.0,80.0,35,0.0,0.0,0.0,0.0,0.0,0.0,0.0,0.0,0.0,0.0,0.0,0.0,0.0,0.0,0.0,0.0,66.4,0,121,58,54,65476,0,300,0,0,8,20529,65476,0,0,57672,80.0,0.0,0.0,0.0,0.0,0.0
2026-06-18T02:02:32,ERR,ERR,ERR,ERR,ERR,ERR,ERR,ERR,ERR,ERR,ERR,ERR,ERR,ERR,ERR,ERR,ERR,ERR,ERR,ERR,ERR,ERR,ERR,ERR,ERR,ERR,ERR,ERR,ERR,ERR,ERR,ERR,ERR,ERR,ERR,ERR,ERR,ERR,ERR,ERR,ERR,ERR,ERR,ERR,ERR,ERR,ERR,ERR,ERR,ERR,ERR,ERR,ERR,ERR,ERR,ERR,ERR,ERR,ERR,ERR,ERR,ERR,ERR,ERR,ERR,ERR,ERR,ERR,ERR,ERR,ERR,ERR,ERR,ERR,ERR,ERR,ERR,ERR,ERR,ERR,ERR,ERR,ERR,ERR,ERR,ERR,ERR,ERR,ERR,ERR,ERR,ERR,ERR,ERR,ERR,ERR,ERR,ERR,ERR,ERR,ERR,ERR,ERR,ERR,ERR,ERR,ERR,ERR,ERR,ERR,ERR,ERR,ERR,ERR,ERR,ERR,ERR,ERR,ERR,ERR,ERR,ERR,ERR,ERR,ERR,-107615400.0,0.0,-134999232.0,-4.9501291711397626e+32,0.0,1.3936040501711995e+18,7.805,51974472.0,0,0,4,48902,6720,14723890282496.0,100,0.0,0.0,0.0,-4.9501291711397626e+32,0.0,0,0,0,0,0.0,0,0,0,0,0,0,0,0,0,0,0,0,0,0,0,0,0,0,0,0,0,0,0,0,0,0,0,0,0,0,0,0,0,26,51,50,76,65476,0,300,0,0,8,21553,0.0,-107605600.0,0.0,0.0,0.0,0.0,0.0,0.0,0.0,0.0,0.0,0.0,0.0,0.0,0.0,0.0,0.0,0.0,0.0,0.0,0.0,0.0,2.004,0.0,-0.0,0.0,0.0,0.0,0.0,0.0,4724.0,8608173056.0,7306.0,-107615400.0,-107615392.0,0.0,-0.0,0.0,0.0,0.0,0.0,77,0.0,-0.0,0.0,0.0,0.0,0.0,0.0,0.0,0.0,0,0,0,0.0,0.0,0.0,0.0,0.0,0.0,0.0,0.0,0.0,0.0,0.0,0.0,0.0,0.0,0.0,0.0,0,-107875648.0,77,0.0,154,0.0,2.6533922776413385e+23,ERR,ERR,ERR,ERR,ERR,ERR,ERR,ERR,ERR,ERR,ERR,ERR,ERR,ERR,ERR,ERR,ERR,ERR,ERR,ERR,ERR,ERR,ERR,ERR,ERR,ERR,ERR,ERR,ERR,ERR,ERR,ERR,ERR,ERR,ERR,ERR,ERR,ERR,ERR,ERR,ERR,ERR,ERR,ERR,ERR,ERR,ERR,ERR,ERR,ERR,ERR,ERR,ERR,ERR,ERR,ERR,ERR,ERR,ERR,ERR,ERR,ERR,ERR,ERR,ERR,ERR,ERR,34.0,80.0,35,0.0,0.0,0.0,0.0,0.0,0.0,0.0,0.0,0.0,0.0,0.0,0.0,0.0,0.0,0.0,0.0,66.0,0,121,58,54,65476,0,300,0,0,8,20529,65476,0,0,57672,80.0,0.0,0.0,0.0,0.0,0.0
2026-06-18T02:02:33,ERR,ERR,ERR,ERR,ERR,ERR,ERR,ERR,ERR,ERR,ERR,ERR,ERR,ERR,ERR,ERR,ERR,ERR,ERR,ERR,ERR,ERR,ERR,ERR,ERR,ERR,ERR,ERR,ERR,ERR,ERR,ERR,ERR,ERR,ERR,ERR,ERR,ERR,ERR,ERR,ERR,ERR,ERR,ERR,ERR,ERR,ERR,ERR,ERR,ERR,ERR,ERR,ERR,ERR,ERR,ERR,ERR,ERR,ERR,ERR,ERR,ERR,ERR,ERR,ERR,ERR,ERR,ERR,ERR,ERR,ERR,ERR,ERR,ERR,ERR,ERR,ERR,ERR,ERR,ERR,ERR,ERR,ERR,ERR,ERR,ERR,ERR,ERR,ERR,ERR,ERR,ERR,ERR,ERR,ERR,ERR,ERR,ERR,ERR,ERR,ERR,ERR,ERR,ERR,ERR,ERR,ERR,ERR,ERR,ERR,ERR,ERR,ERR,ERR,ERR,ERR,ERR,ERR,ERR,ERR,ERR,ERR,ERR,ERR,ERR,-107615400.0,0.0,-134999232.0,-4.9501291711397626e+32,0.0,1.3936040501711995e+18,7.805,51974472.0,0,0,4,48902,6720,14723890282496.0,100,0.0,0.0,0.0,-4.9501291711397626e+32,0.0,0,0,0,0,0.0,0,0,0,0,0,0,0,0,0,0,0,0,0,0,0,0,0,0,0,0,0,0,0,0,0,0,0,0,0,0,0,0,0,26,51,50,76,65476,0,300,0,0,8,21553,0.0,-107605600.0,0.0,0.0,0.0,0.0,0.0,0.0,0.0,0.0,0.0,0.0,0.0,0.0,0.0,0.0,0.0,0.0,0.0,0.0,0.0,0.0,2.004,0.0,-0.0,0.0,0.0,0.0,0.0,0.0,4724.0,8608173056.0,7306.0,-107615400.0,-107615392.0,0.0,-0.0,0.0,0.0,0.0,0.0,77,0.0,-0.0,0.0,0.0,0.0,0.0,0.0,0.0,0.0,0,0,0,0.0,0.0,0.0,0.0,0.0,0.0,0.0,0.0,0.0,0.0,0.0,0.0,0.0,0.0,0.0,0.0,0,-107875648.0,77,0.0,154,0.0,2.6533922776413385e+23,ERR,ERR,ERR,ERR,ERR,ERR,ERR,ERR,ERR,ERR,ERR,ERR,ERR,ERR,ERR,ERR,ERR,ERR,ERR,ERR,ERR,ERR,ERR,ERR,ERR,ERR,ERR,ERR,ERR,ERR,ERR,ERR,ERR,ERR,ERR,ERR,ERR,ERR,ERR,ERR,ERR,ERR,ERR,ERR,ERR,ERR,ERR,ERR,ERR,ERR,ERR,ERR,ERR,ERR,ERR,ERR,ERR,ERR,ERR,ERR,ERR,ERR,ERR,ERR,ERR,ERR,ERR,34.0,80.0,35,0.0,0.0,0.0,0.0,0.0,0.0,0.0,0.0,0.0,0.0,0.0,0.0,0.0,0.0,0.0,0.0,66.0,0,121,58,54,65476,0,300,0,0,8,20529,65476,0,0,57672,80.0,0.0,0.0,0.0,0.0,0.0
2026-06-18T02:02:34,ERR,ERR,ERR,ERR,ERR,ERR,ERR,ERR,ERR,ERR,ERR,ERR,ERR,ERR,ERR,ERR,ERR,ERR,ERR,ERR,ERR,ERR,ERR,ERR,ERR,ERR,ERR,ERR,ERR,ERR,ERR,ERR,ERR,ERR,ERR,ERR,ERR,ERR,ERR,ERR,ERR,ERR,ERR,ERR,ERR,ERR,ERR,ERR,ERR,ERR,ERR,ERR,ERR,ERR,ERR,ERR,ERR,ERR,ERR,ERR,ERR,ERR,ERR,ERR,ERR,ERR,ERR,ERR,ERR,ERR,ERR,ERR,ERR,ERR,ERR,ERR,ERR,ERR,ERR,ERR,ERR,ERR,ERR,ERR,ERR,ERR,ERR,ERR,ERR,ERR,ERR,ERR,ERR,ERR,ERR,ERR,ERR,ERR,ERR,ERR,ERR,ERR,ERR,ERR,ERR,ERR,ERR,ERR,ERR,ERR,ERR,ERR,ERR,ERR,ERR,ERR,ERR,ERR,ERR,ERR,ERR,ERR,ERR,ERR,ERR,-107615400.0,0.0,-134999232.0,-0.0,0.0,1.3936040501711995e+18,7.805,11082173251584.0,0,0,4,48902,6720,14723890282496.0,100,0.0,0.0,0.0,-0.0,0.0,0,0,0,0,0.0,0,0,0,0,0,0,0,0,0,0,0,0,0,0,0,0,0,0,0,0,0,0,0,0,0,0,0,0,0,0,0,0,0,26,51,50,76,65476,0,300,0,0,8,21553,0.0,-107605600.0,0.0,0.0,0.0,0.0,0.0,0.0,0.0,0.0,0.0,0.0,0.0,0.0,0.0,0.0,0.0,0.0,0.0,0.0,0.0,0.0,2.004,0.0,-0.0,0.0,0.0,0.0,0.0,0.0,4723.0,564145229398016.0,7307.0,-107615400.0,0.0,0.0,-0.0,0.0,0.0,0.0,0.0,77,0.0,-0.0,0.0,0.0,0.0,0.0,0.0,0.0,0.0,0,0,0,0.0,0.0,0.0,0.0,0.0,0.0,0.0,0.0,0.0,0.0,0.0,0.0,0.0,0.0,0.0,0.0,0,-107875648.0,77,0.0,154,0.0,2.6533922776413385e+23,ERR,ERR,ERR,ERR,ERR,ERR,ERR,ERR,ERR,ERR,ERR,ERR,ERR,ERR,ERR,ERR,ERR,ERR,ERR,ERR,ERR,ERR,ERR,ERR,ERR,ERR,ERR,ERR,ERR,ERR,ERR,ERR,ERR,ERR,ERR,ERR,ERR,ERR,ERR,ERR,ERR,ERR,ERR,ERR,ERR,ERR,ERR,ERR,ERR,ERR,ERR,ERR,ERR,ERR,ERR,ERR,ERR,ERR,ERR,ERR,ERR,ERR,ERR,ERR,ERR,ERR,ERR,34.0,80.0,35,0.0,0.0,0.0,0.0,0.0,0.0,0.0,0.0,0.0,0.0,0.0,0.0,0.0,0.0,0.0,0.0,66.0,0,121,58,54,65476,0,300,0,0,8,20529,65476,0,0,57672,80.0,0.0,0.0,0.0,0.0,0.0
2026-06-18T02:02:35,ERR,ERR,ERR,ERR,ERR,ERR,ERR,ERR,ERR,ERR,ERR,ERR,ERR,ERR,ERR,ERR,ERR,ERR,ERR,ERR,ERR,ERR,ERR,ERR,ERR,ERR,ERR,ERR,ERR,ERR,ERR,ERR,ERR,ERR,ERR,ERR,ERR,ERR,ERR,ERR,ERR,ERR,ERR,ERR,ERR,ERR,ERR,ERR,ERR,ERR,ERR,ERR,ERR,ERR,ERR,ERR,ERR,ERR,ERR,ERR,ERR,ERR,ERR,ERR,ERR,ERR,ERR,ERR,ERR,ERR,ERR,ERR,ERR,ERR,ERR,ERR,ERR,ERR,ERR,ERR,ERR,ERR,ERR,ERR,ERR,ERR,ERR,ERR,ERR,ERR,ERR,ERR,ERR,ERR,ERR,ERR,ERR,ERR,ERR,ERR,ERR,ERR,ERR,ERR,ERR,ERR,ERR,ERR,ERR,ERR,ERR,ERR,ERR,ERR,ERR,ERR,ERR,ERR,ERR,ERR,ERR,ERR,ERR,ERR,ERR,-107615400.0,0.0,-134999232.0,-0.0,0.0,1.3936040501711995e+18,7.805,11082173251584.0,0,0,4,48902,6720,14723890282496.0,100,0.0,0.0,0.0,-0.0,0.0,0,0,0,0,0.0,0,0,0,0,0,0,0,0,0,0,0,0,0,0,0,0,0,0,0,0,0,0,0,0,0,0,0,0,0,0,0,0,0,26,51,50,76,65476,0,300,0,0,8,21553,0.0,-107605600.0,0.0,0.0,0.0,0.0,0.0,0.0,0.0,0.0,0.0,0.0,0.0,0.0,0.0,0.0,0.0,0.0,0.0,0.0,0.0,0.0,2.004,0.0,-0.0,0.0,0.0,0.0,0.0,0.0,4723.0,564145229398016.0,7307.0,-107615400.0,0.0,0.0,-0.0,0.0,0.0,0.0,0.0,77,0.0,-0.0,0.0,0.0,0.0,0.0,0.0,0.0,0.0,0,0,0,0.0,0.0,0.0,0.0,0.0,0.0,0.0,0.0,0.0,0.0,0.0,0.0,0.0,0.0,0.0,0.0,0,-107875648.0,77,0.0,154,0.0,2.6533922776413385e+23,ERR,ERR,ERR,ERR,ERR,ERR,ERR,ERR,ERR,ERR,ERR,ERR,ERR,ERR,ERR,ERR,ERR,ERR,ERR,ERR,ERR,ERR,ERR,ERR,ERR,ERR,ERR,ERR,ERR,ERR,ERR,ERR,ERR,ERR,ERR,ERR,ERR,ERR,ERR,ERR,ERR,ERR,ERR,ERR,ERR,ERR,ERR,ERR,ERR,ERR,ERR,ERR,ERR,ERR,ERR,ERR,ERR,ERR,ERR,ERR,ERR,ERR,ERR,ERR,ERR,ERR,ERR,34.0,80.0,35,0.0,0.0,0.0,0.0,0.0,0.0,0.0,0.0,0.0,0.0,0.0,0.0,0.0,0.0,0.0,0.0,66.4,0,121,58,54,65476,0,300,0,0,8,20529,65476,0,0,57672,80.0,0.0,0.0,0.0,0.0,0.0
2026-06-18T02:02:36,ERR,ERR,ERR,ERR,ERR,ERR,ERR,ERR,ERR,ERR,ERR,ERR,ERR,ERR,ERR,ERR,ERR,ERR,ERR,ERR,ERR,ERR,ERR,ERR,ERR,ERR,ERR,ERR,ERR,ERR,ERR,ERR,ERR,ERR,ERR,ERR,ERR,ERR,ERR,ERR,ERR,ERR,ERR,ERR,ERR,ERR,ERR,ERR,ERR,ERR,ERR,ERR,ERR,ERR,ERR,ERR,ERR,ERR,ERR,ERR,ERR,ERR,ERR,ERR,ERR,ERR,ERR,ERR,ERR,ERR,ERR,ERR,ERR,ERR,ERR,ERR,ERR,ERR,ERR,ERR,ERR,ERR,ERR,ERR,ERR,ERR,ERR,ERR,ERR,ERR,ERR,ERR,ERR,ERR,ERR,ERR,ERR,ERR,ERR,ERR,ERR,ERR,ERR,ERR,ERR,ERR,ERR,ERR,ERR,ERR,ERR,ERR,ERR,ERR,ERR,ERR,ERR,ERR,ERR,ERR,ERR,ERR,ERR,ERR,ERR,-107615400.0,0.0,-134999232.0,-0.0,0.0,1.3936040501711995e+18,7.805,11082173251584.0,0,0,4,48902,6720,14723890282496.0,100,0.0,0.0,0.0,-0.0,0.0,0,0,0,0,0.0,0,0,0,0,0,0,0,0,0,0,0,0,0,0,0,0,0,0,0,0,0,0,0,0,0,0,0,0,0,0,0,0,0,26,51,50,76,65476,0,300,0,0,8,21553,0.0,-107605600.0,0.0,0.0,0.0,0.0,0.0,0.0,0.0,0.0,0.0,0.0,0.0,0.0,0.0,0.0,0.0,0.0,0.0,0.0,0.0,0.0,2.004,0.0,-0.0,0.0,0.0,0.0,0.0,0.0,4723.0,564145229398016.0,7307.0,-107615400.0,0.0,0.0,-0.0,0.0,0.0,0.0,0.0,77,0.0,-0.0,0.0,0.0,0.0,0.0,0.0,0.0,0.0,0,0,0,0.0,0.0,0.0,0.0,0.0,0.0,0.0,0.0,0.0,0.0,0.0,0.0,0.0,0.0,0.0,0.0,0,-107875648.0,77,0.0,154,0.0,2.6533922776413385e+23,ERR,ERR,ERR,ERR,ERR,ERR,ERR,ERR,ERR,ERR,ERR,ERR,ERR,ERR,ERR,ERR,ERR,ERR,ERR,ERR,ERR,ERR,ERR,ERR,ERR,ERR,ERR,ERR,ERR,ERR,ERR,ERR,ERR,ERR,ERR,ERR,ERR,ERR,ERR,ERR,ERR,ERR,ERR,ERR,ERR,ERR,ERR,ERR,ERR,ERR,ERR,ERR,ERR,ERR,ERR,ERR,ERR,ERR,ERR,ERR,ERR,ERR,ERR,ERR,ERR,ERR,ERR,34.0,80.0,35,0.0,0.0,0.0,0.0,0.0,0.0,0.0,0.0,0.0,0.0,0.0,0.0,0.0,0.0,0.0,0.0,66.4,0,121,58,54,65476,0,300,0,0,8,20529,65476,0,0,57672,80.0,0.0,0.0,0.0,0.0,0.0
2026-06-18T02:02:37,ERR,ERR,ERR,ERR,ERR,ERR,ERR,ERR,ERR,ERR,ERR,ERR,ERR,ERR,ERR,ERR,ERR,ERR,ERR,ERR,ERR,ERR,ERR,ERR,ERR,ERR,ERR,ERR,ERR,ERR,ERR,ERR,ERR,ERR,ERR,ERR,ERR,ERR,ERR,ERR,ERR,ERR,ERR,ERR,ERR,ERR,ERR,ERR,ERR,ERR,ERR,ERR,ERR,ERR,ERR,ERR,ERR,ERR,ERR,ERR,ERR,ERR,ERR,ERR,ERR,ERR,ERR,ERR,ERR,ERR,ERR,ERR,ERR,ERR,ERR,ERR,ERR,ERR,ERR,ERR,ERR,ERR,ERR,ERR,ERR,ERR,ERR,ERR,ERR,ERR,ERR,ERR,ERR,ERR,ERR,ERR,ERR,ERR,ERR,ERR,ERR,ERR,ERR,ERR,ERR,ERR,ERR,ERR,ERR,ERR,ERR,ERR,ERR,ERR,ERR,ERR,ERR,ERR,ERR,ERR,ERR,ERR,ERR,ERR,ERR,-107615400.0,0.0,-134999232.0,-0.0,0.0,1.3936040501711995e+18,7.805,11082173251584.0,0,0,4,48902,6720,14723890282496.0,100,0.0,0.0,0.0,-0.0,0.0,0,0,0,0,0.0,0,0,0,0,0,0,0,0,0,0,0,0,0,0,0,0,0,0,0,0,0,0,0,0,0,0,0,0,0,0,0,0,0,26,51,50,76,65476,0,300,0,0,8,21553,0.0,-107605600.0,0.0,0.0,0.0,0.0,0.0,0.0,0.0,0.0,0.0,0.0,0.0,0.0,0.0,0.0,0.0,0.0,0.0,0.0,0.0,0.0,2.004,0.0,-0.0,0.0,0.0,0.0,0.0,0.0,4723.0,564145229398016.0,7307.0,-107615400.0,0.0,0.0,-0.0,0.0,0.0,0.0,0.0,77,0.0,-0.0,0.0,0.0,0.0,0.0,0.0,0.0,0.0,0,0,0,0.0,0.0,0.0,0.0,0.0,0.0,0.0,0.0,0.0,0.0,0.0,0.0,0.0,0.0,0.0,0.0,0,-107875648.0,77,0.0,154,0.0,2.6533922776413385e+23,ERR,ERR,ERR,ERR,ERR,ERR,ERR,ERR,ERR,ERR,ERR,ERR,ERR,ERR,ERR,ERR,ERR,ERR,ERR,ERR,ERR,ERR,ERR,ERR,ERR,ERR,ERR,ERR,ERR,ERR,ERR,ERR,ERR,ERR,ERR,ERR,ERR,ERR,ERR,ERR,ERR,ERR,ERR,ERR,ERR,ERR,ERR,ERR,ERR,ERR,ERR,ERR,ERR,ERR,ERR,ERR,ERR,ERR,ERR,ERR,ERR,ERR,ERR,ERR,ERR,ERR,ERR,34.0,80.0,35,0.0,0.0,0.0,0.0,0.0,0.0,0.0,0.0,0.0,0.0,0.0,0.0,0.0,0.0,0.0,0.0,66.0,0,121,58,54,65476,0,300,0,0,8,20529,65476,0,0,57672,80.0,0.0,0.0,0.0,0.0,0.0
2026-06-18T02:02:38,ERR,ERR,ERR,ERR,ERR,ERR,ERR,ERR,ERR,ERR,ERR,ERR,ERR,ERR,ERR,ERR,ERR,ERR,ERR,ERR,ERR,ERR,ERR,ERR,ERR,ERR,ERR,ERR,ERR,ERR,ERR,ERR,ERR,ERR,ERR,ERR,ERR,ERR,ERR,ERR,ERR,ERR,ERR,ERR,ERR,ERR,ERR,ERR,ERR,ERR,ERR,ERR,ERR,ERR,ERR,ERR,ERR,ERR,ERR,ERR,ERR,ERR,ERR,ERR,ERR,ERR,ERR,ERR,ERR,ERR,ERR,ERR,ERR,ERR,ERR,ERR,ERR,ERR,ERR,ERR,ERR,ERR,ERR,ERR,ERR,ERR,ERR,ERR,ERR,ERR,ERR,ERR,ERR,ERR,ERR,ERR,ERR,ERR,ERR,ERR,ERR,ERR,ERR,ERR,ERR,ERR,ERR,ERR,ERR,ERR,ERR,ERR,ERR,ERR,ERR,ERR,ERR,ERR,ERR,ERR,ERR,ERR,ERR,ERR,ERR,-107615400.0,0.0,-134999232.0,-0.0,0.0,1.3936040501711995e+18,7.805,11082173251584.0,0,0,4,48902,6720,14723890282496.0,100,0.0,0.0,0.0,-0.0,0.0,0,0,0,0,0.0,0,0,0,0,0,0,0,0,0,0,0,0,0,0,0,0,0,0,0,0,0,0,0,0,0,0,0,0,0,0,0,0,0,26,51,50,76,65476,0,300,0,0,8,21553,0.0,-107605600.0,0.0,0.0,0.0,0.0,0.0,0.0,0.0,0.0,0.0,0.0,0.0,0.0,0.0,0.0,0.0,0.0,0.0,0.0,0.0,0.0,2.004,0.0,-0.0,0.0,0.0,0.0,0.0,0.0,4723.0,564145229398016.0,7307.0,-107615400.0,0.0,0.0,-0.0,0.0,0.0,0.0,0.0,77,0.0,-0.0,0.0,0.0,0.0,0.0,0.0,0.0,0.0,0,0,0,0.0,0.0,0.0,0.0,0.0,0.0,0.0,0.0,0.0,0.0,0.0,0.0,0.0,0.0,0.0,0.0,0,-107875648.0,77,0.0,154,0.0,2.6533922776413385e+23,ERR,ERR,ERR,ERR,ERR,ERR,ERR,ERR,ERR,ERR,ERR,ERR,ERR,ERR,ERR,ERR,ERR,ERR,ERR,ERR,ERR,ERR,ERR,ERR,ERR,ERR,ERR,ERR,ERR,ERR,ERR,ERR,ERR,ERR,ERR,ERR,ERR,ERR,ERR,ERR,ERR,ERR,ERR,ERR,ERR,ERR,ERR,ERR,ERR,ERR,ERR,ERR,ERR,ERR,ERR,ERR,ERR,ERR,ERR,ERR,ERR,ERR,ERR,ERR,ERR,ERR,ERR,34.0,80.0,35,0.0,0.0,0.0,0.0,0.0,0.0,0.0,0.0,0.0,0.0,0.0,0.0,0.0,0.0,0.0,0.0,66.0,0,121,58,54,65476,0,300,0,0,8,20529,65476,0,0,57672,80.0,0.0,0.0,0.0,0.0,0.0
2026-06-18T02:02:39,ERR,ERR,ERR,ERR,ERR,ERR,ERR,ERR,ERR,ERR,ERR,ERR,ERR,ERR,ERR,ERR,ERR,ERR,ERR,ERR,ERR,ERR,ERR,ERR,ERR,ERR,ERR,ERR,ERR,ERR,ERR,ERR,ERR,ERR,ERR,ERR,ERR,ERR,ERR,ERR,ERR,ERR,ERR,ERR,ERR,ERR,ERR,ERR,ERR,ERR,ERR,ERR,ERR,ERR,ERR,ERR,ERR,ERR,ERR,ERR,ERR,ERR,ERR,ERR,ERR,ERR,ERR,ERR,ERR,ERR,ERR,ERR,ERR,ERR,ERR,ERR,ERR,ERR,ERR,ERR,ERR,ERR,ERR,ERR,ERR,ERR,ERR,ERR,ERR,ERR,ERR,ERR,ERR,ERR,ERR,ERR,ERR,ERR,ERR,ERR,ERR,ERR,ERR,ERR,ERR,ERR,ERR,ERR,ERR,ERR,ERR,ERR,ERR,ERR,ERR,ERR,ERR,ERR,ERR,ERR,ERR,ERR,ERR,ERR,ERR,-107615400.0,-107615392.0,0.0,-0.0,2.012,1.3936040501711995e+18,7.805,-1.8245132555090963e+22,0,0,4,48908,6720,14723890282496.0,100,0.0,0.0,0.0,-0.0,0.0,0,0,0,0,0.0,0,0,0,0,0,0,0,0,0,0,0,0,0,0,0,0,0,0,0,0,0,0,0,0,0,0,0,0,0,0,0,0,0,26,51,50,76,65476,0,300,0,0,8,21553,0.0,-107605600.0,0.0,0.0,0.0,0.0,0.0,0.0,0.0,0.0,0.0,0.0,0.0,0.0,0.0,0.0,0.0,0.0,0.0,0.0,0.0,0.0,2.004,0.0,-0.0,0.0,0.0,0.0,0.0,0.0,4724.0,131350.297,7305.0,-107615400.0,-107615392.0,0.0,-0.0,0.0,0.0,0.0,0.0,77,0.0,-0.0,0.0,0.0,0.0,0.0,0.0,0.0,0.0,0,0,0,0.0,0.0,0.0,0.0,0.0,0.0,0.0,0.0,0.0,0.0,0.0,0.0,0.0,0.0,0.0,0.0,0,-107875648.0,77,0.0,154,0.0,2.6533922776413385e+23,ERR,ERR,ERR,ERR,ERR,ERR,ERR,ERR,ERR,ERR,ERR,ERR,ERR,ERR,ERR,ERR,ERR,ERR,ERR,ERR,ERR,ERR,ERR,ERR,ERR,ERR,ERR,ERR,ERR,ERR,ERR,ERR,ERR,ERR,ERR,ERR,ERR,ERR,ERR,ERR,ERR,ERR,ERR,ERR,ERR,ERR,ERR,ERR,ERR,ERR,ERR,ERR,ERR,ERR,ERR,ERR,ERR,ERR,ERR,ERR,ERR,ERR,ERR,ERR,ERR,ERR,ERR,34.0,80.0,35,0.0,0.0,0.0,0.0,0.0,0.0,0.0,0.0,0.0,0.0,0.0,0.0,0.0,0.0,0.0,0.0,66.0,0,121,58,54,65476,0,300,0,0,8,20529,65476,0,0,57672,80.0,0.0,0.0,0.0,0.0,0.0
2026-06-18T02:02:40,ERR,ERR,ERR,ERR,ERR,ERR,ERR,ERR,ERR,ERR,ERR,ERR,ERR,ERR,ERR,ERR,ERR,ERR,ERR,ERR,ERR,ERR,ERR,ERR,ERR,ERR,ERR,ERR,ERR,ERR,ERR,ERR,ERR,ERR,ERR,ERR,ERR,ERR,ERR,ERR,ERR,ERR,ERR,ERR,ERR,ERR,ERR,ERR,ERR,ERR,ERR,ERR,ERR,ERR,ERR,ERR,ERR,ERR,ERR,ERR,ERR,ERR,ERR,ERR,ERR,ERR,ERR,ERR,ERR,ERR,ERR,ERR,ERR,ERR,ERR,ERR,ERR,ERR,ERR,ERR,ERR,ERR,ERR,ERR,ERR,ERR,ERR,ERR,ERR,ERR,ERR,ERR,ERR,ERR,ERR,ERR,ERR,ERR,ERR,ERR,ERR,ERR,ERR,ERR,ERR,ERR,ERR,ERR,ERR,ERR,ERR,ERR,ERR,ERR,ERR,ERR,ERR,ERR,ERR,ERR,ERR,ERR,ERR,ERR,ERR,-107615400.0,-107615392.0,0.0,-0.0,2.012,1.3936040501711995e+18,7.805,-1.8245132555090963e+22,0,0,4,48908,6720,14723890282496.0,100,0.0,0.0,0.0,-0.0,0.0,0,0,0,0,0.0,0,0,0,0,0,0,0,0,0,0,0,0,0,0,0,0,0,0,0,0,0,0,0,0,0,0,0,0,0,0,0,0,0,26,51,50,76,65476,0,300,0,0,8,21553,0.0,-107605600.0,0.0,0.0,0.0,0.0,0.0,0.0,0.0,0.0,0.0,0.0,0.0,0.0,0.0,0.0,0.0,0.0,0.0,0.0,0.0,0.0,2.004,0.0,-0.0,0.0,0.0,0.0,0.0,0.0,4724.0,131350.297,7305.0,-107615400.0,-107615392.0,0.0,-0.0,0.0,0.0,0.0,0.0,77,0.0,-0.0,0.0,0.0,0.0,0.0,0.0,0.0,0.0,0,0,0,0.0,0.0,0.0,0.0,0.0,0.0,0.0,0.0,0.0,0.0,0.0,0.0,0.0,0.0,0.0,0.0,0,-107875648.0,77,0.0,154,0.0,2.6533922776413385e+23,ERR,ERR,ERR,ERR,ERR,ERR,ERR,ERR,ERR,ERR,ERR,ERR,ERR,ERR,ERR,ERR,ERR,ERR,ERR,ERR,ERR,ERR,ERR,ERR,ERR,ERR,ERR,ERR,ERR,ERR,ERR,ERR,ERR,ERR,ERR,ERR,ERR,ERR,ERR,ERR,ERR,ERR,ERR,ERR,ERR,ERR,ERR,ERR,ERR,ERR,ERR,ERR,ERR,ERR,ERR,ERR,ERR,ERR,ERR,ERR,ERR,ERR,ERR,ERR,ERR,ERR,ERR,34.0,80.0,35,0.0,0.0,0.0,0.0,0.0,0.0,0.0,0.0,0.0,0.0,0.0,0.0,0.0,0.0,0.0,0.0,66.0,0,121,58,54,65476,0,300,0,0,8,20529,65476,0,0,57672,80.0,0.0,0.0,0.0,0.0,0.0
2026-06-18T02:02:41,ERR,ERR,ERR,ERR,ERR,ERR,ERR,ERR,ERR,ERR,ERR,ERR,ERR,ERR,ERR,ERR,ERR,ERR,ERR,ERR,ERR,ERR,ERR,ERR,ERR,ERR,ERR,ERR,ERR,ERR,ERR,ERR,ERR,ERR,ERR,ERR,ERR,ERR,ERR,ERR,ERR,ERR,ERR,ERR,ERR,ERR,ERR,ERR,ERR,ERR,ERR,ERR,ERR,ERR,ERR,ERR,ERR,ERR,ERR,ERR,ERR,ERR,ERR,ERR,ERR,ERR,ERR,ERR,ERR,ERR,ERR,ERR,ERR,ERR,ERR,ERR,ERR,ERR,ERR,ERR,ERR,ERR,ERR,ERR,ERR,ERR,ERR,ERR,ERR,ERR,ERR,ERR,ERR,ERR,ERR,ERR,ERR,ERR,ERR,ERR,ERR,ERR,ERR,ERR,ERR,ERR,ERR,ERR,ERR,ERR,ERR,ERR,ERR,ERR,ERR,ERR,ERR,ERR,ERR,ERR,ERR,ERR,ERR,ERR,ERR,-107615400.0,-107615392.0,0.0,-0.0,2.012,1.3936040501711995e+18,7.805,-1.8245132555090963e+22,0,0,4,48908,6720,14723890282496.0,100,0.0,0.0,0.0,-0.0,0.0,0,0,0,0,0.0,0,0,0,0,0,0,0,0,0,0,0,0,0,0,0,0,0,0,0,0,0,0,0,0,0,0,0,0,0,0,0,0,0,26,51,50,76,65476,0,300,0,0,8,21553,0.0,-107605600.0,0.0,0.0,0.0,0.0,0.0,0.0,0.0,0.0,0.0,0.0,0.0,0.0,0.0,0.0,0.0,0.0,0.0,0.0,0.0,0.0,2.004,0.0,-0.0,0.0,0.0,0.0,0.0,0.0,4724.0,131350.297,7305.0,-107615400.0,-107615392.0,0.0,-0.0,0.0,0.0,0.0,0.0,77,0.0,-0.0,0.0,0.0,0.0,0.0,0.0,0.0,0.0,0,0,0,0.0,0.0,0.0,0.0,0.0,0.0,0.0,0.0,0.0,0.0,0.0,0.0,0.0,0.0,0.0,0.0,0,-107875648.0,77,0.0,154,0.0,2.6533922776413385e+23,ERR,ERR,ERR,ERR,ERR,ERR,ERR,ERR,ERR,ERR,ERR,ERR,ERR,ERR,ERR,ERR,ERR,ERR,ERR,ERR,ERR,ERR,ERR,ERR,ERR,ERR,ERR,ERR,ERR,ERR,ERR,ERR,ERR,ERR,ERR,ERR,ERR,ERR,ERR,ERR,ERR,ERR,ERR,ERR,ERR,ERR,ERR,ERR,ERR,ERR,ERR,ERR,ERR,ERR,ERR,ERR,ERR,ERR,ERR,ERR,ERR,ERR,ERR,ERR,ERR,ERR,ERR,34.0,80.0,35,0.0,0.0,0.0,0.0,0.0,0.0,0.0,0.0,0.0,0.0,0.0,0.0,0.0,0.0,0.0,0.0,66.4,0,121,58,54,65476,0,300,0,0,8,20529,65476,0,0,57672,80.0,0.0,0.0,0.0,0.0,0.0
2026-06-18T02:02:42,ERR,ERR,ERR,ERR,ERR,ERR,ERR,ERR,ERR,ERR,ERR,ERR,ERR,ERR,ERR,ERR,ERR,ERR,ERR,ERR,ERR,ERR,ERR,ERR,ERR,ERR,ERR,ERR,ERR,ERR,ERR,ERR,ERR,ERR,ERR,ERR,ERR,ERR,ERR,ERR,ERR,ERR,ERR,ERR,ERR,ERR,ERR,ERR,ERR,ERR,ERR,ERR,ERR,ERR,ERR,ERR,ERR,ERR,ERR,ERR,ERR,ERR,ERR,ERR,ERR,ERR,ERR,ERR,ERR,ERR,ERR,ERR,ERR,ERR,ERR,ERR,ERR,ERR,ERR,ERR,ERR,ERR,ERR,ERR,ERR,ERR,ERR,ERR,ERR,ERR,ERR,ERR,ERR,ERR,ERR,ERR,ERR,ERR,ERR,ERR,ERR,ERR,ERR,ERR,ERR,ERR,ERR,ERR,ERR,ERR,ERR,ERR,ERR,ERR,ERR,ERR,ERR,ERR,ERR,ERR,ERR,ERR,ERR,ERR,ERR,-107615400.0,-107615392.0,0.0,-0.0,2.012,1.3936040501711995e+18,7.805,-1.8245132555090963e+22,0,0,4,48908,6720,14723890282496.0,100,0.0,0.0,0.0,-0.0,0.0,0,0,0,0,0.0,0,0,0,0,0,0,0,0,0,0,0,0,0,0,0,0,0,0,0,0,0,0,0,0,0,0,0,0,0,0,0,0,0,26,51,50,76,65476,0,300,0,0,8,21553,0.0,-107605600.0,0.0,0.0,0.0,0.0,0.0,0.0,0.0,0.0,0.0,0.0,0.0,0.0,0.0,0.0,0.0,0.0,0.0,0.0,0.0,0.0,2.004,0.0,-0.0,0.0,0.0,0.0,0.0,0.0,4724.0,131350.297,7305.0,-107615400.0,-107615392.0,0.0,-0.0,0.0,0.0,0.0,0.0,77,0.0,-0.0,0.0,0.0,0.0,0.0,0.0,0.0,0.0,0,0,0,0.0,0.0,0.0,0.0,0.0,0.0,0.0,0.0,0.0,0.0,0.0,0.0,0.0,0.0,0.0,0.0,0,-107875648.0,77,0.0,154,0.0,2.6533922776413385e+23,ERR,ERR,ERR,ERR,ERR,ERR,ERR,ERR,ERR,ERR,ERR,ERR,ERR,ERR,ERR,ERR,ERR,ERR,ERR,ERR,ERR,ERR,ERR,ERR,ERR,ERR,ERR,ERR,ERR,ERR,ERR,ERR,ERR,ERR,ERR,ERR,ERR,ERR,ERR,ERR,ERR,ERR,ERR,ERR,ERR,ERR,ERR,ERR,ERR,ERR,ERR,ERR,ERR,ERR,ERR,ERR,ERR,ERR,ERR,ERR,ERR,ERR,ERR,ERR,ERR,ERR,ERR,34.0,80.0,35,0.0,0.0,0.0,0.0,0.0,0.0,0.0,0.0,0.0,0.0,0.0,0.0,0.0,0.0,0.0,0.0,66.4,0,121,58,54,65476,0,300,0,0,8,20529,65476,0,0,57672,80.0,0.0,0.0,0.0,0.0,0.0
2026-06-18T02:02:43,ERR,ERR,ERR,ERR,ERR,ERR,ERR,ERR,ERR,ERR,ERR,ERR,ERR,ERR,ERR,ERR,ERR,ERR,ERR,ERR,ERR,ERR,ERR,ERR,ERR,ERR,ERR,ERR,ERR,ERR,ERR,ERR,ERR,ERR,ERR,ERR,ERR,ERR,ERR,ERR,ERR,ERR,ERR,ERR,ERR,ERR,ERR,ERR,ERR,ERR,ERR,ERR,ERR,ERR,ERR,ERR,ERR,ERR,ERR,ERR,ERR,ERR,ERR,ERR,ERR,ERR,ERR,ERR,ERR,ERR,ERR,ERR,ERR,ERR,ERR,ERR,ERR,ERR,ERR,ERR,ERR,ERR,ERR,ERR,ERR,ERR,ERR,ERR,ERR,ERR,ERR,ERR,ERR,ERR,ERR,ERR,ERR,ERR,ERR,ERR,ERR,ERR,ERR,ERR,ERR,ERR,ERR,ERR,ERR,ERR,ERR,ERR,ERR,ERR,ERR,ERR,ERR,ERR,ERR,ERR,ERR,ERR,ERR,ERR,ERR,-107615400.0,-107615392.0,0.0,-0.0,2.012,1.3936040501711995e+18,7.805,-1.8245132555090963e+22,0,0,4,48908,6720,14723890282496.0,100,0.0,0.0,0.0,-0.0,0.0,0,0,0,0,0.0,0,0,0,0,0,0,0,0,0,0,0,0,0,0,0,0,0,0,0,0,0,0,0,0,0,0,0,0,0,0,0,0,0,26,51,50,76,65476,0,300,0,0,8,21553,0.0,-107605600.0,0.0,0.0,0.0,0.0,0.0,0.0,0.0,0.0,0.0,0.0,0.0,0.0,0.0,0.0,0.0,0.0,0.0,0.0,0.0,0.0,2.004,0.0,-0.0,0.0,0.0,0.0,0.0,0.0,4724.0,131350.297,7305.0,-107615400.0,-107615392.0,0.0,-0.0,0.0,0.0,0.0,0.0,77,0.0,-0.0,0.0,0.0,0.0,0.0,0.0,0.0,0.0,0,0,0,0.0,0.0,0.0,0.0,0.0,0.0,0.0,0.0,0.0,0.0,0.0,0.0,0.0,0.0,0.0,0.0,0,-107875648.0,77,0.0,154,0.0,2.6533922776413385e+23,ERR,ERR,ERR,ERR,ERR,ERR,ERR,ERR,ERR,ERR,ERR,ERR,ERR,ERR,ERR,ERR,ERR,ERR,ERR,ERR,ERR,ERR,ERR,ERR,ERR,ERR,ERR,ERR,ERR,ERR,ERR,ERR,ERR,ERR,ERR,ERR,ERR,ERR,ERR,ERR,ERR,ERR,ERR,ERR,ERR,ERR,ERR,ERR,ERR,ERR,ERR,ERR,ERR,ERR,ERR,ERR,ERR,ERR,ERR,ERR,ERR,ERR,ERR,ERR,ERR,ERR,ERR,34.0,80.0,35,0.0,0.0,0.0,0.0,0.0,0.0,0.0,0.0,0.0,0.0,0.0,0.0,0.0,0.0,0.0,0.0,66.0,0,121,58,54,65476,0,300,0,0,8,20529,65476,0,0,57672,80.0,0.0,0.0,0.0,0.0,0.0
2026-06-18T02:02:44,ERR,ERR,ERR,ERR,ERR,ERR,ERR,ERR,ERR,ERR,ERR,ERR,ERR,ERR,ERR,ERR,ERR,ERR,ERR,ERR,ERR,ERR,ERR,ERR,ERR,ERR,ERR,ERR,ERR,ERR,ERR,ERR,ERR,ERR,ERR,ERR,ERR,ERR,ERR,ERR,ERR,ERR,ERR,ERR,ERR,ERR,ERR,ERR,ERR,ERR,ERR,ERR,ERR,ERR,ERR,ERR,ERR,ERR,ERR,ERR,ERR,ERR,ERR,ERR,ERR,ERR,ERR,ERR,ERR,ERR,ERR,ERR,ERR,ERR,ERR,ERR,ERR,ERR,ERR,ERR,ERR,ERR,ERR,ERR,ERR,ERR,ERR,ERR,ERR,ERR,ERR,ERR,ERR,ERR,ERR,ERR,ERR,ERR,ERR,ERR,ERR,ERR,ERR,ERR,ERR,ERR,ERR,ERR,ERR,ERR,ERR,ERR,ERR,ERR,ERR,ERR,ERR,ERR,ERR,ERR,ERR,ERR,ERR,ERR,ERR,-107615400.0,-107615392.0,0.0,-0.0,-0.0,1.3936040501711995e+18,7.805,0.0,0,0,4,48901,6720,14723890282496.0,100,0.0,0.0,0.0,89215.008,0.0,0,0,0,0,0.0,0,0,0,0,0,0,0,0,0,0,0,0,0,0,0,0,0,0,0,0,0,0,0,0,0,0,0,0,0,0,0,0,0,26,51,50,76,65476,0,300,0,0,8,21553,0.0,-107605600.0,0.0,0.0,0.0,0.0,0.0,0.0,0.0,0.0,0.0,0.0,0.0,0.0,0.0,0.0,0.0,0.0,0.0,0.0,0.0,0.0,2.004,0.0,-0.0,0.0,0.0,0.0,0.0,0.0,4722.0,3.697182175382838e+19,7308.0,-107615400.0,-107615392.0,0.0,-0.0,0.0,0.0,0.0,0.0,77,0.0,-0.0,0.0,0.0,0.0,0.0,0.0,0.0,0.0,0,0,0,0.0,0.0,0.0,0.0,0.0,0.0,0.0,0.0,0.0,0.0,0.0,0.0,0.0,0.0,0.0,0.0,0,-107875648.0,77,0.0,154,0.0,2.6533922776413385e+23,ERR,ERR,ERR,ERR,ERR,ERR,ERR,ERR,ERR,ERR,ERR,ERR,ERR,ERR,ERR,ERR,ERR,ERR,ERR,ERR,ERR,ERR,ERR,ERR,ERR,ERR,ERR,ERR,ERR,ERR,ERR,ERR,ERR,ERR,ERR,ERR,ERR,ERR,ERR,ERR,ERR,ERR,ERR,ERR,ERR,ERR,ERR,ERR,ERR,ERR,ERR,ERR,ERR,ERR,ERR,ERR,ERR,ERR,ERR,ERR,ERR,ERR,ERR,ERR,ERR,ERR,ERR,34.0,80.0,35,0.0,0.0,0.0,0.0,0.0,0.0,0.0,0.0,0.0,0.0,0.0,0.0,0.0,0.0,0.0,0.0,66.0,0,121,58,54,65476,0,300,0,0,8,20529,65476,0,0,57672,80.0,0.0,0.0,0.0,0.0,0.0
2026-06-18T02:02:45,ERR,ERR,ERR,ERR,ERR,ERR,ERR,ERR,ERR,ERR,ERR,ERR,ERR,ERR,ERR,ERR,ERR,ERR,ERR,ERR,ERR,ERR,ERR,ERR,ERR,ERR,ERR,ERR,ERR,ERR,ERR,ERR,ERR,ERR,ERR,ERR,ERR,ERR,ERR,ERR,ERR,ERR,ERR,ERR,ERR,ERR,ERR,ERR,ERR,ERR,ERR,ERR,ERR,ERR,ERR,ERR,ERR,ERR,ERR,ERR,ERR,ERR,ERR,ERR,ERR,ERR,ERR,ERR,ERR,ERR,ERR,ERR,ERR,ERR,ERR,ERR,ERR,ERR,ERR,ERR,ERR,ERR,ERR,ERR,ERR,ERR,ERR,ERR,ERR,ERR,ERR,ERR,ERR,ERR,ERR,ERR,ERR,ERR,ERR,ERR,ERR,ERR,ERR,ERR,ERR,ERR,ERR,ERR,ERR,ERR,ERR,ERR,ERR,ERR,ERR,ERR,ERR,ERR,ERR,ERR,ERR,ERR,ERR,ERR,ERR,-107615400.0,-107615392.0,0.0,-0.0,-0.0,1.3936040501711995e+18,7.805,0.0,0,0,4,48901,6720,14723890282496.0,100,0.0,0.0,0.0,89215.008,0.0,0,0,0,0,0.0,0,0,0,0,0,0,0,0,0,0,0,0,0,0,0,0,0,0,0,0,0,0,0,0,0,0,0,0,0,0,0,0,0,26,51,50,76,65476,0,300,0,0,8,21553,0.0,-107605600.0,0.0,0.0,0.0,0.0,0.0,0.0,0.0,0.0,0.0,0.0,0.0,0.0,0.0,0.0,0.0,0.0,0.0,0.0,0.0,0.0,2.004,0.0,-0.0,0.0,0.0,0.0,0.0,0.0,4722.0,3.697182175382838e+19,7308.0,-107615400.0,-107615392.0,0.0,-0.0,0.0,0.0,0.0,0.0,77,0.0,-0.0,0.0,0.0,0.0,0.0,0.0,0.0,0.0,0,0,0,0.0,0.0,0.0,0.0,0.0,0.0,0.0,0.0,0.0,0.0,0.0,0.0,0.0,0.0,0.0,0.0,0,-107875648.0,77,0.0,154,0.0,2.6533922776413385e+23,ERR,ERR,ERR,ERR,ERR,ERR,ERR,ERR,ERR,ERR,ERR,ERR,ERR,ERR,ERR,ERR,ERR,ERR,ERR,ERR,ERR,ERR,ERR,ERR,ERR,ERR,ERR,ERR,ERR,ERR,ERR,ERR,ERR,ERR,ERR,ERR,ERR,ERR,ERR,ERR,ERR,ERR,ERR,ERR,ERR,ERR,ERR,ERR,ERR,ERR,ERR,ERR,ERR,ERR,ERR,ERR,ERR,ERR,ERR,ERR,ERR,ERR,ERR,ERR,ERR,ERR,ERR,34.0,80.0,35,0.0,0.0,0.0,0.0,0.0,0.0,0.0,0.0,0.0,0.0,0.0,0.0,0.0,0.0,0.0,0.0,66.0,0,121,58,54,65476,0,300,0,0,8,20529,65476,0,0,57672,80.0,0.0,0.0,0.0,0.0,0.0
2026-06-18T02:02:46,ERR,ERR,ERR,ERR,ERR,ERR,ERR,ERR,ERR,ERR,ERR,ERR,ERR,ERR,ERR,ERR,ERR,ERR,ERR,ERR,ERR,ERR,ERR,ERR,ERR,ERR,ERR,ERR,ERR,ERR,ERR,ERR,ERR,ERR,ERR,ERR,ERR,ERR,ERR,ERR,ERR,ERR,ERR,ERR,ERR,ERR,ERR,ERR,ERR,ERR,ERR,ERR,ERR,ERR,ERR,ERR,ERR,ERR,ERR,ERR,ERR,ERR,ERR,ERR,ERR,ERR,ERR,ERR,ERR,ERR,ERR,ERR,ERR,ERR,ERR,ERR,ERR,ERR,ERR,ERR,ERR,ERR,ERR,ERR,ERR,ERR,ERR,ERR,ERR,ERR,ERR,ERR,ERR,ERR,ERR,ERR,ERR,ERR,ERR,ERR,ERR,ERR,ERR,ERR,ERR,ERR,ERR,ERR,ERR,ERR,ERR,ERR,ERR,ERR,ERR,ERR,ERR,ERR,ERR,ERR,ERR,ERR,ERR,ERR,ERR,-107615400.0,-107615392.0,0.0,-0.0,-0.0,1.3936040501711995e+18,7.805,0.0,0,0,4,48901,6720,14723890282496.0,100,0.0,0.0,0.0,89215.008,0.0,0,0,0,0,0.0,0,0,0,0,0,0,0,0,0,0,0,0,0,0,0,0,0,0,0,0,0,0,0,0,0,0,0,0,0,0,0,0,0,26,51,50,76,65476,0,300,0,0,8,21553,0.0,-107605600.0,0.0,0.0,0.0,0.0,0.0,0.0,0.0,0.0,0.0,0.0,0.0,0.0,0.0,0.0,0.0,0.0,0.0,0.0,0.0,0.0,2.004,0.0,-0.0,0.0,0.0,0.0,0.0,0.0,4722.0,3.697182175382838e+19,7308.0,-107615400.0,-107615392.0,0.0,-0.0,0.0,0.0,0.0,0.0,77,0.0,-0.0,0.0,0.0,0.0,0.0,0.0,0.0,0.0,0,0,0,0.0,0.0,0.0,0.0,0.0,0.0,0.0,0.0,0.0,0.0,0.0,0.0,0.0,0.0,0.0,0.0,0,-107875648.0,77,0.0,154,0.0,2.6533922776413385e+23,ERR,ERR,ERR,ERR,ERR,ERR,ERR,ERR,ERR,ERR,ERR,ERR,ERR,ERR,ERR,ERR,ERR,ERR,ERR,ERR,ERR,ERR,ERR,ERR,ERR,ERR,ERR,ERR,ERR,ERR,ERR,ERR,ERR,ERR,ERR,ERR,ERR,ERR,ERR,ERR,ERR,ERR,ERR,ERR,ERR,ERR,ERR,ERR,ERR,ERR,ERR,ERR,ERR,ERR,ERR,ERR,ERR,ERR,ERR,ERR,ERR,ERR,ERR,ERR,ERR,ERR,ERR,34.0,80.0,35,0.0,0.0,0.0,0.0,0.0,0.0,0.0,0.0,0.0,0.0,0.0,0.0,0.0,0.0,0.0,0.0,66.0,0,121,58,54,65476,0,300,0,0,8,20529,65476,0,0,57672,80.0,0.0,0.0,0.0,0.0,0.0
2026-06-18T02:02:47,ERR,ERR,ERR,ERR,ERR,ERR,ERR,ERR,ERR,ERR,ERR,ERR,ERR,ERR,ERR,ERR,ERR,ERR,ERR,ERR,ERR,ERR,ERR,ERR,ERR,ERR,ERR,ERR,ERR,ERR,ERR,ERR,ERR,ERR,ERR,ERR,ERR,ERR,ERR,ERR,ERR,ERR,ERR,ERR,ERR,ERR,ERR,ERR,ERR,ERR,ERR,ERR,ERR,ERR,ERR,ERR,ERR,ERR,ERR,ERR,ERR,ERR,ERR,ERR,ERR,ERR,ERR,ERR,ERR,ERR,ERR,ERR,ERR,ERR,ERR,ERR,ERR,ERR,ERR,ERR,ERR,ERR,ERR,ERR,ERR,ERR,ERR,ERR,ERR,ERR,ERR,ERR,ERR,ERR,ERR,ERR,ERR,ERR,ERR,ERR,ERR,ERR,ERR,ERR,ERR,ERR,ERR,ERR,ERR,ERR,ERR,ERR,ERR,ERR,ERR,ERR,ERR,ERR,ERR,ERR,ERR,ERR,ERR,ERR,ERR,-107615400.0,-107615392.0,0.0,-0.0,-0.0,1.3936040501711995e+18,7.805,0.0,0,0,4,48901,6720,14723890282496.0,100,0.0,0.0,0.0,89215.008,0.0,0,0,0,0,0.0,0,0,0,0,0,0,0,0,0,0,0,0,0,0,0,0,0,0,0,0,0,0,0,0,0,0,0,0,0,0,0,0,0,26,51,50,76,65476,0,300,0,0,8,21553,0.0,-107605600.0,0.0,0.0,0.0,0.0,0.0,0.0,0.0,0.0,0.0,0.0,0.0,0.0,0.0,0.0,0.0,0.0,0.0,0.0,0.0,0.0,2.004,0.0,-0.0,0.0,0.0,0.0,0.0,0.0,4722.0,3.697182175382838e+19,7308.0,-107615400.0,-107615392.0,0.0,-0.0,0.0,0.0,0.0,0.0,77,0.0,-0.0,0.0,0.0,0.0,0.0,0.0,0.0,0.0,0,0,0,0.0,0.0,0.0,0.0,0.0,0.0,0.0,0.0,0.0,0.0,0.0,0.0,0.0,0.0,0.0,0.0,0,-107875648.0,77,0.0,154,0.0,2.6533922776413385e+23,ERR,ERR,ERR,ERR,ERR,ERR,ERR,ERR,ERR,ERR,ERR,ERR,ERR,ERR,ERR,ERR,ERR,ERR,ERR,ERR,ERR,ERR,ERR,ERR,ERR,ERR,ERR,ERR,ERR,ERR,ERR,ERR,ERR,ERR,ERR,ERR,ERR,ERR,ERR,ERR,ERR,ERR,ERR,ERR,ERR,ERR,ERR,ERR,ERR,ERR,ERR,ERR,ERR,ERR,ERR,ERR,ERR,ERR,ERR,ERR,ERR,ERR,ERR,ERR,ERR,ERR,ERR,34.0,80.0,35,0.0,0.0,0.0,0.0,0.0,0.0,0.0,0.0,0.0,0.0,0.0,0.0,0.0,0.0,0.0,0.0,66.0,0,121,58,54,65476,0,300,0,0,8,20529,65476,0,0,57672,80.0,0.0,0.0,0.0,0.0,0.0
2026-06-18T02:02:48,ERR,ERR,ERR,ERR,ERR,ERR,ERR,ERR,ERR,ERR,ERR,ERR,ERR,ERR,ERR,ERR,ERR,ERR,ERR,ERR,ERR,ERR,ERR,ERR,ERR,ERR,ERR,ERR,ERR,ERR,ERR,ERR,ERR,ERR,ERR,ERR,ERR,ERR,ERR,ERR,ERR,ERR,ERR,ERR,ERR,ERR,ERR,ERR,ERR,ERR,ERR,ERR,ERR,ERR,ERR,ERR,ERR,ERR,ERR,ERR,ERR,ERR,ERR,ERR,ERR,ERR,ERR,ERR,ERR,ERR,ERR,ERR,ERR,ERR,ERR,ERR,ERR,ERR,ERR,ERR,ERR,ERR,ERR,ERR,ERR,ERR,ERR,ERR,ERR,ERR,ERR,ERR,ERR,ERR,ERR,ERR,ERR,ERR,ERR,ERR,ERR,ERR,ERR,ERR,ERR,ERR,ERR,ERR,ERR,ERR,ERR,ERR,ERR,ERR,ERR,ERR,ERR,ERR,ERR,ERR,ERR,ERR,ERR,ERR,ERR,-107615400.0,-107615392.0,0.0,-0.0,-0.0,1.3936040501711995e+18,7.805,0.0,0,0,4,48901,6720,14723890282496.0,100,0.0,0.0,0.0,89215.008,0.0,0,0,0,0,0.0,0,0,0,0,0,0,0,0,0,0,0,0,0,0,0,0,0,0,0,0,0,0,0,0,0,0,0,0,0,0,0,0,0,26,51,50,76,65476,0,300,0,0,8,21553,0.0,-107605600.0,0.0,0.0,0.0,0.0,0.0,0.0,0.0,0.0,0.0,0.0,0.0,0.0,0.0,0.0,0.0,0.0,0.0,0.0,0.0,0.0,2.004,0.0,-0.0,0.0,0.0,0.0,0.0,0.0,4722.0,3.697182175382838e+19,7308.0,-107615400.0,-107615392.0,0.0,-0.0,0.0,0.0,0.0,0.0,77,0.0,-0.0,0.0,0.0,0.0,0.0,0.0,0.0,0.0,0,0,0,0.0,0.0,0.0,0.0,0.0,0.0,0.0,0.0,0.0,0.0,0.0,0.0,0.0,0.0,0.0,0.0,0,-107875648.0,77,0.0,154,0.0,2.6533922776413385e+23,ERR,ERR,ERR,ERR,ERR,ERR,ERR,ERR,ERR,ERR,ERR,ERR,ERR,ERR,ERR,ERR,ERR,ERR,ERR,ERR,ERR,ERR,ERR,ERR,ERR,ERR,ERR,ERR,ERR,ERR,ERR,ERR,ERR,ERR,ERR,ERR,ERR,ERR,ERR,ERR,ERR,ERR,ERR,ERR,ERR,ERR,ERR,ERR,ERR,ERR,ERR,ERR,ERR,ERR,ERR,ERR,ERR,ERR,ERR,ERR,ERR,ERR,ERR,ERR,ERR,ERR,ERR,34.0,80.0,35,0.0,0.0,0.0,0.0,0.0,0.0,0.0,0.0,0.0,0.0,0.0,0.0,0.0,0.0,0.0,0.0,66.0,0,121,58,54,65476,0,300,0,0,8,20529,65476,0,0,57672,80.0,0.0,0.0,0.0,0.0,0.0
2026-06-18T02:02:49,ERR,ERR,ERR,ERR,ERR,ERR,ERR,ERR,ERR,ERR,ERR,ERR,ERR,ERR,ERR,ERR,ERR,ERR,ERR,ERR,ERR,ERR,ERR,ERR,ERR,ERR,ERR,ERR,ERR,ERR,ERR,ERR,ERR,ERR,ERR,ERR,ERR,ERR,ERR,ERR,ERR,ERR,ERR,ERR,ERR,ERR,ERR,ERR,ERR,ERR,ERR,ERR,ERR,ERR,ERR,ERR,ERR,ERR,ERR,ERR,ERR,ERR,ERR,ERR,ERR,ERR,ERR,ERR,ERR,ERR,ERR,ERR,ERR,ERR,ERR,ERR,ERR,ERR,ERR,ERR,ERR,ERR,ERR,ERR,ERR,ERR,ERR,ERR,ERR,ERR,ERR,ERR,ERR,ERR,ERR,ERR,ERR,ERR,ERR,ERR,ERR,ERR,ERR,ERR,ERR,ERR,ERR,ERR,ERR,ERR,ERR,ERR,ERR,ERR,ERR,ERR,ERR,ERR,ERR,ERR,ERR,ERR,ERR,ERR,ERR,-107615400.0,-107615392.0,0.0,0.059,0.0,1.3936040501711995e+18,7.805,-0.0,0,0,4,48901,6720,14723890282496.0,100,0.0,0.0,0.0,-0.0,0.0,0,0,0,0,0.0,0,0,0,0,0,0,0,0,0,0,0,0,0,0,0,0,0,0,0,0,0,0,0,0,0,0,0,0,0,0,0,0,0,26,51,50,76,65476,0,300,0,0,8,21553,0.0,-107605600.0,0.0,0.0,0.0,0.0,0.0,0.0,0.0,0.0,0.0,0.0,0.0,0.0,0.0,0.0,0.0,0.0,0.0,0.0,0.0,0.0,2.004,0.0,-0.0,0.0,0.0,0.0,0.0,0.0,4720.0,2.4229853104588965e+24,7309.0,-107615400.0,-107615392.0,0.0,-0.0,0.0,0.0,0.0,0.0,77,-4.950429371599289e+32,-0.0,0.0,0.0,0.0,0.0,0.0,0.0,0.0,0,0,0,0.0,0.0,0.0,0.0,0.0,0.0,0.0,0.0,0.0,0.0,0.0,0.0,0.0,0.0,0.0,0.0,0,-107875648.0,77,0.0,154,0.0,2.6533922776413385e+23,ERR,ERR,ERR,ERR,ERR,ERR,ERR,ERR,ERR,ERR,ERR,ERR,ERR,ERR,ERR,ERR,ERR,ERR,ERR,ERR,ERR,ERR,ERR,ERR,ERR,ERR,ERR,ERR,ERR,ERR,ERR,ERR,ERR,ERR,ERR,ERR,ERR,ERR,ERR,ERR,ERR,ERR,ERR,ERR,ERR,ERR,ERR,ERR,ERR,ERR,ERR,ERR,ERR,ERR,ERR,ERR,ERR,ERR,ERR,ERR,ERR,ERR,ERR,ERR,ERR,ERR,ERR,34.0,80.0,35,0.0,0.0,0.0,0.0,0.0,0.0,0.0,0.0,0.0,0.0,0.0,0.0,0.0,0.0,0.0,0.0,66.0,0,121,58,54,65476,0,300,0,0,8,20529,65476,0,0,57672,80.0,0.0,0.0,0.0,0.0,0.0
2026-06-18T02:02:50,ERR,ERR,ERR,ERR,ERR,ERR,ERR,ERR,ERR,ERR,ERR,ERR,ERR,ERR,ERR,ERR,ERR,ERR,ERR,ERR,ERR,ERR,ERR,ERR,ERR,ERR,ERR,ERR,ERR,ERR,ERR,ERR,ERR,ERR,ERR,ERR,ERR,ERR,ERR,ERR,ERR,ERR,ERR,ERR,ERR,ERR,ERR,ERR,ERR,ERR,ERR,ERR,ERR,ERR,ERR,ERR,ERR,ERR,ERR,ERR,ERR,ERR,ERR,ERR,ERR,ERR,ERR,ERR,ERR,ERR,ERR,ERR,ERR,ERR,ERR,ERR,ERR,ERR,ERR,ERR,ERR,ERR,ERR,ERR,ERR,ERR,ERR,ERR,ERR,ERR,ERR,ERR,ERR,ERR,ERR,ERR,ERR,ERR,ERR,ERR,ERR,ERR,ERR,ERR,ERR,ERR,ERR,ERR,ERR,ERR,ERR,ERR,ERR,ERR,ERR,ERR,ERR,ERR,ERR,ERR,ERR,ERR,ERR,ERR,ERR,-107615400.0,-107615392.0,0.0,0.059,0.0,1.3936040501711995e+18,7.805,-0.0,0,0,4,48901,6720,14723890282496.0,100,0.0,0.0,0.0,-0.0,0.0,0,0,0,0,0.0,0,0,0,0,0,0,0,0,0,0,0,0,0,0,0,0,0,0,0,0,0,0,0,0,0,0,0,0,0,0,0,0,0,26,51,50,76,65476,0,300,0,0,8,21553,0.0,-107605600.0,0.0,0.0,0.0,0.0,0.0,0.0,0.0,0.0,0.0,0.0,0.0,0.0,0.0,0.0,0.0,0.0,0.0,0.0,0.0,0.0,2.004,0.0,-0.0,0.0,0.0,0.0,0.0,0.0,4720.0,2.4229853104588965e+24,7309.0,-107615400.0,-107615392.0,0.0,-0.0,0.0,0.0,0.0,0.0,77,-4.950429371599289e+32,-0.0,0.0,0.0,0.0,0.0,0.0,0.0,0.0,0,0,0,0.0,0.0,0.0,0.0,0.0,0.0,0.0,0.0,0.0,0.0,0.0,0.0,0.0,0.0,0.0,0.0,0,-107875648.0,77,0.0,154,0.0,2.6533922776413385e+23,ERR,ERR,ERR,ERR,ERR,ERR,ERR,ERR,ERR,ERR,ERR,ERR,ERR,ERR,ERR,ERR,ERR,ERR,ERR,ERR,ERR,ERR,ERR,ERR,ERR,ERR,ERR,ERR,ERR,ERR,ERR,ERR,ERR,ERR,ERR,ERR,ERR,ERR,ERR,ERR,ERR,ERR,ERR,ERR,ERR,ERR,ERR,ERR,ERR,ERR,ERR,ERR,ERR,ERR,ERR,ERR,ERR,ERR,ERR,ERR,ERR,ERR,ERR,ERR,ERR,ERR,ERR,34.0,80.0,35,0.0,0.0,0.0,0.0,0.0,0.0,0.0,0.0,0.0,0.0,0.0,0.0,0.0,0.0,0.0,0.0,66.0,0,121,58,54,65476,0,300,0,0,8,20529,65476,0,0,57672,80.0,0.0,0.0,0.0,0.0,0.0
2026-06-18T02:02:51,ERR,ERR,ERR,ERR,ERR,ERR,ERR,ERR,ERR,ERR,ERR,ERR,ERR,ERR,ERR,ERR,ERR,ERR,ERR,ERR,ERR,ERR,ERR,ERR,ERR,ERR,ERR,ERR,ERR,ERR,ERR,ERR,ERR,ERR,ERR,ERR,ERR,ERR,ERR,ERR,ERR,ERR,ERR,ERR,ERR,ERR,ERR,ERR,ERR,ERR,ERR,ERR,ERR,ERR,ERR,ERR,ERR,ERR,ERR,ERR,ERR,ERR,ERR,ERR,ERR,ERR,ERR,ERR,ERR,ERR,ERR,ERR,ERR,ERR,ERR,ERR,ERR,ERR,ERR,ERR,ERR,ERR,ERR,ERR,ERR,ERR,ERR,ERR,ERR,ERR,ERR,ERR,ERR,ERR,ERR,ERR,ERR,ERR,ERR,ERR,ERR,ERR,ERR,ERR,ERR,ERR,ERR,ERR,ERR,ERR,ERR,ERR,ERR,ERR,ERR,ERR,ERR,ERR,ERR,ERR,ERR,ERR,ERR,ERR,ERR,-107615400.0,-107615392.0,0.0,0.059,0.0,1.3936040501711995e+18,7.805,-0.0,0,0,4,48901,6720,14723890282496.0,100,0.0,0.0,0.0,-0.0,0.0,0,0,0,0,0.0,0,0,0,0,0,0,0,0,0,0,0,0,0,0,0,0,0,0,0,0,0,0,0,0,0,0,0,0,0,0,0,0,0,26,51,50,76,65476,0,300,0,0,8,21553,0.0,-107605600.0,0.0,0.0,0.0,0.0,0.0,0.0,0.0,0.0,0.0,0.0,0.0,0.0,0.0,0.0,0.0,0.0,0.0,0.0,0.0,0.0,2.004,0.0,-0.0,0.0,0.0,0.0,0.0,0.0,4720.0,2.4229853104588965e+24,7309.0,-107615400.0,-107615392.0,0.0,-0.0,0.0,0.0,0.0,0.0,77,-4.950429371599289e+32,-0.0,0.0,0.0,0.0,0.0,0.0,0.0,0.0,0,0,0,0.0,0.0,0.0,0.0,0.0,0.0,0.0,0.0,0.0,0.0,0.0,0.0,0.0,0.0,0.0,0.0,0,-107875648.0,77,0.0,154,0.0,2.6533922776413385e+23,ERR,ERR,ERR,ERR,ERR,ERR,ERR,ERR,ERR,ERR,ERR,ERR,ERR,ERR,ERR,ERR,ERR,ERR,ERR,ERR,ERR,ERR,ERR,ERR,ERR,ERR,ERR,ERR,ERR,ERR,ERR,ERR,ERR,ERR,ERR,ERR,ERR,ERR,ERR,ERR,ERR,ERR,ERR,ERR,ERR,ERR,ERR,ERR,ERR,ERR,ERR,ERR,ERR,ERR,ERR,ERR,ERR,ERR,ERR,ERR,ERR,ERR,ERR,ERR,ERR,ERR,ERR,34.0,80.0,35,0.0,0.0,0.0,0.0,0.0,0.0,0.0,0.0,0.0,0.0,0.0,0.0,0.0,0.0,0.0,0.0,66.0,0,121,58,54,65476,0,300,0,0,8,20529,65476,0,0,57672,80.0,0.0,0.0,0.0,0.0,0.0
2026-06-18T02:02:52,ERR,ERR,ERR,ERR,ERR,ERR,ERR,ERR,ERR,ERR,ERR,ERR,ERR,ERR,ERR,ERR,ERR,ERR,ERR,ERR,ERR,ERR,ERR,ERR,ERR,ERR,ERR,ERR,ERR,ERR,ERR,ERR,ERR,ERR,ERR,ERR,ERR,ERR,ERR,ERR,ERR,ERR,ERR,ERR,ERR,ERR,ERR,ERR,ERR,ERR,ERR,ERR,ERR,ERR,ERR,ERR,ERR,ERR,ERR,ERR,ERR,ERR,ERR,ERR,ERR,ERR,ERR,ERR,ERR,ERR,ERR,ERR,ERR,ERR,ERR,ERR,ERR,ERR,ERR,ERR,ERR,ERR,ERR,ERR,ERR,ERR,ERR,ERR,ERR,ERR,ERR,ERR,ERR,ERR,ERR,ERR,ERR,ERR,ERR,ERR,ERR,ERR,ERR,ERR,ERR,ERR,ERR,ERR,ERR,ERR,ERR,ERR,ERR,ERR,ERR,ERR,ERR,ERR,ERR,ERR,ERR,ERR,ERR,ERR,ERR,-107615400.0,-107615392.0,0.0,0.059,0.0,1.3936040501711995e+18,7.805,-0.0,0,0,4,48901,6720,14723890282496.0,100,0.0,0.0,0.0,-0.0,0.0,0,0,0,0,0.0,0,0,0,0,0,0,0,0,0,0,0,0,0,0,0,0,0,0,0,0,0,0,0,0,0,0,0,0,0,0,0,0,0,26,51,50,76,65476,0,300,0,0,8,21553,0.0,-107605600.0,0.0,0.0,0.0,0.0,0.0,0.0,0.0,0.0,0.0,0.0,0.0,0.0,0.0,0.0,0.0,0.0,0.0,0.0,0.0,0.0,2.004,0.0,-0.0,0.0,0.0,0.0,0.0,0.0,4720.0,2.4229853104588965e+24,7309.0,-107615400.0,-107615392.0,0.0,-0.0,0.0,0.0,0.0,0.0,77,-4.950429371599289e+32,-0.0,0.0,0.0,0.0,0.0,0.0,0.0,0.0,0,0,0,0.0,0.0,0.0,0.0,0.0,0.0,0.0,0.0,0.0,0.0,0.0,0.0,0.0,0.0,0.0,0.0,0,-107875648.0,77,0.0,154,0.0,2.6533922776413385e+23,ERR,ERR,ERR,ERR,ERR,ERR,ERR,ERR,ERR,ERR,ERR,ERR,ERR,ERR,ERR,ERR,ERR,ERR,ERR,ERR,ERR,ERR,ERR,ERR,ERR,ERR,ERR,ERR,ERR,ERR,ERR,ERR,ERR,ERR,ERR,ERR,ERR,ERR,ERR,ERR,ERR,ERR,ERR,ERR,ERR,ERR,ERR,ERR,ERR,ERR,ERR,ERR,ERR,ERR,ERR,ERR,ERR,ERR,ERR,ERR,ERR,ERR,ERR,ERR,ERR,ERR,ERR,34.0,80.0,35,0.0,0.0,0.0,0.0,0.0,0.0,0.0,0.0,0.0,0.0,0.0,0.0,0.0,0.0,0.0,0.0,66.0,0,121,58,54,65476,0,300,0,0,8,20529,65476,0,0,57672,80.0,0.0,0.0,0.0,0.0,0.0
2026-06-18T02:02:53,ERR,ERR,ERR,ERR,ERR,ERR,ERR,ERR,ERR,ERR,ERR,ERR,ERR,ERR,ERR,ERR,ERR,ERR,ERR,ERR,ERR,ERR,ERR,ERR,ERR,ERR,ERR,ERR,ERR,ERR,ERR,ERR,ERR,ERR,ERR,ERR,ERR,ERR,ERR,ERR,ERR,ERR,ERR,ERR,ERR,ERR,ERR,ERR,ERR,ERR,ERR,ERR,ERR,ERR,ERR,ERR,ERR,ERR,ERR,ERR,ERR,ERR,ERR,ERR,ERR,ERR,ERR,ERR,ERR,ERR,ERR,ERR,ERR,ERR,ERR,ERR,ERR,ERR,ERR,ERR,ERR,ERR,ERR,ERR,ERR,ERR,ERR,ERR,ERR,ERR,ERR,ERR,ERR,ERR,ERR,ERR,ERR,ERR,ERR,ERR,ERR,ERR,ERR,ERR,ERR,ERR,ERR,ERR,ERR,ERR,ERR,ERR,ERR,ERR,ERR,ERR,ERR,ERR,ERR,ERR,ERR,ERR,ERR,ERR,ERR,-107615400.0,-107615392.0,0.0,0.059,0.0,1.3936040501711995e+18,7.805,-0.0,0,0,4,48901,6720,14723890282496.0,100,0.0,0.0,0.0,-0.0,0.0,0,0,0,0,0.0,0,0,0,0,0,0,0,0,0,0,0,0,0,0,0,0,0,0,0,0,0,0,0,0,0,0,0,0,0,0,0,0,0,26,51,50,76,65476,0,300,0,0,8,21553,0.0,-107605600.0,0.0,0.0,0.0,0.0,0.0,0.0,0.0,0.0,0.0,0.0,0.0,0.0,0.0,0.0,0.0,0.0,0.0,0.0,0.0,0.0,2.004,0.0,-0.0,0.0,0.0,0.0,0.0,0.0,4720.0,2.4229853104588965e+24,7309.0,-107615400.0,-107615392.0,0.0,-0.0,0.0,0.0,0.0,0.0,77,-4.950429371599289e+32,-0.0,0.0,0.0,0.0,0.0,0.0,0.0,0.0,0,0,0,0.0,0.0,0.0,0.0,0.0,0.0,0.0,0.0,0.0,0.0,0.0,0.0,0.0,0.0,0.0,0.0,0,-107875648.0,77,0.0,154,0.0,2.6533922776413385e+23,ERR,ERR,ERR,ERR,ERR,ERR,ERR,ERR,ERR,ERR,ERR,ERR,ERR,ERR,ERR,ERR,ERR,ERR,ERR,ERR,ERR,ERR,ERR,ERR,ERR,ERR,ERR,ERR,ERR,ERR,ERR,ERR,ERR,ERR,ERR,ERR,ERR,ERR,ERR,ERR,ERR,ERR,ERR,ERR,ERR,ERR,ERR,ERR,ERR,ERR,ERR,ERR,ERR,ERR,ERR,ERR,ERR,ERR,ERR,ERR,ERR,ERR,ERR,ERR,ERR,ERR,ERR,34.0,80.0,35,0.0,0.0,0.0,0.0,0.0,0.0,0.0,0.0,0.0,0.0,0.0,0.0,0.0,0.0,0.0,0.0,66.0,0,121,58,54,65476,0,300,0,0,8,20529,65476,0,0,57672,80.0,0.0,0.0,0.0,0.0,0.0
2026-06-18T02:02:54,ERR,ERR,ERR,ERR,ERR,ERR,ERR,ERR,ERR,ERR,ERR,ERR,ERR,ERR,ERR,ERR,ERR,ERR,ERR,ERR,ERR,ERR,ERR,ERR,ERR,ERR,ERR,ERR,ERR,ERR,ERR,ERR,ERR,ERR,ERR,ERR,ERR,ERR,ERR,ERR,ERR,ERR,ERR,ERR,ERR,ERR,ERR,ERR,ERR,ERR,ERR,ERR,ERR,ERR,ERR,ERR,ERR,ERR,ERR,ERR,ERR,ERR,ERR,ERR,ERR,ERR,ERR,ERR,ERR,ERR,ERR,ERR,ERR,ERR,ERR,ERR,ERR,ERR,ERR,ERR,ERR,ERR,ERR,ERR,ERR,ERR,ERR,ERR,ERR,ERR,ERR,ERR,ERR,ERR,ERR,ERR,ERR,ERR,ERR,ERR,ERR,ERR,ERR,ERR,ERR,ERR,ERR,ERR,ERR,ERR,ERR,ERR,ERR,ERR,ERR,ERR,ERR,ERR,ERR,ERR,ERR,ERR,ERR,ERR,ERR,-107615400.0,-107615392.0,0.0,0.059,0.0,1.3936040501711995e+18,7.805,-0.0,0,0,4,48901,6720,14723890282496.0,100,0.0,0.0,0.0,-0.0,0.0,0,0,0,0,0.0,0,0,0,0,0,0,0,0,0,0,0,0,0,0,0,0,0,0,0,0,0,0,0,0,0,0,0,0,0,0,0,0,0,26,51,50,76,65476,0,300,0,0,8,21553,0.0,-107605600.0,0.0,0.0,0.0,0.0,0.0,0.0,0.0,0.0,0.0,0.0,0.0,0.0,0.0,0.0,0.0,0.0,0.0,0.0,0.0,0.0,2.004,0.0,-0.0,0.0,0.0,0.0,0.0,0.0,4720.0,2.4229853104588965e+24,7309.0,-107615400.0,-107615392.0,0.0,-0.0,0.0,0.0,0.0,0.0,77,-4.950429371599289e+32,-0.0,0.0,0.0,0.0,0.0,0.0,0.0,0.0,0,0,0,0.0,0.0,0.0,0.0,0.0,0.0,0.0,0.0,0.0,0.0,0.0,0.0,0.0,0.0,0.0,0.0,0,-107875648.0,77,0.0,154,0.0,2.6533922776413385e+23,ERR,ERR,ERR,ERR,ERR,ERR,ERR,ERR,ERR,ERR,ERR,ERR,ERR,ERR,ERR,ERR,ERR,ERR,ERR,ERR,ERR,ERR,ERR,ERR,ERR,ERR,ERR,ERR,ERR,ERR,ERR,ERR,ERR,ERR,ERR,ERR,ERR,ERR,ERR,ERR,ERR,ERR,ERR,ERR,ERR,ERR,ERR,ERR,ERR,ERR,ERR,ERR,ERR,ERR,ERR,ERR,ERR,ERR,ERR,ERR,ERR,ERR,ERR,ERR,ERR,ERR,ERR,34.0,80.0,35,0.0,0.0,0.0,0.0,0.0,0.0,0.0,0.0,0.0,0.0,0.0,0.0,0.0,0.0,0.0,0.0,66.4,0,121,58,54,65476,0,300,0,0,8,20529,65476,0,0,57672,80.0,0.0,0.0,0.0,0.0,0.0
2026-06-18T02:02:55,ERR,ERR,ERR,ERR,ERR,ERR,ERR,ERR,ERR,ERR,ERR,ERR,ERR,ERR,ERR,ERR,ERR,ERR,ERR,ERR,ERR,ERR,ERR,ERR,ERR,ERR,ERR,ERR,ERR,ERR,ERR,ERR,ERR,ERR,ERR,ERR,ERR,ERR,ERR,ERR,ERR,ERR,ERR,ERR,ERR,ERR,ERR,ERR,ERR,ERR,ERR,ERR,ERR,ERR,ERR,ERR,ERR,ERR,ERR,ERR,ERR,ERR,ERR,ERR,ERR,ERR,ERR,ERR,ERR,ERR,ERR,ERR,ERR,ERR,ERR,ERR,ERR,ERR,ERR,ERR,ERR,ERR,ERR,ERR,ERR,ERR,ERR,ERR,ERR,ERR,ERR,ERR,ERR,ERR,ERR,ERR,ERR,ERR,ERR,ERR,ERR,ERR,ERR,ERR,ERR,ERR,ERR,ERR,ERR,ERR,ERR,ERR,ERR,ERR,ERR,ERR,ERR,ERR,ERR,ERR,ERR,ERR,ERR,ERR,ERR,-107615400.0,-107615392.0,0.0,-0.0,-0.0,1.3936040501711995e+18,7.805,0.0,0,0,4,48901,6720,14723890282496.0,100,0.0,0.0,0.0,-0.0,0.0,0,0,0,0,0.0,0,0,0,0,0,0,0,0,0,0,0,0,0,0,0,0,0,0,0,0,0,0,0,0,0,0,0,0,0,0,0,0,0,26,51,50,76,65476,0,300,0,0,8,21553,0.0,-107605600.0,0.0,0.0,0.0,0.0,0.0,0.0,0.0,0.0,0.0,0.0,0.0,0.0,0.0,0.0,0.0,0.0,0.0,0.0,0.0,0.0,2.004,0.0,-0.0,0.0,0.0,0.0,0.0,0.0,4722.0,1.5879276530623424e+29,7310.0,-107615400.0,0.0,0.0,-0.0,0.0,0.0,0.0,0.0,77,0.0,-0.0,0.0,0.0,0.0,0.0,0.0,0.0,0.0,0,0,0,0.0,0.0,0.0,0.0,0.0,0.0,0.0,0.0,0.0,0.0,0.0,0.0,0.0,0.0,0.0,0.0,0,-107875648.0,77,0.0,154,0.0,2.6533922776413385e+23,ERR,ERR,ERR,ERR,ERR,ERR,ERR,ERR,ERR,ERR,ERR,ERR,ERR,ERR,ERR,ERR,ERR,ERR,ERR,ERR,ERR,ERR,ERR,ERR,ERR,ERR,ERR,ERR,ERR,ERR,ERR,ERR,ERR,ERR,ERR,ERR,ERR,ERR,ERR,ERR,ERR,ERR,ERR,ERR,ERR,ERR,ERR,ERR,ERR,ERR,ERR,ERR,ERR,ERR,ERR,ERR,ERR,ERR,ERR,ERR,ERR,ERR,ERR,ERR,ERR,ERR,ERR,34.0,80.0,35,0.0,0.0,0.0,0.0,0.0,0.0,0.0,0.0,0.0,0.0,0.0,0.0,0.0,0.0,0.0,0.0,66.0,0,121,58,54,65476,0,300,0,0,8,20529,65476,0,0,57672,80.0,0.0,0.0,0.0,0.0,0.0
2026-06-18T02:02:56,ERR,ERR,ERR,ERR,ERR,ERR,ERR,ERR,ERR,ERR,ERR,ERR,ERR,ERR,ERR,ERR,ERR,ERR,ERR,ERR,ERR,ERR,ERR,ERR,ERR,ERR,ERR,ERR,ERR,ERR,ERR,ERR,ERR,ERR,ERR,ERR,ERR,ERR,ERR,ERR,ERR,ERR,ERR,ERR,ERR,ERR,ERR,ERR,ERR,ERR,ERR,ERR,ERR,ERR,ERR,ERR,ERR,ERR,ERR,ERR,ERR,ERR,ERR,ERR,ERR,ERR,ERR,ERR,ERR,ERR,ERR,ERR,ERR,ERR,ERR,ERR,ERR,ERR,ERR,ERR,ERR,ERR,ERR,ERR,ERR,ERR,ERR,ERR,ERR,ERR,ERR,ERR,ERR,ERR,ERR,ERR,ERR,ERR,ERR,ERR,ERR,ERR,ERR,ERR,ERR,ERR,ERR,ERR,ERR,ERR,ERR,ERR,ERR,ERR,ERR,ERR,ERR,ERR,ERR,ERR,ERR,ERR,ERR,ERR,ERR,-107615400.0,-107615392.0,0.0,-0.0,-0.0,1.3936040501711995e+18,7.805,0.0,0,0,4,48901,6720,14723890282496.0,100,0.0,0.0,0.0,-0.0,0.0,0,0,0,0,0.0,0,0,0,0,0,0,0,0,0,0,0,0,0,0,0,0,0,0,0,0,0,0,0,0,0,0,0,0,0,0,0,0,0,26,51,50,76,65476,0,300,0,0,8,21553,0.0,-107605600.0,0.0,0.0,0.0,0.0,0.0,0.0,0.0,0.0,0.0,0.0,0.0,0.0,0.0,0.0,0.0,0.0,0.0,0.0,0.0,0.0,2.004,0.0,-0.0,0.0,0.0,0.0,0.0,0.0,4722.0,1.5879276530623424e+29,7310.0,-107615400.0,0.0,0.0,-0.0,0.0,0.0,0.0,0.0,77,0.0,-0.0,0.0,0.0,0.0,0.0,0.0,0.0,0.0,0,0,0,0.0,0.0,0.0,0.0,0.0,0.0,0.0,0.0,0.0,0.0,0.0,0.0,0.0,0.0,0.0,0.0,0,-107875648.0,77,0.0,154,0.0,2.6533922776413385e+23,ERR,ERR,ERR,ERR,ERR,ERR,ERR,ERR,ERR,ERR,ERR,ERR,ERR,ERR,ERR,ERR,ERR,ERR,ERR,ERR,ERR,ERR,ERR,ERR,ERR,ERR,ERR,ERR,ERR,ERR,ERR,ERR,ERR,ERR,ERR,ERR,ERR,ERR,ERR,ERR,ERR,ERR,ERR,ERR,ERR,ERR,ERR,ERR,ERR,ERR,ERR,ERR,ERR,ERR,ERR,ERR,ERR,ERR,ERR,ERR,ERR,ERR,ERR,ERR,ERR,ERR,ERR,34.0,80.0,35,0.0,0.0,0.0,0.0,0.0,0.0,0.0,0.0,0.0,0.0,0.0,0.0,0.0,0.0,0.0,0.0,66.0,0,121,58,54,65476,0,300,0,0,8,20529,65476,0,0,57672,80.0,0.0,0.0,0.0,0.0,0.0
2026-06-18T02:02:57,ERR,ERR,ERR,ERR,ERR,ERR,ERR,ERR,ERR,ERR,ERR,ERR,ERR,ERR,ERR,ERR,ERR,ERR,ERR,ERR,ERR,ERR,ERR,ERR,ERR,ERR,ERR,ERR,ERR,ERR,ERR,ERR,ERR,ERR,ERR,ERR,ERR,ERR,ERR,ERR,ERR,ERR,ERR,ERR,ERR,ERR,ERR,ERR,ERR,ERR,ERR,ERR,ERR,ERR,ERR,ERR,ERR,ERR,ERR,ERR,ERR,ERR,ERR,ERR,ERR,ERR,ERR,ERR,ERR,ERR,ERR,ERR,ERR,ERR,ERR,ERR,ERR,ERR,ERR,ERR,ERR,ERR,ERR,ERR,ERR,ERR,ERR,ERR,ERR,ERR,ERR,ERR,ERR,ERR,ERR,ERR,ERR,ERR,ERR,ERR,ERR,ERR,ERR,ERR,ERR,ERR,ERR,ERR,ERR,ERR,ERR,ERR,ERR,ERR,ERR,ERR,ERR,ERR,ERR,ERR,ERR,ERR,ERR,ERR,ERR,-107615400.0,-107615392.0,0.0,-0.0,-0.0,1.3936040501711995e+18,7.805,0.0,0,0,4,48901,6720,14723890282496.0,100,0.0,0.0,0.0,-0.0,0.0,0,0,0,0,0.0,0,0,0,0,0,0,0,0,0,0,0,0,0,0,0,0,0,0,0,0,0,0,0,0,0,0,0,0,0,0,0,0,0,26,51,50,76,65476,0,300,0,0,8,21553,0.0,-107605600.0,0.0,0.0,0.0,0.0,0.0,0.0,0.0,0.0,0.0,0.0,0.0,0.0,0.0,0.0,0.0,0.0,0.0,0.0,0.0,0.0,2.004,0.0,-0.0,0.0,0.0,0.0,0.0,0.0,4722.0,1.5879276530623424e+29,7310.0,-107615400.0,0.0,0.0,-0.0,0.0,0.0,0.0,0.0,77,0.0,-0.0,0.0,0.0,0.0,0.0,0.0,0.0,0.0,0,0,0,0.0,0.0,0.0,0.0,0.0,0.0,0.0,0.0,0.0,0.0,0.0,0.0,0.0,0.0,0.0,0.0,0,-107875648.0,77,0.0,154,0.0,2.6533922776413385e+23,ERR,ERR,ERR,ERR,ERR,ERR,ERR,ERR,ERR,ERR,ERR,ERR,ERR,ERR,ERR,ERR,ERR,ERR,ERR,ERR,ERR,ERR,ERR,ERR,ERR,ERR,ERR,ERR,ERR,ERR,ERR,ERR,ERR,ERR,ERR,ERR,ERR,ERR,ERR,ERR,ERR,ERR,ERR,ERR,ERR,ERR,ERR,ERR,ERR,ERR,ERR,ERR,ERR,ERR,ERR,ERR,ERR,ERR,ERR,ERR,ERR,ERR,ERR,ERR,ERR,ERR,ERR,34.0,80.0,35,0.0,0.0,0.0,0.0,0.0,0.0,0.0,0.0,0.0,0.0,0.0,0.0,0.0,0.0,0.0,0.0,66.4,0,121,58,54,65476,0,300,0,0,8,20529,65476,0,0,57672,80.0,0.0,0.0,0.0,0.0,0.0
2026-06-18T02:02:58,ERR,ERR,ERR,ERR,ERR,ERR,ERR,ERR,ERR,ERR,ERR,ERR,ERR,ERR,ERR,ERR,ERR,ERR,ERR,ERR,ERR,ERR,ERR,ERR,ERR,ERR,ERR,ERR,ERR,ERR,ERR,ERR,ERR,ERR,ERR,ERR,ERR,ERR,ERR,ERR,ERR,ERR,ERR,ERR,ERR,ERR,ERR,ERR,ERR,ERR,ERR,ERR,ERR,ERR,ERR,ERR,ERR,ERR,ERR,ERR,ERR,ERR,ERR,ERR,ERR,ERR,ERR,ERR,ERR,ERR,ERR,ERR,ERR,ERR,ERR,ERR,ERR,ERR,ERR,ERR,ERR,ERR,ERR,ERR,ERR,ERR,ERR,ERR,ERR,ERR,ERR,ERR,ERR,ERR,ERR,ERR,ERR,ERR,ERR,ERR,ERR,ERR,ERR,ERR,ERR,ERR,ERR,ERR,ERR,ERR,ERR,ERR,ERR,ERR,ERR,ERR,ERR,ERR,ERR,ERR,ERR,ERR,ERR,ERR,ERR,-107615400.0,-107615392.0,0.0,-0.0,-0.0,1.3936040501711995e+18,7.805,0.0,0,0,4,48901,6720,14723890282496.0,100,0.0,0.0,0.0,-0.0,0.0,0,0,0,0,0.0,0,0,0,0,0,0,0,0,0,0,0,0,0,0,0,0,0,0,0,0,0,0,0,0,0,0,0,0,0,0,0,0,0,26,51,50,76,65476,0,300,0,0,8,21553,0.0,-107605600.0,0.0,0.0,0.0,0.0,0.0,0.0,0.0,0.0,0.0,0.0,0.0,0.0,0.0,0.0,0.0,0.0,0.0,0.0,0.0,0.0,2.004,0.0,-0.0,0.0,0.0,0.0,0.0,0.0,4722.0,1.5879276530623424e+29,7310.0,-107615400.0,0.0,0.0,-0.0,0.0,0.0,0.0,0.0,77,0.0,-0.0,0.0,0.0,0.0,0.0,0.0,0.0,0.0,0,0,0,0.0,0.0,0.0,0.0,0.0,0.0,0.0,0.0,0.0,0.0,0.0,0.0,0.0,0.0,0.0,0.0,0,-107875648.0,77,0.0,154,0.0,2.6533922776413385e+23,ERR,ERR,ERR,ERR,ERR,ERR,ERR,ERR,ERR,ERR,ERR,ERR,ERR,ERR,ERR,ERR,ERR,ERR,ERR,ERR,ERR,ERR,ERR,ERR,ERR,ERR,ERR,ERR,ERR,ERR,ERR,ERR,ERR,ERR,ERR,ERR,ERR,ERR,ERR,ERR,ERR,ERR,ERR,ERR,ERR,ERR,ERR,ERR,ERR,ERR,ERR,ERR,ERR,ERR,ERR,ERR,ERR,ERR,ERR,ERR,ERR,ERR,ERR,ERR,ERR,ERR,ERR,34.0,80.0,35,0.0,0.0,0.0,0.0,0.0,0.0,0.0,0.0,0.0,0.0,0.0,0.0,0.0,0.0,0.0,0.0,66.4,0,121,58,54,65476,0,300,0,0,8,20529,65476,0,0,57672,80.0,0.0,0.0,0.0,0.0,0.0
2026-06-18T02:02:59,ERR,ERR,ERR,ERR,ERR,ERR,ERR,ERR,ERR,ERR,ERR,ERR,ERR,ERR,ERR,ERR,ERR,ERR,ERR,ERR,ERR,ERR,ERR,ERR,ERR,ERR,ERR,ERR,ERR,ERR,ERR,ERR,ERR,ERR,ERR,ERR,ERR,ERR,ERR,ERR,ERR,ERR,ERR,ERR,ERR,ERR,ERR,ERR,ERR,ERR,ERR,ERR,ERR,ERR,ERR,ERR,ERR,ERR,ERR,ERR,ERR,ERR,ERR,ERR,ERR,ERR,ERR,ERR,ERR,ERR,ERR,ERR,ERR,ERR,ERR,ERR,ERR,ERR,ERR,ERR,ERR,ERR,ERR,ERR,ERR,ERR,ERR,ERR,ERR,ERR,ERR,ERR,ERR,ERR,ERR,ERR,ERR,ERR,ERR,ERR,ERR,ERR,ERR,ERR,ERR,ERR,ERR,ERR,ERR,ERR,ERR,ERR,ERR,ERR,ERR,ERR,ERR,ERR,ERR,ERR,ERR,ERR,ERR,ERR,ERR,-107615400.0,-107615392.0,0.0,-0.0,-0.0,1.3936040501711995e+18,7.805,0.0,0,0,4,48901,6720,14723890282496.0,100,0.0,0.0,0.0,-0.0,0.0,0,0,0,0,0.0,0,0,0,0,0,0,0,0,0,0,0,0,0,0,0,0,0,0,0,0,0,0,0,0,0,0,0,0,0,0,0,0,0,26,51,50,76,65476,0,300,0,0,8,21553,0.0,-107605600.0,0.0,0.0,0.0,0.0,0.0,0.0,0.0,0.0,0.0,0.0,0.0,0.0,0.0,0.0,0.0,0.0,0.0,0.0,0.0,0.0,2.004,0.0,-0.0,0.0,0.0,0.0,0.0,0.0,4722.0,1.5879276530623424e+29,7310.0,-107615400.0,0.0,0.0,-0.0,0.0,0.0,0.0,0.0,77,0.0,-0.0,0.0,0.0,0.0,0.0,0.0,0.0,0.0,0,0,0,0.0,0.0,0.0,0.0,0.0,0.0,0.0,0.0,0.0,0.0,0.0,0.0,0.0,0.0,0.0,0.0,0,-107875648.0,77,0.0,154,0.0,2.6533922776413385e+23,ERR,ERR,ERR,ERR,ERR,ERR,ERR,ERR,ERR,ERR,ERR,ERR,ERR,ERR,ERR,ERR,ERR,ERR,ERR,ERR,ERR,ERR,ERR,ERR,ERR,ERR,ERR,ERR,ERR,ERR,ERR,ERR,ERR,ERR,ERR,ERR,ERR,ERR,ERR,ERR,ERR,ERR,ERR,ERR,ERR,ERR,ERR,ERR,ERR,ERR,ERR,ERR,ERR,ERR,ERR,ERR,ERR,ERR,ERR,ERR,ERR,ERR,ERR,ERR,ERR,ERR,ERR,34.0,80.0,35,0.0,0.0,0.0,0.0,0.0,0.0,0.0,0.0,0.0,0.0,0.0,0.0,0.0,0.0,0.0,0.0,66.0,0,121,58,54,65476,0,300,0,0,8,20529,65476,0,0,57672,80.0,0.0,0.0,0.0,0.0,0.0
2026-06-18T02:03:00,ERR,ERR,ERR,ERR,ERR,ERR,ERR,ERR,ERR,ERR,ERR,ERR,ERR,ERR,ERR,ERR,ERR,ERR,ERR,ERR,ERR,ERR,ERR,ERR,ERR,ERR,ERR,ERR,ERR,ERR,ERR,ERR,ERR,ERR,ERR,ERR,ERR,ERR,ERR,ERR,ERR,ERR,ERR,ERR,ERR,ERR,ERR,ERR,ERR,ERR,ERR,ERR,ERR,ERR,ERR,ERR,ERR,ERR,ERR,ERR,ERR,ERR,ERR,ERR,ERR,ERR,ERR,ERR,ERR,ERR,ERR,ERR,ERR,ERR,ERR,ERR,ERR,ERR,ERR,ERR,ERR,ERR,ERR,ERR,ERR,ERR,ERR,ERR,ERR,ERR,ERR,ERR,ERR,ERR,ERR,ERR,ERR,ERR,ERR,ERR,ERR,ERR,ERR,ERR,ERR,ERR,ERR,ERR,ERR,ERR,ERR,ERR,ERR,ERR,ERR,ERR,ERR,ERR,ERR,ERR,ERR,ERR,ERR,ERR,ERR,-107615400.0,-107615392.0,0.0,0.059,0.0,1.3936040501711995e+18,7.805,-0.0,0,0,4,48907,6720,14723890282496.0,100,0.0,0.0,0.0,-0.0,0.0,0,0,0,0,0.0,0,0,0,0,0,0,0,0,0,0,0,0,0,0,0,0,0,0,0,0,0,0,0,0,0,0,0,0,0,0,0,0,0,26,51,50,76,65476,0,300,0,0,8,21553,0.0,-107605600.0,0.0,0.0,0.0,0.0,0.0,0.0,0.0,0.0,0.0,0.0,0.0,0.0,0.0,0.0,0.0,0.0,0.0,0.0,0.0,0.0,2.004,0.0,-0.0,0.0,0.0,0.0,0.0,0.0,4723.0,1.0406642667109367e+34,7311.0,-107615400.0,-107615392.0,0.0,-0.0,0.0,0.0,0.0,0.0,77,0.0,-71.629,0.0,0.0,0.0,0.0,0.0,0.0,0.0,0,0,0,0.0,0.0,0.0,0.0,0.0,0.0,0.0,0.0,0.0,0.0,0.0,0.0,0.0,0.0,0.0,0.0,0,-107875648.0,77,0.0,154,0.0,2.6533922776413385e+23,ERR,ERR,ERR,ERR,ERR,ERR,ERR,ERR,ERR,ERR,ERR,ERR,ERR,ERR,ERR,ERR,ERR,ERR,ERR,ERR,ERR,ERR,ERR,ERR,ERR,ERR,ERR,ERR,ERR,ERR,ERR,ERR,ERR,ERR,ERR,ERR,ERR,ERR,ERR,ERR,ERR,ERR,ERR,ERR,ERR,ERR,ERR,ERR,ERR,ERR,ERR,ERR,ERR,ERR,ERR,ERR,ERR,ERR,ERR,ERR,ERR,ERR,ERR,ERR,ERR,ERR,ERR,34.0,80.0,35,0.0,0.0,0.0,0.0,0.0,0.0,0.0,0.0,0.0,0.0,0.0,0.0,0.0,0.0,0.0,0.0,66.0,0,121,58,54,65476,0,300,0,0,8,20529,65476,0,0,57672,80.0,0.0,0.0,0.0,0.0,0.0
2026-06-18T02:03:01,ERR,ERR,ERR,ERR,ERR,ERR,ERR,ERR,ERR,ERR,ERR,ERR,ERR,ERR,ERR,ERR,ERR,ERR,ERR,ERR,ERR,ERR,ERR,ERR,ERR,ERR,ERR,ERR,ERR,ERR,ERR,ERR,ERR,ERR,ERR,ERR,ERR,ERR,ERR,ERR,ERR,ERR,ERR,ERR,ERR,ERR,ERR,ERR,ERR,ERR,ERR,ERR,ERR,ERR,ERR,ERR,ERR,ERR,ERR,ERR,ERR,ERR,ERR,ERR,ERR,ERR,ERR,ERR,ERR,ERR,ERR,ERR,ERR,ERR,ERR,ERR,ERR,ERR,ERR,ERR,ERR,ERR,ERR,ERR,ERR,ERR,ERR,ERR,ERR,ERR,ERR,ERR,ERR,ERR,ERR,ERR,ERR,ERR,ERR,ERR,ERR,ERR,ERR,ERR,ERR,ERR,ERR,ERR,ERR,ERR,ERR,ERR,ERR,ERR,ERR,ERR,ERR,ERR,ERR,ERR,ERR,ERR,ERR,ERR,ERR,-107615400.0,-107615392.0,0.0,0.059,0.0,1.3936040501711995e+18,7.805,-0.0,0,0,4,48907,6720,14723890282496.0,100,0.0,0.0,0.0,-0.0,0.0,0,0,0,0,0.0,0,0,0,0,0,0,0,0,0,0,0,0,0,0,0,0,0,0,0,0,0,0,0,0,0,0,0,0,0,0,0,0,0,26,51,50,76,65476,0,300,0,0,8,21553,0.0,-107605600.0,0.0,0.0,0.0,0.0,0.0,0.0,0.0,0.0,0.0,0.0,0.0,0.0,0.0,0.0,0.0,0.0,0.0,0.0,0.0,0.0,2.004,0.0,-0.0,0.0,0.0,0.0,0.0,0.0,4723.0,1.0406642667109367e+34,7311.0,-107615400.0,-107615392.0,0.0,-0.0,0.0,0.0,0.0,0.0,77,0.0,-71.629,0.0,0.0,0.0,0.0,0.0,0.0,0.0,0,0,0,0.0,0.0,0.0,0.0,0.0,0.0,0.0,0.0,0.0,0.0,0.0,0.0,0.0,0.0,0.0,0.0,0,-107875648.0,77,0.0,154,0.0,2.6533922776413385e+23,ERR,ERR,ERR,ERR,ERR,ERR,ERR,ERR,ERR,ERR,ERR,ERR,ERR,ERR,ERR,ERR,ERR,ERR,ERR,ERR,ERR,ERR,ERR,ERR,ERR,ERR,ERR,ERR,ERR,ERR,ERR,ERR,ERR,ERR,ERR,ERR,ERR,ERR,ERR,ERR,ERR,ERR,ERR,ERR,ERR,ERR,ERR,ERR,ERR,ERR,ERR,ERR,ERR,ERR,ERR,ERR,ERR,ERR,ERR,ERR,ERR,ERR,ERR,ERR,ERR,ERR,ERR,34.0,80.0,35,0.0,0.0,0.0,0.0,0.0,0.0,0.0,0.0,0.0,0.0,0.0,0.0,0.0,0.0,0.0,0.0,66.0,0,121,58,54,65476,0,300,0,0,8,20529,65476,0,0,57672,80.0,0.0,0.0,0.0,0.0,0.0
2026-06-18T02:03:02,ERR,ERR,ERR,ERR,ERR,ERR,ERR,ERR,ERR,ERR,ERR,ERR,ERR,ERR,ERR,ERR,ERR,ERR,ERR,ERR,ERR,ERR,ERR,ERR,ERR,ERR,ERR,ERR,ERR,ERR,ERR,ERR,ERR,ERR,ERR,ERR,ERR,ERR,ERR,ERR,ERR,ERR,ERR,ERR,ERR,ERR,ERR,ERR,ERR,ERR,ERR,ERR,ERR,ERR,ERR,ERR,ERR,ERR,ERR,ERR,ERR,ERR,ERR,ERR,ERR,ERR,ERR,ERR,ERR,ERR,ERR,ERR,ERR,ERR,ERR,ERR,ERR,ERR,ERR,ERR,ERR,ERR,ERR,ERR,ERR,ERR,ERR,ERR,ERR,ERR,ERR,ERR,ERR,ERR,ERR,ERR,ERR,ERR,ERR,ERR,ERR,ERR,ERR,ERR,ERR,ERR,ERR,ERR,ERR,ERR,ERR,ERR,ERR,ERR,ERR,ERR,ERR,ERR,ERR,ERR,ERR,ERR,ERR,ERR,ERR,-107615400.0,-107615392.0,0.0,0.059,0.0,1.3936040501711995e+18,7.805,-0.0,0,0,4,48907,6720,14723890282496.0,100,0.0,0.0,0.0,-0.0,0.0,0,0,0,0,0.0,0,0,0,0,0,0,0,0,0,0,0,0,0,0,0,0,0,0,0,0,0,0,0,0,0,0,0,0,0,0,0,0,0,26,51,50,76,65476,0,300,0,0,8,21553,0.0,-107605600.0,0.0,0.0,0.0,0.0,0.0,0.0,0.0,0.0,0.0,0.0,0.0,0.0,0.0,0.0,0.0,0.0,0.0,0.0,0.0,0.0,2.004,0.0,-0.0,0.0,0.0,0.0,0.0,0.0,4723.0,1.0406642667109367e+34,7311.0,-107615400.0,-107615392.0,0.0,-0.0,0.0,0.0,0.0,0.0,77,0.0,-71.629,0.0,0.0,0.0,0.0,0.0,0.0,0.0,0,0,0,0.0,0.0,0.0,0.0,0.0,0.0,0.0,0.0,0.0,0.0,0.0,0.0,0.0,0.0,0.0,0.0,0,-107875648.0,77,0.0,154,0.0,2.6533922776413385e+23,ERR,ERR,ERR,ERR,ERR,ERR,ERR,ERR,ERR,ERR,ERR,ERR,ERR,ERR,ERR,ERR,ERR,ERR,ERR,ERR,ERR,ERR,ERR,ERR,ERR,ERR,ERR,ERR,ERR,ERR,ERR,ERR,ERR,ERR,ERR,ERR,ERR,ERR,ERR,ERR,ERR,ERR,ERR,ERR,ERR,ERR,ERR,ERR,ERR,ERR,ERR,ERR,ERR,ERR,ERR,ERR,ERR,ERR,ERR,ERR,ERR,ERR,ERR,ERR,ERR,ERR,ERR,34.0,80.0,35,0.0,0.0,0.0,0.0,0.0,0.0,0.0,0.0,0.0,0.0,0.0,0.0,0.0,0.0,0.0,0.0,66.0,0,121,58,54,65476,0,300,0,0,8,20529,65476,0,0,57672,80.0,0.0,0.0,0.0,0.0,0.0
2026-06-18T02:03:03,ERR,ERR,ERR,ERR,ERR,ERR,ERR,ERR,ERR,ERR,ERR,ERR,ERR,ERR,ERR,ERR,ERR,ERR,ERR,ERR,ERR,ERR,ERR,ERR,ERR,ERR,ERR,ERR,ERR,ERR,ERR,ERR,ERR,ERR,ERR,ERR,ERR,ERR,ERR,ERR,ERR,ERR,ERR,ERR,ERR,ERR,ERR,ERR,ERR,ERR,ERR,ERR,ERR,ERR,ERR,ERR,ERR,ERR,ERR,ERR,ERR,ERR,ERR,ERR,ERR,ERR,ERR,ERR,ERR,ERR,ERR,ERR,ERR,ERR,ERR,ERR,ERR,ERR,ERR,ERR,ERR,ERR,ERR,ERR,ERR,ERR,ERR,ERR,ERR,ERR,ERR,ERR,ERR,ERR,ERR,ERR,ERR,ERR,ERR,ERR,ERR,ERR,ERR,ERR,ERR,ERR,ERR,ERR,ERR,ERR,ERR,ERR,ERR,ERR,ERR,ERR,ERR,ERR,ERR,ERR,ERR,ERR,ERR,ERR,ERR,-107615400.0,-107615392.0,0.0,0.059,0.0,1.3936040501711995e+18,7.805,-0.0,0,0,4,48907,6720,14723890282496.0,100,0.0,0.0,0.0,-0.0,0.0,0,0,0,0,0.0,0,0,0,0,0,0,0,0,0,0,0,0,0,0,0,0,0,0,0,0,0,0,0,0,0,0,0,0,0,0,0,0,0,26,51,50,76,65476,0,300,0,0,8,21553,0.0,-107605600.0,0.0,0.0,0.0,0.0,0.0,0.0,0.0,0.0,0.0,0.0,0.0,0.0,0.0,0.0,0.0,0.0,0.0,0.0,0.0,0.0,2.004,0.0,-0.0,0.0,0.0,0.0,0.0,0.0,4723.0,1.0406642667109367e+34,7311.0,-107615400.0,-107615392.0,0.0,-0.0,0.0,0.0,0.0,0.0,77,0.0,-71.629,0.0,0.0,0.0,0.0,0.0,0.0,0.0,0,0,0,0.0,0.0,0.0,0.0,0.0,0.0,0.0,0.0,0.0,0.0,0.0,0.0,0.0,0.0,0.0,0.0,0,-107875648.0,77,0.0,154,0.0,2.6533922776413385e+23,ERR,ERR,ERR,ERR,ERR,ERR,ERR,ERR,ERR,ERR,ERR,ERR,ERR,ERR,ERR,ERR,ERR,ERR,ERR,ERR,ERR,ERR,ERR,ERR,ERR,ERR,ERR,ERR,ERR,ERR,ERR,ERR,ERR,ERR,ERR,ERR,ERR,ERR,ERR,ERR,ERR,ERR,ERR,ERR,ERR,ERR,ERR,ERR,ERR,ERR,ERR,ERR,ERR,ERR,ERR,ERR,ERR,ERR,ERR,ERR,ERR,ERR,ERR,ERR,ERR,ERR,ERR,34.0,80.0,35,0.0,0.0,0.0,0.0,0.0,0.0,0.0,0.0,0.0,0.0,0.0,0.0,0.0,0.0,0.0,0.0,66.0,0,121,58,54,65476,0,300,0,0,8,20529,65476,0,0,57672,80.0,0.0,0.0,0.0,0.0,0.0
2026-06-18T02:03:04,ERR,ERR,ERR,ERR,ERR,ERR,ERR,ERR,ERR,ERR,ERR,ERR,ERR,ERR,ERR,ERR,ERR,ERR,ERR,ERR,ERR,ERR,ERR,ERR,ERR,ERR,ERR,ERR,ERR,ERR,ERR,ERR,ERR,ERR,ERR,ERR,ERR,ERR,ERR,ERR,ERR,ERR,ERR,ERR,ERR,ERR,ERR,ERR,ERR,ERR,ERR,ERR,ERR,ERR,ERR,ERR,ERR,ERR,ERR,ERR,ERR,ERR,ERR,ERR,ERR,ERR,ERR,ERR,ERR,ERR,ERR,ERR,ERR,ERR,ERR,ERR,ERR,ERR,ERR,ERR,ERR,ERR,ERR,ERR,ERR,ERR,ERR,ERR,ERR,ERR,ERR,ERR,ERR,ERR,ERR,ERR,ERR,ERR,ERR,ERR,ERR,ERR,ERR,ERR,ERR,ERR,ERR,ERR,ERR,ERR,ERR,ERR,ERR,ERR,ERR,ERR,ERR,ERR,ERR,ERR,ERR,ERR,ERR,ERR,ERR,-107615400.0,-107615392.0,0.0,0.059,0.0,1.3936040501711995e+18,7.805,-0.0,0,0,4,48907,6720,14723890282496.0,100,0.0,0.0,0.0,-0.0,0.0,0,0,0,0,0.0,0,0,0,0,0,0,0,0,0,0,0,0,0,0,0,0,0,0,0,0,0,0,0,0,0,0,0,0,0,0,0,0,0,26,51,50,76,65476,0,300,0,0,8,21553,0.0,-107605600.0,0.0,0.0,0.0,0.0,0.0,0.0,0.0,0.0,0.0,0.0,0.0,0.0,0.0,0.0,0.0,0.0,0.0,0.0,0.0,0.0,2.004,0.0,-0.0,0.0,0.0,0.0,0.0,0.0,4723.0,1.0406642667109367e+34,7311.0,-107615400.0,-107615392.0,0.0,-0.0,0.0,0.0,0.0,0.0,77,0.0,-71.629,0.0,0.0,0.0,0.0,0.0,0.0,0.0,0,0,0,0.0,0.0,0.0,0.0,0.0,0.0,0.0,0.0,0.0,0.0,0.0,0.0,0.0,0.0,0.0,0.0,0,-107875648.0,77,0.0,154,0.0,2.6533922776413385e+23,ERR,ERR,ERR,ERR,ERR,ERR,ERR,ERR,ERR,ERR,ERR,ERR,ERR,ERR,ERR,ERR,ERR,ERR,ERR,ERR,ERR,ERR,ERR,ERR,ERR,ERR,ERR,ERR,ERR,ERR,ERR,ERR,ERR,ERR,ERR,ERR,ERR,ERR,ERR,ERR,ERR,ERR,ERR,ERR,ERR,ERR,ERR,ERR,ERR,ERR,ERR,ERR,ERR,ERR,ERR,ERR,ERR,ERR,ERR,ERR,ERR,ERR,ERR,ERR,ERR,ERR,ERR,34.0,80.0,35,0.0,0.0,0.0,0.0,0.0,0.0,0.0,0.0,0.0,0.0,0.0,0.0,0.0,0.0,0.0,0.0,66.0,0,121,58,54,65476,0,300,0,0,8,20529,65476,0,0,57672,80.0,0.0,0.0,0.0,0.0,0.0
2026-06-18T02:03:05,ERR,ERR,ERR,ERR,ERR,ERR,ERR,ERR,ERR,ERR,ERR,ERR,ERR,ERR,ERR,ERR,ERR,ERR,ERR,ERR,ERR,ERR,ERR,ERR,ERR,ERR,ERR,ERR,ERR,ERR,ERR,ERR,ERR,ERR,ERR,ERR,ERR,ERR,ERR,ERR,ERR,ERR,ERR,ERR,ERR,ERR,ERR,ERR,ERR,ERR,ERR,ERR,ERR,ERR,ERR,ERR,ERR,ERR,ERR,ERR,ERR,ERR,ERR,ERR,ERR,ERR,ERR,ERR,ERR,ERR,ERR,ERR,ERR,ERR,ERR,ERR,ERR,ERR,ERR,ERR,ERR,ERR,ERR,ERR,ERR,ERR,ERR,ERR,ERR,ERR,ERR,ERR,ERR,ERR,ERR,ERR,ERR,ERR,ERR,ERR,ERR,ERR,ERR,ERR,ERR,ERR,ERR,ERR,ERR,ERR,ERR,ERR,ERR,ERR,ERR,ERR,ERR,ERR,ERR,ERR,ERR,ERR,ERR,ERR,ERR,-107615400.0,-107615392.0,0.0,-0.0,-0.0,1.3936040501711995e+18,7.805,0.0,0,0,4,48901,6720,14723890282496.0,100,0.0,0.0,0.0,89215.008,0.0,0,0,0,0,0.0,0,0,0,0,0,0,0,0,0,0,0,0,0,0,0,0,0,0,0,0,0,0,0,0,0,0,0,0,0,0,0,0,0,26,51,50,76,65476,0,300,0,0,8,21553,0.0,-107605600.0,0.0,0.0,0.0,0.0,0.0,0.0,0.0,0.0,0.0,0.0,0.0,0.0,0.0,0.0,0.0,0.0,0.0,0.0,0.0,0.0,2.004,0.0,-0.0,0.0,0.0,0.0,0.0,0.0,4717.0,1.5879276530623424e+29,7310.0,-107615400.0,-107615392.0,0.0,-0.0,0.0,0.0,0.0,0.0,77,-2.7184303811560617e+23,-0.0,0.0,0.0,0.0,0.0,0.0,0.0,0.0,0,0,0,0.0,0.0,0.0,0.0,0.0,0.0,0.0,0.0,0.0,0.0,0.0,0.0,0.0,0.0,0.0,0.0,0,-107875648.0,77,0.0,154,0.0,2.6533922776413385e+23,ERR,ERR,ERR,ERR,ERR,ERR,ERR,ERR,ERR,ERR,ERR,ERR,ERR,ERR,ERR,ERR,ERR,ERR,ERR,ERR,ERR,ERR,ERR,ERR,ERR,ERR,ERR,ERR,ERR,ERR,ERR,ERR,ERR,ERR,ERR,ERR,ERR,ERR,ERR,ERR,ERR,ERR,ERR,ERR,ERR,ERR,ERR,ERR,ERR,ERR,ERR,ERR,ERR,ERR,ERR,ERR,ERR,ERR,ERR,ERR,ERR,ERR,ERR,ERR,ERR,ERR,ERR,34.0,80.0,35,0.0,0.0,0.0,0.0,0.0,0.0,0.0,0.0,0.0,0.0,0.0,0.0,0.0,0.0,0.0,0.0,66.0,0,121,58,54,65476,0,300,0,0,8,20529,65476,0,0,57672,80.0,0.0,0.0,0.0,0.0,0.0
2026-06-18T02:03:06,ERR,ERR,ERR,ERR,ERR,ERR,ERR,ERR,ERR,ERR,ERR,ERR,ERR,ERR,ERR,ERR,ERR,ERR,ERR,ERR,ERR,ERR,ERR,ERR,ERR,ERR,ERR,ERR,ERR,ERR,ERR,ERR,ERR,ERR,ERR,ERR,ERR,ERR,ERR,ERR,ERR,ERR,ERR,ERR,ERR,ERR,ERR,ERR,ERR,ERR,ERR,ERR,ERR,ERR,ERR,ERR,ERR,ERR,ERR,ERR,ERR,ERR,ERR,ERR,ERR,ERR,ERR,ERR,ERR,ERR,ERR,ERR,ERR,ERR,ERR,ERR,ERR,ERR,ERR,ERR,ERR,ERR,ERR,ERR,ERR,ERR,ERR,ERR,ERR,ERR,ERR,ERR,ERR,ERR,ERR,ERR,ERR,ERR,ERR,ERR,ERR,ERR,ERR,ERR,ERR,ERR,ERR,ERR,ERR,ERR,ERR,ERR,ERR,ERR,ERR,ERR,ERR,ERR,ERR,ERR,ERR,ERR,ERR,ERR,ERR,-107615400.0,-107615392.0,0.0,-0.0,-0.0,1.3936040501711995e+18,7.805,0.0,0,0,4,48901,6720,14723890282496.0,100,0.0,0.0,0.0,89215.008,0.0,0,0,0,0,0.0,0,0,0,0,0,0,0,0,0,0,0,0,0,0,0,0,0,0,0,0,0,0,0,0,0,0,0,0,0,0,0,0,0,26,51,50,76,65476,0,300,0,0,8,21553,0.0,-107605600.0,0.0,0.0,0.0,0.0,0.0,0.0,0.0,0.0,0.0,0.0,0.0,0.0,0.0,0.0,0.0,0.0,0.0,0.0,0.0,0.0,2.004,0.0,-0.0,0.0,0.0,0.0,0.0,0.0,4717.0,1.5879276530623424e+29,7310.0,-107615400.0,-107615392.0,0.0,-0.0,0.0,0.0,0.0,0.0,77,-2.7184303811560617e+23,-0.0,0.0,0.0,0.0,0.0,0.0,0.0,0.0,0,0,0,0.0,0.0,0.0,0.0,0.0,0.0,0.0,0.0,0.0,0.0,0.0,0.0,0.0,0.0,0.0,0.0,0,-107875648.0,77,0.0,154,0.0,2.6533922776413385e+23,ERR,ERR,ERR,ERR,ERR,ERR,ERR,ERR,ERR,ERR,ERR,ERR,ERR,ERR,ERR,ERR,ERR,ERR,ERR,ERR,ERR,ERR,ERR,ERR,ERR,ERR,ERR,ERR,ERR,ERR,ERR,ERR,ERR,ERR,ERR,ERR,ERR,ERR,ERR,ERR,ERR,ERR,ERR,ERR,ERR,ERR,ERR,ERR,ERR,ERR,ERR,ERR,ERR,ERR,ERR,ERR,ERR,ERR,ERR,ERR,ERR,ERR,ERR,ERR,ERR,ERR,ERR,34.0,80.0,35,0.0,0.0,0.0,0.0,0.0,0.0,0.0,0.0,0.0,0.0,0.0,0.0,0.0,0.0,0.0,0.0,66.4,0,121,58,54,65476,0,300,0,0,8,20529,65476,0,0,57672,80.0,0.0,0.0,0.0,0.0,0.0
2026-06-18T02:03:07,ERR,ERR,ERR,ERR,ERR,ERR,ERR,ERR,ERR,ERR,ERR,ERR,ERR,ERR,ERR,ERR,ERR,ERR,ERR,ERR,ERR,ERR,ERR,ERR,ERR,ERR,ERR,ERR,ERR,ERR,ERR,ERR,ERR,ERR,ERR,ERR,ERR,ERR,ERR,ERR,ERR,ERR,ERR,ERR,ERR,ERR,ERR,ERR,ERR,ERR,ERR,ERR,ERR,ERR,ERR,ERR,ERR,ERR,ERR,ERR,ERR,ERR,ERR,ERR,ERR,ERR,ERR,ERR,ERR,ERR,ERR,ERR,ERR,ERR,ERR,ERR,ERR,ERR,ERR,ERR,ERR,ERR,ERR,ERR,ERR,ERR,ERR,ERR,ERR,ERR,ERR,ERR,ERR,ERR,ERR,ERR,ERR,ERR,ERR,ERR,ERR,ERR,ERR,ERR,ERR,ERR,ERR,ERR,ERR,ERR,ERR,ERR,ERR,ERR,ERR,ERR,ERR,ERR,ERR,ERR,ERR,ERR,ERR,ERR,ERR,-107615400.0,-107615392.0,0.0,-0.0,-0.0,1.3936040501711995e+18,7.805,0.0,0,0,4,48901,6720,14723890282496.0,100,0.0,0.0,0.0,89215.008,0.0,0,0,0,0,0.0,0,0,0,0,0,0,0,0,0,0,0,0,0,0,0,0,0,0,0,0,0,0,0,0,0,0,0,0,0,0,0,0,0,26,51,50,76,65476,0,300,0,0,8,21553,0.0,-107605600.0,0.0,0.0,0.0,0.0,0.0,0.0,0.0,0.0,0.0,0.0,0.0,0.0,0.0,0.0,0.0,0.0,0.0,0.0,0.0,0.0,2.004,0.0,-0.0,0.0,0.0,0.0,0.0,0.0,4717.0,1.5879276530623424e+29,7310.0,-107615400.0,-107615392.0,0.0,-0.0,0.0,0.0,0.0,0.0,77,-2.7184303811560617e+23,-0.0,0.0,0.0,0.0,0.0,0.0,0.0,0.0,0,0,0,0.0,0.0,0.0,0.0,0.0,0.0,0.0,0.0,0.0,0.0,0.0,0.0,0.0,0.0,0.0,0.0,0,-107875648.0,77,0.0,154,0.0,2.6533922776413385e+23,ERR,ERR,ERR,ERR,ERR,ERR,ERR,ERR,ERR,ERR,ERR,ERR,ERR,ERR,ERR,ERR,ERR,ERR,ERR,ERR,ERR,ERR,ERR,ERR,ERR,ERR,ERR,ERR,ERR,ERR,ERR,ERR,ERR,ERR,ERR,ERR,ERR,ERR,ERR,ERR,ERR,ERR,ERR,ERR,ERR,ERR,ERR,ERR,ERR,ERR,ERR,ERR,ERR,ERR,ERR,ERR,ERR,ERR,ERR,ERR,ERR,ERR,ERR,ERR,ERR,ERR,ERR,34.0,80.0,35,0.0,0.0,0.0,0.0,0.0,0.0,0.0,0.0,0.0,0.0,0.0,0.0,0.0,0.0,0.0,0.0,66.4,0,121,58,54,65476,0,300,0,0,8,20529,65476,0,0,57672,80.0,0.0,0.0,0.0,0.0,0.0
2026-06-18T02:03:08,ERR,ERR,ERR,ERR,ERR,ERR,ERR,ERR,ERR,ERR,ERR,ERR,ERR,ERR,ERR,ERR,ERR,ERR,ERR,ERR,ERR,ERR,ERR,ERR,ERR,ERR,ERR,ERR,ERR,ERR,ERR,ERR,ERR,ERR,ERR,ERR,ERR,ERR,ERR,ERR,ERR,ERR,ERR,ERR,ERR,ERR,ERR,ERR,ERR,ERR,ERR,ERR,ERR,ERR,ERR,ERR,ERR,ERR,ERR,ERR,ERR,ERR,ERR,ERR,ERR,ERR,ERR,ERR,ERR,ERR,ERR,ERR,ERR,ERR,ERR,ERR,ERR,ERR,ERR,ERR,ERR,ERR,ERR,ERR,ERR,ERR,ERR,ERR,ERR,ERR,ERR,ERR,ERR,ERR,ERR,ERR,ERR,ERR,ERR,ERR,ERR,ERR,ERR,ERR,ERR,ERR,ERR,ERR,ERR,ERR,ERR,ERR,ERR,ERR,ERR,ERR,ERR,ERR,ERR,ERR,ERR,ERR,ERR,ERR,ERR,-107615400.0,-107615392.0,0.0,-0.0,-0.0,1.3936040501711995e+18,7.805,0.0,0,0,4,48901,6720,14723890282496.0,100,0.0,0.0,0.0,89215.008,0.0,0,0,0,0,0.0,0,0,0,0,0,0,0,0,0,0,0,0,0,0,0,0,0,0,0,0,0,0,0,0,0,0,0,0,0,0,0,0,0,26,51,50,76,65476,0,300,0,0,8,21553,0.0,-107605600.0,0.0,0.0,0.0,0.0,0.0,0.0,0.0,0.0,0.0,0.0,0.0,0.0,0.0,0.0,0.0,0.0,0.0,0.0,0.0,0.0,2.004,0.0,-0.0,0.0,0.0,0.0,0.0,0.0,4717.0,1.5879276530623424e+29,7310.0,-107615400.0,-107615392.0,0.0,-0.0,0.0,0.0,0.0,0.0,77,-2.7184303811560617e+23,-0.0,0.0,0.0,0.0,0.0,0.0,0.0,0.0,0,0,0,0.0,0.0,0.0,0.0,0.0,0.0,0.0,0.0,0.0,0.0,0.0,0.0,0.0,0.0,0.0,0.0,0,-107875648.0,77,0.0,154,0.0,2.6533922776413385e+23,ERR,ERR,ERR,ERR,ERR,ERR,ERR,ERR,ERR,ERR,ERR,ERR,ERR,ERR,ERR,ERR,ERR,ERR,ERR,ERR,ERR,ERR,ERR,ERR,ERR,ERR,ERR,ERR,ERR,ERR,ERR,ERR,ERR,ERR,ERR,ERR,ERR,ERR,ERR,ERR,ERR,ERR,ERR,ERR,ERR,ERR,ERR,ERR,ERR,ERR,ERR,ERR,ERR,ERR,ERR,ERR,ERR,ERR,ERR,ERR,ERR,ERR,ERR,ERR,ERR,ERR,ERR,34.0,80.0,35,0.0,0.0,0.0,0.0,0.0,0.0,0.0,0.0,0.0,0.0,0.0,0.0,0.0,0.0,0.0,0.0,66.0,0,121,58,54,65476,0,300,0,0,8,20529,65476,0,0,57672,80.0,0.0,0.0,0.0,0.0,0.0
2026-06-18T02:03:09,ERR,ERR,ERR,ERR,ERR,ERR,ERR,ERR,ERR,ERR,ERR,ERR,ERR,ERR,ERR,ERR,ERR,ERR,ERR,ERR,ERR,ERR,ERR,ERR,ERR,ERR,ERR,ERR,ERR,ERR,ERR,ERR,ERR,ERR,ERR,ERR,ERR,ERR,ERR,ERR,ERR,ERR,ERR,ERR,ERR,ERR,ERR,ERR,ERR,ERR,ERR,ERR,ERR,ERR,ERR,ERR,ERR,ERR,ERR,ERR,ERR,ERR,ERR,ERR,ERR,ERR,ERR,ERR,ERR,ERR,ERR,ERR,ERR,ERR,ERR,ERR,ERR,ERR,ERR,ERR,ERR,ERR,ERR,ERR,ERR,ERR,ERR,ERR,ERR,ERR,ERR,ERR,ERR,ERR,ERR,ERR,ERR,ERR,ERR,ERR,ERR,ERR,ERR,ERR,ERR,ERR,ERR,ERR,ERR,ERR,ERR,ERR,ERR,ERR,ERR,ERR,ERR,ERR,ERR,ERR,ERR,ERR,ERR,ERR,ERR,-107615400.0,-107615392.0,0.0,-0.0,-0.0,1.3936040501711995e+18,7.805,0.0,0,0,4,48901,6720,14723890282496.0,100,0.0,0.0,0.0,89215.008,0.0,0,0,0,0,0.0,0,0,0,0,0,0,0,0,0,0,0,0,0,0,0,0,0,0,0,0,0,0,0,0,0,0,0,0,0,0,0,0,0,26,51,50,76,65476,0,300,0,0,8,21553,0.0,-107605600.0,0.0,0.0,0.0,0.0,0.0,0.0,0.0,0.0,0.0,0.0,0.0,0.0,0.0,0.0,0.0,0.0,0.0,0.0,0.0,0.0,2.004,0.0,-0.0,0.0,0.0,0.0,0.0,0.0,4717.0,1.5879276530623424e+29,7310.0,-107615400.0,-107615392.0,0.0,-0.0,0.0,0.0,0.0,0.0,77,-2.7184303811560617e+23,-0.0,0.0,0.0,0.0,0.0,0.0,0.0,0.0,0,0,0,0.0,0.0,0.0,0.0,0.0,0.0,0.0,0.0,0.0,0.0,0.0,0.0,0.0,0.0,0.0,0.0,0,-107875648.0,77,0.0,154,0.0,2.6533922776413385e+23,ERR,ERR,ERR,ERR,ERR,ERR,ERR,ERR,ERR,ERR,ERR,ERR,ERR,ERR,ERR,ERR,ERR,ERR,ERR,ERR,ERR,ERR,ERR,ERR,ERR,ERR,ERR,ERR,ERR,ERR,ERR,ERR,ERR,ERR,ERR,ERR,ERR,ERR,ERR,ERR,ERR,ERR,ERR,ERR,ERR,ERR,ERR,ERR,ERR,ERR,ERR,ERR,ERR,ERR,ERR,ERR,ERR,ERR,ERR,ERR,ERR,ERR,ERR,ERR,ERR,ERR,ERR,34.0,80.0,35,0.0,0.0,0.0,0.0,0.0,0.0,0.0,0.0,0.0,0.0,0.0,0.0,0.0,0.0,0.0,0.0,66.0,0,121,58,54,65476,0,300,0,0,8,20529,65476,0,0,57672,80.0,0.0,0.0,0.0,0.0,0.0
2026-06-18T02:03:10,ERR,ERR,ERR,ERR,ERR,ERR,ERR,ERR,ERR,ERR,ERR,ERR,ERR,ERR,ERR,ERR,ERR,ERR,ERR,ERR,ERR,ERR,ERR,ERR,ERR,ERR,ERR,ERR,ERR,ERR,ERR,ERR,ERR,ERR,ERR,ERR,ERR,ERR,ERR,ERR,ERR,ERR,ERR,ERR,ERR,ERR,ERR,ERR,ERR,ERR,ERR,ERR,ERR,ERR,ERR,ERR,ERR,ERR,ERR,ERR,ERR,ERR,ERR,ERR,ERR,ERR,ERR,ERR,ERR,ERR,ERR,ERR,ERR,ERR,ERR,ERR,ERR,ERR,ERR,ERR,ERR,ERR,ERR,ERR,ERR,ERR,ERR,ERR,ERR,ERR,ERR,ERR,ERR,ERR,ERR,ERR,ERR,ERR,ERR,ERR,ERR,ERR,ERR,ERR,ERR,ERR,ERR,ERR,ERR,ERR,ERR,ERR,ERR,ERR,ERR,ERR,ERR,ERR,ERR,ERR,ERR,ERR,ERR,ERR,ERR,-107615400.0,-107615392.0,0.0,-0.0,-0.0,1.3936040501711995e+18,7.805,0.0,0,0,4,48901,6720,14723890282496.0,100,0.0,0.0,0.0,89215.008,0.0,0,0,0,0,0.0,0,0,0,0,0,0,0,0,0,0,0,0,0,0,0,0,0,0,0,0,0,0,0,0,0,0,0,0,0,0,0,0,0,26,51,50,76,65476,0,300,0,0,8,21553,0.0,-107605600.0,0.0,0.0,0.0,0.0,0.0,0.0,0.0,0.0,0.0,0.0,0.0,0.0,0.0,0.0,0.0,0.0,0.0,0.0,0.0,0.0,2.004,0.0,-0.0,0.0,0.0,0.0,0.0,0.0,4717.0,1.5879276530623424e+29,7310.0,-107615400.0,-107615392.0,0.0,-0.0,0.0,0.0,0.0,0.0,77,-2.7184303811560617e+23,-0.0,0.0,0.0,0.0,0.0,0.0,0.0,0.0,0,0,0,0.0,0.0,0.0,0.0,0.0,0.0,0.0,0.0,0.0,0.0,0.0,0.0,0.0,0.0,0.0,0.0,0,-107875648.0,77,0.0,154,0.0,2.6533922776413385e+23,ERR,ERR,ERR,ERR,ERR,ERR,ERR,ERR,ERR,ERR,ERR,ERR,ERR,ERR,ERR,ERR,ERR,ERR,ERR,ERR,ERR,ERR,ERR,ERR,ERR,ERR,ERR,ERR,ERR,ERR,ERR,ERR,ERR,ERR,ERR,ERR,ERR,ERR,ERR,ERR,ERR,ERR,ERR,ERR,ERR,ERR,ERR,ERR,ERR,ERR,ERR,ERR,ERR,ERR,ERR,ERR,ERR,ERR,ERR,ERR,ERR,ERR,ERR,ERR,ERR,ERR,ERR,34.0,80.0,35,0.0,0.0,0.0,0.0,0.0,0.0,0.0,0.0,0.0,0.0,0.0,0.0,0.0,0.0,0.0,0.0,66.0,0,121,58,54,65476,0,300,0,0,8,20529,65476,0,0,57672,80.0,0.0,0.0,0.0,0.0,0.0
2026-06-18T02:03:11,ERR,ERR,ERR,ERR,ERR,ERR,ERR,ERR,ERR,ERR,ERR,ERR,ERR,ERR,ERR,ERR,ERR,ERR,ERR,ERR,ERR,ERR,ERR,ERR,ERR,ERR,ERR,ERR,ERR,ERR,ERR,ERR,ERR,ERR,ERR,ERR,ERR,ERR,ERR,ERR,ERR,ERR,ERR,ERR,ERR,ERR,ERR,ERR,ERR,ERR,ERR,ERR,ERR,ERR,ERR,ERR,ERR,ERR,ERR,ERR,ERR,ERR,ERR,ERR,ERR,ERR,ERR,ERR,ERR,ERR,ERR,ERR,ERR,ERR,ERR,ERR,ERR,ERR,ERR,ERR,ERR,ERR,ERR,ERR,ERR,ERR,ERR,ERR,ERR,ERR,ERR,ERR,ERR,ERR,ERR,ERR,ERR,ERR,ERR,ERR,ERR,ERR,ERR,ERR,ERR,ERR,ERR,ERR,ERR,ERR,ERR,ERR,ERR,ERR,ERR,ERR,ERR,ERR,ERR,ERR,ERR,ERR,ERR,ERR,ERR,-107615400.0,-107615392.0,0.0,0.059,0.0,1.3936040501711995e+18,7.805,-0.0,0,0,4,48898,6720,14723890282496.0,100,0.0,0.0,0.0,0.059,0.0,0,0,0,0,0.0,0,0,0,0,0,0,0,0,0,0,0,0,0,0,0,0,0,0,0,0,0,0,0,0,0,0,0,0,0,0,0,0,0,26,51,50,76,65476,0,300,0,0,8,21553,0.0,-107605600.0,0.0,0.0,0.0,0.0,0.0,0.0,0.0,0.0,0.0,0.0,0.0,0.0,0.0,0.0,0.0,0.0,0.0,0.0,0.0,0.0,2.004,0.0,-0.0,0.0,0.0,0.0,0.0,0.0,4716.0,-0.0,7318.0,-107615400.0,-107615392.0,0.0,-0.0,0.0,0.0,0.0,0.0,77,-2.7184303811560617e+23,0.0,0.0,0.0,0.0,0.0,0.0,0.0,0.0,0,0,0,0.0,0.0,0.0,0.0,0.0,0.0,0.0,0.0,0.0,0.0,0.0,0.0,0.0,0.0,0.0,0.0,0,-107875648.0,77,0.0,154,0.0,2.6533922776413385e+23,ERR,ERR,ERR,ERR,ERR,ERR,ERR,ERR,ERR,ERR,ERR,ERR,ERR,ERR,ERR,ERR,ERR,ERR,ERR,ERR,ERR,ERR,ERR,ERR,ERR,ERR,ERR,ERR,ERR,ERR,ERR,ERR,ERR,ERR,ERR,ERR,ERR,ERR,ERR,ERR,ERR,ERR,ERR,ERR,ERR,ERR,ERR,ERR,ERR,ERR,ERR,ERR,ERR,ERR,ERR,ERR,ERR,ERR,ERR,ERR,ERR,ERR,ERR,ERR,ERR,ERR,ERR,34.0,80.0,35,0.0,0.0,0.0,0.0,0.0,0.0,0.0,0.0,0.0,0.0,0.0,0.0,0.0,0.0,0.0,0.0,66.0,0,121,58,54,65476,0,300,0,0,8,20529,65476,0,0,57672,80.0,0.0,0.0,0.0,0.0,0.0
2026-06-18T02:03:12,ERR,ERR,ERR,ERR,ERR,ERR,ERR,ERR,ERR,ERR,ERR,ERR,ERR,ERR,ERR,ERR,ERR,ERR,ERR,ERR,ERR,ERR,ERR,ERR,ERR,ERR,ERR,ERR,ERR,ERR,ERR,ERR,ERR,ERR,ERR,ERR,ERR,ERR,ERR,ERR,ERR,ERR,ERR,ERR,ERR,ERR,ERR,ERR,ERR,ERR,ERR,ERR,ERR,ERR,ERR,ERR,ERR,ERR,ERR,ERR,ERR,ERR,ERR,ERR,ERR,ERR,ERR,ERR,ERR,ERR,ERR,ERR,ERR,ERR,ERR,ERR,ERR,ERR,ERR,ERR,ERR,ERR,ERR,ERR,ERR,ERR,ERR,ERR,ERR,ERR,ERR,ERR,ERR,ERR,ERR,ERR,ERR,ERR,ERR,ERR,ERR,ERR,ERR,ERR,ERR,ERR,ERR,ERR,ERR,ERR,ERR,ERR,ERR,ERR,ERR,ERR,ERR,ERR,ERR,ERR,ERR,ERR,ERR,ERR,ERR,-107615400.0,-107615392.0,0.0,0.059,0.0,1.3936040501711995e+18,7.805,-0.0,0,0,4,48898,6720,14723890282496.0,100,0.0,0.0,0.0,0.059,0.0,0,0,0,0,0.0,0,0,0,0,0,0,0,0,0,0,0,0,0,0,0,0,0,0,0,0,0,0,0,0,0,0,0,0,0,0,0,0,0,26,51,50,76,65476,0,300,0,0,8,21553,0.0,-107605600.0,0.0,0.0,0.0,0.0,0.0,0.0,0.0,0.0,0.0,0.0,0.0,0.0,0.0,0.0,0.0,0.0,0.0,0.0,0.0,0.0,2.004,0.0,-0.0,0.0,0.0,0.0,0.0,0.0,4716.0,-0.0,7318.0,-107615400.0,-107615392.0,0.0,-0.0,0.0,0.0,0.0,0.0,77,-2.7184303811560617e+23,0.0,0.0,0.0,0.0,0.0,0.0,0.0,0.0,0,0,0,0.0,0.0,0.0,0.0,0.0,0.0,0.0,0.0,0.0,0.0,0.0,0.0,0.0,0.0,0.0,0.0,0,-107875648.0,77,0.0,154,0.0,2.6533922776413385e+23,ERR,ERR,ERR,ERR,ERR,ERR,ERR,ERR,ERR,ERR,ERR,ERR,ERR,ERR,ERR,ERR,ERR,ERR,ERR,ERR,ERR,ERR,ERR,ERR,ERR,ERR,ERR,ERR,ERR,ERR,ERR,ERR,ERR,ERR,ERR,ERR,ERR,ERR,ERR,ERR,ERR,ERR,ERR,ERR,ERR,ERR,ERR,ERR,ERR,ERR,ERR,ERR,ERR,ERR,ERR,ERR,ERR,ERR,ERR,ERR,ERR,ERR,ERR,ERR,ERR,ERR,ERR,34.0,80.0,35,0.0,0.0,0.0,0.0,0.0,0.0,0.0,0.0,0.0,0.0,0.0,0.0,0.0,0.0,0.0,0.0,66.4,0,121,58,54,65476,0,300,0,0,8,20529,65476,0,0,57672,80.0,0.0,0.0,0.0,0.0,0.0
2026-06-18T02:03:13,ERR,ERR,ERR,ERR,ERR,ERR,ERR,ERR,ERR,ERR,ERR,ERR,ERR,ERR,ERR,ERR,ERR,ERR,ERR,ERR,ERR,ERR,ERR,ERR,ERR,ERR,ERR,ERR,ERR,ERR,ERR,ERR,ERR,ERR,ERR,ERR,ERR,ERR,ERR,ERR,ERR,ERR,ERR,ERR,ERR,ERR,ERR,ERR,ERR,ERR,ERR,ERR,ERR,ERR,ERR,ERR,ERR,ERR,ERR,ERR,ERR,ERR,ERR,ERR,ERR,ERR,ERR,ERR,ERR,ERR,ERR,ERR,ERR,ERR,ERR,ERR,ERR,ERR,ERR,ERR,ERR,ERR,ERR,ERR,ERR,ERR,ERR,ERR,ERR,ERR,ERR,ERR,ERR,ERR,ERR,ERR,ERR,ERR,ERR,ERR,ERR,ERR,ERR,ERR,ERR,ERR,ERR,ERR,ERR,ERR,ERR,ERR,ERR,ERR,ERR,ERR,ERR,ERR,ERR,ERR,ERR,ERR,ERR,ERR,ERR,-107615400.0,-107615392.0,0.0,0.059,0.0,1.3936040501711995e+18,7.805,-0.0,0,0,4,48898,6720,14723890282496.0,100,0.0,0.0,0.0,0.059,0.0,0,0,0,0,0.0,0,0,0,0,0,0,0,0,0,0,0,0,0,0,0,0,0,0,0,0,0,0,0,0,0,0,0,0,0,0,0,0,0,26,51,50,76,65476,0,300,0,0,8,21553,0.0,-107605600.0,0.0,0.0,0.0,0.0,0.0,0.0,0.0,0.0,0.0,0.0,0.0,0.0,0.0,0.0,0.0,0.0,0.0,0.0,0.0,0.0,2.004,0.0,-0.0,0.0,0.0,0.0,0.0,0.0,4716.0,-0.0,7318.0,-107615400.0,-107615392.0,0.0,-0.0,0.0,0.0,0.0,0.0,77,-2.7184303811560617e+23,0.0,0.0,0.0,0.0,0.0,0.0,0.0,0.0,0,0,0,0.0,0.0,0.0,0.0,0.0,0.0,0.0,0.0,0.0,0.0,0.0,0.0,0.0,0.0,0.0,0.0,0,-107875648.0,77,0.0,154,0.0,2.6533922776413385e+23,ERR,ERR,ERR,ERR,ERR,ERR,ERR,ERR,ERR,ERR,ERR,ERR,ERR,ERR,ERR,ERR,ERR,ERR,ERR,ERR,ERR,ERR,ERR,ERR,ERR,ERR,ERR,ERR,ERR,ERR,ERR,ERR,ERR,ERR,ERR,ERR,ERR,ERR,ERR,ERR,ERR,ERR,ERR,ERR,ERR,ERR,ERR,ERR,ERR,ERR,ERR,ERR,ERR,ERR,ERR,ERR,ERR,ERR,ERR,ERR,ERR,ERR,ERR,ERR,ERR,ERR,ERR,34.0,80.0,35,0.0,0.0,0.0,0.0,0.0,0.0,0.0,0.0,0.0,0.0,0.0,0.0,0.0,0.0,0.0,0.0,66.4,0,121,58,54,65476,0,300,0,0,8,20529,65476,0,0,57672,80.0,0.0,0.0,0.0,0.0,0.0
2026-06-18T02:03:14,ERR,ERR,ERR,ERR,ERR,ERR,ERR,ERR,ERR,ERR,ERR,ERR,ERR,ERR,ERR,ERR,ERR,ERR,ERR,ERR,ERR,ERR,ERR,ERR,ERR,ERR,ERR,ERR,ERR,ERR,ERR,ERR,ERR,ERR,ERR,ERR,ERR,ERR,ERR,ERR,ERR,ERR,ERR,ERR,ERR,ERR,ERR,ERR,ERR,ERR,ERR,ERR,ERR,ERR,ERR,ERR,ERR,ERR,ERR,ERR,ERR,ERR,ERR,ERR,ERR,ERR,ERR,ERR,ERR,ERR,ERR,ERR,ERR,ERR,ERR,ERR,ERR,ERR,ERR,ERR,ERR,ERR,ERR,ERR,ERR,ERR,ERR,ERR,ERR,ERR,ERR,ERR,ERR,ERR,ERR,ERR,ERR,ERR,ERR,ERR,ERR,ERR,ERR,ERR,ERR,ERR,ERR,ERR,ERR,ERR,ERR,ERR,ERR,ERR,ERR,ERR,ERR,ERR,ERR,ERR,ERR,ERR,ERR,ERR,ERR,-107615400.0,-107615392.0,0.0,0.059,0.0,1.3936040501711995e+18,7.805,-0.0,0,0,4,48898,6720,14723890282496.0,100,0.0,0.0,0.0,0.059,0.0,0,0,0,0,0.0,0,0,0,0,0,0,0,0,0,0,0,0,0,0,0,0,0,0,0,0,0,0,0,0,0,0,0,0,0,0,0,0,0,26,51,50,76,65476,0,300,0,0,8,21553,0.0,-107605600.0,0.0,0.0,0.0,0.0,0.0,0.0,0.0,0.0,0.0,0.0,0.0,0.0,0.0,0.0,0.0,0.0,0.0,0.0,0.0,0.0,2.004,0.0,-0.0,0.0,0.0,0.0,0.0,0.0,4716.0,-0.0,7318.0,-107615400.0,-107615392.0,0.0,-0.0,0.0,0.0,0.0,0.0,77,-2.7184303811560617e+23,0.0,0.0,0.0,0.0,0.0,0.0,0.0,0.0,0,0,0,0.0,0.0,0.0,0.0,0.0,0.0,0.0,0.0,0.0,0.0,0.0,0.0,0.0,0.0,0.0,0.0,0,-107875648.0,77,0.0,154,0.0,2.6533922776413385e+23,ERR,ERR,ERR,ERR,ERR,ERR,ERR,ERR,ERR,ERR,ERR,ERR,ERR,ERR,ERR,ERR,ERR,ERR,ERR,ERR,ERR,ERR,ERR,ERR,ERR,ERR,ERR,ERR,ERR,ERR,ERR,ERR,ERR,ERR,ERR,ERR,ERR,ERR,ERR,ERR,ERR,ERR,ERR,ERR,ERR,ERR,ERR,ERR,ERR,ERR,ERR,ERR,ERR,ERR,ERR,ERR,ERR,ERR,ERR,ERR,ERR,ERR,ERR,ERR,ERR,ERR,ERR,34.0,80.0,35,0.0,0.0,0.0,0.0,0.0,0.0,0.0,0.0,0.0,0.0,0.0,0.0,0.0,0.0,0.0,0.0,66.0,0,121,58,54,65476,0,300,0,0,8,20529,65476,0,0,57672,80.0,0.0,0.0,0.0,0.0,0.0
2026-06-18T02:03:15,ERR,ERR,ERR,ERR,ERR,ERR,ERR,ERR,ERR,ERR,ERR,ERR,ERR,ERR,ERR,ERR,ERR,ERR,ERR,ERR,ERR,ERR,ERR,ERR,ERR,ERR,ERR,ERR,ERR,ERR,ERR,ERR,ERR,ERR,ERR,ERR,ERR,ERR,ERR,ERR,ERR,ERR,ERR,ERR,ERR,ERR,ERR,ERR,ERR,ERR,ERR,ERR,ERR,ERR,ERR,ERR,ERR,ERR,ERR,ERR,ERR,ERR,ERR,ERR,ERR,ERR,ERR,ERR,ERR,ERR,ERR,ERR,ERR,ERR,ERR,ERR,ERR,ERR,ERR,ERR,ERR,ERR,ERR,ERR,ERR,ERR,ERR,ERR,ERR,ERR,ERR,ERR,ERR,ERR,ERR,ERR,ERR,ERR,ERR,ERR,ERR,ERR,ERR,ERR,ERR,ERR,ERR,ERR,ERR,ERR,ERR,ERR,ERR,ERR,ERR,ERR,ERR,ERR,ERR,ERR,ERR,ERR,ERR,ERR,ERR,-107615400.0,-107615392.0,0.0,0.059,0.0,1.3936040501711995e+18,7.805,-0.0,0,0,4,48898,6720,14723890282496.0,100,0.0,0.0,0.0,0.059,0.0,0,0,0,0,0.0,0,0,0,0,0,0,0,0,0,0,0,0,0,0,0,0,0,0,0,0,0,0,0,0,0,0,0,0,0,0,0,0,0,26,51,50,76,65476,0,300,0,0,8,21553,0.0,-107605600.0,0.0,0.0,0.0,0.0,0.0,0.0,0.0,0.0,0.0,0.0,0.0,0.0,0.0,0.0,0.0,0.0,0.0,0.0,0.0,0.0,2.004,0.0,-0.0,0.0,0.0,0.0,0.0,0.0,4716.0,-0.0,7318.0,-107615400.0,-107615392.0,0.0,-0.0,0.0,0.0,0.0,0.0,77,-2.7184303811560617e+23,0.0,0.0,0.0,0.0,0.0,0.0,0.0,0.0,0,0,0,0.0,0.0,0.0,0.0,0.0,0.0,0.0,0.0,0.0,0.0,0.0,0.0,0.0,0.0,0.0,0.0,0,-107875648.0,77,0.0,154,0.0,2.6533922776413385e+23,ERR,ERR,ERR,ERR,ERR,ERR,ERR,ERR,ERR,ERR,ERR,ERR,ERR,ERR,ERR,ERR,ERR,ERR,ERR,ERR,ERR,ERR,ERR,ERR,ERR,ERR,ERR,ERR,ERR,ERR,ERR,ERR,ERR,ERR,ERR,ERR,ERR,ERR,ERR,ERR,ERR,ERR,ERR,ERR,ERR,ERR,ERR,ERR,ERR,ERR,ERR,ERR,ERR,ERR,ERR,ERR,ERR,ERR,ERR,ERR,ERR,ERR,ERR,ERR,ERR,ERR,ERR,34.0,80.0,35,0.0,0.0,0.0,0.0,0.0,0.0,0.0,0.0,0.0,0.0,0.0,0.0,0.0,0.0,0.0,0.0,66.0,0,121,58,54,65476,0,300,0,0,8,20529,65476,0,0,57672,80.0,0.0,0.0,0.0,0.0,0.0
2026-06-18T02:03:16,ERR,ERR,ERR,ERR,ERR,ERR,ERR,ERR,ERR,ERR,ERR,ERR,ERR,ERR,ERR,ERR,ERR,ERR,ERR,ERR,ERR,ERR,ERR,ERR,ERR,ERR,ERR,ERR,ERR,ERR,ERR,ERR,ERR,ERR,ERR,ERR,ERR,ERR,ERR,ERR,ERR,ERR,ERR,ERR,ERR,ERR,ERR,ERR,ERR,ERR,ERR,ERR,ERR,ERR,ERR,ERR,ERR,ERR,ERR,ERR,ERR,ERR,ERR,ERR,ERR,ERR,ERR,ERR,ERR,ERR,ERR,ERR,ERR,ERR,ERR,ERR,ERR,ERR,ERR,ERR,ERR,ERR,ERR,ERR,ERR,ERR,ERR,ERR,ERR,ERR,ERR,ERR,ERR,ERR,ERR,ERR,ERR,ERR,ERR,ERR,ERR,ERR,ERR,ERR,ERR,ERR,ERR,ERR,ERR,ERR,ERR,ERR,ERR,ERR,ERR,ERR,ERR,ERR,ERR,ERR,ERR,ERR,ERR,ERR,ERR,-107615400.0,-107615392.0,0.0,-0.0,2.012,1.3936040501711995e+18,7.805,-1.8245132555090963e+22,0,0,4,48898,6720,14723890282496.0,100,0.0,0.0,0.0,-0.0,0.0,0,0,0,0,0.0,0,0,0,0,0,0,0,0,0,0,0,0,0,0,0,0,0,0,0,0,0,0,0,0,0,0,0,0,0,0,0,0,0,26,51,50,76,65476,0,300,0,0,8,21553,0.0,-107605600.0,0.0,0.0,0.0,0.0,0.0,0.0,0.0,0.0,0.0,0.0,0.0,0.0,0.0,0.0,0.0,0.0,0.0,0.0,0.0,0.0,2.004,0.0,-0.0,0.0,0.0,0.0,0.0,0.0,4721.0,2.4229853104588965e+24,7309.0,-107615400.0,-107615392.0,0.0,-0.0,0.0,0.0,0.0,0.0,77,-5.8480842052978964e+35,-0.0,0.0,0.0,0.0,0.0,0.0,0.0,0.0,0,0,0,0.0,0.0,0.0,0.0,0.0,0.0,0.0,0.0,0.0,0.0,0.0,0.0,0.0,0.0,0.0,0.0,0,-107875648.0,77,0.0,154,0.0,2.6533922776413385e+23,ERR,ERR,ERR,ERR,ERR,ERR,ERR,ERR,ERR,ERR,ERR,ERR,ERR,ERR,ERR,ERR,ERR,ERR,ERR,ERR,ERR,ERR,ERR,ERR,ERR,ERR,ERR,ERR,ERR,ERR,ERR,ERR,ERR,ERR,ERR,ERR,ERR,ERR,ERR,ERR,ERR,ERR,ERR,ERR,ERR,ERR,ERR,ERR,ERR,ERR,ERR,ERR,ERR,ERR,ERR,ERR,ERR,ERR,ERR,ERR,ERR,ERR,ERR,ERR,ERR,ERR,ERR,34.0,80.0,35,0.0,0.0,0.0,0.0,0.0,0.0,0.0,0.0,0.0,0.0,0.0,0.0,0.0,0.0,0.0,0.0,66.0,0,121,58,54,65476,0,300,0,0,8,20529,65476,0,0,57672,80.0,0.0,0.0,0.0,0.0,0.0
2026-06-18T02:03:17,ERR,ERR,ERR,ERR,ERR,ERR,ERR,ERR,ERR,ERR,ERR,ERR,ERR,ERR,ERR,ERR,ERR,ERR,ERR,ERR,ERR,ERR,ERR,ERR,ERR,ERR,ERR,ERR,ERR,ERR,ERR,ERR,ERR,ERR,ERR,ERR,ERR,ERR,ERR,ERR,ERR,ERR,ERR,ERR,ERR,ERR,ERR,ERR,ERR,ERR,ERR,ERR,ERR,ERR,ERR,ERR,ERR,ERR,ERR,ERR,ERR,ERR,ERR,ERR,ERR,ERR,ERR,ERR,ERR,ERR,ERR,ERR,ERR,ERR,ERR,ERR,ERR,ERR,ERR,ERR,ERR,ERR,ERR,ERR,ERR,ERR,ERR,ERR,ERR,ERR,ERR,ERR,ERR,ERR,ERR,ERR,ERR,ERR,ERR,ERR,ERR,ERR,ERR,ERR,ERR,ERR,ERR,ERR,ERR,ERR,ERR,ERR,ERR,ERR,ERR,ERR,ERR,ERR,ERR,ERR,ERR,ERR,ERR,ERR,ERR,-107615400.0,-107615392.0,0.0,-0.0,2.012,1.3936040501711995e+18,7.805,-1.8245132555090963e+22,0,0,4,48898,6720,14723890282496.0,100,0.0,0.0,0.0,-0.0,0.0,0,0,0,0,0.0,0,0,0,0,0,0,0,0,0,0,0,0,0,0,0,0,0,0,0,0,0,0,0,0,0,0,0,0,0,0,0,0,0,26,51,50,76,65476,0,300,0,0,8,21553,0.0,-107605600.0,0.0,0.0,0.0,0.0,0.0,0.0,0.0,0.0,0.0,0.0,0.0,0.0,0.0,0.0,0.0,0.0,0.0,0.0,0.0,0.0,2.004,0.0,-0.0,0.0,0.0,0.0,0.0,0.0,4721.0,2.4229853104588965e+24,7309.0,-107615400.0,-107615392.0,0.0,-0.0,0.0,0.0,0.0,0.0,77,-5.8480842052978964e+35,-0.0,0.0,0.0,0.0,0.0,0.0,0.0,0.0,0,0,0,0.0,0.0,0.0,0.0,0.0,0.0,0.0,0.0,0.0,0.0,0.0,0.0,0.0,0.0,0.0,0.0,0,-107875648.0,77,0.0,154,0.0,2.6533922776413385e+23,ERR,ERR,ERR,ERR,ERR,ERR,ERR,ERR,ERR,ERR,ERR,ERR,ERR,ERR,ERR,ERR,ERR,ERR,ERR,ERR,ERR,ERR,ERR,ERR,ERR,ERR,ERR,ERR,ERR,ERR,ERR,ERR,ERR,ERR,ERR,ERR,ERR,ERR,ERR,ERR,ERR,ERR,ERR,ERR,ERR,ERR,ERR,ERR,ERR,ERR,ERR,ERR,ERR,ERR,ERR,ERR,ERR,ERR,ERR,ERR,ERR,ERR,ERR,ERR,ERR,ERR,ERR,34.0,80.0,35,0.0,0.0,0.0,0.0,0.0,0.0,0.0,0.0,0.0,0.0,0.0,0.0,0.0,0.0,0.0,0.0,66.0,0,121,58,54,65476,0,300,0,0,8,20529,65476,0,0,57672,80.0,0.0,0.0,0.0,0.0,0.0
2026-06-18T02:03:18,ERR,ERR,ERR,ERR,ERR,ERR,ERR,ERR,ERR,ERR,ERR,ERR,ERR,ERR,ERR,ERR,ERR,ERR,ERR,ERR,ERR,ERR,ERR,ERR,ERR,ERR,ERR,ERR,ERR,ERR,ERR,ERR,ERR,ERR,ERR,ERR,ERR,ERR,ERR,ERR,ERR,ERR,ERR,ERR,ERR,ERR,ERR,ERR,ERR,ERR,ERR,ERR,ERR,ERR,ERR,ERR,ERR,ERR,ERR,ERR,ERR,ERR,ERR,ERR,ERR,ERR,ERR,ERR,ERR,ERR,ERR,ERR,ERR,ERR,ERR,ERR,ERR,ERR,ERR,ERR,ERR,ERR,ERR,ERR,ERR,ERR,ERR,ERR,ERR,ERR,ERR,ERR,ERR,ERR,ERR,ERR,ERR,ERR,ERR,ERR,ERR,ERR,ERR,ERR,ERR,ERR,ERR,ERR,ERR,ERR,ERR,ERR,ERR,ERR,ERR,ERR,ERR,ERR,ERR,ERR,ERR,ERR,ERR,ERR,ERR,-107615400.0,-107615392.0,0.0,-0.0,2.012,1.3936040501711995e+18,7.805,-1.8245132555090963e+22,0,0,4,48898,6720,14723890282496.0,100,0.0,0.0,0.0,-0.0,0.0,0,0,0,0,0.0,0,0,0,0,0,0,0,0,0,0,0,0,0,0,0,0,0,0,0,0,0,0,0,0,0,0,0,0,0,0,0,0,0,26,51,50,76,65476,0,300,0,0,8,21553,0.0,-107605600.0,0.0,0.0,0.0,0.0,0.0,0.0,0.0,0.0,0.0,0.0,0.0,0.0,0.0,0.0,0.0,0.0,0.0,0.0,0.0,0.0,2.004,0.0,-0.0,0.0,0.0,0.0,0.0,0.0,4721.0,2.4229853104588965e+24,7309.0,-107615400.0,-107615392.0,0.0,-0.0,0.0,0.0,0.0,0.0,77,-5.8480842052978964e+35,-0.0,0.0,0.0,0.0,0.0,0.0,0.0,0.0,0,0,0,0.0,0.0,0.0,0.0,0.0,0.0,0.0,0.0,0.0,0.0,0.0,0.0,0.0,0.0,0.0,0.0,0,-107875648.0,77,0.0,154,0.0,2.6533922776413385e+23,ERR,ERR,ERR,ERR,ERR,ERR,ERR,ERR,ERR,ERR,ERR,ERR,ERR,ERR,ERR,ERR,ERR,ERR,ERR,ERR,ERR,ERR,ERR,ERR,ERR,ERR,ERR,ERR,ERR,ERR,ERR,ERR,ERR,ERR,ERR,ERR,ERR,ERR,ERR,ERR,ERR,ERR,ERR,ERR,ERR,ERR,ERR,ERR,ERR,ERR,ERR,ERR,ERR,ERR,ERR,ERR,ERR,ERR,ERR,ERR,ERR,ERR,ERR,ERR,ERR,ERR,ERR,34.0,80.0,35,0.0,0.0,0.0,0.0,0.0,0.0,0.0,0.0,0.0,0.0,0.0,0.0,0.0,0.0,0.0,0.0,66.0,0,121,58,54,65476,0,300,0,0,8,20529,65476,0,0,57672,80.0,0.0,0.0,0.0,0.0,0.0
2026-06-18T02:03:19,ERR,ERR,ERR,ERR,ERR,ERR,ERR,ERR,ERR,ERR,ERR,ERR,ERR,ERR,ERR,ERR,ERR,ERR,ERR,ERR,ERR,ERR,ERR,ERR,ERR,ERR,ERR,ERR,ERR,ERR,ERR,ERR,ERR,ERR,ERR,ERR,ERR,ERR,ERR,ERR,ERR,ERR,ERR,ERR,ERR,ERR,ERR,ERR,ERR,ERR,ERR,ERR,ERR,ERR,ERR,ERR,ERR,ERR,ERR,ERR,ERR,ERR,ERR,ERR,ERR,ERR,ERR,ERR,ERR,ERR,ERR,ERR,ERR,ERR,ERR,ERR,ERR,ERR,ERR,ERR,ERR,ERR,ERR,ERR,ERR,ERR,ERR,ERR,ERR,ERR,ERR,ERR,ERR,ERR,ERR,ERR,ERR,ERR,ERR,ERR,ERR,ERR,ERR,ERR,ERR,ERR,ERR,ERR,ERR,ERR,ERR,ERR,ERR,ERR,ERR,ERR,ERR,ERR,ERR,ERR,ERR,ERR,ERR,ERR,ERR,-107615400.0,-107615392.0,0.0,-0.0,2.012,1.3936040501711995e+18,7.805,-1.8245132555090963e+22,0,0,4,48898,6720,14723890282496.0,100,0.0,0.0,0.0,-0.0,0.0,0,0,0,0,0.0,0,0,0,0,0,0,0,0,0,0,0,0,0,0,0,0,0,0,0,0,0,0,0,0,0,0,0,0,0,0,0,0,0,26,51,50,76,65476,0,300,0,0,8,21553,0.0,-107605600.0,0.0,0.0,0.0,0.0,0.0,0.0,0.0,0.0,0.0,0.0,0.0,0.0,0.0,0.0,0.0,0.0,0.0,0.0,0.0,0.0,2.004,0.0,-0.0,0.0,0.0,0.0,0.0,0.0,4721.0,2.4229853104588965e+24,7309.0,-107615400.0,-107615392.0,0.0,-0.0,0.0,0.0,0.0,0.0,77,-5.8480842052978964e+35,-0.0,0.0,0.0,0.0,0.0,0.0,0.0,0.0,0,0,0,0.0,0.0,0.0,0.0,0.0,0.0,0.0,0.0,0.0,0.0,0.0,0.0,0.0,0.0,0.0,0.0,0,-107875648.0,77,0.0,154,0.0,2.6533922776413385e+23,ERR,ERR,ERR,ERR,ERR,ERR,ERR,ERR,ERR,ERR,ERR,ERR,ERR,ERR,ERR,ERR,ERR,ERR,ERR,ERR,ERR,ERR,ERR,ERR,ERR,ERR,ERR,ERR,ERR,ERR,ERR,ERR,ERR,ERR,ERR,ERR,ERR,ERR,ERR,ERR,ERR,ERR,ERR,ERR,ERR,ERR,ERR,ERR,ERR,ERR,ERR,ERR,ERR,ERR,ERR,ERR,ERR,ERR,ERR,ERR,ERR,ERR,ERR,ERR,ERR,ERR,ERR,34.0,80.0,35,0.0,0.0,0.0,0.0,0.0,0.0,0.0,0.0,0.0,0.0,0.0,0.0,0.0,0.0,0.0,0.0,66.0,0,121,58,54,65476,0,300,0,0,8,20529,65476,0,0,57672,80.0,0.0,0.0,0.0,0.0,0.0
2026-06-18T02:03:20,ERR,ERR,ERR,ERR,ERR,ERR,ERR,ERR,ERR,ERR,ERR,ERR,ERR,ERR,ERR,ERR,ERR,ERR,ERR,ERR,ERR,ERR,ERR,ERR,ERR,ERR,ERR,ERR,ERR,ERR,ERR,ERR,ERR,ERR,ERR,ERR,ERR,ERR,ERR,ERR,ERR,ERR,ERR,ERR,ERR,ERR,ERR,ERR,ERR,ERR,ERR,ERR,ERR,ERR,ERR,ERR,ERR,ERR,ERR,ERR,ERR,ERR,ERR,ERR,ERR,ERR,ERR,ERR,ERR,ERR,ERR,ERR,ERR,ERR,ERR,ERR,ERR,ERR,ERR,ERR,ERR,ERR,ERR,ERR,ERR,ERR,ERR,ERR,ERR,ERR,ERR,ERR,ERR,ERR,ERR,ERR,ERR,ERR,ERR,ERR,ERR,ERR,ERR,ERR,ERR,ERR,ERR,ERR,ERR,ERR,ERR,ERR,ERR,ERR,ERR,ERR,ERR,ERR,ERR,ERR,ERR,ERR,ERR,ERR,ERR,-107615400.0,-107615392.0,0.0,-0.0,2.012,1.3936040501711995e+18,7.805,-1.8245132555090963e+22,0,0,4,48898,6720,14723890282496.0,100,0.0,0.0,0.0,-0.0,0.0,0,0,0,0,0.0,0,0,0,0,0,0,0,0,0,0,0,0,0,0,0,0,0,0,0,0,0,0,0,0,0,0,0,0,0,0,0,0,0,26,51,50,76,65476,0,300,0,0,8,21553,0.0,-107605600.0,0.0,0.0,0.0,0.0,0.0,0.0,0.0,0.0,0.0,0.0,0.0,0.0,0.0,0.0,0.0,0.0,0.0,0.0,0.0,0.0,2.004,0.0,-0.0,0.0,0.0,0.0,0.0,0.0,4721.0,2.4229853104588965e+24,7309.0,-107615400.0,-107615392.0,0.0,-0.0,0.0,0.0,0.0,0.0,77,-5.8480842052978964e+35,-0.0,0.0,0.0,0.0,0.0,0.0,0.0,0.0,0,0,0,0.0,0.0,0.0,0.0,0.0,0.0,0.0,0.0,0.0,0.0,0.0,0.0,0.0,0.0,0.0,0.0,0,-107875648.0,77,0.0,154,0.0,2.6533922776413385e+23,ERR,ERR,ERR,ERR,ERR,ERR,ERR,ERR,ERR,ERR,ERR,ERR,ERR,ERR,ERR,ERR,ERR,ERR,ERR,ERR,ERR,ERR,ERR,ERR,ERR,ERR,ERR,ERR,ERR,ERR,ERR,ERR,ERR,ERR,ERR,ERR,ERR,ERR,ERR,ERR,ERR,ERR,ERR,ERR,ERR,ERR,ERR,ERR,ERR,ERR,ERR,ERR,ERR,ERR,ERR,ERR,ERR,ERR,ERR,ERR,ERR,ERR,ERR,ERR,ERR,ERR,ERR,34.0,80.0,35,0.0,0.0,0.0,0.0,0.0,0.0,0.0,0.0,0.0,0.0,0.0,0.0,0.0,0.0,0.0,0.0,66.0,0,121,58,54,65476,0,300,0,0,8,20529,65476,0,0,57672,80.0,0.0,0.0,0.0,0.0,0.0
2026-06-18T02:03:21,ERR,ERR,ERR,ERR,ERR,ERR,ERR,ERR,ERR,ERR,ERR,ERR,ERR,ERR,ERR,ERR,ERR,ERR,ERR,ERR,ERR,ERR,ERR,ERR,ERR,ERR,ERR,ERR,ERR,ERR,ERR,ERR,ERR,ERR,ERR,ERR,ERR,ERR,ERR,ERR,ERR,ERR,ERR,ERR,ERR,ERR,ERR,ERR,ERR,ERR,ERR,ERR,ERR,ERR,ERR,ERR,ERR,ERR,ERR,ERR,ERR,ERR,ERR,ERR,ERR,ERR,ERR,ERR,ERR,ERR,ERR,ERR,ERR,ERR,ERR,ERR,ERR,ERR,ERR,ERR,ERR,ERR,ERR,ERR,ERR,ERR,ERR,ERR,ERR,ERR,ERR,ERR,ERR,ERR,ERR,ERR,ERR,ERR,ERR,ERR,ERR,ERR,ERR,ERR,ERR,ERR,ERR,ERR,ERR,ERR,ERR,ERR,ERR,ERR,ERR,ERR,ERR,ERR,ERR,ERR,ERR,ERR,ERR,ERR,ERR,-107615400.0,-107615392.0,0.0,2.718290229135658e+23,2.012,1.3936040501711995e+18,7.805,-4.0828997592390904e+35,0,0,4,48898,6720,14723890282496.0,100,0.0,0.0,0.0,0.0,0.0,0,0,0,0,0.0,0,0,0,0,0,0,0,0,0,0,0,0,0,0,0,0,0,0,0,0,0,0,0,0,0,0,0,0,0,0,0,0,0,26,51,50,76,65476,0,300,0,0,8,21553,0.0,-107605600.0,0.0,0.0,0.0,0.0,0.0,0.0,0.0,0.0,0.0,0.0,0.0,0.0,0.0,0.0,0.0,0.0,0.0,0.0,0.0,0.0,2.004,0.0,-0.0,0.0,0.0,0.0,0.0,0.0,4721.0,1.5879276530623424e+29,7310.0,-107615400.0,-107615392.0,0.0,-0.0,0.0,0.0,0.0,0.0,77,-5.8480842052978964e+35,-0.0,0.0,0.0,0.0,0.0,0.0,0.0,0.0,0,0,0,0.0,0.0,0.0,0.0,0.0,0.0,0.0,0.0,0.0,0.0,0.0,0.0,0.0,0.0,0.0,0.0,0,-107875648.0,77,0.0,154,0.0,2.6533922776413385e+23,ERR,ERR,ERR,ERR,ERR,ERR,ERR,ERR,ERR,ERR,ERR,ERR,ERR,ERR,ERR,ERR,ERR,ERR,ERR,ERR,ERR,ERR,ERR,ERR,ERR,ERR,ERR,ERR,ERR,ERR,ERR,ERR,ERR,ERR,ERR,ERR,ERR,ERR,ERR,ERR,ERR,ERR,ERR,ERR,ERR,ERR,ERR,ERR,ERR,ERR,ERR,ERR,ERR,ERR,ERR,ERR,ERR,ERR,ERR,ERR,ERR,ERR,ERR,ERR,ERR,ERR,ERR,34.0,80.0,35,0.0,0.0,0.0,0.0,0.0,0.0,0.0,0.0,0.0,0.0,0.0,0.0,0.0,0.0,0.0,0.0,66.4,0,121,58,54,65476,0,300,0,0,8,20529,65476,0,0,57672,80.0,0.0,0.0,0.0,0.0,0.0
2026-06-18T02:03:22,ERR,ERR,ERR,ERR,ERR,ERR,ERR,ERR,ERR,ERR,ERR,ERR,ERR,ERR,ERR,ERR,ERR,ERR,ERR,ERR,ERR,ERR,ERR,ERR,ERR,ERR,ERR,ERR,ERR,ERR,ERR,ERR,ERR,ERR,ERR,ERR,ERR,ERR,ERR,ERR,ERR,ERR,ERR,ERR,ERR,ERR,ERR,ERR,ERR,ERR,ERR,ERR,ERR,ERR,ERR,ERR,ERR,ERR,ERR,ERR,ERR,ERR,ERR,ERR,ERR,ERR,ERR,ERR,ERR,ERR,ERR,ERR,ERR,ERR,ERR,ERR,ERR,ERR,ERR,ERR,ERR,ERR,ERR,ERR,ERR,ERR,ERR,ERR,ERR,ERR,ERR,ERR,ERR,ERR,ERR,ERR,ERR,ERR,ERR,ERR,ERR,ERR,ERR,ERR,ERR,ERR,ERR,ERR,ERR,ERR,ERR,ERR,ERR,ERR,ERR,ERR,ERR,ERR,ERR,ERR,ERR,ERR,ERR,ERR,ERR,-107615400.0,-107615392.0,0.0,2.718290229135658e+23,2.012,1.3936040501711995e+18,7.805,-4.0828997592390904e+35,0,0,4,48898,6720,14723890282496.0,100,0.0,0.0,0.0,0.0,0.0,0,0,0,0,0.0,0,0,0,0,0,0,0,0,0,0,0,0,0,0,0,0,0,0,0,0,0,0,0,0,0,0,0,0,0,0,0,0,0,26,51,50,76,65476,0,300,0,0,8,21553,0.0,-107605600.0,0.0,0.0,0.0,0.0,0.0,0.0,0.0,0.0,0.0,0.0,0.0,0.0,0.0,0.0,0.0,0.0,0.0,0.0,0.0,0.0,2.004,0.0,-0.0,0.0,0.0,0.0,0.0,0.0,4721.0,1.5879276530623424e+29,7310.0,-107615400.0,-107615392.0,0.0,-0.0,0.0,0.0,0.0,0.0,77,-5.8480842052978964e+35,-0.0,0.0,0.0,0.0,0.0,0.0,0.0,0.0,0,0,0,0.0,0.0,0.0,0.0,0.0,0.0,0.0,0.0,0.0,0.0,0.0,0.0,0.0,0.0,0.0,0.0,0,-107875648.0,77,0.0,154,0.0,2.6533922776413385e+23,ERR,ERR,ERR,ERR,ERR,ERR,ERR,ERR,ERR,ERR,ERR,ERR,ERR,ERR,ERR,ERR,ERR,ERR,ERR,ERR,ERR,ERR,ERR,ERR,ERR,ERR,ERR,ERR,ERR,ERR,ERR,ERR,ERR,ERR,ERR,ERR,ERR,ERR,ERR,ERR,ERR,ERR,ERR,ERR,ERR,ERR,ERR,ERR,ERR,ERR,ERR,ERR,ERR,ERR,ERR,ERR,ERR,ERR,ERR,ERR,ERR,ERR,ERR,ERR,ERR,ERR,ERR,34.0,80.0,35,0.0,0.0,0.0,0.0,0.0,0.0,0.0,0.0,0.0,0.0,0.0,0.0,0.0,0.0,0.0,0.0,66.4,0,121,58,54,65476,0,300,0,0,8,20529,65476,0,0,57672,80.0,0.0,0.0,0.0,0.0,0.0
2026-06-18T02:03:23,ERR,ERR,ERR,ERR,ERR,ERR,ERR,ERR,ERR,ERR,ERR,ERR,ERR,ERR,ERR,ERR,ERR,ERR,ERR,ERR,ERR,ERR,ERR,ERR,ERR,ERR,ERR,ERR,ERR,ERR,ERR,ERR,ERR,ERR,ERR,ERR,ERR,ERR,ERR,ERR,ERR,ERR,ERR,ERR,ERR,ERR,ERR,ERR,ERR,ERR,ERR,ERR,ERR,ERR,ERR,ERR,ERR,ERR,ERR,ERR,ERR,ERR,ERR,ERR,ERR,ERR,ERR,ERR,ERR,ERR,ERR,ERR,ERR,ERR,ERR,ERR,ERR,ERR,ERR,ERR,ERR,ERR,ERR,ERR,ERR,ERR,ERR,ERR,ERR,ERR,ERR,ERR,ERR,ERR,ERR,ERR,ERR,ERR,ERR,ERR,ERR,ERR,ERR,ERR,ERR,ERR,ERR,ERR,ERR,ERR,ERR,ERR,ERR,ERR,ERR,ERR,ERR,ERR,ERR,ERR,ERR,ERR,ERR,ERR,ERR,-107615400.0,-107615392.0,0.0,2.718290229135658e+23,2.012,1.3936040501711995e+18,7.805,-4.0828997592390904e+35,0,0,4,48898,6720,14723890282496.0,100,0.0,0.0,0.0,0.0,0.0,0,0,0,0,0.0,0,0,0,0,0,0,0,0,0,0,0,0,0,0,0,0,0,0,0,0,0,0,0,0,0,0,0,0,0,0,0,0,0,26,51,50,76,65476,0,300,0,0,8,21553,0.0,-107605600.0,0.0,0.0,0.0,0.0,0.0,0.0,0.0,0.0,0.0,0.0,0.0,0.0,0.0,0.0,0.0,0.0,0.0,0.0,0.0,0.0,2.004,0.0,-0.0,0.0,0.0,0.0,0.0,0.0,4721.0,1.5879276530623424e+29,7310.0,-107615400.0,-107615392.0,0.0,-0.0,0.0,0.0,0.0,0.0,77,-5.8480842052978964e+35,-0.0,0.0,0.0,0.0,0.0,0.0,0.0,0.0,0,0,0,0.0,0.0,0.0,0.0,0.0,0.0,0.0,0.0,0.0,0.0,0.0,0.0,0.0,0.0,0.0,0.0,0,-107875648.0,77,0.0,154,0.0,2.6533922776413385e+23,ERR,ERR,ERR,ERR,ERR,ERR,ERR,ERR,ERR,ERR,ERR,ERR,ERR,ERR,ERR,ERR,ERR,ERR,ERR,ERR,ERR,ERR,ERR,ERR,ERR,ERR,ERR,ERR,ERR,ERR,ERR,ERR,ERR,ERR,ERR,ERR,ERR,ERR,ERR,ERR,ERR,ERR,ERR,ERR,ERR,ERR,ERR,ERR,ERR,ERR,ERR,ERR,ERR,ERR,ERR,ERR,ERR,ERR,ERR,ERR,ERR,ERR,ERR,ERR,ERR,ERR,ERR,34.0,80.0,35,0.0,0.0,0.0,0.0,0.0,0.0,0.0,0.0,0.0,0.0,0.0,0.0,0.0,0.0,0.0,0.0,66.0,0,121,58,54,65476,0,300,0,0,8,20529,65476,0,0,57672,80.0,0.0,0.0,0.0,0.0,0.0
2026-06-18T02:03:24,ERR,ERR,ERR,ERR,ERR,ERR,ERR,ERR,ERR,ERR,ERR,ERR,ERR,ERR,ERR,ERR,ERR,ERR,ERR,ERR,ERR,ERR,ERR,ERR,ERR,ERR,ERR,ERR,ERR,ERR,ERR,ERR,ERR,ERR,ERR,ERR,ERR,ERR,ERR,ERR,ERR,ERR,ERR,ERR,ERR,ERR,ERR,ERR,ERR,ERR,ERR,ERR,ERR,ERR,ERR,ERR,ERR,ERR,ERR,ERR,ERR,ERR,ERR,ERR,ERR,ERR,ERR,ERR,ERR,ERR,ERR,ERR,ERR,ERR,ERR,ERR,ERR,ERR,ERR,ERR,ERR,ERR,ERR,ERR,ERR,ERR,ERR,ERR,ERR,ERR,ERR,ERR,ERR,ERR,ERR,ERR,ERR,ERR,ERR,ERR,ERR,ERR,ERR,ERR,ERR,ERR,ERR,ERR,ERR,ERR,ERR,ERR,ERR,ERR,ERR,ERR,ERR,ERR,ERR,ERR,ERR,ERR,ERR,ERR,ERR,-107615400.0,-107615392.0,0.0,2.718290229135658e+23,2.012,1.3936040501711995e+18,7.805,-4.0828997592390904e+35,0,0,4,48898,6720,14723890282496.0,100,0.0,0.0,0.0,0.0,0.0,0,0,0,0,0.0,0,0,0,0,0,0,0,0,0,0,0,0,0,0,0,0,0,0,0,0,0,0,0,0,0,0,0,0,0,0,0,0,0,26,51,50,76,65476,0,300,0,0,8,21553,0.0,-107605600.0,0.0,0.0,0.0,0.0,0.0,0.0,0.0,0.0,0.0,0.0,0.0,0.0,0.0,0.0,0.0,0.0,0.0,0.0,0.0,0.0,2.004,0.0,-0.0,0.0,0.0,0.0,0.0,0.0,4721.0,1.5879276530623424e+29,7310.0,-107615400.0,-107615392.0,0.0,-0.0,0.0,0.0,0.0,0.0,77,-5.8480842052978964e+35,-0.0,0.0,0.0,0.0,0.0,0.0,0.0,0.0,0,0,0,0.0,0.0,0.0,0.0,0.0,0.0,0.0,0.0,0.0,0.0,0.0,0.0,0.0,0.0,0.0,0.0,0,-107875648.0,77,0.0,154,0.0,2.6533922776413385e+23,ERR,ERR,ERR,ERR,ERR,ERR,ERR,ERR,ERR,ERR,ERR,ERR,ERR,ERR,ERR,ERR,ERR,ERR,ERR,ERR,ERR,ERR,ERR,ERR,ERR,ERR,ERR,ERR,ERR,ERR,ERR,ERR,ERR,ERR,ERR,ERR,ERR,ERR,ERR,ERR,ERR,ERR,ERR,ERR,ERR,ERR,ERR,ERR,ERR,ERR,ERR,ERR,ERR,ERR,ERR,ERR,ERR,ERR,ERR,ERR,ERR,ERR,ERR,ERR,ERR,ERR,ERR,34.0,80.0,35,0.0,0.0,0.0,0.0,0.0,0.0,0.0,0.0,0.0,0.0,0.0,0.0,0.0,0.0,0.0,0.0,66.0,0,121,58,54,65476,0,300,0,0,8,20529,65476,0,0,57672,80.0,0.0,0.0,0.0,0.0,0.0
2026-06-18T02:03:25,ERR,ERR,ERR,ERR,ERR,ERR,ERR,ERR,ERR,ERR,ERR,ERR,ERR,ERR,ERR,ERR,ERR,ERR,ERR,ERR,ERR,ERR,ERR,ERR,ERR,ERR,ERR,ERR,ERR,ERR,ERR,ERR,ERR,ERR,ERR,ERR,ERR,ERR,ERR,ERR,ERR,ERR,ERR,ERR,ERR,ERR,ERR,ERR,ERR,ERR,ERR,ERR,ERR,ERR,ERR,ERR,ERR,ERR,ERR,ERR,ERR,ERR,ERR,ERR,ERR,ERR,ERR,ERR,ERR,ERR,ERR,ERR,ERR,ERR,ERR,ERR,ERR,ERR,ERR,ERR,ERR,ERR,ERR,ERR,ERR,ERR,ERR,ERR,ERR,ERR,ERR,ERR,ERR,ERR,ERR,ERR,ERR,ERR,ERR,ERR,ERR,ERR,ERR,ERR,ERR,ERR,ERR,ERR,ERR,ERR,ERR,ERR,ERR,ERR,ERR,ERR,ERR,ERR,ERR,ERR,ERR,ERR,ERR,ERR,ERR,-107615400.0,-107615392.0,0.0,2.718290229135658e+23,2.012,1.3936040501711995e+18,7.805,-4.0828997592390904e+35,0,0,4,48898,6720,14723890282496.0,100,0.0,0.0,0.0,0.0,0.0,0,0,0,0,0.0,0,0,0,0,0,0,0,0,0,0,0,0,0,0,0,0,0,0,0,0,0,0,0,0,0,0,0,0,0,0,0,0,0,26,51,50,76,65476,0,300,0,0,8,21553,0.0,-107605600.0,0.0,0.0,0.0,0.0,0.0,0.0,0.0,0.0,0.0,0.0,0.0,0.0,0.0,0.0,0.0,0.0,0.0,0.0,0.0,0.0,2.004,0.0,-0.0,0.0,0.0,0.0,0.0,0.0,4721.0,1.5879276530623424e+29,7310.0,-107615400.0,-107615392.0,0.0,-0.0,0.0,0.0,0.0,0.0,77,-5.8480842052978964e+35,-0.0,0.0,0.0,0.0,0.0,0.0,0.0,0.0,0,0,0,0.0,0.0,0.0,0.0,0.0,0.0,0.0,0.0,0.0,0.0,0.0,0.0,0.0,0.0,0.0,0.0,0,-107875648.0,77,0.0,154,0.0,2.6533922776413385e+23,ERR,ERR,ERR,ERR,ERR,ERR,ERR,ERR,ERR,ERR,ERR,ERR,ERR,ERR,ERR,ERR,ERR,ERR,ERR,ERR,ERR,ERR,ERR,ERR,ERR,ERR,ERR,ERR,ERR,ERR,ERR,ERR,ERR,ERR,ERR,ERR,ERR,ERR,ERR,ERR,ERR,ERR,ERR,ERR,ERR,ERR,ERR,ERR,ERR,ERR,ERR,ERR,ERR,ERR,ERR,ERR,ERR,ERR,ERR,ERR,ERR,ERR,ERR,ERR,ERR,ERR,ERR,34.0,80.0,35,0.0,0.0,0.0,0.0,0.0,0.0,0.0,0.0,0.0,0.0,0.0,0.0,0.0,0.0,0.0,0.0,66.0,0,121,58,54,65476,0,300,0,0,8,20529,65476,0,0,57672,80.0,0.0,0.0,0.0,0.0,0.0
2026-06-18T02:03:26,ERR,ERR,ERR,ERR,ERR,ERR,ERR,ERR,ERR,ERR,ERR,ERR,ERR,ERR,ERR,ERR,ERR,ERR,ERR,ERR,ERR,ERR,ERR,ERR,ERR,ERR,ERR,ERR,ERR,ERR,ERR,ERR,ERR,ERR,ERR,ERR,ERR,ERR,ERR,ERR,ERR,ERR,ERR,ERR,ERR,ERR,ERR,ERR,ERR,ERR,ERR,ERR,ERR,ERR,ERR,ERR,ERR,ERR,ERR,ERR,ERR,ERR,ERR,ERR,ERR,ERR,ERR,ERR,ERR,ERR,ERR,ERR,ERR,ERR,ERR,ERR,ERR,ERR,ERR,ERR,ERR,ERR,ERR,ERR,ERR,ERR,ERR,ERR,ERR,ERR,ERR,ERR,ERR,ERR,ERR,ERR,ERR,ERR,ERR,ERR,ERR,ERR,ERR,ERR,ERR,ERR,ERR,ERR,ERR,ERR,ERR,ERR,ERR,ERR,ERR,ERR,ERR,ERR,ERR,ERR,ERR,ERR,ERR,ERR,ERR,-107615400.0,-107615392.0,0.0,1.9055661790789632e+17,0.0,1.3936040501711995e+18,7.805,-0.0,0,0,4,48899,6720,14723890282496.0,100,0.0,0.0,0.0,-0.0,0.0,0,0,0,0,0.0,0,0,0,0,0,0,0,0,0,0,0,0,0,0,0,0,0,0,0,0,0,0,0,0,0,0,0,0,0,0,0,0,0,26,51,50,76,65476,0,300,0,0,8,21553,0.0,-107605600.0,0.0,0.0,0.0,0.0,0.0,0.0,0.0,0.0,0.0,0.0,0.0,0.0,0.0,0.0,0.0,0.0,0.0,0.0,0.0,0.0,2.004,0.0,-0.0,0.0,0.0,0.0,0.0,0.0,4723.0,1.0406642667109367e+34,7311.0,-107615400.0,-107615392.0,0.0,-0.0,0.0,0.0,0.0,0.0,77,-5.8480842052978964e+35,-71.629,0.0,0.0,0.0,0.0,0.0,0.0,0.0,0,0,0,0.0,0.0,0.0,0.0,0.0,0.0,0.0,0.0,0.0,0.0,0.0,0.0,0.0,0.0,0.0,0.0,0,-107875648.0,77,0.0,154,0.0,2.6533922776413385e+23,ERR,ERR,ERR,ERR,ERR,ERR,ERR,ERR,ERR,ERR,ERR,ERR,ERR,ERR,ERR,ERR,ERR,ERR,ERR,ERR,ERR,ERR,ERR,ERR,ERR,ERR,ERR,ERR,ERR,ERR,ERR,ERR,ERR,ERR,ERR,ERR,ERR,ERR,ERR,ERR,ERR,ERR,ERR,ERR,ERR,ERR,ERR,ERR,ERR,ERR,ERR,ERR,ERR,ERR,ERR,ERR,ERR,ERR,ERR,ERR,ERR,ERR,ERR,ERR,ERR,ERR,ERR,34.0,80.0,35,0.0,0.0,0.0,0.0,0.0,0.0,0.0,0.0,0.0,0.0,0.0,0.0,0.0,0.0,0.0,0.0,66.0,0,121,58,54,65476,0,300,0,0,8,20529,65476,0,0,57672,80.0,0.0,0.0,0.0,0.0,0.0
2026-06-18T02:03:27,ERR,ERR,ERR,ERR,ERR,ERR,ERR,ERR,ERR,ERR,ERR,ERR,ERR,ERR,ERR,ERR,ERR,ERR,ERR,ERR,ERR,ERR,ERR,ERR,ERR,ERR,ERR,ERR,ERR,ERR,ERR,ERR,ERR,ERR,ERR,ERR,ERR,ERR,ERR,ERR,ERR,ERR,ERR,ERR,ERR,ERR,ERR,ERR,ERR,ERR,ERR,ERR,ERR,ERR,ERR,ERR,ERR,ERR,ERR,ERR,ERR,ERR,ERR,ERR,ERR,ERR,ERR,ERR,ERR,ERR,ERR,ERR,ERR,ERR,ERR,ERR,ERR,ERR,ERR,ERR,ERR,ERR,ERR,ERR,ERR,ERR,ERR,ERR,ERR,ERR,ERR,ERR,ERR,ERR,ERR,ERR,ERR,ERR,ERR,ERR,ERR,ERR,ERR,ERR,ERR,ERR,ERR,ERR,ERR,ERR,ERR,ERR,ERR,ERR,ERR,ERR,ERR,ERR,ERR,ERR,ERR,ERR,ERR,ERR,ERR,-107615400.0,-107615392.0,0.0,1.9055661790789632e+17,0.0,1.3936040501711995e+18,7.805,-0.0,0,0,4,48899,6720,14723890282496.0,100,0.0,0.0,0.0,-0.0,0.0,0,0,0,0,0.0,0,0,0,0,0,0,0,0,0,0,0,0,0,0,0,0,0,0,0,0,0,0,0,0,0,0,0,0,0,0,0,0,0,26,51,50,76,65476,0,300,0,0,8,21553,0.0,-107605600.0,0.0,0.0,0.0,0.0,0.0,0.0,0.0,0.0,0.0,0.0,0.0,0.0,0.0,0.0,0.0,0.0,0.0,0.0,0.0,0.0,2.004,0.0,-0.0,0.0,0.0,0.0,0.0,0.0,4723.0,1.0406642667109367e+34,7311.0,-107615400.0,-107615392.0,0.0,-0.0,0.0,0.0,0.0,0.0,77,-5.8480842052978964e+35,-71.629,0.0,0.0,0.0,0.0,0.0,0.0,0.0,0,0,0,0.0,0.0,0.0,0.0,0.0,0.0,0.0,0.0,0.0,0.0,0.0,0.0,0.0,0.0,0.0,0.0,0,-107875648.0,77,0.0,154,0.0,2.6533922776413385e+23,ERR,ERR,ERR,ERR,ERR,ERR,ERR,ERR,ERR,ERR,ERR,ERR,ERR,ERR,ERR,ERR,ERR,ERR,ERR,ERR,ERR,ERR,ERR,ERR,ERR,ERR,ERR,ERR,ERR,ERR,ERR,ERR,ERR,ERR,ERR,ERR,ERR,ERR,ERR,ERR,ERR,ERR,ERR,ERR,ERR,ERR,ERR,ERR,ERR,ERR,ERR,ERR,ERR,ERR,ERR,ERR,ERR,ERR,ERR,ERR,ERR,ERR,ERR,ERR,ERR,ERR,ERR,34.0,80.0,35,0.0,0.0,0.0,0.0,0.0,0.0,0.0,0.0,0.0,0.0,0.0,0.0,0.0,0.0,0.0,0.0,66.4,0,121,58,54,65476,0,300,0,0,8,20529,65476,0,0,57672,80.0,0.0,0.0,0.0,0.0,0.0
2026-06-18T02:03:28,ERR,ERR,ERR,ERR,ERR,ERR,ERR,ERR,ERR,ERR,ERR,ERR,ERR,ERR,ERR,ERR,ERR,ERR,ERR,ERR,ERR,ERR,ERR,ERR,ERR,ERR,ERR,ERR,ERR,ERR,ERR,ERR,ERR,ERR,ERR,ERR,ERR,ERR,ERR,ERR,ERR,ERR,ERR,ERR,ERR,ERR,ERR,ERR,ERR,ERR,ERR,ERR,ERR,ERR,ERR,ERR,ERR,ERR,ERR,ERR,ERR,ERR,ERR,ERR,ERR,ERR,ERR,ERR,ERR,ERR,ERR,ERR,ERR,ERR,ERR,ERR,ERR,ERR,ERR,ERR,ERR,ERR,ERR,ERR,ERR,ERR,ERR,ERR,ERR,ERR,ERR,ERR,ERR,ERR,ERR,ERR,ERR,ERR,ERR,ERR,ERR,ERR,ERR,ERR,ERR,ERR,ERR,ERR,ERR,ERR,ERR,ERR,ERR,ERR,ERR,ERR,ERR,ERR,ERR,ERR,ERR,ERR,ERR,ERR,ERR,-107615400.0,-107615392.0,0.0,1.9055661790789632e+17,0.0,1.3936040501711995e+18,7.805,-0.0,0,0,4,48899,6720,14723890282496.0,100,0.0,0.0,0.0,-0.0,0.0,0,0,0,0,0.0,0,0,0,0,0,0,0,0,0,0,0,0,0,0,0,0,0,0,0,0,0,0,0,0,0,0,0,0,0,0,0,0,0,26,51,50,76,65476,0,300,0,0,8,21553,0.0,-107605600.0,0.0,0.0,0.0,0.0,0.0,0.0,0.0,0.0,0.0,0.0,0.0,0.0,0.0,0.0,0.0,0.0,0.0,0.0,0.0,0.0,2.004,0.0,-0.0,0.0,0.0,0.0,0.0,0.0,4723.0,1.0406642667109367e+34,7311.0,-107615400.0,-107615392.0,0.0,-0.0,0.0,0.0,0.0,0.0,77,-5.8480842052978964e+35,-71.629,0.0,0.0,0.0,0.0,0.0,0.0,0.0,0,0,0,0.0,0.0,0.0,0.0,0.0,0.0,0.0,0.0,0.0,0.0,0.0,0.0,0.0,0.0,0.0,0.0,0,-107875648.0,77,0.0,154,0.0,2.6533922776413385e+23,ERR,ERR,ERR,ERR,ERR,ERR,ERR,ERR,ERR,ERR,ERR,ERR,ERR,ERR,ERR,ERR,ERR,ERR,ERR,ERR,ERR,ERR,ERR,ERR,ERR,ERR,ERR,ERR,ERR,ERR,ERR,ERR,ERR,ERR,ERR,ERR,ERR,ERR,ERR,ERR,ERR,ERR,ERR,ERR,ERR,ERR,ERR,ERR,ERR,ERR,ERR,ERR,ERR,ERR,ERR,ERR,ERR,ERR,ERR,ERR,ERR,ERR,ERR,ERR,ERR,ERR,ERR,34.0,80.0,35,0.0,0.0,0.0,0.0,0.0,0.0,0.0,0.0,0.0,0.0,0.0,0.0,0.0,0.0,0.0,0.0,66.4,0,121,58,54,65476,0,300,0,0,8,20529,65476,0,0,57672,80.0,0.0,0.0,0.0,0.0,0.0
2026-06-18T02:03:29,ERR,ERR,ERR,ERR,ERR,ERR,ERR,ERR,ERR,ERR,ERR,ERR,ERR,ERR,ERR,ERR,ERR,ERR,ERR,ERR,ERR,ERR,ERR,ERR,ERR,ERR,ERR,ERR,ERR,ERR,ERR,ERR,ERR,ERR,ERR,ERR,ERR,ERR,ERR,ERR,ERR,ERR,ERR,ERR,ERR,ERR,ERR,ERR,ERR,ERR,ERR,ERR,ERR,ERR,ERR,ERR,ERR,ERR,ERR,ERR,ERR,ERR,ERR,ERR,ERR,ERR,ERR,ERR,ERR,ERR,ERR,ERR,ERR,ERR,ERR,ERR,ERR,ERR,ERR,ERR,ERR,ERR,ERR,ERR,ERR,ERR,ERR,ERR,ERR,ERR,ERR,ERR,ERR,ERR,ERR,ERR,ERR,ERR,ERR,ERR,ERR,ERR,ERR,ERR,ERR,ERR,ERR,ERR,ERR,ERR,ERR,ERR,ERR,ERR,ERR,ERR,ERR,ERR,ERR,ERR,ERR,ERR,ERR,ERR,ERR,-107615400.0,-107615392.0,0.0,1.9055661790789632e+17,0.0,1.3936040501711995e+18,7.805,-0.0,0,0,4,48899,6720,14723890282496.0,100,0.0,0.0,0.0,-0.0,0.0,0,0,0,0,0.0,0,0,0,0,0,0,0,0,0,0,0,0,0,0,0,0,0,0,0,0,0,0,0,0,0,0,0,0,0,0,0,0,0,26,51,50,76,65476,0,300,0,0,8,21553,0.0,-107605600.0,0.0,0.0,0.0,0.0,0.0,0.0,0.0,0.0,0.0,0.0,0.0,0.0,0.0,0.0,0.0,0.0,0.0,0.0,0.0,0.0,2.004,0.0,-0.0,0.0,0.0,0.0,0.0,0.0,4723.0,1.0406642667109367e+34,7311.0,-107615400.0,-107615392.0,0.0,-0.0,0.0,0.0,0.0,0.0,77,-5.8480842052978964e+35,-71.629,0.0,0.0,0.0,0.0,0.0,0.0,0.0,0,0,0,0.0,0.0,0.0,0.0,0.0,0.0,0.0,0.0,0.0,0.0,0.0,0.0,0.0,0.0,0.0,0.0,0,-107875648.0,77,0.0,154,0.0,2.6533922776413385e+23,ERR,ERR,ERR,ERR,ERR,ERR,ERR,ERR,ERR,ERR,ERR,ERR,ERR,ERR,ERR,ERR,ERR,ERR,ERR,ERR,ERR,ERR,ERR,ERR,ERR,ERR,ERR,ERR,ERR,ERR,ERR,ERR,ERR,ERR,ERR,ERR,ERR,ERR,ERR,ERR,ERR,ERR,ERR,ERR,ERR,ERR,ERR,ERR,ERR,ERR,ERR,ERR,ERR,ERR,ERR,ERR,ERR,ERR,ERR,ERR,ERR,ERR,ERR,ERR,ERR,ERR,ERR,34.0,80.0,35,0.0,0.0,0.0,0.0,0.0,0.0,0.0,0.0,0.0,0.0,0.0,0.0,0.0,0.0,0.0,0.0,66.4,0,121,58,54,65476,0,300,0,0,8,20529,65476,0,0,57672,80.0,0.0,0.0,0.0,0.0,0.0
2026-06-18T02:03:30,ERR,ERR,ERR,ERR,ERR,ERR,ERR,ERR,ERR,ERR,ERR,ERR,ERR,ERR,ERR,ERR,ERR,ERR,ERR,ERR,ERR,ERR,ERR,ERR,ERR,ERR,ERR,ERR,ERR,ERR,ERR,ERR,ERR,ERR,ERR,ERR,ERR,ERR,ERR,ERR,ERR,ERR,ERR,ERR,ERR,ERR,ERR,ERR,ERR,ERR,ERR,ERR,ERR,ERR,ERR,ERR,ERR,ERR,ERR,ERR,ERR,ERR,ERR,ERR,ERR,ERR,ERR,ERR,ERR,ERR,ERR,ERR,ERR,ERR,ERR,ERR,ERR,ERR,ERR,ERR,ERR,ERR,ERR,ERR,ERR,ERR,ERR,ERR,ERR,ERR,ERR,ERR,ERR,ERR,ERR,ERR,ERR,ERR,ERR,ERR,ERR,ERR,ERR,ERR,ERR,ERR,ERR,ERR,ERR,ERR,ERR,ERR,ERR,ERR,ERR,ERR,ERR,ERR,ERR,ERR,ERR,ERR,ERR,ERR,ERR,-107615400.0,-107615392.0,0.0,1.9055661790789632e+17,0.0,1.3936040501711995e+18,7.805,-0.0,0,0,4,48899,6720,14723890282496.0,100,0.0,0.0,0.0,-0.0,0.0,0,0,0,0,0.0,0,0,0,0,0,0,0,0,0,0,0,0,0,0,0,0,0,0,0,0,0,0,0,0,0,0,0,0,0,0,0,0,0,26,51,50,76,65476,0,300,0,0,8,21553,0.0,-107605600.0,0.0,0.0,0.0,0.0,0.0,0.0,0.0,0.0,0.0,0.0,0.0,0.0,0.0,0.0,0.0,0.0,0.0,0.0,0.0,0.0,2.004,0.0,-0.0,0.0,0.0,0.0,0.0,0.0,4723.0,1.0406642667109367e+34,7311.0,-107615400.0,-107615392.0,0.0,-0.0,0.0,0.0,0.0,0.0,77,-5.8480842052978964e+35,-71.629,0.0,0.0,0.0,0.0,0.0,0.0,0.0,0,0,0,0.0,0.0,0.0,0.0,0.0,0.0,0.0,0.0,0.0,0.0,0.0,0.0,0.0,0.0,0.0,0.0,0,-107875648.0,77,0.0,154,0.0,2.6533922776413385e+23,ERR,ERR,ERR,ERR,ERR,ERR,ERR,ERR,ERR,ERR,ERR,ERR,ERR,ERR,ERR,ERR,ERR,ERR,ERR,ERR,ERR,ERR,ERR,ERR,ERR,ERR,ERR,ERR,ERR,ERR,ERR,ERR,ERR,ERR,ERR,ERR,ERR,ERR,ERR,ERR,ERR,ERR,ERR,ERR,ERR,ERR,ERR,ERR,ERR,ERR,ERR,ERR,ERR,ERR,ERR,ERR,ERR,ERR,ERR,ERR,ERR,ERR,ERR,ERR,ERR,ERR,ERR,34.0,80.0,35,0.0,0.0,0.0,0.0,0.0,0.0,0.0,0.0,0.0,0.0,0.0,0.0,0.0,0.0,0.0,0.0,66.0,0,121,58,54,65476,0,300,0,0,8,20529,65476,0,0,57672,80.0,0.0,0.0,0.0,0.0,0.0
2026-06-18T02:03:31,ERR,ERR,ERR,ERR,ERR,ERR,ERR,ERR,ERR,ERR,ERR,ERR,ERR,ERR,ERR,ERR,ERR,ERR,ERR,ERR,ERR,ERR,ERR,ERR,ERR,ERR,ERR,ERR,ERR,ERR,ERR,ERR,ERR,ERR,ERR,ERR,ERR,ERR,ERR,ERR,ERR,ERR,ERR,ERR,ERR,ERR,ERR,ERR,ERR,ERR,ERR,ERR,ERR,ERR,ERR,ERR,ERR,ERR,ERR,ERR,ERR,ERR,ERR,ERR,ERR,ERR,ERR,ERR,ERR,ERR,ERR,ERR,ERR,ERR,ERR,ERR,ERR,ERR,ERR,ERR,ERR,ERR,ERR,ERR,ERR,ERR,ERR,ERR,ERR,ERR,ERR,ERR,ERR,ERR,ERR,ERR,ERR,ERR,ERR,ERR,ERR,ERR,ERR,ERR,ERR,ERR,ERR,ERR,ERR,ERR,ERR,ERR,ERR,ERR,ERR,ERR,ERR,ERR,ERR,ERR,ERR,ERR,ERR,ERR,ERR,-107615400.0,-107615392.0,0.0,1.9055661790789632e+17,0.0,1.3936040501711995e+18,7.805,-0.0,0,0,4,48899,6720,14723890282496.0,100,0.0,0.0,0.0,-0.0,0.0,0,0,0,0,0.0,0,0,0,0,0,0,0,0,0,0,0,0,0,0,0,0,0,0,0,0,0,0,0,0,0,0,0,0,0,0,0,0,0,26,51,50,76,65476,0,300,0,0,8,21553,0.0,-107605600.0,0.0,0.0,0.0,0.0,0.0,0.0,0.0,0.0,0.0,0.0,0.0,0.0,0.0,0.0,0.0,0.0,0.0,0.0,0.0,0.0,2.004,0.0,-0.0,0.0,0.0,0.0,0.0,0.0,4723.0,1.0406642667109367e+34,7311.0,-107615400.0,-107615392.0,0.0,-0.0,0.0,0.0,0.0,0.0,77,-5.8480842052978964e+35,-71.629,0.0,0.0,0.0,0.0,0.0,0.0,0.0,0,0,0,0.0,0.0,0.0,0.0,0.0,0.0,0.0,0.0,0.0,0.0,0.0,0.0,0.0,0.0,0.0,0.0,0,-107875648.0,77,0.0,154,0.0,2.6533922776413385e+23,ERR,ERR,ERR,ERR,ERR,ERR,ERR,ERR,ERR,ERR,ERR,ERR,ERR,ERR,ERR,ERR,ERR,ERR,ERR,ERR,ERR,ERR,ERR,ERR,ERR,ERR,ERR,ERR,ERR,ERR,ERR,ERR,ERR,ERR,ERR,ERR,ERR,ERR,ERR,ERR,ERR,ERR,ERR,ERR,ERR,ERR,ERR,ERR,ERR,ERR,ERR,ERR,ERR,ERR,ERR,ERR,ERR,ERR,ERR,ERR,ERR,ERR,ERR,ERR,ERR,ERR,ERR,34.0,80.0,35,0.0,0.0,0.0,0.0,0.0,0.0,0.0,0.0,0.0,0.0,0.0,0.0,0.0,0.0,0.0,0.0,66.0,0,121,58,54,65476,0,300,0,0,8,20529,65476,0,0,57672,80.0,0.0,0.0,0.0,0.0,0.0
2026-06-18T02:03:32,ERR,ERR,ERR,ERR,ERR,ERR,ERR,ERR,ERR,ERR,ERR,ERR,ERR,ERR,ERR,ERR,ERR,ERR,ERR,ERR,ERR,ERR,ERR,ERR,ERR,ERR,ERR,ERR,ERR,ERR,ERR,ERR,ERR,ERR,ERR,ERR,ERR,ERR,ERR,ERR,ERR,ERR,ERR,ERR,ERR,ERR,ERR,ERR,ERR,ERR,ERR,ERR,ERR,ERR,ERR,ERR,ERR,ERR,ERR,ERR,ERR,ERR,ERR,ERR,ERR,ERR,ERR,ERR,ERR,ERR,ERR,ERR,ERR,ERR,ERR,ERR,ERR,ERR,ERR,ERR,ERR,ERR,ERR,ERR,ERR,ERR,ERR,ERR,ERR,ERR,ERR,ERR,ERR,ERR,ERR,ERR,ERR,ERR,ERR,ERR,ERR,ERR,ERR,ERR,ERR,ERR,ERR,ERR,ERR,ERR,ERR,ERR,ERR,ERR,ERR,ERR,ERR,ERR,ERR,ERR,ERR,ERR,ERR,ERR,ERR,-107615400.0,-107615392.0,0.0,-107609184.0,-0.0,1.3936040501711995e+18,7.805,0.0,0,0,4,48902,6720,14723890282496.0,100,0.0,0.0,0.0,-107609184.0,0.0,0,0,0,0,0.0,0,0,0,0,0,0,0,0,0,0,0,0,0,0,0,0,0,0,0,0,0,0,0,0,0,0,0,0,0,0,0,0,0,26,51,50,76,65476,0,300,0,0,8,21553,0.0,-107605600.0,0.0,0.0,0.0,0.0,0.0,0.0,0.0,0.0,0.0,0.0,0.0,0.0,0.0,0.0,0.0,0.0,0.0,0.0,0.0,0.0,2.004,0.0,-0.0,0.0,0.0,0.0,0.0,0.0,4723.0,564145229398016.0,7307.0,-107615400.0,-107615392.0,0.0,-0.0,0.0,0.0,0.0,0.0,77,0.0,-0.0,0.0,0.0,0.0,0.0,0.0,0.0,0.0,0,0,0,0.0,0.0,0.0,0.0,0.0,0.0,0.0,0.0,0.0,0.0,0.0,0.0,0.0,0.0,0.0,0.0,0,-107875648.0,77,0.0,154,0.0,2.6533922776413385e+23,ERR,ERR,ERR,ERR,ERR,ERR,ERR,ERR,ERR,ERR,ERR,ERR,ERR,ERR,ERR,ERR,ERR,ERR,ERR,ERR,ERR,ERR,ERR,ERR,ERR,ERR,ERR,ERR,ERR,ERR,ERR,ERR,ERR,ERR,ERR,ERR,ERR,ERR,ERR,ERR,ERR,ERR,ERR,ERR,ERR,ERR,ERR,ERR,ERR,ERR,ERR,ERR,ERR,ERR,ERR,ERR,ERR,ERR,ERR,ERR,ERR,ERR,ERR,ERR,ERR,ERR,ERR,34.0,80.0,35,0.0,0.0,0.0,0.0,0.0,0.0,0.0,0.0,0.0,0.0,0.0,0.0,0.0,0.0,0.0,0.0,66.4,0,121,58,54,65476,0,300,0,0,8,20529,65476,0,0,57672,80.0,0.0,0.0,0.0,0.0,0.0
2026-06-18T02:03:33,ERR,ERR,ERR,ERR,ERR,ERR,ERR,ERR,ERR,ERR,ERR,ERR,ERR,ERR,ERR,ERR,ERR,ERR,ERR,ERR,ERR,ERR,ERR,ERR,ERR,ERR,ERR,ERR,ERR,ERR,ERR,ERR,ERR,ERR,ERR,ERR,ERR,ERR,ERR,ERR,ERR,ERR,ERR,ERR,ERR,ERR,ERR,ERR,ERR,ERR,ERR,ERR,ERR,ERR,ERR,ERR,ERR,ERR,ERR,ERR,ERR,ERR,ERR,ERR,ERR,ERR,ERR,ERR,ERR,ERR,ERR,ERR,ERR,ERR,ERR,ERR,ERR,ERR,ERR,ERR,ERR,ERR,ERR,ERR,ERR,ERR,ERR,ERR,ERR,ERR,ERR,ERR,ERR,ERR,ERR,ERR,ERR,ERR,ERR,ERR,ERR,ERR,ERR,ERR,ERR,ERR,ERR,ERR,ERR,ERR,ERR,ERR,ERR,ERR,ERR,ERR,ERR,ERR,ERR,ERR,ERR,ERR,ERR,ERR,ERR,-107615400.0,-107615392.0,0.0,-107609184.0,-0.0,1.3936040501711995e+18,7.805,0.0,0,0,4,48902,6720,14723890282496.0,100,0.0,0.0,0.0,-107609184.0,0.0,0,0,0,0,0.0,0,0,0,0,0,0,0,0,0,0,0,0,0,0,0,0,0,0,0,0,0,0,0,0,0,0,0,0,0,0,0,0,0,26,51,50,76,65476,0,300,0,0,8,21553,0.0,-107605600.0,0.0,0.0,0.0,0.0,0.0,0.0,0.0,0.0,0.0,0.0,0.0,0.0,0.0,0.0,0.0,0.0,0.0,0.0,0.0,0.0,2.004,0.0,-0.0,0.0,0.0,0.0,0.0,0.0,4723.0,564145229398016.0,7307.0,-107615400.0,-107615392.0,0.0,-0.0,0.0,0.0,0.0,0.0,77,0.0,-0.0,0.0,0.0,0.0,0.0,0.0,0.0,0.0,0,0,0,0.0,0.0,0.0,0.0,0.0,0.0,0.0,0.0,0.0,0.0,0.0,0.0,0.0,0.0,0.0,0.0,0,-107875648.0,77,0.0,154,0.0,2.6533922776413385e+23,ERR,ERR,ERR,ERR,ERR,ERR,ERR,ERR,ERR,ERR,ERR,ERR,ERR,ERR,ERR,ERR,ERR,ERR,ERR,ERR,ERR,ERR,ERR,ERR,ERR,ERR,ERR,ERR,ERR,ERR,ERR,ERR,ERR,ERR,ERR,ERR,ERR,ERR,ERR,ERR,ERR,ERR,ERR,ERR,ERR,ERR,ERR,ERR,ERR,ERR,ERR,ERR,ERR,ERR,ERR,ERR,ERR,ERR,ERR,ERR,ERR,ERR,ERR,ERR,ERR,ERR,ERR,34.0,80.0,35,0.0,0.0,0.0,0.0,0.0,0.0,0.0,0.0,0.0,0.0,0.0,0.0,0.0,0.0,0.0,0.0,66.4,0,121,58,54,65476,0,300,0,0,8,20529,65476,0,0,57672,80.0,0.0,0.0,0.0,0.0,0.0
2026-06-18T02:03:34,ERR,ERR,ERR,ERR,ERR,ERR,ERR,ERR,ERR,ERR,ERR,ERR,ERR,ERR,ERR,ERR,ERR,ERR,ERR,ERR,ERR,ERR,ERR,ERR,ERR,ERR,ERR,ERR,ERR,ERR,ERR,ERR,ERR,ERR,ERR,ERR,ERR,ERR,ERR,ERR,ERR,ERR,ERR,ERR,ERR,ERR,ERR,ERR,ERR,ERR,ERR,ERR,ERR,ERR,ERR,ERR,ERR,ERR,ERR,ERR,ERR,ERR,ERR,ERR,ERR,ERR,ERR,ERR,ERR,ERR,ERR,ERR,ERR,ERR,ERR,ERR,ERR,ERR,ERR,ERR,ERR,ERR,ERR,ERR,ERR,ERR,ERR,ERR,ERR,ERR,ERR,ERR,ERR,ERR,ERR,ERR,ERR,ERR,ERR,ERR,ERR,ERR,ERR,ERR,ERR,ERR,ERR,ERR,ERR,ERR,ERR,ERR,ERR,ERR,ERR,ERR,ERR,ERR,ERR,ERR,ERR,ERR,ERR,ERR,ERR,-107615400.0,-107615392.0,0.0,-107609184.0,-0.0,1.3936040501711995e+18,7.805,0.0,0,0,4,48902,6720,14723890282496.0,100,0.0,0.0,0.0,-107609184.0,0.0,0,0,0,0,0.0,0,0,0,0,0,0,0,0,0,0,0,0,0,0,0,0,0,0,0,0,0,0,0,0,0,0,0,0,0,0,0,0,0,26,51,50,76,65476,0,300,0,0,8,21553,0.0,-107605600.0,0.0,0.0,0.0,0.0,0.0,0.0,0.0,0.0,0.0,0.0,0.0,0.0,0.0,0.0,0.0,0.0,0.0,0.0,0.0,0.0,2.004,0.0,-0.0,0.0,0.0,0.0,0.0,0.0,4723.0,564145229398016.0,7307.0,-107615400.0,-107615392.0,0.0,-0.0,0.0,0.0,0.0,0.0,77,0.0,-0.0,0.0,0.0,0.0,0.0,0.0,0.0,0.0,0,0,0,0.0,0.0,0.0,0.0,0.0,0.0,0.0,0.0,0.0,0.0,0.0,0.0,0.0,0.0,0.0,0.0,0,-107875648.0,77,0.0,154,0.0,2.6533922776413385e+23,ERR,ERR,ERR,ERR,ERR,ERR,ERR,ERR,ERR,ERR,ERR,ERR,ERR,ERR,ERR,ERR,ERR,ERR,ERR,ERR,ERR,ERR,ERR,ERR,ERR,ERR,ERR,ERR,ERR,ERR,ERR,ERR,ERR,ERR,ERR,ERR,ERR,ERR,ERR,ERR,ERR,ERR,ERR,ERR,ERR,ERR,ERR,ERR,ERR,ERR,ERR,ERR,ERR,ERR,ERR,ERR,ERR,ERR,ERR,ERR,ERR,ERR,ERR,ERR,ERR,ERR,ERR,34.0,80.0,35,0.0,0.0,0.0,0.0,0.0,0.0,0.0,0.0,0.0,0.0,0.0,0.0,0.0,0.0,0.0,0.0,66.0,0,121,58,54,65476,0,300,0,0,8,20529,65476,0,0,57672,80.0,0.0,0.0,0.0,0.0,0.0
2026-06-18T02:03:35,ERR,ERR,ERR,ERR,ERR,ERR,ERR,ERR,ERR,ERR,ERR,ERR,ERR,ERR,ERR,ERR,ERR,ERR,ERR,ERR,ERR,ERR,ERR,ERR,ERR,ERR,ERR,ERR,ERR,ERR,ERR,ERR,ERR,ERR,ERR,ERR,ERR,ERR,ERR,ERR,ERR,ERR,ERR,ERR,ERR,ERR,ERR,ERR,ERR,ERR,ERR,ERR,ERR,ERR,ERR,ERR,ERR,ERR,ERR,ERR,ERR,ERR,ERR,ERR,ERR,ERR,ERR,ERR,ERR,ERR,ERR,ERR,ERR,ERR,ERR,ERR,ERR,ERR,ERR,ERR,ERR,ERR,ERR,ERR,ERR,ERR,ERR,ERR,ERR,ERR,ERR,ERR,ERR,ERR,ERR,ERR,ERR,ERR,ERR,ERR,ERR,ERR,ERR,ERR,ERR,ERR,ERR,ERR,ERR,ERR,ERR,ERR,ERR,ERR,ERR,ERR,ERR,ERR,ERR,ERR,ERR,ERR,ERR,ERR,ERR,-107615400.0,-107615392.0,0.0,-107609184.0,-0.0,1.3936040501711995e+18,7.805,0.0,0,0,4,48902,6720,14723890282496.0,100,0.0,0.0,0.0,-107609184.0,0.0,0,0,0,0,0.0,0,0,0,0,0,0,0,0,0,0,0,0,0,0,0,0,0,0,0,0,0,0,0,0,0,0,0,0,0,0,0,0,0,26,51,50,76,65476,0,300,0,0,8,21553,0.0,-107605600.0,0.0,0.0,0.0,0.0,0.0,0.0,0.0,0.0,0.0,0.0,0.0,0.0,0.0,0.0,0.0,0.0,0.0,0.0,0.0,0.0,2.004,0.0,-0.0,0.0,0.0,0.0,0.0,0.0,4723.0,564145229398016.0,7307.0,-107615400.0,-107615392.0,0.0,-0.0,0.0,0.0,0.0,0.0,77,0.0,-0.0,0.0,0.0,0.0,0.0,0.0,0.0,0.0,0,0,0,0.0,0.0,0.0,0.0,0.0,0.0,0.0,0.0,0.0,0.0,0.0,0.0,0.0,0.0,0.0,0.0,0,-107875648.0,77,0.0,154,0.0,2.6533922776413385e+23,ERR,ERR,ERR,ERR,ERR,ERR,ERR,ERR,ERR,ERR,ERR,ERR,ERR,ERR,ERR,ERR,ERR,ERR,ERR,ERR,ERR,ERR,ERR,ERR,ERR,ERR,ERR,ERR,ERR,ERR,ERR,ERR,ERR,ERR,ERR,ERR,ERR,ERR,ERR,ERR,ERR,ERR,ERR,ERR,ERR,ERR,ERR,ERR,ERR,ERR,ERR,ERR,ERR,ERR,ERR,ERR,ERR,ERR,ERR,ERR,ERR,ERR,ERR,ERR,ERR,ERR,ERR,34.0,80.0,35,0.0,0.0,0.0,0.0,0.0,0.0,0.0,0.0,0.0,0.0,0.0,0.0,0.0,0.0,0.0,0.0,66.0,0,121,58,54,65476,0,300,0,0,8,20529,65476,0,0,57672,80.0,0.0,0.0,0.0,0.0,0.0
2026-06-18T02:03:36,ERR,ERR,ERR,ERR,ERR,ERR,ERR,ERR,ERR,ERR,ERR,ERR,ERR,ERR,ERR,ERR,ERR,ERR,ERR,ERR,ERR,ERR,ERR,ERR,ERR,ERR,ERR,ERR,ERR,ERR,ERR,ERR,ERR,ERR,ERR,ERR,ERR,ERR,ERR,ERR,ERR,ERR,ERR,ERR,ERR,ERR,ERR,ERR,ERR,ERR,ERR,ERR,ERR,ERR,ERR,ERR,ERR,ERR,ERR,ERR,ERR,ERR,ERR,ERR,ERR,ERR,ERR,ERR,ERR,ERR,ERR,ERR,ERR,ERR,ERR,ERR,ERR,ERR,ERR,ERR,ERR,ERR,ERR,ERR,ERR,ERR,ERR,ERR,ERR,ERR,ERR,ERR,ERR,ERR,ERR,ERR,ERR,ERR,ERR,ERR,ERR,ERR,ERR,ERR,ERR,ERR,ERR,ERR,ERR,ERR,ERR,ERR,ERR,ERR,ERR,ERR,ERR,ERR,ERR,ERR,ERR,ERR,ERR,ERR,ERR,-107615400.0,-107615392.0,0.0,-107609184.0,-0.0,1.3936040501711995e+18,7.805,0.0,0,0,4,48902,6720,14723890282496.0,100,0.0,0.0,0.0,-107609184.0,0.0,0,0,0,0,0.0,0,0,0,0,0,0,0,0,0,0,0,0,0,0,0,0,0,0,0,0,0,0,0,0,0,0,0,0,0,0,0,0,0,26,51,50,76,65476,0,300,0,0,8,21553,0.0,-107605600.0,0.0,0.0,0.0,0.0,0.0,0.0,0.0,0.0,0.0,0.0,0.0,0.0,0.0,0.0,0.0,0.0,0.0,0.0,0.0,0.0,2.004,0.0,-0.0,0.0,0.0,0.0,0.0,0.0,4723.0,564145229398016.0,7307.0,-107615400.0,-107615392.0,0.0,-0.0,0.0,0.0,0.0,0.0,77,0.0,-0.0,0.0,0.0,0.0,0.0,0.0,0.0,0.0,0,0,0,0.0,0.0,0.0,0.0,0.0,0.0,0.0,0.0,0.0,0.0,0.0,0.0,0.0,0.0,0.0,0.0,0,-107875648.0,77,0.0,154,0.0,2.6533922776413385e+23,ERR,ERR,ERR,ERR,ERR,ERR,ERR,ERR,ERR,ERR,ERR,ERR,ERR,ERR,ERR,ERR,ERR,ERR,ERR,ERR,ERR,ERR,ERR,ERR,ERR,ERR,ERR,ERR,ERR,ERR,ERR,ERR,ERR,ERR,ERR,ERR,ERR,ERR,ERR,ERR,ERR,ERR,ERR,ERR,ERR,ERR,ERR,ERR,ERR,ERR,ERR,ERR,ERR,ERR,ERR,ERR,ERR,ERR,ERR,ERR,ERR,ERR,ERR,ERR,ERR,ERR,ERR,34.0,80.0,35,0.0,0.0,0.0,0.0,0.0,0.0,0.0,0.0,0.0,0.0,0.0,0.0,0.0,0.0,0.0,0.0,66.0,0,121,58,54,65476,0,300,0,0,8,20529,65476,0,0,57672,80.0,0.0,0.0,0.0,0.0,0.0
2026-06-18T02:03:37,ERR,ERR,ERR,ERR,ERR,ERR,ERR,ERR,ERR,ERR,ERR,ERR,ERR,ERR,ERR,ERR,ERR,ERR,ERR,ERR,ERR,ERR,ERR,ERR,ERR,ERR,ERR,ERR,ERR,ERR,ERR,ERR,ERR,ERR,ERR,ERR,ERR,ERR,ERR,ERR,ERR,ERR,ERR,ERR,ERR,ERR,ERR,ERR,ERR,ERR,ERR,ERR,ERR,ERR,ERR,ERR,ERR,ERR,ERR,ERR,ERR,ERR,ERR,ERR,ERR,ERR,ERR,ERR,ERR,ERR,ERR,ERR,ERR,ERR,ERR,ERR,ERR,ERR,ERR,ERR,ERR,ERR,ERR,ERR,ERR,ERR,ERR,ERR,ERR,ERR,ERR,ERR,ERR,ERR,ERR,ERR,ERR,ERR,ERR,ERR,ERR,ERR,ERR,ERR,ERR,ERR,ERR,ERR,ERR,ERR,ERR,ERR,ERR,ERR,ERR,ERR,ERR,ERR,ERR,ERR,ERR,ERR,ERR,ERR,ERR,-107615400.0,-107615392.0,0.0,-0.0,2.012,1.3936040501711995e+18,7.805,-1.8245132555090963e+22,0,0,4,48898,6720,14723890282496.0,100,0.0,0.0,0.0,-152005385388032.0,0.0,0,0,0,0,0.0,0,0,0,0,0,0,0,0,0,0,0,0,0,0,0,0,0,0,0,0,0,0,0,0,0,0,0,0,0,0,0,0,0,26,51,50,76,65476,0,300,0,0,8,21553,0.0,-107605600.0,0.0,0.0,0.0,0.0,0.0,0.0,0.0,0.0,0.0,0.0,0.0,0.0,0.0,0.0,0.0,0.0,0.0,0.0,0.0,0.0,2.004,0.0,-0.0,0.0,0.0,0.0,0.0,0.0,4719.0,2.4229853104588965e+24,7309.0,-107615400.0,-107615392.0,0.0,-0.0,0.0,0.0,0.0,0.0,77,-4.950429371599289e+32,-0.0,0.0,0.0,0.0,0.0,0.0,0.0,0.0,0,0,0,0.0,0.0,0.0,0.0,0.0,0.0,0.0,0.0,0.0,0.0,0.0,0.0,0.0,0.0,0.0,0.0,0,-107875648.0,77,0.0,154,0.0,2.6533922776413385e+23,ERR,ERR,ERR,ERR,ERR,ERR,ERR,ERR,ERR,ERR,ERR,ERR,ERR,ERR,ERR,ERR,ERR,ERR,ERR,ERR,ERR,ERR,ERR,ERR,ERR,ERR,ERR,ERR,ERR,ERR,ERR,ERR,ERR,ERR,ERR,ERR,ERR,ERR,ERR,ERR,ERR,ERR,ERR,ERR,ERR,ERR,ERR,ERR,ERR,ERR,ERR,ERR,ERR,ERR,ERR,ERR,ERR,ERR,ERR,ERR,ERR,ERR,ERR,ERR,ERR,ERR,ERR,34.0,80.0,35,0.0,0.0,0.0,0.0,0.0,0.0,0.0,0.0,0.0,0.0,0.0,0.0,0.0,0.0,0.0,0.0,66.0,0,121,58,54,65476,0,300,0,0,8,20529,65476,0,0,57672,80.0,0.0,0.0,0.0,0.0,0.0
2026-06-18T02:03:38,ERR,ERR,ERR,ERR,ERR,ERR,ERR,ERR,ERR,ERR,ERR,ERR,ERR,ERR,ERR,ERR,ERR,ERR,ERR,ERR,ERR,ERR,ERR,ERR,ERR,ERR,ERR,ERR,ERR,ERR,ERR,ERR,ERR,ERR,ERR,ERR,ERR,ERR,ERR,ERR,ERR,ERR,ERR,ERR,ERR,ERR,ERR,ERR,ERR,ERR,ERR,ERR,ERR,ERR,ERR,ERR,ERR,ERR,ERR,ERR,ERR,ERR,ERR,ERR,ERR,ERR,ERR,ERR,ERR,ERR,ERR,ERR,ERR,ERR,ERR,ERR,ERR,ERR,ERR,ERR,ERR,ERR,ERR,ERR,ERR,ERR,ERR,ERR,ERR,ERR,ERR,ERR,ERR,ERR,ERR,ERR,ERR,ERR,ERR,ERR,ERR,ERR,ERR,ERR,ERR,ERR,ERR,ERR,ERR,ERR,ERR,ERR,ERR,ERR,ERR,ERR,ERR,ERR,ERR,ERR,ERR,ERR,ERR,ERR,ERR,-107615400.0,-107615392.0,0.0,-0.0,2.012,1.3936040501711995e+18,7.805,-1.8245132555090963e+22,0,0,4,48898,6720,14723890282496.0,100,0.0,0.0,0.0,-152005385388032.0,0.0,0,0,0,0,0.0,0,0,0,0,0,0,0,0,0,0,0,0,0,0,0,0,0,0,0,0,0,0,0,0,0,0,0,0,0,0,0,0,0,26,51,50,76,65476,0,300,0,0,8,21553,0.0,-107605600.0,0.0,0.0,0.0,0.0,0.0,0.0,0.0,0.0,0.0,0.0,0.0,0.0,0.0,0.0,0.0,0.0,0.0,0.0,0.0,0.0,2.004,0.0,-0.0,0.0,0.0,0.0,0.0,0.0,4719.0,2.4229853104588965e+24,7309.0,-107615400.0,-107615392.0,0.0,-0.0,0.0,0.0,0.0,0.0,77,-4.950429371599289e+32,-0.0,0.0,0.0,0.0,0.0,0.0,0.0,0.0,0,0,0,0.0,0.0,0.0,0.0,0.0,0.0,0.0,0.0,0.0,0.0,0.0,0.0,0.0,0.0,0.0,0.0,0,-107875648.0,77,0.0,154,0.0,2.6533922776413385e+23,ERR,ERR,ERR,ERR,ERR,ERR,ERR,ERR,ERR,ERR,ERR,ERR,ERR,ERR,ERR,ERR,ERR,ERR,ERR,ERR,ERR,ERR,ERR,ERR,ERR,ERR,ERR,ERR,ERR,ERR,ERR,ERR,ERR,ERR,ERR,ERR,ERR,ERR,ERR,ERR,ERR,ERR,ERR,ERR,ERR,ERR,ERR,ERR,ERR,ERR,ERR,ERR,ERR,ERR,ERR,ERR,ERR,ERR,ERR,ERR,ERR,ERR,ERR,ERR,ERR,ERR,ERR,34.0,80.0,35,0.0,0.0,0.0,0.0,0.0,0.0,0.0,0.0,0.0,0.0,0.0,0.0,0.0,0.0,0.0,0.0,66.0,0,121,58,54,65476,0,300,0,0,8,20529,65476,0,0,57672,80.0,0.0,0.0,0.0,0.0,0.0
2026-06-18T02:03:39,ERR,ERR,ERR,ERR,ERR,ERR,ERR,ERR,ERR,ERR,ERR,ERR,ERR,ERR,ERR,ERR,ERR,ERR,ERR,ERR,ERR,ERR,ERR,ERR,ERR,ERR,ERR,ERR,ERR,ERR,ERR,ERR,ERR,ERR,ERR,ERR,ERR,ERR,ERR,ERR,ERR,ERR,ERR,ERR,ERR,ERR,ERR,ERR,ERR,ERR,ERR,ERR,ERR,ERR,ERR,ERR,ERR,ERR,ERR,ERR,ERR,ERR,ERR,ERR,ERR,ERR,ERR,ERR,ERR,ERR,ERR,ERR,ERR,ERR,ERR,ERR,ERR,ERR,ERR,ERR,ERR,ERR,ERR,ERR,ERR,ERR,ERR,ERR,ERR,ERR,ERR,ERR,ERR,ERR,ERR,ERR,ERR,ERR,ERR,ERR,ERR,ERR,ERR,ERR,ERR,ERR,ERR,ERR,ERR,ERR,ERR,ERR,ERR,ERR,ERR,ERR,ERR,ERR,ERR,ERR,ERR,ERR,ERR,ERR,ERR,-107615400.0,-107615392.0,0.0,-0.0,2.012,1.3936040501711995e+18,7.805,-1.8245132555090963e+22,0,0,4,48898,6720,14723890282496.0,100,0.0,0.0,0.0,-152005385388032.0,0.0,0,0,0,0,0.0,0,0,0,0,0,0,0,0,0,0,0,0,0,0,0,0,0,0,0,0,0,0,0,0,0,0,0,0,0,0,0,0,0,26,51,50,76,65476,0,300,0,0,8,21553,0.0,-107605600.0,0.0,0.0,0.0,0.0,0.0,0.0,0.0,0.0,0.0,0.0,0.0,0.0,0.0,0.0,0.0,0.0,0.0,0.0,0.0,0.0,2.004,0.0,-0.0,0.0,0.0,0.0,0.0,0.0,4719.0,2.4229853104588965e+24,7309.0,-107615400.0,-107615392.0,0.0,-0.0,0.0,0.0,0.0,0.0,77,-4.950429371599289e+32,-0.0,0.0,0.0,0.0,0.0,0.0,0.0,0.0,0,0,0,0.0,0.0,0.0,0.0,0.0,0.0,0.0,0.0,0.0,0.0,0.0,0.0,0.0,0.0,0.0,0.0,0,-107875648.0,77,0.0,154,0.0,2.6533922776413385e+23,ERR,ERR,ERR,ERR,ERR,ERR,ERR,ERR,ERR,ERR,ERR,ERR,ERR,ERR,ERR,ERR,ERR,ERR,ERR,ERR,ERR,ERR,ERR,ERR,ERR,ERR,ERR,ERR,ERR,ERR,ERR,ERR,ERR,ERR,ERR,ERR,ERR,ERR,ERR,ERR,ERR,ERR,ERR,ERR,ERR,ERR,ERR,ERR,ERR,ERR,ERR,ERR,ERR,ERR,ERR,ERR,ERR,ERR,ERR,ERR,ERR,ERR,ERR,ERR,ERR,ERR,ERR,34.0,80.0,35,0.0,0.0,0.0,0.0,0.0,0.0,0.0,0.0,0.0,0.0,0.0,0.0,0.0,0.0,0.0,0.0,66.4,0,121,58,54,65476,0,300,0,0,8,20529,65476,0,0,57672,80.0,0.0,0.0,0.0,0.0,0.0
2026-06-18T02:03:40,ERR,ERR,ERR,ERR,ERR,ERR,ERR,ERR,ERR,ERR,ERR,ERR,ERR,ERR,ERR,ERR,ERR,ERR,ERR,ERR,ERR,ERR,ERR,ERR,ERR,ERR,ERR,ERR,ERR,ERR,ERR,ERR,ERR,ERR,ERR,ERR,ERR,ERR,ERR,ERR,ERR,ERR,ERR,ERR,ERR,ERR,ERR,ERR,ERR,ERR,ERR,ERR,ERR,ERR,ERR,ERR,ERR,ERR,ERR,ERR,ERR,ERR,ERR,ERR,ERR,ERR,ERR,ERR,ERR,ERR,ERR,ERR,ERR,ERR,ERR,ERR,ERR,ERR,ERR,ERR,ERR,ERR,ERR,ERR,ERR,ERR,ERR,ERR,ERR,ERR,ERR,ERR,ERR,ERR,ERR,ERR,ERR,ERR,ERR,ERR,ERR,ERR,ERR,ERR,ERR,ERR,ERR,ERR,ERR,ERR,ERR,ERR,ERR,ERR,ERR,ERR,ERR,ERR,ERR,ERR,ERR,ERR,ERR,ERR,ERR,-107615400.0,-107615392.0,0.0,-0.0,2.012,1.3936040501711995e+18,7.805,-1.8245132555090963e+22,0,0,4,48898,6720,14723890282496.0,100,0.0,0.0,0.0,-152005385388032.0,0.0,0,0,0,0,0.0,0,0,0,0,0,0,0,0,0,0,0,0,0,0,0,0,0,0,0,0,0,0,0,0,0,0,0,0,0,0,0,0,0,26,51,50,76,65476,0,300,0,0,8,21553,0.0,-107605600.0,0.0,0.0,0.0,0.0,0.0,0.0,0.0,0.0,0.0,0.0,0.0,0.0,0.0,0.0,0.0,0.0,0.0,0.0,0.0,0.0,2.004,0.0,-0.0,0.0,0.0,0.0,0.0,0.0,4719.0,2.4229853104588965e+24,7309.0,-107615400.0,-107615392.0,0.0,-0.0,0.0,0.0,0.0,0.0,77,-4.950429371599289e+32,-0.0,0.0,0.0,0.0,0.0,0.0,0.0,0.0,0,0,0,0.0,0.0,0.0,0.0,0.0,0.0,0.0,0.0,0.0,0.0,0.0,0.0,0.0,0.0,0.0,0.0,0,-107875648.0,77,0.0,154,0.0,2.6533922776413385e+23,ERR,ERR,ERR,ERR,ERR,ERR,ERR,ERR,ERR,ERR,ERR,ERR,ERR,ERR,ERR,ERR,ERR,ERR,ERR,ERR,ERR,ERR,ERR,ERR,ERR,ERR,ERR,ERR,ERR,ERR,ERR,ERR,ERR,ERR,ERR,ERR,ERR,ERR,ERR,ERR,ERR,ERR,ERR,ERR,ERR,ERR,ERR,ERR,ERR,ERR,ERR,ERR,ERR,ERR,ERR,ERR,ERR,ERR,ERR,ERR,ERR,ERR,ERR,ERR,ERR,ERR,ERR,34.0,80.0,35,0.0,0.0,0.0,0.0,0.0,0.0,0.0,0.0,0.0,0.0,0.0,0.0,0.0,0.0,0.0,0.0,66.4,0,121,58,54,65476,0,300,0,0,8,20529,65476,0,0,57672,80.0,0.0,0.0,0.0,0.0,0.0
2026-06-18T02:03:41,ERR,ERR,ERR,ERR,ERR,ERR,ERR,ERR,ERR,ERR,ERR,ERR,ERR,ERR,ERR,ERR,ERR,ERR,ERR,ERR,ERR,ERR,ERR,ERR,ERR,ERR,ERR,ERR,ERR,ERR,ERR,ERR,ERR,ERR,ERR,ERR,ERR,ERR,ERR,ERR,ERR,ERR,ERR,ERR,ERR,ERR,ERR,ERR,ERR,ERR,ERR,ERR,ERR,ERR,ERR,ERR,ERR,ERR,ERR,ERR,ERR,ERR,ERR,ERR,ERR,ERR,ERR,ERR,ERR,ERR,ERR,ERR,ERR,ERR,ERR,ERR,ERR,ERR,ERR,ERR,ERR,ERR,ERR,ERR,ERR,ERR,ERR,ERR,ERR,ERR,ERR,ERR,ERR,ERR,ERR,ERR,ERR,ERR,ERR,ERR,ERR,ERR,ERR,ERR,ERR,ERR,ERR,ERR,ERR,ERR,ERR,ERR,ERR,ERR,ERR,ERR,ERR,ERR,ERR,ERR,ERR,ERR,ERR,ERR,ERR,-107615400.0,-107615392.0,0.0,-0.0,2.012,1.3936040501711995e+18,7.805,-1.8245132555090963e+22,0,0,4,48898,6720,14723890282496.0,100,0.0,0.0,0.0,-152005385388032.0,0.0,0,0,0,0,0.0,0,0,0,0,0,0,0,0,0,0,0,0,0,0,0,0,0,0,0,0,0,0,0,0,0,0,0,0,0,0,0,0,0,26,51,50,76,65476,0,300,0,0,8,21553,0.0,-107605600.0,0.0,0.0,0.0,0.0,0.0,0.0,0.0,0.0,0.0,0.0,0.0,0.0,0.0,0.0,0.0,0.0,0.0,0.0,0.0,0.0,2.004,0.0,-0.0,0.0,0.0,0.0,0.0,0.0,4719.0,2.4229853104588965e+24,7309.0,-107615400.0,-107615392.0,0.0,-0.0,0.0,0.0,0.0,0.0,77,-4.950429371599289e+32,-0.0,0.0,0.0,0.0,0.0,0.0,0.0,0.0,0,0,0,0.0,0.0,0.0,0.0,0.0,0.0,0.0,0.0,0.0,0.0,0.0,0.0,0.0,0.0,0.0,0.0,0,-107875648.0,77,0.0,154,0.0,2.6533922776413385e+23,ERR,ERR,ERR,ERR,ERR,ERR,ERR,ERR,ERR,ERR,ERR,ERR,ERR,ERR,ERR,ERR,ERR,ERR,ERR,ERR,ERR,ERR,ERR,ERR,ERR,ERR,ERR,ERR,ERR,ERR,ERR,ERR,ERR,ERR,ERR,ERR,ERR,ERR,ERR,ERR,ERR,ERR,ERR,ERR,ERR,ERR,ERR,ERR,ERR,ERR,ERR,ERR,ERR,ERR,ERR,ERR,ERR,ERR,ERR,ERR,ERR,ERR,ERR,ERR,ERR,ERR,ERR,34.0,80.0,35,0.0,0.0,0.0,0.0,0.0,0.0,0.0,0.0,0.0,0.0,0.0,0.0,0.0,0.0,0.0,0.0,66.0,0,121,58,54,65476,0,300,0,0,8,20529,65476,0,0,57672,80.0,0.0,0.0,0.0,0.0,0.0
2026-06-18T02:03:42,ERR,ERR,ERR,ERR,ERR,ERR,ERR,ERR,ERR,ERR,ERR,ERR,ERR,ERR,ERR,ERR,ERR,ERR,ERR,ERR,ERR,ERR,ERR,ERR,ERR,ERR,ERR,ERR,ERR,ERR,ERR,ERR,ERR,ERR,ERR,ERR,ERR,ERR,ERR,ERR,ERR,ERR,ERR,ERR,ERR,ERR,ERR,ERR,ERR,ERR,ERR,ERR,ERR,ERR,ERR,ERR,ERR,ERR,ERR,ERR,ERR,ERR,ERR,ERR,ERR,ERR,ERR,ERR,ERR,ERR,ERR,ERR,ERR,ERR,ERR,ERR,ERR,ERR,ERR,ERR,ERR,ERR,ERR,ERR,ERR,ERR,ERR,ERR,ERR,ERR,ERR,ERR,ERR,ERR,ERR,ERR,ERR,ERR,ERR,ERR,ERR,ERR,ERR,ERR,ERR,ERR,ERR,ERR,ERR,ERR,ERR,ERR,ERR,ERR,ERR,ERR,ERR,ERR,ERR,ERR,ERR,ERR,ERR,ERR,ERR,-107615400.0,-107615392.0,0.0,2.718290229135658e+23,2.012,1.3936040501711995e+18,7.805,-4.0828997592390904e+35,0,0,4,48903,6720,14723890282496.0,100,0.0,0.0,0.0,0.0,0.0,0,0,0,0,0.0,0,0,0,0,0,0,0,0,0,0,0,0,0,0,0,0,0,0,0,0,0,0,0,0,0,0,0,0,0,0,0,0,0,26,51,50,76,65476,0,300,0,0,8,21553,0.0,-107605600.0,0.0,0.0,0.0,0.0,0.0,0.0,0.0,0.0,0.0,0.0,0.0,0.0,0.0,0.0,0.0,0.0,0.0,0.0,0.0,0.0,2.004,0.0,-0.0,0.0,0.0,0.0,0.0,0.0,4719.0,1.5879276530623424e+29,7310.0,-107615400.0,-107615392.0,0.0,-0.0,0.0,0.0,0.0,0.0,77,-4.950429371599289e+32,-71.629,0.0,0.0,0.0,0.0,0.0,0.0,0.0,0,0,0,0.0,0.0,0.0,0.0,0.0,0.0,0.0,0.0,0.0,0.0,0.0,0.0,0.0,0.0,0.0,0.0,0,-107875648.0,77,0.0,154,0.0,2.6533922776413385e+23,ERR,ERR,ERR,ERR,ERR,ERR,ERR,ERR,ERR,ERR,ERR,ERR,ERR,ERR,ERR,ERR,ERR,ERR,ERR,ERR,ERR,ERR,ERR,ERR,ERR,ERR,ERR,ERR,ERR,ERR,ERR,ERR,ERR,ERR,ERR,ERR,ERR,ERR,ERR,ERR,ERR,ERR,ERR,ERR,ERR,ERR,ERR,ERR,ERR,ERR,ERR,ERR,ERR,ERR,ERR,ERR,ERR,ERR,ERR,ERR,ERR,ERR,ERR,ERR,ERR,ERR,ERR,34.0,80.0,35,0.0,0.0,0.0,0.0,0.0,0.0,0.0,0.0,0.0,0.0,0.0,0.0,0.0,0.0,0.0,0.0,66.0,0,121,58,54,65476,0,300,0,0,8,20529,65476,0,0,57672,80.0,0.0,0.0,0.0,0.0,0.0
2026-06-18T02:03:43,ERR,ERR,ERR,ERR,ERR,ERR,ERR,ERR,ERR,ERR,ERR,ERR,ERR,ERR,ERR,ERR,ERR,ERR,ERR,ERR,ERR,ERR,ERR,ERR,ERR,ERR,ERR,ERR,ERR,ERR,ERR,ERR,ERR,ERR,ERR,ERR,ERR,ERR,ERR,ERR,ERR,ERR,ERR,ERR,ERR,ERR,ERR,ERR,ERR,ERR,ERR,ERR,ERR,ERR,ERR,ERR,ERR,ERR,ERR,ERR,ERR,ERR,ERR,ERR,ERR,ERR,ERR,ERR,ERR,ERR,ERR,ERR,ERR,ERR,ERR,ERR,ERR,ERR,ERR,ERR,ERR,ERR,ERR,ERR,ERR,ERR,ERR,ERR,ERR,ERR,ERR,ERR,ERR,ERR,ERR,ERR,ERR,ERR,ERR,ERR,ERR,ERR,ERR,ERR,ERR,ERR,ERR,ERR,ERR,ERR,ERR,ERR,ERR,ERR,ERR,ERR,ERR,ERR,ERR,ERR,ERR,ERR,ERR,ERR,ERR,-107615400.0,-107615392.0,0.0,2.718290229135658e+23,2.012,1.3936040501711995e+18,7.805,-4.0828997592390904e+35,0,0,4,48903,6720,14723890282496.0,100,0.0,0.0,0.0,0.0,0.0,0,0,0,0,0.0,0,0,0,0,0,0,0,0,0,0,0,0,0,0,0,0,0,0,0,0,0,0,0,0,0,0,0,0,0,0,0,0,0,26,51,50,76,65476,0,300,0,0,8,21553,0.0,-107605600.0,0.0,0.0,0.0,0.0,0.0,0.0,0.0,0.0,0.0,0.0,0.0,0.0,0.0,0.0,0.0,0.0,0.0,0.0,0.0,0.0,2.004,0.0,-0.0,0.0,0.0,0.0,0.0,0.0,4719.0,1.5879276530623424e+29,7310.0,-107615400.0,-107615392.0,0.0,-0.0,0.0,0.0,0.0,0.0,77,-4.950429371599289e+32,-71.629,0.0,0.0,0.0,0.0,0.0,0.0,0.0,0,0,0,0.0,0.0,0.0,0.0,0.0,0.0,0.0,0.0,0.0,0.0,0.0,0.0,0.0,0.0,0.0,0.0,0,-107875648.0,77,0.0,154,0.0,2.6533922776413385e+23,ERR,ERR,ERR,ERR,ERR,ERR,ERR,ERR,ERR,ERR,ERR,ERR,ERR,ERR,ERR,ERR,ERR,ERR,ERR,ERR,ERR,ERR,ERR,ERR,ERR,ERR,ERR,ERR,ERR,ERR,ERR,ERR,ERR,ERR,ERR,ERR,ERR,ERR,ERR,ERR,ERR,ERR,ERR,ERR,ERR,ERR,ERR,ERR,ERR,ERR,ERR,ERR,ERR,ERR,ERR,ERR,ERR,ERR,ERR,ERR,ERR,ERR,ERR,ERR,ERR,ERR,ERR,34.0,80.0,35,0.0,0.0,0.0,0.0,0.0,0.0,0.0,0.0,0.0,0.0,0.0,0.0,0.0,0.0,0.0,0.0,66.0,0,121,58,54,65476,0,300,0,0,8,20529,65476,0,0,57672,80.0,0.0,0.0,0.0,0.0,0.0
2026-06-18T02:03:44,ERR,ERR,ERR,ERR,ERR,ERR,ERR,ERR,ERR,ERR,ERR,ERR,ERR,ERR,ERR,ERR,ERR,ERR,ERR,ERR,ERR,ERR,ERR,ERR,ERR,ERR,ERR,ERR,ERR,ERR,ERR,ERR,ERR,ERR,ERR,ERR,ERR,ERR,ERR,ERR,ERR,ERR,ERR,ERR,ERR,ERR,ERR,ERR,ERR,ERR,ERR,ERR,ERR,ERR,ERR,ERR,ERR,ERR,ERR,ERR,ERR,ERR,ERR,ERR,ERR,ERR,ERR,ERR,ERR,ERR,ERR,ERR,ERR,ERR,ERR,ERR,ERR,ERR,ERR,ERR,ERR,ERR,ERR,ERR,ERR,ERR,ERR,ERR,ERR,ERR,ERR,ERR,ERR,ERR,ERR,ERR,ERR,ERR,ERR,ERR,ERR,ERR,ERR,ERR,ERR,ERR,ERR,ERR,ERR,ERR,ERR,ERR,ERR,ERR,ERR,ERR,ERR,ERR,ERR,ERR,ERR,ERR,ERR,ERR,ERR,-107615400.0,-107615392.0,0.0,2.718290229135658e+23,2.012,1.3936040501711995e+18,7.805,-4.0828997592390904e+35,0,0,4,48903,6720,14723890282496.0,100,0.0,0.0,0.0,0.0,0.0,0,0,0,0,0.0,0,0,0,0,0,0,0,0,0,0,0,0,0,0,0,0,0,0,0,0,0,0,0,0,0,0,0,0,0,0,0,0,0,26,51,50,76,65476,0,300,0,0,8,21553,0.0,-107605600.0,0.0,0.0,0.0,0.0,0.0,0.0,0.0,0.0,0.0,0.0,0.0,0.0,0.0,0.0,0.0,0.0,0.0,0.0,0.0,0.0,2.004,0.0,-0.0,0.0,0.0,0.0,0.0,0.0,4719.0,1.5879276530623424e+29,7310.0,-107615400.0,-107615392.0,0.0,-0.0,0.0,0.0,0.0,0.0,77,-4.950429371599289e+32,-71.629,0.0,0.0,0.0,0.0,0.0,0.0,0.0,0,0,0,0.0,0.0,0.0,0.0,0.0,0.0,0.0,0.0,0.0,0.0,0.0,0.0,0.0,0.0,0.0,0.0,0,-107875648.0,77,0.0,154,0.0,2.6533922776413385e+23,ERR,ERR,ERR,ERR,ERR,ERR,ERR,ERR,ERR,ERR,ERR,ERR,ERR,ERR,ERR,ERR,ERR,ERR,ERR,ERR,ERR,ERR,ERR,ERR,ERR,ERR,ERR,ERR,ERR,ERR,ERR,ERR,ERR,ERR,ERR,ERR,ERR,ERR,ERR,ERR,ERR,ERR,ERR,ERR,ERR,ERR,ERR,ERR,ERR,ERR,ERR,ERR,ERR,ERR,ERR,ERR,ERR,ERR,ERR,ERR,ERR,ERR,ERR,ERR,ERR,ERR,ERR,34.0,80.0,35,0.0,0.0,0.0,0.0,0.0,0.0,0.0,0.0,0.0,0.0,0.0,0.0,0.0,0.0,0.0,0.0,66.0,0,121,58,54,65476,0,300,0,0,8,20529,65476,0,0,57672,80.0,0.0,0.0,0.0,0.0,0.0
2026-06-18T02:03:45,ERR,ERR,ERR,ERR,ERR,ERR,ERR,ERR,ERR,ERR,ERR,ERR,ERR,ERR,ERR,ERR,ERR,ERR,ERR,ERR,ERR,ERR,ERR,ERR,ERR,ERR,ERR,ERR,ERR,ERR,ERR,ERR,ERR,ERR,ERR,ERR,ERR,ERR,ERR,ERR,ERR,ERR,ERR,ERR,ERR,ERR,ERR,ERR,ERR,ERR,ERR,ERR,ERR,ERR,ERR,ERR,ERR,ERR,ERR,ERR,ERR,ERR,ERR,ERR,ERR,ERR,ERR,ERR,ERR,ERR,ERR,ERR,ERR,ERR,ERR,ERR,ERR,ERR,ERR,ERR,ERR,ERR,ERR,ERR,ERR,ERR,ERR,ERR,ERR,ERR,ERR,ERR,ERR,ERR,ERR,ERR,ERR,ERR,ERR,ERR,ERR,ERR,ERR,ERR,ERR,ERR,ERR,ERR,ERR,ERR,ERR,ERR,ERR,ERR,ERR,ERR,ERR,ERR,ERR,ERR,ERR,ERR,ERR,ERR,ERR,-107615400.0,-107615392.0,0.0,2.718290229135658e+23,2.012,1.3936040501711995e+18,7.805,-4.0828997592390904e+35,0,0,4,48903,6720,14723890282496.0,100,0.0,0.0,0.0,0.0,0.0,0,0,0,0,0.0,0,0,0,0,0,0,0,0,0,0,0,0,0,0,0,0,0,0,0,0,0,0,0,0,0,0,0,0,0,0,0,0,0,26,51,50,76,65476,0,300,0,0,8,21553,0.0,-107605600.0,0.0,0.0,0.0,0.0,0.0,0.0,0.0,0.0,0.0,0.0,0.0,0.0,0.0,0.0,0.0,0.0,0.0,0.0,0.0,0.0,2.004,0.0,-0.0,0.0,0.0,0.0,0.0,0.0,4719.0,1.5879276530623424e+29,7310.0,-107615400.0,-107615392.0,0.0,-0.0,0.0,0.0,0.0,0.0,77,-4.950429371599289e+32,-71.629,0.0,0.0,0.0,0.0,0.0,0.0,0.0,0,0,0,0.0,0.0,0.0,0.0,0.0,0.0,0.0,0.0,0.0,0.0,0.0,0.0,0.0,0.0,0.0,0.0,0,-107875648.0,77,0.0,154,0.0,2.6533922776413385e+23,ERR,ERR,ERR,ERR,ERR,ERR,ERR,ERR,ERR,ERR,ERR,ERR,ERR,ERR,ERR,ERR,ERR,ERR,ERR,ERR,ERR,ERR,ERR,ERR,ERR,ERR,ERR,ERR,ERR,ERR,ERR,ERR,ERR,ERR,ERR,ERR,ERR,ERR,ERR,ERR,ERR,ERR,ERR,ERR,ERR,ERR,ERR,ERR,ERR,ERR,ERR,ERR,ERR,ERR,ERR,ERR,ERR,ERR,ERR,ERR,ERR,ERR,ERR,ERR,ERR,ERR,ERR,34.0,80.0,35,0.0,0.0,0.0,0.0,0.0,0.0,0.0,0.0,0.0,0.0,0.0,0.0,0.0,0.0,0.0,0.0,66.0,0,121,58,54,65476,0,300,0,0,8,20529,65476,0,0,57672,80.0,0.0,0.0,0.0,0.0,0.0
2026-06-18T02:03:46,ERR,ERR,ERR,ERR,ERR,ERR,ERR,ERR,ERR,ERR,ERR,ERR,ERR,ERR,ERR,ERR,ERR,ERR,ERR,ERR,ERR,ERR,ERR,ERR,ERR,ERR,ERR,ERR,ERR,ERR,ERR,ERR,ERR,ERR,ERR,ERR,ERR,ERR,ERR,ERR,ERR,ERR,ERR,ERR,ERR,ERR,ERR,ERR,ERR,ERR,ERR,ERR,ERR,ERR,ERR,ERR,ERR,ERR,ERR,ERR,ERR,ERR,ERR,ERR,ERR,ERR,ERR,ERR,ERR,ERR,ERR,ERR,ERR,ERR,ERR,ERR,ERR,ERR,ERR,ERR,ERR,ERR,ERR,ERR,ERR,ERR,ERR,ERR,ERR,ERR,ERR,ERR,ERR,ERR,ERR,ERR,ERR,ERR,ERR,ERR,ERR,ERR,ERR,ERR,ERR,ERR,ERR,ERR,ERR,ERR,ERR,ERR,ERR,ERR,ERR,ERR,ERR,ERR,ERR,ERR,ERR,ERR,ERR,ERR,ERR,-107615400.0,-107615392.0,0.0,2.718290229135658e+23,2.012,1.3936040501711995e+18,7.805,-4.0828997592390904e+35,0,0,4,48903,6720,14723890282496.0,100,0.0,0.0,0.0,0.0,0.0,0,0,0,0,0.0,0,0,0,0,0,0,0,0,0,0,0,0,0,0,0,0,0,0,0,0,0,0,0,0,0,0,0,0,0,0,0,0,0,26,51,50,76,65476,0,300,0,0,8,21553,0.0,-107605600.0,0.0,0.0,0.0,0.0,0.0,0.0,0.0,0.0,0.0,0.0,0.0,0.0,0.0,0.0,0.0,0.0,0.0,0.0,0.0,0.0,2.004,0.0,-0.0,0.0,0.0,0.0,0.0,0.0,4719.0,1.5879276530623424e+29,7310.0,-107615400.0,-107615392.0,0.0,-0.0,0.0,0.0,0.0,0.0,77,-4.950429371599289e+32,-71.629,0.0,0.0,0.0,0.0,0.0,0.0,0.0,0,0,0,0.0,0.0,0.0,0.0,0.0,0.0,0.0,0.0,0.0,0.0,0.0,0.0,0.0,0.0,0.0,0.0,0,-107875648.0,77,0.0,154,0.0,2.6533922776413385e+23,ERR,ERR,ERR,ERR,ERR,ERR,ERR,ERR,ERR,ERR,ERR,ERR,ERR,ERR,ERR,ERR,ERR,ERR,ERR,ERR,ERR,ERR,ERR,ERR,ERR,ERR,ERR,ERR,ERR,ERR,ERR,ERR,ERR,ERR,ERR,ERR,ERR,ERR,ERR,ERR,ERR,ERR,ERR,ERR,ERR,ERR,ERR,ERR,ERR,ERR,ERR,ERR,ERR,ERR,ERR,ERR,ERR,ERR,ERR,ERR,ERR,ERR,ERR,ERR,ERR,ERR,ERR,34.0,80.0,35,0.0,0.0,0.0,0.0,0.0,0.0,0.0,0.0,0.0,0.0,0.0,0.0,0.0,0.0,0.0,0.0,66.0,0,121,58,54,65476,0,300,0,0,8,20529,65476,0,0,57672,80.0,0.0,0.0,0.0,0.0,0.0
2026-06-18T02:03:47,ERR,ERR,ERR,ERR,ERR,ERR,ERR,ERR,ERR,ERR,ERR,ERR,ERR,ERR,ERR,ERR,ERR,ERR,ERR,ERR,ERR,ERR,ERR,ERR,ERR,ERR,ERR,ERR,ERR,ERR,ERR,ERR,ERR,ERR,ERR,ERR,ERR,ERR,ERR,ERR,ERR,ERR,ERR,ERR,ERR,ERR,ERR,ERR,ERR,ERR,ERR,ERR,ERR,ERR,ERR,ERR,ERR,ERR,ERR,ERR,ERR,ERR,ERR,ERR,ERR,ERR,ERR,ERR,ERR,ERR,ERR,ERR,ERR,ERR,ERR,ERR,ERR,ERR,ERR,ERR,ERR,ERR,ERR,ERR,ERR,ERR,ERR,ERR,ERR,ERR,ERR,ERR,ERR,ERR,ERR,ERR,ERR,ERR,ERR,ERR,ERR,ERR,ERR,ERR,ERR,ERR,ERR,ERR,ERR,ERR,ERR,ERR,ERR,ERR,ERR,ERR,ERR,ERR,ERR,ERR,ERR,ERR,ERR,ERR,ERR,-107615400.0,-107615392.0,0.0,-0.0,-0.0,1.3936040501711995e+18,7.805,0.0,0,0,4,48901,6720,14723890282496.0,100,0.0,0.0,0.0,0.0,0.0,0,0,0,0,0.0,0,0,0,0,0,0,0,0,0,0,0,0,0,0,0,0,0,0,0,0,0,0,0,0,0,0,0,0,0,0,0,0,0,26,51,50,76,65476,0,300,0,0,8,21553,0.0,-107605600.0,0.0,0.0,0.0,0.0,0.0,0.0,0.0,0.0,0.0,0.0,0.0,0.0,0.0,0.0,0.0,0.0,0.0,0.0,0.0,0.0,2.004,0.0,-0.0,0.0,0.0,0.0,0.0,0.0,4722.0,2.4229853104588965e+24,7309.0,-107615400.0,-107615392.0,0.0,-0.0,0.0,0.0,0.0,0.0,77,-4.950429371599289e+32,-0.0,0.0,0.0,0.0,0.0,0.0,0.0,0.0,0,0,0,0.0,0.0,0.0,0.0,0.0,0.0,0.0,0.0,0.0,0.0,0.0,0.0,0.0,0.0,0.0,0.0,0,-107875648.0,77,0.0,154,0.0,2.6533922776413385e+23,ERR,ERR,ERR,ERR,ERR,ERR,ERR,ERR,ERR,ERR,ERR,ERR,ERR,ERR,ERR,ERR,ERR,ERR,ERR,ERR,ERR,ERR,ERR,ERR,ERR,ERR,ERR,ERR,ERR,ERR,ERR,ERR,ERR,ERR,ERR,ERR,ERR,ERR,ERR,ERR,ERR,ERR,ERR,ERR,ERR,ERR,ERR,ERR,ERR,ERR,ERR,ERR,ERR,ERR,ERR,ERR,ERR,ERR,ERR,ERR,ERR,ERR,ERR,ERR,ERR,ERR,ERR,34.0,80.0,35,0.0,0.0,0.0,0.0,0.0,0.0,0.0,0.0,0.0,0.0,0.0,0.0,0.0,0.0,0.0,0.0,66.0,0,121,58,54,65476,0,300,0,0,8,20529,65476,0,0,57672,80.0,0.0,0.0,0.0,0.0,0.0
2026-06-18T02:03:48,ERR,ERR,ERR,ERR,ERR,ERR,ERR,ERR,ERR,ERR,ERR,ERR,ERR,ERR,ERR,ERR,ERR,ERR,ERR,ERR,ERR,ERR,ERR,ERR,ERR,ERR,ERR,ERR,ERR,ERR,ERR,ERR,ERR,ERR,ERR,ERR,ERR,ERR,ERR,ERR,ERR,ERR,ERR,ERR,ERR,ERR,ERR,ERR,ERR,ERR,ERR,ERR,ERR,ERR,ERR,ERR,ERR,ERR,ERR,ERR,ERR,ERR,ERR,ERR,ERR,ERR,ERR,ERR,ERR,ERR,ERR,ERR,ERR,ERR,ERR,ERR,ERR,ERR,ERR,ERR,ERR,ERR,ERR,ERR,ERR,ERR,ERR,ERR,ERR,ERR,ERR,ERR,ERR,ERR,ERR,ERR,ERR,ERR,ERR,ERR,ERR,ERR,ERR,ERR,ERR,ERR,ERR,ERR,ERR,ERR,ERR,ERR,ERR,ERR,ERR,ERR,ERR,ERR,ERR,ERR,ERR,ERR,ERR,ERR,ERR,-107615400.0,-107615392.0,0.0,-0.0,-0.0,1.3936040501711995e+18,7.805,0.0,0,0,4,48901,6720,14723890282496.0,100,0.0,0.0,0.0,0.0,0.0,0,0,0,0,0.0,0,0,0,0,0,0,0,0,0,0,0,0,0,0,0,0,0,0,0,0,0,0,0,0,0,0,0,0,0,0,0,0,0,26,51,50,76,65476,0,300,0,0,8,21553,0.0,-107605600.0,0.0,0.0,0.0,0.0,0.0,0.0,0.0,0.0,0.0,0.0,0.0,0.0,0.0,0.0,0.0,0.0,0.0,0.0,0.0,0.0,2.004,0.0,-0.0,0.0,0.0,0.0,0.0,0.0,4722.0,2.4229853104588965e+24,7309.0,-107615400.0,-107615392.0,0.0,-0.0,0.0,0.0,0.0,0.0,77,-4.950429371599289e+32,-0.0,0.0,0.0,0.0,0.0,0.0,0.0,0.0,0,0,0,0.0,0.0,0.0,0.0,0.0,0.0,0.0,0.0,0.0,0.0,0.0,0.0,0.0,0.0,0.0,0.0,0,-107875648.0,77,0.0,154,0.0,2.6533922776413385e+23,ERR,ERR,ERR,ERR,ERR,ERR,ERR,ERR,ERR,ERR,ERR,ERR,ERR,ERR,ERR,ERR,ERR,ERR,ERR,ERR,ERR,ERR,ERR,ERR,ERR,ERR,ERR,ERR,ERR,ERR,ERR,ERR,ERR,ERR,ERR,ERR,ERR,ERR,ERR,ERR,ERR,ERR,ERR,ERR,ERR,ERR,ERR,ERR,ERR,ERR,ERR,ERR,ERR,ERR,ERR,ERR,ERR,ERR,ERR,ERR,ERR,ERR,ERR,ERR,ERR,ERR,ERR,34.0,80.0,35,0.0,0.0,0.0,0.0,0.0,0.0,0.0,0.0,0.0,0.0,0.0,0.0,0.0,0.0,0.0,0.0,66.0,0,121,58,54,65476,0,300,0,0,8,20529,65476,0,0,57672,80.0,0.0,0.0,0.0,0.0,0.0
2026-06-18T02:03:49,ERR,ERR,ERR,ERR,ERR,ERR,ERR,ERR,ERR,ERR,ERR,ERR,ERR,ERR,ERR,ERR,ERR,ERR,ERR,ERR,ERR,ERR,ERR,ERR,ERR,ERR,ERR,ERR,ERR,ERR,ERR,ERR,ERR,ERR,ERR,ERR,ERR,ERR,ERR,ERR,ERR,ERR,ERR,ERR,ERR,ERR,ERR,ERR,ERR,ERR,ERR,ERR,ERR,ERR,ERR,ERR,ERR,ERR,ERR,ERR,ERR,ERR,ERR,ERR,ERR,ERR,ERR,ERR,ERR,ERR,ERR,ERR,ERR,ERR,ERR,ERR,ERR,ERR,ERR,ERR,ERR,ERR,ERR,ERR,ERR,ERR,ERR,ERR,ERR,ERR,ERR,ERR,ERR,ERR,ERR,ERR,ERR,ERR,ERR,ERR,ERR,ERR,ERR,ERR,ERR,ERR,ERR,ERR,ERR,ERR,ERR,ERR,ERR,ERR,ERR,ERR,ERR,ERR,ERR,ERR,ERR,ERR,ERR,ERR,ERR,-107615400.0,-107615392.0,0.0,-0.0,-0.0,1.3936040501711995e+18,7.805,0.0,0,0,4,48901,6720,14723890282496.0,100,0.0,0.0,0.0,0.0,0.0,0,0,0,0,0.0,0,0,0,0,0,0,0,0,0,0,0,0,0,0,0,0,0,0,0,0,0,0,0,0,0,0,0,0,0,0,0,0,0,26,51,50,76,65476,0,300,0,0,8,21553,0.0,-107605600.0,0.0,0.0,0.0,0.0,0.0,0.0,0.0,0.0,0.0,0.0,0.0,0.0,0.0,0.0,0.0,0.0,0.0,0.0,0.0,0.0,2.004,0.0,-0.0,0.0,0.0,0.0,0.0,0.0,4722.0,2.4229853104588965e+24,7309.0,-107615400.0,-107615392.0,0.0,-0.0,0.0,0.0,0.0,0.0,77,-4.950429371599289e+32,-0.0,0.0,0.0,0.0,0.0,0.0,0.0,0.0,0,0,0,0.0,0.0,0.0,0.0,0.0,0.0,0.0,0.0,0.0,0.0,0.0,0.0,0.0,0.0,0.0,0.0,0,-107875648.0,77,0.0,154,0.0,2.6533922776413385e+23,ERR,ERR,ERR,ERR,ERR,ERR,ERR,ERR,ERR,ERR,ERR,ERR,ERR,ERR,ERR,ERR,ERR,ERR,ERR,ERR,ERR,ERR,ERR,ERR,ERR,ERR,ERR,ERR,ERR,ERR,ERR,ERR,ERR,ERR,ERR,ERR,ERR,ERR,ERR,ERR,ERR,ERR,ERR,ERR,ERR,ERR,ERR,ERR,ERR,ERR,ERR,ERR,ERR,ERR,ERR,ERR,ERR,ERR,ERR,ERR,ERR,ERR,ERR,ERR,ERR,ERR,ERR,34.0,80.0,35,0.0,0.0,0.0,0.0,0.0,0.0,0.0,0.0,0.0,0.0,0.0,0.0,0.0,0.0,0.0,0.0,66.0,0,121,58,54,65476,0,300,0,0,8,20529,65476,0,0,57672,80.0,0.0,0.0,0.0,0.0,0.0
2026-06-18T02:03:50,ERR,ERR,ERR,ERR,ERR,ERR,ERR,ERR,ERR,ERR,ERR,ERR,ERR,ERR,ERR,ERR,ERR,ERR,ERR,ERR,ERR,ERR,ERR,ERR,ERR,ERR,ERR,ERR,ERR,ERR,ERR,ERR,ERR,ERR,ERR,ERR,ERR,ERR,ERR,ERR,ERR,ERR,ERR,ERR,ERR,ERR,ERR,ERR,ERR,ERR,ERR,ERR,ERR,ERR,ERR,ERR,ERR,ERR,ERR,ERR,ERR,ERR,ERR,ERR,ERR,ERR,ERR,ERR,ERR,ERR,ERR,ERR,ERR,ERR,ERR,ERR,ERR,ERR,ERR,ERR,ERR,ERR,ERR,ERR,ERR,ERR,ERR,ERR,ERR,ERR,ERR,ERR,ERR,ERR,ERR,ERR,ERR,ERR,ERR,ERR,ERR,ERR,ERR,ERR,ERR,ERR,ERR,ERR,ERR,ERR,ERR,ERR,ERR,ERR,ERR,ERR,ERR,ERR,ERR,ERR,ERR,ERR,ERR,ERR,ERR,-107615400.0,-107615392.0,0.0,-0.0,-0.0,1.3936040501711995e+18,7.805,0.0,0,0,4,48901,6720,14723890282496.0,100,0.0,0.0,0.0,0.0,0.0,0,0,0,0,0.0,0,0,0,0,0,0,0,0,0,0,0,0,0,0,0,0,0,0,0,0,0,0,0,0,0,0,0,0,0,0,0,0,0,26,51,50,76,65476,0,300,0,0,8,21553,0.0,-107605600.0,0.0,0.0,0.0,0.0,0.0,0.0,0.0,0.0,0.0,0.0,0.0,0.0,0.0,0.0,0.0,0.0,0.0,0.0,0.0,0.0,2.004,0.0,-0.0,0.0,0.0,0.0,0.0,0.0,4722.0,2.4229853104588965e+24,7309.0,-107615400.0,-107615392.0,0.0,-0.0,0.0,0.0,0.0,0.0,77,-4.950429371599289e+32,-0.0,0.0,0.0,0.0,0.0,0.0,0.0,0.0,0,0,0,0.0,0.0,0.0,0.0,0.0,0.0,0.0,0.0,0.0,0.0,0.0,0.0,0.0,0.0,0.0,0.0,0,-107875648.0,77,0.0,154,0.0,2.6533922776413385e+23,ERR,ERR,ERR,ERR,ERR,ERR,ERR,ERR,ERR,ERR,ERR,ERR,ERR,ERR,ERR,ERR,ERR,ERR,ERR,ERR,ERR,ERR,ERR,ERR,ERR,ERR,ERR,ERR,ERR,ERR,ERR,ERR,ERR,ERR,ERR,ERR,ERR,ERR,ERR,ERR,ERR,ERR,ERR,ERR,ERR,ERR,ERR,ERR,ERR,ERR,ERR,ERR,ERR,ERR,ERR,ERR,ERR,ERR,ERR,ERR,ERR,ERR,ERR,ERR,ERR,ERR,ERR,34.0,80.0,35,0.0,0.0,0.0,0.0,0.0,0.0,0.0,0.0,0.0,0.0,0.0,0.0,0.0,0.0,0.0,0.0,66.0,0,121,58,54,65476,0,300,0,0,8,20529,65476,0,0,57672,80.0,0.0,0.0,0.0,0.0,0.0
2026-06-18T02:03:51,ERR,ERR,ERR,ERR,ERR,ERR,ERR,ERR,ERR,ERR,ERR,ERR,ERR,ERR,ERR,ERR,ERR,ERR,ERR,ERR,ERR,ERR,ERR,ERR,ERR,ERR,ERR,ERR,ERR,ERR,ERR,ERR,ERR,ERR,ERR,ERR,ERR,ERR,ERR,ERR,ERR,ERR,ERR,ERR,ERR,ERR,ERR,ERR,ERR,ERR,ERR,ERR,ERR,ERR,ERR,ERR,ERR,ERR,ERR,ERR,ERR,ERR,ERR,ERR,ERR,ERR,ERR,ERR,ERR,ERR,ERR,ERR,ERR,ERR,ERR,ERR,ERR,ERR,ERR,ERR,ERR,ERR,ERR,ERR,ERR,ERR,ERR,ERR,ERR,ERR,ERR,ERR,ERR,ERR,ERR,ERR,ERR,ERR,ERR,ERR,ERR,ERR,ERR,ERR,ERR,ERR,ERR,ERR,ERR,ERR,ERR,ERR,ERR,ERR,ERR,ERR,ERR,ERR,ERR,ERR,ERR,ERR,ERR,ERR,ERR,-107615400.0,-107615392.0,0.0,-0.0,-0.0,1.3936040501711995e+18,7.805,0.0,0,0,4,48901,6720,14723890282496.0,100,0.0,0.0,0.0,0.0,0.0,0,0,0,0,0.0,0,0,0,0,0,0,0,0,0,0,0,0,0,0,0,0,0,0,0,0,0,0,0,0,0,0,0,0,0,0,0,0,0,26,51,50,76,65476,0,300,0,0,8,21553,0.0,-107605600.0,0.0,0.0,0.0,0.0,0.0,0.0,0.0,0.0,0.0,0.0,0.0,0.0,0.0,0.0,0.0,0.0,0.0,0.0,0.0,0.0,2.004,0.0,-0.0,0.0,0.0,0.0,0.0,0.0,4722.0,2.4229853104588965e+24,7309.0,-107615400.0,-107615392.0,0.0,-0.0,0.0,0.0,0.0,0.0,77,-4.950429371599289e+32,-0.0,0.0,0.0,0.0,0.0,0.0,0.0,0.0,0,0,0,0.0,0.0,0.0,0.0,0.0,0.0,0.0,0.0,0.0,0.0,0.0,0.0,0.0,0.0,0.0,0.0,0,-107875648.0,77,0.0,154,0.0,2.6533922776413385e+23,ERR,ERR,ERR,ERR,ERR,ERR,ERR,ERR,ERR,ERR,ERR,ERR,ERR,ERR,ERR,ERR,ERR,ERR,ERR,ERR,ERR,ERR,ERR,ERR,ERR,ERR,ERR,ERR,ERR,ERR,ERR,ERR,ERR,ERR,ERR,ERR,ERR,ERR,ERR,ERR,ERR,ERR,ERR,ERR,ERR,ERR,ERR,ERR,ERR,ERR,ERR,ERR,ERR,ERR,ERR,ERR,ERR,ERR,ERR,ERR,ERR,ERR,ERR,ERR,ERR,ERR,ERR,34.0,80.0,35,0.0,0.0,0.0,0.0,0.0,0.0,0.0,0.0,0.0,0.0,0.0,0.0,0.0,0.0,0.0,0.0,66.0,0,121,58,54,65476,0,300,0,0,8,20529,65476,0,0,57672,80.0,0.0,0.0,0.0,0.0,0.0
2026-06-18T02:03:52,ERR,ERR,ERR,ERR,ERR,ERR,ERR,ERR,ERR,ERR,ERR,ERR,ERR,ERR,ERR,ERR,ERR,ERR,ERR,ERR,ERR,ERR,ERR,ERR,ERR,ERR,ERR,ERR,ERR,ERR,ERR,ERR,ERR,ERR,ERR,ERR,ERR,ERR,ERR,ERR,ERR,ERR,ERR,ERR,ERR,ERR,ERR,ERR,ERR,ERR,ERR,ERR,ERR,ERR,ERR,ERR,ERR,ERR,ERR,ERR,ERR,ERR,ERR,ERR,ERR,ERR,ERR,ERR,ERR,ERR,ERR,ERR,ERR,ERR,ERR,ERR,ERR,ERR,ERR,ERR,ERR,ERR,ERR,ERR,ERR,ERR,ERR,ERR,ERR,ERR,ERR,ERR,ERR,ERR,ERR,ERR,ERR,ERR,ERR,ERR,ERR,ERR,ERR,ERR,ERR,ERR,ERR,ERR,ERR,ERR,ERR,ERR,ERR,ERR,ERR,ERR,ERR,ERR,ERR,ERR,ERR,ERR,ERR,ERR,ERR,-107615400.0,-107615392.0,0.0,-0.0,-0.0,1.3936040501711995e+18,7.805,0.0,0,0,4,48901,6720,14723890282496.0,100,0.0,0.0,0.0,0.0,0.0,0,0,0,0,0.0,0,0,0,0,0,0,0,0,0,0,0,0,0,0,0,0,0,0,0,0,0,0,0,0,0,0,0,0,0,0,0,0,0,26,51,50,76,65476,0,300,0,0,8,21553,0.0,-107605600.0,0.0,0.0,0.0,0.0,0.0,0.0,0.0,0.0,0.0,0.0,0.0,0.0,0.0,0.0,0.0,0.0,0.0,0.0,0.0,0.0,2.004,0.0,-0.0,0.0,0.0,0.0,0.0,0.0,4722.0,2.4229853104588965e+24,7309.0,-107615400.0,-107615392.0,0.0,-0.0,0.0,0.0,0.0,0.0,77,-4.950429371599289e+32,-0.0,0.0,0.0,0.0,0.0,0.0,0.0,0.0,0,0,0,0.0,0.0,0.0,0.0,0.0,0.0,0.0,0.0,0.0,0.0,0.0,0.0,0.0,0.0,0.0,0.0,0,-107875648.0,77,0.0,154,0.0,2.6533922776413385e+23,ERR,ERR,ERR,ERR,ERR,ERR,ERR,ERR,ERR,ERR,ERR,ERR,ERR,ERR,ERR,ERR,ERR,ERR,ERR,ERR,ERR,ERR,ERR,ERR,ERR,ERR,ERR,ERR,ERR,ERR,ERR,ERR,ERR,ERR,ERR,ERR,ERR,ERR,ERR,ERR,ERR,ERR,ERR,ERR,ERR,ERR,ERR,ERR,ERR,ERR,ERR,ERR,ERR,ERR,ERR,ERR,ERR,ERR,ERR,ERR,ERR,ERR,ERR,ERR,ERR,ERR,ERR,34.0,80.0,35,0.0,0.0,0.0,0.0,0.0,0.0,0.0,0.0,0.0,0.0,0.0,0.0,0.0,0.0,0.0,0.0,66.0,0,121,58,54,65476,0,300,0,0,8,20529,65476,0,0,57672,80.0,0.0,0.0,0.0,0.0,0.0
2026-06-18T02:03:53,ERR,ERR,ERR,ERR,ERR,ERR,ERR,ERR,ERR,ERR,ERR,ERR,ERR,ERR,ERR,ERR,ERR,ERR,ERR,ERR,ERR,ERR,ERR,ERR,ERR,ERR,ERR,ERR,ERR,ERR,ERR,ERR,ERR,ERR,ERR,ERR,ERR,ERR,ERR,ERR,ERR,ERR,ERR,ERR,ERR,ERR,ERR,ERR,ERR,ERR,ERR,ERR,ERR,ERR,ERR,ERR,ERR,ERR,ERR,ERR,ERR,ERR,ERR,ERR,ERR,ERR,ERR,ERR,ERR,ERR,ERR,ERR,ERR,ERR,ERR,ERR,ERR,ERR,ERR,ERR,ERR,ERR,ERR,ERR,ERR,ERR,ERR,ERR,ERR,ERR,ERR,ERR,ERR,ERR,ERR,ERR,ERR,ERR,ERR,ERR,ERR,ERR,ERR,ERR,ERR,ERR,ERR,ERR,ERR,ERR,ERR,ERR,ERR,ERR,ERR,ERR,ERR,ERR,ERR,ERR,ERR,ERR,ERR,ERR,ERR,-107615400.0,-107615392.0,0.0,-152005385388032.0,-2.012,1.3936040501711995e+18,7.805,0.0,0,0,4,48904,6720,14723890282496.0,100,0.0,0.0,0.0,-152005385388032.0,0.0,0,0,0,0,0.0,0,0,0,0,0,0,0,0,0,0,0,0,0,0,0,0,0,0,0,0,0,0,0,0,0,0,0,0,0,0,0,0,0,26,51,50,76,65476,0,300,0,0,8,21553,0.0,-107605600.0,0.0,0.0,0.0,0.0,0.0,0.0,0.0,0.0,0.0,0.0,0.0,0.0,0.0,0.0,0.0,0.0,0.0,0.0,0.0,0.0,2.004,0.0,-0.0,0.0,0.0,0.0,0.0,0.0,4722.0,1.0406642667109367e+34,7311.0,-107615400.0,-107615392.0,0.0,-0.0,0.0,0.0,0.0,0.0,77,0.0,-71.629,0.0,0.0,0.0,0.0,0.0,0.0,0.0,0,0,0,0.0,0.0,0.0,0.0,0.0,0.0,0.0,0.0,0.0,0.0,0.0,0.0,0.0,0.0,0.0,0.0,0,-107875648.0,77,0.0,154,0.0,2.6533922776413385e+23,ERR,ERR,ERR,ERR,ERR,ERR,ERR,ERR,ERR,ERR,ERR,ERR,ERR,ERR,ERR,ERR,ERR,ERR,ERR,ERR,ERR,ERR,ERR,ERR,ERR,ERR,ERR,ERR,ERR,ERR,ERR,ERR,ERR,ERR,ERR,ERR,ERR,ERR,ERR,ERR,ERR,ERR,ERR,ERR,ERR,ERR,ERR,ERR,ERR,ERR,ERR,ERR,ERR,ERR,ERR,ERR,ERR,ERR,ERR,ERR,ERR,ERR,ERR,ERR,ERR,ERR,ERR,34.0,80.0,35,0.0,0.0,0.0,0.0,0.0,0.0,0.0,0.0,0.0,0.0,0.0,0.0,0.0,0.0,0.0,0.0,66.0,0,121,58,54,65476,0,300,0,0,8,20529,65476,0,0,57672,80.0,0.0,0.0,0.0,0.0,0.0
2026-06-18T02:03:54,ERR,ERR,ERR,ERR,ERR,ERR,ERR,ERR,ERR,ERR,ERR,ERR,ERR,ERR,ERR,ERR,ERR,ERR,ERR,ERR,ERR,ERR,ERR,ERR,ERR,ERR,ERR,ERR,ERR,ERR,ERR,ERR,ERR,ERR,ERR,ERR,ERR,ERR,ERR,ERR,ERR,ERR,ERR,ERR,ERR,ERR,ERR,ERR,ERR,ERR,ERR,ERR,ERR,ERR,ERR,ERR,ERR,ERR,ERR,ERR,ERR,ERR,ERR,ERR,ERR,ERR,ERR,ERR,ERR,ERR,ERR,ERR,ERR,ERR,ERR,ERR,ERR,ERR,ERR,ERR,ERR,ERR,ERR,ERR,ERR,ERR,ERR,ERR,ERR,ERR,ERR,ERR,ERR,ERR,ERR,ERR,ERR,ERR,ERR,ERR,ERR,ERR,ERR,ERR,ERR,ERR,ERR,ERR,ERR,ERR,ERR,ERR,ERR,ERR,ERR,ERR,ERR,ERR,ERR,ERR,ERR,ERR,ERR,ERR,ERR,-107615400.0,-107615392.0,0.0,-152005385388032.0,-2.012,1.3936040501711995e+18,7.805,0.0,0,0,4,48904,6720,14723890282496.0,100,0.0,0.0,0.0,-152005385388032.0,0.0,0,0,0,0,0.0,0,0,0,0,0,0,0,0,0,0,0,0,0,0,0,0,0,0,0,0,0,0,0,0,0,0,0,0,0,0,0,0,0,26,51,50,76,65476,0,300,0,0,8,21553,0.0,-107605600.0,0.0,0.0,0.0,0.0,0.0,0.0,0.0,0.0,0.0,0.0,0.0,0.0,0.0,0.0,0.0,0.0,0.0,0.0,0.0,0.0,2.004,0.0,-0.0,0.0,0.0,0.0,0.0,0.0,4722.0,1.0406642667109367e+34,7311.0,-107615400.0,-107615392.0,0.0,-0.0,0.0,0.0,0.0,0.0,77,0.0,-71.629,0.0,0.0,0.0,0.0,0.0,0.0,0.0,0,0,0,0.0,0.0,0.0,0.0,0.0,0.0,0.0,0.0,0.0,0.0,0.0,0.0,0.0,0.0,0.0,0.0,0,-107875648.0,77,0.0,154,0.0,2.6533922776413385e+23,ERR,ERR,ERR,ERR,ERR,ERR,ERR,ERR,ERR,ERR,ERR,ERR,ERR,ERR,ERR,ERR,ERR,ERR,ERR,ERR,ERR,ERR,ERR,ERR,ERR,ERR,ERR,ERR,ERR,ERR,ERR,ERR,ERR,ERR,ERR,ERR,ERR,ERR,ERR,ERR,ERR,ERR,ERR,ERR,ERR,ERR,ERR,ERR,ERR,ERR,ERR,ERR,ERR,ERR,ERR,ERR,ERR,ERR,ERR,ERR,ERR,ERR,ERR,ERR,ERR,ERR,ERR,34.0,80.0,35,0.0,0.0,0.0,0.0,0.0,0.0,0.0,0.0,0.0,0.0,0.0,0.0,0.0,0.0,0.0,0.0,66.4,0,121,58,54,65476,0,300,0,0,8,20529,65476,0,0,57672,80.0,0.0,0.0,0.0,0.0,0.0
2026-06-18T02:03:55,ERR,ERR,ERR,ERR,ERR,ERR,ERR,ERR,ERR,ERR,ERR,ERR,ERR,ERR,ERR,ERR,ERR,ERR,ERR,ERR,ERR,ERR,ERR,ERR,ERR,ERR,ERR,ERR,ERR,ERR,ERR,ERR,ERR,ERR,ERR,ERR,ERR,ERR,ERR,ERR,ERR,ERR,ERR,ERR,ERR,ERR,ERR,ERR,ERR,ERR,ERR,ERR,ERR,ERR,ERR,ERR,ERR,ERR,ERR,ERR,ERR,ERR,ERR,ERR,ERR,ERR,ERR,ERR,ERR,ERR,ERR,ERR,ERR,ERR,ERR,ERR,ERR,ERR,ERR,ERR,ERR,ERR,ERR,ERR,ERR,ERR,ERR,ERR,ERR,ERR,ERR,ERR,ERR,ERR,ERR,ERR,ERR,ERR,ERR,ERR,ERR,ERR,ERR,ERR,ERR,ERR,ERR,ERR,ERR,ERR,ERR,ERR,ERR,ERR,ERR,ERR,ERR,ERR,ERR,ERR,ERR,ERR,ERR,ERR,ERR,-107615400.0,-107615392.0,0.0,-152005385388032.0,-2.012,1.3936040501711995e+18,7.805,0.0,0,0,4,48904,6720,14723890282496.0,100,0.0,0.0,0.0,-152005385388032.0,0.0,0,0,0,0,0.0,0,0,0,0,0,0,0,0,0,0,0,0,0,0,0,0,0,0,0,0,0,0,0,0,0,0,0,0,0,0,0,0,0,26,51,50,76,65476,0,300,0,0,8,21553,0.0,-107605600.0,0.0,0.0,0.0,0.0,0.0,0.0,0.0,0.0,0.0,0.0,0.0,0.0,0.0,0.0,0.0,0.0,0.0,0.0,0.0,0.0,2.004,0.0,-0.0,0.0,0.0,0.0,0.0,0.0,4722.0,1.0406642667109367e+34,7311.0,-107615400.0,-107615392.0,0.0,-0.0,0.0,0.0,0.0,0.0,77,0.0,-71.629,0.0,0.0,0.0,0.0,0.0,0.0,0.0,0,0,0,0.0,0.0,0.0,0.0,0.0,0.0,0.0,0.0,0.0,0.0,0.0,0.0,0.0,0.0,0.0,0.0,0,-107875648.0,77,0.0,154,0.0,2.6533922776413385e+23,ERR,ERR,ERR,ERR,ERR,ERR,ERR,ERR,ERR,ERR,ERR,ERR,ERR,ERR,ERR,ERR,ERR,ERR,ERR,ERR,ERR,ERR,ERR,ERR,ERR,ERR,ERR,ERR,ERR,ERR,ERR,ERR,ERR,ERR,ERR,ERR,ERR,ERR,ERR,ERR,ERR,ERR,ERR,ERR,ERR,ERR,ERR,ERR,ERR,ERR,ERR,ERR,ERR,ERR,ERR,ERR,ERR,ERR,ERR,ERR,ERR,ERR,ERR,ERR,ERR,ERR,ERR,34.0,80.0,35,0.0,0.0,0.0,0.0,0.0,0.0,0.0,0.0,0.0,0.0,0.0,0.0,0.0,0.0,0.0,0.0,66.4,0,121,58,54,65476,0,300,0,0,8,20529,65476,0,0,57672,80.0,0.0,0.0,0.0,0.0,0.0
2026-06-18T02:03:56,ERR,ERR,ERR,ERR,ERR,ERR,ERR,ERR,ERR,ERR,ERR,ERR,ERR,ERR,ERR,ERR,ERR,ERR,ERR,ERR,ERR,ERR,ERR,ERR,ERR,ERR,ERR,ERR,ERR,ERR,ERR,ERR,ERR,ERR,ERR,ERR,ERR,ERR,ERR,ERR,ERR,ERR,ERR,ERR,ERR,ERR,ERR,ERR,ERR,ERR,ERR,ERR,ERR,ERR,ERR,ERR,ERR,ERR,ERR,ERR,ERR,ERR,ERR,ERR,ERR,ERR,ERR,ERR,ERR,ERR,ERR,ERR,ERR,ERR,ERR,ERR,ERR,ERR,ERR,ERR,ERR,ERR,ERR,ERR,ERR,ERR,ERR,ERR,ERR,ERR,ERR,ERR,ERR,ERR,ERR,ERR,ERR,ERR,ERR,ERR,ERR,ERR,ERR,ERR,ERR,ERR,ERR,ERR,ERR,ERR,ERR,ERR,ERR,ERR,ERR,ERR,ERR,ERR,ERR,ERR,ERR,ERR,ERR,ERR,ERR,-107615400.0,-107615392.0,0.0,-152005385388032.0,-2.012,1.3936040501711995e+18,7.805,0.0,0,0,4,48904,6720,14723890282496.0,100,0.0,0.0,0.0,-152005385388032.0,0.0,0,0,0,0,0.0,0,0,0,0,0,0,0,0,0,0,0,0,0,0,0,0,0,0,0,0,0,0,0,0,0,0,0,0,0,0,0,0,0,26,51,50,76,65476,0,300,0,0,8,21553,0.0,-107605600.0,0.0,0.0,0.0,0.0,0.0,0.0,0.0,0.0,0.0,0.0,0.0,0.0,0.0,0.0,0.0,0.0,0.0,0.0,0.0,0.0,2.004,0.0,-0.0,0.0,0.0,0.0,0.0,0.0,4722.0,1.0406642667109367e+34,7311.0,-107615400.0,-107615392.0,0.0,-0.0,0.0,0.0,0.0,0.0,77,0.0,-71.629,0.0,0.0,0.0,0.0,0.0,0.0,0.0,0,0,0,0.0,0.0,0.0,0.0,0.0,0.0,0.0,0.0,0.0,0.0,0.0,0.0,0.0,0.0,0.0,0.0,0,-107875648.0,77,0.0,154,0.0,2.6533922776413385e+23,ERR,ERR,ERR,ERR,ERR,ERR,ERR,ERR,ERR,ERR,ERR,ERR,ERR,ERR,ERR,ERR,ERR,ERR,ERR,ERR,ERR,ERR,ERR,ERR,ERR,ERR,ERR,ERR,ERR,ERR,ERR,ERR,ERR,ERR,ERR,ERR,ERR,ERR,ERR,ERR,ERR,ERR,ERR,ERR,ERR,ERR,ERR,ERR,ERR,ERR,ERR,ERR,ERR,ERR,ERR,ERR,ERR,ERR,ERR,ERR,ERR,ERR,ERR,ERR,ERR,ERR,ERR,34.0,80.0,35,0.0,0.0,0.0,0.0,0.0,0.0,0.0,0.0,0.0,0.0,0.0,0.0,0.0,0.0,0.0,0.0,66.0,0,121,58,54,65476,0,300,0,0,8,20529,65476,0,0,57672,80.0,0.0,0.0,0.0,0.0,0.0
2026-06-18T02:03:57,ERR,ERR,ERR,ERR,ERR,ERR,ERR,ERR,ERR,ERR,ERR,ERR,ERR,ERR,ERR,ERR,ERR,ERR,ERR,ERR,ERR,ERR,ERR,ERR,ERR,ERR,ERR,ERR,ERR,ERR,ERR,ERR,ERR,ERR,ERR,ERR,ERR,ERR,ERR,ERR,ERR,ERR,ERR,ERR,ERR,ERR,ERR,ERR,ERR,ERR,ERR,ERR,ERR,ERR,ERR,ERR,ERR,ERR,ERR,ERR,ERR,ERR,ERR,ERR,ERR,ERR,ERR,ERR,ERR,ERR,ERR,ERR,ERR,ERR,ERR,ERR,ERR,ERR,ERR,ERR,ERR,ERR,ERR,ERR,ERR,ERR,ERR,ERR,ERR,ERR,ERR,ERR,ERR,ERR,ERR,ERR,ERR,ERR,ERR,ERR,ERR,ERR,ERR,ERR,ERR,ERR,ERR,ERR,ERR,ERR,ERR,ERR,ERR,ERR,ERR,ERR,ERR,ERR,ERR,ERR,ERR,ERR,ERR,ERR,ERR,-107615400.0,-107615392.0,0.0,-152005385388032.0,-2.012,1.3936040501711995e+18,7.805,0.0,0,0,4,48904,6720,14723890282496.0,100,0.0,0.0,0.0,-152005385388032.0,0.0,0,0,0,0,0.0,0,0,0,0,0,0,0,0,0,0,0,0,0,0,0,0,0,0,0,0,0,0,0,0,0,0,0,0,0,0,0,0,0,26,51,50,76,65476,0,300,0,0,8,21553,0.0,-107605600.0,0.0,0.0,0.0,0.0,0.0,0.0,0.0,0.0,0.0,0.0,0.0,0.0,0.0,0.0,0.0,0.0,0.0,0.0,0.0,0.0,2.004,0.0,-0.0,0.0,0.0,0.0,0.0,0.0,4722.0,1.0406642667109367e+34,7311.0,-107615400.0,-107615392.0,0.0,-0.0,0.0,0.0,0.0,0.0,77,0.0,-71.629,0.0,0.0,0.0,0.0,0.0,0.0,0.0,0,0,0,0.0,0.0,0.0,0.0,0.0,0.0,0.0,0.0,0.0,0.0,0.0,0.0,0.0,0.0,0.0,0.0,0,-107875648.0,77,0.0,154,0.0,2.6533922776413385e+23,ERR,ERR,ERR,ERR,ERR,ERR,ERR,ERR,ERR,ERR,ERR,ERR,ERR,ERR,ERR,ERR,ERR,ERR,ERR,ERR,ERR,ERR,ERR,ERR,ERR,ERR,ERR,ERR,ERR,ERR,ERR,ERR,ERR,ERR,ERR,ERR,ERR,ERR,ERR,ERR,ERR,ERR,ERR,ERR,ERR,ERR,ERR,ERR,ERR,ERR,ERR,ERR,ERR,ERR,ERR,ERR,ERR,ERR,ERR,ERR,ERR,ERR,ERR,ERR,ERR,ERR,ERR,34.0,80.0,35,0.0,0.0,0.0,0.0,0.0,0.0,0.0,0.0,0.0,0.0,0.0,0.0,0.0,0.0,0.0,0.0,66.0,0,121,58,54,65476,0,300,0,0,8,20529,65476,0,0,57672,80.0,0.0,0.0,0.0,0.0,0.0
2026-06-18T02:03:58,ERR,ERR,ERR,ERR,ERR,ERR,ERR,ERR,ERR,ERR,ERR,ERR,ERR,ERR,ERR,ERR,ERR,ERR,ERR,ERR,ERR,ERR,ERR,ERR,ERR,ERR,ERR,ERR,ERR,ERR,ERR,ERR,ERR,ERR,ERR,ERR,ERR,ERR,ERR,ERR,ERR,ERR,ERR,ERR,ERR,ERR,ERR,ERR,ERR,ERR,ERR,ERR,ERR,ERR,ERR,ERR,ERR,ERR,ERR,ERR,ERR,ERR,ERR,ERR,ERR,ERR,ERR,ERR,ERR,ERR,ERR,ERR,ERR,ERR,ERR,ERR,ERR,ERR,ERR,ERR,ERR,ERR,ERR,ERR,ERR,ERR,ERR,ERR,ERR,ERR,ERR,ERR,ERR,ERR,ERR,ERR,ERR,ERR,ERR,ERR,ERR,ERR,ERR,ERR,ERR,ERR,ERR,ERR,ERR,ERR,ERR,ERR,ERR,ERR,ERR,ERR,ERR,ERR,ERR,ERR,ERR,ERR,ERR,ERR,ERR,-107615400.0,-107615392.0,0.0,89215.008,-0.0,1.3936040501711995e+18,7.805,0.0,0,0,4,48906,6720,14723890282496.0,100,0.0,0.0,0.0,2.718290229135658e+23,0.0,0,0,0,0,0.0,0,0,0,0,0,0,0,0,0,0,0,0,0,0,0,0,0,0,0,0,0,0,0,0,0,0,0,0,0,0,0,0,0,26,51,50,76,65476,0,300,0,0,8,21553,0.0,-107605600.0,0.0,0.0,0.0,0.0,0.0,0.0,0.0,0.0,0.0,0.0,0.0,0.0,0.0,0.0,0.0,0.0,0.0,0.0,0.0,0.0,2.004,0.0,-0.0,0.0,0.0,0.0,0.0,0.0,4720.0,2.4229853104588965e+24,7309.0,-107615400.0,-107615392.0,0.0,-0.0,0.0,0.0,0.0,0.0,77,-4.950429371599289e+32,-0.0,0.0,0.0,0.0,0.0,0.0,0.0,0.0,0,0,0,0.0,0.0,0.0,0.0,0.0,0.0,0.0,0.0,0.0,0.0,0.0,0.0,0.0,0.0,0.0,0.0,0,-107875648.0,77,0.0,154,0.0,2.6533922776413385e+23,ERR,ERR,ERR,ERR,ERR,ERR,ERR,ERR,ERR,ERR,ERR,ERR,ERR,ERR,ERR,ERR,ERR,ERR,ERR,ERR,ERR,ERR,ERR,ERR,ERR,ERR,ERR,ERR,ERR,ERR,ERR,ERR,ERR,ERR,ERR,ERR,ERR,ERR,ERR,ERR,ERR,ERR,ERR,ERR,ERR,ERR,ERR,ERR,ERR,ERR,ERR,ERR,ERR,ERR,ERR,ERR,ERR,ERR,ERR,ERR,ERR,ERR,ERR,ERR,ERR,ERR,ERR,34.0,80.0,35,0.0,0.0,0.0,0.0,0.0,0.0,0.0,0.0,0.0,0.0,0.0,0.0,0.0,0.0,0.0,0.0,66.0,0,121,58,54,65476,0,300,0,0,8,20529,65476,0,0,57672,80.0,0.0,0.0,0.0,0.0,0.0
2026-06-18T02:03:59,ERR,ERR,ERR,ERR,ERR,ERR,ERR,ERR,ERR,ERR,ERR,ERR,ERR,ERR,ERR,ERR,ERR,ERR,ERR,ERR,ERR,ERR,ERR,ERR,ERR,ERR,ERR,ERR,ERR,ERR,ERR,ERR,ERR,ERR,ERR,ERR,ERR,ERR,ERR,ERR,ERR,ERR,ERR,ERR,ERR,ERR,ERR,ERR,ERR,ERR,ERR,ERR,ERR,ERR,ERR,ERR,ERR,ERR,ERR,ERR,ERR,ERR,ERR,ERR,ERR,ERR,ERR,ERR,ERR,ERR,ERR,ERR,ERR,ERR,ERR,ERR,ERR,ERR,ERR,ERR,ERR,ERR,ERR,ERR,ERR,ERR,ERR,ERR,ERR,ERR,ERR,ERR,ERR,ERR,ERR,ERR,ERR,ERR,ERR,ERR,ERR,ERR,ERR,ERR,ERR,ERR,ERR,ERR,ERR,ERR,ERR,ERR,ERR,ERR,ERR,ERR,ERR,ERR,ERR,ERR,ERR,ERR,ERR,ERR,ERR,-107615400.0,-107615392.0,0.0,89215.008,-0.0,1.3936040501711995e+18,7.805,0.0,0,0,4,48906,6720,14723890282496.0,100,0.0,0.0,0.0,2.718290229135658e+23,0.0,0,0,0,0,0.0,0,0,0,0,0,0,0,0,0,0,0,0,0,0,0,0,0,0,0,0,0,0,0,0,0,0,0,0,0,0,0,0,0,26,51,50,76,65476,0,300,0,0,8,21553,0.0,-107605600.0,0.0,0.0,0.0,0.0,0.0,0.0,0.0,0.0,0.0,0.0,0.0,0.0,0.0,0.0,0.0,0.0,0.0,0.0,0.0,0.0,2.004,0.0,-0.0,0.0,0.0,0.0,0.0,0.0,4720.0,2.4229853104588965e+24,7309.0,-107615400.0,-107615392.0,0.0,-0.0,0.0,0.0,0.0,0.0,77,-4.950429371599289e+32,-0.0,0.0,0.0,0.0,0.0,0.0,0.0,0.0,0,0,0,0.0,0.0,0.0,0.0,0.0,0.0,0.0,0.0,0.0,0.0,0.0,0.0,0.0,0.0,0.0,0.0,0,-107875648.0,77,0.0,154,0.0,2.6533922776413385e+23,ERR,ERR,ERR,ERR,ERR,ERR,ERR,ERR,ERR,ERR,ERR,ERR,ERR,ERR,ERR,ERR,ERR,ERR,ERR,ERR,ERR,ERR,ERR,ERR,ERR,ERR,ERR,ERR,ERR,ERR,ERR,ERR,ERR,ERR,ERR,ERR,ERR,ERR,ERR,ERR,ERR,ERR,ERR,ERR,ERR,ERR,ERR,ERR,ERR,ERR,ERR,ERR,ERR,ERR,ERR,ERR,ERR,ERR,ERR,ERR,ERR,ERR,ERR,ERR,ERR,ERR,ERR,34.0,80.0,35,0.0,0.0,0.0,0.0,0.0,0.0,0.0,0.0,0.0,0.0,0.0,0.0,0.0,0.0,0.0,0.0,66.4,0,121,58,54,65476,0,300,0,0,8,20529,65476,0,0,57672,80.0,0.0,0.0,0.0,0.0,0.0
2026-06-18T02:04:00,ERR,ERR,ERR,ERR,ERR,ERR,ERR,ERR,ERR,ERR,ERR,ERR,ERR,ERR,ERR,ERR,ERR,ERR,ERR,ERR,ERR,ERR,ERR,ERR,ERR,ERR,ERR,ERR,ERR,ERR,ERR,ERR,ERR,ERR,ERR,ERR,ERR,ERR,ERR,ERR,ERR,ERR,ERR,ERR,ERR,ERR,ERR,ERR,ERR,ERR,ERR,ERR,ERR,ERR,ERR,ERR,ERR,ERR,ERR,ERR,ERR,ERR,ERR,ERR,ERR,ERR,ERR,ERR,ERR,ERR,ERR,ERR,ERR,ERR,ERR,ERR,ERR,ERR,ERR,ERR,ERR,ERR,ERR,ERR,ERR,ERR,ERR,ERR,ERR,ERR,ERR,ERR,ERR,ERR,ERR,ERR,ERR,ERR,ERR,ERR,ERR,ERR,ERR,ERR,ERR,ERR,ERR,ERR,ERR,ERR,ERR,ERR,ERR,ERR,ERR,ERR,ERR,ERR,ERR,ERR,ERR,ERR,ERR,ERR,ERR,-107615400.0,-107615392.0,0.0,89215.008,-0.0,1.3936040501711995e+18,7.805,0.0,0,0,4,48906,6720,14723890282496.0,100,0.0,0.0,0.0,2.718290229135658e+23,0.0,0,0,0,0,0.0,0,0,0,0,0,0,0,0,0,0,0,0,0,0,0,0,0,0,0,0,0,0,0,0,0,0,0,0,0,0,0,0,0,26,51,50,76,65476,0,300,0,0,8,21553,0.0,-107605600.0,0.0,0.0,0.0,0.0,0.0,0.0,0.0,0.0,0.0,0.0,0.0,0.0,0.0,0.0,0.0,0.0,0.0,0.0,0.0,0.0,2.004,0.0,-0.0,0.0,0.0,0.0,0.0,0.0,4720.0,2.4229853104588965e+24,7309.0,-107615400.0,-107615392.0,0.0,-0.0,0.0,0.0,0.0,0.0,77,-4.950429371599289e+32,-0.0,0.0,0.0,0.0,0.0,0.0,0.0,0.0,0,0,0,0.0,0.0,0.0,0.0,0.0,0.0,0.0,0.0,0.0,0.0,0.0,0.0,0.0,0.0,0.0,0.0,0,-107875648.0,77,0.0,154,0.0,2.6533922776413385e+23,ERR,ERR,ERR,ERR,ERR,ERR,ERR,ERR,ERR,ERR,ERR,ERR,ERR,ERR,ERR,ERR,ERR,ERR,ERR,ERR,ERR,ERR,ERR,ERR,ERR,ERR,ERR,ERR,ERR,ERR,ERR,ERR,ERR,ERR,ERR,ERR,ERR,ERR,ERR,ERR,ERR,ERR,ERR,ERR,ERR,ERR,ERR,ERR,ERR,ERR,ERR,ERR,ERR,ERR,ERR,ERR,ERR,ERR,ERR,ERR,ERR,ERR,ERR,ERR,ERR,ERR,ERR,34.0,80.0,35,0.0,0.0,0.0,0.0,0.0,0.0,0.0,0.0,0.0,0.0,0.0,0.0,0.0,0.0,0.0,0.0,66.4,0,121,58,54,65476,0,300,0,0,8,20529,65476,0,0,57672,80.0,0.0,0.0,0.0,0.0,0.0
2026-06-18T02:04:01,ERR,ERR,ERR,ERR,ERR,ERR,ERR,ERR,ERR,ERR,ERR,ERR,ERR,ERR,ERR,ERR,ERR,ERR,ERR,ERR,ERR,ERR,ERR,ERR,ERR,ERR,ERR,ERR,ERR,ERR,ERR,ERR,ERR,ERR,ERR,ERR,ERR,ERR,ERR,ERR,ERR,ERR,ERR,ERR,ERR,ERR,ERR,ERR,ERR,ERR,ERR,ERR,ERR,ERR,ERR,ERR,ERR,ERR,ERR,ERR,ERR,ERR,ERR,ERR,ERR,ERR,ERR,ERR,ERR,ERR,ERR,ERR,ERR,ERR,ERR,ERR,ERR,ERR,ERR,ERR,ERR,ERR,ERR,ERR,ERR,ERR,ERR,ERR,ERR,ERR,ERR,ERR,ERR,ERR,ERR,ERR,ERR,ERR,ERR,ERR,ERR,ERR,ERR,ERR,ERR,ERR,ERR,ERR,ERR,ERR,ERR,ERR,ERR,ERR,ERR,ERR,ERR,ERR,ERR,ERR,ERR,ERR,ERR,ERR,ERR,-107615400.0,-107615392.0,0.0,89215.008,-0.0,1.3936040501711995e+18,7.805,0.0,0,0,4,48906,6720,14723890282496.0,100,0.0,0.0,0.0,2.718290229135658e+23,0.0,0,0,0,0,0.0,0,0,0,0,0,0,0,0,0,0,0,0,0,0,0,0,0,0,0,0,0,0,0,0,0,0,0,0,0,0,0,0,0,26,51,50,76,65476,0,300,0,0,8,21553,0.0,-107605600.0,0.0,0.0,0.0,0.0,0.0,0.0,0.0,0.0,0.0,0.0,0.0,0.0,0.0,0.0,0.0,0.0,0.0,0.0,0.0,0.0,2.004,0.0,-0.0,0.0,0.0,0.0,0.0,0.0,4720.0,2.4229853104588965e+24,7309.0,-107615400.0,-107615392.0,0.0,-0.0,0.0,0.0,0.0,0.0,77,-4.950429371599289e+32,-0.0,0.0,0.0,0.0,0.0,0.0,0.0,0.0,0,0,0,0.0,0.0,0.0,0.0,0.0,0.0,0.0,0.0,0.0,0.0,0.0,0.0,0.0,0.0,0.0,0.0,0,-107875648.0,77,0.0,154,0.0,2.6533922776413385e+23,ERR,ERR,ERR,ERR,ERR,ERR,ERR,ERR,ERR,ERR,ERR,ERR,ERR,ERR,ERR,ERR,ERR,ERR,ERR,ERR,ERR,ERR,ERR,ERR,ERR,ERR,ERR,ERR,ERR,ERR,ERR,ERR,ERR,ERR,ERR,ERR,ERR,ERR,ERR,ERR,ERR,ERR,ERR,ERR,ERR,ERR,ERR,ERR,ERR,ERR,ERR,ERR,ERR,ERR,ERR,ERR,ERR,ERR,ERR,ERR,ERR,ERR,ERR,ERR,ERR,ERR,ERR,34.0,80.0,35,0.0,0.0,0.0,0.0,0.0,0.0,0.0,0.0,0.0,0.0,0.0,0.0,0.0,0.0,0.0,0.0,66.0,0,121,58,54,65476,0,300,0,0,8,20529,65476,0,0,57672,80.0,0.0,0.0,0.0,0.0,0.0
2026-06-18T02:04:02,ERR,ERR,ERR,ERR,ERR,ERR,ERR,ERR,ERR,ERR,ERR,ERR,ERR,ERR,ERR,ERR,ERR,ERR,ERR,ERR,ERR,ERR,ERR,ERR,ERR,ERR,ERR,ERR,ERR,ERR,ERR,ERR,ERR,ERR,ERR,ERR,ERR,ERR,ERR,ERR,ERR,ERR,ERR,ERR,ERR,ERR,ERR,ERR,ERR,ERR,ERR,ERR,ERR,ERR,ERR,ERR,ERR,ERR,ERR,ERR,ERR,ERR,ERR,ERR,ERR,ERR,ERR,ERR,ERR,ERR,ERR,ERR,ERR,ERR,ERR,ERR,ERR,ERR,ERR,ERR,ERR,ERR,ERR,ERR,ERR,ERR,ERR,ERR,ERR,ERR,ERR,ERR,ERR,ERR,ERR,ERR,ERR,ERR,ERR,ERR,ERR,ERR,ERR,ERR,ERR,ERR,ERR,ERR,ERR,ERR,ERR,ERR,ERR,ERR,ERR,ERR,ERR,ERR,ERR,ERR,ERR,ERR,ERR,ERR,ERR,-107615400.0,-107615392.0,0.0,89215.008,-0.0,1.3936040501711995e+18,7.805,0.0,0,0,4,48906,6720,14723890282496.0,100,0.0,0.0,0.0,2.718290229135658e+23,0.0,0,0,0,0,0.0,0,0,0,0,0,0,0,0,0,0,0,0,0,0,0,0,0,0,0,0,0,0,0,0,0,0,0,0,0,0,0,0,0,26,51,50,76,65476,0,300,0,0,8,21553,0.0,-107605600.0,0.0,0.0,0.0,0.0,0.0,0.0,0.0,0.0,0.0,0.0,0.0,0.0,0.0,0.0,0.0,0.0,0.0,0.0,0.0,0.0,2.004,0.0,-0.0,0.0,0.0,0.0,0.0,0.0,4720.0,2.4229853104588965e+24,7309.0,-107615400.0,-107615392.0,0.0,-0.0,0.0,0.0,0.0,0.0,77,-4.950429371599289e+32,-0.0,0.0,0.0,0.0,0.0,0.0,0.0,0.0,0,0,0,0.0,0.0,0.0,0.0,0.0,0.0,0.0,0.0,0.0,0.0,0.0,0.0,0.0,0.0,0.0,0.0,0,-107875648.0,77,0.0,154,0.0,2.6533922776413385e+23,ERR,ERR,ERR,ERR,ERR,ERR,ERR,ERR,ERR,ERR,ERR,ERR,ERR,ERR,ERR,ERR,ERR,ERR,ERR,ERR,ERR,ERR,ERR,ERR,ERR,ERR,ERR,ERR,ERR,ERR,ERR,ERR,ERR,ERR,ERR,ERR,ERR,ERR,ERR,ERR,ERR,ERR,ERR,ERR,ERR,ERR,ERR,ERR,ERR,ERR,ERR,ERR,ERR,ERR,ERR,ERR,ERR,ERR,ERR,ERR,ERR,ERR,ERR,ERR,ERR,ERR,ERR,34.0,80.0,35,0.0,0.0,0.0,0.0,0.0,0.0,0.0,0.0,0.0,0.0,0.0,0.0,0.0,0.0,0.0,0.0,66.0,0,121,58,54,65476,0,300,0,0,8,20529,65476,0,0,57672,80.0,0.0,0.0,0.0,0.0,0.0
2026-06-18T02:04:03,ERR,ERR,ERR,ERR,ERR,ERR,ERR,ERR,ERR,ERR,ERR,ERR,ERR,ERR,ERR,ERR,ERR,ERR,ERR,ERR,ERR,ERR,ERR,ERR,ERR,ERR,ERR,ERR,ERR,ERR,ERR,ERR,ERR,ERR,ERR,ERR,ERR,ERR,ERR,ERR,ERR,ERR,ERR,ERR,ERR,ERR,ERR,ERR,ERR,ERR,ERR,ERR,ERR,ERR,ERR,ERR,ERR,ERR,ERR,ERR,ERR,ERR,ERR,ERR,ERR,ERR,ERR,ERR,ERR,ERR,ERR,ERR,ERR,ERR,ERR,ERR,ERR,ERR,ERR,ERR,ERR,ERR,ERR,ERR,ERR,ERR,ERR,ERR,ERR,ERR,ERR,ERR,ERR,ERR,ERR,ERR,ERR,ERR,ERR,ERR,ERR,ERR,ERR,ERR,ERR,ERR,ERR,ERR,ERR,ERR,ERR,ERR,ERR,ERR,ERR,ERR,ERR,ERR,ERR,ERR,ERR,ERR,ERR,ERR,ERR,-107615400.0,-107615392.0,0.0,89215.008,-0.0,1.3936040501711995e+18,7.805,0.0,0,0,4,48907,6720,14723890282496.0,100,0.0,0.0,0.0,89215.008,0.0,0,0,0,0,0.0,0,0,0,0,0,0,0,0,0,0,0,0,0,0,0,0,0,0,0,0,0,0,0,0,0,0,0,0,0,0,0,0,0,26,51,50,76,65476,0,300,0,0,8,21553,0.0,-107605600.0,0.0,0.0,0.0,0.0,0.0,0.0,0.0,0.0,0.0,0.0,0.0,0.0,0.0,0.0,0.0,0.0,0.0,0.0,0.0,0.0,2.004,0.0,-0.0,0.0,0.0,0.0,0.0,0.0,4722.0,1.0406642667109367e+34,7311.0,-107615400.0,-107615392.0,0.0,-0.0,0.0,0.0,0.0,0.0,77,0.0,-71.629,0.0,0.0,0.0,0.0,0.0,0.0,0.0,0,0,0,0.0,0.0,0.0,0.0,0.0,0.0,0.0,0.0,0.0,0.0,0.0,0.0,0.0,0.0,0.0,0.0,0,-107875648.0,77,0.0,154,0.0,2.6533922776413385e+23,ERR,ERR,ERR,ERR,ERR,ERR,ERR,ERR,ERR,ERR,ERR,ERR,ERR,ERR,ERR,ERR,ERR,ERR,ERR,ERR,ERR,ERR,ERR,ERR,ERR,ERR,ERR,ERR,ERR,ERR,ERR,ERR,ERR,ERR,ERR,ERR,ERR,ERR,ERR,ERR,ERR,ERR,ERR,ERR,ERR,ERR,ERR,ERR,ERR,ERR,ERR,ERR,ERR,ERR,ERR,ERR,ERR,ERR,ERR,ERR,ERR,ERR,ERR,ERR,ERR,ERR,ERR,34.0,80.0,35,0.0,0.0,0.0,0.0,0.0,0.0,0.0,0.0,0.0,0.0,0.0,0.0,0.0,0.0,0.0,0.0,66.0,0,121,58,54,65476,0,300,0,0,8,20529,65476,0,0,57672,80.0,0.0,0.0,0.0,0.0,0.0
2026-06-18T02:04:04,ERR,ERR,ERR,ERR,ERR,ERR,ERR,ERR,ERR,ERR,ERR,ERR,ERR,ERR,ERR,ERR,ERR,ERR,ERR,ERR,ERR,ERR,ERR,ERR,ERR,ERR,ERR,ERR,ERR,ERR,ERR,ERR,ERR,ERR,ERR,ERR,ERR,ERR,ERR,ERR,ERR,ERR,ERR,ERR,ERR,ERR,ERR,ERR,ERR,ERR,ERR,ERR,ERR,ERR,ERR,ERR,ERR,ERR,ERR,ERR,ERR,ERR,ERR,ERR,ERR,ERR,ERR,ERR,ERR,ERR,ERR,ERR,ERR,ERR,ERR,ERR,ERR,ERR,ERR,ERR,ERR,ERR,ERR,ERR,ERR,ERR,ERR,ERR,ERR,ERR,ERR,ERR,ERR,ERR,ERR,ERR,ERR,ERR,ERR,ERR,ERR,ERR,ERR,ERR,ERR,ERR,ERR,ERR,ERR,ERR,ERR,ERR,ERR,ERR,ERR,ERR,ERR,ERR,ERR,ERR,ERR,ERR,ERR,ERR,ERR,-107615400.0,-107615392.0,0.0,89215.008,-0.0,1.3936040501711995e+18,7.805,0.0,0,0,4,48907,6720,14723890282496.0,100,0.0,0.0,0.0,89215.008,0.0,0,0,0,0,0.0,0,0,0,0,0,0,0,0,0,0,0,0,0,0,0,0,0,0,0,0,0,0,0,0,0,0,0,0,0,0,0,0,0,26,51,50,76,65476,0,300,0,0,8,21553,0.0,-107605600.0,0.0,0.0,0.0,0.0,0.0,0.0,0.0,0.0,0.0,0.0,0.0,0.0,0.0,0.0,0.0,0.0,0.0,0.0,0.0,0.0,2.004,0.0,-0.0,0.0,0.0,0.0,0.0,0.0,4722.0,1.0406642667109367e+34,7311.0,-107615400.0,-107615392.0,0.0,-0.0,0.0,0.0,0.0,0.0,77,0.0,-71.629,0.0,0.0,0.0,0.0,0.0,0.0,0.0,0,0,0,0.0,0.0,0.0,0.0,0.0,0.0,0.0,0.0,0.0,0.0,0.0,0.0,0.0,0.0,0.0,0.0,0,-107875648.0,77,0.0,154,0.0,2.6533922776413385e+23,ERR,ERR,ERR,ERR,ERR,ERR,ERR,ERR,ERR,ERR,ERR,ERR,ERR,ERR,ERR,ERR,ERR,ERR,ERR,ERR,ERR,ERR,ERR,ERR,ERR,ERR,ERR,ERR,ERR,ERR,ERR,ERR,ERR,ERR,ERR,ERR,ERR,ERR,ERR,ERR,ERR,ERR,ERR,ERR,ERR,ERR,ERR,ERR,ERR,ERR,ERR,ERR,ERR,ERR,ERR,ERR,ERR,ERR,ERR,ERR,ERR,ERR,ERR,ERR,ERR,ERR,ERR,34.0,80.0,35,0.0,0.0,0.0,0.0,0.0,0.0,0.0,0.0,0.0,0.0,0.0,0.0,0.0,0.0,0.0,0.0,66.0,0,121,58,54,65476,0,300,0,0,8,20529,65476,0,0,57672,80.0,0.0,0.0,0.0,0.0,0.0
2026-06-18T02:04:05,ERR,ERR,ERR,ERR,ERR,ERR,ERR,ERR,ERR,ERR,ERR,ERR,ERR,ERR,ERR,ERR,ERR,ERR,ERR,ERR,ERR,ERR,ERR,ERR,ERR,ERR,ERR,ERR,ERR,ERR,ERR,ERR,ERR,ERR,ERR,ERR,ERR,ERR,ERR,ERR,ERR,ERR,ERR,ERR,ERR,ERR,ERR,ERR,ERR,ERR,ERR,ERR,ERR,ERR,ERR,ERR,ERR,ERR,ERR,ERR,ERR,ERR,ERR,ERR,ERR,ERR,ERR,ERR,ERR,ERR,ERR,ERR,ERR,ERR,ERR,ERR,ERR,ERR,ERR,ERR,ERR,ERR,ERR,ERR,ERR,ERR,ERR,ERR,ERR,ERR,ERR,ERR,ERR,ERR,ERR,ERR,ERR,ERR,ERR,ERR,ERR,ERR,ERR,ERR,ERR,ERR,ERR,ERR,ERR,ERR,ERR,ERR,ERR,ERR,ERR,ERR,ERR,ERR,ERR,ERR,ERR,ERR,ERR,ERR,ERR,-107615400.0,-107615392.0,0.0,89215.008,-0.0,1.3936040501711995e+18,7.805,0.0,0,0,4,48907,6720,14723890282496.0,100,0.0,0.0,0.0,89215.008,0.0,0,0,0,0,0.0,0,0,0,0,0,0,0,0,0,0,0,0,0,0,0,0,0,0,0,0,0,0,0,0,0,0,0,0,0,0,0,0,0,26,51,50,76,65476,0,300,0,0,8,21553,0.0,-107605600.0,0.0,0.0,0.0,0.0,0.0,0.0,0.0,0.0,0.0,0.0,0.0,0.0,0.0,0.0,0.0,0.0,0.0,0.0,0.0,0.0,2.004,0.0,-0.0,0.0,0.0,0.0,0.0,0.0,4722.0,1.0406642667109367e+34,7311.0,-107615400.0,-107615392.0,0.0,-0.0,0.0,0.0,0.0,0.0,77,0.0,-71.629,0.0,0.0,0.0,0.0,0.0,0.0,0.0,0,0,0,0.0,0.0,0.0,0.0,0.0,0.0,0.0,0.0,0.0,0.0,0.0,0.0,0.0,0.0,0.0,0.0,0,-107875648.0,77,0.0,154,0.0,2.6533922776413385e+23,ERR,ERR,ERR,ERR,ERR,ERR,ERR,ERR,ERR,ERR,ERR,ERR,ERR,ERR,ERR,ERR,ERR,ERR,ERR,ERR,ERR,ERR,ERR,ERR,ERR,ERR,ERR,ERR,ERR,ERR,ERR,ERR,ERR,ERR,ERR,ERR,ERR,ERR,ERR,ERR,ERR,ERR,ERR,ERR,ERR,ERR,ERR,ERR,ERR,ERR,ERR,ERR,ERR,ERR,ERR,ERR,ERR,ERR,ERR,ERR,ERR,ERR,ERR,ERR,ERR,ERR,ERR,34.0,80.0,35,0.0,0.0,0.0,0.0,0.0,0.0,0.0,0.0,0.0,0.0,0.0,0.0,0.0,0.0,0.0,0.0,66.4,0,121,58,54,65476,0,300,0,0,8,20529,65476,0,0,57672,80.0,0.0,0.0,0.0,0.0,0.0
2026-06-18T02:04:06,ERR,ERR,ERR,ERR,ERR,ERR,ERR,ERR,ERR,ERR,ERR,ERR,ERR,ERR,ERR,ERR,ERR,ERR,ERR,ERR,ERR,ERR,ERR,ERR,ERR,ERR,ERR,ERR,ERR,ERR,ERR,ERR,ERR,ERR,ERR,ERR,ERR,ERR,ERR,ERR,ERR,ERR,ERR,ERR,ERR,ERR,ERR,ERR,ERR,ERR,ERR,ERR,ERR,ERR,ERR,ERR,ERR,ERR,ERR,ERR,ERR,ERR,ERR,ERR,ERR,ERR,ERR,ERR,ERR,ERR,ERR,ERR,ERR,ERR,ERR,ERR,ERR,ERR,ERR,ERR,ERR,ERR,ERR,ERR,ERR,ERR,ERR,ERR,ERR,ERR,ERR,ERR,ERR,ERR,ERR,ERR,ERR,ERR,ERR,ERR,ERR,ERR,ERR,ERR,ERR,ERR,ERR,ERR,ERR,ERR,ERR,ERR,ERR,ERR,ERR,ERR,ERR,ERR,ERR,ERR,ERR,ERR,ERR,ERR,ERR,-107615400.0,-107615392.0,0.0,89215.008,-0.0,1.3936040501711995e+18,7.805,0.0,0,0,4,48907,6720,14723890282496.0,100,0.0,0.0,0.0,89215.008,0.0,0,0,0,0,0.0,0,0,0,0,0,0,0,0,0,0,0,0,0,0,0,0,0,0,0,0,0,0,0,0,0,0,0,0,0,0,0,0,0,26,51,50,76,65476,0,300,0,0,8,21553,0.0,-107605600.0,0.0,0.0,0.0,0.0,0.0,0.0,0.0,0.0,0.0,0.0,0.0,0.0,0.0,0.0,0.0,0.0,0.0,0.0,0.0,0.0,2.004,0.0,-0.0,0.0,0.0,0.0,0.0,0.0,4722.0,1.0406642667109367e+34,7311.0,-107615400.0,-107615392.0,0.0,-0.0,0.0,0.0,0.0,0.0,77,0.0,-71.629,0.0,0.0,0.0,0.0,0.0,0.0,0.0,0,0,0,0.0,0.0,0.0,0.0,0.0,0.0,0.0,0.0,0.0,0.0,0.0,0.0,0.0,0.0,0.0,0.0,0,-107875648.0,77,0.0,154,0.0,2.6533922776413385e+23,ERR,ERR,ERR,ERR,ERR,ERR,ERR,ERR,ERR,ERR,ERR,ERR,ERR,ERR,ERR,ERR,ERR,ERR,ERR,ERR,ERR,ERR,ERR,ERR,ERR,ERR,ERR,ERR,ERR,ERR,ERR,ERR,ERR,ERR,ERR,ERR,ERR,ERR,ERR,ERR,ERR,ERR,ERR,ERR,ERR,ERR,ERR,ERR,ERR,ERR,ERR,ERR,ERR,ERR,ERR,ERR,ERR,ERR,ERR,ERR,ERR,ERR,ERR,ERR,ERR,ERR,ERR,34.0,80.0,35,0.0,0.0,0.0,0.0,0.0,0.0,0.0,0.0,0.0,0.0,0.0,0.0,0.0,0.0,0.0,0.0,66.4,0,121,58,54,65476,0,300,0,0,8,20529,65476,0,0,57672,80.0,0.0,0.0,0.0,0.0,0.0
2026-06-18T02:04:07,ERR,ERR,ERR,ERR,ERR,ERR,ERR,ERR,ERR,ERR,ERR,ERR,ERR,ERR,ERR,ERR,ERR,ERR,ERR,ERR,ERR,ERR,ERR,ERR,ERR,ERR,ERR,ERR,ERR,ERR,ERR,ERR,ERR,ERR,ERR,ERR,ERR,ERR,ERR,ERR,ERR,ERR,ERR,ERR,ERR,ERR,ERR,ERR,ERR,ERR,ERR,ERR,ERR,ERR,ERR,ERR,ERR,ERR,ERR,ERR,ERR,ERR,ERR,ERR,ERR,ERR,ERR,ERR,ERR,ERR,ERR,ERR,ERR,ERR,ERR,ERR,ERR,ERR,ERR,ERR,ERR,ERR,ERR,ERR,ERR,ERR,ERR,ERR,ERR,ERR,ERR,ERR,ERR,ERR,ERR,ERR,ERR,ERR,ERR,ERR,ERR,ERR,ERR,ERR,ERR,ERR,ERR,ERR,ERR,ERR,ERR,ERR,ERR,ERR,ERR,ERR,ERR,ERR,ERR,ERR,ERR,ERR,ERR,ERR,ERR,-107615400.0,-107615392.0,0.0,89215.008,-0.0,1.3936040501711995e+18,7.805,0.0,0,0,4,48907,6720,14723890282496.0,100,0.0,0.0,0.0,89215.008,0.0,0,0,0,0,0.0,0,0,0,0,0,0,0,0,0,0,0,0,0,0,0,0,0,0,0,0,0,0,0,0,0,0,0,0,0,0,0,0,0,26,51,50,76,65476,0,300,0,0,8,21553,0.0,-107605600.0,0.0,0.0,0.0,0.0,0.0,0.0,0.0,0.0,0.0,0.0,0.0,0.0,0.0,0.0,0.0,0.0,0.0,0.0,0.0,0.0,2.004,0.0,-0.0,0.0,0.0,0.0,0.0,0.0,4722.0,1.0406642667109367e+34,7311.0,-107615400.0,-107615392.0,0.0,-0.0,0.0,0.0,0.0,0.0,77,0.0,-71.629,0.0,0.0,0.0,0.0,0.0,0.0,0.0,0,0,0,0.0,0.0,0.0,0.0,0.0,0.0,0.0,0.0,0.0,0.0,0.0,0.0,0.0,0.0,0.0,0.0,0,-107875648.0,77,0.0,154,0.0,2.6533922776413385e+23,ERR,ERR,ERR,ERR,ERR,ERR,ERR,ERR,ERR,ERR,ERR,ERR,ERR,ERR,ERR,ERR,ERR,ERR,ERR,ERR,ERR,ERR,ERR,ERR,ERR,ERR,ERR,ERR,ERR,ERR,ERR,ERR,ERR,ERR,ERR,ERR,ERR,ERR,ERR,ERR,ERR,ERR,ERR,ERR,ERR,ERR,ERR,ERR,ERR,ERR,ERR,ERR,ERR,ERR,ERR,ERR,ERR,ERR,ERR,ERR,ERR,ERR,ERR,ERR,ERR,ERR,ERR,34.0,80.0,35,0.0,0.0,0.0,0.0,0.0,0.0,0.0,0.0,0.0,0.0,0.0,0.0,0.0,0.0,0.0,0.0,66.4,0,121,58,54,65476,0,300,0,0,8,20529,65476,0,0,57672,80.0,0.0,0.0,0.0,0.0,0.0
2026-06-18T02:04:08,ERR,ERR,ERR,ERR,ERR,ERR,ERR,ERR,ERR,ERR,ERR,ERR,ERR,ERR,ERR,ERR,ERR,ERR,ERR,ERR,ERR,ERR,ERR,ERR,ERR,ERR,ERR,ERR,ERR,ERR,ERR,ERR,ERR,ERR,ERR,ERR,ERR,ERR,ERR,ERR,ERR,ERR,ERR,ERR,ERR,ERR,ERR,ERR,ERR,ERR,ERR,ERR,ERR,ERR,ERR,ERR,ERR,ERR,ERR,ERR,ERR,ERR,ERR,ERR,ERR,ERR,ERR,ERR,ERR,ERR,ERR,ERR,ERR,ERR,ERR,ERR,ERR,ERR,ERR,ERR,ERR,ERR,ERR,ERR,ERR,ERR,ERR,ERR,ERR,ERR,ERR,ERR,ERR,ERR,ERR,ERR,ERR,ERR,ERR,ERR,ERR,ERR,ERR,ERR,ERR,ERR,ERR,ERR,ERR,ERR,ERR,ERR,ERR,ERR,ERR,ERR,ERR,ERR,ERR,ERR,ERR,ERR,ERR,ERR,ERR,-107615400.0,-107615392.0,0.0,-152005385388032.0,-2.012,1.3936040501711995e+18,7.805,0.0,0,0,4,48899,6720,14723890282496.0,100,0.0,0.0,0.0,-152005385388032.0,0.0,0,0,0,0,0.0,0,0,0,0,0,0,0,0,0,0,0,0,0,0,0,0,0,0,0,0,0,0,0,0,0,0,0,0,0,0,0,0,0,26,51,50,76,65476,0,300,0,0,8,21553,0.0,-107605600.0,0.0,0.0,0.0,0.0,0.0,0.0,0.0,0.0,0.0,0.0,0.0,0.0,0.0,0.0,0.0,0.0,0.0,0.0,0.0,0.0,2.004,0.0,2.004,0.0,0.0,0.0,0.0,0.0,4716.0,1.5879276530623424e+29,7310.0,-107615400.0,-107615392.0,0.0,-0.0,0.0,0.0,0.0,0.0,77,-2.3088407177156624e+20,-0.0,0.0,0.0,0.0,0.0,0.0,0.0,0.0,0,0,0,0.0,0.0,0.0,0.0,0.0,0.0,0.0,0.0,0.0,0.0,0.0,0.0,0.0,0.0,0.0,0.0,0,-107875648.0,77,0.0,154,0.0,2.6533922776413385e+23,ERR,ERR,ERR,ERR,ERR,ERR,ERR,ERR,ERR,ERR,ERR,ERR,ERR,ERR,ERR,ERR,ERR,ERR,ERR,ERR,ERR,ERR,ERR,ERR,ERR,ERR,ERR,ERR,ERR,ERR,ERR,ERR,ERR,ERR,ERR,ERR,ERR,ERR,ERR,ERR,ERR,ERR,ERR,ERR,ERR,ERR,ERR,ERR,ERR,ERR,ERR,ERR,ERR,ERR,ERR,ERR,ERR,ERR,ERR,ERR,ERR,ERR,ERR,ERR,ERR,ERR,ERR,34.0,80.0,35,0.0,0.0,0.0,0.0,0.0,0.0,0.0,0.0,0.0,0.0,0.0,0.0,0.0,0.0,0.0,0.0,66.4,0,121,58,54,65476,0,300,0,0,8,20529,65476,0,0,57672,80.0,0.0,0.0,0.0,0.0,0.0
2026-06-18T02:04:09,ERR,ERR,ERR,ERR,ERR,ERR,ERR,ERR,ERR,ERR,ERR,ERR,ERR,ERR,ERR,ERR,ERR,ERR,ERR,ERR,ERR,ERR,ERR,ERR,ERR,ERR,ERR,ERR,ERR,ERR,ERR,ERR,ERR,ERR,ERR,ERR,ERR,ERR,ERR,ERR,ERR,ERR,ERR,ERR,ERR,ERR,ERR,ERR,ERR,ERR,ERR,ERR,ERR,ERR,ERR,ERR,ERR,ERR,ERR,ERR,ERR,ERR,ERR,ERR,ERR,ERR,ERR,ERR,ERR,ERR,ERR,ERR,ERR,ERR,ERR,ERR,ERR,ERR,ERR,ERR,ERR,ERR,ERR,ERR,ERR,ERR,ERR,ERR,ERR,ERR,ERR,ERR,ERR,ERR,ERR,ERR,ERR,ERR,ERR,ERR,ERR,ERR,ERR,ERR,ERR,ERR,ERR,ERR,ERR,ERR,ERR,ERR,ERR,ERR,ERR,ERR,ERR,ERR,ERR,ERR,ERR,ERR,ERR,ERR,ERR,-107615400.0,-107615392.0,0.0,-152005385388032.0,-2.012,1.3936040501711995e+18,7.805,0.0,0,0,4,48899,6720,14723890282496.0,100,0.0,0.0,0.0,-152005385388032.0,0.0,0,0,0,0,0.0,0,0,0,0,0,0,0,0,0,0,0,0,0,0,0,0,0,0,0,0,0,0,0,0,0,0,0,0,0,0,0,0,0,26,51,50,76,65476,0,300,0,0,8,21553,0.0,-107605600.0,0.0,0.0,0.0,0.0,0.0,0.0,0.0,0.0,0.0,0.0,0.0,0.0,0.0,0.0,0.0,0.0,0.0,0.0,0.0,0.0,2.004,0.0,2.004,0.0,0.0,0.0,0.0,0.0,4716.0,1.5879276530623424e+29,7310.0,-107615400.0,-107615392.0,0.0,-0.0,0.0,0.0,0.0,0.0,77,-2.3088407177156624e+20,-0.0,0.0,0.0,0.0,0.0,0.0,0.0,0.0,0,0,0,0.0,0.0,0.0,0.0,0.0,0.0,0.0,0.0,0.0,0.0,0.0,0.0,0.0,0.0,0.0,0.0,0,-107875648.0,77,0.0,154,0.0,2.6533922776413385e+23,ERR,ERR,ERR,ERR,ERR,ERR,ERR,ERR,ERR,ERR,ERR,ERR,ERR,ERR,ERR,ERR,ERR,ERR,ERR,ERR,ERR,ERR,ERR,ERR,ERR,ERR,ERR,ERR,ERR,ERR,ERR,ERR,ERR,ERR,ERR,ERR,ERR,ERR,ERR,ERR,ERR,ERR,ERR,ERR,ERR,ERR,ERR,ERR,ERR,ERR,ERR,ERR,ERR,ERR,ERR,ERR,ERR,ERR,ERR,ERR,ERR,ERR,ERR,ERR,ERR,ERR,ERR,34.0,80.0,35,0.0,0.0,0.0,0.0,0.0,0.0,0.0,0.0,0.0,0.0,0.0,0.0,0.0,0.0,0.0,0.0,66.4,0,121,58,54,65476,0,300,0,0,8,20529,65476,0,0,57672,80.0,0.0,0.0,0.0,0.0,0.0
2026-06-18T02:04:10,ERR,ERR,ERR,ERR,ERR,ERR,ERR,ERR,ERR,ERR,ERR,ERR,ERR,ERR,ERR,ERR,ERR,ERR,ERR,ERR,ERR,ERR,ERR,ERR,ERR,ERR,ERR,ERR,ERR,ERR,ERR,ERR,ERR,ERR,ERR,ERR,ERR,ERR,ERR,ERR,ERR,ERR,ERR,ERR,ERR,ERR,ERR,ERR,ERR,ERR,ERR,ERR,ERR,ERR,ERR,ERR,ERR,ERR,ERR,ERR,ERR,ERR,ERR,ERR,ERR,ERR,ERR,ERR,ERR,ERR,ERR,ERR,ERR,ERR,ERR,ERR,ERR,ERR,ERR,ERR,ERR,ERR,ERR,ERR,ERR,ERR,ERR,ERR,ERR,ERR,ERR,ERR,ERR,ERR,ERR,ERR,ERR,ERR,ERR,ERR,ERR,ERR,ERR,ERR,ERR,ERR,ERR,ERR,ERR,ERR,ERR,ERR,ERR,ERR,ERR,ERR,ERR,ERR,ERR,ERR,ERR,ERR,ERR,ERR,ERR,-107615400.0,-107615392.0,0.0,-152005385388032.0,-2.012,1.3936040501711995e+18,7.805,0.0,0,0,4,48899,6720,14723890282496.0,100,0.0,0.0,0.0,-152005385388032.0,0.0,0,0,0,0,0.0,0,0,0,0,0,0,0,0,0,0,0,0,0,0,0,0,0,0,0,0,0,0,0,0,0,0,0,0,0,0,0,0,0,26,51,50,76,65476,0,300,0,0,8,21553,0.0,-107605600.0,0.0,0.0,0.0,0.0,0.0,0.0,0.0,0.0,0.0,0.0,0.0,0.0,0.0,0.0,0.0,0.0,0.0,0.0,0.0,0.0,2.004,0.0,2.004,0.0,0.0,0.0,0.0,0.0,4716.0,1.5879276530623424e+29,7310.0,-107615400.0,-107615392.0,0.0,-0.0,0.0,0.0,0.0,0.0,77,-2.3088407177156624e+20,-0.0,0.0,0.0,0.0,0.0,0.0,0.0,0.0,0,0,0,0.0,0.0,0.0,0.0,0.0,0.0,0.0,0.0,0.0,0.0,0.0,0.0,0.0,0.0,0.0,0.0,0,-107875648.0,77,0.0,154,0.0,2.6533922776413385e+23,ERR,ERR,ERR,ERR,ERR,ERR,ERR,ERR,ERR,ERR,ERR,ERR,ERR,ERR,ERR,ERR,ERR,ERR,ERR,ERR,ERR,ERR,ERR,ERR,ERR,ERR,ERR,ERR,ERR,ERR,ERR,ERR,ERR,ERR,ERR,ERR,ERR,ERR,ERR,ERR,ERR,ERR,ERR,ERR,ERR,ERR,ERR,ERR,ERR,ERR,ERR,ERR,ERR,ERR,ERR,ERR,ERR,ERR,ERR,ERR,ERR,ERR,ERR,ERR,ERR,ERR,ERR,34.0,80.0,35,0.0,0.0,0.0,0.0,0.0,0.0,0.0,0.0,0.0,0.0,0.0,0.0,0.0,0.0,0.0,0.0,66.0,0,121,58,54,65476,0,300,0,0,8,20529,65476,0,0,57672,80.0,0.0,0.0,0.0,0.0,0.0
2026-06-18T02:04:11,ERR,ERR,ERR,ERR,ERR,ERR,ERR,ERR,ERR,ERR,ERR,ERR,ERR,ERR,ERR,ERR,ERR,ERR,ERR,ERR,ERR,ERR,ERR,ERR,ERR,ERR,ERR,ERR,ERR,ERR,ERR,ERR,ERR,ERR,ERR,ERR,ERR,ERR,ERR,ERR,ERR,ERR,ERR,ERR,ERR,ERR,ERR,ERR,ERR,ERR,ERR,ERR,ERR,ERR,ERR,ERR,ERR,ERR,ERR,ERR,ERR,ERR,ERR,ERR,ERR,ERR,ERR,ERR,ERR,ERR,ERR,ERR,ERR,ERR,ERR,ERR,ERR,ERR,ERR,ERR,ERR,ERR,ERR,ERR,ERR,ERR,ERR,ERR,ERR,ERR,ERR,ERR,ERR,ERR,ERR,ERR,ERR,ERR,ERR,ERR,ERR,ERR,ERR,ERR,ERR,ERR,ERR,ERR,ERR,ERR,ERR,ERR,ERR,ERR,ERR,ERR,ERR,ERR,ERR,ERR,ERR,ERR,ERR,ERR,ERR,-107615400.0,-107615392.0,0.0,-152005385388032.0,-2.012,1.3936040501711995e+18,7.805,0.0,0,0,4,48899,6720,14723890282496.0,100,0.0,0.0,0.0,-152005385388032.0,0.0,0,0,0,0,0.0,0,0,0,0,0,0,0,0,0,0,0,0,0,0,0,0,0,0,0,0,0,0,0,0,0,0,0,0,0,0,0,0,0,26,51,50,76,65476,0,300,0,0,8,21553,0.0,-107605600.0,0.0,0.0,0.0,0.0,0.0,0.0,0.0,0.0,0.0,0.0,0.0,0.0,0.0,0.0,0.0,0.0,0.0,0.0,0.0,0.0,2.004,0.0,2.004,0.0,0.0,0.0,0.0,0.0,4716.0,1.5879276530623424e+29,7310.0,-107615400.0,-107615392.0,0.0,-0.0,0.0,0.0,0.0,0.0,77,-2.3088407177156624e+20,-0.0,0.0,0.0,0.0,0.0,0.0,0.0,0.0,0,0,0,0.0,0.0,0.0,0.0,0.0,0.0,0.0,0.0,0.0,0.0,0.0,0.0,0.0,0.0,0.0,0.0,0,-107875648.0,77,0.0,154,0.0,2.6533922776413385e+23,ERR,ERR,ERR,ERR,ERR,ERR,ERR,ERR,ERR,ERR,ERR,ERR,ERR,ERR,ERR,ERR,ERR,ERR,ERR,ERR,ERR,ERR,ERR,ERR,ERR,ERR,ERR,ERR,ERR,ERR,ERR,ERR,ERR,ERR,ERR,ERR,ERR,ERR,ERR,ERR,ERR,ERR,ERR,ERR,ERR,ERR,ERR,ERR,ERR,ERR,ERR,ERR,ERR,ERR,ERR,ERR,ERR,ERR,ERR,ERR,ERR,ERR,ERR,ERR,ERR,ERR,ERR,34.0,80.0,35,0.0,0.0,0.0,0.0,0.0,0.0,0.0,0.0,0.0,0.0,0.0,0.0,0.0,0.0,0.0,0.0,66.0,0,121,58,54,65476,0,300,0,0,8,20529,65476,0,0,57672,80.0,0.0,0.0,0.0,0.0,0.0
2026-06-18T02:04:12,ERR,ERR,ERR,ERR,ERR,ERR,ERR,ERR,ERR,ERR,ERR,ERR,ERR,ERR,ERR,ERR,ERR,ERR,ERR,ERR,ERR,ERR,ERR,ERR,ERR,ERR,ERR,ERR,ERR,ERR,ERR,ERR,ERR,ERR,ERR,ERR,ERR,ERR,ERR,ERR,ERR,ERR,ERR,ERR,ERR,ERR,ERR,ERR,ERR,ERR,ERR,ERR,ERR,ERR,ERR,ERR,ERR,ERR,ERR,ERR,ERR,ERR,ERR,ERR,ERR,ERR,ERR,ERR,ERR,ERR,ERR,ERR,ERR,ERR,ERR,ERR,ERR,ERR,ERR,ERR,ERR,ERR,ERR,ERR,ERR,ERR,ERR,ERR,ERR,ERR,ERR,ERR,ERR,ERR,ERR,ERR,ERR,ERR,ERR,ERR,ERR,ERR,ERR,ERR,ERR,ERR,ERR,ERR,ERR,ERR,ERR,ERR,ERR,ERR,ERR,ERR,ERR,ERR,ERR,ERR,ERR,ERR,ERR,ERR,ERR,-107615400.0,-107615392.0,0.0,-152005385388032.0,-2.012,1.3936040501711995e+18,7.805,0.0,0,0,4,48899,6720,14723890282496.0,100,0.0,0.0,0.0,-152005385388032.0,0.0,0,0,0,0,0.0,0,0,0,0,0,0,0,0,0,0,0,0,0,0,0,0,0,0,0,0,0,0,0,0,0,0,0,0,0,0,0,0,0,26,51,50,76,65476,0,300,0,0,8,21553,0.0,-107605600.0,0.0,0.0,0.0,0.0,0.0,0.0,0.0,0.0,0.0,0.0,0.0,0.0,0.0,0.0,0.0,0.0,0.0,0.0,0.0,0.0,2.004,0.0,2.004,0.0,0.0,0.0,0.0,0.0,4716.0,1.5879276530623424e+29,7310.0,-107615400.0,-107615392.0,0.0,-0.0,0.0,0.0,0.0,0.0,77,-2.3088407177156624e+20,-0.0,0.0,0.0,0.0,0.0,0.0,0.0,0.0,0,0,0,0.0,0.0,0.0,0.0,0.0,0.0,0.0,0.0,0.0,0.0,0.0,0.0,0.0,0.0,0.0,0.0,0,-107875648.0,77,0.0,154,0.0,2.6533922776413385e+23,ERR,ERR,ERR,ERR,ERR,ERR,ERR,ERR,ERR,ERR,ERR,ERR,ERR,ERR,ERR,ERR,ERR,ERR,ERR,ERR,ERR,ERR,ERR,ERR,ERR,ERR,ERR,ERR,ERR,ERR,ERR,ERR,ERR,ERR,ERR,ERR,ERR,ERR,ERR,ERR,ERR,ERR,ERR,ERR,ERR,ERR,ERR,ERR,ERR,ERR,ERR,ERR,ERR,ERR,ERR,ERR,ERR,ERR,ERR,ERR,ERR,ERR,ERR,ERR,ERR,ERR,ERR,34.0,80.0,35,0.0,0.0,0.0,0.0,0.0,0.0,0.0,0.0,0.0,0.0,0.0,0.0,0.0,0.0,0.0,0.0,66.0,0,121,58,54,65476,0,300,0,0,8,20529,65476,0,0,57672,80.0,0.0,0.0,0.0,0.0,0.0
2026-06-18T02:04:13,ERR,ERR,ERR,ERR,ERR,ERR,ERR,ERR,ERR,ERR,ERR,ERR,ERR,ERR,ERR,ERR,ERR,ERR,ERR,ERR,ERR,ERR,ERR,ERR,ERR,ERR,ERR,ERR,ERR,ERR,ERR,ERR,ERR,ERR,ERR,ERR,ERR,ERR,ERR,ERR,ERR,ERR,ERR,ERR,ERR,ERR,ERR,ERR,ERR,ERR,ERR,ERR,ERR,ERR,ERR,ERR,ERR,ERR,ERR,ERR,ERR,ERR,ERR,ERR,ERR,ERR,ERR,ERR,ERR,ERR,ERR,ERR,ERR,ERR,ERR,ERR,ERR,ERR,ERR,ERR,ERR,ERR,ERR,ERR,ERR,ERR,ERR,ERR,ERR,ERR,ERR,ERR,ERR,ERR,ERR,ERR,ERR,ERR,ERR,ERR,ERR,ERR,ERR,ERR,ERR,ERR,ERR,ERR,ERR,ERR,ERR,ERR,ERR,ERR,ERR,ERR,ERR,ERR,ERR,ERR,ERR,ERR,ERR,ERR,ERR,-107615400.0,-107615392.0,0.0,-152005385388032.0,-2.012,1.3936040501711995e+18,7.805,0.0,0,0,4,48899,6720,14723890282496.0,100,0.0,0.0,0.0,-152005385388032.0,0.0,0,0,0,0,0.0,0,0,0,0,0,0,0,0,0,0,0,0,0,0,0,0,0,0,0,0,0,0,0,0,0,0,0,0,0,0,0,0,0,26,51,50,76,65476,0,300,0,0,8,21553,0.0,-107605600.0,0.0,0.0,0.0,0.0,0.0,0.0,0.0,0.0,0.0,0.0,0.0,0.0,0.0,0.0,0.0,0.0,0.0,0.0,0.0,0.0,2.004,0.0,2.004,0.0,0.0,0.0,0.0,0.0,4716.0,1.5879276530623424e+29,7310.0,-107615400.0,-107615392.0,0.0,-0.0,0.0,0.0,0.0,0.0,77,-2.3088407177156624e+20,-0.0,0.0,0.0,0.0,0.0,0.0,0.0,0.0,0,0,0,0.0,0.0,0.0,0.0,0.0,0.0,0.0,0.0,0.0,0.0,0.0,0.0,0.0,0.0,0.0,0.0,0,-107875648.0,77,0.0,154,0.0,2.6533922776413385e+23,ERR,ERR,ERR,ERR,ERR,ERR,ERR,ERR,ERR,ERR,ERR,ERR,ERR,ERR,ERR,ERR,ERR,ERR,ERR,ERR,ERR,ERR,ERR,ERR,ERR,ERR,ERR,ERR,ERR,ERR,ERR,ERR,ERR,ERR,ERR,ERR,ERR,ERR,ERR,ERR,ERR,ERR,ERR,ERR,ERR,ERR,ERR,ERR,ERR,ERR,ERR,ERR,ERR,ERR,ERR,ERR,ERR,ERR,ERR,ERR,ERR,ERR,ERR,ERR,ERR,ERR,ERR,34.0,80.0,35,0.0,0.0,0.0,0.0,0.0,0.0,0.0,0.0,0.0,0.0,0.0,0.0,0.0,0.0,0.0,0.0,66.0,0,121,58,54,65476,0,300,0,0,8,20529,65476,0,0,57672,80.0,0.0,0.0,0.0,0.0,0.0
2026-06-18T02:04:14,ERR,ERR,ERR,ERR,ERR,ERR,ERR,ERR,ERR,ERR,ERR,ERR,ERR,ERR,ERR,ERR,ERR,ERR,ERR,ERR,ERR,ERR,ERR,ERR,ERR,ERR,ERR,ERR,ERR,ERR,ERR,ERR,ERR,ERR,ERR,ERR,ERR,ERR,ERR,ERR,ERR,ERR,ERR,ERR,ERR,ERR,ERR,ERR,ERR,ERR,ERR,ERR,ERR,ERR,ERR,ERR,ERR,ERR,ERR,ERR,ERR,ERR,ERR,ERR,ERR,ERR,ERR,ERR,ERR,ERR,ERR,ERR,ERR,ERR,ERR,ERR,ERR,ERR,ERR,ERR,ERR,ERR,ERR,ERR,ERR,ERR,ERR,ERR,ERR,ERR,ERR,ERR,ERR,ERR,ERR,ERR,ERR,ERR,ERR,ERR,ERR,ERR,ERR,ERR,ERR,ERR,ERR,ERR,ERR,ERR,ERR,ERR,ERR,ERR,ERR,ERR,ERR,ERR,ERR,ERR,ERR,ERR,ERR,ERR,ERR,-107615400.0,-107615392.0,0.0,0.0,0.0,1.3936040501711995e+18,7.805,-0.0,0,0,4,48904,6720,14723890282496.0,100,0.0,0.0,0.0,-0.0,0.0,0,0,0,0,0.0,0,0,0,0,0,0,0,0,0,0,0,0,0,0,0,0,0,0,0,0,0,0,0,0,0,0,0,0,0,0,0,0,0,26,51,50,76,65476,0,300,0,0,8,21553,0.0,-107605600.0,0.0,0.0,0.0,0.0,0.0,0.0,0.0,0.0,0.0,0.0,0.0,0.0,0.0,0.0,0.0,0.0,0.0,0.0,0.0,0.0,2.004,0.0,2.004,0.0,0.0,0.0,0.0,0.0,4720.0,-0.0,7315.0,-107615400.0,-107615392.0,0.0,-0.0,0.0,0.0,0.0,0.0,77,-4.950429371599289e+32,-3.22199834002519e+26,0.0,0.0,0.0,0.0,0.0,0.0,0.0,0,0,0,0.0,0.0,0.0,0.0,0.0,0.0,0.0,0.0,0.0,0.0,0.0,0.0,0.0,0.0,0.0,0.0,0,-107875648.0,77,0.0,154,0.0,2.6533922776413385e+23,ERR,ERR,ERR,ERR,ERR,ERR,ERR,ERR,ERR,ERR,ERR,ERR,ERR,ERR,ERR,ERR,ERR,ERR,ERR,ERR,ERR,ERR,ERR,ERR,ERR,ERR,ERR,ERR,ERR,ERR,ERR,ERR,ERR,ERR,ERR,ERR,ERR,ERR,ERR,ERR,ERR,ERR,ERR,ERR,ERR,ERR,ERR,ERR,ERR,ERR,ERR,ERR,ERR,ERR,ERR,ERR,ERR,ERR,ERR,ERR,ERR,ERR,ERR,ERR,ERR,ERR,ERR,34.0,80.0,35,0.0,0.0,0.0,0.0,0.0,0.0,0.0,0.0,0.0,0.0,0.0,0.0,0.0,0.0,0.0,0.0,66.4,0,121,58,54,65476,0,300,0,0,8,20529,65476,0,0,57672,80.0,0.0,0.0,0.0,0.0,0.0
2026-06-18T02:04:15,ERR,ERR,ERR,ERR,ERR,ERR,ERR,ERR,ERR,ERR,ERR,ERR,ERR,ERR,ERR,ERR,ERR,ERR,ERR,ERR,ERR,ERR,ERR,ERR,ERR,ERR,ERR,ERR,ERR,ERR,ERR,ERR,ERR,ERR,ERR,ERR,ERR,ERR,ERR,ERR,ERR,ERR,ERR,ERR,ERR,ERR,ERR,ERR,ERR,ERR,ERR,ERR,ERR,ERR,ERR,ERR,ERR,ERR,ERR,ERR,ERR,ERR,ERR,ERR,ERR,ERR,ERR,ERR,ERR,ERR,ERR,ERR,ERR,ERR,ERR,ERR,ERR,ERR,ERR,ERR,ERR,ERR,ERR,ERR,ERR,ERR,ERR,ERR,ERR,ERR,ERR,ERR,ERR,ERR,ERR,ERR,ERR,ERR,ERR,ERR,ERR,ERR,ERR,ERR,ERR,ERR,ERR,ERR,ERR,ERR,ERR,ERR,ERR,ERR,ERR,ERR,ERR,ERR,ERR,ERR,ERR,ERR,ERR,ERR,ERR,-107615400.0,-107615392.0,0.0,0.0,0.0,1.3936040501711995e+18,7.805,-0.0,0,0,4,48904,6720,14723890282496.0,100,0.0,0.0,0.0,-0.0,0.0,0,0,0,0,0.0,0,0,0,0,0,0,0,0,0,0,0,0,0,0,0,0,0,0,0,0,0,0,0,0,0,0,0,0,0,0,0,0,0,26,51,50,76,65476,0,300,0,0,8,21553,0.0,-107605600.0,0.0,0.0,0.0,0.0,0.0,0.0,0.0,0.0,0.0,0.0,0.0,0.0,0.0,0.0,0.0,0.0,0.0,0.0,0.0,0.0,2.004,0.0,2.004,0.0,0.0,0.0,0.0,0.0,4720.0,-0.0,7315.0,-107615400.0,-107615392.0,0.0,-0.0,0.0,0.0,0.0,0.0,77,-4.950429371599289e+32,-3.22199834002519e+26,0.0,0.0,0.0,0.0,0.0,0.0,0.0,0,0,0,0.0,0.0,0.0,0.0,0.0,0.0,0.0,0.0,0.0,0.0,0.0,0.0,0.0,0.0,0.0,0.0,0,-107875648.0,77,0.0,154,0.0,2.6533922776413385e+23,ERR,ERR,ERR,ERR,ERR,ERR,ERR,ERR,ERR,ERR,ERR,ERR,ERR,ERR,ERR,ERR,ERR,ERR,ERR,ERR,ERR,ERR,ERR,ERR,ERR,ERR,ERR,ERR,ERR,ERR,ERR,ERR,ERR,ERR,ERR,ERR,ERR,ERR,ERR,ERR,ERR,ERR,ERR,ERR,ERR,ERR,ERR,ERR,ERR,ERR,ERR,ERR,ERR,ERR,ERR,ERR,ERR,ERR,ERR,ERR,ERR,ERR,ERR,ERR,ERR,ERR,ERR,34.0,80.0,35,0.0,0.0,0.0,0.0,0.0,0.0,0.0,0.0,0.0,0.0,0.0,0.0,0.0,0.0,0.0,0.0,66.4,0,121,58,54,65476,0,300,0,0,8,20529,65476,0,0,57672,80.0,0.0,0.0,0.0,0.0,0.0
2026-06-18T02:04:16,ERR,ERR,ERR,ERR,ERR,ERR,ERR,ERR,ERR,ERR,ERR,ERR,ERR,ERR,ERR,ERR,ERR,ERR,ERR,ERR,ERR,ERR,ERR,ERR,ERR,ERR,ERR,ERR,ERR,ERR,ERR,ERR,ERR,ERR,ERR,ERR,ERR,ERR,ERR,ERR,ERR,ERR,ERR,ERR,ERR,ERR,ERR,ERR,ERR,ERR,ERR,ERR,ERR,ERR,ERR,ERR,ERR,ERR,ERR,ERR,ERR,ERR,ERR,ERR,ERR,ERR,ERR,ERR,ERR,ERR,ERR,ERR,ERR,ERR,ERR,ERR,ERR,ERR,ERR,ERR,ERR,ERR,ERR,ERR,ERR,ERR,ERR,ERR,ERR,ERR,ERR,ERR,ERR,ERR,ERR,ERR,ERR,ERR,ERR,ERR,ERR,ERR,ERR,ERR,ERR,ERR,ERR,ERR,ERR,ERR,ERR,ERR,ERR,ERR,ERR,ERR,ERR,ERR,ERR,ERR,ERR,ERR,ERR,ERR,ERR,-107615400.0,-107615392.0,0.0,0.0,0.0,1.3936040501711995e+18,7.805,-0.0,0,0,4,48904,6720,14723890282496.0,100,0.0,0.0,0.0,-0.0,0.0,0,0,0,0,0.0,0,0,0,0,0,0,0,0,0,0,0,0,0,0,0,0,0,0,0,0,0,0,0,0,0,0,0,0,0,0,0,0,0,26,51,50,76,65476,0,300,0,0,8,21553,0.0,-107605600.0,0.0,0.0,0.0,0.0,0.0,0.0,0.0,0.0,0.0,0.0,0.0,0.0,0.0,0.0,0.0,0.0,0.0,0.0,0.0,0.0,2.004,0.0,2.004,0.0,0.0,0.0,0.0,0.0,4720.0,-0.0,7315.0,-107615400.0,-107615392.0,0.0,-0.0,0.0,0.0,0.0,0.0,77,-4.950429371599289e+32,-3.22199834002519e+26,0.0,0.0,0.0,0.0,0.0,0.0,0.0,0,0,0,0.0,0.0,0.0,0.0,0.0,0.0,0.0,0.0,0.0,0.0,0.0,0.0,0.0,0.0,0.0,0.0,0,-107875648.0,77,0.0,154,0.0,2.6533922776413385e+23,ERR,ERR,ERR,ERR,ERR,ERR,ERR,ERR,ERR,ERR,ERR,ERR,ERR,ERR,ERR,ERR,ERR,ERR,ERR,ERR,ERR,ERR,ERR,ERR,ERR,ERR,ERR,ERR,ERR,ERR,ERR,ERR,ERR,ERR,ERR,ERR,ERR,ERR,ERR,ERR,ERR,ERR,ERR,ERR,ERR,ERR,ERR,ERR,ERR,ERR,ERR,ERR,ERR,ERR,ERR,ERR,ERR,ERR,ERR,ERR,ERR,ERR,ERR,ERR,ERR,ERR,ERR,34.0,80.0,35,0.0,0.0,0.0,0.0,0.0,0.0,0.0,0.0,0.0,0.0,0.0,0.0,0.0,0.0,0.0,0.0,66.0,0,121,58,54,65476,0,300,0,0,8,20529,65476,0,0,57672,80.0,0.0,0.0,0.0,0.0,0.0
2026-06-18T02:04:17,ERR,ERR,ERR,ERR,ERR,ERR,ERR,ERR,ERR,ERR,ERR,ERR,ERR,ERR,ERR,ERR,ERR,ERR,ERR,ERR,ERR,ERR,ERR,ERR,ERR,ERR,ERR,ERR,ERR,ERR,ERR,ERR,ERR,ERR,ERR,ERR,ERR,ERR,ERR,ERR,ERR,ERR,ERR,ERR,ERR,ERR,ERR,ERR,ERR,ERR,ERR,ERR,ERR,ERR,ERR,ERR,ERR,ERR,ERR,ERR,ERR,ERR,ERR,ERR,ERR,ERR,ERR,ERR,ERR,ERR,ERR,ERR,ERR,ERR,ERR,ERR,ERR,ERR,ERR,ERR,ERR,ERR,ERR,ERR,ERR,ERR,ERR,ERR,ERR,ERR,ERR,ERR,ERR,ERR,ERR,ERR,ERR,ERR,ERR,ERR,ERR,ERR,ERR,ERR,ERR,ERR,ERR,ERR,ERR,ERR,ERR,ERR,ERR,ERR,ERR,ERR,ERR,ERR,ERR,ERR,ERR,ERR,ERR,ERR,ERR,-107615400.0,-107615392.0,0.0,0.0,0.0,1.3936040501711995e+18,7.805,-0.0,0,0,4,48904,6720,14723890282496.0,100,0.0,0.0,0.0,-0.0,0.0,0,0,0,0,0.0,0,0,0,0,0,0,0,0,0,0,0,0,0,0,0,0,0,0,0,0,0,0,0,0,0,0,0,0,0,0,0,0,0,26,51,50,76,65476,0,300,0,0,8,21553,0.0,-107605600.0,0.0,0.0,0.0,0.0,0.0,0.0,0.0,0.0,0.0,0.0,0.0,0.0,0.0,0.0,0.0,0.0,0.0,0.0,0.0,0.0,2.004,0.0,2.004,0.0,0.0,0.0,0.0,0.0,4720.0,-0.0,7315.0,-107615400.0,-107615392.0,0.0,-0.0,0.0,0.0,0.0,0.0,77,-4.950429371599289e+32,-3.22199834002519e+26,0.0,0.0,0.0,0.0,0.0,0.0,0.0,0,0,0,0.0,0.0,0.0,0.0,0.0,0.0,0.0,0.0,0.0,0.0,0.0,0.0,0.0,0.0,0.0,0.0,0,-107875648.0,77,0.0,154,0.0,2.6533922776413385e+23,ERR,ERR,ERR,ERR,ERR,ERR,ERR,ERR,ERR,ERR,ERR,ERR,ERR,ERR,ERR,ERR,ERR,ERR,ERR,ERR,ERR,ERR,ERR,ERR,ERR,ERR,ERR,ERR,ERR,ERR,ERR,ERR,ERR,ERR,ERR,ERR,ERR,ERR,ERR,ERR,ERR,ERR,ERR,ERR,ERR,ERR,ERR,ERR,ERR,ERR,ERR,ERR,ERR,ERR,ERR,ERR,ERR,ERR,ERR,ERR,ERR,ERR,ERR,ERR,ERR,ERR,ERR,34.0,80.0,35,0.0,0.0,0.0,0.0,0.0,0.0,0.0,0.0,0.0,0.0,0.0,0.0,0.0,0.0,0.0,0.0,66.0,0,121,58,54,65476,0,300,0,0,8,20529,65476,0,0,57672,80.0,0.0,0.0,0.0,0.0,0.0
2026-06-18T02:04:18,ERR,ERR,ERR,ERR,ERR,ERR,ERR,ERR,ERR,ERR,ERR,ERR,ERR,ERR,ERR,ERR,ERR,ERR,ERR,ERR,ERR,ERR,ERR,ERR,ERR,ERR,ERR,ERR,ERR,ERR,ERR,ERR,ERR,ERR,ERR,ERR,ERR,ERR,ERR,ERR,ERR,ERR,ERR,ERR,ERR,ERR,ERR,ERR,ERR,ERR,ERR,ERR,ERR,ERR,ERR,ERR,ERR,ERR,ERR,ERR,ERR,ERR,ERR,ERR,ERR,ERR,ERR,ERR,ERR,ERR,ERR,ERR,ERR,ERR,ERR,ERR,ERR,ERR,ERR,ERR,ERR,ERR,ERR,ERR,ERR,ERR,ERR,ERR,ERR,ERR,ERR,ERR,ERR,ERR,ERR,ERR,ERR,ERR,ERR,ERR,ERR,ERR,ERR,ERR,ERR,ERR,ERR,ERR,ERR,ERR,ERR,ERR,ERR,ERR,ERR,ERR,ERR,ERR,ERR,ERR,ERR,ERR,ERR,ERR,ERR,-107615400.0,-107615392.0,0.0,0.0,0.0,1.3936040501711995e+18,7.805,-0.0,0,0,4,48904,6720,14723890282496.0,100,0.0,0.0,0.0,-0.0,0.0,0,0,0,0,0.0,0,0,0,0,0,0,0,0,0,0,0,0,0,0,0,0,0,0,0,0,0,0,0,0,0,0,0,0,0,0,0,0,0,26,51,50,76,65476,0,300,0,0,8,21553,0.0,-107605600.0,0.0,0.0,0.0,0.0,0.0,0.0,0.0,0.0,0.0,0.0,0.0,0.0,0.0,0.0,0.0,0.0,0.0,0.0,0.0,0.0,2.004,0.0,2.004,0.0,0.0,0.0,0.0,0.0,4720.0,-0.0,7315.0,-107615400.0,-107615392.0,0.0,-0.0,0.0,0.0,0.0,0.0,77,-4.950429371599289e+32,-3.22199834002519e+26,0.0,0.0,0.0,0.0,0.0,0.0,0.0,0,0,0,0.0,0.0,0.0,0.0,0.0,0.0,0.0,0.0,0.0,0.0,0.0,0.0,0.0,0.0,0.0,0.0,0,-107875648.0,77,0.0,154,0.0,2.6533922776413385e+23,ERR,ERR,ERR,ERR,ERR,ERR,ERR,ERR,ERR,ERR,ERR,ERR,ERR,ERR,ERR,ERR,ERR,ERR,ERR,ERR,ERR,ERR,ERR,ERR,ERR,ERR,ERR,ERR,ERR,ERR,ERR,ERR,ERR,ERR,ERR,ERR,ERR,ERR,ERR,ERR,ERR,ERR,ERR,ERR,ERR,ERR,ERR,ERR,ERR,ERR,ERR,ERR,ERR,ERR,ERR,ERR,ERR,ERR,ERR,ERR,ERR,ERR,ERR,ERR,ERR,ERR,ERR,34.0,80.0,35,0.0,0.0,0.0,0.0,0.0,0.0,0.0,0.0,0.0,0.0,0.0,0.0,0.0,0.0,0.0,0.0,66.0,0,121,58,54,65476,0,300,0,0,8,20529,65476,0,0,57672,80.0,0.0,0.0,0.0,0.0,0.0
2026-06-18T02:04:19,ERR,ERR,ERR,ERR,ERR,ERR,ERR,ERR,ERR,ERR,ERR,ERR,ERR,ERR,ERR,ERR,ERR,ERR,ERR,ERR,ERR,ERR,ERR,ERR,ERR,ERR,ERR,ERR,ERR,ERR,ERR,ERR,ERR,ERR,ERR,ERR,ERR,ERR,ERR,ERR,ERR,ERR,ERR,ERR,ERR,ERR,ERR,ERR,ERR,ERR,ERR,ERR,ERR,ERR,ERR,ERR,ERR,ERR,ERR,ERR,ERR,ERR,ERR,ERR,ERR,ERR,ERR,ERR,ERR,ERR,ERR,ERR,ERR,ERR,ERR,ERR,ERR,ERR,ERR,ERR,ERR,ERR,ERR,ERR,ERR,ERR,ERR,ERR,ERR,ERR,ERR,ERR,ERR,ERR,ERR,ERR,ERR,ERR,ERR,ERR,ERR,ERR,ERR,ERR,ERR,ERR,ERR,ERR,ERR,ERR,ERR,ERR,ERR,ERR,ERR,ERR,ERR,ERR,ERR,ERR,ERR,ERR,ERR,ERR,ERR,-107615400.0,-107615392.0,0.0,-0.0,0.0,1.3936040501711995e+18,7.805,-0.0,0,0,4,48904,6720,14723890282496.0,100,0.0,0.0,0.0,-0.0,0.0,0,0,0,0,0.0,0,0,0,0,0,0,0,0,0,0,0,0,0,0,0,0,0,0,0,0,0,0,0,0,0,0,0,0,0,0,0,0,0,26,51,50,76,65476,0,300,0,0,8,21553,0.0,-107605600.0,0.0,0.0,0.0,0.0,0.0,0.0,0.0,0.0,0.0,0.0,0.0,0.0,0.0,0.0,0.0,0.0,0.0,0.0,0.0,0.0,2.004,0.0,-0.0,0.0,0.0,0.0,0.0,0.0,4721.0,1.5879276530623424e+29,7310.0,-107615400.0,-107615392.0,0.0,-0.0,0.0,0.0,0.0,0.0,77,-5.8480842052978964e+35,-71.629,0.0,0.0,0.0,0.0,0.0,0.0,0.0,0,0,0,0.0,0.0,0.0,0.0,0.0,0.0,0.0,0.0,0.0,0.0,0.0,0.0,0.0,0.0,0.0,0.0,0,-107875648.0,77,0.0,154,0.0,2.6533922776413385e+23,ERR,ERR,ERR,ERR,ERR,ERR,ERR,ERR,ERR,ERR,ERR,ERR,ERR,ERR,ERR,ERR,ERR,ERR,ERR,ERR,ERR,ERR,ERR,ERR,ERR,ERR,ERR,ERR,ERR,ERR,ERR,ERR,ERR,ERR,ERR,ERR,ERR,ERR,ERR,ERR,ERR,ERR,ERR,ERR,ERR,ERR,ERR,ERR,ERR,ERR,ERR,ERR,ERR,ERR,ERR,ERR,ERR,ERR,ERR,ERR,ERR,ERR,ERR,ERR,ERR,ERR,ERR,34.0,80.0,35,0.0,0.0,0.0,0.0,0.0,0.0,0.0,0.0,0.0,0.0,0.0,0.0,0.0,0.0,0.0,0.0,66.4,0,121,58,54,65476,0,300,0,0,8,20529,65476,0,0,57672,80.0,0.0,0.0,0.0,0.0,0.0
2026-06-18T02:04:20,ERR,ERR,ERR,ERR,ERR,ERR,ERR,ERR,ERR,ERR,ERR,ERR,ERR,ERR,ERR,ERR,ERR,ERR,ERR,ERR,ERR,ERR,ERR,ERR,ERR,ERR,ERR,ERR,ERR,ERR,ERR,ERR,ERR,ERR,ERR,ERR,ERR,ERR,ERR,ERR,ERR,ERR,ERR,ERR,ERR,ERR,ERR,ERR,ERR,ERR,ERR,ERR,ERR,ERR,ERR,ERR,ERR,ERR,ERR,ERR,ERR,ERR,ERR,ERR,ERR,ERR,ERR,ERR,ERR,ERR,ERR,ERR,ERR,ERR,ERR,ERR,ERR,ERR,ERR,ERR,ERR,ERR,ERR,ERR,ERR,ERR,ERR,ERR,ERR,ERR,ERR,ERR,ERR,ERR,ERR,ERR,ERR,ERR,ERR,ERR,ERR,ERR,ERR,ERR,ERR,ERR,ERR,ERR,ERR,ERR,ERR,ERR,ERR,ERR,ERR,ERR,ERR,ERR,ERR,ERR,ERR,ERR,ERR,ERR,ERR,-107615400.0,-107615392.0,0.0,-0.0,0.0,1.3936040501711995e+18,7.805,-0.0,0,0,4,48904,6720,14723890282496.0,100,0.0,0.0,0.0,-0.0,0.0,0,0,0,0,0.0,0,0,0,0,0,0,0,0,0,0,0,0,0,0,0,0,0,0,0,0,0,0,0,0,0,0,0,0,0,0,0,0,0,26,51,50,76,65476,0,300,0,0,8,21553,0.0,-107605600.0,0.0,0.0,0.0,0.0,0.0,0.0,0.0,0.0,0.0,0.0,0.0,0.0,0.0,0.0,0.0,0.0,0.0,0.0,0.0,0.0,2.004,0.0,-0.0,0.0,0.0,0.0,0.0,0.0,4721.0,1.5879276530623424e+29,7310.0,-107615400.0,-107615392.0,0.0,-0.0,0.0,0.0,0.0,0.0,77,-5.8480842052978964e+35,-71.629,0.0,0.0,0.0,0.0,0.0,0.0,0.0,0,0,0,0.0,0.0,0.0,0.0,0.0,0.0,0.0,0.0,0.0,0.0,0.0,0.0,0.0,0.0,0.0,0.0,0,-107875648.0,77,0.0,154,0.0,2.6533922776413385e+23,ERR,ERR,ERR,ERR,ERR,ERR,ERR,ERR,ERR,ERR,ERR,ERR,ERR,ERR,ERR,ERR,ERR,ERR,ERR,ERR,ERR,ERR,ERR,ERR,ERR,ERR,ERR,ERR,ERR,ERR,ERR,ERR,ERR,ERR,ERR,ERR,ERR,ERR,ERR,ERR,ERR,ERR,ERR,ERR,ERR,ERR,ERR,ERR,ERR,ERR,ERR,ERR,ERR,ERR,ERR,ERR,ERR,ERR,ERR,ERR,ERR,ERR,ERR,ERR,ERR,ERR,ERR,34.0,80.0,35,0.0,0.0,0.0,0.0,0.0,0.0,0.0,0.0,0.0,0.0,0.0,0.0,0.0,0.0,0.0,0.0,66.4,0,121,58,54,65476,0,300,0,0,8,20529,65476,0,0,57672,80.0,0.0,0.0,0.0,0.0,0.0
2026-06-18T02:04:21,ERR,ERR,ERR,ERR,ERR,ERR,ERR,ERR,ERR,ERR,ERR,ERR,ERR,ERR,ERR,ERR,ERR,ERR,ERR,ERR,ERR,ERR,ERR,ERR,ERR,ERR,ERR,ERR,ERR,ERR,ERR,ERR,ERR,ERR,ERR,ERR,ERR,ERR,ERR,ERR,ERR,ERR,ERR,ERR,ERR,ERR,ERR,ERR,ERR,ERR,ERR,ERR,ERR,ERR,ERR,ERR,ERR,ERR,ERR,ERR,ERR,ERR,ERR,ERR,ERR,ERR,ERR,ERR,ERR,ERR,ERR,ERR,ERR,ERR,ERR,ERR,ERR,ERR,ERR,ERR,ERR,ERR,ERR,ERR,ERR,ERR,ERR,ERR,ERR,ERR,ERR,ERR,ERR,ERR,ERR,ERR,ERR,ERR,ERR,ERR,ERR,ERR,ERR,ERR,ERR,ERR,ERR,ERR,ERR,ERR,ERR,ERR,ERR,ERR,ERR,ERR,ERR,ERR,ERR,ERR,ERR,ERR,ERR,ERR,ERR,-107615400.0,-107615392.0,0.0,-0.0,0.0,1.3936040501711995e+18,7.805,-0.0,0,0,4,48904,6720,14723890282496.0,100,0.0,0.0,0.0,-0.0,0.0,0,0,0,0,0.0,0,0,0,0,0,0,0,0,0,0,0,0,0,0,0,0,0,0,0,0,0,0,0,0,0,0,0,0,0,0,0,0,0,26,51,50,76,65476,0,300,0,0,8,21553,0.0,-107605600.0,0.0,0.0,0.0,0.0,0.0,0.0,0.0,0.0,0.0,0.0,0.0,0.0,0.0,0.0,0.0,0.0,0.0,0.0,0.0,0.0,2.004,0.0,-0.0,0.0,0.0,0.0,0.0,0.0,4721.0,1.5879276530623424e+29,7310.0,-107615400.0,-107615392.0,0.0,-0.0,0.0,0.0,0.0,0.0,77,-5.8480842052978964e+35,-71.629,0.0,0.0,0.0,0.0,0.0,0.0,0.0,0,0,0,0.0,0.0,0.0,0.0,0.0,0.0,0.0,0.0,0.0,0.0,0.0,0.0,0.0,0.0,0.0,0.0,0,-107875648.0,77,0.0,154,0.0,2.6533922776413385e+23,ERR,ERR,ERR,ERR,ERR,ERR,ERR,ERR,ERR,ERR,ERR,ERR,ERR,ERR,ERR,ERR,ERR,ERR,ERR,ERR,ERR,ERR,ERR,ERR,ERR,ERR,ERR,ERR,ERR,ERR,ERR,ERR,ERR,ERR,ERR,ERR,ERR,ERR,ERR,ERR,ERR,ERR,ERR,ERR,ERR,ERR,ERR,ERR,ERR,ERR,ERR,ERR,ERR,ERR,ERR,ERR,ERR,ERR,ERR,ERR,ERR,ERR,ERR,ERR,ERR,ERR,ERR,34.0,80.0,35,0.0,0.0,0.0,0.0,0.0,0.0,0.0,0.0,0.0,0.0,0.0,0.0,0.0,0.0,0.0,0.0,66.0,0,121,58,54,65476,0,300,0,0,8,20529,65476,0,0,57672,80.0,0.0,0.0,0.0,0.0,0.0
2026-06-18T02:04:22,ERR,ERR,ERR,ERR,ERR,ERR,ERR,ERR,ERR,ERR,ERR,ERR,ERR,ERR,ERR,ERR,ERR,ERR,ERR,ERR,ERR,ERR,ERR,ERR,ERR,ERR,ERR,ERR,ERR,ERR,ERR,ERR,ERR,ERR,ERR,ERR,ERR,ERR,ERR,ERR,ERR,ERR,ERR,ERR,ERR,ERR,ERR,ERR,ERR,ERR,ERR,ERR,ERR,ERR,ERR,ERR,ERR,ERR,ERR,ERR,ERR,ERR,ERR,ERR,ERR,ERR,ERR,ERR,ERR,ERR,ERR,ERR,ERR,ERR,ERR,ERR,ERR,ERR,ERR,ERR,ERR,ERR,ERR,ERR,ERR,ERR,ERR,ERR,ERR,ERR,ERR,ERR,ERR,ERR,ERR,ERR,ERR,ERR,ERR,ERR,ERR,ERR,ERR,ERR,ERR,ERR,ERR,ERR,ERR,ERR,ERR,ERR,ERR,ERR,ERR,ERR,ERR,ERR,ERR,ERR,ERR,ERR,ERR,ERR,ERR,-107615400.0,-107615392.0,0.0,-0.0,0.0,1.3936040501711995e+18,7.805,-0.0,0,0,4,48904,6720,14723890282496.0,100,0.0,0.0,0.0,-0.0,0.0,0,0,0,0,0.0,0,0,0,0,0,0,0,0,0,0,0,0,0,0,0,0,0,0,0,0,0,0,0,0,0,0,0,0,0,0,0,0,0,26,51,50,76,65476,0,300,0,0,8,21553,0.0,-107605600.0,0.0,0.0,0.0,0.0,0.0,0.0,0.0,0.0,0.0,0.0,0.0,0.0,0.0,0.0,0.0,0.0,0.0,0.0,0.0,0.0,2.004,0.0,-0.0,0.0,0.0,0.0,0.0,0.0,4721.0,1.5879276530623424e+29,7310.0,-107615400.0,-107615392.0,0.0,-0.0,0.0,0.0,0.0,0.0,77,-5.8480842052978964e+35,-71.629,0.0,0.0,0.0,0.0,0.0,0.0,0.0,0,0,0,0.0,0.0,0.0,0.0,0.0,0.0,0.0,0.0,0.0,0.0,0.0,0.0,0.0,0.0,0.0,0.0,0,-107875648.0,77,0.0,154,0.0,2.6533922776413385e+23,ERR,ERR,ERR,ERR,ERR,ERR,ERR,ERR,ERR,ERR,ERR,ERR,ERR,ERR,ERR,ERR,ERR,ERR,ERR,ERR,ERR,ERR,ERR,ERR,ERR,ERR,ERR,ERR,ERR,ERR,ERR,ERR,ERR,ERR,ERR,ERR,ERR,ERR,ERR,ERR,ERR,ERR,ERR,ERR,ERR,ERR,ERR,ERR,ERR,ERR,ERR,ERR,ERR,ERR,ERR,ERR,ERR,ERR,ERR,ERR,ERR,ERR,ERR,ERR,ERR,ERR,ERR,34.0,80.0,35,0.0,0.0,0.0,0.0,0.0,0.0,0.0,0.0,0.0,0.0,0.0,0.0,0.0,0.0,0.0,0.0,66.0,0,121,58,54,65476,0,300,0,0,8,20529,65476,0,0,57672,80.0,0.0,0.0,0.0,0.0,0.0
2026-06-18T02:04:23,ERR,ERR,ERR,ERR,ERR,ERR,ERR,ERR,ERR,ERR,ERR,ERR,ERR,ERR,ERR,ERR,ERR,ERR,ERR,ERR,ERR,ERR,ERR,ERR,ERR,ERR,ERR,ERR,ERR,ERR,ERR,ERR,ERR,ERR,ERR,ERR,ERR,ERR,ERR,ERR,ERR,ERR,ERR,ERR,ERR,ERR,ERR,ERR,ERR,ERR,ERR,ERR,ERR,ERR,ERR,ERR,ERR,ERR,ERR,ERR,ERR,ERR,ERR,ERR,ERR,ERR,ERR,ERR,ERR,ERR,ERR,ERR,ERR,ERR,ERR,ERR,ERR,ERR,ERR,ERR,ERR,ERR,ERR,ERR,ERR,ERR,ERR,ERR,ERR,ERR,ERR,ERR,ERR,ERR,ERR,ERR,ERR,ERR,ERR,ERR,ERR,ERR,ERR,ERR,ERR,ERR,ERR,ERR,ERR,ERR,ERR,ERR,ERR,ERR,ERR,ERR,ERR,ERR,ERR,ERR,ERR,ERR,ERR,ERR,ERR,-107615400.0,-107615392.0,0.0,-0.0,0.0,1.3936040501711995e+18,7.805,-0.0,0,0,4,48904,6720,14723890282496.0,100,0.0,0.0,0.0,-0.0,0.0,0,0,0,0,0.0,0,0,0,0,0,0,0,0,0,0,0,0,0,0,0,0,0,0,0,0,0,0,0,0,0,0,0,0,0,0,0,0,0,26,51,50,76,65476,0,300,0,0,8,21553,0.0,-107605600.0,0.0,0.0,0.0,0.0,0.0,0.0,0.0,0.0,0.0,0.0,0.0,0.0,0.0,0.0,0.0,0.0,0.0,0.0,0.0,0.0,2.004,0.0,-0.0,0.0,0.0,0.0,0.0,0.0,4721.0,1.5879276530623424e+29,7310.0,-107615400.0,-107615392.0,0.0,-0.0,0.0,0.0,0.0,0.0,77,-5.8480842052978964e+35,-71.629,0.0,0.0,0.0,0.0,0.0,0.0,0.0,0,0,0,0.0,0.0,0.0,0.0,0.0,0.0,0.0,0.0,0.0,0.0,0.0,0.0,0.0,0.0,0.0,0.0,0,-107875648.0,77,0.0,154,0.0,2.6533922776413385e+23,ERR,ERR,ERR,ERR,ERR,ERR,ERR,ERR,ERR,ERR,ERR,ERR,ERR,ERR,ERR,ERR,ERR,ERR,ERR,ERR,ERR,ERR,ERR,ERR,ERR,ERR,ERR,ERR,ERR,ERR,ERR,ERR,ERR,ERR,ERR,ERR,ERR,ERR,ERR,ERR,ERR,ERR,ERR,ERR,ERR,ERR,ERR,ERR,ERR,ERR,ERR,ERR,ERR,ERR,ERR,ERR,ERR,ERR,ERR,ERR,ERR,ERR,ERR,ERR,ERR,ERR,ERR,34.0,80.0,35,0.0,0.0,0.0,0.0,0.0,0.0,0.0,0.0,0.0,0.0,0.0,0.0,0.0,0.0,0.0,0.0,66.0,0,121,58,54,65476,0,300,0,0,8,20529,65476,0,0,57672,80.0,0.0,0.0,0.0,0.0,0.0
2026-06-18T02:04:24,ERR,ERR,ERR,ERR,ERR,ERR,ERR,ERR,ERR,ERR,ERR,ERR,ERR,ERR,ERR,ERR,ERR,ERR,ERR,ERR,ERR,ERR,ERR,ERR,ERR,ERR,ERR,ERR,ERR,ERR,ERR,ERR,ERR,ERR,ERR,ERR,ERR,ERR,ERR,ERR,ERR,ERR,ERR,ERR,ERR,ERR,ERR,ERR,ERR,ERR,ERR,ERR,ERR,ERR,ERR,ERR,ERR,ERR,ERR,ERR,ERR,ERR,ERR,ERR,ERR,ERR,ERR,ERR,ERR,ERR,ERR,ERR,ERR,ERR,ERR,ERR,ERR,ERR,ERR,ERR,ERR,ERR,ERR,ERR,ERR,ERR,ERR,ERR,ERR,ERR,ERR,ERR,ERR,ERR,ERR,ERR,ERR,ERR,ERR,ERR,ERR,ERR,ERR,ERR,ERR,ERR,ERR,ERR,ERR,ERR,ERR,ERR,ERR,ERR,ERR,ERR,ERR,ERR,ERR,ERR,ERR,ERR,ERR,ERR,ERR,-107615400.0,-107615392.0,0.0,-0.0,0.0,1.3936040501711995e+18,7.805,-0.0,0,0,4,48902,6720,14723890282496.0,100,0.0,0.0,0.0,-4.9501291711397626e+32,0.0,0,0,0,0,0.0,0,0,0,0,0,0,0,0,0,0,0,0,0,0,0,0,0,0,0,0,0,0,0,0,0,0,0,0,0,0,0,0,0,26,51,50,76,65476,0,300,0,0,8,21553,0.0,-107605600.0,0.0,0.0,0.0,0.0,0.0,0.0,0.0,0.0,0.0,0.0,0.0,0.0,0.0,0.0,0.0,0.0,0.0,0.0,0.0,0.0,2.004,0.0,-0.0,0.0,0.0,0.0,0.0,0.0,4721.0,1.0406642667109367e+34,7311.0,-107615400.0,-107615392.0,0.0,-0.0,0.0,0.0,0.0,0.0,77,-2.7184303811560617e+23,-71.629,0.0,0.0,0.0,0.0,0.0,0.0,0.0,0,0,0,0.0,0.0,0.0,0.0,0.0,0.0,0.0,0.0,0.0,0.0,0.0,0.0,0.0,0.0,0.0,0.0,0,-107875648.0,77,0.0,154,0.0,0.0,ERR,ERR,ERR,ERR,ERR,ERR,ERR,ERR,ERR,ERR,ERR,ERR,ERR,ERR,ERR,ERR,ERR,ERR,ERR,ERR,ERR,ERR,ERR,ERR,ERR,ERR,ERR,ERR,ERR,ERR,ERR,ERR,ERR,ERR,ERR,ERR,ERR,ERR,ERR,ERR,ERR,ERR,ERR,ERR,ERR,ERR,ERR,ERR,ERR,ERR,ERR,ERR,ERR,ERR,ERR,ERR,ERR,ERR,ERR,ERR,ERR,ERR,ERR,ERR,ERR,ERR,ERR,34.0,80.0,35,0.0,0.0,0.0,0.0,0.0,0.0,0.0,0.0,0.0,0.0,0.0,0.0,0.0,0.0,0.0,0.0,66.0,0,121,58,54,65476,0,300,0,0,8,20529,65476,0,0,57672,80.0,0.0,0.0,0.0,0.0,0.0
2026-06-18T02:04:25,ERR,ERR,ERR,ERR,ERR,ERR,ERR,ERR,ERR,ERR,ERR,ERR,ERR,ERR,ERR,ERR,ERR,ERR,ERR,ERR,ERR,ERR,ERR,ERR,ERR,ERR,ERR,ERR,ERR,ERR,ERR,ERR,ERR,ERR,ERR,ERR,ERR,ERR,ERR,ERR,ERR,ERR,ERR,ERR,ERR,ERR,ERR,ERR,ERR,ERR,ERR,ERR,ERR,ERR,ERR,ERR,ERR,ERR,ERR,ERR,ERR,ERR,ERR,ERR,ERR,ERR,ERR,ERR,ERR,ERR,ERR,ERR,ERR,ERR,ERR,ERR,ERR,ERR,ERR,ERR,ERR,ERR,ERR,ERR,ERR,ERR,ERR,ERR,ERR,ERR,ERR,ERR,ERR,ERR,ERR,ERR,ERR,ERR,ERR,ERR,ERR,ERR,ERR,ERR,ERR,ERR,ERR,ERR,ERR,ERR,ERR,ERR,ERR,ERR,ERR,ERR,ERR,ERR,ERR,ERR,ERR,ERR,ERR,ERR,ERR,-107615400.0,-107615392.0,0.0,-0.0,0.0,1.3936040501711995e+18,7.805,-0.0,0,0,4,48902,6720,14723890282496.0,100,0.0,0.0,0.0,-4.9501291711397626e+32,0.0,0,0,0,0,0.0,0,0,0,0,0,0,0,0,0,0,0,0,0,0,0,0,0,0,0,0,0,0,0,0,0,0,0,0,0,0,0,0,0,26,51,50,76,65476,0,300,0,0,8,21553,0.0,-107605600.0,0.0,0.0,0.0,0.0,0.0,0.0,0.0,0.0,0.0,0.0,0.0,0.0,0.0,0.0,0.0,0.0,0.0,0.0,0.0,0.0,2.004,0.0,-0.0,0.0,0.0,0.0,0.0,0.0,4721.0,1.0406642667109367e+34,7311.0,-107615400.0,-107615392.0,0.0,-0.0,0.0,0.0,0.0,0.0,77,-2.7184303811560617e+23,-71.629,0.0,0.0,0.0,0.0,0.0,0.0,0.0,0,0,0,0.0,0.0,0.0,0.0,0.0,0.0,0.0,0.0,0.0,0.0,0.0,0.0,0.0,0.0,0.0,0.0,0,-107875648.0,77,0.0,154,0.0,0.0,ERR,ERR,ERR,ERR,ERR,ERR,ERR,ERR,ERR,ERR,ERR,ERR,ERR,ERR,ERR,ERR,ERR,ERR,ERR,ERR,ERR,ERR,ERR,ERR,ERR,ERR,ERR,ERR,ERR,ERR,ERR,ERR,ERR,ERR,ERR,ERR,ERR,ERR,ERR,ERR,ERR,ERR,ERR,ERR,ERR,ERR,ERR,ERR,ERR,ERR,ERR,ERR,ERR,ERR,ERR,ERR,ERR,ERR,ERR,ERR,ERR,ERR,ERR,ERR,ERR,ERR,ERR,34.0,80.0,35,0.0,0.0,0.0,0.0,0.0,0.0,0.0,0.0,0.0,0.0,0.0,0.0,0.0,0.0,0.0,0.0,66.0,0,121,58,54,65476,0,300,0,0,8,20529,65476,0,0,57672,80.0,0.0,0.0,0.0,0.0,0.0
2026-06-18T02:04:26,ERR,ERR,ERR,ERR,ERR,ERR,ERR,ERR,ERR,ERR,ERR,ERR,ERR,ERR,ERR,ERR,ERR,ERR,ERR,ERR,ERR,ERR,ERR,ERR,ERR,ERR,ERR,ERR,ERR,ERR,ERR,ERR,ERR,ERR,ERR,ERR,ERR,ERR,ERR,ERR,ERR,ERR,ERR,ERR,ERR,ERR,ERR,ERR,ERR,ERR,ERR,ERR,ERR,ERR,ERR,ERR,ERR,ERR,ERR,ERR,ERR,ERR,ERR,ERR,ERR,ERR,ERR,ERR,ERR,ERR,ERR,ERR,ERR,ERR,ERR,ERR,ERR,ERR,ERR,ERR,ERR,ERR,ERR,ERR,ERR,ERR,ERR,ERR,ERR,ERR,ERR,ERR,ERR,ERR,ERR,ERR,ERR,ERR,ERR,ERR,ERR,ERR,ERR,ERR,ERR,ERR,ERR,ERR,ERR,ERR,ERR,ERR,ERR,ERR,ERR,ERR,ERR,ERR,ERR,ERR,ERR,ERR,ERR,ERR,ERR,-107615400.0,-107615392.0,0.0,-0.0,0.0,1.3936040501711995e+18,7.805,-0.0,0,0,4,48902,6720,14723890282496.0,100,0.0,0.0,0.0,-4.9501291711397626e+32,0.0,0,0,0,0,0.0,0,0,0,0,0,0,0,0,0,0,0,0,0,0,0,0,0,0,0,0,0,0,0,0,0,0,0,0,0,0,0,0,0,26,51,50,76,65476,0,300,0,0,8,21553,0.0,-107605600.0,0.0,0.0,0.0,0.0,0.0,0.0,0.0,0.0,0.0,0.0,0.0,0.0,0.0,0.0,0.0,0.0,0.0,0.0,0.0,0.0,2.004,0.0,-0.0,0.0,0.0,0.0,0.0,0.0,4721.0,1.0406642667109367e+34,7311.0,-107615400.0,-107615392.0,0.0,-0.0,0.0,0.0,0.0,0.0,77,-2.7184303811560617e+23,-71.629,0.0,0.0,0.0,0.0,0.0,0.0,0.0,0,0,0,0.0,0.0,0.0,0.0,0.0,0.0,0.0,0.0,0.0,0.0,0.0,0.0,0.0,0.0,0.0,0.0,0,-107875648.0,77,0.0,154,0.0,0.0,ERR,ERR,ERR,ERR,ERR,ERR,ERR,ERR,ERR,ERR,ERR,ERR,ERR,ERR,ERR,ERR,ERR,ERR,ERR,ERR,ERR,ERR,ERR,ERR,ERR,ERR,ERR,ERR,ERR,ERR,ERR,ERR,ERR,ERR,ERR,ERR,ERR,ERR,ERR,ERR,ERR,ERR,ERR,ERR,ERR,ERR,ERR,ERR,ERR,ERR,ERR,ERR,ERR,ERR,ERR,ERR,ERR,ERR,ERR,ERR,ERR,ERR,ERR,ERR,ERR,ERR,ERR,34.0,80.0,35,0.0,0.0,0.0,0.0,0.0,0.0,0.0,0.0,0.0,0.0,0.0,0.0,0.0,0.0,0.0,0.0,66.0,0,121,58,54,65476,0,300,0,0,8,20529,65476,0,0,57672,80.0,0.0,0.0,0.0,0.0,0.0
2026-06-18T02:04:27,ERR,ERR,ERR,ERR,ERR,ERR,ERR,ERR,ERR,ERR,ERR,ERR,ERR,ERR,ERR,ERR,ERR,ERR,ERR,ERR,ERR,ERR,ERR,ERR,ERR,ERR,ERR,ERR,ERR,ERR,ERR,ERR,ERR,ERR,ERR,ERR,ERR,ERR,ERR,ERR,ERR,ERR,ERR,ERR,ERR,ERR,ERR,ERR,ERR,ERR,ERR,ERR,ERR,ERR,ERR,ERR,ERR,ERR,ERR,ERR,ERR,ERR,ERR,ERR,ERR,ERR,ERR,ERR,ERR,ERR,ERR,ERR,ERR,ERR,ERR,ERR,ERR,ERR,ERR,ERR,ERR,ERR,ERR,ERR,ERR,ERR,ERR,ERR,ERR,ERR,ERR,ERR,ERR,ERR,ERR,ERR,ERR,ERR,ERR,ERR,ERR,ERR,ERR,ERR,ERR,ERR,ERR,ERR,ERR,ERR,ERR,ERR,ERR,ERR,ERR,ERR,ERR,ERR,ERR,ERR,ERR,ERR,ERR,ERR,ERR,-107615400.0,-107615392.0,0.0,-0.0,0.0,1.3936040501711995e+18,7.805,-0.0,0,0,4,48902,6720,14723890282496.0,100,0.0,0.0,0.0,-4.9501291711397626e+32,0.0,0,0,0,0,0.0,0,0,0,0,0,0,0,0,0,0,0,0,0,0,0,0,0,0,0,0,0,0,0,0,0,0,0,0,0,0,0,0,0,26,51,50,76,65476,0,300,0,0,8,21553,0.0,-107605600.0,0.0,0.0,0.0,0.0,0.0,0.0,0.0,0.0,0.0,0.0,0.0,0.0,0.0,0.0,0.0,0.0,0.0,0.0,0.0,0.0,2.004,0.0,-0.0,0.0,0.0,0.0,0.0,0.0,4721.0,1.0406642667109367e+34,7311.0,-107615400.0,-107615392.0,0.0,-0.0,0.0,0.0,0.0,0.0,77,-2.7184303811560617e+23,-71.629,0.0,0.0,0.0,0.0,0.0,0.0,0.0,0,0,0,0.0,0.0,0.0,0.0,0.0,0.0,0.0,0.0,0.0,0.0,0.0,0.0,0.0,0.0,0.0,0.0,0,-107875648.0,77,0.0,154,0.0,0.0,ERR,ERR,ERR,ERR,ERR,ERR,ERR,ERR,ERR,ERR,ERR,ERR,ERR,ERR,ERR,ERR,ERR,ERR,ERR,ERR,ERR,ERR,ERR,ERR,ERR,ERR,ERR,ERR,ERR,ERR,ERR,ERR,ERR,ERR,ERR,ERR,ERR,ERR,ERR,ERR,ERR,ERR,ERR,ERR,ERR,ERR,ERR,ERR,ERR,ERR,ERR,ERR,ERR,ERR,ERR,ERR,ERR,ERR,ERR,ERR,ERR,ERR,ERR,ERR,ERR,ERR,ERR,34.0,80.0,35,0.0,0.0,0.0,0.0,0.0,0.0,0.0,0.0,0.0,0.0,0.0,0.0,0.0,0.0,0.0,0.0,66.4,0,121,58,54,65476,0,300,0,0,8,20529,65476,0,0,57672,80.0,0.0,0.0,0.0,0.0,0.0
2026-06-18T02:04:28,ERR,ERR,ERR,ERR,ERR,ERR,ERR,ERR,ERR,ERR,ERR,ERR,ERR,ERR,ERR,ERR,ERR,ERR,ERR,ERR,ERR,ERR,ERR,ERR,ERR,ERR,ERR,ERR,ERR,ERR,ERR,ERR,ERR,ERR,ERR,ERR,ERR,ERR,ERR,ERR,ERR,ERR,ERR,ERR,ERR,ERR,ERR,ERR,ERR,ERR,ERR,ERR,ERR,ERR,ERR,ERR,ERR,ERR,ERR,ERR,ERR,ERR,ERR,ERR,ERR,ERR,ERR,ERR,ERR,ERR,ERR,ERR,ERR,ERR,ERR,ERR,ERR,ERR,ERR,ERR,ERR,ERR,ERR,ERR,ERR,ERR,ERR,ERR,ERR,ERR,ERR,ERR,ERR,ERR,ERR,ERR,ERR,ERR,ERR,ERR,ERR,ERR,ERR,ERR,ERR,ERR,ERR,ERR,ERR,ERR,ERR,ERR,ERR,ERR,ERR,ERR,ERR,ERR,ERR,ERR,ERR,ERR,ERR,ERR,ERR,-107615400.0,-107615392.0,0.0,-0.0,0.0,1.3936040501711995e+18,7.805,-0.0,0,0,4,48902,6720,14723890282496.0,100,0.0,0.0,0.0,-4.9501291711397626e+32,0.0,0,0,0,0,0.0,0,0,0,0,0,0,0,0,0,0,0,0,0,0,0,0,0,0,0,0,0,0,0,0,0,0,0,0,0,0,0,0,0,26,51,50,76,65476,0,300,0,0,8,21553,0.0,-107605600.0,0.0,0.0,0.0,0.0,0.0,0.0,0.0,0.0,0.0,0.0,0.0,0.0,0.0,0.0,0.0,0.0,0.0,0.0,0.0,0.0,2.004,0.0,-0.0,0.0,0.0,0.0,0.0,0.0,4721.0,1.0406642667109367e+34,7311.0,-107615400.0,-107615392.0,0.0,-0.0,0.0,0.0,0.0,0.0,77,-2.7184303811560617e+23,-71.629,0.0,0.0,0.0,0.0,0.0,0.0,0.0,0,0,0,0.0,0.0,0.0,0.0,0.0,0.0,0.0,0.0,0.0,0.0,0.0,0.0,0.0,0.0,0.0,0.0,0,-107875648.0,77,0.0,154,0.0,0.0,ERR,ERR,ERR,ERR,ERR,ERR,ERR,ERR,ERR,ERR,ERR,ERR,ERR,ERR,ERR,ERR,ERR,ERR,ERR,ERR,ERR,ERR,ERR,ERR,ERR,ERR,ERR,ERR,ERR,ERR,ERR,ERR,ERR,ERR,ERR,ERR,ERR,ERR,ERR,ERR,ERR,ERR,ERR,ERR,ERR,ERR,ERR,ERR,ERR,ERR,ERR,ERR,ERR,ERR,ERR,ERR,ERR,ERR,ERR,ERR,ERR,ERR,ERR,ERR,ERR,ERR,ERR,34.0,80.0,35,0.0,0.0,0.0,0.0,0.0,0.0,0.0,0.0,0.0,0.0,0.0,0.0,0.0,0.0,0.0,0.0,66.0,0,121,58,54,65476,0,300,0,0,8,20529,65476,0,0,57672,80.0,0.0,0.0,0.0,0.0,0.0
2026-06-18T02:04:29,ERR,ERR,ERR,ERR,ERR,ERR,ERR,ERR,ERR,ERR,ERR,ERR,ERR,ERR,ERR,ERR,ERR,ERR,ERR,ERR,ERR,ERR,ERR,ERR,ERR,ERR,ERR,ERR,ERR,ERR,ERR,ERR,ERR,ERR,ERR,ERR,ERR,ERR,ERR,ERR,ERR,ERR,ERR,ERR,ERR,ERR,ERR,ERR,ERR,ERR,ERR,ERR,ERR,ERR,ERR,ERR,ERR,ERR,ERR,ERR,ERR,ERR,ERR,ERR,ERR,ERR,ERR,ERR,ERR,ERR,ERR,ERR,ERR,ERR,ERR,ERR,ERR,ERR,ERR,ERR,ERR,ERR,ERR,ERR,ERR,ERR,ERR,ERR,ERR,ERR,ERR,ERR,ERR,ERR,ERR,ERR,ERR,ERR,ERR,ERR,ERR,ERR,ERR,ERR,ERR,ERR,ERR,ERR,ERR,ERR,ERR,ERR,ERR,ERR,ERR,ERR,ERR,ERR,ERR,ERR,ERR,ERR,ERR,ERR,ERR,-107615400.0,-107615392.0,0.0,-152005385388032.0,-2.012,1.3936040501711995e+18,7.805,0.0,0,0,4,48908,6720,14723890282496.0,100,0.0,0.0,0.0,-152005385388032.0,0.0,0,0,0,0,0.0,0,0,0,0,0,0,0,0,0,0,0,0,0,0,0,0,0,0,0,0,0,0,0,0,0,0,0,0,0,0,0,0,0,26,51,50,76,65476,0,300,0,0,8,21553,0.0,-107605600.0,0.0,0.0,0.0,0.0,0.0,0.0,0.0,0.0,0.0,0.0,0.0,0.0,0.0,0.0,0.0,0.0,0.0,0.0,0.0,0.0,2.004,0.0,-0.0,0.0,0.0,0.0,0.0,0.0,4720.0,-0.0,7312.0,-107615400.0,-107615392.0,0.0,-0.0,0.0,0.0,0.0,0.0,77,-4.950429371599289e+32,-107614688.0,0.0,0.0,0.0,0.0,0.0,0.0,0.0,0,0,0,0.0,0.0,0.0,0.0,0.0,0.0,0.0,0.0,0.0,0.0,0.0,0.0,0.0,0.0,0.0,0.0,0,-107875648.0,77,0.0,154,0.0,2.6533922776413385e+23,ERR,ERR,ERR,ERR,ERR,ERR,ERR,ERR,ERR,ERR,ERR,ERR,ERR,ERR,ERR,ERR,ERR,ERR,ERR,ERR,ERR,ERR,ERR,ERR,ERR,ERR,ERR,ERR,ERR,ERR,ERR,ERR,ERR,ERR,ERR,ERR,ERR,ERR,ERR,ERR,ERR,ERR,ERR,ERR,ERR,ERR,ERR,ERR,ERR,ERR,ERR,ERR,ERR,ERR,ERR,ERR,ERR,ERR,ERR,ERR,ERR,ERR,ERR,ERR,ERR,ERR,ERR,34.0,80.0,35,0.0,0.0,0.0,0.0,0.0,0.0,0.0,0.0,0.0,0.0,0.0,0.0,0.0,0.0,0.0,0.0,66.0,0,121,58,54,65476,0,300,0,0,8,20529,65476,0,0,57672,80.0,0.0,0.0,0.0,0.0,0.0
2026-06-18T02:04:30,ERR,ERR,ERR,ERR,ERR,ERR,ERR,ERR,ERR,ERR,ERR,ERR,ERR,ERR,ERR,ERR,ERR,ERR,ERR,ERR,ERR,ERR,ERR,ERR,ERR,ERR,ERR,ERR,ERR,ERR,ERR,ERR,ERR,ERR,ERR,ERR,ERR,ERR,ERR,ERR,ERR,ERR,ERR,ERR,ERR,ERR,ERR,ERR,ERR,ERR,ERR,ERR,ERR,ERR,ERR,ERR,ERR,ERR,ERR,ERR,ERR,ERR,ERR,ERR,ERR,ERR,ERR,ERR,ERR,ERR,ERR,ERR,ERR,ERR,ERR,ERR,ERR,ERR,ERR,ERR,ERR,ERR,ERR,ERR,ERR,ERR,ERR,ERR,ERR,ERR,ERR,ERR,ERR,ERR,ERR,ERR,ERR,ERR,ERR,ERR,ERR,ERR,ERR,ERR,ERR,ERR,ERR,ERR,ERR,ERR,ERR,ERR,ERR,ERR,ERR,ERR,ERR,ERR,ERR,ERR,ERR,ERR,ERR,ERR,ERR,-107615400.0,-107615392.0,0.0,-152005385388032.0,-2.012,1.3936040501711995e+18,7.805,0.0,0,0,4,48908,6720,14723890282496.0,100,0.0,0.0,0.0,-152005385388032.0,0.0,0,0,0,0,0.0,0,0,0,0,0,0,0,0,0,0,0,0,0,0,0,0,0,0,0,0,0,0,0,0,0,0,0,0,0,0,0,0,0,26,51,50,76,65476,0,300,0,0,8,21553,0.0,-107605600.0,0.0,0.0,0.0,0.0,0.0,0.0,0.0,0.0,0.0,0.0,0.0,0.0,0.0,0.0,0.0,0.0,0.0,0.0,0.0,0.0,2.004,0.0,-0.0,0.0,0.0,0.0,0.0,0.0,4720.0,-0.0,7312.0,-107615400.0,-107615392.0,0.0,-0.0,0.0,0.0,0.0,0.0,77,-4.950429371599289e+32,-107614688.0,0.0,0.0,0.0,0.0,0.0,0.0,0.0,0,0,0,0.0,0.0,0.0,0.0,0.0,0.0,0.0,0.0,0.0,0.0,0.0,0.0,0.0,0.0,0.0,0.0,0,-107875648.0,77,0.0,154,0.0,2.6533922776413385e+23,ERR,ERR,ERR,ERR,ERR,ERR,ERR,ERR,ERR,ERR,ERR,ERR,ERR,ERR,ERR,ERR,ERR,ERR,ERR,ERR,ERR,ERR,ERR,ERR,ERR,ERR,ERR,ERR,ERR,ERR,ERR,ERR,ERR,ERR,ERR,ERR,ERR,ERR,ERR,ERR,ERR,ERR,ERR,ERR,ERR,ERR,ERR,ERR,ERR,ERR,ERR,ERR,ERR,ERR,ERR,ERR,ERR,ERR,ERR,ERR,ERR,ERR,ERR,ERR,ERR,ERR,ERR,34.0,80.0,35,0.0,0.0,0.0,0.0,0.0,0.0,0.0,0.0,0.0,0.0,0.0,0.0,0.0,0.0,0.0,0.0,66.4,0,121,58,54,65476,0,300,0,0,8,20529,65476,0,0,57672,80.0,0.0,0.0,0.0,0.0,0.0
2026-06-18T02:04:31,ERR,ERR,ERR,ERR,ERR,ERR,ERR,ERR,ERR,ERR,ERR,ERR,ERR,ERR,ERR,ERR,ERR,ERR,ERR,ERR,ERR,ERR,ERR,ERR,ERR,ERR,ERR,ERR,ERR,ERR,ERR,ERR,ERR,ERR,ERR,ERR,ERR,ERR,ERR,ERR,ERR,ERR,ERR,ERR,ERR,ERR,ERR,ERR,ERR,ERR,ERR,ERR,ERR,ERR,ERR,ERR,ERR,ERR,ERR,ERR,ERR,ERR,ERR,ERR,ERR,ERR,ERR,ERR,ERR,ERR,ERR,ERR,ERR,ERR,ERR,ERR,ERR,ERR,ERR,ERR,ERR,ERR,ERR,ERR,ERR,ERR,ERR,ERR,ERR,ERR,ERR,ERR,ERR,ERR,ERR,ERR,ERR,ERR,ERR,ERR,ERR,ERR,ERR,ERR,ERR,ERR,ERR,ERR,ERR,ERR,ERR,ERR,ERR,ERR,ERR,ERR,ERR,ERR,ERR,ERR,ERR,ERR,ERR,ERR,ERR,-107615400.0,-107615392.0,0.0,-152005385388032.0,-2.012,1.3936040501711995e+18,7.805,0.0,0,0,4,48908,6720,14723890282496.0,100,0.0,0.0,0.0,-152005385388032.0,0.0,0,0,0,0,0.0,0,0,0,0,0,0,0,0,0,0,0,0,0,0,0,0,0,0,0,0,0,0,0,0,0,0,0,0,0,0,0,0,0,26,51,50,76,65476,0,300,0,0,8,21553,0.0,-107605600.0,0.0,0.0,0.0,0.0,0.0,0.0,0.0,0.0,0.0,0.0,0.0,0.0,0.0,0.0,0.0,0.0,0.0,0.0,0.0,0.0,2.004,0.0,-0.0,0.0,0.0,0.0,0.0,0.0,4720.0,-0.0,7312.0,-107615400.0,-107615392.0,0.0,-0.0,0.0,0.0,0.0,0.0,77,-4.950429371599289e+32,-107614688.0,0.0,0.0,0.0,0.0,0.0,0.0,0.0,0,0,0,0.0,0.0,0.0,0.0,0.0,0.0,0.0,0.0,0.0,0.0,0.0,0.0,0.0,0.0,0.0,0.0,0,-107875648.0,77,0.0,154,0.0,2.6533922776413385e+23,ERR,ERR,ERR,ERR,ERR,ERR,ERR,ERR,ERR,ERR,ERR,ERR,ERR,ERR,ERR,ERR,ERR,ERR,ERR,ERR,ERR,ERR,ERR,ERR,ERR,ERR,ERR,ERR,ERR,ERR,ERR,ERR,ERR,ERR,ERR,ERR,ERR,ERR,ERR,ERR,ERR,ERR,ERR,ERR,ERR,ERR,ERR,ERR,ERR,ERR,ERR,ERR,ERR,ERR,ERR,ERR,ERR,ERR,ERR,ERR,ERR,ERR,ERR,ERR,ERR,ERR,ERR,34.0,80.0,35,0.0,0.0,0.0,0.0,0.0,0.0,0.0,0.0,0.0,0.0,0.0,0.0,0.0,0.0,0.0,0.0,66.4,0,121,58,54,65476,0,300,0,0,8,20529,65476,0,0,57672,80.0,0.0,0.0,0.0,0.0,0.0
2026-06-18T02:04:32,ERR,ERR,ERR,ERR,ERR,ERR,ERR,ERR,ERR,ERR,ERR,ERR,ERR,ERR,ERR,ERR,ERR,ERR,ERR,ERR,ERR,ERR,ERR,ERR,ERR,ERR,ERR,ERR,ERR,ERR,ERR,ERR,ERR,ERR,ERR,ERR,ERR,ERR,ERR,ERR,ERR,ERR,ERR,ERR,ERR,ERR,ERR,ERR,ERR,ERR,ERR,ERR,ERR,ERR,ERR,ERR,ERR,ERR,ERR,ERR,ERR,ERR,ERR,ERR,ERR,ERR,ERR,ERR,ERR,ERR,ERR,ERR,ERR,ERR,ERR,ERR,ERR,ERR,ERR,ERR,ERR,ERR,ERR,ERR,ERR,ERR,ERR,ERR,ERR,ERR,ERR,ERR,ERR,ERR,ERR,ERR,ERR,ERR,ERR,ERR,ERR,ERR,ERR,ERR,ERR,ERR,ERR,ERR,ERR,ERR,ERR,ERR,ERR,ERR,ERR,ERR,ERR,ERR,ERR,ERR,ERR,ERR,ERR,ERR,ERR,-107615400.0,-107615392.0,0.0,-152005385388032.0,-2.012,1.3936040501711995e+18,7.805,0.0,0,0,4,48908,6720,14723890282496.0,100,0.0,0.0,0.0,-152005385388032.0,0.0,0,0,0,0,0.0,0,0,0,0,0,0,0,0,0,0,0,0,0,0,0,0,0,0,0,0,0,0,0,0,0,0,0,0,0,0,0,0,0,26,51,50,76,65476,0,300,0,0,8,21553,0.0,-107605600.0,0.0,0.0,0.0,0.0,0.0,0.0,0.0,0.0,0.0,0.0,0.0,0.0,0.0,0.0,0.0,0.0,0.0,0.0,0.0,0.0,2.004,0.0,-0.0,0.0,0.0,0.0,0.0,0.0,4720.0,-0.0,7312.0,-107615400.0,-107615392.0,0.0,-0.0,0.0,0.0,0.0,0.0,77,-4.950429371599289e+32,-107614688.0,0.0,0.0,0.0,0.0,0.0,0.0,0.0,0,0,0,0.0,0.0,0.0,0.0,0.0,0.0,0.0,0.0,0.0,0.0,0.0,0.0,0.0,0.0,0.0,0.0,0,-107875648.0,77,0.0,154,0.0,2.6533922776413385e+23,ERR,ERR,ERR,ERR,ERR,ERR,ERR,ERR,ERR,ERR,ERR,ERR,ERR,ERR,ERR,ERR,ERR,ERR,ERR,ERR,ERR,ERR,ERR,ERR,ERR,ERR,ERR,ERR,ERR,ERR,ERR,ERR,ERR,ERR,ERR,ERR,ERR,ERR,ERR,ERR,ERR,ERR,ERR,ERR,ERR,ERR,ERR,ERR,ERR,ERR,ERR,ERR,ERR,ERR,ERR,ERR,ERR,ERR,ERR,ERR,ERR,ERR,ERR,ERR,ERR,ERR,ERR,34.0,80.0,35,0.0,0.0,0.0,0.0,0.0,0.0,0.0,0.0,0.0,0.0,0.0,0.0,0.0,0.0,0.0,0.0,66.0,0,121,58,54,65476,0,300,0,0,8,20529,65476,0,0,57672,80.0,0.0,0.0,0.0,0.0,0.0
2026-06-18T02:04:33,ERR,ERR,ERR,ERR,ERR,ERR,ERR,ERR,ERR,ERR,ERR,ERR,ERR,ERR,ERR,ERR,ERR,ERR,ERR,ERR,ERR,ERR,ERR,ERR,ERR,ERR,ERR,ERR,ERR,ERR,ERR,ERR,ERR,ERR,ERR,ERR,ERR,ERR,ERR,ERR,ERR,ERR,ERR,ERR,ERR,ERR,ERR,ERR,ERR,ERR,ERR,ERR,ERR,ERR,ERR,ERR,ERR,ERR,ERR,ERR,ERR,ERR,ERR,ERR,ERR,ERR,ERR,ERR,ERR,ERR,ERR,ERR,ERR,ERR,ERR,ERR,ERR,ERR,ERR,ERR,ERR,ERR,ERR,ERR,ERR,ERR,ERR,ERR,ERR,ERR,ERR,ERR,ERR,ERR,ERR,ERR,ERR,ERR,ERR,ERR,ERR,ERR,ERR,ERR,ERR,ERR,ERR,ERR,ERR,ERR,ERR,ERR,ERR,ERR,ERR,ERR,ERR,ERR,ERR,ERR,ERR,ERR,ERR,ERR,ERR,-107615400.0,-107615392.0,0.0,-152005385388032.0,-2.012,1.3936040501711995e+18,7.805,0.0,0,0,4,48908,6720,14723890282496.0,100,0.0,0.0,0.0,-152005385388032.0,0.0,0,0,0,0,0.0,0,0,0,0,0,0,0,0,0,0,0,0,0,0,0,0,0,0,0,0,0,0,0,0,0,0,0,0,0,0,0,0,0,26,51,50,76,65476,0,300,0,0,8,21553,0.0,-107605600.0,0.0,0.0,0.0,0.0,0.0,0.0,0.0,0.0,0.0,0.0,0.0,0.0,0.0,0.0,0.0,0.0,0.0,0.0,0.0,0.0,2.004,0.0,-0.0,0.0,0.0,0.0,0.0,0.0,4720.0,-0.0,7312.0,-107615400.0,-107615392.0,0.0,-0.0,0.0,0.0,0.0,0.0,77,-4.950429371599289e+32,-107614688.0,0.0,0.0,0.0,0.0,0.0,0.0,0.0,0,0,0,0.0,0.0,0.0,0.0,0.0,0.0,0.0,0.0,0.0,0.0,0.0,0.0,0.0,0.0,0.0,0.0,0,-107875648.0,77,0.0,154,0.0,2.6533922776413385e+23,ERR,ERR,ERR,ERR,ERR,ERR,ERR,ERR,ERR,ERR,ERR,ERR,ERR,ERR,ERR,ERR,ERR,ERR,ERR,ERR,ERR,ERR,ERR,ERR,ERR,ERR,ERR,ERR,ERR,ERR,ERR,ERR,ERR,ERR,ERR,ERR,ERR,ERR,ERR,ERR,ERR,ERR,ERR,ERR,ERR,ERR,ERR,ERR,ERR,ERR,ERR,ERR,ERR,ERR,ERR,ERR,ERR,ERR,ERR,ERR,ERR,ERR,ERR,ERR,ERR,ERR,ERR,34.0,80.0,35,0.0,0.0,0.0,0.0,0.0,0.0,0.0,0.0,0.0,0.0,0.0,0.0,0.0,0.0,0.0,0.0,66.0,0,121,58,54,65476,0,300,0,0,8,20529,65476,0,0,57672,80.0,0.0,0.0,0.0,0.0,0.0
2026-06-18T02:04:34,ERR,ERR,ERR,ERR,ERR,ERR,ERR,ERR,ERR,ERR,ERR,ERR,ERR,ERR,ERR,ERR,ERR,ERR,ERR,ERR,ERR,ERR,ERR,ERR,ERR,ERR,ERR,ERR,ERR,ERR,ERR,ERR,ERR,ERR,ERR,ERR,ERR,ERR,ERR,ERR,ERR,ERR,ERR,ERR,ERR,ERR,ERR,ERR,ERR,ERR,ERR,ERR,ERR,ERR,ERR,ERR,ERR,ERR,ERR,ERR,ERR,ERR,ERR,ERR,ERR,ERR,ERR,ERR,ERR,ERR,ERR,ERR,ERR,ERR,ERR,ERR,ERR,ERR,ERR,ERR,ERR,ERR,ERR,ERR,ERR,ERR,ERR,ERR,ERR,ERR,ERR,ERR,ERR,ERR,ERR,ERR,ERR,ERR,ERR,ERR,ERR,ERR,ERR,ERR,ERR,ERR,ERR,ERR,ERR,ERR,ERR,ERR,ERR,ERR,ERR,ERR,ERR,ERR,ERR,ERR,ERR,ERR,ERR,ERR,ERR,-107615400.0,-107615392.0,0.0,-152005385388032.0,-2.012,1.3936040501711995e+18,7.805,0.0,0,0,4,48906,6720,14723890282496.0,100,0.0,0.0,0.0,0.0,0.0,0,0,0,0,0.0,0,0,0,0,0,0,0,0,0,0,0,0,0,0,0,0,0,0,0,0,0,0,0,0,0,0,0,0,0,0,0,0,0,26,51,50,76,65476,0,300,0,0,8,21553,0.0,-107605600.0,0.0,0.0,0.0,0.0,0.0,0.0,0.0,0.0,0.0,0.0,0.0,0.0,0.0,0.0,0.0,0.0,0.0,0.0,0.0,0.0,2.004,0.0,-0.0,0.0,0.0,0.0,0.0,0.0,4721.0,-0.0,7319.0,-107615400.0,-107615392.0,0.0,-0.0,0.0,0.0,0.0,0.0,77,-5.8480842052978964e+35,0.0,0.0,0.0,0.0,0.0,0.0,0.0,0.0,0,0,0,0.0,0.0,0.0,0.0,0.0,0.0,0.0,0.0,0.0,0.0,0.0,0.0,0.0,0.0,0.0,0.0,0,-107875648.0,77,0.0,154,0.0,2.6533922776413385e+23,ERR,ERR,ERR,ERR,ERR,ERR,ERR,ERR,ERR,ERR,ERR,ERR,ERR,ERR,ERR,ERR,ERR,ERR,ERR,ERR,ERR,ERR,ERR,ERR,ERR,ERR,ERR,ERR,ERR,ERR,ERR,ERR,ERR,ERR,ERR,ERR,ERR,ERR,ERR,ERR,ERR,ERR,ERR,ERR,ERR,ERR,ERR,ERR,ERR,ERR,ERR,ERR,ERR,ERR,ERR,ERR,ERR,ERR,ERR,ERR,ERR,ERR,ERR,ERR,ERR,ERR,ERR,34.0,80.0,35,0.0,0.0,0.0,0.0,0.0,0.0,0.0,0.0,0.0,0.0,0.0,0.0,0.0,0.0,0.0,0.0,66.0,0,121,58,54,65476,0,300,0,0,8,20529,65476,0,0,57672,80.0,0.0,0.0,0.0,0.0,0.0
2026-06-18T02:04:35,ERR,ERR,ERR,ERR,ERR,ERR,ERR,ERR,ERR,ERR,ERR,ERR,ERR,ERR,ERR,ERR,ERR,ERR,ERR,ERR,ERR,ERR,ERR,ERR,ERR,ERR,ERR,ERR,ERR,ERR,ERR,ERR,ERR,ERR,ERR,ERR,ERR,ERR,ERR,ERR,ERR,ERR,ERR,ERR,ERR,ERR,ERR,ERR,ERR,ERR,ERR,ERR,ERR,ERR,ERR,ERR,ERR,ERR,ERR,ERR,ERR,ERR,ERR,ERR,ERR,ERR,ERR,ERR,ERR,ERR,ERR,ERR,ERR,ERR,ERR,ERR,ERR,ERR,ERR,ERR,ERR,ERR,ERR,ERR,ERR,ERR,ERR,ERR,ERR,ERR,ERR,ERR,ERR,ERR,ERR,ERR,ERR,ERR,ERR,ERR,ERR,ERR,ERR,ERR,ERR,ERR,ERR,ERR,ERR,ERR,ERR,ERR,ERR,ERR,ERR,ERR,ERR,ERR,ERR,ERR,ERR,ERR,ERR,ERR,ERR,-107615400.0,-107615392.0,0.0,-152005385388032.0,-2.012,1.3936040501711995e+18,7.805,0.0,0,0,4,48906,6720,14723890282496.0,100,0.0,0.0,0.0,0.0,0.0,0,0,0,0,0.0,0,0,0,0,0,0,0,0,0,0,0,0,0,0,0,0,0,0,0,0,0,0,0,0,0,0,0,0,0,0,0,0,0,26,51,50,76,65476,0,300,0,0,8,21553,0.0,-107605600.0,0.0,0.0,0.0,0.0,0.0,0.0,0.0,0.0,0.0,0.0,0.0,0.0,0.0,0.0,0.0,0.0,0.0,0.0,0.0,0.0,2.004,0.0,-0.0,0.0,0.0,0.0,0.0,0.0,4721.0,-0.0,7319.0,-107615400.0,-107615392.0,0.0,-0.0,0.0,0.0,0.0,0.0,77,-5.8480842052978964e+35,0.0,0.0,0.0,0.0,0.0,0.0,0.0,0.0,0,0,0,0.0,0.0,0.0,0.0,0.0,0.0,0.0,0.0,0.0,0.0,0.0,0.0,0.0,0.0,0.0,0.0,0,-107875648.0,77,0.0,154,0.0,2.6533922776413385e+23,ERR,ERR,ERR,ERR,ERR,ERR,ERR,ERR,ERR,ERR,ERR,ERR,ERR,ERR,ERR,ERR,ERR,ERR,ERR,ERR,ERR,ERR,ERR,ERR,ERR,ERR,ERR,ERR,ERR,ERR,ERR,ERR,ERR,ERR,ERR,ERR,ERR,ERR,ERR,ERR,ERR,ERR,ERR,ERR,ERR,ERR,ERR,ERR,ERR,ERR,ERR,ERR,ERR,ERR,ERR,ERR,ERR,ERR,ERR,ERR,ERR,ERR,ERR,ERR,ERR,ERR,ERR,34.0,80.0,35,0.0,0.0,0.0,0.0,0.0,0.0,0.0,0.0,0.0,0.0,0.0,0.0,0.0,0.0,0.0,0.0,66.0,0,121,58,54,65476,0,300,0,0,8,20529,65476,0,0,57672,80.0,0.0,0.0,0.0,0.0,0.0
2026-06-18T02:04:36,ERR,ERR,ERR,ERR,ERR,ERR,ERR,ERR,ERR,ERR,ERR,ERR,ERR,ERR,ERR,ERR,ERR,ERR,ERR,ERR,ERR,ERR,ERR,ERR,ERR,ERR,ERR,ERR,ERR,ERR,ERR,ERR,ERR,ERR,ERR,ERR,ERR,ERR,ERR,ERR,ERR,ERR,ERR,ERR,ERR,ERR,ERR,ERR,ERR,ERR,ERR,ERR,ERR,ERR,ERR,ERR,ERR,ERR,ERR,ERR,ERR,ERR,ERR,ERR,ERR,ERR,ERR,ERR,ERR,ERR,ERR,ERR,ERR,ERR,ERR,ERR,ERR,ERR,ERR,ERR,ERR,ERR,ERR,ERR,ERR,ERR,ERR,ERR,ERR,ERR,ERR,ERR,ERR,ERR,ERR,ERR,ERR,ERR,ERR,ERR,ERR,ERR,ERR,ERR,ERR,ERR,ERR,ERR,ERR,ERR,ERR,ERR,ERR,ERR,ERR,ERR,ERR,ERR,ERR,ERR,ERR,ERR,ERR,ERR,ERR,-107615400.0,-107615392.0,0.0,-152005385388032.0,-2.012,1.3936040501711995e+18,7.805,0.0,0,0,4,48906,6720,14723890282496.0,100,0.0,0.0,0.0,0.0,0.0,0,0,0,0,0.0,0,0,0,0,0,0,0,0,0,0,0,0,0,0,0,0,0,0,0,0,0,0,0,0,0,0,0,0,0,0,0,0,0,26,51,50,76,65476,0,300,0,0,8,21553,0.0,-107605600.0,0.0,0.0,0.0,0.0,0.0,0.0,0.0,0.0,0.0,0.0,0.0,0.0,0.0,0.0,0.0,0.0,0.0,0.0,0.0,0.0,2.004,0.0,-0.0,0.0,0.0,0.0,0.0,0.0,4721.0,-0.0,7319.0,-107615400.0,-107615392.0,0.0,-0.0,0.0,0.0,0.0,0.0,77,-5.8480842052978964e+35,0.0,0.0,0.0,0.0,0.0,0.0,0.0,0.0,0,0,0,0.0,0.0,0.0,0.0,0.0,0.0,0.0,0.0,0.0,0.0,0.0,0.0,0.0,0.0,0.0,0.0,0,-107875648.0,77,0.0,154,0.0,2.6533922776413385e+23,ERR,ERR,ERR,ERR,ERR,ERR,ERR,ERR,ERR,ERR,ERR,ERR,ERR,ERR,ERR,ERR,ERR,ERR,ERR,ERR,ERR,ERR,ERR,ERR,ERR,ERR,ERR,ERR,ERR,ERR,ERR,ERR,ERR,ERR,ERR,ERR,ERR,ERR,ERR,ERR,ERR,ERR,ERR,ERR,ERR,ERR,ERR,ERR,ERR,ERR,ERR,ERR,ERR,ERR,ERR,ERR,ERR,ERR,ERR,ERR,ERR,ERR,ERR,ERR,ERR,ERR,ERR,34.0,80.0,35,0.0,0.0,0.0,0.0,0.0,0.0,0.0,0.0,0.0,0.0,0.0,0.0,0.0,0.0,0.0,0.0,66.0,0,121,58,54,65476,0,300,0,0,8,20529,65476,0,0,57672,80.0,0.0,0.0,0.0,0.0,0.0
2026-06-18T02:04:37,ERR,ERR,ERR,ERR,ERR,ERR,ERR,ERR,ERR,ERR,ERR,ERR,ERR,ERR,ERR,ERR,ERR,ERR,ERR,ERR,ERR,ERR,ERR,ERR,ERR,ERR,ERR,ERR,ERR,ERR,ERR,ERR,ERR,ERR,ERR,ERR,ERR,ERR,ERR,ERR,ERR,ERR,ERR,ERR,ERR,ERR,ERR,ERR,ERR,ERR,ERR,ERR,ERR,ERR,ERR,ERR,ERR,ERR,ERR,ERR,ERR,ERR,ERR,ERR,ERR,ERR,ERR,ERR,ERR,ERR,ERR,ERR,ERR,ERR,ERR,ERR,ERR,ERR,ERR,ERR,ERR,ERR,ERR,ERR,ERR,ERR,ERR,ERR,ERR,ERR,ERR,ERR,ERR,ERR,ERR,ERR,ERR,ERR,ERR,ERR,ERR,ERR,ERR,ERR,ERR,ERR,ERR,ERR,ERR,ERR,ERR,ERR,ERR,ERR,ERR,ERR,ERR,ERR,ERR,ERR,ERR,ERR,ERR,ERR,ERR,-107615400.0,-107615392.0,0.0,-152005385388032.0,-2.012,1.3936040501711995e+18,7.805,0.0,0,0,4,48906,6720,14723890282496.0,100,0.0,0.0,0.0,0.0,0.0,0,0,0,0,0.0,0,0,0,0,0,0,0,0,0,0,0,0,0,0,0,0,0,0,0,0,0,0,0,0,0,0,0,0,0,0,0,0,0,26,51,50,76,65476,0,300,0,0,8,21553,0.0,-107605600.0,0.0,0.0,0.0,0.0,0.0,0.0,0.0,0.0,0.0,0.0,0.0,0.0,0.0,0.0,0.0,0.0,0.0,0.0,0.0,0.0,2.004,0.0,-0.0,0.0,0.0,0.0,0.0,0.0,4721.0,-0.0,7319.0,-107615400.0,-107615392.0,0.0,-0.0,0.0,0.0,0.0,0.0,77,-5.8480842052978964e+35,0.0,0.0,0.0,0.0,0.0,0.0,0.0,0.0,0,0,0,0.0,0.0,0.0,0.0,0.0,0.0,0.0,0.0,0.0,0.0,0.0,0.0,0.0,0.0,0.0,0.0,0,-107875648.0,77,0.0,154,0.0,2.6533922776413385e+23,ERR,ERR,ERR,ERR,ERR,ERR,ERR,ERR,ERR,ERR,ERR,ERR,ERR,ERR,ERR,ERR,ERR,ERR,ERR,ERR,ERR,ERR,ERR,ERR,ERR,ERR,ERR,ERR,ERR,ERR,ERR,ERR,ERR,ERR,ERR,ERR,ERR,ERR,ERR,ERR,ERR,ERR,ERR,ERR,ERR,ERR,ERR,ERR,ERR,ERR,ERR,ERR,ERR,ERR,ERR,ERR,ERR,ERR,ERR,ERR,ERR,ERR,ERR,ERR,ERR,ERR,ERR,34.0,80.0,35,0.0,0.0,0.0,0.0,0.0,0.0,0.0,0.0,0.0,0.0,0.0,0.0,0.0,0.0,0.0,0.0,66.0,0,121,58,54,65476,0,300,0,0,8,20529,65476,0,0,57672,80.0,0.0,0.0,0.0,0.0,0.0
2026-06-18T02:04:38,ERR,ERR,ERR,ERR,ERR,ERR,ERR,ERR,ERR,ERR,ERR,ERR,ERR,ERR,ERR,ERR,ERR,ERR,ERR,ERR,ERR,ERR,ERR,ERR,ERR,ERR,ERR,ERR,ERR,ERR,ERR,ERR,ERR,ERR,ERR,ERR,ERR,ERR,ERR,ERR,ERR,ERR,ERR,ERR,ERR,ERR,ERR,ERR,ERR,ERR,ERR,ERR,ERR,ERR,ERR,ERR,ERR,ERR,ERR,ERR,ERR,ERR,ERR,ERR,ERR,ERR,ERR,ERR,ERR,ERR,ERR,ERR,ERR,ERR,ERR,ERR,ERR,ERR,ERR,ERR,ERR,ERR,ERR,ERR,ERR,ERR,ERR,ERR,ERR,ERR,ERR,ERR,ERR,ERR,ERR,ERR,ERR,ERR,ERR,ERR,ERR,ERR,ERR,ERR,ERR,ERR,ERR,ERR,ERR,ERR,ERR,ERR,ERR,ERR,ERR,ERR,ERR,ERR,ERR,ERR,ERR,ERR,ERR,ERR,ERR,-107615400.0,-107615392.0,0.0,-152005385388032.0,-2.012,1.3936040501711995e+18,7.805,0.0,0,0,4,48906,6720,14723890282496.0,100,0.0,0.0,0.0,0.0,0.0,0,0,0,0,0.0,0,0,0,0,0,0,0,0,0,0,0,0,0,0,0,0,0,0,0,0,0,0,0,0,0,0,0,0,0,0,0,0,0,26,51,50,76,65476,0,300,0,0,8,21553,0.0,-107605600.0,0.0,0.0,0.0,0.0,0.0,0.0,0.0,0.0,0.0,0.0,0.0,0.0,0.0,0.0,0.0,0.0,0.0,0.0,0.0,0.0,2.004,0.0,-0.0,0.0,0.0,0.0,0.0,0.0,4721.0,-0.0,7319.0,-107615400.0,-107615392.0,0.0,-0.0,0.0,0.0,0.0,0.0,77,-5.8480842052978964e+35,0.0,0.0,0.0,0.0,0.0,0.0,0.0,0.0,0,0,0,0.0,0.0,0.0,0.0,0.0,0.0,0.0,0.0,0.0,0.0,0.0,0.0,0.0,0.0,0.0,0.0,0,-107875648.0,77,0.0,154,0.0,2.6533922776413385e+23,ERR,ERR,ERR,ERR,ERR,ERR,ERR,ERR,ERR,ERR,ERR,ERR,ERR,ERR,ERR,ERR,ERR,ERR,ERR,ERR,ERR,ERR,ERR,ERR,ERR,ERR,ERR,ERR,ERR,ERR,ERR,ERR,ERR,ERR,ERR,ERR,ERR,ERR,ERR,ERR,ERR,ERR,ERR,ERR,ERR,ERR,ERR,ERR,ERR,ERR,ERR,ERR,ERR,ERR,ERR,ERR,ERR,ERR,ERR,ERR,ERR,ERR,ERR,ERR,ERR,ERR,ERR,34.0,80.0,35,0.0,0.0,0.0,0.0,0.0,0.0,0.0,0.0,0.0,0.0,0.0,0.0,0.0,0.0,0.0,0.0,66.0,0,121,58,54,65476,0,300,0,0,8,20529,65476,0,0,57672,80.0,0.0,0.0,0.0,0.0,0.0
2026-06-18T02:04:39,ERR,ERR,ERR,ERR,ERR,ERR,ERR,ERR,ERR,ERR,ERR,ERR,ERR,ERR,ERR,ERR,ERR,ERR,ERR,ERR,ERR,ERR,ERR,ERR,ERR,ERR,ERR,ERR,ERR,ERR,ERR,ERR,ERR,ERR,ERR,ERR,ERR,ERR,ERR,ERR,ERR,ERR,ERR,ERR,ERR,ERR,ERR,ERR,ERR,ERR,ERR,ERR,ERR,ERR,ERR,ERR,ERR,ERR,ERR,ERR,ERR,ERR,ERR,ERR,ERR,ERR,ERR,ERR,ERR,ERR,ERR,ERR,ERR,ERR,ERR,ERR,ERR,ERR,ERR,ERR,ERR,ERR,ERR,ERR,ERR,ERR,ERR,ERR,ERR,ERR,ERR,ERR,ERR,ERR,ERR,ERR,ERR,ERR,ERR,ERR,ERR,ERR,ERR,ERR,ERR,ERR,ERR,ERR,ERR,ERR,ERR,ERR,ERR,ERR,ERR,ERR,ERR,ERR,ERR,ERR,ERR,ERR,ERR,ERR,ERR,-107615400.0,-107615392.0,0.0,-152005385388032.0,-2.012,1.3936040501711995e+18,7.805,0.0,0,0,4,48906,6720,14723890282496.0,100,0.0,0.0,0.0,0.0,0.0,0,0,0,0,0.0,0,0,0,0,0,0,0,0,0,0,0,0,0,0,0,0,0,0,0,0,0,0,0,0,0,0,0,0,0,0,0,0,0,26,51,50,76,65476,0,300,0,0,8,21553,0.0,-107605600.0,0.0,0.0,0.0,0.0,0.0,0.0,0.0,0.0,0.0,0.0,0.0,0.0,0.0,0.0,0.0,0.0,0.0,0.0,0.0,0.0,2.004,0.0,-0.0,0.0,0.0,0.0,0.0,0.0,4721.0,-0.0,7319.0,-107615400.0,-107615392.0,0.0,-0.0,0.0,0.0,0.0,0.0,77,-5.8480842052978964e+35,0.0,0.0,0.0,0.0,0.0,0.0,0.0,0.0,0,0,0,0.0,0.0,0.0,0.0,0.0,0.0,0.0,0.0,0.0,0.0,0.0,0.0,0.0,0.0,0.0,0.0,0,-107875648.0,77,0.0,154,0.0,2.6533922776413385e+23,ERR,ERR,ERR,ERR,ERR,ERR,ERR,ERR,ERR,ERR,ERR,ERR,ERR,ERR,ERR,ERR,ERR,ERR,ERR,ERR,ERR,ERR,ERR,ERR,ERR,ERR,ERR,ERR,ERR,ERR,ERR,ERR,ERR,ERR,ERR,ERR,ERR,ERR,ERR,ERR,ERR,ERR,ERR,ERR,ERR,ERR,ERR,ERR,ERR,ERR,ERR,ERR,ERR,ERR,ERR,ERR,ERR,ERR,ERR,ERR,ERR,ERR,ERR,ERR,ERR,ERR,ERR,34.0,80.0,35,0.0,0.0,0.0,0.0,0.0,0.0,0.0,0.0,0.0,0.0,0.0,0.0,0.0,0.0,0.0,0.0,66.0,0,121,58,54,65476,0,300,0,0,8,20529,65476,0,0,57672,80.0,0.0,0.0,0.0,0.0,0.0
2026-06-18T02:04:40,ERR,ERR,ERR,ERR,ERR,ERR,ERR,ERR,ERR,ERR,ERR,ERR,ERR,ERR,ERR,ERR,ERR,ERR,ERR,ERR,ERR,ERR,ERR,ERR,ERR,ERR,ERR,ERR,ERR,ERR,ERR,ERR,ERR,ERR,ERR,ERR,ERR,ERR,ERR,ERR,ERR,ERR,ERR,ERR,ERR,ERR,ERR,ERR,ERR,ERR,ERR,ERR,ERR,ERR,ERR,ERR,ERR,ERR,ERR,ERR,ERR,ERR,ERR,ERR,ERR,ERR,ERR,ERR,ERR,ERR,ERR,ERR,ERR,ERR,ERR,ERR,ERR,ERR,ERR,ERR,ERR,ERR,ERR,ERR,ERR,ERR,ERR,ERR,ERR,ERR,ERR,ERR,ERR,ERR,ERR,ERR,ERR,ERR,ERR,ERR,ERR,ERR,ERR,ERR,ERR,ERR,ERR,ERR,ERR,ERR,ERR,ERR,ERR,ERR,ERR,ERR,ERR,ERR,ERR,ERR,ERR,ERR,ERR,ERR,ERR,-107615400.0,-107615392.0,0.0,-0.0,0.0,1.3936040501711995e+18,7.805,-0.0,0,0,4,48861,6720,14723890282496.0,100,0.0,0.0,0.0,2.718290229135658e+23,0.0,0,0,0,0,0.0,0,0,0,0,0,0,0,0,0,0,0,0,0,0,0,0,0,0,0,0,0,0,0,0,0,0,0,0,0,0,0,0,0,26,51,50,76,65476,0,300,0,0,8,21553,0.0,-107605600.0,0.0,0.0,0.0,0.0,0.0,0.0,0.0,0.0,0.0,0.0,0.0,0.0,0.0,0.0,0.0,0.0,0.0,0.0,0.0,0.0,2.004,0.0,-0.0,0.0,0.0,0.0,0.0,0.0,4719.0,-0.0,7315.0,-107615400.0,-107615392.0,0.0,-0.0,0.0,0.0,0.0,0.0,77,-4.066880858845495e+29,-3.22199834002519e+26,0.0,0.0,0.0,0.0,0.0,0.0,0.0,0,0,0,0.0,0.0,0.0,0.0,0.0,0.0,0.0,0.0,0.0,0.0,0.0,0.0,0.0,0.0,0.0,0.0,0,-107875648.0,77,0.0,154,0.0,2.6533922776413385e+23,ERR,ERR,ERR,ERR,ERR,ERR,ERR,ERR,ERR,ERR,ERR,ERR,ERR,ERR,ERR,ERR,ERR,ERR,ERR,ERR,ERR,ERR,ERR,ERR,ERR,ERR,ERR,ERR,ERR,ERR,ERR,ERR,ERR,ERR,ERR,ERR,ERR,ERR,ERR,ERR,ERR,ERR,ERR,ERR,ERR,ERR,ERR,ERR,ERR,ERR,ERR,ERR,ERR,ERR,ERR,ERR,ERR,ERR,ERR,ERR,ERR,ERR,ERR,ERR,ERR,ERR,ERR,34.0,80.0,35,0.0,0.0,0.0,0.0,0.0,0.0,0.0,0.0,0.0,0.0,0.0,0.0,0.0,0.0,0.0,0.0,66.0,0,121,58,54,65476,0,300,0,0,8,20529,65476,0,0,57672,80.0,0.0,0.0,0.0,0.0,0.0
2026-06-18T02:04:41,ERR,ERR,ERR,ERR,ERR,ERR,ERR,ERR,ERR,ERR,ERR,ERR,ERR,ERR,ERR,ERR,ERR,ERR,ERR,ERR,ERR,ERR,ERR,ERR,ERR,ERR,ERR,ERR,ERR,ERR,ERR,ERR,ERR,ERR,ERR,ERR,ERR,ERR,ERR,ERR,ERR,ERR,ERR,ERR,ERR,ERR,ERR,ERR,ERR,ERR,ERR,ERR,ERR,ERR,ERR,ERR,ERR,ERR,ERR,ERR,ERR,ERR,ERR,ERR,ERR,ERR,ERR,ERR,ERR,ERR,ERR,ERR,ERR,ERR,ERR,ERR,ERR,ERR,ERR,ERR,ERR,ERR,ERR,ERR,ERR,ERR,ERR,ERR,ERR,ERR,ERR,ERR,ERR,ERR,ERR,ERR,ERR,ERR,ERR,ERR,ERR,ERR,ERR,ERR,ERR,ERR,ERR,ERR,ERR,ERR,ERR,ERR,ERR,ERR,ERR,ERR,ERR,ERR,ERR,ERR,ERR,ERR,ERR,ERR,ERR,-107615400.0,-107615392.0,0.0,-0.0,0.0,1.3936040501711995e+18,7.805,-0.0,0,0,4,48861,6720,14723890282496.0,100,0.0,0.0,0.0,2.718290229135658e+23,0.0,0,0,0,0,0.0,0,0,0,0,0,0,0,0,0,0,0,0,0,0,0,0,0,0,0,0,0,0,0,0,0,0,0,0,0,0,0,0,0,26,51,50,76,65476,0,300,0,0,8,21553,0.0,-107605600.0,0.0,0.0,0.0,0.0,0.0,0.0,0.0,0.0,0.0,0.0,0.0,0.0,0.0,0.0,0.0,0.0,0.0,0.0,0.0,0.0,2.004,0.0,-0.0,0.0,0.0,0.0,0.0,0.0,4719.0,-0.0,7315.0,-107615400.0,-107615392.0,0.0,-0.0,0.0,0.0,0.0,0.0,77,-4.066880858845495e+29,-3.22199834002519e+26,0.0,0.0,0.0,0.0,0.0,0.0,0.0,0,0,0,0.0,0.0,0.0,0.0,0.0,0.0,0.0,0.0,0.0,0.0,0.0,0.0,0.0,0.0,0.0,0.0,0,-107875648.0,77,0.0,154,0.0,2.6533922776413385e+23,ERR,ERR,ERR,ERR,ERR,ERR,ERR,ERR,ERR,ERR,ERR,ERR,ERR,ERR,ERR,ERR,ERR,ERR,ERR,ERR,ERR,ERR,ERR,ERR,ERR,ERR,ERR,ERR,ERR,ERR,ERR,ERR,ERR,ERR,ERR,ERR,ERR,ERR,ERR,ERR,ERR,ERR,ERR,ERR,ERR,ERR,ERR,ERR,ERR,ERR,ERR,ERR,ERR,ERR,ERR,ERR,ERR,ERR,ERR,ERR,ERR,ERR,ERR,ERR,ERR,ERR,ERR,34.0,80.0,35,0.0,0.0,0.0,0.0,0.0,0.0,0.0,0.0,0.0,0.0,0.0,0.0,0.0,0.0,0.0,0.0,66.4,0,121,58,54,65476,0,300,0,0,8,20529,65476,0,0,57672,80.0,0.0,0.0,0.0,0.0,0.0
2026-06-18T02:04:42,ERR,ERR,ERR,ERR,ERR,ERR,ERR,ERR,ERR,ERR,ERR,ERR,ERR,ERR,ERR,ERR,ERR,ERR,ERR,ERR,ERR,ERR,ERR,ERR,ERR,ERR,ERR,ERR,ERR,ERR,ERR,ERR,ERR,ERR,ERR,ERR,ERR,ERR,ERR,ERR,ERR,ERR,ERR,ERR,ERR,ERR,ERR,ERR,ERR,ERR,ERR,ERR,ERR,ERR,ERR,ERR,ERR,ERR,ERR,ERR,ERR,ERR,ERR,ERR,ERR,ERR,ERR,ERR,ERR,ERR,ERR,ERR,ERR,ERR,ERR,ERR,ERR,ERR,ERR,ERR,ERR,ERR,ERR,ERR,ERR,ERR,ERR,ERR,ERR,ERR,ERR,ERR,ERR,ERR,ERR,ERR,ERR,ERR,ERR,ERR,ERR,ERR,ERR,ERR,ERR,ERR,ERR,ERR,ERR,ERR,ERR,ERR,ERR,ERR,ERR,ERR,ERR,ERR,ERR,ERR,ERR,ERR,ERR,ERR,ERR,-107615400.0,-107615392.0,0.0,-0.0,0.0,1.3936040501711995e+18,7.805,-0.0,0,0,4,48861,6720,14723890282496.0,100,0.0,0.0,0.0,2.718290229135658e+23,0.0,0,0,0,0,0.0,0,0,0,0,0,0,0,0,0,0,0,0,0,0,0,0,0,0,0,0,0,0,0,0,0,0,0,0,0,0,0,0,0,26,51,50,76,65476,0,300,0,0,8,21553,0.0,-107605600.0,0.0,0.0,0.0,0.0,0.0,0.0,0.0,0.0,0.0,0.0,0.0,0.0,0.0,0.0,0.0,0.0,0.0,0.0,0.0,0.0,2.004,0.0,-0.0,0.0,0.0,0.0,0.0,0.0,4719.0,-0.0,7315.0,-107615400.0,-107615392.0,0.0,-0.0,0.0,0.0,0.0,0.0,77,-4.066880858845495e+29,-3.22199834002519e+26,0.0,0.0,0.0,0.0,0.0,0.0,0.0,0,0,0,0.0,0.0,0.0,0.0,0.0,0.0,0.0,0.0,0.0,0.0,0.0,0.0,0.0,0.0,0.0,0.0,0,-107875648.0,77,0.0,154,0.0,2.6533922776413385e+23,ERR,ERR,ERR,ERR,ERR,ERR,ERR,ERR,ERR,ERR,ERR,ERR,ERR,ERR,ERR,ERR,ERR,ERR,ERR,ERR,ERR,ERR,ERR,ERR,ERR,ERR,ERR,ERR,ERR,ERR,ERR,ERR,ERR,ERR,ERR,ERR,ERR,ERR,ERR,ERR,ERR,ERR,ERR,ERR,ERR,ERR,ERR,ERR,ERR,ERR,ERR,ERR,ERR,ERR,ERR,ERR,ERR,ERR,ERR,ERR,ERR,ERR,ERR,ERR,ERR,ERR,ERR,34.0,80.0,35,0.0,0.0,0.0,0.0,0.0,0.0,0.0,0.0,0.0,0.0,0.0,0.0,0.0,0.0,0.0,0.0,66.4,0,121,58,54,65476,0,300,0,0,8,20529,65476,0,0,57672,80.0,0.0,0.0,0.0,0.0,0.0
2026-06-18T02:04:43,ERR,ERR,ERR,ERR,ERR,ERR,ERR,ERR,ERR,ERR,ERR,ERR,ERR,ERR,ERR,ERR,ERR,ERR,ERR,ERR,ERR,ERR,ERR,ERR,ERR,ERR,ERR,ERR,ERR,ERR,ERR,ERR,ERR,ERR,ERR,ERR,ERR,ERR,ERR,ERR,ERR,ERR,ERR,ERR,ERR,ERR,ERR,ERR,ERR,ERR,ERR,ERR,ERR,ERR,ERR,ERR,ERR,ERR,ERR,ERR,ERR,ERR,ERR,ERR,ERR,ERR,ERR,ERR,ERR,ERR,ERR,ERR,ERR,ERR,ERR,ERR,ERR,ERR,ERR,ERR,ERR,ERR,ERR,ERR,ERR,ERR,ERR,ERR,ERR,ERR,ERR,ERR,ERR,ERR,ERR,ERR,ERR,ERR,ERR,ERR,ERR,ERR,ERR,ERR,ERR,ERR,ERR,ERR,ERR,ERR,ERR,ERR,ERR,ERR,ERR,ERR,ERR,ERR,ERR,ERR,ERR,ERR,ERR,ERR,ERR,-107615400.0,-107615392.0,0.0,-0.0,0.0,1.3936040501711995e+18,7.805,-0.0,0,0,4,48861,6720,14723890282496.0,100,0.0,0.0,0.0,2.718290229135658e+23,0.0,0,0,0,0,0.0,0,0,0,0,0,0,0,0,0,0,0,0,0,0,0,0,0,0,0,0,0,0,0,0,0,0,0,0,0,0,0,0,0,26,51,50,76,65476,0,300,0,0,8,21553,0.0,-107605600.0,0.0,0.0,0.0,0.0,0.0,0.0,0.0,0.0,0.0,0.0,0.0,0.0,0.0,0.0,0.0,0.0,0.0,0.0,0.0,0.0,2.004,0.0,-0.0,0.0,0.0,0.0,0.0,0.0,4719.0,-0.0,7315.0,-107615400.0,-107615392.0,0.0,-0.0,0.0,0.0,0.0,0.0,77,-4.066880858845495e+29,-3.22199834002519e+26,0.0,0.0,0.0,0.0,0.0,0.0,0.0,0,0,0,0.0,0.0,0.0,0.0,0.0,0.0,0.0,0.0,0.0,0.0,0.0,0.0,0.0,0.0,0.0,0.0,0,-107875648.0,77,0.0,154,0.0,2.6533922776413385e+23,ERR,ERR,ERR,ERR,ERR,ERR,ERR,ERR,ERR,ERR,ERR,ERR,ERR,ERR,ERR,ERR,ERR,ERR,ERR,ERR,ERR,ERR,ERR,ERR,ERR,ERR,ERR,ERR,ERR,ERR,ERR,ERR,ERR,ERR,ERR,ERR,ERR,ERR,ERR,ERR,ERR,ERR,ERR,ERR,ERR,ERR,ERR,ERR,ERR,ERR,ERR,ERR,ERR,ERR,ERR,ERR,ERR,ERR,ERR,ERR,ERR,ERR,ERR,ERR,ERR,ERR,ERR,34.0,80.0,35,0.0,0.0,0.0,0.0,0.0,0.0,0.0,0.0,0.0,0.0,0.0,0.0,0.0,0.0,0.0,0.0,66.4,0,121,58,54,65476,0,300,0,0,8,20529,65476,0,0,57672,80.0,0.0,0.0,0.0,0.0,0.0
2026-06-18T02:04:44,ERR,ERR,ERR,ERR,ERR,ERR,ERR,ERR,ERR,ERR,ERR,ERR,ERR,ERR,ERR,ERR,ERR,ERR,ERR,ERR,ERR,ERR,ERR,ERR,ERR,ERR,ERR,ERR,ERR,ERR,ERR,ERR,ERR,ERR,ERR,ERR,ERR,ERR,ERR,ERR,ERR,ERR,ERR,ERR,ERR,ERR,ERR,ERR,ERR,ERR,ERR,ERR,ERR,ERR,ERR,ERR,ERR,ERR,ERR,ERR,ERR,ERR,ERR,ERR,ERR,ERR,ERR,ERR,ERR,ERR,ERR,ERR,ERR,ERR,ERR,ERR,ERR,ERR,ERR,ERR,ERR,ERR,ERR,ERR,ERR,ERR,ERR,ERR,ERR,ERR,ERR,ERR,ERR,ERR,ERR,ERR,ERR,ERR,ERR,ERR,ERR,ERR,ERR,ERR,ERR,ERR,ERR,ERR,ERR,ERR,ERR,ERR,ERR,ERR,ERR,ERR,ERR,ERR,ERR,ERR,ERR,ERR,ERR,ERR,ERR,-107615400.0,-107615392.0,0.0,-0.0,0.0,1.3936040501711995e+18,7.805,-0.0,0,0,4,48861,6720,14723890282496.0,100,0.0,0.0,0.0,2.718290229135658e+23,0.0,0,0,0,0,0.0,0,0,0,0,0,0,0,0,0,0,0,0,0,0,0,0,0,0,0,0,0,0,0,0,0,0,0,0,0,0,0,0,0,26,51,50,76,65476,0,300,0,0,8,21553,0.0,-107605600.0,0.0,0.0,0.0,0.0,0.0,0.0,0.0,0.0,0.0,0.0,0.0,0.0,0.0,0.0,0.0,0.0,0.0,0.0,0.0,0.0,2.004,0.0,-0.0,0.0,0.0,0.0,0.0,0.0,4719.0,-0.0,7315.0,-107615400.0,-107615392.0,0.0,-0.0,0.0,0.0,0.0,0.0,77,-4.066880858845495e+29,-3.22199834002519e+26,0.0,0.0,0.0,0.0,0.0,0.0,0.0,0,0,0,0.0,0.0,0.0,0.0,0.0,0.0,0.0,0.0,0.0,0.0,0.0,0.0,0.0,0.0,0.0,0.0,0,-107875648.0,77,0.0,154,0.0,2.6533922776413385e+23,ERR,ERR,ERR,ERR,ERR,ERR,ERR,ERR,ERR,ERR,ERR,ERR,ERR,ERR,ERR,ERR,ERR,ERR,ERR,ERR,ERR,ERR,ERR,ERR,ERR,ERR,ERR,ERR,ERR,ERR,ERR,ERR,ERR,ERR,ERR,ERR,ERR,ERR,ERR,ERR,ERR,ERR,ERR,ERR,ERR,ERR,ERR,ERR,ERR,ERR,ERR,ERR,ERR,ERR,ERR,ERR,ERR,ERR,ERR,ERR,ERR,ERR,ERR,ERR,ERR,ERR,ERR,34.0,80.0,35,0.0,0.0,0.0,0.0,0.0,0.0,0.0,0.0,0.0,0.0,0.0,0.0,0.0,0.0,0.0,0.0,66.4,0,121,58,54,65476,0,300,0,0,8,20529,65476,0,0,57672,80.0,0.0,0.0,0.0,0.0,0.0
2026-06-18T02:04:45,ERR,ERR,ERR,ERR,ERR,ERR,ERR,ERR,ERR,ERR,ERR,ERR,ERR,ERR,ERR,ERR,ERR,ERR,ERR,ERR,ERR,ERR,ERR,ERR,ERR,ERR,ERR,ERR,ERR,ERR,ERR,ERR,ERR,ERR,ERR,ERR,ERR,ERR,ERR,ERR,ERR,ERR,ERR,ERR,ERR,ERR,ERR,ERR,ERR,ERR,ERR,ERR,ERR,ERR,ERR,ERR,ERR,ERR,ERR,ERR,ERR,ERR,ERR,ERR,ERR,ERR,ERR,ERR,ERR,ERR,ERR,ERR,ERR,ERR,ERR,ERR,ERR,ERR,ERR,ERR,ERR,ERR,ERR,ERR,ERR,ERR,ERR,ERR,ERR,ERR,ERR,ERR,ERR,ERR,ERR,ERR,ERR,ERR,ERR,ERR,ERR,ERR,ERR,ERR,ERR,ERR,ERR,ERR,ERR,ERR,ERR,ERR,ERR,ERR,ERR,ERR,ERR,ERR,ERR,ERR,ERR,ERR,ERR,ERR,ERR,-107615400.0,-107615392.0,0.0,89215.008,-0.0,1.3936040501711995e+18,7.805,0.0,0,0,4,48906,6720,14723890282496.0,100,0.0,0.0,0.0,89215.008,0.0,0,0,0,0,0.0,0,0,0,0,0,0,0,0,0,0,0,0,0,0,0,0,0,0,0,0,0,0,0,0,0,0,0,0,0,0,0,0,0,26,51,50,76,65476,0,300,0,0,8,21553,0.0,-107605600.0,0.0,0.0,0.0,0.0,0.0,0.0,0.0,0.0,0.0,0.0,0.0,0.0,0.0,0.0,0.0,0.0,0.0,0.0,0.0,0.0,2.004,0.0,-0.0,0.0,0.0,0.0,0.0,0.0,4720.0,-0.0,7317.0,-107615400.0,-107615392.0,0.0,-0.0,0.0,0.0,0.0,0.0,77,-4.950429371599289e+32,0.0,0.0,0.0,0.0,0.0,0.0,0.0,0.0,0,0,0,0.0,0.0,0.0,0.0,0.0,0.0,0.0,0.0,0.0,0.0,0.0,0.0,0.0,0.0,0.0,0.0,0,-107875648.0,77,0.0,154,0.0,0.0,ERR,ERR,ERR,ERR,ERR,ERR,ERR,ERR,ERR,ERR,ERR,ERR,ERR,ERR,ERR,ERR,ERR,ERR,ERR,ERR,ERR,ERR,ERR,ERR,ERR,ERR,ERR,ERR,ERR,ERR,ERR,ERR,ERR,ERR,ERR,ERR,ERR,ERR,ERR,ERR,ERR,ERR,ERR,ERR,ERR,ERR,ERR,ERR,ERR,ERR,ERR,ERR,ERR,ERR,ERR,ERR,ERR,ERR,ERR,ERR,ERR,ERR,ERR,ERR,ERR,ERR,ERR,34.0,80.0,35,0.0,0.0,0.0,0.0,0.0,0.0,0.0,0.0,0.0,0.0,0.0,0.0,0.0,0.0,0.0,0.0,66.4,0,121,58,54,65476,0,300,0,0,8,20529,65476,0,0,57672,80.0,0.0,0.0,0.0,0.0,0.0
2026-06-18T02:04:46,ERR,ERR,ERR,ERR,ERR,ERR,ERR,ERR,ERR,ERR,ERR,ERR,ERR,ERR,ERR,ERR,ERR,ERR,ERR,ERR,ERR,ERR,ERR,ERR,ERR,ERR,ERR,ERR,ERR,ERR,ERR,ERR,ERR,ERR,ERR,ERR,ERR,ERR,ERR,ERR,ERR,ERR,ERR,ERR,ERR,ERR,ERR,ERR,ERR,ERR,ERR,ERR,ERR,ERR,ERR,ERR,ERR,ERR,ERR,ERR,ERR,ERR,ERR,ERR,ERR,ERR,ERR,ERR,ERR,ERR,ERR,ERR,ERR,ERR,ERR,ERR,ERR,ERR,ERR,ERR,ERR,ERR,ERR,ERR,ERR,ERR,ERR,ERR,ERR,ERR,ERR,ERR,ERR,ERR,ERR,ERR,ERR,ERR,ERR,ERR,ERR,ERR,ERR,ERR,ERR,ERR,ERR,ERR,ERR,ERR,ERR,ERR,ERR,ERR,ERR,ERR,ERR,ERR,ERR,ERR,ERR,ERR,ERR,ERR,ERR,-107615400.0,-107615392.0,0.0,89215.008,-0.0,1.3936040501711995e+18,7.805,0.0,0,0,4,48906,6720,14723890282496.0,100,0.0,0.0,0.0,89215.008,0.0,0,0,0,0,0.0,0,0,0,0,0,0,0,0,0,0,0,0,0,0,0,0,0,0,0,0,0,0,0,0,0,0,0,0,0,0,0,0,0,26,51,50,76,65476,0,300,0,0,8,21553,0.0,-107605600.0,0.0,0.0,0.0,0.0,0.0,0.0,0.0,0.0,0.0,0.0,0.0,0.0,0.0,0.0,0.0,0.0,0.0,0.0,0.0,0.0,2.004,0.0,-0.0,0.0,0.0,0.0,0.0,0.0,4720.0,-0.0,7317.0,-107615400.0,-107615392.0,0.0,-0.0,0.0,0.0,0.0,0.0,77,-4.950429371599289e+32,0.0,0.0,0.0,0.0,0.0,0.0,0.0,0.0,0,0,0,0.0,0.0,0.0,0.0,0.0,0.0,0.0,0.0,0.0,0.0,0.0,0.0,0.0,0.0,0.0,0.0,0,-107875648.0,77,0.0,154,0.0,0.0,ERR,ERR,ERR,ERR,ERR,ERR,ERR,ERR,ERR,ERR,ERR,ERR,ERR,ERR,ERR,ERR,ERR,ERR,ERR,ERR,ERR,ERR,ERR,ERR,ERR,ERR,ERR,ERR,ERR,ERR,ERR,ERR,ERR,ERR,ERR,ERR,ERR,ERR,ERR,ERR,ERR,ERR,ERR,ERR,ERR,ERR,ERR,ERR,ERR,ERR,ERR,ERR,ERR,ERR,ERR,ERR,ERR,ERR,ERR,ERR,ERR,ERR,ERR,ERR,ERR,ERR,ERR,34.0,80.0,35,0.0,0.0,0.0,0.0,0.0,0.0,0.0,0.0,0.0,0.0,0.0,0.0,0.0,0.0,0.0,0.0,66.0,0,121,58,54,65476,0,300,0,0,8,20529,65476,0,0,57672,80.0,0.0,0.0,0.0,0.0,0.0
2026-06-18T02:04:47,ERR,ERR,ERR,ERR,ERR,ERR,ERR,ERR,ERR,ERR,ERR,ERR,ERR,ERR,ERR,ERR,ERR,ERR,ERR,ERR,ERR,ERR,ERR,ERR,ERR,ERR,ERR,ERR,ERR,ERR,ERR,ERR,ERR,ERR,ERR,ERR,ERR,ERR,ERR,ERR,ERR,ERR,ERR,ERR,ERR,ERR,ERR,ERR,ERR,ERR,ERR,ERR,ERR,ERR,ERR,ERR,ERR,ERR,ERR,ERR,ERR,ERR,ERR,ERR,ERR,ERR,ERR,ERR,ERR,ERR,ERR,ERR,ERR,ERR,ERR,ERR,ERR,ERR,ERR,ERR,ERR,ERR,ERR,ERR,ERR,ERR,ERR,ERR,ERR,ERR,ERR,ERR,ERR,ERR,ERR,ERR,ERR,ERR,ERR,ERR,ERR,ERR,ERR,ERR,ERR,ERR,ERR,ERR,ERR,ERR,ERR,ERR,ERR,ERR,ERR,ERR,ERR,ERR,ERR,ERR,ERR,ERR,ERR,ERR,ERR,-107615400.0,-107615392.0,0.0,89215.008,-0.0,1.3936040501711995e+18,7.805,0.0,0,0,4,48906,6720,14723890282496.0,100,0.0,0.0,0.0,89215.008,0.0,0,0,0,0,0.0,0,0,0,0,0,0,0,0,0,0,0,0,0,0,0,0,0,0,0,0,0,0,0,0,0,0,0,0,0,0,0,0,0,26,51,50,76,65476,0,300,0,0,8,21553,0.0,-107605600.0,0.0,0.0,0.0,0.0,0.0,0.0,0.0,0.0,0.0,0.0,0.0,0.0,0.0,0.0,0.0,0.0,0.0,0.0,0.0,0.0,2.004,0.0,-0.0,0.0,0.0,0.0,0.0,0.0,4720.0,-0.0,7317.0,-107615400.0,-107615392.0,0.0,-0.0,0.0,0.0,0.0,0.0,77,-4.950429371599289e+32,0.0,0.0,0.0,0.0,0.0,0.0,0.0,0.0,0,0,0,0.0,0.0,0.0,0.0,0.0,0.0,0.0,0.0,0.0,0.0,0.0,0.0,0.0,0.0,0.0,0.0,0,-107875648.0,77,0.0,154,0.0,0.0,ERR,ERR,ERR,ERR,ERR,ERR,ERR,ERR,ERR,ERR,ERR,ERR,ERR,ERR,ERR,ERR,ERR,ERR,ERR,ERR,ERR,ERR,ERR,ERR,ERR,ERR,ERR,ERR,ERR,ERR,ERR,ERR,ERR,ERR,ERR,ERR,ERR,ERR,ERR,ERR,ERR,ERR,ERR,ERR,ERR,ERR,ERR,ERR,ERR,ERR,ERR,ERR,ERR,ERR,ERR,ERR,ERR,ERR,ERR,ERR,ERR,ERR,ERR,ERR,ERR,ERR,ERR,34.0,80.0,35,0.0,0.0,0.0,0.0,0.0,0.0,0.0,0.0,0.0,0.0,0.0,0.0,0.0,0.0,0.0,0.0,66.0,0,121,58,54,65476,0,300,0,0,8,20529,65476,0,0,57672,80.0,0.0,0.0,0.0,0.0,0.0
2026-06-18T02:04:48,ERR,ERR,ERR,ERR,ERR,ERR,ERR,ERR,ERR,ERR,ERR,ERR,ERR,ERR,ERR,ERR,ERR,ERR,ERR,ERR,ERR,ERR,ERR,ERR,ERR,ERR,ERR,ERR,ERR,ERR,ERR,ERR,ERR,ERR,ERR,ERR,ERR,ERR,ERR,ERR,ERR,ERR,ERR,ERR,ERR,ERR,ERR,ERR,ERR,ERR,ERR,ERR,ERR,ERR,ERR,ERR,ERR,ERR,ERR,ERR,ERR,ERR,ERR,ERR,ERR,ERR,ERR,ERR,ERR,ERR,ERR,ERR,ERR,ERR,ERR,ERR,ERR,ERR,ERR,ERR,ERR,ERR,ERR,ERR,ERR,ERR,ERR,ERR,ERR,ERR,ERR,ERR,ERR,ERR,ERR,ERR,ERR,ERR,ERR,ERR,ERR,ERR,ERR,ERR,ERR,ERR,ERR,ERR,ERR,ERR,ERR,ERR,ERR,ERR,ERR,ERR,ERR,ERR,ERR,ERR,ERR,ERR,ERR,ERR,ERR,-107615400.0,-107615392.0,0.0,89215.008,-0.0,1.3936040501711995e+18,7.805,0.0,0,0,4,48906,6720,14723890282496.0,100,0.0,0.0,0.0,89215.008,0.0,0,0,0,0,0.0,0,0,0,0,0,0,0,0,0,0,0,0,0,0,0,0,0,0,0,0,0,0,0,0,0,0,0,0,0,0,0,0,0,26,51,50,76,65476,0,300,0,0,8,21553,0.0,-107605600.0,0.0,0.0,0.0,0.0,0.0,0.0,0.0,0.0,0.0,0.0,0.0,0.0,0.0,0.0,0.0,0.0,0.0,0.0,0.0,0.0,2.004,0.0,-0.0,0.0,0.0,0.0,0.0,0.0,4720.0,-0.0,7317.0,-107615400.0,-107615392.0,0.0,-0.0,0.0,0.0,0.0,0.0,77,-4.950429371599289e+32,0.0,0.0,0.0,0.0,0.0,0.0,0.0,0.0,0,0,0,0.0,0.0,0.0,0.0,0.0,0.0,0.0,0.0,0.0,0.0,0.0,0.0,0.0,0.0,0.0,0.0,0,-107875648.0,77,0.0,154,0.0,0.0,ERR,ERR,ERR,ERR,ERR,ERR,ERR,ERR,ERR,ERR,ERR,ERR,ERR,ERR,ERR,ERR,ERR,ERR,ERR,ERR,ERR,ERR,ERR,ERR,ERR,ERR,ERR,ERR,ERR,ERR,ERR,ERR,ERR,ERR,ERR,ERR,ERR,ERR,ERR,ERR,ERR,ERR,ERR,ERR,ERR,ERR,ERR,ERR,ERR,ERR,ERR,ERR,ERR,ERR,ERR,ERR,ERR,ERR,ERR,ERR,ERR,ERR,ERR,ERR,ERR,ERR,ERR,34.0,80.0,35,0.0,0.0,0.0,0.0,0.0,0.0,0.0,0.0,0.0,0.0,0.0,0.0,0.0,0.0,0.0,0.0,66.0,0,121,58,54,65476,0,300,0,0,8,20529,65476,0,0,57672,80.0,0.0,0.0,0.0,0.0,0.0
2026-06-18T02:04:49,ERR,ERR,ERR,ERR,ERR,ERR,ERR,ERR,ERR,ERR,ERR,ERR,ERR,ERR,ERR,ERR,ERR,ERR,ERR,ERR,ERR,ERR,ERR,ERR,ERR,ERR,ERR,ERR,ERR,ERR,ERR,ERR,ERR,ERR,ERR,ERR,ERR,ERR,ERR,ERR,ERR,ERR,ERR,ERR,ERR,ERR,ERR,ERR,ERR,ERR,ERR,ERR,ERR,ERR,ERR,ERR,ERR,ERR,ERR,ERR,ERR,ERR,ERR,ERR,ERR,ERR,ERR,ERR,ERR,ERR,ERR,ERR,ERR,ERR,ERR,ERR,ERR,ERR,ERR,ERR,ERR,ERR,ERR,ERR,ERR,ERR,ERR,ERR,ERR,ERR,ERR,ERR,ERR,ERR,ERR,ERR,ERR,ERR,ERR,ERR,ERR,ERR,ERR,ERR,ERR,ERR,ERR,ERR,ERR,ERR,ERR,ERR,ERR,ERR,ERR,ERR,ERR,ERR,ERR,ERR,ERR,ERR,ERR,ERR,ERR,-107615400.0,-107615392.0,0.0,89215.008,-0.0,1.3936040501711995e+18,7.805,0.0,0,0,4,48906,6720,14723890282496.0,100,0.0,0.0,0.0,89215.008,0.0,0,0,0,0,0.0,0,0,0,0,0,0,0,0,0,0,0,0,0,0,0,0,0,0,0,0,0,0,0,0,0,0,0,0,0,0,0,0,0,26,51,50,76,65476,0,300,0,0,8,21553,0.0,-107605600.0,0.0,0.0,0.0,0.0,0.0,0.0,0.0,0.0,0.0,0.0,0.0,0.0,0.0,0.0,0.0,0.0,0.0,0.0,0.0,0.0,2.004,0.0,-0.0,0.0,0.0,0.0,0.0,0.0,4720.0,-0.0,7317.0,-107615400.0,-107615392.0,0.0,-0.0,0.0,0.0,0.0,0.0,77,-4.950429371599289e+32,0.0,0.0,0.0,0.0,0.0,0.0,0.0,0.0,0,0,0,0.0,0.0,0.0,0.0,0.0,0.0,0.0,0.0,0.0,0.0,0.0,0.0,0.0,0.0,0.0,0.0,0,-107875648.0,77,0.0,154,0.0,0.0,ERR,ERR,ERR,ERR,ERR,ERR,ERR,ERR,ERR,ERR,ERR,ERR,ERR,ERR,ERR,ERR,ERR,ERR,ERR,ERR,ERR,ERR,ERR,ERR,ERR,ERR,ERR,ERR,ERR,ERR,ERR,ERR,ERR,ERR,ERR,ERR,ERR,ERR,ERR,ERR,ERR,ERR,ERR,ERR,ERR,ERR,ERR,ERR,ERR,ERR,ERR,ERR,ERR,ERR,ERR,ERR,ERR,ERR,ERR,ERR,ERR,ERR,ERR,ERR,ERR,ERR,ERR,34.0,80.0,35,0.0,0.0,0.0,0.0,0.0,0.0,0.0,0.0,0.0,0.0,0.0,0.0,0.0,0.0,0.0,0.0,66.0,0,121,58,54,65476,0,300,0,0,8,20529,65476,0,0,57672,80.0,0.0,0.0,0.0,0.0,0.0
2026-06-18T02:04:50,ERR,ERR,ERR,ERR,ERR,ERR,ERR,ERR,ERR,ERR,ERR,ERR,ERR,ERR,ERR,ERR,ERR,ERR,ERR,ERR,ERR,ERR,ERR,ERR,ERR,ERR,ERR,ERR,ERR,ERR,ERR,ERR,ERR,ERR,ERR,ERR,ERR,ERR,ERR,ERR,ERR,ERR,ERR,ERR,ERR,ERR,ERR,ERR,ERR,ERR,ERR,ERR,ERR,ERR,ERR,ERR,ERR,ERR,ERR,ERR,ERR,ERR,ERR,ERR,ERR,ERR,ERR,ERR,ERR,ERR,ERR,ERR,ERR,ERR,ERR,ERR,ERR,ERR,ERR,ERR,ERR,ERR,ERR,ERR,ERR,ERR,ERR,ERR,ERR,ERR,ERR,ERR,ERR,ERR,ERR,ERR,ERR,ERR,ERR,ERR,ERR,ERR,ERR,ERR,ERR,ERR,ERR,ERR,ERR,ERR,ERR,ERR,ERR,ERR,ERR,ERR,ERR,ERR,ERR,ERR,ERR,ERR,ERR,ERR,ERR,-107615400.0,-107615392.0,0.0,-4.9501291711397626e+32,-2.012,1.3936040501711995e+18,7.805,8.558351388217734e+28,0,0,4,48906,6720,14723890282496.0,100,0.0,0.0,0.0,0.059,0.0,0,0,0,0,0.0,0,0,0,0,0,0,0,0,0,0,0,0,0,0,0,0,0,0,0,0,0,0,0,0,0,0,0,0,0,0,0,0,0,26,51,50,76,65476,0,300,0,0,8,21553,0.0,-107605600.0,0.0,0.0,0.0,0.0,0.0,0.0,0.0,0.0,0.0,0.0,0.0,0.0,0.0,0.0,0.0,0.0,0.0,0.0,0.0,0.0,2.004,0.0,-0.0,0.0,0.0,0.0,0.0,0.0,4720.0,-0.0,7315.0,-107615400.0,-107615392.0,0.0,-0.0,0.0,0.0,0.0,0.0,77,-4.950429371599289e+32,-3.22199834002519e+26,0.0,0.0,0.0,0.0,0.0,0.0,0.0,0,0,0,0.0,0.0,0.0,0.0,0.0,0.0,0.0,0.0,0.0,0.0,0.0,0.0,0.0,0.0,0.0,0.0,0,-107875648.0,77,0.0,154,0.0,2.6533922776413385e+23,ERR,ERR,ERR,ERR,ERR,ERR,ERR,ERR,ERR,ERR,ERR,ERR,ERR,ERR,ERR,ERR,ERR,ERR,ERR,ERR,ERR,ERR,ERR,ERR,ERR,ERR,ERR,ERR,ERR,ERR,ERR,ERR,ERR,ERR,ERR,ERR,ERR,ERR,ERR,ERR,ERR,ERR,ERR,ERR,ERR,ERR,ERR,ERR,ERR,ERR,ERR,ERR,ERR,ERR,ERR,ERR,ERR,ERR,ERR,ERR,ERR,ERR,ERR,ERR,ERR,ERR,ERR,34.0,80.0,35,0.0,0.0,0.0,0.0,0.0,0.0,0.0,0.0,0.0,0.0,0.0,0.0,0.0,0.0,0.0,0.0,66.0,0,121,58,54,65476,0,300,0,0,8,20529,65476,0,0,57672,80.0,0.0,0.0,0.0,0.0,0.0
2026-06-18T02:04:51,ERR,ERR,ERR,ERR,ERR,ERR,ERR,ERR,ERR,ERR,ERR,ERR,ERR,ERR,ERR,ERR,ERR,ERR,ERR,ERR,ERR,ERR,ERR,ERR,ERR,ERR,ERR,ERR,ERR,ERR,ERR,ERR,ERR,ERR,ERR,ERR,ERR,ERR,ERR,ERR,ERR,ERR,ERR,ERR,ERR,ERR,ERR,ERR,ERR,ERR,ERR,ERR,ERR,ERR,ERR,ERR,ERR,ERR,ERR,ERR,ERR,ERR,ERR,ERR,ERR,ERR,ERR,ERR,ERR,ERR,ERR,ERR,ERR,ERR,ERR,ERR,ERR,ERR,ERR,ERR,ERR,ERR,ERR,ERR,ERR,ERR,ERR,ERR,ERR,ERR,ERR,ERR,ERR,ERR,ERR,ERR,ERR,ERR,ERR,ERR,ERR,ERR,ERR,ERR,ERR,ERR,ERR,ERR,ERR,ERR,ERR,ERR,ERR,ERR,ERR,ERR,ERR,ERR,ERR,ERR,ERR,ERR,ERR,ERR,ERR,-107615400.0,-107615392.0,0.0,-4.9501291711397626e+32,-2.012,1.3936040501711995e+18,7.805,8.558351388217734e+28,0,0,4,48906,6720,14723890282496.0,100,0.0,0.0,0.0,0.059,0.0,0,0,0,0,0.0,0,0,0,0,0,0,0,0,0,0,0,0,0,0,0,0,0,0,0,0,0,0,0,0,0,0,0,0,0,0,0,0,0,26,51,50,76,65476,0,300,0,0,8,21553,0.0,-107605600.0,0.0,0.0,0.0,0.0,0.0,0.0,0.0,0.0,0.0,0.0,0.0,0.0,0.0,0.0,0.0,0.0,0.0,0.0,0.0,0.0,2.004,0.0,-0.0,0.0,0.0,0.0,0.0,0.0,4720.0,-0.0,7315.0,-107615400.0,-107615392.0,0.0,-0.0,0.0,0.0,0.0,0.0,77,-4.950429371599289e+32,-3.22199834002519e+26,0.0,0.0,0.0,0.0,0.0,0.0,0.0,0,0,0,0.0,0.0,0.0,0.0,0.0,0.0,0.0,0.0,0.0,0.0,0.0,0.0,0.0,0.0,0.0,0.0,0,-107875648.0,77,0.0,154,0.0,2.6533922776413385e+23,ERR,ERR,ERR,ERR,ERR,ERR,ERR,ERR,ERR,ERR,ERR,ERR,ERR,ERR,ERR,ERR,ERR,ERR,ERR,ERR,ERR,ERR,ERR,ERR,ERR,ERR,ERR,ERR,ERR,ERR,ERR,ERR,ERR,ERR,ERR,ERR,ERR,ERR,ERR,ERR,ERR,ERR,ERR,ERR,ERR,ERR,ERR,ERR,ERR,ERR,ERR,ERR,ERR,ERR,ERR,ERR,ERR,ERR,ERR,ERR,ERR,ERR,ERR,ERR,ERR,ERR,ERR,34.0,80.0,35,0.0,0.0,0.0,0.0,0.0,0.0,0.0,0.0,0.0,0.0,0.0,0.0,0.0,0.0,0.0,0.0,66.0,0,121,58,54,65476,0,300,0,0,8,20529,65476,0,0,57672,80.0,0.0,0.0,0.0,0.0,0.0
2026-06-18T02:04:52,ERR,ERR,ERR,ERR,ERR,ERR,ERR,ERR,ERR,ERR,ERR,ERR,ERR,ERR,ERR,ERR,ERR,ERR,ERR,ERR,ERR,ERR,ERR,ERR,ERR,ERR,ERR,ERR,ERR,ERR,ERR,ERR,ERR,ERR,ERR,ERR,ERR,ERR,ERR,ERR,ERR,ERR,ERR,ERR,ERR,ERR,ERR,ERR,ERR,ERR,ERR,ERR,ERR,ERR,ERR,ERR,ERR,ERR,ERR,ERR,ERR,ERR,ERR,ERR,ERR,ERR,ERR,ERR,ERR,ERR,ERR,ERR,ERR,ERR,ERR,ERR,ERR,ERR,ERR,ERR,ERR,ERR,ERR,ERR,ERR,ERR,ERR,ERR,ERR,ERR,ERR,ERR,ERR,ERR,ERR,ERR,ERR,ERR,ERR,ERR,ERR,ERR,ERR,ERR,ERR,ERR,ERR,ERR,ERR,ERR,ERR,ERR,ERR,ERR,ERR,ERR,ERR,ERR,ERR,ERR,ERR,ERR,ERR,ERR,ERR,-107615400.0,-107615392.0,0.0,-4.9501291711397626e+32,-2.012,1.3936040501711995e+18,7.805,8.558351388217734e+28,0,0,4,48906,6720,14723890282496.0,100,0.0,0.0,0.0,0.059,0.0,0,0,0,0,0.0,0,0,0,0,0,0,0,0,0,0,0,0,0,0,0,0,0,0,0,0,0,0,0,0,0,0,0,0,0,0,0,0,0,26,51,50,76,65476,0,300,0,0,8,21553,0.0,-107605600.0,0.0,0.0,0.0,0.0,0.0,0.0,0.0,0.0,0.0,0.0,0.0,0.0,0.0,0.0,0.0,0.0,0.0,0.0,0.0,0.0,2.004,0.0,-0.0,0.0,0.0,0.0,0.0,0.0,4720.0,-0.0,7315.0,-107615400.0,-107615392.0,0.0,-0.0,0.0,0.0,0.0,0.0,77,-4.950429371599289e+32,-3.22199834002519e+26,0.0,0.0,0.0,0.0,0.0,0.0,0.0,0,0,0,0.0,0.0,0.0,0.0,0.0,0.0,0.0,0.0,0.0,0.0,0.0,0.0,0.0,0.0,0.0,0.0,0,-107875648.0,77,0.0,154,0.0,2.6533922776413385e+23,ERR,ERR,ERR,ERR,ERR,ERR,ERR,ERR,ERR,ERR,ERR,ERR,ERR,ERR,ERR,ERR,ERR,ERR,ERR,ERR,ERR,ERR,ERR,ERR,ERR,ERR,ERR,ERR,ERR,ERR,ERR,ERR,ERR,ERR,ERR,ERR,ERR,ERR,ERR,ERR,ERR,ERR,ERR,ERR,ERR,ERR,ERR,ERR,ERR,ERR,ERR,ERR,ERR,ERR,ERR,ERR,ERR,ERR,ERR,ERR,ERR,ERR,ERR,ERR,ERR,ERR,ERR,34.0,80.0,35,0.0,0.0,0.0,0.0,0.0,0.0,0.0,0.0,0.0,0.0,0.0,0.0,0.0,0.0,0.0,0.0,66.0,0,121,58,54,65476,0,300,0,0,8,20529,65476,0,0,57672,80.0,0.0,0.0,0.0,0.0,0.0
2026-06-18T02:04:53,ERR,ERR,ERR,ERR,ERR,ERR,ERR,ERR,ERR,ERR,ERR,ERR,ERR,ERR,ERR,ERR,ERR,ERR,ERR,ERR,ERR,ERR,ERR,ERR,ERR,ERR,ERR,ERR,ERR,ERR,ERR,ERR,ERR,ERR,ERR,ERR,ERR,ERR,ERR,ERR,ERR,ERR,ERR,ERR,ERR,ERR,ERR,ERR,ERR,ERR,ERR,ERR,ERR,ERR,ERR,ERR,ERR,ERR,ERR,ERR,ERR,ERR,ERR,ERR,ERR,ERR,ERR,ERR,ERR,ERR,ERR,ERR,ERR,ERR,ERR,ERR,ERR,ERR,ERR,ERR,ERR,ERR,ERR,ERR,ERR,ERR,ERR,ERR,ERR,ERR,ERR,ERR,ERR,ERR,ERR,ERR,ERR,ERR,ERR,ERR,ERR,ERR,ERR,ERR,ERR,ERR,ERR,ERR,ERR,ERR,ERR,ERR,ERR,ERR,ERR,ERR,ERR,ERR,ERR,ERR,ERR,ERR,ERR,ERR,ERR,-107615400.0,-107615392.0,0.0,-4.9501291711397626e+32,-2.012,1.3936040501711995e+18,7.805,8.558351388217734e+28,0,0,4,48906,6720,14723890282496.0,100,0.0,0.0,0.0,0.059,0.0,0,0,0,0,0.0,0,0,0,0,0,0,0,0,0,0,0,0,0,0,0,0,0,0,0,0,0,0,0,0,0,0,0,0,0,0,0,0,0,26,51,50,76,65476,0,300,0,0,8,21553,0.0,-107605600.0,0.0,0.0,0.0,0.0,0.0,0.0,0.0,0.0,0.0,0.0,0.0,0.0,0.0,0.0,0.0,0.0,0.0,0.0,0.0,0.0,2.004,0.0,-0.0,0.0,0.0,0.0,0.0,0.0,4720.0,-0.0,7315.0,-107615400.0,-107615392.0,0.0,-0.0,0.0,0.0,0.0,0.0,77,-4.950429371599289e+32,-3.22199834002519e+26,0.0,0.0,0.0,0.0,0.0,0.0,0.0,0,0,0,0.0,0.0,0.0,0.0,0.0,0.0,0.0,0.0,0.0,0.0,0.0,0.0,0.0,0.0,0.0,0.0,0,-107875648.0,77,0.0,154,0.0,2.6533922776413385e+23,ERR,ERR,ERR,ERR,ERR,ERR,ERR,ERR,ERR,ERR,ERR,ERR,ERR,ERR,ERR,ERR,ERR,ERR,ERR,ERR,ERR,ERR,ERR,ERR,ERR,ERR,ERR,ERR,ERR,ERR,ERR,ERR,ERR,ERR,ERR,ERR,ERR,ERR,ERR,ERR,ERR,ERR,ERR,ERR,ERR,ERR,ERR,ERR,ERR,ERR,ERR,ERR,ERR,ERR,ERR,ERR,ERR,ERR,ERR,ERR,ERR,ERR,ERR,ERR,ERR,ERR,ERR,34.0,80.0,35,0.0,0.0,0.0,0.0,0.0,0.0,0.0,0.0,0.0,0.0,0.0,0.0,0.0,0.0,0.0,0.0,66.0,0,121,58,54,65476,0,300,0,0,8,20529,65476,0,0,57672,80.0,0.0,0.0,0.0,0.0,0.0
2026-06-18T02:04:54,ERR,ERR,ERR,ERR,ERR,ERR,ERR,ERR,ERR,ERR,ERR,ERR,ERR,ERR,ERR,ERR,ERR,ERR,ERR,ERR,ERR,ERR,ERR,ERR,ERR,ERR,ERR,ERR,ERR,ERR,ERR,ERR,ERR,ERR,ERR,ERR,ERR,ERR,ERR,ERR,ERR,ERR,ERR,ERR,ERR,ERR,ERR,ERR,ERR,ERR,ERR,ERR,ERR,ERR,ERR,ERR,ERR,ERR,ERR,ERR,ERR,ERR,ERR,ERR,ERR,ERR,ERR,ERR,ERR,ERR,ERR,ERR,ERR,ERR,ERR,ERR,ERR,ERR,ERR,ERR,ERR,ERR,ERR,ERR,ERR,ERR,ERR,ERR,ERR,ERR,ERR,ERR,ERR,ERR,ERR,ERR,ERR,ERR,ERR,ERR,ERR,ERR,ERR,ERR,ERR,ERR,ERR,ERR,ERR,ERR,ERR,ERR,ERR,ERR,ERR,ERR,ERR,ERR,ERR,ERR,ERR,ERR,ERR,ERR,ERR,-107615400.0,-107615392.0,0.0,-4.9501291711397626e+32,-2.012,1.3936040501711995e+18,7.805,8.558351388217734e+28,0,0,4,48906,6720,14723890282496.0,100,0.0,0.0,0.0,0.059,0.0,0,0,0,0,0.0,0,0,0,0,0,0,0,0,0,0,0,0,0,0,0,0,0,0,0,0,0,0,0,0,0,0,0,0,0,0,0,0,0,26,51,50,76,65476,0,300,0,0,8,21553,0.0,-107605600.0,0.0,0.0,0.0,0.0,0.0,0.0,0.0,0.0,0.0,0.0,0.0,0.0,0.0,0.0,0.0,0.0,0.0,0.0,0.0,0.0,2.004,0.0,-0.0,0.0,0.0,0.0,0.0,0.0,4720.0,-0.0,7315.0,-107615400.0,-107615392.0,0.0,-0.0,0.0,0.0,0.0,0.0,77,-4.950429371599289e+32,-3.22199834002519e+26,0.0,0.0,0.0,0.0,0.0,0.0,0.0,0,0,0,0.0,0.0,0.0,0.0,0.0,0.0,0.0,0.0,0.0,0.0,0.0,0.0,0.0,0.0,0.0,0.0,0,-107875648.0,77,0.0,154,0.0,2.6533922776413385e+23,ERR,ERR,ERR,ERR,ERR,ERR,ERR,ERR,ERR,ERR,ERR,ERR,ERR,ERR,ERR,ERR,ERR,ERR,ERR,ERR,ERR,ERR,ERR,ERR,ERR,ERR,ERR,ERR,ERR,ERR,ERR,ERR,ERR,ERR,ERR,ERR,ERR,ERR,ERR,ERR,ERR,ERR,ERR,ERR,ERR,ERR,ERR,ERR,ERR,ERR,ERR,ERR,ERR,ERR,ERR,ERR,ERR,ERR,ERR,ERR,ERR,ERR,ERR,ERR,ERR,ERR,ERR,34.0,80.0,35,0.0,0.0,0.0,0.0,0.0,0.0,0.0,0.0,0.0,0.0,0.0,0.0,0.0,0.0,0.0,0.0,66.4,0,121,58,54,65476,0,300,0,0,8,20529,65476,0,0,57672,80.0,0.0,0.0,0.0,0.0,0.0
2026-06-18T02:04:55,ERR,ERR,ERR,ERR,ERR,ERR,ERR,ERR,ERR,ERR,ERR,ERR,ERR,ERR,ERR,ERR,ERR,ERR,ERR,ERR,ERR,ERR,ERR,ERR,ERR,ERR,ERR,ERR,ERR,ERR,ERR,ERR,ERR,ERR,ERR,ERR,ERR,ERR,ERR,ERR,ERR,ERR,ERR,ERR,ERR,ERR,ERR,ERR,ERR,ERR,ERR,ERR,ERR,ERR,ERR,ERR,ERR,ERR,ERR,ERR,ERR,ERR,ERR,ERR,ERR,ERR,ERR,ERR,ERR,ERR,ERR,ERR,ERR,ERR,ERR,ERR,ERR,ERR,ERR,ERR,ERR,ERR,ERR,ERR,ERR,ERR,ERR,ERR,ERR,ERR,ERR,ERR,ERR,ERR,ERR,ERR,ERR,ERR,ERR,ERR,ERR,ERR,ERR,ERR,ERR,ERR,ERR,ERR,ERR,ERR,ERR,ERR,ERR,ERR,ERR,ERR,ERR,ERR,ERR,ERR,ERR,ERR,ERR,ERR,ERR,-107615400.0,-107615392.0,0.0,-0.0,-0.0,1.3936040501711995e+18,7.805,0.0,0,0,4,48902,6720,14723890282496.0,100,0.0,0.0,0.0,-0.0,0.0,0,0,0,0,0.0,0,0,0,0,0,0,0,0,0,0,0,0,0,0,0,0,0,0,0,0,0,0,0,0,0,0,0,0,0,0,0,0,0,26,51,50,76,65476,0,300,0,0,8,21553,0.0,-107605600.0,0.0,0.0,0.0,0.0,0.0,0.0,0.0,0.0,0.0,0.0,0.0,0.0,0.0,0.0,0.0,0.0,0.0,0.0,0.0,0.0,2.004,0.0,-0.0,0.0,0.0,0.0,0.0,0.0,4710.0,-0.0,7315.0,-107615400.0,-107615392.0,0.0,-0.0,0.0,0.0,0.0,0.0,77,-71.63,-3.22199834002519e+26,0.0,0.0,0.0,0.0,0.0,0.0,0.0,0,0,0,0.0,0.0,0.0,0.0,0.0,0.0,0.0,0.0,0.0,0.0,0.0,0.0,0.0,0.0,0.0,0.0,0,-107875648.0,77,0.0,154,0.0,0.0,ERR,ERR,ERR,ERR,ERR,ERR,ERR,ERR,ERR,ERR,ERR,ERR,ERR,ERR,ERR,ERR,ERR,ERR,ERR,ERR,ERR,ERR,ERR,ERR,ERR,ERR,ERR,ERR,ERR,ERR,ERR,ERR,ERR,ERR,ERR,ERR,ERR,ERR,ERR,ERR,ERR,ERR,ERR,ERR,ERR,ERR,ERR,ERR,ERR,ERR,ERR,ERR,ERR,ERR,ERR,ERR,ERR,ERR,ERR,ERR,ERR,ERR,ERR,ERR,ERR,ERR,ERR,34.0,80.0,35,0.0,0.0,0.0,0.0,0.0,0.0,0.0,0.0,0.0,0.0,0.0,0.0,0.0,0.0,0.0,0.0,66.0,0,121,58,54,65476,0,300,0,0,8,20529,65476,0,0,57672,80.0,0.0,0.0,0.0,0.0,0.0
2026-06-18T02:04:56,ERR,ERR,ERR,ERR,ERR,ERR,ERR,ERR,ERR,ERR,ERR,ERR,ERR,ERR,ERR,ERR,ERR,ERR,ERR,ERR,ERR,ERR,ERR,ERR,ERR,ERR,ERR,ERR,ERR,ERR,ERR,ERR,ERR,ERR,ERR,ERR,ERR,ERR,ERR,ERR,ERR,ERR,ERR,ERR,ERR,ERR,ERR,ERR,ERR,ERR,ERR,ERR,ERR,ERR,ERR,ERR,ERR,ERR,ERR,ERR,ERR,ERR,ERR,ERR,ERR,ERR,ERR,ERR,ERR,ERR,ERR,ERR,ERR,ERR,ERR,ERR,ERR,ERR,ERR,ERR,ERR,ERR,ERR,ERR,ERR,ERR,ERR,ERR,ERR,ERR,ERR,ERR,ERR,ERR,ERR,ERR,ERR,ERR,ERR,ERR,ERR,ERR,ERR,ERR,ERR,ERR,ERR,ERR,ERR,ERR,ERR,ERR,ERR,ERR,ERR,ERR,ERR,ERR,ERR,ERR,ERR,ERR,ERR,ERR,ERR,-107615400.0,-107615392.0,0.0,-0.0,-0.0,1.3936040501711995e+18,7.805,0.0,0,0,4,48902,6720,14723890282496.0,100,0.0,0.0,0.0,-0.0,0.0,0,0,0,0,0.0,0,0,0,0,0,0,0,0,0,0,0,0,0,0,0,0,0,0,0,0,0,0,0,0,0,0,0,0,0,0,0,0,0,26,51,50,76,65476,0,300,0,0,8,21553,0.0,-107605600.0,0.0,0.0,0.0,0.0,0.0,0.0,0.0,0.0,0.0,0.0,0.0,0.0,0.0,0.0,0.0,0.0,0.0,0.0,0.0,0.0,2.004,0.0,-0.0,0.0,0.0,0.0,0.0,0.0,4710.0,-0.0,7315.0,-107615400.0,-107615392.0,0.0,-0.0,0.0,0.0,0.0,0.0,77,-71.63,-3.22199834002519e+26,0.0,0.0,0.0,0.0,0.0,0.0,0.0,0,0,0,0.0,0.0,0.0,0.0,0.0,0.0,0.0,0.0,0.0,0.0,0.0,0.0,0.0,0.0,0.0,0.0,0,-107875648.0,77,0.0,154,0.0,0.0,ERR,ERR,ERR,ERR,ERR,ERR,ERR,ERR,ERR,ERR,ERR,ERR,ERR,ERR,ERR,ERR,ERR,ERR,ERR,ERR,ERR,ERR,ERR,ERR,ERR,ERR,ERR,ERR,ERR,ERR,ERR,ERR,ERR,ERR,ERR,ERR,ERR,ERR,ERR,ERR,ERR,ERR,ERR,ERR,ERR,ERR,ERR,ERR,ERR,ERR,ERR,ERR,ERR,ERR,ERR,ERR,ERR,ERR,ERR,ERR,ERR,ERR,ERR,ERR,ERR,ERR,ERR,34.0,80.0,35,0.0,0.0,0.0,0.0,0.0,0.0,0.0,0.0,0.0,0.0,0.0,0.0,0.0,0.0,0.0,0.0,66.0,0,121,58,54,65476,0,300,0,0,8,20529,65476,0,0,57672,80.0,0.0,0.0,0.0,0.0,0.0
2026-06-18T02:04:57,ERR,ERR,ERR,ERR,ERR,ERR,ERR,ERR,ERR,ERR,ERR,ERR,ERR,ERR,ERR,ERR,ERR,ERR,ERR,ERR,ERR,ERR,ERR,ERR,ERR,ERR,ERR,ERR,ERR,ERR,ERR,ERR,ERR,ERR,ERR,ERR,ERR,ERR,ERR,ERR,ERR,ERR,ERR,ERR,ERR,ERR,ERR,ERR,ERR,ERR,ERR,ERR,ERR,ERR,ERR,ERR,ERR,ERR,ERR,ERR,ERR,ERR,ERR,ERR,ERR,ERR,ERR,ERR,ERR,ERR,ERR,ERR,ERR,ERR,ERR,ERR,ERR,ERR,ERR,ERR,ERR,ERR,ERR,ERR,ERR,ERR,ERR,ERR,ERR,ERR,ERR,ERR,ERR,ERR,ERR,ERR,ERR,ERR,ERR,ERR,ERR,ERR,ERR,ERR,ERR,ERR,ERR,ERR,ERR,ERR,ERR,ERR,ERR,ERR,ERR,ERR,ERR,ERR,ERR,ERR,ERR,ERR,ERR,ERR,ERR,-107615400.0,-107615392.0,0.0,-0.0,-0.0,1.3936040501711995e+18,7.805,0.0,0,0,4,48902,6720,14723890282496.0,100,0.0,0.0,0.0,-0.0,0.0,0,0,0,0,0.0,0,0,0,0,0,0,0,0,0,0,0,0,0,0,0,0,0,0,0,0,0,0,0,0,0,0,0,0,0,0,0,0,0,26,51,50,76,65476,0,300,0,0,8,21553,0.0,-107605600.0,0.0,0.0,0.0,0.0,0.0,0.0,0.0,0.0,0.0,0.0,0.0,0.0,0.0,0.0,0.0,0.0,0.0,0.0,0.0,0.0,2.004,0.0,-0.0,0.0,0.0,0.0,0.0,0.0,4710.0,-0.0,7315.0,-107615400.0,-107615392.0,0.0,-0.0,0.0,0.0,0.0,0.0,77,-71.63,-3.22199834002519e+26,0.0,0.0,0.0,0.0,0.0,0.0,0.0,0,0,0,0.0,0.0,0.0,0.0,0.0,0.0,0.0,0.0,0.0,0.0,0.0,0.0,0.0,0.0,0.0,0.0,0,-107875648.0,77,0.0,154,0.0,0.0,ERR,ERR,ERR,ERR,ERR,ERR,ERR,ERR,ERR,ERR,ERR,ERR,ERR,ERR,ERR,ERR,ERR,ERR,ERR,ERR,ERR,ERR,ERR,ERR,ERR,ERR,ERR,ERR,ERR,ERR,ERR,ERR,ERR,ERR,ERR,ERR,ERR,ERR,ERR,ERR,ERR,ERR,ERR,ERR,ERR,ERR,ERR,ERR,ERR,ERR,ERR,ERR,ERR,ERR,ERR,ERR,ERR,ERR,ERR,ERR,ERR,ERR,ERR,ERR,ERR,ERR,ERR,34.0,80.0,35,0.0,0.0,0.0,0.0,0.0,0.0,0.0,0.0,0.0,0.0,0.0,0.0,0.0,0.0,0.0,0.0,66.0,0,121,58,54,65476,0,300,0,0,8,20529,65476,0,0,57672,80.0,0.0,0.0,0.0,0.0,0.0
2026-06-18T02:04:58,ERR,ERR,ERR,ERR,ERR,ERR,ERR,ERR,ERR,ERR,ERR,ERR,ERR,ERR,ERR,ERR,ERR,ERR,ERR,ERR,ERR,ERR,ERR,ERR,ERR,ERR,ERR,ERR,ERR,ERR,ERR,ERR,ERR,ERR,ERR,ERR,ERR,ERR,ERR,ERR,ERR,ERR,ERR,ERR,ERR,ERR,ERR,ERR,ERR,ERR,ERR,ERR,ERR,ERR,ERR,ERR,ERR,ERR,ERR,ERR,ERR,ERR,ERR,ERR,ERR,ERR,ERR,ERR,ERR,ERR,ERR,ERR,ERR,ERR,ERR,ERR,ERR,ERR,ERR,ERR,ERR,ERR,ERR,ERR,ERR,ERR,ERR,ERR,ERR,ERR,ERR,ERR,ERR,ERR,ERR,ERR,ERR,ERR,ERR,ERR,ERR,ERR,ERR,ERR,ERR,ERR,ERR,ERR,ERR,ERR,ERR,ERR,ERR,ERR,ERR,ERR,ERR,ERR,ERR,ERR,ERR,ERR,ERR,ERR,ERR,-107615400.0,-107615392.0,0.0,-0.0,-0.0,1.3936040501711995e+18,7.805,0.0,0,0,4,48902,6720,14723890282496.0,100,0.0,0.0,0.0,-0.0,0.0,0,0,0,0,0.0,0,0,0,0,0,0,0,0,0,0,0,0,0,0,0,0,0,0,0,0,0,0,0,0,0,0,0,0,0,0,0,0,0,26,51,50,76,65476,0,300,0,0,8,21553,0.0,-107605600.0,0.0,0.0,0.0,0.0,0.0,0.0,0.0,0.0,0.0,0.0,0.0,0.0,0.0,0.0,0.0,0.0,0.0,0.0,0.0,0.0,2.004,0.0,-0.0,0.0,0.0,0.0,0.0,0.0,4710.0,-0.0,7315.0,-107615400.0,-107615392.0,0.0,-0.0,0.0,0.0,0.0,0.0,77,-71.63,-3.22199834002519e+26,0.0,0.0,0.0,0.0,0.0,0.0,0.0,0,0,0,0.0,0.0,0.0,0.0,0.0,0.0,0.0,0.0,0.0,0.0,0.0,0.0,0.0,0.0,0.0,0.0,0,-107875648.0,77,0.0,154,0.0,0.0,ERR,ERR,ERR,ERR,ERR,ERR,ERR,ERR,ERR,ERR,ERR,ERR,ERR,ERR,ERR,ERR,ERR,ERR,ERR,ERR,ERR,ERR,ERR,ERR,ERR,ERR,ERR,ERR,ERR,ERR,ERR,ERR,ERR,ERR,ERR,ERR,ERR,ERR,ERR,ERR,ERR,ERR,ERR,ERR,ERR,ERR,ERR,ERR,ERR,ERR,ERR,ERR,ERR,ERR,ERR,ERR,ERR,ERR,ERR,ERR,ERR,ERR,ERR,ERR,ERR,ERR,ERR,34.0,80.0,35,0.0,0.0,0.0,0.0,0.0,0.0,0.0,0.0,0.0,0.0,0.0,0.0,0.0,0.0,0.0,0.0,66.0,0,121,58,54,65476,0,300,0,0,8,20529,65476,0,0,57672,80.0,0.0,0.0,0.0,0.0,0.0
2026-06-18T02:04:59,ERR,ERR,ERR,ERR,ERR,ERR,ERR,ERR,ERR,ERR,ERR,ERR,ERR,ERR,ERR,ERR,ERR,ERR,ERR,ERR,ERR,ERR,ERR,ERR,ERR,ERR,ERR,ERR,ERR,ERR,ERR,ERR,ERR,ERR,ERR,ERR,ERR,ERR,ERR,ERR,ERR,ERR,ERR,ERR,ERR,ERR,ERR,ERR,ERR,ERR,ERR,ERR,ERR,ERR,ERR,ERR,ERR,ERR,ERR,ERR,ERR,ERR,ERR,ERR,ERR,ERR,ERR,ERR,ERR,ERR,ERR,ERR,ERR,ERR,ERR,ERR,ERR,ERR,ERR,ERR,ERR,ERR,ERR,ERR,ERR,ERR,ERR,ERR,ERR,ERR,ERR,ERR,ERR,ERR,ERR,ERR,ERR,ERR,ERR,ERR,ERR,ERR,ERR,ERR,ERR,ERR,ERR,ERR,ERR,ERR,ERR,ERR,ERR,ERR,ERR,ERR,ERR,ERR,ERR,ERR,ERR,ERR,ERR,ERR,ERR,-107615400.0,-107615392.0,0.0,-0.0,-0.0,1.3936040501711995e+18,7.805,0.0,0,0,4,48902,6720,14723890282496.0,100,0.0,0.0,0.0,-0.0,0.0,0,0,0,0,0.0,0,0,0,0,0,0,0,0,0,0,0,0,0,0,0,0,0,0,0,0,0,0,0,0,0,0,0,0,0,0,0,0,0,26,51,50,76,65476,0,300,0,0,8,21553,0.0,-107605600.0,0.0,0.0,0.0,0.0,0.0,0.0,0.0,0.0,0.0,0.0,0.0,0.0,0.0,0.0,0.0,0.0,0.0,0.0,0.0,0.0,2.004,0.0,-0.0,0.0,0.0,0.0,0.0,0.0,4710.0,-0.0,7315.0,-107615400.0,-107615392.0,0.0,-0.0,0.0,0.0,0.0,0.0,77,-71.63,-3.22199834002519e+26,0.0,0.0,0.0,0.0,0.0,0.0,0.0,0,0,0,0.0,0.0,0.0,0.0,0.0,0.0,0.0,0.0,0.0,0.0,0.0,0.0,0.0,0.0,0.0,0.0,0,-107875648.0,77,0.0,154,0.0,0.0,ERR,ERR,ERR,ERR,ERR,ERR,ERR,ERR,ERR,ERR,ERR,ERR,ERR,ERR,ERR,ERR,ERR,ERR,ERR,ERR,ERR,ERR,ERR,ERR,ERR,ERR,ERR,ERR,ERR,ERR,ERR,ERR,ERR,ERR,ERR,ERR,ERR,ERR,ERR,ERR,ERR,ERR,ERR,ERR,ERR,ERR,ERR,ERR,ERR,ERR,ERR,ERR,ERR,ERR,ERR,ERR,ERR,ERR,ERR,ERR,ERR,ERR,ERR,ERR,ERR,ERR,ERR,34.0,80.0,35,0.0,0.0,0.0,0.0,0.0,0.0,0.0,0.0,0.0,0.0,0.0,0.0,0.0,0.0,0.0,0.0,66.0,0,121,58,54,65476,0,300,0,0,8,20529,65476,0,0,57672,80.0,0.0,0.0,0.0,0.0,0.0
2026-06-18T02:05:00,ERR,ERR,ERR,ERR,ERR,ERR,ERR,ERR,ERR,ERR,ERR,ERR,ERR,ERR,ERR,ERR,ERR,ERR,ERR,ERR,ERR,ERR,ERR,ERR,ERR,ERR,ERR,ERR,ERR,ERR,ERR,ERR,ERR,ERR,ERR,ERR,ERR,ERR,ERR,ERR,ERR,ERR,ERR,ERR,ERR,ERR,ERR,ERR,ERR,ERR,ERR,ERR,ERR,ERR,ERR,ERR,ERR,ERR,ERR,ERR,ERR,ERR,ERR,ERR,ERR,ERR,ERR,ERR,ERR,ERR,ERR,ERR,ERR,ERR,ERR,ERR,ERR,ERR,ERR,ERR,ERR,ERR,ERR,ERR,ERR,ERR,ERR,ERR,ERR,ERR,ERR,ERR,ERR,ERR,ERR,ERR,ERR,ERR,ERR,ERR,ERR,ERR,ERR,ERR,ERR,ERR,ERR,ERR,ERR,ERR,ERR,ERR,ERR,ERR,ERR,ERR,ERR,ERR,ERR,ERR,ERR,ERR,ERR,ERR,ERR,-107615400.0,-107615392.0,0.0,-0.0,-0.0,1.3936040501711995e+18,7.805,0.0,0,0,4,48902,6720,14723890282496.0,100,0.0,0.0,0.0,-0.0,0.0,0,0,0,0,0.0,0,0,0,0,0,0,0,0,0,0,0,0,0,0,0,0,0,0,0,0,0,0,0,0,0,0,0,0,0,0,0,0,0,26,51,50,76,65476,0,300,0,0,8,21553,0.0,-107605600.0,0.0,0.0,0.0,0.0,0.0,0.0,0.0,0.0,0.0,0.0,0.0,0.0,0.0,0.0,0.0,0.0,0.0,0.0,0.0,0.0,2.004,0.0,-0.0,0.0,0.0,0.0,0.0,0.0,4710.0,-0.0,7315.0,-107615400.0,-107615392.0,0.0,-0.0,0.0,0.0,0.0,0.0,77,-71.63,-3.22199834002519e+26,0.0,0.0,0.0,0.0,0.0,0.0,0.0,0,0,0,0.0,0.0,0.0,0.0,0.0,0.0,0.0,0.0,0.0,0.0,0.0,0.0,0.0,0.0,0.0,0.0,0,-107875648.0,77,0.0,154,0.0,0.0,ERR,ERR,ERR,ERR,ERR,ERR,ERR,ERR,ERR,ERR,ERR,ERR,ERR,ERR,ERR,ERR,ERR,ERR,ERR,ERR,ERR,ERR,ERR,ERR,ERR,ERR,ERR,ERR,ERR,ERR,ERR,ERR,ERR,ERR,ERR,ERR,ERR,ERR,ERR,ERR,ERR,ERR,ERR,ERR,ERR,ERR,ERR,ERR,ERR,ERR,ERR,ERR,ERR,ERR,ERR,ERR,ERR,ERR,ERR,ERR,ERR,ERR,ERR,ERR,ERR,ERR,ERR,34.0,80.0,35,0.0,0.0,0.0,0.0,0.0,0.0,0.0,0.0,0.0,0.0,0.0,0.0,0.0,0.0,0.0,0.0,66.0,0,121,58,54,65476,0,300,0,0,8,20529,65476,0,0,57672,80.0,0.0,0.0,0.0,0.0,0.0
2026-06-18T02:05:01,ERR,ERR,ERR,ERR,ERR,ERR,ERR,ERR,ERR,ERR,ERR,ERR,ERR,ERR,ERR,ERR,ERR,ERR,ERR,ERR,ERR,ERR,ERR,ERR,ERR,ERR,ERR,ERR,ERR,ERR,ERR,ERR,ERR,ERR,ERR,ERR,ERR,ERR,ERR,ERR,ERR,ERR,ERR,ERR,ERR,ERR,ERR,ERR,ERR,ERR,ERR,ERR,ERR,ERR,ERR,ERR,ERR,ERR,ERR,ERR,ERR,ERR,ERR,ERR,ERR,ERR,ERR,ERR,ERR,ERR,ERR,ERR,ERR,ERR,ERR,ERR,ERR,ERR,ERR,ERR,ERR,ERR,ERR,ERR,ERR,ERR,ERR,ERR,ERR,ERR,ERR,ERR,ERR,ERR,ERR,ERR,ERR,ERR,ERR,ERR,ERR,ERR,ERR,ERR,ERR,ERR,ERR,ERR,ERR,ERR,ERR,ERR,ERR,ERR,ERR,ERR,ERR,ERR,ERR,ERR,ERR,ERR,ERR,ERR,ERR,-107615400.0,-107615392.0,0.0,0.059,0.0,1.3936040501711995e+18,7.805,-0.0,0,0,4,48906,6720,14723890282496.0,100,0.0,0.0,0.0,-152005385388032.0,0.0,0,0,0,0,0.0,0,0,0,0,0,0,0,0,0,0,0,0,0,0,0,0,0,0,0,0,0,0,0,0,0,0,0,0,0,0,0,0,0,26,51,50,76,65476,0,300,0,0,8,21553,0.0,-107605600.0,0.0,0.0,0.0,0.0,0.0,0.0,0.0,0.0,0.0,0.0,0.0,0.0,0.0,0.0,0.0,0.0,0.0,0.0,0.0,0.0,2.004,0.0,-0.0,0.0,0.0,0.0,0.0,0.0,4713.0,-0.0,7312.0,-107615400.0,-107615392.0,0.0,-0.0,0.0,0.0,0.0,0.0,77,-89221.125,-2.308825940279385e+20,0.0,0.0,0.0,0.0,0.0,0.0,0.0,0,0,0,0.0,0.0,0.0,0.0,0.0,0.0,0.0,0.0,0.0,0.0,0.0,0.0,0.0,0.0,0.0,0.0,0,-107875648.0,77,0.0,154,0.0,2.6533922776413385e+23,ERR,ERR,ERR,ERR,ERR,ERR,ERR,ERR,ERR,ERR,ERR,ERR,ERR,ERR,ERR,ERR,ERR,ERR,ERR,ERR,ERR,ERR,ERR,ERR,ERR,ERR,ERR,ERR,ERR,ERR,ERR,ERR,ERR,ERR,ERR,ERR,ERR,ERR,ERR,ERR,ERR,ERR,ERR,ERR,ERR,ERR,ERR,ERR,ERR,ERR,ERR,ERR,ERR,ERR,ERR,ERR,ERR,ERR,ERR,ERR,ERR,ERR,ERR,ERR,ERR,ERR,ERR,34.0,80.0,35,0.0,0.0,0.0,0.0,0.0,0.0,0.0,0.0,0.0,0.0,0.0,0.0,0.0,0.0,0.0,0.0,66.4,0,121,58,54,65476,0,300,0,0,8,20529,65476,0,0,57672,80.0,0.0,0.0,0.0,0.0,0.0
2026-06-18T02:05:02,ERR,ERR,ERR,ERR,ERR,ERR,ERR,ERR,ERR,ERR,ERR,ERR,ERR,ERR,ERR,ERR,ERR,ERR,ERR,ERR,ERR,ERR,ERR,ERR,ERR,ERR,ERR,ERR,ERR,ERR,ERR,ERR,ERR,ERR,ERR,ERR,ERR,ERR,ERR,ERR,ERR,ERR,ERR,ERR,ERR,ERR,ERR,ERR,ERR,ERR,ERR,ERR,ERR,ERR,ERR,ERR,ERR,ERR,ERR,ERR,ERR,ERR,ERR,ERR,ERR,ERR,ERR,ERR,ERR,ERR,ERR,ERR,ERR,ERR,ERR,ERR,ERR,ERR,ERR,ERR,ERR,ERR,ERR,ERR,ERR,ERR,ERR,ERR,ERR,ERR,ERR,ERR,ERR,ERR,ERR,ERR,ERR,ERR,ERR,ERR,ERR,ERR,ERR,ERR,ERR,ERR,ERR,ERR,ERR,ERR,ERR,ERR,ERR,ERR,ERR,ERR,ERR,ERR,ERR,ERR,ERR,ERR,ERR,ERR,ERR,-107615400.0,-107615392.0,0.0,0.059,0.0,1.3936040501711995e+18,7.805,-0.0,0,0,4,48906,6720,14723890282496.0,100,0.0,0.0,0.0,-152005385388032.0,0.0,0,0,0,0,0.0,0,0,0,0,0,0,0,0,0,0,0,0,0,0,0,0,0,0,0,0,0,0,0,0,0,0,0,0,0,0,0,0,0,26,51,50,76,65476,0,300,0,0,8,21553,0.0,-107605600.0,0.0,0.0,0.0,0.0,0.0,0.0,0.0,0.0,0.0,0.0,0.0,0.0,0.0,0.0,0.0,0.0,0.0,0.0,0.0,0.0,2.004,0.0,-0.0,0.0,0.0,0.0,0.0,0.0,4713.0,-0.0,7312.0,-107615400.0,-107615392.0,0.0,-0.0,0.0,0.0,0.0,0.0,77,-89221.125,-2.308825940279385e+20,0.0,0.0,0.0,0.0,0.0,0.0,0.0,0,0,0,0.0,0.0,0.0,0.0,0.0,0.0,0.0,0.0,0.0,0.0,0.0,0.0,0.0,0.0,0.0,0.0,0,-107875648.0,77,0.0,154,0.0,2.6533922776413385e+23,ERR,ERR,ERR,ERR,ERR,ERR,ERR,ERR,ERR,ERR,ERR,ERR,ERR,ERR,ERR,ERR,ERR,ERR,ERR,ERR,ERR,ERR,ERR,ERR,ERR,ERR,ERR,ERR,ERR,ERR,ERR,ERR,ERR,ERR,ERR,ERR,ERR,ERR,ERR,ERR,ERR,ERR,ERR,ERR,ERR,ERR,ERR,ERR,ERR,ERR,ERR,ERR,ERR,ERR,ERR,ERR,ERR,ERR,ERR,ERR,ERR,ERR,ERR,ERR,ERR,ERR,ERR,34.0,80.0,35,0.0,0.0,0.0,0.0,0.0,0.0,0.0,0.0,0.0,0.0,0.0,0.0,0.0,0.0,0.0,0.0,66.4,0,121,58,54,65476,0,300,0,0,8,20529,65476,0,0,57672,80.0,0.0,0.0,0.0,0.0,0.0
2026-06-18T02:05:03,ERR,ERR,ERR,ERR,ERR,ERR,ERR,ERR,ERR,ERR,ERR,ERR,ERR,ERR,ERR,ERR,ERR,ERR,ERR,ERR,ERR,ERR,ERR,ERR,ERR,ERR,ERR,ERR,ERR,ERR,ERR,ERR,ERR,ERR,ERR,ERR,ERR,ERR,ERR,ERR,ERR,ERR,ERR,ERR,ERR,ERR,ERR,ERR,ERR,ERR,ERR,ERR,ERR,ERR,ERR,ERR,ERR,ERR,ERR,ERR,ERR,ERR,ERR,ERR,ERR,ERR,ERR,ERR,ERR,ERR,ERR,ERR,ERR,ERR,ERR,ERR,ERR,ERR,ERR,ERR,ERR,ERR,ERR,ERR,ERR,ERR,ERR,ERR,ERR,ERR,ERR,ERR,ERR,ERR,ERR,ERR,ERR,ERR,ERR,ERR,ERR,ERR,ERR,ERR,ERR,ERR,ERR,ERR,ERR,ERR,ERR,ERR,ERR,ERR,ERR,ERR,ERR,ERR,ERR,ERR,ERR,ERR,ERR,ERR,ERR,-107615400.0,-107615392.0,0.0,0.059,0.0,1.3936040501711995e+18,7.805,-0.0,0,0,4,48906,6720,14723890282496.0,100,0.0,0.0,0.0,-152005385388032.0,0.0,0,0,0,0,0.0,0,0,0,0,0,0,0,0,0,0,0,0,0,0,0,0,0,0,0,0,0,0,0,0,0,0,0,0,0,0,0,0,0,26,51,50,76,65476,0,300,0,0,8,21553,0.0,-107605600.0,0.0,0.0,0.0,0.0,0.0,0.0,0.0,0.0,0.0,0.0,0.0,0.0,0.0,0.0,0.0,0.0,0.0,0.0,0.0,0.0,2.004,0.0,-0.0,0.0,0.0,0.0,0.0,0.0,4713.0,-0.0,7312.0,-107615400.0,-107615392.0,0.0,-0.0,0.0,0.0,0.0,0.0,77,-89221.125,-2.308825940279385e+20,0.0,0.0,0.0,0.0,0.0,0.0,0.0,0,0,0,0.0,0.0,0.0,0.0,0.0,0.0,0.0,0.0,0.0,0.0,0.0,0.0,0.0,0.0,0.0,0.0,0,-107875648.0,77,0.0,154,0.0,2.6533922776413385e+23,ERR,ERR,ERR,ERR,ERR,ERR,ERR,ERR,ERR,ERR,ERR,ERR,ERR,ERR,ERR,ERR,ERR,ERR,ERR,ERR,ERR,ERR,ERR,ERR,ERR,ERR,ERR,ERR,ERR,ERR,ERR,ERR,ERR,ERR,ERR,ERR,ERR,ERR,ERR,ERR,ERR,ERR,ERR,ERR,ERR,ERR,ERR,ERR,ERR,ERR,ERR,ERR,ERR,ERR,ERR,ERR,ERR,ERR,ERR,ERR,ERR,ERR,ERR,ERR,ERR,ERR,ERR,34.0,80.0,35,0.0,0.0,0.0,0.0,0.0,0.0,0.0,0.0,0.0,0.0,0.0,0.0,0.0,0.0,0.0,0.0,66.0,0,121,58,54,65476,0,300,0,0,8,20529,65476,0,0,57672,80.0,0.0,0.0,0.0,0.0,0.0
2026-06-18T02:05:04,ERR,ERR,ERR,ERR,ERR,ERR,ERR,ERR,ERR,ERR,ERR,ERR,ERR,ERR,ERR,ERR,ERR,ERR,ERR,ERR,ERR,ERR,ERR,ERR,ERR,ERR,ERR,ERR,ERR,ERR,ERR,ERR,ERR,ERR,ERR,ERR,ERR,ERR,ERR,ERR,ERR,ERR,ERR,ERR,ERR,ERR,ERR,ERR,ERR,ERR,ERR,ERR,ERR,ERR,ERR,ERR,ERR,ERR,ERR,ERR,ERR,ERR,ERR,ERR,ERR,ERR,ERR,ERR,ERR,ERR,ERR,ERR,ERR,ERR,ERR,ERR,ERR,ERR,ERR,ERR,ERR,ERR,ERR,ERR,ERR,ERR,ERR,ERR,ERR,ERR,ERR,ERR,ERR,ERR,ERR,ERR,ERR,ERR,ERR,ERR,ERR,ERR,ERR,ERR,ERR,ERR,ERR,ERR,ERR,ERR,ERR,ERR,ERR,ERR,ERR,ERR,ERR,ERR,ERR,ERR,ERR,ERR,ERR,ERR,ERR,-107615400.0,-107615392.0,0.0,0.059,0.0,1.3936040501711995e+18,7.805,-0.0,0,0,4,48906,6720,14723890282496.0,100,0.0,0.0,0.0,-152005385388032.0,0.0,0,0,0,0,0.0,0,0,0,0,0,0,0,0,0,0,0,0,0,0,0,0,0,0,0,0,0,0,0,0,0,0,0,0,0,0,0,0,0,26,51,50,76,65476,0,300,0,0,8,21553,0.0,-107605600.0,0.0,0.0,0.0,0.0,0.0,0.0,0.0,0.0,0.0,0.0,0.0,0.0,0.0,0.0,0.0,0.0,0.0,0.0,0.0,0.0,2.004,0.0,-0.0,0.0,0.0,0.0,0.0,0.0,4713.0,-0.0,7312.0,-107615400.0,-107615392.0,0.0,-0.0,0.0,0.0,0.0,0.0,77,-89221.125,-2.308825940279385e+20,0.0,0.0,0.0,0.0,0.0,0.0,0.0,0,0,0,0.0,0.0,0.0,0.0,0.0,0.0,0.0,0.0,0.0,0.0,0.0,0.0,0.0,0.0,0.0,0.0,0,-107875648.0,77,0.0,154,0.0,2.6533922776413385e+23,ERR,ERR,ERR,ERR,ERR,ERR,ERR,ERR,ERR,ERR,ERR,ERR,ERR,ERR,ERR,ERR,ERR,ERR,ERR,ERR,ERR,ERR,ERR,ERR,ERR,ERR,ERR,ERR,ERR,ERR,ERR,ERR,ERR,ERR,ERR,ERR,ERR,ERR,ERR,ERR,ERR,ERR,ERR,ERR,ERR,ERR,ERR,ERR,ERR,ERR,ERR,ERR,ERR,ERR,ERR,ERR,ERR,ERR,ERR,ERR,ERR,ERR,ERR,ERR,ERR,ERR,ERR,34.0,80.0,35,0.0,0.0,0.0,0.0,0.0,0.0,0.0,0.0,0.0,0.0,0.0,0.0,0.0,0.0,0.0,0.0,66.0,0,121,58,54,65476,0,300,0,0,8,20529,65476,0,0,57672,80.0,0.0,0.0,0.0,0.0,0.0
2026-06-18T02:05:05,ERR,ERR,ERR,ERR,ERR,ERR,ERR,ERR,ERR,ERR,ERR,ERR,ERR,ERR,ERR,ERR,ERR,ERR,ERR,ERR,ERR,ERR,ERR,ERR,ERR,ERR,ERR,ERR,ERR,ERR,ERR,ERR,ERR,ERR,ERR,ERR,ERR,ERR,ERR,ERR,ERR,ERR,ERR,ERR,ERR,ERR,ERR,ERR,ERR,ERR,ERR,ERR,ERR,ERR,ERR,ERR,ERR,ERR,ERR,ERR,ERR,ERR,ERR,ERR,ERR,ERR,ERR,ERR,ERR,ERR,ERR,ERR,ERR,ERR,ERR,ERR,ERR,ERR,ERR,ERR,ERR,ERR,ERR,ERR,ERR,ERR,ERR,ERR,ERR,ERR,ERR,ERR,ERR,ERR,ERR,ERR,ERR,ERR,ERR,ERR,ERR,ERR,ERR,ERR,ERR,ERR,ERR,ERR,ERR,ERR,ERR,ERR,ERR,ERR,ERR,ERR,ERR,ERR,ERR,ERR,ERR,ERR,ERR,ERR,ERR,-107615400.0,-107615392.0,0.0,0.059,0.0,1.3936040501711995e+18,7.805,-0.0,0,0,4,48906,6720,14723890282496.0,100,0.0,0.0,0.0,-152005385388032.0,0.0,0,0,0,0,0.0,0,0,0,0,0,0,0,0,0,0,0,0,0,0,0,0,0,0,0,0,0,0,0,0,0,0,0,0,0,0,0,0,0,26,51,50,76,65476,0,300,0,0,8,21553,0.0,-107605600.0,0.0,0.0,0.0,0.0,0.0,0.0,0.0,0.0,0.0,0.0,0.0,0.0,0.0,0.0,0.0,0.0,0.0,0.0,0.0,0.0,2.004,0.0,-0.0,0.0,0.0,0.0,0.0,0.0,4713.0,-0.0,7312.0,-107615400.0,-107615392.0,0.0,-0.0,0.0,0.0,0.0,0.0,77,-89221.125,-2.308825940279385e+20,0.0,0.0,0.0,0.0,0.0,0.0,0.0,0,0,0,0.0,0.0,0.0,0.0,0.0,0.0,0.0,0.0,0.0,0.0,0.0,0.0,0.0,0.0,0.0,0.0,0,-107875648.0,77,0.0,154,0.0,2.6533922776413385e+23,ERR,ERR,ERR,ERR,ERR,ERR,ERR,ERR,ERR,ERR,ERR,ERR,ERR,ERR,ERR,ERR,ERR,ERR,ERR,ERR,ERR,ERR,ERR,ERR,ERR,ERR,ERR,ERR,ERR,ERR,ERR,ERR,ERR,ERR,ERR,ERR,ERR,ERR,ERR,ERR,ERR,ERR,ERR,ERR,ERR,ERR,ERR,ERR,ERR,ERR,ERR,ERR,ERR,ERR,ERR,ERR,ERR,ERR,ERR,ERR,ERR,ERR,ERR,ERR,ERR,ERR,ERR,34.0,80.0,35,0.0,0.0,0.0,0.0,0.0,0.0,0.0,0.0,0.0,0.0,0.0,0.0,0.0,0.0,0.0,0.0,66.0,0,121,58,54,65476,0,300,0,0,8,20529,65476,0,0,57672,80.0,0.0,0.0,0.0,0.0,0.0
2026-06-18T02:05:06,ERR,ERR,ERR,ERR,ERR,ERR,ERR,ERR,ERR,ERR,ERR,ERR,ERR,ERR,ERR,ERR,ERR,ERR,ERR,ERR,ERR,ERR,ERR,ERR,ERR,ERR,ERR,ERR,ERR,ERR,ERR,ERR,ERR,ERR,ERR,ERR,ERR,ERR,ERR,ERR,ERR,ERR,ERR,ERR,ERR,ERR,ERR,ERR,ERR,ERR,ERR,ERR,ERR,ERR,ERR,ERR,ERR,ERR,ERR,ERR,ERR,ERR,ERR,ERR,ERR,ERR,ERR,ERR,ERR,ERR,ERR,ERR,ERR,ERR,ERR,ERR,ERR,ERR,ERR,ERR,ERR,ERR,ERR,ERR,ERR,ERR,ERR,ERR,ERR,ERR,ERR,ERR,ERR,ERR,ERR,ERR,ERR,ERR,ERR,ERR,ERR,ERR,ERR,ERR,ERR,ERR,ERR,ERR,ERR,ERR,ERR,ERR,ERR,ERR,ERR,ERR,ERR,ERR,ERR,ERR,ERR,ERR,ERR,ERR,ERR,-107615400.0,-107615392.0,0.0,-0.0,-0.0,1.3936040501711995e+18,7.805,0.0,0,0,4,48901,6720,14723890282496.0,100,0.0,0.0,0.0,89215.008,0.0,0,0,0,0,0.0,0,0,0,0,0,0,0,0,0,0,0,0,0,0,0,0,0,0,0,0,0,0,0,0,0,0,0,0,0,0,0,0,0,26,51,50,76,65476,0,300,0,0,8,21553,0.0,-107605600.0,0.0,0.0,0.0,0.0,0.0,0.0,0.0,0.0,0.0,0.0,0.0,0.0,0.0,0.0,0.0,0.0,0.0,0.0,0.0,0.0,2.004,0.0,2.004,0.0,0.0,0.0,0.0,0.0,4715.0,-0.0,7317.0,-107615400.0,-107615392.0,0.0,-0.0,0.0,0.0,0.0,0.0,77,-107615360.0,0.0,0.0,0.0,0.0,0.0,0.0,0.0,0.0,0,0,0,0.0,0.0,0.0,0.0,0.0,0.0,0.0,0.0,0.0,0.0,0.0,0.0,0.0,0.0,0.0,0.0,0,-107875648.0,77,0.0,154,0.0,0.0,ERR,ERR,ERR,ERR,ERR,ERR,ERR,ERR,ERR,ERR,ERR,ERR,ERR,ERR,ERR,ERR,ERR,ERR,ERR,ERR,ERR,ERR,ERR,ERR,ERR,ERR,ERR,ERR,ERR,ERR,ERR,ERR,ERR,ERR,ERR,ERR,ERR,ERR,ERR,ERR,ERR,ERR,ERR,ERR,ERR,ERR,ERR,ERR,ERR,ERR,ERR,ERR,ERR,ERR,ERR,ERR,ERR,ERR,ERR,ERR,ERR,ERR,ERR,ERR,ERR,ERR,ERR,34.0,80.0,35,0.0,0.0,0.0,0.0,0.0,0.0,0.0,0.0,0.0,0.0,0.0,0.0,0.0,0.0,0.0,0.0,66.4,0,121,58,54,65476,0,300,0,0,8,20529,65476,0,0,57672,80.0,0.0,0.0,0.0,0.0,0.0
2026-06-18T02:05:07,ERR,ERR,ERR,ERR,ERR,ERR,ERR,ERR,ERR,ERR,ERR,ERR,ERR,ERR,ERR,ERR,ERR,ERR,ERR,ERR,ERR,ERR,ERR,ERR,ERR,ERR,ERR,ERR,ERR,ERR,ERR,ERR,ERR,ERR,ERR,ERR,ERR,ERR,ERR,ERR,ERR,ERR,ERR,ERR,ERR,ERR,ERR,ERR,ERR,ERR,ERR,ERR,ERR,ERR,ERR,ERR,ERR,ERR,ERR,ERR,ERR,ERR,ERR,ERR,ERR,ERR,ERR,ERR,ERR,ERR,ERR,ERR,ERR,ERR,ERR,ERR,ERR,ERR,ERR,ERR,ERR,ERR,ERR,ERR,ERR,ERR,ERR,ERR,ERR,ERR,ERR,ERR,ERR,ERR,ERR,ERR,ERR,ERR,ERR,ERR,ERR,ERR,ERR,ERR,ERR,ERR,ERR,ERR,ERR,ERR,ERR,ERR,ERR,ERR,ERR,ERR,ERR,ERR,ERR,ERR,ERR,ERR,ERR,ERR,ERR,-107615400.0,-107615392.0,0.0,-0.0,-0.0,1.3936040501711995e+18,7.805,0.0,0,0,4,48901,6720,14723890282496.0,100,0.0,0.0,0.0,89215.008,0.0,0,0,0,0,0.0,0,0,0,0,0,0,0,0,0,0,0,0,0,0,0,0,0,0,0,0,0,0,0,0,0,0,0,0,0,0,0,0,0,26,51,50,76,65476,0,300,0,0,8,21553,0.0,-107605600.0,0.0,0.0,0.0,0.0,0.0,0.0,0.0,0.0,0.0,0.0,0.0,0.0,0.0,0.0,0.0,0.0,0.0,0.0,0.0,0.0,2.004,0.0,2.004,0.0,0.0,0.0,0.0,0.0,4715.0,-0.0,7317.0,-107615400.0,-107615392.0,0.0,-0.0,0.0,0.0,0.0,0.0,77,-107615360.0,0.0,0.0,0.0,0.0,0.0,0.0,0.0,0.0,0,0,0,0.0,0.0,0.0,0.0,0.0,0.0,0.0,0.0,0.0,0.0,0.0,0.0,0.0,0.0,0.0,0.0,0,-107875648.0,77,0.0,154,0.0,0.0,ERR,ERR,ERR,ERR,ERR,ERR,ERR,ERR,ERR,ERR,ERR,ERR,ERR,ERR,ERR,ERR,ERR,ERR,ERR,ERR,ERR,ERR,ERR,ERR,ERR,ERR,ERR,ERR,ERR,ERR,ERR,ERR,ERR,ERR,ERR,ERR,ERR,ERR,ERR,ERR,ERR,ERR,ERR,ERR,ERR,ERR,ERR,ERR,ERR,ERR,ERR,ERR,ERR,ERR,ERR,ERR,ERR,ERR,ERR,ERR,ERR,ERR,ERR,ERR,ERR,ERR,ERR,34.0,80.0,35,0.0,0.0,0.0,0.0,0.0,0.0,0.0,0.0,0.0,0.0,0.0,0.0,0.0,0.0,0.0,0.0,66.4,0,121,58,54,65476,0,300,0,0,8,20529,65476,0,0,57672,80.0,0.0,0.0,0.0,0.0,0.0
2026-06-18T02:05:08,ERR,ERR,ERR,ERR,ERR,ERR,ERR,ERR,ERR,ERR,ERR,ERR,ERR,ERR,ERR,ERR,ERR,ERR,ERR,ERR,ERR,ERR,ERR,ERR,ERR,ERR,ERR,ERR,ERR,ERR,ERR,ERR,ERR,ERR,ERR,ERR,ERR,ERR,ERR,ERR,ERR,ERR,ERR,ERR,ERR,ERR,ERR,ERR,ERR,ERR,ERR,ERR,ERR,ERR,ERR,ERR,ERR,ERR,ERR,ERR,ERR,ERR,ERR,ERR,ERR,ERR,ERR,ERR,ERR,ERR,ERR,ERR,ERR,ERR,ERR,ERR,ERR,ERR,ERR,ERR,ERR,ERR,ERR,ERR,ERR,ERR,ERR,ERR,ERR,ERR,ERR,ERR,ERR,ERR,ERR,ERR,ERR,ERR,ERR,ERR,ERR,ERR,ERR,ERR,ERR,ERR,ERR,ERR,ERR,ERR,ERR,ERR,ERR,ERR,ERR,ERR,ERR,ERR,ERR,ERR,ERR,ERR,ERR,ERR,ERR,-107615400.0,-107615392.0,0.0,-0.0,-0.0,1.3936040501711995e+18,7.805,0.0,0,0,4,48901,6720,14723890282496.0,100,0.0,0.0,0.0,89215.008,0.0,0,0,0,0,0.0,0,0,0,0,0,0,0,0,0,0,0,0,0,0,0,0,0,0,0,0,0,0,0,0,0,0,0,0,0,0,0,0,0,26,51,50,76,65476,0,300,0,0,8,21553,0.0,-107605600.0,0.0,0.0,0.0,0.0,0.0,0.0,0.0,0.0,0.0,0.0,0.0,0.0,0.0,0.0,0.0,0.0,0.0,0.0,0.0,0.0,2.004,0.0,2.004,0.0,0.0,0.0,0.0,0.0,4715.0,-0.0,7317.0,-107615400.0,-107615392.0,0.0,-0.0,0.0,0.0,0.0,0.0,77,-107615360.0,0.0,0.0,0.0,0.0,0.0,0.0,0.0,0.0,0,0,0,0.0,0.0,0.0,0.0,0.0,0.0,0.0,0.0,0.0,0.0,0.0,0.0,0.0,0.0,0.0,0.0,0,-107875648.0,77,0.0,154,0.0,0.0,ERR,ERR,ERR,ERR,ERR,ERR,ERR,ERR,ERR,ERR,ERR,ERR,ERR,ERR,ERR,ERR,ERR,ERR,ERR,ERR,ERR,ERR,ERR,ERR,ERR,ERR,ERR,ERR,ERR,ERR,ERR,ERR,ERR,ERR,ERR,ERR,ERR,ERR,ERR,ERR,ERR,ERR,ERR,ERR,ERR,ERR,ERR,ERR,ERR,ERR,ERR,ERR,ERR,ERR,ERR,ERR,ERR,ERR,ERR,ERR,ERR,ERR,ERR,ERR,ERR,ERR,ERR,34.0,80.0,35,0.0,0.0,0.0,0.0,0.0,0.0,0.0,0.0,0.0,0.0,0.0,0.0,0.0,0.0,0.0,0.0,66.0,0,121,58,54,65476,0,300,0,0,8,20529,65476,0,0,57672,80.0,0.0,0.0,0.0,0.0,0.0
2026-06-18T02:05:09,ERR,ERR,ERR,ERR,ERR,ERR,ERR,ERR,ERR,ERR,ERR,ERR,ERR,ERR,ERR,ERR,ERR,ERR,ERR,ERR,ERR,ERR,ERR,ERR,ERR,ERR,ERR,ERR,ERR,ERR,ERR,ERR,ERR,ERR,ERR,ERR,ERR,ERR,ERR,ERR,ERR,ERR,ERR,ERR,ERR,ERR,ERR,ERR,ERR,ERR,ERR,ERR,ERR,ERR,ERR,ERR,ERR,ERR,ERR,ERR,ERR,ERR,ERR,ERR,ERR,ERR,ERR,ERR,ERR,ERR,ERR,ERR,ERR,ERR,ERR,ERR,ERR,ERR,ERR,ERR,ERR,ERR,ERR,ERR,ERR,ERR,ERR,ERR,ERR,ERR,ERR,ERR,ERR,ERR,ERR,ERR,ERR,ERR,ERR,ERR,ERR,ERR,ERR,ERR,ERR,ERR,ERR,ERR,ERR,ERR,ERR,ERR,ERR,ERR,ERR,ERR,ERR,ERR,ERR,ERR,ERR,ERR,ERR,ERR,ERR,-107615400.0,-107615392.0,0.0,-0.0,-0.0,1.3936040501711995e+18,7.805,0.0,0,0,4,48901,6720,14723890282496.0,100,0.0,0.0,0.0,89215.008,0.0,0,0,0,0,0.0,0,0,0,0,0,0,0,0,0,0,0,0,0,0,0,0,0,0,0,0,0,0,0,0,0,0,0,0,0,0,0,0,0,26,51,50,76,65476,0,300,0,0,8,21553,0.0,-107605600.0,0.0,0.0,0.0,0.0,0.0,0.0,0.0,0.0,0.0,0.0,0.0,0.0,0.0,0.0,0.0,0.0,0.0,0.0,0.0,0.0,2.004,0.0,2.004,0.0,0.0,0.0,0.0,0.0,4715.0,-0.0,7317.0,-107615400.0,-107615392.0,0.0,-0.0,0.0,0.0,0.0,0.0,77,-107615360.0,0.0,0.0,0.0,0.0,0.0,0.0,0.0,0.0,0,0,0,0.0,0.0,0.0,0.0,0.0,0.0,0.0,0.0,0.0,0.0,0.0,0.0,0.0,0.0,0.0,0.0,0,-107875648.0,77,0.0,154,0.0,0.0,ERR,ERR,ERR,ERR,ERR,ERR,ERR,ERR,ERR,ERR,ERR,ERR,ERR,ERR,ERR,ERR,ERR,ERR,ERR,ERR,ERR,ERR,ERR,ERR,ERR,ERR,ERR,ERR,ERR,ERR,ERR,ERR,ERR,ERR,ERR,ERR,ERR,ERR,ERR,ERR,ERR,ERR,ERR,ERR,ERR,ERR,ERR,ERR,ERR,ERR,ERR,ERR,ERR,ERR,ERR,ERR,ERR,ERR,ERR,ERR,ERR,ERR,ERR,ERR,ERR,ERR,ERR,34.0,80.0,35,0.0,0.0,0.0,0.0,0.0,0.0,0.0,0.0,0.0,0.0,0.0,0.0,0.0,0.0,0.0,0.0,66.0,0,121,58,54,65476,0,300,0,0,8,20529,65476,0,0,57672,80.0,0.0,0.0,0.0,0.0,0.0
2026-06-18T02:05:10,ERR,ERR,ERR,ERR,ERR,ERR,ERR,ERR,ERR,ERR,ERR,ERR,ERR,ERR,ERR,ERR,ERR,ERR,ERR,ERR,ERR,ERR,ERR,ERR,ERR,ERR,ERR,ERR,ERR,ERR,ERR,ERR,ERR,ERR,ERR,ERR,ERR,ERR,ERR,ERR,ERR,ERR,ERR,ERR,ERR,ERR,ERR,ERR,ERR,ERR,ERR,ERR,ERR,ERR,ERR,ERR,ERR,ERR,ERR,ERR,ERR,ERR,ERR,ERR,ERR,ERR,ERR,ERR,ERR,ERR,ERR,ERR,ERR,ERR,ERR,ERR,ERR,ERR,ERR,ERR,ERR,ERR,ERR,ERR,ERR,ERR,ERR,ERR,ERR,ERR,ERR,ERR,ERR,ERR,ERR,ERR,ERR,ERR,ERR,ERR,ERR,ERR,ERR,ERR,ERR,ERR,ERR,ERR,ERR,ERR,ERR,ERR,ERR,ERR,ERR,ERR,ERR,ERR,ERR,ERR,ERR,ERR,ERR,ERR,ERR,-107615400.0,-107615392.0,0.0,-0.0,-0.0,1.3936040501711995e+18,7.805,0.0,0,0,4,48901,6720,14723890282496.0,100,0.0,0.0,0.0,89215.008,0.0,0,0,0,0,0.0,0,0,0,0,0,0,0,0,0,0,0,0,0,0,0,0,0,0,0,0,0,0,0,0,0,0,0,0,0,0,0,0,0,26,51,50,76,65476,0,300,0,0,8,21553,0.0,-107605600.0,0.0,0.0,0.0,0.0,0.0,0.0,0.0,0.0,0.0,0.0,0.0,0.0,0.0,0.0,0.0,0.0,0.0,0.0,0.0,0.0,2.004,0.0,2.004,0.0,0.0,0.0,0.0,0.0,4715.0,-0.0,7317.0,-107615400.0,-107615392.0,0.0,-0.0,0.0,0.0,0.0,0.0,77,-107615360.0,0.0,0.0,0.0,0.0,0.0,0.0,0.0,0.0,0,0,0,0.0,0.0,0.0,0.0,0.0,0.0,0.0,0.0,0.0,0.0,0.0,0.0,0.0,0.0,0.0,0.0,0,-107875648.0,77,0.0,154,0.0,0.0,ERR,ERR,ERR,ERR,ERR,ERR,ERR,ERR,ERR,ERR,ERR,ERR,ERR,ERR,ERR,ERR,ERR,ERR,ERR,ERR,ERR,ERR,ERR,ERR,ERR,ERR,ERR,ERR,ERR,ERR,ERR,ERR,ERR,ERR,ERR,ERR,ERR,ERR,ERR,ERR,ERR,ERR,ERR,ERR,ERR,ERR,ERR,ERR,ERR,ERR,ERR,ERR,ERR,ERR,ERR,ERR,ERR,ERR,ERR,ERR,ERR,ERR,ERR,ERR,ERR,ERR,ERR,34.0,80.0,35,0.0,0.0,0.0,0.0,0.0,0.0,0.0,0.0,0.0,0.0,0.0,0.0,0.0,0.0,0.0,0.0,66.0,0,121,58,54,65476,0,300,0,0,8,20529,65476,0,0,57672,80.0,0.0,0.0,0.0,0.0,0.0
2026-06-18T02:05:11,ERR,ERR,ERR,ERR,ERR,ERR,ERR,ERR,ERR,ERR,ERR,ERR,ERR,ERR,ERR,ERR,ERR,ERR,ERR,ERR,ERR,ERR,ERR,ERR,ERR,ERR,ERR,ERR,ERR,ERR,ERR,ERR,ERR,ERR,ERR,ERR,ERR,ERR,ERR,ERR,ERR,ERR,ERR,ERR,ERR,ERR,ERR,ERR,ERR,ERR,ERR,ERR,ERR,ERR,ERR,ERR,ERR,ERR,ERR,ERR,ERR,ERR,ERR,ERR,ERR,ERR,ERR,ERR,ERR,ERR,ERR,ERR,ERR,ERR,ERR,ERR,ERR,ERR,ERR,ERR,ERR,ERR,ERR,ERR,ERR,ERR,ERR,ERR,ERR,ERR,ERR,ERR,ERR,ERR,ERR,ERR,ERR,ERR,ERR,ERR,ERR,ERR,ERR,ERR,ERR,ERR,ERR,ERR,ERR,ERR,ERR,ERR,ERR,ERR,ERR,ERR,ERR,ERR,ERR,ERR,ERR,ERR,ERR,ERR,ERR,-107615400.0,-107615392.0,0.0,0.059,0.0,1.3936040501711995e+18,7.805,-0.0,0,0,4,48901,6720,14723890282496.0,100,0.0,0.0,0.0,0.0,0.0,0,0,0,0,0.0,0,0,0,0,0,0,0,0,0,0,0,0,0,0,0,0,0,0,0,0,0,0,0,0,0,0,0,0,0,0,0,0,0,26,51,50,76,65476,0,300,0,0,8,21553,0.0,-107605600.0,0.0,0.0,0.0,0.0,0.0,0.0,0.0,0.0,0.0,0.0,0.0,0.0,0.0,0.0,0.0,0.0,0.0,0.0,0.0,0.0,2.004,0.0,-0.0,0.0,0.0,0.0,0.0,0.0,4706.0,-2.004,7318.0,-107615400.0,-107615392.0,0.0,-0.0,0.0,0.0,0.0,0.0,77,-0.0,0.0,0.0,0.0,0.0,0.0,0.0,0.0,0.0,0,0,0,0.0,0.0,0.0,0.0,0.0,0.0,0.0,0.0,0.0,0.0,0.0,0.0,0.0,0.0,0.0,0.0,0,-107875648.0,77,0.0,154,0.0,2.6533922776413385e+23,ERR,ERR,ERR,ERR,ERR,ERR,ERR,ERR,ERR,ERR,ERR,ERR,ERR,ERR,ERR,ERR,ERR,ERR,ERR,ERR,ERR,ERR,ERR,ERR,ERR,ERR,ERR,ERR,ERR,ERR,ERR,ERR,ERR,ERR,ERR,ERR,ERR,ERR,ERR,ERR,ERR,ERR,ERR,ERR,ERR,ERR,ERR,ERR,ERR,ERR,ERR,ERR,ERR,ERR,ERR,ERR,ERR,ERR,ERR,ERR,ERR,ERR,ERR,ERR,ERR,ERR,ERR,34.0,80.0,35,0.0,0.0,0.0,0.0,0.0,0.0,0.0,0.0,0.0,0.0,0.0,0.0,0.0,0.0,0.0,0.0,66.0,0,121,58,54,65476,0,300,0,0,8,20529,65476,0,0,57672,80.0,0.0,0.0,0.0,0.0,0.0
2026-06-18T02:05:12,ERR,ERR,ERR,ERR,ERR,ERR,ERR,ERR,ERR,ERR,ERR,ERR,ERR,ERR,ERR,ERR,ERR,ERR,ERR,ERR,ERR,ERR,ERR,ERR,ERR,ERR,ERR,ERR,ERR,ERR,ERR,ERR,ERR,ERR,ERR,ERR,ERR,ERR,ERR,ERR,ERR,ERR,ERR,ERR,ERR,ERR,ERR,ERR,ERR,ERR,ERR,ERR,ERR,ERR,ERR,ERR,ERR,ERR,ERR,ERR,ERR,ERR,ERR,ERR,ERR,ERR,ERR,ERR,ERR,ERR,ERR,ERR,ERR,ERR,ERR,ERR,ERR,ERR,ERR,ERR,ERR,ERR,ERR,ERR,ERR,ERR,ERR,ERR,ERR,ERR,ERR,ERR,ERR,ERR,ERR,ERR,ERR,ERR,ERR,ERR,ERR,ERR,ERR,ERR,ERR,ERR,ERR,ERR,ERR,ERR,ERR,ERR,ERR,ERR,ERR,ERR,ERR,ERR,ERR,ERR,ERR,ERR,ERR,ERR,ERR,-107615400.0,-107615392.0,0.0,0.059,0.0,1.3936040501711995e+18,7.805,-0.0,0,0,4,48901,6720,14723890282496.0,100,0.0,0.0,0.0,0.0,0.0,0,0,0,0,0.0,0,0,0,0,0,0,0,0,0,0,0,0,0,0,0,0,0,0,0,0,0,0,0,0,0,0,0,0,0,0,0,0,0,26,51,50,76,65476,0,300,0,0,8,21553,0.0,-107605600.0,0.0,0.0,0.0,0.0,0.0,0.0,0.0,0.0,0.0,0.0,0.0,0.0,0.0,0.0,0.0,0.0,0.0,0.0,0.0,0.0,2.004,0.0,-0.0,0.0,0.0,0.0,0.0,0.0,4706.0,-2.004,7318.0,-107615400.0,-107615392.0,0.0,-0.0,0.0,0.0,0.0,0.0,77,-0.0,0.0,0.0,0.0,0.0,0.0,0.0,0.0,0.0,0,0,0,0.0,0.0,0.0,0.0,0.0,0.0,0.0,0.0,0.0,0.0,0.0,0.0,0.0,0.0,0.0,0.0,0,-107875648.0,77,0.0,154,0.0,2.6533922776413385e+23,ERR,ERR,ERR,ERR,ERR,ERR,ERR,ERR,ERR,ERR,ERR,ERR,ERR,ERR,ERR,ERR,ERR,ERR,ERR,ERR,ERR,ERR,ERR,ERR,ERR,ERR,ERR,ERR,ERR,ERR,ERR,ERR,ERR,ERR,ERR,ERR,ERR,ERR,ERR,ERR,ERR,ERR,ERR,ERR,ERR,ERR,ERR,ERR,ERR,ERR,ERR,ERR,ERR,ERR,ERR,ERR,ERR,ERR,ERR,ERR,ERR,ERR,ERR,ERR,ERR,ERR,ERR,34.0,80.0,35,0.0,0.0,0.0,0.0,0.0,0.0,0.0,0.0,0.0,0.0,0.0,0.0,0.0,0.0,0.0,0.0,66.4,0,121,58,54,65476,0,300,0,0,8,20529,65476,0,0,57672,80.0,0.0,0.0,0.0,0.0,0.0
2026-06-18T02:05:13,ERR,ERR,ERR,ERR,ERR,ERR,ERR,ERR,ERR,ERR,ERR,ERR,ERR,ERR,ERR,ERR,ERR,ERR,ERR,ERR,ERR,ERR,ERR,ERR,ERR,ERR,ERR,ERR,ERR,ERR,ERR,ERR,ERR,ERR,ERR,ERR,ERR,ERR,ERR,ERR,ERR,ERR,ERR,ERR,ERR,ERR,ERR,ERR,ERR,ERR,ERR,ERR,ERR,ERR,ERR,ERR,ERR,ERR,ERR,ERR,ERR,ERR,ERR,ERR,ERR,ERR,ERR,ERR,ERR,ERR,ERR,ERR,ERR,ERR,ERR,ERR,ERR,ERR,ERR,ERR,ERR,ERR,ERR,ERR,ERR,ERR,ERR,ERR,ERR,ERR,ERR,ERR,ERR,ERR,ERR,ERR,ERR,ERR,ERR,ERR,ERR,ERR,ERR,ERR,ERR,ERR,ERR,ERR,ERR,ERR,ERR,ERR,ERR,ERR,ERR,ERR,ERR,ERR,ERR,ERR,ERR,ERR,ERR,ERR,ERR,-107615400.0,-107615392.0,0.0,0.059,0.0,1.3936040501711995e+18,7.805,-0.0,0,0,4,48901,6720,14723890282496.0,100,0.0,0.0,0.0,0.0,0.0,0,0,0,0,0.0,0,0,0,0,0,0,0,0,0,0,0,0,0,0,0,0,0,0,0,0,0,0,0,0,0,0,0,0,0,0,0,0,0,26,51,50,76,65476,0,300,0,0,8,21553,0.0,-107605600.0,0.0,0.0,0.0,0.0,0.0,0.0,0.0,0.0,0.0,0.0,0.0,0.0,0.0,0.0,0.0,0.0,0.0,0.0,0.0,0.0,2.004,0.0,-0.0,0.0,0.0,0.0,0.0,0.0,4706.0,-2.004,7318.0,-107615400.0,-107615392.0,0.0,-0.0,0.0,0.0,0.0,0.0,77,-0.0,0.0,0.0,0.0,0.0,0.0,0.0,0.0,0.0,0,0,0,0.0,0.0,0.0,0.0,0.0,0.0,0.0,0.0,0.0,0.0,0.0,0.0,0.0,0.0,0.0,0.0,0,-107875648.0,77,0.0,154,0.0,2.6533922776413385e+23,ERR,ERR,ERR,ERR,ERR,ERR,ERR,ERR,ERR,ERR,ERR,ERR,ERR,ERR,ERR,ERR,ERR,ERR,ERR,ERR,ERR,ERR,ERR,ERR,ERR,ERR,ERR,ERR,ERR,ERR,ERR,ERR,ERR,ERR,ERR,ERR,ERR,ERR,ERR,ERR,ERR,ERR,ERR,ERR,ERR,ERR,ERR,ERR,ERR,ERR,ERR,ERR,ERR,ERR,ERR,ERR,ERR,ERR,ERR,ERR,ERR,ERR,ERR,ERR,ERR,ERR,ERR,34.0,80.0,35,0.0,0.0,0.0,0.0,0.0,0.0,0.0,0.0,0.0,0.0,0.0,0.0,0.0,0.0,0.0,0.0,66.4,0,121,58,54,65476,0,300,0,0,8,20529,65476,0,0,57672,80.0,0.0,0.0,0.0,0.0,0.0
2026-06-18T02:05:14,ERR,ERR,ERR,ERR,ERR,ERR,ERR,ERR,ERR,ERR,ERR,ERR,ERR,ERR,ERR,ERR,ERR,ERR,ERR,ERR,ERR,ERR,ERR,ERR,ERR,ERR,ERR,ERR,ERR,ERR,ERR,ERR,ERR,ERR,ERR,ERR,ERR,ERR,ERR,ERR,ERR,ERR,ERR,ERR,ERR,ERR,ERR,ERR,ERR,ERR,ERR,ERR,ERR,ERR,ERR,ERR,ERR,ERR,ERR,ERR,ERR,ERR,ERR,ERR,ERR,ERR,ERR,ERR,ERR,ERR,ERR,ERR,ERR,ERR,ERR,ERR,ERR,ERR,ERR,ERR,ERR,ERR,ERR,ERR,ERR,ERR,ERR,ERR,ERR,ERR,ERR,ERR,ERR,ERR,ERR,ERR,ERR,ERR,ERR,ERR,ERR,ERR,ERR,ERR,ERR,ERR,ERR,ERR,ERR,ERR,ERR,ERR,ERR,ERR,ERR,ERR,ERR,ERR,ERR,ERR,ERR,ERR,ERR,ERR,ERR,-107615400.0,-107615392.0,0.0,0.059,0.0,1.3936040501711995e+18,7.805,-0.0,0,0,4,48901,6720,14723890282496.0,100,0.0,0.0,0.0,0.0,0.0,0,0,0,0,0.0,0,0,0,0,0,0,0,0,0,0,0,0,0,0,0,0,0,0,0,0,0,0,0,0,0,0,0,0,0,0,0,0,0,26,51,50,76,65476,0,300,0,0,8,21553,0.0,-107605600.0,0.0,0.0,0.0,0.0,0.0,0.0,0.0,0.0,0.0,0.0,0.0,0.0,0.0,0.0,0.0,0.0,0.0,0.0,0.0,0.0,2.004,0.0,-0.0,0.0,0.0,0.0,0.0,0.0,4706.0,-2.004,7318.0,-107615400.0,-107615392.0,0.0,-0.0,0.0,0.0,0.0,0.0,77,-0.0,0.0,0.0,0.0,0.0,0.0,0.0,0.0,0.0,0,0,0,0.0,0.0,0.0,0.0,0.0,0.0,0.0,0.0,0.0,0.0,0.0,0.0,0.0,0.0,0.0,0.0,0,-107875648.0,77,0.0,154,0.0,2.6533922776413385e+23,ERR,ERR,ERR,ERR,ERR,ERR,ERR,ERR,ERR,ERR,ERR,ERR,ERR,ERR,ERR,ERR,ERR,ERR,ERR,ERR,ERR,ERR,ERR,ERR,ERR,ERR,ERR,ERR,ERR,ERR,ERR,ERR,ERR,ERR,ERR,ERR,ERR,ERR,ERR,ERR,ERR,ERR,ERR,ERR,ERR,ERR,ERR,ERR,ERR,ERR,ERR,ERR,ERR,ERR,ERR,ERR,ERR,ERR,ERR,ERR,ERR,ERR,ERR,ERR,ERR,ERR,ERR,34.0,80.0,35,0.0,0.0,0.0,0.0,0.0,0.0,0.0,0.0,0.0,0.0,0.0,0.0,0.0,0.0,0.0,0.0,66.0,0,121,58,54,65476,0,300,0,0,8,20529,65476,0,0,57672,80.0,0.0,0.0,0.0,0.0,0.0
2026-06-18T02:05:15,ERR,ERR,ERR,ERR,ERR,ERR,ERR,ERR,ERR,ERR,ERR,ERR,ERR,ERR,ERR,ERR,ERR,ERR,ERR,ERR,ERR,ERR,ERR,ERR,ERR,ERR,ERR,ERR,ERR,ERR,ERR,ERR,ERR,ERR,ERR,ERR,ERR,ERR,ERR,ERR,ERR,ERR,ERR,ERR,ERR,ERR,ERR,ERR,ERR,ERR,ERR,ERR,ERR,ERR,ERR,ERR,ERR,ERR,ERR,ERR,ERR,ERR,ERR,ERR,ERR,ERR,ERR,ERR,ERR,ERR,ERR,ERR,ERR,ERR,ERR,ERR,ERR,ERR,ERR,ERR,ERR,ERR,ERR,ERR,ERR,ERR,ERR,ERR,ERR,ERR,ERR,ERR,ERR,ERR,ERR,ERR,ERR,ERR,ERR,ERR,ERR,ERR,ERR,ERR,ERR,ERR,ERR,ERR,ERR,ERR,ERR,ERR,ERR,ERR,ERR,ERR,ERR,ERR,ERR,ERR,ERR,ERR,ERR,ERR,ERR,-107615400.0,-107615392.0,0.0,0.059,0.0,1.3936040501711995e+18,7.805,-0.0,0,0,4,48901,6720,14723890282496.0,100,0.0,0.0,0.0,0.0,0.0,0,0,0,0,0.0,0,0,0,0,0,0,0,0,0,0,0,0,0,0,0,0,0,0,0,0,0,0,0,0,0,0,0,0,0,0,0,0,0,26,51,50,76,65476,0,300,0,0,8,21553,0.0,-107605600.0,0.0,0.0,0.0,0.0,0.0,0.0,0.0,0.0,0.0,0.0,0.0,0.0,0.0,0.0,0.0,0.0,0.0,0.0,0.0,0.0,2.004,0.0,-0.0,0.0,0.0,0.0,0.0,0.0,4706.0,-2.004,7318.0,-107615400.0,-107615392.0,0.0,-0.0,0.0,0.0,0.0,0.0,77,-0.0,0.0,0.0,0.0,0.0,0.0,0.0,0.0,0.0,0,0,0,0.0,0.0,0.0,0.0,0.0,0.0,0.0,0.0,0.0,0.0,0.0,0.0,0.0,0.0,0.0,0.0,0,-107875648.0,77,0.0,154,0.0,2.6533922776413385e+23,ERR,ERR,ERR,ERR,ERR,ERR,ERR,ERR,ERR,ERR,ERR,ERR,ERR,ERR,ERR,ERR,ERR,ERR,ERR,ERR,ERR,ERR,ERR,ERR,ERR,ERR,ERR,ERR,ERR,ERR,ERR,ERR,ERR,ERR,ERR,ERR,ERR,ERR,ERR,ERR,ERR,ERR,ERR,ERR,ERR,ERR,ERR,ERR,ERR,ERR,ERR,ERR,ERR,ERR,ERR,ERR,ERR,ERR,ERR,ERR,ERR,ERR,ERR,ERR,ERR,ERR,ERR,34.0,80.0,35,0.0,0.0,0.0,0.0,0.0,0.0,0.0,0.0,0.0,0.0,0.0,0.0,0.0,0.0,0.0,0.0,66.0,0,121,58,54,65476,0,300,0,0,8,20529,65476,0,0,57672,80.0,0.0,0.0,0.0,0.0,0.0
2026-06-18T02:05:16,ERR,ERR,ERR,ERR,ERR,ERR,ERR,ERR,ERR,ERR,ERR,ERR,ERR,ERR,ERR,ERR,ERR,ERR,ERR,ERR,ERR,ERR,ERR,ERR,ERR,ERR,ERR,ERR,ERR,ERR,ERR,ERR,ERR,ERR,ERR,ERR,ERR,ERR,ERR,ERR,ERR,ERR,ERR,ERR,ERR,ERR,ERR,ERR,ERR,ERR,ERR,ERR,ERR,ERR,ERR,ERR,ERR,ERR,ERR,ERR,ERR,ERR,ERR,ERR,ERR,ERR,ERR,ERR,ERR,ERR,ERR,ERR,ERR,ERR,ERR,ERR,ERR,ERR,ERR,ERR,ERR,ERR,ERR,ERR,ERR,ERR,ERR,ERR,ERR,ERR,ERR,ERR,ERR,ERR,ERR,ERR,ERR,ERR,ERR,ERR,ERR,ERR,ERR,ERR,ERR,ERR,ERR,ERR,ERR,ERR,ERR,ERR,ERR,ERR,ERR,ERR,ERR,ERR,ERR,ERR,ERR,ERR,ERR,ERR,ERR,-107615400.0,-107615392.0,0.0,-152005385388032.0,-2.012,1.3936040501711995e+18,7.805,0.0,0,0,4,48906,6720,14723890282496.0,100,0.0,0.0,0.0,0.059,0.0,0,0,0,0,0.0,0,0,0,0,0,0,0,0,0,0,0,0,0,0,0,0,0,0,0,0,0,0,0,0,0,0,0,0,0,0,0,0,0,26,51,50,76,65476,0,300,0,0,8,21553,0.0,-107605600.0,0.0,0.0,0.0,0.0,0.0,0.0,0.0,0.0,0.0,0.0,0.0,0.0,-2.596148429267414e+33,0.0,0.0,0.0,0.0,0.0,0.0,0.0,2.004,0.0,-0.0,0.0,0.0,0.0,0.0,0.0,4707.0,-0.0,7315.0,-107615400.0,-107615392.0,0.0,-0.0,0.0,0.0,0.0,0.0,77,-0.0,-3.22199834002519e+26,0.0,0.0,0.0,0.0,0.0,0.0,0.0,0,0,0,0.0,0.0,0.0,0.0,0.0,0.0,0.0,0.0,0.0,0.0,0.0,0.0,0.0,0.0,0.0,0.0,0,-107875648.0,77,0.0,154,0.0,2.6533922776413385e+23,ERR,ERR,ERR,ERR,ERR,ERR,ERR,ERR,ERR,ERR,ERR,ERR,ERR,ERR,ERR,ERR,ERR,ERR,ERR,ERR,ERR,ERR,ERR,ERR,ERR,ERR,ERR,ERR,ERR,ERR,ERR,ERR,ERR,ERR,ERR,ERR,ERR,ERR,ERR,ERR,ERR,ERR,ERR,ERR,ERR,ERR,ERR,ERR,ERR,ERR,ERR,ERR,ERR,ERR,ERR,ERR,ERR,ERR,ERR,ERR,ERR,ERR,ERR,ERR,ERR,ERR,ERR,34.0,80.0,35,0.0,0.0,0.0,0.0,0.0,0.0,0.0,0.0,0.0,0.0,0.0,0.0,0.0,0.0,0.0,0.0,66.0,0,121,58,54,65476,0,300,0,0,8,20529,65476,0,0,57672,80.0,0.0,0.0,0.0,0.0,0.0
2026-06-18T02:05:17,ERR,ERR,ERR,ERR,ERR,ERR,ERR,ERR,ERR,ERR,ERR,ERR,ERR,ERR,ERR,ERR,ERR,ERR,ERR,ERR,ERR,ERR,ERR,ERR,ERR,ERR,ERR,ERR,ERR,ERR,ERR,ERR,ERR,ERR,ERR,ERR,ERR,ERR,ERR,ERR,ERR,ERR,ERR,ERR,ERR,ERR,ERR,ERR,ERR,ERR,ERR,ERR,ERR,ERR,ERR,ERR,ERR,ERR,ERR,ERR,ERR,ERR,ERR,ERR,ERR,ERR,ERR,ERR,ERR,ERR,ERR,ERR,ERR,ERR,ERR,ERR,ERR,ERR,ERR,ERR,ERR,ERR,ERR,ERR,ERR,ERR,ERR,ERR,ERR,ERR,ERR,ERR,ERR,ERR,ERR,ERR,ERR,ERR,ERR,ERR,ERR,ERR,ERR,ERR,ERR,ERR,ERR,ERR,ERR,ERR,ERR,ERR,ERR,ERR,ERR,ERR,ERR,ERR,ERR,ERR,ERR,ERR,ERR,ERR,ERR,-107615400.0,-107615392.0,0.0,-152005385388032.0,-2.012,1.3936040501711995e+18,7.805,0.0,0,0,4,48906,6720,14723890282496.0,100,0.0,0.0,0.0,0.059,0.0,0,0,0,0,0.0,0,0,0,0,0,0,0,0,0,0,0,0,0,0,0,0,0,0,0,0,0,0,0,0,0,0,0,0,0,0,0,0,0,26,51,50,76,65476,0,300,0,0,8,21553,0.0,-107605600.0,0.0,0.0,0.0,0.0,0.0,0.0,0.0,0.0,0.0,0.0,0.0,0.0,-2.596148429267414e+33,0.0,0.0,0.0,0.0,0.0,0.0,0.0,2.004,0.0,-0.0,0.0,0.0,0.0,0.0,0.0,4707.0,-0.0,7315.0,-107615400.0,-107615392.0,0.0,-0.0,0.0,0.0,0.0,0.0,77,-0.0,-3.22199834002519e+26,0.0,0.0,0.0,0.0,0.0,0.0,0.0,0,0,0,0.0,0.0,0.0,0.0,0.0,0.0,0.0,0.0,0.0,0.0,0.0,0.0,0.0,0.0,0.0,0.0,0,-107875648.0,77,0.0,154,0.0,2.6533922776413385e+23,ERR,ERR,ERR,ERR,ERR,ERR,ERR,ERR,ERR,ERR,ERR,ERR,ERR,ERR,ERR,ERR,ERR,ERR,ERR,ERR,ERR,ERR,ERR,ERR,ERR,ERR,ERR,ERR,ERR,ERR,ERR,ERR,ERR,ERR,ERR,ERR,ERR,ERR,ERR,ERR,ERR,ERR,ERR,ERR,ERR,ERR,ERR,ERR,ERR,ERR,ERR,ERR,ERR,ERR,ERR,ERR,ERR,ERR,ERR,ERR,ERR,ERR,ERR,ERR,ERR,ERR,ERR,34.0,80.0,35,0.0,0.0,0.0,0.0,0.0,0.0,0.0,0.0,0.0,0.0,0.0,0.0,0.0,0.0,0.0,0.0,66.0,0,121,58,54,65476,0,300,0,0,8,20529,65476,0,0,57672,80.0,0.0,0.0,0.0,0.0,0.0
2026-06-18T02:05:18,ERR,ERR,ERR,ERR,ERR,ERR,ERR,ERR,ERR,ERR,ERR,ERR,ERR,ERR,ERR,ERR,ERR,ERR,ERR,ERR,ERR,ERR,ERR,ERR,ERR,ERR,ERR,ERR,ERR,ERR,ERR,ERR,ERR,ERR,ERR,ERR,ERR,ERR,ERR,ERR,ERR,ERR,ERR,ERR,ERR,ERR,ERR,ERR,ERR,ERR,ERR,ERR,ERR,ERR,ERR,ERR,ERR,ERR,ERR,ERR,ERR,ERR,ERR,ERR,ERR,ERR,ERR,ERR,ERR,ERR,ERR,ERR,ERR,ERR,ERR,ERR,ERR,ERR,ERR,ERR,ERR,ERR,ERR,ERR,ERR,ERR,ERR,ERR,ERR,ERR,ERR,ERR,ERR,ERR,ERR,ERR,ERR,ERR,ERR,ERR,ERR,ERR,ERR,ERR,ERR,ERR,ERR,ERR,ERR,ERR,ERR,ERR,ERR,ERR,ERR,ERR,ERR,ERR,ERR,ERR,ERR,ERR,ERR,ERR,ERR,-107615400.0,-107615392.0,0.0,-152005385388032.0,-2.012,1.3936040501711995e+18,7.805,0.0,0,0,4,48906,6720,14723890282496.0,100,0.0,0.0,0.0,0.059,0.0,0,0,0,0,0.0,0,0,0,0,0,0,0,0,0,0,0,0,0,0,0,0,0,0,0,0,0,0,0,0,0,0,0,0,0,0,0,0,0,26,51,50,76,65476,0,300,0,0,8,21553,0.0,-107605600.0,0.0,0.0,0.0,0.0,0.0,0.0,0.0,0.0,0.0,0.0,0.0,0.0,-2.596148429267414e+33,0.0,0.0,0.0,0.0,0.0,0.0,0.0,2.004,0.0,-0.0,0.0,0.0,0.0,0.0,0.0,4707.0,-0.0,7315.0,-107615400.0,-107615392.0,0.0,-0.0,0.0,0.0,0.0,0.0,77,-0.0,-3.22199834002519e+26,0.0,0.0,0.0,0.0,0.0,0.0,0.0,0,0,0,0.0,0.0,0.0,0.0,0.0,0.0,0.0,0.0,0.0,0.0,0.0,0.0,0.0,0.0,0.0,0.0,0,-107875648.0,77,0.0,154,0.0,2.6533922776413385e+23,ERR,ERR,ERR,ERR,ERR,ERR,ERR,ERR,ERR,ERR,ERR,ERR,ERR,ERR,ERR,ERR,ERR,ERR,ERR,ERR,ERR,ERR,ERR,ERR,ERR,ERR,ERR,ERR,ERR,ERR,ERR,ERR,ERR,ERR,ERR,ERR,ERR,ERR,ERR,ERR,ERR,ERR,ERR,ERR,ERR,ERR,ERR,ERR,ERR,ERR,ERR,ERR,ERR,ERR,ERR,ERR,ERR,ERR,ERR,ERR,ERR,ERR,ERR,ERR,ERR,ERR,ERR,34.0,80.0,35,0.0,0.0,0.0,0.0,0.0,0.0,0.0,0.0,0.0,0.0,0.0,0.0,0.0,0.0,0.0,0.0,66.0,0,121,58,54,65476,0,300,0,0,8,20529,65476,0,0,57672,80.0,0.0,0.0,0.0,0.0,0.0
2026-06-18T02:05:19,ERR,ERR,ERR,ERR,ERR,ERR,ERR,ERR,ERR,ERR,ERR,ERR,ERR,ERR,ERR,ERR,ERR,ERR,ERR,ERR,ERR,ERR,ERR,ERR,ERR,ERR,ERR,ERR,ERR,ERR,ERR,ERR,ERR,ERR,ERR,ERR,ERR,ERR,ERR,ERR,ERR,ERR,ERR,ERR,ERR,ERR,ERR,ERR,ERR,ERR,ERR,ERR,ERR,ERR,ERR,ERR,ERR,ERR,ERR,ERR,ERR,ERR,ERR,ERR,ERR,ERR,ERR,ERR,ERR,ERR,ERR,ERR,ERR,ERR,ERR,ERR,ERR,ERR,ERR,ERR,ERR,ERR,ERR,ERR,ERR,ERR,ERR,ERR,ERR,ERR,ERR,ERR,ERR,ERR,ERR,ERR,ERR,ERR,ERR,ERR,ERR,ERR,ERR,ERR,ERR,ERR,ERR,ERR,ERR,ERR,ERR,ERR,ERR,ERR,ERR,ERR,ERR,ERR,ERR,ERR,ERR,ERR,ERR,ERR,ERR,-107615400.0,-107615392.0,0.0,-152005385388032.0,-2.012,1.3936040501711995e+18,7.805,0.0,0,0,4,48906,6720,14723890282496.0,100,0.0,0.0,0.0,0.059,0.0,0,0,0,0,0.0,0,0,0,0,0,0,0,0,0,0,0,0,0,0,0,0,0,0,0,0,0,0,0,0,0,0,0,0,0,0,0,0,0,26,51,50,76,65476,0,300,0,0,8,21553,0.0,-107605600.0,0.0,0.0,0.0,0.0,0.0,0.0,0.0,0.0,0.0,0.0,0.0,0.0,-2.596148429267414e+33,0.0,0.0,0.0,0.0,0.0,0.0,0.0,2.004,0.0,-0.0,0.0,0.0,0.0,0.0,0.0,4707.0,-0.0,7315.0,-107615400.0,-107615392.0,0.0,-0.0,0.0,0.0,0.0,0.0,77,-0.0,-3.22199834002519e+26,0.0,0.0,0.0,0.0,0.0,0.0,0.0,0,0,0,0.0,0.0,0.0,0.0,0.0,0.0,0.0,0.0,0.0,0.0,0.0,0.0,0.0,0.0,0.0,0.0,0,-107875648.0,77,0.0,154,0.0,2.6533922776413385e+23,ERR,ERR,ERR,ERR,ERR,ERR,ERR,ERR,ERR,ERR,ERR,ERR,ERR,ERR,ERR,ERR,ERR,ERR,ERR,ERR,ERR,ERR,ERR,ERR,ERR,ERR,ERR,ERR,ERR,ERR,ERR,ERR,ERR,ERR,ERR,ERR,ERR,ERR,ERR,ERR,ERR,ERR,ERR,ERR,ERR,ERR,ERR,ERR,ERR,ERR,ERR,ERR,ERR,ERR,ERR,ERR,ERR,ERR,ERR,ERR,ERR,ERR,ERR,ERR,ERR,ERR,ERR,34.0,80.0,35,0.0,0.0,0.0,0.0,0.0,0.0,0.0,0.0,0.0,0.0,0.0,0.0,0.0,0.0,0.0,0.0,66.0,0,121,58,54,65476,0,300,0,0,8,20529,65476,0,0,57672,80.0,0.0,0.0,0.0,0.0,0.0
2026-06-18T02:05:20,ERR,ERR,ERR,ERR,ERR,ERR,ERR,ERR,ERR,ERR,ERR,ERR,ERR,ERR,ERR,ERR,ERR,ERR,ERR,ERR,ERR,ERR,ERR,ERR,ERR,ERR,ERR,ERR,ERR,ERR,ERR,ERR,ERR,ERR,ERR,ERR,ERR,ERR,ERR,ERR,ERR,ERR,ERR,ERR,ERR,ERR,ERR,ERR,ERR,ERR,ERR,ERR,ERR,ERR,ERR,ERR,ERR,ERR,ERR,ERR,ERR,ERR,ERR,ERR,ERR,ERR,ERR,ERR,ERR,ERR,ERR,ERR,ERR,ERR,ERR,ERR,ERR,ERR,ERR,ERR,ERR,ERR,ERR,ERR,ERR,ERR,ERR,ERR,ERR,ERR,ERR,ERR,ERR,ERR,ERR,ERR,ERR,ERR,ERR,ERR,ERR,ERR,ERR,ERR,ERR,ERR,ERR,ERR,ERR,ERR,ERR,ERR,ERR,ERR,ERR,ERR,ERR,ERR,ERR,ERR,ERR,ERR,ERR,ERR,ERR,-107615400.0,-107615392.0,0.0,-152005385388032.0,-2.012,1.3936040501711995e+18,7.805,0.0,0,0,4,48906,6720,14723890282496.0,100,0.0,0.0,0.0,0.059,0.0,0,0,0,0,0.0,0,0,0,0,0,0,0,0,0,0,0,0,0,0,0,0,0,0,0,0,0,0,0,0,0,0,0,0,0,0,0,0,0,26,51,50,76,65476,0,300,0,0,8,21553,0.0,-107605600.0,0.0,0.0,0.0,0.0,0.0,0.0,0.0,0.0,0.0,0.0,0.0,0.0,-2.596148429267414e+33,0.0,0.0,0.0,0.0,0.0,0.0,0.0,2.004,0.0,-0.0,0.0,0.0,0.0,0.0,0.0,4707.0,-0.0,7315.0,-107615400.0,-107615392.0,0.0,-0.0,0.0,0.0,0.0,0.0,77,-0.0,-3.22199834002519e+26,0.0,0.0,0.0,0.0,0.0,0.0,0.0,0,0,0,0.0,0.0,0.0,0.0,0.0,0.0,0.0,0.0,0.0,0.0,0.0,0.0,0.0,0.0,0.0,0.0,0,-107875648.0,77,0.0,154,0.0,2.6533922776413385e+23,ERR,ERR,ERR,ERR,ERR,ERR,ERR,ERR,ERR,ERR,ERR,ERR,ERR,ERR,ERR,ERR,ERR,ERR,ERR,ERR,ERR,ERR,ERR,ERR,ERR,ERR,ERR,ERR,ERR,ERR,ERR,ERR,ERR,ERR,ERR,ERR,ERR,ERR,ERR,ERR,ERR,ERR,ERR,ERR,ERR,ERR,ERR,ERR,ERR,ERR,ERR,ERR,ERR,ERR,ERR,ERR,ERR,ERR,ERR,ERR,ERR,ERR,ERR,ERR,ERR,ERR,ERR,34.0,80.0,35,0.0,0.0,0.0,0.0,0.0,0.0,0.0,0.0,0.0,0.0,0.0,0.0,0.0,0.0,0.0,0.0,66.0,0,121,58,54,65476,0,300,0,0,8,20529,65476,0,0,57672,80.0,0.0,0.0,0.0,0.0,0.0
2026-06-18T02:05:21,ERR,ERR,ERR,ERR,ERR,ERR,ERR,ERR,ERR,ERR,ERR,ERR,ERR,ERR,ERR,ERR,ERR,ERR,ERR,ERR,ERR,ERR,ERR,ERR,ERR,ERR,ERR,ERR,ERR,ERR,ERR,ERR,ERR,ERR,ERR,ERR,ERR,ERR,ERR,ERR,ERR,ERR,ERR,ERR,ERR,ERR,ERR,ERR,ERR,ERR,ERR,ERR,ERR,ERR,ERR,ERR,ERR,ERR,ERR,ERR,ERR,ERR,ERR,ERR,ERR,ERR,ERR,ERR,ERR,ERR,ERR,ERR,ERR,ERR,ERR,ERR,ERR,ERR,ERR,ERR,ERR,ERR,ERR,ERR,ERR,ERR,ERR,ERR,ERR,ERR,ERR,ERR,ERR,ERR,ERR,ERR,ERR,ERR,ERR,ERR,ERR,ERR,ERR,ERR,ERR,ERR,ERR,ERR,ERR,ERR,ERR,ERR,ERR,ERR,ERR,ERR,ERR,ERR,ERR,ERR,ERR,ERR,ERR,ERR,ERR,-107615400.0,-107615392.0,0.0,-152005385388032.0,-2.012,1.3936040501711995e+18,7.805,0.0,0,0,4,48906,6720,14723890282496.0,100,0.0,0.0,0.0,0.059,0.0,0,0,0,0,0.0,0,0,0,0,0,0,0,0,0,0,0,0,0,0,0,0,0,0,0,0,0,0,0,0,0,0,0,0,0,0,0,0,0,26,51,50,76,65476,0,300,0,0,8,21553,0.0,-107605600.0,0.0,0.0,0.0,0.0,0.0,0.0,0.0,0.0,0.0,0.0,0.0,0.0,-2.596148429267414e+33,0.0,0.0,0.0,0.0,0.0,0.0,0.0,2.004,0.0,-0.0,0.0,0.0,0.0,0.0,0.0,4707.0,-0.0,7315.0,-107615400.0,-107615392.0,0.0,-0.0,0.0,0.0,0.0,0.0,77,-0.0,-3.22199834002519e+26,0.0,0.0,0.0,0.0,0.0,0.0,0.0,0,0,0,0.0,0.0,0.0,0.0,0.0,0.0,0.0,0.0,0.0,0.0,0.0,0.0,0.0,0.0,0.0,0.0,0,-107875648.0,77,0.0,154,0.0,2.6533922776413385e+23,ERR,ERR,ERR,ERR,ERR,ERR,ERR,ERR,ERR,ERR,ERR,ERR,ERR,ERR,ERR,ERR,ERR,ERR,ERR,ERR,ERR,ERR,ERR,ERR,ERR,ERR,ERR,ERR,ERR,ERR,ERR,ERR,ERR,ERR,ERR,ERR,ERR,ERR,ERR,ERR,ERR,ERR,ERR,ERR,ERR,ERR,ERR,ERR,ERR,ERR,ERR,ERR,ERR,ERR,ERR,ERR,ERR,ERR,ERR,ERR,ERR,ERR,ERR,ERR,ERR,ERR,ERR,34.0,80.0,35,0.0,0.0,0.0,0.0,0.0,0.0,0.0,0.0,0.0,0.0,0.0,0.0,0.0,0.0,0.0,0.0,66.4,0,121,58,54,65476,0,300,0,0,8,20529,65476,0,0,57672,80.0,0.0,0.0,0.0,0.0,0.0
2026-06-18T02:05:22,ERR,ERR,ERR,ERR,ERR,ERR,ERR,ERR,ERR,ERR,ERR,ERR,ERR,ERR,ERR,ERR,ERR,ERR,ERR,ERR,ERR,ERR,ERR,ERR,ERR,ERR,ERR,ERR,ERR,ERR,ERR,ERR,ERR,ERR,ERR,ERR,ERR,ERR,ERR,ERR,ERR,ERR,ERR,ERR,ERR,ERR,ERR,ERR,ERR,ERR,ERR,ERR,ERR,ERR,ERR,ERR,ERR,ERR,ERR,ERR,ERR,ERR,ERR,ERR,ERR,ERR,ERR,ERR,ERR,ERR,ERR,ERR,ERR,ERR,ERR,ERR,ERR,ERR,ERR,ERR,ERR,ERR,ERR,ERR,ERR,ERR,ERR,ERR,ERR,ERR,ERR,ERR,ERR,ERR,ERR,ERR,ERR,ERR,ERR,ERR,ERR,ERR,ERR,ERR,ERR,ERR,ERR,ERR,ERR,ERR,ERR,ERR,ERR,ERR,ERR,ERR,ERR,ERR,ERR,ERR,ERR,ERR,ERR,ERR,ERR,-107615400.0,-107615392.0,0.0,-152005385388032.0,-2.012,1.3936040501711995e+18,7.805,0.0,0,0,4,48903,6720,14723890282496.0,100,0.0,0.0,0.0,-152005385388032.0,0.0,0,0,0,0,0.0,0,0,0,0,0,0,0,0,0,0,0,0,0,0,0,0,0,0,0,0,0,0,0,0,0,0,0,0,0,0,0,0,0,26,51,50,76,65476,0,300,0,0,8,21553,0.0,-107605600.0,0.0,0.0,0.0,0.0,0.0,0.0,0.0,0.0,0.0,0.0,0.0,0.0,0.0,0.0,0.0,0.0,0.0,0.0,0.0,0.0,2.004,0.0,-0.0,0.0,0.0,0.0,0.0,0.0,4710.0,-0.0,7313.0,-107615400.0,-107615392.0,0.0,-0.0,0.0,0.0,0.0,0.0,77,-71.63,-152017079107584.0,0.0,0.0,0.0,0.0,0.0,0.0,0.0,0,0,0,0.0,0.0,0.0,0.0,0.0,0.0,0.0,0.0,0.0,0.0,0.0,0.0,0.0,0.0,0.0,0.0,0,-107875648.0,77,0.0,154,0.0,2.6533922776413385e+23,ERR,ERR,ERR,ERR,ERR,ERR,ERR,ERR,ERR,ERR,ERR,ERR,ERR,ERR,ERR,ERR,ERR,ERR,ERR,ERR,ERR,ERR,ERR,ERR,ERR,ERR,ERR,ERR,ERR,ERR,ERR,ERR,ERR,ERR,ERR,ERR,ERR,ERR,ERR,ERR,ERR,ERR,ERR,ERR,ERR,ERR,ERR,ERR,ERR,ERR,ERR,ERR,ERR,ERR,ERR,ERR,ERR,ERR,ERR,ERR,ERR,ERR,ERR,ERR,ERR,ERR,ERR,34.0,80.0,35,0.0,0.0,0.0,0.0,0.0,0.0,0.0,0.0,0.0,0.0,0.0,0.0,0.0,0.0,0.0,0.0,66.0,0,121,58,54,65476,0,300,0,0,8,20529,65476,0,0,57672,80.0,0.0,0.0,0.0,0.0,0.0
2026-06-18T02:05:23,ERR,ERR,ERR,ERR,ERR,ERR,ERR,ERR,ERR,ERR,ERR,ERR,ERR,ERR,ERR,ERR,ERR,ERR,ERR,ERR,ERR,ERR,ERR,ERR,ERR,ERR,ERR,ERR,ERR,ERR,ERR,ERR,ERR,ERR,ERR,ERR,ERR,ERR,ERR,ERR,ERR,ERR,ERR,ERR,ERR,ERR,ERR,ERR,ERR,ERR,ERR,ERR,ERR,ERR,ERR,ERR,ERR,ERR,ERR,ERR,ERR,ERR,ERR,ERR,ERR,ERR,ERR,ERR,ERR,ERR,ERR,ERR,ERR,ERR,ERR,ERR,ERR,ERR,ERR,ERR,ERR,ERR,ERR,ERR,ERR,ERR,ERR,ERR,ERR,ERR,ERR,ERR,ERR,ERR,ERR,ERR,ERR,ERR,ERR,ERR,ERR,ERR,ERR,ERR,ERR,ERR,ERR,ERR,ERR,ERR,ERR,ERR,ERR,ERR,ERR,ERR,ERR,ERR,ERR,ERR,ERR,ERR,ERR,ERR,ERR,-107615400.0,-107615392.0,0.0,-152005385388032.0,-2.012,1.3936040501711995e+18,7.805,0.0,0,0,4,48903,6720,14723890282496.0,100,0.0,0.0,0.0,-152005385388032.0,0.0,0,0,0,0,0.0,0,0,0,0,0,0,0,0,0,0,0,0,0,0,0,0,0,0,0,0,0,0,0,0,0,0,0,0,0,0,0,0,0,26,51,50,76,65476,0,300,0,0,8,21553,0.0,-107605600.0,0.0,0.0,0.0,0.0,0.0,0.0,0.0,0.0,0.0,0.0,0.0,0.0,0.0,0.0,0.0,0.0,0.0,0.0,0.0,0.0,2.004,0.0,-0.0,0.0,0.0,0.0,0.0,0.0,4710.0,-0.0,7313.0,-107615400.0,-107615392.0,0.0,-0.0,0.0,0.0,0.0,0.0,77,-71.63,-152017079107584.0,0.0,0.0,0.0,0.0,0.0,0.0,0.0,0,0,0,0.0,0.0,0.0,0.0,0.0,0.0,0.0,0.0,0.0,0.0,0.0,0.0,0.0,0.0,0.0,0.0,0,-107875648.0,77,0.0,154,0.0,2.6533922776413385e+23,ERR,ERR,ERR,ERR,ERR,ERR,ERR,ERR,ERR,ERR,ERR,ERR,ERR,ERR,ERR,ERR,ERR,ERR,ERR,ERR,ERR,ERR,ERR,ERR,ERR,ERR,ERR,ERR,ERR,ERR,ERR,ERR,ERR,ERR,ERR,ERR,ERR,ERR,ERR,ERR,ERR,ERR,ERR,ERR,ERR,ERR,ERR,ERR,ERR,ERR,ERR,ERR,ERR,ERR,ERR,ERR,ERR,ERR,ERR,ERR,ERR,ERR,ERR,ERR,ERR,ERR,ERR,34.0,80.0,35,0.0,0.0,0.0,0.0,0.0,0.0,0.0,0.0,0.0,0.0,0.0,0.0,0.0,0.0,0.0,0.0,66.0,0,121,58,54,65476,0,300,0,0,8,20529,65476,0,0,57672,80.0,0.0,0.0,0.0,0.0,0.0
2026-06-18T02:05:24,ERR,ERR,ERR,ERR,ERR,ERR,ERR,ERR,ERR,ERR,ERR,ERR,ERR,ERR,ERR,ERR,ERR,ERR,ERR,ERR,ERR,ERR,ERR,ERR,ERR,ERR,ERR,ERR,ERR,ERR,ERR,ERR,ERR,ERR,ERR,ERR,ERR,ERR,ERR,ERR,ERR,ERR,ERR,ERR,ERR,ERR,ERR,ERR,ERR,ERR,ERR,ERR,ERR,ERR,ERR,ERR,ERR,ERR,ERR,ERR,ERR,ERR,ERR,ERR,ERR,ERR,ERR,ERR,ERR,ERR,ERR,ERR,ERR,ERR,ERR,ERR,ERR,ERR,ERR,ERR,ERR,ERR,ERR,ERR,ERR,ERR,ERR,ERR,ERR,ERR,ERR,ERR,ERR,ERR,ERR,ERR,ERR,ERR,ERR,ERR,ERR,ERR,ERR,ERR,ERR,ERR,ERR,ERR,ERR,ERR,ERR,ERR,ERR,ERR,ERR,ERR,ERR,ERR,ERR,ERR,ERR,ERR,ERR,ERR,ERR,-107615400.0,-107615392.0,0.0,-152005385388032.0,-2.012,1.3936040501711995e+18,7.805,0.0,0,0,4,48903,6720,14723890282496.0,100,0.0,0.0,0.0,-152005385388032.0,0.0,0,0,0,0,0.0,0,0,0,0,0,0,0,0,0,0,0,0,0,0,0,0,0,0,0,0,0,0,0,0,0,0,0,0,0,0,0,0,0,26,51,50,76,65476,0,300,0,0,8,21553,0.0,-107605600.0,0.0,0.0,0.0,0.0,0.0,0.0,0.0,0.0,0.0,0.0,0.0,0.0,0.0,0.0,0.0,0.0,0.0,0.0,0.0,0.0,2.004,0.0,-0.0,0.0,0.0,0.0,0.0,0.0,4710.0,-0.0,7313.0,-107615400.0,-107615392.0,0.0,-0.0,0.0,0.0,0.0,0.0,77,-71.63,-152017079107584.0,0.0,0.0,0.0,0.0,0.0,0.0,0.0,0,0,0,0.0,0.0,0.0,0.0,0.0,0.0,0.0,0.0,0.0,0.0,0.0,0.0,0.0,0.0,0.0,0.0,0,-107875648.0,77,0.0,154,0.0,2.6533922776413385e+23,ERR,ERR,ERR,ERR,ERR,ERR,ERR,ERR,ERR,ERR,ERR,ERR,ERR,ERR,ERR,ERR,ERR,ERR,ERR,ERR,ERR,ERR,ERR,ERR,ERR,ERR,ERR,ERR,ERR,ERR,ERR,ERR,ERR,ERR,ERR,ERR,ERR,ERR,ERR,ERR,ERR,ERR,ERR,ERR,ERR,ERR,ERR,ERR,ERR,ERR,ERR,ERR,ERR,ERR,ERR,ERR,ERR,ERR,ERR,ERR,ERR,ERR,ERR,ERR,ERR,ERR,ERR,34.0,80.0,35,0.0,0.0,0.0,0.0,0.0,0.0,0.0,0.0,0.0,0.0,0.0,0.0,0.0,0.0,0.0,0.0,66.0,0,121,58,54,65476,0,300,0,0,8,20529,65476,0,0,57672,80.0,0.0,0.0,0.0,0.0,0.0
2026-06-18T02:05:25,ERR,ERR,ERR,ERR,ERR,ERR,ERR,ERR,ERR,ERR,ERR,ERR,ERR,ERR,ERR,ERR,ERR,ERR,ERR,ERR,ERR,ERR,ERR,ERR,ERR,ERR,ERR,ERR,ERR,ERR,ERR,ERR,ERR,ERR,ERR,ERR,ERR,ERR,ERR,ERR,ERR,ERR,ERR,ERR,ERR,ERR,ERR,ERR,ERR,ERR,ERR,ERR,ERR,ERR,ERR,ERR,ERR,ERR,ERR,ERR,ERR,ERR,ERR,ERR,ERR,ERR,ERR,ERR,ERR,ERR,ERR,ERR,ERR,ERR,ERR,ERR,ERR,ERR,ERR,ERR,ERR,ERR,ERR,ERR,ERR,ERR,ERR,ERR,ERR,ERR,ERR,ERR,ERR,ERR,ERR,ERR,ERR,ERR,ERR,ERR,ERR,ERR,ERR,ERR,ERR,ERR,ERR,ERR,ERR,ERR,ERR,ERR,ERR,ERR,ERR,ERR,ERR,ERR,ERR,ERR,ERR,ERR,ERR,ERR,ERR,-107615400.0,-107615392.0,0.0,-152005385388032.0,-2.012,1.3936040501711995e+18,7.805,0.0,0,0,4,48903,6720,14723890282496.0,100,0.0,0.0,0.0,-152005385388032.0,0.0,0,0,0,0,0.0,0,0,0,0,0,0,0,0,0,0,0,0,0,0,0,0,0,0,0,0,0,0,0,0,0,0,0,0,0,0,0,0,0,26,51,50,76,65476,0,300,0,0,8,21553,0.0,-107605600.0,0.0,0.0,0.0,0.0,0.0,0.0,0.0,0.0,0.0,0.0,0.0,0.0,0.0,0.0,0.0,0.0,0.0,0.0,0.0,0.0,2.004,0.0,-0.0,0.0,0.0,0.0,0.0,0.0,4710.0,-0.0,7313.0,-107615400.0,-107615392.0,0.0,-0.0,0.0,0.0,0.0,0.0,77,-71.63,-152017079107584.0,0.0,0.0,0.0,0.0,0.0,0.0,0.0,0,0,0,0.0,0.0,0.0,0.0,0.0,0.0,0.0,0.0,0.0,0.0,0.0,0.0,0.0,0.0,0.0,0.0,0,-107875648.0,77,0.0,154,0.0,2.6533922776413385e+23,ERR,ERR,ERR,ERR,ERR,ERR,ERR,ERR,ERR,ERR,ERR,ERR,ERR,ERR,ERR,ERR,ERR,ERR,ERR,ERR,ERR,ERR,ERR,ERR,ERR,ERR,ERR,ERR,ERR,ERR,ERR,ERR,ERR,ERR,ERR,ERR,ERR,ERR,ERR,ERR,ERR,ERR,ERR,ERR,ERR,ERR,ERR,ERR,ERR,ERR,ERR,ERR,ERR,ERR,ERR,ERR,ERR,ERR,ERR,ERR,ERR,ERR,ERR,ERR,ERR,ERR,ERR,34.0,80.0,35,0.0,0.0,0.0,0.0,0.0,0.0,0.0,0.0,0.0,0.0,0.0,0.0,0.0,0.0,0.0,0.0,66.0,0,121,58,54,65476,0,300,0,0,8,20529,65476,0,0,57672,80.0,0.0,0.0,0.0,0.0,0.0
2026-06-18T02:05:26,ERR,ERR,ERR,ERR,ERR,ERR,ERR,ERR,ERR,ERR,ERR,ERR,ERR,ERR,ERR,ERR,ERR,ERR,ERR,ERR,ERR,ERR,ERR,ERR,ERR,ERR,ERR,ERR,ERR,ERR,ERR,ERR,ERR,ERR,ERR,ERR,ERR,ERR,ERR,ERR,ERR,ERR,ERR,ERR,ERR,ERR,ERR,ERR,ERR,ERR,ERR,ERR,ERR,ERR,ERR,ERR,ERR,ERR,ERR,ERR,ERR,ERR,ERR,ERR,ERR,ERR,ERR,ERR,ERR,ERR,ERR,ERR,ERR,ERR,ERR,ERR,ERR,ERR,ERR,ERR,ERR,ERR,ERR,ERR,ERR,ERR,ERR,ERR,ERR,ERR,ERR,ERR,ERR,ERR,ERR,ERR,ERR,ERR,ERR,ERR,ERR,ERR,ERR,ERR,ERR,ERR,ERR,ERR,ERR,ERR,ERR,ERR,ERR,ERR,ERR,ERR,ERR,ERR,ERR,ERR,ERR,ERR,ERR,ERR,ERR,-107615400.0,-107615392.0,0.0,-152005385388032.0,-2.012,1.3936040501711995e+18,7.805,0.0,0,0,4,48903,6720,14723890282496.0,100,0.0,0.0,0.0,-152005385388032.0,0.0,0,0,0,0,0.0,0,0,0,0,0,0,0,0,0,0,0,0,0,0,0,0,0,0,0,0,0,0,0,0,0,0,0,0,0,0,0,0,0,26,51,50,76,65476,0,300,0,0,8,21553,0.0,-107605600.0,0.0,0.0,0.0,0.0,0.0,0.0,0.0,0.0,0.0,0.0,0.0,0.0,0.0,0.0,0.0,0.0,0.0,0.0,0.0,0.0,2.004,0.0,-0.0,0.0,0.0,0.0,0.0,0.0,4710.0,-0.0,7313.0,-107615400.0,-107615392.0,0.0,-0.0,0.0,0.0,0.0,0.0,77,-71.63,-152017079107584.0,0.0,0.0,0.0,0.0,0.0,0.0,0.0,0,0,0,0.0,0.0,0.0,0.0,0.0,0.0,0.0,0.0,0.0,0.0,0.0,0.0,0.0,0.0,0.0,0.0,0,-107875648.0,77,0.0,154,0.0,2.6533922776413385e+23,ERR,ERR,ERR,ERR,ERR,ERR,ERR,ERR,ERR,ERR,ERR,ERR,ERR,ERR,ERR,ERR,ERR,ERR,ERR,ERR,ERR,ERR,ERR,ERR,ERR,ERR,ERR,ERR,ERR,ERR,ERR,ERR,ERR,ERR,ERR,ERR,ERR,ERR,ERR,ERR,ERR,ERR,ERR,ERR,ERR,ERR,ERR,ERR,ERR,ERR,ERR,ERR,ERR,ERR,ERR,ERR,ERR,ERR,ERR,ERR,ERR,ERR,ERR,ERR,ERR,ERR,ERR,34.0,80.0,35,0.0,0.0,0.0,0.0,0.0,0.0,0.0,0.0,0.0,0.0,0.0,0.0,0.0,0.0,0.0,0.0,66.0,0,121,58,54,65476,0,300,0,0,8,20529,65476,0,0,57672,80.0,0.0,0.0,0.0,0.0,0.0
2026-06-18T02:05:27,ERR,ERR,ERR,ERR,ERR,ERR,ERR,ERR,ERR,ERR,ERR,ERR,ERR,ERR,ERR,ERR,ERR,ERR,ERR,ERR,ERR,ERR,ERR,ERR,ERR,ERR,ERR,ERR,ERR,ERR,ERR,ERR,ERR,ERR,ERR,ERR,ERR,ERR,ERR,ERR,ERR,ERR,ERR,ERR,ERR,ERR,ERR,ERR,ERR,ERR,ERR,ERR,ERR,ERR,ERR,ERR,ERR,ERR,ERR,ERR,ERR,ERR,ERR,ERR,ERR,ERR,ERR,ERR,ERR,ERR,ERR,ERR,ERR,ERR,ERR,ERR,ERR,ERR,ERR,ERR,ERR,ERR,ERR,ERR,ERR,ERR,ERR,ERR,ERR,ERR,ERR,ERR,ERR,ERR,ERR,ERR,ERR,ERR,ERR,ERR,ERR,ERR,ERR,ERR,ERR,ERR,ERR,ERR,ERR,ERR,ERR,ERR,ERR,ERR,ERR,ERR,ERR,ERR,ERR,ERR,ERR,ERR,ERR,ERR,ERR,-107615400.0,-107615392.0,0.0,-0.0,-0.0,1.3936040501711995e+18,7.805,0.0,0,0,4,48855,6720,14723890282496.0,100,0.0,0.0,0.0,2.718290229135658e+23,0.0,0,0,0,0,0.0,0,0,0,0,0,0,0,0,0,0,0,0,0,0,0,0,0,0,0,0,0,0,0,0,0,0,0,0,0,0,0,0,0,26,51,50,76,65476,0,300,0,0,8,21553,0.0,-107605600.0,0.0,0.0,0.0,0.0,0.0,0.0,0.0,0.0,0.0,0.0,0.0,0.0,0.0,0.0,0.0,0.0,0.0,0.0,0.0,0.0,2.004,0.0,2.004,0.0,0.0,0.0,0.0,0.0,4713.0,-0.0,7316.0,-0.0,-107615392.0,0.0,-0.0,0.0,0.0,0.0,0.0,77,-126841126912.0,-4.950396875673258e+32,0.0,0.0,0.0,0.0,0.0,0.0,0.0,0,0,0,0.0,0.0,0.0,0.0,0.0,0.0,0.0,0.0,0.0,0.0,0.0,0.0,0.0,0.0,0.0,0.0,0,-107875648.0,77,0.0,154,0.0,2.6533922776413385e+23,ERR,ERR,ERR,ERR,ERR,ERR,ERR,ERR,ERR,ERR,ERR,ERR,ERR,ERR,ERR,ERR,ERR,ERR,ERR,ERR,ERR,ERR,ERR,ERR,ERR,ERR,ERR,ERR,ERR,ERR,ERR,ERR,ERR,ERR,ERR,ERR,ERR,ERR,ERR,ERR,ERR,ERR,ERR,ERR,ERR,ERR,ERR,ERR,ERR,ERR,ERR,ERR,ERR,ERR,ERR,ERR,ERR,ERR,ERR,ERR,ERR,ERR,ERR,ERR,ERR,ERR,ERR,34.0,80.0,35,0.0,0.0,0.0,0.0,0.0,0.0,0.0,0.0,0.0,0.0,0.0,0.0,0.0,0.0,0.0,0.0,66.0,0,121,58,54,65476,0,300,0,0,8,20529,65476,0,0,57672,80.0,0.0,0.0,0.0,0.0,0.0
2026-06-18T02:05:28,ERR,ERR,ERR,ERR,ERR,ERR,ERR,ERR,ERR,ERR,ERR,ERR,ERR,ERR,ERR,ERR,ERR,ERR,ERR,ERR,ERR,ERR,ERR,ERR,ERR,ERR,ERR,ERR,ERR,ERR,ERR,ERR,ERR,ERR,ERR,ERR,ERR,ERR,ERR,ERR,ERR,ERR,ERR,ERR,ERR,ERR,ERR,ERR,ERR,ERR,ERR,ERR,ERR,ERR,ERR,ERR,ERR,ERR,ERR,ERR,ERR,ERR,ERR,ERR,ERR,ERR,ERR,ERR,ERR,ERR,ERR,ERR,ERR,ERR,ERR,ERR,ERR,ERR,ERR,ERR,ERR,ERR,ERR,ERR,ERR,ERR,ERR,ERR,ERR,ERR,ERR,ERR,ERR,ERR,ERR,ERR,ERR,ERR,ERR,ERR,ERR,ERR,ERR,ERR,ERR,ERR,ERR,ERR,ERR,ERR,ERR,ERR,ERR,ERR,ERR,ERR,ERR,ERR,ERR,ERR,ERR,ERR,ERR,ERR,ERR,-107615400.0,-107615392.0,0.0,-0.0,-0.0,1.3936040501711995e+18,7.805,0.0,0,0,4,48855,6720,14723890282496.0,100,0.0,0.0,0.0,2.718290229135658e+23,0.0,0,0,0,0,0.0,0,0,0,0,0,0,0,0,0,0,0,0,0,0,0,0,0,0,0,0,0,0,0,0,0,0,0,0,0,0,0,0,0,26,51,50,76,65476,0,300,0,0,8,21553,0.0,-107605600.0,0.0,0.0,0.0,0.0,0.0,0.0,0.0,0.0,0.0,0.0,0.0,0.0,0.0,0.0,0.0,0.0,0.0,0.0,0.0,0.0,2.004,0.0,2.004,0.0,0.0,0.0,0.0,0.0,4713.0,-0.0,7316.0,-0.0,-107615392.0,0.0,-0.0,0.0,0.0,0.0,0.0,77,-126841126912.0,-4.950396875673258e+32,0.0,0.0,0.0,0.0,0.0,0.0,0.0,0,0,0,0.0,0.0,0.0,0.0,0.0,0.0,0.0,0.0,0.0,0.0,0.0,0.0,0.0,0.0,0.0,0.0,0,-107875648.0,77,0.0,154,0.0,2.6533922776413385e+23,ERR,ERR,ERR,ERR,ERR,ERR,ERR,ERR,ERR,ERR,ERR,ERR,ERR,ERR,ERR,ERR,ERR,ERR,ERR,ERR,ERR,ERR,ERR,ERR,ERR,ERR,ERR,ERR,ERR,ERR,ERR,ERR,ERR,ERR,ERR,ERR,ERR,ERR,ERR,ERR,ERR,ERR,ERR,ERR,ERR,ERR,ERR,ERR,ERR,ERR,ERR,ERR,ERR,ERR,ERR,ERR,ERR,ERR,ERR,ERR,ERR,ERR,ERR,ERR,ERR,ERR,ERR,34.0,80.0,35,0.0,0.0,0.0,0.0,0.0,0.0,0.0,0.0,0.0,0.0,0.0,0.0,0.0,0.0,0.0,0.0,66.0,0,121,58,54,65476,0,300,0,0,8,20529,65476,0,0,57672,80.0,0.0,0.0,0.0,0.0,0.0
2026-06-18T02:05:29,ERR,ERR,ERR,ERR,ERR,ERR,ERR,ERR,ERR,ERR,ERR,ERR,ERR,ERR,ERR,ERR,ERR,ERR,ERR,ERR,ERR,ERR,ERR,ERR,ERR,ERR,ERR,ERR,ERR,ERR,ERR,ERR,ERR,ERR,ERR,ERR,ERR,ERR,ERR,ERR,ERR,ERR,ERR,ERR,ERR,ERR,ERR,ERR,ERR,ERR,ERR,ERR,ERR,ERR,ERR,ERR,ERR,ERR,ERR,ERR,ERR,ERR,ERR,ERR,ERR,ERR,ERR,ERR,ERR,ERR,ERR,ERR,ERR,ERR,ERR,ERR,ERR,ERR,ERR,ERR,ERR,ERR,ERR,ERR,ERR,ERR,ERR,ERR,ERR,ERR,ERR,ERR,ERR,ERR,ERR,ERR,ERR,ERR,ERR,ERR,ERR,ERR,ERR,ERR,ERR,ERR,ERR,ERR,ERR,ERR,ERR,ERR,ERR,ERR,ERR,ERR,ERR,ERR,ERR,ERR,ERR,ERR,ERR,ERR,ERR,-107615400.0,-107615392.0,0.0,-0.0,-0.0,1.3936040501711995e+18,7.805,0.0,0,0,4,48855,6720,14723890282496.0,100,0.0,0.0,0.0,2.718290229135658e+23,0.0,0,0,0,0,0.0,0,0,0,0,0,0,0,0,0,0,0,0,0,0,0,0,0,0,0,0,0,0,0,0,0,0,0,0,0,0,0,0,0,26,51,50,76,65476,0,300,0,0,8,21553,0.0,-107605600.0,0.0,0.0,0.0,0.0,0.0,0.0,0.0,0.0,0.0,0.0,0.0,0.0,0.0,0.0,0.0,0.0,0.0,0.0,0.0,0.0,2.004,0.0,2.004,0.0,0.0,0.0,0.0,0.0,4713.0,-0.0,7316.0,-0.0,-107615392.0,0.0,-0.0,0.0,0.0,0.0,0.0,77,-126841126912.0,-4.950396875673258e+32,0.0,0.0,0.0,0.0,0.0,0.0,0.0,0,0,0,0.0,0.0,0.0,0.0,0.0,0.0,0.0,0.0,0.0,0.0,0.0,0.0,0.0,0.0,0.0,0.0,0,-107875648.0,77,0.0,154,0.0,2.6533922776413385e+23,ERR,ERR,ERR,ERR,ERR,ERR,ERR,ERR,ERR,ERR,ERR,ERR,ERR,ERR,ERR,ERR,ERR,ERR,ERR,ERR,ERR,ERR,ERR,ERR,ERR,ERR,ERR,ERR,ERR,ERR,ERR,ERR,ERR,ERR,ERR,ERR,ERR,ERR,ERR,ERR,ERR,ERR,ERR,ERR,ERR,ERR,ERR,ERR,ERR,ERR,ERR,ERR,ERR,ERR,ERR,ERR,ERR,ERR,ERR,ERR,ERR,ERR,ERR,ERR,ERR,ERR,ERR,34.0,80.0,35,0.0,0.0,0.0,0.0,0.0,0.0,0.0,0.0,0.0,0.0,0.0,0.0,0.0,0.0,0.0,0.0,66.0,0,121,58,54,65476,0,300,0,0,8,20529,65476,0,0,57672,80.0,0.0,0.0,0.0,0.0,0.0
2026-06-18T02:05:30,ERR,ERR,ERR,ERR,ERR,ERR,ERR,ERR,ERR,ERR,ERR,ERR,ERR,ERR,ERR,ERR,ERR,ERR,ERR,ERR,ERR,ERR,ERR,ERR,ERR,ERR,ERR,ERR,ERR,ERR,ERR,ERR,ERR,ERR,ERR,ERR,ERR,ERR,ERR,ERR,ERR,ERR,ERR,ERR,ERR,ERR,ERR,ERR,ERR,ERR,ERR,ERR,ERR,ERR,ERR,ERR,ERR,ERR,ERR,ERR,ERR,ERR,ERR,ERR,ERR,ERR,ERR,ERR,ERR,ERR,ERR,ERR,ERR,ERR,ERR,ERR,ERR,ERR,ERR,ERR,ERR,ERR,ERR,ERR,ERR,ERR,ERR,ERR,ERR,ERR,ERR,ERR,ERR,ERR,ERR,ERR,ERR,ERR,ERR,ERR,ERR,ERR,ERR,ERR,ERR,ERR,ERR,ERR,ERR,ERR,ERR,ERR,ERR,ERR,ERR,ERR,ERR,ERR,ERR,ERR,ERR,ERR,ERR,ERR,ERR,-107615400.0,-107615392.0,0.0,-0.0,-0.0,1.3936040501711995e+18,7.805,0.0,0,0,4,48855,6720,14723890282496.0,100,0.0,0.0,0.0,2.718290229135658e+23,0.0,0,0,0,0,0.0,0,0,0,0,0,0,0,0,0,0,0,0,0,0,0,0,0,0,0,0,0,0,0,0,0,0,0,0,0,0,0,0,0,26,51,50,76,65476,0,300,0,0,8,21553,0.0,-107605600.0,0.0,0.0,0.0,0.0,0.0,0.0,0.0,0.0,0.0,0.0,0.0,0.0,0.0,0.0,0.0,0.0,0.0,0.0,0.0,0.0,2.004,0.0,2.004,0.0,0.0,0.0,0.0,0.0,4713.0,-0.0,7316.0,-0.0,-107615392.0,0.0,-0.0,0.0,0.0,0.0,0.0,77,-126841126912.0,-4.950396875673258e+32,0.0,0.0,0.0,0.0,0.0,0.0,0.0,0,0,0,0.0,0.0,0.0,0.0,0.0,0.0,0.0,0.0,0.0,0.0,0.0,0.0,0.0,0.0,0.0,0.0,0,-107875648.0,77,0.0,154,0.0,2.6533922776413385e+23,ERR,ERR,ERR,ERR,ERR,ERR,ERR,ERR,ERR,ERR,ERR,ERR,ERR,ERR,ERR,ERR,ERR,ERR,ERR,ERR,ERR,ERR,ERR,ERR,ERR,ERR,ERR,ERR,ERR,ERR,ERR,ERR,ERR,ERR,ERR,ERR,ERR,ERR,ERR,ERR,ERR,ERR,ERR,ERR,ERR,ERR,ERR,ERR,ERR,ERR,ERR,ERR,ERR,ERR,ERR,ERR,ERR,ERR,ERR,ERR,ERR,ERR,ERR,ERR,ERR,ERR,ERR,34.0,80.0,35,0.0,0.0,0.0,0.0,0.0,0.0,0.0,0.0,0.0,0.0,0.0,0.0,0.0,0.0,0.0,0.0,66.4,0,121,58,54,65476,0,300,0,0,8,20529,65476,0,0,57672,80.0,0.0,0.0,0.0,0.0,0.0
2026-06-18T02:05:31,ERR,ERR,ERR,ERR,ERR,ERR,ERR,ERR,ERR,ERR,ERR,ERR,ERR,ERR,ERR,ERR,ERR,ERR,ERR,ERR,ERR,ERR,ERR,ERR,ERR,ERR,ERR,ERR,ERR,ERR,ERR,ERR,ERR,ERR,ERR,ERR,ERR,ERR,ERR,ERR,ERR,ERR,ERR,ERR,ERR,ERR,ERR,ERR,ERR,ERR,ERR,ERR,ERR,ERR,ERR,ERR,ERR,ERR,ERR,ERR,ERR,ERR,ERR,ERR,ERR,ERR,ERR,ERR,ERR,ERR,ERR,ERR,ERR,ERR,ERR,ERR,ERR,ERR,ERR,ERR,ERR,ERR,ERR,ERR,ERR,ERR,ERR,ERR,ERR,ERR,ERR,ERR,ERR,ERR,ERR,ERR,ERR,ERR,ERR,ERR,ERR,ERR,ERR,ERR,ERR,ERR,ERR,ERR,ERR,ERR,ERR,ERR,ERR,ERR,ERR,ERR,ERR,ERR,ERR,ERR,ERR,ERR,ERR,ERR,ERR,-107615400.0,-107615392.0,0.0,-0.0,-0.0,1.3936040501711995e+18,7.805,0.0,0,0,4,48855,6720,14723890282496.0,100,0.0,0.0,0.0,2.718290229135658e+23,0.0,0,0,0,0,0.0,0,0,0,0,0,0,0,0,0,0,0,0,0,0,0,0,0,0,0,0,0,0,0,0,0,0,0,0,0,0,0,0,0,26,51,50,76,65476,0,300,0,0,8,21553,0.0,-107605600.0,0.0,0.0,0.0,0.0,0.0,0.0,0.0,0.0,0.0,0.0,0.0,0.0,0.0,0.0,0.0,0.0,0.0,0.0,0.0,0.0,2.004,0.0,2.004,0.0,0.0,0.0,0.0,0.0,4713.0,-0.0,7316.0,-0.0,-107615392.0,0.0,-0.0,0.0,0.0,0.0,0.0,77,-126841126912.0,-4.950396875673258e+32,0.0,0.0,0.0,0.0,0.0,0.0,0.0,0,0,0,0.0,0.0,0.0,0.0,0.0,0.0,0.0,0.0,0.0,0.0,0.0,0.0,0.0,0.0,0.0,0.0,0,-107875648.0,77,0.0,154,0.0,2.6533922776413385e+23,ERR,ERR,ERR,ERR,ERR,ERR,ERR,ERR,ERR,ERR,ERR,ERR,ERR,ERR,ERR,ERR,ERR,ERR,ERR,ERR,ERR,ERR,ERR,ERR,ERR,ERR,ERR,ERR,ERR,ERR,ERR,ERR,ERR,ERR,ERR,ERR,ERR,ERR,ERR,ERR,ERR,ERR,ERR,ERR,ERR,ERR,ERR,ERR,ERR,ERR,ERR,ERR,ERR,ERR,ERR,ERR,ERR,ERR,ERR,ERR,ERR,ERR,ERR,ERR,ERR,ERR,ERR,34.0,80.0,35,0.0,0.0,0.0,0.0,0.0,0.0,0.0,0.0,0.0,0.0,0.0,0.0,0.0,0.0,0.0,0.0,66.4,0,121,58,54,65476,0,300,0,0,8,20529,65476,0,0,57672,80.0,0.0,0.0,0.0,0.0,0.0
2026-06-18T02:05:32,ERR,ERR,ERR,ERR,ERR,ERR,ERR,ERR,ERR,ERR,ERR,ERR,ERR,ERR,ERR,ERR,ERR,ERR,ERR,ERR,ERR,ERR,ERR,ERR,ERR,ERR,ERR,ERR,ERR,ERR,ERR,ERR,ERR,ERR,ERR,ERR,ERR,ERR,ERR,ERR,ERR,ERR,ERR,ERR,ERR,ERR,ERR,ERR,ERR,ERR,ERR,ERR,ERR,ERR,ERR,ERR,ERR,ERR,ERR,ERR,ERR,ERR,ERR,ERR,ERR,ERR,ERR,ERR,ERR,ERR,ERR,ERR,ERR,ERR,ERR,ERR,ERR,ERR,ERR,ERR,ERR,ERR,ERR,ERR,ERR,ERR,ERR,ERR,ERR,ERR,ERR,ERR,ERR,ERR,ERR,ERR,ERR,ERR,ERR,ERR,ERR,ERR,ERR,ERR,ERR,ERR,ERR,ERR,ERR,ERR,ERR,ERR,ERR,ERR,ERR,ERR,ERR,ERR,ERR,ERR,ERR,ERR,ERR,ERR,ERR,-107615400.0,-107615392.0,0.0,0.0,0.0,1.3936040501711995e+18,7.805,-0.0,0,0,4,48907,6720,14723890282496.0,100,0.0,0.0,0.0,-0.0,0.0,0,0,0,0,0.0,0,0,0,0,0,0,0,0,0,0,0,0,0,0,0,0,0,0,0,0,0,0,0,0,0,0,0,0,0,0,0,0,0,26,51,50,76,65476,0,300,0,0,8,21553,0.0,-107605600.0,0.0,0.0,0.0,0.0,0.0,0.0,0.0,0.0,0.0,0.0,0.0,0.0,0.0,0.0,0.0,0.0,0.0,0.0,0.0,0.0,2.004,0.0,-0.0,0.0,0.0,0.0,0.0,0.0,4711.0,-0.0,7315.0,-107615400.0,-107615392.0,0.0,-0.0,0.0,0.0,0.0,0.0,77,-0.059,-4.950396875673258e+32,0.0,0.0,0.0,0.0,0.0,0.0,0.0,0,0,0,0.0,0.0,0.0,0.0,0.0,0.0,0.0,0.0,0.0,0.0,0.0,0.0,0.0,0.0,0.0,0.0,0,-107875648.0,77,0.0,154,0.0,0.0,ERR,ERR,ERR,ERR,ERR,ERR,ERR,ERR,ERR,ERR,ERR,ERR,ERR,ERR,ERR,ERR,ERR,ERR,ERR,ERR,ERR,ERR,ERR,ERR,ERR,ERR,ERR,ERR,ERR,ERR,ERR,ERR,ERR,ERR,ERR,ERR,ERR,ERR,ERR,ERR,ERR,ERR,ERR,ERR,ERR,ERR,ERR,ERR,ERR,ERR,ERR,ERR,ERR,ERR,ERR,ERR,ERR,ERR,ERR,ERR,ERR,ERR,ERR,ERR,ERR,ERR,ERR,34.0,80.0,35,0.0,0.0,0.0,0.0,0.0,0.0,0.0,0.0,0.0,0.0,0.0,0.0,0.0,0.0,0.0,0.0,66.0,0,121,58,54,65476,0,300,0,0,8,20529,65476,0,0,57672,80.0,0.0,0.0,0.0,0.0,0.0
2026-06-18T02:05:33,ERR,ERR,ERR,ERR,ERR,ERR,ERR,ERR,ERR,ERR,ERR,ERR,ERR,ERR,ERR,ERR,ERR,ERR,ERR,ERR,ERR,ERR,ERR,ERR,ERR,ERR,ERR,ERR,ERR,ERR,ERR,ERR,ERR,ERR,ERR,ERR,ERR,ERR,ERR,ERR,ERR,ERR,ERR,ERR,ERR,ERR,ERR,ERR,ERR,ERR,ERR,ERR,ERR,ERR,ERR,ERR,ERR,ERR,ERR,ERR,ERR,ERR,ERR,ERR,ERR,ERR,ERR,ERR,ERR,ERR,ERR,ERR,ERR,ERR,ERR,ERR,ERR,ERR,ERR,ERR,ERR,ERR,ERR,ERR,ERR,ERR,ERR,ERR,ERR,ERR,ERR,ERR,ERR,ERR,ERR,ERR,ERR,ERR,ERR,ERR,ERR,ERR,ERR,ERR,ERR,ERR,ERR,ERR,ERR,ERR,ERR,ERR,ERR,ERR,ERR,ERR,ERR,ERR,ERR,ERR,ERR,ERR,ERR,ERR,ERR,-107615400.0,-107615392.0,0.0,0.0,0.0,1.3936040501711995e+18,7.805,-0.0,0,0,4,48907,6720,14723890282496.0,100,0.0,0.0,0.0,-0.0,0.0,0,0,0,0,0.0,0,0,0,0,0,0,0,0,0,0,0,0,0,0,0,0,0,0,0,0,0,0,0,0,0,0,0,0,0,0,0,0,0,26,51,50,76,65476,0,300,0,0,8,21553,0.0,-107605600.0,0.0,0.0,0.0,0.0,0.0,0.0,0.0,0.0,0.0,0.0,0.0,0.0,0.0,0.0,0.0,0.0,0.0,0.0,0.0,0.0,2.004,0.0,-0.0,0.0,0.0,0.0,0.0,0.0,4711.0,-0.0,7315.0,-107615400.0,-107615392.0,0.0,-0.0,0.0,0.0,0.0,0.0,77,-0.059,-4.950396875673258e+32,0.0,0.0,0.0,0.0,0.0,0.0,0.0,0,0,0,0.0,0.0,0.0,0.0,0.0,0.0,0.0,0.0,0.0,0.0,0.0,0.0,0.0,0.0,0.0,0.0,0,-107875648.0,77,0.0,154,0.0,0.0,ERR,ERR,ERR,ERR,ERR,ERR,ERR,ERR,ERR,ERR,ERR,ERR,ERR,ERR,ERR,ERR,ERR,ERR,ERR,ERR,ERR,ERR,ERR,ERR,ERR,ERR,ERR,ERR,ERR,ERR,ERR,ERR,ERR,ERR,ERR,ERR,ERR,ERR,ERR,ERR,ERR,ERR,ERR,ERR,ERR,ERR,ERR,ERR,ERR,ERR,ERR,ERR,ERR,ERR,ERR,ERR,ERR,ERR,ERR,ERR,ERR,ERR,ERR,ERR,ERR,ERR,ERR,34.0,80.0,35,0.0,0.0,0.0,0.0,0.0,0.0,0.0,0.0,0.0,0.0,0.0,0.0,0.0,0.0,0.0,0.0,66.0,0,121,58,54,65476,0,300,0,0,8,20529,65476,0,0,57672,80.0,0.0,0.0,0.0,0.0,0.0
2026-06-18T02:05:34,ERR,ERR,ERR,ERR,ERR,ERR,ERR,ERR,ERR,ERR,ERR,ERR,ERR,ERR,ERR,ERR,ERR,ERR,ERR,ERR,ERR,ERR,ERR,ERR,ERR,ERR,ERR,ERR,ERR,ERR,ERR,ERR,ERR,ERR,ERR,ERR,ERR,ERR,ERR,ERR,ERR,ERR,ERR,ERR,ERR,ERR,ERR,ERR,ERR,ERR,ERR,ERR,ERR,ERR,ERR,ERR,ERR,ERR,ERR,ERR,ERR,ERR,ERR,ERR,ERR,ERR,ERR,ERR,ERR,ERR,ERR,ERR,ERR,ERR,ERR,ERR,ERR,ERR,ERR,ERR,ERR,ERR,ERR,ERR,ERR,ERR,ERR,ERR,ERR,ERR,ERR,ERR,ERR,ERR,ERR,ERR,ERR,ERR,ERR,ERR,ERR,ERR,ERR,ERR,ERR,ERR,ERR,ERR,ERR,ERR,ERR,ERR,ERR,ERR,ERR,ERR,ERR,ERR,ERR,ERR,ERR,ERR,ERR,ERR,ERR,-107615400.0,-107615392.0,0.0,0.0,0.0,1.3936040501711995e+18,7.805,-0.0,0,0,4,48907,6720,14723890282496.0,100,0.0,0.0,0.0,-0.0,0.0,0,0,0,0,0.0,0,0,0,0,0,0,0,0,0,0,0,0,0,0,0,0,0,0,0,0,0,0,0,0,0,0,0,0,0,0,0,0,0,26,51,50,76,65476,0,300,0,0,8,21553,0.0,-107605600.0,0.0,0.0,0.0,0.0,0.0,0.0,0.0,0.0,0.0,0.0,0.0,0.0,0.0,0.0,0.0,0.0,0.0,0.0,0.0,0.0,2.004,0.0,-0.0,0.0,0.0,0.0,0.0,0.0,4711.0,-0.0,7315.0,-107615400.0,-107615392.0,0.0,-0.0,0.0,0.0,0.0,0.0,77,-0.059,-4.950396875673258e+32,0.0,0.0,0.0,0.0,0.0,0.0,0.0,0,0,0,0.0,0.0,0.0,0.0,0.0,0.0,0.0,0.0,0.0,0.0,0.0,0.0,0.0,0.0,0.0,0.0,0,-107875648.0,77,0.0,154,0.0,0.0,ERR,ERR,ERR,ERR,ERR,ERR,ERR,ERR,ERR,ERR,ERR,ERR,ERR,ERR,ERR,ERR,ERR,ERR,ERR,ERR,ERR,ERR,ERR,ERR,ERR,ERR,ERR,ERR,ERR,ERR,ERR,ERR,ERR,ERR,ERR,ERR,ERR,ERR,ERR,ERR,ERR,ERR,ERR,ERR,ERR,ERR,ERR,ERR,ERR,ERR,ERR,ERR,ERR,ERR,ERR,ERR,ERR,ERR,ERR,ERR,ERR,ERR,ERR,ERR,ERR,ERR,ERR,34.0,80.0,35,0.0,0.0,0.0,0.0,0.0,0.0,0.0,0.0,0.0,0.0,0.0,0.0,0.0,0.0,0.0,0.0,66.0,0,121,58,54,65476,0,300,0,0,8,20529,65476,0,0,57672,80.0,0.0,0.0,0.0,0.0,0.0
2026-06-18T02:05:35,ERR,ERR,ERR,ERR,ERR,ERR,ERR,ERR,ERR,ERR,ERR,ERR,ERR,ERR,ERR,ERR,ERR,ERR,ERR,ERR,ERR,ERR,ERR,ERR,ERR,ERR,ERR,ERR,ERR,ERR,ERR,ERR,ERR,ERR,ERR,ERR,ERR,ERR,ERR,ERR,ERR,ERR,ERR,ERR,ERR,ERR,ERR,ERR,ERR,ERR,ERR,ERR,ERR,ERR,ERR,ERR,ERR,ERR,ERR,ERR,ERR,ERR,ERR,ERR,ERR,ERR,ERR,ERR,ERR,ERR,ERR,ERR,ERR,ERR,ERR,ERR,ERR,ERR,ERR,ERR,ERR,ERR,ERR,ERR,ERR,ERR,ERR,ERR,ERR,ERR,ERR,ERR,ERR,ERR,ERR,ERR,ERR,ERR,ERR,ERR,ERR,ERR,ERR,ERR,ERR,ERR,ERR,ERR,ERR,ERR,ERR,ERR,ERR,ERR,ERR,ERR,ERR,ERR,ERR,ERR,ERR,ERR,ERR,ERR,ERR,-107615400.0,-107615392.0,0.0,0.0,0.0,1.3936040501711995e+18,7.805,-0.0,0,0,4,48907,6720,14723890282496.0,100,0.0,0.0,0.0,-0.0,0.0,0,0,0,0,0.0,0,0,0,0,0,0,0,0,0,0,0,0,0,0,0,0,0,0,0,0,0,0,0,0,0,0,0,0,0,0,0,0,0,26,51,50,76,65476,0,300,0,0,8,21553,0.0,-107605600.0,0.0,0.0,0.0,0.0,0.0,0.0,0.0,0.0,0.0,0.0,0.0,0.0,0.0,0.0,0.0,0.0,0.0,0.0,0.0,0.0,2.004,0.0,-0.0,0.0,0.0,0.0,0.0,0.0,4711.0,-0.0,7315.0,-107615400.0,-107615392.0,0.0,-0.0,0.0,0.0,0.0,0.0,77,-0.059,-4.950396875673258e+32,0.0,0.0,0.0,0.0,0.0,0.0,0.0,0,0,0,0.0,0.0,0.0,0.0,0.0,0.0,0.0,0.0,0.0,0.0,0.0,0.0,0.0,0.0,0.0,0.0,0,-107875648.0,77,0.0,154,0.0,0.0,ERR,ERR,ERR,ERR,ERR,ERR,ERR,ERR,ERR,ERR,ERR,ERR,ERR,ERR,ERR,ERR,ERR,ERR,ERR,ERR,ERR,ERR,ERR,ERR,ERR,ERR,ERR,ERR,ERR,ERR,ERR,ERR,ERR,ERR,ERR,ERR,ERR,ERR,ERR,ERR,ERR,ERR,ERR,ERR,ERR,ERR,ERR,ERR,ERR,ERR,ERR,ERR,ERR,ERR,ERR,ERR,ERR,ERR,ERR,ERR,ERR,ERR,ERR,ERR,ERR,ERR,ERR,34.0,80.0,35,0.0,0.0,0.0,0.0,0.0,0.0,0.0,0.0,0.0,0.0,0.0,0.0,0.0,0.0,0.0,0.0,66.0,0,121,58,54,65476,0,300,0,0,8,20529,65476,0,0,57672,80.0,0.0,0.0,0.0,0.0,0.0
2026-06-18T02:05:36,ERR,ERR,ERR,ERR,ERR,ERR,ERR,ERR,ERR,ERR,ERR,ERR,ERR,ERR,ERR,ERR,ERR,ERR,ERR,ERR,ERR,ERR,ERR,ERR,ERR,ERR,ERR,ERR,ERR,ERR,ERR,ERR,ERR,ERR,ERR,ERR,ERR,ERR,ERR,ERR,ERR,ERR,ERR,ERR,ERR,ERR,ERR,ERR,ERR,ERR,ERR,ERR,ERR,ERR,ERR,ERR,ERR,ERR,ERR,ERR,ERR,ERR,ERR,ERR,ERR,ERR,ERR,ERR,ERR,ERR,ERR,ERR,ERR,ERR,ERR,ERR,ERR,ERR,ERR,ERR,ERR,ERR,ERR,ERR,ERR,ERR,ERR,ERR,ERR,ERR,ERR,ERR,ERR,ERR,ERR,ERR,ERR,ERR,ERR,ERR,ERR,ERR,ERR,ERR,ERR,ERR,ERR,ERR,ERR,ERR,ERR,ERR,ERR,ERR,ERR,ERR,ERR,ERR,ERR,ERR,ERR,ERR,ERR,ERR,ERR,-107615400.0,-107615392.0,0.0,0.0,0.0,1.3936040501711995e+18,7.805,-0.0,0,0,4,48907,6720,14723890282496.0,100,0.0,0.0,0.0,-0.0,0.0,0,0,0,0,0.0,0,0,0,0,0,0,0,0,0,0,0,0,0,0,0,0,0,0,0,0,0,0,0,0,0,0,0,0,0,0,0,0,0,26,51,50,76,65476,0,300,0,0,8,21553,0.0,-107605600.0,0.0,0.0,0.0,0.0,0.0,0.0,0.0,0.0,0.0,0.0,0.0,0.0,0.0,0.0,0.0,0.0,0.0,0.0,0.0,0.0,2.004,0.0,-0.0,0.0,0.0,0.0,0.0,0.0,4711.0,-0.0,7315.0,-107615400.0,-107615392.0,0.0,-0.0,0.0,0.0,0.0,0.0,77,-0.059,-4.950396875673258e+32,0.0,0.0,0.0,0.0,0.0,0.0,0.0,0,0,0,0.0,0.0,0.0,0.0,0.0,0.0,0.0,0.0,0.0,0.0,0.0,0.0,0.0,0.0,0.0,0.0,0,-107875648.0,77,0.0,154,0.0,0.0,ERR,ERR,ERR,ERR,ERR,ERR,ERR,ERR,ERR,ERR,ERR,ERR,ERR,ERR,ERR,ERR,ERR,ERR,ERR,ERR,ERR,ERR,ERR,ERR,ERR,ERR,ERR,ERR,ERR,ERR,ERR,ERR,ERR,ERR,ERR,ERR,ERR,ERR,ERR,ERR,ERR,ERR,ERR,ERR,ERR,ERR,ERR,ERR,ERR,ERR,ERR,ERR,ERR,ERR,ERR,ERR,ERR,ERR,ERR,ERR,ERR,ERR,ERR,ERR,ERR,ERR,ERR,34.0,80.0,35,0.0,0.0,0.0,0.0,0.0,0.0,0.0,0.0,0.0,0.0,0.0,0.0,0.0,0.0,0.0,0.0,66.0,0,121,58,54,65476,0,300,0,0,8,20529,65476,0,0,57672,80.0,0.0,0.0,0.0,0.0,0.0
2026-06-18T02:05:37,ERR,ERR,ERR,ERR,ERR,ERR,ERR,ERR,ERR,ERR,ERR,ERR,ERR,ERR,ERR,ERR,ERR,ERR,ERR,ERR,ERR,ERR,ERR,ERR,ERR,ERR,ERR,ERR,ERR,ERR,ERR,ERR,ERR,ERR,ERR,ERR,ERR,ERR,ERR,ERR,ERR,ERR,ERR,ERR,ERR,ERR,ERR,ERR,ERR,ERR,ERR,ERR,ERR,ERR,ERR,ERR,ERR,ERR,ERR,ERR,ERR,ERR,ERR,ERR,ERR,ERR,ERR,ERR,ERR,ERR,ERR,ERR,ERR,ERR,ERR,ERR,ERR,ERR,ERR,ERR,ERR,ERR,ERR,ERR,ERR,ERR,ERR,ERR,ERR,ERR,ERR,ERR,ERR,ERR,ERR,ERR,ERR,ERR,ERR,ERR,ERR,ERR,ERR,ERR,ERR,ERR,ERR,ERR,ERR,ERR,ERR,ERR,ERR,ERR,ERR,ERR,ERR,ERR,ERR,ERR,ERR,ERR,ERR,ERR,ERR,-0.0,-107615392.0,-134999232.0,-4.9501291711397626e+32,0.0,1.3936040501711995e+18,7.805,51974472.0,0,0,4,48906,6720,14723890282496.0,100,0.0,0.0,0.0,-4.9501291711397626e+32,0.0,0,0,0,0,0.0,0,0,0,0,0,0,0,0,0,0,0,0,0,0,0,0,0,0,0,0,0,0,0,0,0,0,0,0,0,0,0,0,0,26,51,50,76,65476,0,300,0,0,8,21553,0.0,-107605600.0,0.0,0.0,0.0,0.0,0.0,0.0,0.0,0.0,0.0,0.0,0.0,0.0,0.0,0.0,0.0,0.0,0.0,0.0,0.0,0.0,2.004,0.0,2.004,0.0,0.0,0.0,0.0,0.0,4709.0,-0.0,7314.0,-107615400.0,-107615392.0,0.0,-0.0,0.0,0.0,0.0,0.0,77,-0.0,-2.308825940279385e+20,0.0,0.0,0.0,0.0,0.0,0.0,0.0,0,0,0,0.0,0.0,0.0,0.0,0.0,0.0,0.0,0.0,0.0,0.0,0.0,0.0,0.0,0.0,0.0,0.0,0,-107875648.0,77,0.0,154,0.0,0.0,ERR,ERR,ERR,ERR,ERR,ERR,ERR,ERR,ERR,ERR,ERR,ERR,ERR,ERR,ERR,ERR,ERR,ERR,ERR,ERR,ERR,ERR,ERR,ERR,ERR,ERR,ERR,ERR,ERR,ERR,ERR,ERR,ERR,ERR,ERR,ERR,ERR,ERR,ERR,ERR,ERR,ERR,ERR,ERR,ERR,ERR,ERR,ERR,ERR,ERR,ERR,ERR,ERR,ERR,ERR,ERR,ERR,ERR,ERR,ERR,ERR,ERR,ERR,ERR,ERR,ERR,ERR,34.0,80.0,35,0.0,0.0,0.0,0.0,0.0,0.0,0.0,0.0,0.0,0.0,0.0,0.0,0.0,0.0,0.0,0.0,66.0,0,121,58,54,65476,0,300,0,0,8,20529,65476,0,0,57672,80.0,0.0,0.0,0.0,0.0,0.0
2026-06-18T02:05:38,ERR,ERR,ERR,ERR,ERR,ERR,ERR,ERR,ERR,ERR,ERR,ERR,ERR,ERR,ERR,ERR,ERR,ERR,ERR,ERR,ERR,ERR,ERR,ERR,ERR,ERR,ERR,ERR,ERR,ERR,ERR,ERR,ERR,ERR,ERR,ERR,ERR,ERR,ERR,ERR,ERR,ERR,ERR,ERR,ERR,ERR,ERR,ERR,ERR,ERR,ERR,ERR,ERR,ERR,ERR,ERR,ERR,ERR,ERR,ERR,ERR,ERR,ERR,ERR,ERR,ERR,ERR,ERR,ERR,ERR,ERR,ERR,ERR,ERR,ERR,ERR,ERR,ERR,ERR,ERR,ERR,ERR,ERR,ERR,ERR,ERR,ERR,ERR,ERR,ERR,ERR,ERR,ERR,ERR,ERR,ERR,ERR,ERR,ERR,ERR,ERR,ERR,ERR,ERR,ERR,ERR,ERR,ERR,ERR,ERR,ERR,ERR,ERR,ERR,ERR,ERR,ERR,ERR,ERR,ERR,ERR,ERR,ERR,ERR,ERR,-0.0,-107615392.0,-134999232.0,-4.9501291711397626e+32,0.0,1.3936040501711995e+18,7.805,51974472.0,0,0,4,48906,6720,14723890282496.0,100,0.0,0.0,0.0,-4.9501291711397626e+32,0.0,0,0,0,0,0.0,0,0,0,0,0,0,0,0,0,0,0,0,0,0,0,0,0,0,0,0,0,0,0,0,0,0,0,0,0,0,0,0,0,26,51,50,76,65476,0,300,0,0,8,21553,0.0,-107605600.0,0.0,0.0,0.0,0.0,0.0,0.0,0.0,0.0,0.0,0.0,0.0,0.0,0.0,0.0,0.0,0.0,0.0,0.0,0.0,0.0,2.004,0.0,2.004,0.0,0.0,0.0,0.0,0.0,4709.0,-0.0,7314.0,-107615400.0,-107615392.0,0.0,-0.0,0.0,0.0,0.0,0.0,77,-0.0,-2.308825940279385e+20,0.0,0.0,0.0,0.0,0.0,0.0,0.0,0,0,0,0.0,0.0,0.0,0.0,0.0,0.0,0.0,0.0,0.0,0.0,0.0,0.0,0.0,0.0,0.0,0.0,0,-107875648.0,77,0.0,154,0.0,0.0,ERR,ERR,ERR,ERR,ERR,ERR,ERR,ERR,ERR,ERR,ERR,ERR,ERR,ERR,ERR,ERR,ERR,ERR,ERR,ERR,ERR,ERR,ERR,ERR,ERR,ERR,ERR,ERR,ERR,ERR,ERR,ERR,ERR,ERR,ERR,ERR,ERR,ERR,ERR,ERR,ERR,ERR,ERR,ERR,ERR,ERR,ERR,ERR,ERR,ERR,ERR,ERR,ERR,ERR,ERR,ERR,ERR,ERR,ERR,ERR,ERR,ERR,ERR,ERR,ERR,ERR,ERR,34.0,80.0,35,0.0,0.0,0.0,0.0,0.0,0.0,0.0,0.0,0.0,0.0,0.0,0.0,0.0,0.0,0.0,0.0,66.0,0,121,58,54,65476,0,300,0,0,8,20529,65476,0,0,57672,80.0,0.0,0.0,0.0,0.0,0.0
2026-06-18T02:05:39,ERR,ERR,ERR,ERR,ERR,ERR,ERR,ERR,ERR,ERR,ERR,ERR,ERR,ERR,ERR,ERR,ERR,ERR,ERR,ERR,ERR,ERR,ERR,ERR,ERR,ERR,ERR,ERR,ERR,ERR,ERR,ERR,ERR,ERR,ERR,ERR,ERR,ERR,ERR,ERR,ERR,ERR,ERR,ERR,ERR,ERR,ERR,ERR,ERR,ERR,ERR,ERR,ERR,ERR,ERR,ERR,ERR,ERR,ERR,ERR,ERR,ERR,ERR,ERR,ERR,ERR,ERR,ERR,ERR,ERR,ERR,ERR,ERR,ERR,ERR,ERR,ERR,ERR,ERR,ERR,ERR,ERR,ERR,ERR,ERR,ERR,ERR,ERR,ERR,ERR,ERR,ERR,ERR,ERR,ERR,ERR,ERR,ERR,ERR,ERR,ERR,ERR,ERR,ERR,ERR,ERR,ERR,ERR,ERR,ERR,ERR,ERR,ERR,ERR,ERR,ERR,ERR,ERR,ERR,ERR,ERR,ERR,ERR,ERR,ERR,-0.0,-107615392.0,-134999232.0,-4.9501291711397626e+32,0.0,1.3936040501711995e+18,7.805,51974472.0,0,0,4,48906,6720,14723890282496.0,100,0.0,0.0,0.0,-4.9501291711397626e+32,0.0,0,0,0,0,0.0,0,0,0,0,0,0,0,0,0,0,0,0,0,0,0,0,0,0,0,0,0,0,0,0,0,0,0,0,0,0,0,0,0,26,51,50,76,65476,0,300,0,0,8,21553,0.0,-107605600.0,0.0,0.0,0.0,0.0,0.0,0.0,0.0,0.0,0.0,0.0,0.0,0.0,0.0,0.0,0.0,0.0,0.0,0.0,0.0,0.0,2.004,0.0,2.004,0.0,0.0,0.0,0.0,0.0,4709.0,-0.0,7314.0,-107615400.0,-107615392.0,0.0,-0.0,0.0,0.0,0.0,0.0,77,-0.0,-2.308825940279385e+20,0.0,0.0,0.0,0.0,0.0,0.0,0.0,0,0,0,0.0,0.0,0.0,0.0,0.0,0.0,0.0,0.0,0.0,0.0,0.0,0.0,0.0,0.0,0.0,0.0,0,-107875648.0,77,0.0,154,0.0,0.0,ERR,ERR,ERR,ERR,ERR,ERR,ERR,ERR,ERR,ERR,ERR,ERR,ERR,ERR,ERR,ERR,ERR,ERR,ERR,ERR,ERR,ERR,ERR,ERR,ERR,ERR,ERR,ERR,ERR,ERR,ERR,ERR,ERR,ERR,ERR,ERR,ERR,ERR,ERR,ERR,ERR,ERR,ERR,ERR,ERR,ERR,ERR,ERR,ERR,ERR,ERR,ERR,ERR,ERR,ERR,ERR,ERR,ERR,ERR,ERR,ERR,ERR,ERR,ERR,ERR,ERR,ERR,34.0,80.0,35,0.0,0.0,0.0,0.0,0.0,0.0,0.0,0.0,0.0,0.0,0.0,0.0,0.0,0.0,0.0,0.0,66.0,0,121,58,54,65476,0,300,0,0,8,20529,65476,0,0,57672,80.0,0.0,0.0,0.0,0.0,0.0
2026-06-18T02:05:40,ERR,ERR,ERR,ERR,ERR,ERR,ERR,ERR,ERR,ERR,ERR,ERR,ERR,ERR,ERR,ERR,ERR,ERR,ERR,ERR,ERR,ERR,ERR,ERR,ERR,ERR,ERR,ERR,ERR,ERR,ERR,ERR,ERR,ERR,ERR,ERR,ERR,ERR,ERR,ERR,ERR,ERR,ERR,ERR,ERR,ERR,ERR,ERR,ERR,ERR,ERR,ERR,ERR,ERR,ERR,ERR,ERR,ERR,ERR,ERR,ERR,ERR,ERR,ERR,ERR,ERR,ERR,ERR,ERR,ERR,ERR,ERR,ERR,ERR,ERR,ERR,ERR,ERR,ERR,ERR,ERR,ERR,ERR,ERR,ERR,ERR,ERR,ERR,ERR,ERR,ERR,ERR,ERR,ERR,ERR,ERR,ERR,ERR,ERR,ERR,ERR,ERR,ERR,ERR,ERR,ERR,ERR,ERR,ERR,ERR,ERR,ERR,ERR,ERR,ERR,ERR,ERR,ERR,ERR,ERR,ERR,ERR,ERR,ERR,ERR,-0.0,-107615392.0,-134999232.0,-4.9501291711397626e+32,0.0,1.3936040501711995e+18,7.805,51974472.0,0,0,4,48906,6720,14723890282496.0,100,0.0,0.0,0.0,-4.9501291711397626e+32,0.0,0,0,0,0,0.0,0,0,0,0,0,0,0,0,0,0,0,0,0,0,0,0,0,0,0,0,0,0,0,0,0,0,0,0,0,0,0,0,0,26,51,50,76,65476,0,300,0,0,8,21553,0.0,-107605600.0,0.0,0.0,0.0,0.0,0.0,0.0,0.0,0.0,0.0,0.0,0.0,0.0,0.0,0.0,0.0,0.0,0.0,0.0,0.0,0.0,2.004,0.0,2.004,0.0,0.0,0.0,0.0,0.0,4709.0,-0.0,7314.0,-107615400.0,-107615392.0,0.0,-0.0,0.0,0.0,0.0,0.0,77,-0.0,-2.308825940279385e+20,0.0,0.0,0.0,0.0,0.0,0.0,0.0,0,0,0,0.0,0.0,0.0,0.0,0.0,0.0,0.0,0.0,0.0,0.0,0.0,0.0,0.0,0.0,0.0,0.0,0,-107875648.0,77,0.0,154,0.0,0.0,ERR,ERR,ERR,ERR,ERR,ERR,ERR,ERR,ERR,ERR,ERR,ERR,ERR,ERR,ERR,ERR,ERR,ERR,ERR,ERR,ERR,ERR,ERR,ERR,ERR,ERR,ERR,ERR,ERR,ERR,ERR,ERR,ERR,ERR,ERR,ERR,ERR,ERR,ERR,ERR,ERR,ERR,ERR,ERR,ERR,ERR,ERR,ERR,ERR,ERR,ERR,ERR,ERR,ERR,ERR,ERR,ERR,ERR,ERR,ERR,ERR,ERR,ERR,ERR,ERR,ERR,ERR,34.0,80.0,35,0.0,0.0,0.0,0.0,0.0,0.0,0.0,0.0,0.0,0.0,0.0,0.0,0.0,0.0,0.0,0.0,66.0,0,121,58,54,65476,0,300,0,0,8,20529,65476,0,0,57672,80.0,0.0,0.0,0.0,0.0,0.0
2026-06-18T02:05:41,ERR,ERR,ERR,ERR,ERR,ERR,ERR,ERR,ERR,ERR,ERR,ERR,ERR,ERR,ERR,ERR,ERR,ERR,ERR,ERR,ERR,ERR,ERR,ERR,ERR,ERR,ERR,ERR,ERR,ERR,ERR,ERR,ERR,ERR,ERR,ERR,ERR,ERR,ERR,ERR,ERR,ERR,ERR,ERR,ERR,ERR,ERR,ERR,ERR,ERR,ERR,ERR,ERR,ERR,ERR,ERR,ERR,ERR,ERR,ERR,ERR,ERR,ERR,ERR,ERR,ERR,ERR,ERR,ERR,ERR,ERR,ERR,ERR,ERR,ERR,ERR,ERR,ERR,ERR,ERR,ERR,ERR,ERR,ERR,ERR,ERR,ERR,ERR,ERR,ERR,ERR,ERR,ERR,ERR,ERR,ERR,ERR,ERR,ERR,ERR,ERR,ERR,ERR,ERR,ERR,ERR,ERR,ERR,ERR,ERR,ERR,ERR,ERR,ERR,ERR,ERR,ERR,ERR,ERR,ERR,ERR,ERR,ERR,ERR,ERR,-0.0,-107615392.0,-134999232.0,-4.9501291711397626e+32,0.0,1.3936040501711995e+18,7.805,51974472.0,0,0,4,48906,6720,14723890282496.0,100,0.0,0.0,0.0,-4.9501291711397626e+32,0.0,0,0,0,0,0.0,0,0,0,0,0,0,0,0,0,0,0,0,0,0,0,0,0,0,0,0,0,0,0,0,0,0,0,0,0,0,0,0,0,26,51,50,76,65476,0,300,0,0,8,21553,0.0,-107605600.0,0.0,0.0,0.0,0.0,0.0,0.0,0.0,0.0,0.0,0.0,0.0,0.0,0.0,0.0,0.0,0.0,0.0,0.0,0.0,0.0,2.004,0.0,2.004,0.0,0.0,0.0,0.0,0.0,4709.0,-0.0,7314.0,-107615400.0,-107615392.0,0.0,-0.0,0.0,0.0,0.0,0.0,77,-0.0,-2.308825940279385e+20,0.0,0.0,0.0,0.0,0.0,0.0,0.0,0,0,0,0.0,0.0,0.0,0.0,0.0,0.0,0.0,0.0,0.0,0.0,0.0,0.0,0.0,0.0,0.0,0.0,0,-107875648.0,77,0.0,154,0.0,0.0,ERR,ERR,ERR,ERR,ERR,ERR,ERR,ERR,ERR,ERR,ERR,ERR,ERR,ERR,ERR,ERR,ERR,ERR,ERR,ERR,ERR,ERR,ERR,ERR,ERR,ERR,ERR,ERR,ERR,ERR,ERR,ERR,ERR,ERR,ERR,ERR,ERR,ERR,ERR,ERR,ERR,ERR,ERR,ERR,ERR,ERR,ERR,ERR,ERR,ERR,ERR,ERR,ERR,ERR,ERR,ERR,ERR,ERR,ERR,ERR,ERR,ERR,ERR,ERR,ERR,ERR,ERR,34.0,80.0,35,0.0,0.0,0.0,0.0,0.0,0.0,0.0,0.0,0.0,0.0,0.0,0.0,0.0,0.0,0.0,0.0,66.0,0,121,58,54,65476,0,300,0,0,8,20529,65476,0,0,57672,80.0,0.0,0.0,0.0,0.0,0.0
2026-06-18T02:05:42,ERR,ERR,ERR,ERR,ERR,ERR,ERR,ERR,ERR,ERR,ERR,ERR,ERR,ERR,ERR,ERR,ERR,ERR,ERR,ERR,ERR,ERR,ERR,ERR,ERR,ERR,ERR,ERR,ERR,ERR,ERR,ERR,ERR,ERR,ERR,ERR,ERR,ERR,ERR,ERR,ERR,ERR,ERR,ERR,ERR,ERR,ERR,ERR,ERR,ERR,ERR,ERR,ERR,ERR,ERR,ERR,ERR,ERR,ERR,ERR,ERR,ERR,ERR,ERR,ERR,ERR,ERR,ERR,ERR,ERR,ERR,ERR,ERR,ERR,ERR,ERR,ERR,ERR,ERR,ERR,ERR,ERR,ERR,ERR,ERR,ERR,ERR,ERR,ERR,ERR,ERR,ERR,ERR,ERR,ERR,ERR,ERR,ERR,ERR,ERR,ERR,ERR,ERR,ERR,ERR,ERR,ERR,ERR,ERR,ERR,ERR,ERR,ERR,ERR,ERR,ERR,ERR,ERR,ERR,ERR,ERR,ERR,ERR,ERR,ERR,-0.0,-107615392.0,-134999232.0,-4.9501291711397626e+32,0.0,1.3936040501711995e+18,7.805,51974472.0,0,0,4,48906,6720,14723890282496.0,100,0.0,0.0,0.0,-4.9501291711397626e+32,0.0,0,0,0,0,0.0,0,0,0,0,0,0,0,0,0,0,0,0,0,0,0,0,0,0,0,0,0,0,0,0,0,0,0,0,0,0,0,0,0,26,51,50,76,65476,0,300,0,0,8,21553,0.0,-107605600.0,0.0,0.0,0.0,0.0,0.0,0.0,0.0,0.0,0.0,0.0,0.0,0.0,0.0,0.0,0.0,0.0,0.0,0.0,0.0,0.0,2.004,0.0,2.004,0.0,0.0,0.0,0.0,0.0,4709.0,-0.0,7314.0,-107615400.0,-107615392.0,0.0,-0.0,0.0,0.0,0.0,0.0,77,-0.0,-2.308825940279385e+20,0.0,0.0,0.0,0.0,0.0,0.0,0.0,0,0,0,0.0,0.0,0.0,0.0,0.0,0.0,0.0,0.0,0.0,0.0,0.0,0.0,0.0,0.0,0.0,0.0,0,-107875648.0,77,0.0,154,0.0,0.0,ERR,ERR,ERR,ERR,ERR,ERR,ERR,ERR,ERR,ERR,ERR,ERR,ERR,ERR,ERR,ERR,ERR,ERR,ERR,ERR,ERR,ERR,ERR,ERR,ERR,ERR,ERR,ERR,ERR,ERR,ERR,ERR,ERR,ERR,ERR,ERR,ERR,ERR,ERR,ERR,ERR,ERR,ERR,ERR,ERR,ERR,ERR,ERR,ERR,ERR,ERR,ERR,ERR,ERR,ERR,ERR,ERR,ERR,ERR,ERR,ERR,ERR,ERR,ERR,ERR,ERR,ERR,34.0,80.0,35,0.0,0.0,0.0,0.0,0.0,0.0,0.0,0.0,0.0,0.0,0.0,0.0,0.0,0.0,0.0,0.0,66.0,0,121,58,54,65476,0,300,0,0,8,20529,65476,0,0,57672,80.0,0.0,0.0,0.0,0.0,0.0
2026-06-18T02:05:43,ERR,ERR,ERR,ERR,ERR,ERR,ERR,ERR,ERR,ERR,ERR,ERR,ERR,ERR,ERR,ERR,ERR,ERR,ERR,ERR,ERR,ERR,ERR,ERR,ERR,ERR,ERR,ERR,ERR,ERR,ERR,ERR,ERR,ERR,ERR,ERR,ERR,ERR,ERR,ERR,ERR,ERR,ERR,ERR,ERR,ERR,ERR,ERR,ERR,ERR,ERR,ERR,ERR,ERR,ERR,ERR,ERR,ERR,ERR,ERR,ERR,ERR,ERR,ERR,ERR,ERR,ERR,ERR,ERR,ERR,ERR,ERR,ERR,ERR,ERR,ERR,ERR,ERR,ERR,ERR,ERR,ERR,ERR,ERR,ERR,ERR,ERR,ERR,ERR,ERR,ERR,ERR,ERR,ERR,ERR,ERR,ERR,ERR,ERR,ERR,ERR,ERR,ERR,ERR,ERR,ERR,ERR,ERR,ERR,ERR,ERR,ERR,ERR,ERR,ERR,ERR,ERR,ERR,ERR,ERR,ERR,ERR,ERR,ERR,ERR,-107615400.0,-107615392.0,0.0,-4.9501291711397626e+32,-2.012,1.3936040501711995e+18,7.805,8.558351388217734e+28,0,0,4,48911,6720,14723890282496.0,100,0.0,0.0,0.0,-152005385388032.0,0.0,0,0,0,0,0.0,0,0,0,0,0,0,0,0,0,0,0,0,0,0,0,0,0,0,0,0,0,0,0,0,0,0,0,0,0,0,0,0,0,26,51,50,76,65476,0,300,0,0,8,21553,0.0,-107605600.0,0.0,0.0,0.0,0.0,0.0,0.0,0.0,0.0,0.0,0.0,0.0,0.0,0.0,0.0,0.0,0.0,0.0,0.0,0.0,0.0,2.004,0.0,-0.0,0.0,0.0,0.0,0.0,0.0,4715.0,-0.0,7316.0,-107615400.0,-107615392.0,0.0,-0.0,0.0,0.0,0.0,0.0,77,-1.905698292272988e+17,-4.950396875673258e+32,0.0,0.0,0.0,0.0,0.0,0.0,0.0,0,0,0,0.0,0.0,0.0,0.0,0.0,0.0,0.0,0.0,0.0,0.0,0.0,0.0,0.0,0.0,0.0,0.0,0,-107875648.0,77,0.0,154,0.0,2.6533922776413385e+23,ERR,ERR,ERR,ERR,ERR,ERR,ERR,ERR,ERR,ERR,ERR,ERR,ERR,ERR,ERR,ERR,ERR,ERR,ERR,ERR,ERR,ERR,ERR,ERR,ERR,ERR,ERR,ERR,ERR,ERR,ERR,ERR,ERR,ERR,ERR,ERR,ERR,ERR,ERR,ERR,ERR,ERR,ERR,ERR,ERR,ERR,ERR,ERR,ERR,ERR,ERR,ERR,ERR,ERR,ERR,ERR,ERR,ERR,ERR,ERR,ERR,ERR,ERR,ERR,ERR,ERR,ERR,34.0,80.0,35,0.0,0.0,0.0,0.0,0.0,0.0,0.0,0.0,0.0,0.0,0.0,0.0,0.0,0.0,0.0,0.0,66.0,0,121,58,54,65476,0,300,0,0,8,20529,65476,0,0,57672,80.0,0.0,0.0,0.0,0.0,0.0
2026-06-18T02:05:44,ERR,ERR,ERR,ERR,ERR,ERR,ERR,ERR,ERR,ERR,ERR,ERR,ERR,ERR,ERR,ERR,ERR,ERR,ERR,ERR,ERR,ERR,ERR,ERR,ERR,ERR,ERR,ERR,ERR,ERR,ERR,ERR,ERR,ERR,ERR,ERR,ERR,ERR,ERR,ERR,ERR,ERR,ERR,ERR,ERR,ERR,ERR,ERR,ERR,ERR,ERR,ERR,ERR,ERR,ERR,ERR,ERR,ERR,ERR,ERR,ERR,ERR,ERR,ERR,ERR,ERR,ERR,ERR,ERR,ERR,ERR,ERR,ERR,ERR,ERR,ERR,ERR,ERR,ERR,ERR,ERR,ERR,ERR,ERR,ERR,ERR,ERR,ERR,ERR,ERR,ERR,ERR,ERR,ERR,ERR,ERR,ERR,ERR,ERR,ERR,ERR,ERR,ERR,ERR,ERR,ERR,ERR,ERR,ERR,ERR,ERR,ERR,ERR,ERR,ERR,ERR,ERR,ERR,ERR,ERR,ERR,ERR,ERR,ERR,ERR,-107615400.0,-107615392.0,0.0,-4.9501291711397626e+32,-2.012,1.3936040501711995e+18,7.805,8.558351388217734e+28,0,0,4,48911,6720,14723890282496.0,100,0.0,0.0,0.0,-152005385388032.0,0.0,0,0,0,0,0.0,0,0,0,0,0,0,0,0,0,0,0,0,0,0,0,0,0,0,0,0,0,0,0,0,0,0,0,0,0,0,0,0,0,26,51,50,76,65476,0,300,0,0,8,21553,0.0,-107605600.0,0.0,0.0,0.0,0.0,0.0,0.0,0.0,0.0,0.0,0.0,0.0,0.0,0.0,0.0,0.0,0.0,0.0,0.0,0.0,0.0,2.004,0.0,-0.0,0.0,0.0,0.0,0.0,0.0,4715.0,-0.0,7316.0,-107615400.0,-107615392.0,0.0,-0.0,0.0,0.0,0.0,0.0,77,-1.905698292272988e+17,-4.950396875673258e+32,0.0,0.0,0.0,0.0,0.0,0.0,0.0,0,0,0,0.0,0.0,0.0,0.0,0.0,0.0,0.0,0.0,0.0,0.0,0.0,0.0,0.0,0.0,0.0,0.0,0,-107875648.0,77,0.0,154,0.0,2.6533922776413385e+23,ERR,ERR,ERR,ERR,ERR,ERR,ERR,ERR,ERR,ERR,ERR,ERR,ERR,ERR,ERR,ERR,ERR,ERR,ERR,ERR,ERR,ERR,ERR,ERR,ERR,ERR,ERR,ERR,ERR,ERR,ERR,ERR,ERR,ERR,ERR,ERR,ERR,ERR,ERR,ERR,ERR,ERR,ERR,ERR,ERR,ERR,ERR,ERR,ERR,ERR,ERR,ERR,ERR,ERR,ERR,ERR,ERR,ERR,ERR,ERR,ERR,ERR,ERR,ERR,ERR,ERR,ERR,34.0,80.0,35,0.0,0.0,0.0,0.0,0.0,0.0,0.0,0.0,0.0,0.0,0.0,0.0,0.0,0.0,0.0,0.0,66.4,0,121,58,54,65476,0,300,0,0,8,20529,65476,0,0,57672,80.0,0.0,0.0,0.0,0.0,0.0
2026-06-18T02:05:45,ERR,ERR,ERR,ERR,ERR,ERR,ERR,ERR,ERR,ERR,ERR,ERR,ERR,ERR,ERR,ERR,ERR,ERR,ERR,ERR,ERR,ERR,ERR,ERR,ERR,ERR,ERR,ERR,ERR,ERR,ERR,ERR,ERR,ERR,ERR,ERR,ERR,ERR,ERR,ERR,ERR,ERR,ERR,ERR,ERR,ERR,ERR,ERR,ERR,ERR,ERR,ERR,ERR,ERR,ERR,ERR,ERR,ERR,ERR,ERR,ERR,ERR,ERR,ERR,ERR,ERR,ERR,ERR,ERR,ERR,ERR,ERR,ERR,ERR,ERR,ERR,ERR,ERR,ERR,ERR,ERR,ERR,ERR,ERR,ERR,ERR,ERR,ERR,ERR,ERR,ERR,ERR,ERR,ERR,ERR,ERR,ERR,ERR,ERR,ERR,ERR,ERR,ERR,ERR,ERR,ERR,ERR,ERR,ERR,ERR,ERR,ERR,ERR,ERR,ERR,ERR,ERR,ERR,ERR,ERR,ERR,ERR,ERR,ERR,ERR,-107615400.0,-107615392.0,0.0,-4.9501291711397626e+32,-2.012,1.3936040501711995e+18,7.805,8.558351388217734e+28,0,0,4,48911,6720,14723890282496.0,100,0.0,0.0,0.0,-152005385388032.0,0.0,0,0,0,0,0.0,0,0,0,0,0,0,0,0,0,0,0,0,0,0,0,0,0,0,0,0,0,0,0,0,0,0,0,0,0,0,0,0,0,26,51,50,76,65476,0,300,0,0,8,21553,0.0,-107605600.0,0.0,0.0,0.0,0.0,0.0,0.0,0.0,0.0,0.0,0.0,0.0,0.0,0.0,0.0,0.0,0.0,0.0,0.0,0.0,0.0,2.004,0.0,-0.0,0.0,0.0,0.0,0.0,0.0,4715.0,-0.0,7316.0,-107615400.0,-107615392.0,0.0,-0.0,0.0,0.0,0.0,0.0,77,-1.905698292272988e+17,-4.950396875673258e+32,0.0,0.0,0.0,0.0,0.0,0.0,0.0,0,0,0,0.0,0.0,0.0,0.0,0.0,0.0,0.0,0.0,0.0,0.0,0.0,0.0,0.0,0.0,0.0,0.0,0,-107875648.0,77,0.0,154,0.0,2.6533922776413385e+23,ERR,ERR,ERR,ERR,ERR,ERR,ERR,ERR,ERR,ERR,ERR,ERR,ERR,ERR,ERR,ERR,ERR,ERR,ERR,ERR,ERR,ERR,ERR,ERR,ERR,ERR,ERR,ERR,ERR,ERR,ERR,ERR,ERR,ERR,ERR,ERR,ERR,ERR,ERR,ERR,ERR,ERR,ERR,ERR,ERR,ERR,ERR,ERR,ERR,ERR,ERR,ERR,ERR,ERR,ERR,ERR,ERR,ERR,ERR,ERR,ERR,ERR,ERR,ERR,ERR,ERR,ERR,34.0,80.0,35,0.0,0.0,0.0,0.0,0.0,0.0,0.0,0.0,0.0,0.0,0.0,0.0,0.0,0.0,0.0,0.0,66.4,0,121,58,54,65476,0,300,0,0,8,20529,65476,0,0,57672,80.0,0.0,0.0,0.0,0.0,0.0
2026-06-18T02:05:46,ERR,ERR,ERR,ERR,ERR,ERR,ERR,ERR,ERR,ERR,ERR,ERR,ERR,ERR,ERR,ERR,ERR,ERR,ERR,ERR,ERR,ERR,ERR,ERR,ERR,ERR,ERR,ERR,ERR,ERR,ERR,ERR,ERR,ERR,ERR,ERR,ERR,ERR,ERR,ERR,ERR,ERR,ERR,ERR,ERR,ERR,ERR,ERR,ERR,ERR,ERR,ERR,ERR,ERR,ERR,ERR,ERR,ERR,ERR,ERR,ERR,ERR,ERR,ERR,ERR,ERR,ERR,ERR,ERR,ERR,ERR,ERR,ERR,ERR,ERR,ERR,ERR,ERR,ERR,ERR,ERR,ERR,ERR,ERR,ERR,ERR,ERR,ERR,ERR,ERR,ERR,ERR,ERR,ERR,ERR,ERR,ERR,ERR,ERR,ERR,ERR,ERR,ERR,ERR,ERR,ERR,ERR,ERR,ERR,ERR,ERR,ERR,ERR,ERR,ERR,ERR,ERR,ERR,ERR,ERR,ERR,ERR,ERR,ERR,ERR,-107615400.0,-107615392.0,0.0,-4.9501291711397626e+32,-2.012,1.3936040501711995e+18,7.805,8.558351388217734e+28,0,0,4,48911,6720,14723890282496.0,100,0.0,0.0,0.0,-152005385388032.0,0.0,0,0,0,0,0.0,0,0,0,0,0,0,0,0,0,0,0,0,0,0,0,0,0,0,0,0,0,0,0,0,0,0,0,0,0,0,0,0,0,26,51,50,76,65476,0,300,0,0,8,21553,0.0,-107605600.0,0.0,0.0,0.0,0.0,0.0,0.0,0.0,0.0,0.0,0.0,0.0,0.0,0.0,0.0,0.0,0.0,0.0,0.0,0.0,0.0,2.004,0.0,-0.0,0.0,0.0,0.0,0.0,0.0,4715.0,-0.0,7316.0,-107615400.0,-107615392.0,0.0,-0.0,0.0,0.0,0.0,0.0,77,-1.905698292272988e+17,-4.950396875673258e+32,0.0,0.0,0.0,0.0,0.0,0.0,0.0,0,0,0,0.0,0.0,0.0,0.0,0.0,0.0,0.0,0.0,0.0,0.0,0.0,0.0,0.0,0.0,0.0,0.0,0,-107875648.0,77,0.0,154,0.0,2.6533922776413385e+23,ERR,ERR,ERR,ERR,ERR,ERR,ERR,ERR,ERR,ERR,ERR,ERR,ERR,ERR,ERR,ERR,ERR,ERR,ERR,ERR,ERR,ERR,ERR,ERR,ERR,ERR,ERR,ERR,ERR,ERR,ERR,ERR,ERR,ERR,ERR,ERR,ERR,ERR,ERR,ERR,ERR,ERR,ERR,ERR,ERR,ERR,ERR,ERR,ERR,ERR,ERR,ERR,ERR,ERR,ERR,ERR,ERR,ERR,ERR,ERR,ERR,ERR,ERR,ERR,ERR,ERR,ERR,34.0,80.0,35,0.0,0.0,0.0,0.0,0.0,0.0,0.0,0.0,0.0,0.0,0.0,0.0,0.0,0.0,0.0,0.0,66.0,0,121,58,54,65476,0,300,0,0,8,20529,65476,0,0,57672,80.0,0.0,0.0,0.0,0.0,0.0
2026-06-18T02:05:47,ERR,ERR,ERR,ERR,ERR,ERR,ERR,ERR,ERR,ERR,ERR,ERR,ERR,ERR,ERR,ERR,ERR,ERR,ERR,ERR,ERR,ERR,ERR,ERR,ERR,ERR,ERR,ERR,ERR,ERR,ERR,ERR,ERR,ERR,ERR,ERR,ERR,ERR,ERR,ERR,ERR,ERR,ERR,ERR,ERR,ERR,ERR,ERR,ERR,ERR,ERR,ERR,ERR,ERR,ERR,ERR,ERR,ERR,ERR,ERR,ERR,ERR,ERR,ERR,ERR,ERR,ERR,ERR,ERR,ERR,ERR,ERR,ERR,ERR,ERR,ERR,ERR,ERR,ERR,ERR,ERR,ERR,ERR,ERR,ERR,ERR,ERR,ERR,ERR,ERR,ERR,ERR,ERR,ERR,ERR,ERR,ERR,ERR,ERR,ERR,ERR,ERR,ERR,ERR,ERR,ERR,ERR,ERR,ERR,ERR,ERR,ERR,ERR,ERR,ERR,ERR,ERR,ERR,ERR,ERR,ERR,ERR,ERR,ERR,ERR,-107615400.0,-107615392.0,0.0,-4.9501291711397626e+32,-2.012,1.3936040501711995e+18,7.805,8.558351388217734e+28,0,0,4,48911,6720,14723890282496.0,100,0.0,0.0,0.0,-152005385388032.0,0.0,0,0,0,0,0.0,0,0,0,0,0,0,0,0,0,0,0,0,0,0,0,0,0,0,0,0,0,0,0,0,0,0,0,0,0,0,0,0,0,26,51,50,76,65476,0,300,0,0,8,21553,0.0,-107605600.0,0.0,0.0,0.0,0.0,0.0,0.0,0.0,0.0,0.0,0.0,0.0,0.0,0.0,0.0,0.0,0.0,0.0,0.0,0.0,0.0,2.004,0.0,-0.0,0.0,0.0,0.0,0.0,0.0,4715.0,-0.0,7316.0,-107615400.0,-107615392.0,0.0,-0.0,0.0,0.0,0.0,0.0,77,-1.905698292272988e+17,-4.950396875673258e+32,0.0,0.0,0.0,0.0,0.0,0.0,0.0,0,0,0,0.0,0.0,0.0,0.0,0.0,0.0,0.0,0.0,0.0,0.0,0.0,0.0,0.0,0.0,0.0,0.0,0,-107875648.0,77,0.0,154,0.0,2.6533922776413385e+23,ERR,ERR,ERR,ERR,ERR,ERR,ERR,ERR,ERR,ERR,ERR,ERR,ERR,ERR,ERR,ERR,ERR,ERR,ERR,ERR,ERR,ERR,ERR,ERR,ERR,ERR,ERR,ERR,ERR,ERR,ERR,ERR,ERR,ERR,ERR,ERR,ERR,ERR,ERR,ERR,ERR,ERR,ERR,ERR,ERR,ERR,ERR,ERR,ERR,ERR,ERR,ERR,ERR,ERR,ERR,ERR,ERR,ERR,ERR,ERR,ERR,ERR,ERR,ERR,ERR,ERR,ERR,34.0,80.0,35,0.0,0.0,0.0,0.0,0.0,0.0,0.0,0.0,0.0,0.0,0.0,0.0,0.0,0.0,0.0,0.0,66.0,0,121,58,54,65476,0,300,0,0,8,20529,65476,0,0,57672,80.0,0.0,0.0,0.0,0.0,0.0
2026-06-18T02:05:48,ERR,ERR,ERR,ERR,ERR,ERR,ERR,ERR,ERR,ERR,ERR,ERR,ERR,ERR,ERR,ERR,ERR,ERR,ERR,ERR,ERR,ERR,ERR,ERR,ERR,ERR,ERR,ERR,ERR,ERR,ERR,ERR,ERR,ERR,ERR,ERR,ERR,ERR,ERR,ERR,ERR,ERR,ERR,ERR,ERR,ERR,ERR,ERR,ERR,ERR,ERR,ERR,ERR,ERR,ERR,ERR,ERR,ERR,ERR,ERR,ERR,ERR,ERR,ERR,ERR,ERR,ERR,ERR,ERR,ERR,ERR,ERR,ERR,ERR,ERR,ERR,ERR,ERR,ERR,ERR,ERR,ERR,ERR,ERR,ERR,ERR,ERR,ERR,ERR,ERR,ERR,ERR,ERR,ERR,ERR,ERR,ERR,ERR,ERR,ERR,ERR,ERR,ERR,ERR,ERR,ERR,ERR,ERR,ERR,ERR,ERR,ERR,ERR,ERR,ERR,ERR,ERR,ERR,ERR,ERR,ERR,ERR,ERR,ERR,ERR,-107615400.0,-107615392.0,0.0,0.0,0.0,1.3936040501711995e+18,7.805,-0.0,0,0,4,48910,6720,14723890282496.0,100,0.0,0.0,0.0,-0.0,0.0,0,0,0,0,0.0,0,0,0,0,0,0,0,0,0,0,0,0,0,0,0,0,0,0,0,0,0,0,0,0,0,0,0,0,0,0,0,0,0,26,51,50,76,65476,0,300,0,0,8,21553,0.0,-107605600.0,0.0,0.0,0.0,0.0,0.0,0.0,0.0,0.0,0.0,0.0,0.0,0.0,0.0,0.0,0.0,0.0,0.0,0.0,0.0,0.0,2.004,0.0,-0.0,0.0,0.0,0.0,0.0,0.0,4719.0,-0.0,7316.0,-107615400.0,-107615392.0,0.0,-0.0,0.0,0.0,0.0,0.0,77,-4.066880858845495e+29,-4.950396875673258e+32,0.0,0.0,0.0,0.0,0.0,0.0,0.0,0,0,0,0.0,0.0,0.0,0.0,0.0,0.0,0.0,0.0,0.0,0.0,0.0,0.0,0.0,0.0,0.0,0.0,0,-107875648.0,77,0.0,154,0.0,0.0,ERR,ERR,ERR,ERR,ERR,ERR,ERR,ERR,ERR,ERR,ERR,ERR,ERR,ERR,ERR,ERR,ERR,ERR,ERR,ERR,ERR,ERR,ERR,ERR,ERR,ERR,ERR,ERR,ERR,ERR,ERR,ERR,ERR,ERR,ERR,ERR,ERR,ERR,ERR,ERR,ERR,ERR,ERR,ERR,ERR,ERR,ERR,ERR,ERR,ERR,ERR,ERR,ERR,ERR,ERR,ERR,ERR,ERR,ERR,ERR,ERR,ERR,ERR,ERR,ERR,ERR,ERR,34.0,80.0,35,0.0,0.0,0.0,0.0,0.0,0.0,0.0,0.0,0.0,0.0,0.0,0.0,0.0,0.0,0.0,0.0,66.0,0,121,58,54,65476,0,300,0,0,8,20529,65476,0,0,57672,80.0,0.0,0.0,0.0,0.0,0.0
2026-06-18T02:05:49,ERR,ERR,ERR,ERR,ERR,ERR,ERR,ERR,ERR,ERR,ERR,ERR,ERR,ERR,ERR,ERR,ERR,ERR,ERR,ERR,ERR,ERR,ERR,ERR,ERR,ERR,ERR,ERR,ERR,ERR,ERR,ERR,ERR,ERR,ERR,ERR,ERR,ERR,ERR,ERR,ERR,ERR,ERR,ERR,ERR,ERR,ERR,ERR,ERR,ERR,ERR,ERR,ERR,ERR,ERR,ERR,ERR,ERR,ERR,ERR,ERR,ERR,ERR,ERR,ERR,ERR,ERR,ERR,ERR,ERR,ERR,ERR,ERR,ERR,ERR,ERR,ERR,ERR,ERR,ERR,ERR,ERR,ERR,ERR,ERR,ERR,ERR,ERR,ERR,ERR,ERR,ERR,ERR,ERR,ERR,ERR,ERR,ERR,ERR,ERR,ERR,ERR,ERR,ERR,ERR,ERR,ERR,ERR,ERR,ERR,ERR,ERR,ERR,ERR,ERR,ERR,ERR,ERR,ERR,ERR,ERR,ERR,ERR,ERR,ERR,-107615400.0,-107615392.0,0.0,0.0,0.0,1.3936040501711995e+18,7.805,-0.0,0,0,4,48910,6720,14723890282496.0,100,0.0,0.0,0.0,-0.0,0.0,0,0,0,0,0.0,0,0,0,0,0,0,0,0,0,0,0,0,0,0,0,0,0,0,0,0,0,0,0,0,0,0,0,0,0,0,0,0,0,26,51,50,76,65476,0,300,0,0,8,21553,0.0,-107605600.0,0.0,0.0,0.0,0.0,0.0,0.0,0.0,0.0,0.0,0.0,0.0,0.0,0.0,0.0,0.0,0.0,0.0,0.0,0.0,0.0,2.004,0.0,-0.0,0.0,0.0,0.0,0.0,0.0,4719.0,-0.0,7316.0,-107615400.0,-107615392.0,0.0,-0.0,0.0,0.0,0.0,0.0,77,-4.066880858845495e+29,-4.950396875673258e+32,0.0,0.0,0.0,0.0,0.0,0.0,0.0,0,0,0,0.0,0.0,0.0,0.0,0.0,0.0,0.0,0.0,0.0,0.0,0.0,0.0,0.0,0.0,0.0,0.0,0,-107875648.0,77,0.0,154,0.0,0.0,ERR,ERR,ERR,ERR,ERR,ERR,ERR,ERR,ERR,ERR,ERR,ERR,ERR,ERR,ERR,ERR,ERR,ERR,ERR,ERR,ERR,ERR,ERR,ERR,ERR,ERR,ERR,ERR,ERR,ERR,ERR,ERR,ERR,ERR,ERR,ERR,ERR,ERR,ERR,ERR,ERR,ERR,ERR,ERR,ERR,ERR,ERR,ERR,ERR,ERR,ERR,ERR,ERR,ERR,ERR,ERR,ERR,ERR,ERR,ERR,ERR,ERR,ERR,ERR,ERR,ERR,ERR,34.0,80.0,35,0.0,0.0,0.0,0.0,0.0,0.0,0.0,0.0,0.0,0.0,0.0,0.0,0.0,0.0,0.0,0.0,66.0,0,121,58,54,65476,0,300,0,0,8,20529,65476,0,0,57672,80.0,0.0,0.0,0.0,0.0,0.0
2026-06-18T02:05:50,ERR,ERR,ERR,ERR,ERR,ERR,ERR,ERR,ERR,ERR,ERR,ERR,ERR,ERR,ERR,ERR,ERR,ERR,ERR,ERR,ERR,ERR,ERR,ERR,ERR,ERR,ERR,ERR,ERR,ERR,ERR,ERR,ERR,ERR,ERR,ERR,ERR,ERR,ERR,ERR,ERR,ERR,ERR,ERR,ERR,ERR,ERR,ERR,ERR,ERR,ERR,ERR,ERR,ERR,ERR,ERR,ERR,ERR,ERR,ERR,ERR,ERR,ERR,ERR,ERR,ERR,ERR,ERR,ERR,ERR,ERR,ERR,ERR,ERR,ERR,ERR,ERR,ERR,ERR,ERR,ERR,ERR,ERR,ERR,ERR,ERR,ERR,ERR,ERR,ERR,ERR,ERR,ERR,ERR,ERR,ERR,ERR,ERR,ERR,ERR,ERR,ERR,ERR,ERR,ERR,ERR,ERR,ERR,ERR,ERR,ERR,ERR,ERR,ERR,ERR,ERR,ERR,ERR,ERR,ERR,ERR,ERR,ERR,ERR,ERR,-107615400.0,-107615392.0,0.0,0.0,0.0,1.3936040501711995e+18,7.805,-0.0,0,0,4,48910,6720,14723890282496.0,100,0.0,0.0,0.0,-0.0,0.0,0,0,0,0,0.0,0,0,0,0,0,0,0,0,0,0,0,0,0,0,0,0,0,0,0,0,0,0,0,0,0,0,0,0,0,0,0,0,0,26,51,50,76,65476,0,300,0,0,8,21553,0.0,-107605600.0,0.0,0.0,0.0,0.0,0.0,0.0,0.0,0.0,0.0,0.0,0.0,0.0,0.0,0.0,0.0,0.0,0.0,0.0,0.0,0.0,2.004,0.0,-0.0,0.0,0.0,0.0,0.0,0.0,4719.0,-0.0,7316.0,-107615400.0,-107615392.0,0.0,-0.0,0.0,0.0,0.0,0.0,77,-4.066880858845495e+29,-4.950396875673258e+32,0.0,0.0,0.0,0.0,0.0,0.0,0.0,0,0,0,0.0,0.0,0.0,0.0,0.0,0.0,0.0,0.0,0.0,0.0,0.0,0.0,0.0,0.0,0.0,0.0,0,-107875648.0,77,0.0,154,0.0,0.0,ERR,ERR,ERR,ERR,ERR,ERR,ERR,ERR,ERR,ERR,ERR,ERR,ERR,ERR,ERR,ERR,ERR,ERR,ERR,ERR,ERR,ERR,ERR,ERR,ERR,ERR,ERR,ERR,ERR,ERR,ERR,ERR,ERR,ERR,ERR,ERR,ERR,ERR,ERR,ERR,ERR,ERR,ERR,ERR,ERR,ERR,ERR,ERR,ERR,ERR,ERR,ERR,ERR,ERR,ERR,ERR,ERR,ERR,ERR,ERR,ERR,ERR,ERR,ERR,ERR,ERR,ERR,34.0,80.0,35,0.0,0.0,0.0,0.0,0.0,0.0,0.0,0.0,0.0,0.0,0.0,0.0,0.0,0.0,0.0,0.0,66.0,0,121,58,54,65476,0,300,0,0,8,20529,65476,0,0,57672,80.0,0.0,0.0,0.0,0.0,0.0
2026-06-18T02:05:51,ERR,ERR,ERR,ERR,ERR,ERR,ERR,ERR,ERR,ERR,ERR,ERR,ERR,ERR,ERR,ERR,ERR,ERR,ERR,ERR,ERR,ERR,ERR,ERR,ERR,ERR,ERR,ERR,ERR,ERR,ERR,ERR,ERR,ERR,ERR,ERR,ERR,ERR,ERR,ERR,ERR,ERR,ERR,ERR,ERR,ERR,ERR,ERR,ERR,ERR,ERR,ERR,ERR,ERR,ERR,ERR,ERR,ERR,ERR,ERR,ERR,ERR,ERR,ERR,ERR,ERR,ERR,ERR,ERR,ERR,ERR,ERR,ERR,ERR,ERR,ERR,ERR,ERR,ERR,ERR,ERR,ERR,ERR,ERR,ERR,ERR,ERR,ERR,ERR,ERR,ERR,ERR,ERR,ERR,ERR,ERR,ERR,ERR,ERR,ERR,ERR,ERR,ERR,ERR,ERR,ERR,ERR,ERR,ERR,ERR,ERR,ERR,ERR,ERR,ERR,ERR,ERR,ERR,ERR,ERR,ERR,ERR,ERR,ERR,ERR,-107615400.0,-107615392.0,0.0,0.0,0.0,1.3936040501711995e+18,7.805,-0.0,0,0,4,48910,6720,14723890282496.0,100,0.0,0.0,0.0,-0.0,0.0,0,0,0,0,0.0,0,0,0,0,0,0,0,0,0,0,0,0,0,0,0,0,0,0,0,0,0,0,0,0,0,0,0,0,0,0,0,0,0,26,51,50,76,65476,0,300,0,0,8,21553,0.0,-107605600.0,0.0,0.0,0.0,0.0,0.0,0.0,0.0,0.0,0.0,0.0,0.0,0.0,0.0,0.0,0.0,0.0,0.0,0.0,0.0,0.0,2.004,0.0,-0.0,0.0,0.0,0.0,0.0,0.0,4719.0,-0.0,7316.0,-107615400.0,-107615392.0,0.0,-0.0,0.0,0.0,0.0,0.0,77,-4.066880858845495e+29,-4.950396875673258e+32,0.0,0.0,0.0,0.0,0.0,0.0,0.0,0,0,0,0.0,0.0,0.0,0.0,0.0,0.0,0.0,0.0,0.0,0.0,0.0,0.0,0.0,0.0,0.0,0.0,0,-107875648.0,77,0.0,154,0.0,0.0,ERR,ERR,ERR,ERR,ERR,ERR,ERR,ERR,ERR,ERR,ERR,ERR,ERR,ERR,ERR,ERR,ERR,ERR,ERR,ERR,ERR,ERR,ERR,ERR,ERR,ERR,ERR,ERR,ERR,ERR,ERR,ERR,ERR,ERR,ERR,ERR,ERR,ERR,ERR,ERR,ERR,ERR,ERR,ERR,ERR,ERR,ERR,ERR,ERR,ERR,ERR,ERR,ERR,ERR,ERR,ERR,ERR,ERR,ERR,ERR,ERR,ERR,ERR,ERR,ERR,ERR,ERR,34.0,80.0,35,0.0,0.0,0.0,0.0,0.0,0.0,0.0,0.0,0.0,0.0,0.0,0.0,0.0,0.0,0.0,0.0,66.0,0,121,58,54,65476,0,300,0,0,8,20529,65476,0,0,57672,80.0,0.0,0.0,0.0,0.0,0.0
2026-06-18T02:05:52,ERR,ERR,ERR,ERR,ERR,ERR,ERR,ERR,ERR,ERR,ERR,ERR,ERR,ERR,ERR,ERR,ERR,ERR,ERR,ERR,ERR,ERR,ERR,ERR,ERR,ERR,ERR,ERR,ERR,ERR,ERR,ERR,ERR,ERR,ERR,ERR,ERR,ERR,ERR,ERR,ERR,ERR,ERR,ERR,ERR,ERR,ERR,ERR,ERR,ERR,ERR,ERR,ERR,ERR,ERR,ERR,ERR,ERR,ERR,ERR,ERR,ERR,ERR,ERR,ERR,ERR,ERR,ERR,ERR,ERR,ERR,ERR,ERR,ERR,ERR,ERR,ERR,ERR,ERR,ERR,ERR,ERR,ERR,ERR,ERR,ERR,ERR,ERR,ERR,ERR,ERR,ERR,ERR,ERR,ERR,ERR,ERR,ERR,ERR,ERR,ERR,ERR,ERR,ERR,ERR,ERR,ERR,ERR,ERR,ERR,ERR,ERR,ERR,ERR,ERR,ERR,ERR,ERR,ERR,ERR,ERR,ERR,ERR,ERR,ERR,-107615400.0,-107615392.0,0.0,0.0,0.0,1.3936040501711995e+18,7.805,-0.0,0,0,4,48910,6720,14723890282496.0,100,0.0,0.0,0.0,-0.0,0.0,0,0,0,0,0.0,0,0,0,0,0,0,0,0,0,0,0,0,0,0,0,0,0,0,0,0,0,0,0,0,0,0,0,0,0,0,0,0,0,26,51,50,76,65476,0,300,0,0,8,21553,0.0,-107605600.0,0.0,0.0,0.0,0.0,0.0,0.0,0.0,0.0,0.0,0.0,0.0,0.0,0.0,0.0,0.0,0.0,0.0,0.0,0.0,0.0,2.004,0.0,-0.0,0.0,0.0,0.0,0.0,0.0,4719.0,-0.0,7316.0,-107615400.0,-107615392.0,0.0,-0.0,0.0,0.0,0.0,0.0,77,-4.066880858845495e+29,-4.950396875673258e+32,0.0,0.0,0.0,0.0,0.0,0.0,0.0,0,0,0,0.0,0.0,0.0,0.0,0.0,0.0,0.0,0.0,0.0,0.0,0.0,0.0,0.0,0.0,0.0,0.0,0,-107875648.0,77,0.0,154,0.0,0.0,ERR,ERR,ERR,ERR,ERR,ERR,ERR,ERR,ERR,ERR,ERR,ERR,ERR,ERR,ERR,ERR,ERR,ERR,ERR,ERR,ERR,ERR,ERR,ERR,ERR,ERR,ERR,ERR,ERR,ERR,ERR,ERR,ERR,ERR,ERR,ERR,ERR,ERR,ERR,ERR,ERR,ERR,ERR,ERR,ERR,ERR,ERR,ERR,ERR,ERR,ERR,ERR,ERR,ERR,ERR,ERR,ERR,ERR,ERR,ERR,ERR,ERR,ERR,ERR,ERR,ERR,ERR,34.0,80.0,35,0.0,0.0,0.0,0.0,0.0,0.0,0.0,0.0,0.0,0.0,0.0,0.0,0.0,0.0,0.0,0.0,66.0,0,121,58,54,65476,0,300,0,0,8,20529,65476,0,0,57672,80.0,0.0,0.0,0.0,0.0,0.0
2026-06-18T02:05:53,ERR,ERR,ERR,ERR,ERR,ERR,ERR,ERR,ERR,ERR,ERR,ERR,ERR,ERR,ERR,ERR,ERR,ERR,ERR,ERR,ERR,ERR,ERR,ERR,ERR,ERR,ERR,ERR,ERR,ERR,ERR,ERR,ERR,ERR,ERR,ERR,ERR,ERR,ERR,ERR,ERR,ERR,ERR,ERR,ERR,ERR,ERR,ERR,ERR,ERR,ERR,ERR,ERR,ERR,ERR,ERR,ERR,ERR,ERR,ERR,ERR,ERR,ERR,ERR,ERR,ERR,ERR,ERR,ERR,ERR,ERR,ERR,ERR,ERR,ERR,ERR,ERR,ERR,ERR,ERR,ERR,ERR,ERR,ERR,ERR,ERR,ERR,ERR,ERR,ERR,ERR,ERR,ERR,ERR,ERR,ERR,ERR,ERR,ERR,ERR,ERR,ERR,ERR,ERR,ERR,ERR,ERR,ERR,ERR,ERR,ERR,ERR,ERR,ERR,ERR,ERR,ERR,ERR,ERR,ERR,ERR,ERR,ERR,ERR,ERR,-107615400.0,-107615392.0,0.0,-107609184.0,-0.0,1.3936040501711995e+18,7.805,0.0,0,0,4,48898,6720,14723890282496.0,100,0.0,0.0,0.0,-107609184.0,0.0,0,0,0,0,0.0,0,0,0,0,0,0,0,0,0,0,0,0,0,0,0,0,0,0,0,0,0,0,0,0,0,0,0,0,0,0,0,0,0,26,51,50,76,65476,0,300,0,0,8,21553,0.0,-107605600.0,0.0,0.0,0.0,0.0,0.0,0.0,0.0,0.0,0.0,0.0,0.0,0.0,0.0,0.0,0.0,0.0,0.0,0.0,0.0,0.0,2.004,0.0,-0.0,0.0,0.0,0.0,0.0,0.0,4716.0,-0.0,7314.0,-107615400.0,-107615392.0,0.0,-0.0,0.0,0.0,0.0,0.0,77,-2.3088407177156624e+20,0.0,0.0,0.0,0.0,0.0,0.0,0.0,0.0,0,0,0,0.0,0.0,0.0,0.0,0.0,0.0,0.0,0.0,0.0,0.0,0.0,0.0,0.0,0.0,0.0,0.0,0,-107875648.0,77,0.0,154,0.0,0.0,ERR,ERR,ERR,ERR,ERR,ERR,ERR,ERR,ERR,ERR,ERR,ERR,ERR,ERR,ERR,ERR,ERR,ERR,ERR,ERR,ERR,ERR,ERR,ERR,ERR,ERR,ERR,ERR,ERR,ERR,ERR,ERR,ERR,ERR,ERR,ERR,ERR,ERR,ERR,ERR,ERR,ERR,ERR,ERR,ERR,ERR,ERR,ERR,ERR,ERR,ERR,ERR,ERR,ERR,ERR,ERR,ERR,ERR,ERR,ERR,ERR,ERR,ERR,ERR,ERR,ERR,ERR,34.0,80.0,35,0.0,0.0,0.0,0.0,0.0,0.0,0.0,0.0,0.0,0.0,0.0,0.0,0.0,0.0,0.0,0.0,66.0,0,121,58,54,65476,0,300,0,0,8,20529,65476,0,0,57672,80.0,0.0,0.0,0.0,0.0,0.0
2026-06-18T02:05:54,ERR,ERR,ERR,ERR,ERR,ERR,ERR,ERR,ERR,ERR,ERR,ERR,ERR,ERR,ERR,ERR,ERR,ERR,ERR,ERR,ERR,ERR,ERR,ERR,ERR,ERR,ERR,ERR,ERR,ERR,ERR,ERR,ERR,ERR,ERR,ERR,ERR,ERR,ERR,ERR,ERR,ERR,ERR,ERR,ERR,ERR,ERR,ERR,ERR,ERR,ERR,ERR,ERR,ERR,ERR,ERR,ERR,ERR,ERR,ERR,ERR,ERR,ERR,ERR,ERR,ERR,ERR,ERR,ERR,ERR,ERR,ERR,ERR,ERR,ERR,ERR,ERR,ERR,ERR,ERR,ERR,ERR,ERR,ERR,ERR,ERR,ERR,ERR,ERR,ERR,ERR,ERR,ERR,ERR,ERR,ERR,ERR,ERR,ERR,ERR,ERR,ERR,ERR,ERR,ERR,ERR,ERR,ERR,ERR,ERR,ERR,ERR,ERR,ERR,ERR,ERR,ERR,ERR,ERR,ERR,ERR,ERR,ERR,ERR,ERR,-107615400.0,-107615392.0,0.0,-107609184.0,-0.0,1.3936040501711995e+18,7.805,0.0,0,0,4,48898,6720,14723890282496.0,100,0.0,0.0,0.0,-107609184.0,0.0,0,0,0,0,0.0,0,0,0,0,0,0,0,0,0,0,0,0,0,0,0,0,0,0,0,0,0,0,0,0,0,0,0,0,0,0,0,0,0,26,51,50,76,65476,0,300,0,0,8,21553,0.0,-107605600.0,0.0,0.0,0.0,0.0,0.0,0.0,0.0,0.0,0.0,0.0,0.0,0.0,0.0,0.0,0.0,0.0,0.0,0.0,0.0,0.0,2.004,0.0,-0.0,0.0,0.0,0.0,0.0,0.0,4716.0,-0.0,7314.0,-107615400.0,-107615392.0,0.0,-0.0,0.0,0.0,0.0,0.0,77,-2.3088407177156624e+20,0.0,0.0,0.0,0.0,0.0,0.0,0.0,0.0,0,0,0,0.0,0.0,0.0,0.0,0.0,0.0,0.0,0.0,0.0,0.0,0.0,0.0,0.0,0.0,0.0,0.0,0,-107875648.0,77,0.0,154,0.0,0.0,ERR,ERR,ERR,ERR,ERR,ERR,ERR,ERR,ERR,ERR,ERR,ERR,ERR,ERR,ERR,ERR,ERR,ERR,ERR,ERR,ERR,ERR,ERR,ERR,ERR,ERR,ERR,ERR,ERR,ERR,ERR,ERR,ERR,ERR,ERR,ERR,ERR,ERR,ERR,ERR,ERR,ERR,ERR,ERR,ERR,ERR,ERR,ERR,ERR,ERR,ERR,ERR,ERR,ERR,ERR,ERR,ERR,ERR,ERR,ERR,ERR,ERR,ERR,ERR,ERR,ERR,ERR,34.0,80.0,35,0.0,0.0,0.0,0.0,0.0,0.0,0.0,0.0,0.0,0.0,0.0,0.0,0.0,0.0,0.0,0.0,66.0,0,121,58,54,65476,0,300,0,0,8,20529,65476,0,0,57672,80.0,0.0,0.0,0.0,0.0,0.0
2026-06-18T02:05:55,ERR,ERR,ERR,ERR,ERR,ERR,ERR,ERR,ERR,ERR,ERR,ERR,ERR,ERR,ERR,ERR,ERR,ERR,ERR,ERR,ERR,ERR,ERR,ERR,ERR,ERR,ERR,ERR,ERR,ERR,ERR,ERR,ERR,ERR,ERR,ERR,ERR,ERR,ERR,ERR,ERR,ERR,ERR,ERR,ERR,ERR,ERR,ERR,ERR,ERR,ERR,ERR,ERR,ERR,ERR,ERR,ERR,ERR,ERR,ERR,ERR,ERR,ERR,ERR,ERR,ERR,ERR,ERR,ERR,ERR,ERR,ERR,ERR,ERR,ERR,ERR,ERR,ERR,ERR,ERR,ERR,ERR,ERR,ERR,ERR,ERR,ERR,ERR,ERR,ERR,ERR,ERR,ERR,ERR,ERR,ERR,ERR,ERR,ERR,ERR,ERR,ERR,ERR,ERR,ERR,ERR,ERR,ERR,ERR,ERR,ERR,ERR,ERR,ERR,ERR,ERR,ERR,ERR,ERR,ERR,ERR,ERR,ERR,ERR,ERR,-107615400.0,-107615392.0,0.0,-107609184.0,-0.0,1.3936040501711995e+18,7.805,0.0,0,0,4,48898,6720,14723890282496.0,100,0.0,0.0,0.0,-107609184.0,0.0,0,0,0,0,0.0,0,0,0,0,0,0,0,0,0,0,0,0,0,0,0,0,0,0,0,0,0,0,0,0,0,0,0,0,0,0,0,0,0,26,51,50,76,65476,0,300,0,0,8,21553,0.0,-107605600.0,0.0,0.0,0.0,0.0,0.0,0.0,0.0,0.0,0.0,0.0,0.0,0.0,0.0,0.0,0.0,0.0,0.0,0.0,0.0,0.0,2.004,0.0,-0.0,0.0,0.0,0.0,0.0,0.0,4716.0,-0.0,7314.0,-107615400.0,-107615392.0,0.0,-0.0,0.0,0.0,0.0,0.0,77,-2.3088407177156624e+20,0.0,0.0,0.0,0.0,0.0,0.0,0.0,0.0,0,0,0,0.0,0.0,0.0,0.0,0.0,0.0,0.0,0.0,0.0,0.0,0.0,0.0,0.0,0.0,0.0,0.0,0,-107875648.0,77,0.0,154,0.0,0.0,ERR,ERR,ERR,ERR,ERR,ERR,ERR,ERR,ERR,ERR,ERR,ERR,ERR,ERR,ERR,ERR,ERR,ERR,ERR,ERR,ERR,ERR,ERR,ERR,ERR,ERR,ERR,ERR,ERR,ERR,ERR,ERR,ERR,ERR,ERR,ERR,ERR,ERR,ERR,ERR,ERR,ERR,ERR,ERR,ERR,ERR,ERR,ERR,ERR,ERR,ERR,ERR,ERR,ERR,ERR,ERR,ERR,ERR,ERR,ERR,ERR,ERR,ERR,ERR,ERR,ERR,ERR,34.0,80.0,35,0.0,0.0,0.0,0.0,0.0,0.0,0.0,0.0,0.0,0.0,0.0,0.0,0.0,0.0,0.0,0.0,66.0,0,121,58,54,65476,0,300,0,0,8,20529,65476,0,0,57672,80.0,0.0,0.0,0.0,0.0,0.0
2026-06-18T02:05:56,ERR,ERR,ERR,ERR,ERR,ERR,ERR,ERR,ERR,ERR,ERR,ERR,ERR,ERR,ERR,ERR,ERR,ERR,ERR,ERR,ERR,ERR,ERR,ERR,ERR,ERR,ERR,ERR,ERR,ERR,ERR,ERR,ERR,ERR,ERR,ERR,ERR,ERR,ERR,ERR,ERR,ERR,ERR,ERR,ERR,ERR,ERR,ERR,ERR,ERR,ERR,ERR,ERR,ERR,ERR,ERR,ERR,ERR,ERR,ERR,ERR,ERR,ERR,ERR,ERR,ERR,ERR,ERR,ERR,ERR,ERR,ERR,ERR,ERR,ERR,ERR,ERR,ERR,ERR,ERR,ERR,ERR,ERR,ERR,ERR,ERR,ERR,ERR,ERR,ERR,ERR,ERR,ERR,ERR,ERR,ERR,ERR,ERR,ERR,ERR,ERR,ERR,ERR,ERR,ERR,ERR,ERR,ERR,ERR,ERR,ERR,ERR,ERR,ERR,ERR,ERR,ERR,ERR,ERR,ERR,ERR,ERR,ERR,ERR,ERR,-107615400.0,-107615392.0,0.0,-107609184.0,-0.0,1.3936040501711995e+18,7.805,0.0,0,0,4,48898,6720,14723890282496.0,100,0.0,0.0,0.0,-107609184.0,0.0,0,0,0,0,0.0,0,0,0,0,0,0,0,0,0,0,0,0,0,0,0,0,0,0,0,0,0,0,0,0,0,0,0,0,0,0,0,0,0,26,51,50,76,65476,0,300,0,0,8,21553,0.0,-107605600.0,0.0,0.0,0.0,0.0,0.0,0.0,0.0,0.0,0.0,0.0,0.0,0.0,0.0,0.0,0.0,0.0,0.0,0.0,0.0,0.0,2.004,0.0,-0.0,0.0,0.0,0.0,0.0,0.0,4716.0,-0.0,7314.0,-107615400.0,-107615392.0,0.0,-0.0,0.0,0.0,0.0,0.0,77,-2.3088407177156624e+20,0.0,0.0,0.0,0.0,0.0,0.0,0.0,0.0,0,0,0,0.0,0.0,0.0,0.0,0.0,0.0,0.0,0.0,0.0,0.0,0.0,0.0,0.0,0.0,0.0,0.0,0,-107875648.0,77,0.0,154,0.0,0.0,ERR,ERR,ERR,ERR,ERR,ERR,ERR,ERR,ERR,ERR,ERR,ERR,ERR,ERR,ERR,ERR,ERR,ERR,ERR,ERR,ERR,ERR,ERR,ERR,ERR,ERR,ERR,ERR,ERR,ERR,ERR,ERR,ERR,ERR,ERR,ERR,ERR,ERR,ERR,ERR,ERR,ERR,ERR,ERR,ERR,ERR,ERR,ERR,ERR,ERR,ERR,ERR,ERR,ERR,ERR,ERR,ERR,ERR,ERR,ERR,ERR,ERR,ERR,ERR,ERR,ERR,ERR,34.0,80.0,35,0.0,0.0,0.0,0.0,0.0,0.0,0.0,0.0,0.0,0.0,0.0,0.0,0.0,0.0,0.0,0.0,66.0,0,121,58,54,65476,0,300,0,0,8,20529,65476,0,0,57672,80.0,0.0,0.0,0.0,0.0,0.0
2026-06-18T02:05:57,ERR,ERR,ERR,ERR,ERR,ERR,ERR,ERR,ERR,ERR,ERR,ERR,ERR,ERR,ERR,ERR,ERR,ERR,ERR,ERR,ERR,ERR,ERR,ERR,ERR,ERR,ERR,ERR,ERR,ERR,ERR,ERR,ERR,ERR,ERR,ERR,ERR,ERR,ERR,ERR,ERR,ERR,ERR,ERR,ERR,ERR,ERR,ERR,ERR,ERR,ERR,ERR,ERR,ERR,ERR,ERR,ERR,ERR,ERR,ERR,ERR,ERR,ERR,ERR,ERR,ERR,ERR,ERR,ERR,ERR,ERR,ERR,ERR,ERR,ERR,ERR,ERR,ERR,ERR,ERR,ERR,ERR,ERR,ERR,ERR,ERR,ERR,ERR,ERR,ERR,ERR,ERR,ERR,ERR,ERR,ERR,ERR,ERR,ERR,ERR,ERR,ERR,ERR,ERR,ERR,ERR,ERR,ERR,ERR,ERR,ERR,ERR,ERR,ERR,ERR,ERR,ERR,ERR,ERR,ERR,ERR,ERR,ERR,ERR,ERR,-107615400.0,-107615392.0,0.0,-107609184.0,-0.0,1.3936040501711995e+18,7.805,0.0,0,0,4,48898,6720,14723890282496.0,100,0.0,0.0,0.0,-107609184.0,0.0,0,0,0,0,0.0,0,0,0,0,0,0,0,0,0,0,0,0,0,0,0,0,0,0,0,0,0,0,0,0,0,0,0,0,0,0,0,0,0,26,51,50,76,65476,0,300,0,0,8,21553,0.0,-107605600.0,0.0,0.0,0.0,0.0,0.0,0.0,0.0,0.0,0.0,0.0,0.0,0.0,0.0,0.0,0.0,0.0,0.0,0.0,0.0,0.0,2.004,0.0,-0.0,0.0,0.0,0.0,0.0,0.0,4716.0,-0.0,7314.0,-107615400.0,-107615392.0,0.0,-0.0,0.0,0.0,0.0,0.0,77,-2.3088407177156624e+20,0.0,0.0,0.0,0.0,0.0,0.0,0.0,0.0,0,0,0,0.0,0.0,0.0,0.0,0.0,0.0,0.0,0.0,0.0,0.0,0.0,0.0,0.0,0.0,0.0,0.0,0,-107875648.0,77,0.0,154,0.0,0.0,ERR,ERR,ERR,ERR,ERR,ERR,ERR,ERR,ERR,ERR,ERR,ERR,ERR,ERR,ERR,ERR,ERR,ERR,ERR,ERR,ERR,ERR,ERR,ERR,ERR,ERR,ERR,ERR,ERR,ERR,ERR,ERR,ERR,ERR,ERR,ERR,ERR,ERR,ERR,ERR,ERR,ERR,ERR,ERR,ERR,ERR,ERR,ERR,ERR,ERR,ERR,ERR,ERR,ERR,ERR,ERR,ERR,ERR,ERR,ERR,ERR,ERR,ERR,ERR,ERR,ERR,ERR,34.0,80.0,35,0.0,0.0,0.0,0.0,0.0,0.0,0.0,0.0,0.0,0.0,0.0,0.0,0.0,0.0,0.0,0.0,66.0,0,121,58,54,65476,0,300,0,0,8,20529,65476,0,0,57672,80.0,0.0,0.0,0.0,0.0,0.0
2026-06-18T02:05:58,ERR,ERR,ERR,ERR,ERR,ERR,ERR,ERR,ERR,ERR,ERR,ERR,ERR,ERR,ERR,ERR,ERR,ERR,ERR,ERR,ERR,ERR,ERR,ERR,ERR,ERR,ERR,ERR,ERR,ERR,ERR,ERR,ERR,ERR,ERR,ERR,ERR,ERR,ERR,ERR,ERR,ERR,ERR,ERR,ERR,ERR,ERR,ERR,ERR,ERR,ERR,ERR,ERR,ERR,ERR,ERR,ERR,ERR,ERR,ERR,ERR,ERR,ERR,ERR,ERR,ERR,ERR,ERR,ERR,ERR,ERR,ERR,ERR,ERR,ERR,ERR,ERR,ERR,ERR,ERR,ERR,ERR,ERR,ERR,ERR,ERR,ERR,ERR,ERR,ERR,ERR,ERR,ERR,ERR,ERR,ERR,ERR,ERR,ERR,ERR,ERR,ERR,ERR,ERR,ERR,ERR,ERR,ERR,ERR,ERR,ERR,ERR,ERR,ERR,ERR,ERR,ERR,ERR,ERR,ERR,ERR,ERR,ERR,ERR,ERR,-0.0,-107615392.0,-134999232.0,0.0,0.0,1.3936040501711995e+18,7.805,5.082843243955664e+23,0,0,4,48906,6720,14723890282496.0,100,0.0,0.0,0.0,-4.9501291711397626e+32,0.0,0,0,0,0,0.0,0,0,0,0,0,0,0,0,0,0,0,0,0,0,0,0,0,0,0,0,0,0,0,0,0,0,0,0,0,0,0,0,0,26,51,50,76,65476,0,300,0,0,8,21553,0.0,-107605600.0,0.0,0.0,0.0,0.0,0.0,0.0,0.0,0.0,0.0,0.0,0.0,0.0,0.0,0.0,0.0,0.0,0.0,0.0,0.0,0.0,2.004,0.0,2.004,0.0,0.0,0.0,0.0,0.0,4718.0,-3.697182175382838e+19,7324.0,-107615400.0,-107615392.0,0.0,-0.0,0.0,0.0,0.0,0.0,77,-3.222029330555234e+26,126840446976.0,0.0,0.0,0.0,0.0,0.0,0.0,0.0,0,0,0,0.0,0.0,0.0,0.0,0.0,0.0,0.0,0.0,0.0,0.0,0.0,0.0,0.0,0.0,0.0,0.0,0,-107875648.0,77,0.0,154,0.0,2.6533922776413385e+23,ERR,ERR,ERR,ERR,ERR,ERR,ERR,ERR,ERR,ERR,ERR,ERR,ERR,ERR,ERR,ERR,ERR,ERR,ERR,ERR,ERR,ERR,ERR,ERR,ERR,ERR,ERR,ERR,ERR,ERR,ERR,ERR,ERR,ERR,ERR,ERR,ERR,ERR,ERR,ERR,ERR,ERR,ERR,ERR,ERR,ERR,ERR,ERR,ERR,ERR,ERR,ERR,ERR,ERR,ERR,ERR,ERR,ERR,ERR,ERR,ERR,ERR,ERR,ERR,ERR,ERR,ERR,34.0,80.0,35,0.0,0.0,0.0,0.0,0.0,0.0,0.0,0.0,0.0,0.0,0.0,0.0,0.0,0.0,0.0,0.0,66.0,0,121,58,54,65476,0,300,0,0,8,20529,65476,0,0,57672,80.0,0.0,0.0,0.0,0.0,0.0
2026-06-18T02:05:59,ERR,ERR,ERR,ERR,ERR,ERR,ERR,ERR,ERR,ERR,ERR,ERR,ERR,ERR,ERR,ERR,ERR,ERR,ERR,ERR,ERR,ERR,ERR,ERR,ERR,ERR,ERR,ERR,ERR,ERR,ERR,ERR,ERR,ERR,ERR,ERR,ERR,ERR,ERR,ERR,ERR,ERR,ERR,ERR,ERR,ERR,ERR,ERR,ERR,ERR,ERR,ERR,ERR,ERR,ERR,ERR,ERR,ERR,ERR,ERR,ERR,ERR,ERR,ERR,ERR,ERR,ERR,ERR,ERR,ERR,ERR,ERR,ERR,ERR,ERR,ERR,ERR,ERR,ERR,ERR,ERR,ERR,ERR,ERR,ERR,ERR,ERR,ERR,ERR,ERR,ERR,ERR,ERR,ERR,ERR,ERR,ERR,ERR,ERR,ERR,ERR,ERR,ERR,ERR,ERR,ERR,ERR,ERR,ERR,ERR,ERR,ERR,ERR,ERR,ERR,ERR,ERR,ERR,ERR,ERR,ERR,ERR,ERR,ERR,ERR,-0.0,-107615392.0,-134999232.0,0.0,0.0,1.3936040501711995e+18,7.805,5.082843243955664e+23,0,0,4,48906,6720,14723890282496.0,100,0.0,0.0,0.0,-4.9501291711397626e+32,0.0,0,0,0,0,0.0,0,0,0,0,0,0,0,0,0,0,0,0,0,0,0,0,0,0,0,0,0,0,0,0,0,0,0,0,0,0,0,0,0,26,51,50,76,65476,0,300,0,0,8,21553,0.0,-107605600.0,0.0,0.0,0.0,0.0,0.0,0.0,0.0,0.0,0.0,0.0,0.0,0.0,0.0,0.0,0.0,0.0,0.0,0.0,0.0,0.0,2.004,0.0,2.004,0.0,0.0,0.0,0.0,0.0,4718.0,-3.697182175382838e+19,7324.0,-107615400.0,-107615392.0,0.0,-0.0,0.0,0.0,0.0,0.0,77,-3.222029330555234e+26,126840446976.0,0.0,0.0,0.0,0.0,0.0,0.0,0.0,0,0,0,0.0,0.0,0.0,0.0,0.0,0.0,0.0,0.0,0.0,0.0,0.0,0.0,0.0,0.0,0.0,0.0,0,-107875648.0,77,0.0,154,0.0,2.6533922776413385e+23,ERR,ERR,ERR,ERR,ERR,ERR,ERR,ERR,ERR,ERR,ERR,ERR,ERR,ERR,ERR,ERR,ERR,ERR,ERR,ERR,ERR,ERR,ERR,ERR,ERR,ERR,ERR,ERR,ERR,ERR,ERR,ERR,ERR,ERR,ERR,ERR,ERR,ERR,ERR,ERR,ERR,ERR,ERR,ERR,ERR,ERR,ERR,ERR,ERR,ERR,ERR,ERR,ERR,ERR,ERR,ERR,ERR,ERR,ERR,ERR,ERR,ERR,ERR,ERR,ERR,ERR,ERR,34.0,80.0,35,0.0,0.0,0.0,0.0,0.0,0.0,0.0,0.0,0.0,0.0,0.0,0.0,0.0,0.0,0.0,0.0,66.4,0,121,58,54,65476,0,300,0,0,8,20529,65476,0,0,57672,80.0,0.0,0.0,0.0,0.0,0.0
2026-06-18T02:06:00,ERR,ERR,ERR,ERR,ERR,ERR,ERR,ERR,ERR,ERR,ERR,ERR,ERR,ERR,ERR,ERR,ERR,ERR,ERR,ERR,ERR,ERR,ERR,ERR,ERR,ERR,ERR,ERR,ERR,ERR,ERR,ERR,ERR,ERR,ERR,ERR,ERR,ERR,ERR,ERR,ERR,ERR,ERR,ERR,ERR,ERR,ERR,ERR,ERR,ERR,ERR,ERR,ERR,ERR,ERR,ERR,ERR,ERR,ERR,ERR,ERR,ERR,ERR,ERR,ERR,ERR,ERR,ERR,ERR,ERR,ERR,ERR,ERR,ERR,ERR,ERR,ERR,ERR,ERR,ERR,ERR,ERR,ERR,ERR,ERR,ERR,ERR,ERR,ERR,ERR,ERR,ERR,ERR,ERR,ERR,ERR,ERR,ERR,ERR,ERR,ERR,ERR,ERR,ERR,ERR,ERR,ERR,ERR,ERR,ERR,ERR,ERR,ERR,ERR,ERR,ERR,ERR,ERR,ERR,ERR,ERR,ERR,ERR,ERR,ERR,-0.0,-107615392.0,-134999232.0,0.0,0.0,1.3936040501711995e+18,7.805,5.082843243955664e+23,0,0,4,48906,6720,14723890282496.0,100,0.0,0.0,0.0,-4.9501291711397626e+32,0.0,0,0,0,0,0.0,0,0,0,0,0,0,0,0,0,0,0,0,0,0,0,0,0,0,0,0,0,0,0,0,0,0,0,0,0,0,0,0,0,26,51,50,76,65476,0,300,0,0,8,21553,0.0,-107605600.0,0.0,0.0,0.0,0.0,0.0,0.0,0.0,0.0,0.0,0.0,0.0,0.0,0.0,0.0,0.0,0.0,0.0,0.0,0.0,0.0,2.004,0.0,2.004,0.0,0.0,0.0,0.0,0.0,4718.0,-3.697182175382838e+19,7324.0,-107615400.0,-107615392.0,0.0,-0.0,0.0,0.0,0.0,0.0,77,-3.222029330555234e+26,126840446976.0,0.0,0.0,0.0,0.0,0.0,0.0,0.0,0,0,0,0.0,0.0,0.0,0.0,0.0,0.0,0.0,0.0,0.0,0.0,0.0,0.0,0.0,0.0,0.0,0.0,0,-107875648.0,77,0.0,154,0.0,2.6533922776413385e+23,ERR,ERR,ERR,ERR,ERR,ERR,ERR,ERR,ERR,ERR,ERR,ERR,ERR,ERR,ERR,ERR,ERR,ERR,ERR,ERR,ERR,ERR,ERR,ERR,ERR,ERR,ERR,ERR,ERR,ERR,ERR,ERR,ERR,ERR,ERR,ERR,ERR,ERR,ERR,ERR,ERR,ERR,ERR,ERR,ERR,ERR,ERR,ERR,ERR,ERR,ERR,ERR,ERR,ERR,ERR,ERR,ERR,ERR,ERR,ERR,ERR,ERR,ERR,ERR,ERR,ERR,ERR,34.0,80.0,35,0.0,0.0,0.0,0.0,0.0,0.0,0.0,0.0,0.0,0.0,0.0,0.0,0.0,0.0,0.0,0.0,66.4,0,121,58,54,65476,0,300,0,0,8,20529,65476,0,0,57672,80.0,0.0,0.0,0.0,0.0,0.0
2026-06-18T02:06:01,ERR,ERR,ERR,ERR,ERR,ERR,ERR,ERR,ERR,ERR,ERR,ERR,ERR,ERR,ERR,ERR,ERR,ERR,ERR,ERR,ERR,ERR,ERR,ERR,ERR,ERR,ERR,ERR,ERR,ERR,ERR,ERR,ERR,ERR,ERR,ERR,ERR,ERR,ERR,ERR,ERR,ERR,ERR,ERR,ERR,ERR,ERR,ERR,ERR,ERR,ERR,ERR,ERR,ERR,ERR,ERR,ERR,ERR,ERR,ERR,ERR,ERR,ERR,ERR,ERR,ERR,ERR,ERR,ERR,ERR,ERR,ERR,ERR,ERR,ERR,ERR,ERR,ERR,ERR,ERR,ERR,ERR,ERR,ERR,ERR,ERR,ERR,ERR,ERR,ERR,ERR,ERR,ERR,ERR,ERR,ERR,ERR,ERR,ERR,ERR,ERR,ERR,ERR,ERR,ERR,ERR,ERR,ERR,ERR,ERR,ERR,ERR,ERR,ERR,ERR,ERR,ERR,ERR,ERR,ERR,ERR,ERR,ERR,ERR,ERR,-0.0,-107615392.0,-134999232.0,0.0,0.0,1.3936040501711995e+18,7.805,5.082843243955664e+23,0,0,4,48906,6720,14723890282496.0,100,0.0,0.0,0.0,-4.9501291711397626e+32,0.0,0,0,0,0,0.0,0,0,0,0,0,0,0,0,0,0,0,0,0,0,0,0,0,0,0,0,0,0,0,0,0,0,0,0,0,0,0,0,0,26,51,50,76,65476,0,300,0,0,8,21553,0.0,-107605600.0,0.0,0.0,0.0,0.0,0.0,0.0,0.0,0.0,0.0,0.0,0.0,0.0,0.0,0.0,0.0,0.0,0.0,0.0,0.0,0.0,2.004,0.0,2.004,0.0,0.0,0.0,0.0,0.0,4718.0,-3.697182175382838e+19,7324.0,-107615400.0,-107615392.0,0.0,-0.0,0.0,0.0,0.0,0.0,77,-3.222029330555234e+26,126840446976.0,0.0,0.0,0.0,0.0,0.0,0.0,0.0,0,0,0,0.0,0.0,0.0,0.0,0.0,0.0,0.0,0.0,0.0,0.0,0.0,0.0,0.0,0.0,0.0,0.0,0,-107875648.0,77,0.0,154,0.0,2.6533922776413385e+23,ERR,ERR,ERR,ERR,ERR,ERR,ERR,ERR,ERR,ERR,ERR,ERR,ERR,ERR,ERR,ERR,ERR,ERR,ERR,ERR,ERR,ERR,ERR,ERR,ERR,ERR,ERR,ERR,ERR,ERR,ERR,ERR,ERR,ERR,ERR,ERR,ERR,ERR,ERR,ERR,ERR,ERR,ERR,ERR,ERR,ERR,ERR,ERR,ERR,ERR,ERR,ERR,ERR,ERR,ERR,ERR,ERR,ERR,ERR,ERR,ERR,ERR,ERR,ERR,ERR,ERR,ERR,34.0,80.0,35,0.0,0.0,0.0,0.0,0.0,0.0,0.0,0.0,0.0,0.0,0.0,0.0,0.0,0.0,0.0,0.0,66.4,0,121,58,54,65476,0,300,0,0,8,20529,65476,0,0,57672,80.0,0.0,0.0,0.0,0.0,0.0
2026-06-18T02:06:02,ERR,ERR,ERR,ERR,ERR,ERR,ERR,ERR,ERR,ERR,ERR,ERR,ERR,ERR,ERR,ERR,ERR,ERR,ERR,ERR,ERR,ERR,ERR,ERR,ERR,ERR,ERR,ERR,ERR,ERR,ERR,ERR,ERR,ERR,ERR,ERR,ERR,ERR,ERR,ERR,ERR,ERR,ERR,ERR,ERR,ERR,ERR,ERR,ERR,ERR,ERR,ERR,ERR,ERR,ERR,ERR,ERR,ERR,ERR,ERR,ERR,ERR,ERR,ERR,ERR,ERR,ERR,ERR,ERR,ERR,ERR,ERR,ERR,ERR,ERR,ERR,ERR,ERR,ERR,ERR,ERR,ERR,ERR,ERR,ERR,ERR,ERR,ERR,ERR,ERR,ERR,ERR,ERR,ERR,ERR,ERR,ERR,ERR,ERR,ERR,ERR,ERR,ERR,ERR,ERR,ERR,ERR,ERR,ERR,ERR,ERR,ERR,ERR,ERR,ERR,ERR,ERR,ERR,ERR,ERR,ERR,ERR,ERR,ERR,ERR,-0.0,-107615392.0,-134999232.0,0.0,0.0,1.3936040501711995e+18,7.805,5.082843243955664e+23,0,0,4,48906,6720,14723890282496.0,100,0.0,0.0,0.0,-4.9501291711397626e+32,0.0,0,0,0,0,0.0,0,0,0,0,0,0,0,0,0,0,0,0,0,0,0,0,0,0,0,0,0,0,0,0,0,0,0,0,0,0,0,0,0,26,51,50,76,65476,0,300,0,0,8,21553,0.0,-107605600.0,0.0,0.0,0.0,0.0,0.0,0.0,0.0,0.0,0.0,0.0,0.0,0.0,0.0,0.0,0.0,0.0,0.0,0.0,0.0,0.0,2.004,0.0,2.004,0.0,0.0,0.0,0.0,0.0,4718.0,-3.697182175382838e+19,7324.0,-107615400.0,-107615392.0,0.0,-0.0,0.0,0.0,0.0,0.0,77,-3.222029330555234e+26,126840446976.0,0.0,0.0,0.0,0.0,0.0,0.0,0.0,0,0,0,0.0,0.0,0.0,0.0,0.0,0.0,0.0,0.0,0.0,0.0,0.0,0.0,0.0,0.0,0.0,0.0,0,-107875648.0,77,0.0,154,0.0,2.6533922776413385e+23,ERR,ERR,ERR,ERR,ERR,ERR,ERR,ERR,ERR,ERR,ERR,ERR,ERR,ERR,ERR,ERR,ERR,ERR,ERR,ERR,ERR,ERR,ERR,ERR,ERR,ERR,ERR,ERR,ERR,ERR,ERR,ERR,ERR,ERR,ERR,ERR,ERR,ERR,ERR,ERR,ERR,ERR,ERR,ERR,ERR,ERR,ERR,ERR,ERR,ERR,ERR,ERR,ERR,ERR,ERR,ERR,ERR,ERR,ERR,ERR,ERR,ERR,ERR,ERR,ERR,ERR,ERR,34.0,80.0,35,0.0,0.0,0.0,0.0,0.0,0.0,0.0,0.0,0.0,0.0,0.0,0.0,0.0,0.0,0.0,0.0,66.0,0,121,58,54,65476,0,300,0,0,8,20529,65476,0,0,57672,80.0,0.0,0.0,0.0,0.0,0.0
2026-06-18T02:06:03,ERR,ERR,ERR,ERR,ERR,ERR,ERR,ERR,ERR,ERR,ERR,ERR,ERR,ERR,ERR,ERR,ERR,ERR,ERR,ERR,ERR,ERR,ERR,ERR,ERR,ERR,ERR,ERR,ERR,ERR,ERR,ERR,ERR,ERR,ERR,ERR,ERR,ERR,ERR,ERR,ERR,ERR,ERR,ERR,ERR,ERR,ERR,ERR,ERR,ERR,ERR,ERR,ERR,ERR,ERR,ERR,ERR,ERR,ERR,ERR,ERR,ERR,ERR,ERR,ERR,ERR,ERR,ERR,ERR,ERR,ERR,ERR,ERR,ERR,ERR,ERR,ERR,ERR,ERR,ERR,ERR,ERR,ERR,ERR,ERR,ERR,ERR,ERR,ERR,ERR,ERR,ERR,ERR,ERR,ERR,ERR,ERR,ERR,ERR,ERR,ERR,ERR,ERR,ERR,ERR,ERR,ERR,ERR,ERR,ERR,ERR,ERR,ERR,ERR,ERR,ERR,ERR,ERR,ERR,ERR,ERR,ERR,ERR,ERR,ERR,-0.0,-107615392.0,-134999232.0,0.0,0.0,1.3936040501711995e+18,7.805,5.082843243955664e+23,0,0,4,48906,6720,14723890282496.0,100,0.0,0.0,0.0,-4.9501291711397626e+32,0.0,0,0,0,0,0.0,0,0,0,0,0,0,0,0,0,0,0,0,0,0,0,0,0,0,0,0,0,0,0,0,0,0,0,0,0,0,0,0,0,26,51,50,76,65476,0,300,0,0,8,21553,0.0,-107605600.0,0.0,0.0,0.0,0.0,0.0,0.0,0.0,0.0,0.0,0.0,0.0,0.0,0.0,0.0,0.0,0.0,0.0,0.0,0.0,0.0,2.004,0.0,2.004,0.0,0.0,0.0,0.0,0.0,4718.0,-3.697182175382838e+19,7324.0,-107615400.0,-107615392.0,0.0,-0.0,0.0,0.0,0.0,0.0,77,-3.222029330555234e+26,126840446976.0,0.0,0.0,0.0,0.0,0.0,0.0,0.0,0,0,0,0.0,0.0,0.0,0.0,0.0,0.0,0.0,0.0,0.0,0.0,0.0,0.0,0.0,0.0,0.0,0.0,0,-107875648.0,77,0.0,154,0.0,2.6533922776413385e+23,ERR,ERR,ERR,ERR,ERR,ERR,ERR,ERR,ERR,ERR,ERR,ERR,ERR,ERR,ERR,ERR,ERR,ERR,ERR,ERR,ERR,ERR,ERR,ERR,ERR,ERR,ERR,ERR,ERR,ERR,ERR,ERR,ERR,ERR,ERR,ERR,ERR,ERR,ERR,ERR,ERR,ERR,ERR,ERR,ERR,ERR,ERR,ERR,ERR,ERR,ERR,ERR,ERR,ERR,ERR,ERR,ERR,ERR,ERR,ERR,ERR,ERR,ERR,ERR,ERR,ERR,ERR,34.0,80.0,35,0.0,0.0,0.0,0.0,0.0,0.0,0.0,0.0,0.0,0.0,0.0,0.0,0.0,0.0,0.0,0.0,66.0,0,121,58,54,65476,0,300,0,0,8,20529,65476,0,0,57672,80.0,0.0,0.0,0.0,0.0,0.0
2026-06-18T02:06:04,ERR,ERR,ERR,ERR,ERR,ERR,ERR,ERR,ERR,ERR,ERR,ERR,ERR,ERR,ERR,ERR,ERR,ERR,ERR,ERR,ERR,ERR,ERR,ERR,ERR,ERR,ERR,ERR,ERR,ERR,ERR,ERR,ERR,ERR,ERR,ERR,ERR,ERR,ERR,ERR,ERR,ERR,ERR,ERR,ERR,ERR,ERR,ERR,ERR,ERR,ERR,ERR,ERR,ERR,ERR,ERR,ERR,ERR,ERR,ERR,ERR,ERR,ERR,ERR,ERR,ERR,ERR,ERR,ERR,ERR,ERR,ERR,ERR,ERR,ERR,ERR,ERR,ERR,ERR,ERR,ERR,ERR,ERR,ERR,ERR,ERR,ERR,ERR,ERR,ERR,ERR,ERR,ERR,ERR,ERR,ERR,ERR,ERR,ERR,ERR,ERR,ERR,ERR,ERR,ERR,ERR,ERR,ERR,ERR,ERR,ERR,ERR,ERR,ERR,ERR,ERR,ERR,ERR,ERR,ERR,ERR,ERR,ERR,ERR,ERR,-0.0,-107615392.0,-134999232.0,0.059,0.0,1.3936040501711995e+18,7.805,234.267,0,0,4,48903,6720,14723890282496.0,100,0.0,0.0,0.0,-4.9501291711397626e+32,0.0,0,0,0,0,0.0,0,0,0,0,0,0,0,0,0,0,0,0,0,0,0,0,0,0,0,0,0,0,0,0,0,0,0,0,0,0,0,0,0,26,51,50,76,65476,0,300,0,0,8,21553,0.0,-107605600.0,0.0,0.0,0.0,0.0,0.0,0.0,0.0,0.0,0.0,0.0,0.0,0.0,0.0,0.0,0.0,0.0,0.0,0.0,0.0,0.0,0.0,0.0,2.004,0.0,0.0,0.0,0.0,0.0,4719.0,-1.5879276530623424e+29,7326.0,-107615400.0,-107615392.0,0.0,-0.0,0.0,0.0,0.0,0.0,77,-4.066880858845495e+29,1.9056840329815654e+17,0.0,0.0,0.0,0.0,0.0,0.0,0.0,0,0,0,0.0,0.0,0.0,0.0,0.0,0.0,0.0,0.0,0.0,0.0,0.0,0.0,0.0,0.0,0.0,0.0,0,-107875648.0,77,0.0,154,0.0,0.0,ERR,ERR,ERR,ERR,ERR,ERR,ERR,ERR,ERR,ERR,ERR,ERR,ERR,ERR,ERR,ERR,ERR,ERR,ERR,ERR,ERR,ERR,ERR,ERR,ERR,ERR,ERR,ERR,ERR,ERR,ERR,ERR,ERR,ERR,ERR,ERR,ERR,ERR,ERR,ERR,ERR,ERR,ERR,ERR,ERR,ERR,ERR,ERR,ERR,ERR,ERR,ERR,ERR,ERR,ERR,ERR,ERR,ERR,ERR,ERR,ERR,ERR,ERR,ERR,ERR,ERR,ERR,34.0,80.0,35,0.0,0.0,0.0,0.0,0.0,0.0,0.0,0.0,0.0,0.0,0.0,0.0,0.0,0.0,0.0,0.0,66.0,0,121,58,54,65476,0,300,0,0,8,20529,65476,0,0,57672,80.0,0.0,0.0,0.0,0.0,0.0
2026-06-18T02:06:05,ERR,ERR,ERR,ERR,ERR,ERR,ERR,ERR,ERR,ERR,ERR,ERR,ERR,ERR,ERR,ERR,ERR,ERR,ERR,ERR,ERR,ERR,ERR,ERR,ERR,ERR,ERR,ERR,ERR,ERR,ERR,ERR,ERR,ERR,ERR,ERR,ERR,ERR,ERR,ERR,ERR,ERR,ERR,ERR,ERR,ERR,ERR,ERR,ERR,ERR,ERR,ERR,ERR,ERR,ERR,ERR,ERR,ERR,ERR,ERR,ERR,ERR,ERR,ERR,ERR,ERR,ERR,ERR,ERR,ERR,ERR,ERR,ERR,ERR,ERR,ERR,ERR,ERR,ERR,ERR,ERR,ERR,ERR,ERR,ERR,ERR,ERR,ERR,ERR,ERR,ERR,ERR,ERR,ERR,ERR,ERR,ERR,ERR,ERR,ERR,ERR,ERR,ERR,ERR,ERR,ERR,ERR,ERR,ERR,ERR,ERR,ERR,ERR,ERR,ERR,ERR,ERR,ERR,ERR,ERR,ERR,ERR,ERR,ERR,ERR,-0.0,-107615392.0,-134999232.0,0.059,0.0,1.3936040501711995e+18,7.805,234.267,0,0,4,48903,6720,14723890282496.0,100,0.0,0.0,0.0,-4.9501291711397626e+32,0.0,0,0,0,0,0.0,0,0,0,0,0,0,0,0,0,0,0,0,0,0,0,0,0,0,0,0,0,0,0,0,0,0,0,0,0,0,0,0,0,26,51,50,76,65476,0,300,0,0,8,21553,0.0,-107605600.0,0.0,0.0,0.0,0.0,0.0,0.0,0.0,0.0,0.0,0.0,0.0,0.0,0.0,0.0,0.0,0.0,0.0,0.0,0.0,0.0,0.0,0.0,2.004,0.0,0.0,0.0,0.0,0.0,4719.0,-1.5879276530623424e+29,7326.0,-107615400.0,-107615392.0,0.0,-0.0,0.0,0.0,0.0,0.0,77,-4.066880858845495e+29,1.9056840329815654e+17,0.0,0.0,0.0,0.0,0.0,0.0,0.0,0,0,0,0.0,0.0,0.0,0.0,0.0,0.0,0.0,0.0,0.0,0.0,0.0,0.0,0.0,0.0,0.0,0.0,0,-107875648.0,77,0.0,154,0.0,0.0,ERR,ERR,ERR,ERR,ERR,ERR,ERR,ERR,ERR,ERR,ERR,ERR,ERR,ERR,ERR,ERR,ERR,ERR,ERR,ERR,ERR,ERR,ERR,ERR,ERR,ERR,ERR,ERR,ERR,ERR,ERR,ERR,ERR,ERR,ERR,ERR,ERR,ERR,ERR,ERR,ERR,ERR,ERR,ERR,ERR,ERR,ERR,ERR,ERR,ERR,ERR,ERR,ERR,ERR,ERR,ERR,ERR,ERR,ERR,ERR,ERR,ERR,ERR,ERR,ERR,ERR,ERR,34.0,80.0,35,0.0,0.0,0.0,0.0,0.0,0.0,0.0,0.0,0.0,0.0,0.0,0.0,0.0,0.0,0.0,0.0,66.0,0,121,58,54,65476,0,300,0,0,8,20529,65476,0,0,57672,80.0,0.0,0.0,0.0,0.0,0.0
2026-06-18T02:06:06,ERR,ERR,ERR,ERR,ERR,ERR,ERR,ERR,ERR,ERR,ERR,ERR,ERR,ERR,ERR,ERR,ERR,ERR,ERR,ERR,ERR,ERR,ERR,ERR,ERR,ERR,ERR,ERR,ERR,ERR,ERR,ERR,ERR,ERR,ERR,ERR,ERR,ERR,ERR,ERR,ERR,ERR,ERR,ERR,ERR,ERR,ERR,ERR,ERR,ERR,ERR,ERR,ERR,ERR,ERR,ERR,ERR,ERR,ERR,ERR,ERR,ERR,ERR,ERR,ERR,ERR,ERR,ERR,ERR,ERR,ERR,ERR,ERR,ERR,ERR,ERR,ERR,ERR,ERR,ERR,ERR,ERR,ERR,ERR,ERR,ERR,ERR,ERR,ERR,ERR,ERR,ERR,ERR,ERR,ERR,ERR,ERR,ERR,ERR,ERR,ERR,ERR,ERR,ERR,ERR,ERR,ERR,ERR,ERR,ERR,ERR,ERR,ERR,ERR,ERR,ERR,ERR,ERR,ERR,ERR,ERR,ERR,ERR,ERR,ERR,-0.0,-107615392.0,-134999232.0,0.059,0.0,1.3936040501711995e+18,7.805,234.267,0,0,4,48903,6720,14723890282496.0,100,0.0,0.0,0.0,-4.9501291711397626e+32,0.0,0,0,0,0,0.0,0,0,0,0,0,0,0,0,0,0,0,0,0,0,0,0,0,0,0,0,0,0,0,0,0,0,0,0,0,0,0,0,0,26,51,50,76,65476,0,300,0,0,8,21553,0.0,-107605600.0,0.0,0.0,0.0,0.0,0.0,0.0,0.0,0.0,0.0,0.0,0.0,0.0,0.0,0.0,0.0,0.0,0.0,0.0,0.0,0.0,0.0,0.0,2.004,0.0,0.0,0.0,0.0,0.0,4719.0,-1.5879276530623424e+29,7326.0,-107615400.0,-107615392.0,0.0,-0.0,0.0,0.0,0.0,0.0,77,-4.066880858845495e+29,1.9056840329815654e+17,0.0,0.0,0.0,0.0,0.0,0.0,0.0,0,0,0,0.0,0.0,0.0,0.0,0.0,0.0,0.0,0.0,0.0,0.0,0.0,0.0,0.0,0.0,0.0,0.0,0,-107875648.0,77,0.0,154,0.0,0.0,ERR,ERR,ERR,ERR,ERR,ERR,ERR,ERR,ERR,ERR,ERR,ERR,ERR,ERR,ERR,ERR,ERR,ERR,ERR,ERR,ERR,ERR,ERR,ERR,ERR,ERR,ERR,ERR,ERR,ERR,ERR,ERR,ERR,ERR,ERR,ERR,ERR,ERR,ERR,ERR,ERR,ERR,ERR,ERR,ERR,ERR,ERR,ERR,ERR,ERR,ERR,ERR,ERR,ERR,ERR,ERR,ERR,ERR,ERR,ERR,ERR,ERR,ERR,ERR,ERR,ERR,ERR,34.0,80.0,35,0.0,0.0,0.0,0.0,0.0,0.0,0.0,0.0,0.0,0.0,0.0,0.0,0.0,0.0,0.0,0.0,66.0,0,121,58,54,65476,0,300,0,0,8,20529,65476,0,0,57672,80.0,0.0,0.0,0.0,0.0,0.0
2026-06-18T02:06:07,ERR,ERR,ERR,ERR,ERR,ERR,ERR,ERR,ERR,ERR,ERR,ERR,ERR,ERR,ERR,ERR,ERR,ERR,ERR,ERR,ERR,ERR,ERR,ERR,ERR,ERR,ERR,ERR,ERR,ERR,ERR,ERR,ERR,ERR,ERR,ERR,ERR,ERR,ERR,ERR,ERR,ERR,ERR,ERR,ERR,ERR,ERR,ERR,ERR,ERR,ERR,ERR,ERR,ERR,ERR,ERR,ERR,ERR,ERR,ERR,ERR,ERR,ERR,ERR,ERR,ERR,ERR,ERR,ERR,ERR,ERR,ERR,ERR,ERR,ERR,ERR,ERR,ERR,ERR,ERR,ERR,ERR,ERR,ERR,ERR,ERR,ERR,ERR,ERR,ERR,ERR,ERR,ERR,ERR,ERR,ERR,ERR,ERR,ERR,ERR,ERR,ERR,ERR,ERR,ERR,ERR,ERR,ERR,ERR,ERR,ERR,ERR,ERR,ERR,ERR,ERR,ERR,ERR,ERR,ERR,ERR,ERR,ERR,ERR,ERR,-0.0,-107615392.0,-134999232.0,0.059,0.0,1.3936040501711995e+18,7.805,234.267,0,0,4,48903,6720,14723890282496.0,100,0.0,0.0,0.0,-4.9501291711397626e+32,0.0,0,0,0,0,0.0,0,0,0,0,0,0,0,0,0,0,0,0,0,0,0,0,0,0,0,0,0,0,0,0,0,0,0,0,0,0,0,0,0,26,51,50,76,65476,0,300,0,0,8,21553,0.0,-107605600.0,0.0,0.0,0.0,0.0,0.0,0.0,0.0,0.0,0.0,0.0,0.0,0.0,0.0,0.0,0.0,0.0,0.0,0.0,0.0,0.0,0.0,0.0,2.004,0.0,0.0,0.0,0.0,0.0,4719.0,-1.5879276530623424e+29,7326.0,-107615400.0,-107615392.0,0.0,-0.0,0.0,0.0,0.0,0.0,77,-4.066880858845495e+29,1.9056840329815654e+17,0.0,0.0,0.0,0.0,0.0,0.0,0.0,0,0,0,0.0,0.0,0.0,0.0,0.0,0.0,0.0,0.0,0.0,0.0,0.0,0.0,0.0,0.0,0.0,0.0,0,-107875648.0,77,0.0,154,0.0,0.0,ERR,ERR,ERR,ERR,ERR,ERR,ERR,ERR,ERR,ERR,ERR,ERR,ERR,ERR,ERR,ERR,ERR,ERR,ERR,ERR,ERR,ERR,ERR,ERR,ERR,ERR,ERR,ERR,ERR,ERR,ERR,ERR,ERR,ERR,ERR,ERR,ERR,ERR,ERR,ERR,ERR,ERR,ERR,ERR,ERR,ERR,ERR,ERR,ERR,ERR,ERR,ERR,ERR,ERR,ERR,ERR,ERR,ERR,ERR,ERR,ERR,ERR,ERR,ERR,ERR,ERR,ERR,34.0,80.0,35,0.0,0.0,0.0,0.0,0.0,0.0,0.0,0.0,0.0,0.0,0.0,0.0,0.0,0.0,0.0,0.0,66.0,0,121,58,54,65476,0,300,0,0,8,20529,65476,0,0,57672,80.0,0.0,0.0,0.0,0.0,0.0
2026-06-18T02:06:08,ERR,ERR,ERR,ERR,ERR,ERR,ERR,ERR,ERR,ERR,ERR,ERR,ERR,ERR,ERR,ERR,ERR,ERR,ERR,ERR,ERR,ERR,ERR,ERR,ERR,ERR,ERR,ERR,ERR,ERR,ERR,ERR,ERR,ERR,ERR,ERR,ERR,ERR,ERR,ERR,ERR,ERR,ERR,ERR,ERR,ERR,ERR,ERR,ERR,ERR,ERR,ERR,ERR,ERR,ERR,ERR,ERR,ERR,ERR,ERR,ERR,ERR,ERR,ERR,ERR,ERR,ERR,ERR,ERR,ERR,ERR,ERR,ERR,ERR,ERR,ERR,ERR,ERR,ERR,ERR,ERR,ERR,ERR,ERR,ERR,ERR,ERR,ERR,ERR,ERR,ERR,ERR,ERR,ERR,ERR,ERR,ERR,ERR,ERR,ERR,ERR,ERR,ERR,ERR,ERR,ERR,ERR,ERR,ERR,ERR,ERR,ERR,ERR,ERR,ERR,ERR,ERR,ERR,ERR,ERR,ERR,ERR,ERR,ERR,ERR,-0.0,-107615392.0,-134999232.0,0.059,0.0,1.3936040501711995e+18,7.805,234.267,0,0,4,48903,6720,14723890282496.0,100,0.0,0.0,0.0,-4.9501291711397626e+32,0.0,0,0,0,0,0.0,0,0,0,0,0,0,0,0,0,0,0,0,0,0,0,0,0,0,0,0,0,0,0,0,0,0,0,0,0,0,0,0,0,26,51,50,76,65476,0,300,0,0,8,21553,0.0,-107605600.0,0.0,0.0,0.0,0.0,0.0,0.0,0.0,0.0,0.0,0.0,0.0,0.0,0.0,0.0,0.0,0.0,0.0,0.0,0.0,0.0,0.0,0.0,2.004,0.0,0.0,0.0,0.0,0.0,4719.0,-1.5879276530623424e+29,7326.0,-107615400.0,-107615392.0,0.0,-0.0,0.0,0.0,0.0,0.0,77,-4.066880858845495e+29,1.9056840329815654e+17,0.0,0.0,0.0,0.0,0.0,0.0,0.0,0,0,0,0.0,0.0,0.0,0.0,0.0,0.0,0.0,0.0,0.0,0.0,0.0,0.0,0.0,0.0,0.0,0.0,0,-107875648.0,77,0.0,154,0.0,0.0,ERR,ERR,ERR,ERR,ERR,ERR,ERR,ERR,ERR,ERR,ERR,ERR,ERR,ERR,ERR,ERR,ERR,ERR,ERR,ERR,ERR,ERR,ERR,ERR,ERR,ERR,ERR,ERR,ERR,ERR,ERR,ERR,ERR,ERR,ERR,ERR,ERR,ERR,ERR,ERR,ERR,ERR,ERR,ERR,ERR,ERR,ERR,ERR,ERR,ERR,ERR,ERR,ERR,ERR,ERR,ERR,ERR,ERR,ERR,ERR,ERR,ERR,ERR,ERR,ERR,ERR,ERR,34.0,80.0,35,0.0,0.0,0.0,0.0,0.0,0.0,0.0,0.0,0.0,0.0,0.0,0.0,0.0,0.0,0.0,0.0,66.0,0,121,58,54,65476,0,300,0,0,8,20529,65476,0,0,57672,80.0,0.0,0.0,0.0,0.0,0.0
2026-06-18T02:06:09,ERR,ERR,ERR,ERR,ERR,ERR,ERR,ERR,ERR,ERR,ERR,ERR,ERR,ERR,ERR,ERR,ERR,ERR,ERR,ERR,ERR,ERR,ERR,ERR,ERR,ERR,ERR,ERR,ERR,ERR,ERR,ERR,ERR,ERR,ERR,ERR,ERR,ERR,ERR,ERR,ERR,ERR,ERR,ERR,ERR,ERR,ERR,ERR,ERR,ERR,ERR,ERR,ERR,ERR,ERR,ERR,ERR,ERR,ERR,ERR,ERR,ERR,ERR,ERR,ERR,ERR,ERR,ERR,ERR,ERR,ERR,ERR,ERR,ERR,ERR,ERR,ERR,ERR,ERR,ERR,ERR,ERR,ERR,ERR,ERR,ERR,ERR,ERR,ERR,ERR,ERR,ERR,ERR,ERR,ERR,ERR,ERR,ERR,ERR,ERR,ERR,ERR,ERR,ERR,ERR,ERR,ERR,ERR,ERR,ERR,ERR,ERR,ERR,ERR,ERR,ERR,ERR,ERR,ERR,ERR,ERR,ERR,ERR,ERR,ERR,-107615400.0,-107615392.0,0.0,0.0,0.0,1.3936040501711995e+18,7.805,-0.0,0,0,4,48897,6720,14723890282496.0,100,0.0,0.0,0.0,0.0,0.0,0,0,0,0,0.0,0,0,0,0,0,0,0,0,0,0,0,0,0,0,0,0,0,0,0,0,0,0,0,0,0,0,0,0,0,0,0,0,0,26,51,50,76,65476,0,300,0,0,8,21553,0.0,-107605600.0,0.0,0.0,0.0,0.0,0.0,0.0,0.0,0.0,0.0,0.0,0.0,0.0,0.0,0.0,0.0,0.0,0.0,0.0,0.0,0.0,2.004,0.0,2.004,0.0,0.0,0.0,0.0,0.0,4719.0,-3.697182175382838e+19,7324.0,-107615400.0,-107615392.0,0.0,-0.0,0.0,0.0,0.0,0.0,77,-4.066880858845495e+29,89220.477,0.0,0.0,0.0,0.0,0.0,0.0,0.0,0,0,0,0.0,0.0,0.0,0.0,0.0,0.0,0.0,0.0,0.0,0.0,0.0,0.0,0.0,0.0,0.0,0.0,0,-107875648.0,77,0.0,154,0.0,2.6533922776413385e+23,ERR,ERR,ERR,ERR,ERR,ERR,ERR,ERR,ERR,ERR,ERR,ERR,ERR,ERR,ERR,ERR,ERR,ERR,ERR,ERR,ERR,ERR,ERR,ERR,ERR,ERR,ERR,ERR,ERR,ERR,ERR,ERR,ERR,ERR,ERR,ERR,ERR,ERR,ERR,ERR,ERR,ERR,ERR,ERR,ERR,ERR,ERR,ERR,ERR,ERR,ERR,ERR,ERR,ERR,ERR,ERR,ERR,ERR,ERR,ERR,ERR,ERR,ERR,ERR,ERR,ERR,ERR,34.0,80.0,35,0.0,0.0,0.0,0.0,0.0,0.0,0.0,0.0,0.0,0.0,0.0,0.0,0.0,0.0,0.0,0.0,66.0,0,121,58,54,65476,0,300,0,0,8,20529,65476,0,0,57672,80.0,0.0,0.0,0.0,0.0,0.0
2026-06-18T02:06:10,ERR,ERR,ERR,ERR,ERR,ERR,ERR,ERR,ERR,ERR,ERR,ERR,ERR,ERR,ERR,ERR,ERR,ERR,ERR,ERR,ERR,ERR,ERR,ERR,ERR,ERR,ERR,ERR,ERR,ERR,ERR,ERR,ERR,ERR,ERR,ERR,ERR,ERR,ERR,ERR,ERR,ERR,ERR,ERR,ERR,ERR,ERR,ERR,ERR,ERR,ERR,ERR,ERR,ERR,ERR,ERR,ERR,ERR,ERR,ERR,ERR,ERR,ERR,ERR,ERR,ERR,ERR,ERR,ERR,ERR,ERR,ERR,ERR,ERR,ERR,ERR,ERR,ERR,ERR,ERR,ERR,ERR,ERR,ERR,ERR,ERR,ERR,ERR,ERR,ERR,ERR,ERR,ERR,ERR,ERR,ERR,ERR,ERR,ERR,ERR,ERR,ERR,ERR,ERR,ERR,ERR,ERR,ERR,ERR,ERR,ERR,ERR,ERR,ERR,ERR,ERR,ERR,ERR,ERR,ERR,ERR,ERR,ERR,ERR,ERR,-107615400.0,-107615392.0,0.0,0.0,0.0,1.3936040501711995e+18,7.805,-0.0,0,0,4,48897,6720,14723890282496.0,100,0.0,0.0,0.0,0.0,0.0,0,0,0,0,0.0,0,0,0,0,0,0,0,0,0,0,0,0,0,0,0,0,0,0,0,0,0,0,0,0,0,0,0,0,0,0,0,0,0,26,51,50,76,65476,0,300,0,0,8,21553,0.0,-107605600.0,0.0,0.0,0.0,0.0,0.0,0.0,0.0,0.0,0.0,0.0,0.0,0.0,0.0,0.0,0.0,0.0,0.0,0.0,0.0,0.0,2.004,0.0,2.004,0.0,0.0,0.0,0.0,0.0,4719.0,-3.697182175382838e+19,7324.0,-107615400.0,-107615392.0,0.0,-0.0,0.0,0.0,0.0,0.0,77,-4.066880858845495e+29,89220.477,0.0,0.0,0.0,0.0,0.0,0.0,0.0,0,0,0,0.0,0.0,0.0,0.0,0.0,0.0,0.0,0.0,0.0,0.0,0.0,0.0,0.0,0.0,0.0,0.0,0,-107875648.0,77,0.0,154,0.0,2.6533922776413385e+23,ERR,ERR,ERR,ERR,ERR,ERR,ERR,ERR,ERR,ERR,ERR,ERR,ERR,ERR,ERR,ERR,ERR,ERR,ERR,ERR,ERR,ERR,ERR,ERR,ERR,ERR,ERR,ERR,ERR,ERR,ERR,ERR,ERR,ERR,ERR,ERR,ERR,ERR,ERR,ERR,ERR,ERR,ERR,ERR,ERR,ERR,ERR,ERR,ERR,ERR,ERR,ERR,ERR,ERR,ERR,ERR,ERR,ERR,ERR,ERR,ERR,ERR,ERR,ERR,ERR,ERR,ERR,34.0,80.0,35,0.0,0.0,0.0,0.0,0.0,0.0,0.0,0.0,0.0,0.0,0.0,0.0,0.0,0.0,0.0,0.0,66.0,0,121,58,54,65476,0,300,0,0,8,20529,65476,0,0,57672,80.0,0.0,0.0,0.0,0.0,0.0
2026-06-18T02:06:11,ERR,ERR,ERR,ERR,ERR,ERR,ERR,ERR,ERR,ERR,ERR,ERR,ERR,ERR,ERR,ERR,ERR,ERR,ERR,ERR,ERR,ERR,ERR,ERR,ERR,ERR,ERR,ERR,ERR,ERR,ERR,ERR,ERR,ERR,ERR,ERR,ERR,ERR,ERR,ERR,ERR,ERR,ERR,ERR,ERR,ERR,ERR,ERR,ERR,ERR,ERR,ERR,ERR,ERR,ERR,ERR,ERR,ERR,ERR,ERR,ERR,ERR,ERR,ERR,ERR,ERR,ERR,ERR,ERR,ERR,ERR,ERR,ERR,ERR,ERR,ERR,ERR,ERR,ERR,ERR,ERR,ERR,ERR,ERR,ERR,ERR,ERR,ERR,ERR,ERR,ERR,ERR,ERR,ERR,ERR,ERR,ERR,ERR,ERR,ERR,ERR,ERR,ERR,ERR,ERR,ERR,ERR,ERR,ERR,ERR,ERR,ERR,ERR,ERR,ERR,ERR,ERR,ERR,ERR,ERR,ERR,ERR,ERR,ERR,ERR,-107615400.0,-107615392.0,0.0,0.0,0.0,1.3936040501711995e+18,7.805,-0.0,0,0,4,48897,6720,14723890282496.0,100,0.0,0.0,0.0,0.0,0.0,0,0,0,0,0.0,0,0,0,0,0,0,0,0,0,0,0,0,0,0,0,0,0,0,0,0,0,0,0,0,0,0,0,0,0,0,0,0,0,26,51,50,76,65476,0,300,0,0,8,21553,0.0,-107605600.0,0.0,0.0,0.0,0.0,0.0,0.0,0.0,0.0,0.0,0.0,0.0,0.0,0.0,0.0,0.0,0.0,0.0,0.0,0.0,0.0,2.004,0.0,2.004,0.0,0.0,0.0,0.0,0.0,4719.0,-3.697182175382838e+19,7324.0,-107615400.0,-107615392.0,0.0,-0.0,0.0,0.0,0.0,0.0,77,-4.066880858845495e+29,89220.477,0.0,0.0,0.0,0.0,0.0,0.0,0.0,0,0,0,0.0,0.0,0.0,0.0,0.0,0.0,0.0,0.0,0.0,0.0,0.0,0.0,0.0,0.0,0.0,0.0,0,-107875648.0,77,0.0,154,0.0,2.6533922776413385e+23,ERR,ERR,ERR,ERR,ERR,ERR,ERR,ERR,ERR,ERR,ERR,ERR,ERR,ERR,ERR,ERR,ERR,ERR,ERR,ERR,ERR,ERR,ERR,ERR,ERR,ERR,ERR,ERR,ERR,ERR,ERR,ERR,ERR,ERR,ERR,ERR,ERR,ERR,ERR,ERR,ERR,ERR,ERR,ERR,ERR,ERR,ERR,ERR,ERR,ERR,ERR,ERR,ERR,ERR,ERR,ERR,ERR,ERR,ERR,ERR,ERR,ERR,ERR,ERR,ERR,ERR,ERR,34.0,80.0,35,0.0,0.0,0.0,0.0,0.0,0.0,0.0,0.0,0.0,0.0,0.0,0.0,0.0,0.0,0.0,0.0,66.0,0,121,58,54,65476,0,300,0,0,8,20529,65476,0,0,57672,80.0,0.0,0.0,0.0,0.0,0.0
2026-06-18T02:06:12,ERR,ERR,ERR,ERR,ERR,ERR,ERR,ERR,ERR,ERR,ERR,ERR,ERR,ERR,ERR,ERR,ERR,ERR,ERR,ERR,ERR,ERR,ERR,ERR,ERR,ERR,ERR,ERR,ERR,ERR,ERR,ERR,ERR,ERR,ERR,ERR,ERR,ERR,ERR,ERR,ERR,ERR,ERR,ERR,ERR,ERR,ERR,ERR,ERR,ERR,ERR,ERR,ERR,ERR,ERR,ERR,ERR,ERR,ERR,ERR,ERR,ERR,ERR,ERR,ERR,ERR,ERR,ERR,ERR,ERR,ERR,ERR,ERR,ERR,ERR,ERR,ERR,ERR,ERR,ERR,ERR,ERR,ERR,ERR,ERR,ERR,ERR,ERR,ERR,ERR,ERR,ERR,ERR,ERR,ERR,ERR,ERR,ERR,ERR,ERR,ERR,ERR,ERR,ERR,ERR,ERR,ERR,ERR,ERR,ERR,ERR,ERR,ERR,ERR,ERR,ERR,ERR,ERR,ERR,ERR,ERR,ERR,ERR,ERR,ERR,-107615400.0,-107615392.0,0.0,0.0,0.0,1.3936040501711995e+18,7.805,-0.0,0,0,4,48897,6720,14723890282496.0,100,0.0,0.0,0.0,0.0,0.0,0,0,0,0,0.0,0,0,0,0,0,0,0,0,0,0,0,0,0,0,0,0,0,0,0,0,0,0,0,0,0,0,0,0,0,0,0,0,0,26,51,50,76,65476,0,300,0,0,8,21553,0.0,-107605600.0,0.0,0.0,0.0,0.0,0.0,0.0,0.0,0.0,0.0,0.0,0.0,0.0,0.0,0.0,0.0,0.0,0.0,0.0,0.0,0.0,2.004,0.0,2.004,0.0,0.0,0.0,0.0,0.0,4719.0,-3.697182175382838e+19,7324.0,-107615400.0,-107615392.0,0.0,-0.0,0.0,0.0,0.0,0.0,77,-4.066880858845495e+29,89220.477,0.0,0.0,0.0,0.0,0.0,0.0,0.0,0,0,0,0.0,0.0,0.0,0.0,0.0,0.0,0.0,0.0,0.0,0.0,0.0,0.0,0.0,0.0,0.0,0.0,0,-107875648.0,77,0.0,154,0.0,2.6533922776413385e+23,ERR,ERR,ERR,ERR,ERR,ERR,ERR,ERR,ERR,ERR,ERR,ERR,ERR,ERR,ERR,ERR,ERR,ERR,ERR,ERR,ERR,ERR,ERR,ERR,ERR,ERR,ERR,ERR,ERR,ERR,ERR,ERR,ERR,ERR,ERR,ERR,ERR,ERR,ERR,ERR,ERR,ERR,ERR,ERR,ERR,ERR,ERR,ERR,ERR,ERR,ERR,ERR,ERR,ERR,ERR,ERR,ERR,ERR,ERR,ERR,ERR,ERR,ERR,ERR,ERR,ERR,ERR,34.0,80.0,35,0.0,0.0,0.0,0.0,0.0,0.0,0.0,0.0,0.0,0.0,0.0,0.0,0.0,0.0,0.0,0.0,66.0,0,121,58,54,65476,0,300,0,0,8,20529,65476,0,0,57672,80.0,0.0,0.0,0.0,0.0,0.0
2026-06-18T02:06:13,ERR,ERR,ERR,ERR,ERR,ERR,ERR,ERR,ERR,ERR,ERR,ERR,ERR,ERR,ERR,ERR,ERR,ERR,ERR,ERR,ERR,ERR,ERR,ERR,ERR,ERR,ERR,ERR,ERR,ERR,ERR,ERR,ERR,ERR,ERR,ERR,ERR,ERR,ERR,ERR,ERR,ERR,ERR,ERR,ERR,ERR,ERR,ERR,ERR,ERR,ERR,ERR,ERR,ERR,ERR,ERR,ERR,ERR,ERR,ERR,ERR,ERR,ERR,ERR,ERR,ERR,ERR,ERR,ERR,ERR,ERR,ERR,ERR,ERR,ERR,ERR,ERR,ERR,ERR,ERR,ERR,ERR,ERR,ERR,ERR,ERR,ERR,ERR,ERR,ERR,ERR,ERR,ERR,ERR,ERR,ERR,ERR,ERR,ERR,ERR,ERR,ERR,ERR,ERR,ERR,ERR,ERR,ERR,ERR,ERR,ERR,ERR,ERR,ERR,ERR,ERR,ERR,ERR,ERR,ERR,ERR,ERR,ERR,ERR,ERR,-107615400.0,-107615392.0,0.0,0.0,0.0,1.3936040501711995e+18,7.805,-0.0,0,0,4,48897,6720,14723890282496.0,100,0.0,0.0,0.0,0.0,0.0,0,0,0,0,0.0,0,0,0,0,0,0,0,0,0,0,0,0,0,0,0,0,0,0,0,0,0,0,0,0,0,0,0,0,0,0,0,0,0,26,51,50,76,65476,0,300,0,0,8,21553,0.0,-107605600.0,0.0,0.0,0.0,0.0,0.0,0.0,0.0,0.0,0.0,0.0,0.0,0.0,0.0,0.0,0.0,0.0,0.0,0.0,0.0,0.0,2.004,0.0,2.004,0.0,0.0,0.0,0.0,0.0,4719.0,-3.697182175382838e+19,7324.0,-107615400.0,-107615392.0,0.0,-0.0,0.0,0.0,0.0,0.0,77,-4.066880858845495e+29,89220.477,0.0,0.0,0.0,0.0,0.0,0.0,0.0,0,0,0,0.0,0.0,0.0,0.0,0.0,0.0,0.0,0.0,0.0,0.0,0.0,0.0,0.0,0.0,0.0,0.0,0,-107875648.0,77,0.0,154,0.0,2.6533922776413385e+23,ERR,ERR,ERR,ERR,ERR,ERR,ERR,ERR,ERR,ERR,ERR,ERR,ERR,ERR,ERR,ERR,ERR,ERR,ERR,ERR,ERR,ERR,ERR,ERR,ERR,ERR,ERR,ERR,ERR,ERR,ERR,ERR,ERR,ERR,ERR,ERR,ERR,ERR,ERR,ERR,ERR,ERR,ERR,ERR,ERR,ERR,ERR,ERR,ERR,ERR,ERR,ERR,ERR,ERR,ERR,ERR,ERR,ERR,ERR,ERR,ERR,ERR,ERR,ERR,ERR,ERR,ERR,34.0,80.0,35,0.0,0.0,0.0,0.0,0.0,0.0,0.0,0.0,0.0,0.0,0.0,0.0,0.0,0.0,0.0,0.0,66.0,0,121,58,54,65476,0,300,0,0,8,20529,65476,0,0,57672,80.0,0.0,0.0,0.0,0.0,0.0
2026-06-18T02:06:14,ERR,ERR,ERR,ERR,ERR,ERR,ERR,ERR,ERR,ERR,ERR,ERR,ERR,ERR,ERR,ERR,ERR,ERR,ERR,ERR,ERR,ERR,ERR,ERR,ERR,ERR,ERR,ERR,ERR,ERR,ERR,ERR,ERR,ERR,ERR,ERR,ERR,ERR,ERR,ERR,ERR,ERR,ERR,ERR,ERR,ERR,ERR,ERR,ERR,ERR,ERR,ERR,ERR,ERR,ERR,ERR,ERR,ERR,ERR,ERR,ERR,ERR,ERR,ERR,ERR,ERR,ERR,ERR,ERR,ERR,ERR,ERR,ERR,ERR,ERR,ERR,ERR,ERR,ERR,ERR,ERR,ERR,ERR,ERR,ERR,ERR,ERR,ERR,ERR,ERR,ERR,ERR,ERR,ERR,ERR,ERR,ERR,ERR,ERR,ERR,ERR,ERR,ERR,ERR,ERR,ERR,ERR,ERR,ERR,ERR,ERR,ERR,ERR,ERR,ERR,ERR,ERR,ERR,ERR,ERR,ERR,ERR,ERR,ERR,ERR,-107615400.0,-107615392.0,0.0,2.718290229135658e+23,2.012,1.3936040501711995e+18,7.805,-4.0828997592390904e+35,0,0,4,48850,6720,14723890282496.0,100,0.0,0.0,0.0,-0.0,0.0,0,0,0,0,0.0,0,0,0,0,0,0,0,0,0,0,0,0,0,0,0,0,0,0,0,0,0,0,0,0,0,0,0,0,0,0,0,0,0,26,51,50,76,65476,0,300,0,0,8,21553,0.0,-107605600.0,0.0,0.0,0.0,0.0,0.0,0.0,0.0,0.0,0.0,0.0,0.0,0.0,0.0,0.0,0.0,0.0,0.0,0.0,0.0,0.0,2.004,0.0,2.004,0.0,0.0,0.0,0.0,0.0,4719.0,-2.004,7321.0,-107615400.0,-107615392.0,0.0,-0.0,0.0,0.0,0.0,0.0,77,-4.066880858845495e+29,0.0,0.0,0.0,0.0,0.0,0.0,0.0,0.0,0,0,0,0.0,0.0,0.0,0.0,0.0,0.0,0.0,0.0,0.0,0.0,0.0,0.0,0.0,0.0,0.0,0.0,0,-107875648.0,77,0.0,154,0.0,0.0,ERR,ERR,ERR,ERR,ERR,ERR,ERR,ERR,ERR,ERR,ERR,ERR,ERR,ERR,ERR,ERR,ERR,ERR,ERR,ERR,ERR,ERR,ERR,ERR,ERR,ERR,ERR,ERR,ERR,ERR,ERR,ERR,ERR,ERR,ERR,ERR,ERR,ERR,ERR,ERR,ERR,ERR,ERR,ERR,ERR,ERR,ERR,ERR,ERR,ERR,ERR,ERR,ERR,ERR,ERR,ERR,ERR,ERR,ERR,ERR,ERR,ERR,ERR,ERR,ERR,ERR,ERR,34.0,80.0,35,0.0,0.0,0.0,0.0,0.0,0.0,0.0,0.0,0.0,0.0,0.0,0.0,0.0,0.0,0.0,0.0,66.0,0,121,58,54,65476,0,300,0,0,8,20529,65476,0,0,57672,80.0,0.0,0.0,0.0,0.0,0.0
2026-06-18T02:06:15,ERR,ERR,ERR,ERR,ERR,ERR,ERR,ERR,ERR,ERR,ERR,ERR,ERR,ERR,ERR,ERR,ERR,ERR,ERR,ERR,ERR,ERR,ERR,ERR,ERR,ERR,ERR,ERR,ERR,ERR,ERR,ERR,ERR,ERR,ERR,ERR,ERR,ERR,ERR,ERR,ERR,ERR,ERR,ERR,ERR,ERR,ERR,ERR,ERR,ERR,ERR,ERR,ERR,ERR,ERR,ERR,ERR,ERR,ERR,ERR,ERR,ERR,ERR,ERR,ERR,ERR,ERR,ERR,ERR,ERR,ERR,ERR,ERR,ERR,ERR,ERR,ERR,ERR,ERR,ERR,ERR,ERR,ERR,ERR,ERR,ERR,ERR,ERR,ERR,ERR,ERR,ERR,ERR,ERR,ERR,ERR,ERR,ERR,ERR,ERR,ERR,ERR,ERR,ERR,ERR,ERR,ERR,ERR,ERR,ERR,ERR,ERR,ERR,ERR,ERR,ERR,ERR,ERR,ERR,ERR,ERR,ERR,ERR,ERR,ERR,-107615400.0,-107615392.0,0.0,2.718290229135658e+23,2.012,1.3936040501711995e+18,7.805,-4.0828997592390904e+35,0,0,4,48850,6720,14723890282496.0,100,0.0,0.0,0.0,-0.0,0.0,0,0,0,0,0.0,0,0,0,0,0,0,0,0,0,0,0,0,0,0,0,0,0,0,0,0,0,0,0,0,0,0,0,0,0,0,0,0,0,26,51,50,76,65476,0,300,0,0,8,21553,0.0,-107605600.0,0.0,0.0,0.0,0.0,0.0,0.0,0.0,0.0,0.0,0.0,0.0,0.0,0.0,0.0,0.0,0.0,0.0,0.0,0.0,0.0,2.004,0.0,2.004,0.0,0.0,0.0,0.0,0.0,4719.0,-2.004,7321.0,-107615400.0,-107615392.0,0.0,-0.0,0.0,0.0,0.0,0.0,77,-4.066880858845495e+29,0.0,0.0,0.0,0.0,0.0,0.0,0.0,0.0,0,0,0,0.0,0.0,0.0,0.0,0.0,0.0,0.0,0.0,0.0,0.0,0.0,0.0,0.0,0.0,0.0,0.0,0,-107875648.0,77,0.0,154,0.0,0.0,ERR,ERR,ERR,ERR,ERR,ERR,ERR,ERR,ERR,ERR,ERR,ERR,ERR,ERR,ERR,ERR,ERR,ERR,ERR,ERR,ERR,ERR,ERR,ERR,ERR,ERR,ERR,ERR,ERR,ERR,ERR,ERR,ERR,ERR,ERR,ERR,ERR,ERR,ERR,ERR,ERR,ERR,ERR,ERR,ERR,ERR,ERR,ERR,ERR,ERR,ERR,ERR,ERR,ERR,ERR,ERR,ERR,ERR,ERR,ERR,ERR,ERR,ERR,ERR,ERR,ERR,ERR,34.0,80.0,35,0.0,0.0,0.0,0.0,0.0,0.0,0.0,0.0,0.0,0.0,0.0,0.0,0.0,0.0,0.0,0.0,66.0,0,121,58,54,65476,0,300,0,0,8,20529,65476,0,0,57672,80.0,0.0,0.0,0.0,0.0,0.0
2026-06-18T02:06:16,ERR,ERR,ERR,ERR,ERR,ERR,ERR,ERR,ERR,ERR,ERR,ERR,ERR,ERR,ERR,ERR,ERR,ERR,ERR,ERR,ERR,ERR,ERR,ERR,ERR,ERR,ERR,ERR,ERR,ERR,ERR,ERR,ERR,ERR,ERR,ERR,ERR,ERR,ERR,ERR,ERR,ERR,ERR,ERR,ERR,ERR,ERR,ERR,ERR,ERR,ERR,ERR,ERR,ERR,ERR,ERR,ERR,ERR,ERR,ERR,ERR,ERR,ERR,ERR,ERR,ERR,ERR,ERR,ERR,ERR,ERR,ERR,ERR,ERR,ERR,ERR,ERR,ERR,ERR,ERR,ERR,ERR,ERR,ERR,ERR,ERR,ERR,ERR,ERR,ERR,ERR,ERR,ERR,ERR,ERR,ERR,ERR,ERR,ERR,ERR,ERR,ERR,ERR,ERR,ERR,ERR,ERR,ERR,ERR,ERR,ERR,ERR,ERR,ERR,ERR,ERR,ERR,ERR,ERR,ERR,ERR,ERR,ERR,ERR,ERR,-107615400.0,-107615392.0,0.0,2.718290229135658e+23,2.012,1.3936040501711995e+18,7.805,-4.0828997592390904e+35,0,0,4,48850,6720,14723890282496.0,100,0.0,0.0,0.0,-0.0,0.0,0,0,0,0,0.0,0,0,0,0,0,0,0,0,0,0,0,0,0,0,0,0,0,0,0,0,0,0,0,0,0,0,0,0,0,0,0,0,0,26,51,50,76,65476,0,300,0,0,8,21553,0.0,-107605600.0,0.0,0.0,0.0,0.0,0.0,0.0,0.0,0.0,0.0,0.0,0.0,0.0,0.0,0.0,0.0,0.0,0.0,0.0,0.0,0.0,2.004,0.0,2.004,0.0,0.0,0.0,0.0,0.0,4719.0,-2.004,7321.0,-107615400.0,-107615392.0,0.0,-0.0,0.0,0.0,0.0,0.0,77,-4.066880858845495e+29,0.0,0.0,0.0,0.0,0.0,0.0,0.0,0.0,0,0,0,0.0,0.0,0.0,0.0,0.0,0.0,0.0,0.0,0.0,0.0,0.0,0.0,0.0,0.0,0.0,0.0,0,-107875648.0,77,0.0,154,0.0,0.0,ERR,ERR,ERR,ERR,ERR,ERR,ERR,ERR,ERR,ERR,ERR,ERR,ERR,ERR,ERR,ERR,ERR,ERR,ERR,ERR,ERR,ERR,ERR,ERR,ERR,ERR,ERR,ERR,ERR,ERR,ERR,ERR,ERR,ERR,ERR,ERR,ERR,ERR,ERR,ERR,ERR,ERR,ERR,ERR,ERR,ERR,ERR,ERR,ERR,ERR,ERR,ERR,ERR,ERR,ERR,ERR,ERR,ERR,ERR,ERR,ERR,ERR,ERR,ERR,ERR,ERR,ERR,34.0,80.0,35,0.0,0.0,0.0,0.0,0.0,0.0,0.0,0.0,0.0,0.0,0.0,0.0,0.0,0.0,0.0,0.0,66.0,0,121,58,54,65476,0,300,0,0,8,20529,65476,0,0,57672,80.0,0.0,0.0,0.0,0.0,0.0
2026-06-18T02:06:17,ERR,ERR,ERR,ERR,ERR,ERR,ERR,ERR,ERR,ERR,ERR,ERR,ERR,ERR,ERR,ERR,ERR,ERR,ERR,ERR,ERR,ERR,ERR,ERR,ERR,ERR,ERR,ERR,ERR,ERR,ERR,ERR,ERR,ERR,ERR,ERR,ERR,ERR,ERR,ERR,ERR,ERR,ERR,ERR,ERR,ERR,ERR,ERR,ERR,ERR,ERR,ERR,ERR,ERR,ERR,ERR,ERR,ERR,ERR,ERR,ERR,ERR,ERR,ERR,ERR,ERR,ERR,ERR,ERR,ERR,ERR,ERR,ERR,ERR,ERR,ERR,ERR,ERR,ERR,ERR,ERR,ERR,ERR,ERR,ERR,ERR,ERR,ERR,ERR,ERR,ERR,ERR,ERR,ERR,ERR,ERR,ERR,ERR,ERR,ERR,ERR,ERR,ERR,ERR,ERR,ERR,ERR,ERR,ERR,ERR,ERR,ERR,ERR,ERR,ERR,ERR,ERR,ERR,ERR,ERR,ERR,ERR,ERR,ERR,ERR,-107615400.0,-107615392.0,0.0,2.718290229135658e+23,2.012,1.3936040501711995e+18,7.805,-4.0828997592390904e+35,0,0,4,48850,6720,14723890282496.0,100,0.0,0.0,0.0,-0.0,0.0,0,0,0,0,0.0,0,0,0,0,0,0,0,0,0,0,0,0,0,0,0,0,0,0,0,0,0,0,0,0,0,0,0,0,0,0,0,0,0,26,51,50,76,65476,0,300,0,0,8,21553,0.0,-107605600.0,0.0,0.0,0.0,0.0,0.0,0.0,0.0,0.0,0.0,0.0,0.0,0.0,0.0,0.0,0.0,0.0,0.0,0.0,0.0,0.0,2.004,0.0,2.004,0.0,0.0,0.0,0.0,0.0,4719.0,-2.004,7321.0,-107615400.0,-107615392.0,0.0,-0.0,0.0,0.0,0.0,0.0,77,-4.066880858845495e+29,0.0,0.0,0.0,0.0,0.0,0.0,0.0,0.0,0,0,0,0.0,0.0,0.0,0.0,0.0,0.0,0.0,0.0,0.0,0.0,0.0,0.0,0.0,0.0,0.0,0.0,0,-107875648.0,77,0.0,154,0.0,0.0,ERR,ERR,ERR,ERR,ERR,ERR,ERR,ERR,ERR,ERR,ERR,ERR,ERR,ERR,ERR,ERR,ERR,ERR,ERR,ERR,ERR,ERR,ERR,ERR,ERR,ERR,ERR,ERR,ERR,ERR,ERR,ERR,ERR,ERR,ERR,ERR,ERR,ERR,ERR,ERR,ERR,ERR,ERR,ERR,ERR,ERR,ERR,ERR,ERR,ERR,ERR,ERR,ERR,ERR,ERR,ERR,ERR,ERR,ERR,ERR,ERR,ERR,ERR,ERR,ERR,ERR,ERR,34.0,80.0,35,0.0,0.0,0.0,0.0,0.0,0.0,0.0,0.0,0.0,0.0,0.0,0.0,0.0,0.0,0.0,0.0,66.4,0,121,58,54,65476,0,300,0,0,8,20529,65476,0,0,57672,80.0,0.0,0.0,0.0,0.0,0.0
2026-06-18T02:06:18,ERR,ERR,ERR,ERR,ERR,ERR,ERR,ERR,ERR,ERR,ERR,ERR,ERR,ERR,ERR,ERR,ERR,ERR,ERR,ERR,ERR,ERR,ERR,ERR,ERR,ERR,ERR,ERR,ERR,ERR,ERR,ERR,ERR,ERR,ERR,ERR,ERR,ERR,ERR,ERR,ERR,ERR,ERR,ERR,ERR,ERR,ERR,ERR,ERR,ERR,ERR,ERR,ERR,ERR,ERR,ERR,ERR,ERR,ERR,ERR,ERR,ERR,ERR,ERR,ERR,ERR,ERR,ERR,ERR,ERR,ERR,ERR,ERR,ERR,ERR,ERR,ERR,ERR,ERR,ERR,ERR,ERR,ERR,ERR,ERR,ERR,ERR,ERR,ERR,ERR,ERR,ERR,ERR,ERR,ERR,ERR,ERR,ERR,ERR,ERR,ERR,ERR,ERR,ERR,ERR,ERR,ERR,ERR,ERR,ERR,ERR,ERR,ERR,ERR,ERR,ERR,ERR,ERR,ERR,ERR,ERR,ERR,ERR,ERR,ERR,-107615400.0,-107615392.0,0.0,2.718290229135658e+23,2.012,1.3936040501711995e+18,7.805,-4.0828997592390904e+35,0,0,4,48850,6720,14723890282496.0,100,0.0,0.0,0.0,-0.0,0.0,0,0,0,0,0.0,0,0,0,0,0,0,0,0,0,0,0,0,0,0,0,0,0,0,0,0,0,0,0,0,0,0,0,0,0,0,0,0,0,26,51,50,76,65476,0,300,0,0,8,21553,0.0,-107605600.0,0.0,0.0,0.0,0.0,0.0,0.0,0.0,0.0,0.0,0.0,0.0,0.0,0.0,0.0,0.0,0.0,0.0,0.0,0.0,0.0,2.004,0.0,2.004,0.0,0.0,0.0,0.0,0.0,4719.0,-2.004,7321.0,-107615400.0,-107615392.0,0.0,-0.0,0.0,0.0,0.0,0.0,77,-4.066880858845495e+29,0.0,0.0,0.0,0.0,0.0,0.0,0.0,0.0,0,0,0,0.0,0.0,0.0,0.0,0.0,0.0,0.0,0.0,0.0,0.0,0.0,0.0,0.0,0.0,0.0,0.0,0,-107875648.0,77,0.0,154,0.0,0.0,ERR,ERR,ERR,ERR,ERR,ERR,ERR,ERR,ERR,ERR,ERR,ERR,ERR,ERR,ERR,ERR,ERR,ERR,ERR,ERR,ERR,ERR,ERR,ERR,ERR,ERR,ERR,ERR,ERR,ERR,ERR,ERR,ERR,ERR,ERR,ERR,ERR,ERR,ERR,ERR,ERR,ERR,ERR,ERR,ERR,ERR,ERR,ERR,ERR,ERR,ERR,ERR,ERR,ERR,ERR,ERR,ERR,ERR,ERR,ERR,ERR,ERR,ERR,ERR,ERR,ERR,ERR,34.0,80.0,35,0.0,0.0,0.0,0.0,0.0,0.0,0.0,0.0,0.0,0.0,0.0,0.0,0.0,0.0,0.0,0.0,66.4,0,121,58,54,65476,0,300,0,0,8,20529,65476,0,0,57672,80.0,0.0,0.0,0.0,0.0,0.0
2026-06-18T02:06:19,ERR,ERR,ERR,ERR,ERR,ERR,ERR,ERR,ERR,ERR,ERR,ERR,ERR,ERR,ERR,ERR,ERR,ERR,ERR,ERR,ERR,ERR,ERR,ERR,ERR,ERR,ERR,ERR,ERR,ERR,ERR,ERR,ERR,ERR,ERR,ERR,ERR,ERR,ERR,ERR,ERR,ERR,ERR,ERR,ERR,ERR,ERR,ERR,ERR,ERR,ERR,ERR,ERR,ERR,ERR,ERR,ERR,ERR,ERR,ERR,ERR,ERR,ERR,ERR,ERR,ERR,ERR,ERR,ERR,ERR,ERR,ERR,ERR,ERR,ERR,ERR,ERR,ERR,ERR,ERR,ERR,ERR,ERR,ERR,ERR,ERR,ERR,ERR,ERR,ERR,ERR,ERR,ERR,ERR,ERR,ERR,ERR,ERR,ERR,ERR,ERR,ERR,ERR,ERR,ERR,ERR,ERR,ERR,ERR,ERR,ERR,ERR,ERR,ERR,ERR,ERR,ERR,ERR,ERR,ERR,ERR,ERR,ERR,ERR,ERR,-107615400.0,-107615392.0,0.0,-4.9501291711397626e+32,-2.012,1.3936040501711995e+18,7.805,8.558351388217734e+28,0,0,4,48902,6720,14723890282496.0,100,0.0,0.0,0.0,-4.9501291711397626e+32,0.0,0,0,0,0,0.0,0,0,0,0,0,0,0,0,0,0,0,0,0,0,0,0,0,0,0,0,0,0,0,0,0,0,0,0,0,0,0,0,0,26,51,50,76,65476,0,300,0,0,8,21553,0.0,-107605600.0,0.0,0.0,0.0,0.0,0.0,0.0,0.0,0.0,0.0,0.0,0.0,0.0,0.0,0.0,0.0,0.0,0.0,0.0,0.0,0.0,2.004,0.0,2.004,0.0,0.0,0.0,0.0,0.0,4717.0,-0.0,7319.0,-0.0,-107615392.0,0.0,-0.0,0.0,0.0,0.0,0.0,77,-3.222029330555234e+26,0.0,0.0,0.0,0.0,0.0,0.0,0.0,0.0,0,0,0,0.0,0.0,0.0,0.0,0.0,0.0,0.0,0.0,0.0,0.0,0.0,0.0,0.0,0.0,0.0,0.0,0,-107875648.0,77,0.0,154,0.0,2.6533922776413385e+23,ERR,ERR,ERR,ERR,ERR,ERR,ERR,ERR,ERR,ERR,ERR,ERR,ERR,ERR,ERR,ERR,ERR,ERR,ERR,ERR,ERR,ERR,ERR,ERR,ERR,ERR,ERR,ERR,ERR,ERR,ERR,ERR,ERR,ERR,ERR,ERR,ERR,ERR,ERR,ERR,ERR,ERR,ERR,ERR,ERR,ERR,ERR,ERR,ERR,ERR,ERR,ERR,ERR,ERR,ERR,ERR,ERR,ERR,ERR,ERR,ERR,ERR,ERR,ERR,ERR,ERR,ERR,34.0,80.0,35,0.0,0.0,0.0,0.0,0.0,0.0,0.0,0.0,0.0,0.0,0.0,0.0,0.0,0.0,0.0,0.0,66.0,0,121,58,54,65476,0,300,0,0,8,20529,65476,0,0,57672,80.0,0.0,0.0,0.0,0.0,0.0
2026-06-18T02:06:20,ERR,ERR,ERR,ERR,ERR,ERR,ERR,ERR,ERR,ERR,ERR,ERR,ERR,ERR,ERR,ERR,ERR,ERR,ERR,ERR,ERR,ERR,ERR,ERR,ERR,ERR,ERR,ERR,ERR,ERR,ERR,ERR,ERR,ERR,ERR,ERR,ERR,ERR,ERR,ERR,ERR,ERR,ERR,ERR,ERR,ERR,ERR,ERR,ERR,ERR,ERR,ERR,ERR,ERR,ERR,ERR,ERR,ERR,ERR,ERR,ERR,ERR,ERR,ERR,ERR,ERR,ERR,ERR,ERR,ERR,ERR,ERR,ERR,ERR,ERR,ERR,ERR,ERR,ERR,ERR,ERR,ERR,ERR,ERR,ERR,ERR,ERR,ERR,ERR,ERR,ERR,ERR,ERR,ERR,ERR,ERR,ERR,ERR,ERR,ERR,ERR,ERR,ERR,ERR,ERR,ERR,ERR,ERR,ERR,ERR,ERR,ERR,ERR,ERR,ERR,ERR,ERR,ERR,ERR,ERR,ERR,ERR,ERR,ERR,ERR,-107615400.0,-107615392.0,0.0,-4.9501291711397626e+32,-2.012,1.3936040501711995e+18,7.805,8.558351388217734e+28,0,0,4,48902,6720,14723890282496.0,100,0.0,0.0,0.0,-4.9501291711397626e+32,0.0,0,0,0,0,0.0,0,0,0,0,0,0,0,0,0,0,0,0,0,0,0,0,0,0,0,0,0,0,0,0,0,0,0,0,0,0,0,0,0,26,51,50,76,65476,0,300,0,0,8,21553,0.0,-107605600.0,0.0,0.0,0.0,0.0,0.0,0.0,0.0,0.0,0.0,0.0,0.0,0.0,0.0,0.0,0.0,0.0,0.0,0.0,0.0,0.0,2.004,0.0,2.004,0.0,0.0,0.0,0.0,0.0,4717.0,-0.0,7319.0,-0.0,-107615392.0,0.0,-0.0,0.0,0.0,0.0,0.0,77,-3.222029330555234e+26,0.0,0.0,0.0,0.0,0.0,0.0,0.0,0.0,0,0,0,0.0,0.0,0.0,0.0,0.0,0.0,0.0,0.0,0.0,0.0,0.0,0.0,0.0,0.0,0.0,0.0,0,-107875648.0,77,0.0,154,0.0,2.6533922776413385e+23,ERR,ERR,ERR,ERR,ERR,ERR,ERR,ERR,ERR,ERR,ERR,ERR,ERR,ERR,ERR,ERR,ERR,ERR,ERR,ERR,ERR,ERR,ERR,ERR,ERR,ERR,ERR,ERR,ERR,ERR,ERR,ERR,ERR,ERR,ERR,ERR,ERR,ERR,ERR,ERR,ERR,ERR,ERR,ERR,ERR,ERR,ERR,ERR,ERR,ERR,ERR,ERR,ERR,ERR,ERR,ERR,ERR,ERR,ERR,ERR,ERR,ERR,ERR,ERR,ERR,ERR,ERR,34.0,80.0,35,0.0,0.0,0.0,0.0,0.0,0.0,0.0,0.0,0.0,0.0,0.0,0.0,0.0,0.0,0.0,0.0,66.4,0,121,58,54,65476,0,300,0,0,8,20529,65476,0,0,57672,80.0,0.0,0.0,0.0,0.0,0.0
2026-06-18T02:06:21,ERR,ERR,ERR,ERR,ERR,ERR,ERR,ERR,ERR,ERR,ERR,ERR,ERR,ERR,ERR,ERR,ERR,ERR,ERR,ERR,ERR,ERR,ERR,ERR,ERR,ERR,ERR,ERR,ERR,ERR,ERR,ERR,ERR,ERR,ERR,ERR,ERR,ERR,ERR,ERR,ERR,ERR,ERR,ERR,ERR,ERR,ERR,ERR,ERR,ERR,ERR,ERR,ERR,ERR,ERR,ERR,ERR,ERR,ERR,ERR,ERR,ERR,ERR,ERR,ERR,ERR,ERR,ERR,ERR,ERR,ERR,ERR,ERR,ERR,ERR,ERR,ERR,ERR,ERR,ERR,ERR,ERR,ERR,ERR,ERR,ERR,ERR,ERR,ERR,ERR,ERR,ERR,ERR,ERR,ERR,ERR,ERR,ERR,ERR,ERR,ERR,ERR,ERR,ERR,ERR,ERR,ERR,ERR,ERR,ERR,ERR,ERR,ERR,ERR,ERR,ERR,ERR,ERR,ERR,ERR,ERR,ERR,ERR,ERR,ERR,-107615400.0,-107615392.0,0.0,-4.9501291711397626e+32,-2.012,1.3936040501711995e+18,7.805,8.558351388217734e+28,0,0,4,48902,6720,14723890282496.0,100,0.0,0.0,0.0,-4.9501291711397626e+32,0.0,0,0,0,0,0.0,0,0,0,0,0,0,0,0,0,0,0,0,0,0,0,0,0,0,0,0,0,0,0,0,0,0,0,0,0,0,0,0,0,26,51,50,76,65476,0,300,0,0,8,21553,0.0,-107605600.0,0.0,0.0,0.0,0.0,0.0,0.0,0.0,0.0,0.0,0.0,0.0,0.0,0.0,0.0,0.0,0.0,0.0,0.0,0.0,0.0,2.004,0.0,2.004,0.0,0.0,0.0,0.0,0.0,4717.0,-0.0,7319.0,-0.0,-107615392.0,0.0,-0.0,0.0,0.0,0.0,0.0,77,-3.222029330555234e+26,0.0,0.0,0.0,0.0,0.0,0.0,0.0,0.0,0,0,0,0.0,0.0,0.0,0.0,0.0,0.0,0.0,0.0,0.0,0.0,0.0,0.0,0.0,0.0,0.0,0.0,0,-107875648.0,77,0.0,154,0.0,2.6533922776413385e+23,ERR,ERR,ERR,ERR,ERR,ERR,ERR,ERR,ERR,ERR,ERR,ERR,ERR,ERR,ERR,ERR,ERR,ERR,ERR,ERR,ERR,ERR,ERR,ERR,ERR,ERR,ERR,ERR,ERR,ERR,ERR,ERR,ERR,ERR,ERR,ERR,ERR,ERR,ERR,ERR,ERR,ERR,ERR,ERR,ERR,ERR,ERR,ERR,ERR,ERR,ERR,ERR,ERR,ERR,ERR,ERR,ERR,ERR,ERR,ERR,ERR,ERR,ERR,ERR,ERR,ERR,ERR,34.0,80.0,35,0.0,0.0,0.0,0.0,0.0,0.0,0.0,0.0,0.0,0.0,0.0,0.0,0.0,0.0,0.0,0.0,66.4,0,121,58,54,65476,0,300,0,0,8,20529,65476,0,0,57672,80.0,0.0,0.0,0.0,0.0,0.0
2026-06-18T02:06:22,ERR,ERR,ERR,ERR,ERR,ERR,ERR,ERR,ERR,ERR,ERR,ERR,ERR,ERR,ERR,ERR,ERR,ERR,ERR,ERR,ERR,ERR,ERR,ERR,ERR,ERR,ERR,ERR,ERR,ERR,ERR,ERR,ERR,ERR,ERR,ERR,ERR,ERR,ERR,ERR,ERR,ERR,ERR,ERR,ERR,ERR,ERR,ERR,ERR,ERR,ERR,ERR,ERR,ERR,ERR,ERR,ERR,ERR,ERR,ERR,ERR,ERR,ERR,ERR,ERR,ERR,ERR,ERR,ERR,ERR,ERR,ERR,ERR,ERR,ERR,ERR,ERR,ERR,ERR,ERR,ERR,ERR,ERR,ERR,ERR,ERR,ERR,ERR,ERR,ERR,ERR,ERR,ERR,ERR,ERR,ERR,ERR,ERR,ERR,ERR,ERR,ERR,ERR,ERR,ERR,ERR,ERR,ERR,ERR,ERR,ERR,ERR,ERR,ERR,ERR,ERR,ERR,ERR,ERR,ERR,ERR,ERR,ERR,ERR,ERR,-107615400.0,-107615392.0,0.0,-4.9501291711397626e+32,-2.012,1.3936040501711995e+18,7.805,8.558351388217734e+28,0,0,4,48902,6720,14723890282496.0,100,0.0,0.0,0.0,-4.9501291711397626e+32,0.0,0,0,0,0,0.0,0,0,0,0,0,0,0,0,0,0,0,0,0,0,0,0,0,0,0,0,0,0,0,0,0,0,0,0,0,0,0,0,0,26,51,50,76,65476,0,300,0,0,8,21553,0.0,-107605600.0,0.0,0.0,0.0,0.0,0.0,0.0,0.0,0.0,0.0,0.0,0.0,0.0,0.0,0.0,0.0,0.0,0.0,0.0,0.0,0.0,2.004,0.0,2.004,0.0,0.0,0.0,0.0,0.0,4717.0,-0.0,7319.0,-0.0,-107615392.0,0.0,-0.0,0.0,0.0,0.0,0.0,77,-3.222029330555234e+26,0.0,0.0,0.0,0.0,0.0,0.0,0.0,0.0,0,0,0,0.0,0.0,0.0,0.0,0.0,0.0,0.0,0.0,0.0,0.0,0.0,0.0,0.0,0.0,0.0,0.0,0,-107875648.0,77,0.0,154,0.0,2.6533922776413385e+23,ERR,ERR,ERR,ERR,ERR,ERR,ERR,ERR,ERR,ERR,ERR,ERR,ERR,ERR,ERR,ERR,ERR,ERR,ERR,ERR,ERR,ERR,ERR,ERR,ERR,ERR,ERR,ERR,ERR,ERR,ERR,ERR,ERR,ERR,ERR,ERR,ERR,ERR,ERR,ERR,ERR,ERR,ERR,ERR,ERR,ERR,ERR,ERR,ERR,ERR,ERR,ERR,ERR,ERR,ERR,ERR,ERR,ERR,ERR,ERR,ERR,ERR,ERR,ERR,ERR,ERR,ERR,34.0,80.0,35,0.0,0.0,0.0,0.0,0.0,0.0,0.0,0.0,0.0,0.0,0.0,0.0,0.0,0.0,0.0,0.0,66.0,0,121,58,54,65476,0,300,0,0,8,20529,65476,0,0,57672,80.0,0.0,0.0,0.0,0.0,0.0
2026-06-18T02:06:23,ERR,ERR,ERR,ERR,ERR,ERR,ERR,ERR,ERR,ERR,ERR,ERR,ERR,ERR,ERR,ERR,ERR,ERR,ERR,ERR,ERR,ERR,ERR,ERR,ERR,ERR,ERR,ERR,ERR,ERR,ERR,ERR,ERR,ERR,ERR,ERR,ERR,ERR,ERR,ERR,ERR,ERR,ERR,ERR,ERR,ERR,ERR,ERR,ERR,ERR,ERR,ERR,ERR,ERR,ERR,ERR,ERR,ERR,ERR,ERR,ERR,ERR,ERR,ERR,ERR,ERR,ERR,ERR,ERR,ERR,ERR,ERR,ERR,ERR,ERR,ERR,ERR,ERR,ERR,ERR,ERR,ERR,ERR,ERR,ERR,ERR,ERR,ERR,ERR,ERR,ERR,ERR,ERR,ERR,ERR,ERR,ERR,ERR,ERR,ERR,ERR,ERR,ERR,ERR,ERR,ERR,ERR,ERR,ERR,ERR,ERR,ERR,ERR,ERR,ERR,ERR,ERR,ERR,ERR,ERR,ERR,ERR,ERR,ERR,ERR,-107615400.0,-107615392.0,0.0,-4.9501291711397626e+32,-2.012,1.3936040501711995e+18,7.805,8.558351388217734e+28,0,0,4,48902,6720,14723890282496.0,100,0.0,0.0,0.0,-4.9501291711397626e+32,0.0,0,0,0,0,0.0,0,0,0,0,0,0,0,0,0,0,0,0,0,0,0,0,0,0,0,0,0,0,0,0,0,0,0,0,0,0,0,0,0,26,51,50,76,65476,0,300,0,0,8,21553,0.0,-107605600.0,0.0,0.0,0.0,0.0,0.0,0.0,0.0,0.0,0.0,0.0,0.0,0.0,0.0,0.0,0.0,0.0,0.0,0.0,0.0,0.0,2.004,0.0,2.004,0.0,0.0,0.0,0.0,0.0,4717.0,-0.0,7319.0,-0.0,-107615392.0,0.0,-0.0,0.0,0.0,0.0,0.0,77,-3.222029330555234e+26,0.0,0.0,0.0,0.0,0.0,0.0,0.0,0.0,0,0,0,0.0,0.0,0.0,0.0,0.0,0.0,0.0,0.0,0.0,0.0,0.0,0.0,0.0,0.0,0.0,0.0,0,-107875648.0,77,0.0,154,0.0,2.6533922776413385e+23,ERR,ERR,ERR,ERR,ERR,ERR,ERR,ERR,ERR,ERR,ERR,ERR,ERR,ERR,ERR,ERR,ERR,ERR,ERR,ERR,ERR,ERR,ERR,ERR,ERR,ERR,ERR,ERR,ERR,ERR,ERR,ERR,ERR,ERR,ERR,ERR,ERR,ERR,ERR,ERR,ERR,ERR,ERR,ERR,ERR,ERR,ERR,ERR,ERR,ERR,ERR,ERR,ERR,ERR,ERR,ERR,ERR,ERR,ERR,ERR,ERR,ERR,ERR,ERR,ERR,ERR,ERR,34.0,80.0,35,0.0,0.0,0.0,0.0,0.0,0.0,0.0,0.0,0.0,0.0,0.0,0.0,0.0,0.0,0.0,0.0,66.0,0,121,58,54,65476,0,300,0,0,8,20529,65476,0,0,57672,80.0,0.0,0.0,0.0,0.0,0.0
2026-06-18T02:06:24,ERR,ERR,ERR,ERR,ERR,ERR,ERR,ERR,ERR,ERR,ERR,ERR,ERR,ERR,ERR,ERR,ERR,ERR,ERR,ERR,ERR,ERR,ERR,ERR,ERR,ERR,ERR,ERR,ERR,ERR,ERR,ERR,ERR,ERR,ERR,ERR,ERR,ERR,ERR,ERR,ERR,ERR,ERR,ERR,ERR,ERR,ERR,ERR,ERR,ERR,ERR,ERR,ERR,ERR,ERR,ERR,ERR,ERR,ERR,ERR,ERR,ERR,ERR,ERR,ERR,ERR,ERR,ERR,ERR,ERR,ERR,ERR,ERR,ERR,ERR,ERR,ERR,ERR,ERR,ERR,ERR,ERR,ERR,ERR,ERR,ERR,ERR,ERR,ERR,ERR,ERR,ERR,ERR,ERR,ERR,ERR,ERR,ERR,ERR,ERR,ERR,ERR,ERR,ERR,ERR,ERR,ERR,ERR,ERR,ERR,ERR,ERR,ERR,ERR,ERR,ERR,ERR,ERR,ERR,ERR,ERR,ERR,ERR,ERR,ERR,-107615400.0,-107615392.0,0.0,-4.9501291711397626e+32,-2.012,1.3936040501711995e+18,7.805,8.558351388217734e+28,0,0,4,48867,6720,14723890282496.0,100,0.0,0.0,0.0,-0.0,0.0,0,0,0,0,0.0,0,0,0,0,0,0,0,0,0,0,0,0,0,0,0,0,0,0,0,0,0,0,0,0,0,0,0,0,0,0,0,0,0,26,51,50,76,65476,0,300,0,0,8,21553,0.0,-107605600.0,0.0,0.0,0.0,0.0,0.0,0.0,0.0,0.0,0.0,0.0,0.0,0.0,0.0,0.0,0.0,0.0,0.0,0.0,0.0,0.0,2.004,0.0,2.004,0.0,0.0,0.0,0.0,0.0,4718.0,-131350.297,7321.0,-107615400.0,-107615392.0,0.0,-0.0,0.0,0.0,0.0,0.0,77,-3.222029330555234e+26,0.0,0.0,0.0,0.0,0.0,0.0,0.0,0.0,0,0,0,0.0,0.0,0.0,0.0,0.0,0.0,0.0,0.0,0.0,0.0,0.0,0.0,0.0,0.0,0.0,0.0,0,-107875648.0,77,0.0,154,0.0,2.6533922776413385e+23,ERR,ERR,ERR,ERR,ERR,ERR,ERR,ERR,ERR,ERR,ERR,ERR,ERR,ERR,ERR,ERR,ERR,ERR,ERR,ERR,ERR,ERR,ERR,ERR,ERR,ERR,ERR,ERR,ERR,ERR,ERR,ERR,ERR,ERR,ERR,ERR,ERR,ERR,ERR,ERR,ERR,ERR,ERR,ERR,ERR,ERR,ERR,ERR,ERR,ERR,ERR,ERR,ERR,ERR,ERR,ERR,ERR,ERR,ERR,ERR,ERR,ERR,ERR,ERR,ERR,ERR,ERR,34.0,80.0,35,0.0,0.0,0.0,0.0,0.0,0.0,0.0,0.0,0.0,0.0,0.0,0.0,0.0,0.0,0.0,0.0,66.0,0,121,58,54,65476,0,300,0,0,8,20529,65476,0,0,57672,80.0,0.0,0.0,0.0,0.0,0.0
2026-06-18T02:06:25,ERR,ERR,ERR,ERR,ERR,ERR,ERR,ERR,ERR,ERR,ERR,ERR,ERR,ERR,ERR,ERR,ERR,ERR,ERR,ERR,ERR,ERR,ERR,ERR,ERR,ERR,ERR,ERR,ERR,ERR,ERR,ERR,ERR,ERR,ERR,ERR,ERR,ERR,ERR,ERR,ERR,ERR,ERR,ERR,ERR,ERR,ERR,ERR,ERR,ERR,ERR,ERR,ERR,ERR,ERR,ERR,ERR,ERR,ERR,ERR,ERR,ERR,ERR,ERR,ERR,ERR,ERR,ERR,ERR,ERR,ERR,ERR,ERR,ERR,ERR,ERR,ERR,ERR,ERR,ERR,ERR,ERR,ERR,ERR,ERR,ERR,ERR,ERR,ERR,ERR,ERR,ERR,ERR,ERR,ERR,ERR,ERR,ERR,ERR,ERR,ERR,ERR,ERR,ERR,ERR,ERR,ERR,ERR,ERR,ERR,ERR,ERR,ERR,ERR,ERR,ERR,ERR,ERR,ERR,ERR,ERR,ERR,ERR,ERR,ERR,-107615400.0,-107615392.0,0.0,-4.9501291711397626e+32,-2.012,1.3936040501711995e+18,7.805,8.558351388217734e+28,0,0,4,48867,6720,14723890282496.0,100,0.0,0.0,0.0,-0.0,0.0,0,0,0,0,0.0,0,0,0,0,0,0,0,0,0,0,0,0,0,0,0,0,0,0,0,0,0,0,0,0,0,0,0,0,0,0,0,0,0,26,51,50,76,65476,0,300,0,0,8,21553,0.0,-107605600.0,0.0,0.0,0.0,0.0,0.0,0.0,0.0,0.0,0.0,0.0,0.0,0.0,0.0,0.0,0.0,0.0,0.0,0.0,0.0,0.0,2.004,0.0,2.004,0.0,0.0,0.0,0.0,0.0,4718.0,-131350.297,7321.0,-107615400.0,-107615392.0,0.0,-0.0,0.0,0.0,0.0,0.0,77,-3.222029330555234e+26,0.0,0.0,0.0,0.0,0.0,0.0,0.0,0.0,0,0,0,0.0,0.0,0.0,0.0,0.0,0.0,0.0,0.0,0.0,0.0,0.0,0.0,0.0,0.0,0.0,0.0,0,-107875648.0,77,0.0,154,0.0,2.6533922776413385e+23,ERR,ERR,ERR,ERR,ERR,ERR,ERR,ERR,ERR,ERR,ERR,ERR,ERR,ERR,ERR,ERR,ERR,ERR,ERR,ERR,ERR,ERR,ERR,ERR,ERR,ERR,ERR,ERR,ERR,ERR,ERR,ERR,ERR,ERR,ERR,ERR,ERR,ERR,ERR,ERR,ERR,ERR,ERR,ERR,ERR,ERR,ERR,ERR,ERR,ERR,ERR,ERR,ERR,ERR,ERR,ERR,ERR,ERR,ERR,ERR,ERR,ERR,ERR,ERR,ERR,ERR,ERR,34.0,80.0,35,0.0,0.0,0.0,0.0,0.0,0.0,0.0,0.0,0.0,0.0,0.0,0.0,0.0,0.0,0.0,0.0,66.0,0,121,58,54,65476,0,300,0,0,8,20529,65476,0,0,57672,80.0,0.0,0.0,0.0,0.0,0.0
2026-06-18T02:06:26,ERR,ERR,ERR,ERR,ERR,ERR,ERR,ERR,ERR,ERR,ERR,ERR,ERR,ERR,ERR,ERR,ERR,ERR,ERR,ERR,ERR,ERR,ERR,ERR,ERR,ERR,ERR,ERR,ERR,ERR,ERR,ERR,ERR,ERR,ERR,ERR,ERR,ERR,ERR,ERR,ERR,ERR,ERR,ERR,ERR,ERR,ERR,ERR,ERR,ERR,ERR,ERR,ERR,ERR,ERR,ERR,ERR,ERR,ERR,ERR,ERR,ERR,ERR,ERR,ERR,ERR,ERR,ERR,ERR,ERR,ERR,ERR,ERR,ERR,ERR,ERR,ERR,ERR,ERR,ERR,ERR,ERR,ERR,ERR,ERR,ERR,ERR,ERR,ERR,ERR,ERR,ERR,ERR,ERR,ERR,ERR,ERR,ERR,ERR,ERR,ERR,ERR,ERR,ERR,ERR,ERR,ERR,ERR,ERR,ERR,ERR,ERR,ERR,ERR,ERR,ERR,ERR,ERR,ERR,ERR,ERR,ERR,ERR,ERR,ERR,-107615400.0,-107615392.0,0.0,-4.9501291711397626e+32,-2.012,1.3936040501711995e+18,7.805,8.558351388217734e+28,0,0,4,48867,6720,14723890282496.0,100,0.0,0.0,0.0,-0.0,0.0,0,0,0,0,0.0,0,0,0,0,0,0,0,0,0,0,0,0,0,0,0,0,0,0,0,0,0,0,0,0,0,0,0,0,0,0,0,0,0,26,51,50,76,65476,0,300,0,0,8,21553,0.0,-107605600.0,0.0,0.0,0.0,0.0,0.0,0.0,0.0,0.0,0.0,0.0,0.0,0.0,0.0,0.0,0.0,0.0,0.0,0.0,0.0,0.0,2.004,0.0,2.004,0.0,0.0,0.0,0.0,0.0,4718.0,-131350.297,7321.0,-107615400.0,-107615392.0,0.0,-0.0,0.0,0.0,0.0,0.0,77,-3.222029330555234e+26,0.0,0.0,0.0,0.0,0.0,0.0,0.0,0.0,0,0,0,0.0,0.0,0.0,0.0,0.0,0.0,0.0,0.0,0.0,0.0,0.0,0.0,0.0,0.0,0.0,0.0,0,-107875648.0,77,0.0,154,0.0,2.6533922776413385e+23,ERR,ERR,ERR,ERR,ERR,ERR,ERR,ERR,ERR,ERR,ERR,ERR,ERR,ERR,ERR,ERR,ERR,ERR,ERR,ERR,ERR,ERR,ERR,ERR,ERR,ERR,ERR,ERR,ERR,ERR,ERR,ERR,ERR,ERR,ERR,ERR,ERR,ERR,ERR,ERR,ERR,ERR,ERR,ERR,ERR,ERR,ERR,ERR,ERR,ERR,ERR,ERR,ERR,ERR,ERR,ERR,ERR,ERR,ERR,ERR,ERR,ERR,ERR,ERR,ERR,ERR,ERR,34.0,80.0,35,0.0,0.0,0.0,0.0,0.0,0.0,0.0,0.0,0.0,0.0,0.0,0.0,0.0,0.0,0.0,0.0,66.0,0,121,58,54,65476,0,300,0,0,8,20529,65476,0,0,57672,80.0,0.0,0.0,0.0,0.0,0.0
2026-06-18T02:06:27,ERR,ERR,ERR,ERR,ERR,ERR,ERR,ERR,ERR,ERR,ERR,ERR,ERR,ERR,ERR,ERR,ERR,ERR,ERR,ERR,ERR,ERR,ERR,ERR,ERR,ERR,ERR,ERR,ERR,ERR,ERR,ERR,ERR,ERR,ERR,ERR,ERR,ERR,ERR,ERR,ERR,ERR,ERR,ERR,ERR,ERR,ERR,ERR,ERR,ERR,ERR,ERR,ERR,ERR,ERR,ERR,ERR,ERR,ERR,ERR,ERR,ERR,ERR,ERR,ERR,ERR,ERR,ERR,ERR,ERR,ERR,ERR,ERR,ERR,ERR,ERR,ERR,ERR,ERR,ERR,ERR,ERR,ERR,ERR,ERR,ERR,ERR,ERR,ERR,ERR,ERR,ERR,ERR,ERR,ERR,ERR,ERR,ERR,ERR,ERR,ERR,ERR,ERR,ERR,ERR,ERR,ERR,ERR,ERR,ERR,ERR,ERR,ERR,ERR,ERR,ERR,ERR,ERR,ERR,ERR,ERR,ERR,ERR,ERR,ERR,-107615400.0,-107615392.0,0.0,-4.9501291711397626e+32,-2.012,1.3936040501711995e+18,7.805,8.558351388217734e+28,0,0,4,48867,6720,14723890282496.0,100,0.0,0.0,0.0,-0.0,0.0,0,0,0,0,0.0,0,0,0,0,0,0,0,0,0,0,0,0,0,0,0,0,0,0,0,0,0,0,0,0,0,0,0,0,0,0,0,0,0,26,51,50,76,65476,0,300,0,0,8,21553,0.0,-107605600.0,0.0,0.0,0.0,0.0,0.0,0.0,0.0,0.0,0.0,0.0,0.0,0.0,0.0,0.0,0.0,0.0,0.0,0.0,0.0,0.0,2.004,0.0,2.004,0.0,0.0,0.0,0.0,0.0,4718.0,-131350.297,7321.0,-107615400.0,-107615392.0,0.0,-0.0,0.0,0.0,0.0,0.0,77,-3.222029330555234e+26,0.0,0.0,0.0,0.0,0.0,0.0,0.0,0.0,0,0,0,0.0,0.0,0.0,0.0,0.0,0.0,0.0,0.0,0.0,0.0,0.0,0.0,0.0,0.0,0.0,0.0,0,-107875648.0,77,0.0,154,0.0,2.6533922776413385e+23,ERR,ERR,ERR,ERR,ERR,ERR,ERR,ERR,ERR,ERR,ERR,ERR,ERR,ERR,ERR,ERR,ERR,ERR,ERR,ERR,ERR,ERR,ERR,ERR,ERR,ERR,ERR,ERR,ERR,ERR,ERR,ERR,ERR,ERR,ERR,ERR,ERR,ERR,ERR,ERR,ERR,ERR,ERR,ERR,ERR,ERR,ERR,ERR,ERR,ERR,ERR,ERR,ERR,ERR,ERR,ERR,ERR,ERR,ERR,ERR,ERR,ERR,ERR,ERR,ERR,ERR,ERR,34.0,80.0,35,0.0,0.0,0.0,0.0,0.0,0.0,0.0,0.0,0.0,0.0,0.0,0.0,0.0,0.0,0.0,0.0,66.0,0,121,58,54,65476,0,300,0,0,8,20529,65476,0,0,57672,80.0,0.0,0.0,0.0,0.0,0.0
2026-06-18T02:06:28,ERR,ERR,ERR,ERR,ERR,ERR,ERR,ERR,ERR,ERR,ERR,ERR,ERR,ERR,ERR,ERR,ERR,ERR,ERR,ERR,ERR,ERR,ERR,ERR,ERR,ERR,ERR,ERR,ERR,ERR,ERR,ERR,ERR,ERR,ERR,ERR,ERR,ERR,ERR,ERR,ERR,ERR,ERR,ERR,ERR,ERR,ERR,ERR,ERR,ERR,ERR,ERR,ERR,ERR,ERR,ERR,ERR,ERR,ERR,ERR,ERR,ERR,ERR,ERR,ERR,ERR,ERR,ERR,ERR,ERR,ERR,ERR,ERR,ERR,ERR,ERR,ERR,ERR,ERR,ERR,ERR,ERR,ERR,ERR,ERR,ERR,ERR,ERR,ERR,ERR,ERR,ERR,ERR,ERR,ERR,ERR,ERR,ERR,ERR,ERR,ERR,ERR,ERR,ERR,ERR,ERR,ERR,ERR,ERR,ERR,ERR,ERR,ERR,ERR,ERR,ERR,ERR,ERR,ERR,ERR,ERR,ERR,ERR,ERR,ERR,-107615400.0,-107615392.0,0.0,-4.9501291711397626e+32,-2.012,1.3936040501711995e+18,7.805,8.558351388217734e+28,0,0,4,48867,6720,14723890282496.0,100,0.0,0.0,0.0,-0.0,0.0,0,0,0,0,0.0,0,0,0,0,0,0,0,0,0,0,0,0,0,0,0,0,0,0,0,0,0,0,0,0,0,0,0,0,0,0,0,0,0,26,51,50,76,65476,0,300,0,0,8,21553,0.0,-107605600.0,0.0,0.0,0.0,0.0,0.0,0.0,0.0,0.0,0.0,0.0,0.0,0.0,0.0,0.0,0.0,0.0,0.0,0.0,0.0,0.0,2.004,0.0,2.004,0.0,0.0,0.0,0.0,0.0,4718.0,-131350.297,7321.0,-107615400.0,-107615392.0,0.0,-0.0,0.0,0.0,0.0,0.0,77,-3.222029330555234e+26,0.0,0.0,0.0,0.0,0.0,0.0,0.0,0.0,0,0,0,0.0,0.0,0.0,0.0,0.0,0.0,0.0,0.0,0.0,0.0,0.0,0.0,0.0,0.0,0.0,0.0,0,-107875648.0,77,0.0,154,0.0,2.6533922776413385e+23,ERR,ERR,ERR,ERR,ERR,ERR,ERR,ERR,ERR,ERR,ERR,ERR,ERR,ERR,ERR,ERR,ERR,ERR,ERR,ERR,ERR,ERR,ERR,ERR,ERR,ERR,ERR,ERR,ERR,ERR,ERR,ERR,ERR,ERR,ERR,ERR,ERR,ERR,ERR,ERR,ERR,ERR,ERR,ERR,ERR,ERR,ERR,ERR,ERR,ERR,ERR,ERR,ERR,ERR,ERR,ERR,ERR,ERR,ERR,ERR,ERR,ERR,ERR,ERR,ERR,ERR,ERR,34.0,80.0,35,0.0,0.0,0.0,0.0,0.0,0.0,0.0,0.0,0.0,0.0,0.0,0.0,0.0,0.0,0.0,0.0,66.0,0,121,58,54,65476,0,300,0,0,8,20529,65476,0,0,57672,80.0,0.0,0.0,0.0,0.0,0.0
2026-06-18T02:06:29,ERR,ERR,ERR,ERR,ERR,ERR,ERR,ERR,ERR,ERR,ERR,ERR,ERR,ERR,ERR,ERR,ERR,ERR,ERR,ERR,ERR,ERR,ERR,ERR,ERR,ERR,ERR,ERR,ERR,ERR,ERR,ERR,ERR,ERR,ERR,ERR,ERR,ERR,ERR,ERR,ERR,ERR,ERR,ERR,ERR,ERR,ERR,ERR,ERR,ERR,ERR,ERR,ERR,ERR,ERR,ERR,ERR,ERR,ERR,ERR,ERR,ERR,ERR,ERR,ERR,ERR,ERR,ERR,ERR,ERR,ERR,ERR,ERR,ERR,ERR,ERR,ERR,ERR,ERR,ERR,ERR,ERR,ERR,ERR,ERR,ERR,ERR,ERR,ERR,ERR,ERR,ERR,ERR,ERR,ERR,ERR,ERR,ERR,ERR,ERR,ERR,ERR,ERR,ERR,ERR,ERR,ERR,ERR,ERR,ERR,ERR,ERR,ERR,ERR,ERR,ERR,ERR,ERR,ERR,ERR,ERR,ERR,ERR,ERR,ERR,-107615400.0,-107615392.0,0.0,-4.9501291711397626e+32,-2.012,1.3936040501711995e+18,7.805,8.558351388217734e+28,0,0,4,48867,6720,14723890282496.0,100,0.0,0.0,0.0,-0.0,0.0,0,0,0,0,0.0,0,0,0,0,0,0,0,0,0,0,0,0,0,0,0,0,0,0,0,0,0,0,0,0,0,0,0,0,0,0,0,0,0,26,51,50,76,65476,0,300,0,0,8,21553,0.0,-107605600.0,0.0,0.0,0.0,0.0,0.0,0.0,0.0,0.0,0.0,0.0,0.0,0.0,0.0,0.0,0.0,0.0,0.0,0.0,0.0,0.0,2.004,0.0,2.004,0.0,0.0,0.0,0.0,0.0,4718.0,-131350.297,7321.0,-107615400.0,-107615392.0,0.0,-0.0,0.0,0.0,0.0,0.0,77,-3.222029330555234e+26,0.0,0.0,0.0,0.0,0.0,0.0,0.0,0.0,0,0,0,0.0,0.0,0.0,0.0,0.0,0.0,0.0,0.0,0.0,0.0,0.0,0.0,0.0,0.0,0.0,0.0,0,-107875648.0,77,0.0,154,0.0,2.6533922776413385e+23,ERR,ERR,ERR,ERR,ERR,ERR,ERR,ERR,ERR,ERR,ERR,ERR,ERR,ERR,ERR,ERR,ERR,ERR,ERR,ERR,ERR,ERR,ERR,ERR,ERR,ERR,ERR,ERR,ERR,ERR,ERR,ERR,ERR,ERR,ERR,ERR,ERR,ERR,ERR,ERR,ERR,ERR,ERR,ERR,ERR,ERR,ERR,ERR,ERR,ERR,ERR,ERR,ERR,ERR,ERR,ERR,ERR,ERR,ERR,ERR,ERR,ERR,ERR,ERR,ERR,ERR,ERR,34.0,80.0,35,0.0,0.0,0.0,0.0,0.0,0.0,0.0,0.0,0.0,0.0,0.0,0.0,0.0,0.0,0.0,0.0,66.4,0,121,58,54,65476,0,300,0,0,8,20529,65476,0,0,57672,80.0,0.0,0.0,0.0,0.0,0.0
2026-06-18T02:06:30,ERR,ERR,ERR,ERR,ERR,ERR,ERR,ERR,ERR,ERR,ERR,ERR,ERR,ERR,ERR,ERR,ERR,ERR,ERR,ERR,ERR,ERR,ERR,ERR,ERR,ERR,ERR,ERR,ERR,ERR,ERR,ERR,ERR,ERR,ERR,ERR,ERR,ERR,ERR,ERR,ERR,ERR,ERR,ERR,ERR,ERR,ERR,ERR,ERR,ERR,ERR,ERR,ERR,ERR,ERR,ERR,ERR,ERR,ERR,ERR,ERR,ERR,ERR,ERR,ERR,ERR,ERR,ERR,ERR,ERR,ERR,ERR,ERR,ERR,ERR,ERR,ERR,ERR,ERR,ERR,ERR,ERR,ERR,ERR,ERR,ERR,ERR,ERR,ERR,ERR,ERR,ERR,ERR,ERR,ERR,ERR,ERR,ERR,ERR,ERR,ERR,ERR,ERR,ERR,ERR,ERR,ERR,ERR,ERR,ERR,ERR,ERR,ERR,ERR,ERR,ERR,ERR,ERR,ERR,ERR,ERR,ERR,ERR,ERR,ERR,-107615400.0,-107615392.0,0.0,-4.9501291711397626e+32,-2.012,1.3936040501711995e+18,7.805,8.558351388217734e+28,0,0,4,48904,6720,14723890282496.0,100,0.0,0.0,0.0,0.0,0.0,0,0,0,0,0.0,0,0,0,0,0,0,0,0,0,0,0,0,0,0,0,0,0,0,0,0,0,0,0,0,0,0,0,0,0,0,0,0,0,26,51,50,76,65476,0,300,0,0,8,21553,0.0,-107605600.0,0.0,0.0,0.0,0.0,0.0,0.0,0.0,0.0,0.0,0.0,0.0,0.0,0.0,0.0,0.0,0.0,0.0,0.0,0.0,0.0,0.0,0.0,2.004,0.0,0.0,0.0,0.0,0.0,4715.0,-0.0,7317.0,-107615400.0,-107615392.0,0.0,-0.0,0.0,0.0,0.0,0.0,77,-1.905698292272988e+17,0.0,0.0,0.0,0.0,0.0,0.0,0.0,0.0,0,0,0,0.0,0.0,0.0,0.0,0.0,0.0,0.0,0.0,0.0,0.0,0.0,0.0,0.0,0.0,0.0,0.0,0,-107875648.0,77,0.0,154,0.0,2.6533922776413385e+23,ERR,ERR,ERR,ERR,ERR,ERR,ERR,ERR,ERR,ERR,ERR,ERR,ERR,ERR,ERR,ERR,ERR,ERR,ERR,ERR,ERR,ERR,ERR,ERR,ERR,ERR,ERR,ERR,ERR,ERR,ERR,ERR,ERR,ERR,ERR,ERR,ERR,ERR,ERR,ERR,ERR,ERR,ERR,ERR,ERR,ERR,ERR,ERR,ERR,ERR,ERR,ERR,ERR,ERR,ERR,ERR,ERR,ERR,ERR,ERR,ERR,ERR,ERR,ERR,ERR,ERR,ERR,34.0,80.0,35,0.0,0.0,0.0,0.0,0.0,0.0,0.0,0.0,0.0,0.0,0.0,0.0,0.0,0.0,0.0,0.0,66.4,0,121,58,54,65476,0,300,0,0,8,20529,65476,0,0,57672,80.0,0.0,0.0,0.0,0.0,0.0
2026-06-18T02:06:31,ERR,ERR,ERR,ERR,ERR,ERR,ERR,ERR,ERR,ERR,ERR,ERR,ERR,ERR,ERR,ERR,ERR,ERR,ERR,ERR,ERR,ERR,ERR,ERR,ERR,ERR,ERR,ERR,ERR,ERR,ERR,ERR,ERR,ERR,ERR,ERR,ERR,ERR,ERR,ERR,ERR,ERR,ERR,ERR,ERR,ERR,ERR,ERR,ERR,ERR,ERR,ERR,ERR,ERR,ERR,ERR,ERR,ERR,ERR,ERR,ERR,ERR,ERR,ERR,ERR,ERR,ERR,ERR,ERR,ERR,ERR,ERR,ERR,ERR,ERR,ERR,ERR,ERR,ERR,ERR,ERR,ERR,ERR,ERR,ERR,ERR,ERR,ERR,ERR,ERR,ERR,ERR,ERR,ERR,ERR,ERR,ERR,ERR,ERR,ERR,ERR,ERR,ERR,ERR,ERR,ERR,ERR,ERR,ERR,ERR,ERR,ERR,ERR,ERR,ERR,ERR,ERR,ERR,ERR,ERR,ERR,ERR,ERR,ERR,ERR,-107615400.0,-107615392.0,0.0,-4.9501291711397626e+32,-2.012,1.3936040501711995e+18,7.805,8.558351388217734e+28,0,0,4,48904,6720,14723890282496.0,100,0.0,0.0,0.0,0.0,0.0,0,0,0,0,0.0,0,0,0,0,0,0,0,0,0,0,0,0,0,0,0,0,0,0,0,0,0,0,0,0,0,0,0,0,0,0,0,0,0,26,51,50,76,65476,0,300,0,0,8,21553,0.0,-107605600.0,0.0,0.0,0.0,0.0,0.0,0.0,0.0,0.0,0.0,0.0,0.0,0.0,0.0,0.0,0.0,0.0,0.0,0.0,0.0,0.0,0.0,0.0,2.004,0.0,0.0,0.0,0.0,0.0,4715.0,-0.0,7317.0,-107615400.0,-107615392.0,0.0,-0.0,0.0,0.0,0.0,0.0,77,-1.905698292272988e+17,0.0,0.0,0.0,0.0,0.0,0.0,0.0,0.0,0,0,0,0.0,0.0,0.0,0.0,0.0,0.0,0.0,0.0,0.0,0.0,0.0,0.0,0.0,0.0,0.0,0.0,0,-107875648.0,77,0.0,154,0.0,2.6533922776413385e+23,ERR,ERR,ERR,ERR,ERR,ERR,ERR,ERR,ERR,ERR,ERR,ERR,ERR,ERR,ERR,ERR,ERR,ERR,ERR,ERR,ERR,ERR,ERR,ERR,ERR,ERR,ERR,ERR,ERR,ERR,ERR,ERR,ERR,ERR,ERR,ERR,ERR,ERR,ERR,ERR,ERR,ERR,ERR,ERR,ERR,ERR,ERR,ERR,ERR,ERR,ERR,ERR,ERR,ERR,ERR,ERR,ERR,ERR,ERR,ERR,ERR,ERR,ERR,ERR,ERR,ERR,ERR,34.0,80.0,35,0.0,0.0,0.0,0.0,0.0,0.0,0.0,0.0,0.0,0.0,0.0,0.0,0.0,0.0,0.0,0.0,66.0,0,121,58,54,65476,0,300,0,0,8,20529,65476,0,0,57672,80.0,0.0,0.0,0.0,0.0,0.0
2026-06-18T02:06:32,ERR,ERR,ERR,ERR,ERR,ERR,ERR,ERR,ERR,ERR,ERR,ERR,ERR,ERR,ERR,ERR,ERR,ERR,ERR,ERR,ERR,ERR,ERR,ERR,ERR,ERR,ERR,ERR,ERR,ERR,ERR,ERR,ERR,ERR,ERR,ERR,ERR,ERR,ERR,ERR,ERR,ERR,ERR,ERR,ERR,ERR,ERR,ERR,ERR,ERR,ERR,ERR,ERR,ERR,ERR,ERR,ERR,ERR,ERR,ERR,ERR,ERR,ERR,ERR,ERR,ERR,ERR,ERR,ERR,ERR,ERR,ERR,ERR,ERR,ERR,ERR,ERR,ERR,ERR,ERR,ERR,ERR,ERR,ERR,ERR,ERR,ERR,ERR,ERR,ERR,ERR,ERR,ERR,ERR,ERR,ERR,ERR,ERR,ERR,ERR,ERR,ERR,ERR,ERR,ERR,ERR,ERR,ERR,ERR,ERR,ERR,ERR,ERR,ERR,ERR,ERR,ERR,ERR,ERR,ERR,ERR,ERR,ERR,ERR,ERR,-107615400.0,-107615392.0,0.0,-4.9501291711397626e+32,-2.012,1.3936040501711995e+18,7.805,8.558351388217734e+28,0,0,4,48904,6720,14723890282496.0,100,0.0,0.0,0.0,0.0,0.0,0,0,0,0,0.0,0,0,0,0,0,0,0,0,0,0,0,0,0,0,0,0,0,0,0,0,0,0,0,0,0,0,0,0,0,0,0,0,0,26,51,50,76,65476,0,300,0,0,8,21553,0.0,-107605600.0,0.0,0.0,0.0,0.0,0.0,0.0,0.0,0.0,0.0,0.0,0.0,0.0,0.0,0.0,0.0,0.0,0.0,0.0,0.0,0.0,0.0,0.0,2.004,0.0,0.0,0.0,0.0,0.0,4715.0,-0.0,7317.0,-107615400.0,-107615392.0,0.0,-0.0,0.0,0.0,0.0,0.0,77,-1.905698292272988e+17,0.0,0.0,0.0,0.0,0.0,0.0,0.0,0.0,0,0,0,0.0,0.0,0.0,0.0,0.0,0.0,0.0,0.0,0.0,0.0,0.0,0.0,0.0,0.0,0.0,0.0,0,-107875648.0,77,0.0,154,0.0,2.6533922776413385e+23,ERR,ERR,ERR,ERR,ERR,ERR,ERR,ERR,ERR,ERR,ERR,ERR,ERR,ERR,ERR,ERR,ERR,ERR,ERR,ERR,ERR,ERR,ERR,ERR,ERR,ERR,ERR,ERR,ERR,ERR,ERR,ERR,ERR,ERR,ERR,ERR,ERR,ERR,ERR,ERR,ERR,ERR,ERR,ERR,ERR,ERR,ERR,ERR,ERR,ERR,ERR,ERR,ERR,ERR,ERR,ERR,ERR,ERR,ERR,ERR,ERR,ERR,ERR,ERR,ERR,ERR,ERR,34.0,80.0,35,0.0,0.0,0.0,0.0,0.0,0.0,0.0,0.0,0.0,0.0,0.0,0.0,0.0,0.0,0.0,0.0,66.0,0,121,58,54,65476,0,300,0,0,8,20529,65476,0,0,57672,80.0,0.0,0.0,0.0,0.0,0.0
2026-06-18T02:06:33,ERR,ERR,ERR,ERR,ERR,ERR,ERR,ERR,ERR,ERR,ERR,ERR,ERR,ERR,ERR,ERR,ERR,ERR,ERR,ERR,ERR,ERR,ERR,ERR,ERR,ERR,ERR,ERR,ERR,ERR,ERR,ERR,ERR,ERR,ERR,ERR,ERR,ERR,ERR,ERR,ERR,ERR,ERR,ERR,ERR,ERR,ERR,ERR,ERR,ERR,ERR,ERR,ERR,ERR,ERR,ERR,ERR,ERR,ERR,ERR,ERR,ERR,ERR,ERR,ERR,ERR,ERR,ERR,ERR,ERR,ERR,ERR,ERR,ERR,ERR,ERR,ERR,ERR,ERR,ERR,ERR,ERR,ERR,ERR,ERR,ERR,ERR,ERR,ERR,ERR,ERR,ERR,ERR,ERR,ERR,ERR,ERR,ERR,ERR,ERR,ERR,ERR,ERR,ERR,ERR,ERR,ERR,ERR,ERR,ERR,ERR,ERR,ERR,ERR,ERR,ERR,ERR,ERR,ERR,ERR,ERR,ERR,ERR,ERR,ERR,-107615400.0,-107615392.0,0.0,-4.9501291711397626e+32,-2.012,1.3936040501711995e+18,7.805,8.558351388217734e+28,0,0,4,48904,6720,14723890282496.0,100,0.0,0.0,0.0,0.0,0.0,0,0,0,0,0.0,0,0,0,0,0,0,0,0,0,0,0,0,0,0,0,0,0,0,0,0,0,0,0,0,0,0,0,0,0,0,0,0,0,26,51,50,76,65476,0,300,0,0,8,21553,0.0,-107605600.0,0.0,0.0,0.0,0.0,0.0,0.0,0.0,0.0,0.0,0.0,0.0,0.0,0.0,0.0,0.0,0.0,0.0,0.0,0.0,0.0,0.0,0.0,2.004,0.0,0.0,0.0,0.0,0.0,4715.0,-0.0,7317.0,-107615400.0,-107615392.0,0.0,-0.0,0.0,0.0,0.0,0.0,77,-1.905698292272988e+17,0.0,0.0,0.0,0.0,0.0,0.0,0.0,0.0,0,0,0,0.0,0.0,0.0,0.0,0.0,0.0,0.0,0.0,0.0,0.0,0.0,0.0,0.0,0.0,0.0,0.0,0,-107875648.0,77,0.0,154,0.0,2.6533922776413385e+23,ERR,ERR,ERR,ERR,ERR,ERR,ERR,ERR,ERR,ERR,ERR,ERR,ERR,ERR,ERR,ERR,ERR,ERR,ERR,ERR,ERR,ERR,ERR,ERR,ERR,ERR,ERR,ERR,ERR,ERR,ERR,ERR,ERR,ERR,ERR,ERR,ERR,ERR,ERR,ERR,ERR,ERR,ERR,ERR,ERR,ERR,ERR,ERR,ERR,ERR,ERR,ERR,ERR,ERR,ERR,ERR,ERR,ERR,ERR,ERR,ERR,ERR,ERR,ERR,ERR,ERR,ERR,34.0,80.0,35,0.0,0.0,0.0,0.0,0.0,0.0,0.0,0.0,0.0,0.0,0.0,0.0,0.0,0.0,0.0,0.0,66.0,0,121,58,54,65476,0,300,0,0,8,20529,65476,0,0,57672,80.0,0.0,0.0,0.0,0.0,0.0
2026-06-18T02:06:34,ERR,ERR,ERR,ERR,ERR,ERR,ERR,ERR,ERR,ERR,ERR,ERR,ERR,ERR,ERR,ERR,ERR,ERR,ERR,ERR,ERR,ERR,ERR,ERR,ERR,ERR,ERR,ERR,ERR,ERR,ERR,ERR,ERR,ERR,ERR,ERR,ERR,ERR,ERR,ERR,ERR,ERR,ERR,ERR,ERR,ERR,ERR,ERR,ERR,ERR,ERR,ERR,ERR,ERR,ERR,ERR,ERR,ERR,ERR,ERR,ERR,ERR,ERR,ERR,ERR,ERR,ERR,ERR,ERR,ERR,ERR,ERR,ERR,ERR,ERR,ERR,ERR,ERR,ERR,ERR,ERR,ERR,ERR,ERR,ERR,ERR,ERR,ERR,ERR,ERR,ERR,ERR,ERR,ERR,ERR,ERR,ERR,ERR,ERR,ERR,ERR,ERR,ERR,ERR,ERR,ERR,ERR,ERR,ERR,ERR,ERR,ERR,ERR,ERR,ERR,ERR,ERR,ERR,ERR,ERR,ERR,ERR,ERR,ERR,ERR,-107615400.0,-107615392.0,0.0,-4.9501291711397626e+32,-2.012,1.3936040501711995e+18,7.805,8.558351388217734e+28,0,0,4,48904,6720,14723890282496.0,100,0.0,0.0,0.0,0.0,0.0,0,0,0,0,0.0,0,0,0,0,0,0,0,0,0,0,0,0,0,0,0,0,0,0,0,0,0,0,0,0,0,0,0,0,0,0,0,0,0,26,51,50,76,65476,0,300,0,0,8,21553,0.0,-107605600.0,0.0,0.0,0.0,0.0,0.0,0.0,0.0,0.0,0.0,0.0,0.0,0.0,0.0,0.0,0.0,0.0,0.0,0.0,0.0,0.0,0.0,0.0,2.004,0.0,0.0,0.0,0.0,0.0,4715.0,-0.0,7317.0,-107615400.0,-107615392.0,0.0,-0.0,0.0,0.0,0.0,0.0,77,-1.905698292272988e+17,0.0,0.0,0.0,0.0,0.0,0.0,0.0,0.0,0,0,0,0.0,0.0,0.0,0.0,0.0,0.0,0.0,0.0,0.0,0.0,0.0,0.0,0.0,0.0,0.0,0.0,0,-107875648.0,77,0.0,154,0.0,2.6533922776413385e+23,ERR,ERR,ERR,ERR,ERR,ERR,ERR,ERR,ERR,ERR,ERR,ERR,ERR,ERR,ERR,ERR,ERR,ERR,ERR,ERR,ERR,ERR,ERR,ERR,ERR,ERR,ERR,ERR,ERR,ERR,ERR,ERR,ERR,ERR,ERR,ERR,ERR,ERR,ERR,ERR,ERR,ERR,ERR,ERR,ERR,ERR,ERR,ERR,ERR,ERR,ERR,ERR,ERR,ERR,ERR,ERR,ERR,ERR,ERR,ERR,ERR,ERR,ERR,ERR,ERR,ERR,ERR,34.0,80.0,35,0.0,0.0,0.0,0.0,0.0,0.0,0.0,0.0,0.0,0.0,0.0,0.0,0.0,0.0,0.0,0.0,66.0,0,121,58,54,65476,0,300,0,0,8,20529,65476,0,0,57672,80.0,0.0,0.0,0.0,0.0,0.0
2026-06-18T02:06:35,ERR,ERR,ERR,ERR,ERR,ERR,ERR,ERR,ERR,ERR,ERR,ERR,ERR,ERR,ERR,ERR,ERR,ERR,ERR,ERR,ERR,ERR,ERR,ERR,ERR,ERR,ERR,ERR,ERR,ERR,ERR,ERR,ERR,ERR,ERR,ERR,ERR,ERR,ERR,ERR,ERR,ERR,ERR,ERR,ERR,ERR,ERR,ERR,ERR,ERR,ERR,ERR,ERR,ERR,ERR,ERR,ERR,ERR,ERR,ERR,ERR,ERR,ERR,ERR,ERR,ERR,ERR,ERR,ERR,ERR,ERR,ERR,ERR,ERR,ERR,ERR,ERR,ERR,ERR,ERR,ERR,ERR,ERR,ERR,ERR,ERR,ERR,ERR,ERR,ERR,ERR,ERR,ERR,ERR,ERR,ERR,ERR,ERR,ERR,ERR,ERR,ERR,ERR,ERR,ERR,ERR,ERR,ERR,ERR,ERR,ERR,ERR,ERR,ERR,ERR,ERR,ERR,ERR,ERR,ERR,ERR,ERR,ERR,ERR,ERR,-107615400.0,-107615392.0,0.0,2.718290229135658e+23,2.012,1.3936040501711995e+18,7.805,-4.0828997592390904e+35,0,0,4,48907,6720,14723890282496.0,100,0.0,0.0,0.0,2.718290229135658e+23,0.0,0,0,0,0,0.0,0,0,0,0,0,0,0,0,0,0,0,0,0,0,0,0,0,0,0,0,0,0,0,0,0,0,0,0,0,0,0,0,0,26,51,50,76,65476,0,300,0,0,8,21553,0.0,-107605600.0,0.0,0.0,0.0,0.0,0.0,0.0,0.0,0.0,0.0,0.0,0.0,0.0,0.0,0.0,0.0,0.0,0.0,0.0,0.0,0.0,2.004,0.0,2.004,0.0,0.0,0.0,0.0,0.0,4717.0,-0.0,7316.0,-107615400.0,-107615392.0,0.0,-0.0,0.0,0.0,0.0,0.0,77,-2.7184303811560617e+23,-152017079107584.0,0.0,0.0,0.0,0.0,0.0,0.0,0.0,0,0,0,0.0,0.0,0.0,0.0,0.0,0.0,0.0,0.0,0.0,0.0,0.0,0.0,0.0,0.0,0.0,0.0,0,-107875648.0,77,0.0,154,0.0,2.6533922776413385e+23,ERR,ERR,ERR,ERR,ERR,ERR,ERR,ERR,ERR,ERR,ERR,ERR,ERR,ERR,ERR,ERR,ERR,ERR,ERR,ERR,ERR,ERR,ERR,ERR,ERR,ERR,ERR,ERR,ERR,ERR,ERR,ERR,ERR,ERR,ERR,ERR,ERR,ERR,ERR,ERR,ERR,ERR,ERR,ERR,ERR,ERR,ERR,ERR,ERR,ERR,ERR,ERR,ERR,ERR,ERR,ERR,ERR,ERR,ERR,ERR,ERR,ERR,ERR,ERR,ERR,ERR,ERR,34.0,80.0,35,0.0,0.0,0.0,0.0,0.0,0.0,0.0,0.0,0.0,0.0,0.0,0.0,0.0,0.0,0.0,0.0,66.4,0,121,58,54,65476,0,300,0,0,8,20529,65476,0,0,57672,80.0,0.0,0.0,0.0,0.0,0.0
2026-06-18T02:06:36,ERR,ERR,ERR,ERR,ERR,ERR,ERR,ERR,ERR,ERR,ERR,ERR,ERR,ERR,ERR,ERR,ERR,ERR,ERR,ERR,ERR,ERR,ERR,ERR,ERR,ERR,ERR,ERR,ERR,ERR,ERR,ERR,ERR,ERR,ERR,ERR,ERR,ERR,ERR,ERR,ERR,ERR,ERR,ERR,ERR,ERR,ERR,ERR,ERR,ERR,ERR,ERR,ERR,ERR,ERR,ERR,ERR,ERR,ERR,ERR,ERR,ERR,ERR,ERR,ERR,ERR,ERR,ERR,ERR,ERR,ERR,ERR,ERR,ERR,ERR,ERR,ERR,ERR,ERR,ERR,ERR,ERR,ERR,ERR,ERR,ERR,ERR,ERR,ERR,ERR,ERR,ERR,ERR,ERR,ERR,ERR,ERR,ERR,ERR,ERR,ERR,ERR,ERR,ERR,ERR,ERR,ERR,ERR,ERR,ERR,ERR,ERR,ERR,ERR,ERR,ERR,ERR,ERR,ERR,ERR,ERR,ERR,ERR,ERR,ERR,-107615400.0,-107615392.0,0.0,2.718290229135658e+23,2.012,1.3936040501711995e+18,7.805,-4.0828997592390904e+35,0,0,4,48907,6720,14723890282496.0,100,0.0,0.0,0.0,2.718290229135658e+23,0.0,0,0,0,0,0.0,0,0,0,0,0,0,0,0,0,0,0,0,0,0,0,0,0,0,0,0,0,0,0,0,0,0,0,0,0,0,0,0,0,26,51,50,76,65476,0,300,0,0,8,21553,0.0,-107605600.0,0.0,0.0,0.0,0.0,0.0,0.0,0.0,0.0,0.0,0.0,0.0,0.0,0.0,0.0,0.0,0.0,0.0,0.0,0.0,0.0,2.004,0.0,2.004,0.0,0.0,0.0,0.0,0.0,4717.0,-0.0,7316.0,-107615400.0,-107615392.0,0.0,-0.0,0.0,0.0,0.0,0.0,77,-2.7184303811560617e+23,-152017079107584.0,0.0,0.0,0.0,0.0,0.0,0.0,0.0,0,0,0,0.0,0.0,0.0,0.0,0.0,0.0,0.0,0.0,0.0,0.0,0.0,0.0,0.0,0.0,0.0,0.0,0,-107875648.0,77,0.0,154,0.0,2.6533922776413385e+23,ERR,ERR,ERR,ERR,ERR,ERR,ERR,ERR,ERR,ERR,ERR,ERR,ERR,ERR,ERR,ERR,ERR,ERR,ERR,ERR,ERR,ERR,ERR,ERR,ERR,ERR,ERR,ERR,ERR,ERR,ERR,ERR,ERR,ERR,ERR,ERR,ERR,ERR,ERR,ERR,ERR,ERR,ERR,ERR,ERR,ERR,ERR,ERR,ERR,ERR,ERR,ERR,ERR,ERR,ERR,ERR,ERR,ERR,ERR,ERR,ERR,ERR,ERR,ERR,ERR,ERR,ERR,34.0,80.0,35,0.0,0.0,0.0,0.0,0.0,0.0,0.0,0.0,0.0,0.0,0.0,0.0,0.0,0.0,0.0,0.0,66.4,0,121,58,54,65476,0,300,0,0,8,20529,65476,0,0,57672,80.0,0.0,0.0,0.0,0.0,0.0
2026-06-18T02:06:37,ERR,ERR,ERR,ERR,ERR,ERR,ERR,ERR,ERR,ERR,ERR,ERR,ERR,ERR,ERR,ERR,ERR,ERR,ERR,ERR,ERR,ERR,ERR,ERR,ERR,ERR,ERR,ERR,ERR,ERR,ERR,ERR,ERR,ERR,ERR,ERR,ERR,ERR,ERR,ERR,ERR,ERR,ERR,ERR,ERR,ERR,ERR,ERR,ERR,ERR,ERR,ERR,ERR,ERR,ERR,ERR,ERR,ERR,ERR,ERR,ERR,ERR,ERR,ERR,ERR,ERR,ERR,ERR,ERR,ERR,ERR,ERR,ERR,ERR,ERR,ERR,ERR,ERR,ERR,ERR,ERR,ERR,ERR,ERR,ERR,ERR,ERR,ERR,ERR,ERR,ERR,ERR,ERR,ERR,ERR,ERR,ERR,ERR,ERR,ERR,ERR,ERR,ERR,ERR,ERR,ERR,ERR,ERR,ERR,ERR,ERR,ERR,ERR,ERR,ERR,ERR,ERR,ERR,ERR,ERR,ERR,ERR,ERR,ERR,ERR,-107615400.0,-107615392.0,0.0,2.718290229135658e+23,2.012,1.3936040501711995e+18,7.805,-4.0828997592390904e+35,0,0,4,48907,6720,14723890282496.0,100,0.0,0.0,0.0,2.718290229135658e+23,0.0,0,0,0,0,0.0,0,0,0,0,0,0,0,0,0,0,0,0,0,0,0,0,0,0,0,0,0,0,0,0,0,0,0,0,0,0,0,0,0,26,51,50,76,65476,0,300,0,0,8,21553,0.0,-107605600.0,0.0,0.0,0.0,0.0,0.0,0.0,0.0,0.0,0.0,0.0,0.0,0.0,0.0,0.0,0.0,0.0,0.0,0.0,0.0,0.0,2.004,0.0,2.004,0.0,0.0,0.0,0.0,0.0,4717.0,-0.0,7316.0,-107615400.0,-107615392.0,0.0,-0.0,0.0,0.0,0.0,0.0,77,-2.7184303811560617e+23,-152017079107584.0,0.0,0.0,0.0,0.0,0.0,0.0,0.0,0,0,0,0.0,0.0,0.0,0.0,0.0,0.0,0.0,0.0,0.0,0.0,0.0,0.0,0.0,0.0,0.0,0.0,0,-107875648.0,77,0.0,154,0.0,2.6533922776413385e+23,ERR,ERR,ERR,ERR,ERR,ERR,ERR,ERR,ERR,ERR,ERR,ERR,ERR,ERR,ERR,ERR,ERR,ERR,ERR,ERR,ERR,ERR,ERR,ERR,ERR,ERR,ERR,ERR,ERR,ERR,ERR,ERR,ERR,ERR,ERR,ERR,ERR,ERR,ERR,ERR,ERR,ERR,ERR,ERR,ERR,ERR,ERR,ERR,ERR,ERR,ERR,ERR,ERR,ERR,ERR,ERR,ERR,ERR,ERR,ERR,ERR,ERR,ERR,ERR,ERR,ERR,ERR,34.0,80.0,35,0.0,0.0,0.0,0.0,0.0,0.0,0.0,0.0,0.0,0.0,0.0,0.0,0.0,0.0,0.0,0.0,66.0,0,121,58,54,65476,0,300,0,0,8,20529,65476,0,0,57672,80.0,0.0,0.0,0.0,0.0,0.0
2026-06-18T02:06:38,ERR,ERR,ERR,ERR,ERR,ERR,ERR,ERR,ERR,ERR,ERR,ERR,ERR,ERR,ERR,ERR,ERR,ERR,ERR,ERR,ERR,ERR,ERR,ERR,ERR,ERR,ERR,ERR,ERR,ERR,ERR,ERR,ERR,ERR,ERR,ERR,ERR,ERR,ERR,ERR,ERR,ERR,ERR,ERR,ERR,ERR,ERR,ERR,ERR,ERR,ERR,ERR,ERR,ERR,ERR,ERR,ERR,ERR,ERR,ERR,ERR,ERR,ERR,ERR,ERR,ERR,ERR,ERR,ERR,ERR,ERR,ERR,ERR,ERR,ERR,ERR,ERR,ERR,ERR,ERR,ERR,ERR,ERR,ERR,ERR,ERR,ERR,ERR,ERR,ERR,ERR,ERR,ERR,ERR,ERR,ERR,ERR,ERR,ERR,ERR,ERR,ERR,ERR,ERR,ERR,ERR,ERR,ERR,ERR,ERR,ERR,ERR,ERR,ERR,ERR,ERR,ERR,ERR,ERR,ERR,ERR,ERR,ERR,ERR,ERR,-107615400.0,-107615392.0,0.0,2.718290229135658e+23,2.012,1.3936040501711995e+18,7.805,-4.0828997592390904e+35,0,0,4,48907,6720,14723890282496.0,100,0.0,0.0,0.0,2.718290229135658e+23,0.0,0,0,0,0,0.0,0,0,0,0,0,0,0,0,0,0,0,0,0,0,0,0,0,0,0,0,0,0,0,0,0,0,0,0,0,0,0,0,0,26,51,50,76,65476,0,300,0,0,8,21553,0.0,-107605600.0,0.0,0.0,0.0,0.0,0.0,0.0,0.0,0.0,0.0,0.0,0.0,0.0,0.0,0.0,0.0,0.0,0.0,0.0,0.0,0.0,2.004,0.0,2.004,0.0,0.0,0.0,0.0,0.0,4717.0,-0.0,7316.0,-107615400.0,-107615392.0,0.0,-0.0,0.0,0.0,0.0,0.0,77,-2.7184303811560617e+23,-152017079107584.0,0.0,0.0,0.0,0.0,0.0,0.0,0.0,0,0,0,0.0,0.0,0.0,0.0,0.0,0.0,0.0,0.0,0.0,0.0,0.0,0.0,0.0,0.0,0.0,0.0,0,-107875648.0,77,0.0,154,0.0,2.6533922776413385e+23,ERR,ERR,ERR,ERR,ERR,ERR,ERR,ERR,ERR,ERR,ERR,ERR,ERR,ERR,ERR,ERR,ERR,ERR,ERR,ERR,ERR,ERR,ERR,ERR,ERR,ERR,ERR,ERR,ERR,ERR,ERR,ERR,ERR,ERR,ERR,ERR,ERR,ERR,ERR,ERR,ERR,ERR,ERR,ERR,ERR,ERR,ERR,ERR,ERR,ERR,ERR,ERR,ERR,ERR,ERR,ERR,ERR,ERR,ERR,ERR,ERR,ERR,ERR,ERR,ERR,ERR,ERR,34.0,80.0,35,0.0,0.0,0.0,0.0,0.0,0.0,0.0,0.0,0.0,0.0,0.0,0.0,0.0,0.0,0.0,0.0,66.0,0,121,58,54,65476,0,300,0,0,8,20529,65476,0,0,57672,80.0,0.0,0.0,0.0,0.0,0.0
2026-06-18T02:06:39,ERR,ERR,ERR,ERR,ERR,ERR,ERR,ERR,ERR,ERR,ERR,ERR,ERR,ERR,ERR,ERR,ERR,ERR,ERR,ERR,ERR,ERR,ERR,ERR,ERR,ERR,ERR,ERR,ERR,ERR,ERR,ERR,ERR,ERR,ERR,ERR,ERR,ERR,ERR,ERR,ERR,ERR,ERR,ERR,ERR,ERR,ERR,ERR,ERR,ERR,ERR,ERR,ERR,ERR,ERR,ERR,ERR,ERR,ERR,ERR,ERR,ERR,ERR,ERR,ERR,ERR,ERR,ERR,ERR,ERR,ERR,ERR,ERR,ERR,ERR,ERR,ERR,ERR,ERR,ERR,ERR,ERR,ERR,ERR,ERR,ERR,ERR,ERR,ERR,ERR,ERR,ERR,ERR,ERR,ERR,ERR,ERR,ERR,ERR,ERR,ERR,ERR,ERR,ERR,ERR,ERR,ERR,ERR,ERR,ERR,ERR,ERR,ERR,ERR,ERR,ERR,ERR,ERR,ERR,ERR,ERR,ERR,ERR,ERR,ERR,-107615400.0,-107615392.0,0.0,2.718290229135658e+23,2.012,1.3936040501711995e+18,7.805,-4.0828997592390904e+35,0,0,4,48907,6720,14723890282496.0,100,0.0,0.0,0.0,2.718290229135658e+23,0.0,0,0,0,0,0.0,0,0,0,0,0,0,0,0,0,0,0,0,0,0,0,0,0,0,0,0,0,0,0,0,0,0,0,0,0,0,0,0,0,26,51,50,76,65476,0,300,0,0,8,21553,0.0,-107605600.0,0.0,0.0,0.0,0.0,0.0,0.0,0.0,0.0,0.0,0.0,0.0,0.0,0.0,0.0,0.0,0.0,0.0,0.0,0.0,0.0,2.004,0.0,2.004,0.0,0.0,0.0,0.0,0.0,4717.0,-0.0,7316.0,-107615400.0,-107615392.0,0.0,-0.0,0.0,0.0,0.0,0.0,77,-2.7184303811560617e+23,-152017079107584.0,0.0,0.0,0.0,0.0,0.0,0.0,0.0,0,0,0,0.0,0.0,0.0,0.0,0.0,0.0,0.0,0.0,0.0,0.0,0.0,0.0,0.0,0.0,0.0,0.0,0,-107875648.0,77,0.0,154,0.0,2.6533922776413385e+23,ERR,ERR,ERR,ERR,ERR,ERR,ERR,ERR,ERR,ERR,ERR,ERR,ERR,ERR,ERR,ERR,ERR,ERR,ERR,ERR,ERR,ERR,ERR,ERR,ERR,ERR,ERR,ERR,ERR,ERR,ERR,ERR,ERR,ERR,ERR,ERR,ERR,ERR,ERR,ERR,ERR,ERR,ERR,ERR,ERR,ERR,ERR,ERR,ERR,ERR,ERR,ERR,ERR,ERR,ERR,ERR,ERR,ERR,ERR,ERR,ERR,ERR,ERR,ERR,ERR,ERR,ERR,34.0,80.0,35,0.0,0.0,0.0,0.0,0.0,0.0,0.0,0.0,0.0,0.0,0.0,0.0,0.0,0.0,0.0,0.0,66.0,0,121,58,54,65476,0,300,0,0,8,20529,65476,0,0,57672,80.0,0.0,0.0,0.0,0.0,0.0
2026-06-18T02:06:40,ERR,ERR,ERR,ERR,ERR,ERR,ERR,ERR,ERR,ERR,ERR,ERR,ERR,ERR,ERR,ERR,ERR,ERR,ERR,ERR,ERR,ERR,ERR,ERR,ERR,ERR,ERR,ERR,ERR,ERR,ERR,ERR,ERR,ERR,ERR,ERR,ERR,ERR,ERR,ERR,ERR,ERR,ERR,ERR,ERR,ERR,ERR,ERR,ERR,ERR,ERR,ERR,ERR,ERR,ERR,ERR,ERR,ERR,ERR,ERR,ERR,ERR,ERR,ERR,ERR,ERR,ERR,ERR,ERR,ERR,ERR,ERR,ERR,ERR,ERR,ERR,ERR,ERR,ERR,ERR,ERR,ERR,ERR,ERR,ERR,ERR,ERR,ERR,ERR,ERR,ERR,ERR,ERR,ERR,ERR,ERR,ERR,ERR,ERR,ERR,ERR,ERR,ERR,ERR,ERR,ERR,ERR,ERR,ERR,ERR,ERR,ERR,ERR,ERR,ERR,ERR,ERR,ERR,ERR,ERR,ERR,ERR,ERR,ERR,ERR,-107615400.0,-107615392.0,0.0,-4.9501291711397626e+32,-2.012,1.3936040501711995e+18,7.805,8.558351388217734e+28,0,0,4,48907,6720,14723890282496.0,100,0.0,0.0,0.0,0.0,0.0,0,0,0,0,0.0,0,0,0,0,0,0,0,0,0,0,0,0,0,0,0,0,0,0,0,0,0,0,0,0,0,0,0,0,0,0,0,0,0,26,51,50,76,65476,0,300,0,0,8,21553,0.0,-107605600.0,0.0,0.0,0.0,0.0,0.0,0.0,0.0,0.0,0.0,0.0,0.0,0.0,0.0,0.0,0.0,0.0,0.0,0.0,0.0,0.0,2.004,0.0,2.004,0.0,0.0,0.0,0.0,0.0,4718.0,-0.0,7319.0,-107615400.0,-107615392.0,0.0,-0.0,0.0,0.0,0.0,0.0,77,-3.222029330555234e+26,0.0,0.0,0.0,0.0,0.0,0.0,0.0,0.0,0,0,0,0.0,0.0,0.0,0.0,0.0,0.0,0.0,0.0,0.0,0.0,0.0,0.0,0.0,0.0,0.0,0.0,0,-107875648.0,77,0.0,154,0.0,0.0,ERR,ERR,ERR,ERR,ERR,ERR,ERR,ERR,ERR,ERR,ERR,ERR,ERR,ERR,ERR,ERR,ERR,ERR,ERR,ERR,ERR,ERR,ERR,ERR,ERR,ERR,ERR,ERR,ERR,ERR,ERR,ERR,ERR,ERR,ERR,ERR,ERR,ERR,ERR,ERR,ERR,ERR,ERR,ERR,ERR,ERR,ERR,ERR,ERR,ERR,ERR,ERR,ERR,ERR,ERR,ERR,ERR,ERR,ERR,ERR,ERR,ERR,ERR,ERR,ERR,ERR,ERR,34.0,80.0,35,0.0,0.0,0.0,0.0,0.0,0.0,0.0,0.0,0.0,0.0,0.0,0.0,0.0,0.0,0.0,0.0,66.0,0,121,58,54,65476,0,300,0,0,8,20529,65476,0,0,57672,80.0,0.0,0.0,0.0,0.0,0.0
2026-06-18T02:06:41,ERR,ERR,ERR,ERR,ERR,ERR,ERR,ERR,ERR,ERR,ERR,ERR,ERR,ERR,ERR,ERR,ERR,ERR,ERR,ERR,ERR,ERR,ERR,ERR,ERR,ERR,ERR,ERR,ERR,ERR,ERR,ERR,ERR,ERR,ERR,ERR,ERR,ERR,ERR,ERR,ERR,ERR,ERR,ERR,ERR,ERR,ERR,ERR,ERR,ERR,ERR,ERR,ERR,ERR,ERR,ERR,ERR,ERR,ERR,ERR,ERR,ERR,ERR,ERR,ERR,ERR,ERR,ERR,ERR,ERR,ERR,ERR,ERR,ERR,ERR,ERR,ERR,ERR,ERR,ERR,ERR,ERR,ERR,ERR,ERR,ERR,ERR,ERR,ERR,ERR,ERR,ERR,ERR,ERR,ERR,ERR,ERR,ERR,ERR,ERR,ERR,ERR,ERR,ERR,ERR,ERR,ERR,ERR,ERR,ERR,ERR,ERR,ERR,ERR,ERR,ERR,ERR,ERR,ERR,ERR,ERR,ERR,ERR,ERR,ERR,-107615400.0,-107615392.0,0.0,-4.9501291711397626e+32,-2.012,1.3936040501711995e+18,7.805,8.558351388217734e+28,0,0,4,48907,6720,14723890282496.0,100,0.0,0.0,0.0,0.0,0.0,0,0,0,0,0.0,0,0,0,0,0,0,0,0,0,0,0,0,0,0,0,0,0,0,0,0,0,0,0,0,0,0,0,0,0,0,0,0,0,26,51,50,76,65476,0,300,0,0,8,21553,0.0,-107605600.0,0.0,0.0,0.0,0.0,0.0,0.0,0.0,0.0,0.0,0.0,0.0,0.0,0.0,0.0,0.0,0.0,0.0,0.0,0.0,0.0,2.004,0.0,2.004,0.0,0.0,0.0,0.0,0.0,4718.0,-0.0,7319.0,-107615400.0,-107615392.0,0.0,-0.0,0.0,0.0,0.0,0.0,77,-3.222029330555234e+26,0.0,0.0,0.0,0.0,0.0,0.0,0.0,0.0,0,0,0,0.0,0.0,0.0,0.0,0.0,0.0,0.0,0.0,0.0,0.0,0.0,0.0,0.0,0.0,0.0,0.0,0,-107875648.0,77,0.0,154,0.0,0.0,ERR,ERR,ERR,ERR,ERR,ERR,ERR,ERR,ERR,ERR,ERR,ERR,ERR,ERR,ERR,ERR,ERR,ERR,ERR,ERR,ERR,ERR,ERR,ERR,ERR,ERR,ERR,ERR,ERR,ERR,ERR,ERR,ERR,ERR,ERR,ERR,ERR,ERR,ERR,ERR,ERR,ERR,ERR,ERR,ERR,ERR,ERR,ERR,ERR,ERR,ERR,ERR,ERR,ERR,ERR,ERR,ERR,ERR,ERR,ERR,ERR,ERR,ERR,ERR,ERR,ERR,ERR,34.0,80.0,35,0.0,0.0,0.0,0.0,0.0,0.0,0.0,0.0,0.0,0.0,0.0,0.0,0.0,0.0,0.0,0.0,66.0,0,121,58,54,65476,0,300,0,0,8,20529,65476,0,0,57672,80.0,0.0,0.0,0.0,0.0,0.0
2026-06-18T02:06:42,ERR,ERR,ERR,ERR,ERR,ERR,ERR,ERR,ERR,ERR,ERR,ERR,ERR,ERR,ERR,ERR,ERR,ERR,ERR,ERR,ERR,ERR,ERR,ERR,ERR,ERR,ERR,ERR,ERR,ERR,ERR,ERR,ERR,ERR,ERR,ERR,ERR,ERR,ERR,ERR,ERR,ERR,ERR,ERR,ERR,ERR,ERR,ERR,ERR,ERR,ERR,ERR,ERR,ERR,ERR,ERR,ERR,ERR,ERR,ERR,ERR,ERR,ERR,ERR,ERR,ERR,ERR,ERR,ERR,ERR,ERR,ERR,ERR,ERR,ERR,ERR,ERR,ERR,ERR,ERR,ERR,ERR,ERR,ERR,ERR,ERR,ERR,ERR,ERR,ERR,ERR,ERR,ERR,ERR,ERR,ERR,ERR,ERR,ERR,ERR,ERR,ERR,ERR,ERR,ERR,ERR,ERR,ERR,ERR,ERR,ERR,ERR,ERR,ERR,ERR,ERR,ERR,ERR,ERR,ERR,ERR,ERR,ERR,ERR,ERR,-107615400.0,-107615392.0,0.0,-4.9501291711397626e+32,-2.012,1.3936040501711995e+18,7.805,8.558351388217734e+28,0,0,4,48907,6720,14723890282496.0,100,0.0,0.0,0.0,0.0,0.0,0,0,0,0,0.0,0,0,0,0,0,0,0,0,0,0,0,0,0,0,0,0,0,0,0,0,0,0,0,0,0,0,0,0,0,0,0,0,0,26,51,50,76,65476,0,300,0,0,8,21553,0.0,-107605600.0,0.0,0.0,0.0,0.0,0.0,0.0,0.0,0.0,0.0,0.0,0.0,0.0,0.0,0.0,0.0,0.0,0.0,0.0,0.0,0.0,2.004,0.0,2.004,0.0,0.0,0.0,0.0,0.0,4718.0,-0.0,7319.0,-107615400.0,-107615392.0,0.0,-0.0,0.0,0.0,0.0,0.0,77,-3.222029330555234e+26,0.0,0.0,0.0,0.0,0.0,0.0,0.0,0.0,0,0,0,0.0,0.0,0.0,0.0,0.0,0.0,0.0,0.0,0.0,0.0,0.0,0.0,0.0,0.0,0.0,0.0,0,-107875648.0,77,0.0,154,0.0,0.0,ERR,ERR,ERR,ERR,ERR,ERR,ERR,ERR,ERR,ERR,ERR,ERR,ERR,ERR,ERR,ERR,ERR,ERR,ERR,ERR,ERR,ERR,ERR,ERR,ERR,ERR,ERR,ERR,ERR,ERR,ERR,ERR,ERR,ERR,ERR,ERR,ERR,ERR,ERR,ERR,ERR,ERR,ERR,ERR,ERR,ERR,ERR,ERR,ERR,ERR,ERR,ERR,ERR,ERR,ERR,ERR,ERR,ERR,ERR,ERR,ERR,ERR,ERR,ERR,ERR,ERR,ERR,34.0,80.0,35,0.0,0.0,0.0,0.0,0.0,0.0,0.0,0.0,0.0,0.0,0.0,0.0,0.0,0.0,0.0,0.0,66.4,0,121,58,54,65476,0,300,0,0,8,20529,65476,0,0,57672,80.0,0.0,0.0,0.0,0.0,0.0
2026-06-18T02:06:43,ERR,ERR,ERR,ERR,ERR,ERR,ERR,ERR,ERR,ERR,ERR,ERR,ERR,ERR,ERR,ERR,ERR,ERR,ERR,ERR,ERR,ERR,ERR,ERR,ERR,ERR,ERR,ERR,ERR,ERR,ERR,ERR,ERR,ERR,ERR,ERR,ERR,ERR,ERR,ERR,ERR,ERR,ERR,ERR,ERR,ERR,ERR,ERR,ERR,ERR,ERR,ERR,ERR,ERR,ERR,ERR,ERR,ERR,ERR,ERR,ERR,ERR,ERR,ERR,ERR,ERR,ERR,ERR,ERR,ERR,ERR,ERR,ERR,ERR,ERR,ERR,ERR,ERR,ERR,ERR,ERR,ERR,ERR,ERR,ERR,ERR,ERR,ERR,ERR,ERR,ERR,ERR,ERR,ERR,ERR,ERR,ERR,ERR,ERR,ERR,ERR,ERR,ERR,ERR,ERR,ERR,ERR,ERR,ERR,ERR,ERR,ERR,ERR,ERR,ERR,ERR,ERR,ERR,ERR,ERR,ERR,ERR,ERR,ERR,ERR,-107615400.0,-107615392.0,0.0,-4.9501291711397626e+32,-2.012,1.3936040501711995e+18,7.805,8.558351388217734e+28,0,0,4,48907,6720,14723890282496.0,100,0.0,0.0,0.0,0.0,0.0,0,0,0,0,0.0,0,0,0,0,0,0,0,0,0,0,0,0,0,0,0,0,0,0,0,0,0,0,0,0,0,0,0,0,0,0,0,0,0,26,51,50,76,65476,0,300,0,0,8,21553,0.0,-107605600.0,0.0,0.0,0.0,0.0,0.0,0.0,0.0,0.0,0.0,0.0,0.0,0.0,0.0,0.0,0.0,0.0,0.0,0.0,0.0,0.0,2.004,0.0,2.004,0.0,0.0,0.0,0.0,0.0,4718.0,-0.0,7319.0,-107615400.0,-107615392.0,0.0,-0.0,0.0,0.0,0.0,0.0,77,-3.222029330555234e+26,0.0,0.0,0.0,0.0,0.0,0.0,0.0,0.0,0,0,0,0.0,0.0,0.0,0.0,0.0,0.0,0.0,0.0,0.0,0.0,0.0,0.0,0.0,0.0,0.0,0.0,0,-107875648.0,77,0.0,154,0.0,0.0,ERR,ERR,ERR,ERR,ERR,ERR,ERR,ERR,ERR,ERR,ERR,ERR,ERR,ERR,ERR,ERR,ERR,ERR,ERR,ERR,ERR,ERR,ERR,ERR,ERR,ERR,ERR,ERR,ERR,ERR,ERR,ERR,ERR,ERR,ERR,ERR,ERR,ERR,ERR,ERR,ERR,ERR,ERR,ERR,ERR,ERR,ERR,ERR,ERR,ERR,ERR,ERR,ERR,ERR,ERR,ERR,ERR,ERR,ERR,ERR,ERR,ERR,ERR,ERR,ERR,ERR,ERR,34.0,80.0,35,0.0,0.0,0.0,0.0,0.0,0.0,0.0,0.0,0.0,0.0,0.0,0.0,0.0,0.0,0.0,0.0,66.4,0,121,58,54,65476,0,300,0,0,8,20529,65476,0,0,57672,80.0,0.0,0.0,0.0,0.0,0.0
2026-06-18T02:06:44,ERR,ERR,ERR,ERR,ERR,ERR,ERR,ERR,ERR,ERR,ERR,ERR,ERR,ERR,ERR,ERR,ERR,ERR,ERR,ERR,ERR,ERR,ERR,ERR,ERR,ERR,ERR,ERR,ERR,ERR,ERR,ERR,ERR,ERR,ERR,ERR,ERR,ERR,ERR,ERR,ERR,ERR,ERR,ERR,ERR,ERR,ERR,ERR,ERR,ERR,ERR,ERR,ERR,ERR,ERR,ERR,ERR,ERR,ERR,ERR,ERR,ERR,ERR,ERR,ERR,ERR,ERR,ERR,ERR,ERR,ERR,ERR,ERR,ERR,ERR,ERR,ERR,ERR,ERR,ERR,ERR,ERR,ERR,ERR,ERR,ERR,ERR,ERR,ERR,ERR,ERR,ERR,ERR,ERR,ERR,ERR,ERR,ERR,ERR,ERR,ERR,ERR,ERR,ERR,ERR,ERR,ERR,ERR,ERR,ERR,ERR,ERR,ERR,ERR,ERR,ERR,ERR,ERR,ERR,ERR,ERR,ERR,ERR,ERR,ERR,-107615400.0,-107615392.0,0.0,-4.9501291711397626e+32,-2.012,1.3936040501711995e+18,7.805,8.558351388217734e+28,0,0,4,48907,6720,14723890282496.0,100,0.0,0.0,0.0,0.0,0.0,0,0,0,0,0.0,0,0,0,0,0,0,0,0,0,0,0,0,0,0,0,0,0,0,0,0,0,0,0,0,0,0,0,0,0,0,0,0,0,26,51,50,76,65476,0,300,0,0,8,21553,0.0,-107605600.0,0.0,0.0,0.0,0.0,0.0,0.0,0.0,0.0,0.0,0.0,0.0,0.0,0.0,0.0,0.0,0.0,0.0,0.0,0.0,0.0,2.004,0.0,2.004,0.0,0.0,0.0,0.0,0.0,4718.0,-0.0,7319.0,-107615400.0,-107615392.0,0.0,-0.0,0.0,0.0,0.0,0.0,77,-3.222029330555234e+26,0.0,0.0,0.0,0.0,0.0,0.0,0.0,0.0,0,0,0,0.0,0.0,0.0,0.0,0.0,0.0,0.0,0.0,0.0,0.0,0.0,0.0,0.0,0.0,0.0,0.0,0,-107875648.0,77,0.0,154,0.0,0.0,ERR,ERR,ERR,ERR,ERR,ERR,ERR,ERR,ERR,ERR,ERR,ERR,ERR,ERR,ERR,ERR,ERR,ERR,ERR,ERR,ERR,ERR,ERR,ERR,ERR,ERR,ERR,ERR,ERR,ERR,ERR,ERR,ERR,ERR,ERR,ERR,ERR,ERR,ERR,ERR,ERR,ERR,ERR,ERR,ERR,ERR,ERR,ERR,ERR,ERR,ERR,ERR,ERR,ERR,ERR,ERR,ERR,ERR,ERR,ERR,ERR,ERR,ERR,ERR,ERR,ERR,ERR,34.0,80.0,35,0.0,0.0,0.0,0.0,0.0,0.0,0.0,0.0,0.0,0.0,0.0,0.0,0.0,0.0,0.0,0.0,66.0,0,121,58,54,65476,0,300,0,0,8,20529,65476,0,0,57672,80.0,0.0,0.0,0.0,0.0,0.0
2026-06-18T02:06:45,ERR,ERR,ERR,ERR,ERR,ERR,ERR,ERR,ERR,ERR,ERR,ERR,ERR,ERR,ERR,ERR,ERR,ERR,ERR,ERR,ERR,ERR,ERR,ERR,ERR,ERR,ERR,ERR,ERR,ERR,ERR,ERR,ERR,ERR,ERR,ERR,ERR,ERR,ERR,ERR,ERR,ERR,ERR,ERR,ERR,ERR,ERR,ERR,ERR,ERR,ERR,ERR,ERR,ERR,ERR,ERR,ERR,ERR,ERR,ERR,ERR,ERR,ERR,ERR,ERR,ERR,ERR,ERR,ERR,ERR,ERR,ERR,ERR,ERR,ERR,ERR,ERR,ERR,ERR,ERR,ERR,ERR,ERR,ERR,ERR,ERR,ERR,ERR,ERR,ERR,ERR,ERR,ERR,ERR,ERR,ERR,ERR,ERR,ERR,ERR,ERR,ERR,ERR,ERR,ERR,ERR,ERR,ERR,ERR,ERR,ERR,ERR,ERR,ERR,ERR,ERR,ERR,ERR,ERR,ERR,ERR,ERR,ERR,ERR,ERR,-107615400.0,-107615392.0,0.0,-4.9501291711397626e+32,-2.012,1.3936040501711995e+18,7.805,8.558351388217734e+28,0,0,4,48907,6720,14723890282496.0,100,0.0,0.0,0.0,0.0,0.0,0,0,0,0,0.0,0,0,0,0,0,0,0,0,0,0,0,0,0,0,0,0,0,0,0,0,0,0,0,0,0,0,0,0,0,0,0,0,0,26,51,50,76,65476,0,300,0,0,8,21553,0.0,-107605600.0,0.0,0.0,0.0,0.0,0.0,0.0,0.0,0.0,0.0,0.0,0.0,0.0,0.0,0.0,0.0,0.0,0.0,0.0,0.0,0.0,2.004,0.0,2.004,0.0,0.0,0.0,0.0,0.0,4718.0,-0.0,7319.0,-107615400.0,-107615392.0,0.0,-0.0,0.0,0.0,0.0,0.0,77,-3.222029330555234e+26,0.0,0.0,0.0,0.0,0.0,0.0,0.0,0.0,0,0,0,0.0,0.0,0.0,0.0,0.0,0.0,0.0,0.0,0.0,0.0,0.0,0.0,0.0,0.0,0.0,0.0,0,-107875648.0,77,0.0,154,0.0,0.0,ERR,ERR,ERR,ERR,ERR,ERR,ERR,ERR,ERR,ERR,ERR,ERR,ERR,ERR,ERR,ERR,ERR,ERR,ERR,ERR,ERR,ERR,ERR,ERR,ERR,ERR,ERR,ERR,ERR,ERR,ERR,ERR,ERR,ERR,ERR,ERR,ERR,ERR,ERR,ERR,ERR,ERR,ERR,ERR,ERR,ERR,ERR,ERR,ERR,ERR,ERR,ERR,ERR,ERR,ERR,ERR,ERR,ERR,ERR,ERR,ERR,ERR,ERR,ERR,ERR,ERR,ERR,34.0,80.0,35,0.0,0.0,0.0,0.0,0.0,0.0,0.0,0.0,0.0,0.0,0.0,0.0,0.0,0.0,0.0,0.0,66.0,0,121,58,54,65476,0,300,0,0,8,20529,65476,0,0,57672,80.0,0.0,0.0,0.0,0.0,0.0
2026-06-18T02:06:46,ERR,ERR,ERR,ERR,ERR,ERR,ERR,ERR,ERR,ERR,ERR,ERR,ERR,ERR,ERR,ERR,ERR,ERR,ERR,ERR,ERR,ERR,ERR,ERR,ERR,ERR,ERR,ERR,ERR,ERR,ERR,ERR,ERR,ERR,ERR,ERR,ERR,ERR,ERR,ERR,ERR,ERR,ERR,ERR,ERR,ERR,ERR,ERR,ERR,ERR,ERR,ERR,ERR,ERR,ERR,ERR,ERR,ERR,ERR,ERR,ERR,ERR,ERR,ERR,ERR,ERR,ERR,ERR,ERR,ERR,ERR,ERR,ERR,ERR,ERR,ERR,ERR,ERR,ERR,ERR,ERR,ERR,ERR,ERR,ERR,ERR,ERR,ERR,ERR,ERR,ERR,ERR,ERR,ERR,ERR,ERR,ERR,ERR,ERR,ERR,ERR,ERR,ERR,ERR,ERR,ERR,ERR,ERR,ERR,ERR,ERR,ERR,ERR,ERR,ERR,ERR,ERR,ERR,ERR,ERR,ERR,ERR,ERR,ERR,ERR,-107615400.0,-107615392.0,0.0,-152005385388032.0,-2.012,1.3936040501711995e+18,7.805,0.0,0,0,4,48857,6720,14723890282496.0,100,0.0,0.0,0.0,-152005385388032.0,0.0,0,0,0,0,0.0,0,0,0,0,0,0,0,0,0,0,0,0,0,0,0,0,0,0,0,0,0,0,0,0,0,0,0,0,0,0,0,0,0,26,51,50,76,65476,0,300,0,0,8,21553,0.0,-107605600.0,0.0,0.0,0.0,0.0,0.0,0.0,0.0,0.0,0.0,0.0,0.0,0.0,0.0,0.0,0.0,0.0,0.0,0.0,0.0,0.0,2.004,0.0,2.004,0.0,0.0,0.0,0.0,0.0,4719.0,-0.0,7318.0,-107615400.0,-107615392.0,0.0,-0.0,0.0,0.0,0.0,0.0,77,-3.222029330555234e+26,0.0,0.0,0.0,0.0,0.0,0.0,0.0,0.0,0,0,0,0.0,0.0,0.0,0.0,0.0,0.0,0.0,0.0,0.0,0.0,0.0,0.0,0.0,0.0,0.0,0.0,0,-107875648.0,77,0.0,154,0.0,0.0,ERR,ERR,ERR,ERR,ERR,ERR,ERR,ERR,ERR,ERR,ERR,ERR,ERR,ERR,ERR,ERR,ERR,ERR,ERR,ERR,ERR,ERR,ERR,ERR,ERR,ERR,ERR,ERR,ERR,ERR,ERR,ERR,ERR,ERR,ERR,ERR,ERR,ERR,ERR,ERR,ERR,ERR,ERR,ERR,ERR,ERR,ERR,ERR,ERR,ERR,ERR,ERR,ERR,ERR,ERR,ERR,ERR,ERR,ERR,ERR,ERR,ERR,ERR,ERR,ERR,ERR,ERR,34.0,80.0,35,0.0,0.0,0.0,0.0,0.0,0.0,0.0,0.0,0.0,0.0,0.0,0.0,0.0,0.0,0.0,0.0,66.0,0,121,58,54,65476,0,300,0,0,8,20529,65476,0,0,57672,80.0,0.0,0.0,0.0,0.0,0.0
2026-06-18T02:06:47,ERR,ERR,ERR,ERR,ERR,ERR,ERR,ERR,ERR,ERR,ERR,ERR,ERR,ERR,ERR,ERR,ERR,ERR,ERR,ERR,ERR,ERR,ERR,ERR,ERR,ERR,ERR,ERR,ERR,ERR,ERR,ERR,ERR,ERR,ERR,ERR,ERR,ERR,ERR,ERR,ERR,ERR,ERR,ERR,ERR,ERR,ERR,ERR,ERR,ERR,ERR,ERR,ERR,ERR,ERR,ERR,ERR,ERR,ERR,ERR,ERR,ERR,ERR,ERR,ERR,ERR,ERR,ERR,ERR,ERR,ERR,ERR,ERR,ERR,ERR,ERR,ERR,ERR,ERR,ERR,ERR,ERR,ERR,ERR,ERR,ERR,ERR,ERR,ERR,ERR,ERR,ERR,ERR,ERR,ERR,ERR,ERR,ERR,ERR,ERR,ERR,ERR,ERR,ERR,ERR,ERR,ERR,ERR,ERR,ERR,ERR,ERR,ERR,ERR,ERR,ERR,ERR,ERR,ERR,ERR,ERR,ERR,ERR,ERR,ERR,-107615400.0,-107615392.0,0.0,-152005385388032.0,-2.012,1.3936040501711995e+18,7.805,0.0,0,0,4,48857,6720,14723890282496.0,100,0.0,0.0,0.0,-152005385388032.0,0.0,0,0,0,0,0.0,0,0,0,0,0,0,0,0,0,0,0,0,0,0,0,0,0,0,0,0,0,0,0,0,0,0,0,0,0,0,0,0,0,26,51,50,76,65476,0,300,0,0,8,21553,0.0,-107605600.0,0.0,0.0,0.0,0.0,0.0,0.0,0.0,0.0,0.0,0.0,0.0,0.0,0.0,0.0,0.0,0.0,0.0,0.0,0.0,0.0,2.004,0.0,2.004,0.0,0.0,0.0,0.0,0.0,4719.0,-0.0,7318.0,-107615400.0,-107615392.0,0.0,-0.0,0.0,0.0,0.0,0.0,77,-3.222029330555234e+26,0.0,0.0,0.0,0.0,0.0,0.0,0.0,0.0,0,0,0,0.0,0.0,0.0,0.0,0.0,0.0,0.0,0.0,0.0,0.0,0.0,0.0,0.0,0.0,0.0,0.0,0,-107875648.0,77,0.0,154,0.0,0.0,ERR,ERR,ERR,ERR,ERR,ERR,ERR,ERR,ERR,ERR,ERR,ERR,ERR,ERR,ERR,ERR,ERR,ERR,ERR,ERR,ERR,ERR,ERR,ERR,ERR,ERR,ERR,ERR,ERR,ERR,ERR,ERR,ERR,ERR,ERR,ERR,ERR,ERR,ERR,ERR,ERR,ERR,ERR,ERR,ERR,ERR,ERR,ERR,ERR,ERR,ERR,ERR,ERR,ERR,ERR,ERR,ERR,ERR,ERR,ERR,ERR,ERR,ERR,ERR,ERR,ERR,ERR,34.0,80.0,35,0.0,0.0,0.0,0.0,0.0,0.0,0.0,0.0,0.0,0.0,0.0,0.0,0.0,0.0,0.0,0.0,66.0,0,121,58,54,65476,0,300,0,0,8,20529,65476,0,0,57672,80.0,0.0,0.0,0.0,0.0,0.0
2026-06-18T02:06:48,ERR,ERR,ERR,ERR,ERR,ERR,ERR,ERR,ERR,ERR,ERR,ERR,ERR,ERR,ERR,ERR,ERR,ERR,ERR,ERR,ERR,ERR,ERR,ERR,ERR,ERR,ERR,ERR,ERR,ERR,ERR,ERR,ERR,ERR,ERR,ERR,ERR,ERR,ERR,ERR,ERR,ERR,ERR,ERR,ERR,ERR,ERR,ERR,ERR,ERR,ERR,ERR,ERR,ERR,ERR,ERR,ERR,ERR,ERR,ERR,ERR,ERR,ERR,ERR,ERR,ERR,ERR,ERR,ERR,ERR,ERR,ERR,ERR,ERR,ERR,ERR,ERR,ERR,ERR,ERR,ERR,ERR,ERR,ERR,ERR,ERR,ERR,ERR,ERR,ERR,ERR,ERR,ERR,ERR,ERR,ERR,ERR,ERR,ERR,ERR,ERR,ERR,ERR,ERR,ERR,ERR,ERR,ERR,ERR,ERR,ERR,ERR,ERR,ERR,ERR,ERR,ERR,ERR,ERR,ERR,ERR,ERR,ERR,ERR,ERR,-107615400.0,-107615392.0,0.0,-152005385388032.0,-2.012,1.3936040501711995e+18,7.805,0.0,0,0,4,48857,6720,14723890282496.0,100,0.0,0.0,0.0,-152005385388032.0,0.0,0,0,0,0,0.0,0,0,0,0,0,0,0,0,0,0,0,0,0,0,0,0,0,0,0,0,0,0,0,0,0,0,0,0,0,0,0,0,0,26,51,50,76,65476,0,300,0,0,8,21553,0.0,-107605600.0,0.0,0.0,0.0,0.0,0.0,0.0,0.0,0.0,0.0,0.0,0.0,0.0,0.0,0.0,0.0,0.0,0.0,0.0,0.0,0.0,2.004,0.0,2.004,0.0,0.0,0.0,0.0,0.0,4719.0,-0.0,7318.0,-107615400.0,-107615392.0,0.0,-0.0,0.0,0.0,0.0,0.0,77,-3.222029330555234e+26,0.0,0.0,0.0,0.0,0.0,0.0,0.0,0.0,0,0,0,0.0,0.0,0.0,0.0,0.0,0.0,0.0,0.0,0.0,0.0,0.0,0.0,0.0,0.0,0.0,0.0,0,-107875648.0,77,0.0,154,0.0,0.0,ERR,ERR,ERR,ERR,ERR,ERR,ERR,ERR,ERR,ERR,ERR,ERR,ERR,ERR,ERR,ERR,ERR,ERR,ERR,ERR,ERR,ERR,ERR,ERR,ERR,ERR,ERR,ERR,ERR,ERR,ERR,ERR,ERR,ERR,ERR,ERR,ERR,ERR,ERR,ERR,ERR,ERR,ERR,ERR,ERR,ERR,ERR,ERR,ERR,ERR,ERR,ERR,ERR,ERR,ERR,ERR,ERR,ERR,ERR,ERR,ERR,ERR,ERR,ERR,ERR,ERR,ERR,34.0,80.0,35,0.0,0.0,0.0,0.0,0.0,0.0,0.0,0.0,0.0,0.0,0.0,0.0,0.0,0.0,0.0,0.0,66.0,0,121,58,54,65476,0,300,0,0,8,20529,65476,0,0,57672,80.0,0.0,0.0,0.0,0.0,0.0
2026-06-18T02:06:49,ERR,ERR,ERR,ERR,ERR,ERR,ERR,ERR,ERR,ERR,ERR,ERR,ERR,ERR,ERR,ERR,ERR,ERR,ERR,ERR,ERR,ERR,ERR,ERR,ERR,ERR,ERR,ERR,ERR,ERR,ERR,ERR,ERR,ERR,ERR,ERR,ERR,ERR,ERR,ERR,ERR,ERR,ERR,ERR,ERR,ERR,ERR,ERR,ERR,ERR,ERR,ERR,ERR,ERR,ERR,ERR,ERR,ERR,ERR,ERR,ERR,ERR,ERR,ERR,ERR,ERR,ERR,ERR,ERR,ERR,ERR,ERR,ERR,ERR,ERR,ERR,ERR,ERR,ERR,ERR,ERR,ERR,ERR,ERR,ERR,ERR,ERR,ERR,ERR,ERR,ERR,ERR,ERR,ERR,ERR,ERR,ERR,ERR,ERR,ERR,ERR,ERR,ERR,ERR,ERR,ERR,ERR,ERR,ERR,ERR,ERR,ERR,ERR,ERR,ERR,ERR,ERR,ERR,ERR,ERR,ERR,ERR,ERR,ERR,ERR,-107615400.0,-107615392.0,0.0,-152005385388032.0,-2.012,1.3936040501711995e+18,7.805,0.0,0,0,4,48857,6720,14723890282496.0,100,0.0,0.0,0.0,-152005385388032.0,0.0,0,0,0,0,0.0,0,0,0,0,0,0,0,0,0,0,0,0,0,0,0,0,0,0,0,0,0,0,0,0,0,0,0,0,0,0,0,0,0,26,51,50,76,65476,0,300,0,0,8,21553,0.0,-107605600.0,0.0,0.0,0.0,0.0,0.0,0.0,0.0,0.0,0.0,0.0,0.0,0.0,0.0,0.0,0.0,0.0,0.0,0.0,0.0,0.0,2.004,0.0,2.004,0.0,0.0,0.0,0.0,0.0,4719.0,-0.0,7318.0,-107615400.0,-107615392.0,0.0,-0.0,0.0,0.0,0.0,0.0,77,-3.222029330555234e+26,0.0,0.0,0.0,0.0,0.0,0.0,0.0,0.0,0,0,0,0.0,0.0,0.0,0.0,0.0,0.0,0.0,0.0,0.0,0.0,0.0,0.0,0.0,0.0,0.0,0.0,0,-107875648.0,77,0.0,154,0.0,0.0,ERR,ERR,ERR,ERR,ERR,ERR,ERR,ERR,ERR,ERR,ERR,ERR,ERR,ERR,ERR,ERR,ERR,ERR,ERR,ERR,ERR,ERR,ERR,ERR,ERR,ERR,ERR,ERR,ERR,ERR,ERR,ERR,ERR,ERR,ERR,ERR,ERR,ERR,ERR,ERR,ERR,ERR,ERR,ERR,ERR,ERR,ERR,ERR,ERR,ERR,ERR,ERR,ERR,ERR,ERR,ERR,ERR,ERR,ERR,ERR,ERR,ERR,ERR,ERR,ERR,ERR,ERR,34.0,80.0,35,0.0,0.0,0.0,0.0,0.0,0.0,0.0,0.0,0.0,0.0,0.0,0.0,0.0,0.0,0.0,0.0,66.0,0,121,58,54,65476,0,300,0,0,8,20529,65476,0,0,57672,80.0,0.0,0.0,0.0,0.0,0.0
2026-06-18T02:06:50,ERR,ERR,ERR,ERR,ERR,ERR,ERR,ERR,ERR,ERR,ERR,ERR,ERR,ERR,ERR,ERR,ERR,ERR,ERR,ERR,ERR,ERR,ERR,ERR,ERR,ERR,ERR,ERR,ERR,ERR,ERR,ERR,ERR,ERR,ERR,ERR,ERR,ERR,ERR,ERR,ERR,ERR,ERR,ERR,ERR,ERR,ERR,ERR,ERR,ERR,ERR,ERR,ERR,ERR,ERR,ERR,ERR,ERR,ERR,ERR,ERR,ERR,ERR,ERR,ERR,ERR,ERR,ERR,ERR,ERR,ERR,ERR,ERR,ERR,ERR,ERR,ERR,ERR,ERR,ERR,ERR,ERR,ERR,ERR,ERR,ERR,ERR,ERR,ERR,ERR,ERR,ERR,ERR,ERR,ERR,ERR,ERR,ERR,ERR,ERR,ERR,ERR,ERR,ERR,ERR,ERR,ERR,ERR,ERR,ERR,ERR,ERR,ERR,ERR,ERR,ERR,ERR,ERR,ERR,ERR,ERR,ERR,ERR,ERR,ERR,-107615400.0,-107615392.0,0.0,-152005385388032.0,-2.012,1.3936040501711995e+18,7.805,0.0,0,0,4,48857,6720,14723890282496.0,100,0.0,0.0,0.0,-152005385388032.0,0.0,0,0,0,0,0.0,0,0,0,0,0,0,0,0,0,0,0,0,0,0,0,0,0,0,0,0,0,0,0,0,0,0,0,0,0,0,0,0,0,26,51,50,76,65476,0,300,0,0,8,21553,0.0,-107605600.0,0.0,0.0,0.0,0.0,0.0,0.0,0.0,0.0,0.0,0.0,0.0,0.0,0.0,0.0,0.0,0.0,0.0,0.0,0.0,0.0,2.004,0.0,2.004,0.0,0.0,0.0,0.0,0.0,4719.0,-0.0,7318.0,-107615400.0,-107615392.0,0.0,-0.0,0.0,0.0,0.0,0.0,77,-3.222029330555234e+26,0.0,0.0,0.0,0.0,0.0,0.0,0.0,0.0,0,0,0,0.0,0.0,0.0,0.0,0.0,0.0,0.0,0.0,0.0,0.0,0.0,0.0,0.0,0.0,0.0,0.0,0,-107875648.0,77,0.0,154,0.0,0.0,ERR,ERR,ERR,ERR,ERR,ERR,ERR,ERR,ERR,ERR,ERR,ERR,ERR,ERR,ERR,ERR,ERR,ERR,ERR,ERR,ERR,ERR,ERR,ERR,ERR,ERR,ERR,ERR,ERR,ERR,ERR,ERR,ERR,ERR,ERR,ERR,ERR,ERR,ERR,ERR,ERR,ERR,ERR,ERR,ERR,ERR,ERR,ERR,ERR,ERR,ERR,ERR,ERR,ERR,ERR,ERR,ERR,ERR,ERR,ERR,ERR,ERR,ERR,ERR,ERR,ERR,ERR,34.0,80.0,35,0.0,0.0,0.0,0.0,0.0,0.0,0.0,0.0,0.0,0.0,0.0,0.0,0.0,0.0,0.0,0.0,66.0,0,121,58,54,65476,0,300,0,0,8,20529,65476,0,0,57672,80.0,0.0,0.0,0.0,0.0,0.0
2026-06-18T02:06:51,ERR,ERR,ERR,ERR,ERR,ERR,ERR,ERR,ERR,ERR,ERR,ERR,ERR,ERR,ERR,ERR,ERR,ERR,ERR,ERR,ERR,ERR,ERR,ERR,ERR,ERR,ERR,ERR,ERR,ERR,ERR,ERR,ERR,ERR,ERR,ERR,ERR,ERR,ERR,ERR,ERR,ERR,ERR,ERR,ERR,ERR,ERR,ERR,ERR,ERR,ERR,ERR,ERR,ERR,ERR,ERR,ERR,ERR,ERR,ERR,ERR,ERR,ERR,ERR,ERR,ERR,ERR,ERR,ERR,ERR,ERR,ERR,ERR,ERR,ERR,ERR,ERR,ERR,ERR,ERR,ERR,ERR,ERR,ERR,ERR,ERR,ERR,ERR,ERR,ERR,ERR,ERR,ERR,ERR,ERR,ERR,ERR,ERR,ERR,ERR,ERR,ERR,ERR,ERR,ERR,ERR,ERR,ERR,ERR,ERR,ERR,ERR,ERR,ERR,ERR,ERR,ERR,ERR,ERR,ERR,ERR,ERR,ERR,ERR,ERR,-107615400.0,-107615392.0,0.0,-0.0,-0.0,1.3936040501711995e+18,7.805,0.0,0,0,4,48852,6720,14723890282496.0,100,0.0,0.0,0.0,-152005385388032.0,0.0,0,0,0,0,0.0,0,0,0,0,0,0,0,0,0,0,0,0,0,0,0,0,0,0,0,0,0,0,0,0,0,0,0,0,0,0,0,0,0,26,51,50,76,65476,0,300,0,0,8,21553,0.0,-107605600.0,0.0,0.0,0.0,0.0,0.0,0.0,0.0,0.0,0.0,0.0,0.0,0.0,0.0,0.0,0.0,0.0,0.0,0.0,0.0,0.0,2.004,0.0,2.004,0.0,0.0,0.0,0.0,0.0,4718.0,-0.0,7319.0,-0.0,-107615392.0,0.0,-0.0,0.0,0.0,0.0,0.0,77,-3.222029330555234e+26,0.0,0.0,0.0,0.0,0.0,0.0,0.0,0.0,0,0,0,0.0,0.0,0.0,0.0,0.0,0.0,0.0,0.0,0.0,0.0,0.0,0.0,0.0,0.0,0.0,0.0,0,-107875648.0,77,0.0,154,0.0,0.0,ERR,ERR,ERR,ERR,ERR,ERR,ERR,ERR,ERR,ERR,ERR,ERR,ERR,ERR,ERR,ERR,ERR,ERR,ERR,ERR,ERR,ERR,ERR,ERR,ERR,ERR,ERR,ERR,ERR,ERR,ERR,ERR,ERR,ERR,ERR,ERR,ERR,ERR,ERR,ERR,ERR,ERR,ERR,ERR,ERR,ERR,ERR,ERR,ERR,ERR,ERR,ERR,ERR,ERR,ERR,ERR,ERR,ERR,ERR,ERR,ERR,ERR,ERR,ERR,ERR,ERR,ERR,34.0,80.0,35,0.0,0.0,0.0,0.0,0.0,0.0,0.0,0.0,0.0,0.0,0.0,0.0,0.0,0.0,0.0,0.0,66.0,0,121,58,54,65476,0,300,0,0,8,20529,65476,0,0,57672,80.0,0.0,0.0,0.0,0.0,0.0
2026-06-18T02:06:52,ERR,ERR,ERR,ERR,ERR,ERR,ERR,ERR,ERR,ERR,ERR,ERR,ERR,ERR,ERR,ERR,ERR,ERR,ERR,ERR,ERR,ERR,ERR,ERR,ERR,ERR,ERR,ERR,ERR,ERR,ERR,ERR,ERR,ERR,ERR,ERR,ERR,ERR,ERR,ERR,ERR,ERR,ERR,ERR,ERR,ERR,ERR,ERR,ERR,ERR,ERR,ERR,ERR,ERR,ERR,ERR,ERR,ERR,ERR,ERR,ERR,ERR,ERR,ERR,ERR,ERR,ERR,ERR,ERR,ERR,ERR,ERR,ERR,ERR,ERR,ERR,ERR,ERR,ERR,ERR,ERR,ERR,ERR,ERR,ERR,ERR,ERR,ERR,ERR,ERR,ERR,ERR,ERR,ERR,ERR,ERR,ERR,ERR,ERR,ERR,ERR,ERR,ERR,ERR,ERR,ERR,ERR,ERR,ERR,ERR,ERR,ERR,ERR,ERR,ERR,ERR,ERR,ERR,ERR,ERR,ERR,ERR,ERR,ERR,ERR,-107615400.0,-107615392.0,0.0,-0.0,-0.0,1.3936040501711995e+18,7.805,0.0,0,0,4,48852,6720,14723890282496.0,100,0.0,0.0,0.0,-152005385388032.0,0.0,0,0,0,0,0.0,0,0,0,0,0,0,0,0,0,0,0,0,0,0,0,0,0,0,0,0,0,0,0,0,0,0,0,0,0,0,0,0,0,26,51,50,76,65476,0,300,0,0,8,21553,0.0,-107605600.0,0.0,0.0,0.0,0.0,0.0,0.0,0.0,0.0,0.0,0.0,0.0,0.0,0.0,0.0,0.0,0.0,0.0,0.0,0.0,0.0,2.004,0.0,2.004,0.0,0.0,0.0,0.0,0.0,4718.0,-0.0,7319.0,-0.0,-107615392.0,0.0,-0.0,0.0,0.0,0.0,0.0,77,-3.222029330555234e+26,0.0,0.0,0.0,0.0,0.0,0.0,0.0,0.0,0,0,0,0.0,0.0,0.0,0.0,0.0,0.0,0.0,0.0,0.0,0.0,0.0,0.0,0.0,0.0,0.0,0.0,0,-107875648.0,77,0.0,154,0.0,0.0,ERR,ERR,ERR,ERR,ERR,ERR,ERR,ERR,ERR,ERR,ERR,ERR,ERR,ERR,ERR,ERR,ERR,ERR,ERR,ERR,ERR,ERR,ERR,ERR,ERR,ERR,ERR,ERR,ERR,ERR,ERR,ERR,ERR,ERR,ERR,ERR,ERR,ERR,ERR,ERR,ERR,ERR,ERR,ERR,ERR,ERR,ERR,ERR,ERR,ERR,ERR,ERR,ERR,ERR,ERR,ERR,ERR,ERR,ERR,ERR,ERR,ERR,ERR,ERR,ERR,ERR,ERR,34.0,80.0,35,0.0,0.0,0.0,0.0,0.0,0.0,0.0,0.0,0.0,0.0,0.0,0.0,0.0,0.0,0.0,0.0,66.0,0,121,58,54,65476,0,300,0,0,8,20529,65476,0,0,57672,80.0,0.0,0.0,0.0,0.0,0.0
2026-06-18T02:06:53,ERR,ERR,ERR,ERR,ERR,ERR,ERR,ERR,ERR,ERR,ERR,ERR,ERR,ERR,ERR,ERR,ERR,ERR,ERR,ERR,ERR,ERR,ERR,ERR,ERR,ERR,ERR,ERR,ERR,ERR,ERR,ERR,ERR,ERR,ERR,ERR,ERR,ERR,ERR,ERR,ERR,ERR,ERR,ERR,ERR,ERR,ERR,ERR,ERR,ERR,ERR,ERR,ERR,ERR,ERR,ERR,ERR,ERR,ERR,ERR,ERR,ERR,ERR,ERR,ERR,ERR,ERR,ERR,ERR,ERR,ERR,ERR,ERR,ERR,ERR,ERR,ERR,ERR,ERR,ERR,ERR,ERR,ERR,ERR,ERR,ERR,ERR,ERR,ERR,ERR,ERR,ERR,ERR,ERR,ERR,ERR,ERR,ERR,ERR,ERR,ERR,ERR,ERR,ERR,ERR,ERR,ERR,ERR,ERR,ERR,ERR,ERR,ERR,ERR,ERR,ERR,ERR,ERR,ERR,ERR,ERR,ERR,ERR,ERR,ERR,-107615400.0,-107615392.0,0.0,-0.0,-0.0,1.3936040501711995e+18,7.805,0.0,0,0,4,48852,6720,14723890282496.0,100,0.0,0.0,0.0,-152005385388032.0,0.0,0,0,0,0,0.0,0,0,0,0,0,0,0,0,0,0,0,0,0,0,0,0,0,0,0,0,0,0,0,0,0,0,0,0,0,0,0,0,0,26,51,50,76,65476,0,300,0,0,8,21553,0.0,-107605600.0,0.0,0.0,0.0,0.0,0.0,0.0,0.0,0.0,0.0,0.0,0.0,0.0,0.0,0.0,0.0,0.0,0.0,0.0,0.0,0.0,2.004,0.0,2.004,0.0,0.0,0.0,0.0,0.0,4718.0,-0.0,7319.0,-0.0,-107615392.0,0.0,-0.0,0.0,0.0,0.0,0.0,77,-3.222029330555234e+26,0.0,0.0,0.0,0.0,0.0,0.0,0.0,0.0,0,0,0,0.0,0.0,0.0,0.0,0.0,0.0,0.0,0.0,0.0,0.0,0.0,0.0,0.0,0.0,0.0,0.0,0,-107875648.0,77,0.0,154,0.0,0.0,ERR,ERR,ERR,ERR,ERR,ERR,ERR,ERR,ERR,ERR,ERR,ERR,ERR,ERR,ERR,ERR,ERR,ERR,ERR,ERR,ERR,ERR,ERR,ERR,ERR,ERR,ERR,ERR,ERR,ERR,ERR,ERR,ERR,ERR,ERR,ERR,ERR,ERR,ERR,ERR,ERR,ERR,ERR,ERR,ERR,ERR,ERR,ERR,ERR,ERR,ERR,ERR,ERR,ERR,ERR,ERR,ERR,ERR,ERR,ERR,ERR,ERR,ERR,ERR,ERR,ERR,ERR,34.0,80.0,35,0.0,0.0,0.0,0.0,0.0,0.0,0.0,0.0,0.0,0.0,0.0,0.0,0.0,0.0,0.0,0.0,66.0,0,121,58,54,65476,0,300,0,0,8,20529,65476,0,0,57672,80.0,0.0,0.0,0.0,0.0,0.0
2026-06-18T02:06:54,ERR,ERR,ERR,ERR,ERR,ERR,ERR,ERR,ERR,ERR,ERR,ERR,ERR,ERR,ERR,ERR,ERR,ERR,ERR,ERR,ERR,ERR,ERR,ERR,ERR,ERR,ERR,ERR,ERR,ERR,ERR,ERR,ERR,ERR,ERR,ERR,ERR,ERR,ERR,ERR,ERR,ERR,ERR,ERR,ERR,ERR,ERR,ERR,ERR,ERR,ERR,ERR,ERR,ERR,ERR,ERR,ERR,ERR,ERR,ERR,ERR,ERR,ERR,ERR,ERR,ERR,ERR,ERR,ERR,ERR,ERR,ERR,ERR,ERR,ERR,ERR,ERR,ERR,ERR,ERR,ERR,ERR,ERR,ERR,ERR,ERR,ERR,ERR,ERR,ERR,ERR,ERR,ERR,ERR,ERR,ERR,ERR,ERR,ERR,ERR,ERR,ERR,ERR,ERR,ERR,ERR,ERR,ERR,ERR,ERR,ERR,ERR,ERR,ERR,ERR,ERR,ERR,ERR,ERR,ERR,ERR,ERR,ERR,ERR,ERR,-107615400.0,-107615392.0,0.0,-0.0,-0.0,1.3936040501711995e+18,7.805,0.0,0,0,4,48852,6720,14723890282496.0,100,0.0,0.0,0.0,-152005385388032.0,0.0,0,0,0,0,0.0,0,0,0,0,0,0,0,0,0,0,0,0,0,0,0,0,0,0,0,0,0,0,0,0,0,0,0,0,0,0,0,0,0,26,51,50,76,65476,0,300,0,0,8,21553,0.0,-107605600.0,0.0,0.0,0.0,0.0,0.0,0.0,0.0,0.0,0.0,0.0,0.0,0.0,0.0,0.0,0.0,0.0,0.0,0.0,0.0,0.0,2.004,0.0,2.004,0.0,0.0,0.0,0.0,0.0,4718.0,-0.0,7319.0,-0.0,-107615392.0,0.0,-0.0,0.0,0.0,0.0,0.0,77,-3.222029330555234e+26,0.0,0.0,0.0,0.0,0.0,0.0,0.0,0.0,0,0,0,0.0,0.0,0.0,0.0,0.0,0.0,0.0,0.0,0.0,0.0,0.0,0.0,0.0,0.0,0.0,0.0,0,-107875648.0,77,0.0,154,0.0,0.0,ERR,ERR,ERR,ERR,ERR,ERR,ERR,ERR,ERR,ERR,ERR,ERR,ERR,ERR,ERR,ERR,ERR,ERR,ERR,ERR,ERR,ERR,ERR,ERR,ERR,ERR,ERR,ERR,ERR,ERR,ERR,ERR,ERR,ERR,ERR,ERR,ERR,ERR,ERR,ERR,ERR,ERR,ERR,ERR,ERR,ERR,ERR,ERR,ERR,ERR,ERR,ERR,ERR,ERR,ERR,ERR,ERR,ERR,ERR,ERR,ERR,ERR,ERR,ERR,ERR,ERR,ERR,34.0,80.0,35,0.0,0.0,0.0,0.0,0.0,0.0,0.0,0.0,0.0,0.0,0.0,0.0,0.0,0.0,0.0,0.0,66.0,0,121,58,54,65476,0,300,0,0,8,20529,65476,0,0,57672,80.0,0.0,0.0,0.0,0.0,0.0
2026-06-18T02:06:55,ERR,ERR,ERR,ERR,ERR,ERR,ERR,ERR,ERR,ERR,ERR,ERR,ERR,ERR,ERR,ERR,ERR,ERR,ERR,ERR,ERR,ERR,ERR,ERR,ERR,ERR,ERR,ERR,ERR,ERR,ERR,ERR,ERR,ERR,ERR,ERR,ERR,ERR,ERR,ERR,ERR,ERR,ERR,ERR,ERR,ERR,ERR,ERR,ERR,ERR,ERR,ERR,ERR,ERR,ERR,ERR,ERR,ERR,ERR,ERR,ERR,ERR,ERR,ERR,ERR,ERR,ERR,ERR,ERR,ERR,ERR,ERR,ERR,ERR,ERR,ERR,ERR,ERR,ERR,ERR,ERR,ERR,ERR,ERR,ERR,ERR,ERR,ERR,ERR,ERR,ERR,ERR,ERR,ERR,ERR,ERR,ERR,ERR,ERR,ERR,ERR,ERR,ERR,ERR,ERR,ERR,ERR,ERR,ERR,ERR,ERR,ERR,ERR,ERR,ERR,ERR,ERR,ERR,ERR,ERR,ERR,ERR,ERR,ERR,ERR,-107615400.0,-107615392.0,0.0,-0.0,-0.0,1.3936040501711995e+18,7.805,0.0,0,0,4,48852,6720,14723890282496.0,100,0.0,0.0,0.0,-152005385388032.0,0.0,0,0,0,0,0.0,0,0,0,0,0,0,0,0,0,0,0,0,0,0,0,0,0,0,0,0,0,0,0,0,0,0,0,0,0,0,0,0,0,26,51,50,76,65476,0,300,0,0,8,21553,0.0,-107605600.0,0.0,0.0,0.0,0.0,0.0,0.0,0.0,0.0,0.0,0.0,0.0,0.0,0.0,0.0,0.0,0.0,0.0,0.0,0.0,0.0,2.004,0.0,2.004,0.0,0.0,0.0,0.0,0.0,4718.0,-0.0,7319.0,-0.0,-107615392.0,0.0,-0.0,0.0,0.0,0.0,0.0,77,-3.222029330555234e+26,0.0,0.0,0.0,0.0,0.0,0.0,0.0,0.0,0,0,0,0.0,0.0,0.0,0.0,0.0,0.0,0.0,0.0,0.0,0.0,0.0,0.0,0.0,0.0,0.0,0.0,0,-107875648.0,77,0.0,154,0.0,0.0,ERR,ERR,ERR,ERR,ERR,ERR,ERR,ERR,ERR,ERR,ERR,ERR,ERR,ERR,ERR,ERR,ERR,ERR,ERR,ERR,ERR,ERR,ERR,ERR,ERR,ERR,ERR,ERR,ERR,ERR,ERR,ERR,ERR,ERR,ERR,ERR,ERR,ERR,ERR,ERR,ERR,ERR,ERR,ERR,ERR,ERR,ERR,ERR,ERR,ERR,ERR,ERR,ERR,ERR,ERR,ERR,ERR,ERR,ERR,ERR,ERR,ERR,ERR,ERR,ERR,ERR,ERR,34.0,80.0,35,0.0,0.0,0.0,0.0,0.0,0.0,0.0,0.0,0.0,0.0,0.0,0.0,0.0,0.0,0.0,0.0,66.0,0,121,58,54,65476,0,300,0,0,8,20529,65476,0,0,57672,80.0,0.0,0.0,0.0,0.0,0.0
2026-06-18T02:06:56,ERR,ERR,ERR,ERR,ERR,ERR,ERR,ERR,ERR,ERR,ERR,ERR,ERR,ERR,ERR,ERR,ERR,ERR,ERR,ERR,ERR,ERR,ERR,ERR,ERR,ERR,ERR,ERR,ERR,ERR,ERR,ERR,ERR,ERR,ERR,ERR,ERR,ERR,ERR,ERR,ERR,ERR,ERR,ERR,ERR,ERR,ERR,ERR,ERR,ERR,ERR,ERR,ERR,ERR,ERR,ERR,ERR,ERR,ERR,ERR,ERR,ERR,ERR,ERR,ERR,ERR,ERR,ERR,ERR,ERR,ERR,ERR,ERR,ERR,ERR,ERR,ERR,ERR,ERR,ERR,ERR,ERR,ERR,ERR,ERR,ERR,ERR,ERR,ERR,ERR,ERR,ERR,ERR,ERR,ERR,ERR,ERR,ERR,ERR,ERR,ERR,ERR,ERR,ERR,ERR,ERR,ERR,ERR,ERR,ERR,ERR,ERR,ERR,ERR,ERR,ERR,ERR,ERR,ERR,ERR,ERR,ERR,ERR,ERR,ERR,-107615400.0,-107615392.0,0.0,-152005385388032.0,-2.012,1.3936040501711995e+18,7.805,0.0,0,0,4,48855,6720,14723890282496.0,100,0.0,0.0,0.0,-152005385388032.0,0.0,0,0,0,0,0.0,0,0,0,0,0,0,0,0,0,0,0,0,0,0,0,0,0,0,0,0,0,0,0,0,0,0,0,0,0,0,0,0,0,26,51,50,76,65476,0,300,0,0,8,21553,0.0,-107605600.0,0.0,0.0,0.0,0.0,0.0,0.0,0.0,0.0,0.0,0.0,0.0,0.0,0.0,0.0,0.0,0.0,0.0,0.0,0.0,0.0,0.0,0.0,2.004,0.0,0.0,0.0,0.0,0.0,4718.0,-0.0,7319.0,-107615400.0,-107615392.0,0.0,-0.0,0.0,0.0,0.0,0.0,77,-3.222029330555234e+26,0.0,0.0,0.0,0.0,0.0,0.0,0.0,0.0,0,0,0,0.0,0.0,0.0,0.0,0.0,0.0,0.0,0.0,0.0,0.0,0.0,0.0,0.0,0.0,0.0,0.0,0,-107875648.0,77,0.0,154,0.0,0.0,ERR,ERR,ERR,ERR,ERR,ERR,ERR,ERR,ERR,ERR,ERR,ERR,ERR,ERR,ERR,ERR,ERR,ERR,ERR,ERR,ERR,ERR,ERR,ERR,ERR,ERR,ERR,ERR,ERR,ERR,ERR,ERR,ERR,ERR,ERR,ERR,ERR,ERR,ERR,ERR,ERR,ERR,ERR,ERR,ERR,ERR,ERR,ERR,ERR,ERR,ERR,ERR,ERR,ERR,ERR,ERR,ERR,ERR,ERR,ERR,ERR,ERR,ERR,ERR,ERR,ERR,ERR,34.0,80.0,35,0.0,0.0,0.0,0.0,0.0,0.0,0.0,0.0,0.0,0.0,0.0,0.0,0.0,0.0,0.0,0.0,66.0,0,121,58,54,65476,0,300,0,0,8,20529,65476,0,0,57672,80.0,0.0,0.0,0.0,0.0,0.0
2026-06-18T02:06:57,ERR,ERR,ERR,ERR,ERR,ERR,ERR,ERR,ERR,ERR,ERR,ERR,ERR,ERR,ERR,ERR,ERR,ERR,ERR,ERR,ERR,ERR,ERR,ERR,ERR,ERR,ERR,ERR,ERR,ERR,ERR,ERR,ERR,ERR,ERR,ERR,ERR,ERR,ERR,ERR,ERR,ERR,ERR,ERR,ERR,ERR,ERR,ERR,ERR,ERR,ERR,ERR,ERR,ERR,ERR,ERR,ERR,ERR,ERR,ERR,ERR,ERR,ERR,ERR,ERR,ERR,ERR,ERR,ERR,ERR,ERR,ERR,ERR,ERR,ERR,ERR,ERR,ERR,ERR,ERR,ERR,ERR,ERR,ERR,ERR,ERR,ERR,ERR,ERR,ERR,ERR,ERR,ERR,ERR,ERR,ERR,ERR,ERR,ERR,ERR,ERR,ERR,ERR,ERR,ERR,ERR,ERR,ERR,ERR,ERR,ERR,ERR,ERR,ERR,ERR,ERR,ERR,ERR,ERR,ERR,ERR,ERR,ERR,ERR,ERR,-107615400.0,-107615392.0,0.0,-152005385388032.0,-2.012,1.3936040501711995e+18,7.805,0.0,0,0,4,48855,6720,14723890282496.0,100,0.0,0.0,0.0,-152005385388032.0,0.0,0,0,0,0,0.0,0,0,0,0,0,0,0,0,0,0,0,0,0,0,0,0,0,0,0,0,0,0,0,0,0,0,0,0,0,0,0,0,0,26,51,50,76,65476,0,300,0,0,8,21553,0.0,-107605600.0,0.0,0.0,0.0,0.0,0.0,0.0,0.0,0.0,0.0,0.0,0.0,0.0,0.0,0.0,0.0,0.0,0.0,0.0,0.0,0.0,0.0,0.0,2.004,0.0,0.0,0.0,0.0,0.0,4718.0,-0.0,7319.0,-107615400.0,-107615392.0,0.0,-0.0,0.0,0.0,0.0,0.0,77,-3.222029330555234e+26,0.0,0.0,0.0,0.0,0.0,0.0,0.0,0.0,0,0,0,0.0,0.0,0.0,0.0,0.0,0.0,0.0,0.0,0.0,0.0,0.0,0.0,0.0,0.0,0.0,0.0,0,-107875648.0,77,0.0,154,0.0,0.0,ERR,ERR,ERR,ERR,ERR,ERR,ERR,ERR,ERR,ERR,ERR,ERR,ERR,ERR,ERR,ERR,ERR,ERR,ERR,ERR,ERR,ERR,ERR,ERR,ERR,ERR,ERR,ERR,ERR,ERR,ERR,ERR,ERR,ERR,ERR,ERR,ERR,ERR,ERR,ERR,ERR,ERR,ERR,ERR,ERR,ERR,ERR,ERR,ERR,ERR,ERR,ERR,ERR,ERR,ERR,ERR,ERR,ERR,ERR,ERR,ERR,ERR,ERR,ERR,ERR,ERR,ERR,34.0,80.0,35,0.0,0.0,0.0,0.0,0.0,0.0,0.0,0.0,0.0,0.0,0.0,0.0,0.0,0.0,0.0,0.0,66.0,0,121,58,54,65476,0,300,0,0,8,20529,65476,0,0,57672,80.0,0.0,0.0,0.0,0.0,0.0
2026-06-18T02:06:58,ERR,ERR,ERR,ERR,ERR,ERR,ERR,ERR,ERR,ERR,ERR,ERR,ERR,ERR,ERR,ERR,ERR,ERR,ERR,ERR,ERR,ERR,ERR,ERR,ERR,ERR,ERR,ERR,ERR,ERR,ERR,ERR,ERR,ERR,ERR,ERR,ERR,ERR,ERR,ERR,ERR,ERR,ERR,ERR,ERR,ERR,ERR,ERR,ERR,ERR,ERR,ERR,ERR,ERR,ERR,ERR,ERR,ERR,ERR,ERR,ERR,ERR,ERR,ERR,ERR,ERR,ERR,ERR,ERR,ERR,ERR,ERR,ERR,ERR,ERR,ERR,ERR,ERR,ERR,ERR,ERR,ERR,ERR,ERR,ERR,ERR,ERR,ERR,ERR,ERR,ERR,ERR,ERR,ERR,ERR,ERR,ERR,ERR,ERR,ERR,ERR,ERR,ERR,ERR,ERR,ERR,ERR,ERR,ERR,ERR,ERR,ERR,ERR,ERR,ERR,ERR,ERR,ERR,ERR,ERR,ERR,ERR,ERR,ERR,ERR,-107615400.0,-107615392.0,0.0,-152005385388032.0,-2.012,1.3936040501711995e+18,7.805,0.0,0,0,4,48855,6720,14723890282496.0,100,0.0,0.0,0.0,-152005385388032.0,0.0,0,0,0,0,0.0,0,0,0,0,0,0,0,0,0,0,0,0,0,0,0,0,0,0,0,0,0,0,0,0,0,0,0,0,0,0,0,0,0,26,51,50,76,65476,0,300,0,0,8,21553,0.0,-107605600.0,0.0,0.0,0.0,0.0,0.0,0.0,0.0,0.0,0.0,0.0,0.0,0.0,0.0,0.0,0.0,0.0,0.0,0.0,0.0,0.0,0.0,0.0,2.004,0.0,0.0,0.0,0.0,0.0,4718.0,-0.0,7319.0,-107615400.0,-107615392.0,0.0,-0.0,0.0,0.0,0.0,0.0,77,-3.222029330555234e+26,0.0,0.0,0.0,0.0,0.0,0.0,0.0,0.0,0,0,0,0.0,0.0,0.0,0.0,0.0,0.0,0.0,0.0,0.0,0.0,0.0,0.0,0.0,0.0,0.0,0.0,0,-107875648.0,77,0.0,154,0.0,0.0,ERR,ERR,ERR,ERR,ERR,ERR,ERR,ERR,ERR,ERR,ERR,ERR,ERR,ERR,ERR,ERR,ERR,ERR,ERR,ERR,ERR,ERR,ERR,ERR,ERR,ERR,ERR,ERR,ERR,ERR,ERR,ERR,ERR,ERR,ERR,ERR,ERR,ERR,ERR,ERR,ERR,ERR,ERR,ERR,ERR,ERR,ERR,ERR,ERR,ERR,ERR,ERR,ERR,ERR,ERR,ERR,ERR,ERR,ERR,ERR,ERR,ERR,ERR,ERR,ERR,ERR,ERR,34.0,80.0,35,0.0,0.0,0.0,0.0,0.0,0.0,0.0,0.0,0.0,0.0,0.0,0.0,0.0,0.0,0.0,0.0,66.0,0,121,58,54,65476,0,300,0,0,8,20529,65476,0,0,57672,80.0,0.0,0.0,0.0,0.0,0.0
2026-06-18T02:06:59,ERR,ERR,ERR,ERR,ERR,ERR,ERR,ERR,ERR,ERR,ERR,ERR,ERR,ERR,ERR,ERR,ERR,ERR,ERR,ERR,ERR,ERR,ERR,ERR,ERR,ERR,ERR,ERR,ERR,ERR,ERR,ERR,ERR,ERR,ERR,ERR,ERR,ERR,ERR,ERR,ERR,ERR,ERR,ERR,ERR,ERR,ERR,ERR,ERR,ERR,ERR,ERR,ERR,ERR,ERR,ERR,ERR,ERR,ERR,ERR,ERR,ERR,ERR,ERR,ERR,ERR,ERR,ERR,ERR,ERR,ERR,ERR,ERR,ERR,ERR,ERR,ERR,ERR,ERR,ERR,ERR,ERR,ERR,ERR,ERR,ERR,ERR,ERR,ERR,ERR,ERR,ERR,ERR,ERR,ERR,ERR,ERR,ERR,ERR,ERR,ERR,ERR,ERR,ERR,ERR,ERR,ERR,ERR,ERR,ERR,ERR,ERR,ERR,ERR,ERR,ERR,ERR,ERR,ERR,ERR,ERR,ERR,ERR,ERR,ERR,-107615400.0,-107615392.0,0.0,-152005385388032.0,-2.012,1.3936040501711995e+18,7.805,0.0,0,0,4,48855,6720,14723890282496.0,100,0.0,0.0,0.0,-152005385388032.0,0.0,0,0,0,0,0.0,0,0,0,0,0,0,0,0,0,0,0,0,0,0,0,0,0,0,0,0,0,0,0,0,0,0,0,0,0,0,0,0,0,26,51,50,76,65476,0,300,0,0,8,21553,0.0,-107605600.0,0.0,0.0,0.0,0.0,0.0,0.0,0.0,0.0,0.0,0.0,0.0,0.0,0.0,0.0,0.0,0.0,0.0,0.0,0.0,0.0,0.0,0.0,2.004,0.0,0.0,0.0,0.0,0.0,4718.0,-0.0,7319.0,-107615400.0,-107615392.0,0.0,-0.0,0.0,0.0,0.0,0.0,77,-3.222029330555234e+26,0.0,0.0,0.0,0.0,0.0,0.0,0.0,0.0,0,0,0,0.0,0.0,0.0,0.0,0.0,0.0,0.0,0.0,0.0,0.0,0.0,0.0,0.0,0.0,0.0,0.0,0,-107875648.0,77,0.0,154,0.0,0.0,ERR,ERR,ERR,ERR,ERR,ERR,ERR,ERR,ERR,ERR,ERR,ERR,ERR,ERR,ERR,ERR,ERR,ERR,ERR,ERR,ERR,ERR,ERR,ERR,ERR,ERR,ERR,ERR,ERR,ERR,ERR,ERR,ERR,ERR,ERR,ERR,ERR,ERR,ERR,ERR,ERR,ERR,ERR,ERR,ERR,ERR,ERR,ERR,ERR,ERR,ERR,ERR,ERR,ERR,ERR,ERR,ERR,ERR,ERR,ERR,ERR,ERR,ERR,ERR,ERR,ERR,ERR,34.0,80.0,35,0.0,0.0,0.0,0.0,0.0,0.0,0.0,0.0,0.0,0.0,0.0,0.0,0.0,0.0,0.0,0.0,66.0,0,121,58,54,65476,0,300,0,0,8,20529,65476,0,0,57672,80.0,0.0,0.0,0.0,0.0,0.0
2026-06-18T02:07:00,ERR,ERR,ERR,ERR,ERR,ERR,ERR,ERR,ERR,ERR,ERR,ERR,ERR,ERR,ERR,ERR,ERR,ERR,ERR,ERR,ERR,ERR,ERR,ERR,ERR,ERR,ERR,ERR,ERR,ERR,ERR,ERR,ERR,ERR,ERR,ERR,ERR,ERR,ERR,ERR,ERR,ERR,ERR,ERR,ERR,ERR,ERR,ERR,ERR,ERR,ERR,ERR,ERR,ERR,ERR,ERR,ERR,ERR,ERR,ERR,ERR,ERR,ERR,ERR,ERR,ERR,ERR,ERR,ERR,ERR,ERR,ERR,ERR,ERR,ERR,ERR,ERR,ERR,ERR,ERR,ERR,ERR,ERR,ERR,ERR,ERR,ERR,ERR,ERR,ERR,ERR,ERR,ERR,ERR,ERR,ERR,ERR,ERR,ERR,ERR,ERR,ERR,ERR,ERR,ERR,ERR,ERR,ERR,ERR,ERR,ERR,ERR,ERR,ERR,ERR,ERR,ERR,ERR,ERR,ERR,ERR,ERR,ERR,ERR,ERR,-107615400.0,-107615392.0,0.0,-152005385388032.0,-2.012,1.3936040501711995e+18,7.805,0.0,0,0,4,48855,6720,14723890282496.0,100,0.0,0.0,0.0,-152005385388032.0,0.0,0,0,0,0,0.0,0,0,0,0,0,0,0,0,0,0,0,0,0,0,0,0,0,0,0,0,0,0,0,0,0,0,0,0,0,0,0,0,0,26,51,50,76,65476,0,300,0,0,8,21553,0.0,-107605600.0,0.0,0.0,0.0,0.0,0.0,0.0,0.0,0.0,0.0,0.0,0.0,0.0,0.0,0.0,0.0,0.0,0.0,0.0,0.0,0.0,0.0,0.0,2.004,0.0,0.0,0.0,0.0,0.0,4718.0,-0.0,7319.0,-107615400.0,-107615392.0,0.0,-0.0,0.0,0.0,0.0,0.0,77,-3.222029330555234e+26,0.0,0.0,0.0,0.0,0.0,0.0,0.0,0.0,0,0,0,0.0,0.0,0.0,0.0,0.0,0.0,0.0,0.0,0.0,0.0,0.0,0.0,0.0,0.0,0.0,0.0,0,-107875648.0,77,0.0,154,0.0,0.0,ERR,ERR,ERR,ERR,ERR,ERR,ERR,ERR,ERR,ERR,ERR,ERR,ERR,ERR,ERR,ERR,ERR,ERR,ERR,ERR,ERR,ERR,ERR,ERR,ERR,ERR,ERR,ERR,ERR,ERR,ERR,ERR,ERR,ERR,ERR,ERR,ERR,ERR,ERR,ERR,ERR,ERR,ERR,ERR,ERR,ERR,ERR,ERR,ERR,ERR,ERR,ERR,ERR,ERR,ERR,ERR,ERR,ERR,ERR,ERR,ERR,ERR,ERR,ERR,ERR,ERR,ERR,34.0,80.0,35,0.0,0.0,0.0,0.0,0.0,0.0,0.0,0.0,0.0,0.0,0.0,0.0,0.0,0.0,0.0,0.0,66.0,0,121,58,54,65476,0,300,0,0,8,20529,65476,0,0,57672,80.0,0.0,0.0,0.0,0.0,0.0
2026-06-18T02:07:01,ERR,ERR,ERR,ERR,ERR,ERR,ERR,ERR,ERR,ERR,ERR,ERR,ERR,ERR,ERR,ERR,ERR,ERR,ERR,ERR,ERR,ERR,ERR,ERR,ERR,ERR,ERR,ERR,ERR,ERR,ERR,ERR,ERR,ERR,ERR,ERR,ERR,ERR,ERR,ERR,ERR,ERR,ERR,ERR,ERR,ERR,ERR,ERR,ERR,ERR,ERR,ERR,ERR,ERR,ERR,ERR,ERR,ERR,ERR,ERR,ERR,ERR,ERR,ERR,ERR,ERR,ERR,ERR,ERR,ERR,ERR,ERR,ERR,ERR,ERR,ERR,ERR,ERR,ERR,ERR,ERR,ERR,ERR,ERR,ERR,ERR,ERR,ERR,ERR,ERR,ERR,ERR,ERR,ERR,ERR,ERR,ERR,ERR,ERR,ERR,ERR,ERR,ERR,ERR,ERR,ERR,ERR,ERR,ERR,ERR,ERR,ERR,ERR,ERR,ERR,ERR,ERR,ERR,ERR,ERR,ERR,ERR,ERR,ERR,ERR,-0.0,-107615392.0,-134999232.0,-4.9501291711397626e+32,0.0,1.3936040501711995e+18,7.805,51974472.0,0,0,4,48863,6720,14723890282496.0,100,0.0,0.0,0.0,-4.9501291711397626e+32,0.0,0,0,0,0,0.0,0,0,0,0,0,0,0,0,0,0,0,0,0,0,0,0,0,0,0,0,0,0,0,0,0,0,0,0,0,0,0,0,0,26,51,50,76,65476,0,300,0,0,8,21553,0.0,-107605600.0,0.0,0.0,0.0,0.0,0.0,0.0,0.0,0.0,0.0,0.0,0.0,0.0,0.0,0.0,0.0,0.0,0.0,0.0,0.0,0.0,0.0,0.0,2.004,0.0,0.0,0.0,0.0,0.0,4716.0,-0.0,7319.0,-107615400.0,-107615392.0,0.0,-0.0,0.0,0.0,0.0,0.0,77,-2.3088407177156624e+20,0.0,0.0,0.0,0.0,0.0,0.0,0.0,0.0,0,0,0,0.0,0.0,0.0,0.0,0.0,0.0,0.0,0.0,0.0,0.0,0.0,0.0,0.0,0.0,0.0,0.0,0,-107875648.0,77,0.0,154,0.0,2.6533922776413385e+23,ERR,ERR,ERR,ERR,ERR,ERR,ERR,ERR,ERR,ERR,ERR,ERR,ERR,ERR,ERR,ERR,ERR,ERR,ERR,ERR,ERR,ERR,ERR,ERR,ERR,ERR,ERR,ERR,ERR,ERR,ERR,ERR,ERR,ERR,ERR,ERR,ERR,ERR,ERR,ERR,ERR,ERR,ERR,ERR,ERR,ERR,ERR,ERR,ERR,ERR,ERR,ERR,ERR,ERR,ERR,ERR,ERR,ERR,ERR,ERR,ERR,ERR,ERR,ERR,ERR,ERR,ERR,34.0,80.0,35,0.0,0.0,0.0,0.0,0.0,0.0,0.0,0.0,0.0,0.0,0.0,0.0,0.0,0.0,0.0,0.0,66.0,0,121,58,54,65476,0,300,0,0,8,20529,65476,0,0,57672,80.0,0.0,0.0,0.0,0.0,0.0
2026-06-18T02:07:02,ERR,ERR,ERR,ERR,ERR,ERR,ERR,ERR,ERR,ERR,ERR,ERR,ERR,ERR,ERR,ERR,ERR,ERR,ERR,ERR,ERR,ERR,ERR,ERR,ERR,ERR,ERR,ERR,ERR,ERR,ERR,ERR,ERR,ERR,ERR,ERR,ERR,ERR,ERR,ERR,ERR,ERR,ERR,ERR,ERR,ERR,ERR,ERR,ERR,ERR,ERR,ERR,ERR,ERR,ERR,ERR,ERR,ERR,ERR,ERR,ERR,ERR,ERR,ERR,ERR,ERR,ERR,ERR,ERR,ERR,ERR,ERR,ERR,ERR,ERR,ERR,ERR,ERR,ERR,ERR,ERR,ERR,ERR,ERR,ERR,ERR,ERR,ERR,ERR,ERR,ERR,ERR,ERR,ERR,ERR,ERR,ERR,ERR,ERR,ERR,ERR,ERR,ERR,ERR,ERR,ERR,ERR,ERR,ERR,ERR,ERR,ERR,ERR,ERR,ERR,ERR,ERR,ERR,ERR,ERR,ERR,ERR,ERR,ERR,ERR,-0.0,-107615392.0,-134999232.0,-4.9501291711397626e+32,0.0,1.3936040501711995e+18,7.805,51974472.0,0,0,4,48863,6720,14723890282496.0,100,0.0,0.0,0.0,-4.9501291711397626e+32,0.0,0,0,0,0,0.0,0,0,0,0,0,0,0,0,0,0,0,0,0,0,0,0,0,0,0,0,0,0,0,0,0,0,0,0,0,0,0,0,0,26,51,50,76,65476,0,300,0,0,8,21553,0.0,-107605600.0,0.0,0.0,0.0,0.0,0.0,0.0,0.0,0.0,0.0,0.0,0.0,0.0,0.0,0.0,0.0,0.0,0.0,0.0,0.0,0.0,0.0,0.0,2.004,0.0,0.0,0.0,0.0,0.0,4716.0,-0.0,7319.0,-107615400.0,-107615392.0,0.0,-0.0,0.0,0.0,0.0,0.0,77,-2.3088407177156624e+20,0.0,0.0,0.0,0.0,0.0,0.0,0.0,0.0,0,0,0,0.0,0.0,0.0,0.0,0.0,0.0,0.0,0.0,0.0,0.0,0.0,0.0,0.0,0.0,0.0,0.0,0,-107875648.0,77,0.0,154,0.0,2.6533922776413385e+23,ERR,ERR,ERR,ERR,ERR,ERR,ERR,ERR,ERR,ERR,ERR,ERR,ERR,ERR,ERR,ERR,ERR,ERR,ERR,ERR,ERR,ERR,ERR,ERR,ERR,ERR,ERR,ERR,ERR,ERR,ERR,ERR,ERR,ERR,ERR,ERR,ERR,ERR,ERR,ERR,ERR,ERR,ERR,ERR,ERR,ERR,ERR,ERR,ERR,ERR,ERR,ERR,ERR,ERR,ERR,ERR,ERR,ERR,ERR,ERR,ERR,ERR,ERR,ERR,ERR,ERR,ERR,34.0,80.0,35,0.0,0.0,0.0,0.0,0.0,0.0,0.0,0.0,0.0,0.0,0.0,0.0,0.0,0.0,0.0,0.0,66.0,0,121,58,54,65476,0,300,0,0,8,20529,65476,0,0,57672,80.0,0.0,0.0,0.0,0.0,0.0
2026-06-18T02:07:03,ERR,ERR,ERR,ERR,ERR,ERR,ERR,ERR,ERR,ERR,ERR,ERR,ERR,ERR,ERR,ERR,ERR,ERR,ERR,ERR,ERR,ERR,ERR,ERR,ERR,ERR,ERR,ERR,ERR,ERR,ERR,ERR,ERR,ERR,ERR,ERR,ERR,ERR,ERR,ERR,ERR,ERR,ERR,ERR,ERR,ERR,ERR,ERR,ERR,ERR,ERR,ERR,ERR,ERR,ERR,ERR,ERR,ERR,ERR,ERR,ERR,ERR,ERR,ERR,ERR,ERR,ERR,ERR,ERR,ERR,ERR,ERR,ERR,ERR,ERR,ERR,ERR,ERR,ERR,ERR,ERR,ERR,ERR,ERR,ERR,ERR,ERR,ERR,ERR,ERR,ERR,ERR,ERR,ERR,ERR,ERR,ERR,ERR,ERR,ERR,ERR,ERR,ERR,ERR,ERR,ERR,ERR,ERR,ERR,ERR,ERR,ERR,ERR,ERR,ERR,ERR,ERR,ERR,ERR,ERR,ERR,ERR,ERR,ERR,ERR,-0.0,-107615392.0,-134999232.0,-4.9501291711397626e+32,0.0,1.3936040501711995e+18,7.805,51974472.0,0,0,4,48863,6720,14723890282496.0,100,0.0,0.0,0.0,-4.9501291711397626e+32,0.0,0,0,0,0,0.0,0,0,0,0,0,0,0,0,0,0,0,0,0,0,0,0,0,0,0,0,0,0,0,0,0,0,0,0,0,0,0,0,0,26,51,50,76,65476,0,300,0,0,8,21553,0.0,-107605600.0,0.0,0.0,0.0,0.0,0.0,0.0,0.0,0.0,0.0,0.0,0.0,0.0,0.0,0.0,0.0,0.0,0.0,0.0,0.0,0.0,0.0,0.0,2.004,0.0,0.0,0.0,0.0,0.0,4716.0,-0.0,7319.0,-107615400.0,-107615392.0,0.0,-0.0,0.0,0.0,0.0,0.0,77,-2.3088407177156624e+20,0.0,0.0,0.0,0.0,0.0,0.0,0.0,0.0,0,0,0,0.0,0.0,0.0,0.0,0.0,0.0,0.0,0.0,0.0,0.0,0.0,0.0,0.0,0.0,0.0,0.0,0,-107875648.0,77,0.0,154,0.0,2.6533922776413385e+23,ERR,ERR,ERR,ERR,ERR,ERR,ERR,ERR,ERR,ERR,ERR,ERR,ERR,ERR,ERR,ERR,ERR,ERR,ERR,ERR,ERR,ERR,ERR,ERR,ERR,ERR,ERR,ERR,ERR,ERR,ERR,ERR,ERR,ERR,ERR,ERR,ERR,ERR,ERR,ERR,ERR,ERR,ERR,ERR,ERR,ERR,ERR,ERR,ERR,ERR,ERR,ERR,ERR,ERR,ERR,ERR,ERR,ERR,ERR,ERR,ERR,ERR,ERR,ERR,ERR,ERR,ERR,34.0,80.0,35,0.0,0.0,0.0,0.0,0.0,0.0,0.0,0.0,0.0,0.0,0.0,0.0,0.0,0.0,0.0,0.0,66.0,0,121,58,54,65476,0,300,0,0,8,20529,65476,0,0,57672,80.0,0.0,0.0,0.0,0.0,0.0
2026-06-18T02:07:04,ERR,ERR,ERR,ERR,ERR,ERR,ERR,ERR,ERR,ERR,ERR,ERR,ERR,ERR,ERR,ERR,ERR,ERR,ERR,ERR,ERR,ERR,ERR,ERR,ERR,ERR,ERR,ERR,ERR,ERR,ERR,ERR,ERR,ERR,ERR,ERR,ERR,ERR,ERR,ERR,ERR,ERR,ERR,ERR,ERR,ERR,ERR,ERR,ERR,ERR,ERR,ERR,ERR,ERR,ERR,ERR,ERR,ERR,ERR,ERR,ERR,ERR,ERR,ERR,ERR,ERR,ERR,ERR,ERR,ERR,ERR,ERR,ERR,ERR,ERR,ERR,ERR,ERR,ERR,ERR,ERR,ERR,ERR,ERR,ERR,ERR,ERR,ERR,ERR,ERR,ERR,ERR,ERR,ERR,ERR,ERR,ERR,ERR,ERR,ERR,ERR,ERR,ERR,ERR,ERR,ERR,ERR,ERR,ERR,ERR,ERR,ERR,ERR,ERR,ERR,ERR,ERR,ERR,ERR,ERR,ERR,ERR,ERR,ERR,ERR,-0.0,-107615392.0,-134999232.0,-4.9501291711397626e+32,0.0,1.3936040501711995e+18,7.805,51974472.0,0,0,4,48863,6720,14723890282496.0,100,0.0,0.0,0.0,-4.9501291711397626e+32,0.0,0,0,0,0,0.0,0,0,0,0,0,0,0,0,0,0,0,0,0,0,0,0,0,0,0,0,0,0,0,0,0,0,0,0,0,0,0,0,0,26,51,50,76,65476,0,300,0,0,8,21553,0.0,-107605600.0,0.0,0.0,0.0,0.0,0.0,0.0,0.0,0.0,0.0,0.0,0.0,0.0,0.0,0.0,0.0,0.0,0.0,0.0,0.0,0.0,0.0,0.0,2.004,0.0,0.0,0.0,0.0,0.0,4716.0,-0.0,7319.0,-107615400.0,-107615392.0,0.0,-0.0,0.0,0.0,0.0,0.0,77,-2.3088407177156624e+20,0.0,0.0,0.0,0.0,0.0,0.0,0.0,0.0,0,0,0,0.0,0.0,0.0,0.0,0.0,0.0,0.0,0.0,0.0,0.0,0.0,0.0,0.0,0.0,0.0,0.0,0,-107875648.0,77,0.0,154,0.0,2.6533922776413385e+23,ERR,ERR,ERR,ERR,ERR,ERR,ERR,ERR,ERR,ERR,ERR,ERR,ERR,ERR,ERR,ERR,ERR,ERR,ERR,ERR,ERR,ERR,ERR,ERR,ERR,ERR,ERR,ERR,ERR,ERR,ERR,ERR,ERR,ERR,ERR,ERR,ERR,ERR,ERR,ERR,ERR,ERR,ERR,ERR,ERR,ERR,ERR,ERR,ERR,ERR,ERR,ERR,ERR,ERR,ERR,ERR,ERR,ERR,ERR,ERR,ERR,ERR,ERR,ERR,ERR,ERR,ERR,34.0,80.0,35,0.0,0.0,0.0,0.0,0.0,0.0,0.0,0.0,0.0,0.0,0.0,0.0,0.0,0.0,0.0,0.0,66.0,0,121,58,54,65476,0,300,0,0,8,20529,65476,0,0,57672,80.0,0.0,0.0,0.0,0.0,0.0
2026-06-18T02:07:05,ERR,ERR,ERR,ERR,ERR,ERR,ERR,ERR,ERR,ERR,ERR,ERR,ERR,ERR,ERR,ERR,ERR,ERR,ERR,ERR,ERR,ERR,ERR,ERR,ERR,ERR,ERR,ERR,ERR,ERR,ERR,ERR,ERR,ERR,ERR,ERR,ERR,ERR,ERR,ERR,ERR,ERR,ERR,ERR,ERR,ERR,ERR,ERR,ERR,ERR,ERR,ERR,ERR,ERR,ERR,ERR,ERR,ERR,ERR,ERR,ERR,ERR,ERR,ERR,ERR,ERR,ERR,ERR,ERR,ERR,ERR,ERR,ERR,ERR,ERR,ERR,ERR,ERR,ERR,ERR,ERR,ERR,ERR,ERR,ERR,ERR,ERR,ERR,ERR,ERR,ERR,ERR,ERR,ERR,ERR,ERR,ERR,ERR,ERR,ERR,ERR,ERR,ERR,ERR,ERR,ERR,ERR,ERR,ERR,ERR,ERR,ERR,ERR,ERR,ERR,ERR,ERR,ERR,ERR,ERR,ERR,ERR,ERR,ERR,ERR,-0.0,-107615392.0,-134999232.0,-4.9501291711397626e+32,0.0,1.3936040501711995e+18,7.805,51974472.0,0,0,4,48863,6720,14723890282496.0,100,0.0,0.0,0.0,-4.9501291711397626e+32,0.0,0,0,0,0,0.0,0,0,0,0,0,0,0,0,0,0,0,0,0,0,0,0,0,0,0,0,0,0,0,0,0,0,0,0,0,0,0,0,0,26,51,50,76,65476,0,300,0,0,8,21553,0.0,-107605600.0,0.0,0.0,0.0,0.0,0.0,0.0,0.0,0.0,0.0,0.0,0.0,0.0,0.0,0.0,0.0,0.0,0.0,0.0,0.0,0.0,0.0,0.0,2.004,0.0,0.0,0.0,0.0,0.0,4716.0,-0.0,7319.0,-107615400.0,-107615392.0,0.0,-0.0,0.0,0.0,0.0,0.0,77,-2.3088407177156624e+20,0.0,0.0,0.0,0.0,0.0,0.0,0.0,0.0,0,0,0,0.0,0.0,0.0,0.0,0.0,0.0,0.0,0.0,0.0,0.0,0.0,0.0,0.0,0.0,0.0,0.0,0,-107875648.0,77,0.0,154,0.0,2.6533922776413385e+23,ERR,ERR,ERR,ERR,ERR,ERR,ERR,ERR,ERR,ERR,ERR,ERR,ERR,ERR,ERR,ERR,ERR,ERR,ERR,ERR,ERR,ERR,ERR,ERR,ERR,ERR,ERR,ERR,ERR,ERR,ERR,ERR,ERR,ERR,ERR,ERR,ERR,ERR,ERR,ERR,ERR,ERR,ERR,ERR,ERR,ERR,ERR,ERR,ERR,ERR,ERR,ERR,ERR,ERR,ERR,ERR,ERR,ERR,ERR,ERR,ERR,ERR,ERR,ERR,ERR,ERR,ERR,34.0,80.0,35,0.0,0.0,0.0,0.0,0.0,0.0,0.0,0.0,0.0,0.0,0.0,0.0,0.0,0.0,0.0,0.0,66.0,0,121,58,54,65476,0,300,0,0,8,20529,65476,0,0,57672,80.0,0.0,0.0,0.0,0.0,0.0
2026-06-18T02:07:06,ERR,ERR,ERR,ERR,ERR,ERR,ERR,ERR,ERR,ERR,ERR,ERR,ERR,ERR,ERR,ERR,ERR,ERR,ERR,ERR,ERR,ERR,ERR,ERR,ERR,ERR,ERR,ERR,ERR,ERR,ERR,ERR,ERR,ERR,ERR,ERR,ERR,ERR,ERR,ERR,ERR,ERR,ERR,ERR,ERR,ERR,ERR,ERR,ERR,ERR,ERR,ERR,ERR,ERR,ERR,ERR,ERR,ERR,ERR,ERR,ERR,ERR,ERR,ERR,ERR,ERR,ERR,ERR,ERR,ERR,ERR,ERR,ERR,ERR,ERR,ERR,ERR,ERR,ERR,ERR,ERR,ERR,ERR,ERR,ERR,ERR,ERR,ERR,ERR,ERR,ERR,ERR,ERR,ERR,ERR,ERR,ERR,ERR,ERR,ERR,ERR,ERR,ERR,ERR,ERR,ERR,ERR,ERR,ERR,ERR,ERR,ERR,ERR,ERR,ERR,ERR,ERR,ERR,ERR,ERR,ERR,ERR,ERR,ERR,ERR,-0.0,-107615392.0,-134999232.0,-4.9501291711397626e+32,0.0,1.3936040501711995e+18,7.805,51974472.0,0,0,4,48863,6720,14723890282496.0,100,0.0,0.0,0.0,-4.9501291711397626e+32,0.0,0,0,0,0,0.0,0,0,0,0,0,0,0,0,0,0,0,0,0,0,0,0,0,0,0,0,0,0,0,0,0,0,0,0,0,0,0,0,0,26,51,50,76,65476,0,300,0,0,8,21553,0.0,-107605600.0,0.0,0.0,0.0,0.0,0.0,0.0,0.0,0.0,0.0,0.0,0.0,0.0,0.0,0.0,0.0,0.0,0.0,0.0,0.0,0.0,0.0,0.0,2.004,0.0,0.0,0.0,0.0,0.0,4716.0,-0.0,7319.0,-107615400.0,-107615392.0,0.0,-0.0,0.0,0.0,0.0,0.0,77,-2.3088407177156624e+20,0.0,0.0,0.0,0.0,0.0,0.0,0.0,0.0,0,0,0,0.0,0.0,0.0,0.0,0.0,0.0,0.0,0.0,0.0,0.0,0.0,0.0,0.0,0.0,0.0,0.0,0,-107875648.0,77,0.0,154,0.0,2.6533922776413385e+23,ERR,ERR,ERR,ERR,ERR,ERR,ERR,ERR,ERR,ERR,ERR,ERR,ERR,ERR,ERR,ERR,ERR,ERR,ERR,ERR,ERR,ERR,ERR,ERR,ERR,ERR,ERR,ERR,ERR,ERR,ERR,ERR,ERR,ERR,ERR,ERR,ERR,ERR,ERR,ERR,ERR,ERR,ERR,ERR,ERR,ERR,ERR,ERR,ERR,ERR,ERR,ERR,ERR,ERR,ERR,ERR,ERR,ERR,ERR,ERR,ERR,ERR,ERR,ERR,ERR,ERR,ERR,34.0,80.0,35,0.0,0.0,0.0,0.0,0.0,0.0,0.0,0.0,0.0,0.0,0.0,0.0,0.0,0.0,0.0,0.0,66.4,0,121,58,54,65476,0,300,0,0,8,20529,65476,0,0,57672,80.0,0.0,0.0,0.0,0.0,0.0
2026-06-18T02:07:07,ERR,ERR,ERR,ERR,ERR,ERR,ERR,ERR,ERR,ERR,ERR,ERR,ERR,ERR,ERR,ERR,ERR,ERR,ERR,ERR,ERR,ERR,ERR,ERR,ERR,ERR,ERR,ERR,ERR,ERR,ERR,ERR,ERR,ERR,ERR,ERR,ERR,ERR,ERR,ERR,ERR,ERR,ERR,ERR,ERR,ERR,ERR,ERR,ERR,ERR,ERR,ERR,ERR,ERR,ERR,ERR,ERR,ERR,ERR,ERR,ERR,ERR,ERR,ERR,ERR,ERR,ERR,ERR,ERR,ERR,ERR,ERR,ERR,ERR,ERR,ERR,ERR,ERR,ERR,ERR,ERR,ERR,ERR,ERR,ERR,ERR,ERR,ERR,ERR,ERR,ERR,ERR,ERR,ERR,ERR,ERR,ERR,ERR,ERR,ERR,ERR,ERR,ERR,ERR,ERR,ERR,ERR,ERR,ERR,ERR,ERR,ERR,ERR,ERR,ERR,ERR,ERR,ERR,ERR,ERR,ERR,ERR,ERR,ERR,ERR,-107615400.0,-107615392.0,0.0,-0.0,2.012,1.3936040501711995e+18,7.805,-1.8245132555090963e+22,0,0,4,48903,6720,14723890282496.0,100,0.0,0.0,0.0,-152005385388032.0,0.0,0,0,0,0,0.0,0,0,0,0,0,0,0,0,0,0,0,0,0,0,0,0,0,0,0,0,0,0,0,0,0,0,0,0,0,0,0,0,0,26,51,50,76,65476,0,300,0,0,8,21553,0.0,-107605600.0,0.0,0.0,0.0,0.0,0.0,0.0,0.0,0.0,0.0,0.0,0.0,0.0,0.0,0.0,0.0,0.0,0.0,0.0,0.0,0.0,2.004,0.0,2.004,0.0,0.0,0.0,0.0,0.0,4717.0,-2.004,7320.0,-107615400.0,-107615392.0,0.0,2.7184312818759872e+23,0.0,0.0,0.0,0.0,77,-2.7184303811560617e+23,0.0,0.0,0.0,0.0,0.0,0.0,0.0,0.0,0,0,0,0.0,0.0,0.0,0.0,0.0,0.0,0.0,0.0,0.0,0.0,0.0,0.0,0.0,0.0,0.0,0.0,0,-107875648.0,77,0.0,154,0.0,0.0,ERR,ERR,ERR,ERR,ERR,ERR,ERR,ERR,ERR,ERR,ERR,ERR,ERR,ERR,ERR,ERR,ERR,ERR,ERR,ERR,ERR,ERR,ERR,ERR,ERR,ERR,ERR,ERR,ERR,ERR,ERR,ERR,ERR,ERR,ERR,ERR,ERR,ERR,ERR,ERR,ERR,ERR,ERR,ERR,ERR,ERR,ERR,ERR,ERR,ERR,ERR,ERR,ERR,ERR,ERR,ERR,ERR,ERR,ERR,ERR,ERR,ERR,ERR,ERR,ERR,ERR,ERR,34.0,80.0,35,0.0,0.0,0.0,0.0,0.0,0.0,0.0,0.0,0.0,0.0,0.0,0.0,0.0,0.0,0.0,0.0,66.4,0,121,58,54,65476,0,300,0,0,8,20529,65476,0,0,57672,80.0,0.0,0.0,0.0,0.0,0.0
2026-06-18T02:07:08,ERR,ERR,ERR,ERR,ERR,ERR,ERR,ERR,ERR,ERR,ERR,ERR,ERR,ERR,ERR,ERR,ERR,ERR,ERR,ERR,ERR,ERR,ERR,ERR,ERR,ERR,ERR,ERR,ERR,ERR,ERR,ERR,ERR,ERR,ERR,ERR,ERR,ERR,ERR,ERR,ERR,ERR,ERR,ERR,ERR,ERR,ERR,ERR,ERR,ERR,ERR,ERR,ERR,ERR,ERR,ERR,ERR,ERR,ERR,ERR,ERR,ERR,ERR,ERR,ERR,ERR,ERR,ERR,ERR,ERR,ERR,ERR,ERR,ERR,ERR,ERR,ERR,ERR,ERR,ERR,ERR,ERR,ERR,ERR,ERR,ERR,ERR,ERR,ERR,ERR,ERR,ERR,ERR,ERR,ERR,ERR,ERR,ERR,ERR,ERR,ERR,ERR,ERR,ERR,ERR,ERR,ERR,ERR,ERR,ERR,ERR,ERR,ERR,ERR,ERR,ERR,ERR,ERR,ERR,ERR,ERR,ERR,ERR,ERR,ERR,-107615400.0,-107615392.0,0.0,-0.0,2.012,1.3936040501711995e+18,7.805,-1.8245132555090963e+22,0,0,4,48903,6720,14723890282496.0,100,0.0,0.0,0.0,-152005385388032.0,0.0,0,0,0,0,0.0,0,0,0,0,0,0,0,0,0,0,0,0,0,0,0,0,0,0,0,0,0,0,0,0,0,0,0,0,0,0,0,0,0,26,51,50,76,65476,0,300,0,0,8,21553,0.0,-107605600.0,0.0,0.0,0.0,0.0,0.0,0.0,0.0,0.0,0.0,0.0,0.0,0.0,0.0,0.0,0.0,0.0,0.0,0.0,0.0,0.0,2.004,0.0,2.004,0.0,0.0,0.0,0.0,0.0,4717.0,-2.004,7320.0,-107615400.0,-107615392.0,0.0,2.7184312818759872e+23,0.0,0.0,0.0,0.0,77,-2.7184303811560617e+23,0.0,0.0,0.0,0.0,0.0,0.0,0.0,0.0,0,0,0,0.0,0.0,0.0,0.0,0.0,0.0,0.0,0.0,0.0,0.0,0.0,0.0,0.0,0.0,0.0,0.0,0,-107875648.0,77,0.0,154,0.0,0.0,ERR,ERR,ERR,ERR,ERR,ERR,ERR,ERR,ERR,ERR,ERR,ERR,ERR,ERR,ERR,ERR,ERR,ERR,ERR,ERR,ERR,ERR,ERR,ERR,ERR,ERR,ERR,ERR,ERR,ERR,ERR,ERR,ERR,ERR,ERR,ERR,ERR,ERR,ERR,ERR,ERR,ERR,ERR,ERR,ERR,ERR,ERR,ERR,ERR,ERR,ERR,ERR,ERR,ERR,ERR,ERR,ERR,ERR,ERR,ERR,ERR,ERR,ERR,ERR,ERR,ERR,ERR,34.0,80.0,35,0.0,0.0,0.0,0.0,0.0,0.0,0.0,0.0,0.0,0.0,0.0,0.0,0.0,0.0,0.0,0.0,66.0,0,121,58,54,65476,0,300,0,0,8,20529,65476,0,0,57672,80.0,0.0,0.0,0.0,0.0,0.0
2026-06-18T02:07:09,ERR,ERR,ERR,ERR,ERR,ERR,ERR,ERR,ERR,ERR,ERR,ERR,ERR,ERR,ERR,ERR,ERR,ERR,ERR,ERR,ERR,ERR,ERR,ERR,ERR,ERR,ERR,ERR,ERR,ERR,ERR,ERR,ERR,ERR,ERR,ERR,ERR,ERR,ERR,ERR,ERR,ERR,ERR,ERR,ERR,ERR,ERR,ERR,ERR,ERR,ERR,ERR,ERR,ERR,ERR,ERR,ERR,ERR,ERR,ERR,ERR,ERR,ERR,ERR,ERR,ERR,ERR,ERR,ERR,ERR,ERR,ERR,ERR,ERR,ERR,ERR,ERR,ERR,ERR,ERR,ERR,ERR,ERR,ERR,ERR,ERR,ERR,ERR,ERR,ERR,ERR,ERR,ERR,ERR,ERR,ERR,ERR,ERR,ERR,ERR,ERR,ERR,ERR,ERR,ERR,ERR,ERR,ERR,ERR,ERR,ERR,ERR,ERR,ERR,ERR,ERR,ERR,ERR,ERR,ERR,ERR,ERR,ERR,ERR,ERR,-107615400.0,-107615392.0,0.0,-0.0,2.012,1.3936040501711995e+18,7.805,-1.8245132555090963e+22,0,0,4,48903,6720,14723890282496.0,100,0.0,0.0,0.0,-152005385388032.0,0.0,0,0,0,0,0.0,0,0,0,0,0,0,0,0,0,0,0,0,0,0,0,0,0,0,0,0,0,0,0,0,0,0,0,0,0,0,0,0,0,26,51,50,76,65476,0,300,0,0,8,21553,0.0,-107605600.0,0.0,0.0,0.0,0.0,0.0,0.0,0.0,0.0,0.0,0.0,0.0,0.0,0.0,0.0,0.0,0.0,0.0,0.0,0.0,0.0,2.004,0.0,2.004,0.0,0.0,0.0,0.0,0.0,4717.0,-2.004,7320.0,-107615400.0,-107615392.0,0.0,2.7184312818759872e+23,0.0,0.0,0.0,0.0,77,-2.7184303811560617e+23,0.0,0.0,0.0,0.0,0.0,0.0,0.0,0.0,0,0,0,0.0,0.0,0.0,0.0,0.0,0.0,0.0,0.0,0.0,0.0,0.0,0.0,0.0,0.0,0.0,0.0,0,-107875648.0,77,0.0,154,0.0,0.0,ERR,ERR,ERR,ERR,ERR,ERR,ERR,ERR,ERR,ERR,ERR,ERR,ERR,ERR,ERR,ERR,ERR,ERR,ERR,ERR,ERR,ERR,ERR,ERR,ERR,ERR,ERR,ERR,ERR,ERR,ERR,ERR,ERR,ERR,ERR,ERR,ERR,ERR,ERR,ERR,ERR,ERR,ERR,ERR,ERR,ERR,ERR,ERR,ERR,ERR,ERR,ERR,ERR,ERR,ERR,ERR,ERR,ERR,ERR,ERR,ERR,ERR,ERR,ERR,ERR,ERR,ERR,34.0,80.0,35,0.0,0.0,0.0,0.0,0.0,0.0,0.0,0.0,0.0,0.0,0.0,0.0,0.0,0.0,0.0,0.0,66.0,0,121,58,54,65476,0,300,0,0,8,20529,65476,0,0,57672,80.0,0.0,0.0,0.0,0.0,0.0
2026-06-18T02:07:10,ERR,ERR,ERR,ERR,ERR,ERR,ERR,ERR,ERR,ERR,ERR,ERR,ERR,ERR,ERR,ERR,ERR,ERR,ERR,ERR,ERR,ERR,ERR,ERR,ERR,ERR,ERR,ERR,ERR,ERR,ERR,ERR,ERR,ERR,ERR,ERR,ERR,ERR,ERR,ERR,ERR,ERR,ERR,ERR,ERR,ERR,ERR,ERR,ERR,ERR,ERR,ERR,ERR,ERR,ERR,ERR,ERR,ERR,ERR,ERR,ERR,ERR,ERR,ERR,ERR,ERR,ERR,ERR,ERR,ERR,ERR,ERR,ERR,ERR,ERR,ERR,ERR,ERR,ERR,ERR,ERR,ERR,ERR,ERR,ERR,ERR,ERR,ERR,ERR,ERR,ERR,ERR,ERR,ERR,ERR,ERR,ERR,ERR,ERR,ERR,ERR,ERR,ERR,ERR,ERR,ERR,ERR,ERR,ERR,ERR,ERR,ERR,ERR,ERR,ERR,ERR,ERR,ERR,ERR,ERR,ERR,ERR,ERR,ERR,ERR,-107615400.0,-107615392.0,0.0,-0.0,2.012,1.3936040501711995e+18,7.805,-1.8245132555090963e+22,0,0,4,48903,6720,14723890282496.0,100,0.0,0.0,0.0,-152005385388032.0,0.0,0,0,0,0,0.0,0,0,0,0,0,0,0,0,0,0,0,0,0,0,0,0,0,0,0,0,0,0,0,0,0,0,0,0,0,0,0,0,0,26,51,50,76,65476,0,300,0,0,8,21553,0.0,-107605600.0,0.0,0.0,0.0,0.0,0.0,0.0,0.0,0.0,0.0,0.0,0.0,0.0,0.0,0.0,0.0,0.0,0.0,0.0,0.0,0.0,2.004,0.0,2.004,0.0,0.0,0.0,0.0,0.0,4717.0,-2.004,7320.0,-107615400.0,-107615392.0,0.0,2.7184312818759872e+23,0.0,0.0,0.0,0.0,77,-2.7184303811560617e+23,0.0,0.0,0.0,0.0,0.0,0.0,0.0,0.0,0,0,0,0.0,0.0,0.0,0.0,0.0,0.0,0.0,0.0,0.0,0.0,0.0,0.0,0.0,0.0,0.0,0.0,0,-107875648.0,77,0.0,154,0.0,0.0,ERR,ERR,ERR,ERR,ERR,ERR,ERR,ERR,ERR,ERR,ERR,ERR,ERR,ERR,ERR,ERR,ERR,ERR,ERR,ERR,ERR,ERR,ERR,ERR,ERR,ERR,ERR,ERR,ERR,ERR,ERR,ERR,ERR,ERR,ERR,ERR,ERR,ERR,ERR,ERR,ERR,ERR,ERR,ERR,ERR,ERR,ERR,ERR,ERR,ERR,ERR,ERR,ERR,ERR,ERR,ERR,ERR,ERR,ERR,ERR,ERR,ERR,ERR,ERR,ERR,ERR,ERR,34.0,80.0,35,0.0,0.0,0.0,0.0,0.0,0.0,0.0,0.0,0.0,0.0,0.0,0.0,0.0,0.0,0.0,0.0,66.0,0,121,58,54,65476,0,300,0,0,8,20529,65476,0,0,57672,80.0,0.0,0.0,0.0,0.0,0.0
2026-06-18T02:07:11,ERR,ERR,ERR,ERR,ERR,ERR,ERR,ERR,ERR,ERR,ERR,ERR,ERR,ERR,ERR,ERR,ERR,ERR,ERR,ERR,ERR,ERR,ERR,ERR,ERR,ERR,ERR,ERR,ERR,ERR,ERR,ERR,ERR,ERR,ERR,ERR,ERR,ERR,ERR,ERR,ERR,ERR,ERR,ERR,ERR,ERR,ERR,ERR,ERR,ERR,ERR,ERR,ERR,ERR,ERR,ERR,ERR,ERR,ERR,ERR,ERR,ERR,ERR,ERR,ERR,ERR,ERR,ERR,ERR,ERR,ERR,ERR,ERR,ERR,ERR,ERR,ERR,ERR,ERR,ERR,ERR,ERR,ERR,ERR,ERR,ERR,ERR,ERR,ERR,ERR,ERR,ERR,ERR,ERR,ERR,ERR,ERR,ERR,ERR,ERR,ERR,ERR,ERR,ERR,ERR,ERR,ERR,ERR,ERR,ERR,ERR,ERR,ERR,ERR,ERR,ERR,ERR,ERR,ERR,ERR,ERR,ERR,ERR,ERR,ERR,-107615400.0,-107615392.0,0.0,-0.0,2.012,1.3936040501711995e+18,7.805,-1.8245132555090963e+22,0,0,4,48903,6720,14723890282496.0,100,0.0,0.0,0.0,-152005385388032.0,0.0,0,0,0,0,0.0,0,0,0,0,0,0,0,0,0,0,0,0,0,0,0,0,0,0,0,0,0,0,0,0,0,0,0,0,0,0,0,0,0,26,51,50,76,65476,0,300,0,0,8,21553,0.0,-107605600.0,0.0,0.0,0.0,0.0,0.0,0.0,0.0,0.0,0.0,0.0,0.0,0.0,0.0,0.0,0.0,0.0,0.0,0.0,0.0,0.0,2.004,0.0,2.004,0.0,0.0,0.0,0.0,0.0,4717.0,-2.004,7320.0,-107615400.0,-107615392.0,0.0,2.7184312818759872e+23,0.0,0.0,0.0,0.0,77,-2.7184303811560617e+23,0.0,0.0,0.0,0.0,0.0,0.0,0.0,0.0,0,0,0,0.0,0.0,0.0,0.0,0.0,0.0,0.0,0.0,0.0,0.0,0.0,0.0,0.0,0.0,0.0,0.0,0,-107875648.0,77,0.0,154,0.0,0.0,ERR,ERR,ERR,ERR,ERR,ERR,ERR,ERR,ERR,ERR,ERR,ERR,ERR,ERR,ERR,ERR,ERR,ERR,ERR,ERR,ERR,ERR,ERR,ERR,ERR,ERR,ERR,ERR,ERR,ERR,ERR,ERR,ERR,ERR,ERR,ERR,ERR,ERR,ERR,ERR,ERR,ERR,ERR,ERR,ERR,ERR,ERR,ERR,ERR,ERR,ERR,ERR,ERR,ERR,ERR,ERR,ERR,ERR,ERR,ERR,ERR,ERR,ERR,ERR,ERR,ERR,ERR,34.0,80.0,35,0.0,0.0,0.0,0.0,0.0,0.0,0.0,0.0,0.0,0.0,0.0,0.0,0.0,0.0,0.0,0.0,66.4,0,121,58,54,65476,0,300,0,0,8,20529,65476,0,0,57672,80.0,0.0,0.0,0.0,0.0,0.0
2026-06-18T02:07:12,ERR,ERR,ERR,ERR,ERR,ERR,ERR,ERR,ERR,ERR,ERR,ERR,ERR,ERR,ERR,ERR,ERR,ERR,ERR,ERR,ERR,ERR,ERR,ERR,ERR,ERR,ERR,ERR,ERR,ERR,ERR,ERR,ERR,ERR,ERR,ERR,ERR,ERR,ERR,ERR,ERR,ERR,ERR,ERR,ERR,ERR,ERR,ERR,ERR,ERR,ERR,ERR,ERR,ERR,ERR,ERR,ERR,ERR,ERR,ERR,ERR,ERR,ERR,ERR,ERR,ERR,ERR,ERR,ERR,ERR,ERR,ERR,ERR,ERR,ERR,ERR,ERR,ERR,ERR,ERR,ERR,ERR,ERR,ERR,ERR,ERR,ERR,ERR,ERR,ERR,ERR,ERR,ERR,ERR,ERR,ERR,ERR,ERR,ERR,ERR,ERR,ERR,ERR,ERR,ERR,ERR,ERR,ERR,ERR,ERR,ERR,ERR,ERR,ERR,ERR,ERR,ERR,ERR,ERR,ERR,ERR,ERR,ERR,ERR,ERR,-107615400.0,-107615392.0,0.0,-107609184.0,-0.0,1.3936040501711995e+18,7.805,0.0,0,0,4,48904,6720,14723890282496.0,100,0.0,0.0,0.0,-4.9501291711397626e+32,0.0,0,0,0,0,0.0,0,0,0,0,0,0,0,0,0,0,0,0,0,0,0,0,0,0,0,0,0,0,0,0,0,0,0,0,0,0,0,0,0,26,51,50,76,65476,0,300,0,0,8,21553,0.0,-107605600.0,0.0,0.0,0.0,0.0,0.0,0.0,0.0,0.0,0.0,0.0,0.0,0.0,0.0,0.0,0.0,0.0,0.0,0.0,0.0,0.0,0.0,0.0,2.004,0.0,0.0,0.0,0.0,0.0,4718.0,-131350.297,7321.0,-107615400.0,-107615392.0,0.0,-0.0,0.0,0.0,0.0,0.0,77,-3.222029330555234e+26,0.0,0.0,0.0,0.0,0.0,0.0,0.0,0.0,0,0,0,0.0,0.0,0.0,0.0,0.0,0.0,0.0,0.0,0.0,0.0,0.0,0.0,0.0,0.0,0.0,0.0,0,-107875648.0,77,0.0,154,0.0,0.0,ERR,ERR,ERR,ERR,ERR,ERR,ERR,ERR,ERR,ERR,ERR,ERR,ERR,ERR,ERR,ERR,ERR,ERR,ERR,ERR,ERR,ERR,ERR,ERR,ERR,ERR,ERR,ERR,ERR,ERR,ERR,ERR,ERR,ERR,ERR,ERR,ERR,ERR,ERR,ERR,ERR,ERR,ERR,ERR,ERR,ERR,ERR,ERR,ERR,ERR,ERR,ERR,ERR,ERR,ERR,ERR,ERR,ERR,ERR,ERR,ERR,ERR,ERR,ERR,ERR,ERR,ERR,34.0,80.0,35,0.0,0.0,0.0,0.0,0.0,0.0,0.0,0.0,0.0,0.0,0.0,0.0,0.0,0.0,0.0,0.0,66.4,0,121,58,54,65476,0,300,0,0,8,20529,65476,0,0,57672,80.0,0.0,0.0,0.0,0.0,0.0
2026-06-18T02:07:13,ERR,ERR,ERR,ERR,ERR,ERR,ERR,ERR,ERR,ERR,ERR,ERR,ERR,ERR,ERR,ERR,ERR,ERR,ERR,ERR,ERR,ERR,ERR,ERR,ERR,ERR,ERR,ERR,ERR,ERR,ERR,ERR,ERR,ERR,ERR,ERR,ERR,ERR,ERR,ERR,ERR,ERR,ERR,ERR,ERR,ERR,ERR,ERR,ERR,ERR,ERR,ERR,ERR,ERR,ERR,ERR,ERR,ERR,ERR,ERR,ERR,ERR,ERR,ERR,ERR,ERR,ERR,ERR,ERR,ERR,ERR,ERR,ERR,ERR,ERR,ERR,ERR,ERR,ERR,ERR,ERR,ERR,ERR,ERR,ERR,ERR,ERR,ERR,ERR,ERR,ERR,ERR,ERR,ERR,ERR,ERR,ERR,ERR,ERR,ERR,ERR,ERR,ERR,ERR,ERR,ERR,ERR,ERR,ERR,ERR,ERR,ERR,ERR,ERR,ERR,ERR,ERR,ERR,ERR,ERR,ERR,ERR,ERR,ERR,ERR,-107615400.0,-107615392.0,0.0,-107609184.0,-0.0,1.3936040501711995e+18,7.805,0.0,0,0,4,48904,6720,14723890282496.0,100,0.0,0.0,0.0,-4.9501291711397626e+32,0.0,0,0,0,0,0.0,0,0,0,0,0,0,0,0,0,0,0,0,0,0,0,0,0,0,0,0,0,0,0,0,0,0,0,0,0,0,0,0,0,26,51,50,76,65476,0,300,0,0,8,21553,0.0,-107605600.0,0.0,0.0,0.0,0.0,0.0,0.0,0.0,0.0,0.0,0.0,0.0,0.0,0.0,0.0,0.0,0.0,0.0,0.0,0.0,0.0,0.0,0.0,2.004,0.0,0.0,0.0,0.0,0.0,4718.0,-131350.297,7321.0,-107615400.0,-107615392.0,0.0,-0.0,0.0,0.0,0.0,0.0,77,-3.222029330555234e+26,0.0,0.0,0.0,0.0,0.0,0.0,0.0,0.0,0,0,0,0.0,0.0,0.0,0.0,0.0,0.0,0.0,0.0,0.0,0.0,0.0,0.0,0.0,0.0,0.0,0.0,0,-107875648.0,77,0.0,154,0.0,0.0,ERR,ERR,ERR,ERR,ERR,ERR,ERR,ERR,ERR,ERR,ERR,ERR,ERR,ERR,ERR,ERR,ERR,ERR,ERR,ERR,ERR,ERR,ERR,ERR,ERR,ERR,ERR,ERR,ERR,ERR,ERR,ERR,ERR,ERR,ERR,ERR,ERR,ERR,ERR,ERR,ERR,ERR,ERR,ERR,ERR,ERR,ERR,ERR,ERR,ERR,ERR,ERR,ERR,ERR,ERR,ERR,ERR,ERR,ERR,ERR,ERR,ERR,ERR,ERR,ERR,ERR,ERR,34.0,80.0,35,0.0,0.0,0.0,0.0,0.0,0.0,0.0,0.0,0.0,0.0,0.0,0.0,0.0,0.0,0.0,0.0,66.0,0,121,58,54,65476,0,300,0,0,8,20529,65476,0,0,57672,80.0,0.0,0.0,0.0,0.0,0.0
2026-06-18T02:07:14,ERR,ERR,ERR,ERR,ERR,ERR,ERR,ERR,ERR,ERR,ERR,ERR,ERR,ERR,ERR,ERR,ERR,ERR,ERR,ERR,ERR,ERR,ERR,ERR,ERR,ERR,ERR,ERR,ERR,ERR,ERR,ERR,ERR,ERR,ERR,ERR,ERR,ERR,ERR,ERR,ERR,ERR,ERR,ERR,ERR,ERR,ERR,ERR,ERR,ERR,ERR,ERR,ERR,ERR,ERR,ERR,ERR,ERR,ERR,ERR,ERR,ERR,ERR,ERR,ERR,ERR,ERR,ERR,ERR,ERR,ERR,ERR,ERR,ERR,ERR,ERR,ERR,ERR,ERR,ERR,ERR,ERR,ERR,ERR,ERR,ERR,ERR,ERR,ERR,ERR,ERR,ERR,ERR,ERR,ERR,ERR,ERR,ERR,ERR,ERR,ERR,ERR,ERR,ERR,ERR,ERR,ERR,ERR,ERR,ERR,ERR,ERR,ERR,ERR,ERR,ERR,ERR,ERR,ERR,ERR,ERR,ERR,ERR,ERR,ERR,-107615400.0,-107615392.0,0.0,-107609184.0,-0.0,1.3936040501711995e+18,7.805,0.0,0,0,4,48904,6720,14723890282496.0,100,0.0,0.0,0.0,-4.9501291711397626e+32,0.0,0,0,0,0,0.0,0,0,0,0,0,0,0,0,0,0,0,0,0,0,0,0,0,0,0,0,0,0,0,0,0,0,0,0,0,0,0,0,0,26,51,50,76,65476,0,300,0,0,8,21553,0.0,-107605600.0,0.0,0.0,0.0,0.0,0.0,0.0,0.0,0.0,0.0,0.0,0.0,0.0,0.0,0.0,0.0,0.0,0.0,0.0,0.0,0.0,0.0,0.0,2.004,0.0,0.0,0.0,0.0,0.0,4718.0,-131350.297,7321.0,-107615400.0,-107615392.0,0.0,-0.0,0.0,0.0,0.0,0.0,77,-3.222029330555234e+26,0.0,0.0,0.0,0.0,0.0,0.0,0.0,0.0,0,0,0,0.0,0.0,0.0,0.0,0.0,0.0,0.0,0.0,0.0,0.0,0.0,0.0,0.0,0.0,0.0,0.0,0,-107875648.0,77,0.0,154,0.0,0.0,ERR,ERR,ERR,ERR,ERR,ERR,ERR,ERR,ERR,ERR,ERR,ERR,ERR,ERR,ERR,ERR,ERR,ERR,ERR,ERR,ERR,ERR,ERR,ERR,ERR,ERR,ERR,ERR,ERR,ERR,ERR,ERR,ERR,ERR,ERR,ERR,ERR,ERR,ERR,ERR,ERR,ERR,ERR,ERR,ERR,ERR,ERR,ERR,ERR,ERR,ERR,ERR,ERR,ERR,ERR,ERR,ERR,ERR,ERR,ERR,ERR,ERR,ERR,ERR,ERR,ERR,ERR,34.0,80.0,35,0.0,0.0,0.0,0.0,0.0,0.0,0.0,0.0,0.0,0.0,0.0,0.0,0.0,0.0,0.0,0.0,66.0,0,121,58,54,65476,0,300,0,0,8,20529,65476,0,0,57672,80.0,0.0,0.0,0.0,0.0,0.0
2026-06-18T02:07:15,ERR,ERR,ERR,ERR,ERR,ERR,ERR,ERR,ERR,ERR,ERR,ERR,ERR,ERR,ERR,ERR,ERR,ERR,ERR,ERR,ERR,ERR,ERR,ERR,ERR,ERR,ERR,ERR,ERR,ERR,ERR,ERR,ERR,ERR,ERR,ERR,ERR,ERR,ERR,ERR,ERR,ERR,ERR,ERR,ERR,ERR,ERR,ERR,ERR,ERR,ERR,ERR,ERR,ERR,ERR,ERR,ERR,ERR,ERR,ERR,ERR,ERR,ERR,ERR,ERR,ERR,ERR,ERR,ERR,ERR,ERR,ERR,ERR,ERR,ERR,ERR,ERR,ERR,ERR,ERR,ERR,ERR,ERR,ERR,ERR,ERR,ERR,ERR,ERR,ERR,ERR,ERR,ERR,ERR,ERR,ERR,ERR,ERR,ERR,ERR,ERR,ERR,ERR,ERR,ERR,ERR,ERR,ERR,ERR,ERR,ERR,ERR,ERR,ERR,ERR,ERR,ERR,ERR,ERR,ERR,ERR,ERR,ERR,ERR,ERR,-107615400.0,-107615392.0,0.0,-107609184.0,-0.0,1.3936040501711995e+18,7.805,0.0,0,0,4,48904,6720,14723890282496.0,100,0.0,0.0,0.0,-4.9501291711397626e+32,0.0,0,0,0,0,0.0,0,0,0,0,0,0,0,0,0,0,0,0,0,0,0,0,0,0,0,0,0,0,0,0,0,0,0,0,0,0,0,0,0,26,51,50,76,65476,0,300,0,0,8,21553,0.0,-107605600.0,0.0,0.0,0.0,0.0,0.0,0.0,0.0,0.0,0.0,0.0,0.0,0.0,0.0,0.0,0.0,0.0,0.0,0.0,0.0,0.0,0.0,0.0,2.004,0.0,0.0,0.0,0.0,0.0,4718.0,-131350.297,7321.0,-107615400.0,-107615392.0,0.0,-0.0,0.0,0.0,0.0,0.0,77,-3.222029330555234e+26,0.0,0.0,0.0,0.0,0.0,0.0,0.0,0.0,0,0,0,0.0,0.0,0.0,0.0,0.0,0.0,0.0,0.0,0.0,0.0,0.0,0.0,0.0,0.0,0.0,0.0,0,-107875648.0,77,0.0,154,0.0,0.0,ERR,ERR,ERR,ERR,ERR,ERR,ERR,ERR,ERR,ERR,ERR,ERR,ERR,ERR,ERR,ERR,ERR,ERR,ERR,ERR,ERR,ERR,ERR,ERR,ERR,ERR,ERR,ERR,ERR,ERR,ERR,ERR,ERR,ERR,ERR,ERR,ERR,ERR,ERR,ERR,ERR,ERR,ERR,ERR,ERR,ERR,ERR,ERR,ERR,ERR,ERR,ERR,ERR,ERR,ERR,ERR,ERR,ERR,ERR,ERR,ERR,ERR,ERR,ERR,ERR,ERR,ERR,34.0,80.0,35,0.0,0.0,0.0,0.0,0.0,0.0,0.0,0.0,0.0,0.0,0.0,0.0,0.0,0.0,0.0,0.0,66.4,0,121,58,54,65476,0,300,0,0,8,20529,65476,0,0,57672,80.0,0.0,0.0,0.0,0.0,0.0
2026-06-18T02:07:16,ERR,ERR,ERR,ERR,ERR,ERR,ERR,ERR,ERR,ERR,ERR,ERR,ERR,ERR,ERR,ERR,ERR,ERR,ERR,ERR,ERR,ERR,ERR,ERR,ERR,ERR,ERR,ERR,ERR,ERR,ERR,ERR,ERR,ERR,ERR,ERR,ERR,ERR,ERR,ERR,ERR,ERR,ERR,ERR,ERR,ERR,ERR,ERR,ERR,ERR,ERR,ERR,ERR,ERR,ERR,ERR,ERR,ERR,ERR,ERR,ERR,ERR,ERR,ERR,ERR,ERR,ERR,ERR,ERR,ERR,ERR,ERR,ERR,ERR,ERR,ERR,ERR,ERR,ERR,ERR,ERR,ERR,ERR,ERR,ERR,ERR,ERR,ERR,ERR,ERR,ERR,ERR,ERR,ERR,ERR,ERR,ERR,ERR,ERR,ERR,ERR,ERR,ERR,ERR,ERR,ERR,ERR,ERR,ERR,ERR,ERR,ERR,ERR,ERR,ERR,ERR,ERR,ERR,ERR,ERR,ERR,ERR,ERR,ERR,ERR,-107615400.0,-107615392.0,0.0,-107609184.0,-0.0,1.3936040501711995e+18,7.805,0.0,0,0,4,48904,6720,14723890282496.0,100,0.0,0.0,0.0,-4.9501291711397626e+32,0.0,0,0,0,0,0.0,0,0,0,0,0,0,0,0,0,0,0,0,0,0,0,0,0,0,0,0,0,0,0,0,0,0,0,0,0,0,0,0,0,26,51,50,76,65476,0,300,0,0,8,21553,0.0,-107605600.0,0.0,0.0,0.0,0.0,0.0,0.0,0.0,0.0,0.0,0.0,0.0,0.0,0.0,0.0,0.0,0.0,0.0,0.0,0.0,0.0,0.0,0.0,2.004,0.0,0.0,0.0,0.0,0.0,4718.0,-131350.297,7321.0,-107615400.0,-107615392.0,0.0,-0.0,0.0,0.0,0.0,0.0,77,-3.222029330555234e+26,0.0,0.0,0.0,0.0,0.0,0.0,0.0,0.0,0,0,0,0.0,0.0,0.0,0.0,0.0,0.0,0.0,0.0,0.0,0.0,0.0,0.0,0.0,0.0,0.0,0.0,0,-107875648.0,77,0.0,154,0.0,0.0,ERR,ERR,ERR,ERR,ERR,ERR,ERR,ERR,ERR,ERR,ERR,ERR,ERR,ERR,ERR,ERR,ERR,ERR,ERR,ERR,ERR,ERR,ERR,ERR,ERR,ERR,ERR,ERR,ERR,ERR,ERR,ERR,ERR,ERR,ERR,ERR,ERR,ERR,ERR,ERR,ERR,ERR,ERR,ERR,ERR,ERR,ERR,ERR,ERR,ERR,ERR,ERR,ERR,ERR,ERR,ERR,ERR,ERR,ERR,ERR,ERR,ERR,ERR,ERR,ERR,ERR,ERR,34.0,80.0,35,0.0,0.0,0.0,0.0,0.0,0.0,0.0,0.0,0.0,0.0,0.0,0.0,0.0,0.0,0.0,0.0,66.4,0,121,58,54,65476,0,300,0,0,8,20529,65476,0,0,57672,80.0,0.0,0.0,0.0,0.0,0.0
2026-06-18T02:07:17,ERR,ERR,ERR,ERR,ERR,ERR,ERR,ERR,ERR,ERR,ERR,ERR,ERR,ERR,ERR,ERR,ERR,ERR,ERR,ERR,ERR,ERR,ERR,ERR,ERR,ERR,ERR,ERR,ERR,ERR,ERR,ERR,ERR,ERR,ERR,ERR,ERR,ERR,ERR,ERR,ERR,ERR,ERR,ERR,ERR,ERR,ERR,ERR,ERR,ERR,ERR,ERR,ERR,ERR,ERR,ERR,ERR,ERR,ERR,ERR,ERR,ERR,ERR,ERR,ERR,ERR,ERR,ERR,ERR,ERR,ERR,ERR,ERR,ERR,ERR,ERR,ERR,ERR,ERR,ERR,ERR,ERR,ERR,ERR,ERR,ERR,ERR,ERR,ERR,ERR,ERR,ERR,ERR,ERR,ERR,ERR,ERR,ERR,ERR,ERR,ERR,ERR,ERR,ERR,ERR,ERR,ERR,ERR,ERR,ERR,ERR,ERR,ERR,ERR,ERR,ERR,ERR,ERR,ERR,ERR,ERR,ERR,ERR,ERR,ERR,-107615400.0,-107615392.0,0.0,1.9055661790789632e+17,0.0,1.3936040501711995e+18,7.805,-0.0,0,0,4,48863,6720,14723890282496.0,100,0.0,0.0,0.0,2.718290229135658e+23,0.0,0,0,0,0,0.0,0,0,0,0,0,0,0,0,0,0,0,0,0,0,0,0,0,0,0,0,0,0,0,0,0,0,0,0,0,0,0,0,0,26,51,50,76,65476,0,300,0,0,8,21553,0.0,-107605600.0,0.0,0.0,0.0,0.0,0.0,0.0,0.0,0.0,0.0,0.0,0.0,0.0,0.0,0.0,0.0,0.0,0.0,0.0,0.0,0.0,2.004,0.0,2.004,0.0,0.0,0.0,0.0,0.0,4718.0,-2.004,7320.0,-107615400.0,-107615392.0,0.0,-0.0,0.0,0.0,0.0,0.0,77,-3.222029330555234e+26,0.0,0.0,0.0,0.0,0.0,0.0,0.0,0.0,0,0,0,0.0,0.0,0.0,0.0,0.0,0.0,0.0,0.0,0.0,0.0,0.0,0.0,0.0,0.0,0.0,0.0,0,-107875648.0,77,0.0,154,0.0,0.0,ERR,ERR,ERR,ERR,ERR,ERR,ERR,ERR,ERR,ERR,ERR,ERR,ERR,ERR,ERR,ERR,ERR,ERR,ERR,ERR,ERR,ERR,ERR,ERR,ERR,ERR,ERR,ERR,ERR,ERR,ERR,ERR,ERR,ERR,ERR,ERR,ERR,ERR,ERR,ERR,ERR,ERR,ERR,ERR,ERR,ERR,ERR,ERR,ERR,ERR,ERR,ERR,ERR,ERR,ERR,ERR,ERR,ERR,ERR,ERR,ERR,ERR,ERR,ERR,ERR,ERR,ERR,34.0,80.0,35,0.0,0.0,0.0,0.0,0.0,0.0,0.0,0.0,0.0,0.0,0.0,0.0,0.0,0.0,0.0,0.0,66.0,0,121,58,54,65476,0,300,0,0,8,20529,65476,0,0,57672,80.0,0.0,0.0,0.0,0.0,0.0
2026-06-18T02:07:18,ERR,ERR,ERR,ERR,ERR,ERR,ERR,ERR,ERR,ERR,ERR,ERR,ERR,ERR,ERR,ERR,ERR,ERR,ERR,ERR,ERR,ERR,ERR,ERR,ERR,ERR,ERR,ERR,ERR,ERR,ERR,ERR,ERR,ERR,ERR,ERR,ERR,ERR,ERR,ERR,ERR,ERR,ERR,ERR,ERR,ERR,ERR,ERR,ERR,ERR,ERR,ERR,ERR,ERR,ERR,ERR,ERR,ERR,ERR,ERR,ERR,ERR,ERR,ERR,ERR,ERR,ERR,ERR,ERR,ERR,ERR,ERR,ERR,ERR,ERR,ERR,ERR,ERR,ERR,ERR,ERR,ERR,ERR,ERR,ERR,ERR,ERR,ERR,ERR,ERR,ERR,ERR,ERR,ERR,ERR,ERR,ERR,ERR,ERR,ERR,ERR,ERR,ERR,ERR,ERR,ERR,ERR,ERR,ERR,ERR,ERR,ERR,ERR,ERR,ERR,ERR,ERR,ERR,ERR,ERR,ERR,ERR,ERR,ERR,ERR,-107615400.0,-107615392.0,0.0,1.9055661790789632e+17,0.0,1.3936040501711995e+18,7.805,-0.0,0,0,4,48863,6720,14723890282496.0,100,0.0,0.0,0.0,2.718290229135658e+23,0.0,0,0,0,0,0.0,0,0,0,0,0,0,0,0,0,0,0,0,0,0,0,0,0,0,0,0,0,0,0,0,0,0,0,0,0,0,0,0,0,26,51,50,76,65476,0,300,0,0,8,21553,0.0,-107605600.0,0.0,0.0,0.0,0.0,0.0,0.0,0.0,0.0,0.0,0.0,0.0,0.0,0.0,0.0,0.0,0.0,0.0,0.0,0.0,0.0,2.004,0.0,2.004,0.0,0.0,0.0,0.0,0.0,4718.0,-2.004,7320.0,-107615400.0,-107615392.0,0.0,-0.0,0.0,0.0,0.0,0.0,77,-3.222029330555234e+26,0.0,0.0,0.0,0.0,0.0,0.0,0.0,0.0,0,0,0,0.0,0.0,0.0,0.0,0.0,0.0,0.0,0.0,0.0,0.0,0.0,0.0,0.0,0.0,0.0,0.0,0,-107875648.0,77,0.0,154,0.0,0.0,ERR,ERR,ERR,ERR,ERR,ERR,ERR,ERR,ERR,ERR,ERR,ERR,ERR,ERR,ERR,ERR,ERR,ERR,ERR,ERR,ERR,ERR,ERR,ERR,ERR,ERR,ERR,ERR,ERR,ERR,ERR,ERR,ERR,ERR,ERR,ERR,ERR,ERR,ERR,ERR,ERR,ERR,ERR,ERR,ERR,ERR,ERR,ERR,ERR,ERR,ERR,ERR,ERR,ERR,ERR,ERR,ERR,ERR,ERR,ERR,ERR,ERR,ERR,ERR,ERR,ERR,ERR,34.0,80.0,35,0.0,0.0,0.0,0.0,0.0,0.0,0.0,0.0,0.0,0.0,0.0,0.0,0.0,0.0,0.0,0.0,66.0,0,121,58,54,65476,0,300,0,0,8,20529,65476,0,0,57672,80.0,0.0,0.0,0.0,0.0,0.0
2026-06-18T02:07:19,ERR,ERR,ERR,ERR,ERR,ERR,ERR,ERR,ERR,ERR,ERR,ERR,ERR,ERR,ERR,ERR,ERR,ERR,ERR,ERR,ERR,ERR,ERR,ERR,ERR,ERR,ERR,ERR,ERR,ERR,ERR,ERR,ERR,ERR,ERR,ERR,ERR,ERR,ERR,ERR,ERR,ERR,ERR,ERR,ERR,ERR,ERR,ERR,ERR,ERR,ERR,ERR,ERR,ERR,ERR,ERR,ERR,ERR,ERR,ERR,ERR,ERR,ERR,ERR,ERR,ERR,ERR,ERR,ERR,ERR,ERR,ERR,ERR,ERR,ERR,ERR,ERR,ERR,ERR,ERR,ERR,ERR,ERR,ERR,ERR,ERR,ERR,ERR,ERR,ERR,ERR,ERR,ERR,ERR,ERR,ERR,ERR,ERR,ERR,ERR,ERR,ERR,ERR,ERR,ERR,ERR,ERR,ERR,ERR,ERR,ERR,ERR,ERR,ERR,ERR,ERR,ERR,ERR,ERR,ERR,ERR,ERR,ERR,ERR,ERR,-107615400.0,-107615392.0,0.0,1.9055661790789632e+17,0.0,1.3936040501711995e+18,7.805,-0.0,0,0,4,48863,6720,14723890282496.0,100,0.0,0.0,0.0,2.718290229135658e+23,0.0,0,0,0,0,0.0,0,0,0,0,0,0,0,0,0,0,0,0,0,0,0,0,0,0,0,0,0,0,0,0,0,0,0,0,0,0,0,0,0,26,51,50,76,65476,0,300,0,0,8,21553,0.0,-107605600.0,0.0,0.0,0.0,0.0,0.0,0.0,0.0,0.0,0.0,0.0,0.0,0.0,0.0,0.0,0.0,0.0,0.0,0.0,0.0,0.0,2.004,0.0,2.004,0.0,0.0,0.0,0.0,0.0,4718.0,-2.004,7320.0,-107615400.0,-107615392.0,0.0,-0.0,0.0,0.0,0.0,0.0,77,-3.222029330555234e+26,0.0,0.0,0.0,0.0,0.0,0.0,0.0,0.0,0,0,0,0.0,0.0,0.0,0.0,0.0,0.0,0.0,0.0,0.0,0.0,0.0,0.0,0.0,0.0,0.0,0.0,0,-107875648.0,77,0.0,154,0.0,0.0,ERR,ERR,ERR,ERR,ERR,ERR,ERR,ERR,ERR,ERR,ERR,ERR,ERR,ERR,ERR,ERR,ERR,ERR,ERR,ERR,ERR,ERR,ERR,ERR,ERR,ERR,ERR,ERR,ERR,ERR,ERR,ERR,ERR,ERR,ERR,ERR,ERR,ERR,ERR,ERR,ERR,ERR,ERR,ERR,ERR,ERR,ERR,ERR,ERR,ERR,ERR,ERR,ERR,ERR,ERR,ERR,ERR,ERR,ERR,ERR,ERR,ERR,ERR,ERR,ERR,ERR,ERR,34.0,80.0,35,0.0,0.0,0.0,0.0,0.0,0.0,0.0,0.0,0.0,0.0,0.0,0.0,0.0,0.0,0.0,0.0,66.0,0,121,58,54,65476,0,300,0,0,8,20529,65476,0,0,57672,80.0,0.0,0.0,0.0,0.0,0.0
2026-06-18T02:07:20,ERR,ERR,ERR,ERR,ERR,ERR,ERR,ERR,ERR,ERR,ERR,ERR,ERR,ERR,ERR,ERR,ERR,ERR,ERR,ERR,ERR,ERR,ERR,ERR,ERR,ERR,ERR,ERR,ERR,ERR,ERR,ERR,ERR,ERR,ERR,ERR,ERR,ERR,ERR,ERR,ERR,ERR,ERR,ERR,ERR,ERR,ERR,ERR,ERR,ERR,ERR,ERR,ERR,ERR,ERR,ERR,ERR,ERR,ERR,ERR,ERR,ERR,ERR,ERR,ERR,ERR,ERR,ERR,ERR,ERR,ERR,ERR,ERR,ERR,ERR,ERR,ERR,ERR,ERR,ERR,ERR,ERR,ERR,ERR,ERR,ERR,ERR,ERR,ERR,ERR,ERR,ERR,ERR,ERR,ERR,ERR,ERR,ERR,ERR,ERR,ERR,ERR,ERR,ERR,ERR,ERR,ERR,ERR,ERR,ERR,ERR,ERR,ERR,ERR,ERR,ERR,ERR,ERR,ERR,ERR,ERR,ERR,ERR,ERR,ERR,-107615400.0,-107615392.0,0.0,1.9055661790789632e+17,0.0,1.3936040501711995e+18,7.805,-0.0,0,0,4,48863,6720,14723890282496.0,100,0.0,0.0,0.0,2.718290229135658e+23,0.0,0,0,0,0,0.0,0,0,0,0,0,0,0,0,0,0,0,0,0,0,0,0,0,0,0,0,0,0,0,0,0,0,0,0,0,0,0,0,0,26,51,50,76,65476,0,300,0,0,8,21553,0.0,-107605600.0,0.0,0.0,0.0,0.0,0.0,0.0,0.0,0.0,0.0,0.0,0.0,0.0,0.0,0.0,0.0,0.0,0.0,0.0,0.0,0.0,2.004,0.0,2.004,0.0,0.0,0.0,0.0,0.0,4718.0,-2.004,7320.0,-107615400.0,-107615392.0,0.0,-0.0,0.0,0.0,0.0,0.0,77,-3.222029330555234e+26,0.0,0.0,0.0,0.0,0.0,0.0,0.0,0.0,0,0,0,0.0,0.0,0.0,0.0,0.0,0.0,0.0,0.0,0.0,0.0,0.0,0.0,0.0,0.0,0.0,0.0,0,-107875648.0,77,0.0,154,0.0,0.0,ERR,ERR,ERR,ERR,ERR,ERR,ERR,ERR,ERR,ERR,ERR,ERR,ERR,ERR,ERR,ERR,ERR,ERR,ERR,ERR,ERR,ERR,ERR,ERR,ERR,ERR,ERR,ERR,ERR,ERR,ERR,ERR,ERR,ERR,ERR,ERR,ERR,ERR,ERR,ERR,ERR,ERR,ERR,ERR,ERR,ERR,ERR,ERR,ERR,ERR,ERR,ERR,ERR,ERR,ERR,ERR,ERR,ERR,ERR,ERR,ERR,ERR,ERR,ERR,ERR,ERR,ERR,34.0,80.0,35,0.0,0.0,0.0,0.0,0.0,0.0,0.0,0.0,0.0,0.0,0.0,0.0,0.0,0.0,0.0,0.0,66.0,0,121,58,54,65476,0,300,0,0,8,20529,65476,0,0,57672,80.0,0.0,0.0,0.0,0.0,0.0
2026-06-18T02:07:21,ERR,ERR,ERR,ERR,ERR,ERR,ERR,ERR,ERR,ERR,ERR,ERR,ERR,ERR,ERR,ERR,ERR,ERR,ERR,ERR,ERR,ERR,ERR,ERR,ERR,ERR,ERR,ERR,ERR,ERR,ERR,ERR,ERR,ERR,ERR,ERR,ERR,ERR,ERR,ERR,ERR,ERR,ERR,ERR,ERR,ERR,ERR,ERR,ERR,ERR,ERR,ERR,ERR,ERR,ERR,ERR,ERR,ERR,ERR,ERR,ERR,ERR,ERR,ERR,ERR,ERR,ERR,ERR,ERR,ERR,ERR,ERR,ERR,ERR,ERR,ERR,ERR,ERR,ERR,ERR,ERR,ERR,ERR,ERR,ERR,ERR,ERR,ERR,ERR,ERR,ERR,ERR,ERR,ERR,ERR,ERR,ERR,ERR,ERR,ERR,ERR,ERR,ERR,ERR,ERR,ERR,ERR,ERR,ERR,ERR,ERR,ERR,ERR,ERR,ERR,ERR,ERR,ERR,ERR,ERR,ERR,ERR,ERR,ERR,ERR,-107615400.0,-107615392.0,0.0,1.9055661790789632e+17,0.0,1.3936040501711995e+18,7.805,-0.0,0,0,4,48863,6720,14723890282496.0,100,0.0,0.0,0.0,2.718290229135658e+23,0.0,0,0,0,0,0.0,0,0,0,0,0,0,0,0,0,0,0,0,0,0,0,0,0,0,0,0,0,0,0,0,0,0,0,0,0,0,0,0,0,26,51,50,76,65476,0,300,0,0,8,21553,0.0,-107605600.0,0.0,0.0,0.0,0.0,0.0,0.0,0.0,0.0,0.0,0.0,0.0,0.0,0.0,0.0,0.0,0.0,0.0,0.0,0.0,0.0,2.004,0.0,2.004,0.0,0.0,0.0,0.0,0.0,4718.0,-2.004,7320.0,-107615400.0,-107615392.0,0.0,-0.0,0.0,0.0,0.0,0.0,77,-3.222029330555234e+26,0.0,0.0,0.0,0.0,0.0,0.0,0.0,0.0,0,0,0,0.0,0.0,0.0,0.0,0.0,0.0,0.0,0.0,0.0,0.0,0.0,0.0,0.0,0.0,0.0,0.0,0,-107875648.0,77,0.0,154,0.0,0.0,ERR,ERR,ERR,ERR,ERR,ERR,ERR,ERR,ERR,ERR,ERR,ERR,ERR,ERR,ERR,ERR,ERR,ERR,ERR,ERR,ERR,ERR,ERR,ERR,ERR,ERR,ERR,ERR,ERR,ERR,ERR,ERR,ERR,ERR,ERR,ERR,ERR,ERR,ERR,ERR,ERR,ERR,ERR,ERR,ERR,ERR,ERR,ERR,ERR,ERR,ERR,ERR,ERR,ERR,ERR,ERR,ERR,ERR,ERR,ERR,ERR,ERR,ERR,ERR,ERR,ERR,ERR,34.0,80.0,35,0.0,0.0,0.0,0.0,0.0,0.0,0.0,0.0,0.0,0.0,0.0,0.0,0.0,0.0,0.0,0.0,66.0,0,121,58,54,65476,0,300,0,0,8,20529,65476,0,0,57672,80.0,0.0,0.0,0.0,0.0,0.0
2026-06-18T02:07:22,ERR,ERR,ERR,ERR,ERR,ERR,ERR,ERR,ERR,ERR,ERR,ERR,ERR,ERR,ERR,ERR,ERR,ERR,ERR,ERR,ERR,ERR,ERR,ERR,ERR,ERR,ERR,ERR,ERR,ERR,ERR,ERR,ERR,ERR,ERR,ERR,ERR,ERR,ERR,ERR,ERR,ERR,ERR,ERR,ERR,ERR,ERR,ERR,ERR,ERR,ERR,ERR,ERR,ERR,ERR,ERR,ERR,ERR,ERR,ERR,ERR,ERR,ERR,ERR,ERR,ERR,ERR,ERR,ERR,ERR,ERR,ERR,ERR,ERR,ERR,ERR,ERR,ERR,ERR,ERR,ERR,ERR,ERR,ERR,ERR,ERR,ERR,ERR,ERR,ERR,ERR,ERR,ERR,ERR,ERR,ERR,ERR,ERR,ERR,ERR,ERR,ERR,ERR,ERR,ERR,ERR,ERR,ERR,ERR,ERR,ERR,ERR,ERR,ERR,ERR,ERR,ERR,ERR,ERR,ERR,ERR,ERR,ERR,ERR,ERR,-107615400.0,-107615392.0,0.0,0.0,-2.012,1.3936040501711995e+18,7.805,4015727849766912.0,0,0,4,48863,6720,14723890282496.0,100,0.0,0.0,0.0,0.0,0.0,0,0,0,0,0.0,0,0,0,0,0,0,0,0,0,0,0,0,0,0,0,0,0,0,0,0,0,0,0,0,0,0,0,0,0,0,0,0,0,26,51,50,76,65476,0,300,0,0,8,21553,0.0,-107605600.0,0.0,0.0,0.0,0.0,0.0,0.0,0.0,0.0,0.0,0.0,0.0,0.0,0.0,0.0,0.0,0.0,0.0,0.0,0.0,0.0,2.004,0.0,2.004,0.0,0.0,0.0,0.0,0.0,4718.0,-0.0,7319.0,-107615400.0,-107615392.0,0.0,-0.0,0.0,0.0,0.0,0.0,77,-152018488393728.0,0.059,0.0,0.0,0.0,0.0,0.0,0.0,0.0,0,0,0,0.0,0.0,0.0,0.0,0.0,0.0,0.0,0.0,0.0,0.0,0.0,0.0,0.0,0.0,0.0,0.0,0,-107875648.0,77,0.0,154,0.0,0.0,ERR,ERR,ERR,ERR,ERR,ERR,ERR,ERR,ERR,ERR,ERR,ERR,ERR,ERR,ERR,ERR,ERR,ERR,ERR,ERR,ERR,ERR,ERR,ERR,ERR,ERR,ERR,ERR,ERR,ERR,ERR,ERR,ERR,ERR,ERR,ERR,ERR,ERR,ERR,ERR,ERR,ERR,ERR,ERR,ERR,ERR,ERR,ERR,ERR,ERR,ERR,ERR,ERR,ERR,ERR,ERR,ERR,ERR,ERR,ERR,ERR,ERR,ERR,ERR,ERR,ERR,ERR,34.0,80.0,35,0.0,0.0,0.0,0.0,0.0,0.0,0.0,0.0,0.0,0.0,0.0,0.0,0.0,0.0,0.0,0.0,66.0,0,121,58,54,65476,0,300,0,0,8,20529,65476,0,0,57672,80.0,0.0,0.0,0.0,0.0,0.0
2026-06-18T02:07:23,ERR,ERR,ERR,ERR,ERR,ERR,ERR,ERR,ERR,ERR,ERR,ERR,ERR,ERR,ERR,ERR,ERR,ERR,ERR,ERR,ERR,ERR,ERR,ERR,ERR,ERR,ERR,ERR,ERR,ERR,ERR,ERR,ERR,ERR,ERR,ERR,ERR,ERR,ERR,ERR,ERR,ERR,ERR,ERR,ERR,ERR,ERR,ERR,ERR,ERR,ERR,ERR,ERR,ERR,ERR,ERR,ERR,ERR,ERR,ERR,ERR,ERR,ERR,ERR,ERR,ERR,ERR,ERR,ERR,ERR,ERR,ERR,ERR,ERR,ERR,ERR,ERR,ERR,ERR,ERR,ERR,ERR,ERR,ERR,ERR,ERR,ERR,ERR,ERR,ERR,ERR,ERR,ERR,ERR,ERR,ERR,ERR,ERR,ERR,ERR,ERR,ERR,ERR,ERR,ERR,ERR,ERR,ERR,ERR,ERR,ERR,ERR,ERR,ERR,ERR,ERR,ERR,ERR,ERR,ERR,ERR,ERR,ERR,ERR,ERR,-107615400.0,-107615392.0,0.0,0.0,-2.012,1.3936040501711995e+18,7.805,4015727849766912.0,0,0,4,48863,6720,14723890282496.0,100,0.0,0.0,0.0,0.0,0.0,0,0,0,0,0.0,0,0,0,0,0,0,0,0,0,0,0,0,0,0,0,0,0,0,0,0,0,0,0,0,0,0,0,0,0,0,0,0,0,26,51,50,76,65476,0,300,0,0,8,21553,0.0,-107605600.0,0.0,0.0,0.0,0.0,0.0,0.0,0.0,0.0,0.0,0.0,0.0,0.0,0.0,0.0,0.0,0.0,0.0,0.0,0.0,0.0,2.004,0.0,2.004,0.0,0.0,0.0,0.0,0.0,4718.0,-0.0,7319.0,-107615400.0,-107615392.0,0.0,-0.0,0.0,0.0,0.0,0.0,77,-152018488393728.0,0.059,0.0,0.0,0.0,0.0,0.0,0.0,0.0,0,0,0,0.0,0.0,0.0,0.0,0.0,0.0,0.0,0.0,0.0,0.0,0.0,0.0,0.0,0.0,0.0,0.0,0,-107875648.0,77,0.0,154,0.0,0.0,ERR,ERR,ERR,ERR,ERR,ERR,ERR,ERR,ERR,ERR,ERR,ERR,ERR,ERR,ERR,ERR,ERR,ERR,ERR,ERR,ERR,ERR,ERR,ERR,ERR,ERR,ERR,ERR,ERR,ERR,ERR,ERR,ERR,ERR,ERR,ERR,ERR,ERR,ERR,ERR,ERR,ERR,ERR,ERR,ERR,ERR,ERR,ERR,ERR,ERR,ERR,ERR,ERR,ERR,ERR,ERR,ERR,ERR,ERR,ERR,ERR,ERR,ERR,ERR,ERR,ERR,ERR,34.0,80.0,35,0.0,0.0,0.0,0.0,0.0,0.0,0.0,0.0,0.0,0.0,0.0,0.0,0.0,0.0,0.0,0.0,66.0,0,121,58,54,65476,0,300,0,0,8,20529,65476,0,0,57672,80.0,0.0,0.0,0.0,0.0,0.0
2026-06-18T02:07:24,ERR,ERR,ERR,ERR,ERR,ERR,ERR,ERR,ERR,ERR,ERR,ERR,ERR,ERR,ERR,ERR,ERR,ERR,ERR,ERR,ERR,ERR,ERR,ERR,ERR,ERR,ERR,ERR,ERR,ERR,ERR,ERR,ERR,ERR,ERR,ERR,ERR,ERR,ERR,ERR,ERR,ERR,ERR,ERR,ERR,ERR,ERR,ERR,ERR,ERR,ERR,ERR,ERR,ERR,ERR,ERR,ERR,ERR,ERR,ERR,ERR,ERR,ERR,ERR,ERR,ERR,ERR,ERR,ERR,ERR,ERR,ERR,ERR,ERR,ERR,ERR,ERR,ERR,ERR,ERR,ERR,ERR,ERR,ERR,ERR,ERR,ERR,ERR,ERR,ERR,ERR,ERR,ERR,ERR,ERR,ERR,ERR,ERR,ERR,ERR,ERR,ERR,ERR,ERR,ERR,ERR,ERR,ERR,ERR,ERR,ERR,ERR,ERR,ERR,ERR,ERR,ERR,ERR,ERR,ERR,ERR,ERR,ERR,ERR,ERR,-107615400.0,-107615392.0,0.0,0.0,-2.012,1.3936040501711995e+18,7.805,4015727849766912.0,0,0,4,48863,6720,14723890282496.0,100,0.0,0.0,0.0,0.0,0.0,0,0,0,0,0.0,0,0,0,0,0,0,0,0,0,0,0,0,0,0,0,0,0,0,0,0,0,0,0,0,0,0,0,0,0,0,0,0,0,26,51,50,76,65476,0,300,0,0,8,21553,0.0,-107605600.0,0.0,0.0,0.0,0.0,0.0,0.0,0.0,0.0,0.0,0.0,0.0,0.0,0.0,0.0,0.0,0.0,0.0,0.0,0.0,0.0,2.004,0.0,2.004,0.0,0.0,0.0,0.0,0.0,4718.0,-0.0,7319.0,-107615400.0,-107615392.0,0.0,-0.0,0.0,0.0,0.0,0.0,77,-152018488393728.0,0.059,0.0,0.0,0.0,0.0,0.0,0.0,0.0,0,0,0,0.0,0.0,0.0,0.0,0.0,0.0,0.0,0.0,0.0,0.0,0.0,0.0,0.0,0.0,0.0,0.0,0,-107875648.0,77,0.0,154,0.0,0.0,ERR,ERR,ERR,ERR,ERR,ERR,ERR,ERR,ERR,ERR,ERR,ERR,ERR,ERR,ERR,ERR,ERR,ERR,ERR,ERR,ERR,ERR,ERR,ERR,ERR,ERR,ERR,ERR,ERR,ERR,ERR,ERR,ERR,ERR,ERR,ERR,ERR,ERR,ERR,ERR,ERR,ERR,ERR,ERR,ERR,ERR,ERR,ERR,ERR,ERR,ERR,ERR,ERR,ERR,ERR,ERR,ERR,ERR,ERR,ERR,ERR,ERR,ERR,ERR,ERR,ERR,ERR,34.0,80.0,35,0.0,0.0,0.0,0.0,0.0,0.0,0.0,0.0,0.0,0.0,0.0,0.0,0.0,0.0,0.0,0.0,66.0,0,121,58,54,65476,0,300,0,0,8,20529,65476,0,0,57672,80.0,0.0,0.0,0.0,0.0,0.0
2026-06-18T02:07:25,ERR,ERR,ERR,ERR,ERR,ERR,ERR,ERR,ERR,ERR,ERR,ERR,ERR,ERR,ERR,ERR,ERR,ERR,ERR,ERR,ERR,ERR,ERR,ERR,ERR,ERR,ERR,ERR,ERR,ERR,ERR,ERR,ERR,ERR,ERR,ERR,ERR,ERR,ERR,ERR,ERR,ERR,ERR,ERR,ERR,ERR,ERR,ERR,ERR,ERR,ERR,ERR,ERR,ERR,ERR,ERR,ERR,ERR,ERR,ERR,ERR,ERR,ERR,ERR,ERR,ERR,ERR,ERR,ERR,ERR,ERR,ERR,ERR,ERR,ERR,ERR,ERR,ERR,ERR,ERR,ERR,ERR,ERR,ERR,ERR,ERR,ERR,ERR,ERR,ERR,ERR,ERR,ERR,ERR,ERR,ERR,ERR,ERR,ERR,ERR,ERR,ERR,ERR,ERR,ERR,ERR,ERR,ERR,ERR,ERR,ERR,ERR,ERR,ERR,ERR,ERR,ERR,ERR,ERR,ERR,ERR,ERR,ERR,ERR,ERR,-107615400.0,-107615392.0,0.0,0.0,-2.012,1.3936040501711995e+18,7.805,4015727849766912.0,0,0,4,48863,6720,14723890282496.0,100,0.0,0.0,0.0,0.0,0.0,0,0,0,0,0.0,0,0,0,0,0,0,0,0,0,0,0,0,0,0,0,0,0,0,0,0,0,0,0,0,0,0,0,0,0,0,0,0,0,26,51,50,76,65476,0,300,0,0,8,21553,0.0,-107605600.0,0.0,0.0,0.0,0.0,0.0,0.0,0.0,0.0,0.0,0.0,0.0,0.0,0.0,0.0,0.0,0.0,0.0,0.0,0.0,0.0,2.004,0.0,2.004,0.0,0.0,0.0,0.0,0.0,4718.0,-0.0,7319.0,-107615400.0,-107615392.0,0.0,-0.0,0.0,0.0,0.0,0.0,77,-152018488393728.0,0.059,0.0,0.0,0.0,0.0,0.0,0.0,0.0,0,0,0,0.0,0.0,0.0,0.0,0.0,0.0,0.0,0.0,0.0,0.0,0.0,0.0,0.0,0.0,0.0,0.0,0,-107875648.0,77,0.0,154,0.0,0.0,ERR,ERR,ERR,ERR,ERR,ERR,ERR,ERR,ERR,ERR,ERR,ERR,ERR,ERR,ERR,ERR,ERR,ERR,ERR,ERR,ERR,ERR,ERR,ERR,ERR,ERR,ERR,ERR,ERR,ERR,ERR,ERR,ERR,ERR,ERR,ERR,ERR,ERR,ERR,ERR,ERR,ERR,ERR,ERR,ERR,ERR,ERR,ERR,ERR,ERR,ERR,ERR,ERR,ERR,ERR,ERR,ERR,ERR,ERR,ERR,ERR,ERR,ERR,ERR,ERR,ERR,ERR,34.0,80.0,35,0.0,0.0,0.0,0.0,0.0,0.0,0.0,0.0,0.0,0.0,0.0,0.0,0.0,0.0,0.0,0.0,66.0,0,121,58,54,65476,0,300,0,0,8,20529,65476,0,0,57672,80.0,0.0,0.0,0.0,0.0,0.0
2026-06-18T02:07:26,ERR,ERR,ERR,ERR,ERR,ERR,ERR,ERR,ERR,ERR,ERR,ERR,ERR,ERR,ERR,ERR,ERR,ERR,ERR,ERR,ERR,ERR,ERR,ERR,ERR,ERR,ERR,ERR,ERR,ERR,ERR,ERR,ERR,ERR,ERR,ERR,ERR,ERR,ERR,ERR,ERR,ERR,ERR,ERR,ERR,ERR,ERR,ERR,ERR,ERR,ERR,ERR,ERR,ERR,ERR,ERR,ERR,ERR,ERR,ERR,ERR,ERR,ERR,ERR,ERR,ERR,ERR,ERR,ERR,ERR,ERR,ERR,ERR,ERR,ERR,ERR,ERR,ERR,ERR,ERR,ERR,ERR,ERR,ERR,ERR,ERR,ERR,ERR,ERR,ERR,ERR,ERR,ERR,ERR,ERR,ERR,ERR,ERR,ERR,ERR,ERR,ERR,ERR,ERR,ERR,ERR,ERR,ERR,ERR,ERR,ERR,ERR,ERR,ERR,ERR,ERR,ERR,ERR,ERR,ERR,ERR,ERR,ERR,ERR,ERR,-107615400.0,-107615392.0,0.0,0.0,-2.012,1.3936040501711995e+18,7.805,4015727849766912.0,0,0,4,48863,6720,14723890282496.0,100,0.0,0.0,0.0,0.0,0.0,0,0,0,0,0.0,0,0,0,0,0,0,0,0,0,0,0,0,0,0,0,0,0,0,0,0,0,0,0,0,0,0,0,0,0,0,0,0,0,26,51,50,76,65476,0,300,0,0,8,21553,0.0,-107605600.0,0.0,0.0,0.0,0.0,0.0,0.0,0.0,0.0,0.0,0.0,0.0,0.0,0.0,0.0,0.0,0.0,0.0,0.0,0.0,0.0,2.004,0.0,2.004,0.0,0.0,0.0,0.0,0.0,4718.0,-0.0,7319.0,-107615400.0,-107615392.0,0.0,-0.0,0.0,0.0,0.0,0.0,77,-152018488393728.0,0.059,0.0,0.0,0.0,0.0,0.0,0.0,0.0,0,0,0,0.0,0.0,0.0,0.0,0.0,0.0,0.0,0.0,0.0,0.0,0.0,0.0,0.0,0.0,0.0,0.0,0,-107875648.0,77,0.0,154,0.0,0.0,ERR,ERR,ERR,ERR,ERR,ERR,ERR,ERR,ERR,ERR,ERR,ERR,ERR,ERR,ERR,ERR,ERR,ERR,ERR,ERR,ERR,ERR,ERR,ERR,ERR,ERR,ERR,ERR,ERR,ERR,ERR,ERR,ERR,ERR,ERR,ERR,ERR,ERR,ERR,ERR,ERR,ERR,ERR,ERR,ERR,ERR,ERR,ERR,ERR,ERR,ERR,ERR,ERR,ERR,ERR,ERR,ERR,ERR,ERR,ERR,ERR,ERR,ERR,ERR,ERR,ERR,ERR,34.0,80.0,35,0.0,0.0,0.0,0.0,0.0,0.0,0.0,0.0,0.0,0.0,0.0,0.0,0.0,0.0,0.0,0.0,66.0,0,121,58,54,65476,0,300,0,0,8,20529,65476,0,0,57672,80.0,0.0,0.0,0.0,0.0,0.0
2026-06-18T02:07:27,ERR,ERR,ERR,ERR,ERR,ERR,ERR,ERR,ERR,ERR,ERR,ERR,ERR,ERR,ERR,ERR,ERR,ERR,ERR,ERR,ERR,ERR,ERR,ERR,ERR,ERR,ERR,ERR,ERR,ERR,ERR,ERR,ERR,ERR,ERR,ERR,ERR,ERR,ERR,ERR,ERR,ERR,ERR,ERR,ERR,ERR,ERR,ERR,ERR,ERR,ERR,ERR,ERR,ERR,ERR,ERR,ERR,ERR,ERR,ERR,ERR,ERR,ERR,ERR,ERR,ERR,ERR,ERR,ERR,ERR,ERR,ERR,ERR,ERR,ERR,ERR,ERR,ERR,ERR,ERR,ERR,ERR,ERR,ERR,ERR,ERR,ERR,ERR,ERR,ERR,ERR,ERR,ERR,ERR,ERR,ERR,ERR,ERR,ERR,ERR,ERR,ERR,ERR,ERR,ERR,ERR,ERR,ERR,ERR,ERR,ERR,ERR,ERR,ERR,ERR,ERR,ERR,ERR,ERR,ERR,ERR,ERR,ERR,ERR,ERR,-107615400.0,-107615392.0,0.0,0.0,-2.012,1.3936040501711995e+18,7.805,4015727849766912.0,0,0,4,48863,6720,14723890282496.0,100,0.0,0.0,0.0,0.0,0.0,0,0,0,0,0.0,0,0,0,0,0,0,0,0,0,0,0,0,0,0,0,0,0,0,0,0,0,0,0,0,0,0,0,0,0,0,0,0,0,26,51,50,76,65476,0,300,0,0,8,21553,0.0,-107605600.0,0.0,0.0,0.0,0.0,0.0,0.0,0.0,0.0,0.0,0.0,0.0,0.0,0.0,0.0,0.0,0.0,0.0,0.0,0.0,0.0,2.004,0.0,2.004,0.0,0.0,0.0,0.0,0.0,4718.0,-0.0,7319.0,-107615400.0,-107615392.0,0.0,-0.0,0.0,0.0,0.0,0.0,77,-152018488393728.0,0.059,0.0,0.0,0.0,0.0,0.0,0.0,0.0,0,0,0,0.0,0.0,0.0,0.0,0.0,0.0,0.0,0.0,0.0,0.0,0.0,0.0,0.0,0.0,0.0,0.0,0,-107875648.0,77,0.0,154,0.0,0.0,ERR,ERR,ERR,ERR,ERR,ERR,ERR,ERR,ERR,ERR,ERR,ERR,ERR,ERR,ERR,ERR,ERR,ERR,ERR,ERR,ERR,ERR,ERR,ERR,ERR,ERR,ERR,ERR,ERR,ERR,ERR,ERR,ERR,ERR,ERR,ERR,ERR,ERR,ERR,ERR,ERR,ERR,ERR,ERR,ERR,ERR,ERR,ERR,ERR,ERR,ERR,ERR,ERR,ERR,ERR,ERR,ERR,ERR,ERR,ERR,ERR,ERR,ERR,ERR,ERR,ERR,ERR,34.0,80.0,35,0.0,0.0,0.0,0.0,0.0,0.0,0.0,0.0,0.0,0.0,0.0,0.0,0.0,0.0,0.0,0.0,66.0,0,121,58,54,65476,0,300,0,0,8,20529,65476,0,0,57672,80.0,0.0,0.0,0.0,0.0,0.0
2026-06-18T02:07:28,ERR,ERR,ERR,ERR,ERR,ERR,ERR,ERR,ERR,ERR,ERR,ERR,ERR,ERR,ERR,ERR,ERR,ERR,ERR,ERR,ERR,ERR,ERR,ERR,ERR,ERR,ERR,ERR,ERR,ERR,ERR,ERR,ERR,ERR,ERR,ERR,ERR,ERR,ERR,ERR,ERR,ERR,ERR,ERR,ERR,ERR,ERR,ERR,ERR,ERR,ERR,ERR,ERR,ERR,ERR,ERR,ERR,ERR,ERR,ERR,ERR,ERR,ERR,ERR,ERR,ERR,ERR,ERR,ERR,ERR,ERR,ERR,ERR,ERR,ERR,ERR,ERR,ERR,ERR,ERR,ERR,ERR,ERR,ERR,ERR,ERR,ERR,ERR,ERR,ERR,ERR,ERR,ERR,ERR,ERR,ERR,ERR,ERR,ERR,ERR,ERR,ERR,ERR,ERR,ERR,ERR,ERR,ERR,ERR,ERR,ERR,ERR,ERR,ERR,ERR,ERR,ERR,ERR,ERR,ERR,ERR,ERR,ERR,ERR,ERR,-107615400.0,-107615392.0,0.0,0.059,0.0,1.3936040501711995e+18,7.805,-0.0,0,0,4,48848,6720,14723890282496.0,100,0.0,0.0,0.0,-152005385388032.0,0.0,0,0,0,0,0.0,0,0,0,0,0,0,0,0,0,0,0,0,0,0,0,0,0,0,0,0,0,0,0,0,0,0,0,0,0,0,0,0,0,26,51,50,76,65476,0,300,0,0,8,21553,0.0,-107605600.0,0.0,0.0,0.0,0.0,0.0,0.0,0.0,0.0,0.0,0.0,0.0,0.0,0.0,0.0,0.0,0.0,0.0,0.0,0.0,0.0,0.0,0.0,2.004,0.0,0.0,0.0,0.0,0.0,4716.0,-0.0,7318.0,-0.0,-107615392.0,0.0,2.7184312818759872e+23,0.0,0.0,0.0,0.0,77,-2.7184303811560617e+23,-3.22199834002519e+26,0.0,0.0,0.0,0.0,0.0,0.0,0.0,0,0,0,0.0,0.0,0.0,0.0,0.0,0.0,0.0,0.0,0.0,0.0,0.0,0.0,0.0,0.0,0.0,0.0,0,-107875648.0,77,0.0,154,0.0,0.0,ERR,ERR,ERR,ERR,ERR,ERR,ERR,ERR,ERR,ERR,ERR,ERR,ERR,ERR,ERR,ERR,ERR,ERR,ERR,ERR,ERR,ERR,ERR,ERR,ERR,ERR,ERR,ERR,ERR,ERR,ERR,ERR,ERR,ERR,ERR,ERR,ERR,ERR,ERR,ERR,ERR,ERR,ERR,ERR,ERR,ERR,ERR,ERR,ERR,ERR,ERR,ERR,ERR,ERR,ERR,ERR,ERR,ERR,ERR,ERR,ERR,ERR,ERR,ERR,ERR,ERR,ERR,34.0,80.0,35,0.0,0.0,0.0,0.0,0.0,0.0,0.0,0.0,0.0,0.0,0.0,0.0,0.0,0.0,0.0,0.0,66.0,0,121,58,54,65476,0,300,0,0,8,20529,65476,0,0,57672,80.0,0.0,0.0,0.0,0.0,0.0
2026-06-18T02:07:29,ERR,ERR,ERR,ERR,ERR,ERR,ERR,ERR,ERR,ERR,ERR,ERR,ERR,ERR,ERR,ERR,ERR,ERR,ERR,ERR,ERR,ERR,ERR,ERR,ERR,ERR,ERR,ERR,ERR,ERR,ERR,ERR,ERR,ERR,ERR,ERR,ERR,ERR,ERR,ERR,ERR,ERR,ERR,ERR,ERR,ERR,ERR,ERR,ERR,ERR,ERR,ERR,ERR,ERR,ERR,ERR,ERR,ERR,ERR,ERR,ERR,ERR,ERR,ERR,ERR,ERR,ERR,ERR,ERR,ERR,ERR,ERR,ERR,ERR,ERR,ERR,ERR,ERR,ERR,ERR,ERR,ERR,ERR,ERR,ERR,ERR,ERR,ERR,ERR,ERR,ERR,ERR,ERR,ERR,ERR,ERR,ERR,ERR,ERR,ERR,ERR,ERR,ERR,ERR,ERR,ERR,ERR,ERR,ERR,ERR,ERR,ERR,ERR,ERR,ERR,ERR,ERR,ERR,ERR,ERR,ERR,ERR,ERR,ERR,ERR,-107615400.0,-107615392.0,0.0,0.059,0.0,1.3936040501711995e+18,7.805,-0.0,0,0,4,48848,6720,14723890282496.0,100,0.0,0.0,0.0,-152005385388032.0,0.0,0,0,0,0,0.0,0,0,0,0,0,0,0,0,0,0,0,0,0,0,0,0,0,0,0,0,0,0,0,0,0,0,0,0,0,0,0,0,0,26,51,50,76,65476,0,300,0,0,8,21553,0.0,-107605600.0,0.0,0.0,0.0,0.0,0.0,0.0,0.0,0.0,0.0,0.0,0.0,0.0,0.0,0.0,0.0,0.0,0.0,0.0,0.0,0.0,0.0,0.0,2.004,0.0,0.0,0.0,0.0,0.0,4716.0,-0.0,7318.0,-0.0,-107615392.0,0.0,2.7184312818759872e+23,0.0,0.0,0.0,0.0,77,-2.7184303811560617e+23,-3.22199834002519e+26,0.0,0.0,0.0,0.0,0.0,0.0,0.0,0,0,0,0.0,0.0,0.0,0.0,0.0,0.0,0.0,0.0,0.0,0.0,0.0,0.0,0.0,0.0,0.0,0.0,0,-107875648.0,77,0.0,154,0.0,0.0,ERR,ERR,ERR,ERR,ERR,ERR,ERR,ERR,ERR,ERR,ERR,ERR,ERR,ERR,ERR,ERR,ERR,ERR,ERR,ERR,ERR,ERR,ERR,ERR,ERR,ERR,ERR,ERR,ERR,ERR,ERR,ERR,ERR,ERR,ERR,ERR,ERR,ERR,ERR,ERR,ERR,ERR,ERR,ERR,ERR,ERR,ERR,ERR,ERR,ERR,ERR,ERR,ERR,ERR,ERR,ERR,ERR,ERR,ERR,ERR,ERR,ERR,ERR,ERR,ERR,ERR,ERR,34.0,80.0,35,0.0,0.0,0.0,0.0,0.0,0.0,0.0,0.0,0.0,0.0,0.0,0.0,0.0,0.0,0.0,0.0,66.0,0,121,58,54,65476,0,300,0,0,8,20529,65476,0,0,57672,80.0,0.0,0.0,0.0,0.0,0.0
2026-06-18T02:07:30,ERR,ERR,ERR,ERR,ERR,ERR,ERR,ERR,ERR,ERR,ERR,ERR,ERR,ERR,ERR,ERR,ERR,ERR,ERR,ERR,ERR,ERR,ERR,ERR,ERR,ERR,ERR,ERR,ERR,ERR,ERR,ERR,ERR,ERR,ERR,ERR,ERR,ERR,ERR,ERR,ERR,ERR,ERR,ERR,ERR,ERR,ERR,ERR,ERR,ERR,ERR,ERR,ERR,ERR,ERR,ERR,ERR,ERR,ERR,ERR,ERR,ERR,ERR,ERR,ERR,ERR,ERR,ERR,ERR,ERR,ERR,ERR,ERR,ERR,ERR,ERR,ERR,ERR,ERR,ERR,ERR,ERR,ERR,ERR,ERR,ERR,ERR,ERR,ERR,ERR,ERR,ERR,ERR,ERR,ERR,ERR,ERR,ERR,ERR,ERR,ERR,ERR,ERR,ERR,ERR,ERR,ERR,ERR,ERR,ERR,ERR,ERR,ERR,ERR,ERR,ERR,ERR,ERR,ERR,ERR,ERR,ERR,ERR,ERR,ERR,-107615400.0,-107615392.0,0.0,0.059,0.0,1.3936040501711995e+18,7.805,-0.0,0,0,4,48848,6720,14723890282496.0,100,0.0,0.0,0.0,-152005385388032.0,0.0,0,0,0,0,0.0,0,0,0,0,0,0,0,0,0,0,0,0,0,0,0,0,0,0,0,0,0,0,0,0,0,0,0,0,0,0,0,0,0,26,51,50,76,65476,0,300,0,0,8,21553,0.0,-107605600.0,0.0,0.0,0.0,0.0,0.0,0.0,0.0,0.0,0.0,0.0,0.0,0.0,0.0,0.0,0.0,0.0,0.0,0.0,0.0,0.0,0.0,0.0,2.004,0.0,0.0,0.0,0.0,0.0,4716.0,-0.0,7318.0,-0.0,-107615392.0,0.0,2.7184312818759872e+23,0.0,0.0,0.0,0.0,77,-2.7184303811560617e+23,-3.22199834002519e+26,0.0,0.0,0.0,0.0,0.0,0.0,0.0,0,0,0,0.0,0.0,0.0,0.0,0.0,0.0,0.0,0.0,0.0,0.0,0.0,0.0,0.0,0.0,0.0,0.0,0,-107875648.0,77,0.0,154,0.0,0.0,ERR,ERR,ERR,ERR,ERR,ERR,ERR,ERR,ERR,ERR,ERR,ERR,ERR,ERR,ERR,ERR,ERR,ERR,ERR,ERR,ERR,ERR,ERR,ERR,ERR,ERR,ERR,ERR,ERR,ERR,ERR,ERR,ERR,ERR,ERR,ERR,ERR,ERR,ERR,ERR,ERR,ERR,ERR,ERR,ERR,ERR,ERR,ERR,ERR,ERR,ERR,ERR,ERR,ERR,ERR,ERR,ERR,ERR,ERR,ERR,ERR,ERR,ERR,ERR,ERR,ERR,ERR,34.0,80.0,35,0.0,0.0,0.0,0.0,0.0,0.0,0.0,0.0,0.0,0.0,0.0,0.0,0.0,0.0,0.0,0.0,66.0,0,121,58,54,65476,0,300,0,0,8,20529,65476,0,0,57672,80.0,0.0,0.0,0.0,0.0,0.0
2026-06-18T02:07:31,ERR,ERR,ERR,ERR,ERR,ERR,ERR,ERR,ERR,ERR,ERR,ERR,ERR,ERR,ERR,ERR,ERR,ERR,ERR,ERR,ERR,ERR,ERR,ERR,ERR,ERR,ERR,ERR,ERR,ERR,ERR,ERR,ERR,ERR,ERR,ERR,ERR,ERR,ERR,ERR,ERR,ERR,ERR,ERR,ERR,ERR,ERR,ERR,ERR,ERR,ERR,ERR,ERR,ERR,ERR,ERR,ERR,ERR,ERR,ERR,ERR,ERR,ERR,ERR,ERR,ERR,ERR,ERR,ERR,ERR,ERR,ERR,ERR,ERR,ERR,ERR,ERR,ERR,ERR,ERR,ERR,ERR,ERR,ERR,ERR,ERR,ERR,ERR,ERR,ERR,ERR,ERR,ERR,ERR,ERR,ERR,ERR,ERR,ERR,ERR,ERR,ERR,ERR,ERR,ERR,ERR,ERR,ERR,ERR,ERR,ERR,ERR,ERR,ERR,ERR,ERR,ERR,ERR,ERR,ERR,ERR,ERR,ERR,ERR,ERR,-107615400.0,-107615392.0,0.0,0.059,0.0,1.3936040501711995e+18,7.805,-0.0,0,0,4,48848,6720,14723890282496.0,100,0.0,0.0,0.0,-152005385388032.0,0.0,0,0,0,0,0.0,0,0,0,0,0,0,0,0,0,0,0,0,0,0,0,0,0,0,0,0,0,0,0,0,0,0,0,0,0,0,0,0,0,26,51,50,76,65476,0,300,0,0,8,21553,0.0,-107605600.0,0.0,0.0,0.0,0.0,0.0,0.0,0.0,0.0,0.0,0.0,0.0,0.0,0.0,0.0,0.0,0.0,0.0,0.0,0.0,0.0,0.0,0.0,2.004,0.0,0.0,0.0,0.0,0.0,4716.0,-0.0,7318.0,-0.0,-107615392.0,0.0,2.7184312818759872e+23,0.0,0.0,0.0,0.0,77,-2.7184303811560617e+23,-3.22199834002519e+26,0.0,0.0,0.0,0.0,0.0,0.0,0.0,0,0,0,0.0,0.0,0.0,0.0,0.0,0.0,0.0,0.0,0.0,0.0,0.0,0.0,0.0,0.0,0.0,0.0,0,-107875648.0,77,0.0,154,0.0,0.0,ERR,ERR,ERR,ERR,ERR,ERR,ERR,ERR,ERR,ERR,ERR,ERR,ERR,ERR,ERR,ERR,ERR,ERR,ERR,ERR,ERR,ERR,ERR,ERR,ERR,ERR,ERR,ERR,ERR,ERR,ERR,ERR,ERR,ERR,ERR,ERR,ERR,ERR,ERR,ERR,ERR,ERR,ERR,ERR,ERR,ERR,ERR,ERR,ERR,ERR,ERR,ERR,ERR,ERR,ERR,ERR,ERR,ERR,ERR,ERR,ERR,ERR,ERR,ERR,ERR,ERR,ERR,34.0,80.0,35,0.0,0.0,0.0,0.0,0.0,0.0,0.0,0.0,0.0,0.0,0.0,0.0,0.0,0.0,0.0,0.0,66.4,0,121,58,54,65476,0,300,0,0,8,20529,65476,0,0,57672,80.0,0.0,0.0,0.0,0.0,0.0
2026-06-18T02:07:33,ERR,ERR,ERR,ERR,ERR,ERR,ERR,ERR,ERR,ERR,ERR,ERR,ERR,ERR,ERR,ERR,ERR,ERR,ERR,ERR,ERR,ERR,ERR,ERR,ERR,ERR,ERR,ERR,ERR,ERR,ERR,ERR,ERR,ERR,ERR,ERR,ERR,ERR,ERR,ERR,ERR,ERR,ERR,ERR,ERR,ERR,ERR,ERR,ERR,ERR,ERR,ERR,ERR,ERR,ERR,ERR,ERR,ERR,ERR,ERR,ERR,ERR,ERR,ERR,ERR,ERR,ERR,ERR,ERR,ERR,ERR,ERR,ERR,ERR,ERR,ERR,ERR,ERR,ERR,ERR,ERR,ERR,ERR,ERR,ERR,ERR,ERR,ERR,ERR,ERR,ERR,ERR,ERR,ERR,ERR,ERR,ERR,ERR,ERR,ERR,ERR,ERR,ERR,ERR,ERR,ERR,ERR,ERR,ERR,ERR,ERR,ERR,ERR,ERR,ERR,ERR,ERR,ERR,ERR,ERR,ERR,ERR,ERR,ERR,ERR,-107615400.0,-107615392.0,0.0,0.059,0.0,1.3936040501711995e+18,7.805,-0.0,0,0,4,48848,6720,14723890282496.0,100,0.0,0.0,0.0,-152005385388032.0,0.0,0,0,0,0,0.0,0,0,0,0,0,0,0,0,0,0,0,0,0,0,0,0,0,0,0,0,0,0,0,0,0,0,0,0,0,0,0,0,0,26,51,50,76,65476,0,300,0,0,8,21553,0.0,-107605600.0,0.0,0.0,0.0,0.0,0.0,0.0,0.0,0.0,0.0,0.0,0.0,0.0,0.0,0.0,0.0,0.0,0.0,0.0,0.0,0.0,0.0,0.0,2.004,0.0,0.0,0.0,0.0,0.0,4716.0,-0.0,7318.0,-0.0,-107615392.0,0.0,2.7184312818759872e+23,0.0,0.0,0.0,0.0,77,-2.7184303811560617e+23,-3.22199834002519e+26,0.0,0.0,0.0,0.0,0.0,0.0,0.0,0,0,0,0.0,0.0,0.0,0.0,0.0,0.0,0.0,0.0,0.0,0.0,0.0,0.0,0.0,0.0,0.0,0.0,0,-107875648.0,77,0.0,154,0.0,0.0,ERR,ERR,ERR,ERR,ERR,ERR,ERR,ERR,ERR,ERR,ERR,ERR,ERR,ERR,ERR,ERR,ERR,ERR,ERR,ERR,ERR,ERR,ERR,ERR,ERR,ERR,ERR,ERR,ERR,ERR,ERR,ERR,ERR,ERR,ERR,ERR,ERR,ERR,ERR,ERR,ERR,ERR,ERR,ERR,ERR,ERR,ERR,ERR,ERR,ERR,ERR,ERR,ERR,ERR,ERR,ERR,ERR,ERR,ERR,ERR,ERR,ERR,ERR,ERR,ERR,ERR,ERR,34.0,80.0,35,0.0,0.0,0.0,0.0,0.0,0.0,0.0,0.0,0.0,0.0,0.0,0.0,0.0,0.0,0.0,0.0,66.4,0,121,58,54,65476,0,300,0,0,8,20529,65476,0,0,57672,80.0,0.0,0.0,0.0,0.0,0.0
2026-06-18T02:07:34,ERR,ERR,ERR,ERR,ERR,ERR,ERR,ERR,ERR,ERR,ERR,ERR,ERR,ERR,ERR,ERR,ERR,ERR,ERR,ERR,ERR,ERR,ERR,ERR,ERR,ERR,ERR,ERR,ERR,ERR,ERR,ERR,ERR,ERR,ERR,ERR,ERR,ERR,ERR,ERR,ERR,ERR,ERR,ERR,ERR,ERR,ERR,ERR,ERR,ERR,ERR,ERR,ERR,ERR,ERR,ERR,ERR,ERR,ERR,ERR,ERR,ERR,ERR,ERR,ERR,ERR,ERR,ERR,ERR,ERR,ERR,ERR,ERR,ERR,ERR,ERR,ERR,ERR,ERR,ERR,ERR,ERR,ERR,ERR,ERR,ERR,ERR,ERR,ERR,ERR,ERR,ERR,ERR,ERR,ERR,ERR,ERR,ERR,ERR,ERR,ERR,ERR,ERR,ERR,ERR,ERR,ERR,ERR,ERR,ERR,ERR,ERR,ERR,ERR,ERR,ERR,ERR,ERR,ERR,ERR,ERR,ERR,ERR,ERR,ERR,-0.0,-107615392.0,-134999232.0,2.718290229135658e+23,0.0,1.3936040501711995e+18,7.805,2.2722174697351414e+18,0,0,4,48903,6720,14723890282496.0,100,0.0,0.0,0.0,0.059,0.0,0,0,0,0,0.0,0,0,0,0,0,0,0,0,0,0,0,0,0,0,0,0,0,0,0,0,0,0,0,0,0,0,0,0,0,0,0,0,0,26,51,50,76,65476,0,300,0,0,8,21553,0.0,-107605600.0,0.0,0.0,0.0,0.0,0.0,0.0,0.0,0.0,0.0,0.0,0.0,0.0,0.0,0.0,0.0,0.0,0.0,0.0,0.0,0.0,2.004,0.0,2.004,-2.004,0.0,0.0,0.0,0.0,4718.0,-0.0,7317.0,-107615400.0,-107615392.0,0.0,-0.0,0.0,0.0,0.0,0.0,77,-3.222029330555234e+26,0.0,0.0,0.0,0.0,0.0,0.0,0.0,0.0,0,0,0,0.0,0.0,0.0,0.0,0.0,0.0,0.0,0.0,0.0,0.0,0.0,0.0,0.0,0.0,0.0,0.0,0,-107875648.0,77,0.0,154,0.0,0.0,ERR,ERR,ERR,ERR,ERR,ERR,ERR,ERR,ERR,ERR,ERR,ERR,ERR,ERR,ERR,ERR,ERR,ERR,ERR,ERR,ERR,ERR,ERR,ERR,ERR,ERR,ERR,ERR,ERR,ERR,ERR,ERR,ERR,ERR,ERR,ERR,ERR,ERR,ERR,ERR,ERR,ERR,ERR,ERR,ERR,ERR,ERR,ERR,ERR,ERR,ERR,ERR,ERR,ERR,ERR,ERR,ERR,ERR,ERR,ERR,ERR,ERR,ERR,ERR,ERR,ERR,ERR,34.0,80.0,35,0.0,0.0,0.0,0.0,0.0,0.0,0.0,0.0,0.0,0.0,0.0,0.0,0.0,0.0,0.0,0.0,66.4,0,121,58,54,65476,0,300,0,0,8,20529,65476,0,0,57672,80.0,0.0,0.0,0.0,0.0,0.0
2026-06-18T02:07:35,ERR,ERR,ERR,ERR,ERR,ERR,ERR,ERR,ERR,ERR,ERR,ERR,ERR,ERR,ERR,ERR,ERR,ERR,ERR,ERR,ERR,ERR,ERR,ERR,ERR,ERR,ERR,ERR,ERR,ERR,ERR,ERR,ERR,ERR,ERR,ERR,ERR,ERR,ERR,ERR,ERR,ERR,ERR,ERR,ERR,ERR,ERR,ERR,ERR,ERR,ERR,ERR,ERR,ERR,ERR,ERR,ERR,ERR,ERR,ERR,ERR,ERR,ERR,ERR,ERR,ERR,ERR,ERR,ERR,ERR,ERR,ERR,ERR,ERR,ERR,ERR,ERR,ERR,ERR,ERR,ERR,ERR,ERR,ERR,ERR,ERR,ERR,ERR,ERR,ERR,ERR,ERR,ERR,ERR,ERR,ERR,ERR,ERR,ERR,ERR,ERR,ERR,ERR,ERR,ERR,ERR,ERR,ERR,ERR,ERR,ERR,ERR,ERR,ERR,ERR,ERR,ERR,ERR,ERR,ERR,ERR,ERR,ERR,ERR,ERR,-0.0,-107615392.0,-134999232.0,2.718290229135658e+23,0.0,1.3936040501711995e+18,7.805,2.2722174697351414e+18,0,0,4,48903,6720,14723890282496.0,100,0.0,0.0,0.0,0.059,0.0,0,0,0,0,0.0,0,0,0,0,0,0,0,0,0,0,0,0,0,0,0,0,0,0,0,0,0,0,0,0,0,0,0,0,0,0,0,0,0,26,51,50,76,65476,0,300,0,0,8,21553,0.0,-107605600.0,0.0,0.0,0.0,0.0,0.0,0.0,0.0,0.0,0.0,0.0,0.0,0.0,0.0,0.0,0.0,0.0,0.0,0.0,0.0,0.0,2.004,0.0,2.004,-2.004,0.0,0.0,0.0,0.0,4718.0,-0.0,7317.0,-107615400.0,-107615392.0,0.0,-0.0,0.0,0.0,0.0,0.0,77,-3.222029330555234e+26,0.0,0.0,0.0,0.0,0.0,0.0,0.0,0.0,0,0,0,0.0,0.0,0.0,0.0,0.0,0.0,0.0,0.0,0.0,0.0,0.0,0.0,0.0,0.0,0.0,0.0,0,-107875648.0,77,0.0,154,0.0,0.0,ERR,ERR,ERR,ERR,ERR,ERR,ERR,ERR,ERR,ERR,ERR,ERR,ERR,ERR,ERR,ERR,ERR,ERR,ERR,ERR,ERR,ERR,ERR,ERR,ERR,ERR,ERR,ERR,ERR,ERR,ERR,ERR,ERR,ERR,ERR,ERR,ERR,ERR,ERR,ERR,ERR,ERR,ERR,ERR,ERR,ERR,ERR,ERR,ERR,ERR,ERR,ERR,ERR,ERR,ERR,ERR,ERR,ERR,ERR,ERR,ERR,ERR,ERR,ERR,ERR,ERR,ERR,34.0,80.0,35,0.0,0.0,0.0,0.0,0.0,0.0,0.0,0.0,0.0,0.0,0.0,0.0,0.0,0.0,0.0,0.0,66.4,0,121,58,54,65476,0,300,0,0,8,20529,65476,0,0,57672,80.0,0.0,0.0,0.0,0.0,0.0
2026-06-18T02:07:36,ERR,ERR,ERR,ERR,ERR,ERR,ERR,ERR,ERR,ERR,ERR,ERR,ERR,ERR,ERR,ERR,ERR,ERR,ERR,ERR,ERR,ERR,ERR,ERR,ERR,ERR,ERR,ERR,ERR,ERR,ERR,ERR,ERR,ERR,ERR,ERR,ERR,ERR,ERR,ERR,ERR,ERR,ERR,ERR,ERR,ERR,ERR,ERR,ERR,ERR,ERR,ERR,ERR,ERR,ERR,ERR,ERR,ERR,ERR,ERR,ERR,ERR,ERR,ERR,ERR,ERR,ERR,ERR,ERR,ERR,ERR,ERR,ERR,ERR,ERR,ERR,ERR,ERR,ERR,ERR,ERR,ERR,ERR,ERR,ERR,ERR,ERR,ERR,ERR,ERR,ERR,ERR,ERR,ERR,ERR,ERR,ERR,ERR,ERR,ERR,ERR,ERR,ERR,ERR,ERR,ERR,ERR,ERR,ERR,ERR,ERR,ERR,ERR,ERR,ERR,ERR,ERR,ERR,ERR,ERR,ERR,ERR,ERR,ERR,ERR,-0.0,-107615392.0,-134999232.0,2.718290229135658e+23,0.0,1.3936040501711995e+18,7.805,2.2722174697351414e+18,0,0,4,48903,6720,14723890282496.0,100,0.0,0.0,0.0,0.059,0.0,0,0,0,0,0.0,0,0,0,0,0,0,0,0,0,0,0,0,0,0,0,0,0,0,0,0,0,0,0,0,0,0,0,0,0,0,0,0,0,26,51,50,76,65476,0,300,0,0,8,21553,0.0,-107605600.0,0.0,0.0,0.0,0.0,0.0,0.0,0.0,0.0,0.0,0.0,0.0,0.0,0.0,0.0,0.0,0.0,0.0,0.0,0.0,0.0,2.004,0.0,2.004,-2.004,0.0,0.0,0.0,0.0,4718.0,-0.0,7317.0,-107615400.0,-107615392.0,0.0,-0.0,0.0,0.0,0.0,0.0,77,-3.222029330555234e+26,0.0,0.0,0.0,0.0,0.0,0.0,0.0,0.0,0,0,0,0.0,0.0,0.0,0.0,0.0,0.0,0.0,0.0,0.0,0.0,0.0,0.0,0.0,0.0,0.0,0.0,0,-107875648.0,77,0.0,154,0.0,0.0,ERR,ERR,ERR,ERR,ERR,ERR,ERR,ERR,ERR,ERR,ERR,ERR,ERR,ERR,ERR,ERR,ERR,ERR,ERR,ERR,ERR,ERR,ERR,ERR,ERR,ERR,ERR,ERR,ERR,ERR,ERR,ERR,ERR,ERR,ERR,ERR,ERR,ERR,ERR,ERR,ERR,ERR,ERR,ERR,ERR,ERR,ERR,ERR,ERR,ERR,ERR,ERR,ERR,ERR,ERR,ERR,ERR,ERR,ERR,ERR,ERR,ERR,ERR,ERR,ERR,ERR,ERR,34.0,80.0,35,0.0,0.0,0.0,0.0,0.0,0.0,0.0,0.0,0.0,0.0,0.0,0.0,0.0,0.0,0.0,0.0,66.4,0,121,58,54,65476,0,300,0,0,8,20529,65476,0,0,57672,80.0,0.0,0.0,0.0,0.0,0.0
2026-06-18T02:07:37,ERR,ERR,ERR,ERR,ERR,ERR,ERR,ERR,ERR,ERR,ERR,ERR,ERR,ERR,ERR,ERR,ERR,ERR,ERR,ERR,ERR,ERR,ERR,ERR,ERR,ERR,ERR,ERR,ERR,ERR,ERR,ERR,ERR,ERR,ERR,ERR,ERR,ERR,ERR,ERR,ERR,ERR,ERR,ERR,ERR,ERR,ERR,ERR,ERR,ERR,ERR,ERR,ERR,ERR,ERR,ERR,ERR,ERR,ERR,ERR,ERR,ERR,ERR,ERR,ERR,ERR,ERR,ERR,ERR,ERR,ERR,ERR,ERR,ERR,ERR,ERR,ERR,ERR,ERR,ERR,ERR,ERR,ERR,ERR,ERR,ERR,ERR,ERR,ERR,ERR,ERR,ERR,ERR,ERR,ERR,ERR,ERR,ERR,ERR,ERR,ERR,ERR,ERR,ERR,ERR,ERR,ERR,ERR,ERR,ERR,ERR,ERR,ERR,ERR,ERR,ERR,ERR,ERR,ERR,ERR,ERR,ERR,ERR,ERR,ERR,-0.0,-107615392.0,-134999232.0,2.718290229135658e+23,0.0,1.3936040501711995e+18,7.805,2.2722174697351414e+18,0,0,4,48903,6720,14723890282496.0,100,0.0,0.0,0.0,0.059,0.0,0,0,0,0,0.0,0,0,0,0,0,0,0,0,0,0,0,0,0,0,0,0,0,0,0,0,0,0,0,0,0,0,0,0,0,0,0,0,0,26,51,50,76,65476,0,300,0,0,8,21553,0.0,-107605600.0,0.0,0.0,0.0,0.0,0.0,0.0,0.0,0.0,0.0,0.0,0.0,0.0,0.0,0.0,0.0,0.0,0.0,0.0,0.0,0.0,2.004,0.0,2.004,-2.004,0.0,0.0,0.0,0.0,4718.0,-0.0,7317.0,-107615400.0,-107615392.0,0.0,-0.0,0.0,0.0,0.0,0.0,77,-3.222029330555234e+26,0.0,0.0,0.0,0.0,0.0,0.0,0.0,0.0,0,0,0,0.0,0.0,0.0,0.0,0.0,0.0,0.0,0.0,0.0,0.0,0.0,0.0,0.0,0.0,0.0,0.0,0,-107875648.0,77,0.0,154,0.0,0.0,ERR,ERR,ERR,ERR,ERR,ERR,ERR,ERR,ERR,ERR,ERR,ERR,ERR,ERR,ERR,ERR,ERR,ERR,ERR,ERR,ERR,ERR,ERR,ERR,ERR,ERR,ERR,ERR,ERR,ERR,ERR,ERR,ERR,ERR,ERR,ERR,ERR,ERR,ERR,ERR,ERR,ERR,ERR,ERR,ERR,ERR,ERR,ERR,ERR,ERR,ERR,ERR,ERR,ERR,ERR,ERR,ERR,ERR,ERR,ERR,ERR,ERR,ERR,ERR,ERR,ERR,ERR,34.0,80.0,35,0.0,0.0,0.0,0.0,0.0,0.0,0.0,0.0,0.0,0.0,0.0,0.0,0.0,0.0,0.0,0.0,66.4,0,121,58,54,65476,0,300,0,0,8,20529,65476,0,0,57672,80.0,0.0,0.0,0.0,0.0,0.0
2026-06-18T02:07:38,ERR,ERR,ERR,ERR,ERR,ERR,ERR,ERR,ERR,ERR,ERR,ERR,ERR,ERR,ERR,ERR,ERR,ERR,ERR,ERR,ERR,ERR,ERR,ERR,ERR,ERR,ERR,ERR,ERR,ERR,ERR,ERR,ERR,ERR,ERR,ERR,ERR,ERR,ERR,ERR,ERR,ERR,ERR,ERR,ERR,ERR,ERR,ERR,ERR,ERR,ERR,ERR,ERR,ERR,ERR,ERR,ERR,ERR,ERR,ERR,ERR,ERR,ERR,ERR,ERR,ERR,ERR,ERR,ERR,ERR,ERR,ERR,ERR,ERR,ERR,ERR,ERR,ERR,ERR,ERR,ERR,ERR,ERR,ERR,ERR,ERR,ERR,ERR,ERR,ERR,ERR,ERR,ERR,ERR,ERR,ERR,ERR,ERR,ERR,ERR,ERR,ERR,ERR,ERR,ERR,ERR,ERR,ERR,ERR,ERR,ERR,ERR,ERR,ERR,ERR,ERR,ERR,ERR,ERR,ERR,ERR,ERR,ERR,ERR,ERR,-0.0,-107615392.0,-134999232.0,2.718290229135658e+23,0.0,1.3936040501711995e+18,7.805,2.2722174697351414e+18,0,0,4,48903,6720,14723890282496.0,100,0.0,0.0,0.0,0.059,0.0,0,0,0,0,0.0,0,0,0,0,0,0,0,0,0,0,0,0,0,0,0,0,0,0,0,0,0,0,0,0,0,0,0,0,0,0,0,0,0,26,51,50,76,65476,0,300,0,0,8,21553,0.0,-107605600.0,0.0,0.0,0.0,0.0,0.0,0.0,0.0,0.0,0.0,0.0,0.0,0.0,0.0,0.0,0.0,0.0,0.0,0.0,0.0,0.0,2.004,0.0,2.004,-2.004,0.0,0.0,0.0,0.0,4718.0,-0.0,7317.0,-107615400.0,-107615392.0,0.0,-0.0,0.0,0.0,0.0,0.0,77,-3.222029330555234e+26,0.0,0.0,0.0,0.0,0.0,0.0,0.0,0.0,0,0,0,0.0,0.0,0.0,0.0,0.0,0.0,0.0,0.0,0.0,0.0,0.0,0.0,0.0,0.0,0.0,0.0,0,-107875648.0,77,0.0,154,0.0,0.0,ERR,ERR,ERR,ERR,ERR,ERR,ERR,ERR,ERR,ERR,ERR,ERR,ERR,ERR,ERR,ERR,ERR,ERR,ERR,ERR,ERR,ERR,ERR,ERR,ERR,ERR,ERR,ERR,ERR,ERR,ERR,ERR,ERR,ERR,ERR,ERR,ERR,ERR,ERR,ERR,ERR,ERR,ERR,ERR,ERR,ERR,ERR,ERR,ERR,ERR,ERR,ERR,ERR,ERR,ERR,ERR,ERR,ERR,ERR,ERR,ERR,ERR,ERR,ERR,ERR,ERR,ERR,34.0,80.0,35,0.0,0.0,0.0,0.0,0.0,0.0,0.0,0.0,0.0,0.0,0.0,0.0,0.0,0.0,0.0,0.0,66.0,0,121,58,54,65476,0,300,0,0,8,20529,65476,0,0,57672,80.0,0.0,0.0,0.0,0.0,0.0
2026-06-18T02:07:39,ERR,ERR,ERR,ERR,ERR,ERR,ERR,ERR,ERR,ERR,ERR,ERR,ERR,ERR,ERR,ERR,ERR,ERR,ERR,ERR,ERR,ERR,ERR,ERR,ERR,ERR,ERR,ERR,ERR,ERR,ERR,ERR,ERR,ERR,ERR,ERR,ERR,ERR,ERR,ERR,ERR,ERR,ERR,ERR,ERR,ERR,ERR,ERR,ERR,ERR,ERR,ERR,ERR,ERR,ERR,ERR,ERR,ERR,ERR,ERR,ERR,ERR,ERR,ERR,ERR,ERR,ERR,ERR,ERR,ERR,ERR,ERR,ERR,ERR,ERR,ERR,ERR,ERR,ERR,ERR,ERR,ERR,ERR,ERR,ERR,ERR,ERR,ERR,ERR,ERR,ERR,ERR,ERR,ERR,ERR,ERR,ERR,ERR,ERR,ERR,ERR,ERR,ERR,ERR,ERR,ERR,ERR,ERR,ERR,ERR,ERR,ERR,ERR,ERR,ERR,ERR,ERR,ERR,ERR,ERR,ERR,ERR,ERR,ERR,ERR,-0.0,-107615392.0,-134999232.0,-0.0,0.0,1.3936040501711995e+18,7.805,11082173251584.0,0,0,4,48855,6720,14723890282496.0,100,0.0,0.0,0.0,-0.0,0.0,0,0,0,0,0.0,0,0,0,0,0,0,0,0,0,0,0,0,0,0,0,0,0,0,0,0,0,0,0,0,0,0,0,0,0,0,0,0,0,26,51,50,76,65476,0,300,0,0,8,21553,0.0,-107605600.0,0.0,0.0,0.0,0.0,0.0,0.0,0.0,0.0,0.0,0.0,0.0,0.0,0.0,0.0,0.0,0.0,0.0,0.0,0.0,0.0,0.0,0.0,2.004,-2.004,0.0,0.0,0.0,0.0,4718.0,-2.004,7320.0,-107615400.0,-107615392.0,0.0,2.7184312818759872e+23,0.0,0.0,0.0,0.0,77,-3.222029330555234e+26,0.0,0.0,0.0,0.0,0.0,0.0,0.0,0.0,0,0,0,0.0,0.0,0.0,0.0,0.0,0.0,0.0,0.0,0.0,0.0,0.0,0.0,0.0,0.0,0.0,0.0,0,-107875648.0,77,0.0,154,0.0,0.0,ERR,ERR,ERR,ERR,ERR,ERR,ERR,ERR,ERR,ERR,ERR,ERR,ERR,ERR,ERR,ERR,ERR,ERR,ERR,ERR,ERR,ERR,ERR,ERR,ERR,ERR,ERR,ERR,ERR,ERR,ERR,ERR,ERR,ERR,ERR,ERR,ERR,ERR,ERR,ERR,ERR,ERR,ERR,ERR,ERR,ERR,ERR,ERR,ERR,ERR,ERR,ERR,ERR,ERR,ERR,ERR,ERR,ERR,ERR,ERR,ERR,ERR,ERR,ERR,ERR,ERR,ERR,34.0,80.0,35,0.0,0.0,0.0,0.0,0.0,0.0,0.0,0.0,0.0,0.0,0.0,0.0,0.0,0.0,0.0,0.0,66.0,0,121,58,54,65476,0,300,0,0,8,20529,65476,0,0,57672,80.0,0.0,0.0,0.0,0.0,0.0
2026-06-18T02:07:40,ERR,ERR,ERR,ERR,ERR,ERR,ERR,ERR,ERR,ERR,ERR,ERR,ERR,ERR,ERR,ERR,ERR,ERR,ERR,ERR,ERR,ERR,ERR,ERR,ERR,ERR,ERR,ERR,ERR,ERR,ERR,ERR,ERR,ERR,ERR,ERR,ERR,ERR,ERR,ERR,ERR,ERR,ERR,ERR,ERR,ERR,ERR,ERR,ERR,ERR,ERR,ERR,ERR,ERR,ERR,ERR,ERR,ERR,ERR,ERR,ERR,ERR,ERR,ERR,ERR,ERR,ERR,ERR,ERR,ERR,ERR,ERR,ERR,ERR,ERR,ERR,ERR,ERR,ERR,ERR,ERR,ERR,ERR,ERR,ERR,ERR,ERR,ERR,ERR,ERR,ERR,ERR,ERR,ERR,ERR,ERR,ERR,ERR,ERR,ERR,ERR,ERR,ERR,ERR,ERR,ERR,ERR,ERR,ERR,ERR,ERR,ERR,ERR,ERR,ERR,ERR,ERR,ERR,ERR,ERR,ERR,ERR,ERR,ERR,ERR,-0.0,-107615392.0,-134999232.0,-0.0,0.0,1.3936040501711995e+18,7.805,11082173251584.0,0,0,4,48855,6720,14723890282496.0,100,0.0,0.0,0.0,-0.0,0.0,0,0,0,0,0.0,0,0,0,0,0,0,0,0,0,0,0,0,0,0,0,0,0,0,0,0,0,0,0,0,0,0,0,0,0,0,0,0,0,26,51,50,76,65476,0,300,0,0,8,21553,0.0,-107605600.0,0.0,0.0,0.0,0.0,0.0,0.0,0.0,0.0,0.0,0.0,0.0,0.0,0.0,0.0,0.0,0.0,0.0,0.0,0.0,0.0,0.0,0.0,2.004,-2.004,0.0,0.0,0.0,0.0,4718.0,-2.004,7320.0,-107615400.0,-107615392.0,0.0,2.7184312818759872e+23,0.0,0.0,0.0,0.0,77,-3.222029330555234e+26,0.0,0.0,0.0,0.0,0.0,0.0,0.0,0.0,0,0,0,0.0,0.0,0.0,0.0,0.0,0.0,0.0,0.0,0.0,0.0,0.0,0.0,0.0,0.0,0.0,0.0,0,-107875648.0,77,0.0,154,0.0,0.0,ERR,ERR,ERR,ERR,ERR,ERR,ERR,ERR,ERR,ERR,ERR,ERR,ERR,ERR,ERR,ERR,ERR,ERR,ERR,ERR,ERR,ERR,ERR,ERR,ERR,ERR,ERR,ERR,ERR,ERR,ERR,ERR,ERR,ERR,ERR,ERR,ERR,ERR,ERR,ERR,ERR,ERR,ERR,ERR,ERR,ERR,ERR,ERR,ERR,ERR,ERR,ERR,ERR,ERR,ERR,ERR,ERR,ERR,ERR,ERR,ERR,ERR,ERR,ERR,ERR,ERR,ERR,34.0,80.0,35,0.0,0.0,0.0,0.0,0.0,0.0,0.0,0.0,0.0,0.0,0.0,0.0,0.0,0.0,0.0,0.0,66.0,0,121,58,54,65476,0,300,0,0,8,20529,65476,0,0,57672,80.0,0.0,0.0,0.0,0.0,0.0
2026-06-18T02:07:41,ERR,ERR,ERR,ERR,ERR,ERR,ERR,ERR,ERR,ERR,ERR,ERR,ERR,ERR,ERR,ERR,ERR,ERR,ERR,ERR,ERR,ERR,ERR,ERR,ERR,ERR,ERR,ERR,ERR,ERR,ERR,ERR,ERR,ERR,ERR,ERR,ERR,ERR,ERR,ERR,ERR,ERR,ERR,ERR,ERR,ERR,ERR,ERR,ERR,ERR,ERR,ERR,ERR,ERR,ERR,ERR,ERR,ERR,ERR,ERR,ERR,ERR,ERR,ERR,ERR,ERR,ERR,ERR,ERR,ERR,ERR,ERR,ERR,ERR,ERR,ERR,ERR,ERR,ERR,ERR,ERR,ERR,ERR,ERR,ERR,ERR,ERR,ERR,ERR,ERR,ERR,ERR,ERR,ERR,ERR,ERR,ERR,ERR,ERR,ERR,ERR,ERR,ERR,ERR,ERR,ERR,ERR,ERR,ERR,ERR,ERR,ERR,ERR,ERR,ERR,ERR,ERR,ERR,ERR,ERR,ERR,ERR,ERR,ERR,ERR,-0.0,-107615392.0,-134999232.0,-0.0,0.0,1.3936040501711995e+18,7.805,11082173251584.0,0,0,4,48855,6720,14723890282496.0,100,0.0,0.0,0.0,-0.0,0.0,0,0,0,0,0.0,0,0,0,0,0,0,0,0,0,0,0,0,0,0,0,0,0,0,0,0,0,0,0,0,0,0,0,0,0,0,0,0,0,26,51,50,76,65476,0,300,0,0,8,21553,0.0,-107605600.0,0.0,0.0,0.0,0.0,0.0,0.0,0.0,0.0,0.0,0.0,0.0,0.0,0.0,0.0,0.0,0.0,0.0,0.0,0.0,0.0,0.0,0.0,2.004,-2.004,0.0,0.0,0.0,0.0,4718.0,-2.004,7320.0,-107615400.0,-107615392.0,0.0,2.7184312818759872e+23,0.0,0.0,0.0,0.0,77,-3.222029330555234e+26,0.0,0.0,0.0,0.0,0.0,0.0,0.0,0.0,0,0,0,0.0,0.0,0.0,0.0,0.0,0.0,0.0,0.0,0.0,0.0,0.0,0.0,0.0,0.0,0.0,0.0,0,-107875648.0,77,0.0,154,0.0,0.0,ERR,ERR,ERR,ERR,ERR,ERR,ERR,ERR,ERR,ERR,ERR,ERR,ERR,ERR,ERR,ERR,ERR,ERR,ERR,ERR,ERR,ERR,ERR,ERR,ERR,ERR,ERR,ERR,ERR,ERR,ERR,ERR,ERR,ERR,ERR,ERR,ERR,ERR,ERR,ERR,ERR,ERR,ERR,ERR,ERR,ERR,ERR,ERR,ERR,ERR,ERR,ERR,ERR,ERR,ERR,ERR,ERR,ERR,ERR,ERR,ERR,ERR,ERR,ERR,ERR,ERR,ERR,34.0,80.0,35,0.0,0.0,0.0,0.0,0.0,0.0,0.0,0.0,0.0,0.0,0.0,0.0,0.0,0.0,0.0,0.0,66.0,0,121,58,54,65476,0,300,0,0,8,20529,65476,0,0,57672,80.0,0.0,0.0,0.0,0.0,0.0
2026-06-18T02:07:42,ERR,ERR,ERR,ERR,ERR,ERR,ERR,ERR,ERR,ERR,ERR,ERR,ERR,ERR,ERR,ERR,ERR,ERR,ERR,ERR,ERR,ERR,ERR,ERR,ERR,ERR,ERR,ERR,ERR,ERR,ERR,ERR,ERR,ERR,ERR,ERR,ERR,ERR,ERR,ERR,ERR,ERR,ERR,ERR,ERR,ERR,ERR,ERR,ERR,ERR,ERR,ERR,ERR,ERR,ERR,ERR,ERR,ERR,ERR,ERR,ERR,ERR,ERR,ERR,ERR,ERR,ERR,ERR,ERR,ERR,ERR,ERR,ERR,ERR,ERR,ERR,ERR,ERR,ERR,ERR,ERR,ERR,ERR,ERR,ERR,ERR,ERR,ERR,ERR,ERR,ERR,ERR,ERR,ERR,ERR,ERR,ERR,ERR,ERR,ERR,ERR,ERR,ERR,ERR,ERR,ERR,ERR,ERR,ERR,ERR,ERR,ERR,ERR,ERR,ERR,ERR,ERR,ERR,ERR,ERR,ERR,ERR,ERR,ERR,ERR,-0.0,-107615392.0,-134999232.0,-0.0,0.0,1.3936040501711995e+18,7.805,11082173251584.0,0,0,4,48855,6720,14723890282496.0,100,0.0,0.0,0.0,-0.0,0.0,0,0,0,0,0.0,0,0,0,0,0,0,0,0,0,0,0,0,0,0,0,0,0,0,0,0,0,0,0,0,0,0,0,0,0,0,0,0,0,26,51,50,76,65476,0,300,0,0,8,21553,0.0,-107605600.0,0.0,0.0,0.0,0.0,0.0,0.0,0.0,0.0,0.0,0.0,0.0,0.0,0.0,0.0,0.0,0.0,0.0,0.0,0.0,0.0,0.0,0.0,2.004,-2.004,0.0,0.0,0.0,0.0,4718.0,-2.004,7320.0,-107615400.0,-107615392.0,0.0,2.7184312818759872e+23,0.0,0.0,0.0,0.0,77,-3.222029330555234e+26,0.0,0.0,0.0,0.0,0.0,0.0,0.0,0.0,0,0,0,0.0,0.0,0.0,0.0,0.0,0.0,0.0,0.0,0.0,0.0,0.0,0.0,0.0,0.0,0.0,0.0,0,-107875648.0,77,0.0,154,0.0,0.0,ERR,ERR,ERR,ERR,ERR,ERR,ERR,ERR,ERR,ERR,ERR,ERR,ERR,ERR,ERR,ERR,ERR,ERR,ERR,ERR,ERR,ERR,ERR,ERR,ERR,ERR,ERR,ERR,ERR,ERR,ERR,ERR,ERR,ERR,ERR,ERR,ERR,ERR,ERR,ERR,ERR,ERR,ERR,ERR,ERR,ERR,ERR,ERR,ERR,ERR,ERR,ERR,ERR,ERR,ERR,ERR,ERR,ERR,ERR,ERR,ERR,ERR,ERR,ERR,ERR,ERR,ERR,34.0,80.0,35,0.0,0.0,0.0,0.0,0.0,0.0,0.0,0.0,0.0,0.0,0.0,0.0,0.0,0.0,0.0,0.0,66.0,0,121,58,54,65476,0,300,0,0,8,20529,65476,0,0,57672,80.0,0.0,0.0,0.0,0.0,0.0
2026-06-18T02:07:43,ERR,ERR,ERR,ERR,ERR,ERR,ERR,ERR,ERR,ERR,ERR,ERR,ERR,ERR,ERR,ERR,ERR,ERR,ERR,ERR,ERR,ERR,ERR,ERR,ERR,ERR,ERR,ERR,ERR,ERR,ERR,ERR,ERR,ERR,ERR,ERR,ERR,ERR,ERR,ERR,ERR,ERR,ERR,ERR,ERR,ERR,ERR,ERR,ERR,ERR,ERR,ERR,ERR,ERR,ERR,ERR,ERR,ERR,ERR,ERR,ERR,ERR,ERR,ERR,ERR,ERR,ERR,ERR,ERR,ERR,ERR,ERR,ERR,ERR,ERR,ERR,ERR,ERR,ERR,ERR,ERR,ERR,ERR,ERR,ERR,ERR,ERR,ERR,ERR,ERR,ERR,ERR,ERR,ERR,ERR,ERR,ERR,ERR,ERR,ERR,ERR,ERR,ERR,ERR,ERR,ERR,ERR,ERR,ERR,ERR,ERR,ERR,ERR,ERR,ERR,ERR,ERR,ERR,ERR,ERR,ERR,ERR,ERR,ERR,ERR,-0.0,-107615392.0,-134999232.0,-0.0,0.0,1.3936040501711995e+18,7.805,11082173251584.0,0,0,4,48855,6720,14723890282496.0,100,0.0,0.0,0.0,-0.0,0.0,0,0,0,0,0.0,0,0,0,0,0,0,0,0,0,0,0,0,0,0,0,0,0,0,0,0,0,0,0,0,0,0,0,0,0,0,0,0,0,26,51,50,76,65476,0,300,0,0,8,21553,0.0,-107605600.0,0.0,0.0,0.0,0.0,0.0,0.0,0.0,0.0,0.0,0.0,0.0,0.0,0.0,0.0,0.0,0.0,0.0,0.0,0.0,0.0,0.0,0.0,2.004,-2.004,0.0,0.0,0.0,0.0,4718.0,-2.004,7320.0,-107615400.0,-107615392.0,0.0,2.7184312818759872e+23,0.0,0.0,0.0,0.0,77,-3.222029330555234e+26,0.0,0.0,0.0,0.0,0.0,0.0,0.0,0.0,0,0,0,0.0,0.0,0.0,0.0,0.0,0.0,0.0,0.0,0.0,0.0,0.0,0.0,0.0,0.0,0.0,0.0,0,-107875648.0,77,0.0,154,0.0,0.0,ERR,ERR,ERR,ERR,ERR,ERR,ERR,ERR,ERR,ERR,ERR,ERR,ERR,ERR,ERR,ERR,ERR,ERR,ERR,ERR,ERR,ERR,ERR,ERR,ERR,ERR,ERR,ERR,ERR,ERR,ERR,ERR,ERR,ERR,ERR,ERR,ERR,ERR,ERR,ERR,ERR,ERR,ERR,ERR,ERR,ERR,ERR,ERR,ERR,ERR,ERR,ERR,ERR,ERR,ERR,ERR,ERR,ERR,ERR,ERR,ERR,ERR,ERR,ERR,ERR,ERR,ERR,34.0,80.0,35,0.0,0.0,0.0,0.0,0.0,0.0,0.0,0.0,0.0,0.0,0.0,0.0,0.0,0.0,0.0,0.0,66.4,0,121,58,54,65476,0,300,0,0,8,20529,65476,0,0,57672,80.0,0.0,0.0,0.0,0.0,0.0
2026-06-18T02:07:44,ERR,ERR,ERR,ERR,ERR,ERR,ERR,ERR,ERR,ERR,ERR,ERR,ERR,ERR,ERR,ERR,ERR,ERR,ERR,ERR,ERR,ERR,ERR,ERR,ERR,ERR,ERR,ERR,ERR,ERR,ERR,ERR,ERR,ERR,ERR,ERR,ERR,ERR,ERR,ERR,ERR,ERR,ERR,ERR,ERR,ERR,ERR,ERR,ERR,ERR,ERR,ERR,ERR,ERR,ERR,ERR,ERR,ERR,ERR,ERR,ERR,ERR,ERR,ERR,ERR,ERR,ERR,ERR,ERR,ERR,ERR,ERR,ERR,ERR,ERR,ERR,ERR,ERR,ERR,ERR,ERR,ERR,ERR,ERR,ERR,ERR,ERR,ERR,ERR,ERR,ERR,ERR,ERR,ERR,ERR,ERR,ERR,ERR,ERR,ERR,ERR,ERR,ERR,ERR,ERR,ERR,ERR,ERR,ERR,ERR,ERR,ERR,ERR,ERR,ERR,ERR,ERR,ERR,ERR,ERR,ERR,ERR,ERR,ERR,ERR,-0.0,-107615392.0,-134999232.0,-0.0,0.0,1.3936040501711995e+18,7.805,2.324635497035093e+34,0,0,4,48902,6720,14723890282496.0,100,0.0,0.0,0.0,0.059,0.0,0,0,0,0,0.0,0,0,0,0,0,0,0,0,0,0,0,0,0,0,0,0,0,0,0,0,0,0,0,0,0,0,0,0,0,0,0,0,0,26,51,50,76,65476,0,300,0,0,8,21553,0.0,-107605600.0,0.0,0.0,0.0,0.0,0.0,0.0,0.0,0.0,0.0,0.0,0.0,0.0,0.0,0.0,0.0,0.0,0.0,0.0,0.0,0.0,0.0,0.0,2.004,0.0,0.0,0.0,0.0,0.0,4718.0,-2.004,7320.0,-107615400.0,-107615392.0,0.0,-0.0,0.0,0.0,0.0,0.0,77,-3.222029330555234e+26,0.0,0.0,0.0,0.0,0.0,0.0,0.0,0.0,0,0,0,0.0,0.0,0.0,0.0,0.0,0.0,0.0,0.0,0.0,0.0,0.0,0.0,0.0,0.0,0.0,0.0,0,-107875648.0,77,0.0,154,0.0,0.0,ERR,ERR,ERR,ERR,ERR,ERR,ERR,ERR,ERR,ERR,ERR,ERR,ERR,ERR,ERR,ERR,ERR,ERR,ERR,ERR,ERR,ERR,ERR,ERR,ERR,ERR,ERR,ERR,ERR,ERR,ERR,ERR,ERR,ERR,ERR,ERR,ERR,ERR,ERR,ERR,ERR,ERR,ERR,ERR,ERR,ERR,ERR,ERR,ERR,ERR,ERR,ERR,ERR,ERR,ERR,ERR,ERR,ERR,ERR,ERR,ERR,ERR,ERR,ERR,ERR,ERR,ERR,34.0,80.0,35,0.0,0.0,0.0,0.0,0.0,0.0,0.0,0.0,0.0,0.0,0.0,0.0,0.0,0.0,0.0,0.0,66.4,0,121,58,54,65476,0,300,0,0,8,20529,65476,0,0,57672,80.0,0.0,0.0,0.0,0.0,0.0
2026-06-18T02:07:45,ERR,ERR,ERR,ERR,ERR,ERR,ERR,ERR,ERR,ERR,ERR,ERR,ERR,ERR,ERR,ERR,ERR,ERR,ERR,ERR,ERR,ERR,ERR,ERR,ERR,ERR,ERR,ERR,ERR,ERR,ERR,ERR,ERR,ERR,ERR,ERR,ERR,ERR,ERR,ERR,ERR,ERR,ERR,ERR,ERR,ERR,ERR,ERR,ERR,ERR,ERR,ERR,ERR,ERR,ERR,ERR,ERR,ERR,ERR,ERR,ERR,ERR,ERR,ERR,ERR,ERR,ERR,ERR,ERR,ERR,ERR,ERR,ERR,ERR,ERR,ERR,ERR,ERR,ERR,ERR,ERR,ERR,ERR,ERR,ERR,ERR,ERR,ERR,ERR,ERR,ERR,ERR,ERR,ERR,ERR,ERR,ERR,ERR,ERR,ERR,ERR,ERR,ERR,ERR,ERR,ERR,ERR,ERR,ERR,ERR,ERR,ERR,ERR,ERR,ERR,ERR,ERR,ERR,ERR,ERR,ERR,ERR,ERR,ERR,ERR,-0.0,-107615392.0,-134999232.0,-0.0,0.0,1.3936040501711995e+18,7.805,2.324635497035093e+34,0,0,4,48902,6720,14723890282496.0,100,0.0,0.0,0.0,0.059,0.0,0,0,0,0,0.0,0,0,0,0,0,0,0,0,0,0,0,0,0,0,0,0,0,0,0,0,0,0,0,0,0,0,0,0,0,0,0,0,0,26,51,50,76,65476,0,300,0,0,8,21553,0.0,-107605600.0,0.0,0.0,0.0,0.0,0.0,0.0,0.0,0.0,0.0,0.0,0.0,0.0,0.0,0.0,0.0,0.0,0.0,0.0,0.0,0.0,0.0,0.0,2.004,0.0,0.0,0.0,0.0,0.0,4718.0,-2.004,7320.0,-107615400.0,-107615392.0,0.0,-0.0,0.0,0.0,0.0,0.0,77,-3.222029330555234e+26,0.0,0.0,0.0,0.0,0.0,0.0,0.0,0.0,0,0,0,0.0,0.0,0.0,0.0,0.0,0.0,0.0,0.0,0.0,0.0,0.0,0.0,0.0,0.0,0.0,0.0,0,-107875648.0,77,0.0,154,0.0,0.0,ERR,ERR,ERR,ERR,ERR,ERR,ERR,ERR,ERR,ERR,ERR,ERR,ERR,ERR,ERR,ERR,ERR,ERR,ERR,ERR,ERR,ERR,ERR,ERR,ERR,ERR,ERR,ERR,ERR,ERR,ERR,ERR,ERR,ERR,ERR,ERR,ERR,ERR,ERR,ERR,ERR,ERR,ERR,ERR,ERR,ERR,ERR,ERR,ERR,ERR,ERR,ERR,ERR,ERR,ERR,ERR,ERR,ERR,ERR,ERR,ERR,ERR,ERR,ERR,ERR,ERR,ERR,34.0,80.0,35,0.0,0.0,0.0,0.0,0.0,0.0,0.0,0.0,0.0,0.0,0.0,0.0,0.0,0.0,0.0,0.0,66.4,0,121,58,54,65476,0,300,0,0,8,20529,65476,0,0,57672,80.0,0.0,0.0,0.0,0.0,0.0
2026-06-18T02:07:46,ERR,ERR,ERR,ERR,ERR,ERR,ERR,ERR,ERR,ERR,ERR,ERR,ERR,ERR,ERR,ERR,ERR,ERR,ERR,ERR,ERR,ERR,ERR,ERR,ERR,ERR,ERR,ERR,ERR,ERR,ERR,ERR,ERR,ERR,ERR,ERR,ERR,ERR,ERR,ERR,ERR,ERR,ERR,ERR,ERR,ERR,ERR,ERR,ERR,ERR,ERR,ERR,ERR,ERR,ERR,ERR,ERR,ERR,ERR,ERR,ERR,ERR,ERR,ERR,ERR,ERR,ERR,ERR,ERR,ERR,ERR,ERR,ERR,ERR,ERR,ERR,ERR,ERR,ERR,ERR,ERR,ERR,ERR,ERR,ERR,ERR,ERR,ERR,ERR,ERR,ERR,ERR,ERR,ERR,ERR,ERR,ERR,ERR,ERR,ERR,ERR,ERR,ERR,ERR,ERR,ERR,ERR,ERR,ERR,ERR,ERR,ERR,ERR,ERR,ERR,ERR,ERR,ERR,ERR,ERR,ERR,ERR,ERR,ERR,ERR,-0.0,-107615392.0,-134999232.0,-0.0,0.0,1.3936040501711995e+18,7.805,2.324635497035093e+34,0,0,4,48902,6720,14723890282496.0,100,0.0,0.0,0.0,0.059,0.0,0,0,0,0,0.0,0,0,0,0,0,0,0,0,0,0,0,0,0,0,0,0,0,0,0,0,0,0,0,0,0,0,0,0,0,0,0,0,0,26,51,50,76,65476,0,300,0,0,8,21553,0.0,-107605600.0,0.0,0.0,0.0,0.0,0.0,0.0,0.0,0.0,0.0,0.0,0.0,0.0,0.0,0.0,0.0,0.0,0.0,0.0,0.0,0.0,0.0,0.0,2.004,0.0,0.0,0.0,0.0,0.0,4718.0,-2.004,7320.0,-107615400.0,-107615392.0,0.0,-0.0,0.0,0.0,0.0,0.0,77,-3.222029330555234e+26,0.0,0.0,0.0,0.0,0.0,0.0,0.0,0.0,0,0,0,0.0,0.0,0.0,0.0,0.0,0.0,0.0,0.0,0.0,0.0,0.0,0.0,0.0,0.0,0.0,0.0,0,-107875648.0,77,0.0,154,0.0,0.0,ERR,ERR,ERR,ERR,ERR,ERR,ERR,ERR,ERR,ERR,ERR,ERR,ERR,ERR,ERR,ERR,ERR,ERR,ERR,ERR,ERR,ERR,ERR,ERR,ERR,ERR,ERR,ERR,ERR,ERR,ERR,ERR,ERR,ERR,ERR,ERR,ERR,ERR,ERR,ERR,ERR,ERR,ERR,ERR,ERR,ERR,ERR,ERR,ERR,ERR,ERR,ERR,ERR,ERR,ERR,ERR,ERR,ERR,ERR,ERR,ERR,ERR,ERR,ERR,ERR,ERR,ERR,34.0,80.0,35,0.0,0.0,0.0,0.0,0.0,0.0,0.0,0.0,0.0,0.0,0.0,0.0,0.0,0.0,0.0,0.0,66.4,0,121,58,54,65476,0,300,0,0,8,20529,65476,0,0,57672,80.0,0.0,0.0,0.0,0.0,0.0
2026-06-18T02:07:47,ERR,ERR,ERR,ERR,ERR,ERR,ERR,ERR,ERR,ERR,ERR,ERR,ERR,ERR,ERR,ERR,ERR,ERR,ERR,ERR,ERR,ERR,ERR,ERR,ERR,ERR,ERR,ERR,ERR,ERR,ERR,ERR,ERR,ERR,ERR,ERR,ERR,ERR,ERR,ERR,ERR,ERR,ERR,ERR,ERR,ERR,ERR,ERR,ERR,ERR,ERR,ERR,ERR,ERR,ERR,ERR,ERR,ERR,ERR,ERR,ERR,ERR,ERR,ERR,ERR,ERR,ERR,ERR,ERR,ERR,ERR,ERR,ERR,ERR,ERR,ERR,ERR,ERR,ERR,ERR,ERR,ERR,ERR,ERR,ERR,ERR,ERR,ERR,ERR,ERR,ERR,ERR,ERR,ERR,ERR,ERR,ERR,ERR,ERR,ERR,ERR,ERR,ERR,ERR,ERR,ERR,ERR,ERR,ERR,ERR,ERR,ERR,ERR,ERR,ERR,ERR,ERR,ERR,ERR,ERR,ERR,ERR,ERR,ERR,ERR,-0.0,-107615392.0,-134999232.0,-0.0,0.0,1.3936040501711995e+18,7.805,2.324635497035093e+34,0,0,4,48902,6720,14723890282496.0,100,0.0,0.0,0.0,0.059,0.0,0,0,0,0,0.0,0,0,0,0,0,0,0,0,0,0,0,0,0,0,0,0,0,0,0,0,0,0,0,0,0,0,0,0,0,0,0,0,0,26,51,50,76,65476,0,300,0,0,8,21553,0.0,-107605600.0,0.0,0.0,0.0,0.0,0.0,0.0,0.0,0.0,0.0,0.0,0.0,0.0,0.0,0.0,0.0,0.0,0.0,0.0,0.0,0.0,0.0,0.0,2.004,0.0,0.0,0.0,0.0,0.0,4718.0,-2.004,7320.0,-107615400.0,-107615392.0,0.0,-0.0,0.0,0.0,0.0,0.0,77,-3.222029330555234e+26,0.0,0.0,0.0,0.0,0.0,0.0,0.0,0.0,0,0,0,0.0,0.0,0.0,0.0,0.0,0.0,0.0,0.0,0.0,0.0,0.0,0.0,0.0,0.0,0.0,0.0,0,-107875648.0,77,0.0,154,0.0,0.0,ERR,ERR,ERR,ERR,ERR,ERR,ERR,ERR,ERR,ERR,ERR,ERR,ERR,ERR,ERR,ERR,ERR,ERR,ERR,ERR,ERR,ERR,ERR,ERR,ERR,ERR,ERR,ERR,ERR,ERR,ERR,ERR,ERR,ERR,ERR,ERR,ERR,ERR,ERR,ERR,ERR,ERR,ERR,ERR,ERR,ERR,ERR,ERR,ERR,ERR,ERR,ERR,ERR,ERR,ERR,ERR,ERR,ERR,ERR,ERR,ERR,ERR,ERR,ERR,ERR,ERR,ERR,34.0,80.0,35,0.0,0.0,0.0,0.0,0.0,0.0,0.0,0.0,0.0,0.0,0.0,0.0,0.0,0.0,0.0,0.0,66.0,0,121,58,54,65476,0,300,0,0,8,20529,65476,0,0,57672,80.0,0.0,0.0,0.0,0.0,0.0
2026-06-18T02:07:48,ERR,ERR,ERR,ERR,ERR,ERR,ERR,ERR,ERR,ERR,ERR,ERR,ERR,ERR,ERR,ERR,ERR,ERR,ERR,ERR,ERR,ERR,ERR,ERR,ERR,ERR,ERR,ERR,ERR,ERR,ERR,ERR,ERR,ERR,ERR,ERR,ERR,ERR,ERR,ERR,ERR,ERR,ERR,ERR,ERR,ERR,ERR,ERR,ERR,ERR,ERR,ERR,ERR,ERR,ERR,ERR,ERR,ERR,ERR,ERR,ERR,ERR,ERR,ERR,ERR,ERR,ERR,ERR,ERR,ERR,ERR,ERR,ERR,ERR,ERR,ERR,ERR,ERR,ERR,ERR,ERR,ERR,ERR,ERR,ERR,ERR,ERR,ERR,ERR,ERR,ERR,ERR,ERR,ERR,ERR,ERR,ERR,ERR,ERR,ERR,ERR,ERR,ERR,ERR,ERR,ERR,ERR,ERR,ERR,ERR,ERR,ERR,ERR,ERR,ERR,ERR,ERR,ERR,ERR,ERR,ERR,ERR,ERR,ERR,ERR,-0.0,-107615392.0,-134999232.0,-0.0,0.0,1.3936040501711995e+18,7.805,2.324635497035093e+34,0,0,4,48902,6720,14723890282496.0,100,0.0,0.0,0.0,0.059,0.0,0,0,0,0,0.0,0,0,0,0,0,0,0,0,0,0,0,0,0,0,0,0,0,0,0,0,0,0,0,0,0,0,0,0,0,0,0,0,0,26,51,50,76,65476,0,300,0,0,8,21553,0.0,-107605600.0,0.0,0.0,0.0,0.0,0.0,0.0,0.0,0.0,0.0,0.0,0.0,0.0,0.0,0.0,0.0,0.0,0.0,0.0,0.0,0.0,0.0,0.0,2.004,0.0,0.0,0.0,0.0,0.0,4718.0,-2.004,7320.0,-107615400.0,-107615392.0,0.0,-0.0,0.0,0.0,0.0,0.0,77,-3.222029330555234e+26,0.0,0.0,0.0,0.0,0.0,0.0,0.0,0.0,0,0,0,0.0,0.0,0.0,0.0,0.0,0.0,0.0,0.0,0.0,0.0,0.0,0.0,0.0,0.0,0.0,0.0,0,-107875648.0,77,0.0,154,0.0,0.0,ERR,ERR,ERR,ERR,ERR,ERR,ERR,ERR,ERR,ERR,ERR,ERR,ERR,ERR,ERR,ERR,ERR,ERR,ERR,ERR,ERR,ERR,ERR,ERR,ERR,ERR,ERR,ERR,ERR,ERR,ERR,ERR,ERR,ERR,ERR,ERR,ERR,ERR,ERR,ERR,ERR,ERR,ERR,ERR,ERR,ERR,ERR,ERR,ERR,ERR,ERR,ERR,ERR,ERR,ERR,ERR,ERR,ERR,ERR,ERR,ERR,ERR,ERR,ERR,ERR,ERR,ERR,34.0,80.0,35,0.0,0.0,0.0,0.0,0.0,0.0,0.0,0.0,0.0,0.0,0.0,0.0,0.0,0.0,0.0,0.0,66.0,0,121,58,54,65476,0,300,0,0,8,20529,65476,0,0,57672,80.0,0.0,0.0,0.0,0.0,0.0
2026-06-18T02:07:49,ERR,ERR,ERR,ERR,ERR,ERR,ERR,ERR,ERR,ERR,ERR,ERR,ERR,ERR,ERR,ERR,ERR,ERR,ERR,ERR,ERR,ERR,ERR,ERR,ERR,ERR,ERR,ERR,ERR,ERR,ERR,ERR,ERR,ERR,ERR,ERR,ERR,ERR,ERR,ERR,ERR,ERR,ERR,ERR,ERR,ERR,ERR,ERR,ERR,ERR,ERR,ERR,ERR,ERR,ERR,ERR,ERR,ERR,ERR,ERR,ERR,ERR,ERR,ERR,ERR,ERR,ERR,ERR,ERR,ERR,ERR,ERR,ERR,ERR,ERR,ERR,ERR,ERR,ERR,ERR,ERR,ERR,ERR,ERR,ERR,ERR,ERR,ERR,ERR,ERR,ERR,ERR,ERR,ERR,ERR,ERR,ERR,ERR,ERR,ERR,ERR,ERR,ERR,ERR,ERR,ERR,ERR,ERR,ERR,ERR,ERR,ERR,ERR,ERR,ERR,ERR,ERR,ERR,ERR,ERR,ERR,ERR,ERR,ERR,ERR,-0.0,-107615392.0,-134999232.0,-0.0,0.0,1.3936040501711995e+18,7.805,2.324635497035093e+34,0,0,4,48902,6720,14723890282496.0,100,0.0,0.0,0.0,0.059,0.0,0,0,0,0,0.0,0,0,0,0,0,0,0,0,0,0,0,0,0,0,0,0,0,0,0,0,0,0,0,0,0,0,0,0,0,0,0,0,0,26,51,50,76,65476,0,300,0,0,8,21553,0.0,-107605600.0,0.0,0.0,0.0,0.0,0.0,0.0,0.0,0.0,0.0,0.0,0.0,0.0,0.0,0.0,0.0,0.0,0.0,0.0,0.0,0.0,0.0,0.0,2.004,0.0,0.0,0.0,0.0,0.0,4718.0,-2.004,7320.0,-107615400.0,-107615392.0,0.0,-0.0,0.0,0.0,0.0,0.0,77,-3.222029330555234e+26,0.0,0.0,0.0,0.0,0.0,0.0,0.0,0.0,0,0,0,0.0,0.0,0.0,0.0,0.0,0.0,0.0,0.0,0.0,0.0,0.0,0.0,0.0,0.0,0.0,0.0,0,-107875648.0,77,0.0,154,0.0,0.0,ERR,ERR,ERR,ERR,ERR,ERR,ERR,ERR,ERR,ERR,ERR,ERR,ERR,ERR,ERR,ERR,ERR,ERR,ERR,ERR,ERR,ERR,ERR,ERR,ERR,ERR,ERR,ERR,ERR,ERR,ERR,ERR,ERR,ERR,ERR,ERR,ERR,ERR,ERR,ERR,ERR,ERR,ERR,ERR,ERR,ERR,ERR,ERR,ERR,ERR,ERR,ERR,ERR,ERR,ERR,ERR,ERR,ERR,ERR,ERR,ERR,ERR,ERR,ERR,ERR,ERR,ERR,34.0,80.0,35,0.0,0.0,0.0,0.0,0.0,0.0,0.0,0.0,0.0,0.0,0.0,0.0,0.0,0.0,0.0,0.0,66.0,0,121,58,54,65476,0,300,0,0,8,20529,65476,0,0,57672,80.0,0.0,0.0,0.0,0.0,0.0
2026-06-18T02:07:50,ERR,ERR,ERR,ERR,ERR,ERR,ERR,ERR,ERR,ERR,ERR,ERR,ERR,ERR,ERR,ERR,ERR,ERR,ERR,ERR,ERR,ERR,ERR,ERR,ERR,ERR,ERR,ERR,ERR,ERR,ERR,ERR,ERR,ERR,ERR,ERR,ERR,ERR,ERR,ERR,ERR,ERR,ERR,ERR,ERR,ERR,ERR,ERR,ERR,ERR,ERR,ERR,ERR,ERR,ERR,ERR,ERR,ERR,ERR,ERR,ERR,ERR,ERR,ERR,ERR,ERR,ERR,ERR,ERR,ERR,ERR,ERR,ERR,ERR,ERR,ERR,ERR,ERR,ERR,ERR,ERR,ERR,ERR,ERR,ERR,ERR,ERR,ERR,ERR,ERR,ERR,ERR,ERR,ERR,ERR,ERR,ERR,ERR,ERR,ERR,ERR,ERR,ERR,ERR,ERR,ERR,ERR,ERR,ERR,ERR,ERR,ERR,ERR,ERR,ERR,ERR,ERR,ERR,ERR,ERR,ERR,ERR,ERR,ERR,ERR,-107615400.0,-107615392.0,0.0,-0.0,2.012,1.3936040501711995e+18,7.805,-1.8245132555090963e+22,0,0,4,48903,6720,14723890282496.0,100,0.0,0.0,0.0,-0.0,0.0,0,0,0,0,0.0,0,0,0,0,0,0,0,0,0,0,0,0,0,0,0,0,0,0,0,0,0,0,0,0,0,0,0,0,0,0,0,0,0,26,51,50,76,65476,0,300,0,0,8,21553,0.0,-107605600.0,0.0,0.0,0.0,0.0,0.0,0.0,0.0,0.0,0.0,0.0,0.0,0.0,0.0,0.0,0.0,0.0,0.0,0.0,0.0,0.0,2.004,0.0,2.004,0.0,0.0,0.0,0.0,0.0,4717.0,-0.0,7319.0,-0.0,-107615392.0,0.0,2.7184312818759872e+23,0.0,0.0,0.0,0.0,77,-2.7184303811560617e+23,0.0,0.0,0.0,0.0,0.0,0.0,0.0,0.0,0,0,0,0.0,0.0,0.0,0.0,0.0,0.0,0.0,0.0,0.0,0.0,0.0,0.0,0.0,0.0,0.0,0.0,0,-107875648.0,77,0.0,154,0.0,0.0,ERR,ERR,ERR,ERR,ERR,ERR,ERR,ERR,ERR,ERR,ERR,ERR,ERR,ERR,ERR,ERR,ERR,ERR,ERR,ERR,ERR,ERR,ERR,ERR,ERR,ERR,ERR,ERR,ERR,ERR,ERR,ERR,ERR,ERR,ERR,ERR,ERR,ERR,ERR,ERR,ERR,ERR,ERR,ERR,ERR,ERR,ERR,ERR,ERR,ERR,ERR,ERR,ERR,ERR,ERR,ERR,ERR,ERR,ERR,ERR,ERR,ERR,ERR,ERR,ERR,ERR,ERR,34.0,80.0,35,0.0,0.0,0.0,0.0,0.0,0.0,0.0,0.0,0.0,0.0,0.0,0.0,0.0,0.0,0.0,0.0,66.0,0,121,58,54,65476,0,300,0,0,8,20529,65476,0,0,57672,80.0,0.0,0.0,0.0,0.0,0.0
2026-06-18T02:07:51,ERR,ERR,ERR,ERR,ERR,ERR,ERR,ERR,ERR,ERR,ERR,ERR,ERR,ERR,ERR,ERR,ERR,ERR,ERR,ERR,ERR,ERR,ERR,ERR,ERR,ERR,ERR,ERR,ERR,ERR,ERR,ERR,ERR,ERR,ERR,ERR,ERR,ERR,ERR,ERR,ERR,ERR,ERR,ERR,ERR,ERR,ERR,ERR,ERR,ERR,ERR,ERR,ERR,ERR,ERR,ERR,ERR,ERR,ERR,ERR,ERR,ERR,ERR,ERR,ERR,ERR,ERR,ERR,ERR,ERR,ERR,ERR,ERR,ERR,ERR,ERR,ERR,ERR,ERR,ERR,ERR,ERR,ERR,ERR,ERR,ERR,ERR,ERR,ERR,ERR,ERR,ERR,ERR,ERR,ERR,ERR,ERR,ERR,ERR,ERR,ERR,ERR,ERR,ERR,ERR,ERR,ERR,ERR,ERR,ERR,ERR,ERR,ERR,ERR,ERR,ERR,ERR,ERR,ERR,ERR,ERR,ERR,ERR,ERR,ERR,-107615400.0,-107615392.0,0.0,-0.0,2.012,1.3936040501711995e+18,7.805,-1.8245132555090963e+22,0,0,4,48903,6720,14723890282496.0,100,0.0,0.0,0.0,-0.0,0.0,0,0,0,0,0.0,0,0,0,0,0,0,0,0,0,0,0,0,0,0,0,0,0,0,0,0,0,0,0,0,0,0,0,0,0,0,0,0,0,26,51,50,76,65476,0,300,0,0,8,21553,0.0,-107605600.0,0.0,0.0,0.0,0.0,0.0,0.0,0.0,0.0,0.0,0.0,0.0,0.0,0.0,0.0,0.0,0.0,0.0,0.0,0.0,0.0,2.004,0.0,2.004,0.0,0.0,0.0,0.0,0.0,4717.0,-0.0,7319.0,-0.0,-107615392.0,0.0,2.7184312818759872e+23,0.0,0.0,0.0,0.0,77,-2.7184303811560617e+23,0.0,0.0,0.0,0.0,0.0,0.0,0.0,0.0,0,0,0,0.0,0.0,0.0,0.0,0.0,0.0,0.0,0.0,0.0,0.0,0.0,0.0,0.0,0.0,0.0,0.0,0,-107875648.0,77,0.0,154,0.0,0.0,ERR,ERR,ERR,ERR,ERR,ERR,ERR,ERR,ERR,ERR,ERR,ERR,ERR,ERR,ERR,ERR,ERR,ERR,ERR,ERR,ERR,ERR,ERR,ERR,ERR,ERR,ERR,ERR,ERR,ERR,ERR,ERR,ERR,ERR,ERR,ERR,ERR,ERR,ERR,ERR,ERR,ERR,ERR,ERR,ERR,ERR,ERR,ERR,ERR,ERR,ERR,ERR,ERR,ERR,ERR,ERR,ERR,ERR,ERR,ERR,ERR,ERR,ERR,ERR,ERR,ERR,ERR,34.0,80.0,35,0.0,0.0,0.0,0.0,0.0,0.0,0.0,0.0,0.0,0.0,0.0,0.0,0.0,0.0,0.0,0.0,66.4,0,121,58,54,65476,0,300,0,0,8,20529,65476,0,0,57672,80.0,0.0,0.0,0.0,0.0,0.0
2026-06-18T02:07:52,ERR,ERR,ERR,ERR,ERR,ERR,ERR,ERR,ERR,ERR,ERR,ERR,ERR,ERR,ERR,ERR,ERR,ERR,ERR,ERR,ERR,ERR,ERR,ERR,ERR,ERR,ERR,ERR,ERR,ERR,ERR,ERR,ERR,ERR,ERR,ERR,ERR,ERR,ERR,ERR,ERR,ERR,ERR,ERR,ERR,ERR,ERR,ERR,ERR,ERR,ERR,ERR,ERR,ERR,ERR,ERR,ERR,ERR,ERR,ERR,ERR,ERR,ERR,ERR,ERR,ERR,ERR,ERR,ERR,ERR,ERR,ERR,ERR,ERR,ERR,ERR,ERR,ERR,ERR,ERR,ERR,ERR,ERR,ERR,ERR,ERR,ERR,ERR,ERR,ERR,ERR,ERR,ERR,ERR,ERR,ERR,ERR,ERR,ERR,ERR,ERR,ERR,ERR,ERR,ERR,ERR,ERR,ERR,ERR,ERR,ERR,ERR,ERR,ERR,ERR,ERR,ERR,ERR,ERR,ERR,ERR,ERR,ERR,ERR,ERR,-107615400.0,-107615392.0,0.0,-0.0,2.012,1.3936040501711995e+18,7.805,-1.8245132555090963e+22,0,0,4,48903,6720,14723890282496.0,100,0.0,0.0,0.0,-0.0,0.0,0,0,0,0,0.0,0,0,0,0,0,0,0,0,0,0,0,0,0,0,0,0,0,0,0,0,0,0,0,0,0,0,0,0,0,0,0,0,0,26,51,50,76,65476,0,300,0,0,8,21553,0.0,-107605600.0,0.0,0.0,0.0,0.0,0.0,0.0,0.0,0.0,0.0,0.0,0.0,0.0,0.0,0.0,0.0,0.0,0.0,0.0,0.0,0.0,2.004,0.0,2.004,0.0,0.0,0.0,0.0,0.0,4717.0,-0.0,7319.0,-0.0,-107615392.0,0.0,2.7184312818759872e+23,0.0,0.0,0.0,0.0,77,-2.7184303811560617e+23,0.0,0.0,0.0,0.0,0.0,0.0,0.0,0.0,0,0,0,0.0,0.0,0.0,0.0,0.0,0.0,0.0,0.0,0.0,0.0,0.0,0.0,0.0,0.0,0.0,0.0,0,-107875648.0,77,0.0,154,0.0,0.0,ERR,ERR,ERR,ERR,ERR,ERR,ERR,ERR,ERR,ERR,ERR,ERR,ERR,ERR,ERR,ERR,ERR,ERR,ERR,ERR,ERR,ERR,ERR,ERR,ERR,ERR,ERR,ERR,ERR,ERR,ERR,ERR,ERR,ERR,ERR,ERR,ERR,ERR,ERR,ERR,ERR,ERR,ERR,ERR,ERR,ERR,ERR,ERR,ERR,ERR,ERR,ERR,ERR,ERR,ERR,ERR,ERR,ERR,ERR,ERR,ERR,ERR,ERR,ERR,ERR,ERR,ERR,34.0,80.0,35,0.0,0.0,0.0,0.0,0.0,0.0,0.0,0.0,0.0,0.0,0.0,0.0,0.0,0.0,0.0,0.0,66.0,0,121,58,54,65476,0,300,0,0,8,20529,65476,0,0,57672,80.0,0.0,0.0,0.0,0.0,0.0
2026-06-18T02:07:53,ERR,ERR,ERR,ERR,ERR,ERR,ERR,ERR,ERR,ERR,ERR,ERR,ERR,ERR,ERR,ERR,ERR,ERR,ERR,ERR,ERR,ERR,ERR,ERR,ERR,ERR,ERR,ERR,ERR,ERR,ERR,ERR,ERR,ERR,ERR,ERR,ERR,ERR,ERR,ERR,ERR,ERR,ERR,ERR,ERR,ERR,ERR,ERR,ERR,ERR,ERR,ERR,ERR,ERR,ERR,ERR,ERR,ERR,ERR,ERR,ERR,ERR,ERR,ERR,ERR,ERR,ERR,ERR,ERR,ERR,ERR,ERR,ERR,ERR,ERR,ERR,ERR,ERR,ERR,ERR,ERR,ERR,ERR,ERR,ERR,ERR,ERR,ERR,ERR,ERR,ERR,ERR,ERR,ERR,ERR,ERR,ERR,ERR,ERR,ERR,ERR,ERR,ERR,ERR,ERR,ERR,ERR,ERR,ERR,ERR,ERR,ERR,ERR,ERR,ERR,ERR,ERR,ERR,ERR,ERR,ERR,ERR,ERR,ERR,ERR,-107615400.0,-107615392.0,0.0,-0.0,2.012,1.3936040501711995e+18,7.805,-1.8245132555090963e+22,0,0,4,48903,6720,14723890282496.0,100,0.0,0.0,0.0,-0.0,0.0,0,0,0,0,0.0,0,0,0,0,0,0,0,0,0,0,0,0,0,0,0,0,0,0,0,0,0,0,0,0,0,0,0,0,0,0,0,0,0,26,51,50,76,65476,0,300,0,0,8,21553,0.0,-107605600.0,0.0,0.0,0.0,0.0,0.0,0.0,0.0,0.0,0.0,0.0,0.0,0.0,0.0,0.0,0.0,0.0,0.0,0.0,0.0,0.0,2.004,0.0,2.004,0.0,0.0,0.0,0.0,0.0,4717.0,-0.0,7319.0,-0.0,-107615392.0,0.0,2.7184312818759872e+23,0.0,0.0,0.0,0.0,77,-2.7184303811560617e+23,0.0,0.0,0.0,0.0,0.0,0.0,0.0,0.0,0,0,0,0.0,0.0,0.0,0.0,0.0,0.0,0.0,0.0,0.0,0.0,0.0,0.0,0.0,0.0,0.0,0.0,0,-107875648.0,77,0.0,154,0.0,0.0,ERR,ERR,ERR,ERR,ERR,ERR,ERR,ERR,ERR,ERR,ERR,ERR,ERR,ERR,ERR,ERR,ERR,ERR,ERR,ERR,ERR,ERR,ERR,ERR,ERR,ERR,ERR,ERR,ERR,ERR,ERR,ERR,ERR,ERR,ERR,ERR,ERR,ERR,ERR,ERR,ERR,ERR,ERR,ERR,ERR,ERR,ERR,ERR,ERR,ERR,ERR,ERR,ERR,ERR,ERR,ERR,ERR,ERR,ERR,ERR,ERR,ERR,ERR,ERR,ERR,ERR,ERR,34.0,80.0,35,0.0,0.0,0.0,0.0,0.0,0.0,0.0,0.0,0.0,0.0,0.0,0.0,0.0,0.0,0.0,0.0,66.0,0,121,58,54,65476,0,300,0,0,8,20529,65476,0,0,57672,80.0,0.0,0.0,0.0,0.0,0.0
2026-06-18T02:07:54,ERR,ERR,ERR,ERR,ERR,ERR,ERR,ERR,ERR,ERR,ERR,ERR,ERR,ERR,ERR,ERR,ERR,ERR,ERR,ERR,ERR,ERR,ERR,ERR,ERR,ERR,ERR,ERR,ERR,ERR,ERR,ERR,ERR,ERR,ERR,ERR,ERR,ERR,ERR,ERR,ERR,ERR,ERR,ERR,ERR,ERR,ERR,ERR,ERR,ERR,ERR,ERR,ERR,ERR,ERR,ERR,ERR,ERR,ERR,ERR,ERR,ERR,ERR,ERR,ERR,ERR,ERR,ERR,ERR,ERR,ERR,ERR,ERR,ERR,ERR,ERR,ERR,ERR,ERR,ERR,ERR,ERR,ERR,ERR,ERR,ERR,ERR,ERR,ERR,ERR,ERR,ERR,ERR,ERR,ERR,ERR,ERR,ERR,ERR,ERR,ERR,ERR,ERR,ERR,ERR,ERR,ERR,ERR,ERR,ERR,ERR,ERR,ERR,ERR,ERR,ERR,ERR,ERR,ERR,ERR,ERR,ERR,ERR,ERR,ERR,-107615400.0,-107615392.0,0.0,-0.0,2.012,1.3936040501711995e+18,7.805,-1.8245132555090963e+22,0,0,4,48903,6720,14723890282496.0,100,0.0,0.0,0.0,-0.0,0.0,0,0,0,0,0.0,0,0,0,0,0,0,0,0,0,0,0,0,0,0,0,0,0,0,0,0,0,0,0,0,0,0,0,0,0,0,0,0,0,26,51,50,76,65476,0,300,0,0,8,21553,0.0,-107605600.0,0.0,0.0,0.0,0.0,0.0,0.0,0.0,0.0,0.0,0.0,0.0,0.0,0.0,0.0,0.0,0.0,0.0,0.0,0.0,0.0,2.004,0.0,2.004,0.0,0.0,0.0,0.0,0.0,4717.0,-0.0,7319.0,-0.0,-107615392.0,0.0,2.7184312818759872e+23,0.0,0.0,0.0,0.0,77,-2.7184303811560617e+23,0.0,0.0,0.0,0.0,0.0,0.0,0.0,0.0,0,0,0,0.0,0.0,0.0,0.0,0.0,0.0,0.0,0.0,0.0,0.0,0.0,0.0,0.0,0.0,0.0,0.0,0,-107875648.0,77,0.0,154,0.0,0.0,ERR,ERR,ERR,ERR,ERR,ERR,ERR,ERR,ERR,ERR,ERR,ERR,ERR,ERR,ERR,ERR,ERR,ERR,ERR,ERR,ERR,ERR,ERR,ERR,ERR,ERR,ERR,ERR,ERR,ERR,ERR,ERR,ERR,ERR,ERR,ERR,ERR,ERR,ERR,ERR,ERR,ERR,ERR,ERR,ERR,ERR,ERR,ERR,ERR,ERR,ERR,ERR,ERR,ERR,ERR,ERR,ERR,ERR,ERR,ERR,ERR,ERR,ERR,ERR,ERR,ERR,ERR,34.0,80.0,35,0.0,0.0,0.0,0.0,0.0,0.0,0.0,0.0,0.0,0.0,0.0,0.0,0.0,0.0,0.0,0.0,66.0,0,121,58,54,65476,0,300,0,0,8,20529,65476,0,0,57672,80.0,0.0,0.0,0.0,0.0,0.0
2026-06-18T02:07:55,ERR,ERR,ERR,ERR,ERR,ERR,ERR,ERR,ERR,ERR,ERR,ERR,ERR,ERR,ERR,ERR,ERR,ERR,ERR,ERR,ERR,ERR,ERR,ERR,ERR,ERR,ERR,ERR,ERR,ERR,ERR,ERR,ERR,ERR,ERR,ERR,ERR,ERR,ERR,ERR,ERR,ERR,ERR,ERR,ERR,ERR,ERR,ERR,ERR,ERR,ERR,ERR,ERR,ERR,ERR,ERR,ERR,ERR,ERR,ERR,ERR,ERR,ERR,ERR,ERR,ERR,ERR,ERR,ERR,ERR,ERR,ERR,ERR,ERR,ERR,ERR,ERR,ERR,ERR,ERR,ERR,ERR,ERR,ERR,ERR,ERR,ERR,ERR,ERR,ERR,ERR,ERR,ERR,ERR,ERR,ERR,ERR,ERR,ERR,ERR,ERR,ERR,ERR,ERR,ERR,ERR,ERR,ERR,ERR,ERR,ERR,ERR,ERR,ERR,ERR,ERR,ERR,ERR,ERR,ERR,ERR,ERR,ERR,ERR,ERR,-0.0,-107615392.0,-134999232.0,-0.0,0.0,1.3936040501711995e+18,7.805,2.324635497035093e+34,0,0,4,48861,6720,14723890282496.0,100,0.0,0.0,0.0,-0.0,0.0,0,0,0,0,0.0,0,0,0,0,0,0,0,0,0,0,0,0,0,0,0,0,0,0,0,0,0,0,0,0,0,0,0,0,0,0,0,0,0,26,51,50,76,65476,0,300,0,0,8,21553,0.0,-107605600.0,0.0,0.0,0.0,0.0,0.0,0.0,0.0,0.0,0.0,0.0,0.0,0.0,0.0,0.0,0.0,0.0,0.0,0.0,0.0,0.0,2.004,0.0,2.004,-2.004,0.0,0.0,0.0,0.0,4717.0,-3.697182175382838e+19,7324.0,-0.0,-107615392.0,0.0,-0.0,0.0,0.0,0.0,0.0,77,-2.7184303811560617e+23,89220.477,0.0,0.0,0.0,0.0,0.0,0.0,0.0,0,0,0,0.0,0.0,0.0,0.0,0.0,0.0,0.0,0.0,0.0,0.0,0.0,0.0,0.0,0.0,0.0,0.0,0,-107875648.0,77,0.0,154,0.0,0.0,ERR,ERR,ERR,ERR,ERR,ERR,ERR,ERR,ERR,ERR,ERR,ERR,ERR,ERR,ERR,ERR,ERR,ERR,ERR,ERR,ERR,ERR,ERR,ERR,ERR,ERR,ERR,ERR,ERR,ERR,ERR,ERR,ERR,ERR,ERR,ERR,ERR,ERR,ERR,ERR,ERR,ERR,ERR,ERR,ERR,ERR,ERR,ERR,ERR,ERR,ERR,ERR,ERR,ERR,ERR,ERR,ERR,ERR,ERR,ERR,ERR,ERR,ERR,ERR,ERR,ERR,ERR,34.0,80.0,35,0.0,0.0,0.0,0.0,0.0,0.0,0.0,0.0,0.0,0.0,0.0,0.0,0.0,0.0,0.0,0.0,66.0,0,121,58,54,65476,0,300,0,0,8,20529,65476,0,0,57672,80.0,0.0,0.0,0.0,0.0,0.0
2026-06-18T02:07:56,ERR,ERR,ERR,ERR,ERR,ERR,ERR,ERR,ERR,ERR,ERR,ERR,ERR,ERR,ERR,ERR,ERR,ERR,ERR,ERR,ERR,ERR,ERR,ERR,ERR,ERR,ERR,ERR,ERR,ERR,ERR,ERR,ERR,ERR,ERR,ERR,ERR,ERR,ERR,ERR,ERR,ERR,ERR,ERR,ERR,ERR,ERR,ERR,ERR,ERR,ERR,ERR,ERR,ERR,ERR,ERR,ERR,ERR,ERR,ERR,ERR,ERR,ERR,ERR,ERR,ERR,ERR,ERR,ERR,ERR,ERR,ERR,ERR,ERR,ERR,ERR,ERR,ERR,ERR,ERR,ERR,ERR,ERR,ERR,ERR,ERR,ERR,ERR,ERR,ERR,ERR,ERR,ERR,ERR,ERR,ERR,ERR,ERR,ERR,ERR,ERR,ERR,ERR,ERR,ERR,ERR,ERR,ERR,ERR,ERR,ERR,ERR,ERR,ERR,ERR,ERR,ERR,ERR,ERR,ERR,ERR,ERR,ERR,ERR,ERR,-0.0,-107615392.0,-134999232.0,-0.0,0.0,1.3936040501711995e+18,7.805,2.324635497035093e+34,0,0,4,48861,6720,14723890282496.0,100,0.0,0.0,0.0,-0.0,0.0,0,0,0,0,0.0,0,0,0,0,0,0,0,0,0,0,0,0,0,0,0,0,0,0,0,0,0,0,0,0,0,0,0,0,0,0,0,0,0,26,51,50,76,65476,0,300,0,0,8,21553,0.0,-107605600.0,0.0,0.0,0.0,0.0,0.0,0.0,0.0,0.0,0.0,0.0,0.0,0.0,0.0,0.0,0.0,0.0,0.0,0.0,0.0,0.0,2.004,0.0,2.004,-2.004,0.0,0.0,0.0,0.0,4717.0,-3.697182175382838e+19,7324.0,-0.0,-107615392.0,0.0,-0.0,0.0,0.0,0.0,0.0,77,-2.7184303811560617e+23,89220.477,0.0,0.0,0.0,0.0,0.0,0.0,0.0,0,0,0,0.0,0.0,0.0,0.0,0.0,0.0,0.0,0.0,0.0,0.0,0.0,0.0,0.0,0.0,0.0,0.0,0,-107875648.0,77,0.0,154,0.0,0.0,ERR,ERR,ERR,ERR,ERR,ERR,ERR,ERR,ERR,ERR,ERR,ERR,ERR,ERR,ERR,ERR,ERR,ERR,ERR,ERR,ERR,ERR,ERR,ERR,ERR,ERR,ERR,ERR,ERR,ERR,ERR,ERR,ERR,ERR,ERR,ERR,ERR,ERR,ERR,ERR,ERR,ERR,ERR,ERR,ERR,ERR,ERR,ERR,ERR,ERR,ERR,ERR,ERR,ERR,ERR,ERR,ERR,ERR,ERR,ERR,ERR,ERR,ERR,ERR,ERR,ERR,ERR,34.0,80.0,35,0.0,0.0,0.0,0.0,0.0,0.0,0.0,0.0,0.0,0.0,0.0,0.0,0.0,0.0,0.0,0.0,66.0,0,121,58,54,65476,0,300,0,0,8,20529,65476,0,0,57672,80.0,0.0,0.0,0.0,0.0,0.0
2026-06-18T02:07:57,ERR,ERR,ERR,ERR,ERR,ERR,ERR,ERR,ERR,ERR,ERR,ERR,ERR,ERR,ERR,ERR,ERR,ERR,ERR,ERR,ERR,ERR,ERR,ERR,ERR,ERR,ERR,ERR,ERR,ERR,ERR,ERR,ERR,ERR,ERR,ERR,ERR,ERR,ERR,ERR,ERR,ERR,ERR,ERR,ERR,ERR,ERR,ERR,ERR,ERR,ERR,ERR,ERR,ERR,ERR,ERR,ERR,ERR,ERR,ERR,ERR,ERR,ERR,ERR,ERR,ERR,ERR,ERR,ERR,ERR,ERR,ERR,ERR,ERR,ERR,ERR,ERR,ERR,ERR,ERR,ERR,ERR,ERR,ERR,ERR,ERR,ERR,ERR,ERR,ERR,ERR,ERR,ERR,ERR,ERR,ERR,ERR,ERR,ERR,ERR,ERR,ERR,ERR,ERR,ERR,ERR,ERR,ERR,ERR,ERR,ERR,ERR,ERR,ERR,ERR,ERR,ERR,ERR,ERR,ERR,ERR,ERR,ERR,ERR,ERR,-0.0,-107615392.0,-134999232.0,-0.0,0.0,1.3936040501711995e+18,7.805,2.324635497035093e+34,0,0,4,48861,6720,14723890282496.0,100,0.0,0.0,0.0,-0.0,0.0,0,0,0,0,0.0,0,0,0,0,0,0,0,0,0,0,0,0,0,0,0,0,0,0,0,0,0,0,0,0,0,0,0,0,0,0,0,0,0,26,51,50,76,65476,0,300,0,0,8,21553,0.0,-107605600.0,0.0,0.0,0.0,0.0,0.0,0.0,0.0,0.0,0.0,0.0,0.0,0.0,0.0,0.0,0.0,0.0,0.0,0.0,0.0,0.0,2.004,0.0,2.004,-2.004,0.0,0.0,0.0,0.0,4717.0,-3.697182175382838e+19,7324.0,-0.0,-107615392.0,0.0,-0.0,0.0,0.0,0.0,0.0,77,-2.7184303811560617e+23,89220.477,0.0,0.0,0.0,0.0,0.0,0.0,0.0,0,0,0,0.0,0.0,0.0,0.0,0.0,0.0,0.0,0.0,0.0,0.0,0.0,0.0,0.0,0.0,0.0,0.0,0,-107875648.0,77,0.0,154,0.0,0.0,ERR,ERR,ERR,ERR,ERR,ERR,ERR,ERR,ERR,ERR,ERR,ERR,ERR,ERR,ERR,ERR,ERR,ERR,ERR,ERR,ERR,ERR,ERR,ERR,ERR,ERR,ERR,ERR,ERR,ERR,ERR,ERR,ERR,ERR,ERR,ERR,ERR,ERR,ERR,ERR,ERR,ERR,ERR,ERR,ERR,ERR,ERR,ERR,ERR,ERR,ERR,ERR,ERR,ERR,ERR,ERR,ERR,ERR,ERR,ERR,ERR,ERR,ERR,ERR,ERR,ERR,ERR,34.0,80.0,35,0.0,0.0,0.0,0.0,0.0,0.0,0.0,0.0,0.0,0.0,0.0,0.0,0.0,0.0,0.0,0.0,66.0,0,121,58,54,65476,0,300,0,0,8,20529,65476,0,0,57672,80.0,0.0,0.0,0.0,0.0,0.0
2026-06-18T02:07:58,ERR,ERR,ERR,ERR,ERR,ERR,ERR,ERR,ERR,ERR,ERR,ERR,ERR,ERR,ERR,ERR,ERR,ERR,ERR,ERR,ERR,ERR,ERR,ERR,ERR,ERR,ERR,ERR,ERR,ERR,ERR,ERR,ERR,ERR,ERR,ERR,ERR,ERR,ERR,ERR,ERR,ERR,ERR,ERR,ERR,ERR,ERR,ERR,ERR,ERR,ERR,ERR,ERR,ERR,ERR,ERR,ERR,ERR,ERR,ERR,ERR,ERR,ERR,ERR,ERR,ERR,ERR,ERR,ERR,ERR,ERR,ERR,ERR,ERR,ERR,ERR,ERR,ERR,ERR,ERR,ERR,ERR,ERR,ERR,ERR,ERR,ERR,ERR,ERR,ERR,ERR,ERR,ERR,ERR,ERR,ERR,ERR,ERR,ERR,ERR,ERR,ERR,ERR,ERR,ERR,ERR,ERR,ERR,ERR,ERR,ERR,ERR,ERR,ERR,ERR,ERR,ERR,ERR,ERR,ERR,ERR,ERR,ERR,ERR,ERR,-0.0,-107615392.0,-134999232.0,-0.0,0.0,1.3936040501711995e+18,7.805,2.324635497035093e+34,0,0,4,48861,6720,14723890282496.0,100,0.0,0.0,0.0,-0.0,0.0,0,0,0,0,0.0,0,0,0,0,0,0,0,0,0,0,0,0,0,0,0,0,0,0,0,0,0,0,0,0,0,0,0,0,0,0,0,0,0,26,51,50,76,65476,0,300,0,0,8,21553,0.0,-107605600.0,0.0,0.0,0.0,0.0,0.0,0.0,0.0,0.0,0.0,0.0,0.0,0.0,0.0,0.0,0.0,0.0,0.0,0.0,0.0,0.0,2.004,0.0,2.004,-2.004,0.0,0.0,0.0,0.0,4717.0,-3.697182175382838e+19,7324.0,-0.0,-107615392.0,0.0,-0.0,0.0,0.0,0.0,0.0,77,-2.7184303811560617e+23,89220.477,0.0,0.0,0.0,0.0,0.0,0.0,0.0,0,0,0,0.0,0.0,0.0,0.0,0.0,0.0,0.0,0.0,0.0,0.0,0.0,0.0,0.0,0.0,0.0,0.0,0,-107875648.0,77,0.0,154,0.0,0.0,ERR,ERR,ERR,ERR,ERR,ERR,ERR,ERR,ERR,ERR,ERR,ERR,ERR,ERR,ERR,ERR,ERR,ERR,ERR,ERR,ERR,ERR,ERR,ERR,ERR,ERR,ERR,ERR,ERR,ERR,ERR,ERR,ERR,ERR,ERR,ERR,ERR,ERR,ERR,ERR,ERR,ERR,ERR,ERR,ERR,ERR,ERR,ERR,ERR,ERR,ERR,ERR,ERR,ERR,ERR,ERR,ERR,ERR,ERR,ERR,ERR,ERR,ERR,ERR,ERR,ERR,ERR,34.0,80.0,35,0.0,0.0,0.0,0.0,0.0,0.0,0.0,0.0,0.0,0.0,0.0,0.0,0.0,0.0,0.0,0.0,66.4,0,121,58,54,65476,0,300,0,0,8,20529,65476,0,0,57672,80.0,0.0,0.0,0.0,0.0,0.0
2026-06-18T02:07:59,ERR,ERR,ERR,ERR,ERR,ERR,ERR,ERR,ERR,ERR,ERR,ERR,ERR,ERR,ERR,ERR,ERR,ERR,ERR,ERR,ERR,ERR,ERR,ERR,ERR,ERR,ERR,ERR,ERR,ERR,ERR,ERR,ERR,ERR,ERR,ERR,ERR,ERR,ERR,ERR,ERR,ERR,ERR,ERR,ERR,ERR,ERR,ERR,ERR,ERR,ERR,ERR,ERR,ERR,ERR,ERR,ERR,ERR,ERR,ERR,ERR,ERR,ERR,ERR,ERR,ERR,ERR,ERR,ERR,ERR,ERR,ERR,ERR,ERR,ERR,ERR,ERR,ERR,ERR,ERR,ERR,ERR,ERR,ERR,ERR,ERR,ERR,ERR,ERR,ERR,ERR,ERR,ERR,ERR,ERR,ERR,ERR,ERR,ERR,ERR,ERR,ERR,ERR,ERR,ERR,ERR,ERR,ERR,ERR,ERR,ERR,ERR,ERR,ERR,ERR,ERR,ERR,ERR,ERR,ERR,ERR,ERR,ERR,ERR,ERR,-0.0,-107615392.0,-134999232.0,-0.0,0.0,1.3936040501711995e+18,7.805,2.324635497035093e+34,0,0,4,48861,6720,14723890282496.0,100,0.0,0.0,0.0,-0.0,0.0,0,0,0,0,0.0,0,0,0,0,0,0,0,0,0,0,0,0,0,0,0,0,0,0,0,0,0,0,0,0,0,0,0,0,0,0,0,0,0,26,51,50,76,65476,0,300,0,0,8,21553,0.0,-107605600.0,0.0,0.0,0.0,0.0,0.0,0.0,0.0,0.0,0.0,0.0,0.0,0.0,0.0,0.0,0.0,0.0,0.0,0.0,0.0,0.0,2.004,0.0,2.004,-2.004,0.0,0.0,0.0,0.0,4717.0,-3.697182175382838e+19,7324.0,-0.0,-107615392.0,0.0,-0.0,0.0,0.0,0.0,0.0,77,-2.7184303811560617e+23,89220.477,0.0,0.0,0.0,0.0,0.0,0.0,0.0,0,0,0,0.0,0.0,0.0,0.0,0.0,0.0,0.0,0.0,0.0,0.0,0.0,0.0,0.0,0.0,0.0,0.0,0,-107875648.0,77,0.0,154,0.0,0.0,ERR,ERR,ERR,ERR,ERR,ERR,ERR,ERR,ERR,ERR,ERR,ERR,ERR,ERR,ERR,ERR,ERR,ERR,ERR,ERR,ERR,ERR,ERR,ERR,ERR,ERR,ERR,ERR,ERR,ERR,ERR,ERR,ERR,ERR,ERR,ERR,ERR,ERR,ERR,ERR,ERR,ERR,ERR,ERR,ERR,ERR,ERR,ERR,ERR,ERR,ERR,ERR,ERR,ERR,ERR,ERR,ERR,ERR,ERR,ERR,ERR,ERR,ERR,ERR,ERR,ERR,ERR,34.0,80.0,35,0.0,0.0,0.0,0.0,0.0,0.0,0.0,0.0,0.0,0.0,0.0,0.0,0.0,0.0,0.0,0.0,66.4,0,121,58,54,65476,0,300,0,0,8,20529,65476,0,0,57672,80.0,0.0,0.0,0.0,0.0,0.0
2026-06-18T02:08:00,ERR,ERR,ERR,ERR,ERR,ERR,ERR,ERR,ERR,ERR,ERR,ERR,ERR,ERR,ERR,ERR,ERR,ERR,ERR,ERR,ERR,ERR,ERR,ERR,ERR,ERR,ERR,ERR,ERR,ERR,ERR,ERR,ERR,ERR,ERR,ERR,ERR,ERR,ERR,ERR,ERR,ERR,ERR,ERR,ERR,ERR,ERR,ERR,ERR,ERR,ERR,ERR,ERR,ERR,ERR,ERR,ERR,ERR,ERR,ERR,ERR,ERR,ERR,ERR,ERR,ERR,ERR,ERR,ERR,ERR,ERR,ERR,ERR,ERR,ERR,ERR,ERR,ERR,ERR,ERR,ERR,ERR,ERR,ERR,ERR,ERR,ERR,ERR,ERR,ERR,ERR,ERR,ERR,ERR,ERR,ERR,ERR,ERR,ERR,ERR,ERR,ERR,ERR,ERR,ERR,ERR,ERR,ERR,ERR,ERR,ERR,ERR,ERR,ERR,ERR,ERR,ERR,ERR,ERR,ERR,ERR,ERR,ERR,ERR,ERR,-107615400.0,-107615392.0,0.0,-4.9501291711397626e+32,-2.012,1.3936040501711995e+18,7.805,8.558351388217734e+28,0,0,4,48865,6720,14723890282496.0,100,0.0,0.0,0.0,89215.008,0.0,0,0,0,0,0.0,0,0,0,0,0,0,0,0,0,0,0,0,0,0,0,0,0,0,0,0,0,0,0,0,0,0,0,0,0,0,0,0,0,26,51,50,76,65476,0,300,0,0,8,21553,0.0,-107605600.0,0.0,0.0,0.0,0.0,0.0,0.0,0.0,0.0,0.0,0.0,0.0,0.0,0.0,0.0,0.0,0.0,0.0,0.0,0.0,0.0,0.0,0.0,2.004,0.0,0.0,0.0,0.0,0.0,4718.0,-564145229398016.0,7323.0,-0.0,-107615392.0,0.0,2.7184312818759872e+23,0.0,0.0,0.0,0.0,77,-3.222029330555234e+26,0.059,0.0,0.0,0.0,0.0,0.0,0.0,0.0,0,0,0,0.0,0.0,0.0,0.0,0.0,0.0,0.0,0.0,0.0,0.0,0.0,0.0,0.0,0.0,0.0,0.0,0,-107875648.0,77,0.0,154,0.0,0.0,ERR,ERR,ERR,ERR,ERR,ERR,ERR,ERR,ERR,ERR,ERR,ERR,ERR,ERR,ERR,ERR,ERR,ERR,ERR,ERR,ERR,ERR,ERR,ERR,ERR,ERR,ERR,ERR,ERR,ERR,ERR,ERR,ERR,ERR,ERR,ERR,ERR,ERR,ERR,ERR,ERR,ERR,ERR,ERR,ERR,ERR,ERR,ERR,ERR,ERR,ERR,ERR,ERR,ERR,ERR,ERR,ERR,ERR,ERR,ERR,ERR,ERR,ERR,ERR,ERR,ERR,ERR,34.0,80.0,35,0.0,0.0,0.0,0.0,0.0,0.0,0.0,0.0,0.0,0.0,0.0,0.0,0.0,0.0,0.0,0.0,66.4,0,121,58,54,65476,0,300,0,0,8,20529,65476,0,0,57672,80.0,0.0,0.0,0.0,0.0,0.0
2026-06-18T02:08:01,ERR,ERR,ERR,ERR,ERR,ERR,ERR,ERR,ERR,ERR,ERR,ERR,ERR,ERR,ERR,ERR,ERR,ERR,ERR,ERR,ERR,ERR,ERR,ERR,ERR,ERR,ERR,ERR,ERR,ERR,ERR,ERR,ERR,ERR,ERR,ERR,ERR,ERR,ERR,ERR,ERR,ERR,ERR,ERR,ERR,ERR,ERR,ERR,ERR,ERR,ERR,ERR,ERR,ERR,ERR,ERR,ERR,ERR,ERR,ERR,ERR,ERR,ERR,ERR,ERR,ERR,ERR,ERR,ERR,ERR,ERR,ERR,ERR,ERR,ERR,ERR,ERR,ERR,ERR,ERR,ERR,ERR,ERR,ERR,ERR,ERR,ERR,ERR,ERR,ERR,ERR,ERR,ERR,ERR,ERR,ERR,ERR,ERR,ERR,ERR,ERR,ERR,ERR,ERR,ERR,ERR,ERR,ERR,ERR,ERR,ERR,ERR,ERR,ERR,ERR,ERR,ERR,ERR,ERR,ERR,ERR,ERR,ERR,ERR,ERR,-107615400.0,-107615392.0,0.0,-4.9501291711397626e+32,-2.012,1.3936040501711995e+18,7.805,8.558351388217734e+28,0,0,4,48865,6720,14723890282496.0,100,0.0,0.0,0.0,89215.008,0.0,0,0,0,0,0.0,0,0,0,0,0,0,0,0,0,0,0,0,0,0,0,0,0,0,0,0,0,0,0,0,0,0,0,0,0,0,0,0,0,26,51,50,76,65476,0,300,0,0,8,21553,0.0,-107605600.0,0.0,0.0,0.0,0.0,0.0,0.0,0.0,0.0,0.0,0.0,0.0,0.0,0.0,0.0,0.0,0.0,0.0,0.0,0.0,0.0,0.0,0.0,2.004,0.0,0.0,0.0,0.0,0.0,4718.0,-564145229398016.0,7323.0,-0.0,-107615392.0,0.0,2.7184312818759872e+23,0.0,0.0,0.0,0.0,77,-3.222029330555234e+26,0.059,0.0,0.0,0.0,0.0,0.0,0.0,0.0,0,0,0,0.0,0.0,0.0,0.0,0.0,0.0,0.0,0.0,0.0,0.0,0.0,0.0,0.0,0.0,0.0,0.0,0,-107875648.0,77,0.0,154,0.0,0.0,ERR,ERR,ERR,ERR,ERR,ERR,ERR,ERR,ERR,ERR,ERR,ERR,ERR,ERR,ERR,ERR,ERR,ERR,ERR,ERR,ERR,ERR,ERR,ERR,ERR,ERR,ERR,ERR,ERR,ERR,ERR,ERR,ERR,ERR,ERR,ERR,ERR,ERR,ERR,ERR,ERR,ERR,ERR,ERR,ERR,ERR,ERR,ERR,ERR,ERR,ERR,ERR,ERR,ERR,ERR,ERR,ERR,ERR,ERR,ERR,ERR,ERR,ERR,ERR,ERR,ERR,ERR,34.0,80.0,35,0.0,0.0,0.0,0.0,0.0,0.0,0.0,0.0,0.0,0.0,0.0,0.0,0.0,0.0,0.0,0.0,66.0,0,121,58,54,65476,0,300,0,0,8,20529,65476,0,0,57672,80.0,0.0,0.0,0.0,0.0,0.0
2026-06-18T02:08:02,ERR,ERR,ERR,ERR,ERR,ERR,ERR,ERR,ERR,ERR,ERR,ERR,ERR,ERR,ERR,ERR,ERR,ERR,ERR,ERR,ERR,ERR,ERR,ERR,ERR,ERR,ERR,ERR,ERR,ERR,ERR,ERR,ERR,ERR,ERR,ERR,ERR,ERR,ERR,ERR,ERR,ERR,ERR,ERR,ERR,ERR,ERR,ERR,ERR,ERR,ERR,ERR,ERR,ERR,ERR,ERR,ERR,ERR,ERR,ERR,ERR,ERR,ERR,ERR,ERR,ERR,ERR,ERR,ERR,ERR,ERR,ERR,ERR,ERR,ERR,ERR,ERR,ERR,ERR,ERR,ERR,ERR,ERR,ERR,ERR,ERR,ERR,ERR,ERR,ERR,ERR,ERR,ERR,ERR,ERR,ERR,ERR,ERR,ERR,ERR,ERR,ERR,ERR,ERR,ERR,ERR,ERR,ERR,ERR,ERR,ERR,ERR,ERR,ERR,ERR,ERR,ERR,ERR,ERR,ERR,ERR,ERR,ERR,ERR,ERR,-107615400.0,-107615392.0,0.0,-4.9501291711397626e+32,-2.012,1.3936040501711995e+18,7.805,8.558351388217734e+28,0,0,4,48865,6720,14723890282496.0,100,0.0,0.0,0.0,89215.008,0.0,0,0,0,0,0.0,0,0,0,0,0,0,0,0,0,0,0,0,0,0,0,0,0,0,0,0,0,0,0,0,0,0,0,0,0,0,0,0,0,26,51,50,76,65476,0,300,0,0,8,21553,0.0,-107605600.0,0.0,0.0,0.0,0.0,0.0,0.0,0.0,0.0,0.0,0.0,0.0,0.0,0.0,0.0,0.0,0.0,0.0,0.0,0.0,0.0,0.0,0.0,2.004,0.0,0.0,0.0,0.0,0.0,4718.0,-564145229398016.0,7323.0,-0.0,-107615392.0,0.0,2.7184312818759872e+23,0.0,0.0,0.0,0.0,77,-3.222029330555234e+26,0.059,0.0,0.0,0.0,0.0,0.0,0.0,0.0,0,0,0,0.0,0.0,0.0,0.0,0.0,0.0,0.0,0.0,0.0,0.0,0.0,0.0,0.0,0.0,0.0,0.0,0,-107875648.0,77,0.0,154,0.0,0.0,ERR,ERR,ERR,ERR,ERR,ERR,ERR,ERR,ERR,ERR,ERR,ERR,ERR,ERR,ERR,ERR,ERR,ERR,ERR,ERR,ERR,ERR,ERR,ERR,ERR,ERR,ERR,ERR,ERR,ERR,ERR,ERR,ERR,ERR,ERR,ERR,ERR,ERR,ERR,ERR,ERR,ERR,ERR,ERR,ERR,ERR,ERR,ERR,ERR,ERR,ERR,ERR,ERR,ERR,ERR,ERR,ERR,ERR,ERR,ERR,ERR,ERR,ERR,ERR,ERR,ERR,ERR,34.0,80.0,35,0.0,0.0,0.0,0.0,0.0,0.0,0.0,0.0,0.0,0.0,0.0,0.0,0.0,0.0,0.0,0.0,66.0,0,121,58,54,65476,0,300,0,0,8,20529,65476,0,0,57672,80.0,0.0,0.0,0.0,0.0,0.0
2026-06-18T02:08:03,ERR,ERR,ERR,ERR,ERR,ERR,ERR,ERR,ERR,ERR,ERR,ERR,ERR,ERR,ERR,ERR,ERR,ERR,ERR,ERR,ERR,ERR,ERR,ERR,ERR,ERR,ERR,ERR,ERR,ERR,ERR,ERR,ERR,ERR,ERR,ERR,ERR,ERR,ERR,ERR,ERR,ERR,ERR,ERR,ERR,ERR,ERR,ERR,ERR,ERR,ERR,ERR,ERR,ERR,ERR,ERR,ERR,ERR,ERR,ERR,ERR,ERR,ERR,ERR,ERR,ERR,ERR,ERR,ERR,ERR,ERR,ERR,ERR,ERR,ERR,ERR,ERR,ERR,ERR,ERR,ERR,ERR,ERR,ERR,ERR,ERR,ERR,ERR,ERR,ERR,ERR,ERR,ERR,ERR,ERR,ERR,ERR,ERR,ERR,ERR,ERR,ERR,ERR,ERR,ERR,ERR,ERR,ERR,ERR,ERR,ERR,ERR,ERR,ERR,ERR,ERR,ERR,ERR,ERR,ERR,ERR,ERR,ERR,ERR,ERR,-107615400.0,-107615392.0,0.0,-4.9501291711397626e+32,-2.012,1.3936040501711995e+18,7.805,8.558351388217734e+28,0,0,4,48865,6720,14723890282496.0,100,0.0,0.0,0.0,89215.008,0.0,0,0,0,0,0.0,0,0,0,0,0,0,0,0,0,0,0,0,0,0,0,0,0,0,0,0,0,0,0,0,0,0,0,0,0,0,0,0,0,26,51,50,76,65476,0,300,0,0,8,21553,0.0,-107605600.0,0.0,0.0,0.0,0.0,0.0,0.0,0.0,0.0,0.0,0.0,0.0,0.0,0.0,0.0,0.0,0.0,0.0,0.0,0.0,0.0,0.0,0.0,2.004,0.0,0.0,0.0,0.0,0.0,4718.0,-564145229398016.0,7323.0,-0.0,-107615392.0,0.0,2.7184312818759872e+23,0.0,0.0,0.0,0.0,77,-3.222029330555234e+26,0.059,0.0,0.0,0.0,0.0,0.0,0.0,0.0,0,0,0,0.0,0.0,0.0,0.0,0.0,0.0,0.0,0.0,0.0,0.0,0.0,0.0,0.0,0.0,0.0,0.0,0,-107875648.0,77,0.0,154,0.0,0.0,ERR,ERR,ERR,ERR,ERR,ERR,ERR,ERR,ERR,ERR,ERR,ERR,ERR,ERR,ERR,ERR,ERR,ERR,ERR,ERR,ERR,ERR,ERR,ERR,ERR,ERR,ERR,ERR,ERR,ERR,ERR,ERR,ERR,ERR,ERR,ERR,ERR,ERR,ERR,ERR,ERR,ERR,ERR,ERR,ERR,ERR,ERR,ERR,ERR,ERR,ERR,ERR,ERR,ERR,ERR,ERR,ERR,ERR,ERR,ERR,ERR,ERR,ERR,ERR,ERR,ERR,ERR,34.0,80.0,35,0.0,0.0,0.0,0.0,0.0,0.0,0.0,0.0,0.0,0.0,0.0,0.0,0.0,0.0,0.0,0.0,66.0,0,121,58,54,65476,0,300,0,0,8,20529,65476,0,0,57672,80.0,0.0,0.0,0.0,0.0,0.0
2026-06-18T02:08:04,ERR,ERR,ERR,ERR,ERR,ERR,ERR,ERR,ERR,ERR,ERR,ERR,ERR,ERR,ERR,ERR,ERR,ERR,ERR,ERR,ERR,ERR,ERR,ERR,ERR,ERR,ERR,ERR,ERR,ERR,ERR,ERR,ERR,ERR,ERR,ERR,ERR,ERR,ERR,ERR,ERR,ERR,ERR,ERR,ERR,ERR,ERR,ERR,ERR,ERR,ERR,ERR,ERR,ERR,ERR,ERR,ERR,ERR,ERR,ERR,ERR,ERR,ERR,ERR,ERR,ERR,ERR,ERR,ERR,ERR,ERR,ERR,ERR,ERR,ERR,ERR,ERR,ERR,ERR,ERR,ERR,ERR,ERR,ERR,ERR,ERR,ERR,ERR,ERR,ERR,ERR,ERR,ERR,ERR,ERR,ERR,ERR,ERR,ERR,ERR,ERR,ERR,ERR,ERR,ERR,ERR,ERR,ERR,ERR,ERR,ERR,ERR,ERR,ERR,ERR,ERR,ERR,ERR,ERR,ERR,ERR,ERR,ERR,ERR,ERR,-107615400.0,-107615392.0,0.0,-4.9501291711397626e+32,-2.012,1.3936040501711995e+18,7.805,8.558351388217734e+28,0,0,4,48865,6720,14723890282496.0,100,0.0,0.0,0.0,89215.008,0.0,0,0,0,0,0.0,0,0,0,0,0,0,0,0,0,0,0,0,0,0,0,0,0,0,0,0,0,0,0,0,0,0,0,0,0,0,0,0,0,26,51,50,76,65476,0,300,0,0,8,21553,0.0,-107605600.0,0.0,0.0,0.0,0.0,0.0,0.0,0.0,0.0,0.0,0.0,0.0,0.0,0.0,0.0,0.0,0.0,0.0,0.0,0.0,0.0,0.0,0.0,2.004,0.0,0.0,0.0,0.0,0.0,4718.0,-564145229398016.0,7323.0,-0.0,-107615392.0,0.0,2.7184312818759872e+23,0.0,0.0,0.0,0.0,77,-3.222029330555234e+26,0.059,0.0,0.0,0.0,0.0,0.0,0.0,0.0,0,0,0,0.0,0.0,0.0,0.0,0.0,0.0,0.0,0.0,0.0,0.0,0.0,0.0,0.0,0.0,0.0,0.0,0,-107875648.0,77,0.0,154,0.0,0.0,ERR,ERR,ERR,ERR,ERR,ERR,ERR,ERR,ERR,ERR,ERR,ERR,ERR,ERR,ERR,ERR,ERR,ERR,ERR,ERR,ERR,ERR,ERR,ERR,ERR,ERR,ERR,ERR,ERR,ERR,ERR,ERR,ERR,ERR,ERR,ERR,ERR,ERR,ERR,ERR,ERR,ERR,ERR,ERR,ERR,ERR,ERR,ERR,ERR,ERR,ERR,ERR,ERR,ERR,ERR,ERR,ERR,ERR,ERR,ERR,ERR,ERR,ERR,ERR,ERR,ERR,ERR,34.0,80.0,35,0.0,0.0,0.0,0.0,0.0,0.0,0.0,0.0,0.0,0.0,0.0,0.0,0.0,0.0,0.0,0.0,66.0,0,121,58,54,65476,0,300,0,0,8,20529,65476,0,0,57672,80.0,0.0,0.0,0.0,0.0,0.0
2026-06-18T02:08:05,ERR,ERR,ERR,ERR,ERR,ERR,ERR,ERR,ERR,ERR,ERR,ERR,ERR,ERR,ERR,ERR,ERR,ERR,ERR,ERR,ERR,ERR,ERR,ERR,ERR,ERR,ERR,ERR,ERR,ERR,ERR,ERR,ERR,ERR,ERR,ERR,ERR,ERR,ERR,ERR,ERR,ERR,ERR,ERR,ERR,ERR,ERR,ERR,ERR,ERR,ERR,ERR,ERR,ERR,ERR,ERR,ERR,ERR,ERR,ERR,ERR,ERR,ERR,ERR,ERR,ERR,ERR,ERR,ERR,ERR,ERR,ERR,ERR,ERR,ERR,ERR,ERR,ERR,ERR,ERR,ERR,ERR,ERR,ERR,ERR,ERR,ERR,ERR,ERR,ERR,ERR,ERR,ERR,ERR,ERR,ERR,ERR,ERR,ERR,ERR,ERR,ERR,ERR,ERR,ERR,ERR,ERR,ERR,ERR,ERR,ERR,ERR,ERR,ERR,ERR,ERR,ERR,ERR,ERR,ERR,ERR,ERR,ERR,ERR,ERR,-0.0,-107615392.0,-134999232.0,-0.0,0.0,1.3936040501711995e+18,7.805,11082173251584.0,0,0,4,48857,6720,14723890282496.0,100,0.0,0.0,0.0,-0.0,0.0,0,0,0,0,0.0,0,0,0,0,0,0,0,0,0,0,0,0,0,0,0,0,0,0,0,0,0,0,0,0,0,0,0,0,0,0,0,0,0,26,51,50,76,65476,0,300,0,0,8,21553,0.0,-107605600.0,0.0,0.0,0.0,0.0,0.0,0.0,0.0,0.0,0.0,0.0,0.0,0.0,0.0,0.0,0.0,0.0,0.0,0.0,0.0,0.0,0.0,0.0,2.004,0.0,0.0,0.0,0.0,0.0,4717.0,-0.0,7314.0,-0.0,-107615392.0,0.0,-0.0,0.0,0.0,0.0,0.0,77,-2.7184303811560617e+23,-2.308825940279385e+20,0.0,0.0,0.0,0.0,0.0,0.0,0.0,0,0,0,0.0,0.0,0.0,0.0,0.0,0.0,0.0,0.0,0.0,0.0,0.0,0.0,0.0,0.0,0.0,0.0,0,-107875648.0,77,0.0,154,0.0,0.0,ERR,ERR,ERR,ERR,ERR,ERR,ERR,ERR,ERR,ERR,ERR,ERR,ERR,ERR,ERR,ERR,ERR,ERR,ERR,ERR,ERR,ERR,ERR,ERR,ERR,ERR,ERR,ERR,ERR,ERR,ERR,ERR,ERR,ERR,ERR,ERR,ERR,ERR,ERR,ERR,ERR,ERR,ERR,ERR,ERR,ERR,ERR,ERR,ERR,ERR,ERR,ERR,ERR,ERR,ERR,ERR,ERR,ERR,ERR,ERR,ERR,ERR,ERR,ERR,ERR,ERR,ERR,34.0,80.0,35,0.0,0.0,0.0,0.0,0.0,0.0,0.0,0.0,0.0,0.0,0.0,0.0,0.0,0.0,0.0,0.0,66.0,0,121,58,54,65476,0,300,0,0,8,20529,65476,0,0,57672,80.0,0.0,0.0,0.0,0.0,0.0
2026-06-18T02:08:06,ERR,ERR,ERR,ERR,ERR,ERR,ERR,ERR,ERR,ERR,ERR,ERR,ERR,ERR,ERR,ERR,ERR,ERR,ERR,ERR,ERR,ERR,ERR,ERR,ERR,ERR,ERR,ERR,ERR,ERR,ERR,ERR,ERR,ERR,ERR,ERR,ERR,ERR,ERR,ERR,ERR,ERR,ERR,ERR,ERR,ERR,ERR,ERR,ERR,ERR,ERR,ERR,ERR,ERR,ERR,ERR,ERR,ERR,ERR,ERR,ERR,ERR,ERR,ERR,ERR,ERR,ERR,ERR,ERR,ERR,ERR,ERR,ERR,ERR,ERR,ERR,ERR,ERR,ERR,ERR,ERR,ERR,ERR,ERR,ERR,ERR,ERR,ERR,ERR,ERR,ERR,ERR,ERR,ERR,ERR,ERR,ERR,ERR,ERR,ERR,ERR,ERR,ERR,ERR,ERR,ERR,ERR,ERR,ERR,ERR,ERR,ERR,ERR,ERR,ERR,ERR,ERR,ERR,ERR,ERR,ERR,ERR,ERR,ERR,ERR,-0.0,-107615392.0,-134999232.0,-0.0,0.0,1.3936040501711995e+18,7.805,11082173251584.0,0,0,4,48857,6720,14723890282496.0,100,0.0,0.0,0.0,-0.0,0.0,0,0,0,0,0.0,0,0,0,0,0,0,0,0,0,0,0,0,0,0,0,0,0,0,0,0,0,0,0,0,0,0,0,0,0,0,0,0,0,26,51,50,76,65476,0,300,0,0,8,21553,0.0,-107605600.0,0.0,0.0,0.0,0.0,0.0,0.0,0.0,0.0,0.0,0.0,0.0,0.0,0.0,0.0,0.0,0.0,0.0,0.0,0.0,0.0,0.0,0.0,2.004,0.0,0.0,0.0,0.0,0.0,4717.0,-0.0,7314.0,-0.0,-107615392.0,0.0,-0.0,0.0,0.0,0.0,0.0,77,-2.7184303811560617e+23,-2.308825940279385e+20,0.0,0.0,0.0,0.0,0.0,0.0,0.0,0,0,0,0.0,0.0,0.0,0.0,0.0,0.0,0.0,0.0,0.0,0.0,0.0,0.0,0.0,0.0,0.0,0.0,0,-107875648.0,77,0.0,154,0.0,0.0,ERR,ERR,ERR,ERR,ERR,ERR,ERR,ERR,ERR,ERR,ERR,ERR,ERR,ERR,ERR,ERR,ERR,ERR,ERR,ERR,ERR,ERR,ERR,ERR,ERR,ERR,ERR,ERR,ERR,ERR,ERR,ERR,ERR,ERR,ERR,ERR,ERR,ERR,ERR,ERR,ERR,ERR,ERR,ERR,ERR,ERR,ERR,ERR,ERR,ERR,ERR,ERR,ERR,ERR,ERR,ERR,ERR,ERR,ERR,ERR,ERR,ERR,ERR,ERR,ERR,ERR,ERR,34.0,80.0,35,0.0,0.0,0.0,0.0,0.0,0.0,0.0,0.0,0.0,0.0,0.0,0.0,0.0,0.0,0.0,0.0,66.0,0,121,58,54,65476,0,300,0,0,8,20529,65476,0,0,57672,80.0,0.0,0.0,0.0,0.0,0.0
2026-06-18T02:08:07,ERR,ERR,ERR,ERR,ERR,ERR,ERR,ERR,ERR,ERR,ERR,ERR,ERR,ERR,ERR,ERR,ERR,ERR,ERR,ERR,ERR,ERR,ERR,ERR,ERR,ERR,ERR,ERR,ERR,ERR,ERR,ERR,ERR,ERR,ERR,ERR,ERR,ERR,ERR,ERR,ERR,ERR,ERR,ERR,ERR,ERR,ERR,ERR,ERR,ERR,ERR,ERR,ERR,ERR,ERR,ERR,ERR,ERR,ERR,ERR,ERR,ERR,ERR,ERR,ERR,ERR,ERR,ERR,ERR,ERR,ERR,ERR,ERR,ERR,ERR,ERR,ERR,ERR,ERR,ERR,ERR,ERR,ERR,ERR,ERR,ERR,ERR,ERR,ERR,ERR,ERR,ERR,ERR,ERR,ERR,ERR,ERR,ERR,ERR,ERR,ERR,ERR,ERR,ERR,ERR,ERR,ERR,ERR,ERR,ERR,ERR,ERR,ERR,ERR,ERR,ERR,ERR,ERR,ERR,ERR,ERR,ERR,ERR,ERR,ERR,-0.0,-107615392.0,-134999232.0,-0.0,0.0,1.3936040501711995e+18,7.805,11082173251584.0,0,0,4,48857,6720,14723890282496.0,100,0.0,0.0,0.0,-0.0,0.0,0,0,0,0,0.0,0,0,0,0,0,0,0,0,0,0,0,0,0,0,0,0,0,0,0,0,0,0,0,0,0,0,0,0,0,0,0,0,0,26,51,50,76,65476,0,300,0,0,8,21553,0.0,-107605600.0,0.0,0.0,0.0,0.0,0.0,0.0,0.0,0.0,0.0,0.0,0.0,0.0,0.0,0.0,0.0,0.0,0.0,0.0,0.0,0.0,0.0,0.0,2.004,0.0,0.0,0.0,0.0,0.0,4717.0,-0.0,7314.0,-0.0,-107615392.0,0.0,-0.0,0.0,0.0,0.0,0.0,77,-2.7184303811560617e+23,-2.308825940279385e+20,0.0,0.0,0.0,0.0,0.0,0.0,0.0,0,0,0,0.0,0.0,0.0,0.0,0.0,0.0,0.0,0.0,0.0,0.0,0.0,0.0,0.0,0.0,0.0,0.0,0,-107875648.0,77,0.0,154,0.0,0.0,ERR,ERR,ERR,ERR,ERR,ERR,ERR,ERR,ERR,ERR,ERR,ERR,ERR,ERR,ERR,ERR,ERR,ERR,ERR,ERR,ERR,ERR,ERR,ERR,ERR,ERR,ERR,ERR,ERR,ERR,ERR,ERR,ERR,ERR,ERR,ERR,ERR,ERR,ERR,ERR,ERR,ERR,ERR,ERR,ERR,ERR,ERR,ERR,ERR,ERR,ERR,ERR,ERR,ERR,ERR,ERR,ERR,ERR,ERR,ERR,ERR,ERR,ERR,ERR,ERR,ERR,ERR,34.0,80.0,35,0.0,0.0,0.0,0.0,0.0,0.0,0.0,0.0,0.0,0.0,0.0,0.0,0.0,0.0,0.0,0.0,66.0,0,121,58,54,65476,0,300,0,0,8,20529,65476,0,0,57672,80.0,0.0,0.0,0.0,0.0,0.0
2026-06-18T02:08:08,ERR,ERR,ERR,ERR,ERR,ERR,ERR,ERR,ERR,ERR,ERR,ERR,ERR,ERR,ERR,ERR,ERR,ERR,ERR,ERR,ERR,ERR,ERR,ERR,ERR,ERR,ERR,ERR,ERR,ERR,ERR,ERR,ERR,ERR,ERR,ERR,ERR,ERR,ERR,ERR,ERR,ERR,ERR,ERR,ERR,ERR,ERR,ERR,ERR,ERR,ERR,ERR,ERR,ERR,ERR,ERR,ERR,ERR,ERR,ERR,ERR,ERR,ERR,ERR,ERR,ERR,ERR,ERR,ERR,ERR,ERR,ERR,ERR,ERR,ERR,ERR,ERR,ERR,ERR,ERR,ERR,ERR,ERR,ERR,ERR,ERR,ERR,ERR,ERR,ERR,ERR,ERR,ERR,ERR,ERR,ERR,ERR,ERR,ERR,ERR,ERR,ERR,ERR,ERR,ERR,ERR,ERR,ERR,ERR,ERR,ERR,ERR,ERR,ERR,ERR,ERR,ERR,ERR,ERR,ERR,ERR,ERR,ERR,ERR,ERR,-0.0,-107615392.0,-134999232.0,-0.0,0.0,1.3936040501711995e+18,7.805,11082173251584.0,0,0,4,48857,6720,14723890282496.0,100,0.0,0.0,0.0,-0.0,0.0,0,0,0,0,0.0,0,0,0,0,0,0,0,0,0,0,0,0,0,0,0,0,0,0,0,0,0,0,0,0,0,0,0,0,0,0,0,0,0,26,51,50,76,65476,0,300,0,0,8,21553,0.0,-107605600.0,0.0,0.0,0.0,0.0,0.0,0.0,0.0,0.0,0.0,0.0,0.0,0.0,0.0,0.0,0.0,0.0,0.0,0.0,0.0,0.0,0.0,0.0,2.004,0.0,0.0,0.0,0.0,0.0,4717.0,-0.0,7314.0,-0.0,-107615392.0,0.0,-0.0,0.0,0.0,0.0,0.0,77,-2.7184303811560617e+23,-2.308825940279385e+20,0.0,0.0,0.0,0.0,0.0,0.0,0.0,0,0,0,0.0,0.0,0.0,0.0,0.0,0.0,0.0,0.0,0.0,0.0,0.0,0.0,0.0,0.0,0.0,0.0,0,-107875648.0,77,0.0,154,0.0,0.0,ERR,ERR,ERR,ERR,ERR,ERR,ERR,ERR,ERR,ERR,ERR,ERR,ERR,ERR,ERR,ERR,ERR,ERR,ERR,ERR,ERR,ERR,ERR,ERR,ERR,ERR,ERR,ERR,ERR,ERR,ERR,ERR,ERR,ERR,ERR,ERR,ERR,ERR,ERR,ERR,ERR,ERR,ERR,ERR,ERR,ERR,ERR,ERR,ERR,ERR,ERR,ERR,ERR,ERR,ERR,ERR,ERR,ERR,ERR,ERR,ERR,ERR,ERR,ERR,ERR,ERR,ERR,34.0,80.0,35,0.0,0.0,0.0,0.0,0.0,0.0,0.0,0.0,0.0,0.0,0.0,0.0,0.0,0.0,0.0,0.0,66.0,0,121,58,54,65476,0,300,0,0,8,20529,65476,0,0,57672,80.0,0.0,0.0,0.0,0.0,0.0
2026-06-18T02:08:09,ERR,ERR,ERR,ERR,ERR,ERR,ERR,ERR,ERR,ERR,ERR,ERR,ERR,ERR,ERR,ERR,ERR,ERR,ERR,ERR,ERR,ERR,ERR,ERR,ERR,ERR,ERR,ERR,ERR,ERR,ERR,ERR,ERR,ERR,ERR,ERR,ERR,ERR,ERR,ERR,ERR,ERR,ERR,ERR,ERR,ERR,ERR,ERR,ERR,ERR,ERR,ERR,ERR,ERR,ERR,ERR,ERR,ERR,ERR,ERR,ERR,ERR,ERR,ERR,ERR,ERR,ERR,ERR,ERR,ERR,ERR,ERR,ERR,ERR,ERR,ERR,ERR,ERR,ERR,ERR,ERR,ERR,ERR,ERR,ERR,ERR,ERR,ERR,ERR,ERR,ERR,ERR,ERR,ERR,ERR,ERR,ERR,ERR,ERR,ERR,ERR,ERR,ERR,ERR,ERR,ERR,ERR,ERR,ERR,ERR,ERR,ERR,ERR,ERR,ERR,ERR,ERR,ERR,ERR,ERR,ERR,ERR,ERR,ERR,ERR,-0.0,-107615392.0,-134999232.0,-0.0,0.0,1.3936040501711995e+18,7.805,11082173251584.0,0,0,4,48857,6720,14723890282496.0,100,0.0,0.0,0.0,-0.0,0.0,0,0,0,0,0.0,0,0,0,0,0,0,0,0,0,0,0,0,0,0,0,0,0,0,0,0,0,0,0,0,0,0,0,0,0,0,0,0,0,26,51,50,76,65476,0,300,0,0,8,21553,0.0,-107605600.0,0.0,0.0,0.0,0.0,0.0,0.0,0.0,0.0,0.0,0.0,0.0,0.0,0.0,0.0,0.0,0.0,0.0,0.0,0.0,0.0,0.0,0.0,2.004,0.0,0.0,0.0,0.0,0.0,4717.0,-0.0,7314.0,-0.0,-107615392.0,0.0,-0.0,0.0,0.0,0.0,0.0,77,-2.7184303811560617e+23,-2.308825940279385e+20,0.0,0.0,0.0,0.0,0.0,0.0,0.0,0,0,0,0.0,0.0,0.0,0.0,0.0,0.0,0.0,0.0,0.0,0.0,0.0,0.0,0.0,0.0,0.0,0.0,0,-107875648.0,77,0.0,154,0.0,0.0,ERR,ERR,ERR,ERR,ERR,ERR,ERR,ERR,ERR,ERR,ERR,ERR,ERR,ERR,ERR,ERR,ERR,ERR,ERR,ERR,ERR,ERR,ERR,ERR,ERR,ERR,ERR,ERR,ERR,ERR,ERR,ERR,ERR,ERR,ERR,ERR,ERR,ERR,ERR,ERR,ERR,ERR,ERR,ERR,ERR,ERR,ERR,ERR,ERR,ERR,ERR,ERR,ERR,ERR,ERR,ERR,ERR,ERR,ERR,ERR,ERR,ERR,ERR,ERR,ERR,ERR,ERR,34.0,80.0,35,0.0,0.0,0.0,0.0,0.0,0.0,0.0,0.0,0.0,0.0,0.0,0.0,0.0,0.0,0.0,0.0,66.0,0,121,58,54,65476,0,300,0,0,8,20529,65476,0,0,57672,80.0,0.0,0.0,0.0,0.0,0.0
2026-06-18T02:08:10,ERR,ERR,ERR,ERR,ERR,ERR,ERR,ERR,ERR,ERR,ERR,ERR,ERR,ERR,ERR,ERR,ERR,ERR,ERR,ERR,ERR,ERR,ERR,ERR,ERR,ERR,ERR,ERR,ERR,ERR,ERR,ERR,ERR,ERR,ERR,ERR,ERR,ERR,ERR,ERR,ERR,ERR,ERR,ERR,ERR,ERR,ERR,ERR,ERR,ERR,ERR,ERR,ERR,ERR,ERR,ERR,ERR,ERR,ERR,ERR,ERR,ERR,ERR,ERR,ERR,ERR,ERR,ERR,ERR,ERR,ERR,ERR,ERR,ERR,ERR,ERR,ERR,ERR,ERR,ERR,ERR,ERR,ERR,ERR,ERR,ERR,ERR,ERR,ERR,ERR,ERR,ERR,ERR,ERR,ERR,ERR,ERR,ERR,ERR,ERR,ERR,ERR,ERR,ERR,ERR,ERR,ERR,ERR,ERR,ERR,ERR,ERR,ERR,ERR,ERR,ERR,ERR,ERR,ERR,ERR,ERR,ERR,ERR,ERR,ERR,-0.0,-107615392.0,-134999232.0,-0.0,0.0,1.3936040501711995e+18,7.805,11082173251584.0,0,0,4,48857,6720,14723890282496.0,100,0.0,0.0,0.0,-0.0,0.0,0,0,0,0,0.0,0,0,0,0,0,0,0,0,0,0,0,0,0,0,0,0,0,0,0,0,0,0,0,0,0,0,0,0,0,0,0,0,0,26,51,50,76,65476,0,300,0,0,8,21553,0.0,-107605600.0,0.0,0.0,0.0,0.0,0.0,0.0,0.0,0.0,0.0,0.0,0.0,0.0,0.0,0.0,0.0,0.0,0.0,0.0,0.0,0.0,0.0,0.0,2.004,0.0,0.0,0.0,0.0,0.0,4717.0,-0.0,7314.0,-0.0,-107615392.0,0.0,-0.0,0.0,0.0,0.0,0.0,77,-2.7184303811560617e+23,-2.308825940279385e+20,0.0,0.0,0.0,0.0,0.0,0.0,0.0,0,0,0,0.0,0.0,0.0,0.0,0.0,0.0,0.0,0.0,0.0,0.0,0.0,0.0,0.0,0.0,0.0,0.0,0,-107875648.0,77,0.0,154,0.0,0.0,ERR,ERR,ERR,ERR,ERR,ERR,ERR,ERR,ERR,ERR,ERR,ERR,ERR,ERR,ERR,ERR,ERR,ERR,ERR,ERR,ERR,ERR,ERR,ERR,ERR,ERR,ERR,ERR,ERR,ERR,ERR,ERR,ERR,ERR,ERR,ERR,ERR,ERR,ERR,ERR,ERR,ERR,ERR,ERR,ERR,ERR,ERR,ERR,ERR,ERR,ERR,ERR,ERR,ERR,ERR,ERR,ERR,ERR,ERR,ERR,ERR,ERR,ERR,ERR,ERR,ERR,ERR,34.0,80.0,35,0.0,0.0,0.0,0.0,0.0,0.0,0.0,0.0,0.0,0.0,0.0,0.0,0.0,0.0,0.0,0.0,66.0,0,121,58,54,65476,0,300,0,0,8,20529,65476,0,0,57672,80.0,0.0,0.0,0.0,0.0,0.0
2026-06-18T02:08:11,ERR,ERR,ERR,ERR,ERR,ERR,ERR,ERR,ERR,ERR,ERR,ERR,ERR,ERR,ERR,ERR,ERR,ERR,ERR,ERR,ERR,ERR,ERR,ERR,ERR,ERR,ERR,ERR,ERR,ERR,ERR,ERR,ERR,ERR,ERR,ERR,ERR,ERR,ERR,ERR,ERR,ERR,ERR,ERR,ERR,ERR,ERR,ERR,ERR,ERR,ERR,ERR,ERR,ERR,ERR,ERR,ERR,ERR,ERR,ERR,ERR,ERR,ERR,ERR,ERR,ERR,ERR,ERR,ERR,ERR,ERR,ERR,ERR,ERR,ERR,ERR,ERR,ERR,ERR,ERR,ERR,ERR,ERR,ERR,ERR,ERR,ERR,ERR,ERR,ERR,ERR,ERR,ERR,ERR,ERR,ERR,ERR,ERR,ERR,ERR,ERR,ERR,ERR,ERR,ERR,ERR,ERR,ERR,ERR,ERR,ERR,ERR,ERR,ERR,ERR,ERR,ERR,ERR,ERR,ERR,ERR,ERR,ERR,ERR,ERR,-0.0,-107615392.0,-134999232.0,0.0,0.0,1.3936040501711995e+18,7.805,5.082843243955664e+23,0,0,4,48848,6720,14723890282496.0,100,0.0,0.0,0.0,0.0,0.0,0,0,0,0,0.0,0,0,0,0,0,0,0,0,0,0,0,0,0,0,0,0,0,0,0,0,0,0,0,0,0,0,0,0,0,0,0,0,0,26,51,50,76,65476,0,300,0,0,8,21553,0.0,-107605600.0,0.0,0.0,0.0,0.0,0.0,0.0,0.0,0.0,0.0,0.0,0.0,0.0,0.0,0.0,0.0,0.0,0.0,0.0,0.0,0.0,0.0,0.0,2.004,0.0,0.0,0.0,0.0,0.0,4717.0,-0.0,7317.0,-0.0,-107615392.0,0.0,2.7184312818759872e+23,0.0,0.0,0.0,0.0,77,-2.7184303811560617e+23,0.0,0.0,0.0,0.0,0.0,0.0,0.0,0.0,0,0,0,0.0,0.0,0.0,0.0,0.0,0.0,0.0,0.0,0.0,0.0,0.0,0.0,0.0,0.0,0.0,0.0,0,-107875648.0,77,0.0,154,0.0,0.0,ERR,ERR,ERR,ERR,ERR,ERR,ERR,ERR,ERR,ERR,ERR,ERR,ERR,ERR,ERR,ERR,ERR,ERR,ERR,ERR,ERR,ERR,ERR,ERR,ERR,ERR,ERR,ERR,ERR,ERR,ERR,ERR,ERR,ERR,ERR,ERR,ERR,ERR,ERR,ERR,ERR,ERR,ERR,ERR,ERR,ERR,ERR,ERR,ERR,ERR,ERR,ERR,ERR,ERR,ERR,ERR,ERR,ERR,ERR,ERR,ERR,ERR,ERR,ERR,ERR,ERR,ERR,34.0,80.0,35,0.0,0.0,0.0,0.0,0.0,0.0,0.0,0.0,0.0,0.0,0.0,0.0,0.0,0.0,0.0,0.0,66.0,0,121,58,54,65476,0,300,0,0,8,20529,65476,0,0,57672,80.0,0.0,0.0,0.0,0.0,0.0
2026-06-18T02:08:12,ERR,ERR,ERR,ERR,ERR,ERR,ERR,ERR,ERR,ERR,ERR,ERR,ERR,ERR,ERR,ERR,ERR,ERR,ERR,ERR,ERR,ERR,ERR,ERR,ERR,ERR,ERR,ERR,ERR,ERR,ERR,ERR,ERR,ERR,ERR,ERR,ERR,ERR,ERR,ERR,ERR,ERR,ERR,ERR,ERR,ERR,ERR,ERR,ERR,ERR,ERR,ERR,ERR,ERR,ERR,ERR,ERR,ERR,ERR,ERR,ERR,ERR,ERR,ERR,ERR,ERR,ERR,ERR,ERR,ERR,ERR,ERR,ERR,ERR,ERR,ERR,ERR,ERR,ERR,ERR,ERR,ERR,ERR,ERR,ERR,ERR,ERR,ERR,ERR,ERR,ERR,ERR,ERR,ERR,ERR,ERR,ERR,ERR,ERR,ERR,ERR,ERR,ERR,ERR,ERR,ERR,ERR,ERR,ERR,ERR,ERR,ERR,ERR,ERR,ERR,ERR,ERR,ERR,ERR,ERR,ERR,ERR,ERR,ERR,ERR,-0.0,-107615392.0,-134999232.0,0.0,0.0,1.3936040501711995e+18,7.805,5.082843243955664e+23,0,0,4,48848,6720,14723890282496.0,100,0.0,0.0,0.0,0.0,0.0,0,0,0,0,0.0,0,0,0,0,0,0,0,0,0,0,0,0,0,0,0,0,0,0,0,0,0,0,0,0,0,0,0,0,0,0,0,0,0,26,51,50,76,65476,0,300,0,0,8,21553,0.0,-107605600.0,0.0,0.0,0.0,0.0,0.0,0.0,0.0,0.0,0.0,0.0,0.0,0.0,0.0,0.0,0.0,0.0,0.0,0.0,0.0,0.0,0.0,0.0,2.004,0.0,0.0,0.0,0.0,0.0,4717.0,-0.0,7317.0,-0.0,-107615392.0,0.0,2.7184312818759872e+23,0.0,0.0,0.0,0.0,77,-2.7184303811560617e+23,0.0,0.0,0.0,0.0,0.0,0.0,0.0,0.0,0,0,0,0.0,0.0,0.0,0.0,0.0,0.0,0.0,0.0,0.0,0.0,0.0,0.0,0.0,0.0,0.0,0.0,0,-107875648.0,77,0.0,154,0.0,0.0,ERR,ERR,ERR,ERR,ERR,ERR,ERR,ERR,ERR,ERR,ERR,ERR,ERR,ERR,ERR,ERR,ERR,ERR,ERR,ERR,ERR,ERR,ERR,ERR,ERR,ERR,ERR,ERR,ERR,ERR,ERR,ERR,ERR,ERR,ERR,ERR,ERR,ERR,ERR,ERR,ERR,ERR,ERR,ERR,ERR,ERR,ERR,ERR,ERR,ERR,ERR,ERR,ERR,ERR,ERR,ERR,ERR,ERR,ERR,ERR,ERR,ERR,ERR,ERR,ERR,ERR,ERR,34.0,80.0,35,0.0,0.0,0.0,0.0,0.0,0.0,0.0,0.0,0.0,0.0,0.0,0.0,0.0,0.0,0.0,0.0,66.0,0,121,58,54,65476,0,300,0,0,8,20529,65476,0,0,57672,80.0,0.0,0.0,0.0,0.0,0.0
2026-06-18T02:08:13,ERR,ERR,ERR,ERR,ERR,ERR,ERR,ERR,ERR,ERR,ERR,ERR,ERR,ERR,ERR,ERR,ERR,ERR,ERR,ERR,ERR,ERR,ERR,ERR,ERR,ERR,ERR,ERR,ERR,ERR,ERR,ERR,ERR,ERR,ERR,ERR,ERR,ERR,ERR,ERR,ERR,ERR,ERR,ERR,ERR,ERR,ERR,ERR,ERR,ERR,ERR,ERR,ERR,ERR,ERR,ERR,ERR,ERR,ERR,ERR,ERR,ERR,ERR,ERR,ERR,ERR,ERR,ERR,ERR,ERR,ERR,ERR,ERR,ERR,ERR,ERR,ERR,ERR,ERR,ERR,ERR,ERR,ERR,ERR,ERR,ERR,ERR,ERR,ERR,ERR,ERR,ERR,ERR,ERR,ERR,ERR,ERR,ERR,ERR,ERR,ERR,ERR,ERR,ERR,ERR,ERR,ERR,ERR,ERR,ERR,ERR,ERR,ERR,ERR,ERR,ERR,ERR,ERR,ERR,ERR,ERR,ERR,ERR,ERR,ERR,-0.0,-107615392.0,-134999232.0,0.0,0.0,1.3936040501711995e+18,7.805,5.082843243955664e+23,0,0,4,48848,6720,14723890282496.0,100,0.0,0.0,0.0,0.0,0.0,0,0,0,0,0.0,0,0,0,0,0,0,0,0,0,0,0,0,0,0,0,0,0,0,0,0,0,0,0,0,0,0,0,0,0,0,0,0,0,26,51,50,76,65476,0,300,0,0,8,21553,0.0,-107605600.0,0.0,0.0,0.0,0.0,0.0,0.0,0.0,0.0,0.0,0.0,0.0,0.0,0.0,0.0,0.0,0.0,0.0,0.0,0.0,0.0,0.0,0.0,2.004,0.0,0.0,0.0,0.0,0.0,4717.0,-0.0,7317.0,-0.0,-107615392.0,0.0,2.7184312818759872e+23,0.0,0.0,0.0,0.0,77,-2.7184303811560617e+23,0.0,0.0,0.0,0.0,0.0,0.0,0.0,0.0,0,0,0,0.0,0.0,0.0,0.0,0.0,0.0,0.0,0.0,0.0,0.0,0.0,0.0,0.0,0.0,0.0,0.0,0,-107875648.0,77,0.0,154,0.0,0.0,ERR,ERR,ERR,ERR,ERR,ERR,ERR,ERR,ERR,ERR,ERR,ERR,ERR,ERR,ERR,ERR,ERR,ERR,ERR,ERR,ERR,ERR,ERR,ERR,ERR,ERR,ERR,ERR,ERR,ERR,ERR,ERR,ERR,ERR,ERR,ERR,ERR,ERR,ERR,ERR,ERR,ERR,ERR,ERR,ERR,ERR,ERR,ERR,ERR,ERR,ERR,ERR,ERR,ERR,ERR,ERR,ERR,ERR,ERR,ERR,ERR,ERR,ERR,ERR,ERR,ERR,ERR,34.0,80.0,35,0.0,0.0,0.0,0.0,0.0,0.0,0.0,0.0,0.0,0.0,0.0,0.0,0.0,0.0,0.0,0.0,66.0,0,121,58,54,65476,0,300,0,0,8,20529,65476,0,0,57672,80.0,0.0,0.0,0.0,0.0,0.0
2026-06-18T02:08:14,ERR,ERR,ERR,ERR,ERR,ERR,ERR,ERR,ERR,ERR,ERR,ERR,ERR,ERR,ERR,ERR,ERR,ERR,ERR,ERR,ERR,ERR,ERR,ERR,ERR,ERR,ERR,ERR,ERR,ERR,ERR,ERR,ERR,ERR,ERR,ERR,ERR,ERR,ERR,ERR,ERR,ERR,ERR,ERR,ERR,ERR,ERR,ERR,ERR,ERR,ERR,ERR,ERR,ERR,ERR,ERR,ERR,ERR,ERR,ERR,ERR,ERR,ERR,ERR,ERR,ERR,ERR,ERR,ERR,ERR,ERR,ERR,ERR,ERR,ERR,ERR,ERR,ERR,ERR,ERR,ERR,ERR,ERR,ERR,ERR,ERR,ERR,ERR,ERR,ERR,ERR,ERR,ERR,ERR,ERR,ERR,ERR,ERR,ERR,ERR,ERR,ERR,ERR,ERR,ERR,ERR,ERR,ERR,ERR,ERR,ERR,ERR,ERR,ERR,ERR,ERR,ERR,ERR,ERR,ERR,ERR,ERR,ERR,ERR,ERR,-0.0,-107615392.0,-134999232.0,0.0,0.0,1.3936040501711995e+18,7.805,5.082843243955664e+23,0,0,4,48848,6720,14723890282496.0,100,0.0,0.0,0.0,0.0,0.0,0,0,0,0,0.0,0,0,0,0,0,0,0,0,0,0,0,0,0,0,0,0,0,0,0,0,0,0,0,0,0,0,0,0,0,0,0,0,0,26,51,50,76,65476,0,300,0,0,8,21553,0.0,-107605600.0,0.0,0.0,0.0,0.0,0.0,0.0,0.0,0.0,0.0,0.0,0.0,0.0,0.0,0.0,0.0,0.0,0.0,0.0,0.0,0.0,0.0,0.0,2.004,0.0,0.0,0.0,0.0,0.0,4717.0,-0.0,7317.0,-0.0,-107615392.0,0.0,2.7184312818759872e+23,0.0,0.0,0.0,0.0,77,-2.7184303811560617e+23,0.0,0.0,0.0,0.0,0.0,0.0,0.0,0.0,0,0,0,0.0,0.0,0.0,0.0,0.0,0.0,0.0,0.0,0.0,0.0,0.0,0.0,0.0,0.0,0.0,0.0,0,-107875648.0,77,0.0,154,0.0,0.0,ERR,ERR,ERR,ERR,ERR,ERR,ERR,ERR,ERR,ERR,ERR,ERR,ERR,ERR,ERR,ERR,ERR,ERR,ERR,ERR,ERR,ERR,ERR,ERR,ERR,ERR,ERR,ERR,ERR,ERR,ERR,ERR,ERR,ERR,ERR,ERR,ERR,ERR,ERR,ERR,ERR,ERR,ERR,ERR,ERR,ERR,ERR,ERR,ERR,ERR,ERR,ERR,ERR,ERR,ERR,ERR,ERR,ERR,ERR,ERR,ERR,ERR,ERR,ERR,ERR,ERR,ERR,34.0,80.0,35,0.0,0.0,0.0,0.0,0.0,0.0,0.0,0.0,0.0,0.0,0.0,0.0,0.0,0.0,0.0,0.0,66.4,0,121,58,54,65476,0,300,0,0,8,20529,65476,0,0,57672,80.0,0.0,0.0,0.0,0.0,0.0
2026-06-18T02:08:15,ERR,ERR,ERR,ERR,ERR,ERR,ERR,ERR,ERR,ERR,ERR,ERR,ERR,ERR,ERR,ERR,ERR,ERR,ERR,ERR,ERR,ERR,ERR,ERR,ERR,ERR,ERR,ERR,ERR,ERR,ERR,ERR,ERR,ERR,ERR,ERR,ERR,ERR,ERR,ERR,ERR,ERR,ERR,ERR,ERR,ERR,ERR,ERR,ERR,ERR,ERR,ERR,ERR,ERR,ERR,ERR,ERR,ERR,ERR,ERR,ERR,ERR,ERR,ERR,ERR,ERR,ERR,ERR,ERR,ERR,ERR,ERR,ERR,ERR,ERR,ERR,ERR,ERR,ERR,ERR,ERR,ERR,ERR,ERR,ERR,ERR,ERR,ERR,ERR,ERR,ERR,ERR,ERR,ERR,ERR,ERR,ERR,ERR,ERR,ERR,ERR,ERR,ERR,ERR,ERR,ERR,ERR,ERR,ERR,ERR,ERR,ERR,ERR,ERR,ERR,ERR,ERR,ERR,ERR,ERR,ERR,ERR,ERR,ERR,ERR,-0.0,-107615392.0,-134999232.0,0.0,0.0,1.3936040501711995e+18,7.805,5.082843243955664e+23,0,0,4,48848,6720,14723890282496.0,100,0.0,0.0,0.0,0.0,0.0,0,0,0,0,0.0,0,0,0,0,0,0,0,0,0,0,0,0,0,0,0,0,0,0,0,0,0,0,0,0,0,0,0,0,0,0,0,0,0,26,51,50,76,65476,0,300,0,0,8,21553,0.0,-107605600.0,0.0,0.0,0.0,0.0,0.0,0.0,0.0,0.0,0.0,0.0,0.0,0.0,0.0,0.0,0.0,0.0,0.0,0.0,0.0,0.0,0.0,0.0,2.004,0.0,0.0,0.0,0.0,0.0,4717.0,-0.0,7317.0,-0.0,-107615392.0,0.0,2.7184312818759872e+23,0.0,0.0,0.0,0.0,77,-2.7184303811560617e+23,0.0,0.0,0.0,0.0,0.0,0.0,0.0,0.0,0,0,0,0.0,0.0,0.0,0.0,0.0,0.0,0.0,0.0,0.0,0.0,0.0,0.0,0.0,0.0,0.0,0.0,0,-107875648.0,77,0.0,154,0.0,0.0,ERR,ERR,ERR,ERR,ERR,ERR,ERR,ERR,ERR,ERR,ERR,ERR,ERR,ERR,ERR,ERR,ERR,ERR,ERR,ERR,ERR,ERR,ERR,ERR,ERR,ERR,ERR,ERR,ERR,ERR,ERR,ERR,ERR,ERR,ERR,ERR,ERR,ERR,ERR,ERR,ERR,ERR,ERR,ERR,ERR,ERR,ERR,ERR,ERR,ERR,ERR,ERR,ERR,ERR,ERR,ERR,ERR,ERR,ERR,ERR,ERR,ERR,ERR,ERR,ERR,ERR,ERR,34.0,80.0,35,0.0,0.0,0.0,0.0,0.0,0.0,0.0,0.0,0.0,0.0,0.0,0.0,0.0,0.0,0.0,0.0,66.4,0,121,58,54,65476,0,300,0,0,8,20529,65476,0,0,57672,80.0,0.0,0.0,0.0,0.0,0.0
2026-06-18T02:08:16,ERR,ERR,ERR,ERR,ERR,ERR,ERR,ERR,ERR,ERR,ERR,ERR,ERR,ERR,ERR,ERR,ERR,ERR,ERR,ERR,ERR,ERR,ERR,ERR,ERR,ERR,ERR,ERR,ERR,ERR,ERR,ERR,ERR,ERR,ERR,ERR,ERR,ERR,ERR,ERR,ERR,ERR,ERR,ERR,ERR,ERR,ERR,ERR,ERR,ERR,ERR,ERR,ERR,ERR,ERR,ERR,ERR,ERR,ERR,ERR,ERR,ERR,ERR,ERR,ERR,ERR,ERR,ERR,ERR,ERR,ERR,ERR,ERR,ERR,ERR,ERR,ERR,ERR,ERR,ERR,ERR,ERR,ERR,ERR,ERR,ERR,ERR,ERR,ERR,ERR,ERR,ERR,ERR,ERR,ERR,ERR,ERR,ERR,ERR,ERR,ERR,ERR,ERR,ERR,ERR,ERR,ERR,ERR,ERR,ERR,ERR,ERR,ERR,ERR,ERR,ERR,ERR,ERR,ERR,ERR,ERR,ERR,ERR,ERR,ERR,-0.0,-107615392.0,-134999232.0,2.718290229135658e+23,0.0,1.3936040501711995e+18,7.805,2.2722174697351414e+18,0,0,4,48848,6720,14723890282496.0,100,0.0,0.0,0.0,0.0,0.0,0,0,0,0,0.0,0,0,0,0,0,0,0,0,0,0,0,0,0,0,0,0,0,0,0,0,0,0,0,0,0,0,0,0,0,0,0,0,0,26,51,50,76,65476,0,300,0,0,8,21553,0.0,-107605600.0,0.0,0.0,0.0,0.0,0.0,0.0,0.0,0.0,0.0,0.0,0.0,0.0,0.0,0.0,0.0,0.0,0.0,0.0,0.0,0.0,0.0,0.0,2.004,0.0,0.0,0.0,0.0,0.0,4712.0,-564145229398016.0,7323.0,-0.0,-107615392.0,0.0,2.7184312818759872e+23,0.0,0.0,0.0,0.0,77,-107615360.0,0.059,0.0,0.0,0.0,0.0,0.0,0.0,0.0,0,0,0,0.0,0.0,0.0,0.0,0.0,0.0,0.0,0.0,0.0,0.0,0.0,0.0,0.0,0.0,0.0,0.0,0,-107875648.0,77,0.0,154,0.0,0.0,ERR,ERR,ERR,ERR,ERR,ERR,ERR,ERR,ERR,ERR,ERR,ERR,ERR,ERR,ERR,ERR,ERR,ERR,ERR,ERR,ERR,ERR,ERR,ERR,ERR,ERR,ERR,ERR,ERR,ERR,ERR,ERR,ERR,ERR,ERR,ERR,ERR,ERR,ERR,ERR,ERR,ERR,ERR,ERR,ERR,ERR,ERR,ERR,ERR,ERR,ERR,ERR,ERR,ERR,ERR,ERR,ERR,ERR,ERR,ERR,ERR,ERR,ERR,ERR,ERR,ERR,ERR,34.0,80.0,35,0.0,0.0,0.0,0.0,0.0,0.0,0.0,0.0,0.0,0.0,0.0,0.0,0.0,0.0,0.0,0.0,66.4,0,121,58,54,65476,0,300,0,0,8,20529,65476,0,0,57672,80.0,0.0,0.0,0.0,0.0,0.0
2026-06-18T02:08:17,ERR,ERR,ERR,ERR,ERR,ERR,ERR,ERR,ERR,ERR,ERR,ERR,ERR,ERR,ERR,ERR,ERR,ERR,ERR,ERR,ERR,ERR,ERR,ERR,ERR,ERR,ERR,ERR,ERR,ERR,ERR,ERR,ERR,ERR,ERR,ERR,ERR,ERR,ERR,ERR,ERR,ERR,ERR,ERR,ERR,ERR,ERR,ERR,ERR,ERR,ERR,ERR,ERR,ERR,ERR,ERR,ERR,ERR,ERR,ERR,ERR,ERR,ERR,ERR,ERR,ERR,ERR,ERR,ERR,ERR,ERR,ERR,ERR,ERR,ERR,ERR,ERR,ERR,ERR,ERR,ERR,ERR,ERR,ERR,ERR,ERR,ERR,ERR,ERR,ERR,ERR,ERR,ERR,ERR,ERR,ERR,ERR,ERR,ERR,ERR,ERR,ERR,ERR,ERR,ERR,ERR,ERR,ERR,ERR,ERR,ERR,ERR,ERR,ERR,ERR,ERR,ERR,ERR,ERR,ERR,ERR,ERR,ERR,ERR,ERR,-0.0,-107615392.0,-134999232.0,2.718290229135658e+23,0.0,1.3936040501711995e+18,7.805,2.2722174697351414e+18,0,0,4,48848,6720,14723890282496.0,100,0.0,0.0,0.0,0.0,0.0,0,0,0,0,0.0,0,0,0,0,0,0,0,0,0,0,0,0,0,0,0,0,0,0,0,0,0,0,0,0,0,0,0,0,0,0,0,0,0,26,51,50,76,65476,0,300,0,0,8,21553,0.0,-107605600.0,0.0,0.0,0.0,0.0,0.0,0.0,0.0,0.0,0.0,0.0,0.0,0.0,0.0,0.0,0.0,0.0,0.0,0.0,0.0,0.0,0.0,0.0,2.004,0.0,0.0,0.0,0.0,0.0,4712.0,-564145229398016.0,7323.0,-0.0,-107615392.0,0.0,2.7184312818759872e+23,0.0,0.0,0.0,0.0,77,-107615360.0,0.059,0.0,0.0,0.0,0.0,0.0,0.0,0.0,0,0,0,0.0,0.0,0.0,0.0,0.0,0.0,0.0,0.0,0.0,0.0,0.0,0.0,0.0,0.0,0.0,0.0,0,-107875648.0,77,0.0,154,0.0,0.0,ERR,ERR,ERR,ERR,ERR,ERR,ERR,ERR,ERR,ERR,ERR,ERR,ERR,ERR,ERR,ERR,ERR,ERR,ERR,ERR,ERR,ERR,ERR,ERR,ERR,ERR,ERR,ERR,ERR,ERR,ERR,ERR,ERR,ERR,ERR,ERR,ERR,ERR,ERR,ERR,ERR,ERR,ERR,ERR,ERR,ERR,ERR,ERR,ERR,ERR,ERR,ERR,ERR,ERR,ERR,ERR,ERR,ERR,ERR,ERR,ERR,ERR,ERR,ERR,ERR,ERR,ERR,34.0,80.0,35,0.0,0.0,0.0,0.0,0.0,0.0,0.0,0.0,0.0,0.0,0.0,0.0,0.0,0.0,0.0,0.0,66.4,0,121,58,54,65476,0,300,0,0,8,20529,65476,0,0,57672,80.0,0.0,0.0,0.0,0.0,0.0
2026-06-18T02:08:18,ERR,ERR,ERR,ERR,ERR,ERR,ERR,ERR,ERR,ERR,ERR,ERR,ERR,ERR,ERR,ERR,ERR,ERR,ERR,ERR,ERR,ERR,ERR,ERR,ERR,ERR,ERR,ERR,ERR,ERR,ERR,ERR,ERR,ERR,ERR,ERR,ERR,ERR,ERR,ERR,ERR,ERR,ERR,ERR,ERR,ERR,ERR,ERR,ERR,ERR,ERR,ERR,ERR,ERR,ERR,ERR,ERR,ERR,ERR,ERR,ERR,ERR,ERR,ERR,ERR,ERR,ERR,ERR,ERR,ERR,ERR,ERR,ERR,ERR,ERR,ERR,ERR,ERR,ERR,ERR,ERR,ERR,ERR,ERR,ERR,ERR,ERR,ERR,ERR,ERR,ERR,ERR,ERR,ERR,ERR,ERR,ERR,ERR,ERR,ERR,ERR,ERR,ERR,ERR,ERR,ERR,ERR,ERR,ERR,ERR,ERR,ERR,ERR,ERR,ERR,ERR,ERR,ERR,ERR,ERR,ERR,ERR,ERR,ERR,ERR,-0.0,-107615392.0,-134999232.0,2.718290229135658e+23,0.0,1.3936040501711995e+18,7.805,2.2722174697351414e+18,0,0,4,48848,6720,14723890282496.0,100,0.0,0.0,0.0,0.0,0.0,0,0,0,0,0.0,0,0,0,0,0,0,0,0,0,0,0,0,0,0,0,0,0,0,0,0,0,0,0,0,0,0,0,0,0,0,0,0,0,26,51,50,76,65476,0,300,0,0,8,21553,0.0,-107605600.0,0.0,0.0,0.0,0.0,0.0,0.0,0.0,0.0,0.0,0.0,0.0,0.0,0.0,0.0,0.0,0.0,0.0,0.0,0.0,0.0,0.0,0.0,2.004,0.0,0.0,0.0,0.0,0.0,4712.0,-564145229398016.0,7323.0,-0.0,-107615392.0,0.0,2.7184312818759872e+23,0.0,0.0,0.0,0.0,77,-107615360.0,0.059,0.0,0.0,0.0,0.0,0.0,0.0,0.0,0,0,0,0.0,0.0,0.0,0.0,0.0,0.0,0.0,0.0,0.0,0.0,0.0,0.0,0.0,0.0,0.0,0.0,0,-107875648.0,77,0.0,154,0.0,0.0,ERR,ERR,ERR,ERR,ERR,ERR,ERR,ERR,ERR,ERR,ERR,ERR,ERR,ERR,ERR,ERR,ERR,ERR,ERR,ERR,ERR,ERR,ERR,ERR,ERR,ERR,ERR,ERR,ERR,ERR,ERR,ERR,ERR,ERR,ERR,ERR,ERR,ERR,ERR,ERR,ERR,ERR,ERR,ERR,ERR,ERR,ERR,ERR,ERR,ERR,ERR,ERR,ERR,ERR,ERR,ERR,ERR,ERR,ERR,ERR,ERR,ERR,ERR,ERR,ERR,ERR,ERR,34.0,80.0,35,0.0,0.0,0.0,0.0,0.0,0.0,0.0,0.0,0.0,0.0,0.0,0.0,0.0,0.0,0.0,0.0,66.0,0,121,58,54,65476,0,300,0,0,8,20529,65476,0,0,57672,80.0,0.0,0.0,0.0,0.0,0.0
2026-06-18T02:08:19,ERR,ERR,ERR,ERR,ERR,ERR,ERR,ERR,ERR,ERR,ERR,ERR,ERR,ERR,ERR,ERR,ERR,ERR,ERR,ERR,ERR,ERR,ERR,ERR,ERR,ERR,ERR,ERR,ERR,ERR,ERR,ERR,ERR,ERR,ERR,ERR,ERR,ERR,ERR,ERR,ERR,ERR,ERR,ERR,ERR,ERR,ERR,ERR,ERR,ERR,ERR,ERR,ERR,ERR,ERR,ERR,ERR,ERR,ERR,ERR,ERR,ERR,ERR,ERR,ERR,ERR,ERR,ERR,ERR,ERR,ERR,ERR,ERR,ERR,ERR,ERR,ERR,ERR,ERR,ERR,ERR,ERR,ERR,ERR,ERR,ERR,ERR,ERR,ERR,ERR,ERR,ERR,ERR,ERR,ERR,ERR,ERR,ERR,ERR,ERR,ERR,ERR,ERR,ERR,ERR,ERR,ERR,ERR,ERR,ERR,ERR,ERR,ERR,ERR,ERR,ERR,ERR,ERR,ERR,ERR,ERR,ERR,ERR,ERR,ERR,-0.0,-107615392.0,-134999232.0,2.718290229135658e+23,0.0,1.3936040501711995e+18,7.805,2.2722174697351414e+18,0,0,4,48848,6720,14723890282496.0,100,0.0,0.0,0.0,0.0,0.0,0,0,0,0,0.0,0,0,0,0,0,0,0,0,0,0,0,0,0,0,0,0,0,0,0,0,0,0,0,0,0,0,0,0,0,0,0,0,0,26,51,50,76,65476,0,300,0,0,8,21553,0.0,-107605600.0,0.0,0.0,0.0,0.0,0.0,0.0,0.0,0.0,0.0,0.0,0.0,0.0,0.0,0.0,0.0,0.0,0.0,0.0,0.0,0.0,0.0,0.0,2.004,0.0,0.0,0.0,0.0,0.0,4712.0,-564145229398016.0,7323.0,-0.0,-107615392.0,0.0,2.7184312818759872e+23,0.0,0.0,0.0,0.0,77,-107615360.0,0.059,0.0,0.0,0.0,0.0,0.0,0.0,0.0,0,0,0,0.0,0.0,0.0,0.0,0.0,0.0,0.0,0.0,0.0,0.0,0.0,0.0,0.0,0.0,0.0,0.0,0,-107875648.0,77,0.0,154,0.0,0.0,ERR,ERR,ERR,ERR,ERR,ERR,ERR,ERR,ERR,ERR,ERR,ERR,ERR,ERR,ERR,ERR,ERR,ERR,ERR,ERR,ERR,ERR,ERR,ERR,ERR,ERR,ERR,ERR,ERR,ERR,ERR,ERR,ERR,ERR,ERR,ERR,ERR,ERR,ERR,ERR,ERR,ERR,ERR,ERR,ERR,ERR,ERR,ERR,ERR,ERR,ERR,ERR,ERR,ERR,ERR,ERR,ERR,ERR,ERR,ERR,ERR,ERR,ERR,ERR,ERR,ERR,ERR,34.0,80.0,35,0.0,0.0,0.0,0.0,0.0,0.0,0.0,0.0,0.0,0.0,0.0,0.0,0.0,0.0,0.0,0.0,66.0,0,121,58,54,65476,0,300,0,0,8,20529,65476,0,0,57672,80.0,0.0,0.0,0.0,0.0,0.0
2026-06-18T02:08:20,ERR,ERR,ERR,ERR,ERR,ERR,ERR,ERR,ERR,ERR,ERR,ERR,ERR,ERR,ERR,ERR,ERR,ERR,ERR,ERR,ERR,ERR,ERR,ERR,ERR,ERR,ERR,ERR,ERR,ERR,ERR,ERR,ERR,ERR,ERR,ERR,ERR,ERR,ERR,ERR,ERR,ERR,ERR,ERR,ERR,ERR,ERR,ERR,ERR,ERR,ERR,ERR,ERR,ERR,ERR,ERR,ERR,ERR,ERR,ERR,ERR,ERR,ERR,ERR,ERR,ERR,ERR,ERR,ERR,ERR,ERR,ERR,ERR,ERR,ERR,ERR,ERR,ERR,ERR,ERR,ERR,ERR,ERR,ERR,ERR,ERR,ERR,ERR,ERR,ERR,ERR,ERR,ERR,ERR,ERR,ERR,ERR,ERR,ERR,ERR,ERR,ERR,ERR,ERR,ERR,ERR,ERR,ERR,ERR,ERR,ERR,ERR,ERR,ERR,ERR,ERR,ERR,ERR,ERR,ERR,ERR,ERR,ERR,ERR,ERR,-0.0,-107615392.0,-134999232.0,2.718290229135658e+23,0.0,1.3936040501711995e+18,7.805,2.2722174697351414e+18,0,0,4,48848,6720,14723890282496.0,100,0.0,0.0,0.0,0.0,0.0,0,0,0,0,0.0,0,0,0,0,0,0,0,0,0,0,0,0,0,0,0,0,0,0,0,0,0,0,0,0,0,0,0,0,0,0,0,0,0,26,51,50,76,65476,0,300,0,0,8,21553,0.0,-107605600.0,0.0,0.0,0.0,0.0,0.0,0.0,0.0,0.0,0.0,0.0,0.0,0.0,0.0,0.0,0.0,0.0,0.0,0.0,0.0,0.0,0.0,0.0,2.004,0.0,0.0,0.0,0.0,0.0,4712.0,-564145229398016.0,7323.0,-0.0,-107615392.0,0.0,2.7184312818759872e+23,0.0,0.0,0.0,0.0,77,-107615360.0,0.059,0.0,0.0,0.0,0.0,0.0,0.0,0.0,0,0,0,0.0,0.0,0.0,0.0,0.0,0.0,0.0,0.0,0.0,0.0,0.0,0.0,0.0,0.0,0.0,0.0,0,-107875648.0,77,0.0,154,0.0,0.0,ERR,ERR,ERR,ERR,ERR,ERR,ERR,ERR,ERR,ERR,ERR,ERR,ERR,ERR,ERR,ERR,ERR,ERR,ERR,ERR,ERR,ERR,ERR,ERR,ERR,ERR,ERR,ERR,ERR,ERR,ERR,ERR,ERR,ERR,ERR,ERR,ERR,ERR,ERR,ERR,ERR,ERR,ERR,ERR,ERR,ERR,ERR,ERR,ERR,ERR,ERR,ERR,ERR,ERR,ERR,ERR,ERR,ERR,ERR,ERR,ERR,ERR,ERR,ERR,ERR,ERR,ERR,34.0,80.0,35,0.0,0.0,0.0,0.0,0.0,0.0,0.0,0.0,0.0,0.0,0.0,0.0,0.0,0.0,0.0,0.0,66.0,0,121,58,54,65476,0,300,0,0,8,20529,65476,0,0,57672,80.0,0.0,0.0,0.0,0.0,0.0
2026-06-18T02:08:21,ERR,ERR,ERR,ERR,ERR,ERR,ERR,ERR,ERR,ERR,ERR,ERR,ERR,ERR,ERR,ERR,ERR,ERR,ERR,ERR,ERR,ERR,ERR,ERR,ERR,ERR,ERR,ERR,ERR,ERR,ERR,ERR,ERR,ERR,ERR,ERR,ERR,ERR,ERR,ERR,ERR,ERR,ERR,ERR,ERR,ERR,ERR,ERR,ERR,ERR,ERR,ERR,ERR,ERR,ERR,ERR,ERR,ERR,ERR,ERR,ERR,ERR,ERR,ERR,ERR,ERR,ERR,ERR,ERR,ERR,ERR,ERR,ERR,ERR,ERR,ERR,ERR,ERR,ERR,ERR,ERR,ERR,ERR,ERR,ERR,ERR,ERR,ERR,ERR,ERR,ERR,ERR,ERR,ERR,ERR,ERR,ERR,ERR,ERR,ERR,ERR,ERR,ERR,ERR,ERR,ERR,ERR,ERR,ERR,ERR,ERR,ERR,ERR,ERR,ERR,ERR,ERR,ERR,ERR,ERR,ERR,ERR,ERR,ERR,ERR,-0.0,-107615392.0,-134999232.0,-4.9501291711397626e+32,0.0,1.3936040501711995e+18,7.805,51974472.0,0,0,4,48852,6720,14723890282496.0,100,0.0,0.0,0.0,-0.0,0.0,0,0,0,0,0.0,0,0,0,0,0,0,0,0,0,0,0,0,0,0,0,0,0,0,0,0,0,0,0,0,0,0,0,0,0,0,0,0,0,26,51,50,76,65476,0,300,0,0,8,21553,0.0,-107605600.0,0.0,0.0,0.0,0.0,0.0,0.0,0.0,0.0,0.0,0.0,0.0,0.0,0.0,0.0,0.0,0.0,0.0,0.0,0.0,0.0,0.0,0.0,2.004,-2.004,0.0,0.0,0.0,0.0,4715.0,-0.0,7319.0,-0.0,-107615392.0,0.0,2.7184312818759872e+23,0.0,0.0,0.0,0.0,77,-1.905698292272988e+17,0.0,0.0,0.0,0.0,0.0,0.0,0.0,0.0,0,0,0,0.0,0.0,0.0,0.0,0.0,0.0,0.0,0.0,0.0,0.0,0.0,0.0,0.0,0.0,0.0,0.0,0,-107875648.0,77,0.0,154,0.0,0.0,ERR,ERR,ERR,ERR,ERR,ERR,ERR,ERR,ERR,ERR,ERR,ERR,ERR,ERR,ERR,ERR,ERR,ERR,ERR,ERR,ERR,ERR,ERR,ERR,ERR,ERR,ERR,ERR,ERR,ERR,ERR,ERR,ERR,ERR,ERR,ERR,ERR,ERR,ERR,ERR,ERR,ERR,ERR,ERR,ERR,ERR,ERR,ERR,ERR,ERR,ERR,ERR,ERR,ERR,ERR,ERR,ERR,ERR,ERR,ERR,ERR,ERR,ERR,ERR,ERR,ERR,ERR,34.0,80.0,35,0.0,0.0,0.0,0.0,0.0,0.0,0.0,0.0,0.0,0.0,0.0,0.0,0.0,0.0,0.0,0.0,66.0,0,121,58,54,65476,0,300,0,0,8,20529,65476,0,0,57672,80.0,0.0,0.0,0.0,0.0,0.0
2026-06-18T02:08:22,ERR,ERR,ERR,ERR,ERR,ERR,ERR,ERR,ERR,ERR,ERR,ERR,ERR,ERR,ERR,ERR,ERR,ERR,ERR,ERR,ERR,ERR,ERR,ERR,ERR,ERR,ERR,ERR,ERR,ERR,ERR,ERR,ERR,ERR,ERR,ERR,ERR,ERR,ERR,ERR,ERR,ERR,ERR,ERR,ERR,ERR,ERR,ERR,ERR,ERR,ERR,ERR,ERR,ERR,ERR,ERR,ERR,ERR,ERR,ERR,ERR,ERR,ERR,ERR,ERR,ERR,ERR,ERR,ERR,ERR,ERR,ERR,ERR,ERR,ERR,ERR,ERR,ERR,ERR,ERR,ERR,ERR,ERR,ERR,ERR,ERR,ERR,ERR,ERR,ERR,ERR,ERR,ERR,ERR,ERR,ERR,ERR,ERR,ERR,ERR,ERR,ERR,ERR,ERR,ERR,ERR,ERR,ERR,ERR,ERR,ERR,ERR,ERR,ERR,ERR,ERR,ERR,ERR,ERR,ERR,ERR,ERR,ERR,ERR,ERR,-0.0,-107615392.0,-134999232.0,-4.9501291711397626e+32,0.0,1.3936040501711995e+18,7.805,51974472.0,0,0,4,48852,6720,14723890282496.0,100,0.0,0.0,0.0,-0.0,0.0,0,0,0,0,0.0,0,0,0,0,0,0,0,0,0,0,0,0,0,0,0,0,0,0,0,0,0,0,0,0,0,0,0,0,0,0,0,0,0,26,51,50,76,65476,0,300,0,0,8,21553,0.0,-107605600.0,0.0,0.0,0.0,0.0,0.0,0.0,0.0,0.0,0.0,0.0,0.0,0.0,0.0,0.0,0.0,0.0,0.0,0.0,0.0,0.0,0.0,0.0,2.004,-2.004,0.0,0.0,0.0,0.0,4715.0,-0.0,7319.0,-0.0,-107615392.0,0.0,2.7184312818759872e+23,0.0,0.0,0.0,0.0,77,-1.905698292272988e+17,0.0,0.0,0.0,0.0,0.0,0.0,0.0,0.0,0,0,0,0.0,0.0,0.0,0.0,0.0,0.0,0.0,0.0,0.0,0.0,0.0,0.0,0.0,0.0,0.0,0.0,0,-107875648.0,77,0.0,154,0.0,0.0,ERR,ERR,ERR,ERR,ERR,ERR,ERR,ERR,ERR,ERR,ERR,ERR,ERR,ERR,ERR,ERR,ERR,ERR,ERR,ERR,ERR,ERR,ERR,ERR,ERR,ERR,ERR,ERR,ERR,ERR,ERR,ERR,ERR,ERR,ERR,ERR,ERR,ERR,ERR,ERR,ERR,ERR,ERR,ERR,ERR,ERR,ERR,ERR,ERR,ERR,ERR,ERR,ERR,ERR,ERR,ERR,ERR,ERR,ERR,ERR,ERR,ERR,ERR,ERR,ERR,ERR,ERR,34.0,80.0,35,0.0,0.0,0.0,0.0,0.0,0.0,0.0,0.0,0.0,0.0,0.0,0.0,0.0,0.0,0.0,0.0,66.0,0,121,58,54,65476,0,300,0,0,8,20529,65476,0,0,57672,80.0,0.0,0.0,0.0,0.0,0.0
2026-06-18T02:08:23,ERR,ERR,ERR,ERR,ERR,ERR,ERR,ERR,ERR,ERR,ERR,ERR,ERR,ERR,ERR,ERR,ERR,ERR,ERR,ERR,ERR,ERR,ERR,ERR,ERR,ERR,ERR,ERR,ERR,ERR,ERR,ERR,ERR,ERR,ERR,ERR,ERR,ERR,ERR,ERR,ERR,ERR,ERR,ERR,ERR,ERR,ERR,ERR,ERR,ERR,ERR,ERR,ERR,ERR,ERR,ERR,ERR,ERR,ERR,ERR,ERR,ERR,ERR,ERR,ERR,ERR,ERR,ERR,ERR,ERR,ERR,ERR,ERR,ERR,ERR,ERR,ERR,ERR,ERR,ERR,ERR,ERR,ERR,ERR,ERR,ERR,ERR,ERR,ERR,ERR,ERR,ERR,ERR,ERR,ERR,ERR,ERR,ERR,ERR,ERR,ERR,ERR,ERR,ERR,ERR,ERR,ERR,ERR,ERR,ERR,ERR,ERR,ERR,ERR,ERR,ERR,ERR,ERR,ERR,ERR,ERR,ERR,ERR,ERR,ERR,-0.0,-107615392.0,-134999232.0,-4.9501291711397626e+32,0.0,1.3936040501711995e+18,7.805,51974472.0,0,0,4,48852,6720,14723890282496.0,100,0.0,0.0,0.0,-0.0,0.0,0,0,0,0,0.0,0,0,0,0,0,0,0,0,0,0,0,0,0,0,0,0,0,0,0,0,0,0,0,0,0,0,0,0,0,0,0,0,0,26,51,50,76,65476,0,300,0,0,8,21553,0.0,-107605600.0,0.0,0.0,0.0,0.0,0.0,0.0,0.0,0.0,0.0,0.0,0.0,0.0,0.0,0.0,0.0,0.0,0.0,0.0,0.0,0.0,0.0,0.0,2.004,-2.004,0.0,0.0,0.0,0.0,4715.0,-0.0,7319.0,-0.0,-107615392.0,0.0,2.7184312818759872e+23,0.0,0.0,0.0,0.0,77,-1.905698292272988e+17,0.0,0.0,0.0,0.0,0.0,0.0,0.0,0.0,0,0,0,0.0,0.0,0.0,0.0,0.0,0.0,0.0,0.0,0.0,0.0,0.0,0.0,0.0,0.0,0.0,0.0,0,-107875648.0,77,0.0,154,0.0,0.0,ERR,ERR,ERR,ERR,ERR,ERR,ERR,ERR,ERR,ERR,ERR,ERR,ERR,ERR,ERR,ERR,ERR,ERR,ERR,ERR,ERR,ERR,ERR,ERR,ERR,ERR,ERR,ERR,ERR,ERR,ERR,ERR,ERR,ERR,ERR,ERR,ERR,ERR,ERR,ERR,ERR,ERR,ERR,ERR,ERR,ERR,ERR,ERR,ERR,ERR,ERR,ERR,ERR,ERR,ERR,ERR,ERR,ERR,ERR,ERR,ERR,ERR,ERR,ERR,ERR,ERR,ERR,34.0,80.0,35,0.0,0.0,0.0,0.0,0.0,0.0,0.0,0.0,0.0,0.0,0.0,0.0,0.0,0.0,0.0,0.0,66.0,0,121,58,54,65476,0,300,0,0,8,20529,65476,0,0,57672,80.0,0.0,0.0,0.0,0.0,0.0
2026-06-18T02:08:24,ERR,ERR,ERR,ERR,ERR,ERR,ERR,ERR,ERR,ERR,ERR,ERR,ERR,ERR,ERR,ERR,ERR,ERR,ERR,ERR,ERR,ERR,ERR,ERR,ERR,ERR,ERR,ERR,ERR,ERR,ERR,ERR,ERR,ERR,ERR,ERR,ERR,ERR,ERR,ERR,ERR,ERR,ERR,ERR,ERR,ERR,ERR,ERR,ERR,ERR,ERR,ERR,ERR,ERR,ERR,ERR,ERR,ERR,ERR,ERR,ERR,ERR,ERR,ERR,ERR,ERR,ERR,ERR,ERR,ERR,ERR,ERR,ERR,ERR,ERR,ERR,ERR,ERR,ERR,ERR,ERR,ERR,ERR,ERR,ERR,ERR,ERR,ERR,ERR,ERR,ERR,ERR,ERR,ERR,ERR,ERR,ERR,ERR,ERR,ERR,ERR,ERR,ERR,ERR,ERR,ERR,ERR,ERR,ERR,ERR,ERR,ERR,ERR,ERR,ERR,ERR,ERR,ERR,ERR,ERR,ERR,ERR,ERR,ERR,ERR,-0.0,-107615392.0,-134999232.0,-4.9501291711397626e+32,0.0,1.3936040501711995e+18,7.805,51974472.0,0,0,4,48852,6720,14723890282496.0,100,0.0,0.0,0.0,-0.0,0.0,0,0,0,0,0.0,0,0,0,0,0,0,0,0,0,0,0,0,0,0,0,0,0,0,0,0,0,0,0,0,0,0,0,0,0,0,0,0,0,26,51,50,76,65476,0,300,0,0,8,21553,0.0,-107605600.0,0.0,0.0,0.0,0.0,0.0,0.0,0.0,0.0,0.0,0.0,0.0,0.0,0.0,0.0,0.0,0.0,0.0,0.0,0.0,0.0,0.0,0.0,2.004,-2.004,0.0,0.0,0.0,0.0,4715.0,-0.0,7319.0,-0.0,-107615392.0,0.0,2.7184312818759872e+23,0.0,0.0,0.0,0.0,77,-1.905698292272988e+17,0.0,0.0,0.0,0.0,0.0,0.0,0.0,0.0,0,0,0,0.0,0.0,0.0,0.0,0.0,0.0,0.0,0.0,0.0,0.0,0.0,0.0,0.0,0.0,0.0,0.0,0,-107875648.0,77,0.0,154,0.0,0.0,ERR,ERR,ERR,ERR,ERR,ERR,ERR,ERR,ERR,ERR,ERR,ERR,ERR,ERR,ERR,ERR,ERR,ERR,ERR,ERR,ERR,ERR,ERR,ERR,ERR,ERR,ERR,ERR,ERR,ERR,ERR,ERR,ERR,ERR,ERR,ERR,ERR,ERR,ERR,ERR,ERR,ERR,ERR,ERR,ERR,ERR,ERR,ERR,ERR,ERR,ERR,ERR,ERR,ERR,ERR,ERR,ERR,ERR,ERR,ERR,ERR,ERR,ERR,ERR,ERR,ERR,ERR,34.0,80.0,35,0.0,0.0,0.0,0.0,0.0,0.0,0.0,0.0,0.0,0.0,0.0,0.0,0.0,0.0,0.0,0.0,66.0,0,121,58,54,65476,0,300,0,0,8,20529,65476,0,0,57672,80.0,0.0,0.0,0.0,0.0,0.0
2026-06-18T02:08:25,ERR,ERR,ERR,ERR,ERR,ERR,ERR,ERR,ERR,ERR,ERR,ERR,ERR,ERR,ERR,ERR,ERR,ERR,ERR,ERR,ERR,ERR,ERR,ERR,ERR,ERR,ERR,ERR,ERR,ERR,ERR,ERR,ERR,ERR,ERR,ERR,ERR,ERR,ERR,ERR,ERR,ERR,ERR,ERR,ERR,ERR,ERR,ERR,ERR,ERR,ERR,ERR,ERR,ERR,ERR,ERR,ERR,ERR,ERR,ERR,ERR,ERR,ERR,ERR,ERR,ERR,ERR,ERR,ERR,ERR,ERR,ERR,ERR,ERR,ERR,ERR,ERR,ERR,ERR,ERR,ERR,ERR,ERR,ERR,ERR,ERR,ERR,ERR,ERR,ERR,ERR,ERR,ERR,ERR,ERR,ERR,ERR,ERR,ERR,ERR,ERR,ERR,ERR,ERR,ERR,ERR,ERR,ERR,ERR,ERR,ERR,ERR,ERR,ERR,ERR,ERR,ERR,ERR,ERR,ERR,ERR,ERR,ERR,ERR,ERR,-0.0,-107615392.0,-134999232.0,-4.9501291711397626e+32,0.0,1.3936040501711995e+18,7.805,51974472.0,0,0,4,48852,6720,14723890282496.0,100,0.0,0.0,0.0,-0.0,0.0,0,0,0,0,0.0,0,0,0,0,0,0,0,0,0,0,0,0,0,0,0,0,0,0,0,0,0,0,0,0,0,0,0,0,0,0,0,0,0,26,51,50,76,65476,0,300,0,0,8,21553,0.0,-107605600.0,0.0,0.0,0.0,0.0,0.0,0.0,0.0,0.0,0.0,0.0,0.0,0.0,0.0,0.0,0.0,0.0,0.0,0.0,0.0,0.0,0.0,0.0,2.004,-2.004,0.0,0.0,0.0,0.0,4715.0,-0.0,7319.0,-0.0,-107615392.0,0.0,2.7184312818759872e+23,0.0,0.0,0.0,0.0,77,-1.905698292272988e+17,0.0,0.0,0.0,0.0,0.0,0.0,0.0,0.0,0,0,0,0.0,0.0,0.0,0.0,0.0,0.0,0.0,0.0,0.0,0.0,0.0,0.0,0.0,0.0,0.0,0.0,0,-107875648.0,77,0.0,154,0.0,0.0,ERR,ERR,ERR,ERR,ERR,ERR,ERR,ERR,ERR,ERR,ERR,ERR,ERR,ERR,ERR,ERR,ERR,ERR,ERR,ERR,ERR,ERR,ERR,ERR,ERR,ERR,ERR,ERR,ERR,ERR,ERR,ERR,ERR,ERR,ERR,ERR,ERR,ERR,ERR,ERR,ERR,ERR,ERR,ERR,ERR,ERR,ERR,ERR,ERR,ERR,ERR,ERR,ERR,ERR,ERR,ERR,ERR,ERR,ERR,ERR,ERR,ERR,ERR,ERR,ERR,ERR,ERR,34.0,80.0,35,0.0,0.0,0.0,0.0,0.0,0.0,0.0,0.0,0.0,0.0,0.0,0.0,0.0,0.0,0.0,0.0,66.0,0,121,58,54,65476,0,300,0,0,8,20529,65476,0,0,57672,80.0,0.0,0.0,0.0,0.0,0.0
2026-06-18T02:08:26,ERR,ERR,ERR,ERR,ERR,ERR,ERR,ERR,ERR,ERR,ERR,ERR,ERR,ERR,ERR,ERR,ERR,ERR,ERR,ERR,ERR,ERR,ERR,ERR,ERR,ERR,ERR,ERR,ERR,ERR,ERR,ERR,ERR,ERR,ERR,ERR,ERR,ERR,ERR,ERR,ERR,ERR,ERR,ERR,ERR,ERR,ERR,ERR,ERR,ERR,ERR,ERR,ERR,ERR,ERR,ERR,ERR,ERR,ERR,ERR,ERR,ERR,ERR,ERR,ERR,ERR,ERR,ERR,ERR,ERR,ERR,ERR,ERR,ERR,ERR,ERR,ERR,ERR,ERR,ERR,ERR,ERR,ERR,ERR,ERR,ERR,ERR,ERR,ERR,ERR,ERR,ERR,ERR,ERR,ERR,ERR,ERR,ERR,ERR,ERR,ERR,ERR,ERR,ERR,ERR,ERR,ERR,ERR,ERR,ERR,ERR,ERR,ERR,ERR,ERR,ERR,ERR,ERR,ERR,ERR,ERR,ERR,ERR,ERR,ERR,-107615400.0,-107615392.0,0.0,-0.0,2.012,1.3936040501711995e+18,7.805,-1.8245132555090963e+22,0,0,4,48855,6720,14723890282496.0,100,0.0,0.0,0.0,2.718290229135658e+23,0.0,0,0,0,0,0.0,0,0,0,0,0,0,0,0,0,0,0,0,0,0,0,0,0,0,0,0,0,0,0,0,0,0,0,0,0,0,0,0,0,26,51,50,76,65476,0,300,0,0,8,21553,0.0,-107605600.0,0.0,0.0,0.0,0.0,0.0,0.0,0.0,0.0,0.0,0.0,0.0,0.0,0.0,0.0,0.0,0.0,0.0,0.0,0.0,0.0,0.0,0.0,2.004,-2.004,0.0,0.0,0.0,0.0,4716.0,-1.5879276530623424e+29,7326.0,-107615400.0,-107615392.0,0.0,2.7184312818759872e+23,0.0,0.0,0.0,0.0,77,-2.3088407177156624e+20,1.9056840329815654e+17,0.0,0.0,0.0,0.0,0.0,0.0,0.0,0,0,0,0.0,0.0,0.0,0.0,0.0,0.0,0.0,0.0,0.0,0.0,0.0,0.0,0.0,0.0,0.0,0.0,0,-107875648.0,77,0.0,154,0.0,0.0,ERR,ERR,ERR,ERR,ERR,ERR,ERR,ERR,ERR,ERR,ERR,ERR,ERR,ERR,ERR,ERR,ERR,ERR,ERR,ERR,ERR,ERR,ERR,ERR,ERR,ERR,ERR,ERR,ERR,ERR,ERR,ERR,ERR,ERR,ERR,ERR,ERR,ERR,ERR,ERR,ERR,ERR,ERR,ERR,ERR,ERR,ERR,ERR,ERR,ERR,ERR,ERR,ERR,ERR,ERR,ERR,ERR,ERR,ERR,ERR,ERR,ERR,ERR,ERR,ERR,ERR,ERR,34.0,80.0,35,0.0,0.0,0.0,0.0,0.0,0.0,0.0,0.0,0.0,0.0,0.0,0.0,0.0,0.0,0.0,0.0,66.0,0,121,58,54,65476,0,300,0,0,8,20529,65476,0,0,57672,80.0,0.0,0.0,0.0,0.0,0.0
2026-06-18T02:08:27,ERR,ERR,ERR,ERR,ERR,ERR,ERR,ERR,ERR,ERR,ERR,ERR,ERR,ERR,ERR,ERR,ERR,ERR,ERR,ERR,ERR,ERR,ERR,ERR,ERR,ERR,ERR,ERR,ERR,ERR,ERR,ERR,ERR,ERR,ERR,ERR,ERR,ERR,ERR,ERR,ERR,ERR,ERR,ERR,ERR,ERR,ERR,ERR,ERR,ERR,ERR,ERR,ERR,ERR,ERR,ERR,ERR,ERR,ERR,ERR,ERR,ERR,ERR,ERR,ERR,ERR,ERR,ERR,ERR,ERR,ERR,ERR,ERR,ERR,ERR,ERR,ERR,ERR,ERR,ERR,ERR,ERR,ERR,ERR,ERR,ERR,ERR,ERR,ERR,ERR,ERR,ERR,ERR,ERR,ERR,ERR,ERR,ERR,ERR,ERR,ERR,ERR,ERR,ERR,ERR,ERR,ERR,ERR,ERR,ERR,ERR,ERR,ERR,ERR,ERR,ERR,ERR,ERR,ERR,ERR,ERR,ERR,ERR,ERR,ERR,-107615400.0,-107615392.0,0.0,-0.0,2.012,1.3936040501711995e+18,7.805,-1.8245132555090963e+22,0,0,4,48855,6720,14723890282496.0,100,0.0,0.0,0.0,2.718290229135658e+23,0.0,0,0,0,0,0.0,0,0,0,0,0,0,0,0,0,0,0,0,0,0,0,0,0,0,0,0,0,0,0,0,0,0,0,0,0,0,0,0,0,26,51,50,76,65476,0,300,0,0,8,21553,0.0,-107605600.0,0.0,0.0,0.0,0.0,0.0,0.0,0.0,0.0,0.0,0.0,0.0,0.0,0.0,0.0,0.0,0.0,0.0,0.0,0.0,0.0,0.0,0.0,2.004,-2.004,0.0,0.0,0.0,0.0,4716.0,-1.5879276530623424e+29,7326.0,-107615400.0,-107615392.0,0.0,2.7184312818759872e+23,0.0,0.0,0.0,0.0,77,-2.3088407177156624e+20,1.9056840329815654e+17,0.0,0.0,0.0,0.0,0.0,0.0,0.0,0,0,0,0.0,0.0,0.0,0.0,0.0,0.0,0.0,0.0,0.0,0.0,0.0,0.0,0.0,0.0,0.0,0.0,0,-107875648.0,77,0.0,154,0.0,0.0,ERR,ERR,ERR,ERR,ERR,ERR,ERR,ERR,ERR,ERR,ERR,ERR,ERR,ERR,ERR,ERR,ERR,ERR,ERR,ERR,ERR,ERR,ERR,ERR,ERR,ERR,ERR,ERR,ERR,ERR,ERR,ERR,ERR,ERR,ERR,ERR,ERR,ERR,ERR,ERR,ERR,ERR,ERR,ERR,ERR,ERR,ERR,ERR,ERR,ERR,ERR,ERR,ERR,ERR,ERR,ERR,ERR,ERR,ERR,ERR,ERR,ERR,ERR,ERR,ERR,ERR,ERR,34.0,80.0,35,0.0,0.0,0.0,0.0,0.0,0.0,0.0,0.0,0.0,0.0,0.0,0.0,0.0,0.0,0.0,0.0,66.0,0,121,58,54,65476,0,300,0,0,8,20529,65476,0,0,57672,80.0,0.0,0.0,0.0,0.0,0.0
2026-06-18T02:08:28,ERR,ERR,ERR,ERR,ERR,ERR,ERR,ERR,ERR,ERR,ERR,ERR,ERR,ERR,ERR,ERR,ERR,ERR,ERR,ERR,ERR,ERR,ERR,ERR,ERR,ERR,ERR,ERR,ERR,ERR,ERR,ERR,ERR,ERR,ERR,ERR,ERR,ERR,ERR,ERR,ERR,ERR,ERR,ERR,ERR,ERR,ERR,ERR,ERR,ERR,ERR,ERR,ERR,ERR,ERR,ERR,ERR,ERR,ERR,ERR,ERR,ERR,ERR,ERR,ERR,ERR,ERR,ERR,ERR,ERR,ERR,ERR,ERR,ERR,ERR,ERR,ERR,ERR,ERR,ERR,ERR,ERR,ERR,ERR,ERR,ERR,ERR,ERR,ERR,ERR,ERR,ERR,ERR,ERR,ERR,ERR,ERR,ERR,ERR,ERR,ERR,ERR,ERR,ERR,ERR,ERR,ERR,ERR,ERR,ERR,ERR,ERR,ERR,ERR,ERR,ERR,ERR,ERR,ERR,ERR,ERR,ERR,ERR,ERR,ERR,-107615400.0,-107615392.0,0.0,-0.0,2.012,1.3936040501711995e+18,7.805,-1.8245132555090963e+22,0,0,4,48855,6720,14723890282496.0,100,0.0,0.0,0.0,2.718290229135658e+23,0.0,0,0,0,0,0.0,0,0,0,0,0,0,0,0,0,0,0,0,0,0,0,0,0,0,0,0,0,0,0,0,0,0,0,0,0,0,0,0,0,26,51,50,76,65476,0,300,0,0,8,21553,0.0,-107605600.0,0.0,0.0,0.0,0.0,0.0,0.0,0.0,0.0,0.0,0.0,0.0,0.0,0.0,0.0,0.0,0.0,0.0,0.0,0.0,0.0,0.0,0.0,2.004,-2.004,0.0,0.0,0.0,0.0,4716.0,-1.5879276530623424e+29,7326.0,-107615400.0,-107615392.0,0.0,2.7184312818759872e+23,0.0,0.0,0.0,0.0,77,-2.3088407177156624e+20,1.9056840329815654e+17,0.0,0.0,0.0,0.0,0.0,0.0,0.0,0,0,0,0.0,0.0,0.0,0.0,0.0,0.0,0.0,0.0,0.0,0.0,0.0,0.0,0.0,0.0,0.0,0.0,0,-107875648.0,77,0.0,154,0.0,0.0,ERR,ERR,ERR,ERR,ERR,ERR,ERR,ERR,ERR,ERR,ERR,ERR,ERR,ERR,ERR,ERR,ERR,ERR,ERR,ERR,ERR,ERR,ERR,ERR,ERR,ERR,ERR,ERR,ERR,ERR,ERR,ERR,ERR,ERR,ERR,ERR,ERR,ERR,ERR,ERR,ERR,ERR,ERR,ERR,ERR,ERR,ERR,ERR,ERR,ERR,ERR,ERR,ERR,ERR,ERR,ERR,ERR,ERR,ERR,ERR,ERR,ERR,ERR,ERR,ERR,ERR,ERR,34.0,80.0,35,0.0,0.0,0.0,0.0,0.0,0.0,0.0,0.0,0.0,0.0,0.0,0.0,0.0,0.0,0.0,0.0,66.0,0,121,58,54,65476,0,300,0,0,8,20529,65476,0,0,57672,80.0,0.0,0.0,0.0,0.0,0.0
2026-06-18T02:08:29,ERR,ERR,ERR,ERR,ERR,ERR,ERR,ERR,ERR,ERR,ERR,ERR,ERR,ERR,ERR,ERR,ERR,ERR,ERR,ERR,ERR,ERR,ERR,ERR,ERR,ERR,ERR,ERR,ERR,ERR,ERR,ERR,ERR,ERR,ERR,ERR,ERR,ERR,ERR,ERR,ERR,ERR,ERR,ERR,ERR,ERR,ERR,ERR,ERR,ERR,ERR,ERR,ERR,ERR,ERR,ERR,ERR,ERR,ERR,ERR,ERR,ERR,ERR,ERR,ERR,ERR,ERR,ERR,ERR,ERR,ERR,ERR,ERR,ERR,ERR,ERR,ERR,ERR,ERR,ERR,ERR,ERR,ERR,ERR,ERR,ERR,ERR,ERR,ERR,ERR,ERR,ERR,ERR,ERR,ERR,ERR,ERR,ERR,ERR,ERR,ERR,ERR,ERR,ERR,ERR,ERR,ERR,ERR,ERR,ERR,ERR,ERR,ERR,ERR,ERR,ERR,ERR,ERR,ERR,ERR,ERR,ERR,ERR,ERR,ERR,-107615400.0,-107615392.0,0.0,-0.0,2.012,1.3936040501711995e+18,7.805,-1.8245132555090963e+22,0,0,4,48855,6720,14723890282496.0,100,0.0,0.0,0.0,2.718290229135658e+23,0.0,0,0,0,0,0.0,0,0,0,0,0,0,0,0,0,0,0,0,0,0,0,0,0,0,0,0,0,0,0,0,0,0,0,0,0,0,0,0,0,26,51,50,76,65476,0,300,0,0,8,21553,0.0,-107605600.0,0.0,0.0,0.0,0.0,0.0,0.0,0.0,0.0,0.0,0.0,0.0,0.0,0.0,0.0,0.0,0.0,0.0,0.0,0.0,0.0,0.0,0.0,2.004,-2.004,0.0,0.0,0.0,0.0,4716.0,-1.5879276530623424e+29,7326.0,-107615400.0,-107615392.0,0.0,2.7184312818759872e+23,0.0,0.0,0.0,0.0,77,-2.3088407177156624e+20,1.9056840329815654e+17,0.0,0.0,0.0,0.0,0.0,0.0,0.0,0,0,0,0.0,0.0,0.0,0.0,0.0,0.0,0.0,0.0,0.0,0.0,0.0,0.0,0.0,0.0,0.0,0.0,0,-107875648.0,77,0.0,154,0.0,0.0,ERR,ERR,ERR,ERR,ERR,ERR,ERR,ERR,ERR,ERR,ERR,ERR,ERR,ERR,ERR,ERR,ERR,ERR,ERR,ERR,ERR,ERR,ERR,ERR,ERR,ERR,ERR,ERR,ERR,ERR,ERR,ERR,ERR,ERR,ERR,ERR,ERR,ERR,ERR,ERR,ERR,ERR,ERR,ERR,ERR,ERR,ERR,ERR,ERR,ERR,ERR,ERR,ERR,ERR,ERR,ERR,ERR,ERR,ERR,ERR,ERR,ERR,ERR,ERR,ERR,ERR,ERR,34.0,80.0,35,0.0,0.0,0.0,0.0,0.0,0.0,0.0,0.0,0.0,0.0,0.0,0.0,0.0,0.0,0.0,0.0,66.0,0,121,58,54,65476,0,300,0,0,8,20529,65476,0,0,57672,80.0,0.0,0.0,0.0,0.0,0.0
2026-06-18T02:08:30,ERR,ERR,ERR,ERR,ERR,ERR,ERR,ERR,ERR,ERR,ERR,ERR,ERR,ERR,ERR,ERR,ERR,ERR,ERR,ERR,ERR,ERR,ERR,ERR,ERR,ERR,ERR,ERR,ERR,ERR,ERR,ERR,ERR,ERR,ERR,ERR,ERR,ERR,ERR,ERR,ERR,ERR,ERR,ERR,ERR,ERR,ERR,ERR,ERR,ERR,ERR,ERR,ERR,ERR,ERR,ERR,ERR,ERR,ERR,ERR,ERR,ERR,ERR,ERR,ERR,ERR,ERR,ERR,ERR,ERR,ERR,ERR,ERR,ERR,ERR,ERR,ERR,ERR,ERR,ERR,ERR,ERR,ERR,ERR,ERR,ERR,ERR,ERR,ERR,ERR,ERR,ERR,ERR,ERR,ERR,ERR,ERR,ERR,ERR,ERR,ERR,ERR,ERR,ERR,ERR,ERR,ERR,ERR,ERR,ERR,ERR,ERR,ERR,ERR,ERR,ERR,ERR,ERR,ERR,ERR,ERR,ERR,ERR,ERR,ERR,-107615400.0,-107615392.0,0.0,-0.0,2.012,1.3936040501711995e+18,7.805,-1.8245132555090963e+22,0,0,4,48855,6720,14723890282496.0,100,0.0,0.0,0.0,2.718290229135658e+23,0.0,0,0,0,0,0.0,0,0,0,0,0,0,0,0,0,0,0,0,0,0,0,0,0,0,0,0,0,0,0,0,0,0,0,0,0,0,0,0,0,26,51,50,76,65476,0,300,0,0,8,21553,0.0,-107605600.0,0.0,0.0,0.0,0.0,0.0,0.0,0.0,0.0,0.0,0.0,0.0,0.0,0.0,0.0,0.0,0.0,0.0,0.0,0.0,0.0,0.0,0.0,2.004,-2.004,0.0,0.0,0.0,0.0,4716.0,-1.5879276530623424e+29,7326.0,-107615400.0,-107615392.0,0.0,2.7184312818759872e+23,0.0,0.0,0.0,0.0,77,-2.3088407177156624e+20,1.9056840329815654e+17,0.0,0.0,0.0,0.0,0.0,0.0,0.0,0,0,0,0.0,0.0,0.0,0.0,0.0,0.0,0.0,0.0,0.0,0.0,0.0,0.0,0.0,0.0,0.0,0.0,0,-107875648.0,77,0.0,154,0.0,0.0,ERR,ERR,ERR,ERR,ERR,ERR,ERR,ERR,ERR,ERR,ERR,ERR,ERR,ERR,ERR,ERR,ERR,ERR,ERR,ERR,ERR,ERR,ERR,ERR,ERR,ERR,ERR,ERR,ERR,ERR,ERR,ERR,ERR,ERR,ERR,ERR,ERR,ERR,ERR,ERR,ERR,ERR,ERR,ERR,ERR,ERR,ERR,ERR,ERR,ERR,ERR,ERR,ERR,ERR,ERR,ERR,ERR,ERR,ERR,ERR,ERR,ERR,ERR,ERR,ERR,ERR,ERR,34.0,80.0,35,0.0,0.0,0.0,0.0,0.0,0.0,0.0,0.0,0.0,0.0,0.0,0.0,0.0,0.0,0.0,0.0,66.0,0,121,58,54,65476,0,300,0,0,8,20529,65476,0,0,57672,80.0,0.0,0.0,0.0,0.0,0.0
2026-06-18T02:08:31,ERR,ERR,ERR,ERR,ERR,ERR,ERR,ERR,ERR,ERR,ERR,ERR,ERR,ERR,ERR,ERR,ERR,ERR,ERR,ERR,ERR,ERR,ERR,ERR,ERR,ERR,ERR,ERR,ERR,ERR,ERR,ERR,ERR,ERR,ERR,ERR,ERR,ERR,ERR,ERR,ERR,ERR,ERR,ERR,ERR,ERR,ERR,ERR,ERR,ERR,ERR,ERR,ERR,ERR,ERR,ERR,ERR,ERR,ERR,ERR,ERR,ERR,ERR,ERR,ERR,ERR,ERR,ERR,ERR,ERR,ERR,ERR,ERR,ERR,ERR,ERR,ERR,ERR,ERR,ERR,ERR,ERR,ERR,ERR,ERR,ERR,ERR,ERR,ERR,ERR,ERR,ERR,ERR,ERR,ERR,ERR,ERR,ERR,ERR,ERR,ERR,ERR,ERR,ERR,ERR,ERR,ERR,ERR,ERR,ERR,ERR,ERR,ERR,ERR,ERR,ERR,ERR,ERR,ERR,ERR,ERR,ERR,ERR,ERR,ERR,-0.0,-107615392.0,-134999232.0,-152005385388032.0,0.0,1.3936040501711995e+18,7.805,1.1096074633774859e+29,0,0,4,48861,6720,14723890282496.0,100,0.0,0.0,0.0,-152005385388032.0,0.0,0,0,0,0,0.0,0,0,0,0,0,0,0,0,0,0,0,0,0,0,0,0,0,0,0,0,0,0,0,0,0,0,0,0,0,0,0,0,0,26,51,50,76,65476,0,300,0,0,8,21553,0.0,-107605600.0,0.0,0.0,0.0,0.0,0.0,0.0,0.0,0.0,0.0,0.0,0.0,0.0,0.0,0.0,0.0,0.0,0.0,0.0,0.0,0.0,0.0,0.0,2.004,-2.004,0.0,0.0,0.0,0.0,4716.0,-1.0406642667109367e+34,7327.0,-107615400.0,-107615392.0,0.0,2.7184312818759872e+23,0.0,0.0,0.0,0.0,77,-2.3088407177156624e+20,2.718415429205299e+23,0.0,0.0,0.0,0.0,0.0,0.0,0.0,0,0,0,0.0,0.0,0.0,0.0,0.0,0.0,0.0,0.0,0.0,0.0,0.0,0.0,0.0,0.0,0.0,0.0,0,-107875648.0,77,0.0,154,0.0,0.0,ERR,ERR,ERR,ERR,ERR,ERR,ERR,ERR,ERR,ERR,ERR,ERR,ERR,ERR,ERR,ERR,ERR,ERR,ERR,ERR,ERR,ERR,ERR,ERR,ERR,ERR,ERR,ERR,ERR,ERR,ERR,ERR,ERR,ERR,ERR,ERR,ERR,ERR,ERR,ERR,ERR,ERR,ERR,ERR,ERR,ERR,ERR,ERR,ERR,ERR,ERR,ERR,ERR,ERR,ERR,ERR,ERR,ERR,ERR,ERR,ERR,ERR,ERR,ERR,ERR,ERR,ERR,34.0,80.0,35,0.0,0.0,0.0,0.0,0.0,0.0,0.0,0.0,0.0,0.0,0.0,0.0,0.0,0.0,0.0,0.0,66.0,0,121,58,54,65476,0,300,0,0,8,20529,65476,0,0,57672,80.0,0.0,0.0,0.0,0.0,0.0
2026-06-18T02:08:32,ERR,ERR,ERR,ERR,ERR,ERR,ERR,ERR,ERR,ERR,ERR,ERR,ERR,ERR,ERR,ERR,ERR,ERR,ERR,ERR,ERR,ERR,ERR,ERR,ERR,ERR,ERR,ERR,ERR,ERR,ERR,ERR,ERR,ERR,ERR,ERR,ERR,ERR,ERR,ERR,ERR,ERR,ERR,ERR,ERR,ERR,ERR,ERR,ERR,ERR,ERR,ERR,ERR,ERR,ERR,ERR,ERR,ERR,ERR,ERR,ERR,ERR,ERR,ERR,ERR,ERR,ERR,ERR,ERR,ERR,ERR,ERR,ERR,ERR,ERR,ERR,ERR,ERR,ERR,ERR,ERR,ERR,ERR,ERR,ERR,ERR,ERR,ERR,ERR,ERR,ERR,ERR,ERR,ERR,ERR,ERR,ERR,ERR,ERR,ERR,ERR,ERR,ERR,ERR,ERR,ERR,ERR,ERR,ERR,ERR,ERR,ERR,ERR,ERR,ERR,ERR,ERR,ERR,ERR,ERR,ERR,ERR,ERR,ERR,ERR,-0.0,-107615392.0,-134999232.0,-152005385388032.0,0.0,1.3936040501711995e+18,7.805,1.1096074633774859e+29,0,0,4,48861,6720,14723890282496.0,100,0.0,0.0,0.0,-152005385388032.0,0.0,0,0,0,0,0.0,0,0,0,0,0,0,0,0,0,0,0,0,0,0,0,0,0,0,0,0,0,0,0,0,0,0,0,0,0,0,0,0,0,26,51,50,76,65476,0,300,0,0,8,21553,0.0,-107605600.0,0.0,0.0,0.0,0.0,0.0,0.0,0.0,0.0,0.0,0.0,0.0,0.0,0.0,0.0,0.0,0.0,0.0,0.0,0.0,0.0,0.0,0.0,2.004,-2.004,0.0,0.0,0.0,0.0,4716.0,-1.0406642667109367e+34,7327.0,-107615400.0,-107615392.0,0.0,2.7184312818759872e+23,0.0,0.0,0.0,0.0,77,-2.3088407177156624e+20,2.718415429205299e+23,0.0,0.0,0.0,0.0,0.0,0.0,0.0,0,0,0,0.0,0.0,0.0,0.0,0.0,0.0,0.0,0.0,0.0,0.0,0.0,0.0,0.0,0.0,0.0,0.0,0,-107875648.0,77,0.0,154,0.0,0.0,ERR,ERR,ERR,ERR,ERR,ERR,ERR,ERR,ERR,ERR,ERR,ERR,ERR,ERR,ERR,ERR,ERR,ERR,ERR,ERR,ERR,ERR,ERR,ERR,ERR,ERR,ERR,ERR,ERR,ERR,ERR,ERR,ERR,ERR,ERR,ERR,ERR,ERR,ERR,ERR,ERR,ERR,ERR,ERR,ERR,ERR,ERR,ERR,ERR,ERR,ERR,ERR,ERR,ERR,ERR,ERR,ERR,ERR,ERR,ERR,ERR,ERR,ERR,ERR,ERR,ERR,ERR,34.0,80.0,35,0.0,0.0,0.0,0.0,0.0,0.0,0.0,0.0,0.0,0.0,0.0,0.0,0.0,0.0,0.0,0.0,66.0,0,121,58,54,65476,0,300,0,0,8,20529,65476,0,0,57672,80.0,0.0,0.0,0.0,0.0,0.0
2026-06-18T02:08:33,ERR,ERR,ERR,ERR,ERR,ERR,ERR,ERR,ERR,ERR,ERR,ERR,ERR,ERR,ERR,ERR,ERR,ERR,ERR,ERR,ERR,ERR,ERR,ERR,ERR,ERR,ERR,ERR,ERR,ERR,ERR,ERR,ERR,ERR,ERR,ERR,ERR,ERR,ERR,ERR,ERR,ERR,ERR,ERR,ERR,ERR,ERR,ERR,ERR,ERR,ERR,ERR,ERR,ERR,ERR,ERR,ERR,ERR,ERR,ERR,ERR,ERR,ERR,ERR,ERR,ERR,ERR,ERR,ERR,ERR,ERR,ERR,ERR,ERR,ERR,ERR,ERR,ERR,ERR,ERR,ERR,ERR,ERR,ERR,ERR,ERR,ERR,ERR,ERR,ERR,ERR,ERR,ERR,ERR,ERR,ERR,ERR,ERR,ERR,ERR,ERR,ERR,ERR,ERR,ERR,ERR,ERR,ERR,ERR,ERR,ERR,ERR,ERR,ERR,ERR,ERR,ERR,ERR,ERR,ERR,ERR,ERR,ERR,ERR,ERR,-0.0,-107615392.0,-134999232.0,-152005385388032.0,0.0,1.3936040501711995e+18,7.805,1.1096074633774859e+29,0,0,4,48861,6720,14723890282496.0,100,0.0,0.0,0.0,-152005385388032.0,0.0,0,0,0,0,0.0,0,0,0,0,0,0,0,0,0,0,0,0,0,0,0,0,0,0,0,0,0,0,0,0,0,0,0,0,0,0,0,0,0,26,51,50,76,65476,0,300,0,0,8,21553,0.0,-107605600.0,0.0,0.0,0.0,0.0,0.0,0.0,0.0,0.0,0.0,0.0,0.0,0.0,0.0,0.0,0.0,0.0,0.0,0.0,0.0,0.0,0.0,0.0,2.004,-2.004,0.0,0.0,0.0,0.0,4716.0,-1.0406642667109367e+34,7327.0,-107615400.0,-107615392.0,0.0,2.7184312818759872e+23,0.0,0.0,0.0,0.0,77,-2.3088407177156624e+20,2.718415429205299e+23,0.0,0.0,0.0,0.0,0.0,0.0,0.0,0,0,0,0.0,0.0,0.0,0.0,0.0,0.0,0.0,0.0,0.0,0.0,0.0,0.0,0.0,0.0,0.0,0.0,0,-107875648.0,77,0.0,154,0.0,0.0,ERR,ERR,ERR,ERR,ERR,ERR,ERR,ERR,ERR,ERR,ERR,ERR,ERR,ERR,ERR,ERR,ERR,ERR,ERR,ERR,ERR,ERR,ERR,ERR,ERR,ERR,ERR,ERR,ERR,ERR,ERR,ERR,ERR,ERR,ERR,ERR,ERR,ERR,ERR,ERR,ERR,ERR,ERR,ERR,ERR,ERR,ERR,ERR,ERR,ERR,ERR,ERR,ERR,ERR,ERR,ERR,ERR,ERR,ERR,ERR,ERR,ERR,ERR,ERR,ERR,ERR,ERR,34.0,80.0,35,0.0,0.0,0.0,0.0,0.0,0.0,0.0,0.0,0.0,0.0,0.0,0.0,0.0,0.0,0.0,0.0,66.0,0,121,58,54,65476,0,300,0,0,8,20529,65476,0,0,57672,80.0,0.0,0.0,0.0,0.0,0.0
2026-06-18T02:08:34,ERR,ERR,ERR,ERR,ERR,ERR,ERR,ERR,ERR,ERR,ERR,ERR,ERR,ERR,ERR,ERR,ERR,ERR,ERR,ERR,ERR,ERR,ERR,ERR,ERR,ERR,ERR,ERR,ERR,ERR,ERR,ERR,ERR,ERR,ERR,ERR,ERR,ERR,ERR,ERR,ERR,ERR,ERR,ERR,ERR,ERR,ERR,ERR,ERR,ERR,ERR,ERR,ERR,ERR,ERR,ERR,ERR,ERR,ERR,ERR,ERR,ERR,ERR,ERR,ERR,ERR,ERR,ERR,ERR,ERR,ERR,ERR,ERR,ERR,ERR,ERR,ERR,ERR,ERR,ERR,ERR,ERR,ERR,ERR,ERR,ERR,ERR,ERR,ERR,ERR,ERR,ERR,ERR,ERR,ERR,ERR,ERR,ERR,ERR,ERR,ERR,ERR,ERR,ERR,ERR,ERR,ERR,ERR,ERR,ERR,ERR,ERR,ERR,ERR,ERR,ERR,ERR,ERR,ERR,ERR,ERR,ERR,ERR,ERR,ERR,-0.0,-107615392.0,-134999232.0,-152005385388032.0,0.0,1.3936040501711995e+18,7.805,1.1096074633774859e+29,0,0,4,48861,6720,14723890282496.0,100,0.0,0.0,0.0,-152005385388032.0,0.0,0,0,0,0,0.0,0,0,0,0,0,0,0,0,0,0,0,0,0,0,0,0,0,0,0,0,0,0,0,0,0,0,0,0,0,0,0,0,0,26,51,50,76,65476,0,300,0,0,8,21553,0.0,-107605600.0,0.0,0.0,0.0,0.0,0.0,0.0,0.0,0.0,0.0,0.0,0.0,0.0,0.0,0.0,0.0,0.0,0.0,0.0,0.0,0.0,0.0,0.0,2.004,-2.004,0.0,0.0,0.0,0.0,4716.0,-1.0406642667109367e+34,7327.0,-107615400.0,-107615392.0,0.0,2.7184312818759872e+23,0.0,0.0,0.0,0.0,77,-2.3088407177156624e+20,2.718415429205299e+23,0.0,0.0,0.0,0.0,0.0,0.0,0.0,0,0,0,0.0,0.0,0.0,0.0,0.0,0.0,0.0,0.0,0.0,0.0,0.0,0.0,0.0,0.0,0.0,0.0,0,-107875648.0,77,0.0,154,0.0,0.0,ERR,ERR,ERR,ERR,ERR,ERR,ERR,ERR,ERR,ERR,ERR,ERR,ERR,ERR,ERR,ERR,ERR,ERR,ERR,ERR,ERR,ERR,ERR,ERR,ERR,ERR,ERR,ERR,ERR,ERR,ERR,ERR,ERR,ERR,ERR,ERR,ERR,ERR,ERR,ERR,ERR,ERR,ERR,ERR,ERR,ERR,ERR,ERR,ERR,ERR,ERR,ERR,ERR,ERR,ERR,ERR,ERR,ERR,ERR,ERR,ERR,ERR,ERR,ERR,ERR,ERR,ERR,34.0,80.0,35,0.0,0.0,0.0,0.0,0.0,0.0,0.0,0.0,0.0,0.0,0.0,0.0,0.0,0.0,0.0,0.0,66.0,0,121,58,54,65476,0,300,0,0,8,20529,65476,0,0,57672,80.0,0.0,0.0,0.0,0.0,0.0
2026-06-18T02:08:35,ERR,ERR,ERR,ERR,ERR,ERR,ERR,ERR,ERR,ERR,ERR,ERR,ERR,ERR,ERR,ERR,ERR,ERR,ERR,ERR,ERR,ERR,ERR,ERR,ERR,ERR,ERR,ERR,ERR,ERR,ERR,ERR,ERR,ERR,ERR,ERR,ERR,ERR,ERR,ERR,ERR,ERR,ERR,ERR,ERR,ERR,ERR,ERR,ERR,ERR,ERR,ERR,ERR,ERR,ERR,ERR,ERR,ERR,ERR,ERR,ERR,ERR,ERR,ERR,ERR,ERR,ERR,ERR,ERR,ERR,ERR,ERR,ERR,ERR,ERR,ERR,ERR,ERR,ERR,ERR,ERR,ERR,ERR,ERR,ERR,ERR,ERR,ERR,ERR,ERR,ERR,ERR,ERR,ERR,ERR,ERR,ERR,ERR,ERR,ERR,ERR,ERR,ERR,ERR,ERR,ERR,ERR,ERR,ERR,ERR,ERR,ERR,ERR,ERR,ERR,ERR,ERR,ERR,ERR,ERR,ERR,ERR,ERR,ERR,ERR,-0.0,-107615392.0,-134999232.0,-152005385388032.0,0.0,1.3936040501711995e+18,7.805,1.1096074633774859e+29,0,0,4,48861,6720,14723890282496.0,100,0.0,0.0,0.0,-152005385388032.0,0.0,0,0,0,0,0.0,0,0,0,0,0,0,0,0,0,0,0,0,0,0,0,0,0,0,0,0,0,0,0,0,0,0,0,0,0,0,0,0,0,26,51,50,76,65476,0,300,0,0,8,21553,0.0,-107605600.0,0.0,0.0,0.0,0.0,0.0,0.0,0.0,0.0,0.0,0.0,0.0,0.0,0.0,0.0,0.0,0.0,0.0,0.0,0.0,0.0,0.0,0.0,2.004,-2.004,0.0,0.0,0.0,0.0,4716.0,-1.0406642667109367e+34,7327.0,-107615400.0,-107615392.0,0.0,2.7184312818759872e+23,0.0,0.0,0.0,0.0,77,-2.3088407177156624e+20,2.718415429205299e+23,0.0,0.0,0.0,0.0,0.0,0.0,0.0,0,0,0,0.0,0.0,0.0,0.0,0.0,0.0,0.0,0.0,0.0,0.0,0.0,0.0,0.0,0.0,0.0,0.0,0,-107875648.0,77,0.0,154,0.0,0.0,ERR,ERR,ERR,ERR,ERR,ERR,ERR,ERR,ERR,ERR,ERR,ERR,ERR,ERR,ERR,ERR,ERR,ERR,ERR,ERR,ERR,ERR,ERR,ERR,ERR,ERR,ERR,ERR,ERR,ERR,ERR,ERR,ERR,ERR,ERR,ERR,ERR,ERR,ERR,ERR,ERR,ERR,ERR,ERR,ERR,ERR,ERR,ERR,ERR,ERR,ERR,ERR,ERR,ERR,ERR,ERR,ERR,ERR,ERR,ERR,ERR,ERR,ERR,ERR,ERR,ERR,ERR,34.0,80.0,35,0.0,0.0,0.0,0.0,0.0,0.0,0.0,0.0,0.0,0.0,0.0,0.0,0.0,0.0,0.0,0.0,66.0,0,121,58,54,65476,0,300,0,0,8,20529,65476,0,0,57672,80.0,0.0,0.0,0.0,0.0,0.0
2026-06-18T02:08:36,ERR,ERR,ERR,ERR,ERR,ERR,ERR,ERR,ERR,ERR,ERR,ERR,ERR,ERR,ERR,ERR,ERR,ERR,ERR,ERR,ERR,ERR,ERR,ERR,ERR,ERR,ERR,ERR,ERR,ERR,ERR,ERR,ERR,ERR,ERR,ERR,ERR,ERR,ERR,ERR,ERR,ERR,ERR,ERR,ERR,ERR,ERR,ERR,ERR,ERR,ERR,ERR,ERR,ERR,ERR,ERR,ERR,ERR,ERR,ERR,ERR,ERR,ERR,ERR,ERR,ERR,ERR,ERR,ERR,ERR,ERR,ERR,ERR,ERR,ERR,ERR,ERR,ERR,ERR,ERR,ERR,ERR,ERR,ERR,ERR,ERR,ERR,ERR,ERR,ERR,ERR,ERR,ERR,ERR,ERR,ERR,ERR,ERR,ERR,ERR,ERR,ERR,ERR,ERR,ERR,ERR,ERR,ERR,ERR,ERR,ERR,ERR,ERR,ERR,ERR,ERR,ERR,ERR,ERR,ERR,ERR,ERR,ERR,ERR,ERR,-0.0,-107615392.0,-134999232.0,-152005385388032.0,0.0,1.3936040501711995e+18,7.805,1.1096074633774859e+29,0,0,4,48861,6720,14723890282496.0,100,0.0,0.0,0.0,-152005385388032.0,0.0,0,0,0,0,0.0,0,0,0,0,0,0,0,0,0,0,0,0,0,0,0,0,0,0,0,0,0,0,0,0,0,0,0,0,0,0,0,0,0,26,51,50,76,65476,0,300,0,0,8,21553,0.0,-107605600.0,0.0,0.0,0.0,0.0,0.0,0.0,0.0,0.0,0.0,0.0,0.0,0.0,0.0,0.0,0.0,0.0,0.0,0.0,0.0,0.0,0.0,0.0,2.004,-2.004,0.0,0.0,0.0,0.0,4716.0,-1.0406642667109367e+34,7327.0,-107615400.0,-107615392.0,0.0,2.7184312818759872e+23,0.0,0.0,0.0,0.0,77,-2.3088407177156624e+20,2.718415429205299e+23,0.0,0.0,0.0,0.0,0.0,0.0,0.0,0,0,0,0.0,0.0,0.0,0.0,0.0,0.0,0.0,0.0,0.0,0.0,0.0,0.0,0.0,0.0,0.0,0.0,0,-107875648.0,77,0.0,154,0.0,0.0,ERR,ERR,ERR,ERR,ERR,ERR,ERR,ERR,ERR,ERR,ERR,ERR,ERR,ERR,ERR,ERR,ERR,ERR,ERR,ERR,ERR,ERR,ERR,ERR,ERR,ERR,ERR,ERR,ERR,ERR,ERR,ERR,ERR,ERR,ERR,ERR,ERR,ERR,ERR,ERR,ERR,ERR,ERR,ERR,ERR,ERR,ERR,ERR,ERR,ERR,ERR,ERR,ERR,ERR,ERR,ERR,ERR,ERR,ERR,ERR,ERR,ERR,ERR,ERR,ERR,ERR,ERR,34.0,80.0,35,0.0,0.0,0.0,0.0,0.0,0.0,0.0,0.0,0.0,0.0,0.0,0.0,0.0,0.0,0.0,0.0,66.4,0,121,58,54,65476,0,300,0,0,8,20529,65476,0,0,57672,80.0,0.0,0.0,0.0,0.0,0.0
2026-06-18T02:08:37,ERR,ERR,ERR,ERR,ERR,ERR,ERR,ERR,ERR,ERR,ERR,ERR,ERR,ERR,ERR,ERR,ERR,ERR,ERR,ERR,ERR,ERR,ERR,ERR,ERR,ERR,ERR,ERR,ERR,ERR,ERR,ERR,ERR,ERR,ERR,ERR,ERR,ERR,ERR,ERR,ERR,ERR,ERR,ERR,ERR,ERR,ERR,ERR,ERR,ERR,ERR,ERR,ERR,ERR,ERR,ERR,ERR,ERR,ERR,ERR,ERR,ERR,ERR,ERR,ERR,ERR,ERR,ERR,ERR,ERR,ERR,ERR,ERR,ERR,ERR,ERR,ERR,ERR,ERR,ERR,ERR,ERR,ERR,ERR,ERR,ERR,ERR,ERR,ERR,ERR,ERR,ERR,ERR,ERR,ERR,ERR,ERR,ERR,ERR,ERR,ERR,ERR,ERR,ERR,ERR,ERR,ERR,ERR,ERR,ERR,ERR,ERR,ERR,ERR,ERR,ERR,ERR,ERR,ERR,ERR,ERR,ERR,ERR,ERR,ERR,-0.0,-107615392.0,-134999232.0,-0.0,0.0,1.3936040501711995e+18,7.805,2.324635497035093e+34,0,0,4,48859,6720,14723890282496.0,100,0.0,0.0,0.0,0.0,0.0,0,0,0,0,0.0,0,0,0,0,0,0,0,0,0,0,0,0,0,0,0,0,0,0,0,0,0,0,0,0,0,0,0,0,0,0,0,0,0,26,51,50,76,65476,0,300,0,0,8,21553,0.0,-107605600.0,0.0,0.0,0.0,0.0,0.0,0.0,0.0,0.0,0.0,0.0,0.0,0.0,0.0,0.0,0.0,0.0,0.0,0.0,0.0,0.0,0.0,0.0,2.004,-2.004,0.0,0.0,0.0,0.0,4716.0,-1.5879276530623424e+29,7324.0,-0.0,-107615392.0,0.0,2.7184312818759872e+23,0.0,0.0,0.0,0.0,77,-2.7184303811560617e+23,89220.477,0.0,0.0,0.0,0.0,0.0,0.0,0.0,0,0,0,0.0,0.0,0.0,0.0,0.0,0.0,0.0,0.0,0.0,0.0,0.0,0.0,0.0,0.0,0.0,0.0,0,-107875648.0,77,0.0,154,0.0,0.0,ERR,ERR,ERR,ERR,ERR,ERR,ERR,ERR,ERR,ERR,ERR,ERR,ERR,ERR,ERR,ERR,ERR,ERR,ERR,ERR,ERR,ERR,ERR,ERR,ERR,ERR,ERR,ERR,ERR,ERR,ERR,ERR,ERR,ERR,ERR,ERR,ERR,ERR,ERR,ERR,ERR,ERR,ERR,ERR,ERR,ERR,ERR,ERR,ERR,ERR,ERR,ERR,ERR,ERR,ERR,ERR,ERR,ERR,ERR,ERR,ERR,ERR,ERR,ERR,ERR,ERR,ERR,34.0,80.0,35,0.0,0.0,0.0,0.0,0.0,0.0,0.0,0.0,0.0,0.0,0.0,0.0,0.0,0.0,0.0,0.0,66.4,0,121,58,54,65476,0,300,0,0,8,20529,65476,0,0,57672,80.0,0.0,0.0,0.0,0.0,0.0
2026-06-18T02:08:38,ERR,ERR,ERR,ERR,ERR,ERR,ERR,ERR,ERR,ERR,ERR,ERR,ERR,ERR,ERR,ERR,ERR,ERR,ERR,ERR,ERR,ERR,ERR,ERR,ERR,ERR,ERR,ERR,ERR,ERR,ERR,ERR,ERR,ERR,ERR,ERR,ERR,ERR,ERR,ERR,ERR,ERR,ERR,ERR,ERR,ERR,ERR,ERR,ERR,ERR,ERR,ERR,ERR,ERR,ERR,ERR,ERR,ERR,ERR,ERR,ERR,ERR,ERR,ERR,ERR,ERR,ERR,ERR,ERR,ERR,ERR,ERR,ERR,ERR,ERR,ERR,ERR,ERR,ERR,ERR,ERR,ERR,ERR,ERR,ERR,ERR,ERR,ERR,ERR,ERR,ERR,ERR,ERR,ERR,ERR,ERR,ERR,ERR,ERR,ERR,ERR,ERR,ERR,ERR,ERR,ERR,ERR,ERR,ERR,ERR,ERR,ERR,ERR,ERR,ERR,ERR,ERR,ERR,ERR,ERR,ERR,ERR,ERR,ERR,ERR,-0.0,-107615392.0,-134999232.0,-0.0,0.0,1.3936040501711995e+18,7.805,2.324635497035093e+34,0,0,4,48859,6720,14723890282496.0,100,0.0,0.0,0.0,0.0,0.0,0,0,0,0,0.0,0,0,0,0,0,0,0,0,0,0,0,0,0,0,0,0,0,0,0,0,0,0,0,0,0,0,0,0,0,0,0,0,0,26,51,50,76,65476,0,300,0,0,8,21553,0.0,-107605600.0,0.0,0.0,0.0,0.0,0.0,0.0,0.0,0.0,0.0,0.0,0.0,0.0,0.0,0.0,0.0,0.0,0.0,0.0,0.0,0.0,0.0,0.0,2.004,-2.004,0.0,0.0,0.0,0.0,4716.0,-1.5879276530623424e+29,7324.0,-0.0,-107615392.0,0.0,2.7184312818759872e+23,0.0,0.0,0.0,0.0,77,-2.7184303811560617e+23,89220.477,0.0,0.0,0.0,0.0,0.0,0.0,0.0,0,0,0,0.0,0.0,0.0,0.0,0.0,0.0,0.0,0.0,0.0,0.0,0.0,0.0,0.0,0.0,0.0,0.0,0,-107875648.0,77,0.0,154,0.0,0.0,ERR,ERR,ERR,ERR,ERR,ERR,ERR,ERR,ERR,ERR,ERR,ERR,ERR,ERR,ERR,ERR,ERR,ERR,ERR,ERR,ERR,ERR,ERR,ERR,ERR,ERR,ERR,ERR,ERR,ERR,ERR,ERR,ERR,ERR,ERR,ERR,ERR,ERR,ERR,ERR,ERR,ERR,ERR,ERR,ERR,ERR,ERR,ERR,ERR,ERR,ERR,ERR,ERR,ERR,ERR,ERR,ERR,ERR,ERR,ERR,ERR,ERR,ERR,ERR,ERR,ERR,ERR,34.0,80.0,35,0.0,0.0,0.0,0.0,0.0,0.0,0.0,0.0,0.0,0.0,0.0,0.0,0.0,0.0,0.0,0.0,66.0,0,121,58,54,65476,0,300,0,0,8,20529,65476,0,0,57672,80.0,0.0,0.0,0.0,0.0,0.0
2026-06-18T02:08:39,ERR,ERR,ERR,ERR,ERR,ERR,ERR,ERR,ERR,ERR,ERR,ERR,ERR,ERR,ERR,ERR,ERR,ERR,ERR,ERR,ERR,ERR,ERR,ERR,ERR,ERR,ERR,ERR,ERR,ERR,ERR,ERR,ERR,ERR,ERR,ERR,ERR,ERR,ERR,ERR,ERR,ERR,ERR,ERR,ERR,ERR,ERR,ERR,ERR,ERR,ERR,ERR,ERR,ERR,ERR,ERR,ERR,ERR,ERR,ERR,ERR,ERR,ERR,ERR,ERR,ERR,ERR,ERR,ERR,ERR,ERR,ERR,ERR,ERR,ERR,ERR,ERR,ERR,ERR,ERR,ERR,ERR,ERR,ERR,ERR,ERR,ERR,ERR,ERR,ERR,ERR,ERR,ERR,ERR,ERR,ERR,ERR,ERR,ERR,ERR,ERR,ERR,ERR,ERR,ERR,ERR,ERR,ERR,ERR,ERR,ERR,ERR,ERR,ERR,ERR,ERR,ERR,ERR,ERR,ERR,ERR,ERR,ERR,ERR,ERR,-0.0,-107615392.0,-134999232.0,-0.0,0.0,1.3936040501711995e+18,7.805,2.324635497035093e+34,0,0,4,48859,6720,14723890282496.0,100,0.0,0.0,0.0,0.0,0.0,0,0,0,0,0.0,0,0,0,0,0,0,0,0,0,0,0,0,0,0,0,0,0,0,0,0,0,0,0,0,0,0,0,0,0,0,0,0,0,26,51,50,76,65476,0,300,0,0,8,21553,0.0,-107605600.0,0.0,0.0,0.0,0.0,0.0,0.0,0.0,0.0,0.0,0.0,0.0,0.0,0.0,0.0,0.0,0.0,0.0,0.0,0.0,0.0,0.0,0.0,2.004,-2.004,0.0,0.0,0.0,0.0,4716.0,-1.5879276530623424e+29,7324.0,-0.0,-107615392.0,0.0,2.7184312818759872e+23,0.0,0.0,0.0,0.0,77,-2.7184303811560617e+23,89220.477,0.0,0.0,0.0,0.0,0.0,0.0,0.0,0,0,0,0.0,0.0,0.0,0.0,0.0,0.0,0.0,0.0,0.0,0.0,0.0,0.0,0.0,0.0,0.0,0.0,0,-107875648.0,77,0.0,154,0.0,0.0,ERR,ERR,ERR,ERR,ERR,ERR,ERR,ERR,ERR,ERR,ERR,ERR,ERR,ERR,ERR,ERR,ERR,ERR,ERR,ERR,ERR,ERR,ERR,ERR,ERR,ERR,ERR,ERR,ERR,ERR,ERR,ERR,ERR,ERR,ERR,ERR,ERR,ERR,ERR,ERR,ERR,ERR,ERR,ERR,ERR,ERR,ERR,ERR,ERR,ERR,ERR,ERR,ERR,ERR,ERR,ERR,ERR,ERR,ERR,ERR,ERR,ERR,ERR,ERR,ERR,ERR,ERR,34.0,80.0,35,0.0,0.0,0.0,0.0,0.0,0.0,0.0,0.0,0.0,0.0,0.0,0.0,0.0,0.0,0.0,0.0,66.0,0,121,58,54,65476,0,300,0,0,8,20529,65476,0,0,57672,80.0,0.0,0.0,0.0,0.0,0.0
2026-06-18T02:08:40,ERR,ERR,ERR,ERR,ERR,ERR,ERR,ERR,ERR,ERR,ERR,ERR,ERR,ERR,ERR,ERR,ERR,ERR,ERR,ERR,ERR,ERR,ERR,ERR,ERR,ERR,ERR,ERR,ERR,ERR,ERR,ERR,ERR,ERR,ERR,ERR,ERR,ERR,ERR,ERR,ERR,ERR,ERR,ERR,ERR,ERR,ERR,ERR,ERR,ERR,ERR,ERR,ERR,ERR,ERR,ERR,ERR,ERR,ERR,ERR,ERR,ERR,ERR,ERR,ERR,ERR,ERR,ERR,ERR,ERR,ERR,ERR,ERR,ERR,ERR,ERR,ERR,ERR,ERR,ERR,ERR,ERR,ERR,ERR,ERR,ERR,ERR,ERR,ERR,ERR,ERR,ERR,ERR,ERR,ERR,ERR,ERR,ERR,ERR,ERR,ERR,ERR,ERR,ERR,ERR,ERR,ERR,ERR,ERR,ERR,ERR,ERR,ERR,ERR,ERR,ERR,ERR,ERR,ERR,ERR,ERR,ERR,ERR,ERR,ERR,-0.0,-107615392.0,-134999232.0,-0.0,0.0,1.3936040501711995e+18,7.805,2.324635497035093e+34,0,0,4,48859,6720,14723890282496.0,100,0.0,0.0,0.0,0.0,0.0,0,0,0,0,0.0,0,0,0,0,0,0,0,0,0,0,0,0,0,0,0,0,0,0,0,0,0,0,0,0,0,0,0,0,0,0,0,0,0,26,51,50,76,65476,0,300,0,0,8,21553,0.0,-107605600.0,0.0,0.0,0.0,0.0,0.0,0.0,0.0,0.0,0.0,0.0,0.0,0.0,0.0,0.0,0.0,0.0,0.0,0.0,0.0,0.0,0.0,0.0,2.004,-2.004,0.0,0.0,0.0,0.0,4716.0,-1.5879276530623424e+29,7324.0,-0.0,-107615392.0,0.0,2.7184312818759872e+23,0.0,0.0,0.0,0.0,77,-2.7184303811560617e+23,89220.477,0.0,0.0,0.0,0.0,0.0,0.0,0.0,0,0,0,0.0,0.0,0.0,0.0,0.0,0.0,0.0,0.0,0.0,0.0,0.0,0.0,0.0,0.0,0.0,0.0,0,-107875648.0,77,0.0,154,0.0,0.0,ERR,ERR,ERR,ERR,ERR,ERR,ERR,ERR,ERR,ERR,ERR,ERR,ERR,ERR,ERR,ERR,ERR,ERR,ERR,ERR,ERR,ERR,ERR,ERR,ERR,ERR,ERR,ERR,ERR,ERR,ERR,ERR,ERR,ERR,ERR,ERR,ERR,ERR,ERR,ERR,ERR,ERR,ERR,ERR,ERR,ERR,ERR,ERR,ERR,ERR,ERR,ERR,ERR,ERR,ERR,ERR,ERR,ERR,ERR,ERR,ERR,ERR,ERR,ERR,ERR,ERR,ERR,34.0,80.0,35,0.0,0.0,0.0,0.0,0.0,0.0,0.0,0.0,0.0,0.0,0.0,0.0,0.0,0.0,0.0,0.0,66.0,0,121,58,54,65476,0,300,0,0,8,20529,65476,0,0,57672,80.0,0.0,0.0,0.0,0.0,0.0
2026-06-18T02:08:41,ERR,ERR,ERR,ERR,ERR,ERR,ERR,ERR,ERR,ERR,ERR,ERR,ERR,ERR,ERR,ERR,ERR,ERR,ERR,ERR,ERR,ERR,ERR,ERR,ERR,ERR,ERR,ERR,ERR,ERR,ERR,ERR,ERR,ERR,ERR,ERR,ERR,ERR,ERR,ERR,ERR,ERR,ERR,ERR,ERR,ERR,ERR,ERR,ERR,ERR,ERR,ERR,ERR,ERR,ERR,ERR,ERR,ERR,ERR,ERR,ERR,ERR,ERR,ERR,ERR,ERR,ERR,ERR,ERR,ERR,ERR,ERR,ERR,ERR,ERR,ERR,ERR,ERR,ERR,ERR,ERR,ERR,ERR,ERR,ERR,ERR,ERR,ERR,ERR,ERR,ERR,ERR,ERR,ERR,ERR,ERR,ERR,ERR,ERR,ERR,ERR,ERR,ERR,ERR,ERR,ERR,ERR,ERR,ERR,ERR,ERR,ERR,ERR,ERR,ERR,ERR,ERR,ERR,ERR,ERR,ERR,ERR,ERR,ERR,ERR,-0.0,-107615392.0,-134999232.0,-0.0,0.0,1.3936040501711995e+18,7.805,2.324635497035093e+34,0,0,4,48859,6720,14723890282496.0,100,0.0,0.0,0.0,0.0,0.0,0,0,0,0,0.0,0,0,0,0,0,0,0,0,0,0,0,0,0,0,0,0,0,0,0,0,0,0,0,0,0,0,0,0,0,0,0,0,0,26,51,50,76,65476,0,300,0,0,8,21553,0.0,-107605600.0,0.0,0.0,0.0,0.0,0.0,0.0,0.0,0.0,0.0,0.0,0.0,0.0,0.0,0.0,0.0,0.0,0.0,0.0,0.0,0.0,0.0,0.0,2.004,-2.004,0.0,0.0,0.0,0.0,4716.0,-1.5879276530623424e+29,7324.0,-0.0,-107615392.0,0.0,2.7184312818759872e+23,0.0,0.0,0.0,0.0,77,-2.7184303811560617e+23,89220.477,0.0,0.0,0.0,0.0,0.0,0.0,0.0,0,0,0,0.0,0.0,0.0,0.0,0.0,0.0,0.0,0.0,0.0,0.0,0.0,0.0,0.0,0.0,0.0,0.0,0,-107875648.0,77,0.0,154,0.0,0.0,ERR,ERR,ERR,ERR,ERR,ERR,ERR,ERR,ERR,ERR,ERR,ERR,ERR,ERR,ERR,ERR,ERR,ERR,ERR,ERR,ERR,ERR,ERR,ERR,ERR,ERR,ERR,ERR,ERR,ERR,ERR,ERR,ERR,ERR,ERR,ERR,ERR,ERR,ERR,ERR,ERR,ERR,ERR,ERR,ERR,ERR,ERR,ERR,ERR,ERR,ERR,ERR,ERR,ERR,ERR,ERR,ERR,ERR,ERR,ERR,ERR,ERR,ERR,ERR,ERR,ERR,ERR,34.0,80.0,35,0.0,0.0,0.0,0.0,0.0,0.0,0.0,0.0,0.0,0.0,0.0,0.0,0.0,0.0,0.0,0.0,66.0,0,121,58,54,65476,0,300,0,0,8,20529,65476,0,0,57672,80.0,0.0,0.0,0.0,0.0,0.0
2026-06-18T02:08:42,ERR,ERR,ERR,ERR,ERR,ERR,ERR,ERR,ERR,ERR,ERR,ERR,ERR,ERR,ERR,ERR,ERR,ERR,ERR,ERR,ERR,ERR,ERR,ERR,ERR,ERR,ERR,ERR,ERR,ERR,ERR,ERR,ERR,ERR,ERR,ERR,ERR,ERR,ERR,ERR,ERR,ERR,ERR,ERR,ERR,ERR,ERR,ERR,ERR,ERR,ERR,ERR,ERR,ERR,ERR,ERR,ERR,ERR,ERR,ERR,ERR,ERR,ERR,ERR,ERR,ERR,ERR,ERR,ERR,ERR,ERR,ERR,ERR,ERR,ERR,ERR,ERR,ERR,ERR,ERR,ERR,ERR,ERR,ERR,ERR,ERR,ERR,ERR,ERR,ERR,ERR,ERR,ERR,ERR,ERR,ERR,ERR,ERR,ERR,ERR,ERR,ERR,ERR,ERR,ERR,ERR,ERR,ERR,ERR,ERR,ERR,ERR,ERR,ERR,ERR,ERR,ERR,ERR,ERR,ERR,ERR,ERR,ERR,ERR,ERR,-0.0,-107615392.0,-134999232.0,89215.008,0.0,1.3936040501711995e+18,7.805,-0.0,0,0,4,48861,6720,14723890282496.0,100,0.0,0.0,0.0,-0.0,0.0,0,0,0,0,0.0,0,0,0,0,0,0,0,0,0,0,0,0,0,0,0,0,0,0,0,0,0,0,0,0,0,0,0,0,0,0,0,0,0,26,51,50,76,65476,0,300,0,0,8,21553,0.0,-107605600.0,0.0,0.0,0.0,0.0,0.0,0.0,0.0,0.0,0.0,0.0,0.0,0.0,0.0,0.0,0.0,0.0,0.0,0.0,0.0,0.0,0.0,0.0,2.004,-2.004,0.0,0.0,0.0,0.0,4716.0,-2.4229853104588965e+24,7325.0,-0.0,-107615392.0,0.0,2.7184312818759872e+23,0.0,0.0,0.0,0.0,77,-2.3088407177156624e+20,126840446976.0,0.0,0.0,0.0,0.0,0.0,0.0,0.0,0,0,0,0.0,0.0,0.0,0.0,0.0,0.0,0.0,0.0,0.0,0.0,0.0,0.0,0.0,0.0,0.0,0.0,0,-107875648.0,77,0.0,154,0.0,0.0,ERR,ERR,ERR,ERR,ERR,ERR,ERR,ERR,ERR,ERR,ERR,ERR,ERR,ERR,ERR,ERR,ERR,ERR,ERR,ERR,ERR,ERR,ERR,ERR,ERR,ERR,ERR,ERR,ERR,ERR,ERR,ERR,ERR,ERR,ERR,ERR,ERR,ERR,ERR,ERR,ERR,ERR,ERR,ERR,ERR,ERR,ERR,ERR,ERR,ERR,ERR,ERR,ERR,ERR,ERR,ERR,ERR,ERR,ERR,ERR,ERR,ERR,ERR,ERR,ERR,ERR,ERR,34.0,80.0,35,0.0,0.0,0.0,0.0,0.0,0.0,0.0,0.0,0.0,0.0,0.0,0.0,0.0,0.0,0.0,0.0,66.0,0,121,58,54,65476,0,300,0,0,8,20529,65476,0,0,57672,80.0,0.0,0.0,0.0,0.0,0.0
2026-06-18T02:08:43,ERR,ERR,ERR,ERR,ERR,ERR,ERR,ERR,ERR,ERR,ERR,ERR,ERR,ERR,ERR,ERR,ERR,ERR,ERR,ERR,ERR,ERR,ERR,ERR,ERR,ERR,ERR,ERR,ERR,ERR,ERR,ERR,ERR,ERR,ERR,ERR,ERR,ERR,ERR,ERR,ERR,ERR,ERR,ERR,ERR,ERR,ERR,ERR,ERR,ERR,ERR,ERR,ERR,ERR,ERR,ERR,ERR,ERR,ERR,ERR,ERR,ERR,ERR,ERR,ERR,ERR,ERR,ERR,ERR,ERR,ERR,ERR,ERR,ERR,ERR,ERR,ERR,ERR,ERR,ERR,ERR,ERR,ERR,ERR,ERR,ERR,ERR,ERR,ERR,ERR,ERR,ERR,ERR,ERR,ERR,ERR,ERR,ERR,ERR,ERR,ERR,ERR,ERR,ERR,ERR,ERR,ERR,ERR,ERR,ERR,ERR,ERR,ERR,ERR,ERR,ERR,ERR,ERR,ERR,ERR,ERR,ERR,ERR,ERR,ERR,-0.0,-107615392.0,-134999232.0,89215.008,0.0,1.3936040501711995e+18,7.805,-0.0,0,0,4,48861,6720,14723890282496.0,100,0.0,0.0,0.0,-0.0,0.0,0,0,0,0,0.0,0,0,0,0,0,0,0,0,0,0,0,0,0,0,0,0,0,0,0,0,0,0,0,0,0,0,0,0,0,0,0,0,0,26,51,50,76,65476,0,300,0,0,8,21553,0.0,-107605600.0,0.0,0.0,0.0,0.0,0.0,0.0,0.0,0.0,0.0,0.0,0.0,0.0,0.0,0.0,0.0,0.0,0.0,0.0,0.0,0.0,0.0,0.0,2.004,-2.004,0.0,0.0,0.0,0.0,4716.0,-2.4229853104588965e+24,7325.0,-0.0,-107615392.0,0.0,2.7184312818759872e+23,0.0,0.0,0.0,0.0,77,-2.3088407177156624e+20,126840446976.0,0.0,0.0,0.0,0.0,0.0,0.0,0.0,0,0,0,0.0,0.0,0.0,0.0,0.0,0.0,0.0,0.0,0.0,0.0,0.0,0.0,0.0,0.0,0.0,0.0,0,-107875648.0,77,0.0,154,0.0,0.0,ERR,ERR,ERR,ERR,ERR,ERR,ERR,ERR,ERR,ERR,ERR,ERR,ERR,ERR,ERR,ERR,ERR,ERR,ERR,ERR,ERR,ERR,ERR,ERR,ERR,ERR,ERR,ERR,ERR,ERR,ERR,ERR,ERR,ERR,ERR,ERR,ERR,ERR,ERR,ERR,ERR,ERR,ERR,ERR,ERR,ERR,ERR,ERR,ERR,ERR,ERR,ERR,ERR,ERR,ERR,ERR,ERR,ERR,ERR,ERR,ERR,ERR,ERR,ERR,ERR,ERR,ERR,34.0,80.0,35,0.0,0.0,0.0,0.0,0.0,0.0,0.0,0.0,0.0,0.0,0.0,0.0,0.0,0.0,0.0,0.0,66.0,0,121,58,54,65476,0,300,0,0,8,20529,65476,0,0,57672,80.0,0.0,0.0,0.0,0.0,0.0
2026-06-18T02:08:44,ERR,ERR,ERR,ERR,ERR,ERR,ERR,ERR,ERR,ERR,ERR,ERR,ERR,ERR,ERR,ERR,ERR,ERR,ERR,ERR,ERR,ERR,ERR,ERR,ERR,ERR,ERR,ERR,ERR,ERR,ERR,ERR,ERR,ERR,ERR,ERR,ERR,ERR,ERR,ERR,ERR,ERR,ERR,ERR,ERR,ERR,ERR,ERR,ERR,ERR,ERR,ERR,ERR,ERR,ERR,ERR,ERR,ERR,ERR,ERR,ERR,ERR,ERR,ERR,ERR,ERR,ERR,ERR,ERR,ERR,ERR,ERR,ERR,ERR,ERR,ERR,ERR,ERR,ERR,ERR,ERR,ERR,ERR,ERR,ERR,ERR,ERR,ERR,ERR,ERR,ERR,ERR,ERR,ERR,ERR,ERR,ERR,ERR,ERR,ERR,ERR,ERR,ERR,ERR,ERR,ERR,ERR,ERR,ERR,ERR,ERR,ERR,ERR,ERR,ERR,ERR,ERR,ERR,ERR,ERR,ERR,ERR,ERR,ERR,ERR,-0.0,-107615392.0,-134999232.0,89215.008,0.0,1.3936040501711995e+18,7.805,-0.0,0,0,4,48861,6720,14723890282496.0,100,0.0,0.0,0.0,-0.0,0.0,0,0,0,0,0.0,0,0,0,0,0,0,0,0,0,0,0,0,0,0,0,0,0,0,0,0,0,0,0,0,0,0,0,0,0,0,0,0,0,26,51,50,76,65476,0,300,0,0,8,21553,0.0,-107605600.0,0.0,0.0,0.0,0.0,0.0,0.0,0.0,0.0,0.0,0.0,0.0,0.0,0.0,0.0,0.0,0.0,0.0,0.0,0.0,0.0,0.0,0.0,2.004,-2.004,0.0,0.0,0.0,0.0,4716.0,-2.4229853104588965e+24,7325.0,-0.0,-107615392.0,0.0,2.7184312818759872e+23,0.0,0.0,0.0,0.0,77,-2.3088407177156624e+20,126840446976.0,0.0,0.0,0.0,0.0,0.0,0.0,0.0,0,0,0,0.0,0.0,0.0,0.0,0.0,0.0,0.0,0.0,0.0,0.0,0.0,0.0,0.0,0.0,0.0,0.0,0,-107875648.0,77,0.0,154,0.0,0.0,ERR,ERR,ERR,ERR,ERR,ERR,ERR,ERR,ERR,ERR,ERR,ERR,ERR,ERR,ERR,ERR,ERR,ERR,ERR,ERR,ERR,ERR,ERR,ERR,ERR,ERR,ERR,ERR,ERR,ERR,ERR,ERR,ERR,ERR,ERR,ERR,ERR,ERR,ERR,ERR,ERR,ERR,ERR,ERR,ERR,ERR,ERR,ERR,ERR,ERR,ERR,ERR,ERR,ERR,ERR,ERR,ERR,ERR,ERR,ERR,ERR,ERR,ERR,ERR,ERR,ERR,ERR,34.0,80.0,35,0.0,0.0,0.0,0.0,0.0,0.0,0.0,0.0,0.0,0.0,0.0,0.0,0.0,0.0,0.0,0.0,66.0,0,121,58,54,65476,0,300,0,0,8,20529,65476,0,0,57672,80.0,0.0,0.0,0.0,0.0,0.0
2026-06-18T02:08:45,ERR,ERR,ERR,ERR,ERR,ERR,ERR,ERR,ERR,ERR,ERR,ERR,ERR,ERR,ERR,ERR,ERR,ERR,ERR,ERR,ERR,ERR,ERR,ERR,ERR,ERR,ERR,ERR,ERR,ERR,ERR,ERR,ERR,ERR,ERR,ERR,ERR,ERR,ERR,ERR,ERR,ERR,ERR,ERR,ERR,ERR,ERR,ERR,ERR,ERR,ERR,ERR,ERR,ERR,ERR,ERR,ERR,ERR,ERR,ERR,ERR,ERR,ERR,ERR,ERR,ERR,ERR,ERR,ERR,ERR,ERR,ERR,ERR,ERR,ERR,ERR,ERR,ERR,ERR,ERR,ERR,ERR,ERR,ERR,ERR,ERR,ERR,ERR,ERR,ERR,ERR,ERR,ERR,ERR,ERR,ERR,ERR,ERR,ERR,ERR,ERR,ERR,ERR,ERR,ERR,ERR,ERR,ERR,ERR,ERR,ERR,ERR,ERR,ERR,ERR,ERR,ERR,ERR,ERR,ERR,ERR,ERR,ERR,ERR,ERR,-0.0,-107615392.0,-134999232.0,89215.008,0.0,1.3936040501711995e+18,7.805,-0.0,0,0,4,48861,6720,14723890282496.0,100,0.0,0.0,0.0,-0.0,0.0,0,0,0,0,0.0,0,0,0,0,0,0,0,0,0,0,0,0,0,0,0,0,0,0,0,0,0,0,0,0,0,0,0,0,0,0,0,0,0,26,51,50,76,65476,0,300,0,0,8,21553,0.0,-107605600.0,0.0,0.0,0.0,0.0,0.0,0.0,0.0,0.0,0.0,0.0,0.0,0.0,0.0,0.0,0.0,0.0,0.0,0.0,0.0,0.0,0.0,0.0,2.004,-2.004,0.0,0.0,0.0,0.0,4716.0,-2.4229853104588965e+24,7325.0,-0.0,-107615392.0,0.0,2.7184312818759872e+23,0.0,0.0,0.0,0.0,77,-2.3088407177156624e+20,126840446976.0,0.0,0.0,0.0,0.0,0.0,0.0,0.0,0,0,0,0.0,0.0,0.0,0.0,0.0,0.0,0.0,0.0,0.0,0.0,0.0,0.0,0.0,0.0,0.0,0.0,0,-107875648.0,77,0.0,154,0.0,0.0,ERR,ERR,ERR,ERR,ERR,ERR,ERR,ERR,ERR,ERR,ERR,ERR,ERR,ERR,ERR,ERR,ERR,ERR,ERR,ERR,ERR,ERR,ERR,ERR,ERR,ERR,ERR,ERR,ERR,ERR,ERR,ERR,ERR,ERR,ERR,ERR,ERR,ERR,ERR,ERR,ERR,ERR,ERR,ERR,ERR,ERR,ERR,ERR,ERR,ERR,ERR,ERR,ERR,ERR,ERR,ERR,ERR,ERR,ERR,ERR,ERR,ERR,ERR,ERR,ERR,ERR,ERR,34.0,80.0,35,0.0,0.0,0.0,0.0,0.0,0.0,0.0,0.0,0.0,0.0,0.0,0.0,0.0,0.0,0.0,0.0,66.4,0,121,58,54,65476,0,300,0,0,8,20529,65476,0,0,57672,80.0,0.0,0.0,0.0,0.0,0.0
2026-06-18T02:08:46,ERR,ERR,ERR,ERR,ERR,ERR,ERR,ERR,ERR,ERR,ERR,ERR,ERR,ERR,ERR,ERR,ERR,ERR,ERR,ERR,ERR,ERR,ERR,ERR,ERR,ERR,ERR,ERR,ERR,ERR,ERR,ERR,ERR,ERR,ERR,ERR,ERR,ERR,ERR,ERR,ERR,ERR,ERR,ERR,ERR,ERR,ERR,ERR,ERR,ERR,ERR,ERR,ERR,ERR,ERR,ERR,ERR,ERR,ERR,ERR,ERR,ERR,ERR,ERR,ERR,ERR,ERR,ERR,ERR,ERR,ERR,ERR,ERR,ERR,ERR,ERR,ERR,ERR,ERR,ERR,ERR,ERR,ERR,ERR,ERR,ERR,ERR,ERR,ERR,ERR,ERR,ERR,ERR,ERR,ERR,ERR,ERR,ERR,ERR,ERR,ERR,ERR,ERR,ERR,ERR,ERR,ERR,ERR,ERR,ERR,ERR,ERR,ERR,ERR,ERR,ERR,ERR,ERR,ERR,ERR,ERR,ERR,ERR,ERR,ERR,-0.0,-107615392.0,-134999232.0,89215.008,0.0,1.3936040501711995e+18,7.805,-0.0,0,0,4,48861,6720,14723890282496.0,100,0.0,0.0,0.0,-0.0,0.0,0,0,0,0,0.0,0,0,0,0,0,0,0,0,0,0,0,0,0,0,0,0,0,0,0,0,0,0,0,0,0,0,0,0,0,0,0,0,0,26,51,50,76,65476,0,300,0,0,8,21553,0.0,-107605600.0,0.0,0.0,0.0,0.0,0.0,0.0,0.0,0.0,0.0,0.0,0.0,0.0,0.0,0.0,0.0,0.0,0.0,0.0,0.0,0.0,0.0,0.0,2.004,-2.004,0.0,0.0,0.0,0.0,4716.0,-2.4229853104588965e+24,7325.0,-0.0,-107615392.0,0.0,2.7184312818759872e+23,0.0,0.0,0.0,0.0,77,-2.3088407177156624e+20,126840446976.0,0.0,0.0,0.0,0.0,0.0,0.0,0.0,0,0,0,0.0,0.0,0.0,0.0,0.0,0.0,0.0,0.0,0.0,0.0,0.0,0.0,0.0,0.0,0.0,0.0,0,-107875648.0,77,0.0,154,0.0,0.0,ERR,ERR,ERR,ERR,ERR,ERR,ERR,ERR,ERR,ERR,ERR,ERR,ERR,ERR,ERR,ERR,ERR,ERR,ERR,ERR,ERR,ERR,ERR,ERR,ERR,ERR,ERR,ERR,ERR,ERR,ERR,ERR,ERR,ERR,ERR,ERR,ERR,ERR,ERR,ERR,ERR,ERR,ERR,ERR,ERR,ERR,ERR,ERR,ERR,ERR,ERR,ERR,ERR,ERR,ERR,ERR,ERR,ERR,ERR,ERR,ERR,ERR,ERR,ERR,ERR,ERR,ERR,34.0,80.0,35,0.0,0.0,0.0,0.0,0.0,0.0,0.0,0.0,0.0,0.0,0.0,0.0,0.0,0.0,0.0,0.0,66.4,0,121,58,54,65476,0,300,0,0,8,20529,65476,0,0,57672,80.0,0.0,0.0,0.0,0.0,0.0
2026-06-18T02:08:47,ERR,ERR,ERR,ERR,ERR,ERR,ERR,ERR,ERR,ERR,ERR,ERR,ERR,ERR,ERR,ERR,ERR,ERR,ERR,ERR,ERR,ERR,ERR,ERR,ERR,ERR,ERR,ERR,ERR,ERR,ERR,ERR,ERR,ERR,ERR,ERR,ERR,ERR,ERR,ERR,ERR,ERR,ERR,ERR,ERR,ERR,ERR,ERR,ERR,ERR,ERR,ERR,ERR,ERR,ERR,ERR,ERR,ERR,ERR,ERR,ERR,ERR,ERR,ERR,ERR,ERR,ERR,ERR,ERR,ERR,ERR,ERR,ERR,ERR,ERR,ERR,ERR,ERR,ERR,ERR,ERR,ERR,ERR,ERR,ERR,ERR,ERR,ERR,ERR,ERR,ERR,ERR,ERR,ERR,ERR,ERR,ERR,ERR,ERR,ERR,ERR,ERR,ERR,ERR,ERR,ERR,ERR,ERR,ERR,ERR,ERR,ERR,ERR,ERR,ERR,ERR,ERR,ERR,ERR,ERR,ERR,ERR,ERR,ERR,ERR,-0.0,-107615392.0,-134999232.0,-0.0,0.0,1.3936040501711995e+18,7.805,11082173251584.0,0,0,4,48906,6720,14723890282496.0,100,0.0,0.0,0.0,-107609184.0,0.0,0,0,0,0,0.0,0,0,0,0,0,0,0,0,0,0,0,0,0,0,0,0,0,0,0,0,0,0,0,0,0,0,0,0,0,0,0,0,0,26,51,50,76,65476,0,300,0,0,8,21553,0.0,-107605600.0,0.0,0.0,0.0,0.0,0.0,0.0,0.0,0.0,0.0,0.0,0.0,0.0,0.0,0.0,0.0,0.0,0.0,0.0,0.0,0.0,0.0,0.0,2.004,-2.004,0.0,0.0,0.0,0.0,4713.0,-2.004,7320.0,-107615400.0,-107615392.0,0.0,2.7184312818759872e+23,0.0,0.0,0.0,0.0,77,-152018488393728.0,0.0,0.0,0.0,0.0,0.0,0.0,0.0,0.0,0,0,0,0.0,0.0,0.0,0.0,0.0,0.0,0.0,0.0,0.0,0.0,0.0,0.0,0.0,0.0,0.0,0.0,0,-107875648.0,77,0.0,154,0.0,0.0,ERR,ERR,ERR,ERR,ERR,ERR,ERR,ERR,ERR,ERR,ERR,ERR,ERR,ERR,ERR,ERR,ERR,ERR,ERR,ERR,ERR,ERR,ERR,ERR,ERR,ERR,ERR,ERR,ERR,ERR,ERR,ERR,ERR,ERR,ERR,ERR,ERR,ERR,ERR,ERR,ERR,ERR,ERR,ERR,ERR,ERR,ERR,ERR,ERR,ERR,ERR,ERR,ERR,ERR,ERR,ERR,ERR,ERR,ERR,ERR,ERR,ERR,ERR,ERR,ERR,ERR,ERR,34.0,80.0,35,0.0,0.0,0.0,0.0,0.0,0.0,0.0,0.0,0.0,0.0,0.0,0.0,0.0,0.0,0.0,0.0,66.0,0,121,58,54,65476,0,300,0,0,8,20529,65476,0,0,57672,80.0,0.0,0.0,0.0,0.0,0.0
2026-06-18T02:08:48,ERR,ERR,ERR,ERR,ERR,ERR,ERR,ERR,ERR,ERR,ERR,ERR,ERR,ERR,ERR,ERR,ERR,ERR,ERR,ERR,ERR,ERR,ERR,ERR,ERR,ERR,ERR,ERR,ERR,ERR,ERR,ERR,ERR,ERR,ERR,ERR,ERR,ERR,ERR,ERR,ERR,ERR,ERR,ERR,ERR,ERR,ERR,ERR,ERR,ERR,ERR,ERR,ERR,ERR,ERR,ERR,ERR,ERR,ERR,ERR,ERR,ERR,ERR,ERR,ERR,ERR,ERR,ERR,ERR,ERR,ERR,ERR,ERR,ERR,ERR,ERR,ERR,ERR,ERR,ERR,ERR,ERR,ERR,ERR,ERR,ERR,ERR,ERR,ERR,ERR,ERR,ERR,ERR,ERR,ERR,ERR,ERR,ERR,ERR,ERR,ERR,ERR,ERR,ERR,ERR,ERR,ERR,ERR,ERR,ERR,ERR,ERR,ERR,ERR,ERR,ERR,ERR,ERR,ERR,ERR,ERR,ERR,ERR,ERR,ERR,-0.0,-107615392.0,-134999232.0,-0.0,0.0,1.3936040501711995e+18,7.805,11082173251584.0,0,0,4,48906,6720,14723890282496.0,100,0.0,0.0,0.0,-107609184.0,0.0,0,0,0,0,0.0,0,0,0,0,0,0,0,0,0,0,0,0,0,0,0,0,0,0,0,0,0,0,0,0,0,0,0,0,0,0,0,0,0,26,51,50,76,65476,0,300,0,0,8,21553,0.0,-107605600.0,0.0,0.0,0.0,0.0,0.0,0.0,0.0,0.0,0.0,0.0,0.0,0.0,0.0,0.0,0.0,0.0,0.0,0.0,0.0,0.0,0.0,0.0,2.004,-2.004,0.0,0.0,0.0,0.0,4713.0,-2.004,7320.0,-107615400.0,-107615392.0,0.0,2.7184312818759872e+23,0.0,0.0,0.0,0.0,77,-152018488393728.0,0.0,0.0,0.0,0.0,0.0,0.0,0.0,0.0,0,0,0,0.0,0.0,0.0,0.0,0.0,0.0,0.0,0.0,0.0,0.0,0.0,0.0,0.0,0.0,0.0,0.0,0,-107875648.0,77,0.0,154,0.0,0.0,ERR,ERR,ERR,ERR,ERR,ERR,ERR,ERR,ERR,ERR,ERR,ERR,ERR,ERR,ERR,ERR,ERR,ERR,ERR,ERR,ERR,ERR,ERR,ERR,ERR,ERR,ERR,ERR,ERR,ERR,ERR,ERR,ERR,ERR,ERR,ERR,ERR,ERR,ERR,ERR,ERR,ERR,ERR,ERR,ERR,ERR,ERR,ERR,ERR,ERR,ERR,ERR,ERR,ERR,ERR,ERR,ERR,ERR,ERR,ERR,ERR,ERR,ERR,ERR,ERR,ERR,ERR,34.0,80.0,35,0.0,0.0,0.0,0.0,0.0,0.0,0.0,0.0,0.0,0.0,0.0,0.0,0.0,0.0,0.0,0.0,66.0,0,121,58,54,65476,0,300,0,0,8,20529,65476,0,0,57672,80.0,0.0,0.0,0.0,0.0,0.0
2026-06-18T02:08:49,ERR,ERR,ERR,ERR,ERR,ERR,ERR,ERR,ERR,ERR,ERR,ERR,ERR,ERR,ERR,ERR,ERR,ERR,ERR,ERR,ERR,ERR,ERR,ERR,ERR,ERR,ERR,ERR,ERR,ERR,ERR,ERR,ERR,ERR,ERR,ERR,ERR,ERR,ERR,ERR,ERR,ERR,ERR,ERR,ERR,ERR,ERR,ERR,ERR,ERR,ERR,ERR,ERR,ERR,ERR,ERR,ERR,ERR,ERR,ERR,ERR,ERR,ERR,ERR,ERR,ERR,ERR,ERR,ERR,ERR,ERR,ERR,ERR,ERR,ERR,ERR,ERR,ERR,ERR,ERR,ERR,ERR,ERR,ERR,ERR,ERR,ERR,ERR,ERR,ERR,ERR,ERR,ERR,ERR,ERR,ERR,ERR,ERR,ERR,ERR,ERR,ERR,ERR,ERR,ERR,ERR,ERR,ERR,ERR,ERR,ERR,ERR,ERR,ERR,ERR,ERR,ERR,ERR,ERR,ERR,ERR,ERR,ERR,ERR,ERR,-0.0,-107615392.0,-134999232.0,-0.0,0.0,1.3936040501711995e+18,7.805,11082173251584.0,0,0,4,48906,6720,14723890282496.0,100,0.0,0.0,0.0,-107609184.0,0.0,0,0,0,0,0.0,0,0,0,0,0,0,0,0,0,0,0,0,0,0,0,0,0,0,0,0,0,0,0,0,0,0,0,0,0,0,0,0,0,26,51,50,76,65476,0,300,0,0,8,21553,0.0,-107605600.0,0.0,0.0,0.0,0.0,0.0,0.0,0.0,0.0,0.0,0.0,0.0,0.0,0.0,0.0,0.0,0.0,0.0,0.0,0.0,0.0,0.0,0.0,2.004,-2.004,0.0,0.0,0.0,0.0,4713.0,-2.004,7320.0,-107615400.0,-107615392.0,0.0,2.7184312818759872e+23,0.0,0.0,0.0,0.0,77,-152018488393728.0,0.0,0.0,0.0,0.0,0.0,0.0,0.0,0.0,0,0,0,0.0,0.0,0.0,0.0,0.0,0.0,0.0,0.0,0.0,0.0,0.0,0.0,0.0,0.0,0.0,0.0,0,-107875648.0,77,0.0,154,0.0,0.0,ERR,ERR,ERR,ERR,ERR,ERR,ERR,ERR,ERR,ERR,ERR,ERR,ERR,ERR,ERR,ERR,ERR,ERR,ERR,ERR,ERR,ERR,ERR,ERR,ERR,ERR,ERR,ERR,ERR,ERR,ERR,ERR,ERR,ERR,ERR,ERR,ERR,ERR,ERR,ERR,ERR,ERR,ERR,ERR,ERR,ERR,ERR,ERR,ERR,ERR,ERR,ERR,ERR,ERR,ERR,ERR,ERR,ERR,ERR,ERR,ERR,ERR,ERR,ERR,ERR,ERR,ERR,34.0,80.0,35,0.0,0.0,0.0,0.0,0.0,0.0,0.0,0.0,0.0,0.0,0.0,0.0,0.0,0.0,0.0,0.0,66.0,0,121,58,54,65476,0,300,0,0,8,20529,65476,0,0,57672,80.0,0.0,0.0,0.0,0.0,0.0
2026-06-18T02:08:50,ERR,ERR,ERR,ERR,ERR,ERR,ERR,ERR,ERR,ERR,ERR,ERR,ERR,ERR,ERR,ERR,ERR,ERR,ERR,ERR,ERR,ERR,ERR,ERR,ERR,ERR,ERR,ERR,ERR,ERR,ERR,ERR,ERR,ERR,ERR,ERR,ERR,ERR,ERR,ERR,ERR,ERR,ERR,ERR,ERR,ERR,ERR,ERR,ERR,ERR,ERR,ERR,ERR,ERR,ERR,ERR,ERR,ERR,ERR,ERR,ERR,ERR,ERR,ERR,ERR,ERR,ERR,ERR,ERR,ERR,ERR,ERR,ERR,ERR,ERR,ERR,ERR,ERR,ERR,ERR,ERR,ERR,ERR,ERR,ERR,ERR,ERR,ERR,ERR,ERR,ERR,ERR,ERR,ERR,ERR,ERR,ERR,ERR,ERR,ERR,ERR,ERR,ERR,ERR,ERR,ERR,ERR,ERR,ERR,ERR,ERR,ERR,ERR,ERR,ERR,ERR,ERR,ERR,ERR,ERR,ERR,ERR,ERR,ERR,ERR,-0.0,-107615392.0,-134999232.0,-0.0,0.0,1.3936040501711995e+18,7.805,11082173251584.0,0,0,4,48906,6720,14723890282496.0,100,0.0,0.0,0.0,-107609184.0,0.0,0,0,0,0,0.0,0,0,0,0,0,0,0,0,0,0,0,0,0,0,0,0,0,0,0,0,0,0,0,0,0,0,0,0,0,0,0,0,0,26,51,50,76,65476,0,300,0,0,8,21553,0.0,-107605600.0,0.0,0.0,0.0,0.0,0.0,0.0,0.0,0.0,0.0,0.0,0.0,0.0,0.0,0.0,0.0,0.0,0.0,0.0,0.0,0.0,0.0,0.0,2.004,-2.004,0.0,0.0,0.0,0.0,4713.0,-2.004,7320.0,-107615400.0,-107615392.0,0.0,2.7184312818759872e+23,0.0,0.0,0.0,0.0,77,-152018488393728.0,0.0,0.0,0.0,0.0,0.0,0.0,0.0,0.0,0,0,0,0.0,0.0,0.0,0.0,0.0,0.0,0.0,0.0,0.0,0.0,0.0,0.0,0.0,0.0,0.0,0.0,0,-107875648.0,77,0.0,154,0.0,0.0,ERR,ERR,ERR,ERR,ERR,ERR,ERR,ERR,ERR,ERR,ERR,ERR,ERR,ERR,ERR,ERR,ERR,ERR,ERR,ERR,ERR,ERR,ERR,ERR,ERR,ERR,ERR,ERR,ERR,ERR,ERR,ERR,ERR,ERR,ERR,ERR,ERR,ERR,ERR,ERR,ERR,ERR,ERR,ERR,ERR,ERR,ERR,ERR,ERR,ERR,ERR,ERR,ERR,ERR,ERR,ERR,ERR,ERR,ERR,ERR,ERR,ERR,ERR,ERR,ERR,ERR,ERR,34.0,80.0,35,0.0,0.0,0.0,0.0,0.0,0.0,0.0,0.0,0.0,0.0,0.0,0.0,0.0,0.0,0.0,0.0,66.4,0,121,58,54,65476,0,300,0,0,8,20529,65476,0,0,57672,80.0,0.0,0.0,0.0,0.0,0.0
2026-06-18T02:08:51,ERR,ERR,ERR,ERR,ERR,ERR,ERR,ERR,ERR,ERR,ERR,ERR,ERR,ERR,ERR,ERR,ERR,ERR,ERR,ERR,ERR,ERR,ERR,ERR,ERR,ERR,ERR,ERR,ERR,ERR,ERR,ERR,ERR,ERR,ERR,ERR,ERR,ERR,ERR,ERR,ERR,ERR,ERR,ERR,ERR,ERR,ERR,ERR,ERR,ERR,ERR,ERR,ERR,ERR,ERR,ERR,ERR,ERR,ERR,ERR,ERR,ERR,ERR,ERR,ERR,ERR,ERR,ERR,ERR,ERR,ERR,ERR,ERR,ERR,ERR,ERR,ERR,ERR,ERR,ERR,ERR,ERR,ERR,ERR,ERR,ERR,ERR,ERR,ERR,ERR,ERR,ERR,ERR,ERR,ERR,ERR,ERR,ERR,ERR,ERR,ERR,ERR,ERR,ERR,ERR,ERR,ERR,ERR,ERR,ERR,ERR,ERR,ERR,ERR,ERR,ERR,ERR,ERR,ERR,ERR,ERR,ERR,ERR,ERR,ERR,-0.0,-107615392.0,-134999232.0,-0.0,0.0,1.3936040501711995e+18,7.805,11082173251584.0,0,0,4,48906,6720,14723890282496.0,100,0.0,0.0,0.0,-107609184.0,0.0,0,0,0,0,0.0,0,0,0,0,0,0,0,0,0,0,0,0,0,0,0,0,0,0,0,0,0,0,0,0,0,0,0,0,0,0,0,0,0,26,51,50,76,65476,0,300,0,0,8,21553,0.0,-107605600.0,0.0,0.0,0.0,0.0,0.0,0.0,0.0,0.0,0.0,0.0,0.0,0.0,0.0,0.0,0.0,0.0,0.0,0.0,0.0,0.0,0.0,0.0,2.004,-2.004,0.0,0.0,0.0,0.0,4713.0,-2.004,7320.0,-107615400.0,-107615392.0,0.0,2.7184312818759872e+23,0.0,0.0,0.0,0.0,77,-152018488393728.0,0.0,0.0,0.0,0.0,0.0,0.0,0.0,0.0,0,0,0,0.0,0.0,0.0,0.0,0.0,0.0,0.0,0.0,0.0,0.0,0.0,0.0,0.0,0.0,0.0,0.0,0,-107875648.0,77,0.0,154,0.0,0.0,ERR,ERR,ERR,ERR,ERR,ERR,ERR,ERR,ERR,ERR,ERR,ERR,ERR,ERR,ERR,ERR,ERR,ERR,ERR,ERR,ERR,ERR,ERR,ERR,ERR,ERR,ERR,ERR,ERR,ERR,ERR,ERR,ERR,ERR,ERR,ERR,ERR,ERR,ERR,ERR,ERR,ERR,ERR,ERR,ERR,ERR,ERR,ERR,ERR,ERR,ERR,ERR,ERR,ERR,ERR,ERR,ERR,ERR,ERR,ERR,ERR,ERR,ERR,ERR,ERR,ERR,ERR,34.0,80.0,35,0.0,0.0,0.0,0.0,0.0,0.0,0.0,0.0,0.0,0.0,0.0,0.0,0.0,0.0,0.0,0.0,66.4,0,121,58,54,65476,0,300,0,0,8,20529,65476,0,0,57672,80.0,0.0,0.0,0.0,0.0,0.0
2026-06-18T02:08:52,ERR,ERR,ERR,ERR,ERR,ERR,ERR,ERR,ERR,ERR,ERR,ERR,ERR,ERR,ERR,ERR,ERR,ERR,ERR,ERR,ERR,ERR,ERR,ERR,ERR,ERR,ERR,ERR,ERR,ERR,ERR,ERR,ERR,ERR,ERR,ERR,ERR,ERR,ERR,ERR,ERR,ERR,ERR,ERR,ERR,ERR,ERR,ERR,ERR,ERR,ERR,ERR,ERR,ERR,ERR,ERR,ERR,ERR,ERR,ERR,ERR,ERR,ERR,ERR,ERR,ERR,ERR,ERR,ERR,ERR,ERR,ERR,ERR,ERR,ERR,ERR,ERR,ERR,ERR,ERR,ERR,ERR,ERR,ERR,ERR,ERR,ERR,ERR,ERR,ERR,ERR,ERR,ERR,ERR,ERR,ERR,ERR,ERR,ERR,ERR,ERR,ERR,ERR,ERR,ERR,ERR,ERR,ERR,ERR,ERR,ERR,ERR,ERR,ERR,ERR,ERR,ERR,ERR,ERR,ERR,ERR,ERR,ERR,ERR,ERR,-0.0,-107615392.0,-134999232.0,-0.0,0.0,1.3936040501711995e+18,7.805,11082173251584.0,0,0,4,48906,6720,14723890282496.0,100,0.0,0.0,0.0,-107609184.0,0.0,0,0,0,0,0.0,0,0,0,0,0,0,0,0,0,0,0,0,0,0,0,0,0,0,0,0,0,0,0,0,0,0,0,0,0,0,0,0,0,26,51,50,76,65476,0,300,0,0,8,21553,0.0,-107605600.0,0.0,0.0,0.0,0.0,0.0,0.0,0.0,0.0,0.0,0.0,0.0,0.0,0.0,0.0,0.0,0.0,0.0,0.0,0.0,0.0,0.0,0.0,2.004,-2.004,0.0,0.0,0.0,0.0,4713.0,-2.004,7320.0,-107615400.0,-107615392.0,0.0,2.7184312818759872e+23,0.0,0.0,0.0,0.0,77,-152018488393728.0,0.0,0.0,0.0,0.0,0.0,0.0,0.0,0.0,0,0,0,0.0,0.0,0.0,0.0,0.0,0.0,0.0,0.0,0.0,0.0,0.0,0.0,0.0,0.0,0.0,0.0,0,-107875648.0,77,0.0,154,0.0,0.0,ERR,ERR,ERR,ERR,ERR,ERR,ERR,ERR,ERR,ERR,ERR,ERR,ERR,ERR,ERR,ERR,ERR,ERR,ERR,ERR,ERR,ERR,ERR,ERR,ERR,ERR,ERR,ERR,ERR,ERR,ERR,ERR,ERR,ERR,ERR,ERR,ERR,ERR,ERR,ERR,ERR,ERR,ERR,ERR,ERR,ERR,ERR,ERR,ERR,ERR,ERR,ERR,ERR,ERR,ERR,ERR,ERR,ERR,ERR,ERR,ERR,ERR,ERR,ERR,ERR,ERR,ERR,34.0,80.0,35,0.0,0.0,0.0,0.0,0.0,0.0,0.0,0.0,0.0,0.0,0.0,0.0,0.0,0.0,0.0,0.0,66.0,0,121,58,54,65476,0,300,0,0,8,20529,65476,0,0,57672,80.0,0.0,0.0,0.0,0.0,0.0
2026-06-18T02:08:53,ERR,ERR,ERR,ERR,ERR,ERR,ERR,ERR,ERR,ERR,ERR,ERR,ERR,ERR,ERR,ERR,ERR,ERR,ERR,ERR,ERR,ERR,ERR,ERR,ERR,ERR,ERR,ERR,ERR,ERR,ERR,ERR,ERR,ERR,ERR,ERR,ERR,ERR,ERR,ERR,ERR,ERR,ERR,ERR,ERR,ERR,ERR,ERR,ERR,ERR,ERR,ERR,ERR,ERR,ERR,ERR,ERR,ERR,ERR,ERR,ERR,ERR,ERR,ERR,ERR,ERR,ERR,ERR,ERR,ERR,ERR,ERR,ERR,ERR,ERR,ERR,ERR,ERR,ERR,ERR,ERR,ERR,ERR,ERR,ERR,ERR,ERR,ERR,ERR,ERR,ERR,ERR,ERR,ERR,ERR,ERR,ERR,ERR,ERR,ERR,ERR,ERR,ERR,ERR,ERR,ERR,ERR,ERR,ERR,ERR,ERR,ERR,ERR,ERR,ERR,ERR,ERR,ERR,ERR,ERR,ERR,ERR,ERR,ERR,ERR,-107615400.0,-107615392.0,0.0,-0.0,0.0,1.3936040501711995e+18,7.805,-0.0,0,0,4,48850,6720,14723890282496.0,100,0.0,0.0,0.0,-0.0,0.0,0,0,0,0,0.0,0,0,0,0,0,0,0,0,0,0,0,0,0,0,0,0,0,0,0,0,0,0,0,0,0,0,0,0,0,0,0,0,0,26,51,50,76,65476,0,300,0,0,8,21553,0.0,-107605600.0,0.0,0.0,0.0,0.0,0.0,0.0,0.0,0.0,0.0,0.0,0.0,0.0,0.0,0.0,0.0,0.0,0.0,0.0,0.0,0.0,0.0,0.0,2.004,-2.004,0.0,0.0,0.0,0.0,4711.0,-0.0,7317.0,-0.0,-107615392.0,0.0,2.7184312818759872e+23,0.0,0.0,0.0,0.0,77,-107615360.0,0.0,0.0,0.0,0.0,0.0,0.0,0.0,0.0,0,0,0,0.0,0.0,0.0,0.0,0.0,0.0,0.0,0.0,0.0,0.0,0.0,0.0,0.0,0.0,0.0,0.0,0,-107875648.0,77,0.0,154,0.0,0.0,ERR,ERR,ERR,ERR,ERR,ERR,ERR,ERR,ERR,ERR,ERR,ERR,ERR,ERR,ERR,ERR,ERR,ERR,ERR,ERR,ERR,ERR,ERR,ERR,ERR,ERR,ERR,ERR,ERR,ERR,ERR,ERR,ERR,ERR,ERR,ERR,ERR,ERR,ERR,ERR,ERR,ERR,ERR,ERR,ERR,ERR,ERR,ERR,ERR,ERR,ERR,ERR,ERR,ERR,ERR,ERR,ERR,ERR,ERR,ERR,ERR,ERR,ERR,ERR,ERR,ERR,ERR,34.0,80.0,35,0.0,0.0,0.0,0.0,0.0,0.0,0.0,0.0,0.0,0.0,0.0,0.0,0.0,0.0,0.0,0.0,66.0,0,121,58,54,65476,0,300,0,0,8,20529,65476,0,0,57672,80.0,0.0,0.0,0.0,0.0,0.0
2026-06-18T02:08:54,ERR,ERR,ERR,ERR,ERR,ERR,ERR,ERR,ERR,ERR,ERR,ERR,ERR,ERR,ERR,ERR,ERR,ERR,ERR,ERR,ERR,ERR,ERR,ERR,ERR,ERR,ERR,ERR,ERR,ERR,ERR,ERR,ERR,ERR,ERR,ERR,ERR,ERR,ERR,ERR,ERR,ERR,ERR,ERR,ERR,ERR,ERR,ERR,ERR,ERR,ERR,ERR,ERR,ERR,ERR,ERR,ERR,ERR,ERR,ERR,ERR,ERR,ERR,ERR,ERR,ERR,ERR,ERR,ERR,ERR,ERR,ERR,ERR,ERR,ERR,ERR,ERR,ERR,ERR,ERR,ERR,ERR,ERR,ERR,ERR,ERR,ERR,ERR,ERR,ERR,ERR,ERR,ERR,ERR,ERR,ERR,ERR,ERR,ERR,ERR,ERR,ERR,ERR,ERR,ERR,ERR,ERR,ERR,ERR,ERR,ERR,ERR,ERR,ERR,ERR,ERR,ERR,ERR,ERR,ERR,ERR,ERR,ERR,ERR,ERR,-107615400.0,-107615392.0,0.0,-0.0,0.0,1.3936040501711995e+18,7.805,-0.0,0,0,4,48850,6720,14723890282496.0,100,0.0,0.0,0.0,-0.0,0.0,0,0,0,0,0.0,0,0,0,0,0,0,0,0,0,0,0,0,0,0,0,0,0,0,0,0,0,0,0,0,0,0,0,0,0,0,0,0,0,26,51,50,76,65476,0,300,0,0,8,21553,0.0,-107605600.0,0.0,0.0,0.0,0.0,0.0,0.0,0.0,0.0,0.0,0.0,0.0,0.0,0.0,0.0,0.0,0.0,0.0,0.0,0.0,0.0,0.0,0.0,2.004,-2.004,0.0,0.0,0.0,0.0,4711.0,-0.0,7317.0,-0.0,-107615392.0,0.0,2.7184312818759872e+23,0.0,0.0,0.0,0.0,77,-107615360.0,0.0,0.0,0.0,0.0,0.0,0.0,0.0,0.0,0,0,0,0.0,0.0,0.0,0.0,0.0,0.0,0.0,0.0,0.0,0.0,0.0,0.0,0.0,0.0,0.0,0.0,0,-107875648.0,77,0.0,154,0.0,0.0,ERR,ERR,ERR,ERR,ERR,ERR,ERR,ERR,ERR,ERR,ERR,ERR,ERR,ERR,ERR,ERR,ERR,ERR,ERR,ERR,ERR,ERR,ERR,ERR,ERR,ERR,ERR,ERR,ERR,ERR,ERR,ERR,ERR,ERR,ERR,ERR,ERR,ERR,ERR,ERR,ERR,ERR,ERR,ERR,ERR,ERR,ERR,ERR,ERR,ERR,ERR,ERR,ERR,ERR,ERR,ERR,ERR,ERR,ERR,ERR,ERR,ERR,ERR,ERR,ERR,ERR,ERR,34.0,80.0,35,0.0,0.0,0.0,0.0,0.0,0.0,0.0,0.0,0.0,0.0,0.0,0.0,0.0,0.0,0.0,0.0,66.0,0,121,58,54,65476,0,300,0,0,8,20529,65476,0,0,57672,80.0,0.0,0.0,0.0,0.0,0.0
2026-06-18T02:08:55,ERR,ERR,ERR,ERR,ERR,ERR,ERR,ERR,ERR,ERR,ERR,ERR,ERR,ERR,ERR,ERR,ERR,ERR,ERR,ERR,ERR,ERR,ERR,ERR,ERR,ERR,ERR,ERR,ERR,ERR,ERR,ERR,ERR,ERR,ERR,ERR,ERR,ERR,ERR,ERR,ERR,ERR,ERR,ERR,ERR,ERR,ERR,ERR,ERR,ERR,ERR,ERR,ERR,ERR,ERR,ERR,ERR,ERR,ERR,ERR,ERR,ERR,ERR,ERR,ERR,ERR,ERR,ERR,ERR,ERR,ERR,ERR,ERR,ERR,ERR,ERR,ERR,ERR,ERR,ERR,ERR,ERR,ERR,ERR,ERR,ERR,ERR,ERR,ERR,ERR,ERR,ERR,ERR,ERR,ERR,ERR,ERR,ERR,ERR,ERR,ERR,ERR,ERR,ERR,ERR,ERR,ERR,ERR,ERR,ERR,ERR,ERR,ERR,ERR,ERR,ERR,ERR,ERR,ERR,ERR,ERR,ERR,ERR,ERR,ERR,-107615400.0,-107615392.0,0.0,-0.0,0.0,1.3936040501711995e+18,7.805,-0.0,0,0,4,48850,6720,14723890282496.0,100,0.0,0.0,0.0,-0.0,0.0,0,0,0,0,0.0,0,0,0,0,0,0,0,0,0,0,0,0,0,0,0,0,0,0,0,0,0,0,0,0,0,0,0,0,0,0,0,0,0,26,51,50,76,65476,0,300,0,0,8,21553,0.0,-107605600.0,0.0,0.0,0.0,0.0,0.0,0.0,0.0,0.0,0.0,0.0,0.0,0.0,0.0,0.0,0.0,0.0,0.0,0.0,0.0,0.0,0.0,0.0,2.004,-2.004,0.0,0.0,0.0,0.0,4711.0,-0.0,7317.0,-0.0,-107615392.0,0.0,2.7184312818759872e+23,0.0,0.0,0.0,0.0,77,-107615360.0,0.0,0.0,0.0,0.0,0.0,0.0,0.0,0.0,0,0,0,0.0,0.0,0.0,0.0,0.0,0.0,0.0,0.0,0.0,0.0,0.0,0.0,0.0,0.0,0.0,0.0,0,-107875648.0,77,0.0,154,0.0,0.0,ERR,ERR,ERR,ERR,ERR,ERR,ERR,ERR,ERR,ERR,ERR,ERR,ERR,ERR,ERR,ERR,ERR,ERR,ERR,ERR,ERR,ERR,ERR,ERR,ERR,ERR,ERR,ERR,ERR,ERR,ERR,ERR,ERR,ERR,ERR,ERR,ERR,ERR,ERR,ERR,ERR,ERR,ERR,ERR,ERR,ERR,ERR,ERR,ERR,ERR,ERR,ERR,ERR,ERR,ERR,ERR,ERR,ERR,ERR,ERR,ERR,ERR,ERR,ERR,ERR,ERR,ERR,34.0,80.0,35,0.0,0.0,0.0,0.0,0.0,0.0,0.0,0.0,0.0,0.0,0.0,0.0,0.0,0.0,0.0,0.0,66.0,0,121,58,54,65476,0,300,0,0,8,20529,65476,0,0,57672,80.0,0.0,0.0,0.0,0.0,0.0
2026-06-18T02:08:56,ERR,ERR,ERR,ERR,ERR,ERR,ERR,ERR,ERR,ERR,ERR,ERR,ERR,ERR,ERR,ERR,ERR,ERR,ERR,ERR,ERR,ERR,ERR,ERR,ERR,ERR,ERR,ERR,ERR,ERR,ERR,ERR,ERR,ERR,ERR,ERR,ERR,ERR,ERR,ERR,ERR,ERR,ERR,ERR,ERR,ERR,ERR,ERR,ERR,ERR,ERR,ERR,ERR,ERR,ERR,ERR,ERR,ERR,ERR,ERR,ERR,ERR,ERR,ERR,ERR,ERR,ERR,ERR,ERR,ERR,ERR,ERR,ERR,ERR,ERR,ERR,ERR,ERR,ERR,ERR,ERR,ERR,ERR,ERR,ERR,ERR,ERR,ERR,ERR,ERR,ERR,ERR,ERR,ERR,ERR,ERR,ERR,ERR,ERR,ERR,ERR,ERR,ERR,ERR,ERR,ERR,ERR,ERR,ERR,ERR,ERR,ERR,ERR,ERR,ERR,ERR,ERR,ERR,ERR,ERR,ERR,ERR,ERR,ERR,ERR,-107615400.0,-107615392.0,0.0,-0.0,0.0,1.3936040501711995e+18,7.805,-0.0,0,0,4,48850,6720,14723890282496.0,100,0.0,0.0,0.0,-0.0,0.0,0,0,0,0,0.0,0,0,0,0,0,0,0,0,0,0,0,0,0,0,0,0,0,0,0,0,0,0,0,0,0,0,0,0,0,0,0,0,0,26,51,50,76,65476,0,300,0,0,8,21553,0.0,-107605600.0,0.0,0.0,0.0,0.0,0.0,0.0,0.0,0.0,0.0,0.0,0.0,0.0,0.0,0.0,0.0,0.0,0.0,0.0,0.0,0.0,0.0,0.0,2.004,-2.004,0.0,0.0,0.0,0.0,4711.0,-0.0,7317.0,-0.0,-107615392.0,0.0,2.7184312818759872e+23,0.0,0.0,0.0,0.0,77,-107615360.0,0.0,0.0,0.0,0.0,0.0,0.0,0.0,0.0,0,0,0,0.0,0.0,0.0,0.0,0.0,0.0,0.0,0.0,0.0,0.0,0.0,0.0,0.0,0.0,0.0,0.0,0,-107875648.0,77,0.0,154,0.0,0.0,ERR,ERR,ERR,ERR,ERR,ERR,ERR,ERR,ERR,ERR,ERR,ERR,ERR,ERR,ERR,ERR,ERR,ERR,ERR,ERR,ERR,ERR,ERR,ERR,ERR,ERR,ERR,ERR,ERR,ERR,ERR,ERR,ERR,ERR,ERR,ERR,ERR,ERR,ERR,ERR,ERR,ERR,ERR,ERR,ERR,ERR,ERR,ERR,ERR,ERR,ERR,ERR,ERR,ERR,ERR,ERR,ERR,ERR,ERR,ERR,ERR,ERR,ERR,ERR,ERR,ERR,ERR,34.0,80.0,35,0.0,0.0,0.0,0.0,0.0,0.0,0.0,0.0,0.0,0.0,0.0,0.0,0.0,0.0,0.0,0.0,66.0,0,121,58,54,65476,0,300,0,0,8,20529,65476,0,0,57672,80.0,0.0,0.0,0.0,0.0,0.0
2026-06-18T02:08:57,ERR,ERR,ERR,ERR,ERR,ERR,ERR,ERR,ERR,ERR,ERR,ERR,ERR,ERR,ERR,ERR,ERR,ERR,ERR,ERR,ERR,ERR,ERR,ERR,ERR,ERR,ERR,ERR,ERR,ERR,ERR,ERR,ERR,ERR,ERR,ERR,ERR,ERR,ERR,ERR,ERR,ERR,ERR,ERR,ERR,ERR,ERR,ERR,ERR,ERR,ERR,ERR,ERR,ERR,ERR,ERR,ERR,ERR,ERR,ERR,ERR,ERR,ERR,ERR,ERR,ERR,ERR,ERR,ERR,ERR,ERR,ERR,ERR,ERR,ERR,ERR,ERR,ERR,ERR,ERR,ERR,ERR,ERR,ERR,ERR,ERR,ERR,ERR,ERR,ERR,ERR,ERR,ERR,ERR,ERR,ERR,ERR,ERR,ERR,ERR,ERR,ERR,ERR,ERR,ERR,ERR,ERR,ERR,ERR,ERR,ERR,ERR,ERR,ERR,ERR,ERR,ERR,ERR,ERR,ERR,ERR,ERR,ERR,ERR,ERR,-107615400.0,-107615392.0,0.0,-0.0,0.0,1.3936040501711995e+18,7.805,-0.0,0,0,4,48850,6720,14723890282496.0,100,0.0,0.0,0.0,-0.0,0.0,0,0,0,0,0.0,0,0,0,0,0,0,0,0,0,0,0,0,0,0,0,0,0,0,0,0,0,0,0,0,0,0,0,0,0,0,0,0,0,26,51,50,76,65476,0,300,0,0,8,21553,0.0,-107605600.0,0.0,0.0,0.0,0.0,0.0,0.0,0.0,0.0,0.0,0.0,0.0,0.0,0.0,0.0,0.0,0.0,0.0,0.0,0.0,0.0,0.0,0.0,2.004,-2.004,0.0,0.0,0.0,0.0,4711.0,-0.0,7317.0,-0.0,-107615392.0,0.0,2.7184312818759872e+23,0.0,0.0,0.0,0.0,77,-107615360.0,0.0,0.0,0.0,0.0,0.0,0.0,0.0,0.0,0,0,0,0.0,0.0,0.0,0.0,0.0,0.0,0.0,0.0,0.0,0.0,0.0,0.0,0.0,0.0,0.0,0.0,0,-107875648.0,77,0.0,154,0.0,0.0,ERR,ERR,ERR,ERR,ERR,ERR,ERR,ERR,ERR,ERR,ERR,ERR,ERR,ERR,ERR,ERR,ERR,ERR,ERR,ERR,ERR,ERR,ERR,ERR,ERR,ERR,ERR,ERR,ERR,ERR,ERR,ERR,ERR,ERR,ERR,ERR,ERR,ERR,ERR,ERR,ERR,ERR,ERR,ERR,ERR,ERR,ERR,ERR,ERR,ERR,ERR,ERR,ERR,ERR,ERR,ERR,ERR,ERR,ERR,ERR,ERR,ERR,ERR,ERR,ERR,ERR,ERR,34.0,80.0,35,0.0,0.0,0.0,0.0,0.0,0.0,0.0,0.0,0.0,0.0,0.0,0.0,0.0,0.0,0.0,0.0,66.0,0,121,58,54,65476,0,300,0,0,8,20529,65476,0,0,57672,80.0,0.0,0.0,0.0,0.0,0.0
2026-06-18T02:08:58,ERR,ERR,ERR,ERR,ERR,ERR,ERR,ERR,ERR,ERR,ERR,ERR,ERR,ERR,ERR,ERR,ERR,ERR,ERR,ERR,ERR,ERR,ERR,ERR,ERR,ERR,ERR,ERR,ERR,ERR,ERR,ERR,ERR,ERR,ERR,ERR,ERR,ERR,ERR,ERR,ERR,ERR,ERR,ERR,ERR,ERR,ERR,ERR,ERR,ERR,ERR,ERR,ERR,ERR,ERR,ERR,ERR,ERR,ERR,ERR,ERR,ERR,ERR,ERR,ERR,ERR,ERR,ERR,ERR,ERR,ERR,ERR,ERR,ERR,ERR,ERR,ERR,ERR,ERR,ERR,ERR,ERR,ERR,ERR,ERR,ERR,ERR,ERR,ERR,ERR,ERR,ERR,ERR,ERR,ERR,ERR,ERR,ERR,ERR,ERR,ERR,ERR,ERR,ERR,ERR,ERR,ERR,ERR,ERR,ERR,ERR,ERR,ERR,ERR,ERR,ERR,ERR,ERR,ERR,ERR,ERR,ERR,ERR,ERR,ERR,-0.0,-107615392.0,-134999232.0,2.718290229135658e+23,0.0,1.3936040501711995e+18,7.805,2.2722174697351414e+18,0,0,4,48852,6720,14723890282496.0,100,0.0,0.0,0.0,2.718290229135658e+23,0.0,0,0,0,0,0.0,0,0,0,0,0,0,0,0,0,0,0,0,0,0,0,0,0,0,0,0,0,0,0,0,0,0,0,0,0,0,0,0,0,26,51,50,76,65476,0,300,0,0,8,21553,0.0,-107605600.0,0.0,0.0,0.0,0.0,0.0,0.0,0.0,0.0,0.0,0.0,0.0,0.0,0.0,0.0,0.0,0.0,0.0,0.0,0.0,0.0,2.004,0.0,2.004,-2.004,0.0,0.0,0.0,0.0,4710.0,-2.004,7320.0,-0.0,-107615392.0,0.0,2.7184312818759872e+23,0.0,0.0,0.0,0.0,77,-107615360.0,0.0,0.0,0.0,0.0,0.0,0.0,0.0,0.0,0,0,0,0.0,0.0,0.0,0.0,0.0,0.0,0.0,0.0,0.0,0.0,0.0,0.0,0.0,0.0,0.0,0.0,0,-107875648.0,77,0.0,154,0.0,0.0,ERR,ERR,ERR,ERR,ERR,ERR,ERR,ERR,ERR,ERR,ERR,ERR,ERR,ERR,ERR,ERR,ERR,ERR,ERR,ERR,ERR,ERR,ERR,ERR,ERR,ERR,ERR,ERR,ERR,ERR,ERR,ERR,ERR,ERR,ERR,ERR,ERR,ERR,ERR,ERR,ERR,ERR,ERR,ERR,ERR,ERR,ERR,ERR,ERR,ERR,ERR,ERR,ERR,ERR,ERR,ERR,ERR,ERR,ERR,ERR,ERR,ERR,ERR,ERR,ERR,ERR,ERR,34.0,80.0,35,0.0,0.0,0.0,0.0,0.0,0.0,0.0,0.0,0.0,0.0,0.0,0.0,0.0,0.0,0.0,0.0,66.0,0,121,58,54,65476,0,300,0,0,8,20529,65476,0,0,57672,80.0,0.0,0.0,0.0,0.0,0.0
2026-06-18T02:08:59,ERR,ERR,ERR,ERR,ERR,ERR,ERR,ERR,ERR,ERR,ERR,ERR,ERR,ERR,ERR,ERR,ERR,ERR,ERR,ERR,ERR,ERR,ERR,ERR,ERR,ERR,ERR,ERR,ERR,ERR,ERR,ERR,ERR,ERR,ERR,ERR,ERR,ERR,ERR,ERR,ERR,ERR,ERR,ERR,ERR,ERR,ERR,ERR,ERR,ERR,ERR,ERR,ERR,ERR,ERR,ERR,ERR,ERR,ERR,ERR,ERR,ERR,ERR,ERR,ERR,ERR,ERR,ERR,ERR,ERR,ERR,ERR,ERR,ERR,ERR,ERR,ERR,ERR,ERR,ERR,ERR,ERR,ERR,ERR,ERR,ERR,ERR,ERR,ERR,ERR,ERR,ERR,ERR,ERR,ERR,ERR,ERR,ERR,ERR,ERR,ERR,ERR,ERR,ERR,ERR,ERR,ERR,ERR,ERR,ERR,ERR,ERR,ERR,ERR,ERR,ERR,ERR,ERR,ERR,ERR,ERR,ERR,ERR,ERR,ERR,-0.0,-107615392.0,-134999232.0,2.718290229135658e+23,0.0,1.3936040501711995e+18,7.805,2.2722174697351414e+18,0,0,4,48852,6720,14723890282496.0,100,0.0,0.0,0.0,2.718290229135658e+23,0.0,0,0,0,0,0.0,0,0,0,0,0,0,0,0,0,0,0,0,0,0,0,0,0,0,0,0,0,0,0,0,0,0,0,0,0,0,0,0,0,26,51,50,76,65476,0,300,0,0,8,21553,0.0,-107605600.0,0.0,0.0,0.0,0.0,0.0,0.0,0.0,0.0,0.0,0.0,0.0,0.0,0.0,0.0,0.0,0.0,0.0,0.0,0.0,0.0,2.004,0.0,2.004,-2.004,0.0,0.0,0.0,0.0,4710.0,-2.004,7320.0,-0.0,-107615392.0,0.0,2.7184312818759872e+23,0.0,0.0,0.0,0.0,77,-107615360.0,0.0,0.0,0.0,0.0,0.0,0.0,0.0,0.0,0,0,0,0.0,0.0,0.0,0.0,0.0,0.0,0.0,0.0,0.0,0.0,0.0,0.0,0.0,0.0,0.0,0.0,0,-107875648.0,77,0.0,154,0.0,0.0,ERR,ERR,ERR,ERR,ERR,ERR,ERR,ERR,ERR,ERR,ERR,ERR,ERR,ERR,ERR,ERR,ERR,ERR,ERR,ERR,ERR,ERR,ERR,ERR,ERR,ERR,ERR,ERR,ERR,ERR,ERR,ERR,ERR,ERR,ERR,ERR,ERR,ERR,ERR,ERR,ERR,ERR,ERR,ERR,ERR,ERR,ERR,ERR,ERR,ERR,ERR,ERR,ERR,ERR,ERR,ERR,ERR,ERR,ERR,ERR,ERR,ERR,ERR,ERR,ERR,ERR,ERR,34.0,80.0,35,0.0,0.0,0.0,0.0,0.0,0.0,0.0,0.0,0.0,0.0,0.0,0.0,0.0,0.0,0.0,0.0,66.0,0,121,58,54,65476,0,300,0,0,8,20529,65476,0,0,57672,80.0,0.0,0.0,0.0,0.0,0.0
2026-06-18T02:09:00,ERR,ERR,ERR,ERR,ERR,ERR,ERR,ERR,ERR,ERR,ERR,ERR,ERR,ERR,ERR,ERR,ERR,ERR,ERR,ERR,ERR,ERR,ERR,ERR,ERR,ERR,ERR,ERR,ERR,ERR,ERR,ERR,ERR,ERR,ERR,ERR,ERR,ERR,ERR,ERR,ERR,ERR,ERR,ERR,ERR,ERR,ERR,ERR,ERR,ERR,ERR,ERR,ERR,ERR,ERR,ERR,ERR,ERR,ERR,ERR,ERR,ERR,ERR,ERR,ERR,ERR,ERR,ERR,ERR,ERR,ERR,ERR,ERR,ERR,ERR,ERR,ERR,ERR,ERR,ERR,ERR,ERR,ERR,ERR,ERR,ERR,ERR,ERR,ERR,ERR,ERR,ERR,ERR,ERR,ERR,ERR,ERR,ERR,ERR,ERR,ERR,ERR,ERR,ERR,ERR,ERR,ERR,ERR,ERR,ERR,ERR,ERR,ERR,ERR,ERR,ERR,ERR,ERR,ERR,ERR,ERR,ERR,ERR,ERR,ERR,-0.0,-107615392.0,-134999232.0,2.718290229135658e+23,0.0,1.3936040501711995e+18,7.805,2.2722174697351414e+18,0,0,4,48852,6720,14723890282496.0,100,0.0,0.0,0.0,2.718290229135658e+23,0.0,0,0,0,0,0.0,0,0,0,0,0,0,0,0,0,0,0,0,0,0,0,0,0,0,0,0,0,0,0,0,0,0,0,0,0,0,0,0,0,26,51,50,76,65476,0,300,0,0,8,21553,0.0,-107605600.0,0.0,0.0,0.0,0.0,0.0,0.0,0.0,0.0,0.0,0.0,0.0,0.0,0.0,0.0,0.0,0.0,0.0,0.0,0.0,0.0,2.004,0.0,2.004,-2.004,0.0,0.0,0.0,0.0,4710.0,-2.004,7320.0,-0.0,-107615392.0,0.0,2.7184312818759872e+23,0.0,0.0,0.0,0.0,77,-107615360.0,0.0,0.0,0.0,0.0,0.0,0.0,0.0,0.0,0,0,0,0.0,0.0,0.0,0.0,0.0,0.0,0.0,0.0,0.0,0.0,0.0,0.0,0.0,0.0,0.0,0.0,0,-107875648.0,77,0.0,154,0.0,0.0,ERR,ERR,ERR,ERR,ERR,ERR,ERR,ERR,ERR,ERR,ERR,ERR,ERR,ERR,ERR,ERR,ERR,ERR,ERR,ERR,ERR,ERR,ERR,ERR,ERR,ERR,ERR,ERR,ERR,ERR,ERR,ERR,ERR,ERR,ERR,ERR,ERR,ERR,ERR,ERR,ERR,ERR,ERR,ERR,ERR,ERR,ERR,ERR,ERR,ERR,ERR,ERR,ERR,ERR,ERR,ERR,ERR,ERR,ERR,ERR,ERR,ERR,ERR,ERR,ERR,ERR,ERR,34.0,80.0,35,0.0,0.0,0.0,0.0,0.0,0.0,0.0,0.0,0.0,0.0,0.0,0.0,0.0,0.0,0.0,0.0,66.0,0,121,58,54,65476,0,300,0,0,8,20529,65476,0,0,57672,80.0,0.0,0.0,0.0,0.0,0.0
2026-06-18T02:09:01,ERR,ERR,ERR,ERR,ERR,ERR,ERR,ERR,ERR,ERR,ERR,ERR,ERR,ERR,ERR,ERR,ERR,ERR,ERR,ERR,ERR,ERR,ERR,ERR,ERR,ERR,ERR,ERR,ERR,ERR,ERR,ERR,ERR,ERR,ERR,ERR,ERR,ERR,ERR,ERR,ERR,ERR,ERR,ERR,ERR,ERR,ERR,ERR,ERR,ERR,ERR,ERR,ERR,ERR,ERR,ERR,ERR,ERR,ERR,ERR,ERR,ERR,ERR,ERR,ERR,ERR,ERR,ERR,ERR,ERR,ERR,ERR,ERR,ERR,ERR,ERR,ERR,ERR,ERR,ERR,ERR,ERR,ERR,ERR,ERR,ERR,ERR,ERR,ERR,ERR,ERR,ERR,ERR,ERR,ERR,ERR,ERR,ERR,ERR,ERR,ERR,ERR,ERR,ERR,ERR,ERR,ERR,ERR,ERR,ERR,ERR,ERR,ERR,ERR,ERR,ERR,ERR,ERR,ERR,ERR,ERR,ERR,ERR,ERR,ERR,-0.0,-107615392.0,-134999232.0,2.718290229135658e+23,0.0,1.3936040501711995e+18,7.805,2.2722174697351414e+18,0,0,4,48852,6720,14723890282496.0,100,0.0,0.0,0.0,2.718290229135658e+23,0.0,0,0,0,0,0.0,0,0,0,0,0,0,0,0,0,0,0,0,0,0,0,0,0,0,0,0,0,0,0,0,0,0,0,0,0,0,0,0,0,26,51,50,76,65476,0,300,0,0,8,21553,0.0,-107605600.0,0.0,0.0,0.0,0.0,0.0,0.0,0.0,0.0,0.0,0.0,0.0,0.0,0.0,0.0,0.0,0.0,0.0,0.0,0.0,0.0,2.004,0.0,2.004,-2.004,0.0,0.0,0.0,0.0,4710.0,-2.004,7320.0,-0.0,-107615392.0,0.0,2.7184312818759872e+23,0.0,0.0,0.0,0.0,77,-107615360.0,0.0,0.0,0.0,0.0,0.0,0.0,0.0,0.0,0,0,0,0.0,0.0,0.0,0.0,0.0,0.0,0.0,0.0,0.0,0.0,0.0,0.0,0.0,0.0,0.0,0.0,0,-107875648.0,77,0.0,154,0.0,0.0,ERR,ERR,ERR,ERR,ERR,ERR,ERR,ERR,ERR,ERR,ERR,ERR,ERR,ERR,ERR,ERR,ERR,ERR,ERR,ERR,ERR,ERR,ERR,ERR,ERR,ERR,ERR,ERR,ERR,ERR,ERR,ERR,ERR,ERR,ERR,ERR,ERR,ERR,ERR,ERR,ERR,ERR,ERR,ERR,ERR,ERR,ERR,ERR,ERR,ERR,ERR,ERR,ERR,ERR,ERR,ERR,ERR,ERR,ERR,ERR,ERR,ERR,ERR,ERR,ERR,ERR,ERR,34.0,80.0,35,0.0,0.0,0.0,0.0,0.0,0.0,0.0,0.0,0.0,0.0,0.0,0.0,0.0,0.0,0.0,0.0,66.0,0,121,58,54,65476,0,300,0,0,8,20529,65476,0,0,57672,80.0,0.0,0.0,0.0,0.0,0.0
2026-06-18T02:09:02,ERR,ERR,ERR,ERR,ERR,ERR,ERR,ERR,ERR,ERR,ERR,ERR,ERR,ERR,ERR,ERR,ERR,ERR,ERR,ERR,ERR,ERR,ERR,ERR,ERR,ERR,ERR,ERR,ERR,ERR,ERR,ERR,ERR,ERR,ERR,ERR,ERR,ERR,ERR,ERR,ERR,ERR,ERR,ERR,ERR,ERR,ERR,ERR,ERR,ERR,ERR,ERR,ERR,ERR,ERR,ERR,ERR,ERR,ERR,ERR,ERR,ERR,ERR,ERR,ERR,ERR,ERR,ERR,ERR,ERR,ERR,ERR,ERR,ERR,ERR,ERR,ERR,ERR,ERR,ERR,ERR,ERR,ERR,ERR,ERR,ERR,ERR,ERR,ERR,ERR,ERR,ERR,ERR,ERR,ERR,ERR,ERR,ERR,ERR,ERR,ERR,ERR,ERR,ERR,ERR,ERR,ERR,ERR,ERR,ERR,ERR,ERR,ERR,ERR,ERR,ERR,ERR,ERR,ERR,ERR,ERR,ERR,ERR,ERR,ERR,-0.0,-107615392.0,-134999232.0,2.718290229135658e+23,0.0,1.3936040501711995e+18,7.805,2.2722174697351414e+18,0,0,4,48852,6720,14723890282496.0,100,0.0,0.0,0.0,2.718290229135658e+23,0.0,0,0,0,0,0.0,0,0,0,0,0,0,0,0,0,0,0,0,0,0,0,0,0,0,0,0,0,0,0,0,0,0,0,0,0,0,0,0,0,26,51,50,76,65476,0,300,0,0,8,21553,0.0,-107605600.0,0.0,0.0,0.0,0.0,0.0,0.0,0.0,0.0,0.0,0.0,0.0,0.0,0.0,0.0,0.0,0.0,0.0,0.0,0.0,0.0,2.004,0.0,2.004,-2.004,0.0,0.0,0.0,0.0,4710.0,-2.004,7320.0,-0.0,-107615392.0,0.0,2.7184312818759872e+23,0.0,0.0,0.0,0.0,77,-107615360.0,0.0,0.0,0.0,0.0,0.0,0.0,0.0,0.0,0,0,0,0.0,0.0,0.0,0.0,0.0,0.0,0.0,0.0,0.0,0.0,0.0,0.0,0.0,0.0,0.0,0.0,0,-107875648.0,77,0.0,154,0.0,0.0,ERR,ERR,ERR,ERR,ERR,ERR,ERR,ERR,ERR,ERR,ERR,ERR,ERR,ERR,ERR,ERR,ERR,ERR,ERR,ERR,ERR,ERR,ERR,ERR,ERR,ERR,ERR,ERR,ERR,ERR,ERR,ERR,ERR,ERR,ERR,ERR,ERR,ERR,ERR,ERR,ERR,ERR,ERR,ERR,ERR,ERR,ERR,ERR,ERR,ERR,ERR,ERR,ERR,ERR,ERR,ERR,ERR,ERR,ERR,ERR,ERR,ERR,ERR,ERR,ERR,ERR,ERR,34.0,80.0,35,0.0,0.0,0.0,0.0,0.0,0.0,0.0,0.0,0.0,0.0,0.0,0.0,0.0,0.0,0.0,0.0,66.0,0,121,58,54,65476,0,300,0,0,8,20529,65476,0,0,57672,80.0,0.0,0.0,0.0,0.0,0.0
2026-06-18T02:09:03,ERR,ERR,ERR,ERR,ERR,ERR,ERR,ERR,ERR,ERR,ERR,ERR,ERR,ERR,ERR,ERR,ERR,ERR,ERR,ERR,ERR,ERR,ERR,ERR,ERR,ERR,ERR,ERR,ERR,ERR,ERR,ERR,ERR,ERR,ERR,ERR,ERR,ERR,ERR,ERR,ERR,ERR,ERR,ERR,ERR,ERR,ERR,ERR,ERR,ERR,ERR,ERR,ERR,ERR,ERR,ERR,ERR,ERR,ERR,ERR,ERR,ERR,ERR,ERR,ERR,ERR,ERR,ERR,ERR,ERR,ERR,ERR,ERR,ERR,ERR,ERR,ERR,ERR,ERR,ERR,ERR,ERR,ERR,ERR,ERR,ERR,ERR,ERR,ERR,ERR,ERR,ERR,ERR,ERR,ERR,ERR,ERR,ERR,ERR,ERR,ERR,ERR,ERR,ERR,ERR,ERR,ERR,ERR,ERR,ERR,ERR,ERR,ERR,ERR,ERR,ERR,ERR,ERR,ERR,ERR,ERR,ERR,ERR,ERR,ERR,-0.0,-107615392.0,-134999232.0,-152005385388032.0,0.0,1.3936040501711995e+18,7.805,1.1096074633774859e+29,0,0,4,48859,6720,14723890282496.0,100,0.0,0.0,0.0,0.059,0.0,0,0,0,0,0.0,0,0,0,0,0,0,0,0,0,0,0,0,0,0,0,0,0,0,0,0,0,0,0,0,0,0,0,0,0,0,0,0,0,26,51,50,76,65476,0,300,0,0,8,21553,0.0,-107605600.0,0.0,0.0,0.0,0.0,0.0,0.0,0.0,0.0,0.0,0.0,0.0,0.0,0.0,0.0,0.0,0.0,0.0,0.0,0.0,0.0,0.0,0.0,2.004,-2.004,0.0,0.0,0.0,0.0,4710.0,-3.697182175382838e+19,7324.0,-0.0,-107615392.0,0.0,2.7184312818759872e+23,0.0,0.0,0.0,0.0,77,-71.63,89220.477,0.0,0.0,0.0,0.0,0.0,0.0,0.0,0,0,0,0.0,0.0,0.0,0.0,0.0,0.0,0.0,0.0,0.0,0.0,0.0,0.0,0.0,0.0,0.0,0.0,0,-107875648.0,77,0.0,154,0.0,0.0,ERR,ERR,ERR,ERR,ERR,ERR,ERR,ERR,ERR,ERR,ERR,ERR,ERR,ERR,ERR,ERR,ERR,ERR,ERR,ERR,ERR,ERR,ERR,ERR,ERR,ERR,ERR,ERR,ERR,ERR,ERR,ERR,ERR,ERR,ERR,ERR,ERR,ERR,ERR,ERR,ERR,ERR,ERR,ERR,ERR,ERR,ERR,ERR,ERR,ERR,ERR,ERR,ERR,ERR,ERR,ERR,ERR,ERR,ERR,ERR,ERR,ERR,ERR,ERR,ERR,ERR,ERR,34.0,80.0,35,0.0,0.0,0.0,0.0,0.0,0.0,0.0,0.0,0.0,0.0,0.0,0.0,0.0,0.0,0.0,0.0,66.4,0,121,58,54,65476,0,300,0,0,8,20529,65476,0,0,57672,80.0,0.0,0.0,0.0,0.0,0.0
2026-06-18T02:09:04,ERR,ERR,ERR,ERR,ERR,ERR,ERR,ERR,ERR,ERR,ERR,ERR,ERR,ERR,ERR,ERR,ERR,ERR,ERR,ERR,ERR,ERR,ERR,ERR,ERR,ERR,ERR,ERR,ERR,ERR,ERR,ERR,ERR,ERR,ERR,ERR,ERR,ERR,ERR,ERR,ERR,ERR,ERR,ERR,ERR,ERR,ERR,ERR,ERR,ERR,ERR,ERR,ERR,ERR,ERR,ERR,ERR,ERR,ERR,ERR,ERR,ERR,ERR,ERR,ERR,ERR,ERR,ERR,ERR,ERR,ERR,ERR,ERR,ERR,ERR,ERR,ERR,ERR,ERR,ERR,ERR,ERR,ERR,ERR,ERR,ERR,ERR,ERR,ERR,ERR,ERR,ERR,ERR,ERR,ERR,ERR,ERR,ERR,ERR,ERR,ERR,ERR,ERR,ERR,ERR,ERR,ERR,ERR,ERR,ERR,ERR,ERR,ERR,ERR,ERR,ERR,ERR,ERR,ERR,ERR,ERR,ERR,ERR,ERR,ERR,-0.0,-107615392.0,-134999232.0,-152005385388032.0,0.0,1.3936040501711995e+18,7.805,1.1096074633774859e+29,0,0,4,48859,6720,14723890282496.0,100,0.0,0.0,0.0,0.059,0.0,0,0,0,0,0.0,0,0,0,0,0,0,0,0,0,0,0,0,0,0,0,0,0,0,0,0,0,0,0,0,0,0,0,0,0,0,0,0,0,26,51,50,76,65476,0,300,0,0,8,21553,0.0,-107605600.0,0.0,0.0,0.0,0.0,0.0,0.0,0.0,0.0,0.0,0.0,0.0,0.0,0.0,0.0,0.0,0.0,0.0,0.0,0.0,0.0,0.0,0.0,2.004,-2.004,0.0,0.0,0.0,0.0,4710.0,-3.697182175382838e+19,7324.0,-0.0,-107615392.0,0.0,2.7184312818759872e+23,0.0,0.0,0.0,0.0,77,-71.63,89220.477,0.0,0.0,0.0,0.0,0.0,0.0,0.0,0,0,0,0.0,0.0,0.0,0.0,0.0,0.0,0.0,0.0,0.0,0.0,0.0,0.0,0.0,0.0,0.0,0.0,0,-107875648.0,77,0.0,154,0.0,0.0,ERR,ERR,ERR,ERR,ERR,ERR,ERR,ERR,ERR,ERR,ERR,ERR,ERR,ERR,ERR,ERR,ERR,ERR,ERR,ERR,ERR,ERR,ERR,ERR,ERR,ERR,ERR,ERR,ERR,ERR,ERR,ERR,ERR,ERR,ERR,ERR,ERR,ERR,ERR,ERR,ERR,ERR,ERR,ERR,ERR,ERR,ERR,ERR,ERR,ERR,ERR,ERR,ERR,ERR,ERR,ERR,ERR,ERR,ERR,ERR,ERR,ERR,ERR,ERR,ERR,ERR,ERR,34.0,80.0,35,0.0,0.0,0.0,0.0,0.0,0.0,0.0,0.0,0.0,0.0,0.0,0.0,0.0,0.0,0.0,0.0,66.4,0,121,58,54,65476,0,300,0,0,8,20529,65476,0,0,57672,80.0,0.0,0.0,0.0,0.0,0.0
2026-06-18T02:09:05,ERR,ERR,ERR,ERR,ERR,ERR,ERR,ERR,ERR,ERR,ERR,ERR,ERR,ERR,ERR,ERR,ERR,ERR,ERR,ERR,ERR,ERR,ERR,ERR,ERR,ERR,ERR,ERR,ERR,ERR,ERR,ERR,ERR,ERR,ERR,ERR,ERR,ERR,ERR,ERR,ERR,ERR,ERR,ERR,ERR,ERR,ERR,ERR,ERR,ERR,ERR,ERR,ERR,ERR,ERR,ERR,ERR,ERR,ERR,ERR,ERR,ERR,ERR,ERR,ERR,ERR,ERR,ERR,ERR,ERR,ERR,ERR,ERR,ERR,ERR,ERR,ERR,ERR,ERR,ERR,ERR,ERR,ERR,ERR,ERR,ERR,ERR,ERR,ERR,ERR,ERR,ERR,ERR,ERR,ERR,ERR,ERR,ERR,ERR,ERR,ERR,ERR,ERR,ERR,ERR,ERR,ERR,ERR,ERR,ERR,ERR,ERR,ERR,ERR,ERR,ERR,ERR,ERR,ERR,ERR,ERR,ERR,ERR,ERR,ERR,-0.0,-107615392.0,-134999232.0,-152005385388032.0,0.0,1.3936040501711995e+18,7.805,1.1096074633774859e+29,0,0,4,48859,6720,14723890282496.0,100,0.0,0.0,0.0,0.059,0.0,0,0,0,0,0.0,0,0,0,0,0,0,0,0,0,0,0,0,0,0,0,0,0,0,0,0,0,0,0,0,0,0,0,0,0,0,0,0,0,26,51,50,76,65476,0,300,0,0,8,21553,0.0,-107605600.0,0.0,0.0,0.0,0.0,0.0,0.0,0.0,0.0,0.0,0.0,0.0,0.0,0.0,0.0,0.0,0.0,0.0,0.0,0.0,0.0,0.0,0.0,2.004,-2.004,0.0,0.0,0.0,0.0,4710.0,-3.697182175382838e+19,7324.0,-0.0,-107615392.0,0.0,2.7184312818759872e+23,0.0,0.0,0.0,0.0,77,-71.63,89220.477,0.0,0.0,0.0,0.0,0.0,0.0,0.0,0,0,0,0.0,0.0,0.0,0.0,0.0,0.0,0.0,0.0,0.0,0.0,0.0,0.0,0.0,0.0,0.0,0.0,0,-107875648.0,77,0.0,154,0.0,0.0,ERR,ERR,ERR,ERR,ERR,ERR,ERR,ERR,ERR,ERR,ERR,ERR,ERR,ERR,ERR,ERR,ERR,ERR,ERR,ERR,ERR,ERR,ERR,ERR,ERR,ERR,ERR,ERR,ERR,ERR,ERR,ERR,ERR,ERR,ERR,ERR,ERR,ERR,ERR,ERR,ERR,ERR,ERR,ERR,ERR,ERR,ERR,ERR,ERR,ERR,ERR,ERR,ERR,ERR,ERR,ERR,ERR,ERR,ERR,ERR,ERR,ERR,ERR,ERR,ERR,ERR,ERR,34.0,80.0,35,0.0,0.0,0.0,0.0,0.0,0.0,0.0,0.0,0.0,0.0,0.0,0.0,0.0,0.0,0.0,0.0,66.0,0,121,58,54,65476,0,300,0,0,8,20529,65476,0,0,57672,80.0,0.0,0.0,0.0,0.0,0.0
2026-06-18T02:09:06,ERR,ERR,ERR,ERR,ERR,ERR,ERR,ERR,ERR,ERR,ERR,ERR,ERR,ERR,ERR,ERR,ERR,ERR,ERR,ERR,ERR,ERR,ERR,ERR,ERR,ERR,ERR,ERR,ERR,ERR,ERR,ERR,ERR,ERR,ERR,ERR,ERR,ERR,ERR,ERR,ERR,ERR,ERR,ERR,ERR,ERR,ERR,ERR,ERR,ERR,ERR,ERR,ERR,ERR,ERR,ERR,ERR,ERR,ERR,ERR,ERR,ERR,ERR,ERR,ERR,ERR,ERR,ERR,ERR,ERR,ERR,ERR,ERR,ERR,ERR,ERR,ERR,ERR,ERR,ERR,ERR,ERR,ERR,ERR,ERR,ERR,ERR,ERR,ERR,ERR,ERR,ERR,ERR,ERR,ERR,ERR,ERR,ERR,ERR,ERR,ERR,ERR,ERR,ERR,ERR,ERR,ERR,ERR,ERR,ERR,ERR,ERR,ERR,ERR,ERR,ERR,ERR,ERR,ERR,ERR,ERR,ERR,ERR,ERR,ERR,-0.0,-107615392.0,-134999232.0,-152005385388032.0,0.0,1.3936040501711995e+18,7.805,1.1096074633774859e+29,0,0,4,48859,6720,14723890282496.0,100,0.0,0.0,0.0,0.059,0.0,0,0,0,0,0.0,0,0,0,0,0,0,0,0,0,0,0,0,0,0,0,0,0,0,0,0,0,0,0,0,0,0,0,0,0,0,0,0,0,26,51,50,76,65476,0,300,0,0,8,21553,0.0,-107605600.0,0.0,0.0,0.0,0.0,0.0,0.0,0.0,0.0,0.0,0.0,0.0,0.0,0.0,0.0,0.0,0.0,0.0,0.0,0.0,0.0,0.0,0.0,2.004,-2.004,0.0,0.0,0.0,0.0,4710.0,-3.697182175382838e+19,7324.0,-0.0,-107615392.0,0.0,2.7184312818759872e+23,0.0,0.0,0.0,0.0,77,-71.63,89220.477,0.0,0.0,0.0,0.0,0.0,0.0,0.0,0,0,0,0.0,0.0,0.0,0.0,0.0,0.0,0.0,0.0,0.0,0.0,0.0,0.0,0.0,0.0,0.0,0.0,0,-107875648.0,77,0.0,154,0.0,0.0,ERR,ERR,ERR,ERR,ERR,ERR,ERR,ERR,ERR,ERR,ERR,ERR,ERR,ERR,ERR,ERR,ERR,ERR,ERR,ERR,ERR,ERR,ERR,ERR,ERR,ERR,ERR,ERR,ERR,ERR,ERR,ERR,ERR,ERR,ERR,ERR,ERR,ERR,ERR,ERR,ERR,ERR,ERR,ERR,ERR,ERR,ERR,ERR,ERR,ERR,ERR,ERR,ERR,ERR,ERR,ERR,ERR,ERR,ERR,ERR,ERR,ERR,ERR,ERR,ERR,ERR,ERR,34.0,80.0,35,0.0,0.0,0.0,0.0,0.0,0.0,0.0,0.0,0.0,0.0,0.0,0.0,0.0,0.0,0.0,0.0,66.0,0,121,58,54,65476,0,300,0,0,8,20529,65476,0,0,57672,80.0,0.0,0.0,0.0,0.0,0.0
2026-06-18T02:09:07,ERR,ERR,ERR,ERR,ERR,ERR,ERR,ERR,ERR,ERR,ERR,ERR,ERR,ERR,ERR,ERR,ERR,ERR,ERR,ERR,ERR,ERR,ERR,ERR,ERR,ERR,ERR,ERR,ERR,ERR,ERR,ERR,ERR,ERR,ERR,ERR,ERR,ERR,ERR,ERR,ERR,ERR,ERR,ERR,ERR,ERR,ERR,ERR,ERR,ERR,ERR,ERR,ERR,ERR,ERR,ERR,ERR,ERR,ERR,ERR,ERR,ERR,ERR,ERR,ERR,ERR,ERR,ERR,ERR,ERR,ERR,ERR,ERR,ERR,ERR,ERR,ERR,ERR,ERR,ERR,ERR,ERR,ERR,ERR,ERR,ERR,ERR,ERR,ERR,ERR,ERR,ERR,ERR,ERR,ERR,ERR,ERR,ERR,ERR,ERR,ERR,ERR,ERR,ERR,ERR,ERR,ERR,ERR,ERR,ERR,ERR,ERR,ERR,ERR,ERR,ERR,ERR,ERR,ERR,ERR,ERR,ERR,ERR,ERR,ERR,-0.0,-107615392.0,-134999232.0,-152005385388032.0,0.0,1.3936040501711995e+18,7.805,1.1096074633774859e+29,0,0,4,48859,6720,14723890282496.0,100,0.0,0.0,0.0,0.059,0.0,0,0,0,0,0.0,0,0,0,0,0,0,0,0,0,0,0,0,0,0,0,0,0,0,0,0,0,0,0,0,0,0,0,0,0,0,0,0,0,26,51,50,76,65476,0,300,0,0,8,21553,0.0,-107605600.0,0.0,0.0,0.0,0.0,0.0,0.0,0.0,0.0,0.0,0.0,0.0,0.0,0.0,0.0,0.0,0.0,0.0,0.0,0.0,0.0,0.0,0.0,2.004,-2.004,0.0,0.0,0.0,0.0,4710.0,-3.697182175382838e+19,7324.0,-0.0,-107615392.0,0.0,2.7184312818759872e+23,0.0,0.0,0.0,0.0,77,-71.63,89220.477,0.0,0.0,0.0,0.0,0.0,0.0,0.0,0,0,0,0.0,0.0,0.0,0.0,0.0,0.0,0.0,0.0,0.0,0.0,0.0,0.0,0.0,0.0,0.0,0.0,0,-107875648.0,77,0.0,154,0.0,0.0,ERR,ERR,ERR,ERR,ERR,ERR,ERR,ERR,ERR,ERR,ERR,ERR,ERR,ERR,ERR,ERR,ERR,ERR,ERR,ERR,ERR,ERR,ERR,ERR,ERR,ERR,ERR,ERR,ERR,ERR,ERR,ERR,ERR,ERR,ERR,ERR,ERR,ERR,ERR,ERR,ERR,ERR,ERR,ERR,ERR,ERR,ERR,ERR,ERR,ERR,ERR,ERR,ERR,ERR,ERR,ERR,ERR,ERR,ERR,ERR,ERR,ERR,ERR,ERR,ERR,ERR,ERR,34.0,80.0,35,0.0,0.0,0.0,0.0,0.0,0.0,0.0,0.0,0.0,0.0,0.0,0.0,0.0,0.0,0.0,0.0,66.4,0,121,58,54,65476,0,300,0,0,8,20529,65476,0,0,57672,80.0,0.0,0.0,0.0,0.0,0.0
2026-06-18T02:09:08,ERR,ERR,ERR,ERR,ERR,ERR,ERR,ERR,ERR,ERR,ERR,ERR,ERR,ERR,ERR,ERR,ERR,ERR,ERR,ERR,ERR,ERR,ERR,ERR,ERR,ERR,ERR,ERR,ERR,ERR,ERR,ERR,ERR,ERR,ERR,ERR,ERR,ERR,ERR,ERR,ERR,ERR,ERR,ERR,ERR,ERR,ERR,ERR,ERR,ERR,ERR,ERR,ERR,ERR,ERR,ERR,ERR,ERR,ERR,ERR,ERR,ERR,ERR,ERR,ERR,ERR,ERR,ERR,ERR,ERR,ERR,ERR,ERR,ERR,ERR,ERR,ERR,ERR,ERR,ERR,ERR,ERR,ERR,ERR,ERR,ERR,ERR,ERR,ERR,ERR,ERR,ERR,ERR,ERR,ERR,ERR,ERR,ERR,ERR,ERR,ERR,ERR,ERR,ERR,ERR,ERR,ERR,ERR,ERR,ERR,ERR,ERR,ERR,ERR,ERR,ERR,ERR,ERR,ERR,ERR,ERR,ERR,ERR,ERR,ERR,-0.0,-107615392.0,-134999232.0,-152005385388032.0,0.0,1.3936040501711995e+18,7.805,1.1096074633774859e+29,0,0,4,48859,6720,14723890282496.0,100,0.0,0.0,0.0,0.059,0.0,0,0,0,0,0.0,0,0,0,0,0,0,0,0,0,0,0,0,0,0,0,0,0,0,0,0,0,0,0,0,0,0,0,0,0,0,0,0,0,26,51,50,76,65476,0,300,0,0,8,21553,0.0,-107605600.0,0.0,0.0,0.0,0.0,0.0,0.0,0.0,0.0,0.0,0.0,0.0,0.0,0.0,0.0,0.0,0.0,0.0,0.0,0.0,0.0,0.0,0.0,2.004,-2.004,0.0,0.0,0.0,0.0,4710.0,-3.697182175382838e+19,7324.0,-0.0,-107615392.0,0.0,2.7184312818759872e+23,0.0,0.0,0.0,0.0,77,-71.63,89220.477,0.0,0.0,0.0,0.0,0.0,0.0,0.0,0,0,0,0.0,0.0,0.0,0.0,0.0,0.0,0.0,0.0,0.0,0.0,0.0,0.0,0.0,0.0,0.0,0.0,0,-107875648.0,77,0.0,154,0.0,0.0,ERR,ERR,ERR,ERR,ERR,ERR,ERR,ERR,ERR,ERR,ERR,ERR,ERR,ERR,ERR,ERR,ERR,ERR,ERR,ERR,ERR,ERR,ERR,ERR,ERR,ERR,ERR,ERR,ERR,ERR,ERR,ERR,ERR,ERR,ERR,ERR,ERR,ERR,ERR,ERR,ERR,ERR,ERR,ERR,ERR,ERR,ERR,ERR,ERR,ERR,ERR,ERR,ERR,ERR,ERR,ERR,ERR,ERR,ERR,ERR,ERR,ERR,ERR,ERR,ERR,ERR,ERR,34.0,80.0,35,0.0,0.0,0.0,0.0,0.0,0.0,0.0,0.0,0.0,0.0,0.0,0.0,0.0,0.0,0.0,0.0,66.4,0,121,58,54,65476,0,300,0,0,8,20529,65476,0,0,57672,80.0,0.0,0.0,0.0,0.0,0.0
2026-06-18T02:09:09,ERR,ERR,ERR,ERR,ERR,ERR,ERR,ERR,ERR,ERR,ERR,ERR,ERR,ERR,ERR,ERR,ERR,ERR,ERR,ERR,ERR,ERR,ERR,ERR,ERR,ERR,ERR,ERR,ERR,ERR,ERR,ERR,ERR,ERR,ERR,ERR,ERR,ERR,ERR,ERR,ERR,ERR,ERR,ERR,ERR,ERR,ERR,ERR,ERR,ERR,ERR,ERR,ERR,ERR,ERR,ERR,ERR,ERR,ERR,ERR,ERR,ERR,ERR,ERR,ERR,ERR,ERR,ERR,ERR,ERR,ERR,ERR,ERR,ERR,ERR,ERR,ERR,ERR,ERR,ERR,ERR,ERR,ERR,ERR,ERR,ERR,ERR,ERR,ERR,ERR,ERR,ERR,ERR,ERR,ERR,ERR,ERR,ERR,ERR,ERR,ERR,ERR,ERR,ERR,ERR,ERR,ERR,ERR,ERR,ERR,ERR,ERR,ERR,ERR,ERR,ERR,ERR,ERR,ERR,ERR,ERR,ERR,ERR,ERR,ERR,-0.0,-107615392.0,-134999232.0,-0.0,0.0,1.3936040501711995e+18,7.805,2.324635497035093e+34,0,0,4,48852,6720,14723890282496.0,100,0.0,0.0,0.0,0.059,0.0,0,0,0,0,0.0,0,0,0,0,0,0,0,0,0,0,0,0,0,0,0,0,0,0,0,0,0,0,0,0,0,0,0,0,0,0,0,0,0,26,51,50,76,65476,0,300,0,0,8,21553,0.0,-107605600.0,0.0,0.0,0.0,0.0,0.0,0.0,0.0,0.0,0.0,0.0,0.0,0.0,0.0,0.0,0.0,0.0,0.0,0.0,0.0,0.0,0.0,0.0,2.004,-2.004,0.0,0.0,0.0,0.0,4713.0,-1.5879276530623424e+29,7326.0,-0.0,-107615392.0,0.0,2.7184312818759872e+23,0.0,0.0,0.0,0.0,77,-152018488393728.0,89220.477,0.0,0.0,0.0,0.0,0.0,0.0,0.0,0,0,0,0.0,0.0,0.0,0.0,0.0,0.0,0.0,0.0,0.0,0.0,0.0,0.0,0.0,0.0,0.0,0.0,0,-107875648.0,77,0.0,154,0.0,0.0,ERR,ERR,ERR,ERR,ERR,ERR,ERR,ERR,ERR,ERR,ERR,ERR,ERR,ERR,ERR,ERR,ERR,ERR,ERR,ERR,ERR,ERR,ERR,ERR,ERR,ERR,ERR,ERR,ERR,ERR,ERR,ERR,ERR,ERR,ERR,ERR,ERR,ERR,ERR,ERR,ERR,ERR,ERR,ERR,ERR,ERR,ERR,ERR,ERR,ERR,ERR,ERR,ERR,ERR,ERR,ERR,ERR,ERR,ERR,ERR,ERR,ERR,ERR,ERR,ERR,ERR,ERR,34.0,80.0,35,0.0,0.0,0.0,0.0,0.0,0.0,0.0,0.0,0.0,0.0,0.0,0.0,0.0,0.0,0.0,0.0,66.0,0,121,58,54,65476,0,300,0,0,8,20529,65476,0,0,57672,80.0,0.0,0.0,0.0,0.0,0.0
2026-06-18T02:09:10,ERR,ERR,ERR,ERR,ERR,ERR,ERR,ERR,ERR,ERR,ERR,ERR,ERR,ERR,ERR,ERR,ERR,ERR,ERR,ERR,ERR,ERR,ERR,ERR,ERR,ERR,ERR,ERR,ERR,ERR,ERR,ERR,ERR,ERR,ERR,ERR,ERR,ERR,ERR,ERR,ERR,ERR,ERR,ERR,ERR,ERR,ERR,ERR,ERR,ERR,ERR,ERR,ERR,ERR,ERR,ERR,ERR,ERR,ERR,ERR,ERR,ERR,ERR,ERR,ERR,ERR,ERR,ERR,ERR,ERR,ERR,ERR,ERR,ERR,ERR,ERR,ERR,ERR,ERR,ERR,ERR,ERR,ERR,ERR,ERR,ERR,ERR,ERR,ERR,ERR,ERR,ERR,ERR,ERR,ERR,ERR,ERR,ERR,ERR,ERR,ERR,ERR,ERR,ERR,ERR,ERR,ERR,ERR,ERR,ERR,ERR,ERR,ERR,ERR,ERR,ERR,ERR,ERR,ERR,ERR,ERR,ERR,ERR,ERR,ERR,-0.0,-107615392.0,-134999232.0,-0.0,0.0,1.3936040501711995e+18,7.805,2.324635497035093e+34,0,0,4,48852,6720,14723890282496.0,100,0.0,0.0,0.0,0.059,0.0,0,0,0,0,0.0,0,0,0,0,0,0,0,0,0,0,0,0,0,0,0,0,0,0,0,0,0,0,0,0,0,0,0,0,0,0,0,0,0,26,51,50,76,65476,0,300,0,0,8,21553,0.0,-107605600.0,0.0,0.0,0.0,0.0,0.0,0.0,0.0,0.0,0.0,0.0,0.0,0.0,0.0,0.0,0.0,0.0,0.0,0.0,0.0,0.0,0.0,0.0,2.004,-2.004,0.0,0.0,0.0,0.0,4713.0,-1.5879276530623424e+29,7326.0,-0.0,-107615392.0,0.0,2.7184312818759872e+23,0.0,0.0,0.0,0.0,77,-152018488393728.0,89220.477,0.0,0.0,0.0,0.0,0.0,0.0,0.0,0,0,0,0.0,0.0,0.0,0.0,0.0,0.0,0.0,0.0,0.0,0.0,0.0,0.0,0.0,0.0,0.0,0.0,0,-107875648.0,77,0.0,154,0.0,0.0,ERR,ERR,ERR,ERR,ERR,ERR,ERR,ERR,ERR,ERR,ERR,ERR,ERR,ERR,ERR,ERR,ERR,ERR,ERR,ERR,ERR,ERR,ERR,ERR,ERR,ERR,ERR,ERR,ERR,ERR,ERR,ERR,ERR,ERR,ERR,ERR,ERR,ERR,ERR,ERR,ERR,ERR,ERR,ERR,ERR,ERR,ERR,ERR,ERR,ERR,ERR,ERR,ERR,ERR,ERR,ERR,ERR,ERR,ERR,ERR,ERR,ERR,ERR,ERR,ERR,ERR,ERR,34.0,80.0,35,0.0,0.0,0.0,0.0,0.0,0.0,0.0,0.0,0.0,0.0,0.0,0.0,0.0,0.0,0.0,0.0,66.0,0,121,58,54,65476,0,300,0,0,8,20529,65476,0,0,57672,80.0,0.0,0.0,0.0,0.0,0.0
2026-06-18T02:09:11,ERR,ERR,ERR,ERR,ERR,ERR,ERR,ERR,ERR,ERR,ERR,ERR,ERR,ERR,ERR,ERR,ERR,ERR,ERR,ERR,ERR,ERR,ERR,ERR,ERR,ERR,ERR,ERR,ERR,ERR,ERR,ERR,ERR,ERR,ERR,ERR,ERR,ERR,ERR,ERR,ERR,ERR,ERR,ERR,ERR,ERR,ERR,ERR,ERR,ERR,ERR,ERR,ERR,ERR,ERR,ERR,ERR,ERR,ERR,ERR,ERR,ERR,ERR,ERR,ERR,ERR,ERR,ERR,ERR,ERR,ERR,ERR,ERR,ERR,ERR,ERR,ERR,ERR,ERR,ERR,ERR,ERR,ERR,ERR,ERR,ERR,ERR,ERR,ERR,ERR,ERR,ERR,ERR,ERR,ERR,ERR,ERR,ERR,ERR,ERR,ERR,ERR,ERR,ERR,ERR,ERR,ERR,ERR,ERR,ERR,ERR,ERR,ERR,ERR,ERR,ERR,ERR,ERR,ERR,ERR,ERR,ERR,ERR,ERR,ERR,-0.0,-107615392.0,-134999232.0,-0.0,0.0,1.3936040501711995e+18,7.805,2.324635497035093e+34,0,0,4,48852,6720,14723890282496.0,100,0.0,0.0,0.0,0.059,0.0,0,0,0,0,0.0,0,0,0,0,0,0,0,0,0,0,0,0,0,0,0,0,0,0,0,0,0,0,0,0,0,0,0,0,0,0,0,0,0,26,51,50,76,65476,0,300,0,0,8,21553,0.0,-107605600.0,0.0,0.0,0.0,0.0,0.0,0.0,0.0,0.0,0.0,0.0,0.0,0.0,0.0,0.0,0.0,0.0,0.0,0.0,0.0,0.0,0.0,0.0,2.004,-2.004,0.0,0.0,0.0,0.0,4713.0,-1.5879276530623424e+29,7326.0,-0.0,-107615392.0,0.0,2.7184312818759872e+23,0.0,0.0,0.0,0.0,77,-152018488393728.0,89220.477,0.0,0.0,0.0,0.0,0.0,0.0,0.0,0,0,0,0.0,0.0,0.0,0.0,0.0,0.0,0.0,0.0,0.0,0.0,0.0,0.0,0.0,0.0,0.0,0.0,0,-107875648.0,77,0.0,154,0.0,0.0,ERR,ERR,ERR,ERR,ERR,ERR,ERR,ERR,ERR,ERR,ERR,ERR,ERR,ERR,ERR,ERR,ERR,ERR,ERR,ERR,ERR,ERR,ERR,ERR,ERR,ERR,ERR,ERR,ERR,ERR,ERR,ERR,ERR,ERR,ERR,ERR,ERR,ERR,ERR,ERR,ERR,ERR,ERR,ERR,ERR,ERR,ERR,ERR,ERR,ERR,ERR,ERR,ERR,ERR,ERR,ERR,ERR,ERR,ERR,ERR,ERR,ERR,ERR,ERR,ERR,ERR,ERR,34.0,80.0,35,0.0,0.0,0.0,0.0,0.0,0.0,0.0,0.0,0.0,0.0,0.0,0.0,0.0,0.0,0.0,0.0,66.4,0,121,58,54,65476,0,300,0,0,8,20529,65476,0,0,57672,80.0,0.0,0.0,0.0,0.0,0.0
2026-06-18T02:09:12,ERR,ERR,ERR,ERR,ERR,ERR,ERR,ERR,ERR,ERR,ERR,ERR,ERR,ERR,ERR,ERR,ERR,ERR,ERR,ERR,ERR,ERR,ERR,ERR,ERR,ERR,ERR,ERR,ERR,ERR,ERR,ERR,ERR,ERR,ERR,ERR,ERR,ERR,ERR,ERR,ERR,ERR,ERR,ERR,ERR,ERR,ERR,ERR,ERR,ERR,ERR,ERR,ERR,ERR,ERR,ERR,ERR,ERR,ERR,ERR,ERR,ERR,ERR,ERR,ERR,ERR,ERR,ERR,ERR,ERR,ERR,ERR,ERR,ERR,ERR,ERR,ERR,ERR,ERR,ERR,ERR,ERR,ERR,ERR,ERR,ERR,ERR,ERR,ERR,ERR,ERR,ERR,ERR,ERR,ERR,ERR,ERR,ERR,ERR,ERR,ERR,ERR,ERR,ERR,ERR,ERR,ERR,ERR,ERR,ERR,ERR,ERR,ERR,ERR,ERR,ERR,ERR,ERR,ERR,ERR,ERR,ERR,ERR,ERR,ERR,-0.0,-107615392.0,-134999232.0,-0.0,0.0,1.3936040501711995e+18,7.805,2.324635497035093e+34,0,0,4,48852,6720,14723890282496.0,100,0.0,0.0,0.0,0.059,0.0,0,0,0,0,0.0,0,0,0,0,0,0,0,0,0,0,0,0,0,0,0,0,0,0,0,0,0,0,0,0,0,0,0,0,0,0,0,0,0,26,51,50,76,65476,0,300,0,0,8,21553,0.0,-107605600.0,0.0,0.0,0.0,0.0,0.0,0.0,0.0,0.0,0.0,0.0,0.0,0.0,0.0,0.0,0.0,0.0,0.0,0.0,0.0,0.0,0.0,0.0,2.004,-2.004,0.0,0.0,0.0,0.0,4713.0,-1.5879276530623424e+29,7326.0,-0.0,-107615392.0,0.0,2.7184312818759872e+23,0.0,0.0,0.0,0.0,77,-152018488393728.0,89220.477,0.0,0.0,0.0,0.0,0.0,0.0,0.0,0,0,0,0.0,0.0,0.0,0.0,0.0,0.0,0.0,0.0,0.0,0.0,0.0,0.0,0.0,0.0,0.0,0.0,0,-107875648.0,77,0.0,154,0.0,0.0,ERR,ERR,ERR,ERR,ERR,ERR,ERR,ERR,ERR,ERR,ERR,ERR,ERR,ERR,ERR,ERR,ERR,ERR,ERR,ERR,ERR,ERR,ERR,ERR,ERR,ERR,ERR,ERR,ERR,ERR,ERR,ERR,ERR,ERR,ERR,ERR,ERR,ERR,ERR,ERR,ERR,ERR,ERR,ERR,ERR,ERR,ERR,ERR,ERR,ERR,ERR,ERR,ERR,ERR,ERR,ERR,ERR,ERR,ERR,ERR,ERR,ERR,ERR,ERR,ERR,ERR,ERR,34.0,80.0,35,0.0,0.0,0.0,0.0,0.0,0.0,0.0,0.0,0.0,0.0,0.0,0.0,0.0,0.0,0.0,0.0,66.0,0,121,58,54,65476,0,300,0,0,8,20529,65476,0,0,57672,80.0,0.0,0.0,0.0,0.0,0.0
2026-06-18T02:09:13,ERR,ERR,ERR,ERR,ERR,ERR,ERR,ERR,ERR,ERR,ERR,ERR,ERR,ERR,ERR,ERR,ERR,ERR,ERR,ERR,ERR,ERR,ERR,ERR,ERR,ERR,ERR,ERR,ERR,ERR,ERR,ERR,ERR,ERR,ERR,ERR,ERR,ERR,ERR,ERR,ERR,ERR,ERR,ERR,ERR,ERR,ERR,ERR,ERR,ERR,ERR,ERR,ERR,ERR,ERR,ERR,ERR,ERR,ERR,ERR,ERR,ERR,ERR,ERR,ERR,ERR,ERR,ERR,ERR,ERR,ERR,ERR,ERR,ERR,ERR,ERR,ERR,ERR,ERR,ERR,ERR,ERR,ERR,ERR,ERR,ERR,ERR,ERR,ERR,ERR,ERR,ERR,ERR,ERR,ERR,ERR,ERR,ERR,ERR,ERR,ERR,ERR,ERR,ERR,ERR,ERR,ERR,ERR,ERR,ERR,ERR,ERR,ERR,ERR,ERR,ERR,ERR,ERR,ERR,ERR,ERR,ERR,ERR,ERR,ERR,-0.0,-107615392.0,-134999232.0,-0.0,0.0,1.3936040501711995e+18,7.805,2.324635497035093e+34,0,0,4,48852,6720,14723890282496.0,100,0.0,0.0,0.0,0.059,0.0,0,0,0,0,0.0,0,0,0,0,0,0,0,0,0,0,0,0,0,0,0,0,0,0,0,0,0,0,0,0,0,0,0,0,0,0,0,0,0,26,51,50,76,65476,0,300,0,0,8,21553,0.0,-107605600.0,0.0,0.0,0.0,0.0,0.0,0.0,0.0,0.0,0.0,0.0,0.0,0.0,0.0,0.0,0.0,0.0,0.0,0.0,0.0,0.0,0.0,0.0,2.004,-2.004,0.0,0.0,0.0,0.0,4713.0,-1.5879276530623424e+29,7326.0,-0.0,-107615392.0,0.0,2.7184312818759872e+23,0.0,0.0,0.0,0.0,77,-152018488393728.0,89220.477,0.0,0.0,0.0,0.0,0.0,0.0,0.0,0,0,0,0.0,0.0,0.0,0.0,0.0,0.0,0.0,0.0,0.0,0.0,0.0,0.0,0.0,0.0,0.0,0.0,0,-107875648.0,77,0.0,154,0.0,0.0,ERR,ERR,ERR,ERR,ERR,ERR,ERR,ERR,ERR,ERR,ERR,ERR,ERR,ERR,ERR,ERR,ERR,ERR,ERR,ERR,ERR,ERR,ERR,ERR,ERR,ERR,ERR,ERR,ERR,ERR,ERR,ERR,ERR,ERR,ERR,ERR,ERR,ERR,ERR,ERR,ERR,ERR,ERR,ERR,ERR,ERR,ERR,ERR,ERR,ERR,ERR,ERR,ERR,ERR,ERR,ERR,ERR,ERR,ERR,ERR,ERR,ERR,ERR,ERR,ERR,ERR,ERR,34.0,80.0,35,0.0,0.0,0.0,0.0,0.0,0.0,0.0,0.0,0.0,0.0,0.0,0.0,0.0,0.0,0.0,0.0,66.0,0,121,58,54,65476,0,300,0,0,8,20529,65476,0,0,57672,80.0,0.0,0.0,0.0,0.0,0.0
2026-06-18T02:09:14,ERR,ERR,ERR,ERR,ERR,ERR,ERR,ERR,ERR,ERR,ERR,ERR,ERR,ERR,ERR,ERR,ERR,ERR,ERR,ERR,ERR,ERR,ERR,ERR,ERR,ERR,ERR,ERR,ERR,ERR,ERR,ERR,ERR,ERR,ERR,ERR,ERR,ERR,ERR,ERR,ERR,ERR,ERR,ERR,ERR,ERR,ERR,ERR,ERR,ERR,ERR,ERR,ERR,ERR,ERR,ERR,ERR,ERR,ERR,ERR,ERR,ERR,ERR,ERR,ERR,ERR,ERR,ERR,ERR,ERR,ERR,ERR,ERR,ERR,ERR,ERR,ERR,ERR,ERR,ERR,ERR,ERR,ERR,ERR,ERR,ERR,ERR,ERR,ERR,ERR,ERR,ERR,ERR,ERR,ERR,ERR,ERR,ERR,ERR,ERR,ERR,ERR,ERR,ERR,ERR,ERR,ERR,ERR,ERR,ERR,ERR,ERR,ERR,ERR,ERR,ERR,ERR,ERR,ERR,ERR,ERR,ERR,ERR,ERR,ERR,-0.0,-107615392.0,-134999232.0,-152005385388032.0,0.0,1.3936040501711995e+18,7.805,1.1096074633774859e+29,0,0,4,48863,6720,14723890282496.0,100,0.0,0.0,0.0,0.059,0.0,0,0,0,0,0.0,0,0,0,0,0,0,0,0,0,0,0,0,0,0,0,0,0,0,0,0,0,0,0,0,0,0,0,0,0,0,0,0,0,26,51,50,76,65476,0,300,0,0,8,21553,0.0,-107605600.0,0.0,0.0,0.0,0.0,0.0,0.0,0.0,0.0,0.0,0.0,0.0,0.0,0.0,0.0,0.0,0.0,0.0,0.0,0.0,0.0,0.0,0.0,2.004,-2.004,0.0,0.0,0.0,0.0,4747.0,0.0,7299.0,-0.0,-107615392.0,0.0,2.7184312818759872e+23,0.0,0.0,0.0,0.0,77,-1.905698292272988e+17,-0.0,0.0,0.0,0.0,0.0,0.0,0.0,0.0,0,0,0,0.0,0.0,0.0,0.0,0.0,0.0,0.0,0.0,0.0,0.0,0.0,0.0,0.0,0.0,0.0,0.0,0,-107875648.0,77,0.0,154,0.0,0.0,ERR,ERR,ERR,ERR,ERR,ERR,ERR,ERR,ERR,ERR,ERR,ERR,ERR,ERR,ERR,ERR,ERR,ERR,ERR,ERR,ERR,ERR,ERR,ERR,ERR,ERR,ERR,ERR,ERR,ERR,ERR,ERR,ERR,ERR,ERR,ERR,ERR,ERR,ERR,ERR,ERR,ERR,ERR,ERR,ERR,ERR,ERR,ERR,ERR,ERR,ERR,ERR,ERR,ERR,ERR,ERR,ERR,ERR,ERR,ERR,ERR,ERR,ERR,ERR,ERR,ERR,ERR,34.0,80.0,35,0.0,0.0,0.0,0.0,0.0,0.0,0.0,0.0,0.0,0.0,0.0,0.0,0.0,0.0,0.0,0.0,66.0,0,121,58,54,65476,0,300,0,0,8,20529,65476,0,0,57672,80.0,0.0,0.0,0.0,0.0,0.0
2026-06-18T02:09:15,ERR,ERR,ERR,ERR,ERR,ERR,ERR,ERR,ERR,ERR,ERR,ERR,ERR,ERR,ERR,ERR,ERR,ERR,ERR,ERR,ERR,ERR,ERR,ERR,ERR,ERR,ERR,ERR,ERR,ERR,ERR,ERR,ERR,ERR,ERR,ERR,ERR,ERR,ERR,ERR,ERR,ERR,ERR,ERR,ERR,ERR,ERR,ERR,ERR,ERR,ERR,ERR,ERR,ERR,ERR,ERR,ERR,ERR,ERR,ERR,ERR,ERR,ERR,ERR,ERR,ERR,ERR,ERR,ERR,ERR,ERR,ERR,ERR,ERR,ERR,ERR,ERR,ERR,ERR,ERR,ERR,ERR,ERR,ERR,ERR,ERR,ERR,ERR,ERR,ERR,ERR,ERR,ERR,ERR,ERR,ERR,ERR,ERR,ERR,ERR,ERR,ERR,ERR,ERR,ERR,ERR,ERR,ERR,ERR,ERR,ERR,ERR,ERR,ERR,ERR,ERR,ERR,ERR,ERR,ERR,ERR,ERR,ERR,ERR,ERR,-0.0,-107615392.0,-134999232.0,-152005385388032.0,0.0,1.3936040501711995e+18,7.805,1.1096074633774859e+29,0,0,4,48863,6720,14723890282496.0,100,0.0,0.0,0.0,0.059,0.0,0,0,0,0,0.0,0,0,0,0,0,0,0,0,0,0,0,0,0,0,0,0,0,0,0,0,0,0,0,0,0,0,0,0,0,0,0,0,0,26,51,50,76,65476,0,300,0,0,8,21553,0.0,-107605600.0,0.0,0.0,0.0,0.0,0.0,0.0,0.0,0.0,0.0,0.0,0.0,0.0,0.0,0.0,0.0,0.0,0.0,0.0,0.0,0.0,0.0,0.0,2.004,-2.004,0.0,0.0,0.0,0.0,4747.0,0.0,7299.0,-0.0,-107615392.0,0.0,2.7184312818759872e+23,0.0,0.0,0.0,0.0,77,-1.905698292272988e+17,-0.0,0.0,0.0,0.0,0.0,0.0,0.0,0.0,0,0,0,0.0,0.0,0.0,0.0,0.0,0.0,0.0,0.0,0.0,0.0,0.0,0.0,0.0,0.0,0.0,0.0,0,-107875648.0,77,0.0,154,0.0,0.0,ERR,ERR,ERR,ERR,ERR,ERR,ERR,ERR,ERR,ERR,ERR,ERR,ERR,ERR,ERR,ERR,ERR,ERR,ERR,ERR,ERR,ERR,ERR,ERR,ERR,ERR,ERR,ERR,ERR,ERR,ERR,ERR,ERR,ERR,ERR,ERR,ERR,ERR,ERR,ERR,ERR,ERR,ERR,ERR,ERR,ERR,ERR,ERR,ERR,ERR,ERR,ERR,ERR,ERR,ERR,ERR,ERR,ERR,ERR,ERR,ERR,ERR,ERR,ERR,ERR,ERR,ERR,34.0,80.0,35,0.0,0.0,0.0,0.0,0.0,0.0,0.0,0.0,0.0,0.0,0.0,0.0,0.0,0.0,0.0,0.0,66.0,0,121,58,54,65476,0,300,0,0,8,20529,65476,0,0,57672,80.0,0.0,0.0,0.0,0.0,0.0
2026-06-18T02:09:16,ERR,ERR,ERR,ERR,ERR,ERR,ERR,ERR,ERR,ERR,ERR,ERR,ERR,ERR,ERR,ERR,ERR,ERR,ERR,ERR,ERR,ERR,ERR,ERR,ERR,ERR,ERR,ERR,ERR,ERR,ERR,ERR,ERR,ERR,ERR,ERR,ERR,ERR,ERR,ERR,ERR,ERR,ERR,ERR,ERR,ERR,ERR,ERR,ERR,ERR,ERR,ERR,ERR,ERR,ERR,ERR,ERR,ERR,ERR,ERR,ERR,ERR,ERR,ERR,ERR,ERR,ERR,ERR,ERR,ERR,ERR,ERR,ERR,ERR,ERR,ERR,ERR,ERR,ERR,ERR,ERR,ERR,ERR,ERR,ERR,ERR,ERR,ERR,ERR,ERR,ERR,ERR,ERR,ERR,ERR,ERR,ERR,ERR,ERR,ERR,ERR,ERR,ERR,ERR,ERR,ERR,ERR,ERR,ERR,ERR,ERR,ERR,ERR,ERR,ERR,ERR,ERR,ERR,ERR,ERR,ERR,ERR,ERR,ERR,ERR,-0.0,-107615392.0,-134999232.0,-152005385388032.0,0.0,1.3936040501711995e+18,7.805,1.1096074633774859e+29,0,0,4,48863,6720,14723890282496.0,100,0.0,0.0,0.0,0.059,0.0,0,0,0,0,0.0,0,0,0,0,0,0,0,0,0,0,0,0,0,0,0,0,0,0,0,0,0,0,0,0,0,0,0,0,0,0,0,0,0,26,51,50,76,65476,0,300,0,0,8,21553,0.0,-107605600.0,0.0,0.0,0.0,0.0,0.0,0.0,0.0,0.0,0.0,0.0,0.0,0.0,0.0,0.0,0.0,0.0,0.0,0.0,0.0,0.0,0.0,0.0,2.004,-2.004,0.0,0.0,0.0,0.0,4747.0,0.0,7299.0,-0.0,-107615392.0,0.0,2.7184312818759872e+23,0.0,0.0,0.0,0.0,77,-1.905698292272988e+17,-0.0,0.0,0.0,0.0,0.0,0.0,0.0,0.0,0,0,0,0.0,0.0,0.0,0.0,0.0,0.0,0.0,0.0,0.0,0.0,0.0,0.0,0.0,0.0,0.0,0.0,0,-107875648.0,77,0.0,154,0.0,0.0,ERR,ERR,ERR,ERR,ERR,ERR,ERR,ERR,ERR,ERR,ERR,ERR,ERR,ERR,ERR,ERR,ERR,ERR,ERR,ERR,ERR,ERR,ERR,ERR,ERR,ERR,ERR,ERR,ERR,ERR,ERR,ERR,ERR,ERR,ERR,ERR,ERR,ERR,ERR,ERR,ERR,ERR,ERR,ERR,ERR,ERR,ERR,ERR,ERR,ERR,ERR,ERR,ERR,ERR,ERR,ERR,ERR,ERR,ERR,ERR,ERR,ERR,ERR,ERR,ERR,ERR,ERR,34.0,80.0,35,0.0,0.0,0.0,0.0,0.0,0.0,0.0,0.0,0.0,0.0,0.0,0.0,0.0,0.0,0.0,0.0,66.0,0,121,58,54,65476,0,300,0,0,8,20529,65476,0,0,57672,80.0,0.0,0.0,0.0,0.0,0.0
2026-06-18T02:09:17,ERR,ERR,ERR,ERR,ERR,ERR,ERR,ERR,ERR,ERR,ERR,ERR,ERR,ERR,ERR,ERR,ERR,ERR,ERR,ERR,ERR,ERR,ERR,ERR,ERR,ERR,ERR,ERR,ERR,ERR,ERR,ERR,ERR,ERR,ERR,ERR,ERR,ERR,ERR,ERR,ERR,ERR,ERR,ERR,ERR,ERR,ERR,ERR,ERR,ERR,ERR,ERR,ERR,ERR,ERR,ERR,ERR,ERR,ERR,ERR,ERR,ERR,ERR,ERR,ERR,ERR,ERR,ERR,ERR,ERR,ERR,ERR,ERR,ERR,ERR,ERR,ERR,ERR,ERR,ERR,ERR,ERR,ERR,ERR,ERR,ERR,ERR,ERR,ERR,ERR,ERR,ERR,ERR,ERR,ERR,ERR,ERR,ERR,ERR,ERR,ERR,ERR,ERR,ERR,ERR,ERR,ERR,ERR,ERR,ERR,ERR,ERR,ERR,ERR,ERR,ERR,ERR,ERR,ERR,ERR,ERR,ERR,ERR,ERR,ERR,-0.0,-107615392.0,-134999232.0,-152005385388032.0,0.0,1.3936040501711995e+18,7.805,1.1096074633774859e+29,0,0,4,48863,6720,14723890282496.0,100,0.0,0.0,0.0,0.059,0.0,0,0,0,0,0.0,0,0,0,0,0,0,0,0,0,0,0,0,0,0,0,0,0,0,0,0,0,0,0,0,0,0,0,0,0,0,0,0,0,26,51,50,76,65476,0,300,0,0,8,21553,0.0,-107605600.0,0.0,0.0,0.0,0.0,0.0,0.0,0.0,0.0,0.0,0.0,0.0,0.0,0.0,0.0,0.0,0.0,0.0,0.0,0.0,0.0,0.0,0.0,2.004,-2.004,0.0,0.0,0.0,0.0,4747.0,0.0,7299.0,-0.0,-107615392.0,0.0,2.7184312818759872e+23,0.0,0.0,0.0,0.0,77,-1.905698292272988e+17,-0.0,0.0,0.0,0.0,0.0,0.0,0.0,0.0,0,0,0,0.0,0.0,0.0,0.0,0.0,0.0,0.0,0.0,0.0,0.0,0.0,0.0,0.0,0.0,0.0,0.0,0,-107875648.0,77,0.0,154,0.0,0.0,ERR,ERR,ERR,ERR,ERR,ERR,ERR,ERR,ERR,ERR,ERR,ERR,ERR,ERR,ERR,ERR,ERR,ERR,ERR,ERR,ERR,ERR,ERR,ERR,ERR,ERR,ERR,ERR,ERR,ERR,ERR,ERR,ERR,ERR,ERR,ERR,ERR,ERR,ERR,ERR,ERR,ERR,ERR,ERR,ERR,ERR,ERR,ERR,ERR,ERR,ERR,ERR,ERR,ERR,ERR,ERR,ERR,ERR,ERR,ERR,ERR,ERR,ERR,ERR,ERR,ERR,ERR,34.0,80.0,35,0.0,0.0,0.0,0.0,0.0,0.0,0.0,0.0,0.0,0.0,0.0,0.0,0.0,0.0,0.0,0.0,66.0,0,121,58,54,65476,0,300,0,0,8,20529,65476,0,0,57672,80.0,0.0,0.0,0.0,0.0,0.0
2026-06-18T02:09:18,ERR,ERR,ERR,ERR,ERR,ERR,ERR,ERR,ERR,ERR,ERR,ERR,ERR,ERR,ERR,ERR,ERR,ERR,ERR,ERR,ERR,ERR,ERR,ERR,ERR,ERR,ERR,ERR,ERR,ERR,ERR,ERR,ERR,ERR,ERR,ERR,ERR,ERR,ERR,ERR,ERR,ERR,ERR,ERR,ERR,ERR,ERR,ERR,ERR,ERR,ERR,ERR,ERR,ERR,ERR,ERR,ERR,ERR,ERR,ERR,ERR,ERR,ERR,ERR,ERR,ERR,ERR,ERR,ERR,ERR,ERR,ERR,ERR,ERR,ERR,ERR,ERR,ERR,ERR,ERR,ERR,ERR,ERR,ERR,ERR,ERR,ERR,ERR,ERR,ERR,ERR,ERR,ERR,ERR,ERR,ERR,ERR,ERR,ERR,ERR,ERR,ERR,ERR,ERR,ERR,ERR,ERR,ERR,ERR,ERR,ERR,ERR,ERR,ERR,ERR,ERR,ERR,ERR,ERR,ERR,ERR,ERR,ERR,ERR,ERR,-0.0,-107615392.0,-134999232.0,-152005385388032.0,0.0,1.3936040501711995e+18,7.805,1.1096074633774859e+29,0,0,4,48863,6720,14723890282496.0,100,0.0,0.0,0.0,0.059,0.0,0,0,0,0,0.0,0,0,0,0,0,0,0,0,0,0,0,0,0,0,0,0,0,0,0,0,0,0,0,0,0,0,0,0,0,0,0,0,0,26,51,50,76,65476,0,300,0,0,8,21553,0.0,-107605600.0,0.0,0.0,0.0,0.0,0.0,0.0,0.0,0.0,0.0,0.0,0.0,0.0,0.0,0.0,0.0,0.0,0.0,0.0,0.0,0.0,0.0,0.0,2.004,-2.004,0.0,0.0,0.0,0.0,4747.0,0.0,7299.0,-0.0,-107615392.0,0.0,2.7184312818759872e+23,0.0,0.0,0.0,0.0,77,-1.905698292272988e+17,-0.0,0.0,0.0,0.0,0.0,0.0,0.0,0.0,0,0,0,0.0,0.0,0.0,0.0,0.0,0.0,0.0,0.0,0.0,0.0,0.0,0.0,0.0,0.0,0.0,0.0,0,-107875648.0,77,0.0,154,0.0,0.0,ERR,ERR,ERR,ERR,ERR,ERR,ERR,ERR,ERR,ERR,ERR,ERR,ERR,ERR,ERR,ERR,ERR,ERR,ERR,ERR,ERR,ERR,ERR,ERR,ERR,ERR,ERR,ERR,ERR,ERR,ERR,ERR,ERR,ERR,ERR,ERR,ERR,ERR,ERR,ERR,ERR,ERR,ERR,ERR,ERR,ERR,ERR,ERR,ERR,ERR,ERR,ERR,ERR,ERR,ERR,ERR,ERR,ERR,ERR,ERR,ERR,ERR,ERR,ERR,ERR,ERR,ERR,34.0,80.0,35,0.0,0.0,0.0,0.0,0.0,0.0,0.0,0.0,0.0,0.0,0.0,0.0,0.0,0.0,0.0,0.0,66.0,0,121,58,54,65476,0,300,0,0,8,20529,65476,0,0,57672,80.0,0.0,0.0,0.0,0.0,0.0
2026-06-18T02:09:19,ERR,ERR,ERR,ERR,ERR,ERR,ERR,ERR,ERR,ERR,ERR,ERR,ERR,ERR,ERR,ERR,ERR,ERR,ERR,ERR,ERR,ERR,ERR,ERR,ERR,ERR,ERR,ERR,ERR,ERR,ERR,ERR,ERR,ERR,ERR,ERR,ERR,ERR,ERR,ERR,ERR,ERR,ERR,ERR,ERR,ERR,ERR,ERR,ERR,ERR,ERR,ERR,ERR,ERR,ERR,ERR,ERR,ERR,ERR,ERR,ERR,ERR,ERR,ERR,ERR,ERR,ERR,ERR,ERR,ERR,ERR,ERR,ERR,ERR,ERR,ERR,ERR,ERR,ERR,ERR,ERR,ERR,ERR,ERR,ERR,ERR,ERR,ERR,ERR,ERR,ERR,ERR,ERR,ERR,ERR,ERR,ERR,ERR,ERR,ERR,ERR,ERR,ERR,ERR,ERR,ERR,ERR,ERR,ERR,ERR,ERR,ERR,ERR,ERR,ERR,ERR,ERR,ERR,ERR,ERR,ERR,ERR,ERR,ERR,ERR,-107615400.0,-107615392.0,0.0,0.0,0.0,1.3936040501711995e+18,7.805,-0.0,0,0,4,48859,6720,14723890282496.0,100,0.0,0.0,0.0,0.0,0.0,0,0,0,0,0.0,0,0,0,0,0,0,0,0,0,0,0,0,0,0,0,0,0,0,0,0,0,0,0,0,0,0,0,0,0,0,0,0,0,26,51,50,76,65476,0,300,0,0,8,21553,0.0,-107605600.0,0.0,0.0,0.0,0.0,0.0,0.0,0.0,0.0,0.0,0.0,0.0,0.0,0.0,0.0,0.0,0.0,0.0,0.0,0.0,0.0,2.004,0.0,2.004,-2.004,0.0,0.0,0.0,0.0,4747.0,0.0,7299.0,-0.0,-107615392.0,0.0,2.7184312818759872e+23,0.0,0.0,0.0,0.0,77,-1.905698292272988e+17,-0.0,0.0,0.0,0.0,0.0,0.0,0.0,0.0,0,0,0,0.0,0.0,0.0,0.0,0.0,0.0,0.0,0.0,0.0,0.0,0.0,0.0,0.0,0.0,0.0,0.0,0,-107875648.0,77,0.0,154,0.0,0.0,ERR,ERR,ERR,ERR,ERR,ERR,ERR,ERR,ERR,ERR,ERR,ERR,ERR,ERR,ERR,ERR,ERR,ERR,ERR,ERR,ERR,ERR,ERR,ERR,ERR,ERR,ERR,ERR,ERR,ERR,ERR,ERR,ERR,ERR,ERR,ERR,ERR,ERR,ERR,ERR,ERR,ERR,ERR,ERR,ERR,ERR,ERR,ERR,ERR,ERR,ERR,ERR,ERR,ERR,ERR,ERR,ERR,ERR,ERR,ERR,ERR,ERR,ERR,ERR,ERR,ERR,ERR,34.0,80.0,35,0.0,0.0,0.0,0.0,0.0,0.0,0.0,0.0,0.0,0.0,0.0,0.0,0.0,0.0,0.0,0.0,66.0,0,121,58,54,65476,0,300,0,0,8,20529,65476,0,0,57672,80.0,0.0,0.0,0.0,0.0,0.0
2026-06-18T02:09:20,ERR,ERR,ERR,ERR,ERR,ERR,ERR,ERR,ERR,ERR,ERR,ERR,ERR,ERR,ERR,ERR,ERR,ERR,ERR,ERR,ERR,ERR,ERR,ERR,ERR,ERR,ERR,ERR,ERR,ERR,ERR,ERR,ERR,ERR,ERR,ERR,ERR,ERR,ERR,ERR,ERR,ERR,ERR,ERR,ERR,ERR,ERR,ERR,ERR,ERR,ERR,ERR,ERR,ERR,ERR,ERR,ERR,ERR,ERR,ERR,ERR,ERR,ERR,ERR,ERR,ERR,ERR,ERR,ERR,ERR,ERR,ERR,ERR,ERR,ERR,ERR,ERR,ERR,ERR,ERR,ERR,ERR,ERR,ERR,ERR,ERR,ERR,ERR,ERR,ERR,ERR,ERR,ERR,ERR,ERR,ERR,ERR,ERR,ERR,ERR,ERR,ERR,ERR,ERR,ERR,ERR,ERR,ERR,ERR,ERR,ERR,ERR,ERR,ERR,ERR,ERR,ERR,ERR,ERR,ERR,ERR,ERR,ERR,ERR,ERR,-107615400.0,-107615392.0,0.0,0.0,0.0,1.3936040501711995e+18,7.805,-0.0,0,0,4,48859,6720,14723890282496.0,100,0.0,0.0,0.0,0.0,0.0,0,0,0,0,0.0,0,0,0,0,0,0,0,0,0,0,0,0,0,0,0,0,0,0,0,0,0,0,0,0,0,0,0,0,0,0,0,0,0,26,51,50,76,65476,0,300,0,0,8,21553,0.0,-107605600.0,0.0,0.0,0.0,0.0,0.0,0.0,0.0,0.0,0.0,0.0,0.0,0.0,0.0,0.0,0.0,0.0,0.0,0.0,0.0,0.0,2.004,0.0,2.004,-2.004,0.0,0.0,0.0,0.0,4747.0,0.0,7299.0,-0.0,-107615392.0,0.0,2.7184312818759872e+23,0.0,0.0,0.0,0.0,77,-1.905698292272988e+17,-0.0,0.0,0.0,0.0,0.0,0.0,0.0,0.0,0,0,0,0.0,0.0,0.0,0.0,0.0,0.0,0.0,0.0,0.0,0.0,0.0,0.0,0.0,0.0,0.0,0.0,0,-107875648.0,77,0.0,154,0.0,0.0,ERR,ERR,ERR,ERR,ERR,ERR,ERR,ERR,ERR,ERR,ERR,ERR,ERR,ERR,ERR,ERR,ERR,ERR,ERR,ERR,ERR,ERR,ERR,ERR,ERR,ERR,ERR,ERR,ERR,ERR,ERR,ERR,ERR,ERR,ERR,ERR,ERR,ERR,ERR,ERR,ERR,ERR,ERR,ERR,ERR,ERR,ERR,ERR,ERR,ERR,ERR,ERR,ERR,ERR,ERR,ERR,ERR,ERR,ERR,ERR,ERR,ERR,ERR,ERR,ERR,ERR,ERR,34.0,80.0,35,0.0,0.0,0.0,0.0,0.0,0.0,0.0,0.0,0.0,0.0,0.0,0.0,0.0,0.0,0.0,0.0,66.0,0,121,58,54,65476,0,300,0,0,8,20529,65476,0,0,57672,80.0,0.0,0.0,0.0,0.0,0.0
2026-06-18T02:09:21,ERR,ERR,ERR,ERR,ERR,ERR,ERR,ERR,ERR,ERR,ERR,ERR,ERR,ERR,ERR,ERR,ERR,ERR,ERR,ERR,ERR,ERR,ERR,ERR,ERR,ERR,ERR,ERR,ERR,ERR,ERR,ERR,ERR,ERR,ERR,ERR,ERR,ERR,ERR,ERR,ERR,ERR,ERR,ERR,ERR,ERR,ERR,ERR,ERR,ERR,ERR,ERR,ERR,ERR,ERR,ERR,ERR,ERR,ERR,ERR,ERR,ERR,ERR,ERR,ERR,ERR,ERR,ERR,ERR,ERR,ERR,ERR,ERR,ERR,ERR,ERR,ERR,ERR,ERR,ERR,ERR,ERR,ERR,ERR,ERR,ERR,ERR,ERR,ERR,ERR,ERR,ERR,ERR,ERR,ERR,ERR,ERR,ERR,ERR,ERR,ERR,ERR,ERR,ERR,ERR,ERR,ERR,ERR,ERR,ERR,ERR,ERR,ERR,ERR,ERR,ERR,ERR,ERR,ERR,ERR,ERR,ERR,ERR,ERR,ERR,-107615400.0,-107615392.0,0.0,0.0,0.0,1.3936040501711995e+18,7.805,-0.0,0,0,4,48859,6720,14723890282496.0,100,0.0,0.0,0.0,0.0,0.0,0,0,0,0,0.0,0,0,0,0,0,0,0,0,0,0,0,0,0,0,0,0,0,0,0,0,0,0,0,0,0,0,0,0,0,0,0,0,0,26,51,50,76,65476,0,300,0,0,8,21553,0.0,-107605600.0,0.0,0.0,0.0,0.0,0.0,0.0,0.0,0.0,0.0,0.0,0.0,0.0,0.0,0.0,0.0,0.0,0.0,0.0,0.0,0.0,2.004,0.0,2.004,-2.004,0.0,0.0,0.0,0.0,4747.0,0.0,7299.0,-0.0,-107615392.0,0.0,2.7184312818759872e+23,0.0,0.0,0.0,0.0,77,-1.905698292272988e+17,-0.0,0.0,0.0,0.0,0.0,0.0,0.0,0.0,0,0,0,0.0,0.0,0.0,0.0,0.0,0.0,0.0,0.0,0.0,0.0,0.0,0.0,0.0,0.0,0.0,0.0,0,-107875648.0,77,0.0,154,0.0,0.0,ERR,ERR,ERR,ERR,ERR,ERR,ERR,ERR,ERR,ERR,ERR,ERR,ERR,ERR,ERR,ERR,ERR,ERR,ERR,ERR,ERR,ERR,ERR,ERR,ERR,ERR,ERR,ERR,ERR,ERR,ERR,ERR,ERR,ERR,ERR,ERR,ERR,ERR,ERR,ERR,ERR,ERR,ERR,ERR,ERR,ERR,ERR,ERR,ERR,ERR,ERR,ERR,ERR,ERR,ERR,ERR,ERR,ERR,ERR,ERR,ERR,ERR,ERR,ERR,ERR,ERR,ERR,34.0,80.0,35,0.0,0.0,0.0,0.0,0.0,0.0,0.0,0.0,0.0,0.0,0.0,0.0,0.0,0.0,0.0,0.0,66.0,0,121,58,54,65476,0,300,0,0,8,20529,65476,0,0,57672,80.0,0.0,0.0,0.0,0.0,0.0
2026-06-18T02:09:22,ERR,ERR,ERR,ERR,ERR,ERR,ERR,ERR,ERR,ERR,ERR,ERR,ERR,ERR,ERR,ERR,ERR,ERR,ERR,ERR,ERR,ERR,ERR,ERR,ERR,ERR,ERR,ERR,ERR,ERR,ERR,ERR,ERR,ERR,ERR,ERR,ERR,ERR,ERR,ERR,ERR,ERR,ERR,ERR,ERR,ERR,ERR,ERR,ERR,ERR,ERR,ERR,ERR,ERR,ERR,ERR,ERR,ERR,ERR,ERR,ERR,ERR,ERR,ERR,ERR,ERR,ERR,ERR,ERR,ERR,ERR,ERR,ERR,ERR,ERR,ERR,ERR,ERR,ERR,ERR,ERR,ERR,ERR,ERR,ERR,ERR,ERR,ERR,ERR,ERR,ERR,ERR,ERR,ERR,ERR,ERR,ERR,ERR,ERR,ERR,ERR,ERR,ERR,ERR,ERR,ERR,ERR,ERR,ERR,ERR,ERR,ERR,ERR,ERR,ERR,ERR,ERR,ERR,ERR,ERR,ERR,ERR,ERR,ERR,ERR,-107615400.0,-107615392.0,0.0,0.0,0.0,1.3936040501711995e+18,7.805,-0.0,0,0,4,48859,6720,14723890282496.0,100,0.0,0.0,0.0,0.0,0.0,0,0,0,0,0.0,0,0,0,0,0,0,0,0,0,0,0,0,0,0,0,0,0,0,0,0,0,0,0,0,0,0,0,0,0,0,0,0,0,26,51,50,76,65476,0,300,0,0,8,21553,0.0,-107605600.0,0.0,0.0,0.0,0.0,0.0,0.0,0.0,0.0,0.0,0.0,0.0,0.0,0.0,0.0,0.0,0.0,0.0,0.0,0.0,0.0,2.004,0.0,2.004,-2.004,0.0,0.0,0.0,0.0,4747.0,0.0,7299.0,-0.0,-107615392.0,0.0,2.7184312818759872e+23,0.0,0.0,0.0,0.0,77,-1.905698292272988e+17,-0.0,0.0,0.0,0.0,0.0,0.0,0.0,0.0,0,0,0,0.0,0.0,0.0,0.0,0.0,0.0,0.0,0.0,0.0,0.0,0.0,0.0,0.0,0.0,0.0,0.0,0,-107875648.0,77,0.0,154,0.0,0.0,ERR,ERR,ERR,ERR,ERR,ERR,ERR,ERR,ERR,ERR,ERR,ERR,ERR,ERR,ERR,ERR,ERR,ERR,ERR,ERR,ERR,ERR,ERR,ERR,ERR,ERR,ERR,ERR,ERR,ERR,ERR,ERR,ERR,ERR,ERR,ERR,ERR,ERR,ERR,ERR,ERR,ERR,ERR,ERR,ERR,ERR,ERR,ERR,ERR,ERR,ERR,ERR,ERR,ERR,ERR,ERR,ERR,ERR,ERR,ERR,ERR,ERR,ERR,ERR,ERR,ERR,ERR,34.0,80.0,35,0.0,0.0,0.0,0.0,0.0,0.0,0.0,0.0,0.0,0.0,0.0,0.0,0.0,0.0,0.0,0.0,66.0,0,121,58,54,65476,0,300,0,0,8,20529,65476,0,0,57672,80.0,0.0,0.0,0.0,0.0,0.0
2026-06-18T02:09:23,ERR,ERR,ERR,ERR,ERR,ERR,ERR,ERR,ERR,ERR,ERR,ERR,ERR,ERR,ERR,ERR,ERR,ERR,ERR,ERR,ERR,ERR,ERR,ERR,ERR,ERR,ERR,ERR,ERR,ERR,ERR,ERR,ERR,ERR,ERR,ERR,ERR,ERR,ERR,ERR,ERR,ERR,ERR,ERR,ERR,ERR,ERR,ERR,ERR,ERR,ERR,ERR,ERR,ERR,ERR,ERR,ERR,ERR,ERR,ERR,ERR,ERR,ERR,ERR,ERR,ERR,ERR,ERR,ERR,ERR,ERR,ERR,ERR,ERR,ERR,ERR,ERR,ERR,ERR,ERR,ERR,ERR,ERR,ERR,ERR,ERR,ERR,ERR,ERR,ERR,ERR,ERR,ERR,ERR,ERR,ERR,ERR,ERR,ERR,ERR,ERR,ERR,ERR,ERR,ERR,ERR,ERR,ERR,ERR,ERR,ERR,ERR,ERR,ERR,ERR,ERR,ERR,ERR,ERR,ERR,ERR,ERR,ERR,ERR,ERR,-107615400.0,-107615392.0,0.0,0.0,0.0,1.3936040501711995e+18,7.805,-0.0,0,0,4,48859,6720,14723890282496.0,100,0.0,0.0,0.0,0.0,0.0,0,0,0,0,0.0,0,0,0,0,0,0,0,0,0,0,0,0,0,0,0,0,0,0,0,0,0,0,0,0,0,0,0,0,0,0,0,0,0,26,51,50,76,65476,0,300,0,0,8,21553,0.0,-107605600.0,0.0,0.0,0.0,0.0,0.0,0.0,0.0,0.0,0.0,0.0,0.0,0.0,0.0,0.0,0.0,0.0,0.0,0.0,0.0,0.0,2.004,0.0,2.004,-2.004,0.0,0.0,0.0,0.0,4747.0,0.0,7299.0,-0.0,-107615392.0,0.0,2.7184312818759872e+23,0.0,0.0,0.0,0.0,77,-1.905698292272988e+17,-0.0,0.0,0.0,0.0,0.0,0.0,0.0,0.0,0,0,0,0.0,0.0,0.0,0.0,0.0,0.0,0.0,0.0,0.0,0.0,0.0,0.0,0.0,0.0,0.0,0.0,0,-107875648.0,77,0.0,154,0.0,0.0,ERR,ERR,ERR,ERR,ERR,ERR,ERR,ERR,ERR,ERR,ERR,ERR,ERR,ERR,ERR,ERR,ERR,ERR,ERR,ERR,ERR,ERR,ERR,ERR,ERR,ERR,ERR,ERR,ERR,ERR,ERR,ERR,ERR,ERR,ERR,ERR,ERR,ERR,ERR,ERR,ERR,ERR,ERR,ERR,ERR,ERR,ERR,ERR,ERR,ERR,ERR,ERR,ERR,ERR,ERR,ERR,ERR,ERR,ERR,ERR,ERR,ERR,ERR,ERR,ERR,ERR,ERR,34.0,80.0,35,0.0,0.0,0.0,0.0,0.0,0.0,0.0,0.0,0.0,0.0,0.0,0.0,0.0,0.0,0.0,0.0,66.0,0,121,58,54,65476,0,300,0,0,8,20529,65476,0,0,57672,80.0,0.0,0.0,0.0,0.0,0.0
2026-06-18T02:09:24,ERR,ERR,ERR,ERR,ERR,ERR,ERR,ERR,ERR,ERR,ERR,ERR,ERR,ERR,ERR,ERR,ERR,ERR,ERR,ERR,ERR,ERR,ERR,ERR,ERR,ERR,ERR,ERR,ERR,ERR,ERR,ERR,ERR,ERR,ERR,ERR,ERR,ERR,ERR,ERR,ERR,ERR,ERR,ERR,ERR,ERR,ERR,ERR,ERR,ERR,ERR,ERR,ERR,ERR,ERR,ERR,ERR,ERR,ERR,ERR,ERR,ERR,ERR,ERR,ERR,ERR,ERR,ERR,ERR,ERR,ERR,ERR,ERR,ERR,ERR,ERR,ERR,ERR,ERR,ERR,ERR,ERR,ERR,ERR,ERR,ERR,ERR,ERR,ERR,ERR,ERR,ERR,ERR,ERR,ERR,ERR,ERR,ERR,ERR,ERR,ERR,ERR,ERR,ERR,ERR,ERR,ERR,ERR,ERR,ERR,ERR,ERR,ERR,ERR,ERR,ERR,ERR,ERR,ERR,ERR,ERR,ERR,ERR,ERR,ERR,-0.0,-107615392.0,-134999232.0,89215.008,0.0,1.3936040501711995e+18,7.805,-0.0,0,0,4,48852,6720,14723890282496.0,100,0.0,0.0,0.0,-0.0,0.0,0,0,0,0,0.0,0,0,0,0,0,0,0,0,0,0,0,0,0,0,0,0,0,0,0,0,0,0,0,0,0,0,0,0,0,0,0,0,0,26,51,50,76,65476,0,300,0,0,8,21553,0.0,-107605600.0,0.0,0.0,0.0,0.0,0.0,0.0,0.0,0.0,0.0,0.0,0.0,0.0,0.0,0.0,0.0,0.0,0.0,0.0,0.0,0.0,0.0,0.0,2.004,-2.004,0.0,0.0,0.0,0.0,4745.0,0.0,7297.0,-0.0,-107615392.0,0.0,2.7184312818759872e+23,0.0,0.0,0.0,0.0,77,-126841126912.0,5.848051325610453e+35,0.0,0.0,0.0,0.0,0.0,0.0,0.0,0,0,0,0.0,0.0,0.0,0.0,0.0,0.0,0.0,0.0,0.0,0.0,0.0,0.0,0.0,0.0,0.0,0.0,0,-107875648.0,77,0.0,154,0.0,0.0,ERR,ERR,ERR,ERR,ERR,ERR,ERR,ERR,ERR,ERR,ERR,ERR,ERR,ERR,ERR,ERR,ERR,ERR,ERR,ERR,ERR,ERR,ERR,ERR,ERR,ERR,ERR,ERR,ERR,ERR,ERR,ERR,ERR,ERR,ERR,ERR,ERR,ERR,ERR,ERR,ERR,ERR,ERR,ERR,ERR,ERR,ERR,ERR,ERR,ERR,ERR,ERR,ERR,ERR,ERR,ERR,ERR,ERR,ERR,ERR,ERR,ERR,ERR,ERR,ERR,ERR,ERR,34.0,80.0,35,0.0,0.0,0.0,0.0,0.0,0.0,0.0,0.0,0.0,0.0,0.0,0.0,0.0,0.0,0.0,0.0,66.0,0,121,58,54,65476,0,300,0,0,8,20529,65476,0,0,57672,80.0,0.0,0.0,0.0,0.0,0.0
2026-06-18T02:09:25,ERR,ERR,ERR,ERR,ERR,ERR,ERR,ERR,ERR,ERR,ERR,ERR,ERR,ERR,ERR,ERR,ERR,ERR,ERR,ERR,ERR,ERR,ERR,ERR,ERR,ERR,ERR,ERR,ERR,ERR,ERR,ERR,ERR,ERR,ERR,ERR,ERR,ERR,ERR,ERR,ERR,ERR,ERR,ERR,ERR,ERR,ERR,ERR,ERR,ERR,ERR,ERR,ERR,ERR,ERR,ERR,ERR,ERR,ERR,ERR,ERR,ERR,ERR,ERR,ERR,ERR,ERR,ERR,ERR,ERR,ERR,ERR,ERR,ERR,ERR,ERR,ERR,ERR,ERR,ERR,ERR,ERR,ERR,ERR,ERR,ERR,ERR,ERR,ERR,ERR,ERR,ERR,ERR,ERR,ERR,ERR,ERR,ERR,ERR,ERR,ERR,ERR,ERR,ERR,ERR,ERR,ERR,ERR,ERR,ERR,ERR,ERR,ERR,ERR,ERR,ERR,ERR,ERR,ERR,ERR,ERR,ERR,ERR,ERR,ERR,-0.0,-107615392.0,-134999232.0,89215.008,0.0,1.3936040501711995e+18,7.805,-0.0,0,0,4,48852,6720,14723890282496.0,100,0.0,0.0,0.0,-0.0,0.0,0,0,0,0,0.0,0,0,0,0,0,0,0,0,0,0,0,0,0,0,0,0,0,0,0,0,0,0,0,0,0,0,0,0,0,0,0,0,0,26,51,50,76,65476,0,300,0,0,8,21553,0.0,-107605600.0,0.0,0.0,0.0,0.0,0.0,0.0,0.0,0.0,0.0,0.0,0.0,0.0,0.0,0.0,0.0,0.0,0.0,0.0,0.0,0.0,0.0,0.0,2.004,-2.004,0.0,0.0,0.0,0.0,4745.0,0.0,7297.0,-0.0,-107615392.0,0.0,2.7184312818759872e+23,0.0,0.0,0.0,0.0,77,-126841126912.0,5.848051325610453e+35,0.0,0.0,0.0,0.0,0.0,0.0,0.0,0,0,0,0.0,0.0,0.0,0.0,0.0,0.0,0.0,0.0,0.0,0.0,0.0,0.0,0.0,0.0,0.0,0.0,0,-107875648.0,77,0.0,154,0.0,0.0,ERR,ERR,ERR,ERR,ERR,ERR,ERR,ERR,ERR,ERR,ERR,ERR,ERR,ERR,ERR,ERR,ERR,ERR,ERR,ERR,ERR,ERR,ERR,ERR,ERR,ERR,ERR,ERR,ERR,ERR,ERR,ERR,ERR,ERR,ERR,ERR,ERR,ERR,ERR,ERR,ERR,ERR,ERR,ERR,ERR,ERR,ERR,ERR,ERR,ERR,ERR,ERR,ERR,ERR,ERR,ERR,ERR,ERR,ERR,ERR,ERR,ERR,ERR,ERR,ERR,ERR,ERR,34.0,80.0,35,0.0,0.0,0.0,0.0,0.0,0.0,0.0,0.0,0.0,0.0,0.0,0.0,0.0,0.0,0.0,0.0,66.0,0,121,58,54,65476,0,300,0,0,8,20529,65476,0,0,57672,80.0,0.0,0.0,0.0,0.0,0.0
2026-06-18T02:09:26,ERR,ERR,ERR,ERR,ERR,ERR,ERR,ERR,ERR,ERR,ERR,ERR,ERR,ERR,ERR,ERR,ERR,ERR,ERR,ERR,ERR,ERR,ERR,ERR,ERR,ERR,ERR,ERR,ERR,ERR,ERR,ERR,ERR,ERR,ERR,ERR,ERR,ERR,ERR,ERR,ERR,ERR,ERR,ERR,ERR,ERR,ERR,ERR,ERR,ERR,ERR,ERR,ERR,ERR,ERR,ERR,ERR,ERR,ERR,ERR,ERR,ERR,ERR,ERR,ERR,ERR,ERR,ERR,ERR,ERR,ERR,ERR,ERR,ERR,ERR,ERR,ERR,ERR,ERR,ERR,ERR,ERR,ERR,ERR,ERR,ERR,ERR,ERR,ERR,ERR,ERR,ERR,ERR,ERR,ERR,ERR,ERR,ERR,ERR,ERR,ERR,ERR,ERR,ERR,ERR,ERR,ERR,ERR,ERR,ERR,ERR,ERR,ERR,ERR,ERR,ERR,ERR,ERR,ERR,ERR,ERR,ERR,ERR,ERR,ERR,-0.0,-107615392.0,-134999232.0,89215.008,0.0,1.3936040501711995e+18,7.805,-0.0,0,0,4,48852,6720,14723890282496.0,100,0.0,0.0,0.0,-0.0,0.0,0,0,0,0,0.0,0,0,0,0,0,0,0,0,0,0,0,0,0,0,0,0,0,0,0,0,0,0,0,0,0,0,0,0,0,0,0,0,0,26,51,50,76,65476,0,300,0,0,8,21553,0.0,-107605600.0,0.0,0.0,0.0,0.0,0.0,0.0,0.0,0.0,0.0,0.0,0.0,0.0,0.0,0.0,0.0,0.0,0.0,0.0,0.0,0.0,0.0,0.0,2.004,-2.004,0.0,0.0,0.0,0.0,4745.0,0.0,7297.0,-0.0,-107615392.0,0.0,2.7184312818759872e+23,0.0,0.0,0.0,0.0,77,-126841126912.0,5.848051325610453e+35,0.0,0.0,0.0,0.0,0.0,0.0,0.0,0,0,0,0.0,0.0,0.0,0.0,0.0,0.0,0.0,0.0,0.0,0.0,0.0,0.0,0.0,0.0,0.0,0.0,0,-107875648.0,77,0.0,154,0.0,0.0,ERR,ERR,ERR,ERR,ERR,ERR,ERR,ERR,ERR,ERR,ERR,ERR,ERR,ERR,ERR,ERR,ERR,ERR,ERR,ERR,ERR,ERR,ERR,ERR,ERR,ERR,ERR,ERR,ERR,ERR,ERR,ERR,ERR,ERR,ERR,ERR,ERR,ERR,ERR,ERR,ERR,ERR,ERR,ERR,ERR,ERR,ERR,ERR,ERR,ERR,ERR,ERR,ERR,ERR,ERR,ERR,ERR,ERR,ERR,ERR,ERR,ERR,ERR,ERR,ERR,ERR,ERR,34.0,80.0,35,0.0,0.0,0.0,0.0,0.0,0.0,0.0,0.0,0.0,0.0,0.0,0.0,0.0,0.0,0.0,0.0,66.0,0,121,58,54,65476,0,300,0,0,8,20529,65476,0,0,57672,80.0,0.0,0.0,0.0,0.0,0.0
2026-06-18T02:09:27,ERR,ERR,ERR,ERR,ERR,ERR,ERR,ERR,ERR,ERR,ERR,ERR,ERR,ERR,ERR,ERR,ERR,ERR,ERR,ERR,ERR,ERR,ERR,ERR,ERR,ERR,ERR,ERR,ERR,ERR,ERR,ERR,ERR,ERR,ERR,ERR,ERR,ERR,ERR,ERR,ERR,ERR,ERR,ERR,ERR,ERR,ERR,ERR,ERR,ERR,ERR,ERR,ERR,ERR,ERR,ERR,ERR,ERR,ERR,ERR,ERR,ERR,ERR,ERR,ERR,ERR,ERR,ERR,ERR,ERR,ERR,ERR,ERR,ERR,ERR,ERR,ERR,ERR,ERR,ERR,ERR,ERR,ERR,ERR,ERR,ERR,ERR,ERR,ERR,ERR,ERR,ERR,ERR,ERR,ERR,ERR,ERR,ERR,ERR,ERR,ERR,ERR,ERR,ERR,ERR,ERR,ERR,ERR,ERR,ERR,ERR,ERR,ERR,ERR,ERR,ERR,ERR,ERR,ERR,ERR,ERR,ERR,ERR,ERR,ERR,-0.0,-107615392.0,-134999232.0,89215.008,0.0,1.3936040501711995e+18,7.805,-0.0,0,0,4,48852,6720,14723890282496.0,100,0.0,0.0,0.0,-0.0,0.0,0,0,0,0,0.0,0,0,0,0,0,0,0,0,0,0,0,0,0,0,0,0,0,0,0,0,0,0,0,0,0,0,0,0,0,0,0,0,0,26,51,50,76,65476,0,300,0,0,8,21553,0.0,-107605600.0,0.0,0.0,0.0,0.0,0.0,0.0,0.0,0.0,0.0,0.0,0.0,0.0,0.0,0.0,0.0,0.0,0.0,0.0,0.0,0.0,0.0,0.0,2.004,-2.004,0.0,0.0,0.0,0.0,4745.0,0.0,7297.0,-0.0,-107615392.0,0.0,2.7184312818759872e+23,0.0,0.0,0.0,0.0,77,-126841126912.0,5.848051325610453e+35,0.0,0.0,0.0,0.0,0.0,0.0,0.0,0,0,0,0.0,0.0,0.0,0.0,0.0,0.0,0.0,0.0,0.0,0.0,0.0,0.0,0.0,0.0,0.0,0.0,0,-107875648.0,77,0.0,154,0.0,0.0,ERR,ERR,ERR,ERR,ERR,ERR,ERR,ERR,ERR,ERR,ERR,ERR,ERR,ERR,ERR,ERR,ERR,ERR,ERR,ERR,ERR,ERR,ERR,ERR,ERR,ERR,ERR,ERR,ERR,ERR,ERR,ERR,ERR,ERR,ERR,ERR,ERR,ERR,ERR,ERR,ERR,ERR,ERR,ERR,ERR,ERR,ERR,ERR,ERR,ERR,ERR,ERR,ERR,ERR,ERR,ERR,ERR,ERR,ERR,ERR,ERR,ERR,ERR,ERR,ERR,ERR,ERR,34.0,80.0,35,0.0,0.0,0.0,0.0,0.0,0.0,0.0,0.0,0.0,0.0,0.0,0.0,0.0,0.0,0.0,0.0,66.0,0,121,58,54,65476,0,300,0,0,8,20529,65476,0,0,57672,80.0,0.0,0.0,0.0,0.0,0.0
2026-06-18T02:09:28,ERR,ERR,ERR,ERR,ERR,ERR,ERR,ERR,ERR,ERR,ERR,ERR,ERR,ERR,ERR,ERR,ERR,ERR,ERR,ERR,ERR,ERR,ERR,ERR,ERR,ERR,ERR,ERR,ERR,ERR,ERR,ERR,ERR,ERR,ERR,ERR,ERR,ERR,ERR,ERR,ERR,ERR,ERR,ERR,ERR,ERR,ERR,ERR,ERR,ERR,ERR,ERR,ERR,ERR,ERR,ERR,ERR,ERR,ERR,ERR,ERR,ERR,ERR,ERR,ERR,ERR,ERR,ERR,ERR,ERR,ERR,ERR,ERR,ERR,ERR,ERR,ERR,ERR,ERR,ERR,ERR,ERR,ERR,ERR,ERR,ERR,ERR,ERR,ERR,ERR,ERR,ERR,ERR,ERR,ERR,ERR,ERR,ERR,ERR,ERR,ERR,ERR,ERR,ERR,ERR,ERR,ERR,ERR,ERR,ERR,ERR,ERR,ERR,ERR,ERR,ERR,ERR,ERR,ERR,ERR,ERR,ERR,ERR,ERR,ERR,-0.0,-107615392.0,-134999232.0,89215.008,0.0,1.3936040501711995e+18,7.805,-0.0,0,0,4,48852,6720,14723890282496.0,100,0.0,0.0,0.0,-0.0,0.0,0,0,0,0,0.0,0,0,0,0,0,0,0,0,0,0,0,0,0,0,0,0,0,0,0,0,0,0,0,0,0,0,0,0,0,0,0,0,0,26,51,50,76,65476,0,300,0,0,8,21553,0.0,-107605600.0,0.0,0.0,0.0,0.0,0.0,0.0,0.0,0.0,0.0,0.0,0.0,0.0,0.0,0.0,0.0,0.0,0.0,0.0,0.0,0.0,0.0,0.0,2.004,-2.004,0.0,0.0,0.0,0.0,4745.0,0.0,7297.0,-0.0,-107615392.0,0.0,2.7184312818759872e+23,0.0,0.0,0.0,0.0,77,-126841126912.0,5.848051325610453e+35,0.0,0.0,0.0,0.0,0.0,0.0,0.0,0,0,0,0.0,0.0,0.0,0.0,0.0,0.0,0.0,0.0,0.0,0.0,0.0,0.0,0.0,0.0,0.0,0.0,0,-107875648.0,77,0.0,154,0.0,0.0,ERR,ERR,ERR,ERR,ERR,ERR,ERR,ERR,ERR,ERR,ERR,ERR,ERR,ERR,ERR,ERR,ERR,ERR,ERR,ERR,ERR,ERR,ERR,ERR,ERR,ERR,ERR,ERR,ERR,ERR,ERR,ERR,ERR,ERR,ERR,ERR,ERR,ERR,ERR,ERR,ERR,ERR,ERR,ERR,ERR,ERR,ERR,ERR,ERR,ERR,ERR,ERR,ERR,ERR,ERR,ERR,ERR,ERR,ERR,ERR,ERR,ERR,ERR,ERR,ERR,ERR,ERR,34.0,80.0,35,0.0,0.0,0.0,0.0,0.0,0.0,0.0,0.0,0.0,0.0,0.0,0.0,0.0,0.0,0.0,0.0,66.0,0,121,58,54,65476,0,300,0,0,8,20529,65476,0,0,57672,80.0,0.0,0.0,0.0,0.0,0.0
2026-06-18T02:09:29,ERR,ERR,ERR,ERR,ERR,ERR,ERR,ERR,ERR,ERR,ERR,ERR,ERR,ERR,ERR,ERR,ERR,ERR,ERR,ERR,ERR,ERR,ERR,ERR,ERR,ERR,ERR,ERR,ERR,ERR,ERR,ERR,ERR,ERR,ERR,ERR,ERR,ERR,ERR,ERR,ERR,ERR,ERR,ERR,ERR,ERR,ERR,ERR,ERR,ERR,ERR,ERR,ERR,ERR,ERR,ERR,ERR,ERR,ERR,ERR,ERR,ERR,ERR,ERR,ERR,ERR,ERR,ERR,ERR,ERR,ERR,ERR,ERR,ERR,ERR,ERR,ERR,ERR,ERR,ERR,ERR,ERR,ERR,ERR,ERR,ERR,ERR,ERR,ERR,ERR,ERR,ERR,ERR,ERR,ERR,ERR,ERR,ERR,ERR,ERR,ERR,ERR,ERR,ERR,ERR,ERR,ERR,ERR,ERR,ERR,ERR,ERR,ERR,ERR,ERR,ERR,ERR,ERR,ERR,ERR,ERR,ERR,ERR,ERR,ERR,-0.0,-107615392.0,-134999232.0,89215.008,0.0,1.3936040501711995e+18,7.805,-0.0,0,0,4,48852,6720,14723890282496.0,100,0.0,0.0,0.0,-0.0,0.0,0,0,0,0,0.0,0,0,0,0,0,0,0,0,0,0,0,0,0,0,0,0,0,0,0,0,0,0,0,0,0,0,0,0,0,0,0,0,0,26,51,50,76,65476,0,300,0,0,8,21553,0.0,-107605600.0,0.0,0.0,0.0,0.0,0.0,0.0,0.0,0.0,0.0,0.0,0.0,0.0,0.0,0.0,0.0,0.0,0.0,0.0,0.0,0.0,0.0,0.0,2.004,-2.004,0.0,0.0,0.0,0.0,4745.0,0.0,7297.0,-0.0,-107615392.0,0.0,2.7184312818759872e+23,0.0,0.0,0.0,0.0,77,-126841126912.0,5.848051325610453e+35,0.0,0.0,0.0,0.0,0.0,0.0,0.0,0,0,0,0.0,0.0,0.0,0.0,0.0,0.0,0.0,0.0,0.0,0.0,0.0,0.0,0.0,0.0,0.0,0.0,0,-107875648.0,77,0.0,154,0.0,0.0,ERR,ERR,ERR,ERR,ERR,ERR,ERR,ERR,ERR,ERR,ERR,ERR,ERR,ERR,ERR,ERR,ERR,ERR,ERR,ERR,ERR,ERR,ERR,ERR,ERR,ERR,ERR,ERR,ERR,ERR,ERR,ERR,ERR,ERR,ERR,ERR,ERR,ERR,ERR,ERR,ERR,ERR,ERR,ERR,ERR,ERR,ERR,ERR,ERR,ERR,ERR,ERR,ERR,ERR,ERR,ERR,ERR,ERR,ERR,ERR,ERR,ERR,ERR,ERR,ERR,ERR,ERR,34.0,80.0,35,0.0,0.0,0.0,0.0,0.0,0.0,0.0,0.0,0.0,0.0,0.0,0.0,0.0,0.0,0.0,0.0,66.0,0,121,58,54,65476,0,300,0,0,8,20529,65476,0,0,57672,80.0,0.0,0.0,0.0,0.0,0.0
2026-06-18T02:09:30,ERR,ERR,ERR,ERR,ERR,ERR,ERR,ERR,ERR,ERR,ERR,ERR,ERR,ERR,ERR,ERR,ERR,ERR,ERR,ERR,ERR,ERR,ERR,ERR,ERR,ERR,ERR,ERR,ERR,ERR,ERR,ERR,ERR,ERR,ERR,ERR,ERR,ERR,ERR,ERR,ERR,ERR,ERR,ERR,ERR,ERR,ERR,ERR,ERR,ERR,ERR,ERR,ERR,ERR,ERR,ERR,ERR,ERR,ERR,ERR,ERR,ERR,ERR,ERR,ERR,ERR,ERR,ERR,ERR,ERR,ERR,ERR,ERR,ERR,ERR,ERR,ERR,ERR,ERR,ERR,ERR,ERR,ERR,ERR,ERR,ERR,ERR,ERR,ERR,ERR,ERR,ERR,ERR,ERR,ERR,ERR,ERR,ERR,ERR,ERR,ERR,ERR,ERR,ERR,ERR,ERR,ERR,ERR,ERR,ERR,ERR,ERR,ERR,ERR,ERR,ERR,ERR,ERR,ERR,ERR,ERR,ERR,ERR,ERR,ERR,-0.0,-107615392.0,-134999232.0,-152005385388032.0,0.0,1.3936040501711995e+18,7.805,1.1096074633774859e+29,0,0,4,48859,6720,14723890282496.0,100,0.0,0.0,0.0,-152005385388032.0,0.0,0,0,0,0,0.0,0,0,0,0,0,0,0,0,0,0,0,0,0,0,0,0,0,0,0,0,0,0,0,0,0,0,0,0,0,0,0,0,0,26,51,50,76,65476,0,300,0,0,8,21553,0.0,-107605600.0,0.0,0.0,0.0,0.0,0.0,0.0,0.0,0.0,0.0,0.0,0.0,0.0,0.0,0.0,0.0,0.0,0.0,0.0,0.0,0.0,0.0,0.0,2.004,-2.004,0.0,0.0,0.0,0.0,4715.0,-0.0,7319.0,-0.0,-107615392.0,0.0,2.7184312818759872e+23,0.0,0.0,0.0,0.0,77,-1.905698292272988e+17,0.0,0.0,0.0,0.0,0.0,0.0,0.0,0.0,0,0,0,0.0,0.0,0.0,0.0,0.0,0.0,0.0,0.0,0.0,0.0,0.0,0.0,0.0,0.0,0.0,0.0,0,-107875648.0,77,0.0,154,0.0,0.0,ERR,ERR,ERR,ERR,ERR,ERR,ERR,ERR,ERR,ERR,ERR,ERR,ERR,ERR,ERR,ERR,ERR,ERR,ERR,ERR,ERR,ERR,ERR,ERR,ERR,ERR,ERR,ERR,ERR,ERR,ERR,ERR,ERR,ERR,ERR,ERR,ERR,ERR,ERR,ERR,ERR,ERR,ERR,ERR,ERR,ERR,ERR,ERR,ERR,ERR,ERR,ERR,ERR,ERR,ERR,ERR,ERR,ERR,ERR,ERR,ERR,ERR,ERR,ERR,ERR,ERR,ERR,34.0,80.0,35,0.0,0.0,0.0,0.0,0.0,0.0,0.0,0.0,0.0,0.0,0.0,0.0,0.0,0.0,0.0,0.0,66.4,0,121,58,54,65476,0,300,0,0,8,20529,65476,0,0,57672,80.0,0.0,0.0,0.0,0.0,0.0
2026-06-18T02:09:31,ERR,ERR,ERR,ERR,ERR,ERR,ERR,ERR,ERR,ERR,ERR,ERR,ERR,ERR,ERR,ERR,ERR,ERR,ERR,ERR,ERR,ERR,ERR,ERR,ERR,ERR,ERR,ERR,ERR,ERR,ERR,ERR,ERR,ERR,ERR,ERR,ERR,ERR,ERR,ERR,ERR,ERR,ERR,ERR,ERR,ERR,ERR,ERR,ERR,ERR,ERR,ERR,ERR,ERR,ERR,ERR,ERR,ERR,ERR,ERR,ERR,ERR,ERR,ERR,ERR,ERR,ERR,ERR,ERR,ERR,ERR,ERR,ERR,ERR,ERR,ERR,ERR,ERR,ERR,ERR,ERR,ERR,ERR,ERR,ERR,ERR,ERR,ERR,ERR,ERR,ERR,ERR,ERR,ERR,ERR,ERR,ERR,ERR,ERR,ERR,ERR,ERR,ERR,ERR,ERR,ERR,ERR,ERR,ERR,ERR,ERR,ERR,ERR,ERR,ERR,ERR,ERR,ERR,ERR,ERR,ERR,ERR,ERR,ERR,ERR,-0.0,-107615392.0,-134999232.0,-152005385388032.0,0.0,1.3936040501711995e+18,7.805,1.1096074633774859e+29,0,0,4,48859,6720,14723890282496.0,100,0.0,0.0,0.0,-152005385388032.0,0.0,0,0,0,0,0.0,0,0,0,0,0,0,0,0,0,0,0,0,0,0,0,0,0,0,0,0,0,0,0,0,0,0,0,0,0,0,0,0,0,26,51,50,76,65476,0,300,0,0,8,21553,0.0,-107605600.0,0.0,0.0,0.0,0.0,0.0,0.0,0.0,0.0,0.0,0.0,0.0,0.0,0.0,0.0,0.0,0.0,0.0,0.0,0.0,0.0,0.0,0.0,2.004,-2.004,0.0,0.0,0.0,0.0,4715.0,-0.0,7319.0,-0.0,-107615392.0,0.0,2.7184312818759872e+23,0.0,0.0,0.0,0.0,77,-1.905698292272988e+17,0.0,0.0,0.0,0.0,0.0,0.0,0.0,0.0,0,0,0,0.0,0.0,0.0,0.0,0.0,0.0,0.0,0.0,0.0,0.0,0.0,0.0,0.0,0.0,0.0,0.0,0,-107875648.0,77,0.0,154,0.0,0.0,ERR,ERR,ERR,ERR,ERR,ERR,ERR,ERR,ERR,ERR,ERR,ERR,ERR,ERR,ERR,ERR,ERR,ERR,ERR,ERR,ERR,ERR,ERR,ERR,ERR,ERR,ERR,ERR,ERR,ERR,ERR,ERR,ERR,ERR,ERR,ERR,ERR,ERR,ERR,ERR,ERR,ERR,ERR,ERR,ERR,ERR,ERR,ERR,ERR,ERR,ERR,ERR,ERR,ERR,ERR,ERR,ERR,ERR,ERR,ERR,ERR,ERR,ERR,ERR,ERR,ERR,ERR,34.0,80.0,35,0.0,0.0,0.0,0.0,0.0,0.0,0.0,0.0,0.0,0.0,0.0,0.0,0.0,0.0,0.0,0.0,66.4,0,121,58,54,65476,0,300,0,0,8,20529,65476,0,0,57672,80.0,0.0,0.0,0.0,0.0,0.0
2026-06-18T02:09:32,ERR,ERR,ERR,ERR,ERR,ERR,ERR,ERR,ERR,ERR,ERR,ERR,ERR,ERR,ERR,ERR,ERR,ERR,ERR,ERR,ERR,ERR,ERR,ERR,ERR,ERR,ERR,ERR,ERR,ERR,ERR,ERR,ERR,ERR,ERR,ERR,ERR,ERR,ERR,ERR,ERR,ERR,ERR,ERR,ERR,ERR,ERR,ERR,ERR,ERR,ERR,ERR,ERR,ERR,ERR,ERR,ERR,ERR,ERR,ERR,ERR,ERR,ERR,ERR,ERR,ERR,ERR,ERR,ERR,ERR,ERR,ERR,ERR,ERR,ERR,ERR,ERR,ERR,ERR,ERR,ERR,ERR,ERR,ERR,ERR,ERR,ERR,ERR,ERR,ERR,ERR,ERR,ERR,ERR,ERR,ERR,ERR,ERR,ERR,ERR,ERR,ERR,ERR,ERR,ERR,ERR,ERR,ERR,ERR,ERR,ERR,ERR,ERR,ERR,ERR,ERR,ERR,ERR,ERR,ERR,ERR,ERR,ERR,ERR,ERR,-0.0,-107615392.0,-134999232.0,-152005385388032.0,0.0,1.3936040501711995e+18,7.805,1.1096074633774859e+29,0,0,4,48859,6720,14723890282496.0,100,0.0,0.0,0.0,-152005385388032.0,0.0,0,0,0,0,0.0,0,0,0,0,0,0,0,0,0,0,0,0,0,0,0,0,0,0,0,0,0,0,0,0,0,0,0,0,0,0,0,0,0,26,51,50,76,65476,0,300,0,0,8,21553,0.0,-107605600.0,0.0,0.0,0.0,0.0,0.0,0.0,0.0,0.0,0.0,0.0,0.0,0.0,0.0,0.0,0.0,0.0,0.0,0.0,0.0,0.0,0.0,0.0,2.004,-2.004,0.0,0.0,0.0,0.0,4715.0,-0.0,7319.0,-0.0,-107615392.0,0.0,2.7184312818759872e+23,0.0,0.0,0.0,0.0,77,-1.905698292272988e+17,0.0,0.0,0.0,0.0,0.0,0.0,0.0,0.0,0,0,0,0.0,0.0,0.0,0.0,0.0,0.0,0.0,0.0,0.0,0.0,0.0,0.0,0.0,0.0,0.0,0.0,0,-107875648.0,77,0.0,154,0.0,0.0,ERR,ERR,ERR,ERR,ERR,ERR,ERR,ERR,ERR,ERR,ERR,ERR,ERR,ERR,ERR,ERR,ERR,ERR,ERR,ERR,ERR,ERR,ERR,ERR,ERR,ERR,ERR,ERR,ERR,ERR,ERR,ERR,ERR,ERR,ERR,ERR,ERR,ERR,ERR,ERR,ERR,ERR,ERR,ERR,ERR,ERR,ERR,ERR,ERR,ERR,ERR,ERR,ERR,ERR,ERR,ERR,ERR,ERR,ERR,ERR,ERR,ERR,ERR,ERR,ERR,ERR,ERR,34.0,80.0,35,0.0,0.0,0.0,0.0,0.0,0.0,0.0,0.0,0.0,0.0,0.0,0.0,0.0,0.0,0.0,0.0,66.0,0,121,58,54,65476,0,300,0,0,8,20529,65476,0,0,57672,80.0,0.0,0.0,0.0,0.0,0.0
2026-06-18T02:09:33,ERR,ERR,ERR,ERR,ERR,ERR,ERR,ERR,ERR,ERR,ERR,ERR,ERR,ERR,ERR,ERR,ERR,ERR,ERR,ERR,ERR,ERR,ERR,ERR,ERR,ERR,ERR,ERR,ERR,ERR,ERR,ERR,ERR,ERR,ERR,ERR,ERR,ERR,ERR,ERR,ERR,ERR,ERR,ERR,ERR,ERR,ERR,ERR,ERR,ERR,ERR,ERR,ERR,ERR,ERR,ERR,ERR,ERR,ERR,ERR,ERR,ERR,ERR,ERR,ERR,ERR,ERR,ERR,ERR,ERR,ERR,ERR,ERR,ERR,ERR,ERR,ERR,ERR,ERR,ERR,ERR,ERR,ERR,ERR,ERR,ERR,ERR,ERR,ERR,ERR,ERR,ERR,ERR,ERR,ERR,ERR,ERR,ERR,ERR,ERR,ERR,ERR,ERR,ERR,ERR,ERR,ERR,ERR,ERR,ERR,ERR,ERR,ERR,ERR,ERR,ERR,ERR,ERR,ERR,ERR,ERR,ERR,ERR,ERR,ERR,-0.0,-107615392.0,-134999232.0,-152005385388032.0,0.0,1.3936040501711995e+18,7.805,1.1096074633774859e+29,0,0,4,48859,6720,14723890282496.0,100,0.0,0.0,0.0,-152005385388032.0,0.0,0,0,0,0,0.0,0,0,0,0,0,0,0,0,0,0,0,0,0,0,0,0,0,0,0,0,0,0,0,0,0,0,0,0,0,0,0,0,0,26,51,50,76,65476,0,300,0,0,8,21553,0.0,-107605600.0,0.0,0.0,0.0,0.0,0.0,0.0,0.0,0.0,0.0,0.0,0.0,0.0,0.0,0.0,0.0,0.0,0.0,0.0,0.0,0.0,0.0,0.0,2.004,-2.004,0.0,0.0,0.0,0.0,4715.0,-0.0,7319.0,-0.0,-107615392.0,0.0,2.7184312818759872e+23,0.0,0.0,0.0,0.0,77,-1.905698292272988e+17,0.0,0.0,0.0,0.0,0.0,0.0,0.0,0.0,0,0,0,0.0,0.0,0.0,0.0,0.0,0.0,0.0,0.0,0.0,0.0,0.0,0.0,0.0,0.0,0.0,0.0,0,-107875648.0,77,0.0,154,0.0,0.0,ERR,ERR,ERR,ERR,ERR,ERR,ERR,ERR,ERR,ERR,ERR,ERR,ERR,ERR,ERR,ERR,ERR,ERR,ERR,ERR,ERR,ERR,ERR,ERR,ERR,ERR,ERR,ERR,ERR,ERR,ERR,ERR,ERR,ERR,ERR,ERR,ERR,ERR,ERR,ERR,ERR,ERR,ERR,ERR,ERR,ERR,ERR,ERR,ERR,ERR,ERR,ERR,ERR,ERR,ERR,ERR,ERR,ERR,ERR,ERR,ERR,ERR,ERR,ERR,ERR,ERR,ERR,34.0,80.0,35,0.0,0.0,0.0,0.0,0.0,0.0,0.0,0.0,0.0,0.0,0.0,0.0,0.0,0.0,0.0,0.0,66.0,0,121,58,54,65476,0,300,0,0,8,20529,65476,0,0,57672,80.0,0.0,0.0,0.0,0.0,0.0
2026-06-18T02:09:34,ERR,ERR,ERR,ERR,ERR,ERR,ERR,ERR,ERR,ERR,ERR,ERR,ERR,ERR,ERR,ERR,ERR,ERR,ERR,ERR,ERR,ERR,ERR,ERR,ERR,ERR,ERR,ERR,ERR,ERR,ERR,ERR,ERR,ERR,ERR,ERR,ERR,ERR,ERR,ERR,ERR,ERR,ERR,ERR,ERR,ERR,ERR,ERR,ERR,ERR,ERR,ERR,ERR,ERR,ERR,ERR,ERR,ERR,ERR,ERR,ERR,ERR,ERR,ERR,ERR,ERR,ERR,ERR,ERR,ERR,ERR,ERR,ERR,ERR,ERR,ERR,ERR,ERR,ERR,ERR,ERR,ERR,ERR,ERR,ERR,ERR,ERR,ERR,ERR,ERR,ERR,ERR,ERR,ERR,ERR,ERR,ERR,ERR,ERR,ERR,ERR,ERR,ERR,ERR,ERR,ERR,ERR,ERR,ERR,ERR,ERR,ERR,ERR,ERR,ERR,ERR,ERR,ERR,ERR,ERR,ERR,ERR,ERR,ERR,ERR,-0.0,-107615392.0,-134999232.0,-152005385388032.0,0.0,1.3936040501711995e+18,7.805,1.1096074633774859e+29,0,0,4,48859,6720,14723890282496.0,100,0.0,0.0,0.0,-152005385388032.0,0.0,0,0,0,0,0.0,0,0,0,0,0,0,0,0,0,0,0,0,0,0,0,0,0,0,0,0,0,0,0,0,0,0,0,0,0,0,0,0,0,26,51,50,76,65476,0,300,0,0,8,21553,0.0,-107605600.0,0.0,0.0,0.0,0.0,0.0,0.0,0.0,0.0,0.0,0.0,0.0,0.0,0.0,0.0,0.0,0.0,0.0,0.0,0.0,0.0,0.0,0.0,2.004,-2.004,0.0,0.0,0.0,0.0,4715.0,-0.0,7319.0,-0.0,-107615392.0,0.0,2.7184312818759872e+23,0.0,0.0,0.0,0.0,77,-1.905698292272988e+17,0.0,0.0,0.0,0.0,0.0,0.0,0.0,0.0,0,0,0,0.0,0.0,0.0,0.0,0.0,0.0,0.0,0.0,0.0,0.0,0.0,0.0,0.0,0.0,0.0,0.0,0,-107875648.0,77,0.0,154,0.0,0.0,ERR,ERR,ERR,ERR,ERR,ERR,ERR,ERR,ERR,ERR,ERR,ERR,ERR,ERR,ERR,ERR,ERR,ERR,ERR,ERR,ERR,ERR,ERR,ERR,ERR,ERR,ERR,ERR,ERR,ERR,ERR,ERR,ERR,ERR,ERR,ERR,ERR,ERR,ERR,ERR,ERR,ERR,ERR,ERR,ERR,ERR,ERR,ERR,ERR,ERR,ERR,ERR,ERR,ERR,ERR,ERR,ERR,ERR,ERR,ERR,ERR,ERR,ERR,ERR,ERR,ERR,ERR,34.0,80.0,35,0.0,0.0,0.0,0.0,0.0,0.0,0.0,0.0,0.0,0.0,0.0,0.0,0.0,0.0,0.0,0.0,66.4,0,121,58,54,65476,0,300,0,0,8,20529,65476,0,0,57672,80.0,0.0,0.0,0.0,0.0,0.0
2026-06-18T02:09:35,ERR,ERR,ERR,ERR,ERR,ERR,ERR,ERR,ERR,ERR,ERR,ERR,ERR,ERR,ERR,ERR,ERR,ERR,ERR,ERR,ERR,ERR,ERR,ERR,ERR,ERR,ERR,ERR,ERR,ERR,ERR,ERR,ERR,ERR,ERR,ERR,ERR,ERR,ERR,ERR,ERR,ERR,ERR,ERR,ERR,ERR,ERR,ERR,ERR,ERR,ERR,ERR,ERR,ERR,ERR,ERR,ERR,ERR,ERR,ERR,ERR,ERR,ERR,ERR,ERR,ERR,ERR,ERR,ERR,ERR,ERR,ERR,ERR,ERR,ERR,ERR,ERR,ERR,ERR,ERR,ERR,ERR,ERR,ERR,ERR,ERR,ERR,ERR,ERR,ERR,ERR,ERR,ERR,ERR,ERR,ERR,ERR,ERR,ERR,ERR,ERR,ERR,ERR,ERR,ERR,ERR,ERR,ERR,ERR,ERR,ERR,ERR,ERR,ERR,ERR,ERR,ERR,ERR,ERR,ERR,ERR,ERR,ERR,ERR,ERR,-0.0,-107615392.0,-134999232.0,-0.0,0.0,1.3936040501711995e+18,7.805,11082173251584.0,0,0,4,48855,6720,14723890282496.0,100,0.0,0.0,0.0,-0.0,0.0,0,0,0,0,0.0,0,0,0,0,0,0,0,0,0,0,0,0,0,0,0,0,0,0,0,0,0,0,0,0,0,0,0,0,0,0,0,0,0,26,51,50,76,65476,0,300,0,0,8,21553,0.0,-107605600.0,0.0,0.0,0.0,0.0,0.0,0.0,0.0,0.0,0.0,0.0,0.0,0.0,0.0,0.0,0.0,0.0,0.0,0.0,0.0,0.0,0.0,0.0,2.004,-2.004,0.0,0.0,0.0,0.0,4712.0,-0.0,7315.0,-0.0,-107615392.0,0.0,2.7184312818759872e+23,0.0,0.0,0.0,0.0,77,-107615360.0,-3.22199834002519e+26,0.0,0.0,0.0,0.0,0.0,0.0,0.0,0,0,0,0.0,0.0,0.0,0.0,0.0,0.0,0.0,0.0,0.0,0.0,0.0,0.0,0.0,0.0,0.0,0.0,0,-107875648.0,77,0.0,154,0.0,0.0,ERR,ERR,ERR,ERR,ERR,ERR,ERR,ERR,ERR,ERR,ERR,ERR,ERR,ERR,ERR,ERR,ERR,ERR,ERR,ERR,ERR,ERR,ERR,ERR,ERR,ERR,ERR,ERR,ERR,ERR,ERR,ERR,ERR,ERR,ERR,ERR,ERR,ERR,ERR,ERR,ERR,ERR,ERR,ERR,ERR,ERR,ERR,ERR,ERR,ERR,ERR,ERR,ERR,ERR,ERR,ERR,ERR,ERR,ERR,ERR,ERR,ERR,ERR,ERR,ERR,ERR,ERR,34.0,80.0,35,0.0,0.0,0.0,0.0,0.0,0.0,0.0,0.0,0.0,0.0,0.0,0.0,0.0,0.0,0.0,0.0,66.4,0,121,58,54,65476,0,300,0,0,8,20529,65476,0,0,57672,80.0,0.0,0.0,0.0,0.0,0.0
2026-06-18T02:09:36,ERR,ERR,ERR,ERR,ERR,ERR,ERR,ERR,ERR,ERR,ERR,ERR,ERR,ERR,ERR,ERR,ERR,ERR,ERR,ERR,ERR,ERR,ERR,ERR,ERR,ERR,ERR,ERR,ERR,ERR,ERR,ERR,ERR,ERR,ERR,ERR,ERR,ERR,ERR,ERR,ERR,ERR,ERR,ERR,ERR,ERR,ERR,ERR,ERR,ERR,ERR,ERR,ERR,ERR,ERR,ERR,ERR,ERR,ERR,ERR,ERR,ERR,ERR,ERR,ERR,ERR,ERR,ERR,ERR,ERR,ERR,ERR,ERR,ERR,ERR,ERR,ERR,ERR,ERR,ERR,ERR,ERR,ERR,ERR,ERR,ERR,ERR,ERR,ERR,ERR,ERR,ERR,ERR,ERR,ERR,ERR,ERR,ERR,ERR,ERR,ERR,ERR,ERR,ERR,ERR,ERR,ERR,ERR,ERR,ERR,ERR,ERR,ERR,ERR,ERR,ERR,ERR,ERR,ERR,ERR,ERR,ERR,ERR,ERR,ERR,-0.0,-107615392.0,-134999232.0,-0.0,0.0,1.3936040501711995e+18,7.805,11082173251584.0,0,0,4,48855,6720,14723890282496.0,100,0.0,0.0,0.0,-0.0,0.0,0,0,0,0,0.0,0,0,0,0,0,0,0,0,0,0,0,0,0,0,0,0,0,0,0,0,0,0,0,0,0,0,0,0,0,0,0,0,0,26,51,50,76,65476,0,300,0,0,8,21553,0.0,-107605600.0,0.0,0.0,0.0,0.0,0.0,0.0,0.0,0.0,0.0,0.0,0.0,0.0,0.0,0.0,0.0,0.0,0.0,0.0,0.0,0.0,0.0,0.0,2.004,-2.004,0.0,0.0,0.0,0.0,4712.0,-0.0,7315.0,-0.0,-107615392.0,0.0,2.7184312818759872e+23,0.0,0.0,0.0,0.0,77,-107615360.0,-3.22199834002519e+26,0.0,0.0,0.0,0.0,0.0,0.0,0.0,0,0,0,0.0,0.0,0.0,0.0,0.0,0.0,0.0,0.0,0.0,0.0,0.0,0.0,0.0,0.0,0.0,0.0,0,-107875648.0,77,0.0,154,0.0,0.0,ERR,ERR,ERR,ERR,ERR,ERR,ERR,ERR,ERR,ERR,ERR,ERR,ERR,ERR,ERR,ERR,ERR,ERR,ERR,ERR,ERR,ERR,ERR,ERR,ERR,ERR,ERR,ERR,ERR,ERR,ERR,ERR,ERR,ERR,ERR,ERR,ERR,ERR,ERR,ERR,ERR,ERR,ERR,ERR,ERR,ERR,ERR,ERR,ERR,ERR,ERR,ERR,ERR,ERR,ERR,ERR,ERR,ERR,ERR,ERR,ERR,ERR,ERR,ERR,ERR,ERR,ERR,34.0,80.0,35,0.0,0.0,0.0,0.0,0.0,0.0,0.0,0.0,0.0,0.0,0.0,0.0,0.0,0.0,0.0,0.0,66.0,0,121,58,54,65476,0,300,0,0,8,20529,65476,0,0,57672,80.0,0.0,0.0,0.0,0.0,0.0
2026-06-18T02:09:37,ERR,ERR,ERR,ERR,ERR,ERR,ERR,ERR,ERR,ERR,ERR,ERR,ERR,ERR,ERR,ERR,ERR,ERR,ERR,ERR,ERR,ERR,ERR,ERR,ERR,ERR,ERR,ERR,ERR,ERR,ERR,ERR,ERR,ERR,ERR,ERR,ERR,ERR,ERR,ERR,ERR,ERR,ERR,ERR,ERR,ERR,ERR,ERR,ERR,ERR,ERR,ERR,ERR,ERR,ERR,ERR,ERR,ERR,ERR,ERR,ERR,ERR,ERR,ERR,ERR,ERR,ERR,ERR,ERR,ERR,ERR,ERR,ERR,ERR,ERR,ERR,ERR,ERR,ERR,ERR,ERR,ERR,ERR,ERR,ERR,ERR,ERR,ERR,ERR,ERR,ERR,ERR,ERR,ERR,ERR,ERR,ERR,ERR,ERR,ERR,ERR,ERR,ERR,ERR,ERR,ERR,ERR,ERR,ERR,ERR,ERR,ERR,ERR,ERR,ERR,ERR,ERR,ERR,ERR,ERR,ERR,ERR,ERR,ERR,ERR,-0.0,-107615392.0,-134999232.0,-0.0,0.0,1.3936040501711995e+18,7.805,11082173251584.0,0,0,4,48855,6720,14723890282496.0,100,0.0,0.0,0.0,-0.0,0.0,0,0,0,0,0.0,0,0,0,0,0,0,0,0,0,0,0,0,0,0,0,0,0,0,0,0,0,0,0,0,0,0,0,0,0,0,0,0,0,26,51,50,76,65476,0,300,0,0,8,21553,0.0,-107605600.0,0.0,0.0,0.0,0.0,0.0,0.0,0.0,0.0,0.0,0.0,0.0,0.0,0.0,0.0,0.0,0.0,0.0,0.0,0.0,0.0,0.0,0.0,2.004,-2.004,0.0,0.0,0.0,0.0,4712.0,-0.0,7315.0,-0.0,-107615392.0,0.0,2.7184312818759872e+23,0.0,0.0,0.0,0.0,77,-107615360.0,-3.22199834002519e+26,0.0,0.0,0.0,0.0,0.0,0.0,0.0,0,0,0,0.0,0.0,0.0,0.0,0.0,0.0,0.0,0.0,0.0,0.0,0.0,0.0,0.0,0.0,0.0,0.0,0,-107875648.0,77,0.0,154,0.0,0.0,ERR,ERR,ERR,ERR,ERR,ERR,ERR,ERR,ERR,ERR,ERR,ERR,ERR,ERR,ERR,ERR,ERR,ERR,ERR,ERR,ERR,ERR,ERR,ERR,ERR,ERR,ERR,ERR,ERR,ERR,ERR,ERR,ERR,ERR,ERR,ERR,ERR,ERR,ERR,ERR,ERR,ERR,ERR,ERR,ERR,ERR,ERR,ERR,ERR,ERR,ERR,ERR,ERR,ERR,ERR,ERR,ERR,ERR,ERR,ERR,ERR,ERR,ERR,ERR,ERR,ERR,ERR,34.0,80.0,35,0.0,0.0,0.0,0.0,0.0,0.0,0.0,0.0,0.0,0.0,0.0,0.0,0.0,0.0,0.0,0.0,66.0,0,121,58,54,65476,0,300,0,0,8,20529,65476,0,0,57672,80.0,0.0,0.0,0.0,0.0,0.0
2026-06-18T02:09:38,ERR,ERR,ERR,ERR,ERR,ERR,ERR,ERR,ERR,ERR,ERR,ERR,ERR,ERR,ERR,ERR,ERR,ERR,ERR,ERR,ERR,ERR,ERR,ERR,ERR,ERR,ERR,ERR,ERR,ERR,ERR,ERR,ERR,ERR,ERR,ERR,ERR,ERR,ERR,ERR,ERR,ERR,ERR,ERR,ERR,ERR,ERR,ERR,ERR,ERR,ERR,ERR,ERR,ERR,ERR,ERR,ERR,ERR,ERR,ERR,ERR,ERR,ERR,ERR,ERR,ERR,ERR,ERR,ERR,ERR,ERR,ERR,ERR,ERR,ERR,ERR,ERR,ERR,ERR,ERR,ERR,ERR,ERR,ERR,ERR,ERR,ERR,ERR,ERR,ERR,ERR,ERR,ERR,ERR,ERR,ERR,ERR,ERR,ERR,ERR,ERR,ERR,ERR,ERR,ERR,ERR,ERR,ERR,ERR,ERR,ERR,ERR,ERR,ERR,ERR,ERR,ERR,ERR,ERR,ERR,ERR,ERR,ERR,ERR,ERR,-0.0,-107615392.0,-134999232.0,-0.0,0.0,1.3936040501711995e+18,7.805,11082173251584.0,0,0,4,48855,6720,14723890282496.0,100,0.0,0.0,0.0,-0.0,0.0,0,0,0,0,0.0,0,0,0,0,0,0,0,0,0,0,0,0,0,0,0,0,0,0,0,0,0,0,0,0,0,0,0,0,0,0,0,0,0,26,51,50,76,65476,0,300,0,0,8,21553,0.0,-107605600.0,0.0,0.0,0.0,0.0,0.0,0.0,0.0,0.0,0.0,0.0,0.0,0.0,0.0,0.0,0.0,0.0,0.0,0.0,0.0,0.0,0.0,0.0,2.004,-2.004,0.0,0.0,0.0,0.0,4712.0,-0.0,7315.0,-0.0,-107615392.0,0.0,2.7184312818759872e+23,0.0,0.0,0.0,0.0,77,-107615360.0,-3.22199834002519e+26,0.0,0.0,0.0,0.0,0.0,0.0,0.0,0,0,0,0.0,0.0,0.0,0.0,0.0,0.0,0.0,0.0,0.0,0.0,0.0,0.0,0.0,0.0,0.0,0.0,0,-107875648.0,77,0.0,154,0.0,0.0,ERR,ERR,ERR,ERR,ERR,ERR,ERR,ERR,ERR,ERR,ERR,ERR,ERR,ERR,ERR,ERR,ERR,ERR,ERR,ERR,ERR,ERR,ERR,ERR,ERR,ERR,ERR,ERR,ERR,ERR,ERR,ERR,ERR,ERR,ERR,ERR,ERR,ERR,ERR,ERR,ERR,ERR,ERR,ERR,ERR,ERR,ERR,ERR,ERR,ERR,ERR,ERR,ERR,ERR,ERR,ERR,ERR,ERR,ERR,ERR,ERR,ERR,ERR,ERR,ERR,ERR,ERR,34.0,80.0,35,0.0,0.0,0.0,0.0,0.0,0.0,0.0,0.0,0.0,0.0,0.0,0.0,0.0,0.0,0.0,0.0,66.0,0,121,58,54,65476,0,300,0,0,8,20529,65476,0,0,57672,80.0,0.0,0.0,0.0,0.0,0.0
2026-06-18T02:09:39,ERR,ERR,ERR,ERR,ERR,ERR,ERR,ERR,ERR,ERR,ERR,ERR,ERR,ERR,ERR,ERR,ERR,ERR,ERR,ERR,ERR,ERR,ERR,ERR,ERR,ERR,ERR,ERR,ERR,ERR,ERR,ERR,ERR,ERR,ERR,ERR,ERR,ERR,ERR,ERR,ERR,ERR,ERR,ERR,ERR,ERR,ERR,ERR,ERR,ERR,ERR,ERR,ERR,ERR,ERR,ERR,ERR,ERR,ERR,ERR,ERR,ERR,ERR,ERR,ERR,ERR,ERR,ERR,ERR,ERR,ERR,ERR,ERR,ERR,ERR,ERR,ERR,ERR,ERR,ERR,ERR,ERR,ERR,ERR,ERR,ERR,ERR,ERR,ERR,ERR,ERR,ERR,ERR,ERR,ERR,ERR,ERR,ERR,ERR,ERR,ERR,ERR,ERR,ERR,ERR,ERR,ERR,ERR,ERR,ERR,ERR,ERR,ERR,ERR,ERR,ERR,ERR,ERR,ERR,ERR,ERR,ERR,ERR,ERR,ERR,-0.0,-107615392.0,-134999232.0,-0.0,0.0,1.3936040501711995e+18,7.805,11082173251584.0,0,0,4,48855,6720,14723890282496.0,100,0.0,0.0,0.0,-0.0,0.0,0,0,0,0,0.0,0,0,0,0,0,0,0,0,0,0,0,0,0,0,0,0,0,0,0,0,0,0,0,0,0,0,0,0,0,0,0,0,0,26,51,50,76,65476,0,300,0,0,8,21553,0.0,-107605600.0,0.0,0.0,0.0,0.0,0.0,0.0,0.0,0.0,0.0,0.0,0.0,0.0,0.0,0.0,0.0,0.0,0.0,0.0,0.0,0.0,0.0,0.0,2.004,-2.004,0.0,0.0,0.0,0.0,4712.0,-0.0,7315.0,-0.0,-107615392.0,0.0,2.7184312818759872e+23,0.0,0.0,0.0,0.0,77,-107615360.0,-3.22199834002519e+26,0.0,0.0,0.0,0.0,0.0,0.0,0.0,0,0,0,0.0,0.0,0.0,0.0,0.0,0.0,0.0,0.0,0.0,0.0,0.0,0.0,0.0,0.0,0.0,0.0,0,-107875648.0,77,0.0,154,0.0,0.0,ERR,ERR,ERR,ERR,ERR,ERR,ERR,ERR,ERR,ERR,ERR,ERR,ERR,ERR,ERR,ERR,ERR,ERR,ERR,ERR,ERR,ERR,ERR,ERR,ERR,ERR,ERR,ERR,ERR,ERR,ERR,ERR,ERR,ERR,ERR,ERR,ERR,ERR,ERR,ERR,ERR,ERR,ERR,ERR,ERR,ERR,ERR,ERR,ERR,ERR,ERR,ERR,ERR,ERR,ERR,ERR,ERR,ERR,ERR,ERR,ERR,ERR,ERR,ERR,ERR,ERR,ERR,34.0,80.0,35,0.0,0.0,0.0,0.0,0.0,0.0,0.0,0.0,0.0,0.0,0.0,0.0,0.0,0.0,0.0,0.0,66.0,0,121,58,54,65476,0,300,0,0,8,20529,65476,0,0,57672,80.0,0.0,0.0,0.0,0.0,0.0
2026-06-18T02:09:40,ERR,ERR,ERR,ERR,ERR,ERR,ERR,ERR,ERR,ERR,ERR,ERR,ERR,ERR,ERR,ERR,ERR,ERR,ERR,ERR,ERR,ERR,ERR,ERR,ERR,ERR,ERR,ERR,ERR,ERR,ERR,ERR,ERR,ERR,ERR,ERR,ERR,ERR,ERR,ERR,ERR,ERR,ERR,ERR,ERR,ERR,ERR,ERR,ERR,ERR,ERR,ERR,ERR,ERR,ERR,ERR,ERR,ERR,ERR,ERR,ERR,ERR,ERR,ERR,ERR,ERR,ERR,ERR,ERR,ERR,ERR,ERR,ERR,ERR,ERR,ERR,ERR,ERR,ERR,ERR,ERR,ERR,ERR,ERR,ERR,ERR,ERR,ERR,ERR,ERR,ERR,ERR,ERR,ERR,ERR,ERR,ERR,ERR,ERR,ERR,ERR,ERR,ERR,ERR,ERR,ERR,ERR,ERR,ERR,ERR,ERR,ERR,ERR,ERR,ERR,ERR,ERR,ERR,ERR,ERR,ERR,ERR,ERR,ERR,ERR,-0.0,-107615392.0,-134999232.0,-152005385388032.0,0.0,1.3936040501711995e+18,7.805,1.1096074633774859e+29,0,0,4,48861,6720,14723890282496.0,100,0.0,0.0,0.0,-152005385388032.0,0.0,0,0,0,0,0.0,0,0,0,0,0,0,0,0,0,0,0,0,0,0,0,0,0,0,0,0,0,0,0,0,0,0,0,0,0,0,0,0,0,26,51,50,76,65476,0,300,0,0,8,21553,0.0,-107605600.0,0.0,0.0,0.0,0.0,0.0,0.0,0.0,0.0,0.0,0.0,0.0,0.0,0.0,0.0,0.0,0.0,0.0,0.0,0.0,0.0,0.0,0.0,2.004,-2.004,0.0,0.0,0.0,0.0,4714.0,-3.697182175382838e+19,7324.0,-107615400.0,-107615392.0,0.0,2.7184312818759872e+23,0.0,0.0,0.0,0.0,77,-152018488393728.0,0.059,0.0,0.0,0.0,0.0,0.0,0.0,0.0,0,0,0,0.0,0.0,0.0,0.0,0.0,0.0,0.0,0.0,0.0,0.0,0.0,0.0,0.0,0.0,0.0,0.0,0,-107875648.0,77,0.0,154,0.0,0.0,ERR,ERR,ERR,ERR,ERR,ERR,ERR,ERR,ERR,ERR,ERR,ERR,ERR,ERR,ERR,ERR,ERR,ERR,ERR,ERR,ERR,ERR,ERR,ERR,ERR,ERR,ERR,ERR,ERR,ERR,ERR,ERR,ERR,ERR,ERR,ERR,ERR,ERR,ERR,ERR,ERR,ERR,ERR,ERR,ERR,ERR,ERR,ERR,ERR,ERR,ERR,ERR,ERR,ERR,ERR,ERR,ERR,ERR,ERR,ERR,ERR,ERR,ERR,ERR,ERR,ERR,ERR,34.0,80.0,35,0.0,0.0,0.0,0.0,0.0,0.0,0.0,0.0,0.0,0.0,0.0,0.0,0.0,0.0,0.0,0.0,66.0,0,121,58,54,65476,0,300,0,0,8,20529,65476,0,0,57672,80.0,0.0,0.0,0.0,0.0,0.0
2026-06-18T02:09:41,ERR,ERR,ERR,ERR,ERR,ERR,ERR,ERR,ERR,ERR,ERR,ERR,ERR,ERR,ERR,ERR,ERR,ERR,ERR,ERR,ERR,ERR,ERR,ERR,ERR,ERR,ERR,ERR,ERR,ERR,ERR,ERR,ERR,ERR,ERR,ERR,ERR,ERR,ERR,ERR,ERR,ERR,ERR,ERR,ERR,ERR,ERR,ERR,ERR,ERR,ERR,ERR,ERR,ERR,ERR,ERR,ERR,ERR,ERR,ERR,ERR,ERR,ERR,ERR,ERR,ERR,ERR,ERR,ERR,ERR,ERR,ERR,ERR,ERR,ERR,ERR,ERR,ERR,ERR,ERR,ERR,ERR,ERR,ERR,ERR,ERR,ERR,ERR,ERR,ERR,ERR,ERR,ERR,ERR,ERR,ERR,ERR,ERR,ERR,ERR,ERR,ERR,ERR,ERR,ERR,ERR,ERR,ERR,ERR,ERR,ERR,ERR,ERR,ERR,ERR,ERR,ERR,ERR,ERR,ERR,ERR,ERR,ERR,ERR,ERR,-0.0,-107615392.0,-134999232.0,-152005385388032.0,0.0,1.3936040501711995e+18,7.805,1.1096074633774859e+29,0,0,4,48861,6720,14723890282496.0,100,0.0,0.0,0.0,-152005385388032.0,0.0,0,0,0,0,0.0,0,0,0,0,0,0,0,0,0,0,0,0,0,0,0,0,0,0,0,0,0,0,0,0,0,0,0,0,0,0,0,0,0,26,51,50,76,65476,0,300,0,0,8,21553,0.0,-107605600.0,0.0,0.0,0.0,0.0,0.0,0.0,0.0,0.0,0.0,0.0,0.0,0.0,0.0,0.0,0.0,0.0,0.0,0.0,0.0,0.0,0.0,0.0,2.004,-2.004,0.0,0.0,0.0,0.0,4714.0,-3.697182175382838e+19,7324.0,-107615400.0,-107615392.0,0.0,2.7184312818759872e+23,0.0,0.0,0.0,0.0,77,-152018488393728.0,0.059,0.0,0.0,0.0,0.0,0.0,0.0,0.0,0,0,0,0.0,0.0,0.0,0.0,0.0,0.0,0.0,0.0,0.0,0.0,0.0,0.0,0.0,0.0,0.0,0.0,0,-107875648.0,77,0.0,154,0.0,0.0,ERR,ERR,ERR,ERR,ERR,ERR,ERR,ERR,ERR,ERR,ERR,ERR,ERR,ERR,ERR,ERR,ERR,ERR,ERR,ERR,ERR,ERR,ERR,ERR,ERR,ERR,ERR,ERR,ERR,ERR,ERR,ERR,ERR,ERR,ERR,ERR,ERR,ERR,ERR,ERR,ERR,ERR,ERR,ERR,ERR,ERR,ERR,ERR,ERR,ERR,ERR,ERR,ERR,ERR,ERR,ERR,ERR,ERR,ERR,ERR,ERR,ERR,ERR,ERR,ERR,ERR,ERR,34.0,80.0,35,0.0,0.0,0.0,0.0,0.0,0.0,0.0,0.0,0.0,0.0,0.0,0.0,0.0,0.0,0.0,0.0,66.0,0,121,58,54,65476,0,300,0,0,8,20529,65476,0,0,57672,80.0,0.0,0.0,0.0,0.0,0.0
2026-06-18T02:09:42,ERR,ERR,ERR,ERR,ERR,ERR,ERR,ERR,ERR,ERR,ERR,ERR,ERR,ERR,ERR,ERR,ERR,ERR,ERR,ERR,ERR,ERR,ERR,ERR,ERR,ERR,ERR,ERR,ERR,ERR,ERR,ERR,ERR,ERR,ERR,ERR,ERR,ERR,ERR,ERR,ERR,ERR,ERR,ERR,ERR,ERR,ERR,ERR,ERR,ERR,ERR,ERR,ERR,ERR,ERR,ERR,ERR,ERR,ERR,ERR,ERR,ERR,ERR,ERR,ERR,ERR,ERR,ERR,ERR,ERR,ERR,ERR,ERR,ERR,ERR,ERR,ERR,ERR,ERR,ERR,ERR,ERR,ERR,ERR,ERR,ERR,ERR,ERR,ERR,ERR,ERR,ERR,ERR,ERR,ERR,ERR,ERR,ERR,ERR,ERR,ERR,ERR,ERR,ERR,ERR,ERR,ERR,ERR,ERR,ERR,ERR,ERR,ERR,ERR,ERR,ERR,ERR,ERR,ERR,ERR,ERR,ERR,ERR,ERR,ERR,-0.0,-107615392.0,-134999232.0,-152005385388032.0,0.0,1.3936040501711995e+18,7.805,1.1096074633774859e+29,0,0,4,48861,6720,14723890282496.0,100,0.0,0.0,0.0,-152005385388032.0,0.0,0,0,0,0,0.0,0,0,0,0,0,0,0,0,0,0,0,0,0,0,0,0,0,0,0,0,0,0,0,0,0,0,0,0,0,0,0,0,0,26,51,50,76,65476,0,300,0,0,8,21553,0.0,-107605600.0,0.0,0.0,0.0,0.0,0.0,0.0,0.0,0.0,0.0,0.0,0.0,0.0,0.0,0.0,0.0,0.0,0.0,0.0,0.0,0.0,0.0,0.0,2.004,-2.004,0.0,0.0,0.0,0.0,4714.0,-3.697182175382838e+19,7324.0,-107615400.0,-107615392.0,0.0,2.7184312818759872e+23,0.0,0.0,0.0,0.0,77,-152018488393728.0,0.059,0.0,0.0,0.0,0.0,0.0,0.0,0.0,0,0,0,0.0,0.0,0.0,0.0,0.0,0.0,0.0,0.0,0.0,0.0,0.0,0.0,0.0,0.0,0.0,0.0,0,-107875648.0,77,0.0,154,0.0,0.0,ERR,ERR,ERR,ERR,ERR,ERR,ERR,ERR,ERR,ERR,ERR,ERR,ERR,ERR,ERR,ERR,ERR,ERR,ERR,ERR,ERR,ERR,ERR,ERR,ERR,ERR,ERR,ERR,ERR,ERR,ERR,ERR,ERR,ERR,ERR,ERR,ERR,ERR,ERR,ERR,ERR,ERR,ERR,ERR,ERR,ERR,ERR,ERR,ERR,ERR,ERR,ERR,ERR,ERR,ERR,ERR,ERR,ERR,ERR,ERR,ERR,ERR,ERR,ERR,ERR,ERR,ERR,34.0,80.0,35,0.0,0.0,0.0,0.0,0.0,0.0,0.0,0.0,0.0,0.0,0.0,0.0,0.0,0.0,0.0,0.0,66.0,0,121,58,54,65476,0,300,0,0,8,20529,65476,0,0,57672,80.0,0.0,0.0,0.0,0.0,0.0
2026-06-18T02:09:43,ERR,ERR,ERR,ERR,ERR,ERR,ERR,ERR,ERR,ERR,ERR,ERR,ERR,ERR,ERR,ERR,ERR,ERR,ERR,ERR,ERR,ERR,ERR,ERR,ERR,ERR,ERR,ERR,ERR,ERR,ERR,ERR,ERR,ERR,ERR,ERR,ERR,ERR,ERR,ERR,ERR,ERR,ERR,ERR,ERR,ERR,ERR,ERR,ERR,ERR,ERR,ERR,ERR,ERR,ERR,ERR,ERR,ERR,ERR,ERR,ERR,ERR,ERR,ERR,ERR,ERR,ERR,ERR,ERR,ERR,ERR,ERR,ERR,ERR,ERR,ERR,ERR,ERR,ERR,ERR,ERR,ERR,ERR,ERR,ERR,ERR,ERR,ERR,ERR,ERR,ERR,ERR,ERR,ERR,ERR,ERR,ERR,ERR,ERR,ERR,ERR,ERR,ERR,ERR,ERR,ERR,ERR,ERR,ERR,ERR,ERR,ERR,ERR,ERR,ERR,ERR,ERR,ERR,ERR,ERR,ERR,ERR,ERR,ERR,ERR,-0.0,-107615392.0,-134999232.0,-152005385388032.0,0.0,1.3936040501711995e+18,7.805,1.1096074633774859e+29,0,0,4,48861,6720,14723890282496.0,100,0.0,0.0,0.0,-152005385388032.0,0.0,0,0,0,0,0.0,0,0,0,0,0,0,0,0,0,0,0,0,0,0,0,0,0,0,0,0,0,0,0,0,0,0,0,0,0,0,0,0,0,26,51,50,76,65476,0,300,0,0,8,21553,0.0,-107605600.0,0.0,0.0,0.0,0.0,0.0,0.0,0.0,0.0,0.0,0.0,0.0,0.0,0.0,0.0,0.0,0.0,0.0,0.0,0.0,0.0,0.0,0.0,2.004,-2.004,0.0,0.0,0.0,0.0,4714.0,-3.697182175382838e+19,7324.0,-107615400.0,-107615392.0,0.0,2.7184312818759872e+23,0.0,0.0,0.0,0.0,77,-152018488393728.0,0.059,0.0,0.0,0.0,0.0,0.0,0.0,0.0,0,0,0,0.0,0.0,0.0,0.0,0.0,0.0,0.0,0.0,0.0,0.0,0.0,0.0,0.0,0.0,0.0,0.0,0,-107875648.0,77,0.0,154,0.0,0.0,ERR,ERR,ERR,ERR,ERR,ERR,ERR,ERR,ERR,ERR,ERR,ERR,ERR,ERR,ERR,ERR,ERR,ERR,ERR,ERR,ERR,ERR,ERR,ERR,ERR,ERR,ERR,ERR,ERR,ERR,ERR,ERR,ERR,ERR,ERR,ERR,ERR,ERR,ERR,ERR,ERR,ERR,ERR,ERR,ERR,ERR,ERR,ERR,ERR,ERR,ERR,ERR,ERR,ERR,ERR,ERR,ERR,ERR,ERR,ERR,ERR,ERR,ERR,ERR,ERR,ERR,ERR,34.0,80.0,35,0.0,0.0,0.0,0.0,0.0,0.0,0.0,0.0,0.0,0.0,0.0,0.0,0.0,0.0,0.0,0.0,66.0,0,121,58,54,65476,0,300,0,0,8,20529,65476,0,0,57672,80.0,0.0,0.0,0.0,0.0,0.0
2026-06-18T02:09:44,ERR,ERR,ERR,ERR,ERR,ERR,ERR,ERR,ERR,ERR,ERR,ERR,ERR,ERR,ERR,ERR,ERR,ERR,ERR,ERR,ERR,ERR,ERR,ERR,ERR,ERR,ERR,ERR,ERR,ERR,ERR,ERR,ERR,ERR,ERR,ERR,ERR,ERR,ERR,ERR,ERR,ERR,ERR,ERR,ERR,ERR,ERR,ERR,ERR,ERR,ERR,ERR,ERR,ERR,ERR,ERR,ERR,ERR,ERR,ERR,ERR,ERR,ERR,ERR,ERR,ERR,ERR,ERR,ERR,ERR,ERR,ERR,ERR,ERR,ERR,ERR,ERR,ERR,ERR,ERR,ERR,ERR,ERR,ERR,ERR,ERR,ERR,ERR,ERR,ERR,ERR,ERR,ERR,ERR,ERR,ERR,ERR,ERR,ERR,ERR,ERR,ERR,ERR,ERR,ERR,ERR,ERR,ERR,ERR,ERR,ERR,ERR,ERR,ERR,ERR,ERR,ERR,ERR,ERR,ERR,ERR,ERR,ERR,ERR,ERR,-0.0,-107615392.0,-134999232.0,-152005385388032.0,0.0,1.3936040501711995e+18,7.805,1.1096074633774859e+29,0,0,4,48861,6720,14723890282496.0,100,0.0,0.0,0.0,-152005385388032.0,0.0,0,0,0,0,0.0,0,0,0,0,0,0,0,0,0,0,0,0,0,0,0,0,0,0,0,0,0,0,0,0,0,0,0,0,0,0,0,0,0,26,51,50,76,65476,0,300,0,0,8,21553,0.0,-107605600.0,0.0,0.0,0.0,0.0,0.0,0.0,0.0,0.0,0.0,0.0,0.0,0.0,0.0,0.0,0.0,0.0,0.0,0.0,0.0,0.0,0.0,0.0,2.004,-2.004,0.0,0.0,0.0,0.0,4714.0,-3.697182175382838e+19,7324.0,-107615400.0,-107615392.0,0.0,2.7184312818759872e+23,0.0,0.0,0.0,0.0,77,-152018488393728.0,0.059,0.0,0.0,0.0,0.0,0.0,0.0,0.0,0,0,0,0.0,0.0,0.0,0.0,0.0,0.0,0.0,0.0,0.0,0.0,0.0,0.0,0.0,0.0,0.0,0.0,0,-107875648.0,77,0.0,154,0.0,0.0,ERR,ERR,ERR,ERR,ERR,ERR,ERR,ERR,ERR,ERR,ERR,ERR,ERR,ERR,ERR,ERR,ERR,ERR,ERR,ERR,ERR,ERR,ERR,ERR,ERR,ERR,ERR,ERR,ERR,ERR,ERR,ERR,ERR,ERR,ERR,ERR,ERR,ERR,ERR,ERR,ERR,ERR,ERR,ERR,ERR,ERR,ERR,ERR,ERR,ERR,ERR,ERR,ERR,ERR,ERR,ERR,ERR,ERR,ERR,ERR,ERR,ERR,ERR,ERR,ERR,ERR,ERR,34.0,80.0,35,0.0,0.0,0.0,0.0,0.0,0.0,0.0,0.0,0.0,0.0,0.0,0.0,0.0,0.0,0.0,0.0,66.0,0,121,58,54,65476,0,300,0,0,8,20529,65476,0,0,57672,80.0,0.0,0.0,0.0,0.0,0.0
2026-06-18T02:09:45,ERR,ERR,ERR,ERR,ERR,ERR,ERR,ERR,ERR,ERR,ERR,ERR,ERR,ERR,ERR,ERR,ERR,ERR,ERR,ERR,ERR,ERR,ERR,ERR,ERR,ERR,ERR,ERR,ERR,ERR,ERR,ERR,ERR,ERR,ERR,ERR,ERR,ERR,ERR,ERR,ERR,ERR,ERR,ERR,ERR,ERR,ERR,ERR,ERR,ERR,ERR,ERR,ERR,ERR,ERR,ERR,ERR,ERR,ERR,ERR,ERR,ERR,ERR,ERR,ERR,ERR,ERR,ERR,ERR,ERR,ERR,ERR,ERR,ERR,ERR,ERR,ERR,ERR,ERR,ERR,ERR,ERR,ERR,ERR,ERR,ERR,ERR,ERR,ERR,ERR,ERR,ERR,ERR,ERR,ERR,ERR,ERR,ERR,ERR,ERR,ERR,ERR,ERR,ERR,ERR,ERR,ERR,ERR,ERR,ERR,ERR,ERR,ERR,ERR,ERR,ERR,ERR,ERR,ERR,ERR,ERR,ERR,ERR,ERR,ERR,-0.0,-107615392.0,-134999232.0,-0.0,0.0,1.3936040501711995e+18,7.805,2.324635497035093e+34,0,0,4,48857,6720,14723890282496.0,100,0.0,0.0,0.0,-4.9501291711397626e+32,0.0,0,0,0,0,0.0,0,0,0,0,0,0,0,0,0,0,0,0,0,0,0,0,0,0,0,0,0,0,0,0,0,0,0,0,0,0,0,0,0,26,51,50,76,65476,0,300,0,0,8,21553,0.0,-107605600.0,0.0,0.0,0.0,0.0,0.0,0.0,0.0,0.0,0.0,0.0,0.0,0.0,0.0,0.0,0.0,0.0,0.0,0.0,0.0,0.0,0.0,0.0,2.004,-2.004,0.0,0.0,0.0,0.0,4714.0,-2.4229853104588965e+24,7325.0,-0.0,-107615392.0,0.0,2.7184312818759872e+23,0.0,0.0,0.0,0.0,77,-152018488393728.0,126840446976.0,0.0,0.0,0.0,0.0,0.0,0.0,0.0,0,0,0,0.0,0.0,0.0,0.0,0.0,0.0,0.0,0.0,0.0,0.0,0.0,0.0,0.0,0.0,0.0,0.0,0,-107875648.0,77,0.0,154,0.0,0.0,ERR,ERR,ERR,ERR,ERR,ERR,ERR,ERR,ERR,ERR,ERR,ERR,ERR,ERR,ERR,ERR,ERR,ERR,ERR,ERR,ERR,ERR,ERR,ERR,ERR,ERR,ERR,ERR,ERR,ERR,ERR,ERR,ERR,ERR,ERR,ERR,ERR,ERR,ERR,ERR,ERR,ERR,ERR,ERR,ERR,ERR,ERR,ERR,ERR,ERR,ERR,ERR,ERR,ERR,ERR,ERR,ERR,ERR,ERR,ERR,ERR,ERR,ERR,ERR,ERR,ERR,ERR,34.0,80.0,35,0.0,0.0,0.0,0.0,0.0,0.0,0.0,0.0,0.0,0.0,0.0,0.0,0.0,0.0,0.0,0.0,66.0,0,121,58,54,65476,0,300,0,0,8,20529,65476,0,0,57672,80.0,0.0,0.0,0.0,0.0,0.0
2026-06-18T02:09:46,ERR,ERR,ERR,ERR,ERR,ERR,ERR,ERR,ERR,ERR,ERR,ERR,ERR,ERR,ERR,ERR,ERR,ERR,ERR,ERR,ERR,ERR,ERR,ERR,ERR,ERR,ERR,ERR,ERR,ERR,ERR,ERR,ERR,ERR,ERR,ERR,ERR,ERR,ERR,ERR,ERR,ERR,ERR,ERR,ERR,ERR,ERR,ERR,ERR,ERR,ERR,ERR,ERR,ERR,ERR,ERR,ERR,ERR,ERR,ERR,ERR,ERR,ERR,ERR,ERR,ERR,ERR,ERR,ERR,ERR,ERR,ERR,ERR,ERR,ERR,ERR,ERR,ERR,ERR,ERR,ERR,ERR,ERR,ERR,ERR,ERR,ERR,ERR,ERR,ERR,ERR,ERR,ERR,ERR,ERR,ERR,ERR,ERR,ERR,ERR,ERR,ERR,ERR,ERR,ERR,ERR,ERR,ERR,ERR,ERR,ERR,ERR,ERR,ERR,ERR,ERR,ERR,ERR,ERR,ERR,ERR,ERR,ERR,ERR,ERR,-0.0,-107615392.0,-134999232.0,-0.0,0.0,1.3936040501711995e+18,7.805,2.324635497035093e+34,0,0,4,48857,6720,14723890282496.0,100,0.0,0.0,0.0,-4.9501291711397626e+32,0.0,0,0,0,0,0.0,0,0,0,0,0,0,0,0,0,0,0,0,0,0,0,0,0,0,0,0,0,0,0,0,0,0,0,0,0,0,0,0,0,26,51,50,76,65476,0,300,0,0,8,21553,0.0,-107605600.0,0.0,0.0,0.0,0.0,0.0,0.0,0.0,0.0,0.0,0.0,0.0,0.0,0.0,0.0,0.0,0.0,0.0,0.0,0.0,0.0,0.0,0.0,2.004,-2.004,0.0,0.0,0.0,0.0,4714.0,-2.4229853104588965e+24,7325.0,-0.0,-107615392.0,0.0,2.7184312818759872e+23,0.0,0.0,0.0,0.0,77,-152018488393728.0,126840446976.0,0.0,0.0,0.0,0.0,0.0,0.0,0.0,0,0,0,0.0,0.0,0.0,0.0,0.0,0.0,0.0,0.0,0.0,0.0,0.0,0.0,0.0,0.0,0.0,0.0,0,-107875648.0,77,0.0,154,0.0,0.0,ERR,ERR,ERR,ERR,ERR,ERR,ERR,ERR,ERR,ERR,ERR,ERR,ERR,ERR,ERR,ERR,ERR,ERR,ERR,ERR,ERR,ERR,ERR,ERR,ERR,ERR,ERR,ERR,ERR,ERR,ERR,ERR,ERR,ERR,ERR,ERR,ERR,ERR,ERR,ERR,ERR,ERR,ERR,ERR,ERR,ERR,ERR,ERR,ERR,ERR,ERR,ERR,ERR,ERR,ERR,ERR,ERR,ERR,ERR,ERR,ERR,ERR,ERR,ERR,ERR,ERR,ERR,34.0,80.0,35,0.0,0.0,0.0,0.0,0.0,0.0,0.0,0.0,0.0,0.0,0.0,0.0,0.0,0.0,0.0,0.0,66.0,0,121,58,54,65476,0,300,0,0,8,20529,65476,0,0,57672,80.0,0.0,0.0,0.0,0.0,0.0
2026-06-18T02:09:47,ERR,ERR,ERR,ERR,ERR,ERR,ERR,ERR,ERR,ERR,ERR,ERR,ERR,ERR,ERR,ERR,ERR,ERR,ERR,ERR,ERR,ERR,ERR,ERR,ERR,ERR,ERR,ERR,ERR,ERR,ERR,ERR,ERR,ERR,ERR,ERR,ERR,ERR,ERR,ERR,ERR,ERR,ERR,ERR,ERR,ERR,ERR,ERR,ERR,ERR,ERR,ERR,ERR,ERR,ERR,ERR,ERR,ERR,ERR,ERR,ERR,ERR,ERR,ERR,ERR,ERR,ERR,ERR,ERR,ERR,ERR,ERR,ERR,ERR,ERR,ERR,ERR,ERR,ERR,ERR,ERR,ERR,ERR,ERR,ERR,ERR,ERR,ERR,ERR,ERR,ERR,ERR,ERR,ERR,ERR,ERR,ERR,ERR,ERR,ERR,ERR,ERR,ERR,ERR,ERR,ERR,ERR,ERR,ERR,ERR,ERR,ERR,ERR,ERR,ERR,ERR,ERR,ERR,ERR,ERR,ERR,ERR,ERR,ERR,ERR,-0.0,-107615392.0,-134999232.0,-0.0,0.0,1.3936040501711995e+18,7.805,2.324635497035093e+34,0,0,4,48857,6720,14723890282496.0,100,0.0,0.0,0.0,-4.9501291711397626e+32,0.0,0,0,0,0,0.0,0,0,0,0,0,0,0,0,0,0,0,0,0,0,0,0,0,0,0,0,0,0,0,0,0,0,0,0,0,0,0,0,0,26,51,50,76,65476,0,300,0,0,8,21553,0.0,-107605600.0,0.0,0.0,0.0,0.0,0.0,0.0,0.0,0.0,0.0,0.0,0.0,0.0,0.0,0.0,0.0,0.0,0.0,0.0,0.0,0.0,0.0,0.0,2.004,-2.004,0.0,0.0,0.0,0.0,4714.0,-2.4229853104588965e+24,7325.0,-0.0,-107615392.0,0.0,2.7184312818759872e+23,0.0,0.0,0.0,0.0,77,-152018488393728.0,126840446976.0,0.0,0.0,0.0,0.0,0.0,0.0,0.0,0,0,0,0.0,0.0,0.0,0.0,0.0,0.0,0.0,0.0,0.0,0.0,0.0,0.0,0.0,0.0,0.0,0.0,0,-107875648.0,77,0.0,154,0.0,0.0,ERR,ERR,ERR,ERR,ERR,ERR,ERR,ERR,ERR,ERR,ERR,ERR,ERR,ERR,ERR,ERR,ERR,ERR,ERR,ERR,ERR,ERR,ERR,ERR,ERR,ERR,ERR,ERR,ERR,ERR,ERR,ERR,ERR,ERR,ERR,ERR,ERR,ERR,ERR,ERR,ERR,ERR,ERR,ERR,ERR,ERR,ERR,ERR,ERR,ERR,ERR,ERR,ERR,ERR,ERR,ERR,ERR,ERR,ERR,ERR,ERR,ERR,ERR,ERR,ERR,ERR,ERR,34.0,80.0,35,0.0,0.0,0.0,0.0,0.0,0.0,0.0,0.0,0.0,0.0,0.0,0.0,0.0,0.0,0.0,0.0,66.0,0,121,58,54,65476,0,300,0,0,8,20529,65476,0,0,57672,80.0,0.0,0.0,0.0,0.0,0.0
2026-06-18T02:09:48,ERR,ERR,ERR,ERR,ERR,ERR,ERR,ERR,ERR,ERR,ERR,ERR,ERR,ERR,ERR,ERR,ERR,ERR,ERR,ERR,ERR,ERR,ERR,ERR,ERR,ERR,ERR,ERR,ERR,ERR,ERR,ERR,ERR,ERR,ERR,ERR,ERR,ERR,ERR,ERR,ERR,ERR,ERR,ERR,ERR,ERR,ERR,ERR,ERR,ERR,ERR,ERR,ERR,ERR,ERR,ERR,ERR,ERR,ERR,ERR,ERR,ERR,ERR,ERR,ERR,ERR,ERR,ERR,ERR,ERR,ERR,ERR,ERR,ERR,ERR,ERR,ERR,ERR,ERR,ERR,ERR,ERR,ERR,ERR,ERR,ERR,ERR,ERR,ERR,ERR,ERR,ERR,ERR,ERR,ERR,ERR,ERR,ERR,ERR,ERR,ERR,ERR,ERR,ERR,ERR,ERR,ERR,ERR,ERR,ERR,ERR,ERR,ERR,ERR,ERR,ERR,ERR,ERR,ERR,ERR,ERR,ERR,ERR,ERR,ERR,-0.0,-107615392.0,-134999232.0,-0.0,0.0,1.3936040501711995e+18,7.805,2.324635497035093e+34,0,0,4,48857,6720,14723890282496.0,100,0.0,0.0,0.0,-4.9501291711397626e+32,0.0,0,0,0,0,0.0,0,0,0,0,0,0,0,0,0,0,0,0,0,0,0,0,0,0,0,0,0,0,0,0,0,0,0,0,0,0,0,0,0,26,51,50,76,65476,0,300,0,0,8,21553,0.0,-107605600.0,0.0,0.0,0.0,0.0,0.0,0.0,0.0,0.0,0.0,0.0,0.0,0.0,0.0,0.0,0.0,0.0,0.0,0.0,0.0,0.0,0.0,0.0,2.004,-2.004,0.0,0.0,0.0,0.0,4714.0,-2.4229853104588965e+24,7325.0,-0.0,-107615392.0,0.0,2.7184312818759872e+23,0.0,0.0,0.0,0.0,77,-152018488393728.0,126840446976.0,0.0,0.0,0.0,0.0,0.0,0.0,0.0,0,0,0,0.0,0.0,0.0,0.0,0.0,0.0,0.0,0.0,0.0,0.0,0.0,0.0,0.0,0.0,0.0,0.0,0,-107875648.0,77,0.0,154,0.0,0.0,ERR,ERR,ERR,ERR,ERR,ERR,ERR,ERR,ERR,ERR,ERR,ERR,ERR,ERR,ERR,ERR,ERR,ERR,ERR,ERR,ERR,ERR,ERR,ERR,ERR,ERR,ERR,ERR,ERR,ERR,ERR,ERR,ERR,ERR,ERR,ERR,ERR,ERR,ERR,ERR,ERR,ERR,ERR,ERR,ERR,ERR,ERR,ERR,ERR,ERR,ERR,ERR,ERR,ERR,ERR,ERR,ERR,ERR,ERR,ERR,ERR,ERR,ERR,ERR,ERR,ERR,ERR,34.0,80.0,35,0.0,0.0,0.0,0.0,0.0,0.0,0.0,0.0,0.0,0.0,0.0,0.0,0.0,0.0,0.0,0.0,66.0,0,121,58,54,65476,0,300,0,0,8,20529,65476,0,0,57672,80.0,0.0,0.0,0.0,0.0,0.0
2026-06-18T02:09:49,ERR,ERR,ERR,ERR,ERR,ERR,ERR,ERR,ERR,ERR,ERR,ERR,ERR,ERR,ERR,ERR,ERR,ERR,ERR,ERR,ERR,ERR,ERR,ERR,ERR,ERR,ERR,ERR,ERR,ERR,ERR,ERR,ERR,ERR,ERR,ERR,ERR,ERR,ERR,ERR,ERR,ERR,ERR,ERR,ERR,ERR,ERR,ERR,ERR,ERR,ERR,ERR,ERR,ERR,ERR,ERR,ERR,ERR,ERR,ERR,ERR,ERR,ERR,ERR,ERR,ERR,ERR,ERR,ERR,ERR,ERR,ERR,ERR,ERR,ERR,ERR,ERR,ERR,ERR,ERR,ERR,ERR,ERR,ERR,ERR,ERR,ERR,ERR,ERR,ERR,ERR,ERR,ERR,ERR,ERR,ERR,ERR,ERR,ERR,ERR,ERR,ERR,ERR,ERR,ERR,ERR,ERR,ERR,ERR,ERR,ERR,ERR,ERR,ERR,ERR,ERR,ERR,ERR,ERR,ERR,ERR,ERR,ERR,ERR,ERR,-0.0,-107615392.0,-134999232.0,-0.0,0.0,1.3936040501711995e+18,7.805,2.324635497035093e+34,0,0,4,48857,6720,14723890282496.0,100,0.0,0.0,0.0,-4.9501291711397626e+32,0.0,0,0,0,0,0.0,0,0,0,0,0,0,0,0,0,0,0,0,0,0,0,0,0,0,0,0,0,0,0,0,0,0,0,0,0,0,0,0,0,26,51,50,76,65476,0,300,0,0,8,21553,0.0,-107605600.0,0.0,0.0,0.0,0.0,0.0,0.0,0.0,0.0,0.0,0.0,0.0,0.0,0.0,0.0,0.0,0.0,0.0,0.0,0.0,0.0,0.0,0.0,2.004,-2.004,0.0,0.0,0.0,0.0,4714.0,-2.4229853104588965e+24,7325.0,-0.0,-107615392.0,0.0,2.7184312818759872e+23,0.0,0.0,0.0,0.0,77,-152018488393728.0,126840446976.0,0.0,0.0,0.0,0.0,0.0,0.0,0.0,0,0,0,0.0,0.0,0.0,0.0,0.0,0.0,0.0,0.0,0.0,0.0,0.0,0.0,0.0,0.0,0.0,0.0,0,-107875648.0,77,0.0,154,0.0,0.0,ERR,ERR,ERR,ERR,ERR,ERR,ERR,ERR,ERR,ERR,ERR,ERR,ERR,ERR,ERR,ERR,ERR,ERR,ERR,ERR,ERR,ERR,ERR,ERR,ERR,ERR,ERR,ERR,ERR,ERR,ERR,ERR,ERR,ERR,ERR,ERR,ERR,ERR,ERR,ERR,ERR,ERR,ERR,ERR,ERR,ERR,ERR,ERR,ERR,ERR,ERR,ERR,ERR,ERR,ERR,ERR,ERR,ERR,ERR,ERR,ERR,ERR,ERR,ERR,ERR,ERR,ERR,34.0,80.0,35,0.0,0.0,0.0,0.0,0.0,0.0,0.0,0.0,0.0,0.0,0.0,0.0,0.0,0.0,0.0,0.0,66.0,0,121,58,54,65476,0,300,0,0,8,20529,65476,0,0,57672,80.0,0.0,0.0,0.0,0.0,0.0
2026-06-18T02:09:50,ERR,ERR,ERR,ERR,ERR,ERR,ERR,ERR,ERR,ERR,ERR,ERR,ERR,ERR,ERR,ERR,ERR,ERR,ERR,ERR,ERR,ERR,ERR,ERR,ERR,ERR,ERR,ERR,ERR,ERR,ERR,ERR,ERR,ERR,ERR,ERR,ERR,ERR,ERR,ERR,ERR,ERR,ERR,ERR,ERR,ERR,ERR,ERR,ERR,ERR,ERR,ERR,ERR,ERR,ERR,ERR,ERR,ERR,ERR,ERR,ERR,ERR,ERR,ERR,ERR,ERR,ERR,ERR,ERR,ERR,ERR,ERR,ERR,ERR,ERR,ERR,ERR,ERR,ERR,ERR,ERR,ERR,ERR,ERR,ERR,ERR,ERR,ERR,ERR,ERR,ERR,ERR,ERR,ERR,ERR,ERR,ERR,ERR,ERR,ERR,ERR,ERR,ERR,ERR,ERR,ERR,ERR,ERR,ERR,ERR,ERR,ERR,ERR,ERR,ERR,ERR,ERR,ERR,ERR,ERR,ERR,ERR,ERR,ERR,ERR,-0.0,-107615392.0,-134999232.0,-0.0,0.0,1.3936040501711995e+18,7.805,2.324635497035093e+34,0,0,4,48855,6720,14723890282496.0,100,0.0,0.0,0.0,-4.9501291711397626e+32,0.0,0,0,0,0,0.0,0,0,0,0,0,0,0,0,0,0,0,0,0,0,0,0,0,0,0,0,0,0,0,0,0,0,0,0,0,0,0,0,0,26,51,50,76,65476,0,300,0,0,8,21553,0.0,-107605600.0,0.0,0.0,0.0,0.0,0.0,0.0,0.0,0.0,0.0,0.0,0.0,0.0,0.0,0.0,0.0,0.0,0.0,0.0,0.0,0.0,0.0,0.0,2.004,-2.004,0.0,0.0,0.0,0.0,4711.0,-564145229398016.0,7323.0,-107615400.0,-107615392.0,0.0,2.7184312818759872e+23,0.0,0.0,0.0,0.0,77,-107615360.0,0.0,0.0,0.0,0.0,0.0,0.0,0.0,0.0,0,0,0,0.0,0.0,0.0,0.0,0.0,0.0,0.0,0.0,0.0,0.0,0.0,0.0,0.0,0.0,0.0,0.0,0,-107875648.0,77,0.0,154,0.0,0.0,ERR,ERR,ERR,ERR,ERR,ERR,ERR,ERR,ERR,ERR,ERR,ERR,ERR,ERR,ERR,ERR,ERR,ERR,ERR,ERR,ERR,ERR,ERR,ERR,ERR,ERR,ERR,ERR,ERR,ERR,ERR,ERR,ERR,ERR,ERR,ERR,ERR,ERR,ERR,ERR,ERR,ERR,ERR,ERR,ERR,ERR,ERR,ERR,ERR,ERR,ERR,ERR,ERR,ERR,ERR,ERR,ERR,ERR,ERR,ERR,ERR,ERR,ERR,ERR,ERR,ERR,ERR,34.0,80.0,35,0.0,0.0,0.0,0.0,0.0,0.0,0.0,0.0,0.0,0.0,0.0,0.0,0.0,0.0,0.0,0.0,66.4,0,121,58,54,65476,0,300,0,0,8,20529,65476,0,0,57672,80.0,0.0,0.0,0.0,0.0,0.0
2026-06-18T02:09:51,ERR,ERR,ERR,ERR,ERR,ERR,ERR,ERR,ERR,ERR,ERR,ERR,ERR,ERR,ERR,ERR,ERR,ERR,ERR,ERR,ERR,ERR,ERR,ERR,ERR,ERR,ERR,ERR,ERR,ERR,ERR,ERR,ERR,ERR,ERR,ERR,ERR,ERR,ERR,ERR,ERR,ERR,ERR,ERR,ERR,ERR,ERR,ERR,ERR,ERR,ERR,ERR,ERR,ERR,ERR,ERR,ERR,ERR,ERR,ERR,ERR,ERR,ERR,ERR,ERR,ERR,ERR,ERR,ERR,ERR,ERR,ERR,ERR,ERR,ERR,ERR,ERR,ERR,ERR,ERR,ERR,ERR,ERR,ERR,ERR,ERR,ERR,ERR,ERR,ERR,ERR,ERR,ERR,ERR,ERR,ERR,ERR,ERR,ERR,ERR,ERR,ERR,ERR,ERR,ERR,ERR,ERR,ERR,ERR,ERR,ERR,ERR,ERR,ERR,ERR,ERR,ERR,ERR,ERR,ERR,ERR,ERR,ERR,ERR,ERR,-0.0,-107615392.0,-134999232.0,-0.0,0.0,1.3936040501711995e+18,7.805,2.324635497035093e+34,0,0,4,48855,6720,14723890282496.0,100,0.0,0.0,0.0,-4.9501291711397626e+32,0.0,0,0,0,0,0.0,0,0,0,0,0,0,0,0,0,0,0,0,0,0,0,0,0,0,0,0,0,0,0,0,0,0,0,0,0,0,0,0,0,26,51,50,76,65476,0,300,0,0,8,21553,0.0,-107605600.0,0.0,0.0,0.0,0.0,0.0,0.0,0.0,0.0,0.0,0.0,0.0,0.0,0.0,0.0,0.0,0.0,0.0,0.0,0.0,0.0,0.0,0.0,2.004,-2.004,0.0,0.0,0.0,0.0,4711.0,-564145229398016.0,7323.0,-107615400.0,-107615392.0,0.0,2.7184312818759872e+23,0.0,0.0,0.0,0.0,77,-107615360.0,0.0,0.0,0.0,0.0,0.0,0.0,0.0,0.0,0,0,0,0.0,0.0,0.0,0.0,0.0,0.0,0.0,0.0,0.0,0.0,0.0,0.0,0.0,0.0,0.0,0.0,0,-107875648.0,77,0.0,154,0.0,0.0,ERR,ERR,ERR,ERR,ERR,ERR,ERR,ERR,ERR,ERR,ERR,ERR,ERR,ERR,ERR,ERR,ERR,ERR,ERR,ERR,ERR,ERR,ERR,ERR,ERR,ERR,ERR,ERR,ERR,ERR,ERR,ERR,ERR,ERR,ERR,ERR,ERR,ERR,ERR,ERR,ERR,ERR,ERR,ERR,ERR,ERR,ERR,ERR,ERR,ERR,ERR,ERR,ERR,ERR,ERR,ERR,ERR,ERR,ERR,ERR,ERR,ERR,ERR,ERR,ERR,ERR,ERR,34.0,80.0,35,0.0,0.0,0.0,0.0,0.0,0.0,0.0,0.0,0.0,0.0,0.0,0.0,0.0,0.0,0.0,0.0,66.4,0,121,58,54,65476,0,300,0,0,8,20529,65476,0,0,57672,80.0,0.0,0.0,0.0,0.0,0.0
2026-06-18T02:09:52,ERR,ERR,ERR,ERR,ERR,ERR,ERR,ERR,ERR,ERR,ERR,ERR,ERR,ERR,ERR,ERR,ERR,ERR,ERR,ERR,ERR,ERR,ERR,ERR,ERR,ERR,ERR,ERR,ERR,ERR,ERR,ERR,ERR,ERR,ERR,ERR,ERR,ERR,ERR,ERR,ERR,ERR,ERR,ERR,ERR,ERR,ERR,ERR,ERR,ERR,ERR,ERR,ERR,ERR,ERR,ERR,ERR,ERR,ERR,ERR,ERR,ERR,ERR,ERR,ERR,ERR,ERR,ERR,ERR,ERR,ERR,ERR,ERR,ERR,ERR,ERR,ERR,ERR,ERR,ERR,ERR,ERR,ERR,ERR,ERR,ERR,ERR,ERR,ERR,ERR,ERR,ERR,ERR,ERR,ERR,ERR,ERR,ERR,ERR,ERR,ERR,ERR,ERR,ERR,ERR,ERR,ERR,ERR,ERR,ERR,ERR,ERR,ERR,ERR,ERR,ERR,ERR,ERR,ERR,ERR,ERR,ERR,ERR,ERR,ERR,-0.0,-107615392.0,-134999232.0,-0.0,0.0,1.3936040501711995e+18,7.805,2.324635497035093e+34,0,0,4,48855,6720,14723890282496.0,100,0.0,0.0,0.0,-4.9501291711397626e+32,0.0,0,0,0,0,0.0,0,0,0,0,0,0,0,0,0,0,0,0,0,0,0,0,0,0,0,0,0,0,0,0,0,0,0,0,0,0,0,0,0,26,51,50,76,65476,0,300,0,0,8,21553,0.0,-107605600.0,0.0,0.0,0.0,0.0,0.0,0.0,0.0,0.0,0.0,0.0,0.0,0.0,0.0,0.0,0.0,0.0,0.0,0.0,0.0,0.0,0.0,0.0,2.004,-2.004,0.0,0.0,0.0,0.0,4711.0,-564145229398016.0,7323.0,-107615400.0,-107615392.0,0.0,2.7184312818759872e+23,0.0,0.0,0.0,0.0,77,-107615360.0,0.0,0.0,0.0,0.0,0.0,0.0,0.0,0.0,0,0,0,0.0,0.0,0.0,0.0,0.0,0.0,0.0,0.0,0.0,0.0,0.0,0.0,0.0,0.0,0.0,0.0,0,-107875648.0,77,0.0,154,0.0,0.0,ERR,ERR,ERR,ERR,ERR,ERR,ERR,ERR,ERR,ERR,ERR,ERR,ERR,ERR,ERR,ERR,ERR,ERR,ERR,ERR,ERR,ERR,ERR,ERR,ERR,ERR,ERR,ERR,ERR,ERR,ERR,ERR,ERR,ERR,ERR,ERR,ERR,ERR,ERR,ERR,ERR,ERR,ERR,ERR,ERR,ERR,ERR,ERR,ERR,ERR,ERR,ERR,ERR,ERR,ERR,ERR,ERR,ERR,ERR,ERR,ERR,ERR,ERR,ERR,ERR,ERR,ERR,34.0,80.0,35,0.0,0.0,0.0,0.0,0.0,0.0,0.0,0.0,0.0,0.0,0.0,0.0,0.0,0.0,0.0,0.0,66.0,0,121,58,54,65476,0,300,0,0,8,20529,65476,0,0,57672,80.0,0.0,0.0,0.0,0.0,0.0
2026-06-18T02:09:53,ERR,ERR,ERR,ERR,ERR,ERR,ERR,ERR,ERR,ERR,ERR,ERR,ERR,ERR,ERR,ERR,ERR,ERR,ERR,ERR,ERR,ERR,ERR,ERR,ERR,ERR,ERR,ERR,ERR,ERR,ERR,ERR,ERR,ERR,ERR,ERR,ERR,ERR,ERR,ERR,ERR,ERR,ERR,ERR,ERR,ERR,ERR,ERR,ERR,ERR,ERR,ERR,ERR,ERR,ERR,ERR,ERR,ERR,ERR,ERR,ERR,ERR,ERR,ERR,ERR,ERR,ERR,ERR,ERR,ERR,ERR,ERR,ERR,ERR,ERR,ERR,ERR,ERR,ERR,ERR,ERR,ERR,ERR,ERR,ERR,ERR,ERR,ERR,ERR,ERR,ERR,ERR,ERR,ERR,ERR,ERR,ERR,ERR,ERR,ERR,ERR,ERR,ERR,ERR,ERR,ERR,ERR,ERR,ERR,ERR,ERR,ERR,ERR,ERR,ERR,ERR,ERR,ERR,ERR,ERR,ERR,ERR,ERR,ERR,ERR,-0.0,-107615392.0,-134999232.0,-0.0,0.0,1.3936040501711995e+18,7.805,2.324635497035093e+34,0,0,4,48855,6720,14723890282496.0,100,0.0,0.0,0.0,-4.9501291711397626e+32,0.0,0,0,0,0,0.0,0,0,0,0,0,0,0,0,0,0,0,0,0,0,0,0,0,0,0,0,0,0,0,0,0,0,0,0,0,0,0,0,0,26,51,50,76,65476,0,300,0,0,8,21553,0.0,-107605600.0,0.0,0.0,0.0,0.0,0.0,0.0,0.0,0.0,0.0,0.0,0.0,0.0,0.0,0.0,0.0,0.0,0.0,0.0,0.0,0.0,0.0,0.0,2.004,-2.004,0.0,0.0,0.0,0.0,4711.0,-564145229398016.0,7323.0,-107615400.0,-107615392.0,0.0,2.7184312818759872e+23,0.0,0.0,0.0,0.0,77,-107615360.0,0.0,0.0,0.0,0.0,0.0,0.0,0.0,0.0,0,0,0,0.0,0.0,0.0,0.0,0.0,0.0,0.0,0.0,0.0,0.0,0.0,0.0,0.0,0.0,0.0,0.0,0,-107875648.0,77,0.0,154,0.0,0.0,ERR,ERR,ERR,ERR,ERR,ERR,ERR,ERR,ERR,ERR,ERR,ERR,ERR,ERR,ERR,ERR,ERR,ERR,ERR,ERR,ERR,ERR,ERR,ERR,ERR,ERR,ERR,ERR,ERR,ERR,ERR,ERR,ERR,ERR,ERR,ERR,ERR,ERR,ERR,ERR,ERR,ERR,ERR,ERR,ERR,ERR,ERR,ERR,ERR,ERR,ERR,ERR,ERR,ERR,ERR,ERR,ERR,ERR,ERR,ERR,ERR,ERR,ERR,ERR,ERR,ERR,ERR,34.0,80.0,35,0.0,0.0,0.0,0.0,0.0,0.0,0.0,0.0,0.0,0.0,0.0,0.0,0.0,0.0,0.0,0.0,66.0,0,121,58,54,65476,0,300,0,0,8,20529,65476,0,0,57672,80.0,0.0,0.0,0.0,0.0,0.0
2026-06-18T02:09:54,ERR,ERR,ERR,ERR,ERR,ERR,ERR,ERR,ERR,ERR,ERR,ERR,ERR,ERR,ERR,ERR,ERR,ERR,ERR,ERR,ERR,ERR,ERR,ERR,ERR,ERR,ERR,ERR,ERR,ERR,ERR,ERR,ERR,ERR,ERR,ERR,ERR,ERR,ERR,ERR,ERR,ERR,ERR,ERR,ERR,ERR,ERR,ERR,ERR,ERR,ERR,ERR,ERR,ERR,ERR,ERR,ERR,ERR,ERR,ERR,ERR,ERR,ERR,ERR,ERR,ERR,ERR,ERR,ERR,ERR,ERR,ERR,ERR,ERR,ERR,ERR,ERR,ERR,ERR,ERR,ERR,ERR,ERR,ERR,ERR,ERR,ERR,ERR,ERR,ERR,ERR,ERR,ERR,ERR,ERR,ERR,ERR,ERR,ERR,ERR,ERR,ERR,ERR,ERR,ERR,ERR,ERR,ERR,ERR,ERR,ERR,ERR,ERR,ERR,ERR,ERR,ERR,ERR,ERR,ERR,ERR,ERR,ERR,ERR,ERR,-0.0,-107615392.0,-134999232.0,-0.0,0.0,1.3936040501711995e+18,7.805,2.324635497035093e+34,0,0,4,48855,6720,14723890282496.0,100,0.0,0.0,0.0,-4.9501291711397626e+32,0.0,0,0,0,0,0.0,0,0,0,0,0,0,0,0,0,0,0,0,0,0,0,0,0,0,0,0,0,0,0,0,0,0,0,0,0,0,0,0,0,26,51,50,76,65476,0,300,0,0,8,21553,0.0,-107605600.0,0.0,0.0,0.0,0.0,0.0,0.0,0.0,0.0,0.0,0.0,0.0,0.0,0.0,0.0,0.0,0.0,0.0,0.0,0.0,0.0,0.0,0.0,2.004,-2.004,0.0,0.0,0.0,0.0,4711.0,-564145229398016.0,7323.0,-107615400.0,-107615392.0,0.0,2.7184312818759872e+23,0.0,0.0,0.0,0.0,77,-107615360.0,0.0,0.0,0.0,0.0,0.0,0.0,0.0,0.0,0,0,0,0.0,0.0,0.0,0.0,0.0,0.0,0.0,0.0,0.0,0.0,0.0,0.0,0.0,0.0,0.0,0.0,0,-107875648.0,77,0.0,154,0.0,0.0,ERR,ERR,ERR,ERR,ERR,ERR,ERR,ERR,ERR,ERR,ERR,ERR,ERR,ERR,ERR,ERR,ERR,ERR,ERR,ERR,ERR,ERR,ERR,ERR,ERR,ERR,ERR,ERR,ERR,ERR,ERR,ERR,ERR,ERR,ERR,ERR,ERR,ERR,ERR,ERR,ERR,ERR,ERR,ERR,ERR,ERR,ERR,ERR,ERR,ERR,ERR,ERR,ERR,ERR,ERR,ERR,ERR,ERR,ERR,ERR,ERR,ERR,ERR,ERR,ERR,ERR,ERR,34.0,80.0,35,0.0,0.0,0.0,0.0,0.0,0.0,0.0,0.0,0.0,0.0,0.0,0.0,0.0,0.0,0.0,0.0,66.0,0,121,58,54,65476,0,300,0,0,8,20529,65476,0,0,57672,80.0,0.0,0.0,0.0,0.0,0.0
2026-06-18T02:09:55,ERR,ERR,ERR,ERR,ERR,ERR,ERR,ERR,ERR,ERR,ERR,ERR,ERR,ERR,ERR,ERR,ERR,ERR,ERR,ERR,ERR,ERR,ERR,ERR,ERR,ERR,ERR,ERR,ERR,ERR,ERR,ERR,ERR,ERR,ERR,ERR,ERR,ERR,ERR,ERR,ERR,ERR,ERR,ERR,ERR,ERR,ERR,ERR,ERR,ERR,ERR,ERR,ERR,ERR,ERR,ERR,ERR,ERR,ERR,ERR,ERR,ERR,ERR,ERR,ERR,ERR,ERR,ERR,ERR,ERR,ERR,ERR,ERR,ERR,ERR,ERR,ERR,ERR,ERR,ERR,ERR,ERR,ERR,ERR,ERR,ERR,ERR,ERR,ERR,ERR,ERR,ERR,ERR,ERR,ERR,ERR,ERR,ERR,ERR,ERR,ERR,ERR,ERR,ERR,ERR,ERR,ERR,ERR,ERR,ERR,ERR,ERR,ERR,ERR,ERR,ERR,ERR,ERR,ERR,ERR,ERR,ERR,ERR,ERR,ERR,-0.0,-107615392.0,-134999232.0,-0.0,0.0,1.3936040501711995e+18,7.805,2.324635497035093e+34,0,0,4,48855,6720,14723890282496.0,100,0.0,0.0,0.0,-4.9501291711397626e+32,0.0,0,0,0,0,0.0,0,0,0,0,0,0,0,0,0,0,0,0,0,0,0,0,0,0,0,0,0,0,0,0,0,0,0,0,0,0,0,0,0,26,51,50,76,65476,0,300,0,0,8,21553,0.0,-107605600.0,0.0,0.0,0.0,0.0,0.0,0.0,0.0,0.0,0.0,0.0,0.0,0.0,0.0,0.0,0.0,0.0,0.0,0.0,0.0,0.0,0.0,0.0,2.004,-2.004,0.0,0.0,0.0,0.0,4711.0,-564145229398016.0,7323.0,-107615400.0,-107615392.0,0.0,2.7184312818759872e+23,0.0,0.0,0.0,0.0,77,-107615360.0,0.0,0.0,0.0,0.0,0.0,0.0,0.0,0.0,0,0,0,0.0,0.0,0.0,0.0,0.0,0.0,0.0,0.0,0.0,0.0,0.0,0.0,0.0,0.0,0.0,0.0,0,-107875648.0,77,0.0,154,0.0,0.0,ERR,ERR,ERR,ERR,ERR,ERR,ERR,ERR,ERR,ERR,ERR,ERR,ERR,ERR,ERR,ERR,ERR,ERR,ERR,ERR,ERR,ERR,ERR,ERR,ERR,ERR,ERR,ERR,ERR,ERR,ERR,ERR,ERR,ERR,ERR,ERR,ERR,ERR,ERR,ERR,ERR,ERR,ERR,ERR,ERR,ERR,ERR,ERR,ERR,ERR,ERR,ERR,ERR,ERR,ERR,ERR,ERR,ERR,ERR,ERR,ERR,ERR,ERR,ERR,ERR,ERR,ERR,34.0,80.0,35,0.0,0.0,0.0,0.0,0.0,0.0,0.0,0.0,0.0,0.0,0.0,0.0,0.0,0.0,0.0,0.0,66.0,0,121,58,54,65476,0,300,0,0,8,20529,65476,0,0,57672,80.0,0.0,0.0,0.0,0.0,0.0
2026-06-18T02:09:56,ERR,ERR,ERR,ERR,ERR,ERR,ERR,ERR,ERR,ERR,ERR,ERR,ERR,ERR,ERR,ERR,ERR,ERR,ERR,ERR,ERR,ERR,ERR,ERR,ERR,ERR,ERR,ERR,ERR,ERR,ERR,ERR,ERR,ERR,ERR,ERR,ERR,ERR,ERR,ERR,ERR,ERR,ERR,ERR,ERR,ERR,ERR,ERR,ERR,ERR,ERR,ERR,ERR,ERR,ERR,ERR,ERR,ERR,ERR,ERR,ERR,ERR,ERR,ERR,ERR,ERR,ERR,ERR,ERR,ERR,ERR,ERR,ERR,ERR,ERR,ERR,ERR,ERR,ERR,ERR,ERR,ERR,ERR,ERR,ERR,ERR,ERR,ERR,ERR,ERR,ERR,ERR,ERR,ERR,ERR,ERR,ERR,ERR,ERR,ERR,ERR,ERR,ERR,ERR,ERR,ERR,ERR,ERR,ERR,ERR,ERR,ERR,ERR,ERR,ERR,ERR,ERR,ERR,ERR,ERR,ERR,ERR,ERR,ERR,ERR,-0.0,-107615392.0,-134999232.0,0.0,0.0,1.3936040501711995e+18,7.805,5.082843243955664e+23,0,0,4,48857,6720,14723890282496.0,100,0.0,0.0,0.0,0.0,0.0,0,0,0,0,0.0,0,0,0,0,0,0,0,0,0,0,0,0,0,0,0,0,0,0,0,0,0,0,0,0,0,0,0,0,0,0,0,0,0,26,51,50,76,65476,0,300,0,0,8,21553,0.0,-107605600.0,0.0,0.0,0.0,0.0,0.0,0.0,0.0,0.0,0.0,0.0,0.0,0.0,0.0,0.0,0.0,0.0,0.0,0.0,0.0,0.0,0.0,0.0,2.004,-2.004,0.0,0.0,0.0,0.0,4713.0,-0.0,7319.0,-0.0,-107615392.0,0.0,2.7184312818759872e+23,0.0,0.0,0.0,0.0,77,-126841126912.0,0.0,0.0,0.0,0.0,0.0,0.0,0.0,0.0,0,0,0,0.0,0.0,0.0,0.0,0.0,0.0,0.0,0.0,0.0,0.0,0.0,0.0,0.0,0.0,0.0,0.0,0,-107875648.0,77,0.0,154,0.0,0.0,ERR,ERR,ERR,ERR,ERR,ERR,ERR,ERR,ERR,ERR,ERR,ERR,ERR,ERR,ERR,ERR,ERR,ERR,ERR,ERR,ERR,ERR,ERR,ERR,ERR,ERR,ERR,ERR,ERR,ERR,ERR,ERR,ERR,ERR,ERR,ERR,ERR,ERR,ERR,ERR,ERR,ERR,ERR,ERR,ERR,ERR,ERR,ERR,ERR,ERR,ERR,ERR,ERR,ERR,ERR,ERR,ERR,ERR,ERR,ERR,ERR,ERR,ERR,ERR,ERR,ERR,ERR,34.0,80.0,35,0.0,0.0,0.0,0.0,0.0,0.0,0.0,0.0,0.0,0.0,0.0,0.0,0.0,0.0,0.0,0.0,66.0,0,121,58,54,65476,0,300,0,0,8,20529,65476,0,0,57672,80.0,0.0,0.0,0.0,0.0,0.0
2026-06-18T02:09:57,ERR,ERR,ERR,ERR,ERR,ERR,ERR,ERR,ERR,ERR,ERR,ERR,ERR,ERR,ERR,ERR,ERR,ERR,ERR,ERR,ERR,ERR,ERR,ERR,ERR,ERR,ERR,ERR,ERR,ERR,ERR,ERR,ERR,ERR,ERR,ERR,ERR,ERR,ERR,ERR,ERR,ERR,ERR,ERR,ERR,ERR,ERR,ERR,ERR,ERR,ERR,ERR,ERR,ERR,ERR,ERR,ERR,ERR,ERR,ERR,ERR,ERR,ERR,ERR,ERR,ERR,ERR,ERR,ERR,ERR,ERR,ERR,ERR,ERR,ERR,ERR,ERR,ERR,ERR,ERR,ERR,ERR,ERR,ERR,ERR,ERR,ERR,ERR,ERR,ERR,ERR,ERR,ERR,ERR,ERR,ERR,ERR,ERR,ERR,ERR,ERR,ERR,ERR,ERR,ERR,ERR,ERR,ERR,ERR,ERR,ERR,ERR,ERR,ERR,ERR,ERR,ERR,ERR,ERR,ERR,ERR,ERR,ERR,ERR,ERR,-0.0,-107615392.0,-134999232.0,0.0,0.0,1.3936040501711995e+18,7.805,5.082843243955664e+23,0,0,4,48857,6720,14723890282496.0,100,0.0,0.0,0.0,0.0,0.0,0,0,0,0,0.0,0,0,0,0,0,0,0,0,0,0,0,0,0,0,0,0,0,0,0,0,0,0,0,0,0,0,0,0,0,0,0,0,0,26,51,50,76,65476,0,300,0,0,8,21553,0.0,-107605600.0,0.0,0.0,0.0,0.0,0.0,0.0,0.0,0.0,0.0,0.0,0.0,0.0,0.0,0.0,0.0,0.0,0.0,0.0,0.0,0.0,0.0,0.0,2.004,-2.004,0.0,0.0,0.0,0.0,4713.0,-0.0,7319.0,-0.0,-107615392.0,0.0,2.7184312818759872e+23,0.0,0.0,0.0,0.0,77,-126841126912.0,0.0,0.0,0.0,0.0,0.0,0.0,0.0,0.0,0,0,0,0.0,0.0,0.0,0.0,0.0,0.0,0.0,0.0,0.0,0.0,0.0,0.0,0.0,0.0,0.0,0.0,0,-107875648.0,77,0.0,154,0.0,0.0,ERR,ERR,ERR,ERR,ERR,ERR,ERR,ERR,ERR,ERR,ERR,ERR,ERR,ERR,ERR,ERR,ERR,ERR,ERR,ERR,ERR,ERR,ERR,ERR,ERR,ERR,ERR,ERR,ERR,ERR,ERR,ERR,ERR,ERR,ERR,ERR,ERR,ERR,ERR,ERR,ERR,ERR,ERR,ERR,ERR,ERR,ERR,ERR,ERR,ERR,ERR,ERR,ERR,ERR,ERR,ERR,ERR,ERR,ERR,ERR,ERR,ERR,ERR,ERR,ERR,ERR,ERR,34.0,80.0,35,0.0,0.0,0.0,0.0,0.0,0.0,0.0,0.0,0.0,0.0,0.0,0.0,0.0,0.0,0.0,0.0,66.0,0,121,58,54,65476,0,300,0,0,8,20529,65476,0,0,57672,80.0,0.0,0.0,0.0,0.0,0.0
2026-06-18T02:09:58,ERR,ERR,ERR,ERR,ERR,ERR,ERR,ERR,ERR,ERR,ERR,ERR,ERR,ERR,ERR,ERR,ERR,ERR,ERR,ERR,ERR,ERR,ERR,ERR,ERR,ERR,ERR,ERR,ERR,ERR,ERR,ERR,ERR,ERR,ERR,ERR,ERR,ERR,ERR,ERR,ERR,ERR,ERR,ERR,ERR,ERR,ERR,ERR,ERR,ERR,ERR,ERR,ERR,ERR,ERR,ERR,ERR,ERR,ERR,ERR,ERR,ERR,ERR,ERR,ERR,ERR,ERR,ERR,ERR,ERR,ERR,ERR,ERR,ERR,ERR,ERR,ERR,ERR,ERR,ERR,ERR,ERR,ERR,ERR,ERR,ERR,ERR,ERR,ERR,ERR,ERR,ERR,ERR,ERR,ERR,ERR,ERR,ERR,ERR,ERR,ERR,ERR,ERR,ERR,ERR,ERR,ERR,ERR,ERR,ERR,ERR,ERR,ERR,ERR,ERR,ERR,ERR,ERR,ERR,ERR,ERR,ERR,ERR,ERR,ERR,-0.0,-107615392.0,-134999232.0,0.0,0.0,1.3936040501711995e+18,7.805,5.082843243955664e+23,0,0,4,48857,6720,14723890282496.0,100,0.0,0.0,0.0,0.0,0.0,0,0,0,0,0.0,0,0,0,0,0,0,0,0,0,0,0,0,0,0,0,0,0,0,0,0,0,0,0,0,0,0,0,0,0,0,0,0,0,26,51,50,76,65476,0,300,0,0,8,21553,0.0,-107605600.0,0.0,0.0,0.0,0.0,0.0,0.0,0.0,0.0,0.0,0.0,0.0,0.0,0.0,0.0,0.0,0.0,0.0,0.0,0.0,0.0,0.0,0.0,2.004,-2.004,0.0,0.0,0.0,0.0,4713.0,-0.0,7319.0,-0.0,-107615392.0,0.0,2.7184312818759872e+23,0.0,0.0,0.0,0.0,77,-126841126912.0,0.0,0.0,0.0,0.0,0.0,0.0,0.0,0.0,0,0,0,0.0,0.0,0.0,0.0,0.0,0.0,0.0,0.0,0.0,0.0,0.0,0.0,0.0,0.0,0.0,0.0,0,-107875648.0,77,0.0,154,0.0,0.0,ERR,ERR,ERR,ERR,ERR,ERR,ERR,ERR,ERR,ERR,ERR,ERR,ERR,ERR,ERR,ERR,ERR,ERR,ERR,ERR,ERR,ERR,ERR,ERR,ERR,ERR,ERR,ERR,ERR,ERR,ERR,ERR,ERR,ERR,ERR,ERR,ERR,ERR,ERR,ERR,ERR,ERR,ERR,ERR,ERR,ERR,ERR,ERR,ERR,ERR,ERR,ERR,ERR,ERR,ERR,ERR,ERR,ERR,ERR,ERR,ERR,ERR,ERR,ERR,ERR,ERR,ERR,34.0,80.0,35,0.0,0.0,0.0,0.0,0.0,0.0,0.0,0.0,0.0,0.0,0.0,0.0,0.0,0.0,0.0,0.0,66.0,0,121,58,54,65476,0,300,0,0,8,20529,65476,0,0,57672,80.0,0.0,0.0,0.0,0.0,0.0
2026-06-18T02:09:59,ERR,ERR,ERR,ERR,ERR,ERR,ERR,ERR,ERR,ERR,ERR,ERR,ERR,ERR,ERR,ERR,ERR,ERR,ERR,ERR,ERR,ERR,ERR,ERR,ERR,ERR,ERR,ERR,ERR,ERR,ERR,ERR,ERR,ERR,ERR,ERR,ERR,ERR,ERR,ERR,ERR,ERR,ERR,ERR,ERR,ERR,ERR,ERR,ERR,ERR,ERR,ERR,ERR,ERR,ERR,ERR,ERR,ERR,ERR,ERR,ERR,ERR,ERR,ERR,ERR,ERR,ERR,ERR,ERR,ERR,ERR,ERR,ERR,ERR,ERR,ERR,ERR,ERR,ERR,ERR,ERR,ERR,ERR,ERR,ERR,ERR,ERR,ERR,ERR,ERR,ERR,ERR,ERR,ERR,ERR,ERR,ERR,ERR,ERR,ERR,ERR,ERR,ERR,ERR,ERR,ERR,ERR,ERR,ERR,ERR,ERR,ERR,ERR,ERR,ERR,ERR,ERR,ERR,ERR,ERR,ERR,ERR,ERR,ERR,ERR,-0.0,-107615392.0,-134999232.0,0.0,0.0,1.3936040501711995e+18,7.805,5.082843243955664e+23,0,0,4,48857,6720,14723890282496.0,100,0.0,0.0,0.0,0.0,0.0,0,0,0,0,0.0,0,0,0,0,0,0,0,0,0,0,0,0,0,0,0,0,0,0,0,0,0,0,0,0,0,0,0,0,0,0,0,0,0,26,51,50,76,65476,0,300,0,0,8,21553,0.0,-107605600.0,0.0,0.0,0.0,0.0,0.0,0.0,0.0,0.0,0.0,0.0,0.0,0.0,0.0,0.0,0.0,0.0,0.0,0.0,0.0,0.0,0.0,0.0,2.004,-2.004,0.0,0.0,0.0,0.0,4713.0,-0.0,7319.0,-0.0,-107615392.0,0.0,2.7184312818759872e+23,0.0,0.0,0.0,0.0,77,-126841126912.0,0.0,0.0,0.0,0.0,0.0,0.0,0.0,0.0,0,0,0,0.0,0.0,0.0,0.0,0.0,0.0,0.0,0.0,0.0,0.0,0.0,0.0,0.0,0.0,0.0,0.0,0,-107875648.0,77,0.0,154,0.0,0.0,ERR,ERR,ERR,ERR,ERR,ERR,ERR,ERR,ERR,ERR,ERR,ERR,ERR,ERR,ERR,ERR,ERR,ERR,ERR,ERR,ERR,ERR,ERR,ERR,ERR,ERR,ERR,ERR,ERR,ERR,ERR,ERR,ERR,ERR,ERR,ERR,ERR,ERR,ERR,ERR,ERR,ERR,ERR,ERR,ERR,ERR,ERR,ERR,ERR,ERR,ERR,ERR,ERR,ERR,ERR,ERR,ERR,ERR,ERR,ERR,ERR,ERR,ERR,ERR,ERR,ERR,ERR,34.0,80.0,35,0.0,0.0,0.0,0.0,0.0,0.0,0.0,0.0,0.0,0.0,0.0,0.0,0.0,0.0,0.0,0.0,66.4,0,121,58,54,65476,0,300,0,0,8,20529,65476,0,0,57672,80.0,0.0,0.0,0.0,0.0,0.0
2026-06-18T02:10:00,ERR,ERR,ERR,ERR,ERR,ERR,ERR,ERR,ERR,ERR,ERR,ERR,ERR,ERR,ERR,ERR,ERR,ERR,ERR,ERR,ERR,ERR,ERR,ERR,ERR,ERR,ERR,ERR,ERR,ERR,ERR,ERR,ERR,ERR,ERR,ERR,ERR,ERR,ERR,ERR,ERR,ERR,ERR,ERR,ERR,ERR,ERR,ERR,ERR,ERR,ERR,ERR,ERR,ERR,ERR,ERR,ERR,ERR,ERR,ERR,ERR,ERR,ERR,ERR,ERR,ERR,ERR,ERR,ERR,ERR,ERR,ERR,ERR,ERR,ERR,ERR,ERR,ERR,ERR,ERR,ERR,ERR,ERR,ERR,ERR,ERR,ERR,ERR,ERR,ERR,ERR,ERR,ERR,ERR,ERR,ERR,ERR,ERR,ERR,ERR,ERR,ERR,ERR,ERR,ERR,ERR,ERR,ERR,ERR,ERR,ERR,ERR,ERR,ERR,ERR,ERR,ERR,ERR,ERR,ERR,ERR,ERR,ERR,ERR,ERR,-0.0,-107615392.0,-134999232.0,0.0,0.0,1.3936040501711995e+18,7.805,5.082843243955664e+23,0,0,4,48857,6720,14723890282496.0,100,0.0,0.0,0.0,0.0,0.0,0,0,0,0,0.0,0,0,0,0,0,0,0,0,0,0,0,0,0,0,0,0,0,0,0,0,0,0,0,0,0,0,0,0,0,0,0,0,0,26,51,50,76,65476,0,300,0,0,8,21553,0.0,-107605600.0,0.0,0.0,0.0,0.0,0.0,0.0,0.0,0.0,0.0,0.0,0.0,0.0,0.0,0.0,0.0,0.0,0.0,0.0,0.0,0.0,0.0,0.0,2.004,-2.004,0.0,0.0,0.0,0.0,4713.0,-0.0,7319.0,-0.0,-107615392.0,0.0,2.7184312818759872e+23,0.0,0.0,0.0,0.0,77,-126841126912.0,0.0,0.0,0.0,0.0,0.0,0.0,0.0,0.0,0,0,0,0.0,0.0,0.0,0.0,0.0,0.0,0.0,0.0,0.0,0.0,0.0,0.0,0.0,0.0,0.0,0.0,0,-107875648.0,77,0.0,154,0.0,0.0,ERR,ERR,ERR,ERR,ERR,ERR,ERR,ERR,ERR,ERR,ERR,ERR,ERR,ERR,ERR,ERR,ERR,ERR,ERR,ERR,ERR,ERR,ERR,ERR,ERR,ERR,ERR,ERR,ERR,ERR,ERR,ERR,ERR,ERR,ERR,ERR,ERR,ERR,ERR,ERR,ERR,ERR,ERR,ERR,ERR,ERR,ERR,ERR,ERR,ERR,ERR,ERR,ERR,ERR,ERR,ERR,ERR,ERR,ERR,ERR,ERR,ERR,ERR,ERR,ERR,ERR,ERR,34.0,80.0,35,0.0,0.0,0.0,0.0,0.0,0.0,0.0,0.0,0.0,0.0,0.0,0.0,0.0,0.0,0.0,0.0,66.4,0,121,58,54,65476,0,300,0,0,8,20529,65476,0,0,57672,80.0,0.0,0.0,0.0,0.0,0.0
2026-06-18T02:10:01,ERR,ERR,ERR,ERR,ERR,ERR,ERR,ERR,ERR,ERR,ERR,ERR,ERR,ERR,ERR,ERR,ERR,ERR,ERR,ERR,ERR,ERR,ERR,ERR,ERR,ERR,ERR,ERR,ERR,ERR,ERR,ERR,ERR,ERR,ERR,ERR,ERR,ERR,ERR,ERR,ERR,ERR,ERR,ERR,ERR,ERR,ERR,ERR,ERR,ERR,ERR,ERR,ERR,ERR,ERR,ERR,ERR,ERR,ERR,ERR,ERR,ERR,ERR,ERR,ERR,ERR,ERR,ERR,ERR,ERR,ERR,ERR,ERR,ERR,ERR,ERR,ERR,ERR,ERR,ERR,ERR,ERR,ERR,ERR,ERR,ERR,ERR,ERR,ERR,ERR,ERR,ERR,ERR,ERR,ERR,ERR,ERR,ERR,ERR,ERR,ERR,ERR,ERR,ERR,ERR,ERR,ERR,ERR,ERR,ERR,ERR,ERR,ERR,ERR,ERR,ERR,ERR,ERR,ERR,ERR,ERR,ERR,ERR,ERR,ERR,-0.0,-107615392.0,-134999232.0,-0.0,0.0,1.3936040501711995e+18,7.805,2.324635497035093e+34,0,0,4,48848,6720,14723890282496.0,100,0.0,0.0,0.0,2.718290229135658e+23,0.0,0,0,0,0,0.0,0,0,0,0,0,0,0,0,0,0,0,0,0,0,0,0,0,0,0,0,0,0,0,0,0,0,0,0,0,0,0,0,0,26,51,50,76,65476,0,300,0,0,8,21553,0.0,-107605600.0,0.0,0.0,0.0,0.0,0.0,0.0,0.0,0.0,0.0,0.0,0.0,0.0,0.0,0.0,0.0,0.0,0.0,0.0,0.0,0.0,0.0,0.0,2.004,-2.004,0.0,0.0,0.0,0.0,4746.0,0.0,7298.0,-0.0,-107615392.0,0.0,2.7184312818759872e+23,0.0,0.0,0.0,0.0,77,-152018488393728.0,-0.0,0.0,0.0,0.0,0.0,0.0,0.0,0.0,0,0,0,0.0,0.0,0.0,0.0,0.0,0.0,0.0,0.0,0.0,0.0,0.0,0.0,0.0,0.0,0.0,0.0,0,-107875648.0,77,0.0,154,0.0,0.0,ERR,ERR,ERR,ERR,ERR,ERR,ERR,ERR,ERR,ERR,ERR,ERR,ERR,ERR,ERR,ERR,ERR,ERR,ERR,ERR,ERR,ERR,ERR,ERR,ERR,ERR,ERR,ERR,ERR,ERR,ERR,ERR,ERR,ERR,ERR,ERR,ERR,ERR,ERR,ERR,ERR,ERR,ERR,ERR,ERR,ERR,ERR,ERR,ERR,ERR,ERR,ERR,ERR,ERR,ERR,ERR,ERR,ERR,ERR,ERR,ERR,ERR,ERR,ERR,ERR,ERR,ERR,34.0,80.0,35,0.0,0.0,0.0,0.0,0.0,0.0,0.0,0.0,0.0,0.0,0.0,0.0,0.0,0.0,0.0,0.0,66.4,0,121,58,54,65476,0,300,0,0,8,20529,65476,0,0,57672,80.0,0.0,0.0,0.0,0.0,0.0
2026-06-18T02:10:02,ERR,ERR,ERR,ERR,ERR,ERR,ERR,ERR,ERR,ERR,ERR,ERR,ERR,ERR,ERR,ERR,ERR,ERR,ERR,ERR,ERR,ERR,ERR,ERR,ERR,ERR,ERR,ERR,ERR,ERR,ERR,ERR,ERR,ERR,ERR,ERR,ERR,ERR,ERR,ERR,ERR,ERR,ERR,ERR,ERR,ERR,ERR,ERR,ERR,ERR,ERR,ERR,ERR,ERR,ERR,ERR,ERR,ERR,ERR,ERR,ERR,ERR,ERR,ERR,ERR,ERR,ERR,ERR,ERR,ERR,ERR,ERR,ERR,ERR,ERR,ERR,ERR,ERR,ERR,ERR,ERR,ERR,ERR,ERR,ERR,ERR,ERR,ERR,ERR,ERR,ERR,ERR,ERR,ERR,ERR,ERR,ERR,ERR,ERR,ERR,ERR,ERR,ERR,ERR,ERR,ERR,ERR,ERR,ERR,ERR,ERR,ERR,ERR,ERR,ERR,ERR,ERR,ERR,ERR,ERR,ERR,ERR,ERR,ERR,ERR,-0.0,-107615392.0,-134999232.0,-0.0,0.0,1.3936040501711995e+18,7.805,2.324635497035093e+34,0,0,4,48848,6720,14723890282496.0,100,0.0,0.0,0.0,2.718290229135658e+23,0.0,0,0,0,0,0.0,0,0,0,0,0,0,0,0,0,0,0,0,0,0,0,0,0,0,0,0,0,0,0,0,0,0,0,0,0,0,0,0,0,26,51,50,76,65476,0,300,0,0,8,21553,0.0,-107605600.0,0.0,0.0,0.0,0.0,0.0,0.0,0.0,0.0,0.0,0.0,0.0,0.0,0.0,0.0,0.0,0.0,0.0,0.0,0.0,0.0,0.0,0.0,2.004,-2.004,0.0,0.0,0.0,0.0,4746.0,0.0,7298.0,-0.0,-107615392.0,0.0,2.7184312818759872e+23,0.0,0.0,0.0,0.0,77,-152018488393728.0,-0.0,0.0,0.0,0.0,0.0,0.0,0.0,0.0,0,0,0,0.0,0.0,0.0,0.0,0.0,0.0,0.0,0.0,0.0,0.0,0.0,0.0,0.0,0.0,0.0,0.0,0,-107875648.0,77,0.0,154,0.0,0.0,ERR,ERR,ERR,ERR,ERR,ERR,ERR,ERR,ERR,ERR,ERR,ERR,ERR,ERR,ERR,ERR,ERR,ERR,ERR,ERR,ERR,ERR,ERR,ERR,ERR,ERR,ERR,ERR,ERR,ERR,ERR,ERR,ERR,ERR,ERR,ERR,ERR,ERR,ERR,ERR,ERR,ERR,ERR,ERR,ERR,ERR,ERR,ERR,ERR,ERR,ERR,ERR,ERR,ERR,ERR,ERR,ERR,ERR,ERR,ERR,ERR,ERR,ERR,ERR,ERR,ERR,ERR,34.0,80.0,35,0.0,0.0,0.0,0.0,0.0,0.0,0.0,0.0,0.0,0.0,0.0,0.0,0.0,0.0,0.0,0.0,66.4,0,121,58,54,65476,0,300,0,0,8,20529,65476,0,0,57672,80.0,0.0,0.0,0.0,0.0,0.0
2026-06-18T02:10:03,ERR,ERR,ERR,ERR,ERR,ERR,ERR,ERR,ERR,ERR,ERR,ERR,ERR,ERR,ERR,ERR,ERR,ERR,ERR,ERR,ERR,ERR,ERR,ERR,ERR,ERR,ERR,ERR,ERR,ERR,ERR,ERR,ERR,ERR,ERR,ERR,ERR,ERR,ERR,ERR,ERR,ERR,ERR,ERR,ERR,ERR,ERR,ERR,ERR,ERR,ERR,ERR,ERR,ERR,ERR,ERR,ERR,ERR,ERR,ERR,ERR,ERR,ERR,ERR,ERR,ERR,ERR,ERR,ERR,ERR,ERR,ERR,ERR,ERR,ERR,ERR,ERR,ERR,ERR,ERR,ERR,ERR,ERR,ERR,ERR,ERR,ERR,ERR,ERR,ERR,ERR,ERR,ERR,ERR,ERR,ERR,ERR,ERR,ERR,ERR,ERR,ERR,ERR,ERR,ERR,ERR,ERR,ERR,ERR,ERR,ERR,ERR,ERR,ERR,ERR,ERR,ERR,ERR,ERR,ERR,ERR,ERR,ERR,ERR,ERR,-0.0,-107615392.0,-134999232.0,-0.0,0.0,1.3936040501711995e+18,7.805,2.324635497035093e+34,0,0,4,48848,6720,14723890282496.0,100,0.0,0.0,0.0,2.718290229135658e+23,0.0,0,0,0,0,0.0,0,0,0,0,0,0,0,0,0,0,0,0,0,0,0,0,0,0,0,0,0,0,0,0,0,0,0,0,0,0,0,0,0,26,51,50,76,65476,0,300,0,0,8,21553,0.0,-107605600.0,0.0,0.0,0.0,0.0,0.0,0.0,0.0,0.0,0.0,0.0,0.0,0.0,0.0,0.0,0.0,0.0,0.0,0.0,0.0,0.0,0.0,0.0,2.004,-2.004,0.0,0.0,0.0,0.0,4746.0,0.0,7298.0,-0.0,-107615392.0,0.0,2.7184312818759872e+23,0.0,0.0,0.0,0.0,77,-152018488393728.0,-0.0,0.0,0.0,0.0,0.0,0.0,0.0,0.0,0,0,0,0.0,0.0,0.0,0.0,0.0,0.0,0.0,0.0,0.0,0.0,0.0,0.0,0.0,0.0,0.0,0.0,0,-107875648.0,77,0.0,154,0.0,0.0,ERR,ERR,ERR,ERR,ERR,ERR,ERR,ERR,ERR,ERR,ERR,ERR,ERR,ERR,ERR,ERR,ERR,ERR,ERR,ERR,ERR,ERR,ERR,ERR,ERR,ERR,ERR,ERR,ERR,ERR,ERR,ERR,ERR,ERR,ERR,ERR,ERR,ERR,ERR,ERR,ERR,ERR,ERR,ERR,ERR,ERR,ERR,ERR,ERR,ERR,ERR,ERR,ERR,ERR,ERR,ERR,ERR,ERR,ERR,ERR,ERR,ERR,ERR,ERR,ERR,ERR,ERR,34.0,80.0,35,0.0,0.0,0.0,0.0,0.0,0.0,0.0,0.0,0.0,0.0,0.0,0.0,0.0,0.0,0.0,0.0,66.0,0,121,58,54,65476,0,300,0,0,8,20529,65476,0,0,57672,80.0,0.0,0.0,0.0,0.0,0.0
2026-06-18T02:10:04,ERR,ERR,ERR,ERR,ERR,ERR,ERR,ERR,ERR,ERR,ERR,ERR,ERR,ERR,ERR,ERR,ERR,ERR,ERR,ERR,ERR,ERR,ERR,ERR,ERR,ERR,ERR,ERR,ERR,ERR,ERR,ERR,ERR,ERR,ERR,ERR,ERR,ERR,ERR,ERR,ERR,ERR,ERR,ERR,ERR,ERR,ERR,ERR,ERR,ERR,ERR,ERR,ERR,ERR,ERR,ERR,ERR,ERR,ERR,ERR,ERR,ERR,ERR,ERR,ERR,ERR,ERR,ERR,ERR,ERR,ERR,ERR,ERR,ERR,ERR,ERR,ERR,ERR,ERR,ERR,ERR,ERR,ERR,ERR,ERR,ERR,ERR,ERR,ERR,ERR,ERR,ERR,ERR,ERR,ERR,ERR,ERR,ERR,ERR,ERR,ERR,ERR,ERR,ERR,ERR,ERR,ERR,ERR,ERR,ERR,ERR,ERR,ERR,ERR,ERR,ERR,ERR,ERR,ERR,ERR,ERR,ERR,ERR,ERR,ERR,-0.0,-107615392.0,-134999232.0,-0.0,0.0,1.3936040501711995e+18,7.805,2.324635497035093e+34,0,0,4,48848,6720,14723890282496.0,100,0.0,0.0,0.0,2.718290229135658e+23,0.0,0,0,0,0,0.0,0,0,0,0,0,0,0,0,0,0,0,0,0,0,0,0,0,0,0,0,0,0,0,0,0,0,0,0,0,0,0,0,0,26,51,50,76,65476,0,300,0,0,8,21553,0.0,-107605600.0,0.0,0.0,0.0,0.0,0.0,0.0,0.0,0.0,0.0,0.0,0.0,0.0,0.0,0.0,0.0,0.0,0.0,0.0,0.0,0.0,0.0,0.0,2.004,-2.004,0.0,0.0,0.0,0.0,4746.0,0.0,7298.0,-0.0,-107615392.0,0.0,2.7184312818759872e+23,0.0,0.0,0.0,0.0,77,-152018488393728.0,-0.0,0.0,0.0,0.0,0.0,0.0,0.0,0.0,0,0,0,0.0,0.0,0.0,0.0,0.0,0.0,0.0,0.0,0.0,0.0,0.0,0.0,0.0,0.0,0.0,0.0,0,-107875648.0,77,0.0,154,0.0,0.0,ERR,ERR,ERR,ERR,ERR,ERR,ERR,ERR,ERR,ERR,ERR,ERR,ERR,ERR,ERR,ERR,ERR,ERR,ERR,ERR,ERR,ERR,ERR,ERR,ERR,ERR,ERR,ERR,ERR,ERR,ERR,ERR,ERR,ERR,ERR,ERR,ERR,ERR,ERR,ERR,ERR,ERR,ERR,ERR,ERR,ERR,ERR,ERR,ERR,ERR,ERR,ERR,ERR,ERR,ERR,ERR,ERR,ERR,ERR,ERR,ERR,ERR,ERR,ERR,ERR,ERR,ERR,34.0,80.0,35,0.0,0.0,0.0,0.0,0.0,0.0,0.0,0.0,0.0,0.0,0.0,0.0,0.0,0.0,0.0,0.0,66.0,0,121,58,54,65476,0,300,0,0,8,20529,65476,0,0,57672,80.0,0.0,0.0,0.0,0.0,0.0
2026-06-18T02:10:05,ERR,ERR,ERR,ERR,ERR,ERR,ERR,ERR,ERR,ERR,ERR,ERR,ERR,ERR,ERR,ERR,ERR,ERR,ERR,ERR,ERR,ERR,ERR,ERR,ERR,ERR,ERR,ERR,ERR,ERR,ERR,ERR,ERR,ERR,ERR,ERR,ERR,ERR,ERR,ERR,ERR,ERR,ERR,ERR,ERR,ERR,ERR,ERR,ERR,ERR,ERR,ERR,ERR,ERR,ERR,ERR,ERR,ERR,ERR,ERR,ERR,ERR,ERR,ERR,ERR,ERR,ERR,ERR,ERR,ERR,ERR,ERR,ERR,ERR,ERR,ERR,ERR,ERR,ERR,ERR,ERR,ERR,ERR,ERR,ERR,ERR,ERR,ERR,ERR,ERR,ERR,ERR,ERR,ERR,ERR,ERR,ERR,ERR,ERR,ERR,ERR,ERR,ERR,ERR,ERR,ERR,ERR,ERR,ERR,ERR,ERR,ERR,ERR,ERR,ERR,ERR,ERR,ERR,ERR,ERR,ERR,ERR,ERR,ERR,ERR,-0.0,-107615392.0,-134999232.0,-0.0,0.0,1.3936040501711995e+18,7.805,2.324635497035093e+34,0,0,4,48848,6720,14723890282496.0,100,0.0,0.0,0.0,2.718290229135658e+23,0.0,0,0,0,0,0.0,0,0,0,0,0,0,0,0,0,0,0,0,0,0,0,0,0,0,0,0,0,0,0,0,0,0,0,0,0,0,0,0,0,26,51,50,76,65476,0,300,0,0,8,21553,0.0,-107605600.0,0.0,0.0,0.0,0.0,0.0,0.0,0.0,0.0,0.0,0.0,0.0,0.0,0.0,0.0,0.0,0.0,0.0,0.0,0.0,0.0,0.0,0.0,2.004,-2.004,0.0,0.0,0.0,0.0,4746.0,0.0,7298.0,-0.0,-107615392.0,0.0,2.7184312818759872e+23,0.0,0.0,0.0,0.0,77,-152018488393728.0,-0.0,0.0,0.0,0.0,0.0,0.0,0.0,0.0,0,0,0,0.0,0.0,0.0,0.0,0.0,0.0,0.0,0.0,0.0,0.0,0.0,0.0,0.0,0.0,0.0,0.0,0,-107875648.0,77,0.0,154,0.0,0.0,ERR,ERR,ERR,ERR,ERR,ERR,ERR,ERR,ERR,ERR,ERR,ERR,ERR,ERR,ERR,ERR,ERR,ERR,ERR,ERR,ERR,ERR,ERR,ERR,ERR,ERR,ERR,ERR,ERR,ERR,ERR,ERR,ERR,ERR,ERR,ERR,ERR,ERR,ERR,ERR,ERR,ERR,ERR,ERR,ERR,ERR,ERR,ERR,ERR,ERR,ERR,ERR,ERR,ERR,ERR,ERR,ERR,ERR,ERR,ERR,ERR,ERR,ERR,ERR,ERR,ERR,ERR,34.0,80.0,35,0.0,0.0,0.0,0.0,0.0,0.0,0.0,0.0,0.0,0.0,0.0,0.0,0.0,0.0,0.0,0.0,66.0,0,121,58,54,65476,0,300,0,0,8,20529,65476,0,0,57672,80.0,0.0,0.0,0.0,0.0,0.0
2026-06-18T02:10:06,ERR,ERR,ERR,ERR,ERR,ERR,ERR,ERR,ERR,ERR,ERR,ERR,ERR,ERR,ERR,ERR,ERR,ERR,ERR,ERR,ERR,ERR,ERR,ERR,ERR,ERR,ERR,ERR,ERR,ERR,ERR,ERR,ERR,ERR,ERR,ERR,ERR,ERR,ERR,ERR,ERR,ERR,ERR,ERR,ERR,ERR,ERR,ERR,ERR,ERR,ERR,ERR,ERR,ERR,ERR,ERR,ERR,ERR,ERR,ERR,ERR,ERR,ERR,ERR,ERR,ERR,ERR,ERR,ERR,ERR,ERR,ERR,ERR,ERR,ERR,ERR,ERR,ERR,ERR,ERR,ERR,ERR,ERR,ERR,ERR,ERR,ERR,ERR,ERR,ERR,ERR,ERR,ERR,ERR,ERR,ERR,ERR,ERR,ERR,ERR,ERR,ERR,ERR,ERR,ERR,ERR,ERR,ERR,ERR,ERR,ERR,ERR,ERR,ERR,ERR,ERR,ERR,ERR,ERR,ERR,ERR,ERR,ERR,ERR,ERR,-0.0,-107615392.0,-134999232.0,-0.0,0.0,1.3936040501711995e+18,7.805,11082173251584.0,0,0,4,48855,6720,14723890282496.0,100,0.0,0.0,0.0,-0.0,0.0,0,0,0,0,0.0,0,0,0,0,0,0,0,0,0,0,0,0,0,0,0,0,0,0,0,0,0,0,0,0,0,0,0,0,0,0,0,0,0,26,51,50,76,65476,0,300,0,0,8,21553,0.0,-107605600.0,0.0,0.0,0.0,0.0,0.0,0.0,0.0,0.0,0.0,0.0,0.0,0.0,0.0,0.0,0.0,0.0,0.0,0.0,0.0,0.0,0.0,0.0,2.004,-2.004,0.0,0.0,0.0,0.0,4746.0,0.0,7297.0,-0.0,-107615392.0,0.0,2.7184312818759872e+23,0.0,0.0,0.0,0.0,77,-152018488393728.0,5.848051325610453e+35,0.0,0.0,0.0,0.0,0.0,0.0,0.0,0,0,0,0.0,0.0,0.0,0.0,0.0,0.0,0.0,0.0,0.0,0.0,0.0,0.0,0.0,0.0,0.0,0.0,0,-107875648.0,77,0.0,154,0.0,0.0,ERR,ERR,ERR,ERR,ERR,ERR,ERR,ERR,ERR,ERR,ERR,ERR,ERR,ERR,ERR,ERR,ERR,ERR,ERR,ERR,ERR,ERR,ERR,ERR,ERR,ERR,ERR,ERR,ERR,ERR,ERR,ERR,ERR,ERR,ERR,ERR,ERR,ERR,ERR,ERR,ERR,ERR,ERR,ERR,ERR,ERR,ERR,ERR,ERR,ERR,ERR,ERR,ERR,ERR,ERR,ERR,ERR,ERR,ERR,ERR,ERR,ERR,ERR,ERR,ERR,ERR,ERR,34.0,80.0,35,0.0,0.0,0.0,0.0,0.0,0.0,0.0,0.0,0.0,0.0,0.0,0.0,0.0,0.0,0.0,0.0,66.0,0,121,58,54,65476,0,300,0,0,8,20529,65476,0,0,57672,80.0,0.0,0.0,0.0,0.0,0.0
2026-06-18T02:10:07,ERR,ERR,ERR,ERR,ERR,ERR,ERR,ERR,ERR,ERR,ERR,ERR,ERR,ERR,ERR,ERR,ERR,ERR,ERR,ERR,ERR,ERR,ERR,ERR,ERR,ERR,ERR,ERR,ERR,ERR,ERR,ERR,ERR,ERR,ERR,ERR,ERR,ERR,ERR,ERR,ERR,ERR,ERR,ERR,ERR,ERR,ERR,ERR,ERR,ERR,ERR,ERR,ERR,ERR,ERR,ERR,ERR,ERR,ERR,ERR,ERR,ERR,ERR,ERR,ERR,ERR,ERR,ERR,ERR,ERR,ERR,ERR,ERR,ERR,ERR,ERR,ERR,ERR,ERR,ERR,ERR,ERR,ERR,ERR,ERR,ERR,ERR,ERR,ERR,ERR,ERR,ERR,ERR,ERR,ERR,ERR,ERR,ERR,ERR,ERR,ERR,ERR,ERR,ERR,ERR,ERR,ERR,ERR,ERR,ERR,ERR,ERR,ERR,ERR,ERR,ERR,ERR,ERR,ERR,ERR,ERR,ERR,ERR,ERR,ERR,-0.0,-107615392.0,-134999232.0,-0.0,0.0,1.3936040501711995e+18,7.805,11082173251584.0,0,0,4,48855,6720,14723890282496.0,100,0.0,0.0,0.0,-0.0,0.0,0,0,0,0,0.0,0,0,0,0,0,0,0,0,0,0,0,0,0,0,0,0,0,0,0,0,0,0,0,0,0,0,0,0,0,0,0,0,0,26,51,50,76,65476,0,300,0,0,8,21553,0.0,-107605600.0,0.0,0.0,0.0,0.0,0.0,0.0,0.0,0.0,0.0,0.0,0.0,0.0,0.0,0.0,0.0,0.0,0.0,0.0,0.0,0.0,0.0,0.0,2.004,-2.004,0.0,0.0,0.0,0.0,4746.0,0.0,7297.0,-0.0,-107615392.0,0.0,2.7184312818759872e+23,0.0,0.0,0.0,0.0,77,-152018488393728.0,5.848051325610453e+35,0.0,0.0,0.0,0.0,0.0,0.0,0.0,0,0,0,0.0,0.0,0.0,0.0,0.0,0.0,0.0,0.0,0.0,0.0,0.0,0.0,0.0,0.0,0.0,0.0,0,-107875648.0,77,0.0,154,0.0,0.0,ERR,ERR,ERR,ERR,ERR,ERR,ERR,ERR,ERR,ERR,ERR,ERR,ERR,ERR,ERR,ERR,ERR,ERR,ERR,ERR,ERR,ERR,ERR,ERR,ERR,ERR,ERR,ERR,ERR,ERR,ERR,ERR,ERR,ERR,ERR,ERR,ERR,ERR,ERR,ERR,ERR,ERR,ERR,ERR,ERR,ERR,ERR,ERR,ERR,ERR,ERR,ERR,ERR,ERR,ERR,ERR,ERR,ERR,ERR,ERR,ERR,ERR,ERR,ERR,ERR,ERR,ERR,34.0,80.0,35,0.0,0.0,0.0,0.0,0.0,0.0,0.0,0.0,0.0,0.0,0.0,0.0,0.0,0.0,0.0,0.0,66.0,0,121,58,54,65476,0,300,0,0,8,20529,65476,0,0,57672,80.0,0.0,0.0,0.0,0.0,0.0
2026-06-18T02:10:08,ERR,ERR,ERR,ERR,ERR,ERR,ERR,ERR,ERR,ERR,ERR,ERR,ERR,ERR,ERR,ERR,ERR,ERR,ERR,ERR,ERR,ERR,ERR,ERR,ERR,ERR,ERR,ERR,ERR,ERR,ERR,ERR,ERR,ERR,ERR,ERR,ERR,ERR,ERR,ERR,ERR,ERR,ERR,ERR,ERR,ERR,ERR,ERR,ERR,ERR,ERR,ERR,ERR,ERR,ERR,ERR,ERR,ERR,ERR,ERR,ERR,ERR,ERR,ERR,ERR,ERR,ERR,ERR,ERR,ERR,ERR,ERR,ERR,ERR,ERR,ERR,ERR,ERR,ERR,ERR,ERR,ERR,ERR,ERR,ERR,ERR,ERR,ERR,ERR,ERR,ERR,ERR,ERR,ERR,ERR,ERR,ERR,ERR,ERR,ERR,ERR,ERR,ERR,ERR,ERR,ERR,ERR,ERR,ERR,ERR,ERR,ERR,ERR,ERR,ERR,ERR,ERR,ERR,ERR,ERR,ERR,ERR,ERR,ERR,ERR,-0.0,-107615392.0,-134999232.0,-0.0,0.0,1.3936040501711995e+18,7.805,11082173251584.0,0,0,4,48855,6720,14723890282496.0,100,0.0,0.0,0.0,-0.0,0.0,0,0,0,0,0.0,0,0,0,0,0,0,0,0,0,0,0,0,0,0,0,0,0,0,0,0,0,0,0,0,0,0,0,0,0,0,0,0,0,26,51,50,76,65476,0,300,0,0,8,21553,0.0,-107605600.0,0.0,0.0,0.0,0.0,0.0,0.0,0.0,0.0,0.0,0.0,0.0,0.0,0.0,0.0,0.0,0.0,0.0,0.0,0.0,0.0,0.0,0.0,2.004,-2.004,0.0,0.0,0.0,0.0,4746.0,0.0,7297.0,-0.0,-107615392.0,0.0,2.7184312818759872e+23,0.0,0.0,0.0,0.0,77,-152018488393728.0,5.848051325610453e+35,0.0,0.0,0.0,0.0,0.0,0.0,0.0,0,0,0,0.0,0.0,0.0,0.0,0.0,0.0,0.0,0.0,0.0,0.0,0.0,0.0,0.0,0.0,0.0,0.0,0,-107875648.0,77,0.0,154,0.0,0.0,ERR,ERR,ERR,ERR,ERR,ERR,ERR,ERR,ERR,ERR,ERR,ERR,ERR,ERR,ERR,ERR,ERR,ERR,ERR,ERR,ERR,ERR,ERR,ERR,ERR,ERR,ERR,ERR,ERR,ERR,ERR,ERR,ERR,ERR,ERR,ERR,ERR,ERR,ERR,ERR,ERR,ERR,ERR,ERR,ERR,ERR,ERR,ERR,ERR,ERR,ERR,ERR,ERR,ERR,ERR,ERR,ERR,ERR,ERR,ERR,ERR,ERR,ERR,ERR,ERR,ERR,ERR,34.0,80.0,35,0.0,0.0,0.0,0.0,0.0,0.0,0.0,0.0,0.0,0.0,0.0,0.0,0.0,0.0,0.0,0.0,66.0,0,121,58,54,65476,0,300,0,0,8,20529,65476,0,0,57672,80.0,0.0,0.0,0.0,0.0,0.0
2026-06-18T02:10:09,ERR,ERR,ERR,ERR,ERR,ERR,ERR,ERR,ERR,ERR,ERR,ERR,ERR,ERR,ERR,ERR,ERR,ERR,ERR,ERR,ERR,ERR,ERR,ERR,ERR,ERR,ERR,ERR,ERR,ERR,ERR,ERR,ERR,ERR,ERR,ERR,ERR,ERR,ERR,ERR,ERR,ERR,ERR,ERR,ERR,ERR,ERR,ERR,ERR,ERR,ERR,ERR,ERR,ERR,ERR,ERR,ERR,ERR,ERR,ERR,ERR,ERR,ERR,ERR,ERR,ERR,ERR,ERR,ERR,ERR,ERR,ERR,ERR,ERR,ERR,ERR,ERR,ERR,ERR,ERR,ERR,ERR,ERR,ERR,ERR,ERR,ERR,ERR,ERR,ERR,ERR,ERR,ERR,ERR,ERR,ERR,ERR,ERR,ERR,ERR,ERR,ERR,ERR,ERR,ERR,ERR,ERR,ERR,ERR,ERR,ERR,ERR,ERR,ERR,ERR,ERR,ERR,ERR,ERR,ERR,ERR,ERR,ERR,ERR,ERR,-0.0,-107615392.0,-134999232.0,-0.0,0.0,1.3936040501711995e+18,7.805,11082173251584.0,0,0,4,48855,6720,14723890282496.0,100,0.0,0.0,0.0,-0.0,0.0,0,0,0,0,0.0,0,0,0,0,0,0,0,0,0,0,0,0,0,0,0,0,0,0,0,0,0,0,0,0,0,0,0,0,0,0,0,0,0,26,51,50,76,65476,0,300,0,0,8,21553,0.0,-107605600.0,0.0,0.0,0.0,0.0,0.0,0.0,0.0,0.0,0.0,0.0,0.0,0.0,0.0,0.0,0.0,0.0,0.0,0.0,0.0,0.0,0.0,0.0,2.004,-2.004,0.0,0.0,0.0,0.0,4746.0,0.0,7297.0,-0.0,-107615392.0,0.0,2.7184312818759872e+23,0.0,0.0,0.0,0.0,77,-152018488393728.0,5.848051325610453e+35,0.0,0.0,0.0,0.0,0.0,0.0,0.0,0,0,0,0.0,0.0,0.0,0.0,0.0,0.0,0.0,0.0,0.0,0.0,0.0,0.0,0.0,0.0,0.0,0.0,0,-107875648.0,77,0.0,154,0.0,0.0,ERR,ERR,ERR,ERR,ERR,ERR,ERR,ERR,ERR,ERR,ERR,ERR,ERR,ERR,ERR,ERR,ERR,ERR,ERR,ERR,ERR,ERR,ERR,ERR,ERR,ERR,ERR,ERR,ERR,ERR,ERR,ERR,ERR,ERR,ERR,ERR,ERR,ERR,ERR,ERR,ERR,ERR,ERR,ERR,ERR,ERR,ERR,ERR,ERR,ERR,ERR,ERR,ERR,ERR,ERR,ERR,ERR,ERR,ERR,ERR,ERR,ERR,ERR,ERR,ERR,ERR,ERR,34.0,80.0,35,0.0,0.0,0.0,0.0,0.0,0.0,0.0,0.0,0.0,0.0,0.0,0.0,0.0,0.0,0.0,0.0,66.0,0,121,58,54,65476,0,300,0,0,8,20529,65476,0,0,57672,80.0,0.0,0.0,0.0,0.0,0.0
2026-06-18T02:10:10,ERR,ERR,ERR,ERR,ERR,ERR,ERR,ERR,ERR,ERR,ERR,ERR,ERR,ERR,ERR,ERR,ERR,ERR,ERR,ERR,ERR,ERR,ERR,ERR,ERR,ERR,ERR,ERR,ERR,ERR,ERR,ERR,ERR,ERR,ERR,ERR,ERR,ERR,ERR,ERR,ERR,ERR,ERR,ERR,ERR,ERR,ERR,ERR,ERR,ERR,ERR,ERR,ERR,ERR,ERR,ERR,ERR,ERR,ERR,ERR,ERR,ERR,ERR,ERR,ERR,ERR,ERR,ERR,ERR,ERR,ERR,ERR,ERR,ERR,ERR,ERR,ERR,ERR,ERR,ERR,ERR,ERR,ERR,ERR,ERR,ERR,ERR,ERR,ERR,ERR,ERR,ERR,ERR,ERR,ERR,ERR,ERR,ERR,ERR,ERR,ERR,ERR,ERR,ERR,ERR,ERR,ERR,ERR,ERR,ERR,ERR,ERR,ERR,ERR,ERR,ERR,ERR,ERR,ERR,ERR,ERR,ERR,ERR,ERR,ERR,-0.0,-107615392.0,-134999232.0,-0.0,0.0,1.3936040501711995e+18,7.805,11082173251584.0,0,0,4,48855,6720,14723890282496.0,100,0.0,0.0,0.0,-0.0,0.0,0,0,0,0,0.0,0,0,0,0,0,0,0,0,0,0,0,0,0,0,0,0,0,0,0,0,0,0,0,0,0,0,0,0,0,0,0,0,0,26,51,50,76,65476,0,300,0,0,8,21553,0.0,-107605600.0,0.0,0.0,0.0,0.0,0.0,0.0,0.0,0.0,0.0,0.0,0.0,0.0,0.0,0.0,0.0,0.0,0.0,0.0,0.0,0.0,0.0,0.0,2.004,-2.004,0.0,0.0,0.0,0.0,4746.0,0.0,7297.0,-0.0,-107615392.0,0.0,2.7184312818759872e+23,0.0,0.0,0.0,0.0,77,-152018488393728.0,5.848051325610453e+35,0.0,0.0,0.0,0.0,0.0,0.0,0.0,0,0,0,0.0,0.0,0.0,0.0,0.0,0.0,0.0,0.0,0.0,0.0,0.0,0.0,0.0,0.0,0.0,0.0,0,-107875648.0,77,0.0,154,0.0,0.0,ERR,ERR,ERR,ERR,ERR,ERR,ERR,ERR,ERR,ERR,ERR,ERR,ERR,ERR,ERR,ERR,ERR,ERR,ERR,ERR,ERR,ERR,ERR,ERR,ERR,ERR,ERR,ERR,ERR,ERR,ERR,ERR,ERR,ERR,ERR,ERR,ERR,ERR,ERR,ERR,ERR,ERR,ERR,ERR,ERR,ERR,ERR,ERR,ERR,ERR,ERR,ERR,ERR,ERR,ERR,ERR,ERR,ERR,ERR,ERR,ERR,ERR,ERR,ERR,ERR,ERR,ERR,34.0,80.0,35,0.0,0.0,0.0,0.0,0.0,0.0,0.0,0.0,0.0,0.0,0.0,0.0,0.0,0.0,0.0,0.0,66.0,0,121,58,54,65476,0,300,0,0,8,20529,65476,0,0,57672,80.0,0.0,0.0,0.0,0.0,0.0
2026-06-18T02:10:11,ERR,ERR,ERR,ERR,ERR,ERR,ERR,ERR,ERR,ERR,ERR,ERR,ERR,ERR,ERR,ERR,ERR,ERR,ERR,ERR,ERR,ERR,ERR,ERR,ERR,ERR,ERR,ERR,ERR,ERR,ERR,ERR,ERR,ERR,ERR,ERR,ERR,ERR,ERR,ERR,ERR,ERR,ERR,ERR,ERR,ERR,ERR,ERR,ERR,ERR,ERR,ERR,ERR,ERR,ERR,ERR,ERR,ERR,ERR,ERR,ERR,ERR,ERR,ERR,ERR,ERR,ERR,ERR,ERR,ERR,ERR,ERR,ERR,ERR,ERR,ERR,ERR,ERR,ERR,ERR,ERR,ERR,ERR,ERR,ERR,ERR,ERR,ERR,ERR,ERR,ERR,ERR,ERR,ERR,ERR,ERR,ERR,ERR,ERR,ERR,ERR,ERR,ERR,ERR,ERR,ERR,ERR,ERR,ERR,ERR,ERR,ERR,ERR,ERR,ERR,ERR,ERR,ERR,ERR,ERR,ERR,ERR,ERR,ERR,ERR,-0.0,-107615392.0,-134999232.0,-4.9501291711397626e+32,0.0,1.3936040501711995e+18,7.805,51974472.0,0,0,4,48863,6720,14723890282496.0,100,0.0,0.0,0.0,0.0,0.0,0,0,0,0,0.0,0,0,0,0,0,0,0,0,0,0,0,0,0,0,0,0,0,0,0,0,0,0,0,0,0,0,0,0,0,0,0,0,0,26,51,50,76,65476,0,300,0,0,8,21553,0.0,-107605600.0,0.0,0.0,0.0,0.0,0.0,0.0,0.0,0.0,0.0,0.0,0.0,0.0,0.0,0.0,0.0,0.0,0.0,0.0,0.0,0.0,0.0,0.0,2.004,-2.004,0.0,0.0,0.0,0.0,4746.0,0.0,7299.0,-0.0,-107615392.0,0.0,2.7184312818759872e+23,0.0,0.0,0.0,0.0,77,-107615360.0,-0.0,0.0,0.0,0.0,0.0,0.0,0.0,0.0,0,0,0,0.0,0.0,0.0,0.0,0.0,0.0,0.0,0.0,0.0,0.0,0.0,0.0,0.0,0.0,0.0,0.0,0,-107875648.0,77,0.0,154,0.0,0.0,ERR,ERR,ERR,ERR,ERR,ERR,ERR,ERR,ERR,ERR,ERR,ERR,ERR,ERR,ERR,ERR,ERR,ERR,ERR,ERR,ERR,ERR,ERR,ERR,ERR,ERR,ERR,ERR,ERR,ERR,ERR,ERR,ERR,ERR,ERR,ERR,ERR,ERR,ERR,ERR,ERR,ERR,ERR,ERR,ERR,ERR,ERR,ERR,ERR,ERR,ERR,ERR,ERR,ERR,ERR,ERR,ERR,ERR,ERR,ERR,ERR,ERR,ERR,ERR,ERR,ERR,ERR,34.0,80.0,35,0.0,0.0,0.0,0.0,0.0,0.0,0.0,0.0,0.0,0.0,0.0,0.0,0.0,0.0,0.0,0.0,66.0,0,121,58,54,65476,0,300,0,0,8,20529,65476,0,0,57672,80.0,0.0,0.0,0.0,0.0,0.0
2026-06-18T02:10:12,ERR,ERR,ERR,ERR,ERR,ERR,ERR,ERR,ERR,ERR,ERR,ERR,ERR,ERR,ERR,ERR,ERR,ERR,ERR,ERR,ERR,ERR,ERR,ERR,ERR,ERR,ERR,ERR,ERR,ERR,ERR,ERR,ERR,ERR,ERR,ERR,ERR,ERR,ERR,ERR,ERR,ERR,ERR,ERR,ERR,ERR,ERR,ERR,ERR,ERR,ERR,ERR,ERR,ERR,ERR,ERR,ERR,ERR,ERR,ERR,ERR,ERR,ERR,ERR,ERR,ERR,ERR,ERR,ERR,ERR,ERR,ERR,ERR,ERR,ERR,ERR,ERR,ERR,ERR,ERR,ERR,ERR,ERR,ERR,ERR,ERR,ERR,ERR,ERR,ERR,ERR,ERR,ERR,ERR,ERR,ERR,ERR,ERR,ERR,ERR,ERR,ERR,ERR,ERR,ERR,ERR,ERR,ERR,ERR,ERR,ERR,ERR,ERR,ERR,ERR,ERR,ERR,ERR,ERR,ERR,ERR,ERR,ERR,ERR,ERR,-0.0,-107615392.0,-134999232.0,-4.9501291711397626e+32,0.0,1.3936040501711995e+18,7.805,51974472.0,0,0,4,48863,6720,14723890282496.0,100,0.0,0.0,0.0,0.0,0.0,0,0,0,0,0.0,0,0,0,0,0,0,0,0,0,0,0,0,0,0,0,0,0,0,0,0,0,0,0,0,0,0,0,0,0,0,0,0,0,26,51,50,76,65476,0,300,0,0,8,21553,0.0,-107605600.0,0.0,0.0,0.0,0.0,0.0,0.0,0.0,0.0,0.0,0.0,0.0,0.0,0.0,0.0,0.0,0.0,0.0,0.0,0.0,0.0,0.0,0.0,2.004,-2.004,0.0,0.0,0.0,0.0,4746.0,0.0,7299.0,-0.0,-107615392.0,0.0,2.7184312818759872e+23,0.0,0.0,0.0,0.0,77,-107615360.0,-0.0,0.0,0.0,0.0,0.0,0.0,0.0,0.0,0,0,0,0.0,0.0,0.0,0.0,0.0,0.0,0.0,0.0,0.0,0.0,0.0,0.0,0.0,0.0,0.0,0.0,0,-107875648.0,77,0.0,154,0.0,0.0,ERR,ERR,ERR,ERR,ERR,ERR,ERR,ERR,ERR,ERR,ERR,ERR,ERR,ERR,ERR,ERR,ERR,ERR,ERR,ERR,ERR,ERR,ERR,ERR,ERR,ERR,ERR,ERR,ERR,ERR,ERR,ERR,ERR,ERR,ERR,ERR,ERR,ERR,ERR,ERR,ERR,ERR,ERR,ERR,ERR,ERR,ERR,ERR,ERR,ERR,ERR,ERR,ERR,ERR,ERR,ERR,ERR,ERR,ERR,ERR,ERR,ERR,ERR,ERR,ERR,ERR,ERR,34.0,80.0,35,0.0,0.0,0.0,0.0,0.0,0.0,0.0,0.0,0.0,0.0,0.0,0.0,0.0,0.0,0.0,0.0,66.0,0,121,58,54,65476,0,300,0,0,8,20529,65476,0,0,57672,80.0,0.0,0.0,0.0,0.0,0.0
2026-06-18T02:10:13,ERR,ERR,ERR,ERR,ERR,ERR,ERR,ERR,ERR,ERR,ERR,ERR,ERR,ERR,ERR,ERR,ERR,ERR,ERR,ERR,ERR,ERR,ERR,ERR,ERR,ERR,ERR,ERR,ERR,ERR,ERR,ERR,ERR,ERR,ERR,ERR,ERR,ERR,ERR,ERR,ERR,ERR,ERR,ERR,ERR,ERR,ERR,ERR,ERR,ERR,ERR,ERR,ERR,ERR,ERR,ERR,ERR,ERR,ERR,ERR,ERR,ERR,ERR,ERR,ERR,ERR,ERR,ERR,ERR,ERR,ERR,ERR,ERR,ERR,ERR,ERR,ERR,ERR,ERR,ERR,ERR,ERR,ERR,ERR,ERR,ERR,ERR,ERR,ERR,ERR,ERR,ERR,ERR,ERR,ERR,ERR,ERR,ERR,ERR,ERR,ERR,ERR,ERR,ERR,ERR,ERR,ERR,ERR,ERR,ERR,ERR,ERR,ERR,ERR,ERR,ERR,ERR,ERR,ERR,ERR,ERR,ERR,ERR,ERR,ERR,-0.0,-107615392.0,-134999232.0,-4.9501291711397626e+32,0.0,1.3936040501711995e+18,7.805,51974472.0,0,0,4,48863,6720,14723890282496.0,100,0.0,0.0,0.0,0.0,0.0,0,0,0,0,0.0,0,0,0,0,0,0,0,0,0,0,0,0,0,0,0,0,0,0,0,0,0,0,0,0,0,0,0,0,0,0,0,0,0,26,51,50,76,65476,0,300,0,0,8,21553,0.0,-107605600.0,0.0,0.0,0.0,0.0,0.0,0.0,0.0,0.0,0.0,0.0,0.0,0.0,0.0,0.0,0.0,0.0,0.0,0.0,0.0,0.0,0.0,0.0,2.004,-2.004,0.0,0.0,0.0,0.0,4746.0,0.0,7299.0,-0.0,-107615392.0,0.0,2.7184312818759872e+23,0.0,0.0,0.0,0.0,77,-107615360.0,-0.0,0.0,0.0,0.0,0.0,0.0,0.0,0.0,0,0,0,0.0,0.0,0.0,0.0,0.0,0.0,0.0,0.0,0.0,0.0,0.0,0.0,0.0,0.0,0.0,0.0,0,-107875648.0,77,0.0,154,0.0,0.0,ERR,ERR,ERR,ERR,ERR,ERR,ERR,ERR,ERR,ERR,ERR,ERR,ERR,ERR,ERR,ERR,ERR,ERR,ERR,ERR,ERR,ERR,ERR,ERR,ERR,ERR,ERR,ERR,ERR,ERR,ERR,ERR,ERR,ERR,ERR,ERR,ERR,ERR,ERR,ERR,ERR,ERR,ERR,ERR,ERR,ERR,ERR,ERR,ERR,ERR,ERR,ERR,ERR,ERR,ERR,ERR,ERR,ERR,ERR,ERR,ERR,ERR,ERR,ERR,ERR,ERR,ERR,34.0,80.0,35,0.0,0.0,0.0,0.0,0.0,0.0,0.0,0.0,0.0,0.0,0.0,0.0,0.0,0.0,0.0,0.0,66.0,0,121,58,54,65476,0,300,0,0,8,20529,65476,0,0,57672,80.0,0.0,0.0,0.0,0.0,0.0
2026-06-18T02:10:14,ERR,ERR,ERR,ERR,ERR,ERR,ERR,ERR,ERR,ERR,ERR,ERR,ERR,ERR,ERR,ERR,ERR,ERR,ERR,ERR,ERR,ERR,ERR,ERR,ERR,ERR,ERR,ERR,ERR,ERR,ERR,ERR,ERR,ERR,ERR,ERR,ERR,ERR,ERR,ERR,ERR,ERR,ERR,ERR,ERR,ERR,ERR,ERR,ERR,ERR,ERR,ERR,ERR,ERR,ERR,ERR,ERR,ERR,ERR,ERR,ERR,ERR,ERR,ERR,ERR,ERR,ERR,ERR,ERR,ERR,ERR,ERR,ERR,ERR,ERR,ERR,ERR,ERR,ERR,ERR,ERR,ERR,ERR,ERR,ERR,ERR,ERR,ERR,ERR,ERR,ERR,ERR,ERR,ERR,ERR,ERR,ERR,ERR,ERR,ERR,ERR,ERR,ERR,ERR,ERR,ERR,ERR,ERR,ERR,ERR,ERR,ERR,ERR,ERR,ERR,ERR,ERR,ERR,ERR,ERR,ERR,ERR,ERR,ERR,ERR,-0.0,-107615392.0,-134999232.0,-4.9501291711397626e+32,0.0,1.3936040501711995e+18,7.805,51974472.0,0,0,4,48863,6720,14723890282496.0,100,0.0,0.0,0.0,0.0,0.0,0,0,0,0,0.0,0,0,0,0,0,0,0,0,0,0,0,0,0,0,0,0,0,0,0,0,0,0,0,0,0,0,0,0,0,0,0,0,0,26,51,50,76,65476,0,300,0,0,8,21553,0.0,-107605600.0,0.0,0.0,0.0,0.0,0.0,0.0,0.0,0.0,0.0,0.0,0.0,0.0,0.0,0.0,0.0,0.0,0.0,0.0,0.0,0.0,0.0,0.0,2.004,-2.004,0.0,0.0,0.0,0.0,4746.0,0.0,7299.0,-0.0,-107615392.0,0.0,2.7184312818759872e+23,0.0,0.0,0.0,0.0,77,-107615360.0,-0.0,0.0,0.0,0.0,0.0,0.0,0.0,0.0,0,0,0,0.0,0.0,0.0,0.0,0.0,0.0,0.0,0.0,0.0,0.0,0.0,0.0,0.0,0.0,0.0,0.0,0,-107875648.0,77,0.0,154,0.0,0.0,ERR,ERR,ERR,ERR,ERR,ERR,ERR,ERR,ERR,ERR,ERR,ERR,ERR,ERR,ERR,ERR,ERR,ERR,ERR,ERR,ERR,ERR,ERR,ERR,ERR,ERR,ERR,ERR,ERR,ERR,ERR,ERR,ERR,ERR,ERR,ERR,ERR,ERR,ERR,ERR,ERR,ERR,ERR,ERR,ERR,ERR,ERR,ERR,ERR,ERR,ERR,ERR,ERR,ERR,ERR,ERR,ERR,ERR,ERR,ERR,ERR,ERR,ERR,ERR,ERR,ERR,ERR,34.0,80.0,35,0.0,0.0,0.0,0.0,0.0,0.0,0.0,0.0,0.0,0.0,0.0,0.0,0.0,0.0,0.0,0.0,66.0,0,121,58,54,65476,0,300,0,0,8,20529,65476,0,0,57672,80.0,0.0,0.0,0.0,0.0,0.0
2026-06-18T02:10:15,ERR,ERR,ERR,ERR,ERR,ERR,ERR,ERR,ERR,ERR,ERR,ERR,ERR,ERR,ERR,ERR,ERR,ERR,ERR,ERR,ERR,ERR,ERR,ERR,ERR,ERR,ERR,ERR,ERR,ERR,ERR,ERR,ERR,ERR,ERR,ERR,ERR,ERR,ERR,ERR,ERR,ERR,ERR,ERR,ERR,ERR,ERR,ERR,ERR,ERR,ERR,ERR,ERR,ERR,ERR,ERR,ERR,ERR,ERR,ERR,ERR,ERR,ERR,ERR,ERR,ERR,ERR,ERR,ERR,ERR,ERR,ERR,ERR,ERR,ERR,ERR,ERR,ERR,ERR,ERR,ERR,ERR,ERR,ERR,ERR,ERR,ERR,ERR,ERR,ERR,ERR,ERR,ERR,ERR,ERR,ERR,ERR,ERR,ERR,ERR,ERR,ERR,ERR,ERR,ERR,ERR,ERR,ERR,ERR,ERR,ERR,ERR,ERR,ERR,ERR,ERR,ERR,ERR,ERR,ERR,ERR,ERR,ERR,ERR,ERR,-0.0,-107615392.0,-134999232.0,-4.9501291711397626e+32,0.0,1.3936040501711995e+18,7.805,51974472.0,0,0,4,48863,6720,14723890282496.0,100,0.0,0.0,0.0,0.0,0.0,0,0,0,0,0.0,0,0,0,0,0,0,0,0,0,0,0,0,0,0,0,0,0,0,0,0,0,0,0,0,0,0,0,0,0,0,0,0,0,26,51,50,76,65476,0,300,0,0,8,21553,0.0,-107605600.0,0.0,0.0,0.0,0.0,0.0,0.0,0.0,0.0,0.0,0.0,0.0,0.0,0.0,0.0,0.0,0.0,0.0,0.0,0.0,0.0,0.0,0.0,2.004,-2.004,0.0,0.0,0.0,0.0,4746.0,0.0,7299.0,-0.0,-107615392.0,0.0,2.7184312818759872e+23,0.0,0.0,0.0,0.0,77,-107615360.0,-0.0,0.0,0.0,0.0,0.0,0.0,0.0,0.0,0,0,0,0.0,0.0,0.0,0.0,0.0,0.0,0.0,0.0,0.0,0.0,0.0,0.0,0.0,0.0,0.0,0.0,0,-107875648.0,77,0.0,154,0.0,0.0,ERR,ERR,ERR,ERR,ERR,ERR,ERR,ERR,ERR,ERR,ERR,ERR,ERR,ERR,ERR,ERR,ERR,ERR,ERR,ERR,ERR,ERR,ERR,ERR,ERR,ERR,ERR,ERR,ERR,ERR,ERR,ERR,ERR,ERR,ERR,ERR,ERR,ERR,ERR,ERR,ERR,ERR,ERR,ERR,ERR,ERR,ERR,ERR,ERR,ERR,ERR,ERR,ERR,ERR,ERR,ERR,ERR,ERR,ERR,ERR,ERR,ERR,ERR,ERR,ERR,ERR,ERR,34.0,80.0,35,0.0,0.0,0.0,0.0,0.0,0.0,0.0,0.0,0.0,0.0,0.0,0.0,0.0,0.0,0.0,0.0,66.0,0,121,58,54,65476,0,300,0,0,8,20529,65476,0,0,57672,80.0,0.0,0.0,0.0,0.0,0.0
2026-06-18T02:10:16,ERR,ERR,ERR,ERR,ERR,ERR,ERR,ERR,ERR,ERR,ERR,ERR,ERR,ERR,ERR,ERR,ERR,ERR,ERR,ERR,ERR,ERR,ERR,ERR,ERR,ERR,ERR,ERR,ERR,ERR,ERR,ERR,ERR,ERR,ERR,ERR,ERR,ERR,ERR,ERR,ERR,ERR,ERR,ERR,ERR,ERR,ERR,ERR,ERR,ERR,ERR,ERR,ERR,ERR,ERR,ERR,ERR,ERR,ERR,ERR,ERR,ERR,ERR,ERR,ERR,ERR,ERR,ERR,ERR,ERR,ERR,ERR,ERR,ERR,ERR,ERR,ERR,ERR,ERR,ERR,ERR,ERR,ERR,ERR,ERR,ERR,ERR,ERR,ERR,ERR,ERR,ERR,ERR,ERR,ERR,ERR,ERR,ERR,ERR,ERR,ERR,ERR,ERR,ERR,ERR,ERR,ERR,ERR,ERR,ERR,ERR,ERR,ERR,ERR,ERR,ERR,ERR,ERR,ERR,ERR,ERR,ERR,ERR,ERR,ERR,-0.0,-107615392.0,-134999232.0,-4.9501291711397626e+32,0.0,1.3936040501711995e+18,7.805,51974472.0,0,0,4,48863,6720,14723890282496.0,100,0.0,0.0,0.0,0.0,0.0,0,0,0,0,0.0,0,0,0,0,0,0,0,0,0,0,0,0,0,0,0,0,0,0,0,0,0,0,0,0,0,0,0,0,0,0,0,0,0,26,51,50,76,65476,0,300,0,0,8,21553,0.0,-107605600.0,0.0,0.0,0.0,0.0,0.0,0.0,0.0,0.0,0.0,0.0,0.0,0.0,0.0,0.0,0.0,0.0,0.0,0.0,0.0,0.0,0.0,0.0,2.004,-2.004,0.0,0.0,0.0,0.0,4746.0,0.0,7299.0,-0.0,-107615392.0,0.0,2.7184312818759872e+23,0.0,0.0,0.0,0.0,77,-107615360.0,-0.0,0.0,0.0,0.0,0.0,0.0,0.0,0.0,0,0,0,0.0,0.0,0.0,0.0,0.0,0.0,0.0,0.0,0.0,0.0,0.0,0.0,0.0,0.0,0.0,0.0,0,-107875648.0,77,0.0,154,0.0,0.0,ERR,ERR,ERR,ERR,ERR,ERR,ERR,ERR,ERR,ERR,ERR,ERR,ERR,ERR,ERR,ERR,ERR,ERR,ERR,ERR,ERR,ERR,ERR,ERR,ERR,ERR,ERR,ERR,ERR,ERR,ERR,ERR,ERR,ERR,ERR,ERR,ERR,ERR,ERR,ERR,ERR,ERR,ERR,ERR,ERR,ERR,ERR,ERR,ERR,ERR,ERR,ERR,ERR,ERR,ERR,ERR,ERR,ERR,ERR,ERR,ERR,ERR,ERR,ERR,ERR,ERR,ERR,34.0,80.0,35,0.0,0.0,0.0,0.0,0.0,0.0,0.0,0.0,0.0,0.0,0.0,0.0,0.0,0.0,0.0,0.0,66.0,0,121,58,54,65476,0,300,0,0,8,20529,65476,0,0,57672,80.0,0.0,0.0,0.0,0.0,0.0
2026-06-18T02:10:17,ERR,ERR,ERR,ERR,ERR,ERR,ERR,ERR,ERR,ERR,ERR,ERR,ERR,ERR,ERR,ERR,ERR,ERR,ERR,ERR,ERR,ERR,ERR,ERR,ERR,ERR,ERR,ERR,ERR,ERR,ERR,ERR,ERR,ERR,ERR,ERR,ERR,ERR,ERR,ERR,ERR,ERR,ERR,ERR,ERR,ERR,ERR,ERR,ERR,ERR,ERR,ERR,ERR,ERR,ERR,ERR,ERR,ERR,ERR,ERR,ERR,ERR,ERR,ERR,ERR,ERR,ERR,ERR,ERR,ERR,ERR,ERR,ERR,ERR,ERR,ERR,ERR,ERR,ERR,ERR,ERR,ERR,ERR,ERR,ERR,ERR,ERR,ERR,ERR,ERR,ERR,ERR,ERR,ERR,ERR,ERR,ERR,ERR,ERR,ERR,ERR,ERR,ERR,ERR,ERR,ERR,ERR,ERR,ERR,ERR,ERR,ERR,ERR,ERR,ERR,ERR,ERR,ERR,ERR,ERR,ERR,ERR,ERR,ERR,ERR,-0.0,-107615392.0,-134999232.0,-4.9501291711397626e+32,0.0,1.3936040501711995e+18,7.805,51974472.0,0,0,4,48852,6720,14723890282496.0,100,0.0,0.0,0.0,-152005385388032.0,0.0,0,0,0,0,0.0,0,0,0,0,0,0,0,0,0,0,0,0,0,0,0,0,0,0,0,0,0,0,0,0,0,0,0,0,0,0,0,0,0,26,51,50,76,65476,0,300,0,0,8,21553,0.0,-107605600.0,0.0,0.0,0.0,0.0,0.0,0.0,0.0,0.0,0.0,0.0,0.0,0.0,0.0,0.0,0.0,0.0,0.0,0.0,0.0,0.0,0.0,0.0,2.004,-2.004,0.0,0.0,0.0,0.0,4741.0,0.0,7300.0,-0.0,-107615392.0,0.0,2.7184312818759872e+23,0.0,0.0,0.0,0.0,77,-71.63,-0.0,0.0,0.0,0.0,0.0,0.0,0.0,0.0,0,0,0,0.0,0.0,0.0,0.0,0.0,0.0,0.0,0.0,0.0,0.0,0.0,0.0,0.0,0.0,0.0,0.0,0,-107875648.0,77,0.0,154,0.0,0.0,ERR,ERR,ERR,ERR,ERR,ERR,ERR,ERR,ERR,ERR,ERR,ERR,ERR,ERR,ERR,ERR,ERR,ERR,ERR,ERR,ERR,ERR,ERR,ERR,ERR,ERR,ERR,ERR,ERR,ERR,ERR,ERR,ERR,ERR,ERR,ERR,ERR,ERR,ERR,ERR,ERR,ERR,ERR,ERR,ERR,ERR,ERR,ERR,ERR,ERR,ERR,ERR,ERR,ERR,ERR,ERR,ERR,ERR,ERR,ERR,ERR,ERR,ERR,ERR,ERR,ERR,ERR,34.0,80.0,35,0.0,0.0,0.0,0.0,0.0,0.0,0.0,0.0,0.0,0.0,0.0,0.0,0.0,0.0,0.0,0.0,66.4,0,121,58,54,65476,0,300,0,0,8,20529,65476,0,0,57672,80.0,0.0,0.0,0.0,0.0,0.0
2026-06-18T02:10:18,ERR,ERR,ERR,ERR,ERR,ERR,ERR,ERR,ERR,ERR,ERR,ERR,ERR,ERR,ERR,ERR,ERR,ERR,ERR,ERR,ERR,ERR,ERR,ERR,ERR,ERR,ERR,ERR,ERR,ERR,ERR,ERR,ERR,ERR,ERR,ERR,ERR,ERR,ERR,ERR,ERR,ERR,ERR,ERR,ERR,ERR,ERR,ERR,ERR,ERR,ERR,ERR,ERR,ERR,ERR,ERR,ERR,ERR,ERR,ERR,ERR,ERR,ERR,ERR,ERR,ERR,ERR,ERR,ERR,ERR,ERR,ERR,ERR,ERR,ERR,ERR,ERR,ERR,ERR,ERR,ERR,ERR,ERR,ERR,ERR,ERR,ERR,ERR,ERR,ERR,ERR,ERR,ERR,ERR,ERR,ERR,ERR,ERR,ERR,ERR,ERR,ERR,ERR,ERR,ERR,ERR,ERR,ERR,ERR,ERR,ERR,ERR,ERR,ERR,ERR,ERR,ERR,ERR,ERR,ERR,ERR,ERR,ERR,ERR,ERR,-0.0,-107615392.0,-134999232.0,-4.9501291711397626e+32,0.0,1.3936040501711995e+18,7.805,51974472.0,0,0,4,48852,6720,14723890282496.0,100,0.0,0.0,0.0,-152005385388032.0,0.0,0,0,0,0,0.0,0,0,0,0,0,0,0,0,0,0,0,0,0,0,0,0,0,0,0,0,0,0,0,0,0,0,0,0,0,0,0,0,0,26,51,50,76,65476,0,300,0,0,8,21553,0.0,-107605600.0,0.0,0.0,0.0,0.0,0.0,0.0,0.0,0.0,0.0,0.0,0.0,0.0,0.0,0.0,0.0,0.0,0.0,0.0,0.0,0.0,0.0,0.0,2.004,-2.004,0.0,0.0,0.0,0.0,4741.0,0.0,7300.0,-0.0,-107615392.0,0.0,2.7184312818759872e+23,0.0,0.0,0.0,0.0,77,-71.63,-0.0,0.0,0.0,0.0,0.0,0.0,0.0,0.0,0,0,0,0.0,0.0,0.0,0.0,0.0,0.0,0.0,0.0,0.0,0.0,0.0,0.0,0.0,0.0,0.0,0.0,0,-107875648.0,77,0.0,154,0.0,0.0,ERR,ERR,ERR,ERR,ERR,ERR,ERR,ERR,ERR,ERR,ERR,ERR,ERR,ERR,ERR,ERR,ERR,ERR,ERR,ERR,ERR,ERR,ERR,ERR,ERR,ERR,ERR,ERR,ERR,ERR,ERR,ERR,ERR,ERR,ERR,ERR,ERR,ERR,ERR,ERR,ERR,ERR,ERR,ERR,ERR,ERR,ERR,ERR,ERR,ERR,ERR,ERR,ERR,ERR,ERR,ERR,ERR,ERR,ERR,ERR,ERR,ERR,ERR,ERR,ERR,ERR,ERR,34.0,80.0,35,0.0,0.0,0.0,0.0,0.0,0.0,0.0,0.0,0.0,0.0,0.0,0.0,0.0,0.0,0.0,0.0,66.4,0,121,58,54,65476,0,300,0,0,8,20529,65476,0,0,57672,80.0,0.0,0.0,0.0,0.0,0.0
2026-06-18T02:10:19,ERR,ERR,ERR,ERR,ERR,ERR,ERR,ERR,ERR,ERR,ERR,ERR,ERR,ERR,ERR,ERR,ERR,ERR,ERR,ERR,ERR,ERR,ERR,ERR,ERR,ERR,ERR,ERR,ERR,ERR,ERR,ERR,ERR,ERR,ERR,ERR,ERR,ERR,ERR,ERR,ERR,ERR,ERR,ERR,ERR,ERR,ERR,ERR,ERR,ERR,ERR,ERR,ERR,ERR,ERR,ERR,ERR,ERR,ERR,ERR,ERR,ERR,ERR,ERR,ERR,ERR,ERR,ERR,ERR,ERR,ERR,ERR,ERR,ERR,ERR,ERR,ERR,ERR,ERR,ERR,ERR,ERR,ERR,ERR,ERR,ERR,ERR,ERR,ERR,ERR,ERR,ERR,ERR,ERR,ERR,ERR,ERR,ERR,ERR,ERR,ERR,ERR,ERR,ERR,ERR,ERR,ERR,ERR,ERR,ERR,ERR,ERR,ERR,ERR,ERR,ERR,ERR,ERR,ERR,ERR,ERR,ERR,ERR,ERR,ERR,-0.0,-107615392.0,-134999232.0,-4.9501291711397626e+32,0.0,1.3936040501711995e+18,7.805,51974472.0,0,0,4,48852,6720,14723890282496.0,100,0.0,0.0,0.0,-152005385388032.0,0.0,0,0,0,0,0.0,0,0,0,0,0,0,0,0,0,0,0,0,0,0,0,0,0,0,0,0,0,0,0,0,0,0,0,0,0,0,0,0,0,26,51,50,76,65476,0,300,0,0,8,21553,0.0,-107605600.0,0.0,0.0,0.0,0.0,0.0,0.0,0.0,0.0,0.0,0.0,0.0,0.0,0.0,0.0,0.0,0.0,0.0,0.0,0.0,0.0,0.0,0.0,2.004,-2.004,0.0,0.0,0.0,0.0,4741.0,0.0,7300.0,-0.0,-107615392.0,0.0,2.7184312818759872e+23,0.0,0.0,0.0,0.0,77,-71.63,-0.0,0.0,0.0,0.0,0.0,0.0,0.0,0.0,0,0,0,0.0,0.0,0.0,0.0,0.0,0.0,0.0,0.0,0.0,0.0,0.0,0.0,0.0,0.0,0.0,0.0,0,-107875648.0,77,0.0,154,0.0,0.0,ERR,ERR,ERR,ERR,ERR,ERR,ERR,ERR,ERR,ERR,ERR,ERR,ERR,ERR,ERR,ERR,ERR,ERR,ERR,ERR,ERR,ERR,ERR,ERR,ERR,ERR,ERR,ERR,ERR,ERR,ERR,ERR,ERR,ERR,ERR,ERR,ERR,ERR,ERR,ERR,ERR,ERR,ERR,ERR,ERR,ERR,ERR,ERR,ERR,ERR,ERR,ERR,ERR,ERR,ERR,ERR,ERR,ERR,ERR,ERR,ERR,ERR,ERR,ERR,ERR,ERR,ERR,34.0,80.0,35,0.0,0.0,0.0,0.0,0.0,0.0,0.0,0.0,0.0,0.0,0.0,0.0,0.0,0.0,0.0,0.0,66.4,0,121,58,54,65476,0,300,0,0,8,20529,65476,0,0,57672,80.0,0.0,0.0,0.0,0.0,0.0
2026-06-18T02:10:20,ERR,ERR,ERR,ERR,ERR,ERR,ERR,ERR,ERR,ERR,ERR,ERR,ERR,ERR,ERR,ERR,ERR,ERR,ERR,ERR,ERR,ERR,ERR,ERR,ERR,ERR,ERR,ERR,ERR,ERR,ERR,ERR,ERR,ERR,ERR,ERR,ERR,ERR,ERR,ERR,ERR,ERR,ERR,ERR,ERR,ERR,ERR,ERR,ERR,ERR,ERR,ERR,ERR,ERR,ERR,ERR,ERR,ERR,ERR,ERR,ERR,ERR,ERR,ERR,ERR,ERR,ERR,ERR,ERR,ERR,ERR,ERR,ERR,ERR,ERR,ERR,ERR,ERR,ERR,ERR,ERR,ERR,ERR,ERR,ERR,ERR,ERR,ERR,ERR,ERR,ERR,ERR,ERR,ERR,ERR,ERR,ERR,ERR,ERR,ERR,ERR,ERR,ERR,ERR,ERR,ERR,ERR,ERR,ERR,ERR,ERR,ERR,ERR,ERR,ERR,ERR,ERR,ERR,ERR,ERR,ERR,ERR,ERR,ERR,ERR,-0.0,-107615392.0,-134999232.0,-4.9501291711397626e+32,0.0,1.3936040501711995e+18,7.805,51974472.0,0,0,4,48852,6720,14723890282496.0,100,0.0,0.0,0.0,-152005385388032.0,0.0,0,0,0,0,0.0,0,0,0,0,0,0,0,0,0,0,0,0,0,0,0,0,0,0,0,0,0,0,0,0,0,0,0,0,0,0,0,0,0,26,51,50,76,65476,0,300,0,0,8,21553,0.0,-107605600.0,0.0,0.0,0.0,0.0,0.0,0.0,0.0,0.0,0.0,0.0,0.0,0.0,0.0,0.0,0.0,0.0,0.0,0.0,0.0,0.0,0.0,0.0,2.004,-2.004,0.0,0.0,0.0,0.0,4741.0,0.0,7300.0,-0.0,-107615392.0,0.0,2.7184312818759872e+23,0.0,0.0,0.0,0.0,77,-71.63,-0.0,0.0,0.0,0.0,0.0,0.0,0.0,0.0,0,0,0,0.0,0.0,0.0,0.0,0.0,0.0,0.0,0.0,0.0,0.0,0.0,0.0,0.0,0.0,0.0,0.0,0,-107875648.0,77,0.0,154,0.0,0.0,ERR,ERR,ERR,ERR,ERR,ERR,ERR,ERR,ERR,ERR,ERR,ERR,ERR,ERR,ERR,ERR,ERR,ERR,ERR,ERR,ERR,ERR,ERR,ERR,ERR,ERR,ERR,ERR,ERR,ERR,ERR,ERR,ERR,ERR,ERR,ERR,ERR,ERR,ERR,ERR,ERR,ERR,ERR,ERR,ERR,ERR,ERR,ERR,ERR,ERR,ERR,ERR,ERR,ERR,ERR,ERR,ERR,ERR,ERR,ERR,ERR,ERR,ERR,ERR,ERR,ERR,ERR,34.0,80.0,35,0.0,0.0,0.0,0.0,0.0,0.0,0.0,0.0,0.0,0.0,0.0,0.0,0.0,0.0,0.0,0.0,66.4,0,121,58,54,65476,0,300,0,0,8,20529,65476,0,0,57672,80.0,0.0,0.0,0.0,0.0,0.0
2026-06-18T02:10:21,ERR,ERR,ERR,ERR,ERR,ERR,ERR,ERR,ERR,ERR,ERR,ERR,ERR,ERR,ERR,ERR,ERR,ERR,ERR,ERR,ERR,ERR,ERR,ERR,ERR,ERR,ERR,ERR,ERR,ERR,ERR,ERR,ERR,ERR,ERR,ERR,ERR,ERR,ERR,ERR,ERR,ERR,ERR,ERR,ERR,ERR,ERR,ERR,ERR,ERR,ERR,ERR,ERR,ERR,ERR,ERR,ERR,ERR,ERR,ERR,ERR,ERR,ERR,ERR,ERR,ERR,ERR,ERR,ERR,ERR,ERR,ERR,ERR,ERR,ERR,ERR,ERR,ERR,ERR,ERR,ERR,ERR,ERR,ERR,ERR,ERR,ERR,ERR,ERR,ERR,ERR,ERR,ERR,ERR,ERR,ERR,ERR,ERR,ERR,ERR,ERR,ERR,ERR,ERR,ERR,ERR,ERR,ERR,ERR,ERR,ERR,ERR,ERR,ERR,ERR,ERR,ERR,ERR,ERR,ERR,ERR,ERR,ERR,ERR,ERR,-0.0,-107615392.0,-134999232.0,-4.9501291711397626e+32,0.0,1.3936040501711995e+18,7.805,51974472.0,0,0,4,48852,6720,14723890282496.0,100,0.0,0.0,0.0,-152005385388032.0,0.0,0,0,0,0,0.0,0,0,0,0,0,0,0,0,0,0,0,0,0,0,0,0,0,0,0,0,0,0,0,0,0,0,0,0,0,0,0,0,0,26,51,50,76,65476,0,300,0,0,8,21553,0.0,-107605600.0,0.0,0.0,0.0,0.0,0.0,0.0,0.0,0.0,0.0,0.0,0.0,0.0,0.0,0.0,0.0,0.0,0.0,0.0,0.0,0.0,0.0,0.0,2.004,-2.004,0.0,0.0,0.0,0.0,4741.0,0.0,7300.0,-0.0,-107615392.0,0.0,2.7184312818759872e+23,0.0,0.0,0.0,0.0,77,-71.63,-0.0,0.0,0.0,0.0,0.0,0.0,0.0,0.0,0,0,0,0.0,0.0,0.0,0.0,0.0,0.0,0.0,0.0,0.0,0.0,0.0,0.0,0.0,0.0,0.0,0.0,0,-107875648.0,77,0.0,154,0.0,0.0,ERR,ERR,ERR,ERR,ERR,ERR,ERR,ERR,ERR,ERR,ERR,ERR,ERR,ERR,ERR,ERR,ERR,ERR,ERR,ERR,ERR,ERR,ERR,ERR,ERR,ERR,ERR,ERR,ERR,ERR,ERR,ERR,ERR,ERR,ERR,ERR,ERR,ERR,ERR,ERR,ERR,ERR,ERR,ERR,ERR,ERR,ERR,ERR,ERR,ERR,ERR,ERR,ERR,ERR,ERR,ERR,ERR,ERR,ERR,ERR,ERR,ERR,ERR,ERR,ERR,ERR,ERR,34.0,80.0,35,0.0,0.0,0.0,0.0,0.0,0.0,0.0,0.0,0.0,0.0,0.0,0.0,0.0,0.0,0.0,0.0,66.0,0,121,58,54,65476,0,300,0,0,8,20529,65476,0,0,57672,80.0,0.0,0.0,0.0,0.0,0.0
2026-06-18T02:10:22,ERR,ERR,ERR,ERR,ERR,ERR,ERR,ERR,ERR,ERR,ERR,ERR,ERR,ERR,ERR,ERR,ERR,ERR,ERR,ERR,ERR,ERR,ERR,ERR,ERR,ERR,ERR,ERR,ERR,ERR,ERR,ERR,ERR,ERR,ERR,ERR,ERR,ERR,ERR,ERR,ERR,ERR,ERR,ERR,ERR,ERR,ERR,ERR,ERR,ERR,ERR,ERR,ERR,ERR,ERR,ERR,ERR,ERR,ERR,ERR,ERR,ERR,ERR,ERR,ERR,ERR,ERR,ERR,ERR,ERR,ERR,ERR,ERR,ERR,ERR,ERR,ERR,ERR,ERR,ERR,ERR,ERR,ERR,ERR,ERR,ERR,ERR,ERR,ERR,ERR,ERR,ERR,ERR,ERR,ERR,ERR,ERR,ERR,ERR,ERR,ERR,ERR,ERR,ERR,ERR,ERR,ERR,ERR,ERR,ERR,ERR,ERR,ERR,ERR,ERR,ERR,ERR,ERR,ERR,ERR,ERR,ERR,ERR,ERR,ERR,-0.0,-107615392.0,-134999232.0,0.059,0.0,1.3936040501711995e+18,7.805,234.267,0,0,4,48857,6720,14723890282496.0,100,0.0,0.0,0.0,0.059,0.0,0,0,0,0,0.0,0,0,0,0,0,0,0,0,0,0,0,0,0,0,0,0,0,0,0,0,0,0,0,0,0,0,0,0,0,0,0,0,0,26,51,50,76,65476,0,300,0,0,8,21553,0.0,-107605600.0,0.0,0.0,0.0,0.0,0.0,0.0,0.0,0.0,0.0,0.0,0.0,0.0,0.0,0.0,0.0,0.0,0.0,0.0,0.0,0.0,0.0,0.0,2.004,-2.004,0.0,0.0,0.0,0.0,4711.0,-1.5879276530623424e+29,7326.0,-0.0,-107615392.0,0.0,2.7184312818759872e+23,0.0,0.0,0.0,0.0,77,-89221.125,1.9056840329815654e+17,0.0,0.0,0.0,0.0,0.0,0.0,0.0,0,0,0,0.0,0.0,0.0,0.0,0.0,0.0,0.0,0.0,0.0,0.0,0.0,0.0,0.0,0.0,0.0,0.0,0,-107875648.0,77,0.0,154,0.0,0.0,ERR,ERR,ERR,ERR,ERR,ERR,ERR,ERR,ERR,ERR,ERR,ERR,ERR,ERR,ERR,ERR,ERR,ERR,ERR,ERR,ERR,ERR,ERR,ERR,ERR,ERR,ERR,ERR,ERR,ERR,ERR,ERR,ERR,ERR,ERR,ERR,ERR,ERR,ERR,ERR,ERR,ERR,ERR,ERR,ERR,ERR,ERR,ERR,ERR,ERR,ERR,ERR,ERR,ERR,ERR,ERR,ERR,ERR,ERR,ERR,ERR,ERR,ERR,ERR,ERR,ERR,ERR,34.0,80.0,35,0.0,0.0,0.0,0.0,0.0,0.0,0.0,0.0,0.0,0.0,0.0,0.0,0.0,0.0,0.0,0.0,66.0,0,121,58,54,65476,0,300,0,0,8,20529,65476,0,0,57672,80.0,0.0,0.0,0.0,0.0,0.0
2026-06-18T02:10:23,ERR,ERR,ERR,ERR,ERR,ERR,ERR,ERR,ERR,ERR,ERR,ERR,ERR,ERR,ERR,ERR,ERR,ERR,ERR,ERR,ERR,ERR,ERR,ERR,ERR,ERR,ERR,ERR,ERR,ERR,ERR,ERR,ERR,ERR,ERR,ERR,ERR,ERR,ERR,ERR,ERR,ERR,ERR,ERR,ERR,ERR,ERR,ERR,ERR,ERR,ERR,ERR,ERR,ERR,ERR,ERR,ERR,ERR,ERR,ERR,ERR,ERR,ERR,ERR,ERR,ERR,ERR,ERR,ERR,ERR,ERR,ERR,ERR,ERR,ERR,ERR,ERR,ERR,ERR,ERR,ERR,ERR,ERR,ERR,ERR,ERR,ERR,ERR,ERR,ERR,ERR,ERR,ERR,ERR,ERR,ERR,ERR,ERR,ERR,ERR,ERR,ERR,ERR,ERR,ERR,ERR,ERR,ERR,ERR,ERR,ERR,ERR,ERR,ERR,ERR,ERR,ERR,ERR,ERR,ERR,ERR,ERR,ERR,ERR,ERR,-0.0,-107615392.0,-134999232.0,0.059,0.0,1.3936040501711995e+18,7.805,234.267,0,0,4,48857,6720,14723890282496.0,100,0.0,0.0,0.0,0.059,0.0,0,0,0,0,0.0,0,0,0,0,0,0,0,0,0,0,0,0,0,0,0,0,0,0,0,0,0,0,0,0,0,0,0,0,0,0,0,0,0,26,51,50,76,65476,0,300,0,0,8,21553,0.0,-107605600.0,0.0,0.0,0.0,0.0,0.0,0.0,0.0,0.0,0.0,0.0,0.0,0.0,0.0,0.0,0.0,0.0,0.0,0.0,0.0,0.0,0.0,0.0,2.004,-2.004,0.0,0.0,0.0,0.0,4711.0,-1.5879276530623424e+29,7326.0,-0.0,-107615392.0,0.0,2.7184312818759872e+23,0.0,0.0,0.0,0.0,77,-89221.125,1.9056840329815654e+17,0.0,0.0,0.0,0.0,0.0,0.0,0.0,0,0,0,0.0,0.0,0.0,0.0,0.0,0.0,0.0,0.0,0.0,0.0,0.0,0.0,0.0,0.0,0.0,0.0,0,-107875648.0,77,0.0,154,0.0,0.0,ERR,ERR,ERR,ERR,ERR,ERR,ERR,ERR,ERR,ERR,ERR,ERR,ERR,ERR,ERR,ERR,ERR,ERR,ERR,ERR,ERR,ERR,ERR,ERR,ERR,ERR,ERR,ERR,ERR,ERR,ERR,ERR,ERR,ERR,ERR,ERR,ERR,ERR,ERR,ERR,ERR,ERR,ERR,ERR,ERR,ERR,ERR,ERR,ERR,ERR,ERR,ERR,ERR,ERR,ERR,ERR,ERR,ERR,ERR,ERR,ERR,ERR,ERR,ERR,ERR,ERR,ERR,34.0,80.0,35,0.0,0.0,0.0,0.0,0.0,0.0,0.0,0.0,0.0,0.0,0.0,0.0,0.0,0.0,0.0,0.0,66.4,0,121,58,54,65476,0,300,0,0,8,20529,65476,0,0,57672,80.0,0.0,0.0,0.0,0.0,0.0
2026-06-18T02:10:24,ERR,ERR,ERR,ERR,ERR,ERR,ERR,ERR,ERR,ERR,ERR,ERR,ERR,ERR,ERR,ERR,ERR,ERR,ERR,ERR,ERR,ERR,ERR,ERR,ERR,ERR,ERR,ERR,ERR,ERR,ERR,ERR,ERR,ERR,ERR,ERR,ERR,ERR,ERR,ERR,ERR,ERR,ERR,ERR,ERR,ERR,ERR,ERR,ERR,ERR,ERR,ERR,ERR,ERR,ERR,ERR,ERR,ERR,ERR,ERR,ERR,ERR,ERR,ERR,ERR,ERR,ERR,ERR,ERR,ERR,ERR,ERR,ERR,ERR,ERR,ERR,ERR,ERR,ERR,ERR,ERR,ERR,ERR,ERR,ERR,ERR,ERR,ERR,ERR,ERR,ERR,ERR,ERR,ERR,ERR,ERR,ERR,ERR,ERR,ERR,ERR,ERR,ERR,ERR,ERR,ERR,ERR,ERR,ERR,ERR,ERR,ERR,ERR,ERR,ERR,ERR,ERR,ERR,ERR,ERR,ERR,ERR,ERR,ERR,ERR,-0.0,-107615392.0,-134999232.0,0.059,0.0,1.3936040501711995e+18,7.805,234.267,0,0,4,48857,6720,14723890282496.0,100,0.0,0.0,0.0,0.059,0.0,0,0,0,0,0.0,0,0,0,0,0,0,0,0,0,0,0,0,0,0,0,0,0,0,0,0,0,0,0,0,0,0,0,0,0,0,0,0,0,26,51,50,76,65476,0,300,0,0,8,21553,0.0,-107605600.0,0.0,0.0,0.0,0.0,0.0,0.0,0.0,0.0,0.0,0.0,0.0,0.0,0.0,0.0,0.0,0.0,0.0,0.0,0.0,0.0,0.0,0.0,2.004,-2.004,0.0,0.0,0.0,0.0,4711.0,-1.5879276530623424e+29,7326.0,-0.0,-107615392.0,0.0,2.7184312818759872e+23,0.0,0.0,0.0,0.0,77,-89221.125,1.9056840329815654e+17,0.0,0.0,0.0,0.0,0.0,0.0,0.0,0,0,0,0.0,0.0,0.0,0.0,0.0,0.0,0.0,0.0,0.0,0.0,0.0,0.0,0.0,0.0,0.0,0.0,0,-107875648.0,77,0.0,154,0.0,0.0,ERR,ERR,ERR,ERR,ERR,ERR,ERR,ERR,ERR,ERR,ERR,ERR,ERR,ERR,ERR,ERR,ERR,ERR,ERR,ERR,ERR,ERR,ERR,ERR,ERR,ERR,ERR,ERR,ERR,ERR,ERR,ERR,ERR,ERR,ERR,ERR,ERR,ERR,ERR,ERR,ERR,ERR,ERR,ERR,ERR,ERR,ERR,ERR,ERR,ERR,ERR,ERR,ERR,ERR,ERR,ERR,ERR,ERR,ERR,ERR,ERR,ERR,ERR,ERR,ERR,ERR,ERR,34.0,80.0,35,0.0,0.0,0.0,0.0,0.0,0.0,0.0,0.0,0.0,0.0,0.0,0.0,0.0,0.0,0.0,0.0,66.0,0,121,58,54,65476,0,300,0,0,8,20529,65476,0,0,57672,80.0,0.0,0.0,0.0,0.0,0.0
2026-06-18T02:10:25,ERR,ERR,ERR,ERR,ERR,ERR,ERR,ERR,ERR,ERR,ERR,ERR,ERR,ERR,ERR,ERR,ERR,ERR,ERR,ERR,ERR,ERR,ERR,ERR,ERR,ERR,ERR,ERR,ERR,ERR,ERR,ERR,ERR,ERR,ERR,ERR,ERR,ERR,ERR,ERR,ERR,ERR,ERR,ERR,ERR,ERR,ERR,ERR,ERR,ERR,ERR,ERR,ERR,ERR,ERR,ERR,ERR,ERR,ERR,ERR,ERR,ERR,ERR,ERR,ERR,ERR,ERR,ERR,ERR,ERR,ERR,ERR,ERR,ERR,ERR,ERR,ERR,ERR,ERR,ERR,ERR,ERR,ERR,ERR,ERR,ERR,ERR,ERR,ERR,ERR,ERR,ERR,ERR,ERR,ERR,ERR,ERR,ERR,ERR,ERR,ERR,ERR,ERR,ERR,ERR,ERR,ERR,ERR,ERR,ERR,ERR,ERR,ERR,ERR,ERR,ERR,ERR,ERR,ERR,ERR,ERR,ERR,ERR,ERR,ERR,-0.0,-107615392.0,-134999232.0,0.059,0.0,1.3936040501711995e+18,7.805,234.267,0,0,4,48857,6720,14723890282496.0,100,0.0,0.0,0.0,0.059,0.0,0,0,0,0,0.0,0,0,0,0,0,0,0,0,0,0,0,0,0,0,0,0,0,0,0,0,0,0,0,0,0,0,0,0,0,0,0,0,0,26,51,50,76,65476,0,300,0,0,8,21553,0.0,-107605600.0,0.0,0.0,0.0,0.0,0.0,0.0,0.0,0.0,0.0,0.0,0.0,0.0,0.0,0.0,0.0,0.0,0.0,0.0,0.0,0.0,0.0,0.0,2.004,-2.004,0.0,0.0,0.0,0.0,4711.0,-1.5879276530623424e+29,7326.0,-0.0,-107615392.0,0.0,2.7184312818759872e+23,0.0,0.0,0.0,0.0,77,-89221.125,1.9056840329815654e+17,0.0,0.0,0.0,0.0,0.0,0.0,0.0,0,0,0,0.0,0.0,0.0,0.0,0.0,0.0,0.0,0.0,0.0,0.0,0.0,0.0,0.0,0.0,0.0,0.0,0,-107875648.0,77,0.0,154,0.0,0.0,ERR,ERR,ERR,ERR,ERR,ERR,ERR,ERR,ERR,ERR,ERR,ERR,ERR,ERR,ERR,ERR,ERR,ERR,ERR,ERR,ERR,ERR,ERR,ERR,ERR,ERR,ERR,ERR,ERR,ERR,ERR,ERR,ERR,ERR,ERR,ERR,ERR,ERR,ERR,ERR,ERR,ERR,ERR,ERR,ERR,ERR,ERR,ERR,ERR,ERR,ERR,ERR,ERR,ERR,ERR,ERR,ERR,ERR,ERR,ERR,ERR,ERR,ERR,ERR,ERR,ERR,ERR,34.0,80.0,35,0.0,0.0,0.0,0.0,0.0,0.0,0.0,0.0,0.0,0.0,0.0,0.0,0.0,0.0,0.0,0.0,66.0,0,121,58,54,65476,0,300,0,0,8,20529,65476,0,0,57672,80.0,0.0,0.0,0.0,0.0,0.0
2026-06-18T02:10:26,ERR,ERR,ERR,ERR,ERR,ERR,ERR,ERR,ERR,ERR,ERR,ERR,ERR,ERR,ERR,ERR,ERR,ERR,ERR,ERR,ERR,ERR,ERR,ERR,ERR,ERR,ERR,ERR,ERR,ERR,ERR,ERR,ERR,ERR,ERR,ERR,ERR,ERR,ERR,ERR,ERR,ERR,ERR,ERR,ERR,ERR,ERR,ERR,ERR,ERR,ERR,ERR,ERR,ERR,ERR,ERR,ERR,ERR,ERR,ERR,ERR,ERR,ERR,ERR,ERR,ERR,ERR,ERR,ERR,ERR,ERR,ERR,ERR,ERR,ERR,ERR,ERR,ERR,ERR,ERR,ERR,ERR,ERR,ERR,ERR,ERR,ERR,ERR,ERR,ERR,ERR,ERR,ERR,ERR,ERR,ERR,ERR,ERR,ERR,ERR,ERR,ERR,ERR,ERR,ERR,ERR,ERR,ERR,ERR,ERR,ERR,ERR,ERR,ERR,ERR,ERR,ERR,ERR,ERR,ERR,ERR,ERR,ERR,ERR,ERR,-0.0,-107615392.0,-134999232.0,0.059,0.0,1.3936040501711995e+18,7.805,234.267,0,0,4,48857,6720,14723890282496.0,100,0.0,0.0,0.0,0.059,0.0,0,0,0,0,0.0,0,0,0,0,0,0,0,0,0,0,0,0,0,0,0,0,0,0,0,0,0,0,0,0,0,0,0,0,0,0,0,0,0,26,51,50,76,65476,0,300,0,0,8,21553,0.0,-107605600.0,0.0,0.0,0.0,0.0,0.0,0.0,0.0,0.0,0.0,0.0,0.0,0.0,0.0,0.0,0.0,0.0,0.0,0.0,0.0,0.0,0.0,0.0,2.004,-2.004,0.0,0.0,0.0,0.0,4711.0,-1.5879276530623424e+29,7326.0,-0.0,-107615392.0,0.0,2.7184312818759872e+23,0.0,0.0,0.0,0.0,77,-89221.125,1.9056840329815654e+17,0.0,0.0,0.0,0.0,0.0,0.0,0.0,0,0,0,0.0,0.0,0.0,0.0,0.0,0.0,0.0,0.0,0.0,0.0,0.0,0.0,0.0,0.0,0.0,0.0,0,-107875648.0,77,0.0,154,0.0,0.0,ERR,ERR,ERR,ERR,ERR,ERR,ERR,ERR,ERR,ERR,ERR,ERR,ERR,ERR,ERR,ERR,ERR,ERR,ERR,ERR,ERR,ERR,ERR,ERR,ERR,ERR,ERR,ERR,ERR,ERR,ERR,ERR,ERR,ERR,ERR,ERR,ERR,ERR,ERR,ERR,ERR,ERR,ERR,ERR,ERR,ERR,ERR,ERR,ERR,ERR,ERR,ERR,ERR,ERR,ERR,ERR,ERR,ERR,ERR,ERR,ERR,ERR,ERR,ERR,ERR,ERR,ERR,34.0,80.0,35,0.0,0.0,0.0,0.0,0.0,0.0,0.0,0.0,0.0,0.0,0.0,0.0,0.0,0.0,0.0,0.0,66.0,0,121,58,54,65476,0,300,0,0,8,20529,65476,0,0,57672,80.0,0.0,0.0,0.0,0.0,0.0
2026-06-18T02:10:27,ERR,ERR,ERR,ERR,ERR,ERR,ERR,ERR,ERR,ERR,ERR,ERR,ERR,ERR,ERR,ERR,ERR,ERR,ERR,ERR,ERR,ERR,ERR,ERR,ERR,ERR,ERR,ERR,ERR,ERR,ERR,ERR,ERR,ERR,ERR,ERR,ERR,ERR,ERR,ERR,ERR,ERR,ERR,ERR,ERR,ERR,ERR,ERR,ERR,ERR,ERR,ERR,ERR,ERR,ERR,ERR,ERR,ERR,ERR,ERR,ERR,ERR,ERR,ERR,ERR,ERR,ERR,ERR,ERR,ERR,ERR,ERR,ERR,ERR,ERR,ERR,ERR,ERR,ERR,ERR,ERR,ERR,ERR,ERR,ERR,ERR,ERR,ERR,ERR,ERR,ERR,ERR,ERR,ERR,ERR,ERR,ERR,ERR,ERR,ERR,ERR,ERR,ERR,ERR,ERR,ERR,ERR,ERR,ERR,ERR,ERR,ERR,ERR,ERR,ERR,ERR,ERR,ERR,ERR,ERR,ERR,ERR,ERR,ERR,ERR,-0.0,-107615392.0,-134999232.0,-152005385388032.0,0.0,1.3936040501711995e+18,7.805,1.1096074633774859e+29,0,0,4,48863,6720,14723890282496.0,100,0.0,0.0,0.0,0.059,0.0,0,0,0,0,0.0,0,0,0,0,0,0,0,0,0,0,0,0,0,0,0,0,0,0,0,0,0,0,0,0,0,0,0,0,0,0,0,0,0,26,51,50,76,65476,0,300,0,0,8,21553,0.0,-107605600.0,0.0,0.0,0.0,0.0,0.0,0.0,0.0,0.0,0.0,0.0,0.0,0.0,0.0,0.0,0.0,0.0,0.0,0.0,0.0,0.0,0.0,0.0,2.004,-2.004,0.0,0.0,0.0,0.0,4713.0,-1.5879276530623424e+29,7326.0,-0.0,-107615392.0,0.0,2.7184312818759872e+23,0.0,0.0,0.0,0.0,77,-126841126912.0,1.9056840329815654e+17,0.0,0.0,0.0,0.0,0.0,0.0,0.0,0,0,0,0.0,0.0,0.0,0.0,0.0,0.0,0.0,0.0,0.0,0.0,0.0,0.0,0.0,0.0,0.0,0.0,0,-107875648.0,77,0.0,154,0.0,0.0,ERR,ERR,ERR,ERR,ERR,ERR,ERR,ERR,ERR,ERR,ERR,ERR,ERR,ERR,ERR,ERR,ERR,ERR,ERR,ERR,ERR,ERR,ERR,ERR,ERR,ERR,ERR,ERR,ERR,ERR,ERR,ERR,ERR,ERR,ERR,ERR,ERR,ERR,ERR,ERR,ERR,ERR,ERR,ERR,ERR,ERR,ERR,ERR,ERR,ERR,ERR,ERR,ERR,ERR,ERR,ERR,ERR,ERR,ERR,ERR,ERR,ERR,ERR,ERR,ERR,ERR,ERR,34.0,80.0,35,0.0,0.0,0.0,0.0,0.0,0.0,0.0,0.0,0.0,0.0,0.0,0.0,0.0,0.0,0.0,0.0,66.0,0,121,58,54,65476,0,300,0,0,8,20529,65476,0,0,57672,80.0,0.0,0.0,0.0,0.0,0.0
2026-06-18T02:10:28,ERR,ERR,ERR,ERR,ERR,ERR,ERR,ERR,ERR,ERR,ERR,ERR,ERR,ERR,ERR,ERR,ERR,ERR,ERR,ERR,ERR,ERR,ERR,ERR,ERR,ERR,ERR,ERR,ERR,ERR,ERR,ERR,ERR,ERR,ERR,ERR,ERR,ERR,ERR,ERR,ERR,ERR,ERR,ERR,ERR,ERR,ERR,ERR,ERR,ERR,ERR,ERR,ERR,ERR,ERR,ERR,ERR,ERR,ERR,ERR,ERR,ERR,ERR,ERR,ERR,ERR,ERR,ERR,ERR,ERR,ERR,ERR,ERR,ERR,ERR,ERR,ERR,ERR,ERR,ERR,ERR,ERR,ERR,ERR,ERR,ERR,ERR,ERR,ERR,ERR,ERR,ERR,ERR,ERR,ERR,ERR,ERR,ERR,ERR,ERR,ERR,ERR,ERR,ERR,ERR,ERR,ERR,ERR,ERR,ERR,ERR,ERR,ERR,ERR,ERR,ERR,ERR,ERR,ERR,ERR,ERR,ERR,ERR,ERR,ERR,-0.0,-107615392.0,-134999232.0,-152005385388032.0,0.0,1.3936040501711995e+18,7.805,1.1096074633774859e+29,0,0,4,48863,6720,14723890282496.0,100,0.0,0.0,0.0,0.059,0.0,0,0,0,0,0.0,0,0,0,0,0,0,0,0,0,0,0,0,0,0,0,0,0,0,0,0,0,0,0,0,0,0,0,0,0,0,0,0,0,26,51,50,76,65476,0,300,0,0,8,21553,0.0,-107605600.0,0.0,0.0,0.0,0.0,0.0,0.0,0.0,0.0,0.0,0.0,0.0,0.0,0.0,0.0,0.0,0.0,0.0,0.0,0.0,0.0,0.0,0.0,2.004,-2.004,0.0,0.0,0.0,0.0,4713.0,-1.5879276530623424e+29,7326.0,-0.0,-107615392.0,0.0,2.7184312818759872e+23,0.0,0.0,0.0,0.0,77,-126841126912.0,1.9056840329815654e+17,0.0,0.0,0.0,0.0,0.0,0.0,0.0,0,0,0,0.0,0.0,0.0,0.0,0.0,0.0,0.0,0.0,0.0,0.0,0.0,0.0,0.0,0.0,0.0,0.0,0,-107875648.0,77,0.0,154,0.0,0.0,ERR,ERR,ERR,ERR,ERR,ERR,ERR,ERR,ERR,ERR,ERR,ERR,ERR,ERR,ERR,ERR,ERR,ERR,ERR,ERR,ERR,ERR,ERR,ERR,ERR,ERR,ERR,ERR,ERR,ERR,ERR,ERR,ERR,ERR,ERR,ERR,ERR,ERR,ERR,ERR,ERR,ERR,ERR,ERR,ERR,ERR,ERR,ERR,ERR,ERR,ERR,ERR,ERR,ERR,ERR,ERR,ERR,ERR,ERR,ERR,ERR,ERR,ERR,ERR,ERR,ERR,ERR,34.0,80.0,35,0.0,0.0,0.0,0.0,0.0,0.0,0.0,0.0,0.0,0.0,0.0,0.0,0.0,0.0,0.0,0.0,66.0,0,121,58,54,65476,0,300,0,0,8,20529,65476,0,0,57672,80.0,0.0,0.0,0.0,0.0,0.0
2026-06-18T02:10:29,ERR,ERR,ERR,ERR,ERR,ERR,ERR,ERR,ERR,ERR,ERR,ERR,ERR,ERR,ERR,ERR,ERR,ERR,ERR,ERR,ERR,ERR,ERR,ERR,ERR,ERR,ERR,ERR,ERR,ERR,ERR,ERR,ERR,ERR,ERR,ERR,ERR,ERR,ERR,ERR,ERR,ERR,ERR,ERR,ERR,ERR,ERR,ERR,ERR,ERR,ERR,ERR,ERR,ERR,ERR,ERR,ERR,ERR,ERR,ERR,ERR,ERR,ERR,ERR,ERR,ERR,ERR,ERR,ERR,ERR,ERR,ERR,ERR,ERR,ERR,ERR,ERR,ERR,ERR,ERR,ERR,ERR,ERR,ERR,ERR,ERR,ERR,ERR,ERR,ERR,ERR,ERR,ERR,ERR,ERR,ERR,ERR,ERR,ERR,ERR,ERR,ERR,ERR,ERR,ERR,ERR,ERR,ERR,ERR,ERR,ERR,ERR,ERR,ERR,ERR,ERR,ERR,ERR,ERR,ERR,ERR,ERR,ERR,ERR,ERR,-0.0,-107615392.0,-134999232.0,-152005385388032.0,0.0,1.3936040501711995e+18,7.805,1.1096074633774859e+29,0,0,4,48863,6720,14723890282496.0,100,0.0,0.0,0.0,0.059,0.0,0,0,0,0,0.0,0,0,0,0,0,0,0,0,0,0,0,0,0,0,0,0,0,0,0,0,0,0,0,0,0,0,0,0,0,0,0,0,0,26,51,50,76,65476,0,300,0,0,8,21553,0.0,-107605600.0,0.0,0.0,0.0,0.0,0.0,0.0,0.0,0.0,0.0,0.0,0.0,0.0,0.0,0.0,0.0,0.0,0.0,0.0,0.0,0.0,0.0,0.0,2.004,-2.004,0.0,0.0,0.0,0.0,4713.0,-1.5879276530623424e+29,7326.0,-0.0,-107615392.0,0.0,2.7184312818759872e+23,0.0,0.0,0.0,0.0,77,-126841126912.0,1.9056840329815654e+17,0.0,0.0,0.0,0.0,0.0,0.0,0.0,0,0,0,0.0,0.0,0.0,0.0,0.0,0.0,0.0,0.0,0.0,0.0,0.0,0.0,0.0,0.0,0.0,0.0,0,-107875648.0,77,0.0,154,0.0,0.0,ERR,ERR,ERR,ERR,ERR,ERR,ERR,ERR,ERR,ERR,ERR,ERR,ERR,ERR,ERR,ERR,ERR,ERR,ERR,ERR,ERR,ERR,ERR,ERR,ERR,ERR,ERR,ERR,ERR,ERR,ERR,ERR,ERR,ERR,ERR,ERR,ERR,ERR,ERR,ERR,ERR,ERR,ERR,ERR,ERR,ERR,ERR,ERR,ERR,ERR,ERR,ERR,ERR,ERR,ERR,ERR,ERR,ERR,ERR,ERR,ERR,ERR,ERR,ERR,ERR,ERR,ERR,34.0,80.0,35,0.0,0.0,0.0,0.0,0.0,0.0,0.0,0.0,0.0,0.0,0.0,0.0,0.0,0.0,0.0,0.0,66.0,0,121,58,54,65476,0,300,0,0,8,20529,65476,0,0,57672,80.0,0.0,0.0,0.0,0.0,0.0
2026-06-18T02:10:30,ERR,ERR,ERR,ERR,ERR,ERR,ERR,ERR,ERR,ERR,ERR,ERR,ERR,ERR,ERR,ERR,ERR,ERR,ERR,ERR,ERR,ERR,ERR,ERR,ERR,ERR,ERR,ERR,ERR,ERR,ERR,ERR,ERR,ERR,ERR,ERR,ERR,ERR,ERR,ERR,ERR,ERR,ERR,ERR,ERR,ERR,ERR,ERR,ERR,ERR,ERR,ERR,ERR,ERR,ERR,ERR,ERR,ERR,ERR,ERR,ERR,ERR,ERR,ERR,ERR,ERR,ERR,ERR,ERR,ERR,ERR,ERR,ERR,ERR,ERR,ERR,ERR,ERR,ERR,ERR,ERR,ERR,ERR,ERR,ERR,ERR,ERR,ERR,ERR,ERR,ERR,ERR,ERR,ERR,ERR,ERR,ERR,ERR,ERR,ERR,ERR,ERR,ERR,ERR,ERR,ERR,ERR,ERR,ERR,ERR,ERR,ERR,ERR,ERR,ERR,ERR,ERR,ERR,ERR,ERR,ERR,ERR,ERR,ERR,ERR,-0.0,-107615392.0,-134999232.0,-152005385388032.0,0.0,1.3936040501711995e+18,7.805,1.1096074633774859e+29,0,0,4,48863,6720,14723890282496.0,100,0.0,0.0,0.0,0.059,0.0,0,0,0,0,0.0,0,0,0,0,0,0,0,0,0,0,0,0,0,0,0,0,0,0,0,0,0,0,0,0,0,0,0,0,0,0,0,0,0,26,51,50,76,65476,0,300,0,0,8,21553,0.0,-107605600.0,0.0,0.0,0.0,0.0,0.0,0.0,0.0,0.0,0.0,0.0,0.0,0.0,0.0,0.0,0.0,0.0,0.0,0.0,0.0,0.0,0.0,0.0,2.004,-2.004,0.0,0.0,0.0,0.0,4713.0,-1.5879276530623424e+29,7326.0,-0.0,-107615392.0,0.0,2.7184312818759872e+23,0.0,0.0,0.0,0.0,77,-126841126912.0,1.9056840329815654e+17,0.0,0.0,0.0,0.0,0.0,0.0,0.0,0,0,0,0.0,0.0,0.0,0.0,0.0,0.0,0.0,0.0,0.0,0.0,0.0,0.0,0.0,0.0,0.0,0.0,0,-107875648.0,77,0.0,154,0.0,0.0,ERR,ERR,ERR,ERR,ERR,ERR,ERR,ERR,ERR,ERR,ERR,ERR,ERR,ERR,ERR,ERR,ERR,ERR,ERR,ERR,ERR,ERR,ERR,ERR,ERR,ERR,ERR,ERR,ERR,ERR,ERR,ERR,ERR,ERR,ERR,ERR,ERR,ERR,ERR,ERR,ERR,ERR,ERR,ERR,ERR,ERR,ERR,ERR,ERR,ERR,ERR,ERR,ERR,ERR,ERR,ERR,ERR,ERR,ERR,ERR,ERR,ERR,ERR,ERR,ERR,ERR,ERR,34.0,80.0,35,0.0,0.0,0.0,0.0,0.0,0.0,0.0,0.0,0.0,0.0,0.0,0.0,0.0,0.0,0.0,0.0,66.0,0,121,58,54,65476,0,300,0,0,8,20529,65476,0,0,57672,80.0,0.0,0.0,0.0,0.0,0.0
2026-06-18T02:10:31,ERR,ERR,ERR,ERR,ERR,ERR,ERR,ERR,ERR,ERR,ERR,ERR,ERR,ERR,ERR,ERR,ERR,ERR,ERR,ERR,ERR,ERR,ERR,ERR,ERR,ERR,ERR,ERR,ERR,ERR,ERR,ERR,ERR,ERR,ERR,ERR,ERR,ERR,ERR,ERR,ERR,ERR,ERR,ERR,ERR,ERR,ERR,ERR,ERR,ERR,ERR,ERR,ERR,ERR,ERR,ERR,ERR,ERR,ERR,ERR,ERR,ERR,ERR,ERR,ERR,ERR,ERR,ERR,ERR,ERR,ERR,ERR,ERR,ERR,ERR,ERR,ERR,ERR,ERR,ERR,ERR,ERR,ERR,ERR,ERR,ERR,ERR,ERR,ERR,ERR,ERR,ERR,ERR,ERR,ERR,ERR,ERR,ERR,ERR,ERR,ERR,ERR,ERR,ERR,ERR,ERR,ERR,ERR,ERR,ERR,ERR,ERR,ERR,ERR,ERR,ERR,ERR,ERR,ERR,ERR,ERR,ERR,ERR,ERR,ERR,-0.0,-107615392.0,-134999232.0,-152005385388032.0,0.0,1.3936040501711995e+18,7.805,1.1096074633774859e+29,0,0,4,48863,6720,14723890282496.0,100,0.0,0.0,0.0,0.059,0.0,0,0,0,0,0.0,0,0,0,0,0,0,0,0,0,0,0,0,0,0,0,0,0,0,0,0,0,0,0,0,0,0,0,0,0,0,0,0,0,26,51,50,76,65476,0,300,0,0,8,21553,0.0,-107605600.0,0.0,0.0,0.0,0.0,0.0,0.0,0.0,0.0,0.0,0.0,0.0,0.0,0.0,0.0,0.0,0.0,0.0,0.0,0.0,0.0,0.0,0.0,2.004,-2.004,0.0,0.0,0.0,0.0,4713.0,-1.5879276530623424e+29,7326.0,-0.0,-107615392.0,0.0,2.7184312818759872e+23,0.0,0.0,0.0,0.0,77,-126841126912.0,1.9056840329815654e+17,0.0,0.0,0.0,0.0,0.0,0.0,0.0,0,0,0,0.0,0.0,0.0,0.0,0.0,0.0,0.0,0.0,0.0,0.0,0.0,0.0,0.0,0.0,0.0,0.0,0,-107875648.0,77,0.0,154,0.0,0.0,ERR,ERR,ERR,ERR,ERR,ERR,ERR,ERR,ERR,ERR,ERR,ERR,ERR,ERR,ERR,ERR,ERR,ERR,ERR,ERR,ERR,ERR,ERR,ERR,ERR,ERR,ERR,ERR,ERR,ERR,ERR,ERR,ERR,ERR,ERR,ERR,ERR,ERR,ERR,ERR,ERR,ERR,ERR,ERR,ERR,ERR,ERR,ERR,ERR,ERR,ERR,ERR,ERR,ERR,ERR,ERR,ERR,ERR,ERR,ERR,ERR,ERR,ERR,ERR,ERR,ERR,ERR,34.0,80.0,35,0.0,0.0,0.0,0.0,0.0,0.0,0.0,0.0,0.0,0.0,0.0,0.0,0.0,0.0,0.0,0.0,66.0,0,121,58,54,65476,0,300,0,0,8,20529,65476,0,0,57672,80.0,0.0,0.0,0.0,0.0,0.0
2026-06-18T02:10:32,ERR,ERR,ERR,ERR,ERR,ERR,ERR,ERR,ERR,ERR,ERR,ERR,ERR,ERR,ERR,ERR,ERR,ERR,ERR,ERR,ERR,ERR,ERR,ERR,ERR,ERR,ERR,ERR,ERR,ERR,ERR,ERR,ERR,ERR,ERR,ERR,ERR,ERR,ERR,ERR,ERR,ERR,ERR,ERR,ERR,ERR,ERR,ERR,ERR,ERR,ERR,ERR,ERR,ERR,ERR,ERR,ERR,ERR,ERR,ERR,ERR,ERR,ERR,ERR,ERR,ERR,ERR,ERR,ERR,ERR,ERR,ERR,ERR,ERR,ERR,ERR,ERR,ERR,ERR,ERR,ERR,ERR,ERR,ERR,ERR,ERR,ERR,ERR,ERR,ERR,ERR,ERR,ERR,ERR,ERR,ERR,ERR,ERR,ERR,ERR,ERR,ERR,ERR,ERR,ERR,ERR,ERR,ERR,ERR,ERR,ERR,ERR,ERR,ERR,ERR,ERR,ERR,ERR,ERR,ERR,ERR,ERR,ERR,ERR,ERR,-0.0,-107615392.0,-134999232.0,0.059,0.0,1.3936040501711995e+18,7.805,234.267,0,0,4,48867,6720,14723890282496.0,100,0.0,0.0,0.0,-152005385388032.0,0.0,0,0,0,0,0.0,0,0,0,0,0,0,0,0,0,0,0,0,0,0,0,0,0,0,0,0,0,0,0,0,0,0,0,0,0,0,0,0,0,26,51,50,76,65476,0,300,0,0,8,21553,0.0,-107605600.0,0.0,0.0,0.0,0.0,0.0,0.0,0.0,0.0,0.0,0.0,0.0,0.0,0.0,0.0,0.0,0.0,0.0,0.0,0.0,0.0,0.0,0.0,2.004,-2.004,0.0,0.0,0.0,0.0,4713.0,-1.5879276530623424e+29,7326.0,-0.0,-107615392.0,0.0,2.7184312818759872e+23,0.0,0.0,0.0,0.0,77,-126841126912.0,1.9056840329815654e+17,0.0,0.0,0.0,0.0,0.0,0.0,0.0,0,0,0,0.0,0.0,0.0,0.0,0.0,0.0,0.0,0.0,0.0,0.0,0.0,0.0,0.0,0.0,0.0,0.0,0,-107875648.0,77,0.0,154,0.0,0.0,ERR,ERR,ERR,ERR,ERR,ERR,ERR,ERR,ERR,ERR,ERR,ERR,ERR,ERR,ERR,ERR,ERR,ERR,ERR,ERR,ERR,ERR,ERR,ERR,ERR,ERR,ERR,ERR,ERR,ERR,ERR,ERR,ERR,ERR,ERR,ERR,ERR,ERR,ERR,ERR,ERR,ERR,ERR,ERR,ERR,ERR,ERR,ERR,ERR,ERR,ERR,ERR,ERR,ERR,ERR,ERR,ERR,ERR,ERR,ERR,ERR,ERR,ERR,ERR,ERR,ERR,ERR,34.0,80.0,35,0.0,0.0,0.0,0.0,0.0,0.0,0.0,0.0,0.0,0.0,0.0,0.0,0.0,0.0,0.0,0.0,66.0,0,121,58,54,65476,0,300,0,0,8,20529,65476,0,0,57672,80.0,0.0,0.0,0.0,0.0,0.0
2026-06-18T02:10:33,ERR,ERR,ERR,ERR,ERR,ERR,ERR,ERR,ERR,ERR,ERR,ERR,ERR,ERR,ERR,ERR,ERR,ERR,ERR,ERR,ERR,ERR,ERR,ERR,ERR,ERR,ERR,ERR,ERR,ERR,ERR,ERR,ERR,ERR,ERR,ERR,ERR,ERR,ERR,ERR,ERR,ERR,ERR,ERR,ERR,ERR,ERR,ERR,ERR,ERR,ERR,ERR,ERR,ERR,ERR,ERR,ERR,ERR,ERR,ERR,ERR,ERR,ERR,ERR,ERR,ERR,ERR,ERR,ERR,ERR,ERR,ERR,ERR,ERR,ERR,ERR,ERR,ERR,ERR,ERR,ERR,ERR,ERR,ERR,ERR,ERR,ERR,ERR,ERR,ERR,ERR,ERR,ERR,ERR,ERR,ERR,ERR,ERR,ERR,ERR,ERR,ERR,ERR,ERR,ERR,ERR,ERR,ERR,ERR,ERR,ERR,ERR,ERR,ERR,ERR,ERR,ERR,ERR,ERR,ERR,ERR,ERR,ERR,ERR,ERR,-0.0,-107615392.0,-134999232.0,0.059,0.0,1.3936040501711995e+18,7.805,234.267,0,0,4,48867,6720,14723890282496.0,100,0.0,0.0,0.0,-152005385388032.0,0.0,0,0,0,0,0.0,0,0,0,0,0,0,0,0,0,0,0,0,0,0,0,0,0,0,0,0,0,0,0,0,0,0,0,0,0,0,0,0,0,26,51,50,76,65476,0,300,0,0,8,21553,0.0,-107605600.0,0.0,0.0,0.0,0.0,0.0,0.0,0.0,0.0,0.0,0.0,0.0,0.0,0.0,0.0,0.0,0.0,0.0,0.0,0.0,0.0,0.0,0.0,2.004,-2.004,0.0,0.0,0.0,0.0,4713.0,-1.5879276530623424e+29,7326.0,-0.0,-107615392.0,0.0,2.7184312818759872e+23,0.0,0.0,0.0,0.0,77,-126841126912.0,1.9056840329815654e+17,0.0,0.0,0.0,0.0,0.0,0.0,0.0,0,0,0,0.0,0.0,0.0,0.0,0.0,0.0,0.0,0.0,0.0,0.0,0.0,0.0,0.0,0.0,0.0,0.0,0,-107875648.0,77,0.0,154,0.0,0.0,ERR,ERR,ERR,ERR,ERR,ERR,ERR,ERR,ERR,ERR,ERR,ERR,ERR,ERR,ERR,ERR,ERR,ERR,ERR,ERR,ERR,ERR,ERR,ERR,ERR,ERR,ERR,ERR,ERR,ERR,ERR,ERR,ERR,ERR,ERR,ERR,ERR,ERR,ERR,ERR,ERR,ERR,ERR,ERR,ERR,ERR,ERR,ERR,ERR,ERR,ERR,ERR,ERR,ERR,ERR,ERR,ERR,ERR,ERR,ERR,ERR,ERR,ERR,ERR,ERR,ERR,ERR,34.0,80.0,35,0.0,0.0,0.0,0.0,0.0,0.0,0.0,0.0,0.0,0.0,0.0,0.0,0.0,0.0,0.0,0.0,66.0,0,121,58,54,65476,0,300,0,0,8,20529,65476,0,0,57672,80.0,0.0,0.0,0.0,0.0,0.0
2026-06-18T02:10:34,ERR,ERR,ERR,ERR,ERR,ERR,ERR,ERR,ERR,ERR,ERR,ERR,ERR,ERR,ERR,ERR,ERR,ERR,ERR,ERR,ERR,ERR,ERR,ERR,ERR,ERR,ERR,ERR,ERR,ERR,ERR,ERR,ERR,ERR,ERR,ERR,ERR,ERR,ERR,ERR,ERR,ERR,ERR,ERR,ERR,ERR,ERR,ERR,ERR,ERR,ERR,ERR,ERR,ERR,ERR,ERR,ERR,ERR,ERR,ERR,ERR,ERR,ERR,ERR,ERR,ERR,ERR,ERR,ERR,ERR,ERR,ERR,ERR,ERR,ERR,ERR,ERR,ERR,ERR,ERR,ERR,ERR,ERR,ERR,ERR,ERR,ERR,ERR,ERR,ERR,ERR,ERR,ERR,ERR,ERR,ERR,ERR,ERR,ERR,ERR,ERR,ERR,ERR,ERR,ERR,ERR,ERR,ERR,ERR,ERR,ERR,ERR,ERR,ERR,ERR,ERR,ERR,ERR,ERR,ERR,ERR,ERR,ERR,ERR,ERR,-0.0,-107615392.0,-134999232.0,0.059,0.0,1.3936040501711995e+18,7.805,234.267,0,0,4,48867,6720,14723890282496.0,100,0.0,0.0,0.0,-152005385388032.0,0.0,0,0,0,0,0.0,0,0,0,0,0,0,0,0,0,0,0,0,0,0,0,0,0,0,0,0,0,0,0,0,0,0,0,0,0,0,0,0,0,26,51,50,76,65476,0,300,0,0,8,21553,0.0,-107605600.0,0.0,0.0,0.0,0.0,0.0,0.0,0.0,0.0,0.0,0.0,0.0,0.0,0.0,0.0,0.0,0.0,0.0,0.0,0.0,0.0,0.0,0.0,2.004,-2.004,0.0,0.0,0.0,0.0,4713.0,-1.5879276530623424e+29,7326.0,-0.0,-107615392.0,0.0,2.7184312818759872e+23,0.0,0.0,0.0,0.0,77,-126841126912.0,1.9056840329815654e+17,0.0,0.0,0.0,0.0,0.0,0.0,0.0,0,0,0,0.0,0.0,0.0,0.0,0.0,0.0,0.0,0.0,0.0,0.0,0.0,0.0,0.0,0.0,0.0,0.0,0,-107875648.0,77,0.0,154,0.0,0.0,ERR,ERR,ERR,ERR,ERR,ERR,ERR,ERR,ERR,ERR,ERR,ERR,ERR,ERR,ERR,ERR,ERR,ERR,ERR,ERR,ERR,ERR,ERR,ERR,ERR,ERR,ERR,ERR,ERR,ERR,ERR,ERR,ERR,ERR,ERR,ERR,ERR,ERR,ERR,ERR,ERR,ERR,ERR,ERR,ERR,ERR,ERR,ERR,ERR,ERR,ERR,ERR,ERR,ERR,ERR,ERR,ERR,ERR,ERR,ERR,ERR,ERR,ERR,ERR,ERR,ERR,ERR,34.0,80.0,35,0.0,0.0,0.0,0.0,0.0,0.0,0.0,0.0,0.0,0.0,0.0,0.0,0.0,0.0,0.0,0.0,66.0,0,121,58,54,65476,0,300,0,0,8,20529,65476,0,0,57672,80.0,0.0,0.0,0.0,0.0,0.0
2026-06-18T02:10:35,ERR,ERR,ERR,ERR,ERR,ERR,ERR,ERR,ERR,ERR,ERR,ERR,ERR,ERR,ERR,ERR,ERR,ERR,ERR,ERR,ERR,ERR,ERR,ERR,ERR,ERR,ERR,ERR,ERR,ERR,ERR,ERR,ERR,ERR,ERR,ERR,ERR,ERR,ERR,ERR,ERR,ERR,ERR,ERR,ERR,ERR,ERR,ERR,ERR,ERR,ERR,ERR,ERR,ERR,ERR,ERR,ERR,ERR,ERR,ERR,ERR,ERR,ERR,ERR,ERR,ERR,ERR,ERR,ERR,ERR,ERR,ERR,ERR,ERR,ERR,ERR,ERR,ERR,ERR,ERR,ERR,ERR,ERR,ERR,ERR,ERR,ERR,ERR,ERR,ERR,ERR,ERR,ERR,ERR,ERR,ERR,ERR,ERR,ERR,ERR,ERR,ERR,ERR,ERR,ERR,ERR,ERR,ERR,ERR,ERR,ERR,ERR,ERR,ERR,ERR,ERR,ERR,ERR,ERR,ERR,ERR,ERR,ERR,ERR,ERR,-0.0,-107615392.0,-134999232.0,0.059,0.0,1.3936040501711995e+18,7.805,234.267,0,0,4,48867,6720,14723890282496.0,100,0.0,0.0,0.0,-152005385388032.0,0.0,0,0,0,0,0.0,0,0,0,0,0,0,0,0,0,0,0,0,0,0,0,0,0,0,0,0,0,0,0,0,0,0,0,0,0,0,0,0,0,26,51,50,76,65476,0,300,0,0,8,21553,0.0,-107605600.0,0.0,0.0,0.0,0.0,0.0,0.0,0.0,0.0,0.0,0.0,0.0,0.0,0.0,0.0,0.0,0.0,0.0,0.0,0.0,0.0,0.0,0.0,2.004,-2.004,0.0,0.0,0.0,0.0,4713.0,-1.5879276530623424e+29,7326.0,-0.0,-107615392.0,0.0,2.7184312818759872e+23,0.0,0.0,0.0,0.0,77,-126841126912.0,1.9056840329815654e+17,0.0,0.0,0.0,0.0,0.0,0.0,0.0,0,0,0,0.0,0.0,0.0,0.0,0.0,0.0,0.0,0.0,0.0,0.0,0.0,0.0,0.0,0.0,0.0,0.0,0,-107875648.0,77,0.0,154,0.0,0.0,ERR,ERR,ERR,ERR,ERR,ERR,ERR,ERR,ERR,ERR,ERR,ERR,ERR,ERR,ERR,ERR,ERR,ERR,ERR,ERR,ERR,ERR,ERR,ERR,ERR,ERR,ERR,ERR,ERR,ERR,ERR,ERR,ERR,ERR,ERR,ERR,ERR,ERR,ERR,ERR,ERR,ERR,ERR,ERR,ERR,ERR,ERR,ERR,ERR,ERR,ERR,ERR,ERR,ERR,ERR,ERR,ERR,ERR,ERR,ERR,ERR,ERR,ERR,ERR,ERR,ERR,ERR,34.0,80.0,35,0.0,0.0,0.0,0.0,0.0,0.0,0.0,0.0,0.0,0.0,0.0,0.0,0.0,0.0,0.0,0.0,66.0,0,121,58,54,65476,0,300,0,0,8,20529,65476,0,0,57672,80.0,0.0,0.0,0.0,0.0,0.0
2026-06-18T02:10:36,ERR,ERR,ERR,ERR,ERR,ERR,ERR,ERR,ERR,ERR,ERR,ERR,ERR,ERR,ERR,ERR,ERR,ERR,ERR,ERR,ERR,ERR,ERR,ERR,ERR,ERR,ERR,ERR,ERR,ERR,ERR,ERR,ERR,ERR,ERR,ERR,ERR,ERR,ERR,ERR,ERR,ERR,ERR,ERR,ERR,ERR,ERR,ERR,ERR,ERR,ERR,ERR,ERR,ERR,ERR,ERR,ERR,ERR,ERR,ERR,ERR,ERR,ERR,ERR,ERR,ERR,ERR,ERR,ERR,ERR,ERR,ERR,ERR,ERR,ERR,ERR,ERR,ERR,ERR,ERR,ERR,ERR,ERR,ERR,ERR,ERR,ERR,ERR,ERR,ERR,ERR,ERR,ERR,ERR,ERR,ERR,ERR,ERR,ERR,ERR,ERR,ERR,ERR,ERR,ERR,ERR,ERR,ERR,ERR,ERR,ERR,ERR,ERR,ERR,ERR,ERR,ERR,ERR,ERR,ERR,ERR,ERR,ERR,ERR,ERR,-0.0,-107615392.0,-134999232.0,0.059,0.0,1.3936040501711995e+18,7.805,234.267,0,0,4,48867,6720,14723890282496.0,100,0.0,0.0,0.0,-152005385388032.0,0.0,0,0,0,0,0.0,0,0,0,0,0,0,0,0,0,0,0,0,0,0,0,0,0,0,0,0,0,0,0,0,0,0,0,0,0,0,0,0,0,26,51,50,76,65476,0,300,0,0,8,21553,0.0,-107605600.0,0.0,0.0,0.0,0.0,0.0,0.0,0.0,0.0,0.0,0.0,0.0,0.0,0.0,0.0,0.0,0.0,0.0,0.0,0.0,0.0,0.0,0.0,2.004,-2.004,0.0,0.0,0.0,0.0,4713.0,-1.5879276530623424e+29,7326.0,-0.0,-107615392.0,0.0,2.7184312818759872e+23,0.0,0.0,0.0,0.0,77,-126841126912.0,1.9056840329815654e+17,0.0,0.0,0.0,0.0,0.0,0.0,0.0,0,0,0,0.0,0.0,0.0,0.0,0.0,0.0,0.0,0.0,0.0,0.0,0.0,0.0,0.0,0.0,0.0,0.0,0,-107875648.0,77,0.0,154,0.0,0.0,ERR,ERR,ERR,ERR,ERR,ERR,ERR,ERR,ERR,ERR,ERR,ERR,ERR,ERR,ERR,ERR,ERR,ERR,ERR,ERR,ERR,ERR,ERR,ERR,ERR,ERR,ERR,ERR,ERR,ERR,ERR,ERR,ERR,ERR,ERR,ERR,ERR,ERR,ERR,ERR,ERR,ERR,ERR,ERR,ERR,ERR,ERR,ERR,ERR,ERR,ERR,ERR,ERR,ERR,ERR,ERR,ERR,ERR,ERR,ERR,ERR,ERR,ERR,ERR,ERR,ERR,ERR,34.0,80.0,35,0.0,0.0,0.0,0.0,0.0,0.0,0.0,0.0,0.0,0.0,0.0,0.0,0.0,0.0,0.0,0.0,66.0,0,121,58,54,65476,0,300,0,0,8,20529,65476,0,0,57672,80.0,0.0,0.0,0.0,0.0,0.0
2026-06-18T02:10:37,ERR,ERR,ERR,ERR,ERR,ERR,ERR,ERR,ERR,ERR,ERR,ERR,ERR,ERR,ERR,ERR,ERR,ERR,ERR,ERR,ERR,ERR,ERR,ERR,ERR,ERR,ERR,ERR,ERR,ERR,ERR,ERR,ERR,ERR,ERR,ERR,ERR,ERR,ERR,ERR,ERR,ERR,ERR,ERR,ERR,ERR,ERR,ERR,ERR,ERR,ERR,ERR,ERR,ERR,ERR,ERR,ERR,ERR,ERR,ERR,ERR,ERR,ERR,ERR,ERR,ERR,ERR,ERR,ERR,ERR,ERR,ERR,ERR,ERR,ERR,ERR,ERR,ERR,ERR,ERR,ERR,ERR,ERR,ERR,ERR,ERR,ERR,ERR,ERR,ERR,ERR,ERR,ERR,ERR,ERR,ERR,ERR,ERR,ERR,ERR,ERR,ERR,ERR,ERR,ERR,ERR,ERR,ERR,ERR,ERR,ERR,ERR,ERR,ERR,ERR,ERR,ERR,ERR,ERR,ERR,ERR,ERR,ERR,ERR,ERR,-0.0,-107615392.0,-134999232.0,0.059,0.0,1.3936040501711995e+18,7.805,234.267,0,0,4,48867,6720,14723890282496.0,100,0.0,0.0,0.0,-152005385388032.0,0.0,0,0,0,0,0.0,0,0,0,0,0,0,0,0,0,0,0,0,0,0,0,0,0,0,0,0,0,0,0,0,0,0,0,0,0,0,0,0,0,26,51,50,76,65476,0,300,0,0,8,21553,0.0,-107605600.0,0.0,0.0,0.0,0.0,0.0,0.0,0.0,0.0,0.0,0.0,0.0,0.0,0.0,0.0,0.0,0.0,0.0,0.0,0.0,0.0,0.0,0.0,2.004,-2.004,0.0,0.0,0.0,0.0,4713.0,-1.5879276530623424e+29,7326.0,-0.0,-107615392.0,0.0,2.7184312818759872e+23,0.0,0.0,0.0,0.0,77,-126841126912.0,1.9056840329815654e+17,0.0,0.0,0.0,0.0,0.0,0.0,0.0,0,0,0,0.0,0.0,0.0,0.0,0.0,0.0,0.0,0.0,0.0,0.0,0.0,0.0,0.0,0.0,0.0,0.0,0,-107875648.0,77,0.0,154,0.0,0.0,ERR,ERR,ERR,ERR,ERR,ERR,ERR,ERR,ERR,ERR,ERR,ERR,ERR,ERR,ERR,ERR,ERR,ERR,ERR,ERR,ERR,ERR,ERR,ERR,ERR,ERR,ERR,ERR,ERR,ERR,ERR,ERR,ERR,ERR,ERR,ERR,ERR,ERR,ERR,ERR,ERR,ERR,ERR,ERR,ERR,ERR,ERR,ERR,ERR,ERR,ERR,ERR,ERR,ERR,ERR,ERR,ERR,ERR,ERR,ERR,ERR,ERR,ERR,ERR,ERR,ERR,ERR,34.0,80.0,35,0.0,0.0,0.0,0.0,0.0,0.0,0.0,0.0,0.0,0.0,0.0,0.0,0.0,0.0,0.0,0.0,66.0,0,121,58,54,65476,0,300,0,0,8,20529,65476,0,0,57672,80.0,0.0,0.0,0.0,0.0,0.0
2026-06-18T02:10:38,ERR,ERR,ERR,ERR,ERR,ERR,ERR,ERR,ERR,ERR,ERR,ERR,ERR,ERR,ERR,ERR,ERR,ERR,ERR,ERR,ERR,ERR,ERR,ERR,ERR,ERR,ERR,ERR,ERR,ERR,ERR,ERR,ERR,ERR,ERR,ERR,ERR,ERR,ERR,ERR,ERR,ERR,ERR,ERR,ERR,ERR,ERR,ERR,ERR,ERR,ERR,ERR,ERR,ERR,ERR,ERR,ERR,ERR,ERR,ERR,ERR,ERR,ERR,ERR,ERR,ERR,ERR,ERR,ERR,ERR,ERR,ERR,ERR,ERR,ERR,ERR,ERR,ERR,ERR,ERR,ERR,ERR,ERR,ERR,ERR,ERR,ERR,ERR,ERR,ERR,ERR,ERR,ERR,ERR,ERR,ERR,ERR,ERR,ERR,ERR,ERR,ERR,ERR,ERR,ERR,ERR,ERR,ERR,ERR,ERR,ERR,ERR,ERR,ERR,ERR,ERR,ERR,ERR,ERR,ERR,ERR,ERR,ERR,ERR,ERR,-0.0,-107615392.0,-134999232.0,-0.0,0.0,1.3936040501711995e+18,7.805,11082173251584.0,0,0,4,48869,6720,14723890282496.0,100,0.0,0.0,0.0,-0.0,0.0,0,0,0,0,0.0,0,0,0,0,0,0,0,0,0,0,0,0,0,0,0,0,0,0,0,0,0,0,0,0,0,0,0,0,0,0,0,0,0,26,51,50,76,65476,0,300,0,0,8,21553,0.0,-107605600.0,0.0,0.0,0.0,0.0,0.0,0.0,0.0,0.0,0.0,0.0,0.0,0.0,0.0,0.0,0.0,0.0,0.0,0.0,0.0,0.0,0.0,0.0,2.004,-2.004,0.0,0.0,0.0,0.0,4745.0,0.0,7297.0,-0.0,-107615392.0,0.0,2.7184312818759872e+23,0.0,0.0,0.0,0.0,77,-126841126912.0,5.848051325610453e+35,0.0,0.0,0.0,0.0,0.0,0.0,0.0,0,0,0,0.0,0.0,0.0,0.0,0.0,0.0,0.0,0.0,0.0,0.0,0.0,0.0,0.0,0.0,0.0,0.0,0,-107875648.0,77,0.0,154,0.0,0.0,ERR,ERR,ERR,ERR,ERR,ERR,ERR,ERR,ERR,ERR,ERR,ERR,ERR,ERR,ERR,ERR,ERR,ERR,ERR,ERR,ERR,ERR,ERR,ERR,ERR,ERR,ERR,ERR,ERR,ERR,ERR,ERR,ERR,ERR,ERR,ERR,ERR,ERR,ERR,ERR,ERR,ERR,ERR,ERR,ERR,ERR,ERR,ERR,ERR,ERR,ERR,ERR,ERR,ERR,ERR,ERR,ERR,ERR,ERR,ERR,ERR,ERR,ERR,ERR,ERR,ERR,ERR,34.0,80.0,35,0.0,0.0,0.0,0.0,0.0,0.0,0.0,0.0,0.0,0.0,0.0,0.0,0.0,0.0,0.0,0.0,66.0,0,121,58,54,65476,0,300,0,0,8,20529,65476,0,0,57672,80.0,0.0,0.0,0.0,0.0,0.0
2026-06-18T02:10:39,ERR,ERR,ERR,ERR,ERR,ERR,ERR,ERR,ERR,ERR,ERR,ERR,ERR,ERR,ERR,ERR,ERR,ERR,ERR,ERR,ERR,ERR,ERR,ERR,ERR,ERR,ERR,ERR,ERR,ERR,ERR,ERR,ERR,ERR,ERR,ERR,ERR,ERR,ERR,ERR,ERR,ERR,ERR,ERR,ERR,ERR,ERR,ERR,ERR,ERR,ERR,ERR,ERR,ERR,ERR,ERR,ERR,ERR,ERR,ERR,ERR,ERR,ERR,ERR,ERR,ERR,ERR,ERR,ERR,ERR,ERR,ERR,ERR,ERR,ERR,ERR,ERR,ERR,ERR,ERR,ERR,ERR,ERR,ERR,ERR,ERR,ERR,ERR,ERR,ERR,ERR,ERR,ERR,ERR,ERR,ERR,ERR,ERR,ERR,ERR,ERR,ERR,ERR,ERR,ERR,ERR,ERR,ERR,ERR,ERR,ERR,ERR,ERR,ERR,ERR,ERR,ERR,ERR,ERR,ERR,ERR,ERR,ERR,ERR,ERR,-0.0,-107615392.0,-134999232.0,-0.0,0.0,1.3936040501711995e+18,7.805,11082173251584.0,0,0,4,48869,6720,14723890282496.0,100,0.0,0.0,0.0,-0.0,0.0,0,0,0,0,0.0,0,0,0,0,0,0,0,0,0,0,0,0,0,0,0,0,0,0,0,0,0,0,0,0,0,0,0,0,0,0,0,0,0,26,51,50,76,65476,0,300,0,0,8,21553,0.0,-107605600.0,0.0,0.0,0.0,0.0,0.0,0.0,0.0,0.0,0.0,0.0,0.0,0.0,0.0,0.0,0.0,0.0,0.0,0.0,0.0,0.0,0.0,0.0,2.004,-2.004,0.0,0.0,0.0,0.0,4745.0,0.0,7297.0,-0.0,-107615392.0,0.0,2.7184312818759872e+23,0.0,0.0,0.0,0.0,77,-126841126912.0,5.848051325610453e+35,0.0,0.0,0.0,0.0,0.0,0.0,0.0,0,0,0,0.0,0.0,0.0,0.0,0.0,0.0,0.0,0.0,0.0,0.0,0.0,0.0,0.0,0.0,0.0,0.0,0,-107875648.0,77,0.0,154,0.0,0.0,ERR,ERR,ERR,ERR,ERR,ERR,ERR,ERR,ERR,ERR,ERR,ERR,ERR,ERR,ERR,ERR,ERR,ERR,ERR,ERR,ERR,ERR,ERR,ERR,ERR,ERR,ERR,ERR,ERR,ERR,ERR,ERR,ERR,ERR,ERR,ERR,ERR,ERR,ERR,ERR,ERR,ERR,ERR,ERR,ERR,ERR,ERR,ERR,ERR,ERR,ERR,ERR,ERR,ERR,ERR,ERR,ERR,ERR,ERR,ERR,ERR,ERR,ERR,ERR,ERR,ERR,ERR,34.0,80.0,35,0.0,0.0,0.0,0.0,0.0,0.0,0.0,0.0,0.0,0.0,0.0,0.0,0.0,0.0,0.0,0.0,66.4,0,121,58,54,65476,0,300,0,0,8,20529,65476,0,0,57672,80.0,0.0,0.0,0.0,0.0,0.0
2026-06-18T02:10:40,ERR,ERR,ERR,ERR,ERR,ERR,ERR,ERR,ERR,ERR,ERR,ERR,ERR,ERR,ERR,ERR,ERR,ERR,ERR,ERR,ERR,ERR,ERR,ERR,ERR,ERR,ERR,ERR,ERR,ERR,ERR,ERR,ERR,ERR,ERR,ERR,ERR,ERR,ERR,ERR,ERR,ERR,ERR,ERR,ERR,ERR,ERR,ERR,ERR,ERR,ERR,ERR,ERR,ERR,ERR,ERR,ERR,ERR,ERR,ERR,ERR,ERR,ERR,ERR,ERR,ERR,ERR,ERR,ERR,ERR,ERR,ERR,ERR,ERR,ERR,ERR,ERR,ERR,ERR,ERR,ERR,ERR,ERR,ERR,ERR,ERR,ERR,ERR,ERR,ERR,ERR,ERR,ERR,ERR,ERR,ERR,ERR,ERR,ERR,ERR,ERR,ERR,ERR,ERR,ERR,ERR,ERR,ERR,ERR,ERR,ERR,ERR,ERR,ERR,ERR,ERR,ERR,ERR,ERR,ERR,ERR,ERR,ERR,ERR,ERR,-0.0,-107615392.0,-134999232.0,-0.0,0.0,1.3936040501711995e+18,7.805,11082173251584.0,0,0,4,48869,6720,14723890282496.0,100,0.0,0.0,0.0,-0.0,0.0,0,0,0,0,0.0,0,0,0,0,0,0,0,0,0,0,0,0,0,0,0,0,0,0,0,0,0,0,0,0,0,0,0,0,0,0,0,0,0,26,51,50,76,65476,0,300,0,0,8,21553,0.0,-107605600.0,0.0,0.0,0.0,0.0,0.0,0.0,0.0,0.0,0.0,0.0,0.0,0.0,0.0,0.0,0.0,0.0,0.0,0.0,0.0,0.0,0.0,0.0,2.004,-2.004,0.0,0.0,0.0,0.0,4745.0,0.0,7297.0,-0.0,-107615392.0,0.0,2.7184312818759872e+23,0.0,0.0,0.0,0.0,77,-126841126912.0,5.848051325610453e+35,0.0,0.0,0.0,0.0,0.0,0.0,0.0,0,0,0,0.0,0.0,0.0,0.0,0.0,0.0,0.0,0.0,0.0,0.0,0.0,0.0,0.0,0.0,0.0,0.0,0,-107875648.0,77,0.0,154,0.0,0.0,ERR,ERR,ERR,ERR,ERR,ERR,ERR,ERR,ERR,ERR,ERR,ERR,ERR,ERR,ERR,ERR,ERR,ERR,ERR,ERR,ERR,ERR,ERR,ERR,ERR,ERR,ERR,ERR,ERR,ERR,ERR,ERR,ERR,ERR,ERR,ERR,ERR,ERR,ERR,ERR,ERR,ERR,ERR,ERR,ERR,ERR,ERR,ERR,ERR,ERR,ERR,ERR,ERR,ERR,ERR,ERR,ERR,ERR,ERR,ERR,ERR,ERR,ERR,ERR,ERR,ERR,ERR,34.0,80.0,35,0.0,0.0,0.0,0.0,0.0,0.0,0.0,0.0,0.0,0.0,0.0,0.0,0.0,0.0,0.0,0.0,66.4,0,121,58,54,65476,0,300,0,0,8,20529,65476,0,0,57672,80.0,0.0,0.0,0.0,0.0,0.0
2026-06-18T02:10:41,ERR,ERR,ERR,ERR,ERR,ERR,ERR,ERR,ERR,ERR,ERR,ERR,ERR,ERR,ERR,ERR,ERR,ERR,ERR,ERR,ERR,ERR,ERR,ERR,ERR,ERR,ERR,ERR,ERR,ERR,ERR,ERR,ERR,ERR,ERR,ERR,ERR,ERR,ERR,ERR,ERR,ERR,ERR,ERR,ERR,ERR,ERR,ERR,ERR,ERR,ERR,ERR,ERR,ERR,ERR,ERR,ERR,ERR,ERR,ERR,ERR,ERR,ERR,ERR,ERR,ERR,ERR,ERR,ERR,ERR,ERR,ERR,ERR,ERR,ERR,ERR,ERR,ERR,ERR,ERR,ERR,ERR,ERR,ERR,ERR,ERR,ERR,ERR,ERR,ERR,ERR,ERR,ERR,ERR,ERR,ERR,ERR,ERR,ERR,ERR,ERR,ERR,ERR,ERR,ERR,ERR,ERR,ERR,ERR,ERR,ERR,ERR,ERR,ERR,ERR,ERR,ERR,ERR,ERR,ERR,ERR,ERR,ERR,ERR,ERR,-0.0,-107615392.0,-134999232.0,-0.0,0.0,1.3936040501711995e+18,7.805,11082173251584.0,0,0,4,48869,6720,14723890282496.0,100,0.0,0.0,0.0,-0.0,0.0,0,0,0,0,0.0,0,0,0,0,0,0,0,0,0,0,0,0,0,0,0,0,0,0,0,0,0,0,0,0,0,0,0,0,0,0,0,0,0,26,51,50,76,65476,0,300,0,0,8,21553,0.0,-107605600.0,0.0,0.0,0.0,0.0,0.0,0.0,0.0,0.0,0.0,0.0,0.0,0.0,0.0,0.0,0.0,0.0,0.0,0.0,0.0,0.0,0.0,0.0,2.004,-2.004,0.0,0.0,0.0,0.0,4745.0,0.0,7297.0,-0.0,-107615392.0,0.0,2.7184312818759872e+23,0.0,0.0,0.0,0.0,77,-126841126912.0,5.848051325610453e+35,0.0,0.0,0.0,0.0,0.0,0.0,0.0,0,0,0,0.0,0.0,0.0,0.0,0.0,0.0,0.0,0.0,0.0,0.0,0.0,0.0,0.0,0.0,0.0,0.0,0,-107875648.0,77,0.0,154,0.0,0.0,ERR,ERR,ERR,ERR,ERR,ERR,ERR,ERR,ERR,ERR,ERR,ERR,ERR,ERR,ERR,ERR,ERR,ERR,ERR,ERR,ERR,ERR,ERR,ERR,ERR,ERR,ERR,ERR,ERR,ERR,ERR,ERR,ERR,ERR,ERR,ERR,ERR,ERR,ERR,ERR,ERR,ERR,ERR,ERR,ERR,ERR,ERR,ERR,ERR,ERR,ERR,ERR,ERR,ERR,ERR,ERR,ERR,ERR,ERR,ERR,ERR,ERR,ERR,ERR,ERR,ERR,ERR,34.0,80.0,35,0.0,0.0,0.0,0.0,0.0,0.0,0.0,0.0,0.0,0.0,0.0,0.0,0.0,0.0,0.0,0.0,66.4,0,121,58,54,65476,0,300,0,0,8,20529,65476,0,0,57672,80.0,0.0,0.0,0.0,0.0,0.0
2026-06-18T02:10:42,ERR,ERR,ERR,ERR,ERR,ERR,ERR,ERR,ERR,ERR,ERR,ERR,ERR,ERR,ERR,ERR,ERR,ERR,ERR,ERR,ERR,ERR,ERR,ERR,ERR,ERR,ERR,ERR,ERR,ERR,ERR,ERR,ERR,ERR,ERR,ERR,ERR,ERR,ERR,ERR,ERR,ERR,ERR,ERR,ERR,ERR,ERR,ERR,ERR,ERR,ERR,ERR,ERR,ERR,ERR,ERR,ERR,ERR,ERR,ERR,ERR,ERR,ERR,ERR,ERR,ERR,ERR,ERR,ERR,ERR,ERR,ERR,ERR,ERR,ERR,ERR,ERR,ERR,ERR,ERR,ERR,ERR,ERR,ERR,ERR,ERR,ERR,ERR,ERR,ERR,ERR,ERR,ERR,ERR,ERR,ERR,ERR,ERR,ERR,ERR,ERR,ERR,ERR,ERR,ERR,ERR,ERR,ERR,ERR,ERR,ERR,ERR,ERR,ERR,ERR,ERR,ERR,ERR,ERR,ERR,ERR,ERR,ERR,ERR,ERR,-0.0,-107615392.0,-134999232.0,-0.0,0.0,1.3936040501711995e+18,7.805,11082173251584.0,0,0,4,48869,6720,14723890282496.0,100,0.0,0.0,0.0,-0.0,0.0,0,0,0,0,0.0,0,0,0,0,0,0,0,0,0,0,0,0,0,0,0,0,0,0,0,0,0,0,0,0,0,0,0,0,0,0,0,0,0,26,51,50,76,65476,0,300,0,0,8,21553,0.0,-107605600.0,0.0,0.0,0.0,0.0,0.0,0.0,0.0,0.0,0.0,0.0,0.0,0.0,0.0,0.0,0.0,0.0,0.0,0.0,0.0,0.0,0.0,0.0,2.004,-2.004,0.0,0.0,0.0,0.0,4745.0,0.0,7297.0,-0.0,-107615392.0,0.0,2.7184312818759872e+23,0.0,0.0,0.0,0.0,77,-126841126912.0,5.848051325610453e+35,0.0,0.0,0.0,0.0,0.0,0.0,0.0,0,0,0,0.0,0.0,0.0,0.0,0.0,0.0,0.0,0.0,0.0,0.0,0.0,0.0,0.0,0.0,0.0,0.0,0,-107875648.0,77,0.0,154,0.0,0.0,ERR,ERR,ERR,ERR,ERR,ERR,ERR,ERR,ERR,ERR,ERR,ERR,ERR,ERR,ERR,ERR,ERR,ERR,ERR,ERR,ERR,ERR,ERR,ERR,ERR,ERR,ERR,ERR,ERR,ERR,ERR,ERR,ERR,ERR,ERR,ERR,ERR,ERR,ERR,ERR,ERR,ERR,ERR,ERR,ERR,ERR,ERR,ERR,ERR,ERR,ERR,ERR,ERR,ERR,ERR,ERR,ERR,ERR,ERR,ERR,ERR,ERR,ERR,ERR,ERR,ERR,ERR,34.0,80.0,35,0.0,0.0,0.0,0.0,0.0,0.0,0.0,0.0,0.0,0.0,0.0,0.0,0.0,0.0,0.0,0.0,66.4,0,121,58,54,65476,0,300,0,0,8,20529,65476,0,0,57672,80.0,0.0,0.0,0.0,0.0,0.0
2026-06-18T02:10:43,ERR,ERR,ERR,ERR,ERR,ERR,ERR,ERR,ERR,ERR,ERR,ERR,ERR,ERR,ERR,ERR,ERR,ERR,ERR,ERR,ERR,ERR,ERR,ERR,ERR,ERR,ERR,ERR,ERR,ERR,ERR,ERR,ERR,ERR,ERR,ERR,ERR,ERR,ERR,ERR,ERR,ERR,ERR,ERR,ERR,ERR,ERR,ERR,ERR,ERR,ERR,ERR,ERR,ERR,ERR,ERR,ERR,ERR,ERR,ERR,ERR,ERR,ERR,ERR,ERR,ERR,ERR,ERR,ERR,ERR,ERR,ERR,ERR,ERR,ERR,ERR,ERR,ERR,ERR,ERR,ERR,ERR,ERR,ERR,ERR,ERR,ERR,ERR,ERR,ERR,ERR,ERR,ERR,ERR,ERR,ERR,ERR,ERR,ERR,ERR,ERR,ERR,ERR,ERR,ERR,ERR,ERR,ERR,ERR,ERR,ERR,ERR,ERR,ERR,ERR,ERR,ERR,ERR,ERR,ERR,ERR,ERR,ERR,ERR,ERR,-0.0,-107615392.0,-134999232.0,2.718290229135658e+23,0.0,1.3936040501711995e+18,7.805,2.2722174697351414e+18,0,0,4,48859,6720,14723890282496.0,100,0.0,0.0,0.0,2.718290229135658e+23,0.0,0,0,0,0,0.0,0,0,0,0,0,0,0,0,0,0,0,0,0,0,0,0,0,0,0,0,0,0,0,0,0,0,0,0,0,0,0,0,0,26,51,50,76,65476,0,300,0,0,8,21553,0.0,-107605600.0,0.0,0.0,0.0,0.0,0.0,0.0,0.0,0.0,0.0,0.0,0.0,0.0,0.0,0.0,0.0,0.0,0.0,0.0,0.0,0.0,0.0,0.0,2.004,-2.004,0.0,0.0,0.0,0.0,4745.0,0.0,7298.0,-0.0,-107615392.0,0.0,2.7184312818759872e+23,0.0,0.0,0.0,0.0,77,-126841126912.0,-0.0,0.0,0.0,0.0,0.0,0.0,0.0,0.0,0,0,0,0.0,0.0,0.0,0.0,0.0,0.0,0.0,0.0,0.0,0.0,0.0,0.0,0.0,0.0,0.0,0.0,0,-107875648.0,77,0.0,154,0.0,0.0,ERR,ERR,ERR,ERR,ERR,ERR,ERR,ERR,ERR,ERR,ERR,ERR,ERR,ERR,ERR,ERR,ERR,ERR,ERR,ERR,ERR,ERR,ERR,ERR,ERR,ERR,ERR,ERR,ERR,ERR,ERR,ERR,ERR,ERR,ERR,ERR,ERR,ERR,ERR,ERR,ERR,ERR,ERR,ERR,ERR,ERR,ERR,ERR,ERR,ERR,ERR,ERR,ERR,ERR,ERR,ERR,ERR,ERR,ERR,ERR,ERR,ERR,ERR,ERR,ERR,ERR,ERR,34.0,80.0,35,0.0,0.0,0.0,0.0,0.0,0.0,0.0,0.0,0.0,0.0,0.0,0.0,0.0,0.0,0.0,0.0,66.0,0,121,58,54,65476,0,300,0,0,8,20529,65476,0,0,57672,80.0,0.0,0.0,0.0,0.0,0.0
2026-06-18T02:10:44,ERR,ERR,ERR,ERR,ERR,ERR,ERR,ERR,ERR,ERR,ERR,ERR,ERR,ERR,ERR,ERR,ERR,ERR,ERR,ERR,ERR,ERR,ERR,ERR,ERR,ERR,ERR,ERR,ERR,ERR,ERR,ERR,ERR,ERR,ERR,ERR,ERR,ERR,ERR,ERR,ERR,ERR,ERR,ERR,ERR,ERR,ERR,ERR,ERR,ERR,ERR,ERR,ERR,ERR,ERR,ERR,ERR,ERR,ERR,ERR,ERR,ERR,ERR,ERR,ERR,ERR,ERR,ERR,ERR,ERR,ERR,ERR,ERR,ERR,ERR,ERR,ERR,ERR,ERR,ERR,ERR,ERR,ERR,ERR,ERR,ERR,ERR,ERR,ERR,ERR,ERR,ERR,ERR,ERR,ERR,ERR,ERR,ERR,ERR,ERR,ERR,ERR,ERR,ERR,ERR,ERR,ERR,ERR,ERR,ERR,ERR,ERR,ERR,ERR,ERR,ERR,ERR,ERR,ERR,ERR,ERR,ERR,ERR,ERR,ERR,-0.0,-107615392.0,-134999232.0,2.718290229135658e+23,0.0,1.3936040501711995e+18,7.805,2.2722174697351414e+18,0,0,4,48859,6720,14723890282496.0,100,0.0,0.0,0.0,2.718290229135658e+23,0.0,0,0,0,0,0.0,0,0,0,0,0,0,0,0,0,0,0,0,0,0,0,0,0,0,0,0,0,0,0,0,0,0,0,0,0,0,0,0,0,26,51,50,76,65476,0,300,0,0,8,21553,0.0,-107605600.0,0.0,0.0,0.0,0.0,0.0,0.0,0.0,0.0,0.0,0.0,0.0,0.0,0.0,0.0,0.0,0.0,0.0,0.0,0.0,0.0,0.0,0.0,2.004,-2.004,0.0,0.0,0.0,0.0,4745.0,0.0,7298.0,-0.0,-107615392.0,0.0,2.7184312818759872e+23,0.0,0.0,0.0,0.0,77,-126841126912.0,-0.0,0.0,0.0,0.0,0.0,0.0,0.0,0.0,0,0,0,0.0,0.0,0.0,0.0,0.0,0.0,0.0,0.0,0.0,0.0,0.0,0.0,0.0,0.0,0.0,0.0,0,-107875648.0,77,0.0,154,0.0,0.0,ERR,ERR,ERR,ERR,ERR,ERR,ERR,ERR,ERR,ERR,ERR,ERR,ERR,ERR,ERR,ERR,ERR,ERR,ERR,ERR,ERR,ERR,ERR,ERR,ERR,ERR,ERR,ERR,ERR,ERR,ERR,ERR,ERR,ERR,ERR,ERR,ERR,ERR,ERR,ERR,ERR,ERR,ERR,ERR,ERR,ERR,ERR,ERR,ERR,ERR,ERR,ERR,ERR,ERR,ERR,ERR,ERR,ERR,ERR,ERR,ERR,ERR,ERR,ERR,ERR,ERR,ERR,34.0,80.0,35,0.0,0.0,0.0,0.0,0.0,0.0,0.0,0.0,0.0,0.0,0.0,0.0,0.0,0.0,0.0,0.0,66.4,0,121,58,54,65476,0,300,0,0,8,20529,65476,0,0,57672,80.0,0.0,0.0,0.0,0.0,0.0
2026-06-18T02:10:45,ERR,ERR,ERR,ERR,ERR,ERR,ERR,ERR,ERR,ERR,ERR,ERR,ERR,ERR,ERR,ERR,ERR,ERR,ERR,ERR,ERR,ERR,ERR,ERR,ERR,ERR,ERR,ERR,ERR,ERR,ERR,ERR,ERR,ERR,ERR,ERR,ERR,ERR,ERR,ERR,ERR,ERR,ERR,ERR,ERR,ERR,ERR,ERR,ERR,ERR,ERR,ERR,ERR,ERR,ERR,ERR,ERR,ERR,ERR,ERR,ERR,ERR,ERR,ERR,ERR,ERR,ERR,ERR,ERR,ERR,ERR,ERR,ERR,ERR,ERR,ERR,ERR,ERR,ERR,ERR,ERR,ERR,ERR,ERR,ERR,ERR,ERR,ERR,ERR,ERR,ERR,ERR,ERR,ERR,ERR,ERR,ERR,ERR,ERR,ERR,ERR,ERR,ERR,ERR,ERR,ERR,ERR,ERR,ERR,ERR,ERR,ERR,ERR,ERR,ERR,ERR,ERR,ERR,ERR,ERR,ERR,ERR,ERR,ERR,ERR,-0.0,-107615392.0,-134999232.0,2.718290229135658e+23,0.0,1.3936040501711995e+18,7.805,2.2722174697351414e+18,0,0,4,48859,6720,14723890282496.0,100,0.0,0.0,0.0,2.718290229135658e+23,0.0,0,0,0,0,0.0,0,0,0,0,0,0,0,0,0,0,0,0,0,0,0,0,0,0,0,0,0,0,0,0,0,0,0,0,0,0,0,0,0,26,51,50,76,65476,0,300,0,0,8,21553,0.0,-107605600.0,0.0,0.0,0.0,0.0,0.0,0.0,0.0,0.0,0.0,0.0,0.0,0.0,0.0,0.0,0.0,0.0,0.0,0.0,0.0,0.0,0.0,0.0,2.004,-2.004,0.0,0.0,0.0,0.0,4745.0,0.0,7298.0,-0.0,-107615392.0,0.0,2.7184312818759872e+23,0.0,0.0,0.0,0.0,77,-126841126912.0,-0.0,0.0,0.0,0.0,0.0,0.0,0.0,0.0,0,0,0,0.0,0.0,0.0,0.0,0.0,0.0,0.0,0.0,0.0,0.0,0.0,0.0,0.0,0.0,0.0,0.0,0,-107875648.0,77,0.0,154,0.0,0.0,ERR,ERR,ERR,ERR,ERR,ERR,ERR,ERR,ERR,ERR,ERR,ERR,ERR,ERR,ERR,ERR,ERR,ERR,ERR,ERR,ERR,ERR,ERR,ERR,ERR,ERR,ERR,ERR,ERR,ERR,ERR,ERR,ERR,ERR,ERR,ERR,ERR,ERR,ERR,ERR,ERR,ERR,ERR,ERR,ERR,ERR,ERR,ERR,ERR,ERR,ERR,ERR,ERR,ERR,ERR,ERR,ERR,ERR,ERR,ERR,ERR,ERR,ERR,ERR,ERR,ERR,ERR,34.0,80.0,35,0.0,0.0,0.0,0.0,0.0,0.0,0.0,0.0,0.0,0.0,0.0,0.0,0.0,0.0,0.0,0.0,66.4,0,121,58,54,65476,0,300,0,0,8,20529,65476,0,0,57672,80.0,0.0,0.0,0.0,0.0,0.0
2026-06-18T02:10:46,ERR,ERR,ERR,ERR,ERR,ERR,ERR,ERR,ERR,ERR,ERR,ERR,ERR,ERR,ERR,ERR,ERR,ERR,ERR,ERR,ERR,ERR,ERR,ERR,ERR,ERR,ERR,ERR,ERR,ERR,ERR,ERR,ERR,ERR,ERR,ERR,ERR,ERR,ERR,ERR,ERR,ERR,ERR,ERR,ERR,ERR,ERR,ERR,ERR,ERR,ERR,ERR,ERR,ERR,ERR,ERR,ERR,ERR,ERR,ERR,ERR,ERR,ERR,ERR,ERR,ERR,ERR,ERR,ERR,ERR,ERR,ERR,ERR,ERR,ERR,ERR,ERR,ERR,ERR,ERR,ERR,ERR,ERR,ERR,ERR,ERR,ERR,ERR,ERR,ERR,ERR,ERR,ERR,ERR,ERR,ERR,ERR,ERR,ERR,ERR,ERR,ERR,ERR,ERR,ERR,ERR,ERR,ERR,ERR,ERR,ERR,ERR,ERR,ERR,ERR,ERR,ERR,ERR,ERR,ERR,ERR,ERR,ERR,ERR,ERR,-0.0,-107615392.0,-134999232.0,2.718290229135658e+23,0.0,1.3936040501711995e+18,7.805,2.2722174697351414e+18,0,0,4,48859,6720,14723890282496.0,100,0.0,0.0,0.0,2.718290229135658e+23,0.0,0,0,0,0,0.0,0,0,0,0,0,0,0,0,0,0,0,0,0,0,0,0,0,0,0,0,0,0,0,0,0,0,0,0,0,0,0,0,0,26,51,50,76,65476,0,300,0,0,8,21553,0.0,-107605600.0,0.0,0.0,0.0,0.0,0.0,0.0,0.0,0.0,0.0,0.0,0.0,0.0,0.0,0.0,0.0,0.0,0.0,0.0,0.0,0.0,0.0,0.0,2.004,-2.004,0.0,0.0,0.0,0.0,4745.0,0.0,7298.0,-0.0,-107615392.0,0.0,2.7184312818759872e+23,0.0,0.0,0.0,0.0,77,-126841126912.0,-0.0,0.0,0.0,0.0,0.0,0.0,0.0,0.0,0,0,0,0.0,0.0,0.0,0.0,0.0,0.0,0.0,0.0,0.0,0.0,0.0,0.0,0.0,0.0,0.0,0.0,0,-107875648.0,77,0.0,154,0.0,0.0,ERR,ERR,ERR,ERR,ERR,ERR,ERR,ERR,ERR,ERR,ERR,ERR,ERR,ERR,ERR,ERR,ERR,ERR,ERR,ERR,ERR,ERR,ERR,ERR,ERR,ERR,ERR,ERR,ERR,ERR,ERR,ERR,ERR,ERR,ERR,ERR,ERR,ERR,ERR,ERR,ERR,ERR,ERR,ERR,ERR,ERR,ERR,ERR,ERR,ERR,ERR,ERR,ERR,ERR,ERR,ERR,ERR,ERR,ERR,ERR,ERR,ERR,ERR,ERR,ERR,ERR,ERR,34.0,80.0,35,0.0,0.0,0.0,0.0,0.0,0.0,0.0,0.0,0.0,0.0,0.0,0.0,0.0,0.0,0.0,0.0,66.0,0,120,58,54,65476,0,300,0,0,8,20529,65476,0,0,57672,80.0,0.0,0.0,0.0,0.0,0.0
2026-06-18T02:10:47,ERR,ERR,ERR,ERR,ERR,ERR,ERR,ERR,ERR,ERR,ERR,ERR,ERR,ERR,ERR,ERR,ERR,ERR,ERR,ERR,ERR,ERR,ERR,ERR,ERR,ERR,ERR,ERR,ERR,ERR,ERR,ERR,ERR,ERR,ERR,ERR,ERR,ERR,ERR,ERR,ERR,ERR,ERR,ERR,ERR,ERR,ERR,ERR,ERR,ERR,ERR,ERR,ERR,ERR,ERR,ERR,ERR,ERR,ERR,ERR,ERR,ERR,ERR,ERR,ERR,ERR,ERR,ERR,ERR,ERR,ERR,ERR,ERR,ERR,ERR,ERR,ERR,ERR,ERR,ERR,ERR,ERR,ERR,ERR,ERR,ERR,ERR,ERR,ERR,ERR,ERR,ERR,ERR,ERR,ERR,ERR,ERR,ERR,ERR,ERR,ERR,ERR,ERR,ERR,ERR,ERR,ERR,ERR,ERR,ERR,ERR,ERR,ERR,ERR,ERR,ERR,ERR,ERR,ERR,ERR,ERR,ERR,ERR,ERR,ERR,-0.0,-107615392.0,-134999232.0,2.718290229135658e+23,0.0,1.3936040501711995e+18,7.805,2.2722174697351414e+18,0,0,4,48859,6720,14723890282496.0,100,0.0,0.0,0.0,2.718290229135658e+23,0.0,0,0,0,0,0.0,0,0,0,0,0,0,0,0,0,0,0,0,0,0,0,0,0,0,0,0,0,0,0,0,0,0,0,0,0,0,0,0,0,26,51,50,76,65476,0,300,0,0,8,21553,0.0,-107605600.0,0.0,0.0,0.0,0.0,0.0,0.0,0.0,0.0,0.0,0.0,0.0,0.0,0.0,0.0,0.0,0.0,0.0,0.0,0.0,0.0,0.0,0.0,2.004,-2.004,0.0,0.0,0.0,0.0,4745.0,0.0,7298.0,-0.0,-107615392.0,0.0,2.7184312818759872e+23,0.0,0.0,0.0,0.0,77,-126841126912.0,-0.0,0.0,0.0,0.0,0.0,0.0,0.0,0.0,0,0,0,0.0,0.0,0.0,0.0,0.0,0.0,0.0,0.0,0.0,0.0,0.0,0.0,0.0,0.0,0.0,0.0,0,-107875648.0,77,0.0,154,0.0,0.0,ERR,ERR,ERR,ERR,ERR,ERR,ERR,ERR,ERR,ERR,ERR,ERR,ERR,ERR,ERR,ERR,ERR,ERR,ERR,ERR,ERR,ERR,ERR,ERR,ERR,ERR,ERR,ERR,ERR,ERR,ERR,ERR,ERR,ERR,ERR,ERR,ERR,ERR,ERR,ERR,ERR,ERR,ERR,ERR,ERR,ERR,ERR,ERR,ERR,ERR,ERR,ERR,ERR,ERR,ERR,ERR,ERR,ERR,ERR,ERR,ERR,ERR,ERR,ERR,ERR,ERR,ERR,34.0,80.0,35,0.0,0.0,0.0,0.0,0.0,0.0,0.0,0.0,0.0,0.0,0.0,0.0,0.0,0.0,0.0,0.0,66.0,0,120,58,54,65476,0,300,0,0,8,20529,65476,0,0,57672,80.0,0.0,0.0,0.0,0.0,0.0
2026-06-18T02:10:48,ERR,ERR,ERR,ERR,ERR,ERR,ERR,ERR,ERR,ERR,ERR,ERR,ERR,ERR,ERR,ERR,ERR,ERR,ERR,ERR,ERR,ERR,ERR,ERR,ERR,ERR,ERR,ERR,ERR,ERR,ERR,ERR,ERR,ERR,ERR,ERR,ERR,ERR,ERR,ERR,ERR,ERR,ERR,ERR,ERR,ERR,ERR,ERR,ERR,ERR,ERR,ERR,ERR,ERR,ERR,ERR,ERR,ERR,ERR,ERR,ERR,ERR,ERR,ERR,ERR,ERR,ERR,ERR,ERR,ERR,ERR,ERR,ERR,ERR,ERR,ERR,ERR,ERR,ERR,ERR,ERR,ERR,ERR,ERR,ERR,ERR,ERR,ERR,ERR,ERR,ERR,ERR,ERR,ERR,ERR,ERR,ERR,ERR,ERR,ERR,ERR,ERR,ERR,ERR,ERR,ERR,ERR,ERR,ERR,ERR,ERR,ERR,ERR,ERR,ERR,ERR,ERR,ERR,ERR,ERR,ERR,ERR,ERR,ERR,ERR,-0.0,-107615392.0,-134999232.0,-0.0,0.0,1.3936040501711995e+18,7.805,0.001,0,0,4,48861,6720,14723890282496.0,100,0.0,0.0,0.0,0.0,0.0,0,0,0,0,0.0,0,0,0,0,0,0,0,0,0,0,0,0,0,0,0,0,0,0,0,0,0,0,0,0,0,0,0,0,0,0,0,0,0,26,51,50,76,65476,0,300,0,0,8,21553,0.0,-107605600.0,0.0,0.0,0.0,0.0,0.0,0.0,0.0,0.0,0.0,0.0,0.0,0.0,0.0,0.0,0.0,0.0,0.0,0.0,0.0,0.0,0.0,0.0,2.004,-2.004,0.0,0.0,0.0,0.0,4747.0,2.004,7304.0,-0.0,-107615392.0,0.0,2.7184312818759872e+23,0.0,0.0,0.0,0.0,77,-1.905698292272988e+17,-71.629,0.0,0.0,0.0,0.0,0.0,0.0,0.0,0,0,0,0.0,0.0,0.0,0.0,0.0,0.0,0.0,0.0,0.0,0.0,0.0,0.0,0.0,0.0,0.0,0.0,0,-107875648.0,77,0.0,154,0.0,0.0,ERR,ERR,ERR,ERR,ERR,ERR,ERR,ERR,ERR,ERR,ERR,ERR,ERR,ERR,ERR,ERR,ERR,ERR,ERR,ERR,ERR,ERR,ERR,ERR,ERR,ERR,ERR,ERR,ERR,ERR,ERR,ERR,ERR,ERR,ERR,ERR,ERR,ERR,ERR,ERR,ERR,ERR,ERR,ERR,ERR,ERR,ERR,ERR,ERR,ERR,ERR,ERR,ERR,ERR,ERR,ERR,ERR,ERR,ERR,ERR,ERR,ERR,ERR,ERR,ERR,ERR,ERR,34.0,80.0,35,0.0,0.0,0.0,0.0,0.0,0.0,0.0,0.0,0.0,0.0,0.0,0.0,0.0,0.0,0.0,0.0,66.0,0,120,58,54,65476,0,300,0,0,8,20529,65476,0,0,57672,80.0,0.0,0.0,0.0,0.0,0.0
2026-06-18T02:10:49,ERR,ERR,ERR,ERR,ERR,ERR,ERR,ERR,ERR,ERR,ERR,ERR,ERR,ERR,ERR,ERR,ERR,ERR,ERR,ERR,ERR,ERR,ERR,ERR,ERR,ERR,ERR,ERR,ERR,ERR,ERR,ERR,ERR,ERR,ERR,ERR,ERR,ERR,ERR,ERR,ERR,ERR,ERR,ERR,ERR,ERR,ERR,ERR,ERR,ERR,ERR,ERR,ERR,ERR,ERR,ERR,ERR,ERR,ERR,ERR,ERR,ERR,ERR,ERR,ERR,ERR,ERR,ERR,ERR,ERR,ERR,ERR,ERR,ERR,ERR,ERR,ERR,ERR,ERR,ERR,ERR,ERR,ERR,ERR,ERR,ERR,ERR,ERR,ERR,ERR,ERR,ERR,ERR,ERR,ERR,ERR,ERR,ERR,ERR,ERR,ERR,ERR,ERR,ERR,ERR,ERR,ERR,ERR,ERR,ERR,ERR,ERR,ERR,ERR,ERR,ERR,ERR,ERR,ERR,ERR,ERR,ERR,ERR,ERR,ERR,-0.0,-107615392.0,-134999232.0,-0.0,0.0,1.3936040501711995e+18,7.805,0.001,0,0,4,48861,6720,14723890282496.0,100,0.0,0.0,0.0,0.0,0.0,0,0,0,0,0.0,0,0,0,0,0,0,0,0,0,0,0,0,0,0,0,0,0,0,0,0,0,0,0,0,0,0,0,0,0,0,0,0,0,26,51,50,76,65476,0,300,0,0,8,21553,0.0,-107605600.0,0.0,0.0,0.0,0.0,0.0,0.0,0.0,0.0,0.0,0.0,0.0,0.0,0.0,0.0,0.0,0.0,0.0,0.0,0.0,0.0,0.0,0.0,2.004,-2.004,0.0,0.0,0.0,0.0,4747.0,2.004,7304.0,-0.0,-107615392.0,0.0,2.7184312818759872e+23,0.0,0.0,0.0,0.0,77,-1.905698292272988e+17,-71.629,0.0,0.0,0.0,0.0,0.0,0.0,0.0,0,0,0,0.0,0.0,0.0,0.0,0.0,0.0,0.0,0.0,0.0,0.0,0.0,0.0,0.0,0.0,0.0,0.0,0,-107875648.0,77,0.0,154,0.0,0.0,ERR,ERR,ERR,ERR,ERR,ERR,ERR,ERR,ERR,ERR,ERR,ERR,ERR,ERR,ERR,ERR,ERR,ERR,ERR,ERR,ERR,ERR,ERR,ERR,ERR,ERR,ERR,ERR,ERR,ERR,ERR,ERR,ERR,ERR,ERR,ERR,ERR,ERR,ERR,ERR,ERR,ERR,ERR,ERR,ERR,ERR,ERR,ERR,ERR,ERR,ERR,ERR,ERR,ERR,ERR,ERR,ERR,ERR,ERR,ERR,ERR,ERR,ERR,ERR,ERR,ERR,ERR,34.0,80.0,35,0.0,0.0,0.0,0.0,0.0,0.0,0.0,0.0,0.0,0.0,0.0,0.0,0.0,0.0,0.0,0.0,66.0,0,120,58,54,65476,0,300,0,0,8,20529,65476,0,0,57672,80.0,0.0,0.0,0.0,0.0,0.0
2026-06-18T02:10:50,ERR,ERR,ERR,ERR,ERR,ERR,ERR,ERR,ERR,ERR,ERR,ERR,ERR,ERR,ERR,ERR,ERR,ERR,ERR,ERR,ERR,ERR,ERR,ERR,ERR,ERR,ERR,ERR,ERR,ERR,ERR,ERR,ERR,ERR,ERR,ERR,ERR,ERR,ERR,ERR,ERR,ERR,ERR,ERR,ERR,ERR,ERR,ERR,ERR,ERR,ERR,ERR,ERR,ERR,ERR,ERR,ERR,ERR,ERR,ERR,ERR,ERR,ERR,ERR,ERR,ERR,ERR,ERR,ERR,ERR,ERR,ERR,ERR,ERR,ERR,ERR,ERR,ERR,ERR,ERR,ERR,ERR,ERR,ERR,ERR,ERR,ERR,ERR,ERR,ERR,ERR,ERR,ERR,ERR,ERR,ERR,ERR,ERR,ERR,ERR,ERR,ERR,ERR,ERR,ERR,ERR,ERR,ERR,ERR,ERR,ERR,ERR,ERR,ERR,ERR,ERR,ERR,ERR,ERR,ERR,ERR,ERR,ERR,ERR,ERR,-0.0,-107615392.0,-134999232.0,-0.0,0.0,1.3936040501711995e+18,7.805,0.001,0,0,4,48861,6720,14723890282496.0,100,0.0,0.0,0.0,0.0,0.0,0,0,0,0,0.0,0,0,0,0,0,0,0,0,0,0,0,0,0,0,0,0,0,0,0,0,0,0,0,0,0,0,0,0,0,0,0,0,0,26,51,50,76,65476,0,300,0,0,8,21553,0.0,-107605600.0,0.0,0.0,0.0,0.0,0.0,0.0,0.0,0.0,0.0,0.0,0.0,0.0,0.0,0.0,0.0,0.0,0.0,0.0,0.0,0.0,0.0,0.0,2.004,-2.004,0.0,0.0,0.0,0.0,4747.0,2.004,7304.0,-0.0,-107615392.0,0.0,2.7184312818759872e+23,0.0,0.0,0.0,0.0,77,-1.905698292272988e+17,-71.629,0.0,0.0,0.0,0.0,0.0,0.0,0.0,0,0,0,0.0,0.0,0.0,0.0,0.0,0.0,0.0,0.0,0.0,0.0,0.0,0.0,0.0,0.0,0.0,0.0,0,-107875648.0,77,0.0,154,0.0,0.0,ERR,ERR,ERR,ERR,ERR,ERR,ERR,ERR,ERR,ERR,ERR,ERR,ERR,ERR,ERR,ERR,ERR,ERR,ERR,ERR,ERR,ERR,ERR,ERR,ERR,ERR,ERR,ERR,ERR,ERR,ERR,ERR,ERR,ERR,ERR,ERR,ERR,ERR,ERR,ERR,ERR,ERR,ERR,ERR,ERR,ERR,ERR,ERR,ERR,ERR,ERR,ERR,ERR,ERR,ERR,ERR,ERR,ERR,ERR,ERR,ERR,ERR,ERR,ERR,ERR,ERR,ERR,34.0,80.0,35,0.0,0.0,0.0,0.0,0.0,0.0,0.0,0.0,0.0,0.0,0.0,0.0,0.0,0.0,0.0,0.0,66.0,0,120,58,54,65476,0,300,0,0,8,20529,65476,0,0,57672,80.0,0.0,0.0,0.0,0.0,0.0
2026-06-18T02:10:51,ERR,ERR,ERR,ERR,ERR,ERR,ERR,ERR,ERR,ERR,ERR,ERR,ERR,ERR,ERR,ERR,ERR,ERR,ERR,ERR,ERR,ERR,ERR,ERR,ERR,ERR,ERR,ERR,ERR,ERR,ERR,ERR,ERR,ERR,ERR,ERR,ERR,ERR,ERR,ERR,ERR,ERR,ERR,ERR,ERR,ERR,ERR,ERR,ERR,ERR,ERR,ERR,ERR,ERR,ERR,ERR,ERR,ERR,ERR,ERR,ERR,ERR,ERR,ERR,ERR,ERR,ERR,ERR,ERR,ERR,ERR,ERR,ERR,ERR,ERR,ERR,ERR,ERR,ERR,ERR,ERR,ERR,ERR,ERR,ERR,ERR,ERR,ERR,ERR,ERR,ERR,ERR,ERR,ERR,ERR,ERR,ERR,ERR,ERR,ERR,ERR,ERR,ERR,ERR,ERR,ERR,ERR,ERR,ERR,ERR,ERR,ERR,ERR,ERR,ERR,ERR,ERR,ERR,ERR,ERR,ERR,ERR,ERR,ERR,ERR,-0.0,-107615392.0,-134999232.0,-0.0,0.0,1.3936040501711995e+18,7.805,0.001,0,0,4,48861,6720,14723890282496.0,100,0.0,0.0,0.0,0.0,0.0,0,0,0,0,0.0,0,0,0,0,0,0,0,0,0,0,0,0,0,0,0,0,0,0,0,0,0,0,0,0,0,0,0,0,0,0,0,0,0,26,51,50,76,65476,0,300,0,0,8,21553,0.0,-107605600.0,0.0,0.0,0.0,0.0,0.0,0.0,0.0,0.0,0.0,0.0,0.0,0.0,0.0,0.0,0.0,0.0,0.0,0.0,0.0,0.0,0.0,0.0,2.004,-2.004,0.0,0.0,0.0,0.0,4747.0,2.004,7304.0,-0.0,-107615392.0,0.0,2.7184312818759872e+23,0.0,0.0,0.0,0.0,77,-1.905698292272988e+17,-71.629,0.0,0.0,0.0,0.0,0.0,0.0,0.0,0,0,0,0.0,0.0,0.0,0.0,0.0,0.0,0.0,0.0,0.0,0.0,0.0,0.0,0.0,0.0,0.0,0.0,0,-107875648.0,77,0.0,154,0.0,0.0,ERR,ERR,ERR,ERR,ERR,ERR,ERR,ERR,ERR,ERR,ERR,ERR,ERR,ERR,ERR,ERR,ERR,ERR,ERR,ERR,ERR,ERR,ERR,ERR,ERR,ERR,ERR,ERR,ERR,ERR,ERR,ERR,ERR,ERR,ERR,ERR,ERR,ERR,ERR,ERR,ERR,ERR,ERR,ERR,ERR,ERR,ERR,ERR,ERR,ERR,ERR,ERR,ERR,ERR,ERR,ERR,ERR,ERR,ERR,ERR,ERR,ERR,ERR,ERR,ERR,ERR,ERR,34.0,80.0,35,0.0,0.0,0.0,0.0,0.0,0.0,0.0,0.0,0.0,0.0,0.0,0.0,0.0,0.0,0.0,0.0,66.0,0,120,58,54,65476,0,300,0,0,8,20529,65476,0,0,57672,80.0,0.0,0.0,0.0,0.0,0.0
2026-06-18T02:10:52,ERR,ERR,ERR,ERR,ERR,ERR,ERR,ERR,ERR,ERR,ERR,ERR,ERR,ERR,ERR,ERR,ERR,ERR,ERR,ERR,ERR,ERR,ERR,ERR,ERR,ERR,ERR,ERR,ERR,ERR,ERR,ERR,ERR,ERR,ERR,ERR,ERR,ERR,ERR,ERR,ERR,ERR,ERR,ERR,ERR,ERR,ERR,ERR,ERR,ERR,ERR,ERR,ERR,ERR,ERR,ERR,ERR,ERR,ERR,ERR,ERR,ERR,ERR,ERR,ERR,ERR,ERR,ERR,ERR,ERR,ERR,ERR,ERR,ERR,ERR,ERR,ERR,ERR,ERR,ERR,ERR,ERR,ERR,ERR,ERR,ERR,ERR,ERR,ERR,ERR,ERR,ERR,ERR,ERR,ERR,ERR,ERR,ERR,ERR,ERR,ERR,ERR,ERR,ERR,ERR,ERR,ERR,ERR,ERR,ERR,ERR,ERR,ERR,ERR,ERR,ERR,ERR,ERR,ERR,ERR,ERR,ERR,ERR,ERR,ERR,-0.0,-107615392.0,-134999232.0,-0.0,0.0,1.3936040501711995e+18,7.805,0.001,0,0,4,48861,6720,14723890282496.0,100,0.0,0.0,0.0,0.0,0.0,0,0,0,0,0.0,0,0,0,0,0,0,0,0,0,0,0,0,0,0,0,0,0,0,0,0,0,0,0,0,0,0,0,0,0,0,0,0,0,26,51,50,76,65476,0,300,0,0,8,21553,0.0,-107605600.0,0.0,0.0,0.0,0.0,0.0,0.0,0.0,0.0,0.0,0.0,0.0,0.0,0.0,0.0,0.0,0.0,0.0,0.0,0.0,0.0,0.0,0.0,2.004,-2.004,0.0,0.0,0.0,0.0,4747.0,2.004,7304.0,-0.0,-107615392.0,0.0,2.7184312818759872e+23,0.0,0.0,0.0,0.0,77,-1.905698292272988e+17,-71.629,0.0,0.0,0.0,0.0,0.0,0.0,0.0,0,0,0,0.0,0.0,0.0,0.0,0.0,0.0,0.0,0.0,0.0,0.0,0.0,0.0,0.0,0.0,0.0,0.0,0,-107875648.0,77,0.0,154,0.0,0.0,ERR,ERR,ERR,ERR,ERR,ERR,ERR,ERR,ERR,ERR,ERR,ERR,ERR,ERR,ERR,ERR,ERR,ERR,ERR,ERR,ERR,ERR,ERR,ERR,ERR,ERR,ERR,ERR,ERR,ERR,ERR,ERR,ERR,ERR,ERR,ERR,ERR,ERR,ERR,ERR,ERR,ERR,ERR,ERR,ERR,ERR,ERR,ERR,ERR,ERR,ERR,ERR,ERR,ERR,ERR,ERR,ERR,ERR,ERR,ERR,ERR,ERR,ERR,ERR,ERR,ERR,ERR,34.0,80.0,35,0.0,0.0,0.0,0.0,0.0,0.0,0.0,0.0,0.0,0.0,0.0,0.0,0.0,0.0,0.0,0.0,66.0,0,120,58,54,65476,0,300,0,0,8,20529,65476,0,0,57672,80.0,0.0,0.0,0.0,0.0,0.0
2026-06-18T02:10:53,ERR,ERR,ERR,ERR,ERR,ERR,ERR,ERR,ERR,ERR,ERR,ERR,ERR,ERR,ERR,ERR,ERR,ERR,ERR,ERR,ERR,ERR,ERR,ERR,ERR,ERR,ERR,ERR,ERR,ERR,ERR,ERR,ERR,ERR,ERR,ERR,ERR,ERR,ERR,ERR,ERR,ERR,ERR,ERR,ERR,ERR,ERR,ERR,ERR,ERR,ERR,ERR,ERR,ERR,ERR,ERR,ERR,ERR,ERR,ERR,ERR,ERR,ERR,ERR,ERR,ERR,ERR,ERR,ERR,ERR,ERR,ERR,ERR,ERR,ERR,ERR,ERR,ERR,ERR,ERR,ERR,ERR,ERR,ERR,ERR,ERR,ERR,ERR,ERR,ERR,ERR,ERR,ERR,ERR,ERR,ERR,ERR,ERR,ERR,ERR,ERR,ERR,ERR,ERR,ERR,ERR,ERR,ERR,ERR,ERR,ERR,ERR,ERR,ERR,ERR,ERR,ERR,ERR,ERR,ERR,ERR,ERR,ERR,ERR,ERR,-0.0,-107615392.0,-134999232.0,-0.0,0.0,1.3936040501711995e+18,7.805,0.001,0,0,4,48861,6720,14723890282496.0,100,0.0,0.0,0.0,0.0,0.0,0,0,0,0,0.0,0,0,0,0,0,0,0,0,0,0,0,0,0,0,0,0,0,0,0,0,0,0,0,0,0,0,0,0,0,0,0,0,0,26,51,50,76,65476,0,300,0,0,8,21553,0.0,-107605600.0,0.0,0.0,0.0,0.0,0.0,0.0,0.0,0.0,0.0,0.0,0.0,0.0,0.0,0.0,0.0,0.0,0.0,0.0,0.0,0.0,0.0,0.0,2.004,-2.004,0.0,0.0,0.0,0.0,4747.0,2.004,7304.0,-0.0,-107615392.0,0.0,2.7184312818759872e+23,0.0,0.0,0.0,0.0,77,-1.905698292272988e+17,-71.629,0.0,0.0,0.0,0.0,0.0,0.0,0.0,0,0,0,0.0,0.0,0.0,0.0,0.0,0.0,0.0,0.0,0.0,0.0,0.0,0.0,0.0,0.0,0.0,0.0,0,-107875648.0,77,0.0,154,0.0,0.0,ERR,ERR,ERR,ERR,ERR,ERR,ERR,ERR,ERR,ERR,ERR,ERR,ERR,ERR,ERR,ERR,ERR,ERR,ERR,ERR,ERR,ERR,ERR,ERR,ERR,ERR,ERR,ERR,ERR,ERR,ERR,ERR,ERR,ERR,ERR,ERR,ERR,ERR,ERR,ERR,ERR,ERR,ERR,ERR,ERR,ERR,ERR,ERR,ERR,ERR,ERR,ERR,ERR,ERR,ERR,ERR,ERR,ERR,ERR,ERR,ERR,ERR,ERR,ERR,ERR,ERR,ERR,34.0,80.0,35,0.0,0.0,0.0,0.0,0.0,0.0,0.0,0.0,0.0,0.0,0.0,0.0,0.0,0.0,0.0,0.0,66.4,0,120,58,54,65476,0,300,0,0,8,20529,65476,0,0,57672,80.0,0.0,0.0,0.0,0.0,0.0
2026-06-18T02:10:54,ERR,ERR,ERR,ERR,ERR,ERR,ERR,ERR,ERR,ERR,ERR,ERR,ERR,ERR,ERR,ERR,ERR,ERR,ERR,ERR,ERR,ERR,ERR,ERR,ERR,ERR,ERR,ERR,ERR,ERR,ERR,ERR,ERR,ERR,ERR,ERR,ERR,ERR,ERR,ERR,ERR,ERR,ERR,ERR,ERR,ERR,ERR,ERR,ERR,ERR,ERR,ERR,ERR,ERR,ERR,ERR,ERR,ERR,ERR,ERR,ERR,ERR,ERR,ERR,ERR,ERR,ERR,ERR,ERR,ERR,ERR,ERR,ERR,ERR,ERR,ERR,ERR,ERR,ERR,ERR,ERR,ERR,ERR,ERR,ERR,ERR,ERR,ERR,ERR,ERR,ERR,ERR,ERR,ERR,ERR,ERR,ERR,ERR,ERR,ERR,ERR,ERR,ERR,ERR,ERR,ERR,ERR,ERR,ERR,ERR,ERR,ERR,ERR,ERR,ERR,ERR,ERR,ERR,ERR,ERR,ERR,ERR,ERR,ERR,ERR,-0.0,-107615392.0,-134999232.0,-0.0,0.0,1.3936040501711995e+18,7.805,0.001,0,0,4,48863,6720,14723890282496.0,100,0.0,0.0,0.0,-152005385388032.0,0.0,0,0,0,0,0.0,0,0,0,0,0,0,0,0,0,0,0,0,0,0,0,0,0,0,0,0,0,0,0,0,0,0,0,0,0,0,0,0,0,26,51,50,76,65476,0,300,0,0,8,21553,0.0,-107605600.0,0.0,0.0,0.0,0.0,0.0,0.0,0.0,0.0,0.0,0.0,0.0,0.0,0.0,0.0,0.0,0.0,0.0,0.0,0.0,0.0,0.0,0.0,2.004,-2.004,0.0,0.0,0.0,0.0,4744.0,0.0,7297.0,-0.0,-107615392.0,0.0,2.7184312818759872e+23,0.0,0.0,0.0,0.0,77,-107615360.0,5.848051325610453e+35,0.0,0.0,0.0,0.0,0.0,0.0,0.0,0,0,0,0.0,0.0,0.0,0.0,0.0,0.0,0.0,0.0,0.0,0.0,0.0,0.0,0.0,0.0,0.0,0.0,0,-107875648.0,77,0.0,154,0.0,0.0,ERR,ERR,ERR,ERR,ERR,ERR,ERR,ERR,ERR,ERR,ERR,ERR,ERR,ERR,ERR,ERR,ERR,ERR,ERR,ERR,ERR,ERR,ERR,ERR,ERR,ERR,ERR,ERR,ERR,ERR,ERR,ERR,ERR,ERR,ERR,ERR,ERR,ERR,ERR,ERR,ERR,ERR,ERR,ERR,ERR,ERR,ERR,ERR,ERR,ERR,ERR,ERR,ERR,ERR,ERR,ERR,ERR,ERR,ERR,ERR,ERR,ERR,ERR,ERR,ERR,ERR,ERR,34.0,80.0,35,0.0,0.0,0.0,0.0,0.0,0.0,0.0,0.0,0.0,0.0,0.0,0.0,0.0,0.0,0.0,0.0,66.4,0,120,58,54,65476,0,300,0,0,8,20529,65476,0,0,57672,80.0,0.0,0.0,0.0,0.0,0.0
2026-06-18T02:10:55,ERR,ERR,ERR,ERR,ERR,ERR,ERR,ERR,ERR,ERR,ERR,ERR,ERR,ERR,ERR,ERR,ERR,ERR,ERR,ERR,ERR,ERR,ERR,ERR,ERR,ERR,ERR,ERR,ERR,ERR,ERR,ERR,ERR,ERR,ERR,ERR,ERR,ERR,ERR,ERR,ERR,ERR,ERR,ERR,ERR,ERR,ERR,ERR,ERR,ERR,ERR,ERR,ERR,ERR,ERR,ERR,ERR,ERR,ERR,ERR,ERR,ERR,ERR,ERR,ERR,ERR,ERR,ERR,ERR,ERR,ERR,ERR,ERR,ERR,ERR,ERR,ERR,ERR,ERR,ERR,ERR,ERR,ERR,ERR,ERR,ERR,ERR,ERR,ERR,ERR,ERR,ERR,ERR,ERR,ERR,ERR,ERR,ERR,ERR,ERR,ERR,ERR,ERR,ERR,ERR,ERR,ERR,ERR,ERR,ERR,ERR,ERR,ERR,ERR,ERR,ERR,ERR,ERR,ERR,ERR,ERR,ERR,ERR,ERR,ERR,-0.0,-107615392.0,-134999232.0,-0.0,0.0,1.3936040501711995e+18,7.805,0.001,0,0,4,48863,6720,14723890282496.0,100,0.0,0.0,0.0,-152005385388032.0,0.0,0,0,0,0,0.0,0,0,0,0,0,0,0,0,0,0,0,0,0,0,0,0,0,0,0,0,0,0,0,0,0,0,0,0,0,0,0,0,0,26,51,50,76,65476,0,300,0,0,8,21553,0.0,-107605600.0,0.0,0.0,0.0,0.0,0.0,0.0,0.0,0.0,0.0,0.0,0.0,0.0,0.0,0.0,0.0,0.0,0.0,0.0,0.0,0.0,0.0,0.0,2.004,-2.004,0.0,0.0,0.0,0.0,4744.0,0.0,7297.0,-0.0,-107615392.0,0.0,2.7184312818759872e+23,0.0,0.0,0.0,0.0,77,-107615360.0,5.848051325610453e+35,0.0,0.0,0.0,0.0,0.0,0.0,0.0,0,0,0,0.0,0.0,0.0,0.0,0.0,0.0,0.0,0.0,0.0,0.0,0.0,0.0,0.0,0.0,0.0,0.0,0,-107875648.0,77,0.0,154,0.0,0.0,ERR,ERR,ERR,ERR,ERR,ERR,ERR,ERR,ERR,ERR,ERR,ERR,ERR,ERR,ERR,ERR,ERR,ERR,ERR,ERR,ERR,ERR,ERR,ERR,ERR,ERR,ERR,ERR,ERR,ERR,ERR,ERR,ERR,ERR,ERR,ERR,ERR,ERR,ERR,ERR,ERR,ERR,ERR,ERR,ERR,ERR,ERR,ERR,ERR,ERR,ERR,ERR,ERR,ERR,ERR,ERR,ERR,ERR,ERR,ERR,ERR,ERR,ERR,ERR,ERR,ERR,ERR,34.0,80.0,35,0.0,0.0,0.0,0.0,0.0,0.0,0.0,0.0,0.0,0.0,0.0,0.0,0.0,0.0,0.0,0.0,66.0,0,120,58,54,65476,0,300,0,0,8,20529,65476,0,0,57672,80.0,0.0,0.0,0.0,0.0,0.0
2026-06-18T02:10:56,ERR,ERR,ERR,ERR,ERR,ERR,ERR,ERR,ERR,ERR,ERR,ERR,ERR,ERR,ERR,ERR,ERR,ERR,ERR,ERR,ERR,ERR,ERR,ERR,ERR,ERR,ERR,ERR,ERR,ERR,ERR,ERR,ERR,ERR,ERR,ERR,ERR,ERR,ERR,ERR,ERR,ERR,ERR,ERR,ERR,ERR,ERR,ERR,ERR,ERR,ERR,ERR,ERR,ERR,ERR,ERR,ERR,ERR,ERR,ERR,ERR,ERR,ERR,ERR,ERR,ERR,ERR,ERR,ERR,ERR,ERR,ERR,ERR,ERR,ERR,ERR,ERR,ERR,ERR,ERR,ERR,ERR,ERR,ERR,ERR,ERR,ERR,ERR,ERR,ERR,ERR,ERR,ERR,ERR,ERR,ERR,ERR,ERR,ERR,ERR,ERR,ERR,ERR,ERR,ERR,ERR,ERR,ERR,ERR,ERR,ERR,ERR,ERR,ERR,ERR,ERR,ERR,ERR,ERR,ERR,ERR,ERR,ERR,ERR,ERR,-0.0,-107615392.0,-134999232.0,-0.0,0.0,1.3936040501711995e+18,7.805,0.001,0,0,4,48863,6720,14723890282496.0,100,0.0,0.0,0.0,-152005385388032.0,0.0,0,0,0,0,0.0,0,0,0,0,0,0,0,0,0,0,0,0,0,0,0,0,0,0,0,0,0,0,0,0,0,0,0,0,0,0,0,0,0,26,51,50,76,65476,0,300,0,0,8,21553,0.0,-107605600.0,0.0,0.0,0.0,0.0,0.0,0.0,0.0,0.0,0.0,0.0,0.0,0.0,0.0,0.0,0.0,0.0,0.0,0.0,0.0,0.0,0.0,0.0,2.004,-2.004,0.0,0.0,0.0,0.0,4744.0,0.0,7297.0,-0.0,-107615392.0,0.0,2.7184312818759872e+23,0.0,0.0,0.0,0.0,77,-107615360.0,5.848051325610453e+35,0.0,0.0,0.0,0.0,0.0,0.0,0.0,0,0,0,0.0,0.0,0.0,0.0,0.0,0.0,0.0,0.0,0.0,0.0,0.0,0.0,0.0,0.0,0.0,0.0,0,-107875648.0,77,0.0,154,0.0,0.0,ERR,ERR,ERR,ERR,ERR,ERR,ERR,ERR,ERR,ERR,ERR,ERR,ERR,ERR,ERR,ERR,ERR,ERR,ERR,ERR,ERR,ERR,ERR,ERR,ERR,ERR,ERR,ERR,ERR,ERR,ERR,ERR,ERR,ERR,ERR,ERR,ERR,ERR,ERR,ERR,ERR,ERR,ERR,ERR,ERR,ERR,ERR,ERR,ERR,ERR,ERR,ERR,ERR,ERR,ERR,ERR,ERR,ERR,ERR,ERR,ERR,ERR,ERR,ERR,ERR,ERR,ERR,34.0,80.0,35,0.0,0.0,0.0,0.0,0.0,0.0,0.0,0.0,0.0,0.0,0.0,0.0,0.0,0.0,0.0,0.0,66.0,0,120,58,54,65476,0,300,0,0,8,20529,65476,0,0,57672,80.0,0.0,0.0,0.0,0.0,0.0
2026-06-18T02:10:57,ERR,ERR,ERR,ERR,ERR,ERR,ERR,ERR,ERR,ERR,ERR,ERR,ERR,ERR,ERR,ERR,ERR,ERR,ERR,ERR,ERR,ERR,ERR,ERR,ERR,ERR,ERR,ERR,ERR,ERR,ERR,ERR,ERR,ERR,ERR,ERR,ERR,ERR,ERR,ERR,ERR,ERR,ERR,ERR,ERR,ERR,ERR,ERR,ERR,ERR,ERR,ERR,ERR,ERR,ERR,ERR,ERR,ERR,ERR,ERR,ERR,ERR,ERR,ERR,ERR,ERR,ERR,ERR,ERR,ERR,ERR,ERR,ERR,ERR,ERR,ERR,ERR,ERR,ERR,ERR,ERR,ERR,ERR,ERR,ERR,ERR,ERR,ERR,ERR,ERR,ERR,ERR,ERR,ERR,ERR,ERR,ERR,ERR,ERR,ERR,ERR,ERR,ERR,ERR,ERR,ERR,ERR,ERR,ERR,ERR,ERR,ERR,ERR,ERR,ERR,ERR,ERR,ERR,ERR,ERR,ERR,ERR,ERR,ERR,ERR,-0.0,-107615392.0,-134999232.0,-0.0,0.0,1.3936040501711995e+18,7.805,0.001,0,0,4,48863,6720,14723890282496.0,100,0.0,0.0,0.0,-152005385388032.0,0.0,0,0,0,0,0.0,0,0,0,0,0,0,0,0,0,0,0,0,0,0,0,0,0,0,0,0,0,0,0,0,0,0,0,0,0,0,0,0,0,26,51,50,76,65476,0,300,0,0,8,21553,0.0,-107605600.0,0.0,0.0,0.0,0.0,0.0,0.0,0.0,0.0,0.0,0.0,0.0,0.0,0.0,0.0,0.0,0.0,0.0,0.0,0.0,0.0,0.0,0.0,2.004,-2.004,0.0,0.0,0.0,0.0,4744.0,0.0,7297.0,-0.0,-107615392.0,0.0,2.7184312818759872e+23,0.0,0.0,0.0,0.0,77,-107615360.0,5.848051325610453e+35,0.0,0.0,0.0,0.0,0.0,0.0,0.0,0,0,0,0.0,0.0,0.0,0.0,0.0,0.0,0.0,0.0,0.0,0.0,0.0,0.0,0.0,0.0,0.0,0.0,0,-107875648.0,77,0.0,154,0.0,0.0,ERR,ERR,ERR,ERR,ERR,ERR,ERR,ERR,ERR,ERR,ERR,ERR,ERR,ERR,ERR,ERR,ERR,ERR,ERR,ERR,ERR,ERR,ERR,ERR,ERR,ERR,ERR,ERR,ERR,ERR,ERR,ERR,ERR,ERR,ERR,ERR,ERR,ERR,ERR,ERR,ERR,ERR,ERR,ERR,ERR,ERR,ERR,ERR,ERR,ERR,ERR,ERR,ERR,ERR,ERR,ERR,ERR,ERR,ERR,ERR,ERR,ERR,ERR,ERR,ERR,ERR,ERR,34.0,80.0,35,0.0,0.0,0.0,0.0,0.0,0.0,0.0,0.0,0.0,0.0,0.0,0.0,0.0,0.0,0.0,0.0,66.0,0,120,58,54,65476,0,300,0,0,8,20529,65476,0,0,57672,80.0,0.0,0.0,0.0,0.0,0.0
2026-06-18T02:10:58,ERR,ERR,ERR,ERR,ERR,ERR,ERR,ERR,ERR,ERR,ERR,ERR,ERR,ERR,ERR,ERR,ERR,ERR,ERR,ERR,ERR,ERR,ERR,ERR,ERR,ERR,ERR,ERR,ERR,ERR,ERR,ERR,ERR,ERR,ERR,ERR,ERR,ERR,ERR,ERR,ERR,ERR,ERR,ERR,ERR,ERR,ERR,ERR,ERR,ERR,ERR,ERR,ERR,ERR,ERR,ERR,ERR,ERR,ERR,ERR,ERR,ERR,ERR,ERR,ERR,ERR,ERR,ERR,ERR,ERR,ERR,ERR,ERR,ERR,ERR,ERR,ERR,ERR,ERR,ERR,ERR,ERR,ERR,ERR,ERR,ERR,ERR,ERR,ERR,ERR,ERR,ERR,ERR,ERR,ERR,ERR,ERR,ERR,ERR,ERR,ERR,ERR,ERR,ERR,ERR,ERR,ERR,ERR,ERR,ERR,ERR,ERR,ERR,ERR,ERR,ERR,ERR,ERR,ERR,ERR,ERR,ERR,ERR,ERR,ERR,-0.0,-107615392.0,-134999232.0,-0.0,0.0,1.3936040501711995e+18,7.805,0.001,0,0,4,48863,6720,14723890282496.0,100,0.0,0.0,0.0,-152005385388032.0,0.0,0,0,0,0,0.0,0,0,0,0,0,0,0,0,0,0,0,0,0,0,0,0,0,0,0,0,0,0,0,0,0,0,0,0,0,0,0,0,0,26,51,50,76,65476,0,300,0,0,8,21553,0.0,-107605600.0,0.0,0.0,0.0,0.0,0.0,0.0,0.0,0.0,0.0,0.0,0.0,0.0,0.0,0.0,0.0,0.0,0.0,0.0,0.0,0.0,0.0,0.0,2.004,-2.004,0.0,0.0,0.0,0.0,4744.0,0.0,7297.0,-0.0,-107615392.0,0.0,2.7184312818759872e+23,0.0,0.0,0.0,0.0,77,-107615360.0,5.848051325610453e+35,0.0,0.0,0.0,0.0,0.0,0.0,0.0,0,0,0,0.0,0.0,0.0,0.0,0.0,0.0,0.0,0.0,0.0,0.0,0.0,0.0,0.0,0.0,0.0,0.0,0,-107875648.0,77,0.0,154,0.0,0.0,ERR,ERR,ERR,ERR,ERR,ERR,ERR,ERR,ERR,ERR,ERR,ERR,ERR,ERR,ERR,ERR,ERR,ERR,ERR,ERR,ERR,ERR,ERR,ERR,ERR,ERR,ERR,ERR,ERR,ERR,ERR,ERR,ERR,ERR,ERR,ERR,ERR,ERR,ERR,ERR,ERR,ERR,ERR,ERR,ERR,ERR,ERR,ERR,ERR,ERR,ERR,ERR,ERR,ERR,ERR,ERR,ERR,ERR,ERR,ERR,ERR,ERR,ERR,ERR,ERR,ERR,ERR,34.0,80.0,35,0.0,0.0,0.0,0.0,0.0,0.0,0.0,0.0,0.0,0.0,0.0,0.0,0.0,0.0,0.0,0.0,66.0,0,120,58,54,65476,0,300,0,0,8,20529,65476,0,0,57672,80.0,0.0,0.0,0.0,0.0,0.0
2026-06-18T02:10:59,ERR,ERR,ERR,ERR,ERR,ERR,ERR,ERR,ERR,ERR,ERR,ERR,ERR,ERR,ERR,ERR,ERR,ERR,ERR,ERR,ERR,ERR,ERR,ERR,ERR,ERR,ERR,ERR,ERR,ERR,ERR,ERR,ERR,ERR,ERR,ERR,ERR,ERR,ERR,ERR,ERR,ERR,ERR,ERR,ERR,ERR,ERR,ERR,ERR,ERR,ERR,ERR,ERR,ERR,ERR,ERR,ERR,ERR,ERR,ERR,ERR,ERR,ERR,ERR,ERR,ERR,ERR,ERR,ERR,ERR,ERR,ERR,ERR,ERR,ERR,ERR,ERR,ERR,ERR,ERR,ERR,ERR,ERR,ERR,ERR,ERR,ERR,ERR,ERR,ERR,ERR,ERR,ERR,ERR,ERR,ERR,ERR,ERR,ERR,ERR,ERR,ERR,ERR,ERR,ERR,ERR,ERR,ERR,ERR,ERR,ERR,ERR,ERR,ERR,ERR,ERR,ERR,ERR,ERR,ERR,ERR,ERR,ERR,ERR,ERR,-0.0,-107615392.0,-134999232.0,0.059,0.0,1.3936040501711995e+18,7.805,234.267,0,0,4,48852,6720,14723890282496.0,100,0.0,0.0,0.0,-0.0,0.0,0,0,0,0,0.0,0,0,0,0,0,0,0,0,0,0,0,0,0,0,0,0,0,0,0,0,0,0,0,0,0,0,0,0,0,0,0,0,0,26,51,50,76,65476,0,300,0,0,8,21553,0.0,-107605600.0,0.0,0.0,0.0,0.0,0.0,0.0,0.0,0.0,0.0,0.0,0.0,0.0,0.0,0.0,0.0,0.0,0.0,0.0,0.0,0.0,0.0,0.0,2.004,-2.004,0.0,0.0,0.0,0.0,4739.0,0.0,7303.0,-0.0,-107615392.0,0.0,2.7184312818759872e+23,0.0,0.0,0.0,0.0,77,-0.0,-0.0,0.0,0.0,0.0,0.0,0.0,0.0,0.0,0,0,0,0.0,0.0,0.0,0.0,0.0,0.0,0.0,0.0,0.0,0.0,0.0,0.0,0.0,0.0,0.0,0.0,0,-107875648.0,77,0.0,154,0.0,0.0,ERR,ERR,ERR,ERR,ERR,ERR,ERR,ERR,ERR,ERR,ERR,ERR,ERR,ERR,ERR,ERR,ERR,ERR,ERR,ERR,ERR,ERR,ERR,ERR,ERR,ERR,ERR,ERR,ERR,ERR,ERR,ERR,ERR,ERR,ERR,ERR,ERR,ERR,ERR,ERR,ERR,ERR,ERR,ERR,ERR,ERR,ERR,ERR,ERR,ERR,ERR,ERR,ERR,ERR,ERR,ERR,ERR,ERR,ERR,ERR,ERR,ERR,ERR,ERR,ERR,ERR,ERR,34.0,80.0,35,0.0,0.0,0.0,0.0,0.0,0.0,0.0,0.0,0.0,0.0,0.0,0.0,0.0,0.0,0.0,0.0,66.0,0,120,58,54,65476,0,300,0,0,8,20529,65476,0,0,57672,80.0,0.0,0.0,0.0,0.0,0.0
2026-06-18T02:11:00,ERR,ERR,ERR,ERR,ERR,ERR,ERR,ERR,ERR,ERR,ERR,ERR,ERR,ERR,ERR,ERR,ERR,ERR,ERR,ERR,ERR,ERR,ERR,ERR,ERR,ERR,ERR,ERR,ERR,ERR,ERR,ERR,ERR,ERR,ERR,ERR,ERR,ERR,ERR,ERR,ERR,ERR,ERR,ERR,ERR,ERR,ERR,ERR,ERR,ERR,ERR,ERR,ERR,ERR,ERR,ERR,ERR,ERR,ERR,ERR,ERR,ERR,ERR,ERR,ERR,ERR,ERR,ERR,ERR,ERR,ERR,ERR,ERR,ERR,ERR,ERR,ERR,ERR,ERR,ERR,ERR,ERR,ERR,ERR,ERR,ERR,ERR,ERR,ERR,ERR,ERR,ERR,ERR,ERR,ERR,ERR,ERR,ERR,ERR,ERR,ERR,ERR,ERR,ERR,ERR,ERR,ERR,ERR,ERR,ERR,ERR,ERR,ERR,ERR,ERR,ERR,ERR,ERR,ERR,ERR,ERR,ERR,ERR,ERR,ERR,-0.0,-107615392.0,-134999232.0,0.059,0.0,1.3936040501711995e+18,7.805,234.267,0,0,4,48852,6720,14723890282496.0,100,0.0,0.0,0.0,-0.0,0.0,0,0,0,0,0.0,0,0,0,0,0,0,0,0,0,0,0,0,0,0,0,0,0,0,0,0,0,0,0,0,0,0,0,0,0,0,0,0,0,26,51,50,76,65476,0,300,0,0,8,21553,0.0,-107605600.0,0.0,0.0,0.0,0.0,0.0,0.0,0.0,0.0,0.0,0.0,0.0,0.0,0.0,0.0,0.0,0.0,0.0,0.0,0.0,0.0,0.0,0.0,2.004,-2.004,0.0,0.0,0.0,0.0,4739.0,0.0,7303.0,-0.0,-107615392.0,0.0,2.7184312818759872e+23,0.0,0.0,0.0,0.0,77,-0.0,-0.0,0.0,0.0,0.0,0.0,0.0,0.0,0.0,0,0,0,0.0,0.0,0.0,0.0,0.0,0.0,0.0,0.0,0.0,0.0,0.0,0.0,0.0,0.0,0.0,0.0,0,-107875648.0,77,0.0,154,0.0,0.0,ERR,ERR,ERR,ERR,ERR,ERR,ERR,ERR,ERR,ERR,ERR,ERR,ERR,ERR,ERR,ERR,ERR,ERR,ERR,ERR,ERR,ERR,ERR,ERR,ERR,ERR,ERR,ERR,ERR,ERR,ERR,ERR,ERR,ERR,ERR,ERR,ERR,ERR,ERR,ERR,ERR,ERR,ERR,ERR,ERR,ERR,ERR,ERR,ERR,ERR,ERR,ERR,ERR,ERR,ERR,ERR,ERR,ERR,ERR,ERR,ERR,ERR,ERR,ERR,ERR,ERR,ERR,34.0,80.0,35,0.0,0.0,0.0,0.0,0.0,0.0,0.0,0.0,0.0,0.0,0.0,0.0,0.0,0.0,0.0,0.0,66.0,0,120,58,54,65476,0,300,0,0,8,20529,65476,0,0,57672,80.0,0.0,0.0,0.0,0.0,0.0
2026-06-18T02:11:01,ERR,ERR,ERR,ERR,ERR,ERR,ERR,ERR,ERR,ERR,ERR,ERR,ERR,ERR,ERR,ERR,ERR,ERR,ERR,ERR,ERR,ERR,ERR,ERR,ERR,ERR,ERR,ERR,ERR,ERR,ERR,ERR,ERR,ERR,ERR,ERR,ERR,ERR,ERR,ERR,ERR,ERR,ERR,ERR,ERR,ERR,ERR,ERR,ERR,ERR,ERR,ERR,ERR,ERR,ERR,ERR,ERR,ERR,ERR,ERR,ERR,ERR,ERR,ERR,ERR,ERR,ERR,ERR,ERR,ERR,ERR,ERR,ERR,ERR,ERR,ERR,ERR,ERR,ERR,ERR,ERR,ERR,ERR,ERR,ERR,ERR,ERR,ERR,ERR,ERR,ERR,ERR,ERR,ERR,ERR,ERR,ERR,ERR,ERR,ERR,ERR,ERR,ERR,ERR,ERR,ERR,ERR,ERR,ERR,ERR,ERR,ERR,ERR,ERR,ERR,ERR,ERR,ERR,ERR,ERR,ERR,ERR,ERR,ERR,ERR,-0.0,-107615392.0,-134999232.0,0.059,0.0,1.3936040501711995e+18,7.805,234.267,0,0,4,48852,6720,14723890282496.0,100,0.0,0.0,0.0,-0.0,0.0,0,0,0,0,0.0,0,0,0,0,0,0,0,0,0,0,0,0,0,0,0,0,0,0,0,0,0,0,0,0,0,0,0,0,0,0,0,0,0,26,51,50,76,65476,0,300,0,0,8,21553,0.0,-107605600.0,0.0,0.0,0.0,0.0,0.0,0.0,0.0,0.0,0.0,0.0,0.0,0.0,0.0,0.0,0.0,0.0,0.0,0.0,0.0,0.0,0.0,0.0,2.004,-2.004,0.0,0.0,0.0,0.0,4739.0,0.0,7303.0,-0.0,-107615392.0,0.0,2.7184312818759872e+23,0.0,0.0,0.0,0.0,77,-0.0,-0.0,0.0,0.0,0.0,0.0,0.0,0.0,0.0,0,0,0,0.0,0.0,0.0,0.0,0.0,0.0,0.0,0.0,0.0,0.0,0.0,0.0,0.0,0.0,0.0,0.0,0,-107875648.0,77,0.0,154,0.0,0.0,ERR,ERR,ERR,ERR,ERR,ERR,ERR,ERR,ERR,ERR,ERR,ERR,ERR,ERR,ERR,ERR,ERR,ERR,ERR,ERR,ERR,ERR,ERR,ERR,ERR,ERR,ERR,ERR,ERR,ERR,ERR,ERR,ERR,ERR,ERR,ERR,ERR,ERR,ERR,ERR,ERR,ERR,ERR,ERR,ERR,ERR,ERR,ERR,ERR,ERR,ERR,ERR,ERR,ERR,ERR,ERR,ERR,ERR,ERR,ERR,ERR,ERR,ERR,ERR,ERR,ERR,ERR,34.0,80.0,35,0.0,0.0,0.0,0.0,0.0,0.0,0.0,0.0,0.0,0.0,0.0,0.0,0.0,0.0,0.0,0.0,66.0,0,120,58,54,65476,0,300,0,0,8,20529,65476,0,0,57672,80.0,0.0,0.0,0.0,0.0,0.0
2026-06-18T02:11:02,ERR,ERR,ERR,ERR,ERR,ERR,ERR,ERR,ERR,ERR,ERR,ERR,ERR,ERR,ERR,ERR,ERR,ERR,ERR,ERR,ERR,ERR,ERR,ERR,ERR,ERR,ERR,ERR,ERR,ERR,ERR,ERR,ERR,ERR,ERR,ERR,ERR,ERR,ERR,ERR,ERR,ERR,ERR,ERR,ERR,ERR,ERR,ERR,ERR,ERR,ERR,ERR,ERR,ERR,ERR,ERR,ERR,ERR,ERR,ERR,ERR,ERR,ERR,ERR,ERR,ERR,ERR,ERR,ERR,ERR,ERR,ERR,ERR,ERR,ERR,ERR,ERR,ERR,ERR,ERR,ERR,ERR,ERR,ERR,ERR,ERR,ERR,ERR,ERR,ERR,ERR,ERR,ERR,ERR,ERR,ERR,ERR,ERR,ERR,ERR,ERR,ERR,ERR,ERR,ERR,ERR,ERR,ERR,ERR,ERR,ERR,ERR,ERR,ERR,ERR,ERR,ERR,ERR,ERR,ERR,ERR,ERR,ERR,ERR,ERR,-0.0,-107615392.0,-134999232.0,0.059,0.0,1.3936040501711995e+18,7.805,234.267,0,0,4,48852,6720,14723890282496.0,100,0.0,0.0,0.0,-0.0,0.0,0,0,0,0,0.0,0,0,0,0,0,0,0,0,0,0,0,0,0,0,0,0,0,0,0,0,0,0,0,0,0,0,0,0,0,0,0,0,0,26,51,50,76,65476,0,300,0,0,8,21553,0.0,-107605600.0,0.0,0.0,0.0,0.0,0.0,0.0,0.0,0.0,0.0,0.0,0.0,0.0,0.0,0.0,0.0,0.0,0.0,0.0,0.0,0.0,0.0,0.0,2.004,-2.004,0.0,0.0,0.0,0.0,4739.0,0.0,7303.0,-0.0,-107615392.0,0.0,2.7184312818759872e+23,0.0,0.0,0.0,0.0,77,-0.0,-0.0,0.0,0.0,0.0,0.0,0.0,0.0,0.0,0,0,0,0.0,0.0,0.0,0.0,0.0,0.0,0.0,0.0,0.0,0.0,0.0,0.0,0.0,0.0,0.0,0.0,0,-107875648.0,77,0.0,154,0.0,0.0,ERR,ERR,ERR,ERR,ERR,ERR,ERR,ERR,ERR,ERR,ERR,ERR,ERR,ERR,ERR,ERR,ERR,ERR,ERR,ERR,ERR,ERR,ERR,ERR,ERR,ERR,ERR,ERR,ERR,ERR,ERR,ERR,ERR,ERR,ERR,ERR,ERR,ERR,ERR,ERR,ERR,ERR,ERR,ERR,ERR,ERR,ERR,ERR,ERR,ERR,ERR,ERR,ERR,ERR,ERR,ERR,ERR,ERR,ERR,ERR,ERR,ERR,ERR,ERR,ERR,ERR,ERR,34.0,80.0,35,0.0,0.0,0.0,0.0,0.0,0.0,0.0,0.0,0.0,0.0,0.0,0.0,0.0,0.0,0.0,0.0,66.0,0,120,58,54,65476,0,300,0,0,8,20529,65476,0,0,57672,80.0,0.0,0.0,0.0,0.0,0.0
2026-06-18T02:11:03,ERR,ERR,ERR,ERR,ERR,ERR,ERR,ERR,ERR,ERR,ERR,ERR,ERR,ERR,ERR,ERR,ERR,ERR,ERR,ERR,ERR,ERR,ERR,ERR,ERR,ERR,ERR,ERR,ERR,ERR,ERR,ERR,ERR,ERR,ERR,ERR,ERR,ERR,ERR,ERR,ERR,ERR,ERR,ERR,ERR,ERR,ERR,ERR,ERR,ERR,ERR,ERR,ERR,ERR,ERR,ERR,ERR,ERR,ERR,ERR,ERR,ERR,ERR,ERR,ERR,ERR,ERR,ERR,ERR,ERR,ERR,ERR,ERR,ERR,ERR,ERR,ERR,ERR,ERR,ERR,ERR,ERR,ERR,ERR,ERR,ERR,ERR,ERR,ERR,ERR,ERR,ERR,ERR,ERR,ERR,ERR,ERR,ERR,ERR,ERR,ERR,ERR,ERR,ERR,ERR,ERR,ERR,ERR,ERR,ERR,ERR,ERR,ERR,ERR,ERR,ERR,ERR,ERR,ERR,ERR,ERR,ERR,ERR,ERR,ERR,-0.0,-107615392.0,-134999232.0,0.059,0.0,1.3936040501711995e+18,7.805,234.267,0,0,4,48852,6720,14723890282496.0,100,0.0,0.0,0.0,-0.0,0.0,0,0,0,0,0.0,0,0,0,0,0,0,0,0,0,0,0,0,0,0,0,0,0,0,0,0,0,0,0,0,0,0,0,0,0,0,0,0,0,26,51,50,76,65476,0,300,0,0,8,21553,0.0,-107605600.0,0.0,0.0,0.0,0.0,0.0,0.0,0.0,0.0,0.0,0.0,0.0,0.0,0.0,0.0,0.0,0.0,0.0,0.0,0.0,0.0,0.0,0.0,2.004,-2.004,0.0,0.0,0.0,0.0,4739.0,0.0,7303.0,-0.0,-107615392.0,0.0,2.7184312818759872e+23,0.0,0.0,0.0,0.0,77,-0.0,-0.0,0.0,0.0,0.0,0.0,0.0,0.0,0.0,0,0,0,0.0,0.0,0.0,0.0,0.0,0.0,0.0,0.0,0.0,0.0,0.0,0.0,0.0,0.0,0.0,0.0,0,-107875648.0,77,0.0,154,0.0,0.0,ERR,ERR,ERR,ERR,ERR,ERR,ERR,ERR,ERR,ERR,ERR,ERR,ERR,ERR,ERR,ERR,ERR,ERR,ERR,ERR,ERR,ERR,ERR,ERR,ERR,ERR,ERR,ERR,ERR,ERR,ERR,ERR,ERR,ERR,ERR,ERR,ERR,ERR,ERR,ERR,ERR,ERR,ERR,ERR,ERR,ERR,ERR,ERR,ERR,ERR,ERR,ERR,ERR,ERR,ERR,ERR,ERR,ERR,ERR,ERR,ERR,ERR,ERR,ERR,ERR,ERR,ERR,34.0,80.0,35,0.0,0.0,0.0,0.0,0.0,0.0,0.0,0.0,0.0,0.0,0.0,0.0,0.0,0.0,0.0,0.0,66.0,0,120,58,54,65476,0,300,0,0,8,20529,65476,0,0,57672,80.0,0.0,0.0,0.0,0.0,0.0
2026-06-18T02:11:04,ERR,ERR,ERR,ERR,ERR,ERR,ERR,ERR,ERR,ERR,ERR,ERR,ERR,ERR,ERR,ERR,ERR,ERR,ERR,ERR,ERR,ERR,ERR,ERR,ERR,ERR,ERR,ERR,ERR,ERR,ERR,ERR,ERR,ERR,ERR,ERR,ERR,ERR,ERR,ERR,ERR,ERR,ERR,ERR,ERR,ERR,ERR,ERR,ERR,ERR,ERR,ERR,ERR,ERR,ERR,ERR,ERR,ERR,ERR,ERR,ERR,ERR,ERR,ERR,ERR,ERR,ERR,ERR,ERR,ERR,ERR,ERR,ERR,ERR,ERR,ERR,ERR,ERR,ERR,ERR,ERR,ERR,ERR,ERR,ERR,ERR,ERR,ERR,ERR,ERR,ERR,ERR,ERR,ERR,ERR,ERR,ERR,ERR,ERR,ERR,ERR,ERR,ERR,ERR,ERR,ERR,ERR,ERR,ERR,ERR,ERR,ERR,ERR,ERR,ERR,ERR,ERR,ERR,ERR,ERR,ERR,ERR,ERR,ERR,ERR,-0.0,-107615392.0,-134999232.0,-0.0,0.0,1.3936040501711995e+18,7.805,11082173251584.0,0,0,4,48855,6720,14723890282496.0,100,0.0,0.0,0.0,-0.0,0.0,0,0,0,0,0.0,0,0,0,0,0,0,0,0,0,0,0,0,0,0,0,0,0,0,0,0,0,0,0,0,0,0,0,0,0,0,0,0,0,26,51,50,76,65476,0,300,0,0,8,21553,0.0,-107605600.0,0.0,0.0,0.0,0.0,0.0,0.0,0.0,0.0,0.0,0.0,0.0,0.0,0.0,0.0,0.0,0.0,0.0,0.0,0.0,0.0,0.0,0.0,2.004,-2.004,0.0,0.0,0.0,0.0,4743.0,0.0,7301.0,-0.0,-107615392.0,0.0,2.7184312818759872e+23,0.0,0.0,0.0,0.0,77,-89221.125,-0.0,0.0,0.0,0.0,0.0,0.0,0.0,0.0,0,0,0,0.0,0.0,0.0,0.0,0.0,0.0,0.0,0.0,0.0,0.0,0.0,0.0,0.0,0.0,0.0,0.0,0,-107875648.0,77,0.0,154,0.0,0.0,ERR,ERR,ERR,ERR,ERR,ERR,ERR,ERR,ERR,ERR,ERR,ERR,ERR,ERR,ERR,ERR,ERR,ERR,ERR,ERR,ERR,ERR,ERR,ERR,ERR,ERR,ERR,ERR,ERR,ERR,ERR,ERR,ERR,ERR,ERR,ERR,ERR,ERR,ERR,ERR,ERR,ERR,ERR,ERR,ERR,ERR,ERR,ERR,ERR,ERR,ERR,ERR,ERR,ERR,ERR,ERR,ERR,ERR,ERR,ERR,ERR,ERR,ERR,ERR,ERR,ERR,ERR,34.0,80.0,35,0.0,0.0,0.0,0.0,0.0,0.0,0.0,0.0,0.0,0.0,0.0,0.0,0.0,0.0,0.0,0.0,66.0,0,120,58,54,65476,0,300,0,0,8,20529,65476,0,0,57672,80.0,0.0,0.0,0.0,0.0,0.0
2026-06-18T02:11:05,ERR,ERR,ERR,ERR,ERR,ERR,ERR,ERR,ERR,ERR,ERR,ERR,ERR,ERR,ERR,ERR,ERR,ERR,ERR,ERR,ERR,ERR,ERR,ERR,ERR,ERR,ERR,ERR,ERR,ERR,ERR,ERR,ERR,ERR,ERR,ERR,ERR,ERR,ERR,ERR,ERR,ERR,ERR,ERR,ERR,ERR,ERR,ERR,ERR,ERR,ERR,ERR,ERR,ERR,ERR,ERR,ERR,ERR,ERR,ERR,ERR,ERR,ERR,ERR,ERR,ERR,ERR,ERR,ERR,ERR,ERR,ERR,ERR,ERR,ERR,ERR,ERR,ERR,ERR,ERR,ERR,ERR,ERR,ERR,ERR,ERR,ERR,ERR,ERR,ERR,ERR,ERR,ERR,ERR,ERR,ERR,ERR,ERR,ERR,ERR,ERR,ERR,ERR,ERR,ERR,ERR,ERR,ERR,ERR,ERR,ERR,ERR,ERR,ERR,ERR,ERR,ERR,ERR,ERR,ERR,ERR,ERR,ERR,ERR,ERR,-0.0,-107615392.0,-134999232.0,-0.0,0.0,1.3936040501711995e+18,7.805,11082173251584.0,0,0,4,48855,6720,14723890282496.0,100,0.0,0.0,0.0,-0.0,0.0,0,0,0,0,0.0,0,0,0,0,0,0,0,0,0,0,0,0,0,0,0,0,0,0,0,0,0,0,0,0,0,0,0,0,0,0,0,0,0,26,51,50,76,65476,0,300,0,0,8,21553,0.0,-107605600.0,0.0,0.0,0.0,0.0,0.0,0.0,0.0,0.0,0.0,0.0,0.0,0.0,0.0,0.0,0.0,0.0,0.0,0.0,0.0,0.0,0.0,0.0,2.004,-2.004,0.0,0.0,0.0,0.0,4743.0,0.0,7301.0,-0.0,-107615392.0,0.0,2.7184312818759872e+23,0.0,0.0,0.0,0.0,77,-89221.125,-0.0,0.0,0.0,0.0,0.0,0.0,0.0,0.0,0,0,0,0.0,0.0,0.0,0.0,0.0,0.0,0.0,0.0,0.0,0.0,0.0,0.0,0.0,0.0,0.0,0.0,0,-107875648.0,77,0.0,154,0.0,0.0,ERR,ERR,ERR,ERR,ERR,ERR,ERR,ERR,ERR,ERR,ERR,ERR,ERR,ERR,ERR,ERR,ERR,ERR,ERR,ERR,ERR,ERR,ERR,ERR,ERR,ERR,ERR,ERR,ERR,ERR,ERR,ERR,ERR,ERR,ERR,ERR,ERR,ERR,ERR,ERR,ERR,ERR,ERR,ERR,ERR,ERR,ERR,ERR,ERR,ERR,ERR,ERR,ERR,ERR,ERR,ERR,ERR,ERR,ERR,ERR,ERR,ERR,ERR,ERR,ERR,ERR,ERR,34.0,80.0,35,0.0,0.0,0.0,0.0,0.0,0.0,0.0,0.0,0.0,0.0,0.0,0.0,0.0,0.0,0.0,0.0,66.0,0,120,58,54,65476,0,300,0,0,8,20529,65476,0,0,57672,80.0,0.0,0.0,0.0,0.0,0.0
2026-06-18T02:11:06,ERR,ERR,ERR,ERR,ERR,ERR,ERR,ERR,ERR,ERR,ERR,ERR,ERR,ERR,ERR,ERR,ERR,ERR,ERR,ERR,ERR,ERR,ERR,ERR,ERR,ERR,ERR,ERR,ERR,ERR,ERR,ERR,ERR,ERR,ERR,ERR,ERR,ERR,ERR,ERR,ERR,ERR,ERR,ERR,ERR,ERR,ERR,ERR,ERR,ERR,ERR,ERR,ERR,ERR,ERR,ERR,ERR,ERR,ERR,ERR,ERR,ERR,ERR,ERR,ERR,ERR,ERR,ERR,ERR,ERR,ERR,ERR,ERR,ERR,ERR,ERR,ERR,ERR,ERR,ERR,ERR,ERR,ERR,ERR,ERR,ERR,ERR,ERR,ERR,ERR,ERR,ERR,ERR,ERR,ERR,ERR,ERR,ERR,ERR,ERR,ERR,ERR,ERR,ERR,ERR,ERR,ERR,ERR,ERR,ERR,ERR,ERR,ERR,ERR,ERR,ERR,ERR,ERR,ERR,ERR,ERR,ERR,ERR,ERR,ERR,-0.0,-107615392.0,-134999232.0,-0.0,0.0,1.3936040501711995e+18,7.805,11082173251584.0,0,0,4,48855,6720,14723890282496.0,100,0.0,0.0,0.0,-0.0,0.0,0,0,0,0,0.0,0,0,0,0,0,0,0,0,0,0,0,0,0,0,0,0,0,0,0,0,0,0,0,0,0,0,0,0,0,0,0,0,0,26,51,50,76,65476,0,300,0,0,8,21553,0.0,-107605600.0,0.0,0.0,0.0,0.0,0.0,0.0,0.0,0.0,0.0,0.0,0.0,0.0,0.0,0.0,0.0,0.0,0.0,0.0,0.0,0.0,0.0,0.0,2.004,-2.004,0.0,0.0,0.0,0.0,4743.0,0.0,7301.0,-0.0,-107615392.0,0.0,2.7184312818759872e+23,0.0,0.0,0.0,0.0,77,-89221.125,-0.0,0.0,0.0,0.0,0.0,0.0,0.0,0.0,0,0,0,0.0,0.0,0.0,0.0,0.0,0.0,0.0,0.0,0.0,0.0,0.0,0.0,0.0,0.0,0.0,0.0,0,-107875648.0,77,0.0,154,0.0,0.0,ERR,ERR,ERR,ERR,ERR,ERR,ERR,ERR,ERR,ERR,ERR,ERR,ERR,ERR,ERR,ERR,ERR,ERR,ERR,ERR,ERR,ERR,ERR,ERR,ERR,ERR,ERR,ERR,ERR,ERR,ERR,ERR,ERR,ERR,ERR,ERR,ERR,ERR,ERR,ERR,ERR,ERR,ERR,ERR,ERR,ERR,ERR,ERR,ERR,ERR,ERR,ERR,ERR,ERR,ERR,ERR,ERR,ERR,ERR,ERR,ERR,ERR,ERR,ERR,ERR,ERR,ERR,34.0,80.0,35,0.0,0.0,0.0,0.0,0.0,0.0,0.0,0.0,0.0,0.0,0.0,0.0,0.0,0.0,0.0,0.0,66.0,0,120,58,54,65476,0,300,0,0,8,20529,65476,0,0,57672,80.0,0.0,0.0,0.0,0.0,0.0
2026-06-18T02:11:07,ERR,ERR,ERR,ERR,ERR,ERR,ERR,ERR,ERR,ERR,ERR,ERR,ERR,ERR,ERR,ERR,ERR,ERR,ERR,ERR,ERR,ERR,ERR,ERR,ERR,ERR,ERR,ERR,ERR,ERR,ERR,ERR,ERR,ERR,ERR,ERR,ERR,ERR,ERR,ERR,ERR,ERR,ERR,ERR,ERR,ERR,ERR,ERR,ERR,ERR,ERR,ERR,ERR,ERR,ERR,ERR,ERR,ERR,ERR,ERR,ERR,ERR,ERR,ERR,ERR,ERR,ERR,ERR,ERR,ERR,ERR,ERR,ERR,ERR,ERR,ERR,ERR,ERR,ERR,ERR,ERR,ERR,ERR,ERR,ERR,ERR,ERR,ERR,ERR,ERR,ERR,ERR,ERR,ERR,ERR,ERR,ERR,ERR,ERR,ERR,ERR,ERR,ERR,ERR,ERR,ERR,ERR,ERR,ERR,ERR,ERR,ERR,ERR,ERR,ERR,ERR,ERR,ERR,ERR,ERR,ERR,ERR,ERR,ERR,ERR,-0.0,-107615392.0,-134999232.0,-0.0,0.0,1.3936040501711995e+18,7.805,11082173251584.0,0,0,4,48855,6720,14723890282496.0,100,0.0,0.0,0.0,-0.0,0.0,0,0,0,0,0.0,0,0,0,0,0,0,0,0,0,0,0,0,0,0,0,0,0,0,0,0,0,0,0,0,0,0,0,0,0,0,0,0,0,26,51,50,76,65476,0,300,0,0,8,21553,0.0,-107605600.0,0.0,0.0,0.0,0.0,0.0,0.0,0.0,0.0,0.0,0.0,0.0,0.0,0.0,0.0,0.0,0.0,0.0,0.0,0.0,0.0,0.0,0.0,2.004,-2.004,0.0,0.0,0.0,0.0,4743.0,0.0,7301.0,-0.0,-107615392.0,0.0,2.7184312818759872e+23,0.0,0.0,0.0,0.0,77,-89221.125,-0.0,0.0,0.0,0.0,0.0,0.0,0.0,0.0,0,0,0,0.0,0.0,0.0,0.0,0.0,0.0,0.0,0.0,0.0,0.0,0.0,0.0,0.0,0.0,0.0,0.0,0,-107875648.0,77,0.0,154,0.0,0.0,ERR,ERR,ERR,ERR,ERR,ERR,ERR,ERR,ERR,ERR,ERR,ERR,ERR,ERR,ERR,ERR,ERR,ERR,ERR,ERR,ERR,ERR,ERR,ERR,ERR,ERR,ERR,ERR,ERR,ERR,ERR,ERR,ERR,ERR,ERR,ERR,ERR,ERR,ERR,ERR,ERR,ERR,ERR,ERR,ERR,ERR,ERR,ERR,ERR,ERR,ERR,ERR,ERR,ERR,ERR,ERR,ERR,ERR,ERR,ERR,ERR,ERR,ERR,ERR,ERR,ERR,ERR,34.0,80.0,35,0.0,0.0,0.0,0.0,0.0,0.0,0.0,0.0,0.0,0.0,0.0,0.0,0.0,0.0,0.0,0.0,66.0,0,120,58,54,65476,0,300,0,0,8,20529,65476,0,0,57672,80.0,0.0,0.0,0.0,0.0,0.0
2026-06-18T02:11:08,ERR,ERR,ERR,ERR,ERR,ERR,ERR,ERR,ERR,ERR,ERR,ERR,ERR,ERR,ERR,ERR,ERR,ERR,ERR,ERR,ERR,ERR,ERR,ERR,ERR,ERR,ERR,ERR,ERR,ERR,ERR,ERR,ERR,ERR,ERR,ERR,ERR,ERR,ERR,ERR,ERR,ERR,ERR,ERR,ERR,ERR,ERR,ERR,ERR,ERR,ERR,ERR,ERR,ERR,ERR,ERR,ERR,ERR,ERR,ERR,ERR,ERR,ERR,ERR,ERR,ERR,ERR,ERR,ERR,ERR,ERR,ERR,ERR,ERR,ERR,ERR,ERR,ERR,ERR,ERR,ERR,ERR,ERR,ERR,ERR,ERR,ERR,ERR,ERR,ERR,ERR,ERR,ERR,ERR,ERR,ERR,ERR,ERR,ERR,ERR,ERR,ERR,ERR,ERR,ERR,ERR,ERR,ERR,ERR,ERR,ERR,ERR,ERR,ERR,ERR,ERR,ERR,ERR,ERR,ERR,ERR,ERR,ERR,ERR,ERR,-0.0,-107615392.0,-134999232.0,-0.0,0.0,1.3936040501711995e+18,7.805,11082173251584.0,0,0,4,48855,6720,14723890282496.0,100,0.0,0.0,0.0,-0.0,0.0,0,0,0,0,0.0,0,0,0,0,0,0,0,0,0,0,0,0,0,0,0,0,0,0,0,0,0,0,0,0,0,0,0,0,0,0,0,0,0,26,51,50,76,65476,0,300,0,0,8,21553,0.0,-107605600.0,0.0,0.0,0.0,0.0,0.0,0.0,0.0,0.0,0.0,0.0,0.0,0.0,0.0,0.0,0.0,0.0,0.0,0.0,0.0,0.0,0.0,0.0,2.004,-2.004,0.0,0.0,0.0,0.0,4743.0,0.0,7301.0,-0.0,-107615392.0,0.0,2.7184312818759872e+23,0.0,0.0,0.0,0.0,77,-89221.125,-0.0,0.0,0.0,0.0,0.0,0.0,0.0,0.0,0,0,0,0.0,0.0,0.0,0.0,0.0,0.0,0.0,0.0,0.0,0.0,0.0,0.0,0.0,0.0,0.0,0.0,0,-107875648.0,77,0.0,154,0.0,0.0,ERR,ERR,ERR,ERR,ERR,ERR,ERR,ERR,ERR,ERR,ERR,ERR,ERR,ERR,ERR,ERR,ERR,ERR,ERR,ERR,ERR,ERR,ERR,ERR,ERR,ERR,ERR,ERR,ERR,ERR,ERR,ERR,ERR,ERR,ERR,ERR,ERR,ERR,ERR,ERR,ERR,ERR,ERR,ERR,ERR,ERR,ERR,ERR,ERR,ERR,ERR,ERR,ERR,ERR,ERR,ERR,ERR,ERR,ERR,ERR,ERR,ERR,ERR,ERR,ERR,ERR,ERR,34.0,80.0,35,0.0,0.0,0.0,0.0,0.0,0.0,0.0,0.0,0.0,0.0,0.0,0.0,0.0,0.0,0.0,0.0,66.4,0,120,58,54,65476,0,300,0,0,8,20529,65476,0,0,57672,80.0,0.0,0.0,0.0,0.0,0.0
2026-06-18T02:11:09,ERR,ERR,ERR,ERR,ERR,ERR,ERR,ERR,ERR,ERR,ERR,ERR,ERR,ERR,ERR,ERR,ERR,ERR,ERR,ERR,ERR,ERR,ERR,ERR,ERR,ERR,ERR,ERR,ERR,ERR,ERR,ERR,ERR,ERR,ERR,ERR,ERR,ERR,ERR,ERR,ERR,ERR,ERR,ERR,ERR,ERR,ERR,ERR,ERR,ERR,ERR,ERR,ERR,ERR,ERR,ERR,ERR,ERR,ERR,ERR,ERR,ERR,ERR,ERR,ERR,ERR,ERR,ERR,ERR,ERR,ERR,ERR,ERR,ERR,ERR,ERR,ERR,ERR,ERR,ERR,ERR,ERR,ERR,ERR,ERR,ERR,ERR,ERR,ERR,ERR,ERR,ERR,ERR,ERR,ERR,ERR,ERR,ERR,ERR,ERR,ERR,ERR,ERR,ERR,ERR,ERR,ERR,ERR,ERR,ERR,ERR,ERR,ERR,ERR,ERR,ERR,ERR,ERR,ERR,ERR,ERR,ERR,ERR,ERR,ERR,-0.0,-107615392.0,-134999232.0,0.0,0.0,1.3936040501711995e+18,7.805,5.082843243955664e+23,0,0,4,48852,6720,14723890282496.0,100,0.0,0.0,0.0,0.0,0.0,0,0,0,0,0.0,0,0,0,0,0,0,0,0,0,0,0,0,0,0,0,0,0,0,0,0,0,0,0,0,0,0,0,0,0,0,0,0,0,26,51,50,76,65476,0,300,0,0,8,21553,0.0,-107605600.0,0.0,0.0,0.0,0.0,0.0,0.0,0.0,0.0,0.0,0.0,0.0,0.0,0.0,0.0,0.0,0.0,0.0,0.0,0.0,0.0,0.0,0.0,2.004,-2.004,0.0,0.0,0.0,0.0,4744.0,0.0,7302.0,-0.0,-107615392.0,0.0,2.7184312818759872e+23,0.0,0.0,0.0,0.0,77,-107615360.0,-0.0,0.0,0.0,0.0,0.0,0.0,0.0,0.0,0,0,0,0.0,0.0,0.0,0.0,0.0,0.0,0.0,0.0,0.0,0.0,0.0,0.0,0.0,0.0,0.0,0.0,0,-107875648.0,77,0.0,154,0.0,0.0,ERR,ERR,ERR,ERR,ERR,ERR,ERR,ERR,ERR,ERR,ERR,ERR,ERR,ERR,ERR,ERR,ERR,ERR,ERR,ERR,ERR,ERR,ERR,ERR,ERR,ERR,ERR,ERR,ERR,ERR,ERR,ERR,ERR,ERR,ERR,ERR,ERR,ERR,ERR,ERR,ERR,ERR,ERR,ERR,ERR,ERR,ERR,ERR,ERR,ERR,ERR,ERR,ERR,ERR,ERR,ERR,ERR,ERR,ERR,ERR,ERR,ERR,ERR,ERR,ERR,ERR,ERR,34.0,80.0,35,0.0,0.0,0.0,0.0,0.0,0.0,0.0,0.0,0.0,0.0,0.0,0.0,0.0,0.0,0.0,0.0,66.4,0,120,58,54,65476,0,300,0,0,8,20529,65476,0,0,57672,80.0,0.0,0.0,0.0,0.0,0.0
2026-06-18T02:11:10,ERR,ERR,ERR,ERR,ERR,ERR,ERR,ERR,ERR,ERR,ERR,ERR,ERR,ERR,ERR,ERR,ERR,ERR,ERR,ERR,ERR,ERR,ERR,ERR,ERR,ERR,ERR,ERR,ERR,ERR,ERR,ERR,ERR,ERR,ERR,ERR,ERR,ERR,ERR,ERR,ERR,ERR,ERR,ERR,ERR,ERR,ERR,ERR,ERR,ERR,ERR,ERR,ERR,ERR,ERR,ERR,ERR,ERR,ERR,ERR,ERR,ERR,ERR,ERR,ERR,ERR,ERR,ERR,ERR,ERR,ERR,ERR,ERR,ERR,ERR,ERR,ERR,ERR,ERR,ERR,ERR,ERR,ERR,ERR,ERR,ERR,ERR,ERR,ERR,ERR,ERR,ERR,ERR,ERR,ERR,ERR,ERR,ERR,ERR,ERR,ERR,ERR,ERR,ERR,ERR,ERR,ERR,ERR,ERR,ERR,ERR,ERR,ERR,ERR,ERR,ERR,ERR,ERR,ERR,ERR,ERR,ERR,ERR,ERR,ERR,-0.0,-107615392.0,-134999232.0,0.0,0.0,1.3936040501711995e+18,7.805,5.082843243955664e+23,0,0,4,48852,6720,14723890282496.0,100,0.0,0.0,0.0,0.0,0.0,0,0,0,0,0.0,0,0,0,0,0,0,0,0,0,0,0,0,0,0,0,0,0,0,0,0,0,0,0,0,0,0,0,0,0,0,0,0,0,26,51,50,76,65476,0,300,0,0,8,21553,0.0,-107605600.0,0.0,0.0,0.0,0.0,0.0,0.0,0.0,0.0,0.0,0.0,0.0,0.0,0.0,0.0,0.0,0.0,0.0,0.0,0.0,0.0,0.0,0.0,2.004,-2.004,0.0,0.0,0.0,0.0,4744.0,0.0,7302.0,-0.0,-107615392.0,0.0,2.7184312818759872e+23,0.0,0.0,0.0,0.0,77,-107615360.0,-0.0,0.0,0.0,0.0,0.0,0.0,0.0,0.0,0,0,0,0.0,0.0,0.0,0.0,0.0,0.0,0.0,0.0,0.0,0.0,0.0,0.0,0.0,0.0,0.0,0.0,0,-107875648.0,77,0.0,154,0.0,0.0,ERR,ERR,ERR,ERR,ERR,ERR,ERR,ERR,ERR,ERR,ERR,ERR,ERR,ERR,ERR,ERR,ERR,ERR,ERR,ERR,ERR,ERR,ERR,ERR,ERR,ERR,ERR,ERR,ERR,ERR,ERR,ERR,ERR,ERR,ERR,ERR,ERR,ERR,ERR,ERR,ERR,ERR,ERR,ERR,ERR,ERR,ERR,ERR,ERR,ERR,ERR,ERR,ERR,ERR,ERR,ERR,ERR,ERR,ERR,ERR,ERR,ERR,ERR,ERR,ERR,ERR,ERR,34.0,80.0,35,0.0,0.0,0.0,0.0,0.0,0.0,0.0,0.0,0.0,0.0,0.0,0.0,0.0,0.0,0.0,0.0,66.4,0,120,58,54,65476,0,300,0,0,8,20529,65476,0,0,57672,80.0,0.0,0.0,0.0,0.0,0.0
2026-06-18T02:11:11,ERR,ERR,ERR,ERR,ERR,ERR,ERR,ERR,ERR,ERR,ERR,ERR,ERR,ERR,ERR,ERR,ERR,ERR,ERR,ERR,ERR,ERR,ERR,ERR,ERR,ERR,ERR,ERR,ERR,ERR,ERR,ERR,ERR,ERR,ERR,ERR,ERR,ERR,ERR,ERR,ERR,ERR,ERR,ERR,ERR,ERR,ERR,ERR,ERR,ERR,ERR,ERR,ERR,ERR,ERR,ERR,ERR,ERR,ERR,ERR,ERR,ERR,ERR,ERR,ERR,ERR,ERR,ERR,ERR,ERR,ERR,ERR,ERR,ERR,ERR,ERR,ERR,ERR,ERR,ERR,ERR,ERR,ERR,ERR,ERR,ERR,ERR,ERR,ERR,ERR,ERR,ERR,ERR,ERR,ERR,ERR,ERR,ERR,ERR,ERR,ERR,ERR,ERR,ERR,ERR,ERR,ERR,ERR,ERR,ERR,ERR,ERR,ERR,ERR,ERR,ERR,ERR,ERR,ERR,ERR,ERR,ERR,ERR,ERR,ERR,-0.0,-107615392.0,-134999232.0,0.0,0.0,1.3936040501711995e+18,7.805,5.082843243955664e+23,0,0,4,48852,6720,14723890282496.0,100,0.0,0.0,0.0,0.0,0.0,0,0,0,0,0.0,0,0,0,0,0,0,0,0,0,0,0,0,0,0,0,0,0,0,0,0,0,0,0,0,0,0,0,0,0,0,0,0,0,26,51,50,76,65476,0,300,0,0,8,21553,0.0,-107605600.0,0.0,0.0,0.0,0.0,0.0,0.0,0.0,0.0,0.0,0.0,0.0,0.0,0.0,0.0,0.0,0.0,0.0,0.0,0.0,0.0,0.0,0.0,2.004,-2.004,0.0,0.0,0.0,0.0,4744.0,0.0,7302.0,-0.0,-107615392.0,0.0,2.7184312818759872e+23,0.0,0.0,0.0,0.0,77,-107615360.0,-0.0,0.0,0.0,0.0,0.0,0.0,0.0,0.0,0,0,0,0.0,0.0,0.0,0.0,0.0,0.0,0.0,0.0,0.0,0.0,0.0,0.0,0.0,0.0,0.0,0.0,0,-107875648.0,77,0.0,154,0.0,0.0,ERR,ERR,ERR,ERR,ERR,ERR,ERR,ERR,ERR,ERR,ERR,ERR,ERR,ERR,ERR,ERR,ERR,ERR,ERR,ERR,ERR,ERR,ERR,ERR,ERR,ERR,ERR,ERR,ERR,ERR,ERR,ERR,ERR,ERR,ERR,ERR,ERR,ERR,ERR,ERR,ERR,ERR,ERR,ERR,ERR,ERR,ERR,ERR,ERR,ERR,ERR,ERR,ERR,ERR,ERR,ERR,ERR,ERR,ERR,ERR,ERR,ERR,ERR,ERR,ERR,ERR,ERR,34.0,80.0,35,0.0,0.0,0.0,0.0,0.0,0.0,0.0,0.0,0.0,0.0,0.0,0.0,0.0,0.0,0.0,0.0,66.0,0,120,58,54,65476,0,300,0,0,8,20529,65476,0,0,57672,80.0,0.0,0.0,0.0,0.0,0.0
2026-06-18T02:11:12,ERR,ERR,ERR,ERR,ERR,ERR,ERR,ERR,ERR,ERR,ERR,ERR,ERR,ERR,ERR,ERR,ERR,ERR,ERR,ERR,ERR,ERR,ERR,ERR,ERR,ERR,ERR,ERR,ERR,ERR,ERR,ERR,ERR,ERR,ERR,ERR,ERR,ERR,ERR,ERR,ERR,ERR,ERR,ERR,ERR,ERR,ERR,ERR,ERR,ERR,ERR,ERR,ERR,ERR,ERR,ERR,ERR,ERR,ERR,ERR,ERR,ERR,ERR,ERR,ERR,ERR,ERR,ERR,ERR,ERR,ERR,ERR,ERR,ERR,ERR,ERR,ERR,ERR,ERR,ERR,ERR,ERR,ERR,ERR,ERR,ERR,ERR,ERR,ERR,ERR,ERR,ERR,ERR,ERR,ERR,ERR,ERR,ERR,ERR,ERR,ERR,ERR,ERR,ERR,ERR,ERR,ERR,ERR,ERR,ERR,ERR,ERR,ERR,ERR,ERR,ERR,ERR,ERR,ERR,ERR,ERR,ERR,ERR,ERR,ERR,-0.0,-107615392.0,-134999232.0,0.0,0.0,1.3936040501711995e+18,7.805,5.082843243955664e+23,0,0,4,48852,6720,14723890282496.0,100,0.0,0.0,0.0,0.0,0.0,0,0,0,0,0.0,0,0,0,0,0,0,0,0,0,0,0,0,0,0,0,0,0,0,0,0,0,0,0,0,0,0,0,0,0,0,0,0,0,26,51,50,76,65476,0,300,0,0,8,21553,0.0,-107605600.0,0.0,0.0,0.0,0.0,0.0,0.0,0.0,0.0,0.0,0.0,0.0,0.0,0.0,0.0,0.0,0.0,0.0,0.0,0.0,0.0,0.0,0.0,2.004,-2.004,0.0,0.0,0.0,0.0,4744.0,0.0,7302.0,-0.0,-107615392.0,0.0,2.7184312818759872e+23,0.0,0.0,0.0,0.0,77,-107615360.0,-0.0,0.0,0.0,0.0,0.0,0.0,0.0,0.0,0,0,0,0.0,0.0,0.0,0.0,0.0,0.0,0.0,0.0,0.0,0.0,0.0,0.0,0.0,0.0,0.0,0.0,0,-107875648.0,77,0.0,154,0.0,0.0,ERR,ERR,ERR,ERR,ERR,ERR,ERR,ERR,ERR,ERR,ERR,ERR,ERR,ERR,ERR,ERR,ERR,ERR,ERR,ERR,ERR,ERR,ERR,ERR,ERR,ERR,ERR,ERR,ERR,ERR,ERR,ERR,ERR,ERR,ERR,ERR,ERR,ERR,ERR,ERR,ERR,ERR,ERR,ERR,ERR,ERR,ERR,ERR,ERR,ERR,ERR,ERR,ERR,ERR,ERR,ERR,ERR,ERR,ERR,ERR,ERR,ERR,ERR,ERR,ERR,ERR,ERR,34.0,80.0,35,0.0,0.0,0.0,0.0,0.0,0.0,0.0,0.0,0.0,0.0,0.0,0.0,0.0,0.0,0.0,0.0,66.0,0,120,58,54,65476,0,300,0,0,8,20529,65476,0,0,57672,80.0,0.0,0.0,0.0,0.0,0.0
2026-06-18T02:11:13,ERR,ERR,ERR,ERR,ERR,ERR,ERR,ERR,ERR,ERR,ERR,ERR,ERR,ERR,ERR,ERR,ERR,ERR,ERR,ERR,ERR,ERR,ERR,ERR,ERR,ERR,ERR,ERR,ERR,ERR,ERR,ERR,ERR,ERR,ERR,ERR,ERR,ERR,ERR,ERR,ERR,ERR,ERR,ERR,ERR,ERR,ERR,ERR,ERR,ERR,ERR,ERR,ERR,ERR,ERR,ERR,ERR,ERR,ERR,ERR,ERR,ERR,ERR,ERR,ERR,ERR,ERR,ERR,ERR,ERR,ERR,ERR,ERR,ERR,ERR,ERR,ERR,ERR,ERR,ERR,ERR,ERR,ERR,ERR,ERR,ERR,ERR,ERR,ERR,ERR,ERR,ERR,ERR,ERR,ERR,ERR,ERR,ERR,ERR,ERR,ERR,ERR,ERR,ERR,ERR,ERR,ERR,ERR,ERR,ERR,ERR,ERR,ERR,ERR,ERR,ERR,ERR,ERR,ERR,ERR,ERR,ERR,ERR,ERR,ERR,-0.0,-107615392.0,-134999232.0,0.0,0.0,1.3936040501711995e+18,7.805,5.082843243955664e+23,0,0,4,48852,6720,14723890282496.0,100,0.0,0.0,0.0,0.0,0.0,0,0,0,0,0.0,0,0,0,0,0,0,0,0,0,0,0,0,0,0,0,0,0,0,0,0,0,0,0,0,0,0,0,0,0,0,0,0,0,26,51,50,76,65476,0,300,0,0,8,21553,0.0,-107605600.0,0.0,0.0,0.0,0.0,0.0,0.0,0.0,0.0,0.0,0.0,0.0,0.0,0.0,0.0,0.0,0.0,0.0,0.0,0.0,0.0,0.0,0.0,2.004,-2.004,0.0,0.0,0.0,0.0,4744.0,0.0,7302.0,-0.0,-107615392.0,0.0,2.7184312818759872e+23,0.0,0.0,0.0,0.0,77,-107615360.0,-0.0,0.0,0.0,0.0,0.0,0.0,0.0,0.0,0,0,0,0.0,0.0,0.0,0.0,0.0,0.0,0.0,0.0,0.0,0.0,0.0,0.0,0.0,0.0,0.0,0.0,0,-107875648.0,77,0.0,154,0.0,0.0,ERR,ERR,ERR,ERR,ERR,ERR,ERR,ERR,ERR,ERR,ERR,ERR,ERR,ERR,ERR,ERR,ERR,ERR,ERR,ERR,ERR,ERR,ERR,ERR,ERR,ERR,ERR,ERR,ERR,ERR,ERR,ERR,ERR,ERR,ERR,ERR,ERR,ERR,ERR,ERR,ERR,ERR,ERR,ERR,ERR,ERR,ERR,ERR,ERR,ERR,ERR,ERR,ERR,ERR,ERR,ERR,ERR,ERR,ERR,ERR,ERR,ERR,ERR,ERR,ERR,ERR,ERR,34.0,80.0,35,0.0,0.0,0.0,0.0,0.0,0.0,0.0,0.0,0.0,0.0,0.0,0.0,0.0,0.0,0.0,0.0,66.0,0,120,58,54,65476,0,300,0,0,8,20529,65476,0,0,57672,80.0,0.0,0.0,0.0,0.0,0.0
2026-06-18T02:11:14,ERR,ERR,ERR,ERR,ERR,ERR,ERR,ERR,ERR,ERR,ERR,ERR,ERR,ERR,ERR,ERR,ERR,ERR,ERR,ERR,ERR,ERR,ERR,ERR,ERR,ERR,ERR,ERR,ERR,ERR,ERR,ERR,ERR,ERR,ERR,ERR,ERR,ERR,ERR,ERR,ERR,ERR,ERR,ERR,ERR,ERR,ERR,ERR,ERR,ERR,ERR,ERR,ERR,ERR,ERR,ERR,ERR,ERR,ERR,ERR,ERR,ERR,ERR,ERR,ERR,ERR,ERR,ERR,ERR,ERR,ERR,ERR,ERR,ERR,ERR,ERR,ERR,ERR,ERR,ERR,ERR,ERR,ERR,ERR,ERR,ERR,ERR,ERR,ERR,ERR,ERR,ERR,ERR,ERR,ERR,ERR,ERR,ERR,ERR,ERR,ERR,ERR,ERR,ERR,ERR,ERR,ERR,ERR,ERR,ERR,ERR,ERR,ERR,ERR,ERR,ERR,ERR,ERR,ERR,ERR,ERR,ERR,ERR,ERR,ERR,-0.0,-107615392.0,-134999232.0,0.0,0.0,1.3936040501711995e+18,7.805,5.082843243955664e+23,0,0,4,48852,6720,14723890282496.0,100,0.0,0.0,0.0,0.0,0.0,0,0,0,0,0.0,0,0,0,0,0,0,0,0,0,0,0,0,0,0,0,0,0,0,0,0,0,0,0,0,0,0,0,0,0,0,0,0,0,26,51,50,76,65476,0,300,0,0,8,21553,0.0,-107605600.0,0.0,0.0,0.0,0.0,0.0,0.0,0.0,0.0,0.0,0.0,0.0,0.0,0.0,0.0,0.0,0.0,0.0,0.0,0.0,0.0,0.0,0.0,2.004,-2.004,0.0,0.0,0.0,0.0,4744.0,0.0,7302.0,-0.0,-107615392.0,0.0,2.7184312818759872e+23,0.0,0.0,0.0,0.0,77,-107615360.0,-0.0,0.0,0.0,0.0,0.0,0.0,0.0,0.0,0,0,0,0.0,0.0,0.0,0.0,0.0,0.0,0.0,0.0,0.0,0.0,0.0,0.0,0.0,0.0,0.0,0.0,0,-107875648.0,77,0.0,154,0.0,0.0,ERR,ERR,ERR,ERR,ERR,ERR,ERR,ERR,ERR,ERR,ERR,ERR,ERR,ERR,ERR,ERR,ERR,ERR,ERR,ERR,ERR,ERR,ERR,ERR,ERR,ERR,ERR,ERR,ERR,ERR,ERR,ERR,ERR,ERR,ERR,ERR,ERR,ERR,ERR,ERR,ERR,ERR,ERR,ERR,ERR,ERR,ERR,ERR,ERR,ERR,ERR,ERR,ERR,ERR,ERR,ERR,ERR,ERR,ERR,ERR,ERR,ERR,ERR,ERR,ERR,ERR,ERR,34.0,80.0,35,0.0,0.0,0.0,0.0,0.0,0.0,0.0,0.0,0.0,0.0,0.0,0.0,0.0,0.0,0.0,0.0,66.0,0,120,58,54,65476,0,300,0,0,8,20529,65476,0,0,57672,80.0,0.0,0.0,0.0,0.0,0.0
2026-06-18T02:11:15,ERR,ERR,ERR,ERR,ERR,ERR,ERR,ERR,ERR,ERR,ERR,ERR,ERR,ERR,ERR,ERR,ERR,ERR,ERR,ERR,ERR,ERR,ERR,ERR,ERR,ERR,ERR,ERR,ERR,ERR,ERR,ERR,ERR,ERR,ERR,ERR,ERR,ERR,ERR,ERR,ERR,ERR,ERR,ERR,ERR,ERR,ERR,ERR,ERR,ERR,ERR,ERR,ERR,ERR,ERR,ERR,ERR,ERR,ERR,ERR,ERR,ERR,ERR,ERR,ERR,ERR,ERR,ERR,ERR,ERR,ERR,ERR,ERR,ERR,ERR,ERR,ERR,ERR,ERR,ERR,ERR,ERR,ERR,ERR,ERR,ERR,ERR,ERR,ERR,ERR,ERR,ERR,ERR,ERR,ERR,ERR,ERR,ERR,ERR,ERR,ERR,ERR,ERR,ERR,ERR,ERR,ERR,ERR,ERR,ERR,ERR,ERR,ERR,ERR,ERR,ERR,ERR,ERR,ERR,ERR,ERR,ERR,ERR,ERR,ERR,-0.0,-107615392.0,-134999232.0,0.059,0.0,1.3936040501711995e+18,7.805,234.267,0,0,4,48857,6720,14723890282496.0,100,0.0,0.0,0.0,-4.9501291711397626e+32,0.0,0,0,0,0,0.0,0,0,0,0,0,0,0,0,0,0,0,0,0,0,0,0,0,0,0,0,0,0,0,0,0,0,0,0,0,0,0,0,0,26,51,50,76,65476,0,300,0,0,8,21553,0.0,-107605600.0,0.0,0.0,0.0,0.0,0.0,0.0,0.0,0.0,0.0,0.0,0.0,0.0,0.0,0.0,0.0,0.0,0.0,0.0,0.0,0.0,0.0,0.0,2.004,-2.004,0.0,0.0,0.0,0.0,4739.0,0.0,7300.0,-0.0,-107615392.0,0.0,2.7184312818759872e+23,0.0,0.0,0.0,0.0,77,-0.0,-0.0,0.0,0.0,0.0,0.0,0.0,0.0,0.0,0,0,0,0.0,0.0,0.0,0.0,0.0,0.0,0.0,0.0,0.0,0.0,0.0,0.0,0.0,0.0,0.0,0.0,0,-107875648.0,77,0.0,154,0.0,0.0,ERR,ERR,ERR,ERR,ERR,ERR,ERR,ERR,ERR,ERR,ERR,ERR,ERR,ERR,ERR,ERR,ERR,ERR,ERR,ERR,ERR,ERR,ERR,ERR,ERR,ERR,ERR,ERR,ERR,ERR,ERR,ERR,ERR,ERR,ERR,ERR,ERR,ERR,ERR,ERR,ERR,ERR,ERR,ERR,ERR,ERR,ERR,ERR,ERR,ERR,ERR,ERR,ERR,ERR,ERR,ERR,ERR,ERR,ERR,ERR,ERR,ERR,ERR,ERR,ERR,ERR,ERR,34.0,80.0,35,0.0,0.0,0.0,0.0,0.0,0.0,0.0,0.0,0.0,0.0,0.0,0.0,0.0,0.0,0.0,0.0,66.0,0,120,58,54,65476,0,300,0,0,8,20529,65476,0,0,57672,80.0,0.0,0.0,0.0,0.0,0.0
2026-06-18T02:11:16,ERR,ERR,ERR,ERR,ERR,ERR,ERR,ERR,ERR,ERR,ERR,ERR,ERR,ERR,ERR,ERR,ERR,ERR,ERR,ERR,ERR,ERR,ERR,ERR,ERR,ERR,ERR,ERR,ERR,ERR,ERR,ERR,ERR,ERR,ERR,ERR,ERR,ERR,ERR,ERR,ERR,ERR,ERR,ERR,ERR,ERR,ERR,ERR,ERR,ERR,ERR,ERR,ERR,ERR,ERR,ERR,ERR,ERR,ERR,ERR,ERR,ERR,ERR,ERR,ERR,ERR,ERR,ERR,ERR,ERR,ERR,ERR,ERR,ERR,ERR,ERR,ERR,ERR,ERR,ERR,ERR,ERR,ERR,ERR,ERR,ERR,ERR,ERR,ERR,ERR,ERR,ERR,ERR,ERR,ERR,ERR,ERR,ERR,ERR,ERR,ERR,ERR,ERR,ERR,ERR,ERR,ERR,ERR,ERR,ERR,ERR,ERR,ERR,ERR,ERR,ERR,ERR,ERR,ERR,ERR,ERR,ERR,ERR,ERR,ERR,-0.0,-107615392.0,-134999232.0,0.059,0.0,1.3936040501711995e+18,7.805,234.267,0,0,4,48857,6720,14723890282496.0,100,0.0,0.0,0.0,-4.9501291711397626e+32,0.0,0,0,0,0,0.0,0,0,0,0,0,0,0,0,0,0,0,0,0,0,0,0,0,0,0,0,0,0,0,0,0,0,0,0,0,0,0,0,0,26,51,50,76,65476,0,300,0,0,8,21553,0.0,-107605600.0,0.0,0.0,0.0,0.0,0.0,0.0,0.0,0.0,0.0,0.0,0.0,0.0,0.0,0.0,0.0,0.0,0.0,0.0,0.0,0.0,0.0,0.0,2.004,-2.004,0.0,0.0,0.0,0.0,4739.0,0.0,7300.0,-0.0,-107615392.0,0.0,2.7184312818759872e+23,0.0,0.0,0.0,0.0,77,-0.0,-0.0,0.0,0.0,0.0,0.0,0.0,0.0,0.0,0,0,0,0.0,0.0,0.0,0.0,0.0,0.0,0.0,0.0,0.0,0.0,0.0,0.0,0.0,0.0,0.0,0.0,0,-107875648.0,77,0.0,154,0.0,0.0,ERR,ERR,ERR,ERR,ERR,ERR,ERR,ERR,ERR,ERR,ERR,ERR,ERR,ERR,ERR,ERR,ERR,ERR,ERR,ERR,ERR,ERR,ERR,ERR,ERR,ERR,ERR,ERR,ERR,ERR,ERR,ERR,ERR,ERR,ERR,ERR,ERR,ERR,ERR,ERR,ERR,ERR,ERR,ERR,ERR,ERR,ERR,ERR,ERR,ERR,ERR,ERR,ERR,ERR,ERR,ERR,ERR,ERR,ERR,ERR,ERR,ERR,ERR,ERR,ERR,ERR,ERR,34.0,80.0,35,0.0,0.0,0.0,0.0,0.0,0.0,0.0,0.0,0.0,0.0,0.0,0.0,0.0,0.0,0.0,0.0,66.0,0,120,58,54,65476,0,300,0,0,8,20529,65476,0,0,57672,80.0,0.0,0.0,0.0,0.0,0.0
2026-06-18T02:11:17,ERR,ERR,ERR,ERR,ERR,ERR,ERR,ERR,ERR,ERR,ERR,ERR,ERR,ERR,ERR,ERR,ERR,ERR,ERR,ERR,ERR,ERR,ERR,ERR,ERR,ERR,ERR,ERR,ERR,ERR,ERR,ERR,ERR,ERR,ERR,ERR,ERR,ERR,ERR,ERR,ERR,ERR,ERR,ERR,ERR,ERR,ERR,ERR,ERR,ERR,ERR,ERR,ERR,ERR,ERR,ERR,ERR,ERR,ERR,ERR,ERR,ERR,ERR,ERR,ERR,ERR,ERR,ERR,ERR,ERR,ERR,ERR,ERR,ERR,ERR,ERR,ERR,ERR,ERR,ERR,ERR,ERR,ERR,ERR,ERR,ERR,ERR,ERR,ERR,ERR,ERR,ERR,ERR,ERR,ERR,ERR,ERR,ERR,ERR,ERR,ERR,ERR,ERR,ERR,ERR,ERR,ERR,ERR,ERR,ERR,ERR,ERR,ERR,ERR,ERR,ERR,ERR,ERR,ERR,ERR,ERR,ERR,ERR,ERR,ERR,-0.0,-107615392.0,-134999232.0,0.059,0.0,1.3936040501711995e+18,7.805,234.267,0,0,4,48857,6720,14723890282496.0,100,0.0,0.0,0.0,-4.9501291711397626e+32,0.0,0,0,0,0,0.0,0,0,0,0,0,0,0,0,0,0,0,0,0,0,0,0,0,0,0,0,0,0,0,0,0,0,0,0,0,0,0,0,0,26,51,50,76,65476,0,300,0,0,8,21553,0.0,-107605600.0,0.0,0.0,0.0,0.0,0.0,0.0,0.0,0.0,0.0,0.0,0.0,0.0,0.0,0.0,0.0,0.0,0.0,0.0,0.0,0.0,0.0,0.0,2.004,-2.004,0.0,0.0,0.0,0.0,4739.0,0.0,7300.0,-0.0,-107615392.0,0.0,2.7184312818759872e+23,0.0,0.0,0.0,0.0,77,-0.0,-0.0,0.0,0.0,0.0,0.0,0.0,0.0,0.0,0,0,0,0.0,0.0,0.0,0.0,0.0,0.0,0.0,0.0,0.0,0.0,0.0,0.0,0.0,0.0,0.0,0.0,0,-107875648.0,77,0.0,154,0.0,0.0,ERR,ERR,ERR,ERR,ERR,ERR,ERR,ERR,ERR,ERR,ERR,ERR,ERR,ERR,ERR,ERR,ERR,ERR,ERR,ERR,ERR,ERR,ERR,ERR,ERR,ERR,ERR,ERR,ERR,ERR,ERR,ERR,ERR,ERR,ERR,ERR,ERR,ERR,ERR,ERR,ERR,ERR,ERR,ERR,ERR,ERR,ERR,ERR,ERR,ERR,ERR,ERR,ERR,ERR,ERR,ERR,ERR,ERR,ERR,ERR,ERR,ERR,ERR,ERR,ERR,ERR,ERR,34.0,80.0,35,0.0,0.0,0.0,0.0,0.0,0.0,0.0,0.0,0.0,0.0,0.0,0.0,0.0,0.0,0.0,0.0,66.0,0,120,58,54,65476,0,300,0,0,8,20529,65476,0,0,57672,80.0,0.0,0.0,0.0,0.0,0.0
2026-06-18T02:11:18,ERR,ERR,ERR,ERR,ERR,ERR,ERR,ERR,ERR,ERR,ERR,ERR,ERR,ERR,ERR,ERR,ERR,ERR,ERR,ERR,ERR,ERR,ERR,ERR,ERR,ERR,ERR,ERR,ERR,ERR,ERR,ERR,ERR,ERR,ERR,ERR,ERR,ERR,ERR,ERR,ERR,ERR,ERR,ERR,ERR,ERR,ERR,ERR,ERR,ERR,ERR,ERR,ERR,ERR,ERR,ERR,ERR,ERR,ERR,ERR,ERR,ERR,ERR,ERR,ERR,ERR,ERR,ERR,ERR,ERR,ERR,ERR,ERR,ERR,ERR,ERR,ERR,ERR,ERR,ERR,ERR,ERR,ERR,ERR,ERR,ERR,ERR,ERR,ERR,ERR,ERR,ERR,ERR,ERR,ERR,ERR,ERR,ERR,ERR,ERR,ERR,ERR,ERR,ERR,ERR,ERR,ERR,ERR,ERR,ERR,ERR,ERR,ERR,ERR,ERR,ERR,ERR,ERR,ERR,ERR,ERR,ERR,ERR,ERR,ERR,-0.0,-107615392.0,-134999232.0,0.059,0.0,1.3936040501711995e+18,7.805,234.267,0,0,4,48857,6720,14723890282496.0,100,0.0,0.0,0.0,-4.9501291711397626e+32,0.0,0,0,0,0,0.0,0,0,0,0,0,0,0,0,0,0,0,0,0,0,0,0,0,0,0,0,0,0,0,0,0,0,0,0,0,0,0,0,0,26,51,50,76,65476,0,300,0,0,8,21553,0.0,-107605600.0,0.0,0.0,0.0,0.0,0.0,0.0,0.0,0.0,0.0,0.0,0.0,0.0,0.0,0.0,0.0,0.0,0.0,0.0,0.0,0.0,0.0,0.0,2.004,-2.004,0.0,0.0,0.0,0.0,4739.0,0.0,7300.0,-0.0,-107615392.0,0.0,2.7184312818759872e+23,0.0,0.0,0.0,0.0,77,-0.0,-0.0,0.0,0.0,0.0,0.0,0.0,0.0,0.0,0,0,0,0.0,0.0,0.0,0.0,0.0,0.0,0.0,0.0,0.0,0.0,0.0,0.0,0.0,0.0,0.0,0.0,0,-107875648.0,77,0.0,154,0.0,0.0,ERR,ERR,ERR,ERR,ERR,ERR,ERR,ERR,ERR,ERR,ERR,ERR,ERR,ERR,ERR,ERR,ERR,ERR,ERR,ERR,ERR,ERR,ERR,ERR,ERR,ERR,ERR,ERR,ERR,ERR,ERR,ERR,ERR,ERR,ERR,ERR,ERR,ERR,ERR,ERR,ERR,ERR,ERR,ERR,ERR,ERR,ERR,ERR,ERR,ERR,ERR,ERR,ERR,ERR,ERR,ERR,ERR,ERR,ERR,ERR,ERR,ERR,ERR,ERR,ERR,ERR,ERR,34.0,80.0,35,0.0,0.0,0.0,0.0,0.0,0.0,0.0,0.0,0.0,0.0,0.0,0.0,0.0,0.0,0.0,0.0,66.0,0,120,58,54,65476,0,300,0,0,8,20529,65476,0,0,57672,80.0,0.0,0.0,0.0,0.0,0.0
2026-06-18T02:11:19,ERR,ERR,ERR,ERR,ERR,ERR,ERR,ERR,ERR,ERR,ERR,ERR,ERR,ERR,ERR,ERR,ERR,ERR,ERR,ERR,ERR,ERR,ERR,ERR,ERR,ERR,ERR,ERR,ERR,ERR,ERR,ERR,ERR,ERR,ERR,ERR,ERR,ERR,ERR,ERR,ERR,ERR,ERR,ERR,ERR,ERR,ERR,ERR,ERR,ERR,ERR,ERR,ERR,ERR,ERR,ERR,ERR,ERR,ERR,ERR,ERR,ERR,ERR,ERR,ERR,ERR,ERR,ERR,ERR,ERR,ERR,ERR,ERR,ERR,ERR,ERR,ERR,ERR,ERR,ERR,ERR,ERR,ERR,ERR,ERR,ERR,ERR,ERR,ERR,ERR,ERR,ERR,ERR,ERR,ERR,ERR,ERR,ERR,ERR,ERR,ERR,ERR,ERR,ERR,ERR,ERR,ERR,ERR,ERR,ERR,ERR,ERR,ERR,ERR,ERR,ERR,ERR,ERR,ERR,ERR,ERR,ERR,ERR,ERR,ERR,-0.0,-107615392.0,-134999232.0,0.059,0.0,1.3936040501711995e+18,7.805,234.267,0,0,4,48857,6720,14723890282496.0,100,0.0,0.0,0.0,-4.9501291711397626e+32,0.0,0,0,0,0,0.0,0,0,0,0,0,0,0,0,0,0,0,0,0,0,0,0,0,0,0,0,0,0,0,0,0,0,0,0,0,0,0,0,0,26,51,50,76,65476,0,300,0,0,8,21553,0.0,-107605600.0,0.0,0.0,0.0,0.0,0.0,0.0,0.0,0.0,0.0,0.0,0.0,0.0,0.0,0.0,0.0,0.0,0.0,0.0,0.0,0.0,0.0,0.0,2.004,-2.004,0.0,0.0,0.0,0.0,4739.0,0.0,7300.0,-0.0,-107615392.0,0.0,2.7184312818759872e+23,0.0,0.0,0.0,0.0,77,-0.0,-0.0,0.0,0.0,0.0,0.0,0.0,0.0,0.0,0,0,0,0.0,0.0,0.0,0.0,0.0,0.0,0.0,0.0,0.0,0.0,0.0,0.0,0.0,0.0,0.0,0.0,0,-107875648.0,77,0.0,154,0.0,0.0,ERR,ERR,ERR,ERR,ERR,ERR,ERR,ERR,ERR,ERR,ERR,ERR,ERR,ERR,ERR,ERR,ERR,ERR,ERR,ERR,ERR,ERR,ERR,ERR,ERR,ERR,ERR,ERR,ERR,ERR,ERR,ERR,ERR,ERR,ERR,ERR,ERR,ERR,ERR,ERR,ERR,ERR,ERR,ERR,ERR,ERR,ERR,ERR,ERR,ERR,ERR,ERR,ERR,ERR,ERR,ERR,ERR,ERR,ERR,ERR,ERR,ERR,ERR,ERR,ERR,ERR,ERR,34.0,80.0,35,0.0,0.0,0.0,0.0,0.0,0.0,0.0,0.0,0.0,0.0,0.0,0.0,0.0,0.0,0.0,0.0,66.0,0,120,58,54,65476,0,300,0,0,8,20529,65476,0,0,57672,80.0,0.0,0.0,0.0,0.0,0.0
2026-06-18T02:11:20,ERR,ERR,ERR,ERR,ERR,ERR,ERR,ERR,ERR,ERR,ERR,ERR,ERR,ERR,ERR,ERR,ERR,ERR,ERR,ERR,ERR,ERR,ERR,ERR,ERR,ERR,ERR,ERR,ERR,ERR,ERR,ERR,ERR,ERR,ERR,ERR,ERR,ERR,ERR,ERR,ERR,ERR,ERR,ERR,ERR,ERR,ERR,ERR,ERR,ERR,ERR,ERR,ERR,ERR,ERR,ERR,ERR,ERR,ERR,ERR,ERR,ERR,ERR,ERR,ERR,ERR,ERR,ERR,ERR,ERR,ERR,ERR,ERR,ERR,ERR,ERR,ERR,ERR,ERR,ERR,ERR,ERR,ERR,ERR,ERR,ERR,ERR,ERR,ERR,ERR,ERR,ERR,ERR,ERR,ERR,ERR,ERR,ERR,ERR,ERR,ERR,ERR,ERR,ERR,ERR,ERR,ERR,ERR,ERR,ERR,ERR,ERR,ERR,ERR,ERR,ERR,ERR,ERR,ERR,ERR,ERR,ERR,ERR,ERR,ERR,-0.0,-107615392.0,-134999232.0,0.0,0.0,1.3936040501711995e+18,7.805,5.082843243955664e+23,0,0,4,48850,6720,14723890282496.0,100,0.0,0.0,0.0,0.0,0.0,0,0,0,0,0.0,0,0,0,0,0,0,0,0,0,0,0,0,0,0,0,0,0,0,0,0,0,0,0,0,0,0,0,0,0,0,0,0,0,26,51,50,76,65476,0,300,0,0,8,21553,0.0,-107605600.0,0.0,0.0,0.0,0.0,0.0,0.0,0.0,0.0,0.0,0.0,0.0,0.0,0.0,0.0,0.0,0.0,0.0,0.0,0.0,0.0,0.0,0.0,2.004,-2.004,0.0,0.0,0.0,0.0,4738.0,0.0,7298.0,-0.0,-107615392.0,0.0,2.7184312818759872e+23,0.0,0.0,0.0,0.0,77,-0.0,-0.0,0.0,0.0,0.0,0.0,0.0,0.0,0.0,0,0,0,0.0,0.0,0.0,0.0,0.0,0.0,0.0,0.0,0.0,0.0,0.0,0.0,0.0,0.0,0.0,0.0,0,-107875648.0,77,0.0,154,0.0,0.0,ERR,ERR,ERR,ERR,ERR,ERR,ERR,ERR,ERR,ERR,ERR,ERR,ERR,ERR,ERR,ERR,ERR,ERR,ERR,ERR,ERR,ERR,ERR,ERR,ERR,ERR,ERR,ERR,ERR,ERR,ERR,ERR,ERR,ERR,ERR,ERR,ERR,ERR,ERR,ERR,ERR,ERR,ERR,ERR,ERR,ERR,ERR,ERR,ERR,ERR,ERR,ERR,ERR,ERR,ERR,ERR,ERR,ERR,ERR,ERR,ERR,ERR,ERR,ERR,ERR,ERR,ERR,34.0,80.0,35,0.0,0.0,0.0,0.0,0.0,0.0,0.0,0.0,0.0,0.0,0.0,0.0,0.0,0.0,0.0,0.0,66.0,0,120,58,54,65476,0,300,0,0,8,20529,65476,0,0,57672,80.0,0.0,0.0,0.0,0.0,0.0
2026-06-18T02:11:21,ERR,ERR,ERR,ERR,ERR,ERR,ERR,ERR,ERR,ERR,ERR,ERR,ERR,ERR,ERR,ERR,ERR,ERR,ERR,ERR,ERR,ERR,ERR,ERR,ERR,ERR,ERR,ERR,ERR,ERR,ERR,ERR,ERR,ERR,ERR,ERR,ERR,ERR,ERR,ERR,ERR,ERR,ERR,ERR,ERR,ERR,ERR,ERR,ERR,ERR,ERR,ERR,ERR,ERR,ERR,ERR,ERR,ERR,ERR,ERR,ERR,ERR,ERR,ERR,ERR,ERR,ERR,ERR,ERR,ERR,ERR,ERR,ERR,ERR,ERR,ERR,ERR,ERR,ERR,ERR,ERR,ERR,ERR,ERR,ERR,ERR,ERR,ERR,ERR,ERR,ERR,ERR,ERR,ERR,ERR,ERR,ERR,ERR,ERR,ERR,ERR,ERR,ERR,ERR,ERR,ERR,ERR,ERR,ERR,ERR,ERR,ERR,ERR,ERR,ERR,ERR,ERR,ERR,ERR,ERR,ERR,ERR,ERR,ERR,ERR,-0.0,-107615392.0,-134999232.0,0.0,0.0,1.3936040501711995e+18,7.805,5.082843243955664e+23,0,0,4,48850,6720,14723890282496.0,100,0.0,0.0,0.0,0.0,0.0,0,0,0,0,0.0,0,0,0,0,0,0,0,0,0,0,0,0,0,0,0,0,0,0,0,0,0,0,0,0,0,0,0,0,0,0,0,0,0,26,51,50,76,65476,0,300,0,0,8,21553,0.0,-107605600.0,0.0,0.0,0.0,0.0,0.0,0.0,0.0,0.0,0.0,0.0,0.0,0.0,0.0,0.0,0.0,0.0,0.0,0.0,0.0,0.0,0.0,0.0,2.004,-2.004,0.0,0.0,0.0,0.0,4738.0,0.0,7298.0,-0.0,-107615392.0,0.0,2.7184312818759872e+23,0.0,0.0,0.0,0.0,77,-0.0,-0.0,0.0,0.0,0.0,0.0,0.0,0.0,0.0,0,0,0,0.0,0.0,0.0,0.0,0.0,0.0,0.0,0.0,0.0,0.0,0.0,0.0,0.0,0.0,0.0,0.0,0,-107875648.0,77,0.0,154,0.0,0.0,ERR,ERR,ERR,ERR,ERR,ERR,ERR,ERR,ERR,ERR,ERR,ERR,ERR,ERR,ERR,ERR,ERR,ERR,ERR,ERR,ERR,ERR,ERR,ERR,ERR,ERR,ERR,ERR,ERR,ERR,ERR,ERR,ERR,ERR,ERR,ERR,ERR,ERR,ERR,ERR,ERR,ERR,ERR,ERR,ERR,ERR,ERR,ERR,ERR,ERR,ERR,ERR,ERR,ERR,ERR,ERR,ERR,ERR,ERR,ERR,ERR,ERR,ERR,ERR,ERR,ERR,ERR,34.0,80.0,35,0.0,0.0,0.0,0.0,0.0,0.0,0.0,0.0,0.0,0.0,0.0,0.0,0.0,0.0,0.0,0.0,66.0,0,120,58,54,65476,0,300,0,0,8,20529,65476,0,0,57672,80.0,0.0,0.0,0.0,0.0,0.0
2026-06-18T02:11:22,ERR,ERR,ERR,ERR,ERR,ERR,ERR,ERR,ERR,ERR,ERR,ERR,ERR,ERR,ERR,ERR,ERR,ERR,ERR,ERR,ERR,ERR,ERR,ERR,ERR,ERR,ERR,ERR,ERR,ERR,ERR,ERR,ERR,ERR,ERR,ERR,ERR,ERR,ERR,ERR,ERR,ERR,ERR,ERR,ERR,ERR,ERR,ERR,ERR,ERR,ERR,ERR,ERR,ERR,ERR,ERR,ERR,ERR,ERR,ERR,ERR,ERR,ERR,ERR,ERR,ERR,ERR,ERR,ERR,ERR,ERR,ERR,ERR,ERR,ERR,ERR,ERR,ERR,ERR,ERR,ERR,ERR,ERR,ERR,ERR,ERR,ERR,ERR,ERR,ERR,ERR,ERR,ERR,ERR,ERR,ERR,ERR,ERR,ERR,ERR,ERR,ERR,ERR,ERR,ERR,ERR,ERR,ERR,ERR,ERR,ERR,ERR,ERR,ERR,ERR,ERR,ERR,ERR,ERR,ERR,ERR,ERR,ERR,ERR,ERR,-0.0,-107615392.0,-134999232.0,0.0,0.0,1.3936040501711995e+18,7.805,5.082843243955664e+23,0,0,4,48850,6720,14723890282496.0,100,0.0,0.0,0.0,0.0,0.0,0,0,0,0,0.0,0,0,0,0,0,0,0,0,0,0,0,0,0,0,0,0,0,0,0,0,0,0,0,0,0,0,0,0,0,0,0,0,0,26,51,50,76,65476,0,300,0,0,8,21553,0.0,-107605600.0,0.0,0.0,0.0,0.0,0.0,0.0,0.0,0.0,0.0,0.0,0.0,0.0,0.0,0.0,0.0,0.0,0.0,0.0,0.0,0.0,0.0,0.0,2.004,-2.004,0.0,0.0,0.0,0.0,4738.0,0.0,7298.0,-0.0,-107615392.0,0.0,2.7184312818759872e+23,0.0,0.0,0.0,0.0,77,-0.0,-0.0,0.0,0.0,0.0,0.0,0.0,0.0,0.0,0,0,0,0.0,0.0,0.0,0.0,0.0,0.0,0.0,0.0,0.0,0.0,0.0,0.0,0.0,0.0,0.0,0.0,0,-107875648.0,77,0.0,154,0.0,0.0,ERR,ERR,ERR,ERR,ERR,ERR,ERR,ERR,ERR,ERR,ERR,ERR,ERR,ERR,ERR,ERR,ERR,ERR,ERR,ERR,ERR,ERR,ERR,ERR,ERR,ERR,ERR,ERR,ERR,ERR,ERR,ERR,ERR,ERR,ERR,ERR,ERR,ERR,ERR,ERR,ERR,ERR,ERR,ERR,ERR,ERR,ERR,ERR,ERR,ERR,ERR,ERR,ERR,ERR,ERR,ERR,ERR,ERR,ERR,ERR,ERR,ERR,ERR,ERR,ERR,ERR,ERR,34.0,80.0,35,0.0,0.0,0.0,0.0,0.0,0.0,0.0,0.0,0.0,0.0,0.0,0.0,0.0,0.0,0.0,0.0,66.4,0,120,58,54,65476,0,300,0,0,8,20529,65476,0,0,57672,80.0,0.0,0.0,0.0,0.0,0.0
2026-06-18T02:11:23,ERR,ERR,ERR,ERR,ERR,ERR,ERR,ERR,ERR,ERR,ERR,ERR,ERR,ERR,ERR,ERR,ERR,ERR,ERR,ERR,ERR,ERR,ERR,ERR,ERR,ERR,ERR,ERR,ERR,ERR,ERR,ERR,ERR,ERR,ERR,ERR,ERR,ERR,ERR,ERR,ERR,ERR,ERR,ERR,ERR,ERR,ERR,ERR,ERR,ERR,ERR,ERR,ERR,ERR,ERR,ERR,ERR,ERR,ERR,ERR,ERR,ERR,ERR,ERR,ERR,ERR,ERR,ERR,ERR,ERR,ERR,ERR,ERR,ERR,ERR,ERR,ERR,ERR,ERR,ERR,ERR,ERR,ERR,ERR,ERR,ERR,ERR,ERR,ERR,ERR,ERR,ERR,ERR,ERR,ERR,ERR,ERR,ERR,ERR,ERR,ERR,ERR,ERR,ERR,ERR,ERR,ERR,ERR,ERR,ERR,ERR,ERR,ERR,ERR,ERR,ERR,ERR,ERR,ERR,ERR,ERR,ERR,ERR,ERR,ERR,-0.0,-107615392.0,-134999232.0,0.0,0.0,1.3936040501711995e+18,7.805,5.082843243955664e+23,0,0,4,48850,6720,14723890282496.0,100,0.0,0.0,0.0,0.0,0.0,0,0,0,0,0.0,0,0,0,0,0,0,0,0,0,0,0,0,0,0,0,0,0,0,0,0,0,0,0,0,0,0,0,0,0,0,0,0,0,26,51,50,76,65476,0,300,0,0,8,21553,0.0,-107605600.0,0.0,0.0,0.0,0.0,0.0,0.0,0.0,0.0,0.0,0.0,0.0,0.0,0.0,0.0,0.0,0.0,0.0,0.0,0.0,0.0,0.0,0.0,2.004,-2.004,0.0,0.0,0.0,0.0,4738.0,0.0,7298.0,-0.0,-107615392.0,0.0,2.7184312818759872e+23,0.0,0.0,0.0,0.0,77,-0.0,-0.0,0.0,0.0,0.0,0.0,0.0,0.0,0.0,0,0,0,0.0,0.0,0.0,0.0,0.0,0.0,0.0,0.0,0.0,0.0,0.0,0.0,0.0,0.0,0.0,0.0,0,-107875648.0,77,0.0,154,0.0,0.0,ERR,ERR,ERR,ERR,ERR,ERR,ERR,ERR,ERR,ERR,ERR,ERR,ERR,ERR,ERR,ERR,ERR,ERR,ERR,ERR,ERR,ERR,ERR,ERR,ERR,ERR,ERR,ERR,ERR,ERR,ERR,ERR,ERR,ERR,ERR,ERR,ERR,ERR,ERR,ERR,ERR,ERR,ERR,ERR,ERR,ERR,ERR,ERR,ERR,ERR,ERR,ERR,ERR,ERR,ERR,ERR,ERR,ERR,ERR,ERR,ERR,ERR,ERR,ERR,ERR,ERR,ERR,34.0,80.0,35,0.0,0.0,0.0,0.0,0.0,0.0,0.0,0.0,0.0,0.0,0.0,0.0,0.0,0.0,0.0,0.0,66.4,0,120,58,54,65476,0,300,0,0,8,20529,65476,0,0,57672,80.0,0.0,0.0,0.0,0.0,0.0
2026-06-18T02:11:24,ERR,ERR,ERR,ERR,ERR,ERR,ERR,ERR,ERR,ERR,ERR,ERR,ERR,ERR,ERR,ERR,ERR,ERR,ERR,ERR,ERR,ERR,ERR,ERR,ERR,ERR,ERR,ERR,ERR,ERR,ERR,ERR,ERR,ERR,ERR,ERR,ERR,ERR,ERR,ERR,ERR,ERR,ERR,ERR,ERR,ERR,ERR,ERR,ERR,ERR,ERR,ERR,ERR,ERR,ERR,ERR,ERR,ERR,ERR,ERR,ERR,ERR,ERR,ERR,ERR,ERR,ERR,ERR,ERR,ERR,ERR,ERR,ERR,ERR,ERR,ERR,ERR,ERR,ERR,ERR,ERR,ERR,ERR,ERR,ERR,ERR,ERR,ERR,ERR,ERR,ERR,ERR,ERR,ERR,ERR,ERR,ERR,ERR,ERR,ERR,ERR,ERR,ERR,ERR,ERR,ERR,ERR,ERR,ERR,ERR,ERR,ERR,ERR,ERR,ERR,ERR,ERR,ERR,ERR,ERR,ERR,ERR,ERR,ERR,ERR,-0.0,-107615392.0,-134999232.0,0.0,0.0,1.3936040501711995e+18,7.805,5.082843243955664e+23,0,0,4,48850,6720,14723890282496.0,100,0.0,0.0,0.0,0.0,0.0,0,0,0,0,0.0,0,0,0,0,0,0,0,0,0,0,0,0,0,0,0,0,0,0,0,0,0,0,0,0,0,0,0,0,0,0,0,0,0,26,51,50,76,65476,0,300,0,0,8,21553,0.0,-107605600.0,0.0,0.0,0.0,0.0,0.0,0.0,0.0,0.0,0.0,0.0,0.0,0.0,0.0,0.0,0.0,0.0,0.0,0.0,0.0,0.0,0.0,0.0,2.004,-2.004,0.0,0.0,0.0,0.0,4738.0,0.0,7298.0,-0.0,-107615392.0,0.0,2.7184312818759872e+23,0.0,0.0,0.0,0.0,77,-0.0,-0.0,0.0,0.0,0.0,0.0,0.0,0.0,0.0,0,0,0,0.0,0.0,0.0,0.0,0.0,0.0,0.0,0.0,0.0,0.0,0.0,0.0,0.0,0.0,0.0,0.0,0,-107875648.0,77,0.0,154,0.0,0.0,ERR,ERR,ERR,ERR,ERR,ERR,ERR,ERR,ERR,ERR,ERR,ERR,ERR,ERR,ERR,ERR,ERR,ERR,ERR,ERR,ERR,ERR,ERR,ERR,ERR,ERR,ERR,ERR,ERR,ERR,ERR,ERR,ERR,ERR,ERR,ERR,ERR,ERR,ERR,ERR,ERR,ERR,ERR,ERR,ERR,ERR,ERR,ERR,ERR,ERR,ERR,ERR,ERR,ERR,ERR,ERR,ERR,ERR,ERR,ERR,ERR,ERR,ERR,ERR,ERR,ERR,ERR,34.0,80.0,35,0.0,0.0,0.0,0.0,0.0,0.0,0.0,0.0,0.0,0.0,0.0,0.0,0.0,0.0,0.0,0.0,66.4,0,120,58,54,65476,0,300,0,0,8,20529,65476,0,0,57672,80.0,0.0,0.0,0.0,0.0,0.0
2026-06-18T02:11:25,ERR,ERR,ERR,ERR,ERR,ERR,ERR,ERR,ERR,ERR,ERR,ERR,ERR,ERR,ERR,ERR,ERR,ERR,ERR,ERR,ERR,ERR,ERR,ERR,ERR,ERR,ERR,ERR,ERR,ERR,ERR,ERR,ERR,ERR,ERR,ERR,ERR,ERR,ERR,ERR,ERR,ERR,ERR,ERR,ERR,ERR,ERR,ERR,ERR,ERR,ERR,ERR,ERR,ERR,ERR,ERR,ERR,ERR,ERR,ERR,ERR,ERR,ERR,ERR,ERR,ERR,ERR,ERR,ERR,ERR,ERR,ERR,ERR,ERR,ERR,ERR,ERR,ERR,ERR,ERR,ERR,ERR,ERR,ERR,ERR,ERR,ERR,ERR,ERR,ERR,ERR,ERR,ERR,ERR,ERR,ERR,ERR,ERR,ERR,ERR,ERR,ERR,ERR,ERR,ERR,ERR,ERR,ERR,ERR,ERR,ERR,ERR,ERR,ERR,ERR,ERR,ERR,ERR,ERR,ERR,ERR,ERR,ERR,ERR,ERR,-0.0,-107615392.0,-134999232.0,-0.0,0.0,1.3936040501711995e+18,7.805,2.324635497035093e+34,0,0,4,48844,6720,14723890282496.0,100,0.0,0.0,0.0,-4.9501291711397626e+32,0.0,0,0,0,0,0.0,0,0,0,0,0,0,0,0,0,0,0,0,0,0,0,0,0,0,0,0,0,0,0,0,0,0,0,0,0,0,0,0,0,26,51,50,76,65476,0,300,0,0,8,21553,0.0,-107605600.0,0.0,0.0,0.0,0.0,0.0,0.0,0.0,0.0,0.0,0.0,0.0,0.0,0.0,0.0,0.0,0.0,0.0,0.0,0.0,0.0,0.0,0.0,2.004,-2.004,0.0,0.0,0.0,0.0,4740.0,0.0,7301.0,-0.0,-107615392.0,0.0,2.7184312818759872e+23,0.0,0.0,0.0,0.0,77,-0.059,-0.0,0.0,0.0,0.0,0.0,0.0,0.0,0.0,0,0,0,0.0,0.0,0.0,0.0,0.0,0.0,0.0,0.0,0.0,0.0,0.0,0.0,0.0,0.0,0.0,0.0,0,-107875648.0,77,0.0,154,0.0,0.0,ERR,ERR,ERR,ERR,ERR,ERR,ERR,ERR,ERR,ERR,ERR,ERR,ERR,ERR,ERR,ERR,ERR,ERR,ERR,ERR,ERR,ERR,ERR,ERR,ERR,ERR,ERR,ERR,ERR,ERR,ERR,ERR,ERR,ERR,ERR,ERR,ERR,ERR,ERR,ERR,ERR,ERR,ERR,ERR,ERR,ERR,ERR,ERR,ERR,ERR,ERR,ERR,ERR,ERR,ERR,ERR,ERR,ERR,ERR,ERR,ERR,ERR,ERR,ERR,ERR,ERR,ERR,34.0,80.0,35,0.0,0.0,0.0,0.0,0.0,0.0,0.0,0.0,0.0,0.0,0.0,0.0,0.0,0.0,0.0,0.0,66.4,0,120,58,54,65476,0,300,0,0,8,20529,65476,0,0,57672,80.0,0.0,0.0,0.0,0.0,0.0
2026-06-18T02:11:26,ERR,ERR,ERR,ERR,ERR,ERR,ERR,ERR,ERR,ERR,ERR,ERR,ERR,ERR,ERR,ERR,ERR,ERR,ERR,ERR,ERR,ERR,ERR,ERR,ERR,ERR,ERR,ERR,ERR,ERR,ERR,ERR,ERR,ERR,ERR,ERR,ERR,ERR,ERR,ERR,ERR,ERR,ERR,ERR,ERR,ERR,ERR,ERR,ERR,ERR,ERR,ERR,ERR,ERR,ERR,ERR,ERR,ERR,ERR,ERR,ERR,ERR,ERR,ERR,ERR,ERR,ERR,ERR,ERR,ERR,ERR,ERR,ERR,ERR,ERR,ERR,ERR,ERR,ERR,ERR,ERR,ERR,ERR,ERR,ERR,ERR,ERR,ERR,ERR,ERR,ERR,ERR,ERR,ERR,ERR,ERR,ERR,ERR,ERR,ERR,ERR,ERR,ERR,ERR,ERR,ERR,ERR,ERR,ERR,ERR,ERR,ERR,ERR,ERR,ERR,ERR,ERR,ERR,ERR,ERR,ERR,ERR,ERR,ERR,ERR,-0.0,-107615392.0,-134999232.0,-0.0,0.0,1.3936040501711995e+18,7.805,2.324635497035093e+34,0,0,4,48844,6720,14723890282496.0,100,0.0,0.0,0.0,-4.9501291711397626e+32,0.0,0,0,0,0,0.0,0,0,0,0,0,0,0,0,0,0,0,0,0,0,0,0,0,0,0,0,0,0,0,0,0,0,0,0,0,0,0,0,0,26,51,50,76,65476,0,300,0,0,8,21553,0.0,-107605600.0,0.0,0.0,0.0,0.0,0.0,0.0,0.0,0.0,0.0,0.0,0.0,0.0,0.0,0.0,0.0,0.0,0.0,0.0,0.0,0.0,0.0,0.0,2.004,-2.004,0.0,0.0,0.0,0.0,4740.0,0.0,7301.0,-0.0,-107615392.0,0.0,2.7184312818759872e+23,0.0,0.0,0.0,0.0,77,-0.059,-0.0,0.0,0.0,0.0,0.0,0.0,0.0,0.0,0,0,0,0.0,0.0,0.0,0.0,0.0,0.0,0.0,0.0,0.0,0.0,0.0,0.0,0.0,0.0,0.0,0.0,0,-107875648.0,77,0.0,154,0.0,0.0,ERR,ERR,ERR,ERR,ERR,ERR,ERR,ERR,ERR,ERR,ERR,ERR,ERR,ERR,ERR,ERR,ERR,ERR,ERR,ERR,ERR,ERR,ERR,ERR,ERR,ERR,ERR,ERR,ERR,ERR,ERR,ERR,ERR,ERR,ERR,ERR,ERR,ERR,ERR,ERR,ERR,ERR,ERR,ERR,ERR,ERR,ERR,ERR,ERR,ERR,ERR,ERR,ERR,ERR,ERR,ERR,ERR,ERR,ERR,ERR,ERR,ERR,ERR,ERR,ERR,ERR,ERR,34.0,80.0,35,0.0,0.0,0.0,0.0,0.0,0.0,0.0,0.0,0.0,0.0,0.0,0.0,0.0,0.0,0.0,0.0,66.0,0,120,58,54,65476,0,300,0,0,8,20529,65476,0,0,57672,80.0,0.0,0.0,0.0,0.0,0.0
2026-06-18T02:11:27,ERR,ERR,ERR,ERR,ERR,ERR,ERR,ERR,ERR,ERR,ERR,ERR,ERR,ERR,ERR,ERR,ERR,ERR,ERR,ERR,ERR,ERR,ERR,ERR,ERR,ERR,ERR,ERR,ERR,ERR,ERR,ERR,ERR,ERR,ERR,ERR,ERR,ERR,ERR,ERR,ERR,ERR,ERR,ERR,ERR,ERR,ERR,ERR,ERR,ERR,ERR,ERR,ERR,ERR,ERR,ERR,ERR,ERR,ERR,ERR,ERR,ERR,ERR,ERR,ERR,ERR,ERR,ERR,ERR,ERR,ERR,ERR,ERR,ERR,ERR,ERR,ERR,ERR,ERR,ERR,ERR,ERR,ERR,ERR,ERR,ERR,ERR,ERR,ERR,ERR,ERR,ERR,ERR,ERR,ERR,ERR,ERR,ERR,ERR,ERR,ERR,ERR,ERR,ERR,ERR,ERR,ERR,ERR,ERR,ERR,ERR,ERR,ERR,ERR,ERR,ERR,ERR,ERR,ERR,ERR,ERR,ERR,ERR,ERR,ERR,-0.0,-107615392.0,-134999232.0,-0.0,0.0,1.3936040501711995e+18,7.805,2.324635497035093e+34,0,0,4,48844,6720,14723890282496.0,100,0.0,0.0,0.0,-4.9501291711397626e+32,0.0,0,0,0,0,0.0,0,0,0,0,0,0,0,0,0,0,0,0,0,0,0,0,0,0,0,0,0,0,0,0,0,0,0,0,0,0,0,0,0,26,51,50,76,65476,0,300,0,0,8,21553,0.0,-107605600.0,0.0,0.0,0.0,0.0,0.0,0.0,0.0,0.0,0.0,0.0,0.0,0.0,0.0,0.0,0.0,0.0,0.0,0.0,0.0,0.0,0.0,0.0,2.004,-2.004,0.0,0.0,0.0,0.0,4740.0,0.0,7301.0,-0.0,-107615392.0,0.0,2.7184312818759872e+23,0.0,0.0,0.0,0.0,77,-0.059,-0.0,0.0,0.0,0.0,0.0,0.0,0.0,0.0,0,0,0,0.0,0.0,0.0,0.0,0.0,0.0,0.0,0.0,0.0,0.0,0.0,0.0,0.0,0.0,0.0,0.0,0,-107875648.0,77,0.0,154,0.0,0.0,ERR,ERR,ERR,ERR,ERR,ERR,ERR,ERR,ERR,ERR,ERR,ERR,ERR,ERR,ERR,ERR,ERR,ERR,ERR,ERR,ERR,ERR,ERR,ERR,ERR,ERR,ERR,ERR,ERR,ERR,ERR,ERR,ERR,ERR,ERR,ERR,ERR,ERR,ERR,ERR,ERR,ERR,ERR,ERR,ERR,ERR,ERR,ERR,ERR,ERR,ERR,ERR,ERR,ERR,ERR,ERR,ERR,ERR,ERR,ERR,ERR,ERR,ERR,ERR,ERR,ERR,ERR,34.0,80.0,35,0.0,0.0,0.0,0.0,0.0,0.0,0.0,0.0,0.0,0.0,0.0,0.0,0.0,0.0,0.0,0.0,66.0,0,120,58,54,65476,0,300,0,0,8,20529,65476,0,0,57672,80.0,0.0,0.0,0.0,0.0,0.0
2026-06-18T02:11:28,ERR,ERR,ERR,ERR,ERR,ERR,ERR,ERR,ERR,ERR,ERR,ERR,ERR,ERR,ERR,ERR,ERR,ERR,ERR,ERR,ERR,ERR,ERR,ERR,ERR,ERR,ERR,ERR,ERR,ERR,ERR,ERR,ERR,ERR,ERR,ERR,ERR,ERR,ERR,ERR,ERR,ERR,ERR,ERR,ERR,ERR,ERR,ERR,ERR,ERR,ERR,ERR,ERR,ERR,ERR,ERR,ERR,ERR,ERR,ERR,ERR,ERR,ERR,ERR,ERR,ERR,ERR,ERR,ERR,ERR,ERR,ERR,ERR,ERR,ERR,ERR,ERR,ERR,ERR,ERR,ERR,ERR,ERR,ERR,ERR,ERR,ERR,ERR,ERR,ERR,ERR,ERR,ERR,ERR,ERR,ERR,ERR,ERR,ERR,ERR,ERR,ERR,ERR,ERR,ERR,ERR,ERR,ERR,ERR,ERR,ERR,ERR,ERR,ERR,ERR,ERR,ERR,ERR,ERR,ERR,ERR,ERR,ERR,ERR,ERR,-0.0,-107615392.0,-134999232.0,-0.0,0.0,1.3936040501711995e+18,7.805,2.324635497035093e+34,0,0,4,48844,6720,14723890282496.0,100,0.0,0.0,0.0,-4.9501291711397626e+32,0.0,0,0,0,0,0.0,0,0,0,0,0,0,0,0,0,0,0,0,0,0,0,0,0,0,0,0,0,0,0,0,0,0,0,0,0,0,0,0,0,26,51,50,76,65476,0,300,0,0,8,21553,0.0,-107605600.0,0.0,0.0,0.0,0.0,0.0,0.0,0.0,0.0,0.0,0.0,0.0,0.0,0.0,0.0,0.0,0.0,0.0,0.0,0.0,0.0,0.0,0.0,2.004,-2.004,0.0,0.0,0.0,0.0,4740.0,0.0,7301.0,-0.0,-107615392.0,0.0,2.7184312818759872e+23,0.0,0.0,0.0,0.0,77,-0.059,-0.0,0.0,0.0,0.0,0.0,0.0,0.0,0.0,0,0,0,0.0,0.0,0.0,0.0,0.0,0.0,0.0,0.0,0.0,0.0,0.0,0.0,0.0,0.0,0.0,0.0,0,-107875648.0,77,0.0,154,0.0,0.0,ERR,ERR,ERR,ERR,ERR,ERR,ERR,ERR,ERR,ERR,ERR,ERR,ERR,ERR,ERR,ERR,ERR,ERR,ERR,ERR,ERR,ERR,ERR,ERR,ERR,ERR,ERR,ERR,ERR,ERR,ERR,ERR,ERR,ERR,ERR,ERR,ERR,ERR,ERR,ERR,ERR,ERR,ERR,ERR,ERR,ERR,ERR,ERR,ERR,ERR,ERR,ERR,ERR,ERR,ERR,ERR,ERR,ERR,ERR,ERR,ERR,ERR,ERR,ERR,ERR,ERR,ERR,34.0,80.0,35,0.0,0.0,0.0,0.0,0.0,0.0,0.0,0.0,0.0,0.0,0.0,0.0,0.0,0.0,0.0,0.0,66.0,0,120,58,54,65476,0,300,0,0,8,20529,65476,0,0,57672,80.0,0.0,0.0,0.0,0.0,0.0
2026-06-18T02:11:29,ERR,ERR,ERR,ERR,ERR,ERR,ERR,ERR,ERR,ERR,ERR,ERR,ERR,ERR,ERR,ERR,ERR,ERR,ERR,ERR,ERR,ERR,ERR,ERR,ERR,ERR,ERR,ERR,ERR,ERR,ERR,ERR,ERR,ERR,ERR,ERR,ERR,ERR,ERR,ERR,ERR,ERR,ERR,ERR,ERR,ERR,ERR,ERR,ERR,ERR,ERR,ERR,ERR,ERR,ERR,ERR,ERR,ERR,ERR,ERR,ERR,ERR,ERR,ERR,ERR,ERR,ERR,ERR,ERR,ERR,ERR,ERR,ERR,ERR,ERR,ERR,ERR,ERR,ERR,ERR,ERR,ERR,ERR,ERR,ERR,ERR,ERR,ERR,ERR,ERR,ERR,ERR,ERR,ERR,ERR,ERR,ERR,ERR,ERR,ERR,ERR,ERR,ERR,ERR,ERR,ERR,ERR,ERR,ERR,ERR,ERR,ERR,ERR,ERR,ERR,ERR,ERR,ERR,ERR,ERR,ERR,ERR,ERR,ERR,ERR,-0.0,-107615392.0,-134999232.0,-0.0,0.0,1.3936040501711995e+18,7.805,2.324635497035093e+34,0,0,4,48844,6720,14723890282496.0,100,0.0,0.0,0.0,-4.9501291711397626e+32,0.0,0,0,0,0,0.0,0,0,0,0,0,0,0,0,0,0,0,0,0,0,0,0,0,0,0,0,0,0,0,0,0,0,0,0,0,0,0,0,0,26,51,50,76,65476,0,300,0,0,8,21553,0.0,-107605600.0,0.0,0.0,0.0,0.0,0.0,0.0,0.0,0.0,0.0,0.0,0.0,0.0,0.0,0.0,0.0,0.0,0.0,0.0,0.0,0.0,0.0,0.0,2.004,-2.004,0.0,0.0,0.0,0.0,4740.0,0.0,7301.0,-0.0,-107615392.0,0.0,2.7184312818759872e+23,0.0,0.0,0.0,0.0,77,-0.059,-0.0,0.0,0.0,0.0,0.0,0.0,0.0,0.0,0,0,0,0.0,0.0,0.0,0.0,0.0,0.0,0.0,0.0,0.0,0.0,0.0,0.0,0.0,0.0,0.0,0.0,0,-107875648.0,77,0.0,154,0.0,0.0,ERR,ERR,ERR,ERR,ERR,ERR,ERR,ERR,ERR,ERR,ERR,ERR,ERR,ERR,ERR,ERR,ERR,ERR,ERR,ERR,ERR,ERR,ERR,ERR,ERR,ERR,ERR,ERR,ERR,ERR,ERR,ERR,ERR,ERR,ERR,ERR,ERR,ERR,ERR,ERR,ERR,ERR,ERR,ERR,ERR,ERR,ERR,ERR,ERR,ERR,ERR,ERR,ERR,ERR,ERR,ERR,ERR,ERR,ERR,ERR,ERR,ERR,ERR,ERR,ERR,ERR,ERR,34.0,80.0,35,0.0,0.0,0.0,0.0,0.0,0.0,0.0,0.0,0.0,0.0,0.0,0.0,0.0,0.0,0.0,0.0,66.0,0,120,58,54,65476,0,300,0,0,8,20529,65476,0,0,57672,80.0,0.0,0.0,0.0,0.0,0.0
2026-06-18T02:11:30,ERR,ERR,ERR,ERR,ERR,ERR,ERR,ERR,ERR,ERR,ERR,ERR,ERR,ERR,ERR,ERR,ERR,ERR,ERR,ERR,ERR,ERR,ERR,ERR,ERR,ERR,ERR,ERR,ERR,ERR,ERR,ERR,ERR,ERR,ERR,ERR,ERR,ERR,ERR,ERR,ERR,ERR,ERR,ERR,ERR,ERR,ERR,ERR,ERR,ERR,ERR,ERR,ERR,ERR,ERR,ERR,ERR,ERR,ERR,ERR,ERR,ERR,ERR,ERR,ERR,ERR,ERR,ERR,ERR,ERR,ERR,ERR,ERR,ERR,ERR,ERR,ERR,ERR,ERR,ERR,ERR,ERR,ERR,ERR,ERR,ERR,ERR,ERR,ERR,ERR,ERR,ERR,ERR,ERR,ERR,ERR,ERR,ERR,ERR,ERR,ERR,ERR,ERR,ERR,ERR,ERR,ERR,ERR,ERR,ERR,ERR,ERR,ERR,ERR,ERR,ERR,ERR,ERR,ERR,ERR,ERR,ERR,ERR,ERR,ERR,-0.0,-107615392.0,-134999232.0,-152005385388032.0,0.0,1.3936040501711995e+18,7.805,1.1096074633774859e+29,0,0,4,48857,6720,14723890282496.0,100,0.0,0.0,0.0,-0.0,0.0,0,0,0,0,0.0,0,0,0,0,0,0,0,0,0,0,0,0,0,0,0,0,0,0,0,0,0,0,0,0,0,0,0,0,0,0,0,0,0,26,51,50,76,65476,0,300,0,0,8,21553,0.0,-107605600.0,0.0,0.0,0.0,0.0,0.0,0.0,0.0,0.0,0.0,0.0,0.0,0.0,0.0,0.0,0.0,0.0,0.0,0.0,0.0,0.0,0.0,0.0,2.004,-2.004,0.0,0.0,0.0,0.0,4741.0,0.0,7301.0,-0.0,-107615392.0,0.0,2.7184312818759872e+23,0.0,0.0,0.0,0.0,77,-0.0,-0.0,0.0,0.0,0.0,0.0,0.0,0.0,0.0,0,0,0,0.0,0.0,0.0,0.0,0.0,0.0,0.0,0.0,0.0,0.0,0.0,0.0,0.0,0.0,0.0,0.0,0,-107875648.0,77,0.0,154,0.0,0.0,ERR,ERR,ERR,ERR,ERR,ERR,ERR,ERR,ERR,ERR,ERR,ERR,ERR,ERR,ERR,ERR,ERR,ERR,ERR,ERR,ERR,ERR,ERR,ERR,ERR,ERR,ERR,ERR,ERR,ERR,ERR,ERR,ERR,ERR,ERR,ERR,ERR,ERR,ERR,ERR,ERR,ERR,ERR,ERR,ERR,ERR,ERR,ERR,ERR,ERR,ERR,ERR,ERR,ERR,ERR,ERR,ERR,ERR,ERR,ERR,ERR,ERR,ERR,ERR,ERR,ERR,ERR,34.0,80.0,35,0.0,0.0,0.0,0.0,0.0,0.0,0.0,0.0,0.0,0.0,0.0,0.0,0.0,0.0,0.0,0.0,66.0,0,120,58,54,65476,0,300,0,0,8,20529,65476,0,0,57672,80.0,0.0,0.0,0.0,0.0,0.0
2026-06-18T02:11:31,ERR,ERR,ERR,ERR,ERR,ERR,ERR,ERR,ERR,ERR,ERR,ERR,ERR,ERR,ERR,ERR,ERR,ERR,ERR,ERR,ERR,ERR,ERR,ERR,ERR,ERR,ERR,ERR,ERR,ERR,ERR,ERR,ERR,ERR,ERR,ERR,ERR,ERR,ERR,ERR,ERR,ERR,ERR,ERR,ERR,ERR,ERR,ERR,ERR,ERR,ERR,ERR,ERR,ERR,ERR,ERR,ERR,ERR,ERR,ERR,ERR,ERR,ERR,ERR,ERR,ERR,ERR,ERR,ERR,ERR,ERR,ERR,ERR,ERR,ERR,ERR,ERR,ERR,ERR,ERR,ERR,ERR,ERR,ERR,ERR,ERR,ERR,ERR,ERR,ERR,ERR,ERR,ERR,ERR,ERR,ERR,ERR,ERR,ERR,ERR,ERR,ERR,ERR,ERR,ERR,ERR,ERR,ERR,ERR,ERR,ERR,ERR,ERR,ERR,ERR,ERR,ERR,ERR,ERR,ERR,ERR,ERR,ERR,ERR,ERR,-0.0,-107615392.0,-134999232.0,-152005385388032.0,0.0,1.3936040501711995e+18,7.805,1.1096074633774859e+29,0,0,4,48857,6720,14723890282496.0,100,0.0,0.0,0.0,-0.0,0.0,0,0,0,0,0.0,0,0,0,0,0,0,0,0,0,0,0,0,0,0,0,0,0,0,0,0,0,0,0,0,0,0,0,0,0,0,0,0,0,26,51,50,76,65476,0,300,0,0,8,21553,0.0,-107605600.0,0.0,0.0,0.0,0.0,0.0,0.0,0.0,0.0,0.0,0.0,0.0,0.0,0.0,0.0,0.0,0.0,0.0,0.0,0.0,0.0,0.0,0.0,2.004,-2.004,0.0,0.0,0.0,0.0,4741.0,0.0,7301.0,-0.0,-107615392.0,0.0,2.7184312818759872e+23,0.0,0.0,0.0,0.0,77,-0.0,-0.0,0.0,0.0,0.0,0.0,0.0,0.0,0.0,0,0,0,0.0,0.0,0.0,0.0,0.0,0.0,0.0,0.0,0.0,0.0,0.0,0.0,0.0,0.0,0.0,0.0,0,-107875648.0,77,0.0,154,0.0,0.0,ERR,ERR,ERR,ERR,ERR,ERR,ERR,ERR,ERR,ERR,ERR,ERR,ERR,ERR,ERR,ERR,ERR,ERR,ERR,ERR,ERR,ERR,ERR,ERR,ERR,ERR,ERR,ERR,ERR,ERR,ERR,ERR,ERR,ERR,ERR,ERR,ERR,ERR,ERR,ERR,ERR,ERR,ERR,ERR,ERR,ERR,ERR,ERR,ERR,ERR,ERR,ERR,ERR,ERR,ERR,ERR,ERR,ERR,ERR,ERR,ERR,ERR,ERR,ERR,ERR,ERR,ERR,34.0,80.0,35,0.0,0.0,0.0,0.0,0.0,0.0,0.0,0.0,0.0,0.0,0.0,0.0,0.0,0.0,0.0,0.0,66.4,0,120,58,54,65476,0,300,0,0,8,20529,65476,0,0,57672,80.0,0.0,0.0,0.0,0.0,0.0
2026-06-18T02:11:32,ERR,ERR,ERR,ERR,ERR,ERR,ERR,ERR,ERR,ERR,ERR,ERR,ERR,ERR,ERR,ERR,ERR,ERR,ERR,ERR,ERR,ERR,ERR,ERR,ERR,ERR,ERR,ERR,ERR,ERR,ERR,ERR,ERR,ERR,ERR,ERR,ERR,ERR,ERR,ERR,ERR,ERR,ERR,ERR,ERR,ERR,ERR,ERR,ERR,ERR,ERR,ERR,ERR,ERR,ERR,ERR,ERR,ERR,ERR,ERR,ERR,ERR,ERR,ERR,ERR,ERR,ERR,ERR,ERR,ERR,ERR,ERR,ERR,ERR,ERR,ERR,ERR,ERR,ERR,ERR,ERR,ERR,ERR,ERR,ERR,ERR,ERR,ERR,ERR,ERR,ERR,ERR,ERR,ERR,ERR,ERR,ERR,ERR,ERR,ERR,ERR,ERR,ERR,ERR,ERR,ERR,ERR,ERR,ERR,ERR,ERR,ERR,ERR,ERR,ERR,ERR,ERR,ERR,ERR,ERR,ERR,ERR,ERR,ERR,ERR,-0.0,-107615392.0,-134999232.0,-152005385388032.0,0.0,1.3936040501711995e+18,7.805,1.1096074633774859e+29,0,0,4,48857,6720,14723890282496.0,100,0.0,0.0,0.0,-0.0,0.0,0,0,0,0,0.0,0,0,0,0,0,0,0,0,0,0,0,0,0,0,0,0,0,0,0,0,0,0,0,0,0,0,0,0,0,0,0,0,0,26,51,50,76,65476,0,300,0,0,8,21553,0.0,-107605600.0,0.0,0.0,0.0,0.0,0.0,0.0,0.0,0.0,0.0,0.0,0.0,0.0,0.0,0.0,0.0,0.0,0.0,0.0,0.0,0.0,0.0,0.0,2.004,-2.004,0.0,0.0,0.0,0.0,4741.0,0.0,7301.0,-0.0,-107615392.0,0.0,2.7184312818759872e+23,0.0,0.0,0.0,0.0,77,-0.0,-0.0,0.0,0.0,0.0,0.0,0.0,0.0,0.0,0,0,0,0.0,0.0,0.0,0.0,0.0,0.0,0.0,0.0,0.0,0.0,0.0,0.0,0.0,0.0,0.0,0.0,0,-107875648.0,77,0.0,154,0.0,0.0,ERR,ERR,ERR,ERR,ERR,ERR,ERR,ERR,ERR,ERR,ERR,ERR,ERR,ERR,ERR,ERR,ERR,ERR,ERR,ERR,ERR,ERR,ERR,ERR,ERR,ERR,ERR,ERR,ERR,ERR,ERR,ERR,ERR,ERR,ERR,ERR,ERR,ERR,ERR,ERR,ERR,ERR,ERR,ERR,ERR,ERR,ERR,ERR,ERR,ERR,ERR,ERR,ERR,ERR,ERR,ERR,ERR,ERR,ERR,ERR,ERR,ERR,ERR,ERR,ERR,ERR,ERR,34.0,80.0,35,0.0,0.0,0.0,0.0,0.0,0.0,0.0,0.0,0.0,0.0,0.0,0.0,0.0,0.0,0.0,0.0,66.4,0,120,58,54,65476,0,300,0,0,8,20529,65476,0,0,57672,80.0,0.0,0.0,0.0,0.0,0.0
2026-06-18T02:11:33,ERR,ERR,ERR,ERR,ERR,ERR,ERR,ERR,ERR,ERR,ERR,ERR,ERR,ERR,ERR,ERR,ERR,ERR,ERR,ERR,ERR,ERR,ERR,ERR,ERR,ERR,ERR,ERR,ERR,ERR,ERR,ERR,ERR,ERR,ERR,ERR,ERR,ERR,ERR,ERR,ERR,ERR,ERR,ERR,ERR,ERR,ERR,ERR,ERR,ERR,ERR,ERR,ERR,ERR,ERR,ERR,ERR,ERR,ERR,ERR,ERR,ERR,ERR,ERR,ERR,ERR,ERR,ERR,ERR,ERR,ERR,ERR,ERR,ERR,ERR,ERR,ERR,ERR,ERR,ERR,ERR,ERR,ERR,ERR,ERR,ERR,ERR,ERR,ERR,ERR,ERR,ERR,ERR,ERR,ERR,ERR,ERR,ERR,ERR,ERR,ERR,ERR,ERR,ERR,ERR,ERR,ERR,ERR,ERR,ERR,ERR,ERR,ERR,ERR,ERR,ERR,ERR,ERR,ERR,ERR,ERR,ERR,ERR,ERR,ERR,-0.0,-107615392.0,-134999232.0,-152005385388032.0,0.0,1.3936040501711995e+18,7.805,1.1096074633774859e+29,0,0,4,48857,6720,14723890282496.0,100,0.0,0.0,0.0,-0.0,0.0,0,0,0,0,0.0,0,0,0,0,0,0,0,0,0,0,0,0,0,0,0,0,0,0,0,0,0,0,0,0,0,0,0,0,0,0,0,0,0,26,51,50,76,65476,0,300,0,0,8,21553,0.0,-107605600.0,0.0,0.0,0.0,0.0,0.0,0.0,0.0,0.0,0.0,0.0,0.0,0.0,0.0,0.0,0.0,0.0,0.0,0.0,0.0,0.0,0.0,0.0,2.004,-2.004,0.0,0.0,0.0,0.0,4741.0,0.0,7301.0,-0.0,-107615392.0,0.0,2.7184312818759872e+23,0.0,0.0,0.0,0.0,77,-0.0,-0.0,0.0,0.0,0.0,0.0,0.0,0.0,0.0,0,0,0,0.0,0.0,0.0,0.0,0.0,0.0,0.0,0.0,0.0,0.0,0.0,0.0,0.0,0.0,0.0,0.0,0,-107875648.0,77,0.0,154,0.0,0.0,ERR,ERR,ERR,ERR,ERR,ERR,ERR,ERR,ERR,ERR,ERR,ERR,ERR,ERR,ERR,ERR,ERR,ERR,ERR,ERR,ERR,ERR,ERR,ERR,ERR,ERR,ERR,ERR,ERR,ERR,ERR,ERR,ERR,ERR,ERR,ERR,ERR,ERR,ERR,ERR,ERR,ERR,ERR,ERR,ERR,ERR,ERR,ERR,ERR,ERR,ERR,ERR,ERR,ERR,ERR,ERR,ERR,ERR,ERR,ERR,ERR,ERR,ERR,ERR,ERR,ERR,ERR,34.0,80.0,35,0.0,0.0,0.0,0.0,0.0,0.0,0.0,0.0,0.0,0.0,0.0,0.0,0.0,0.0,0.0,0.0,66.0,0,120,58,54,65476,0,300,0,0,8,20529,65476,0,0,57672,80.0,0.0,0.0,0.0,0.0,0.0
2026-06-18T02:11:34,ERR,ERR,ERR,ERR,ERR,ERR,ERR,ERR,ERR,ERR,ERR,ERR,ERR,ERR,ERR,ERR,ERR,ERR,ERR,ERR,ERR,ERR,ERR,ERR,ERR,ERR,ERR,ERR,ERR,ERR,ERR,ERR,ERR,ERR,ERR,ERR,ERR,ERR,ERR,ERR,ERR,ERR,ERR,ERR,ERR,ERR,ERR,ERR,ERR,ERR,ERR,ERR,ERR,ERR,ERR,ERR,ERR,ERR,ERR,ERR,ERR,ERR,ERR,ERR,ERR,ERR,ERR,ERR,ERR,ERR,ERR,ERR,ERR,ERR,ERR,ERR,ERR,ERR,ERR,ERR,ERR,ERR,ERR,ERR,ERR,ERR,ERR,ERR,ERR,ERR,ERR,ERR,ERR,ERR,ERR,ERR,ERR,ERR,ERR,ERR,ERR,ERR,ERR,ERR,ERR,ERR,ERR,ERR,ERR,ERR,ERR,ERR,ERR,ERR,ERR,ERR,ERR,ERR,ERR,ERR,ERR,ERR,ERR,ERR,ERR,-0.0,-107615392.0,-134999232.0,-152005385388032.0,0.0,1.3936040501711995e+18,7.805,1.1096074633774859e+29,0,0,4,48857,6720,14723890282496.0,100,0.0,0.0,0.0,-0.0,0.0,0,0,0,0,0.0,0,0,0,0,0,0,0,0,0,0,0,0,0,0,0,0,0,0,0,0,0,0,0,0,0,0,0,0,0,0,0,0,0,26,51,50,76,65476,0,300,0,0,8,21553,0.0,-107605600.0,0.0,0.0,0.0,0.0,0.0,0.0,0.0,0.0,0.0,0.0,0.0,0.0,0.0,0.0,0.0,0.0,0.0,0.0,0.0,0.0,0.0,0.0,2.004,-2.004,0.0,0.0,0.0,0.0,4741.0,0.0,7301.0,-0.0,-107615392.0,0.0,2.7184312818759872e+23,0.0,0.0,0.0,0.0,77,-0.0,-0.0,0.0,0.0,0.0,0.0,0.0,0.0,0.0,0,0,0,0.0,0.0,0.0,0.0,0.0,0.0,0.0,0.0,0.0,0.0,0.0,0.0,0.0,0.0,0.0,0.0,0,-107875648.0,77,0.0,154,0.0,0.0,ERR,ERR,ERR,ERR,ERR,ERR,ERR,ERR,ERR,ERR,ERR,ERR,ERR,ERR,ERR,ERR,ERR,ERR,ERR,ERR,ERR,ERR,ERR,ERR,ERR,ERR,ERR,ERR,ERR,ERR,ERR,ERR,ERR,ERR,ERR,ERR,ERR,ERR,ERR,ERR,ERR,ERR,ERR,ERR,ERR,ERR,ERR,ERR,ERR,ERR,ERR,ERR,ERR,ERR,ERR,ERR,ERR,ERR,ERR,ERR,ERR,ERR,ERR,ERR,ERR,ERR,ERR,34.0,80.0,35,0.0,0.0,0.0,0.0,0.0,0.0,0.0,0.0,0.0,0.0,0.0,0.0,0.0,0.0,0.0,0.0,66.0,0,120,58,54,65476,0,300,0,0,8,20529,65476,0,0,57672,80.0,0.0,0.0,0.0,0.0,0.0
2026-06-18T02:11:35,ERR,ERR,ERR,ERR,ERR,ERR,ERR,ERR,ERR,ERR,ERR,ERR,ERR,ERR,ERR,ERR,ERR,ERR,ERR,ERR,ERR,ERR,ERR,ERR,ERR,ERR,ERR,ERR,ERR,ERR,ERR,ERR,ERR,ERR,ERR,ERR,ERR,ERR,ERR,ERR,ERR,ERR,ERR,ERR,ERR,ERR,ERR,ERR,ERR,ERR,ERR,ERR,ERR,ERR,ERR,ERR,ERR,ERR,ERR,ERR,ERR,ERR,ERR,ERR,ERR,ERR,ERR,ERR,ERR,ERR,ERR,ERR,ERR,ERR,ERR,ERR,ERR,ERR,ERR,ERR,ERR,ERR,ERR,ERR,ERR,ERR,ERR,ERR,ERR,ERR,ERR,ERR,ERR,ERR,ERR,ERR,ERR,ERR,ERR,ERR,ERR,ERR,ERR,ERR,ERR,ERR,ERR,ERR,ERR,ERR,ERR,ERR,ERR,ERR,ERR,ERR,ERR,ERR,ERR,ERR,ERR,ERR,ERR,ERR,ERR,-0.0,-107615392.0,-134999232.0,2.718290229135658e+23,0.0,1.3936040501711995e+18,7.805,2.2722174697351414e+18,0,0,4,48852,6720,14723890282496.0,100,0.0,0.0,0.0,0.0,0.0,0,0,0,0,0.0,0,0,0,0,0,0,0,0,0,0,0,0,0,0,0,0,0,0,0,0,0,0,0,0,0,0,0,0,0,0,0,0,0,26,51,50,76,65476,0,300,0,0,8,21553,0.0,-107605600.0,0.0,0.0,0.0,0.0,0.0,0.0,0.0,0.0,0.0,0.0,0.0,0.0,0.0,0.0,0.0,0.0,0.0,0.0,0.0,0.0,0.0,0.0,2.004,-2.004,0.0,0.0,0.0,0.0,4739.0,0.0,7299.0,-0.0,-107615392.0,0.0,2.7184312818759872e+23,0.0,0.0,0.0,0.0,77,-0.0,-0.0,0.0,0.0,0.0,0.0,0.0,0.0,0.0,0,0,0,0.0,0.0,0.0,0.0,0.0,0.0,0.0,0.0,0.0,0.0,0.0,0.0,0.0,0.0,0.0,0.0,0,-107875648.0,77,0.0,154,0.0,0.0,ERR,ERR,ERR,ERR,ERR,ERR,ERR,ERR,ERR,ERR,ERR,ERR,ERR,ERR,ERR,ERR,ERR,ERR,ERR,ERR,ERR,ERR,ERR,ERR,ERR,ERR,ERR,ERR,ERR,ERR,ERR,ERR,ERR,ERR,ERR,ERR,ERR,ERR,ERR,ERR,ERR,ERR,ERR,ERR,ERR,ERR,ERR,ERR,ERR,ERR,ERR,ERR,ERR,ERR,ERR,ERR,ERR,ERR,ERR,ERR,ERR,ERR,ERR,ERR,ERR,ERR,ERR,34.0,80.0,35,0.0,0.0,0.0,0.0,0.0,0.0,0.0,0.0,0.0,0.0,0.0,0.0,0.0,0.0,0.0,0.0,66.4,0,120,58,54,65476,0,300,0,0,8,20529,65476,0,0,57672,80.0,0.0,0.0,0.0,0.0,0.0
2026-06-18T02:11:36,ERR,ERR,ERR,ERR,ERR,ERR,ERR,ERR,ERR,ERR,ERR,ERR,ERR,ERR,ERR,ERR,ERR,ERR,ERR,ERR,ERR,ERR,ERR,ERR,ERR,ERR,ERR,ERR,ERR,ERR,ERR,ERR,ERR,ERR,ERR,ERR,ERR,ERR,ERR,ERR,ERR,ERR,ERR,ERR,ERR,ERR,ERR,ERR,ERR,ERR,ERR,ERR,ERR,ERR,ERR,ERR,ERR,ERR,ERR,ERR,ERR,ERR,ERR,ERR,ERR,ERR,ERR,ERR,ERR,ERR,ERR,ERR,ERR,ERR,ERR,ERR,ERR,ERR,ERR,ERR,ERR,ERR,ERR,ERR,ERR,ERR,ERR,ERR,ERR,ERR,ERR,ERR,ERR,ERR,ERR,ERR,ERR,ERR,ERR,ERR,ERR,ERR,ERR,ERR,ERR,ERR,ERR,ERR,ERR,ERR,ERR,ERR,ERR,ERR,ERR,ERR,ERR,ERR,ERR,ERR,ERR,ERR,ERR,ERR,ERR,-0.0,-107615392.0,-134999232.0,2.718290229135658e+23,0.0,1.3936040501711995e+18,7.805,2.2722174697351414e+18,0,0,4,48852,6720,14723890282496.0,100,0.0,0.0,0.0,0.0,0.0,0,0,0,0,0.0,0,0,0,0,0,0,0,0,0,0,0,0,0,0,0,0,0,0,0,0,0,0,0,0,0,0,0,0,0,0,0,0,0,26,51,50,76,65476,0,300,0,0,8,21553,0.0,-107605600.0,0.0,0.0,0.0,0.0,0.0,0.0,0.0,0.0,0.0,0.0,0.0,0.0,0.0,0.0,0.0,0.0,0.0,0.0,0.0,0.0,0.0,0.0,2.004,-2.004,0.0,0.0,0.0,0.0,4739.0,0.0,7299.0,-0.0,-107615392.0,0.0,2.7184312818759872e+23,0.0,0.0,0.0,0.0,77,-0.0,-0.0,0.0,0.0,0.0,0.0,0.0,0.0,0.0,0,0,0,0.0,0.0,0.0,0.0,0.0,0.0,0.0,0.0,0.0,0.0,0.0,0.0,0.0,0.0,0.0,0.0,0,-107875648.0,77,0.0,154,0.0,0.0,ERR,ERR,ERR,ERR,ERR,ERR,ERR,ERR,ERR,ERR,ERR,ERR,ERR,ERR,ERR,ERR,ERR,ERR,ERR,ERR,ERR,ERR,ERR,ERR,ERR,ERR,ERR,ERR,ERR,ERR,ERR,ERR,ERR,ERR,ERR,ERR,ERR,ERR,ERR,ERR,ERR,ERR,ERR,ERR,ERR,ERR,ERR,ERR,ERR,ERR,ERR,ERR,ERR,ERR,ERR,ERR,ERR,ERR,ERR,ERR,ERR,ERR,ERR,ERR,ERR,ERR,ERR,34.0,80.0,35,0.0,0.0,0.0,0.0,0.0,0.0,0.0,0.0,0.0,0.0,0.0,0.0,0.0,0.0,0.0,0.0,66.0,0,120,58,54,65476,0,300,0,0,8,20529,65476,0,0,57672,80.0,0.0,0.0,0.0,0.0,0.0
2026-06-18T02:11:37,ERR,ERR,ERR,ERR,ERR,ERR,ERR,ERR,ERR,ERR,ERR,ERR,ERR,ERR,ERR,ERR,ERR,ERR,ERR,ERR,ERR,ERR,ERR,ERR,ERR,ERR,ERR,ERR,ERR,ERR,ERR,ERR,ERR,ERR,ERR,ERR,ERR,ERR,ERR,ERR,ERR,ERR,ERR,ERR,ERR,ERR,ERR,ERR,ERR,ERR,ERR,ERR,ERR,ERR,ERR,ERR,ERR,ERR,ERR,ERR,ERR,ERR,ERR,ERR,ERR,ERR,ERR,ERR,ERR,ERR,ERR,ERR,ERR,ERR,ERR,ERR,ERR,ERR,ERR,ERR,ERR,ERR,ERR,ERR,ERR,ERR,ERR,ERR,ERR,ERR,ERR,ERR,ERR,ERR,ERR,ERR,ERR,ERR,ERR,ERR,ERR,ERR,ERR,ERR,ERR,ERR,ERR,ERR,ERR,ERR,ERR,ERR,ERR,ERR,ERR,ERR,ERR,ERR,ERR,ERR,ERR,ERR,ERR,ERR,ERR,-0.0,-107615392.0,-134999232.0,2.718290229135658e+23,0.0,1.3936040501711995e+18,7.805,2.2722174697351414e+18,0,0,4,48852,6720,14723890282496.0,100,0.0,0.0,0.0,0.0,0.0,0,0,0,0,0.0,0,0,0,0,0,0,0,0,0,0,0,0,0,0,0,0,0,0,0,0,0,0,0,0,0,0,0,0,0,0,0,0,0,26,51,50,76,65476,0,300,0,0,8,21553,0.0,-107605600.0,0.0,0.0,0.0,0.0,0.0,0.0,0.0,0.0,0.0,0.0,0.0,0.0,0.0,0.0,0.0,0.0,0.0,0.0,0.0,0.0,0.0,0.0,2.004,-2.004,0.0,0.0,0.0,0.0,4739.0,0.0,7299.0,-0.0,-107615392.0,0.0,2.7184312818759872e+23,0.0,0.0,0.0,0.0,77,-0.0,-0.0,0.0,0.0,0.0,0.0,0.0,0.0,0.0,0,0,0,0.0,0.0,0.0,0.0,0.0,0.0,0.0,0.0,0.0,0.0,0.0,0.0,0.0,0.0,0.0,0.0,0,-107875648.0,77,0.0,154,0.0,0.0,ERR,ERR,ERR,ERR,ERR,ERR,ERR,ERR,ERR,ERR,ERR,ERR,ERR,ERR,ERR,ERR,ERR,ERR,ERR,ERR,ERR,ERR,ERR,ERR,ERR,ERR,ERR,ERR,ERR,ERR,ERR,ERR,ERR,ERR,ERR,ERR,ERR,ERR,ERR,ERR,ERR,ERR,ERR,ERR,ERR,ERR,ERR,ERR,ERR,ERR,ERR,ERR,ERR,ERR,ERR,ERR,ERR,ERR,ERR,ERR,ERR,ERR,ERR,ERR,ERR,ERR,ERR,34.0,80.0,35,0.0,0.0,0.0,0.0,0.0,0.0,0.0,0.0,0.0,0.0,0.0,0.0,0.0,0.0,0.0,0.0,66.0,0,120,58,54,65476,0,300,0,0,8,20529,65476,0,0,57672,80.0,0.0,0.0,0.0,0.0,0.0
2026-06-18T02:11:38,ERR,ERR,ERR,ERR,ERR,ERR,ERR,ERR,ERR,ERR,ERR,ERR,ERR,ERR,ERR,ERR,ERR,ERR,ERR,ERR,ERR,ERR,ERR,ERR,ERR,ERR,ERR,ERR,ERR,ERR,ERR,ERR,ERR,ERR,ERR,ERR,ERR,ERR,ERR,ERR,ERR,ERR,ERR,ERR,ERR,ERR,ERR,ERR,ERR,ERR,ERR,ERR,ERR,ERR,ERR,ERR,ERR,ERR,ERR,ERR,ERR,ERR,ERR,ERR,ERR,ERR,ERR,ERR,ERR,ERR,ERR,ERR,ERR,ERR,ERR,ERR,ERR,ERR,ERR,ERR,ERR,ERR,ERR,ERR,ERR,ERR,ERR,ERR,ERR,ERR,ERR,ERR,ERR,ERR,ERR,ERR,ERR,ERR,ERR,ERR,ERR,ERR,ERR,ERR,ERR,ERR,ERR,ERR,ERR,ERR,ERR,ERR,ERR,ERR,ERR,ERR,ERR,ERR,ERR,ERR,ERR,ERR,ERR,ERR,ERR,-0.0,-107615392.0,-134999232.0,2.718290229135658e+23,0.0,1.3936040501711995e+18,7.805,2.2722174697351414e+18,0,0,4,48852,6720,14723890282496.0,100,0.0,0.0,0.0,0.0,0.0,0,0,0,0,0.0,0,0,0,0,0,0,0,0,0,0,0,0,0,0,0,0,0,0,0,0,0,0,0,0,0,0,0,0,0,0,0,0,0,26,51,50,76,65476,0,300,0,0,8,21553,0.0,-107605600.0,0.0,0.0,0.0,0.0,0.0,0.0,0.0,0.0,0.0,0.0,0.0,0.0,0.0,0.0,0.0,0.0,0.0,0.0,0.0,0.0,0.0,0.0,2.004,-2.004,0.0,0.0,0.0,0.0,4739.0,0.0,7299.0,-0.0,-107615392.0,0.0,2.7184312818759872e+23,0.0,0.0,0.0,0.0,77,-0.0,-0.0,0.0,0.0,0.0,0.0,0.0,0.0,0.0,0,0,0,0.0,0.0,0.0,0.0,0.0,0.0,0.0,0.0,0.0,0.0,0.0,0.0,0.0,0.0,0.0,0.0,0,-107875648.0,77,0.0,154,0.0,0.0,ERR,ERR,ERR,ERR,ERR,ERR,ERR,ERR,ERR,ERR,ERR,ERR,ERR,ERR,ERR,ERR,ERR,ERR,ERR,ERR,ERR,ERR,ERR,ERR,ERR,ERR,ERR,ERR,ERR,ERR,ERR,ERR,ERR,ERR,ERR,ERR,ERR,ERR,ERR,ERR,ERR,ERR,ERR,ERR,ERR,ERR,ERR,ERR,ERR,ERR,ERR,ERR,ERR,ERR,ERR,ERR,ERR,ERR,ERR,ERR,ERR,ERR,ERR,ERR,ERR,ERR,ERR,34.0,80.0,35,0.0,0.0,0.0,0.0,0.0,0.0,0.0,0.0,0.0,0.0,0.0,0.0,0.0,0.0,0.0,0.0,66.0,0,120,58,54,65476,0,300,0,0,8,20529,65476,0,0,57672,80.0,0.0,0.0,0.0,0.0,0.0
2026-06-18T02:11:39,ERR,ERR,ERR,ERR,ERR,ERR,ERR,ERR,ERR,ERR,ERR,ERR,ERR,ERR,ERR,ERR,ERR,ERR,ERR,ERR,ERR,ERR,ERR,ERR,ERR,ERR,ERR,ERR,ERR,ERR,ERR,ERR,ERR,ERR,ERR,ERR,ERR,ERR,ERR,ERR,ERR,ERR,ERR,ERR,ERR,ERR,ERR,ERR,ERR,ERR,ERR,ERR,ERR,ERR,ERR,ERR,ERR,ERR,ERR,ERR,ERR,ERR,ERR,ERR,ERR,ERR,ERR,ERR,ERR,ERR,ERR,ERR,ERR,ERR,ERR,ERR,ERR,ERR,ERR,ERR,ERR,ERR,ERR,ERR,ERR,ERR,ERR,ERR,ERR,ERR,ERR,ERR,ERR,ERR,ERR,ERR,ERR,ERR,ERR,ERR,ERR,ERR,ERR,ERR,ERR,ERR,ERR,ERR,ERR,ERR,ERR,ERR,ERR,ERR,ERR,ERR,ERR,ERR,ERR,ERR,ERR,ERR,ERR,ERR,ERR,-0.0,-107615392.0,-134999232.0,2.718290229135658e+23,0.0,1.3936040501711995e+18,7.805,2.2722174697351414e+18,0,0,4,48852,6720,14723890282496.0,100,0.0,0.0,0.0,0.0,0.0,0,0,0,0,0.0,0,0,0,0,0,0,0,0,0,0,0,0,0,0,0,0,0,0,0,0,0,0,0,0,0,0,0,0,0,0,0,0,0,26,51,50,76,65476,0,300,0,0,8,21553,0.0,-107605600.0,0.0,0.0,0.0,0.0,0.0,0.0,0.0,0.0,0.0,0.0,0.0,0.0,0.0,0.0,0.0,0.0,0.0,0.0,0.0,0.0,0.0,0.0,2.004,-2.004,0.0,0.0,0.0,0.0,4739.0,0.0,7299.0,-0.0,-107615392.0,0.0,2.7184312818759872e+23,0.0,0.0,0.0,0.0,77,-0.0,-0.0,0.0,0.0,0.0,0.0,0.0,0.0,0.0,0,0,0,0.0,0.0,0.0,0.0,0.0,0.0,0.0,0.0,0.0,0.0,0.0,0.0,0.0,0.0,0.0,0.0,0,-107875648.0,77,0.0,154,0.0,0.0,ERR,ERR,ERR,ERR,ERR,ERR,ERR,ERR,ERR,ERR,ERR,ERR,ERR,ERR,ERR,ERR,ERR,ERR,ERR,ERR,ERR,ERR,ERR,ERR,ERR,ERR,ERR,ERR,ERR,ERR,ERR,ERR,ERR,ERR,ERR,ERR,ERR,ERR,ERR,ERR,ERR,ERR,ERR,ERR,ERR,ERR,ERR,ERR,ERR,ERR,ERR,ERR,ERR,ERR,ERR,ERR,ERR,ERR,ERR,ERR,ERR,ERR,ERR,ERR,ERR,ERR,ERR,34.0,80.0,35,0.0,0.0,0.0,0.0,0.0,0.0,0.0,0.0,0.0,0.0,0.0,0.0,0.0,0.0,0.0,0.0,66.0,0,120,58,54,65476,0,300,0,0,8,20529,65476,0,0,57672,80.0,0.0,0.0,0.0,0.0,0.0
2026-06-18T02:11:40,ERR,ERR,ERR,ERR,ERR,ERR,ERR,ERR,ERR,ERR,ERR,ERR,ERR,ERR,ERR,ERR,ERR,ERR,ERR,ERR,ERR,ERR,ERR,ERR,ERR,ERR,ERR,ERR,ERR,ERR,ERR,ERR,ERR,ERR,ERR,ERR,ERR,ERR,ERR,ERR,ERR,ERR,ERR,ERR,ERR,ERR,ERR,ERR,ERR,ERR,ERR,ERR,ERR,ERR,ERR,ERR,ERR,ERR,ERR,ERR,ERR,ERR,ERR,ERR,ERR,ERR,ERR,ERR,ERR,ERR,ERR,ERR,ERR,ERR,ERR,ERR,ERR,ERR,ERR,ERR,ERR,ERR,ERR,ERR,ERR,ERR,ERR,ERR,ERR,ERR,ERR,ERR,ERR,ERR,ERR,ERR,ERR,ERR,ERR,ERR,ERR,ERR,ERR,ERR,ERR,ERR,ERR,ERR,ERR,ERR,ERR,ERR,ERR,ERR,ERR,ERR,ERR,ERR,ERR,ERR,ERR,ERR,ERR,ERR,ERR,-0.0,-107615392.0,-134999232.0,2.718290229135658e+23,0.0,1.3936040501711995e+18,7.805,2.2722174697351414e+18,0,0,4,48852,6720,14723890282496.0,100,0.0,0.0,0.0,0.0,0.0,0,0,0,0,0.0,0,0,0,0,0,0,0,0,0,0,0,0,0,0,0,0,0,0,0,0,0,0,0,0,0,0,0,0,0,0,0,0,0,26,51,50,76,65476,0,300,0,0,8,21553,0.0,-107605600.0,0.0,0.0,0.0,0.0,0.0,0.0,0.0,0.0,0.0,0.0,0.0,0.0,0.0,0.0,0.0,0.0,0.0,0.0,0.0,0.0,0.0,0.0,2.004,-2.004,0.0,0.0,0.0,0.0,4739.0,0.0,7299.0,-0.0,-107615392.0,0.0,2.7184312818759872e+23,0.0,0.0,0.0,0.0,77,-0.0,-0.0,0.0,0.0,0.0,0.0,0.0,0.0,0.0,0,0,0,0.0,0.0,0.0,0.0,0.0,0.0,0.0,0.0,0.0,0.0,0.0,0.0,0.0,0.0,0.0,0.0,0,-107875648.0,77,0.0,154,0.0,0.0,ERR,ERR,ERR,ERR,ERR,ERR,ERR,ERR,ERR,ERR,ERR,ERR,ERR,ERR,ERR,ERR,ERR,ERR,ERR,ERR,ERR,ERR,ERR,ERR,ERR,ERR,ERR,ERR,ERR,ERR,ERR,ERR,ERR,ERR,ERR,ERR,ERR,ERR,ERR,ERR,ERR,ERR,ERR,ERR,ERR,ERR,ERR,ERR,ERR,ERR,ERR,ERR,ERR,ERR,ERR,ERR,ERR,ERR,ERR,ERR,ERR,ERR,ERR,ERR,ERR,ERR,ERR,34.0,80.0,35,0.0,0.0,0.0,0.0,0.0,0.0,0.0,0.0,0.0,0.0,0.0,0.0,0.0,0.0,0.0,0.0,66.4,0,120,58,54,65476,0,300,0,0,8,20529,65476,0,0,57672,80.0,0.0,0.0,0.0,0.0,0.0
2026-06-18T02:11:41,ERR,ERR,ERR,ERR,ERR,ERR,ERR,ERR,ERR,ERR,ERR,ERR,ERR,ERR,ERR,ERR,ERR,ERR,ERR,ERR,ERR,ERR,ERR,ERR,ERR,ERR,ERR,ERR,ERR,ERR,ERR,ERR,ERR,ERR,ERR,ERR,ERR,ERR,ERR,ERR,ERR,ERR,ERR,ERR,ERR,ERR,ERR,ERR,ERR,ERR,ERR,ERR,ERR,ERR,ERR,ERR,ERR,ERR,ERR,ERR,ERR,ERR,ERR,ERR,ERR,ERR,ERR,ERR,ERR,ERR,ERR,ERR,ERR,ERR,ERR,ERR,ERR,ERR,ERR,ERR,ERR,ERR,ERR,ERR,ERR,ERR,ERR,ERR,ERR,ERR,ERR,ERR,ERR,ERR,ERR,ERR,ERR,ERR,ERR,ERR,ERR,ERR,ERR,ERR,ERR,ERR,ERR,ERR,ERR,ERR,ERR,ERR,ERR,ERR,ERR,ERR,ERR,ERR,ERR,ERR,ERR,ERR,ERR,ERR,ERR,-0.0,-107615392.0,-134999232.0,-152005385388032.0,0.0,1.3936040501711995e+18,7.805,1.1096074633774859e+29,0,0,4,48850,6720,14723890282496.0,100,0.0,0.0,0.0,-0.0,0.0,0,0,0,0,0.0,0,0,0,0,0,0,0,0,0,0,0,0,0,0,0,0,0,0,0,0,0,0,0,0,0,0,0,0,0,0,0,0,0,26,51,50,76,65476,0,300,0,0,8,21553,0.0,-107605600.0,0.0,0.0,0.0,0.0,0.0,0.0,0.0,0.0,0.0,0.0,0.0,0.0,0.0,0.0,0.0,0.0,0.0,0.0,0.0,0.0,0.0,0.0,2.004,-2.004,0.0,0.0,0.0,0.0,4741.0,0.0,7299.0,-0.0,-107615392.0,0.0,2.7184312818759872e+23,0.0,0.0,0.0,0.0,77,-0.059,-0.0,0.0,0.0,0.0,0.0,0.0,0.0,0.0,0,0,0,0.0,0.0,0.0,0.0,0.0,0.0,0.0,0.0,0.0,0.0,0.0,0.0,0.0,0.0,0.0,0.0,0,-107875648.0,77,0.0,154,0.0,0.0,ERR,ERR,ERR,ERR,ERR,ERR,ERR,ERR,ERR,ERR,ERR,ERR,ERR,ERR,ERR,ERR,ERR,ERR,ERR,ERR,ERR,ERR,ERR,ERR,ERR,ERR,ERR,ERR,ERR,ERR,ERR,ERR,ERR,ERR,ERR,ERR,ERR,ERR,ERR,ERR,ERR,ERR,ERR,ERR,ERR,ERR,ERR,ERR,ERR,ERR,ERR,ERR,ERR,ERR,ERR,ERR,ERR,ERR,ERR,ERR,ERR,ERR,ERR,ERR,ERR,ERR,ERR,34.0,80.0,35,0.0,0.0,0.0,0.0,0.0,0.0,0.0,0.0,0.0,0.0,0.0,0.0,0.0,0.0,0.0,0.0,66.4,0,120,58,54,65476,0,300,0,0,8,20529,65476,0,0,57672,80.0,0.0,0.0,0.0,0.0,0.0
2026-06-18T02:11:42,ERR,ERR,ERR,ERR,ERR,ERR,ERR,ERR,ERR,ERR,ERR,ERR,ERR,ERR,ERR,ERR,ERR,ERR,ERR,ERR,ERR,ERR,ERR,ERR,ERR,ERR,ERR,ERR,ERR,ERR,ERR,ERR,ERR,ERR,ERR,ERR,ERR,ERR,ERR,ERR,ERR,ERR,ERR,ERR,ERR,ERR,ERR,ERR,ERR,ERR,ERR,ERR,ERR,ERR,ERR,ERR,ERR,ERR,ERR,ERR,ERR,ERR,ERR,ERR,ERR,ERR,ERR,ERR,ERR,ERR,ERR,ERR,ERR,ERR,ERR,ERR,ERR,ERR,ERR,ERR,ERR,ERR,ERR,ERR,ERR,ERR,ERR,ERR,ERR,ERR,ERR,ERR,ERR,ERR,ERR,ERR,ERR,ERR,ERR,ERR,ERR,ERR,ERR,ERR,ERR,ERR,ERR,ERR,ERR,ERR,ERR,ERR,ERR,ERR,ERR,ERR,ERR,ERR,ERR,ERR,ERR,ERR,ERR,ERR,ERR,-0.0,-107615392.0,-134999232.0,-152005385388032.0,0.0,1.3936040501711995e+18,7.805,1.1096074633774859e+29,0,0,4,48850,6720,14723890282496.0,100,0.0,0.0,0.0,-0.0,0.0,0,0,0,0,0.0,0,0,0,0,0,0,0,0,0,0,0,0,0,0,0,0,0,0,0,0,0,0,0,0,0,0,0,0,0,0,0,0,0,26,51,50,76,65476,0,300,0,0,8,21553,0.0,-107605600.0,0.0,0.0,0.0,0.0,0.0,0.0,0.0,0.0,0.0,0.0,0.0,0.0,0.0,0.0,0.0,0.0,0.0,0.0,0.0,0.0,0.0,0.0,2.004,-2.004,0.0,0.0,0.0,0.0,4741.0,0.0,7299.0,-0.0,-107615392.0,0.0,2.7184312818759872e+23,0.0,0.0,0.0,0.0,77,-0.059,-0.0,0.0,0.0,0.0,0.0,0.0,0.0,0.0,0,0,0,0.0,0.0,0.0,0.0,0.0,0.0,0.0,0.0,0.0,0.0,0.0,0.0,0.0,0.0,0.0,0.0,0,-107875648.0,77,0.0,154,0.0,0.0,ERR,ERR,ERR,ERR,ERR,ERR,ERR,ERR,ERR,ERR,ERR,ERR,ERR,ERR,ERR,ERR,ERR,ERR,ERR,ERR,ERR,ERR,ERR,ERR,ERR,ERR,ERR,ERR,ERR,ERR,ERR,ERR,ERR,ERR,ERR,ERR,ERR,ERR,ERR,ERR,ERR,ERR,ERR,ERR,ERR,ERR,ERR,ERR,ERR,ERR,ERR,ERR,ERR,ERR,ERR,ERR,ERR,ERR,ERR,ERR,ERR,ERR,ERR,ERR,ERR,ERR,ERR,34.0,80.0,35,0.0,0.0,0.0,0.0,0.0,0.0,0.0,0.0,0.0,0.0,0.0,0.0,0.0,0.0,0.0,0.0,66.0,0,120,58,54,65476,0,300,0,0,8,20529,65476,0,0,57672,80.0,0.0,0.0,0.0,0.0,0.0
2026-06-18T02:11:43,ERR,ERR,ERR,ERR,ERR,ERR,ERR,ERR,ERR,ERR,ERR,ERR,ERR,ERR,ERR,ERR,ERR,ERR,ERR,ERR,ERR,ERR,ERR,ERR,ERR,ERR,ERR,ERR,ERR,ERR,ERR,ERR,ERR,ERR,ERR,ERR,ERR,ERR,ERR,ERR,ERR,ERR,ERR,ERR,ERR,ERR,ERR,ERR,ERR,ERR,ERR,ERR,ERR,ERR,ERR,ERR,ERR,ERR,ERR,ERR,ERR,ERR,ERR,ERR,ERR,ERR,ERR,ERR,ERR,ERR,ERR,ERR,ERR,ERR,ERR,ERR,ERR,ERR,ERR,ERR,ERR,ERR,ERR,ERR,ERR,ERR,ERR,ERR,ERR,ERR,ERR,ERR,ERR,ERR,ERR,ERR,ERR,ERR,ERR,ERR,ERR,ERR,ERR,ERR,ERR,ERR,ERR,ERR,ERR,ERR,ERR,ERR,ERR,ERR,ERR,ERR,ERR,ERR,ERR,ERR,ERR,ERR,ERR,ERR,ERR,-0.0,-107615392.0,-134999232.0,-152005385388032.0,0.0,1.3936040501711995e+18,7.805,1.1096074633774859e+29,0,0,4,48850,6720,14723890282496.0,100,0.0,0.0,0.0,-0.0,0.0,0,0,0,0,0.0,0,0,0,0,0,0,0,0,0,0,0,0,0,0,0,0,0,0,0,0,0,0,0,0,0,0,0,0,0,0,0,0,0,26,51,50,76,65476,0,300,0,0,8,21553,0.0,-107605600.0,0.0,0.0,0.0,0.0,0.0,0.0,0.0,0.0,0.0,0.0,0.0,0.0,0.0,0.0,0.0,0.0,0.0,0.0,0.0,0.0,0.0,0.0,2.004,-2.004,0.0,0.0,0.0,0.0,4741.0,0.0,7299.0,-0.0,-107615392.0,0.0,2.7184312818759872e+23,0.0,0.0,0.0,0.0,77,-0.059,-0.0,0.0,0.0,0.0,0.0,0.0,0.0,0.0,0,0,0,0.0,0.0,0.0,0.0,0.0,0.0,0.0,0.0,0.0,0.0,0.0,0.0,0.0,0.0,0.0,0.0,0,-107875648.0,77,0.0,154,0.0,0.0,ERR,ERR,ERR,ERR,ERR,ERR,ERR,ERR,ERR,ERR,ERR,ERR,ERR,ERR,ERR,ERR,ERR,ERR,ERR,ERR,ERR,ERR,ERR,ERR,ERR,ERR,ERR,ERR,ERR,ERR,ERR,ERR,ERR,ERR,ERR,ERR,ERR,ERR,ERR,ERR,ERR,ERR,ERR,ERR,ERR,ERR,ERR,ERR,ERR,ERR,ERR,ERR,ERR,ERR,ERR,ERR,ERR,ERR,ERR,ERR,ERR,ERR,ERR,ERR,ERR,ERR,ERR,34.0,80.0,35,0.0,0.0,0.0,0.0,0.0,0.0,0.0,0.0,0.0,0.0,0.0,0.0,0.0,0.0,0.0,0.0,66.0,0,120,58,54,65476,0,300,0,0,8,20529,65476,0,0,57672,80.0,0.0,0.0,0.0,0.0,0.0
2026-06-18T02:11:44,ERR,ERR,ERR,ERR,ERR,ERR,ERR,ERR,ERR,ERR,ERR,ERR,ERR,ERR,ERR,ERR,ERR,ERR,ERR,ERR,ERR,ERR,ERR,ERR,ERR,ERR,ERR,ERR,ERR,ERR,ERR,ERR,ERR,ERR,ERR,ERR,ERR,ERR,ERR,ERR,ERR,ERR,ERR,ERR,ERR,ERR,ERR,ERR,ERR,ERR,ERR,ERR,ERR,ERR,ERR,ERR,ERR,ERR,ERR,ERR,ERR,ERR,ERR,ERR,ERR,ERR,ERR,ERR,ERR,ERR,ERR,ERR,ERR,ERR,ERR,ERR,ERR,ERR,ERR,ERR,ERR,ERR,ERR,ERR,ERR,ERR,ERR,ERR,ERR,ERR,ERR,ERR,ERR,ERR,ERR,ERR,ERR,ERR,ERR,ERR,ERR,ERR,ERR,ERR,ERR,ERR,ERR,ERR,ERR,ERR,ERR,ERR,ERR,ERR,ERR,ERR,ERR,ERR,ERR,ERR,ERR,ERR,ERR,ERR,ERR,-0.0,-107615392.0,-134999232.0,-152005385388032.0,0.0,1.3936040501711995e+18,7.805,1.1096074633774859e+29,0,0,4,48850,6720,14723890282496.0,100,0.0,0.0,0.0,-0.0,0.0,0,0,0,0,0.0,0,0,0,0,0,0,0,0,0,0,0,0,0,0,0,0,0,0,0,0,0,0,0,0,0,0,0,0,0,0,0,0,0,26,51,50,76,65476,0,300,0,0,8,21553,0.0,-107605600.0,0.0,0.0,0.0,0.0,0.0,0.0,0.0,0.0,0.0,0.0,0.0,0.0,0.0,0.0,0.0,0.0,0.0,0.0,0.0,0.0,0.0,0.0,2.004,-2.004,0.0,0.0,0.0,0.0,4741.0,0.0,7299.0,-0.0,-107615392.0,0.0,2.7184312818759872e+23,0.0,0.0,0.0,0.0,77,-0.059,-0.0,0.0,0.0,0.0,0.0,0.0,0.0,0.0,0,0,0,0.0,0.0,0.0,0.0,0.0,0.0,0.0,0.0,0.0,0.0,0.0,0.0,0.0,0.0,0.0,0.0,0,-107875648.0,77,0.0,154,0.0,0.0,ERR,ERR,ERR,ERR,ERR,ERR,ERR,ERR,ERR,ERR,ERR,ERR,ERR,ERR,ERR,ERR,ERR,ERR,ERR,ERR,ERR,ERR,ERR,ERR,ERR,ERR,ERR,ERR,ERR,ERR,ERR,ERR,ERR,ERR,ERR,ERR,ERR,ERR,ERR,ERR,ERR,ERR,ERR,ERR,ERR,ERR,ERR,ERR,ERR,ERR,ERR,ERR,ERR,ERR,ERR,ERR,ERR,ERR,ERR,ERR,ERR,ERR,ERR,ERR,ERR,ERR,ERR,34.0,80.0,35,0.0,0.0,0.0,0.0,0.0,0.0,0.0,0.0,0.0,0.0,0.0,0.0,0.0,0.0,0.0,0.0,66.0,0,120,58,54,65476,0,300,0,0,8,20529,65476,0,0,57672,80.0,0.0,0.0,0.0,0.0,0.0
2026-06-18T02:11:45,ERR,ERR,ERR,ERR,ERR,ERR,ERR,ERR,ERR,ERR,ERR,ERR,ERR,ERR,ERR,ERR,ERR,ERR,ERR,ERR,ERR,ERR,ERR,ERR,ERR,ERR,ERR,ERR,ERR,ERR,ERR,ERR,ERR,ERR,ERR,ERR,ERR,ERR,ERR,ERR,ERR,ERR,ERR,ERR,ERR,ERR,ERR,ERR,ERR,ERR,ERR,ERR,ERR,ERR,ERR,ERR,ERR,ERR,ERR,ERR,ERR,ERR,ERR,ERR,ERR,ERR,ERR,ERR,ERR,ERR,ERR,ERR,ERR,ERR,ERR,ERR,ERR,ERR,ERR,ERR,ERR,ERR,ERR,ERR,ERR,ERR,ERR,ERR,ERR,ERR,ERR,ERR,ERR,ERR,ERR,ERR,ERR,ERR,ERR,ERR,ERR,ERR,ERR,ERR,ERR,ERR,ERR,ERR,ERR,ERR,ERR,ERR,ERR,ERR,ERR,ERR,ERR,ERR,ERR,ERR,ERR,ERR,ERR,ERR,ERR,-0.0,-107615392.0,-134999232.0,-152005385388032.0,0.0,1.3936040501711995e+18,7.805,1.1096074633774859e+29,0,0,4,48850,6720,14723890282496.0,100,0.0,0.0,0.0,-0.0,0.0,0,0,0,0,0.0,0,0,0,0,0,0,0,0,0,0,0,0,0,0,0,0,0,0,0,0,0,0,0,0,0,0,0,0,0,0,0,0,0,26,51,50,76,65476,0,300,0,0,8,21553,0.0,-107605600.0,0.0,0.0,0.0,0.0,0.0,0.0,0.0,0.0,0.0,0.0,0.0,0.0,0.0,0.0,0.0,0.0,0.0,0.0,0.0,0.0,0.0,0.0,2.004,-2.004,0.0,0.0,0.0,0.0,4741.0,0.0,7299.0,-0.0,-107615392.0,0.0,2.7184312818759872e+23,0.0,0.0,0.0,0.0,77,-0.059,-0.0,0.0,0.0,0.0,0.0,0.0,0.0,0.0,0,0,0,0.0,0.0,0.0,0.0,0.0,0.0,0.0,0.0,0.0,0.0,0.0,0.0,0.0,0.0,0.0,0.0,0,-107875648.0,77,0.0,154,0.0,0.0,ERR,ERR,ERR,ERR,ERR,ERR,ERR,ERR,ERR,ERR,ERR,ERR,ERR,ERR,ERR,ERR,ERR,ERR,ERR,ERR,ERR,ERR,ERR,ERR,ERR,ERR,ERR,ERR,ERR,ERR,ERR,ERR,ERR,ERR,ERR,ERR,ERR,ERR,ERR,ERR,ERR,ERR,ERR,ERR,ERR,ERR,ERR,ERR,ERR,ERR,ERR,ERR,ERR,ERR,ERR,ERR,ERR,ERR,ERR,ERR,ERR,ERR,ERR,ERR,ERR,ERR,ERR,34.0,80.0,35,0.0,0.0,0.0,0.0,0.0,0.0,0.0,0.0,0.0,0.0,0.0,0.0,0.0,0.0,0.0,0.0,66.0,0,120,58,54,65476,0,300,0,0,8,20529,65476,0,0,57672,80.0,0.0,0.0,0.0,0.0,0.0
2026-06-18T02:11:46,ERR,ERR,ERR,ERR,ERR,ERR,ERR,ERR,ERR,ERR,ERR,ERR,ERR,ERR,ERR,ERR,ERR,ERR,ERR,ERR,ERR,ERR,ERR,ERR,ERR,ERR,ERR,ERR,ERR,ERR,ERR,ERR,ERR,ERR,ERR,ERR,ERR,ERR,ERR,ERR,ERR,ERR,ERR,ERR,ERR,ERR,ERR,ERR,ERR,ERR,ERR,ERR,ERR,ERR,ERR,ERR,ERR,ERR,ERR,ERR,ERR,ERR,ERR,ERR,ERR,ERR,ERR,ERR,ERR,ERR,ERR,ERR,ERR,ERR,ERR,ERR,ERR,ERR,ERR,ERR,ERR,ERR,ERR,ERR,ERR,ERR,ERR,ERR,ERR,ERR,ERR,ERR,ERR,ERR,ERR,ERR,ERR,ERR,ERR,ERR,ERR,ERR,ERR,ERR,ERR,ERR,ERR,ERR,ERR,ERR,ERR,ERR,ERR,ERR,ERR,ERR,ERR,ERR,ERR,ERR,ERR,ERR,ERR,ERR,ERR,-0.0,-107615392.0,-134999232.0,-4.9501291711397626e+32,0.0,1.3936040501711995e+18,7.805,51974472.0,0,0,4,48852,6720,14723890282496.0,100,0.0,0.0,0.0,-4.9501291711397626e+32,0.0,0,0,0,0,0.0,0,0,0,0,0,0,0,0,0,0,0,0,0,0,0,0,0,0,0,0,0,0,0,0,0,0,0,0,0,0,0,0,0,26,51,50,76,65476,0,300,0,0,8,21553,0.0,-107605600.0,0.0,0.0,0.0,0.0,0.0,0.0,0.0,0.0,0.0,0.0,0.0,0.0,0.0,0.0,0.0,0.0,0.0,0.0,0.0,0.0,0.0,0.0,2.004,-2.004,0.0,0.0,0.0,0.0,4741.0,0.0,7296.0,-0.0,-107615392.0,0.0,2.7184312818759872e+23,0.0,0.0,0.0,0.0,77,-71.63,4.066849502332049e+29,0.0,0.0,0.0,0.0,0.0,0.0,0.0,0,0,0,0.0,0.0,0.0,0.0,0.0,0.0,0.0,0.0,0.0,0.0,0.0,0.0,0.0,0.0,0.0,0.0,0,-107875648.0,77,0.0,154,0.0,0.0,ERR,ERR,ERR,ERR,ERR,ERR,ERR,ERR,ERR,ERR,ERR,ERR,ERR,ERR,ERR,ERR,ERR,ERR,ERR,ERR,ERR,ERR,ERR,ERR,ERR,ERR,ERR,ERR,ERR,ERR,ERR,ERR,ERR,ERR,ERR,ERR,ERR,ERR,ERR,ERR,ERR,ERR,ERR,ERR,ERR,ERR,ERR,ERR,ERR,ERR,ERR,ERR,ERR,ERR,ERR,ERR,ERR,ERR,ERR,ERR,ERR,ERR,ERR,ERR,ERR,ERR,ERR,34.0,80.0,35,0.0,0.0,0.0,0.0,0.0,0.0,0.0,0.0,0.0,0.0,0.0,0.0,0.0,0.0,0.0,0.0,66.0,0,120,58,54,65476,0,300,0,0,8,20529,65476,0,0,57672,80.0,0.0,0.0,0.0,0.0,0.0
2026-06-18T02:11:47,ERR,ERR,ERR,ERR,ERR,ERR,ERR,ERR,ERR,ERR,ERR,ERR,ERR,ERR,ERR,ERR,ERR,ERR,ERR,ERR,ERR,ERR,ERR,ERR,ERR,ERR,ERR,ERR,ERR,ERR,ERR,ERR,ERR,ERR,ERR,ERR,ERR,ERR,ERR,ERR,ERR,ERR,ERR,ERR,ERR,ERR,ERR,ERR,ERR,ERR,ERR,ERR,ERR,ERR,ERR,ERR,ERR,ERR,ERR,ERR,ERR,ERR,ERR,ERR,ERR,ERR,ERR,ERR,ERR,ERR,ERR,ERR,ERR,ERR,ERR,ERR,ERR,ERR,ERR,ERR,ERR,ERR,ERR,ERR,ERR,ERR,ERR,ERR,ERR,ERR,ERR,ERR,ERR,ERR,ERR,ERR,ERR,ERR,ERR,ERR,ERR,ERR,ERR,ERR,ERR,ERR,ERR,ERR,ERR,ERR,ERR,ERR,ERR,ERR,ERR,ERR,ERR,ERR,ERR,ERR,ERR,ERR,ERR,ERR,ERR,-0.0,-107615392.0,-134999232.0,-4.9501291711397626e+32,0.0,1.3936040501711995e+18,7.805,51974472.0,0,0,4,48852,6720,14723890282496.0,100,0.0,0.0,0.0,-4.9501291711397626e+32,0.0,0,0,0,0,0.0,0,0,0,0,0,0,0,0,0,0,0,0,0,0,0,0,0,0,0,0,0,0,0,0,0,0,0,0,0,0,0,0,0,26,51,50,76,65476,0,300,0,0,8,21553,0.0,-107605600.0,0.0,0.0,0.0,0.0,0.0,0.0,0.0,0.0,0.0,0.0,0.0,0.0,0.0,0.0,0.0,0.0,0.0,0.0,0.0,0.0,0.0,0.0,2.004,-2.004,0.0,0.0,0.0,0.0,4741.0,0.0,7296.0,-0.0,-107615392.0,0.0,2.7184312818759872e+23,0.0,0.0,0.0,0.0,77,-71.63,4.066849502332049e+29,0.0,0.0,0.0,0.0,0.0,0.0,0.0,0,0,0,0.0,0.0,0.0,0.0,0.0,0.0,0.0,0.0,0.0,0.0,0.0,0.0,0.0,0.0,0.0,0.0,0,-107875648.0,77,0.0,154,0.0,0.0,ERR,ERR,ERR,ERR,ERR,ERR,ERR,ERR,ERR,ERR,ERR,ERR,ERR,ERR,ERR,ERR,ERR,ERR,ERR,ERR,ERR,ERR,ERR,ERR,ERR,ERR,ERR,ERR,ERR,ERR,ERR,ERR,ERR,ERR,ERR,ERR,ERR,ERR,ERR,ERR,ERR,ERR,ERR,ERR,ERR,ERR,ERR,ERR,ERR,ERR,ERR,ERR,ERR,ERR,ERR,ERR,ERR,ERR,ERR,ERR,ERR,ERR,ERR,ERR,ERR,ERR,ERR,34.0,80.0,35,0.0,0.0,0.0,0.0,0.0,0.0,0.0,0.0,0.0,0.0,0.0,0.0,0.0,0.0,0.0,0.0,66.0,0,120,58,54,65476,0,300,0,0,8,20529,65476,0,0,57672,80.0,0.0,0.0,0.0,0.0,0.0
2026-06-18T02:11:48,ERR,ERR,ERR,ERR,ERR,ERR,ERR,ERR,ERR,ERR,ERR,ERR,ERR,ERR,ERR,ERR,ERR,ERR,ERR,ERR,ERR,ERR,ERR,ERR,ERR,ERR,ERR,ERR,ERR,ERR,ERR,ERR,ERR,ERR,ERR,ERR,ERR,ERR,ERR,ERR,ERR,ERR,ERR,ERR,ERR,ERR,ERR,ERR,ERR,ERR,ERR,ERR,ERR,ERR,ERR,ERR,ERR,ERR,ERR,ERR,ERR,ERR,ERR,ERR,ERR,ERR,ERR,ERR,ERR,ERR,ERR,ERR,ERR,ERR,ERR,ERR,ERR,ERR,ERR,ERR,ERR,ERR,ERR,ERR,ERR,ERR,ERR,ERR,ERR,ERR,ERR,ERR,ERR,ERR,ERR,ERR,ERR,ERR,ERR,ERR,ERR,ERR,ERR,ERR,ERR,ERR,ERR,ERR,ERR,ERR,ERR,ERR,ERR,ERR,ERR,ERR,ERR,ERR,ERR,ERR,ERR,ERR,ERR,ERR,ERR,-0.0,-107615392.0,-134999232.0,-4.9501291711397626e+32,0.0,1.3936040501711995e+18,7.805,51974472.0,0,0,4,48852,6720,14723890282496.0,100,0.0,0.0,0.0,-4.9501291711397626e+32,0.0,0,0,0,0,0.0,0,0,0,0,0,0,0,0,0,0,0,0,0,0,0,0,0,0,0,0,0,0,0,0,0,0,0,0,0,0,0,0,0,26,51,50,76,65476,0,300,0,0,8,21553,0.0,-107605600.0,0.0,0.0,0.0,0.0,0.0,0.0,0.0,0.0,0.0,0.0,0.0,0.0,0.0,0.0,0.0,0.0,0.0,0.0,0.0,0.0,0.0,0.0,2.004,-2.004,0.0,0.0,0.0,0.0,4741.0,0.0,7296.0,-0.0,-107615392.0,0.0,2.7184312818759872e+23,0.0,0.0,0.0,0.0,77,-71.63,4.066849502332049e+29,0.0,0.0,0.0,0.0,0.0,0.0,0.0,0,0,0,0.0,0.0,0.0,0.0,0.0,0.0,0.0,0.0,0.0,0.0,0.0,0.0,0.0,0.0,0.0,0.0,0,-107875648.0,77,0.0,154,0.0,0.0,ERR,ERR,ERR,ERR,ERR,ERR,ERR,ERR,ERR,ERR,ERR,ERR,ERR,ERR,ERR,ERR,ERR,ERR,ERR,ERR,ERR,ERR,ERR,ERR,ERR,ERR,ERR,ERR,ERR,ERR,ERR,ERR,ERR,ERR,ERR,ERR,ERR,ERR,ERR,ERR,ERR,ERR,ERR,ERR,ERR,ERR,ERR,ERR,ERR,ERR,ERR,ERR,ERR,ERR,ERR,ERR,ERR,ERR,ERR,ERR,ERR,ERR,ERR,ERR,ERR,ERR,ERR,34.0,80.0,35,0.0,0.0,0.0,0.0,0.0,0.0,0.0,0.0,0.0,0.0,0.0,0.0,0.0,0.0,0.0,0.0,66.0,0,120,58,54,65476,0,300,0,0,8,20529,65476,0,0,57672,80.0,0.0,0.0,0.0,0.0,0.0
2026-06-18T02:11:49,ERR,ERR,ERR,ERR,ERR,ERR,ERR,ERR,ERR,ERR,ERR,ERR,ERR,ERR,ERR,ERR,ERR,ERR,ERR,ERR,ERR,ERR,ERR,ERR,ERR,ERR,ERR,ERR,ERR,ERR,ERR,ERR,ERR,ERR,ERR,ERR,ERR,ERR,ERR,ERR,ERR,ERR,ERR,ERR,ERR,ERR,ERR,ERR,ERR,ERR,ERR,ERR,ERR,ERR,ERR,ERR,ERR,ERR,ERR,ERR,ERR,ERR,ERR,ERR,ERR,ERR,ERR,ERR,ERR,ERR,ERR,ERR,ERR,ERR,ERR,ERR,ERR,ERR,ERR,ERR,ERR,ERR,ERR,ERR,ERR,ERR,ERR,ERR,ERR,ERR,ERR,ERR,ERR,ERR,ERR,ERR,ERR,ERR,ERR,ERR,ERR,ERR,ERR,ERR,ERR,ERR,ERR,ERR,ERR,ERR,ERR,ERR,ERR,ERR,ERR,ERR,ERR,ERR,ERR,ERR,ERR,ERR,ERR,ERR,ERR,-0.0,-107615392.0,-134999232.0,-4.9501291711397626e+32,0.0,1.3936040501711995e+18,7.805,51974472.0,0,0,4,48852,6720,14723890282496.0,100,0.0,0.0,0.0,-4.9501291711397626e+32,0.0,0,0,0,0,0.0,0,0,0,0,0,0,0,0,0,0,0,0,0,0,0,0,0,0,0,0,0,0,0,0,0,0,0,0,0,0,0,0,0,26,51,50,76,65476,0,300,0,0,8,21553,0.0,-107605600.0,0.0,0.0,0.0,0.0,0.0,0.0,0.0,0.0,0.0,0.0,0.0,0.0,0.0,0.0,0.0,0.0,0.0,0.0,0.0,0.0,0.0,0.0,2.004,-2.004,0.0,0.0,0.0,0.0,4741.0,0.0,7296.0,-0.0,-107615392.0,0.0,2.7184312818759872e+23,0.0,0.0,0.0,0.0,77,-71.63,4.066849502332049e+29,0.0,0.0,0.0,0.0,0.0,0.0,0.0,0,0,0,0.0,0.0,0.0,0.0,0.0,0.0,0.0,0.0,0.0,0.0,0.0,0.0,0.0,0.0,0.0,0.0,0,-107875648.0,77,0.0,154,0.0,0.0,ERR,ERR,ERR,ERR,ERR,ERR,ERR,ERR,ERR,ERR,ERR,ERR,ERR,ERR,ERR,ERR,ERR,ERR,ERR,ERR,ERR,ERR,ERR,ERR,ERR,ERR,ERR,ERR,ERR,ERR,ERR,ERR,ERR,ERR,ERR,ERR,ERR,ERR,ERR,ERR,ERR,ERR,ERR,ERR,ERR,ERR,ERR,ERR,ERR,ERR,ERR,ERR,ERR,ERR,ERR,ERR,ERR,ERR,ERR,ERR,ERR,ERR,ERR,ERR,ERR,ERR,ERR,34.0,80.0,35,0.0,0.0,0.0,0.0,0.0,0.0,0.0,0.0,0.0,0.0,0.0,0.0,0.0,0.0,0.0,0.0,66.0,0,120,58,54,65476,0,300,0,0,8,20529,65476,0,0,57672,80.0,0.0,0.0,0.0,0.0,0.0
2026-06-18T02:11:50,ERR,ERR,ERR,ERR,ERR,ERR,ERR,ERR,ERR,ERR,ERR,ERR,ERR,ERR,ERR,ERR,ERR,ERR,ERR,ERR,ERR,ERR,ERR,ERR,ERR,ERR,ERR,ERR,ERR,ERR,ERR,ERR,ERR,ERR,ERR,ERR,ERR,ERR,ERR,ERR,ERR,ERR,ERR,ERR,ERR,ERR,ERR,ERR,ERR,ERR,ERR,ERR,ERR,ERR,ERR,ERR,ERR,ERR,ERR,ERR,ERR,ERR,ERR,ERR,ERR,ERR,ERR,ERR,ERR,ERR,ERR,ERR,ERR,ERR,ERR,ERR,ERR,ERR,ERR,ERR,ERR,ERR,ERR,ERR,ERR,ERR,ERR,ERR,ERR,ERR,ERR,ERR,ERR,ERR,ERR,ERR,ERR,ERR,ERR,ERR,ERR,ERR,ERR,ERR,ERR,ERR,ERR,ERR,ERR,ERR,ERR,ERR,ERR,ERR,ERR,ERR,ERR,ERR,ERR,ERR,ERR,ERR,ERR,ERR,ERR,-0.0,-107615392.0,-134999232.0,-4.9501291711397626e+32,0.0,1.3936040501711995e+18,7.805,51974472.0,0,0,4,48852,6720,14723890282496.0,100,0.0,0.0,0.0,-4.9501291711397626e+32,0.0,0,0,0,0,0.0,0,0,0,0,0,0,0,0,0,0,0,0,0,0,0,0,0,0,0,0,0,0,0,0,0,0,0,0,0,0,0,0,0,26,51,50,76,65476,0,300,0,0,8,21553,0.0,-107605600.0,0.0,0.0,0.0,0.0,0.0,0.0,0.0,0.0,0.0,0.0,0.0,0.0,0.0,0.0,0.0,0.0,0.0,0.0,0.0,0.0,0.0,0.0,2.004,-2.004,0.0,0.0,0.0,0.0,4741.0,0.0,7296.0,-0.0,-107615392.0,0.0,2.7184312818759872e+23,0.0,0.0,0.0,0.0,77,-71.63,4.066849502332049e+29,0.0,0.0,0.0,0.0,0.0,0.0,0.0,0,0,0,0.0,0.0,0.0,0.0,0.0,0.0,0.0,0.0,0.0,0.0,0.0,0.0,0.0,0.0,0.0,0.0,0,-107875648.0,77,0.0,154,0.0,0.0,ERR,ERR,ERR,ERR,ERR,ERR,ERR,ERR,ERR,ERR,ERR,ERR,ERR,ERR,ERR,ERR,ERR,ERR,ERR,ERR,ERR,ERR,ERR,ERR,ERR,ERR,ERR,ERR,ERR,ERR,ERR,ERR,ERR,ERR,ERR,ERR,ERR,ERR,ERR,ERR,ERR,ERR,ERR,ERR,ERR,ERR,ERR,ERR,ERR,ERR,ERR,ERR,ERR,ERR,ERR,ERR,ERR,ERR,ERR,ERR,ERR,ERR,ERR,ERR,ERR,ERR,ERR,34.0,80.0,35,0.0,0.0,0.0,0.0,0.0,0.0,0.0,0.0,0.0,0.0,0.0,0.0,0.0,0.0,0.0,0.0,66.0,0,120,58,54,65476,0,300,0,0,8,20529,65476,0,0,57672,80.0,0.0,0.0,0.0,0.0,0.0
2026-06-18T02:11:51,ERR,ERR,ERR,ERR,ERR,ERR,ERR,ERR,ERR,ERR,ERR,ERR,ERR,ERR,ERR,ERR,ERR,ERR,ERR,ERR,ERR,ERR,ERR,ERR,ERR,ERR,ERR,ERR,ERR,ERR,ERR,ERR,ERR,ERR,ERR,ERR,ERR,ERR,ERR,ERR,ERR,ERR,ERR,ERR,ERR,ERR,ERR,ERR,ERR,ERR,ERR,ERR,ERR,ERR,ERR,ERR,ERR,ERR,ERR,ERR,ERR,ERR,ERR,ERR,ERR,ERR,ERR,ERR,ERR,ERR,ERR,ERR,ERR,ERR,ERR,ERR,ERR,ERR,ERR,ERR,ERR,ERR,ERR,ERR,ERR,ERR,ERR,ERR,ERR,ERR,ERR,ERR,ERR,ERR,ERR,ERR,ERR,ERR,ERR,ERR,ERR,ERR,ERR,ERR,ERR,ERR,ERR,ERR,ERR,ERR,ERR,ERR,ERR,ERR,ERR,ERR,ERR,ERR,ERR,ERR,ERR,ERR,ERR,ERR,ERR,-0.0,-107615392.0,-134999232.0,0.0,0.0,1.3936040501711995e+18,7.805,5.082843243955664e+23,0,0,4,48850,6720,14723890282496.0,100,0.0,0.0,0.0,-0.0,0.0,0,0,0,0,0.0,0,0,0,0,0,0,0,0,0,0,0,0,0,0,0,0,0,0,0,0,0,0,0,0,0,0,0,0,0,0,0,0,0,26,51,50,76,65476,0,300,0,0,8,21553,0.0,-107605600.0,0.0,0.0,0.0,0.0,0.0,0.0,0.0,0.0,0.0,0.0,0.0,0.0,0.0,0.0,0.0,0.0,0.0,0.0,0.0,0.0,0.0,-2.004,2.004,-2.004,0.0,0.0,0.0,0.0,4708.0,0.0,7297.0,-0.0,-107615392.0,0.0,2.7184312818759872e+23,0.0,0.0,0.0,0.0,77,-0.059,5.848051325610453e+35,0.0,0.0,0.0,0.0,0.0,0.0,0.0,0,0,0,0.0,0.0,0.0,0.0,0.0,0.0,0.0,0.0,0.0,0.0,0.0,0.0,0.0,0.0,0.0,0.0,0,-107875648.0,77,0.0,154,0.0,0.0,ERR,ERR,ERR,ERR,ERR,ERR,ERR,ERR,ERR,ERR,ERR,ERR,ERR,ERR,ERR,ERR,ERR,ERR,ERR,ERR,ERR,ERR,ERR,ERR,ERR,ERR,ERR,ERR,ERR,ERR,ERR,ERR,ERR,ERR,ERR,ERR,ERR,ERR,ERR,ERR,ERR,ERR,ERR,ERR,ERR,ERR,ERR,ERR,ERR,ERR,ERR,ERR,ERR,ERR,ERR,ERR,ERR,ERR,ERR,ERR,ERR,ERR,ERR,ERR,ERR,ERR,ERR,34.0,80.0,35,0.0,0.0,0.0,0.0,0.0,0.0,0.0,0.0,0.0,0.0,0.0,0.0,0.0,0.0,0.0,0.0,66.0,0,120,58,54,65476,0,300,0,0,8,20529,65476,0,0,57672,80.0,0.0,0.0,0.0,0.0,0.0
2026-06-18T02:11:52,ERR,ERR,ERR,ERR,ERR,ERR,ERR,ERR,ERR,ERR,ERR,ERR,ERR,ERR,ERR,ERR,ERR,ERR,ERR,ERR,ERR,ERR,ERR,ERR,ERR,ERR,ERR,ERR,ERR,ERR,ERR,ERR,ERR,ERR,ERR,ERR,ERR,ERR,ERR,ERR,ERR,ERR,ERR,ERR,ERR,ERR,ERR,ERR,ERR,ERR,ERR,ERR,ERR,ERR,ERR,ERR,ERR,ERR,ERR,ERR,ERR,ERR,ERR,ERR,ERR,ERR,ERR,ERR,ERR,ERR,ERR,ERR,ERR,ERR,ERR,ERR,ERR,ERR,ERR,ERR,ERR,ERR,ERR,ERR,ERR,ERR,ERR,ERR,ERR,ERR,ERR,ERR,ERR,ERR,ERR,ERR,ERR,ERR,ERR,ERR,ERR,ERR,ERR,ERR,ERR,ERR,ERR,ERR,ERR,ERR,ERR,ERR,ERR,ERR,ERR,ERR,ERR,ERR,ERR,ERR,ERR,ERR,ERR,ERR,ERR,-0.0,-107615392.0,-134999232.0,0.0,0.0,1.3936040501711995e+18,7.805,5.082843243955664e+23,0,0,4,48850,6720,14723890282496.0,100,0.0,0.0,0.0,-0.0,0.0,0,0,0,0,0.0,0,0,0,0,0,0,0,0,0,0,0,0,0,0,0,0,0,0,0,0,0,0,0,0,0,0,0,0,0,0,0,0,0,26,51,50,76,65476,0,300,0,0,8,21553,0.0,-107605600.0,0.0,0.0,0.0,0.0,0.0,0.0,0.0,0.0,0.0,0.0,0.0,0.0,0.0,0.0,0.0,0.0,0.0,0.0,0.0,0.0,0.0,-2.004,2.004,-2.004,0.0,0.0,0.0,0.0,4708.0,0.0,7297.0,-0.0,-107615392.0,0.0,2.7184312818759872e+23,0.0,0.0,0.0,0.0,77,-0.059,5.848051325610453e+35,0.0,0.0,0.0,0.0,0.0,0.0,0.0,0,0,0,0.0,0.0,0.0,0.0,0.0,0.0,0.0,0.0,0.0,0.0,0.0,0.0,0.0,0.0,0.0,0.0,0,-107875648.0,77,0.0,154,0.0,0.0,ERR,ERR,ERR,ERR,ERR,ERR,ERR,ERR,ERR,ERR,ERR,ERR,ERR,ERR,ERR,ERR,ERR,ERR,ERR,ERR,ERR,ERR,ERR,ERR,ERR,ERR,ERR,ERR,ERR,ERR,ERR,ERR,ERR,ERR,ERR,ERR,ERR,ERR,ERR,ERR,ERR,ERR,ERR,ERR,ERR,ERR,ERR,ERR,ERR,ERR,ERR,ERR,ERR,ERR,ERR,ERR,ERR,ERR,ERR,ERR,ERR,ERR,ERR,ERR,ERR,ERR,ERR,34.0,80.0,35,0.0,0.0,0.0,0.0,0.0,0.0,0.0,0.0,0.0,0.0,0.0,0.0,0.0,0.0,0.0,0.0,66.0,0,120,58,54,65476,0,300,0,0,8,20529,65476,0,0,57672,80.0,0.0,0.0,0.0,0.0,0.0
2026-06-18T02:11:53,ERR,ERR,ERR,ERR,ERR,ERR,ERR,ERR,ERR,ERR,ERR,ERR,ERR,ERR,ERR,ERR,ERR,ERR,ERR,ERR,ERR,ERR,ERR,ERR,ERR,ERR,ERR,ERR,ERR,ERR,ERR,ERR,ERR,ERR,ERR,ERR,ERR,ERR,ERR,ERR,ERR,ERR,ERR,ERR,ERR,ERR,ERR,ERR,ERR,ERR,ERR,ERR,ERR,ERR,ERR,ERR,ERR,ERR,ERR,ERR,ERR,ERR,ERR,ERR,ERR,ERR,ERR,ERR,ERR,ERR,ERR,ERR,ERR,ERR,ERR,ERR,ERR,ERR,ERR,ERR,ERR,ERR,ERR,ERR,ERR,ERR,ERR,ERR,ERR,ERR,ERR,ERR,ERR,ERR,ERR,ERR,ERR,ERR,ERR,ERR,ERR,ERR,ERR,ERR,ERR,ERR,ERR,ERR,ERR,ERR,ERR,ERR,ERR,ERR,ERR,ERR,ERR,ERR,ERR,ERR,ERR,ERR,ERR,ERR,ERR,-0.0,-107615392.0,-134999232.0,0.0,0.0,1.3936040501711995e+18,7.805,5.082843243955664e+23,0,0,4,48850,6720,14723890282496.0,100,0.0,0.0,0.0,-0.0,0.0,0,0,0,0,0.0,0,0,0,0,0,0,0,0,0,0,0,0,0,0,0,0,0,0,0,0,0,0,0,0,0,0,0,0,0,0,0,0,0,26,51,50,76,65476,0,300,0,0,8,21553,0.0,-107605600.0,0.0,0.0,0.0,0.0,0.0,0.0,0.0,0.0,0.0,0.0,0.0,0.0,0.0,0.0,0.0,0.0,0.0,0.0,0.0,0.0,0.0,-2.004,2.004,-2.004,0.0,0.0,0.0,0.0,4708.0,0.0,7297.0,-0.0,-107615392.0,0.0,2.7184312818759872e+23,0.0,0.0,0.0,0.0,77,-0.059,5.848051325610453e+35,0.0,0.0,0.0,0.0,0.0,0.0,0.0,0,0,0,0.0,0.0,0.0,0.0,0.0,0.0,0.0,0.0,0.0,0.0,0.0,0.0,0.0,0.0,0.0,0.0,0,-107875648.0,77,0.0,154,0.0,0.0,ERR,ERR,ERR,ERR,ERR,ERR,ERR,ERR,ERR,ERR,ERR,ERR,ERR,ERR,ERR,ERR,ERR,ERR,ERR,ERR,ERR,ERR,ERR,ERR,ERR,ERR,ERR,ERR,ERR,ERR,ERR,ERR,ERR,ERR,ERR,ERR,ERR,ERR,ERR,ERR,ERR,ERR,ERR,ERR,ERR,ERR,ERR,ERR,ERR,ERR,ERR,ERR,ERR,ERR,ERR,ERR,ERR,ERR,ERR,ERR,ERR,ERR,ERR,ERR,ERR,ERR,ERR,34.0,80.0,35,0.0,0.0,0.0,0.0,0.0,0.0,0.0,0.0,0.0,0.0,0.0,0.0,0.0,0.0,0.0,0.0,66.0,0,120,58,54,65476,0,300,0,0,8,20529,65476,0,0,57672,80.0,0.0,0.0,0.0,0.0,0.0
2026-06-18T02:11:54,ERR,ERR,ERR,ERR,ERR,ERR,ERR,ERR,ERR,ERR,ERR,ERR,ERR,ERR,ERR,ERR,ERR,ERR,ERR,ERR,ERR,ERR,ERR,ERR,ERR,ERR,ERR,ERR,ERR,ERR,ERR,ERR,ERR,ERR,ERR,ERR,ERR,ERR,ERR,ERR,ERR,ERR,ERR,ERR,ERR,ERR,ERR,ERR,ERR,ERR,ERR,ERR,ERR,ERR,ERR,ERR,ERR,ERR,ERR,ERR,ERR,ERR,ERR,ERR,ERR,ERR,ERR,ERR,ERR,ERR,ERR,ERR,ERR,ERR,ERR,ERR,ERR,ERR,ERR,ERR,ERR,ERR,ERR,ERR,ERR,ERR,ERR,ERR,ERR,ERR,ERR,ERR,ERR,ERR,ERR,ERR,ERR,ERR,ERR,ERR,ERR,ERR,ERR,ERR,ERR,ERR,ERR,ERR,ERR,ERR,ERR,ERR,ERR,ERR,ERR,ERR,ERR,ERR,ERR,ERR,ERR,ERR,ERR,ERR,ERR,-0.0,-107615392.0,-134999232.0,0.0,0.0,1.3936040501711995e+18,7.805,5.082843243955664e+23,0,0,4,48850,6720,14723890282496.0,100,0.0,0.0,0.0,-0.0,0.0,0,0,0,0,0.0,0,0,0,0,0,0,0,0,0,0,0,0,0,0,0,0,0,0,0,0,0,0,0,0,0,0,0,0,0,0,0,0,0,26,51,50,76,65476,0,300,0,0,8,21553,0.0,-107605600.0,0.0,0.0,0.0,0.0,0.0,0.0,0.0,0.0,0.0,0.0,0.0,0.0,0.0,0.0,0.0,0.0,0.0,0.0,0.0,0.0,0.0,-2.004,2.004,-2.004,0.0,0.0,0.0,0.0,4708.0,0.0,7297.0,-0.0,-107615392.0,0.0,2.7184312818759872e+23,0.0,0.0,0.0,0.0,77,-0.059,5.848051325610453e+35,0.0,0.0,0.0,0.0,0.0,0.0,0.0,0,0,0,0.0,0.0,0.0,0.0,0.0,0.0,0.0,0.0,0.0,0.0,0.0,0.0,0.0,0.0,0.0,0.0,0,-107875648.0,77,0.0,154,0.0,0.0,ERR,ERR,ERR,ERR,ERR,ERR,ERR,ERR,ERR,ERR,ERR,ERR,ERR,ERR,ERR,ERR,ERR,ERR,ERR,ERR,ERR,ERR,ERR,ERR,ERR,ERR,ERR,ERR,ERR,ERR,ERR,ERR,ERR,ERR,ERR,ERR,ERR,ERR,ERR,ERR,ERR,ERR,ERR,ERR,ERR,ERR,ERR,ERR,ERR,ERR,ERR,ERR,ERR,ERR,ERR,ERR,ERR,ERR,ERR,ERR,ERR,ERR,ERR,ERR,ERR,ERR,ERR,34.0,80.0,35,0.0,0.0,0.0,0.0,0.0,0.0,0.0,0.0,0.0,0.0,0.0,0.0,0.0,0.0,0.0,0.0,66.0,0,120,58,54,65476,0,300,0,0,8,20529,65476,0,0,57672,80.0,0.0,0.0,0.0,0.0,0.0
2026-06-18T02:11:55,ERR,ERR,ERR,ERR,ERR,ERR,ERR,ERR,ERR,ERR,ERR,ERR,ERR,ERR,ERR,ERR,ERR,ERR,ERR,ERR,ERR,ERR,ERR,ERR,ERR,ERR,ERR,ERR,ERR,ERR,ERR,ERR,ERR,ERR,ERR,ERR,ERR,ERR,ERR,ERR,ERR,ERR,ERR,ERR,ERR,ERR,ERR,ERR,ERR,ERR,ERR,ERR,ERR,ERR,ERR,ERR,ERR,ERR,ERR,ERR,ERR,ERR,ERR,ERR,ERR,ERR,ERR,ERR,ERR,ERR,ERR,ERR,ERR,ERR,ERR,ERR,ERR,ERR,ERR,ERR,ERR,ERR,ERR,ERR,ERR,ERR,ERR,ERR,ERR,ERR,ERR,ERR,ERR,ERR,ERR,ERR,ERR,ERR,ERR,ERR,ERR,ERR,ERR,ERR,ERR,ERR,ERR,ERR,ERR,ERR,ERR,ERR,ERR,ERR,ERR,ERR,ERR,ERR,ERR,ERR,ERR,ERR,ERR,ERR,ERR,-0.0,-107615392.0,-134999232.0,0.0,0.0,1.3936040501711995e+18,7.805,5.082843243955664e+23,0,0,4,48850,6720,14723890282496.0,100,0.0,0.0,0.0,-0.0,0.0,0,0,0,0,0.0,0,0,0,0,0,0,0,0,0,0,0,0,0,0,0,0,0,0,0,0,0,0,0,0,0,0,0,0,0,0,0,0,0,26,51,50,76,65476,0,300,0,0,8,21553,0.0,-107605600.0,0.0,0.0,0.0,0.0,0.0,0.0,0.0,0.0,0.0,0.0,0.0,0.0,0.0,0.0,0.0,0.0,0.0,0.0,0.0,0.0,0.0,-2.004,2.004,-2.004,0.0,0.0,0.0,0.0,4708.0,0.0,7297.0,-0.0,-107615392.0,0.0,2.7184312818759872e+23,0.0,0.0,0.0,0.0,77,-0.059,5.848051325610453e+35,0.0,0.0,0.0,0.0,0.0,0.0,0.0,0,0,0,0.0,0.0,0.0,0.0,0.0,0.0,0.0,0.0,0.0,0.0,0.0,0.0,0.0,0.0,0.0,0.0,0,-107875648.0,77,0.0,154,0.0,0.0,ERR,ERR,ERR,ERR,ERR,ERR,ERR,ERR,ERR,ERR,ERR,ERR,ERR,ERR,ERR,ERR,ERR,ERR,ERR,ERR,ERR,ERR,ERR,ERR,ERR,ERR,ERR,ERR,ERR,ERR,ERR,ERR,ERR,ERR,ERR,ERR,ERR,ERR,ERR,ERR,ERR,ERR,ERR,ERR,ERR,ERR,ERR,ERR,ERR,ERR,ERR,ERR,ERR,ERR,ERR,ERR,ERR,ERR,ERR,ERR,ERR,ERR,ERR,ERR,ERR,ERR,ERR,34.0,80.0,35,0.0,0.0,0.0,0.0,0.0,0.0,0.0,0.0,0.0,0.0,0.0,0.0,0.0,0.0,0.0,0.0,66.0,0,120,58,54,65476,0,300,0,0,8,20529,65476,0,0,57672,80.0,0.0,0.0,0.0,0.0,0.0
2026-06-18T02:11:56,ERR,ERR,ERR,ERR,ERR,ERR,ERR,ERR,ERR,ERR,ERR,ERR,ERR,ERR,ERR,ERR,ERR,ERR,ERR,ERR,ERR,ERR,ERR,ERR,ERR,ERR,ERR,ERR,ERR,ERR,ERR,ERR,ERR,ERR,ERR,ERR,ERR,ERR,ERR,ERR,ERR,ERR,ERR,ERR,ERR,ERR,ERR,ERR,ERR,ERR,ERR,ERR,ERR,ERR,ERR,ERR,ERR,ERR,ERR,ERR,ERR,ERR,ERR,ERR,ERR,ERR,ERR,ERR,ERR,ERR,ERR,ERR,ERR,ERR,ERR,ERR,ERR,ERR,ERR,ERR,ERR,ERR,ERR,ERR,ERR,ERR,ERR,ERR,ERR,ERR,ERR,ERR,ERR,ERR,ERR,ERR,ERR,ERR,ERR,ERR,ERR,ERR,ERR,ERR,ERR,ERR,ERR,ERR,ERR,ERR,ERR,ERR,ERR,ERR,ERR,ERR,ERR,ERR,ERR,ERR,ERR,ERR,ERR,ERR,ERR,-0.0,-107615392.0,-134999232.0,0.059,0.0,1.3936040501711995e+18,7.805,234.267,0,0,4,48861,6720,14723890282496.0,100,0.0,0.0,0.0,0.059,0.0,0,0,0,0,0.0,0,0,0,0,0,0,0,0,0,0,0,0,0,0,0,0,0,0,0,0,0,0,0,0,0,0,0,0,0,0,0,0,0,26,51,50,76,65476,0,300,0,0,8,21553,0.0,-107605600.0,0.0,0.0,0.0,0.0,0.0,0.0,0.0,0.0,0.0,0.0,0.0,0.0,0.0,0.0,0.0,0.0,0.0,0.0,0.0,0.0,0.0,0.0,2.004,-2.004,0.0,0.0,0.0,0.0,4741.0,0.0,7299.0,-0.0,-107615392.0,0.0,2.7184312818759872e+23,0.0,0.0,0.0,0.0,77,-71.63,-0.0,0.0,0.0,0.0,0.0,0.0,0.0,0.0,0,0,0,0.0,0.0,0.0,0.0,0.0,0.0,0.0,0.0,0.0,0.0,0.0,0.0,0.0,0.0,0.0,0.0,0,-107875648.0,77,0.0,154,0.0,0.0,ERR,ERR,ERR,ERR,ERR,ERR,ERR,ERR,ERR,ERR,ERR,ERR,ERR,ERR,ERR,ERR,ERR,ERR,ERR,ERR,ERR,ERR,ERR,ERR,ERR,ERR,ERR,ERR,ERR,ERR,ERR,ERR,ERR,ERR,ERR,ERR,ERR,ERR,ERR,ERR,ERR,ERR,ERR,ERR,ERR,ERR,ERR,ERR,ERR,ERR,ERR,ERR,ERR,ERR,ERR,ERR,ERR,ERR,ERR,ERR,ERR,ERR,ERR,ERR,ERR,ERR,ERR,34.0,80.0,35,0.0,0.0,0.0,0.0,0.0,0.0,0.0,0.0,0.0,0.0,0.0,0.0,0.0,0.0,0.0,0.0,66.0,0,120,58,54,65476,0,300,0,0,8,20529,65476,0,0,57672,80.0,0.0,0.0,0.0,0.0,0.0
2026-06-18T02:11:57,ERR,ERR,ERR,ERR,ERR,ERR,ERR,ERR,ERR,ERR,ERR,ERR,ERR,ERR,ERR,ERR,ERR,ERR,ERR,ERR,ERR,ERR,ERR,ERR,ERR,ERR,ERR,ERR,ERR,ERR,ERR,ERR,ERR,ERR,ERR,ERR,ERR,ERR,ERR,ERR,ERR,ERR,ERR,ERR,ERR,ERR,ERR,ERR,ERR,ERR,ERR,ERR,ERR,ERR,ERR,ERR,ERR,ERR,ERR,ERR,ERR,ERR,ERR,ERR,ERR,ERR,ERR,ERR,ERR,ERR,ERR,ERR,ERR,ERR,ERR,ERR,ERR,ERR,ERR,ERR,ERR,ERR,ERR,ERR,ERR,ERR,ERR,ERR,ERR,ERR,ERR,ERR,ERR,ERR,ERR,ERR,ERR,ERR,ERR,ERR,ERR,ERR,ERR,ERR,ERR,ERR,ERR,ERR,ERR,ERR,ERR,ERR,ERR,ERR,ERR,ERR,ERR,ERR,ERR,ERR,ERR,ERR,ERR,ERR,ERR,-0.0,-107615392.0,-134999232.0,0.059,0.0,1.3936040501711995e+18,7.805,234.267,0,0,4,48861,6720,14723890282496.0,100,0.0,0.0,0.0,0.059,0.0,0,0,0,0,0.0,0,0,0,0,0,0,0,0,0,0,0,0,0,0,0,0,0,0,0,0,0,0,0,0,0,0,0,0,0,0,0,0,0,26,51,50,76,65476,0,300,0,0,8,21553,0.0,-107605600.0,0.0,0.0,0.0,0.0,0.0,0.0,0.0,0.0,0.0,0.0,0.0,0.0,0.0,0.0,0.0,0.0,0.0,0.0,0.0,0.0,0.0,0.0,2.004,-2.004,0.0,0.0,0.0,0.0,4741.0,0.0,7299.0,-0.0,-107615392.0,0.0,2.7184312818759872e+23,0.0,0.0,0.0,0.0,77,-71.63,-0.0,0.0,0.0,0.0,0.0,0.0,0.0,0.0,0,0,0,0.0,0.0,0.0,0.0,0.0,0.0,0.0,0.0,0.0,0.0,0.0,0.0,0.0,0.0,0.0,0.0,0,-107875648.0,77,0.0,154,0.0,0.0,ERR,ERR,ERR,ERR,ERR,ERR,ERR,ERR,ERR,ERR,ERR,ERR,ERR,ERR,ERR,ERR,ERR,ERR,ERR,ERR,ERR,ERR,ERR,ERR,ERR,ERR,ERR,ERR,ERR,ERR,ERR,ERR,ERR,ERR,ERR,ERR,ERR,ERR,ERR,ERR,ERR,ERR,ERR,ERR,ERR,ERR,ERR,ERR,ERR,ERR,ERR,ERR,ERR,ERR,ERR,ERR,ERR,ERR,ERR,ERR,ERR,ERR,ERR,ERR,ERR,ERR,ERR,34.0,80.0,35,0.0,0.0,0.0,0.0,0.0,0.0,0.0,0.0,0.0,0.0,0.0,0.0,0.0,0.0,0.0,0.0,66.0,0,120,58,54,65476,0,300,0,0,8,20529,65476,0,0,57672,80.0,0.0,0.0,0.0,0.0,0.0
2026-06-18T02:11:58,ERR,ERR,ERR,ERR,ERR,ERR,ERR,ERR,ERR,ERR,ERR,ERR,ERR,ERR,ERR,ERR,ERR,ERR,ERR,ERR,ERR,ERR,ERR,ERR,ERR,ERR,ERR,ERR,ERR,ERR,ERR,ERR,ERR,ERR,ERR,ERR,ERR,ERR,ERR,ERR,ERR,ERR,ERR,ERR,ERR,ERR,ERR,ERR,ERR,ERR,ERR,ERR,ERR,ERR,ERR,ERR,ERR,ERR,ERR,ERR,ERR,ERR,ERR,ERR,ERR,ERR,ERR,ERR,ERR,ERR,ERR,ERR,ERR,ERR,ERR,ERR,ERR,ERR,ERR,ERR,ERR,ERR,ERR,ERR,ERR,ERR,ERR,ERR,ERR,ERR,ERR,ERR,ERR,ERR,ERR,ERR,ERR,ERR,ERR,ERR,ERR,ERR,ERR,ERR,ERR,ERR,ERR,ERR,ERR,ERR,ERR,ERR,ERR,ERR,ERR,ERR,ERR,ERR,ERR,ERR,ERR,ERR,ERR,ERR,ERR,-0.0,-107615392.0,-134999232.0,0.059,0.0,1.3936040501711995e+18,7.805,234.267,0,0,4,48861,6720,14723890282496.0,100,0.0,0.0,0.0,0.059,0.0,0,0,0,0,0.0,0,0,0,0,0,0,0,0,0,0,0,0,0,0,0,0,0,0,0,0,0,0,0,0,0,0,0,0,0,0,0,0,0,26,51,50,76,65476,0,300,0,0,8,21553,0.0,-107605600.0,0.0,0.0,0.0,0.0,0.0,0.0,0.0,0.0,0.0,0.0,0.0,0.0,0.0,0.0,0.0,0.0,0.0,0.0,0.0,0.0,0.0,0.0,2.004,-2.004,0.0,0.0,0.0,0.0,4741.0,0.0,7299.0,-0.0,-107615392.0,0.0,2.7184312818759872e+23,0.0,0.0,0.0,0.0,77,-71.63,-0.0,0.0,0.0,0.0,0.0,0.0,0.0,0.0,0,0,0,0.0,0.0,0.0,0.0,0.0,0.0,0.0,0.0,0.0,0.0,0.0,0.0,0.0,0.0,0.0,0.0,0,-107875648.0,77,0.0,154,0.0,0.0,ERR,ERR,ERR,ERR,ERR,ERR,ERR,ERR,ERR,ERR,ERR,ERR,ERR,ERR,ERR,ERR,ERR,ERR,ERR,ERR,ERR,ERR,ERR,ERR,ERR,ERR,ERR,ERR,ERR,ERR,ERR,ERR,ERR,ERR,ERR,ERR,ERR,ERR,ERR,ERR,ERR,ERR,ERR,ERR,ERR,ERR,ERR,ERR,ERR,ERR,ERR,ERR,ERR,ERR,ERR,ERR,ERR,ERR,ERR,ERR,ERR,ERR,ERR,ERR,ERR,ERR,ERR,34.0,80.0,35,0.0,0.0,0.0,0.0,0.0,0.0,0.0,0.0,0.0,0.0,0.0,0.0,0.0,0.0,0.0,0.0,66.0,0,120,58,54,65476,0,300,0,0,8,20529,65476,0,0,57672,80.0,0.0,0.0,0.0,0.0,0.0
2026-06-18T02:11:59,ERR,ERR,ERR,ERR,ERR,ERR,ERR,ERR,ERR,ERR,ERR,ERR,ERR,ERR,ERR,ERR,ERR,ERR,ERR,ERR,ERR,ERR,ERR,ERR,ERR,ERR,ERR,ERR,ERR,ERR,ERR,ERR,ERR,ERR,ERR,ERR,ERR,ERR,ERR,ERR,ERR,ERR,ERR,ERR,ERR,ERR,ERR,ERR,ERR,ERR,ERR,ERR,ERR,ERR,ERR,ERR,ERR,ERR,ERR,ERR,ERR,ERR,ERR,ERR,ERR,ERR,ERR,ERR,ERR,ERR,ERR,ERR,ERR,ERR,ERR,ERR,ERR,ERR,ERR,ERR,ERR,ERR,ERR,ERR,ERR,ERR,ERR,ERR,ERR,ERR,ERR,ERR,ERR,ERR,ERR,ERR,ERR,ERR,ERR,ERR,ERR,ERR,ERR,ERR,ERR,ERR,ERR,ERR,ERR,ERR,ERR,ERR,ERR,ERR,ERR,ERR,ERR,ERR,ERR,ERR,ERR,ERR,ERR,ERR,ERR,-0.0,-107615392.0,-134999232.0,0.059,0.0,1.3936040501711995e+18,7.805,234.267,0,0,4,48861,6720,14723890282496.0,100,0.0,0.0,0.0,0.059,0.0,0,0,0,0,0.0,0,0,0,0,0,0,0,0,0,0,0,0,0,0,0,0,0,0,0,0,0,0,0,0,0,0,0,0,0,0,0,0,0,26,51,50,76,65476,0,300,0,0,8,21553,0.0,-107605600.0,0.0,0.0,0.0,0.0,0.0,0.0,0.0,0.0,0.0,0.0,0.0,0.0,0.0,0.0,0.0,0.0,0.0,0.0,0.0,0.0,0.0,0.0,2.004,-2.004,0.0,0.0,0.0,0.0,4741.0,0.0,7299.0,-0.0,-107615392.0,0.0,2.7184312818759872e+23,0.0,0.0,0.0,0.0,77,-71.63,-0.0,0.0,0.0,0.0,0.0,0.0,0.0,0.0,0,0,0,0.0,0.0,0.0,0.0,0.0,0.0,0.0,0.0,0.0,0.0,0.0,0.0,0.0,0.0,0.0,0.0,0,-107875648.0,77,0.0,154,0.0,0.0,ERR,ERR,ERR,ERR,ERR,ERR,ERR,ERR,ERR,ERR,ERR,ERR,ERR,ERR,ERR,ERR,ERR,ERR,ERR,ERR,ERR,ERR,ERR,ERR,ERR,ERR,ERR,ERR,ERR,ERR,ERR,ERR,ERR,ERR,ERR,ERR,ERR,ERR,ERR,ERR,ERR,ERR,ERR,ERR,ERR,ERR,ERR,ERR,ERR,ERR,ERR,ERR,ERR,ERR,ERR,ERR,ERR,ERR,ERR,ERR,ERR,ERR,ERR,ERR,ERR,ERR,ERR,34.0,80.0,35,0.0,0.0,0.0,0.0,0.0,0.0,0.0,0.0,0.0,0.0,0.0,0.0,0.0,0.0,0.0,0.0,66.0,0,120,58,54,65476,0,300,0,0,8,20529,65476,0,0,57672,80.0,0.0,0.0,0.0,0.0,0.0
2026-06-18T02:12:00,ERR,ERR,ERR,ERR,ERR,ERR,ERR,ERR,ERR,ERR,ERR,ERR,ERR,ERR,ERR,ERR,ERR,ERR,ERR,ERR,ERR,ERR,ERR,ERR,ERR,ERR,ERR,ERR,ERR,ERR,ERR,ERR,ERR,ERR,ERR,ERR,ERR,ERR,ERR,ERR,ERR,ERR,ERR,ERR,ERR,ERR,ERR,ERR,ERR,ERR,ERR,ERR,ERR,ERR,ERR,ERR,ERR,ERR,ERR,ERR,ERR,ERR,ERR,ERR,ERR,ERR,ERR,ERR,ERR,ERR,ERR,ERR,ERR,ERR,ERR,ERR,ERR,ERR,ERR,ERR,ERR,ERR,ERR,ERR,ERR,ERR,ERR,ERR,ERR,ERR,ERR,ERR,ERR,ERR,ERR,ERR,ERR,ERR,ERR,ERR,ERR,ERR,ERR,ERR,ERR,ERR,ERR,ERR,ERR,ERR,ERR,ERR,ERR,ERR,ERR,ERR,ERR,ERR,ERR,ERR,ERR,ERR,ERR,ERR,ERR,-0.0,-107615392.0,-134999232.0,0.059,0.0,1.3936040501711995e+18,7.805,234.267,0,0,4,48861,6720,14723890282496.0,100,0.0,0.0,0.0,0.059,0.0,0,0,0,0,0.0,0,0,0,0,0,0,0,0,0,0,0,0,0,0,0,0,0,0,0,0,0,0,0,0,0,0,0,0,0,0,0,0,0,26,51,50,76,65476,0,300,0,0,8,21553,0.0,-107605600.0,0.0,0.0,0.0,0.0,0.0,0.0,0.0,0.0,0.0,0.0,0.0,0.0,0.0,0.0,0.0,0.0,0.0,0.0,0.0,0.0,0.0,0.0,2.004,-2.004,0.0,0.0,0.0,0.0,4741.0,0.0,7299.0,-0.0,-107615392.0,0.0,2.7184312818759872e+23,0.0,0.0,0.0,0.0,77,-71.63,-0.0,0.0,0.0,0.0,0.0,0.0,0.0,0.0,0,0,0,0.0,0.0,0.0,0.0,0.0,0.0,0.0,0.0,0.0,0.0,0.0,0.0,0.0,0.0,0.0,0.0,0,-107875648.0,77,0.0,154,0.0,0.0,ERR,ERR,ERR,ERR,ERR,ERR,ERR,ERR,ERR,ERR,ERR,ERR,ERR,ERR,ERR,ERR,ERR,ERR,ERR,ERR,ERR,ERR,ERR,ERR,ERR,ERR,ERR,ERR,ERR,ERR,ERR,ERR,ERR,ERR,ERR,ERR,ERR,ERR,ERR,ERR,ERR,ERR,ERR,ERR,ERR,ERR,ERR,ERR,ERR,ERR,ERR,ERR,ERR,ERR,ERR,ERR,ERR,ERR,ERR,ERR,ERR,ERR,ERR,ERR,ERR,ERR,ERR,34.0,80.0,35,0.0,0.0,0.0,0.0,0.0,0.0,0.0,0.0,0.0,0.0,0.0,0.0,0.0,0.0,0.0,0.0,66.0,0,120,58,54,65476,0,300,0,0,8,20529,65476,0,0,57672,80.0,0.0,0.0,0.0,0.0,0.0
2026-06-18T02:12:01,ERR,ERR,ERR,ERR,ERR,ERR,ERR,ERR,ERR,ERR,ERR,ERR,ERR,ERR,ERR,ERR,ERR,ERR,ERR,ERR,ERR,ERR,ERR,ERR,ERR,ERR,ERR,ERR,ERR,ERR,ERR,ERR,ERR,ERR,ERR,ERR,ERR,ERR,ERR,ERR,ERR,ERR,ERR,ERR,ERR,ERR,ERR,ERR,ERR,ERR,ERR,ERR,ERR,ERR,ERR,ERR,ERR,ERR,ERR,ERR,ERR,ERR,ERR,ERR,ERR,ERR,ERR,ERR,ERR,ERR,ERR,ERR,ERR,ERR,ERR,ERR,ERR,ERR,ERR,ERR,ERR,ERR,ERR,ERR,ERR,ERR,ERR,ERR,ERR,ERR,ERR,ERR,ERR,ERR,ERR,ERR,ERR,ERR,ERR,ERR,ERR,ERR,ERR,ERR,ERR,ERR,ERR,ERR,ERR,ERR,ERR,ERR,ERR,ERR,ERR,ERR,ERR,ERR,ERR,ERR,ERR,ERR,ERR,ERR,ERR,-0.0,-107615392.0,-134999232.0,0.059,0.0,1.3936040501711995e+18,7.805,234.267,0,0,4,48861,6720,14723890282496.0,100,0.0,0.0,0.0,0.059,0.0,0,0,0,0,0.0,0,0,0,0,0,0,0,0,0,0,0,0,0,0,0,0,0,0,0,0,0,0,0,0,0,0,0,0,0,0,0,0,0,26,51,50,76,65476,0,300,0,0,8,21553,0.0,-107605600.0,0.0,0.0,0.0,0.0,0.0,0.0,0.0,0.0,0.0,0.0,0.0,0.0,0.0,0.0,0.0,0.0,0.0,0.0,0.0,0.0,0.0,0.0,2.004,-2.004,0.0,0.0,0.0,0.0,4741.0,0.0,7299.0,-0.0,-107615392.0,0.0,2.7184312818759872e+23,0.0,0.0,0.0,0.0,77,-71.63,-0.0,0.0,0.0,0.0,0.0,0.0,0.0,0.0,0,0,0,0.0,0.0,0.0,0.0,0.0,0.0,0.0,0.0,0.0,0.0,0.0,0.0,0.0,0.0,0.0,0.0,0,-107875648.0,77,0.0,154,0.0,0.0,ERR,ERR,ERR,ERR,ERR,ERR,ERR,ERR,ERR,ERR,ERR,ERR,ERR,ERR,ERR,ERR,ERR,ERR,ERR,ERR,ERR,ERR,ERR,ERR,ERR,ERR,ERR,ERR,ERR,ERR,ERR,ERR,ERR,ERR,ERR,ERR,ERR,ERR,ERR,ERR,ERR,ERR,ERR,ERR,ERR,ERR,ERR,ERR,ERR,ERR,ERR,ERR,ERR,ERR,ERR,ERR,ERR,ERR,ERR,ERR,ERR,ERR,ERR,ERR,ERR,ERR,ERR,34.0,80.0,35,0.0,0.0,0.0,0.0,0.0,0.0,0.0,0.0,0.0,0.0,0.0,0.0,0.0,0.0,0.0,0.0,66.0,0,120,58,54,65476,0,300,0,0,8,20529,65476,0,0,57672,80.0,0.0,0.0,0.0,0.0,0.0
2026-06-18T02:12:02,ERR,ERR,ERR,ERR,ERR,ERR,ERR,ERR,ERR,ERR,ERR,ERR,ERR,ERR,ERR,ERR,ERR,ERR,ERR,ERR,ERR,ERR,ERR,ERR,ERR,ERR,ERR,ERR,ERR,ERR,ERR,ERR,ERR,ERR,ERR,ERR,ERR,ERR,ERR,ERR,ERR,ERR,ERR,ERR,ERR,ERR,ERR,ERR,ERR,ERR,ERR,ERR,ERR,ERR,ERR,ERR,ERR,ERR,ERR,ERR,ERR,ERR,ERR,ERR,ERR,ERR,ERR,ERR,ERR,ERR,ERR,ERR,ERR,ERR,ERR,ERR,ERR,ERR,ERR,ERR,ERR,ERR,ERR,ERR,ERR,ERR,ERR,ERR,ERR,ERR,ERR,ERR,ERR,ERR,ERR,ERR,ERR,ERR,ERR,ERR,ERR,ERR,ERR,ERR,ERR,ERR,ERR,ERR,ERR,ERR,ERR,ERR,ERR,ERR,ERR,ERR,ERR,ERR,ERR,ERR,ERR,ERR,ERR,ERR,ERR,-0.0,-107615392.0,-134999232.0,-152005385388032.0,0.0,1.3936040501711995e+18,7.805,1.1096074633774859e+29,0,0,4,48857,6720,14723890282496.0,100,0.0,0.0,0.0,-152005385388032.0,0.0,0,0,0,0,0.0,0,0,0,0,0,0,0,0,0,0,0,0,0,0,0,0,0,0,0,0,0,0,0,0,0,0,0,0,0,0,0,0,0,26,51,50,76,65476,0,300,0,0,8,21553,0.0,-107605600.0,0.0,0.0,0.0,0.0,0.0,0.0,0.0,0.0,0.0,0.0,0.0,0.0,0.0,0.0,0.0,0.0,0.0,0.0,0.0,0.0,0.0,0.0,2.004,-2.004,0.0,0.0,0.0,0.0,4744.0,0.0,7298.0,-0.0,-107615392.0,0.0,2.7184312818759872e+23,0.0,0.0,0.0,0.0,77,-107615360.0,-0.0,0.0,0.0,0.0,0.0,0.0,0.0,0.0,0,0,0,0.0,0.0,0.0,0.0,0.0,0.0,0.0,0.0,0.0,0.0,0.0,0.0,0.0,0.0,0.0,0.0,0,-107875648.0,77,0.0,154,0.0,0.0,ERR,ERR,ERR,ERR,ERR,ERR,ERR,ERR,ERR,ERR,ERR,ERR,ERR,ERR,ERR,ERR,ERR,ERR,ERR,ERR,ERR,ERR,ERR,ERR,ERR,ERR,ERR,ERR,ERR,ERR,ERR,ERR,ERR,ERR,ERR,ERR,ERR,ERR,ERR,ERR,ERR,ERR,ERR,ERR,ERR,ERR,ERR,ERR,ERR,ERR,ERR,ERR,ERR,ERR,ERR,ERR,ERR,ERR,ERR,ERR,ERR,ERR,ERR,ERR,ERR,ERR,ERR,34.0,80.0,35,0.0,0.0,0.0,0.0,0.0,0.0,0.0,0.0,0.0,0.0,0.0,0.0,0.0,0.0,0.0,0.0,66.0,0,120,58,54,65476,0,300,0,0,8,20529,65476,0,0,57672,80.0,0.0,0.0,0.0,0.0,0.0
2026-06-18T02:12:03,ERR,ERR,ERR,ERR,ERR,ERR,ERR,ERR,ERR,ERR,ERR,ERR,ERR,ERR,ERR,ERR,ERR,ERR,ERR,ERR,ERR,ERR,ERR,ERR,ERR,ERR,ERR,ERR,ERR,ERR,ERR,ERR,ERR,ERR,ERR,ERR,ERR,ERR,ERR,ERR,ERR,ERR,ERR,ERR,ERR,ERR,ERR,ERR,ERR,ERR,ERR,ERR,ERR,ERR,ERR,ERR,ERR,ERR,ERR,ERR,ERR,ERR,ERR,ERR,ERR,ERR,ERR,ERR,ERR,ERR,ERR,ERR,ERR,ERR,ERR,ERR,ERR,ERR,ERR,ERR,ERR,ERR,ERR,ERR,ERR,ERR,ERR,ERR,ERR,ERR,ERR,ERR,ERR,ERR,ERR,ERR,ERR,ERR,ERR,ERR,ERR,ERR,ERR,ERR,ERR,ERR,ERR,ERR,ERR,ERR,ERR,ERR,ERR,ERR,ERR,ERR,ERR,ERR,ERR,ERR,ERR,ERR,ERR,ERR,ERR,-0.0,-107615392.0,-134999232.0,-152005385388032.0,0.0,1.3936040501711995e+18,7.805,1.1096074633774859e+29,0,0,4,48857,6720,14723890282496.0,100,0.0,0.0,0.0,-152005385388032.0,0.0,0,0,0,0,0.0,0,0,0,0,0,0,0,0,0,0,0,0,0,0,0,0,0,0,0,0,0,0,0,0,0,0,0,0,0,0,0,0,0,26,51,50,76,65476,0,300,0,0,8,21553,0.0,-107605600.0,0.0,0.0,0.0,0.0,0.0,0.0,0.0,0.0,0.0,0.0,0.0,0.0,0.0,0.0,0.0,0.0,0.0,0.0,0.0,0.0,0.0,0.0,2.004,-2.004,0.0,0.0,0.0,0.0,4744.0,0.0,7298.0,-0.0,-107615392.0,0.0,2.7184312818759872e+23,0.0,0.0,0.0,0.0,77,-107615360.0,-0.0,0.0,0.0,0.0,0.0,0.0,0.0,0.0,0,0,0,0.0,0.0,0.0,0.0,0.0,0.0,0.0,0.0,0.0,0.0,0.0,0.0,0.0,0.0,0.0,0.0,0,-107875648.0,77,0.0,154,0.0,0.0,ERR,ERR,ERR,ERR,ERR,ERR,ERR,ERR,ERR,ERR,ERR,ERR,ERR,ERR,ERR,ERR,ERR,ERR,ERR,ERR,ERR,ERR,ERR,ERR,ERR,ERR,ERR,ERR,ERR,ERR,ERR,ERR,ERR,ERR,ERR,ERR,ERR,ERR,ERR,ERR,ERR,ERR,ERR,ERR,ERR,ERR,ERR,ERR,ERR,ERR,ERR,ERR,ERR,ERR,ERR,ERR,ERR,ERR,ERR,ERR,ERR,ERR,ERR,ERR,ERR,ERR,ERR,34.0,80.0,35,0.0,0.0,0.0,0.0,0.0,0.0,0.0,0.0,0.0,0.0,0.0,0.0,0.0,0.0,0.0,0.0,66.0,0,120,58,54,65476,0,300,0,0,8,20529,65476,0,0,57672,80.0,0.0,0.0,0.0,0.0,0.0
2026-06-18T02:12:04,ERR,ERR,ERR,ERR,ERR,ERR,ERR,ERR,ERR,ERR,ERR,ERR,ERR,ERR,ERR,ERR,ERR,ERR,ERR,ERR,ERR,ERR,ERR,ERR,ERR,ERR,ERR,ERR,ERR,ERR,ERR,ERR,ERR,ERR,ERR,ERR,ERR,ERR,ERR,ERR,ERR,ERR,ERR,ERR,ERR,ERR,ERR,ERR,ERR,ERR,ERR,ERR,ERR,ERR,ERR,ERR,ERR,ERR,ERR,ERR,ERR,ERR,ERR,ERR,ERR,ERR,ERR,ERR,ERR,ERR,ERR,ERR,ERR,ERR,ERR,ERR,ERR,ERR,ERR,ERR,ERR,ERR,ERR,ERR,ERR,ERR,ERR,ERR,ERR,ERR,ERR,ERR,ERR,ERR,ERR,ERR,ERR,ERR,ERR,ERR,ERR,ERR,ERR,ERR,ERR,ERR,ERR,ERR,ERR,ERR,ERR,ERR,ERR,ERR,ERR,ERR,ERR,ERR,ERR,ERR,ERR,ERR,ERR,ERR,ERR,-0.0,-107615392.0,-134999232.0,-152005385388032.0,0.0,1.3936040501711995e+18,7.805,1.1096074633774859e+29,0,0,4,48857,6720,14723890282496.0,100,0.0,0.0,0.0,-152005385388032.0,0.0,0,0,0,0,0.0,0,0,0,0,0,0,0,0,0,0,0,0,0,0,0,0,0,0,0,0,0,0,0,0,0,0,0,0,0,0,0,0,0,26,51,50,76,65476,0,300,0,0,8,21553,0.0,-107605600.0,0.0,0.0,0.0,0.0,0.0,0.0,0.0,0.0,0.0,0.0,0.0,0.0,0.0,0.0,0.0,0.0,0.0,0.0,0.0,0.0,0.0,0.0,2.004,-2.004,0.0,0.0,0.0,0.0,4744.0,0.0,7298.0,-0.0,-107615392.0,0.0,2.7184312818759872e+23,0.0,0.0,0.0,0.0,77,-107615360.0,-0.0,0.0,0.0,0.0,0.0,0.0,0.0,0.0,0,0,0,0.0,0.0,0.0,0.0,0.0,0.0,0.0,0.0,0.0,0.0,0.0,0.0,0.0,0.0,0.0,0.0,0,-107875648.0,77,0.0,154,0.0,0.0,ERR,ERR,ERR,ERR,ERR,ERR,ERR,ERR,ERR,ERR,ERR,ERR,ERR,ERR,ERR,ERR,ERR,ERR,ERR,ERR,ERR,ERR,ERR,ERR,ERR,ERR,ERR,ERR,ERR,ERR,ERR,ERR,ERR,ERR,ERR,ERR,ERR,ERR,ERR,ERR,ERR,ERR,ERR,ERR,ERR,ERR,ERR,ERR,ERR,ERR,ERR,ERR,ERR,ERR,ERR,ERR,ERR,ERR,ERR,ERR,ERR,ERR,ERR,ERR,ERR,ERR,ERR,34.0,80.0,35,0.0,0.0,0.0,0.0,0.0,0.0,0.0,0.0,0.0,0.0,0.0,0.0,0.0,0.0,0.0,0.0,66.0,0,120,58,54,65476,0,300,0,0,8,20529,65476,0,0,57672,80.0,0.0,0.0,0.0,0.0,0.0
2026-06-18T02:12:05,ERR,ERR,ERR,ERR,ERR,ERR,ERR,ERR,ERR,ERR,ERR,ERR,ERR,ERR,ERR,ERR,ERR,ERR,ERR,ERR,ERR,ERR,ERR,ERR,ERR,ERR,ERR,ERR,ERR,ERR,ERR,ERR,ERR,ERR,ERR,ERR,ERR,ERR,ERR,ERR,ERR,ERR,ERR,ERR,ERR,ERR,ERR,ERR,ERR,ERR,ERR,ERR,ERR,ERR,ERR,ERR,ERR,ERR,ERR,ERR,ERR,ERR,ERR,ERR,ERR,ERR,ERR,ERR,ERR,ERR,ERR,ERR,ERR,ERR,ERR,ERR,ERR,ERR,ERR,ERR,ERR,ERR,ERR,ERR,ERR,ERR,ERR,ERR,ERR,ERR,ERR,ERR,ERR,ERR,ERR,ERR,ERR,ERR,ERR,ERR,ERR,ERR,ERR,ERR,ERR,ERR,ERR,ERR,ERR,ERR,ERR,ERR,ERR,ERR,ERR,ERR,ERR,ERR,ERR,ERR,ERR,ERR,ERR,ERR,ERR,-0.0,-107615392.0,-134999232.0,-152005385388032.0,0.0,1.3936040501711995e+18,7.805,1.1096074633774859e+29,0,0,4,48857,6720,14723890282496.0,100,0.0,0.0,0.0,-152005385388032.0,0.0,0,0,0,0,0.0,0,0,0,0,0,0,0,0,0,0,0,0,0,0,0,0,0,0,0,0,0,0,0,0,0,0,0,0,0,0,0,0,0,26,51,50,76,65476,0,300,0,0,8,21553,0.0,-107605600.0,0.0,0.0,0.0,0.0,0.0,0.0,0.0,0.0,0.0,0.0,0.0,0.0,0.0,0.0,0.0,0.0,0.0,0.0,0.0,0.0,0.0,0.0,2.004,-2.004,0.0,0.0,0.0,0.0,4744.0,0.0,7298.0,-0.0,-107615392.0,0.0,2.7184312818759872e+23,0.0,0.0,0.0,0.0,77,-107615360.0,-0.0,0.0,0.0,0.0,0.0,0.0,0.0,0.0,0,0,0,0.0,0.0,0.0,0.0,0.0,0.0,0.0,0.0,0.0,0.0,0.0,0.0,0.0,0.0,0.0,0.0,0,-107875648.0,77,0.0,154,0.0,0.0,ERR,ERR,ERR,ERR,ERR,ERR,ERR,ERR,ERR,ERR,ERR,ERR,ERR,ERR,ERR,ERR,ERR,ERR,ERR,ERR,ERR,ERR,ERR,ERR,ERR,ERR,ERR,ERR,ERR,ERR,ERR,ERR,ERR,ERR,ERR,ERR,ERR,ERR,ERR,ERR,ERR,ERR,ERR,ERR,ERR,ERR,ERR,ERR,ERR,ERR,ERR,ERR,ERR,ERR,ERR,ERR,ERR,ERR,ERR,ERR,ERR,ERR,ERR,ERR,ERR,ERR,ERR,34.0,80.0,35,0.0,0.0,0.0,0.0,0.0,0.0,0.0,0.0,0.0,0.0,0.0,0.0,0.0,0.0,0.0,0.0,66.0,0,120,58,54,65476,0,300,0,0,8,20529,65476,0,0,57672,80.0,0.0,0.0,0.0,0.0,0.0
2026-06-18T02:12:06,ERR,ERR,ERR,ERR,ERR,ERR,ERR,ERR,ERR,ERR,ERR,ERR,ERR,ERR,ERR,ERR,ERR,ERR,ERR,ERR,ERR,ERR,ERR,ERR,ERR,ERR,ERR,ERR,ERR,ERR,ERR,ERR,ERR,ERR,ERR,ERR,ERR,ERR,ERR,ERR,ERR,ERR,ERR,ERR,ERR,ERR,ERR,ERR,ERR,ERR,ERR,ERR,ERR,ERR,ERR,ERR,ERR,ERR,ERR,ERR,ERR,ERR,ERR,ERR,ERR,ERR,ERR,ERR,ERR,ERR,ERR,ERR,ERR,ERR,ERR,ERR,ERR,ERR,ERR,ERR,ERR,ERR,ERR,ERR,ERR,ERR,ERR,ERR,ERR,ERR,ERR,ERR,ERR,ERR,ERR,ERR,ERR,ERR,ERR,ERR,ERR,ERR,ERR,ERR,ERR,ERR,ERR,ERR,ERR,ERR,ERR,ERR,ERR,ERR,ERR,ERR,ERR,ERR,ERR,ERR,ERR,ERR,ERR,ERR,ERR,-0.0,-107615392.0,-134999232.0,-152005385388032.0,0.0,1.3936040501711995e+18,7.805,1.1096074633774859e+29,0,0,4,48857,6720,14723890282496.0,100,0.0,0.0,0.0,-152005385388032.0,0.0,0,0,0,0,0.0,0,0,0,0,0,0,0,0,0,0,0,0,0,0,0,0,0,0,0,0,0,0,0,0,0,0,0,0,0,0,0,0,0,26,51,50,76,65476,0,300,0,0,8,21553,0.0,-107605600.0,0.0,0.0,0.0,0.0,0.0,0.0,0.0,0.0,0.0,0.0,0.0,0.0,0.0,0.0,0.0,0.0,0.0,0.0,0.0,0.0,0.0,0.0,2.004,-2.004,0.0,0.0,0.0,0.0,4744.0,0.0,7298.0,-0.0,-107615392.0,0.0,2.7184312818759872e+23,0.0,0.0,0.0,0.0,77,-107615360.0,-0.0,0.0,0.0,0.0,0.0,0.0,0.0,0.0,0,0,0,0.0,0.0,0.0,0.0,0.0,0.0,0.0,0.0,0.0,0.0,0.0,0.0,0.0,0.0,0.0,0.0,0,-107875648.0,77,0.0,154,0.0,0.0,ERR,ERR,ERR,ERR,ERR,ERR,ERR,ERR,ERR,ERR,ERR,ERR,ERR,ERR,ERR,ERR,ERR,ERR,ERR,ERR,ERR,ERR,ERR,ERR,ERR,ERR,ERR,ERR,ERR,ERR,ERR,ERR,ERR,ERR,ERR,ERR,ERR,ERR,ERR,ERR,ERR,ERR,ERR,ERR,ERR,ERR,ERR,ERR,ERR,ERR,ERR,ERR,ERR,ERR,ERR,ERR,ERR,ERR,ERR,ERR,ERR,ERR,ERR,ERR,ERR,ERR,ERR,34.0,80.0,35,0.0,0.0,0.0,0.0,0.0,0.0,0.0,0.0,0.0,0.0,0.0,0.0,0.0,0.0,0.0,0.0,66.4,0,120,58,54,65476,0,300,0,0,8,20529,65476,0,0,57672,80.0,0.0,0.0,0.0,0.0,0.0
2026-06-18T02:12:07,ERR,ERR,ERR,ERR,ERR,ERR,ERR,ERR,ERR,ERR,ERR,ERR,ERR,ERR,ERR,ERR,ERR,ERR,ERR,ERR,ERR,ERR,ERR,ERR,ERR,ERR,ERR,ERR,ERR,ERR,ERR,ERR,ERR,ERR,ERR,ERR,ERR,ERR,ERR,ERR,ERR,ERR,ERR,ERR,ERR,ERR,ERR,ERR,ERR,ERR,ERR,ERR,ERR,ERR,ERR,ERR,ERR,ERR,ERR,ERR,ERR,ERR,ERR,ERR,ERR,ERR,ERR,ERR,ERR,ERR,ERR,ERR,ERR,ERR,ERR,ERR,ERR,ERR,ERR,ERR,ERR,ERR,ERR,ERR,ERR,ERR,ERR,ERR,ERR,ERR,ERR,ERR,ERR,ERR,ERR,ERR,ERR,ERR,ERR,ERR,ERR,ERR,ERR,ERR,ERR,ERR,ERR,ERR,ERR,ERR,ERR,ERR,ERR,ERR,ERR,ERR,ERR,ERR,ERR,ERR,ERR,ERR,ERR,ERR,ERR,-0.0,-107615392.0,-134999232.0,-152005385388032.0,0.0,1.3936040501711995e+18,7.805,1.1096074633774859e+29,0,0,4,48852,6720,14723890282496.0,100,0.0,0.0,0.0,-152005385388032.0,0.0,0,0,0,0,0.0,0,0,0,0,0,0,0,0,0,0,0,0,0,0,0,0,0,0,0,0,0,0,0,0,0,0,0,0,0,0,0,0,0,26,51,50,76,65476,0,300,0,0,8,21553,0.0,-107605600.0,0.0,0.0,0.0,0.0,0.0,0.0,0.0,0.0,0.0,0.0,0.0,0.0,0.0,0.0,0.0,0.0,0.0,0.0,0.0,0.0,0.0,-2.004,2.004,-2.004,0.0,0.0,0.0,0.0,4744.0,0.0,7299.0,-0.0,-107615392.0,0.0,2.7184312818759872e+23,0.0,0.0,0.0,0.0,77,-107615360.0,-0.0,0.0,0.0,0.0,0.0,0.0,0.0,0.0,0,0,0,0.0,0.0,0.0,0.0,0.0,0.0,0.0,0.0,0.0,0.0,0.0,0.0,0.0,0.0,0.0,0.0,0,-107875648.0,77,0.0,154,0.0,0.0,ERR,ERR,ERR,ERR,ERR,ERR,ERR,ERR,ERR,ERR,ERR,ERR,ERR,ERR,ERR,ERR,ERR,ERR,ERR,ERR,ERR,ERR,ERR,ERR,ERR,ERR,ERR,ERR,ERR,ERR,ERR,ERR,ERR,ERR,ERR,ERR,ERR,ERR,ERR,ERR,ERR,ERR,ERR,ERR,ERR,ERR,ERR,ERR,ERR,ERR,ERR,ERR,ERR,ERR,ERR,ERR,ERR,ERR,ERR,ERR,ERR,ERR,ERR,ERR,ERR,ERR,ERR,34.0,80.0,35,0.0,0.0,0.0,0.0,0.0,0.0,0.0,0.0,0.0,0.0,0.0,0.0,0.0,0.0,0.0,0.0,66.0,0,120,58,54,65476,0,300,0,0,8,20529,65476,0,0,57672,80.0,0.0,0.0,0.0,0.0,0.0
2026-06-18T02:12:08,ERR,ERR,ERR,ERR,ERR,ERR,ERR,ERR,ERR,ERR,ERR,ERR,ERR,ERR,ERR,ERR,ERR,ERR,ERR,ERR,ERR,ERR,ERR,ERR,ERR,ERR,ERR,ERR,ERR,ERR,ERR,ERR,ERR,ERR,ERR,ERR,ERR,ERR,ERR,ERR,ERR,ERR,ERR,ERR,ERR,ERR,ERR,ERR,ERR,ERR,ERR,ERR,ERR,ERR,ERR,ERR,ERR,ERR,ERR,ERR,ERR,ERR,ERR,ERR,ERR,ERR,ERR,ERR,ERR,ERR,ERR,ERR,ERR,ERR,ERR,ERR,ERR,ERR,ERR,ERR,ERR,ERR,ERR,ERR,ERR,ERR,ERR,ERR,ERR,ERR,ERR,ERR,ERR,ERR,ERR,ERR,ERR,ERR,ERR,ERR,ERR,ERR,ERR,ERR,ERR,ERR,ERR,ERR,ERR,ERR,ERR,ERR,ERR,ERR,ERR,ERR,ERR,ERR,ERR,ERR,ERR,ERR,ERR,ERR,ERR,-0.0,-107615392.0,-134999232.0,-152005385388032.0,0.0,1.3936040501711995e+18,7.805,1.1096074633774859e+29,0,0,4,48852,6720,14723890282496.0,100,0.0,0.0,0.0,-152005385388032.0,0.0,0,0,0,0,0.0,0,0,0,0,0,0,0,0,0,0,0,0,0,0,0,0,0,0,0,0,0,0,0,0,0,0,0,0,0,0,0,0,0,26,51,50,76,65476,0,300,0,0,8,21553,0.0,-107605600.0,0.0,0.0,0.0,0.0,0.0,0.0,0.0,0.0,0.0,0.0,0.0,0.0,0.0,0.0,0.0,0.0,0.0,0.0,0.0,0.0,0.0,-2.004,2.004,-2.004,0.0,0.0,0.0,0.0,4744.0,0.0,7299.0,-0.0,-107615392.0,0.0,2.7184312818759872e+23,0.0,0.0,0.0,0.0,77,-107615360.0,-0.0,0.0,0.0,0.0,0.0,0.0,0.0,0.0,0,0,0,0.0,0.0,0.0,0.0,0.0,0.0,0.0,0.0,0.0,0.0,0.0,0.0,0.0,0.0,0.0,0.0,0,-107875648.0,77,0.0,154,0.0,0.0,ERR,ERR,ERR,ERR,ERR,ERR,ERR,ERR,ERR,ERR,ERR,ERR,ERR,ERR,ERR,ERR,ERR,ERR,ERR,ERR,ERR,ERR,ERR,ERR,ERR,ERR,ERR,ERR,ERR,ERR,ERR,ERR,ERR,ERR,ERR,ERR,ERR,ERR,ERR,ERR,ERR,ERR,ERR,ERR,ERR,ERR,ERR,ERR,ERR,ERR,ERR,ERR,ERR,ERR,ERR,ERR,ERR,ERR,ERR,ERR,ERR,ERR,ERR,ERR,ERR,ERR,ERR,34.0,80.0,35,0.0,0.0,0.0,0.0,0.0,0.0,0.0,0.0,0.0,0.0,0.0,0.0,0.0,0.0,0.0,0.0,66.0,0,120,58,54,65476,0,300,0,0,8,20529,65476,0,0,57672,80.0,0.0,0.0,0.0,0.0,0.0
2026-06-18T02:12:09,ERR,ERR,ERR,ERR,ERR,ERR,ERR,ERR,ERR,ERR,ERR,ERR,ERR,ERR,ERR,ERR,ERR,ERR,ERR,ERR,ERR,ERR,ERR,ERR,ERR,ERR,ERR,ERR,ERR,ERR,ERR,ERR,ERR,ERR,ERR,ERR,ERR,ERR,ERR,ERR,ERR,ERR,ERR,ERR,ERR,ERR,ERR,ERR,ERR,ERR,ERR,ERR,ERR,ERR,ERR,ERR,ERR,ERR,ERR,ERR,ERR,ERR,ERR,ERR,ERR,ERR,ERR,ERR,ERR,ERR,ERR,ERR,ERR,ERR,ERR,ERR,ERR,ERR,ERR,ERR,ERR,ERR,ERR,ERR,ERR,ERR,ERR,ERR,ERR,ERR,ERR,ERR,ERR,ERR,ERR,ERR,ERR,ERR,ERR,ERR,ERR,ERR,ERR,ERR,ERR,ERR,ERR,ERR,ERR,ERR,ERR,ERR,ERR,ERR,ERR,ERR,ERR,ERR,ERR,ERR,ERR,ERR,ERR,ERR,ERR,-0.0,-107615392.0,-134999232.0,-152005385388032.0,0.0,1.3936040501711995e+18,7.805,1.1096074633774859e+29,0,0,4,48852,6720,14723890282496.0,100,0.0,0.0,0.0,-152005385388032.0,0.0,0,0,0,0,0.0,0,0,0,0,0,0,0,0,0,0,0,0,0,0,0,0,0,0,0,0,0,0,0,0,0,0,0,0,0,0,0,0,0,26,51,50,76,65476,0,300,0,0,8,21553,0.0,-107605600.0,0.0,0.0,0.0,0.0,0.0,0.0,0.0,0.0,0.0,0.0,0.0,0.0,0.0,0.0,0.0,0.0,0.0,0.0,0.0,0.0,0.0,-2.004,2.004,-2.004,0.0,0.0,0.0,0.0,4744.0,0.0,7299.0,-0.0,-107615392.0,0.0,2.7184312818759872e+23,0.0,0.0,0.0,0.0,77,-107615360.0,-0.0,0.0,0.0,0.0,0.0,0.0,0.0,0.0,0,0,0,0.0,0.0,0.0,0.0,0.0,0.0,0.0,0.0,0.0,0.0,0.0,0.0,0.0,0.0,0.0,0.0,0,-107875648.0,77,0.0,154,0.0,0.0,ERR,ERR,ERR,ERR,ERR,ERR,ERR,ERR,ERR,ERR,ERR,ERR,ERR,ERR,ERR,ERR,ERR,ERR,ERR,ERR,ERR,ERR,ERR,ERR,ERR,ERR,ERR,ERR,ERR,ERR,ERR,ERR,ERR,ERR,ERR,ERR,ERR,ERR,ERR,ERR,ERR,ERR,ERR,ERR,ERR,ERR,ERR,ERR,ERR,ERR,ERR,ERR,ERR,ERR,ERR,ERR,ERR,ERR,ERR,ERR,ERR,ERR,ERR,ERR,ERR,ERR,ERR,34.0,80.0,35,0.0,0.0,0.0,0.0,0.0,0.0,0.0,0.0,0.0,0.0,0.0,0.0,0.0,0.0,0.0,0.0,66.4,0,120,58,54,65476,0,300,0,0,8,20529,65476,0,0,57672,80.0,0.0,0.0,0.0,0.0,0.0
2026-06-18T02:12:10,ERR,ERR,ERR,ERR,ERR,ERR,ERR,ERR,ERR,ERR,ERR,ERR,ERR,ERR,ERR,ERR,ERR,ERR,ERR,ERR,ERR,ERR,ERR,ERR,ERR,ERR,ERR,ERR,ERR,ERR,ERR,ERR,ERR,ERR,ERR,ERR,ERR,ERR,ERR,ERR,ERR,ERR,ERR,ERR,ERR,ERR,ERR,ERR,ERR,ERR,ERR,ERR,ERR,ERR,ERR,ERR,ERR,ERR,ERR,ERR,ERR,ERR,ERR,ERR,ERR,ERR,ERR,ERR,ERR,ERR,ERR,ERR,ERR,ERR,ERR,ERR,ERR,ERR,ERR,ERR,ERR,ERR,ERR,ERR,ERR,ERR,ERR,ERR,ERR,ERR,ERR,ERR,ERR,ERR,ERR,ERR,ERR,ERR,ERR,ERR,ERR,ERR,ERR,ERR,ERR,ERR,ERR,ERR,ERR,ERR,ERR,ERR,ERR,ERR,ERR,ERR,ERR,ERR,ERR,ERR,ERR,ERR,ERR,ERR,ERR,-0.0,-107615392.0,-134999232.0,-152005385388032.0,0.0,1.3936040501711995e+18,7.805,1.1096074633774859e+29,0,0,4,48852,6720,14723890282496.0,100,0.0,0.0,0.0,-152005385388032.0,0.0,0,0,0,0,0.0,0,0,0,0,0,0,0,0,0,0,0,0,0,0,0,0,0,0,0,0,0,0,0,0,0,0,0,0,0,0,0,0,0,26,51,50,76,65476,0,300,0,0,8,21553,0.0,-107605600.0,0.0,0.0,0.0,0.0,0.0,0.0,0.0,0.0,0.0,0.0,0.0,0.0,0.0,0.0,0.0,0.0,0.0,0.0,0.0,0.0,0.0,-2.004,2.004,-2.004,0.0,0.0,0.0,0.0,4744.0,0.0,7299.0,-0.0,-107615392.0,0.0,2.7184312818759872e+23,0.0,0.0,0.0,0.0,77,-107615360.0,-0.0,0.0,0.0,0.0,0.0,0.0,0.0,0.0,0,0,0,0.0,0.0,0.0,0.0,0.0,0.0,0.0,0.0,0.0,0.0,0.0,0.0,0.0,0.0,0.0,0.0,0,-107875648.0,77,0.0,154,0.0,0.0,ERR,ERR,ERR,ERR,ERR,ERR,ERR,ERR,ERR,ERR,ERR,ERR,ERR,ERR,ERR,ERR,ERR,ERR,ERR,ERR,ERR,ERR,ERR,ERR,ERR,ERR,ERR,ERR,ERR,ERR,ERR,ERR,ERR,ERR,ERR,ERR,ERR,ERR,ERR,ERR,ERR,ERR,ERR,ERR,ERR,ERR,ERR,ERR,ERR,ERR,ERR,ERR,ERR,ERR,ERR,ERR,ERR,ERR,ERR,ERR,ERR,ERR,ERR,ERR,ERR,ERR,ERR,34.0,80.0,35,0.0,0.0,0.0,0.0,0.0,0.0,0.0,0.0,0.0,0.0,0.0,0.0,0.0,0.0,0.0,0.0,66.4,0,120,58,54,65476,0,300,0,0,8,20529,65476,0,0,57672,80.0,0.0,0.0,0.0,0.0,0.0
2026-06-18T02:12:11,ERR,ERR,ERR,ERR,ERR,ERR,ERR,ERR,ERR,ERR,ERR,ERR,ERR,ERR,ERR,ERR,ERR,ERR,ERR,ERR,ERR,ERR,ERR,ERR,ERR,ERR,ERR,ERR,ERR,ERR,ERR,ERR,ERR,ERR,ERR,ERR,ERR,ERR,ERR,ERR,ERR,ERR,ERR,ERR,ERR,ERR,ERR,ERR,ERR,ERR,ERR,ERR,ERR,ERR,ERR,ERR,ERR,ERR,ERR,ERR,ERR,ERR,ERR,ERR,ERR,ERR,ERR,ERR,ERR,ERR,ERR,ERR,ERR,ERR,ERR,ERR,ERR,ERR,ERR,ERR,ERR,ERR,ERR,ERR,ERR,ERR,ERR,ERR,ERR,ERR,ERR,ERR,ERR,ERR,ERR,ERR,ERR,ERR,ERR,ERR,ERR,ERR,ERR,ERR,ERR,ERR,ERR,ERR,ERR,ERR,ERR,ERR,ERR,ERR,ERR,ERR,ERR,ERR,ERR,ERR,ERR,ERR,ERR,ERR,ERR,-0.0,-107615392.0,-134999232.0,-152005385388032.0,0.0,1.3936040501711995e+18,7.805,1.1096074633774859e+29,0,0,4,48852,6720,14723890282496.0,100,0.0,0.0,0.0,-152005385388032.0,0.0,0,0,0,0,0.0,0,0,0,0,0,0,0,0,0,0,0,0,0,0,0,0,0,0,0,0,0,0,0,0,0,0,0,0,0,0,0,0,0,26,51,50,76,65476,0,300,0,0,8,21553,0.0,-107605600.0,0.0,0.0,0.0,0.0,0.0,0.0,0.0,0.0,0.0,0.0,0.0,0.0,0.0,0.0,0.0,0.0,0.0,0.0,0.0,0.0,0.0,-2.004,2.004,-2.004,0.0,0.0,0.0,0.0,4744.0,0.0,7299.0,-0.0,-107615392.0,0.0,2.7184312818759872e+23,0.0,0.0,0.0,0.0,77,-107615360.0,-0.0,0.0,0.0,0.0,0.0,0.0,0.0,0.0,0,0,0,0.0,0.0,0.0,0.0,0.0,0.0,0.0,0.0,0.0,0.0,0.0,0.0,0.0,0.0,0.0,0.0,0,-107875648.0,77,0.0,154,0.0,0.0,ERR,ERR,ERR,ERR,ERR,ERR,ERR,ERR,ERR,ERR,ERR,ERR,ERR,ERR,ERR,ERR,ERR,ERR,ERR,ERR,ERR,ERR,ERR,ERR,ERR,ERR,ERR,ERR,ERR,ERR,ERR,ERR,ERR,ERR,ERR,ERR,ERR,ERR,ERR,ERR,ERR,ERR,ERR,ERR,ERR,ERR,ERR,ERR,ERR,ERR,ERR,ERR,ERR,ERR,ERR,ERR,ERR,ERR,ERR,ERR,ERR,ERR,ERR,ERR,ERR,ERR,ERR,34.0,80.0,35,0.0,0.0,0.0,0.0,0.0,0.0,0.0,0.0,0.0,0.0,0.0,0.0,0.0,0.0,0.0,0.0,66.4,0,120,58,54,65476,0,300,0,0,8,20529,65476,0,0,57672,80.0,0.0,0.0,0.0,0.0,0.0
2026-06-18T02:12:12,ERR,ERR,ERR,ERR,ERR,ERR,ERR,ERR,ERR,ERR,ERR,ERR,ERR,ERR,ERR,ERR,ERR,ERR,ERR,ERR,ERR,ERR,ERR,ERR,ERR,ERR,ERR,ERR,ERR,ERR,ERR,ERR,ERR,ERR,ERR,ERR,ERR,ERR,ERR,ERR,ERR,ERR,ERR,ERR,ERR,ERR,ERR,ERR,ERR,ERR,ERR,ERR,ERR,ERR,ERR,ERR,ERR,ERR,ERR,ERR,ERR,ERR,ERR,ERR,ERR,ERR,ERR,ERR,ERR,ERR,ERR,ERR,ERR,ERR,ERR,ERR,ERR,ERR,ERR,ERR,ERR,ERR,ERR,ERR,ERR,ERR,ERR,ERR,ERR,ERR,ERR,ERR,ERR,ERR,ERR,ERR,ERR,ERR,ERR,ERR,ERR,ERR,ERR,ERR,ERR,ERR,ERR,ERR,ERR,ERR,ERR,ERR,ERR,ERR,ERR,ERR,ERR,ERR,ERR,ERR,ERR,ERR,ERR,ERR,ERR,-0.0,-0.0,0.0,-152005385388032.0,-2.012,1.3936040501711995e+18,7.805,0.0,0,0,4,48859,6720,14723890282496.0,100,0.0,0.0,0.0,0.059,0.0,0,0,0,0,0.0,0,0,0,0,0,0,0,0,0,0,0,0,0,0,0,0,0,0,0,0,0,0,0,0,0,0,0,0,0,0,0,0,0,26,51,50,76,65476,0,300,0,0,8,21553,0.0,-107605600.0,0.0,0.0,0.0,0.0,0.0,0.0,0.0,0.0,0.0,0.0,0.0,0.0,0.0,0.0,0.0,0.0,0.0,0.0,0.0,0.0,0.0,0.0,2.004,-2.004,0.0,0.0,0.0,0.0,4744.0,0.0,7301.0,-0.0,-107615392.0,0.0,2.7184312818759872e+23,0.0,0.0,0.0,0.0,77,-107615360.0,-0.0,0.0,0.0,0.0,0.0,0.0,0.0,0.0,0,0,0,0.0,0.0,0.0,0.0,0.0,0.0,0.0,0.0,0.0,0.0,0.0,0.0,0.0,0.0,0.0,0.0,0,-107875648.0,77,0.0,154,0.0,0.0,ERR,ERR,ERR,ERR,ERR,ERR,ERR,ERR,ERR,ERR,ERR,ERR,ERR,ERR,ERR,ERR,ERR,ERR,ERR,ERR,ERR,ERR,ERR,ERR,ERR,ERR,ERR,ERR,ERR,ERR,ERR,ERR,ERR,ERR,ERR,ERR,ERR,ERR,ERR,ERR,ERR,ERR,ERR,ERR,ERR,ERR,ERR,ERR,ERR,ERR,ERR,ERR,ERR,ERR,ERR,ERR,ERR,ERR,ERR,ERR,ERR,ERR,ERR,ERR,ERR,ERR,ERR,34.0,80.0,35,0.0,0.0,0.0,0.0,0.0,0.0,0.0,0.0,0.0,0.0,0.0,0.0,0.0,0.0,0.0,0.0,66.4,0,120,58,54,65476,0,300,0,0,8,20529,65476,0,0,57672,80.0,0.0,0.0,0.0,0.0,0.0
2026-06-18T02:12:13,ERR,ERR,ERR,ERR,ERR,ERR,ERR,ERR,ERR,ERR,ERR,ERR,ERR,ERR,ERR,ERR,ERR,ERR,ERR,ERR,ERR,ERR,ERR,ERR,ERR,ERR,ERR,ERR,ERR,ERR,ERR,ERR,ERR,ERR,ERR,ERR,ERR,ERR,ERR,ERR,ERR,ERR,ERR,ERR,ERR,ERR,ERR,ERR,ERR,ERR,ERR,ERR,ERR,ERR,ERR,ERR,ERR,ERR,ERR,ERR,ERR,ERR,ERR,ERR,ERR,ERR,ERR,ERR,ERR,ERR,ERR,ERR,ERR,ERR,ERR,ERR,ERR,ERR,ERR,ERR,ERR,ERR,ERR,ERR,ERR,ERR,ERR,ERR,ERR,ERR,ERR,ERR,ERR,ERR,ERR,ERR,ERR,ERR,ERR,ERR,ERR,ERR,ERR,ERR,ERR,ERR,ERR,ERR,ERR,ERR,ERR,ERR,ERR,ERR,ERR,ERR,ERR,ERR,ERR,ERR,ERR,ERR,ERR,ERR,ERR,-0.0,-0.0,0.0,-152005385388032.0,-2.012,1.3936040501711995e+18,7.805,0.0,0,0,4,48859,6720,14723890282496.0,100,0.0,0.0,0.0,0.059,0.0,0,0,0,0,0.0,0,0,0,0,0,0,0,0,0,0,0,0,0,0,0,0,0,0,0,0,0,0,0,0,0,0,0,0,0,0,0,0,0,26,51,50,76,65476,0,300,0,0,8,21553,0.0,-107605600.0,0.0,0.0,0.0,0.0,0.0,0.0,0.0,0.0,0.0,0.0,0.0,0.0,0.0,0.0,0.0,0.0,0.0,0.0,0.0,0.0,0.0,0.0,2.004,-2.004,0.0,0.0,0.0,0.0,4744.0,0.0,7301.0,-0.0,-107615392.0,0.0,2.7184312818759872e+23,0.0,0.0,0.0,0.0,77,-107615360.0,-0.0,0.0,0.0,0.0,0.0,0.0,0.0,0.0,0,0,0,0.0,0.0,0.0,0.0,0.0,0.0,0.0,0.0,0.0,0.0,0.0,0.0,0.0,0.0,0.0,0.0,0,-107875648.0,77,0.0,154,0.0,0.0,ERR,ERR,ERR,ERR,ERR,ERR,ERR,ERR,ERR,ERR,ERR,ERR,ERR,ERR,ERR,ERR,ERR,ERR,ERR,ERR,ERR,ERR,ERR,ERR,ERR,ERR,ERR,ERR,ERR,ERR,ERR,ERR,ERR,ERR,ERR,ERR,ERR,ERR,ERR,ERR,ERR,ERR,ERR,ERR,ERR,ERR,ERR,ERR,ERR,ERR,ERR,ERR,ERR,ERR,ERR,ERR,ERR,ERR,ERR,ERR,ERR,ERR,ERR,ERR,ERR,ERR,ERR,34.0,80.0,35,0.0,0.0,0.0,0.0,0.0,0.0,0.0,0.0,0.0,0.0,0.0,0.0,0.0,0.0,0.0,0.0,66.4,0,120,58,54,65476,0,300,0,0,8,20529,65476,0,0,57672,80.0,0.0,0.0,0.0,0.0,0.0
2026-06-18T02:12:14,ERR,ERR,ERR,ERR,ERR,ERR,ERR,ERR,ERR,ERR,ERR,ERR,ERR,ERR,ERR,ERR,ERR,ERR,ERR,ERR,ERR,ERR,ERR,ERR,ERR,ERR,ERR,ERR,ERR,ERR,ERR,ERR,ERR,ERR,ERR,ERR,ERR,ERR,ERR,ERR,ERR,ERR,ERR,ERR,ERR,ERR,ERR,ERR,ERR,ERR,ERR,ERR,ERR,ERR,ERR,ERR,ERR,ERR,ERR,ERR,ERR,ERR,ERR,ERR,ERR,ERR,ERR,ERR,ERR,ERR,ERR,ERR,ERR,ERR,ERR,ERR,ERR,ERR,ERR,ERR,ERR,ERR,ERR,ERR,ERR,ERR,ERR,ERR,ERR,ERR,ERR,ERR,ERR,ERR,ERR,ERR,ERR,ERR,ERR,ERR,ERR,ERR,ERR,ERR,ERR,ERR,ERR,ERR,ERR,ERR,ERR,ERR,ERR,ERR,ERR,ERR,ERR,ERR,ERR,ERR,ERR,ERR,ERR,ERR,ERR,-0.0,-0.0,0.0,-152005385388032.0,-2.012,1.3936040501711995e+18,7.805,0.0,0,0,4,48859,6720,14723890282496.0,100,0.0,0.0,0.0,0.059,0.0,0,0,0,0,0.0,0,0,0,0,0,0,0,0,0,0,0,0,0,0,0,0,0,0,0,0,0,0,0,0,0,0,0,0,0,0,0,0,0,26,51,50,76,65476,0,300,0,0,8,21553,0.0,-107605600.0,0.0,0.0,0.0,0.0,0.0,0.0,0.0,0.0,0.0,0.0,0.0,0.0,0.0,0.0,0.0,0.0,0.0,0.0,0.0,0.0,0.0,0.0,2.004,-2.004,0.0,0.0,0.0,0.0,4744.0,0.0,7301.0,-0.0,-107615392.0,0.0,2.7184312818759872e+23,0.0,0.0,0.0,0.0,77,-107615360.0,-0.0,0.0,0.0,0.0,0.0,0.0,0.0,0.0,0,0,0,0.0,0.0,0.0,0.0,0.0,0.0,0.0,0.0,0.0,0.0,0.0,0.0,0.0,0.0,0.0,0.0,0,-107875648.0,77,0.0,154,0.0,0.0,ERR,ERR,ERR,ERR,ERR,ERR,ERR,ERR,ERR,ERR,ERR,ERR,ERR,ERR,ERR,ERR,ERR,ERR,ERR,ERR,ERR,ERR,ERR,ERR,ERR,ERR,ERR,ERR,ERR,ERR,ERR,ERR,ERR,ERR,ERR,ERR,ERR,ERR,ERR,ERR,ERR,ERR,ERR,ERR,ERR,ERR,ERR,ERR,ERR,ERR,ERR,ERR,ERR,ERR,ERR,ERR,ERR,ERR,ERR,ERR,ERR,ERR,ERR,ERR,ERR,ERR,ERR,34.0,80.0,35,0.0,0.0,0.0,0.0,0.0,0.0,0.0,0.0,0.0,0.0,0.0,0.0,0.0,0.0,0.0,0.0,66.4,0,120,58,54,65476,0,300,0,0,8,20529,65476,0,0,57672,80.0,0.0,0.0,0.0,0.0,0.0
2026-06-18T02:12:15,ERR,ERR,ERR,ERR,ERR,ERR,ERR,ERR,ERR,ERR,ERR,ERR,ERR,ERR,ERR,ERR,ERR,ERR,ERR,ERR,ERR,ERR,ERR,ERR,ERR,ERR,ERR,ERR,ERR,ERR,ERR,ERR,ERR,ERR,ERR,ERR,ERR,ERR,ERR,ERR,ERR,ERR,ERR,ERR,ERR,ERR,ERR,ERR,ERR,ERR,ERR,ERR,ERR,ERR,ERR,ERR,ERR,ERR,ERR,ERR,ERR,ERR,ERR,ERR,ERR,ERR,ERR,ERR,ERR,ERR,ERR,ERR,ERR,ERR,ERR,ERR,ERR,ERR,ERR,ERR,ERR,ERR,ERR,ERR,ERR,ERR,ERR,ERR,ERR,ERR,ERR,ERR,ERR,ERR,ERR,ERR,ERR,ERR,ERR,ERR,ERR,ERR,ERR,ERR,ERR,ERR,ERR,ERR,ERR,ERR,ERR,ERR,ERR,ERR,ERR,ERR,ERR,ERR,ERR,ERR,ERR,ERR,ERR,ERR,ERR,-0.0,-0.0,0.0,-152005385388032.0,-2.012,1.3936040501711995e+18,7.805,0.0,0,0,4,48859,6720,14723890282496.0,100,0.0,0.0,0.0,0.059,0.0,0,0,0,0,0.0,0,0,0,0,0,0,0,0,0,0,0,0,0,0,0,0,0,0,0,0,0,0,0,0,0,0,0,0,0,0,0,0,0,26,51,50,76,65476,0,300,0,0,8,21553,0.0,-107605600.0,0.0,0.0,0.0,0.0,0.0,0.0,0.0,0.0,0.0,0.0,0.0,0.0,0.0,0.0,0.0,0.0,0.0,0.0,0.0,0.0,0.0,0.0,2.004,-2.004,0.0,0.0,0.0,0.0,4744.0,0.0,7301.0,-0.0,-107615392.0,0.0,2.7184312818759872e+23,0.0,0.0,0.0,0.0,77,-107615360.0,-0.0,0.0,0.0,0.0,0.0,0.0,0.0,0.0,0,0,0,0.0,0.0,0.0,0.0,0.0,0.0,0.0,0.0,0.0,0.0,0.0,0.0,0.0,0.0,0.0,0.0,0,-107875648.0,77,0.0,154,0.0,0.0,ERR,ERR,ERR,ERR,ERR,ERR,ERR,ERR,ERR,ERR,ERR,ERR,ERR,ERR,ERR,ERR,ERR,ERR,ERR,ERR,ERR,ERR,ERR,ERR,ERR,ERR,ERR,ERR,ERR,ERR,ERR,ERR,ERR,ERR,ERR,ERR,ERR,ERR,ERR,ERR,ERR,ERR,ERR,ERR,ERR,ERR,ERR,ERR,ERR,ERR,ERR,ERR,ERR,ERR,ERR,ERR,ERR,ERR,ERR,ERR,ERR,ERR,ERR,ERR,ERR,ERR,ERR,34.0,80.0,35,0.0,0.0,0.0,0.0,0.0,0.0,0.0,0.0,0.0,0.0,0.0,0.0,0.0,0.0,0.0,0.0,66.0,0,120,58,54,65476,0,300,0,0,8,20529,65476,0,0,57672,80.0,0.0,0.0,0.0,0.0,0.0
2026-06-18T02:12:16,ERR,ERR,ERR,ERR,ERR,ERR,ERR,ERR,ERR,ERR,ERR,ERR,ERR,ERR,ERR,ERR,ERR,ERR,ERR,ERR,ERR,ERR,ERR,ERR,ERR,ERR,ERR,ERR,ERR,ERR,ERR,ERR,ERR,ERR,ERR,ERR,ERR,ERR,ERR,ERR,ERR,ERR,ERR,ERR,ERR,ERR,ERR,ERR,ERR,ERR,ERR,ERR,ERR,ERR,ERR,ERR,ERR,ERR,ERR,ERR,ERR,ERR,ERR,ERR,ERR,ERR,ERR,ERR,ERR,ERR,ERR,ERR,ERR,ERR,ERR,ERR,ERR,ERR,ERR,ERR,ERR,ERR,ERR,ERR,ERR,ERR,ERR,ERR,ERR,ERR,ERR,ERR,ERR,ERR,ERR,ERR,ERR,ERR,ERR,ERR,ERR,ERR,ERR,ERR,ERR,ERR,ERR,ERR,ERR,ERR,ERR,ERR,ERR,ERR,ERR,ERR,ERR,ERR,ERR,ERR,ERR,ERR,ERR,ERR,ERR,-0.0,-0.0,0.0,-152005385388032.0,-2.012,1.3936040501711995e+18,7.805,0.0,0,0,4,48859,6720,14723890282496.0,100,0.0,0.0,0.0,0.059,0.0,0,0,0,0,0.0,0,0,0,0,0,0,0,0,0,0,0,0,0,0,0,0,0,0,0,0,0,0,0,0,0,0,0,0,0,0,0,0,0,26,51,50,76,65476,0,300,0,0,8,21553,0.0,-107605600.0,0.0,0.0,0.0,0.0,0.0,0.0,0.0,0.0,0.0,0.0,0.0,0.0,0.0,0.0,0.0,0.0,0.0,0.0,0.0,0.0,0.0,0.0,2.004,-2.004,0.0,0.0,0.0,0.0,4744.0,0.0,7301.0,-0.0,-107615392.0,0.0,2.7184312818759872e+23,0.0,0.0,0.0,0.0,77,-107615360.0,-0.0,0.0,0.0,0.0,0.0,0.0,0.0,0.0,0,0,0,0.0,0.0,0.0,0.0,0.0,0.0,0.0,0.0,0.0,0.0,0.0,0.0,0.0,0.0,0.0,0.0,0,-107875648.0,77,0.0,154,0.0,0.0,ERR,ERR,ERR,ERR,ERR,ERR,ERR,ERR,ERR,ERR,ERR,ERR,ERR,ERR,ERR,ERR,ERR,ERR,ERR,ERR,ERR,ERR,ERR,ERR,ERR,ERR,ERR,ERR,ERR,ERR,ERR,ERR,ERR,ERR,ERR,ERR,ERR,ERR,ERR,ERR,ERR,ERR,ERR,ERR,ERR,ERR,ERR,ERR,ERR,ERR,ERR,ERR,ERR,ERR,ERR,ERR,ERR,ERR,ERR,ERR,ERR,ERR,ERR,ERR,ERR,ERR,ERR,34.0,80.0,35,0.0,0.0,0.0,0.0,0.0,0.0,0.0,0.0,0.0,0.0,0.0,0.0,0.0,0.0,0.0,0.0,66.4,0,120,58,54,65476,0,300,0,0,8,20529,65476,0,0,57672,80.0,0.0,0.0,0.0,0.0,0.0
2026-06-18T02:12:17,ERR,ERR,ERR,ERR,ERR,ERR,ERR,ERR,ERR,ERR,ERR,ERR,ERR,ERR,ERR,ERR,ERR,ERR,ERR,ERR,ERR,ERR,ERR,ERR,ERR,ERR,ERR,ERR,ERR,ERR,ERR,ERR,ERR,ERR,ERR,ERR,ERR,ERR,ERR,ERR,ERR,ERR,ERR,ERR,ERR,ERR,ERR,ERR,ERR,ERR,ERR,ERR,ERR,ERR,ERR,ERR,ERR,ERR,ERR,ERR,ERR,ERR,ERR,ERR,ERR,ERR,ERR,ERR,ERR,ERR,ERR,ERR,ERR,ERR,ERR,ERR,ERR,ERR,ERR,ERR,ERR,ERR,ERR,ERR,ERR,ERR,ERR,ERR,ERR,ERR,ERR,ERR,ERR,ERR,ERR,ERR,ERR,ERR,ERR,ERR,ERR,ERR,ERR,ERR,ERR,ERR,ERR,ERR,ERR,ERR,ERR,ERR,ERR,ERR,ERR,ERR,ERR,ERR,ERR,ERR,ERR,ERR,ERR,ERR,ERR,-0.0,-0.0,0.0,-152005385388032.0,-2.012,1.3936040501711995e+18,7.805,0.0,0,0,4,48859,6720,14723890282496.0,100,0.0,0.0,0.0,0.059,0.0,0,0,0,0,0.0,0,0,0,0,0,0,0,0,0,0,0,0,0,0,0,0,0,0,0,0,0,0,0,0,0,0,0,0,0,0,0,0,0,26,51,50,76,65476,0,300,0,0,8,21553,0.0,-107605600.0,0.0,0.0,0.0,0.0,0.0,0.0,0.0,0.0,0.0,0.0,0.0,0.0,0.0,0.0,0.0,0.0,0.0,0.0,0.0,0.0,0.0,0.0,2.004,-2.004,0.0,0.0,0.0,0.0,4744.0,0.0,7301.0,-0.0,-107615392.0,0.0,2.7184312818759872e+23,0.0,0.0,0.0,0.0,77,-107615360.0,-0.0,0.0,0.0,0.0,0.0,0.0,0.0,0.0,0,0,0,0.0,0.0,0.0,0.0,0.0,0.0,0.0,0.0,0.0,0.0,0.0,0.0,0.0,0.0,0.0,0.0,0,-107875648.0,77,0.0,154,0.0,0.0,ERR,ERR,ERR,ERR,ERR,ERR,ERR,ERR,ERR,ERR,ERR,ERR,ERR,ERR,ERR,ERR,ERR,ERR,ERR,ERR,ERR,ERR,ERR,ERR,ERR,ERR,ERR,ERR,ERR,ERR,ERR,ERR,ERR,ERR,ERR,ERR,ERR,ERR,ERR,ERR,ERR,ERR,ERR,ERR,ERR,ERR,ERR,ERR,ERR,ERR,ERR,ERR,ERR,ERR,ERR,ERR,ERR,ERR,ERR,ERR,ERR,ERR,ERR,ERR,ERR,ERR,ERR,34.0,80.0,35,0.0,0.0,0.0,0.0,0.0,0.0,0.0,0.0,0.0,0.0,0.0,0.0,0.0,0.0,0.0,0.0,66.4,0,120,58,54,65476,0,300,0,0,8,20529,65476,0,0,57672,80.0,0.0,0.0,0.0,0.0,0.0
2026-06-18T02:12:18,ERR,ERR,ERR,ERR,ERR,ERR,ERR,ERR,ERR,ERR,ERR,ERR,ERR,ERR,ERR,ERR,ERR,ERR,ERR,ERR,ERR,ERR,ERR,ERR,ERR,ERR,ERR,ERR,ERR,ERR,ERR,ERR,ERR,ERR,ERR,ERR,ERR,ERR,ERR,ERR,ERR,ERR,ERR,ERR,ERR,ERR,ERR,ERR,ERR,ERR,ERR,ERR,ERR,ERR,ERR,ERR,ERR,ERR,ERR,ERR,ERR,ERR,ERR,ERR,ERR,ERR,ERR,ERR,ERR,ERR,ERR,ERR,ERR,ERR,ERR,ERR,ERR,ERR,ERR,ERR,ERR,ERR,ERR,ERR,ERR,ERR,ERR,ERR,ERR,ERR,ERR,ERR,ERR,ERR,ERR,ERR,ERR,ERR,ERR,ERR,ERR,ERR,ERR,ERR,ERR,ERR,ERR,ERR,ERR,ERR,ERR,ERR,ERR,ERR,ERR,ERR,ERR,ERR,ERR,ERR,ERR,ERR,ERR,ERR,ERR,-0.0,-0.0,0.0,-4.9501291711397626e+32,-2.012,1.3936040501711995e+18,7.805,8.558351388217734e+28,0,0,4,48846,6720,14723890282496.0,100,0.0,0.0,0.0,-152005385388032.0,0.0,0,0,0,0,0.0,0,0,0,0,0,0,0,0,0,0,0,0,0,0,0,0,0,0,0,0,0,0,0,0,0,0,0,0,0,0,0,0,0,26,51,50,76,65476,0,300,0,0,8,21553,0.0,-107605600.0,0.0,0.0,0.0,0.0,0.0,0.0,0.0,0.0,0.0,0.0,0.0,0.0,0.0,0.0,0.0,0.0,0.0,0.0,0.0,0.0,0.0,0.0,2.004,-2.004,0.0,0.0,0.0,0.0,4741.0,0.0,7297.0,-0.0,-107615392.0,0.0,2.7184312818759872e+23,0.0,0.0,0.0,0.0,77,-0.0,5.848051325610453e+35,0.0,0.0,0.0,0.0,0.0,0.0,0.0,0,0,0,0.0,0.0,0.0,0.0,0.0,0.0,0.0,0.0,0.0,0.0,0.0,0.0,0.0,0.0,0.0,0.0,0,-107875648.0,77,0.0,154,0.0,0.0,ERR,ERR,ERR,ERR,ERR,ERR,ERR,ERR,ERR,ERR,ERR,ERR,ERR,ERR,ERR,ERR,ERR,ERR,ERR,ERR,ERR,ERR,ERR,ERR,ERR,ERR,ERR,ERR,ERR,ERR,ERR,ERR,ERR,ERR,ERR,ERR,ERR,ERR,ERR,ERR,ERR,ERR,ERR,ERR,ERR,ERR,ERR,ERR,ERR,ERR,ERR,ERR,ERR,ERR,ERR,ERR,ERR,ERR,ERR,ERR,ERR,ERR,ERR,ERR,ERR,ERR,ERR,34.0,80.0,35,0.0,0.0,0.0,0.0,0.0,0.0,0.0,0.0,0.0,0.0,0.0,0.0,0.0,0.0,0.0,0.0,66.0,0,120,58,54,65476,0,300,0,0,8,20529,65476,0,0,57672,80.0,0.0,0.0,0.0,0.0,0.0
2026-06-18T02:12:19,ERR,ERR,ERR,ERR,ERR,ERR,ERR,ERR,ERR,ERR,ERR,ERR,ERR,ERR,ERR,ERR,ERR,ERR,ERR,ERR,ERR,ERR,ERR,ERR,ERR,ERR,ERR,ERR,ERR,ERR,ERR,ERR,ERR,ERR,ERR,ERR,ERR,ERR,ERR,ERR,ERR,ERR,ERR,ERR,ERR,ERR,ERR,ERR,ERR,ERR,ERR,ERR,ERR,ERR,ERR,ERR,ERR,ERR,ERR,ERR,ERR,ERR,ERR,ERR,ERR,ERR,ERR,ERR,ERR,ERR,ERR,ERR,ERR,ERR,ERR,ERR,ERR,ERR,ERR,ERR,ERR,ERR,ERR,ERR,ERR,ERR,ERR,ERR,ERR,ERR,ERR,ERR,ERR,ERR,ERR,ERR,ERR,ERR,ERR,ERR,ERR,ERR,ERR,ERR,ERR,ERR,ERR,ERR,ERR,ERR,ERR,ERR,ERR,ERR,ERR,ERR,ERR,ERR,ERR,ERR,ERR,ERR,ERR,ERR,ERR,-0.0,-0.0,0.0,-4.9501291711397626e+32,-2.012,1.3936040501711995e+18,7.805,8.558351388217734e+28,0,0,4,48846,6720,14723890282496.0,100,0.0,0.0,0.0,-152005385388032.0,0.0,0,0,0,0,0.0,0,0,0,0,0,0,0,0,0,0,0,0,0,0,0,0,0,0,0,0,0,0,0,0,0,0,0,0,0,0,0,0,0,26,51,50,76,65476,0,300,0,0,8,21553,0.0,-107605600.0,0.0,0.0,0.0,0.0,0.0,0.0,0.0,0.0,0.0,0.0,0.0,0.0,0.0,0.0,0.0,0.0,0.0,0.0,0.0,0.0,0.0,0.0,2.004,-2.004,0.0,0.0,0.0,0.0,4741.0,0.0,7297.0,-0.0,-107615392.0,0.0,2.7184312818759872e+23,0.0,0.0,0.0,0.0,77,-0.0,5.848051325610453e+35,0.0,0.0,0.0,0.0,0.0,0.0,0.0,0,0,0,0.0,0.0,0.0,0.0,0.0,0.0,0.0,0.0,0.0,0.0,0.0,0.0,0.0,0.0,0.0,0.0,0,-107875648.0,77,0.0,154,0.0,0.0,ERR,ERR,ERR,ERR,ERR,ERR,ERR,ERR,ERR,ERR,ERR,ERR,ERR,ERR,ERR,ERR,ERR,ERR,ERR,ERR,ERR,ERR,ERR,ERR,ERR,ERR,ERR,ERR,ERR,ERR,ERR,ERR,ERR,ERR,ERR,ERR,ERR,ERR,ERR,ERR,ERR,ERR,ERR,ERR,ERR,ERR,ERR,ERR,ERR,ERR,ERR,ERR,ERR,ERR,ERR,ERR,ERR,ERR,ERR,ERR,ERR,ERR,ERR,ERR,ERR,ERR,ERR,34.0,80.0,35,0.0,0.0,0.0,0.0,0.0,0.0,0.0,0.0,0.0,0.0,0.0,0.0,0.0,0.0,0.0,0.0,66.0,0,120,58,54,65476,0,300,0,0,8,20529,65476,0,0,57672,80.0,0.0,0.0,0.0,0.0,0.0
2026-06-18T02:12:20,ERR,ERR,ERR,ERR,ERR,ERR,ERR,ERR,ERR,ERR,ERR,ERR,ERR,ERR,ERR,ERR,ERR,ERR,ERR,ERR,ERR,ERR,ERR,ERR,ERR,ERR,ERR,ERR,ERR,ERR,ERR,ERR,ERR,ERR,ERR,ERR,ERR,ERR,ERR,ERR,ERR,ERR,ERR,ERR,ERR,ERR,ERR,ERR,ERR,ERR,ERR,ERR,ERR,ERR,ERR,ERR,ERR,ERR,ERR,ERR,ERR,ERR,ERR,ERR,ERR,ERR,ERR,ERR,ERR,ERR,ERR,ERR,ERR,ERR,ERR,ERR,ERR,ERR,ERR,ERR,ERR,ERR,ERR,ERR,ERR,ERR,ERR,ERR,ERR,ERR,ERR,ERR,ERR,ERR,ERR,ERR,ERR,ERR,ERR,ERR,ERR,ERR,ERR,ERR,ERR,ERR,ERR,ERR,ERR,ERR,ERR,ERR,ERR,ERR,ERR,ERR,ERR,ERR,ERR,ERR,ERR,ERR,ERR,ERR,ERR,-0.0,-0.0,0.0,-4.9501291711397626e+32,-2.012,1.3936040501711995e+18,7.805,8.558351388217734e+28,0,0,4,48846,6720,14723890282496.0,100,0.0,0.0,0.0,-152005385388032.0,0.0,0,0,0,0,0.0,0,0,0,0,0,0,0,0,0,0,0,0,0,0,0,0,0,0,0,0,0,0,0,0,0,0,0,0,0,0,0,0,0,26,51,50,76,65476,0,300,0,0,8,21553,0.0,-107605600.0,0.0,0.0,0.0,0.0,0.0,0.0,0.0,0.0,0.0,0.0,0.0,0.0,0.0,0.0,0.0,0.0,0.0,0.0,0.0,0.0,0.0,0.0,2.004,-2.004,0.0,0.0,0.0,0.0,4741.0,0.0,7297.0,-0.0,-107615392.0,0.0,2.7184312818759872e+23,0.0,0.0,0.0,0.0,77,-0.0,5.848051325610453e+35,0.0,0.0,0.0,0.0,0.0,0.0,0.0,0,0,0,0.0,0.0,0.0,0.0,0.0,0.0,0.0,0.0,0.0,0.0,0.0,0.0,0.0,0.0,0.0,0.0,0,-107875648.0,77,0.0,154,0.0,0.0,ERR,ERR,ERR,ERR,ERR,ERR,ERR,ERR,ERR,ERR,ERR,ERR,ERR,ERR,ERR,ERR,ERR,ERR,ERR,ERR,ERR,ERR,ERR,ERR,ERR,ERR,ERR,ERR,ERR,ERR,ERR,ERR,ERR,ERR,ERR,ERR,ERR,ERR,ERR,ERR,ERR,ERR,ERR,ERR,ERR,ERR,ERR,ERR,ERR,ERR,ERR,ERR,ERR,ERR,ERR,ERR,ERR,ERR,ERR,ERR,ERR,ERR,ERR,ERR,ERR,ERR,ERR,34.0,80.0,35,0.0,0.0,0.0,0.0,0.0,0.0,0.0,0.0,0.0,0.0,0.0,0.0,0.0,0.0,0.0,0.0,66.4,0,120,58,54,65476,0,300,0,0,8,20529,65476,0,0,57672,80.0,0.0,0.0,0.0,0.0,0.0
2026-06-18T02:12:21,ERR,ERR,ERR,ERR,ERR,ERR,ERR,ERR,ERR,ERR,ERR,ERR,ERR,ERR,ERR,ERR,ERR,ERR,ERR,ERR,ERR,ERR,ERR,ERR,ERR,ERR,ERR,ERR,ERR,ERR,ERR,ERR,ERR,ERR,ERR,ERR,ERR,ERR,ERR,ERR,ERR,ERR,ERR,ERR,ERR,ERR,ERR,ERR,ERR,ERR,ERR,ERR,ERR,ERR,ERR,ERR,ERR,ERR,ERR,ERR,ERR,ERR,ERR,ERR,ERR,ERR,ERR,ERR,ERR,ERR,ERR,ERR,ERR,ERR,ERR,ERR,ERR,ERR,ERR,ERR,ERR,ERR,ERR,ERR,ERR,ERR,ERR,ERR,ERR,ERR,ERR,ERR,ERR,ERR,ERR,ERR,ERR,ERR,ERR,ERR,ERR,ERR,ERR,ERR,ERR,ERR,ERR,ERR,ERR,ERR,ERR,ERR,ERR,ERR,ERR,ERR,ERR,ERR,ERR,ERR,ERR,ERR,ERR,ERR,ERR,-0.0,-0.0,0.0,-4.9501291711397626e+32,-2.012,1.3936040501711995e+18,7.805,8.558351388217734e+28,0,0,4,48846,6720,14723890282496.0,100,0.0,0.0,0.0,-152005385388032.0,0.0,0,0,0,0,0.0,0,0,0,0,0,0,0,0,0,0,0,0,0,0,0,0,0,0,0,0,0,0,0,0,0,0,0,0,0,0,0,0,0,26,51,50,76,65476,0,300,0,0,8,21553,0.0,-107605600.0,0.0,0.0,0.0,0.0,0.0,0.0,0.0,0.0,0.0,0.0,0.0,0.0,0.0,0.0,0.0,0.0,0.0,0.0,0.0,0.0,0.0,0.0,2.004,-2.004,0.0,0.0,0.0,0.0,4741.0,0.0,7297.0,-0.0,-107615392.0,0.0,2.7184312818759872e+23,0.0,0.0,0.0,0.0,77,-0.0,5.848051325610453e+35,0.0,0.0,0.0,0.0,0.0,0.0,0.0,0,0,0,0.0,0.0,0.0,0.0,0.0,0.0,0.0,0.0,0.0,0.0,0.0,0.0,0.0,0.0,0.0,0.0,0,-107875648.0,77,0.0,154,0.0,0.0,ERR,ERR,ERR,ERR,ERR,ERR,ERR,ERR,ERR,ERR,ERR,ERR,ERR,ERR,ERR,ERR,ERR,ERR,ERR,ERR,ERR,ERR,ERR,ERR,ERR,ERR,ERR,ERR,ERR,ERR,ERR,ERR,ERR,ERR,ERR,ERR,ERR,ERR,ERR,ERR,ERR,ERR,ERR,ERR,ERR,ERR,ERR,ERR,ERR,ERR,ERR,ERR,ERR,ERR,ERR,ERR,ERR,ERR,ERR,ERR,ERR,ERR,ERR,ERR,ERR,ERR,ERR,34.0,80.0,35,0.0,0.0,0.0,0.0,0.0,0.0,0.0,0.0,0.0,0.0,0.0,0.0,0.0,0.0,0.0,0.0,66.4,0,120,58,54,65476,0,300,0,0,8,20529,65476,0,0,57672,80.0,0.0,0.0,0.0,0.0,0.0
2026-06-18T02:12:22,ERR,ERR,ERR,ERR,ERR,ERR,ERR,ERR,ERR,ERR,ERR,ERR,ERR,ERR,ERR,ERR,ERR,ERR,ERR,ERR,ERR,ERR,ERR,ERR,ERR,ERR,ERR,ERR,ERR,ERR,ERR,ERR,ERR,ERR,ERR,ERR,ERR,ERR,ERR,ERR,ERR,ERR,ERR,ERR,ERR,ERR,ERR,ERR,ERR,ERR,ERR,ERR,ERR,ERR,ERR,ERR,ERR,ERR,ERR,ERR,ERR,ERR,ERR,ERR,ERR,ERR,ERR,ERR,ERR,ERR,ERR,ERR,ERR,ERR,ERR,ERR,ERR,ERR,ERR,ERR,ERR,ERR,ERR,ERR,ERR,ERR,ERR,ERR,ERR,ERR,ERR,ERR,ERR,ERR,ERR,ERR,ERR,ERR,ERR,ERR,ERR,ERR,ERR,ERR,ERR,ERR,ERR,ERR,ERR,ERR,ERR,ERR,ERR,ERR,ERR,ERR,ERR,ERR,ERR,ERR,ERR,ERR,ERR,ERR,ERR,-0.0,-0.0,0.0,-4.9501291711397626e+32,-2.012,1.3936040501711995e+18,7.805,8.558351388217734e+28,0,0,4,48846,6720,14723890282496.0,100,0.0,0.0,0.0,-152005385388032.0,0.0,0,0,0,0,0.0,0,0,0,0,0,0,0,0,0,0,0,0,0,0,0,0,0,0,0,0,0,0,0,0,0,0,0,0,0,0,0,0,0,26,51,50,76,65476,0,300,0,0,8,21553,0.0,-107605600.0,0.0,0.0,0.0,0.0,0.0,0.0,0.0,0.0,0.0,0.0,0.0,0.0,0.0,0.0,0.0,0.0,0.0,0.0,0.0,0.0,0.0,0.0,2.004,-2.004,0.0,0.0,0.0,0.0,4741.0,0.0,7297.0,-0.0,-107615392.0,0.0,2.7184312818759872e+23,0.0,0.0,0.0,0.0,77,-0.0,5.848051325610453e+35,0.0,0.0,0.0,0.0,0.0,0.0,0.0,0,0,0,0.0,0.0,0.0,0.0,0.0,0.0,0.0,0.0,0.0,0.0,0.0,0.0,0.0,0.0,0.0,0.0,0,-107875648.0,77,0.0,154,0.0,0.0,ERR,ERR,ERR,ERR,ERR,ERR,ERR,ERR,ERR,ERR,ERR,ERR,ERR,ERR,ERR,ERR,ERR,ERR,ERR,ERR,ERR,ERR,ERR,ERR,ERR,ERR,ERR,ERR,ERR,ERR,ERR,ERR,ERR,ERR,ERR,ERR,ERR,ERR,ERR,ERR,ERR,ERR,ERR,ERR,ERR,ERR,ERR,ERR,ERR,ERR,ERR,ERR,ERR,ERR,ERR,ERR,ERR,ERR,ERR,ERR,ERR,ERR,ERR,ERR,ERR,ERR,ERR,34.0,80.0,35,0.0,0.0,0.0,0.0,0.0,0.0,0.0,0.0,0.0,0.0,0.0,0.0,0.0,0.0,0.0,0.0,66.0,0,120,58,54,65476,0,300,0,0,8,20529,65476,0,0,57672,80.0,0.0,0.0,0.0,0.0,0.0
2026-06-18T02:12:23,ERR,ERR,ERR,ERR,ERR,ERR,ERR,ERR,ERR,ERR,ERR,ERR,ERR,ERR,ERR,ERR,ERR,ERR,ERR,ERR,ERR,ERR,ERR,ERR,ERR,ERR,ERR,ERR,ERR,ERR,ERR,ERR,ERR,ERR,ERR,ERR,ERR,ERR,ERR,ERR,ERR,ERR,ERR,ERR,ERR,ERR,ERR,ERR,ERR,ERR,ERR,ERR,ERR,ERR,ERR,ERR,ERR,ERR,ERR,ERR,ERR,ERR,ERR,ERR,ERR,ERR,ERR,ERR,ERR,ERR,ERR,ERR,ERR,ERR,ERR,ERR,ERR,ERR,ERR,ERR,ERR,ERR,ERR,ERR,ERR,ERR,ERR,ERR,ERR,ERR,ERR,ERR,ERR,ERR,ERR,ERR,ERR,ERR,ERR,ERR,ERR,ERR,ERR,ERR,ERR,ERR,ERR,ERR,ERR,ERR,ERR,ERR,ERR,ERR,ERR,ERR,ERR,ERR,ERR,ERR,ERR,ERR,ERR,ERR,ERR,-0.0,-107615392.0,-134999232.0,-0.0,0.0,1.3936040501711995e+18,7.805,11082173251584.0,0,0,4,48863,6720,14723890282496.0,100,0.0,0.0,0.0,-0.0,0.0,0,0,0,0,0.0,0,0,0,0,0,0,0,0,0,0,0,0,0,0,0,0,0,0,0,0,0,0,0,0,0,0,0,0,0,0,0,0,0,26,51,50,76,65476,0,300,0,0,8,21553,0.0,-107605600.0,0.0,0.0,0.0,0.0,0.0,0.0,0.0,0.0,0.0,0.0,0.0,0.0,0.0,0.0,0.0,0.0,0.0,0.0,0.0,0.0,0.0,0.0,2.004,-2.004,0.0,0.0,0.0,0.0,4738.0,0.0,7297.0,-0.0,-0.0,0.0,2.7184312818759872e+23,0.0,0.0,0.0,0.0,77,-0.0,5.848051325610453e+35,0.0,0.0,0.0,0.0,0.0,0.0,0.0,0,0,0,0.0,0.0,0.0,0.0,0.0,0.0,0.0,0.0,0.0,0.0,0.0,0.0,0.0,0.0,0.0,0.0,0,-107875648.0,77,0.0,154,0.0,0.0,ERR,ERR,ERR,ERR,ERR,ERR,ERR,ERR,ERR,ERR,ERR,ERR,ERR,ERR,ERR,ERR,ERR,ERR,ERR,ERR,ERR,ERR,ERR,ERR,ERR,ERR,ERR,ERR,ERR,ERR,ERR,ERR,ERR,ERR,ERR,ERR,ERR,ERR,ERR,ERR,ERR,ERR,ERR,ERR,ERR,ERR,ERR,ERR,ERR,ERR,ERR,ERR,ERR,ERR,ERR,ERR,ERR,ERR,ERR,ERR,ERR,ERR,ERR,ERR,ERR,ERR,ERR,34.0,80.0,35,0.0,0.0,0.0,0.0,0.0,0.0,0.0,0.0,0.0,0.0,0.0,0.0,0.0,0.0,0.0,0.0,66.0,0,120,58,54,65476,0,300,0,0,8,20529,65476,0,0,57672,80.0,0.0,0.0,0.0,0.0,0.0
2026-06-18T02:12:24,ERR,ERR,ERR,ERR,ERR,ERR,ERR,ERR,ERR,ERR,ERR,ERR,ERR,ERR,ERR,ERR,ERR,ERR,ERR,ERR,ERR,ERR,ERR,ERR,ERR,ERR,ERR,ERR,ERR,ERR,ERR,ERR,ERR,ERR,ERR,ERR,ERR,ERR,ERR,ERR,ERR,ERR,ERR,ERR,ERR,ERR,ERR,ERR,ERR,ERR,ERR,ERR,ERR,ERR,ERR,ERR,ERR,ERR,ERR,ERR,ERR,ERR,ERR,ERR,ERR,ERR,ERR,ERR,ERR,ERR,ERR,ERR,ERR,ERR,ERR,ERR,ERR,ERR,ERR,ERR,ERR,ERR,ERR,ERR,ERR,ERR,ERR,ERR,ERR,ERR,ERR,ERR,ERR,ERR,ERR,ERR,ERR,ERR,ERR,ERR,ERR,ERR,ERR,ERR,ERR,ERR,ERR,ERR,ERR,ERR,ERR,ERR,ERR,ERR,ERR,ERR,ERR,ERR,ERR,ERR,ERR,ERR,ERR,ERR,ERR,-0.0,-107615392.0,-134999232.0,-0.0,0.0,1.3936040501711995e+18,7.805,11082173251584.0,0,0,4,48863,6720,14723890282496.0,100,0.0,0.0,0.0,-0.0,0.0,0,0,0,0,0.0,0,0,0,0,0,0,0,0,0,0,0,0,0,0,0,0,0,0,0,0,0,0,0,0,0,0,0,0,0,0,0,0,0,26,51,50,76,65476,0,300,0,0,8,21553,0.0,-107605600.0,0.0,0.0,0.0,0.0,0.0,0.0,0.0,0.0,0.0,0.0,0.0,0.0,0.0,0.0,0.0,0.0,0.0,0.0,0.0,0.0,0.0,0.0,2.004,-2.004,0.0,0.0,0.0,0.0,4738.0,0.0,7297.0,-0.0,-0.0,0.0,2.7184312818759872e+23,0.0,0.0,0.0,0.0,77,-0.0,5.848051325610453e+35,0.0,0.0,0.0,0.0,0.0,0.0,0.0,0,0,0,0.0,0.0,0.0,0.0,0.0,0.0,0.0,0.0,0.0,0.0,0.0,0.0,0.0,0.0,0.0,0.0,0,-107875648.0,77,0.0,154,0.0,0.0,ERR,ERR,ERR,ERR,ERR,ERR,ERR,ERR,ERR,ERR,ERR,ERR,ERR,ERR,ERR,ERR,ERR,ERR,ERR,ERR,ERR,ERR,ERR,ERR,ERR,ERR,ERR,ERR,ERR,ERR,ERR,ERR,ERR,ERR,ERR,ERR,ERR,ERR,ERR,ERR,ERR,ERR,ERR,ERR,ERR,ERR,ERR,ERR,ERR,ERR,ERR,ERR,ERR,ERR,ERR,ERR,ERR,ERR,ERR,ERR,ERR,ERR,ERR,ERR,ERR,ERR,ERR,34.0,80.0,35,0.0,0.0,0.0,0.0,0.0,0.0,0.0,0.0,0.0,0.0,0.0,0.0,0.0,0.0,0.0,0.0,66.0,0,120,58,54,65476,0,300,0,0,8,20529,65476,0,0,57672,80.0,0.0,0.0,0.0,0.0,0.0
2026-06-18T02:12:25,ERR,ERR,ERR,ERR,ERR,ERR,ERR,ERR,ERR,ERR,ERR,ERR,ERR,ERR,ERR,ERR,ERR,ERR,ERR,ERR,ERR,ERR,ERR,ERR,ERR,ERR,ERR,ERR,ERR,ERR,ERR,ERR,ERR,ERR,ERR,ERR,ERR,ERR,ERR,ERR,ERR,ERR,ERR,ERR,ERR,ERR,ERR,ERR,ERR,ERR,ERR,ERR,ERR,ERR,ERR,ERR,ERR,ERR,ERR,ERR,ERR,ERR,ERR,ERR,ERR,ERR,ERR,ERR,ERR,ERR,ERR,ERR,ERR,ERR,ERR,ERR,ERR,ERR,ERR,ERR,ERR,ERR,ERR,ERR,ERR,ERR,ERR,ERR,ERR,ERR,ERR,ERR,ERR,ERR,ERR,ERR,ERR,ERR,ERR,ERR,ERR,ERR,ERR,ERR,ERR,ERR,ERR,ERR,ERR,ERR,ERR,ERR,ERR,ERR,ERR,ERR,ERR,ERR,ERR,ERR,ERR,ERR,ERR,ERR,ERR,-0.0,-107615392.0,-134999232.0,-0.0,0.0,1.3936040501711995e+18,7.805,11082173251584.0,0,0,4,48863,6720,14723890282496.0,100,0.0,0.0,0.0,-0.0,0.0,0,0,0,0,0.0,0,0,0,0,0,0,0,0,0,0,0,0,0,0,0,0,0,0,0,0,0,0,0,0,0,0,0,0,0,0,0,0,0,26,51,50,76,65476,0,300,0,0,8,21553,0.0,-107605600.0,0.0,0.0,0.0,0.0,0.0,0.0,0.0,0.0,0.0,0.0,0.0,0.0,0.0,0.0,0.0,0.0,0.0,0.0,0.0,0.0,0.0,0.0,2.004,-2.004,0.0,0.0,0.0,0.0,4738.0,0.0,7297.0,-0.0,-0.0,0.0,2.7184312818759872e+23,0.0,0.0,0.0,0.0,77,-0.0,5.848051325610453e+35,0.0,0.0,0.0,0.0,0.0,0.0,0.0,0,0,0,0.0,0.0,0.0,0.0,0.0,0.0,0.0,0.0,0.0,0.0,0.0,0.0,0.0,0.0,0.0,0.0,0,-107875648.0,77,0.0,154,0.0,0.0,ERR,ERR,ERR,ERR,ERR,ERR,ERR,ERR,ERR,ERR,ERR,ERR,ERR,ERR,ERR,ERR,ERR,ERR,ERR,ERR,ERR,ERR,ERR,ERR,ERR,ERR,ERR,ERR,ERR,ERR,ERR,ERR,ERR,ERR,ERR,ERR,ERR,ERR,ERR,ERR,ERR,ERR,ERR,ERR,ERR,ERR,ERR,ERR,ERR,ERR,ERR,ERR,ERR,ERR,ERR,ERR,ERR,ERR,ERR,ERR,ERR,ERR,ERR,ERR,ERR,ERR,ERR,34.0,80.0,35,0.0,0.0,0.0,0.0,0.0,0.0,0.0,0.0,0.0,0.0,0.0,0.0,0.0,0.0,0.0,0.0,66.0,0,120,58,54,65476,0,300,0,0,8,20529,65476,0,0,57672,80.0,0.0,0.0,0.0,0.0,0.0
2026-06-18T02:12:26,ERR,ERR,ERR,ERR,ERR,ERR,ERR,ERR,ERR,ERR,ERR,ERR,ERR,ERR,ERR,ERR,ERR,ERR,ERR,ERR,ERR,ERR,ERR,ERR,ERR,ERR,ERR,ERR,ERR,ERR,ERR,ERR,ERR,ERR,ERR,ERR,ERR,ERR,ERR,ERR,ERR,ERR,ERR,ERR,ERR,ERR,ERR,ERR,ERR,ERR,ERR,ERR,ERR,ERR,ERR,ERR,ERR,ERR,ERR,ERR,ERR,ERR,ERR,ERR,ERR,ERR,ERR,ERR,ERR,ERR,ERR,ERR,ERR,ERR,ERR,ERR,ERR,ERR,ERR,ERR,ERR,ERR,ERR,ERR,ERR,ERR,ERR,ERR,ERR,ERR,ERR,ERR,ERR,ERR,ERR,ERR,ERR,ERR,ERR,ERR,ERR,ERR,ERR,ERR,ERR,ERR,ERR,ERR,ERR,ERR,ERR,ERR,ERR,ERR,ERR,ERR,ERR,ERR,ERR,ERR,ERR,ERR,ERR,ERR,ERR,-0.0,-107615392.0,-134999232.0,-0.0,0.0,1.3936040501711995e+18,7.805,11082173251584.0,0,0,4,48863,6720,14723890282496.0,100,0.0,0.0,0.0,-0.0,0.0,0,0,0,0,0.0,0,0,0,0,0,0,0,0,0,0,0,0,0,0,0,0,0,0,0,0,0,0,0,0,0,0,0,0,0,0,0,0,0,26,51,50,76,65476,0,300,0,0,8,21553,0.0,-107605600.0,0.0,0.0,0.0,0.0,0.0,0.0,0.0,0.0,0.0,0.0,0.0,0.0,0.0,0.0,0.0,0.0,0.0,0.0,0.0,0.0,0.0,0.0,2.004,-2.004,0.0,0.0,0.0,0.0,4738.0,0.0,7297.0,-0.0,-0.0,0.0,2.7184312818759872e+23,0.0,0.0,0.0,0.0,77,-0.0,5.848051325610453e+35,0.0,0.0,0.0,0.0,0.0,0.0,0.0,0,0,0,0.0,0.0,0.0,0.0,0.0,0.0,0.0,0.0,0.0,0.0,0.0,0.0,0.0,0.0,0.0,0.0,0,-107875648.0,77,0.0,154,0.0,0.0,ERR,ERR,ERR,ERR,ERR,ERR,ERR,ERR,ERR,ERR,ERR,ERR,ERR,ERR,ERR,ERR,ERR,ERR,ERR,ERR,ERR,ERR,ERR,ERR,ERR,ERR,ERR,ERR,ERR,ERR,ERR,ERR,ERR,ERR,ERR,ERR,ERR,ERR,ERR,ERR,ERR,ERR,ERR,ERR,ERR,ERR,ERR,ERR,ERR,ERR,ERR,ERR,ERR,ERR,ERR,ERR,ERR,ERR,ERR,ERR,ERR,ERR,ERR,ERR,ERR,ERR,ERR,34.0,80.0,35,0.0,0.0,0.0,0.0,0.0,0.0,0.0,0.0,0.0,0.0,0.0,0.0,0.0,0.0,0.0,0.0,66.0,0,120,58,54,65476,0,300,0,0,8,20529,65476,0,0,57672,80.0,0.0,0.0,0.0,0.0,0.0
2026-06-18T02:12:27,ERR,ERR,ERR,ERR,ERR,ERR,ERR,ERR,ERR,ERR,ERR,ERR,ERR,ERR,ERR,ERR,ERR,ERR,ERR,ERR,ERR,ERR,ERR,ERR,ERR,ERR,ERR,ERR,ERR,ERR,ERR,ERR,ERR,ERR,ERR,ERR,ERR,ERR,ERR,ERR,ERR,ERR,ERR,ERR,ERR,ERR,ERR,ERR,ERR,ERR,ERR,ERR,ERR,ERR,ERR,ERR,ERR,ERR,ERR,ERR,ERR,ERR,ERR,ERR,ERR,ERR,ERR,ERR,ERR,ERR,ERR,ERR,ERR,ERR,ERR,ERR,ERR,ERR,ERR,ERR,ERR,ERR,ERR,ERR,ERR,ERR,ERR,ERR,ERR,ERR,ERR,ERR,ERR,ERR,ERR,ERR,ERR,ERR,ERR,ERR,ERR,ERR,ERR,ERR,ERR,ERR,ERR,ERR,ERR,ERR,ERR,ERR,ERR,ERR,ERR,ERR,ERR,ERR,ERR,ERR,ERR,ERR,ERR,ERR,ERR,-0.0,-107615392.0,-134999232.0,-0.0,0.0,1.3936040501711995e+18,7.805,11082173251584.0,0,0,4,48863,6720,14723890282496.0,100,0.0,0.0,0.0,-0.0,0.0,0,0,0,0,0.0,0,0,0,0,0,0,0,0,0,0,0,0,0,0,0,0,0,0,0,0,0,0,0,0,0,0,0,0,0,0,0,0,0,26,51,50,76,65476,0,300,0,0,8,21553,0.0,-107605600.0,0.0,0.0,0.0,0.0,0.0,0.0,0.0,0.0,0.0,0.0,0.0,0.0,0.0,0.0,0.0,0.0,0.0,0.0,0.0,0.0,0.0,0.0,2.004,-2.004,0.0,0.0,0.0,0.0,4738.0,0.0,7297.0,-0.0,-0.0,0.0,2.7184312818759872e+23,0.0,0.0,0.0,0.0,77,-0.0,5.848051325610453e+35,0.0,0.0,0.0,0.0,0.0,0.0,0.0,0,0,0,0.0,0.0,0.0,0.0,0.0,0.0,0.0,0.0,0.0,0.0,0.0,0.0,0.0,0.0,0.0,0.0,0,-107875648.0,77,0.0,154,0.0,0.0,ERR,ERR,ERR,ERR,ERR,ERR,ERR,ERR,ERR,ERR,ERR,ERR,ERR,ERR,ERR,ERR,ERR,ERR,ERR,ERR,ERR,ERR,ERR,ERR,ERR,ERR,ERR,ERR,ERR,ERR,ERR,ERR,ERR,ERR,ERR,ERR,ERR,ERR,ERR,ERR,ERR,ERR,ERR,ERR,ERR,ERR,ERR,ERR,ERR,ERR,ERR,ERR,ERR,ERR,ERR,ERR,ERR,ERR,ERR,ERR,ERR,ERR,ERR,ERR,ERR,ERR,ERR,34.0,80.0,35,0.0,0.0,0.0,0.0,0.0,0.0,0.0,0.0,0.0,0.0,0.0,0.0,0.0,0.0,0.0,0.0,66.0,0,120,58,54,65476,0,300,0,0,8,20529,65476,0,0,57672,80.0,0.0,0.0,0.0,0.0,0.0
2026-06-18T02:12:28,ERR,ERR,ERR,ERR,ERR,ERR,ERR,ERR,ERR,ERR,ERR,ERR,ERR,ERR,ERR,ERR,ERR,ERR,ERR,ERR,ERR,ERR,ERR,ERR,ERR,ERR,ERR,ERR,ERR,ERR,ERR,ERR,ERR,ERR,ERR,ERR,ERR,ERR,ERR,ERR,ERR,ERR,ERR,ERR,ERR,ERR,ERR,ERR,ERR,ERR,ERR,ERR,ERR,ERR,ERR,ERR,ERR,ERR,ERR,ERR,ERR,ERR,ERR,ERR,ERR,ERR,ERR,ERR,ERR,ERR,ERR,ERR,ERR,ERR,ERR,ERR,ERR,ERR,ERR,ERR,ERR,ERR,ERR,ERR,ERR,ERR,ERR,ERR,ERR,ERR,ERR,ERR,ERR,ERR,ERR,ERR,ERR,ERR,ERR,ERR,ERR,ERR,ERR,ERR,ERR,ERR,ERR,ERR,ERR,ERR,ERR,ERR,ERR,ERR,ERR,ERR,ERR,ERR,ERR,ERR,ERR,ERR,ERR,ERR,ERR,-0.0,-107615392.0,-134999232.0,0.0,0.0,1.3936040501711995e+18,7.805,0.0,0,0,4,48850,6720,14723890282496.0,100,0.0,0.0,0.0,0.0,0.0,0,0,0,0,0.0,0,0,0,0,0,0,0,0,0,0,0,0,0,0,0,0,0,0,0,0,0,0,0,0,0,0,0,0,0,0,0,0,0,26,51,50,76,65476,0,300,0,0,8,21553,0.0,-107605600.0,0.0,0.0,0.0,0.0,0.0,0.0,0.0,0.0,0.0,0.0,0.0,0.0,0.0,0.0,0.0,0.0,0.0,0.0,0.0,0.0,0.0,0.0,2.004,-2.004,0.0,0.0,0.0,0.0,4708.0,-1.0406642667109367e+34,7327.0,-0.0,-107615392.0,0.0,2.7184312818759872e+23,0.0,0.0,0.0,0.0,77,-0.0,2.718415429205299e+23,0.0,0.0,0.0,0.0,0.0,0.0,0.0,0,0,0,0.0,0.0,0.0,0.0,0.0,0.0,0.0,0.0,0.0,0.0,0.0,0.0,0.0,0.0,0.0,0.0,0,-107875648.0,77,0.0,154,0.0,0.0,ERR,ERR,ERR,ERR,ERR,ERR,ERR,ERR,ERR,ERR,ERR,ERR,ERR,ERR,ERR,ERR,ERR,ERR,ERR,ERR,ERR,ERR,ERR,ERR,ERR,ERR,ERR,ERR,ERR,ERR,ERR,ERR,ERR,ERR,ERR,ERR,ERR,ERR,ERR,ERR,ERR,ERR,ERR,ERR,ERR,ERR,ERR,ERR,ERR,ERR,ERR,ERR,ERR,ERR,ERR,ERR,ERR,ERR,ERR,ERR,ERR,ERR,ERR,ERR,ERR,ERR,ERR,34.0,80.0,35,0.0,0.0,0.0,0.0,0.0,0.0,0.0,0.0,0.0,0.0,0.0,0.0,0.0,0.0,0.0,0.0,66.0,0,120,58,54,65476,0,300,0,0,8,20529,65476,0,0,57672,80.0,0.0,0.0,0.0,0.0,0.0
2026-06-18T02:12:29,ERR,ERR,ERR,ERR,ERR,ERR,ERR,ERR,ERR,ERR,ERR,ERR,ERR,ERR,ERR,ERR,ERR,ERR,ERR,ERR,ERR,ERR,ERR,ERR,ERR,ERR,ERR,ERR,ERR,ERR,ERR,ERR,ERR,ERR,ERR,ERR,ERR,ERR,ERR,ERR,ERR,ERR,ERR,ERR,ERR,ERR,ERR,ERR,ERR,ERR,ERR,ERR,ERR,ERR,ERR,ERR,ERR,ERR,ERR,ERR,ERR,ERR,ERR,ERR,ERR,ERR,ERR,ERR,ERR,ERR,ERR,ERR,ERR,ERR,ERR,ERR,ERR,ERR,ERR,ERR,ERR,ERR,ERR,ERR,ERR,ERR,ERR,ERR,ERR,ERR,ERR,ERR,ERR,ERR,ERR,ERR,ERR,ERR,ERR,ERR,ERR,ERR,ERR,ERR,ERR,ERR,ERR,ERR,ERR,ERR,ERR,ERR,ERR,ERR,ERR,ERR,ERR,ERR,ERR,ERR,ERR,ERR,ERR,ERR,ERR,-0.0,-107615392.0,-134999232.0,0.0,0.0,1.3936040501711995e+18,7.805,0.0,0,0,4,48850,6720,14723890282496.0,100,0.0,0.0,0.0,0.0,0.0,0,0,0,0,0.0,0,0,0,0,0,0,0,0,0,0,0,0,0,0,0,0,0,0,0,0,0,0,0,0,0,0,0,0,0,0,0,0,0,26,51,50,76,65476,0,300,0,0,8,21553,0.0,-107605600.0,0.0,0.0,0.0,0.0,0.0,0.0,0.0,0.0,0.0,0.0,0.0,0.0,0.0,0.0,0.0,0.0,0.0,0.0,0.0,0.0,0.0,0.0,2.004,-2.004,0.0,0.0,0.0,0.0,4708.0,-1.0406642667109367e+34,7327.0,-0.0,-107615392.0,0.0,2.7184312818759872e+23,0.0,0.0,0.0,0.0,77,-0.0,2.718415429205299e+23,0.0,0.0,0.0,0.0,0.0,0.0,0.0,0,0,0,0.0,0.0,0.0,0.0,0.0,0.0,0.0,0.0,0.0,0.0,0.0,0.0,0.0,0.0,0.0,0.0,0,-107875648.0,77,0.0,154,0.0,0.0,ERR,ERR,ERR,ERR,ERR,ERR,ERR,ERR,ERR,ERR,ERR,ERR,ERR,ERR,ERR,ERR,ERR,ERR,ERR,ERR,ERR,ERR,ERR,ERR,ERR,ERR,ERR,ERR,ERR,ERR,ERR,ERR,ERR,ERR,ERR,ERR,ERR,ERR,ERR,ERR,ERR,ERR,ERR,ERR,ERR,ERR,ERR,ERR,ERR,ERR,ERR,ERR,ERR,ERR,ERR,ERR,ERR,ERR,ERR,ERR,ERR,ERR,ERR,ERR,ERR,ERR,ERR,34.0,80.0,35,0.0,0.0,0.0,0.0,0.0,0.0,0.0,0.0,0.0,0.0,0.0,0.0,0.0,0.0,0.0,0.0,66.0,0,120,58,54,65476,0,300,0,0,8,20529,65476,0,0,57672,80.0,0.0,0.0,0.0,0.0,0.0
2026-06-18T02:12:30,ERR,ERR,ERR,ERR,ERR,ERR,ERR,ERR,ERR,ERR,ERR,ERR,ERR,ERR,ERR,ERR,ERR,ERR,ERR,ERR,ERR,ERR,ERR,ERR,ERR,ERR,ERR,ERR,ERR,ERR,ERR,ERR,ERR,ERR,ERR,ERR,ERR,ERR,ERR,ERR,ERR,ERR,ERR,ERR,ERR,ERR,ERR,ERR,ERR,ERR,ERR,ERR,ERR,ERR,ERR,ERR,ERR,ERR,ERR,ERR,ERR,ERR,ERR,ERR,ERR,ERR,ERR,ERR,ERR,ERR,ERR,ERR,ERR,ERR,ERR,ERR,ERR,ERR,ERR,ERR,ERR,ERR,ERR,ERR,ERR,ERR,ERR,ERR,ERR,ERR,ERR,ERR,ERR,ERR,ERR,ERR,ERR,ERR,ERR,ERR,ERR,ERR,ERR,ERR,ERR,ERR,ERR,ERR,ERR,ERR,ERR,ERR,ERR,ERR,ERR,ERR,ERR,ERR,ERR,ERR,ERR,ERR,ERR,ERR,ERR,-0.0,-107615392.0,-134999232.0,0.0,0.0,1.3936040501711995e+18,7.805,0.0,0,0,4,48850,6720,14723890282496.0,100,0.0,0.0,0.0,0.0,0.0,0,0,0,0,0.0,0,0,0,0,0,0,0,0,0,0,0,0,0,0,0,0,0,0,0,0,0,0,0,0,0,0,0,0,0,0,0,0,0,26,51,50,76,65476,0,300,0,0,8,21553,0.0,-107605600.0,0.0,0.0,0.0,0.0,0.0,0.0,0.0,0.0,0.0,0.0,0.0,0.0,0.0,0.0,0.0,0.0,0.0,0.0,0.0,0.0,0.0,0.0,2.004,-2.004,0.0,0.0,0.0,0.0,4708.0,-1.0406642667109367e+34,7327.0,-0.0,-107615392.0,0.0,2.7184312818759872e+23,0.0,0.0,0.0,0.0,77,-0.0,2.718415429205299e+23,0.0,0.0,0.0,0.0,0.0,0.0,0.0,0,0,0,0.0,0.0,0.0,0.0,0.0,0.0,0.0,0.0,0.0,0.0,0.0,0.0,0.0,0.0,0.0,0.0,0,-107875648.0,77,0.0,154,0.0,0.0,ERR,ERR,ERR,ERR,ERR,ERR,ERR,ERR,ERR,ERR,ERR,ERR,ERR,ERR,ERR,ERR,ERR,ERR,ERR,ERR,ERR,ERR,ERR,ERR,ERR,ERR,ERR,ERR,ERR,ERR,ERR,ERR,ERR,ERR,ERR,ERR,ERR,ERR,ERR,ERR,ERR,ERR,ERR,ERR,ERR,ERR,ERR,ERR,ERR,ERR,ERR,ERR,ERR,ERR,ERR,ERR,ERR,ERR,ERR,ERR,ERR,ERR,ERR,ERR,ERR,ERR,ERR,34.0,80.0,35,0.0,0.0,0.0,0.0,0.0,0.0,0.0,0.0,0.0,0.0,0.0,0.0,0.0,0.0,0.0,0.0,66.0,0,120,58,54,65476,0,300,0,0,8,20529,65476,0,0,57672,80.0,0.0,0.0,0.0,0.0,0.0
2026-06-18T02:12:31,ERR,ERR,ERR,ERR,ERR,ERR,ERR,ERR,ERR,ERR,ERR,ERR,ERR,ERR,ERR,ERR,ERR,ERR,ERR,ERR,ERR,ERR,ERR,ERR,ERR,ERR,ERR,ERR,ERR,ERR,ERR,ERR,ERR,ERR,ERR,ERR,ERR,ERR,ERR,ERR,ERR,ERR,ERR,ERR,ERR,ERR,ERR,ERR,ERR,ERR,ERR,ERR,ERR,ERR,ERR,ERR,ERR,ERR,ERR,ERR,ERR,ERR,ERR,ERR,ERR,ERR,ERR,ERR,ERR,ERR,ERR,ERR,ERR,ERR,ERR,ERR,ERR,ERR,ERR,ERR,ERR,ERR,ERR,ERR,ERR,ERR,ERR,ERR,ERR,ERR,ERR,ERR,ERR,ERR,ERR,ERR,ERR,ERR,ERR,ERR,ERR,ERR,ERR,ERR,ERR,ERR,ERR,ERR,ERR,ERR,ERR,ERR,ERR,ERR,ERR,ERR,ERR,ERR,ERR,ERR,ERR,ERR,ERR,ERR,ERR,-0.0,-107615392.0,-134999232.0,0.0,0.0,1.3936040501711995e+18,7.805,0.0,0,0,4,48850,6720,14723890282496.0,100,0.0,0.0,0.0,0.0,0.0,0,0,0,0,0.0,0,0,0,0,0,0,0,0,0,0,0,0,0,0,0,0,0,0,0,0,0,0,0,0,0,0,0,0,0,0,0,0,0,26,51,50,76,65476,0,300,0,0,8,21553,0.0,-107605600.0,0.0,0.0,0.0,0.0,0.0,0.0,0.0,0.0,0.0,0.0,0.0,0.0,0.0,0.0,0.0,0.0,0.0,0.0,0.0,0.0,0.0,0.0,2.004,-2.004,0.0,0.0,0.0,0.0,4708.0,-1.0406642667109367e+34,7327.0,-0.0,-107615392.0,0.0,2.7184312818759872e+23,0.0,0.0,0.0,0.0,77,-0.0,2.718415429205299e+23,0.0,0.0,0.0,0.0,0.0,0.0,0.0,0,0,0,0.0,0.0,0.0,0.0,0.0,0.0,0.0,0.0,0.0,0.0,0.0,0.0,0.0,0.0,0.0,0.0,0,-107875648.0,77,0.0,154,0.0,0.0,ERR,ERR,ERR,ERR,ERR,ERR,ERR,ERR,ERR,ERR,ERR,ERR,ERR,ERR,ERR,ERR,ERR,ERR,ERR,ERR,ERR,ERR,ERR,ERR,ERR,ERR,ERR,ERR,ERR,ERR,ERR,ERR,ERR,ERR,ERR,ERR,ERR,ERR,ERR,ERR,ERR,ERR,ERR,ERR,ERR,ERR,ERR,ERR,ERR,ERR,ERR,ERR,ERR,ERR,ERR,ERR,ERR,ERR,ERR,ERR,ERR,ERR,ERR,ERR,ERR,ERR,ERR,34.0,80.0,35,0.0,0.0,0.0,0.0,0.0,0.0,0.0,0.0,0.0,0.0,0.0,0.0,0.0,0.0,0.0,0.0,66.0,0,120,58,54,65476,0,300,0,0,8,20529,65476,0,0,57672,80.0,0.0,0.0,0.0,0.0,0.0
2026-06-18T02:12:32,ERR,ERR,ERR,ERR,ERR,ERR,ERR,ERR,ERR,ERR,ERR,ERR,ERR,ERR,ERR,ERR,ERR,ERR,ERR,ERR,ERR,ERR,ERR,ERR,ERR,ERR,ERR,ERR,ERR,ERR,ERR,ERR,ERR,ERR,ERR,ERR,ERR,ERR,ERR,ERR,ERR,ERR,ERR,ERR,ERR,ERR,ERR,ERR,ERR,ERR,ERR,ERR,ERR,ERR,ERR,ERR,ERR,ERR,ERR,ERR,ERR,ERR,ERR,ERR,ERR,ERR,ERR,ERR,ERR,ERR,ERR,ERR,ERR,ERR,ERR,ERR,ERR,ERR,ERR,ERR,ERR,ERR,ERR,ERR,ERR,ERR,ERR,ERR,ERR,ERR,ERR,ERR,ERR,ERR,ERR,ERR,ERR,ERR,ERR,ERR,ERR,ERR,ERR,ERR,ERR,ERR,ERR,ERR,ERR,ERR,ERR,ERR,ERR,ERR,ERR,ERR,ERR,ERR,ERR,ERR,ERR,ERR,ERR,ERR,ERR,-0.0,-107615392.0,-134999232.0,0.0,0.0,1.3936040501711995e+18,7.805,0.0,0,0,4,48850,6720,14723890282496.0,100,0.0,0.0,0.0,0.0,0.0,0,0,0,0,0.0,0,0,0,0,0,0,0,0,0,0,0,0,0,0,0,0,0,0,0,0,0,0,0,0,0,0,0,0,0,0,0,0,0,26,51,50,76,65476,0,300,0,0,8,21553,0.0,-107605600.0,0.0,0.0,0.0,0.0,0.0,0.0,0.0,0.0,0.0,0.0,0.0,0.0,0.0,0.0,0.0,0.0,0.0,0.0,0.0,0.0,0.0,0.0,2.004,-2.004,0.0,0.0,0.0,0.0,4708.0,-1.0406642667109367e+34,7327.0,-0.0,-107615392.0,0.0,2.7184312818759872e+23,0.0,0.0,0.0,0.0,77,-0.0,2.718415429205299e+23,0.0,0.0,0.0,0.0,0.0,0.0,0.0,0,0,0,0.0,0.0,0.0,0.0,0.0,0.0,0.0,0.0,0.0,0.0,0.0,0.0,0.0,0.0,0.0,0.0,0,-107875648.0,77,0.0,154,0.0,0.0,ERR,ERR,ERR,ERR,ERR,ERR,ERR,ERR,ERR,ERR,ERR,ERR,ERR,ERR,ERR,ERR,ERR,ERR,ERR,ERR,ERR,ERR,ERR,ERR,ERR,ERR,ERR,ERR,ERR,ERR,ERR,ERR,ERR,ERR,ERR,ERR,ERR,ERR,ERR,ERR,ERR,ERR,ERR,ERR,ERR,ERR,ERR,ERR,ERR,ERR,ERR,ERR,ERR,ERR,ERR,ERR,ERR,ERR,ERR,ERR,ERR,ERR,ERR,ERR,ERR,ERR,ERR,34.0,80.0,35,0.0,0.0,0.0,0.0,0.0,0.0,0.0,0.0,0.0,0.0,0.0,0.0,0.0,0.0,0.0,0.0,66.0,0,120,58,54,65476,0,300,0,0,8,20529,65476,0,0,57672,80.0,0.0,0.0,0.0,0.0,0.0
2026-06-18T02:12:33,ERR,ERR,ERR,ERR,ERR,ERR,ERR,ERR,ERR,ERR,ERR,ERR,ERR,ERR,ERR,ERR,ERR,ERR,ERR,ERR,ERR,ERR,ERR,ERR,ERR,ERR,ERR,ERR,ERR,ERR,ERR,ERR,ERR,ERR,ERR,ERR,ERR,ERR,ERR,ERR,ERR,ERR,ERR,ERR,ERR,ERR,ERR,ERR,ERR,ERR,ERR,ERR,ERR,ERR,ERR,ERR,ERR,ERR,ERR,ERR,ERR,ERR,ERR,ERR,ERR,ERR,ERR,ERR,ERR,ERR,ERR,ERR,ERR,ERR,ERR,ERR,ERR,ERR,ERR,ERR,ERR,ERR,ERR,ERR,ERR,ERR,ERR,ERR,ERR,ERR,ERR,ERR,ERR,ERR,ERR,ERR,ERR,ERR,ERR,ERR,ERR,ERR,ERR,ERR,ERR,ERR,ERR,ERR,ERR,ERR,ERR,ERR,ERR,ERR,ERR,ERR,ERR,ERR,ERR,ERR,ERR,ERR,ERR,ERR,ERR,-0.0,-107615392.0,-134999232.0,-152005385388032.0,0.0,1.3936040501711995e+18,7.805,1.1096074633774859e+29,0,0,4,48859,6720,14723890282496.0,100,0.0,0.0,0.0,-0.0,0.0,0,0,0,0,0.0,0,0,0,0,0,0,0,0,0,0,0,0,0,0,0,0,0,0,0,0,0,0,0,0,0,0,0,0,0,0,0,0,0,26,51,50,76,65476,0,300,0,0,8,21553,0.0,-107605600.0,0.0,0.0,0.0,0.0,0.0,0.0,0.0,0.0,0.0,0.0,0.0,0.0,0.0,0.0,0.0,0.0,0.0,0.0,0.0,0.0,0.0,0.0,2.004,-2.004,0.0,0.0,0.0,0.0,4739.0,0.0,7301.0,-0.0,-107615392.0,0.0,2.7184312818759872e+23,0.0,0.0,0.0,0.0,77,-0.0,-0.0,0.0,0.0,0.0,0.0,0.0,0.0,0.0,0,0,0,0.0,0.0,0.0,0.0,0.0,0.0,0.0,0.0,0.0,0.0,0.0,0.0,0.0,0.0,0.0,0.0,0,-107875648.0,77,0.0,154,0.0,0.0,ERR,ERR,ERR,ERR,ERR,ERR,ERR,ERR,ERR,ERR,ERR,ERR,ERR,ERR,ERR,ERR,ERR,ERR,ERR,ERR,ERR,ERR,ERR,ERR,ERR,ERR,ERR,ERR,ERR,ERR,ERR,ERR,ERR,ERR,ERR,ERR,ERR,ERR,ERR,ERR,ERR,ERR,ERR,ERR,ERR,ERR,ERR,ERR,ERR,ERR,ERR,ERR,ERR,ERR,ERR,ERR,ERR,ERR,ERR,ERR,ERR,ERR,ERR,ERR,ERR,ERR,ERR,34.0,80.0,35,0.0,0.0,0.0,0.0,0.0,0.0,0.0,0.0,0.0,0.0,0.0,0.0,0.0,0.0,0.0,0.0,66.0,0,120,58,54,65476,0,300,0,0,8,20529,65476,0,0,57672,80.0,0.0,0.0,0.0,0.0,0.0
2026-06-18T02:12:34,ERR,ERR,ERR,ERR,ERR,ERR,ERR,ERR,ERR,ERR,ERR,ERR,ERR,ERR,ERR,ERR,ERR,ERR,ERR,ERR,ERR,ERR,ERR,ERR,ERR,ERR,ERR,ERR,ERR,ERR,ERR,ERR,ERR,ERR,ERR,ERR,ERR,ERR,ERR,ERR,ERR,ERR,ERR,ERR,ERR,ERR,ERR,ERR,ERR,ERR,ERR,ERR,ERR,ERR,ERR,ERR,ERR,ERR,ERR,ERR,ERR,ERR,ERR,ERR,ERR,ERR,ERR,ERR,ERR,ERR,ERR,ERR,ERR,ERR,ERR,ERR,ERR,ERR,ERR,ERR,ERR,ERR,ERR,ERR,ERR,ERR,ERR,ERR,ERR,ERR,ERR,ERR,ERR,ERR,ERR,ERR,ERR,ERR,ERR,ERR,ERR,ERR,ERR,ERR,ERR,ERR,ERR,ERR,ERR,ERR,ERR,ERR,ERR,ERR,ERR,ERR,ERR,ERR,ERR,ERR,ERR,ERR,ERR,ERR,ERR,-0.0,-107615392.0,-134999232.0,-152005385388032.0,0.0,1.3936040501711995e+18,7.805,1.1096074633774859e+29,0,0,4,48859,6720,14723890282496.0,100,0.0,0.0,0.0,-0.0,0.0,0,0,0,0,0.0,0,0,0,0,0,0,0,0,0,0,0,0,0,0,0,0,0,0,0,0,0,0,0,0,0,0,0,0,0,0,0,0,0,26,51,50,76,65476,0,300,0,0,8,21553,0.0,-107605600.0,0.0,0.0,0.0,0.0,0.0,0.0,0.0,0.0,0.0,0.0,0.0,0.0,0.0,0.0,0.0,0.0,0.0,0.0,0.0,0.0,0.0,0.0,2.004,-2.004,0.0,0.0,0.0,0.0,4739.0,0.0,7301.0,-0.0,-107615392.0,0.0,2.7184312818759872e+23,0.0,0.0,0.0,0.0,77,-0.0,-0.0,0.0,0.0,0.0,0.0,0.0,0.0,0.0,0,0,0,0.0,0.0,0.0,0.0,0.0,0.0,0.0,0.0,0.0,0.0,0.0,0.0,0.0,0.0,0.0,0.0,0,-107875648.0,77,0.0,154,0.0,0.0,ERR,ERR,ERR,ERR,ERR,ERR,ERR,ERR,ERR,ERR,ERR,ERR,ERR,ERR,ERR,ERR,ERR,ERR,ERR,ERR,ERR,ERR,ERR,ERR,ERR,ERR,ERR,ERR,ERR,ERR,ERR,ERR,ERR,ERR,ERR,ERR,ERR,ERR,ERR,ERR,ERR,ERR,ERR,ERR,ERR,ERR,ERR,ERR,ERR,ERR,ERR,ERR,ERR,ERR,ERR,ERR,ERR,ERR,ERR,ERR,ERR,ERR,ERR,ERR,ERR,ERR,ERR,34.0,80.0,35,0.0,0.0,0.0,0.0,0.0,0.0,0.0,0.0,0.0,0.0,0.0,0.0,0.0,0.0,0.0,0.0,66.0,0,120,58,54,65476,0,300,0,0,8,20529,65476,0,0,57672,80.0,0.0,0.0,0.0,0.0,0.0
2026-06-18T02:12:35,ERR,ERR,ERR,ERR,ERR,ERR,ERR,ERR,ERR,ERR,ERR,ERR,ERR,ERR,ERR,ERR,ERR,ERR,ERR,ERR,ERR,ERR,ERR,ERR,ERR,ERR,ERR,ERR,ERR,ERR,ERR,ERR,ERR,ERR,ERR,ERR,ERR,ERR,ERR,ERR,ERR,ERR,ERR,ERR,ERR,ERR,ERR,ERR,ERR,ERR,ERR,ERR,ERR,ERR,ERR,ERR,ERR,ERR,ERR,ERR,ERR,ERR,ERR,ERR,ERR,ERR,ERR,ERR,ERR,ERR,ERR,ERR,ERR,ERR,ERR,ERR,ERR,ERR,ERR,ERR,ERR,ERR,ERR,ERR,ERR,ERR,ERR,ERR,ERR,ERR,ERR,ERR,ERR,ERR,ERR,ERR,ERR,ERR,ERR,ERR,ERR,ERR,ERR,ERR,ERR,ERR,ERR,ERR,ERR,ERR,ERR,ERR,ERR,ERR,ERR,ERR,ERR,ERR,ERR,ERR,ERR,ERR,ERR,ERR,ERR,-0.0,-107615392.0,-134999232.0,-152005385388032.0,0.0,1.3936040501711995e+18,7.805,1.1096074633774859e+29,0,0,4,48859,6720,14723890282496.0,100,0.0,0.0,0.0,-0.0,0.0,0,0,0,0,0.0,0,0,0,0,0,0,0,0,0,0,0,0,0,0,0,0,0,0,0,0,0,0,0,0,0,0,0,0,0,0,0,0,0,26,51,50,76,65476,0,300,0,0,8,21553,0.0,-107605600.0,0.0,0.0,0.0,0.0,0.0,0.0,0.0,0.0,0.0,0.0,0.0,0.0,0.0,0.0,0.0,0.0,0.0,0.0,0.0,0.0,0.0,0.0,2.004,-2.004,0.0,0.0,0.0,0.0,4739.0,0.0,7301.0,-0.0,-107615392.0,0.0,2.7184312818759872e+23,0.0,0.0,0.0,0.0,77,-0.0,-0.0,0.0,0.0,0.0,0.0,0.0,0.0,0.0,0,0,0,0.0,0.0,0.0,0.0,0.0,0.0,0.0,0.0,0.0,0.0,0.0,0.0,0.0,0.0,0.0,0.0,0,-107875648.0,77,0.0,154,0.0,0.0,ERR,ERR,ERR,ERR,ERR,ERR,ERR,ERR,ERR,ERR,ERR,ERR,ERR,ERR,ERR,ERR,ERR,ERR,ERR,ERR,ERR,ERR,ERR,ERR,ERR,ERR,ERR,ERR,ERR,ERR,ERR,ERR,ERR,ERR,ERR,ERR,ERR,ERR,ERR,ERR,ERR,ERR,ERR,ERR,ERR,ERR,ERR,ERR,ERR,ERR,ERR,ERR,ERR,ERR,ERR,ERR,ERR,ERR,ERR,ERR,ERR,ERR,ERR,ERR,ERR,ERR,ERR,34.0,80.0,35,0.0,0.0,0.0,0.0,0.0,0.0,0.0,0.0,0.0,0.0,0.0,0.0,0.0,0.0,0.0,0.0,66.0,0,120,58,54,65476,0,300,0,0,8,20529,65476,0,0,57672,80.0,0.0,0.0,0.0,0.0,0.0
2026-06-18T02:12:36,ERR,ERR,ERR,ERR,ERR,ERR,ERR,ERR,ERR,ERR,ERR,ERR,ERR,ERR,ERR,ERR,ERR,ERR,ERR,ERR,ERR,ERR,ERR,ERR,ERR,ERR,ERR,ERR,ERR,ERR,ERR,ERR,ERR,ERR,ERR,ERR,ERR,ERR,ERR,ERR,ERR,ERR,ERR,ERR,ERR,ERR,ERR,ERR,ERR,ERR,ERR,ERR,ERR,ERR,ERR,ERR,ERR,ERR,ERR,ERR,ERR,ERR,ERR,ERR,ERR,ERR,ERR,ERR,ERR,ERR,ERR,ERR,ERR,ERR,ERR,ERR,ERR,ERR,ERR,ERR,ERR,ERR,ERR,ERR,ERR,ERR,ERR,ERR,ERR,ERR,ERR,ERR,ERR,ERR,ERR,ERR,ERR,ERR,ERR,ERR,ERR,ERR,ERR,ERR,ERR,ERR,ERR,ERR,ERR,ERR,ERR,ERR,ERR,ERR,ERR,ERR,ERR,ERR,ERR,ERR,ERR,ERR,ERR,ERR,ERR,-0.0,-107615392.0,-134999232.0,-152005385388032.0,0.0,1.3936040501711995e+18,7.805,1.1096074633774859e+29,0,0,4,48859,6720,14723890282496.0,100,0.0,0.0,0.0,-0.0,0.0,0,0,0,0,0.0,0,0,0,0,0,0,0,0,0,0,0,0,0,0,0,0,0,0,0,0,0,0,0,0,0,0,0,0,0,0,0,0,0,26,51,50,76,65476,0,300,0,0,8,21553,0.0,-107605600.0,0.0,0.0,0.0,0.0,0.0,0.0,0.0,0.0,0.0,0.0,0.0,0.0,0.0,0.0,0.0,0.0,0.0,0.0,0.0,0.0,0.0,0.0,2.004,-2.004,0.0,0.0,0.0,0.0,4739.0,0.0,7301.0,-0.0,-107615392.0,0.0,2.7184312818759872e+23,0.0,0.0,0.0,0.0,77,-0.0,-0.0,0.0,0.0,0.0,0.0,0.0,0.0,0.0,0,0,0,0.0,0.0,0.0,0.0,0.0,0.0,0.0,0.0,0.0,0.0,0.0,0.0,0.0,0.0,0.0,0.0,0,-107875648.0,77,0.0,154,0.0,0.0,ERR,ERR,ERR,ERR,ERR,ERR,ERR,ERR,ERR,ERR,ERR,ERR,ERR,ERR,ERR,ERR,ERR,ERR,ERR,ERR,ERR,ERR,ERR,ERR,ERR,ERR,ERR,ERR,ERR,ERR,ERR,ERR,ERR,ERR,ERR,ERR,ERR,ERR,ERR,ERR,ERR,ERR,ERR,ERR,ERR,ERR,ERR,ERR,ERR,ERR,ERR,ERR,ERR,ERR,ERR,ERR,ERR,ERR,ERR,ERR,ERR,ERR,ERR,ERR,ERR,ERR,ERR,34.0,80.0,35,0.0,0.0,0.0,0.0,0.0,0.0,0.0,0.0,0.0,0.0,0.0,0.0,0.0,0.0,0.0,0.0,66.0,0,120,58,54,65476,0,300,0,0,8,20529,65476,0,0,57672,80.0,0.0,0.0,0.0,0.0,0.0
2026-06-18T02:12:37,ERR,ERR,ERR,ERR,ERR,ERR,ERR,ERR,ERR,ERR,ERR,ERR,ERR,ERR,ERR,ERR,ERR,ERR,ERR,ERR,ERR,ERR,ERR,ERR,ERR,ERR,ERR,ERR,ERR,ERR,ERR,ERR,ERR,ERR,ERR,ERR,ERR,ERR,ERR,ERR,ERR,ERR,ERR,ERR,ERR,ERR,ERR,ERR,ERR,ERR,ERR,ERR,ERR,ERR,ERR,ERR,ERR,ERR,ERR,ERR,ERR,ERR,ERR,ERR,ERR,ERR,ERR,ERR,ERR,ERR,ERR,ERR,ERR,ERR,ERR,ERR,ERR,ERR,ERR,ERR,ERR,ERR,ERR,ERR,ERR,ERR,ERR,ERR,ERR,ERR,ERR,ERR,ERR,ERR,ERR,ERR,ERR,ERR,ERR,ERR,ERR,ERR,ERR,ERR,ERR,ERR,ERR,ERR,ERR,ERR,ERR,ERR,ERR,ERR,ERR,ERR,ERR,ERR,ERR,ERR,ERR,ERR,ERR,ERR,ERR,-0.0,-107615392.0,-134999232.0,-152005385388032.0,0.0,1.3936040501711995e+18,7.805,1.1096074633774859e+29,0,0,4,48859,6720,14723890282496.0,100,0.0,0.0,0.0,-0.0,0.0,0,0,0,0,0.0,0,0,0,0,0,0,0,0,0,0,0,0,0,0,0,0,0,0,0,0,0,0,0,0,0,0,0,0,0,0,0,0,0,26,51,50,76,65476,0,300,0,0,8,21553,0.0,-107605600.0,0.0,0.0,0.0,0.0,0.0,0.0,0.0,0.0,0.0,0.0,0.0,0.0,0.0,0.0,0.0,0.0,0.0,0.0,0.0,0.0,0.0,0.0,2.004,-2.004,0.0,0.0,0.0,0.0,4739.0,0.0,7301.0,-0.0,-107615392.0,0.0,2.7184312818759872e+23,0.0,0.0,0.0,0.0,77,-0.0,-0.0,0.0,0.0,0.0,0.0,0.0,0.0,0.0,0,0,0,0.0,0.0,0.0,0.0,0.0,0.0,0.0,0.0,0.0,0.0,0.0,0.0,0.0,0.0,0.0,0.0,0,-107875648.0,77,0.0,154,0.0,0.0,ERR,ERR,ERR,ERR,ERR,ERR,ERR,ERR,ERR,ERR,ERR,ERR,ERR,ERR,ERR,ERR,ERR,ERR,ERR,ERR,ERR,ERR,ERR,ERR,ERR,ERR,ERR,ERR,ERR,ERR,ERR,ERR,ERR,ERR,ERR,ERR,ERR,ERR,ERR,ERR,ERR,ERR,ERR,ERR,ERR,ERR,ERR,ERR,ERR,ERR,ERR,ERR,ERR,ERR,ERR,ERR,ERR,ERR,ERR,ERR,ERR,ERR,ERR,ERR,ERR,ERR,ERR,34.0,80.0,35,0.0,0.0,0.0,0.0,0.0,0.0,0.0,0.0,0.0,0.0,0.0,0.0,0.0,0.0,0.0,0.0,66.0,0,120,58,54,65476,0,300,0,0,8,20529,65476,0,0,57672,80.0,0.0,0.0,0.0,0.0,0.0
2026-06-18T02:12:38,ERR,ERR,ERR,ERR,ERR,ERR,ERR,ERR,ERR,ERR,ERR,ERR,ERR,ERR,ERR,ERR,ERR,ERR,ERR,ERR,ERR,ERR,ERR,ERR,ERR,ERR,ERR,ERR,ERR,ERR,ERR,ERR,ERR,ERR,ERR,ERR,ERR,ERR,ERR,ERR,ERR,ERR,ERR,ERR,ERR,ERR,ERR,ERR,ERR,ERR,ERR,ERR,ERR,ERR,ERR,ERR,ERR,ERR,ERR,ERR,ERR,ERR,ERR,ERR,ERR,ERR,ERR,ERR,ERR,ERR,ERR,ERR,ERR,ERR,ERR,ERR,ERR,ERR,ERR,ERR,ERR,ERR,ERR,ERR,ERR,ERR,ERR,ERR,ERR,ERR,ERR,ERR,ERR,ERR,ERR,ERR,ERR,ERR,ERR,ERR,ERR,ERR,ERR,ERR,ERR,ERR,ERR,ERR,ERR,ERR,ERR,ERR,ERR,ERR,ERR,ERR,ERR,ERR,ERR,ERR,ERR,ERR,ERR,ERR,ERR,-0.0,-107615392.0,-134999232.0,-152005385388032.0,0.0,1.3936040501711995e+18,7.805,1.1096074633774859e+29,0,0,4,48859,6720,14723890282496.0,100,0.0,0.0,0.0,-0.0,0.0,0,0,0,0,0.0,0,0,0,0,0,0,0,0,0,0,0,0,0,0,0,0,0,0,0,0,0,0,0,0,0,0,0,0,0,0,0,0,0,26,51,50,76,65476,0,300,0,0,8,21553,0.0,-107605600.0,0.0,0.0,0.0,0.0,0.0,0.0,0.0,0.0,0.0,0.0,0.0,0.0,0.0,0.0,0.0,0.0,0.0,0.0,0.0,0.0,0.0,0.0,2.004,-2.004,0.0,0.0,0.0,0.0,4739.0,0.0,7301.0,-0.0,-107615392.0,0.0,2.7184312818759872e+23,0.0,0.0,0.0,0.0,77,-0.0,-0.0,0.0,0.0,0.0,0.0,0.0,0.0,0.0,0,0,0,0.0,0.0,0.0,0.0,0.0,0.0,0.0,0.0,0.0,0.0,0.0,0.0,0.0,0.0,0.0,0.0,0,-107875648.0,77,0.0,154,0.0,0.0,ERR,ERR,ERR,ERR,ERR,ERR,ERR,ERR,ERR,ERR,ERR,ERR,ERR,ERR,ERR,ERR,ERR,ERR,ERR,ERR,ERR,ERR,ERR,ERR,ERR,ERR,ERR,ERR,ERR,ERR,ERR,ERR,ERR,ERR,ERR,ERR,ERR,ERR,ERR,ERR,ERR,ERR,ERR,ERR,ERR,ERR,ERR,ERR,ERR,ERR,ERR,ERR,ERR,ERR,ERR,ERR,ERR,ERR,ERR,ERR,ERR,ERR,ERR,ERR,ERR,ERR,ERR,34.0,80.0,35,0.0,0.0,0.0,0.0,0.0,0.0,0.0,0.0,0.0,0.0,0.0,0.0,0.0,0.0,0.0,0.0,66.0,0,120,58,54,65476,0,300,0,0,8,20529,65476,0,0,57672,80.0,0.0,0.0,0.0,0.0,0.0
2026-06-18T02:12:39,ERR,ERR,ERR,ERR,ERR,ERR,ERR,ERR,ERR,ERR,ERR,ERR,ERR,ERR,ERR,ERR,ERR,ERR,ERR,ERR,ERR,ERR,ERR,ERR,ERR,ERR,ERR,ERR,ERR,ERR,ERR,ERR,ERR,ERR,ERR,ERR,ERR,ERR,ERR,ERR,ERR,ERR,ERR,ERR,ERR,ERR,ERR,ERR,ERR,ERR,ERR,ERR,ERR,ERR,ERR,ERR,ERR,ERR,ERR,ERR,ERR,ERR,ERR,ERR,ERR,ERR,ERR,ERR,ERR,ERR,ERR,ERR,ERR,ERR,ERR,ERR,ERR,ERR,ERR,ERR,ERR,ERR,ERR,ERR,ERR,ERR,ERR,ERR,ERR,ERR,ERR,ERR,ERR,ERR,ERR,ERR,ERR,ERR,ERR,ERR,ERR,ERR,ERR,ERR,ERR,ERR,ERR,ERR,ERR,ERR,ERR,ERR,ERR,ERR,ERR,ERR,ERR,ERR,ERR,ERR,ERR,ERR,ERR,ERR,ERR,-0.0,-107615392.0,-134999232.0,0.0,0.0,1.3936040501711995e+18,7.805,5.082843243955664e+23,0,0,4,48859,6720,14723890282496.0,100,0.0,0.0,0.0,0.059,0.0,0,0,0,0,0.0,0,0,0,0,0,0,0,0,0,0,0,0,0,0,0,0,0,0,0,0,0,0,0,0,0,0,0,0,0,0,0,0,0,26,51,50,76,65476,0,300,0,0,8,21553,0.0,-107605600.0,0.0,0.0,0.0,0.0,0.0,0.0,0.0,0.0,0.0,0.0,0.0,0.0,0.0,0.0,0.0,0.0,0.0,0.0,0.0,0.0,0.0,0.0,2.004,-2.004,0.0,0.0,0.0,0.0,4739.0,0.0,7302.0,-0.0,-107615392.0,0.0,2.7184312818759872e+23,0.0,0.0,0.0,0.0,77,-0.0,-0.0,0.0,0.0,0.0,0.0,0.0,0.0,0.0,0,0,0,0.0,0.0,0.0,0.0,0.0,0.0,0.0,0.0,0.0,0.0,0.0,0.0,0.0,0.0,0.0,0.0,0,-107875648.0,77,0.0,154,0.0,0.0,ERR,ERR,ERR,ERR,ERR,ERR,ERR,ERR,ERR,ERR,ERR,ERR,ERR,ERR,ERR,ERR,ERR,ERR,ERR,ERR,ERR,ERR,ERR,ERR,ERR,ERR,ERR,ERR,ERR,ERR,ERR,ERR,ERR,ERR,ERR,ERR,ERR,ERR,ERR,ERR,ERR,ERR,ERR,ERR,ERR,ERR,ERR,ERR,ERR,ERR,ERR,ERR,ERR,ERR,ERR,ERR,ERR,ERR,ERR,ERR,ERR,ERR,ERR,ERR,ERR,ERR,ERR,34.0,80.0,35,0.0,0.0,0.0,0.0,0.0,0.0,0.0,0.0,0.0,0.0,0.0,0.0,0.0,0.0,0.0,0.0,66.0,0,120,58,54,65476,0,300,0,0,8,20529,65476,0,0,57672,80.0,0.0,0.0,0.0,0.0,0.0
2026-06-18T02:12:40,ERR,ERR,ERR,ERR,ERR,ERR,ERR,ERR,ERR,ERR,ERR,ERR,ERR,ERR,ERR,ERR,ERR,ERR,ERR,ERR,ERR,ERR,ERR,ERR,ERR,ERR,ERR,ERR,ERR,ERR,ERR,ERR,ERR,ERR,ERR,ERR,ERR,ERR,ERR,ERR,ERR,ERR,ERR,ERR,ERR,ERR,ERR,ERR,ERR,ERR,ERR,ERR,ERR,ERR,ERR,ERR,ERR,ERR,ERR,ERR,ERR,ERR,ERR,ERR,ERR,ERR,ERR,ERR,ERR,ERR,ERR,ERR,ERR,ERR,ERR,ERR,ERR,ERR,ERR,ERR,ERR,ERR,ERR,ERR,ERR,ERR,ERR,ERR,ERR,ERR,ERR,ERR,ERR,ERR,ERR,ERR,ERR,ERR,ERR,ERR,ERR,ERR,ERR,ERR,ERR,ERR,ERR,ERR,ERR,ERR,ERR,ERR,ERR,ERR,ERR,ERR,ERR,ERR,ERR,ERR,ERR,ERR,ERR,ERR,ERR,-0.0,-107615392.0,-134999232.0,0.0,0.0,1.3936040501711995e+18,7.805,5.082843243955664e+23,0,0,4,48859,6720,14723890282496.0,100,0.0,0.0,0.0,0.059,0.0,0,0,0,0,0.0,0,0,0,0,0,0,0,0,0,0,0,0,0,0,0,0,0,0,0,0,0,0,0,0,0,0,0,0,0,0,0,0,0,26,51,50,76,65476,0,300,0,0,8,21553,0.0,-107605600.0,0.0,0.0,0.0,0.0,0.0,0.0,0.0,0.0,0.0,0.0,0.0,0.0,0.0,0.0,0.0,0.0,0.0,0.0,0.0,0.0,0.0,0.0,2.004,-2.004,0.0,0.0,0.0,0.0,4739.0,0.0,7302.0,-0.0,-107615392.0,0.0,2.7184312818759872e+23,0.0,0.0,0.0,0.0,77,-0.0,-0.0,0.0,0.0,0.0,0.0,0.0,0.0,0.0,0,0,0,0.0,0.0,0.0,0.0,0.0,0.0,0.0,0.0,0.0,0.0,0.0,0.0,0.0,0.0,0.0,0.0,0,-107875648.0,77,0.0,154,0.0,0.0,ERR,ERR,ERR,ERR,ERR,ERR,ERR,ERR,ERR,ERR,ERR,ERR,ERR,ERR,ERR,ERR,ERR,ERR,ERR,ERR,ERR,ERR,ERR,ERR,ERR,ERR,ERR,ERR,ERR,ERR,ERR,ERR,ERR,ERR,ERR,ERR,ERR,ERR,ERR,ERR,ERR,ERR,ERR,ERR,ERR,ERR,ERR,ERR,ERR,ERR,ERR,ERR,ERR,ERR,ERR,ERR,ERR,ERR,ERR,ERR,ERR,ERR,ERR,ERR,ERR,ERR,ERR,34.0,80.0,35,0.0,0.0,0.0,0.0,0.0,0.0,0.0,0.0,0.0,0.0,0.0,0.0,0.0,0.0,0.0,0.0,66.4,0,120,58,54,65476,0,300,0,0,8,20529,65476,0,0,57672,80.0,0.0,0.0,0.0,0.0,0.0
2026-06-18T02:12:41,ERR,ERR,ERR,ERR,ERR,ERR,ERR,ERR,ERR,ERR,ERR,ERR,ERR,ERR,ERR,ERR,ERR,ERR,ERR,ERR,ERR,ERR,ERR,ERR,ERR,ERR,ERR,ERR,ERR,ERR,ERR,ERR,ERR,ERR,ERR,ERR,ERR,ERR,ERR,ERR,ERR,ERR,ERR,ERR,ERR,ERR,ERR,ERR,ERR,ERR,ERR,ERR,ERR,ERR,ERR,ERR,ERR,ERR,ERR,ERR,ERR,ERR,ERR,ERR,ERR,ERR,ERR,ERR,ERR,ERR,ERR,ERR,ERR,ERR,ERR,ERR,ERR,ERR,ERR,ERR,ERR,ERR,ERR,ERR,ERR,ERR,ERR,ERR,ERR,ERR,ERR,ERR,ERR,ERR,ERR,ERR,ERR,ERR,ERR,ERR,ERR,ERR,ERR,ERR,ERR,ERR,ERR,ERR,ERR,ERR,ERR,ERR,ERR,ERR,ERR,ERR,ERR,ERR,ERR,ERR,ERR,ERR,ERR,ERR,ERR,-0.0,-107615392.0,-134999232.0,0.0,0.0,1.3936040501711995e+18,7.805,5.082843243955664e+23,0,0,4,48859,6720,14723890282496.0,100,0.0,0.0,0.0,0.059,0.0,0,0,0,0,0.0,0,0,0,0,0,0,0,0,0,0,0,0,0,0,0,0,0,0,0,0,0,0,0,0,0,0,0,0,0,0,0,0,0,26,51,50,76,65476,0,300,0,0,8,21553,0.0,-107605600.0,0.0,0.0,0.0,0.0,0.0,0.0,0.0,0.0,0.0,0.0,0.0,0.0,0.0,0.0,0.0,0.0,0.0,0.0,0.0,0.0,0.0,0.0,2.004,-2.004,0.0,0.0,0.0,0.0,4739.0,0.0,7302.0,-0.0,-107615392.0,0.0,2.7184312818759872e+23,0.0,0.0,0.0,0.0,77,-0.0,-0.0,0.0,0.0,0.0,0.0,0.0,0.0,0.0,0,0,0,0.0,0.0,0.0,0.0,0.0,0.0,0.0,0.0,0.0,0.0,0.0,0.0,0.0,0.0,0.0,0.0,0,-107875648.0,77,0.0,154,0.0,0.0,ERR,ERR,ERR,ERR,ERR,ERR,ERR,ERR,ERR,ERR,ERR,ERR,ERR,ERR,ERR,ERR,ERR,ERR,ERR,ERR,ERR,ERR,ERR,ERR,ERR,ERR,ERR,ERR,ERR,ERR,ERR,ERR,ERR,ERR,ERR,ERR,ERR,ERR,ERR,ERR,ERR,ERR,ERR,ERR,ERR,ERR,ERR,ERR,ERR,ERR,ERR,ERR,ERR,ERR,ERR,ERR,ERR,ERR,ERR,ERR,ERR,ERR,ERR,ERR,ERR,ERR,ERR,34.0,80.0,35,0.0,0.0,0.0,0.0,0.0,0.0,0.0,0.0,0.0,0.0,0.0,0.0,0.0,0.0,0.0,0.0,66.4,0,120,58,54,65476,0,300,0,0,8,20529,65476,0,0,57672,80.0,0.0,0.0,0.0,0.0,0.0
2026-06-18T02:12:42,ERR,ERR,ERR,ERR,ERR,ERR,ERR,ERR,ERR,ERR,ERR,ERR,ERR,ERR,ERR,ERR,ERR,ERR,ERR,ERR,ERR,ERR,ERR,ERR,ERR,ERR,ERR,ERR,ERR,ERR,ERR,ERR,ERR,ERR,ERR,ERR,ERR,ERR,ERR,ERR,ERR,ERR,ERR,ERR,ERR,ERR,ERR,ERR,ERR,ERR,ERR,ERR,ERR,ERR,ERR,ERR,ERR,ERR,ERR,ERR,ERR,ERR,ERR,ERR,ERR,ERR,ERR,ERR,ERR,ERR,ERR,ERR,ERR,ERR,ERR,ERR,ERR,ERR,ERR,ERR,ERR,ERR,ERR,ERR,ERR,ERR,ERR,ERR,ERR,ERR,ERR,ERR,ERR,ERR,ERR,ERR,ERR,ERR,ERR,ERR,ERR,ERR,ERR,ERR,ERR,ERR,ERR,ERR,ERR,ERR,ERR,ERR,ERR,ERR,ERR,ERR,ERR,ERR,ERR,ERR,ERR,ERR,ERR,ERR,ERR,-0.0,-107615392.0,-134999232.0,0.0,0.0,1.3936040501711995e+18,7.805,5.082843243955664e+23,0,0,4,48859,6720,14723890282496.0,100,0.0,0.0,0.0,0.059,0.0,0,0,0,0,0.0,0,0,0,0,0,0,0,0,0,0,0,0,0,0,0,0,0,0,0,0,0,0,0,0,0,0,0,0,0,0,0,0,0,26,51,50,76,65476,0,300,0,0,8,21553,0.0,-107605600.0,0.0,0.0,0.0,0.0,0.0,0.0,0.0,0.0,0.0,0.0,0.0,0.0,0.0,0.0,0.0,0.0,0.0,0.0,0.0,0.0,0.0,0.0,2.004,-2.004,0.0,0.0,0.0,0.0,4739.0,0.0,7302.0,-0.0,-107615392.0,0.0,2.7184312818759872e+23,0.0,0.0,0.0,0.0,77,-0.0,-0.0,0.0,0.0,0.0,0.0,0.0,0.0,0.0,0,0,0,0.0,0.0,0.0,0.0,0.0,0.0,0.0,0.0,0.0,0.0,0.0,0.0,0.0,0.0,0.0,0.0,0,-107875648.0,77,0.0,154,0.0,0.0,ERR,ERR,ERR,ERR,ERR,ERR,ERR,ERR,ERR,ERR,ERR,ERR,ERR,ERR,ERR,ERR,ERR,ERR,ERR,ERR,ERR,ERR,ERR,ERR,ERR,ERR,ERR,ERR,ERR,ERR,ERR,ERR,ERR,ERR,ERR,ERR,ERR,ERR,ERR,ERR,ERR,ERR,ERR,ERR,ERR,ERR,ERR,ERR,ERR,ERR,ERR,ERR,ERR,ERR,ERR,ERR,ERR,ERR,ERR,ERR,ERR,ERR,ERR,ERR,ERR,ERR,ERR,34.0,80.0,35,0.0,0.0,0.0,0.0,0.0,0.0,0.0,0.0,0.0,0.0,0.0,0.0,0.0,0.0,0.0,0.0,66.4,0,120,58,54,65476,0,300,0,0,8,20529,65476,0,0,57672,80.0,0.0,0.0,0.0,0.0,0.0
2026-06-18T02:12:43,ERR,ERR,ERR,ERR,ERR,ERR,ERR,ERR,ERR,ERR,ERR,ERR,ERR,ERR,ERR,ERR,ERR,ERR,ERR,ERR,ERR,ERR,ERR,ERR,ERR,ERR,ERR,ERR,ERR,ERR,ERR,ERR,ERR,ERR,ERR,ERR,ERR,ERR,ERR,ERR,ERR,ERR,ERR,ERR,ERR,ERR,ERR,ERR,ERR,ERR,ERR,ERR,ERR,ERR,ERR,ERR,ERR,ERR,ERR,ERR,ERR,ERR,ERR,ERR,ERR,ERR,ERR,ERR,ERR,ERR,ERR,ERR,ERR,ERR,ERR,ERR,ERR,ERR,ERR,ERR,ERR,ERR,ERR,ERR,ERR,ERR,ERR,ERR,ERR,ERR,ERR,ERR,ERR,ERR,ERR,ERR,ERR,ERR,ERR,ERR,ERR,ERR,ERR,ERR,ERR,ERR,ERR,ERR,ERR,ERR,ERR,ERR,ERR,ERR,ERR,ERR,ERR,ERR,ERR,ERR,ERR,ERR,ERR,ERR,ERR,-0.0,-107615392.0,-134999232.0,0.0,0.0,1.3936040501711995e+18,7.805,5.082843243955664e+23,0,0,4,48859,6720,14723890282496.0,100,0.0,0.0,0.0,0.059,0.0,0,0,0,0,0.0,0,0,0,0,0,0,0,0,0,0,0,0,0,0,0,0,0,0,0,0,0,0,0,0,0,0,0,0,0,0,0,0,0,26,51,50,76,65476,0,300,0,0,8,21553,0.0,-107605600.0,0.0,0.0,0.0,0.0,0.0,0.0,0.0,0.0,0.0,0.0,0.0,0.0,0.0,0.0,0.0,0.0,0.0,0.0,0.0,0.0,0.0,0.0,2.004,-2.004,0.0,0.0,0.0,0.0,4739.0,0.0,7302.0,-0.0,-107615392.0,0.0,2.7184312818759872e+23,0.0,0.0,0.0,0.0,77,-0.0,-0.0,0.0,0.0,0.0,0.0,0.0,0.0,0.0,0,0,0,0.0,0.0,0.0,0.0,0.0,0.0,0.0,0.0,0.0,0.0,0.0,0.0,0.0,0.0,0.0,0.0,0,-107875648.0,77,0.0,154,0.0,0.0,ERR,ERR,ERR,ERR,ERR,ERR,ERR,ERR,ERR,ERR,ERR,ERR,ERR,ERR,ERR,ERR,ERR,ERR,ERR,ERR,ERR,ERR,ERR,ERR,ERR,ERR,ERR,ERR,ERR,ERR,ERR,ERR,ERR,ERR,ERR,ERR,ERR,ERR,ERR,ERR,ERR,ERR,ERR,ERR,ERR,ERR,ERR,ERR,ERR,ERR,ERR,ERR,ERR,ERR,ERR,ERR,ERR,ERR,ERR,ERR,ERR,ERR,ERR,ERR,ERR,ERR,ERR,34.0,80.0,35,0.0,0.0,0.0,0.0,0.0,0.0,0.0,0.0,0.0,0.0,0.0,0.0,0.0,0.0,0.0,0.0,66.4,0,120,58,54,65476,0,300,0,0,8,20529,65476,0,0,57672,80.0,0.0,0.0,0.0,0.0,0.0
2026-06-18T02:12:44,ERR,ERR,ERR,ERR,ERR,ERR,ERR,ERR,ERR,ERR,ERR,ERR,ERR,ERR,ERR,ERR,ERR,ERR,ERR,ERR,ERR,ERR,ERR,ERR,ERR,ERR,ERR,ERR,ERR,ERR,ERR,ERR,ERR,ERR,ERR,ERR,ERR,ERR,ERR,ERR,ERR,ERR,ERR,ERR,ERR,ERR,ERR,ERR,ERR,ERR,ERR,ERR,ERR,ERR,ERR,ERR,ERR,ERR,ERR,ERR,ERR,ERR,ERR,ERR,ERR,ERR,ERR,ERR,ERR,ERR,ERR,ERR,ERR,ERR,ERR,ERR,ERR,ERR,ERR,ERR,ERR,ERR,ERR,ERR,ERR,ERR,ERR,ERR,ERR,ERR,ERR,ERR,ERR,ERR,ERR,ERR,ERR,ERR,ERR,ERR,ERR,ERR,ERR,ERR,ERR,ERR,ERR,ERR,ERR,ERR,ERR,ERR,ERR,ERR,ERR,ERR,ERR,ERR,ERR,ERR,ERR,ERR,ERR,ERR,ERR,-0.0,-107615392.0,-134999232.0,89215.008,0.0,1.3936040501711995e+18,7.805,-0.0,0,0,4,48850,6720,14723890282496.0,100,0.0,0.0,0.0,89215.008,0.0,0,0,0,0,0.0,0,0,0,0,0,0,0,0,0,0,0,0,0,0,0,0,0,0,0,0,0,0,0,0,0,0,0,0,0,0,0,0,0,26,51,50,76,65476,0,300,0,0,8,21553,0.0,-107605600.0,0.0,0.0,0.0,0.0,0.0,0.0,0.0,0.0,0.0,0.0,0.0,0.0,0.0,0.0,0.0,0.0,0.0,0.0,0.0,0.0,0.0,0.0,2.004,-2.004,0.0,0.0,0.0,0.0,4737.0,0.0,7300.0,-0.0,-107615392.0,0.0,2.7184312818759872e+23,0.0,0.0,0.0,0.0,77,-0.0,-0.0,0.0,0.0,0.0,0.0,0.0,0.0,0.0,0,0,0,0.0,0.0,0.0,0.0,0.0,0.0,0.0,0.0,0.0,0.0,0.0,0.0,0.0,0.0,0.0,0.0,0,-107875648.0,77,0.0,154,0.0,0.0,ERR,ERR,ERR,ERR,ERR,ERR,ERR,ERR,ERR,ERR,ERR,ERR,ERR,ERR,ERR,ERR,ERR,ERR,ERR,ERR,ERR,ERR,ERR,ERR,ERR,ERR,ERR,ERR,ERR,ERR,ERR,ERR,ERR,ERR,ERR,ERR,ERR,ERR,ERR,ERR,ERR,ERR,ERR,ERR,ERR,ERR,ERR,ERR,ERR,ERR,ERR,ERR,ERR,ERR,ERR,ERR,ERR,ERR,ERR,ERR,ERR,ERR,ERR,ERR,ERR,ERR,ERR,34.0,80.0,35,0.0,0.0,0.0,0.0,0.0,0.0,0.0,0.0,0.0,0.0,0.0,0.0,0.0,0.0,0.0,0.0,66.0,0,120,58,54,65476,0,300,0,0,8,20529,65476,0,0,57672,80.0,0.0,0.0,0.0,0.0,0.0
2026-06-18T02:12:45,ERR,ERR,ERR,ERR,ERR,ERR,ERR,ERR,ERR,ERR,ERR,ERR,ERR,ERR,ERR,ERR,ERR,ERR,ERR,ERR,ERR,ERR,ERR,ERR,ERR,ERR,ERR,ERR,ERR,ERR,ERR,ERR,ERR,ERR,ERR,ERR,ERR,ERR,ERR,ERR,ERR,ERR,ERR,ERR,ERR,ERR,ERR,ERR,ERR,ERR,ERR,ERR,ERR,ERR,ERR,ERR,ERR,ERR,ERR,ERR,ERR,ERR,ERR,ERR,ERR,ERR,ERR,ERR,ERR,ERR,ERR,ERR,ERR,ERR,ERR,ERR,ERR,ERR,ERR,ERR,ERR,ERR,ERR,ERR,ERR,ERR,ERR,ERR,ERR,ERR,ERR,ERR,ERR,ERR,ERR,ERR,ERR,ERR,ERR,ERR,ERR,ERR,ERR,ERR,ERR,ERR,ERR,ERR,ERR,ERR,ERR,ERR,ERR,ERR,ERR,ERR,ERR,ERR,ERR,ERR,ERR,ERR,ERR,ERR,ERR,-0.0,-107615392.0,-134999232.0,89215.008,0.0,1.3936040501711995e+18,7.805,-0.0,0,0,4,48850,6720,14723890282496.0,100,0.0,0.0,0.0,89215.008,0.0,0,0,0,0,0.0,0,0,0,0,0,0,0,0,0,0,0,0,0,0,0,0,0,0,0,0,0,0,0,0,0,0,0,0,0,0,0,0,0,26,51,50,76,65476,0,300,0,0,8,21553,0.0,-107605600.0,0.0,0.0,0.0,0.0,0.0,0.0,0.0,0.0,0.0,0.0,0.0,0.0,0.0,0.0,0.0,0.0,0.0,0.0,0.0,0.0,0.0,0.0,2.004,-2.004,0.0,0.0,0.0,0.0,4737.0,0.0,7300.0,-0.0,-107615392.0,0.0,2.7184312818759872e+23,0.0,0.0,0.0,0.0,77,-0.0,-0.0,0.0,0.0,0.0,0.0,0.0,0.0,0.0,0,0,0,0.0,0.0,0.0,0.0,0.0,0.0,0.0,0.0,0.0,0.0,0.0,0.0,0.0,0.0,0.0,0.0,0,-107875648.0,77,0.0,154,0.0,0.0,ERR,ERR,ERR,ERR,ERR,ERR,ERR,ERR,ERR,ERR,ERR,ERR,ERR,ERR,ERR,ERR,ERR,ERR,ERR,ERR,ERR,ERR,ERR,ERR,ERR,ERR,ERR,ERR,ERR,ERR,ERR,ERR,ERR,ERR,ERR,ERR,ERR,ERR,ERR,ERR,ERR,ERR,ERR,ERR,ERR,ERR,ERR,ERR,ERR,ERR,ERR,ERR,ERR,ERR,ERR,ERR,ERR,ERR,ERR,ERR,ERR,ERR,ERR,ERR,ERR,ERR,ERR,34.0,80.0,35,0.0,0.0,0.0,0.0,0.0,0.0,0.0,0.0,0.0,0.0,0.0,0.0,0.0,0.0,0.0,0.0,66.0,0,120,58,54,65476,0,300,0,0,8,20529,65476,0,0,57672,80.0,0.0,0.0,0.0,0.0,0.0
2026-06-18T02:12:46,ERR,ERR,ERR,ERR,ERR,ERR,ERR,ERR,ERR,ERR,ERR,ERR,ERR,ERR,ERR,ERR,ERR,ERR,ERR,ERR,ERR,ERR,ERR,ERR,ERR,ERR,ERR,ERR,ERR,ERR,ERR,ERR,ERR,ERR,ERR,ERR,ERR,ERR,ERR,ERR,ERR,ERR,ERR,ERR,ERR,ERR,ERR,ERR,ERR,ERR,ERR,ERR,ERR,ERR,ERR,ERR,ERR,ERR,ERR,ERR,ERR,ERR,ERR,ERR,ERR,ERR,ERR,ERR,ERR,ERR,ERR,ERR,ERR,ERR,ERR,ERR,ERR,ERR,ERR,ERR,ERR,ERR,ERR,ERR,ERR,ERR,ERR,ERR,ERR,ERR,ERR,ERR,ERR,ERR,ERR,ERR,ERR,ERR,ERR,ERR,ERR,ERR,ERR,ERR,ERR,ERR,ERR,ERR,ERR,ERR,ERR,ERR,ERR,ERR,ERR,ERR,ERR,ERR,ERR,ERR,ERR,ERR,ERR,ERR,ERR,-0.0,-107615392.0,-134999232.0,89215.008,0.0,1.3936040501711995e+18,7.805,-0.0,0,0,4,48850,6720,14723890282496.0,100,0.0,0.0,0.0,89215.008,0.0,0,0,0,0,0.0,0,0,0,0,0,0,0,0,0,0,0,0,0,0,0,0,0,0,0,0,0,0,0,0,0,0,0,0,0,0,0,0,0,26,51,50,76,65476,0,300,0,0,8,21553,0.0,-107605600.0,0.0,0.0,0.0,0.0,0.0,0.0,0.0,0.0,0.0,0.0,0.0,0.0,0.0,0.0,0.0,0.0,0.0,0.0,0.0,0.0,0.0,0.0,2.004,-2.004,0.0,0.0,0.0,0.0,4737.0,0.0,7300.0,-0.0,-107615392.0,0.0,2.7184312818759872e+23,0.0,0.0,0.0,0.0,77,-0.0,-0.0,0.0,0.0,0.0,0.0,0.0,0.0,0.0,0,0,0,0.0,0.0,0.0,0.0,0.0,0.0,0.0,0.0,0.0,0.0,0.0,0.0,0.0,0.0,0.0,0.0,0,-107875648.0,77,0.0,154,0.0,0.0,ERR,ERR,ERR,ERR,ERR,ERR,ERR,ERR,ERR,ERR,ERR,ERR,ERR,ERR,ERR,ERR,ERR,ERR,ERR,ERR,ERR,ERR,ERR,ERR,ERR,ERR,ERR,ERR,ERR,ERR,ERR,ERR,ERR,ERR,ERR,ERR,ERR,ERR,ERR,ERR,ERR,ERR,ERR,ERR,ERR,ERR,ERR,ERR,ERR,ERR,ERR,ERR,ERR,ERR,ERR,ERR,ERR,ERR,ERR,ERR,ERR,ERR,ERR,ERR,ERR,ERR,ERR,34.0,80.0,35,0.0,0.0,0.0,0.0,0.0,0.0,0.0,0.0,0.0,0.0,0.0,0.0,0.0,0.0,0.0,0.0,66.0,0,120,58,54,65476,0,300,0,0,8,20529,65476,0,0,57672,80.0,0.0,0.0,0.0,0.0,0.0
2026-06-18T02:12:47,ERR,ERR,ERR,ERR,ERR,ERR,ERR,ERR,ERR,ERR,ERR,ERR,ERR,ERR,ERR,ERR,ERR,ERR,ERR,ERR,ERR,ERR,ERR,ERR,ERR,ERR,ERR,ERR,ERR,ERR,ERR,ERR,ERR,ERR,ERR,ERR,ERR,ERR,ERR,ERR,ERR,ERR,ERR,ERR,ERR,ERR,ERR,ERR,ERR,ERR,ERR,ERR,ERR,ERR,ERR,ERR,ERR,ERR,ERR,ERR,ERR,ERR,ERR,ERR,ERR,ERR,ERR,ERR,ERR,ERR,ERR,ERR,ERR,ERR,ERR,ERR,ERR,ERR,ERR,ERR,ERR,ERR,ERR,ERR,ERR,ERR,ERR,ERR,ERR,ERR,ERR,ERR,ERR,ERR,ERR,ERR,ERR,ERR,ERR,ERR,ERR,ERR,ERR,ERR,ERR,ERR,ERR,ERR,ERR,ERR,ERR,ERR,ERR,ERR,ERR,ERR,ERR,ERR,ERR,ERR,ERR,ERR,ERR,ERR,ERR,-0.0,-107615392.0,-134999232.0,89215.008,0.0,1.3936040501711995e+18,7.805,-0.0,0,0,4,48850,6720,14723890282496.0,100,0.0,0.0,0.0,89215.008,0.0,0,0,0,0,0.0,0,0,0,0,0,0,0,0,0,0,0,0,0,0,0,0,0,0,0,0,0,0,0,0,0,0,0,0,0,0,0,0,0,26,51,50,76,65476,0,300,0,0,8,21553,0.0,-107605600.0,0.0,0.0,0.0,0.0,0.0,0.0,0.0,0.0,0.0,0.0,0.0,0.0,0.0,0.0,0.0,0.0,0.0,0.0,0.0,0.0,0.0,0.0,2.004,-2.004,0.0,0.0,0.0,0.0,4737.0,0.0,7300.0,-0.0,-107615392.0,0.0,2.7184312818759872e+23,0.0,0.0,0.0,0.0,77,-0.0,-0.0,0.0,0.0,0.0,0.0,0.0,0.0,0.0,0,0,0,0.0,0.0,0.0,0.0,0.0,0.0,0.0,0.0,0.0,0.0,0.0,0.0,0.0,0.0,0.0,0.0,0,-107875648.0,77,0.0,154,0.0,0.0,ERR,ERR,ERR,ERR,ERR,ERR,ERR,ERR,ERR,ERR,ERR,ERR,ERR,ERR,ERR,ERR,ERR,ERR,ERR,ERR,ERR,ERR,ERR,ERR,ERR,ERR,ERR,ERR,ERR,ERR,ERR,ERR,ERR,ERR,ERR,ERR,ERR,ERR,ERR,ERR,ERR,ERR,ERR,ERR,ERR,ERR,ERR,ERR,ERR,ERR,ERR,ERR,ERR,ERR,ERR,ERR,ERR,ERR,ERR,ERR,ERR,ERR,ERR,ERR,ERR,ERR,ERR,34.0,80.0,35,0.0,0.0,0.0,0.0,0.0,0.0,0.0,0.0,0.0,0.0,0.0,0.0,0.0,0.0,0.0,0.0,66.0,0,120,58,54,65476,0,300,0,0,8,20529,65476,0,0,57672,80.0,0.0,0.0,0.0,0.0,0.0
2026-06-18T02:12:48,ERR,ERR,ERR,ERR,ERR,ERR,ERR,ERR,ERR,ERR,ERR,ERR,ERR,ERR,ERR,ERR,ERR,ERR,ERR,ERR,ERR,ERR,ERR,ERR,ERR,ERR,ERR,ERR,ERR,ERR,ERR,ERR,ERR,ERR,ERR,ERR,ERR,ERR,ERR,ERR,ERR,ERR,ERR,ERR,ERR,ERR,ERR,ERR,ERR,ERR,ERR,ERR,ERR,ERR,ERR,ERR,ERR,ERR,ERR,ERR,ERR,ERR,ERR,ERR,ERR,ERR,ERR,ERR,ERR,ERR,ERR,ERR,ERR,ERR,ERR,ERR,ERR,ERR,ERR,ERR,ERR,ERR,ERR,ERR,ERR,ERR,ERR,ERR,ERR,ERR,ERR,ERR,ERR,ERR,ERR,ERR,ERR,ERR,ERR,ERR,ERR,ERR,ERR,ERR,ERR,ERR,ERR,ERR,ERR,ERR,ERR,ERR,ERR,ERR,ERR,ERR,ERR,ERR,ERR,ERR,ERR,ERR,ERR,ERR,ERR,-0.0,-107615392.0,-134999232.0,89215.008,0.0,1.3936040501711995e+18,7.805,-0.0,0,0,4,48850,6720,14723890282496.0,100,0.0,0.0,0.0,89215.008,0.0,0,0,0,0,0.0,0,0,0,0,0,0,0,0,0,0,0,0,0,0,0,0,0,0,0,0,0,0,0,0,0,0,0,0,0,0,0,0,0,26,51,50,76,65476,0,300,0,0,8,21553,0.0,-107605600.0,0.0,0.0,0.0,0.0,0.0,0.0,0.0,0.0,0.0,0.0,0.0,0.0,0.0,0.0,0.0,0.0,0.0,0.0,0.0,0.0,0.0,0.0,2.004,-2.004,0.0,0.0,0.0,0.0,4737.0,0.0,7300.0,-0.0,-107615392.0,0.0,2.7184312818759872e+23,0.0,0.0,0.0,0.0,77,-0.0,-0.0,0.0,0.0,0.0,0.0,0.0,0.0,0.0,0,0,0,0.0,0.0,0.0,0.0,0.0,0.0,0.0,0.0,0.0,0.0,0.0,0.0,0.0,0.0,0.0,0.0,0,-107875648.0,77,0.0,154,0.0,0.0,ERR,ERR,ERR,ERR,ERR,ERR,ERR,ERR,ERR,ERR,ERR,ERR,ERR,ERR,ERR,ERR,ERR,ERR,ERR,ERR,ERR,ERR,ERR,ERR,ERR,ERR,ERR,ERR,ERR,ERR,ERR,ERR,ERR,ERR,ERR,ERR,ERR,ERR,ERR,ERR,ERR,ERR,ERR,ERR,ERR,ERR,ERR,ERR,ERR,ERR,ERR,ERR,ERR,ERR,ERR,ERR,ERR,ERR,ERR,ERR,ERR,ERR,ERR,ERR,ERR,ERR,ERR,34.0,80.0,35,0.0,0.0,0.0,0.0,0.0,0.0,0.0,0.0,0.0,0.0,0.0,0.0,0.0,0.0,0.0,0.0,66.0,0,120,58,54,65476,0,300,0,0,8,20529,65476,0,0,57672,80.0,0.0,0.0,0.0,0.0,0.0
2026-06-18T02:12:49,ERR,ERR,ERR,ERR,ERR,ERR,ERR,ERR,ERR,ERR,ERR,ERR,ERR,ERR,ERR,ERR,ERR,ERR,ERR,ERR,ERR,ERR,ERR,ERR,ERR,ERR,ERR,ERR,ERR,ERR,ERR,ERR,ERR,ERR,ERR,ERR,ERR,ERR,ERR,ERR,ERR,ERR,ERR,ERR,ERR,ERR,ERR,ERR,ERR,ERR,ERR,ERR,ERR,ERR,ERR,ERR,ERR,ERR,ERR,ERR,ERR,ERR,ERR,ERR,ERR,ERR,ERR,ERR,ERR,ERR,ERR,ERR,ERR,ERR,ERR,ERR,ERR,ERR,ERR,ERR,ERR,ERR,ERR,ERR,ERR,ERR,ERR,ERR,ERR,ERR,ERR,ERR,ERR,ERR,ERR,ERR,ERR,ERR,ERR,ERR,ERR,ERR,ERR,ERR,ERR,ERR,ERR,ERR,ERR,ERR,ERR,ERR,ERR,ERR,ERR,ERR,ERR,ERR,ERR,ERR,ERR,ERR,ERR,ERR,ERR,-0.0,-107615392.0,-134999232.0,-4.9501291711397626e+32,0.0,1.3936040501711995e+18,7.805,51974472.0,0,0,4,48899,6720,14723890282496.0,100,0.0,0.0,0.0,0.0,0.0,0,0,0,0,0.0,0,0,0,0,0,0,0,0,0,0,0,0,0,0,0,0,0,0,0,0,0,0,0,0,0,0,0,0,0,0,0,0,0,26,51,50,76,65476,0,300,0,0,8,21553,0.0,-107605600.0,0.0,0.0,0.0,0.0,0.0,0.0,0.0,0.0,0.0,0.0,0.0,0.0,0.0,0.0,0.0,0.0,0.0,0.0,0.0,0.0,0.0,-2.004,2.004,-2.004,0.0,0.0,0.0,0.0,4739.0,0.0,7299.0,-0.0,-107615392.0,0.0,2.7184312818759872e+23,0.0,0.0,0.0,0.0,77,-0.0,-0.0,0.0,0.0,0.0,0.0,0.0,0.0,0.0,0,0,0,0.0,0.0,0.0,0.0,0.0,0.0,0.0,0.0,0.0,0.0,0.0,0.0,0.0,0.0,0.0,0.0,0,-107875648.0,77,0.0,154,0.0,0.0,ERR,ERR,ERR,ERR,ERR,ERR,ERR,ERR,ERR,ERR,ERR,ERR,ERR,ERR,ERR,ERR,ERR,ERR,ERR,ERR,ERR,ERR,ERR,ERR,ERR,ERR,ERR,ERR,ERR,ERR,ERR,ERR,ERR,ERR,ERR,ERR,ERR,ERR,ERR,ERR,ERR,ERR,ERR,ERR,ERR,ERR,ERR,ERR,ERR,ERR,ERR,ERR,ERR,ERR,ERR,ERR,ERR,ERR,ERR,ERR,ERR,ERR,ERR,ERR,ERR,ERR,ERR,34.0,80.0,35,0.0,0.0,0.0,0.0,0.0,0.0,0.0,0.0,0.0,0.0,0.0,0.0,0.0,0.0,0.0,0.0,66.0,0,120,58,54,65476,0,300,0,0,8,20529,65476,0,0,57672,80.0,0.0,0.0,0.0,0.0,0.0
2026-06-18T02:12:50,ERR,ERR,ERR,ERR,ERR,ERR,ERR,ERR,ERR,ERR,ERR,ERR,ERR,ERR,ERR,ERR,ERR,ERR,ERR,ERR,ERR,ERR,ERR,ERR,ERR,ERR,ERR,ERR,ERR,ERR,ERR,ERR,ERR,ERR,ERR,ERR,ERR,ERR,ERR,ERR,ERR,ERR,ERR,ERR,ERR,ERR,ERR,ERR,ERR,ERR,ERR,ERR,ERR,ERR,ERR,ERR,ERR,ERR,ERR,ERR,ERR,ERR,ERR,ERR,ERR,ERR,ERR,ERR,ERR,ERR,ERR,ERR,ERR,ERR,ERR,ERR,ERR,ERR,ERR,ERR,ERR,ERR,ERR,ERR,ERR,ERR,ERR,ERR,ERR,ERR,ERR,ERR,ERR,ERR,ERR,ERR,ERR,ERR,ERR,ERR,ERR,ERR,ERR,ERR,ERR,ERR,ERR,ERR,ERR,ERR,ERR,ERR,ERR,ERR,ERR,ERR,ERR,ERR,ERR,ERR,ERR,ERR,ERR,ERR,ERR,-0.0,-107615392.0,-134999232.0,-4.9501291711397626e+32,0.0,1.3936040501711995e+18,7.805,51974472.0,0,0,4,48899,6720,14723890282496.0,100,0.0,0.0,0.0,0.0,0.0,0,0,0,0,0.0,0,0,0,0,0,0,0,0,0,0,0,0,0,0,0,0,0,0,0,0,0,0,0,0,0,0,0,0,0,0,0,0,0,26,51,50,76,65476,0,300,0,0,8,21553,0.0,-107605600.0,0.0,0.0,0.0,0.0,0.0,0.0,0.0,0.0,0.0,0.0,0.0,0.0,0.0,0.0,0.0,0.0,0.0,0.0,0.0,0.0,0.0,-2.004,2.004,-2.004,0.0,0.0,0.0,0.0,4739.0,0.0,7299.0,-0.0,-107615392.0,0.0,2.7184312818759872e+23,0.0,0.0,0.0,0.0,77,-0.0,-0.0,0.0,0.0,0.0,0.0,0.0,0.0,0.0,0,0,0,0.0,0.0,0.0,0.0,0.0,0.0,0.0,0.0,0.0,0.0,0.0,0.0,0.0,0.0,0.0,0.0,0,-107875648.0,77,0.0,154,0.0,0.0,ERR,ERR,ERR,ERR,ERR,ERR,ERR,ERR,ERR,ERR,ERR,ERR,ERR,ERR,ERR,ERR,ERR,ERR,ERR,ERR,ERR,ERR,ERR,ERR,ERR,ERR,ERR,ERR,ERR,ERR,ERR,ERR,ERR,ERR,ERR,ERR,ERR,ERR,ERR,ERR,ERR,ERR,ERR,ERR,ERR,ERR,ERR,ERR,ERR,ERR,ERR,ERR,ERR,ERR,ERR,ERR,ERR,ERR,ERR,ERR,ERR,ERR,ERR,ERR,ERR,ERR,ERR,34.0,80.0,35,0.0,0.0,0.0,0.0,0.0,0.0,0.0,0.0,0.0,0.0,0.0,0.0,0.0,0.0,0.0,0.0,66.0,0,120,58,54,65476,0,300,0,0,8,20529,65476,0,0,57672,80.0,0.0,0.0,0.0,0.0,0.0
2026-06-18T02:12:51,ERR,ERR,ERR,ERR,ERR,ERR,ERR,ERR,ERR,ERR,ERR,ERR,ERR,ERR,ERR,ERR,ERR,ERR,ERR,ERR,ERR,ERR,ERR,ERR,ERR,ERR,ERR,ERR,ERR,ERR,ERR,ERR,ERR,ERR,ERR,ERR,ERR,ERR,ERR,ERR,ERR,ERR,ERR,ERR,ERR,ERR,ERR,ERR,ERR,ERR,ERR,ERR,ERR,ERR,ERR,ERR,ERR,ERR,ERR,ERR,ERR,ERR,ERR,ERR,ERR,ERR,ERR,ERR,ERR,ERR,ERR,ERR,ERR,ERR,ERR,ERR,ERR,ERR,ERR,ERR,ERR,ERR,ERR,ERR,ERR,ERR,ERR,ERR,ERR,ERR,ERR,ERR,ERR,ERR,ERR,ERR,ERR,ERR,ERR,ERR,ERR,ERR,ERR,ERR,ERR,ERR,ERR,ERR,ERR,ERR,ERR,ERR,ERR,ERR,ERR,ERR,ERR,ERR,ERR,ERR,ERR,ERR,ERR,ERR,ERR,-0.0,-107615392.0,-134999232.0,-4.9501291711397626e+32,0.0,1.3936040501711995e+18,7.805,51974472.0,0,0,4,48899,6720,14723890282496.0,100,0.0,0.0,0.0,0.0,0.0,0,0,0,0,0.0,0,0,0,0,0,0,0,0,0,0,0,0,0,0,0,0,0,0,0,0,0,0,0,0,0,0,0,0,0,0,0,0,0,26,51,50,76,65476,0,300,0,0,8,21553,0.0,-107605600.0,0.0,0.0,0.0,0.0,0.0,0.0,0.0,0.0,0.0,0.0,0.0,0.0,0.0,0.0,0.0,0.0,0.0,0.0,0.0,0.0,0.0,-2.004,2.004,-2.004,0.0,0.0,0.0,0.0,4739.0,0.0,7299.0,-0.0,-107615392.0,0.0,2.7184312818759872e+23,0.0,0.0,0.0,0.0,77,-0.0,-0.0,0.0,0.0,0.0,0.0,0.0,0.0,0.0,0,0,0,0.0,0.0,0.0,0.0,0.0,0.0,0.0,0.0,0.0,0.0,0.0,0.0,0.0,0.0,0.0,0.0,0,-107875648.0,77,0.0,154,0.0,0.0,ERR,ERR,ERR,ERR,ERR,ERR,ERR,ERR,ERR,ERR,ERR,ERR,ERR,ERR,ERR,ERR,ERR,ERR,ERR,ERR,ERR,ERR,ERR,ERR,ERR,ERR,ERR,ERR,ERR,ERR,ERR,ERR,ERR,ERR,ERR,ERR,ERR,ERR,ERR,ERR,ERR,ERR,ERR,ERR,ERR,ERR,ERR,ERR,ERR,ERR,ERR,ERR,ERR,ERR,ERR,ERR,ERR,ERR,ERR,ERR,ERR,ERR,ERR,ERR,ERR,ERR,ERR,34.0,80.0,35,0.0,0.0,0.0,0.0,0.0,0.0,0.0,0.0,0.0,0.0,0.0,0.0,0.0,0.0,0.0,0.0,66.0,0,120,58,54,65476,0,300,0,0,8,20529,65476,0,0,57672,80.0,0.0,0.0,0.0,0.0,0.0
2026-06-18T02:12:52,ERR,ERR,ERR,ERR,ERR,ERR,ERR,ERR,ERR,ERR,ERR,ERR,ERR,ERR,ERR,ERR,ERR,ERR,ERR,ERR,ERR,ERR,ERR,ERR,ERR,ERR,ERR,ERR,ERR,ERR,ERR,ERR,ERR,ERR,ERR,ERR,ERR,ERR,ERR,ERR,ERR,ERR,ERR,ERR,ERR,ERR,ERR,ERR,ERR,ERR,ERR,ERR,ERR,ERR,ERR,ERR,ERR,ERR,ERR,ERR,ERR,ERR,ERR,ERR,ERR,ERR,ERR,ERR,ERR,ERR,ERR,ERR,ERR,ERR,ERR,ERR,ERR,ERR,ERR,ERR,ERR,ERR,ERR,ERR,ERR,ERR,ERR,ERR,ERR,ERR,ERR,ERR,ERR,ERR,ERR,ERR,ERR,ERR,ERR,ERR,ERR,ERR,ERR,ERR,ERR,ERR,ERR,ERR,ERR,ERR,ERR,ERR,ERR,ERR,ERR,ERR,ERR,ERR,ERR,ERR,ERR,ERR,ERR,ERR,ERR,-0.0,-107615392.0,-134999232.0,-4.9501291711397626e+32,0.0,1.3936040501711995e+18,7.805,51974472.0,0,0,4,48899,6720,14723890282496.0,100,0.0,0.0,0.0,0.0,0.0,0,0,0,0,0.0,0,0,0,0,0,0,0,0,0,0,0,0,0,0,0,0,0,0,0,0,0,0,0,0,0,0,0,0,0,0,0,0,0,26,51,50,76,65476,0,300,0,0,8,21553,0.0,-107605600.0,0.0,0.0,0.0,0.0,0.0,0.0,0.0,0.0,0.0,0.0,0.0,0.0,0.0,0.0,0.0,0.0,0.0,0.0,0.0,0.0,0.0,-2.004,2.004,-2.004,0.0,0.0,0.0,0.0,4739.0,0.0,7299.0,-0.0,-107615392.0,0.0,2.7184312818759872e+23,0.0,0.0,0.0,0.0,77,-0.0,-0.0,0.0,0.0,0.0,0.0,0.0,0.0,0.0,0,0,0,0.0,0.0,0.0,0.0,0.0,0.0,0.0,0.0,0.0,0.0,0.0,0.0,0.0,0.0,0.0,0.0,0,-107875648.0,77,0.0,154,0.0,0.0,ERR,ERR,ERR,ERR,ERR,ERR,ERR,ERR,ERR,ERR,ERR,ERR,ERR,ERR,ERR,ERR,ERR,ERR,ERR,ERR,ERR,ERR,ERR,ERR,ERR,ERR,ERR,ERR,ERR,ERR,ERR,ERR,ERR,ERR,ERR,ERR,ERR,ERR,ERR,ERR,ERR,ERR,ERR,ERR,ERR,ERR,ERR,ERR,ERR,ERR,ERR,ERR,ERR,ERR,ERR,ERR,ERR,ERR,ERR,ERR,ERR,ERR,ERR,ERR,ERR,ERR,ERR,34.0,80.0,35,0.0,0.0,0.0,0.0,0.0,0.0,0.0,0.0,0.0,0.0,0.0,0.0,0.0,0.0,0.0,0.0,66.0,0,120,58,54,65476,0,300,0,0,8,20529,65476,0,0,57672,80.0,0.0,0.0,0.0,0.0,0.0
2026-06-18T02:12:53,ERR,ERR,ERR,ERR,ERR,ERR,ERR,ERR,ERR,ERR,ERR,ERR,ERR,ERR,ERR,ERR,ERR,ERR,ERR,ERR,ERR,ERR,ERR,ERR,ERR,ERR,ERR,ERR,ERR,ERR,ERR,ERR,ERR,ERR,ERR,ERR,ERR,ERR,ERR,ERR,ERR,ERR,ERR,ERR,ERR,ERR,ERR,ERR,ERR,ERR,ERR,ERR,ERR,ERR,ERR,ERR,ERR,ERR,ERR,ERR,ERR,ERR,ERR,ERR,ERR,ERR,ERR,ERR,ERR,ERR,ERR,ERR,ERR,ERR,ERR,ERR,ERR,ERR,ERR,ERR,ERR,ERR,ERR,ERR,ERR,ERR,ERR,ERR,ERR,ERR,ERR,ERR,ERR,ERR,ERR,ERR,ERR,ERR,ERR,ERR,ERR,ERR,ERR,ERR,ERR,ERR,ERR,ERR,ERR,ERR,ERR,ERR,ERR,ERR,ERR,ERR,ERR,ERR,ERR,ERR,ERR,ERR,ERR,ERR,ERR,-0.0,-107615392.0,-134999232.0,-4.9501291711397626e+32,0.0,1.3936040501711995e+18,7.805,51974472.0,0,0,4,48899,6720,14723890282496.0,100,0.0,0.0,0.0,0.0,0.0,0,0,0,0,0.0,0,0,0,0,0,0,0,0,0,0,0,0,0,0,0,0,0,0,0,0,0,0,0,0,0,0,0,0,0,0,0,0,0,26,51,50,76,65476,0,300,0,0,8,21553,0.0,-107605600.0,0.0,0.0,0.0,0.0,0.0,0.0,0.0,0.0,0.0,0.0,0.0,0.0,0.0,0.0,0.0,0.0,0.0,0.0,0.0,0.0,0.0,-2.004,2.004,-2.004,0.0,0.0,0.0,0.0,4739.0,0.0,7299.0,-0.0,-107615392.0,0.0,2.7184312818759872e+23,0.0,0.0,0.0,0.0,77,-0.0,-0.0,0.0,0.0,0.0,0.0,0.0,0.0,0.0,0,0,0,0.0,0.0,0.0,0.0,0.0,0.0,0.0,0.0,0.0,0.0,0.0,0.0,0.0,0.0,0.0,0.0,0,-107875648.0,77,0.0,154,0.0,0.0,ERR,ERR,ERR,ERR,ERR,ERR,ERR,ERR,ERR,ERR,ERR,ERR,ERR,ERR,ERR,ERR,ERR,ERR,ERR,ERR,ERR,ERR,ERR,ERR,ERR,ERR,ERR,ERR,ERR,ERR,ERR,ERR,ERR,ERR,ERR,ERR,ERR,ERR,ERR,ERR,ERR,ERR,ERR,ERR,ERR,ERR,ERR,ERR,ERR,ERR,ERR,ERR,ERR,ERR,ERR,ERR,ERR,ERR,ERR,ERR,ERR,ERR,ERR,ERR,ERR,ERR,ERR,34.0,80.0,35,0.0,0.0,0.0,0.0,0.0,0.0,0.0,0.0,0.0,0.0,0.0,0.0,0.0,0.0,0.0,0.0,66.0,0,120,58,54,65476,0,300,0,0,8,20529,65476,0,0,57672,80.0,0.0,0.0,0.0,0.0,0.0
2026-06-18T02:12:54,ERR,ERR,ERR,ERR,ERR,ERR,ERR,ERR,ERR,ERR,ERR,ERR,ERR,ERR,ERR,ERR,ERR,ERR,ERR,ERR,ERR,ERR,ERR,ERR,ERR,ERR,ERR,ERR,ERR,ERR,ERR,ERR,ERR,ERR,ERR,ERR,ERR,ERR,ERR,ERR,ERR,ERR,ERR,ERR,ERR,ERR,ERR,ERR,ERR,ERR,ERR,ERR,ERR,ERR,ERR,ERR,ERR,ERR,ERR,ERR,ERR,ERR,ERR,ERR,ERR,ERR,ERR,ERR,ERR,ERR,ERR,ERR,ERR,ERR,ERR,ERR,ERR,ERR,ERR,ERR,ERR,ERR,ERR,ERR,ERR,ERR,ERR,ERR,ERR,ERR,ERR,ERR,ERR,ERR,ERR,ERR,ERR,ERR,ERR,ERR,ERR,ERR,ERR,ERR,ERR,ERR,ERR,ERR,ERR,ERR,ERR,ERR,ERR,ERR,ERR,ERR,ERR,ERR,ERR,ERR,ERR,ERR,ERR,ERR,ERR,-0.0,-107615392.0,-134999232.0,0.059,0.0,1.3936040501711995e+18,7.805,234.267,0,0,4,48898,6720,14723890282496.0,100,0.0,0.0,0.0,0.059,0.0,0,0,0,0,0.0,0,0,0,0,0,0,0,0,0,0,0,0,0,0,0,0,0,0,0,0,0,0,0,0,0,0,0,0,0,0,0,0,0,26,51,50,76,65476,0,300,0,0,8,21553,0.0,-107605600.0,0.0,0.0,0.0,0.0,0.0,0.0,0.0,0.0,0.0,0.0,0.0,0.0,0.0,0.0,0.0,0.0,0.0,0.0,0.0,0.0,0.0,0.0,2.004,-2.004,0.0,0.0,0.0,0.0,4737.0,0.0,7299.0,-0.0,-107615392.0,0.0,2.7184312818759872e+23,0.0,0.0,0.0,0.0,77,-0.0,-0.0,0.0,0.0,0.0,0.0,0.0,0.0,0.0,0,0,0,0.0,0.0,0.0,0.0,0.0,0.0,0.0,0.0,0.0,0.0,0.0,0.0,0.0,0.0,0.0,0.0,0,-107875648.0,77,0.0,154,0.0,0.0,ERR,ERR,ERR,ERR,ERR,ERR,ERR,ERR,ERR,ERR,ERR,ERR,ERR,ERR,ERR,ERR,ERR,ERR,ERR,ERR,ERR,ERR,ERR,ERR,ERR,ERR,ERR,ERR,ERR,ERR,ERR,ERR,ERR,ERR,ERR,ERR,ERR,ERR,ERR,ERR,ERR,ERR,ERR,ERR,ERR,ERR,ERR,ERR,ERR,ERR,ERR,ERR,ERR,ERR,ERR,ERR,ERR,ERR,ERR,ERR,ERR,ERR,ERR,ERR,ERR,ERR,ERR,34.0,80.0,35,0.0,0.0,0.0,0.0,0.0,0.0,0.0,0.0,0.0,0.0,0.0,0.0,0.0,0.0,0.0,0.0,66.0,0,120,58,54,65476,0,300,0,0,8,20529,65476,0,0,57672,80.0,0.0,0.0,0.0,0.0,0.0
2026-06-18T02:12:55,ERR,ERR,ERR,ERR,ERR,ERR,ERR,ERR,ERR,ERR,ERR,ERR,ERR,ERR,ERR,ERR,ERR,ERR,ERR,ERR,ERR,ERR,ERR,ERR,ERR,ERR,ERR,ERR,ERR,ERR,ERR,ERR,ERR,ERR,ERR,ERR,ERR,ERR,ERR,ERR,ERR,ERR,ERR,ERR,ERR,ERR,ERR,ERR,ERR,ERR,ERR,ERR,ERR,ERR,ERR,ERR,ERR,ERR,ERR,ERR,ERR,ERR,ERR,ERR,ERR,ERR,ERR,ERR,ERR,ERR,ERR,ERR,ERR,ERR,ERR,ERR,ERR,ERR,ERR,ERR,ERR,ERR,ERR,ERR,ERR,ERR,ERR,ERR,ERR,ERR,ERR,ERR,ERR,ERR,ERR,ERR,ERR,ERR,ERR,ERR,ERR,ERR,ERR,ERR,ERR,ERR,ERR,ERR,ERR,ERR,ERR,ERR,ERR,ERR,ERR,ERR,ERR,ERR,ERR,ERR,ERR,ERR,ERR,ERR,ERR,-0.0,-107615392.0,-134999232.0,0.059,0.0,1.3936040501711995e+18,7.805,234.267,0,0,4,48898,6720,14723890282496.0,100,0.0,0.0,0.0,0.059,0.0,0,0,0,0,0.0,0,0,0,0,0,0,0,0,0,0,0,0,0,0,0,0,0,0,0,0,0,0,0,0,0,0,0,0,0,0,0,0,0,26,51,50,76,65476,0,300,0,0,8,21553,0.0,-107605600.0,0.0,0.0,0.0,0.0,0.0,0.0,0.0,0.0,0.0,0.0,0.0,0.0,0.0,0.0,0.0,0.0,0.0,0.0,0.0,0.0,0.0,0.0,2.004,-2.004,0.0,0.0,0.0,0.0,4737.0,0.0,7299.0,-0.0,-107615392.0,0.0,2.7184312818759872e+23,0.0,0.0,0.0,0.0,77,-0.0,-0.0,0.0,0.0,0.0,0.0,0.0,0.0,0.0,0,0,0,0.0,0.0,0.0,0.0,0.0,0.0,0.0,0.0,0.0,0.0,0.0,0.0,0.0,0.0,0.0,0.0,0,-107875648.0,77,0.0,154,0.0,0.0,ERR,ERR,ERR,ERR,ERR,ERR,ERR,ERR,ERR,ERR,ERR,ERR,ERR,ERR,ERR,ERR,ERR,ERR,ERR,ERR,ERR,ERR,ERR,ERR,ERR,ERR,ERR,ERR,ERR,ERR,ERR,ERR,ERR,ERR,ERR,ERR,ERR,ERR,ERR,ERR,ERR,ERR,ERR,ERR,ERR,ERR,ERR,ERR,ERR,ERR,ERR,ERR,ERR,ERR,ERR,ERR,ERR,ERR,ERR,ERR,ERR,ERR,ERR,ERR,ERR,ERR,ERR,34.0,80.0,35,0.0,0.0,0.0,0.0,0.0,0.0,0.0,0.0,0.0,0.0,0.0,0.0,0.0,0.0,0.0,0.0,66.0,0,120,58,54,65476,0,300,0,0,8,20529,65476,0,0,57672,80.0,0.0,0.0,0.0,0.0,0.0
2026-06-18T02:12:56,ERR,ERR,ERR,ERR,ERR,ERR,ERR,ERR,ERR,ERR,ERR,ERR,ERR,ERR,ERR,ERR,ERR,ERR,ERR,ERR,ERR,ERR,ERR,ERR,ERR,ERR,ERR,ERR,ERR,ERR,ERR,ERR,ERR,ERR,ERR,ERR,ERR,ERR,ERR,ERR,ERR,ERR,ERR,ERR,ERR,ERR,ERR,ERR,ERR,ERR,ERR,ERR,ERR,ERR,ERR,ERR,ERR,ERR,ERR,ERR,ERR,ERR,ERR,ERR,ERR,ERR,ERR,ERR,ERR,ERR,ERR,ERR,ERR,ERR,ERR,ERR,ERR,ERR,ERR,ERR,ERR,ERR,ERR,ERR,ERR,ERR,ERR,ERR,ERR,ERR,ERR,ERR,ERR,ERR,ERR,ERR,ERR,ERR,ERR,ERR,ERR,ERR,ERR,ERR,ERR,ERR,ERR,ERR,ERR,ERR,ERR,ERR,ERR,ERR,ERR,ERR,ERR,ERR,ERR,ERR,ERR,ERR,ERR,ERR,ERR,-0.0,-107615392.0,-134999232.0,0.059,0.0,1.3936040501711995e+18,7.805,234.267,0,0,4,48898,6720,14723890282496.0,100,0.0,0.0,0.0,0.059,0.0,0,0,0,0,0.0,0,0,0,0,0,0,0,0,0,0,0,0,0,0,0,0,0,0,0,0,0,0,0,0,0,0,0,0,0,0,0,0,0,26,51,50,76,65476,0,300,0,0,8,21553,0.0,-107605600.0,0.0,0.0,0.0,0.0,0.0,0.0,0.0,0.0,0.0,0.0,0.0,0.0,0.0,0.0,0.0,0.0,0.0,0.0,0.0,0.0,0.0,0.0,2.004,-2.004,0.0,0.0,0.0,0.0,4737.0,0.0,7299.0,-0.0,-107615392.0,0.0,2.7184312818759872e+23,0.0,0.0,0.0,0.0,77,-0.0,-0.0,0.0,0.0,0.0,0.0,0.0,0.0,0.0,0,0,0,0.0,0.0,0.0,0.0,0.0,0.0,0.0,0.0,0.0,0.0,0.0,0.0,0.0,0.0,0.0,0.0,0,-107875648.0,77,0.0,154,0.0,0.0,ERR,ERR,ERR,ERR,ERR,ERR,ERR,ERR,ERR,ERR,ERR,ERR,ERR,ERR,ERR,ERR,ERR,ERR,ERR,ERR,ERR,ERR,ERR,ERR,ERR,ERR,ERR,ERR,ERR,ERR,ERR,ERR,ERR,ERR,ERR,ERR,ERR,ERR,ERR,ERR,ERR,ERR,ERR,ERR,ERR,ERR,ERR,ERR,ERR,ERR,ERR,ERR,ERR,ERR,ERR,ERR,ERR,ERR,ERR,ERR,ERR,ERR,ERR,ERR,ERR,ERR,ERR,34.0,80.0,35,0.0,0.0,0.0,0.0,0.0,0.0,0.0,0.0,0.0,0.0,0.0,0.0,0.0,0.0,0.0,0.0,66.4,0,120,58,54,65476,0,300,0,0,8,20529,65476,0,0,57672,80.0,0.0,0.0,0.0,0.0,0.0
2026-06-18T02:12:57,ERR,ERR,ERR,ERR,ERR,ERR,ERR,ERR,ERR,ERR,ERR,ERR,ERR,ERR,ERR,ERR,ERR,ERR,ERR,ERR,ERR,ERR,ERR,ERR,ERR,ERR,ERR,ERR,ERR,ERR,ERR,ERR,ERR,ERR,ERR,ERR,ERR,ERR,ERR,ERR,ERR,ERR,ERR,ERR,ERR,ERR,ERR,ERR,ERR,ERR,ERR,ERR,ERR,ERR,ERR,ERR,ERR,ERR,ERR,ERR,ERR,ERR,ERR,ERR,ERR,ERR,ERR,ERR,ERR,ERR,ERR,ERR,ERR,ERR,ERR,ERR,ERR,ERR,ERR,ERR,ERR,ERR,ERR,ERR,ERR,ERR,ERR,ERR,ERR,ERR,ERR,ERR,ERR,ERR,ERR,ERR,ERR,ERR,ERR,ERR,ERR,ERR,ERR,ERR,ERR,ERR,ERR,ERR,ERR,ERR,ERR,ERR,ERR,ERR,ERR,ERR,ERR,ERR,ERR,ERR,ERR,ERR,ERR,ERR,ERR,-0.0,-107615392.0,-134999232.0,0.059,0.0,1.3936040501711995e+18,7.805,234.267,0,0,4,48898,6720,14723890282496.0,100,0.0,0.0,0.0,0.059,0.0,0,0,0,0,0.0,0,0,0,0,0,0,0,0,0,0,0,0,0,0,0,0,0,0,0,0,0,0,0,0,0,0,0,0,0,0,0,0,0,26,51,50,76,65476,0,300,0,0,8,21553,0.0,-107605600.0,0.0,0.0,0.0,0.0,0.0,0.0,0.0,0.0,0.0,0.0,0.0,0.0,0.0,0.0,0.0,0.0,0.0,0.0,0.0,0.0,0.0,0.0,2.004,-2.004,0.0,0.0,0.0,0.0,4737.0,0.0,7299.0,-0.0,-107615392.0,0.0,2.7184312818759872e+23,0.0,0.0,0.0,0.0,77,-0.0,-0.0,0.0,0.0,0.0,0.0,0.0,0.0,0.0,0,0,0,0.0,0.0,0.0,0.0,0.0,0.0,0.0,0.0,0.0,0.0,0.0,0.0,0.0,0.0,0.0,0.0,0,-107875648.0,77,0.0,154,0.0,0.0,ERR,ERR,ERR,ERR,ERR,ERR,ERR,ERR,ERR,ERR,ERR,ERR,ERR,ERR,ERR,ERR,ERR,ERR,ERR,ERR,ERR,ERR,ERR,ERR,ERR,ERR,ERR,ERR,ERR,ERR,ERR,ERR,ERR,ERR,ERR,ERR,ERR,ERR,ERR,ERR,ERR,ERR,ERR,ERR,ERR,ERR,ERR,ERR,ERR,ERR,ERR,ERR,ERR,ERR,ERR,ERR,ERR,ERR,ERR,ERR,ERR,ERR,ERR,ERR,ERR,ERR,ERR,34.0,80.0,35,0.0,0.0,0.0,0.0,0.0,0.0,0.0,0.0,0.0,0.0,0.0,0.0,0.0,0.0,0.0,0.0,66.4,0,120,58,54,65476,0,300,0,0,8,20529,65476,0,0,57672,80.0,0.0,0.0,0.0,0.0,0.0
2026-06-18T02:12:58,ERR,ERR,ERR,ERR,ERR,ERR,ERR,ERR,ERR,ERR,ERR,ERR,ERR,ERR,ERR,ERR,ERR,ERR,ERR,ERR,ERR,ERR,ERR,ERR,ERR,ERR,ERR,ERR,ERR,ERR,ERR,ERR,ERR,ERR,ERR,ERR,ERR,ERR,ERR,ERR,ERR,ERR,ERR,ERR,ERR,ERR,ERR,ERR,ERR,ERR,ERR,ERR,ERR,ERR,ERR,ERR,ERR,ERR,ERR,ERR,ERR,ERR,ERR,ERR,ERR,ERR,ERR,ERR,ERR,ERR,ERR,ERR,ERR,ERR,ERR,ERR,ERR,ERR,ERR,ERR,ERR,ERR,ERR,ERR,ERR,ERR,ERR,ERR,ERR,ERR,ERR,ERR,ERR,ERR,ERR,ERR,ERR,ERR,ERR,ERR,ERR,ERR,ERR,ERR,ERR,ERR,ERR,ERR,ERR,ERR,ERR,ERR,ERR,ERR,ERR,ERR,ERR,ERR,ERR,ERR,ERR,ERR,ERR,ERR,ERR,-0.0,-107615392.0,-134999232.0,0.059,0.0,1.3936040501711995e+18,7.805,234.267,0,0,4,48898,6720,14723890282496.0,100,0.0,0.0,0.0,0.059,0.0,0,0,0,0,0.0,0,0,0,0,0,0,0,0,0,0,0,0,0,0,0,0,0,0,0,0,0,0,0,0,0,0,0,0,0,0,0,0,0,26,51,50,76,65476,0,300,0,0,8,21553,0.0,-107605600.0,0.0,0.0,0.0,0.0,0.0,0.0,0.0,0.0,0.0,0.0,0.0,0.0,0.0,0.0,0.0,0.0,0.0,0.0,0.0,0.0,0.0,0.0,2.004,-2.004,0.0,0.0,0.0,0.0,4737.0,0.0,7299.0,-0.0,-107615392.0,0.0,2.7184312818759872e+23,0.0,0.0,0.0,0.0,77,-0.0,-0.0,0.0,0.0,0.0,0.0,0.0,0.0,0.0,0,0,0,0.0,0.0,0.0,0.0,0.0,0.0,0.0,0.0,0.0,0.0,0.0,0.0,0.0,0.0,0.0,0.0,0,-107875648.0,77,0.0,154,0.0,0.0,ERR,ERR,ERR,ERR,ERR,ERR,ERR,ERR,ERR,ERR,ERR,ERR,ERR,ERR,ERR,ERR,ERR,ERR,ERR,ERR,ERR,ERR,ERR,ERR,ERR,ERR,ERR,ERR,ERR,ERR,ERR,ERR,ERR,ERR,ERR,ERR,ERR,ERR,ERR,ERR,ERR,ERR,ERR,ERR,ERR,ERR,ERR,ERR,ERR,ERR,ERR,ERR,ERR,ERR,ERR,ERR,ERR,ERR,ERR,ERR,ERR,ERR,ERR,ERR,ERR,ERR,ERR,34.0,80.0,35,0.0,0.0,0.0,0.0,0.0,0.0,0.0,0.0,0.0,0.0,0.0,0.0,0.0,0.0,0.0,0.0,66.0,0,120,58,54,65476,0,300,0,0,8,20529,65476,0,0,57672,80.0,0.0,0.0,0.0,0.0,0.0
2026-06-18T02:12:59,ERR,ERR,ERR,ERR,ERR,ERR,ERR,ERR,ERR,ERR,ERR,ERR,ERR,ERR,ERR,ERR,ERR,ERR,ERR,ERR,ERR,ERR,ERR,ERR,ERR,ERR,ERR,ERR,ERR,ERR,ERR,ERR,ERR,ERR,ERR,ERR,ERR,ERR,ERR,ERR,ERR,ERR,ERR,ERR,ERR,ERR,ERR,ERR,ERR,ERR,ERR,ERR,ERR,ERR,ERR,ERR,ERR,ERR,ERR,ERR,ERR,ERR,ERR,ERR,ERR,ERR,ERR,ERR,ERR,ERR,ERR,ERR,ERR,ERR,ERR,ERR,ERR,ERR,ERR,ERR,ERR,ERR,ERR,ERR,ERR,ERR,ERR,ERR,ERR,ERR,ERR,ERR,ERR,ERR,ERR,ERR,ERR,ERR,ERR,ERR,ERR,ERR,ERR,ERR,ERR,ERR,ERR,ERR,ERR,ERR,ERR,ERR,ERR,ERR,ERR,ERR,ERR,ERR,ERR,ERR,ERR,ERR,ERR,ERR,ERR,-0.0,-107615392.0,-134999232.0,-152005385388032.0,0.0,1.3936040501711995e+18,7.805,1.1096074633774859e+29,0,0,4,48898,6720,14723890282496.0,100,0.0,0.0,0.0,-0.0,0.0,0,0,0,0,0.0,0,0,0,0,0,0,0,0,0,0,0,0,0,0,0,0,0,0,0,0,0,0,0,0,0,0,0,0,0,0,0,0,0,26,51,50,76,65476,0,300,0,0,8,21553,0.0,-107605600.0,0.0,0.0,0.0,0.0,0.0,0.0,0.0,0.0,0.0,0.0,0.0,0.0,0.0,0.0,0.0,0.0,0.0,0.0,0.0,0.0,0.0,0.0,2.004,-2.004,0.0,0.0,0.0,0.0,4738.0,0.0,7299.0,-0.0,-107615392.0,0.0,2.7184312818759872e+23,0.0,0.0,0.0,0.0,77,-0.0,-0.0,0.0,0.0,0.0,0.0,0.0,0.0,0.0,0,0,0,0.0,0.0,0.0,0.0,0.0,0.0,0.0,0.0,0.0,0.0,0.0,0.0,0.0,0.0,0.0,0.0,0,-107875648.0,77,0.0,154,0.0,0.0,ERR,ERR,ERR,ERR,ERR,ERR,ERR,ERR,ERR,ERR,ERR,ERR,ERR,ERR,ERR,ERR,ERR,ERR,ERR,ERR,ERR,ERR,ERR,ERR,ERR,ERR,ERR,ERR,ERR,ERR,ERR,ERR,ERR,ERR,ERR,ERR,ERR,ERR,ERR,ERR,ERR,ERR,ERR,ERR,ERR,ERR,ERR,ERR,ERR,ERR,ERR,ERR,ERR,ERR,ERR,ERR,ERR,ERR,ERR,ERR,ERR,ERR,ERR,ERR,ERR,ERR,ERR,34.0,80.0,35,0.0,0.0,0.0,0.0,0.0,0.0,0.0,0.0,0.0,0.0,0.0,0.0,0.0,0.0,0.0,0.0,66.0,0,120,58,54,65476,0,300,0,0,8,20529,65476,0,0,57672,80.0,0.0,0.0,0.0,0.0,0.0
2026-06-18T02:13:00,ERR,ERR,ERR,ERR,ERR,ERR,ERR,ERR,ERR,ERR,ERR,ERR,ERR,ERR,ERR,ERR,ERR,ERR,ERR,ERR,ERR,ERR,ERR,ERR,ERR,ERR,ERR,ERR,ERR,ERR,ERR,ERR,ERR,ERR,ERR,ERR,ERR,ERR,ERR,ERR,ERR,ERR,ERR,ERR,ERR,ERR,ERR,ERR,ERR,ERR,ERR,ERR,ERR,ERR,ERR,ERR,ERR,ERR,ERR,ERR,ERR,ERR,ERR,ERR,ERR,ERR,ERR,ERR,ERR,ERR,ERR,ERR,ERR,ERR,ERR,ERR,ERR,ERR,ERR,ERR,ERR,ERR,ERR,ERR,ERR,ERR,ERR,ERR,ERR,ERR,ERR,ERR,ERR,ERR,ERR,ERR,ERR,ERR,ERR,ERR,ERR,ERR,ERR,ERR,ERR,ERR,ERR,ERR,ERR,ERR,ERR,ERR,ERR,ERR,ERR,ERR,ERR,ERR,ERR,ERR,ERR,ERR,ERR,ERR,ERR,-0.0,-107615392.0,-134999232.0,-152005385388032.0,0.0,1.3936040501711995e+18,7.805,1.1096074633774859e+29,0,0,4,48898,6720,14723890282496.0,100,0.0,0.0,0.0,-0.0,0.0,0,0,0,0,0.0,0,0,0,0,0,0,0,0,0,0,0,0,0,0,0,0,0,0,0,0,0,0,0,0,0,0,0,0,0,0,0,0,0,26,51,50,76,65476,0,300,0,0,8,21553,0.0,-107605600.0,0.0,0.0,0.0,0.0,0.0,0.0,0.0,0.0,0.0,0.0,0.0,0.0,0.0,0.0,0.0,0.0,0.0,0.0,0.0,0.0,0.0,0.0,2.004,-2.004,0.0,0.0,0.0,0.0,4738.0,0.0,7299.0,-0.0,-107615392.0,0.0,2.7184312818759872e+23,0.0,0.0,0.0,0.0,77,-0.0,-0.0,0.0,0.0,0.0,0.0,0.0,0.0,0.0,0,0,0,0.0,0.0,0.0,0.0,0.0,0.0,0.0,0.0,0.0,0.0,0.0,0.0,0.0,0.0,0.0,0.0,0,-107875648.0,77,0.0,154,0.0,0.0,ERR,ERR,ERR,ERR,ERR,ERR,ERR,ERR,ERR,ERR,ERR,ERR,ERR,ERR,ERR,ERR,ERR,ERR,ERR,ERR,ERR,ERR,ERR,ERR,ERR,ERR,ERR,ERR,ERR,ERR,ERR,ERR,ERR,ERR,ERR,ERR,ERR,ERR,ERR,ERR,ERR,ERR,ERR,ERR,ERR,ERR,ERR,ERR,ERR,ERR,ERR,ERR,ERR,ERR,ERR,ERR,ERR,ERR,ERR,ERR,ERR,ERR,ERR,ERR,ERR,ERR,ERR,34.0,80.0,35,0.0,0.0,0.0,0.0,0.0,0.0,0.0,0.0,0.0,0.0,0.0,0.0,0.0,0.0,0.0,0.0,66.0,0,120,58,54,65476,0,300,0,0,8,20529,65476,0,0,57672,80.0,0.0,0.0,0.0,0.0,0.0
2026-06-18T02:13:01,ERR,ERR,ERR,ERR,ERR,ERR,ERR,ERR,ERR,ERR,ERR,ERR,ERR,ERR,ERR,ERR,ERR,ERR,ERR,ERR,ERR,ERR,ERR,ERR,ERR,ERR,ERR,ERR,ERR,ERR,ERR,ERR,ERR,ERR,ERR,ERR,ERR,ERR,ERR,ERR,ERR,ERR,ERR,ERR,ERR,ERR,ERR,ERR,ERR,ERR,ERR,ERR,ERR,ERR,ERR,ERR,ERR,ERR,ERR,ERR,ERR,ERR,ERR,ERR,ERR,ERR,ERR,ERR,ERR,ERR,ERR,ERR,ERR,ERR,ERR,ERR,ERR,ERR,ERR,ERR,ERR,ERR,ERR,ERR,ERR,ERR,ERR,ERR,ERR,ERR,ERR,ERR,ERR,ERR,ERR,ERR,ERR,ERR,ERR,ERR,ERR,ERR,ERR,ERR,ERR,ERR,ERR,ERR,ERR,ERR,ERR,ERR,ERR,ERR,ERR,ERR,ERR,ERR,ERR,ERR,ERR,ERR,ERR,ERR,ERR,-0.0,-107615392.0,-134999232.0,-152005385388032.0,0.0,1.3936040501711995e+18,7.805,1.1096074633774859e+29,0,0,4,48898,6720,14723890282496.0,100,0.0,0.0,0.0,-0.0,0.0,0,0,0,0,0.0,0,0,0,0,0,0,0,0,0,0,0,0,0,0,0,0,0,0,0,0,0,0,0,0,0,0,0,0,0,0,0,0,0,26,51,50,76,65476,0,300,0,0,8,21553,0.0,-107605600.0,0.0,0.0,0.0,0.0,0.0,0.0,0.0,0.0,0.0,0.0,0.0,0.0,0.0,0.0,0.0,0.0,0.0,0.0,0.0,0.0,0.0,0.0,2.004,-2.004,0.0,0.0,0.0,0.0,4738.0,0.0,7299.0,-0.0,-107615392.0,0.0,2.7184312818759872e+23,0.0,0.0,0.0,0.0,77,-0.0,-0.0,0.0,0.0,0.0,0.0,0.0,0.0,0.0,0,0,0,0.0,0.0,0.0,0.0,0.0,0.0,0.0,0.0,0.0,0.0,0.0,0.0,0.0,0.0,0.0,0.0,0,-107875648.0,77,0.0,154,0.0,0.0,ERR,ERR,ERR,ERR,ERR,ERR,ERR,ERR,ERR,ERR,ERR,ERR,ERR,ERR,ERR,ERR,ERR,ERR,ERR,ERR,ERR,ERR,ERR,ERR,ERR,ERR,ERR,ERR,ERR,ERR,ERR,ERR,ERR,ERR,ERR,ERR,ERR,ERR,ERR,ERR,ERR,ERR,ERR,ERR,ERR,ERR,ERR,ERR,ERR,ERR,ERR,ERR,ERR,ERR,ERR,ERR,ERR,ERR,ERR,ERR,ERR,ERR,ERR,ERR,ERR,ERR,ERR,34.0,80.0,35,0.0,0.0,0.0,0.0,0.0,0.0,0.0,0.0,0.0,0.0,0.0,0.0,0.0,0.0,0.0,0.0,66.0,0,120,58,54,65476,0,300,0,0,8,20529,65476,0,0,57672,80.0,0.0,0.0,0.0,0.0,0.0
2026-06-18T02:13:02,ERR,ERR,ERR,ERR,ERR,ERR,ERR,ERR,ERR,ERR,ERR,ERR,ERR,ERR,ERR,ERR,ERR,ERR,ERR,ERR,ERR,ERR,ERR,ERR,ERR,ERR,ERR,ERR,ERR,ERR,ERR,ERR,ERR,ERR,ERR,ERR,ERR,ERR,ERR,ERR,ERR,ERR,ERR,ERR,ERR,ERR,ERR,ERR,ERR,ERR,ERR,ERR,ERR,ERR,ERR,ERR,ERR,ERR,ERR,ERR,ERR,ERR,ERR,ERR,ERR,ERR,ERR,ERR,ERR,ERR,ERR,ERR,ERR,ERR,ERR,ERR,ERR,ERR,ERR,ERR,ERR,ERR,ERR,ERR,ERR,ERR,ERR,ERR,ERR,ERR,ERR,ERR,ERR,ERR,ERR,ERR,ERR,ERR,ERR,ERR,ERR,ERR,ERR,ERR,ERR,ERR,ERR,ERR,ERR,ERR,ERR,ERR,ERR,ERR,ERR,ERR,ERR,ERR,ERR,ERR,ERR,ERR,ERR,ERR,ERR,-0.0,-107615392.0,-134999232.0,-152005385388032.0,0.0,1.3936040501711995e+18,7.805,1.1096074633774859e+29,0,0,4,48898,6720,14723890282496.0,100,0.0,0.0,0.0,-0.0,0.0,0,0,0,0,0.0,0,0,0,0,0,0,0,0,0,0,0,0,0,0,0,0,0,0,0,0,0,0,0,0,0,0,0,0,0,0,0,0,0,26,51,50,76,65476,0,300,0,0,8,21553,0.0,-107605600.0,0.0,0.0,0.0,0.0,0.0,0.0,0.0,0.0,0.0,0.0,0.0,0.0,0.0,0.0,0.0,0.0,0.0,0.0,0.0,0.0,0.0,0.0,2.004,-2.004,0.0,0.0,0.0,0.0,4738.0,0.0,7299.0,-0.0,-107615392.0,0.0,2.7184312818759872e+23,0.0,0.0,0.0,0.0,77,-0.0,-0.0,0.0,0.0,0.0,0.0,0.0,0.0,0.0,0,0,0,0.0,0.0,0.0,0.0,0.0,0.0,0.0,0.0,0.0,0.0,0.0,0.0,0.0,0.0,0.0,0.0,0,-107875648.0,77,0.0,154,0.0,0.0,ERR,ERR,ERR,ERR,ERR,ERR,ERR,ERR,ERR,ERR,ERR,ERR,ERR,ERR,ERR,ERR,ERR,ERR,ERR,ERR,ERR,ERR,ERR,ERR,ERR,ERR,ERR,ERR,ERR,ERR,ERR,ERR,ERR,ERR,ERR,ERR,ERR,ERR,ERR,ERR,ERR,ERR,ERR,ERR,ERR,ERR,ERR,ERR,ERR,ERR,ERR,ERR,ERR,ERR,ERR,ERR,ERR,ERR,ERR,ERR,ERR,ERR,ERR,ERR,ERR,ERR,ERR,34.0,80.0,35,0.0,0.0,0.0,0.0,0.0,0.0,0.0,0.0,0.0,0.0,0.0,0.0,0.0,0.0,0.0,0.0,66.4,0,120,58,54,65476,0,300,0,0,8,20529,65476,0,0,57672,80.0,0.0,0.0,0.0,0.0,0.0
2026-06-18T02:13:03,ERR,ERR,ERR,ERR,ERR,ERR,ERR,ERR,ERR,ERR,ERR,ERR,ERR,ERR,ERR,ERR,ERR,ERR,ERR,ERR,ERR,ERR,ERR,ERR,ERR,ERR,ERR,ERR,ERR,ERR,ERR,ERR,ERR,ERR,ERR,ERR,ERR,ERR,ERR,ERR,ERR,ERR,ERR,ERR,ERR,ERR,ERR,ERR,ERR,ERR,ERR,ERR,ERR,ERR,ERR,ERR,ERR,ERR,ERR,ERR,ERR,ERR,ERR,ERR,ERR,ERR,ERR,ERR,ERR,ERR,ERR,ERR,ERR,ERR,ERR,ERR,ERR,ERR,ERR,ERR,ERR,ERR,ERR,ERR,ERR,ERR,ERR,ERR,ERR,ERR,ERR,ERR,ERR,ERR,ERR,ERR,ERR,ERR,ERR,ERR,ERR,ERR,ERR,ERR,ERR,ERR,ERR,ERR,ERR,ERR,ERR,ERR,ERR,ERR,ERR,ERR,ERR,ERR,ERR,ERR,ERR,ERR,ERR,ERR,ERR,-0.0,-107615392.0,-134999232.0,-152005385388032.0,0.0,1.3936040501711995e+18,7.805,1.1096074633774859e+29,0,0,4,48898,6720,14723890282496.0,100,0.0,0.0,0.0,-0.0,0.0,0,0,0,0,0.0,0,0,0,0,0,0,0,0,0,0,0,0,0,0,0,0,0,0,0,0,0,0,0,0,0,0,0,0,0,0,0,0,0,26,51,50,76,65476,0,300,0,0,8,21553,0.0,-107605600.0,0.0,0.0,0.0,0.0,0.0,0.0,0.0,0.0,0.0,0.0,0.0,0.0,0.0,0.0,0.0,0.0,0.0,0.0,0.0,0.0,0.0,0.0,2.004,-2.004,0.0,0.0,0.0,0.0,4738.0,0.0,7299.0,-0.0,-107615392.0,0.0,2.7184312818759872e+23,0.0,0.0,0.0,0.0,77,-0.0,-0.0,0.0,0.0,0.0,0.0,0.0,0.0,0.0,0,0,0,0.0,0.0,0.0,0.0,0.0,0.0,0.0,0.0,0.0,0.0,0.0,0.0,0.0,0.0,0.0,0.0,0,-107875648.0,77,0.0,154,0.0,0.0,ERR,ERR,ERR,ERR,ERR,ERR,ERR,ERR,ERR,ERR,ERR,ERR,ERR,ERR,ERR,ERR,ERR,ERR,ERR,ERR,ERR,ERR,ERR,ERR,ERR,ERR,ERR,ERR,ERR,ERR,ERR,ERR,ERR,ERR,ERR,ERR,ERR,ERR,ERR,ERR,ERR,ERR,ERR,ERR,ERR,ERR,ERR,ERR,ERR,ERR,ERR,ERR,ERR,ERR,ERR,ERR,ERR,ERR,ERR,ERR,ERR,ERR,ERR,ERR,ERR,ERR,ERR,34.0,80.0,35,0.0,0.0,0.0,0.0,0.0,0.0,0.0,0.0,0.0,0.0,0.0,0.0,0.0,0.0,0.0,0.0,66.4,0,120,58,54,65476,0,300,0,0,8,20529,65476,0,0,57672,80.0,0.0,0.0,0.0,0.0,0.0
2026-06-18T02:13:04,ERR,ERR,ERR,ERR,ERR,ERR,ERR,ERR,ERR,ERR,ERR,ERR,ERR,ERR,ERR,ERR,ERR,ERR,ERR,ERR,ERR,ERR,ERR,ERR,ERR,ERR,ERR,ERR,ERR,ERR,ERR,ERR,ERR,ERR,ERR,ERR,ERR,ERR,ERR,ERR,ERR,ERR,ERR,ERR,ERR,ERR,ERR,ERR,ERR,ERR,ERR,ERR,ERR,ERR,ERR,ERR,ERR,ERR,ERR,ERR,ERR,ERR,ERR,ERR,ERR,ERR,ERR,ERR,ERR,ERR,ERR,ERR,ERR,ERR,ERR,ERR,ERR,ERR,ERR,ERR,ERR,ERR,ERR,ERR,ERR,ERR,ERR,ERR,ERR,ERR,ERR,ERR,ERR,ERR,ERR,ERR,ERR,ERR,ERR,ERR,ERR,ERR,ERR,ERR,ERR,ERR,ERR,ERR,ERR,ERR,ERR,ERR,ERR,ERR,ERR,ERR,ERR,ERR,ERR,ERR,ERR,ERR,ERR,ERR,ERR,-0.0,-107615392.0,-134999232.0,-152005385388032.0,0.0,1.3936040501711995e+18,7.805,1.1096074633774859e+29,0,0,4,48898,6720,14723890282496.0,100,0.0,0.0,0.0,-0.0,0.0,0,0,0,0,0.0,0,0,0,0,0,0,0,0,0,0,0,0,0,0,0,0,0,0,0,0,0,0,0,0,0,0,0,0,0,0,0,0,0,26,51,50,76,65476,0,300,0,0,8,21553,0.0,-107605600.0,0.0,0.0,0.0,0.0,0.0,0.0,0.0,0.0,0.0,0.0,0.0,0.0,0.0,0.0,0.0,0.0,0.0,0.0,0.0,0.0,0.0,0.0,2.004,-2.004,0.0,0.0,0.0,0.0,4738.0,0.0,7299.0,-0.0,-107615392.0,0.0,2.7184312818759872e+23,0.0,0.0,0.0,0.0,77,-0.0,-0.0,0.0,0.0,0.0,0.0,0.0,0.0,0.0,0,0,0,0.0,0.0,0.0,0.0,0.0,0.0,0.0,0.0,0.0,0.0,0.0,0.0,0.0,0.0,0.0,0.0,0,-107875648.0,77,0.0,154,0.0,0.0,ERR,ERR,ERR,ERR,ERR,ERR,ERR,ERR,ERR,ERR,ERR,ERR,ERR,ERR,ERR,ERR,ERR,ERR,ERR,ERR,ERR,ERR,ERR,ERR,ERR,ERR,ERR,ERR,ERR,ERR,ERR,ERR,ERR,ERR,ERR,ERR,ERR,ERR,ERR,ERR,ERR,ERR,ERR,ERR,ERR,ERR,ERR,ERR,ERR,ERR,ERR,ERR,ERR,ERR,ERR,ERR,ERR,ERR,ERR,ERR,ERR,ERR,ERR,ERR,ERR,ERR,ERR,34.0,80.0,35,0.0,0.0,0.0,0.0,0.0,0.0,0.0,0.0,0.0,0.0,0.0,0.0,0.0,0.0,0.0,0.0,66.4,0,120,58,54,65476,0,300,0,0,8,20529,65476,0,0,57672,80.0,0.0,0.0,0.0,0.0,0.0
2026-06-18T02:13:05,ERR,ERR,ERR,ERR,ERR,ERR,ERR,ERR,ERR,ERR,ERR,ERR,ERR,ERR,ERR,ERR,ERR,ERR,ERR,ERR,ERR,ERR,ERR,ERR,ERR,ERR,ERR,ERR,ERR,ERR,ERR,ERR,ERR,ERR,ERR,ERR,ERR,ERR,ERR,ERR,ERR,ERR,ERR,ERR,ERR,ERR,ERR,ERR,ERR,ERR,ERR,ERR,ERR,ERR,ERR,ERR,ERR,ERR,ERR,ERR,ERR,ERR,ERR,ERR,ERR,ERR,ERR,ERR,ERR,ERR,ERR,ERR,ERR,ERR,ERR,ERR,ERR,ERR,ERR,ERR,ERR,ERR,ERR,ERR,ERR,ERR,ERR,ERR,ERR,ERR,ERR,ERR,ERR,ERR,ERR,ERR,ERR,ERR,ERR,ERR,ERR,ERR,ERR,ERR,ERR,ERR,ERR,ERR,ERR,ERR,ERR,ERR,ERR,ERR,ERR,ERR,ERR,ERR,ERR,ERR,ERR,ERR,ERR,ERR,ERR,-0.0,-0.0,0.0,2.718290229135658e+23,2.012,1.3936040501711995e+18,7.805,-4.0828997592390904e+35,0,0,4,48857,6720,14723890282496.0,100,0.0,0.0,0.0,2.718290229135658e+23,0.0,0,0,0,0,0.0,0,0,0,0,0,0,0,0,0,0,0,0,0,0,0,0,0,0,0,0,0,0,0,0,0,0,0,0,0,0,0,0,0,26,51,50,76,65476,0,300,0,0,8,21553,0.0,-107605600.0,0.0,0.0,0.0,0.0,0.0,0.0,0.0,0.0,0.0,0.0,0.0,0.0,0.0,0.0,0.0,0.0,0.0,0.0,0.0,0.0,0.0,-2.004,2.004,-2.004,0.0,0.0,0.0,0.0,4741.0,0.0,7302.0,-0.0,-107615392.0,0.0,2.7184312818759872e+23,0.0,0.0,0.0,0.0,77,-0.0,-0.0,0.0,0.0,0.0,0.0,0.0,0.0,0.0,0,0,0,0.0,0.0,0.0,0.0,0.0,0.0,0.0,0.0,0.0,0.0,0.0,0.0,0.0,0.0,0.0,0.0,0,-107875648.0,77,0.0,154,0.0,0.0,ERR,ERR,ERR,ERR,ERR,ERR,ERR,ERR,ERR,ERR,ERR,ERR,ERR,ERR,ERR,ERR,ERR,ERR,ERR,ERR,ERR,ERR,ERR,ERR,ERR,ERR,ERR,ERR,ERR,ERR,ERR,ERR,ERR,ERR,ERR,ERR,ERR,ERR,ERR,ERR,ERR,ERR,ERR,ERR,ERR,ERR,ERR,ERR,ERR,ERR,ERR,ERR,ERR,ERR,ERR,ERR,ERR,ERR,ERR,ERR,ERR,ERR,ERR,ERR,ERR,ERR,ERR,34.0,80.0,35,0.0,0.0,0.0,0.0,0.0,0.0,0.0,0.0,0.0,0.0,0.0,0.0,0.0,0.0,0.0,0.0,66.0,0,120,58,54,65476,0,300,0,0,8,20529,65476,0,0,57672,80.0,0.0,0.0,0.0,0.0,0.0
2026-06-18T02:13:06,ERR,ERR,ERR,ERR,ERR,ERR,ERR,ERR,ERR,ERR,ERR,ERR,ERR,ERR,ERR,ERR,ERR,ERR,ERR,ERR,ERR,ERR,ERR,ERR,ERR,ERR,ERR,ERR,ERR,ERR,ERR,ERR,ERR,ERR,ERR,ERR,ERR,ERR,ERR,ERR,ERR,ERR,ERR,ERR,ERR,ERR,ERR,ERR,ERR,ERR,ERR,ERR,ERR,ERR,ERR,ERR,ERR,ERR,ERR,ERR,ERR,ERR,ERR,ERR,ERR,ERR,ERR,ERR,ERR,ERR,ERR,ERR,ERR,ERR,ERR,ERR,ERR,ERR,ERR,ERR,ERR,ERR,ERR,ERR,ERR,ERR,ERR,ERR,ERR,ERR,ERR,ERR,ERR,ERR,ERR,ERR,ERR,ERR,ERR,ERR,ERR,ERR,ERR,ERR,ERR,ERR,ERR,ERR,ERR,ERR,ERR,ERR,ERR,ERR,ERR,ERR,ERR,ERR,ERR,ERR,ERR,ERR,ERR,ERR,ERR,-0.0,-0.0,0.0,2.718290229135658e+23,2.012,1.3936040501711995e+18,7.805,-4.0828997592390904e+35,0,0,4,48857,6720,14723890282496.0,100,0.0,0.0,0.0,2.718290229135658e+23,0.0,0,0,0,0,0.0,0,0,0,0,0,0,0,0,0,0,0,0,0,0,0,0,0,0,0,0,0,0,0,0,0,0,0,0,0,0,0,0,0,26,51,50,76,65476,0,300,0,0,8,21553,0.0,-107605600.0,0.0,0.0,0.0,0.0,0.0,0.0,0.0,0.0,0.0,0.0,0.0,0.0,0.0,0.0,0.0,0.0,0.0,0.0,0.0,0.0,0.0,-2.004,2.004,-2.004,0.0,0.0,0.0,0.0,4741.0,0.0,7302.0,-0.0,-107615392.0,0.0,2.7184312818759872e+23,0.0,0.0,0.0,0.0,77,-0.0,-0.0,0.0,0.0,0.0,0.0,0.0,0.0,0.0,0,0,0,0.0,0.0,0.0,0.0,0.0,0.0,0.0,0.0,0.0,0.0,0.0,0.0,0.0,0.0,0.0,0.0,0,-107875648.0,77,0.0,154,0.0,0.0,ERR,ERR,ERR,ERR,ERR,ERR,ERR,ERR,ERR,ERR,ERR,ERR,ERR,ERR,ERR,ERR,ERR,ERR,ERR,ERR,ERR,ERR,ERR,ERR,ERR,ERR,ERR,ERR,ERR,ERR,ERR,ERR,ERR,ERR,ERR,ERR,ERR,ERR,ERR,ERR,ERR,ERR,ERR,ERR,ERR,ERR,ERR,ERR,ERR,ERR,ERR,ERR,ERR,ERR,ERR,ERR,ERR,ERR,ERR,ERR,ERR,ERR,ERR,ERR,ERR,ERR,ERR,34.0,80.0,35,0.0,0.0,0.0,0.0,0.0,0.0,0.0,0.0,0.0,0.0,0.0,0.0,0.0,0.0,0.0,0.0,66.0,0,120,58,54,65476,0,300,0,0,8,20529,65476,0,0,57672,80.0,0.0,0.0,0.0,0.0,0.0
2026-06-18T02:13:07,ERR,ERR,ERR,ERR,ERR,ERR,ERR,ERR,ERR,ERR,ERR,ERR,ERR,ERR,ERR,ERR,ERR,ERR,ERR,ERR,ERR,ERR,ERR,ERR,ERR,ERR,ERR,ERR,ERR,ERR,ERR,ERR,ERR,ERR,ERR,ERR,ERR,ERR,ERR,ERR,ERR,ERR,ERR,ERR,ERR,ERR,ERR,ERR,ERR,ERR,ERR,ERR,ERR,ERR,ERR,ERR,ERR,ERR,ERR,ERR,ERR,ERR,ERR,ERR,ERR,ERR,ERR,ERR,ERR,ERR,ERR,ERR,ERR,ERR,ERR,ERR,ERR,ERR,ERR,ERR,ERR,ERR,ERR,ERR,ERR,ERR,ERR,ERR,ERR,ERR,ERR,ERR,ERR,ERR,ERR,ERR,ERR,ERR,ERR,ERR,ERR,ERR,ERR,ERR,ERR,ERR,ERR,ERR,ERR,ERR,ERR,ERR,ERR,ERR,ERR,ERR,ERR,ERR,ERR,ERR,ERR,ERR,ERR,ERR,ERR,-0.0,-0.0,0.0,2.718290229135658e+23,2.012,1.3936040501711995e+18,7.805,-4.0828997592390904e+35,0,0,4,48857,6720,14723890282496.0,100,0.0,0.0,0.0,2.718290229135658e+23,0.0,0,0,0,0,0.0,0,0,0,0,0,0,0,0,0,0,0,0,0,0,0,0,0,0,0,0,0,0,0,0,0,0,0,0,0,0,0,0,0,26,51,50,76,65476,0,300,0,0,8,21553,0.0,-107605600.0,0.0,0.0,0.0,0.0,0.0,0.0,0.0,0.0,0.0,0.0,0.0,0.0,0.0,0.0,0.0,0.0,0.0,0.0,0.0,0.0,0.0,-2.004,2.004,-2.004,0.0,0.0,0.0,0.0,4741.0,0.0,7302.0,-0.0,-107615392.0,0.0,2.7184312818759872e+23,0.0,0.0,0.0,0.0,77,-0.0,-0.0,0.0,0.0,0.0,0.0,0.0,0.0,0.0,0,0,0,0.0,0.0,0.0,0.0,0.0,0.0,0.0,0.0,0.0,0.0,0.0,0.0,0.0,0.0,0.0,0.0,0,-107875648.0,77,0.0,154,0.0,0.0,ERR,ERR,ERR,ERR,ERR,ERR,ERR,ERR,ERR,ERR,ERR,ERR,ERR,ERR,ERR,ERR,ERR,ERR,ERR,ERR,ERR,ERR,ERR,ERR,ERR,ERR,ERR,ERR,ERR,ERR,ERR,ERR,ERR,ERR,ERR,ERR,ERR,ERR,ERR,ERR,ERR,ERR,ERR,ERR,ERR,ERR,ERR,ERR,ERR,ERR,ERR,ERR,ERR,ERR,ERR,ERR,ERR,ERR,ERR,ERR,ERR,ERR,ERR,ERR,ERR,ERR,ERR,34.0,80.0,35,0.0,0.0,0.0,0.0,0.0,0.0,0.0,0.0,0.0,0.0,0.0,0.0,0.0,0.0,0.0,0.0,66.0,0,120,58,54,65476,0,300,0,0,8,20529,65476,0,0,57672,80.0,0.0,0.0,0.0,0.0,0.0
2026-06-18T02:13:08,ERR,ERR,ERR,ERR,ERR,ERR,ERR,ERR,ERR,ERR,ERR,ERR,ERR,ERR,ERR,ERR,ERR,ERR,ERR,ERR,ERR,ERR,ERR,ERR,ERR,ERR,ERR,ERR,ERR,ERR,ERR,ERR,ERR,ERR,ERR,ERR,ERR,ERR,ERR,ERR,ERR,ERR,ERR,ERR,ERR,ERR,ERR,ERR,ERR,ERR,ERR,ERR,ERR,ERR,ERR,ERR,ERR,ERR,ERR,ERR,ERR,ERR,ERR,ERR,ERR,ERR,ERR,ERR,ERR,ERR,ERR,ERR,ERR,ERR,ERR,ERR,ERR,ERR,ERR,ERR,ERR,ERR,ERR,ERR,ERR,ERR,ERR,ERR,ERR,ERR,ERR,ERR,ERR,ERR,ERR,ERR,ERR,ERR,ERR,ERR,ERR,ERR,ERR,ERR,ERR,ERR,ERR,ERR,ERR,ERR,ERR,ERR,ERR,ERR,ERR,ERR,ERR,ERR,ERR,ERR,ERR,ERR,ERR,ERR,ERR,-0.0,-0.0,0.0,2.718290229135658e+23,2.012,1.3936040501711995e+18,7.805,-4.0828997592390904e+35,0,0,4,48857,6720,14723890282496.0,100,0.0,0.0,0.0,2.718290229135658e+23,0.0,0,0,0,0,0.0,0,0,0,0,0,0,0,0,0,0,0,0,0,0,0,0,0,0,0,0,0,0,0,0,0,0,0,0,0,0,0,0,0,26,51,50,76,65476,0,300,0,0,8,21553,0.0,-107605600.0,0.0,0.0,0.0,0.0,0.0,0.0,0.0,0.0,0.0,0.0,0.0,0.0,0.0,0.0,0.0,0.0,0.0,0.0,0.0,0.0,0.0,-2.004,2.004,-2.004,0.0,0.0,0.0,0.0,4741.0,0.0,7302.0,-0.0,-107615392.0,0.0,2.7184312818759872e+23,0.0,0.0,0.0,0.0,77,-0.0,-0.0,0.0,0.0,0.0,0.0,0.0,0.0,0.0,0,0,0,0.0,0.0,0.0,0.0,0.0,0.0,0.0,0.0,0.0,0.0,0.0,0.0,0.0,0.0,0.0,0.0,0,-107875648.0,77,0.0,154,0.0,0.0,ERR,ERR,ERR,ERR,ERR,ERR,ERR,ERR,ERR,ERR,ERR,ERR,ERR,ERR,ERR,ERR,ERR,ERR,ERR,ERR,ERR,ERR,ERR,ERR,ERR,ERR,ERR,ERR,ERR,ERR,ERR,ERR,ERR,ERR,ERR,ERR,ERR,ERR,ERR,ERR,ERR,ERR,ERR,ERR,ERR,ERR,ERR,ERR,ERR,ERR,ERR,ERR,ERR,ERR,ERR,ERR,ERR,ERR,ERR,ERR,ERR,ERR,ERR,ERR,ERR,ERR,ERR,34.0,80.0,35,0.0,0.0,0.0,0.0,0.0,0.0,0.0,0.0,0.0,0.0,0.0,0.0,0.0,0.0,0.0,0.0,66.0,0,120,58,54,65476,0,300,0,0,8,20529,65476,0,0,57672,80.0,0.0,0.0,0.0,0.0,0.0
2026-06-18T02:13:09,ERR,ERR,ERR,ERR,ERR,ERR,ERR,ERR,ERR,ERR,ERR,ERR,ERR,ERR,ERR,ERR,ERR,ERR,ERR,ERR,ERR,ERR,ERR,ERR,ERR,ERR,ERR,ERR,ERR,ERR,ERR,ERR,ERR,ERR,ERR,ERR,ERR,ERR,ERR,ERR,ERR,ERR,ERR,ERR,ERR,ERR,ERR,ERR,ERR,ERR,ERR,ERR,ERR,ERR,ERR,ERR,ERR,ERR,ERR,ERR,ERR,ERR,ERR,ERR,ERR,ERR,ERR,ERR,ERR,ERR,ERR,ERR,ERR,ERR,ERR,ERR,ERR,ERR,ERR,ERR,ERR,ERR,ERR,ERR,ERR,ERR,ERR,ERR,ERR,ERR,ERR,ERR,ERR,ERR,ERR,ERR,ERR,ERR,ERR,ERR,ERR,ERR,ERR,ERR,ERR,ERR,ERR,ERR,ERR,ERR,ERR,ERR,ERR,ERR,ERR,ERR,ERR,ERR,ERR,ERR,ERR,ERR,ERR,ERR,ERR,-0.0,-0.0,0.0,2.718290229135658e+23,2.012,1.3936040501711995e+18,7.805,-4.0828997592390904e+35,0,0,4,48857,6720,14723890282496.0,100,0.0,0.0,0.0,2.718290229135658e+23,0.0,0,0,0,0,0.0,0,0,0,0,0,0,0,0,0,0,0,0,0,0,0,0,0,0,0,0,0,0,0,0,0,0,0,0,0,0,0,0,0,26,51,50,76,65476,0,300,0,0,8,21553,0.0,-107605600.0,0.0,0.0,0.0,0.0,0.0,0.0,0.0,0.0,0.0,0.0,0.0,0.0,0.0,0.0,0.0,0.0,0.0,0.0,0.0,0.0,0.0,-2.004,2.004,-2.004,0.0,0.0,0.0,0.0,4741.0,0.0,7302.0,-0.0,-107615392.0,0.0,2.7184312818759872e+23,0.0,0.0,0.0,0.0,77,-0.0,-0.0,0.0,0.0,0.0,0.0,0.0,0.0,0.0,0,0,0,0.0,0.0,0.0,0.0,0.0,0.0,0.0,0.0,0.0,0.0,0.0,0.0,0.0,0.0,0.0,0.0,0,-107875648.0,77,0.0,154,0.0,0.0,ERR,ERR,ERR,ERR,ERR,ERR,ERR,ERR,ERR,ERR,ERR,ERR,ERR,ERR,ERR,ERR,ERR,ERR,ERR,ERR,ERR,ERR,ERR,ERR,ERR,ERR,ERR,ERR,ERR,ERR,ERR,ERR,ERR,ERR,ERR,ERR,ERR,ERR,ERR,ERR,ERR,ERR,ERR,ERR,ERR,ERR,ERR,ERR,ERR,ERR,ERR,ERR,ERR,ERR,ERR,ERR,ERR,ERR,ERR,ERR,ERR,ERR,ERR,ERR,ERR,ERR,ERR,34.0,80.0,35,0.0,0.0,0.0,0.0,0.0,0.0,0.0,0.0,0.0,0.0,0.0,0.0,0.0,0.0,0.0,0.0,66.0,0,120,58,54,65476,0,300,0,0,8,20529,65476,0,0,57672,80.0,0.0,0.0,0.0,0.0,0.0
2026-06-18T02:13:10,ERR,ERR,ERR,ERR,ERR,ERR,ERR,ERR,ERR,ERR,ERR,ERR,ERR,ERR,ERR,ERR,ERR,ERR,ERR,ERR,ERR,ERR,ERR,ERR,ERR,ERR,ERR,ERR,ERR,ERR,ERR,ERR,ERR,ERR,ERR,ERR,ERR,ERR,ERR,ERR,ERR,ERR,ERR,ERR,ERR,ERR,ERR,ERR,ERR,ERR,ERR,ERR,ERR,ERR,ERR,ERR,ERR,ERR,ERR,ERR,ERR,ERR,ERR,ERR,ERR,ERR,ERR,ERR,ERR,ERR,ERR,ERR,ERR,ERR,ERR,ERR,ERR,ERR,ERR,ERR,ERR,ERR,ERR,ERR,ERR,ERR,ERR,ERR,ERR,ERR,ERR,ERR,ERR,ERR,ERR,ERR,ERR,ERR,ERR,ERR,ERR,ERR,ERR,ERR,ERR,ERR,ERR,ERR,ERR,ERR,ERR,ERR,ERR,ERR,ERR,ERR,ERR,ERR,ERR,ERR,ERR,ERR,ERR,ERR,ERR,-0.0,-107615392.0,-134999232.0,89215.008,0.0,1.3936040501711995e+18,7.805,-0.0,0,0,4,48850,6720,14723890282496.0,100,0.0,0.0,0.0,-0.0,0.0,0,0,0,0,0.0,0,0,0,0,0,0,0,0,0,0,0,0,0,0,0,0,0,0,0,0,0,0,0,0,0,0,0,0,0,0,0,0,0,26,51,50,76,65476,0,300,0,0,8,21553,0.0,-107605600.0,0.0,0.0,0.0,0.0,0.0,0.0,0.0,0.0,0.0,0.0,0.0,0.0,0.0,0.0,0.0,0.0,0.0,0.0,0.0,0.0,0.0,-2.004,2.004,-2.004,0.0,0.0,0.0,0.0,4738.0,0.0,7303.0,-0.0,-0.0,0.0,2.7184312818759872e+23,0.0,0.0,0.0,0.0,77,-0.0,-2.3088261162012456e+20,0.0,0.0,0.0,0.0,0.0,0.0,0.0,0,0,0,0.0,0.0,0.0,0.0,0.0,0.0,0.0,0.0,0.0,0.0,0.0,0.0,0.0,0.0,0.0,0.0,0,-107875648.0,77,0.0,154,0.0,0.0,ERR,ERR,ERR,ERR,ERR,ERR,ERR,ERR,ERR,ERR,ERR,ERR,ERR,ERR,ERR,ERR,ERR,ERR,ERR,ERR,ERR,ERR,ERR,ERR,ERR,ERR,ERR,ERR,ERR,ERR,ERR,ERR,ERR,ERR,ERR,ERR,ERR,ERR,ERR,ERR,ERR,ERR,ERR,ERR,ERR,ERR,ERR,ERR,ERR,ERR,ERR,ERR,ERR,ERR,ERR,ERR,ERR,ERR,ERR,ERR,ERR,ERR,ERR,ERR,ERR,ERR,ERR,34.0,80.0,35,0.0,0.0,0.0,0.0,0.0,0.0,0.0,0.0,0.0,0.0,0.0,0.0,0.0,0.0,0.0,0.0,66.0,0,120,58,54,65476,0,300,0,0,8,20529,65476,0,0,57672,80.0,0.0,0.0,0.0,0.0,0.0
2026-06-18T02:13:11,ERR,ERR,ERR,ERR,ERR,ERR,ERR,ERR,ERR,ERR,ERR,ERR,ERR,ERR,ERR,ERR,ERR,ERR,ERR,ERR,ERR,ERR,ERR,ERR,ERR,ERR,ERR,ERR,ERR,ERR,ERR,ERR,ERR,ERR,ERR,ERR,ERR,ERR,ERR,ERR,ERR,ERR,ERR,ERR,ERR,ERR,ERR,ERR,ERR,ERR,ERR,ERR,ERR,ERR,ERR,ERR,ERR,ERR,ERR,ERR,ERR,ERR,ERR,ERR,ERR,ERR,ERR,ERR,ERR,ERR,ERR,ERR,ERR,ERR,ERR,ERR,ERR,ERR,ERR,ERR,ERR,ERR,ERR,ERR,ERR,ERR,ERR,ERR,ERR,ERR,ERR,ERR,ERR,ERR,ERR,ERR,ERR,ERR,ERR,ERR,ERR,ERR,ERR,ERR,ERR,ERR,ERR,ERR,ERR,ERR,ERR,ERR,ERR,ERR,ERR,ERR,ERR,ERR,ERR,ERR,ERR,ERR,ERR,ERR,ERR,-0.0,-107615392.0,-134999232.0,89215.008,0.0,1.3936040501711995e+18,7.805,-0.0,0,0,4,48850,6720,14723890282496.0,100,0.0,0.0,0.0,-0.0,0.0,0,0,0,0,0.0,0,0,0,0,0,0,0,0,0,0,0,0,0,0,0,0,0,0,0,0,0,0,0,0,0,0,0,0,0,0,0,0,0,26,51,50,76,65476,0,300,0,0,8,21553,0.0,-107605600.0,0.0,0.0,0.0,0.0,0.0,0.0,0.0,0.0,0.0,0.0,0.0,0.0,0.0,0.0,0.0,0.0,0.0,0.0,0.0,0.0,0.0,-2.004,2.004,-2.004,0.0,0.0,0.0,0.0,4738.0,0.0,7303.0,-0.0,-0.0,0.0,2.7184312818759872e+23,0.0,0.0,0.0,0.0,77,-0.0,-2.3088261162012456e+20,0.0,0.0,0.0,0.0,0.0,0.0,0.0,0,0,0,0.0,0.0,0.0,0.0,0.0,0.0,0.0,0.0,0.0,0.0,0.0,0.0,0.0,0.0,0.0,0.0,0,-107875648.0,77,0.0,154,0.0,0.0,ERR,ERR,ERR,ERR,ERR,ERR,ERR,ERR,ERR,ERR,ERR,ERR,ERR,ERR,ERR,ERR,ERR,ERR,ERR,ERR,ERR,ERR,ERR,ERR,ERR,ERR,ERR,ERR,ERR,ERR,ERR,ERR,ERR,ERR,ERR,ERR,ERR,ERR,ERR,ERR,ERR,ERR,ERR,ERR,ERR,ERR,ERR,ERR,ERR,ERR,ERR,ERR,ERR,ERR,ERR,ERR,ERR,ERR,ERR,ERR,ERR,ERR,ERR,ERR,ERR,ERR,ERR,34.0,80.0,35,0.0,0.0,0.0,0.0,0.0,0.0,0.0,0.0,0.0,0.0,0.0,0.0,0.0,0.0,0.0,0.0,66.0,0,120,58,54,65476,0,300,0,0,8,20529,65476,0,0,57672,80.0,0.0,0.0,0.0,0.0,0.0
2026-06-18T02:13:12,ERR,ERR,ERR,ERR,ERR,ERR,ERR,ERR,ERR,ERR,ERR,ERR,ERR,ERR,ERR,ERR,ERR,ERR,ERR,ERR,ERR,ERR,ERR,ERR,ERR,ERR,ERR,ERR,ERR,ERR,ERR,ERR,ERR,ERR,ERR,ERR,ERR,ERR,ERR,ERR,ERR,ERR,ERR,ERR,ERR,ERR,ERR,ERR,ERR,ERR,ERR,ERR,ERR,ERR,ERR,ERR,ERR,ERR,ERR,ERR,ERR,ERR,ERR,ERR,ERR,ERR,ERR,ERR,ERR,ERR,ERR,ERR,ERR,ERR,ERR,ERR,ERR,ERR,ERR,ERR,ERR,ERR,ERR,ERR,ERR,ERR,ERR,ERR,ERR,ERR,ERR,ERR,ERR,ERR,ERR,ERR,ERR,ERR,ERR,ERR,ERR,ERR,ERR,ERR,ERR,ERR,ERR,ERR,ERR,ERR,ERR,ERR,ERR,ERR,ERR,ERR,ERR,ERR,ERR,ERR,ERR,ERR,ERR,ERR,ERR,-0.0,-107615392.0,-134999232.0,89215.008,0.0,1.3936040501711995e+18,7.805,-0.0,0,0,4,48850,6720,14723890282496.0,100,0.0,0.0,0.0,-0.0,0.0,0,0,0,0,0.0,0,0,0,0,0,0,0,0,0,0,0,0,0,0,0,0,0,0,0,0,0,0,0,0,0,0,0,0,0,0,0,0,0,26,51,50,76,65476,0,300,0,0,8,21553,0.0,-107605600.0,0.0,0.0,0.0,0.0,0.0,0.0,0.0,0.0,0.0,0.0,0.0,0.0,0.0,0.0,0.0,0.0,0.0,0.0,0.0,0.0,0.0,-2.004,2.004,-2.004,0.0,0.0,0.0,0.0,4738.0,0.0,7303.0,-0.0,-0.0,0.0,2.7184312818759872e+23,0.0,0.0,0.0,0.0,77,-0.0,-2.3088261162012456e+20,0.0,0.0,0.0,0.0,0.0,0.0,0.0,0,0,0,0.0,0.0,0.0,0.0,0.0,0.0,0.0,0.0,0.0,0.0,0.0,0.0,0.0,0.0,0.0,0.0,0,-107875648.0,77,0.0,154,0.0,0.0,ERR,ERR,ERR,ERR,ERR,ERR,ERR,ERR,ERR,ERR,ERR,ERR,ERR,ERR,ERR,ERR,ERR,ERR,ERR,ERR,ERR,ERR,ERR,ERR,ERR,ERR,ERR,ERR,ERR,ERR,ERR,ERR,ERR,ERR,ERR,ERR,ERR,ERR,ERR,ERR,ERR,ERR,ERR,ERR,ERR,ERR,ERR,ERR,ERR,ERR,ERR,ERR,ERR,ERR,ERR,ERR,ERR,ERR,ERR,ERR,ERR,ERR,ERR,ERR,ERR,ERR,ERR,34.0,80.0,35,0.0,0.0,0.0,0.0,0.0,0.0,0.0,0.0,0.0,0.0,0.0,0.0,0.0,0.0,0.0,0.0,66.0,0,120,58,54,65476,0,300,0,0,8,20529,65476,0,0,57672,80.0,0.0,0.0,0.0,0.0,0.0
2026-06-18T02:13:13,ERR,ERR,ERR,ERR,ERR,ERR,ERR,ERR,ERR,ERR,ERR,ERR,ERR,ERR,ERR,ERR,ERR,ERR,ERR,ERR,ERR,ERR,ERR,ERR,ERR,ERR,ERR,ERR,ERR,ERR,ERR,ERR,ERR,ERR,ERR,ERR,ERR,ERR,ERR,ERR,ERR,ERR,ERR,ERR,ERR,ERR,ERR,ERR,ERR,ERR,ERR,ERR,ERR,ERR,ERR,ERR,ERR,ERR,ERR,ERR,ERR,ERR,ERR,ERR,ERR,ERR,ERR,ERR,ERR,ERR,ERR,ERR,ERR,ERR,ERR,ERR,ERR,ERR,ERR,ERR,ERR,ERR,ERR,ERR,ERR,ERR,ERR,ERR,ERR,ERR,ERR,ERR,ERR,ERR,ERR,ERR,ERR,ERR,ERR,ERR,ERR,ERR,ERR,ERR,ERR,ERR,ERR,ERR,ERR,ERR,ERR,ERR,ERR,ERR,ERR,ERR,ERR,ERR,ERR,ERR,ERR,ERR,ERR,ERR,ERR,-0.0,-107615392.0,-134999232.0,89215.008,0.0,1.3936040501711995e+18,7.805,-0.0,0,0,4,48850,6720,14723890282496.0,100,0.0,0.0,0.0,-0.0,0.0,0,0,0,0,0.0,0,0,0,0,0,0,0,0,0,0,0,0,0,0,0,0,0,0,0,0,0,0,0,0,0,0,0,0,0,0,0,0,0,26,51,50,76,65476,0,300,0,0,8,21553,0.0,-107605600.0,0.0,0.0,0.0,0.0,0.0,0.0,0.0,0.0,0.0,0.0,0.0,0.0,0.0,0.0,0.0,0.0,0.0,0.0,0.0,0.0,0.0,-2.004,2.004,-2.004,0.0,0.0,0.0,0.0,4738.0,0.0,7303.0,-0.0,-0.0,0.0,2.7184312818759872e+23,0.0,0.0,0.0,0.0,77,-0.0,-2.3088261162012456e+20,0.0,0.0,0.0,0.0,0.0,0.0,0.0,0,0,0,0.0,0.0,0.0,0.0,0.0,0.0,0.0,0.0,0.0,0.0,0.0,0.0,0.0,0.0,0.0,0.0,0,-107875648.0,77,0.0,154,0.0,0.0,ERR,ERR,ERR,ERR,ERR,ERR,ERR,ERR,ERR,ERR,ERR,ERR,ERR,ERR,ERR,ERR,ERR,ERR,ERR,ERR,ERR,ERR,ERR,ERR,ERR,ERR,ERR,ERR,ERR,ERR,ERR,ERR,ERR,ERR,ERR,ERR,ERR,ERR,ERR,ERR,ERR,ERR,ERR,ERR,ERR,ERR,ERR,ERR,ERR,ERR,ERR,ERR,ERR,ERR,ERR,ERR,ERR,ERR,ERR,ERR,ERR,ERR,ERR,ERR,ERR,ERR,ERR,34.0,80.0,35,0.0,0.0,0.0,0.0,0.0,0.0,0.0,0.0,0.0,0.0,0.0,0.0,0.0,0.0,0.0,0.0,66.0,0,120,58,54,65476,0,300,0,0,8,20529,65476,0,0,57672,80.0,0.0,0.0,0.0,0.0,0.0
2026-06-18T02:13:14,ERR,ERR,ERR,ERR,ERR,ERR,ERR,ERR,ERR,ERR,ERR,ERR,ERR,ERR,ERR,ERR,ERR,ERR,ERR,ERR,ERR,ERR,ERR,ERR,ERR,ERR,ERR,ERR,ERR,ERR,ERR,ERR,ERR,ERR,ERR,ERR,ERR,ERR,ERR,ERR,ERR,ERR,ERR,ERR,ERR,ERR,ERR,ERR,ERR,ERR,ERR,ERR,ERR,ERR,ERR,ERR,ERR,ERR,ERR,ERR,ERR,ERR,ERR,ERR,ERR,ERR,ERR,ERR,ERR,ERR,ERR,ERR,ERR,ERR,ERR,ERR,ERR,ERR,ERR,ERR,ERR,ERR,ERR,ERR,ERR,ERR,ERR,ERR,ERR,ERR,ERR,ERR,ERR,ERR,ERR,ERR,ERR,ERR,ERR,ERR,ERR,ERR,ERR,ERR,ERR,ERR,ERR,ERR,ERR,ERR,ERR,ERR,ERR,ERR,ERR,ERR,ERR,ERR,ERR,ERR,ERR,ERR,ERR,ERR,ERR,-0.0,-107615392.0,-134999232.0,89215.008,0.0,1.3936040501711995e+18,7.805,-0.0,0,0,4,48850,6720,14723890282496.0,100,0.0,0.0,0.0,-0.0,0.0,0,0,0,0,0.0,0,0,0,0,0,0,0,0,0,0,0,0,0,0,0,0,0,0,0,0,0,0,0,0,0,0,0,0,0,0,0,0,0,26,51,50,76,65476,0,300,0,0,8,21553,0.0,-107605600.0,0.0,0.0,0.0,0.0,0.0,0.0,0.0,0.0,0.0,0.0,0.0,0.0,0.0,0.0,0.0,0.0,0.0,0.0,0.0,0.0,0.0,-2.004,2.004,-2.004,0.0,0.0,0.0,0.0,4738.0,0.0,7303.0,-0.0,-0.0,0.0,2.7184312818759872e+23,0.0,0.0,0.0,0.0,77,-0.0,-2.3088261162012456e+20,0.0,0.0,0.0,0.0,0.0,0.0,0.0,0,0,0,0.0,0.0,0.0,0.0,0.0,0.0,0.0,0.0,0.0,0.0,0.0,0.0,0.0,0.0,0.0,0.0,0,-107875648.0,77,0.0,154,0.0,0.0,ERR,ERR,ERR,ERR,ERR,ERR,ERR,ERR,ERR,ERR,ERR,ERR,ERR,ERR,ERR,ERR,ERR,ERR,ERR,ERR,ERR,ERR,ERR,ERR,ERR,ERR,ERR,ERR,ERR,ERR,ERR,ERR,ERR,ERR,ERR,ERR,ERR,ERR,ERR,ERR,ERR,ERR,ERR,ERR,ERR,ERR,ERR,ERR,ERR,ERR,ERR,ERR,ERR,ERR,ERR,ERR,ERR,ERR,ERR,ERR,ERR,ERR,ERR,ERR,ERR,ERR,ERR,34.0,80.0,35,0.0,0.0,0.0,0.0,0.0,0.0,0.0,0.0,0.0,0.0,0.0,0.0,0.0,0.0,0.0,0.0,66.4,0,120,58,54,65476,0,300,0,0,8,20529,65476,0,0,57672,80.0,0.0,0.0,0.0,0.0,0.0
2026-06-18T02:13:15,ERR,ERR,ERR,ERR,ERR,ERR,ERR,ERR,ERR,ERR,ERR,ERR,ERR,ERR,ERR,ERR,ERR,ERR,ERR,ERR,ERR,ERR,ERR,ERR,ERR,ERR,ERR,ERR,ERR,ERR,ERR,ERR,ERR,ERR,ERR,ERR,ERR,ERR,ERR,ERR,ERR,ERR,ERR,ERR,ERR,ERR,ERR,ERR,ERR,ERR,ERR,ERR,ERR,ERR,ERR,ERR,ERR,ERR,ERR,ERR,ERR,ERR,ERR,ERR,ERR,ERR,ERR,ERR,ERR,ERR,ERR,ERR,ERR,ERR,ERR,ERR,ERR,ERR,ERR,ERR,ERR,ERR,ERR,ERR,ERR,ERR,ERR,ERR,ERR,ERR,ERR,ERR,ERR,ERR,ERR,ERR,ERR,ERR,ERR,ERR,ERR,ERR,ERR,ERR,ERR,ERR,ERR,ERR,ERR,ERR,ERR,ERR,ERR,ERR,ERR,ERR,ERR,ERR,ERR,ERR,ERR,ERR,ERR,ERR,ERR,-0.0,-0.0,0.0,-0.0,0.0,1.3936040501711995e+18,7.805,-0.0,0,0,4,48906,6720,14723890282496.0,100,0.0,0.0,0.0,0.059,0.0,0,0,0,0,0.0,0,0,0,0,0,0,0,0,0,0,0,0,0,0,0,0,0,0,0,0,0,0,0,0,0,0,0,0,0,0,0,0,0,26,51,50,76,65476,0,300,0,0,8,21553,0.0,-107605600.0,0.0,0.0,0.0,0.0,0.0,0.0,0.0,0.0,0.0,0.0,0.0,0.0,0.0,0.0,0.0,0.0,0.0,0.0,0.0,0.0,0.0,0.0,2.004,-2.004,0.0,0.0,0.0,0.0,4766.0,0.0,7301.0,-0.0,-0.0,0.0,2.7184312818759872e+23,0.0,0.0,0.0,0.0,77,-0.0,-0.0,0.0,0.0,0.0,0.0,0.0,0.0,0.0,0,0,0,0.0,0.0,0.0,0.0,0.0,0.0,0.0,0.0,0.0,0.0,0.0,0.0,0.0,0.0,0.0,0.0,0,-107875648.0,77,0.0,154,0.0,0.0,ERR,ERR,ERR,ERR,ERR,ERR,ERR,ERR,ERR,ERR,ERR,ERR,ERR,ERR,ERR,ERR,ERR,ERR,ERR,ERR,ERR,ERR,ERR,ERR,ERR,ERR,ERR,ERR,ERR,ERR,ERR,ERR,ERR,ERR,ERR,ERR,ERR,ERR,ERR,ERR,ERR,ERR,ERR,ERR,ERR,ERR,ERR,ERR,ERR,ERR,ERR,ERR,ERR,ERR,ERR,ERR,ERR,ERR,ERR,ERR,ERR,ERR,ERR,ERR,ERR,ERR,ERR,34.0,80.0,35,0.0,0.0,0.0,0.0,0.0,0.0,0.0,0.0,0.0,0.0,0.0,0.0,0.0,0.0,0.0,0.0,66.4,0,120,58,54,65476,0,300,0,0,8,20529,65476,0,0,57672,80.0,0.0,0.0,0.0,0.0,0.0
2026-06-18T02:13:16,ERR,ERR,ERR,ERR,ERR,ERR,ERR,ERR,ERR,ERR,ERR,ERR,ERR,ERR,ERR,ERR,ERR,ERR,ERR,ERR,ERR,ERR,ERR,ERR,ERR,ERR,ERR,ERR,ERR,ERR,ERR,ERR,ERR,ERR,ERR,ERR,ERR,ERR,ERR,ERR,ERR,ERR,ERR,ERR,ERR,ERR,ERR,ERR,ERR,ERR,ERR,ERR,ERR,ERR,ERR,ERR,ERR,ERR,ERR,ERR,ERR,ERR,ERR,ERR,ERR,ERR,ERR,ERR,ERR,ERR,ERR,ERR,ERR,ERR,ERR,ERR,ERR,ERR,ERR,ERR,ERR,ERR,ERR,ERR,ERR,ERR,ERR,ERR,ERR,ERR,ERR,ERR,ERR,ERR,ERR,ERR,ERR,ERR,ERR,ERR,ERR,ERR,ERR,ERR,ERR,ERR,ERR,ERR,ERR,ERR,ERR,ERR,ERR,ERR,ERR,ERR,ERR,ERR,ERR,ERR,ERR,ERR,ERR,ERR,ERR,-0.0,-0.0,0.0,-0.0,0.0,1.3936040501711995e+18,7.805,-0.0,0,0,4,48906,6720,14723890282496.0,100,0.0,0.0,0.0,0.059,0.0,0,0,0,0,0.0,0,0,0,0,0,0,0,0,0,0,0,0,0,0,0,0,0,0,0,0,0,0,0,0,0,0,0,0,0,0,0,0,0,26,51,50,76,65476,0,300,0,0,8,21553,0.0,-107605600.0,0.0,0.0,0.0,0.0,0.0,0.0,0.0,0.0,0.0,0.0,0.0,0.0,0.0,0.0,0.0,0.0,0.0,0.0,0.0,0.0,0.0,0.0,2.004,-2.004,0.0,0.0,0.0,0.0,4766.0,0.0,7301.0,-0.0,-0.0,0.0,2.7184312818759872e+23,0.0,0.0,0.0,0.0,77,-0.0,-0.0,0.0,0.0,0.0,0.0,0.0,0.0,0.0,0,0,0,0.0,0.0,0.0,0.0,0.0,0.0,0.0,0.0,0.0,0.0,0.0,0.0,0.0,0.0,0.0,0.0,0,-107875648.0,77,0.0,154,0.0,0.0,ERR,ERR,ERR,ERR,ERR,ERR,ERR,ERR,ERR,ERR,ERR,ERR,ERR,ERR,ERR,ERR,ERR,ERR,ERR,ERR,ERR,ERR,ERR,ERR,ERR,ERR,ERR,ERR,ERR,ERR,ERR,ERR,ERR,ERR,ERR,ERR,ERR,ERR,ERR,ERR,ERR,ERR,ERR,ERR,ERR,ERR,ERR,ERR,ERR,ERR,ERR,ERR,ERR,ERR,ERR,ERR,ERR,ERR,ERR,ERR,ERR,ERR,ERR,ERR,ERR,ERR,ERR,34.0,80.0,35,0.0,0.0,0.0,0.0,0.0,0.0,0.0,0.0,0.0,0.0,0.0,0.0,0.0,0.0,0.0,0.0,66.0,0,120,58,54,65476,0,300,0,0,8,20529,65476,0,0,57672,80.0,0.0,0.0,0.0,0.0,0.0
2026-06-18T02:13:17,ERR,ERR,ERR,ERR,ERR,ERR,ERR,ERR,ERR,ERR,ERR,ERR,ERR,ERR,ERR,ERR,ERR,ERR,ERR,ERR,ERR,ERR,ERR,ERR,ERR,ERR,ERR,ERR,ERR,ERR,ERR,ERR,ERR,ERR,ERR,ERR,ERR,ERR,ERR,ERR,ERR,ERR,ERR,ERR,ERR,ERR,ERR,ERR,ERR,ERR,ERR,ERR,ERR,ERR,ERR,ERR,ERR,ERR,ERR,ERR,ERR,ERR,ERR,ERR,ERR,ERR,ERR,ERR,ERR,ERR,ERR,ERR,ERR,ERR,ERR,ERR,ERR,ERR,ERR,ERR,ERR,ERR,ERR,ERR,ERR,ERR,ERR,ERR,ERR,ERR,ERR,ERR,ERR,ERR,ERR,ERR,ERR,ERR,ERR,ERR,ERR,ERR,ERR,ERR,ERR,ERR,ERR,ERR,ERR,ERR,ERR,ERR,ERR,ERR,ERR,ERR,ERR,ERR,ERR,ERR,ERR,ERR,ERR,ERR,ERR,-0.0,-0.0,0.0,-0.0,0.0,1.3936040501711995e+18,7.805,-0.0,0,0,4,48906,6720,14723890282496.0,100,0.0,0.0,0.0,0.059,0.0,0,0,0,0,0.0,0,0,0,0,0,0,0,0,0,0,0,0,0,0,0,0,0,0,0,0,0,0,0,0,0,0,0,0,0,0,0,0,0,26,51,50,76,65476,0,300,0,0,8,21553,0.0,-107605600.0,0.0,0.0,0.0,0.0,0.0,0.0,0.0,0.0,0.0,0.0,0.0,0.0,0.0,0.0,0.0,0.0,0.0,0.0,0.0,0.0,0.0,0.0,2.004,-2.004,0.0,0.0,0.0,0.0,4766.0,0.0,7301.0,-0.0,-0.0,0.0,2.7184312818759872e+23,0.0,0.0,0.0,0.0,77,-0.0,-0.0,0.0,0.0,0.0,0.0,0.0,0.0,0.0,0,0,0,0.0,0.0,0.0,0.0,0.0,0.0,0.0,0.0,0.0,0.0,0.0,0.0,0.0,0.0,0.0,0.0,0,-107875648.0,77,0.0,154,0.0,0.0,ERR,ERR,ERR,ERR,ERR,ERR,ERR,ERR,ERR,ERR,ERR,ERR,ERR,ERR,ERR,ERR,ERR,ERR,ERR,ERR,ERR,ERR,ERR,ERR,ERR,ERR,ERR,ERR,ERR,ERR,ERR,ERR,ERR,ERR,ERR,ERR,ERR,ERR,ERR,ERR,ERR,ERR,ERR,ERR,ERR,ERR,ERR,ERR,ERR,ERR,ERR,ERR,ERR,ERR,ERR,ERR,ERR,ERR,ERR,ERR,ERR,ERR,ERR,ERR,ERR,ERR,ERR,34.0,80.0,35,0.0,0.0,0.0,0.0,0.0,0.0,0.0,0.0,0.0,0.0,0.0,0.0,0.0,0.0,0.0,0.0,66.0,0,120,58,54,65476,0,300,0,0,8,20529,65476,0,0,57672,80.0,0.0,0.0,0.0,0.0,0.0
2026-06-18T02:13:18,ERR,ERR,ERR,ERR,ERR,ERR,ERR,ERR,ERR,ERR,ERR,ERR,ERR,ERR,ERR,ERR,ERR,ERR,ERR,ERR,ERR,ERR,ERR,ERR,ERR,ERR,ERR,ERR,ERR,ERR,ERR,ERR,ERR,ERR,ERR,ERR,ERR,ERR,ERR,ERR,ERR,ERR,ERR,ERR,ERR,ERR,ERR,ERR,ERR,ERR,ERR,ERR,ERR,ERR,ERR,ERR,ERR,ERR,ERR,ERR,ERR,ERR,ERR,ERR,ERR,ERR,ERR,ERR,ERR,ERR,ERR,ERR,ERR,ERR,ERR,ERR,ERR,ERR,ERR,ERR,ERR,ERR,ERR,ERR,ERR,ERR,ERR,ERR,ERR,ERR,ERR,ERR,ERR,ERR,ERR,ERR,ERR,ERR,ERR,ERR,ERR,ERR,ERR,ERR,ERR,ERR,ERR,ERR,ERR,ERR,ERR,ERR,ERR,ERR,ERR,ERR,ERR,ERR,ERR,ERR,ERR,ERR,ERR,ERR,ERR,-0.0,-0.0,0.0,-0.0,0.0,1.3936040501711995e+18,7.805,-0.0,0,0,4,48906,6720,14723890282496.0,100,0.0,0.0,0.0,0.059,0.0,0,0,0,0,0.0,0,0,0,0,0,0,0,0,0,0,0,0,0,0,0,0,0,0,0,0,0,0,0,0,0,0,0,0,0,0,0,0,0,26,51,50,76,65476,0,300,0,0,8,21553,0.0,-107605600.0,0.0,0.0,0.0,0.0,0.0,0.0,0.0,0.0,0.0,0.0,0.0,0.0,0.0,0.0,0.0,0.0,0.0,0.0,0.0,0.0,0.0,0.0,2.004,-2.004,0.0,0.0,0.0,0.0,4766.0,0.0,7301.0,-0.0,-0.0,0.0,2.7184312818759872e+23,0.0,0.0,0.0,0.0,77,-0.0,-0.0,0.0,0.0,0.0,0.0,0.0,0.0,0.0,0,0,0,0.0,0.0,0.0,0.0,0.0,0.0,0.0,0.0,0.0,0.0,0.0,0.0,0.0,0.0,0.0,0.0,0,-107875648.0,77,0.0,154,0.0,0.0,ERR,ERR,ERR,ERR,ERR,ERR,ERR,ERR,ERR,ERR,ERR,ERR,ERR,ERR,ERR,ERR,ERR,ERR,ERR,ERR,ERR,ERR,ERR,ERR,ERR,ERR,ERR,ERR,ERR,ERR,ERR,ERR,ERR,ERR,ERR,ERR,ERR,ERR,ERR,ERR,ERR,ERR,ERR,ERR,ERR,ERR,ERR,ERR,ERR,ERR,ERR,ERR,ERR,ERR,ERR,ERR,ERR,ERR,ERR,ERR,ERR,ERR,ERR,ERR,ERR,ERR,ERR,34.0,80.0,35,0.0,0.0,0.0,0.0,0.0,0.0,0.0,0.0,0.0,0.0,0.0,0.0,0.0,0.0,0.0,0.0,66.4,0,120,58,54,65476,0,300,0,0,8,20529,65476,0,0,57672,80.0,0.0,0.0,0.0,0.0,0.0
2026-06-18T02:13:19,ERR,ERR,ERR,ERR,ERR,ERR,ERR,ERR,ERR,ERR,ERR,ERR,ERR,ERR,ERR,ERR,ERR,ERR,ERR,ERR,ERR,ERR,ERR,ERR,ERR,ERR,ERR,ERR,ERR,ERR,ERR,ERR,ERR,ERR,ERR,ERR,ERR,ERR,ERR,ERR,ERR,ERR,ERR,ERR,ERR,ERR,ERR,ERR,ERR,ERR,ERR,ERR,ERR,ERR,ERR,ERR,ERR,ERR,ERR,ERR,ERR,ERR,ERR,ERR,ERR,ERR,ERR,ERR,ERR,ERR,ERR,ERR,ERR,ERR,ERR,ERR,ERR,ERR,ERR,ERR,ERR,ERR,ERR,ERR,ERR,ERR,ERR,ERR,ERR,ERR,ERR,ERR,ERR,ERR,ERR,ERR,ERR,ERR,ERR,ERR,ERR,ERR,ERR,ERR,ERR,ERR,ERR,ERR,ERR,ERR,ERR,ERR,ERR,ERR,ERR,ERR,ERR,ERR,ERR,ERR,ERR,ERR,ERR,ERR,ERR,-0.0,-0.0,0.0,-0.0,0.0,1.3936040501711995e+18,7.805,-0.0,0,0,4,48906,6720,14723890282496.0,100,0.0,0.0,0.0,0.059,0.0,0,0,0,0,0.0,0,0,0,0,0,0,0,0,0,0,0,0,0,0,0,0,0,0,0,0,0,0,0,0,0,0,0,0,0,0,0,0,0,26,51,50,76,65476,0,300,0,0,8,21553,0.0,-107605600.0,0.0,0.0,0.0,0.0,0.0,0.0,0.0,0.0,0.0,0.0,0.0,0.0,0.0,0.0,0.0,0.0,0.0,0.0,0.0,0.0,0.0,0.0,2.004,-2.004,0.0,0.0,0.0,0.0,4766.0,0.0,7301.0,-0.0,-0.0,0.0,2.7184312818759872e+23,0.0,0.0,0.0,0.0,77,-0.0,-0.0,0.0,0.0,0.0,0.0,0.0,0.0,0.0,0,0,0,0.0,0.0,0.0,0.0,0.0,0.0,0.0,0.0,0.0,0.0,0.0,0.0,0.0,0.0,0.0,0.0,0,-107875648.0,77,0.0,154,0.0,0.0,ERR,ERR,ERR,ERR,ERR,ERR,ERR,ERR,ERR,ERR,ERR,ERR,ERR,ERR,ERR,ERR,ERR,ERR,ERR,ERR,ERR,ERR,ERR,ERR,ERR,ERR,ERR,ERR,ERR,ERR,ERR,ERR,ERR,ERR,ERR,ERR,ERR,ERR,ERR,ERR,ERR,ERR,ERR,ERR,ERR,ERR,ERR,ERR,ERR,ERR,ERR,ERR,ERR,ERR,ERR,ERR,ERR,ERR,ERR,ERR,ERR,ERR,ERR,ERR,ERR,ERR,ERR,34.0,80.0,35,0.0,0.0,0.0,0.0,0.0,0.0,0.0,0.0,0.0,0.0,0.0,0.0,0.0,0.0,0.0,0.0,66.4,0,120,58,54,65476,0,300,0,0,8,20529,65476,0,0,57672,80.0,0.0,0.0,0.0,0.0,0.0
2026-06-18T02:13:20,ERR,ERR,ERR,ERR,ERR,ERR,ERR,ERR,ERR,ERR,ERR,ERR,ERR,ERR,ERR,ERR,ERR,ERR,ERR,ERR,ERR,ERR,ERR,ERR,ERR,ERR,ERR,ERR,ERR,ERR,ERR,ERR,ERR,ERR,ERR,ERR,ERR,ERR,ERR,ERR,ERR,ERR,ERR,ERR,ERR,ERR,ERR,ERR,ERR,ERR,ERR,ERR,ERR,ERR,ERR,ERR,ERR,ERR,ERR,ERR,ERR,ERR,ERR,ERR,ERR,ERR,ERR,ERR,ERR,ERR,ERR,ERR,ERR,ERR,ERR,ERR,ERR,ERR,ERR,ERR,ERR,ERR,ERR,ERR,ERR,ERR,ERR,ERR,ERR,ERR,ERR,ERR,ERR,ERR,ERR,ERR,ERR,ERR,ERR,ERR,ERR,ERR,ERR,ERR,ERR,ERR,ERR,ERR,ERR,ERR,ERR,ERR,ERR,ERR,ERR,ERR,ERR,ERR,ERR,ERR,ERR,ERR,ERR,ERR,ERR,-0.0,-0.0,0.0,-0.0,0.0,1.3936040501711995e+18,7.805,-0.0,0,0,4,48906,6720,14723890282496.0,100,0.0,0.0,0.0,0.059,0.0,0,0,0,0,0.0,0,0,0,0,0,0,0,0,0,0,0,0,0,0,0,0,0,0,0,0,0,0,0,0,0,0,0,0,0,0,0,0,0,26,51,50,76,65476,0,300,0,0,8,21553,0.0,-107605600.0,0.0,0.0,0.0,0.0,0.0,0.0,0.0,0.0,0.0,0.0,0.0,0.0,0.0,0.0,0.0,0.0,0.0,0.0,0.0,0.0,0.0,0.0,2.004,-2.004,0.0,0.0,0.0,0.0,4766.0,0.0,7301.0,-0.0,-0.0,0.0,2.7184312818759872e+23,0.0,0.0,0.0,0.0,77,-0.0,-0.0,0.0,0.0,0.0,0.0,0.0,0.0,0.0,0,0,0,0.0,0.0,0.0,0.0,0.0,0.0,0.0,0.0,0.0,0.0,0.0,0.0,0.0,0.0,0.0,0.0,0,-107875648.0,77,0.0,154,0.0,0.0,ERR,ERR,ERR,ERR,ERR,ERR,ERR,ERR,ERR,ERR,ERR,ERR,ERR,ERR,ERR,ERR,ERR,ERR,ERR,ERR,ERR,ERR,ERR,ERR,ERR,ERR,ERR,ERR,ERR,ERR,ERR,ERR,ERR,ERR,ERR,ERR,ERR,ERR,ERR,ERR,ERR,ERR,ERR,ERR,ERR,ERR,ERR,ERR,ERR,ERR,ERR,ERR,ERR,ERR,ERR,ERR,ERR,ERR,ERR,ERR,ERR,ERR,ERR,ERR,ERR,ERR,ERR,34.0,80.0,35,0.0,0.0,0.0,0.0,0.0,0.0,0.0,0.0,0.0,0.0,0.0,0.0,0.0,0.0,0.0,0.0,66.0,0,120,58,54,65476,0,300,0,0,8,20529,65476,0,0,57672,80.0,0.0,0.0,0.0,0.0,0.0
2026-06-18T02:13:21,ERR,ERR,ERR,ERR,ERR,ERR,ERR,ERR,ERR,ERR,ERR,ERR,ERR,ERR,ERR,ERR,ERR,ERR,ERR,ERR,ERR,ERR,ERR,ERR,ERR,ERR,ERR,ERR,ERR,ERR,ERR,ERR,ERR,ERR,ERR,ERR,ERR,ERR,ERR,ERR,ERR,ERR,ERR,ERR,ERR,ERR,ERR,ERR,ERR,ERR,ERR,ERR,ERR,ERR,ERR,ERR,ERR,ERR,ERR,ERR,ERR,ERR,ERR,ERR,ERR,ERR,ERR,ERR,ERR,ERR,ERR,ERR,ERR,ERR,ERR,ERR,ERR,ERR,ERR,ERR,ERR,ERR,ERR,ERR,ERR,ERR,ERR,ERR,ERR,ERR,ERR,ERR,ERR,ERR,ERR,ERR,ERR,ERR,ERR,ERR,ERR,ERR,ERR,ERR,ERR,ERR,ERR,ERR,ERR,ERR,ERR,ERR,ERR,ERR,ERR,ERR,ERR,ERR,ERR,ERR,ERR,ERR,ERR,ERR,ERR,-0.0,-107615392.0,-134999232.0,-4.9501291711397626e+32,0.0,1.3936040501711995e+18,7.805,51974472.0,0,0,4,48908,6720,14723890282496.0,100,0.0,0.0,0.0,-4.9501291711397626e+32,0.0,0,0,0,0,0.0,0,0,0,0,0,0,0,0,0,0,0,0,0,0,0,0,0,0,0,0,0,0,0,0,0,0,0,0,0,0,0,0,0,26,51,50,76,65476,0,300,0,0,8,21553,0.0,-107605600.0,0.0,0.0,0.0,0.0,0.0,0.0,0.0,0.0,0.0,0.0,0.0,0.0,0.0,0.0,0.0,0.0,0.0,0.0,0.0,0.0,0.0,-2.004,2.004,-2.004,0.0,0.0,0.0,0.0,4737.0,0.0,7303.0,-0.0,-107615392.0,0.0,2.7184312818759872e+23,0.0,0.0,0.0,0.0,77,-0.0,-0.0,0.0,0.0,0.0,0.0,0.0,0.0,0.0,0,0,0,0.0,0.0,0.0,0.0,0.0,0.0,0.0,0.0,0.0,0.0,0.0,0.0,0.0,0.0,0.0,0.0,0,-107875648.0,77,0.0,154,0.0,0.0,ERR,ERR,ERR,ERR,ERR,ERR,ERR,ERR,ERR,ERR,ERR,ERR,ERR,ERR,ERR,ERR,ERR,ERR,ERR,ERR,ERR,ERR,ERR,ERR,ERR,ERR,ERR,ERR,ERR,ERR,ERR,ERR,ERR,ERR,ERR,ERR,ERR,ERR,ERR,ERR,ERR,ERR,ERR,ERR,ERR,ERR,ERR,ERR,ERR,ERR,ERR,ERR,ERR,ERR,ERR,ERR,ERR,ERR,ERR,ERR,ERR,ERR,ERR,ERR,ERR,ERR,ERR,34.0,80.0,35,0.0,0.0,0.0,0.0,0.0,0.0,0.0,0.0,0.0,0.0,0.0,0.0,0.0,0.0,0.0,0.0,66.0,0,120,58,54,65476,0,300,0,0,8,20529,65476,0,0,57672,80.0,0.0,0.0,0.0,0.0,0.0
2026-06-18T02:13:22,ERR,ERR,ERR,ERR,ERR,ERR,ERR,ERR,ERR,ERR,ERR,ERR,ERR,ERR,ERR,ERR,ERR,ERR,ERR,ERR,ERR,ERR,ERR,ERR,ERR,ERR,ERR,ERR,ERR,ERR,ERR,ERR,ERR,ERR,ERR,ERR,ERR,ERR,ERR,ERR,ERR,ERR,ERR,ERR,ERR,ERR,ERR,ERR,ERR,ERR,ERR,ERR,ERR,ERR,ERR,ERR,ERR,ERR,ERR,ERR,ERR,ERR,ERR,ERR,ERR,ERR,ERR,ERR,ERR,ERR,ERR,ERR,ERR,ERR,ERR,ERR,ERR,ERR,ERR,ERR,ERR,ERR,ERR,ERR,ERR,ERR,ERR,ERR,ERR,ERR,ERR,ERR,ERR,ERR,ERR,ERR,ERR,ERR,ERR,ERR,ERR,ERR,ERR,ERR,ERR,ERR,ERR,ERR,ERR,ERR,ERR,ERR,ERR,ERR,ERR,ERR,ERR,ERR,ERR,ERR,ERR,ERR,ERR,ERR,ERR,-0.0,-107615392.0,-134999232.0,-4.9501291711397626e+32,0.0,1.3936040501711995e+18,7.805,51974472.0,0,0,4,48908,6720,14723890282496.0,100,0.0,0.0,0.0,-4.9501291711397626e+32,0.0,0,0,0,0,0.0,0,0,0,0,0,0,0,0,0,0,0,0,0,0,0,0,0,0,0,0,0,0,0,0,0,0,0,0,0,0,0,0,0,26,51,50,76,65476,0,300,0,0,8,21553,0.0,-107605600.0,0.0,0.0,0.0,0.0,0.0,0.0,0.0,0.0,0.0,0.0,0.0,0.0,0.0,0.0,0.0,0.0,0.0,0.0,0.0,0.0,0.0,-2.004,2.004,-2.004,0.0,0.0,0.0,0.0,4737.0,0.0,7303.0,-0.0,-107615392.0,0.0,2.7184312818759872e+23,0.0,0.0,0.0,0.0,77,-0.0,-0.0,0.0,0.0,0.0,0.0,0.0,0.0,0.0,0,0,0,0.0,0.0,0.0,0.0,0.0,0.0,0.0,0.0,0.0,0.0,0.0,0.0,0.0,0.0,0.0,0.0,0,-107875648.0,77,0.0,154,0.0,0.0,ERR,ERR,ERR,ERR,ERR,ERR,ERR,ERR,ERR,ERR,ERR,ERR,ERR,ERR,ERR,ERR,ERR,ERR,ERR,ERR,ERR,ERR,ERR,ERR,ERR,ERR,ERR,ERR,ERR,ERR,ERR,ERR,ERR,ERR,ERR,ERR,ERR,ERR,ERR,ERR,ERR,ERR,ERR,ERR,ERR,ERR,ERR,ERR,ERR,ERR,ERR,ERR,ERR,ERR,ERR,ERR,ERR,ERR,ERR,ERR,ERR,ERR,ERR,ERR,ERR,ERR,ERR,34.0,80.0,35,0.0,0.0,0.0,0.0,0.0,0.0,0.0,0.0,0.0,0.0,0.0,0.0,0.0,0.0,0.0,0.0,66.0,0,120,58,54,65476,0,300,0,0,8,20529,65476,0,0,57672,80.0,0.0,0.0,0.0,0.0,0.0
2026-06-18T02:13:23,ERR,ERR,ERR,ERR,ERR,ERR,ERR,ERR,ERR,ERR,ERR,ERR,ERR,ERR,ERR,ERR,ERR,ERR,ERR,ERR,ERR,ERR,ERR,ERR,ERR,ERR,ERR,ERR,ERR,ERR,ERR,ERR,ERR,ERR,ERR,ERR,ERR,ERR,ERR,ERR,ERR,ERR,ERR,ERR,ERR,ERR,ERR,ERR,ERR,ERR,ERR,ERR,ERR,ERR,ERR,ERR,ERR,ERR,ERR,ERR,ERR,ERR,ERR,ERR,ERR,ERR,ERR,ERR,ERR,ERR,ERR,ERR,ERR,ERR,ERR,ERR,ERR,ERR,ERR,ERR,ERR,ERR,ERR,ERR,ERR,ERR,ERR,ERR,ERR,ERR,ERR,ERR,ERR,ERR,ERR,ERR,ERR,ERR,ERR,ERR,ERR,ERR,ERR,ERR,ERR,ERR,ERR,ERR,ERR,ERR,ERR,ERR,ERR,ERR,ERR,ERR,ERR,ERR,ERR,ERR,ERR,ERR,ERR,ERR,ERR,-0.0,-107615392.0,-134999232.0,-4.9501291711397626e+32,0.0,1.3936040501711995e+18,7.805,51974472.0,0,0,4,48908,6720,14723890282496.0,100,0.0,0.0,0.0,-4.9501291711397626e+32,0.0,0,0,0,0,0.0,0,0,0,0,0,0,0,0,0,0,0,0,0,0,0,0,0,0,0,0,0,0,0,0,0,0,0,0,0,0,0,0,0,26,51,50,76,65476,0,300,0,0,8,21553,0.0,-107605600.0,0.0,0.0,0.0,0.0,0.0,0.0,0.0,0.0,0.0,0.0,0.0,0.0,0.0,0.0,0.0,0.0,0.0,0.0,0.0,0.0,0.0,-2.004,2.004,-2.004,0.0,0.0,0.0,0.0,4737.0,0.0,7303.0,-0.0,-107615392.0,0.0,2.7184312818759872e+23,0.0,0.0,0.0,0.0,77,-0.0,-0.0,0.0,0.0,0.0,0.0,0.0,0.0,0.0,0,0,0,0.0,0.0,0.0,0.0,0.0,0.0,0.0,0.0,0.0,0.0,0.0,0.0,0.0,0.0,0.0,0.0,0,-107875648.0,77,0.0,154,0.0,0.0,ERR,ERR,ERR,ERR,ERR,ERR,ERR,ERR,ERR,ERR,ERR,ERR,ERR,ERR,ERR,ERR,ERR,ERR,ERR,ERR,ERR,ERR,ERR,ERR,ERR,ERR,ERR,ERR,ERR,ERR,ERR,ERR,ERR,ERR,ERR,ERR,ERR,ERR,ERR,ERR,ERR,ERR,ERR,ERR,ERR,ERR,ERR,ERR,ERR,ERR,ERR,ERR,ERR,ERR,ERR,ERR,ERR,ERR,ERR,ERR,ERR,ERR,ERR,ERR,ERR,ERR,ERR,34.0,80.0,35,0.0,0.0,0.0,0.0,0.0,0.0,0.0,0.0,0.0,0.0,0.0,0.0,0.0,0.0,0.0,0.0,66.0,0,120,58,54,65476,0,300,0,0,8,20529,65476,0,0,57672,80.0,0.0,0.0,0.0,0.0,0.0
2026-06-18T02:13:24,ERR,ERR,ERR,ERR,ERR,ERR,ERR,ERR,ERR,ERR,ERR,ERR,ERR,ERR,ERR,ERR,ERR,ERR,ERR,ERR,ERR,ERR,ERR,ERR,ERR,ERR,ERR,ERR,ERR,ERR,ERR,ERR,ERR,ERR,ERR,ERR,ERR,ERR,ERR,ERR,ERR,ERR,ERR,ERR,ERR,ERR,ERR,ERR,ERR,ERR,ERR,ERR,ERR,ERR,ERR,ERR,ERR,ERR,ERR,ERR,ERR,ERR,ERR,ERR,ERR,ERR,ERR,ERR,ERR,ERR,ERR,ERR,ERR,ERR,ERR,ERR,ERR,ERR,ERR,ERR,ERR,ERR,ERR,ERR,ERR,ERR,ERR,ERR,ERR,ERR,ERR,ERR,ERR,ERR,ERR,ERR,ERR,ERR,ERR,ERR,ERR,ERR,ERR,ERR,ERR,ERR,ERR,ERR,ERR,ERR,ERR,ERR,ERR,ERR,ERR,ERR,ERR,ERR,ERR,ERR,ERR,ERR,ERR,ERR,ERR,-0.0,-107615392.0,-134999232.0,-4.9501291711397626e+32,0.0,1.3936040501711995e+18,7.805,51974472.0,0,0,4,48908,6720,14723890282496.0,100,0.0,0.0,0.0,-4.9501291711397626e+32,0.0,0,0,0,0,0.0,0,0,0,0,0,0,0,0,0,0,0,0,0,0,0,0,0,0,0,0,0,0,0,0,0,0,0,0,0,0,0,0,0,26,51,50,76,65476,0,300,0,0,8,21553,0.0,-107605600.0,0.0,0.0,0.0,0.0,0.0,0.0,0.0,0.0,0.0,0.0,0.0,0.0,0.0,0.0,0.0,0.0,0.0,0.0,0.0,0.0,0.0,-2.004,2.004,-2.004,0.0,0.0,0.0,0.0,4737.0,0.0,7303.0,-0.0,-107615392.0,0.0,2.7184312818759872e+23,0.0,0.0,0.0,0.0,77,-0.0,-0.0,0.0,0.0,0.0,0.0,0.0,0.0,0.0,0,0,0,0.0,0.0,0.0,0.0,0.0,0.0,0.0,0.0,0.0,0.0,0.0,0.0,0.0,0.0,0.0,0.0,0,-107875648.0,77,0.0,154,0.0,0.0,ERR,ERR,ERR,ERR,ERR,ERR,ERR,ERR,ERR,ERR,ERR,ERR,ERR,ERR,ERR,ERR,ERR,ERR,ERR,ERR,ERR,ERR,ERR,ERR,ERR,ERR,ERR,ERR,ERR,ERR,ERR,ERR,ERR,ERR,ERR,ERR,ERR,ERR,ERR,ERR,ERR,ERR,ERR,ERR,ERR,ERR,ERR,ERR,ERR,ERR,ERR,ERR,ERR,ERR,ERR,ERR,ERR,ERR,ERR,ERR,ERR,ERR,ERR,ERR,ERR,ERR,ERR,34.0,80.0,35,0.0,0.0,0.0,0.0,0.0,0.0,0.0,0.0,0.0,0.0,0.0,0.0,0.0,0.0,0.0,0.0,66.4,0,120,58,54,65476,0,300,0,0,8,20529,65476,0,0,57672,80.0,0.0,0.0,0.0,0.0,0.0
2026-06-18T02:13:25,ERR,ERR,ERR,ERR,ERR,ERR,ERR,ERR,ERR,ERR,ERR,ERR,ERR,ERR,ERR,ERR,ERR,ERR,ERR,ERR,ERR,ERR,ERR,ERR,ERR,ERR,ERR,ERR,ERR,ERR,ERR,ERR,ERR,ERR,ERR,ERR,ERR,ERR,ERR,ERR,ERR,ERR,ERR,ERR,ERR,ERR,ERR,ERR,ERR,ERR,ERR,ERR,ERR,ERR,ERR,ERR,ERR,ERR,ERR,ERR,ERR,ERR,ERR,ERR,ERR,ERR,ERR,ERR,ERR,ERR,ERR,ERR,ERR,ERR,ERR,ERR,ERR,ERR,ERR,ERR,ERR,ERR,ERR,ERR,ERR,ERR,ERR,ERR,ERR,ERR,ERR,ERR,ERR,ERR,ERR,ERR,ERR,ERR,ERR,ERR,ERR,ERR,ERR,ERR,ERR,ERR,ERR,ERR,ERR,ERR,ERR,ERR,ERR,ERR,ERR,ERR,ERR,ERR,ERR,ERR,ERR,ERR,ERR,ERR,ERR,-0.0,-107615392.0,-134999232.0,-4.9501291711397626e+32,0.0,1.3936040501711995e+18,7.805,51974472.0,0,0,4,48908,6720,14723890282496.0,100,0.0,0.0,0.0,-4.9501291711397626e+32,0.0,0,0,0,0,0.0,0,0,0,0,0,0,0,0,0,0,0,0,0,0,0,0,0,0,0,0,0,0,0,0,0,0,0,0,0,0,0,0,0,26,51,50,76,65476,0,300,0,0,8,21553,0.0,-107605600.0,0.0,0.0,0.0,0.0,0.0,0.0,0.0,0.0,0.0,0.0,0.0,0.0,0.0,0.0,0.0,0.0,0.0,0.0,0.0,0.0,0.0,-2.004,2.004,-2.004,0.0,0.0,0.0,0.0,4737.0,0.0,7303.0,-0.0,-107615392.0,0.0,2.7184312818759872e+23,0.0,0.0,0.0,0.0,77,-0.0,-0.0,0.0,0.0,0.0,0.0,0.0,0.0,0.0,0,0,0,0.0,0.0,0.0,0.0,0.0,0.0,0.0,0.0,0.0,0.0,0.0,0.0,0.0,0.0,0.0,0.0,0,-107875648.0,77,0.0,154,0.0,0.0,ERR,ERR,ERR,ERR,ERR,ERR,ERR,ERR,ERR,ERR,ERR,ERR,ERR,ERR,ERR,ERR,ERR,ERR,ERR,ERR,ERR,ERR,ERR,ERR,ERR,ERR,ERR,ERR,ERR,ERR,ERR,ERR,ERR,ERR,ERR,ERR,ERR,ERR,ERR,ERR,ERR,ERR,ERR,ERR,ERR,ERR,ERR,ERR,ERR,ERR,ERR,ERR,ERR,ERR,ERR,ERR,ERR,ERR,ERR,ERR,ERR,ERR,ERR,ERR,ERR,ERR,ERR,34.0,80.0,35,0.0,0.0,0.0,0.0,0.0,0.0,0.0,0.0,0.0,0.0,0.0,0.0,0.0,0.0,0.0,0.0,66.0,0,120,58,54,65476,0,300,0,0,8,20529,65476,0,0,57672,80.0,0.0,0.0,0.0,0.0,0.0
2026-06-18T02:13:26,ERR,ERR,ERR,ERR,ERR,ERR,ERR,ERR,ERR,ERR,ERR,ERR,ERR,ERR,ERR,ERR,ERR,ERR,ERR,ERR,ERR,ERR,ERR,ERR,ERR,ERR,ERR,ERR,ERR,ERR,ERR,ERR,ERR,ERR,ERR,ERR,ERR,ERR,ERR,ERR,ERR,ERR,ERR,ERR,ERR,ERR,ERR,ERR,ERR,ERR,ERR,ERR,ERR,ERR,ERR,ERR,ERR,ERR,ERR,ERR,ERR,ERR,ERR,ERR,ERR,ERR,ERR,ERR,ERR,ERR,ERR,ERR,ERR,ERR,ERR,ERR,ERR,ERR,ERR,ERR,ERR,ERR,ERR,ERR,ERR,ERR,ERR,ERR,ERR,ERR,ERR,ERR,ERR,ERR,ERR,ERR,ERR,ERR,ERR,ERR,ERR,ERR,ERR,ERR,ERR,ERR,ERR,ERR,ERR,ERR,ERR,ERR,ERR,ERR,ERR,ERR,ERR,ERR,ERR,ERR,ERR,ERR,ERR,ERR,ERR,-0.0,-0.0,0.0,-152005385388032.0,-2.012,1.3936040501711995e+18,7.805,0.0,0,0,4,48904,6720,14723890282496.0,100,0.0,0.0,0.0,-152005385388032.0,0.0,0,0,0,0,0.0,0,0,0,0,0,0,0,0,0,0,0,0,0,0,0,0,0,0,0,0,0,0,0,0,0,0,0,0,0,0,0,0,0,26,51,50,76,65476,0,300,0,0,8,21553,0.0,-107605600.0,0.0,0.0,0.0,0.0,0.0,0.0,0.0,0.0,0.0,0.0,0.0,0.0,0.0,0.0,0.0,0.0,0.0,0.0,0.0,0.0,0.0,-2.004,2.004,-2.004,0.0,0.0,0.0,0.0,4736.0,2.004,7304.0,-0.0,-0.0,0.0,2.7184312818759872e+23,0.0,0.0,0.0,0.0,77,-0.0,-71.629,0.0,0.0,0.0,0.0,0.0,0.0,0.0,0,0,0,0.0,0.0,0.0,0.0,0.0,0.0,0.0,0.0,0.0,0.0,0.0,0.0,0.0,0.0,0.0,0.0,0,-107875648.0,77,0.0,154,0.0,0.0,ERR,ERR,ERR,ERR,ERR,ERR,ERR,ERR,ERR,ERR,ERR,ERR,ERR,ERR,ERR,ERR,ERR,ERR,ERR,ERR,ERR,ERR,ERR,ERR,ERR,ERR,ERR,ERR,ERR,ERR,ERR,ERR,ERR,ERR,ERR,ERR,ERR,ERR,ERR,ERR,ERR,ERR,ERR,ERR,ERR,ERR,ERR,ERR,ERR,ERR,ERR,ERR,ERR,ERR,ERR,ERR,ERR,ERR,ERR,ERR,ERR,ERR,ERR,ERR,ERR,ERR,ERR,34.0,80.0,35,0.0,0.0,0.0,0.0,0.0,0.0,0.0,0.0,0.0,0.0,0.0,0.0,0.0,0.0,0.0,0.0,66.0,0,120,58,54,65476,0,300,0,0,8,20529,65476,0,0,57672,80.0,0.0,0.0,0.0,0.0,0.0
2026-06-18T02:13:27,ERR,ERR,ERR,ERR,ERR,ERR,ERR,ERR,ERR,ERR,ERR,ERR,ERR,ERR,ERR,ERR,ERR,ERR,ERR,ERR,ERR,ERR,ERR,ERR,ERR,ERR,ERR,ERR,ERR,ERR,ERR,ERR,ERR,ERR,ERR,ERR,ERR,ERR,ERR,ERR,ERR,ERR,ERR,ERR,ERR,ERR,ERR,ERR,ERR,ERR,ERR,ERR,ERR,ERR,ERR,ERR,ERR,ERR,ERR,ERR,ERR,ERR,ERR,ERR,ERR,ERR,ERR,ERR,ERR,ERR,ERR,ERR,ERR,ERR,ERR,ERR,ERR,ERR,ERR,ERR,ERR,ERR,ERR,ERR,ERR,ERR,ERR,ERR,ERR,ERR,ERR,ERR,ERR,ERR,ERR,ERR,ERR,ERR,ERR,ERR,ERR,ERR,ERR,ERR,ERR,ERR,ERR,ERR,ERR,ERR,ERR,ERR,ERR,ERR,ERR,ERR,ERR,ERR,ERR,ERR,ERR,ERR,ERR,ERR,ERR,-0.0,-0.0,0.0,-152005385388032.0,-2.012,1.3936040501711995e+18,7.805,0.0,0,0,4,48904,6720,14723890282496.0,100,0.0,0.0,0.0,-152005385388032.0,0.0,0,0,0,0,0.0,0,0,0,0,0,0,0,0,0,0,0,0,0,0,0,0,0,0,0,0,0,0,0,0,0,0,0,0,0,0,0,0,0,26,51,50,76,65476,0,300,0,0,8,21553,0.0,-107605600.0,0.0,0.0,0.0,0.0,0.0,0.0,0.0,0.0,0.0,0.0,0.0,0.0,0.0,0.0,0.0,0.0,0.0,0.0,0.0,0.0,0.0,-2.004,2.004,-2.004,0.0,0.0,0.0,0.0,4736.0,2.004,7304.0,-0.0,-0.0,0.0,2.7184312818759872e+23,0.0,0.0,0.0,0.0,77,-0.0,-71.629,0.0,0.0,0.0,0.0,0.0,0.0,0.0,0,0,0,0.0,0.0,0.0,0.0,0.0,0.0,0.0,0.0,0.0,0.0,0.0,0.0,0.0,0.0,0.0,0.0,0,-107875648.0,77,0.0,154,0.0,0.0,ERR,ERR,ERR,ERR,ERR,ERR,ERR,ERR,ERR,ERR,ERR,ERR,ERR,ERR,ERR,ERR,ERR,ERR,ERR,ERR,ERR,ERR,ERR,ERR,ERR,ERR,ERR,ERR,ERR,ERR,ERR,ERR,ERR,ERR,ERR,ERR,ERR,ERR,ERR,ERR,ERR,ERR,ERR,ERR,ERR,ERR,ERR,ERR,ERR,ERR,ERR,ERR,ERR,ERR,ERR,ERR,ERR,ERR,ERR,ERR,ERR,ERR,ERR,ERR,ERR,ERR,ERR,34.0,80.0,35,0.0,0.0,0.0,0.0,0.0,0.0,0.0,0.0,0.0,0.0,0.0,0.0,0.0,0.0,0.0,0.0,66.0,0,120,58,54,65476,0,300,0,0,8,20529,65476,0,0,57672,80.0,0.0,0.0,0.0,0.0,0.0
2026-06-18T02:13:28,ERR,ERR,ERR,ERR,ERR,ERR,ERR,ERR,ERR,ERR,ERR,ERR,ERR,ERR,ERR,ERR,ERR,ERR,ERR,ERR,ERR,ERR,ERR,ERR,ERR,ERR,ERR,ERR,ERR,ERR,ERR,ERR,ERR,ERR,ERR,ERR,ERR,ERR,ERR,ERR,ERR,ERR,ERR,ERR,ERR,ERR,ERR,ERR,ERR,ERR,ERR,ERR,ERR,ERR,ERR,ERR,ERR,ERR,ERR,ERR,ERR,ERR,ERR,ERR,ERR,ERR,ERR,ERR,ERR,ERR,ERR,ERR,ERR,ERR,ERR,ERR,ERR,ERR,ERR,ERR,ERR,ERR,ERR,ERR,ERR,ERR,ERR,ERR,ERR,ERR,ERR,ERR,ERR,ERR,ERR,ERR,ERR,ERR,ERR,ERR,ERR,ERR,ERR,ERR,ERR,ERR,ERR,ERR,ERR,ERR,ERR,ERR,ERR,ERR,ERR,ERR,ERR,ERR,ERR,ERR,ERR,ERR,ERR,ERR,ERR,-0.0,-0.0,0.0,-152005385388032.0,-2.012,1.3936040501711995e+18,7.805,0.0,0,0,4,48904,6720,14723890282496.0,100,0.0,0.0,0.0,-152005385388032.0,0.0,0,0,0,0,0.0,0,0,0,0,0,0,0,0,0,0,0,0,0,0,0,0,0,0,0,0,0,0,0,0,0,0,0,0,0,0,0,0,0,26,51,50,76,65476,0,300,0,0,8,21553,0.0,-107605600.0,0.0,0.0,0.0,0.0,0.0,0.0,0.0,0.0,0.0,0.0,0.0,0.0,0.0,0.0,0.0,0.0,0.0,0.0,0.0,0.0,0.0,-2.004,2.004,-2.004,0.0,0.0,0.0,0.0,4736.0,2.004,7304.0,-0.0,-0.0,0.0,2.7184312818759872e+23,0.0,0.0,0.0,0.0,77,-0.0,-71.629,0.0,0.0,0.0,0.0,0.0,0.0,0.0,0,0,0,0.0,0.0,0.0,0.0,0.0,0.0,0.0,0.0,0.0,0.0,0.0,0.0,0.0,0.0,0.0,0.0,0,-107875648.0,77,0.0,154,0.0,0.0,ERR,ERR,ERR,ERR,ERR,ERR,ERR,ERR,ERR,ERR,ERR,ERR,ERR,ERR,ERR,ERR,ERR,ERR,ERR,ERR,ERR,ERR,ERR,ERR,ERR,ERR,ERR,ERR,ERR,ERR,ERR,ERR,ERR,ERR,ERR,ERR,ERR,ERR,ERR,ERR,ERR,ERR,ERR,ERR,ERR,ERR,ERR,ERR,ERR,ERR,ERR,ERR,ERR,ERR,ERR,ERR,ERR,ERR,ERR,ERR,ERR,ERR,ERR,ERR,ERR,ERR,ERR,34.0,80.0,35,0.0,0.0,0.0,0.0,0.0,0.0,0.0,0.0,0.0,0.0,0.0,0.0,0.0,0.0,0.0,0.0,66.0,0,120,58,54,65476,0,300,0,0,8,20529,65476,0,0,57672,80.0,0.0,0.0,0.0,0.0,0.0
2026-06-18T02:13:29,ERR,ERR,ERR,ERR,ERR,ERR,ERR,ERR,ERR,ERR,ERR,ERR,ERR,ERR,ERR,ERR,ERR,ERR,ERR,ERR,ERR,ERR,ERR,ERR,ERR,ERR,ERR,ERR,ERR,ERR,ERR,ERR,ERR,ERR,ERR,ERR,ERR,ERR,ERR,ERR,ERR,ERR,ERR,ERR,ERR,ERR,ERR,ERR,ERR,ERR,ERR,ERR,ERR,ERR,ERR,ERR,ERR,ERR,ERR,ERR,ERR,ERR,ERR,ERR,ERR,ERR,ERR,ERR,ERR,ERR,ERR,ERR,ERR,ERR,ERR,ERR,ERR,ERR,ERR,ERR,ERR,ERR,ERR,ERR,ERR,ERR,ERR,ERR,ERR,ERR,ERR,ERR,ERR,ERR,ERR,ERR,ERR,ERR,ERR,ERR,ERR,ERR,ERR,ERR,ERR,ERR,ERR,ERR,ERR,ERR,ERR,ERR,ERR,ERR,ERR,ERR,ERR,ERR,ERR,ERR,ERR,ERR,ERR,ERR,ERR,-0.0,-0.0,0.0,-152005385388032.0,-2.012,1.3936040501711995e+18,7.805,0.0,0,0,4,48904,6720,14723890282496.0,100,0.0,0.0,0.0,-152005385388032.0,0.0,0,0,0,0,0.0,0,0,0,0,0,0,0,0,0,0,0,0,0,0,0,0,0,0,0,0,0,0,0,0,0,0,0,0,0,0,0,0,0,26,51,50,76,65476,0,300,0,0,8,21553,0.0,-107605600.0,0.0,0.0,0.0,0.0,0.0,0.0,0.0,0.0,0.0,0.0,0.0,0.0,0.0,0.0,0.0,0.0,0.0,0.0,0.0,0.0,0.0,-2.004,2.004,-2.004,0.0,0.0,0.0,0.0,4736.0,2.004,7304.0,-0.0,-0.0,0.0,2.7184312818759872e+23,0.0,0.0,0.0,0.0,77,-0.0,-71.629,0.0,0.0,0.0,0.0,0.0,0.0,0.0,0,0,0,0.0,0.0,0.0,0.0,0.0,0.0,0.0,0.0,0.0,0.0,0.0,0.0,0.0,0.0,0.0,0.0,0,-107875648.0,77,0.0,154,0.0,0.0,ERR,ERR,ERR,ERR,ERR,ERR,ERR,ERR,ERR,ERR,ERR,ERR,ERR,ERR,ERR,ERR,ERR,ERR,ERR,ERR,ERR,ERR,ERR,ERR,ERR,ERR,ERR,ERR,ERR,ERR,ERR,ERR,ERR,ERR,ERR,ERR,ERR,ERR,ERR,ERR,ERR,ERR,ERR,ERR,ERR,ERR,ERR,ERR,ERR,ERR,ERR,ERR,ERR,ERR,ERR,ERR,ERR,ERR,ERR,ERR,ERR,ERR,ERR,ERR,ERR,ERR,ERR,34.0,80.0,35,0.0,0.0,0.0,0.0,0.0,0.0,0.0,0.0,0.0,0.0,0.0,0.0,0.0,0.0,0.0,0.0,66.0,0,120,58,54,65476,0,300,0,0,8,20529,65476,0,0,57672,80.0,0.0,0.0,0.0,0.0,0.0
2026-06-18T02:13:30,ERR,ERR,ERR,ERR,ERR,ERR,ERR,ERR,ERR,ERR,ERR,ERR,ERR,ERR,ERR,ERR,ERR,ERR,ERR,ERR,ERR,ERR,ERR,ERR,ERR,ERR,ERR,ERR,ERR,ERR,ERR,ERR,ERR,ERR,ERR,ERR,ERR,ERR,ERR,ERR,ERR,ERR,ERR,ERR,ERR,ERR,ERR,ERR,ERR,ERR,ERR,ERR,ERR,ERR,ERR,ERR,ERR,ERR,ERR,ERR,ERR,ERR,ERR,ERR,ERR,ERR,ERR,ERR,ERR,ERR,ERR,ERR,ERR,ERR,ERR,ERR,ERR,ERR,ERR,ERR,ERR,ERR,ERR,ERR,ERR,ERR,ERR,ERR,ERR,ERR,ERR,ERR,ERR,ERR,ERR,ERR,ERR,ERR,ERR,ERR,ERR,ERR,ERR,ERR,ERR,ERR,ERR,ERR,ERR,ERR,ERR,ERR,ERR,ERR,ERR,ERR,ERR,ERR,ERR,ERR,ERR,ERR,ERR,ERR,ERR,-0.0,-0.0,0.0,-152005385388032.0,-2.012,1.3936040501711995e+18,7.805,0.0,0,0,4,48904,6720,14723890282496.0,100,0.0,0.0,0.0,-152005385388032.0,0.0,0,0,0,0,0.0,0,0,0,0,0,0,0,0,0,0,0,0,0,0,0,0,0,0,0,0,0,0,0,0,0,0,0,0,0,0,0,0,0,26,51,50,76,65476,0,300,0,0,8,21553,0.0,-107605600.0,0.0,0.0,0.0,0.0,0.0,0.0,0.0,0.0,0.0,0.0,0.0,0.0,0.0,0.0,0.0,0.0,0.0,0.0,0.0,0.0,0.0,-2.004,2.004,-2.004,0.0,0.0,0.0,0.0,4736.0,2.004,7304.0,-0.0,-0.0,0.0,2.7184312818759872e+23,0.0,0.0,0.0,0.0,77,-0.0,-71.629,0.0,0.0,0.0,0.0,0.0,0.0,0.0,0,0,0,0.0,0.0,0.0,0.0,0.0,0.0,0.0,0.0,0.0,0.0,0.0,0.0,0.0,0.0,0.0,0.0,0,-107875648.0,77,0.0,154,0.0,0.0,ERR,ERR,ERR,ERR,ERR,ERR,ERR,ERR,ERR,ERR,ERR,ERR,ERR,ERR,ERR,ERR,ERR,ERR,ERR,ERR,ERR,ERR,ERR,ERR,ERR,ERR,ERR,ERR,ERR,ERR,ERR,ERR,ERR,ERR,ERR,ERR,ERR,ERR,ERR,ERR,ERR,ERR,ERR,ERR,ERR,ERR,ERR,ERR,ERR,ERR,ERR,ERR,ERR,ERR,ERR,ERR,ERR,ERR,ERR,ERR,ERR,ERR,ERR,ERR,ERR,ERR,ERR,34.0,80.0,35,0.0,0.0,0.0,0.0,0.0,0.0,0.0,0.0,0.0,0.0,0.0,0.0,0.0,0.0,0.0,0.0,66.0,0,120,58,54,65476,0,300,0,0,8,20529,65476,0,0,57672,80.0,0.0,0.0,0.0,0.0,0.0
2026-06-18T02:13:31,ERR,ERR,ERR,ERR,ERR,ERR,ERR,ERR,ERR,ERR,ERR,ERR,ERR,ERR,ERR,ERR,ERR,ERR,ERR,ERR,ERR,ERR,ERR,ERR,ERR,ERR,ERR,ERR,ERR,ERR,ERR,ERR,ERR,ERR,ERR,ERR,ERR,ERR,ERR,ERR,ERR,ERR,ERR,ERR,ERR,ERR,ERR,ERR,ERR,ERR,ERR,ERR,ERR,ERR,ERR,ERR,ERR,ERR,ERR,ERR,ERR,ERR,ERR,ERR,ERR,ERR,ERR,ERR,ERR,ERR,ERR,ERR,ERR,ERR,ERR,ERR,ERR,ERR,ERR,ERR,ERR,ERR,ERR,ERR,ERR,ERR,ERR,ERR,ERR,ERR,ERR,ERR,ERR,ERR,ERR,ERR,ERR,ERR,ERR,ERR,ERR,ERR,ERR,ERR,ERR,ERR,ERR,ERR,ERR,ERR,ERR,ERR,ERR,ERR,ERR,ERR,ERR,ERR,ERR,ERR,ERR,ERR,ERR,ERR,ERR,-0.0,-0.0,0.0,-152005385388032.0,-2.012,1.3936040501711995e+18,7.805,0.0,0,0,4,48906,6720,14723890282496.0,100,0.0,0.0,0.0,2.718290229135658e+23,0.0,0,0,0,0,0.0,0,0,0,0,0,0,0,0,0,0,0,0,0,0,0,0,0,0,0,0,0,0,0,0,0,0,0,0,0,0,0,0,0,26,51,50,76,65476,0,300,0,0,8,21553,0.0,-107605600.0,0.0,0.0,0.0,0.0,0.0,0.0,0.0,0.0,0.0,0.0,0.0,0.0,0.0,0.0,0.0,0.0,0.0,0.0,0.0,0.0,0.0,0.0,2.004,-2.004,0.0,0.0,0.0,0.0,4739.0,0.0,7302.0,-0.0,-0.0,0.0,2.7184312818759872e+23,0.0,0.0,0.0,0.0,77,-0.0,-0.0,0.0,0.0,0.0,0.0,0.0,0.0,0.0,0,0,0,0.0,0.0,0.0,0.0,0.0,0.0,0.0,0.0,0.0,0.0,0.0,0.0,0.0,0.0,0.0,0.0,0,-107875648.0,77,0.0,154,0.0,0.0,ERR,ERR,ERR,ERR,ERR,ERR,ERR,ERR,ERR,ERR,ERR,ERR,ERR,ERR,ERR,ERR,ERR,ERR,ERR,ERR,ERR,ERR,ERR,ERR,ERR,ERR,ERR,ERR,ERR,ERR,ERR,ERR,ERR,ERR,ERR,ERR,ERR,ERR,ERR,ERR,ERR,ERR,ERR,ERR,ERR,ERR,ERR,ERR,ERR,ERR,ERR,ERR,ERR,ERR,ERR,ERR,ERR,ERR,ERR,ERR,ERR,ERR,ERR,ERR,ERR,ERR,ERR,34.0,80.0,35,0.0,0.0,0.0,0.0,0.0,0.0,0.0,0.0,0.0,0.0,0.0,0.0,0.0,0.0,0.0,0.0,66.0,0,120,58,54,65476,0,300,0,0,8,20529,65476,0,0,57672,80.0,0.0,0.0,0.0,0.0,0.0
2026-06-18T02:13:32,ERR,ERR,ERR,ERR,ERR,ERR,ERR,ERR,ERR,ERR,ERR,ERR,ERR,ERR,ERR,ERR,ERR,ERR,ERR,ERR,ERR,ERR,ERR,ERR,ERR,ERR,ERR,ERR,ERR,ERR,ERR,ERR,ERR,ERR,ERR,ERR,ERR,ERR,ERR,ERR,ERR,ERR,ERR,ERR,ERR,ERR,ERR,ERR,ERR,ERR,ERR,ERR,ERR,ERR,ERR,ERR,ERR,ERR,ERR,ERR,ERR,ERR,ERR,ERR,ERR,ERR,ERR,ERR,ERR,ERR,ERR,ERR,ERR,ERR,ERR,ERR,ERR,ERR,ERR,ERR,ERR,ERR,ERR,ERR,ERR,ERR,ERR,ERR,ERR,ERR,ERR,ERR,ERR,ERR,ERR,ERR,ERR,ERR,ERR,ERR,ERR,ERR,ERR,ERR,ERR,ERR,ERR,ERR,ERR,ERR,ERR,ERR,ERR,ERR,ERR,ERR,ERR,ERR,ERR,ERR,ERR,ERR,ERR,ERR,ERR,-0.0,-0.0,0.0,-152005385388032.0,-2.012,1.3936040501711995e+18,7.805,0.0,0,0,4,48906,6720,14723890282496.0,100,0.0,0.0,0.0,2.718290229135658e+23,0.0,0,0,0,0,0.0,0,0,0,0,0,0,0,0,0,0,0,0,0,0,0,0,0,0,0,0,0,0,0,0,0,0,0,0,0,0,0,0,0,26,51,50,76,65476,0,300,0,0,8,21553,0.0,-107605600.0,0.0,0.0,0.0,0.0,0.0,0.0,0.0,0.0,0.0,0.0,0.0,0.0,0.0,0.0,0.0,0.0,0.0,0.0,0.0,0.0,0.0,0.0,2.004,-2.004,0.0,0.0,0.0,0.0,4739.0,0.0,7302.0,-0.0,-0.0,0.0,2.7184312818759872e+23,0.0,0.0,0.0,0.0,77,-0.0,-0.0,0.0,0.0,0.0,0.0,0.0,0.0,0.0,0,0,0,0.0,0.0,0.0,0.0,0.0,0.0,0.0,0.0,0.0,0.0,0.0,0.0,0.0,0.0,0.0,0.0,0,-107875648.0,77,0.0,154,0.0,0.0,ERR,ERR,ERR,ERR,ERR,ERR,ERR,ERR,ERR,ERR,ERR,ERR,ERR,ERR,ERR,ERR,ERR,ERR,ERR,ERR,ERR,ERR,ERR,ERR,ERR,ERR,ERR,ERR,ERR,ERR,ERR,ERR,ERR,ERR,ERR,ERR,ERR,ERR,ERR,ERR,ERR,ERR,ERR,ERR,ERR,ERR,ERR,ERR,ERR,ERR,ERR,ERR,ERR,ERR,ERR,ERR,ERR,ERR,ERR,ERR,ERR,ERR,ERR,ERR,ERR,ERR,ERR,34.0,80.0,35,0.0,0.0,0.0,0.0,0.0,0.0,0.0,0.0,0.0,0.0,0.0,0.0,0.0,0.0,0.0,0.0,66.0,0,120,58,54,65476,0,300,0,0,8,20529,65476,0,0,57672,80.0,0.0,0.0,0.0,0.0,0.0
2026-06-18T02:13:33,ERR,ERR,ERR,ERR,ERR,ERR,ERR,ERR,ERR,ERR,ERR,ERR,ERR,ERR,ERR,ERR,ERR,ERR,ERR,ERR,ERR,ERR,ERR,ERR,ERR,ERR,ERR,ERR,ERR,ERR,ERR,ERR,ERR,ERR,ERR,ERR,ERR,ERR,ERR,ERR,ERR,ERR,ERR,ERR,ERR,ERR,ERR,ERR,ERR,ERR,ERR,ERR,ERR,ERR,ERR,ERR,ERR,ERR,ERR,ERR,ERR,ERR,ERR,ERR,ERR,ERR,ERR,ERR,ERR,ERR,ERR,ERR,ERR,ERR,ERR,ERR,ERR,ERR,ERR,ERR,ERR,ERR,ERR,ERR,ERR,ERR,ERR,ERR,ERR,ERR,ERR,ERR,ERR,ERR,ERR,ERR,ERR,ERR,ERR,ERR,ERR,ERR,ERR,ERR,ERR,ERR,ERR,ERR,ERR,ERR,ERR,ERR,ERR,ERR,ERR,ERR,ERR,ERR,ERR,ERR,ERR,ERR,ERR,ERR,ERR,-0.0,-0.0,0.0,-152005385388032.0,-2.012,1.3936040501711995e+18,7.805,0.0,0,0,4,48906,6720,14723890282496.0,100,0.0,0.0,0.0,2.718290229135658e+23,0.0,0,0,0,0,0.0,0,0,0,0,0,0,0,0,0,0,0,0,0,0,0,0,0,0,0,0,0,0,0,0,0,0,0,0,0,0,0,0,0,26,51,50,76,65476,0,300,0,0,8,21553,0.0,-107605600.0,0.0,0.0,0.0,0.0,0.0,0.0,0.0,0.0,0.0,0.0,0.0,0.0,0.0,0.0,0.0,0.0,0.0,0.0,0.0,0.0,0.0,0.0,2.004,-2.004,0.0,0.0,0.0,0.0,4739.0,0.0,7302.0,-0.0,-0.0,0.0,2.7184312818759872e+23,0.0,0.0,0.0,0.0,77,-0.0,-0.0,0.0,0.0,0.0,0.0,0.0,0.0,0.0,0,0,0,0.0,0.0,0.0,0.0,0.0,0.0,0.0,0.0,0.0,0.0,0.0,0.0,0.0,0.0,0.0,0.0,0,-107875648.0,77,0.0,154,0.0,0.0,ERR,ERR,ERR,ERR,ERR,ERR,ERR,ERR,ERR,ERR,ERR,ERR,ERR,ERR,ERR,ERR,ERR,ERR,ERR,ERR,ERR,ERR,ERR,ERR,ERR,ERR,ERR,ERR,ERR,ERR,ERR,ERR,ERR,ERR,ERR,ERR,ERR,ERR,ERR,ERR,ERR,ERR,ERR,ERR,ERR,ERR,ERR,ERR,ERR,ERR,ERR,ERR,ERR,ERR,ERR,ERR,ERR,ERR,ERR,ERR,ERR,ERR,ERR,ERR,ERR,ERR,ERR,34.0,80.0,35,0.0,0.0,0.0,0.0,0.0,0.0,0.0,0.0,0.0,0.0,0.0,0.0,0.0,0.0,0.0,0.0,66.0,0,120,58,54,65476,0,300,0,0,8,20529,65476,0,0,57672,80.0,0.0,0.0,0.0,0.0,0.0
2026-06-18T02:13:34,ERR,ERR,ERR,ERR,ERR,ERR,ERR,ERR,ERR,ERR,ERR,ERR,ERR,ERR,ERR,ERR,ERR,ERR,ERR,ERR,ERR,ERR,ERR,ERR,ERR,ERR,ERR,ERR,ERR,ERR,ERR,ERR,ERR,ERR,ERR,ERR,ERR,ERR,ERR,ERR,ERR,ERR,ERR,ERR,ERR,ERR,ERR,ERR,ERR,ERR,ERR,ERR,ERR,ERR,ERR,ERR,ERR,ERR,ERR,ERR,ERR,ERR,ERR,ERR,ERR,ERR,ERR,ERR,ERR,ERR,ERR,ERR,ERR,ERR,ERR,ERR,ERR,ERR,ERR,ERR,ERR,ERR,ERR,ERR,ERR,ERR,ERR,ERR,ERR,ERR,ERR,ERR,ERR,ERR,ERR,ERR,ERR,ERR,ERR,ERR,ERR,ERR,ERR,ERR,ERR,ERR,ERR,ERR,ERR,ERR,ERR,ERR,ERR,ERR,ERR,ERR,ERR,ERR,ERR,ERR,ERR,ERR,ERR,ERR,ERR,-0.0,-0.0,0.0,-152005385388032.0,-2.012,1.3936040501711995e+18,7.805,0.0,0,0,4,48906,6720,14723890282496.0,100,0.0,0.0,0.0,2.718290229135658e+23,0.0,0,0,0,0,0.0,0,0,0,0,0,0,0,0,0,0,0,0,0,0,0,0,0,0,0,0,0,0,0,0,0,0,0,0,0,0,0,0,0,26,51,50,76,65476,0,300,0,0,8,21553,0.0,-107605600.0,0.0,0.0,0.0,0.0,0.0,0.0,0.0,0.0,0.0,0.0,0.0,0.0,0.0,0.0,0.0,0.0,0.0,0.0,0.0,0.0,0.0,0.0,2.004,-2.004,0.0,0.0,0.0,0.0,4739.0,0.0,7302.0,-0.0,-0.0,0.0,2.7184312818759872e+23,0.0,0.0,0.0,0.0,77,-0.0,-0.0,0.0,0.0,0.0,0.0,0.0,0.0,0.0,0,0,0,0.0,0.0,0.0,0.0,0.0,0.0,0.0,0.0,0.0,0.0,0.0,0.0,0.0,0.0,0.0,0.0,0,-107875648.0,77,0.0,154,0.0,0.0,ERR,ERR,ERR,ERR,ERR,ERR,ERR,ERR,ERR,ERR,ERR,ERR,ERR,ERR,ERR,ERR,ERR,ERR,ERR,ERR,ERR,ERR,ERR,ERR,ERR,ERR,ERR,ERR,ERR,ERR,ERR,ERR,ERR,ERR,ERR,ERR,ERR,ERR,ERR,ERR,ERR,ERR,ERR,ERR,ERR,ERR,ERR,ERR,ERR,ERR,ERR,ERR,ERR,ERR,ERR,ERR,ERR,ERR,ERR,ERR,ERR,ERR,ERR,ERR,ERR,ERR,ERR,34.0,80.0,35,0.0,0.0,0.0,0.0,0.0,0.0,0.0,0.0,0.0,0.0,0.0,0.0,0.0,0.0,0.0,0.0,66.0,0,120,58,54,65476,0,300,0,0,8,20529,65476,0,0,57672,80.0,0.0,0.0,0.0,0.0,0.0
2026-06-18T02:13:35,ERR,ERR,ERR,ERR,ERR,ERR,ERR,ERR,ERR,ERR,ERR,ERR,ERR,ERR,ERR,ERR,ERR,ERR,ERR,ERR,ERR,ERR,ERR,ERR,ERR,ERR,ERR,ERR,ERR,ERR,ERR,ERR,ERR,ERR,ERR,ERR,ERR,ERR,ERR,ERR,ERR,ERR,ERR,ERR,ERR,ERR,ERR,ERR,ERR,ERR,ERR,ERR,ERR,ERR,ERR,ERR,ERR,ERR,ERR,ERR,ERR,ERR,ERR,ERR,ERR,ERR,ERR,ERR,ERR,ERR,ERR,ERR,ERR,ERR,ERR,ERR,ERR,ERR,ERR,ERR,ERR,ERR,ERR,ERR,ERR,ERR,ERR,ERR,ERR,ERR,ERR,ERR,ERR,ERR,ERR,ERR,ERR,ERR,ERR,ERR,ERR,ERR,ERR,ERR,ERR,ERR,ERR,ERR,ERR,ERR,ERR,ERR,ERR,ERR,ERR,ERR,ERR,ERR,ERR,ERR,ERR,ERR,ERR,ERR,ERR,-0.0,-0.0,0.0,-152005385388032.0,-2.012,1.3936040501711995e+18,7.805,0.0,0,0,4,48906,6720,14723890282496.0,100,0.0,0.0,0.0,2.718290229135658e+23,0.0,0,0,0,0,0.0,0,0,0,0,0,0,0,0,0,0,0,0,0,0,0,0,0,0,0,0,0,0,0,0,0,0,0,0,0,0,0,0,0,26,51,50,76,65476,0,300,0,0,8,21553,0.0,-107605600.0,0.0,0.0,0.0,0.0,0.0,0.0,0.0,0.0,0.0,0.0,0.0,0.0,0.0,0.0,0.0,0.0,0.0,0.0,0.0,0.0,0.0,0.0,2.004,-2.004,0.0,0.0,0.0,0.0,4739.0,0.0,7302.0,-0.0,-0.0,0.0,2.7184312818759872e+23,0.0,0.0,0.0,0.0,77,-0.0,-0.0,0.0,0.0,0.0,0.0,0.0,0.0,0.0,0,0,0,0.0,0.0,0.0,0.0,0.0,0.0,0.0,0.0,0.0,0.0,0.0,0.0,0.0,0.0,0.0,0.0,0,-107875648.0,77,0.0,154,0.0,0.0,ERR,ERR,ERR,ERR,ERR,ERR,ERR,ERR,ERR,ERR,ERR,ERR,ERR,ERR,ERR,ERR,ERR,ERR,ERR,ERR,ERR,ERR,ERR,ERR,ERR,ERR,ERR,ERR,ERR,ERR,ERR,ERR,ERR,ERR,ERR,ERR,ERR,ERR,ERR,ERR,ERR,ERR,ERR,ERR,ERR,ERR,ERR,ERR,ERR,ERR,ERR,ERR,ERR,ERR,ERR,ERR,ERR,ERR,ERR,ERR,ERR,ERR,ERR,ERR,ERR,ERR,ERR,34.0,80.0,35,0.0,0.0,0.0,0.0,0.0,0.0,0.0,0.0,0.0,0.0,0.0,0.0,0.0,0.0,0.0,0.0,66.0,0,120,58,54,65476,0,300,0,0,8,20529,65476,0,0,57672,80.0,0.0,0.0,0.0,0.0,0.0
2026-06-18T02:13:36,ERR,ERR,ERR,ERR,ERR,ERR,ERR,ERR,ERR,ERR,ERR,ERR,ERR,ERR,ERR,ERR,ERR,ERR,ERR,ERR,ERR,ERR,ERR,ERR,ERR,ERR,ERR,ERR,ERR,ERR,ERR,ERR,ERR,ERR,ERR,ERR,ERR,ERR,ERR,ERR,ERR,ERR,ERR,ERR,ERR,ERR,ERR,ERR,ERR,ERR,ERR,ERR,ERR,ERR,ERR,ERR,ERR,ERR,ERR,ERR,ERR,ERR,ERR,ERR,ERR,ERR,ERR,ERR,ERR,ERR,ERR,ERR,ERR,ERR,ERR,ERR,ERR,ERR,ERR,ERR,ERR,ERR,ERR,ERR,ERR,ERR,ERR,ERR,ERR,ERR,ERR,ERR,ERR,ERR,ERR,ERR,ERR,ERR,ERR,ERR,ERR,ERR,ERR,ERR,ERR,ERR,ERR,ERR,ERR,ERR,ERR,ERR,ERR,ERR,ERR,ERR,ERR,ERR,ERR,ERR,ERR,ERR,ERR,ERR,ERR,-0.0,-107615392.0,-134999232.0,-152005385388032.0,0.0,1.3936040501711995e+18,7.805,1.1096074633774859e+29,0,0,4,48899,6720,14723890282496.0,100,0.0,0.0,0.0,0.059,0.0,0,0,0,0,0.0,0,0,0,0,0,0,0,0,0,0,0,0,0,0,0,0,0,0,0,0,0,0,0,0,0,0,0,0,0,0,0,0,0,26,51,50,76,65476,0,300,0,0,8,21553,0.0,-107605600.0,0.0,0.0,0.0,0.0,0.0,0.0,0.0,0.0,0.0,0.0,0.0,0.0,0.0,0.0,0.0,0.0,0.0,0.0,0.0,0.0,0.0,-2.004,2.004,-2.004,0.0,0.0,0.0,0.0,4738.0,8608174080.0,7303.0,-0.0,-0.0,0.0,2.7184312818759872e+23,0.0,0.0,0.0,0.0,77,-0.0,-0.0,0.0,0.0,0.0,0.0,0.0,0.0,0.0,0,0,0,0.0,0.0,0.0,0.0,0.0,0.0,0.0,0.0,0.0,0.0,0.0,0.0,0.0,0.0,0.0,0.0,0,-107875648.0,77,0.0,154,0.0,0.0,ERR,ERR,ERR,ERR,ERR,ERR,ERR,ERR,ERR,ERR,ERR,ERR,ERR,ERR,ERR,ERR,ERR,ERR,ERR,ERR,ERR,ERR,ERR,ERR,ERR,ERR,ERR,ERR,ERR,ERR,ERR,ERR,ERR,ERR,ERR,ERR,ERR,ERR,ERR,ERR,ERR,ERR,ERR,ERR,ERR,ERR,ERR,ERR,ERR,ERR,ERR,ERR,ERR,ERR,ERR,ERR,ERR,ERR,ERR,ERR,ERR,ERR,ERR,ERR,ERR,ERR,ERR,34.0,80.0,35,0.0,0.0,0.0,0.0,0.0,0.0,0.0,0.0,0.0,0.0,0.0,0.0,0.0,0.0,0.0,0.0,66.0,0,120,58,54,65476,0,300,0,0,8,20529,65476,0,0,57672,80.0,0.0,0.0,0.0,0.0,0.0
2026-06-18T02:13:37,ERR,ERR,ERR,ERR,ERR,ERR,ERR,ERR,ERR,ERR,ERR,ERR,ERR,ERR,ERR,ERR,ERR,ERR,ERR,ERR,ERR,ERR,ERR,ERR,ERR,ERR,ERR,ERR,ERR,ERR,ERR,ERR,ERR,ERR,ERR,ERR,ERR,ERR,ERR,ERR,ERR,ERR,ERR,ERR,ERR,ERR,ERR,ERR,ERR,ERR,ERR,ERR,ERR,ERR,ERR,ERR,ERR,ERR,ERR,ERR,ERR,ERR,ERR,ERR,ERR,ERR,ERR,ERR,ERR,ERR,ERR,ERR,ERR,ERR,ERR,ERR,ERR,ERR,ERR,ERR,ERR,ERR,ERR,ERR,ERR,ERR,ERR,ERR,ERR,ERR,ERR,ERR,ERR,ERR,ERR,ERR,ERR,ERR,ERR,ERR,ERR,ERR,ERR,ERR,ERR,ERR,ERR,ERR,ERR,ERR,ERR,ERR,ERR,ERR,ERR,ERR,ERR,ERR,ERR,ERR,ERR,ERR,ERR,ERR,ERR,-0.0,-107615392.0,-134999232.0,-152005385388032.0,0.0,1.3936040501711995e+18,7.805,1.1096074633774859e+29,0,0,4,48899,6720,14723890282496.0,100,0.0,0.0,0.0,0.059,0.0,0,0,0,0,0.0,0,0,0,0,0,0,0,0,0,0,0,0,0,0,0,0,0,0,0,0,0,0,0,0,0,0,0,0,0,0,0,0,0,26,51,50,76,65476,0,300,0,0,8,21553,0.0,-107605600.0,0.0,0.0,0.0,0.0,0.0,0.0,0.0,0.0,0.0,0.0,0.0,0.0,0.0,0.0,0.0,0.0,0.0,0.0,0.0,0.0,0.0,-2.004,2.004,-2.004,0.0,0.0,0.0,0.0,4738.0,8608174080.0,7303.0,-0.0,-0.0,0.0,2.7184312818759872e+23,0.0,0.0,0.0,0.0,77,-0.0,-0.0,0.0,0.0,0.0,0.0,0.0,0.0,0.0,0,0,0,0.0,0.0,0.0,0.0,0.0,0.0,0.0,0.0,0.0,0.0,0.0,0.0,0.0,0.0,0.0,0.0,0,-107875648.0,77,0.0,154,0.0,0.0,ERR,ERR,ERR,ERR,ERR,ERR,ERR,ERR,ERR,ERR,ERR,ERR,ERR,ERR,ERR,ERR,ERR,ERR,ERR,ERR,ERR,ERR,ERR,ERR,ERR,ERR,ERR,ERR,ERR,ERR,ERR,ERR,ERR,ERR,ERR,ERR,ERR,ERR,ERR,ERR,ERR,ERR,ERR,ERR,ERR,ERR,ERR,ERR,ERR,ERR,ERR,ERR,ERR,ERR,ERR,ERR,ERR,ERR,ERR,ERR,ERR,ERR,ERR,ERR,ERR,ERR,ERR,34.0,80.0,35,0.0,0.0,0.0,0.0,0.0,0.0,0.0,0.0,0.0,0.0,0.0,0.0,0.0,0.0,0.0,0.0,66.0,0,120,58,54,65476,0,300,0,0,8,20529,65476,0,0,57672,80.0,0.0,0.0,0.0,0.0,0.0
2026-06-18T02:13:38,ERR,ERR,ERR,ERR,ERR,ERR,ERR,ERR,ERR,ERR,ERR,ERR,ERR,ERR,ERR,ERR,ERR,ERR,ERR,ERR,ERR,ERR,ERR,ERR,ERR,ERR,ERR,ERR,ERR,ERR,ERR,ERR,ERR,ERR,ERR,ERR,ERR,ERR,ERR,ERR,ERR,ERR,ERR,ERR,ERR,ERR,ERR,ERR,ERR,ERR,ERR,ERR,ERR,ERR,ERR,ERR,ERR,ERR,ERR,ERR,ERR,ERR,ERR,ERR,ERR,ERR,ERR,ERR,ERR,ERR,ERR,ERR,ERR,ERR,ERR,ERR,ERR,ERR,ERR,ERR,ERR,ERR,ERR,ERR,ERR,ERR,ERR,ERR,ERR,ERR,ERR,ERR,ERR,ERR,ERR,ERR,ERR,ERR,ERR,ERR,ERR,ERR,ERR,ERR,ERR,ERR,ERR,ERR,ERR,ERR,ERR,ERR,ERR,ERR,ERR,ERR,ERR,ERR,ERR,ERR,ERR,ERR,ERR,ERR,ERR,-0.0,-107615392.0,-134999232.0,-152005385388032.0,0.0,1.3936040501711995e+18,7.805,1.1096074633774859e+29,0,0,4,48899,6720,14723890282496.0,100,0.0,0.0,0.0,0.059,0.0,0,0,0,0,0.0,0,0,0,0,0,0,0,0,0,0,0,0,0,0,0,0,0,0,0,0,0,0,0,0,0,0,0,0,0,0,0,0,0,26,51,50,76,65476,0,300,0,0,8,21553,0.0,-107605600.0,0.0,0.0,0.0,0.0,0.0,0.0,0.0,0.0,0.0,0.0,0.0,0.0,0.0,0.0,0.0,0.0,0.0,0.0,0.0,0.0,0.0,-2.004,2.004,-2.004,0.0,0.0,0.0,0.0,4738.0,8608174080.0,7303.0,-0.0,-0.0,0.0,2.7184312818759872e+23,0.0,0.0,0.0,0.0,77,-0.0,-0.0,0.0,0.0,0.0,0.0,0.0,0.0,0.0,0,0,0,0.0,0.0,0.0,0.0,0.0,0.0,0.0,0.0,0.0,0.0,0.0,0.0,0.0,0.0,0.0,0.0,0,-107875648.0,77,0.0,154,0.0,0.0,ERR,ERR,ERR,ERR,ERR,ERR,ERR,ERR,ERR,ERR,ERR,ERR,ERR,ERR,ERR,ERR,ERR,ERR,ERR,ERR,ERR,ERR,ERR,ERR,ERR,ERR,ERR,ERR,ERR,ERR,ERR,ERR,ERR,ERR,ERR,ERR,ERR,ERR,ERR,ERR,ERR,ERR,ERR,ERR,ERR,ERR,ERR,ERR,ERR,ERR,ERR,ERR,ERR,ERR,ERR,ERR,ERR,ERR,ERR,ERR,ERR,ERR,ERR,ERR,ERR,ERR,ERR,34.0,80.0,35,0.0,0.0,0.0,0.0,0.0,0.0,0.0,0.0,0.0,0.0,0.0,0.0,0.0,0.0,0.0,0.0,66.0,0,120,58,54,65476,0,300,0,0,8,20529,65476,0,0,57672,80.0,0.0,0.0,0.0,0.0,0.0
2026-06-18T02:13:39,ERR,ERR,ERR,ERR,ERR,ERR,ERR,ERR,ERR,ERR,ERR,ERR,ERR,ERR,ERR,ERR,ERR,ERR,ERR,ERR,ERR,ERR,ERR,ERR,ERR,ERR,ERR,ERR,ERR,ERR,ERR,ERR,ERR,ERR,ERR,ERR,ERR,ERR,ERR,ERR,ERR,ERR,ERR,ERR,ERR,ERR,ERR,ERR,ERR,ERR,ERR,ERR,ERR,ERR,ERR,ERR,ERR,ERR,ERR,ERR,ERR,ERR,ERR,ERR,ERR,ERR,ERR,ERR,ERR,ERR,ERR,ERR,ERR,ERR,ERR,ERR,ERR,ERR,ERR,ERR,ERR,ERR,ERR,ERR,ERR,ERR,ERR,ERR,ERR,ERR,ERR,ERR,ERR,ERR,ERR,ERR,ERR,ERR,ERR,ERR,ERR,ERR,ERR,ERR,ERR,ERR,ERR,ERR,ERR,ERR,ERR,ERR,ERR,ERR,ERR,ERR,ERR,ERR,ERR,ERR,ERR,ERR,ERR,ERR,ERR,-0.0,-107615392.0,-134999232.0,-152005385388032.0,0.0,1.3936040501711995e+18,7.805,1.1096074633774859e+29,0,0,4,48899,6720,14723890282496.0,100,0.0,0.0,0.0,0.059,0.0,0,0,0,0,0.0,0,0,0,0,0,0,0,0,0,0,0,0,0,0,0,0,0,0,0,0,0,0,0,0,0,0,0,0,0,0,0,0,0,26,51,50,76,65476,0,300,0,0,8,21553,0.0,-107605600.0,0.0,0.0,0.0,0.0,0.0,0.0,0.0,0.0,0.0,0.0,0.0,0.0,0.0,0.0,0.0,0.0,0.0,0.0,0.0,0.0,0.0,-2.004,2.004,-2.004,0.0,0.0,0.0,0.0,4738.0,8608174080.0,7303.0,-0.0,-0.0,0.0,2.7184312818759872e+23,0.0,0.0,0.0,0.0,77,-0.0,-0.0,0.0,0.0,0.0,0.0,0.0,0.0,0.0,0,0,0,0.0,0.0,0.0,0.0,0.0,0.0,0.0,0.0,0.0,0.0,0.0,0.0,0.0,0.0,0.0,0.0,0,-107875648.0,77,0.0,154,0.0,0.0,ERR,ERR,ERR,ERR,ERR,ERR,ERR,ERR,ERR,ERR,ERR,ERR,ERR,ERR,ERR,ERR,ERR,ERR,ERR,ERR,ERR,ERR,ERR,ERR,ERR,ERR,ERR,ERR,ERR,ERR,ERR,ERR,ERR,ERR,ERR,ERR,ERR,ERR,ERR,ERR,ERR,ERR,ERR,ERR,ERR,ERR,ERR,ERR,ERR,ERR,ERR,ERR,ERR,ERR,ERR,ERR,ERR,ERR,ERR,ERR,ERR,ERR,ERR,ERR,ERR,ERR,ERR,34.0,80.0,35,0.0,0.0,0.0,0.0,0.0,0.0,0.0,0.0,0.0,0.0,0.0,0.0,0.0,0.0,0.0,0.0,66.0,0,120,58,54,65476,0,300,0,0,8,20529,65476,0,0,57672,80.0,0.0,0.0,0.0,0.0,0.0
2026-06-18T02:13:40,ERR,ERR,ERR,ERR,ERR,ERR,ERR,ERR,ERR,ERR,ERR,ERR,ERR,ERR,ERR,ERR,ERR,ERR,ERR,ERR,ERR,ERR,ERR,ERR,ERR,ERR,ERR,ERR,ERR,ERR,ERR,ERR,ERR,ERR,ERR,ERR,ERR,ERR,ERR,ERR,ERR,ERR,ERR,ERR,ERR,ERR,ERR,ERR,ERR,ERR,ERR,ERR,ERR,ERR,ERR,ERR,ERR,ERR,ERR,ERR,ERR,ERR,ERR,ERR,ERR,ERR,ERR,ERR,ERR,ERR,ERR,ERR,ERR,ERR,ERR,ERR,ERR,ERR,ERR,ERR,ERR,ERR,ERR,ERR,ERR,ERR,ERR,ERR,ERR,ERR,ERR,ERR,ERR,ERR,ERR,ERR,ERR,ERR,ERR,ERR,ERR,ERR,ERR,ERR,ERR,ERR,ERR,ERR,ERR,ERR,ERR,ERR,ERR,ERR,ERR,ERR,ERR,ERR,ERR,ERR,ERR,ERR,ERR,ERR,ERR,-0.0,-107615392.0,-134999232.0,-152005385388032.0,0.0,1.3936040501711995e+18,7.805,1.1096074633774859e+29,0,0,4,48899,6720,14723890282496.0,100,0.0,0.0,0.0,0.059,0.0,0,0,0,0,0.0,0,0,0,0,0,0,0,0,0,0,0,0,0,0,0,0,0,0,0,0,0,0,0,0,0,0,0,0,0,0,0,0,0,26,51,50,76,65476,0,300,0,0,8,21553,0.0,-107605600.0,0.0,0.0,0.0,0.0,0.0,0.0,0.0,0.0,0.0,0.0,0.0,0.0,0.0,0.0,0.0,0.0,0.0,0.0,0.0,0.0,0.0,-2.004,2.004,-2.004,0.0,0.0,0.0,0.0,4738.0,8608174080.0,7303.0,-0.0,-0.0,0.0,2.7184312818759872e+23,0.0,0.0,0.0,0.0,77,-0.0,-0.0,0.0,0.0,0.0,0.0,0.0,0.0,0.0,0,0,0,0.0,0.0,0.0,0.0,0.0,0.0,0.0,0.0,0.0,0.0,0.0,0.0,0.0,0.0,0.0,0.0,0,-107875648.0,77,0.0,154,0.0,0.0,ERR,ERR,ERR,ERR,ERR,ERR,ERR,ERR,ERR,ERR,ERR,ERR,ERR,ERR,ERR,ERR,ERR,ERR,ERR,ERR,ERR,ERR,ERR,ERR,ERR,ERR,ERR,ERR,ERR,ERR,ERR,ERR,ERR,ERR,ERR,ERR,ERR,ERR,ERR,ERR,ERR,ERR,ERR,ERR,ERR,ERR,ERR,ERR,ERR,ERR,ERR,ERR,ERR,ERR,ERR,ERR,ERR,ERR,ERR,ERR,ERR,ERR,ERR,ERR,ERR,ERR,ERR,34.0,80.0,35,0.0,0.0,0.0,0.0,0.0,0.0,0.0,0.0,0.0,0.0,0.0,0.0,0.0,0.0,0.0,0.0,66.0,0,120,58,54,65476,0,300,0,0,8,20529,65476,0,0,57672,80.0,0.0,0.0,0.0,0.0,0.0
2026-06-18T02:13:41,ERR,ERR,ERR,ERR,ERR,ERR,ERR,ERR,ERR,ERR,ERR,ERR,ERR,ERR,ERR,ERR,ERR,ERR,ERR,ERR,ERR,ERR,ERR,ERR,ERR,ERR,ERR,ERR,ERR,ERR,ERR,ERR,ERR,ERR,ERR,ERR,ERR,ERR,ERR,ERR,ERR,ERR,ERR,ERR,ERR,ERR,ERR,ERR,ERR,ERR,ERR,ERR,ERR,ERR,ERR,ERR,ERR,ERR,ERR,ERR,ERR,ERR,ERR,ERR,ERR,ERR,ERR,ERR,ERR,ERR,ERR,ERR,ERR,ERR,ERR,ERR,ERR,ERR,ERR,ERR,ERR,ERR,ERR,ERR,ERR,ERR,ERR,ERR,ERR,ERR,ERR,ERR,ERR,ERR,ERR,ERR,ERR,ERR,ERR,ERR,ERR,ERR,ERR,ERR,ERR,ERR,ERR,ERR,ERR,ERR,ERR,ERR,ERR,ERR,ERR,ERR,ERR,ERR,ERR,ERR,ERR,ERR,ERR,ERR,ERR,-0.0,-107615392.0,-134999232.0,-152005385388032.0,0.0,1.3936040501711995e+18,7.805,1.1096074633774859e+29,0,0,4,48899,6720,14723890282496.0,100,0.0,0.0,0.0,0.059,0.0,0,0,0,0,0.0,0,0,0,0,0,0,0,0,0,0,0,0,0,0,0,0,0,0,0,0,0,0,0,0,0,0,0,0,0,0,0,0,0,26,51,50,76,65476,0,300,0,0,8,21553,0.0,-107605600.0,0.0,0.0,0.0,0.0,0.0,0.0,0.0,0.0,0.0,0.0,0.0,0.0,0.0,0.0,0.0,0.0,0.0,0.0,0.0,0.0,0.0,-2.004,2.004,-2.004,0.0,0.0,0.0,0.0,4738.0,8608174080.0,7303.0,-0.0,-0.0,0.0,2.7184312818759872e+23,0.0,0.0,0.0,0.0,77,-0.0,-0.0,0.0,0.0,0.0,0.0,0.0,0.0,0.0,0,0,0,0.0,0.0,0.0,0.0,0.0,0.0,0.0,0.0,0.0,0.0,0.0,0.0,0.0,0.0,0.0,0.0,0,-107875648.0,77,0.0,154,0.0,0.0,ERR,ERR,ERR,ERR,ERR,ERR,ERR,ERR,ERR,ERR,ERR,ERR,ERR,ERR,ERR,ERR,ERR,ERR,ERR,ERR,ERR,ERR,ERR,ERR,ERR,ERR,ERR,ERR,ERR,ERR,ERR,ERR,ERR,ERR,ERR,ERR,ERR,ERR,ERR,ERR,ERR,ERR,ERR,ERR,ERR,ERR,ERR,ERR,ERR,ERR,ERR,ERR,ERR,ERR,ERR,ERR,ERR,ERR,ERR,ERR,ERR,ERR,ERR,ERR,ERR,ERR,ERR,34.0,80.0,35,0.0,0.0,0.0,0.0,0.0,0.0,0.0,0.0,0.0,0.0,0.0,0.0,0.0,0.0,0.0,0.0,66.0,0,120,58,54,65476,0,300,0,0,8,20529,65476,0,0,57672,80.0,0.0,0.0,0.0,0.0,0.0
2026-06-18T02:13:42,ERR,ERR,ERR,ERR,ERR,ERR,ERR,ERR,ERR,ERR,ERR,ERR,ERR,ERR,ERR,ERR,ERR,ERR,ERR,ERR,ERR,ERR,ERR,ERR,ERR,ERR,ERR,ERR,ERR,ERR,ERR,ERR,ERR,ERR,ERR,ERR,ERR,ERR,ERR,ERR,ERR,ERR,ERR,ERR,ERR,ERR,ERR,ERR,ERR,ERR,ERR,ERR,ERR,ERR,ERR,ERR,ERR,ERR,ERR,ERR,ERR,ERR,ERR,ERR,ERR,ERR,ERR,ERR,ERR,ERR,ERR,ERR,ERR,ERR,ERR,ERR,ERR,ERR,ERR,ERR,ERR,ERR,ERR,ERR,ERR,ERR,ERR,ERR,ERR,ERR,ERR,ERR,ERR,ERR,ERR,ERR,ERR,ERR,ERR,ERR,ERR,ERR,ERR,ERR,ERR,ERR,ERR,ERR,ERR,ERR,ERR,ERR,ERR,ERR,ERR,ERR,ERR,ERR,ERR,ERR,ERR,ERR,ERR,ERR,ERR,-0.0,-107615392.0,-134999232.0,0.059,0.0,1.3936040501711995e+18,7.805,234.267,0,0,4,48906,6720,14723890282496.0,100,0.0,0.0,0.0,0.059,0.0,0,0,0,0,0.0,0,0,0,0,0,0,0,0,0,0,0,0,0,0,0,0,0,0,0,0,0,0,0,0,0,0,0,0,0,0,0,0,0,26,51,50,76,65476,0,300,0,0,8,21553,0.0,-107605600.0,0.0,0.0,0.0,0.0,0.0,0.0,0.0,0.0,0.0,0.0,0.0,0.0,0.0,0.0,0.0,0.0,0.0,0.0,0.0,0.0,0.0,-2.004,2.004,-2.004,0.0,0.0,0.0,0.0,4738.0,0.0,7303.0,-0.0,-107615392.0,0.0,2.7184312818759872e+23,0.0,0.0,0.0,0.0,77,-0.0,-0.0,0.0,0.0,0.0,0.0,0.0,0.0,0.0,0,0,0,0.0,0.0,0.0,0.0,0.0,0.0,0.0,0.0,0.0,0.0,0.0,0.0,0.0,0.0,0.0,0.0,0,-107875648.0,77,0.0,154,0.0,0.0,ERR,ERR,ERR,ERR,ERR,ERR,ERR,ERR,ERR,ERR,ERR,ERR,ERR,ERR,ERR,ERR,ERR,ERR,ERR,ERR,ERR,ERR,ERR,ERR,ERR,ERR,ERR,ERR,ERR,ERR,ERR,ERR,ERR,ERR,ERR,ERR,ERR,ERR,ERR,ERR,ERR,ERR,ERR,ERR,ERR,ERR,ERR,ERR,ERR,ERR,ERR,ERR,ERR,ERR,ERR,ERR,ERR,ERR,ERR,ERR,ERR,ERR,ERR,ERR,ERR,ERR,ERR,34.0,80.0,35,0.0,0.0,0.0,0.0,0.0,0.0,0.0,0.0,0.0,0.0,0.0,0.0,0.0,0.0,0.0,0.0,66.4,0,120,58,54,65476,0,300,0,0,8,20529,65476,0,0,57672,80.0,0.0,0.0,0.0,0.0,0.0
2026-06-18T02:13:43,ERR,ERR,ERR,ERR,ERR,ERR,ERR,ERR,ERR,ERR,ERR,ERR,ERR,ERR,ERR,ERR,ERR,ERR,ERR,ERR,ERR,ERR,ERR,ERR,ERR,ERR,ERR,ERR,ERR,ERR,ERR,ERR,ERR,ERR,ERR,ERR,ERR,ERR,ERR,ERR,ERR,ERR,ERR,ERR,ERR,ERR,ERR,ERR,ERR,ERR,ERR,ERR,ERR,ERR,ERR,ERR,ERR,ERR,ERR,ERR,ERR,ERR,ERR,ERR,ERR,ERR,ERR,ERR,ERR,ERR,ERR,ERR,ERR,ERR,ERR,ERR,ERR,ERR,ERR,ERR,ERR,ERR,ERR,ERR,ERR,ERR,ERR,ERR,ERR,ERR,ERR,ERR,ERR,ERR,ERR,ERR,ERR,ERR,ERR,ERR,ERR,ERR,ERR,ERR,ERR,ERR,ERR,ERR,ERR,ERR,ERR,ERR,ERR,ERR,ERR,ERR,ERR,ERR,ERR,ERR,ERR,ERR,ERR,ERR,ERR,-0.0,-107615392.0,-134999232.0,0.059,0.0,1.3936040501711995e+18,7.805,234.267,0,0,4,48906,6720,14723890282496.0,100,0.0,0.0,0.0,0.059,0.0,0,0,0,0,0.0,0,0,0,0,0,0,0,0,0,0,0,0,0,0,0,0,0,0,0,0,0,0,0,0,0,0,0,0,0,0,0,0,0,26,51,50,76,65476,0,300,0,0,8,21553,0.0,-107605600.0,0.0,0.0,0.0,0.0,0.0,0.0,0.0,0.0,0.0,0.0,0.0,0.0,0.0,0.0,0.0,0.0,0.0,0.0,0.0,0.0,0.0,-2.004,2.004,-2.004,0.0,0.0,0.0,0.0,4738.0,0.0,7303.0,-0.0,-107615392.0,0.0,2.7184312818759872e+23,0.0,0.0,0.0,0.0,77,-0.0,-0.0,0.0,0.0,0.0,0.0,0.0,0.0,0.0,0,0,0,0.0,0.0,0.0,0.0,0.0,0.0,0.0,0.0,0.0,0.0,0.0,0.0,0.0,0.0,0.0,0.0,0,-107875648.0,77,0.0,154,0.0,0.0,ERR,ERR,ERR,ERR,ERR,ERR,ERR,ERR,ERR,ERR,ERR,ERR,ERR,ERR,ERR,ERR,ERR,ERR,ERR,ERR,ERR,ERR,ERR,ERR,ERR,ERR,ERR,ERR,ERR,ERR,ERR,ERR,ERR,ERR,ERR,ERR,ERR,ERR,ERR,ERR,ERR,ERR,ERR,ERR,ERR,ERR,ERR,ERR,ERR,ERR,ERR,ERR,ERR,ERR,ERR,ERR,ERR,ERR,ERR,ERR,ERR,ERR,ERR,ERR,ERR,ERR,ERR,34.0,80.0,35,0.0,0.0,0.0,0.0,0.0,0.0,0.0,0.0,0.0,0.0,0.0,0.0,0.0,0.0,0.0,0.0,66.0,0,120,58,54,65476,0,300,0,0,8,20529,65476,0,0,57672,80.0,0.0,0.0,0.0,0.0,0.0
2026-06-18T02:13:44,ERR,ERR,ERR,ERR,ERR,ERR,ERR,ERR,ERR,ERR,ERR,ERR,ERR,ERR,ERR,ERR,ERR,ERR,ERR,ERR,ERR,ERR,ERR,ERR,ERR,ERR,ERR,ERR,ERR,ERR,ERR,ERR,ERR,ERR,ERR,ERR,ERR,ERR,ERR,ERR,ERR,ERR,ERR,ERR,ERR,ERR,ERR,ERR,ERR,ERR,ERR,ERR,ERR,ERR,ERR,ERR,ERR,ERR,ERR,ERR,ERR,ERR,ERR,ERR,ERR,ERR,ERR,ERR,ERR,ERR,ERR,ERR,ERR,ERR,ERR,ERR,ERR,ERR,ERR,ERR,ERR,ERR,ERR,ERR,ERR,ERR,ERR,ERR,ERR,ERR,ERR,ERR,ERR,ERR,ERR,ERR,ERR,ERR,ERR,ERR,ERR,ERR,ERR,ERR,ERR,ERR,ERR,ERR,ERR,ERR,ERR,ERR,ERR,ERR,ERR,ERR,ERR,ERR,ERR,ERR,ERR,ERR,ERR,ERR,ERR,-0.0,-107615392.0,-134999232.0,0.059,0.0,1.3936040501711995e+18,7.805,234.267,0,0,4,48906,6720,14723890282496.0,100,0.0,0.0,0.0,0.059,0.0,0,0,0,0,0.0,0,0,0,0,0,0,0,0,0,0,0,0,0,0,0,0,0,0,0,0,0,0,0,0,0,0,0,0,0,0,0,0,0,26,51,50,76,65476,0,300,0,0,8,21553,0.0,-107605600.0,0.0,0.0,0.0,0.0,0.0,0.0,0.0,0.0,0.0,0.0,0.0,0.0,0.0,0.0,0.0,0.0,0.0,0.0,0.0,0.0,0.0,-2.004,2.004,-2.004,0.0,0.0,0.0,0.0,4738.0,0.0,7303.0,-0.0,-107615392.0,0.0,2.7184312818759872e+23,0.0,0.0,0.0,0.0,77,-0.0,-0.0,0.0,0.0,0.0,0.0,0.0,0.0,0.0,0,0,0,0.0,0.0,0.0,0.0,0.0,0.0,0.0,0.0,0.0,0.0,0.0,0.0,0.0,0.0,0.0,0.0,0,-107875648.0,77,0.0,154,0.0,0.0,ERR,ERR,ERR,ERR,ERR,ERR,ERR,ERR,ERR,ERR,ERR,ERR,ERR,ERR,ERR,ERR,ERR,ERR,ERR,ERR,ERR,ERR,ERR,ERR,ERR,ERR,ERR,ERR,ERR,ERR,ERR,ERR,ERR,ERR,ERR,ERR,ERR,ERR,ERR,ERR,ERR,ERR,ERR,ERR,ERR,ERR,ERR,ERR,ERR,ERR,ERR,ERR,ERR,ERR,ERR,ERR,ERR,ERR,ERR,ERR,ERR,ERR,ERR,ERR,ERR,ERR,ERR,34.0,80.0,35,0.0,0.0,0.0,0.0,0.0,0.0,0.0,0.0,0.0,0.0,0.0,0.0,0.0,0.0,0.0,0.0,66.0,0,120,58,54,65476,0,300,0,0,8,20529,65476,0,0,57672,80.0,0.0,0.0,0.0,0.0,0.0
2026-06-18T02:13:45,ERR,ERR,ERR,ERR,ERR,ERR,ERR,ERR,ERR,ERR,ERR,ERR,ERR,ERR,ERR,ERR,ERR,ERR,ERR,ERR,ERR,ERR,ERR,ERR,ERR,ERR,ERR,ERR,ERR,ERR,ERR,ERR,ERR,ERR,ERR,ERR,ERR,ERR,ERR,ERR,ERR,ERR,ERR,ERR,ERR,ERR,ERR,ERR,ERR,ERR,ERR,ERR,ERR,ERR,ERR,ERR,ERR,ERR,ERR,ERR,ERR,ERR,ERR,ERR,ERR,ERR,ERR,ERR,ERR,ERR,ERR,ERR,ERR,ERR,ERR,ERR,ERR,ERR,ERR,ERR,ERR,ERR,ERR,ERR,ERR,ERR,ERR,ERR,ERR,ERR,ERR,ERR,ERR,ERR,ERR,ERR,ERR,ERR,ERR,ERR,ERR,ERR,ERR,ERR,ERR,ERR,ERR,ERR,ERR,ERR,ERR,ERR,ERR,ERR,ERR,ERR,ERR,ERR,ERR,ERR,ERR,ERR,ERR,ERR,ERR,-0.0,-107615392.0,-134999232.0,0.059,0.0,1.3936040501711995e+18,7.805,234.267,0,0,4,48906,6720,14723890282496.0,100,0.0,0.0,0.0,0.059,0.0,0,0,0,0,0.0,0,0,0,0,0,0,0,0,0,0,0,0,0,0,0,0,0,0,0,0,0,0,0,0,0,0,0,0,0,0,0,0,0,26,51,50,76,65476,0,300,0,0,8,21553,0.0,-107605600.0,0.0,0.0,0.0,0.0,0.0,0.0,0.0,0.0,0.0,0.0,0.0,0.0,0.0,0.0,0.0,0.0,0.0,0.0,0.0,0.0,0.0,-2.004,2.004,-2.004,0.0,0.0,0.0,0.0,4738.0,0.0,7303.0,-0.0,-107615392.0,0.0,2.7184312818759872e+23,0.0,0.0,0.0,0.0,77,-0.0,-0.0,0.0,0.0,0.0,0.0,0.0,0.0,0.0,0,0,0,0.0,0.0,0.0,0.0,0.0,0.0,0.0,0.0,0.0,0.0,0.0,0.0,0.0,0.0,0.0,0.0,0,-107875648.0,77,0.0,154,0.0,0.0,ERR,ERR,ERR,ERR,ERR,ERR,ERR,ERR,ERR,ERR,ERR,ERR,ERR,ERR,ERR,ERR,ERR,ERR,ERR,ERR,ERR,ERR,ERR,ERR,ERR,ERR,ERR,ERR,ERR,ERR,ERR,ERR,ERR,ERR,ERR,ERR,ERR,ERR,ERR,ERR,ERR,ERR,ERR,ERR,ERR,ERR,ERR,ERR,ERR,ERR,ERR,ERR,ERR,ERR,ERR,ERR,ERR,ERR,ERR,ERR,ERR,ERR,ERR,ERR,ERR,ERR,ERR,34.0,80.0,35,0.0,0.0,0.0,0.0,0.0,0.0,0.0,0.0,0.0,0.0,0.0,0.0,0.0,0.0,0.0,0.0,66.0,0,120,58,54,65476,0,300,0,0,8,20529,65476,0,0,57672,80.0,0.0,0.0,0.0,0.0,0.0
2026-06-18T02:13:46,ERR,ERR,ERR,ERR,ERR,ERR,ERR,ERR,ERR,ERR,ERR,ERR,ERR,ERR,ERR,ERR,ERR,ERR,ERR,ERR,ERR,ERR,ERR,ERR,ERR,ERR,ERR,ERR,ERR,ERR,ERR,ERR,ERR,ERR,ERR,ERR,ERR,ERR,ERR,ERR,ERR,ERR,ERR,ERR,ERR,ERR,ERR,ERR,ERR,ERR,ERR,ERR,ERR,ERR,ERR,ERR,ERR,ERR,ERR,ERR,ERR,ERR,ERR,ERR,ERR,ERR,ERR,ERR,ERR,ERR,ERR,ERR,ERR,ERR,ERR,ERR,ERR,ERR,ERR,ERR,ERR,ERR,ERR,ERR,ERR,ERR,ERR,ERR,ERR,ERR,ERR,ERR,ERR,ERR,ERR,ERR,ERR,ERR,ERR,ERR,ERR,ERR,ERR,ERR,ERR,ERR,ERR,ERR,ERR,ERR,ERR,ERR,ERR,ERR,ERR,ERR,ERR,ERR,ERR,ERR,ERR,ERR,ERR,ERR,ERR,-0.0,-107615392.0,-134999232.0,0.059,0.0,1.3936040501711995e+18,7.805,234.267,0,0,4,48906,6720,14723890282496.0,100,0.0,0.0,0.0,0.059,0.0,0,0,0,0,0.0,0,0,0,0,0,0,0,0,0,0,0,0,0,0,0,0,0,0,0,0,0,0,0,0,0,0,0,0,0,0,0,0,0,26,51,50,76,65476,0,300,0,0,8,21553,0.0,-107605600.0,0.0,0.0,0.0,0.0,0.0,0.0,0.0,0.0,0.0,0.0,0.0,0.0,0.0,0.0,0.0,0.0,0.0,0.0,0.0,0.0,0.0,-2.004,2.004,-2.004,0.0,0.0,0.0,0.0,4738.0,0.0,7303.0,-0.0,-107615392.0,0.0,2.7184312818759872e+23,0.0,0.0,0.0,0.0,77,-0.0,-0.0,0.0,0.0,0.0,0.0,0.0,0.0,0.0,0,0,0,0.0,0.0,0.0,0.0,0.0,0.0,0.0,0.0,0.0,0.0,0.0,0.0,0.0,0.0,0.0,0.0,0,-107875648.0,77,0.0,154,0.0,0.0,ERR,ERR,ERR,ERR,ERR,ERR,ERR,ERR,ERR,ERR,ERR,ERR,ERR,ERR,ERR,ERR,ERR,ERR,ERR,ERR,ERR,ERR,ERR,ERR,ERR,ERR,ERR,ERR,ERR,ERR,ERR,ERR,ERR,ERR,ERR,ERR,ERR,ERR,ERR,ERR,ERR,ERR,ERR,ERR,ERR,ERR,ERR,ERR,ERR,ERR,ERR,ERR,ERR,ERR,ERR,ERR,ERR,ERR,ERR,ERR,ERR,ERR,ERR,ERR,ERR,ERR,ERR,34.0,80.0,35,0.0,0.0,0.0,0.0,0.0,0.0,0.0,0.0,0.0,0.0,0.0,0.0,0.0,0.0,0.0,0.0,66.0,0,120,58,54,65476,0,300,0,0,8,20529,65476,0,0,57672,80.0,0.0,0.0,0.0,0.0,0.0
2026-06-18T02:13:47,ERR,ERR,ERR,ERR,ERR,ERR,ERR,ERR,ERR,ERR,ERR,ERR,ERR,ERR,ERR,ERR,ERR,ERR,ERR,ERR,ERR,ERR,ERR,ERR,ERR,ERR,ERR,ERR,ERR,ERR,ERR,ERR,ERR,ERR,ERR,ERR,ERR,ERR,ERR,ERR,ERR,ERR,ERR,ERR,ERR,ERR,ERR,ERR,ERR,ERR,ERR,ERR,ERR,ERR,ERR,ERR,ERR,ERR,ERR,ERR,ERR,ERR,ERR,ERR,ERR,ERR,ERR,ERR,ERR,ERR,ERR,ERR,ERR,ERR,ERR,ERR,ERR,ERR,ERR,ERR,ERR,ERR,ERR,ERR,ERR,ERR,ERR,ERR,ERR,ERR,ERR,ERR,ERR,ERR,ERR,ERR,ERR,ERR,ERR,ERR,ERR,ERR,ERR,ERR,ERR,ERR,ERR,ERR,ERR,ERR,ERR,ERR,ERR,ERR,ERR,ERR,ERR,ERR,ERR,ERR,ERR,ERR,ERR,ERR,ERR,-0.0,-0.0,0.0,-0.0,-0.0,1.3936040501711995e+18,7.805,0.0,0,0,4,48902,6720,14723890282496.0,100,0.0,0.0,0.0,89215.008,0.0,0,0,0,0,0.0,0,0,0,0,0,0,0,0,0,0,0,0,0,0,0,0,0,0,0,0,0,0,0,0,0,0,0,0,0,0,0,0,0,26,51,50,76,65476,0,300,0,0,8,21553,0.0,-107605600.0,0.0,0.0,0.0,0.0,0.0,0.0,0.0,0.0,0.0,0.0,0.0,0.0,0.0,0.0,0.0,0.0,0.0,0.0,0.0,0.0,0.0,-2.004,2.004,-2.004,0.0,0.0,0.0,0.0,4740.0,131350.312,7305.0,-0.0,-107615392.0,0.0,2.7184312818759872e+23,0.0,0.0,0.0,0.0,77,-0.0,-107614696.0,0.0,0.0,0.0,0.0,0.0,0.0,0.0,0,0,0,0.0,0.0,0.0,0.0,0.0,0.0,0.0,0.0,0.0,0.0,0.0,0.0,0.0,0.0,0.0,0.0,0,-107875648.0,77,0.0,154,0.0,0.0,ERR,ERR,ERR,ERR,ERR,ERR,ERR,ERR,ERR,ERR,ERR,ERR,ERR,ERR,ERR,ERR,ERR,ERR,ERR,ERR,ERR,ERR,ERR,ERR,ERR,ERR,ERR,ERR,ERR,ERR,ERR,ERR,ERR,ERR,ERR,ERR,ERR,ERR,ERR,ERR,ERR,ERR,ERR,ERR,ERR,ERR,ERR,ERR,ERR,ERR,ERR,ERR,ERR,ERR,ERR,ERR,ERR,ERR,ERR,ERR,ERR,ERR,ERR,ERR,ERR,ERR,ERR,34.0,80.0,35,0.0,0.0,0.0,0.0,0.0,0.0,0.0,0.0,0.0,0.0,0.0,0.0,0.0,0.0,0.0,0.0,66.0,0,120,58,54,65476,0,300,0,0,8,20529,65476,0,0,57672,80.0,0.0,0.0,0.0,0.0,0.0
2026-06-18T02:13:48,ERR,ERR,ERR,ERR,ERR,ERR,ERR,ERR,ERR,ERR,ERR,ERR,ERR,ERR,ERR,ERR,ERR,ERR,ERR,ERR,ERR,ERR,ERR,ERR,ERR,ERR,ERR,ERR,ERR,ERR,ERR,ERR,ERR,ERR,ERR,ERR,ERR,ERR,ERR,ERR,ERR,ERR,ERR,ERR,ERR,ERR,ERR,ERR,ERR,ERR,ERR,ERR,ERR,ERR,ERR,ERR,ERR,ERR,ERR,ERR,ERR,ERR,ERR,ERR,ERR,ERR,ERR,ERR,ERR,ERR,ERR,ERR,ERR,ERR,ERR,ERR,ERR,ERR,ERR,ERR,ERR,ERR,ERR,ERR,ERR,ERR,ERR,ERR,ERR,ERR,ERR,ERR,ERR,ERR,ERR,ERR,ERR,ERR,ERR,ERR,ERR,ERR,ERR,ERR,ERR,ERR,ERR,ERR,ERR,ERR,ERR,ERR,ERR,ERR,ERR,ERR,ERR,ERR,ERR,ERR,ERR,ERR,ERR,ERR,ERR,-0.0,-0.0,0.0,-0.0,-0.0,1.3936040501711995e+18,7.805,0.0,0,0,4,48902,6720,14723890282496.0,100,0.0,0.0,0.0,89215.008,0.0,0,0,0,0,0.0,0,0,0,0,0,0,0,0,0,0,0,0,0,0,0,0,0,0,0,0,0,0,0,0,0,0,0,0,0,0,0,0,0,26,51,50,76,65476,0,300,0,0,8,21553,0.0,-107605600.0,0.0,0.0,0.0,0.0,0.0,0.0,0.0,0.0,0.0,0.0,0.0,0.0,0.0,0.0,0.0,0.0,0.0,0.0,0.0,0.0,0.0,-2.004,2.004,-2.004,0.0,0.0,0.0,0.0,4740.0,131350.312,7305.0,-0.0,-107615392.0,0.0,2.7184312818759872e+23,0.0,0.0,0.0,0.0,77,-0.0,-107614696.0,0.0,0.0,0.0,0.0,0.0,0.0,0.0,0,0,0,0.0,0.0,0.0,0.0,0.0,0.0,0.0,0.0,0.0,0.0,0.0,0.0,0.0,0.0,0.0,0.0,0,-107875648.0,77,0.0,154,0.0,0.0,ERR,ERR,ERR,ERR,ERR,ERR,ERR,ERR,ERR,ERR,ERR,ERR,ERR,ERR,ERR,ERR,ERR,ERR,ERR,ERR,ERR,ERR,ERR,ERR,ERR,ERR,ERR,ERR,ERR,ERR,ERR,ERR,ERR,ERR,ERR,ERR,ERR,ERR,ERR,ERR,ERR,ERR,ERR,ERR,ERR,ERR,ERR,ERR,ERR,ERR,ERR,ERR,ERR,ERR,ERR,ERR,ERR,ERR,ERR,ERR,ERR,ERR,ERR,ERR,ERR,ERR,ERR,34.0,80.0,35,0.0,0.0,0.0,0.0,0.0,0.0,0.0,0.0,0.0,0.0,0.0,0.0,0.0,0.0,0.0,0.0,66.0,0,120,58,54,65476,0,300,0,0,8,20529,65476,0,0,57672,80.0,0.0,0.0,0.0,0.0,0.0
2026-06-18T02:13:49,ERR,ERR,ERR,ERR,ERR,ERR,ERR,ERR,ERR,ERR,ERR,ERR,ERR,ERR,ERR,ERR,ERR,ERR,ERR,ERR,ERR,ERR,ERR,ERR,ERR,ERR,ERR,ERR,ERR,ERR,ERR,ERR,ERR,ERR,ERR,ERR,ERR,ERR,ERR,ERR,ERR,ERR,ERR,ERR,ERR,ERR,ERR,ERR,ERR,ERR,ERR,ERR,ERR,ERR,ERR,ERR,ERR,ERR,ERR,ERR,ERR,ERR,ERR,ERR,ERR,ERR,ERR,ERR,ERR,ERR,ERR,ERR,ERR,ERR,ERR,ERR,ERR,ERR,ERR,ERR,ERR,ERR,ERR,ERR,ERR,ERR,ERR,ERR,ERR,ERR,ERR,ERR,ERR,ERR,ERR,ERR,ERR,ERR,ERR,ERR,ERR,ERR,ERR,ERR,ERR,ERR,ERR,ERR,ERR,ERR,ERR,ERR,ERR,ERR,ERR,ERR,ERR,ERR,ERR,ERR,ERR,ERR,ERR,ERR,ERR,-0.0,-0.0,0.0,-0.0,-0.0,1.3936040501711995e+18,7.805,0.0,0,0,4,48902,6720,14723890282496.0,100,0.0,0.0,0.0,89215.008,0.0,0,0,0,0,0.0,0,0,0,0,0,0,0,0,0,0,0,0,0,0,0,0,0,0,0,0,0,0,0,0,0,0,0,0,0,0,0,0,0,26,51,50,76,65476,0,300,0,0,8,21553,0.0,-107605600.0,0.0,0.0,0.0,0.0,0.0,0.0,0.0,0.0,0.0,0.0,0.0,0.0,0.0,0.0,0.0,0.0,0.0,0.0,0.0,0.0,0.0,-2.004,2.004,-2.004,0.0,0.0,0.0,0.0,4740.0,131350.312,7305.0,-0.0,-107615392.0,0.0,2.7184312818759872e+23,0.0,0.0,0.0,0.0,77,-0.0,-107614696.0,0.0,0.0,0.0,0.0,0.0,0.0,0.0,0,0,0,0.0,0.0,0.0,0.0,0.0,0.0,0.0,0.0,0.0,0.0,0.0,0.0,0.0,0.0,0.0,0.0,0,-107875648.0,77,0.0,154,0.0,0.0,ERR,ERR,ERR,ERR,ERR,ERR,ERR,ERR,ERR,ERR,ERR,ERR,ERR,ERR,ERR,ERR,ERR,ERR,ERR,ERR,ERR,ERR,ERR,ERR,ERR,ERR,ERR,ERR,ERR,ERR,ERR,ERR,ERR,ERR,ERR,ERR,ERR,ERR,ERR,ERR,ERR,ERR,ERR,ERR,ERR,ERR,ERR,ERR,ERR,ERR,ERR,ERR,ERR,ERR,ERR,ERR,ERR,ERR,ERR,ERR,ERR,ERR,ERR,ERR,ERR,ERR,ERR,34.0,80.0,35,0.0,0.0,0.0,0.0,0.0,0.0,0.0,0.0,0.0,0.0,0.0,0.0,0.0,0.0,0.0,0.0,66.0,0,120,58,54,65476,0,300,0,0,8,20529,65476,0,0,57672,80.0,0.0,0.0,0.0,0.0,0.0
2026-06-18T02:13:50,ERR,ERR,ERR,ERR,ERR,ERR,ERR,ERR,ERR,ERR,ERR,ERR,ERR,ERR,ERR,ERR,ERR,ERR,ERR,ERR,ERR,ERR,ERR,ERR,ERR,ERR,ERR,ERR,ERR,ERR,ERR,ERR,ERR,ERR,ERR,ERR,ERR,ERR,ERR,ERR,ERR,ERR,ERR,ERR,ERR,ERR,ERR,ERR,ERR,ERR,ERR,ERR,ERR,ERR,ERR,ERR,ERR,ERR,ERR,ERR,ERR,ERR,ERR,ERR,ERR,ERR,ERR,ERR,ERR,ERR,ERR,ERR,ERR,ERR,ERR,ERR,ERR,ERR,ERR,ERR,ERR,ERR,ERR,ERR,ERR,ERR,ERR,ERR,ERR,ERR,ERR,ERR,ERR,ERR,ERR,ERR,ERR,ERR,ERR,ERR,ERR,ERR,ERR,ERR,ERR,ERR,ERR,ERR,ERR,ERR,ERR,ERR,ERR,ERR,ERR,ERR,ERR,ERR,ERR,ERR,ERR,ERR,ERR,ERR,ERR,-0.0,-0.0,0.0,-0.0,-0.0,1.3936040501711995e+18,7.805,0.0,0,0,4,48902,6720,14723890282496.0,100,0.0,0.0,0.0,89215.008,0.0,0,0,0,0,0.0,0,0,0,0,0,0,0,0,0,0,0,0,0,0,0,0,0,0,0,0,0,0,0,0,0,0,0,0,0,0,0,0,0,26,51,50,76,65476,0,300,0,0,8,21553,0.0,-107605600.0,0.0,0.0,0.0,0.0,0.0,0.0,0.0,0.0,0.0,0.0,0.0,0.0,0.0,0.0,0.0,0.0,0.0,0.0,0.0,0.0,0.0,-2.004,2.004,-2.004,0.0,0.0,0.0,0.0,4740.0,131350.312,7305.0,-0.0,-107615392.0,0.0,2.7184312818759872e+23,0.0,0.0,0.0,0.0,77,-0.0,-107614696.0,0.0,0.0,0.0,0.0,0.0,0.0,0.0,0,0,0,0.0,0.0,0.0,0.0,0.0,0.0,0.0,0.0,0.0,0.0,0.0,0.0,0.0,0.0,0.0,0.0,0,-107875648.0,77,0.0,154,0.0,0.0,ERR,ERR,ERR,ERR,ERR,ERR,ERR,ERR,ERR,ERR,ERR,ERR,ERR,ERR,ERR,ERR,ERR,ERR,ERR,ERR,ERR,ERR,ERR,ERR,ERR,ERR,ERR,ERR,ERR,ERR,ERR,ERR,ERR,ERR,ERR,ERR,ERR,ERR,ERR,ERR,ERR,ERR,ERR,ERR,ERR,ERR,ERR,ERR,ERR,ERR,ERR,ERR,ERR,ERR,ERR,ERR,ERR,ERR,ERR,ERR,ERR,ERR,ERR,ERR,ERR,ERR,ERR,34.0,80.0,35,0.0,0.0,0.0,0.0,0.0,0.0,0.0,0.0,0.0,0.0,0.0,0.0,0.0,0.0,0.0,0.0,66.0,0,120,58,54,65476,0,300,0,0,8,20529,65476,0,0,57672,80.0,0.0,0.0,0.0,0.0,0.0
2026-06-18T02:13:51,ERR,ERR,ERR,ERR,ERR,ERR,ERR,ERR,ERR,ERR,ERR,ERR,ERR,ERR,ERR,ERR,ERR,ERR,ERR,ERR,ERR,ERR,ERR,ERR,ERR,ERR,ERR,ERR,ERR,ERR,ERR,ERR,ERR,ERR,ERR,ERR,ERR,ERR,ERR,ERR,ERR,ERR,ERR,ERR,ERR,ERR,ERR,ERR,ERR,ERR,ERR,ERR,ERR,ERR,ERR,ERR,ERR,ERR,ERR,ERR,ERR,ERR,ERR,ERR,ERR,ERR,ERR,ERR,ERR,ERR,ERR,ERR,ERR,ERR,ERR,ERR,ERR,ERR,ERR,ERR,ERR,ERR,ERR,ERR,ERR,ERR,ERR,ERR,ERR,ERR,ERR,ERR,ERR,ERR,ERR,ERR,ERR,ERR,ERR,ERR,ERR,ERR,ERR,ERR,ERR,ERR,ERR,ERR,ERR,ERR,ERR,ERR,ERR,ERR,ERR,ERR,ERR,ERR,ERR,ERR,ERR,ERR,ERR,ERR,ERR,-0.0,-0.0,0.0,-0.0,-0.0,1.3936040501711995e+18,7.805,0.0,0,0,4,48902,6720,14723890282496.0,100,0.0,0.0,0.0,89215.008,0.0,0,0,0,0,0.0,0,0,0,0,0,0,0,0,0,0,0,0,0,0,0,0,0,0,0,0,0,0,0,0,0,0,0,0,0,0,0,0,0,26,51,50,76,65476,0,300,0,0,8,21553,0.0,-107605600.0,0.0,0.0,0.0,0.0,0.0,0.0,0.0,0.0,0.0,0.0,0.0,0.0,0.0,0.0,0.0,0.0,0.0,0.0,0.0,0.0,0.0,-2.004,2.004,-2.004,0.0,0.0,0.0,0.0,4740.0,131350.312,7305.0,-0.0,-107615392.0,0.0,2.7184312818759872e+23,0.0,0.0,0.0,0.0,77,-0.0,-107614696.0,0.0,0.0,0.0,0.0,0.0,0.0,0.0,0,0,0,0.0,0.0,0.0,0.0,0.0,0.0,0.0,0.0,0.0,0.0,0.0,0.0,0.0,0.0,0.0,0.0,0,-107875648.0,77,0.0,154,0.0,0.0,ERR,ERR,ERR,ERR,ERR,ERR,ERR,ERR,ERR,ERR,ERR,ERR,ERR,ERR,ERR,ERR,ERR,ERR,ERR,ERR,ERR,ERR,ERR,ERR,ERR,ERR,ERR,ERR,ERR,ERR,ERR,ERR,ERR,ERR,ERR,ERR,ERR,ERR,ERR,ERR,ERR,ERR,ERR,ERR,ERR,ERR,ERR,ERR,ERR,ERR,ERR,ERR,ERR,ERR,ERR,ERR,ERR,ERR,ERR,ERR,ERR,ERR,ERR,ERR,ERR,ERR,ERR,34.0,80.0,35,0.0,0.0,0.0,0.0,0.0,0.0,0.0,0.0,0.0,0.0,0.0,0.0,0.0,0.0,0.0,0.0,66.0,0,120,58,54,65476,0,300,0,0,8,20529,65476,0,0,57672,80.0,0.0,0.0,0.0,0.0,0.0
2026-06-18T02:13:52,ERR,ERR,ERR,ERR,ERR,ERR,ERR,ERR,ERR,ERR,ERR,ERR,ERR,ERR,ERR,ERR,ERR,ERR,ERR,ERR,ERR,ERR,ERR,ERR,ERR,ERR,ERR,ERR,ERR,ERR,ERR,ERR,ERR,ERR,ERR,ERR,ERR,ERR,ERR,ERR,ERR,ERR,ERR,ERR,ERR,ERR,ERR,ERR,ERR,ERR,ERR,ERR,ERR,ERR,ERR,ERR,ERR,ERR,ERR,ERR,ERR,ERR,ERR,ERR,ERR,ERR,ERR,ERR,ERR,ERR,ERR,ERR,ERR,ERR,ERR,ERR,ERR,ERR,ERR,ERR,ERR,ERR,ERR,ERR,ERR,ERR,ERR,ERR,ERR,ERR,ERR,ERR,ERR,ERR,ERR,ERR,ERR,ERR,ERR,ERR,ERR,ERR,ERR,ERR,ERR,ERR,ERR,ERR,ERR,ERR,ERR,ERR,ERR,ERR,ERR,ERR,ERR,ERR,ERR,ERR,ERR,ERR,ERR,ERR,ERR,-0.0,-0.0,0.0,-0.0,0.0,1.3936040501711995e+18,7.805,-0.0,0,0,4,48901,6720,14723890282496.0,100,0.0,0.0,0.0,-4.9501291711397626e+32,0.0,0,0,0,0,0.0,0,0,0,0,0,0,0,0,0,0,0,0,0,0,0,0,0,0,0,0,0,0,0,0,0,0,0,0,0,0,0,0,0,26,51,50,76,65476,0,300,0,0,8,21553,0.0,-107605600.0,0.0,0.0,0.0,0.0,0.0,0.0,0.0,0.0,0.0,0.0,0.0,0.0,0.0,0.0,0.0,0.0,0.0,0.0,0.0,0.0,0.0,-2.004,2.004,-2.004,0.0,0.0,0.0,0.0,4740.0,0.0,7300.0,-0.0,-0.0,0.0,2.7184312818759872e+23,0.0,0.0,0.0,0.0,77,-0.0,-0.0,0.0,0.0,0.0,0.0,0.0,0.0,0.0,0,0,0,0.0,0.0,0.0,0.0,0.0,0.0,0.0,0.0,0.0,0.0,0.0,0.0,0.0,0.0,0.0,0.0,0,-107875648.0,77,0.0,154,0.0,0.0,ERR,ERR,ERR,ERR,ERR,ERR,ERR,ERR,ERR,ERR,ERR,ERR,ERR,ERR,ERR,ERR,ERR,ERR,ERR,ERR,ERR,ERR,ERR,ERR,ERR,ERR,ERR,ERR,ERR,ERR,ERR,ERR,ERR,ERR,ERR,ERR,ERR,ERR,ERR,ERR,ERR,ERR,ERR,ERR,ERR,ERR,ERR,ERR,ERR,ERR,ERR,ERR,ERR,ERR,ERR,ERR,ERR,ERR,ERR,ERR,ERR,ERR,ERR,ERR,ERR,ERR,ERR,34.0,80.0,35,0.0,0.0,0.0,0.0,0.0,0.0,0.0,0.0,0.0,0.0,0.0,0.0,0.0,0.0,0.0,0.0,66.0,0,120,58,54,65476,0,300,0,0,8,20529,65476,0,0,57672,80.0,0.0,0.0,0.0,0.0,0.0
2026-06-18T02:13:53,ERR,ERR,ERR,ERR,ERR,ERR,ERR,ERR,ERR,ERR,ERR,ERR,ERR,ERR,ERR,ERR,ERR,ERR,ERR,ERR,ERR,ERR,ERR,ERR,ERR,ERR,ERR,ERR,ERR,ERR,ERR,ERR,ERR,ERR,ERR,ERR,ERR,ERR,ERR,ERR,ERR,ERR,ERR,ERR,ERR,ERR,ERR,ERR,ERR,ERR,ERR,ERR,ERR,ERR,ERR,ERR,ERR,ERR,ERR,ERR,ERR,ERR,ERR,ERR,ERR,ERR,ERR,ERR,ERR,ERR,ERR,ERR,ERR,ERR,ERR,ERR,ERR,ERR,ERR,ERR,ERR,ERR,ERR,ERR,ERR,ERR,ERR,ERR,ERR,ERR,ERR,ERR,ERR,ERR,ERR,ERR,ERR,ERR,ERR,ERR,ERR,ERR,ERR,ERR,ERR,ERR,ERR,ERR,ERR,ERR,ERR,ERR,ERR,ERR,ERR,ERR,ERR,ERR,ERR,ERR,ERR,ERR,ERR,ERR,ERR,-0.0,-0.0,0.0,-0.0,0.0,1.3936040501711995e+18,7.805,-0.0,0,0,4,48901,6720,14723890282496.0,100,0.0,0.0,0.0,-4.9501291711397626e+32,0.0,0,0,0,0,0.0,0,0,0,0,0,0,0,0,0,0,0,0,0,0,0,0,0,0,0,0,0,0,0,0,0,0,0,0,0,0,0,0,0,26,51,50,76,65476,0,300,0,0,8,21553,0.0,-107605600.0,0.0,0.0,0.0,0.0,0.0,0.0,0.0,0.0,0.0,0.0,0.0,0.0,0.0,0.0,0.0,0.0,0.0,0.0,0.0,0.0,0.0,-2.004,2.004,-2.004,0.0,0.0,0.0,0.0,4740.0,0.0,7300.0,-0.0,-0.0,0.0,2.7184312818759872e+23,0.0,0.0,0.0,0.0,77,-0.0,-0.0,0.0,0.0,0.0,0.0,0.0,0.0,0.0,0,0,0,0.0,0.0,0.0,0.0,0.0,0.0,0.0,0.0,0.0,0.0,0.0,0.0,0.0,0.0,0.0,0.0,0,-107875648.0,77,0.0,154,0.0,0.0,ERR,ERR,ERR,ERR,ERR,ERR,ERR,ERR,ERR,ERR,ERR,ERR,ERR,ERR,ERR,ERR,ERR,ERR,ERR,ERR,ERR,ERR,ERR,ERR,ERR,ERR,ERR,ERR,ERR,ERR,ERR,ERR,ERR,ERR,ERR,ERR,ERR,ERR,ERR,ERR,ERR,ERR,ERR,ERR,ERR,ERR,ERR,ERR,ERR,ERR,ERR,ERR,ERR,ERR,ERR,ERR,ERR,ERR,ERR,ERR,ERR,ERR,ERR,ERR,ERR,ERR,ERR,34.0,80.0,35,0.0,0.0,0.0,0.0,0.0,0.0,0.0,0.0,0.0,0.0,0.0,0.0,0.0,0.0,0.0,0.0,66.0,0,120,58,54,65476,0,300,0,0,8,20529,65476,0,0,57672,80.0,0.0,0.0,0.0,0.0,0.0
2026-06-18T02:13:54,ERR,ERR,ERR,ERR,ERR,ERR,ERR,ERR,ERR,ERR,ERR,ERR,ERR,ERR,ERR,ERR,ERR,ERR,ERR,ERR,ERR,ERR,ERR,ERR,ERR,ERR,ERR,ERR,ERR,ERR,ERR,ERR,ERR,ERR,ERR,ERR,ERR,ERR,ERR,ERR,ERR,ERR,ERR,ERR,ERR,ERR,ERR,ERR,ERR,ERR,ERR,ERR,ERR,ERR,ERR,ERR,ERR,ERR,ERR,ERR,ERR,ERR,ERR,ERR,ERR,ERR,ERR,ERR,ERR,ERR,ERR,ERR,ERR,ERR,ERR,ERR,ERR,ERR,ERR,ERR,ERR,ERR,ERR,ERR,ERR,ERR,ERR,ERR,ERR,ERR,ERR,ERR,ERR,ERR,ERR,ERR,ERR,ERR,ERR,ERR,ERR,ERR,ERR,ERR,ERR,ERR,ERR,ERR,ERR,ERR,ERR,ERR,ERR,ERR,ERR,ERR,ERR,ERR,ERR,ERR,ERR,ERR,ERR,ERR,ERR,-0.0,-0.0,0.0,-0.0,0.0,1.3936040501711995e+18,7.805,-0.0,0,0,4,48901,6720,14723890282496.0,100,0.0,0.0,0.0,-4.9501291711397626e+32,0.0,0,0,0,0,0.0,0,0,0,0,0,0,0,0,0,0,0,0,0,0,0,0,0,0,0,0,0,0,0,0,0,0,0,0,0,0,0,0,0,26,51,50,76,65476,0,300,0,0,8,21553,0.0,-107605600.0,0.0,0.0,0.0,0.0,0.0,0.0,0.0,0.0,0.0,0.0,0.0,0.0,0.0,0.0,0.0,0.0,0.0,0.0,0.0,0.0,0.0,-2.004,2.004,-2.004,0.0,0.0,0.0,0.0,4740.0,0.0,7300.0,-0.0,-0.0,0.0,2.7184312818759872e+23,0.0,0.0,0.0,0.0,77,-0.0,-0.0,0.0,0.0,0.0,0.0,0.0,0.0,0.0,0,0,0,0.0,0.0,0.0,0.0,0.0,0.0,0.0,0.0,0.0,0.0,0.0,0.0,0.0,0.0,0.0,0.0,0,-107875648.0,77,0.0,154,0.0,0.0,ERR,ERR,ERR,ERR,ERR,ERR,ERR,ERR,ERR,ERR,ERR,ERR,ERR,ERR,ERR,ERR,ERR,ERR,ERR,ERR,ERR,ERR,ERR,ERR,ERR,ERR,ERR,ERR,ERR,ERR,ERR,ERR,ERR,ERR,ERR,ERR,ERR,ERR,ERR,ERR,ERR,ERR,ERR,ERR,ERR,ERR,ERR,ERR,ERR,ERR,ERR,ERR,ERR,ERR,ERR,ERR,ERR,ERR,ERR,ERR,ERR,ERR,ERR,ERR,ERR,ERR,ERR,34.0,80.0,35,0.0,0.0,0.0,0.0,0.0,0.0,0.0,0.0,0.0,0.0,0.0,0.0,0.0,0.0,0.0,0.0,66.0,0,120,58,54,65476,0,300,0,0,8,20529,65476,0,0,57672,80.0,0.0,0.0,0.0,0.0,0.0
2026-06-18T02:13:55,ERR,ERR,ERR,ERR,ERR,ERR,ERR,ERR,ERR,ERR,ERR,ERR,ERR,ERR,ERR,ERR,ERR,ERR,ERR,ERR,ERR,ERR,ERR,ERR,ERR,ERR,ERR,ERR,ERR,ERR,ERR,ERR,ERR,ERR,ERR,ERR,ERR,ERR,ERR,ERR,ERR,ERR,ERR,ERR,ERR,ERR,ERR,ERR,ERR,ERR,ERR,ERR,ERR,ERR,ERR,ERR,ERR,ERR,ERR,ERR,ERR,ERR,ERR,ERR,ERR,ERR,ERR,ERR,ERR,ERR,ERR,ERR,ERR,ERR,ERR,ERR,ERR,ERR,ERR,ERR,ERR,ERR,ERR,ERR,ERR,ERR,ERR,ERR,ERR,ERR,ERR,ERR,ERR,ERR,ERR,ERR,ERR,ERR,ERR,ERR,ERR,ERR,ERR,ERR,ERR,ERR,ERR,ERR,ERR,ERR,ERR,ERR,ERR,ERR,ERR,ERR,ERR,ERR,ERR,ERR,ERR,ERR,ERR,ERR,ERR,-0.0,-0.0,0.0,-0.0,0.0,1.3936040501711995e+18,7.805,-0.0,0,0,4,48901,6720,14723890282496.0,100,0.0,0.0,0.0,-4.9501291711397626e+32,0.0,0,0,0,0,0.0,0,0,0,0,0,0,0,0,0,0,0,0,0,0,0,0,0,0,0,0,0,0,0,0,0,0,0,0,0,0,0,0,0,26,51,50,76,65476,0,300,0,0,8,21553,0.0,-107605600.0,0.0,0.0,0.0,0.0,0.0,0.0,0.0,0.0,0.0,0.0,0.0,0.0,0.0,0.0,0.0,0.0,0.0,0.0,0.0,0.0,0.0,-2.004,2.004,-2.004,0.0,0.0,0.0,0.0,4740.0,0.0,7300.0,-0.0,-0.0,0.0,2.7184312818759872e+23,0.0,0.0,0.0,0.0,77,-0.0,-0.0,0.0,0.0,0.0,0.0,0.0,0.0,0.0,0,0,0,0.0,0.0,0.0,0.0,0.0,0.0,0.0,0.0,0.0,0.0,0.0,0.0,0.0,0.0,0.0,0.0,0,-107875648.0,77,0.0,154,0.0,0.0,ERR,ERR,ERR,ERR,ERR,ERR,ERR,ERR,ERR,ERR,ERR,ERR,ERR,ERR,ERR,ERR,ERR,ERR,ERR,ERR,ERR,ERR,ERR,ERR,ERR,ERR,ERR,ERR,ERR,ERR,ERR,ERR,ERR,ERR,ERR,ERR,ERR,ERR,ERR,ERR,ERR,ERR,ERR,ERR,ERR,ERR,ERR,ERR,ERR,ERR,ERR,ERR,ERR,ERR,ERR,ERR,ERR,ERR,ERR,ERR,ERR,ERR,ERR,ERR,ERR,ERR,ERR,34.0,80.0,35,0.0,0.0,0.0,0.0,0.0,0.0,0.0,0.0,0.0,0.0,0.0,0.0,0.0,0.0,0.0,0.0,66.0,0,120,58,54,65476,0,300,0,0,8,20529,65476,0,0,57672,80.0,0.0,0.0,0.0,0.0,0.0
2026-06-18T02:13:56,ERR,ERR,ERR,ERR,ERR,ERR,ERR,ERR,ERR,ERR,ERR,ERR,ERR,ERR,ERR,ERR,ERR,ERR,ERR,ERR,ERR,ERR,ERR,ERR,ERR,ERR,ERR,ERR,ERR,ERR,ERR,ERR,ERR,ERR,ERR,ERR,ERR,ERR,ERR,ERR,ERR,ERR,ERR,ERR,ERR,ERR,ERR,ERR,ERR,ERR,ERR,ERR,ERR,ERR,ERR,ERR,ERR,ERR,ERR,ERR,ERR,ERR,ERR,ERR,ERR,ERR,ERR,ERR,ERR,ERR,ERR,ERR,ERR,ERR,ERR,ERR,ERR,ERR,ERR,ERR,ERR,ERR,ERR,ERR,ERR,ERR,ERR,ERR,ERR,ERR,ERR,ERR,ERR,ERR,ERR,ERR,ERR,ERR,ERR,ERR,ERR,ERR,ERR,ERR,ERR,ERR,ERR,ERR,ERR,ERR,ERR,ERR,ERR,ERR,ERR,ERR,ERR,ERR,ERR,ERR,ERR,ERR,ERR,ERR,ERR,-0.0,-0.0,0.0,-0.0,0.0,1.3936040501711995e+18,7.805,-0.0,0,0,4,48901,6720,14723890282496.0,100,0.0,0.0,0.0,-4.9501291711397626e+32,0.0,0,0,0,0,0.0,0,0,0,0,0,0,0,0,0,0,0,0,0,0,0,0,0,0,0,0,0,0,0,0,0,0,0,0,0,0,0,0,0,26,51,50,76,65476,0,300,0,0,8,21553,0.0,-107605600.0,0.0,0.0,0.0,0.0,0.0,0.0,0.0,0.0,0.0,0.0,0.0,0.0,0.0,0.0,0.0,0.0,0.0,0.0,0.0,0.0,0.0,-2.004,2.004,-2.004,0.0,0.0,0.0,0.0,4740.0,0.0,7300.0,-0.0,-0.0,0.0,2.7184312818759872e+23,0.0,0.0,0.0,0.0,77,-0.0,-0.0,0.0,0.0,0.0,0.0,0.0,0.0,0.0,0,0,0,0.0,0.0,0.0,0.0,0.0,0.0,0.0,0.0,0.0,0.0,0.0,0.0,0.0,0.0,0.0,0.0,0,-107875648.0,77,0.0,154,0.0,0.0,ERR,ERR,ERR,ERR,ERR,ERR,ERR,ERR,ERR,ERR,ERR,ERR,ERR,ERR,ERR,ERR,ERR,ERR,ERR,ERR,ERR,ERR,ERR,ERR,ERR,ERR,ERR,ERR,ERR,ERR,ERR,ERR,ERR,ERR,ERR,ERR,ERR,ERR,ERR,ERR,ERR,ERR,ERR,ERR,ERR,ERR,ERR,ERR,ERR,ERR,ERR,ERR,ERR,ERR,ERR,ERR,ERR,ERR,ERR,ERR,ERR,ERR,ERR,ERR,ERR,ERR,ERR,34.0,80.0,35,0.0,0.0,0.0,0.0,0.0,0.0,0.0,0.0,0.0,0.0,0.0,0.0,0.0,0.0,0.0,0.0,66.0,0,120,58,54,65476,0,300,0,0,8,20529,65476,0,0,57672,80.0,0.0,0.0,0.0,0.0,0.0
2026-06-18T02:13:57,ERR,ERR,ERR,ERR,ERR,ERR,ERR,ERR,ERR,ERR,ERR,ERR,ERR,ERR,ERR,ERR,ERR,ERR,ERR,ERR,ERR,ERR,ERR,ERR,ERR,ERR,ERR,ERR,ERR,ERR,ERR,ERR,ERR,ERR,ERR,ERR,ERR,ERR,ERR,ERR,ERR,ERR,ERR,ERR,ERR,ERR,ERR,ERR,ERR,ERR,ERR,ERR,ERR,ERR,ERR,ERR,ERR,ERR,ERR,ERR,ERR,ERR,ERR,ERR,ERR,ERR,ERR,ERR,ERR,ERR,ERR,ERR,ERR,ERR,ERR,ERR,ERR,ERR,ERR,ERR,ERR,ERR,ERR,ERR,ERR,ERR,ERR,ERR,ERR,ERR,ERR,ERR,ERR,ERR,ERR,ERR,ERR,ERR,ERR,ERR,ERR,ERR,ERR,ERR,ERR,ERR,ERR,ERR,ERR,ERR,ERR,ERR,ERR,ERR,ERR,ERR,ERR,ERR,ERR,ERR,ERR,ERR,ERR,ERR,ERR,-0.0,-0.0,0.0,0.059,0.0,1.3936040501711995e+18,7.805,-0.0,0,0,4,48852,6720,14723890282496.0,100,0.0,0.0,0.0,0.059,0.0,0,0,0,0,0.0,0,0,0,0,0,0,0,0,0,0,0,0,0,0,0,0,0,0,0,0,0,0,0,0,0,0,0,0,0,0,0,0,0,26,51,50,76,65476,0,300,0,0,8,21553,0.0,-107605600.0,0.0,0.0,0.0,0.0,0.0,0.0,0.0,0.0,0.0,0.0,0.0,0.0,0.0,0.0,0.0,0.0,0.0,0.0,0.0,0.0,0.0,0.0,2.004,-2.004,0.0,0.0,0.0,0.0,4740.0,0.0,7301.0,-0.0,-0.0,0.0,2.7184312818759872e+23,0.0,0.0,0.0,0.0,77,-0.0,-0.0,0.0,0.0,0.0,0.0,0.0,0.0,0.0,0,0,0,0.0,0.0,0.0,0.0,0.0,0.0,0.0,0.0,0.0,0.0,0.0,0.0,0.0,0.0,0.0,0.0,0,-107875648.0,77,0.0,154,0.0,0.0,ERR,ERR,ERR,ERR,ERR,ERR,ERR,ERR,ERR,ERR,ERR,ERR,ERR,ERR,ERR,ERR,ERR,ERR,ERR,ERR,ERR,ERR,ERR,ERR,ERR,ERR,ERR,ERR,ERR,ERR,ERR,ERR,ERR,ERR,ERR,ERR,ERR,ERR,ERR,ERR,ERR,ERR,ERR,ERR,ERR,ERR,ERR,ERR,ERR,ERR,ERR,ERR,ERR,ERR,ERR,ERR,ERR,ERR,ERR,ERR,ERR,ERR,ERR,ERR,ERR,ERR,ERR,34.0,80.0,35,0.0,0.0,0.0,0.0,0.0,0.0,0.0,0.0,0.0,0.0,0.0,0.0,0.0,0.0,0.0,0.0,66.0,0,120,58,54,65476,0,300,0,0,8,20529,65476,0,0,57672,80.0,0.0,0.0,0.0,0.0,0.0
2026-06-18T02:13:58,ERR,ERR,ERR,ERR,ERR,ERR,ERR,ERR,ERR,ERR,ERR,ERR,ERR,ERR,ERR,ERR,ERR,ERR,ERR,ERR,ERR,ERR,ERR,ERR,ERR,ERR,ERR,ERR,ERR,ERR,ERR,ERR,ERR,ERR,ERR,ERR,ERR,ERR,ERR,ERR,ERR,ERR,ERR,ERR,ERR,ERR,ERR,ERR,ERR,ERR,ERR,ERR,ERR,ERR,ERR,ERR,ERR,ERR,ERR,ERR,ERR,ERR,ERR,ERR,ERR,ERR,ERR,ERR,ERR,ERR,ERR,ERR,ERR,ERR,ERR,ERR,ERR,ERR,ERR,ERR,ERR,ERR,ERR,ERR,ERR,ERR,ERR,ERR,ERR,ERR,ERR,ERR,ERR,ERR,ERR,ERR,ERR,ERR,ERR,ERR,ERR,ERR,ERR,ERR,ERR,ERR,ERR,ERR,ERR,ERR,ERR,ERR,ERR,ERR,ERR,ERR,ERR,ERR,ERR,ERR,ERR,ERR,ERR,ERR,ERR,-0.0,-0.0,0.0,0.059,0.0,1.3936040501711995e+18,7.805,-0.0,0,0,4,48852,6720,14723890282496.0,100,0.0,0.0,0.0,0.059,0.0,0,0,0,0,0.0,0,0,0,0,0,0,0,0,0,0,0,0,0,0,0,0,0,0,0,0,0,0,0,0,0,0,0,0,0,0,0,0,0,26,51,50,76,65476,0,300,0,0,8,21553,0.0,-107605600.0,0.0,0.0,0.0,0.0,0.0,0.0,0.0,0.0,0.0,0.0,0.0,0.0,0.0,0.0,0.0,0.0,0.0,0.0,0.0,0.0,0.0,0.0,2.004,-2.004,0.0,0.0,0.0,0.0,4740.0,0.0,7301.0,-0.0,-0.0,0.0,2.7184312818759872e+23,0.0,0.0,0.0,0.0,77,-0.0,-0.0,0.0,0.0,0.0,0.0,0.0,0.0,0.0,0,0,0,0.0,0.0,0.0,0.0,0.0,0.0,0.0,0.0,0.0,0.0,0.0,0.0,0.0,0.0,0.0,0.0,0,-107875648.0,77,0.0,154,0.0,0.0,ERR,ERR,ERR,ERR,ERR,ERR,ERR,ERR,ERR,ERR,ERR,ERR,ERR,ERR,ERR,ERR,ERR,ERR,ERR,ERR,ERR,ERR,ERR,ERR,ERR,ERR,ERR,ERR,ERR,ERR,ERR,ERR,ERR,ERR,ERR,ERR,ERR,ERR,ERR,ERR,ERR,ERR,ERR,ERR,ERR,ERR,ERR,ERR,ERR,ERR,ERR,ERR,ERR,ERR,ERR,ERR,ERR,ERR,ERR,ERR,ERR,ERR,ERR,ERR,ERR,ERR,ERR,34.0,80.0,35,0.0,0.0,0.0,0.0,0.0,0.0,0.0,0.0,0.0,0.0,0.0,0.0,0.0,0.0,0.0,0.0,66.4,0,120,58,54,65476,0,300,0,0,8,20529,65476,0,0,57672,80.0,0.0,0.0,0.0,0.0,0.0
2026-06-18T02:13:59,ERR,ERR,ERR,ERR,ERR,ERR,ERR,ERR,ERR,ERR,ERR,ERR,ERR,ERR,ERR,ERR,ERR,ERR,ERR,ERR,ERR,ERR,ERR,ERR,ERR,ERR,ERR,ERR,ERR,ERR,ERR,ERR,ERR,ERR,ERR,ERR,ERR,ERR,ERR,ERR,ERR,ERR,ERR,ERR,ERR,ERR,ERR,ERR,ERR,ERR,ERR,ERR,ERR,ERR,ERR,ERR,ERR,ERR,ERR,ERR,ERR,ERR,ERR,ERR,ERR,ERR,ERR,ERR,ERR,ERR,ERR,ERR,ERR,ERR,ERR,ERR,ERR,ERR,ERR,ERR,ERR,ERR,ERR,ERR,ERR,ERR,ERR,ERR,ERR,ERR,ERR,ERR,ERR,ERR,ERR,ERR,ERR,ERR,ERR,ERR,ERR,ERR,ERR,ERR,ERR,ERR,ERR,ERR,ERR,ERR,ERR,ERR,ERR,ERR,ERR,ERR,ERR,ERR,ERR,ERR,ERR,ERR,ERR,ERR,ERR,-0.0,-0.0,0.0,0.059,0.0,1.3936040501711995e+18,7.805,-0.0,0,0,4,48852,6720,14723890282496.0,100,0.0,0.0,0.0,0.059,0.0,0,0,0,0,0.0,0,0,0,0,0,0,0,0,0,0,0,0,0,0,0,0,0,0,0,0,0,0,0,0,0,0,0,0,0,0,0,0,0,26,51,50,76,65476,0,300,0,0,8,21553,0.0,-107605600.0,0.0,0.0,0.0,0.0,0.0,0.0,0.0,0.0,0.0,0.0,0.0,0.0,0.0,0.0,0.0,0.0,0.0,0.0,0.0,0.0,0.0,0.0,2.004,-2.004,0.0,0.0,0.0,0.0,4740.0,0.0,7301.0,-0.0,-0.0,0.0,2.7184312818759872e+23,0.0,0.0,0.0,0.0,77,-0.0,-0.0,0.0,0.0,0.0,0.0,0.0,0.0,0.0,0,0,0,0.0,0.0,0.0,0.0,0.0,0.0,0.0,0.0,0.0,0.0,0.0,0.0,0.0,0.0,0.0,0.0,0,-107875648.0,77,0.0,154,0.0,0.0,ERR,ERR,ERR,ERR,ERR,ERR,ERR,ERR,ERR,ERR,ERR,ERR,ERR,ERR,ERR,ERR,ERR,ERR,ERR,ERR,ERR,ERR,ERR,ERR,ERR,ERR,ERR,ERR,ERR,ERR,ERR,ERR,ERR,ERR,ERR,ERR,ERR,ERR,ERR,ERR,ERR,ERR,ERR,ERR,ERR,ERR,ERR,ERR,ERR,ERR,ERR,ERR,ERR,ERR,ERR,ERR,ERR,ERR,ERR,ERR,ERR,ERR,ERR,ERR,ERR,ERR,ERR,34.0,80.0,35,0.0,0.0,0.0,0.0,0.0,0.0,0.0,0.0,0.0,0.0,0.0,0.0,0.0,0.0,0.0,0.0,66.4,0,120,58,54,65476,0,300,0,0,8,20529,65476,0,0,57672,80.0,0.0,0.0,0.0,0.0,0.0
2026-06-18T02:14:00,ERR,ERR,ERR,ERR,ERR,ERR,ERR,ERR,ERR,ERR,ERR,ERR,ERR,ERR,ERR,ERR,ERR,ERR,ERR,ERR,ERR,ERR,ERR,ERR,ERR,ERR,ERR,ERR,ERR,ERR,ERR,ERR,ERR,ERR,ERR,ERR,ERR,ERR,ERR,ERR,ERR,ERR,ERR,ERR,ERR,ERR,ERR,ERR,ERR,ERR,ERR,ERR,ERR,ERR,ERR,ERR,ERR,ERR,ERR,ERR,ERR,ERR,ERR,ERR,ERR,ERR,ERR,ERR,ERR,ERR,ERR,ERR,ERR,ERR,ERR,ERR,ERR,ERR,ERR,ERR,ERR,ERR,ERR,ERR,ERR,ERR,ERR,ERR,ERR,ERR,ERR,ERR,ERR,ERR,ERR,ERR,ERR,ERR,ERR,ERR,ERR,ERR,ERR,ERR,ERR,ERR,ERR,ERR,ERR,ERR,ERR,ERR,ERR,ERR,ERR,ERR,ERR,ERR,ERR,ERR,ERR,ERR,ERR,ERR,ERR,-0.0,-0.0,0.0,0.059,0.0,1.3936040501711995e+18,7.805,-0.0,0,0,4,48852,6720,14723890282496.0,100,0.0,0.0,0.0,0.059,0.0,0,0,0,0,0.0,0,0,0,0,0,0,0,0,0,0,0,0,0,0,0,0,0,0,0,0,0,0,0,0,0,0,0,0,0,0,0,0,0,26,51,50,76,65476,0,300,0,0,8,21553,0.0,-107605600.0,0.0,0.0,0.0,0.0,0.0,0.0,0.0,0.0,0.0,0.0,0.0,0.0,0.0,0.0,0.0,0.0,0.0,0.0,0.0,0.0,0.0,0.0,2.004,-2.004,0.0,0.0,0.0,0.0,4740.0,0.0,7301.0,-0.0,-0.0,0.0,2.7184312818759872e+23,0.0,0.0,0.0,0.0,77,-0.0,-0.0,0.0,0.0,0.0,0.0,0.0,0.0,0.0,0,0,0,0.0,0.0,0.0,0.0,0.0,0.0,0.0,0.0,0.0,0.0,0.0,0.0,0.0,0.0,0.0,0.0,0,-107875648.0,77,0.0,154,0.0,0.0,ERR,ERR,ERR,ERR,ERR,ERR,ERR,ERR,ERR,ERR,ERR,ERR,ERR,ERR,ERR,ERR,ERR,ERR,ERR,ERR,ERR,ERR,ERR,ERR,ERR,ERR,ERR,ERR,ERR,ERR,ERR,ERR,ERR,ERR,ERR,ERR,ERR,ERR,ERR,ERR,ERR,ERR,ERR,ERR,ERR,ERR,ERR,ERR,ERR,ERR,ERR,ERR,ERR,ERR,ERR,ERR,ERR,ERR,ERR,ERR,ERR,ERR,ERR,ERR,ERR,ERR,ERR,34.0,80.0,35,0.0,0.0,0.0,0.0,0.0,0.0,0.0,0.0,0.0,0.0,0.0,0.0,0.0,0.0,0.0,0.0,66.4,0,120,58,54,65476,0,300,0,0,8,20529,65476,0,0,57672,80.0,0.0,0.0,0.0,0.0,0.0
2026-06-18T02:14:01,ERR,ERR,ERR,ERR,ERR,ERR,ERR,ERR,ERR,ERR,ERR,ERR,ERR,ERR,ERR,ERR,ERR,ERR,ERR,ERR,ERR,ERR,ERR,ERR,ERR,ERR,ERR,ERR,ERR,ERR,ERR,ERR,ERR,ERR,ERR,ERR,ERR,ERR,ERR,ERR,ERR,ERR,ERR,ERR,ERR,ERR,ERR,ERR,ERR,ERR,ERR,ERR,ERR,ERR,ERR,ERR,ERR,ERR,ERR,ERR,ERR,ERR,ERR,ERR,ERR,ERR,ERR,ERR,ERR,ERR,ERR,ERR,ERR,ERR,ERR,ERR,ERR,ERR,ERR,ERR,ERR,ERR,ERR,ERR,ERR,ERR,ERR,ERR,ERR,ERR,ERR,ERR,ERR,ERR,ERR,ERR,ERR,ERR,ERR,ERR,ERR,ERR,ERR,ERR,ERR,ERR,ERR,ERR,ERR,ERR,ERR,ERR,ERR,ERR,ERR,ERR,ERR,ERR,ERR,ERR,ERR,ERR,ERR,ERR,ERR,-0.0,-0.0,0.0,0.059,0.0,1.3936040501711995e+18,7.805,-0.0,0,0,4,48852,6720,14723890282496.0,100,0.0,0.0,0.0,0.059,0.0,0,0,0,0,0.0,0,0,0,0,0,0,0,0,0,0,0,0,0,0,0,0,0,0,0,0,0,0,0,0,0,0,0,0,0,0,0,0,0,26,51,50,76,65476,0,300,0,0,8,21553,0.0,-107605600.0,0.0,0.0,0.0,0.0,0.0,0.0,0.0,0.0,0.0,0.0,0.0,0.0,0.0,0.0,0.0,0.0,0.0,0.0,0.0,0.0,0.0,0.0,2.004,-2.004,0.0,0.0,0.0,0.0,4740.0,0.0,7301.0,-0.0,-0.0,0.0,2.7184312818759872e+23,0.0,0.0,0.0,0.0,77,-0.0,-0.0,0.0,0.0,0.0,0.0,0.0,0.0,0.0,0,0,0,0.0,0.0,0.0,0.0,0.0,0.0,0.0,0.0,0.0,0.0,0.0,0.0,0.0,0.0,0.0,0.0,0,-107875648.0,77,0.0,154,0.0,0.0,ERR,ERR,ERR,ERR,ERR,ERR,ERR,ERR,ERR,ERR,ERR,ERR,ERR,ERR,ERR,ERR,ERR,ERR,ERR,ERR,ERR,ERR,ERR,ERR,ERR,ERR,ERR,ERR,ERR,ERR,ERR,ERR,ERR,ERR,ERR,ERR,ERR,ERR,ERR,ERR,ERR,ERR,ERR,ERR,ERR,ERR,ERR,ERR,ERR,ERR,ERR,ERR,ERR,ERR,ERR,ERR,ERR,ERR,ERR,ERR,ERR,ERR,ERR,ERR,ERR,ERR,ERR,34.0,80.0,35,0.0,0.0,0.0,0.0,0.0,0.0,0.0,0.0,0.0,0.0,0.0,0.0,0.0,0.0,0.0,0.0,66.4,0,120,58,54,65476,0,300,0,0,8,20529,65476,0,0,57672,80.0,0.0,0.0,0.0,0.0,0.0
2026-06-18T02:14:02,ERR,ERR,ERR,ERR,ERR,ERR,ERR,ERR,ERR,ERR,ERR,ERR,ERR,ERR,ERR,ERR,ERR,ERR,ERR,ERR,ERR,ERR,ERR,ERR,ERR,ERR,ERR,ERR,ERR,ERR,ERR,ERR,ERR,ERR,ERR,ERR,ERR,ERR,ERR,ERR,ERR,ERR,ERR,ERR,ERR,ERR,ERR,ERR,ERR,ERR,ERR,ERR,ERR,ERR,ERR,ERR,ERR,ERR,ERR,ERR,ERR,ERR,ERR,ERR,ERR,ERR,ERR,ERR,ERR,ERR,ERR,ERR,ERR,ERR,ERR,ERR,ERR,ERR,ERR,ERR,ERR,ERR,ERR,ERR,ERR,ERR,ERR,ERR,ERR,ERR,ERR,ERR,ERR,ERR,ERR,ERR,ERR,ERR,ERR,ERR,ERR,ERR,ERR,ERR,ERR,ERR,ERR,ERR,ERR,ERR,ERR,ERR,ERR,ERR,ERR,ERR,ERR,ERR,ERR,ERR,ERR,ERR,ERR,ERR,ERR,-0.0,-0.0,0.0,0.059,0.0,1.3936040501711995e+18,7.805,-0.0,0,0,4,48852,6720,14723890282496.0,100,0.0,0.0,0.0,0.059,0.0,0,0,0,0,0.0,0,0,0,0,0,0,0,0,0,0,0,0,0,0,0,0,0,0,0,0,0,0,0,0,0,0,0,0,0,0,0,0,0,26,51,50,76,65476,0,300,0,0,8,21553,0.0,-107605600.0,0.0,0.0,0.0,0.0,0.0,0.0,0.0,0.0,0.0,0.0,0.0,0.0,0.0,0.0,0.0,0.0,0.0,0.0,0.0,0.0,0.0,0.0,2.004,-2.004,0.0,0.0,0.0,0.0,4740.0,0.0,7301.0,-0.0,-0.0,0.0,2.7184312818759872e+23,0.0,0.0,0.0,0.0,77,-0.0,-0.0,0.0,0.0,0.0,0.0,0.0,0.0,0.0,0,0,0,0.0,0.0,0.0,0.0,0.0,0.0,0.0,0.0,0.0,0.0,0.0,0.0,0.0,0.0,0.0,0.0,0,-107875648.0,77,0.0,154,0.0,0.0,ERR,ERR,ERR,ERR,ERR,ERR,ERR,ERR,ERR,ERR,ERR,ERR,ERR,ERR,ERR,ERR,ERR,ERR,ERR,ERR,ERR,ERR,ERR,ERR,ERR,ERR,ERR,ERR,ERR,ERR,ERR,ERR,ERR,ERR,ERR,ERR,ERR,ERR,ERR,ERR,ERR,ERR,ERR,ERR,ERR,ERR,ERR,ERR,ERR,ERR,ERR,ERR,ERR,ERR,ERR,ERR,ERR,ERR,ERR,ERR,ERR,ERR,ERR,ERR,ERR,ERR,ERR,34.0,80.0,35,0.0,0.0,0.0,0.0,0.0,0.0,0.0,0.0,0.0,0.0,0.0,0.0,0.0,0.0,0.0,0.0,66.0,0,120,58,54,65476,0,300,0,0,8,20529,65476,0,0,57672,80.0,0.0,0.0,0.0,0.0,0.0
2026-06-18T02:14:03,ERR,ERR,ERR,ERR,ERR,ERR,ERR,ERR,ERR,ERR,ERR,ERR,ERR,ERR,ERR,ERR,ERR,ERR,ERR,ERR,ERR,ERR,ERR,ERR,ERR,ERR,ERR,ERR,ERR,ERR,ERR,ERR,ERR,ERR,ERR,ERR,ERR,ERR,ERR,ERR,ERR,ERR,ERR,ERR,ERR,ERR,ERR,ERR,ERR,ERR,ERR,ERR,ERR,ERR,ERR,ERR,ERR,ERR,ERR,ERR,ERR,ERR,ERR,ERR,ERR,ERR,ERR,ERR,ERR,ERR,ERR,ERR,ERR,ERR,ERR,ERR,ERR,ERR,ERR,ERR,ERR,ERR,ERR,ERR,ERR,ERR,ERR,ERR,ERR,ERR,ERR,ERR,ERR,ERR,ERR,ERR,ERR,ERR,ERR,ERR,ERR,ERR,ERR,ERR,ERR,ERR,ERR,ERR,ERR,ERR,ERR,ERR,ERR,ERR,ERR,ERR,ERR,ERR,ERR,ERR,ERR,ERR,ERR,ERR,ERR,-0.0,-0.0,0.0,-0.0,2.012,1.3936040501711995e+18,7.805,-1.8245132555090963e+22,0,0,4,48902,6720,14723890282496.0,100,0.0,0.0,0.0,2.718290229135658e+23,0.0,0,0,0,0,0.0,0,0,0,0,0,0,0,0,0,0,0,0,0,0,0,0,0,0,0,0,0,0,0,0,0,0,0,0,0,0,0,0,0,26,51,50,76,65476,0,300,0,0,8,21553,0.0,-107605600.0,0.0,0.0,0.0,0.0,0.0,0.0,0.0,0.0,0.0,0.0,0.0,0.0,0.0,0.0,0.0,0.0,0.0,0.0,0.0,0.0,0.0,-2.004,2.004,-2.004,0.0,0.0,0.0,0.0,4740.0,3.697182615187489e+19,7308.0,-0.0,-0.0,0.0,2.7184312818759872e+23,0.0,0.0,0.0,0.0,77,-0.0,-3.2219987089600715e+26,0.0,0.0,0.0,0.0,0.0,0.0,0.0,0,0,0,0.0,0.0,0.0,0.0,0.0,0.0,0.0,0.0,0.0,0.0,0.0,0.0,0.0,0.0,0.0,0.0,0,-107875648.0,77,0.0,154,0.0,0.0,ERR,ERR,ERR,ERR,ERR,ERR,ERR,ERR,ERR,ERR,ERR,ERR,ERR,ERR,ERR,ERR,ERR,ERR,ERR,ERR,ERR,ERR,ERR,ERR,ERR,ERR,ERR,ERR,ERR,ERR,ERR,ERR,ERR,ERR,ERR,ERR,ERR,ERR,ERR,ERR,ERR,ERR,ERR,ERR,ERR,ERR,ERR,ERR,ERR,ERR,ERR,ERR,ERR,ERR,ERR,ERR,ERR,ERR,ERR,ERR,ERR,ERR,ERR,ERR,ERR,ERR,ERR,34.0,80.0,35,0.0,0.0,0.0,0.0,0.0,0.0,0.0,0.0,0.0,0.0,0.0,0.0,0.0,0.0,0.0,0.0,66.0,0,120,58,54,65476,0,300,0,0,8,20529,65476,0,0,57672,80.0,0.0,0.0,0.0,0.0,0.0
2026-06-18T02:14:04,ERR,ERR,ERR,ERR,ERR,ERR,ERR,ERR,ERR,ERR,ERR,ERR,ERR,ERR,ERR,ERR,ERR,ERR,ERR,ERR,ERR,ERR,ERR,ERR,ERR,ERR,ERR,ERR,ERR,ERR,ERR,ERR,ERR,ERR,ERR,ERR,ERR,ERR,ERR,ERR,ERR,ERR,ERR,ERR,ERR,ERR,ERR,ERR,ERR,ERR,ERR,ERR,ERR,ERR,ERR,ERR,ERR,ERR,ERR,ERR,ERR,ERR,ERR,ERR,ERR,ERR,ERR,ERR,ERR,ERR,ERR,ERR,ERR,ERR,ERR,ERR,ERR,ERR,ERR,ERR,ERR,ERR,ERR,ERR,ERR,ERR,ERR,ERR,ERR,ERR,ERR,ERR,ERR,ERR,ERR,ERR,ERR,ERR,ERR,ERR,ERR,ERR,ERR,ERR,ERR,ERR,ERR,ERR,ERR,ERR,ERR,ERR,ERR,ERR,ERR,ERR,ERR,ERR,ERR,ERR,ERR,ERR,ERR,ERR,ERR,-0.0,-0.0,0.0,-0.0,2.012,1.3936040501711995e+18,7.805,-1.8245132555090963e+22,0,0,4,48902,6720,14723890282496.0,100,0.0,0.0,0.0,2.718290229135658e+23,0.0,0,0,0,0,0.0,0,0,0,0,0,0,0,0,0,0,0,0,0,0,0,0,0,0,0,0,0,0,0,0,0,0,0,0,0,0,0,0,0,26,51,50,76,65476,0,300,0,0,8,21553,0.0,-107605600.0,0.0,0.0,0.0,0.0,0.0,0.0,0.0,0.0,0.0,0.0,0.0,0.0,0.0,0.0,0.0,0.0,0.0,0.0,0.0,0.0,0.0,-2.004,2.004,-2.004,0.0,0.0,0.0,0.0,4740.0,3.697182615187489e+19,7308.0,-0.0,-0.0,0.0,2.7184312818759872e+23,0.0,0.0,0.0,0.0,77,-0.0,-3.2219987089600715e+26,0.0,0.0,0.0,0.0,0.0,0.0,0.0,0,0,0,0.0,0.0,0.0,0.0,0.0,0.0,0.0,0.0,0.0,0.0,0.0,0.0,0.0,0.0,0.0,0.0,0,-107875648.0,77,0.0,154,0.0,0.0,ERR,ERR,ERR,ERR,ERR,ERR,ERR,ERR,ERR,ERR,ERR,ERR,ERR,ERR,ERR,ERR,ERR,ERR,ERR,ERR,ERR,ERR,ERR,ERR,ERR,ERR,ERR,ERR,ERR,ERR,ERR,ERR,ERR,ERR,ERR,ERR,ERR,ERR,ERR,ERR,ERR,ERR,ERR,ERR,ERR,ERR,ERR,ERR,ERR,ERR,ERR,ERR,ERR,ERR,ERR,ERR,ERR,ERR,ERR,ERR,ERR,ERR,ERR,ERR,ERR,ERR,ERR,34.0,80.0,35,0.0,0.0,0.0,0.0,0.0,0.0,0.0,0.0,0.0,0.0,0.0,0.0,0.0,0.0,0.0,0.0,66.0,0,120,58,54,65476,0,300,0,0,8,20529,65476,0,0,57672,80.0,0.0,0.0,0.0,0.0,0.0
2026-06-18T02:14:05,ERR,ERR,ERR,ERR,ERR,ERR,ERR,ERR,ERR,ERR,ERR,ERR,ERR,ERR,ERR,ERR,ERR,ERR,ERR,ERR,ERR,ERR,ERR,ERR,ERR,ERR,ERR,ERR,ERR,ERR,ERR,ERR,ERR,ERR,ERR,ERR,ERR,ERR,ERR,ERR,ERR,ERR,ERR,ERR,ERR,ERR,ERR,ERR,ERR,ERR,ERR,ERR,ERR,ERR,ERR,ERR,ERR,ERR,ERR,ERR,ERR,ERR,ERR,ERR,ERR,ERR,ERR,ERR,ERR,ERR,ERR,ERR,ERR,ERR,ERR,ERR,ERR,ERR,ERR,ERR,ERR,ERR,ERR,ERR,ERR,ERR,ERR,ERR,ERR,ERR,ERR,ERR,ERR,ERR,ERR,ERR,ERR,ERR,ERR,ERR,ERR,ERR,ERR,ERR,ERR,ERR,ERR,ERR,ERR,ERR,ERR,ERR,ERR,ERR,ERR,ERR,ERR,ERR,ERR,ERR,ERR,ERR,ERR,ERR,ERR,-0.0,-0.0,0.0,-0.0,2.012,1.3936040501711995e+18,7.805,-1.8245132555090963e+22,0,0,4,48902,6720,14723890282496.0,100,0.0,0.0,0.0,2.718290229135658e+23,0.0,0,0,0,0,0.0,0,0,0,0,0,0,0,0,0,0,0,0,0,0,0,0,0,0,0,0,0,0,0,0,0,0,0,0,0,0,0,0,0,26,51,50,76,65476,0,300,0,0,8,21553,0.0,-107605600.0,0.0,0.0,0.0,0.0,0.0,0.0,0.0,0.0,0.0,0.0,0.0,0.0,0.0,0.0,0.0,0.0,0.0,0.0,0.0,0.0,0.0,-2.004,2.004,-2.004,0.0,0.0,0.0,0.0,4740.0,3.697182615187489e+19,7308.0,-0.0,-0.0,0.0,2.7184312818759872e+23,0.0,0.0,0.0,0.0,77,-0.0,-3.2219987089600715e+26,0.0,0.0,0.0,0.0,0.0,0.0,0.0,0,0,0,0.0,0.0,0.0,0.0,0.0,0.0,0.0,0.0,0.0,0.0,0.0,0.0,0.0,0.0,0.0,0.0,0,-107875648.0,77,0.0,154,0.0,0.0,ERR,ERR,ERR,ERR,ERR,ERR,ERR,ERR,ERR,ERR,ERR,ERR,ERR,ERR,ERR,ERR,ERR,ERR,ERR,ERR,ERR,ERR,ERR,ERR,ERR,ERR,ERR,ERR,ERR,ERR,ERR,ERR,ERR,ERR,ERR,ERR,ERR,ERR,ERR,ERR,ERR,ERR,ERR,ERR,ERR,ERR,ERR,ERR,ERR,ERR,ERR,ERR,ERR,ERR,ERR,ERR,ERR,ERR,ERR,ERR,ERR,ERR,ERR,ERR,ERR,ERR,ERR,34.0,80.0,35,0.0,0.0,0.0,0.0,0.0,0.0,0.0,0.0,0.0,0.0,0.0,0.0,0.0,0.0,0.0,0.0,66.0,0,120,58,54,65476,0,300,0,0,8,20529,65476,0,0,57672,80.0,0.0,0.0,0.0,0.0,0.0
2026-06-18T02:14:06,ERR,ERR,ERR,ERR,ERR,ERR,ERR,ERR,ERR,ERR,ERR,ERR,ERR,ERR,ERR,ERR,ERR,ERR,ERR,ERR,ERR,ERR,ERR,ERR,ERR,ERR,ERR,ERR,ERR,ERR,ERR,ERR,ERR,ERR,ERR,ERR,ERR,ERR,ERR,ERR,ERR,ERR,ERR,ERR,ERR,ERR,ERR,ERR,ERR,ERR,ERR,ERR,ERR,ERR,ERR,ERR,ERR,ERR,ERR,ERR,ERR,ERR,ERR,ERR,ERR,ERR,ERR,ERR,ERR,ERR,ERR,ERR,ERR,ERR,ERR,ERR,ERR,ERR,ERR,ERR,ERR,ERR,ERR,ERR,ERR,ERR,ERR,ERR,ERR,ERR,ERR,ERR,ERR,ERR,ERR,ERR,ERR,ERR,ERR,ERR,ERR,ERR,ERR,ERR,ERR,ERR,ERR,ERR,ERR,ERR,ERR,ERR,ERR,ERR,ERR,ERR,ERR,ERR,ERR,ERR,ERR,ERR,ERR,ERR,ERR,-0.0,-0.0,0.0,-0.0,2.012,1.3936040501711995e+18,7.805,-1.8245132555090963e+22,0,0,4,48902,6720,14723890282496.0,100,0.0,0.0,0.0,2.718290229135658e+23,0.0,0,0,0,0,0.0,0,0,0,0,0,0,0,0,0,0,0,0,0,0,0,0,0,0,0,0,0,0,0,0,0,0,0,0,0,0,0,0,0,26,51,50,76,65476,0,300,0,0,8,21553,0.0,-107605600.0,0.0,0.0,0.0,0.0,0.0,0.0,0.0,0.0,0.0,0.0,0.0,0.0,0.0,0.0,0.0,0.0,0.0,0.0,0.0,0.0,0.0,-2.004,2.004,-2.004,0.0,0.0,0.0,0.0,4740.0,3.697182615187489e+19,7308.0,-0.0,-0.0,0.0,2.7184312818759872e+23,0.0,0.0,0.0,0.0,77,-0.0,-3.2219987089600715e+26,0.0,0.0,0.0,0.0,0.0,0.0,0.0,0,0,0,0.0,0.0,0.0,0.0,0.0,0.0,0.0,0.0,0.0,0.0,0.0,0.0,0.0,0.0,0.0,0.0,0,-107875648.0,77,0.0,154,0.0,0.0,ERR,ERR,ERR,ERR,ERR,ERR,ERR,ERR,ERR,ERR,ERR,ERR,ERR,ERR,ERR,ERR,ERR,ERR,ERR,ERR,ERR,ERR,ERR,ERR,ERR,ERR,ERR,ERR,ERR,ERR,ERR,ERR,ERR,ERR,ERR,ERR,ERR,ERR,ERR,ERR,ERR,ERR,ERR,ERR,ERR,ERR,ERR,ERR,ERR,ERR,ERR,ERR,ERR,ERR,ERR,ERR,ERR,ERR,ERR,ERR,ERR,ERR,ERR,ERR,ERR,ERR,ERR,34.0,80.0,35,0.0,0.0,0.0,0.0,0.0,0.0,0.0,0.0,0.0,0.0,0.0,0.0,0.0,0.0,0.0,0.0,66.0,0,120,58,54,65476,0,300,0,0,8,20529,65476,0,0,57672,80.0,0.0,0.0,0.0,0.0,0.0
2026-06-18T02:14:07,ERR,ERR,ERR,ERR,ERR,ERR,ERR,ERR,ERR,ERR,ERR,ERR,ERR,ERR,ERR,ERR,ERR,ERR,ERR,ERR,ERR,ERR,ERR,ERR,ERR,ERR,ERR,ERR,ERR,ERR,ERR,ERR,ERR,ERR,ERR,ERR,ERR,ERR,ERR,ERR,ERR,ERR,ERR,ERR,ERR,ERR,ERR,ERR,ERR,ERR,ERR,ERR,ERR,ERR,ERR,ERR,ERR,ERR,ERR,ERR,ERR,ERR,ERR,ERR,ERR,ERR,ERR,ERR,ERR,ERR,ERR,ERR,ERR,ERR,ERR,ERR,ERR,ERR,ERR,ERR,ERR,ERR,ERR,ERR,ERR,ERR,ERR,ERR,ERR,ERR,ERR,ERR,ERR,ERR,ERR,ERR,ERR,ERR,ERR,ERR,ERR,ERR,ERR,ERR,ERR,ERR,ERR,ERR,ERR,ERR,ERR,ERR,ERR,ERR,ERR,ERR,ERR,ERR,ERR,ERR,ERR,ERR,ERR,ERR,ERR,-0.0,-0.0,0.0,-0.0,2.012,1.3936040501711995e+18,7.805,-1.8245132555090963e+22,0,0,4,48902,6720,14723890282496.0,100,0.0,0.0,0.0,2.718290229135658e+23,0.0,0,0,0,0,0.0,0,0,0,0,0,0,0,0,0,0,0,0,0,0,0,0,0,0,0,0,0,0,0,0,0,0,0,0,0,0,0,0,0,26,51,50,76,65476,0,300,0,0,8,21553,0.0,-107605600.0,0.0,0.0,0.0,0.0,0.0,0.0,0.0,0.0,0.0,0.0,0.0,0.0,0.0,0.0,0.0,0.0,0.0,0.0,0.0,0.0,0.0,-2.004,2.004,-2.004,0.0,0.0,0.0,0.0,4740.0,3.697182615187489e+19,7308.0,-0.0,-0.0,0.0,2.7184312818759872e+23,0.0,0.0,0.0,0.0,77,-0.0,-3.2219987089600715e+26,0.0,0.0,0.0,0.0,0.0,0.0,0.0,0,0,0,0.0,0.0,0.0,0.0,0.0,0.0,0.0,0.0,0.0,0.0,0.0,0.0,0.0,0.0,0.0,0.0,0,-107875648.0,77,0.0,154,0.0,0.0,ERR,ERR,ERR,ERR,ERR,ERR,ERR,ERR,ERR,ERR,ERR,ERR,ERR,ERR,ERR,ERR,ERR,ERR,ERR,ERR,ERR,ERR,ERR,ERR,ERR,ERR,ERR,ERR,ERR,ERR,ERR,ERR,ERR,ERR,ERR,ERR,ERR,ERR,ERR,ERR,ERR,ERR,ERR,ERR,ERR,ERR,ERR,ERR,ERR,ERR,ERR,ERR,ERR,ERR,ERR,ERR,ERR,ERR,ERR,ERR,ERR,ERR,ERR,ERR,ERR,ERR,ERR,34.0,80.0,35,0.0,0.0,0.0,0.0,0.0,0.0,0.0,0.0,0.0,0.0,0.0,0.0,0.0,0.0,0.0,0.0,66.4,0,120,58,54,65476,0,300,0,0,8,20529,65476,0,0,57672,80.0,0.0,0.0,0.0,0.0,0.0
2026-06-18T02:14:08,ERR,ERR,ERR,ERR,ERR,ERR,ERR,ERR,ERR,ERR,ERR,ERR,ERR,ERR,ERR,ERR,ERR,ERR,ERR,ERR,ERR,ERR,ERR,ERR,ERR,ERR,ERR,ERR,ERR,ERR,ERR,ERR,ERR,ERR,ERR,ERR,ERR,ERR,ERR,ERR,ERR,ERR,ERR,ERR,ERR,ERR,ERR,ERR,ERR,ERR,ERR,ERR,ERR,ERR,ERR,ERR,ERR,ERR,ERR,ERR,ERR,ERR,ERR,ERR,ERR,ERR,ERR,ERR,ERR,ERR,ERR,ERR,ERR,ERR,ERR,ERR,ERR,ERR,ERR,ERR,ERR,ERR,ERR,ERR,ERR,ERR,ERR,ERR,ERR,ERR,ERR,ERR,ERR,ERR,ERR,ERR,ERR,ERR,ERR,ERR,ERR,ERR,ERR,ERR,ERR,ERR,ERR,ERR,ERR,ERR,ERR,ERR,ERR,ERR,ERR,ERR,ERR,ERR,ERR,ERR,ERR,ERR,ERR,ERR,ERR,-0.0,-0.0,0.0,-152005385388032.0,-2.012,1.3936040501711995e+18,7.805,0.0,0,0,4,48901,6720,14723890282496.0,100,0.0,0.0,0.0,-152005385388032.0,0.0,0,0,0,0,0.0,0,0,0,0,0,0,0,0,0,0,0,0,0,0,0,0,0,0,0,0,0,0,0,0,0,0,0,0,0,0,0,0,0,26,51,50,76,65476,0,300,0,0,8,21553,0.0,-107605600.0,0.0,0.0,0.0,0.0,0.0,0.0,0.0,0.0,0.0,0.0,0.0,0.0,0.0,0.0,0.0,0.0,0.0,0.0,0.0,0.0,0.0,-2.004,2.004,-2.004,0.0,0.0,0.0,0.0,4738.0,131350.312,7305.0,-0.0,-0.0,0.0,2.7184312818759872e+23,0.0,0.0,0.0,0.0,77,-0.0,-152017095884800.0,0.0,0.0,0.0,0.0,0.0,0.0,0.0,0,0,0,0.0,0.0,0.0,0.0,0.0,0.0,0.0,0.0,0.0,0.0,0.0,0.0,0.0,0.0,0.0,0.0,0,-107875648.0,77,0.0,154,0.0,0.0,ERR,ERR,ERR,ERR,ERR,ERR,ERR,ERR,ERR,ERR,ERR,ERR,ERR,ERR,ERR,ERR,ERR,ERR,ERR,ERR,ERR,ERR,ERR,ERR,ERR,ERR,ERR,ERR,ERR,ERR,ERR,ERR,ERR,ERR,ERR,ERR,ERR,ERR,ERR,ERR,ERR,ERR,ERR,ERR,ERR,ERR,ERR,ERR,ERR,ERR,ERR,ERR,ERR,ERR,ERR,ERR,ERR,ERR,ERR,ERR,ERR,ERR,ERR,ERR,ERR,ERR,ERR,34.0,80.0,35,0.0,0.0,0.0,0.0,0.0,0.0,0.0,0.0,0.0,0.0,0.0,0.0,0.0,0.0,0.0,0.0,66.4,0,120,58,54,65476,0,300,0,0,8,20529,65476,0,0,57672,80.0,0.0,0.0,0.0,0.0,0.0
2026-06-18T02:14:09,ERR,ERR,ERR,ERR,ERR,ERR,ERR,ERR,ERR,ERR,ERR,ERR,ERR,ERR,ERR,ERR,ERR,ERR,ERR,ERR,ERR,ERR,ERR,ERR,ERR,ERR,ERR,ERR,ERR,ERR,ERR,ERR,ERR,ERR,ERR,ERR,ERR,ERR,ERR,ERR,ERR,ERR,ERR,ERR,ERR,ERR,ERR,ERR,ERR,ERR,ERR,ERR,ERR,ERR,ERR,ERR,ERR,ERR,ERR,ERR,ERR,ERR,ERR,ERR,ERR,ERR,ERR,ERR,ERR,ERR,ERR,ERR,ERR,ERR,ERR,ERR,ERR,ERR,ERR,ERR,ERR,ERR,ERR,ERR,ERR,ERR,ERR,ERR,ERR,ERR,ERR,ERR,ERR,ERR,ERR,ERR,ERR,ERR,ERR,ERR,ERR,ERR,ERR,ERR,ERR,ERR,ERR,ERR,ERR,ERR,ERR,ERR,ERR,ERR,ERR,ERR,ERR,ERR,ERR,ERR,ERR,ERR,ERR,ERR,ERR,-0.0,-0.0,0.0,-152005385388032.0,-2.012,1.3936040501711995e+18,7.805,0.0,0,0,4,48901,6720,14723890282496.0,100,0.0,0.0,0.0,-152005385388032.0,0.0,0,0,0,0,0.0,0,0,0,0,0,0,0,0,0,0,0,0,0,0,0,0,0,0,0,0,0,0,0,0,0,0,0,0,0,0,0,0,0,26,51,50,76,65476,0,300,0,0,8,21553,0.0,-107605600.0,0.0,0.0,0.0,0.0,0.0,0.0,0.0,0.0,0.0,0.0,0.0,0.0,0.0,0.0,0.0,0.0,0.0,0.0,0.0,0.0,0.0,-2.004,2.004,-2.004,0.0,0.0,0.0,0.0,4738.0,131350.312,7305.0,-0.0,-0.0,0.0,2.7184312818759872e+23,0.0,0.0,0.0,0.0,77,-0.0,-152017095884800.0,0.0,0.0,0.0,0.0,0.0,0.0,0.0,0,0,0,0.0,0.0,0.0,0.0,0.0,0.0,0.0,0.0,0.0,0.0,0.0,0.0,0.0,0.0,0.0,0.0,0,-107875648.0,77,0.0,154,0.0,0.0,ERR,ERR,ERR,ERR,ERR,ERR,ERR,ERR,ERR,ERR,ERR,ERR,ERR,ERR,ERR,ERR,ERR,ERR,ERR,ERR,ERR,ERR,ERR,ERR,ERR,ERR,ERR,ERR,ERR,ERR,ERR,ERR,ERR,ERR,ERR,ERR,ERR,ERR,ERR,ERR,ERR,ERR,ERR,ERR,ERR,ERR,ERR,ERR,ERR,ERR,ERR,ERR,ERR,ERR,ERR,ERR,ERR,ERR,ERR,ERR,ERR,ERR,ERR,ERR,ERR,ERR,ERR,34.0,80.0,35,0.0,0.0,0.0,0.0,0.0,0.0,0.0,0.0,0.0,0.0,0.0,0.0,0.0,0.0,0.0,0.0,66.0,0,120,58,54,65476,0,300,0,0,8,20529,65476,0,0,57672,80.0,0.0,0.0,0.0,0.0,0.0
2026-06-18T02:14:10,ERR,ERR,ERR,ERR,ERR,ERR,ERR,ERR,ERR,ERR,ERR,ERR,ERR,ERR,ERR,ERR,ERR,ERR,ERR,ERR,ERR,ERR,ERR,ERR,ERR,ERR,ERR,ERR,ERR,ERR,ERR,ERR,ERR,ERR,ERR,ERR,ERR,ERR,ERR,ERR,ERR,ERR,ERR,ERR,ERR,ERR,ERR,ERR,ERR,ERR,ERR,ERR,ERR,ERR,ERR,ERR,ERR,ERR,ERR,ERR,ERR,ERR,ERR,ERR,ERR,ERR,ERR,ERR,ERR,ERR,ERR,ERR,ERR,ERR,ERR,ERR,ERR,ERR,ERR,ERR,ERR,ERR,ERR,ERR,ERR,ERR,ERR,ERR,ERR,ERR,ERR,ERR,ERR,ERR,ERR,ERR,ERR,ERR,ERR,ERR,ERR,ERR,ERR,ERR,ERR,ERR,ERR,ERR,ERR,ERR,ERR,ERR,ERR,ERR,ERR,ERR,ERR,ERR,ERR,ERR,ERR,ERR,ERR,ERR,ERR,-0.0,-0.0,0.0,-152005385388032.0,-2.012,1.3936040501711995e+18,7.805,0.0,0,0,4,48901,6720,14723890282496.0,100,0.0,0.0,0.0,-152005385388032.0,0.0,0,0,0,0,0.0,0,0,0,0,0,0,0,0,0,0,0,0,0,0,0,0,0,0,0,0,0,0,0,0,0,0,0,0,0,0,0,0,0,26,51,50,76,65476,0,300,0,0,8,21553,0.0,-107605600.0,0.0,0.0,0.0,0.0,0.0,0.0,0.0,0.0,0.0,0.0,0.0,0.0,0.0,0.0,0.0,0.0,0.0,0.0,0.0,0.0,0.0,-2.004,2.004,-2.004,0.0,0.0,0.0,0.0,4738.0,131350.312,7305.0,-0.0,-0.0,0.0,2.7184312818759872e+23,0.0,0.0,0.0,0.0,77,-0.0,-152017095884800.0,0.0,0.0,0.0,0.0,0.0,0.0,0.0,0,0,0,0.0,0.0,0.0,0.0,0.0,0.0,0.0,0.0,0.0,0.0,0.0,0.0,0.0,0.0,0.0,0.0,0,-107875648.0,77,0.0,154,0.0,0.0,ERR,ERR,ERR,ERR,ERR,ERR,ERR,ERR,ERR,ERR,ERR,ERR,ERR,ERR,ERR,ERR,ERR,ERR,ERR,ERR,ERR,ERR,ERR,ERR,ERR,ERR,ERR,ERR,ERR,ERR,ERR,ERR,ERR,ERR,ERR,ERR,ERR,ERR,ERR,ERR,ERR,ERR,ERR,ERR,ERR,ERR,ERR,ERR,ERR,ERR,ERR,ERR,ERR,ERR,ERR,ERR,ERR,ERR,ERR,ERR,ERR,ERR,ERR,ERR,ERR,ERR,ERR,34.0,80.0,35,0.0,0.0,0.0,0.0,0.0,0.0,0.0,0.0,0.0,0.0,0.0,0.0,0.0,0.0,0.0,0.0,66.0,0,120,58,54,65476,0,300,0,0,8,20529,65476,0,0,57672,80.0,0.0,0.0,0.0,0.0,0.0
2026-06-18T02:14:11,ERR,ERR,ERR,ERR,ERR,ERR,ERR,ERR,ERR,ERR,ERR,ERR,ERR,ERR,ERR,ERR,ERR,ERR,ERR,ERR,ERR,ERR,ERR,ERR,ERR,ERR,ERR,ERR,ERR,ERR,ERR,ERR,ERR,ERR,ERR,ERR,ERR,ERR,ERR,ERR,ERR,ERR,ERR,ERR,ERR,ERR,ERR,ERR,ERR,ERR,ERR,ERR,ERR,ERR,ERR,ERR,ERR,ERR,ERR,ERR,ERR,ERR,ERR,ERR,ERR,ERR,ERR,ERR,ERR,ERR,ERR,ERR,ERR,ERR,ERR,ERR,ERR,ERR,ERR,ERR,ERR,ERR,ERR,ERR,ERR,ERR,ERR,ERR,ERR,ERR,ERR,ERR,ERR,ERR,ERR,ERR,ERR,ERR,ERR,ERR,ERR,ERR,ERR,ERR,ERR,ERR,ERR,ERR,ERR,ERR,ERR,ERR,ERR,ERR,ERR,ERR,ERR,ERR,ERR,ERR,ERR,ERR,ERR,ERR,ERR,-0.0,-0.0,0.0,-152005385388032.0,-2.012,1.3936040501711995e+18,7.805,0.0,0,0,4,48901,6720,14723890282496.0,100,0.0,0.0,0.0,-152005385388032.0,0.0,0,0,0,0,0.0,0,0,0,0,0,0,0,0,0,0,0,0,0,0,0,0,0,0,0,0,0,0,0,0,0,0,0,0,0,0,0,0,0,26,51,50,76,65476,0,300,0,0,8,21553,0.0,-107605600.0,0.0,0.0,0.0,0.0,0.0,0.0,0.0,0.0,0.0,0.0,0.0,0.0,0.0,0.0,0.0,0.0,0.0,0.0,0.0,0.0,0.0,-2.004,2.004,-2.004,0.0,0.0,0.0,0.0,4738.0,131350.312,7305.0,-0.0,-0.0,0.0,2.7184312818759872e+23,0.0,0.0,0.0,0.0,77,-0.0,-152017095884800.0,0.0,0.0,0.0,0.0,0.0,0.0,0.0,0,0,0,0.0,0.0,0.0,0.0,0.0,0.0,0.0,0.0,0.0,0.0,0.0,0.0,0.0,0.0,0.0,0.0,0,-107875648.0,77,0.0,154,0.0,0.0,ERR,ERR,ERR,ERR,ERR,ERR,ERR,ERR,ERR,ERR,ERR,ERR,ERR,ERR,ERR,ERR,ERR,ERR,ERR,ERR,ERR,ERR,ERR,ERR,ERR,ERR,ERR,ERR,ERR,ERR,ERR,ERR,ERR,ERR,ERR,ERR,ERR,ERR,ERR,ERR,ERR,ERR,ERR,ERR,ERR,ERR,ERR,ERR,ERR,ERR,ERR,ERR,ERR,ERR,ERR,ERR,ERR,ERR,ERR,ERR,ERR,ERR,ERR,ERR,ERR,ERR,ERR,34.0,80.0,35,0.0,0.0,0.0,0.0,0.0,0.0,0.0,0.0,0.0,0.0,0.0,0.0,0.0,0.0,0.0,0.0,66.0,0,120,58,54,65476,0,300,0,0,8,20529,65476,0,0,57672,80.0,0.0,0.0,0.0,0.0,0.0
2026-06-18T02:14:12,ERR,ERR,ERR,ERR,ERR,ERR,ERR,ERR,ERR,ERR,ERR,ERR,ERR,ERR,ERR,ERR,ERR,ERR,ERR,ERR,ERR,ERR,ERR,ERR,ERR,ERR,ERR,ERR,ERR,ERR,ERR,ERR,ERR,ERR,ERR,ERR,ERR,ERR,ERR,ERR,ERR,ERR,ERR,ERR,ERR,ERR,ERR,ERR,ERR,ERR,ERR,ERR,ERR,ERR,ERR,ERR,ERR,ERR,ERR,ERR,ERR,ERR,ERR,ERR,ERR,ERR,ERR,ERR,ERR,ERR,ERR,ERR,ERR,ERR,ERR,ERR,ERR,ERR,ERR,ERR,ERR,ERR,ERR,ERR,ERR,ERR,ERR,ERR,ERR,ERR,ERR,ERR,ERR,ERR,ERR,ERR,ERR,ERR,ERR,ERR,ERR,ERR,ERR,ERR,ERR,ERR,ERR,ERR,ERR,ERR,ERR,ERR,ERR,ERR,ERR,ERR,ERR,ERR,ERR,ERR,ERR,ERR,ERR,ERR,ERR,-0.0,-0.0,0.0,-152005385388032.0,-2.012,1.3936040501711995e+18,7.805,0.0,0,0,4,48901,6720,14723890282496.0,100,0.0,0.0,0.0,-152005385388032.0,0.0,0,0,0,0,0.0,0,0,0,0,0,0,0,0,0,0,0,0,0,0,0,0,0,0,0,0,0,0,0,0,0,0,0,0,0,0,0,0,0,26,51,50,76,65476,0,300,0,0,8,21553,0.0,-107605600.0,0.0,0.0,0.0,0.0,0.0,0.0,0.0,0.0,0.0,0.0,0.0,0.0,0.0,0.0,0.0,0.0,0.0,0.0,0.0,0.0,0.0,-2.004,2.004,-2.004,0.0,0.0,0.0,0.0,4738.0,131350.312,7305.0,-0.0,-0.0,0.0,2.7184312818759872e+23,0.0,0.0,0.0,0.0,77,-0.0,-152017095884800.0,0.0,0.0,0.0,0.0,0.0,0.0,0.0,0,0,0,0.0,0.0,0.0,0.0,0.0,0.0,0.0,0.0,0.0,0.0,0.0,0.0,0.0,0.0,0.0,0.0,0,-107875648.0,77,0.0,154,0.0,0.0,ERR,ERR,ERR,ERR,ERR,ERR,ERR,ERR,ERR,ERR,ERR,ERR,ERR,ERR,ERR,ERR,ERR,ERR,ERR,ERR,ERR,ERR,ERR,ERR,ERR,ERR,ERR,ERR,ERR,ERR,ERR,ERR,ERR,ERR,ERR,ERR,ERR,ERR,ERR,ERR,ERR,ERR,ERR,ERR,ERR,ERR,ERR,ERR,ERR,ERR,ERR,ERR,ERR,ERR,ERR,ERR,ERR,ERR,ERR,ERR,ERR,ERR,ERR,ERR,ERR,ERR,ERR,34.0,80.0,35,0.0,0.0,0.0,0.0,0.0,0.0,0.0,0.0,0.0,0.0,0.0,0.0,0.0,0.0,0.0,0.0,66.0,0,120,58,54,65476,0,300,0,0,8,20529,65476,0,0,57672,80.0,0.0,0.0,0.0,0.0,0.0
2026-06-18T02:14:13,ERR,ERR,ERR,ERR,ERR,ERR,ERR,ERR,ERR,ERR,ERR,ERR,ERR,ERR,ERR,ERR,ERR,ERR,ERR,ERR,ERR,ERR,ERR,ERR,ERR,ERR,ERR,ERR,ERR,ERR,ERR,ERR,ERR,ERR,ERR,ERR,ERR,ERR,ERR,ERR,ERR,ERR,ERR,ERR,ERR,ERR,ERR,ERR,ERR,ERR,ERR,ERR,ERR,ERR,ERR,ERR,ERR,ERR,ERR,ERR,ERR,ERR,ERR,ERR,ERR,ERR,ERR,ERR,ERR,ERR,ERR,ERR,ERR,ERR,ERR,ERR,ERR,ERR,ERR,ERR,ERR,ERR,ERR,ERR,ERR,ERR,ERR,ERR,ERR,ERR,ERR,ERR,ERR,ERR,ERR,ERR,ERR,ERR,ERR,ERR,ERR,ERR,ERR,ERR,ERR,ERR,ERR,ERR,ERR,ERR,ERR,ERR,ERR,ERR,ERR,ERR,ERR,ERR,ERR,ERR,ERR,ERR,ERR,ERR,ERR,-0.0,-0.0,0.0,-152005385388032.0,-2.012,1.3936040501711995e+18,7.805,0.0,0,0,4,48901,6720,14723890282496.0,100,0.0,0.0,0.0,-152005385388032.0,0.0,0,0,0,0,0.0,0,0,0,0,0,0,0,0,0,0,0,0,0,0,0,0,0,0,0,0,0,0,0,0,0,0,0,0,0,0,0,0,0,26,51,50,76,65476,0,300,0,0,8,21553,0.0,-107605600.0,0.0,0.0,0.0,0.0,0.0,0.0,0.0,0.0,0.0,0.0,0.0,0.0,0.0,0.0,0.0,0.0,0.0,0.0,0.0,0.0,0.0,-2.004,2.004,-0.0,0.0,0.0,0.0,0.0,4738.0,0.0,7302.0,-0.0,-0.0,0.0,2.7184312818759872e+23,0.0,0.0,0.0,0.0,77,-0.0,-0.0,0.0,0.0,0.0,0.0,0.0,0.0,0.0,0,0,0,0.0,0.0,0.0,0.0,0.0,0.0,0.0,0.0,0.0,0.0,0.0,0.0,0.0,0.0,0.0,0.0,0,-107875648.0,77,0.0,154,0.0,0.0,ERR,ERR,ERR,ERR,ERR,ERR,ERR,ERR,ERR,ERR,ERR,ERR,ERR,ERR,ERR,ERR,ERR,ERR,ERR,ERR,ERR,ERR,ERR,ERR,ERR,ERR,ERR,ERR,ERR,ERR,ERR,ERR,ERR,ERR,ERR,ERR,ERR,ERR,ERR,ERR,ERR,ERR,ERR,ERR,ERR,ERR,ERR,ERR,ERR,ERR,ERR,ERR,ERR,ERR,ERR,ERR,ERR,ERR,ERR,ERR,ERR,ERR,ERR,ERR,ERR,ERR,ERR,34.0,80.0,35,0.0,0.0,0.0,0.0,0.0,0.0,0.0,0.0,0.0,0.0,0.0,0.0,0.0,0.0,0.0,0.0,66.0,0,120,58,54,65476,0,300,0,0,8,20529,65476,0,0,57672,80.0,0.0,0.0,0.0,0.0,0.0
2026-06-18T02:14:14,ERR,ERR,ERR,ERR,ERR,ERR,ERR,ERR,ERR,ERR,ERR,ERR,ERR,ERR,ERR,ERR,ERR,ERR,ERR,ERR,ERR,ERR,ERR,ERR,ERR,ERR,ERR,ERR,ERR,ERR,ERR,ERR,ERR,ERR,ERR,ERR,ERR,ERR,ERR,ERR,ERR,ERR,ERR,ERR,ERR,ERR,ERR,ERR,ERR,ERR,ERR,ERR,ERR,ERR,ERR,ERR,ERR,ERR,ERR,ERR,ERR,ERR,ERR,ERR,ERR,ERR,ERR,ERR,ERR,ERR,ERR,ERR,ERR,ERR,ERR,ERR,ERR,ERR,ERR,ERR,ERR,ERR,ERR,ERR,ERR,ERR,ERR,ERR,ERR,ERR,ERR,ERR,ERR,ERR,ERR,ERR,ERR,ERR,ERR,ERR,ERR,ERR,ERR,ERR,ERR,ERR,ERR,ERR,ERR,ERR,ERR,ERR,ERR,ERR,ERR,ERR,ERR,ERR,ERR,ERR,ERR,ERR,ERR,ERR,ERR,-0.0,-0.0,0.0,-152005385388032.0,-2.012,1.3936040501711995e+18,7.805,0.0,0,0,4,48901,6720,14723890282496.0,100,0.0,0.0,0.0,-152005385388032.0,0.0,0,0,0,0,0.0,0,0,0,0,0,0,0,0,0,0,0,0,0,0,0,0,0,0,0,0,0,0,0,0,0,0,0,0,0,0,0,0,0,26,51,50,76,65476,0,300,0,0,8,21553,0.0,-107605600.0,0.0,0.0,0.0,0.0,0.0,0.0,0.0,0.0,0.0,0.0,0.0,0.0,0.0,0.0,0.0,0.0,0.0,0.0,0.0,0.0,0.0,-2.004,2.004,-0.0,0.0,0.0,0.0,0.0,4738.0,0.0,7302.0,-0.0,-0.0,0.0,2.7184312818759872e+23,0.0,0.0,0.0,0.0,77,-0.0,-0.0,0.0,0.0,0.0,0.0,0.0,0.0,0.0,0,0,0,0.0,0.0,0.0,0.0,0.0,0.0,0.0,0.0,0.0,0.0,0.0,0.0,0.0,0.0,0.0,0.0,0,-107875648.0,77,0.0,154,0.0,0.0,ERR,ERR,ERR,ERR,ERR,ERR,ERR,ERR,ERR,ERR,ERR,ERR,ERR,ERR,ERR,ERR,ERR,ERR,ERR,ERR,ERR,ERR,ERR,ERR,ERR,ERR,ERR,ERR,ERR,ERR,ERR,ERR,ERR,ERR,ERR,ERR,ERR,ERR,ERR,ERR,ERR,ERR,ERR,ERR,ERR,ERR,ERR,ERR,ERR,ERR,ERR,ERR,ERR,ERR,ERR,ERR,ERR,ERR,ERR,ERR,ERR,ERR,ERR,ERR,ERR,ERR,ERR,34.0,80.0,35,0.0,0.0,0.0,0.0,0.0,0.0,0.0,0.0,0.0,0.0,0.0,0.0,0.0,0.0,0.0,0.0,66.0,0,120,58,54,65476,0,300,0,0,8,20529,65476,0,0,57672,80.0,0.0,0.0,0.0,0.0,0.0
2026-06-18T02:14:15,ERR,ERR,ERR,ERR,ERR,ERR,ERR,ERR,ERR,ERR,ERR,ERR,ERR,ERR,ERR,ERR,ERR,ERR,ERR,ERR,ERR,ERR,ERR,ERR,ERR,ERR,ERR,ERR,ERR,ERR,ERR,ERR,ERR,ERR,ERR,ERR,ERR,ERR,ERR,ERR,ERR,ERR,ERR,ERR,ERR,ERR,ERR,ERR,ERR,ERR,ERR,ERR,ERR,ERR,ERR,ERR,ERR,ERR,ERR,ERR,ERR,ERR,ERR,ERR,ERR,ERR,ERR,ERR,ERR,ERR,ERR,ERR,ERR,ERR,ERR,ERR,ERR,ERR,ERR,ERR,ERR,ERR,ERR,ERR,ERR,ERR,ERR,ERR,ERR,ERR,ERR,ERR,ERR,ERR,ERR,ERR,ERR,ERR,ERR,ERR,ERR,ERR,ERR,ERR,ERR,ERR,ERR,ERR,ERR,ERR,ERR,ERR,ERR,ERR,ERR,ERR,ERR,ERR,ERR,ERR,ERR,ERR,ERR,ERR,ERR,-0.0,-0.0,0.0,-152005385388032.0,-2.012,1.3936040501711995e+18,7.805,0.0,0,0,4,48901,6720,14723890282496.0,100,0.0,0.0,0.0,-152005385388032.0,0.0,0,0,0,0,0.0,0,0,0,0,0,0,0,0,0,0,0,0,0,0,0,0,0,0,0,0,0,0,0,0,0,0,0,0,0,0,0,0,0,26,51,50,76,65476,0,300,0,0,8,21553,0.0,-107605600.0,0.0,0.0,0.0,0.0,0.0,0.0,0.0,0.0,0.0,0.0,0.0,0.0,0.0,0.0,0.0,0.0,0.0,0.0,0.0,0.0,0.0,-2.004,2.004,-0.0,0.0,0.0,0.0,0.0,4738.0,0.0,7302.0,-0.0,-0.0,0.0,2.7184312818759872e+23,0.0,0.0,0.0,0.0,77,-0.0,-0.0,0.0,0.0,0.0,0.0,0.0,0.0,0.0,0,0,0,0.0,0.0,0.0,0.0,0.0,0.0,0.0,0.0,0.0,0.0,0.0,0.0,0.0,0.0,0.0,0.0,0,-107875648.0,77,0.0,154,0.0,0.0,ERR,ERR,ERR,ERR,ERR,ERR,ERR,ERR,ERR,ERR,ERR,ERR,ERR,ERR,ERR,ERR,ERR,ERR,ERR,ERR,ERR,ERR,ERR,ERR,ERR,ERR,ERR,ERR,ERR,ERR,ERR,ERR,ERR,ERR,ERR,ERR,ERR,ERR,ERR,ERR,ERR,ERR,ERR,ERR,ERR,ERR,ERR,ERR,ERR,ERR,ERR,ERR,ERR,ERR,ERR,ERR,ERR,ERR,ERR,ERR,ERR,ERR,ERR,ERR,ERR,ERR,ERR,34.0,80.0,35,0.0,0.0,0.0,0.0,0.0,0.0,0.0,0.0,0.0,0.0,0.0,0.0,0.0,0.0,0.0,0.0,66.0,0,120,58,54,65476,0,300,0,0,8,20529,65476,0,0,57672,80.0,0.0,0.0,0.0,0.0,0.0
2026-06-18T02:14:16,ERR,ERR,ERR,ERR,ERR,ERR,ERR,ERR,ERR,ERR,ERR,ERR,ERR,ERR,ERR,ERR,ERR,ERR,ERR,ERR,ERR,ERR,ERR,ERR,ERR,ERR,ERR,ERR,ERR,ERR,ERR,ERR,ERR,ERR,ERR,ERR,ERR,ERR,ERR,ERR,ERR,ERR,ERR,ERR,ERR,ERR,ERR,ERR,ERR,ERR,ERR,ERR,ERR,ERR,ERR,ERR,ERR,ERR,ERR,ERR,ERR,ERR,ERR,ERR,ERR,ERR,ERR,ERR,ERR,ERR,ERR,ERR,ERR,ERR,ERR,ERR,ERR,ERR,ERR,ERR,ERR,ERR,ERR,ERR,ERR,ERR,ERR,ERR,ERR,ERR,ERR,ERR,ERR,ERR,ERR,ERR,ERR,ERR,ERR,ERR,ERR,ERR,ERR,ERR,ERR,ERR,ERR,ERR,ERR,ERR,ERR,ERR,ERR,ERR,ERR,ERR,ERR,ERR,ERR,ERR,ERR,ERR,ERR,ERR,ERR,-0.0,-0.0,0.0,-152005385388032.0,-2.012,1.3936040501711995e+18,7.805,0.0,0,0,4,48901,6720,14723890282496.0,100,0.0,0.0,0.0,-152005385388032.0,0.0,0,0,0,0,0.0,0,0,0,0,0,0,0,0,0,0,0,0,0,0,0,0,0,0,0,0,0,0,0,0,0,0,0,0,0,0,0,0,0,26,51,50,76,65476,0,300,0,0,8,21553,0.0,-107605600.0,0.0,0.0,0.0,0.0,0.0,0.0,0.0,0.0,0.0,0.0,0.0,0.0,0.0,0.0,0.0,0.0,0.0,0.0,0.0,0.0,0.0,-2.004,2.004,-0.0,0.0,0.0,0.0,0.0,4738.0,0.0,7302.0,-0.0,-0.0,0.0,2.7184312818759872e+23,0.0,0.0,0.0,0.0,77,-0.0,-0.0,0.0,0.0,0.0,0.0,0.0,0.0,0.0,0,0,0,0.0,0.0,0.0,0.0,0.0,0.0,0.0,0.0,0.0,0.0,0.0,0.0,0.0,0.0,0.0,0.0,0,-107875648.0,77,0.0,154,0.0,0.0,ERR,ERR,ERR,ERR,ERR,ERR,ERR,ERR,ERR,ERR,ERR,ERR,ERR,ERR,ERR,ERR,ERR,ERR,ERR,ERR,ERR,ERR,ERR,ERR,ERR,ERR,ERR,ERR,ERR,ERR,ERR,ERR,ERR,ERR,ERR,ERR,ERR,ERR,ERR,ERR,ERR,ERR,ERR,ERR,ERR,ERR,ERR,ERR,ERR,ERR,ERR,ERR,ERR,ERR,ERR,ERR,ERR,ERR,ERR,ERR,ERR,ERR,ERR,ERR,ERR,ERR,ERR,34.0,80.0,35,0.0,0.0,0.0,0.0,0.0,0.0,0.0,0.0,0.0,0.0,0.0,0.0,0.0,0.0,0.0,0.0,66.4,0,120,58,54,65476,0,300,0,0,8,20529,65476,0,0,57672,80.0,0.0,0.0,0.0,0.0,0.0
2026-06-18T02:14:17,ERR,ERR,ERR,ERR,ERR,ERR,ERR,ERR,ERR,ERR,ERR,ERR,ERR,ERR,ERR,ERR,ERR,ERR,ERR,ERR,ERR,ERR,ERR,ERR,ERR,ERR,ERR,ERR,ERR,ERR,ERR,ERR,ERR,ERR,ERR,ERR,ERR,ERR,ERR,ERR,ERR,ERR,ERR,ERR,ERR,ERR,ERR,ERR,ERR,ERR,ERR,ERR,ERR,ERR,ERR,ERR,ERR,ERR,ERR,ERR,ERR,ERR,ERR,ERR,ERR,ERR,ERR,ERR,ERR,ERR,ERR,ERR,ERR,ERR,ERR,ERR,ERR,ERR,ERR,ERR,ERR,ERR,ERR,ERR,ERR,ERR,ERR,ERR,ERR,ERR,ERR,ERR,ERR,ERR,ERR,ERR,ERR,ERR,ERR,ERR,ERR,ERR,ERR,ERR,ERR,ERR,ERR,ERR,ERR,ERR,ERR,ERR,ERR,ERR,ERR,ERR,ERR,ERR,ERR,ERR,ERR,ERR,ERR,ERR,ERR,-0.0,-0.0,0.0,-152005385388032.0,-2.012,1.3936040501711995e+18,7.805,0.0,0,0,4,48901,6720,14723890282496.0,100,0.0,0.0,0.0,-152005385388032.0,0.0,0,0,0,0,0.0,0,0,0,0,0,0,0,0,0,0,0,0,0,0,0,0,0,0,0,0,0,0,0,0,0,0,0,0,0,0,0,0,0,26,51,50,76,65476,0,300,0,0,8,21553,0.0,-107605600.0,0.0,0.0,0.0,0.0,0.0,0.0,0.0,0.0,0.0,0.0,0.0,0.0,0.0,0.0,0.0,0.0,0.0,0.0,0.0,0.0,0.0,-2.004,2.004,-0.0,0.0,0.0,0.0,0.0,4738.0,0.0,7302.0,-0.0,-0.0,0.0,2.7184312818759872e+23,0.0,0.0,0.0,0.0,77,-0.0,-0.0,0.0,0.0,0.0,0.0,0.0,0.0,0.0,0,0,0,0.0,0.0,0.0,0.0,0.0,0.0,0.0,0.0,0.0,0.0,0.0,0.0,0.0,0.0,0.0,0.0,0,-107875648.0,77,0.0,154,0.0,0.0,ERR,ERR,ERR,ERR,ERR,ERR,ERR,ERR,ERR,ERR,ERR,ERR,ERR,ERR,ERR,ERR,ERR,ERR,ERR,ERR,ERR,ERR,ERR,ERR,ERR,ERR,ERR,ERR,ERR,ERR,ERR,ERR,ERR,ERR,ERR,ERR,ERR,ERR,ERR,ERR,ERR,ERR,ERR,ERR,ERR,ERR,ERR,ERR,ERR,ERR,ERR,ERR,ERR,ERR,ERR,ERR,ERR,ERR,ERR,ERR,ERR,ERR,ERR,ERR,ERR,ERR,ERR,34.0,80.0,35,0.0,0.0,0.0,0.0,0.0,0.0,0.0,0.0,0.0,0.0,0.0,0.0,0.0,0.0,0.0,0.0,66.4,0,120,58,54,65476,0,300,0,0,8,20529,65476,0,0,57672,80.0,0.0,0.0,0.0,0.0,0.0
2026-06-18T02:14:18,ERR,ERR,ERR,ERR,ERR,ERR,ERR,ERR,ERR,ERR,ERR,ERR,ERR,ERR,ERR,ERR,ERR,ERR,ERR,ERR,ERR,ERR,ERR,ERR,ERR,ERR,ERR,ERR,ERR,ERR,ERR,ERR,ERR,ERR,ERR,ERR,ERR,ERR,ERR,ERR,ERR,ERR,ERR,ERR,ERR,ERR,ERR,ERR,ERR,ERR,ERR,ERR,ERR,ERR,ERR,ERR,ERR,ERR,ERR,ERR,ERR,ERR,ERR,ERR,ERR,ERR,ERR,ERR,ERR,ERR,ERR,ERR,ERR,ERR,ERR,ERR,ERR,ERR,ERR,ERR,ERR,ERR,ERR,ERR,ERR,ERR,ERR,ERR,ERR,ERR,ERR,ERR,ERR,ERR,ERR,ERR,ERR,ERR,ERR,ERR,ERR,ERR,ERR,ERR,ERR,ERR,ERR,ERR,ERR,ERR,ERR,ERR,ERR,ERR,ERR,ERR,ERR,ERR,ERR,ERR,ERR,ERR,ERR,ERR,ERR,-0.0,-0.0,0.0,0.0,0.0,1.3936040501711995e+18,7.805,-0.0,0,0,4,48899,6720,14723890282496.0,100,0.0,0.0,0.0,0.059,0.0,0,0,0,0,0.0,0,0,0,0,0,0,0,0,0,0,0,0,0,0,0,0,0,0,0,0,0,0,0,0,0,0,0,0,0,0,0,0,0,26,51,50,76,65476,0,300,0,0,8,21553,0.0,-107605600.0,0.0,0.0,0.0,0.0,0.0,0.0,0.0,0.0,0.0,0.0,0.0,0.0,0.0,0.0,0.0,0.0,0.0,0.0,0.0,0.0,0.0,-2.004,2.004,-2.004,0.0,0.0,0.0,0.0,4767.0,0.0,7302.0,-0.0,-0.0,0.0,2.7184312818759872e+23,0.0,0.0,0.0,0.0,77,-0.0,-0.0,0.0,0.0,0.0,0.0,0.0,0.0,0.0,0,0,0,0.0,0.0,0.0,0.0,0.0,0.0,0.0,0.0,0.0,0.0,0.0,0.0,0.0,0.0,0.0,0.0,0,-107875648.0,77,0.0,154,0.0,0.0,ERR,ERR,ERR,ERR,ERR,ERR,ERR,ERR,ERR,ERR,ERR,ERR,ERR,ERR,ERR,ERR,ERR,ERR,ERR,ERR,ERR,ERR,ERR,ERR,ERR,ERR,ERR,ERR,ERR,ERR,ERR,ERR,ERR,ERR,ERR,ERR,ERR,ERR,ERR,ERR,ERR,ERR,ERR,ERR,ERR,ERR,ERR,ERR,ERR,ERR,ERR,ERR,ERR,ERR,ERR,ERR,ERR,ERR,ERR,ERR,ERR,ERR,ERR,ERR,ERR,ERR,ERR,34.0,80.0,35,0.0,0.0,0.0,0.0,0.0,0.0,0.0,0.0,0.0,0.0,0.0,0.0,0.0,0.0,0.0,0.0,66.0,0,120,58,54,65476,0,300,0,0,8,20529,65476,0,0,57672,80.0,0.0,0.0,0.0,0.0,0.0
2026-06-18T02:14:19,ERR,ERR,ERR,ERR,ERR,ERR,ERR,ERR,ERR,ERR,ERR,ERR,ERR,ERR,ERR,ERR,ERR,ERR,ERR,ERR,ERR,ERR,ERR,ERR,ERR,ERR,ERR,ERR,ERR,ERR,ERR,ERR,ERR,ERR,ERR,ERR,ERR,ERR,ERR,ERR,ERR,ERR,ERR,ERR,ERR,ERR,ERR,ERR,ERR,ERR,ERR,ERR,ERR,ERR,ERR,ERR,ERR,ERR,ERR,ERR,ERR,ERR,ERR,ERR,ERR,ERR,ERR,ERR,ERR,ERR,ERR,ERR,ERR,ERR,ERR,ERR,ERR,ERR,ERR,ERR,ERR,ERR,ERR,ERR,ERR,ERR,ERR,ERR,ERR,ERR,ERR,ERR,ERR,ERR,ERR,ERR,ERR,ERR,ERR,ERR,ERR,ERR,ERR,ERR,ERR,ERR,ERR,ERR,ERR,ERR,ERR,ERR,ERR,ERR,ERR,ERR,ERR,ERR,ERR,ERR,ERR,ERR,ERR,ERR,ERR,-0.0,-0.0,0.0,0.0,0.0,1.3936040501711995e+18,7.805,-0.0,0,0,4,48899,6720,14723890282496.0,100,0.0,0.0,0.0,0.059,0.0,0,0,0,0,0.0,0,0,0,0,0,0,0,0,0,0,0,0,0,0,0,0,0,0,0,0,0,0,0,0,0,0,0,0,0,0,0,0,0,26,51,50,76,65476,0,300,0,0,8,21553,0.0,-107605600.0,0.0,0.0,0.0,0.0,0.0,0.0,0.0,0.0,0.0,0.0,0.0,0.0,0.0,0.0,0.0,0.0,0.0,0.0,0.0,0.0,0.0,-2.004,2.004,-2.004,0.0,0.0,0.0,0.0,4767.0,0.0,7302.0,-0.0,-0.0,0.0,2.7184312818759872e+23,0.0,0.0,0.0,0.0,77,-0.0,-0.0,0.0,0.0,0.0,0.0,0.0,0.0,0.0,0,0,0,0.0,0.0,0.0,0.0,0.0,0.0,0.0,0.0,0.0,0.0,0.0,0.0,0.0,0.0,0.0,0.0,0,-107875648.0,77,0.0,154,0.0,0.0,ERR,ERR,ERR,ERR,ERR,ERR,ERR,ERR,ERR,ERR,ERR,ERR,ERR,ERR,ERR,ERR,ERR,ERR,ERR,ERR,ERR,ERR,ERR,ERR,ERR,ERR,ERR,ERR,ERR,ERR,ERR,ERR,ERR,ERR,ERR,ERR,ERR,ERR,ERR,ERR,ERR,ERR,ERR,ERR,ERR,ERR,ERR,ERR,ERR,ERR,ERR,ERR,ERR,ERR,ERR,ERR,ERR,ERR,ERR,ERR,ERR,ERR,ERR,ERR,ERR,ERR,ERR,34.0,80.0,35,0.0,0.0,0.0,0.0,0.0,0.0,0.0,0.0,0.0,0.0,0.0,0.0,0.0,0.0,0.0,0.0,66.0,0,120,58,54,65476,0,300,0,0,8,20529,65476,0,0,57672,80.0,0.0,0.0,0.0,0.0,0.0
2026-06-18T02:14:20,ERR,ERR,ERR,ERR,ERR,ERR,ERR,ERR,ERR,ERR,ERR,ERR,ERR,ERR,ERR,ERR,ERR,ERR,ERR,ERR,ERR,ERR,ERR,ERR,ERR,ERR,ERR,ERR,ERR,ERR,ERR,ERR,ERR,ERR,ERR,ERR,ERR,ERR,ERR,ERR,ERR,ERR,ERR,ERR,ERR,ERR,ERR,ERR,ERR,ERR,ERR,ERR,ERR,ERR,ERR,ERR,ERR,ERR,ERR,ERR,ERR,ERR,ERR,ERR,ERR,ERR,ERR,ERR,ERR,ERR,ERR,ERR,ERR,ERR,ERR,ERR,ERR,ERR,ERR,ERR,ERR,ERR,ERR,ERR,ERR,ERR,ERR,ERR,ERR,ERR,ERR,ERR,ERR,ERR,ERR,ERR,ERR,ERR,ERR,ERR,ERR,ERR,ERR,ERR,ERR,ERR,ERR,ERR,ERR,ERR,ERR,ERR,ERR,ERR,ERR,ERR,ERR,ERR,ERR,ERR,ERR,ERR,ERR,ERR,ERR,-0.0,-0.0,0.0,0.0,0.0,1.3936040501711995e+18,7.805,-0.0,0,0,4,48899,6720,14723890282496.0,100,0.0,0.0,0.0,0.059,0.0,0,0,0,0,0.0,0,0,0,0,0,0,0,0,0,0,0,0,0,0,0,0,0,0,0,0,0,0,0,0,0,0,0,0,0,0,0,0,0,26,51,50,76,65476,0,300,0,0,8,21553,0.0,-107605600.0,0.0,0.0,0.0,0.0,0.0,0.0,0.0,0.0,0.0,0.0,0.0,0.0,0.0,0.0,0.0,0.0,0.0,0.0,0.0,0.0,0.0,-2.004,2.004,-2.004,0.0,0.0,0.0,0.0,4767.0,0.0,7302.0,-0.0,-0.0,0.0,2.7184312818759872e+23,0.0,0.0,0.0,0.0,77,-0.0,-0.0,0.0,0.0,0.0,0.0,0.0,0.0,0.0,0,0,0,0.0,0.0,0.0,0.0,0.0,0.0,0.0,0.0,0.0,0.0,0.0,0.0,0.0,0.0,0.0,0.0,0,-107875648.0,77,0.0,154,0.0,0.0,ERR,ERR,ERR,ERR,ERR,ERR,ERR,ERR,ERR,ERR,ERR,ERR,ERR,ERR,ERR,ERR,ERR,ERR,ERR,ERR,ERR,ERR,ERR,ERR,ERR,ERR,ERR,ERR,ERR,ERR,ERR,ERR,ERR,ERR,ERR,ERR,ERR,ERR,ERR,ERR,ERR,ERR,ERR,ERR,ERR,ERR,ERR,ERR,ERR,ERR,ERR,ERR,ERR,ERR,ERR,ERR,ERR,ERR,ERR,ERR,ERR,ERR,ERR,ERR,ERR,ERR,ERR,34.0,80.0,35,0.0,0.0,0.0,0.0,0.0,0.0,0.0,0.0,0.0,0.0,0.0,0.0,0.0,0.0,0.0,0.0,66.4,0,120,58,54,65476,0,300,0,0,8,20529,65476,0,0,57672,80.0,0.0,0.0,0.0,0.0,0.0
2026-06-18T02:14:21,ERR,ERR,ERR,ERR,ERR,ERR,ERR,ERR,ERR,ERR,ERR,ERR,ERR,ERR,ERR,ERR,ERR,ERR,ERR,ERR,ERR,ERR,ERR,ERR,ERR,ERR,ERR,ERR,ERR,ERR,ERR,ERR,ERR,ERR,ERR,ERR,ERR,ERR,ERR,ERR,ERR,ERR,ERR,ERR,ERR,ERR,ERR,ERR,ERR,ERR,ERR,ERR,ERR,ERR,ERR,ERR,ERR,ERR,ERR,ERR,ERR,ERR,ERR,ERR,ERR,ERR,ERR,ERR,ERR,ERR,ERR,ERR,ERR,ERR,ERR,ERR,ERR,ERR,ERR,ERR,ERR,ERR,ERR,ERR,ERR,ERR,ERR,ERR,ERR,ERR,ERR,ERR,ERR,ERR,ERR,ERR,ERR,ERR,ERR,ERR,ERR,ERR,ERR,ERR,ERR,ERR,ERR,ERR,ERR,ERR,ERR,ERR,ERR,ERR,ERR,ERR,ERR,ERR,ERR,ERR,ERR,ERR,ERR,ERR,ERR,-0.0,-0.0,0.0,0.0,0.0,1.3936040501711995e+18,7.805,-0.0,0,0,4,48899,6720,14723890282496.0,100,0.0,0.0,0.0,0.059,0.0,0,0,0,0,0.0,0,0,0,0,0,0,0,0,0,0,0,0,0,0,0,0,0,0,0,0,0,0,0,0,0,0,0,0,0,0,0,0,0,26,51,50,76,65476,0,300,0,0,8,21553,0.0,-107605600.0,0.0,0.0,0.0,0.0,0.0,0.0,0.0,0.0,0.0,0.0,0.0,0.0,0.0,0.0,0.0,0.0,0.0,0.0,0.0,0.0,0.0,-2.004,2.004,-2.004,0.0,0.0,0.0,0.0,4767.0,0.0,7302.0,-0.0,-0.0,0.0,2.7184312818759872e+23,0.0,0.0,0.0,0.0,77,-0.0,-0.0,0.0,0.0,0.0,0.0,0.0,0.0,0.0,0,0,0,0.0,0.0,0.0,0.0,0.0,0.0,0.0,0.0,0.0,0.0,0.0,0.0,0.0,0.0,0.0,0.0,0,-107875648.0,77,0.0,154,0.0,0.0,ERR,ERR,ERR,ERR,ERR,ERR,ERR,ERR,ERR,ERR,ERR,ERR,ERR,ERR,ERR,ERR,ERR,ERR,ERR,ERR,ERR,ERR,ERR,ERR,ERR,ERR,ERR,ERR,ERR,ERR,ERR,ERR,ERR,ERR,ERR,ERR,ERR,ERR,ERR,ERR,ERR,ERR,ERR,ERR,ERR,ERR,ERR,ERR,ERR,ERR,ERR,ERR,ERR,ERR,ERR,ERR,ERR,ERR,ERR,ERR,ERR,ERR,ERR,ERR,ERR,ERR,ERR,34.0,80.0,35,0.0,0.0,0.0,0.0,0.0,0.0,0.0,0.0,0.0,0.0,0.0,0.0,0.0,0.0,0.0,0.0,66.4,0,120,58,54,65476,0,300,0,0,8,20529,65476,0,0,57672,80.0,0.0,0.0,0.0,0.0,0.0
2026-06-18T02:14:22,ERR,ERR,ERR,ERR,ERR,ERR,ERR,ERR,ERR,ERR,ERR,ERR,ERR,ERR,ERR,ERR,ERR,ERR,ERR,ERR,ERR,ERR,ERR,ERR,ERR,ERR,ERR,ERR,ERR,ERR,ERR,ERR,ERR,ERR,ERR,ERR,ERR,ERR,ERR,ERR,ERR,ERR,ERR,ERR,ERR,ERR,ERR,ERR,ERR,ERR,ERR,ERR,ERR,ERR,ERR,ERR,ERR,ERR,ERR,ERR,ERR,ERR,ERR,ERR,ERR,ERR,ERR,ERR,ERR,ERR,ERR,ERR,ERR,ERR,ERR,ERR,ERR,ERR,ERR,ERR,ERR,ERR,ERR,ERR,ERR,ERR,ERR,ERR,ERR,ERR,ERR,ERR,ERR,ERR,ERR,ERR,ERR,ERR,ERR,ERR,ERR,ERR,ERR,ERR,ERR,ERR,ERR,ERR,ERR,ERR,ERR,ERR,ERR,ERR,ERR,ERR,ERR,ERR,ERR,ERR,ERR,ERR,ERR,ERR,ERR,-0.0,-0.0,0.0,0.0,0.0,1.3936040501711995e+18,7.805,-0.0,0,0,4,48899,6720,14723890282496.0,100,0.0,0.0,0.0,0.059,0.0,0,0,0,0,0.0,0,0,0,0,0,0,0,0,0,0,0,0,0,0,0,0,0,0,0,0,0,0,0,0,0,0,0,0,0,0,0,0,0,26,51,50,76,65476,0,300,0,0,8,21553,0.0,-107605600.0,0.0,0.0,0.0,0.0,0.0,0.0,0.0,0.0,0.0,0.0,0.0,0.0,0.0,0.0,0.0,0.0,0.0,0.0,0.0,0.0,0.0,-2.004,2.004,-2.004,0.0,0.0,0.0,0.0,4767.0,0.0,7302.0,-0.0,-0.0,0.0,2.7184312818759872e+23,0.0,0.0,0.0,0.0,77,-0.0,-0.0,0.0,0.0,0.0,0.0,0.0,0.0,0.0,0,0,0,0.0,0.0,0.0,0.0,0.0,0.0,0.0,0.0,0.0,0.0,0.0,0.0,0.0,0.0,0.0,0.0,0,-107875648.0,77,0.0,154,0.0,0.0,ERR,ERR,ERR,ERR,ERR,ERR,ERR,ERR,ERR,ERR,ERR,ERR,ERR,ERR,ERR,ERR,ERR,ERR,ERR,ERR,ERR,ERR,ERR,ERR,ERR,ERR,ERR,ERR,ERR,ERR,ERR,ERR,ERR,ERR,ERR,ERR,ERR,ERR,ERR,ERR,ERR,ERR,ERR,ERR,ERR,ERR,ERR,ERR,ERR,ERR,ERR,ERR,ERR,ERR,ERR,ERR,ERR,ERR,ERR,ERR,ERR,ERR,ERR,ERR,ERR,ERR,ERR,34.0,80.0,35,0.0,0.0,0.0,0.0,0.0,0.0,0.0,0.0,0.0,0.0,0.0,0.0,0.0,0.0,0.0,0.0,66.4,0,120,58,54,65476,0,300,0,0,8,20529,65476,0,0,57672,80.0,0.0,0.0,0.0,0.0,0.0
2026-06-18T02:14:23,ERR,ERR,ERR,ERR,ERR,ERR,ERR,ERR,ERR,ERR,ERR,ERR,ERR,ERR,ERR,ERR,ERR,ERR,ERR,ERR,ERR,ERR,ERR,ERR,ERR,ERR,ERR,ERR,ERR,ERR,ERR,ERR,ERR,ERR,ERR,ERR,ERR,ERR,ERR,ERR,ERR,ERR,ERR,ERR,ERR,ERR,ERR,ERR,ERR,ERR,ERR,ERR,ERR,ERR,ERR,ERR,ERR,ERR,ERR,ERR,ERR,ERR,ERR,ERR,ERR,ERR,ERR,ERR,ERR,ERR,ERR,ERR,ERR,ERR,ERR,ERR,ERR,ERR,ERR,ERR,ERR,ERR,ERR,ERR,ERR,ERR,ERR,ERR,ERR,ERR,ERR,ERR,ERR,ERR,ERR,ERR,ERR,ERR,ERR,ERR,ERR,ERR,ERR,ERR,ERR,ERR,ERR,ERR,ERR,ERR,ERR,ERR,ERR,ERR,ERR,ERR,ERR,ERR,ERR,ERR,ERR,ERR,ERR,ERR,ERR,-0.0,-0.0,0.0,0.0,0.0,1.3936040501711995e+18,7.805,-0.0,0,0,4,48899,6720,14723890282496.0,100,0.0,0.0,0.0,0.059,0.0,0,0,0,0,0.0,0,0,0,0,0,0,0,0,0,0,0,0,0,0,0,0,0,0,0,0,0,0,0,0,0,0,0,0,0,0,0,0,0,26,51,50,76,65476,0,300,0,0,8,21553,0.0,-107605600.0,0.0,0.0,0.0,0.0,0.0,0.0,0.0,0.0,0.0,0.0,0.0,0.0,0.0,0.0,0.0,0.0,0.0,0.0,0.0,0.0,0.0,-2.004,2.004,-2.004,0.0,0.0,0.0,0.0,4767.0,0.0,7302.0,-0.0,-0.0,0.0,2.7184312818759872e+23,0.0,0.0,0.0,0.0,77,-0.0,-0.0,0.0,0.0,0.0,0.0,0.0,0.0,0.0,0,0,0,0.0,0.0,0.0,0.0,0.0,0.0,0.0,0.0,0.0,0.0,0.0,0.0,0.0,0.0,0.0,0.0,0,-107875648.0,77,0.0,154,0.0,0.0,ERR,ERR,ERR,ERR,ERR,ERR,ERR,ERR,ERR,ERR,ERR,ERR,ERR,ERR,ERR,ERR,ERR,ERR,ERR,ERR,ERR,ERR,ERR,ERR,ERR,ERR,ERR,ERR,ERR,ERR,ERR,ERR,ERR,ERR,ERR,ERR,ERR,ERR,ERR,ERR,ERR,ERR,ERR,ERR,ERR,ERR,ERR,ERR,ERR,ERR,ERR,ERR,ERR,ERR,ERR,ERR,ERR,ERR,ERR,ERR,ERR,ERR,ERR,ERR,ERR,ERR,ERR,34.0,80.0,35,0.0,0.0,0.0,0.0,0.0,0.0,0.0,0.0,0.0,0.0,0.0,0.0,0.0,0.0,0.0,0.0,66.4,0,120,58,54,65476,0,300,0,0,8,20529,65476,0,0,57672,80.0,0.0,0.0,0.0,0.0,0.0
2026-06-18T02:14:24,ERR,ERR,ERR,ERR,ERR,ERR,ERR,ERR,ERR,ERR,ERR,ERR,ERR,ERR,ERR,ERR,ERR,ERR,ERR,ERR,ERR,ERR,ERR,ERR,ERR,ERR,ERR,ERR,ERR,ERR,ERR,ERR,ERR,ERR,ERR,ERR,ERR,ERR,ERR,ERR,ERR,ERR,ERR,ERR,ERR,ERR,ERR,ERR,ERR,ERR,ERR,ERR,ERR,ERR,ERR,ERR,ERR,ERR,ERR,ERR,ERR,ERR,ERR,ERR,ERR,ERR,ERR,ERR,ERR,ERR,ERR,ERR,ERR,ERR,ERR,ERR,ERR,ERR,ERR,ERR,ERR,ERR,ERR,ERR,ERR,ERR,ERR,ERR,ERR,ERR,ERR,ERR,ERR,ERR,ERR,ERR,ERR,ERR,ERR,ERR,ERR,ERR,ERR,ERR,ERR,ERR,ERR,ERR,ERR,ERR,ERR,ERR,ERR,ERR,ERR,ERR,ERR,ERR,ERR,ERR,ERR,ERR,ERR,ERR,ERR,-0.0,-0.0,0.0,2.718290229135658e+23,2.012,1.3936040501711995e+18,7.805,-4.0828997592390904e+35,0,0,4,48899,6720,14723890282496.0,100,0.0,0.0,0.0,2.718290229135658e+23,0.0,0,0,0,0,0.0,0,0,0,0,0,0,0,0,0,0,0,0,0,0,0,0,0,0,0,0,0,0,0,0,0,0,0,0,0,0,0,0,0,26,51,50,76,65476,0,300,0,0,8,21553,0.0,-107605600.0,0.0,0.0,0.0,0.0,0.0,0.0,0.0,0.0,0.0,0.0,0.0,0.0,0.0,0.0,0.0,0.0,0.0,0.0,0.0,0.0,0.0,-2.004,2.004,-2.004,0.0,0.0,0.0,0.0,4766.0,0.0,7301.0,-0.0,-0.0,-107615360.0,2.7184312818759872e+23,0.0,0.0,0.0,0.0,77,-0.0,-0.0,0.0,0.0,0.0,0.0,0.0,0.0,0.0,0,0,0,0.0,0.0,0.0,0.0,0.0,0.0,0.0,0.0,0.0,0.0,0.0,0.0,0.0,0.0,0.0,0.0,0,-107875648.0,77,0.0,154,0.0,0.0,ERR,ERR,ERR,ERR,ERR,ERR,ERR,ERR,ERR,ERR,ERR,ERR,ERR,ERR,ERR,ERR,ERR,ERR,ERR,ERR,ERR,ERR,ERR,ERR,ERR,ERR,ERR,ERR,ERR,ERR,ERR,ERR,ERR,ERR,ERR,ERR,ERR,ERR,ERR,ERR,ERR,ERR,ERR,ERR,ERR,ERR,ERR,ERR,ERR,ERR,ERR,ERR,ERR,ERR,ERR,ERR,ERR,ERR,ERR,ERR,ERR,ERR,ERR,ERR,ERR,ERR,ERR,34.0,80.0,35,0.0,0.0,0.0,0.0,0.0,0.0,0.0,0.0,0.0,0.0,0.0,0.0,0.0,0.0,0.0,0.0,66.0,0,120,58,54,65476,0,300,0,0,8,20529,65476,0,0,57672,80.0,0.0,0.0,0.0,0.0,0.0
2026-06-18T02:14:25,ERR,ERR,ERR,ERR,ERR,ERR,ERR,ERR,ERR,ERR,ERR,ERR,ERR,ERR,ERR,ERR,ERR,ERR,ERR,ERR,ERR,ERR,ERR,ERR,ERR,ERR,ERR,ERR,ERR,ERR,ERR,ERR,ERR,ERR,ERR,ERR,ERR,ERR,ERR,ERR,ERR,ERR,ERR,ERR,ERR,ERR,ERR,ERR,ERR,ERR,ERR,ERR,ERR,ERR,ERR,ERR,ERR,ERR,ERR,ERR,ERR,ERR,ERR,ERR,ERR,ERR,ERR,ERR,ERR,ERR,ERR,ERR,ERR,ERR,ERR,ERR,ERR,ERR,ERR,ERR,ERR,ERR,ERR,ERR,ERR,ERR,ERR,ERR,ERR,ERR,ERR,ERR,ERR,ERR,ERR,ERR,ERR,ERR,ERR,ERR,ERR,ERR,ERR,ERR,ERR,ERR,ERR,ERR,ERR,ERR,ERR,ERR,ERR,ERR,ERR,ERR,ERR,ERR,ERR,ERR,ERR,ERR,ERR,ERR,ERR,-0.0,-0.0,0.0,2.718290229135658e+23,2.012,1.3936040501711995e+18,7.805,-4.0828997592390904e+35,0,0,4,48899,6720,14723890282496.0,100,0.0,0.0,0.0,2.718290229135658e+23,0.0,0,0,0,0,0.0,0,0,0,0,0,0,0,0,0,0,0,0,0,0,0,0,0,0,0,0,0,0,0,0,0,0,0,0,0,0,0,0,0,26,51,50,76,65476,0,300,0,0,8,21553,0.0,-107605600.0,0.0,0.0,0.0,0.0,0.0,0.0,0.0,0.0,0.0,0.0,0.0,0.0,0.0,0.0,0.0,0.0,0.0,0.0,0.0,0.0,0.0,-2.004,2.004,-2.004,0.0,0.0,0.0,0.0,4766.0,0.0,7301.0,-0.0,-0.0,-107615360.0,2.7184312818759872e+23,0.0,0.0,0.0,0.0,77,-0.0,-0.0,0.0,0.0,0.0,0.0,0.0,0.0,0.0,0,0,0,0.0,0.0,0.0,0.0,0.0,0.0,0.0,0.0,0.0,0.0,0.0,0.0,0.0,0.0,0.0,0.0,0,-107875648.0,77,0.0,154,0.0,0.0,ERR,ERR,ERR,ERR,ERR,ERR,ERR,ERR,ERR,ERR,ERR,ERR,ERR,ERR,ERR,ERR,ERR,ERR,ERR,ERR,ERR,ERR,ERR,ERR,ERR,ERR,ERR,ERR,ERR,ERR,ERR,ERR,ERR,ERR,ERR,ERR,ERR,ERR,ERR,ERR,ERR,ERR,ERR,ERR,ERR,ERR,ERR,ERR,ERR,ERR,ERR,ERR,ERR,ERR,ERR,ERR,ERR,ERR,ERR,ERR,ERR,ERR,ERR,ERR,ERR,ERR,ERR,34.0,80.0,35,0.0,0.0,0.0,0.0,0.0,0.0,0.0,0.0,0.0,0.0,0.0,0.0,0.0,0.0,0.0,0.0,66.4,0,120,58,54,65476,0,300,0,0,8,20529,65476,0,0,57672,80.0,0.0,0.0,0.0,0.0,0.0
2026-06-18T02:14:26,ERR,ERR,ERR,ERR,ERR,ERR,ERR,ERR,ERR,ERR,ERR,ERR,ERR,ERR,ERR,ERR,ERR,ERR,ERR,ERR,ERR,ERR,ERR,ERR,ERR,ERR,ERR,ERR,ERR,ERR,ERR,ERR,ERR,ERR,ERR,ERR,ERR,ERR,ERR,ERR,ERR,ERR,ERR,ERR,ERR,ERR,ERR,ERR,ERR,ERR,ERR,ERR,ERR,ERR,ERR,ERR,ERR,ERR,ERR,ERR,ERR,ERR,ERR,ERR,ERR,ERR,ERR,ERR,ERR,ERR,ERR,ERR,ERR,ERR,ERR,ERR,ERR,ERR,ERR,ERR,ERR,ERR,ERR,ERR,ERR,ERR,ERR,ERR,ERR,ERR,ERR,ERR,ERR,ERR,ERR,ERR,ERR,ERR,ERR,ERR,ERR,ERR,ERR,ERR,ERR,ERR,ERR,ERR,ERR,ERR,ERR,ERR,ERR,ERR,ERR,ERR,ERR,ERR,ERR,ERR,ERR,ERR,ERR,ERR,ERR,-0.0,-0.0,0.0,2.718290229135658e+23,2.012,1.3936040501711995e+18,7.805,-4.0828997592390904e+35,0,0,4,48899,6720,14723890282496.0,100,0.0,0.0,0.0,2.718290229135658e+23,0.0,0,0,0,0,0.0,0,0,0,0,0,0,0,0,0,0,0,0,0,0,0,0,0,0,0,0,0,0,0,0,0,0,0,0,0,0,0,0,0,26,51,50,76,65476,0,300,0,0,8,21553,0.0,-107605600.0,0.0,0.0,0.0,0.0,0.0,0.0,0.0,0.0,0.0,0.0,0.0,0.0,0.0,0.0,0.0,0.0,0.0,0.0,0.0,0.0,0.0,-2.004,2.004,-2.004,0.0,0.0,0.0,0.0,4766.0,0.0,7301.0,-0.0,-0.0,-107615360.0,2.7184312818759872e+23,0.0,0.0,0.0,0.0,77,-0.0,-0.0,0.0,0.0,0.0,0.0,0.0,0.0,0.0,0,0,0,0.0,0.0,0.0,0.0,0.0,0.0,0.0,0.0,0.0,0.0,0.0,0.0,0.0,0.0,0.0,0.0,0,-107875648.0,77,0.0,154,0.0,0.0,ERR,ERR,ERR,ERR,ERR,ERR,ERR,ERR,ERR,ERR,ERR,ERR,ERR,ERR,ERR,ERR,ERR,ERR,ERR,ERR,ERR,ERR,ERR,ERR,ERR,ERR,ERR,ERR,ERR,ERR,ERR,ERR,ERR,ERR,ERR,ERR,ERR,ERR,ERR,ERR,ERR,ERR,ERR,ERR,ERR,ERR,ERR,ERR,ERR,ERR,ERR,ERR,ERR,ERR,ERR,ERR,ERR,ERR,ERR,ERR,ERR,ERR,ERR,ERR,ERR,ERR,ERR,34.0,80.0,35,0.0,0.0,0.0,0.0,0.0,0.0,0.0,0.0,0.0,0.0,0.0,0.0,0.0,0.0,0.0,0.0,66.4,0,120,58,54,65476,0,300,0,0,8,20529,65476,0,0,57672,80.0,0.0,0.0,0.0,0.0,0.0
2026-06-18T02:14:27,ERR,ERR,ERR,ERR,ERR,ERR,ERR,ERR,ERR,ERR,ERR,ERR,ERR,ERR,ERR,ERR,ERR,ERR,ERR,ERR,ERR,ERR,ERR,ERR,ERR,ERR,ERR,ERR,ERR,ERR,ERR,ERR,ERR,ERR,ERR,ERR,ERR,ERR,ERR,ERR,ERR,ERR,ERR,ERR,ERR,ERR,ERR,ERR,ERR,ERR,ERR,ERR,ERR,ERR,ERR,ERR,ERR,ERR,ERR,ERR,ERR,ERR,ERR,ERR,ERR,ERR,ERR,ERR,ERR,ERR,ERR,ERR,ERR,ERR,ERR,ERR,ERR,ERR,ERR,ERR,ERR,ERR,ERR,ERR,ERR,ERR,ERR,ERR,ERR,ERR,ERR,ERR,ERR,ERR,ERR,ERR,ERR,ERR,ERR,ERR,ERR,ERR,ERR,ERR,ERR,ERR,ERR,ERR,ERR,ERR,ERR,ERR,ERR,ERR,ERR,ERR,ERR,ERR,ERR,ERR,ERR,ERR,ERR,ERR,ERR,-0.0,-0.0,0.0,2.718290229135658e+23,2.012,1.3936040501711995e+18,7.805,-4.0828997592390904e+35,0,0,4,48899,6720,14723890282496.0,100,0.0,0.0,0.0,2.718290229135658e+23,0.0,0,0,0,0,0.0,0,0,0,0,0,0,0,0,0,0,0,0,0,0,0,0,0,0,0,0,0,0,0,0,0,0,0,0,0,0,0,0,0,26,51,50,76,65476,0,300,0,0,8,21553,0.0,-107605600.0,0.0,0.0,0.0,0.0,0.0,0.0,0.0,0.0,0.0,0.0,0.0,0.0,0.0,0.0,0.0,0.0,0.0,0.0,0.0,0.0,0.0,-2.004,2.004,-2.004,0.0,0.0,0.0,0.0,4766.0,0.0,7301.0,-0.0,-0.0,-107615360.0,2.7184312818759872e+23,0.0,0.0,0.0,0.0,77,-0.0,-0.0,0.0,0.0,0.0,0.0,0.0,0.0,0.0,0,0,0,0.0,0.0,0.0,0.0,0.0,0.0,0.0,0.0,0.0,0.0,0.0,0.0,0.0,0.0,0.0,0.0,0,-107875648.0,77,0.0,154,0.0,0.0,ERR,ERR,ERR,ERR,ERR,ERR,ERR,ERR,ERR,ERR,ERR,ERR,ERR,ERR,ERR,ERR,ERR,ERR,ERR,ERR,ERR,ERR,ERR,ERR,ERR,ERR,ERR,ERR,ERR,ERR,ERR,ERR,ERR,ERR,ERR,ERR,ERR,ERR,ERR,ERR,ERR,ERR,ERR,ERR,ERR,ERR,ERR,ERR,ERR,ERR,ERR,ERR,ERR,ERR,ERR,ERR,ERR,ERR,ERR,ERR,ERR,ERR,ERR,ERR,ERR,ERR,ERR,34.0,80.0,35,0.0,0.0,0.0,0.0,0.0,0.0,0.0,0.0,0.0,0.0,0.0,0.0,0.0,0.0,0.0,0.0,66.0,0,120,58,54,65476,0,300,0,0,8,20529,65476,0,0,57672,80.0,0.0,0.0,0.0,0.0,0.0
2026-06-18T02:14:28,ERR,ERR,ERR,ERR,ERR,ERR,ERR,ERR,ERR,ERR,ERR,ERR,ERR,ERR,ERR,ERR,ERR,ERR,ERR,ERR,ERR,ERR,ERR,ERR,ERR,ERR,ERR,ERR,ERR,ERR,ERR,ERR,ERR,ERR,ERR,ERR,ERR,ERR,ERR,ERR,ERR,ERR,ERR,ERR,ERR,ERR,ERR,ERR,ERR,ERR,ERR,ERR,ERR,ERR,ERR,ERR,ERR,ERR,ERR,ERR,ERR,ERR,ERR,ERR,ERR,ERR,ERR,ERR,ERR,ERR,ERR,ERR,ERR,ERR,ERR,ERR,ERR,ERR,ERR,ERR,ERR,ERR,ERR,ERR,ERR,ERR,ERR,ERR,ERR,ERR,ERR,ERR,ERR,ERR,ERR,ERR,ERR,ERR,ERR,ERR,ERR,ERR,ERR,ERR,ERR,ERR,ERR,ERR,ERR,ERR,ERR,ERR,ERR,ERR,ERR,ERR,ERR,ERR,ERR,ERR,ERR,ERR,ERR,ERR,ERR,-0.0,-0.0,0.0,2.718290229135658e+23,2.012,1.3936040501711995e+18,7.805,-4.0828997592390904e+35,0,0,4,48899,6720,14723890282496.0,100,0.0,0.0,0.0,2.718290229135658e+23,0.0,0,0,0,0,0.0,0,0,0,0,0,0,0,0,0,0,0,0,0,0,0,0,0,0,0,0,0,0,0,0,0,0,0,0,0,0,0,0,0,26,51,50,76,65476,0,300,0,0,8,21553,0.0,-107605600.0,0.0,0.0,0.0,0.0,0.0,0.0,0.0,0.0,0.0,0.0,0.0,0.0,0.0,0.0,0.0,0.0,0.0,0.0,0.0,0.0,0.0,-2.004,2.004,-2.004,0.0,0.0,0.0,0.0,4766.0,0.0,7301.0,-0.0,-0.0,-107615360.0,2.7184312818759872e+23,0.0,0.0,0.0,0.0,77,-0.0,-0.0,0.0,0.0,0.0,0.0,0.0,0.0,0.0,0,0,0,0.0,0.0,0.0,0.0,0.0,0.0,0.0,0.0,0.0,0.0,0.0,0.0,0.0,0.0,0.0,0.0,0,-107875648.0,77,0.0,154,0.0,0.0,ERR,ERR,ERR,ERR,ERR,ERR,ERR,ERR,ERR,ERR,ERR,ERR,ERR,ERR,ERR,ERR,ERR,ERR,ERR,ERR,ERR,ERR,ERR,ERR,ERR,ERR,ERR,ERR,ERR,ERR,ERR,ERR,ERR,ERR,ERR,ERR,ERR,ERR,ERR,ERR,ERR,ERR,ERR,ERR,ERR,ERR,ERR,ERR,ERR,ERR,ERR,ERR,ERR,ERR,ERR,ERR,ERR,ERR,ERR,ERR,ERR,ERR,ERR,ERR,ERR,ERR,ERR,34.0,80.0,35,0.0,0.0,0.0,0.0,0.0,0.0,0.0,0.0,0.0,0.0,0.0,0.0,0.0,0.0,0.0,0.0,66.0,0,120,58,54,65476,0,300,0,0,8,20529,65476,0,0,57672,80.0,0.0,0.0,0.0,0.0,0.0
2026-06-18T02:14:29,ERR,ERR,ERR,ERR,ERR,ERR,ERR,ERR,ERR,ERR,ERR,ERR,ERR,ERR,ERR,ERR,ERR,ERR,ERR,ERR,ERR,ERR,ERR,ERR,ERR,ERR,ERR,ERR,ERR,ERR,ERR,ERR,ERR,ERR,ERR,ERR,ERR,ERR,ERR,ERR,ERR,ERR,ERR,ERR,ERR,ERR,ERR,ERR,ERR,ERR,ERR,ERR,ERR,ERR,ERR,ERR,ERR,ERR,ERR,ERR,ERR,ERR,ERR,ERR,ERR,ERR,ERR,ERR,ERR,ERR,ERR,ERR,ERR,ERR,ERR,ERR,ERR,ERR,ERR,ERR,ERR,ERR,ERR,ERR,ERR,ERR,ERR,ERR,ERR,ERR,ERR,ERR,ERR,ERR,ERR,ERR,ERR,ERR,ERR,ERR,ERR,ERR,ERR,ERR,ERR,ERR,ERR,ERR,ERR,ERR,ERR,ERR,ERR,ERR,ERR,ERR,ERR,ERR,ERR,ERR,ERR,ERR,ERR,ERR,ERR,-0.0,-0.0,0.0,-4.9501291711397626e+32,-2.012,1.3936040501711995e+18,7.805,8.558351388217734e+28,0,0,4,48907,6720,14723890282496.0,100,0.0,0.0,0.0,-0.0,0.0,0,0,0,0,0.0,0,0,0,0,0,0,0,0,0,0,0,0,0,0,0,0,0,0,0,0,0,0,0,0,0,0,0,0,0,0,0,0,0,26,51,50,76,65476,0,300,0,0,8,21553,0.0,-107605600.0,0.0,0.0,0.0,0.0,0.0,0.0,0.0,0.0,0.0,0.0,0.0,0.0,0.0,0.0,0.0,0.0,0.0,0.0,0.0,0.0,0.0,-2.004,2.004,-2.004,0.0,0.0,0.0,0.0,4736.0,8608174080.0,7306.0,-0.0,-0.0,0.0,2.7184312818759872e+23,0.0,0.0,0.0,0.0,77,-0.0,-107614696.0,0.0,0.0,0.0,0.0,0.0,0.0,0.0,0,0,0,0.0,0.0,0.0,0.0,0.0,0.0,0.0,0.0,0.0,0.0,0.0,0.0,0.0,0.0,0.0,0.0,0,-107875648.0,77,0.0,154,0.0,0.0,ERR,ERR,ERR,ERR,ERR,ERR,ERR,ERR,ERR,ERR,ERR,ERR,ERR,ERR,ERR,ERR,ERR,ERR,ERR,ERR,ERR,ERR,ERR,ERR,ERR,ERR,ERR,ERR,ERR,ERR,ERR,ERR,ERR,ERR,ERR,ERR,ERR,ERR,ERR,ERR,ERR,ERR,ERR,ERR,ERR,ERR,ERR,ERR,ERR,ERR,ERR,ERR,ERR,ERR,ERR,ERR,ERR,ERR,ERR,ERR,ERR,ERR,ERR,ERR,ERR,ERR,ERR,34.0,80.0,35,0.0,0.0,0.0,0.0,0.0,0.0,0.0,0.0,0.0,0.0,0.0,0.0,0.0,0.0,0.0,0.0,66.0,0,120,58,54,65476,0,300,0,0,8,20529,65476,0,0,57672,80.0,0.0,0.0,0.0,0.0,0.0
2026-06-18T02:14:30,ERR,ERR,ERR,ERR,ERR,ERR,ERR,ERR,ERR,ERR,ERR,ERR,ERR,ERR,ERR,ERR,ERR,ERR,ERR,ERR,ERR,ERR,ERR,ERR,ERR,ERR,ERR,ERR,ERR,ERR,ERR,ERR,ERR,ERR,ERR,ERR,ERR,ERR,ERR,ERR,ERR,ERR,ERR,ERR,ERR,ERR,ERR,ERR,ERR,ERR,ERR,ERR,ERR,ERR,ERR,ERR,ERR,ERR,ERR,ERR,ERR,ERR,ERR,ERR,ERR,ERR,ERR,ERR,ERR,ERR,ERR,ERR,ERR,ERR,ERR,ERR,ERR,ERR,ERR,ERR,ERR,ERR,ERR,ERR,ERR,ERR,ERR,ERR,ERR,ERR,ERR,ERR,ERR,ERR,ERR,ERR,ERR,ERR,ERR,ERR,ERR,ERR,ERR,ERR,ERR,ERR,ERR,ERR,ERR,ERR,ERR,ERR,ERR,ERR,ERR,ERR,ERR,ERR,ERR,ERR,ERR,ERR,ERR,ERR,ERR,-0.0,-0.0,0.0,-4.9501291711397626e+32,-2.012,1.3936040501711995e+18,7.805,8.558351388217734e+28,0,0,4,48907,6720,14723890282496.0,100,0.0,0.0,0.0,-0.0,0.0,0,0,0,0,0.0,0,0,0,0,0,0,0,0,0,0,0,0,0,0,0,0,0,0,0,0,0,0,0,0,0,0,0,0,0,0,0,0,0,26,51,50,76,65476,0,300,0,0,8,21553,0.0,-107605600.0,0.0,0.0,0.0,0.0,0.0,0.0,0.0,0.0,0.0,0.0,0.0,0.0,0.0,0.0,0.0,0.0,0.0,0.0,0.0,0.0,0.0,-2.004,2.004,-2.004,0.0,0.0,0.0,0.0,4736.0,8608174080.0,7306.0,-0.0,-0.0,0.0,2.7184312818759872e+23,0.0,0.0,0.0,0.0,77,-0.0,-107614696.0,0.0,0.0,0.0,0.0,0.0,0.0,0.0,0,0,0,0.0,0.0,0.0,0.0,0.0,0.0,0.0,0.0,0.0,0.0,0.0,0.0,0.0,0.0,0.0,0.0,0,-107875648.0,77,0.0,154,0.0,0.0,ERR,ERR,ERR,ERR,ERR,ERR,ERR,ERR,ERR,ERR,ERR,ERR,ERR,ERR,ERR,ERR,ERR,ERR,ERR,ERR,ERR,ERR,ERR,ERR,ERR,ERR,ERR,ERR,ERR,ERR,ERR,ERR,ERR,ERR,ERR,ERR,ERR,ERR,ERR,ERR,ERR,ERR,ERR,ERR,ERR,ERR,ERR,ERR,ERR,ERR,ERR,ERR,ERR,ERR,ERR,ERR,ERR,ERR,ERR,ERR,ERR,ERR,ERR,ERR,ERR,ERR,ERR,34.0,80.0,35,0.0,0.0,0.0,0.0,0.0,0.0,0.0,0.0,0.0,0.0,0.0,0.0,0.0,0.0,0.0,0.0,66.0,0,120,58,54,65476,0,300,0,0,8,20529,65476,0,0,57672,80.0,0.0,0.0,0.0,0.0,0.0
2026-06-18T02:14:31,ERR,ERR,ERR,ERR,ERR,ERR,ERR,ERR,ERR,ERR,ERR,ERR,ERR,ERR,ERR,ERR,ERR,ERR,ERR,ERR,ERR,ERR,ERR,ERR,ERR,ERR,ERR,ERR,ERR,ERR,ERR,ERR,ERR,ERR,ERR,ERR,ERR,ERR,ERR,ERR,ERR,ERR,ERR,ERR,ERR,ERR,ERR,ERR,ERR,ERR,ERR,ERR,ERR,ERR,ERR,ERR,ERR,ERR,ERR,ERR,ERR,ERR,ERR,ERR,ERR,ERR,ERR,ERR,ERR,ERR,ERR,ERR,ERR,ERR,ERR,ERR,ERR,ERR,ERR,ERR,ERR,ERR,ERR,ERR,ERR,ERR,ERR,ERR,ERR,ERR,ERR,ERR,ERR,ERR,ERR,ERR,ERR,ERR,ERR,ERR,ERR,ERR,ERR,ERR,ERR,ERR,ERR,ERR,ERR,ERR,ERR,ERR,ERR,ERR,ERR,ERR,ERR,ERR,ERR,ERR,ERR,ERR,ERR,ERR,ERR,-0.0,-0.0,0.0,-4.9501291711397626e+32,-2.012,1.3936040501711995e+18,7.805,8.558351388217734e+28,0,0,4,48907,6720,14723890282496.0,100,0.0,0.0,0.0,-0.0,0.0,0,0,0,0,0.0,0,0,0,0,0,0,0,0,0,0,0,0,0,0,0,0,0,0,0,0,0,0,0,0,0,0,0,0,0,0,0,0,0,26,51,50,76,65476,0,300,0,0,8,21553,0.0,-107605600.0,0.0,0.0,0.0,0.0,0.0,0.0,0.0,0.0,0.0,0.0,0.0,0.0,0.0,0.0,0.0,0.0,0.0,0.0,0.0,0.0,0.0,-2.004,2.004,-2.004,0.0,0.0,0.0,0.0,4736.0,8608174080.0,7306.0,-0.0,-0.0,0.0,2.7184312818759872e+23,0.0,0.0,0.0,0.0,77,-0.0,-107614696.0,0.0,0.0,0.0,0.0,0.0,0.0,0.0,0,0,0,0.0,0.0,0.0,0.0,0.0,0.0,0.0,0.0,0.0,0.0,0.0,0.0,0.0,0.0,0.0,0.0,0,-107875648.0,77,0.0,154,0.0,0.0,ERR,ERR,ERR,ERR,ERR,ERR,ERR,ERR,ERR,ERR,ERR,ERR,ERR,ERR,ERR,ERR,ERR,ERR,ERR,ERR,ERR,ERR,ERR,ERR,ERR,ERR,ERR,ERR,ERR,ERR,ERR,ERR,ERR,ERR,ERR,ERR,ERR,ERR,ERR,ERR,ERR,ERR,ERR,ERR,ERR,ERR,ERR,ERR,ERR,ERR,ERR,ERR,ERR,ERR,ERR,ERR,ERR,ERR,ERR,ERR,ERR,ERR,ERR,ERR,ERR,ERR,ERR,34.0,80.0,35,0.0,0.0,0.0,0.0,0.0,0.0,0.0,0.0,0.0,0.0,0.0,0.0,0.0,0.0,0.0,0.0,66.0,0,120,58,54,65476,0,300,0,0,8,20529,65476,0,0,57672,80.0,0.0,0.0,0.0,0.0,0.0
2026-06-18T02:14:32,ERR,ERR,ERR,ERR,ERR,ERR,ERR,ERR,ERR,ERR,ERR,ERR,ERR,ERR,ERR,ERR,ERR,ERR,ERR,ERR,ERR,ERR,ERR,ERR,ERR,ERR,ERR,ERR,ERR,ERR,ERR,ERR,ERR,ERR,ERR,ERR,ERR,ERR,ERR,ERR,ERR,ERR,ERR,ERR,ERR,ERR,ERR,ERR,ERR,ERR,ERR,ERR,ERR,ERR,ERR,ERR,ERR,ERR,ERR,ERR,ERR,ERR,ERR,ERR,ERR,ERR,ERR,ERR,ERR,ERR,ERR,ERR,ERR,ERR,ERR,ERR,ERR,ERR,ERR,ERR,ERR,ERR,ERR,ERR,ERR,ERR,ERR,ERR,ERR,ERR,ERR,ERR,ERR,ERR,ERR,ERR,ERR,ERR,ERR,ERR,ERR,ERR,ERR,ERR,ERR,ERR,ERR,ERR,ERR,ERR,ERR,ERR,ERR,ERR,ERR,ERR,ERR,ERR,ERR,ERR,ERR,ERR,ERR,ERR,ERR,-0.0,-0.0,0.0,-4.9501291711397626e+32,-2.012,1.3936040501711995e+18,7.805,8.558351388217734e+28,0,0,4,48907,6720,14723890282496.0,100,0.0,0.0,0.0,-0.0,0.0,0,0,0,0,0.0,0,0,0,0,0,0,0,0,0,0,0,0,0,0,0,0,0,0,0,0,0,0,0,0,0,0,0,0,0,0,0,0,0,26,51,50,76,65476,0,300,0,0,8,21553,0.0,-107605600.0,0.0,0.0,0.0,0.0,0.0,0.0,0.0,0.0,0.0,0.0,0.0,0.0,0.0,0.0,0.0,0.0,0.0,0.0,0.0,0.0,0.0,-2.004,2.004,-2.004,0.0,0.0,0.0,0.0,4736.0,8608174080.0,7306.0,-0.0,-0.0,0.0,2.7184312818759872e+23,0.0,0.0,0.0,0.0,77,-0.0,-107614696.0,0.0,0.0,0.0,0.0,0.0,0.0,0.0,0,0,0,0.0,0.0,0.0,0.0,0.0,0.0,0.0,0.0,0.0,0.0,0.0,0.0,0.0,0.0,0.0,0.0,0,-107875648.0,77,0.0,154,0.0,0.0,ERR,ERR,ERR,ERR,ERR,ERR,ERR,ERR,ERR,ERR,ERR,ERR,ERR,ERR,ERR,ERR,ERR,ERR,ERR,ERR,ERR,ERR,ERR,ERR,ERR,ERR,ERR,ERR,ERR,ERR,ERR,ERR,ERR,ERR,ERR,ERR,ERR,ERR,ERR,ERR,ERR,ERR,ERR,ERR,ERR,ERR,ERR,ERR,ERR,ERR,ERR,ERR,ERR,ERR,ERR,ERR,ERR,ERR,ERR,ERR,ERR,ERR,ERR,ERR,ERR,ERR,ERR,34.0,80.0,35,0.0,0.0,0.0,0.0,0.0,0.0,0.0,0.0,0.0,0.0,0.0,0.0,0.0,0.0,0.0,0.0,66.0,0,120,58,54,65476,0,300,0,0,8,20529,65476,0,0,57672,80.0,0.0,0.0,0.0,0.0,0.0
2026-06-18T02:14:33,ERR,ERR,ERR,ERR,ERR,ERR,ERR,ERR,ERR,ERR,ERR,ERR,ERR,ERR,ERR,ERR,ERR,ERR,ERR,ERR,ERR,ERR,ERR,ERR,ERR,ERR,ERR,ERR,ERR,ERR,ERR,ERR,ERR,ERR,ERR,ERR,ERR,ERR,ERR,ERR,ERR,ERR,ERR,ERR,ERR,ERR,ERR,ERR,ERR,ERR,ERR,ERR,ERR,ERR,ERR,ERR,ERR,ERR,ERR,ERR,ERR,ERR,ERR,ERR,ERR,ERR,ERR,ERR,ERR,ERR,ERR,ERR,ERR,ERR,ERR,ERR,ERR,ERR,ERR,ERR,ERR,ERR,ERR,ERR,ERR,ERR,ERR,ERR,ERR,ERR,ERR,ERR,ERR,ERR,ERR,ERR,ERR,ERR,ERR,ERR,ERR,ERR,ERR,ERR,ERR,ERR,ERR,ERR,ERR,ERR,ERR,ERR,ERR,ERR,ERR,ERR,ERR,ERR,ERR,ERR,ERR,ERR,ERR,ERR,ERR,-0.0,-0.0,0.0,-4.9501291711397626e+32,-2.012,1.3936040501711995e+18,7.805,8.558351388217734e+28,0,0,4,48907,6720,14723890282496.0,100,0.0,0.0,0.0,-0.0,0.0,0,0,0,0,0.0,0,0,0,0,0,0,0,0,0,0,0,0,0,0,0,0,0,0,0,0,0,0,0,0,0,0,0,0,0,0,0,0,0,26,51,50,76,65476,0,300,0,0,8,21553,0.0,-107605600.0,0.0,0.0,0.0,0.0,0.0,0.0,0.0,0.0,0.0,0.0,0.0,0.0,0.0,0.0,0.0,0.0,0.0,0.0,0.0,0.0,0.0,-2.004,2.004,-2.004,0.0,0.0,0.0,0.0,4736.0,8608174080.0,7306.0,-0.0,-0.0,0.0,2.7184312818759872e+23,0.0,0.0,0.0,0.0,77,-0.0,-107614696.0,0.0,0.0,0.0,0.0,0.0,0.0,0.0,0,0,0,0.0,0.0,0.0,0.0,0.0,0.0,0.0,0.0,0.0,0.0,0.0,0.0,0.0,0.0,0.0,0.0,0,-107875648.0,77,0.0,154,0.0,0.0,ERR,ERR,ERR,ERR,ERR,ERR,ERR,ERR,ERR,ERR,ERR,ERR,ERR,ERR,ERR,ERR,ERR,ERR,ERR,ERR,ERR,ERR,ERR,ERR,ERR,ERR,ERR,ERR,ERR,ERR,ERR,ERR,ERR,ERR,ERR,ERR,ERR,ERR,ERR,ERR,ERR,ERR,ERR,ERR,ERR,ERR,ERR,ERR,ERR,ERR,ERR,ERR,ERR,ERR,ERR,ERR,ERR,ERR,ERR,ERR,ERR,ERR,ERR,ERR,ERR,ERR,ERR,34.0,80.0,35,0.0,0.0,0.0,0.0,0.0,0.0,0.0,0.0,0.0,0.0,0.0,0.0,0.0,0.0,0.0,0.0,66.0,0,120,58,54,65476,0,300,0,0,8,20529,65476,0,0,57672,80.0,0.0,0.0,0.0,0.0,0.0
2026-06-18T02:14:34,ERR,ERR,ERR,ERR,ERR,ERR,ERR,ERR,ERR,ERR,ERR,ERR,ERR,ERR,ERR,ERR,ERR,ERR,ERR,ERR,ERR,ERR,ERR,ERR,ERR,ERR,ERR,ERR,ERR,ERR,ERR,ERR,ERR,ERR,ERR,ERR,ERR,ERR,ERR,ERR,ERR,ERR,ERR,ERR,ERR,ERR,ERR,ERR,ERR,ERR,ERR,ERR,ERR,ERR,ERR,ERR,ERR,ERR,ERR,ERR,ERR,ERR,ERR,ERR,ERR,ERR,ERR,ERR,ERR,ERR,ERR,ERR,ERR,ERR,ERR,ERR,ERR,ERR,ERR,ERR,ERR,ERR,ERR,ERR,ERR,ERR,ERR,ERR,ERR,ERR,ERR,ERR,ERR,ERR,ERR,ERR,ERR,ERR,ERR,ERR,ERR,ERR,ERR,ERR,ERR,ERR,ERR,ERR,ERR,ERR,ERR,ERR,ERR,ERR,ERR,ERR,ERR,ERR,ERR,ERR,ERR,ERR,ERR,ERR,ERR,-0.0,-0.0,0.0,2.718290229135658e+23,2.012,1.3936040501711995e+18,7.805,-4.0828997592390904e+35,0,0,4,48903,6720,14723890282496.0,100,0.0,0.0,0.0,89215.008,0.0,0,0,0,0,0.0,0,0,0,0,0,0,0,0,0,0,0,0,0,0,0,0,0,0,0,0,0,0,0,0,0,0,0,0,0,0,0,0,0,26,51,50,76,65476,0,300,0,0,8,21553,0.0,-107605600.0,0.0,0.0,0.0,0.0,0.0,0.0,0.0,0.0,0.0,0.0,0.0,0.0,0.0,0.0,0.0,0.0,0.0,0.0,0.0,0.0,0.0,-2.004,2.004,-2.004,0.0,0.0,0.0,0.0,4765.0,0.0,7303.0,-0.0,-107615392.0,0.0,2.7184312818759872e+23,0.0,0.0,0.0,0.0,77,-0.0,-0.0,0.0,0.0,0.0,0.0,0.0,0.0,0.0,0,0,0,0.0,0.0,0.0,0.0,0.0,0.0,0.0,0.0,0.0,0.0,0.0,0.0,0.0,0.0,0.0,0.0,0,-107875648.0,77,0.0,154,0.0,0.0,ERR,ERR,ERR,ERR,ERR,ERR,ERR,ERR,ERR,ERR,ERR,ERR,ERR,ERR,ERR,ERR,ERR,ERR,ERR,ERR,ERR,ERR,ERR,ERR,ERR,ERR,ERR,ERR,ERR,ERR,ERR,ERR,ERR,ERR,ERR,ERR,ERR,ERR,ERR,ERR,ERR,ERR,ERR,ERR,ERR,ERR,ERR,ERR,ERR,ERR,ERR,ERR,ERR,ERR,ERR,ERR,ERR,ERR,ERR,ERR,ERR,ERR,ERR,ERR,ERR,ERR,ERR,34.0,80.0,35,0.0,0.0,0.0,0.0,0.0,0.0,0.0,0.0,0.0,0.0,0.0,0.0,0.0,0.0,0.0,0.0,66.4,0,120,58,54,65476,0,300,0,0,8,20529,65476,0,0,57672,80.0,0.0,0.0,0.0,0.0,0.0
2026-06-18T02:14:35,ERR,ERR,ERR,ERR,ERR,ERR,ERR,ERR,ERR,ERR,ERR,ERR,ERR,ERR,ERR,ERR,ERR,ERR,ERR,ERR,ERR,ERR,ERR,ERR,ERR,ERR,ERR,ERR,ERR,ERR,ERR,ERR,ERR,ERR,ERR,ERR,ERR,ERR,ERR,ERR,ERR,ERR,ERR,ERR,ERR,ERR,ERR,ERR,ERR,ERR,ERR,ERR,ERR,ERR,ERR,ERR,ERR,ERR,ERR,ERR,ERR,ERR,ERR,ERR,ERR,ERR,ERR,ERR,ERR,ERR,ERR,ERR,ERR,ERR,ERR,ERR,ERR,ERR,ERR,ERR,ERR,ERR,ERR,ERR,ERR,ERR,ERR,ERR,ERR,ERR,ERR,ERR,ERR,ERR,ERR,ERR,ERR,ERR,ERR,ERR,ERR,ERR,ERR,ERR,ERR,ERR,ERR,ERR,ERR,ERR,ERR,ERR,ERR,ERR,ERR,ERR,ERR,ERR,ERR,ERR,ERR,ERR,ERR,ERR,ERR,-0.0,-0.0,0.0,2.718290229135658e+23,2.012,1.3936040501711995e+18,7.805,-4.0828997592390904e+35,0,0,4,48903,6720,14723890282496.0,100,0.0,0.0,0.0,89215.008,0.0,0,0,0,0,0.0,0,0,0,0,0,0,0,0,0,0,0,0,0,0,0,0,0,0,0,0,0,0,0,0,0,0,0,0,0,0,0,0,0,26,51,50,76,65476,0,300,0,0,8,21553,0.0,-107605600.0,0.0,0.0,0.0,0.0,0.0,0.0,0.0,0.0,0.0,0.0,0.0,0.0,0.0,0.0,0.0,0.0,0.0,0.0,0.0,0.0,0.0,-2.004,2.004,-2.004,0.0,0.0,0.0,0.0,4765.0,0.0,7303.0,-0.0,-107615392.0,0.0,2.7184312818759872e+23,0.0,0.0,0.0,0.0,77,-0.0,-0.0,0.0,0.0,0.0,0.0,0.0,0.0,0.0,0,0,0,0.0,0.0,0.0,0.0,0.0,0.0,0.0,0.0,0.0,0.0,0.0,0.0,0.0,0.0,0.0,0.0,0,-107875648.0,77,0.0,154,0.0,0.0,ERR,ERR,ERR,ERR,ERR,ERR,ERR,ERR,ERR,ERR,ERR,ERR,ERR,ERR,ERR,ERR,ERR,ERR,ERR,ERR,ERR,ERR,ERR,ERR,ERR,ERR,ERR,ERR,ERR,ERR,ERR,ERR,ERR,ERR,ERR,ERR,ERR,ERR,ERR,ERR,ERR,ERR,ERR,ERR,ERR,ERR,ERR,ERR,ERR,ERR,ERR,ERR,ERR,ERR,ERR,ERR,ERR,ERR,ERR,ERR,ERR,ERR,ERR,ERR,ERR,ERR,ERR,34.0,80.0,35,0.0,0.0,0.0,0.0,0.0,0.0,0.0,0.0,0.0,0.0,0.0,0.0,0.0,0.0,0.0,0.0,66.4,0,120,58,54,65476,0,300,0,0,8,20529,65476,0,0,57672,80.0,0.0,0.0,0.0,0.0,0.0
2026-06-18T02:14:36,ERR,ERR,ERR,ERR,ERR,ERR,ERR,ERR,ERR,ERR,ERR,ERR,ERR,ERR,ERR,ERR,ERR,ERR,ERR,ERR,ERR,ERR,ERR,ERR,ERR,ERR,ERR,ERR,ERR,ERR,ERR,ERR,ERR,ERR,ERR,ERR,ERR,ERR,ERR,ERR,ERR,ERR,ERR,ERR,ERR,ERR,ERR,ERR,ERR,ERR,ERR,ERR,ERR,ERR,ERR,ERR,ERR,ERR,ERR,ERR,ERR,ERR,ERR,ERR,ERR,ERR,ERR,ERR,ERR,ERR,ERR,ERR,ERR,ERR,ERR,ERR,ERR,ERR,ERR,ERR,ERR,ERR,ERR,ERR,ERR,ERR,ERR,ERR,ERR,ERR,ERR,ERR,ERR,ERR,ERR,ERR,ERR,ERR,ERR,ERR,ERR,ERR,ERR,ERR,ERR,ERR,ERR,ERR,ERR,ERR,ERR,ERR,ERR,ERR,ERR,ERR,ERR,ERR,ERR,ERR,ERR,ERR,ERR,ERR,ERR,-0.0,-0.0,0.0,2.718290229135658e+23,2.012,1.3936040501711995e+18,7.805,-4.0828997592390904e+35,0,0,4,48903,6720,14723890282496.0,100,0.0,0.0,0.0,89215.008,0.0,0,0,0,0,0.0,0,0,0,0,0,0,0,0,0,0,0,0,0,0,0,0,0,0,0,0,0,0,0,0,0,0,0,0,0,0,0,0,0,26,51,50,76,65476,0,300,0,0,8,21553,0.0,-107605600.0,0.0,0.0,0.0,0.0,0.0,0.0,0.0,0.0,0.0,0.0,0.0,0.0,0.0,0.0,0.0,0.0,0.0,0.0,0.0,0.0,0.0,-2.004,2.004,-2.004,0.0,0.0,0.0,0.0,4765.0,0.0,7303.0,-0.0,-107615392.0,0.0,2.7184312818759872e+23,0.0,0.0,0.0,0.0,77,-0.0,-0.0,0.0,0.0,0.0,0.0,0.0,0.0,0.0,0,0,0,0.0,0.0,0.0,0.0,0.0,0.0,0.0,0.0,0.0,0.0,0.0,0.0,0.0,0.0,0.0,0.0,0,-107875648.0,77,0.0,154,0.0,0.0,ERR,ERR,ERR,ERR,ERR,ERR,ERR,ERR,ERR,ERR,ERR,ERR,ERR,ERR,ERR,ERR,ERR,ERR,ERR,ERR,ERR,ERR,ERR,ERR,ERR,ERR,ERR,ERR,ERR,ERR,ERR,ERR,ERR,ERR,ERR,ERR,ERR,ERR,ERR,ERR,ERR,ERR,ERR,ERR,ERR,ERR,ERR,ERR,ERR,ERR,ERR,ERR,ERR,ERR,ERR,ERR,ERR,ERR,ERR,ERR,ERR,ERR,ERR,ERR,ERR,ERR,ERR,34.0,80.0,35,0.0,0.0,0.0,0.0,0.0,0.0,0.0,0.0,0.0,0.0,0.0,0.0,0.0,0.0,0.0,0.0,66.0,0,120,58,54,65476,0,300,0,0,8,20529,65476,0,0,57672,80.0,0.0,0.0,0.0,0.0,0.0
2026-06-18T02:14:37,ERR,ERR,ERR,ERR,ERR,ERR,ERR,ERR,ERR,ERR,ERR,ERR,ERR,ERR,ERR,ERR,ERR,ERR,ERR,ERR,ERR,ERR,ERR,ERR,ERR,ERR,ERR,ERR,ERR,ERR,ERR,ERR,ERR,ERR,ERR,ERR,ERR,ERR,ERR,ERR,ERR,ERR,ERR,ERR,ERR,ERR,ERR,ERR,ERR,ERR,ERR,ERR,ERR,ERR,ERR,ERR,ERR,ERR,ERR,ERR,ERR,ERR,ERR,ERR,ERR,ERR,ERR,ERR,ERR,ERR,ERR,ERR,ERR,ERR,ERR,ERR,ERR,ERR,ERR,ERR,ERR,ERR,ERR,ERR,ERR,ERR,ERR,ERR,ERR,ERR,ERR,ERR,ERR,ERR,ERR,ERR,ERR,ERR,ERR,ERR,ERR,ERR,ERR,ERR,ERR,ERR,ERR,ERR,ERR,ERR,ERR,ERR,ERR,ERR,ERR,ERR,ERR,ERR,ERR,ERR,ERR,ERR,ERR,ERR,ERR,-0.0,-0.0,0.0,2.718290229135658e+23,2.012,1.3936040501711995e+18,7.805,-4.0828997592390904e+35,0,0,4,48903,6720,14723890282496.0,100,0.0,0.0,0.0,89215.008,0.0,0,0,0,0,0.0,0,0,0,0,0,0,0,0,0,0,0,0,0,0,0,0,0,0,0,0,0,0,0,0,0,0,0,0,0,0,0,0,0,26,51,50,76,65476,0,300,0,0,8,21553,0.0,-107605600.0,0.0,0.0,0.0,0.0,0.0,0.0,0.0,0.0,0.0,0.0,0.0,0.0,0.0,0.0,0.0,0.0,0.0,0.0,0.0,0.0,0.0,-2.004,2.004,-2.004,0.0,0.0,0.0,0.0,4765.0,0.0,7303.0,-0.0,-107615392.0,0.0,2.7184312818759872e+23,0.0,0.0,0.0,0.0,77,-0.0,-0.0,0.0,0.0,0.0,0.0,0.0,0.0,0.0,0,0,0,0.0,0.0,0.0,0.0,0.0,0.0,0.0,0.0,0.0,0.0,0.0,0.0,0.0,0.0,0.0,0.0,0,-107875648.0,77,0.0,154,0.0,0.0,ERR,ERR,ERR,ERR,ERR,ERR,ERR,ERR,ERR,ERR,ERR,ERR,ERR,ERR,ERR,ERR,ERR,ERR,ERR,ERR,ERR,ERR,ERR,ERR,ERR,ERR,ERR,ERR,ERR,ERR,ERR,ERR,ERR,ERR,ERR,ERR,ERR,ERR,ERR,ERR,ERR,ERR,ERR,ERR,ERR,ERR,ERR,ERR,ERR,ERR,ERR,ERR,ERR,ERR,ERR,ERR,ERR,ERR,ERR,ERR,ERR,ERR,ERR,ERR,ERR,ERR,ERR,34.0,80.0,35,0.0,0.0,0.0,0.0,0.0,0.0,0.0,0.0,0.0,0.0,0.0,0.0,0.0,0.0,0.0,0.0,66.0,0,120,58,54,65476,0,300,0,0,8,20529,65476,0,0,57672,80.0,0.0,0.0,0.0,0.0,0.0
2026-06-18T02:14:38,ERR,ERR,ERR,ERR,ERR,ERR,ERR,ERR,ERR,ERR,ERR,ERR,ERR,ERR,ERR,ERR,ERR,ERR,ERR,ERR,ERR,ERR,ERR,ERR,ERR,ERR,ERR,ERR,ERR,ERR,ERR,ERR,ERR,ERR,ERR,ERR,ERR,ERR,ERR,ERR,ERR,ERR,ERR,ERR,ERR,ERR,ERR,ERR,ERR,ERR,ERR,ERR,ERR,ERR,ERR,ERR,ERR,ERR,ERR,ERR,ERR,ERR,ERR,ERR,ERR,ERR,ERR,ERR,ERR,ERR,ERR,ERR,ERR,ERR,ERR,ERR,ERR,ERR,ERR,ERR,ERR,ERR,ERR,ERR,ERR,ERR,ERR,ERR,ERR,ERR,ERR,ERR,ERR,ERR,ERR,ERR,ERR,ERR,ERR,ERR,ERR,ERR,ERR,ERR,ERR,ERR,ERR,ERR,ERR,ERR,ERR,ERR,ERR,ERR,ERR,ERR,ERR,ERR,ERR,ERR,ERR,ERR,ERR,ERR,ERR,-0.0,-0.0,0.0,2.718290229135658e+23,2.012,1.3936040501711995e+18,7.805,-4.0828997592390904e+35,0,0,4,48903,6720,14723890282496.0,100,0.0,0.0,0.0,89215.008,0.0,0,0,0,0,0.0,0,0,0,0,0,0,0,0,0,0,0,0,0,0,0,0,0,0,0,0,0,0,0,0,0,0,0,0,0,0,0,0,0,26,51,50,76,65476,0,300,0,0,8,21553,0.0,-107605600.0,0.0,0.0,0.0,0.0,0.0,0.0,0.0,0.0,0.0,0.0,0.0,0.0,0.0,0.0,0.0,0.0,0.0,0.0,0.0,0.0,0.0,-2.004,2.004,-2.004,0.0,0.0,0.0,0.0,4765.0,0.0,7303.0,-0.0,-107615392.0,0.0,2.7184312818759872e+23,0.0,0.0,0.0,0.0,77,-0.0,-0.0,0.0,0.0,0.0,0.0,0.0,0.0,0.0,0,0,0,0.0,0.0,0.0,0.0,0.0,0.0,0.0,0.0,0.0,0.0,0.0,0.0,0.0,0.0,0.0,0.0,0,-107875648.0,77,0.0,154,0.0,0.0,ERR,ERR,ERR,ERR,ERR,ERR,ERR,ERR,ERR,ERR,ERR,ERR,ERR,ERR,ERR,ERR,ERR,ERR,ERR,ERR,ERR,ERR,ERR,ERR,ERR,ERR,ERR,ERR,ERR,ERR,ERR,ERR,ERR,ERR,ERR,ERR,ERR,ERR,ERR,ERR,ERR,ERR,ERR,ERR,ERR,ERR,ERR,ERR,ERR,ERR,ERR,ERR,ERR,ERR,ERR,ERR,ERR,ERR,ERR,ERR,ERR,ERR,ERR,ERR,ERR,ERR,ERR,34.0,80.0,35,0.0,0.0,0.0,0.0,0.0,0.0,0.0,0.0,0.0,0.0,0.0,0.0,0.0,0.0,0.0,0.0,66.0,0,120,58,54,65476,0,300,0,0,8,20529,65476,0,0,57672,80.0,0.0,0.0,0.0,0.0,0.0
2026-06-18T02:14:39,ERR,ERR,ERR,ERR,ERR,ERR,ERR,ERR,ERR,ERR,ERR,ERR,ERR,ERR,ERR,ERR,ERR,ERR,ERR,ERR,ERR,ERR,ERR,ERR,ERR,ERR,ERR,ERR,ERR,ERR,ERR,ERR,ERR,ERR,ERR,ERR,ERR,ERR,ERR,ERR,ERR,ERR,ERR,ERR,ERR,ERR,ERR,ERR,ERR,ERR,ERR,ERR,ERR,ERR,ERR,ERR,ERR,ERR,ERR,ERR,ERR,ERR,ERR,ERR,ERR,ERR,ERR,ERR,ERR,ERR,ERR,ERR,ERR,ERR,ERR,ERR,ERR,ERR,ERR,ERR,ERR,ERR,ERR,ERR,ERR,ERR,ERR,ERR,ERR,ERR,ERR,ERR,ERR,ERR,ERR,ERR,ERR,ERR,ERR,ERR,ERR,ERR,ERR,ERR,ERR,ERR,ERR,ERR,ERR,ERR,ERR,ERR,ERR,ERR,ERR,ERR,ERR,ERR,ERR,ERR,ERR,ERR,ERR,ERR,ERR,-0.0,-0.0,0.0,2.718290229135658e+23,2.012,1.3936040501711995e+18,7.805,-4.0828997592390904e+35,0,0,4,48903,6720,14723890282496.0,100,0.0,0.0,0.0,89215.008,0.0,0,0,0,0,0.0,0,0,0,0,0,0,0,0,0,0,0,0,0,0,0,0,0,0,0,0,0,0,0,0,0,0,0,0,0,0,0,0,0,26,51,50,76,65476,0,300,0,0,8,21553,0.0,-107605600.0,0.0,0.0,0.0,0.0,0.0,0.0,0.0,0.0,0.0,0.0,0.0,0.0,0.0,0.0,0.0,0.0,0.0,0.0,0.0,0.0,0.0,-2.004,2.004,-2.004,0.0,0.0,0.0,0.0,4765.0,0.0,7303.0,-0.0,-107615392.0,0.0,2.7184312818759872e+23,0.0,0.0,0.0,0.0,77,-0.0,-0.0,0.0,0.0,0.0,0.0,0.0,0.0,0.0,0,0,0,0.0,0.0,0.0,0.0,0.0,0.0,0.0,0.0,0.0,0.0,0.0,0.0,0.0,0.0,0.0,0.0,0,-107875648.0,77,0.0,154,0.0,0.0,ERR,ERR,ERR,ERR,ERR,ERR,ERR,ERR,ERR,ERR,ERR,ERR,ERR,ERR,ERR,ERR,ERR,ERR,ERR,ERR,ERR,ERR,ERR,ERR,ERR,ERR,ERR,ERR,ERR,ERR,ERR,ERR,ERR,ERR,ERR,ERR,ERR,ERR,ERR,ERR,ERR,ERR,ERR,ERR,ERR,ERR,ERR,ERR,ERR,ERR,ERR,ERR,ERR,ERR,ERR,ERR,ERR,ERR,ERR,ERR,ERR,ERR,ERR,ERR,ERR,ERR,ERR,34.0,80.0,35,0.0,0.0,0.0,0.0,0.0,0.0,0.0,0.0,0.0,0.0,0.0,0.0,0.0,0.0,0.0,0.0,66.0,0,120,58,54,65476,0,300,0,0,8,20529,65476,0,0,57672,80.0,0.0,0.0,0.0,0.0,0.0
2026-06-18T02:14:40,ERR,ERR,ERR,ERR,ERR,ERR,ERR,ERR,ERR,ERR,ERR,ERR,ERR,ERR,ERR,ERR,ERR,ERR,ERR,ERR,ERR,ERR,ERR,ERR,ERR,ERR,ERR,ERR,ERR,ERR,ERR,ERR,ERR,ERR,ERR,ERR,ERR,ERR,ERR,ERR,ERR,ERR,ERR,ERR,ERR,ERR,ERR,ERR,ERR,ERR,ERR,ERR,ERR,ERR,ERR,ERR,ERR,ERR,ERR,ERR,ERR,ERR,ERR,ERR,ERR,ERR,ERR,ERR,ERR,ERR,ERR,ERR,ERR,ERR,ERR,ERR,ERR,ERR,ERR,ERR,ERR,ERR,ERR,ERR,ERR,ERR,ERR,ERR,ERR,ERR,ERR,ERR,ERR,ERR,ERR,ERR,ERR,ERR,ERR,ERR,ERR,ERR,ERR,ERR,ERR,ERR,ERR,ERR,ERR,ERR,ERR,ERR,ERR,ERR,ERR,ERR,ERR,ERR,ERR,ERR,ERR,ERR,ERR,ERR,ERR,-0.0,-0.0,0.0,-152005385388032.0,-2.012,1.3936040501711995e+18,7.805,0.0,0,0,4,48903,6720,14723890282496.0,100,0.0,0.0,0.0,-0.0,0.0,0,0,0,0,0.0,0,0,0,0,0,0,0,0,0,0,0,0,0,0,0,0,0,0,0,0,0,0,0,0,0,0,0,0,0,0,0,0,0,26,51,50,76,65476,0,300,0,0,8,21553,0.0,-107605600.0,0.0,0.0,0.0,0.0,0.0,0.0,0.0,0.0,0.0,0.0,0.0,0.0,0.0,0.0,0.0,0.0,0.0,0.0,0.0,0.0,0.0,-2.004,2.004,-2.004,0.0,0.0,0.0,0.0,4736.0,0.0,7303.0,-0.0,-0.0,0.0,2.7184312818759872e+23,0.0,0.0,0.0,0.0,77,-0.0,-0.0,0.0,0.0,0.0,0.0,0.0,0.0,0.0,0,0,0,0.0,0.0,0.0,0.0,0.0,0.0,0.0,0.0,0.0,0.0,0.0,0.0,0.0,0.0,0.0,0.0,0,-107875648.0,77,0.0,154,0.0,0.0,ERR,ERR,ERR,ERR,ERR,ERR,ERR,ERR,ERR,ERR,ERR,ERR,ERR,ERR,ERR,ERR,ERR,ERR,ERR,ERR,ERR,ERR,ERR,ERR,ERR,ERR,ERR,ERR,ERR,ERR,ERR,ERR,ERR,ERR,ERR,ERR,ERR,ERR,ERR,ERR,ERR,ERR,ERR,ERR,ERR,ERR,ERR,ERR,ERR,ERR,ERR,ERR,ERR,ERR,ERR,ERR,ERR,ERR,ERR,ERR,ERR,ERR,ERR,ERR,ERR,ERR,ERR,34.0,80.0,35,0.0,0.0,0.0,0.0,0.0,0.0,0.0,0.0,0.0,0.0,0.0,0.0,0.0,0.0,0.0,0.0,66.0,0,120,58,54,65476,0,300,0,0,8,20529,65476,0,0,57672,80.0,0.0,0.0,0.0,0.0,0.0
2026-06-18T02:14:41,ERR,ERR,ERR,ERR,ERR,ERR,ERR,ERR,ERR,ERR,ERR,ERR,ERR,ERR,ERR,ERR,ERR,ERR,ERR,ERR,ERR,ERR,ERR,ERR,ERR,ERR,ERR,ERR,ERR,ERR,ERR,ERR,ERR,ERR,ERR,ERR,ERR,ERR,ERR,ERR,ERR,ERR,ERR,ERR,ERR,ERR,ERR,ERR,ERR,ERR,ERR,ERR,ERR,ERR,ERR,ERR,ERR,ERR,ERR,ERR,ERR,ERR,ERR,ERR,ERR,ERR,ERR,ERR,ERR,ERR,ERR,ERR,ERR,ERR,ERR,ERR,ERR,ERR,ERR,ERR,ERR,ERR,ERR,ERR,ERR,ERR,ERR,ERR,ERR,ERR,ERR,ERR,ERR,ERR,ERR,ERR,ERR,ERR,ERR,ERR,ERR,ERR,ERR,ERR,ERR,ERR,ERR,ERR,ERR,ERR,ERR,ERR,ERR,ERR,ERR,ERR,ERR,ERR,ERR,ERR,ERR,ERR,ERR,ERR,ERR,-0.0,-0.0,0.0,-152005385388032.0,-2.012,1.3936040501711995e+18,7.805,0.0,0,0,4,48903,6720,14723890282496.0,100,0.0,0.0,0.0,-0.0,0.0,0,0,0,0,0.0,0,0,0,0,0,0,0,0,0,0,0,0,0,0,0,0,0,0,0,0,0,0,0,0,0,0,0,0,0,0,0,0,0,26,51,50,76,65476,0,300,0,0,8,21553,0.0,-107605600.0,0.0,0.0,0.0,0.0,0.0,0.0,0.0,0.0,0.0,0.0,0.0,0.0,0.0,0.0,0.0,0.0,0.0,0.0,0.0,0.0,0.0,-2.004,2.004,-2.004,0.0,0.0,0.0,0.0,4736.0,0.0,7303.0,-0.0,-0.0,0.0,2.7184312818759872e+23,0.0,0.0,0.0,0.0,77,-0.0,-0.0,0.0,0.0,0.0,0.0,0.0,0.0,0.0,0,0,0,0.0,0.0,0.0,0.0,0.0,0.0,0.0,0.0,0.0,0.0,0.0,0.0,0.0,0.0,0.0,0.0,0,-107875648.0,77,0.0,154,0.0,0.0,ERR,ERR,ERR,ERR,ERR,ERR,ERR,ERR,ERR,ERR,ERR,ERR,ERR,ERR,ERR,ERR,ERR,ERR,ERR,ERR,ERR,ERR,ERR,ERR,ERR,ERR,ERR,ERR,ERR,ERR,ERR,ERR,ERR,ERR,ERR,ERR,ERR,ERR,ERR,ERR,ERR,ERR,ERR,ERR,ERR,ERR,ERR,ERR,ERR,ERR,ERR,ERR,ERR,ERR,ERR,ERR,ERR,ERR,ERR,ERR,ERR,ERR,ERR,ERR,ERR,ERR,ERR,34.0,80.0,35,0.0,0.0,0.0,0.0,0.0,0.0,0.0,0.0,0.0,0.0,0.0,0.0,0.0,0.0,0.0,0.0,66.0,0,120,58,54,65476,0,300,0,0,8,20529,65476,0,0,57672,80.0,0.0,0.0,0.0,0.0,0.0
2026-06-18T02:14:42,ERR,ERR,ERR,ERR,ERR,ERR,ERR,ERR,ERR,ERR,ERR,ERR,ERR,ERR,ERR,ERR,ERR,ERR,ERR,ERR,ERR,ERR,ERR,ERR,ERR,ERR,ERR,ERR,ERR,ERR,ERR,ERR,ERR,ERR,ERR,ERR,ERR,ERR,ERR,ERR,ERR,ERR,ERR,ERR,ERR,ERR,ERR,ERR,ERR,ERR,ERR,ERR,ERR,ERR,ERR,ERR,ERR,ERR,ERR,ERR,ERR,ERR,ERR,ERR,ERR,ERR,ERR,ERR,ERR,ERR,ERR,ERR,ERR,ERR,ERR,ERR,ERR,ERR,ERR,ERR,ERR,ERR,ERR,ERR,ERR,ERR,ERR,ERR,ERR,ERR,ERR,ERR,ERR,ERR,ERR,ERR,ERR,ERR,ERR,ERR,ERR,ERR,ERR,ERR,ERR,ERR,ERR,ERR,ERR,ERR,ERR,ERR,ERR,ERR,ERR,ERR,ERR,ERR,ERR,ERR,ERR,ERR,ERR,ERR,ERR,-0.0,-0.0,0.0,-152005385388032.0,-2.012,1.3936040501711995e+18,7.805,0.0,0,0,4,48903,6720,14723890282496.0,100,0.0,0.0,0.0,-0.0,0.0,0,0,0,0,0.0,0,0,0,0,0,0,0,0,0,0,0,0,0,0,0,0,0,0,0,0,0,0,0,0,0,0,0,0,0,0,0,0,0,26,51,50,76,65476,0,300,0,0,8,21553,0.0,-107605600.0,0.0,0.0,0.0,0.0,0.0,0.0,0.0,0.0,0.0,0.0,0.0,0.0,0.0,0.0,0.0,0.0,0.0,0.0,0.0,0.0,0.0,-2.004,2.004,-2.004,0.0,0.0,0.0,0.0,4736.0,0.0,7303.0,-0.0,-0.0,0.0,2.7184312818759872e+23,0.0,0.0,0.0,0.0,77,-0.0,-0.0,0.0,0.0,0.0,0.0,0.0,0.0,0.0,0,0,0,0.0,0.0,0.0,0.0,0.0,0.0,0.0,0.0,0.0,0.0,0.0,0.0,0.0,0.0,0.0,0.0,0,-107875648.0,77,0.0,154,0.0,0.0,ERR,ERR,ERR,ERR,ERR,ERR,ERR,ERR,ERR,ERR,ERR,ERR,ERR,ERR,ERR,ERR,ERR,ERR,ERR,ERR,ERR,ERR,ERR,ERR,ERR,ERR,ERR,ERR,ERR,ERR,ERR,ERR,ERR,ERR,ERR,ERR,ERR,ERR,ERR,ERR,ERR,ERR,ERR,ERR,ERR,ERR,ERR,ERR,ERR,ERR,ERR,ERR,ERR,ERR,ERR,ERR,ERR,ERR,ERR,ERR,ERR,ERR,ERR,ERR,ERR,ERR,ERR,34.0,80.0,35,0.0,0.0,0.0,0.0,0.0,0.0,0.0,0.0,0.0,0.0,0.0,0.0,0.0,0.0,0.0,0.0,66.0,0,120,58,54,65476,0,300,0,0,8,20529,65476,0,0,57672,80.0,0.0,0.0,0.0,0.0,0.0
2026-06-18T02:14:43,ERR,ERR,ERR,ERR,ERR,ERR,ERR,ERR,ERR,ERR,ERR,ERR,ERR,ERR,ERR,ERR,ERR,ERR,ERR,ERR,ERR,ERR,ERR,ERR,ERR,ERR,ERR,ERR,ERR,ERR,ERR,ERR,ERR,ERR,ERR,ERR,ERR,ERR,ERR,ERR,ERR,ERR,ERR,ERR,ERR,ERR,ERR,ERR,ERR,ERR,ERR,ERR,ERR,ERR,ERR,ERR,ERR,ERR,ERR,ERR,ERR,ERR,ERR,ERR,ERR,ERR,ERR,ERR,ERR,ERR,ERR,ERR,ERR,ERR,ERR,ERR,ERR,ERR,ERR,ERR,ERR,ERR,ERR,ERR,ERR,ERR,ERR,ERR,ERR,ERR,ERR,ERR,ERR,ERR,ERR,ERR,ERR,ERR,ERR,ERR,ERR,ERR,ERR,ERR,ERR,ERR,ERR,ERR,ERR,ERR,ERR,ERR,ERR,ERR,ERR,ERR,ERR,ERR,ERR,ERR,ERR,ERR,ERR,ERR,ERR,-0.0,-0.0,0.0,-152005385388032.0,-2.012,1.3936040501711995e+18,7.805,0.0,0,0,4,48903,6720,14723890282496.0,100,0.0,0.0,0.0,-0.0,0.0,0,0,0,0,0.0,0,0,0,0,0,0,0,0,0,0,0,0,0,0,0,0,0,0,0,0,0,0,0,0,0,0,0,0,0,0,0,0,0,26,51,50,76,65476,0,300,0,0,8,21553,0.0,-107605600.0,0.0,0.0,0.0,0.0,0.0,0.0,0.0,0.0,0.0,0.0,0.0,0.0,0.0,0.0,0.0,0.0,0.0,0.0,0.0,0.0,0.0,-2.004,2.004,-2.004,0.0,0.0,0.0,0.0,4736.0,0.0,7303.0,-0.0,-0.0,0.0,2.7184312818759872e+23,0.0,0.0,0.0,0.0,77,-0.0,-0.0,0.0,0.0,0.0,0.0,0.0,0.0,0.0,0,0,0,0.0,0.0,0.0,0.0,0.0,0.0,0.0,0.0,0.0,0.0,0.0,0.0,0.0,0.0,0.0,0.0,0,-107875648.0,77,0.0,154,0.0,0.0,ERR,ERR,ERR,ERR,ERR,ERR,ERR,ERR,ERR,ERR,ERR,ERR,ERR,ERR,ERR,ERR,ERR,ERR,ERR,ERR,ERR,ERR,ERR,ERR,ERR,ERR,ERR,ERR,ERR,ERR,ERR,ERR,ERR,ERR,ERR,ERR,ERR,ERR,ERR,ERR,ERR,ERR,ERR,ERR,ERR,ERR,ERR,ERR,ERR,ERR,ERR,ERR,ERR,ERR,ERR,ERR,ERR,ERR,ERR,ERR,ERR,ERR,ERR,ERR,ERR,ERR,ERR,34.0,80.0,35,0.0,0.0,0.0,0.0,0.0,0.0,0.0,0.0,0.0,0.0,0.0,0.0,0.0,0.0,0.0,0.0,66.0,0,120,58,54,65476,0,300,0,0,8,20529,65476,0,0,57672,80.0,0.0,0.0,0.0,0.0,0.0
2026-06-18T02:14:44,ERR,ERR,ERR,ERR,ERR,ERR,ERR,ERR,ERR,ERR,ERR,ERR,ERR,ERR,ERR,ERR,ERR,ERR,ERR,ERR,ERR,ERR,ERR,ERR,ERR,ERR,ERR,ERR,ERR,ERR,ERR,ERR,ERR,ERR,ERR,ERR,ERR,ERR,ERR,ERR,ERR,ERR,ERR,ERR,ERR,ERR,ERR,ERR,ERR,ERR,ERR,ERR,ERR,ERR,ERR,ERR,ERR,ERR,ERR,ERR,ERR,ERR,ERR,ERR,ERR,ERR,ERR,ERR,ERR,ERR,ERR,ERR,ERR,ERR,ERR,ERR,ERR,ERR,ERR,ERR,ERR,ERR,ERR,ERR,ERR,ERR,ERR,ERR,ERR,ERR,ERR,ERR,ERR,ERR,ERR,ERR,ERR,ERR,ERR,ERR,ERR,ERR,ERR,ERR,ERR,ERR,ERR,ERR,ERR,ERR,ERR,ERR,ERR,ERR,ERR,ERR,ERR,ERR,ERR,ERR,ERR,ERR,ERR,ERR,ERR,-0.0,-0.0,0.0,-152005385388032.0,-2.012,1.3936040501711995e+18,7.805,0.0,0,0,4,48903,6720,14723890282496.0,100,0.0,0.0,0.0,-0.0,0.0,0,0,0,0,0.0,0,0,0,0,0,0,0,0,0,0,0,0,0,0,0,0,0,0,0,0,0,0,0,0,0,0,0,0,0,0,0,0,0,26,51,50,76,65476,0,300,0,0,8,21553,0.0,-107605600.0,0.0,0.0,0.0,0.0,0.0,0.0,0.0,0.0,0.0,0.0,0.0,0.0,0.0,0.0,0.0,0.0,0.0,0.0,0.0,0.0,0.0,-2.004,2.004,-2.004,0.0,0.0,0.0,0.0,4736.0,0.0,7303.0,-0.0,-0.0,0.0,2.7184312818759872e+23,0.0,0.0,0.0,0.0,77,-0.0,-0.0,0.0,0.0,0.0,0.0,0.0,0.0,0.0,0,0,0,0.0,0.0,0.0,0.0,0.0,0.0,0.0,0.0,0.0,0.0,0.0,0.0,0.0,0.0,0.0,0.0,0,-107875648.0,77,0.0,154,0.0,0.0,ERR,ERR,ERR,ERR,ERR,ERR,ERR,ERR,ERR,ERR,ERR,ERR,ERR,ERR,ERR,ERR,ERR,ERR,ERR,ERR,ERR,ERR,ERR,ERR,ERR,ERR,ERR,ERR,ERR,ERR,ERR,ERR,ERR,ERR,ERR,ERR,ERR,ERR,ERR,ERR,ERR,ERR,ERR,ERR,ERR,ERR,ERR,ERR,ERR,ERR,ERR,ERR,ERR,ERR,ERR,ERR,ERR,ERR,ERR,ERR,ERR,ERR,ERR,ERR,ERR,ERR,ERR,34.0,80.0,35,0.0,0.0,0.0,0.0,0.0,0.0,0.0,0.0,0.0,0.0,0.0,0.0,0.0,0.0,0.0,0.0,66.4,0,120,58,54,65476,0,300,0,0,8,20529,65476,0,0,57672,80.0,0.0,0.0,0.0,0.0,0.0
2026-06-18T02:14:45,ERR,ERR,ERR,ERR,ERR,ERR,ERR,ERR,ERR,ERR,ERR,ERR,ERR,ERR,ERR,ERR,ERR,ERR,ERR,ERR,ERR,ERR,ERR,ERR,ERR,ERR,ERR,ERR,ERR,ERR,ERR,ERR,ERR,ERR,ERR,ERR,ERR,ERR,ERR,ERR,ERR,ERR,ERR,ERR,ERR,ERR,ERR,ERR,ERR,ERR,ERR,ERR,ERR,ERR,ERR,ERR,ERR,ERR,ERR,ERR,ERR,ERR,ERR,ERR,ERR,ERR,ERR,ERR,ERR,ERR,ERR,ERR,ERR,ERR,ERR,ERR,ERR,ERR,ERR,ERR,ERR,ERR,ERR,ERR,ERR,ERR,ERR,ERR,ERR,ERR,ERR,ERR,ERR,ERR,ERR,ERR,ERR,ERR,ERR,ERR,ERR,ERR,ERR,ERR,ERR,ERR,ERR,ERR,ERR,ERR,ERR,ERR,ERR,ERR,ERR,ERR,ERR,ERR,ERR,ERR,ERR,ERR,ERR,ERR,ERR,-0.0,-0.0,0.0,-0.0,-0.0,1.3936040501711995e+18,7.805,0.0,0,0,4,48901,6720,14723890282496.0,100,0.0,0.0,0.0,-0.0,0.0,0,0,0,0,0.0,0,0,0,0,0,0,0,0,0,0,0,0,0,0,0,0,0,0,0,0,0,0,0,0,0,0,0,0,0,0,0,0,0,26,51,50,76,65476,0,300,0,0,8,21553,0.0,-107605600.0,0.0,0.0,0.0,0.0,0.0,0.0,0.0,0.0,0.0,0.0,0.0,0.0,0.0,0.0,0.0,0.0,0.0,0.0,0.0,0.0,0.0,-2.004,0.0,-2.004,0.0,0.0,0.0,0.0,4738.0,0.0,7303.0,-0.0,-0.0,0.0,2.7184312818759872e+23,0.0,0.0,0.0,0.0,77,-0.0,-0.0,0.0,0.0,0.0,0.0,0.0,0.0,0.0,0,0,0,0.0,0.0,0.0,0.0,0.0,0.0,0.0,0.0,0.0,0.0,0.0,0.0,0.0,0.0,0.0,0.0,0,-107875648.0,77,0.0,154,0.0,0.0,ERR,ERR,ERR,ERR,ERR,ERR,ERR,ERR,ERR,ERR,ERR,ERR,ERR,ERR,ERR,ERR,ERR,ERR,ERR,ERR,ERR,ERR,ERR,ERR,ERR,ERR,ERR,ERR,ERR,ERR,ERR,ERR,ERR,ERR,ERR,ERR,ERR,ERR,ERR,ERR,ERR,ERR,ERR,ERR,ERR,ERR,ERR,ERR,ERR,ERR,ERR,ERR,ERR,ERR,ERR,ERR,ERR,ERR,ERR,ERR,ERR,ERR,ERR,ERR,ERR,ERR,ERR,34.0,80.0,35,0.0,0.0,0.0,0.0,0.0,0.0,0.0,0.0,0.0,0.0,0.0,0.0,0.0,0.0,0.0,0.0,66.0,0,120,58,54,65476,0,300,0,0,8,20529,65476,0,0,57672,80.0,0.0,0.0,0.0,0.0,0.0
2026-06-18T02:14:46,ERR,ERR,ERR,ERR,ERR,ERR,ERR,ERR,ERR,ERR,ERR,ERR,ERR,ERR,ERR,ERR,ERR,ERR,ERR,ERR,ERR,ERR,ERR,ERR,ERR,ERR,ERR,ERR,ERR,ERR,ERR,ERR,ERR,ERR,ERR,ERR,ERR,ERR,ERR,ERR,ERR,ERR,ERR,ERR,ERR,ERR,ERR,ERR,ERR,ERR,ERR,ERR,ERR,ERR,ERR,ERR,ERR,ERR,ERR,ERR,ERR,ERR,ERR,ERR,ERR,ERR,ERR,ERR,ERR,ERR,ERR,ERR,ERR,ERR,ERR,ERR,ERR,ERR,ERR,ERR,ERR,ERR,ERR,ERR,ERR,ERR,ERR,ERR,ERR,ERR,ERR,ERR,ERR,ERR,ERR,ERR,ERR,ERR,ERR,ERR,ERR,ERR,ERR,ERR,ERR,ERR,ERR,ERR,ERR,ERR,ERR,ERR,ERR,ERR,ERR,ERR,ERR,ERR,ERR,ERR,ERR,ERR,ERR,ERR,ERR,-0.0,-0.0,0.0,-0.0,-0.0,1.3936040501711995e+18,7.805,0.0,0,0,4,48901,6720,14723890282496.0,100,0.0,0.0,0.0,-0.0,0.0,0,0,0,0,0.0,0,0,0,0,0,0,0,0,0,0,0,0,0,0,0,0,0,0,0,0,0,0,0,0,0,0,0,0,0,0,0,0,0,26,51,50,76,65476,0,300,0,0,8,21553,0.0,-107605600.0,0.0,0.0,0.0,0.0,0.0,0.0,0.0,0.0,0.0,0.0,0.0,0.0,0.0,0.0,0.0,0.0,0.0,0.0,0.0,0.0,0.0,-2.004,0.0,-2.004,0.0,0.0,0.0,0.0,4738.0,0.0,7303.0,-0.0,-0.0,0.0,2.7184312818759872e+23,0.0,0.0,0.0,0.0,77,-0.0,-0.0,0.0,0.0,0.0,0.0,0.0,0.0,0.0,0,0,0,0.0,0.0,0.0,0.0,0.0,0.0,0.0,0.0,0.0,0.0,0.0,0.0,0.0,0.0,0.0,0.0,0,-107875648.0,77,0.0,154,0.0,0.0,ERR,ERR,ERR,ERR,ERR,ERR,ERR,ERR,ERR,ERR,ERR,ERR,ERR,ERR,ERR,ERR,ERR,ERR,ERR,ERR,ERR,ERR,ERR,ERR,ERR,ERR,ERR,ERR,ERR,ERR,ERR,ERR,ERR,ERR,ERR,ERR,ERR,ERR,ERR,ERR,ERR,ERR,ERR,ERR,ERR,ERR,ERR,ERR,ERR,ERR,ERR,ERR,ERR,ERR,ERR,ERR,ERR,ERR,ERR,ERR,ERR,ERR,ERR,ERR,ERR,ERR,ERR,34.0,80.0,35,0.0,0.0,0.0,0.0,0.0,0.0,0.0,0.0,0.0,0.0,0.0,0.0,0.0,0.0,0.0,0.0,66.0,0,120,58,54,65476,0,300,0,0,8,20529,65476,0,0,57672,80.0,0.0,0.0,0.0,0.0,0.0
2026-06-18T02:14:47,ERR,ERR,ERR,ERR,ERR,ERR,ERR,ERR,ERR,ERR,ERR,ERR,ERR,ERR,ERR,ERR,ERR,ERR,ERR,ERR,ERR,ERR,ERR,ERR,ERR,ERR,ERR,ERR,ERR,ERR,ERR,ERR,ERR,ERR,ERR,ERR,ERR,ERR,ERR,ERR,ERR,ERR,ERR,ERR,ERR,ERR,ERR,ERR,ERR,ERR,ERR,ERR,ERR,ERR,ERR,ERR,ERR,ERR,ERR,ERR,ERR,ERR,ERR,ERR,ERR,ERR,ERR,ERR,ERR,ERR,ERR,ERR,ERR,ERR,ERR,ERR,ERR,ERR,ERR,ERR,ERR,ERR,ERR,ERR,ERR,ERR,ERR,ERR,ERR,ERR,ERR,ERR,ERR,ERR,ERR,ERR,ERR,ERR,ERR,ERR,ERR,ERR,ERR,ERR,ERR,ERR,ERR,ERR,ERR,ERR,ERR,ERR,ERR,ERR,ERR,ERR,ERR,ERR,ERR,ERR,ERR,ERR,ERR,ERR,ERR,-0.0,-0.0,0.0,-0.0,-0.0,1.3936040501711995e+18,7.805,0.0,0,0,4,48901,6720,14723890282496.0,100,0.0,0.0,0.0,-0.0,0.0,0,0,0,0,0.0,0,0,0,0,0,0,0,0,0,0,0,0,0,0,0,0,0,0,0,0,0,0,0,0,0,0,0,0,0,0,0,0,0,26,51,50,76,65476,0,300,0,0,8,21553,0.0,-107605600.0,0.0,0.0,0.0,0.0,0.0,0.0,0.0,0.0,0.0,0.0,0.0,0.0,0.0,0.0,0.0,0.0,0.0,0.0,0.0,0.0,0.0,-2.004,0.0,-2.004,0.0,0.0,0.0,0.0,4738.0,0.0,7303.0,-0.0,-0.0,0.0,2.7184312818759872e+23,0.0,0.0,0.0,0.0,77,-0.0,-0.0,0.0,0.0,0.0,0.0,0.0,0.0,0.0,0,0,0,0.0,0.0,0.0,0.0,0.0,0.0,0.0,0.0,0.0,0.0,0.0,0.0,0.0,0.0,0.0,0.0,0,-107875648.0,77,0.0,154,0.0,0.0,ERR,ERR,ERR,ERR,ERR,ERR,ERR,ERR,ERR,ERR,ERR,ERR,ERR,ERR,ERR,ERR,ERR,ERR,ERR,ERR,ERR,ERR,ERR,ERR,ERR,ERR,ERR,ERR,ERR,ERR,ERR,ERR,ERR,ERR,ERR,ERR,ERR,ERR,ERR,ERR,ERR,ERR,ERR,ERR,ERR,ERR,ERR,ERR,ERR,ERR,ERR,ERR,ERR,ERR,ERR,ERR,ERR,ERR,ERR,ERR,ERR,ERR,ERR,ERR,ERR,ERR,ERR,34.0,80.0,35,0.0,0.0,0.0,0.0,0.0,0.0,0.0,0.0,0.0,0.0,0.0,0.0,0.0,0.0,0.0,0.0,66.4,0,120,58,54,65476,0,300,0,0,8,20529,65476,0,0,57672,80.0,0.0,0.0,0.0,0.0,0.0
2026-06-18T02:14:48,ERR,ERR,ERR,ERR,ERR,ERR,ERR,ERR,ERR,ERR,ERR,ERR,ERR,ERR,ERR,ERR,ERR,ERR,ERR,ERR,ERR,ERR,ERR,ERR,ERR,ERR,ERR,ERR,ERR,ERR,ERR,ERR,ERR,ERR,ERR,ERR,ERR,ERR,ERR,ERR,ERR,ERR,ERR,ERR,ERR,ERR,ERR,ERR,ERR,ERR,ERR,ERR,ERR,ERR,ERR,ERR,ERR,ERR,ERR,ERR,ERR,ERR,ERR,ERR,ERR,ERR,ERR,ERR,ERR,ERR,ERR,ERR,ERR,ERR,ERR,ERR,ERR,ERR,ERR,ERR,ERR,ERR,ERR,ERR,ERR,ERR,ERR,ERR,ERR,ERR,ERR,ERR,ERR,ERR,ERR,ERR,ERR,ERR,ERR,ERR,ERR,ERR,ERR,ERR,ERR,ERR,ERR,ERR,ERR,ERR,ERR,ERR,ERR,ERR,ERR,ERR,ERR,ERR,ERR,ERR,ERR,ERR,ERR,ERR,ERR,-0.0,-0.0,0.0,-0.0,-0.0,1.3936040501711995e+18,7.805,0.0,0,0,4,48901,6720,14723890282496.0,100,0.0,0.0,0.0,-0.0,0.0,0,0,0,0,0.0,0,0,0,0,0,0,0,0,0,0,0,0,0,0,0,0,0,0,0,0,0,0,0,0,0,0,0,0,0,0,0,0,0,26,51,50,76,65476,0,300,0,0,8,21553,0.0,-107605600.0,0.0,0.0,0.0,0.0,0.0,0.0,0.0,0.0,0.0,0.0,0.0,0.0,0.0,0.0,0.0,0.0,0.0,0.0,0.0,0.0,0.0,-2.004,0.0,-2.004,0.0,0.0,0.0,0.0,4738.0,0.0,7303.0,-0.0,-0.0,0.0,2.7184312818759872e+23,0.0,0.0,0.0,0.0,77,-0.0,-0.0,0.0,0.0,0.0,0.0,0.0,0.0,0.0,0,0,0,0.0,0.0,0.0,0.0,0.0,0.0,0.0,0.0,0.0,0.0,0.0,0.0,0.0,0.0,0.0,0.0,0,-107875648.0,77,0.0,154,0.0,0.0,ERR,ERR,ERR,ERR,ERR,ERR,ERR,ERR,ERR,ERR,ERR,ERR,ERR,ERR,ERR,ERR,ERR,ERR,ERR,ERR,ERR,ERR,ERR,ERR,ERR,ERR,ERR,ERR,ERR,ERR,ERR,ERR,ERR,ERR,ERR,ERR,ERR,ERR,ERR,ERR,ERR,ERR,ERR,ERR,ERR,ERR,ERR,ERR,ERR,ERR,ERR,ERR,ERR,ERR,ERR,ERR,ERR,ERR,ERR,ERR,ERR,ERR,ERR,ERR,ERR,ERR,ERR,34.0,80.0,35,0.0,0.0,0.0,0.0,0.0,0.0,0.0,0.0,0.0,0.0,0.0,0.0,0.0,0.0,0.0,0.0,66.4,0,120,58,54,65476,0,300,0,0,8,20529,65476,0,0,57672,80.0,0.0,0.0,0.0,0.0,0.0
2026-06-18T02:14:49,ERR,ERR,ERR,ERR,ERR,ERR,ERR,ERR,ERR,ERR,ERR,ERR,ERR,ERR,ERR,ERR,ERR,ERR,ERR,ERR,ERR,ERR,ERR,ERR,ERR,ERR,ERR,ERR,ERR,ERR,ERR,ERR,ERR,ERR,ERR,ERR,ERR,ERR,ERR,ERR,ERR,ERR,ERR,ERR,ERR,ERR,ERR,ERR,ERR,ERR,ERR,ERR,ERR,ERR,ERR,ERR,ERR,ERR,ERR,ERR,ERR,ERR,ERR,ERR,ERR,ERR,ERR,ERR,ERR,ERR,ERR,ERR,ERR,ERR,ERR,ERR,ERR,ERR,ERR,ERR,ERR,ERR,ERR,ERR,ERR,ERR,ERR,ERR,ERR,ERR,ERR,ERR,ERR,ERR,ERR,ERR,ERR,ERR,ERR,ERR,ERR,ERR,ERR,ERR,ERR,ERR,ERR,ERR,ERR,ERR,ERR,ERR,ERR,ERR,ERR,ERR,ERR,ERR,ERR,ERR,ERR,ERR,ERR,ERR,ERR,-0.0,-0.0,0.0,-0.0,-0.0,1.3936040501711995e+18,7.805,0.0,0,0,4,48901,6720,14723890282496.0,100,0.0,0.0,0.0,-0.0,0.0,0,0,0,0,0.0,0,0,0,0,0,0,0,0,0,0,0,0,0,0,0,0,0,0,0,0,0,0,0,0,0,0,0,0,0,0,0,0,0,26,51,50,76,65476,0,300,0,0,8,21553,0.0,-107605600.0,0.0,0.0,0.0,0.0,0.0,0.0,0.0,0.0,0.0,0.0,0.0,0.0,0.0,0.0,0.0,0.0,0.0,0.0,0.0,0.0,0.0,-2.004,0.0,-2.004,0.0,0.0,0.0,0.0,4738.0,0.0,7303.0,-0.0,-0.0,0.0,2.7184312818759872e+23,0.0,0.0,0.0,0.0,77,-0.0,-0.0,0.0,0.0,0.0,0.0,0.0,0.0,0.0,0,0,0,0.0,0.0,0.0,0.0,0.0,0.0,0.0,0.0,0.0,0.0,0.0,0.0,0.0,0.0,0.0,0.0,0,-107875648.0,77,0.0,154,0.0,0.0,ERR,ERR,ERR,ERR,ERR,ERR,ERR,ERR,ERR,ERR,ERR,ERR,ERR,ERR,ERR,ERR,ERR,ERR,ERR,ERR,ERR,ERR,ERR,ERR,ERR,ERR,ERR,ERR,ERR,ERR,ERR,ERR,ERR,ERR,ERR,ERR,ERR,ERR,ERR,ERR,ERR,ERR,ERR,ERR,ERR,ERR,ERR,ERR,ERR,ERR,ERR,ERR,ERR,ERR,ERR,ERR,ERR,ERR,ERR,ERR,ERR,ERR,ERR,ERR,ERR,ERR,ERR,34.0,80.0,35,0.0,0.0,0.0,0.0,0.0,0.0,0.0,0.0,0.0,0.0,0.0,0.0,0.0,0.0,0.0,0.0,66.0,0,120,58,54,65476,0,300,0,0,8,20529,65476,0,0,57672,80.0,0.0,0.0,0.0,0.0,0.0
2026-06-18T02:14:50,ERR,ERR,ERR,ERR,ERR,ERR,ERR,ERR,ERR,ERR,ERR,ERR,ERR,ERR,ERR,ERR,ERR,ERR,ERR,ERR,ERR,ERR,ERR,ERR,ERR,ERR,ERR,ERR,ERR,ERR,ERR,ERR,ERR,ERR,ERR,ERR,ERR,ERR,ERR,ERR,ERR,ERR,ERR,ERR,ERR,ERR,ERR,ERR,ERR,ERR,ERR,ERR,ERR,ERR,ERR,ERR,ERR,ERR,ERR,ERR,ERR,ERR,ERR,ERR,ERR,ERR,ERR,ERR,ERR,ERR,ERR,ERR,ERR,ERR,ERR,ERR,ERR,ERR,ERR,ERR,ERR,ERR,ERR,ERR,ERR,ERR,ERR,ERR,ERR,ERR,ERR,ERR,ERR,ERR,ERR,ERR,ERR,ERR,ERR,ERR,ERR,ERR,ERR,ERR,ERR,ERR,ERR,ERR,ERR,ERR,ERR,ERR,ERR,ERR,ERR,ERR,ERR,ERR,ERR,ERR,ERR,ERR,ERR,ERR,ERR,-0.0,-0.0,0.0,-0.0,2.012,1.3936040501711995e+18,7.805,-1.8245132555090963e+22,0,0,4,48906,6720,14723890282496.0,100,0.0,0.0,0.0,-0.0,0.0,0,0,0,0,0.0,0,0,0,0,0,0,0,0,0,0,0,0,0,0,0,0,0,0,0,0,0,0,0,0,0,0,0,0,0,0,0,0,0,26,51,50,76,65476,0,300,0,0,8,21553,0.0,-107605600.0,0.0,0.0,0.0,0.0,0.0,0.0,0.0,0.0,0.0,0.0,0.0,0.0,0.0,0.0,0.0,0.0,0.0,0.0,0.0,0.0,0.0,-2.004,2.004,-2.004,0.0,0.0,0.0,0.0,4736.0,0.0,7302.0,-0.0,-0.0,0.0,2.7184312818759872e+23,0.0,0.0,0.0,0.0,77,-0.0,-0.0,0.0,0.0,0.0,0.0,0.0,0.0,0.0,0,0,0,0.0,0.0,0.0,0.0,0.0,0.0,0.0,0.0,0.0,0.0,0.0,0.0,0.0,0.0,0.0,0.0,0,-107875648.0,77,0.0,154,0.0,0.0,ERR,ERR,ERR,ERR,ERR,ERR,ERR,ERR,ERR,ERR,ERR,ERR,ERR,ERR,ERR,ERR,ERR,ERR,ERR,ERR,ERR,ERR,ERR,ERR,ERR,ERR,ERR,ERR,ERR,ERR,ERR,ERR,ERR,ERR,ERR,ERR,ERR,ERR,ERR,ERR,ERR,ERR,ERR,ERR,ERR,ERR,ERR,ERR,ERR,ERR,ERR,ERR,ERR,ERR,ERR,ERR,ERR,ERR,ERR,ERR,ERR,ERR,ERR,ERR,ERR,ERR,ERR,34.0,80.0,35,0.0,0.0,0.0,0.0,0.0,0.0,0.0,0.0,0.0,0.0,0.0,0.0,0.0,0.0,0.0,0.0,66.0,0,120,58,54,65476,0,300,0,0,8,20529,65476,0,0,57672,80.0,0.0,0.0,0.0,0.0,0.0
2026-06-18T02:14:51,ERR,ERR,ERR,ERR,ERR,ERR,ERR,ERR,ERR,ERR,ERR,ERR,ERR,ERR,ERR,ERR,ERR,ERR,ERR,ERR,ERR,ERR,ERR,ERR,ERR,ERR,ERR,ERR,ERR,ERR,ERR,ERR,ERR,ERR,ERR,ERR,ERR,ERR,ERR,ERR,ERR,ERR,ERR,ERR,ERR,ERR,ERR,ERR,ERR,ERR,ERR,ERR,ERR,ERR,ERR,ERR,ERR,ERR,ERR,ERR,ERR,ERR,ERR,ERR,ERR,ERR,ERR,ERR,ERR,ERR,ERR,ERR,ERR,ERR,ERR,ERR,ERR,ERR,ERR,ERR,ERR,ERR,ERR,ERR,ERR,ERR,ERR,ERR,ERR,ERR,ERR,ERR,ERR,ERR,ERR,ERR,ERR,ERR,ERR,ERR,ERR,ERR,ERR,ERR,ERR,ERR,ERR,ERR,ERR,ERR,ERR,ERR,ERR,ERR,ERR,ERR,ERR,ERR,ERR,ERR,ERR,ERR,ERR,ERR,ERR,-0.0,-0.0,0.0,-0.0,2.012,1.3936040501711995e+18,7.805,-1.8245132555090963e+22,0,0,4,48906,6720,14723890282496.0,100,0.0,0.0,0.0,-0.0,0.0,0,0,0,0,0.0,0,0,0,0,0,0,0,0,0,0,0,0,0,0,0,0,0,0,0,0,0,0,0,0,0,0,0,0,0,0,0,0,0,26,51,50,76,65476,0,300,0,0,8,21553,0.0,-107605600.0,0.0,0.0,0.0,0.0,0.0,0.0,0.0,0.0,0.0,0.0,0.0,0.0,0.0,0.0,0.0,0.0,0.0,0.0,0.0,0.0,0.0,-2.004,2.004,-2.004,0.0,0.0,0.0,0.0,4736.0,0.0,7302.0,-0.0,-0.0,0.0,2.7184312818759872e+23,0.0,0.0,0.0,0.0,77,-0.0,-0.0,0.0,0.0,0.0,0.0,0.0,0.0,0.0,0,0,0,0.0,0.0,0.0,0.0,0.0,0.0,0.0,0.0,0.0,0.0,0.0,0.0,0.0,0.0,0.0,0.0,0,-107875648.0,77,0.0,154,0.0,0.0,ERR,ERR,ERR,ERR,ERR,ERR,ERR,ERR,ERR,ERR,ERR,ERR,ERR,ERR,ERR,ERR,ERR,ERR,ERR,ERR,ERR,ERR,ERR,ERR,ERR,ERR,ERR,ERR,ERR,ERR,ERR,ERR,ERR,ERR,ERR,ERR,ERR,ERR,ERR,ERR,ERR,ERR,ERR,ERR,ERR,ERR,ERR,ERR,ERR,ERR,ERR,ERR,ERR,ERR,ERR,ERR,ERR,ERR,ERR,ERR,ERR,ERR,ERR,ERR,ERR,ERR,ERR,34.0,80.0,35,0.0,0.0,0.0,0.0,0.0,0.0,0.0,0.0,0.0,0.0,0.0,0.0,0.0,0.0,0.0,0.0,66.0,0,120,58,54,65476,0,300,0,0,8,20529,65476,0,0,57672,80.0,0.0,0.0,0.0,0.0,0.0
2026-06-18T02:14:52,ERR,ERR,ERR,ERR,ERR,ERR,ERR,ERR,ERR,ERR,ERR,ERR,ERR,ERR,ERR,ERR,ERR,ERR,ERR,ERR,ERR,ERR,ERR,ERR,ERR,ERR,ERR,ERR,ERR,ERR,ERR,ERR,ERR,ERR,ERR,ERR,ERR,ERR,ERR,ERR,ERR,ERR,ERR,ERR,ERR,ERR,ERR,ERR,ERR,ERR,ERR,ERR,ERR,ERR,ERR,ERR,ERR,ERR,ERR,ERR,ERR,ERR,ERR,ERR,ERR,ERR,ERR,ERR,ERR,ERR,ERR,ERR,ERR,ERR,ERR,ERR,ERR,ERR,ERR,ERR,ERR,ERR,ERR,ERR,ERR,ERR,ERR,ERR,ERR,ERR,ERR,ERR,ERR,ERR,ERR,ERR,ERR,ERR,ERR,ERR,ERR,ERR,ERR,ERR,ERR,ERR,ERR,ERR,ERR,ERR,ERR,ERR,ERR,ERR,ERR,ERR,ERR,ERR,ERR,ERR,ERR,ERR,ERR,ERR,ERR,-0.0,-0.0,0.0,-0.0,2.012,1.3936040501711995e+18,7.805,-1.8245132555090963e+22,0,0,4,48906,6720,14723890282496.0,100,0.0,0.0,0.0,-0.0,0.0,0,0,0,0,0.0,0,0,0,0,0,0,0,0,0,0,0,0,0,0,0,0,0,0,0,0,0,0,0,0,0,0,0,0,0,0,0,0,0,26,51,50,76,65476,0,300,0,0,8,21553,0.0,-107605600.0,0.0,0.0,0.0,0.0,0.0,0.0,0.0,0.0,0.0,0.0,0.0,0.0,0.0,0.0,0.0,0.0,0.0,0.0,0.0,0.0,0.0,-2.004,2.004,-2.004,0.0,0.0,0.0,0.0,4736.0,0.0,7302.0,-0.0,-0.0,0.0,2.7184312818759872e+23,0.0,0.0,0.0,0.0,77,-0.0,-0.0,0.0,0.0,0.0,0.0,0.0,0.0,0.0,0,0,0,0.0,0.0,0.0,0.0,0.0,0.0,0.0,0.0,0.0,0.0,0.0,0.0,0.0,0.0,0.0,0.0,0,-107875648.0,77,0.0,154,0.0,0.0,ERR,ERR,ERR,ERR,ERR,ERR,ERR,ERR,ERR,ERR,ERR,ERR,ERR,ERR,ERR,ERR,ERR,ERR,ERR,ERR,ERR,ERR,ERR,ERR,ERR,ERR,ERR,ERR,ERR,ERR,ERR,ERR,ERR,ERR,ERR,ERR,ERR,ERR,ERR,ERR,ERR,ERR,ERR,ERR,ERR,ERR,ERR,ERR,ERR,ERR,ERR,ERR,ERR,ERR,ERR,ERR,ERR,ERR,ERR,ERR,ERR,ERR,ERR,ERR,ERR,ERR,ERR,34.0,80.0,35,0.0,0.0,0.0,0.0,0.0,0.0,0.0,0.0,0.0,0.0,0.0,0.0,0.0,0.0,0.0,0.0,66.0,0,120,58,54,65476,0,300,0,0,8,20529,65476,0,0,57672,80.0,0.0,0.0,0.0,0.0,0.0
2026-06-18T02:14:53,ERR,ERR,ERR,ERR,ERR,ERR,ERR,ERR,ERR,ERR,ERR,ERR,ERR,ERR,ERR,ERR,ERR,ERR,ERR,ERR,ERR,ERR,ERR,ERR,ERR,ERR,ERR,ERR,ERR,ERR,ERR,ERR,ERR,ERR,ERR,ERR,ERR,ERR,ERR,ERR,ERR,ERR,ERR,ERR,ERR,ERR,ERR,ERR,ERR,ERR,ERR,ERR,ERR,ERR,ERR,ERR,ERR,ERR,ERR,ERR,ERR,ERR,ERR,ERR,ERR,ERR,ERR,ERR,ERR,ERR,ERR,ERR,ERR,ERR,ERR,ERR,ERR,ERR,ERR,ERR,ERR,ERR,ERR,ERR,ERR,ERR,ERR,ERR,ERR,ERR,ERR,ERR,ERR,ERR,ERR,ERR,ERR,ERR,ERR,ERR,ERR,ERR,ERR,ERR,ERR,ERR,ERR,ERR,ERR,ERR,ERR,ERR,ERR,ERR,ERR,ERR,ERR,ERR,ERR,ERR,ERR,ERR,ERR,ERR,ERR,-0.0,-0.0,0.0,-0.0,2.012,1.3936040501711995e+18,7.805,-1.8245132555090963e+22,0,0,4,48906,6720,14723890282496.0,100,0.0,0.0,0.0,-0.0,0.0,0,0,0,0,0.0,0,0,0,0,0,0,0,0,0,0,0,0,0,0,0,0,0,0,0,0,0,0,0,0,0,0,0,0,0,0,0,0,0,26,51,50,76,65476,0,300,0,0,8,21553,0.0,-107605600.0,0.0,0.0,0.0,0.0,0.0,0.0,0.0,0.0,0.0,0.0,0.0,0.0,0.0,0.0,0.0,0.0,0.0,0.0,0.0,0.0,0.0,-2.004,2.004,-2.004,0.0,0.0,0.0,0.0,4736.0,0.0,7302.0,-0.0,-0.0,0.0,2.7184312818759872e+23,0.0,0.0,0.0,0.0,77,-0.0,-0.0,0.0,0.0,0.0,0.0,0.0,0.0,0.0,0,0,0,0.0,0.0,0.0,0.0,0.0,0.0,0.0,0.0,0.0,0.0,0.0,0.0,0.0,0.0,0.0,0.0,0,-107875648.0,77,0.0,154,0.0,0.0,ERR,ERR,ERR,ERR,ERR,ERR,ERR,ERR,ERR,ERR,ERR,ERR,ERR,ERR,ERR,ERR,ERR,ERR,ERR,ERR,ERR,ERR,ERR,ERR,ERR,ERR,ERR,ERR,ERR,ERR,ERR,ERR,ERR,ERR,ERR,ERR,ERR,ERR,ERR,ERR,ERR,ERR,ERR,ERR,ERR,ERR,ERR,ERR,ERR,ERR,ERR,ERR,ERR,ERR,ERR,ERR,ERR,ERR,ERR,ERR,ERR,ERR,ERR,ERR,ERR,ERR,ERR,34.0,80.0,35,0.0,0.0,0.0,0.0,0.0,0.0,0.0,0.0,0.0,0.0,0.0,0.0,0.0,0.0,0.0,0.0,66.0,0,120,58,54,65476,0,300,0,0,8,20529,65476,0,0,57672,80.0,0.0,0.0,0.0,0.0,0.0
2026-06-18T02:14:54,ERR,ERR,ERR,ERR,ERR,ERR,ERR,ERR,ERR,ERR,ERR,ERR,ERR,ERR,ERR,ERR,ERR,ERR,ERR,ERR,ERR,ERR,ERR,ERR,ERR,ERR,ERR,ERR,ERR,ERR,ERR,ERR,ERR,ERR,ERR,ERR,ERR,ERR,ERR,ERR,ERR,ERR,ERR,ERR,ERR,ERR,ERR,ERR,ERR,ERR,ERR,ERR,ERR,ERR,ERR,ERR,ERR,ERR,ERR,ERR,ERR,ERR,ERR,ERR,ERR,ERR,ERR,ERR,ERR,ERR,ERR,ERR,ERR,ERR,ERR,ERR,ERR,ERR,ERR,ERR,ERR,ERR,ERR,ERR,ERR,ERR,ERR,ERR,ERR,ERR,ERR,ERR,ERR,ERR,ERR,ERR,ERR,ERR,ERR,ERR,ERR,ERR,ERR,ERR,ERR,ERR,ERR,ERR,ERR,ERR,ERR,ERR,ERR,ERR,ERR,ERR,ERR,ERR,ERR,ERR,ERR,ERR,ERR,ERR,ERR,-0.0,-0.0,0.0,-0.0,2.012,1.3936040501711995e+18,7.805,-1.8245132555090963e+22,0,0,4,48906,6720,14723890282496.0,100,0.0,0.0,0.0,-0.0,0.0,0,0,0,0,0.0,0,0,0,0,0,0,0,0,0,0,0,0,0,0,0,0,0,0,0,0,0,0,0,0,0,0,0,0,0,0,0,0,0,26,51,50,76,65476,0,300,0,0,8,21553,0.0,-107605600.0,0.0,0.0,0.0,0.0,0.0,0.0,0.0,0.0,0.0,0.0,0.0,0.0,0.0,0.0,0.0,0.0,0.0,0.0,0.0,0.0,0.0,-2.004,2.004,-2.004,0.0,0.0,0.0,0.0,4736.0,0.0,7302.0,-0.0,-0.0,0.0,2.7184312818759872e+23,0.0,0.0,0.0,0.0,77,-0.0,-0.0,0.0,0.0,0.0,0.0,0.0,0.0,0.0,0,0,0,0.0,0.0,0.0,0.0,0.0,0.0,0.0,0.0,0.0,0.0,0.0,0.0,0.0,0.0,0.0,0.0,0,-107875648.0,77,0.0,154,0.0,0.0,ERR,ERR,ERR,ERR,ERR,ERR,ERR,ERR,ERR,ERR,ERR,ERR,ERR,ERR,ERR,ERR,ERR,ERR,ERR,ERR,ERR,ERR,ERR,ERR,ERR,ERR,ERR,ERR,ERR,ERR,ERR,ERR,ERR,ERR,ERR,ERR,ERR,ERR,ERR,ERR,ERR,ERR,ERR,ERR,ERR,ERR,ERR,ERR,ERR,ERR,ERR,ERR,ERR,ERR,ERR,ERR,ERR,ERR,ERR,ERR,ERR,ERR,ERR,ERR,ERR,ERR,ERR,34.0,80.0,35,0.0,0.0,0.0,0.0,0.0,0.0,0.0,0.0,0.0,0.0,0.0,0.0,0.0,0.0,0.0,0.0,66.0,0,120,58,54,65476,0,300,0,0,8,20529,65476,0,0,57672,80.0,0.0,0.0,0.0,0.0,0.0
2026-06-18T02:14:55,ERR,ERR,ERR,ERR,ERR,ERR,ERR,ERR,ERR,ERR,ERR,ERR,ERR,ERR,ERR,ERR,ERR,ERR,ERR,ERR,ERR,ERR,ERR,ERR,ERR,ERR,ERR,ERR,ERR,ERR,ERR,ERR,ERR,ERR,ERR,ERR,ERR,ERR,ERR,ERR,ERR,ERR,ERR,ERR,ERR,ERR,ERR,ERR,ERR,ERR,ERR,ERR,ERR,ERR,ERR,ERR,ERR,ERR,ERR,ERR,ERR,ERR,ERR,ERR,ERR,ERR,ERR,ERR,ERR,ERR,ERR,ERR,ERR,ERR,ERR,ERR,ERR,ERR,ERR,ERR,ERR,ERR,ERR,ERR,ERR,ERR,ERR,ERR,ERR,ERR,ERR,ERR,ERR,ERR,ERR,ERR,ERR,ERR,ERR,ERR,ERR,ERR,ERR,ERR,ERR,ERR,ERR,ERR,ERR,ERR,ERR,ERR,ERR,ERR,ERR,ERR,ERR,ERR,ERR,ERR,ERR,ERR,ERR,ERR,ERR,-0.0,-0.0,0.0,-0.0,0.0,1.3936040501711995e+18,7.805,-0.0,0,0,4,48904,6720,14723890282496.0,100,0.0,0.0,0.0,-0.0,0.0,0,0,0,0,0.0,0,0,0,0,0,0,0,0,0,0,0,0,0,0,0,0,0,0,0,0,0,0,0,0,0,0,0,0,0,0,0,0,0,26,51,50,76,65476,0,300,0,0,8,21553,0.0,-107605600.0,0.0,0.0,0.0,0.0,0.0,0.0,0.0,0.0,0.0,0.0,0.0,0.0,0.0,0.0,0.0,0.0,0.0,0.0,0.0,0.0,0.0,-2.004,2.004,-2.004,0.0,0.0,0.0,0.0,4767.0,0.0,7303.0,-0.0,-0.0,0.0,2.7184312818759872e+23,0.0,0.0,0.0,0.0,77,-0.0,-0.0,0.0,0.0,0.0,0.0,0.0,0.0,0.0,0,0,0,0.0,0.0,0.0,0.0,0.0,0.0,0.0,0.0,0.0,0.0,0.0,0.0,0.0,0.0,0.0,0.0,0,-107875648.0,77,0.0,154,0.0,0.0,ERR,ERR,ERR,ERR,ERR,ERR,ERR,ERR,ERR,ERR,ERR,ERR,ERR,ERR,ERR,ERR,ERR,ERR,ERR,ERR,ERR,ERR,ERR,ERR,ERR,ERR,ERR,ERR,ERR,ERR,ERR,ERR,ERR,ERR,ERR,ERR,ERR,ERR,ERR,ERR,ERR,ERR,ERR,ERR,ERR,ERR,ERR,ERR,ERR,ERR,ERR,ERR,ERR,ERR,ERR,ERR,ERR,ERR,ERR,ERR,ERR,ERR,ERR,ERR,ERR,ERR,ERR,34.0,80.0,35,0.0,0.0,0.0,0.0,0.0,0.0,0.0,0.0,0.0,0.0,0.0,0.0,0.0,0.0,0.0,0.0,66.0,0,120,58,54,65476,0,300,0,0,8,20529,65476,0,0,57672,80.0,0.0,0.0,0.0,0.0,0.0
2026-06-18T02:14:56,ERR,ERR,ERR,ERR,ERR,ERR,ERR,ERR,ERR,ERR,ERR,ERR,ERR,ERR,ERR,ERR,ERR,ERR,ERR,ERR,ERR,ERR,ERR,ERR,ERR,ERR,ERR,ERR,ERR,ERR,ERR,ERR,ERR,ERR,ERR,ERR,ERR,ERR,ERR,ERR,ERR,ERR,ERR,ERR,ERR,ERR,ERR,ERR,ERR,ERR,ERR,ERR,ERR,ERR,ERR,ERR,ERR,ERR,ERR,ERR,ERR,ERR,ERR,ERR,ERR,ERR,ERR,ERR,ERR,ERR,ERR,ERR,ERR,ERR,ERR,ERR,ERR,ERR,ERR,ERR,ERR,ERR,ERR,ERR,ERR,ERR,ERR,ERR,ERR,ERR,ERR,ERR,ERR,ERR,ERR,ERR,ERR,ERR,ERR,ERR,ERR,ERR,ERR,ERR,ERR,ERR,ERR,ERR,ERR,ERR,ERR,ERR,ERR,ERR,ERR,ERR,ERR,ERR,ERR,ERR,ERR,ERR,ERR,ERR,ERR,-0.0,-0.0,0.0,-0.0,0.0,1.3936040501711995e+18,7.805,-0.0,0,0,4,48904,6720,14723890282496.0,100,0.0,0.0,0.0,-0.0,0.0,0,0,0,0,0.0,0,0,0,0,0,0,0,0,0,0,0,0,0,0,0,0,0,0,0,0,0,0,0,0,0,0,0,0,0,0,0,0,0,26,51,50,76,65476,0,300,0,0,8,21553,0.0,-107605600.0,0.0,0.0,0.0,0.0,0.0,0.0,0.0,0.0,0.0,0.0,0.0,0.0,0.0,0.0,0.0,0.0,0.0,0.0,0.0,0.0,0.0,-2.004,2.004,-2.004,0.0,0.0,0.0,0.0,4767.0,0.0,7303.0,-0.0,-0.0,0.0,2.7184312818759872e+23,0.0,0.0,0.0,0.0,77,-0.0,-0.0,0.0,0.0,0.0,0.0,0.0,0.0,0.0,0,0,0,0.0,0.0,0.0,0.0,0.0,0.0,0.0,0.0,0.0,0.0,0.0,0.0,0.0,0.0,0.0,0.0,0,-107875648.0,77,0.0,154,0.0,0.0,ERR,ERR,ERR,ERR,ERR,ERR,ERR,ERR,ERR,ERR,ERR,ERR,ERR,ERR,ERR,ERR,ERR,ERR,ERR,ERR,ERR,ERR,ERR,ERR,ERR,ERR,ERR,ERR,ERR,ERR,ERR,ERR,ERR,ERR,ERR,ERR,ERR,ERR,ERR,ERR,ERR,ERR,ERR,ERR,ERR,ERR,ERR,ERR,ERR,ERR,ERR,ERR,ERR,ERR,ERR,ERR,ERR,ERR,ERR,ERR,ERR,ERR,ERR,ERR,ERR,ERR,ERR,34.0,80.0,35,0.0,0.0,0.0,0.0,0.0,0.0,0.0,0.0,0.0,0.0,0.0,0.0,0.0,0.0,0.0,0.0,66.0,0,120,58,54,65476,0,300,0,0,8,20529,65476,0,0,57672,80.0,0.0,0.0,0.0,0.0,0.0
2026-06-18T02:14:57,ERR,ERR,ERR,ERR,ERR,ERR,ERR,ERR,ERR,ERR,ERR,ERR,ERR,ERR,ERR,ERR,ERR,ERR,ERR,ERR,ERR,ERR,ERR,ERR,ERR,ERR,ERR,ERR,ERR,ERR,ERR,ERR,ERR,ERR,ERR,ERR,ERR,ERR,ERR,ERR,ERR,ERR,ERR,ERR,ERR,ERR,ERR,ERR,ERR,ERR,ERR,ERR,ERR,ERR,ERR,ERR,ERR,ERR,ERR,ERR,ERR,ERR,ERR,ERR,ERR,ERR,ERR,ERR,ERR,ERR,ERR,ERR,ERR,ERR,ERR,ERR,ERR,ERR,ERR,ERR,ERR,ERR,ERR,ERR,ERR,ERR,ERR,ERR,ERR,ERR,ERR,ERR,ERR,ERR,ERR,ERR,ERR,ERR,ERR,ERR,ERR,ERR,ERR,ERR,ERR,ERR,ERR,ERR,ERR,ERR,ERR,ERR,ERR,ERR,ERR,ERR,ERR,ERR,ERR,ERR,ERR,ERR,ERR,ERR,ERR,-0.0,-0.0,0.0,-0.0,0.0,1.3936040501711995e+18,7.805,-0.0,0,0,4,48904,6720,14723890282496.0,100,0.0,0.0,0.0,-0.0,0.0,0,0,0,0,0.0,0,0,0,0,0,0,0,0,0,0,0,0,0,0,0,0,0,0,0,0,0,0,0,0,0,0,0,0,0,0,0,0,0,26,51,50,76,65476,0,300,0,0,8,21553,0.0,-107605600.0,0.0,0.0,0.0,0.0,0.0,0.0,0.0,0.0,0.0,0.0,0.0,0.0,0.0,0.0,0.0,0.0,0.0,0.0,0.0,0.0,0.0,-2.004,2.004,-2.004,0.0,0.0,0.0,0.0,4767.0,0.0,7303.0,-0.0,-0.0,0.0,2.7184312818759872e+23,0.0,0.0,0.0,0.0,77,-0.0,-0.0,0.0,0.0,0.0,0.0,0.0,0.0,0.0,0,0,0,0.0,0.0,0.0,0.0,0.0,0.0,0.0,0.0,0.0,0.0,0.0,0.0,0.0,0.0,0.0,0.0,0,-107875648.0,77,0.0,154,0.0,0.0,ERR,ERR,ERR,ERR,ERR,ERR,ERR,ERR,ERR,ERR,ERR,ERR,ERR,ERR,ERR,ERR,ERR,ERR,ERR,ERR,ERR,ERR,ERR,ERR,ERR,ERR,ERR,ERR,ERR,ERR,ERR,ERR,ERR,ERR,ERR,ERR,ERR,ERR,ERR,ERR,ERR,ERR,ERR,ERR,ERR,ERR,ERR,ERR,ERR,ERR,ERR,ERR,ERR,ERR,ERR,ERR,ERR,ERR,ERR,ERR,ERR,ERR,ERR,ERR,ERR,ERR,ERR,34.0,80.0,35,0.0,0.0,0.0,0.0,0.0,0.0,0.0,0.0,0.0,0.0,0.0,0.0,0.0,0.0,0.0,0.0,66.0,0,120,58,54,65476,0,300,0,0,8,20529,65476,0,0,57672,80.0,0.0,0.0,0.0,0.0,0.0
2026-06-18T02:14:58,ERR,ERR,ERR,ERR,ERR,ERR,ERR,ERR,ERR,ERR,ERR,ERR,ERR,ERR,ERR,ERR,ERR,ERR,ERR,ERR,ERR,ERR,ERR,ERR,ERR,ERR,ERR,ERR,ERR,ERR,ERR,ERR,ERR,ERR,ERR,ERR,ERR,ERR,ERR,ERR,ERR,ERR,ERR,ERR,ERR,ERR,ERR,ERR,ERR,ERR,ERR,ERR,ERR,ERR,ERR,ERR,ERR,ERR,ERR,ERR,ERR,ERR,ERR,ERR,ERR,ERR,ERR,ERR,ERR,ERR,ERR,ERR,ERR,ERR,ERR,ERR,ERR,ERR,ERR,ERR,ERR,ERR,ERR,ERR,ERR,ERR,ERR,ERR,ERR,ERR,ERR,ERR,ERR,ERR,ERR,ERR,ERR,ERR,ERR,ERR,ERR,ERR,ERR,ERR,ERR,ERR,ERR,ERR,ERR,ERR,ERR,ERR,ERR,ERR,ERR,ERR,ERR,ERR,ERR,ERR,ERR,ERR,ERR,ERR,ERR,-0.0,-0.0,0.0,-0.0,0.0,1.3936040501711995e+18,7.805,-0.0,0,0,4,48904,6720,14723890282496.0,100,0.0,0.0,0.0,-0.0,0.0,0,0,0,0,0.0,0,0,0,0,0,0,0,0,0,0,0,0,0,0,0,0,0,0,0,0,0,0,0,0,0,0,0,0,0,0,0,0,0,26,51,50,76,65476,0,300,0,0,8,21553,0.0,-107605600.0,0.0,0.0,0.0,0.0,0.0,0.0,0.0,0.0,0.0,0.0,0.0,0.0,0.0,0.0,0.0,0.0,0.0,0.0,0.0,0.0,0.0,-2.004,2.004,-2.004,0.0,0.0,0.0,0.0,4767.0,0.0,7303.0,-0.0,-0.0,0.0,2.7184312818759872e+23,0.0,0.0,0.0,0.0,77,-0.0,-0.0,0.0,0.0,0.0,0.0,0.0,0.0,0.0,0,0,0,0.0,0.0,0.0,0.0,0.0,0.0,0.0,0.0,0.0,0.0,0.0,0.0,0.0,0.0,0.0,0.0,0,-107875648.0,77,0.0,154,0.0,0.0,ERR,ERR,ERR,ERR,ERR,ERR,ERR,ERR,ERR,ERR,ERR,ERR,ERR,ERR,ERR,ERR,ERR,ERR,ERR,ERR,ERR,ERR,ERR,ERR,ERR,ERR,ERR,ERR,ERR,ERR,ERR,ERR,ERR,ERR,ERR,ERR,ERR,ERR,ERR,ERR,ERR,ERR,ERR,ERR,ERR,ERR,ERR,ERR,ERR,ERR,ERR,ERR,ERR,ERR,ERR,ERR,ERR,ERR,ERR,ERR,ERR,ERR,ERR,ERR,ERR,ERR,ERR,34.0,80.0,35,0.0,0.0,0.0,0.0,0.0,0.0,0.0,0.0,0.0,0.0,0.0,0.0,0.0,0.0,0.0,0.0,66.4,0,120,58,54,65476,0,300,0,0,8,20529,65476,0,0,57672,80.0,0.0,0.0,0.0,0.0,0.0
2026-06-18T02:14:59,ERR,ERR,ERR,ERR,ERR,ERR,ERR,ERR,ERR,ERR,ERR,ERR,ERR,ERR,ERR,ERR,ERR,ERR,ERR,ERR,ERR,ERR,ERR,ERR,ERR,ERR,ERR,ERR,ERR,ERR,ERR,ERR,ERR,ERR,ERR,ERR,ERR,ERR,ERR,ERR,ERR,ERR,ERR,ERR,ERR,ERR,ERR,ERR,ERR,ERR,ERR,ERR,ERR,ERR,ERR,ERR,ERR,ERR,ERR,ERR,ERR,ERR,ERR,ERR,ERR,ERR,ERR,ERR,ERR,ERR,ERR,ERR,ERR,ERR,ERR,ERR,ERR,ERR,ERR,ERR,ERR,ERR,ERR,ERR,ERR,ERR,ERR,ERR,ERR,ERR,ERR,ERR,ERR,ERR,ERR,ERR,ERR,ERR,ERR,ERR,ERR,ERR,ERR,ERR,ERR,ERR,ERR,ERR,ERR,ERR,ERR,ERR,ERR,ERR,ERR,ERR,ERR,ERR,ERR,ERR,ERR,ERR,ERR,ERR,ERR,-0.0,-0.0,0.0,-0.0,0.0,1.3936040501711995e+18,7.805,-0.0,0,0,4,48904,6720,14723890282496.0,100,0.0,0.0,0.0,-0.0,0.0,0,0,0,0,0.0,0,0,0,0,0,0,0,0,0,0,0,0,0,0,0,0,0,0,0,0,0,0,0,0,0,0,0,0,0,0,0,0,0,26,51,50,76,65476,0,300,0,0,8,21553,0.0,-107605600.0,0.0,0.0,0.0,0.0,0.0,0.0,0.0,0.0,0.0,0.0,0.0,0.0,0.0,0.0,0.0,0.0,0.0,0.0,0.0,0.0,0.0,-2.004,2.004,-2.004,0.0,0.0,0.0,0.0,4767.0,0.0,7303.0,-0.0,-0.0,0.0,2.7184312818759872e+23,0.0,0.0,0.0,0.0,77,-0.0,-0.0,0.0,0.0,0.0,0.0,0.0,0.0,0.0,0,0,0,0.0,0.0,0.0,0.0,0.0,0.0,0.0,0.0,0.0,0.0,0.0,0.0,0.0,0.0,0.0,0.0,0,-107875648.0,77,0.0,154,0.0,0.0,ERR,ERR,ERR,ERR,ERR,ERR,ERR,ERR,ERR,ERR,ERR,ERR,ERR,ERR,ERR,ERR,ERR,ERR,ERR,ERR,ERR,ERR,ERR,ERR,ERR,ERR,ERR,ERR,ERR,ERR,ERR,ERR,ERR,ERR,ERR,ERR,ERR,ERR,ERR,ERR,ERR,ERR,ERR,ERR,ERR,ERR,ERR,ERR,ERR,ERR,ERR,ERR,ERR,ERR,ERR,ERR,ERR,ERR,ERR,ERR,ERR,ERR,ERR,ERR,ERR,ERR,ERR,34.0,80.0,35,0.0,0.0,0.0,0.0,0.0,0.0,0.0,0.0,0.0,0.0,0.0,0.0,0.0,0.0,0.0,0.0,66.4,0,120,58,54,65476,0,300,0,0,8,20529,65476,0,0,57672,80.0,0.0,0.0,0.0,0.0,0.0
2026-06-18T02:15:00,ERR,ERR,ERR,ERR,ERR,ERR,ERR,ERR,ERR,ERR,ERR,ERR,ERR,ERR,ERR,ERR,ERR,ERR,ERR,ERR,ERR,ERR,ERR,ERR,ERR,ERR,ERR,ERR,ERR,ERR,ERR,ERR,ERR,ERR,ERR,ERR,ERR,ERR,ERR,ERR,ERR,ERR,ERR,ERR,ERR,ERR,ERR,ERR,ERR,ERR,ERR,ERR,ERR,ERR,ERR,ERR,ERR,ERR,ERR,ERR,ERR,ERR,ERR,ERR,ERR,ERR,ERR,ERR,ERR,ERR,ERR,ERR,ERR,ERR,ERR,ERR,ERR,ERR,ERR,ERR,ERR,ERR,ERR,ERR,ERR,ERR,ERR,ERR,ERR,ERR,ERR,ERR,ERR,ERR,ERR,ERR,ERR,ERR,ERR,ERR,ERR,ERR,ERR,ERR,ERR,ERR,ERR,ERR,ERR,ERR,ERR,ERR,ERR,ERR,ERR,ERR,ERR,ERR,ERR,ERR,ERR,ERR,ERR,ERR,ERR,-0.0,-0.0,0.0,-0.0,2.012,1.3936040501711995e+18,7.805,-1.8245132555090963e+22,0,0,4,48902,6720,14723890282496.0,100,0.0,0.0,0.0,-0.0,0.0,0,0,0,0,0.0,0,0,0,0,0,0,0,0,0,0,0,0,0,0,0,0,0,0,0,0,0,0,0,0,0,0,0,0,0,0,0,0,0,26,51,50,76,65476,0,300,0,0,8,21553,0.0,-107605600.0,0.0,0.0,0.0,0.0,0.0,0.0,0.0,0.0,0.0,0.0,0.0,0.0,0.0,0.0,0.0,0.0,0.0,0.0,0.0,0.0,0.0,-2.004,2.004,-2.004,0.0,0.0,0.0,0.0,4739.0,2.004,7304.0,-0.0,-0.0,0.0,2.7184312818759872e+23,0.0,0.0,0.0,0.0,77,-0.0,-71.629,0.0,0.0,0.0,0.0,0.0,0.0,0.0,0,0,0,0.0,0.0,0.0,0.0,0.0,0.0,0.0,0.0,0.0,0.0,0.0,0.0,0.0,0.0,0.0,0.0,0,-107875648.0,77,0.0,154,0.0,0.0,ERR,ERR,ERR,ERR,ERR,ERR,ERR,ERR,ERR,ERR,ERR,ERR,ERR,ERR,ERR,ERR,ERR,ERR,ERR,ERR,ERR,ERR,ERR,ERR,ERR,ERR,ERR,ERR,ERR,ERR,ERR,ERR,ERR,ERR,ERR,ERR,ERR,ERR,ERR,ERR,ERR,ERR,ERR,ERR,ERR,ERR,ERR,ERR,ERR,ERR,ERR,ERR,ERR,ERR,ERR,ERR,ERR,ERR,ERR,ERR,ERR,ERR,ERR,ERR,ERR,ERR,ERR,34.0,80.0,35,0.0,0.0,0.0,0.0,0.0,0.0,0.0,0.0,0.0,0.0,0.0,0.0,0.0,0.0,0.0,0.0,66.4,0,120,58,54,65476,0,300,0,0,8,20529,65476,0,0,57672,80.0,0.0,0.0,0.0,0.0,0.0
2026-06-18T02:15:01,ERR,ERR,ERR,ERR,ERR,ERR,ERR,ERR,ERR,ERR,ERR,ERR,ERR,ERR,ERR,ERR,ERR,ERR,ERR,ERR,ERR,ERR,ERR,ERR,ERR,ERR,ERR,ERR,ERR,ERR,ERR,ERR,ERR,ERR,ERR,ERR,ERR,ERR,ERR,ERR,ERR,ERR,ERR,ERR,ERR,ERR,ERR,ERR,ERR,ERR,ERR,ERR,ERR,ERR,ERR,ERR,ERR,ERR,ERR,ERR,ERR,ERR,ERR,ERR,ERR,ERR,ERR,ERR,ERR,ERR,ERR,ERR,ERR,ERR,ERR,ERR,ERR,ERR,ERR,ERR,ERR,ERR,ERR,ERR,ERR,ERR,ERR,ERR,ERR,ERR,ERR,ERR,ERR,ERR,ERR,ERR,ERR,ERR,ERR,ERR,ERR,ERR,ERR,ERR,ERR,ERR,ERR,ERR,ERR,ERR,ERR,ERR,ERR,ERR,ERR,ERR,ERR,ERR,ERR,ERR,ERR,ERR,ERR,ERR,ERR,-0.0,-0.0,0.0,-0.0,2.012,1.3936040501711995e+18,7.805,-1.8245132555090963e+22,0,0,4,48902,6720,14723890282496.0,100,0.0,0.0,0.0,-0.0,0.0,0,0,0,0,0.0,0,0,0,0,0,0,0,0,0,0,0,0,0,0,0,0,0,0,0,0,0,0,0,0,0,0,0,0,0,0,0,0,0,26,51,50,76,65476,0,300,0,0,8,21553,0.0,-107605600.0,0.0,0.0,0.0,0.0,0.0,0.0,0.0,0.0,0.0,0.0,0.0,0.0,0.0,0.0,0.0,0.0,0.0,0.0,0.0,0.0,0.0,-2.004,2.004,-2.004,0.0,0.0,0.0,0.0,4739.0,2.004,7304.0,-0.0,-0.0,0.0,2.7184312818759872e+23,0.0,0.0,0.0,0.0,77,-0.0,-71.629,0.0,0.0,0.0,0.0,0.0,0.0,0.0,0,0,0,0.0,0.0,0.0,0.0,0.0,0.0,0.0,0.0,0.0,0.0,0.0,0.0,0.0,0.0,0.0,0.0,0,-107875648.0,77,0.0,154,0.0,0.0,ERR,ERR,ERR,ERR,ERR,ERR,ERR,ERR,ERR,ERR,ERR,ERR,ERR,ERR,ERR,ERR,ERR,ERR,ERR,ERR,ERR,ERR,ERR,ERR,ERR,ERR,ERR,ERR,ERR,ERR,ERR,ERR,ERR,ERR,ERR,ERR,ERR,ERR,ERR,ERR,ERR,ERR,ERR,ERR,ERR,ERR,ERR,ERR,ERR,ERR,ERR,ERR,ERR,ERR,ERR,ERR,ERR,ERR,ERR,ERR,ERR,ERR,ERR,ERR,ERR,ERR,ERR,34.0,80.0,35,0.0,0.0,0.0,0.0,0.0,0.0,0.0,0.0,0.0,0.0,0.0,0.0,0.0,0.0,0.0,0.0,66.4,0,120,58,54,65476,0,300,0,0,8,20529,65476,0,0,57672,80.0,0.0,0.0,0.0,0.0,0.0
2026-06-18T02:15:02,ERR,ERR,ERR,ERR,ERR,ERR,ERR,ERR,ERR,ERR,ERR,ERR,ERR,ERR,ERR,ERR,ERR,ERR,ERR,ERR,ERR,ERR,ERR,ERR,ERR,ERR,ERR,ERR,ERR,ERR,ERR,ERR,ERR,ERR,ERR,ERR,ERR,ERR,ERR,ERR,ERR,ERR,ERR,ERR,ERR,ERR,ERR,ERR,ERR,ERR,ERR,ERR,ERR,ERR,ERR,ERR,ERR,ERR,ERR,ERR,ERR,ERR,ERR,ERR,ERR,ERR,ERR,ERR,ERR,ERR,ERR,ERR,ERR,ERR,ERR,ERR,ERR,ERR,ERR,ERR,ERR,ERR,ERR,ERR,ERR,ERR,ERR,ERR,ERR,ERR,ERR,ERR,ERR,ERR,ERR,ERR,ERR,ERR,ERR,ERR,ERR,ERR,ERR,ERR,ERR,ERR,ERR,ERR,ERR,ERR,ERR,ERR,ERR,ERR,ERR,ERR,ERR,ERR,ERR,ERR,ERR,ERR,ERR,ERR,ERR,-0.0,-0.0,0.0,-0.0,2.012,1.3936040501711995e+18,7.805,-1.8245132555090963e+22,0,0,4,48902,6720,14723890282496.0,100,0.0,0.0,0.0,-0.0,0.0,0,0,0,0,0.0,0,0,0,0,0,0,0,0,0,0,0,0,0,0,0,0,0,0,0,0,0,0,0,0,0,0,0,0,0,0,0,0,0,26,51,50,76,65476,0,300,0,0,8,21553,0.0,-107605600.0,0.0,0.0,0.0,0.0,0.0,0.0,0.0,0.0,0.0,0.0,0.0,0.0,0.0,0.0,0.0,0.0,0.0,0.0,0.0,0.0,0.0,-2.004,2.004,-2.004,0.0,0.0,0.0,0.0,4739.0,2.004,7304.0,-0.0,-0.0,0.0,2.7184312818759872e+23,0.0,0.0,0.0,0.0,77,-0.0,-71.629,0.0,0.0,0.0,0.0,0.0,0.0,0.0,0,0,0,0.0,0.0,0.0,0.0,0.0,0.0,0.0,0.0,0.0,0.0,0.0,0.0,0.0,0.0,0.0,0.0,0,-107875648.0,77,0.0,154,0.0,0.0,ERR,ERR,ERR,ERR,ERR,ERR,ERR,ERR,ERR,ERR,ERR,ERR,ERR,ERR,ERR,ERR,ERR,ERR,ERR,ERR,ERR,ERR,ERR,ERR,ERR,ERR,ERR,ERR,ERR,ERR,ERR,ERR,ERR,ERR,ERR,ERR,ERR,ERR,ERR,ERR,ERR,ERR,ERR,ERR,ERR,ERR,ERR,ERR,ERR,ERR,ERR,ERR,ERR,ERR,ERR,ERR,ERR,ERR,ERR,ERR,ERR,ERR,ERR,ERR,ERR,ERR,ERR,34.0,80.0,35,0.0,0.0,0.0,0.0,0.0,0.0,0.0,0.0,0.0,0.0,0.0,0.0,0.0,0.0,0.0,0.0,66.0,0,120,58,54,65476,0,300,0,0,8,20529,65476,0,0,57672,80.0,0.0,0.0,0.0,0.0,0.0
2026-06-18T02:15:03,ERR,ERR,ERR,ERR,ERR,ERR,ERR,ERR,ERR,ERR,ERR,ERR,ERR,ERR,ERR,ERR,ERR,ERR,ERR,ERR,ERR,ERR,ERR,ERR,ERR,ERR,ERR,ERR,ERR,ERR,ERR,ERR,ERR,ERR,ERR,ERR,ERR,ERR,ERR,ERR,ERR,ERR,ERR,ERR,ERR,ERR,ERR,ERR,ERR,ERR,ERR,ERR,ERR,ERR,ERR,ERR,ERR,ERR,ERR,ERR,ERR,ERR,ERR,ERR,ERR,ERR,ERR,ERR,ERR,ERR,ERR,ERR,ERR,ERR,ERR,ERR,ERR,ERR,ERR,ERR,ERR,ERR,ERR,ERR,ERR,ERR,ERR,ERR,ERR,ERR,ERR,ERR,ERR,ERR,ERR,ERR,ERR,ERR,ERR,ERR,ERR,ERR,ERR,ERR,ERR,ERR,ERR,ERR,ERR,ERR,ERR,ERR,ERR,ERR,ERR,ERR,ERR,ERR,ERR,ERR,ERR,ERR,ERR,ERR,ERR,-0.0,-0.0,0.0,-0.0,2.012,1.3936040501711995e+18,7.805,-1.8245132555090963e+22,0,0,4,48902,6720,14723890282496.0,100,0.0,0.0,0.0,-0.0,0.0,0,0,0,0,0.0,0,0,0,0,0,0,0,0,0,0,0,0,0,0,0,0,0,0,0,0,0,0,0,0,0,0,0,0,0,0,0,0,0,26,51,50,76,65476,0,300,0,0,8,21553,0.0,-107605600.0,0.0,0.0,0.0,0.0,0.0,0.0,0.0,0.0,0.0,0.0,0.0,0.0,0.0,0.0,0.0,0.0,0.0,0.0,0.0,0.0,0.0,-2.004,2.004,-2.004,0.0,0.0,0.0,0.0,4739.0,2.004,7304.0,-0.0,-0.0,0.0,2.7184312818759872e+23,0.0,0.0,0.0,0.0,77,-0.0,-71.629,0.0,0.0,0.0,0.0,0.0,0.0,0.0,0,0,0,0.0,0.0,0.0,0.0,0.0,0.0,0.0,0.0,0.0,0.0,0.0,0.0,0.0,0.0,0.0,0.0,0,-107875648.0,77,0.0,154,0.0,0.0,ERR,ERR,ERR,ERR,ERR,ERR,ERR,ERR,ERR,ERR,ERR,ERR,ERR,ERR,ERR,ERR,ERR,ERR,ERR,ERR,ERR,ERR,ERR,ERR,ERR,ERR,ERR,ERR,ERR,ERR,ERR,ERR,ERR,ERR,ERR,ERR,ERR,ERR,ERR,ERR,ERR,ERR,ERR,ERR,ERR,ERR,ERR,ERR,ERR,ERR,ERR,ERR,ERR,ERR,ERR,ERR,ERR,ERR,ERR,ERR,ERR,ERR,ERR,ERR,ERR,ERR,ERR,34.0,80.0,35,0.0,0.0,0.0,0.0,0.0,0.0,0.0,0.0,0.0,0.0,0.0,0.0,0.0,0.0,0.0,0.0,66.0,0,120,58,54,65476,0,300,0,0,8,20529,65476,0,0,57672,80.0,0.0,0.0,0.0,0.0,0.0
2026-06-18T02:15:04,ERR,ERR,ERR,ERR,ERR,ERR,ERR,ERR,ERR,ERR,ERR,ERR,ERR,ERR,ERR,ERR,ERR,ERR,ERR,ERR,ERR,ERR,ERR,ERR,ERR,ERR,ERR,ERR,ERR,ERR,ERR,ERR,ERR,ERR,ERR,ERR,ERR,ERR,ERR,ERR,ERR,ERR,ERR,ERR,ERR,ERR,ERR,ERR,ERR,ERR,ERR,ERR,ERR,ERR,ERR,ERR,ERR,ERR,ERR,ERR,ERR,ERR,ERR,ERR,ERR,ERR,ERR,ERR,ERR,ERR,ERR,ERR,ERR,ERR,ERR,ERR,ERR,ERR,ERR,ERR,ERR,ERR,ERR,ERR,ERR,ERR,ERR,ERR,ERR,ERR,ERR,ERR,ERR,ERR,ERR,ERR,ERR,ERR,ERR,ERR,ERR,ERR,ERR,ERR,ERR,ERR,ERR,ERR,ERR,ERR,ERR,ERR,ERR,ERR,ERR,ERR,ERR,ERR,ERR,ERR,ERR,ERR,ERR,ERR,ERR,-0.0,-0.0,0.0,-0.0,2.012,1.3936040501711995e+18,7.805,-1.8245132555090963e+22,0,0,4,48902,6720,14723890282496.0,100,0.0,0.0,0.0,-0.0,0.0,0,0,0,0,0.0,0,0,0,0,0,0,0,0,0,0,0,0,0,0,0,0,0,0,0,0,0,0,0,0,0,0,0,0,0,0,0,0,0,26,51,50,76,65476,0,300,0,0,8,21553,0.0,-107605600.0,0.0,0.0,0.0,0.0,0.0,0.0,0.0,0.0,0.0,0.0,0.0,0.0,0.0,0.0,0.0,0.0,0.0,0.0,0.0,0.0,0.0,-2.004,2.004,-2.004,0.0,0.0,0.0,0.0,4739.0,2.004,7304.0,-0.0,-0.0,0.0,2.7184312818759872e+23,0.0,0.0,0.0,0.0,77,-0.0,-71.629,0.0,0.0,0.0,0.0,0.0,0.0,0.0,0,0,0,0.0,0.0,0.0,0.0,0.0,0.0,0.0,0.0,0.0,0.0,0.0,0.0,0.0,0.0,0.0,0.0,0,-107875648.0,77,0.0,154,0.0,0.0,ERR,ERR,ERR,ERR,ERR,ERR,ERR,ERR,ERR,ERR,ERR,ERR,ERR,ERR,ERR,ERR,ERR,ERR,ERR,ERR,ERR,ERR,ERR,ERR,ERR,ERR,ERR,ERR,ERR,ERR,ERR,ERR,ERR,ERR,ERR,ERR,ERR,ERR,ERR,ERR,ERR,ERR,ERR,ERR,ERR,ERR,ERR,ERR,ERR,ERR,ERR,ERR,ERR,ERR,ERR,ERR,ERR,ERR,ERR,ERR,ERR,ERR,ERR,ERR,ERR,ERR,ERR,34.0,80.0,35,0.0,0.0,0.0,0.0,0.0,0.0,0.0,0.0,0.0,0.0,0.0,0.0,0.0,0.0,0.0,0.0,66.0,0,120,58,54,65476,0,300,0,0,8,20529,65476,0,0,57672,80.0,0.0,0.0,0.0,0.0,0.0
2026-06-18T02:15:05,ERR,ERR,ERR,ERR,ERR,ERR,ERR,ERR,ERR,ERR,ERR,ERR,ERR,ERR,ERR,ERR,ERR,ERR,ERR,ERR,ERR,ERR,ERR,ERR,ERR,ERR,ERR,ERR,ERR,ERR,ERR,ERR,ERR,ERR,ERR,ERR,ERR,ERR,ERR,ERR,ERR,ERR,ERR,ERR,ERR,ERR,ERR,ERR,ERR,ERR,ERR,ERR,ERR,ERR,ERR,ERR,ERR,ERR,ERR,ERR,ERR,ERR,ERR,ERR,ERR,ERR,ERR,ERR,ERR,ERR,ERR,ERR,ERR,ERR,ERR,ERR,ERR,ERR,ERR,ERR,ERR,ERR,ERR,ERR,ERR,ERR,ERR,ERR,ERR,ERR,ERR,ERR,ERR,ERR,ERR,ERR,ERR,ERR,ERR,ERR,ERR,ERR,ERR,ERR,ERR,ERR,ERR,ERR,ERR,ERR,ERR,ERR,ERR,ERR,ERR,ERR,ERR,ERR,ERR,ERR,ERR,ERR,ERR,ERR,ERR,-0.0,-0.0,0.0,-0.0,2.012,1.3936040501711995e+18,7.805,-1.8245132555090963e+22,0,0,4,48902,6720,14723890282496.0,100,0.0,0.0,0.0,-0.0,0.0,0,0,0,0,0.0,0,0,0,0,0,0,0,0,0,0,0,0,0,0,0,0,0,0,0,0,0,0,0,0,0,0,0,0,0,0,0,0,0,26,51,50,76,65476,0,300,0,0,8,21553,0.0,-107605600.0,0.0,0.0,0.0,0.0,0.0,0.0,0.0,0.0,0.0,0.0,0.0,0.0,0.0,0.0,0.0,0.0,0.0,0.0,0.0,0.0,0.0,-2.004,2.004,-2.004,0.0,0.0,0.0,0.0,4739.0,2.004,7304.0,-0.0,-0.0,0.0,2.7184312818759872e+23,0.0,0.0,0.0,0.0,77,-0.0,-71.629,0.0,0.0,0.0,0.0,0.0,0.0,0.0,0,0,0,0.0,0.0,0.0,0.0,0.0,0.0,0.0,0.0,0.0,0.0,0.0,0.0,0.0,0.0,0.0,0.0,0,-107875648.0,77,0.0,154,0.0,0.0,ERR,ERR,ERR,ERR,ERR,ERR,ERR,ERR,ERR,ERR,ERR,ERR,ERR,ERR,ERR,ERR,ERR,ERR,ERR,ERR,ERR,ERR,ERR,ERR,ERR,ERR,ERR,ERR,ERR,ERR,ERR,ERR,ERR,ERR,ERR,ERR,ERR,ERR,ERR,ERR,ERR,ERR,ERR,ERR,ERR,ERR,ERR,ERR,ERR,ERR,ERR,ERR,ERR,ERR,ERR,ERR,ERR,ERR,ERR,ERR,ERR,ERR,ERR,ERR,ERR,ERR,ERR,34.0,80.0,35,0.0,0.0,0.0,0.0,0.0,0.0,0.0,0.0,0.0,0.0,0.0,0.0,0.0,0.0,0.0,0.0,66.4,0,120,58,54,65476,0,300,0,0,8,20529,65476,0,0,57672,80.0,0.0,0.0,0.0,0.0,0.0
2026-06-18T02:15:06,ERR,ERR,ERR,ERR,ERR,ERR,ERR,ERR,ERR,ERR,ERR,ERR,ERR,ERR,ERR,ERR,ERR,ERR,ERR,ERR,ERR,ERR,ERR,ERR,ERR,ERR,ERR,ERR,ERR,ERR,ERR,ERR,ERR,ERR,ERR,ERR,ERR,ERR,ERR,ERR,ERR,ERR,ERR,ERR,ERR,ERR,ERR,ERR,ERR,ERR,ERR,ERR,ERR,ERR,ERR,ERR,ERR,ERR,ERR,ERR,ERR,ERR,ERR,ERR,ERR,ERR,ERR,ERR,ERR,ERR,ERR,ERR,ERR,ERR,ERR,ERR,ERR,ERR,ERR,ERR,ERR,ERR,ERR,ERR,ERR,ERR,ERR,ERR,ERR,ERR,ERR,ERR,ERR,ERR,ERR,ERR,ERR,ERR,ERR,ERR,ERR,ERR,ERR,ERR,ERR,ERR,ERR,ERR,ERR,ERR,ERR,ERR,ERR,ERR,ERR,ERR,ERR,ERR,ERR,ERR,ERR,ERR,ERR,ERR,ERR,-0.0,-0.0,0.0,-0.0,2.012,1.3936040501711995e+18,7.805,-1.8245132555090963e+22,0,0,4,48902,6720,14723890282496.0,100,0.0,0.0,0.0,0.0,0.0,0,0,0,0,0.0,0,0,0,0,0,0,0,0,0,0,0,0,0,0,0,0,0,0,0,0,0,0,0,0,0,0,0,0,0,0,0,0,0,26,51,50,76,65476,0,300,0,0,8,21553,0.0,-107605600.0,0.0,0.0,0.0,0.0,0.0,0.0,0.0,0.0,0.0,0.0,0.0,0.0,0.0,0.0,0.0,0.0,0.0,0.0,0.0,0.0,0.0,-2.004,2.004,-2.004,0.0,0.0,0.0,0.0,4765.0,-0.0,7312.0,-0.0,-0.0,0.0,2.7184312818759872e+23,0.0,0.0,0.0,0.0,77,-0.0,0.0,0.0,0.0,0.0,0.0,0.0,0.0,0.0,0,0,0,0.0,0.0,0.0,0.0,0.0,0.0,0.0,0.0,0.0,0.0,0.0,0.0,0.0,0.0,0.0,0.0,0,-107875648.0,77,0.0,154,0.0,-0.0,ERR,ERR,ERR,ERR,ERR,ERR,ERR,ERR,ERR,ERR,ERR,ERR,ERR,ERR,ERR,ERR,ERR,ERR,ERR,ERR,ERR,ERR,ERR,ERR,ERR,ERR,ERR,ERR,ERR,ERR,ERR,ERR,ERR,ERR,ERR,ERR,ERR,ERR,ERR,ERR,ERR,ERR,ERR,ERR,ERR,ERR,ERR,ERR,ERR,ERR,ERR,ERR,ERR,ERR,ERR,ERR,ERR,ERR,ERR,ERR,ERR,ERR,ERR,ERR,ERR,ERR,ERR,34.0,80.0,35,0.0,0.0,0.0,0.0,0.0,0.0,0.0,0.0,0.0,0.0,0.0,0.0,0.0,0.0,0.0,0.0,66.4,0,120,58,54,65476,0,300,0,0,8,20529,65476,0,0,57672,80.0,0.0,0.0,0.0,0.0,0.0
2026-06-18T02:15:07,ERR,ERR,ERR,ERR,ERR,ERR,ERR,ERR,ERR,ERR,ERR,ERR,ERR,ERR,ERR,ERR,ERR,ERR,ERR,ERR,ERR,ERR,ERR,ERR,ERR,ERR,ERR,ERR,ERR,ERR,ERR,ERR,ERR,ERR,ERR,ERR,ERR,ERR,ERR,ERR,ERR,ERR,ERR,ERR,ERR,ERR,ERR,ERR,ERR,ERR,ERR,ERR,ERR,ERR,ERR,ERR,ERR,ERR,ERR,ERR,ERR,ERR,ERR,ERR,ERR,ERR,ERR,ERR,ERR,ERR,ERR,ERR,ERR,ERR,ERR,ERR,ERR,ERR,ERR,ERR,ERR,ERR,ERR,ERR,ERR,ERR,ERR,ERR,ERR,ERR,ERR,ERR,ERR,ERR,ERR,ERR,ERR,ERR,ERR,ERR,ERR,ERR,ERR,ERR,ERR,ERR,ERR,ERR,ERR,ERR,ERR,ERR,ERR,ERR,ERR,ERR,ERR,ERR,ERR,ERR,ERR,ERR,ERR,ERR,ERR,-0.0,-0.0,0.0,-0.0,2.012,1.3936040501711995e+18,7.805,-1.8245132555090963e+22,0,0,4,48902,6720,14723890282496.0,100,0.0,0.0,0.0,0.0,0.0,0,0,0,0,0.0,0,0,0,0,0,0,0,0,0,0,0,0,0,0,0,0,0,0,0,0,0,0,0,0,0,0,0,0,0,0,0,0,0,26,51,50,76,65476,0,300,0,0,8,21553,0.0,-107605600.0,0.0,0.0,0.0,0.0,0.0,0.0,0.0,0.0,0.0,0.0,0.0,0.0,0.0,0.0,0.0,0.0,0.0,0.0,0.0,0.0,0.0,-2.004,2.004,-2.004,0.0,0.0,0.0,0.0,4765.0,-0.0,7312.0,-0.0,-0.0,0.0,2.7184312818759872e+23,0.0,0.0,0.0,0.0,77,-0.0,0.0,0.0,0.0,0.0,0.0,0.0,0.0,0.0,0,0,0,0.0,0.0,0.0,0.0,0.0,0.0,0.0,0.0,0.0,0.0,0.0,0.0,0.0,0.0,0.0,0.0,0,-107875648.0,77,0.0,154,0.0,-0.0,ERR,ERR,ERR,ERR,ERR,ERR,ERR,ERR,ERR,ERR,ERR,ERR,ERR,ERR,ERR,ERR,ERR,ERR,ERR,ERR,ERR,ERR,ERR,ERR,ERR,ERR,ERR,ERR,ERR,ERR,ERR,ERR,ERR,ERR,ERR,ERR,ERR,ERR,ERR,ERR,ERR,ERR,ERR,ERR,ERR,ERR,ERR,ERR,ERR,ERR,ERR,ERR,ERR,ERR,ERR,ERR,ERR,ERR,ERR,ERR,ERR,ERR,ERR,ERR,ERR,ERR,ERR,34.0,80.0,35,0.0,0.0,0.0,0.0,0.0,0.0,0.0,0.0,0.0,0.0,0.0,0.0,0.0,0.0,0.0,0.0,66.0,0,120,58,54,65476,0,300,0,0,8,20529,65476,0,0,57672,80.0,0.0,0.0,0.0,0.0,0.0
2026-06-18T02:15:08,ERR,ERR,ERR,ERR,ERR,ERR,ERR,ERR,ERR,ERR,ERR,ERR,ERR,ERR,ERR,ERR,ERR,ERR,ERR,ERR,ERR,ERR,ERR,ERR,ERR,ERR,ERR,ERR,ERR,ERR,ERR,ERR,ERR,ERR,ERR,ERR,ERR,ERR,ERR,ERR,ERR,ERR,ERR,ERR,ERR,ERR,ERR,ERR,ERR,ERR,ERR,ERR,ERR,ERR,ERR,ERR,ERR,ERR,ERR,ERR,ERR,ERR,ERR,ERR,ERR,ERR,ERR,ERR,ERR,ERR,ERR,ERR,ERR,ERR,ERR,ERR,ERR,ERR,ERR,ERR,ERR,ERR,ERR,ERR,ERR,ERR,ERR,ERR,ERR,ERR,ERR,ERR,ERR,ERR,ERR,ERR,ERR,ERR,ERR,ERR,ERR,ERR,ERR,ERR,ERR,ERR,ERR,ERR,ERR,ERR,ERR,ERR,ERR,ERR,ERR,ERR,ERR,ERR,ERR,ERR,ERR,ERR,ERR,ERR,ERR,-0.0,-0.0,0.0,-0.0,2.012,1.3936040501711995e+18,7.805,-1.8245132555090963e+22,0,0,4,48902,6720,14723890282496.0,100,0.0,0.0,0.0,0.0,0.0,0,0,0,0,0.0,0,0,0,0,0,0,0,0,0,0,0,0,0,0,0,0,0,0,0,0,0,0,0,0,0,0,0,0,0,0,0,0,0,26,51,50,76,65476,0,300,0,0,8,21553,0.0,-107605600.0,0.0,0.0,0.0,0.0,0.0,0.0,0.0,0.0,0.0,0.0,0.0,0.0,0.0,0.0,0.0,0.0,0.0,0.0,0.0,0.0,0.0,-2.004,2.004,-2.004,0.0,0.0,0.0,0.0,4765.0,-0.0,7312.0,-0.0,-0.0,0.0,2.7184312818759872e+23,0.0,0.0,0.0,0.0,77,-0.0,0.0,0.0,0.0,0.0,0.0,0.0,0.0,0.0,0,0,0,0.0,0.0,0.0,0.0,0.0,0.0,0.0,0.0,0.0,0.0,0.0,0.0,0.0,0.0,0.0,0.0,0,-107875648.0,77,0.0,154,0.0,-0.0,ERR,ERR,ERR,ERR,ERR,ERR,ERR,ERR,ERR,ERR,ERR,ERR,ERR,ERR,ERR,ERR,ERR,ERR,ERR,ERR,ERR,ERR,ERR,ERR,ERR,ERR,ERR,ERR,ERR,ERR,ERR,ERR,ERR,ERR,ERR,ERR,ERR,ERR,ERR,ERR,ERR,ERR,ERR,ERR,ERR,ERR,ERR,ERR,ERR,ERR,ERR,ERR,ERR,ERR,ERR,ERR,ERR,ERR,ERR,ERR,ERR,ERR,ERR,ERR,ERR,ERR,ERR,34.0,80.0,35,0.0,0.0,0.0,0.0,0.0,0.0,0.0,0.0,0.0,0.0,0.0,0.0,0.0,0.0,0.0,0.0,66.0,0,120,58,54,65476,0,300,0,0,8,20529,65476,0,0,57672,80.0,0.0,0.0,0.0,0.0,0.0
2026-06-18T02:15:09,ERR,ERR,ERR,ERR,ERR,ERR,ERR,ERR,ERR,ERR,ERR,ERR,ERR,ERR,ERR,ERR,ERR,ERR,ERR,ERR,ERR,ERR,ERR,ERR,ERR,ERR,ERR,ERR,ERR,ERR,ERR,ERR,ERR,ERR,ERR,ERR,ERR,ERR,ERR,ERR,ERR,ERR,ERR,ERR,ERR,ERR,ERR,ERR,ERR,ERR,ERR,ERR,ERR,ERR,ERR,ERR,ERR,ERR,ERR,ERR,ERR,ERR,ERR,ERR,ERR,ERR,ERR,ERR,ERR,ERR,ERR,ERR,ERR,ERR,ERR,ERR,ERR,ERR,ERR,ERR,ERR,ERR,ERR,ERR,ERR,ERR,ERR,ERR,ERR,ERR,ERR,ERR,ERR,ERR,ERR,ERR,ERR,ERR,ERR,ERR,ERR,ERR,ERR,ERR,ERR,ERR,ERR,ERR,ERR,ERR,ERR,ERR,ERR,ERR,ERR,ERR,ERR,ERR,ERR,ERR,ERR,ERR,ERR,ERR,ERR,-0.0,-0.0,0.0,-0.0,2.012,1.3936040501711995e+18,7.805,-1.8245132555090963e+22,0,0,4,48902,6720,14723890282496.0,100,0.0,0.0,0.0,0.0,0.0,0,0,0,0,0.0,0,0,0,0,0,0,0,0,0,0,0,0,0,0,0,0,0,0,0,0,0,0,0,0,0,0,0,0,0,0,0,0,0,26,51,50,76,65476,0,300,0,0,8,21553,0.0,-107605600.0,0.0,0.0,0.0,0.0,0.0,0.0,0.0,0.0,0.0,0.0,0.0,0.0,0.0,0.0,0.0,0.0,0.0,0.0,0.0,0.0,0.0,-2.004,2.004,-2.004,0.0,0.0,0.0,0.0,4765.0,-0.0,7312.0,-0.0,-0.0,0.0,2.7184312818759872e+23,0.0,0.0,0.0,0.0,77,-0.0,0.0,0.0,0.0,0.0,0.0,0.0,0.0,0.0,0,0,0,0.0,0.0,0.0,0.0,0.0,0.0,0.0,0.0,0.0,0.0,0.0,0.0,0.0,0.0,0.0,0.0,0,-107875648.0,77,0.0,154,0.0,-0.0,ERR,ERR,ERR,ERR,ERR,ERR,ERR,ERR,ERR,ERR,ERR,ERR,ERR,ERR,ERR,ERR,ERR,ERR,ERR,ERR,ERR,ERR,ERR,ERR,ERR,ERR,ERR,ERR,ERR,ERR,ERR,ERR,ERR,ERR,ERR,ERR,ERR,ERR,ERR,ERR,ERR,ERR,ERR,ERR,ERR,ERR,ERR,ERR,ERR,ERR,ERR,ERR,ERR,ERR,ERR,ERR,ERR,ERR,ERR,ERR,ERR,ERR,ERR,ERR,ERR,ERR,ERR,34.0,80.0,35,0.0,0.0,0.0,0.0,0.0,0.0,0.0,0.0,0.0,0.0,0.0,0.0,0.0,0.0,0.0,0.0,66.4,0,120,58,54,65476,0,300,0,0,8,20529,65476,0,0,57672,80.0,0.0,0.0,0.0,0.0,0.0
2026-06-18T02:15:10,ERR,ERR,ERR,ERR,ERR,ERR,ERR,ERR,ERR,ERR,ERR,ERR,ERR,ERR,ERR,ERR,ERR,ERR,ERR,ERR,ERR,ERR,ERR,ERR,ERR,ERR,ERR,ERR,ERR,ERR,ERR,ERR,ERR,ERR,ERR,ERR,ERR,ERR,ERR,ERR,ERR,ERR,ERR,ERR,ERR,ERR,ERR,ERR,ERR,ERR,ERR,ERR,ERR,ERR,ERR,ERR,ERR,ERR,ERR,ERR,ERR,ERR,ERR,ERR,ERR,ERR,ERR,ERR,ERR,ERR,ERR,ERR,ERR,ERR,ERR,ERR,ERR,ERR,ERR,ERR,ERR,ERR,ERR,ERR,ERR,ERR,ERR,ERR,ERR,ERR,ERR,ERR,ERR,ERR,ERR,ERR,ERR,ERR,ERR,ERR,ERR,ERR,ERR,ERR,ERR,ERR,ERR,ERR,ERR,ERR,ERR,ERR,ERR,ERR,ERR,ERR,ERR,ERR,ERR,ERR,ERR,ERR,ERR,ERR,ERR,-0.0,-0.0,0.0,-0.0,2.012,1.3936040501711995e+18,7.805,-1.8245132555090963e+22,0,0,4,48902,6720,14723890282496.0,100,0.0,0.0,0.0,0.0,0.0,0,0,0,0,0.0,0,0,0,0,0,0,0,0,0,0,0,0,0,0,0,0,0,0,0,0,0,0,0,0,0,0,0,0,0,0,0,0,0,26,51,50,76,65476,0,300,0,0,8,21553,0.0,-107605600.0,0.0,0.0,0.0,0.0,0.0,0.0,0.0,0.0,0.0,0.0,0.0,0.0,0.0,0.0,0.0,0.0,0.0,0.0,0.0,0.0,0.0,-2.004,2.004,-2.004,0.0,0.0,0.0,0.0,4765.0,-0.0,7312.0,-0.0,-0.0,0.0,2.7184312818759872e+23,0.0,0.0,0.0,0.0,77,-0.0,0.0,0.0,0.0,0.0,0.0,0.0,0.0,0.0,0,0,0,0.0,0.0,0.0,0.0,0.0,0.0,0.0,0.0,0.0,0.0,0.0,0.0,0.0,0.0,0.0,0.0,0,-107875648.0,77,0.0,154,0.0,-0.0,ERR,ERR,ERR,ERR,ERR,ERR,ERR,ERR,ERR,ERR,ERR,ERR,ERR,ERR,ERR,ERR,ERR,ERR,ERR,ERR,ERR,ERR,ERR,ERR,ERR,ERR,ERR,ERR,ERR,ERR,ERR,ERR,ERR,ERR,ERR,ERR,ERR,ERR,ERR,ERR,ERR,ERR,ERR,ERR,ERR,ERR,ERR,ERR,ERR,ERR,ERR,ERR,ERR,ERR,ERR,ERR,ERR,ERR,ERR,ERR,ERR,ERR,ERR,ERR,ERR,ERR,ERR,34.0,80.0,35,0.0,0.0,0.0,0.0,0.0,0.0,0.0,0.0,0.0,0.0,0.0,0.0,0.0,0.0,0.0,0.0,66.4,0,120,58,54,65476,0,300,0,0,8,20529,65476,0,0,57672,80.0,0.0,0.0,0.0,0.0,0.0
2026-06-18T02:15:11,ERR,ERR,ERR,ERR,ERR,ERR,ERR,ERR,ERR,ERR,ERR,ERR,ERR,ERR,ERR,ERR,ERR,ERR,ERR,ERR,ERR,ERR,ERR,ERR,ERR,ERR,ERR,ERR,ERR,ERR,ERR,ERR,ERR,ERR,ERR,ERR,ERR,ERR,ERR,ERR,ERR,ERR,ERR,ERR,ERR,ERR,ERR,ERR,ERR,ERR,ERR,ERR,ERR,ERR,ERR,ERR,ERR,ERR,ERR,ERR,ERR,ERR,ERR,ERR,ERR,ERR,ERR,ERR,ERR,ERR,ERR,ERR,ERR,ERR,ERR,ERR,ERR,ERR,ERR,ERR,ERR,ERR,ERR,ERR,ERR,ERR,ERR,ERR,ERR,ERR,ERR,ERR,ERR,ERR,ERR,ERR,ERR,ERR,ERR,ERR,ERR,ERR,ERR,ERR,ERR,ERR,ERR,ERR,ERR,ERR,ERR,ERR,ERR,ERR,ERR,ERR,ERR,ERR,ERR,ERR,ERR,ERR,ERR,ERR,ERR,-0.0,-0.0,0.0,0.0,0.0,1.3936040501711995e+18,7.805,-0.0,0,0,4,48911,6720,14723890282496.0,100,0.0,0.0,0.0,0.0,0.0,0,0,0,0,0.0,0,0,0,0,0,0,0,0,0,0,0,0,0,0,0,0,0,0,0,0,0,0,0,0,0,0,0,0,0,0,0,0,0,26,51,50,76,65476,0,300,0,0,8,21553,0.0,-107605600.0,0.0,0.0,0.0,0.0,0.0,0.0,0.0,0.0,0.0,0.0,0.0,0.0,0.0,0.0,0.0,0.0,0.0,0.0,0.0,0.0,0.0,-2.004,2.004,-0.0,0.0,0.0,0.0,0.0,4736.0,1.0406643905049406e+34,7311.0,-0.0,-0.0,0.0,2.7184312818759872e+23,0.0,0.0,0.0,0.0,77,-0.0,0.0,0.0,0.0,0.0,0.0,0.0,0.0,0.0,0,0,0,0.0,0.0,0.0,0.0,0.0,0.0,0.0,0.0,0.0,0.0,0.0,0.0,0.0,0.0,0.0,0.0,0,-107875648.0,77,0.0,154,0.0,0.0,ERR,ERR,ERR,ERR,ERR,ERR,ERR,ERR,ERR,ERR,ERR,ERR,ERR,ERR,ERR,ERR,ERR,ERR,ERR,ERR,ERR,ERR,ERR,ERR,ERR,ERR,ERR,ERR,ERR,ERR,ERR,ERR,ERR,ERR,ERR,ERR,ERR,ERR,ERR,ERR,ERR,ERR,ERR,ERR,ERR,ERR,ERR,ERR,ERR,ERR,ERR,ERR,ERR,ERR,ERR,ERR,ERR,ERR,ERR,ERR,ERR,ERR,ERR,ERR,ERR,ERR,ERR,34.0,80.0,35,0.0,0.0,0.0,0.0,0.0,0.0,0.0,0.0,0.0,0.0,0.0,0.0,0.0,0.0,0.0,0.0,66.0,0,120,58,54,65476,0,300,0,0,8,20529,65476,0,0,57672,80.0,0.0,0.0,0.0,0.0,0.0
2026-06-18T02:15:12,ERR,ERR,ERR,ERR,ERR,ERR,ERR,ERR,ERR,ERR,ERR,ERR,ERR,ERR,ERR,ERR,ERR,ERR,ERR,ERR,ERR,ERR,ERR,ERR,ERR,ERR,ERR,ERR,ERR,ERR,ERR,ERR,ERR,ERR,ERR,ERR,ERR,ERR,ERR,ERR,ERR,ERR,ERR,ERR,ERR,ERR,ERR,ERR,ERR,ERR,ERR,ERR,ERR,ERR,ERR,ERR,ERR,ERR,ERR,ERR,ERR,ERR,ERR,ERR,ERR,ERR,ERR,ERR,ERR,ERR,ERR,ERR,ERR,ERR,ERR,ERR,ERR,ERR,ERR,ERR,ERR,ERR,ERR,ERR,ERR,ERR,ERR,ERR,ERR,ERR,ERR,ERR,ERR,ERR,ERR,ERR,ERR,ERR,ERR,ERR,ERR,ERR,ERR,ERR,ERR,ERR,ERR,ERR,ERR,ERR,ERR,ERR,ERR,ERR,ERR,ERR,ERR,ERR,ERR,ERR,ERR,ERR,ERR,ERR,ERR,-0.0,-0.0,0.0,0.0,0.0,1.3936040501711995e+18,7.805,-0.0,0,0,4,48911,6720,14723890282496.0,100,0.0,0.0,0.0,0.0,0.0,0,0,0,0,0.0,0,0,0,0,0,0,0,0,0,0,0,0,0,0,0,0,0,0,0,0,0,0,0,0,0,0,0,0,0,0,0,0,0,26,51,50,76,65476,0,300,0,0,8,21553,0.0,-107605600.0,0.0,0.0,0.0,0.0,0.0,0.0,0.0,0.0,0.0,0.0,0.0,0.0,0.0,0.0,0.0,0.0,0.0,0.0,0.0,0.0,0.0,-2.004,2.004,-0.0,0.0,0.0,0.0,0.0,4736.0,1.0406643905049406e+34,7311.0,-0.0,-0.0,0.0,2.7184312818759872e+23,0.0,0.0,0.0,0.0,77,-0.0,0.0,0.0,0.0,0.0,0.0,0.0,0.0,0.0,0,0,0,0.0,0.0,0.0,0.0,0.0,0.0,0.0,0.0,0.0,0.0,0.0,0.0,0.0,0.0,0.0,0.0,0,-107875648.0,77,0.0,154,0.0,0.0,ERR,ERR,ERR,ERR,ERR,ERR,ERR,ERR,ERR,ERR,ERR,ERR,ERR,ERR,ERR,ERR,ERR,ERR,ERR,ERR,ERR,ERR,ERR,ERR,ERR,ERR,ERR,ERR,ERR,ERR,ERR,ERR,ERR,ERR,ERR,ERR,ERR,ERR,ERR,ERR,ERR,ERR,ERR,ERR,ERR,ERR,ERR,ERR,ERR,ERR,ERR,ERR,ERR,ERR,ERR,ERR,ERR,ERR,ERR,ERR,ERR,ERR,ERR,ERR,ERR,ERR,ERR,34.0,80.0,35,0.0,0.0,0.0,0.0,0.0,0.0,0.0,0.0,0.0,0.0,0.0,0.0,0.0,0.0,0.0,0.0,66.0,0,120,58,54,65476,0,300,0,0,8,20529,65476,0,0,57672,80.0,0.0,0.0,0.0,0.0,0.0
2026-06-18T02:15:13,ERR,ERR,ERR,ERR,ERR,ERR,ERR,ERR,ERR,ERR,ERR,ERR,ERR,ERR,ERR,ERR,ERR,ERR,ERR,ERR,ERR,ERR,ERR,ERR,ERR,ERR,ERR,ERR,ERR,ERR,ERR,ERR,ERR,ERR,ERR,ERR,ERR,ERR,ERR,ERR,ERR,ERR,ERR,ERR,ERR,ERR,ERR,ERR,ERR,ERR,ERR,ERR,ERR,ERR,ERR,ERR,ERR,ERR,ERR,ERR,ERR,ERR,ERR,ERR,ERR,ERR,ERR,ERR,ERR,ERR,ERR,ERR,ERR,ERR,ERR,ERR,ERR,ERR,ERR,ERR,ERR,ERR,ERR,ERR,ERR,ERR,ERR,ERR,ERR,ERR,ERR,ERR,ERR,ERR,ERR,ERR,ERR,ERR,ERR,ERR,ERR,ERR,ERR,ERR,ERR,ERR,ERR,ERR,ERR,ERR,ERR,ERR,ERR,ERR,ERR,ERR,ERR,ERR,ERR,ERR,ERR,ERR,ERR,ERR,ERR,-0.0,-0.0,0.0,0.0,0.0,1.3936040501711995e+18,7.805,-0.0,0,0,4,48911,6720,14723890282496.0,100,0.0,0.0,0.0,0.0,0.0,0,0,0,0,0.0,0,0,0,0,0,0,0,0,0,0,0,0,0,0,0,0,0,0,0,0,0,0,0,0,0,0,0,0,0,0,0,0,0,26,51,50,76,65476,0,300,0,0,8,21553,0.0,-107605600.0,0.0,0.0,0.0,0.0,0.0,0.0,0.0,0.0,0.0,0.0,0.0,0.0,0.0,0.0,0.0,0.0,0.0,0.0,0.0,0.0,0.0,-2.004,2.004,-0.0,0.0,0.0,0.0,0.0,4736.0,1.0406643905049406e+34,7311.0,-0.0,-0.0,0.0,2.7184312818759872e+23,0.0,0.0,0.0,0.0,77,-0.0,0.0,0.0,0.0,0.0,0.0,0.0,0.0,0.0,0,0,0,0.0,0.0,0.0,0.0,0.0,0.0,0.0,0.0,0.0,0.0,0.0,0.0,0.0,0.0,0.0,0.0,0,-107875648.0,77,0.0,154,0.0,0.0,ERR,ERR,ERR,ERR,ERR,ERR,ERR,ERR,ERR,ERR,ERR,ERR,ERR,ERR,ERR,ERR,ERR,ERR,ERR,ERR,ERR,ERR,ERR,ERR,ERR,ERR,ERR,ERR,ERR,ERR,ERR,ERR,ERR,ERR,ERR,ERR,ERR,ERR,ERR,ERR,ERR,ERR,ERR,ERR,ERR,ERR,ERR,ERR,ERR,ERR,ERR,ERR,ERR,ERR,ERR,ERR,ERR,ERR,ERR,ERR,ERR,ERR,ERR,ERR,ERR,ERR,ERR,34.0,80.0,35,0.0,0.0,0.0,0.0,0.0,0.0,0.0,0.0,0.0,0.0,0.0,0.0,0.0,0.0,0.0,0.0,66.0,0,120,58,54,65476,0,300,0,0,8,20529,65476,0,0,57672,80.0,0.0,0.0,0.0,0.0,0.0
2026-06-18T02:15:14,ERR,ERR,ERR,ERR,ERR,ERR,ERR,ERR,ERR,ERR,ERR,ERR,ERR,ERR,ERR,ERR,ERR,ERR,ERR,ERR,ERR,ERR,ERR,ERR,ERR,ERR,ERR,ERR,ERR,ERR,ERR,ERR,ERR,ERR,ERR,ERR,ERR,ERR,ERR,ERR,ERR,ERR,ERR,ERR,ERR,ERR,ERR,ERR,ERR,ERR,ERR,ERR,ERR,ERR,ERR,ERR,ERR,ERR,ERR,ERR,ERR,ERR,ERR,ERR,ERR,ERR,ERR,ERR,ERR,ERR,ERR,ERR,ERR,ERR,ERR,ERR,ERR,ERR,ERR,ERR,ERR,ERR,ERR,ERR,ERR,ERR,ERR,ERR,ERR,ERR,ERR,ERR,ERR,ERR,ERR,ERR,ERR,ERR,ERR,ERR,ERR,ERR,ERR,ERR,ERR,ERR,ERR,ERR,ERR,ERR,ERR,ERR,ERR,ERR,ERR,ERR,ERR,ERR,ERR,ERR,ERR,ERR,ERR,ERR,ERR,-0.0,-0.0,0.0,0.0,0.0,1.3936040501711995e+18,7.805,-0.0,0,0,4,48911,6720,14723890282496.0,100,0.0,0.0,0.0,0.0,0.0,0,0,0,0,0.0,0,0,0,0,0,0,0,0,0,0,0,0,0,0,0,0,0,0,0,0,0,0,0,0,0,0,0,0,0,0,0,0,0,26,51,50,76,65476,0,300,0,0,8,21553,0.0,-107605600.0,0.0,0.0,0.0,0.0,0.0,0.0,0.0,0.0,0.0,0.0,0.0,0.0,0.0,0.0,0.0,0.0,0.0,0.0,0.0,0.0,0.0,-2.004,2.004,-0.0,0.0,0.0,0.0,0.0,4736.0,1.0406643905049406e+34,7311.0,-0.0,-0.0,0.0,2.7184312818759872e+23,0.0,0.0,0.0,0.0,77,-0.0,0.0,0.0,0.0,0.0,0.0,0.0,0.0,0.0,0,0,0,0.0,0.0,0.0,0.0,0.0,0.0,0.0,0.0,0.0,0.0,0.0,0.0,0.0,0.0,0.0,0.0,0,-107875648.0,77,0.0,154,0.0,0.0,ERR,ERR,ERR,ERR,ERR,ERR,ERR,ERR,ERR,ERR,ERR,ERR,ERR,ERR,ERR,ERR,ERR,ERR,ERR,ERR,ERR,ERR,ERR,ERR,ERR,ERR,ERR,ERR,ERR,ERR,ERR,ERR,ERR,ERR,ERR,ERR,ERR,ERR,ERR,ERR,ERR,ERR,ERR,ERR,ERR,ERR,ERR,ERR,ERR,ERR,ERR,ERR,ERR,ERR,ERR,ERR,ERR,ERR,ERR,ERR,ERR,ERR,ERR,ERR,ERR,ERR,ERR,34.0,80.0,35,0.0,0.0,0.0,0.0,0.0,0.0,0.0,0.0,0.0,0.0,0.0,0.0,0.0,0.0,0.0,0.0,66.0,0,120,58,54,65476,0,300,0,0,8,20529,65476,0,0,57672,80.0,0.0,0.0,0.0,0.0,0.0
2026-06-18T02:15:15,ERR,ERR,ERR,ERR,ERR,ERR,ERR,ERR,ERR,ERR,ERR,ERR,ERR,ERR,ERR,ERR,ERR,ERR,ERR,ERR,ERR,ERR,ERR,ERR,ERR,ERR,ERR,ERR,ERR,ERR,ERR,ERR,ERR,ERR,ERR,ERR,ERR,ERR,ERR,ERR,ERR,ERR,ERR,ERR,ERR,ERR,ERR,ERR,ERR,ERR,ERR,ERR,ERR,ERR,ERR,ERR,ERR,ERR,ERR,ERR,ERR,ERR,ERR,ERR,ERR,ERR,ERR,ERR,ERR,ERR,ERR,ERR,ERR,ERR,ERR,ERR,ERR,ERR,ERR,ERR,ERR,ERR,ERR,ERR,ERR,ERR,ERR,ERR,ERR,ERR,ERR,ERR,ERR,ERR,ERR,ERR,ERR,ERR,ERR,ERR,ERR,ERR,ERR,ERR,ERR,ERR,ERR,ERR,ERR,ERR,ERR,ERR,ERR,ERR,ERR,ERR,ERR,ERR,ERR,ERR,ERR,ERR,ERR,ERR,ERR,-0.0,-0.0,0.0,0.0,0.0,1.3936040501711995e+18,7.805,-0.0,0,0,4,48911,6720,14723890282496.0,100,0.0,0.0,0.0,0.0,0.0,0,0,0,0,0.0,0,0,0,0,0,0,0,0,0,0,0,0,0,0,0,0,0,0,0,0,0,0,0,0,0,0,0,0,0,0,0,0,0,26,51,50,76,65476,0,300,0,0,8,21553,0.0,-107605600.0,0.0,0.0,0.0,0.0,0.0,0.0,0.0,0.0,0.0,0.0,0.0,0.0,0.0,0.0,0.0,0.0,0.0,0.0,0.0,0.0,0.0,-2.004,2.004,-0.0,0.0,0.0,0.0,0.0,4736.0,1.0406643905049406e+34,7311.0,-0.0,-0.0,0.0,2.7184312818759872e+23,0.0,0.0,0.0,0.0,77,-0.0,0.0,0.0,0.0,0.0,0.0,0.0,0.0,0.0,0,0,0,0.0,0.0,0.0,0.0,0.0,0.0,0.0,0.0,0.0,0.0,0.0,0.0,0.0,0.0,0.0,0.0,0,-107875648.0,77,0.0,154,0.0,0.0,ERR,ERR,ERR,ERR,ERR,ERR,ERR,ERR,ERR,ERR,ERR,ERR,ERR,ERR,ERR,ERR,ERR,ERR,ERR,ERR,ERR,ERR,ERR,ERR,ERR,ERR,ERR,ERR,ERR,ERR,ERR,ERR,ERR,ERR,ERR,ERR,ERR,ERR,ERR,ERR,ERR,ERR,ERR,ERR,ERR,ERR,ERR,ERR,ERR,ERR,ERR,ERR,ERR,ERR,ERR,ERR,ERR,ERR,ERR,ERR,ERR,ERR,ERR,ERR,ERR,ERR,ERR,34.0,80.0,35,0.0,0.0,0.0,0.0,0.0,0.0,0.0,0.0,0.0,0.0,0.0,0.0,0.0,0.0,0.0,0.0,66.0,0,120,58,54,65476,0,300,0,0,8,20529,65476,0,0,57672,80.0,0.0,0.0,0.0,0.0,0.0
2026-06-18T02:15:16,ERR,ERR,ERR,ERR,ERR,ERR,ERR,ERR,ERR,ERR,ERR,ERR,ERR,ERR,ERR,ERR,ERR,ERR,ERR,ERR,ERR,ERR,ERR,ERR,ERR,ERR,ERR,ERR,ERR,ERR,ERR,ERR,ERR,ERR,ERR,ERR,ERR,ERR,ERR,ERR,ERR,ERR,ERR,ERR,ERR,ERR,ERR,ERR,ERR,ERR,ERR,ERR,ERR,ERR,ERR,ERR,ERR,ERR,ERR,ERR,ERR,ERR,ERR,ERR,ERR,ERR,ERR,ERR,ERR,ERR,ERR,ERR,ERR,ERR,ERR,ERR,ERR,ERR,ERR,ERR,ERR,ERR,ERR,ERR,ERR,ERR,ERR,ERR,ERR,ERR,ERR,ERR,ERR,ERR,ERR,ERR,ERR,ERR,ERR,ERR,ERR,ERR,ERR,ERR,ERR,ERR,ERR,ERR,ERR,ERR,ERR,ERR,ERR,ERR,ERR,ERR,ERR,ERR,ERR,ERR,ERR,ERR,ERR,ERR,ERR,-0.0,-0.0,0.0,0.0,0.0,1.3936040501711995e+18,7.805,-0.0,0,0,4,48908,6720,14723890282496.0,100,0.0,0.0,0.0,0.0,0.0,0,0,0,0,0.0,0,0,0,0,0,0,0,0,0,0,0,0,0,0,0,0,0,0,0,0,0,0,0,0,0,0,0,0,0,0,0,0,0,26,51,50,76,65476,0,300,0,0,8,21553,0.0,-107605600.0,0.0,0.0,0.0,0.0,0.0,0.0,0.0,0.0,0.0,0.0,0.0,0.0,0.0,0.0,0.0,0.0,0.0,0.0,0.0,0.0,0.0,-2.004,2.004,-2.004,0.0,0.0,0.0,0.0,4762.0,-0.0,7314.0,-0.0,-0.0,-107615360.0,2.7184312818759872e+23,0.0,0.0,0.0,0.0,77,-0.0,-107614696.0,0.0,0.0,0.0,0.0,0.0,0.0,0.0,0,0,0,0.0,0.0,0.0,0.0,0.0,0.0,0.0,0.0,0.0,0.0,0.0,0.0,0.0,0.0,0.0,0.0,0,-107875648.0,77,0.0,154,0.0,0.0,ERR,ERR,ERR,ERR,ERR,ERR,ERR,ERR,ERR,ERR,ERR,ERR,ERR,ERR,ERR,ERR,ERR,ERR,ERR,ERR,ERR,ERR,ERR,ERR,ERR,ERR,ERR,ERR,ERR,ERR,ERR,ERR,ERR,ERR,ERR,ERR,ERR,ERR,ERR,ERR,ERR,ERR,ERR,ERR,ERR,ERR,ERR,ERR,ERR,ERR,ERR,ERR,ERR,ERR,ERR,ERR,ERR,ERR,ERR,ERR,ERR,ERR,ERR,ERR,ERR,ERR,ERR,34.0,80.0,35,0.0,0.0,0.0,0.0,0.0,0.0,0.0,0.0,0.0,0.0,0.0,0.0,0.0,0.0,0.0,0.0,66.4,0,120,58,54,65476,0,300,0,0,8,20529,65476,0,0,57672,80.0,0.0,0.0,0.0,0.0,0.0
2026-06-18T02:15:17,ERR,ERR,ERR,ERR,ERR,ERR,ERR,ERR,ERR,ERR,ERR,ERR,ERR,ERR,ERR,ERR,ERR,ERR,ERR,ERR,ERR,ERR,ERR,ERR,ERR,ERR,ERR,ERR,ERR,ERR,ERR,ERR,ERR,ERR,ERR,ERR,ERR,ERR,ERR,ERR,ERR,ERR,ERR,ERR,ERR,ERR,ERR,ERR,ERR,ERR,ERR,ERR,ERR,ERR,ERR,ERR,ERR,ERR,ERR,ERR,ERR,ERR,ERR,ERR,ERR,ERR,ERR,ERR,ERR,ERR,ERR,ERR,ERR,ERR,ERR,ERR,ERR,ERR,ERR,ERR,ERR,ERR,ERR,ERR,ERR,ERR,ERR,ERR,ERR,ERR,ERR,ERR,ERR,ERR,ERR,ERR,ERR,ERR,ERR,ERR,ERR,ERR,ERR,ERR,ERR,ERR,ERR,ERR,ERR,ERR,ERR,ERR,ERR,ERR,ERR,ERR,ERR,ERR,ERR,ERR,ERR,ERR,ERR,ERR,ERR,-0.0,-0.0,0.0,0.0,0.0,1.3936040501711995e+18,7.805,-0.0,0,0,4,48908,6720,14723890282496.0,100,0.0,0.0,0.0,0.0,0.0,0,0,0,0,0.0,0,0,0,0,0,0,0,0,0,0,0,0,0,0,0,0,0,0,0,0,0,0,0,0,0,0,0,0,0,0,0,0,0,26,51,50,76,65476,0,300,0,0,8,21553,0.0,-107605600.0,0.0,0.0,0.0,0.0,0.0,0.0,0.0,0.0,0.0,0.0,0.0,0.0,0.0,0.0,0.0,0.0,0.0,0.0,0.0,0.0,0.0,-2.004,2.004,-2.004,0.0,0.0,0.0,0.0,4762.0,-0.0,7314.0,-0.0,-0.0,-107615360.0,2.7184312818759872e+23,0.0,0.0,0.0,0.0,77,-0.0,-107614696.0,0.0,0.0,0.0,0.0,0.0,0.0,0.0,0,0,0,0.0,0.0,0.0,0.0,0.0,0.0,0.0,0.0,0.0,0.0,0.0,0.0,0.0,0.0,0.0,0.0,0,-107875648.0,77,0.0,154,0.0,0.0,ERR,ERR,ERR,ERR,ERR,ERR,ERR,ERR,ERR,ERR,ERR,ERR,ERR,ERR,ERR,ERR,ERR,ERR,ERR,ERR,ERR,ERR,ERR,ERR,ERR,ERR,ERR,ERR,ERR,ERR,ERR,ERR,ERR,ERR,ERR,ERR,ERR,ERR,ERR,ERR,ERR,ERR,ERR,ERR,ERR,ERR,ERR,ERR,ERR,ERR,ERR,ERR,ERR,ERR,ERR,ERR,ERR,ERR,ERR,ERR,ERR,ERR,ERR,ERR,ERR,ERR,ERR,34.0,80.0,35,0.0,0.0,0.0,0.0,0.0,0.0,0.0,0.0,0.0,0.0,0.0,0.0,0.0,0.0,0.0,0.0,66.4,0,120,58,54,65476,0,300,0,0,8,20529,65476,0,0,57672,80.0,0.0,0.0,0.0,0.0,0.0
2026-06-18T02:15:18,ERR,ERR,ERR,ERR,ERR,ERR,ERR,ERR,ERR,ERR,ERR,ERR,ERR,ERR,ERR,ERR,ERR,ERR,ERR,ERR,ERR,ERR,ERR,ERR,ERR,ERR,ERR,ERR,ERR,ERR,ERR,ERR,ERR,ERR,ERR,ERR,ERR,ERR,ERR,ERR,ERR,ERR,ERR,ERR,ERR,ERR,ERR,ERR,ERR,ERR,ERR,ERR,ERR,ERR,ERR,ERR,ERR,ERR,ERR,ERR,ERR,ERR,ERR,ERR,ERR,ERR,ERR,ERR,ERR,ERR,ERR,ERR,ERR,ERR,ERR,ERR,ERR,ERR,ERR,ERR,ERR,ERR,ERR,ERR,ERR,ERR,ERR,ERR,ERR,ERR,ERR,ERR,ERR,ERR,ERR,ERR,ERR,ERR,ERR,ERR,ERR,ERR,ERR,ERR,ERR,ERR,ERR,ERR,ERR,ERR,ERR,ERR,ERR,ERR,ERR,ERR,ERR,ERR,ERR,ERR,ERR,ERR,ERR,ERR,ERR,-0.0,-0.0,0.0,0.0,0.0,1.3936040501711995e+18,7.805,-0.0,0,0,4,48908,6720,14723890282496.0,100,0.0,0.0,0.0,0.0,0.0,0,0,0,0,0.0,0,0,0,0,0,0,0,0,0,0,0,0,0,0,0,0,0,0,0,0,0,0,0,0,0,0,0,0,0,0,0,0,0,26,51,50,76,65476,0,300,0,0,8,21553,0.0,-107605600.0,0.0,0.0,0.0,0.0,0.0,0.0,0.0,0.0,0.0,0.0,0.0,0.0,0.0,0.0,0.0,0.0,0.0,0.0,0.0,0.0,0.0,-2.004,2.004,-2.004,0.0,0.0,0.0,0.0,4762.0,-0.0,7314.0,-0.0,-0.0,-107615360.0,2.7184312818759872e+23,0.0,0.0,0.0,0.0,77,-0.0,-107614696.0,0.0,0.0,0.0,0.0,0.0,0.0,0.0,0,0,0,0.0,0.0,0.0,0.0,0.0,0.0,0.0,0.0,0.0,0.0,0.0,0.0,0.0,0.0,0.0,0.0,0,-107875648.0,77,0.0,154,0.0,0.0,ERR,ERR,ERR,ERR,ERR,ERR,ERR,ERR,ERR,ERR,ERR,ERR,ERR,ERR,ERR,ERR,ERR,ERR,ERR,ERR,ERR,ERR,ERR,ERR,ERR,ERR,ERR,ERR,ERR,ERR,ERR,ERR,ERR,ERR,ERR,ERR,ERR,ERR,ERR,ERR,ERR,ERR,ERR,ERR,ERR,ERR,ERR,ERR,ERR,ERR,ERR,ERR,ERR,ERR,ERR,ERR,ERR,ERR,ERR,ERR,ERR,ERR,ERR,ERR,ERR,ERR,ERR,34.0,80.0,35,0.0,0.0,0.0,0.0,0.0,0.0,0.0,0.0,0.0,0.0,0.0,0.0,0.0,0.0,0.0,0.0,66.0,0,120,58,54,65476,0,300,0,0,8,20529,65476,0,0,57672,80.0,0.0,0.0,0.0,0.0,0.0
2026-06-18T02:15:19,ERR,ERR,ERR,ERR,ERR,ERR,ERR,ERR,ERR,ERR,ERR,ERR,ERR,ERR,ERR,ERR,ERR,ERR,ERR,ERR,ERR,ERR,ERR,ERR,ERR,ERR,ERR,ERR,ERR,ERR,ERR,ERR,ERR,ERR,ERR,ERR,ERR,ERR,ERR,ERR,ERR,ERR,ERR,ERR,ERR,ERR,ERR,ERR,ERR,ERR,ERR,ERR,ERR,ERR,ERR,ERR,ERR,ERR,ERR,ERR,ERR,ERR,ERR,ERR,ERR,ERR,ERR,ERR,ERR,ERR,ERR,ERR,ERR,ERR,ERR,ERR,ERR,ERR,ERR,ERR,ERR,ERR,ERR,ERR,ERR,ERR,ERR,ERR,ERR,ERR,ERR,ERR,ERR,ERR,ERR,ERR,ERR,ERR,ERR,ERR,ERR,ERR,ERR,ERR,ERR,ERR,ERR,ERR,ERR,ERR,ERR,ERR,ERR,ERR,ERR,ERR,ERR,ERR,ERR,ERR,ERR,ERR,ERR,ERR,ERR,-0.0,-0.0,0.0,0.0,0.0,1.3936040501711995e+18,7.805,-0.0,0,0,4,48908,6720,14723890282496.0,100,0.0,0.0,0.0,0.0,0.0,0,0,0,0,0.0,0,0,0,0,0,0,0,0,0,0,0,0,0,0,0,0,0,0,0,0,0,0,0,0,0,0,0,0,0,0,0,0,0,26,51,50,76,65476,0,300,0,0,8,21553,0.0,-107605600.0,0.0,0.0,0.0,0.0,0.0,0.0,0.0,0.0,0.0,0.0,0.0,0.0,0.0,0.0,0.0,0.0,0.0,0.0,0.0,0.0,0.0,-2.004,2.004,-2.004,0.0,0.0,0.0,0.0,4762.0,-0.0,7314.0,-0.0,-0.0,-107615360.0,2.7184312818759872e+23,0.0,0.0,0.0,0.0,77,-0.0,-107614696.0,0.0,0.0,0.0,0.0,0.0,0.0,0.0,0,0,0,0.0,0.0,0.0,0.0,0.0,0.0,0.0,0.0,0.0,0.0,0.0,0.0,0.0,0.0,0.0,0.0,0,-107875648.0,77,0.0,154,0.0,0.0,ERR,ERR,ERR,ERR,ERR,ERR,ERR,ERR,ERR,ERR,ERR,ERR,ERR,ERR,ERR,ERR,ERR,ERR,ERR,ERR,ERR,ERR,ERR,ERR,ERR,ERR,ERR,ERR,ERR,ERR,ERR,ERR,ERR,ERR,ERR,ERR,ERR,ERR,ERR,ERR,ERR,ERR,ERR,ERR,ERR,ERR,ERR,ERR,ERR,ERR,ERR,ERR,ERR,ERR,ERR,ERR,ERR,ERR,ERR,ERR,ERR,ERR,ERR,ERR,ERR,ERR,ERR,34.0,80.0,35,0.0,0.0,0.0,0.0,0.0,0.0,0.0,0.0,0.0,0.0,0.0,0.0,0.0,0.0,0.0,0.0,66.0,0,120,58,54,65476,0,300,0,0,8,20529,65476,0,0,57672,80.0,0.0,0.0,0.0,0.0,0.0
2026-06-18T02:15:20,ERR,ERR,ERR,ERR,ERR,ERR,ERR,ERR,ERR,ERR,ERR,ERR,ERR,ERR,ERR,ERR,ERR,ERR,ERR,ERR,ERR,ERR,ERR,ERR,ERR,ERR,ERR,ERR,ERR,ERR,ERR,ERR,ERR,ERR,ERR,ERR,ERR,ERR,ERR,ERR,ERR,ERR,ERR,ERR,ERR,ERR,ERR,ERR,ERR,ERR,ERR,ERR,ERR,ERR,ERR,ERR,ERR,ERR,ERR,ERR,ERR,ERR,ERR,ERR,ERR,ERR,ERR,ERR,ERR,ERR,ERR,ERR,ERR,ERR,ERR,ERR,ERR,ERR,ERR,ERR,ERR,ERR,ERR,ERR,ERR,ERR,ERR,ERR,ERR,ERR,ERR,ERR,ERR,ERR,ERR,ERR,ERR,ERR,ERR,ERR,ERR,ERR,ERR,ERR,ERR,ERR,ERR,ERR,ERR,ERR,ERR,ERR,ERR,ERR,ERR,ERR,ERR,ERR,ERR,ERR,ERR,ERR,ERR,ERR,ERR,-0.0,-0.0,0.0,0.0,0.0,1.3936040501711995e+18,7.805,-0.0,0,0,4,48908,6720,14723890282496.0,100,0.0,0.0,0.0,0.0,0.0,0,0,0,0,0.0,0,0,0,0,0,0,0,0,0,0,0,0,0,0,0,0,0,0,0,0,0,0,0,0,0,0,0,0,0,0,0,0,0,26,51,50,76,65476,0,300,0,0,8,21553,0.0,-107605600.0,0.0,0.0,0.0,0.0,0.0,0.0,0.0,0.0,0.0,0.0,0.0,0.0,0.0,0.0,0.0,0.0,0.0,0.0,0.0,0.0,0.0,-2.004,2.004,-2.004,0.0,0.0,0.0,0.0,4762.0,-0.0,7314.0,-0.0,-0.0,-107615360.0,2.7184312818759872e+23,0.0,0.0,0.0,0.0,77,-0.0,-107614696.0,0.0,0.0,0.0,0.0,0.0,0.0,0.0,0,0,0,0.0,0.0,0.0,0.0,0.0,0.0,0.0,0.0,0.0,0.0,0.0,0.0,0.0,0.0,0.0,0.0,0,-107875648.0,77,0.0,154,0.0,0.0,ERR,ERR,ERR,ERR,ERR,ERR,ERR,ERR,ERR,ERR,ERR,ERR,ERR,ERR,ERR,ERR,ERR,ERR,ERR,ERR,ERR,ERR,ERR,ERR,ERR,ERR,ERR,ERR,ERR,ERR,ERR,ERR,ERR,ERR,ERR,ERR,ERR,ERR,ERR,ERR,ERR,ERR,ERR,ERR,ERR,ERR,ERR,ERR,ERR,ERR,ERR,ERR,ERR,ERR,ERR,ERR,ERR,ERR,ERR,ERR,ERR,ERR,ERR,ERR,ERR,ERR,ERR,34.0,80.0,35,0.0,0.0,0.0,0.0,0.0,0.0,0.0,0.0,0.0,0.0,0.0,0.0,0.0,0.0,0.0,0.0,66.0,0,120,58,54,65476,0,300,0,0,8,20529,65476,0,0,57672,80.0,0.0,0.0,0.0,0.0,0.0
2026-06-18T02:15:21,ERR,ERR,ERR,ERR,ERR,ERR,ERR,ERR,ERR,ERR,ERR,ERR,ERR,ERR,ERR,ERR,ERR,ERR,ERR,ERR,ERR,ERR,ERR,ERR,ERR,ERR,ERR,ERR,ERR,ERR,ERR,ERR,ERR,ERR,ERR,ERR,ERR,ERR,ERR,ERR,ERR,ERR,ERR,ERR,ERR,ERR,ERR,ERR,ERR,ERR,ERR,ERR,ERR,ERR,ERR,ERR,ERR,ERR,ERR,ERR,ERR,ERR,ERR,ERR,ERR,ERR,ERR,ERR,ERR,ERR,ERR,ERR,ERR,ERR,ERR,ERR,ERR,ERR,ERR,ERR,ERR,ERR,ERR,ERR,ERR,ERR,ERR,ERR,ERR,ERR,ERR,ERR,ERR,ERR,ERR,ERR,ERR,ERR,ERR,ERR,ERR,ERR,ERR,ERR,ERR,ERR,ERR,ERR,ERR,ERR,ERR,ERR,ERR,ERR,ERR,ERR,ERR,ERR,ERR,ERR,ERR,ERR,ERR,ERR,ERR,-0.0,-0.0,0.0,-152005385388032.0,-2.012,1.3936040501711995e+18,7.805,0.0,0,0,4,48907,6720,14723890282496.0,100,0.0,0.0,0.0,2.718290229135658e+23,0.0,0,0,0,0,0.0,0,0,0,0,0,0,0,0,0,0,0,0,0,0,0,0,0,0,0,0,0,0,0,0,0,0,0,0,0,0,0,0,0,26,51,50,76,65476,0,300,0,0,8,21553,0.0,-107605600.0,0.0,0.0,0.0,0.0,0.0,0.0,0.0,0.0,0.0,0.0,0.0,0.0,0.0,0.0,0.0,0.0,0.0,0.0,0.0,0.0,0.0,-2.004,2.004,-2.004,0.0,0.0,0.0,0.0,4736.0,1.5879278419570017e+29,7312.0,-0.0,-0.0,0.0,2.7184312818759872e+23,0.0,0.0,0.0,0.0,77,-0.0,0.0,0.0,0.0,0.0,0.0,0.0,0.0,0.0,0,0,0,0.0,0.0,0.0,0.0,0.0,0.0,0.0,0.0,0.0,0.0,0.0,0.0,0.0,0.0,0.0,0.0,0,-107875648.0,77,0.0,154,0.0,0.0,ERR,ERR,ERR,ERR,ERR,ERR,ERR,ERR,ERR,ERR,ERR,ERR,ERR,ERR,ERR,ERR,ERR,ERR,ERR,ERR,ERR,ERR,ERR,ERR,ERR,ERR,ERR,ERR,ERR,ERR,ERR,ERR,ERR,ERR,ERR,ERR,ERR,ERR,ERR,ERR,ERR,ERR,ERR,ERR,ERR,ERR,ERR,ERR,ERR,ERR,ERR,ERR,ERR,ERR,ERR,ERR,ERR,ERR,ERR,ERR,ERR,ERR,ERR,ERR,ERR,ERR,ERR,34.0,80.0,35,0.0,0.0,0.0,0.0,0.0,0.0,0.0,0.0,0.0,0.0,0.0,0.0,0.0,0.0,0.0,0.0,66.0,0,120,58,54,65476,0,300,0,0,8,20529,65476,0,0,57672,80.0,0.0,0.0,0.0,0.0,0.0
2026-06-18T02:15:22,ERR,ERR,ERR,ERR,ERR,ERR,ERR,ERR,ERR,ERR,ERR,ERR,ERR,ERR,ERR,ERR,ERR,ERR,ERR,ERR,ERR,ERR,ERR,ERR,ERR,ERR,ERR,ERR,ERR,ERR,ERR,ERR,ERR,ERR,ERR,ERR,ERR,ERR,ERR,ERR,ERR,ERR,ERR,ERR,ERR,ERR,ERR,ERR,ERR,ERR,ERR,ERR,ERR,ERR,ERR,ERR,ERR,ERR,ERR,ERR,ERR,ERR,ERR,ERR,ERR,ERR,ERR,ERR,ERR,ERR,ERR,ERR,ERR,ERR,ERR,ERR,ERR,ERR,ERR,ERR,ERR,ERR,ERR,ERR,ERR,ERR,ERR,ERR,ERR,ERR,ERR,ERR,ERR,ERR,ERR,ERR,ERR,ERR,ERR,ERR,ERR,ERR,ERR,ERR,ERR,ERR,ERR,ERR,ERR,ERR,ERR,ERR,ERR,ERR,ERR,ERR,ERR,ERR,ERR,ERR,ERR,ERR,ERR,ERR,ERR,-0.0,-0.0,0.0,-152005385388032.0,-2.012,1.3936040501711995e+18,7.805,0.0,0,0,4,48907,6720,14723890282496.0,100,0.0,0.0,0.0,2.718290229135658e+23,0.0,0,0,0,0,0.0,0,0,0,0,0,0,0,0,0,0,0,0,0,0,0,0,0,0,0,0,0,0,0,0,0,0,0,0,0,0,0,0,0,26,51,50,76,65476,0,300,0,0,8,21553,0.0,-107605600.0,0.0,0.0,0.0,0.0,0.0,0.0,0.0,0.0,0.0,0.0,0.0,0.0,0.0,0.0,0.0,0.0,0.0,0.0,0.0,0.0,0.0,-2.004,2.004,-2.004,0.0,0.0,0.0,0.0,4736.0,1.5879278419570017e+29,7312.0,-0.0,-0.0,0.0,2.7184312818759872e+23,0.0,0.0,0.0,0.0,77,-0.0,0.0,0.0,0.0,0.0,0.0,0.0,0.0,0.0,0,0,0,0.0,0.0,0.0,0.0,0.0,0.0,0.0,0.0,0.0,0.0,0.0,0.0,0.0,0.0,0.0,0.0,0,-107875648.0,77,0.0,154,0.0,0.0,ERR,ERR,ERR,ERR,ERR,ERR,ERR,ERR,ERR,ERR,ERR,ERR,ERR,ERR,ERR,ERR,ERR,ERR,ERR,ERR,ERR,ERR,ERR,ERR,ERR,ERR,ERR,ERR,ERR,ERR,ERR,ERR,ERR,ERR,ERR,ERR,ERR,ERR,ERR,ERR,ERR,ERR,ERR,ERR,ERR,ERR,ERR,ERR,ERR,ERR,ERR,ERR,ERR,ERR,ERR,ERR,ERR,ERR,ERR,ERR,ERR,ERR,ERR,ERR,ERR,ERR,ERR,34.0,80.0,35,0.0,0.0,0.0,0.0,0.0,0.0,0.0,0.0,0.0,0.0,0.0,0.0,0.0,0.0,0.0,0.0,66.0,0,120,58,54,65476,0,300,0,0,8,20529,65476,0,0,57672,80.0,0.0,0.0,0.0,0.0,0.0
2026-06-18T02:15:23,ERR,ERR,ERR,ERR,ERR,ERR,ERR,ERR,ERR,ERR,ERR,ERR,ERR,ERR,ERR,ERR,ERR,ERR,ERR,ERR,ERR,ERR,ERR,ERR,ERR,ERR,ERR,ERR,ERR,ERR,ERR,ERR,ERR,ERR,ERR,ERR,ERR,ERR,ERR,ERR,ERR,ERR,ERR,ERR,ERR,ERR,ERR,ERR,ERR,ERR,ERR,ERR,ERR,ERR,ERR,ERR,ERR,ERR,ERR,ERR,ERR,ERR,ERR,ERR,ERR,ERR,ERR,ERR,ERR,ERR,ERR,ERR,ERR,ERR,ERR,ERR,ERR,ERR,ERR,ERR,ERR,ERR,ERR,ERR,ERR,ERR,ERR,ERR,ERR,ERR,ERR,ERR,ERR,ERR,ERR,ERR,ERR,ERR,ERR,ERR,ERR,ERR,ERR,ERR,ERR,ERR,ERR,ERR,ERR,ERR,ERR,ERR,ERR,ERR,ERR,ERR,ERR,ERR,ERR,ERR,ERR,ERR,ERR,ERR,ERR,-0.0,-0.0,0.0,-152005385388032.0,-2.012,1.3936040501711995e+18,7.805,0.0,0,0,4,48907,6720,14723890282496.0,100,0.0,0.0,0.0,2.718290229135658e+23,0.0,0,0,0,0,0.0,0,0,0,0,0,0,0,0,0,0,0,0,0,0,0,0,0,0,0,0,0,0,0,0,0,0,0,0,0,0,0,0,0,26,51,50,76,65476,0,300,0,0,8,21553,0.0,-107605600.0,0.0,0.0,0.0,0.0,0.0,0.0,0.0,0.0,0.0,0.0,0.0,0.0,0.0,0.0,0.0,0.0,0.0,0.0,0.0,0.0,0.0,-2.004,2.004,-2.004,0.0,0.0,0.0,0.0,4736.0,1.5879278419570017e+29,7312.0,-0.0,-0.0,0.0,2.7184312818759872e+23,0.0,0.0,0.0,0.0,77,-0.0,0.0,0.0,0.0,0.0,0.0,0.0,0.0,0.0,0,0,0,0.0,0.0,0.0,0.0,0.0,0.0,0.0,0.0,0.0,0.0,0.0,0.0,0.0,0.0,0.0,0.0,0,-107875648.0,77,0.0,154,0.0,0.0,ERR,ERR,ERR,ERR,ERR,ERR,ERR,ERR,ERR,ERR,ERR,ERR,ERR,ERR,ERR,ERR,ERR,ERR,ERR,ERR,ERR,ERR,ERR,ERR,ERR,ERR,ERR,ERR,ERR,ERR,ERR,ERR,ERR,ERR,ERR,ERR,ERR,ERR,ERR,ERR,ERR,ERR,ERR,ERR,ERR,ERR,ERR,ERR,ERR,ERR,ERR,ERR,ERR,ERR,ERR,ERR,ERR,ERR,ERR,ERR,ERR,ERR,ERR,ERR,ERR,ERR,ERR,34.0,80.0,35,0.0,0.0,0.0,0.0,0.0,0.0,0.0,0.0,0.0,0.0,0.0,0.0,0.0,0.0,0.0,0.0,66.0,0,120,58,54,65476,0,300,0,0,8,20529,65476,0,0,57672,80.0,0.0,0.0,0.0,0.0,0.0
2026-06-18T02:15:24,ERR,ERR,ERR,ERR,ERR,ERR,ERR,ERR,ERR,ERR,ERR,ERR,ERR,ERR,ERR,ERR,ERR,ERR,ERR,ERR,ERR,ERR,ERR,ERR,ERR,ERR,ERR,ERR,ERR,ERR,ERR,ERR,ERR,ERR,ERR,ERR,ERR,ERR,ERR,ERR,ERR,ERR,ERR,ERR,ERR,ERR,ERR,ERR,ERR,ERR,ERR,ERR,ERR,ERR,ERR,ERR,ERR,ERR,ERR,ERR,ERR,ERR,ERR,ERR,ERR,ERR,ERR,ERR,ERR,ERR,ERR,ERR,ERR,ERR,ERR,ERR,ERR,ERR,ERR,ERR,ERR,ERR,ERR,ERR,ERR,ERR,ERR,ERR,ERR,ERR,ERR,ERR,ERR,ERR,ERR,ERR,ERR,ERR,ERR,ERR,ERR,ERR,ERR,ERR,ERR,ERR,ERR,ERR,ERR,ERR,ERR,ERR,ERR,ERR,ERR,ERR,ERR,ERR,ERR,ERR,ERR,ERR,ERR,ERR,ERR,-0.0,-0.0,0.0,-152005385388032.0,-2.012,1.3936040501711995e+18,7.805,0.0,0,0,4,48907,6720,14723890282496.0,100,0.0,0.0,0.0,2.718290229135658e+23,0.0,0,0,0,0,0.0,0,0,0,0,0,0,0,0,0,0,0,0,0,0,0,0,0,0,0,0,0,0,0,0,0,0,0,0,0,0,0,0,0,26,51,50,76,65476,0,300,0,0,8,21553,0.0,-107605600.0,0.0,0.0,0.0,0.0,0.0,0.0,0.0,0.0,0.0,0.0,0.0,0.0,0.0,0.0,0.0,0.0,0.0,0.0,0.0,0.0,0.0,-2.004,2.004,-2.004,0.0,0.0,0.0,0.0,4736.0,1.5879278419570017e+29,7312.0,-0.0,-0.0,0.0,2.7184312818759872e+23,0.0,0.0,0.0,0.0,77,-0.0,0.0,0.0,0.0,0.0,0.0,0.0,0.0,0.0,0,0,0,0.0,0.0,0.0,0.0,0.0,0.0,0.0,0.0,0.0,0.0,0.0,0.0,0.0,0.0,0.0,0.0,0,-107875648.0,77,0.0,154,0.0,0.0,ERR,ERR,ERR,ERR,ERR,ERR,ERR,ERR,ERR,ERR,ERR,ERR,ERR,ERR,ERR,ERR,ERR,ERR,ERR,ERR,ERR,ERR,ERR,ERR,ERR,ERR,ERR,ERR,ERR,ERR,ERR,ERR,ERR,ERR,ERR,ERR,ERR,ERR,ERR,ERR,ERR,ERR,ERR,ERR,ERR,ERR,ERR,ERR,ERR,ERR,ERR,ERR,ERR,ERR,ERR,ERR,ERR,ERR,ERR,ERR,ERR,ERR,ERR,ERR,ERR,ERR,ERR,34.0,80.0,35,0.0,0.0,0.0,0.0,0.0,0.0,0.0,0.0,0.0,0.0,0.0,0.0,0.0,0.0,0.0,0.0,66.0,0,120,58,54,65476,0,300,0,0,8,20529,65476,0,0,57672,80.0,0.0,0.0,0.0,0.0,0.0
2026-06-18T02:15:25,ERR,ERR,ERR,ERR,ERR,ERR,ERR,ERR,ERR,ERR,ERR,ERR,ERR,ERR,ERR,ERR,ERR,ERR,ERR,ERR,ERR,ERR,ERR,ERR,ERR,ERR,ERR,ERR,ERR,ERR,ERR,ERR,ERR,ERR,ERR,ERR,ERR,ERR,ERR,ERR,ERR,ERR,ERR,ERR,ERR,ERR,ERR,ERR,ERR,ERR,ERR,ERR,ERR,ERR,ERR,ERR,ERR,ERR,ERR,ERR,ERR,ERR,ERR,ERR,ERR,ERR,ERR,ERR,ERR,ERR,ERR,ERR,ERR,ERR,ERR,ERR,ERR,ERR,ERR,ERR,ERR,ERR,ERR,ERR,ERR,ERR,ERR,ERR,ERR,ERR,ERR,ERR,ERR,ERR,ERR,ERR,ERR,ERR,ERR,ERR,ERR,ERR,ERR,ERR,ERR,ERR,ERR,ERR,ERR,ERR,ERR,ERR,ERR,ERR,ERR,ERR,ERR,ERR,ERR,ERR,ERR,ERR,ERR,ERR,ERR,-0.0,-0.0,0.0,-152005385388032.0,-2.012,1.3936040501711995e+18,7.805,0.0,0,0,4,48907,6720,14723890282496.0,100,0.0,0.0,0.0,2.718290229135658e+23,0.0,0,0,0,0,0.0,0,0,0,0,0,0,0,0,0,0,0,0,0,0,0,0,0,0,0,0,0,0,0,0,0,0,0,0,0,0,0,0,0,26,51,50,76,65476,0,300,0,0,8,21553,0.0,-107605600.0,0.0,0.0,0.0,0.0,0.0,0.0,0.0,0.0,0.0,0.0,0.0,0.0,0.0,0.0,0.0,0.0,0.0,0.0,0.0,0.0,0.0,-2.004,2.004,-2.004,0.0,0.0,0.0,0.0,4736.0,1.5879278419570017e+29,7312.0,-0.0,-0.0,0.0,2.7184312818759872e+23,0.0,0.0,0.0,0.0,77,-0.0,0.0,0.0,0.0,0.0,0.0,0.0,0.0,0.0,0,0,0,0.0,0.0,0.0,0.0,0.0,0.0,0.0,0.0,0.0,0.0,0.0,0.0,0.0,0.0,0.0,0.0,0,-107875648.0,77,0.0,154,0.0,0.0,ERR,ERR,ERR,ERR,ERR,ERR,ERR,ERR,ERR,ERR,ERR,ERR,ERR,ERR,ERR,ERR,ERR,ERR,ERR,ERR,ERR,ERR,ERR,ERR,ERR,ERR,ERR,ERR,ERR,ERR,ERR,ERR,ERR,ERR,ERR,ERR,ERR,ERR,ERR,ERR,ERR,ERR,ERR,ERR,ERR,ERR,ERR,ERR,ERR,ERR,ERR,ERR,ERR,ERR,ERR,ERR,ERR,ERR,ERR,ERR,ERR,ERR,ERR,ERR,ERR,ERR,ERR,34.0,80.0,35,0.0,0.0,0.0,0.0,0.0,0.0,0.0,0.0,0.0,0.0,0.0,0.0,0.0,0.0,0.0,0.0,66.0,0,120,58,54,65476,0,300,0,0,8,20529,65476,0,0,57672,80.0,0.0,0.0,0.0,0.0,0.0
2026-06-18T02:15:26,ERR,ERR,ERR,ERR,ERR,ERR,ERR,ERR,ERR,ERR,ERR,ERR,ERR,ERR,ERR,ERR,ERR,ERR,ERR,ERR,ERR,ERR,ERR,ERR,ERR,ERR,ERR,ERR,ERR,ERR,ERR,ERR,ERR,ERR,ERR,ERR,ERR,ERR,ERR,ERR,ERR,ERR,ERR,ERR,ERR,ERR,ERR,ERR,ERR,ERR,ERR,ERR,ERR,ERR,ERR,ERR,ERR,ERR,ERR,ERR,ERR,ERR,ERR,ERR,ERR,ERR,ERR,ERR,ERR,ERR,ERR,ERR,ERR,ERR,ERR,ERR,ERR,ERR,ERR,ERR,ERR,ERR,ERR,ERR,ERR,ERR,ERR,ERR,ERR,ERR,ERR,ERR,ERR,ERR,ERR,ERR,ERR,ERR,ERR,ERR,ERR,ERR,ERR,ERR,ERR,ERR,ERR,ERR,ERR,ERR,ERR,ERR,ERR,ERR,ERR,ERR,ERR,ERR,ERR,ERR,ERR,ERR,ERR,ERR,ERR,-0.0,-0.0,0.0,-152005385388032.0,-2.012,1.3936040501711995e+18,7.805,0.0,0,0,4,48907,6720,14723890282496.0,100,0.0,0.0,0.0,2.718290229135658e+23,0.0,0,0,0,0,0.0,0,0,0,0,0,0,0,0,0,0,0,0,0,0,0,0,0,0,0,0,0,0,0,0,0,0,0,0,0,0,0,0,0,26,51,50,76,65476,0,300,0,0,8,21553,0.0,-107605600.0,0.0,0.0,0.0,0.0,0.0,0.0,0.0,0.0,0.0,0.0,0.0,0.0,0.0,0.0,0.0,0.0,0.0,0.0,0.0,0.0,0.0,-2.004,2.004,-2.004,0.0,0.0,0.0,0.0,4736.0,1.5879278419570017e+29,7312.0,-0.0,-0.0,0.0,2.7184312818759872e+23,0.0,0.0,0.0,0.0,77,-0.0,0.0,0.0,0.0,0.0,0.0,0.0,0.0,0.0,0,0,0,0.0,0.0,0.0,0.0,0.0,0.0,0.0,0.0,0.0,0.0,0.0,0.0,0.0,0.0,0.0,0.0,0,-107875648.0,77,0.0,154,0.0,0.0,ERR,ERR,ERR,ERR,ERR,ERR,ERR,ERR,ERR,ERR,ERR,ERR,ERR,ERR,ERR,ERR,ERR,ERR,ERR,ERR,ERR,ERR,ERR,ERR,ERR,ERR,ERR,ERR,ERR,ERR,ERR,ERR,ERR,ERR,ERR,ERR,ERR,ERR,ERR,ERR,ERR,ERR,ERR,ERR,ERR,ERR,ERR,ERR,ERR,ERR,ERR,ERR,ERR,ERR,ERR,ERR,ERR,ERR,ERR,ERR,ERR,ERR,ERR,ERR,ERR,ERR,ERR,34.0,80.0,35,0.0,0.0,0.0,0.0,0.0,0.0,0.0,0.0,0.0,0.0,0.0,0.0,0.0,0.0,0.0,0.0,66.0,0,120,58,54,65476,0,300,0,0,8,20529,65476,0,0,57672,80.0,0.0,0.0,0.0,0.0,0.0
2026-06-18T02:15:27,ERR,ERR,ERR,ERR,ERR,ERR,ERR,ERR,ERR,ERR,ERR,ERR,ERR,ERR,ERR,ERR,ERR,ERR,ERR,ERR,ERR,ERR,ERR,ERR,ERR,ERR,ERR,ERR,ERR,ERR,ERR,ERR,ERR,ERR,ERR,ERR,ERR,ERR,ERR,ERR,ERR,ERR,ERR,ERR,ERR,ERR,ERR,ERR,ERR,ERR,ERR,ERR,ERR,ERR,ERR,ERR,ERR,ERR,ERR,ERR,ERR,ERR,ERR,ERR,ERR,ERR,ERR,ERR,ERR,ERR,ERR,ERR,ERR,ERR,ERR,ERR,ERR,ERR,ERR,ERR,ERR,ERR,ERR,ERR,ERR,ERR,ERR,ERR,ERR,ERR,ERR,ERR,ERR,ERR,ERR,ERR,ERR,ERR,ERR,ERR,ERR,ERR,ERR,ERR,ERR,ERR,ERR,ERR,ERR,ERR,ERR,ERR,ERR,ERR,ERR,ERR,ERR,ERR,ERR,ERR,ERR,ERR,ERR,ERR,ERR,-0.0,-0.0,0.0,0.059,0.0,1.3936040501711995e+18,7.805,-0.0,0,0,4,48908,6720,14723890282496.0,100,0.0,0.0,0.0,-0.0,0.0,0,0,0,0,0.0,0,0,0,0,0,0,0,0,0,0,0,0,0,0,0,0,0,0,0,0,0,0,0,0,0,0,0,0,0,0,0,0,0,26,51,50,76,65476,0,300,0,0,8,21553,0.0,-107605600.0,0.0,0.0,0.0,0.0,0.0,0.0,0.0,0.0,0.0,0.0,0.0,0.0,0.0,0.0,0.0,0.0,0.0,0.0,0.0,0.0,0.0,-2.004,2.004,-2.004,0.0,0.0,0.0,0.0,4738.0,-0.0,7313.0,-0.0,-0.0,-107615360.0,2.7184312818759872e+23,0.0,0.0,0.0,0.0,77,-0.0,0.0,0.0,0.0,0.0,0.0,0.0,0.0,0.0,0,0,0,0.0,0.0,0.0,0.0,0.0,0.0,0.0,0.0,0.0,0.0,0.0,0.0,0.0,0.0,0.0,0.0,0,-107875648.0,77,0.0,154,0.0,0.0,ERR,ERR,ERR,ERR,ERR,ERR,ERR,ERR,ERR,ERR,ERR,ERR,ERR,ERR,ERR,ERR,ERR,ERR,ERR,ERR,ERR,ERR,ERR,ERR,ERR,ERR,ERR,ERR,ERR,ERR,ERR,ERR,ERR,ERR,ERR,ERR,ERR,ERR,ERR,ERR,ERR,ERR,ERR,ERR,ERR,ERR,ERR,ERR,ERR,ERR,ERR,ERR,ERR,ERR,ERR,ERR,ERR,ERR,ERR,ERR,ERR,ERR,ERR,ERR,ERR,ERR,ERR,34.0,80.0,35,0.0,0.0,0.0,0.0,0.0,0.0,0.0,0.0,0.0,0.0,0.0,0.0,0.0,0.0,0.0,0.0,66.0,0,120,58,54,65476,0,300,0,0,8,20529,65476,0,0,57672,80.0,0.0,0.0,0.0,0.0,0.0
2026-06-18T02:15:28,ERR,ERR,ERR,ERR,ERR,ERR,ERR,ERR,ERR,ERR,ERR,ERR,ERR,ERR,ERR,ERR,ERR,ERR,ERR,ERR,ERR,ERR,ERR,ERR,ERR,ERR,ERR,ERR,ERR,ERR,ERR,ERR,ERR,ERR,ERR,ERR,ERR,ERR,ERR,ERR,ERR,ERR,ERR,ERR,ERR,ERR,ERR,ERR,ERR,ERR,ERR,ERR,ERR,ERR,ERR,ERR,ERR,ERR,ERR,ERR,ERR,ERR,ERR,ERR,ERR,ERR,ERR,ERR,ERR,ERR,ERR,ERR,ERR,ERR,ERR,ERR,ERR,ERR,ERR,ERR,ERR,ERR,ERR,ERR,ERR,ERR,ERR,ERR,ERR,ERR,ERR,ERR,ERR,ERR,ERR,ERR,ERR,ERR,ERR,ERR,ERR,ERR,ERR,ERR,ERR,ERR,ERR,ERR,ERR,ERR,ERR,ERR,ERR,ERR,ERR,ERR,ERR,ERR,ERR,ERR,ERR,ERR,ERR,ERR,ERR,-0.0,-0.0,0.0,0.059,0.0,1.3936040501711995e+18,7.805,-0.0,0,0,4,48908,6720,14723890282496.0,100,0.0,0.0,0.0,-0.0,0.0,0,0,0,0,0.0,0,0,0,0,0,0,0,0,0,0,0,0,0,0,0,0,0,0,0,0,0,0,0,0,0,0,0,0,0,0,0,0,0,26,51,50,76,65476,0,300,0,0,8,21553,0.0,-107605600.0,0.0,0.0,0.0,0.0,0.0,0.0,0.0,0.0,0.0,0.0,0.0,0.0,0.0,0.0,0.0,0.0,0.0,0.0,0.0,0.0,0.0,-2.004,2.004,-2.004,0.0,0.0,0.0,0.0,4738.0,-0.0,7313.0,-0.0,-0.0,-107615360.0,2.7184312818759872e+23,0.0,0.0,0.0,0.0,77,-0.0,0.0,0.0,0.0,0.0,0.0,0.0,0.0,0.0,0,0,0,0.0,0.0,0.0,0.0,0.0,0.0,0.0,0.0,0.0,0.0,0.0,0.0,0.0,0.0,0.0,0.0,0,-107875648.0,77,0.0,154,0.0,0.0,ERR,ERR,ERR,ERR,ERR,ERR,ERR,ERR,ERR,ERR,ERR,ERR,ERR,ERR,ERR,ERR,ERR,ERR,ERR,ERR,ERR,ERR,ERR,ERR,ERR,ERR,ERR,ERR,ERR,ERR,ERR,ERR,ERR,ERR,ERR,ERR,ERR,ERR,ERR,ERR,ERR,ERR,ERR,ERR,ERR,ERR,ERR,ERR,ERR,ERR,ERR,ERR,ERR,ERR,ERR,ERR,ERR,ERR,ERR,ERR,ERR,ERR,ERR,ERR,ERR,ERR,ERR,34.0,80.0,35,0.0,0.0,0.0,0.0,0.0,0.0,0.0,0.0,0.0,0.0,0.0,0.0,0.0,0.0,0.0,0.0,66.0,0,120,58,54,65476,0,300,0,0,8,20529,65476,0,0,57672,80.0,0.0,0.0,0.0,0.0,0.0
2026-06-18T02:15:29,ERR,ERR,ERR,ERR,ERR,ERR,ERR,ERR,ERR,ERR,ERR,ERR,ERR,ERR,ERR,ERR,ERR,ERR,ERR,ERR,ERR,ERR,ERR,ERR,ERR,ERR,ERR,ERR,ERR,ERR,ERR,ERR,ERR,ERR,ERR,ERR,ERR,ERR,ERR,ERR,ERR,ERR,ERR,ERR,ERR,ERR,ERR,ERR,ERR,ERR,ERR,ERR,ERR,ERR,ERR,ERR,ERR,ERR,ERR,ERR,ERR,ERR,ERR,ERR,ERR,ERR,ERR,ERR,ERR,ERR,ERR,ERR,ERR,ERR,ERR,ERR,ERR,ERR,ERR,ERR,ERR,ERR,ERR,ERR,ERR,ERR,ERR,ERR,ERR,ERR,ERR,ERR,ERR,ERR,ERR,ERR,ERR,ERR,ERR,ERR,ERR,ERR,ERR,ERR,ERR,ERR,ERR,ERR,ERR,ERR,ERR,ERR,ERR,ERR,ERR,ERR,ERR,ERR,ERR,ERR,ERR,ERR,ERR,ERR,ERR,-0.0,-0.0,0.0,0.059,0.0,1.3936040501711995e+18,7.805,-0.0,0,0,4,48908,6720,14723890282496.0,100,0.0,0.0,0.0,-0.0,0.0,0,0,0,0,0.0,0,0,0,0,0,0,0,0,0,0,0,0,0,0,0,0,0,0,0,0,0,0,0,0,0,0,0,0,0,0,0,0,0,26,51,50,76,65476,0,300,0,0,8,21553,0.0,-107605600.0,0.0,0.0,0.0,0.0,0.0,0.0,0.0,0.0,0.0,0.0,0.0,0.0,0.0,0.0,0.0,0.0,0.0,0.0,0.0,0.0,0.0,-2.004,2.004,-2.004,0.0,0.0,0.0,0.0,4738.0,-0.0,7313.0,-0.0,-0.0,-107615360.0,2.7184312818759872e+23,0.0,0.0,0.0,0.0,77,-0.0,0.0,0.0,0.0,0.0,0.0,0.0,0.0,0.0,0,0,0,0.0,0.0,0.0,0.0,0.0,0.0,0.0,0.0,0.0,0.0,0.0,0.0,0.0,0.0,0.0,0.0,0,-107875648.0,77,0.0,154,0.0,0.0,ERR,ERR,ERR,ERR,ERR,ERR,ERR,ERR,ERR,ERR,ERR,ERR,ERR,ERR,ERR,ERR,ERR,ERR,ERR,ERR,ERR,ERR,ERR,ERR,ERR,ERR,ERR,ERR,ERR,ERR,ERR,ERR,ERR,ERR,ERR,ERR,ERR,ERR,ERR,ERR,ERR,ERR,ERR,ERR,ERR,ERR,ERR,ERR,ERR,ERR,ERR,ERR,ERR,ERR,ERR,ERR,ERR,ERR,ERR,ERR,ERR,ERR,ERR,ERR,ERR,ERR,ERR,34.0,80.0,35,0.0,0.0,0.0,0.0,0.0,0.0,0.0,0.0,0.0,0.0,0.0,0.0,0.0,0.0,0.0,0.0,66.4,0,120,58,54,65476,0,300,0,0,8,20529,65476,0,0,57672,80.0,0.0,0.0,0.0,0.0,0.0
2026-06-18T02:15:30,ERR,ERR,ERR,ERR,ERR,ERR,ERR,ERR,ERR,ERR,ERR,ERR,ERR,ERR,ERR,ERR,ERR,ERR,ERR,ERR,ERR,ERR,ERR,ERR,ERR,ERR,ERR,ERR,ERR,ERR,ERR,ERR,ERR,ERR,ERR,ERR,ERR,ERR,ERR,ERR,ERR,ERR,ERR,ERR,ERR,ERR,ERR,ERR,ERR,ERR,ERR,ERR,ERR,ERR,ERR,ERR,ERR,ERR,ERR,ERR,ERR,ERR,ERR,ERR,ERR,ERR,ERR,ERR,ERR,ERR,ERR,ERR,ERR,ERR,ERR,ERR,ERR,ERR,ERR,ERR,ERR,ERR,ERR,ERR,ERR,ERR,ERR,ERR,ERR,ERR,ERR,ERR,ERR,ERR,ERR,ERR,ERR,ERR,ERR,ERR,ERR,ERR,ERR,ERR,ERR,ERR,ERR,ERR,ERR,ERR,ERR,ERR,ERR,ERR,ERR,ERR,ERR,ERR,ERR,ERR,ERR,ERR,ERR,ERR,ERR,-0.0,-0.0,0.0,0.059,0.0,1.3936040501711995e+18,7.805,-0.0,0,0,4,48908,6720,14723890282496.0,100,0.0,0.0,0.0,-0.0,0.0,0,0,0,0,0.0,0,0,0,0,0,0,0,0,0,0,0,0,0,0,0,0,0,0,0,0,0,0,0,0,0,0,0,0,0,0,0,0,0,26,51,50,76,65476,0,300,0,0,8,21553,0.0,-107605600.0,0.0,0.0,0.0,0.0,0.0,0.0,0.0,0.0,0.0,0.0,0.0,0.0,0.0,0.0,0.0,0.0,0.0,0.0,0.0,0.0,0.0,-2.004,2.004,-2.004,0.0,0.0,0.0,0.0,4738.0,-0.0,7313.0,-0.0,-0.0,-107615360.0,2.7184312818759872e+23,0.0,0.0,0.0,0.0,77,-0.0,0.0,0.0,0.0,0.0,0.0,0.0,0.0,0.0,0,0,0,0.0,0.0,0.0,0.0,0.0,0.0,0.0,0.0,0.0,0.0,0.0,0.0,0.0,0.0,0.0,0.0,0,-107875648.0,77,0.0,154,0.0,0.0,ERR,ERR,ERR,ERR,ERR,ERR,ERR,ERR,ERR,ERR,ERR,ERR,ERR,ERR,ERR,ERR,ERR,ERR,ERR,ERR,ERR,ERR,ERR,ERR,ERR,ERR,ERR,ERR,ERR,ERR,ERR,ERR,ERR,ERR,ERR,ERR,ERR,ERR,ERR,ERR,ERR,ERR,ERR,ERR,ERR,ERR,ERR,ERR,ERR,ERR,ERR,ERR,ERR,ERR,ERR,ERR,ERR,ERR,ERR,ERR,ERR,ERR,ERR,ERR,ERR,ERR,ERR,34.0,80.0,35,0.0,0.0,0.0,0.0,0.0,0.0,0.0,0.0,0.0,0.0,0.0,0.0,0.0,0.0,0.0,0.0,66.4,0,120,58,54,65476,0,300,0,0,8,20529,65476,0,0,57672,80.0,0.0,0.0,0.0,0.0,0.0
2026-06-18T02:15:31,ERR,ERR,ERR,ERR,ERR,ERR,ERR,ERR,ERR,ERR,ERR,ERR,ERR,ERR,ERR,ERR,ERR,ERR,ERR,ERR,ERR,ERR,ERR,ERR,ERR,ERR,ERR,ERR,ERR,ERR,ERR,ERR,ERR,ERR,ERR,ERR,ERR,ERR,ERR,ERR,ERR,ERR,ERR,ERR,ERR,ERR,ERR,ERR,ERR,ERR,ERR,ERR,ERR,ERR,ERR,ERR,ERR,ERR,ERR,ERR,ERR,ERR,ERR,ERR,ERR,ERR,ERR,ERR,ERR,ERR,ERR,ERR,ERR,ERR,ERR,ERR,ERR,ERR,ERR,ERR,ERR,ERR,ERR,ERR,ERR,ERR,ERR,ERR,ERR,ERR,ERR,ERR,ERR,ERR,ERR,ERR,ERR,ERR,ERR,ERR,ERR,ERR,ERR,ERR,ERR,ERR,ERR,ERR,ERR,ERR,ERR,ERR,ERR,ERR,ERR,ERR,ERR,ERR,ERR,ERR,ERR,ERR,ERR,ERR,ERR,-0.0,-0.0,0.0,0.059,0.0,1.3936040501711995e+18,7.805,-0.0,0,0,4,48908,6720,14723890282496.0,100,0.0,0.0,0.0,-0.0,0.0,0,0,0,0,0.0,0,0,0,0,0,0,0,0,0,0,0,0,0,0,0,0,0,0,0,0,0,0,0,0,0,0,0,0,0,0,0,0,0,26,51,50,76,65476,0,300,0,0,8,21553,0.0,-107605600.0,0.0,0.0,0.0,0.0,0.0,0.0,0.0,0.0,0.0,0.0,0.0,0.0,0.0,0.0,0.0,0.0,0.0,0.0,0.0,0.0,0.0,-2.004,2.004,-2.004,0.0,0.0,0.0,0.0,4738.0,-0.0,7313.0,-0.0,-0.0,-107615360.0,2.7184312818759872e+23,0.0,0.0,0.0,0.0,77,-0.0,0.0,0.0,0.0,0.0,0.0,0.0,0.0,0.0,0,0,0,0.0,0.0,0.0,0.0,0.0,0.0,0.0,0.0,0.0,0.0,0.0,0.0,0.0,0.0,0.0,0.0,0,-107875648.0,77,0.0,154,0.0,0.0,ERR,ERR,ERR,ERR,ERR,ERR,ERR,ERR,ERR,ERR,ERR,ERR,ERR,ERR,ERR,ERR,ERR,ERR,ERR,ERR,ERR,ERR,ERR,ERR,ERR,ERR,ERR,ERR,ERR,ERR,ERR,ERR,ERR,ERR,ERR,ERR,ERR,ERR,ERR,ERR,ERR,ERR,ERR,ERR,ERR,ERR,ERR,ERR,ERR,ERR,ERR,ERR,ERR,ERR,ERR,ERR,ERR,ERR,ERR,ERR,ERR,ERR,ERR,ERR,ERR,ERR,ERR,34.0,80.0,35,0.0,0.0,0.0,0.0,0.0,0.0,0.0,0.0,0.0,0.0,0.0,0.0,0.0,0.0,0.0,0.0,66.0,0,120,58,54,65476,0,300,0,0,8,20529,65476,0,0,57672,80.0,0.0,0.0,0.0,0.0,0.0
2026-06-18T02:15:32,ERR,ERR,ERR,ERR,ERR,ERR,ERR,ERR,ERR,ERR,ERR,ERR,ERR,ERR,ERR,ERR,ERR,ERR,ERR,ERR,ERR,ERR,ERR,ERR,ERR,ERR,ERR,ERR,ERR,ERR,ERR,ERR,ERR,ERR,ERR,ERR,ERR,ERR,ERR,ERR,ERR,ERR,ERR,ERR,ERR,ERR,ERR,ERR,ERR,ERR,ERR,ERR,ERR,ERR,ERR,ERR,ERR,ERR,ERR,ERR,ERR,ERR,ERR,ERR,ERR,ERR,ERR,ERR,ERR,ERR,ERR,ERR,ERR,ERR,ERR,ERR,ERR,ERR,ERR,ERR,ERR,ERR,ERR,ERR,ERR,ERR,ERR,ERR,ERR,ERR,ERR,ERR,ERR,ERR,ERR,ERR,ERR,ERR,ERR,ERR,ERR,ERR,ERR,ERR,ERR,ERR,ERR,ERR,ERR,ERR,ERR,ERR,ERR,ERR,ERR,ERR,ERR,ERR,ERR,ERR,ERR,ERR,ERR,ERR,ERR,-0.0,-0.0,0.0,-0.0,-0.0,1.3936040501711995e+18,7.805,0.0,0,0,4,48896,6720,14723890282496.0,100,0.0,0.0,0.0,-0.0,0.0,0,0,0,0,0.0,0,0,0,0,0,0,0,0,0,0,0,0,0,0,0,0,0,0,0,0,0,0,0,0,0,0,0,0,0,0,0,0,0,26,51,50,76,65476,0,300,0,0,8,21553,0.0,-107605600.0,0.0,0.0,0.0,0.0,0.0,0.0,0.0,0.0,0.0,0.0,0.0,0.0,-2.596148429267414e+33,0.0,0.0,0.0,0.0,0.0,0.0,0.0,0.0,-2.004,0.0,-0.0,0.0,0.0,0.0,0.0,4740.0,564145296506880.0,7307.0,-0.0,-0.0,0.0,2.7184312818759872e+23,0.0,0.0,0.0,0.0,77,-0.0,-2.3088261162012456e+20,0.0,0.0,0.0,0.0,0.0,0.0,0.0,0,0,0,0.0,0.0,0.0,0.0,0.0,0.0,0.0,0.0,0.0,0.0,0.0,0.0,0.0,0.0,0.0,0.0,0,-107875648.0,77,0.0,154,0.0,0.0,ERR,ERR,ERR,ERR,ERR,ERR,ERR,ERR,ERR,ERR,ERR,ERR,ERR,ERR,ERR,ERR,ERR,ERR,ERR,ERR,ERR,ERR,ERR,ERR,ERR,ERR,ERR,ERR,ERR,ERR,ERR,ERR,ERR,ERR,ERR,ERR,ERR,ERR,ERR,ERR,ERR,ERR,ERR,ERR,ERR,ERR,ERR,ERR,ERR,ERR,ERR,ERR,ERR,ERR,ERR,ERR,ERR,ERR,ERR,ERR,ERR,ERR,ERR,ERR,ERR,ERR,ERR,34.0,80.0,35,0.0,0.0,0.0,0.0,0.0,0.0,0.0,0.0,0.0,0.0,0.0,0.0,0.0,0.0,0.0,0.0,66.4,0,120,58,54,65476,0,300,0,0,8,20529,65476,0,0,57672,80.0,0.0,0.0,0.0,0.0,0.0
2026-06-18T02:15:33,ERR,ERR,ERR,ERR,ERR,ERR,ERR,ERR,ERR,ERR,ERR,ERR,ERR,ERR,ERR,ERR,ERR,ERR,ERR,ERR,ERR,ERR,ERR,ERR,ERR,ERR,ERR,ERR,ERR,ERR,ERR,ERR,ERR,ERR,ERR,ERR,ERR,ERR,ERR,ERR,ERR,ERR,ERR,ERR,ERR,ERR,ERR,ERR,ERR,ERR,ERR,ERR,ERR,ERR,ERR,ERR,ERR,ERR,ERR,ERR,ERR,ERR,ERR,ERR,ERR,ERR,ERR,ERR,ERR,ERR,ERR,ERR,ERR,ERR,ERR,ERR,ERR,ERR,ERR,ERR,ERR,ERR,ERR,ERR,ERR,ERR,ERR,ERR,ERR,ERR,ERR,ERR,ERR,ERR,ERR,ERR,ERR,ERR,ERR,ERR,ERR,ERR,ERR,ERR,ERR,ERR,ERR,ERR,ERR,ERR,ERR,ERR,ERR,ERR,ERR,ERR,ERR,ERR,ERR,ERR,ERR,ERR,ERR,ERR,ERR,-0.0,-0.0,0.0,-0.0,-0.0,1.3936040501711995e+18,7.805,0.0,0,0,4,48896,6720,14723890282496.0,100,0.0,0.0,0.0,-0.0,0.0,0,0,0,0,0.0,0,0,0,0,0,0,0,0,0,0,0,0,0,0,0,0,0,0,0,0,0,0,0,0,0,0,0,0,0,0,0,0,0,26,51,50,76,65476,0,300,0,0,8,21553,0.0,-107605600.0,0.0,0.0,0.0,0.0,0.0,0.0,0.0,0.0,0.0,0.0,0.0,0.0,-2.596148429267414e+33,0.0,0.0,0.0,0.0,0.0,0.0,0.0,0.0,-2.004,0.0,-0.0,0.0,0.0,0.0,0.0,4740.0,564145296506880.0,7307.0,-0.0,-0.0,0.0,2.7184312818759872e+23,0.0,0.0,0.0,0.0,77,-0.0,-2.3088261162012456e+20,0.0,0.0,0.0,0.0,0.0,0.0,0.0,0,0,0,0.0,0.0,0.0,0.0,0.0,0.0,0.0,0.0,0.0,0.0,0.0,0.0,0.0,0.0,0.0,0.0,0,-107875648.0,77,0.0,154,0.0,0.0,ERR,ERR,ERR,ERR,ERR,ERR,ERR,ERR,ERR,ERR,ERR,ERR,ERR,ERR,ERR,ERR,ERR,ERR,ERR,ERR,ERR,ERR,ERR,ERR,ERR,ERR,ERR,ERR,ERR,ERR,ERR,ERR,ERR,ERR,ERR,ERR,ERR,ERR,ERR,ERR,ERR,ERR,ERR,ERR,ERR,ERR,ERR,ERR,ERR,ERR,ERR,ERR,ERR,ERR,ERR,ERR,ERR,ERR,ERR,ERR,ERR,ERR,ERR,ERR,ERR,ERR,ERR,34.0,80.0,35,0.0,0.0,0.0,0.0,0.0,0.0,0.0,0.0,0.0,0.0,0.0,0.0,0.0,0.0,0.0,0.0,66.4,0,120,58,54,65476,0,300,0,0,8,20529,65476,0,0,57672,80.0,0.0,0.0,0.0,0.0,0.0
2026-06-18T02:15:34,ERR,ERR,ERR,ERR,ERR,ERR,ERR,ERR,ERR,ERR,ERR,ERR,ERR,ERR,ERR,ERR,ERR,ERR,ERR,ERR,ERR,ERR,ERR,ERR,ERR,ERR,ERR,ERR,ERR,ERR,ERR,ERR,ERR,ERR,ERR,ERR,ERR,ERR,ERR,ERR,ERR,ERR,ERR,ERR,ERR,ERR,ERR,ERR,ERR,ERR,ERR,ERR,ERR,ERR,ERR,ERR,ERR,ERR,ERR,ERR,ERR,ERR,ERR,ERR,ERR,ERR,ERR,ERR,ERR,ERR,ERR,ERR,ERR,ERR,ERR,ERR,ERR,ERR,ERR,ERR,ERR,ERR,ERR,ERR,ERR,ERR,ERR,ERR,ERR,ERR,ERR,ERR,ERR,ERR,ERR,ERR,ERR,ERR,ERR,ERR,ERR,ERR,ERR,ERR,ERR,ERR,ERR,ERR,ERR,ERR,ERR,ERR,ERR,ERR,ERR,ERR,ERR,ERR,ERR,ERR,ERR,ERR,ERR,ERR,ERR,-0.0,-0.0,0.0,-0.0,-0.0,1.3936040501711995e+18,7.805,0.0,0,0,4,48896,6720,14723890282496.0,100,0.0,0.0,0.0,-0.0,0.0,0,0,0,0,0.0,0,0,0,0,0,0,0,0,0,0,0,0,0,0,0,0,0,0,0,0,0,0,0,0,0,0,0,0,0,0,0,0,0,26,51,50,76,65476,0,300,0,0,8,21553,0.0,-107605600.0,0.0,0.0,0.0,0.0,0.0,0.0,0.0,0.0,0.0,0.0,0.0,0.0,-2.596148429267414e+33,0.0,0.0,0.0,0.0,0.0,0.0,0.0,0.0,-2.004,0.0,-0.0,0.0,0.0,0.0,0.0,4740.0,564145296506880.0,7307.0,-0.0,-0.0,0.0,2.7184312818759872e+23,0.0,0.0,0.0,0.0,77,-0.0,-2.3088261162012456e+20,0.0,0.0,0.0,0.0,0.0,0.0,0.0,0,0,0,0.0,0.0,0.0,0.0,0.0,0.0,0.0,0.0,0.0,0.0,0.0,0.0,0.0,0.0,0.0,0.0,0,-107875648.0,77,0.0,154,0.0,0.0,ERR,ERR,ERR,ERR,ERR,ERR,ERR,ERR,ERR,ERR,ERR,ERR,ERR,ERR,ERR,ERR,ERR,ERR,ERR,ERR,ERR,ERR,ERR,ERR,ERR,ERR,ERR,ERR,ERR,ERR,ERR,ERR,ERR,ERR,ERR,ERR,ERR,ERR,ERR,ERR,ERR,ERR,ERR,ERR,ERR,ERR,ERR,ERR,ERR,ERR,ERR,ERR,ERR,ERR,ERR,ERR,ERR,ERR,ERR,ERR,ERR,ERR,ERR,ERR,ERR,ERR,ERR,34.0,80.0,35,0.0,0.0,0.0,0.0,0.0,0.0,0.0,0.0,0.0,0.0,0.0,0.0,0.0,0.0,0.0,0.0,66.0,0,120,58,54,65476,0,300,0,0,8,20529,65476,0,0,57672,80.0,0.0,0.0,0.0,0.0,0.0
2026-06-18T02:15:35,ERR,ERR,ERR,ERR,ERR,ERR,ERR,ERR,ERR,ERR,ERR,ERR,ERR,ERR,ERR,ERR,ERR,ERR,ERR,ERR,ERR,ERR,ERR,ERR,ERR,ERR,ERR,ERR,ERR,ERR,ERR,ERR,ERR,ERR,ERR,ERR,ERR,ERR,ERR,ERR,ERR,ERR,ERR,ERR,ERR,ERR,ERR,ERR,ERR,ERR,ERR,ERR,ERR,ERR,ERR,ERR,ERR,ERR,ERR,ERR,ERR,ERR,ERR,ERR,ERR,ERR,ERR,ERR,ERR,ERR,ERR,ERR,ERR,ERR,ERR,ERR,ERR,ERR,ERR,ERR,ERR,ERR,ERR,ERR,ERR,ERR,ERR,ERR,ERR,ERR,ERR,ERR,ERR,ERR,ERR,ERR,ERR,ERR,ERR,ERR,ERR,ERR,ERR,ERR,ERR,ERR,ERR,ERR,ERR,ERR,ERR,ERR,ERR,ERR,ERR,ERR,ERR,ERR,ERR,ERR,ERR,ERR,ERR,ERR,ERR,-0.0,-0.0,0.0,-0.0,-0.0,1.3936040501711995e+18,7.805,0.0,0,0,4,48896,6720,14723890282496.0,100,0.0,0.0,0.0,-0.0,0.0,0,0,0,0,0.0,0,0,0,0,0,0,0,0,0,0,0,0,0,0,0,0,0,0,0,0,0,0,0,0,0,0,0,0,0,0,0,0,0,26,51,50,76,65476,0,300,0,0,8,21553,0.0,-107605600.0,0.0,0.0,0.0,0.0,0.0,0.0,0.0,0.0,0.0,0.0,0.0,0.0,-2.596148429267414e+33,0.0,0.0,0.0,0.0,0.0,0.0,0.0,0.0,-2.004,0.0,-0.0,0.0,0.0,0.0,0.0,4740.0,564145296506880.0,7307.0,-0.0,-0.0,0.0,2.7184312818759872e+23,0.0,0.0,0.0,0.0,77,-0.0,-2.3088261162012456e+20,0.0,0.0,0.0,0.0,0.0,0.0,0.0,0,0,0,0.0,0.0,0.0,0.0,0.0,0.0,0.0,0.0,0.0,0.0,0.0,0.0,0.0,0.0,0.0,0.0,0,-107875648.0,77,0.0,154,0.0,0.0,ERR,ERR,ERR,ERR,ERR,ERR,ERR,ERR,ERR,ERR,ERR,ERR,ERR,ERR,ERR,ERR,ERR,ERR,ERR,ERR,ERR,ERR,ERR,ERR,ERR,ERR,ERR,ERR,ERR,ERR,ERR,ERR,ERR,ERR,ERR,ERR,ERR,ERR,ERR,ERR,ERR,ERR,ERR,ERR,ERR,ERR,ERR,ERR,ERR,ERR,ERR,ERR,ERR,ERR,ERR,ERR,ERR,ERR,ERR,ERR,ERR,ERR,ERR,ERR,ERR,ERR,ERR,34.0,80.0,35,0.0,0.0,0.0,0.0,0.0,0.0,0.0,0.0,0.0,0.0,0.0,0.0,0.0,0.0,0.0,0.0,66.0,0,120,58,54,65476,0,300,0,0,8,20529,65476,0,0,57672,80.0,0.0,0.0,0.0,0.0,0.0
2026-06-18T02:15:36,ERR,ERR,ERR,ERR,ERR,ERR,ERR,ERR,ERR,ERR,ERR,ERR,ERR,ERR,ERR,ERR,ERR,ERR,ERR,ERR,ERR,ERR,ERR,ERR,ERR,ERR,ERR,ERR,ERR,ERR,ERR,ERR,ERR,ERR,ERR,ERR,ERR,ERR,ERR,ERR,ERR,ERR,ERR,ERR,ERR,ERR,ERR,ERR,ERR,ERR,ERR,ERR,ERR,ERR,ERR,ERR,ERR,ERR,ERR,ERR,ERR,ERR,ERR,ERR,ERR,ERR,ERR,ERR,ERR,ERR,ERR,ERR,ERR,ERR,ERR,ERR,ERR,ERR,ERR,ERR,ERR,ERR,ERR,ERR,ERR,ERR,ERR,ERR,ERR,ERR,ERR,ERR,ERR,ERR,ERR,ERR,ERR,ERR,ERR,ERR,ERR,ERR,ERR,ERR,ERR,ERR,ERR,ERR,ERR,ERR,ERR,ERR,ERR,ERR,ERR,ERR,ERR,ERR,ERR,ERR,ERR,ERR,ERR,ERR,ERR,-0.0,-0.0,0.0,-0.0,-0.0,1.3936040501711995e+18,7.805,0.0,0,0,4,48896,6720,14723890282496.0,100,0.0,0.0,0.0,-0.0,0.0,0,0,0,0,0.0,0,0,0,0,0,0,0,0,0,0,0,0,0,0,0,0,0,0,0,0,0,0,0,0,0,0,0,0,0,0,0,0,0,26,51,50,76,65476,0,300,0,0,8,21553,0.0,-107605600.0,0.0,0.0,0.0,0.0,0.0,0.0,0.0,0.0,0.0,0.0,0.0,0.0,-2.596148429267414e+33,0.0,0.0,0.0,0.0,0.0,0.0,0.0,0.0,-2.004,0.0,-0.0,0.0,0.0,0.0,0.0,4740.0,564145296506880.0,7307.0,-0.0,-0.0,0.0,2.7184312818759872e+23,0.0,0.0,0.0,0.0,77,-0.0,-2.3088261162012456e+20,0.0,0.0,0.0,0.0,0.0,0.0,0.0,0,0,0,0.0,0.0,0.0,0.0,0.0,0.0,0.0,0.0,0.0,0.0,0.0,0.0,0.0,0.0,0.0,0.0,0,-107875648.0,77,0.0,154,0.0,0.0,ERR,ERR,ERR,ERR,ERR,ERR,ERR,ERR,ERR,ERR,ERR,ERR,ERR,ERR,ERR,ERR,ERR,ERR,ERR,ERR,ERR,ERR,ERR,ERR,ERR,ERR,ERR,ERR,ERR,ERR,ERR,ERR,ERR,ERR,ERR,ERR,ERR,ERR,ERR,ERR,ERR,ERR,ERR,ERR,ERR,ERR,ERR,ERR,ERR,ERR,ERR,ERR,ERR,ERR,ERR,ERR,ERR,ERR,ERR,ERR,ERR,ERR,ERR,ERR,ERR,ERR,ERR,34.0,80.0,35,0.0,0.0,0.0,0.0,0.0,0.0,0.0,0.0,0.0,0.0,0.0,0.0,0.0,0.0,0.0,0.0,66.4,0,120,58,54,65476,0,300,0,0,8,20529,65476,0,0,57672,80.0,0.0,0.0,0.0,0.0,0.0
2026-06-18T02:15:37,ERR,ERR,ERR,ERR,ERR,ERR,ERR,ERR,ERR,ERR,ERR,ERR,ERR,ERR,ERR,ERR,ERR,ERR,ERR,ERR,ERR,ERR,ERR,ERR,ERR,ERR,ERR,ERR,ERR,ERR,ERR,ERR,ERR,ERR,ERR,ERR,ERR,ERR,ERR,ERR,ERR,ERR,ERR,ERR,ERR,ERR,ERR,ERR,ERR,ERR,ERR,ERR,ERR,ERR,ERR,ERR,ERR,ERR,ERR,ERR,ERR,ERR,ERR,ERR,ERR,ERR,ERR,ERR,ERR,ERR,ERR,ERR,ERR,ERR,ERR,ERR,ERR,ERR,ERR,ERR,ERR,ERR,ERR,ERR,ERR,ERR,ERR,ERR,ERR,ERR,ERR,ERR,ERR,ERR,ERR,ERR,ERR,ERR,ERR,ERR,ERR,ERR,ERR,ERR,ERR,ERR,ERR,ERR,ERR,ERR,ERR,ERR,ERR,ERR,ERR,ERR,ERR,ERR,ERR,ERR,ERR,ERR,ERR,ERR,ERR,-0.0,-0.0,0.0,2.718290229135658e+23,2.012,1.3936040501711995e+18,7.805,-4.0828997592390904e+35,0,0,4,48898,6720,14723890282496.0,100,0.0,0.0,0.0,2.718290229135658e+23,0.0,0,0,0,0,0.0,0,0,0,0,0,0,0,0,0,0,0,0,0,0,0,0,0,0,0,0,0,0,0,0,0,0,0,0,0,0,0,0,0,26,51,50,76,65476,0,300,0,0,8,21553,0.0,-107605600.0,0.0,0.0,0.0,0.0,0.0,0.0,0.0,0.0,0.0,0.0,0.0,0.0,0.0,0.0,0.0,0.0,0.0,0.0,0.0,0.0,0.0,-2.004,0.0,-2.004,0.0,0.0,0.0,0.0,4738.0,0.0,7300.0,-0.0,-0.0,0.0,0.0,0.0,0.0,0.0,0.0,77,-0.0,-0.0,0.0,0.0,0.0,0.0,0.0,0.0,0.0,0,0,0,0.0,0.0,0.0,0.0,0.0,0.0,0.0,0.0,0.0,0.0,0.0,0.0,0.0,0.0,0.0,0.0,0,-107875648.0,77,0.0,154,0.0,-0.0,ERR,ERR,ERR,ERR,ERR,ERR,ERR,ERR,ERR,ERR,ERR,ERR,ERR,ERR,ERR,ERR,ERR,ERR,ERR,ERR,ERR,ERR,ERR,ERR,ERR,ERR,ERR,ERR,ERR,ERR,ERR,ERR,ERR,ERR,ERR,ERR,ERR,ERR,ERR,ERR,ERR,ERR,ERR,ERR,ERR,ERR,ERR,ERR,ERR,ERR,ERR,ERR,ERR,ERR,ERR,ERR,ERR,ERR,ERR,ERR,ERR,ERR,ERR,ERR,ERR,ERR,ERR,34.0,80.0,35,0.0,0.0,0.0,0.0,0.0,0.0,0.0,0.0,0.0,0.0,0.0,0.0,0.0,0.0,0.0,0.0,66.4,0,120,58,54,65476,0,300,0,0,8,20529,65476,0,0,57672,80.0,0.0,0.0,0.0,0.0,0.0
2026-06-18T02:15:38,ERR,ERR,ERR,ERR,ERR,ERR,ERR,ERR,ERR,ERR,ERR,ERR,ERR,ERR,ERR,ERR,ERR,ERR,ERR,ERR,ERR,ERR,ERR,ERR,ERR,ERR,ERR,ERR,ERR,ERR,ERR,ERR,ERR,ERR,ERR,ERR,ERR,ERR,ERR,ERR,ERR,ERR,ERR,ERR,ERR,ERR,ERR,ERR,ERR,ERR,ERR,ERR,ERR,ERR,ERR,ERR,ERR,ERR,ERR,ERR,ERR,ERR,ERR,ERR,ERR,ERR,ERR,ERR,ERR,ERR,ERR,ERR,ERR,ERR,ERR,ERR,ERR,ERR,ERR,ERR,ERR,ERR,ERR,ERR,ERR,ERR,ERR,ERR,ERR,ERR,ERR,ERR,ERR,ERR,ERR,ERR,ERR,ERR,ERR,ERR,ERR,ERR,ERR,ERR,ERR,ERR,ERR,ERR,ERR,ERR,ERR,ERR,ERR,ERR,ERR,ERR,ERR,ERR,ERR,ERR,ERR,ERR,ERR,ERR,ERR,-0.0,-0.0,0.0,2.718290229135658e+23,2.012,1.3936040501711995e+18,7.805,-4.0828997592390904e+35,0,0,4,48898,6720,14723890282496.0,100,0.0,0.0,0.0,2.718290229135658e+23,0.0,0,0,0,0,0.0,0,0,0,0,0,0,0,0,0,0,0,0,0,0,0,0,0,0,0,0,0,0,0,0,0,0,0,0,0,0,0,0,0,26,51,50,76,65476,0,300,0,0,8,21553,0.0,-107605600.0,0.0,0.0,0.0,0.0,0.0,0.0,0.0,0.0,0.0,0.0,0.0,0.0,0.0,0.0,0.0,0.0,0.0,0.0,0.0,0.0,0.0,-2.004,0.0,-2.004,0.0,0.0,0.0,0.0,4738.0,0.0,7300.0,-0.0,-0.0,0.0,0.0,0.0,0.0,0.0,0.0,77,-0.0,-0.0,0.0,0.0,0.0,0.0,0.0,0.0,0.0,0,0,0,0.0,0.0,0.0,0.0,0.0,0.0,0.0,0.0,0.0,0.0,0.0,0.0,0.0,0.0,0.0,0.0,0,-107875648.0,77,0.0,154,0.0,-0.0,ERR,ERR,ERR,ERR,ERR,ERR,ERR,ERR,ERR,ERR,ERR,ERR,ERR,ERR,ERR,ERR,ERR,ERR,ERR,ERR,ERR,ERR,ERR,ERR,ERR,ERR,ERR,ERR,ERR,ERR,ERR,ERR,ERR,ERR,ERR,ERR,ERR,ERR,ERR,ERR,ERR,ERR,ERR,ERR,ERR,ERR,ERR,ERR,ERR,ERR,ERR,ERR,ERR,ERR,ERR,ERR,ERR,ERR,ERR,ERR,ERR,ERR,ERR,ERR,ERR,ERR,ERR,34.0,80.0,35,0.0,0.0,0.0,0.0,0.0,0.0,0.0,0.0,0.0,0.0,0.0,0.0,0.0,0.0,0.0,0.0,66.0,0,120,58,54,65476,0,300,0,0,8,20529,65476,0,0,57672,80.0,0.0,0.0,0.0,0.0,0.0
2026-06-18T02:15:39,ERR,ERR,ERR,ERR,ERR,ERR,ERR,ERR,ERR,ERR,ERR,ERR,ERR,ERR,ERR,ERR,ERR,ERR,ERR,ERR,ERR,ERR,ERR,ERR,ERR,ERR,ERR,ERR,ERR,ERR,ERR,ERR,ERR,ERR,ERR,ERR,ERR,ERR,ERR,ERR,ERR,ERR,ERR,ERR,ERR,ERR,ERR,ERR,ERR,ERR,ERR,ERR,ERR,ERR,ERR,ERR,ERR,ERR,ERR,ERR,ERR,ERR,ERR,ERR,ERR,ERR,ERR,ERR,ERR,ERR,ERR,ERR,ERR,ERR,ERR,ERR,ERR,ERR,ERR,ERR,ERR,ERR,ERR,ERR,ERR,ERR,ERR,ERR,ERR,ERR,ERR,ERR,ERR,ERR,ERR,ERR,ERR,ERR,ERR,ERR,ERR,ERR,ERR,ERR,ERR,ERR,ERR,ERR,ERR,ERR,ERR,ERR,ERR,ERR,ERR,ERR,ERR,ERR,ERR,ERR,ERR,ERR,ERR,ERR,ERR,-0.0,-0.0,0.0,2.718290229135658e+23,2.012,1.3936040501711995e+18,7.805,-4.0828997592390904e+35,0,0,4,48898,6720,14723890282496.0,100,0.0,0.0,0.0,2.718290229135658e+23,0.0,0,0,0,0,0.0,0,0,0,0,0,0,0,0,0,0,0,0,0,0,0,0,0,0,0,0,0,0,0,0,0,0,0,0,0,0,0,0,0,26,51,50,76,65476,0,300,0,0,8,21553,0.0,-107605600.0,0.0,0.0,0.0,0.0,0.0,0.0,0.0,0.0,0.0,0.0,0.0,0.0,0.0,0.0,0.0,0.0,0.0,0.0,0.0,0.0,0.0,-2.004,0.0,-2.004,0.0,0.0,0.0,0.0,4738.0,0.0,7300.0,-0.0,-0.0,0.0,0.0,0.0,0.0,0.0,0.0,77,-0.0,-0.0,0.0,0.0,0.0,0.0,0.0,0.0,0.0,0,0,0,0.0,0.0,0.0,0.0,0.0,0.0,0.0,0.0,0.0,0.0,0.0,0.0,0.0,0.0,0.0,0.0,0,-107875648.0,77,0.0,154,0.0,-0.0,ERR,ERR,ERR,ERR,ERR,ERR,ERR,ERR,ERR,ERR,ERR,ERR,ERR,ERR,ERR,ERR,ERR,ERR,ERR,ERR,ERR,ERR,ERR,ERR,ERR,ERR,ERR,ERR,ERR,ERR,ERR,ERR,ERR,ERR,ERR,ERR,ERR,ERR,ERR,ERR,ERR,ERR,ERR,ERR,ERR,ERR,ERR,ERR,ERR,ERR,ERR,ERR,ERR,ERR,ERR,ERR,ERR,ERR,ERR,ERR,ERR,ERR,ERR,ERR,ERR,ERR,ERR,34.0,80.0,35,0.0,0.0,0.0,0.0,0.0,0.0,0.0,0.0,0.0,0.0,0.0,0.0,0.0,0.0,0.0,0.0,66.0,0,120,58,54,65476,0,300,0,0,8,20529,65476,0,0,57672,80.0,0.0,0.0,0.0,0.0,0.0
2026-06-18T02:15:40,ERR,ERR,ERR,ERR,ERR,ERR,ERR,ERR,ERR,ERR,ERR,ERR,ERR,ERR,ERR,ERR,ERR,ERR,ERR,ERR,ERR,ERR,ERR,ERR,ERR,ERR,ERR,ERR,ERR,ERR,ERR,ERR,ERR,ERR,ERR,ERR,ERR,ERR,ERR,ERR,ERR,ERR,ERR,ERR,ERR,ERR,ERR,ERR,ERR,ERR,ERR,ERR,ERR,ERR,ERR,ERR,ERR,ERR,ERR,ERR,ERR,ERR,ERR,ERR,ERR,ERR,ERR,ERR,ERR,ERR,ERR,ERR,ERR,ERR,ERR,ERR,ERR,ERR,ERR,ERR,ERR,ERR,ERR,ERR,ERR,ERR,ERR,ERR,ERR,ERR,ERR,ERR,ERR,ERR,ERR,ERR,ERR,ERR,ERR,ERR,ERR,ERR,ERR,ERR,ERR,ERR,ERR,ERR,ERR,ERR,ERR,ERR,ERR,ERR,ERR,ERR,ERR,ERR,ERR,ERR,ERR,ERR,ERR,ERR,ERR,-0.0,-0.0,0.0,2.718290229135658e+23,2.012,1.3936040501711995e+18,7.805,-4.0828997592390904e+35,0,0,4,48898,6720,14723890282496.0,100,0.0,0.0,0.0,2.718290229135658e+23,0.0,0,0,0,0,0.0,0,0,0,0,0,0,0,0,0,0,0,0,0,0,0,0,0,0,0,0,0,0,0,0,0,0,0,0,0,0,0,0,0,26,51,50,76,65476,0,300,0,0,8,21553,0.0,-107605600.0,0.0,0.0,0.0,0.0,0.0,0.0,0.0,0.0,0.0,0.0,0.0,0.0,0.0,0.0,0.0,0.0,0.0,0.0,0.0,0.0,0.0,-2.004,0.0,-2.004,0.0,0.0,0.0,0.0,4738.0,0.0,7300.0,-0.0,-0.0,0.0,0.0,0.0,0.0,0.0,0.0,77,-0.0,-0.0,0.0,0.0,0.0,0.0,0.0,0.0,0.0,0,0,0,0.0,0.0,0.0,0.0,0.0,0.0,0.0,0.0,0.0,0.0,0.0,0.0,0.0,0.0,0.0,0.0,0,-107875648.0,77,0.0,154,0.0,-0.0,ERR,ERR,ERR,ERR,ERR,ERR,ERR,ERR,ERR,ERR,ERR,ERR,ERR,ERR,ERR,ERR,ERR,ERR,ERR,ERR,ERR,ERR,ERR,ERR,ERR,ERR,ERR,ERR,ERR,ERR,ERR,ERR,ERR,ERR,ERR,ERR,ERR,ERR,ERR,ERR,ERR,ERR,ERR,ERR,ERR,ERR,ERR,ERR,ERR,ERR,ERR,ERR,ERR,ERR,ERR,ERR,ERR,ERR,ERR,ERR,ERR,ERR,ERR,ERR,ERR,ERR,ERR,34.0,80.0,35,0.0,0.0,0.0,0.0,0.0,0.0,0.0,0.0,0.0,0.0,0.0,0.0,0.0,0.0,0.0,0.0,66.0,0,120,58,54,65476,0,300,0,0,8,20529,65476,0,0,57672,80.0,0.0,0.0,0.0,0.0,0.0
2026-06-18T02:15:41,ERR,ERR,ERR,ERR,ERR,ERR,ERR,ERR,ERR,ERR,ERR,ERR,ERR,ERR,ERR,ERR,ERR,ERR,ERR,ERR,ERR,ERR,ERR,ERR,ERR,ERR,ERR,ERR,ERR,ERR,ERR,ERR,ERR,ERR,ERR,ERR,ERR,ERR,ERR,ERR,ERR,ERR,ERR,ERR,ERR,ERR,ERR,ERR,ERR,ERR,ERR,ERR,ERR,ERR,ERR,ERR,ERR,ERR,ERR,ERR,ERR,ERR,ERR,ERR,ERR,ERR,ERR,ERR,ERR,ERR,ERR,ERR,ERR,ERR,ERR,ERR,ERR,ERR,ERR,ERR,ERR,ERR,ERR,ERR,ERR,ERR,ERR,ERR,ERR,ERR,ERR,ERR,ERR,ERR,ERR,ERR,ERR,ERR,ERR,ERR,ERR,ERR,ERR,ERR,ERR,ERR,ERR,ERR,ERR,ERR,ERR,ERR,ERR,ERR,ERR,ERR,ERR,ERR,ERR,ERR,ERR,ERR,ERR,ERR,ERR,-0.0,-0.0,0.0,2.718290229135658e+23,2.012,1.3936040501711995e+18,7.805,-4.0828997592390904e+35,0,0,4,48898,6720,14723890282496.0,100,0.0,0.0,0.0,2.718290229135658e+23,0.0,0,0,0,0,0.0,0,0,0,0,0,0,0,0,0,0,0,0,0,0,0,0,0,0,0,0,0,0,0,0,0,0,0,0,0,0,0,0,0,26,51,50,76,65476,0,300,0,0,8,21553,0.0,-107605600.0,0.0,0.0,0.0,0.0,0.0,0.0,0.0,0.0,0.0,0.0,0.0,0.0,0.0,0.0,0.0,0.0,0.0,0.0,0.0,0.0,0.0,-2.004,0.0,-2.004,0.0,0.0,0.0,0.0,4738.0,0.0,7300.0,-0.0,-0.0,0.0,0.0,0.0,0.0,0.0,0.0,77,-0.0,-0.0,0.0,0.0,0.0,0.0,0.0,0.0,0.0,0,0,0,0.0,0.0,0.0,0.0,0.0,0.0,0.0,0.0,0.0,0.0,0.0,0.0,0.0,0.0,0.0,0.0,0,-107875648.0,77,0.0,154,0.0,-0.0,ERR,ERR,ERR,ERR,ERR,ERR,ERR,ERR,ERR,ERR,ERR,ERR,ERR,ERR,ERR,ERR,ERR,ERR,ERR,ERR,ERR,ERR,ERR,ERR,ERR,ERR,ERR,ERR,ERR,ERR,ERR,ERR,ERR,ERR,ERR,ERR,ERR,ERR,ERR,ERR,ERR,ERR,ERR,ERR,ERR,ERR,ERR,ERR,ERR,ERR,ERR,ERR,ERR,ERR,ERR,ERR,ERR,ERR,ERR,ERR,ERR,ERR,ERR,ERR,ERR,ERR,ERR,34.0,80.0,35,0.0,0.0,0.0,0.0,0.0,0.0,0.0,0.0,0.0,0.0,0.0,0.0,0.0,0.0,0.0,0.0,66.0,0,120,58,54,65476,0,300,0,0,8,20529,65476,0,0,57672,80.0,0.0,0.0,0.0,0.0,0.0
2026-06-18T02:15:42,ERR,ERR,ERR,ERR,ERR,ERR,ERR,ERR,ERR,ERR,ERR,ERR,ERR,ERR,ERR,ERR,ERR,ERR,ERR,ERR,ERR,ERR,ERR,ERR,ERR,ERR,ERR,ERR,ERR,ERR,ERR,ERR,ERR,ERR,ERR,ERR,ERR,ERR,ERR,ERR,ERR,ERR,ERR,ERR,ERR,ERR,ERR,ERR,ERR,ERR,ERR,ERR,ERR,ERR,ERR,ERR,ERR,ERR,ERR,ERR,ERR,ERR,ERR,ERR,ERR,ERR,ERR,ERR,ERR,ERR,ERR,ERR,ERR,ERR,ERR,ERR,ERR,ERR,ERR,ERR,ERR,ERR,ERR,ERR,ERR,ERR,ERR,ERR,ERR,ERR,ERR,ERR,ERR,ERR,ERR,ERR,ERR,ERR,ERR,ERR,ERR,ERR,ERR,ERR,ERR,ERR,ERR,ERR,ERR,ERR,ERR,ERR,ERR,ERR,ERR,ERR,ERR,ERR,ERR,ERR,ERR,ERR,ERR,ERR,ERR,-0.0,-0.0,0.0,2.718290229135658e+23,2.012,1.3936040501711995e+18,7.805,-4.0828997592390904e+35,0,0,4,48899,6720,14723890282496.0,100,0.0,0.0,0.0,-4.9501291711397626e+32,0.0,0,0,0,0,0.0,0,0,0,0,0,0,0,0,0,0,0,0,0,0,0,0,0,0,0,0,0,0,0,0,0,0,0,0,0,0,0,0,0,26,51,50,76,65476,0,300,0,0,8,21553,0.0,-107605600.0,0.0,0.0,0.0,0.0,0.0,0.0,0.0,0.0,0.0,0.0,0.0,0.0,0.0,0.0,0.0,0.0,0.0,0.0,0.0,0.0,0.0,-2.004,0.0,-0.0,0.0,0.0,0.0,0.0,4740.0,0.0,7301.0,-0.0,-0.0,0.0,0.0,0.0,0.0,0.0,0.0,77,-0.0,-71.629,0.0,0.0,0.0,0.0,0.0,0.0,0.0,0,0,0,0.0,0.0,0.0,0.0,0.0,0.0,0.0,0.0,0.0,0.0,0.0,0.0,0.0,0.0,0.0,0.0,0,-107875648.0,77,0.0,154,0.0,0.0,ERR,ERR,ERR,ERR,ERR,ERR,ERR,ERR,ERR,ERR,ERR,ERR,ERR,ERR,ERR,ERR,ERR,ERR,ERR,ERR,ERR,ERR,ERR,ERR,ERR,ERR,ERR,ERR,ERR,ERR,ERR,ERR,ERR,ERR,ERR,ERR,ERR,ERR,ERR,ERR,ERR,ERR,ERR,ERR,ERR,ERR,ERR,ERR,ERR,ERR,ERR,ERR,ERR,ERR,ERR,ERR,ERR,ERR,ERR,ERR,ERR,ERR,ERR,ERR,ERR,ERR,ERR,34.0,80.0,35,0.0,0.0,0.0,0.0,0.0,0.0,0.0,0.0,0.0,0.0,0.0,0.0,0.0,0.0,0.0,0.0,66.0,0,120,58,54,65476,0,300,0,0,8,20529,65476,0,0,57672,80.0,0.0,0.0,0.0,0.0,0.0
2026-06-18T02:15:43,ERR,ERR,ERR,ERR,ERR,ERR,ERR,ERR,ERR,ERR,ERR,ERR,ERR,ERR,ERR,ERR,ERR,ERR,ERR,ERR,ERR,ERR,ERR,ERR,ERR,ERR,ERR,ERR,ERR,ERR,ERR,ERR,ERR,ERR,ERR,ERR,ERR,ERR,ERR,ERR,ERR,ERR,ERR,ERR,ERR,ERR,ERR,ERR,ERR,ERR,ERR,ERR,ERR,ERR,ERR,ERR,ERR,ERR,ERR,ERR,ERR,ERR,ERR,ERR,ERR,ERR,ERR,ERR,ERR,ERR,ERR,ERR,ERR,ERR,ERR,ERR,ERR,ERR,ERR,ERR,ERR,ERR,ERR,ERR,ERR,ERR,ERR,ERR,ERR,ERR,ERR,ERR,ERR,ERR,ERR,ERR,ERR,ERR,ERR,ERR,ERR,ERR,ERR,ERR,ERR,ERR,ERR,ERR,ERR,ERR,ERR,ERR,ERR,ERR,ERR,ERR,ERR,ERR,ERR,ERR,ERR,ERR,ERR,ERR,ERR,-0.0,-0.0,0.0,2.718290229135658e+23,2.012,1.3936040501711995e+18,7.805,-4.0828997592390904e+35,0,0,4,48899,6720,14723890282496.0,100,0.0,0.0,0.0,-4.9501291711397626e+32,0.0,0,0,0,0,0.0,0,0,0,0,0,0,0,0,0,0,0,0,0,0,0,0,0,0,0,0,0,0,0,0,0,0,0,0,0,0,0,0,0,26,51,50,76,65476,0,300,0,0,8,21553,0.0,-107605600.0,0.0,0.0,0.0,0.0,0.0,0.0,0.0,0.0,0.0,0.0,0.0,0.0,0.0,0.0,0.0,0.0,0.0,0.0,0.0,0.0,0.0,-2.004,0.0,-0.0,0.0,0.0,0.0,0.0,4740.0,0.0,7301.0,-0.0,-0.0,0.0,0.0,0.0,0.0,0.0,0.0,77,-0.0,-71.629,0.0,0.0,0.0,0.0,0.0,0.0,0.0,0,0,0,0.0,0.0,0.0,0.0,0.0,0.0,0.0,0.0,0.0,0.0,0.0,0.0,0.0,0.0,0.0,0.0,0,-107875648.0,77,0.0,154,0.0,0.0,ERR,ERR,ERR,ERR,ERR,ERR,ERR,ERR,ERR,ERR,ERR,ERR,ERR,ERR,ERR,ERR,ERR,ERR,ERR,ERR,ERR,ERR,ERR,ERR,ERR,ERR,ERR,ERR,ERR,ERR,ERR,ERR,ERR,ERR,ERR,ERR,ERR,ERR,ERR,ERR,ERR,ERR,ERR,ERR,ERR,ERR,ERR,ERR,ERR,ERR,ERR,ERR,ERR,ERR,ERR,ERR,ERR,ERR,ERR,ERR,ERR,ERR,ERR,ERR,ERR,ERR,ERR,34.0,80.0,35,0.0,0.0,0.0,0.0,0.0,0.0,0.0,0.0,0.0,0.0,0.0,0.0,0.0,0.0,0.0,0.0,66.0,0,120,58,54,65476,0,300,0,0,8,20529,65476,0,0,57672,80.0,0.0,0.0,0.0,0.0,0.0
2026-06-18T02:15:44,ERR,ERR,ERR,ERR,ERR,ERR,ERR,ERR,ERR,ERR,ERR,ERR,ERR,ERR,ERR,ERR,ERR,ERR,ERR,ERR,ERR,ERR,ERR,ERR,ERR,ERR,ERR,ERR,ERR,ERR,ERR,ERR,ERR,ERR,ERR,ERR,ERR,ERR,ERR,ERR,ERR,ERR,ERR,ERR,ERR,ERR,ERR,ERR,ERR,ERR,ERR,ERR,ERR,ERR,ERR,ERR,ERR,ERR,ERR,ERR,ERR,ERR,ERR,ERR,ERR,ERR,ERR,ERR,ERR,ERR,ERR,ERR,ERR,ERR,ERR,ERR,ERR,ERR,ERR,ERR,ERR,ERR,ERR,ERR,ERR,ERR,ERR,ERR,ERR,ERR,ERR,ERR,ERR,ERR,ERR,ERR,ERR,ERR,ERR,ERR,ERR,ERR,ERR,ERR,ERR,ERR,ERR,ERR,ERR,ERR,ERR,ERR,ERR,ERR,ERR,ERR,ERR,ERR,ERR,ERR,ERR,ERR,ERR,ERR,ERR,-0.0,-0.0,0.0,2.718290229135658e+23,2.012,1.3936040501711995e+18,7.805,-4.0828997592390904e+35,0,0,4,48899,6720,14723890282496.0,100,0.0,0.0,0.0,-4.9501291711397626e+32,0.0,0,0,0,0,0.0,0,0,0,0,0,0,0,0,0,0,0,0,0,0,0,0,0,0,0,0,0,0,0,0,0,0,0,0,0,0,0,0,0,26,51,50,76,65476,0,300,0,0,8,21553,0.0,-107605600.0,0.0,0.0,0.0,0.0,0.0,0.0,0.0,0.0,0.0,0.0,0.0,0.0,0.0,0.0,0.0,0.0,0.0,0.0,0.0,0.0,0.0,-2.004,0.0,-0.0,0.0,0.0,0.0,0.0,4740.0,0.0,7301.0,-0.0,-0.0,0.0,0.0,0.0,0.0,0.0,0.0,77,-0.0,-71.629,0.0,0.0,0.0,0.0,0.0,0.0,0.0,0,0,0,0.0,0.0,0.0,0.0,0.0,0.0,0.0,0.0,0.0,0.0,0.0,0.0,0.0,0.0,0.0,0.0,0,-107875648.0,77,0.0,154,0.0,0.0,ERR,ERR,ERR,ERR,ERR,ERR,ERR,ERR,ERR,ERR,ERR,ERR,ERR,ERR,ERR,ERR,ERR,ERR,ERR,ERR,ERR,ERR,ERR,ERR,ERR,ERR,ERR,ERR,ERR,ERR,ERR,ERR,ERR,ERR,ERR,ERR,ERR,ERR,ERR,ERR,ERR,ERR,ERR,ERR,ERR,ERR,ERR,ERR,ERR,ERR,ERR,ERR,ERR,ERR,ERR,ERR,ERR,ERR,ERR,ERR,ERR,ERR,ERR,ERR,ERR,ERR,ERR,34.0,80.0,35,0.0,0.0,0.0,0.0,0.0,0.0,0.0,0.0,0.0,0.0,0.0,0.0,0.0,0.0,0.0,0.0,66.0,0,120,58,54,65476,0,300,0,0,8,20529,65476,0,0,57672,80.0,0.0,0.0,0.0,0.0,0.0
2026-06-18T02:15:45,ERR,ERR,ERR,ERR,ERR,ERR,ERR,ERR,ERR,ERR,ERR,ERR,ERR,ERR,ERR,ERR,ERR,ERR,ERR,ERR,ERR,ERR,ERR,ERR,ERR,ERR,ERR,ERR,ERR,ERR,ERR,ERR,ERR,ERR,ERR,ERR,ERR,ERR,ERR,ERR,ERR,ERR,ERR,ERR,ERR,ERR,ERR,ERR,ERR,ERR,ERR,ERR,ERR,ERR,ERR,ERR,ERR,ERR,ERR,ERR,ERR,ERR,ERR,ERR,ERR,ERR,ERR,ERR,ERR,ERR,ERR,ERR,ERR,ERR,ERR,ERR,ERR,ERR,ERR,ERR,ERR,ERR,ERR,ERR,ERR,ERR,ERR,ERR,ERR,ERR,ERR,ERR,ERR,ERR,ERR,ERR,ERR,ERR,ERR,ERR,ERR,ERR,ERR,ERR,ERR,ERR,ERR,ERR,ERR,ERR,ERR,ERR,ERR,ERR,ERR,ERR,ERR,ERR,ERR,ERR,ERR,ERR,ERR,ERR,ERR,-0.0,-0.0,0.0,2.718290229135658e+23,2.012,1.3936040501711995e+18,7.805,-4.0828997592390904e+35,0,0,4,48899,6720,14723890282496.0,100,0.0,0.0,0.0,-4.9501291711397626e+32,0.0,0,0,0,0,0.0,0,0,0,0,0,0,0,0,0,0,0,0,0,0,0,0,0,0,0,0,0,0,0,0,0,0,0,0,0,0,0,0,0,26,51,50,76,65476,0,300,0,0,8,21553,0.0,-107605600.0,0.0,0.0,0.0,0.0,0.0,0.0,0.0,0.0,0.0,0.0,0.0,0.0,0.0,0.0,0.0,0.0,0.0,0.0,0.0,0.0,0.0,-2.004,0.0,-0.0,0.0,0.0,0.0,0.0,4740.0,0.0,7301.0,-0.0,-0.0,0.0,0.0,0.0,0.0,0.0,0.0,77,-0.0,-71.629,0.0,0.0,0.0,0.0,0.0,0.0,0.0,0,0,0,0.0,0.0,0.0,0.0,0.0,0.0,0.0,0.0,0.0,0.0,0.0,0.0,0.0,0.0,0.0,0.0,0,-107875648.0,77,0.0,154,0.0,0.0,ERR,ERR,ERR,ERR,ERR,ERR,ERR,ERR,ERR,ERR,ERR,ERR,ERR,ERR,ERR,ERR,ERR,ERR,ERR,ERR,ERR,ERR,ERR,ERR,ERR,ERR,ERR,ERR,ERR,ERR,ERR,ERR,ERR,ERR,ERR,ERR,ERR,ERR,ERR,ERR,ERR,ERR,ERR,ERR,ERR,ERR,ERR,ERR,ERR,ERR,ERR,ERR,ERR,ERR,ERR,ERR,ERR,ERR,ERR,ERR,ERR,ERR,ERR,ERR,ERR,ERR,ERR,34.0,80.0,35,0.0,0.0,0.0,0.0,0.0,0.0,0.0,0.0,0.0,0.0,0.0,0.0,0.0,0.0,0.0,0.0,66.0,0,120,58,54,65476,0,300,0,0,8,20529,65476,0,0,57672,80.0,0.0,0.0,0.0,0.0,0.0
2026-06-18T02:15:46,ERR,ERR,ERR,ERR,ERR,ERR,ERR,ERR,ERR,ERR,ERR,ERR,ERR,ERR,ERR,ERR,ERR,ERR,ERR,ERR,ERR,ERR,ERR,ERR,ERR,ERR,ERR,ERR,ERR,ERR,ERR,ERR,ERR,ERR,ERR,ERR,ERR,ERR,ERR,ERR,ERR,ERR,ERR,ERR,ERR,ERR,ERR,ERR,ERR,ERR,ERR,ERR,ERR,ERR,ERR,ERR,ERR,ERR,ERR,ERR,ERR,ERR,ERR,ERR,ERR,ERR,ERR,ERR,ERR,ERR,ERR,ERR,ERR,ERR,ERR,ERR,ERR,ERR,ERR,ERR,ERR,ERR,ERR,ERR,ERR,ERR,ERR,ERR,ERR,ERR,ERR,ERR,ERR,ERR,ERR,ERR,ERR,ERR,ERR,ERR,ERR,ERR,ERR,ERR,ERR,ERR,ERR,ERR,ERR,ERR,ERR,ERR,ERR,ERR,ERR,ERR,ERR,ERR,ERR,ERR,ERR,ERR,ERR,ERR,ERR,-0.0,-0.0,0.0,2.718290229135658e+23,2.012,1.3936040501711995e+18,7.805,-4.0828997592390904e+35,0,0,4,48899,6720,14723890282496.0,100,0.0,0.0,0.0,-4.9501291711397626e+32,0.0,0,0,0,0,0.0,0,0,0,0,0,0,0,0,0,0,0,0,0,0,0,0,0,0,0,0,0,0,0,0,0,0,0,0,0,0,0,0,0,26,51,50,76,65476,0,300,0,0,8,21553,0.0,-107605600.0,0.0,0.0,0.0,0.0,0.0,0.0,0.0,0.0,0.0,0.0,0.0,0.0,0.0,0.0,0.0,0.0,0.0,0.0,0.0,0.0,0.0,-2.004,0.0,-0.0,0.0,0.0,0.0,0.0,4740.0,0.0,7301.0,-0.0,-0.0,0.0,0.0,0.0,0.0,0.0,0.0,77,-0.0,-71.629,0.0,0.0,0.0,0.0,0.0,0.0,0.0,0,0,0,0.0,0.0,0.0,0.0,0.0,0.0,0.0,0.0,0.0,0.0,0.0,0.0,0.0,0.0,0.0,0.0,0,-107875648.0,77,0.0,154,0.0,0.0,ERR,ERR,ERR,ERR,ERR,ERR,ERR,ERR,ERR,ERR,ERR,ERR,ERR,ERR,ERR,ERR,ERR,ERR,ERR,ERR,ERR,ERR,ERR,ERR,ERR,ERR,ERR,ERR,ERR,ERR,ERR,ERR,ERR,ERR,ERR,ERR,ERR,ERR,ERR,ERR,ERR,ERR,ERR,ERR,ERR,ERR,ERR,ERR,ERR,ERR,ERR,ERR,ERR,ERR,ERR,ERR,ERR,ERR,ERR,ERR,ERR,ERR,ERR,ERR,ERR,ERR,ERR,34.0,80.0,35,0.0,0.0,0.0,0.0,0.0,0.0,0.0,0.0,0.0,0.0,0.0,0.0,0.0,0.0,0.0,0.0,66.0,0,120,58,54,65476,0,300,0,0,8,20529,65476,0,0,57672,80.0,0.0,0.0,0.0,0.0,0.0
2026-06-18T02:15:47,ERR,ERR,ERR,ERR,ERR,ERR,ERR,ERR,ERR,ERR,ERR,ERR,ERR,ERR,ERR,ERR,ERR,ERR,ERR,ERR,ERR,ERR,ERR,ERR,ERR,ERR,ERR,ERR,ERR,ERR,ERR,ERR,ERR,ERR,ERR,ERR,ERR,ERR,ERR,ERR,ERR,ERR,ERR,ERR,ERR,ERR,ERR,ERR,ERR,ERR,ERR,ERR,ERR,ERR,ERR,ERR,ERR,ERR,ERR,ERR,ERR,ERR,ERR,ERR,ERR,ERR,ERR,ERR,ERR,ERR,ERR,ERR,ERR,ERR,ERR,ERR,ERR,ERR,ERR,ERR,ERR,ERR,ERR,ERR,ERR,ERR,ERR,ERR,ERR,ERR,ERR,ERR,ERR,ERR,ERR,ERR,ERR,ERR,ERR,ERR,ERR,ERR,ERR,ERR,ERR,ERR,ERR,ERR,ERR,ERR,ERR,ERR,ERR,ERR,ERR,ERR,ERR,ERR,ERR,ERR,ERR,ERR,ERR,ERR,ERR,-0.0,-0.0,0.0,0.0,0.0,1.3936040501711995e+18,7.805,-0.0,0,0,4,48899,6720,14723890282496.0,100,0.0,0.0,0.0,0.0,0.0,0,0,0,0,0.0,0,0,0,0,0,0,0,0,0,0,0,0,0,0,0,0,0,0,0,0,0,0,0,0,0,0,0,0,0,0,0,0,0,26,51,50,76,65476,0,300,0,0,8,21553,0.0,-107605600.0,0.0,0.0,0.0,0.0,0.0,0.0,0.0,0.0,0.0,0.0,0.0,0.0,0.0,0.0,0.0,0.0,0.0,0.0,0.0,0.0,0.0,-2.004,2.004,-0.0,0.0,0.0,0.0,0.0,4766.0,8608174080.0,7306.0,-0.0,-0.0,0.0,2.7184312818759872e+23,0.0,0.0,0.0,0.0,77,-0.0,-152017095884800.0,0.0,0.0,0.0,0.0,0.0,0.0,0.0,0,0,0,0.0,0.0,0.0,0.0,0.0,0.0,0.0,0.0,0.0,0.0,0.0,0.0,0.0,0.0,0.0,0.0,0,-107875648.0,77,0.0,154,0.0,-0.0,ERR,ERR,ERR,ERR,ERR,ERR,ERR,ERR,ERR,ERR,ERR,ERR,ERR,ERR,ERR,ERR,ERR,ERR,ERR,ERR,ERR,ERR,ERR,ERR,ERR,ERR,ERR,ERR,ERR,ERR,ERR,ERR,ERR,ERR,ERR,ERR,ERR,ERR,ERR,ERR,ERR,ERR,ERR,ERR,ERR,ERR,ERR,ERR,ERR,ERR,ERR,ERR,ERR,ERR,ERR,ERR,ERR,ERR,ERR,ERR,ERR,ERR,ERR,ERR,ERR,ERR,ERR,34.0,80.0,35,0.0,0.0,0.0,0.0,0.0,0.0,0.0,0.0,0.0,0.0,0.0,0.0,0.0,0.0,0.0,0.0,66.0,0,120,58,54,65476,0,300,0,0,8,20529,65476,0,0,57672,80.0,0.0,0.0,0.0,0.0,0.0
2026-06-18T02:15:48,ERR,ERR,ERR,ERR,ERR,ERR,ERR,ERR,ERR,ERR,ERR,ERR,ERR,ERR,ERR,ERR,ERR,ERR,ERR,ERR,ERR,ERR,ERR,ERR,ERR,ERR,ERR,ERR,ERR,ERR,ERR,ERR,ERR,ERR,ERR,ERR,ERR,ERR,ERR,ERR,ERR,ERR,ERR,ERR,ERR,ERR,ERR,ERR,ERR,ERR,ERR,ERR,ERR,ERR,ERR,ERR,ERR,ERR,ERR,ERR,ERR,ERR,ERR,ERR,ERR,ERR,ERR,ERR,ERR,ERR,ERR,ERR,ERR,ERR,ERR,ERR,ERR,ERR,ERR,ERR,ERR,ERR,ERR,ERR,ERR,ERR,ERR,ERR,ERR,ERR,ERR,ERR,ERR,ERR,ERR,ERR,ERR,ERR,ERR,ERR,ERR,ERR,ERR,ERR,ERR,ERR,ERR,ERR,ERR,ERR,ERR,ERR,ERR,ERR,ERR,ERR,ERR,ERR,ERR,ERR,ERR,ERR,ERR,ERR,ERR,-0.0,-0.0,0.0,0.0,0.0,1.3936040501711995e+18,7.805,-0.0,0,0,4,48899,6720,14723890282496.0,100,0.0,0.0,0.0,0.0,0.0,0,0,0,0,0.0,0,0,0,0,0,0,0,0,0,0,0,0,0,0,0,0,0,0,0,0,0,0,0,0,0,0,0,0,0,0,0,0,0,26,51,50,76,65476,0,300,0,0,8,21553,0.0,-107605600.0,0.0,0.0,0.0,0.0,0.0,0.0,0.0,0.0,0.0,0.0,0.0,0.0,0.0,0.0,0.0,0.0,0.0,0.0,0.0,0.0,0.0,-2.004,2.004,-0.0,0.0,0.0,0.0,0.0,4766.0,8608174080.0,7306.0,-0.0,-0.0,0.0,2.7184312818759872e+23,0.0,0.0,0.0,0.0,77,-0.0,-152017095884800.0,0.0,0.0,0.0,0.0,0.0,0.0,0.0,0,0,0,0.0,0.0,0.0,0.0,0.0,0.0,0.0,0.0,0.0,0.0,0.0,0.0,0.0,0.0,0.0,0.0,0,-107875648.0,77,0.0,154,0.0,-0.0,ERR,ERR,ERR,ERR,ERR,ERR,ERR,ERR,ERR,ERR,ERR,ERR,ERR,ERR,ERR,ERR,ERR,ERR,ERR,ERR,ERR,ERR,ERR,ERR,ERR,ERR,ERR,ERR,ERR,ERR,ERR,ERR,ERR,ERR,ERR,ERR,ERR,ERR,ERR,ERR,ERR,ERR,ERR,ERR,ERR,ERR,ERR,ERR,ERR,ERR,ERR,ERR,ERR,ERR,ERR,ERR,ERR,ERR,ERR,ERR,ERR,ERR,ERR,ERR,ERR,ERR,ERR,34.0,80.0,35,0.0,0.0,0.0,0.0,0.0,0.0,0.0,0.0,0.0,0.0,0.0,0.0,0.0,0.0,0.0,0.0,66.0,0,120,58,54,65476,0,300,0,0,8,20529,65476,0,0,57672,80.0,0.0,0.0,0.0,0.0,0.0
2026-06-18T02:15:49,ERR,ERR,ERR,ERR,ERR,ERR,ERR,ERR,ERR,ERR,ERR,ERR,ERR,ERR,ERR,ERR,ERR,ERR,ERR,ERR,ERR,ERR,ERR,ERR,ERR,ERR,ERR,ERR,ERR,ERR,ERR,ERR,ERR,ERR,ERR,ERR,ERR,ERR,ERR,ERR,ERR,ERR,ERR,ERR,ERR,ERR,ERR,ERR,ERR,ERR,ERR,ERR,ERR,ERR,ERR,ERR,ERR,ERR,ERR,ERR,ERR,ERR,ERR,ERR,ERR,ERR,ERR,ERR,ERR,ERR,ERR,ERR,ERR,ERR,ERR,ERR,ERR,ERR,ERR,ERR,ERR,ERR,ERR,ERR,ERR,ERR,ERR,ERR,ERR,ERR,ERR,ERR,ERR,ERR,ERR,ERR,ERR,ERR,ERR,ERR,ERR,ERR,ERR,ERR,ERR,ERR,ERR,ERR,ERR,ERR,ERR,ERR,ERR,ERR,ERR,ERR,ERR,ERR,ERR,ERR,ERR,ERR,ERR,ERR,ERR,-0.0,-0.0,0.0,0.0,0.0,1.3936040501711995e+18,7.805,-0.0,0,0,4,48899,6720,14723890282496.0,100,0.0,0.0,0.0,0.0,0.0,0,0,0,0,0.0,0,0,0,0,0,0,0,0,0,0,0,0,0,0,0,0,0,0,0,0,0,0,0,0,0,0,0,0,0,0,0,0,0,26,51,50,76,65476,0,300,0,0,8,21553,0.0,-107605600.0,0.0,0.0,0.0,0.0,0.0,0.0,0.0,0.0,0.0,0.0,0.0,0.0,0.0,0.0,0.0,0.0,0.0,0.0,0.0,0.0,0.0,-2.004,2.004,-0.0,0.0,0.0,0.0,0.0,4766.0,8608174080.0,7306.0,-0.0,-0.0,0.0,2.7184312818759872e+23,0.0,0.0,0.0,0.0,77,-0.0,-152017095884800.0,0.0,0.0,0.0,0.0,0.0,0.0,0.0,0,0,0,0.0,0.0,0.0,0.0,0.0,0.0,0.0,0.0,0.0,0.0,0.0,0.0,0.0,0.0,0.0,0.0,0,-107875648.0,77,0.0,154,0.0,-0.0,ERR,ERR,ERR,ERR,ERR,ERR,ERR,ERR,ERR,ERR,ERR,ERR,ERR,ERR,ERR,ERR,ERR,ERR,ERR,ERR,ERR,ERR,ERR,ERR,ERR,ERR,ERR,ERR,ERR,ERR,ERR,ERR,ERR,ERR,ERR,ERR,ERR,ERR,ERR,ERR,ERR,ERR,ERR,ERR,ERR,ERR,ERR,ERR,ERR,ERR,ERR,ERR,ERR,ERR,ERR,ERR,ERR,ERR,ERR,ERR,ERR,ERR,ERR,ERR,ERR,ERR,ERR,34.0,80.0,35,0.0,0.0,0.0,0.0,0.0,0.0,0.0,0.0,0.0,0.0,0.0,0.0,0.0,0.0,0.0,0.0,66.0,0,120,58,54,65476,0,300,0,0,8,20529,65476,0,0,57672,80.0,0.0,0.0,0.0,0.0,0.0
2026-06-18T02:15:50,ERR,ERR,ERR,ERR,ERR,ERR,ERR,ERR,ERR,ERR,ERR,ERR,ERR,ERR,ERR,ERR,ERR,ERR,ERR,ERR,ERR,ERR,ERR,ERR,ERR,ERR,ERR,ERR,ERR,ERR,ERR,ERR,ERR,ERR,ERR,ERR,ERR,ERR,ERR,ERR,ERR,ERR,ERR,ERR,ERR,ERR,ERR,ERR,ERR,ERR,ERR,ERR,ERR,ERR,ERR,ERR,ERR,ERR,ERR,ERR,ERR,ERR,ERR,ERR,ERR,ERR,ERR,ERR,ERR,ERR,ERR,ERR,ERR,ERR,ERR,ERR,ERR,ERR,ERR,ERR,ERR,ERR,ERR,ERR,ERR,ERR,ERR,ERR,ERR,ERR,ERR,ERR,ERR,ERR,ERR,ERR,ERR,ERR,ERR,ERR,ERR,ERR,ERR,ERR,ERR,ERR,ERR,ERR,ERR,ERR,ERR,ERR,ERR,ERR,ERR,ERR,ERR,ERR,ERR,ERR,ERR,ERR,ERR,ERR,ERR,-0.0,-0.0,0.0,0.0,0.0,1.3936040501711995e+18,7.805,-0.0,0,0,4,48899,6720,14723890282496.0,100,0.0,0.0,0.0,0.0,0.0,0,0,0,0,0.0,0,0,0,0,0,0,0,0,0,0,0,0,0,0,0,0,0,0,0,0,0,0,0,0,0,0,0,0,0,0,0,0,0,26,51,50,76,65476,0,300,0,0,8,21553,0.0,-107605600.0,0.0,0.0,0.0,0.0,0.0,0.0,0.0,0.0,0.0,0.0,0.0,0.0,0.0,0.0,0.0,0.0,0.0,0.0,0.0,0.0,0.0,-2.004,2.004,-0.0,0.0,0.0,0.0,0.0,4766.0,8608174080.0,7306.0,-0.0,-0.0,0.0,2.7184312818759872e+23,0.0,0.0,0.0,0.0,77,-0.0,-152017095884800.0,0.0,0.0,0.0,0.0,0.0,0.0,0.0,0,0,0,0.0,0.0,0.0,0.0,0.0,0.0,0.0,0.0,0.0,0.0,0.0,0.0,0.0,0.0,0.0,0.0,0,-107875648.0,77,0.0,154,0.0,-0.0,ERR,ERR,ERR,ERR,ERR,ERR,ERR,ERR,ERR,ERR,ERR,ERR,ERR,ERR,ERR,ERR,ERR,ERR,ERR,ERR,ERR,ERR,ERR,ERR,ERR,ERR,ERR,ERR,ERR,ERR,ERR,ERR,ERR,ERR,ERR,ERR,ERR,ERR,ERR,ERR,ERR,ERR,ERR,ERR,ERR,ERR,ERR,ERR,ERR,ERR,ERR,ERR,ERR,ERR,ERR,ERR,ERR,ERR,ERR,ERR,ERR,ERR,ERR,ERR,ERR,ERR,ERR,34.0,80.0,35,0.0,0.0,0.0,0.0,0.0,0.0,0.0,0.0,0.0,0.0,0.0,0.0,0.0,0.0,0.0,0.0,66.0,0,120,58,54,65476,0,300,0,0,8,20529,65476,0,0,57672,80.0,0.0,0.0,0.0,0.0,0.0
2026-06-18T02:15:51,ERR,ERR,ERR,ERR,ERR,ERR,ERR,ERR,ERR,ERR,ERR,ERR,ERR,ERR,ERR,ERR,ERR,ERR,ERR,ERR,ERR,ERR,ERR,ERR,ERR,ERR,ERR,ERR,ERR,ERR,ERR,ERR,ERR,ERR,ERR,ERR,ERR,ERR,ERR,ERR,ERR,ERR,ERR,ERR,ERR,ERR,ERR,ERR,ERR,ERR,ERR,ERR,ERR,ERR,ERR,ERR,ERR,ERR,ERR,ERR,ERR,ERR,ERR,ERR,ERR,ERR,ERR,ERR,ERR,ERR,ERR,ERR,ERR,ERR,ERR,ERR,ERR,ERR,ERR,ERR,ERR,ERR,ERR,ERR,ERR,ERR,ERR,ERR,ERR,ERR,ERR,ERR,ERR,ERR,ERR,ERR,ERR,ERR,ERR,ERR,ERR,ERR,ERR,ERR,ERR,ERR,ERR,ERR,ERR,ERR,ERR,ERR,ERR,ERR,ERR,ERR,ERR,ERR,ERR,ERR,ERR,ERR,ERR,ERR,ERR,-0.0,-0.0,0.0,0.0,0.0,1.3936040501711995e+18,7.805,-0.0,0,0,4,48899,6720,14723890282496.0,100,0.0,0.0,0.0,0.0,0.0,0,0,0,0,0.0,0,0,0,0,0,0,0,0,0,0,0,0,0,0,0,0,0,0,0,0,0,0,0,0,0,0,0,0,0,0,0,0,0,26,51,50,76,65476,0,300,0,0,8,21553,0.0,-107605600.0,0.0,0.0,0.0,0.0,0.0,0.0,0.0,0.0,0.0,0.0,0.0,0.0,0.0,0.0,0.0,0.0,0.0,0.0,0.0,0.0,0.0,-2.004,2.004,-0.0,0.0,0.0,0.0,0.0,4766.0,8608174080.0,7306.0,-0.0,-0.0,0.0,2.7184312818759872e+23,0.0,0.0,0.0,0.0,77,-0.0,-152017095884800.0,0.0,0.0,0.0,0.0,0.0,0.0,0.0,0,0,0,0.0,0.0,0.0,0.0,0.0,0.0,0.0,0.0,0.0,0.0,0.0,0.0,0.0,0.0,0.0,0.0,0,-107875648.0,77,0.0,154,0.0,-0.0,ERR,ERR,ERR,ERR,ERR,ERR,ERR,ERR,ERR,ERR,ERR,ERR,ERR,ERR,ERR,ERR,ERR,ERR,ERR,ERR,ERR,ERR,ERR,ERR,ERR,ERR,ERR,ERR,ERR,ERR,ERR,ERR,ERR,ERR,ERR,ERR,ERR,ERR,ERR,ERR,ERR,ERR,ERR,ERR,ERR,ERR,ERR,ERR,ERR,ERR,ERR,ERR,ERR,ERR,ERR,ERR,ERR,ERR,ERR,ERR,ERR,ERR,ERR,ERR,ERR,ERR,ERR,34.0,80.0,35,0.0,0.0,0.0,0.0,0.0,0.0,0.0,0.0,0.0,0.0,0.0,0.0,0.0,0.0,0.0,0.0,66.0,0,120,58,54,65476,0,300,0,0,8,20529,65476,0,0,57672,80.0,0.0,0.0,0.0,0.0,0.0
2026-06-18T02:15:52,ERR,ERR,ERR,ERR,ERR,ERR,ERR,ERR,ERR,ERR,ERR,ERR,ERR,ERR,ERR,ERR,ERR,ERR,ERR,ERR,ERR,ERR,ERR,ERR,ERR,ERR,ERR,ERR,ERR,ERR,ERR,ERR,ERR,ERR,ERR,ERR,ERR,ERR,ERR,ERR,ERR,ERR,ERR,ERR,ERR,ERR,ERR,ERR,ERR,ERR,ERR,ERR,ERR,ERR,ERR,ERR,ERR,ERR,ERR,ERR,ERR,ERR,ERR,ERR,ERR,ERR,ERR,ERR,ERR,ERR,ERR,ERR,ERR,ERR,ERR,ERR,ERR,ERR,ERR,ERR,ERR,ERR,ERR,ERR,ERR,ERR,ERR,ERR,ERR,ERR,ERR,ERR,ERR,ERR,ERR,ERR,ERR,ERR,ERR,ERR,ERR,ERR,ERR,ERR,ERR,ERR,ERR,ERR,ERR,ERR,ERR,ERR,ERR,ERR,ERR,ERR,ERR,ERR,ERR,ERR,ERR,ERR,ERR,ERR,ERR,-0.0,-0.0,0.0,0.0,0.0,1.3936040501711995e+18,7.805,-0.0,0,0,4,48899,6720,14723890282496.0,100,0.0,0.0,0.0,0.0,0.0,0,0,0,0,0.0,0,0,0,0,0,0,0,0,0,0,0,0,0,0,0,0,0,0,0,0,0,0,0,0,0,0,0,0,0,0,0,0,0,26,51,50,76,65476,0,300,0,0,8,21553,0.0,-107605600.0,0.0,0.0,0.0,0.0,0.0,0.0,0.0,0.0,0.0,0.0,0.0,0.0,0.0,0.0,0.0,0.0,0.0,0.0,0.0,0.0,0.0,-2.004,2.004,-0.0,0.0,0.0,0.0,0.0,4766.0,8608174080.0,7306.0,-0.0,-0.0,0.0,2.7184312818759872e+23,0.0,0.0,0.0,0.0,77,-0.0,-152017095884800.0,0.0,0.0,0.0,0.0,0.0,0.0,0.0,0,0,0,0.0,0.0,0.0,0.0,0.0,0.0,0.0,0.0,0.0,0.0,0.0,0.0,0.0,0.0,0.0,0.0,0,-107875648.0,77,0.0,154,0.0,-0.0,ERR,ERR,ERR,ERR,ERR,ERR,ERR,ERR,ERR,ERR,ERR,ERR,ERR,ERR,ERR,ERR,ERR,ERR,ERR,ERR,ERR,ERR,ERR,ERR,ERR,ERR,ERR,ERR,ERR,ERR,ERR,ERR,ERR,ERR,ERR,ERR,ERR,ERR,ERR,ERR,ERR,ERR,ERR,ERR,ERR,ERR,ERR,ERR,ERR,ERR,ERR,ERR,ERR,ERR,ERR,ERR,ERR,ERR,ERR,ERR,ERR,ERR,ERR,ERR,ERR,ERR,ERR,34.0,80.0,35,0.0,0.0,0.0,0.0,0.0,0.0,0.0,0.0,0.0,0.0,0.0,0.0,0.0,0.0,0.0,0.0,66.0,0,120,58,54,65476,0,300,0,0,8,20529,65476,0,0,57672,80.0,0.0,0.0,0.0,0.0,0.0
2026-06-18T02:15:53,ERR,ERR,ERR,ERR,ERR,ERR,ERR,ERR,ERR,ERR,ERR,ERR,ERR,ERR,ERR,ERR,ERR,ERR,ERR,ERR,ERR,ERR,ERR,ERR,ERR,ERR,ERR,ERR,ERR,ERR,ERR,ERR,ERR,ERR,ERR,ERR,ERR,ERR,ERR,ERR,ERR,ERR,ERR,ERR,ERR,ERR,ERR,ERR,ERR,ERR,ERR,ERR,ERR,ERR,ERR,ERR,ERR,ERR,ERR,ERR,ERR,ERR,ERR,ERR,ERR,ERR,ERR,ERR,ERR,ERR,ERR,ERR,ERR,ERR,ERR,ERR,ERR,ERR,ERR,ERR,ERR,ERR,ERR,ERR,ERR,ERR,ERR,ERR,ERR,ERR,ERR,ERR,ERR,ERR,ERR,ERR,ERR,ERR,ERR,ERR,ERR,ERR,ERR,ERR,ERR,ERR,ERR,ERR,ERR,ERR,ERR,ERR,ERR,ERR,ERR,ERR,ERR,ERR,ERR,ERR,ERR,ERR,ERR,ERR,ERR,-0.0,-0.0,0.0,0.0,0.0,1.3936040501711995e+18,7.805,-0.0,0,0,4,48899,6720,14723890282496.0,100,0.0,0.0,0.0,-0.0,0.0,0,0,0,0,0.0,0,0,0,0,0,0,0,0,0,0,0,0,0,0,0,0,0,0,0,0,0,0,0,0,0,0,0,0,0,0,0,0,0,26,51,50,76,65476,0,300,0,0,8,21553,0.0,-107605600.0,0.0,0.0,0.0,0.0,0.0,0.0,0.0,0.0,0.0,0.0,0.0,0.0,0.0,0.0,0.0,0.0,0.0,0.0,0.0,0.0,0.0,-2.004,2.004,-2.004,0.0,0.0,0.0,0.0,4739.0,8608174080.0,7306.0,-0.0,-0.0,0.0,2.7184312818759872e+23,0.0,0.0,0.0,0.0,77,-0.0,-152017095884800.0,0.0,0.0,0.0,0.0,0.0,0.0,0.0,0,0,0,0.0,0.0,0.0,0.0,0.0,0.0,0.0,0.0,0.0,0.0,0.0,0.0,0.0,0.0,0.0,0.0,0,-107875648.0,77,0.0,154,0.0,-0.0,ERR,ERR,ERR,ERR,ERR,ERR,ERR,ERR,ERR,ERR,ERR,ERR,ERR,ERR,ERR,ERR,ERR,ERR,ERR,ERR,ERR,ERR,ERR,ERR,ERR,ERR,ERR,ERR,ERR,ERR,ERR,ERR,ERR,ERR,ERR,ERR,ERR,ERR,ERR,ERR,ERR,ERR,ERR,ERR,ERR,ERR,ERR,ERR,ERR,ERR,ERR,ERR,ERR,ERR,ERR,ERR,ERR,ERR,ERR,ERR,ERR,ERR,ERR,ERR,ERR,ERR,ERR,34.0,80.0,35,0.0,0.0,0.0,0.0,0.0,0.0,0.0,0.0,0.0,0.0,0.0,0.0,0.0,0.0,0.0,0.0,66.0,0,120,58,54,65476,0,300,0,0,8,20529,65476,0,0,57672,80.0,0.0,0.0,0.0,0.0,0.0
2026-06-18T02:15:54,ERR,ERR,ERR,ERR,ERR,ERR,ERR,ERR,ERR,ERR,ERR,ERR,ERR,ERR,ERR,ERR,ERR,ERR,ERR,ERR,ERR,ERR,ERR,ERR,ERR,ERR,ERR,ERR,ERR,ERR,ERR,ERR,ERR,ERR,ERR,ERR,ERR,ERR,ERR,ERR,ERR,ERR,ERR,ERR,ERR,ERR,ERR,ERR,ERR,ERR,ERR,ERR,ERR,ERR,ERR,ERR,ERR,ERR,ERR,ERR,ERR,ERR,ERR,ERR,ERR,ERR,ERR,ERR,ERR,ERR,ERR,ERR,ERR,ERR,ERR,ERR,ERR,ERR,ERR,ERR,ERR,ERR,ERR,ERR,ERR,ERR,ERR,ERR,ERR,ERR,ERR,ERR,ERR,ERR,ERR,ERR,ERR,ERR,ERR,ERR,ERR,ERR,ERR,ERR,ERR,ERR,ERR,ERR,ERR,ERR,ERR,ERR,ERR,ERR,ERR,ERR,ERR,ERR,ERR,ERR,ERR,ERR,ERR,ERR,ERR,-0.0,-0.0,0.0,0.0,0.0,1.3936040501711995e+18,7.805,-0.0,0,0,4,48899,6720,14723890282496.0,100,0.0,0.0,0.0,-0.0,0.0,0,0,0,0,0.0,0,0,0,0,0,0,0,0,0,0,0,0,0,0,0,0,0,0,0,0,0,0,0,0,0,0,0,0,0,0,0,0,0,26,51,50,76,65476,0,300,0,0,8,21553,0.0,-107605600.0,0.0,0.0,0.0,0.0,0.0,0.0,0.0,0.0,0.0,0.0,0.0,0.0,0.0,0.0,0.0,0.0,0.0,0.0,0.0,0.0,0.0,-2.004,2.004,-2.004,0.0,0.0,0.0,0.0,4739.0,8608174080.0,7306.0,-0.0,-0.0,0.0,2.7184312818759872e+23,0.0,0.0,0.0,0.0,77,-0.0,-152017095884800.0,0.0,0.0,0.0,0.0,0.0,0.0,0.0,0,0,0,0.0,0.0,0.0,0.0,0.0,0.0,0.0,0.0,0.0,0.0,0.0,0.0,0.0,0.0,0.0,0.0,0,-107875648.0,77,0.0,154,0.0,-0.0,ERR,ERR,ERR,ERR,ERR,ERR,ERR,ERR,ERR,ERR,ERR,ERR,ERR,ERR,ERR,ERR,ERR,ERR,ERR,ERR,ERR,ERR,ERR,ERR,ERR,ERR,ERR,ERR,ERR,ERR,ERR,ERR,ERR,ERR,ERR,ERR,ERR,ERR,ERR,ERR,ERR,ERR,ERR,ERR,ERR,ERR,ERR,ERR,ERR,ERR,ERR,ERR,ERR,ERR,ERR,ERR,ERR,ERR,ERR,ERR,ERR,ERR,ERR,ERR,ERR,ERR,ERR,34.0,80.0,35,0.0,0.0,0.0,0.0,0.0,0.0,0.0,0.0,0.0,0.0,0.0,0.0,0.0,0.0,0.0,0.0,66.0,0,120,58,54,65476,0,300,0,0,8,20529,65476,0,0,57672,80.0,0.0,0.0,0.0,0.0,0.0
2026-06-18T02:15:55,ERR,ERR,ERR,ERR,ERR,ERR,ERR,ERR,ERR,ERR,ERR,ERR,ERR,ERR,ERR,ERR,ERR,ERR,ERR,ERR,ERR,ERR,ERR,ERR,ERR,ERR,ERR,ERR,ERR,ERR,ERR,ERR,ERR,ERR,ERR,ERR,ERR,ERR,ERR,ERR,ERR,ERR,ERR,ERR,ERR,ERR,ERR,ERR,ERR,ERR,ERR,ERR,ERR,ERR,ERR,ERR,ERR,ERR,ERR,ERR,ERR,ERR,ERR,ERR,ERR,ERR,ERR,ERR,ERR,ERR,ERR,ERR,ERR,ERR,ERR,ERR,ERR,ERR,ERR,ERR,ERR,ERR,ERR,ERR,ERR,ERR,ERR,ERR,ERR,ERR,ERR,ERR,ERR,ERR,ERR,ERR,ERR,ERR,ERR,ERR,ERR,ERR,ERR,ERR,ERR,ERR,ERR,ERR,ERR,ERR,ERR,ERR,ERR,ERR,ERR,ERR,ERR,ERR,ERR,ERR,ERR,ERR,ERR,ERR,ERR,-0.0,-0.0,0.0,0.0,0.0,1.3936040501711995e+18,7.805,-0.0,0,0,4,48899,6720,14723890282496.0,100,0.0,0.0,0.0,-0.0,0.0,0,0,0,0,0.0,0,0,0,0,0,0,0,0,0,0,0,0,0,0,0,0,0,0,0,0,0,0,0,0,0,0,0,0,0,0,0,0,0,26,51,50,76,65476,0,300,0,0,8,21553,0.0,-107605600.0,0.0,0.0,0.0,0.0,0.0,0.0,0.0,0.0,0.0,0.0,0.0,0.0,0.0,0.0,0.0,0.0,0.0,0.0,0.0,0.0,0.0,-2.004,2.004,-2.004,0.0,0.0,0.0,0.0,4739.0,8608174080.0,7306.0,-0.0,-0.0,0.0,2.7184312818759872e+23,0.0,0.0,0.0,0.0,77,-0.0,-152017095884800.0,0.0,0.0,0.0,0.0,0.0,0.0,0.0,0,0,0,0.0,0.0,0.0,0.0,0.0,0.0,0.0,0.0,0.0,0.0,0.0,0.0,0.0,0.0,0.0,0.0,0,-107875648.0,77,0.0,154,0.0,-0.0,ERR,ERR,ERR,ERR,ERR,ERR,ERR,ERR,ERR,ERR,ERR,ERR,ERR,ERR,ERR,ERR,ERR,ERR,ERR,ERR,ERR,ERR,ERR,ERR,ERR,ERR,ERR,ERR,ERR,ERR,ERR,ERR,ERR,ERR,ERR,ERR,ERR,ERR,ERR,ERR,ERR,ERR,ERR,ERR,ERR,ERR,ERR,ERR,ERR,ERR,ERR,ERR,ERR,ERR,ERR,ERR,ERR,ERR,ERR,ERR,ERR,ERR,ERR,ERR,ERR,ERR,ERR,34.0,80.0,35,0.0,0.0,0.0,0.0,0.0,0.0,0.0,0.0,0.0,0.0,0.0,0.0,0.0,0.0,0.0,0.0,66.0,0,120,58,54,65476,0,300,0,0,8,20529,65476,0,0,57672,80.0,0.0,0.0,0.0,0.0,0.0
2026-06-18T02:15:56,ERR,ERR,ERR,ERR,ERR,ERR,ERR,ERR,ERR,ERR,ERR,ERR,ERR,ERR,ERR,ERR,ERR,ERR,ERR,ERR,ERR,ERR,ERR,ERR,ERR,ERR,ERR,ERR,ERR,ERR,ERR,ERR,ERR,ERR,ERR,ERR,ERR,ERR,ERR,ERR,ERR,ERR,ERR,ERR,ERR,ERR,ERR,ERR,ERR,ERR,ERR,ERR,ERR,ERR,ERR,ERR,ERR,ERR,ERR,ERR,ERR,ERR,ERR,ERR,ERR,ERR,ERR,ERR,ERR,ERR,ERR,ERR,ERR,ERR,ERR,ERR,ERR,ERR,ERR,ERR,ERR,ERR,ERR,ERR,ERR,ERR,ERR,ERR,ERR,ERR,ERR,ERR,ERR,ERR,ERR,ERR,ERR,ERR,ERR,ERR,ERR,ERR,ERR,ERR,ERR,ERR,ERR,ERR,ERR,ERR,ERR,ERR,ERR,ERR,ERR,ERR,ERR,ERR,ERR,ERR,ERR,ERR,ERR,ERR,ERR,-0.0,-0.0,0.0,0.0,0.0,1.3936040501711995e+18,7.805,-0.0,0,0,4,48899,6720,14723890282496.0,100,0.0,0.0,0.0,-0.0,0.0,0,0,0,0,0.0,0,0,0,0,0,0,0,0,0,0,0,0,0,0,0,0,0,0,0,0,0,0,0,0,0,0,0,0,0,0,0,0,0,26,51,50,76,65476,0,300,0,0,8,21553,0.0,-107605600.0,0.0,0.0,0.0,0.0,0.0,0.0,0.0,0.0,0.0,0.0,0.0,0.0,0.0,0.0,0.0,0.0,0.0,0.0,0.0,0.0,0.0,-2.004,2.004,-2.004,0.0,0.0,0.0,0.0,4739.0,8608174080.0,7306.0,-0.0,-0.0,0.0,2.7184312818759872e+23,0.0,0.0,0.0,0.0,77,-0.0,-152017095884800.0,0.0,0.0,0.0,0.0,0.0,0.0,0.0,0,0,0,0.0,0.0,0.0,0.0,0.0,0.0,0.0,0.0,0.0,0.0,0.0,0.0,0.0,0.0,0.0,0.0,0,-107875648.0,77,0.0,154,0.0,-0.0,ERR,ERR,ERR,ERR,ERR,ERR,ERR,ERR,ERR,ERR,ERR,ERR,ERR,ERR,ERR,ERR,ERR,ERR,ERR,ERR,ERR,ERR,ERR,ERR,ERR,ERR,ERR,ERR,ERR,ERR,ERR,ERR,ERR,ERR,ERR,ERR,ERR,ERR,ERR,ERR,ERR,ERR,ERR,ERR,ERR,ERR,ERR,ERR,ERR,ERR,ERR,ERR,ERR,ERR,ERR,ERR,ERR,ERR,ERR,ERR,ERR,ERR,ERR,ERR,ERR,ERR,ERR,34.0,80.0,35,0.0,0.0,0.0,0.0,0.0,0.0,0.0,0.0,0.0,0.0,0.0,0.0,0.0,0.0,0.0,0.0,66.0,0,120,58,54,65476,0,300,0,0,8,20529,65476,0,0,57672,80.0,0.0,0.0,0.0,0.0,0.0
2026-06-18T02:15:57,ERR,ERR,ERR,ERR,ERR,ERR,ERR,ERR,ERR,ERR,ERR,ERR,ERR,ERR,ERR,ERR,ERR,ERR,ERR,ERR,ERR,ERR,ERR,ERR,ERR,ERR,ERR,ERR,ERR,ERR,ERR,ERR,ERR,ERR,ERR,ERR,ERR,ERR,ERR,ERR,ERR,ERR,ERR,ERR,ERR,ERR,ERR,ERR,ERR,ERR,ERR,ERR,ERR,ERR,ERR,ERR,ERR,ERR,ERR,ERR,ERR,ERR,ERR,ERR,ERR,ERR,ERR,ERR,ERR,ERR,ERR,ERR,ERR,ERR,ERR,ERR,ERR,ERR,ERR,ERR,ERR,ERR,ERR,ERR,ERR,ERR,ERR,ERR,ERR,ERR,ERR,ERR,ERR,ERR,ERR,ERR,ERR,ERR,ERR,ERR,ERR,ERR,ERR,ERR,ERR,ERR,ERR,ERR,ERR,ERR,ERR,ERR,ERR,ERR,ERR,ERR,ERR,ERR,ERR,ERR,ERR,ERR,ERR,ERR,ERR,-0.0,-0.0,0.0,0.0,0.0,1.3936040501711995e+18,7.805,-0.0,0,0,4,48899,6720,14723890282496.0,100,0.0,0.0,0.0,-0.0,0.0,0,0,0,0,0.0,0,0,0,0,0,0,0,0,0,0,0,0,0,0,0,0,0,0,0,0,0,0,0,0,0,0,0,0,0,0,0,0,0,26,51,50,76,65476,0,300,0,0,8,21553,0.0,-107605600.0,0.0,0.0,0.0,0.0,0.0,0.0,0.0,0.0,0.0,0.0,0.0,0.0,0.0,0.0,0.0,0.0,0.0,0.0,0.0,0.0,0.0,-2.004,2.004,-2.004,0.0,0.0,0.0,0.0,4739.0,8608174080.0,7306.0,-0.0,-0.0,0.0,2.7184312818759872e+23,0.0,0.0,0.0,0.0,77,-0.0,-152017095884800.0,0.0,0.0,0.0,0.0,0.0,0.0,0.0,0,0,0,0.0,0.0,0.0,0.0,0.0,0.0,0.0,0.0,0.0,0.0,0.0,0.0,0.0,0.0,0.0,0.0,0,-107875648.0,77,0.0,154,0.0,-0.0,ERR,ERR,ERR,ERR,ERR,ERR,ERR,ERR,ERR,ERR,ERR,ERR,ERR,ERR,ERR,ERR,ERR,ERR,ERR,ERR,ERR,ERR,ERR,ERR,ERR,ERR,ERR,ERR,ERR,ERR,ERR,ERR,ERR,ERR,ERR,ERR,ERR,ERR,ERR,ERR,ERR,ERR,ERR,ERR,ERR,ERR,ERR,ERR,ERR,ERR,ERR,ERR,ERR,ERR,ERR,ERR,ERR,ERR,ERR,ERR,ERR,ERR,ERR,ERR,ERR,ERR,ERR,34.0,80.0,35,0.0,0.0,0.0,0.0,0.0,0.0,0.0,0.0,0.0,0.0,0.0,0.0,0.0,0.0,0.0,0.0,66.0,0,120,58,54,65476,0,300,0,0,8,20529,65476,0,0,57672,80.0,0.0,0.0,0.0,0.0,0.0
2026-06-18T02:15:58,ERR,ERR,ERR,ERR,ERR,ERR,ERR,ERR,ERR,ERR,ERR,ERR,ERR,ERR,ERR,ERR,ERR,ERR,ERR,ERR,ERR,ERR,ERR,ERR,ERR,ERR,ERR,ERR,ERR,ERR,ERR,ERR,ERR,ERR,ERR,ERR,ERR,ERR,ERR,ERR,ERR,ERR,ERR,ERR,ERR,ERR,ERR,ERR,ERR,ERR,ERR,ERR,ERR,ERR,ERR,ERR,ERR,ERR,ERR,ERR,ERR,ERR,ERR,ERR,ERR,ERR,ERR,ERR,ERR,ERR,ERR,ERR,ERR,ERR,ERR,ERR,ERR,ERR,ERR,ERR,ERR,ERR,ERR,ERR,ERR,ERR,ERR,ERR,ERR,ERR,ERR,ERR,ERR,ERR,ERR,ERR,ERR,ERR,ERR,ERR,ERR,ERR,ERR,ERR,ERR,ERR,ERR,ERR,ERR,ERR,ERR,ERR,ERR,ERR,ERR,ERR,ERR,ERR,ERR,ERR,ERR,ERR,ERR,ERR,ERR,-0.0,-0.0,0.0,-4.9501291711397626e+32,-2.012,1.3936040501711995e+18,7.805,8.558351388217734e+28,0,0,4,48902,6720,14723890282496.0,100,0.0,0.0,0.0,0.059,0.0,0,0,0,0,0.0,0,0,0,0,0,0,0,0,0,0,0,0,0,0,0,0,0,0,0,0,0,0,0,0,0,0,0,0,0,0,0,0,0,26,51,50,76,65476,0,300,0,0,8,21553,0.0,-107605600.0,0.0,0.0,0.0,0.0,0.0,0.0,0.0,0.0,0.0,0.0,0.0,0.0,0.0,0.0,0.0,0.0,0.0,0.0,0.0,0.0,0.0,-2.004,2.004,-0.0,0.0,0.0,0.0,0.0,4767.0,0.0,7302.0,-0.0,-0.0,0.0,2.7184312818759872e+23,0.0,0.0,0.0,0.0,77,-0.0,-0.0,0.0,0.0,0.0,0.0,0.0,0.0,0.0,0,0,0,0.0,0.0,0.0,0.0,0.0,0.0,0.0,0.0,0.0,0.0,0.0,0.0,0.0,0.0,0.0,0.0,0,-107875648.0,77,0.0,154,0.0,0.0,ERR,ERR,ERR,ERR,ERR,ERR,ERR,ERR,ERR,ERR,ERR,ERR,ERR,ERR,ERR,ERR,ERR,ERR,ERR,ERR,ERR,ERR,ERR,ERR,ERR,ERR,ERR,ERR,ERR,ERR,ERR,ERR,ERR,ERR,ERR,ERR,ERR,ERR,ERR,ERR,ERR,ERR,ERR,ERR,ERR,ERR,ERR,ERR,ERR,ERR,ERR,ERR,ERR,ERR,ERR,ERR,ERR,ERR,ERR,ERR,ERR,ERR,ERR,ERR,ERR,ERR,ERR,34.0,80.0,35,0.0,0.0,0.0,0.0,0.0,0.0,0.0,0.0,0.0,0.0,0.0,0.0,0.0,0.0,0.0,0.0,66.4,0,120,58,54,65476,0,300,0,0,8,20529,65476,0,0,57672,80.0,0.0,0.0,0.0,0.0,0.0
2026-06-18T02:15:59,ERR,ERR,ERR,ERR,ERR,ERR,ERR,ERR,ERR,ERR,ERR,ERR,ERR,ERR,ERR,ERR,ERR,ERR,ERR,ERR,ERR,ERR,ERR,ERR,ERR,ERR,ERR,ERR,ERR,ERR,ERR,ERR,ERR,ERR,ERR,ERR,ERR,ERR,ERR,ERR,ERR,ERR,ERR,ERR,ERR,ERR,ERR,ERR,ERR,ERR,ERR,ERR,ERR,ERR,ERR,ERR,ERR,ERR,ERR,ERR,ERR,ERR,ERR,ERR,ERR,ERR,ERR,ERR,ERR,ERR,ERR,ERR,ERR,ERR,ERR,ERR,ERR,ERR,ERR,ERR,ERR,ERR,ERR,ERR,ERR,ERR,ERR,ERR,ERR,ERR,ERR,ERR,ERR,ERR,ERR,ERR,ERR,ERR,ERR,ERR,ERR,ERR,ERR,ERR,ERR,ERR,ERR,ERR,ERR,ERR,ERR,ERR,ERR,ERR,ERR,ERR,ERR,ERR,ERR,ERR,ERR,ERR,ERR,ERR,ERR,-0.0,-0.0,0.0,-4.9501291711397626e+32,-2.012,1.3936040501711995e+18,7.805,8.558351388217734e+28,0,0,4,48902,6720,14723890282496.0,100,0.0,0.0,0.0,0.059,0.0,0,0,0,0,0.0,0,0,0,0,0,0,0,0,0,0,0,0,0,0,0,0,0,0,0,0,0,0,0,0,0,0,0,0,0,0,0,0,0,26,51,50,76,65476,0,300,0,0,8,21553,0.0,-107605600.0,0.0,0.0,0.0,0.0,0.0,0.0,0.0,0.0,0.0,0.0,0.0,0.0,0.0,0.0,0.0,0.0,0.0,0.0,0.0,0.0,0.0,-2.004,2.004,-0.0,0.0,0.0,0.0,0.0,4767.0,0.0,7302.0,-0.0,-0.0,0.0,2.7184312818759872e+23,0.0,0.0,0.0,0.0,77,-0.0,-0.0,0.0,0.0,0.0,0.0,0.0,0.0,0.0,0,0,0,0.0,0.0,0.0,0.0,0.0,0.0,0.0,0.0,0.0,0.0,0.0,0.0,0.0,0.0,0.0,0.0,0,-107875648.0,77,0.0,154,0.0,0.0,ERR,ERR,ERR,ERR,ERR,ERR,ERR,ERR,ERR,ERR,ERR,ERR,ERR,ERR,ERR,ERR,ERR,ERR,ERR,ERR,ERR,ERR,ERR,ERR,ERR,ERR,ERR,ERR,ERR,ERR,ERR,ERR,ERR,ERR,ERR,ERR,ERR,ERR,ERR,ERR,ERR,ERR,ERR,ERR,ERR,ERR,ERR,ERR,ERR,ERR,ERR,ERR,ERR,ERR,ERR,ERR,ERR,ERR,ERR,ERR,ERR,ERR,ERR,ERR,ERR,ERR,ERR,34.0,80.0,35,0.0,0.0,0.0,0.0,0.0,0.0,0.0,0.0,0.0,0.0,0.0,0.0,0.0,0.0,0.0,0.0,66.4,0,120,58,54,65476,0,300,0,0,8,20529,65476,0,0,57672,80.0,0.0,0.0,0.0,0.0,0.0
2026-06-18T02:16:00,ERR,ERR,ERR,ERR,ERR,ERR,ERR,ERR,ERR,ERR,ERR,ERR,ERR,ERR,ERR,ERR,ERR,ERR,ERR,ERR,ERR,ERR,ERR,ERR,ERR,ERR,ERR,ERR,ERR,ERR,ERR,ERR,ERR,ERR,ERR,ERR,ERR,ERR,ERR,ERR,ERR,ERR,ERR,ERR,ERR,ERR,ERR,ERR,ERR,ERR,ERR,ERR,ERR,ERR,ERR,ERR,ERR,ERR,ERR,ERR,ERR,ERR,ERR,ERR,ERR,ERR,ERR,ERR,ERR,ERR,ERR,ERR,ERR,ERR,ERR,ERR,ERR,ERR,ERR,ERR,ERR,ERR,ERR,ERR,ERR,ERR,ERR,ERR,ERR,ERR,ERR,ERR,ERR,ERR,ERR,ERR,ERR,ERR,ERR,ERR,ERR,ERR,ERR,ERR,ERR,ERR,ERR,ERR,ERR,ERR,ERR,ERR,ERR,ERR,ERR,ERR,ERR,ERR,ERR,ERR,ERR,ERR,ERR,ERR,ERR,-0.0,-0.0,0.0,-4.9501291711397626e+32,-2.012,1.3936040501711995e+18,7.805,8.558351388217734e+28,0,0,4,48902,6720,14723890282496.0,100,0.0,0.0,0.0,0.059,0.0,0,0,0,0,0.0,0,0,0,0,0,0,0,0,0,0,0,0,0,0,0,0,0,0,0,0,0,0,0,0,0,0,0,0,0,0,0,0,0,26,51,50,76,65476,0,300,0,0,8,21553,0.0,-107605600.0,0.0,0.0,0.0,0.0,0.0,0.0,0.0,0.0,0.0,0.0,0.0,0.0,0.0,0.0,0.0,0.0,0.0,0.0,0.0,0.0,0.0,-2.004,2.004,-0.0,0.0,0.0,0.0,0.0,4767.0,0.0,7302.0,-0.0,-0.0,0.0,2.7184312818759872e+23,0.0,0.0,0.0,0.0,77,-0.0,-0.0,0.0,0.0,0.0,0.0,0.0,0.0,0.0,0,0,0,0.0,0.0,0.0,0.0,0.0,0.0,0.0,0.0,0.0,0.0,0.0,0.0,0.0,0.0,0.0,0.0,0,-107875648.0,77,0.0,154,0.0,0.0,ERR,ERR,ERR,ERR,ERR,ERR,ERR,ERR,ERR,ERR,ERR,ERR,ERR,ERR,ERR,ERR,ERR,ERR,ERR,ERR,ERR,ERR,ERR,ERR,ERR,ERR,ERR,ERR,ERR,ERR,ERR,ERR,ERR,ERR,ERR,ERR,ERR,ERR,ERR,ERR,ERR,ERR,ERR,ERR,ERR,ERR,ERR,ERR,ERR,ERR,ERR,ERR,ERR,ERR,ERR,ERR,ERR,ERR,ERR,ERR,ERR,ERR,ERR,ERR,ERR,ERR,ERR,34.0,80.0,35,0.0,0.0,0.0,0.0,0.0,0.0,0.0,0.0,0.0,0.0,0.0,0.0,0.0,0.0,0.0,0.0,66.0,0,120,58,54,65476,0,300,0,0,8,20529,65476,0,0,57672,80.0,0.0,0.0,0.0,0.0,0.0
2026-06-18T02:16:01,ERR,ERR,ERR,ERR,ERR,ERR,ERR,ERR,ERR,ERR,ERR,ERR,ERR,ERR,ERR,ERR,ERR,ERR,ERR,ERR,ERR,ERR,ERR,ERR,ERR,ERR,ERR,ERR,ERR,ERR,ERR,ERR,ERR,ERR,ERR,ERR,ERR,ERR,ERR,ERR,ERR,ERR,ERR,ERR,ERR,ERR,ERR,ERR,ERR,ERR,ERR,ERR,ERR,ERR,ERR,ERR,ERR,ERR,ERR,ERR,ERR,ERR,ERR,ERR,ERR,ERR,ERR,ERR,ERR,ERR,ERR,ERR,ERR,ERR,ERR,ERR,ERR,ERR,ERR,ERR,ERR,ERR,ERR,ERR,ERR,ERR,ERR,ERR,ERR,ERR,ERR,ERR,ERR,ERR,ERR,ERR,ERR,ERR,ERR,ERR,ERR,ERR,ERR,ERR,ERR,ERR,ERR,ERR,ERR,ERR,ERR,ERR,ERR,ERR,ERR,ERR,ERR,ERR,ERR,ERR,ERR,ERR,ERR,ERR,ERR,-0.0,-0.0,0.0,-4.9501291711397626e+32,-2.012,1.3936040501711995e+18,7.805,8.558351388217734e+28,0,0,4,48902,6720,14723890282496.0,100,0.0,0.0,0.0,0.059,0.0,0,0,0,0,0.0,0,0,0,0,0,0,0,0,0,0,0,0,0,0,0,0,0,0,0,0,0,0,0,0,0,0,0,0,0,0,0,0,0,26,51,50,76,65476,0,300,0,0,8,21553,0.0,-107605600.0,0.0,0.0,0.0,0.0,0.0,0.0,0.0,0.0,0.0,0.0,0.0,0.0,0.0,0.0,0.0,0.0,0.0,0.0,0.0,0.0,0.0,-2.004,2.004,-0.0,0.0,0.0,0.0,0.0,4767.0,0.0,7302.0,-0.0,-0.0,0.0,2.7184312818759872e+23,0.0,0.0,0.0,0.0,77,-0.0,-0.0,0.0,0.0,0.0,0.0,0.0,0.0,0.0,0,0,0,0.0,0.0,0.0,0.0,0.0,0.0,0.0,0.0,0.0,0.0,0.0,0.0,0.0,0.0,0.0,0.0,0,-107875648.0,77,0.0,154,0.0,0.0,ERR,ERR,ERR,ERR,ERR,ERR,ERR,ERR,ERR,ERR,ERR,ERR,ERR,ERR,ERR,ERR,ERR,ERR,ERR,ERR,ERR,ERR,ERR,ERR,ERR,ERR,ERR,ERR,ERR,ERR,ERR,ERR,ERR,ERR,ERR,ERR,ERR,ERR,ERR,ERR,ERR,ERR,ERR,ERR,ERR,ERR,ERR,ERR,ERR,ERR,ERR,ERR,ERR,ERR,ERR,ERR,ERR,ERR,ERR,ERR,ERR,ERR,ERR,ERR,ERR,ERR,ERR,34.0,80.0,35,0.0,0.0,0.0,0.0,0.0,0.0,0.0,0.0,0.0,0.0,0.0,0.0,0.0,0.0,0.0,0.0,66.0,0,120,58,54,65476,0,300,0,0,8,20529,65476,0,0,57672,80.0,0.0,0.0,0.0,0.0,0.0
2026-06-18T02:16:02,ERR,ERR,ERR,ERR,ERR,ERR,ERR,ERR,ERR,ERR,ERR,ERR,ERR,ERR,ERR,ERR,ERR,ERR,ERR,ERR,ERR,ERR,ERR,ERR,ERR,ERR,ERR,ERR,ERR,ERR,ERR,ERR,ERR,ERR,ERR,ERR,ERR,ERR,ERR,ERR,ERR,ERR,ERR,ERR,ERR,ERR,ERR,ERR,ERR,ERR,ERR,ERR,ERR,ERR,ERR,ERR,ERR,ERR,ERR,ERR,ERR,ERR,ERR,ERR,ERR,ERR,ERR,ERR,ERR,ERR,ERR,ERR,ERR,ERR,ERR,ERR,ERR,ERR,ERR,ERR,ERR,ERR,ERR,ERR,ERR,ERR,ERR,ERR,ERR,ERR,ERR,ERR,ERR,ERR,ERR,ERR,ERR,ERR,ERR,ERR,ERR,ERR,ERR,ERR,ERR,ERR,ERR,ERR,ERR,ERR,ERR,ERR,ERR,ERR,ERR,ERR,ERR,ERR,ERR,ERR,ERR,ERR,ERR,ERR,ERR,-0.0,-0.0,0.0,-4.9501291711397626e+32,-2.012,1.3936040501711995e+18,7.805,8.558351388217734e+28,0,0,4,48902,6720,14723890282496.0,100,0.0,0.0,0.0,0.059,0.0,0,0,0,0,0.0,0,0,0,0,0,0,0,0,0,0,0,0,0,0,0,0,0,0,0,0,0,0,0,0,0,0,0,0,0,0,0,0,0,26,51,50,76,65476,0,300,0,0,8,21553,0.0,-107605600.0,0.0,0.0,0.0,0.0,0.0,0.0,0.0,0.0,0.0,0.0,0.0,0.0,0.0,0.0,0.0,0.0,0.0,0.0,0.0,0.0,0.0,-2.004,2.004,-0.0,0.0,0.0,0.0,0.0,4767.0,0.0,7302.0,-0.0,-0.0,0.0,2.7184312818759872e+23,0.0,0.0,0.0,0.0,77,-0.0,-0.0,0.0,0.0,0.0,0.0,0.0,0.0,0.0,0,0,0,0.0,0.0,0.0,0.0,0.0,0.0,0.0,0.0,0.0,0.0,0.0,0.0,0.0,0.0,0.0,0.0,0,-107875648.0,77,0.0,154,0.0,0.0,ERR,ERR,ERR,ERR,ERR,ERR,ERR,ERR,ERR,ERR,ERR,ERR,ERR,ERR,ERR,ERR,ERR,ERR,ERR,ERR,ERR,ERR,ERR,ERR,ERR,ERR,ERR,ERR,ERR,ERR,ERR,ERR,ERR,ERR,ERR,ERR,ERR,ERR,ERR,ERR,ERR,ERR,ERR,ERR,ERR,ERR,ERR,ERR,ERR,ERR,ERR,ERR,ERR,ERR,ERR,ERR,ERR,ERR,ERR,ERR,ERR,ERR,ERR,ERR,ERR,ERR,ERR,34.0,80.0,35,0.0,0.0,0.0,0.0,0.0,0.0,0.0,0.0,0.0,0.0,0.0,0.0,0.0,0.0,0.0,0.0,66.0,0,120,58,54,65476,0,300,0,0,8,20529,65476,0,0,57672,80.0,0.0,0.0,0.0,0.0,0.0
2026-06-18T02:16:03,ERR,ERR,ERR,ERR,ERR,ERR,ERR,ERR,ERR,ERR,ERR,ERR,ERR,ERR,ERR,ERR,ERR,ERR,ERR,ERR,ERR,ERR,ERR,ERR,ERR,ERR,ERR,ERR,ERR,ERR,ERR,ERR,ERR,ERR,ERR,ERR,ERR,ERR,ERR,ERR,ERR,ERR,ERR,ERR,ERR,ERR,ERR,ERR,ERR,ERR,ERR,ERR,ERR,ERR,ERR,ERR,ERR,ERR,ERR,ERR,ERR,ERR,ERR,ERR,ERR,ERR,ERR,ERR,ERR,ERR,ERR,ERR,ERR,ERR,ERR,ERR,ERR,ERR,ERR,ERR,ERR,ERR,ERR,ERR,ERR,ERR,ERR,ERR,ERR,ERR,ERR,ERR,ERR,ERR,ERR,ERR,ERR,ERR,ERR,ERR,ERR,ERR,ERR,ERR,ERR,ERR,ERR,ERR,ERR,ERR,ERR,ERR,ERR,ERR,ERR,ERR,ERR,ERR,ERR,ERR,ERR,ERR,ERR,ERR,ERR,-0.0,-0.0,0.0,-4.9501291711397626e+32,-2.012,1.3936040501711995e+18,7.805,8.558351388217734e+28,0,0,4,48903,6720,14723890282496.0,100,0.0,0.0,0.0,-152005385388032.0,0.0,0,0,0,0,0.0,0,0,0,0,0,0,0,0,0,0,0,0,0,0,0,0,0,0,0,0,0,0,0,0,0,0,0,0,0,0,0,0,0,26,51,50,76,65476,0,300,0,0,8,21553,0.0,-107605600.0,0.0,0.0,0.0,0.0,0.0,0.0,0.0,0.0,0.0,0.0,0.0,0.0,0.0,0.0,0.0,0.0,0.0,0.0,0.0,0.0,0.0,-2.004,2.004,-2.004,0.0,0.0,0.0,0.0,4764.0,564145296506880.0,7307.0,-0.0,-0.0,0.0,2.7184312818759872e+23,0.0,0.0,0.0,0.0,77,-0.0,-2.3088261162012456e+20,0.0,0.0,0.0,0.0,0.0,0.0,0.0,0,0,0,0.0,0.0,0.0,0.0,0.0,0.0,0.0,0.0,0.0,0.0,0.0,0.0,0.0,0.0,0.0,0.0,0,-107875648.0,77,0.0,154,0.0,-0.0,ERR,ERR,ERR,ERR,ERR,ERR,ERR,ERR,ERR,ERR,ERR,ERR,ERR,ERR,ERR,ERR,ERR,ERR,ERR,ERR,ERR,ERR,ERR,ERR,ERR,ERR,ERR,ERR,ERR,ERR,ERR,ERR,ERR,ERR,ERR,ERR,ERR,ERR,ERR,ERR,ERR,ERR,ERR,ERR,ERR,ERR,ERR,ERR,ERR,ERR,ERR,ERR,ERR,ERR,ERR,ERR,ERR,ERR,ERR,ERR,ERR,ERR,ERR,ERR,ERR,ERR,ERR,34.0,80.0,35,0.0,0.0,0.0,0.0,0.0,0.0,0.0,0.0,0.0,0.0,0.0,0.0,0.0,0.0,0.0,0.0,66.0,0,120,58,54,65476,0,300,0,0,8,20529,65476,0,0,57672,80.0,0.0,0.0,0.0,0.0,0.0
2026-06-18T02:16:04,ERR,ERR,ERR,ERR,ERR,ERR,ERR,ERR,ERR,ERR,ERR,ERR,ERR,ERR,ERR,ERR,ERR,ERR,ERR,ERR,ERR,ERR,ERR,ERR,ERR,ERR,ERR,ERR,ERR,ERR,ERR,ERR,ERR,ERR,ERR,ERR,ERR,ERR,ERR,ERR,ERR,ERR,ERR,ERR,ERR,ERR,ERR,ERR,ERR,ERR,ERR,ERR,ERR,ERR,ERR,ERR,ERR,ERR,ERR,ERR,ERR,ERR,ERR,ERR,ERR,ERR,ERR,ERR,ERR,ERR,ERR,ERR,ERR,ERR,ERR,ERR,ERR,ERR,ERR,ERR,ERR,ERR,ERR,ERR,ERR,ERR,ERR,ERR,ERR,ERR,ERR,ERR,ERR,ERR,ERR,ERR,ERR,ERR,ERR,ERR,ERR,ERR,ERR,ERR,ERR,ERR,ERR,ERR,ERR,ERR,ERR,ERR,ERR,ERR,ERR,ERR,ERR,ERR,ERR,ERR,ERR,ERR,ERR,ERR,ERR,-0.0,-0.0,0.0,-4.9501291711397626e+32,-2.012,1.3936040501711995e+18,7.805,8.558351388217734e+28,0,0,4,48903,6720,14723890282496.0,100,0.0,0.0,0.0,-152005385388032.0,0.0,0,0,0,0,0.0,0,0,0,0,0,0,0,0,0,0,0,0,0,0,0,0,0,0,0,0,0,0,0,0,0,0,0,0,0,0,0,0,0,26,51,50,76,65476,0,300,0,0,8,21553,0.0,-107605600.0,0.0,0.0,0.0,0.0,0.0,0.0,0.0,0.0,0.0,0.0,0.0,0.0,0.0,0.0,0.0,0.0,0.0,0.0,0.0,0.0,0.0,-2.004,2.004,-2.004,0.0,0.0,0.0,0.0,4764.0,564145296506880.0,7307.0,-0.0,-0.0,0.0,2.7184312818759872e+23,0.0,0.0,0.0,0.0,77,-0.0,-2.3088261162012456e+20,0.0,0.0,0.0,0.0,0.0,0.0,0.0,0,0,0,0.0,0.0,0.0,0.0,0.0,0.0,0.0,0.0,0.0,0.0,0.0,0.0,0.0,0.0,0.0,0.0,0,-107875648.0,77,0.0,154,0.0,-0.0,ERR,ERR,ERR,ERR,ERR,ERR,ERR,ERR,ERR,ERR,ERR,ERR,ERR,ERR,ERR,ERR,ERR,ERR,ERR,ERR,ERR,ERR,ERR,ERR,ERR,ERR,ERR,ERR,ERR,ERR,ERR,ERR,ERR,ERR,ERR,ERR,ERR,ERR,ERR,ERR,ERR,ERR,ERR,ERR,ERR,ERR,ERR,ERR,ERR,ERR,ERR,ERR,ERR,ERR,ERR,ERR,ERR,ERR,ERR,ERR,ERR,ERR,ERR,ERR,ERR,ERR,ERR,34.0,80.0,35,0.0,0.0,0.0,0.0,0.0,0.0,0.0,0.0,0.0,0.0,0.0,0.0,0.0,0.0,0.0,0.0,66.0,0,120,58,54,65476,0,300,0,0,8,20529,65476,0,0,57672,80.0,0.0,0.0,0.0,0.0,0.0
2026-06-18T02:16:05,ERR,ERR,ERR,ERR,ERR,ERR,ERR,ERR,ERR,ERR,ERR,ERR,ERR,ERR,ERR,ERR,ERR,ERR,ERR,ERR,ERR,ERR,ERR,ERR,ERR,ERR,ERR,ERR,ERR,ERR,ERR,ERR,ERR,ERR,ERR,ERR,ERR,ERR,ERR,ERR,ERR,ERR,ERR,ERR,ERR,ERR,ERR,ERR,ERR,ERR,ERR,ERR,ERR,ERR,ERR,ERR,ERR,ERR,ERR,ERR,ERR,ERR,ERR,ERR,ERR,ERR,ERR,ERR,ERR,ERR,ERR,ERR,ERR,ERR,ERR,ERR,ERR,ERR,ERR,ERR,ERR,ERR,ERR,ERR,ERR,ERR,ERR,ERR,ERR,ERR,ERR,ERR,ERR,ERR,ERR,ERR,ERR,ERR,ERR,ERR,ERR,ERR,ERR,ERR,ERR,ERR,ERR,ERR,ERR,ERR,ERR,ERR,ERR,ERR,ERR,ERR,ERR,ERR,ERR,ERR,ERR,ERR,ERR,ERR,ERR,-0.0,-0.0,0.0,-4.9501291711397626e+32,-2.012,1.3936040501711995e+18,7.805,8.558351388217734e+28,0,0,4,48903,6720,14723890282496.0,100,0.0,0.0,0.0,-152005385388032.0,0.0,0,0,0,0,0.0,0,0,0,0,0,0,0,0,0,0,0,0,0,0,0,0,0,0,0,0,0,0,0,0,0,0,0,0,0,0,0,0,0,26,51,50,76,65476,0,300,0,0,8,21553,0.0,-107605600.0,0.0,0.0,0.0,0.0,0.0,0.0,0.0,0.0,0.0,0.0,0.0,0.0,0.0,0.0,0.0,0.0,0.0,0.0,0.0,0.0,0.0,-2.004,2.004,-2.004,0.0,0.0,0.0,0.0,4764.0,564145296506880.0,7307.0,-0.0,-0.0,0.0,2.7184312818759872e+23,0.0,0.0,0.0,0.0,77,-0.0,-2.3088261162012456e+20,0.0,0.0,0.0,0.0,0.0,0.0,0.0,0,0,0,0.0,0.0,0.0,0.0,0.0,0.0,0.0,0.0,0.0,0.0,0.0,0.0,0.0,0.0,0.0,0.0,0,-107875648.0,77,0.0,154,0.0,-0.0,ERR,ERR,ERR,ERR,ERR,ERR,ERR,ERR,ERR,ERR,ERR,ERR,ERR,ERR,ERR,ERR,ERR,ERR,ERR,ERR,ERR,ERR,ERR,ERR,ERR,ERR,ERR,ERR,ERR,ERR,ERR,ERR,ERR,ERR,ERR,ERR,ERR,ERR,ERR,ERR,ERR,ERR,ERR,ERR,ERR,ERR,ERR,ERR,ERR,ERR,ERR,ERR,ERR,ERR,ERR,ERR,ERR,ERR,ERR,ERR,ERR,ERR,ERR,ERR,ERR,ERR,ERR,34.0,80.0,35,0.0,0.0,0.0,0.0,0.0,0.0,0.0,0.0,0.0,0.0,0.0,0.0,0.0,0.0,0.0,0.0,66.4,0,120,58,54,65476,0,300,0,0,8,20529,65476,0,0,57672,80.0,0.0,0.0,0.0,0.0,0.0
2026-06-18T02:16:06,ERR,ERR,ERR,ERR,ERR,ERR,ERR,ERR,ERR,ERR,ERR,ERR,ERR,ERR,ERR,ERR,ERR,ERR,ERR,ERR,ERR,ERR,ERR,ERR,ERR,ERR,ERR,ERR,ERR,ERR,ERR,ERR,ERR,ERR,ERR,ERR,ERR,ERR,ERR,ERR,ERR,ERR,ERR,ERR,ERR,ERR,ERR,ERR,ERR,ERR,ERR,ERR,ERR,ERR,ERR,ERR,ERR,ERR,ERR,ERR,ERR,ERR,ERR,ERR,ERR,ERR,ERR,ERR,ERR,ERR,ERR,ERR,ERR,ERR,ERR,ERR,ERR,ERR,ERR,ERR,ERR,ERR,ERR,ERR,ERR,ERR,ERR,ERR,ERR,ERR,ERR,ERR,ERR,ERR,ERR,ERR,ERR,ERR,ERR,ERR,ERR,ERR,ERR,ERR,ERR,ERR,ERR,ERR,ERR,ERR,ERR,ERR,ERR,ERR,ERR,ERR,ERR,ERR,ERR,ERR,ERR,ERR,ERR,ERR,ERR,-0.0,-0.0,0.0,-4.9501291711397626e+32,-2.012,1.3936040501711995e+18,7.805,8.558351388217734e+28,0,0,4,48903,6720,14723890282496.0,100,0.0,0.0,0.0,-152005385388032.0,0.0,0,0,0,0,0.0,0,0,0,0,0,0,0,0,0,0,0,0,0,0,0,0,0,0,0,0,0,0,0,0,0,0,0,0,0,0,0,0,0,26,51,50,76,65476,0,300,0,0,8,21553,0.0,-107605600.0,0.0,0.0,0.0,0.0,0.0,0.0,0.0,0.0,0.0,0.0,0.0,0.0,0.0,0.0,0.0,0.0,0.0,0.0,0.0,0.0,0.0,-2.004,2.004,-2.004,0.0,0.0,0.0,0.0,4764.0,564145296506880.0,7307.0,-0.0,-0.0,0.0,2.7184312818759872e+23,0.0,0.0,0.0,0.0,77,-0.0,-2.3088261162012456e+20,0.0,0.0,0.0,0.0,0.0,0.0,0.0,0,0,0,0.0,0.0,0.0,0.0,0.0,0.0,0.0,0.0,0.0,0.0,0.0,0.0,0.0,0.0,0.0,0.0,0,-107875648.0,77,0.0,154,0.0,-0.0,ERR,ERR,ERR,ERR,ERR,ERR,ERR,ERR,ERR,ERR,ERR,ERR,ERR,ERR,ERR,ERR,ERR,ERR,ERR,ERR,ERR,ERR,ERR,ERR,ERR,ERR,ERR,ERR,ERR,ERR,ERR,ERR,ERR,ERR,ERR,ERR,ERR,ERR,ERR,ERR,ERR,ERR,ERR,ERR,ERR,ERR,ERR,ERR,ERR,ERR,ERR,ERR,ERR,ERR,ERR,ERR,ERR,ERR,ERR,ERR,ERR,ERR,ERR,ERR,ERR,ERR,ERR,34.0,80.0,35,0.0,0.0,0.0,0.0,0.0,0.0,0.0,0.0,0.0,0.0,0.0,0.0,0.0,0.0,0.0,0.0,66.4,0,120,58,54,65476,0,300,0,0,8,20529,65476,0,0,57672,80.0,0.0,0.0,0.0,0.0,0.0
2026-06-18T02:16:07,ERR,ERR,ERR,ERR,ERR,ERR,ERR,ERR,ERR,ERR,ERR,ERR,ERR,ERR,ERR,ERR,ERR,ERR,ERR,ERR,ERR,ERR,ERR,ERR,ERR,ERR,ERR,ERR,ERR,ERR,ERR,ERR,ERR,ERR,ERR,ERR,ERR,ERR,ERR,ERR,ERR,ERR,ERR,ERR,ERR,ERR,ERR,ERR,ERR,ERR,ERR,ERR,ERR,ERR,ERR,ERR,ERR,ERR,ERR,ERR,ERR,ERR,ERR,ERR,ERR,ERR,ERR,ERR,ERR,ERR,ERR,ERR,ERR,ERR,ERR,ERR,ERR,ERR,ERR,ERR,ERR,ERR,ERR,ERR,ERR,ERR,ERR,ERR,ERR,ERR,ERR,ERR,ERR,ERR,ERR,ERR,ERR,ERR,ERR,ERR,ERR,ERR,ERR,ERR,ERR,ERR,ERR,ERR,ERR,ERR,ERR,ERR,ERR,ERR,ERR,ERR,ERR,ERR,ERR,ERR,ERR,ERR,ERR,ERR,ERR,-0.0,-0.0,0.0,-4.9501291711397626e+32,-2.012,1.3936040501711995e+18,7.805,8.558351388217734e+28,0,0,4,48903,6720,14723890282496.0,100,0.0,0.0,0.0,-152005385388032.0,0.0,0,0,0,0,0.0,0,0,0,0,0,0,0,0,0,0,0,0,0,0,0,0,0,0,0,0,0,0,0,0,0,0,0,0,0,0,0,0,0,26,51,50,76,65476,0,300,0,0,8,21553,0.0,-107605600.0,0.0,0.0,0.0,0.0,0.0,0.0,0.0,0.0,0.0,0.0,0.0,0.0,0.0,0.0,0.0,0.0,0.0,0.0,0.0,0.0,0.0,-2.004,2.004,-2.004,0.0,0.0,0.0,0.0,4764.0,564145296506880.0,7307.0,-0.0,-0.0,0.0,2.7184312818759872e+23,0.0,0.0,0.0,0.0,77,-0.0,-2.3088261162012456e+20,0.0,0.0,0.0,0.0,0.0,0.0,0.0,0,0,0,0.0,0.0,0.0,0.0,0.0,0.0,0.0,0.0,0.0,0.0,0.0,0.0,0.0,0.0,0.0,0.0,0,-107875648.0,77,0.0,154,0.0,-0.0,ERR,ERR,ERR,ERR,ERR,ERR,ERR,ERR,ERR,ERR,ERR,ERR,ERR,ERR,ERR,ERR,ERR,ERR,ERR,ERR,ERR,ERR,ERR,ERR,ERR,ERR,ERR,ERR,ERR,ERR,ERR,ERR,ERR,ERR,ERR,ERR,ERR,ERR,ERR,ERR,ERR,ERR,ERR,ERR,ERR,ERR,ERR,ERR,ERR,ERR,ERR,ERR,ERR,ERR,ERR,ERR,ERR,ERR,ERR,ERR,ERR,ERR,ERR,ERR,ERR,ERR,ERR,34.0,80.0,35,0.0,0.0,0.0,0.0,0.0,0.0,0.0,0.0,0.0,0.0,0.0,0.0,0.0,0.0,0.0,0.0,66.0,0,120,58,54,65476,0,300,0,0,8,20529,65476,0,0,57672,80.0,0.0,0.0,0.0,0.0,0.0
2026-06-18T02:16:08,ERR,ERR,ERR,ERR,ERR,ERR,ERR,ERR,ERR,ERR,ERR,ERR,ERR,ERR,ERR,ERR,ERR,ERR,ERR,ERR,ERR,ERR,ERR,ERR,ERR,ERR,ERR,ERR,ERR,ERR,ERR,ERR,ERR,ERR,ERR,ERR,ERR,ERR,ERR,ERR,ERR,ERR,ERR,ERR,ERR,ERR,ERR,ERR,ERR,ERR,ERR,ERR,ERR,ERR,ERR,ERR,ERR,ERR,ERR,ERR,ERR,ERR,ERR,ERR,ERR,ERR,ERR,ERR,ERR,ERR,ERR,ERR,ERR,ERR,ERR,ERR,ERR,ERR,ERR,ERR,ERR,ERR,ERR,ERR,ERR,ERR,ERR,ERR,ERR,ERR,ERR,ERR,ERR,ERR,ERR,ERR,ERR,ERR,ERR,ERR,ERR,ERR,ERR,ERR,ERR,ERR,ERR,ERR,ERR,ERR,ERR,ERR,ERR,ERR,ERR,ERR,ERR,ERR,ERR,ERR,ERR,ERR,ERR,ERR,ERR,-0.0,-0.0,0.0,-4.9501291711397626e+32,-2.012,1.3936040501711995e+18,7.805,8.558351388217734e+28,0,0,4,48903,6720,14723890282496.0,100,0.0,0.0,0.0,-152005385388032.0,0.0,0,0,0,0,0.0,0,0,0,0,0,0,0,0,0,0,0,0,0,0,0,0,0,0,0,0,0,0,0,0,0,0,0,0,0,0,0,0,0,26,51,50,76,65476,0,300,0,0,8,21553,0.0,-107605600.0,0.0,0.0,0.0,0.0,0.0,0.0,0.0,0.0,0.0,0.0,0.0,0.0,0.0,0.0,0.0,0.0,0.0,0.0,0.0,0.0,0.0,-2.004,2.004,-2.004,0.0,0.0,0.0,0.0,4764.0,564145296506880.0,7307.0,-0.0,-0.0,0.0,2.7184312818759872e+23,0.0,0.0,0.0,0.0,77,-0.0,-2.3088261162012456e+20,0.0,0.0,0.0,0.0,0.0,0.0,0.0,0,0,0,0.0,0.0,0.0,0.0,0.0,0.0,0.0,0.0,0.0,0.0,0.0,0.0,0.0,0.0,0.0,0.0,0,-107875648.0,77,0.0,154,0.0,-0.0,ERR,ERR,ERR,ERR,ERR,ERR,ERR,ERR,ERR,ERR,ERR,ERR,ERR,ERR,ERR,ERR,ERR,ERR,ERR,ERR,ERR,ERR,ERR,ERR,ERR,ERR,ERR,ERR,ERR,ERR,ERR,ERR,ERR,ERR,ERR,ERR,ERR,ERR,ERR,ERR,ERR,ERR,ERR,ERR,ERR,ERR,ERR,ERR,ERR,ERR,ERR,ERR,ERR,ERR,ERR,ERR,ERR,ERR,ERR,ERR,ERR,ERR,ERR,ERR,ERR,ERR,ERR,34.0,80.0,35,0.0,0.0,0.0,0.0,0.0,0.0,0.0,0.0,0.0,0.0,0.0,0.0,0.0,0.0,0.0,0.0,66.0,0,120,58,54,65476,0,300,0,0,8,20529,65476,0,0,57672,80.0,0.0,0.0,0.0,0.0,0.0
2026-06-18T02:16:09,ERR,ERR,ERR,ERR,ERR,ERR,ERR,ERR,ERR,ERR,ERR,ERR,ERR,ERR,ERR,ERR,ERR,ERR,ERR,ERR,ERR,ERR,ERR,ERR,ERR,ERR,ERR,ERR,ERR,ERR,ERR,ERR,ERR,ERR,ERR,ERR,ERR,ERR,ERR,ERR,ERR,ERR,ERR,ERR,ERR,ERR,ERR,ERR,ERR,ERR,ERR,ERR,ERR,ERR,ERR,ERR,ERR,ERR,ERR,ERR,ERR,ERR,ERR,ERR,ERR,ERR,ERR,ERR,ERR,ERR,ERR,ERR,ERR,ERR,ERR,ERR,ERR,ERR,ERR,ERR,ERR,ERR,ERR,ERR,ERR,ERR,ERR,ERR,ERR,ERR,ERR,ERR,ERR,ERR,ERR,ERR,ERR,ERR,ERR,ERR,ERR,ERR,ERR,ERR,ERR,ERR,ERR,ERR,ERR,ERR,ERR,ERR,ERR,ERR,ERR,ERR,ERR,ERR,ERR,ERR,ERR,ERR,ERR,ERR,ERR,-0.0,-0.0,0.0,-152005385388032.0,-2.012,1.3936040501711995e+18,7.805,0.0,0,0,4,48902,6720,14723890282496.0,100,0.0,0.0,0.0,-152005385388032.0,0.0,0,0,0,0,0.0,0,0,0,0,0,0,0,0,0,0,0,0,0,0,0,0,0,0,0,0,0,0,0,0,0,0,0,0,0,0,0,0,0,26,51,50,76,65476,0,300,0,0,8,21553,0.0,-107605600.0,0.0,0.0,0.0,0.0,0.0,0.0,0.0,0.0,0.0,0.0,0.0,0.0,0.0,0.0,0.0,0.0,0.0,0.0,0.0,0.0,0.0,-2.004,2.004,-2.004,0.0,0.0,0.0,0.0,4760.0,2.004,7304.0,-0.0,-0.0,0.0,0.0,0.0,0.0,0.0,0.0,77,-0.0,-71.629,0.0,0.0,0.0,0.0,0.0,0.0,0.0,0,0,0,0.0,0.0,0.0,0.0,0.0,0.0,0.0,0.0,0.0,0.0,0.0,0.0,0.0,0.0,0.0,0.0,0,-107875648.0,77,0.0,154,0.0,0.0,ERR,ERR,ERR,ERR,ERR,ERR,ERR,ERR,ERR,ERR,ERR,ERR,ERR,ERR,ERR,ERR,ERR,ERR,ERR,ERR,ERR,ERR,ERR,ERR,ERR,ERR,ERR,ERR,ERR,ERR,ERR,ERR,ERR,ERR,ERR,ERR,ERR,ERR,ERR,ERR,ERR,ERR,ERR,ERR,ERR,ERR,ERR,ERR,ERR,ERR,ERR,ERR,ERR,ERR,ERR,ERR,ERR,ERR,ERR,ERR,ERR,ERR,ERR,ERR,ERR,ERR,ERR,34.0,80.0,35,0.0,0.0,0.0,0.0,0.0,0.0,0.0,0.0,0.0,0.0,0.0,0.0,0.0,0.0,0.0,0.0,66.4,0,120,58,54,65476,0,300,0,0,8,20529,65476,0,0,57672,80.0,0.0,0.0,0.0,0.0,0.0
2026-06-18T02:16:10,ERR,ERR,ERR,ERR,ERR,ERR,ERR,ERR,ERR,ERR,ERR,ERR,ERR,ERR,ERR,ERR,ERR,ERR,ERR,ERR,ERR,ERR,ERR,ERR,ERR,ERR,ERR,ERR,ERR,ERR,ERR,ERR,ERR,ERR,ERR,ERR,ERR,ERR,ERR,ERR,ERR,ERR,ERR,ERR,ERR,ERR,ERR,ERR,ERR,ERR,ERR,ERR,ERR,ERR,ERR,ERR,ERR,ERR,ERR,ERR,ERR,ERR,ERR,ERR,ERR,ERR,ERR,ERR,ERR,ERR,ERR,ERR,ERR,ERR,ERR,ERR,ERR,ERR,ERR,ERR,ERR,ERR,ERR,ERR,ERR,ERR,ERR,ERR,ERR,ERR,ERR,ERR,ERR,ERR,ERR,ERR,ERR,ERR,ERR,ERR,ERR,ERR,ERR,ERR,ERR,ERR,ERR,ERR,ERR,ERR,ERR,ERR,ERR,ERR,ERR,ERR,ERR,ERR,ERR,ERR,ERR,ERR,ERR,ERR,ERR,-0.0,-0.0,0.0,-152005385388032.0,-2.012,1.3936040501711995e+18,7.805,0.0,0,0,4,48902,6720,14723890282496.0,100,0.0,0.0,0.0,-152005385388032.0,0.0,0,0,0,0,0.0,0,0,0,0,0,0,0,0,0,0,0,0,0,0,0,0,0,0,0,0,0,0,0,0,0,0,0,0,0,0,0,0,0,26,51,50,76,65476,0,300,0,0,8,21553,0.0,-107605600.0,0.0,0.0,0.0,0.0,0.0,0.0,0.0,0.0,0.0,0.0,0.0,0.0,0.0,0.0,0.0,0.0,0.0,0.0,0.0,0.0,0.0,-2.004,2.004,-2.004,0.0,0.0,0.0,0.0,4760.0,2.004,7304.0,-0.0,-0.0,0.0,0.0,0.0,0.0,0.0,0.0,77,-0.0,-71.629,0.0,0.0,0.0,0.0,0.0,0.0,0.0,0,0,0,0.0,0.0,0.0,0.0,0.0,0.0,0.0,0.0,0.0,0.0,0.0,0.0,0.0,0.0,0.0,0.0,0,-107875648.0,77,0.0,154,0.0,0.0,ERR,ERR,ERR,ERR,ERR,ERR,ERR,ERR,ERR,ERR,ERR,ERR,ERR,ERR,ERR,ERR,ERR,ERR,ERR,ERR,ERR,ERR,ERR,ERR,ERR,ERR,ERR,ERR,ERR,ERR,ERR,ERR,ERR,ERR,ERR,ERR,ERR,ERR,ERR,ERR,ERR,ERR,ERR,ERR,ERR,ERR,ERR,ERR,ERR,ERR,ERR,ERR,ERR,ERR,ERR,ERR,ERR,ERR,ERR,ERR,ERR,ERR,ERR,ERR,ERR,ERR,ERR,34.0,80.0,35,0.0,0.0,0.0,0.0,0.0,0.0,0.0,0.0,0.0,0.0,0.0,0.0,0.0,0.0,0.0,0.0,66.0,0,120,58,54,65476,0,300,0,0,8,20529,65476,0,0,57672,80.0,0.0,0.0,0.0,0.0,0.0
2026-06-18T02:16:11,ERR,ERR,ERR,ERR,ERR,ERR,ERR,ERR,ERR,ERR,ERR,ERR,ERR,ERR,ERR,ERR,ERR,ERR,ERR,ERR,ERR,ERR,ERR,ERR,ERR,ERR,ERR,ERR,ERR,ERR,ERR,ERR,ERR,ERR,ERR,ERR,ERR,ERR,ERR,ERR,ERR,ERR,ERR,ERR,ERR,ERR,ERR,ERR,ERR,ERR,ERR,ERR,ERR,ERR,ERR,ERR,ERR,ERR,ERR,ERR,ERR,ERR,ERR,ERR,ERR,ERR,ERR,ERR,ERR,ERR,ERR,ERR,ERR,ERR,ERR,ERR,ERR,ERR,ERR,ERR,ERR,ERR,ERR,ERR,ERR,ERR,ERR,ERR,ERR,ERR,ERR,ERR,ERR,ERR,ERR,ERR,ERR,ERR,ERR,ERR,ERR,ERR,ERR,ERR,ERR,ERR,ERR,ERR,ERR,ERR,ERR,ERR,ERR,ERR,ERR,ERR,ERR,ERR,ERR,ERR,ERR,ERR,ERR,ERR,ERR,-0.0,-0.0,0.0,-152005385388032.0,-2.012,1.3936040501711995e+18,7.805,0.0,0,0,4,48902,6720,14723890282496.0,100,0.0,0.0,0.0,-152005385388032.0,0.0,0,0,0,0,0.0,0,0,0,0,0,0,0,0,0,0,0,0,0,0,0,0,0,0,0,0,0,0,0,0,0,0,0,0,0,0,0,0,0,26,51,50,76,65476,0,300,0,0,8,21553,0.0,-107605600.0,0.0,0.0,0.0,0.0,0.0,0.0,0.0,0.0,0.0,0.0,0.0,0.0,0.0,0.0,0.0,0.0,0.0,0.0,0.0,0.0,0.0,-2.004,2.004,-2.004,0.0,0.0,0.0,0.0,4760.0,2.004,7304.0,-0.0,-0.0,0.0,0.0,0.0,0.0,0.0,0.0,77,-0.0,-71.629,0.0,0.0,0.0,0.0,0.0,0.0,0.0,0,0,0,0.0,0.0,0.0,0.0,0.0,0.0,0.0,0.0,0.0,0.0,0.0,0.0,0.0,0.0,0.0,0.0,0,-107875648.0,77,0.0,154,0.0,0.0,ERR,ERR,ERR,ERR,ERR,ERR,ERR,ERR,ERR,ERR,ERR,ERR,ERR,ERR,ERR,ERR,ERR,ERR,ERR,ERR,ERR,ERR,ERR,ERR,ERR,ERR,ERR,ERR,ERR,ERR,ERR,ERR,ERR,ERR,ERR,ERR,ERR,ERR,ERR,ERR,ERR,ERR,ERR,ERR,ERR,ERR,ERR,ERR,ERR,ERR,ERR,ERR,ERR,ERR,ERR,ERR,ERR,ERR,ERR,ERR,ERR,ERR,ERR,ERR,ERR,ERR,ERR,34.0,80.0,35,0.0,0.0,0.0,0.0,0.0,0.0,0.0,0.0,0.0,0.0,0.0,0.0,0.0,0.0,0.0,0.0,66.0,0,120,58,54,65476,0,300,0,0,8,20529,65476,0,0,57672,80.0,0.0,0.0,0.0,0.0,0.0
2026-06-18T02:16:12,ERR,ERR,ERR,ERR,ERR,ERR,ERR,ERR,ERR,ERR,ERR,ERR,ERR,ERR,ERR,ERR,ERR,ERR,ERR,ERR,ERR,ERR,ERR,ERR,ERR,ERR,ERR,ERR,ERR,ERR,ERR,ERR,ERR,ERR,ERR,ERR,ERR,ERR,ERR,ERR,ERR,ERR,ERR,ERR,ERR,ERR,ERR,ERR,ERR,ERR,ERR,ERR,ERR,ERR,ERR,ERR,ERR,ERR,ERR,ERR,ERR,ERR,ERR,ERR,ERR,ERR,ERR,ERR,ERR,ERR,ERR,ERR,ERR,ERR,ERR,ERR,ERR,ERR,ERR,ERR,ERR,ERR,ERR,ERR,ERR,ERR,ERR,ERR,ERR,ERR,ERR,ERR,ERR,ERR,ERR,ERR,ERR,ERR,ERR,ERR,ERR,ERR,ERR,ERR,ERR,ERR,ERR,ERR,ERR,ERR,ERR,ERR,ERR,ERR,ERR,ERR,ERR,ERR,ERR,ERR,ERR,ERR,ERR,ERR,ERR,-0.0,-0.0,0.0,-152005385388032.0,-2.012,1.3936040501711995e+18,7.805,0.0,0,0,4,48902,6720,14723890282496.0,100,0.0,0.0,0.0,-152005385388032.0,0.0,0,0,0,0,0.0,0,0,0,0,0,0,0,0,0,0,0,0,0,0,0,0,0,0,0,0,0,0,0,0,0,0,0,0,0,0,0,0,0,26,51,50,76,65476,0,300,0,0,8,21553,0.0,-107605600.0,0.0,0.0,0.0,0.0,0.0,0.0,0.0,0.0,0.0,0.0,0.0,0.0,0.0,0.0,0.0,0.0,0.0,0.0,0.0,0.0,0.0,-2.004,2.004,-2.004,0.0,0.0,0.0,0.0,4760.0,2.004,7304.0,-0.0,-0.0,0.0,0.0,0.0,0.0,0.0,0.0,77,-0.0,-71.629,0.0,0.0,0.0,0.0,0.0,0.0,0.0,0,0,0,0.0,0.0,0.0,0.0,0.0,0.0,0.0,0.0,0.0,0.0,0.0,0.0,0.0,0.0,0.0,0.0,0,-107875648.0,77,0.0,154,0.0,0.0,ERR,ERR,ERR,ERR,ERR,ERR,ERR,ERR,ERR,ERR,ERR,ERR,ERR,ERR,ERR,ERR,ERR,ERR,ERR,ERR,ERR,ERR,ERR,ERR,ERR,ERR,ERR,ERR,ERR,ERR,ERR,ERR,ERR,ERR,ERR,ERR,ERR,ERR,ERR,ERR,ERR,ERR,ERR,ERR,ERR,ERR,ERR,ERR,ERR,ERR,ERR,ERR,ERR,ERR,ERR,ERR,ERR,ERR,ERR,ERR,ERR,ERR,ERR,ERR,ERR,ERR,ERR,34.0,80.0,35,0.0,0.0,0.0,0.0,0.0,0.0,0.0,0.0,0.0,0.0,0.0,0.0,0.0,0.0,0.0,0.0,66.0,0,120,58,54,65476,0,300,0,0,8,20529,65476,0,0,57672,80.0,0.0,0.0,0.0,0.0,0.0
2026-06-18T02:16:13,ERR,ERR,ERR,ERR,ERR,ERR,ERR,ERR,ERR,ERR,ERR,ERR,ERR,ERR,ERR,ERR,ERR,ERR,ERR,ERR,ERR,ERR,ERR,ERR,ERR,ERR,ERR,ERR,ERR,ERR,ERR,ERR,ERR,ERR,ERR,ERR,ERR,ERR,ERR,ERR,ERR,ERR,ERR,ERR,ERR,ERR,ERR,ERR,ERR,ERR,ERR,ERR,ERR,ERR,ERR,ERR,ERR,ERR,ERR,ERR,ERR,ERR,ERR,ERR,ERR,ERR,ERR,ERR,ERR,ERR,ERR,ERR,ERR,ERR,ERR,ERR,ERR,ERR,ERR,ERR,ERR,ERR,ERR,ERR,ERR,ERR,ERR,ERR,ERR,ERR,ERR,ERR,ERR,ERR,ERR,ERR,ERR,ERR,ERR,ERR,ERR,ERR,ERR,ERR,ERR,ERR,ERR,ERR,ERR,ERR,ERR,ERR,ERR,ERR,ERR,ERR,ERR,ERR,ERR,ERR,ERR,ERR,ERR,ERR,ERR,-0.0,-0.0,0.0,-152005385388032.0,-2.012,1.3936040501711995e+18,7.805,0.0,0,0,4,48902,6720,14723890282496.0,100,0.0,0.0,0.0,-152005385388032.0,0.0,0,0,0,0,0.0,0,0,0,0,0,0,0,0,0,0,0,0,0,0,0,0,0,0,0,0,0,0,0,0,0,0,0,0,0,0,0,0,0,26,51,50,76,65476,0,300,0,0,8,21553,0.0,-107605600.0,0.0,0.0,0.0,0.0,0.0,0.0,0.0,0.0,0.0,0.0,0.0,0.0,0.0,0.0,0.0,0.0,0.0,0.0,0.0,0.0,0.0,-2.004,2.004,-2.004,0.0,0.0,0.0,0.0,4760.0,2.004,7304.0,-0.0,-0.0,0.0,0.0,0.0,0.0,0.0,0.0,77,-0.0,-71.629,0.0,0.0,0.0,0.0,0.0,0.0,0.0,0,0,0,0.0,0.0,0.0,0.0,0.0,0.0,0.0,0.0,0.0,0.0,0.0,0.0,0.0,0.0,0.0,0.0,0,-107875648.0,77,0.0,154,0.0,0.0,ERR,ERR,ERR,ERR,ERR,ERR,ERR,ERR,ERR,ERR,ERR,ERR,ERR,ERR,ERR,ERR,ERR,ERR,ERR,ERR,ERR,ERR,ERR,ERR,ERR,ERR,ERR,ERR,ERR,ERR,ERR,ERR,ERR,ERR,ERR,ERR,ERR,ERR,ERR,ERR,ERR,ERR,ERR,ERR,ERR,ERR,ERR,ERR,ERR,ERR,ERR,ERR,ERR,ERR,ERR,ERR,ERR,ERR,ERR,ERR,ERR,ERR,ERR,ERR,ERR,ERR,ERR,34.0,80.0,35,0.0,0.0,0.0,0.0,0.0,0.0,0.0,0.0,0.0,0.0,0.0,0.0,0.0,0.0,0.0,0.0,66.0,0,120,58,54,65476,0,300,0,0,8,20529,65476,0,0,57672,80.0,0.0,0.0,0.0,0.0,0.0
2026-06-18T02:16:14,ERR,ERR,ERR,ERR,ERR,ERR,ERR,ERR,ERR,ERR,ERR,ERR,ERR,ERR,ERR,ERR,ERR,ERR,ERR,ERR,ERR,ERR,ERR,ERR,ERR,ERR,ERR,ERR,ERR,ERR,ERR,ERR,ERR,ERR,ERR,ERR,ERR,ERR,ERR,ERR,ERR,ERR,ERR,ERR,ERR,ERR,ERR,ERR,ERR,ERR,ERR,ERR,ERR,ERR,ERR,ERR,ERR,ERR,ERR,ERR,ERR,ERR,ERR,ERR,ERR,ERR,ERR,ERR,ERR,ERR,ERR,ERR,ERR,ERR,ERR,ERR,ERR,ERR,ERR,ERR,ERR,ERR,ERR,ERR,ERR,ERR,ERR,ERR,ERR,ERR,ERR,ERR,ERR,ERR,ERR,ERR,ERR,ERR,ERR,ERR,ERR,ERR,ERR,ERR,ERR,ERR,ERR,ERR,ERR,ERR,ERR,ERR,ERR,ERR,ERR,ERR,ERR,ERR,ERR,ERR,ERR,ERR,ERR,ERR,ERR,-0.0,-0.0,0.0,2.718290229135658e+23,2.012,1.3936040501711995e+18,7.805,-4.0828997592390904e+35,0,0,4,48906,6720,14723890282496.0,100,0.0,0.0,0.0,2.718290229135658e+23,0.0,0,0,0,0,0.0,0,0,0,0,0,0,0,0,0,0,0,0,0,0,0,0,0,0,0,0,0,0,0,0,0,0,0,0,0,0,0,0,0,26,51,50,76,65476,0,300,0,0,8,21553,0.0,-107605600.0,0.0,0.0,0.0,0.0,0.0,0.0,0.0,0.0,0.0,0.0,0.0,0.0,0.0,0.0,0.0,0.0,0.0,0.0,0.0,0.0,0.0,-2.004,2.004,-0.0,0.0,0.0,0.0,0.0,4736.0,564145296506880.0,7307.0,-0.0,-0.0,-107615360.0,2.7184312818759872e+23,0.0,0.0,0.0,0.0,77,-0.0,-2.3088261162012456e+20,0.0,0.0,0.0,0.0,0.0,0.0,0.0,0,0,0,0.0,0.0,0.0,0.0,0.0,0.0,0.0,0.0,0.0,0.0,0.0,0.0,0.0,0.0,0.0,0.0,0,-107875648.0,77,0.0,154,0.0,0.0,ERR,ERR,ERR,ERR,ERR,ERR,ERR,ERR,ERR,ERR,ERR,ERR,ERR,ERR,ERR,ERR,ERR,ERR,ERR,ERR,ERR,ERR,ERR,ERR,ERR,ERR,ERR,ERR,ERR,ERR,ERR,ERR,ERR,ERR,ERR,ERR,ERR,ERR,ERR,ERR,ERR,ERR,ERR,ERR,ERR,ERR,ERR,ERR,ERR,ERR,ERR,ERR,ERR,ERR,ERR,ERR,ERR,ERR,ERR,ERR,ERR,ERR,ERR,ERR,ERR,ERR,ERR,34.0,80.0,35,0.0,0.0,0.0,0.0,0.0,0.0,0.0,0.0,0.0,0.0,0.0,0.0,0.0,0.0,0.0,0.0,66.0,0,120,58,54,65476,0,300,0,0,8,20529,65476,0,0,57672,80.0,0.0,0.0,0.0,0.0,0.0
2026-06-18T02:16:15,ERR,ERR,ERR,ERR,ERR,ERR,ERR,ERR,ERR,ERR,ERR,ERR,ERR,ERR,ERR,ERR,ERR,ERR,ERR,ERR,ERR,ERR,ERR,ERR,ERR,ERR,ERR,ERR,ERR,ERR,ERR,ERR,ERR,ERR,ERR,ERR,ERR,ERR,ERR,ERR,ERR,ERR,ERR,ERR,ERR,ERR,ERR,ERR,ERR,ERR,ERR,ERR,ERR,ERR,ERR,ERR,ERR,ERR,ERR,ERR,ERR,ERR,ERR,ERR,ERR,ERR,ERR,ERR,ERR,ERR,ERR,ERR,ERR,ERR,ERR,ERR,ERR,ERR,ERR,ERR,ERR,ERR,ERR,ERR,ERR,ERR,ERR,ERR,ERR,ERR,ERR,ERR,ERR,ERR,ERR,ERR,ERR,ERR,ERR,ERR,ERR,ERR,ERR,ERR,ERR,ERR,ERR,ERR,ERR,ERR,ERR,ERR,ERR,ERR,ERR,ERR,ERR,ERR,ERR,ERR,ERR,ERR,ERR,ERR,ERR,-0.0,-0.0,0.0,2.718290229135658e+23,2.012,1.3936040501711995e+18,7.805,-4.0828997592390904e+35,0,0,4,48906,6720,14723890282496.0,100,0.0,0.0,0.0,2.718290229135658e+23,0.0,0,0,0,0,0.0,0,0,0,0,0,0,0,0,0,0,0,0,0,0,0,0,0,0,0,0,0,0,0,0,0,0,0,0,0,0,0,0,0,26,51,50,76,65476,0,300,0,0,8,21553,0.0,-107605600.0,0.0,0.0,0.0,0.0,0.0,0.0,0.0,0.0,0.0,0.0,0.0,0.0,0.0,0.0,0.0,0.0,0.0,0.0,0.0,0.0,0.0,-2.004,2.004,-0.0,0.0,0.0,0.0,0.0,4736.0,564145296506880.0,7307.0,-0.0,-0.0,-107615360.0,2.7184312818759872e+23,0.0,0.0,0.0,0.0,77,-0.0,-2.3088261162012456e+20,0.0,0.0,0.0,0.0,0.0,0.0,0.0,0,0,0,0.0,0.0,0.0,0.0,0.0,0.0,0.0,0.0,0.0,0.0,0.0,0.0,0.0,0.0,0.0,0.0,0,-107875648.0,77,0.0,154,0.0,0.0,ERR,ERR,ERR,ERR,ERR,ERR,ERR,ERR,ERR,ERR,ERR,ERR,ERR,ERR,ERR,ERR,ERR,ERR,ERR,ERR,ERR,ERR,ERR,ERR,ERR,ERR,ERR,ERR,ERR,ERR,ERR,ERR,ERR,ERR,ERR,ERR,ERR,ERR,ERR,ERR,ERR,ERR,ERR,ERR,ERR,ERR,ERR,ERR,ERR,ERR,ERR,ERR,ERR,ERR,ERR,ERR,ERR,ERR,ERR,ERR,ERR,ERR,ERR,ERR,ERR,ERR,ERR,34.0,80.0,35,0.0,0.0,0.0,0.0,0.0,0.0,0.0,0.0,0.0,0.0,0.0,0.0,0.0,0.0,0.0,0.0,66.0,0,120,58,54,65476,0,300,0,0,8,20529,65476,0,0,57672,80.0,0.0,0.0,0.0,0.0,0.0
2026-06-18T02:16:16,ERR,ERR,ERR,ERR,ERR,ERR,ERR,ERR,ERR,ERR,ERR,ERR,ERR,ERR,ERR,ERR,ERR,ERR,ERR,ERR,ERR,ERR,ERR,ERR,ERR,ERR,ERR,ERR,ERR,ERR,ERR,ERR,ERR,ERR,ERR,ERR,ERR,ERR,ERR,ERR,ERR,ERR,ERR,ERR,ERR,ERR,ERR,ERR,ERR,ERR,ERR,ERR,ERR,ERR,ERR,ERR,ERR,ERR,ERR,ERR,ERR,ERR,ERR,ERR,ERR,ERR,ERR,ERR,ERR,ERR,ERR,ERR,ERR,ERR,ERR,ERR,ERR,ERR,ERR,ERR,ERR,ERR,ERR,ERR,ERR,ERR,ERR,ERR,ERR,ERR,ERR,ERR,ERR,ERR,ERR,ERR,ERR,ERR,ERR,ERR,ERR,ERR,ERR,ERR,ERR,ERR,ERR,ERR,ERR,ERR,ERR,ERR,ERR,ERR,ERR,ERR,ERR,ERR,ERR,ERR,ERR,ERR,ERR,ERR,ERR,-0.0,-0.0,0.0,2.718290229135658e+23,2.012,1.3936040501711995e+18,7.805,-4.0828997592390904e+35,0,0,4,48906,6720,14723890282496.0,100,0.0,0.0,0.0,2.718290229135658e+23,0.0,0,0,0,0,0.0,0,0,0,0,0,0,0,0,0,0,0,0,0,0,0,0,0,0,0,0,0,0,0,0,0,0,0,0,0,0,0,0,0,26,51,50,76,65476,0,300,0,0,8,21553,0.0,-107605600.0,0.0,0.0,0.0,0.0,0.0,0.0,0.0,0.0,0.0,0.0,0.0,0.0,0.0,0.0,0.0,0.0,0.0,0.0,0.0,0.0,0.0,-2.004,2.004,-0.0,0.0,0.0,0.0,0.0,4736.0,564145296506880.0,7307.0,-0.0,-0.0,-107615360.0,2.7184312818759872e+23,0.0,0.0,0.0,0.0,77,-0.0,-2.3088261162012456e+20,0.0,0.0,0.0,0.0,0.0,0.0,0.0,0,0,0,0.0,0.0,0.0,0.0,0.0,0.0,0.0,0.0,0.0,0.0,0.0,0.0,0.0,0.0,0.0,0.0,0,-107875648.0,77,0.0,154,0.0,0.0,ERR,ERR,ERR,ERR,ERR,ERR,ERR,ERR,ERR,ERR,ERR,ERR,ERR,ERR,ERR,ERR,ERR,ERR,ERR,ERR,ERR,ERR,ERR,ERR,ERR,ERR,ERR,ERR,ERR,ERR,ERR,ERR,ERR,ERR,ERR,ERR,ERR,ERR,ERR,ERR,ERR,ERR,ERR,ERR,ERR,ERR,ERR,ERR,ERR,ERR,ERR,ERR,ERR,ERR,ERR,ERR,ERR,ERR,ERR,ERR,ERR,ERR,ERR,ERR,ERR,ERR,ERR,34.0,80.0,35,0.0,0.0,0.0,0.0,0.0,0.0,0.0,0.0,0.0,0.0,0.0,0.0,0.0,0.0,0.0,0.0,66.0,0,120,58,54,65476,0,300,0,0,8,20529,65476,0,0,57672,80.0,0.0,0.0,0.0,0.0,0.0
2026-06-18T02:16:17,ERR,ERR,ERR,ERR,ERR,ERR,ERR,ERR,ERR,ERR,ERR,ERR,ERR,ERR,ERR,ERR,ERR,ERR,ERR,ERR,ERR,ERR,ERR,ERR,ERR,ERR,ERR,ERR,ERR,ERR,ERR,ERR,ERR,ERR,ERR,ERR,ERR,ERR,ERR,ERR,ERR,ERR,ERR,ERR,ERR,ERR,ERR,ERR,ERR,ERR,ERR,ERR,ERR,ERR,ERR,ERR,ERR,ERR,ERR,ERR,ERR,ERR,ERR,ERR,ERR,ERR,ERR,ERR,ERR,ERR,ERR,ERR,ERR,ERR,ERR,ERR,ERR,ERR,ERR,ERR,ERR,ERR,ERR,ERR,ERR,ERR,ERR,ERR,ERR,ERR,ERR,ERR,ERR,ERR,ERR,ERR,ERR,ERR,ERR,ERR,ERR,ERR,ERR,ERR,ERR,ERR,ERR,ERR,ERR,ERR,ERR,ERR,ERR,ERR,ERR,ERR,ERR,ERR,ERR,ERR,ERR,ERR,ERR,ERR,ERR,-0.0,-0.0,0.0,2.718290229135658e+23,2.012,1.3936040501711995e+18,7.805,-4.0828997592390904e+35,0,0,4,48906,6720,14723890282496.0,100,0.0,0.0,0.0,2.718290229135658e+23,0.0,0,0,0,0,0.0,0,0,0,0,0,0,0,0,0,0,0,0,0,0,0,0,0,0,0,0,0,0,0,0,0,0,0,0,0,0,0,0,0,26,51,50,76,65476,0,300,0,0,8,21553,0.0,-107605600.0,0.0,0.0,0.0,0.0,0.0,0.0,0.0,0.0,0.0,0.0,0.0,0.0,0.0,0.0,0.0,0.0,0.0,0.0,0.0,0.0,0.0,-2.004,2.004,-0.0,0.0,0.0,0.0,0.0,4736.0,564145296506880.0,7307.0,-0.0,-0.0,-107615360.0,2.7184312818759872e+23,0.0,0.0,0.0,0.0,77,-0.0,-2.3088261162012456e+20,0.0,0.0,0.0,0.0,0.0,0.0,0.0,0,0,0,0.0,0.0,0.0,0.0,0.0,0.0,0.0,0.0,0.0,0.0,0.0,0.0,0.0,0.0,0.0,0.0,0,-107875648.0,77,0.0,154,0.0,0.0,ERR,ERR,ERR,ERR,ERR,ERR,ERR,ERR,ERR,ERR,ERR,ERR,ERR,ERR,ERR,ERR,ERR,ERR,ERR,ERR,ERR,ERR,ERR,ERR,ERR,ERR,ERR,ERR,ERR,ERR,ERR,ERR,ERR,ERR,ERR,ERR,ERR,ERR,ERR,ERR,ERR,ERR,ERR,ERR,ERR,ERR,ERR,ERR,ERR,ERR,ERR,ERR,ERR,ERR,ERR,ERR,ERR,ERR,ERR,ERR,ERR,ERR,ERR,ERR,ERR,ERR,ERR,34.0,80.0,35,0.0,0.0,0.0,0.0,0.0,0.0,0.0,0.0,0.0,0.0,0.0,0.0,0.0,0.0,0.0,0.0,66.0,0,120,58,54,65476,0,300,0,0,8,20529,65476,0,0,57672,80.0,0.0,0.0,0.0,0.0,0.0
2026-06-18T02:16:18,ERR,ERR,ERR,ERR,ERR,ERR,ERR,ERR,ERR,ERR,ERR,ERR,ERR,ERR,ERR,ERR,ERR,ERR,ERR,ERR,ERR,ERR,ERR,ERR,ERR,ERR,ERR,ERR,ERR,ERR,ERR,ERR,ERR,ERR,ERR,ERR,ERR,ERR,ERR,ERR,ERR,ERR,ERR,ERR,ERR,ERR,ERR,ERR,ERR,ERR,ERR,ERR,ERR,ERR,ERR,ERR,ERR,ERR,ERR,ERR,ERR,ERR,ERR,ERR,ERR,ERR,ERR,ERR,ERR,ERR,ERR,ERR,ERR,ERR,ERR,ERR,ERR,ERR,ERR,ERR,ERR,ERR,ERR,ERR,ERR,ERR,ERR,ERR,ERR,ERR,ERR,ERR,ERR,ERR,ERR,ERR,ERR,ERR,ERR,ERR,ERR,ERR,ERR,ERR,ERR,ERR,ERR,ERR,ERR,ERR,ERR,ERR,ERR,ERR,ERR,ERR,ERR,ERR,ERR,ERR,ERR,ERR,ERR,ERR,ERR,-0.0,-0.0,0.0,2.718290229135658e+23,2.012,1.3936040501711995e+18,7.805,-4.0828997592390904e+35,0,0,4,48906,6720,14723890282496.0,100,0.0,0.0,0.0,2.718290229135658e+23,0.0,0,0,0,0,0.0,0,0,0,0,0,0,0,0,0,0,0,0,0,0,0,0,0,0,0,0,0,0,0,0,0,0,0,0,0,0,0,0,0,26,51,50,76,65476,0,300,0,0,8,21553,0.0,-107605600.0,0.0,0.0,0.0,0.0,0.0,0.0,0.0,0.0,0.0,0.0,0.0,0.0,0.0,0.0,0.0,0.0,0.0,0.0,0.0,0.0,0.0,-2.004,2.004,-0.0,0.0,0.0,0.0,0.0,4736.0,564145296506880.0,7307.0,-0.0,-0.0,-107615360.0,2.7184312818759872e+23,0.0,0.0,0.0,0.0,77,-0.0,-2.3088261162012456e+20,0.0,0.0,0.0,0.0,0.0,0.0,0.0,0,0,0,0.0,0.0,0.0,0.0,0.0,0.0,0.0,0.0,0.0,0.0,0.0,0.0,0.0,0.0,0.0,0.0,0,-107875648.0,77,0.0,154,0.0,0.0,ERR,ERR,ERR,ERR,ERR,ERR,ERR,ERR,ERR,ERR,ERR,ERR,ERR,ERR,ERR,ERR,ERR,ERR,ERR,ERR,ERR,ERR,ERR,ERR,ERR,ERR,ERR,ERR,ERR,ERR,ERR,ERR,ERR,ERR,ERR,ERR,ERR,ERR,ERR,ERR,ERR,ERR,ERR,ERR,ERR,ERR,ERR,ERR,ERR,ERR,ERR,ERR,ERR,ERR,ERR,ERR,ERR,ERR,ERR,ERR,ERR,ERR,ERR,ERR,ERR,ERR,ERR,34.0,80.0,35,0.0,0.0,0.0,0.0,0.0,0.0,0.0,0.0,0.0,0.0,0.0,0.0,0.0,0.0,0.0,0.0,66.4,0,120,58,54,65476,0,300,0,0,8,20529,65476,0,0,57672,80.0,0.0,0.0,0.0,0.0,0.0
2026-06-18T02:16:19,ERR,ERR,ERR,ERR,ERR,ERR,ERR,ERR,ERR,ERR,ERR,ERR,ERR,ERR,ERR,ERR,ERR,ERR,ERR,ERR,ERR,ERR,ERR,ERR,ERR,ERR,ERR,ERR,ERR,ERR,ERR,ERR,ERR,ERR,ERR,ERR,ERR,ERR,ERR,ERR,ERR,ERR,ERR,ERR,ERR,ERR,ERR,ERR,ERR,ERR,ERR,ERR,ERR,ERR,ERR,ERR,ERR,ERR,ERR,ERR,ERR,ERR,ERR,ERR,ERR,ERR,ERR,ERR,ERR,ERR,ERR,ERR,ERR,ERR,ERR,ERR,ERR,ERR,ERR,ERR,ERR,ERR,ERR,ERR,ERR,ERR,ERR,ERR,ERR,ERR,ERR,ERR,ERR,ERR,ERR,ERR,ERR,ERR,ERR,ERR,ERR,ERR,ERR,ERR,ERR,ERR,ERR,ERR,ERR,ERR,ERR,ERR,ERR,ERR,ERR,ERR,ERR,ERR,ERR,ERR,ERR,ERR,ERR,ERR,ERR,-0.0,-0.0,0.0,-0.0,-0.0,1.3936040501711995e+18,7.805,0.0,0,0,4,48898,6720,14723890282496.0,100,0.0,0.0,0.0,-0.0,0.0,0,0,0,0,0.0,0,0,0,0,0,0,0,0,0,0,0,0,0,0,0,0,0,0,0,0,0,0,0,0,0,0,0,0,0,0,0,0,0,26,51,50,76,65476,0,300,0,0,8,21553,0.0,-107605600.0,0.0,0.0,0.0,0.0,0.0,0.0,0.0,0.0,0.0,0.0,0.0,0.0,0.0,0.0,0.0,0.0,0.0,0.0,0.0,0.0,0.0,-2.004,0.0,-0.0,0.0,0.0,0.0,0.0,4739.0,2.004,7304.0,-0.0,-0.0,0.0,0.0,0.0,0.0,0.0,0.0,77,-0.0,-71.629,0.0,0.0,0.0,0.0,0.0,0.0,0.0,0,0,0,0.0,0.0,0.0,0.0,0.0,0.0,0.0,0.0,0.0,0.0,0.0,0.0,0.0,0.0,0.0,0.0,0,-107875648.0,77,0.0,154,0.0,-0.0,ERR,ERR,ERR,ERR,ERR,ERR,ERR,ERR,ERR,ERR,ERR,ERR,ERR,ERR,ERR,ERR,ERR,ERR,ERR,ERR,ERR,ERR,ERR,ERR,ERR,ERR,ERR,ERR,ERR,ERR,ERR,ERR,ERR,ERR,ERR,ERR,ERR,ERR,ERR,ERR,ERR,ERR,ERR,ERR,ERR,ERR,ERR,ERR,ERR,ERR,ERR,ERR,ERR,ERR,ERR,ERR,ERR,ERR,ERR,ERR,ERR,ERR,ERR,ERR,ERR,ERR,ERR,34.0,80.0,35,0.0,0.0,0.0,0.0,0.0,0.0,0.0,0.0,0.0,0.0,0.0,0.0,0.0,0.0,0.0,0.0,66.4,0,120,58,54,65476,0,300,0,0,8,20529,65476,0,0,57672,80.0,0.0,0.0,0.0,0.0,0.0
2026-06-18T02:16:20,ERR,ERR,ERR,ERR,ERR,ERR,ERR,ERR,ERR,ERR,ERR,ERR,ERR,ERR,ERR,ERR,ERR,ERR,ERR,ERR,ERR,ERR,ERR,ERR,ERR,ERR,ERR,ERR,ERR,ERR,ERR,ERR,ERR,ERR,ERR,ERR,ERR,ERR,ERR,ERR,ERR,ERR,ERR,ERR,ERR,ERR,ERR,ERR,ERR,ERR,ERR,ERR,ERR,ERR,ERR,ERR,ERR,ERR,ERR,ERR,ERR,ERR,ERR,ERR,ERR,ERR,ERR,ERR,ERR,ERR,ERR,ERR,ERR,ERR,ERR,ERR,ERR,ERR,ERR,ERR,ERR,ERR,ERR,ERR,ERR,ERR,ERR,ERR,ERR,ERR,ERR,ERR,ERR,ERR,ERR,ERR,ERR,ERR,ERR,ERR,ERR,ERR,ERR,ERR,ERR,ERR,ERR,ERR,ERR,ERR,ERR,ERR,ERR,ERR,ERR,ERR,ERR,ERR,ERR,ERR,ERR,ERR,ERR,ERR,ERR,-0.0,-0.0,0.0,-0.0,-0.0,1.3936040501711995e+18,7.805,0.0,0,0,4,48898,6720,14723890282496.0,100,0.0,0.0,0.0,-0.0,0.0,0,0,0,0,0.0,0,0,0,0,0,0,0,0,0,0,0,0,0,0,0,0,0,0,0,0,0,0,0,0,0,0,0,0,0,0,0,0,0,26,51,50,76,65476,0,300,0,0,8,21553,0.0,-107605600.0,0.0,0.0,0.0,0.0,0.0,0.0,0.0,0.0,0.0,0.0,0.0,0.0,0.0,0.0,0.0,0.0,0.0,0.0,0.0,0.0,0.0,-2.004,0.0,-0.0,0.0,0.0,0.0,0.0,4739.0,2.004,7304.0,-0.0,-0.0,0.0,0.0,0.0,0.0,0.0,0.0,77,-0.0,-71.629,0.0,0.0,0.0,0.0,0.0,0.0,0.0,0,0,0,0.0,0.0,0.0,0.0,0.0,0.0,0.0,0.0,0.0,0.0,0.0,0.0,0.0,0.0,0.0,0.0,0,-107875648.0,77,0.0,154,0.0,-0.0,ERR,ERR,ERR,ERR,ERR,ERR,ERR,ERR,ERR,ERR,ERR,ERR,ERR,ERR,ERR,ERR,ERR,ERR,ERR,ERR,ERR,ERR,ERR,ERR,ERR,ERR,ERR,ERR,ERR,ERR,ERR,ERR,ERR,ERR,ERR,ERR,ERR,ERR,ERR,ERR,ERR,ERR,ERR,ERR,ERR,ERR,ERR,ERR,ERR,ERR,ERR,ERR,ERR,ERR,ERR,ERR,ERR,ERR,ERR,ERR,ERR,ERR,ERR,ERR,ERR,ERR,ERR,34.0,80.0,35,0.0,0.0,0.0,0.0,0.0,0.0,0.0,0.0,0.0,0.0,0.0,0.0,0.0,0.0,0.0,0.0,66.4,0,120,58,54,65476,0,300,0,0,8,20529,65476,0,0,57672,80.0,0.0,0.0,0.0,0.0,0.0
2026-06-18T02:16:21,ERR,ERR,ERR,ERR,ERR,ERR,ERR,ERR,ERR,ERR,ERR,ERR,ERR,ERR,ERR,ERR,ERR,ERR,ERR,ERR,ERR,ERR,ERR,ERR,ERR,ERR,ERR,ERR,ERR,ERR,ERR,ERR,ERR,ERR,ERR,ERR,ERR,ERR,ERR,ERR,ERR,ERR,ERR,ERR,ERR,ERR,ERR,ERR,ERR,ERR,ERR,ERR,ERR,ERR,ERR,ERR,ERR,ERR,ERR,ERR,ERR,ERR,ERR,ERR,ERR,ERR,ERR,ERR,ERR,ERR,ERR,ERR,ERR,ERR,ERR,ERR,ERR,ERR,ERR,ERR,ERR,ERR,ERR,ERR,ERR,ERR,ERR,ERR,ERR,ERR,ERR,ERR,ERR,ERR,ERR,ERR,ERR,ERR,ERR,ERR,ERR,ERR,ERR,ERR,ERR,ERR,ERR,ERR,ERR,ERR,ERR,ERR,ERR,ERR,ERR,ERR,ERR,ERR,ERR,ERR,ERR,ERR,ERR,ERR,ERR,-0.0,-0.0,0.0,-0.0,-0.0,1.3936040501711995e+18,7.805,0.0,0,0,4,48898,6720,14723890282496.0,100,0.0,0.0,0.0,-0.0,0.0,0,0,0,0,0.0,0,0,0,0,0,0,0,0,0,0,0,0,0,0,0,0,0,0,0,0,0,0,0,0,0,0,0,0,0,0,0,0,0,26,51,50,76,65476,0,300,0,0,8,21553,0.0,-107605600.0,0.0,0.0,0.0,0.0,0.0,0.0,0.0,0.0,0.0,0.0,0.0,0.0,0.0,0.0,0.0,0.0,0.0,0.0,0.0,0.0,0.0,-2.004,0.0,-0.0,0.0,0.0,0.0,0.0,4739.0,2.004,7304.0,-0.0,-0.0,0.0,0.0,0.0,0.0,0.0,0.0,77,-0.0,-71.629,0.0,0.0,0.0,0.0,0.0,0.0,0.0,0,0,0,0.0,0.0,0.0,0.0,0.0,0.0,0.0,0.0,0.0,0.0,0.0,0.0,0.0,0.0,0.0,0.0,0,-107875648.0,77,0.0,154,0.0,-0.0,ERR,ERR,ERR,ERR,ERR,ERR,ERR,ERR,ERR,ERR,ERR,ERR,ERR,ERR,ERR,ERR,ERR,ERR,ERR,ERR,ERR,ERR,ERR,ERR,ERR,ERR,ERR,ERR,ERR,ERR,ERR,ERR,ERR,ERR,ERR,ERR,ERR,ERR,ERR,ERR,ERR,ERR,ERR,ERR,ERR,ERR,ERR,ERR,ERR,ERR,ERR,ERR,ERR,ERR,ERR,ERR,ERR,ERR,ERR,ERR,ERR,ERR,ERR,ERR,ERR,ERR,ERR,34.0,80.0,35,0.0,0.0,0.0,0.0,0.0,0.0,0.0,0.0,0.0,0.0,0.0,0.0,0.0,0.0,0.0,0.0,66.0,0,120,58,54,65476,0,300,0,0,8,20529,65476,0,0,57672,80.0,0.0,0.0,0.0,0.0,0.0
2026-06-18T02:16:22,ERR,ERR,ERR,ERR,ERR,ERR,ERR,ERR,ERR,ERR,ERR,ERR,ERR,ERR,ERR,ERR,ERR,ERR,ERR,ERR,ERR,ERR,ERR,ERR,ERR,ERR,ERR,ERR,ERR,ERR,ERR,ERR,ERR,ERR,ERR,ERR,ERR,ERR,ERR,ERR,ERR,ERR,ERR,ERR,ERR,ERR,ERR,ERR,ERR,ERR,ERR,ERR,ERR,ERR,ERR,ERR,ERR,ERR,ERR,ERR,ERR,ERR,ERR,ERR,ERR,ERR,ERR,ERR,ERR,ERR,ERR,ERR,ERR,ERR,ERR,ERR,ERR,ERR,ERR,ERR,ERR,ERR,ERR,ERR,ERR,ERR,ERR,ERR,ERR,ERR,ERR,ERR,ERR,ERR,ERR,ERR,ERR,ERR,ERR,ERR,ERR,ERR,ERR,ERR,ERR,ERR,ERR,ERR,ERR,ERR,ERR,ERR,ERR,ERR,ERR,ERR,ERR,ERR,ERR,ERR,ERR,ERR,ERR,ERR,ERR,-0.0,-0.0,0.0,-0.0,-0.0,1.3936040501711995e+18,7.805,0.0,0,0,4,48898,6720,14723890282496.0,100,0.0,0.0,0.0,-0.0,0.0,0,0,0,0,0.0,0,0,0,0,0,0,0,0,0,0,0,0,0,0,0,0,0,0,0,0,0,0,0,0,0,0,0,0,0,0,0,0,0,26,51,50,76,65476,0,300,0,0,8,21553,0.0,-107605600.0,0.0,0.0,0.0,0.0,0.0,0.0,0.0,0.0,0.0,0.0,0.0,0.0,0.0,0.0,0.0,0.0,0.0,0.0,0.0,0.0,0.0,-2.004,0.0,-0.0,0.0,0.0,0.0,0.0,4739.0,2.004,7304.0,-0.0,-0.0,0.0,0.0,0.0,0.0,0.0,0.0,77,-0.0,-71.629,0.0,0.0,0.0,0.0,0.0,0.0,0.0,0,0,0,0.0,0.0,0.0,0.0,0.0,0.0,0.0,0.0,0.0,0.0,0.0,0.0,0.0,0.0,0.0,0.0,0,-107875648.0,77,0.0,154,0.0,-0.0,ERR,ERR,ERR,ERR,ERR,ERR,ERR,ERR,ERR,ERR,ERR,ERR,ERR,ERR,ERR,ERR,ERR,ERR,ERR,ERR,ERR,ERR,ERR,ERR,ERR,ERR,ERR,ERR,ERR,ERR,ERR,ERR,ERR,ERR,ERR,ERR,ERR,ERR,ERR,ERR,ERR,ERR,ERR,ERR,ERR,ERR,ERR,ERR,ERR,ERR,ERR,ERR,ERR,ERR,ERR,ERR,ERR,ERR,ERR,ERR,ERR,ERR,ERR,ERR,ERR,ERR,ERR,34.0,80.0,35,0.0,0.0,0.0,0.0,0.0,0.0,0.0,0.0,0.0,0.0,0.0,0.0,0.0,0.0,0.0,0.0,66.0,0,120,58,54,65476,0,300,0,0,8,20529,65476,0,0,57672,80.0,0.0,0.0,0.0,0.0,0.0
2026-06-18T02:16:23,ERR,ERR,ERR,ERR,ERR,ERR,ERR,ERR,ERR,ERR,ERR,ERR,ERR,ERR,ERR,ERR,ERR,ERR,ERR,ERR,ERR,ERR,ERR,ERR,ERR,ERR,ERR,ERR,ERR,ERR,ERR,ERR,ERR,ERR,ERR,ERR,ERR,ERR,ERR,ERR,ERR,ERR,ERR,ERR,ERR,ERR,ERR,ERR,ERR,ERR,ERR,ERR,ERR,ERR,ERR,ERR,ERR,ERR,ERR,ERR,ERR,ERR,ERR,ERR,ERR,ERR,ERR,ERR,ERR,ERR,ERR,ERR,ERR,ERR,ERR,ERR,ERR,ERR,ERR,ERR,ERR,ERR,ERR,ERR,ERR,ERR,ERR,ERR,ERR,ERR,ERR,ERR,ERR,ERR,ERR,ERR,ERR,ERR,ERR,ERR,ERR,ERR,ERR,ERR,ERR,ERR,ERR,ERR,ERR,ERR,ERR,ERR,ERR,ERR,ERR,ERR,ERR,ERR,ERR,ERR,ERR,ERR,ERR,ERR,ERR,-0.0,-0.0,0.0,-0.0,-0.0,1.3936040501711995e+18,7.805,0.0,0,0,4,48898,6720,14723890282496.0,100,0.0,0.0,0.0,-0.0,0.0,0,0,0,0,0.0,0,0,0,0,0,0,0,0,0,0,0,0,0,0,0,0,0,0,0,0,0,0,0,0,0,0,0,0,0,0,0,0,0,26,51,50,76,65476,0,300,0,0,8,21553,0.0,-107605600.0,0.0,0.0,0.0,0.0,0.0,0.0,0.0,0.0,0.0,0.0,0.0,0.0,0.0,0.0,0.0,0.0,0.0,0.0,0.0,0.0,0.0,-2.004,0.0,-0.0,0.0,0.0,0.0,0.0,4739.0,2.004,7304.0,-0.0,-0.0,0.0,0.0,0.0,0.0,0.0,0.0,77,-0.0,-71.629,0.0,0.0,0.0,0.0,0.0,0.0,0.0,0,0,0,0.0,0.0,0.0,0.0,0.0,0.0,0.0,0.0,0.0,0.0,0.0,0.0,0.0,0.0,0.0,0.0,0,-107875648.0,77,0.0,154,0.0,-0.0,ERR,ERR,ERR,ERR,ERR,ERR,ERR,ERR,ERR,ERR,ERR,ERR,ERR,ERR,ERR,ERR,ERR,ERR,ERR,ERR,ERR,ERR,ERR,ERR,ERR,ERR,ERR,ERR,ERR,ERR,ERR,ERR,ERR,ERR,ERR,ERR,ERR,ERR,ERR,ERR,ERR,ERR,ERR,ERR,ERR,ERR,ERR,ERR,ERR,ERR,ERR,ERR,ERR,ERR,ERR,ERR,ERR,ERR,ERR,ERR,ERR,ERR,ERR,ERR,ERR,ERR,ERR,34.0,80.0,35,0.0,0.0,0.0,0.0,0.0,0.0,0.0,0.0,0.0,0.0,0.0,0.0,0.0,0.0,0.0,0.0,66.4,0,120,58,54,65476,0,300,0,0,8,20529,65476,0,0,57672,80.0,0.0,0.0,0.0,0.0,0.0
2026-06-18T02:16:24,ERR,ERR,ERR,ERR,ERR,ERR,ERR,ERR,ERR,ERR,ERR,ERR,ERR,ERR,ERR,ERR,ERR,ERR,ERR,ERR,ERR,ERR,ERR,ERR,ERR,ERR,ERR,ERR,ERR,ERR,ERR,ERR,ERR,ERR,ERR,ERR,ERR,ERR,ERR,ERR,ERR,ERR,ERR,ERR,ERR,ERR,ERR,ERR,ERR,ERR,ERR,ERR,ERR,ERR,ERR,ERR,ERR,ERR,ERR,ERR,ERR,ERR,ERR,ERR,ERR,ERR,ERR,ERR,ERR,ERR,ERR,ERR,ERR,ERR,ERR,ERR,ERR,ERR,ERR,ERR,ERR,ERR,ERR,ERR,ERR,ERR,ERR,ERR,ERR,ERR,ERR,ERR,ERR,ERR,ERR,ERR,ERR,ERR,ERR,ERR,ERR,ERR,ERR,ERR,ERR,ERR,ERR,ERR,ERR,ERR,ERR,ERR,ERR,ERR,ERR,ERR,ERR,ERR,ERR,ERR,ERR,ERR,ERR,ERR,ERR,-0.0,-0.0,0.0,-4.9501291711397626e+32,-2.012,1.3936040501711995e+18,7.805,8.558351388217734e+28,0,0,4,48908,6720,14723890282496.0,100,0.0,0.0,0.0,-4.9501291711397626e+32,0.0,0,0,0,0,0.0,0,0,0,0,0,0,0,0,0,0,0,0,0,0,0,0,0,0,0,0,0,0,0,0,0,0,0,0,0,0,0,0,0,26,51,50,76,65476,0,300,0,0,8,21553,0.0,-107605600.0,0.0,0.0,0.0,0.0,0.0,0.0,0.0,0.0,0.0,0.0,0.0,0.0,0.0,0.0,0.0,0.0,0.0,0.0,0.0,0.0,0.0,-2.004,2.004,-2.004,0.0,0.0,0.0,0.0,4736.0,0.0,7303.0,-0.0,-0.0,-107615360.0,0.0,0.0,0.0,0.0,0.0,77,-0.0,-0.0,0.0,0.0,0.0,0.0,0.0,0.0,0.0,0,0,0,0.0,0.0,0.0,0.0,0.0,0.0,0.0,0.0,0.0,0.0,0.0,0.0,0.0,0.0,0.0,0.0,0,-107875648.0,77,0.0,154,0.0,0.0,ERR,ERR,ERR,ERR,ERR,ERR,ERR,ERR,ERR,ERR,ERR,ERR,ERR,ERR,ERR,ERR,ERR,ERR,ERR,ERR,ERR,ERR,ERR,ERR,ERR,ERR,ERR,ERR,ERR,ERR,ERR,ERR,ERR,ERR,ERR,ERR,ERR,ERR,ERR,ERR,ERR,ERR,ERR,ERR,ERR,ERR,ERR,ERR,ERR,ERR,ERR,ERR,ERR,ERR,ERR,ERR,ERR,ERR,ERR,ERR,ERR,ERR,ERR,ERR,ERR,ERR,ERR,34.0,80.0,35,0.0,0.0,0.0,0.0,0.0,0.0,0.0,0.0,0.0,0.0,0.0,0.0,0.0,0.0,0.0,0.0,66.4,0,120,58,54,65476,0,300,0,0,8,20529,65476,0,0,57672,80.0,0.0,0.0,0.0,0.0,0.0
2026-06-18T02:16:25,ERR,ERR,ERR,ERR,ERR,ERR,ERR,ERR,ERR,ERR,ERR,ERR,ERR,ERR,ERR,ERR,ERR,ERR,ERR,ERR,ERR,ERR,ERR,ERR,ERR,ERR,ERR,ERR,ERR,ERR,ERR,ERR,ERR,ERR,ERR,ERR,ERR,ERR,ERR,ERR,ERR,ERR,ERR,ERR,ERR,ERR,ERR,ERR,ERR,ERR,ERR,ERR,ERR,ERR,ERR,ERR,ERR,ERR,ERR,ERR,ERR,ERR,ERR,ERR,ERR,ERR,ERR,ERR,ERR,ERR,ERR,ERR,ERR,ERR,ERR,ERR,ERR,ERR,ERR,ERR,ERR,ERR,ERR,ERR,ERR,ERR,ERR,ERR,ERR,ERR,ERR,ERR,ERR,ERR,ERR,ERR,ERR,ERR,ERR,ERR,ERR,ERR,ERR,ERR,ERR,ERR,ERR,ERR,ERR,ERR,ERR,ERR,ERR,ERR,ERR,ERR,ERR,ERR,ERR,ERR,ERR,ERR,ERR,ERR,ERR,-0.0,-0.0,0.0,-4.9501291711397626e+32,-2.012,1.3936040501711995e+18,7.805,8.558351388217734e+28,0,0,4,48908,6720,14723890282496.0,100,0.0,0.0,0.0,-4.9501291711397626e+32,0.0,0,0,0,0,0.0,0,0,0,0,0,0,0,0,0,0,0,0,0,0,0,0,0,0,0,0,0,0,0,0,0,0,0,0,0,0,0,0,0,26,51,50,76,65476,0,300,0,0,8,21553,0.0,-107605600.0,0.0,0.0,0.0,0.0,0.0,0.0,0.0,0.0,0.0,0.0,0.0,0.0,0.0,0.0,0.0,0.0,0.0,0.0,0.0,0.0,0.0,-2.004,2.004,-2.004,0.0,0.0,0.0,0.0,4736.0,0.0,7303.0,-0.0,-0.0,-107615360.0,0.0,0.0,0.0,0.0,0.0,77,-0.0,-0.0,0.0,0.0,0.0,0.0,0.0,0.0,0.0,0,0,0,0.0,0.0,0.0,0.0,0.0,0.0,0.0,0.0,0.0,0.0,0.0,0.0,0.0,0.0,0.0,0.0,0,-107875648.0,77,0.0,154,0.0,0.0,ERR,ERR,ERR,ERR,ERR,ERR,ERR,ERR,ERR,ERR,ERR,ERR,ERR,ERR,ERR,ERR,ERR,ERR,ERR,ERR,ERR,ERR,ERR,ERR,ERR,ERR,ERR,ERR,ERR,ERR,ERR,ERR,ERR,ERR,ERR,ERR,ERR,ERR,ERR,ERR,ERR,ERR,ERR,ERR,ERR,ERR,ERR,ERR,ERR,ERR,ERR,ERR,ERR,ERR,ERR,ERR,ERR,ERR,ERR,ERR,ERR,ERR,ERR,ERR,ERR,ERR,ERR,34.0,80.0,35,0.0,0.0,0.0,0.0,0.0,0.0,0.0,0.0,0.0,0.0,0.0,0.0,0.0,0.0,0.0,0.0,66.0,0,120,58,54,65476,0,300,0,0,8,20529,65476,0,0,57672,80.0,0.0,0.0,0.0,0.0,0.0
2026-06-18T02:16:26,ERR,ERR,ERR,ERR,ERR,ERR,ERR,ERR,ERR,ERR,ERR,ERR,ERR,ERR,ERR,ERR,ERR,ERR,ERR,ERR,ERR,ERR,ERR,ERR,ERR,ERR,ERR,ERR,ERR,ERR,ERR,ERR,ERR,ERR,ERR,ERR,ERR,ERR,ERR,ERR,ERR,ERR,ERR,ERR,ERR,ERR,ERR,ERR,ERR,ERR,ERR,ERR,ERR,ERR,ERR,ERR,ERR,ERR,ERR,ERR,ERR,ERR,ERR,ERR,ERR,ERR,ERR,ERR,ERR,ERR,ERR,ERR,ERR,ERR,ERR,ERR,ERR,ERR,ERR,ERR,ERR,ERR,ERR,ERR,ERR,ERR,ERR,ERR,ERR,ERR,ERR,ERR,ERR,ERR,ERR,ERR,ERR,ERR,ERR,ERR,ERR,ERR,ERR,ERR,ERR,ERR,ERR,ERR,ERR,ERR,ERR,ERR,ERR,ERR,ERR,ERR,ERR,ERR,ERR,ERR,ERR,ERR,ERR,ERR,ERR,-0.0,-0.0,0.0,-4.9501291711397626e+32,-2.012,1.3936040501711995e+18,7.805,8.558351388217734e+28,0,0,4,48908,6720,14723890282496.0,100,0.0,0.0,0.0,-4.9501291711397626e+32,0.0,0,0,0,0,0.0,0,0,0,0,0,0,0,0,0,0,0,0,0,0,0,0,0,0,0,0,0,0,0,0,0,0,0,0,0,0,0,0,0,26,51,50,76,65476,0,300,0,0,8,21553,0.0,-107605600.0,0.0,0.0,0.0,0.0,0.0,0.0,0.0,0.0,0.0,0.0,0.0,0.0,0.0,0.0,0.0,0.0,0.0,0.0,0.0,0.0,0.0,-2.004,2.004,-2.004,0.0,0.0,0.0,0.0,4736.0,0.0,7303.0,-0.0,-0.0,-107615360.0,0.0,0.0,0.0,0.0,0.0,77,-0.0,-0.0,0.0,0.0,0.0,0.0,0.0,0.0,0.0,0,0,0,0.0,0.0,0.0,0.0,0.0,0.0,0.0,0.0,0.0,0.0,0.0,0.0,0.0,0.0,0.0,0.0,0,-107875648.0,77,0.0,154,0.0,0.0,ERR,ERR,ERR,ERR,ERR,ERR,ERR,ERR,ERR,ERR,ERR,ERR,ERR,ERR,ERR,ERR,ERR,ERR,ERR,ERR,ERR,ERR,ERR,ERR,ERR,ERR,ERR,ERR,ERR,ERR,ERR,ERR,ERR,ERR,ERR,ERR,ERR,ERR,ERR,ERR,ERR,ERR,ERR,ERR,ERR,ERR,ERR,ERR,ERR,ERR,ERR,ERR,ERR,ERR,ERR,ERR,ERR,ERR,ERR,ERR,ERR,ERR,ERR,ERR,ERR,ERR,ERR,34.0,80.0,35,0.0,0.0,0.0,0.0,0.0,0.0,0.0,0.0,0.0,0.0,0.0,0.0,0.0,0.0,0.0,0.0,66.0,0,120,58,54,65476,0,300,0,0,8,20529,65476,0,0,57672,80.0,0.0,0.0,0.0,0.0,0.0
2026-06-18T02:16:27,ERR,ERR,ERR,ERR,ERR,ERR,ERR,ERR,ERR,ERR,ERR,ERR,ERR,ERR,ERR,ERR,ERR,ERR,ERR,ERR,ERR,ERR,ERR,ERR,ERR,ERR,ERR,ERR,ERR,ERR,ERR,ERR,ERR,ERR,ERR,ERR,ERR,ERR,ERR,ERR,ERR,ERR,ERR,ERR,ERR,ERR,ERR,ERR,ERR,ERR,ERR,ERR,ERR,ERR,ERR,ERR,ERR,ERR,ERR,ERR,ERR,ERR,ERR,ERR,ERR,ERR,ERR,ERR,ERR,ERR,ERR,ERR,ERR,ERR,ERR,ERR,ERR,ERR,ERR,ERR,ERR,ERR,ERR,ERR,ERR,ERR,ERR,ERR,ERR,ERR,ERR,ERR,ERR,ERR,ERR,ERR,ERR,ERR,ERR,ERR,ERR,ERR,ERR,ERR,ERR,ERR,ERR,ERR,ERR,ERR,ERR,ERR,ERR,ERR,ERR,ERR,ERR,ERR,ERR,ERR,ERR,ERR,ERR,ERR,ERR,-0.0,-0.0,0.0,-4.9501291711397626e+32,-2.012,1.3936040501711995e+18,7.805,8.558351388217734e+28,0,0,4,48908,6720,14723890282496.0,100,0.0,0.0,0.0,-4.9501291711397626e+32,0.0,0,0,0,0,0.0,0,0,0,0,0,0,0,0,0,0,0,0,0,0,0,0,0,0,0,0,0,0,0,0,0,0,0,0,0,0,0,0,0,26,51,50,76,65476,0,300,0,0,8,21553,0.0,-107605600.0,0.0,0.0,0.0,0.0,0.0,0.0,0.0,0.0,0.0,0.0,0.0,0.0,0.0,0.0,0.0,0.0,0.0,0.0,0.0,0.0,0.0,-2.004,2.004,-2.004,0.0,0.0,0.0,0.0,4736.0,0.0,7303.0,-0.0,-0.0,-107615360.0,0.0,0.0,0.0,0.0,0.0,77,-0.0,-0.0,0.0,0.0,0.0,0.0,0.0,0.0,0.0,0,0,0,0.0,0.0,0.0,0.0,0.0,0.0,0.0,0.0,0.0,0.0,0.0,0.0,0.0,0.0,0.0,0.0,0,-107875648.0,77,0.0,154,0.0,0.0,ERR,ERR,ERR,ERR,ERR,ERR,ERR,ERR,ERR,ERR,ERR,ERR,ERR,ERR,ERR,ERR,ERR,ERR,ERR,ERR,ERR,ERR,ERR,ERR,ERR,ERR,ERR,ERR,ERR,ERR,ERR,ERR,ERR,ERR,ERR,ERR,ERR,ERR,ERR,ERR,ERR,ERR,ERR,ERR,ERR,ERR,ERR,ERR,ERR,ERR,ERR,ERR,ERR,ERR,ERR,ERR,ERR,ERR,ERR,ERR,ERR,ERR,ERR,ERR,ERR,ERR,ERR,34.0,80.0,35,0.0,0.0,0.0,0.0,0.0,0.0,0.0,0.0,0.0,0.0,0.0,0.0,0.0,0.0,0.0,0.0,66.4,0,120,58,54,65476,0,300,0,0,8,20529,65476,0,0,57672,80.0,0.0,0.0,0.0,0.0,0.0
2026-06-18T02:16:28,ERR,ERR,ERR,ERR,ERR,ERR,ERR,ERR,ERR,ERR,ERR,ERR,ERR,ERR,ERR,ERR,ERR,ERR,ERR,ERR,ERR,ERR,ERR,ERR,ERR,ERR,ERR,ERR,ERR,ERR,ERR,ERR,ERR,ERR,ERR,ERR,ERR,ERR,ERR,ERR,ERR,ERR,ERR,ERR,ERR,ERR,ERR,ERR,ERR,ERR,ERR,ERR,ERR,ERR,ERR,ERR,ERR,ERR,ERR,ERR,ERR,ERR,ERR,ERR,ERR,ERR,ERR,ERR,ERR,ERR,ERR,ERR,ERR,ERR,ERR,ERR,ERR,ERR,ERR,ERR,ERR,ERR,ERR,ERR,ERR,ERR,ERR,ERR,ERR,ERR,ERR,ERR,ERR,ERR,ERR,ERR,ERR,ERR,ERR,ERR,ERR,ERR,ERR,ERR,ERR,ERR,ERR,ERR,ERR,ERR,ERR,ERR,ERR,ERR,ERR,ERR,ERR,ERR,ERR,ERR,ERR,ERR,ERR,ERR,ERR,-0.0,-0.0,0.0,-4.9501291711397626e+32,-2.012,1.3936040501711995e+18,7.805,8.558351388217734e+28,0,0,4,48908,6720,14723890282496.0,100,0.0,0.0,0.0,-4.9501291711397626e+32,0.0,0,0,0,0,0.0,0,0,0,0,0,0,0,0,0,0,0,0,0,0,0,0,0,0,0,0,0,0,0,0,0,0,0,0,0,0,0,0,0,26,51,50,76,65476,0,300,0,0,8,21553,0.0,-107605600.0,0.0,0.0,0.0,0.0,0.0,0.0,0.0,0.0,0.0,0.0,0.0,0.0,0.0,0.0,0.0,0.0,0.0,0.0,0.0,0.0,0.0,-2.004,2.004,-2.004,0.0,0.0,0.0,0.0,4736.0,0.0,7303.0,-0.0,-0.0,-107615360.0,0.0,0.0,0.0,0.0,0.0,77,-0.0,-0.0,0.0,0.0,0.0,0.0,0.0,0.0,0.0,0,0,0,0.0,0.0,0.0,0.0,0.0,0.0,0.0,0.0,0.0,0.0,0.0,0.0,0.0,0.0,0.0,0.0,0,-107875648.0,77,0.0,154,0.0,0.0,ERR,ERR,ERR,ERR,ERR,ERR,ERR,ERR,ERR,ERR,ERR,ERR,ERR,ERR,ERR,ERR,ERR,ERR,ERR,ERR,ERR,ERR,ERR,ERR,ERR,ERR,ERR,ERR,ERR,ERR,ERR,ERR,ERR,ERR,ERR,ERR,ERR,ERR,ERR,ERR,ERR,ERR,ERR,ERR,ERR,ERR,ERR,ERR,ERR,ERR,ERR,ERR,ERR,ERR,ERR,ERR,ERR,ERR,ERR,ERR,ERR,ERR,ERR,ERR,ERR,ERR,ERR,34.0,80.0,35,0.0,0.0,0.0,0.0,0.0,0.0,0.0,0.0,0.0,0.0,0.0,0.0,0.0,0.0,0.0,0.0,66.0,0,120,58,54,65476,0,300,0,0,8,20529,65476,0,0,57672,80.0,0.0,0.0,0.0,0.0,0.0
2026-06-18T02:16:29,ERR,ERR,ERR,ERR,ERR,ERR,ERR,ERR,ERR,ERR,ERR,ERR,ERR,ERR,ERR,ERR,ERR,ERR,ERR,ERR,ERR,ERR,ERR,ERR,ERR,ERR,ERR,ERR,ERR,ERR,ERR,ERR,ERR,ERR,ERR,ERR,ERR,ERR,ERR,ERR,ERR,ERR,ERR,ERR,ERR,ERR,ERR,ERR,ERR,ERR,ERR,ERR,ERR,ERR,ERR,ERR,ERR,ERR,ERR,ERR,ERR,ERR,ERR,ERR,ERR,ERR,ERR,ERR,ERR,ERR,ERR,ERR,ERR,ERR,ERR,ERR,ERR,ERR,ERR,ERR,ERR,ERR,ERR,ERR,ERR,ERR,ERR,ERR,ERR,ERR,ERR,ERR,ERR,ERR,ERR,ERR,ERR,ERR,ERR,ERR,ERR,ERR,ERR,ERR,ERR,ERR,ERR,ERR,ERR,ERR,ERR,ERR,ERR,ERR,ERR,ERR,ERR,ERR,ERR,ERR,ERR,ERR,ERR,ERR,ERR,-0.0,-0.0,0.0,-0.0,-0.0,1.3936040501711995e+18,7.805,0.0,0,0,4,48908,6720,14723890282496.0,100,0.0,0.0,0.0,-4.9501291711397626e+32,0.0,0,0,0,0,0.0,0,0,0,0,0,0,0,0,0,0,0,0,0,0,0,0,0,0,0,0,0,0,0,0,0,0,0,0,0,0,0,0,0,26,51,50,76,65476,0,300,0,0,8,21553,0.0,-107605600.0,0.0,0.0,0.0,0.0,0.0,0.0,0.0,0.0,0.0,0.0,0.0,0.0,0.0,0.0,0.0,0.0,0.0,0.0,0.0,0.0,0.0,-2.004,0.0,-0.0,0.0,0.0,0.0,0.0,4737.0,0.0,7299.0,-0.0,-0.0,-107615360.0,0.0,0.0,0.0,0.0,0.0,77,-0.0,-0.0,0.0,0.0,0.0,0.0,0.0,0.0,0.0,0,0,0,0.0,0.0,0.0,0.0,0.0,0.0,0.0,0.0,0.0,0.0,0.0,0.0,0.0,0.0,0.0,0.0,0,-107875648.0,77,0.0,154,0.0,0.0,ERR,ERR,ERR,ERR,ERR,ERR,ERR,ERR,ERR,ERR,ERR,ERR,ERR,ERR,ERR,ERR,ERR,ERR,ERR,ERR,ERR,ERR,ERR,ERR,ERR,ERR,ERR,ERR,ERR,ERR,ERR,ERR,ERR,ERR,ERR,ERR,ERR,ERR,ERR,ERR,ERR,ERR,ERR,ERR,ERR,ERR,ERR,ERR,ERR,ERR,ERR,ERR,ERR,ERR,ERR,ERR,ERR,ERR,ERR,ERR,ERR,ERR,ERR,ERR,ERR,ERR,ERR,34.0,80.0,35,0.0,0.0,0.0,0.0,0.0,0.0,0.0,0.0,0.0,0.0,0.0,0.0,0.0,0.0,0.0,0.0,66.0,0,120,58,54,65476,0,300,0,0,8,20529,65476,0,0,57672,80.0,0.0,0.0,0.0,0.0,0.0
2026-06-18T02:16:30,ERR,ERR,ERR,ERR,ERR,ERR,ERR,ERR,ERR,ERR,ERR,ERR,ERR,ERR,ERR,ERR,ERR,ERR,ERR,ERR,ERR,ERR,ERR,ERR,ERR,ERR,ERR,ERR,ERR,ERR,ERR,ERR,ERR,ERR,ERR,ERR,ERR,ERR,ERR,ERR,ERR,ERR,ERR,ERR,ERR,ERR,ERR,ERR,ERR,ERR,ERR,ERR,ERR,ERR,ERR,ERR,ERR,ERR,ERR,ERR,ERR,ERR,ERR,ERR,ERR,ERR,ERR,ERR,ERR,ERR,ERR,ERR,ERR,ERR,ERR,ERR,ERR,ERR,ERR,ERR,ERR,ERR,ERR,ERR,ERR,ERR,ERR,ERR,ERR,ERR,ERR,ERR,ERR,ERR,ERR,ERR,ERR,ERR,ERR,ERR,ERR,ERR,ERR,ERR,ERR,ERR,ERR,ERR,ERR,ERR,ERR,ERR,ERR,ERR,ERR,ERR,ERR,ERR,ERR,ERR,ERR,ERR,ERR,ERR,ERR,-0.0,-0.0,0.0,-0.0,-0.0,1.3936040501711995e+18,7.805,0.0,0,0,4,48908,6720,14723890282496.0,100,0.0,0.0,0.0,-4.9501291711397626e+32,0.0,0,0,0,0,0.0,0,0,0,0,0,0,0,0,0,0,0,0,0,0,0,0,0,0,0,0,0,0,0,0,0,0,0,0,0,0,0,0,0,26,51,50,76,65476,0,300,0,0,8,21553,0.0,-107605600.0,0.0,0.0,0.0,0.0,0.0,0.0,0.0,0.0,0.0,0.0,0.0,0.0,0.0,0.0,0.0,0.0,0.0,0.0,0.0,0.0,0.0,-2.004,0.0,-0.0,0.0,0.0,0.0,0.0,4737.0,0.0,7299.0,-0.0,-0.0,-107615360.0,0.0,0.0,0.0,0.0,0.0,77,-0.0,-0.0,0.0,0.0,0.0,0.0,0.0,0.0,0.0,0,0,0,0.0,0.0,0.0,0.0,0.0,0.0,0.0,0.0,0.0,0.0,0.0,0.0,0.0,0.0,0.0,0.0,0,-107875648.0,77,0.0,154,0.0,0.0,ERR,ERR,ERR,ERR,ERR,ERR,ERR,ERR,ERR,ERR,ERR,ERR,ERR,ERR,ERR,ERR,ERR,ERR,ERR,ERR,ERR,ERR,ERR,ERR,ERR,ERR,ERR,ERR,ERR,ERR,ERR,ERR,ERR,ERR,ERR,ERR,ERR,ERR,ERR,ERR,ERR,ERR,ERR,ERR,ERR,ERR,ERR,ERR,ERR,ERR,ERR,ERR,ERR,ERR,ERR,ERR,ERR,ERR,ERR,ERR,ERR,ERR,ERR,ERR,ERR,ERR,ERR,34.0,80.0,35,0.0,0.0,0.0,0.0,0.0,0.0,0.0,0.0,0.0,0.0,0.0,0.0,0.0,0.0,0.0,0.0,66.0,0,120,58,54,65476,0,300,0,0,8,20529,65476,0,0,57672,80.0,0.0,0.0,0.0,0.0,0.0
2026-06-18T02:16:31,ERR,ERR,ERR,ERR,ERR,ERR,ERR,ERR,ERR,ERR,ERR,ERR,ERR,ERR,ERR,ERR,ERR,ERR,ERR,ERR,ERR,ERR,ERR,ERR,ERR,ERR,ERR,ERR,ERR,ERR,ERR,ERR,ERR,ERR,ERR,ERR,ERR,ERR,ERR,ERR,ERR,ERR,ERR,ERR,ERR,ERR,ERR,ERR,ERR,ERR,ERR,ERR,ERR,ERR,ERR,ERR,ERR,ERR,ERR,ERR,ERR,ERR,ERR,ERR,ERR,ERR,ERR,ERR,ERR,ERR,ERR,ERR,ERR,ERR,ERR,ERR,ERR,ERR,ERR,ERR,ERR,ERR,ERR,ERR,ERR,ERR,ERR,ERR,ERR,ERR,ERR,ERR,ERR,ERR,ERR,ERR,ERR,ERR,ERR,ERR,ERR,ERR,ERR,ERR,ERR,ERR,ERR,ERR,ERR,ERR,ERR,ERR,ERR,ERR,ERR,ERR,ERR,ERR,ERR,ERR,ERR,ERR,ERR,ERR,ERR,-0.0,-0.0,0.0,-0.0,-0.0,1.3936040501711995e+18,7.805,0.0,0,0,4,48908,6720,14723890282496.0,100,0.0,0.0,0.0,-4.9501291711397626e+32,0.0,0,0,0,0,0.0,0,0,0,0,0,0,0,0,0,0,0,0,0,0,0,0,0,0,0,0,0,0,0,0,0,0,0,0,0,0,0,0,0,26,51,50,76,65476,0,300,0,0,8,21553,0.0,-107605600.0,0.0,0.0,0.0,0.0,0.0,0.0,0.0,0.0,0.0,0.0,0.0,0.0,0.0,0.0,0.0,0.0,0.0,0.0,0.0,0.0,0.0,-2.004,0.0,-0.0,0.0,0.0,0.0,0.0,4737.0,0.0,7299.0,-0.0,-0.0,-107615360.0,0.0,0.0,0.0,0.0,0.0,77,-0.0,-0.0,0.0,0.0,0.0,0.0,0.0,0.0,0.0,0,0,0,0.0,0.0,0.0,0.0,0.0,0.0,0.0,0.0,0.0,0.0,0.0,0.0,0.0,0.0,0.0,0.0,0,-107875648.0,77,0.0,154,0.0,0.0,ERR,ERR,ERR,ERR,ERR,ERR,ERR,ERR,ERR,ERR,ERR,ERR,ERR,ERR,ERR,ERR,ERR,ERR,ERR,ERR,ERR,ERR,ERR,ERR,ERR,ERR,ERR,ERR,ERR,ERR,ERR,ERR,ERR,ERR,ERR,ERR,ERR,ERR,ERR,ERR,ERR,ERR,ERR,ERR,ERR,ERR,ERR,ERR,ERR,ERR,ERR,ERR,ERR,ERR,ERR,ERR,ERR,ERR,ERR,ERR,ERR,ERR,ERR,ERR,ERR,ERR,ERR,34.0,80.0,35,0.0,0.0,0.0,0.0,0.0,0.0,0.0,0.0,0.0,0.0,0.0,0.0,0.0,0.0,0.0,0.0,66.0,0,120,58,54,65476,0,300,0,0,8,20529,65476,0,0,57672,80.0,0.0,0.0,0.0,0.0,0.0
2026-06-18T02:16:32,ERR,ERR,ERR,ERR,ERR,ERR,ERR,ERR,ERR,ERR,ERR,ERR,ERR,ERR,ERR,ERR,ERR,ERR,ERR,ERR,ERR,ERR,ERR,ERR,ERR,ERR,ERR,ERR,ERR,ERR,ERR,ERR,ERR,ERR,ERR,ERR,ERR,ERR,ERR,ERR,ERR,ERR,ERR,ERR,ERR,ERR,ERR,ERR,ERR,ERR,ERR,ERR,ERR,ERR,ERR,ERR,ERR,ERR,ERR,ERR,ERR,ERR,ERR,ERR,ERR,ERR,ERR,ERR,ERR,ERR,ERR,ERR,ERR,ERR,ERR,ERR,ERR,ERR,ERR,ERR,ERR,ERR,ERR,ERR,ERR,ERR,ERR,ERR,ERR,ERR,ERR,ERR,ERR,ERR,ERR,ERR,ERR,ERR,ERR,ERR,ERR,ERR,ERR,ERR,ERR,ERR,ERR,ERR,ERR,ERR,ERR,ERR,ERR,ERR,ERR,ERR,ERR,ERR,ERR,ERR,ERR,ERR,ERR,ERR,ERR,-0.0,-0.0,0.0,-0.0,-0.0,1.3936040501711995e+18,7.805,0.0,0,0,4,48908,6720,14723890282496.0,100,0.0,0.0,0.0,-4.9501291711397626e+32,0.0,0,0,0,0,0.0,0,0,0,0,0,0,0,0,0,0,0,0,0,0,0,0,0,0,0,0,0,0,0,0,0,0,0,0,0,0,0,0,0,26,51,50,76,65476,0,300,0,0,8,21553,0.0,-107605600.0,0.0,0.0,0.0,0.0,0.0,0.0,0.0,0.0,0.0,0.0,0.0,0.0,0.0,0.0,0.0,0.0,0.0,0.0,0.0,0.0,0.0,-2.004,0.0,-0.0,0.0,0.0,0.0,0.0,4737.0,0.0,7299.0,-0.0,-0.0,-107615360.0,0.0,0.0,0.0,0.0,0.0,77,-0.0,-0.0,0.0,0.0,0.0,0.0,0.0,0.0,0.0,0,0,0,0.0,0.0,0.0,0.0,0.0,0.0,0.0,0.0,0.0,0.0,0.0,0.0,0.0,0.0,0.0,0.0,0,-107875648.0,77,0.0,154,0.0,0.0,ERR,ERR,ERR,ERR,ERR,ERR,ERR,ERR,ERR,ERR,ERR,ERR,ERR,ERR,ERR,ERR,ERR,ERR,ERR,ERR,ERR,ERR,ERR,ERR,ERR,ERR,ERR,ERR,ERR,ERR,ERR,ERR,ERR,ERR,ERR,ERR,ERR,ERR,ERR,ERR,ERR,ERR,ERR,ERR,ERR,ERR,ERR,ERR,ERR,ERR,ERR,ERR,ERR,ERR,ERR,ERR,ERR,ERR,ERR,ERR,ERR,ERR,ERR,ERR,ERR,ERR,ERR,34.0,80.0,35,0.0,0.0,0.0,0.0,0.0,0.0,0.0,0.0,0.0,0.0,0.0,0.0,0.0,0.0,0.0,0.0,66.0,0,120,58,54,65476,0,300,0,0,8,20529,65476,0,0,57672,80.0,0.0,0.0,0.0,0.0,0.0
2026-06-18T02:16:33,ERR,ERR,ERR,ERR,ERR,ERR,ERR,ERR,ERR,ERR,ERR,ERR,ERR,ERR,ERR,ERR,ERR,ERR,ERR,ERR,ERR,ERR,ERR,ERR,ERR,ERR,ERR,ERR,ERR,ERR,ERR,ERR,ERR,ERR,ERR,ERR,ERR,ERR,ERR,ERR,ERR,ERR,ERR,ERR,ERR,ERR,ERR,ERR,ERR,ERR,ERR,ERR,ERR,ERR,ERR,ERR,ERR,ERR,ERR,ERR,ERR,ERR,ERR,ERR,ERR,ERR,ERR,ERR,ERR,ERR,ERR,ERR,ERR,ERR,ERR,ERR,ERR,ERR,ERR,ERR,ERR,ERR,ERR,ERR,ERR,ERR,ERR,ERR,ERR,ERR,ERR,ERR,ERR,ERR,ERR,ERR,ERR,ERR,ERR,ERR,ERR,ERR,ERR,ERR,ERR,ERR,ERR,ERR,ERR,ERR,ERR,ERR,ERR,ERR,ERR,ERR,ERR,ERR,ERR,ERR,ERR,ERR,ERR,ERR,ERR,-0.0,-0.0,0.0,-0.0,-0.0,1.3936040501711995e+18,7.805,0.0,0,0,4,48908,6720,14723890282496.0,100,0.0,0.0,0.0,-4.9501291711397626e+32,0.0,0,0,0,0,0.0,0,0,0,0,0,0,0,0,0,0,0,0,0,0,0,0,0,0,0,0,0,0,0,0,0,0,0,0,0,0,0,0,0,26,51,50,76,65476,0,300,0,0,8,21553,0.0,-107605600.0,0.0,0.0,0.0,0.0,0.0,0.0,0.0,0.0,0.0,0.0,0.0,0.0,0.0,0.0,0.0,0.0,0.0,0.0,0.0,0.0,0.0,-2.004,0.0,-0.0,0.0,0.0,0.0,0.0,4737.0,0.0,7299.0,-0.0,-0.0,-107615360.0,0.0,0.0,0.0,0.0,0.0,77,-0.0,-0.0,0.0,0.0,0.0,0.0,0.0,0.0,0.0,0,0,0,0.0,0.0,0.0,0.0,0.0,0.0,0.0,0.0,0.0,0.0,0.0,0.0,0.0,0.0,0.0,0.0,0,-107875648.0,77,0.0,154,0.0,0.0,ERR,ERR,ERR,ERR,ERR,ERR,ERR,ERR,ERR,ERR,ERR,ERR,ERR,ERR,ERR,ERR,ERR,ERR,ERR,ERR,ERR,ERR,ERR,ERR,ERR,ERR,ERR,ERR,ERR,ERR,ERR,ERR,ERR,ERR,ERR,ERR,ERR,ERR,ERR,ERR,ERR,ERR,ERR,ERR,ERR,ERR,ERR,ERR,ERR,ERR,ERR,ERR,ERR,ERR,ERR,ERR,ERR,ERR,ERR,ERR,ERR,ERR,ERR,ERR,ERR,ERR,ERR,34.0,80.0,35,0.0,0.0,0.0,0.0,0.0,0.0,0.0,0.0,0.0,0.0,0.0,0.0,0.0,0.0,0.0,0.0,66.0,0,120,58,54,65476,0,300,0,0,8,20529,65476,0,0,57672,80.0,0.0,0.0,0.0,0.0,0.0
2026-06-18T02:16:34,ERR,ERR,ERR,ERR,ERR,ERR,ERR,ERR,ERR,ERR,ERR,ERR,ERR,ERR,ERR,ERR,ERR,ERR,ERR,ERR,ERR,ERR,ERR,ERR,ERR,ERR,ERR,ERR,ERR,ERR,ERR,ERR,ERR,ERR,ERR,ERR,ERR,ERR,ERR,ERR,ERR,ERR,ERR,ERR,ERR,ERR,ERR,ERR,ERR,ERR,ERR,ERR,ERR,ERR,ERR,ERR,ERR,ERR,ERR,ERR,ERR,ERR,ERR,ERR,ERR,ERR,ERR,ERR,ERR,ERR,ERR,ERR,ERR,ERR,ERR,ERR,ERR,ERR,ERR,ERR,ERR,ERR,ERR,ERR,ERR,ERR,ERR,ERR,ERR,ERR,ERR,ERR,ERR,ERR,ERR,ERR,ERR,ERR,ERR,ERR,ERR,ERR,ERR,ERR,ERR,ERR,ERR,ERR,ERR,ERR,ERR,ERR,ERR,ERR,ERR,ERR,ERR,ERR,ERR,ERR,ERR,ERR,ERR,ERR,ERR,-0.0,-0.0,0.0,-0.0,-0.0,1.3936040501711995e+18,7.805,0.0,0,0,4,48908,6720,14723890282496.0,100,0.0,0.0,0.0,-4.9501291711397626e+32,0.0,0,0,0,0,0.0,0,0,0,0,0,0,0,0,0,0,0,0,0,0,0,0,0,0,0,0,0,0,0,0,0,0,0,0,0,0,0,0,0,26,51,50,76,65476,0,300,0,0,8,21553,0.0,-107605600.0,0.0,0.0,0.0,0.0,0.0,0.0,0.0,0.0,0.0,0.0,0.0,0.0,0.0,0.0,0.0,0.0,0.0,0.0,0.0,0.0,0.0,-2.004,0.0,-0.0,0.0,0.0,0.0,0.0,4737.0,0.0,7299.0,-0.0,-0.0,-107615360.0,0.0,0.0,0.0,0.0,0.0,77,-0.0,-0.0,0.0,0.0,0.0,0.0,0.0,0.0,0.0,0,0,0,0.0,0.0,0.0,0.0,0.0,0.0,0.0,0.0,0.0,0.0,0.0,0.0,0.0,0.0,0.0,0.0,0,-107875648.0,77,0.0,154,0.0,0.0,ERR,ERR,ERR,ERR,ERR,ERR,ERR,ERR,ERR,ERR,ERR,ERR,ERR,ERR,ERR,ERR,ERR,ERR,ERR,ERR,ERR,ERR,ERR,ERR,ERR,ERR,ERR,ERR,ERR,ERR,ERR,ERR,ERR,ERR,ERR,ERR,ERR,ERR,ERR,ERR,ERR,ERR,ERR,ERR,ERR,ERR,ERR,ERR,ERR,ERR,ERR,ERR,ERR,ERR,ERR,ERR,ERR,ERR,ERR,ERR,ERR,ERR,ERR,ERR,ERR,ERR,ERR,34.0,80.0,35,0.0,0.0,0.0,0.0,0.0,0.0,0.0,0.0,0.0,0.0,0.0,0.0,0.0,0.0,0.0,0.0,66.0,0,120,58,54,65476,0,300,0,0,8,20529,65476,0,0,57672,80.0,0.0,0.0,0.0,0.0,0.0
2026-06-18T02:16:35,ERR,ERR,ERR,ERR,ERR,ERR,ERR,ERR,ERR,ERR,ERR,ERR,ERR,ERR,ERR,ERR,ERR,ERR,ERR,ERR,ERR,ERR,ERR,ERR,ERR,ERR,ERR,ERR,ERR,ERR,ERR,ERR,ERR,ERR,ERR,ERR,ERR,ERR,ERR,ERR,ERR,ERR,ERR,ERR,ERR,ERR,ERR,ERR,ERR,ERR,ERR,ERR,ERR,ERR,ERR,ERR,ERR,ERR,ERR,ERR,ERR,ERR,ERR,ERR,ERR,ERR,ERR,ERR,ERR,ERR,ERR,ERR,ERR,ERR,ERR,ERR,ERR,ERR,ERR,ERR,ERR,ERR,ERR,ERR,ERR,ERR,ERR,ERR,ERR,ERR,ERR,ERR,ERR,ERR,ERR,ERR,ERR,ERR,ERR,ERR,ERR,ERR,ERR,ERR,ERR,ERR,ERR,ERR,ERR,ERR,ERR,ERR,ERR,ERR,ERR,ERR,ERR,ERR,ERR,ERR,ERR,ERR,ERR,ERR,ERR,-0.0,-0.0,0.0,0.0,0.0,1.3936040501711995e+18,7.805,-0.0,0,0,4,48902,6720,14723890282496.0,100,0.0,0.0,0.0,0.0,0.0,0,0,0,0,0.0,0,0,0,0,0,0,0,0,0,0,0,0,0,0,0,0,0,0,0,0,0,0,0,0,0,0,0,0,0,0,0,0,0,26,51,50,76,65476,0,300,0,0,8,21553,0.0,-107605600.0,0.0,0.0,0.0,0.0,0.0,0.0,0.0,0.0,0.0,0.0,0.0,0.0,0.0,0.0,0.0,0.0,0.0,0.0,0.0,0.0,0.0,-2.004,0.0,-0.0,0.0,0.0,0.0,0.0,4764.0,0.0,7299.0,-0.0,-0.0,0.0,0.0,0.0,0.0,0.0,0.0,77,-0.0,-0.0,0.0,0.0,0.0,0.0,0.0,0.0,0.0,0,0,0,0.0,0.0,0.0,0.0,0.0,0.0,0.0,0.0,0.0,0.0,0.0,0.0,0.0,0.0,0.0,0.0,0,-107875648.0,77,0.0,154,0.0,-0.0,ERR,ERR,ERR,ERR,ERR,ERR,ERR,ERR,ERR,ERR,ERR,ERR,ERR,ERR,ERR,ERR,ERR,ERR,ERR,ERR,ERR,ERR,ERR,ERR,ERR,ERR,ERR,ERR,ERR,ERR,ERR,ERR,ERR,ERR,ERR,ERR,ERR,ERR,ERR,ERR,ERR,ERR,ERR,ERR,ERR,ERR,ERR,ERR,ERR,ERR,ERR,ERR,ERR,ERR,ERR,ERR,ERR,ERR,ERR,ERR,ERR,ERR,ERR,ERR,ERR,ERR,ERR,34.0,80.0,35,0.0,0.0,0.0,0.0,0.0,0.0,0.0,0.0,0.0,0.0,0.0,0.0,0.0,0.0,0.0,0.0,66.0,0,120,58,54,65476,0,300,0,0,8,20529,65476,0,0,57672,80.0,0.0,0.0,0.0,0.0,0.0
2026-06-18T02:16:36,ERR,ERR,ERR,ERR,ERR,ERR,ERR,ERR,ERR,ERR,ERR,ERR,ERR,ERR,ERR,ERR,ERR,ERR,ERR,ERR,ERR,ERR,ERR,ERR,ERR,ERR,ERR,ERR,ERR,ERR,ERR,ERR,ERR,ERR,ERR,ERR,ERR,ERR,ERR,ERR,ERR,ERR,ERR,ERR,ERR,ERR,ERR,ERR,ERR,ERR,ERR,ERR,ERR,ERR,ERR,ERR,ERR,ERR,ERR,ERR,ERR,ERR,ERR,ERR,ERR,ERR,ERR,ERR,ERR,ERR,ERR,ERR,ERR,ERR,ERR,ERR,ERR,ERR,ERR,ERR,ERR,ERR,ERR,ERR,ERR,ERR,ERR,ERR,ERR,ERR,ERR,ERR,ERR,ERR,ERR,ERR,ERR,ERR,ERR,ERR,ERR,ERR,ERR,ERR,ERR,ERR,ERR,ERR,ERR,ERR,ERR,ERR,ERR,ERR,ERR,ERR,ERR,ERR,ERR,ERR,ERR,ERR,ERR,ERR,ERR,-0.0,-0.0,0.0,0.0,0.0,1.3936040501711995e+18,7.805,-0.0,0,0,4,48902,6720,14723890282496.0,100,0.0,0.0,0.0,0.0,0.0,0,0,0,0,0.0,0,0,0,0,0,0,0,0,0,0,0,0,0,0,0,0,0,0,0,0,0,0,0,0,0,0,0,0,0,0,0,0,0,26,51,50,76,65476,0,300,0,0,8,21553,0.0,-107605600.0,0.0,0.0,0.0,0.0,0.0,0.0,0.0,0.0,0.0,0.0,0.0,0.0,0.0,0.0,0.0,0.0,0.0,0.0,0.0,0.0,0.0,-2.004,0.0,-0.0,0.0,0.0,0.0,0.0,4764.0,0.0,7299.0,-0.0,-0.0,0.0,0.0,0.0,0.0,0.0,0.0,77,-0.0,-0.0,0.0,0.0,0.0,0.0,0.0,0.0,0.0,0,0,0,0.0,0.0,0.0,0.0,0.0,0.0,0.0,0.0,0.0,0.0,0.0,0.0,0.0,0.0,0.0,0.0,0,-107875648.0,77,0.0,154,0.0,-0.0,ERR,ERR,ERR,ERR,ERR,ERR,ERR,ERR,ERR,ERR,ERR,ERR,ERR,ERR,ERR,ERR,ERR,ERR,ERR,ERR,ERR,ERR,ERR,ERR,ERR,ERR,ERR,ERR,ERR,ERR,ERR,ERR,ERR,ERR,ERR,ERR,ERR,ERR,ERR,ERR,ERR,ERR,ERR,ERR,ERR,ERR,ERR,ERR,ERR,ERR,ERR,ERR,ERR,ERR,ERR,ERR,ERR,ERR,ERR,ERR,ERR,ERR,ERR,ERR,ERR,ERR,ERR,34.0,80.0,35,0.0,0.0,0.0,0.0,0.0,0.0,0.0,0.0,0.0,0.0,0.0,0.0,0.0,0.0,0.0,0.0,66.4,0,120,58,54,65476,0,300,0,0,8,20529,65476,0,0,57672,80.0,0.0,0.0,0.0,0.0,0.0
2026-06-18T02:16:37,ERR,ERR,ERR,ERR,ERR,ERR,ERR,ERR,ERR,ERR,ERR,ERR,ERR,ERR,ERR,ERR,ERR,ERR,ERR,ERR,ERR,ERR,ERR,ERR,ERR,ERR,ERR,ERR,ERR,ERR,ERR,ERR,ERR,ERR,ERR,ERR,ERR,ERR,ERR,ERR,ERR,ERR,ERR,ERR,ERR,ERR,ERR,ERR,ERR,ERR,ERR,ERR,ERR,ERR,ERR,ERR,ERR,ERR,ERR,ERR,ERR,ERR,ERR,ERR,ERR,ERR,ERR,ERR,ERR,ERR,ERR,ERR,ERR,ERR,ERR,ERR,ERR,ERR,ERR,ERR,ERR,ERR,ERR,ERR,ERR,ERR,ERR,ERR,ERR,ERR,ERR,ERR,ERR,ERR,ERR,ERR,ERR,ERR,ERR,ERR,ERR,ERR,ERR,ERR,ERR,ERR,ERR,ERR,ERR,ERR,ERR,ERR,ERR,ERR,ERR,ERR,ERR,ERR,ERR,ERR,ERR,ERR,ERR,ERR,ERR,-0.0,-0.0,0.0,0.0,0.0,1.3936040501711995e+18,7.805,-0.0,0,0,4,48902,6720,14723890282496.0,100,0.0,0.0,0.0,0.0,0.0,0,0,0,0,0.0,0,0,0,0,0,0,0,0,0,0,0,0,0,0,0,0,0,0,0,0,0,0,0,0,0,0,0,0,0,0,0,0,0,26,51,50,76,65476,0,300,0,0,8,21553,0.0,-107605600.0,0.0,0.0,0.0,0.0,0.0,0.0,0.0,0.0,0.0,0.0,0.0,0.0,0.0,0.0,0.0,0.0,0.0,0.0,0.0,0.0,0.0,-2.004,0.0,-0.0,0.0,0.0,0.0,0.0,4764.0,0.0,7299.0,-0.0,-0.0,0.0,0.0,0.0,0.0,0.0,0.0,77,-0.0,-0.0,0.0,0.0,0.0,0.0,0.0,0.0,0.0,0,0,0,0.0,0.0,0.0,0.0,0.0,0.0,0.0,0.0,0.0,0.0,0.0,0.0,0.0,0.0,0.0,0.0,0,-107875648.0,77,0.0,154,0.0,-0.0,ERR,ERR,ERR,ERR,ERR,ERR,ERR,ERR,ERR,ERR,ERR,ERR,ERR,ERR,ERR,ERR,ERR,ERR,ERR,ERR,ERR,ERR,ERR,ERR,ERR,ERR,ERR,ERR,ERR,ERR,ERR,ERR,ERR,ERR,ERR,ERR,ERR,ERR,ERR,ERR,ERR,ERR,ERR,ERR,ERR,ERR,ERR,ERR,ERR,ERR,ERR,ERR,ERR,ERR,ERR,ERR,ERR,ERR,ERR,ERR,ERR,ERR,ERR,ERR,ERR,ERR,ERR,34.0,80.0,35,0.0,0.0,0.0,0.0,0.0,0.0,0.0,0.0,0.0,0.0,0.0,0.0,0.0,0.0,0.0,0.0,66.4,0,120,58,54,65476,0,300,0,0,8,20529,65476,0,0,57672,80.0,0.0,0.0,0.0,0.0,0.0
2026-06-18T02:16:38,ERR,ERR,ERR,ERR,ERR,ERR,ERR,ERR,ERR,ERR,ERR,ERR,ERR,ERR,ERR,ERR,ERR,ERR,ERR,ERR,ERR,ERR,ERR,ERR,ERR,ERR,ERR,ERR,ERR,ERR,ERR,ERR,ERR,ERR,ERR,ERR,ERR,ERR,ERR,ERR,ERR,ERR,ERR,ERR,ERR,ERR,ERR,ERR,ERR,ERR,ERR,ERR,ERR,ERR,ERR,ERR,ERR,ERR,ERR,ERR,ERR,ERR,ERR,ERR,ERR,ERR,ERR,ERR,ERR,ERR,ERR,ERR,ERR,ERR,ERR,ERR,ERR,ERR,ERR,ERR,ERR,ERR,ERR,ERR,ERR,ERR,ERR,ERR,ERR,ERR,ERR,ERR,ERR,ERR,ERR,ERR,ERR,ERR,ERR,ERR,ERR,ERR,ERR,ERR,ERR,ERR,ERR,ERR,ERR,ERR,ERR,ERR,ERR,ERR,ERR,ERR,ERR,ERR,ERR,ERR,ERR,ERR,ERR,ERR,ERR,-0.0,-0.0,0.0,0.0,0.0,1.3936040501711995e+18,7.805,-0.0,0,0,4,48902,6720,14723890282496.0,100,0.0,0.0,0.0,0.0,0.0,0,0,0,0,0.0,0,0,0,0,0,0,0,0,0,0,0,0,0,0,0,0,0,0,0,0,0,0,0,0,0,0,0,0,0,0,0,0,0,26,51,50,76,65476,0,300,0,0,8,21553,0.0,-107605600.0,0.0,0.0,0.0,0.0,0.0,0.0,0.0,0.0,0.0,0.0,0.0,0.0,0.0,0.0,0.0,0.0,0.0,0.0,0.0,0.0,0.0,-2.004,0.0,-0.0,0.0,0.0,0.0,0.0,4764.0,0.0,7299.0,-0.0,-0.0,0.0,0.0,0.0,0.0,0.0,0.0,77,-0.0,-0.0,0.0,0.0,0.0,0.0,0.0,0.0,0.0,0,0,0,0.0,0.0,0.0,0.0,0.0,0.0,0.0,0.0,0.0,0.0,0.0,0.0,0.0,0.0,0.0,0.0,0,-107875648.0,77,0.0,154,0.0,-0.0,ERR,ERR,ERR,ERR,ERR,ERR,ERR,ERR,ERR,ERR,ERR,ERR,ERR,ERR,ERR,ERR,ERR,ERR,ERR,ERR,ERR,ERR,ERR,ERR,ERR,ERR,ERR,ERR,ERR,ERR,ERR,ERR,ERR,ERR,ERR,ERR,ERR,ERR,ERR,ERR,ERR,ERR,ERR,ERR,ERR,ERR,ERR,ERR,ERR,ERR,ERR,ERR,ERR,ERR,ERR,ERR,ERR,ERR,ERR,ERR,ERR,ERR,ERR,ERR,ERR,ERR,ERR,34.0,80.0,35,0.0,0.0,0.0,0.0,0.0,0.0,0.0,0.0,0.0,0.0,0.0,0.0,0.0,0.0,0.0,0.0,66.4,0,120,58,54,65476,0,300,0,0,8,20529,65476,0,0,57672,80.0,0.0,0.0,0.0,0.0,0.0
2026-06-18T02:16:39,ERR,ERR,ERR,ERR,ERR,ERR,ERR,ERR,ERR,ERR,ERR,ERR,ERR,ERR,ERR,ERR,ERR,ERR,ERR,ERR,ERR,ERR,ERR,ERR,ERR,ERR,ERR,ERR,ERR,ERR,ERR,ERR,ERR,ERR,ERR,ERR,ERR,ERR,ERR,ERR,ERR,ERR,ERR,ERR,ERR,ERR,ERR,ERR,ERR,ERR,ERR,ERR,ERR,ERR,ERR,ERR,ERR,ERR,ERR,ERR,ERR,ERR,ERR,ERR,ERR,ERR,ERR,ERR,ERR,ERR,ERR,ERR,ERR,ERR,ERR,ERR,ERR,ERR,ERR,ERR,ERR,ERR,ERR,ERR,ERR,ERR,ERR,ERR,ERR,ERR,ERR,ERR,ERR,ERR,ERR,ERR,ERR,ERR,ERR,ERR,ERR,ERR,ERR,ERR,ERR,ERR,ERR,ERR,ERR,ERR,ERR,ERR,ERR,ERR,ERR,ERR,ERR,ERR,ERR,ERR,ERR,ERR,ERR,ERR,ERR,-0.0,-0.0,0.0,0.0,0.0,1.3936040501711995e+18,7.805,-0.0,0,0,4,48902,6720,14723890282496.0,100,0.0,0.0,0.0,0.0,0.0,0,0,0,0,0.0,0,0,0,0,0,0,0,0,0,0,0,0,0,0,0,0,0,0,0,0,0,0,0,0,0,0,0,0,0,0,0,0,0,26,51,50,76,65476,0,300,0,0,8,21553,0.0,-107605600.0,0.0,0.0,0.0,0.0,0.0,0.0,0.0,0.0,0.0,0.0,0.0,0.0,0.0,0.0,0.0,0.0,0.0,0.0,0.0,0.0,0.0,-2.004,0.0,-0.0,0.0,0.0,0.0,0.0,4764.0,0.0,7299.0,-0.0,-0.0,0.0,0.0,0.0,0.0,0.0,0.0,77,-0.0,-0.0,0.0,0.0,0.0,0.0,0.0,0.0,0.0,0,0,0,0.0,0.0,0.0,0.0,0.0,0.0,0.0,0.0,0.0,0.0,0.0,0.0,0.0,0.0,0.0,0.0,0,-107875648.0,77,0.0,154,0.0,-0.0,ERR,ERR,ERR,ERR,ERR,ERR,ERR,ERR,ERR,ERR,ERR,ERR,ERR,ERR,ERR,ERR,ERR,ERR,ERR,ERR,ERR,ERR,ERR,ERR,ERR,ERR,ERR,ERR,ERR,ERR,ERR,ERR,ERR,ERR,ERR,ERR,ERR,ERR,ERR,ERR,ERR,ERR,ERR,ERR,ERR,ERR,ERR,ERR,ERR,ERR,ERR,ERR,ERR,ERR,ERR,ERR,ERR,ERR,ERR,ERR,ERR,ERR,ERR,ERR,ERR,ERR,ERR,34.0,80.0,35,0.0,0.0,0.0,0.0,0.0,0.0,0.0,0.0,0.0,0.0,0.0,0.0,0.0,0.0,0.0,0.0,66.4,0,120,58,54,65476,0,300,0,0,8,20529,65476,0,0,57672,80.0,0.0,0.0,0.0,0.0,0.0
2026-06-18T02:16:40,ERR,ERR,ERR,ERR,ERR,ERR,ERR,ERR,ERR,ERR,ERR,ERR,ERR,ERR,ERR,ERR,ERR,ERR,ERR,ERR,ERR,ERR,ERR,ERR,ERR,ERR,ERR,ERR,ERR,ERR,ERR,ERR,ERR,ERR,ERR,ERR,ERR,ERR,ERR,ERR,ERR,ERR,ERR,ERR,ERR,ERR,ERR,ERR,ERR,ERR,ERR,ERR,ERR,ERR,ERR,ERR,ERR,ERR,ERR,ERR,ERR,ERR,ERR,ERR,ERR,ERR,ERR,ERR,ERR,ERR,ERR,ERR,ERR,ERR,ERR,ERR,ERR,ERR,ERR,ERR,ERR,ERR,ERR,ERR,ERR,ERR,ERR,ERR,ERR,ERR,ERR,ERR,ERR,ERR,ERR,ERR,ERR,ERR,ERR,ERR,ERR,ERR,ERR,ERR,ERR,ERR,ERR,ERR,ERR,ERR,ERR,ERR,ERR,ERR,ERR,ERR,ERR,ERR,ERR,ERR,ERR,ERR,ERR,ERR,ERR,-0.0,-0.0,0.0,-0.0,2.012,1.3936040501711995e+18,7.805,-1.8245132555090963e+22,0,0,4,48898,6720,14723890282496.0,100,0.0,0.0,0.0,-0.0,0.0,0,0,0,0,0.0,0,0,0,0,0,0,0,0,0,0,0,0,0,0,0,0,0,0,0,0,0,0,0,0,0,0,0,0,0,0,0,0,0,26,51,50,76,65476,0,300,0,0,8,21553,0.0,-107605600.0,0.0,0.0,0.0,0.0,0.0,0.0,0.0,0.0,0.0,0.0,0.0,0.0,0.0,0.0,0.0,0.0,0.0,0.0,0.0,0.0,0.0,-2.004,0.0,-0.0,0.0,0.0,0.0,0.0,4765.0,131350.312,7305.0,-0.0,-0.0,-107615360.0,0.0,0.0,0.0,0.0,0.0,77,-0.0,-107614696.0,0.0,0.0,0.0,0.0,0.0,0.0,0.0,0,0,0,0.0,0.0,0.0,0.0,0.0,0.0,0.0,0.0,0.0,0.0,0.0,0.0,0.0,0.0,0.0,0.0,0,-107875648.0,77,0.0,154,0.0,0.0,ERR,ERR,ERR,ERR,ERR,ERR,ERR,ERR,ERR,ERR,ERR,ERR,ERR,ERR,ERR,ERR,ERR,ERR,ERR,ERR,ERR,ERR,ERR,ERR,ERR,ERR,ERR,ERR,ERR,ERR,ERR,ERR,ERR,ERR,ERR,ERR,ERR,ERR,ERR,ERR,ERR,ERR,ERR,ERR,ERR,ERR,ERR,ERR,ERR,ERR,ERR,ERR,ERR,ERR,ERR,ERR,ERR,ERR,ERR,ERR,ERR,ERR,ERR,ERR,ERR,ERR,ERR,34.0,80.0,35,0.0,0.0,0.0,0.0,0.0,0.0,0.0,0.0,0.0,0.0,0.0,0.0,0.0,0.0,0.0,0.0,66.4,0,120,58,54,65476,0,300,0,0,8,20529,65476,0,0,57672,80.0,0.0,0.0,0.0,0.0,0.0
2026-06-18T02:16:41,ERR,ERR,ERR,ERR,ERR,ERR,ERR,ERR,ERR,ERR,ERR,ERR,ERR,ERR,ERR,ERR,ERR,ERR,ERR,ERR,ERR,ERR,ERR,ERR,ERR,ERR,ERR,ERR,ERR,ERR,ERR,ERR,ERR,ERR,ERR,ERR,ERR,ERR,ERR,ERR,ERR,ERR,ERR,ERR,ERR,ERR,ERR,ERR,ERR,ERR,ERR,ERR,ERR,ERR,ERR,ERR,ERR,ERR,ERR,ERR,ERR,ERR,ERR,ERR,ERR,ERR,ERR,ERR,ERR,ERR,ERR,ERR,ERR,ERR,ERR,ERR,ERR,ERR,ERR,ERR,ERR,ERR,ERR,ERR,ERR,ERR,ERR,ERR,ERR,ERR,ERR,ERR,ERR,ERR,ERR,ERR,ERR,ERR,ERR,ERR,ERR,ERR,ERR,ERR,ERR,ERR,ERR,ERR,ERR,ERR,ERR,ERR,ERR,ERR,ERR,ERR,ERR,ERR,ERR,ERR,ERR,ERR,ERR,ERR,ERR,-0.0,-0.0,0.0,-0.0,2.012,1.3936040501711995e+18,7.805,-1.8245132555090963e+22,0,0,4,48898,6720,14723890282496.0,100,0.0,0.0,0.0,-0.0,0.0,0,0,0,0,0.0,0,0,0,0,0,0,0,0,0,0,0,0,0,0,0,0,0,0,0,0,0,0,0,0,0,0,0,0,0,0,0,0,0,26,51,50,76,65476,0,300,0,0,8,21553,0.0,-107605600.0,0.0,0.0,0.0,0.0,0.0,0.0,0.0,0.0,0.0,0.0,0.0,0.0,0.0,0.0,0.0,0.0,0.0,0.0,0.0,0.0,0.0,-2.004,0.0,-0.0,0.0,0.0,0.0,0.0,4765.0,131350.312,7305.0,-0.0,-0.0,-107615360.0,0.0,0.0,0.0,0.0,0.0,77,-0.0,-107614696.0,0.0,0.0,0.0,0.0,0.0,0.0,0.0,0,0,0,0.0,0.0,0.0,0.0,0.0,0.0,0.0,0.0,0.0,0.0,0.0,0.0,0.0,0.0,0.0,0.0,0,-107875648.0,77,0.0,154,0.0,0.0,ERR,ERR,ERR,ERR,ERR,ERR,ERR,ERR,ERR,ERR,ERR,ERR,ERR,ERR,ERR,ERR,ERR,ERR,ERR,ERR,ERR,ERR,ERR,ERR,ERR,ERR,ERR,ERR,ERR,ERR,ERR,ERR,ERR,ERR,ERR,ERR,ERR,ERR,ERR,ERR,ERR,ERR,ERR,ERR,ERR,ERR,ERR,ERR,ERR,ERR,ERR,ERR,ERR,ERR,ERR,ERR,ERR,ERR,ERR,ERR,ERR,ERR,ERR,ERR,ERR,ERR,ERR,34.0,80.0,35,0.0,0.0,0.0,0.0,0.0,0.0,0.0,0.0,0.0,0.0,0.0,0.0,0.0,0.0,0.0,0.0,66.0,0,120,58,54,65476,0,300,0,0,8,20529,65476,0,0,57672,80.0,0.0,0.0,0.0,0.0,0.0
2026-06-18T02:16:42,ERR,ERR,ERR,ERR,ERR,ERR,ERR,ERR,ERR,ERR,ERR,ERR,ERR,ERR,ERR,ERR,ERR,ERR,ERR,ERR,ERR,ERR,ERR,ERR,ERR,ERR,ERR,ERR,ERR,ERR,ERR,ERR,ERR,ERR,ERR,ERR,ERR,ERR,ERR,ERR,ERR,ERR,ERR,ERR,ERR,ERR,ERR,ERR,ERR,ERR,ERR,ERR,ERR,ERR,ERR,ERR,ERR,ERR,ERR,ERR,ERR,ERR,ERR,ERR,ERR,ERR,ERR,ERR,ERR,ERR,ERR,ERR,ERR,ERR,ERR,ERR,ERR,ERR,ERR,ERR,ERR,ERR,ERR,ERR,ERR,ERR,ERR,ERR,ERR,ERR,ERR,ERR,ERR,ERR,ERR,ERR,ERR,ERR,ERR,ERR,ERR,ERR,ERR,ERR,ERR,ERR,ERR,ERR,ERR,ERR,ERR,ERR,ERR,ERR,ERR,ERR,ERR,ERR,ERR,ERR,ERR,ERR,ERR,ERR,ERR,-0.0,-0.0,0.0,-0.0,2.012,1.3936040501711995e+18,7.805,-1.8245132555090963e+22,0,0,4,48898,6720,14723890282496.0,100,0.0,0.0,0.0,-0.0,0.0,0,0,0,0,0.0,0,0,0,0,0,0,0,0,0,0,0,0,0,0,0,0,0,0,0,0,0,0,0,0,0,0,0,0,0,0,0,0,0,26,51,50,76,65476,0,300,0,0,8,21553,0.0,-107605600.0,0.0,0.0,0.0,0.0,0.0,0.0,0.0,0.0,0.0,0.0,0.0,0.0,0.0,0.0,0.0,0.0,0.0,0.0,0.0,0.0,0.0,-2.004,0.0,-0.0,0.0,0.0,0.0,0.0,4765.0,131350.312,7305.0,-0.0,-0.0,-107615360.0,0.0,0.0,0.0,0.0,0.0,77,-0.0,-107614696.0,0.0,0.0,0.0,0.0,0.0,0.0,0.0,0,0,0,0.0,0.0,0.0,0.0,0.0,0.0,0.0,0.0,0.0,0.0,0.0,0.0,0.0,0.0,0.0,0.0,0,-107875648.0,77,0.0,154,0.0,0.0,ERR,ERR,ERR,ERR,ERR,ERR,ERR,ERR,ERR,ERR,ERR,ERR,ERR,ERR,ERR,ERR,ERR,ERR,ERR,ERR,ERR,ERR,ERR,ERR,ERR,ERR,ERR,ERR,ERR,ERR,ERR,ERR,ERR,ERR,ERR,ERR,ERR,ERR,ERR,ERR,ERR,ERR,ERR,ERR,ERR,ERR,ERR,ERR,ERR,ERR,ERR,ERR,ERR,ERR,ERR,ERR,ERR,ERR,ERR,ERR,ERR,ERR,ERR,ERR,ERR,ERR,ERR,34.0,80.0,35,0.0,0.0,0.0,0.0,0.0,0.0,0.0,0.0,0.0,0.0,0.0,0.0,0.0,0.0,0.0,0.0,66.0,0,120,58,54,65476,0,300,0,0,8,20529,65476,0,0,57672,80.0,0.0,0.0,0.0,0.0,0.0
2026-06-18T02:16:43,ERR,ERR,ERR,ERR,ERR,ERR,ERR,ERR,ERR,ERR,ERR,ERR,ERR,ERR,ERR,ERR,ERR,ERR,ERR,ERR,ERR,ERR,ERR,ERR,ERR,ERR,ERR,ERR,ERR,ERR,ERR,ERR,ERR,ERR,ERR,ERR,ERR,ERR,ERR,ERR,ERR,ERR,ERR,ERR,ERR,ERR,ERR,ERR,ERR,ERR,ERR,ERR,ERR,ERR,ERR,ERR,ERR,ERR,ERR,ERR,ERR,ERR,ERR,ERR,ERR,ERR,ERR,ERR,ERR,ERR,ERR,ERR,ERR,ERR,ERR,ERR,ERR,ERR,ERR,ERR,ERR,ERR,ERR,ERR,ERR,ERR,ERR,ERR,ERR,ERR,ERR,ERR,ERR,ERR,ERR,ERR,ERR,ERR,ERR,ERR,ERR,ERR,ERR,ERR,ERR,ERR,ERR,ERR,ERR,ERR,ERR,ERR,ERR,ERR,ERR,ERR,ERR,ERR,ERR,ERR,ERR,ERR,ERR,ERR,ERR,-0.0,-0.0,0.0,-0.0,2.012,1.3936040501711995e+18,7.805,-1.8245132555090963e+22,0,0,4,48898,6720,14723890282496.0,100,0.0,0.0,0.0,-0.0,0.0,0,0,0,0,0.0,0,0,0,0,0,0,0,0,0,0,0,0,0,0,0,0,0,0,0,0,0,0,0,0,0,0,0,0,0,0,0,0,0,26,51,50,76,65476,0,300,0,0,8,21553,0.0,-107605600.0,0.0,0.0,0.0,0.0,0.0,0.0,0.0,0.0,0.0,0.0,0.0,0.0,0.0,0.0,0.0,0.0,0.0,0.0,0.0,0.0,0.0,-2.004,0.0,-0.0,0.0,0.0,0.0,0.0,4765.0,131350.312,7305.0,-0.0,-0.0,-107615360.0,0.0,0.0,0.0,0.0,0.0,77,-0.0,-107614696.0,0.0,0.0,0.0,0.0,0.0,0.0,0.0,0,0,0,0.0,0.0,0.0,0.0,0.0,0.0,0.0,0.0,0.0,0.0,0.0,0.0,0.0,0.0,0.0,0.0,0,-107875648.0,77,0.0,154,0.0,0.0,ERR,ERR,ERR,ERR,ERR,ERR,ERR,ERR,ERR,ERR,ERR,ERR,ERR,ERR,ERR,ERR,ERR,ERR,ERR,ERR,ERR,ERR,ERR,ERR,ERR,ERR,ERR,ERR,ERR,ERR,ERR,ERR,ERR,ERR,ERR,ERR,ERR,ERR,ERR,ERR,ERR,ERR,ERR,ERR,ERR,ERR,ERR,ERR,ERR,ERR,ERR,ERR,ERR,ERR,ERR,ERR,ERR,ERR,ERR,ERR,ERR,ERR,ERR,ERR,ERR,ERR,ERR,34.0,80.0,35,0.0,0.0,0.0,0.0,0.0,0.0,0.0,0.0,0.0,0.0,0.0,0.0,0.0,0.0,0.0,0.0,66.0,0,120,58,54,65476,0,300,0,0,8,20529,65476,0,0,57672,80.0,0.0,0.0,0.0,0.0,0.0
2026-06-18T02:16:44,ERR,ERR,ERR,ERR,ERR,ERR,ERR,ERR,ERR,ERR,ERR,ERR,ERR,ERR,ERR,ERR,ERR,ERR,ERR,ERR,ERR,ERR,ERR,ERR,ERR,ERR,ERR,ERR,ERR,ERR,ERR,ERR,ERR,ERR,ERR,ERR,ERR,ERR,ERR,ERR,ERR,ERR,ERR,ERR,ERR,ERR,ERR,ERR,ERR,ERR,ERR,ERR,ERR,ERR,ERR,ERR,ERR,ERR,ERR,ERR,ERR,ERR,ERR,ERR,ERR,ERR,ERR,ERR,ERR,ERR,ERR,ERR,ERR,ERR,ERR,ERR,ERR,ERR,ERR,ERR,ERR,ERR,ERR,ERR,ERR,ERR,ERR,ERR,ERR,ERR,ERR,ERR,ERR,ERR,ERR,ERR,ERR,ERR,ERR,ERR,ERR,ERR,ERR,ERR,ERR,ERR,ERR,ERR,ERR,ERR,ERR,ERR,ERR,ERR,ERR,ERR,ERR,ERR,ERR,ERR,ERR,ERR,ERR,ERR,ERR,-0.0,-0.0,0.0,-0.0,2.012,1.3936040501711995e+18,7.805,-1.8245132555090963e+22,0,0,4,48898,6720,14723890282496.0,100,0.0,0.0,0.0,-0.0,0.0,0,0,0,0,0.0,0,0,0,0,0,0,0,0,0,0,0,0,0,0,0,0,0,0,0,0,0,0,0,0,0,0,0,0,0,0,0,0,0,26,51,50,76,65476,0,300,0,0,8,21553,0.0,-107605600.0,0.0,0.0,0.0,0.0,0.0,0.0,0.0,0.0,0.0,0.0,0.0,0.0,0.0,0.0,0.0,0.0,0.0,0.0,0.0,0.0,0.0,-2.004,0.0,-0.0,0.0,0.0,0.0,0.0,4765.0,131350.312,7305.0,-0.0,-0.0,-107615360.0,0.0,0.0,0.0,0.0,0.0,77,-0.0,-107614696.0,0.0,0.0,0.0,0.0,0.0,0.0,0.0,0,0,0,0.0,0.0,0.0,0.0,0.0,0.0,0.0,0.0,0.0,0.0,0.0,0.0,0.0,0.0,0.0,0.0,0,-107875648.0,77,0.0,154,0.0,0.0,ERR,ERR,ERR,ERR,ERR,ERR,ERR,ERR,ERR,ERR,ERR,ERR,ERR,ERR,ERR,ERR,ERR,ERR,ERR,ERR,ERR,ERR,ERR,ERR,ERR,ERR,ERR,ERR,ERR,ERR,ERR,ERR,ERR,ERR,ERR,ERR,ERR,ERR,ERR,ERR,ERR,ERR,ERR,ERR,ERR,ERR,ERR,ERR,ERR,ERR,ERR,ERR,ERR,ERR,ERR,ERR,ERR,ERR,ERR,ERR,ERR,ERR,ERR,ERR,ERR,ERR,ERR,34.0,80.0,35,0.0,0.0,0.0,0.0,0.0,0.0,0.0,0.0,0.0,0.0,0.0,0.0,0.0,0.0,0.0,0.0,66.0,0,120,58,54,65476,0,300,0,0,8,20529,65476,0,0,57672,80.0,0.0,0.0,0.0,0.0,0.0
2026-06-18T02:16:45,ERR,ERR,ERR,ERR,ERR,ERR,ERR,ERR,ERR,ERR,ERR,ERR,ERR,ERR,ERR,ERR,ERR,ERR,ERR,ERR,ERR,ERR,ERR,ERR,ERR,ERR,ERR,ERR,ERR,ERR,ERR,ERR,ERR,ERR,ERR,ERR,ERR,ERR,ERR,ERR,ERR,ERR,ERR,ERR,ERR,ERR,ERR,ERR,ERR,ERR,ERR,ERR,ERR,ERR,ERR,ERR,ERR,ERR,ERR,ERR,ERR,ERR,ERR,ERR,ERR,ERR,ERR,ERR,ERR,ERR,ERR,ERR,ERR,ERR,ERR,ERR,ERR,ERR,ERR,ERR,ERR,ERR,ERR,ERR,ERR,ERR,ERR,ERR,ERR,ERR,ERR,ERR,ERR,ERR,ERR,ERR,ERR,ERR,ERR,ERR,ERR,ERR,ERR,ERR,ERR,ERR,ERR,ERR,ERR,ERR,ERR,ERR,ERR,ERR,ERR,ERR,ERR,ERR,ERR,ERR,ERR,ERR,ERR,ERR,ERR,-0.0,-0.0,0.0,-0.0,-0.0,1.3936040501711995e+18,7.805,0.0,0,0,4,48903,6720,14723890282496.0,100,0.0,0.0,0.0,0.059,0.0,0,0,0,0,0.0,0,0,0,0,0,0,0,0,0,0,0,0,0,0,0,0,0,0,0,0,0,0,0,0,0,0,0,0,0,0,0,0,0,26,51,50,76,65476,0,300,0,0,8,21553,0.0,-107605600.0,0.0,0.0,0.0,0.0,0.0,0.0,0.0,0.0,0.0,0.0,0.0,0.0,0.0,0.0,0.0,0.0,0.0,0.0,0.0,0.0,0.0,-2.004,2.004,-2.004,0.0,0.0,0.0,0.0,4737.0,0.0,7302.0,-0.0,-0.0,-107615360.0,0.0,0.0,0.0,0.0,0.0,77,-0.0,-0.0,0.0,0.0,0.0,0.0,0.0,0.0,0.0,0,0,0,0.0,0.0,0.0,0.0,0.0,0.0,0.0,0.0,0.0,0.0,0.0,0.0,0.0,0.0,0.0,0.0,0,-107875648.0,77,0.0,154,0.0,0.0,ERR,ERR,ERR,ERR,ERR,ERR,ERR,ERR,ERR,ERR,ERR,ERR,ERR,ERR,ERR,ERR,ERR,ERR,ERR,ERR,ERR,ERR,ERR,ERR,ERR,ERR,ERR,ERR,ERR,ERR,ERR,ERR,ERR,ERR,ERR,ERR,ERR,ERR,ERR,ERR,ERR,ERR,ERR,ERR,ERR,ERR,ERR,ERR,ERR,ERR,ERR,ERR,ERR,ERR,ERR,ERR,ERR,ERR,ERR,ERR,ERR,ERR,ERR,ERR,ERR,ERR,ERR,34.0,80.0,35,0.0,0.0,0.0,0.0,0.0,0.0,0.0,0.0,0.0,0.0,0.0,0.0,0.0,0.0,0.0,0.0,66.0,0,120,58,54,65476,0,300,0,0,8,20529,65476,0,0,57672,80.0,0.0,0.0,0.0,0.0,0.0
2026-06-18T02:16:46,ERR,ERR,ERR,ERR,ERR,ERR,ERR,ERR,ERR,ERR,ERR,ERR,ERR,ERR,ERR,ERR,ERR,ERR,ERR,ERR,ERR,ERR,ERR,ERR,ERR,ERR,ERR,ERR,ERR,ERR,ERR,ERR,ERR,ERR,ERR,ERR,ERR,ERR,ERR,ERR,ERR,ERR,ERR,ERR,ERR,ERR,ERR,ERR,ERR,ERR,ERR,ERR,ERR,ERR,ERR,ERR,ERR,ERR,ERR,ERR,ERR,ERR,ERR,ERR,ERR,ERR,ERR,ERR,ERR,ERR,ERR,ERR,ERR,ERR,ERR,ERR,ERR,ERR,ERR,ERR,ERR,ERR,ERR,ERR,ERR,ERR,ERR,ERR,ERR,ERR,ERR,ERR,ERR,ERR,ERR,ERR,ERR,ERR,ERR,ERR,ERR,ERR,ERR,ERR,ERR,ERR,ERR,ERR,ERR,ERR,ERR,ERR,ERR,ERR,ERR,ERR,ERR,ERR,ERR,ERR,ERR,ERR,ERR,ERR,ERR,-0.0,-0.0,0.0,-0.0,-0.0,1.3936040501711995e+18,7.805,0.0,0,0,4,48903,6720,14723890282496.0,100,0.0,0.0,0.0,0.059,0.0,0,0,0,0,0.0,0,0,0,0,0,0,0,0,0,0,0,0,0,0,0,0,0,0,0,0,0,0,0,0,0,0,0,0,0,0,0,0,0,26,51,50,76,65476,0,300,0,0,8,21553,0.0,-107605600.0,0.0,0.0,0.0,0.0,0.0,0.0,0.0,0.0,0.0,0.0,0.0,0.0,0.0,0.0,0.0,0.0,0.0,0.0,0.0,0.0,0.0,-2.004,2.004,-2.004,0.0,0.0,0.0,0.0,4737.0,0.0,7302.0,-0.0,-0.0,-107615360.0,0.0,0.0,0.0,0.0,0.0,77,-0.0,-0.0,0.0,0.0,0.0,0.0,0.0,0.0,0.0,0,0,0,0.0,0.0,0.0,0.0,0.0,0.0,0.0,0.0,0.0,0.0,0.0,0.0,0.0,0.0,0.0,0.0,0,-107875648.0,77,0.0,154,0.0,0.0,ERR,ERR,ERR,ERR,ERR,ERR,ERR,ERR,ERR,ERR,ERR,ERR,ERR,ERR,ERR,ERR,ERR,ERR,ERR,ERR,ERR,ERR,ERR,ERR,ERR,ERR,ERR,ERR,ERR,ERR,ERR,ERR,ERR,ERR,ERR,ERR,ERR,ERR,ERR,ERR,ERR,ERR,ERR,ERR,ERR,ERR,ERR,ERR,ERR,ERR,ERR,ERR,ERR,ERR,ERR,ERR,ERR,ERR,ERR,ERR,ERR,ERR,ERR,ERR,ERR,ERR,ERR,34.0,80.0,35,0.0,0.0,0.0,0.0,0.0,0.0,0.0,0.0,0.0,0.0,0.0,0.0,0.0,0.0,0.0,0.0,66.0,0,120,58,54,65476,0,300,0,0,8,20529,65476,0,0,57672,80.0,0.0,0.0,0.0,0.0,0.0
2026-06-18T02:16:47,ERR,ERR,ERR,ERR,ERR,ERR,ERR,ERR,ERR,ERR,ERR,ERR,ERR,ERR,ERR,ERR,ERR,ERR,ERR,ERR,ERR,ERR,ERR,ERR,ERR,ERR,ERR,ERR,ERR,ERR,ERR,ERR,ERR,ERR,ERR,ERR,ERR,ERR,ERR,ERR,ERR,ERR,ERR,ERR,ERR,ERR,ERR,ERR,ERR,ERR,ERR,ERR,ERR,ERR,ERR,ERR,ERR,ERR,ERR,ERR,ERR,ERR,ERR,ERR,ERR,ERR,ERR,ERR,ERR,ERR,ERR,ERR,ERR,ERR,ERR,ERR,ERR,ERR,ERR,ERR,ERR,ERR,ERR,ERR,ERR,ERR,ERR,ERR,ERR,ERR,ERR,ERR,ERR,ERR,ERR,ERR,ERR,ERR,ERR,ERR,ERR,ERR,ERR,ERR,ERR,ERR,ERR,ERR,ERR,ERR,ERR,ERR,ERR,ERR,ERR,ERR,ERR,ERR,ERR,ERR,ERR,ERR,ERR,ERR,ERR,-0.0,-0.0,0.0,-0.0,-0.0,1.3936040501711995e+18,7.805,0.0,0,0,4,48903,6720,14723890282496.0,100,0.0,0.0,0.0,0.059,0.0,0,0,0,0,0.0,0,0,0,0,0,0,0,0,0,0,0,0,0,0,0,0,0,0,0,0,0,0,0,0,0,0,0,0,0,0,0,0,0,26,51,50,76,65476,0,300,0,0,8,21553,0.0,-107605600.0,0.0,0.0,0.0,0.0,0.0,0.0,0.0,0.0,0.0,0.0,0.0,0.0,0.0,0.0,0.0,0.0,0.0,0.0,0.0,0.0,0.0,-2.004,2.004,-2.004,0.0,0.0,0.0,0.0,4737.0,0.0,7302.0,-0.0,-0.0,-107615360.0,0.0,0.0,0.0,0.0,0.0,77,-0.0,-0.0,0.0,0.0,0.0,0.0,0.0,0.0,0.0,0,0,0,0.0,0.0,0.0,0.0,0.0,0.0,0.0,0.0,0.0,0.0,0.0,0.0,0.0,0.0,0.0,0.0,0,-107875648.0,77,0.0,154,0.0,0.0,ERR,ERR,ERR,ERR,ERR,ERR,ERR,ERR,ERR,ERR,ERR,ERR,ERR,ERR,ERR,ERR,ERR,ERR,ERR,ERR,ERR,ERR,ERR,ERR,ERR,ERR,ERR,ERR,ERR,ERR,ERR,ERR,ERR,ERR,ERR,ERR,ERR,ERR,ERR,ERR,ERR,ERR,ERR,ERR,ERR,ERR,ERR,ERR,ERR,ERR,ERR,ERR,ERR,ERR,ERR,ERR,ERR,ERR,ERR,ERR,ERR,ERR,ERR,ERR,ERR,ERR,ERR,34.0,80.0,35,0.0,0.0,0.0,0.0,0.0,0.0,0.0,0.0,0.0,0.0,0.0,0.0,0.0,0.0,0.0,0.0,66.0,0,120,58,54,65476,0,300,0,0,8,20529,65476,0,0,57672,80.0,0.0,0.0,0.0,0.0,0.0
2026-06-18T02:16:48,ERR,ERR,ERR,ERR,ERR,ERR,ERR,ERR,ERR,ERR,ERR,ERR,ERR,ERR,ERR,ERR,ERR,ERR,ERR,ERR,ERR,ERR,ERR,ERR,ERR,ERR,ERR,ERR,ERR,ERR,ERR,ERR,ERR,ERR,ERR,ERR,ERR,ERR,ERR,ERR,ERR,ERR,ERR,ERR,ERR,ERR,ERR,ERR,ERR,ERR,ERR,ERR,ERR,ERR,ERR,ERR,ERR,ERR,ERR,ERR,ERR,ERR,ERR,ERR,ERR,ERR,ERR,ERR,ERR,ERR,ERR,ERR,ERR,ERR,ERR,ERR,ERR,ERR,ERR,ERR,ERR,ERR,ERR,ERR,ERR,ERR,ERR,ERR,ERR,ERR,ERR,ERR,ERR,ERR,ERR,ERR,ERR,ERR,ERR,ERR,ERR,ERR,ERR,ERR,ERR,ERR,ERR,ERR,ERR,ERR,ERR,ERR,ERR,ERR,ERR,ERR,ERR,ERR,ERR,ERR,ERR,ERR,ERR,ERR,ERR,-0.0,-0.0,0.0,-0.0,-0.0,1.3936040501711995e+18,7.805,0.0,0,0,4,48903,6720,14723890282496.0,100,0.0,0.0,0.0,0.059,0.0,0,0,0,0,0.0,0,0,0,0,0,0,0,0,0,0,0,0,0,0,0,0,0,0,0,0,0,0,0,0,0,0,0,0,0,0,0,0,0,26,51,50,76,65476,0,300,0,0,8,21553,0.0,-107605600.0,0.0,0.0,0.0,0.0,0.0,0.0,0.0,0.0,0.0,0.0,0.0,0.0,0.0,0.0,0.0,0.0,0.0,0.0,0.0,0.0,0.0,-2.004,2.004,-2.004,0.0,0.0,0.0,0.0,4737.0,0.0,7302.0,-0.0,-0.0,-107615360.0,0.0,0.0,0.0,0.0,0.0,77,-0.0,-0.0,0.0,0.0,0.0,0.0,0.0,0.0,0.0,0,0,0,0.0,0.0,0.0,0.0,0.0,0.0,0.0,0.0,0.0,0.0,0.0,0.0,0.0,0.0,0.0,0.0,0,-107875648.0,77,0.0,154,0.0,0.0,ERR,ERR,ERR,ERR,ERR,ERR,ERR,ERR,ERR,ERR,ERR,ERR,ERR,ERR,ERR,ERR,ERR,ERR,ERR,ERR,ERR,ERR,ERR,ERR,ERR,ERR,ERR,ERR,ERR,ERR,ERR,ERR,ERR,ERR,ERR,ERR,ERR,ERR,ERR,ERR,ERR,ERR,ERR,ERR,ERR,ERR,ERR,ERR,ERR,ERR,ERR,ERR,ERR,ERR,ERR,ERR,ERR,ERR,ERR,ERR,ERR,ERR,ERR,ERR,ERR,ERR,ERR,34.0,80.0,35,0.0,0.0,0.0,0.0,0.0,0.0,0.0,0.0,0.0,0.0,0.0,0.0,0.0,0.0,0.0,0.0,66.0,0,120,58,54,65476,0,300,0,0,8,20529,65476,0,0,57672,80.0,0.0,0.0,0.0,0.0,0.0
2026-06-18T02:16:49,ERR,ERR,ERR,ERR,ERR,ERR,ERR,ERR,ERR,ERR,ERR,ERR,ERR,ERR,ERR,ERR,ERR,ERR,ERR,ERR,ERR,ERR,ERR,ERR,ERR,ERR,ERR,ERR,ERR,ERR,ERR,ERR,ERR,ERR,ERR,ERR,ERR,ERR,ERR,ERR,ERR,ERR,ERR,ERR,ERR,ERR,ERR,ERR,ERR,ERR,ERR,ERR,ERR,ERR,ERR,ERR,ERR,ERR,ERR,ERR,ERR,ERR,ERR,ERR,ERR,ERR,ERR,ERR,ERR,ERR,ERR,ERR,ERR,ERR,ERR,ERR,ERR,ERR,ERR,ERR,ERR,ERR,ERR,ERR,ERR,ERR,ERR,ERR,ERR,ERR,ERR,ERR,ERR,ERR,ERR,ERR,ERR,ERR,ERR,ERR,ERR,ERR,ERR,ERR,ERR,ERR,ERR,ERR,ERR,ERR,ERR,ERR,ERR,ERR,ERR,ERR,ERR,ERR,ERR,ERR,ERR,ERR,ERR,ERR,ERR,-0.0,-0.0,0.0,-0.0,-0.0,1.3936040501711995e+18,7.805,0.0,0,0,4,48903,6720,14723890282496.0,100,0.0,0.0,0.0,0.059,0.0,0,0,0,0,0.0,0,0,0,0,0,0,0,0,0,0,0,0,0,0,0,0,0,0,0,0,0,0,0,0,0,0,0,0,0,0,0,0,0,26,51,50,76,65476,0,300,0,0,8,21553,0.0,-107605600.0,0.0,0.0,0.0,0.0,0.0,0.0,0.0,0.0,0.0,0.0,0.0,0.0,0.0,0.0,0.0,0.0,0.0,0.0,0.0,0.0,0.0,-2.004,2.004,-2.004,0.0,0.0,0.0,0.0,4737.0,0.0,7302.0,-0.0,-0.0,-107615360.0,0.0,0.0,0.0,0.0,0.0,77,-0.0,-0.0,0.0,0.0,0.0,0.0,0.0,0.0,0.0,0,0,0,0.0,0.0,0.0,0.0,0.0,0.0,0.0,0.0,0.0,0.0,0.0,0.0,0.0,0.0,0.0,0.0,0,-107875648.0,77,0.0,154,0.0,0.0,ERR,ERR,ERR,ERR,ERR,ERR,ERR,ERR,ERR,ERR,ERR,ERR,ERR,ERR,ERR,ERR,ERR,ERR,ERR,ERR,ERR,ERR,ERR,ERR,ERR,ERR,ERR,ERR,ERR,ERR,ERR,ERR,ERR,ERR,ERR,ERR,ERR,ERR,ERR,ERR,ERR,ERR,ERR,ERR,ERR,ERR,ERR,ERR,ERR,ERR,ERR,ERR,ERR,ERR,ERR,ERR,ERR,ERR,ERR,ERR,ERR,ERR,ERR,ERR,ERR,ERR,ERR,34.0,80.0,35,0.0,0.0,0.0,0.0,0.0,0.0,0.0,0.0,0.0,0.0,0.0,0.0,0.0,0.0,0.0,0.0,66.0,0,120,58,54,65476,0,300,0,0,8,20529,65476,0,0,57672,80.0,0.0,0.0,0.0,0.0,0.0
2026-06-18T02:16:50,ERR,ERR,ERR,ERR,ERR,ERR,ERR,ERR,ERR,ERR,ERR,ERR,ERR,ERR,ERR,ERR,ERR,ERR,ERR,ERR,ERR,ERR,ERR,ERR,ERR,ERR,ERR,ERR,ERR,ERR,ERR,ERR,ERR,ERR,ERR,ERR,ERR,ERR,ERR,ERR,ERR,ERR,ERR,ERR,ERR,ERR,ERR,ERR,ERR,ERR,ERR,ERR,ERR,ERR,ERR,ERR,ERR,ERR,ERR,ERR,ERR,ERR,ERR,ERR,ERR,ERR,ERR,ERR,ERR,ERR,ERR,ERR,ERR,ERR,ERR,ERR,ERR,ERR,ERR,ERR,ERR,ERR,ERR,ERR,ERR,ERR,ERR,ERR,ERR,ERR,ERR,ERR,ERR,ERR,ERR,ERR,ERR,ERR,ERR,ERR,ERR,ERR,ERR,ERR,ERR,ERR,ERR,ERR,ERR,ERR,ERR,ERR,ERR,ERR,ERR,ERR,ERR,ERR,ERR,ERR,ERR,ERR,ERR,ERR,ERR,-0.0,-0.0,0.0,-4.9501291711397626e+32,-2.012,1.3936040501711995e+18,7.805,8.558351388217734e+28,0,0,4,48902,6720,14723890282496.0,100,0.0,0.0,0.0,-4.9501291711397626e+32,0.0,0,0,0,0,0.0,0,0,0,0,0,0,0,0,0,0,0,0,0,0,0,0,0,0,0,0,0,0,0,0,0,0,0,0,0,0,0,0,0,26,51,50,76,65476,0,300,0,0,8,21553,0.0,-107605600.0,0.0,0.0,0.0,0.0,0.0,0.0,0.0,0.0,0.0,0.0,0.0,0.0,0.0,0.0,0.0,0.0,0.0,0.0,0.0,0.0,0.0,-2.004,0.0,-0.0,0.0,0.0,0.0,0.0,4736.0,131350.312,7305.0,-0.0,-0.0,-107615360.0,0.0,0.0,0.0,0.0,0.0,77,-0.0,-107614696.0,0.0,0.0,0.0,0.0,0.0,0.0,0.0,0,0,0,0.0,0.0,0.0,0.0,0.0,0.0,0.0,0.0,0.0,0.0,0.0,0.0,0.0,0.0,0.0,0.0,0,-107875648.0,77,0.0,154,0.0,-0.0,ERR,ERR,ERR,ERR,ERR,ERR,ERR,ERR,ERR,ERR,ERR,ERR,ERR,ERR,ERR,ERR,ERR,ERR,ERR,ERR,ERR,ERR,ERR,ERR,ERR,ERR,ERR,ERR,ERR,ERR,ERR,ERR,ERR,ERR,ERR,ERR,ERR,ERR,ERR,ERR,ERR,ERR,ERR,ERR,ERR,ERR,ERR,ERR,ERR,ERR,ERR,ERR,ERR,ERR,ERR,ERR,ERR,ERR,ERR,ERR,ERR,ERR,ERR,ERR,ERR,ERR,ERR,34.0,80.0,35,0.0,0.0,0.0,0.0,0.0,0.0,0.0,0.0,0.0,0.0,0.0,0.0,0.0,0.0,0.0,0.0,66.4,0,120,58,54,65476,0,300,0,0,8,20529,65476,0,0,57672,80.0,0.0,0.0,0.0,0.0,0.0
2026-06-18T02:16:51,ERR,ERR,ERR,ERR,ERR,ERR,ERR,ERR,ERR,ERR,ERR,ERR,ERR,ERR,ERR,ERR,ERR,ERR,ERR,ERR,ERR,ERR,ERR,ERR,ERR,ERR,ERR,ERR,ERR,ERR,ERR,ERR,ERR,ERR,ERR,ERR,ERR,ERR,ERR,ERR,ERR,ERR,ERR,ERR,ERR,ERR,ERR,ERR,ERR,ERR,ERR,ERR,ERR,ERR,ERR,ERR,ERR,ERR,ERR,ERR,ERR,ERR,ERR,ERR,ERR,ERR,ERR,ERR,ERR,ERR,ERR,ERR,ERR,ERR,ERR,ERR,ERR,ERR,ERR,ERR,ERR,ERR,ERR,ERR,ERR,ERR,ERR,ERR,ERR,ERR,ERR,ERR,ERR,ERR,ERR,ERR,ERR,ERR,ERR,ERR,ERR,ERR,ERR,ERR,ERR,ERR,ERR,ERR,ERR,ERR,ERR,ERR,ERR,ERR,ERR,ERR,ERR,ERR,ERR,ERR,ERR,ERR,ERR,ERR,ERR,-0.0,-0.0,0.0,-4.9501291711397626e+32,-2.012,1.3936040501711995e+18,7.805,8.558351388217734e+28,0,0,4,48902,6720,14723890282496.0,100,0.0,0.0,0.0,-4.9501291711397626e+32,0.0,0,0,0,0,0.0,0,0,0,0,0,0,0,0,0,0,0,0,0,0,0,0,0,0,0,0,0,0,0,0,0,0,0,0,0,0,0,0,0,26,51,50,76,65476,0,300,0,0,8,21553,0.0,-107605600.0,0.0,0.0,0.0,0.0,0.0,0.0,0.0,0.0,0.0,0.0,0.0,0.0,0.0,0.0,0.0,0.0,0.0,0.0,0.0,0.0,0.0,-2.004,0.0,-0.0,0.0,0.0,0.0,0.0,4736.0,131350.312,7305.0,-0.0,-0.0,-107615360.0,0.0,0.0,0.0,0.0,0.0,77,-0.0,-107614696.0,0.0,0.0,0.0,0.0,0.0,0.0,0.0,0,0,0,0.0,0.0,0.0,0.0,0.0,0.0,0.0,0.0,0.0,0.0,0.0,0.0,0.0,0.0,0.0,0.0,0,-107875648.0,77,0.0,154,0.0,-0.0,ERR,ERR,ERR,ERR,ERR,ERR,ERR,ERR,ERR,ERR,ERR,ERR,ERR,ERR,ERR,ERR,ERR,ERR,ERR,ERR,ERR,ERR,ERR,ERR,ERR,ERR,ERR,ERR,ERR,ERR,ERR,ERR,ERR,ERR,ERR,ERR,ERR,ERR,ERR,ERR,ERR,ERR,ERR,ERR,ERR,ERR,ERR,ERR,ERR,ERR,ERR,ERR,ERR,ERR,ERR,ERR,ERR,ERR,ERR,ERR,ERR,ERR,ERR,ERR,ERR,ERR,ERR,34.0,80.0,35,0.0,0.0,0.0,0.0,0.0,0.0,0.0,0.0,0.0,0.0,0.0,0.0,0.0,0.0,0.0,0.0,66.4,0,120,58,54,65476,0,300,0,0,8,20529,65476,0,0,57672,80.0,0.0,0.0,0.0,0.0,0.0
2026-06-18T02:16:52,ERR,ERR,ERR,ERR,ERR,ERR,ERR,ERR,ERR,ERR,ERR,ERR,ERR,ERR,ERR,ERR,ERR,ERR,ERR,ERR,ERR,ERR,ERR,ERR,ERR,ERR,ERR,ERR,ERR,ERR,ERR,ERR,ERR,ERR,ERR,ERR,ERR,ERR,ERR,ERR,ERR,ERR,ERR,ERR,ERR,ERR,ERR,ERR,ERR,ERR,ERR,ERR,ERR,ERR,ERR,ERR,ERR,ERR,ERR,ERR,ERR,ERR,ERR,ERR,ERR,ERR,ERR,ERR,ERR,ERR,ERR,ERR,ERR,ERR,ERR,ERR,ERR,ERR,ERR,ERR,ERR,ERR,ERR,ERR,ERR,ERR,ERR,ERR,ERR,ERR,ERR,ERR,ERR,ERR,ERR,ERR,ERR,ERR,ERR,ERR,ERR,ERR,ERR,ERR,ERR,ERR,ERR,ERR,ERR,ERR,ERR,ERR,ERR,ERR,ERR,ERR,ERR,ERR,ERR,ERR,ERR,ERR,ERR,ERR,ERR,-0.0,-0.0,0.0,-4.9501291711397626e+32,-2.012,1.3936040501711995e+18,7.805,8.558351388217734e+28,0,0,4,48902,6720,14723890282496.0,100,0.0,0.0,0.0,-4.9501291711397626e+32,0.0,0,0,0,0,0.0,0,0,0,0,0,0,0,0,0,0,0,0,0,0,0,0,0,0,0,0,0,0,0,0,0,0,0,0,0,0,0,0,0,26,51,50,76,65476,0,300,0,0,8,21553,0.0,-107605600.0,0.0,0.0,0.0,0.0,0.0,0.0,0.0,0.0,0.0,0.0,0.0,0.0,0.0,0.0,0.0,0.0,0.0,0.0,0.0,0.0,0.0,-2.004,0.0,-0.0,0.0,0.0,0.0,0.0,4736.0,131350.312,7305.0,-0.0,-0.0,-107615360.0,0.0,0.0,0.0,0.0,0.0,77,-0.0,-107614696.0,0.0,0.0,0.0,0.0,0.0,0.0,0.0,0,0,0,0.0,0.0,0.0,0.0,0.0,0.0,0.0,0.0,0.0,0.0,0.0,0.0,0.0,0.0,0.0,0.0,0,-107875648.0,77,0.0,154,0.0,-0.0,ERR,ERR,ERR,ERR,ERR,ERR,ERR,ERR,ERR,ERR,ERR,ERR,ERR,ERR,ERR,ERR,ERR,ERR,ERR,ERR,ERR,ERR,ERR,ERR,ERR,ERR,ERR,ERR,ERR,ERR,ERR,ERR,ERR,ERR,ERR,ERR,ERR,ERR,ERR,ERR,ERR,ERR,ERR,ERR,ERR,ERR,ERR,ERR,ERR,ERR,ERR,ERR,ERR,ERR,ERR,ERR,ERR,ERR,ERR,ERR,ERR,ERR,ERR,ERR,ERR,ERR,ERR,34.0,80.0,35,0.0,0.0,0.0,0.0,0.0,0.0,0.0,0.0,0.0,0.0,0.0,0.0,0.0,0.0,0.0,0.0,66.0,0,120,58,54,65476,0,300,0,0,8,20529,65476,0,0,57672,80.0,0.0,0.0,0.0,0.0,0.0
2026-06-18T02:16:53,ERR,ERR,ERR,ERR,ERR,ERR,ERR,ERR,ERR,ERR,ERR,ERR,ERR,ERR,ERR,ERR,ERR,ERR,ERR,ERR,ERR,ERR,ERR,ERR,ERR,ERR,ERR,ERR,ERR,ERR,ERR,ERR,ERR,ERR,ERR,ERR,ERR,ERR,ERR,ERR,ERR,ERR,ERR,ERR,ERR,ERR,ERR,ERR,ERR,ERR,ERR,ERR,ERR,ERR,ERR,ERR,ERR,ERR,ERR,ERR,ERR,ERR,ERR,ERR,ERR,ERR,ERR,ERR,ERR,ERR,ERR,ERR,ERR,ERR,ERR,ERR,ERR,ERR,ERR,ERR,ERR,ERR,ERR,ERR,ERR,ERR,ERR,ERR,ERR,ERR,ERR,ERR,ERR,ERR,ERR,ERR,ERR,ERR,ERR,ERR,ERR,ERR,ERR,ERR,ERR,ERR,ERR,ERR,ERR,ERR,ERR,ERR,ERR,ERR,ERR,ERR,ERR,ERR,ERR,ERR,ERR,ERR,ERR,ERR,ERR,-0.0,-0.0,0.0,-4.9501291711397626e+32,-2.012,1.3936040501711995e+18,7.805,8.558351388217734e+28,0,0,4,48902,6720,14723890282496.0,100,0.0,0.0,0.0,-4.9501291711397626e+32,0.0,0,0,0,0,0.0,0,0,0,0,0,0,0,0,0,0,0,0,0,0,0,0,0,0,0,0,0,0,0,0,0,0,0,0,0,0,0,0,0,26,51,50,76,65476,0,300,0,0,8,21553,0.0,-107605600.0,0.0,0.0,0.0,0.0,0.0,0.0,0.0,0.0,0.0,0.0,0.0,0.0,0.0,0.0,0.0,0.0,0.0,0.0,0.0,0.0,0.0,-2.004,0.0,-0.0,0.0,0.0,0.0,0.0,4736.0,131350.312,7305.0,-0.0,-0.0,-107615360.0,0.0,0.0,0.0,0.0,0.0,77,-0.0,-107614696.0,0.0,0.0,0.0,0.0,0.0,0.0,0.0,0,0,0,0.0,0.0,0.0,0.0,0.0,0.0,0.0,0.0,0.0,0.0,0.0,0.0,0.0,0.0,0.0,0.0,0,-107875648.0,77,0.0,154,0.0,-0.0,ERR,ERR,ERR,ERR,ERR,ERR,ERR,ERR,ERR,ERR,ERR,ERR,ERR,ERR,ERR,ERR,ERR,ERR,ERR,ERR,ERR,ERR,ERR,ERR,ERR,ERR,ERR,ERR,ERR,ERR,ERR,ERR,ERR,ERR,ERR,ERR,ERR,ERR,ERR,ERR,ERR,ERR,ERR,ERR,ERR,ERR,ERR,ERR,ERR,ERR,ERR,ERR,ERR,ERR,ERR,ERR,ERR,ERR,ERR,ERR,ERR,ERR,ERR,ERR,ERR,ERR,ERR,34.0,80.0,35,0.0,0.0,0.0,0.0,0.0,0.0,0.0,0.0,0.0,0.0,0.0,0.0,0.0,0.0,0.0,0.0,66.0,0,120,58,54,65476,0,300,0,0,8,20529,65476,0,0,57672,80.0,0.0,0.0,0.0,0.0,0.0
2026-06-18T02:16:54,ERR,ERR,ERR,ERR,ERR,ERR,ERR,ERR,ERR,ERR,ERR,ERR,ERR,ERR,ERR,ERR,ERR,ERR,ERR,ERR,ERR,ERR,ERR,ERR,ERR,ERR,ERR,ERR,ERR,ERR,ERR,ERR,ERR,ERR,ERR,ERR,ERR,ERR,ERR,ERR,ERR,ERR,ERR,ERR,ERR,ERR,ERR,ERR,ERR,ERR,ERR,ERR,ERR,ERR,ERR,ERR,ERR,ERR,ERR,ERR,ERR,ERR,ERR,ERR,ERR,ERR,ERR,ERR,ERR,ERR,ERR,ERR,ERR,ERR,ERR,ERR,ERR,ERR,ERR,ERR,ERR,ERR,ERR,ERR,ERR,ERR,ERR,ERR,ERR,ERR,ERR,ERR,ERR,ERR,ERR,ERR,ERR,ERR,ERR,ERR,ERR,ERR,ERR,ERR,ERR,ERR,ERR,ERR,ERR,ERR,ERR,ERR,ERR,ERR,ERR,ERR,ERR,ERR,ERR,ERR,ERR,ERR,ERR,ERR,ERR,-0.0,-0.0,0.0,-4.9501291711397626e+32,-2.012,1.3936040501711995e+18,7.805,8.558351388217734e+28,0,0,4,48902,6720,14723890282496.0,100,0.0,0.0,0.0,-4.9501291711397626e+32,0.0,0,0,0,0,0.0,0,0,0,0,0,0,0,0,0,0,0,0,0,0,0,0,0,0,0,0,0,0,0,0,0,0,0,0,0,0,0,0,0,26,51,50,76,65476,0,300,0,0,8,21553,0.0,-107605600.0,0.0,0.0,0.0,0.0,0.0,0.0,0.0,0.0,0.0,0.0,0.0,0.0,0.0,0.0,0.0,0.0,0.0,0.0,0.0,0.0,0.0,-2.004,0.0,-0.0,0.0,0.0,0.0,0.0,4736.0,131350.312,7305.0,-0.0,-0.0,-107615360.0,0.0,0.0,0.0,0.0,0.0,77,-0.0,-107614696.0,0.0,0.0,0.0,0.0,0.0,0.0,0.0,0,0,0,0.0,0.0,0.0,0.0,0.0,0.0,0.0,0.0,0.0,0.0,0.0,0.0,0.0,0.0,0.0,0.0,0,-107875648.0,77,0.0,154,0.0,-0.0,ERR,ERR,ERR,ERR,ERR,ERR,ERR,ERR,ERR,ERR,ERR,ERR,ERR,ERR,ERR,ERR,ERR,ERR,ERR,ERR,ERR,ERR,ERR,ERR,ERR,ERR,ERR,ERR,ERR,ERR,ERR,ERR,ERR,ERR,ERR,ERR,ERR,ERR,ERR,ERR,ERR,ERR,ERR,ERR,ERR,ERR,ERR,ERR,ERR,ERR,ERR,ERR,ERR,ERR,ERR,ERR,ERR,ERR,ERR,ERR,ERR,ERR,ERR,ERR,ERR,ERR,ERR,34.0,80.0,35,0.0,0.0,0.0,0.0,0.0,0.0,0.0,0.0,0.0,0.0,0.0,0.0,0.0,0.0,0.0,0.0,66.0,0,120,58,54,65476,0,300,0,0,8,20529,65476,0,0,57672,80.0,0.0,0.0,0.0,0.0,0.0
2026-06-18T02:16:55,ERR,ERR,ERR,ERR,ERR,ERR,ERR,ERR,ERR,ERR,ERR,ERR,ERR,ERR,ERR,ERR,ERR,ERR,ERR,ERR,ERR,ERR,ERR,ERR,ERR,ERR,ERR,ERR,ERR,ERR,ERR,ERR,ERR,ERR,ERR,ERR,ERR,ERR,ERR,ERR,ERR,ERR,ERR,ERR,ERR,ERR,ERR,ERR,ERR,ERR,ERR,ERR,ERR,ERR,ERR,ERR,ERR,ERR,ERR,ERR,ERR,ERR,ERR,ERR,ERR,ERR,ERR,ERR,ERR,ERR,ERR,ERR,ERR,ERR,ERR,ERR,ERR,ERR,ERR,ERR,ERR,ERR,ERR,ERR,ERR,ERR,ERR,ERR,ERR,ERR,ERR,ERR,ERR,ERR,ERR,ERR,ERR,ERR,ERR,ERR,ERR,ERR,ERR,ERR,ERR,ERR,ERR,ERR,ERR,ERR,ERR,ERR,ERR,ERR,ERR,ERR,ERR,ERR,ERR,ERR,ERR,ERR,ERR,ERR,ERR,-0.0,-0.0,0.0,-4.9501291711397626e+32,-2.012,1.3936040501711995e+18,7.805,8.558351388217734e+28,0,0,4,48902,6720,14723890282496.0,100,0.0,0.0,0.0,-4.9501291711397626e+32,0.0,0,0,0,0,0.0,0,0,0,0,0,0,0,0,0,0,0,0,0,0,0,0,0,0,0,0,0,0,0,0,0,0,0,0,0,0,0,0,0,26,51,50,76,65476,0,300,0,0,8,21553,0.0,-107605600.0,0.0,0.0,0.0,0.0,0.0,0.0,0.0,0.0,0.0,0.0,0.0,0.0,0.0,0.0,0.0,0.0,0.0,0.0,0.0,0.0,0.0,-2.004,0.0,-0.0,0.0,0.0,0.0,0.0,4736.0,131350.312,7305.0,-0.0,-0.0,-107615360.0,0.0,0.0,0.0,0.0,0.0,77,-0.0,-107614696.0,0.0,0.0,0.0,0.0,0.0,0.0,0.0,0,0,0,0.0,0.0,0.0,0.0,0.0,0.0,0.0,0.0,0.0,0.0,0.0,0.0,0.0,0.0,0.0,0.0,0,-107875648.0,77,0.0,154,0.0,-0.0,ERR,ERR,ERR,ERR,ERR,ERR,ERR,ERR,ERR,ERR,ERR,ERR,ERR,ERR,ERR,ERR,ERR,ERR,ERR,ERR,ERR,ERR,ERR,ERR,ERR,ERR,ERR,ERR,ERR,ERR,ERR,ERR,ERR,ERR,ERR,ERR,ERR,ERR,ERR,ERR,ERR,ERR,ERR,ERR,ERR,ERR,ERR,ERR,ERR,ERR,ERR,ERR,ERR,ERR,ERR,ERR,ERR,ERR,ERR,ERR,ERR,ERR,ERR,ERR,ERR,ERR,ERR,34.0,80.0,35,0.0,0.0,0.0,0.0,0.0,0.0,0.0,0.0,0.0,0.0,0.0,0.0,0.0,0.0,0.0,0.0,66.0,0,120,58,54,65476,0,300,0,0,8,20529,65476,0,0,57672,80.0,0.0,0.0,0.0,0.0,0.0
2026-06-18T02:16:56,ERR,ERR,ERR,ERR,ERR,ERR,ERR,ERR,ERR,ERR,ERR,ERR,ERR,ERR,ERR,ERR,ERR,ERR,ERR,ERR,ERR,ERR,ERR,ERR,ERR,ERR,ERR,ERR,ERR,ERR,ERR,ERR,ERR,ERR,ERR,ERR,ERR,ERR,ERR,ERR,ERR,ERR,ERR,ERR,ERR,ERR,ERR,ERR,ERR,ERR,ERR,ERR,ERR,ERR,ERR,ERR,ERR,ERR,ERR,ERR,ERR,ERR,ERR,ERR,ERR,ERR,ERR,ERR,ERR,ERR,ERR,ERR,ERR,ERR,ERR,ERR,ERR,ERR,ERR,ERR,ERR,ERR,ERR,ERR,ERR,ERR,ERR,ERR,ERR,ERR,ERR,ERR,ERR,ERR,ERR,ERR,ERR,ERR,ERR,ERR,ERR,ERR,ERR,ERR,ERR,ERR,ERR,ERR,ERR,ERR,ERR,ERR,ERR,ERR,ERR,ERR,ERR,ERR,ERR,ERR,ERR,ERR,ERR,ERR,ERR,-0.0,-0.0,0.0,-152005385388032.0,-2.012,1.3936040501711995e+18,7.805,0.0,0,0,4,48907,6720,14723890282496.0,100,0.0,0.0,0.0,-0.0,0.0,0,0,0,0,0.0,0,0,0,0,0,0,0,0,0,0,0,0,0,0,0,0,0,0,0,0,0,0,0,0,0,0,0,0,0,0,0,0,0,26,51,50,76,65476,0,300,0,0,8,21553,0.0,-107605600.0,0.0,0.0,0.0,0.0,0.0,0.0,0.0,0.0,0.0,0.0,0.0,0.0,0.0,0.0,0.0,0.0,0.0,0.0,0.0,0.0,0.0,-2.004,0.0,-0.0,0.0,0.0,0.0,0.0,4736.0,131350.312,7305.0,-0.0,-0.0,0.0,0.0,0.0,0.0,0.0,0.0,77,-0.0,-107614696.0,0.0,0.0,0.0,0.0,0.0,0.0,0.0,0,0,0,0.0,0.0,0.0,0.0,0.0,0.0,0.0,0.0,0.0,0.0,0.0,0.0,0.0,0.0,0.0,0.0,0,-107875648.0,77,0.0,154,0.0,-0.0,ERR,ERR,ERR,ERR,ERR,ERR,ERR,ERR,ERR,ERR,ERR,ERR,ERR,ERR,ERR,ERR,ERR,ERR,ERR,ERR,ERR,ERR,ERR,ERR,ERR,ERR,ERR,ERR,ERR,ERR,ERR,ERR,ERR,ERR,ERR,ERR,ERR,ERR,ERR,ERR,ERR,ERR,ERR,ERR,ERR,ERR,ERR,ERR,ERR,ERR,ERR,ERR,ERR,ERR,ERR,ERR,ERR,ERR,ERR,ERR,ERR,ERR,ERR,ERR,ERR,ERR,ERR,34.0,80.0,35,0.0,0.0,0.0,0.0,0.0,0.0,0.0,0.0,0.0,0.0,0.0,0.0,0.0,0.0,0.0,0.0,66.0,0,120,58,54,65476,0,300,0,0,8,20529,65476,0,0,57672,80.0,0.0,0.0,0.0,0.0,0.0
2026-06-18T02:16:57,ERR,ERR,ERR,ERR,ERR,ERR,ERR,ERR,ERR,ERR,ERR,ERR,ERR,ERR,ERR,ERR,ERR,ERR,ERR,ERR,ERR,ERR,ERR,ERR,ERR,ERR,ERR,ERR,ERR,ERR,ERR,ERR,ERR,ERR,ERR,ERR,ERR,ERR,ERR,ERR,ERR,ERR,ERR,ERR,ERR,ERR,ERR,ERR,ERR,ERR,ERR,ERR,ERR,ERR,ERR,ERR,ERR,ERR,ERR,ERR,ERR,ERR,ERR,ERR,ERR,ERR,ERR,ERR,ERR,ERR,ERR,ERR,ERR,ERR,ERR,ERR,ERR,ERR,ERR,ERR,ERR,ERR,ERR,ERR,ERR,ERR,ERR,ERR,ERR,ERR,ERR,ERR,ERR,ERR,ERR,ERR,ERR,ERR,ERR,ERR,ERR,ERR,ERR,ERR,ERR,ERR,ERR,ERR,ERR,ERR,ERR,ERR,ERR,ERR,ERR,ERR,ERR,ERR,ERR,ERR,ERR,ERR,ERR,ERR,ERR,-0.0,-0.0,0.0,-152005385388032.0,-2.012,1.3936040501711995e+18,7.805,0.0,0,0,4,48907,6720,14723890282496.0,100,0.0,0.0,0.0,-0.0,0.0,0,0,0,0,0.0,0,0,0,0,0,0,0,0,0,0,0,0,0,0,0,0,0,0,0,0,0,0,0,0,0,0,0,0,0,0,0,0,0,26,51,50,76,65476,0,300,0,0,8,21553,0.0,-107605600.0,0.0,0.0,0.0,0.0,0.0,0.0,0.0,0.0,0.0,0.0,0.0,0.0,0.0,0.0,0.0,0.0,0.0,0.0,0.0,0.0,0.0,-2.004,0.0,-0.0,0.0,0.0,0.0,0.0,4736.0,131350.312,7305.0,-0.0,-0.0,0.0,0.0,0.0,0.0,0.0,0.0,77,-0.0,-107614696.0,0.0,0.0,0.0,0.0,0.0,0.0,0.0,0,0,0,0.0,0.0,0.0,0.0,0.0,0.0,0.0,0.0,0.0,0.0,0.0,0.0,0.0,0.0,0.0,0.0,0,-107875648.0,77,0.0,154,0.0,-0.0,ERR,ERR,ERR,ERR,ERR,ERR,ERR,ERR,ERR,ERR,ERR,ERR,ERR,ERR,ERR,ERR,ERR,ERR,ERR,ERR,ERR,ERR,ERR,ERR,ERR,ERR,ERR,ERR,ERR,ERR,ERR,ERR,ERR,ERR,ERR,ERR,ERR,ERR,ERR,ERR,ERR,ERR,ERR,ERR,ERR,ERR,ERR,ERR,ERR,ERR,ERR,ERR,ERR,ERR,ERR,ERR,ERR,ERR,ERR,ERR,ERR,ERR,ERR,ERR,ERR,ERR,ERR,34.0,80.0,35,0.0,0.0,0.0,0.0,0.0,0.0,0.0,0.0,0.0,0.0,0.0,0.0,0.0,0.0,0.0,0.0,66.0,0,120,58,54,65476,0,300,0,0,8,20529,65476,0,0,57672,80.0,0.0,0.0,0.0,0.0,0.0
2026-06-18T02:16:58,ERR,ERR,ERR,ERR,ERR,ERR,ERR,ERR,ERR,ERR,ERR,ERR,ERR,ERR,ERR,ERR,ERR,ERR,ERR,ERR,ERR,ERR,ERR,ERR,ERR,ERR,ERR,ERR,ERR,ERR,ERR,ERR,ERR,ERR,ERR,ERR,ERR,ERR,ERR,ERR,ERR,ERR,ERR,ERR,ERR,ERR,ERR,ERR,ERR,ERR,ERR,ERR,ERR,ERR,ERR,ERR,ERR,ERR,ERR,ERR,ERR,ERR,ERR,ERR,ERR,ERR,ERR,ERR,ERR,ERR,ERR,ERR,ERR,ERR,ERR,ERR,ERR,ERR,ERR,ERR,ERR,ERR,ERR,ERR,ERR,ERR,ERR,ERR,ERR,ERR,ERR,ERR,ERR,ERR,ERR,ERR,ERR,ERR,ERR,ERR,ERR,ERR,ERR,ERR,ERR,ERR,ERR,ERR,ERR,ERR,ERR,ERR,ERR,ERR,ERR,ERR,ERR,ERR,ERR,ERR,ERR,ERR,ERR,ERR,ERR,-0.0,-0.0,0.0,-152005385388032.0,-2.012,1.3936040501711995e+18,7.805,0.0,0,0,4,48907,6720,14723890282496.0,100,0.0,0.0,0.0,-0.0,0.0,0,0,0,0,0.0,0,0,0,0,0,0,0,0,0,0,0,0,0,0,0,0,0,0,0,0,0,0,0,0,0,0,0,0,0,0,0,0,0,26,51,50,76,65476,0,300,0,0,8,21553,0.0,-107605600.0,0.0,0.0,0.0,0.0,0.0,0.0,0.0,0.0,0.0,0.0,0.0,0.0,0.0,0.0,0.0,0.0,0.0,0.0,0.0,0.0,0.0,-2.004,0.0,-0.0,0.0,0.0,0.0,0.0,4736.0,131350.312,7305.0,-0.0,-0.0,0.0,0.0,0.0,0.0,0.0,0.0,77,-0.0,-107614696.0,0.0,0.0,0.0,0.0,0.0,0.0,0.0,0,0,0,0.0,0.0,0.0,0.0,0.0,0.0,0.0,0.0,0.0,0.0,0.0,0.0,0.0,0.0,0.0,0.0,0,-107875648.0,77,0.0,154,0.0,-0.0,ERR,ERR,ERR,ERR,ERR,ERR,ERR,ERR,ERR,ERR,ERR,ERR,ERR,ERR,ERR,ERR,ERR,ERR,ERR,ERR,ERR,ERR,ERR,ERR,ERR,ERR,ERR,ERR,ERR,ERR,ERR,ERR,ERR,ERR,ERR,ERR,ERR,ERR,ERR,ERR,ERR,ERR,ERR,ERR,ERR,ERR,ERR,ERR,ERR,ERR,ERR,ERR,ERR,ERR,ERR,ERR,ERR,ERR,ERR,ERR,ERR,ERR,ERR,ERR,ERR,ERR,ERR,34.0,80.0,35,0.0,0.0,0.0,0.0,0.0,0.0,0.0,0.0,0.0,0.0,0.0,0.0,0.0,0.0,0.0,0.0,66.0,0,120,58,54,65476,0,300,0,0,8,20529,65476,0,0,57672,80.0,0.0,0.0,0.0,0.0,0.0
2026-06-18T02:16:59,ERR,ERR,ERR,ERR,ERR,ERR,ERR,ERR,ERR,ERR,ERR,ERR,ERR,ERR,ERR,ERR,ERR,ERR,ERR,ERR,ERR,ERR,ERR,ERR,ERR,ERR,ERR,ERR,ERR,ERR,ERR,ERR,ERR,ERR,ERR,ERR,ERR,ERR,ERR,ERR,ERR,ERR,ERR,ERR,ERR,ERR,ERR,ERR,ERR,ERR,ERR,ERR,ERR,ERR,ERR,ERR,ERR,ERR,ERR,ERR,ERR,ERR,ERR,ERR,ERR,ERR,ERR,ERR,ERR,ERR,ERR,ERR,ERR,ERR,ERR,ERR,ERR,ERR,ERR,ERR,ERR,ERR,ERR,ERR,ERR,ERR,ERR,ERR,ERR,ERR,ERR,ERR,ERR,ERR,ERR,ERR,ERR,ERR,ERR,ERR,ERR,ERR,ERR,ERR,ERR,ERR,ERR,ERR,ERR,ERR,ERR,ERR,ERR,ERR,ERR,ERR,ERR,ERR,ERR,ERR,ERR,ERR,ERR,ERR,ERR,-0.0,-0.0,0.0,-152005385388032.0,-2.012,1.3936040501711995e+18,7.805,0.0,0,0,4,48907,6720,14723890282496.0,100,0.0,0.0,0.0,-0.0,0.0,0,0,0,0,0.0,0,0,0,0,0,0,0,0,0,0,0,0,0,0,0,0,0,0,0,0,0,0,0,0,0,0,0,0,0,0,0,0,0,26,51,50,76,65476,0,300,0,0,8,21553,0.0,-107605600.0,0.0,0.0,0.0,0.0,0.0,0.0,0.0,0.0,0.0,0.0,0.0,0.0,0.0,0.0,0.0,0.0,0.0,0.0,0.0,0.0,0.0,-2.004,0.0,-0.0,0.0,0.0,0.0,0.0,4736.0,131350.312,7305.0,-0.0,-0.0,0.0,0.0,0.0,0.0,0.0,0.0,77,-0.0,-107614696.0,0.0,0.0,0.0,0.0,0.0,0.0,0.0,0,0,0,0.0,0.0,0.0,0.0,0.0,0.0,0.0,0.0,0.0,0.0,0.0,0.0,0.0,0.0,0.0,0.0,0,-107875648.0,77,0.0,154,0.0,-0.0,ERR,ERR,ERR,ERR,ERR,ERR,ERR,ERR,ERR,ERR,ERR,ERR,ERR,ERR,ERR,ERR,ERR,ERR,ERR,ERR,ERR,ERR,ERR,ERR,ERR,ERR,ERR,ERR,ERR,ERR,ERR,ERR,ERR,ERR,ERR,ERR,ERR,ERR,ERR,ERR,ERR,ERR,ERR,ERR,ERR,ERR,ERR,ERR,ERR,ERR,ERR,ERR,ERR,ERR,ERR,ERR,ERR,ERR,ERR,ERR,ERR,ERR,ERR,ERR,ERR,ERR,ERR,34.0,80.0,35,0.0,0.0,0.0,0.0,0.0,0.0,0.0,0.0,0.0,0.0,0.0,0.0,0.0,0.0,0.0,0.0,66.0,0,120,58,54,65476,0,300,0,0,8,20529,65476,0,0,57672,80.0,0.0,0.0,0.0,0.0,0.0
2026-06-18T02:17:00,ERR,ERR,ERR,ERR,ERR,ERR,ERR,ERR,ERR,ERR,ERR,ERR,ERR,ERR,ERR,ERR,ERR,ERR,ERR,ERR,ERR,ERR,ERR,ERR,ERR,ERR,ERR,ERR,ERR,ERR,ERR,ERR,ERR,ERR,ERR,ERR,ERR,ERR,ERR,ERR,ERR,ERR,ERR,ERR,ERR,ERR,ERR,ERR,ERR,ERR,ERR,ERR,ERR,ERR,ERR,ERR,ERR,ERR,ERR,ERR,ERR,ERR,ERR,ERR,ERR,ERR,ERR,ERR,ERR,ERR,ERR,ERR,ERR,ERR,ERR,ERR,ERR,ERR,ERR,ERR,ERR,ERR,ERR,ERR,ERR,ERR,ERR,ERR,ERR,ERR,ERR,ERR,ERR,ERR,ERR,ERR,ERR,ERR,ERR,ERR,ERR,ERR,ERR,ERR,ERR,ERR,ERR,ERR,ERR,ERR,ERR,ERR,ERR,ERR,ERR,ERR,ERR,ERR,ERR,ERR,ERR,ERR,ERR,ERR,ERR,-0.0,-0.0,0.0,-152005385388032.0,-2.012,1.3936040501711995e+18,7.805,0.0,0,0,4,48907,6720,14723890282496.0,100,0.0,0.0,0.0,-0.0,0.0,0,0,0,0,0.0,0,0,0,0,0,0,0,0,0,0,0,0,0,0,0,0,0,0,0,0,0,0,0,0,0,0,0,0,0,0,0,0,0,26,51,50,76,65476,0,300,0,0,8,21553,0.0,-107605600.0,0.0,0.0,0.0,0.0,0.0,0.0,0.0,0.0,0.0,0.0,0.0,0.0,0.0,0.0,0.0,0.0,0.0,0.0,0.0,0.0,0.0,-2.004,0.0,-0.0,0.0,0.0,0.0,0.0,4736.0,131350.312,7305.0,-0.0,-0.0,0.0,0.0,0.0,0.0,0.0,0.0,77,-0.0,-107614696.0,0.0,0.0,0.0,0.0,0.0,0.0,0.0,0,0,0,0.0,0.0,0.0,0.0,0.0,0.0,0.0,0.0,0.0,0.0,0.0,0.0,0.0,0.0,0.0,0.0,0,-107875648.0,77,0.0,154,0.0,-0.0,ERR,ERR,ERR,ERR,ERR,ERR,ERR,ERR,ERR,ERR,ERR,ERR,ERR,ERR,ERR,ERR,ERR,ERR,ERR,ERR,ERR,ERR,ERR,ERR,ERR,ERR,ERR,ERR,ERR,ERR,ERR,ERR,ERR,ERR,ERR,ERR,ERR,ERR,ERR,ERR,ERR,ERR,ERR,ERR,ERR,ERR,ERR,ERR,ERR,ERR,ERR,ERR,ERR,ERR,ERR,ERR,ERR,ERR,ERR,ERR,ERR,ERR,ERR,ERR,ERR,ERR,ERR,34.0,80.0,35,0.0,0.0,0.0,0.0,0.0,0.0,0.0,0.0,0.0,0.0,0.0,0.0,0.0,0.0,0.0,0.0,66.0,0,120,58,54,65476,0,300,0,0,8,20529,65476,0,0,57672,80.0,0.0,0.0,0.0,0.0,0.0
2026-06-18T02:17:01,ERR,ERR,ERR,ERR,ERR,ERR,ERR,ERR,ERR,ERR,ERR,ERR,ERR,ERR,ERR,ERR,ERR,ERR,ERR,ERR,ERR,ERR,ERR,ERR,ERR,ERR,ERR,ERR,ERR,ERR,ERR,ERR,ERR,ERR,ERR,ERR,ERR,ERR,ERR,ERR,ERR,ERR,ERR,ERR,ERR,ERR,ERR,ERR,ERR,ERR,ERR,ERR,ERR,ERR,ERR,ERR,ERR,ERR,ERR,ERR,ERR,ERR,ERR,ERR,ERR,ERR,ERR,ERR,ERR,ERR,ERR,ERR,ERR,ERR,ERR,ERR,ERR,ERR,ERR,ERR,ERR,ERR,ERR,ERR,ERR,ERR,ERR,ERR,ERR,ERR,ERR,ERR,ERR,ERR,ERR,ERR,ERR,ERR,ERR,ERR,ERR,ERR,ERR,ERR,ERR,ERR,ERR,ERR,ERR,ERR,ERR,ERR,ERR,ERR,ERR,ERR,ERR,ERR,ERR,ERR,ERR,ERR,ERR,ERR,ERR,-0.0,-0.0,0.0,0.0,0.0,1.3936040501711995e+18,7.805,-0.0,0,0,4,48907,6720,14723890282496.0,100,0.0,0.0,0.0,0.0,0.0,0,0,0,0,0.0,0,0,0,0,0,0,0,0,0,0,0,0,0,0,0,0,0,0,0,0,0,0,0,0,0,0,0,0,0,0,0,0,0,26,51,50,76,65476,0,300,0,0,8,21553,0.0,-107605600.0,0.0,0.0,0.0,0.0,0.0,0.0,0.0,0.0,0.0,0.0,0.0,0.0,0.0,0.0,0.0,0.0,0.0,0.0,0.0,0.0,0.0,-2.004,0.0,-0.0,0.0,0.0,0.0,0.0,4739.0,-0.0,7312.0,-0.0,-0.0,0.0,0.0,0.0,0.0,0.0,0.0,77,-0.0,0.0,0.0,0.0,0.0,0.0,0.0,0.0,0.0,0,0,0,0.0,0.0,0.0,0.0,0.0,0.0,0.0,0.0,0.0,0.0,0.0,0.0,0.0,0.0,0.0,0.0,0,-107875648.0,77,0.0,154,0.0,-0.0,ERR,ERR,ERR,ERR,ERR,ERR,ERR,ERR,ERR,ERR,ERR,ERR,ERR,ERR,ERR,ERR,ERR,ERR,ERR,ERR,ERR,ERR,ERR,ERR,ERR,ERR,ERR,ERR,ERR,ERR,ERR,ERR,ERR,ERR,ERR,ERR,ERR,ERR,ERR,ERR,ERR,ERR,ERR,ERR,ERR,ERR,ERR,ERR,ERR,ERR,ERR,ERR,ERR,ERR,ERR,ERR,ERR,ERR,ERR,ERR,ERR,ERR,ERR,ERR,ERR,ERR,ERR,34.0,80.0,35,0.0,0.0,0.0,0.0,0.0,0.0,0.0,0.0,0.0,0.0,0.0,0.0,0.0,0.0,0.0,0.0,66.0,0,120,58,54,65476,0,300,0,0,8,20529,65476,0,0,57672,80.0,0.0,0.0,0.0,0.0,0.0
2026-06-18T02:17:02,ERR,ERR,ERR,ERR,ERR,ERR,ERR,ERR,ERR,ERR,ERR,ERR,ERR,ERR,ERR,ERR,ERR,ERR,ERR,ERR,ERR,ERR,ERR,ERR,ERR,ERR,ERR,ERR,ERR,ERR,ERR,ERR,ERR,ERR,ERR,ERR,ERR,ERR,ERR,ERR,ERR,ERR,ERR,ERR,ERR,ERR,ERR,ERR,ERR,ERR,ERR,ERR,ERR,ERR,ERR,ERR,ERR,ERR,ERR,ERR,ERR,ERR,ERR,ERR,ERR,ERR,ERR,ERR,ERR,ERR,ERR,ERR,ERR,ERR,ERR,ERR,ERR,ERR,ERR,ERR,ERR,ERR,ERR,ERR,ERR,ERR,ERR,ERR,ERR,ERR,ERR,ERR,ERR,ERR,ERR,ERR,ERR,ERR,ERR,ERR,ERR,ERR,ERR,ERR,ERR,ERR,ERR,ERR,ERR,ERR,ERR,ERR,ERR,ERR,ERR,ERR,ERR,ERR,ERR,ERR,ERR,ERR,ERR,ERR,ERR,-0.0,-0.0,0.0,0.0,0.0,1.3936040501711995e+18,7.805,-0.0,0,0,4,48907,6720,14723890282496.0,100,0.0,0.0,0.0,0.0,0.0,0,0,0,0,0.0,0,0,0,0,0,0,0,0,0,0,0,0,0,0,0,0,0,0,0,0,0,0,0,0,0,0,0,0,0,0,0,0,0,26,51,50,76,65476,0,300,0,0,8,21553,0.0,-107605600.0,0.0,0.0,0.0,0.0,0.0,0.0,0.0,0.0,0.0,0.0,0.0,0.0,0.0,0.0,0.0,0.0,0.0,0.0,0.0,0.0,0.0,-2.004,0.0,-0.0,0.0,0.0,0.0,0.0,4739.0,-0.0,7312.0,-0.0,-0.0,0.0,0.0,0.0,0.0,0.0,0.0,77,-0.0,0.0,0.0,0.0,0.0,0.0,0.0,0.0,0.0,0,0,0,0.0,0.0,0.0,0.0,0.0,0.0,0.0,0.0,0.0,0.0,0.0,0.0,0.0,0.0,0.0,0.0,0,-107875648.0,77,0.0,154,0.0,-0.0,ERR,ERR,ERR,ERR,ERR,ERR,ERR,ERR,ERR,ERR,ERR,ERR,ERR,ERR,ERR,ERR,ERR,ERR,ERR,ERR,ERR,ERR,ERR,ERR,ERR,ERR,ERR,ERR,ERR,ERR,ERR,ERR,ERR,ERR,ERR,ERR,ERR,ERR,ERR,ERR,ERR,ERR,ERR,ERR,ERR,ERR,ERR,ERR,ERR,ERR,ERR,ERR,ERR,ERR,ERR,ERR,ERR,ERR,ERR,ERR,ERR,ERR,ERR,ERR,ERR,ERR,ERR,34.0,80.0,35,0.0,0.0,0.0,0.0,0.0,0.0,0.0,0.0,0.0,0.0,0.0,0.0,0.0,0.0,0.0,0.0,66.0,0,120,58,54,65476,0,300,0,0,8,20529,65476,0,0,57672,80.0,0.0,0.0,0.0,0.0,0.0
2026-06-18T02:17:03,ERR,ERR,ERR,ERR,ERR,ERR,ERR,ERR,ERR,ERR,ERR,ERR,ERR,ERR,ERR,ERR,ERR,ERR,ERR,ERR,ERR,ERR,ERR,ERR,ERR,ERR,ERR,ERR,ERR,ERR,ERR,ERR,ERR,ERR,ERR,ERR,ERR,ERR,ERR,ERR,ERR,ERR,ERR,ERR,ERR,ERR,ERR,ERR,ERR,ERR,ERR,ERR,ERR,ERR,ERR,ERR,ERR,ERR,ERR,ERR,ERR,ERR,ERR,ERR,ERR,ERR,ERR,ERR,ERR,ERR,ERR,ERR,ERR,ERR,ERR,ERR,ERR,ERR,ERR,ERR,ERR,ERR,ERR,ERR,ERR,ERR,ERR,ERR,ERR,ERR,ERR,ERR,ERR,ERR,ERR,ERR,ERR,ERR,ERR,ERR,ERR,ERR,ERR,ERR,ERR,ERR,ERR,ERR,ERR,ERR,ERR,ERR,ERR,ERR,ERR,ERR,ERR,ERR,ERR,ERR,ERR,ERR,ERR,ERR,ERR,-0.0,-0.0,0.0,0.0,0.0,1.3936040501711995e+18,7.805,-0.0,0,0,4,48907,6720,14723890282496.0,100,0.0,0.0,0.0,0.0,0.0,0,0,0,0,0.0,0,0,0,0,0,0,0,0,0,0,0,0,0,0,0,0,0,0,0,0,0,0,0,0,0,0,0,0,0,0,0,0,0,26,51,50,76,65476,0,300,0,0,8,21553,0.0,-107605600.0,0.0,0.0,0.0,0.0,0.0,0.0,0.0,0.0,0.0,0.0,0.0,0.0,0.0,0.0,0.0,0.0,0.0,0.0,0.0,0.0,0.0,-2.004,0.0,-0.0,0.0,0.0,0.0,0.0,4739.0,-0.0,7312.0,-0.0,-0.0,0.0,0.0,0.0,0.0,0.0,0.0,77,-0.0,0.0,0.0,0.0,0.0,0.0,0.0,0.0,0.0,0,0,0,0.0,0.0,0.0,0.0,0.0,0.0,0.0,0.0,0.0,0.0,0.0,0.0,0.0,0.0,0.0,0.0,0,-107875648.0,77,0.0,154,0.0,-0.0,ERR,ERR,ERR,ERR,ERR,ERR,ERR,ERR,ERR,ERR,ERR,ERR,ERR,ERR,ERR,ERR,ERR,ERR,ERR,ERR,ERR,ERR,ERR,ERR,ERR,ERR,ERR,ERR,ERR,ERR,ERR,ERR,ERR,ERR,ERR,ERR,ERR,ERR,ERR,ERR,ERR,ERR,ERR,ERR,ERR,ERR,ERR,ERR,ERR,ERR,ERR,ERR,ERR,ERR,ERR,ERR,ERR,ERR,ERR,ERR,ERR,ERR,ERR,ERR,ERR,ERR,ERR,34.0,80.0,35,0.0,0.0,0.0,0.0,0.0,0.0,0.0,0.0,0.0,0.0,0.0,0.0,0.0,0.0,0.0,0.0,66.4,0,120,58,54,65476,0,300,0,0,8,20529,65476,0,0,57672,80.0,0.0,0.0,0.0,0.0,0.0
2026-06-18T02:17:04,ERR,ERR,ERR,ERR,ERR,ERR,ERR,ERR,ERR,ERR,ERR,ERR,ERR,ERR,ERR,ERR,ERR,ERR,ERR,ERR,ERR,ERR,ERR,ERR,ERR,ERR,ERR,ERR,ERR,ERR,ERR,ERR,ERR,ERR,ERR,ERR,ERR,ERR,ERR,ERR,ERR,ERR,ERR,ERR,ERR,ERR,ERR,ERR,ERR,ERR,ERR,ERR,ERR,ERR,ERR,ERR,ERR,ERR,ERR,ERR,ERR,ERR,ERR,ERR,ERR,ERR,ERR,ERR,ERR,ERR,ERR,ERR,ERR,ERR,ERR,ERR,ERR,ERR,ERR,ERR,ERR,ERR,ERR,ERR,ERR,ERR,ERR,ERR,ERR,ERR,ERR,ERR,ERR,ERR,ERR,ERR,ERR,ERR,ERR,ERR,ERR,ERR,ERR,ERR,ERR,ERR,ERR,ERR,ERR,ERR,ERR,ERR,ERR,ERR,ERR,ERR,ERR,ERR,ERR,ERR,ERR,ERR,ERR,ERR,ERR,-0.0,-0.0,0.0,0.0,0.0,1.3936040501711995e+18,7.805,-0.0,0,0,4,48907,6720,14723890282496.0,100,0.0,0.0,0.0,0.0,0.0,0,0,0,0,0.0,0,0,0,0,0,0,0,0,0,0,0,0,0,0,0,0,0,0,0,0,0,0,0,0,0,0,0,0,0,0,0,0,0,26,51,50,76,65476,0,300,0,0,8,21553,0.0,-107605600.0,0.0,0.0,0.0,0.0,0.0,0.0,0.0,0.0,0.0,0.0,0.0,0.0,0.0,0.0,0.0,0.0,0.0,0.0,0.0,0.0,0.0,-2.004,0.0,-0.0,0.0,0.0,0.0,0.0,4739.0,-0.0,7312.0,-0.0,-0.0,0.0,0.0,0.0,0.0,0.0,0.0,77,-0.0,0.0,0.0,0.0,0.0,0.0,0.0,0.0,0.0,0,0,0,0.0,0.0,0.0,0.0,0.0,0.0,0.0,0.0,0.0,0.0,0.0,0.0,0.0,0.0,0.0,0.0,0,-107875648.0,77,0.0,154,0.0,-0.0,ERR,ERR,ERR,ERR,ERR,ERR,ERR,ERR,ERR,ERR,ERR,ERR,ERR,ERR,ERR,ERR,ERR,ERR,ERR,ERR,ERR,ERR,ERR,ERR,ERR,ERR,ERR,ERR,ERR,ERR,ERR,ERR,ERR,ERR,ERR,ERR,ERR,ERR,ERR,ERR,ERR,ERR,ERR,ERR,ERR,ERR,ERR,ERR,ERR,ERR,ERR,ERR,ERR,ERR,ERR,ERR,ERR,ERR,ERR,ERR,ERR,ERR,ERR,ERR,ERR,ERR,ERR,34.0,80.0,35,0.0,0.0,0.0,0.0,0.0,0.0,0.0,0.0,0.0,0.0,0.0,0.0,0.0,0.0,0.0,0.0,66.4,0,120,58,54,65476,0,300,0,0,8,20529,65476,0,0,57672,80.0,0.0,0.0,0.0,0.0,0.0
2026-06-18T02:17:05,ERR,ERR,ERR,ERR,ERR,ERR,ERR,ERR,ERR,ERR,ERR,ERR,ERR,ERR,ERR,ERR,ERR,ERR,ERR,ERR,ERR,ERR,ERR,ERR,ERR,ERR,ERR,ERR,ERR,ERR,ERR,ERR,ERR,ERR,ERR,ERR,ERR,ERR,ERR,ERR,ERR,ERR,ERR,ERR,ERR,ERR,ERR,ERR,ERR,ERR,ERR,ERR,ERR,ERR,ERR,ERR,ERR,ERR,ERR,ERR,ERR,ERR,ERR,ERR,ERR,ERR,ERR,ERR,ERR,ERR,ERR,ERR,ERR,ERR,ERR,ERR,ERR,ERR,ERR,ERR,ERR,ERR,ERR,ERR,ERR,ERR,ERR,ERR,ERR,ERR,ERR,ERR,ERR,ERR,ERR,ERR,ERR,ERR,ERR,ERR,ERR,ERR,ERR,ERR,ERR,ERR,ERR,ERR,ERR,ERR,ERR,ERR,ERR,ERR,ERR,ERR,ERR,ERR,ERR,ERR,ERR,ERR,ERR,ERR,ERR,-0.0,-0.0,0.0,0.0,0.0,1.3936040501711995e+18,7.805,-0.0,0,0,4,48907,6720,14723890282496.0,100,0.0,0.0,0.0,0.0,0.0,0,0,0,0,0.0,0,0,0,0,0,0,0,0,0,0,0,0,0,0,0,0,0,0,0,0,0,0,0,0,0,0,0,0,0,0,0,0,0,26,51,50,76,65476,0,300,0,0,8,21553,0.0,-107605600.0,0.0,0.0,0.0,0.0,0.0,0.0,0.0,0.0,0.0,0.0,0.0,0.0,0.0,0.0,0.0,0.0,0.0,0.0,0.0,0.0,0.0,-2.004,0.0,-0.0,0.0,0.0,0.0,0.0,4739.0,-0.0,7312.0,-0.0,-0.0,0.0,0.0,0.0,0.0,0.0,0.0,77,-0.0,0.0,0.0,0.0,0.0,0.0,0.0,0.0,0.0,0,0,0,0.0,0.0,0.0,0.0,0.0,0.0,0.0,0.0,0.0,0.0,0.0,0.0,0.0,0.0,0.0,0.0,0,-107875648.0,77,0.0,154,0.0,-0.0,ERR,ERR,ERR,ERR,ERR,ERR,ERR,ERR,ERR,ERR,ERR,ERR,ERR,ERR,ERR,ERR,ERR,ERR,ERR,ERR,ERR,ERR,ERR,ERR,ERR,ERR,ERR,ERR,ERR,ERR,ERR,ERR,ERR,ERR,ERR,ERR,ERR,ERR,ERR,ERR,ERR,ERR,ERR,ERR,ERR,ERR,ERR,ERR,ERR,ERR,ERR,ERR,ERR,ERR,ERR,ERR,ERR,ERR,ERR,ERR,ERR,ERR,ERR,ERR,ERR,ERR,ERR,34.0,80.0,35,0.0,0.0,0.0,0.0,0.0,0.0,0.0,0.0,0.0,0.0,0.0,0.0,0.0,0.0,0.0,0.0,66.0,0,120,58,54,65476,0,300,0,0,8,20529,65476,0,0,57672,80.0,0.0,0.0,0.0,0.0,0.0
2026-06-18T02:17:06,ERR,ERR,ERR,ERR,ERR,ERR,ERR,ERR,ERR,ERR,ERR,ERR,ERR,ERR,ERR,ERR,ERR,ERR,ERR,ERR,ERR,ERR,ERR,ERR,ERR,ERR,ERR,ERR,ERR,ERR,ERR,ERR,ERR,ERR,ERR,ERR,ERR,ERR,ERR,ERR,ERR,ERR,ERR,ERR,ERR,ERR,ERR,ERR,ERR,ERR,ERR,ERR,ERR,ERR,ERR,ERR,ERR,ERR,ERR,ERR,ERR,ERR,ERR,ERR,ERR,ERR,ERR,ERR,ERR,ERR,ERR,ERR,ERR,ERR,ERR,ERR,ERR,ERR,ERR,ERR,ERR,ERR,ERR,ERR,ERR,ERR,ERR,ERR,ERR,ERR,ERR,ERR,ERR,ERR,ERR,ERR,ERR,ERR,ERR,ERR,ERR,ERR,ERR,ERR,ERR,ERR,ERR,ERR,ERR,ERR,ERR,ERR,ERR,ERR,ERR,ERR,ERR,ERR,ERR,ERR,ERR,ERR,ERR,ERR,ERR,-0.0,-0.0,0.0,2.718290229135658e+23,2.012,1.3936040501711995e+18,7.805,-4.0828997592390904e+35,0,0,4,48904,6720,14723890282496.0,100,0.0,0.0,0.0,2.718290229135658e+23,0.0,0,0,0,0,0.0,0,0,0,0,0,0,0,0,0,0,0,0,0,0,0,0,0,0,0,0,0,0,0,0,0,0,0,0,0,0,0,0,0,26,51,50,76,65476,0,300,0,0,8,21553,0.0,-107605600.0,0.0,0.0,0.0,0.0,0.0,0.0,0.0,0.0,0.0,0.0,0.0,0.0,0.0,0.0,0.0,0.0,0.0,0.0,0.0,0.0,0.0,-2.004,0.0,-0.0,0.0,0.0,0.0,0.0,4738.0,8608174080.0,7306.0,-0.0,-0.0,-107615360.0,0.0,0.0,0.0,0.0,0.0,77,-0.0,-152017095884800.0,0.0,0.0,0.0,0.0,0.0,0.0,0.0,0,0,0,0.0,0.0,0.0,0.0,0.0,0.0,0.0,0.0,0.0,0.0,0.0,0.0,0.0,0.0,0.0,0.0,0,-107875648.0,77,0.0,154,0.0,-0.0,ERR,ERR,ERR,ERR,ERR,ERR,ERR,ERR,ERR,ERR,ERR,ERR,ERR,ERR,ERR,ERR,ERR,ERR,ERR,ERR,ERR,ERR,ERR,ERR,ERR,ERR,ERR,ERR,ERR,ERR,ERR,ERR,ERR,ERR,ERR,ERR,ERR,ERR,ERR,ERR,ERR,ERR,ERR,ERR,ERR,ERR,ERR,ERR,ERR,ERR,ERR,ERR,ERR,ERR,ERR,ERR,ERR,ERR,ERR,ERR,ERR,ERR,ERR,ERR,ERR,ERR,ERR,34.0,80.0,35,0.0,0.0,0.0,0.0,0.0,0.0,0.0,0.0,0.0,0.0,0.0,0.0,0.0,0.0,0.0,0.0,66.0,0,120,58,54,65476,0,300,0,0,8,20529,65476,0,0,57672,80.0,0.0,0.0,0.0,0.0,0.0
2026-06-18T02:17:07,ERR,ERR,ERR,ERR,ERR,ERR,ERR,ERR,ERR,ERR,ERR,ERR,ERR,ERR,ERR,ERR,ERR,ERR,ERR,ERR,ERR,ERR,ERR,ERR,ERR,ERR,ERR,ERR,ERR,ERR,ERR,ERR,ERR,ERR,ERR,ERR,ERR,ERR,ERR,ERR,ERR,ERR,ERR,ERR,ERR,ERR,ERR,ERR,ERR,ERR,ERR,ERR,ERR,ERR,ERR,ERR,ERR,ERR,ERR,ERR,ERR,ERR,ERR,ERR,ERR,ERR,ERR,ERR,ERR,ERR,ERR,ERR,ERR,ERR,ERR,ERR,ERR,ERR,ERR,ERR,ERR,ERR,ERR,ERR,ERR,ERR,ERR,ERR,ERR,ERR,ERR,ERR,ERR,ERR,ERR,ERR,ERR,ERR,ERR,ERR,ERR,ERR,ERR,ERR,ERR,ERR,ERR,ERR,ERR,ERR,ERR,ERR,ERR,ERR,ERR,ERR,ERR,ERR,ERR,ERR,ERR,ERR,ERR,ERR,ERR,-0.0,-0.0,0.0,2.718290229135658e+23,2.012,1.3936040501711995e+18,7.805,-4.0828997592390904e+35,0,0,4,48904,6720,14723890282496.0,100,0.0,0.0,0.0,2.718290229135658e+23,0.0,0,0,0,0,0.0,0,0,0,0,0,0,0,0,0,0,0,0,0,0,0,0,0,0,0,0,0,0,0,0,0,0,0,0,0,0,0,0,0,26,51,50,76,65476,0,300,0,0,8,21553,0.0,-107605600.0,0.0,0.0,0.0,0.0,0.0,0.0,0.0,0.0,0.0,0.0,0.0,0.0,0.0,0.0,0.0,0.0,0.0,0.0,0.0,0.0,0.0,-2.004,0.0,-0.0,0.0,0.0,0.0,0.0,4738.0,8608174080.0,7306.0,-0.0,-0.0,-107615360.0,0.0,0.0,0.0,0.0,0.0,77,-0.0,-152017095884800.0,0.0,0.0,0.0,0.0,0.0,0.0,0.0,0,0,0,0.0,0.0,0.0,0.0,0.0,0.0,0.0,0.0,0.0,0.0,0.0,0.0,0.0,0.0,0.0,0.0,0,-107875648.0,77,0.0,154,0.0,-0.0,ERR,ERR,ERR,ERR,ERR,ERR,ERR,ERR,ERR,ERR,ERR,ERR,ERR,ERR,ERR,ERR,ERR,ERR,ERR,ERR,ERR,ERR,ERR,ERR,ERR,ERR,ERR,ERR,ERR,ERR,ERR,ERR,ERR,ERR,ERR,ERR,ERR,ERR,ERR,ERR,ERR,ERR,ERR,ERR,ERR,ERR,ERR,ERR,ERR,ERR,ERR,ERR,ERR,ERR,ERR,ERR,ERR,ERR,ERR,ERR,ERR,ERR,ERR,ERR,ERR,ERR,ERR,34.0,80.0,35,0.0,0.0,0.0,0.0,0.0,0.0,0.0,0.0,0.0,0.0,0.0,0.0,0.0,0.0,0.0,0.0,66.0,0,120,58,54,65476,0,300,0,0,8,20529,65476,0,0,57672,80.0,0.0,0.0,0.0,0.0,0.0
2026-06-18T02:17:08,ERR,ERR,ERR,ERR,ERR,ERR,ERR,ERR,ERR,ERR,ERR,ERR,ERR,ERR,ERR,ERR,ERR,ERR,ERR,ERR,ERR,ERR,ERR,ERR,ERR,ERR,ERR,ERR,ERR,ERR,ERR,ERR,ERR,ERR,ERR,ERR,ERR,ERR,ERR,ERR,ERR,ERR,ERR,ERR,ERR,ERR,ERR,ERR,ERR,ERR,ERR,ERR,ERR,ERR,ERR,ERR,ERR,ERR,ERR,ERR,ERR,ERR,ERR,ERR,ERR,ERR,ERR,ERR,ERR,ERR,ERR,ERR,ERR,ERR,ERR,ERR,ERR,ERR,ERR,ERR,ERR,ERR,ERR,ERR,ERR,ERR,ERR,ERR,ERR,ERR,ERR,ERR,ERR,ERR,ERR,ERR,ERR,ERR,ERR,ERR,ERR,ERR,ERR,ERR,ERR,ERR,ERR,ERR,ERR,ERR,ERR,ERR,ERR,ERR,ERR,ERR,ERR,ERR,ERR,ERR,ERR,ERR,ERR,ERR,ERR,-0.0,-0.0,0.0,2.718290229135658e+23,2.012,1.3936040501711995e+18,7.805,-4.0828997592390904e+35,0,0,4,48904,6720,14723890282496.0,100,0.0,0.0,0.0,2.718290229135658e+23,0.0,0,0,0,0,0.0,0,0,0,0,0,0,0,0,0,0,0,0,0,0,0,0,0,0,0,0,0,0,0,0,0,0,0,0,0,0,0,0,0,26,51,50,76,65476,0,300,0,0,8,21553,0.0,-107605600.0,0.0,0.0,0.0,0.0,0.0,0.0,0.0,0.0,0.0,0.0,0.0,0.0,0.0,0.0,0.0,0.0,0.0,0.0,0.0,0.0,0.0,-2.004,0.0,-0.0,0.0,0.0,0.0,0.0,4738.0,8608174080.0,7306.0,-0.0,-0.0,-107615360.0,0.0,0.0,0.0,0.0,0.0,77,-0.0,-152017095884800.0,0.0,0.0,0.0,0.0,0.0,0.0,0.0,0,0,0,0.0,0.0,0.0,0.0,0.0,0.0,0.0,0.0,0.0,0.0,0.0,0.0,0.0,0.0,0.0,0.0,0,-107875648.0,77,0.0,154,0.0,-0.0,ERR,ERR,ERR,ERR,ERR,ERR,ERR,ERR,ERR,ERR,ERR,ERR,ERR,ERR,ERR,ERR,ERR,ERR,ERR,ERR,ERR,ERR,ERR,ERR,ERR,ERR,ERR,ERR,ERR,ERR,ERR,ERR,ERR,ERR,ERR,ERR,ERR,ERR,ERR,ERR,ERR,ERR,ERR,ERR,ERR,ERR,ERR,ERR,ERR,ERR,ERR,ERR,ERR,ERR,ERR,ERR,ERR,ERR,ERR,ERR,ERR,ERR,ERR,ERR,ERR,ERR,ERR,34.0,80.0,35,0.0,0.0,0.0,0.0,0.0,0.0,0.0,0.0,0.0,0.0,0.0,0.0,0.0,0.0,0.0,0.0,66.0,0,120,58,54,65476,0,300,0,0,8,20529,65476,0,0,57672,80.0,0.0,0.0,0.0,0.0,0.0
2026-06-18T02:17:09,ERR,ERR,ERR,ERR,ERR,ERR,ERR,ERR,ERR,ERR,ERR,ERR,ERR,ERR,ERR,ERR,ERR,ERR,ERR,ERR,ERR,ERR,ERR,ERR,ERR,ERR,ERR,ERR,ERR,ERR,ERR,ERR,ERR,ERR,ERR,ERR,ERR,ERR,ERR,ERR,ERR,ERR,ERR,ERR,ERR,ERR,ERR,ERR,ERR,ERR,ERR,ERR,ERR,ERR,ERR,ERR,ERR,ERR,ERR,ERR,ERR,ERR,ERR,ERR,ERR,ERR,ERR,ERR,ERR,ERR,ERR,ERR,ERR,ERR,ERR,ERR,ERR,ERR,ERR,ERR,ERR,ERR,ERR,ERR,ERR,ERR,ERR,ERR,ERR,ERR,ERR,ERR,ERR,ERR,ERR,ERR,ERR,ERR,ERR,ERR,ERR,ERR,ERR,ERR,ERR,ERR,ERR,ERR,ERR,ERR,ERR,ERR,ERR,ERR,ERR,ERR,ERR,ERR,ERR,ERR,ERR,ERR,ERR,ERR,ERR,-0.0,-0.0,0.0,2.718290229135658e+23,2.012,1.3936040501711995e+18,7.805,-4.0828997592390904e+35,0,0,4,48904,6720,14723890282496.0,100,0.0,0.0,0.0,2.718290229135658e+23,0.0,0,0,0,0,0.0,0,0,0,0,0,0,0,0,0,0,0,0,0,0,0,0,0,0,0,0,0,0,0,0,0,0,0,0,0,0,0,0,0,26,51,50,76,65476,0,300,0,0,8,21553,0.0,-107605600.0,0.0,0.0,0.0,0.0,0.0,0.0,0.0,0.0,0.0,0.0,0.0,0.0,0.0,0.0,0.0,0.0,0.0,0.0,0.0,0.0,0.0,-2.004,0.0,-0.0,0.0,0.0,0.0,0.0,4738.0,8608174080.0,7306.0,-0.0,-0.0,-107615360.0,0.0,0.0,0.0,0.0,0.0,77,-0.0,-152017095884800.0,0.0,0.0,0.0,0.0,0.0,0.0,0.0,0,0,0,0.0,0.0,0.0,0.0,0.0,0.0,0.0,0.0,0.0,0.0,0.0,0.0,0.0,0.0,0.0,0.0,0,-107875648.0,77,0.0,154,0.0,-0.0,ERR,ERR,ERR,ERR,ERR,ERR,ERR,ERR,ERR,ERR,ERR,ERR,ERR,ERR,ERR,ERR,ERR,ERR,ERR,ERR,ERR,ERR,ERR,ERR,ERR,ERR,ERR,ERR,ERR,ERR,ERR,ERR,ERR,ERR,ERR,ERR,ERR,ERR,ERR,ERR,ERR,ERR,ERR,ERR,ERR,ERR,ERR,ERR,ERR,ERR,ERR,ERR,ERR,ERR,ERR,ERR,ERR,ERR,ERR,ERR,ERR,ERR,ERR,ERR,ERR,ERR,ERR,34.0,80.0,35,0.0,0.0,0.0,0.0,0.0,0.0,0.0,0.0,0.0,0.0,0.0,0.0,0.0,0.0,0.0,0.0,66.0,0,120,58,54,65476,0,300,0,0,8,20529,65476,0,0,57672,80.0,0.0,0.0,0.0,0.0,0.0
2026-06-18T02:17:10,ERR,ERR,ERR,ERR,ERR,ERR,ERR,ERR,ERR,ERR,ERR,ERR,ERR,ERR,ERR,ERR,ERR,ERR,ERR,ERR,ERR,ERR,ERR,ERR,ERR,ERR,ERR,ERR,ERR,ERR,ERR,ERR,ERR,ERR,ERR,ERR,ERR,ERR,ERR,ERR,ERR,ERR,ERR,ERR,ERR,ERR,ERR,ERR,ERR,ERR,ERR,ERR,ERR,ERR,ERR,ERR,ERR,ERR,ERR,ERR,ERR,ERR,ERR,ERR,ERR,ERR,ERR,ERR,ERR,ERR,ERR,ERR,ERR,ERR,ERR,ERR,ERR,ERR,ERR,ERR,ERR,ERR,ERR,ERR,ERR,ERR,ERR,ERR,ERR,ERR,ERR,ERR,ERR,ERR,ERR,ERR,ERR,ERR,ERR,ERR,ERR,ERR,ERR,ERR,ERR,ERR,ERR,ERR,ERR,ERR,ERR,ERR,ERR,ERR,ERR,ERR,ERR,ERR,ERR,ERR,ERR,ERR,ERR,ERR,ERR,-0.0,-0.0,0.0,2.718290229135658e+23,2.012,1.3936040501711995e+18,7.805,-4.0828997592390904e+35,0,0,4,48904,6720,14723890282496.0,100,0.0,0.0,0.0,2.718290229135658e+23,0.0,0,0,0,0,0.0,0,0,0,0,0,0,0,0,0,0,0,0,0,0,0,0,0,0,0,0,0,0,0,0,0,0,0,0,0,0,0,0,0,26,51,50,76,65476,0,300,0,0,8,21553,0.0,-107605600.0,0.0,0.0,0.0,0.0,0.0,0.0,0.0,0.0,0.0,0.0,0.0,0.0,0.0,0.0,0.0,0.0,0.0,0.0,0.0,0.0,0.0,-2.004,0.0,-0.0,0.0,0.0,0.0,0.0,4738.0,8608174080.0,7306.0,-0.0,-0.0,-107615360.0,0.0,0.0,0.0,0.0,0.0,77,-0.0,-152017095884800.0,0.0,0.0,0.0,0.0,0.0,0.0,0.0,0,0,0,0.0,0.0,0.0,0.0,0.0,0.0,0.0,0.0,0.0,0.0,0.0,0.0,0.0,0.0,0.0,0.0,0,-107875648.0,77,0.0,154,0.0,-0.0,ERR,ERR,ERR,ERR,ERR,ERR,ERR,ERR,ERR,ERR,ERR,ERR,ERR,ERR,ERR,ERR,ERR,ERR,ERR,ERR,ERR,ERR,ERR,ERR,ERR,ERR,ERR,ERR,ERR,ERR,ERR,ERR,ERR,ERR,ERR,ERR,ERR,ERR,ERR,ERR,ERR,ERR,ERR,ERR,ERR,ERR,ERR,ERR,ERR,ERR,ERR,ERR,ERR,ERR,ERR,ERR,ERR,ERR,ERR,ERR,ERR,ERR,ERR,ERR,ERR,ERR,ERR,34.0,80.0,35,0.0,0.0,0.0,0.0,0.0,0.0,0.0,0.0,0.0,0.0,0.0,0.0,0.0,0.0,0.0,0.0,66.0,0,120,58,54,65476,0,300,0,0,8,20529,65476,0,0,57672,80.0,0.0,0.0,0.0,0.0,0.0
2026-06-18T02:17:11,ERR,ERR,ERR,ERR,ERR,ERR,ERR,ERR,ERR,ERR,ERR,ERR,ERR,ERR,ERR,ERR,ERR,ERR,ERR,ERR,ERR,ERR,ERR,ERR,ERR,ERR,ERR,ERR,ERR,ERR,ERR,ERR,ERR,ERR,ERR,ERR,ERR,ERR,ERR,ERR,ERR,ERR,ERR,ERR,ERR,ERR,ERR,ERR,ERR,ERR,ERR,ERR,ERR,ERR,ERR,ERR,ERR,ERR,ERR,ERR,ERR,ERR,ERR,ERR,ERR,ERR,ERR,ERR,ERR,ERR,ERR,ERR,ERR,ERR,ERR,ERR,ERR,ERR,ERR,ERR,ERR,ERR,ERR,ERR,ERR,ERR,ERR,ERR,ERR,ERR,ERR,ERR,ERR,ERR,ERR,ERR,ERR,ERR,ERR,ERR,ERR,ERR,ERR,ERR,ERR,ERR,ERR,ERR,ERR,ERR,ERR,ERR,ERR,ERR,ERR,ERR,ERR,ERR,ERR,ERR,ERR,ERR,ERR,ERR,ERR,-0.0,-0.0,0.0,89215.008,-0.0,1.3936040501711995e+18,7.805,0.0,0,0,4,48898,6720,14723890282496.0,100,0.0,0.0,0.0,-4.9501291711397626e+32,0.0,0,0,0,0,0.0,0,0,0,0,0,0,0,0,0,0,0,0,0,0,0,0,0,0,0,0,0,0,0,0,0,0,0,0,0,0,0,0,0,26,51,50,76,65476,0,300,0,0,8,21553,0.0,-107605600.0,0.0,0.0,0.0,0.0,0.0,0.0,0.0,0.0,0.0,0.0,0.0,0.0,0.0,0.0,0.0,0.0,0.0,0.0,0.0,0.0,0.0,-2.004,0.0,-0.0,0.0,0.0,0.0,0.0,4736.0,3.697182615187489e+19,7308.0,-0.0,-0.0,-107615360.0,0.0,0.0,0.0,0.0,0.0,77,-0.0,-152017095884800.0,0.0,0.0,0.0,0.0,0.0,0.0,0.0,0,0,0,0.0,0.0,0.0,0.0,0.0,0.0,0.0,0.0,0.0,0.0,0.0,0.0,0.0,0.0,0.0,0.0,0,-107875648.0,77,0.0,154,0.0,-0.0,ERR,ERR,ERR,ERR,ERR,ERR,ERR,ERR,ERR,ERR,ERR,ERR,ERR,ERR,ERR,ERR,ERR,ERR,ERR,ERR,ERR,ERR,ERR,ERR,ERR,ERR,ERR,ERR,ERR,ERR,ERR,ERR,ERR,ERR,ERR,ERR,ERR,ERR,ERR,ERR,ERR,ERR,ERR,ERR,ERR,ERR,ERR,ERR,ERR,ERR,ERR,ERR,ERR,ERR,ERR,ERR,ERR,ERR,ERR,ERR,ERR,ERR,ERR,ERR,ERR,ERR,ERR,34.0,80.0,35,0.0,0.0,0.0,0.0,0.0,0.0,0.0,0.0,0.0,0.0,0.0,0.0,0.0,0.0,0.0,0.0,66.0,0,120,58,54,65476,0,300,0,0,8,20529,65476,0,0,57672,80.0,0.0,0.0,0.0,0.0,0.0
2026-06-18T02:17:12,ERR,ERR,ERR,ERR,ERR,ERR,ERR,ERR,ERR,ERR,ERR,ERR,ERR,ERR,ERR,ERR,ERR,ERR,ERR,ERR,ERR,ERR,ERR,ERR,ERR,ERR,ERR,ERR,ERR,ERR,ERR,ERR,ERR,ERR,ERR,ERR,ERR,ERR,ERR,ERR,ERR,ERR,ERR,ERR,ERR,ERR,ERR,ERR,ERR,ERR,ERR,ERR,ERR,ERR,ERR,ERR,ERR,ERR,ERR,ERR,ERR,ERR,ERR,ERR,ERR,ERR,ERR,ERR,ERR,ERR,ERR,ERR,ERR,ERR,ERR,ERR,ERR,ERR,ERR,ERR,ERR,ERR,ERR,ERR,ERR,ERR,ERR,ERR,ERR,ERR,ERR,ERR,ERR,ERR,ERR,ERR,ERR,ERR,ERR,ERR,ERR,ERR,ERR,ERR,ERR,ERR,ERR,ERR,ERR,ERR,ERR,ERR,ERR,ERR,ERR,ERR,ERR,ERR,ERR,ERR,ERR,ERR,ERR,ERR,ERR,-0.0,-0.0,0.0,89215.008,-0.0,1.3936040501711995e+18,7.805,0.0,0,0,4,48898,6720,14723890282496.0,100,0.0,0.0,0.0,-4.9501291711397626e+32,0.0,0,0,0,0,0.0,0,0,0,0,0,0,0,0,0,0,0,0,0,0,0,0,0,0,0,0,0,0,0,0,0,0,0,0,0,0,0,0,0,26,51,50,76,65476,0,300,0,0,8,21553,0.0,-107605600.0,0.0,0.0,0.0,0.0,0.0,0.0,0.0,0.0,0.0,0.0,0.0,0.0,0.0,0.0,0.0,0.0,0.0,0.0,0.0,0.0,0.0,-2.004,0.0,-0.0,0.0,0.0,0.0,0.0,4736.0,3.697182615187489e+19,7308.0,-0.0,-0.0,-107615360.0,0.0,0.0,0.0,0.0,0.0,77,-0.0,-152017095884800.0,0.0,0.0,0.0,0.0,0.0,0.0,0.0,0,0,0,0.0,0.0,0.0,0.0,0.0,0.0,0.0,0.0,0.0,0.0,0.0,0.0,0.0,0.0,0.0,0.0,0,-107875648.0,77,0.0,154,0.0,-0.0,ERR,ERR,ERR,ERR,ERR,ERR,ERR,ERR,ERR,ERR,ERR,ERR,ERR,ERR,ERR,ERR,ERR,ERR,ERR,ERR,ERR,ERR,ERR,ERR,ERR,ERR,ERR,ERR,ERR,ERR,ERR,ERR,ERR,ERR,ERR,ERR,ERR,ERR,ERR,ERR,ERR,ERR,ERR,ERR,ERR,ERR,ERR,ERR,ERR,ERR,ERR,ERR,ERR,ERR,ERR,ERR,ERR,ERR,ERR,ERR,ERR,ERR,ERR,ERR,ERR,ERR,ERR,34.0,80.0,35,0.0,0.0,0.0,0.0,0.0,0.0,0.0,0.0,0.0,0.0,0.0,0.0,0.0,0.0,0.0,0.0,66.0,0,120,58,54,65476,0,300,0,0,8,20529,65476,0,0,57672,80.0,0.0,0.0,0.0,0.0,0.0
2026-06-18T02:17:13,ERR,ERR,ERR,ERR,ERR,ERR,ERR,ERR,ERR,ERR,ERR,ERR,ERR,ERR,ERR,ERR,ERR,ERR,ERR,ERR,ERR,ERR,ERR,ERR,ERR,ERR,ERR,ERR,ERR,ERR,ERR,ERR,ERR,ERR,ERR,ERR,ERR,ERR,ERR,ERR,ERR,ERR,ERR,ERR,ERR,ERR,ERR,ERR,ERR,ERR,ERR,ERR,ERR,ERR,ERR,ERR,ERR,ERR,ERR,ERR,ERR,ERR,ERR,ERR,ERR,ERR,ERR,ERR,ERR,ERR,ERR,ERR,ERR,ERR,ERR,ERR,ERR,ERR,ERR,ERR,ERR,ERR,ERR,ERR,ERR,ERR,ERR,ERR,ERR,ERR,ERR,ERR,ERR,ERR,ERR,ERR,ERR,ERR,ERR,ERR,ERR,ERR,ERR,ERR,ERR,ERR,ERR,ERR,ERR,ERR,ERR,ERR,ERR,ERR,ERR,ERR,ERR,ERR,ERR,ERR,ERR,ERR,ERR,ERR,ERR,-0.0,-0.0,0.0,89215.008,-0.0,1.3936040501711995e+18,7.805,0.0,0,0,4,48898,6720,14723890282496.0,100,0.0,0.0,0.0,-4.9501291711397626e+32,0.0,0,0,0,0,0.0,0,0,0,0,0,0,0,0,0,0,0,0,0,0,0,0,0,0,0,0,0,0,0,0,0,0,0,0,0,0,0,0,0,26,51,50,76,65476,0,300,0,0,8,21553,0.0,-107605600.0,0.0,0.0,0.0,0.0,0.0,0.0,0.0,0.0,0.0,0.0,0.0,0.0,0.0,0.0,0.0,0.0,0.0,0.0,0.0,0.0,0.0,-2.004,0.0,-0.0,0.0,0.0,0.0,0.0,4736.0,3.697182615187489e+19,7308.0,-0.0,-0.0,-107615360.0,0.0,0.0,0.0,0.0,0.0,77,-0.0,-152017095884800.0,0.0,0.0,0.0,0.0,0.0,0.0,0.0,0,0,0,0.0,0.0,0.0,0.0,0.0,0.0,0.0,0.0,0.0,0.0,0.0,0.0,0.0,0.0,0.0,0.0,0,-107875648.0,77,0.0,154,0.0,-0.0,ERR,ERR,ERR,ERR,ERR,ERR,ERR,ERR,ERR,ERR,ERR,ERR,ERR,ERR,ERR,ERR,ERR,ERR,ERR,ERR,ERR,ERR,ERR,ERR,ERR,ERR,ERR,ERR,ERR,ERR,ERR,ERR,ERR,ERR,ERR,ERR,ERR,ERR,ERR,ERR,ERR,ERR,ERR,ERR,ERR,ERR,ERR,ERR,ERR,ERR,ERR,ERR,ERR,ERR,ERR,ERR,ERR,ERR,ERR,ERR,ERR,ERR,ERR,ERR,ERR,ERR,ERR,34.0,80.0,35,0.0,0.0,0.0,0.0,0.0,0.0,0.0,0.0,0.0,0.0,0.0,0.0,0.0,0.0,0.0,0.0,66.0,0,120,58,54,65476,0,300,0,0,8,20529,65476,0,0,57672,80.0,0.0,0.0,0.0,0.0,0.0
2026-06-18T02:17:14,ERR,ERR,ERR,ERR,ERR,ERR,ERR,ERR,ERR,ERR,ERR,ERR,ERR,ERR,ERR,ERR,ERR,ERR,ERR,ERR,ERR,ERR,ERR,ERR,ERR,ERR,ERR,ERR,ERR,ERR,ERR,ERR,ERR,ERR,ERR,ERR,ERR,ERR,ERR,ERR,ERR,ERR,ERR,ERR,ERR,ERR,ERR,ERR,ERR,ERR,ERR,ERR,ERR,ERR,ERR,ERR,ERR,ERR,ERR,ERR,ERR,ERR,ERR,ERR,ERR,ERR,ERR,ERR,ERR,ERR,ERR,ERR,ERR,ERR,ERR,ERR,ERR,ERR,ERR,ERR,ERR,ERR,ERR,ERR,ERR,ERR,ERR,ERR,ERR,ERR,ERR,ERR,ERR,ERR,ERR,ERR,ERR,ERR,ERR,ERR,ERR,ERR,ERR,ERR,ERR,ERR,ERR,ERR,ERR,ERR,ERR,ERR,ERR,ERR,ERR,ERR,ERR,ERR,ERR,ERR,ERR,ERR,ERR,ERR,ERR,-0.0,-0.0,0.0,89215.008,-0.0,1.3936040501711995e+18,7.805,0.0,0,0,4,48898,6720,14723890282496.0,100,0.0,0.0,0.0,-4.9501291711397626e+32,0.0,0,0,0,0,0.0,0,0,0,0,0,0,0,0,0,0,0,0,0,0,0,0,0,0,0,0,0,0,0,0,0,0,0,0,0,0,0,0,0,26,51,50,76,65476,0,300,0,0,8,21553,0.0,-107605600.0,0.0,0.0,0.0,0.0,0.0,0.0,0.0,0.0,0.0,0.0,0.0,0.0,0.0,0.0,0.0,0.0,0.0,0.0,0.0,0.0,0.0,-2.004,0.0,-0.0,0.0,0.0,0.0,0.0,4736.0,3.697182615187489e+19,7308.0,-0.0,-0.0,-107615360.0,0.0,0.0,0.0,0.0,0.0,77,-0.0,-152017095884800.0,0.0,0.0,0.0,0.0,0.0,0.0,0.0,0,0,0,0.0,0.0,0.0,0.0,0.0,0.0,0.0,0.0,0.0,0.0,0.0,0.0,0.0,0.0,0.0,0.0,0,-107875648.0,77,0.0,154,0.0,-0.0,ERR,ERR,ERR,ERR,ERR,ERR,ERR,ERR,ERR,ERR,ERR,ERR,ERR,ERR,ERR,ERR,ERR,ERR,ERR,ERR,ERR,ERR,ERR,ERR,ERR,ERR,ERR,ERR,ERR,ERR,ERR,ERR,ERR,ERR,ERR,ERR,ERR,ERR,ERR,ERR,ERR,ERR,ERR,ERR,ERR,ERR,ERR,ERR,ERR,ERR,ERR,ERR,ERR,ERR,ERR,ERR,ERR,ERR,ERR,ERR,ERR,ERR,ERR,ERR,ERR,ERR,ERR,34.0,80.0,35,0.0,0.0,0.0,0.0,0.0,0.0,0.0,0.0,0.0,0.0,0.0,0.0,0.0,0.0,0.0,0.0,66.0,0,120,58,54,65476,0,300,0,0,8,20529,65476,0,0,57672,80.0,0.0,0.0,0.0,0.0,0.0
2026-06-18T02:17:15,ERR,ERR,ERR,ERR,ERR,ERR,ERR,ERR,ERR,ERR,ERR,ERR,ERR,ERR,ERR,ERR,ERR,ERR,ERR,ERR,ERR,ERR,ERR,ERR,ERR,ERR,ERR,ERR,ERR,ERR,ERR,ERR,ERR,ERR,ERR,ERR,ERR,ERR,ERR,ERR,ERR,ERR,ERR,ERR,ERR,ERR,ERR,ERR,ERR,ERR,ERR,ERR,ERR,ERR,ERR,ERR,ERR,ERR,ERR,ERR,ERR,ERR,ERR,ERR,ERR,ERR,ERR,ERR,ERR,ERR,ERR,ERR,ERR,ERR,ERR,ERR,ERR,ERR,ERR,ERR,ERR,ERR,ERR,ERR,ERR,ERR,ERR,ERR,ERR,ERR,ERR,ERR,ERR,ERR,ERR,ERR,ERR,ERR,ERR,ERR,ERR,ERR,ERR,ERR,ERR,ERR,ERR,ERR,ERR,ERR,ERR,ERR,ERR,ERR,ERR,ERR,ERR,ERR,ERR,ERR,ERR,ERR,ERR,ERR,ERR,-0.0,-0.0,0.0,89215.008,-0.0,1.3936040501711995e+18,7.805,0.0,0,0,4,48898,6720,14723890282496.0,100,0.0,0.0,0.0,-4.9501291711397626e+32,0.0,0,0,0,0,0.0,0,0,0,0,0,0,0,0,0,0,0,0,0,0,0,0,0,0,0,0,0,0,0,0,0,0,0,0,0,0,0,0,0,26,51,50,76,65476,0,300,0,0,8,21553,0.0,-107605600.0,0.0,0.0,0.0,0.0,0.0,0.0,0.0,0.0,0.0,0.0,0.0,0.0,0.0,0.0,0.0,0.0,0.0,0.0,0.0,0.0,0.0,-2.004,0.0,-0.0,0.0,0.0,0.0,0.0,4736.0,3.697182615187489e+19,7308.0,-0.0,-0.0,-107615360.0,0.0,0.0,0.0,0.0,0.0,77,-0.0,-152017095884800.0,0.0,0.0,0.0,0.0,0.0,0.0,0.0,0,0,0,0.0,0.0,0.0,0.0,0.0,0.0,0.0,0.0,0.0,0.0,0.0,0.0,0.0,0.0,0.0,0.0,0,-107875648.0,77,0.0,154,0.0,-0.0,ERR,ERR,ERR,ERR,ERR,ERR,ERR,ERR,ERR,ERR,ERR,ERR,ERR,ERR,ERR,ERR,ERR,ERR,ERR,ERR,ERR,ERR,ERR,ERR,ERR,ERR,ERR,ERR,ERR,ERR,ERR,ERR,ERR,ERR,ERR,ERR,ERR,ERR,ERR,ERR,ERR,ERR,ERR,ERR,ERR,ERR,ERR,ERR,ERR,ERR,ERR,ERR,ERR,ERR,ERR,ERR,ERR,ERR,ERR,ERR,ERR,ERR,ERR,ERR,ERR,ERR,ERR,34.0,80.0,35,0.0,0.0,0.0,0.0,0.0,0.0,0.0,0.0,0.0,0.0,0.0,0.0,0.0,0.0,0.0,0.0,66.0,0,120,58,54,65476,0,300,0,0,8,20529,65476,0,0,57672,80.0,0.0,0.0,0.0,0.0,0.0
2026-06-18T02:17:16,ERR,ERR,ERR,ERR,ERR,ERR,ERR,ERR,ERR,ERR,ERR,ERR,ERR,ERR,ERR,ERR,ERR,ERR,ERR,ERR,ERR,ERR,ERR,ERR,ERR,ERR,ERR,ERR,ERR,ERR,ERR,ERR,ERR,ERR,ERR,ERR,ERR,ERR,ERR,ERR,ERR,ERR,ERR,ERR,ERR,ERR,ERR,ERR,ERR,ERR,ERR,ERR,ERR,ERR,ERR,ERR,ERR,ERR,ERR,ERR,ERR,ERR,ERR,ERR,ERR,ERR,ERR,ERR,ERR,ERR,ERR,ERR,ERR,ERR,ERR,ERR,ERR,ERR,ERR,ERR,ERR,ERR,ERR,ERR,ERR,ERR,ERR,ERR,ERR,ERR,ERR,ERR,ERR,ERR,ERR,ERR,ERR,ERR,ERR,ERR,ERR,ERR,ERR,ERR,ERR,ERR,ERR,ERR,ERR,ERR,ERR,ERR,ERR,ERR,ERR,ERR,ERR,ERR,ERR,ERR,ERR,ERR,ERR,ERR,ERR,-0.0,-0.0,0.0,89215.008,-0.0,1.3936040501711995e+18,7.805,0.0,0,0,4,48898,6720,14723890282496.0,100,0.0,0.0,0.0,-4.9501291711397626e+32,0.0,0,0,0,0,0.0,0,0,0,0,0,0,0,0,0,0,0,0,0,0,0,0,0,0,0,0,0,0,0,0,0,0,0,0,0,0,0,0,0,26,51,50,76,65476,0,300,0,0,8,21553,0.0,-107605600.0,0.0,0.0,0.0,0.0,0.0,0.0,0.0,0.0,0.0,0.0,0.0,0.0,0.0,0.0,0.0,0.0,0.0,0.0,0.0,0.0,0.0,-2.004,0.0,-0.0,0.0,0.0,0.0,0.0,4736.0,3.697182615187489e+19,7308.0,-0.0,-0.0,-107615360.0,0.0,0.0,0.0,0.0,0.0,77,-0.0,-152017095884800.0,0.0,0.0,0.0,0.0,0.0,0.0,0.0,0,0,0,0.0,0.0,0.0,0.0,0.0,0.0,0.0,0.0,0.0,0.0,0.0,0.0,0.0,0.0,0.0,0.0,0,-107875648.0,77,0.0,154,0.0,-0.0,ERR,ERR,ERR,ERR,ERR,ERR,ERR,ERR,ERR,ERR,ERR,ERR,ERR,ERR,ERR,ERR,ERR,ERR,ERR,ERR,ERR,ERR,ERR,ERR,ERR,ERR,ERR,ERR,ERR,ERR,ERR,ERR,ERR,ERR,ERR,ERR,ERR,ERR,ERR,ERR,ERR,ERR,ERR,ERR,ERR,ERR,ERR,ERR,ERR,ERR,ERR,ERR,ERR,ERR,ERR,ERR,ERR,ERR,ERR,ERR,ERR,ERR,ERR,ERR,ERR,ERR,ERR,34.0,80.0,35,0.0,0.0,0.0,0.0,0.0,0.0,0.0,0.0,0.0,0.0,0.0,0.0,0.0,0.0,0.0,0.0,66.0,0,120,58,54,65476,0,300,0,0,8,20529,65476,0,0,57672,80.0,0.0,0.0,0.0,0.0,0.0
2026-06-18T02:17:17,ERR,ERR,ERR,ERR,ERR,ERR,ERR,ERR,ERR,ERR,ERR,ERR,ERR,ERR,ERR,ERR,ERR,ERR,ERR,ERR,ERR,ERR,ERR,ERR,ERR,ERR,ERR,ERR,ERR,ERR,ERR,ERR,ERR,ERR,ERR,ERR,ERR,ERR,ERR,ERR,ERR,ERR,ERR,ERR,ERR,ERR,ERR,ERR,ERR,ERR,ERR,ERR,ERR,ERR,ERR,ERR,ERR,ERR,ERR,ERR,ERR,ERR,ERR,ERR,ERR,ERR,ERR,ERR,ERR,ERR,ERR,ERR,ERR,ERR,ERR,ERR,ERR,ERR,ERR,ERR,ERR,ERR,ERR,ERR,ERR,ERR,ERR,ERR,ERR,ERR,ERR,ERR,ERR,ERR,ERR,ERR,ERR,ERR,ERR,ERR,ERR,ERR,ERR,ERR,ERR,ERR,ERR,ERR,ERR,ERR,ERR,ERR,ERR,ERR,ERR,ERR,ERR,ERR,ERR,ERR,ERR,ERR,ERR,ERR,ERR,-0.0,-0.0,0.0,2.718290229135658e+23,2.012,1.3936040501711995e+18,7.805,-4.0828997592390904e+35,0,0,4,48907,6720,14723890282496.0,100,0.0,0.0,0.0,0.0,0.0,0,0,0,0,0.0,0,0,0,0,0,0,0,0,0,0,0,0,0,0,0,0,0,0,0,0,0,0,0,0,0,0,0,0,0,0,0,0,0,26,51,50,76,65476,0,300,0,0,8,21553,0.0,-107605600.0,0.0,0.0,0.0,0.0,0.0,0.0,0.0,0.0,0.0,0.0,0.0,0.0,0.0,0.0,0.0,0.0,0.0,0.0,0.0,0.0,0.0,-2.004,0.0,-0.0,0.0,0.0,0.0,0.0,4739.0,2.4229855986892726e+24,7309.0,-0.0,-0.0,-107615360.0,0.0,0.0,0.0,0.0,0.0,77,-0.0,0.0,0.0,0.0,0.0,0.0,0.0,0.0,0.0,0,0,0,0.0,0.0,0.0,0.0,0.0,0.0,0.0,0.0,0.0,0.0,0.0,0.0,0.0,0.0,0.0,0.0,0,-107875648.0,77,0.0,154,0.0,0.0,ERR,ERR,ERR,ERR,ERR,ERR,ERR,ERR,ERR,ERR,ERR,ERR,ERR,ERR,ERR,ERR,ERR,ERR,ERR,ERR,ERR,ERR,ERR,ERR,ERR,ERR,ERR,ERR,ERR,ERR,ERR,ERR,ERR,ERR,ERR,ERR,ERR,ERR,ERR,ERR,ERR,ERR,ERR,ERR,ERR,ERR,ERR,ERR,ERR,ERR,ERR,ERR,ERR,ERR,ERR,ERR,ERR,ERR,ERR,ERR,ERR,ERR,ERR,ERR,ERR,ERR,ERR,34.0,80.0,35,0.0,0.0,0.0,0.0,0.0,0.0,0.0,0.0,0.0,0.0,0.0,0.0,0.0,0.0,0.0,0.0,66.0,0,120,58,54,65476,0,300,0,0,8,20529,65476,0,0,57672,80.0,0.0,0.0,0.0,0.0,0.0
2026-06-18T02:17:18,ERR,ERR,ERR,ERR,ERR,ERR,ERR,ERR,ERR,ERR,ERR,ERR,ERR,ERR,ERR,ERR,ERR,ERR,ERR,ERR,ERR,ERR,ERR,ERR,ERR,ERR,ERR,ERR,ERR,ERR,ERR,ERR,ERR,ERR,ERR,ERR,ERR,ERR,ERR,ERR,ERR,ERR,ERR,ERR,ERR,ERR,ERR,ERR,ERR,ERR,ERR,ERR,ERR,ERR,ERR,ERR,ERR,ERR,ERR,ERR,ERR,ERR,ERR,ERR,ERR,ERR,ERR,ERR,ERR,ERR,ERR,ERR,ERR,ERR,ERR,ERR,ERR,ERR,ERR,ERR,ERR,ERR,ERR,ERR,ERR,ERR,ERR,ERR,ERR,ERR,ERR,ERR,ERR,ERR,ERR,ERR,ERR,ERR,ERR,ERR,ERR,ERR,ERR,ERR,ERR,ERR,ERR,ERR,ERR,ERR,ERR,ERR,ERR,ERR,ERR,ERR,ERR,ERR,ERR,ERR,ERR,ERR,ERR,ERR,ERR,-0.0,-0.0,0.0,2.718290229135658e+23,2.012,1.3936040501711995e+18,7.805,-4.0828997592390904e+35,0,0,4,48907,6720,14723890282496.0,100,0.0,0.0,0.0,0.0,0.0,0,0,0,0,0.0,0,0,0,0,0,0,0,0,0,0,0,0,0,0,0,0,0,0,0,0,0,0,0,0,0,0,0,0,0,0,0,0,0,26,51,50,76,65476,0,300,0,0,8,21553,0.0,-107605600.0,0.0,0.0,0.0,0.0,0.0,0.0,0.0,0.0,0.0,0.0,0.0,0.0,0.0,0.0,0.0,0.0,0.0,0.0,0.0,0.0,0.0,-2.004,0.0,-0.0,0.0,0.0,0.0,0.0,4739.0,2.4229855986892726e+24,7309.0,-0.0,-0.0,-107615360.0,0.0,0.0,0.0,0.0,0.0,77,-0.0,0.0,0.0,0.0,0.0,0.0,0.0,0.0,0.0,0,0,0,0.0,0.0,0.0,0.0,0.0,0.0,0.0,0.0,0.0,0.0,0.0,0.0,0.0,0.0,0.0,0.0,0,-107875648.0,77,0.0,154,0.0,0.0,ERR,ERR,ERR,ERR,ERR,ERR,ERR,ERR,ERR,ERR,ERR,ERR,ERR,ERR,ERR,ERR,ERR,ERR,ERR,ERR,ERR,ERR,ERR,ERR,ERR,ERR,ERR,ERR,ERR,ERR,ERR,ERR,ERR,ERR,ERR,ERR,ERR,ERR,ERR,ERR,ERR,ERR,ERR,ERR,ERR,ERR,ERR,ERR,ERR,ERR,ERR,ERR,ERR,ERR,ERR,ERR,ERR,ERR,ERR,ERR,ERR,ERR,ERR,ERR,ERR,ERR,ERR,34.0,80.0,35,0.0,0.0,0.0,0.0,0.0,0.0,0.0,0.0,0.0,0.0,0.0,0.0,0.0,0.0,0.0,0.0,66.0,0,120,58,54,65476,0,300,0,0,8,20529,65476,0,0,57672,80.0,0.0,0.0,0.0,0.0,0.0
2026-06-18T02:17:19,ERR,ERR,ERR,ERR,ERR,ERR,ERR,ERR,ERR,ERR,ERR,ERR,ERR,ERR,ERR,ERR,ERR,ERR,ERR,ERR,ERR,ERR,ERR,ERR,ERR,ERR,ERR,ERR,ERR,ERR,ERR,ERR,ERR,ERR,ERR,ERR,ERR,ERR,ERR,ERR,ERR,ERR,ERR,ERR,ERR,ERR,ERR,ERR,ERR,ERR,ERR,ERR,ERR,ERR,ERR,ERR,ERR,ERR,ERR,ERR,ERR,ERR,ERR,ERR,ERR,ERR,ERR,ERR,ERR,ERR,ERR,ERR,ERR,ERR,ERR,ERR,ERR,ERR,ERR,ERR,ERR,ERR,ERR,ERR,ERR,ERR,ERR,ERR,ERR,ERR,ERR,ERR,ERR,ERR,ERR,ERR,ERR,ERR,ERR,ERR,ERR,ERR,ERR,ERR,ERR,ERR,ERR,ERR,ERR,ERR,ERR,ERR,ERR,ERR,ERR,ERR,ERR,ERR,ERR,ERR,ERR,ERR,ERR,ERR,ERR,-0.0,-0.0,0.0,2.718290229135658e+23,2.012,1.3936040501711995e+18,7.805,-4.0828997592390904e+35,0,0,4,48907,6720,14723890282496.0,100,0.0,0.0,0.0,0.0,0.0,0,0,0,0,0.0,0,0,0,0,0,0,0,0,0,0,0,0,0,0,0,0,0,0,0,0,0,0,0,0,0,0,0,0,0,0,0,0,0,26,51,50,76,65476,0,300,0,0,8,21553,0.0,-107605600.0,0.0,0.0,0.0,0.0,0.0,0.0,0.0,0.0,0.0,0.0,0.0,0.0,0.0,0.0,0.0,0.0,0.0,0.0,0.0,0.0,0.0,-2.004,0.0,-0.0,0.0,0.0,0.0,0.0,4739.0,2.4229855986892726e+24,7309.0,-0.0,-0.0,-107615360.0,0.0,0.0,0.0,0.0,0.0,77,-0.0,0.0,0.0,0.0,0.0,0.0,0.0,0.0,0.0,0,0,0,0.0,0.0,0.0,0.0,0.0,0.0,0.0,0.0,0.0,0.0,0.0,0.0,0.0,0.0,0.0,0.0,0,-107875648.0,77,0.0,154,0.0,0.0,ERR,ERR,ERR,ERR,ERR,ERR,ERR,ERR,ERR,ERR,ERR,ERR,ERR,ERR,ERR,ERR,ERR,ERR,ERR,ERR,ERR,ERR,ERR,ERR,ERR,ERR,ERR,ERR,ERR,ERR,ERR,ERR,ERR,ERR,ERR,ERR,ERR,ERR,ERR,ERR,ERR,ERR,ERR,ERR,ERR,ERR,ERR,ERR,ERR,ERR,ERR,ERR,ERR,ERR,ERR,ERR,ERR,ERR,ERR,ERR,ERR,ERR,ERR,ERR,ERR,ERR,ERR,34.0,80.0,35,0.0,0.0,0.0,0.0,0.0,0.0,0.0,0.0,0.0,0.0,0.0,0.0,0.0,0.0,0.0,0.0,66.4,0,120,58,54,65476,0,300,0,0,8,20529,65476,0,0,57672,80.0,0.0,0.0,0.0,0.0,0.0
2026-06-18T02:17:20,ERR,ERR,ERR,ERR,ERR,ERR,ERR,ERR,ERR,ERR,ERR,ERR,ERR,ERR,ERR,ERR,ERR,ERR,ERR,ERR,ERR,ERR,ERR,ERR,ERR,ERR,ERR,ERR,ERR,ERR,ERR,ERR,ERR,ERR,ERR,ERR,ERR,ERR,ERR,ERR,ERR,ERR,ERR,ERR,ERR,ERR,ERR,ERR,ERR,ERR,ERR,ERR,ERR,ERR,ERR,ERR,ERR,ERR,ERR,ERR,ERR,ERR,ERR,ERR,ERR,ERR,ERR,ERR,ERR,ERR,ERR,ERR,ERR,ERR,ERR,ERR,ERR,ERR,ERR,ERR,ERR,ERR,ERR,ERR,ERR,ERR,ERR,ERR,ERR,ERR,ERR,ERR,ERR,ERR,ERR,ERR,ERR,ERR,ERR,ERR,ERR,ERR,ERR,ERR,ERR,ERR,ERR,ERR,ERR,ERR,ERR,ERR,ERR,ERR,ERR,ERR,ERR,ERR,ERR,ERR,ERR,ERR,ERR,ERR,ERR,-0.0,-0.0,0.0,2.718290229135658e+23,2.012,1.3936040501711995e+18,7.805,-4.0828997592390904e+35,0,0,4,48907,6720,14723890282496.0,100,0.0,0.0,0.0,0.0,0.0,0,0,0,0,0.0,0,0,0,0,0,0,0,0,0,0,0,0,0,0,0,0,0,0,0,0,0,0,0,0,0,0,0,0,0,0,0,0,0,26,51,50,76,65476,0,300,0,0,8,21553,0.0,-107605600.0,0.0,0.0,0.0,0.0,0.0,0.0,0.0,0.0,0.0,0.0,0.0,0.0,0.0,0.0,0.0,0.0,0.0,0.0,0.0,0.0,0.0,-2.004,0.0,-0.0,0.0,0.0,0.0,0.0,4739.0,2.4229855986892726e+24,7309.0,-0.0,-0.0,-107615360.0,0.0,0.0,0.0,0.0,0.0,77,-0.0,0.0,0.0,0.0,0.0,0.0,0.0,0.0,0.0,0,0,0,0.0,0.0,0.0,0.0,0.0,0.0,0.0,0.0,0.0,0.0,0.0,0.0,0.0,0.0,0.0,0.0,0,-107875648.0,77,0.0,154,0.0,0.0,ERR,ERR,ERR,ERR,ERR,ERR,ERR,ERR,ERR,ERR,ERR,ERR,ERR,ERR,ERR,ERR,ERR,ERR,ERR,ERR,ERR,ERR,ERR,ERR,ERR,ERR,ERR,ERR,ERR,ERR,ERR,ERR,ERR,ERR,ERR,ERR,ERR,ERR,ERR,ERR,ERR,ERR,ERR,ERR,ERR,ERR,ERR,ERR,ERR,ERR,ERR,ERR,ERR,ERR,ERR,ERR,ERR,ERR,ERR,ERR,ERR,ERR,ERR,ERR,ERR,ERR,ERR,34.0,80.0,35,0.0,0.0,0.0,0.0,0.0,0.0,0.0,0.0,0.0,0.0,0.0,0.0,0.0,0.0,0.0,0.0,66.4,0,120,58,54,65476,0,300,0,0,8,20529,65476,0,0,57672,80.0,0.0,0.0,0.0,0.0,0.0
2026-06-18T02:17:21,ERR,ERR,ERR,ERR,ERR,ERR,ERR,ERR,ERR,ERR,ERR,ERR,ERR,ERR,ERR,ERR,ERR,ERR,ERR,ERR,ERR,ERR,ERR,ERR,ERR,ERR,ERR,ERR,ERR,ERR,ERR,ERR,ERR,ERR,ERR,ERR,ERR,ERR,ERR,ERR,ERR,ERR,ERR,ERR,ERR,ERR,ERR,ERR,ERR,ERR,ERR,ERR,ERR,ERR,ERR,ERR,ERR,ERR,ERR,ERR,ERR,ERR,ERR,ERR,ERR,ERR,ERR,ERR,ERR,ERR,ERR,ERR,ERR,ERR,ERR,ERR,ERR,ERR,ERR,ERR,ERR,ERR,ERR,ERR,ERR,ERR,ERR,ERR,ERR,ERR,ERR,ERR,ERR,ERR,ERR,ERR,ERR,ERR,ERR,ERR,ERR,ERR,ERR,ERR,ERR,ERR,ERR,ERR,ERR,ERR,ERR,ERR,ERR,ERR,ERR,ERR,ERR,ERR,ERR,ERR,ERR,ERR,ERR,ERR,ERR,-0.0,-0.0,0.0,2.718290229135658e+23,2.012,1.3936040501711995e+18,7.805,-4.0828997592390904e+35,0,0,4,48907,6720,14723890282496.0,100,0.0,0.0,0.0,0.0,0.0,0,0,0,0,0.0,0,0,0,0,0,0,0,0,0,0,0,0,0,0,0,0,0,0,0,0,0,0,0,0,0,0,0,0,0,0,0,0,0,26,51,50,76,65476,0,300,0,0,8,21553,0.0,-107605600.0,0.0,0.0,0.0,0.0,0.0,0.0,0.0,0.0,0.0,0.0,0.0,0.0,0.0,0.0,0.0,0.0,0.0,0.0,0.0,0.0,0.0,-2.004,0.0,-0.0,0.0,0.0,0.0,0.0,4739.0,2.4229855986892726e+24,7309.0,-0.0,-0.0,-107615360.0,0.0,0.0,0.0,0.0,0.0,77,-0.0,0.0,0.0,0.0,0.0,0.0,0.0,0.0,0.0,0,0,0,0.0,0.0,0.0,0.0,0.0,0.0,0.0,0.0,0.0,0.0,0.0,0.0,0.0,0.0,0.0,0.0,0,-107875648.0,77,0.0,154,0.0,0.0,ERR,ERR,ERR,ERR,ERR,ERR,ERR,ERR,ERR,ERR,ERR,ERR,ERR,ERR,ERR,ERR,ERR,ERR,ERR,ERR,ERR,ERR,ERR,ERR,ERR,ERR,ERR,ERR,ERR,ERR,ERR,ERR,ERR,ERR,ERR,ERR,ERR,ERR,ERR,ERR,ERR,ERR,ERR,ERR,ERR,ERR,ERR,ERR,ERR,ERR,ERR,ERR,ERR,ERR,ERR,ERR,ERR,ERR,ERR,ERR,ERR,ERR,ERR,ERR,ERR,ERR,ERR,34.0,80.0,35,0.0,0.0,0.0,0.0,0.0,0.0,0.0,0.0,0.0,0.0,0.0,0.0,0.0,0.0,0.0,0.0,66.0,0,120,58,54,65476,0,300,0,0,8,20529,65476,0,0,57672,80.0,0.0,0.0,0.0,0.0,0.0
2026-06-18T02:17:22,ERR,ERR,ERR,ERR,ERR,ERR,ERR,ERR,ERR,ERR,ERR,ERR,ERR,ERR,ERR,ERR,ERR,ERR,ERR,ERR,ERR,ERR,ERR,ERR,ERR,ERR,ERR,ERR,ERR,ERR,ERR,ERR,ERR,ERR,ERR,ERR,ERR,ERR,ERR,ERR,ERR,ERR,ERR,ERR,ERR,ERR,ERR,ERR,ERR,ERR,ERR,ERR,ERR,ERR,ERR,ERR,ERR,ERR,ERR,ERR,ERR,ERR,ERR,ERR,ERR,ERR,ERR,ERR,ERR,ERR,ERR,ERR,ERR,ERR,ERR,ERR,ERR,ERR,ERR,ERR,ERR,ERR,ERR,ERR,ERR,ERR,ERR,ERR,ERR,ERR,ERR,ERR,ERR,ERR,ERR,ERR,ERR,ERR,ERR,ERR,ERR,ERR,ERR,ERR,ERR,ERR,ERR,ERR,ERR,ERR,ERR,ERR,ERR,ERR,ERR,ERR,ERR,ERR,ERR,ERR,ERR,ERR,ERR,ERR,ERR,-0.0,-0.0,0.0,89215.008,-0.0,1.3936040501711995e+18,7.805,0.0,0,0,4,48904,6720,14723890282496.0,100,0.0,0.0,0.0,89215.008,0.0,0,0,0,0,0.0,0,0,0,0,0,0,0,0,0,0,0,0,0,0,0,0,0,0,0,0,0,0,0,0,0,0,0,0,0,0,0,0,0,26,51,50,76,65476,0,300,0,0,8,21553,0.0,-107605600.0,0.0,0.0,0.0,0.0,0.0,0.0,0.0,0.0,0.0,0.0,0.0,0.0,0.0,0.0,0.0,0.0,0.0,0.0,0.0,0.0,0.0,-2.004,0.0,-0.0,0.0,0.0,0.0,0.0,4737.0,131350.312,7305.0,-0.0,-0.0,0.0,0.0,0.0,0.0,0.0,0.0,77,-0.0,-152017095884800.0,0.0,0.0,0.0,0.0,0.0,0.0,0.0,0,0,0,0.0,0.0,0.0,0.0,0.0,0.0,0.0,0.0,0.0,0.0,0.0,0.0,0.0,0.0,0.0,0.0,0,-107875648.0,77,0.0,154,0.0,-0.0,ERR,ERR,ERR,ERR,ERR,ERR,ERR,ERR,ERR,ERR,ERR,ERR,ERR,ERR,ERR,ERR,ERR,ERR,ERR,ERR,ERR,ERR,ERR,ERR,ERR,ERR,ERR,ERR,ERR,ERR,ERR,ERR,ERR,ERR,ERR,ERR,ERR,ERR,ERR,ERR,ERR,ERR,ERR,ERR,ERR,ERR,ERR,ERR,ERR,ERR,ERR,ERR,ERR,ERR,ERR,ERR,ERR,ERR,ERR,ERR,ERR,ERR,ERR,ERR,ERR,ERR,ERR,34.0,80.0,35,0.0,0.0,0.0,0.0,0.0,0.0,0.0,0.0,0.0,0.0,0.0,0.0,0.0,0.0,0.0,0.0,66.0,0,120,58,54,65476,0,300,0,0,8,20529,65476,0,0,57672,80.0,0.0,0.0,0.0,0.0,0.0
2026-06-18T02:17:23,ERR,ERR,ERR,ERR,ERR,ERR,ERR,ERR,ERR,ERR,ERR,ERR,ERR,ERR,ERR,ERR,ERR,ERR,ERR,ERR,ERR,ERR,ERR,ERR,ERR,ERR,ERR,ERR,ERR,ERR,ERR,ERR,ERR,ERR,ERR,ERR,ERR,ERR,ERR,ERR,ERR,ERR,ERR,ERR,ERR,ERR,ERR,ERR,ERR,ERR,ERR,ERR,ERR,ERR,ERR,ERR,ERR,ERR,ERR,ERR,ERR,ERR,ERR,ERR,ERR,ERR,ERR,ERR,ERR,ERR,ERR,ERR,ERR,ERR,ERR,ERR,ERR,ERR,ERR,ERR,ERR,ERR,ERR,ERR,ERR,ERR,ERR,ERR,ERR,ERR,ERR,ERR,ERR,ERR,ERR,ERR,ERR,ERR,ERR,ERR,ERR,ERR,ERR,ERR,ERR,ERR,ERR,ERR,ERR,ERR,ERR,ERR,ERR,ERR,ERR,ERR,ERR,ERR,ERR,ERR,ERR,ERR,ERR,ERR,ERR,-0.0,-0.0,0.0,89215.008,-0.0,1.3936040501711995e+18,7.805,0.0,0,0,4,48904,6720,14723890282496.0,100,0.0,0.0,0.0,89215.008,0.0,0,0,0,0,0.0,0,0,0,0,0,0,0,0,0,0,0,0,0,0,0,0,0,0,0,0,0,0,0,0,0,0,0,0,0,0,0,0,0,26,51,50,76,65476,0,300,0,0,8,21553,0.0,-107605600.0,0.0,0.0,0.0,0.0,0.0,0.0,0.0,0.0,0.0,0.0,0.0,0.0,0.0,0.0,0.0,0.0,0.0,0.0,0.0,0.0,0.0,-2.004,0.0,-0.0,0.0,0.0,0.0,0.0,4737.0,131350.312,7305.0,-0.0,-0.0,0.0,0.0,0.0,0.0,0.0,0.0,77,-0.0,-152017095884800.0,0.0,0.0,0.0,0.0,0.0,0.0,0.0,0,0,0,0.0,0.0,0.0,0.0,0.0,0.0,0.0,0.0,0.0,0.0,0.0,0.0,0.0,0.0,0.0,0.0,0,-107875648.0,77,0.0,154,0.0,-0.0,ERR,ERR,ERR,ERR,ERR,ERR,ERR,ERR,ERR,ERR,ERR,ERR,ERR,ERR,ERR,ERR,ERR,ERR,ERR,ERR,ERR,ERR,ERR,ERR,ERR,ERR,ERR,ERR,ERR,ERR,ERR,ERR,ERR,ERR,ERR,ERR,ERR,ERR,ERR,ERR,ERR,ERR,ERR,ERR,ERR,ERR,ERR,ERR,ERR,ERR,ERR,ERR,ERR,ERR,ERR,ERR,ERR,ERR,ERR,ERR,ERR,ERR,ERR,ERR,ERR,ERR,ERR,34.0,80.0,35,0.0,0.0,0.0,0.0,0.0,0.0,0.0,0.0,0.0,0.0,0.0,0.0,0.0,0.0,0.0,0.0,66.0,0,120,58,54,65476,0,300,0,0,8,20529,65476,0,0,57672,80.0,0.0,0.0,0.0,0.0,0.0
2026-06-18T02:17:24,ERR,ERR,ERR,ERR,ERR,ERR,ERR,ERR,ERR,ERR,ERR,ERR,ERR,ERR,ERR,ERR,ERR,ERR,ERR,ERR,ERR,ERR,ERR,ERR,ERR,ERR,ERR,ERR,ERR,ERR,ERR,ERR,ERR,ERR,ERR,ERR,ERR,ERR,ERR,ERR,ERR,ERR,ERR,ERR,ERR,ERR,ERR,ERR,ERR,ERR,ERR,ERR,ERR,ERR,ERR,ERR,ERR,ERR,ERR,ERR,ERR,ERR,ERR,ERR,ERR,ERR,ERR,ERR,ERR,ERR,ERR,ERR,ERR,ERR,ERR,ERR,ERR,ERR,ERR,ERR,ERR,ERR,ERR,ERR,ERR,ERR,ERR,ERR,ERR,ERR,ERR,ERR,ERR,ERR,ERR,ERR,ERR,ERR,ERR,ERR,ERR,ERR,ERR,ERR,ERR,ERR,ERR,ERR,ERR,ERR,ERR,ERR,ERR,ERR,ERR,ERR,ERR,ERR,ERR,ERR,ERR,ERR,ERR,ERR,ERR,-0.0,-0.0,0.0,89215.008,-0.0,1.3936040501711995e+18,7.805,0.0,0,0,4,48904,6720,14723890282496.0,100,0.0,0.0,0.0,89215.008,0.0,0,0,0,0,0.0,0,0,0,0,0,0,0,0,0,0,0,0,0,0,0,0,0,0,0,0,0,0,0,0,0,0,0,0,0,0,0,0,0,26,51,50,76,65476,0,300,0,0,8,21553,0.0,-107605600.0,0.0,0.0,0.0,0.0,0.0,0.0,0.0,0.0,0.0,0.0,0.0,0.0,0.0,0.0,0.0,0.0,0.0,0.0,0.0,0.0,0.0,-2.004,0.0,-0.0,0.0,0.0,0.0,0.0,4737.0,131350.312,7305.0,-0.0,-0.0,0.0,0.0,0.0,0.0,0.0,0.0,77,-0.0,-152017095884800.0,0.0,0.0,0.0,0.0,0.0,0.0,0.0,0,0,0,0.0,0.0,0.0,0.0,0.0,0.0,0.0,0.0,0.0,0.0,0.0,0.0,0.0,0.0,0.0,0.0,0,-107875648.0,77,0.0,154,0.0,-0.0,ERR,ERR,ERR,ERR,ERR,ERR,ERR,ERR,ERR,ERR,ERR,ERR,ERR,ERR,ERR,ERR,ERR,ERR,ERR,ERR,ERR,ERR,ERR,ERR,ERR,ERR,ERR,ERR,ERR,ERR,ERR,ERR,ERR,ERR,ERR,ERR,ERR,ERR,ERR,ERR,ERR,ERR,ERR,ERR,ERR,ERR,ERR,ERR,ERR,ERR,ERR,ERR,ERR,ERR,ERR,ERR,ERR,ERR,ERR,ERR,ERR,ERR,ERR,ERR,ERR,ERR,ERR,34.0,80.0,35,0.0,0.0,0.0,0.0,0.0,0.0,0.0,0.0,0.0,0.0,0.0,0.0,0.0,0.0,0.0,0.0,66.0,0,120,58,54,65476,0,300,0,0,8,20529,65476,0,0,57672,80.0,0.0,0.0,0.0,0.0,0.0
2026-06-18T02:17:25,ERR,ERR,ERR,ERR,ERR,ERR,ERR,ERR,ERR,ERR,ERR,ERR,ERR,ERR,ERR,ERR,ERR,ERR,ERR,ERR,ERR,ERR,ERR,ERR,ERR,ERR,ERR,ERR,ERR,ERR,ERR,ERR,ERR,ERR,ERR,ERR,ERR,ERR,ERR,ERR,ERR,ERR,ERR,ERR,ERR,ERR,ERR,ERR,ERR,ERR,ERR,ERR,ERR,ERR,ERR,ERR,ERR,ERR,ERR,ERR,ERR,ERR,ERR,ERR,ERR,ERR,ERR,ERR,ERR,ERR,ERR,ERR,ERR,ERR,ERR,ERR,ERR,ERR,ERR,ERR,ERR,ERR,ERR,ERR,ERR,ERR,ERR,ERR,ERR,ERR,ERR,ERR,ERR,ERR,ERR,ERR,ERR,ERR,ERR,ERR,ERR,ERR,ERR,ERR,ERR,ERR,ERR,ERR,ERR,ERR,ERR,ERR,ERR,ERR,ERR,ERR,ERR,ERR,ERR,ERR,ERR,ERR,ERR,ERR,ERR,-0.0,-0.0,0.0,89215.008,-0.0,1.3936040501711995e+18,7.805,0.0,0,0,4,48904,6720,14723890282496.0,100,0.0,0.0,0.0,89215.008,0.0,0,0,0,0,0.0,0,0,0,0,0,0,0,0,0,0,0,0,0,0,0,0,0,0,0,0,0,0,0,0,0,0,0,0,0,0,0,0,0,26,51,50,76,65476,0,300,0,0,8,21553,0.0,-107605600.0,0.0,0.0,0.0,0.0,0.0,0.0,0.0,0.0,0.0,0.0,0.0,0.0,0.0,0.0,0.0,0.0,0.0,0.0,0.0,0.0,0.0,-2.004,0.0,-0.0,0.0,0.0,0.0,0.0,4737.0,131350.312,7305.0,-0.0,-0.0,0.0,0.0,0.0,0.0,0.0,0.0,77,-0.0,-152017095884800.0,0.0,0.0,0.0,0.0,0.0,0.0,0.0,0,0,0,0.0,0.0,0.0,0.0,0.0,0.0,0.0,0.0,0.0,0.0,0.0,0.0,0.0,0.0,0.0,0.0,0,-107875648.0,77,0.0,154,0.0,-0.0,ERR,ERR,ERR,ERR,ERR,ERR,ERR,ERR,ERR,ERR,ERR,ERR,ERR,ERR,ERR,ERR,ERR,ERR,ERR,ERR,ERR,ERR,ERR,ERR,ERR,ERR,ERR,ERR,ERR,ERR,ERR,ERR,ERR,ERR,ERR,ERR,ERR,ERR,ERR,ERR,ERR,ERR,ERR,ERR,ERR,ERR,ERR,ERR,ERR,ERR,ERR,ERR,ERR,ERR,ERR,ERR,ERR,ERR,ERR,ERR,ERR,ERR,ERR,ERR,ERR,ERR,ERR,34.0,80.0,35,0.0,0.0,0.0,0.0,0.0,0.0,0.0,0.0,0.0,0.0,0.0,0.0,0.0,0.0,0.0,0.0,66.0,0,120,58,54,65476,0,300,0,0,8,20529,65476,0,0,57672,80.0,0.0,0.0,0.0,0.0,0.0
2026-06-18T02:17:26,ERR,ERR,ERR,ERR,ERR,ERR,ERR,ERR,ERR,ERR,ERR,ERR,ERR,ERR,ERR,ERR,ERR,ERR,ERR,ERR,ERR,ERR,ERR,ERR,ERR,ERR,ERR,ERR,ERR,ERR,ERR,ERR,ERR,ERR,ERR,ERR,ERR,ERR,ERR,ERR,ERR,ERR,ERR,ERR,ERR,ERR,ERR,ERR,ERR,ERR,ERR,ERR,ERR,ERR,ERR,ERR,ERR,ERR,ERR,ERR,ERR,ERR,ERR,ERR,ERR,ERR,ERR,ERR,ERR,ERR,ERR,ERR,ERR,ERR,ERR,ERR,ERR,ERR,ERR,ERR,ERR,ERR,ERR,ERR,ERR,ERR,ERR,ERR,ERR,ERR,ERR,ERR,ERR,ERR,ERR,ERR,ERR,ERR,ERR,ERR,ERR,ERR,ERR,ERR,ERR,ERR,ERR,ERR,ERR,ERR,ERR,ERR,ERR,ERR,ERR,ERR,ERR,ERR,ERR,ERR,ERR,ERR,ERR,ERR,ERR,-0.0,-0.0,0.0,89215.008,-0.0,1.3936040501711995e+18,7.805,0.0,0,0,4,48904,6720,14723890282496.0,100,0.0,0.0,0.0,89215.008,0.0,0,0,0,0,0.0,0,0,0,0,0,0,0,0,0,0,0,0,0,0,0,0,0,0,0,0,0,0,0,0,0,0,0,0,0,0,0,0,0,26,51,50,76,65476,0,300,0,0,8,21553,0.0,-107605600.0,0.0,0.0,0.0,0.0,0.0,0.0,0.0,0.0,0.0,0.0,0.0,0.0,0.0,0.0,0.0,0.0,0.0,0.0,0.0,0.0,0.0,-2.004,0.0,-0.0,0.0,0.0,0.0,0.0,4737.0,131350.312,7305.0,-0.0,-0.0,0.0,0.0,0.0,0.0,0.0,0.0,77,-0.0,-152017095884800.0,0.0,0.0,0.0,0.0,0.0,0.0,0.0,0,0,0,0.0,0.0,0.0,0.0,0.0,0.0,0.0,0.0,0.0,0.0,0.0,0.0,0.0,0.0,0.0,0.0,0,-107875648.0,77,0.0,154,0.0,-0.0,ERR,ERR,ERR,ERR,ERR,ERR,ERR,ERR,ERR,ERR,ERR,ERR,ERR,ERR,ERR,ERR,ERR,ERR,ERR,ERR,ERR,ERR,ERR,ERR,ERR,ERR,ERR,ERR,ERR,ERR,ERR,ERR,ERR,ERR,ERR,ERR,ERR,ERR,ERR,ERR,ERR,ERR,ERR,ERR,ERR,ERR,ERR,ERR,ERR,ERR,ERR,ERR,ERR,ERR,ERR,ERR,ERR,ERR,ERR,ERR,ERR,ERR,ERR,ERR,ERR,ERR,ERR,34.0,80.0,35,0.0,0.0,0.0,0.0,0.0,0.0,0.0,0.0,0.0,0.0,0.0,0.0,0.0,0.0,0.0,0.0,66.0,0,120,58,54,65476,0,300,0,0,8,20529,65476,0,0,57672,80.0,0.0,0.0,0.0,0.0,0.0
2026-06-18T02:17:27,ERR,ERR,ERR,ERR,ERR,ERR,ERR,ERR,ERR,ERR,ERR,ERR,ERR,ERR,ERR,ERR,ERR,ERR,ERR,ERR,ERR,ERR,ERR,ERR,ERR,ERR,ERR,ERR,ERR,ERR,ERR,ERR,ERR,ERR,ERR,ERR,ERR,ERR,ERR,ERR,ERR,ERR,ERR,ERR,ERR,ERR,ERR,ERR,ERR,ERR,ERR,ERR,ERR,ERR,ERR,ERR,ERR,ERR,ERR,ERR,ERR,ERR,ERR,ERR,ERR,ERR,ERR,ERR,ERR,ERR,ERR,ERR,ERR,ERR,ERR,ERR,ERR,ERR,ERR,ERR,ERR,ERR,ERR,ERR,ERR,ERR,ERR,ERR,ERR,ERR,ERR,ERR,ERR,ERR,ERR,ERR,ERR,ERR,ERR,ERR,ERR,ERR,ERR,ERR,ERR,ERR,ERR,ERR,ERR,ERR,ERR,ERR,ERR,ERR,ERR,ERR,ERR,ERR,ERR,ERR,ERR,ERR,ERR,ERR,ERR,-0.0,-0.0,0.0,-0.0,0.0,1.3936040501711995e+18,7.805,-0.0,0,0,4,48904,6720,14723890282496.0,100,0.0,0.0,0.0,0.0,0.0,0,0,0,0,0.0,0,0,0,0,0,0,0,0,0,0,0,0,0,0,0,0,0,0,0,0,0,0,0,0,0,0,0,0,0,0,0,0,0,26,51,50,76,65476,0,300,0,0,8,21553,0.0,-107605600.0,0.0,0.0,0.0,0.0,0.0,0.0,0.0,0.0,0.0,0.0,0.0,0.0,0.0,0.0,0.0,0.0,0.0,0.0,0.0,0.0,0.0,-2.004,0.0,-0.0,0.0,0.0,0.0,0.0,4740.0,8608174080.0,7306.0,-0.0,-0.0,0.0,0.0,0.0,0.0,0.0,0.0,77,-0.0,-152017095884800.0,0.0,0.0,0.0,0.0,0.0,0.0,0.0,0,0,0,0.0,0.0,0.0,0.0,0.0,0.0,0.0,0.0,0.0,0.0,0.0,0.0,0.0,0.0,0.0,0.0,0,-107875648.0,77,0.0,154,0.0,-0.0,ERR,ERR,ERR,ERR,ERR,ERR,ERR,ERR,ERR,ERR,ERR,ERR,ERR,ERR,ERR,ERR,ERR,ERR,ERR,ERR,ERR,ERR,ERR,ERR,ERR,ERR,ERR,ERR,ERR,ERR,ERR,ERR,ERR,ERR,ERR,ERR,ERR,ERR,ERR,ERR,ERR,ERR,ERR,ERR,ERR,ERR,ERR,ERR,ERR,ERR,ERR,ERR,ERR,ERR,ERR,ERR,ERR,ERR,ERR,ERR,ERR,ERR,ERR,ERR,ERR,ERR,ERR,34.0,80.0,35,0.0,0.0,0.0,0.0,0.0,0.0,0.0,0.0,0.0,0.0,0.0,0.0,0.0,0.0,0.0,0.0,66.0,0,120,58,54,65476,0,300,0,0,8,20529,65476,0,0,57672,80.0,0.0,0.0,0.0,0.0,0.0
2026-06-18T02:17:28,ERR,ERR,ERR,ERR,ERR,ERR,ERR,ERR,ERR,ERR,ERR,ERR,ERR,ERR,ERR,ERR,ERR,ERR,ERR,ERR,ERR,ERR,ERR,ERR,ERR,ERR,ERR,ERR,ERR,ERR,ERR,ERR,ERR,ERR,ERR,ERR,ERR,ERR,ERR,ERR,ERR,ERR,ERR,ERR,ERR,ERR,ERR,ERR,ERR,ERR,ERR,ERR,ERR,ERR,ERR,ERR,ERR,ERR,ERR,ERR,ERR,ERR,ERR,ERR,ERR,ERR,ERR,ERR,ERR,ERR,ERR,ERR,ERR,ERR,ERR,ERR,ERR,ERR,ERR,ERR,ERR,ERR,ERR,ERR,ERR,ERR,ERR,ERR,ERR,ERR,ERR,ERR,ERR,ERR,ERR,ERR,ERR,ERR,ERR,ERR,ERR,ERR,ERR,ERR,ERR,ERR,ERR,ERR,ERR,ERR,ERR,ERR,ERR,ERR,ERR,ERR,ERR,ERR,ERR,ERR,ERR,ERR,ERR,ERR,ERR,-0.0,-0.0,0.0,-0.0,0.0,1.3936040501711995e+18,7.805,-0.0,0,0,4,48904,6720,14723890282496.0,100,0.0,0.0,0.0,0.0,0.0,0,0,0,0,0.0,0,0,0,0,0,0,0,0,0,0,0,0,0,0,0,0,0,0,0,0,0,0,0,0,0,0,0,0,0,0,0,0,0,26,51,50,76,65476,0,300,0,0,8,21553,0.0,-107605600.0,0.0,0.0,0.0,0.0,0.0,0.0,0.0,0.0,0.0,0.0,0.0,0.0,0.0,0.0,0.0,0.0,0.0,0.0,0.0,0.0,0.0,-2.004,0.0,-0.0,0.0,0.0,0.0,0.0,4740.0,8608174080.0,7306.0,-0.0,-0.0,0.0,0.0,0.0,0.0,0.0,0.0,77,-0.0,-152017095884800.0,0.0,0.0,0.0,0.0,0.0,0.0,0.0,0,0,0,0.0,0.0,0.0,0.0,0.0,0.0,0.0,0.0,0.0,0.0,0.0,0.0,0.0,0.0,0.0,0.0,0,-107875648.0,77,0.0,154,0.0,-0.0,ERR,ERR,ERR,ERR,ERR,ERR,ERR,ERR,ERR,ERR,ERR,ERR,ERR,ERR,ERR,ERR,ERR,ERR,ERR,ERR,ERR,ERR,ERR,ERR,ERR,ERR,ERR,ERR,ERR,ERR,ERR,ERR,ERR,ERR,ERR,ERR,ERR,ERR,ERR,ERR,ERR,ERR,ERR,ERR,ERR,ERR,ERR,ERR,ERR,ERR,ERR,ERR,ERR,ERR,ERR,ERR,ERR,ERR,ERR,ERR,ERR,ERR,ERR,ERR,ERR,ERR,ERR,34.0,80.0,35,0.0,0.0,0.0,0.0,0.0,0.0,0.0,0.0,0.0,0.0,0.0,0.0,0.0,0.0,0.0,0.0,66.0,0,120,58,54,65476,0,300,0,0,8,20529,65476,0,0,57672,80.0,0.0,0.0,0.0,0.0,0.0
2026-06-18T02:17:29,ERR,ERR,ERR,ERR,ERR,ERR,ERR,ERR,ERR,ERR,ERR,ERR,ERR,ERR,ERR,ERR,ERR,ERR,ERR,ERR,ERR,ERR,ERR,ERR,ERR,ERR,ERR,ERR,ERR,ERR,ERR,ERR,ERR,ERR,ERR,ERR,ERR,ERR,ERR,ERR,ERR,ERR,ERR,ERR,ERR,ERR,ERR,ERR,ERR,ERR,ERR,ERR,ERR,ERR,ERR,ERR,ERR,ERR,ERR,ERR,ERR,ERR,ERR,ERR,ERR,ERR,ERR,ERR,ERR,ERR,ERR,ERR,ERR,ERR,ERR,ERR,ERR,ERR,ERR,ERR,ERR,ERR,ERR,ERR,ERR,ERR,ERR,ERR,ERR,ERR,ERR,ERR,ERR,ERR,ERR,ERR,ERR,ERR,ERR,ERR,ERR,ERR,ERR,ERR,ERR,ERR,ERR,ERR,ERR,ERR,ERR,ERR,ERR,ERR,ERR,ERR,ERR,ERR,ERR,ERR,ERR,ERR,ERR,ERR,ERR,-0.0,-0.0,0.0,-0.0,0.0,1.3936040501711995e+18,7.805,-0.0,0,0,4,48904,6720,14723890282496.0,100,0.0,0.0,0.0,0.0,0.0,0,0,0,0,0.0,0,0,0,0,0,0,0,0,0,0,0,0,0,0,0,0,0,0,0,0,0,0,0,0,0,0,0,0,0,0,0,0,0,26,51,50,76,65476,0,300,0,0,8,21553,0.0,-107605600.0,0.0,0.0,0.0,0.0,0.0,0.0,0.0,0.0,0.0,0.0,0.0,0.0,0.0,0.0,0.0,0.0,0.0,0.0,0.0,0.0,0.0,-2.004,0.0,-0.0,0.0,0.0,0.0,0.0,4740.0,8608174080.0,7306.0,-0.0,-0.0,0.0,0.0,0.0,0.0,0.0,0.0,77,-0.0,-152017095884800.0,0.0,0.0,0.0,0.0,0.0,0.0,0.0,0,0,0,0.0,0.0,0.0,0.0,0.0,0.0,0.0,0.0,0.0,0.0,0.0,0.0,0.0,0.0,0.0,0.0,0,-107875648.0,77,0.0,154,0.0,-0.0,ERR,ERR,ERR,ERR,ERR,ERR,ERR,ERR,ERR,ERR,ERR,ERR,ERR,ERR,ERR,ERR,ERR,ERR,ERR,ERR,ERR,ERR,ERR,ERR,ERR,ERR,ERR,ERR,ERR,ERR,ERR,ERR,ERR,ERR,ERR,ERR,ERR,ERR,ERR,ERR,ERR,ERR,ERR,ERR,ERR,ERR,ERR,ERR,ERR,ERR,ERR,ERR,ERR,ERR,ERR,ERR,ERR,ERR,ERR,ERR,ERR,ERR,ERR,ERR,ERR,ERR,ERR,34.0,80.0,35,0.0,0.0,0.0,0.0,0.0,0.0,0.0,0.0,0.0,0.0,0.0,0.0,0.0,0.0,0.0,0.0,66.0,0,120,58,54,65476,0,300,0,0,8,20529,65476,0,0,57672,80.0,0.0,0.0,0.0,0.0,0.0
2026-06-18T02:17:30,ERR,ERR,ERR,ERR,ERR,ERR,ERR,ERR,ERR,ERR,ERR,ERR,ERR,ERR,ERR,ERR,ERR,ERR,ERR,ERR,ERR,ERR,ERR,ERR,ERR,ERR,ERR,ERR,ERR,ERR,ERR,ERR,ERR,ERR,ERR,ERR,ERR,ERR,ERR,ERR,ERR,ERR,ERR,ERR,ERR,ERR,ERR,ERR,ERR,ERR,ERR,ERR,ERR,ERR,ERR,ERR,ERR,ERR,ERR,ERR,ERR,ERR,ERR,ERR,ERR,ERR,ERR,ERR,ERR,ERR,ERR,ERR,ERR,ERR,ERR,ERR,ERR,ERR,ERR,ERR,ERR,ERR,ERR,ERR,ERR,ERR,ERR,ERR,ERR,ERR,ERR,ERR,ERR,ERR,ERR,ERR,ERR,ERR,ERR,ERR,ERR,ERR,ERR,ERR,ERR,ERR,ERR,ERR,ERR,ERR,ERR,ERR,ERR,ERR,ERR,ERR,ERR,ERR,ERR,ERR,ERR,ERR,ERR,ERR,ERR,-0.0,-0.0,0.0,-0.0,0.0,1.3936040501711995e+18,7.805,-0.0,0,0,4,48904,6720,14723890282496.0,100,0.0,0.0,0.0,0.0,0.0,0,0,0,0,0.0,0,0,0,0,0,0,0,0,0,0,0,0,0,0,0,0,0,0,0,0,0,0,0,0,0,0,0,0,0,0,0,0,0,26,51,50,76,65476,0,300,0,0,8,21553,0.0,-107605600.0,0.0,0.0,0.0,0.0,0.0,0.0,0.0,0.0,0.0,0.0,0.0,0.0,0.0,0.0,0.0,0.0,0.0,0.0,0.0,0.0,0.0,-2.004,0.0,-0.0,0.0,0.0,0.0,0.0,4740.0,8608174080.0,7306.0,-0.0,-0.0,0.0,0.0,0.0,0.0,0.0,0.0,77,-0.0,-152017095884800.0,0.0,0.0,0.0,0.0,0.0,0.0,0.0,0,0,0,0.0,0.0,0.0,0.0,0.0,0.0,0.0,0.0,0.0,0.0,0.0,0.0,0.0,0.0,0.0,0.0,0,-107875648.0,77,0.0,154,0.0,-0.0,ERR,ERR,ERR,ERR,ERR,ERR,ERR,ERR,ERR,ERR,ERR,ERR,ERR,ERR,ERR,ERR,ERR,ERR,ERR,ERR,ERR,ERR,ERR,ERR,ERR,ERR,ERR,ERR,ERR,ERR,ERR,ERR,ERR,ERR,ERR,ERR,ERR,ERR,ERR,ERR,ERR,ERR,ERR,ERR,ERR,ERR,ERR,ERR,ERR,ERR,ERR,ERR,ERR,ERR,ERR,ERR,ERR,ERR,ERR,ERR,ERR,ERR,ERR,ERR,ERR,ERR,ERR,34.0,80.0,35,0.0,0.0,0.0,0.0,0.0,0.0,0.0,0.0,0.0,0.0,0.0,0.0,0.0,0.0,0.0,0.0,66.0,0,120,58,54,65476,0,300,0,0,8,20529,65476,0,0,57672,80.0,0.0,0.0,0.0,0.0,0.0
2026-06-18T02:17:31,ERR,ERR,ERR,ERR,ERR,ERR,ERR,ERR,ERR,ERR,ERR,ERR,ERR,ERR,ERR,ERR,ERR,ERR,ERR,ERR,ERR,ERR,ERR,ERR,ERR,ERR,ERR,ERR,ERR,ERR,ERR,ERR,ERR,ERR,ERR,ERR,ERR,ERR,ERR,ERR,ERR,ERR,ERR,ERR,ERR,ERR,ERR,ERR,ERR,ERR,ERR,ERR,ERR,ERR,ERR,ERR,ERR,ERR,ERR,ERR,ERR,ERR,ERR,ERR,ERR,ERR,ERR,ERR,ERR,ERR,ERR,ERR,ERR,ERR,ERR,ERR,ERR,ERR,ERR,ERR,ERR,ERR,ERR,ERR,ERR,ERR,ERR,ERR,ERR,ERR,ERR,ERR,ERR,ERR,ERR,ERR,ERR,ERR,ERR,ERR,ERR,ERR,ERR,ERR,ERR,ERR,ERR,ERR,ERR,ERR,ERR,ERR,ERR,ERR,ERR,ERR,ERR,ERR,ERR,ERR,ERR,ERR,ERR,ERR,ERR,-0.0,-0.0,0.0,-0.0,0.0,1.3936040501711995e+18,7.805,-0.0,0,0,4,48904,6720,14723890282496.0,100,0.0,0.0,0.0,0.0,0.0,0,0,0,0,0.0,0,0,0,0,0,0,0,0,0,0,0,0,0,0,0,0,0,0,0,0,0,0,0,0,0,0,0,0,0,0,0,0,0,26,51,50,76,65476,0,300,0,0,8,21553,0.0,-107605600.0,0.0,0.0,0.0,0.0,0.0,0.0,0.0,0.0,0.0,0.0,0.0,0.0,0.0,0.0,0.0,0.0,0.0,0.0,0.0,0.0,0.0,-2.004,0.0,-0.0,0.0,0.0,0.0,0.0,4740.0,8608174080.0,7306.0,-0.0,-0.0,0.0,0.0,0.0,0.0,0.0,0.0,77,-0.0,-152017095884800.0,0.0,0.0,0.0,0.0,0.0,0.0,0.0,0,0,0,0.0,0.0,0.0,0.0,0.0,0.0,0.0,0.0,0.0,0.0,0.0,0.0,0.0,0.0,0.0,0.0,0,-107875648.0,77,0.0,154,0.0,-0.0,ERR,ERR,ERR,ERR,ERR,ERR,ERR,ERR,ERR,ERR,ERR,ERR,ERR,ERR,ERR,ERR,ERR,ERR,ERR,ERR,ERR,ERR,ERR,ERR,ERR,ERR,ERR,ERR,ERR,ERR,ERR,ERR,ERR,ERR,ERR,ERR,ERR,ERR,ERR,ERR,ERR,ERR,ERR,ERR,ERR,ERR,ERR,ERR,ERR,ERR,ERR,ERR,ERR,ERR,ERR,ERR,ERR,ERR,ERR,ERR,ERR,ERR,ERR,ERR,ERR,ERR,ERR,34.0,80.0,35,0.0,0.0,0.0,0.0,0.0,0.0,0.0,0.0,0.0,0.0,0.0,0.0,0.0,0.0,0.0,0.0,66.0,0,120,58,54,65476,0,300,0,0,8,20529,65476,0,0,57672,80.0,0.0,0.0,0.0,0.0,0.0
2026-06-18T02:17:32,ERR,ERR,ERR,ERR,ERR,ERR,ERR,ERR,ERR,ERR,ERR,ERR,ERR,ERR,ERR,ERR,ERR,ERR,ERR,ERR,ERR,ERR,ERR,ERR,ERR,ERR,ERR,ERR,ERR,ERR,ERR,ERR,ERR,ERR,ERR,ERR,ERR,ERR,ERR,ERR,ERR,ERR,ERR,ERR,ERR,ERR,ERR,ERR,ERR,ERR,ERR,ERR,ERR,ERR,ERR,ERR,ERR,ERR,ERR,ERR,ERR,ERR,ERR,ERR,ERR,ERR,ERR,ERR,ERR,ERR,ERR,ERR,ERR,ERR,ERR,ERR,ERR,ERR,ERR,ERR,ERR,ERR,ERR,ERR,ERR,ERR,ERR,ERR,ERR,ERR,ERR,ERR,ERR,ERR,ERR,ERR,ERR,ERR,ERR,ERR,ERR,ERR,ERR,ERR,ERR,ERR,ERR,ERR,ERR,ERR,ERR,ERR,ERR,ERR,ERR,ERR,ERR,ERR,ERR,ERR,ERR,ERR,ERR,ERR,ERR,-0.0,-0.0,0.0,-4.9501291711397626e+32,-2.012,1.3936040501711995e+18,7.805,8.558351388217734e+28,0,0,4,48908,6720,14723890282496.0,100,0.0,0.0,0.0,-4.9501291711397626e+32,0.0,0,0,0,0,0.0,0,0,0,0,0,0,0,0,0,0,0,0,0,0,0,0,0,0,0,0,0,0,0,0,0,0,0,0,0,0,0,0,0,26,51,50,76,65476,0,300,0,0,8,21553,0.0,-107605600.0,0.0,0.0,0.0,0.0,0.0,0.0,0.0,0.0,0.0,0.0,0.0,0.0,0.0,0.0,0.0,0.0,0.0,0.0,0.0,0.0,0.0,-2.004,0.0,-0.0,0.0,0.0,0.0,0.0,4740.0,0.0,7271.0,-0.0,-0.0,-107615360.0,0.0,0.0,0.0,0.0,0.0,77,-0.0,-0.0,0.0,0.0,0.0,0.0,0.0,0.0,0.0,0,0,0,0.0,0.0,0.0,0.0,0.0,0.0,0.0,0.0,0.0,0.0,0.0,0.0,0.0,0.0,0.0,0.0,0,-107875648.0,77,0.0,154,0.0,-0.0,ERR,ERR,ERR,ERR,ERR,ERR,ERR,ERR,ERR,ERR,ERR,ERR,ERR,ERR,ERR,ERR,ERR,ERR,ERR,ERR,ERR,ERR,ERR,ERR,ERR,ERR,ERR,ERR,ERR,ERR,ERR,ERR,ERR,ERR,ERR,ERR,ERR,ERR,ERR,ERR,ERR,ERR,ERR,ERR,ERR,ERR,ERR,ERR,ERR,ERR,ERR,ERR,ERR,ERR,ERR,ERR,ERR,ERR,ERR,ERR,ERR,ERR,ERR,ERR,ERR,ERR,ERR,34.0,80.0,35,0.0,0.0,0.0,0.0,0.0,0.0,0.0,0.0,0.0,0.0,0.0,0.0,0.0,0.0,0.0,0.0,66.0,0,120,58,54,65476,0,300,0,0,8,20529,65476,0,0,57672,80.0,0.0,0.0,0.0,0.0,0.0
2026-06-18T02:17:33,ERR,ERR,ERR,ERR,ERR,ERR,ERR,ERR,ERR,ERR,ERR,ERR,ERR,ERR,ERR,ERR,ERR,ERR,ERR,ERR,ERR,ERR,ERR,ERR,ERR,ERR,ERR,ERR,ERR,ERR,ERR,ERR,ERR,ERR,ERR,ERR,ERR,ERR,ERR,ERR,ERR,ERR,ERR,ERR,ERR,ERR,ERR,ERR,ERR,ERR,ERR,ERR,ERR,ERR,ERR,ERR,ERR,ERR,ERR,ERR,ERR,ERR,ERR,ERR,ERR,ERR,ERR,ERR,ERR,ERR,ERR,ERR,ERR,ERR,ERR,ERR,ERR,ERR,ERR,ERR,ERR,ERR,ERR,ERR,ERR,ERR,ERR,ERR,ERR,ERR,ERR,ERR,ERR,ERR,ERR,ERR,ERR,ERR,ERR,ERR,ERR,ERR,ERR,ERR,ERR,ERR,ERR,ERR,ERR,ERR,ERR,ERR,ERR,ERR,ERR,ERR,ERR,ERR,ERR,ERR,ERR,ERR,ERR,ERR,ERR,-0.0,-0.0,0.0,-4.9501291711397626e+32,-2.012,1.3936040501711995e+18,7.805,8.558351388217734e+28,0,0,4,48908,6720,14723890282496.0,100,0.0,0.0,0.0,-4.9501291711397626e+32,0.0,0,0,0,0,0.0,0,0,0,0,0,0,0,0,0,0,0,0,0,0,0,0,0,0,0,0,0,0,0,0,0,0,0,0,0,0,0,0,0,26,51,50,76,65476,0,300,0,0,8,21553,0.0,-107605600.0,0.0,0.0,0.0,0.0,0.0,0.0,0.0,0.0,0.0,0.0,0.0,0.0,0.0,0.0,0.0,0.0,0.0,0.0,0.0,0.0,0.0,-2.004,0.0,-0.0,0.0,0.0,0.0,0.0,4740.0,0.0,7271.0,-0.0,-0.0,-107615360.0,0.0,0.0,0.0,0.0,0.0,77,-0.0,-0.0,0.0,0.0,0.0,0.0,0.0,0.0,0.0,0,0,0,0.0,0.0,0.0,0.0,0.0,0.0,0.0,0.0,0.0,0.0,0.0,0.0,0.0,0.0,0.0,0.0,0,-107875648.0,77,0.0,154,0.0,-0.0,ERR,ERR,ERR,ERR,ERR,ERR,ERR,ERR,ERR,ERR,ERR,ERR,ERR,ERR,ERR,ERR,ERR,ERR,ERR,ERR,ERR,ERR,ERR,ERR,ERR,ERR,ERR,ERR,ERR,ERR,ERR,ERR,ERR,ERR,ERR,ERR,ERR,ERR,ERR,ERR,ERR,ERR,ERR,ERR,ERR,ERR,ERR,ERR,ERR,ERR,ERR,ERR,ERR,ERR,ERR,ERR,ERR,ERR,ERR,ERR,ERR,ERR,ERR,ERR,ERR,ERR,ERR,34.0,80.0,35,0.0,0.0,0.0,0.0,0.0,0.0,0.0,0.0,0.0,0.0,0.0,0.0,0.0,0.0,0.0,0.0,66.0,0,120,58,54,65476,0,300,0,0,8,20529,65476,0,0,57672,80.0,0.0,0.0,0.0,0.0,0.0
2026-06-18T02:17:34,ERR,ERR,ERR,ERR,ERR,ERR,ERR,ERR,ERR,ERR,ERR,ERR,ERR,ERR,ERR,ERR,ERR,ERR,ERR,ERR,ERR,ERR,ERR,ERR,ERR,ERR,ERR,ERR,ERR,ERR,ERR,ERR,ERR,ERR,ERR,ERR,ERR,ERR,ERR,ERR,ERR,ERR,ERR,ERR,ERR,ERR,ERR,ERR,ERR,ERR,ERR,ERR,ERR,ERR,ERR,ERR,ERR,ERR,ERR,ERR,ERR,ERR,ERR,ERR,ERR,ERR,ERR,ERR,ERR,ERR,ERR,ERR,ERR,ERR,ERR,ERR,ERR,ERR,ERR,ERR,ERR,ERR,ERR,ERR,ERR,ERR,ERR,ERR,ERR,ERR,ERR,ERR,ERR,ERR,ERR,ERR,ERR,ERR,ERR,ERR,ERR,ERR,ERR,ERR,ERR,ERR,ERR,ERR,ERR,ERR,ERR,ERR,ERR,ERR,ERR,ERR,ERR,ERR,ERR,ERR,ERR,ERR,ERR,ERR,ERR,-0.0,-0.0,0.0,-4.9501291711397626e+32,-2.012,1.3936040501711995e+18,7.805,8.558351388217734e+28,0,0,4,48908,6720,14723890282496.0,100,0.0,0.0,0.0,-4.9501291711397626e+32,0.0,0,0,0,0,0.0,0,0,0,0,0,0,0,0,0,0,0,0,0,0,0,0,0,0,0,0,0,0,0,0,0,0,0,0,0,0,0,0,0,26,51,50,76,65476,0,300,0,0,8,21553,0.0,-107605600.0,0.0,0.0,0.0,0.0,0.0,0.0,0.0,0.0,0.0,0.0,0.0,0.0,0.0,0.0,0.0,0.0,0.0,0.0,0.0,0.0,0.0,-2.004,0.0,-0.0,0.0,0.0,0.0,0.0,4740.0,0.0,7271.0,-0.0,-0.0,-107615360.0,0.0,0.0,0.0,0.0,0.0,77,-0.0,-0.0,0.0,0.0,0.0,0.0,0.0,0.0,0.0,0,0,0,0.0,0.0,0.0,0.0,0.0,0.0,0.0,0.0,0.0,0.0,0.0,0.0,0.0,0.0,0.0,0.0,0,-107875648.0,77,0.0,154,0.0,-0.0,ERR,ERR,ERR,ERR,ERR,ERR,ERR,ERR,ERR,ERR,ERR,ERR,ERR,ERR,ERR,ERR,ERR,ERR,ERR,ERR,ERR,ERR,ERR,ERR,ERR,ERR,ERR,ERR,ERR,ERR,ERR,ERR,ERR,ERR,ERR,ERR,ERR,ERR,ERR,ERR,ERR,ERR,ERR,ERR,ERR,ERR,ERR,ERR,ERR,ERR,ERR,ERR,ERR,ERR,ERR,ERR,ERR,ERR,ERR,ERR,ERR,ERR,ERR,ERR,ERR,ERR,ERR,34.0,80.0,35,0.0,0.0,0.0,0.0,0.0,0.0,0.0,0.0,0.0,0.0,0.0,0.0,0.0,0.0,0.0,0.0,66.0,0,120,58,54,65476,0,300,0,0,8,20529,65476,0,0,57672,80.0,0.0,0.0,0.0,0.0,0.0
2026-06-18T02:17:35,ERR,ERR,ERR,ERR,ERR,ERR,ERR,ERR,ERR,ERR,ERR,ERR,ERR,ERR,ERR,ERR,ERR,ERR,ERR,ERR,ERR,ERR,ERR,ERR,ERR,ERR,ERR,ERR,ERR,ERR,ERR,ERR,ERR,ERR,ERR,ERR,ERR,ERR,ERR,ERR,ERR,ERR,ERR,ERR,ERR,ERR,ERR,ERR,ERR,ERR,ERR,ERR,ERR,ERR,ERR,ERR,ERR,ERR,ERR,ERR,ERR,ERR,ERR,ERR,ERR,ERR,ERR,ERR,ERR,ERR,ERR,ERR,ERR,ERR,ERR,ERR,ERR,ERR,ERR,ERR,ERR,ERR,ERR,ERR,ERR,ERR,ERR,ERR,ERR,ERR,ERR,ERR,ERR,ERR,ERR,ERR,ERR,ERR,ERR,ERR,ERR,ERR,ERR,ERR,ERR,ERR,ERR,ERR,ERR,ERR,ERR,ERR,ERR,ERR,ERR,ERR,ERR,ERR,ERR,ERR,ERR,ERR,ERR,ERR,ERR,-0.0,-0.0,0.0,-4.9501291711397626e+32,-2.012,1.3936040501711995e+18,7.805,8.558351388217734e+28,0,0,4,48908,6720,14723890282496.0,100,0.0,0.0,0.0,-4.9501291711397626e+32,0.0,0,0,0,0,0.0,0,0,0,0,0,0,0,0,0,0,0,0,0,0,0,0,0,0,0,0,0,0,0,0,0,0,0,0,0,0,0,0,0,26,51,50,76,65476,0,300,0,0,8,21553,0.0,-107605600.0,0.0,0.0,0.0,0.0,0.0,0.0,0.0,0.0,0.0,0.0,0.0,0.0,0.0,0.0,0.0,0.0,0.0,0.0,0.0,0.0,0.0,-2.004,0.0,-0.0,0.0,0.0,0.0,0.0,4740.0,0.0,7271.0,-0.0,-0.0,-107615360.0,0.0,0.0,0.0,0.0,0.0,77,-0.0,-0.0,0.0,0.0,0.0,0.0,0.0,0.0,0.0,0,0,0,0.0,0.0,0.0,0.0,0.0,0.0,0.0,0.0,0.0,0.0,0.0,0.0,0.0,0.0,0.0,0.0,0,-107875648.0,77,0.0,154,0.0,-0.0,ERR,ERR,ERR,ERR,ERR,ERR,ERR,ERR,ERR,ERR,ERR,ERR,ERR,ERR,ERR,ERR,ERR,ERR,ERR,ERR,ERR,ERR,ERR,ERR,ERR,ERR,ERR,ERR,ERR,ERR,ERR,ERR,ERR,ERR,ERR,ERR,ERR,ERR,ERR,ERR,ERR,ERR,ERR,ERR,ERR,ERR,ERR,ERR,ERR,ERR,ERR,ERR,ERR,ERR,ERR,ERR,ERR,ERR,ERR,ERR,ERR,ERR,ERR,ERR,ERR,ERR,ERR,34.0,80.0,35,0.0,0.0,0.0,0.0,0.0,0.0,0.0,0.0,0.0,0.0,0.0,0.0,0.0,0.0,0.0,0.0,66.0,0,120,58,54,65476,0,300,0,0,8,20529,65476,0,0,57672,80.0,0.0,0.0,0.0,0.0,0.0
2026-06-18T02:17:36,ERR,ERR,ERR,ERR,ERR,ERR,ERR,ERR,ERR,ERR,ERR,ERR,ERR,ERR,ERR,ERR,ERR,ERR,ERR,ERR,ERR,ERR,ERR,ERR,ERR,ERR,ERR,ERR,ERR,ERR,ERR,ERR,ERR,ERR,ERR,ERR,ERR,ERR,ERR,ERR,ERR,ERR,ERR,ERR,ERR,ERR,ERR,ERR,ERR,ERR,ERR,ERR,ERR,ERR,ERR,ERR,ERR,ERR,ERR,ERR,ERR,ERR,ERR,ERR,ERR,ERR,ERR,ERR,ERR,ERR,ERR,ERR,ERR,ERR,ERR,ERR,ERR,ERR,ERR,ERR,ERR,ERR,ERR,ERR,ERR,ERR,ERR,ERR,ERR,ERR,ERR,ERR,ERR,ERR,ERR,ERR,ERR,ERR,ERR,ERR,ERR,ERR,ERR,ERR,ERR,ERR,ERR,ERR,ERR,ERR,ERR,ERR,ERR,ERR,ERR,ERR,ERR,ERR,ERR,ERR,ERR,ERR,ERR,ERR,ERR,-0.0,-0.0,0.0,-4.9501291711397626e+32,-2.012,1.3936040501711995e+18,7.805,8.558351388217734e+28,0,0,4,48908,6720,14723890282496.0,100,0.0,0.0,0.0,-4.9501291711397626e+32,0.0,0,0,0,0,0.0,0,0,0,0,0,0,0,0,0,0,0,0,0,0,0,0,0,0,0,0,0,0,0,0,0,0,0,0,0,0,0,0,0,26,51,50,76,65476,0,300,0,0,8,21553,0.0,-107605600.0,0.0,0.0,0.0,0.0,0.0,0.0,0.0,0.0,0.0,0.0,0.0,0.0,0.0,0.0,0.0,0.0,0.0,0.0,0.0,0.0,0.0,-2.004,0.0,-0.0,0.0,0.0,0.0,0.0,4740.0,0.0,7271.0,-0.0,-0.0,-107615360.0,0.0,0.0,0.0,0.0,0.0,77,-0.0,-0.0,0.0,0.0,0.0,0.0,0.0,0.0,0.0,0,0,0,0.0,0.0,0.0,0.0,0.0,0.0,0.0,0.0,0.0,0.0,0.0,0.0,0.0,0.0,0.0,0.0,0,-107875648.0,77,0.0,154,0.0,-0.0,ERR,ERR,ERR,ERR,ERR,ERR,ERR,ERR,ERR,ERR,ERR,ERR,ERR,ERR,ERR,ERR,ERR,ERR,ERR,ERR,ERR,ERR,ERR,ERR,ERR,ERR,ERR,ERR,ERR,ERR,ERR,ERR,ERR,ERR,ERR,ERR,ERR,ERR,ERR,ERR,ERR,ERR,ERR,ERR,ERR,ERR,ERR,ERR,ERR,ERR,ERR,ERR,ERR,ERR,ERR,ERR,ERR,ERR,ERR,ERR,ERR,ERR,ERR,ERR,ERR,ERR,ERR,34.0,80.0,35,0.0,0.0,0.0,0.0,0.0,0.0,0.0,0.0,0.0,0.0,0.0,0.0,0.0,0.0,0.0,0.0,66.0,0,120,58,54,65476,0,300,0,0,8,20529,65476,0,0,57672,80.0,0.0,0.0,0.0,0.0,0.0
2026-06-18T02:17:37,ERR,ERR,ERR,ERR,ERR,ERR,ERR,ERR,ERR,ERR,ERR,ERR,ERR,ERR,ERR,ERR,ERR,ERR,ERR,ERR,ERR,ERR,ERR,ERR,ERR,ERR,ERR,ERR,ERR,ERR,ERR,ERR,ERR,ERR,ERR,ERR,ERR,ERR,ERR,ERR,ERR,ERR,ERR,ERR,ERR,ERR,ERR,ERR,ERR,ERR,ERR,ERR,ERR,ERR,ERR,ERR,ERR,ERR,ERR,ERR,ERR,ERR,ERR,ERR,ERR,ERR,ERR,ERR,ERR,ERR,ERR,ERR,ERR,ERR,ERR,ERR,ERR,ERR,ERR,ERR,ERR,ERR,ERR,ERR,ERR,ERR,ERR,ERR,ERR,ERR,ERR,ERR,ERR,ERR,ERR,ERR,ERR,ERR,ERR,ERR,ERR,ERR,ERR,ERR,ERR,ERR,ERR,ERR,ERR,ERR,ERR,ERR,ERR,ERR,ERR,ERR,ERR,ERR,ERR,ERR,ERR,ERR,ERR,ERR,ERR,-0.0,-0.0,0.0,2.718290229135658e+23,2.012,1.3936040501711995e+18,7.805,-4.0828997592390904e+35,0,0,4,48902,6720,14723890282496.0,100,0.0,0.0,0.0,-152005385388032.0,0.0,0,0,0,0,0.0,0,0,0,0,0,0,0,0,0,0,0,0,0,0,0,0,0,0,0,0,0,0,0,0,0,0,0,0,0,0,0,0,0,26,51,50,76,65476,0,300,0,0,8,21553,0.0,-107605600.0,0.0,0.0,0.0,0.0,0.0,0.0,0.0,0.0,0.0,0.0,0.0,0.0,0.0,0.0,0.0,0.0,0.0,0.0,0.0,0.0,0.0,-2.004,0.0,-0.0,0.0,0.0,0.0,0.0,4740.0,0.0,7303.0,-0.0,-0.0,-107615360.0,0.0,0.0,0.0,0.0,0.0,77,-0.0,-0.0,0.0,0.0,0.0,0.0,0.0,0.0,0.0,0,0,0,0.0,0.0,0.0,0.0,0.0,0.0,0.0,0.0,0.0,0.0,0.0,0.0,0.0,0.0,0.0,0.0,0,-107875648.0,77,0.0,154,0.0,0.0,ERR,ERR,ERR,ERR,ERR,ERR,ERR,ERR,ERR,ERR,ERR,ERR,ERR,ERR,ERR,ERR,ERR,ERR,ERR,ERR,ERR,ERR,ERR,ERR,ERR,ERR,ERR,ERR,ERR,ERR,ERR,ERR,ERR,ERR,ERR,ERR,ERR,ERR,ERR,ERR,ERR,ERR,ERR,ERR,ERR,ERR,ERR,ERR,ERR,ERR,ERR,ERR,ERR,ERR,ERR,ERR,ERR,ERR,ERR,ERR,ERR,ERR,ERR,ERR,ERR,ERR,ERR,34.0,80.0,35,0.0,0.0,0.0,0.0,0.0,0.0,0.0,0.0,0.0,0.0,0.0,0.0,0.0,0.0,0.0,0.0,66.0,0,120,58,54,65476,0,300,0,0,8,20529,65476,0,0,57672,80.0,0.0,0.0,0.0,0.0,0.0
2026-06-18T02:17:38,ERR,ERR,ERR,ERR,ERR,ERR,ERR,ERR,ERR,ERR,ERR,ERR,ERR,ERR,ERR,ERR,ERR,ERR,ERR,ERR,ERR,ERR,ERR,ERR,ERR,ERR,ERR,ERR,ERR,ERR,ERR,ERR,ERR,ERR,ERR,ERR,ERR,ERR,ERR,ERR,ERR,ERR,ERR,ERR,ERR,ERR,ERR,ERR,ERR,ERR,ERR,ERR,ERR,ERR,ERR,ERR,ERR,ERR,ERR,ERR,ERR,ERR,ERR,ERR,ERR,ERR,ERR,ERR,ERR,ERR,ERR,ERR,ERR,ERR,ERR,ERR,ERR,ERR,ERR,ERR,ERR,ERR,ERR,ERR,ERR,ERR,ERR,ERR,ERR,ERR,ERR,ERR,ERR,ERR,ERR,ERR,ERR,ERR,ERR,ERR,ERR,ERR,ERR,ERR,ERR,ERR,ERR,ERR,ERR,ERR,ERR,ERR,ERR,ERR,ERR,ERR,ERR,ERR,ERR,ERR,ERR,ERR,ERR,ERR,ERR,-0.0,-0.0,0.0,2.718290229135658e+23,2.012,1.3936040501711995e+18,7.805,-4.0828997592390904e+35,0,0,4,48902,6720,14723890282496.0,100,0.0,0.0,0.0,-152005385388032.0,0.0,0,0,0,0,0.0,0,0,0,0,0,0,0,0,0,0,0,0,0,0,0,0,0,0,0,0,0,0,0,0,0,0,0,0,0,0,0,0,0,26,51,50,76,65476,0,300,0,0,8,21553,0.0,-107605600.0,0.0,0.0,0.0,0.0,0.0,0.0,0.0,0.0,0.0,0.0,0.0,0.0,0.0,0.0,0.0,0.0,0.0,0.0,0.0,0.0,0.0,-2.004,0.0,-0.0,0.0,0.0,0.0,0.0,4740.0,0.0,7303.0,-0.0,-0.0,-107615360.0,0.0,0.0,0.0,0.0,0.0,77,-0.0,-0.0,0.0,0.0,0.0,0.0,0.0,0.0,0.0,0,0,0,0.0,0.0,0.0,0.0,0.0,0.0,0.0,0.0,0.0,0.0,0.0,0.0,0.0,0.0,0.0,0.0,0,-107875648.0,77,0.0,154,0.0,0.0,ERR,ERR,ERR,ERR,ERR,ERR,ERR,ERR,ERR,ERR,ERR,ERR,ERR,ERR,ERR,ERR,ERR,ERR,ERR,ERR,ERR,ERR,ERR,ERR,ERR,ERR,ERR,ERR,ERR,ERR,ERR,ERR,ERR,ERR,ERR,ERR,ERR,ERR,ERR,ERR,ERR,ERR,ERR,ERR,ERR,ERR,ERR,ERR,ERR,ERR,ERR,ERR,ERR,ERR,ERR,ERR,ERR,ERR,ERR,ERR,ERR,ERR,ERR,ERR,ERR,ERR,ERR,34.0,80.0,35,0.0,0.0,0.0,0.0,0.0,0.0,0.0,0.0,0.0,0.0,0.0,0.0,0.0,0.0,0.0,0.0,66.0,0,120,58,54,65476,0,300,0,0,8,20529,65476,0,0,57672,80.0,0.0,0.0,0.0,0.0,0.0
2026-06-18T02:17:39,ERR,ERR,ERR,ERR,ERR,ERR,ERR,ERR,ERR,ERR,ERR,ERR,ERR,ERR,ERR,ERR,ERR,ERR,ERR,ERR,ERR,ERR,ERR,ERR,ERR,ERR,ERR,ERR,ERR,ERR,ERR,ERR,ERR,ERR,ERR,ERR,ERR,ERR,ERR,ERR,ERR,ERR,ERR,ERR,ERR,ERR,ERR,ERR,ERR,ERR,ERR,ERR,ERR,ERR,ERR,ERR,ERR,ERR,ERR,ERR,ERR,ERR,ERR,ERR,ERR,ERR,ERR,ERR,ERR,ERR,ERR,ERR,ERR,ERR,ERR,ERR,ERR,ERR,ERR,ERR,ERR,ERR,ERR,ERR,ERR,ERR,ERR,ERR,ERR,ERR,ERR,ERR,ERR,ERR,ERR,ERR,ERR,ERR,ERR,ERR,ERR,ERR,ERR,ERR,ERR,ERR,ERR,ERR,ERR,ERR,ERR,ERR,ERR,ERR,ERR,ERR,ERR,ERR,ERR,ERR,ERR,ERR,ERR,ERR,ERR,-0.0,-0.0,0.0,2.718290229135658e+23,2.012,1.3936040501711995e+18,7.805,-4.0828997592390904e+35,0,0,4,48902,6720,14723890282496.0,100,0.0,0.0,0.0,-152005385388032.0,0.0,0,0,0,0,0.0,0,0,0,0,0,0,0,0,0,0,0,0,0,0,0,0,0,0,0,0,0,0,0,0,0,0,0,0,0,0,0,0,0,26,51,50,76,65476,0,300,0,0,8,21553,0.0,-107605600.0,0.0,0.0,0.0,0.0,0.0,0.0,0.0,0.0,0.0,0.0,0.0,0.0,0.0,0.0,0.0,0.0,0.0,0.0,0.0,0.0,0.0,-2.004,0.0,-0.0,0.0,0.0,0.0,0.0,4740.0,0.0,7303.0,-0.0,-0.0,-107615360.0,0.0,0.0,0.0,0.0,0.0,77,-0.0,-0.0,0.0,0.0,0.0,0.0,0.0,0.0,0.0,0,0,0,0.0,0.0,0.0,0.0,0.0,0.0,0.0,0.0,0.0,0.0,0.0,0.0,0.0,0.0,0.0,0.0,0,-107875648.0,77,0.0,154,0.0,0.0,ERR,ERR,ERR,ERR,ERR,ERR,ERR,ERR,ERR,ERR,ERR,ERR,ERR,ERR,ERR,ERR,ERR,ERR,ERR,ERR,ERR,ERR,ERR,ERR,ERR,ERR,ERR,ERR,ERR,ERR,ERR,ERR,ERR,ERR,ERR,ERR,ERR,ERR,ERR,ERR,ERR,ERR,ERR,ERR,ERR,ERR,ERR,ERR,ERR,ERR,ERR,ERR,ERR,ERR,ERR,ERR,ERR,ERR,ERR,ERR,ERR,ERR,ERR,ERR,ERR,ERR,ERR,34.0,80.0,35,0.0,0.0,0.0,0.0,0.0,0.0,0.0,0.0,0.0,0.0,0.0,0.0,0.0,0.0,0.0,0.0,66.4,0,120,58,54,65476,0,300,0,0,8,20529,65476,0,0,57672,80.0,0.0,0.0,0.0,0.0,0.0
2026-06-18T02:17:40,ERR,ERR,ERR,ERR,ERR,ERR,ERR,ERR,ERR,ERR,ERR,ERR,ERR,ERR,ERR,ERR,ERR,ERR,ERR,ERR,ERR,ERR,ERR,ERR,ERR,ERR,ERR,ERR,ERR,ERR,ERR,ERR,ERR,ERR,ERR,ERR,ERR,ERR,ERR,ERR,ERR,ERR,ERR,ERR,ERR,ERR,ERR,ERR,ERR,ERR,ERR,ERR,ERR,ERR,ERR,ERR,ERR,ERR,ERR,ERR,ERR,ERR,ERR,ERR,ERR,ERR,ERR,ERR,ERR,ERR,ERR,ERR,ERR,ERR,ERR,ERR,ERR,ERR,ERR,ERR,ERR,ERR,ERR,ERR,ERR,ERR,ERR,ERR,ERR,ERR,ERR,ERR,ERR,ERR,ERR,ERR,ERR,ERR,ERR,ERR,ERR,ERR,ERR,ERR,ERR,ERR,ERR,ERR,ERR,ERR,ERR,ERR,ERR,ERR,ERR,ERR,ERR,ERR,ERR,ERR,ERR,ERR,ERR,ERR,ERR,-0.0,-0.0,0.0,2.718290229135658e+23,2.012,1.3936040501711995e+18,7.805,-4.0828997592390904e+35,0,0,4,48902,6720,14723890282496.0,100,0.0,0.0,0.0,-152005385388032.0,0.0,0,0,0,0,0.0,0,0,0,0,0,0,0,0,0,0,0,0,0,0,0,0,0,0,0,0,0,0,0,0,0,0,0,0,0,0,0,0,0,26,51,50,76,65476,0,300,0,0,8,21553,0.0,-107605600.0,0.0,0.0,0.0,0.0,0.0,0.0,0.0,0.0,0.0,0.0,0.0,0.0,0.0,0.0,0.0,0.0,0.0,0.0,0.0,0.0,0.0,-2.004,0.0,-0.0,0.0,0.0,0.0,0.0,4740.0,0.0,7303.0,-0.0,-0.0,-107615360.0,0.0,0.0,0.0,0.0,0.0,77,-0.0,-0.0,0.0,0.0,0.0,0.0,0.0,0.0,0.0,0,0,0,0.0,0.0,0.0,0.0,0.0,0.0,0.0,0.0,0.0,0.0,0.0,0.0,0.0,0.0,0.0,0.0,0,-107875648.0,77,0.0,154,0.0,0.0,ERR,ERR,ERR,ERR,ERR,ERR,ERR,ERR,ERR,ERR,ERR,ERR,ERR,ERR,ERR,ERR,ERR,ERR,ERR,ERR,ERR,ERR,ERR,ERR,ERR,ERR,ERR,ERR,ERR,ERR,ERR,ERR,ERR,ERR,ERR,ERR,ERR,ERR,ERR,ERR,ERR,ERR,ERR,ERR,ERR,ERR,ERR,ERR,ERR,ERR,ERR,ERR,ERR,ERR,ERR,ERR,ERR,ERR,ERR,ERR,ERR,ERR,ERR,ERR,ERR,ERR,ERR,34.0,80.0,35,0.0,0.0,0.0,0.0,0.0,0.0,0.0,0.0,0.0,0.0,0.0,0.0,0.0,0.0,0.0,0.0,66.4,0,120,58,54,65476,0,300,0,0,8,20529,65476,0,0,57672,80.0,0.0,0.0,0.0,0.0,0.0
2026-06-18T02:17:41,ERR,ERR,ERR,ERR,ERR,ERR,ERR,ERR,ERR,ERR,ERR,ERR,ERR,ERR,ERR,ERR,ERR,ERR,ERR,ERR,ERR,ERR,ERR,ERR,ERR,ERR,ERR,ERR,ERR,ERR,ERR,ERR,ERR,ERR,ERR,ERR,ERR,ERR,ERR,ERR,ERR,ERR,ERR,ERR,ERR,ERR,ERR,ERR,ERR,ERR,ERR,ERR,ERR,ERR,ERR,ERR,ERR,ERR,ERR,ERR,ERR,ERR,ERR,ERR,ERR,ERR,ERR,ERR,ERR,ERR,ERR,ERR,ERR,ERR,ERR,ERR,ERR,ERR,ERR,ERR,ERR,ERR,ERR,ERR,ERR,ERR,ERR,ERR,ERR,ERR,ERR,ERR,ERR,ERR,ERR,ERR,ERR,ERR,ERR,ERR,ERR,ERR,ERR,ERR,ERR,ERR,ERR,ERR,ERR,ERR,ERR,ERR,ERR,ERR,ERR,ERR,ERR,ERR,ERR,ERR,ERR,ERR,ERR,ERR,ERR,-0.0,-0.0,0.0,2.718290229135658e+23,2.012,1.3936040501711995e+18,7.805,-4.0828997592390904e+35,0,0,4,48902,6720,14723890282496.0,100,0.0,0.0,0.0,-152005385388032.0,0.0,0,0,0,0,0.0,0,0,0,0,0,0,0,0,0,0,0,0,0,0,0,0,0,0,0,0,0,0,0,0,0,0,0,0,0,0,0,0,0,26,51,50,76,65476,0,300,0,0,8,21553,0.0,-107605600.0,0.0,0.0,0.0,0.0,0.0,0.0,0.0,0.0,0.0,0.0,0.0,0.0,0.0,0.0,0.0,0.0,0.0,0.0,0.0,0.0,0.0,-2.004,0.0,-0.0,0.0,0.0,0.0,0.0,4740.0,0.0,7303.0,-0.0,-0.0,-107615360.0,0.0,0.0,0.0,0.0,0.0,77,-0.0,-0.0,0.0,0.0,0.0,0.0,0.0,0.0,0.0,0,0,0,0.0,0.0,0.0,0.0,0.0,0.0,0.0,0.0,0.0,0.0,0.0,0.0,0.0,0.0,0.0,0.0,0,-107875648.0,77,0.0,154,0.0,0.0,ERR,ERR,ERR,ERR,ERR,ERR,ERR,ERR,ERR,ERR,ERR,ERR,ERR,ERR,ERR,ERR,ERR,ERR,ERR,ERR,ERR,ERR,ERR,ERR,ERR,ERR,ERR,ERR,ERR,ERR,ERR,ERR,ERR,ERR,ERR,ERR,ERR,ERR,ERR,ERR,ERR,ERR,ERR,ERR,ERR,ERR,ERR,ERR,ERR,ERR,ERR,ERR,ERR,ERR,ERR,ERR,ERR,ERR,ERR,ERR,ERR,ERR,ERR,ERR,ERR,ERR,ERR,34.0,80.0,35,0.0,0.0,0.0,0.0,0.0,0.0,0.0,0.0,0.0,0.0,0.0,0.0,0.0,0.0,0.0,0.0,66.0,0,120,58,54,65476,0,300,0,0,8,20529,65476,0,0,57672,80.0,0.0,0.0,0.0,0.0,0.0
2026-06-18T02:17:42,ERR,ERR,ERR,ERR,ERR,ERR,ERR,ERR,ERR,ERR,ERR,ERR,ERR,ERR,ERR,ERR,ERR,ERR,ERR,ERR,ERR,ERR,ERR,ERR,ERR,ERR,ERR,ERR,ERR,ERR,ERR,ERR,ERR,ERR,ERR,ERR,ERR,ERR,ERR,ERR,ERR,ERR,ERR,ERR,ERR,ERR,ERR,ERR,ERR,ERR,ERR,ERR,ERR,ERR,ERR,ERR,ERR,ERR,ERR,ERR,ERR,ERR,ERR,ERR,ERR,ERR,ERR,ERR,ERR,ERR,ERR,ERR,ERR,ERR,ERR,ERR,ERR,ERR,ERR,ERR,ERR,ERR,ERR,ERR,ERR,ERR,ERR,ERR,ERR,ERR,ERR,ERR,ERR,ERR,ERR,ERR,ERR,ERR,ERR,ERR,ERR,ERR,ERR,ERR,ERR,ERR,ERR,ERR,ERR,ERR,ERR,ERR,ERR,ERR,ERR,ERR,ERR,ERR,ERR,ERR,ERR,ERR,ERR,ERR,ERR,-0.0,-0.0,0.0,2.718290229135658e+23,2.012,1.3936040501711995e+18,7.805,-4.0828997592390904e+35,0,0,4,48902,6720,14723890282496.0,100,0.0,0.0,0.0,-152005385388032.0,0.0,0,0,0,0,0.0,0,0,0,0,0,0,0,0,0,0,0,0,0,0,0,0,0,0,0,0,0,0,0,0,0,0,0,0,0,0,0,0,0,26,51,50,76,65476,0,300,0,0,8,21553,0.0,-107605600.0,0.0,0.0,0.0,0.0,0.0,0.0,0.0,0.0,0.0,0.0,0.0,0.0,0.0,0.0,0.0,0.0,0.0,0.0,0.0,0.0,0.0,-2.004,0.0,-0.0,0.0,0.0,0.0,0.0,4740.0,0.0,7303.0,-0.0,-0.0,-107615360.0,0.0,0.0,0.0,0.0,0.0,77,-0.0,-0.0,0.0,0.0,0.0,0.0,0.0,0.0,0.0,0,0,0,0.0,0.0,0.0,0.0,0.0,0.0,0.0,0.0,0.0,0.0,0.0,0.0,0.0,0.0,0.0,0.0,0,-107875648.0,77,0.0,154,0.0,0.0,ERR,ERR,ERR,ERR,ERR,ERR,ERR,ERR,ERR,ERR,ERR,ERR,ERR,ERR,ERR,ERR,ERR,ERR,ERR,ERR,ERR,ERR,ERR,ERR,ERR,ERR,ERR,ERR,ERR,ERR,ERR,ERR,ERR,ERR,ERR,ERR,ERR,ERR,ERR,ERR,ERR,ERR,ERR,ERR,ERR,ERR,ERR,ERR,ERR,ERR,ERR,ERR,ERR,ERR,ERR,ERR,ERR,ERR,ERR,ERR,ERR,ERR,ERR,ERR,ERR,ERR,ERR,34.0,80.0,35,0.0,0.0,0.0,0.0,0.0,0.0,0.0,0.0,0.0,0.0,0.0,0.0,0.0,0.0,0.0,0.0,66.0,0,120,58,54,65476,0,300,0,0,8,20529,65476,0,0,57672,80.0,0.0,0.0,0.0,0.0,0.0
2026-06-18T02:17:43,ERR,ERR,ERR,ERR,ERR,ERR,ERR,ERR,ERR,ERR,ERR,ERR,ERR,ERR,ERR,ERR,ERR,ERR,ERR,ERR,ERR,ERR,ERR,ERR,ERR,ERR,ERR,ERR,ERR,ERR,ERR,ERR,ERR,ERR,ERR,ERR,ERR,ERR,ERR,ERR,ERR,ERR,ERR,ERR,ERR,ERR,ERR,ERR,ERR,ERR,ERR,ERR,ERR,ERR,ERR,ERR,ERR,ERR,ERR,ERR,ERR,ERR,ERR,ERR,ERR,ERR,ERR,ERR,ERR,ERR,ERR,ERR,ERR,ERR,ERR,ERR,ERR,ERR,ERR,ERR,ERR,ERR,ERR,ERR,ERR,ERR,ERR,ERR,ERR,ERR,ERR,ERR,ERR,ERR,ERR,ERR,ERR,ERR,ERR,ERR,ERR,ERR,ERR,ERR,ERR,ERR,ERR,ERR,ERR,ERR,ERR,ERR,ERR,ERR,ERR,ERR,ERR,ERR,ERR,ERR,ERR,ERR,ERR,ERR,ERR,-0.0,-0.0,0.0,-107609184.0,2.012,1.3936040501711995e+18,7.805,-4.0828997592390904e+35,0,0,4,48901,6720,14723890282496.0,100,0.0,0.0,0.0,-107609184.0,0.0,0,0,0,0,0.0,0,0,0,0,0,0,0,0,0,0,0,0,0,0,0,0,0,0,0,0,0,0,0,0,0,0,0,0,0,0,0,0,0,26,51,50,76,65476,0,300,0,0,8,21553,0.0,-107605600.0,0.0,0.0,0.0,0.0,0.0,0.0,0.0,0.0,0.0,0.0,0.0,0.0,0.0,0.0,0.0,0.0,0.0,0.0,0.0,0.0,0.0,-2.004,0.0,-0.0,0.0,0.0,0.0,0.0,4738.0,0.0,7303.0,-0.0,-0.0,-107615360.0,0.0,0.0,0.0,0.0,0.0,77,-0.0,-0.0,0.0,0.0,0.0,0.0,0.0,0.0,0.0,0,0,0,0.0,0.0,0.0,0.0,0.0,0.0,0.0,0.0,0.0,0.0,0.0,0.0,0.0,0.0,0.0,0.0,0,-107875648.0,77,0.0,154,0.0,-0.0,ERR,ERR,ERR,ERR,ERR,ERR,ERR,ERR,ERR,ERR,ERR,ERR,ERR,ERR,ERR,ERR,ERR,ERR,ERR,ERR,ERR,ERR,ERR,ERR,ERR,ERR,ERR,ERR,ERR,ERR,ERR,ERR,ERR,ERR,ERR,ERR,ERR,ERR,ERR,ERR,ERR,ERR,ERR,ERR,ERR,ERR,ERR,ERR,ERR,ERR,ERR,ERR,ERR,ERR,ERR,ERR,ERR,ERR,ERR,ERR,ERR,ERR,ERR,ERR,ERR,ERR,ERR,34.0,80.0,35,0.0,0.0,0.0,0.0,0.0,0.0,0.0,0.0,0.0,0.0,0.0,0.0,0.0,0.0,0.0,0.0,66.0,0,120,58,54,65476,0,300,0,0,8,20529,65476,0,0,57672,80.0,0.0,0.0,0.0,0.0,0.0
2026-06-18T02:17:44,ERR,ERR,ERR,ERR,ERR,ERR,ERR,ERR,ERR,ERR,ERR,ERR,ERR,ERR,ERR,ERR,ERR,ERR,ERR,ERR,ERR,ERR,ERR,ERR,ERR,ERR,ERR,ERR,ERR,ERR,ERR,ERR,ERR,ERR,ERR,ERR,ERR,ERR,ERR,ERR,ERR,ERR,ERR,ERR,ERR,ERR,ERR,ERR,ERR,ERR,ERR,ERR,ERR,ERR,ERR,ERR,ERR,ERR,ERR,ERR,ERR,ERR,ERR,ERR,ERR,ERR,ERR,ERR,ERR,ERR,ERR,ERR,ERR,ERR,ERR,ERR,ERR,ERR,ERR,ERR,ERR,ERR,ERR,ERR,ERR,ERR,ERR,ERR,ERR,ERR,ERR,ERR,ERR,ERR,ERR,ERR,ERR,ERR,ERR,ERR,ERR,ERR,ERR,ERR,ERR,ERR,ERR,ERR,ERR,ERR,ERR,ERR,ERR,ERR,ERR,ERR,ERR,ERR,ERR,ERR,ERR,ERR,ERR,ERR,ERR,-0.0,-0.0,0.0,-107609184.0,2.012,1.3936040501711995e+18,7.805,-4.0828997592390904e+35,0,0,4,48901,6720,14723890282496.0,100,0.0,0.0,0.0,-107609184.0,0.0,0,0,0,0,0.0,0,0,0,0,0,0,0,0,0,0,0,0,0,0,0,0,0,0,0,0,0,0,0,0,0,0,0,0,0,0,0,0,0,26,51,50,76,65476,0,300,0,0,8,21553,0.0,-107605600.0,0.0,0.0,0.0,0.0,0.0,0.0,0.0,0.0,0.0,0.0,0.0,0.0,0.0,0.0,0.0,0.0,0.0,0.0,0.0,0.0,0.0,-2.004,0.0,-0.0,0.0,0.0,0.0,0.0,4738.0,0.0,7303.0,-0.0,-0.0,-107615360.0,0.0,0.0,0.0,0.0,0.0,77,-0.0,-0.0,0.0,0.0,0.0,0.0,0.0,0.0,0.0,0,0,0,0.0,0.0,0.0,0.0,0.0,0.0,0.0,0.0,0.0,0.0,0.0,0.0,0.0,0.0,0.0,0.0,0,-107875648.0,77,0.0,154,0.0,-0.0,ERR,ERR,ERR,ERR,ERR,ERR,ERR,ERR,ERR,ERR,ERR,ERR,ERR,ERR,ERR,ERR,ERR,ERR,ERR,ERR,ERR,ERR,ERR,ERR,ERR,ERR,ERR,ERR,ERR,ERR,ERR,ERR,ERR,ERR,ERR,ERR,ERR,ERR,ERR,ERR,ERR,ERR,ERR,ERR,ERR,ERR,ERR,ERR,ERR,ERR,ERR,ERR,ERR,ERR,ERR,ERR,ERR,ERR,ERR,ERR,ERR,ERR,ERR,ERR,ERR,ERR,ERR,34.0,80.0,35,0.0,0.0,0.0,0.0,0.0,0.0,0.0,0.0,0.0,0.0,0.0,0.0,0.0,0.0,0.0,0.0,66.4,0,120,58,54,65476,0,300,0,0,8,20529,65476,0,0,57672,80.0,0.0,0.0,0.0,0.0,0.0
2026-06-18T02:17:45,ERR,ERR,ERR,ERR,ERR,ERR,ERR,ERR,ERR,ERR,ERR,ERR,ERR,ERR,ERR,ERR,ERR,ERR,ERR,ERR,ERR,ERR,ERR,ERR,ERR,ERR,ERR,ERR,ERR,ERR,ERR,ERR,ERR,ERR,ERR,ERR,ERR,ERR,ERR,ERR,ERR,ERR,ERR,ERR,ERR,ERR,ERR,ERR,ERR,ERR,ERR,ERR,ERR,ERR,ERR,ERR,ERR,ERR,ERR,ERR,ERR,ERR,ERR,ERR,ERR,ERR,ERR,ERR,ERR,ERR,ERR,ERR,ERR,ERR,ERR,ERR,ERR,ERR,ERR,ERR,ERR,ERR,ERR,ERR,ERR,ERR,ERR,ERR,ERR,ERR,ERR,ERR,ERR,ERR,ERR,ERR,ERR,ERR,ERR,ERR,ERR,ERR,ERR,ERR,ERR,ERR,ERR,ERR,ERR,ERR,ERR,ERR,ERR,ERR,ERR,ERR,ERR,ERR,ERR,ERR,ERR,ERR,ERR,ERR,ERR,-0.0,-0.0,0.0,-107609184.0,2.012,1.3936040501711995e+18,7.805,-4.0828997592390904e+35,0,0,4,48901,6720,14723890282496.0,100,0.0,0.0,0.0,-107609184.0,0.0,0,0,0,0,0.0,0,0,0,0,0,0,0,0,0,0,0,0,0,0,0,0,0,0,0,0,0,0,0,0,0,0,0,0,0,0,0,0,0,26,51,50,76,65476,0,300,0,0,8,21553,0.0,-107605600.0,0.0,0.0,0.0,0.0,0.0,0.0,0.0,0.0,0.0,0.0,0.0,0.0,0.0,0.0,0.0,0.0,0.0,0.0,0.0,0.0,0.0,-2.004,0.0,-0.0,0.0,0.0,0.0,0.0,4738.0,0.0,7303.0,-0.0,-0.0,-107615360.0,0.0,0.0,0.0,0.0,0.0,77,-0.0,-0.0,0.0,0.0,0.0,0.0,0.0,0.0,0.0,0,0,0,0.0,0.0,0.0,0.0,0.0,0.0,0.0,0.0,0.0,0.0,0.0,0.0,0.0,0.0,0.0,0.0,0,-107875648.0,77,0.0,154,0.0,-0.0,ERR,ERR,ERR,ERR,ERR,ERR,ERR,ERR,ERR,ERR,ERR,ERR,ERR,ERR,ERR,ERR,ERR,ERR,ERR,ERR,ERR,ERR,ERR,ERR,ERR,ERR,ERR,ERR,ERR,ERR,ERR,ERR,ERR,ERR,ERR,ERR,ERR,ERR,ERR,ERR,ERR,ERR,ERR,ERR,ERR,ERR,ERR,ERR,ERR,ERR,ERR,ERR,ERR,ERR,ERR,ERR,ERR,ERR,ERR,ERR,ERR,ERR,ERR,ERR,ERR,ERR,ERR,34.0,80.0,35,0.0,0.0,0.0,0.0,0.0,0.0,0.0,0.0,0.0,0.0,0.0,0.0,0.0,0.0,0.0,0.0,66.4,0,120,58,54,65476,0,300,0,0,8,20529,65476,0,0,57672,80.0,0.0,0.0,0.0,0.0,0.0
2026-06-18T02:17:46,ERR,ERR,ERR,ERR,ERR,ERR,ERR,ERR,ERR,ERR,ERR,ERR,ERR,ERR,ERR,ERR,ERR,ERR,ERR,ERR,ERR,ERR,ERR,ERR,ERR,ERR,ERR,ERR,ERR,ERR,ERR,ERR,ERR,ERR,ERR,ERR,ERR,ERR,ERR,ERR,ERR,ERR,ERR,ERR,ERR,ERR,ERR,ERR,ERR,ERR,ERR,ERR,ERR,ERR,ERR,ERR,ERR,ERR,ERR,ERR,ERR,ERR,ERR,ERR,ERR,ERR,ERR,ERR,ERR,ERR,ERR,ERR,ERR,ERR,ERR,ERR,ERR,ERR,ERR,ERR,ERR,ERR,ERR,ERR,ERR,ERR,ERR,ERR,ERR,ERR,ERR,ERR,ERR,ERR,ERR,ERR,ERR,ERR,ERR,ERR,ERR,ERR,ERR,ERR,ERR,ERR,ERR,ERR,ERR,ERR,ERR,ERR,ERR,ERR,ERR,ERR,ERR,ERR,ERR,ERR,ERR,ERR,ERR,ERR,ERR,-0.0,-0.0,0.0,-107609184.0,2.012,1.3936040501711995e+18,7.805,-4.0828997592390904e+35,0,0,4,48901,6720,14723890282496.0,100,0.0,0.0,0.0,-107609184.0,0.0,0,0,0,0,0.0,0,0,0,0,0,0,0,0,0,0,0,0,0,0,0,0,0,0,0,0,0,0,0,0,0,0,0,0,0,0,0,0,0,26,51,50,76,65476,0,300,0,0,8,21553,0.0,-107605600.0,0.0,0.0,0.0,0.0,0.0,0.0,0.0,0.0,0.0,0.0,0.0,0.0,0.0,0.0,0.0,0.0,0.0,0.0,0.0,0.0,0.0,-2.004,0.0,-0.0,0.0,0.0,0.0,0.0,4738.0,0.0,7303.0,-0.0,-0.0,-107615360.0,0.0,0.0,0.0,0.0,0.0,77,-0.0,-0.0,0.0,0.0,0.0,0.0,0.0,0.0,0.0,0,0,0,0.0,0.0,0.0,0.0,0.0,0.0,0.0,0.0,0.0,0.0,0.0,0.0,0.0,0.0,0.0,0.0,0,-107875648.0,77,0.0,154,0.0,-0.0,ERR,ERR,ERR,ERR,ERR,ERR,ERR,ERR,ERR,ERR,ERR,ERR,ERR,ERR,ERR,ERR,ERR,ERR,ERR,ERR,ERR,ERR,ERR,ERR,ERR,ERR,ERR,ERR,ERR,ERR,ERR,ERR,ERR,ERR,ERR,ERR,ERR,ERR,ERR,ERR,ERR,ERR,ERR,ERR,ERR,ERR,ERR,ERR,ERR,ERR,ERR,ERR,ERR,ERR,ERR,ERR,ERR,ERR,ERR,ERR,ERR,ERR,ERR,ERR,ERR,ERR,ERR,34.0,80.0,35,0.0,0.0,0.0,0.0,0.0,0.0,0.0,0.0,0.0,0.0,0.0,0.0,0.0,0.0,0.0,0.0,66.0,0,120,58,54,65476,0,300,0,0,8,20529,65476,0,0,57672,80.0,0.0,0.0,0.0,0.0,0.0
2026-06-18T02:17:47,ERR,ERR,ERR,ERR,ERR,ERR,ERR,ERR,ERR,ERR,ERR,ERR,ERR,ERR,ERR,ERR,ERR,ERR,ERR,ERR,ERR,ERR,ERR,ERR,ERR,ERR,ERR,ERR,ERR,ERR,ERR,ERR,ERR,ERR,ERR,ERR,ERR,ERR,ERR,ERR,ERR,ERR,ERR,ERR,ERR,ERR,ERR,ERR,ERR,ERR,ERR,ERR,ERR,ERR,ERR,ERR,ERR,ERR,ERR,ERR,ERR,ERR,ERR,ERR,ERR,ERR,ERR,ERR,ERR,ERR,ERR,ERR,ERR,ERR,ERR,ERR,ERR,ERR,ERR,ERR,ERR,ERR,ERR,ERR,ERR,ERR,ERR,ERR,ERR,ERR,ERR,ERR,ERR,ERR,ERR,ERR,ERR,ERR,ERR,ERR,ERR,ERR,ERR,ERR,ERR,ERR,ERR,ERR,ERR,ERR,ERR,ERR,ERR,ERR,ERR,ERR,ERR,ERR,ERR,ERR,ERR,ERR,ERR,ERR,ERR,-0.0,-0.0,0.0,-107609184.0,2.012,1.3936040501711995e+18,7.805,-4.0828997592390904e+35,0,0,4,48901,6720,14723890282496.0,100,0.0,0.0,0.0,-107609184.0,0.0,0,0,0,0,0.0,0,0,0,0,0,0,0,0,0,0,0,0,0,0,0,0,0,0,0,0,0,0,0,0,0,0,0,0,0,0,0,0,0,26,51,50,76,65476,0,300,0,0,8,21553,0.0,-107605600.0,0.0,0.0,0.0,0.0,0.0,0.0,0.0,0.0,0.0,0.0,0.0,0.0,0.0,0.0,0.0,0.0,0.0,0.0,0.0,0.0,0.0,-2.004,0.0,-0.0,0.0,0.0,0.0,0.0,4738.0,0.0,7303.0,-0.0,-0.0,-107615360.0,0.0,0.0,0.0,0.0,0.0,77,-0.0,-0.0,0.0,0.0,0.0,0.0,0.0,0.0,0.0,0,0,0,0.0,0.0,0.0,0.0,0.0,0.0,0.0,0.0,0.0,0.0,0.0,0.0,0.0,0.0,0.0,0.0,0,-107875648.0,77,0.0,154,0.0,-0.0,ERR,ERR,ERR,ERR,ERR,ERR,ERR,ERR,ERR,ERR,ERR,ERR,ERR,ERR,ERR,ERR,ERR,ERR,ERR,ERR,ERR,ERR,ERR,ERR,ERR,ERR,ERR,ERR,ERR,ERR,ERR,ERR,ERR,ERR,ERR,ERR,ERR,ERR,ERR,ERR,ERR,ERR,ERR,ERR,ERR,ERR,ERR,ERR,ERR,ERR,ERR,ERR,ERR,ERR,ERR,ERR,ERR,ERR,ERR,ERR,ERR,ERR,ERR,ERR,ERR,ERR,ERR,34.0,80.0,35,0.0,0.0,0.0,0.0,0.0,0.0,0.0,0.0,0.0,0.0,0.0,0.0,0.0,0.0,0.0,0.0,66.0,0,120,58,54,65476,0,300,0,0,8,20529,65476,0,0,57672,80.0,0.0,0.0,0.0,0.0,0.0
2026-06-18T02:17:48,ERR,ERR,ERR,ERR,ERR,ERR,ERR,ERR,ERR,ERR,ERR,ERR,ERR,ERR,ERR,ERR,ERR,ERR,ERR,ERR,ERR,ERR,ERR,ERR,ERR,ERR,ERR,ERR,ERR,ERR,ERR,ERR,ERR,ERR,ERR,ERR,ERR,ERR,ERR,ERR,ERR,ERR,ERR,ERR,ERR,ERR,ERR,ERR,ERR,ERR,ERR,ERR,ERR,ERR,ERR,ERR,ERR,ERR,ERR,ERR,ERR,ERR,ERR,ERR,ERR,ERR,ERR,ERR,ERR,ERR,ERR,ERR,ERR,ERR,ERR,ERR,ERR,ERR,ERR,ERR,ERR,ERR,ERR,ERR,ERR,ERR,ERR,ERR,ERR,ERR,ERR,ERR,ERR,ERR,ERR,ERR,ERR,ERR,ERR,ERR,ERR,ERR,ERR,ERR,ERR,ERR,ERR,ERR,ERR,ERR,ERR,ERR,ERR,ERR,ERR,ERR,ERR,ERR,ERR,ERR,ERR,ERR,ERR,ERR,ERR,-0.0,-0.0,0.0,-0.0,2.012,1.3936040501711995e+18,7.805,-1.8245132555090963e+22,0,0,4,48904,6720,14723890282496.0,100,0.0,0.0,0.0,-152005385388032.0,0.0,0,0,0,0,0.0,0,0,0,0,0,0,0,0,0,0,0,0,0,0,0,0,0,0,0,0,0,0,0,0,0,0,0,0,0,0,0,0,0,26,51,50,76,65476,0,300,0,0,8,21553,0.0,-107605600.0,0.0,0.0,0.0,0.0,0.0,0.0,0.0,0.0,0.0,0.0,0.0,0.0,0.0,0.0,0.0,0.0,0.0,0.0,0.0,0.0,0.0,-2.004,0.0,-0.0,0.0,0.0,0.0,0.0,4740.0,0.0,7302.0,-0.0,-0.0,-107615360.0,0.0,0.0,0.0,0.0,0.0,77,-0.0,-0.0,0.0,0.0,0.0,0.0,0.0,0.0,0.0,0,0,0,0.0,0.0,0.0,0.0,0.0,0.0,0.0,0.0,0.0,0.0,0.0,0.0,0.0,0.0,0.0,0.0,0,-107875648.0,77,0.0,154,0.0,-0.0,ERR,ERR,ERR,ERR,ERR,ERR,ERR,ERR,ERR,ERR,ERR,ERR,ERR,ERR,ERR,ERR,ERR,ERR,ERR,ERR,ERR,ERR,ERR,ERR,ERR,ERR,ERR,ERR,ERR,ERR,ERR,ERR,ERR,ERR,ERR,ERR,ERR,ERR,ERR,ERR,ERR,ERR,ERR,ERR,ERR,ERR,ERR,ERR,ERR,ERR,ERR,ERR,ERR,ERR,ERR,ERR,ERR,ERR,ERR,ERR,ERR,ERR,ERR,ERR,ERR,ERR,ERR,34.0,80.0,35,0.0,0.0,0.0,0.0,0.0,0.0,0.0,0.0,0.0,0.0,0.0,0.0,0.0,0.0,0.0,0.0,66.0,0,120,58,54,65476,0,300,0,0,8,20529,65476,0,0,57672,80.0,0.0,0.0,0.0,0.0,0.0
2026-06-18T02:17:49,ERR,ERR,ERR,ERR,ERR,ERR,ERR,ERR,ERR,ERR,ERR,ERR,ERR,ERR,ERR,ERR,ERR,ERR,ERR,ERR,ERR,ERR,ERR,ERR,ERR,ERR,ERR,ERR,ERR,ERR,ERR,ERR,ERR,ERR,ERR,ERR,ERR,ERR,ERR,ERR,ERR,ERR,ERR,ERR,ERR,ERR,ERR,ERR,ERR,ERR,ERR,ERR,ERR,ERR,ERR,ERR,ERR,ERR,ERR,ERR,ERR,ERR,ERR,ERR,ERR,ERR,ERR,ERR,ERR,ERR,ERR,ERR,ERR,ERR,ERR,ERR,ERR,ERR,ERR,ERR,ERR,ERR,ERR,ERR,ERR,ERR,ERR,ERR,ERR,ERR,ERR,ERR,ERR,ERR,ERR,ERR,ERR,ERR,ERR,ERR,ERR,ERR,ERR,ERR,ERR,ERR,ERR,ERR,ERR,ERR,ERR,ERR,ERR,ERR,ERR,ERR,ERR,ERR,ERR,ERR,ERR,ERR,ERR,ERR,ERR,-0.0,-0.0,0.0,-0.0,2.012,1.3936040501711995e+18,7.805,-1.8245132555090963e+22,0,0,4,48904,6720,14723890282496.0,100,0.0,0.0,0.0,-152005385388032.0,0.0,0,0,0,0,0.0,0,0,0,0,0,0,0,0,0,0,0,0,0,0,0,0,0,0,0,0,0,0,0,0,0,0,0,0,0,0,0,0,0,26,51,50,76,65476,0,300,0,0,8,21553,0.0,-107605600.0,0.0,0.0,0.0,0.0,0.0,0.0,0.0,0.0,0.0,0.0,0.0,0.0,0.0,0.0,0.0,0.0,0.0,0.0,0.0,0.0,0.0,-2.004,0.0,-0.0,0.0,0.0,0.0,0.0,4740.0,0.0,7302.0,-0.0,-0.0,-107615360.0,0.0,0.0,0.0,0.0,0.0,77,-0.0,-0.0,0.0,0.0,0.0,0.0,0.0,0.0,0.0,0,0,0,0.0,0.0,0.0,0.0,0.0,0.0,0.0,0.0,0.0,0.0,0.0,0.0,0.0,0.0,0.0,0.0,0,-107875648.0,77,0.0,154,0.0,-0.0,ERR,ERR,ERR,ERR,ERR,ERR,ERR,ERR,ERR,ERR,ERR,ERR,ERR,ERR,ERR,ERR,ERR,ERR,ERR,ERR,ERR,ERR,ERR,ERR,ERR,ERR,ERR,ERR,ERR,ERR,ERR,ERR,ERR,ERR,ERR,ERR,ERR,ERR,ERR,ERR,ERR,ERR,ERR,ERR,ERR,ERR,ERR,ERR,ERR,ERR,ERR,ERR,ERR,ERR,ERR,ERR,ERR,ERR,ERR,ERR,ERR,ERR,ERR,ERR,ERR,ERR,ERR,34.0,80.0,35,0.0,0.0,0.0,0.0,0.0,0.0,0.0,0.0,0.0,0.0,0.0,0.0,0.0,0.0,0.0,0.0,66.0,0,120,58,54,65476,0,300,0,0,8,20529,65476,0,0,57672,80.0,0.0,0.0,0.0,0.0,0.0
2026-06-18T02:17:50,ERR,ERR,ERR,ERR,ERR,ERR,ERR,ERR,ERR,ERR,ERR,ERR,ERR,ERR,ERR,ERR,ERR,ERR,ERR,ERR,ERR,ERR,ERR,ERR,ERR,ERR,ERR,ERR,ERR,ERR,ERR,ERR,ERR,ERR,ERR,ERR,ERR,ERR,ERR,ERR,ERR,ERR,ERR,ERR,ERR,ERR,ERR,ERR,ERR,ERR,ERR,ERR,ERR,ERR,ERR,ERR,ERR,ERR,ERR,ERR,ERR,ERR,ERR,ERR,ERR,ERR,ERR,ERR,ERR,ERR,ERR,ERR,ERR,ERR,ERR,ERR,ERR,ERR,ERR,ERR,ERR,ERR,ERR,ERR,ERR,ERR,ERR,ERR,ERR,ERR,ERR,ERR,ERR,ERR,ERR,ERR,ERR,ERR,ERR,ERR,ERR,ERR,ERR,ERR,ERR,ERR,ERR,ERR,ERR,ERR,ERR,ERR,ERR,ERR,ERR,ERR,ERR,ERR,ERR,ERR,ERR,ERR,ERR,ERR,ERR,-0.0,-0.0,0.0,-0.0,2.012,1.3936040501711995e+18,7.805,-1.8245132555090963e+22,0,0,4,48904,6720,14723890282496.0,100,0.0,0.0,0.0,-152005385388032.0,0.0,0,0,0,0,0.0,0,0,0,0,0,0,0,0,0,0,0,0,0,0,0,0,0,0,0,0,0,0,0,0,0,0,0,0,0,0,0,0,0,26,51,50,76,65476,0,300,0,0,8,21553,0.0,-107605600.0,0.0,0.0,0.0,0.0,0.0,0.0,0.0,0.0,0.0,0.0,0.0,0.0,0.0,0.0,0.0,0.0,0.0,0.0,0.0,0.0,0.0,-2.004,0.0,-0.0,0.0,0.0,0.0,0.0,4740.0,0.0,7302.0,-0.0,-0.0,-107615360.0,0.0,0.0,0.0,0.0,0.0,77,-0.0,-0.0,0.0,0.0,0.0,0.0,0.0,0.0,0.0,0,0,0,0.0,0.0,0.0,0.0,0.0,0.0,0.0,0.0,0.0,0.0,0.0,0.0,0.0,0.0,0.0,0.0,0,-107875648.0,77,0.0,154,0.0,-0.0,ERR,ERR,ERR,ERR,ERR,ERR,ERR,ERR,ERR,ERR,ERR,ERR,ERR,ERR,ERR,ERR,ERR,ERR,ERR,ERR,ERR,ERR,ERR,ERR,ERR,ERR,ERR,ERR,ERR,ERR,ERR,ERR,ERR,ERR,ERR,ERR,ERR,ERR,ERR,ERR,ERR,ERR,ERR,ERR,ERR,ERR,ERR,ERR,ERR,ERR,ERR,ERR,ERR,ERR,ERR,ERR,ERR,ERR,ERR,ERR,ERR,ERR,ERR,ERR,ERR,ERR,ERR,34.0,80.0,35,0.0,0.0,0.0,0.0,0.0,0.0,0.0,0.0,0.0,0.0,0.0,0.0,0.0,0.0,0.0,0.0,66.4,0,120,58,54,65476,0,300,0,0,8,20529,65476,0,0,57672,80.0,0.0,0.0,0.0,0.0,0.0
2026-06-18T02:17:51,ERR,ERR,ERR,ERR,ERR,ERR,ERR,ERR,ERR,ERR,ERR,ERR,ERR,ERR,ERR,ERR,ERR,ERR,ERR,ERR,ERR,ERR,ERR,ERR,ERR,ERR,ERR,ERR,ERR,ERR,ERR,ERR,ERR,ERR,ERR,ERR,ERR,ERR,ERR,ERR,ERR,ERR,ERR,ERR,ERR,ERR,ERR,ERR,ERR,ERR,ERR,ERR,ERR,ERR,ERR,ERR,ERR,ERR,ERR,ERR,ERR,ERR,ERR,ERR,ERR,ERR,ERR,ERR,ERR,ERR,ERR,ERR,ERR,ERR,ERR,ERR,ERR,ERR,ERR,ERR,ERR,ERR,ERR,ERR,ERR,ERR,ERR,ERR,ERR,ERR,ERR,ERR,ERR,ERR,ERR,ERR,ERR,ERR,ERR,ERR,ERR,ERR,ERR,ERR,ERR,ERR,ERR,ERR,ERR,ERR,ERR,ERR,ERR,ERR,ERR,ERR,ERR,ERR,ERR,ERR,ERR,ERR,ERR,ERR,ERR,-0.0,-0.0,0.0,-0.0,2.012,1.3936040501711995e+18,7.805,-1.8245132555090963e+22,0,0,4,48904,6720,14723890282496.0,100,0.0,0.0,0.0,-152005385388032.0,0.0,0,0,0,0,0.0,0,0,0,0,0,0,0,0,0,0,0,0,0,0,0,0,0,0,0,0,0,0,0,0,0,0,0,0,0,0,0,0,0,26,51,50,76,65476,0,300,0,0,8,21553,0.0,-107605600.0,0.0,0.0,0.0,0.0,0.0,0.0,0.0,0.0,0.0,0.0,0.0,0.0,0.0,0.0,0.0,0.0,0.0,0.0,0.0,0.0,0.0,-2.004,0.0,-0.0,0.0,0.0,0.0,0.0,4740.0,0.0,7302.0,-0.0,-0.0,-107615360.0,0.0,0.0,0.0,0.0,0.0,77,-0.0,-0.0,0.0,0.0,0.0,0.0,0.0,0.0,0.0,0,0,0,0.0,0.0,0.0,0.0,0.0,0.0,0.0,0.0,0.0,0.0,0.0,0.0,0.0,0.0,0.0,0.0,0,-107875648.0,77,0.0,154,0.0,-0.0,ERR,ERR,ERR,ERR,ERR,ERR,ERR,ERR,ERR,ERR,ERR,ERR,ERR,ERR,ERR,ERR,ERR,ERR,ERR,ERR,ERR,ERR,ERR,ERR,ERR,ERR,ERR,ERR,ERR,ERR,ERR,ERR,ERR,ERR,ERR,ERR,ERR,ERR,ERR,ERR,ERR,ERR,ERR,ERR,ERR,ERR,ERR,ERR,ERR,ERR,ERR,ERR,ERR,ERR,ERR,ERR,ERR,ERR,ERR,ERR,ERR,ERR,ERR,ERR,ERR,ERR,ERR,34.0,80.0,35,0.0,0.0,0.0,0.0,0.0,0.0,0.0,0.0,0.0,0.0,0.0,0.0,0.0,0.0,0.0,0.0,66.4,0,120,58,54,65476,0,300,0,0,8,20529,65476,0,0,57672,80.0,0.0,0.0,0.0,0.0,0.0
2026-06-18T02:17:52,ERR,ERR,ERR,ERR,ERR,ERR,ERR,ERR,ERR,ERR,ERR,ERR,ERR,ERR,ERR,ERR,ERR,ERR,ERR,ERR,ERR,ERR,ERR,ERR,ERR,ERR,ERR,ERR,ERR,ERR,ERR,ERR,ERR,ERR,ERR,ERR,ERR,ERR,ERR,ERR,ERR,ERR,ERR,ERR,ERR,ERR,ERR,ERR,ERR,ERR,ERR,ERR,ERR,ERR,ERR,ERR,ERR,ERR,ERR,ERR,ERR,ERR,ERR,ERR,ERR,ERR,ERR,ERR,ERR,ERR,ERR,ERR,ERR,ERR,ERR,ERR,ERR,ERR,ERR,ERR,ERR,ERR,ERR,ERR,ERR,ERR,ERR,ERR,ERR,ERR,ERR,ERR,ERR,ERR,ERR,ERR,ERR,ERR,ERR,ERR,ERR,ERR,ERR,ERR,ERR,ERR,ERR,ERR,ERR,ERR,ERR,ERR,ERR,ERR,ERR,ERR,ERR,ERR,ERR,ERR,ERR,ERR,ERR,ERR,ERR,-0.0,-0.0,0.0,-0.0,2.012,1.3936040501711995e+18,7.805,-1.8245132555090963e+22,0,0,4,48904,6720,14723890282496.0,100,0.0,0.0,0.0,-152005385388032.0,0.0,0,0,0,0,0.0,0,0,0,0,0,0,0,0,0,0,0,0,0,0,0,0,0,0,0,0,0,0,0,0,0,0,0,0,0,0,0,0,0,26,51,50,76,65476,0,300,0,0,8,21553,0.0,-107605600.0,0.0,0.0,0.0,0.0,0.0,0.0,0.0,0.0,0.0,0.0,0.0,0.0,0.0,0.0,0.0,0.0,0.0,0.0,0.0,0.0,0.0,-2.004,0.0,-0.0,0.0,0.0,0.0,0.0,4740.0,0.0,7302.0,-0.0,-0.0,-107615360.0,0.0,0.0,0.0,0.0,0.0,77,-0.0,-0.0,0.0,0.0,0.0,0.0,0.0,0.0,0.0,0,0,0,0.0,0.0,0.0,0.0,0.0,0.0,0.0,0.0,0.0,0.0,0.0,0.0,0.0,0.0,0.0,0.0,0,-107875648.0,77,0.0,154,0.0,-0.0,ERR,ERR,ERR,ERR,ERR,ERR,ERR,ERR,ERR,ERR,ERR,ERR,ERR,ERR,ERR,ERR,ERR,ERR,ERR,ERR,ERR,ERR,ERR,ERR,ERR,ERR,ERR,ERR,ERR,ERR,ERR,ERR,ERR,ERR,ERR,ERR,ERR,ERR,ERR,ERR,ERR,ERR,ERR,ERR,ERR,ERR,ERR,ERR,ERR,ERR,ERR,ERR,ERR,ERR,ERR,ERR,ERR,ERR,ERR,ERR,ERR,ERR,ERR,ERR,ERR,ERR,ERR,34.0,80.0,35,0.0,0.0,0.0,0.0,0.0,0.0,0.0,0.0,0.0,0.0,0.0,0.0,0.0,0.0,0.0,0.0,66.0,0,120,58,54,65476,0,300,0,0,8,20529,65476,0,0,57672,80.0,0.0,0.0,0.0,0.0,0.0
2026-06-18T02:17:53,ERR,ERR,ERR,ERR,ERR,ERR,ERR,ERR,ERR,ERR,ERR,ERR,ERR,ERR,ERR,ERR,ERR,ERR,ERR,ERR,ERR,ERR,ERR,ERR,ERR,ERR,ERR,ERR,ERR,ERR,ERR,ERR,ERR,ERR,ERR,ERR,ERR,ERR,ERR,ERR,ERR,ERR,ERR,ERR,ERR,ERR,ERR,ERR,ERR,ERR,ERR,ERR,ERR,ERR,ERR,ERR,ERR,ERR,ERR,ERR,ERR,ERR,ERR,ERR,ERR,ERR,ERR,ERR,ERR,ERR,ERR,ERR,ERR,ERR,ERR,ERR,ERR,ERR,ERR,ERR,ERR,ERR,ERR,ERR,ERR,ERR,ERR,ERR,ERR,ERR,ERR,ERR,ERR,ERR,ERR,ERR,ERR,ERR,ERR,ERR,ERR,ERR,ERR,ERR,ERR,ERR,ERR,ERR,ERR,ERR,ERR,ERR,ERR,ERR,ERR,ERR,ERR,ERR,ERR,ERR,ERR,ERR,ERR,ERR,ERR,-0.0,-0.0,0.0,-0.0,0.0,1.3936040501711995e+18,7.805,-0.0,0,0,4,48904,6720,14723890282496.0,100,0.0,0.0,0.0,-4.9501291711397626e+32,0.0,0,0,0,0,0.0,0,0,0,0,0,0,0,0,0,0,0,0,0,0,0,0,0,0,0,0,0,0,0,0,0,0,0,0,0,0,0,0,0,26,51,50,76,65476,0,300,0,0,8,21553,0.0,-107605600.0,0.0,0.0,0.0,0.0,0.0,0.0,0.0,0.0,0.0,0.0,0.0,0.0,0.0,0.0,0.0,0.0,0.0,0.0,0.0,0.0,0.0,-2.004,0.0,-0.0,0.0,0.0,0.0,0.0,4740.0,564145296506880.0,7307.0,-0.0,-0.0,-107615360.0,0.0,0.0,0.0,0.0,0.0,77,-0.0,-2.3088261162012456e+20,0.0,0.0,0.0,0.0,0.0,0.0,0.0,0,0,0,0.0,0.0,0.0,0.0,0.0,0.0,0.0,0.0,0.0,0.0,0.0,0.0,0.0,0.0,0.0,0.0,0,-107875648.0,77,0.0,154,0.0,-0.0,ERR,ERR,ERR,ERR,ERR,ERR,ERR,ERR,ERR,ERR,ERR,ERR,ERR,ERR,ERR,ERR,ERR,ERR,ERR,ERR,ERR,ERR,ERR,ERR,ERR,ERR,ERR,ERR,ERR,ERR,ERR,ERR,ERR,ERR,ERR,ERR,ERR,ERR,ERR,ERR,ERR,ERR,ERR,ERR,ERR,ERR,ERR,ERR,ERR,ERR,ERR,ERR,ERR,ERR,ERR,ERR,ERR,ERR,ERR,ERR,ERR,ERR,ERR,ERR,ERR,ERR,ERR,34.0,80.0,35,0.0,0.0,0.0,0.0,0.0,0.0,0.0,0.0,0.0,0.0,0.0,0.0,0.0,0.0,0.0,0.0,66.0,0,120,58,54,65476,0,300,0,0,8,20529,65476,0,0,57672,80.0,0.0,0.0,0.0,0.0,0.0
2026-06-18T02:17:54,ERR,ERR,ERR,ERR,ERR,ERR,ERR,ERR,ERR,ERR,ERR,ERR,ERR,ERR,ERR,ERR,ERR,ERR,ERR,ERR,ERR,ERR,ERR,ERR,ERR,ERR,ERR,ERR,ERR,ERR,ERR,ERR,ERR,ERR,ERR,ERR,ERR,ERR,ERR,ERR,ERR,ERR,ERR,ERR,ERR,ERR,ERR,ERR,ERR,ERR,ERR,ERR,ERR,ERR,ERR,ERR,ERR,ERR,ERR,ERR,ERR,ERR,ERR,ERR,ERR,ERR,ERR,ERR,ERR,ERR,ERR,ERR,ERR,ERR,ERR,ERR,ERR,ERR,ERR,ERR,ERR,ERR,ERR,ERR,ERR,ERR,ERR,ERR,ERR,ERR,ERR,ERR,ERR,ERR,ERR,ERR,ERR,ERR,ERR,ERR,ERR,ERR,ERR,ERR,ERR,ERR,ERR,ERR,ERR,ERR,ERR,ERR,ERR,ERR,ERR,ERR,ERR,ERR,ERR,ERR,ERR,ERR,ERR,ERR,ERR,-0.0,-0.0,0.0,-0.0,0.0,1.3936040501711995e+18,7.805,-0.0,0,0,4,48904,6720,14723890282496.0,100,0.0,0.0,0.0,-4.9501291711397626e+32,0.0,0,0,0,0,0.0,0,0,0,0,0,0,0,0,0,0,0,0,0,0,0,0,0,0,0,0,0,0,0,0,0,0,0,0,0,0,0,0,0,26,51,50,76,65476,0,300,0,0,8,21553,0.0,-107605600.0,0.0,0.0,0.0,0.0,0.0,0.0,0.0,0.0,0.0,0.0,0.0,0.0,0.0,0.0,0.0,0.0,0.0,0.0,0.0,0.0,0.0,-2.004,0.0,-0.0,0.0,0.0,0.0,0.0,4740.0,564145296506880.0,7307.0,-0.0,-0.0,-107615360.0,0.0,0.0,0.0,0.0,0.0,77,-0.0,-2.3088261162012456e+20,0.0,0.0,0.0,0.0,0.0,0.0,0.0,0,0,0,0.0,0.0,0.0,0.0,0.0,0.0,0.0,0.0,0.0,0.0,0.0,0.0,0.0,0.0,0.0,0.0,0,-107875648.0,77,0.0,154,0.0,-0.0,ERR,ERR,ERR,ERR,ERR,ERR,ERR,ERR,ERR,ERR,ERR,ERR,ERR,ERR,ERR,ERR,ERR,ERR,ERR,ERR,ERR,ERR,ERR,ERR,ERR,ERR,ERR,ERR,ERR,ERR,ERR,ERR,ERR,ERR,ERR,ERR,ERR,ERR,ERR,ERR,ERR,ERR,ERR,ERR,ERR,ERR,ERR,ERR,ERR,ERR,ERR,ERR,ERR,ERR,ERR,ERR,ERR,ERR,ERR,ERR,ERR,ERR,ERR,ERR,ERR,ERR,ERR,34.0,80.0,35,0.0,0.0,0.0,0.0,0.0,0.0,0.0,0.0,0.0,0.0,0.0,0.0,0.0,0.0,0.0,0.0,66.0,0,120,58,54,65476,0,300,0,0,8,20529,65476,0,0,57672,80.0,0.0,0.0,0.0,0.0,0.0
2026-06-18T02:17:55,ERR,ERR,ERR,ERR,ERR,ERR,ERR,ERR,ERR,ERR,ERR,ERR,ERR,ERR,ERR,ERR,ERR,ERR,ERR,ERR,ERR,ERR,ERR,ERR,ERR,ERR,ERR,ERR,ERR,ERR,ERR,ERR,ERR,ERR,ERR,ERR,ERR,ERR,ERR,ERR,ERR,ERR,ERR,ERR,ERR,ERR,ERR,ERR,ERR,ERR,ERR,ERR,ERR,ERR,ERR,ERR,ERR,ERR,ERR,ERR,ERR,ERR,ERR,ERR,ERR,ERR,ERR,ERR,ERR,ERR,ERR,ERR,ERR,ERR,ERR,ERR,ERR,ERR,ERR,ERR,ERR,ERR,ERR,ERR,ERR,ERR,ERR,ERR,ERR,ERR,ERR,ERR,ERR,ERR,ERR,ERR,ERR,ERR,ERR,ERR,ERR,ERR,ERR,ERR,ERR,ERR,ERR,ERR,ERR,ERR,ERR,ERR,ERR,ERR,ERR,ERR,ERR,ERR,ERR,ERR,ERR,ERR,ERR,ERR,ERR,-0.0,-0.0,0.0,-0.0,0.0,1.3936040501711995e+18,7.805,-0.0,0,0,4,48904,6720,14723890282496.0,100,0.0,0.0,0.0,-4.9501291711397626e+32,0.0,0,0,0,0,0.0,0,0,0,0,0,0,0,0,0,0,0,0,0,0,0,0,0,0,0,0,0,0,0,0,0,0,0,0,0,0,0,0,0,26,51,50,76,65476,0,300,0,0,8,21553,0.0,-107605600.0,0.0,0.0,0.0,0.0,0.0,0.0,0.0,0.0,0.0,0.0,0.0,0.0,0.0,0.0,0.0,0.0,0.0,0.0,0.0,0.0,0.0,-2.004,0.0,-0.0,0.0,0.0,0.0,0.0,4740.0,564145296506880.0,7307.0,-0.0,-0.0,-107615360.0,0.0,0.0,0.0,0.0,0.0,77,-0.0,-2.3088261162012456e+20,0.0,0.0,0.0,0.0,0.0,0.0,0.0,0,0,0,0.0,0.0,0.0,0.0,0.0,0.0,0.0,0.0,0.0,0.0,0.0,0.0,0.0,0.0,0.0,0.0,0,-107875648.0,77,0.0,154,0.0,-0.0,ERR,ERR,ERR,ERR,ERR,ERR,ERR,ERR,ERR,ERR,ERR,ERR,ERR,ERR,ERR,ERR,ERR,ERR,ERR,ERR,ERR,ERR,ERR,ERR,ERR,ERR,ERR,ERR,ERR,ERR,ERR,ERR,ERR,ERR,ERR,ERR,ERR,ERR,ERR,ERR,ERR,ERR,ERR,ERR,ERR,ERR,ERR,ERR,ERR,ERR,ERR,ERR,ERR,ERR,ERR,ERR,ERR,ERR,ERR,ERR,ERR,ERR,ERR,ERR,ERR,ERR,ERR,34.0,80.0,35,0.0,0.0,0.0,0.0,0.0,0.0,0.0,0.0,0.0,0.0,0.0,0.0,0.0,0.0,0.0,0.0,66.0,0,120,58,54,65476,0,300,0,0,8,20529,65476,0,0,57672,80.0,0.0,0.0,0.0,0.0,0.0
2026-06-18T02:17:56,ERR,ERR,ERR,ERR,ERR,ERR,ERR,ERR,ERR,ERR,ERR,ERR,ERR,ERR,ERR,ERR,ERR,ERR,ERR,ERR,ERR,ERR,ERR,ERR,ERR,ERR,ERR,ERR,ERR,ERR,ERR,ERR,ERR,ERR,ERR,ERR,ERR,ERR,ERR,ERR,ERR,ERR,ERR,ERR,ERR,ERR,ERR,ERR,ERR,ERR,ERR,ERR,ERR,ERR,ERR,ERR,ERR,ERR,ERR,ERR,ERR,ERR,ERR,ERR,ERR,ERR,ERR,ERR,ERR,ERR,ERR,ERR,ERR,ERR,ERR,ERR,ERR,ERR,ERR,ERR,ERR,ERR,ERR,ERR,ERR,ERR,ERR,ERR,ERR,ERR,ERR,ERR,ERR,ERR,ERR,ERR,ERR,ERR,ERR,ERR,ERR,ERR,ERR,ERR,ERR,ERR,ERR,ERR,ERR,ERR,ERR,ERR,ERR,ERR,ERR,ERR,ERR,ERR,ERR,ERR,ERR,ERR,ERR,ERR,ERR,-0.0,-0.0,0.0,-0.0,0.0,1.3936040501711995e+18,7.805,-0.0,0,0,4,48904,6720,14723890282496.0,100,0.0,0.0,0.0,-4.9501291711397626e+32,0.0,0,0,0,0,0.0,0,0,0,0,0,0,0,0,0,0,0,0,0,0,0,0,0,0,0,0,0,0,0,0,0,0,0,0,0,0,0,0,0,26,51,50,76,65476,0,300,0,0,8,21553,0.0,-107605600.0,0.0,0.0,0.0,0.0,0.0,0.0,0.0,0.0,0.0,0.0,0.0,0.0,0.0,0.0,0.0,0.0,0.0,0.0,0.0,0.0,0.0,-2.004,0.0,-0.0,0.0,0.0,0.0,0.0,4740.0,564145296506880.0,7307.0,-0.0,-0.0,-107615360.0,0.0,0.0,0.0,0.0,0.0,77,-0.0,-2.3088261162012456e+20,0.0,0.0,0.0,0.0,0.0,0.0,0.0,0,0,0,0.0,0.0,0.0,0.0,0.0,0.0,0.0,0.0,0.0,0.0,0.0,0.0,0.0,0.0,0.0,0.0,0,-107875648.0,77,0.0,154,0.0,-0.0,ERR,ERR,ERR,ERR,ERR,ERR,ERR,ERR,ERR,ERR,ERR,ERR,ERR,ERR,ERR,ERR,ERR,ERR,ERR,ERR,ERR,ERR,ERR,ERR,ERR,ERR,ERR,ERR,ERR,ERR,ERR,ERR,ERR,ERR,ERR,ERR,ERR,ERR,ERR,ERR,ERR,ERR,ERR,ERR,ERR,ERR,ERR,ERR,ERR,ERR,ERR,ERR,ERR,ERR,ERR,ERR,ERR,ERR,ERR,ERR,ERR,ERR,ERR,ERR,ERR,ERR,ERR,34.0,80.0,35,0.0,0.0,0.0,0.0,0.0,0.0,0.0,0.0,0.0,0.0,0.0,0.0,0.0,0.0,0.0,0.0,66.0,0,120,58,54,65476,0,300,0,0,8,20529,65476,0,0,57672,80.0,0.0,0.0,0.0,0.0,0.0
2026-06-18T02:17:57,ERR,ERR,ERR,ERR,ERR,ERR,ERR,ERR,ERR,ERR,ERR,ERR,ERR,ERR,ERR,ERR,ERR,ERR,ERR,ERR,ERR,ERR,ERR,ERR,ERR,ERR,ERR,ERR,ERR,ERR,ERR,ERR,ERR,ERR,ERR,ERR,ERR,ERR,ERR,ERR,ERR,ERR,ERR,ERR,ERR,ERR,ERR,ERR,ERR,ERR,ERR,ERR,ERR,ERR,ERR,ERR,ERR,ERR,ERR,ERR,ERR,ERR,ERR,ERR,ERR,ERR,ERR,ERR,ERR,ERR,ERR,ERR,ERR,ERR,ERR,ERR,ERR,ERR,ERR,ERR,ERR,ERR,ERR,ERR,ERR,ERR,ERR,ERR,ERR,ERR,ERR,ERR,ERR,ERR,ERR,ERR,ERR,ERR,ERR,ERR,ERR,ERR,ERR,ERR,ERR,ERR,ERR,ERR,ERR,ERR,ERR,ERR,ERR,ERR,ERR,ERR,ERR,ERR,ERR,ERR,ERR,ERR,ERR,ERR,ERR,-0.0,-0.0,0.0,-0.0,0.0,1.3936040501711995e+18,7.805,-0.0,0,0,4,48904,6720,14723890282496.0,100,0.0,0.0,0.0,-4.9501291711397626e+32,0.0,0,0,0,0,0.0,0,0,0,0,0,0,0,0,0,0,0,0,0,0,0,0,0,0,0,0,0,0,0,0,0,0,0,0,0,0,0,0,0,26,51,50,76,65476,0,300,0,0,8,21553,0.0,-107605600.0,0.0,0.0,0.0,0.0,0.0,0.0,0.0,0.0,0.0,0.0,0.0,0.0,0.0,0.0,0.0,0.0,0.0,0.0,0.0,0.0,0.0,-2.004,0.0,-0.0,0.0,0.0,0.0,0.0,4740.0,564145296506880.0,7307.0,-0.0,-0.0,-107615360.0,0.0,0.0,0.0,0.0,0.0,77,-0.0,-2.3088261162012456e+20,0.0,0.0,0.0,0.0,0.0,0.0,0.0,0,0,0,0.0,0.0,0.0,0.0,0.0,0.0,0.0,0.0,0.0,0.0,0.0,0.0,0.0,0.0,0.0,0.0,0,-107875648.0,77,0.0,154,0.0,-0.0,ERR,ERR,ERR,ERR,ERR,ERR,ERR,ERR,ERR,ERR,ERR,ERR,ERR,ERR,ERR,ERR,ERR,ERR,ERR,ERR,ERR,ERR,ERR,ERR,ERR,ERR,ERR,ERR,ERR,ERR,ERR,ERR,ERR,ERR,ERR,ERR,ERR,ERR,ERR,ERR,ERR,ERR,ERR,ERR,ERR,ERR,ERR,ERR,ERR,ERR,ERR,ERR,ERR,ERR,ERR,ERR,ERR,ERR,ERR,ERR,ERR,ERR,ERR,ERR,ERR,ERR,ERR,34.0,80.0,35,0.0,0.0,0.0,0.0,0.0,0.0,0.0,0.0,0.0,0.0,0.0,0.0,0.0,0.0,0.0,0.0,66.0,0,120,58,54,65476,0,300,0,0,8,20529,65476,0,0,57672,80.0,0.0,0.0,0.0,0.0,0.0
2026-06-18T02:17:58,ERR,ERR,ERR,ERR,ERR,ERR,ERR,ERR,ERR,ERR,ERR,ERR,ERR,ERR,ERR,ERR,ERR,ERR,ERR,ERR,ERR,ERR,ERR,ERR,ERR,ERR,ERR,ERR,ERR,ERR,ERR,ERR,ERR,ERR,ERR,ERR,ERR,ERR,ERR,ERR,ERR,ERR,ERR,ERR,ERR,ERR,ERR,ERR,ERR,ERR,ERR,ERR,ERR,ERR,ERR,ERR,ERR,ERR,ERR,ERR,ERR,ERR,ERR,ERR,ERR,ERR,ERR,ERR,ERR,ERR,ERR,ERR,ERR,ERR,ERR,ERR,ERR,ERR,ERR,ERR,ERR,ERR,ERR,ERR,ERR,ERR,ERR,ERR,ERR,ERR,ERR,ERR,ERR,ERR,ERR,ERR,ERR,ERR,ERR,ERR,ERR,ERR,ERR,ERR,ERR,ERR,ERR,ERR,ERR,ERR,ERR,ERR,ERR,ERR,ERR,ERR,ERR,ERR,ERR,ERR,ERR,ERR,ERR,ERR,ERR,-0.0,-0.0,0.0,-0.0,0.0,1.3936040501711995e+18,7.805,-0.0,0,0,4,48906,6720,14723890282496.0,100,0.0,0.0,0.0,-0.0,0.0,0,0,0,0,0.0,0,0,0,0,0,0,0,0,0,0,0,0,0,0,0,0,0,0,0,0,0,0,0,0,0,0,0,0,0,0,0,0,0,26,51,50,76,65476,0,300,0,0,8,21553,0.0,-107605600.0,0.0,0.0,0.0,0.0,0.0,0.0,0.0,0.0,0.0,0.0,0.0,0.0,0.0,0.0,0.0,0.0,0.0,0.0,0.0,0.0,0.0,-2.004,0.0,-0.0,0.0,0.0,0.0,0.0,4767.0,564145296506880.0,7307.0,-0.0,-0.0,-107615360.0,0.0,0.0,0.0,0.0,0.0,77,-0.0,-152017095884800.0,0.0,0.0,0.0,0.0,0.0,0.0,0.0,0,0,0,0.0,0.0,0.0,0.0,0.0,0.0,0.0,0.0,0.0,0.0,0.0,0.0,0.0,0.0,0.0,0.0,0,-107875648.0,77,0.0,154,0.0,-0.0,ERR,ERR,ERR,ERR,ERR,ERR,ERR,ERR,ERR,ERR,ERR,ERR,ERR,ERR,ERR,ERR,ERR,ERR,ERR,ERR,ERR,ERR,ERR,ERR,ERR,ERR,ERR,ERR,ERR,ERR,ERR,ERR,ERR,ERR,ERR,ERR,ERR,ERR,ERR,ERR,ERR,ERR,ERR,ERR,ERR,ERR,ERR,ERR,ERR,ERR,ERR,ERR,ERR,ERR,ERR,ERR,ERR,ERR,ERR,ERR,ERR,ERR,ERR,ERR,ERR,ERR,ERR,34.0,80.0,35,0.0,0.0,0.0,0.0,0.0,0.0,0.0,0.0,0.0,0.0,0.0,0.0,0.0,0.0,0.0,0.0,66.0,0,120,58,54,65476,0,300,0,0,8,20529,65476,0,0,57672,80.0,0.0,0.0,0.0,0.0,0.0
2026-06-18T02:17:59,ERR,ERR,ERR,ERR,ERR,ERR,ERR,ERR,ERR,ERR,ERR,ERR,ERR,ERR,ERR,ERR,ERR,ERR,ERR,ERR,ERR,ERR,ERR,ERR,ERR,ERR,ERR,ERR,ERR,ERR,ERR,ERR,ERR,ERR,ERR,ERR,ERR,ERR,ERR,ERR,ERR,ERR,ERR,ERR,ERR,ERR,ERR,ERR,ERR,ERR,ERR,ERR,ERR,ERR,ERR,ERR,ERR,ERR,ERR,ERR,ERR,ERR,ERR,ERR,ERR,ERR,ERR,ERR,ERR,ERR,ERR,ERR,ERR,ERR,ERR,ERR,ERR,ERR,ERR,ERR,ERR,ERR,ERR,ERR,ERR,ERR,ERR,ERR,ERR,ERR,ERR,ERR,ERR,ERR,ERR,ERR,ERR,ERR,ERR,ERR,ERR,ERR,ERR,ERR,ERR,ERR,ERR,ERR,ERR,ERR,ERR,ERR,ERR,ERR,ERR,ERR,ERR,ERR,ERR,ERR,ERR,ERR,ERR,ERR,ERR,-0.0,-0.0,0.0,-0.0,0.0,1.3936040501711995e+18,7.805,-0.0,0,0,4,48906,6720,14723890282496.0,100,0.0,0.0,0.0,-0.0,0.0,0,0,0,0,0.0,0,0,0,0,0,0,0,0,0,0,0,0,0,0,0,0,0,0,0,0,0,0,0,0,0,0,0,0,0,0,0,0,0,26,51,50,76,65476,0,300,0,0,8,21553,0.0,-107605600.0,0.0,0.0,0.0,0.0,0.0,0.0,0.0,0.0,0.0,0.0,0.0,0.0,0.0,0.0,0.0,0.0,0.0,0.0,0.0,0.0,0.0,-2.004,0.0,-0.0,0.0,0.0,0.0,0.0,4767.0,564145296506880.0,7307.0,-0.0,-0.0,-107615360.0,0.0,0.0,0.0,0.0,0.0,77,-0.0,-152017095884800.0,0.0,0.0,0.0,0.0,0.0,0.0,0.0,0,0,0,0.0,0.0,0.0,0.0,0.0,0.0,0.0,0.0,0.0,0.0,0.0,0.0,0.0,0.0,0.0,0.0,0,-107875648.0,77,0.0,154,0.0,-0.0,ERR,ERR,ERR,ERR,ERR,ERR,ERR,ERR,ERR,ERR,ERR,ERR,ERR,ERR,ERR,ERR,ERR,ERR,ERR,ERR,ERR,ERR,ERR,ERR,ERR,ERR,ERR,ERR,ERR,ERR,ERR,ERR,ERR,ERR,ERR,ERR,ERR,ERR,ERR,ERR,ERR,ERR,ERR,ERR,ERR,ERR,ERR,ERR,ERR,ERR,ERR,ERR,ERR,ERR,ERR,ERR,ERR,ERR,ERR,ERR,ERR,ERR,ERR,ERR,ERR,ERR,ERR,34.0,80.0,35,0.0,0.0,0.0,0.0,0.0,0.0,0.0,0.0,0.0,0.0,0.0,0.0,0.0,0.0,0.0,0.0,66.0,0,120,58,54,65476,0,300,0,0,8,20529,65476,0,0,57672,80.0,0.0,0.0,0.0,0.0,0.0
2026-06-18T02:18:00,ERR,ERR,ERR,ERR,ERR,ERR,ERR,ERR,ERR,ERR,ERR,ERR,ERR,ERR,ERR,ERR,ERR,ERR,ERR,ERR,ERR,ERR,ERR,ERR,ERR,ERR,ERR,ERR,ERR,ERR,ERR,ERR,ERR,ERR,ERR,ERR,ERR,ERR,ERR,ERR,ERR,ERR,ERR,ERR,ERR,ERR,ERR,ERR,ERR,ERR,ERR,ERR,ERR,ERR,ERR,ERR,ERR,ERR,ERR,ERR,ERR,ERR,ERR,ERR,ERR,ERR,ERR,ERR,ERR,ERR,ERR,ERR,ERR,ERR,ERR,ERR,ERR,ERR,ERR,ERR,ERR,ERR,ERR,ERR,ERR,ERR,ERR,ERR,ERR,ERR,ERR,ERR,ERR,ERR,ERR,ERR,ERR,ERR,ERR,ERR,ERR,ERR,ERR,ERR,ERR,ERR,ERR,ERR,ERR,ERR,ERR,ERR,ERR,ERR,ERR,ERR,ERR,ERR,ERR,ERR,ERR,ERR,ERR,ERR,ERR,-0.0,-0.0,0.0,-0.0,0.0,1.3936040501711995e+18,7.805,-0.0,0,0,4,48906,6720,14723890282496.0,100,0.0,0.0,0.0,-0.0,0.0,0,0,0,0,0.0,0,0,0,0,0,0,0,0,0,0,0,0,0,0,0,0,0,0,0,0,0,0,0,0,0,0,0,0,0,0,0,0,0,26,51,50,76,65476,0,300,0,0,8,21553,0.0,-107605600.0,0.0,0.0,0.0,0.0,0.0,0.0,0.0,0.0,0.0,0.0,0.0,0.0,0.0,0.0,0.0,0.0,0.0,0.0,0.0,0.0,0.0,-2.004,0.0,-0.0,0.0,0.0,0.0,0.0,4767.0,564145296506880.0,7307.0,-0.0,-0.0,-107615360.0,0.0,0.0,0.0,0.0,0.0,77,-0.0,-152017095884800.0,0.0,0.0,0.0,0.0,0.0,0.0,0.0,0,0,0,0.0,0.0,0.0,0.0,0.0,0.0,0.0,0.0,0.0,0.0,0.0,0.0,0.0,0.0,0.0,0.0,0,-107875648.0,77,0.0,154,0.0,-0.0,ERR,ERR,ERR,ERR,ERR,ERR,ERR,ERR,ERR,ERR,ERR,ERR,ERR,ERR,ERR,ERR,ERR,ERR,ERR,ERR,ERR,ERR,ERR,ERR,ERR,ERR,ERR,ERR,ERR,ERR,ERR,ERR,ERR,ERR,ERR,ERR,ERR,ERR,ERR,ERR,ERR,ERR,ERR,ERR,ERR,ERR,ERR,ERR,ERR,ERR,ERR,ERR,ERR,ERR,ERR,ERR,ERR,ERR,ERR,ERR,ERR,ERR,ERR,ERR,ERR,ERR,ERR,34.0,80.0,35,0.0,0.0,0.0,0.0,0.0,0.0,0.0,0.0,0.0,0.0,0.0,0.0,0.0,0.0,0.0,0.0,66.0,0,120,58,54,65476,0,300,0,0,8,20529,65476,0,0,57672,80.0,0.0,0.0,0.0,0.0,0.0
2026-06-18T02:18:01,ERR,ERR,ERR,ERR,ERR,ERR,ERR,ERR,ERR,ERR,ERR,ERR,ERR,ERR,ERR,ERR,ERR,ERR,ERR,ERR,ERR,ERR,ERR,ERR,ERR,ERR,ERR,ERR,ERR,ERR,ERR,ERR,ERR,ERR,ERR,ERR,ERR,ERR,ERR,ERR,ERR,ERR,ERR,ERR,ERR,ERR,ERR,ERR,ERR,ERR,ERR,ERR,ERR,ERR,ERR,ERR,ERR,ERR,ERR,ERR,ERR,ERR,ERR,ERR,ERR,ERR,ERR,ERR,ERR,ERR,ERR,ERR,ERR,ERR,ERR,ERR,ERR,ERR,ERR,ERR,ERR,ERR,ERR,ERR,ERR,ERR,ERR,ERR,ERR,ERR,ERR,ERR,ERR,ERR,ERR,ERR,ERR,ERR,ERR,ERR,ERR,ERR,ERR,ERR,ERR,ERR,ERR,ERR,ERR,ERR,ERR,ERR,ERR,ERR,ERR,ERR,ERR,ERR,ERR,ERR,ERR,ERR,ERR,ERR,ERR,-0.0,-0.0,0.0,-0.0,0.0,1.3936040501711995e+18,7.805,-0.0,0,0,4,48906,6720,14723890282496.0,100,0.0,0.0,0.0,-0.0,0.0,0,0,0,0,0.0,0,0,0,0,0,0,0,0,0,0,0,0,0,0,0,0,0,0,0,0,0,0,0,0,0,0,0,0,0,0,0,0,0,26,51,50,76,65476,0,300,0,0,8,21553,0.0,-107605600.0,0.0,0.0,0.0,0.0,0.0,0.0,0.0,0.0,0.0,0.0,0.0,0.0,0.0,0.0,0.0,0.0,0.0,0.0,0.0,0.0,0.0,-2.004,0.0,-0.0,0.0,0.0,0.0,0.0,4767.0,564145296506880.0,7307.0,-0.0,-0.0,-107615360.0,0.0,0.0,0.0,0.0,0.0,77,-0.0,-152017095884800.0,0.0,0.0,0.0,0.0,0.0,0.0,0.0,0,0,0,0.0,0.0,0.0,0.0,0.0,0.0,0.0,0.0,0.0,0.0,0.0,0.0,0.0,0.0,0.0,0.0,0,-107875648.0,77,0.0,154,0.0,-0.0,ERR,ERR,ERR,ERR,ERR,ERR,ERR,ERR,ERR,ERR,ERR,ERR,ERR,ERR,ERR,ERR,ERR,ERR,ERR,ERR,ERR,ERR,ERR,ERR,ERR,ERR,ERR,ERR,ERR,ERR,ERR,ERR,ERR,ERR,ERR,ERR,ERR,ERR,ERR,ERR,ERR,ERR,ERR,ERR,ERR,ERR,ERR,ERR,ERR,ERR,ERR,ERR,ERR,ERR,ERR,ERR,ERR,ERR,ERR,ERR,ERR,ERR,ERR,ERR,ERR,ERR,ERR,34.0,80.0,35,0.0,0.0,0.0,0.0,0.0,0.0,0.0,0.0,0.0,0.0,0.0,0.0,0.0,0.0,0.0,0.0,66.0,0,120,58,54,65476,0,300,0,0,8,20529,65476,0,0,57672,80.0,0.0,0.0,0.0,0.0,0.0
2026-06-18T02:18:02,ERR,ERR,ERR,ERR,ERR,ERR,ERR,ERR,ERR,ERR,ERR,ERR,ERR,ERR,ERR,ERR,ERR,ERR,ERR,ERR,ERR,ERR,ERR,ERR,ERR,ERR,ERR,ERR,ERR,ERR,ERR,ERR,ERR,ERR,ERR,ERR,ERR,ERR,ERR,ERR,ERR,ERR,ERR,ERR,ERR,ERR,ERR,ERR,ERR,ERR,ERR,ERR,ERR,ERR,ERR,ERR,ERR,ERR,ERR,ERR,ERR,ERR,ERR,ERR,ERR,ERR,ERR,ERR,ERR,ERR,ERR,ERR,ERR,ERR,ERR,ERR,ERR,ERR,ERR,ERR,ERR,ERR,ERR,ERR,ERR,ERR,ERR,ERR,ERR,ERR,ERR,ERR,ERR,ERR,ERR,ERR,ERR,ERR,ERR,ERR,ERR,ERR,ERR,ERR,ERR,ERR,ERR,ERR,ERR,ERR,ERR,ERR,ERR,ERR,ERR,ERR,ERR,ERR,ERR,ERR,ERR,ERR,ERR,ERR,ERR,-0.0,-0.0,0.0,-0.0,0.0,1.3936040501711995e+18,7.805,-0.0,0,0,4,48906,6720,14723890282496.0,100,0.0,0.0,0.0,-0.0,0.0,0,0,0,0,0.0,0,0,0,0,0,0,0,0,0,0,0,0,0,0,0,0,0,0,0,0,0,0,0,0,0,0,0,0,0,0,0,0,0,26,51,50,76,65476,0,300,0,0,8,21553,0.0,-107605600.0,0.0,0.0,0.0,0.0,0.0,0.0,0.0,0.0,0.0,0.0,0.0,0.0,0.0,0.0,0.0,0.0,0.0,0.0,0.0,0.0,0.0,-2.004,0.0,-0.0,0.0,0.0,0.0,0.0,4767.0,564145296506880.0,7307.0,-0.0,-0.0,-107615360.0,0.0,0.0,0.0,0.0,0.0,77,-0.0,-152017095884800.0,0.0,0.0,0.0,0.0,0.0,0.0,0.0,0,0,0,0.0,0.0,0.0,0.0,0.0,0.0,0.0,0.0,0.0,0.0,0.0,0.0,0.0,0.0,0.0,0.0,0,-107875648.0,77,0.0,154,0.0,-0.0,ERR,ERR,ERR,ERR,ERR,ERR,ERR,ERR,ERR,ERR,ERR,ERR,ERR,ERR,ERR,ERR,ERR,ERR,ERR,ERR,ERR,ERR,ERR,ERR,ERR,ERR,ERR,ERR,ERR,ERR,ERR,ERR,ERR,ERR,ERR,ERR,ERR,ERR,ERR,ERR,ERR,ERR,ERR,ERR,ERR,ERR,ERR,ERR,ERR,ERR,ERR,ERR,ERR,ERR,ERR,ERR,ERR,ERR,ERR,ERR,ERR,ERR,ERR,ERR,ERR,ERR,ERR,34.0,80.0,35,0.0,0.0,0.0,0.0,0.0,0.0,0.0,0.0,0.0,0.0,0.0,0.0,0.0,0.0,0.0,0.0,66.0,0,120,58,54,65476,0,300,0,0,8,20529,65476,0,0,57672,80.0,0.0,0.0,0.0,0.0,0.0
2026-06-18T02:18:03,ERR,ERR,ERR,ERR,ERR,ERR,ERR,ERR,ERR,ERR,ERR,ERR,ERR,ERR,ERR,ERR,ERR,ERR,ERR,ERR,ERR,ERR,ERR,ERR,ERR,ERR,ERR,ERR,ERR,ERR,ERR,ERR,ERR,ERR,ERR,ERR,ERR,ERR,ERR,ERR,ERR,ERR,ERR,ERR,ERR,ERR,ERR,ERR,ERR,ERR,ERR,ERR,ERR,ERR,ERR,ERR,ERR,ERR,ERR,ERR,ERR,ERR,ERR,ERR,ERR,ERR,ERR,ERR,ERR,ERR,ERR,ERR,ERR,ERR,ERR,ERR,ERR,ERR,ERR,ERR,ERR,ERR,ERR,ERR,ERR,ERR,ERR,ERR,ERR,ERR,ERR,ERR,ERR,ERR,ERR,ERR,ERR,ERR,ERR,ERR,ERR,ERR,ERR,ERR,ERR,ERR,ERR,ERR,ERR,ERR,ERR,ERR,ERR,ERR,ERR,ERR,ERR,ERR,ERR,ERR,ERR,ERR,ERR,ERR,ERR,-0.0,-0.0,0.0,-0.0,0.0,1.3936040501711995e+18,7.805,-0.0,0,0,4,48906,6720,14723890282496.0,100,0.0,0.0,0.0,-0.0,0.0,0,0,0,0,0.0,0,0,0,0,0,0,0,0,0,0,0,0,0,0,0,0,0,0,0,0,0,0,0,0,0,0,0,0,0,0,0,0,0,26,51,50,76,65476,0,300,0,0,8,21553,0.0,-107605600.0,0.0,0.0,0.0,0.0,0.0,0.0,0.0,0.0,0.0,0.0,0.0,0.0,0.0,0.0,0.0,0.0,0.0,0.0,0.0,0.0,0.0,-2.004,0.0,-0.0,0.0,0.0,0.0,0.0,4767.0,564145296506880.0,7307.0,-0.0,-0.0,-107615360.0,0.0,0.0,0.0,0.0,0.0,77,-0.0,-152017095884800.0,0.0,0.0,0.0,0.0,0.0,0.0,0.0,0,0,0,0.0,0.0,0.0,0.0,0.0,0.0,0.0,0.0,0.0,0.0,0.0,0.0,0.0,0.0,0.0,0.0,0,-107875648.0,77,0.0,154,0.0,-0.0,ERR,ERR,ERR,ERR,ERR,ERR,ERR,ERR,ERR,ERR,ERR,ERR,ERR,ERR,ERR,ERR,ERR,ERR,ERR,ERR,ERR,ERR,ERR,ERR,ERR,ERR,ERR,ERR,ERR,ERR,ERR,ERR,ERR,ERR,ERR,ERR,ERR,ERR,ERR,ERR,ERR,ERR,ERR,ERR,ERR,ERR,ERR,ERR,ERR,ERR,ERR,ERR,ERR,ERR,ERR,ERR,ERR,ERR,ERR,ERR,ERR,ERR,ERR,ERR,ERR,ERR,ERR,34.0,80.0,35,0.0,0.0,0.0,0.0,0.0,0.0,0.0,0.0,0.0,0.0,0.0,0.0,0.0,0.0,0.0,0.0,66.0,0,120,58,54,65476,0,300,0,0,8,20529,65476,0,0,57672,80.0,0.0,0.0,0.0,0.0,0.0
2026-06-18T02:18:04,ERR,ERR,ERR,ERR,ERR,ERR,ERR,ERR,ERR,ERR,ERR,ERR,ERR,ERR,ERR,ERR,ERR,ERR,ERR,ERR,ERR,ERR,ERR,ERR,ERR,ERR,ERR,ERR,ERR,ERR,ERR,ERR,ERR,ERR,ERR,ERR,ERR,ERR,ERR,ERR,ERR,ERR,ERR,ERR,ERR,ERR,ERR,ERR,ERR,ERR,ERR,ERR,ERR,ERR,ERR,ERR,ERR,ERR,ERR,ERR,ERR,ERR,ERR,ERR,ERR,ERR,ERR,ERR,ERR,ERR,ERR,ERR,ERR,ERR,ERR,ERR,ERR,ERR,ERR,ERR,ERR,ERR,ERR,ERR,ERR,ERR,ERR,ERR,ERR,ERR,ERR,ERR,ERR,ERR,ERR,ERR,ERR,ERR,ERR,ERR,ERR,ERR,ERR,ERR,ERR,ERR,ERR,ERR,ERR,ERR,ERR,ERR,ERR,ERR,ERR,ERR,ERR,ERR,ERR,ERR,ERR,ERR,ERR,ERR,ERR,-0.0,-0.0,0.0,-0.0,0.0,1.3936040501711995e+18,7.805,-0.0,0,0,4,48902,6720,14723890282496.0,100,0.0,0.0,0.0,-4.9501291711397626e+32,0.0,0,0,0,0,0.0,0,0,0,0,0,0,0,0,0,0,0,0,0,0,0,0,0,0,0,0,0,0,0,0,0,0,0,0,0,0,0,0,0,26,51,50,76,65476,0,300,0,0,8,21553,0.0,-107605600.0,0.0,0.0,0.0,0.0,0.0,0.0,0.0,0.0,0.0,0.0,0.0,0.0,0.0,0.0,0.0,0.0,0.0,0.0,0.0,0.0,0.0,-2.004,0.0,-0.0,0.0,0.0,0.0,0.0,4739.0,131350.312,7305.0,-0.0,-0.0,-107615360.0,0.0,0.0,0.0,0.0,0.0,77,-0.0,-3.2219987089600715e+26,0.0,0.0,0.0,0.0,0.0,0.0,0.0,0,0,0,0.0,0.0,0.0,0.0,0.0,0.0,0.0,0.0,0.0,0.0,0.0,0.0,0.0,0.0,0.0,0.0,0,-107875648.0,77,0.0,154,0.0,-0.0,ERR,ERR,ERR,ERR,ERR,ERR,ERR,ERR,ERR,ERR,ERR,ERR,ERR,ERR,ERR,ERR,ERR,ERR,ERR,ERR,ERR,ERR,ERR,ERR,ERR,ERR,ERR,ERR,ERR,ERR,ERR,ERR,ERR,ERR,ERR,ERR,ERR,ERR,ERR,ERR,ERR,ERR,ERR,ERR,ERR,ERR,ERR,ERR,ERR,ERR,ERR,ERR,ERR,ERR,ERR,ERR,ERR,ERR,ERR,ERR,ERR,ERR,ERR,ERR,ERR,ERR,ERR,34.0,80.0,35,0.0,0.0,0.0,0.0,0.0,0.0,0.0,0.0,0.0,0.0,0.0,0.0,0.0,0.0,0.0,0.0,66.0,0,120,58,54,65476,0,300,0,0,8,20529,65476,0,0,57672,80.0,0.0,0.0,0.0,0.0,0.0
2026-06-18T02:18:05,ERR,ERR,ERR,ERR,ERR,ERR,ERR,ERR,ERR,ERR,ERR,ERR,ERR,ERR,ERR,ERR,ERR,ERR,ERR,ERR,ERR,ERR,ERR,ERR,ERR,ERR,ERR,ERR,ERR,ERR,ERR,ERR,ERR,ERR,ERR,ERR,ERR,ERR,ERR,ERR,ERR,ERR,ERR,ERR,ERR,ERR,ERR,ERR,ERR,ERR,ERR,ERR,ERR,ERR,ERR,ERR,ERR,ERR,ERR,ERR,ERR,ERR,ERR,ERR,ERR,ERR,ERR,ERR,ERR,ERR,ERR,ERR,ERR,ERR,ERR,ERR,ERR,ERR,ERR,ERR,ERR,ERR,ERR,ERR,ERR,ERR,ERR,ERR,ERR,ERR,ERR,ERR,ERR,ERR,ERR,ERR,ERR,ERR,ERR,ERR,ERR,ERR,ERR,ERR,ERR,ERR,ERR,ERR,ERR,ERR,ERR,ERR,ERR,ERR,ERR,ERR,ERR,ERR,ERR,ERR,ERR,ERR,ERR,ERR,ERR,-0.0,-0.0,0.0,-0.0,0.0,1.3936040501711995e+18,7.805,-0.0,0,0,4,48902,6720,14723890282496.0,100,0.0,0.0,0.0,-4.9501291711397626e+32,0.0,0,0,0,0,0.0,0,0,0,0,0,0,0,0,0,0,0,0,0,0,0,0,0,0,0,0,0,0,0,0,0,0,0,0,0,0,0,0,0,26,51,50,76,65476,0,300,0,0,8,21553,0.0,-107605600.0,0.0,0.0,0.0,0.0,0.0,0.0,0.0,0.0,0.0,0.0,0.0,0.0,0.0,0.0,0.0,0.0,0.0,0.0,0.0,0.0,0.0,-2.004,0.0,-0.0,0.0,0.0,0.0,0.0,4739.0,131350.312,7305.0,-0.0,-0.0,-107615360.0,0.0,0.0,0.0,0.0,0.0,77,-0.0,-3.2219987089600715e+26,0.0,0.0,0.0,0.0,0.0,0.0,0.0,0,0,0,0.0,0.0,0.0,0.0,0.0,0.0,0.0,0.0,0.0,0.0,0.0,0.0,0.0,0.0,0.0,0.0,0,-107875648.0,77,0.0,154,0.0,-0.0,ERR,ERR,ERR,ERR,ERR,ERR,ERR,ERR,ERR,ERR,ERR,ERR,ERR,ERR,ERR,ERR,ERR,ERR,ERR,ERR,ERR,ERR,ERR,ERR,ERR,ERR,ERR,ERR,ERR,ERR,ERR,ERR,ERR,ERR,ERR,ERR,ERR,ERR,ERR,ERR,ERR,ERR,ERR,ERR,ERR,ERR,ERR,ERR,ERR,ERR,ERR,ERR,ERR,ERR,ERR,ERR,ERR,ERR,ERR,ERR,ERR,ERR,ERR,ERR,ERR,ERR,ERR,34.0,80.0,35,0.0,0.0,0.0,0.0,0.0,0.0,0.0,0.0,0.0,0.0,0.0,0.0,0.0,0.0,0.0,0.0,66.0,0,120,58,54,65476,0,300,0,0,8,20529,65476,0,0,57672,80.0,0.0,0.0,0.0,0.0,0.0
2026-06-18T02:18:06,ERR,ERR,ERR,ERR,ERR,ERR,ERR,ERR,ERR,ERR,ERR,ERR,ERR,ERR,ERR,ERR,ERR,ERR,ERR,ERR,ERR,ERR,ERR,ERR,ERR,ERR,ERR,ERR,ERR,ERR,ERR,ERR,ERR,ERR,ERR,ERR,ERR,ERR,ERR,ERR,ERR,ERR,ERR,ERR,ERR,ERR,ERR,ERR,ERR,ERR,ERR,ERR,ERR,ERR,ERR,ERR,ERR,ERR,ERR,ERR,ERR,ERR,ERR,ERR,ERR,ERR,ERR,ERR,ERR,ERR,ERR,ERR,ERR,ERR,ERR,ERR,ERR,ERR,ERR,ERR,ERR,ERR,ERR,ERR,ERR,ERR,ERR,ERR,ERR,ERR,ERR,ERR,ERR,ERR,ERR,ERR,ERR,ERR,ERR,ERR,ERR,ERR,ERR,ERR,ERR,ERR,ERR,ERR,ERR,ERR,ERR,ERR,ERR,ERR,ERR,ERR,ERR,ERR,ERR,ERR,ERR,ERR,ERR,ERR,ERR,-0.0,-0.0,0.0,-0.0,0.0,1.3936040501711995e+18,7.805,-0.0,0,0,4,48902,6720,14723890282496.0,100,0.0,0.0,0.0,-4.9501291711397626e+32,0.0,0,0,0,0,0.0,0,0,0,0,0,0,0,0,0,0,0,0,0,0,0,0,0,0,0,0,0,0,0,0,0,0,0,0,0,0,0,0,0,26,51,50,76,65476,0,300,0,0,8,21553,0.0,-107605600.0,0.0,0.0,0.0,0.0,0.0,0.0,0.0,0.0,0.0,0.0,0.0,0.0,0.0,0.0,0.0,0.0,0.0,0.0,0.0,0.0,0.0,-2.004,0.0,-0.0,0.0,0.0,0.0,0.0,4739.0,131350.312,7305.0,-0.0,-0.0,-107615360.0,0.0,0.0,0.0,0.0,0.0,77,-0.0,-3.2219987089600715e+26,0.0,0.0,0.0,0.0,0.0,0.0,0.0,0,0,0,0.0,0.0,0.0,0.0,0.0,0.0,0.0,0.0,0.0,0.0,0.0,0.0,0.0,0.0,0.0,0.0,0,-107875648.0,77,0.0,154,0.0,-0.0,ERR,ERR,ERR,ERR,ERR,ERR,ERR,ERR,ERR,ERR,ERR,ERR,ERR,ERR,ERR,ERR,ERR,ERR,ERR,ERR,ERR,ERR,ERR,ERR,ERR,ERR,ERR,ERR,ERR,ERR,ERR,ERR,ERR,ERR,ERR,ERR,ERR,ERR,ERR,ERR,ERR,ERR,ERR,ERR,ERR,ERR,ERR,ERR,ERR,ERR,ERR,ERR,ERR,ERR,ERR,ERR,ERR,ERR,ERR,ERR,ERR,ERR,ERR,ERR,ERR,ERR,ERR,34.0,80.0,35,0.0,0.0,0.0,0.0,0.0,0.0,0.0,0.0,0.0,0.0,0.0,0.0,0.0,0.0,0.0,0.0,66.4,0,120,58,54,65476,0,300,0,0,8,20529,65476,0,0,57672,80.0,0.0,0.0,0.0,0.0,0.0
2026-06-18T02:18:07,ERR,ERR,ERR,ERR,ERR,ERR,ERR,ERR,ERR,ERR,ERR,ERR,ERR,ERR,ERR,ERR,ERR,ERR,ERR,ERR,ERR,ERR,ERR,ERR,ERR,ERR,ERR,ERR,ERR,ERR,ERR,ERR,ERR,ERR,ERR,ERR,ERR,ERR,ERR,ERR,ERR,ERR,ERR,ERR,ERR,ERR,ERR,ERR,ERR,ERR,ERR,ERR,ERR,ERR,ERR,ERR,ERR,ERR,ERR,ERR,ERR,ERR,ERR,ERR,ERR,ERR,ERR,ERR,ERR,ERR,ERR,ERR,ERR,ERR,ERR,ERR,ERR,ERR,ERR,ERR,ERR,ERR,ERR,ERR,ERR,ERR,ERR,ERR,ERR,ERR,ERR,ERR,ERR,ERR,ERR,ERR,ERR,ERR,ERR,ERR,ERR,ERR,ERR,ERR,ERR,ERR,ERR,ERR,ERR,ERR,ERR,ERR,ERR,ERR,ERR,ERR,ERR,ERR,ERR,ERR,ERR,ERR,ERR,ERR,ERR,-0.0,-0.0,0.0,-0.0,0.0,1.3936040501711995e+18,7.805,-0.0,0,0,4,48902,6720,14723890282496.0,100,0.0,0.0,0.0,-4.9501291711397626e+32,0.0,0,0,0,0,0.0,0,0,0,0,0,0,0,0,0,0,0,0,0,0,0,0,0,0,0,0,0,0,0,0,0,0,0,0,0,0,0,0,0,26,51,50,76,65476,0,300,0,0,8,21553,0.0,-107605600.0,0.0,0.0,0.0,0.0,0.0,0.0,0.0,0.0,0.0,0.0,0.0,0.0,0.0,0.0,0.0,0.0,0.0,0.0,0.0,0.0,0.0,-2.004,0.0,-0.0,0.0,0.0,0.0,0.0,4739.0,131350.312,7305.0,-0.0,-0.0,-107615360.0,0.0,0.0,0.0,0.0,0.0,77,-0.0,-3.2219987089600715e+26,0.0,0.0,0.0,0.0,0.0,0.0,0.0,0,0,0,0.0,0.0,0.0,0.0,0.0,0.0,0.0,0.0,0.0,0.0,0.0,0.0,0.0,0.0,0.0,0.0,0,-107875648.0,77,0.0,154,0.0,-0.0,ERR,ERR,ERR,ERR,ERR,ERR,ERR,ERR,ERR,ERR,ERR,ERR,ERR,ERR,ERR,ERR,ERR,ERR,ERR,ERR,ERR,ERR,ERR,ERR,ERR,ERR,ERR,ERR,ERR,ERR,ERR,ERR,ERR,ERR,ERR,ERR,ERR,ERR,ERR,ERR,ERR,ERR,ERR,ERR,ERR,ERR,ERR,ERR,ERR,ERR,ERR,ERR,ERR,ERR,ERR,ERR,ERR,ERR,ERR,ERR,ERR,ERR,ERR,ERR,ERR,ERR,ERR,34.0,80.0,35,0.0,0.0,0.0,0.0,0.0,0.0,0.0,0.0,0.0,0.0,0.0,0.0,0.0,0.0,0.0,0.0,66.4,0,120,58,54,65476,0,300,0,0,8,20529,65476,0,0,57672,80.0,0.0,0.0,0.0,0.0,0.0
2026-06-18T02:18:08,ERR,ERR,ERR,ERR,ERR,ERR,ERR,ERR,ERR,ERR,ERR,ERR,ERR,ERR,ERR,ERR,ERR,ERR,ERR,ERR,ERR,ERR,ERR,ERR,ERR,ERR,ERR,ERR,ERR,ERR,ERR,ERR,ERR,ERR,ERR,ERR,ERR,ERR,ERR,ERR,ERR,ERR,ERR,ERR,ERR,ERR,ERR,ERR,ERR,ERR,ERR,ERR,ERR,ERR,ERR,ERR,ERR,ERR,ERR,ERR,ERR,ERR,ERR,ERR,ERR,ERR,ERR,ERR,ERR,ERR,ERR,ERR,ERR,ERR,ERR,ERR,ERR,ERR,ERR,ERR,ERR,ERR,ERR,ERR,ERR,ERR,ERR,ERR,ERR,ERR,ERR,ERR,ERR,ERR,ERR,ERR,ERR,ERR,ERR,ERR,ERR,ERR,ERR,ERR,ERR,ERR,ERR,ERR,ERR,ERR,ERR,ERR,ERR,ERR,ERR,ERR,ERR,ERR,ERR,ERR,ERR,ERR,ERR,ERR,ERR,-0.0,-0.0,0.0,-0.0,0.0,1.3936040501711995e+18,7.805,-0.0,0,0,4,48902,6720,14723890282496.0,100,0.0,0.0,0.0,-4.9501291711397626e+32,0.0,0,0,0,0,0.0,0,0,0,0,0,0,0,0,0,0,0,0,0,0,0,0,0,0,0,0,0,0,0,0,0,0,0,0,0,0,0,0,0,26,51,50,76,65476,0,300,0,0,8,21553,0.0,-107605600.0,0.0,0.0,0.0,0.0,0.0,0.0,0.0,0.0,0.0,0.0,0.0,0.0,0.0,0.0,0.0,0.0,0.0,0.0,0.0,0.0,0.0,-2.004,0.0,-0.0,0.0,0.0,0.0,0.0,4739.0,131350.312,7305.0,-0.0,-0.0,-107615360.0,0.0,0.0,0.0,0.0,0.0,77,-0.0,-3.2219987089600715e+26,0.0,0.0,0.0,0.0,0.0,0.0,0.0,0,0,0,0.0,0.0,0.0,0.0,0.0,0.0,0.0,0.0,0.0,0.0,0.0,0.0,0.0,0.0,0.0,0.0,0,-107875648.0,77,0.0,154,0.0,-0.0,ERR,ERR,ERR,ERR,ERR,ERR,ERR,ERR,ERR,ERR,ERR,ERR,ERR,ERR,ERR,ERR,ERR,ERR,ERR,ERR,ERR,ERR,ERR,ERR,ERR,ERR,ERR,ERR,ERR,ERR,ERR,ERR,ERR,ERR,ERR,ERR,ERR,ERR,ERR,ERR,ERR,ERR,ERR,ERR,ERR,ERR,ERR,ERR,ERR,ERR,ERR,ERR,ERR,ERR,ERR,ERR,ERR,ERR,ERR,ERR,ERR,ERR,ERR,ERR,ERR,ERR,ERR,34.0,80.0,35,0.0,0.0,0.0,0.0,0.0,0.0,0.0,0.0,0.0,0.0,0.0,0.0,0.0,0.0,0.0,0.0,66.0,0,120,58,54,65476,0,300,0,0,8,20529,65476,0,0,57672,80.0,0.0,0.0,0.0,0.0,0.0
2026-06-18T02:18:09,ERR,ERR,ERR,ERR,ERR,ERR,ERR,ERR,ERR,ERR,ERR,ERR,ERR,ERR,ERR,ERR,ERR,ERR,ERR,ERR,ERR,ERR,ERR,ERR,ERR,ERR,ERR,ERR,ERR,ERR,ERR,ERR,ERR,ERR,ERR,ERR,ERR,ERR,ERR,ERR,ERR,ERR,ERR,ERR,ERR,ERR,ERR,ERR,ERR,ERR,ERR,ERR,ERR,ERR,ERR,ERR,ERR,ERR,ERR,ERR,ERR,ERR,ERR,ERR,ERR,ERR,ERR,ERR,ERR,ERR,ERR,ERR,ERR,ERR,ERR,ERR,ERR,ERR,ERR,ERR,ERR,ERR,ERR,ERR,ERR,ERR,ERR,ERR,ERR,ERR,ERR,ERR,ERR,ERR,ERR,ERR,ERR,ERR,ERR,ERR,ERR,ERR,ERR,ERR,ERR,ERR,ERR,ERR,ERR,ERR,ERR,ERR,ERR,ERR,ERR,ERR,ERR,ERR,ERR,ERR,ERR,ERR,ERR,ERR,ERR,-0.0,-0.0,0.0,2.718290229135658e+23,2.012,1.3936040501711995e+18,7.805,-4.0828997592390904e+35,0,0,4,48902,6720,14723890282496.0,100,0.0,0.0,0.0,-107609184.0,0.0,0,0,0,0,0.0,0,0,0,0,0,0,0,0,0,0,0,0,0,0,0,0,0,0,0,0,0,0,0,0,0,0,0,0,0,0,0,0,0,26,51,50,76,65476,0,300,0,0,8,21553,0.0,-107605600.0,0.0,0.0,0.0,0.0,0.0,0.0,0.0,0.0,0.0,0.0,0.0,0.0,0.0,0.0,0.0,0.0,0.0,0.0,0.0,0.0,0.0,-2.004,0.0,-0.0,0.0,0.0,0.0,0.0,4739.0,3.697182615187489e+19,7308.0,-0.0,-0.0,-107615360.0,0.0,0.0,0.0,0.0,0.0,77,-0.0,-3.2219987089600715e+26,0.0,0.0,0.0,0.0,0.0,0.0,0.0,0,0,0,0.0,0.0,0.0,0.0,0.0,0.0,0.0,0.0,0.0,0.0,0.0,0.0,0.0,0.0,0.0,0.0,0,-107875648.0,77,0.0,154,0.0,-0.0,ERR,ERR,ERR,ERR,ERR,ERR,ERR,ERR,ERR,ERR,ERR,ERR,ERR,ERR,ERR,ERR,ERR,ERR,ERR,ERR,ERR,ERR,ERR,ERR,ERR,ERR,ERR,ERR,ERR,ERR,ERR,ERR,ERR,ERR,ERR,ERR,ERR,ERR,ERR,ERR,ERR,ERR,ERR,ERR,ERR,ERR,ERR,ERR,ERR,ERR,ERR,ERR,ERR,ERR,ERR,ERR,ERR,ERR,ERR,ERR,ERR,ERR,ERR,ERR,ERR,ERR,ERR,34.0,80.0,35,0.0,0.0,0.0,0.0,0.0,0.0,0.0,0.0,0.0,0.0,0.0,0.0,0.0,0.0,0.0,0.0,66.0,0,120,58,54,65476,0,300,0,0,8,20529,65476,0,0,57672,80.0,0.0,0.0,0.0,0.0,0.0
2026-06-18T02:18:10,ERR,ERR,ERR,ERR,ERR,ERR,ERR,ERR,ERR,ERR,ERR,ERR,ERR,ERR,ERR,ERR,ERR,ERR,ERR,ERR,ERR,ERR,ERR,ERR,ERR,ERR,ERR,ERR,ERR,ERR,ERR,ERR,ERR,ERR,ERR,ERR,ERR,ERR,ERR,ERR,ERR,ERR,ERR,ERR,ERR,ERR,ERR,ERR,ERR,ERR,ERR,ERR,ERR,ERR,ERR,ERR,ERR,ERR,ERR,ERR,ERR,ERR,ERR,ERR,ERR,ERR,ERR,ERR,ERR,ERR,ERR,ERR,ERR,ERR,ERR,ERR,ERR,ERR,ERR,ERR,ERR,ERR,ERR,ERR,ERR,ERR,ERR,ERR,ERR,ERR,ERR,ERR,ERR,ERR,ERR,ERR,ERR,ERR,ERR,ERR,ERR,ERR,ERR,ERR,ERR,ERR,ERR,ERR,ERR,ERR,ERR,ERR,ERR,ERR,ERR,ERR,ERR,ERR,ERR,ERR,ERR,ERR,ERR,ERR,ERR,-0.0,-0.0,0.0,2.718290229135658e+23,2.012,1.3936040501711995e+18,7.805,-4.0828997592390904e+35,0,0,4,48902,6720,14723890282496.0,100,0.0,0.0,0.0,-107609184.0,0.0,0,0,0,0,0.0,0,0,0,0,0,0,0,0,0,0,0,0,0,0,0,0,0,0,0,0,0,0,0,0,0,0,0,0,0,0,0,0,0,26,51,50,76,65476,0,300,0,0,8,21553,0.0,-107605600.0,0.0,0.0,0.0,0.0,0.0,0.0,0.0,0.0,0.0,0.0,0.0,0.0,0.0,0.0,0.0,0.0,0.0,0.0,0.0,0.0,0.0,-2.004,0.0,-0.0,0.0,0.0,0.0,0.0,4739.0,3.697182615187489e+19,7308.0,-0.0,-0.0,-107615360.0,0.0,0.0,0.0,0.0,0.0,77,-0.0,-3.2219987089600715e+26,0.0,0.0,0.0,0.0,0.0,0.0,0.0,0,0,0,0.0,0.0,0.0,0.0,0.0,0.0,0.0,0.0,0.0,0.0,0.0,0.0,0.0,0.0,0.0,0.0,0,-107875648.0,77,0.0,154,0.0,-0.0,ERR,ERR,ERR,ERR,ERR,ERR,ERR,ERR,ERR,ERR,ERR,ERR,ERR,ERR,ERR,ERR,ERR,ERR,ERR,ERR,ERR,ERR,ERR,ERR,ERR,ERR,ERR,ERR,ERR,ERR,ERR,ERR,ERR,ERR,ERR,ERR,ERR,ERR,ERR,ERR,ERR,ERR,ERR,ERR,ERR,ERR,ERR,ERR,ERR,ERR,ERR,ERR,ERR,ERR,ERR,ERR,ERR,ERR,ERR,ERR,ERR,ERR,ERR,ERR,ERR,ERR,ERR,34.0,80.0,35,0.0,0.0,0.0,0.0,0.0,0.0,0.0,0.0,0.0,0.0,0.0,0.0,0.0,0.0,0.0,0.0,66.0,0,120,58,54,65476,0,300,0,0,8,20529,65476,0,0,57672,80.0,0.0,0.0,0.0,0.0,0.0
2026-06-18T02:18:11,ERR,ERR,ERR,ERR,ERR,ERR,ERR,ERR,ERR,ERR,ERR,ERR,ERR,ERR,ERR,ERR,ERR,ERR,ERR,ERR,ERR,ERR,ERR,ERR,ERR,ERR,ERR,ERR,ERR,ERR,ERR,ERR,ERR,ERR,ERR,ERR,ERR,ERR,ERR,ERR,ERR,ERR,ERR,ERR,ERR,ERR,ERR,ERR,ERR,ERR,ERR,ERR,ERR,ERR,ERR,ERR,ERR,ERR,ERR,ERR,ERR,ERR,ERR,ERR,ERR,ERR,ERR,ERR,ERR,ERR,ERR,ERR,ERR,ERR,ERR,ERR,ERR,ERR,ERR,ERR,ERR,ERR,ERR,ERR,ERR,ERR,ERR,ERR,ERR,ERR,ERR,ERR,ERR,ERR,ERR,ERR,ERR,ERR,ERR,ERR,ERR,ERR,ERR,ERR,ERR,ERR,ERR,ERR,ERR,ERR,ERR,ERR,ERR,ERR,ERR,ERR,ERR,ERR,ERR,ERR,ERR,ERR,ERR,ERR,ERR,-0.0,-0.0,0.0,2.718290229135658e+23,2.012,1.3936040501711995e+18,7.805,-4.0828997592390904e+35,0,0,4,48902,6720,14723890282496.0,100,0.0,0.0,0.0,-107609184.0,0.0,0,0,0,0,0.0,0,0,0,0,0,0,0,0,0,0,0,0,0,0,0,0,0,0,0,0,0,0,0,0,0,0,0,0,0,0,0,0,0,26,51,50,76,65476,0,300,0,0,8,21553,0.0,-107605600.0,0.0,0.0,0.0,0.0,0.0,0.0,0.0,0.0,0.0,0.0,0.0,0.0,0.0,0.0,0.0,0.0,0.0,0.0,0.0,0.0,0.0,-2.004,0.0,-0.0,0.0,0.0,0.0,0.0,4739.0,3.697182615187489e+19,7308.0,-0.0,-0.0,-107615360.0,0.0,0.0,0.0,0.0,0.0,77,-0.0,-3.2219987089600715e+26,0.0,0.0,0.0,0.0,0.0,0.0,0.0,0,0,0,0.0,0.0,0.0,0.0,0.0,0.0,0.0,0.0,0.0,0.0,0.0,0.0,0.0,0.0,0.0,0.0,0,-107875648.0,77,0.0,154,0.0,-0.0,ERR,ERR,ERR,ERR,ERR,ERR,ERR,ERR,ERR,ERR,ERR,ERR,ERR,ERR,ERR,ERR,ERR,ERR,ERR,ERR,ERR,ERR,ERR,ERR,ERR,ERR,ERR,ERR,ERR,ERR,ERR,ERR,ERR,ERR,ERR,ERR,ERR,ERR,ERR,ERR,ERR,ERR,ERR,ERR,ERR,ERR,ERR,ERR,ERR,ERR,ERR,ERR,ERR,ERR,ERR,ERR,ERR,ERR,ERR,ERR,ERR,ERR,ERR,ERR,ERR,ERR,ERR,34.0,80.0,35,0.0,0.0,0.0,0.0,0.0,0.0,0.0,0.0,0.0,0.0,0.0,0.0,0.0,0.0,0.0,0.0,66.4,0,120,58,54,65476,0,300,0,0,8,20529,65476,0,0,57672,80.0,0.0,0.0,0.0,0.0,0.0
2026-06-18T02:18:12,ERR,ERR,ERR,ERR,ERR,ERR,ERR,ERR,ERR,ERR,ERR,ERR,ERR,ERR,ERR,ERR,ERR,ERR,ERR,ERR,ERR,ERR,ERR,ERR,ERR,ERR,ERR,ERR,ERR,ERR,ERR,ERR,ERR,ERR,ERR,ERR,ERR,ERR,ERR,ERR,ERR,ERR,ERR,ERR,ERR,ERR,ERR,ERR,ERR,ERR,ERR,ERR,ERR,ERR,ERR,ERR,ERR,ERR,ERR,ERR,ERR,ERR,ERR,ERR,ERR,ERR,ERR,ERR,ERR,ERR,ERR,ERR,ERR,ERR,ERR,ERR,ERR,ERR,ERR,ERR,ERR,ERR,ERR,ERR,ERR,ERR,ERR,ERR,ERR,ERR,ERR,ERR,ERR,ERR,ERR,ERR,ERR,ERR,ERR,ERR,ERR,ERR,ERR,ERR,ERR,ERR,ERR,ERR,ERR,ERR,ERR,ERR,ERR,ERR,ERR,ERR,ERR,ERR,ERR,ERR,ERR,ERR,ERR,ERR,ERR,-0.0,-0.0,0.0,2.718290229135658e+23,2.012,1.3936040501711995e+18,7.805,-4.0828997592390904e+35,0,0,4,48902,6720,14723890282496.0,100,0.0,0.0,0.0,-107609184.0,0.0,0,0,0,0,0.0,0,0,0,0,0,0,0,0,0,0,0,0,0,0,0,0,0,0,0,0,0,0,0,0,0,0,0,0,0,0,0,0,0,26,51,50,76,65476,0,300,0,0,8,21553,0.0,-107605600.0,0.0,0.0,0.0,0.0,0.0,0.0,0.0,0.0,0.0,0.0,0.0,0.0,0.0,0.0,0.0,0.0,0.0,0.0,0.0,0.0,0.0,-2.004,0.0,-0.0,0.0,0.0,0.0,0.0,4739.0,3.697182615187489e+19,7308.0,-0.0,-0.0,-107615360.0,0.0,0.0,0.0,0.0,0.0,77,-0.0,-3.2219987089600715e+26,0.0,0.0,0.0,0.0,0.0,0.0,0.0,0,0,0,0.0,0.0,0.0,0.0,0.0,0.0,0.0,0.0,0.0,0.0,0.0,0.0,0.0,0.0,0.0,0.0,0,-107875648.0,77,0.0,154,0.0,-0.0,ERR,ERR,ERR,ERR,ERR,ERR,ERR,ERR,ERR,ERR,ERR,ERR,ERR,ERR,ERR,ERR,ERR,ERR,ERR,ERR,ERR,ERR,ERR,ERR,ERR,ERR,ERR,ERR,ERR,ERR,ERR,ERR,ERR,ERR,ERR,ERR,ERR,ERR,ERR,ERR,ERR,ERR,ERR,ERR,ERR,ERR,ERR,ERR,ERR,ERR,ERR,ERR,ERR,ERR,ERR,ERR,ERR,ERR,ERR,ERR,ERR,ERR,ERR,ERR,ERR,ERR,ERR,34.0,80.0,35,0.0,0.0,0.0,0.0,0.0,0.0,0.0,0.0,0.0,0.0,0.0,0.0,0.0,0.0,0.0,0.0,66.4,0,120,58,54,65476,0,300,0,0,8,20529,65476,0,0,57672,80.0,0.0,0.0,0.0,0.0,0.0
2026-06-18T02:18:13,ERR,ERR,ERR,ERR,ERR,ERR,ERR,ERR,ERR,ERR,ERR,ERR,ERR,ERR,ERR,ERR,ERR,ERR,ERR,ERR,ERR,ERR,ERR,ERR,ERR,ERR,ERR,ERR,ERR,ERR,ERR,ERR,ERR,ERR,ERR,ERR,ERR,ERR,ERR,ERR,ERR,ERR,ERR,ERR,ERR,ERR,ERR,ERR,ERR,ERR,ERR,ERR,ERR,ERR,ERR,ERR,ERR,ERR,ERR,ERR,ERR,ERR,ERR,ERR,ERR,ERR,ERR,ERR,ERR,ERR,ERR,ERR,ERR,ERR,ERR,ERR,ERR,ERR,ERR,ERR,ERR,ERR,ERR,ERR,ERR,ERR,ERR,ERR,ERR,ERR,ERR,ERR,ERR,ERR,ERR,ERR,ERR,ERR,ERR,ERR,ERR,ERR,ERR,ERR,ERR,ERR,ERR,ERR,ERR,ERR,ERR,ERR,ERR,ERR,ERR,ERR,ERR,ERR,ERR,ERR,ERR,ERR,ERR,ERR,ERR,-0.0,-0.0,0.0,2.718290229135658e+23,2.012,1.3936040501711995e+18,7.805,-4.0828997592390904e+35,0,0,4,48902,6720,14723890282496.0,100,0.0,0.0,0.0,-107609184.0,0.0,0,0,0,0,0.0,0,0,0,0,0,0,0,0,0,0,0,0,0,0,0,0,0,0,0,0,0,0,0,0,0,0,0,0,0,0,0,0,0,26,51,50,76,65476,0,300,0,0,8,21553,0.0,-107605600.0,0.0,0.0,0.0,0.0,0.0,0.0,0.0,0.0,0.0,0.0,0.0,0.0,0.0,0.0,0.0,0.0,0.0,0.0,0.0,0.0,0.0,-2.004,0.0,-0.0,0.0,0.0,0.0,0.0,4739.0,3.697182615187489e+19,7308.0,-0.0,-0.0,-107615360.0,0.0,0.0,0.0,0.0,0.0,77,-0.0,-3.2219987089600715e+26,0.0,0.0,0.0,0.0,0.0,0.0,0.0,0,0,0,0.0,0.0,0.0,0.0,0.0,0.0,0.0,0.0,0.0,0.0,0.0,0.0,0.0,0.0,0.0,0.0,0,-107875648.0,77,0.0,154,0.0,-0.0,ERR,ERR,ERR,ERR,ERR,ERR,ERR,ERR,ERR,ERR,ERR,ERR,ERR,ERR,ERR,ERR,ERR,ERR,ERR,ERR,ERR,ERR,ERR,ERR,ERR,ERR,ERR,ERR,ERR,ERR,ERR,ERR,ERR,ERR,ERR,ERR,ERR,ERR,ERR,ERR,ERR,ERR,ERR,ERR,ERR,ERR,ERR,ERR,ERR,ERR,ERR,ERR,ERR,ERR,ERR,ERR,ERR,ERR,ERR,ERR,ERR,ERR,ERR,ERR,ERR,ERR,ERR,34.0,80.0,35,0.0,0.0,0.0,0.0,0.0,0.0,0.0,0.0,0.0,0.0,0.0,0.0,0.0,0.0,0.0,0.0,66.0,0,120,58,54,65476,0,300,0,0,8,20529,65476,0,0,57672,80.0,0.0,0.0,0.0,0.0,0.0
2026-06-18T02:18:14,ERR,ERR,ERR,ERR,ERR,ERR,ERR,ERR,ERR,ERR,ERR,ERR,ERR,ERR,ERR,ERR,ERR,ERR,ERR,ERR,ERR,ERR,ERR,ERR,ERR,ERR,ERR,ERR,ERR,ERR,ERR,ERR,ERR,ERR,ERR,ERR,ERR,ERR,ERR,ERR,ERR,ERR,ERR,ERR,ERR,ERR,ERR,ERR,ERR,ERR,ERR,ERR,ERR,ERR,ERR,ERR,ERR,ERR,ERR,ERR,ERR,ERR,ERR,ERR,ERR,ERR,ERR,ERR,ERR,ERR,ERR,ERR,ERR,ERR,ERR,ERR,ERR,ERR,ERR,ERR,ERR,ERR,ERR,ERR,ERR,ERR,ERR,ERR,ERR,ERR,ERR,ERR,ERR,ERR,ERR,ERR,ERR,ERR,ERR,ERR,ERR,ERR,ERR,ERR,ERR,ERR,ERR,ERR,ERR,ERR,ERR,ERR,ERR,ERR,ERR,ERR,ERR,ERR,ERR,ERR,ERR,ERR,ERR,ERR,ERR,-0.0,-0.0,0.0,-107609184.0,-0.0,1.3936040501711995e+18,7.805,0.0,0,0,4,48906,6720,14723890282496.0,100,0.0,0.0,0.0,-152005385388032.0,0.0,0,0,0,0,0.0,0,0,0,0,0,0,0,0,0,0,0,0,0,0,0,0,0,0,0,0,0,0,0,0,0,0,0,0,0,0,0,0,0,26,51,50,76,65476,0,300,0,0,8,21553,0.0,-107605600.0,0.0,0.0,0.0,0.0,0.0,0.0,0.0,0.0,0.0,0.0,0.0,0.0,0.0,0.0,0.0,0.0,0.0,0.0,0.0,0.0,0.0,-2.004,0.0,-0.0,0.0,0.0,0.0,0.0,4766.0,564145296506880.0,7307.0,-0.0,-0.0,-107615360.0,0.0,0.0,0.0,0.0,0.0,77,-0.0,-2.3088261162012456e+20,0.0,0.0,0.0,0.0,0.0,0.0,0.0,0,0,0,0.0,0.0,0.0,0.0,0.0,0.0,0.0,0.0,0.0,0.0,0.0,0.0,0.0,0.0,0.0,0.0,0,-107875648.0,77,0.0,154,0.0,-0.0,ERR,ERR,ERR,ERR,ERR,ERR,ERR,ERR,ERR,ERR,ERR,ERR,ERR,ERR,ERR,ERR,ERR,ERR,ERR,ERR,ERR,ERR,ERR,ERR,ERR,ERR,ERR,ERR,ERR,ERR,ERR,ERR,ERR,ERR,ERR,ERR,ERR,ERR,ERR,ERR,ERR,ERR,ERR,ERR,ERR,ERR,ERR,ERR,ERR,ERR,ERR,ERR,ERR,ERR,ERR,ERR,ERR,ERR,ERR,ERR,ERR,ERR,ERR,ERR,ERR,ERR,ERR,34.0,80.0,35,0.0,0.0,0.0,0.0,0.0,0.0,0.0,0.0,0.0,0.0,0.0,0.0,0.0,0.0,0.0,0.0,66.0,0,120,58,54,65476,0,300,0,0,8,20529,65476,0,0,57672,80.0,0.0,0.0,0.0,0.0,0.0
2026-06-18T02:18:15,ERR,ERR,ERR,ERR,ERR,ERR,ERR,ERR,ERR,ERR,ERR,ERR,ERR,ERR,ERR,ERR,ERR,ERR,ERR,ERR,ERR,ERR,ERR,ERR,ERR,ERR,ERR,ERR,ERR,ERR,ERR,ERR,ERR,ERR,ERR,ERR,ERR,ERR,ERR,ERR,ERR,ERR,ERR,ERR,ERR,ERR,ERR,ERR,ERR,ERR,ERR,ERR,ERR,ERR,ERR,ERR,ERR,ERR,ERR,ERR,ERR,ERR,ERR,ERR,ERR,ERR,ERR,ERR,ERR,ERR,ERR,ERR,ERR,ERR,ERR,ERR,ERR,ERR,ERR,ERR,ERR,ERR,ERR,ERR,ERR,ERR,ERR,ERR,ERR,ERR,ERR,ERR,ERR,ERR,ERR,ERR,ERR,ERR,ERR,ERR,ERR,ERR,ERR,ERR,ERR,ERR,ERR,ERR,ERR,ERR,ERR,ERR,ERR,ERR,ERR,ERR,ERR,ERR,ERR,ERR,ERR,ERR,ERR,ERR,ERR,-0.0,-0.0,0.0,-107609184.0,-0.0,1.3936040501711995e+18,7.805,0.0,0,0,4,48906,6720,14723890282496.0,100,0.0,0.0,0.0,-152005385388032.0,0.0,0,0,0,0,0.0,0,0,0,0,0,0,0,0,0,0,0,0,0,0,0,0,0,0,0,0,0,0,0,0,0,0,0,0,0,0,0,0,0,26,51,50,76,65476,0,300,0,0,8,21553,0.0,-107605600.0,0.0,0.0,0.0,0.0,0.0,0.0,0.0,0.0,0.0,0.0,0.0,0.0,0.0,0.0,0.0,0.0,0.0,0.0,0.0,0.0,0.0,-2.004,0.0,-0.0,0.0,0.0,0.0,0.0,4766.0,564145296506880.0,7307.0,-0.0,-0.0,-107615360.0,0.0,0.0,0.0,0.0,0.0,77,-0.0,-2.3088261162012456e+20,0.0,0.0,0.0,0.0,0.0,0.0,0.0,0,0,0,0.0,0.0,0.0,0.0,0.0,0.0,0.0,0.0,0.0,0.0,0.0,0.0,0.0,0.0,0.0,0.0,0,-107875648.0,77,0.0,154,0.0,-0.0,ERR,ERR,ERR,ERR,ERR,ERR,ERR,ERR,ERR,ERR,ERR,ERR,ERR,ERR,ERR,ERR,ERR,ERR,ERR,ERR,ERR,ERR,ERR,ERR,ERR,ERR,ERR,ERR,ERR,ERR,ERR,ERR,ERR,ERR,ERR,ERR,ERR,ERR,ERR,ERR,ERR,ERR,ERR,ERR,ERR,ERR,ERR,ERR,ERR,ERR,ERR,ERR,ERR,ERR,ERR,ERR,ERR,ERR,ERR,ERR,ERR,ERR,ERR,ERR,ERR,ERR,ERR,34.0,80.0,35,0.0,0.0,0.0,0.0,0.0,0.0,0.0,0.0,0.0,0.0,0.0,0.0,0.0,0.0,0.0,0.0,66.4,0,120,58,54,65476,0,300,0,0,8,20529,65476,0,0,57672,80.0,0.0,0.0,0.0,0.0,0.0
2026-06-18T02:18:16,ERR,ERR,ERR,ERR,ERR,ERR,ERR,ERR,ERR,ERR,ERR,ERR,ERR,ERR,ERR,ERR,ERR,ERR,ERR,ERR,ERR,ERR,ERR,ERR,ERR,ERR,ERR,ERR,ERR,ERR,ERR,ERR,ERR,ERR,ERR,ERR,ERR,ERR,ERR,ERR,ERR,ERR,ERR,ERR,ERR,ERR,ERR,ERR,ERR,ERR,ERR,ERR,ERR,ERR,ERR,ERR,ERR,ERR,ERR,ERR,ERR,ERR,ERR,ERR,ERR,ERR,ERR,ERR,ERR,ERR,ERR,ERR,ERR,ERR,ERR,ERR,ERR,ERR,ERR,ERR,ERR,ERR,ERR,ERR,ERR,ERR,ERR,ERR,ERR,ERR,ERR,ERR,ERR,ERR,ERR,ERR,ERR,ERR,ERR,ERR,ERR,ERR,ERR,ERR,ERR,ERR,ERR,ERR,ERR,ERR,ERR,ERR,ERR,ERR,ERR,ERR,ERR,ERR,ERR,ERR,ERR,ERR,ERR,ERR,ERR,-0.0,-0.0,0.0,-107609184.0,-0.0,1.3936040501711995e+18,7.805,0.0,0,0,4,48906,6720,14723890282496.0,100,0.0,0.0,0.0,-152005385388032.0,0.0,0,0,0,0,0.0,0,0,0,0,0,0,0,0,0,0,0,0,0,0,0,0,0,0,0,0,0,0,0,0,0,0,0,0,0,0,0,0,0,26,51,50,76,65476,0,300,0,0,8,21553,0.0,-107605600.0,0.0,0.0,0.0,0.0,0.0,0.0,0.0,0.0,0.0,0.0,0.0,0.0,0.0,0.0,0.0,0.0,0.0,0.0,0.0,0.0,0.0,-2.004,0.0,-0.0,0.0,0.0,0.0,0.0,4766.0,564145296506880.0,7307.0,-0.0,-0.0,-107615360.0,0.0,0.0,0.0,0.0,0.0,77,-0.0,-2.3088261162012456e+20,0.0,0.0,0.0,0.0,0.0,0.0,0.0,0,0,0,0.0,0.0,0.0,0.0,0.0,0.0,0.0,0.0,0.0,0.0,0.0,0.0,0.0,0.0,0.0,0.0,0,-107875648.0,77,0.0,154,0.0,-0.0,ERR,ERR,ERR,ERR,ERR,ERR,ERR,ERR,ERR,ERR,ERR,ERR,ERR,ERR,ERR,ERR,ERR,ERR,ERR,ERR,ERR,ERR,ERR,ERR,ERR,ERR,ERR,ERR,ERR,ERR,ERR,ERR,ERR,ERR,ERR,ERR,ERR,ERR,ERR,ERR,ERR,ERR,ERR,ERR,ERR,ERR,ERR,ERR,ERR,ERR,ERR,ERR,ERR,ERR,ERR,ERR,ERR,ERR,ERR,ERR,ERR,ERR,ERR,ERR,ERR,ERR,ERR,34.0,80.0,35,0.0,0.0,0.0,0.0,0.0,0.0,0.0,0.0,0.0,0.0,0.0,0.0,0.0,0.0,0.0,0.0,66.4,0,120,58,54,65476,0,300,0,0,8,20529,65476,0,0,57672,80.0,0.0,0.0,0.0,0.0,0.0
2026-06-18T02:18:17,ERR,ERR,ERR,ERR,ERR,ERR,ERR,ERR,ERR,ERR,ERR,ERR,ERR,ERR,ERR,ERR,ERR,ERR,ERR,ERR,ERR,ERR,ERR,ERR,ERR,ERR,ERR,ERR,ERR,ERR,ERR,ERR,ERR,ERR,ERR,ERR,ERR,ERR,ERR,ERR,ERR,ERR,ERR,ERR,ERR,ERR,ERR,ERR,ERR,ERR,ERR,ERR,ERR,ERR,ERR,ERR,ERR,ERR,ERR,ERR,ERR,ERR,ERR,ERR,ERR,ERR,ERR,ERR,ERR,ERR,ERR,ERR,ERR,ERR,ERR,ERR,ERR,ERR,ERR,ERR,ERR,ERR,ERR,ERR,ERR,ERR,ERR,ERR,ERR,ERR,ERR,ERR,ERR,ERR,ERR,ERR,ERR,ERR,ERR,ERR,ERR,ERR,ERR,ERR,ERR,ERR,ERR,ERR,ERR,ERR,ERR,ERR,ERR,ERR,ERR,ERR,ERR,ERR,ERR,ERR,ERR,ERR,ERR,ERR,ERR,-0.0,-0.0,0.0,-107609184.0,-0.0,1.3936040501711995e+18,7.805,0.0,0,0,4,48906,6720,14723890282496.0,100,0.0,0.0,0.0,-152005385388032.0,0.0,0,0,0,0,0.0,0,0,0,0,0,0,0,0,0,0,0,0,0,0,0,0,0,0,0,0,0,0,0,0,0,0,0,0,0,0,0,0,0,26,51,50,76,65476,0,300,0,0,8,21553,0.0,-107605600.0,0.0,0.0,0.0,0.0,0.0,0.0,0.0,0.0,0.0,0.0,0.0,0.0,0.0,0.0,0.0,0.0,0.0,0.0,0.0,0.0,0.0,-2.004,0.0,-0.0,0.0,0.0,0.0,0.0,4766.0,564145296506880.0,7307.0,-0.0,-0.0,-107615360.0,0.0,0.0,0.0,0.0,0.0,77,-0.0,-2.3088261162012456e+20,0.0,0.0,0.0,0.0,0.0,0.0,0.0,0,0,0,0.0,0.0,0.0,0.0,0.0,0.0,0.0,0.0,0.0,0.0,0.0,0.0,0.0,0.0,0.0,0.0,0,-107875648.0,77,0.0,154,0.0,-0.0,ERR,ERR,ERR,ERR,ERR,ERR,ERR,ERR,ERR,ERR,ERR,ERR,ERR,ERR,ERR,ERR,ERR,ERR,ERR,ERR,ERR,ERR,ERR,ERR,ERR,ERR,ERR,ERR,ERR,ERR,ERR,ERR,ERR,ERR,ERR,ERR,ERR,ERR,ERR,ERR,ERR,ERR,ERR,ERR,ERR,ERR,ERR,ERR,ERR,ERR,ERR,ERR,ERR,ERR,ERR,ERR,ERR,ERR,ERR,ERR,ERR,ERR,ERR,ERR,ERR,ERR,ERR,34.0,80.0,35,0.0,0.0,0.0,0.0,0.0,0.0,0.0,0.0,0.0,0.0,0.0,0.0,0.0,0.0,0.0,0.0,66.4,0,120,58,54,65476,0,300,0,0,8,20529,65476,0,0,57672,80.0,0.0,0.0,0.0,0.0,0.0
2026-06-18T02:18:18,ERR,ERR,ERR,ERR,ERR,ERR,ERR,ERR,ERR,ERR,ERR,ERR,ERR,ERR,ERR,ERR,ERR,ERR,ERR,ERR,ERR,ERR,ERR,ERR,ERR,ERR,ERR,ERR,ERR,ERR,ERR,ERR,ERR,ERR,ERR,ERR,ERR,ERR,ERR,ERR,ERR,ERR,ERR,ERR,ERR,ERR,ERR,ERR,ERR,ERR,ERR,ERR,ERR,ERR,ERR,ERR,ERR,ERR,ERR,ERR,ERR,ERR,ERR,ERR,ERR,ERR,ERR,ERR,ERR,ERR,ERR,ERR,ERR,ERR,ERR,ERR,ERR,ERR,ERR,ERR,ERR,ERR,ERR,ERR,ERR,ERR,ERR,ERR,ERR,ERR,ERR,ERR,ERR,ERR,ERR,ERR,ERR,ERR,ERR,ERR,ERR,ERR,ERR,ERR,ERR,ERR,ERR,ERR,ERR,ERR,ERR,ERR,ERR,ERR,ERR,ERR,ERR,ERR,ERR,ERR,ERR,ERR,ERR,ERR,ERR,-0.0,-0.0,0.0,-107609184.0,-0.0,1.3936040501711995e+18,7.805,0.0,0,0,4,48906,6720,14723890282496.0,100,0.0,0.0,0.0,-152005385388032.0,0.0,0,0,0,0,0.0,0,0,0,0,0,0,0,0,0,0,0,0,0,0,0,0,0,0,0,0,0,0,0,0,0,0,0,0,0,0,0,0,0,26,51,50,76,65476,0,300,0,0,8,21553,0.0,-107605600.0,0.0,0.0,0.0,0.0,0.0,0.0,0.0,0.0,0.0,0.0,0.0,0.0,0.0,0.0,0.0,0.0,0.0,0.0,0.0,0.0,0.0,-2.004,0.0,-0.0,0.0,0.0,0.0,0.0,4766.0,564145296506880.0,7307.0,-0.0,-0.0,-107615360.0,0.0,0.0,0.0,0.0,0.0,77,-0.0,-2.3088261162012456e+20,0.0,0.0,0.0,0.0,0.0,0.0,0.0,0,0,0,0.0,0.0,0.0,0.0,0.0,0.0,0.0,0.0,0.0,0.0,0.0,0.0,0.0,0.0,0.0,0.0,0,-107875648.0,77,0.0,154,0.0,-0.0,ERR,ERR,ERR,ERR,ERR,ERR,ERR,ERR,ERR,ERR,ERR,ERR,ERR,ERR,ERR,ERR,ERR,ERR,ERR,ERR,ERR,ERR,ERR,ERR,ERR,ERR,ERR,ERR,ERR,ERR,ERR,ERR,ERR,ERR,ERR,ERR,ERR,ERR,ERR,ERR,ERR,ERR,ERR,ERR,ERR,ERR,ERR,ERR,ERR,ERR,ERR,ERR,ERR,ERR,ERR,ERR,ERR,ERR,ERR,ERR,ERR,ERR,ERR,ERR,ERR,ERR,ERR,34.0,80.0,35,0.0,0.0,0.0,0.0,0.0,0.0,0.0,0.0,0.0,0.0,0.0,0.0,0.0,0.0,0.0,0.0,66.4,0,120,58,54,65476,0,300,0,0,8,20529,65476,0,0,57672,80.0,0.0,0.0,0.0,0.0,0.0
2026-06-18T02:18:19,ERR,ERR,ERR,ERR,ERR,ERR,ERR,ERR,ERR,ERR,ERR,ERR,ERR,ERR,ERR,ERR,ERR,ERR,ERR,ERR,ERR,ERR,ERR,ERR,ERR,ERR,ERR,ERR,ERR,ERR,ERR,ERR,ERR,ERR,ERR,ERR,ERR,ERR,ERR,ERR,ERR,ERR,ERR,ERR,ERR,ERR,ERR,ERR,ERR,ERR,ERR,ERR,ERR,ERR,ERR,ERR,ERR,ERR,ERR,ERR,ERR,ERR,ERR,ERR,ERR,ERR,ERR,ERR,ERR,ERR,ERR,ERR,ERR,ERR,ERR,ERR,ERR,ERR,ERR,ERR,ERR,ERR,ERR,ERR,ERR,ERR,ERR,ERR,ERR,ERR,ERR,ERR,ERR,ERR,ERR,ERR,ERR,ERR,ERR,ERR,ERR,ERR,ERR,ERR,ERR,ERR,ERR,ERR,ERR,ERR,ERR,ERR,ERR,ERR,ERR,ERR,ERR,ERR,ERR,ERR,ERR,ERR,ERR,ERR,ERR,-0.0,-0.0,0.0,-0.0,2.012,1.3936040501711995e+18,7.805,-1.8245132555090963e+22,0,0,4,48901,6720,14723890282496.0,100,0.0,0.0,0.0,-0.0,0.0,0,0,0,0,0.0,0,0,0,0,0,0,0,0,0,0,0,0,0,0,0,0,0,0,0,0,0,0,0,0,0,0,0,0,0,0,0,0,0,26,51,50,76,65476,0,300,0,0,8,21553,0.0,-107605600.0,0.0,0.0,0.0,0.0,0.0,0.0,0.0,0.0,0.0,0.0,0.0,0.0,0.0,0.0,0.0,0.0,0.0,0.0,0.0,0.0,0.0,-2.004,0.0,-0.0,0.0,0.0,0.0,0.0,4737.0,564145296506880.0,7307.0,-0.0,-0.0,-107615360.0,0.0,0.0,0.0,0.0,0.0,77,-0.0,-2.3088261162012456e+20,0.0,0.0,0.0,0.0,0.0,0.0,0.0,0,0,0,0.0,0.0,0.0,0.0,0.0,0.0,0.0,0.0,0.0,0.0,0.0,0.0,0.0,0.0,0.0,0.0,0,-107875648.0,77,0.0,154,0.0,-0.0,ERR,ERR,ERR,ERR,ERR,ERR,ERR,ERR,ERR,ERR,ERR,ERR,ERR,ERR,ERR,ERR,ERR,ERR,ERR,ERR,ERR,ERR,ERR,ERR,ERR,ERR,ERR,ERR,ERR,ERR,ERR,ERR,ERR,ERR,ERR,ERR,ERR,ERR,ERR,ERR,ERR,ERR,ERR,ERR,ERR,ERR,ERR,ERR,ERR,ERR,ERR,ERR,ERR,ERR,ERR,ERR,ERR,ERR,ERR,ERR,ERR,ERR,ERR,ERR,ERR,ERR,ERR,34.0,80.0,35,0.0,0.0,0.0,0.0,0.0,0.0,0.0,0.0,0.0,0.0,0.0,0.0,0.0,0.0,0.0,0.0,66.0,0,120,58,54,65476,0,300,0,0,8,20529,65476,0,0,57672,80.0,0.0,0.0,0.0,0.0,0.0
2026-06-18T02:18:20,ERR,ERR,ERR,ERR,ERR,ERR,ERR,ERR,ERR,ERR,ERR,ERR,ERR,ERR,ERR,ERR,ERR,ERR,ERR,ERR,ERR,ERR,ERR,ERR,ERR,ERR,ERR,ERR,ERR,ERR,ERR,ERR,ERR,ERR,ERR,ERR,ERR,ERR,ERR,ERR,ERR,ERR,ERR,ERR,ERR,ERR,ERR,ERR,ERR,ERR,ERR,ERR,ERR,ERR,ERR,ERR,ERR,ERR,ERR,ERR,ERR,ERR,ERR,ERR,ERR,ERR,ERR,ERR,ERR,ERR,ERR,ERR,ERR,ERR,ERR,ERR,ERR,ERR,ERR,ERR,ERR,ERR,ERR,ERR,ERR,ERR,ERR,ERR,ERR,ERR,ERR,ERR,ERR,ERR,ERR,ERR,ERR,ERR,ERR,ERR,ERR,ERR,ERR,ERR,ERR,ERR,ERR,ERR,ERR,ERR,ERR,ERR,ERR,ERR,ERR,ERR,ERR,ERR,ERR,ERR,ERR,ERR,ERR,ERR,ERR,-0.0,-0.0,0.0,-0.0,2.012,1.3936040501711995e+18,7.805,-1.8245132555090963e+22,0,0,4,48901,6720,14723890282496.0,100,0.0,0.0,0.0,-0.0,0.0,0,0,0,0,0.0,0,0,0,0,0,0,0,0,0,0,0,0,0,0,0,0,0,0,0,0,0,0,0,0,0,0,0,0,0,0,0,0,0,26,51,50,76,65476,0,300,0,0,8,21553,0.0,-107605600.0,0.0,0.0,0.0,0.0,0.0,0.0,0.0,0.0,0.0,0.0,0.0,0.0,0.0,0.0,0.0,0.0,0.0,0.0,0.0,0.0,0.0,-2.004,0.0,-0.0,0.0,0.0,0.0,0.0,4737.0,564145296506880.0,7307.0,-0.0,-0.0,-107615360.0,0.0,0.0,0.0,0.0,0.0,77,-0.0,-2.3088261162012456e+20,0.0,0.0,0.0,0.0,0.0,0.0,0.0,0,0,0,0.0,0.0,0.0,0.0,0.0,0.0,0.0,0.0,0.0,0.0,0.0,0.0,0.0,0.0,0.0,0.0,0,-107875648.0,77,0.0,154,0.0,-0.0,ERR,ERR,ERR,ERR,ERR,ERR,ERR,ERR,ERR,ERR,ERR,ERR,ERR,ERR,ERR,ERR,ERR,ERR,ERR,ERR,ERR,ERR,ERR,ERR,ERR,ERR,ERR,ERR,ERR,ERR,ERR,ERR,ERR,ERR,ERR,ERR,ERR,ERR,ERR,ERR,ERR,ERR,ERR,ERR,ERR,ERR,ERR,ERR,ERR,ERR,ERR,ERR,ERR,ERR,ERR,ERR,ERR,ERR,ERR,ERR,ERR,ERR,ERR,ERR,ERR,ERR,ERR,34.0,80.0,35,0.0,0.0,0.0,0.0,0.0,0.0,0.0,0.0,0.0,0.0,0.0,0.0,0.0,0.0,0.0,0.0,66.0,0,120,58,54,65476,0,300,0,0,8,20529,65476,0,0,57672,80.0,0.0,0.0,0.0,0.0,0.0
2026-06-18T02:18:21,ERR,ERR,ERR,ERR,ERR,ERR,ERR,ERR,ERR,ERR,ERR,ERR,ERR,ERR,ERR,ERR,ERR,ERR,ERR,ERR,ERR,ERR,ERR,ERR,ERR,ERR,ERR,ERR,ERR,ERR,ERR,ERR,ERR,ERR,ERR,ERR,ERR,ERR,ERR,ERR,ERR,ERR,ERR,ERR,ERR,ERR,ERR,ERR,ERR,ERR,ERR,ERR,ERR,ERR,ERR,ERR,ERR,ERR,ERR,ERR,ERR,ERR,ERR,ERR,ERR,ERR,ERR,ERR,ERR,ERR,ERR,ERR,ERR,ERR,ERR,ERR,ERR,ERR,ERR,ERR,ERR,ERR,ERR,ERR,ERR,ERR,ERR,ERR,ERR,ERR,ERR,ERR,ERR,ERR,ERR,ERR,ERR,ERR,ERR,ERR,ERR,ERR,ERR,ERR,ERR,ERR,ERR,ERR,ERR,ERR,ERR,ERR,ERR,ERR,ERR,ERR,ERR,ERR,ERR,ERR,ERR,ERR,ERR,ERR,ERR,-0.0,-0.0,0.0,-0.0,2.012,1.3936040501711995e+18,7.805,-1.8245132555090963e+22,0,0,4,48901,6720,14723890282496.0,100,0.0,0.0,0.0,-0.0,0.0,0,0,0,0,0.0,0,0,0,0,0,0,0,0,0,0,0,0,0,0,0,0,0,0,0,0,0,0,0,0,0,0,0,0,0,0,0,0,0,26,51,50,76,65476,0,300,0,0,8,21553,0.0,-107605600.0,0.0,0.0,0.0,0.0,0.0,0.0,0.0,0.0,0.0,0.0,0.0,0.0,0.0,0.0,0.0,0.0,0.0,0.0,0.0,0.0,0.0,-2.004,0.0,-0.0,0.0,0.0,0.0,0.0,4737.0,564145296506880.0,7307.0,-0.0,-0.0,-107615360.0,0.0,0.0,0.0,0.0,0.0,77,-0.0,-2.3088261162012456e+20,0.0,0.0,0.0,0.0,0.0,0.0,0.0,0,0,0,0.0,0.0,0.0,0.0,0.0,0.0,0.0,0.0,0.0,0.0,0.0,0.0,0.0,0.0,0.0,0.0,0,-107875648.0,77,0.0,154,0.0,-0.0,ERR,ERR,ERR,ERR,ERR,ERR,ERR,ERR,ERR,ERR,ERR,ERR,ERR,ERR,ERR,ERR,ERR,ERR,ERR,ERR,ERR,ERR,ERR,ERR,ERR,ERR,ERR,ERR,ERR,ERR,ERR,ERR,ERR,ERR,ERR,ERR,ERR,ERR,ERR,ERR,ERR,ERR,ERR,ERR,ERR,ERR,ERR,ERR,ERR,ERR,ERR,ERR,ERR,ERR,ERR,ERR,ERR,ERR,ERR,ERR,ERR,ERR,ERR,ERR,ERR,ERR,ERR,34.0,80.0,35,0.0,0.0,0.0,0.0,0.0,0.0,0.0,0.0,0.0,0.0,0.0,0.0,0.0,0.0,0.0,0.0,66.0,0,120,58,54,65476,0,300,0,0,8,20529,65476,0,0,57672,80.0,0.0,0.0,0.0,0.0,0.0
2026-06-18T02:18:22,ERR,ERR,ERR,ERR,ERR,ERR,ERR,ERR,ERR,ERR,ERR,ERR,ERR,ERR,ERR,ERR,ERR,ERR,ERR,ERR,ERR,ERR,ERR,ERR,ERR,ERR,ERR,ERR,ERR,ERR,ERR,ERR,ERR,ERR,ERR,ERR,ERR,ERR,ERR,ERR,ERR,ERR,ERR,ERR,ERR,ERR,ERR,ERR,ERR,ERR,ERR,ERR,ERR,ERR,ERR,ERR,ERR,ERR,ERR,ERR,ERR,ERR,ERR,ERR,ERR,ERR,ERR,ERR,ERR,ERR,ERR,ERR,ERR,ERR,ERR,ERR,ERR,ERR,ERR,ERR,ERR,ERR,ERR,ERR,ERR,ERR,ERR,ERR,ERR,ERR,ERR,ERR,ERR,ERR,ERR,ERR,ERR,ERR,ERR,ERR,ERR,ERR,ERR,ERR,ERR,ERR,ERR,ERR,ERR,ERR,ERR,ERR,ERR,ERR,ERR,ERR,ERR,ERR,ERR,ERR,ERR,ERR,ERR,ERR,ERR,-0.0,-0.0,0.0,-0.0,2.012,1.3936040501711995e+18,7.805,-1.8245132555090963e+22,0,0,4,48901,6720,14723890282496.0,100,0.0,0.0,0.0,-0.0,0.0,0,0,0,0,0.0,0,0,0,0,0,0,0,0,0,0,0,0,0,0,0,0,0,0,0,0,0,0,0,0,0,0,0,0,0,0,0,0,0,26,51,50,76,65476,0,300,0,0,8,21553,0.0,-107605600.0,0.0,0.0,0.0,0.0,0.0,0.0,0.0,0.0,0.0,0.0,0.0,0.0,0.0,0.0,0.0,0.0,0.0,0.0,0.0,0.0,0.0,-2.004,0.0,-0.0,0.0,0.0,0.0,0.0,4737.0,564145296506880.0,7307.0,-0.0,-0.0,-107615360.0,0.0,0.0,0.0,0.0,0.0,77,-0.0,-2.3088261162012456e+20,0.0,0.0,0.0,0.0,0.0,0.0,0.0,0,0,0,0.0,0.0,0.0,0.0,0.0,0.0,0.0,0.0,0.0,0.0,0.0,0.0,0.0,0.0,0.0,0.0,0,-107875648.0,77,0.0,154,0.0,-0.0,ERR,ERR,ERR,ERR,ERR,ERR,ERR,ERR,ERR,ERR,ERR,ERR,ERR,ERR,ERR,ERR,ERR,ERR,ERR,ERR,ERR,ERR,ERR,ERR,ERR,ERR,ERR,ERR,ERR,ERR,ERR,ERR,ERR,ERR,ERR,ERR,ERR,ERR,ERR,ERR,ERR,ERR,ERR,ERR,ERR,ERR,ERR,ERR,ERR,ERR,ERR,ERR,ERR,ERR,ERR,ERR,ERR,ERR,ERR,ERR,ERR,ERR,ERR,ERR,ERR,ERR,ERR,34.0,80.0,35,0.0,0.0,0.0,0.0,0.0,0.0,0.0,0.0,0.0,0.0,0.0,0.0,0.0,0.0,0.0,0.0,66.0,0,120,58,54,65476,0,300,0,0,8,20529,65476,0,0,57672,80.0,0.0,0.0,0.0,0.0,0.0
2026-06-18T02:18:23,ERR,ERR,ERR,ERR,ERR,ERR,ERR,ERR,ERR,ERR,ERR,ERR,ERR,ERR,ERR,ERR,ERR,ERR,ERR,ERR,ERR,ERR,ERR,ERR,ERR,ERR,ERR,ERR,ERR,ERR,ERR,ERR,ERR,ERR,ERR,ERR,ERR,ERR,ERR,ERR,ERR,ERR,ERR,ERR,ERR,ERR,ERR,ERR,ERR,ERR,ERR,ERR,ERR,ERR,ERR,ERR,ERR,ERR,ERR,ERR,ERR,ERR,ERR,ERR,ERR,ERR,ERR,ERR,ERR,ERR,ERR,ERR,ERR,ERR,ERR,ERR,ERR,ERR,ERR,ERR,ERR,ERR,ERR,ERR,ERR,ERR,ERR,ERR,ERR,ERR,ERR,ERR,ERR,ERR,ERR,ERR,ERR,ERR,ERR,ERR,ERR,ERR,ERR,ERR,ERR,ERR,ERR,ERR,ERR,ERR,ERR,ERR,ERR,ERR,ERR,ERR,ERR,ERR,ERR,ERR,ERR,ERR,ERR,ERR,ERR,-0.0,-0.0,0.0,-0.0,2.012,1.3936040501711995e+18,7.805,-1.8245132555090963e+22,0,0,4,48901,6720,14723890282496.0,100,0.0,0.0,0.0,-0.0,0.0,0,0,0,0,0.0,0,0,0,0,0,0,0,0,0,0,0,0,0,0,0,0,0,0,0,0,0,0,0,0,0,0,0,0,0,0,0,0,0,26,51,50,76,65476,0,300,0,0,8,21553,0.0,-107605600.0,0.0,0.0,0.0,0.0,0.0,0.0,0.0,0.0,0.0,0.0,0.0,0.0,0.0,0.0,0.0,0.0,0.0,0.0,0.0,0.0,0.0,-2.004,0.0,-0.0,0.0,0.0,0.0,0.0,4737.0,564145296506880.0,7307.0,-0.0,-0.0,-107615360.0,0.0,0.0,0.0,0.0,0.0,77,-0.0,-2.3088261162012456e+20,0.0,0.0,0.0,0.0,0.0,0.0,0.0,0,0,0,0.0,0.0,0.0,0.0,0.0,0.0,0.0,0.0,0.0,0.0,0.0,0.0,0.0,0.0,0.0,0.0,0,-107875648.0,77,0.0,154,0.0,-0.0,ERR,ERR,ERR,ERR,ERR,ERR,ERR,ERR,ERR,ERR,ERR,ERR,ERR,ERR,ERR,ERR,ERR,ERR,ERR,ERR,ERR,ERR,ERR,ERR,ERR,ERR,ERR,ERR,ERR,ERR,ERR,ERR,ERR,ERR,ERR,ERR,ERR,ERR,ERR,ERR,ERR,ERR,ERR,ERR,ERR,ERR,ERR,ERR,ERR,ERR,ERR,ERR,ERR,ERR,ERR,ERR,ERR,ERR,ERR,ERR,ERR,ERR,ERR,ERR,ERR,ERR,ERR,34.0,80.0,35,0.0,0.0,0.0,0.0,0.0,0.0,0.0,0.0,0.0,0.0,0.0,0.0,0.0,0.0,0.0,0.0,66.0,0,120,58,54,65476,0,300,0,0,8,20529,65476,0,0,57672,80.0,0.0,0.0,0.0,0.0,0.0
2026-06-18T02:18:24,ERR,ERR,ERR,ERR,ERR,ERR,ERR,ERR,ERR,ERR,ERR,ERR,ERR,ERR,ERR,ERR,ERR,ERR,ERR,ERR,ERR,ERR,ERR,ERR,ERR,ERR,ERR,ERR,ERR,ERR,ERR,ERR,ERR,ERR,ERR,ERR,ERR,ERR,ERR,ERR,ERR,ERR,ERR,ERR,ERR,ERR,ERR,ERR,ERR,ERR,ERR,ERR,ERR,ERR,ERR,ERR,ERR,ERR,ERR,ERR,ERR,ERR,ERR,ERR,ERR,ERR,ERR,ERR,ERR,ERR,ERR,ERR,ERR,ERR,ERR,ERR,ERR,ERR,ERR,ERR,ERR,ERR,ERR,ERR,ERR,ERR,ERR,ERR,ERR,ERR,ERR,ERR,ERR,ERR,ERR,ERR,ERR,ERR,ERR,ERR,ERR,ERR,ERR,ERR,ERR,ERR,ERR,ERR,ERR,ERR,ERR,ERR,ERR,ERR,ERR,ERR,ERR,ERR,ERR,ERR,ERR,ERR,ERR,ERR,ERR,-0.0,-0.0,0.0,0.0,0.0,1.3936040501711995e+18,7.805,-0.0,0,0,4,48904,6720,14723890282496.0,100,0.0,0.0,0.0,-0.0,0.0,0,0,0,0,0.0,0,0,0,0,0,0,0,0,0,0,0,0,0,0,0,0,0,0,0,0,0,0,0,0,0,0,0,0,0,0,0,0,0,26,51,50,76,65476,0,300,0,0,8,21553,0.0,-107605600.0,0.0,0.0,0.0,0.0,0.0,0.0,0.0,0.0,0.0,0.0,0.0,0.0,0.0,0.0,0.0,0.0,0.0,0.0,0.0,0.0,0.0,-2.004,0.0,-0.0,0.0,0.0,0.0,0.0,4739.0,-0.0,7312.0,-0.0,-0.0,0.0,0.0,0.0,0.0,0.0,0.0,77,-0.0,0.0,0.0,0.0,0.0,0.0,0.0,0.0,0.0,0,0,0,0.0,0.0,0.0,0.0,0.0,0.0,0.0,0.0,0.0,0.0,0.0,0.0,0.0,0.0,0.0,0.0,0,-107875648.0,77,0.0,154,0.0,-0.0,ERR,ERR,ERR,ERR,ERR,ERR,ERR,ERR,ERR,ERR,ERR,ERR,ERR,ERR,ERR,ERR,ERR,ERR,ERR,ERR,ERR,ERR,ERR,ERR,ERR,ERR,ERR,ERR,ERR,ERR,ERR,ERR,ERR,ERR,ERR,ERR,ERR,ERR,ERR,ERR,ERR,ERR,ERR,ERR,ERR,ERR,ERR,ERR,ERR,ERR,ERR,ERR,ERR,ERR,ERR,ERR,ERR,ERR,ERR,ERR,ERR,ERR,ERR,ERR,ERR,ERR,ERR,34.0,80.0,35,0.0,0.0,0.0,0.0,0.0,0.0,0.0,0.0,0.0,0.0,0.0,0.0,0.0,0.0,0.0,0.0,66.0,0,120,58,54,65476,0,300,0,0,8,20529,65476,0,0,57672,80.0,0.0,0.0,0.0,0.0,0.0
2026-06-18T02:18:25,ERR,ERR,ERR,ERR,ERR,ERR,ERR,ERR,ERR,ERR,ERR,ERR,ERR,ERR,ERR,ERR,ERR,ERR,ERR,ERR,ERR,ERR,ERR,ERR,ERR,ERR,ERR,ERR,ERR,ERR,ERR,ERR,ERR,ERR,ERR,ERR,ERR,ERR,ERR,ERR,ERR,ERR,ERR,ERR,ERR,ERR,ERR,ERR,ERR,ERR,ERR,ERR,ERR,ERR,ERR,ERR,ERR,ERR,ERR,ERR,ERR,ERR,ERR,ERR,ERR,ERR,ERR,ERR,ERR,ERR,ERR,ERR,ERR,ERR,ERR,ERR,ERR,ERR,ERR,ERR,ERR,ERR,ERR,ERR,ERR,ERR,ERR,ERR,ERR,ERR,ERR,ERR,ERR,ERR,ERR,ERR,ERR,ERR,ERR,ERR,ERR,ERR,ERR,ERR,ERR,ERR,ERR,ERR,ERR,ERR,ERR,ERR,ERR,ERR,ERR,ERR,ERR,ERR,ERR,ERR,ERR,ERR,ERR,ERR,ERR,-0.0,-0.0,0.0,0.0,0.0,1.3936040501711995e+18,7.805,-0.0,0,0,4,48904,6720,14723890282496.0,100,0.0,0.0,0.0,-0.0,0.0,0,0,0,0,0.0,0,0,0,0,0,0,0,0,0,0,0,0,0,0,0,0,0,0,0,0,0,0,0,0,0,0,0,0,0,0,0,0,0,26,51,50,76,65476,0,300,0,0,8,21553,0.0,-107605600.0,0.0,0.0,0.0,0.0,0.0,0.0,0.0,0.0,0.0,0.0,0.0,0.0,0.0,0.0,0.0,0.0,0.0,0.0,0.0,0.0,0.0,-2.004,0.0,-0.0,0.0,0.0,0.0,0.0,4739.0,-0.0,7312.0,-0.0,-0.0,0.0,0.0,0.0,0.0,0.0,0.0,77,-0.0,0.0,0.0,0.0,0.0,0.0,0.0,0.0,0.0,0,0,0,0.0,0.0,0.0,0.0,0.0,0.0,0.0,0.0,0.0,0.0,0.0,0.0,0.0,0.0,0.0,0.0,0,-107875648.0,77,0.0,154,0.0,-0.0,ERR,ERR,ERR,ERR,ERR,ERR,ERR,ERR,ERR,ERR,ERR,ERR,ERR,ERR,ERR,ERR,ERR,ERR,ERR,ERR,ERR,ERR,ERR,ERR,ERR,ERR,ERR,ERR,ERR,ERR,ERR,ERR,ERR,ERR,ERR,ERR,ERR,ERR,ERR,ERR,ERR,ERR,ERR,ERR,ERR,ERR,ERR,ERR,ERR,ERR,ERR,ERR,ERR,ERR,ERR,ERR,ERR,ERR,ERR,ERR,ERR,ERR,ERR,ERR,ERR,ERR,ERR,34.0,80.0,35,0.0,0.0,0.0,0.0,0.0,0.0,0.0,0.0,0.0,0.0,0.0,0.0,0.0,0.0,0.0,0.0,66.0,0,120,58,54,65476,0,300,0,0,8,20529,65476,0,0,57672,80.0,0.0,0.0,0.0,0.0,0.0
2026-06-18T02:18:26,ERR,ERR,ERR,ERR,ERR,ERR,ERR,ERR,ERR,ERR,ERR,ERR,ERR,ERR,ERR,ERR,ERR,ERR,ERR,ERR,ERR,ERR,ERR,ERR,ERR,ERR,ERR,ERR,ERR,ERR,ERR,ERR,ERR,ERR,ERR,ERR,ERR,ERR,ERR,ERR,ERR,ERR,ERR,ERR,ERR,ERR,ERR,ERR,ERR,ERR,ERR,ERR,ERR,ERR,ERR,ERR,ERR,ERR,ERR,ERR,ERR,ERR,ERR,ERR,ERR,ERR,ERR,ERR,ERR,ERR,ERR,ERR,ERR,ERR,ERR,ERR,ERR,ERR,ERR,ERR,ERR,ERR,ERR,ERR,ERR,ERR,ERR,ERR,ERR,ERR,ERR,ERR,ERR,ERR,ERR,ERR,ERR,ERR,ERR,ERR,ERR,ERR,ERR,ERR,ERR,ERR,ERR,ERR,ERR,ERR,ERR,ERR,ERR,ERR,ERR,ERR,ERR,ERR,ERR,ERR,ERR,ERR,ERR,ERR,ERR,-0.0,-0.0,0.0,0.0,0.0,1.3936040501711995e+18,7.805,-0.0,0,0,4,48904,6720,14723890282496.0,100,0.0,0.0,0.0,-0.0,0.0,0,0,0,0,0.0,0,0,0,0,0,0,0,0,0,0,0,0,0,0,0,0,0,0,0,0,0,0,0,0,0,0,0,0,0,0,0,0,0,26,51,50,76,65476,0,300,0,0,8,21553,0.0,-107605600.0,0.0,0.0,0.0,0.0,0.0,0.0,0.0,0.0,0.0,0.0,0.0,0.0,0.0,0.0,0.0,0.0,0.0,0.0,0.0,0.0,0.0,-2.004,0.0,-0.0,0.0,0.0,0.0,0.0,4739.0,-0.0,7312.0,-0.0,-0.0,0.0,0.0,0.0,0.0,0.0,0.0,77,-0.0,0.0,0.0,0.0,0.0,0.0,0.0,0.0,0.0,0,0,0,0.0,0.0,0.0,0.0,0.0,0.0,0.0,0.0,0.0,0.0,0.0,0.0,0.0,0.0,0.0,0.0,0,-107875648.0,77,0.0,154,0.0,-0.0,ERR,ERR,ERR,ERR,ERR,ERR,ERR,ERR,ERR,ERR,ERR,ERR,ERR,ERR,ERR,ERR,ERR,ERR,ERR,ERR,ERR,ERR,ERR,ERR,ERR,ERR,ERR,ERR,ERR,ERR,ERR,ERR,ERR,ERR,ERR,ERR,ERR,ERR,ERR,ERR,ERR,ERR,ERR,ERR,ERR,ERR,ERR,ERR,ERR,ERR,ERR,ERR,ERR,ERR,ERR,ERR,ERR,ERR,ERR,ERR,ERR,ERR,ERR,ERR,ERR,ERR,ERR,34.0,80.0,35,0.0,0.0,0.0,0.0,0.0,0.0,0.0,0.0,0.0,0.0,0.0,0.0,0.0,0.0,0.0,0.0,66.0,0,120,58,54,65476,0,300,0,0,8,20529,65476,0,0,57672,80.0,0.0,0.0,0.0,0.0,0.0
2026-06-18T02:18:27,ERR,ERR,ERR,ERR,ERR,ERR,ERR,ERR,ERR,ERR,ERR,ERR,ERR,ERR,ERR,ERR,ERR,ERR,ERR,ERR,ERR,ERR,ERR,ERR,ERR,ERR,ERR,ERR,ERR,ERR,ERR,ERR,ERR,ERR,ERR,ERR,ERR,ERR,ERR,ERR,ERR,ERR,ERR,ERR,ERR,ERR,ERR,ERR,ERR,ERR,ERR,ERR,ERR,ERR,ERR,ERR,ERR,ERR,ERR,ERR,ERR,ERR,ERR,ERR,ERR,ERR,ERR,ERR,ERR,ERR,ERR,ERR,ERR,ERR,ERR,ERR,ERR,ERR,ERR,ERR,ERR,ERR,ERR,ERR,ERR,ERR,ERR,ERR,ERR,ERR,ERR,ERR,ERR,ERR,ERR,ERR,ERR,ERR,ERR,ERR,ERR,ERR,ERR,ERR,ERR,ERR,ERR,ERR,ERR,ERR,ERR,ERR,ERR,ERR,ERR,ERR,ERR,ERR,ERR,ERR,ERR,ERR,ERR,ERR,ERR,-0.0,-0.0,0.0,0.0,0.0,1.3936040501711995e+18,7.805,-0.0,0,0,4,48904,6720,14723890282496.0,100,0.0,0.0,0.0,-0.0,0.0,0,0,0,0,0.0,0,0,0,0,0,0,0,0,0,0,0,0,0,0,0,0,0,0,0,0,0,0,0,0,0,0,0,0,0,0,0,0,0,26,51,50,76,65476,0,300,0,0,8,21553,0.0,-107605600.0,0.0,0.0,0.0,0.0,0.0,0.0,0.0,0.0,0.0,0.0,0.0,0.0,0.0,0.0,0.0,0.0,0.0,0.0,0.0,0.0,0.0,-2.004,0.0,-0.0,0.0,0.0,0.0,0.0,4739.0,-0.0,7312.0,-0.0,-0.0,0.0,0.0,0.0,0.0,0.0,0.0,77,-0.0,0.0,0.0,0.0,0.0,0.0,0.0,0.0,0.0,0,0,0,0.0,0.0,0.0,0.0,0.0,0.0,0.0,0.0,0.0,0.0,0.0,0.0,0.0,0.0,0.0,0.0,0,-107875648.0,77,0.0,154,0.0,-0.0,ERR,ERR,ERR,ERR,ERR,ERR,ERR,ERR,ERR,ERR,ERR,ERR,ERR,ERR,ERR,ERR,ERR,ERR,ERR,ERR,ERR,ERR,ERR,ERR,ERR,ERR,ERR,ERR,ERR,ERR,ERR,ERR,ERR,ERR,ERR,ERR,ERR,ERR,ERR,ERR,ERR,ERR,ERR,ERR,ERR,ERR,ERR,ERR,ERR,ERR,ERR,ERR,ERR,ERR,ERR,ERR,ERR,ERR,ERR,ERR,ERR,ERR,ERR,ERR,ERR,ERR,ERR,34.0,80.0,35,0.0,0.0,0.0,0.0,0.0,0.0,0.0,0.0,0.0,0.0,0.0,0.0,0.0,0.0,0.0,0.0,66.0,0,120,58,54,65476,0,300,0,0,8,20529,65476,0,0,57672,80.0,0.0,0.0,0.0,0.0,0.0
2026-06-18T02:18:28,ERR,ERR,ERR,ERR,ERR,ERR,ERR,ERR,ERR,ERR,ERR,ERR,ERR,ERR,ERR,ERR,ERR,ERR,ERR,ERR,ERR,ERR,ERR,ERR,ERR,ERR,ERR,ERR,ERR,ERR,ERR,ERR,ERR,ERR,ERR,ERR,ERR,ERR,ERR,ERR,ERR,ERR,ERR,ERR,ERR,ERR,ERR,ERR,ERR,ERR,ERR,ERR,ERR,ERR,ERR,ERR,ERR,ERR,ERR,ERR,ERR,ERR,ERR,ERR,ERR,ERR,ERR,ERR,ERR,ERR,ERR,ERR,ERR,ERR,ERR,ERR,ERR,ERR,ERR,ERR,ERR,ERR,ERR,ERR,ERR,ERR,ERR,ERR,ERR,ERR,ERR,ERR,ERR,ERR,ERR,ERR,ERR,ERR,ERR,ERR,ERR,ERR,ERR,ERR,ERR,ERR,ERR,ERR,ERR,ERR,ERR,ERR,ERR,ERR,ERR,ERR,ERR,ERR,ERR,ERR,ERR,ERR,ERR,ERR,ERR,-0.0,-0.0,0.0,0.0,0.0,1.3936040501711995e+18,7.805,-0.0,0,0,4,48904,6720,14723890282496.0,100,0.0,0.0,0.0,-0.0,0.0,0,0,0,0,0.0,0,0,0,0,0,0,0,0,0,0,0,0,0,0,0,0,0,0,0,0,0,0,0,0,0,0,0,0,0,0,0,0,0,26,51,50,76,65476,0,300,0,0,8,21553,0.0,-107605600.0,0.0,0.0,0.0,0.0,0.0,0.0,0.0,0.0,0.0,0.0,0.0,0.0,0.0,0.0,0.0,0.0,0.0,0.0,0.0,0.0,0.0,-2.004,0.0,-0.0,0.0,0.0,0.0,0.0,4739.0,-0.0,7312.0,-0.0,-0.0,0.0,0.0,0.0,0.0,0.0,0.0,77,-0.0,0.0,0.0,0.0,0.0,0.0,0.0,0.0,0.0,0,0,0,0.0,0.0,0.0,0.0,0.0,0.0,0.0,0.0,0.0,0.0,0.0,0.0,0.0,0.0,0.0,0.0,0,-107875648.0,77,0.0,154,0.0,-0.0,ERR,ERR,ERR,ERR,ERR,ERR,ERR,ERR,ERR,ERR,ERR,ERR,ERR,ERR,ERR,ERR,ERR,ERR,ERR,ERR,ERR,ERR,ERR,ERR,ERR,ERR,ERR,ERR,ERR,ERR,ERR,ERR,ERR,ERR,ERR,ERR,ERR,ERR,ERR,ERR,ERR,ERR,ERR,ERR,ERR,ERR,ERR,ERR,ERR,ERR,ERR,ERR,ERR,ERR,ERR,ERR,ERR,ERR,ERR,ERR,ERR,ERR,ERR,ERR,ERR,ERR,ERR,34.0,80.0,35,0.0,0.0,0.0,0.0,0.0,0.0,0.0,0.0,0.0,0.0,0.0,0.0,0.0,0.0,0.0,0.0,66.0,0,120,58,54,65476,0,300,0,0,8,20529,65476,0,0,57672,80.0,0.0,0.0,0.0,0.0,0.0
2026-06-18T02:18:29,ERR,ERR,ERR,ERR,ERR,ERR,ERR,ERR,ERR,ERR,ERR,ERR,ERR,ERR,ERR,ERR,ERR,ERR,ERR,ERR,ERR,ERR,ERR,ERR,ERR,ERR,ERR,ERR,ERR,ERR,ERR,ERR,ERR,ERR,ERR,ERR,ERR,ERR,ERR,ERR,ERR,ERR,ERR,ERR,ERR,ERR,ERR,ERR,ERR,ERR,ERR,ERR,ERR,ERR,ERR,ERR,ERR,ERR,ERR,ERR,ERR,ERR,ERR,ERR,ERR,ERR,ERR,ERR,ERR,ERR,ERR,ERR,ERR,ERR,ERR,ERR,ERR,ERR,ERR,ERR,ERR,ERR,ERR,ERR,ERR,ERR,ERR,ERR,ERR,ERR,ERR,ERR,ERR,ERR,ERR,ERR,ERR,ERR,ERR,ERR,ERR,ERR,ERR,ERR,ERR,ERR,ERR,ERR,ERR,ERR,ERR,ERR,ERR,ERR,ERR,ERR,ERR,ERR,ERR,ERR,ERR,ERR,ERR,ERR,ERR,-0.0,-0.0,0.0,0.0,0.0,1.3936040501711995e+18,7.805,-0.0,0,0,4,48904,6720,14723890282496.0,100,0.0,0.0,0.0,-0.0,0.0,0,0,0,0,0.0,0,0,0,0,0,0,0,0,0,0,0,0,0,0,0,0,0,0,0,0,0,0,0,0,0,0,0,0,0,0,0,0,0,26,51,50,76,65476,0,300,0,0,8,21553,0.0,-107605600.0,0.0,0.0,0.0,0.0,0.0,0.0,0.0,0.0,0.0,0.0,0.0,0.0,0.0,0.0,0.0,0.0,0.0,0.0,0.0,0.0,0.0,-2.004,0.0,-0.0,0.0,0.0,0.0,0.0,4739.0,-0.0,7312.0,-0.0,-0.0,0.0,0.0,0.0,0.0,0.0,0.0,77,-0.0,0.0,0.0,0.0,0.0,0.0,0.0,0.0,0.0,0,0,0,0.0,0.0,0.0,0.0,0.0,0.0,0.0,0.0,0.0,0.0,0.0,0.0,0.0,0.0,0.0,0.0,0,-107875648.0,77,0.0,154,0.0,-0.0,ERR,ERR,ERR,ERR,ERR,ERR,ERR,ERR,ERR,ERR,ERR,ERR,ERR,ERR,ERR,ERR,ERR,ERR,ERR,ERR,ERR,ERR,ERR,ERR,ERR,ERR,ERR,ERR,ERR,ERR,ERR,ERR,ERR,ERR,ERR,ERR,ERR,ERR,ERR,ERR,ERR,ERR,ERR,ERR,ERR,ERR,ERR,ERR,ERR,ERR,ERR,ERR,ERR,ERR,ERR,ERR,ERR,ERR,ERR,ERR,ERR,ERR,ERR,ERR,ERR,ERR,ERR,34.0,80.0,35,0.0,0.0,0.0,0.0,0.0,0.0,0.0,0.0,0.0,0.0,0.0,0.0,0.0,0.0,0.0,0.0,66.0,0,120,58,54,65476,0,300,0,0,8,20529,65476,0,0,57672,80.0,0.0,0.0,0.0,0.0,0.0
2026-06-18T02:18:30,ERR,ERR,ERR,ERR,ERR,ERR,ERR,ERR,ERR,ERR,ERR,ERR,ERR,ERR,ERR,ERR,ERR,ERR,ERR,ERR,ERR,ERR,ERR,ERR,ERR,ERR,ERR,ERR,ERR,ERR,ERR,ERR,ERR,ERR,ERR,ERR,ERR,ERR,ERR,ERR,ERR,ERR,ERR,ERR,ERR,ERR,ERR,ERR,ERR,ERR,ERR,ERR,ERR,ERR,ERR,ERR,ERR,ERR,ERR,ERR,ERR,ERR,ERR,ERR,ERR,ERR,ERR,ERR,ERR,ERR,ERR,ERR,ERR,ERR,ERR,ERR,ERR,ERR,ERR,ERR,ERR,ERR,ERR,ERR,ERR,ERR,ERR,ERR,ERR,ERR,ERR,ERR,ERR,ERR,ERR,ERR,ERR,ERR,ERR,ERR,ERR,ERR,ERR,ERR,ERR,ERR,ERR,ERR,ERR,ERR,ERR,ERR,ERR,ERR,ERR,ERR,ERR,ERR,ERR,ERR,ERR,ERR,ERR,ERR,ERR,-0.0,-0.0,0.0,2.718290229135658e+23,2.012,1.3936040501711995e+18,7.805,-4.0828997592390904e+35,0,0,4,48904,6720,14723890282496.0,100,0.0,0.0,0.0,2.718290229135658e+23,0.0,0,0,0,0,0.0,0,0,0,0,0,0,0,0,0,0,0,0,0,0,0,0,0,0,0,0,0,0,0,0,0,0,0,0,0,0,0,0,0,26,51,50,76,65476,0,300,0,0,8,21553,0.0,-107605600.0,0.0,0.0,0.0,0.0,0.0,0.0,0.0,0.0,0.0,0.0,0.0,0.0,0.0,0.0,0.0,0.0,0.0,0.0,0.0,0.0,0.0,-2.004,0.0,-0.0,0.0,0.0,0.0,0.0,4739.0,2.4229855986892726e+24,7309.0,-0.0,-0.0,-107615360.0,0.0,0.0,0.0,0.0,0.0,77,-0.0,-4.95039726252952e+32,0.0,0.0,0.0,0.0,0.0,0.0,0.0,0,0,0,0.0,0.0,0.0,0.0,0.0,0.0,0.0,0.0,0.0,0.0,0.0,0.0,0.0,0.0,0.0,0.0,0,-107875648.0,77,0.0,154,0.0,-0.0,ERR,ERR,ERR,ERR,ERR,ERR,ERR,ERR,ERR,ERR,ERR,ERR,ERR,ERR,ERR,ERR,ERR,ERR,ERR,ERR,ERR,ERR,ERR,ERR,ERR,ERR,ERR,ERR,ERR,ERR,ERR,ERR,ERR,ERR,ERR,ERR,ERR,ERR,ERR,ERR,ERR,ERR,ERR,ERR,ERR,ERR,ERR,ERR,ERR,ERR,ERR,ERR,ERR,ERR,ERR,ERR,ERR,ERR,ERR,ERR,ERR,ERR,ERR,ERR,ERR,ERR,ERR,34.0,80.0,35,0.0,0.0,0.0,0.0,0.0,0.0,0.0,0.0,0.0,0.0,0.0,0.0,0.0,0.0,0.0,0.0,66.0,0,120,58,54,65476,0,300,0,0,8,20529,65476,0,0,57672,80.0,0.0,0.0,0.0,0.0,0.0
2026-06-18T02:18:31,ERR,ERR,ERR,ERR,ERR,ERR,ERR,ERR,ERR,ERR,ERR,ERR,ERR,ERR,ERR,ERR,ERR,ERR,ERR,ERR,ERR,ERR,ERR,ERR,ERR,ERR,ERR,ERR,ERR,ERR,ERR,ERR,ERR,ERR,ERR,ERR,ERR,ERR,ERR,ERR,ERR,ERR,ERR,ERR,ERR,ERR,ERR,ERR,ERR,ERR,ERR,ERR,ERR,ERR,ERR,ERR,ERR,ERR,ERR,ERR,ERR,ERR,ERR,ERR,ERR,ERR,ERR,ERR,ERR,ERR,ERR,ERR,ERR,ERR,ERR,ERR,ERR,ERR,ERR,ERR,ERR,ERR,ERR,ERR,ERR,ERR,ERR,ERR,ERR,ERR,ERR,ERR,ERR,ERR,ERR,ERR,ERR,ERR,ERR,ERR,ERR,ERR,ERR,ERR,ERR,ERR,ERR,ERR,ERR,ERR,ERR,ERR,ERR,ERR,ERR,ERR,ERR,ERR,ERR,ERR,ERR,ERR,ERR,ERR,ERR,-0.0,-0.0,0.0,2.718290229135658e+23,2.012,1.3936040501711995e+18,7.805,-4.0828997592390904e+35,0,0,4,48904,6720,14723890282496.0,100,0.0,0.0,0.0,2.718290229135658e+23,0.0,0,0,0,0,0.0,0,0,0,0,0,0,0,0,0,0,0,0,0,0,0,0,0,0,0,0,0,0,0,0,0,0,0,0,0,0,0,0,0,26,51,50,76,65476,0,300,0,0,8,21553,0.0,-107605600.0,0.0,0.0,0.0,0.0,0.0,0.0,0.0,0.0,0.0,0.0,0.0,0.0,0.0,0.0,0.0,0.0,0.0,0.0,0.0,0.0,0.0,-2.004,0.0,-0.0,0.0,0.0,0.0,0.0,4739.0,2.4229855986892726e+24,7309.0,-0.0,-0.0,-107615360.0,0.0,0.0,0.0,0.0,0.0,77,-0.0,-4.95039726252952e+32,0.0,0.0,0.0,0.0,0.0,0.0,0.0,0,0,0,0.0,0.0,0.0,0.0,0.0,0.0,0.0,0.0,0.0,0.0,0.0,0.0,0.0,0.0,0.0,0.0,0,-107875648.0,77,0.0,154,0.0,-0.0,ERR,ERR,ERR,ERR,ERR,ERR,ERR,ERR,ERR,ERR,ERR,ERR,ERR,ERR,ERR,ERR,ERR,ERR,ERR,ERR,ERR,ERR,ERR,ERR,ERR,ERR,ERR,ERR,ERR,ERR,ERR,ERR,ERR,ERR,ERR,ERR,ERR,ERR,ERR,ERR,ERR,ERR,ERR,ERR,ERR,ERR,ERR,ERR,ERR,ERR,ERR,ERR,ERR,ERR,ERR,ERR,ERR,ERR,ERR,ERR,ERR,ERR,ERR,ERR,ERR,ERR,ERR,34.0,80.0,35,0.0,0.0,0.0,0.0,0.0,0.0,0.0,0.0,0.0,0.0,0.0,0.0,0.0,0.0,0.0,0.0,66.0,0,120,58,54,65476,0,300,0,0,8,20529,65476,0,0,57672,80.0,0.0,0.0,0.0,0.0,0.0
2026-06-18T02:18:32,ERR,ERR,ERR,ERR,ERR,ERR,ERR,ERR,ERR,ERR,ERR,ERR,ERR,ERR,ERR,ERR,ERR,ERR,ERR,ERR,ERR,ERR,ERR,ERR,ERR,ERR,ERR,ERR,ERR,ERR,ERR,ERR,ERR,ERR,ERR,ERR,ERR,ERR,ERR,ERR,ERR,ERR,ERR,ERR,ERR,ERR,ERR,ERR,ERR,ERR,ERR,ERR,ERR,ERR,ERR,ERR,ERR,ERR,ERR,ERR,ERR,ERR,ERR,ERR,ERR,ERR,ERR,ERR,ERR,ERR,ERR,ERR,ERR,ERR,ERR,ERR,ERR,ERR,ERR,ERR,ERR,ERR,ERR,ERR,ERR,ERR,ERR,ERR,ERR,ERR,ERR,ERR,ERR,ERR,ERR,ERR,ERR,ERR,ERR,ERR,ERR,ERR,ERR,ERR,ERR,ERR,ERR,ERR,ERR,ERR,ERR,ERR,ERR,ERR,ERR,ERR,ERR,ERR,ERR,ERR,ERR,ERR,ERR,ERR,ERR,-0.0,-0.0,0.0,2.718290229135658e+23,2.012,1.3936040501711995e+18,7.805,-4.0828997592390904e+35,0,0,4,48904,6720,14723890282496.0,100,0.0,0.0,0.0,2.718290229135658e+23,0.0,0,0,0,0,0.0,0,0,0,0,0,0,0,0,0,0,0,0,0,0,0,0,0,0,0,0,0,0,0,0,0,0,0,0,0,0,0,0,0,26,51,50,76,65476,0,300,0,0,8,21553,0.0,-107605600.0,0.0,0.0,0.0,0.0,0.0,0.0,0.0,0.0,0.0,0.0,0.0,0.0,0.0,0.0,0.0,0.0,0.0,0.0,0.0,0.0,0.0,-2.004,0.0,-0.0,0.0,0.0,0.0,0.0,4739.0,2.4229855986892726e+24,7309.0,-0.0,-0.0,-107615360.0,0.0,0.0,0.0,0.0,0.0,77,-0.0,-4.95039726252952e+32,0.0,0.0,0.0,0.0,0.0,0.0,0.0,0,0,0,0.0,0.0,0.0,0.0,0.0,0.0,0.0,0.0,0.0,0.0,0.0,0.0,0.0,0.0,0.0,0.0,0,-107875648.0,77,0.0,154,0.0,-0.0,ERR,ERR,ERR,ERR,ERR,ERR,ERR,ERR,ERR,ERR,ERR,ERR,ERR,ERR,ERR,ERR,ERR,ERR,ERR,ERR,ERR,ERR,ERR,ERR,ERR,ERR,ERR,ERR,ERR,ERR,ERR,ERR,ERR,ERR,ERR,ERR,ERR,ERR,ERR,ERR,ERR,ERR,ERR,ERR,ERR,ERR,ERR,ERR,ERR,ERR,ERR,ERR,ERR,ERR,ERR,ERR,ERR,ERR,ERR,ERR,ERR,ERR,ERR,ERR,ERR,ERR,ERR,34.0,80.0,35,0.0,0.0,0.0,0.0,0.0,0.0,0.0,0.0,0.0,0.0,0.0,0.0,0.0,0.0,0.0,0.0,66.0,0,120,58,54,65476,0,300,0,0,8,20529,65476,0,0,57672,80.0,0.0,0.0,0.0,0.0,0.0
2026-06-18T02:18:33,ERR,ERR,ERR,ERR,ERR,ERR,ERR,ERR,ERR,ERR,ERR,ERR,ERR,ERR,ERR,ERR,ERR,ERR,ERR,ERR,ERR,ERR,ERR,ERR,ERR,ERR,ERR,ERR,ERR,ERR,ERR,ERR,ERR,ERR,ERR,ERR,ERR,ERR,ERR,ERR,ERR,ERR,ERR,ERR,ERR,ERR,ERR,ERR,ERR,ERR,ERR,ERR,ERR,ERR,ERR,ERR,ERR,ERR,ERR,ERR,ERR,ERR,ERR,ERR,ERR,ERR,ERR,ERR,ERR,ERR,ERR,ERR,ERR,ERR,ERR,ERR,ERR,ERR,ERR,ERR,ERR,ERR,ERR,ERR,ERR,ERR,ERR,ERR,ERR,ERR,ERR,ERR,ERR,ERR,ERR,ERR,ERR,ERR,ERR,ERR,ERR,ERR,ERR,ERR,ERR,ERR,ERR,ERR,ERR,ERR,ERR,ERR,ERR,ERR,ERR,ERR,ERR,ERR,ERR,ERR,ERR,ERR,ERR,ERR,ERR,-0.0,-0.0,0.0,2.718290229135658e+23,2.012,1.3936040501711995e+18,7.805,-4.0828997592390904e+35,0,0,4,48904,6720,14723890282496.0,100,0.0,0.0,0.0,2.718290229135658e+23,0.0,0,0,0,0,0.0,0,0,0,0,0,0,0,0,0,0,0,0,0,0,0,0,0,0,0,0,0,0,0,0,0,0,0,0,0,0,0,0,0,26,51,50,76,65476,0,300,0,0,8,21553,0.0,-107605600.0,0.0,0.0,0.0,0.0,0.0,0.0,0.0,0.0,0.0,0.0,0.0,0.0,0.0,0.0,0.0,0.0,0.0,0.0,0.0,0.0,0.0,-2.004,0.0,-0.0,0.0,0.0,0.0,0.0,4739.0,2.4229855986892726e+24,7309.0,-0.0,-0.0,-107615360.0,0.0,0.0,0.0,0.0,0.0,77,-0.0,-4.95039726252952e+32,0.0,0.0,0.0,0.0,0.0,0.0,0.0,0,0,0,0.0,0.0,0.0,0.0,0.0,0.0,0.0,0.0,0.0,0.0,0.0,0.0,0.0,0.0,0.0,0.0,0,-107875648.0,77,0.0,154,0.0,-0.0,ERR,ERR,ERR,ERR,ERR,ERR,ERR,ERR,ERR,ERR,ERR,ERR,ERR,ERR,ERR,ERR,ERR,ERR,ERR,ERR,ERR,ERR,ERR,ERR,ERR,ERR,ERR,ERR,ERR,ERR,ERR,ERR,ERR,ERR,ERR,ERR,ERR,ERR,ERR,ERR,ERR,ERR,ERR,ERR,ERR,ERR,ERR,ERR,ERR,ERR,ERR,ERR,ERR,ERR,ERR,ERR,ERR,ERR,ERR,ERR,ERR,ERR,ERR,ERR,ERR,ERR,ERR,34.0,80.0,35,0.0,0.0,0.0,0.0,0.0,0.0,0.0,0.0,0.0,0.0,0.0,0.0,0.0,0.0,0.0,0.0,66.0,0,120,58,54,65476,0,300,0,0,8,20529,65476,0,0,57672,80.0,0.0,0.0,0.0,0.0,0.0
2026-06-18T02:18:34,ERR,ERR,ERR,ERR,ERR,ERR,ERR,ERR,ERR,ERR,ERR,ERR,ERR,ERR,ERR,ERR,ERR,ERR,ERR,ERR,ERR,ERR,ERR,ERR,ERR,ERR,ERR,ERR,ERR,ERR,ERR,ERR,ERR,ERR,ERR,ERR,ERR,ERR,ERR,ERR,ERR,ERR,ERR,ERR,ERR,ERR,ERR,ERR,ERR,ERR,ERR,ERR,ERR,ERR,ERR,ERR,ERR,ERR,ERR,ERR,ERR,ERR,ERR,ERR,ERR,ERR,ERR,ERR,ERR,ERR,ERR,ERR,ERR,ERR,ERR,ERR,ERR,ERR,ERR,ERR,ERR,ERR,ERR,ERR,ERR,ERR,ERR,ERR,ERR,ERR,ERR,ERR,ERR,ERR,ERR,ERR,ERR,ERR,ERR,ERR,ERR,ERR,ERR,ERR,ERR,ERR,ERR,ERR,ERR,ERR,ERR,ERR,ERR,ERR,ERR,ERR,ERR,ERR,ERR,ERR,ERR,ERR,ERR,ERR,ERR,-0.0,-0.0,0.0,2.718290229135658e+23,2.012,1.3936040501711995e+18,7.805,-4.0828997592390904e+35,0,0,4,48904,6720,14723890282496.0,100,0.0,0.0,0.0,2.718290229135658e+23,0.0,0,0,0,0,0.0,0,0,0,0,0,0,0,0,0,0,0,0,0,0,0,0,0,0,0,0,0,0,0,0,0,0,0,0,0,0,0,0,0,26,51,50,76,65476,0,300,0,0,8,21553,0.0,-107605600.0,0.0,0.0,0.0,0.0,0.0,0.0,0.0,0.0,0.0,0.0,0.0,0.0,0.0,0.0,0.0,0.0,0.0,0.0,0.0,0.0,0.0,-2.004,0.0,-0.0,0.0,0.0,0.0,0.0,4739.0,2.4229855986892726e+24,7309.0,-0.0,-0.0,-107615360.0,0.0,0.0,0.0,0.0,0.0,77,-0.0,-4.95039726252952e+32,0.0,0.0,0.0,0.0,0.0,0.0,0.0,0,0,0,0.0,0.0,0.0,0.0,0.0,0.0,0.0,0.0,0.0,0.0,0.0,0.0,0.0,0.0,0.0,0.0,0,-107875648.0,77,0.0,154,0.0,-0.0,ERR,ERR,ERR,ERR,ERR,ERR,ERR,ERR,ERR,ERR,ERR,ERR,ERR,ERR,ERR,ERR,ERR,ERR,ERR,ERR,ERR,ERR,ERR,ERR,ERR,ERR,ERR,ERR,ERR,ERR,ERR,ERR,ERR,ERR,ERR,ERR,ERR,ERR,ERR,ERR,ERR,ERR,ERR,ERR,ERR,ERR,ERR,ERR,ERR,ERR,ERR,ERR,ERR,ERR,ERR,ERR,ERR,ERR,ERR,ERR,ERR,ERR,ERR,ERR,ERR,ERR,ERR,34.0,80.0,35,0.0,0.0,0.0,0.0,0.0,0.0,0.0,0.0,0.0,0.0,0.0,0.0,0.0,0.0,0.0,0.0,66.0,0,120,58,54,65476,0,300,0,0,8,20529,65476,0,0,57672,80.0,0.0,0.0,0.0,0.0,0.0
2026-06-18T02:18:35,ERR,ERR,ERR,ERR,ERR,ERR,ERR,ERR,ERR,ERR,ERR,ERR,ERR,ERR,ERR,ERR,ERR,ERR,ERR,ERR,ERR,ERR,ERR,ERR,ERR,ERR,ERR,ERR,ERR,ERR,ERR,ERR,ERR,ERR,ERR,ERR,ERR,ERR,ERR,ERR,ERR,ERR,ERR,ERR,ERR,ERR,ERR,ERR,ERR,ERR,ERR,ERR,ERR,ERR,ERR,ERR,ERR,ERR,ERR,ERR,ERR,ERR,ERR,ERR,ERR,ERR,ERR,ERR,ERR,ERR,ERR,ERR,ERR,ERR,ERR,ERR,ERR,ERR,ERR,ERR,ERR,ERR,ERR,ERR,ERR,ERR,ERR,ERR,ERR,ERR,ERR,ERR,ERR,ERR,ERR,ERR,ERR,ERR,ERR,ERR,ERR,ERR,ERR,ERR,ERR,ERR,ERR,ERR,ERR,ERR,ERR,ERR,ERR,ERR,ERR,ERR,ERR,ERR,ERR,ERR,ERR,ERR,ERR,ERR,ERR,-0.0,-0.0,0.0,-0.0,-0.0,1.3936040501711995e+18,7.805,0.0,0,0,4,48901,6720,14723890282496.0,100,0.0,0.0,0.0,-0.0,0.0,0,0,0,0,0.0,0,0,0,0,0,0,0,0,0,0,0,0,0,0,0,0,0,0,0,0,0,0,0,0,0,0,0,0,0,0,0,0,0,26,51,50,76,65476,0,300,0,0,8,21553,0.0,-107605600.0,0.0,0.0,0.0,0.0,0.0,0.0,0.0,0.0,0.0,0.0,0.0,0.0,0.0,0.0,0.0,0.0,0.0,0.0,0.0,0.0,0.0,-2.004,0.0,-0.0,0.0,0.0,0.0,0.0,4739.0,564145296506880.0,7307.0,-0.0,-0.0,0.0,0.0,0.0,0.0,0.0,0.0,77,-0.0,-2.3088261162012456e+20,0.0,0.0,0.0,0.0,0.0,0.0,0.0,0,0,0,0.0,0.0,0.0,0.0,0.0,0.0,0.0,0.0,0.0,0.0,0.0,0.0,0.0,0.0,0.0,0.0,0,-107875648.0,77,0.0,154,0.0,-0.0,ERR,ERR,ERR,ERR,ERR,ERR,ERR,ERR,ERR,ERR,ERR,ERR,ERR,ERR,ERR,ERR,ERR,ERR,ERR,ERR,ERR,ERR,ERR,ERR,ERR,ERR,ERR,ERR,ERR,ERR,ERR,ERR,ERR,ERR,ERR,ERR,ERR,ERR,ERR,ERR,ERR,ERR,ERR,ERR,ERR,ERR,ERR,ERR,ERR,ERR,ERR,ERR,ERR,ERR,ERR,ERR,ERR,ERR,ERR,ERR,ERR,ERR,ERR,ERR,ERR,ERR,ERR,34.0,80.0,35,0.0,0.0,0.0,0.0,0.0,0.0,0.0,0.0,0.0,0.0,0.0,0.0,0.0,0.0,0.0,0.0,66.0,0,120,58,54,65476,0,300,0,0,8,20529,65476,0,0,57672,80.0,0.0,0.0,0.0,0.0,0.0
2026-06-18T02:18:36,ERR,ERR,ERR,ERR,ERR,ERR,ERR,ERR,ERR,ERR,ERR,ERR,ERR,ERR,ERR,ERR,ERR,ERR,ERR,ERR,ERR,ERR,ERR,ERR,ERR,ERR,ERR,ERR,ERR,ERR,ERR,ERR,ERR,ERR,ERR,ERR,ERR,ERR,ERR,ERR,ERR,ERR,ERR,ERR,ERR,ERR,ERR,ERR,ERR,ERR,ERR,ERR,ERR,ERR,ERR,ERR,ERR,ERR,ERR,ERR,ERR,ERR,ERR,ERR,ERR,ERR,ERR,ERR,ERR,ERR,ERR,ERR,ERR,ERR,ERR,ERR,ERR,ERR,ERR,ERR,ERR,ERR,ERR,ERR,ERR,ERR,ERR,ERR,ERR,ERR,ERR,ERR,ERR,ERR,ERR,ERR,ERR,ERR,ERR,ERR,ERR,ERR,ERR,ERR,ERR,ERR,ERR,ERR,ERR,ERR,ERR,ERR,ERR,ERR,ERR,ERR,ERR,ERR,ERR,ERR,ERR,ERR,ERR,ERR,ERR,-0.0,-0.0,0.0,-0.0,-0.0,1.3936040501711995e+18,7.805,0.0,0,0,4,48901,6720,14723890282496.0,100,0.0,0.0,0.0,-0.0,0.0,0,0,0,0,0.0,0,0,0,0,0,0,0,0,0,0,0,0,0,0,0,0,0,0,0,0,0,0,0,0,0,0,0,0,0,0,0,0,0,26,51,50,76,65476,0,300,0,0,8,21553,0.0,-107605600.0,0.0,0.0,0.0,0.0,0.0,0.0,0.0,0.0,0.0,0.0,0.0,0.0,0.0,0.0,0.0,0.0,0.0,0.0,0.0,0.0,0.0,-2.004,0.0,-0.0,0.0,0.0,0.0,0.0,4739.0,564145296506880.0,7307.0,-0.0,-0.0,0.0,0.0,0.0,0.0,0.0,0.0,77,-0.0,-2.3088261162012456e+20,0.0,0.0,0.0,0.0,0.0,0.0,0.0,0,0,0,0.0,0.0,0.0,0.0,0.0,0.0,0.0,0.0,0.0,0.0,0.0,0.0,0.0,0.0,0.0,0.0,0,-107875648.0,77,0.0,154,0.0,-0.0,ERR,ERR,ERR,ERR,ERR,ERR,ERR,ERR,ERR,ERR,ERR,ERR,ERR,ERR,ERR,ERR,ERR,ERR,ERR,ERR,ERR,ERR,ERR,ERR,ERR,ERR,ERR,ERR,ERR,ERR,ERR,ERR,ERR,ERR,ERR,ERR,ERR,ERR,ERR,ERR,ERR,ERR,ERR,ERR,ERR,ERR,ERR,ERR,ERR,ERR,ERR,ERR,ERR,ERR,ERR,ERR,ERR,ERR,ERR,ERR,ERR,ERR,ERR,ERR,ERR,ERR,ERR,34.0,80.0,35,0.0,0.0,0.0,0.0,0.0,0.0,0.0,0.0,0.0,0.0,0.0,0.0,0.0,0.0,0.0,0.0,66.0,0,120,58,54,65476,0,300,0,0,8,20529,65476,0,0,57672,80.0,0.0,0.0,0.0,0.0,0.0
2026-06-18T02:18:37,ERR,ERR,ERR,ERR,ERR,ERR,ERR,ERR,ERR,ERR,ERR,ERR,ERR,ERR,ERR,ERR,ERR,ERR,ERR,ERR,ERR,ERR,ERR,ERR,ERR,ERR,ERR,ERR,ERR,ERR,ERR,ERR,ERR,ERR,ERR,ERR,ERR,ERR,ERR,ERR,ERR,ERR,ERR,ERR,ERR,ERR,ERR,ERR,ERR,ERR,ERR,ERR,ERR,ERR,ERR,ERR,ERR,ERR,ERR,ERR,ERR,ERR,ERR,ERR,ERR,ERR,ERR,ERR,ERR,ERR,ERR,ERR,ERR,ERR,ERR,ERR,ERR,ERR,ERR,ERR,ERR,ERR,ERR,ERR,ERR,ERR,ERR,ERR,ERR,ERR,ERR,ERR,ERR,ERR,ERR,ERR,ERR,ERR,ERR,ERR,ERR,ERR,ERR,ERR,ERR,ERR,ERR,ERR,ERR,ERR,ERR,ERR,ERR,ERR,ERR,ERR,ERR,ERR,ERR,ERR,ERR,ERR,ERR,ERR,ERR,-0.0,-0.0,0.0,-0.0,-0.0,1.3936040501711995e+18,7.805,0.0,0,0,4,48901,6720,14723890282496.0,100,0.0,0.0,0.0,-0.0,0.0,0,0,0,0,0.0,0,0,0,0,0,0,0,0,0,0,0,0,0,0,0,0,0,0,0,0,0,0,0,0,0,0,0,0,0,0,0,0,0,26,51,50,76,65476,0,300,0,0,8,21553,0.0,-107605600.0,0.0,0.0,0.0,0.0,0.0,0.0,0.0,0.0,0.0,0.0,0.0,0.0,0.0,0.0,0.0,0.0,0.0,0.0,0.0,0.0,0.0,-2.004,0.0,-0.0,0.0,0.0,0.0,0.0,4739.0,564145296506880.0,7307.0,-0.0,-0.0,0.0,0.0,0.0,0.0,0.0,0.0,77,-0.0,-2.3088261162012456e+20,0.0,0.0,0.0,0.0,0.0,0.0,0.0,0,0,0,0.0,0.0,0.0,0.0,0.0,0.0,0.0,0.0,0.0,0.0,0.0,0.0,0.0,0.0,0.0,0.0,0,-107875648.0,77,0.0,154,0.0,-0.0,ERR,ERR,ERR,ERR,ERR,ERR,ERR,ERR,ERR,ERR,ERR,ERR,ERR,ERR,ERR,ERR,ERR,ERR,ERR,ERR,ERR,ERR,ERR,ERR,ERR,ERR,ERR,ERR,ERR,ERR,ERR,ERR,ERR,ERR,ERR,ERR,ERR,ERR,ERR,ERR,ERR,ERR,ERR,ERR,ERR,ERR,ERR,ERR,ERR,ERR,ERR,ERR,ERR,ERR,ERR,ERR,ERR,ERR,ERR,ERR,ERR,ERR,ERR,ERR,ERR,ERR,ERR,34.0,80.0,35,0.0,0.0,0.0,0.0,0.0,0.0,0.0,0.0,0.0,0.0,0.0,0.0,0.0,0.0,0.0,0.0,66.4,0,120,58,54,65476,0,300,0,0,8,20529,65476,0,0,57672,80.0,0.0,0.0,0.0,0.0,0.0
2026-06-18T02:18:38,ERR,ERR,ERR,ERR,ERR,ERR,ERR,ERR,ERR,ERR,ERR,ERR,ERR,ERR,ERR,ERR,ERR,ERR,ERR,ERR,ERR,ERR,ERR,ERR,ERR,ERR,ERR,ERR,ERR,ERR,ERR,ERR,ERR,ERR,ERR,ERR,ERR,ERR,ERR,ERR,ERR,ERR,ERR,ERR,ERR,ERR,ERR,ERR,ERR,ERR,ERR,ERR,ERR,ERR,ERR,ERR,ERR,ERR,ERR,ERR,ERR,ERR,ERR,ERR,ERR,ERR,ERR,ERR,ERR,ERR,ERR,ERR,ERR,ERR,ERR,ERR,ERR,ERR,ERR,ERR,ERR,ERR,ERR,ERR,ERR,ERR,ERR,ERR,ERR,ERR,ERR,ERR,ERR,ERR,ERR,ERR,ERR,ERR,ERR,ERR,ERR,ERR,ERR,ERR,ERR,ERR,ERR,ERR,ERR,ERR,ERR,ERR,ERR,ERR,ERR,ERR,ERR,ERR,ERR,ERR,ERR,ERR,ERR,ERR,ERR,-0.0,-0.0,0.0,-0.0,-0.0,1.3936040501711995e+18,7.805,0.0,0,0,4,48901,6720,14723890282496.0,100,0.0,0.0,0.0,-0.0,0.0,0,0,0,0,0.0,0,0,0,0,0,0,0,0,0,0,0,0,0,0,0,0,0,0,0,0,0,0,0,0,0,0,0,0,0,0,0,0,0,26,51,50,76,65476,0,300,0,0,8,21553,0.0,-107605600.0,0.0,0.0,0.0,0.0,0.0,0.0,0.0,0.0,0.0,0.0,0.0,0.0,0.0,0.0,0.0,0.0,0.0,0.0,0.0,0.0,0.0,-2.004,0.0,-0.0,0.0,0.0,0.0,0.0,4739.0,564145296506880.0,7307.0,-0.0,-0.0,0.0,0.0,0.0,0.0,0.0,0.0,77,-0.0,-2.3088261162012456e+20,0.0,0.0,0.0,0.0,0.0,0.0,0.0,0,0,0,0.0,0.0,0.0,0.0,0.0,0.0,0.0,0.0,0.0,0.0,0.0,0.0,0.0,0.0,0.0,0.0,0,-107875648.0,77,0.0,154,0.0,-0.0,ERR,ERR,ERR,ERR,ERR,ERR,ERR,ERR,ERR,ERR,ERR,ERR,ERR,ERR,ERR,ERR,ERR,ERR,ERR,ERR,ERR,ERR,ERR,ERR,ERR,ERR,ERR,ERR,ERR,ERR,ERR,ERR,ERR,ERR,ERR,ERR,ERR,ERR,ERR,ERR,ERR,ERR,ERR,ERR,ERR,ERR,ERR,ERR,ERR,ERR,ERR,ERR,ERR,ERR,ERR,ERR,ERR,ERR,ERR,ERR,ERR,ERR,ERR,ERR,ERR,ERR,ERR,34.0,80.0,35,0.0,0.0,0.0,0.0,0.0,0.0,0.0,0.0,0.0,0.0,0.0,0.0,0.0,0.0,0.0,0.0,66.4,0,120,58,54,65476,0,300,0,0,8,20529,65476,0,0,57672,80.0,0.0,0.0,0.0,0.0,0.0
2026-06-18T02:18:39,ERR,ERR,ERR,ERR,ERR,ERR,ERR,ERR,ERR,ERR,ERR,ERR,ERR,ERR,ERR,ERR,ERR,ERR,ERR,ERR,ERR,ERR,ERR,ERR,ERR,ERR,ERR,ERR,ERR,ERR,ERR,ERR,ERR,ERR,ERR,ERR,ERR,ERR,ERR,ERR,ERR,ERR,ERR,ERR,ERR,ERR,ERR,ERR,ERR,ERR,ERR,ERR,ERR,ERR,ERR,ERR,ERR,ERR,ERR,ERR,ERR,ERR,ERR,ERR,ERR,ERR,ERR,ERR,ERR,ERR,ERR,ERR,ERR,ERR,ERR,ERR,ERR,ERR,ERR,ERR,ERR,ERR,ERR,ERR,ERR,ERR,ERR,ERR,ERR,ERR,ERR,ERR,ERR,ERR,ERR,ERR,ERR,ERR,ERR,ERR,ERR,ERR,ERR,ERR,ERR,ERR,ERR,ERR,ERR,ERR,ERR,ERR,ERR,ERR,ERR,ERR,ERR,ERR,ERR,ERR,ERR,ERR,ERR,ERR,ERR,-0.0,-0.0,0.0,-0.0,-0.0,1.3936040501711995e+18,7.805,0.0,0,0,4,48901,6720,14723890282496.0,100,0.0,0.0,0.0,-0.0,0.0,0,0,0,0,0.0,0,0,0,0,0,0,0,0,0,0,0,0,0,0,0,0,0,0,0,0,0,0,0,0,0,0,0,0,0,0,0,0,0,26,51,50,76,65476,0,300,0,0,8,21553,0.0,-107605600.0,0.0,0.0,0.0,0.0,0.0,0.0,0.0,0.0,0.0,0.0,0.0,0.0,0.0,0.0,0.0,0.0,0.0,0.0,0.0,0.0,0.0,-2.004,0.0,-0.0,0.0,0.0,0.0,0.0,4739.0,564145296506880.0,7307.0,-0.0,-0.0,0.0,0.0,0.0,0.0,0.0,0.0,77,-0.0,-2.3088261162012456e+20,0.0,0.0,0.0,0.0,0.0,0.0,0.0,0,0,0,0.0,0.0,0.0,0.0,0.0,0.0,0.0,0.0,0.0,0.0,0.0,0.0,0.0,0.0,0.0,0.0,0,-107875648.0,77,0.0,154,0.0,-0.0,ERR,ERR,ERR,ERR,ERR,ERR,ERR,ERR,ERR,ERR,ERR,ERR,ERR,ERR,ERR,ERR,ERR,ERR,ERR,ERR,ERR,ERR,ERR,ERR,ERR,ERR,ERR,ERR,ERR,ERR,ERR,ERR,ERR,ERR,ERR,ERR,ERR,ERR,ERR,ERR,ERR,ERR,ERR,ERR,ERR,ERR,ERR,ERR,ERR,ERR,ERR,ERR,ERR,ERR,ERR,ERR,ERR,ERR,ERR,ERR,ERR,ERR,ERR,ERR,ERR,ERR,ERR,34.0,80.0,35,0.0,0.0,0.0,0.0,0.0,0.0,0.0,0.0,0.0,0.0,0.0,0.0,0.0,0.0,0.0,0.0,66.4,0,120,58,54,65476,0,300,0,0,8,20529,65476,0,0,57672,80.0,0.0,0.0,0.0,0.0,0.0
2026-06-18T02:18:40,ERR,ERR,ERR,ERR,ERR,ERR,ERR,ERR,ERR,ERR,ERR,ERR,ERR,ERR,ERR,ERR,ERR,ERR,ERR,ERR,ERR,ERR,ERR,ERR,ERR,ERR,ERR,ERR,ERR,ERR,ERR,ERR,ERR,ERR,ERR,ERR,ERR,ERR,ERR,ERR,ERR,ERR,ERR,ERR,ERR,ERR,ERR,ERR,ERR,ERR,ERR,ERR,ERR,ERR,ERR,ERR,ERR,ERR,ERR,ERR,ERR,ERR,ERR,ERR,ERR,ERR,ERR,ERR,ERR,ERR,ERR,ERR,ERR,ERR,ERR,ERR,ERR,ERR,ERR,ERR,ERR,ERR,ERR,ERR,ERR,ERR,ERR,ERR,ERR,ERR,ERR,ERR,ERR,ERR,ERR,ERR,ERR,ERR,ERR,ERR,ERR,ERR,ERR,ERR,ERR,ERR,ERR,ERR,ERR,ERR,ERR,ERR,ERR,ERR,ERR,ERR,ERR,ERR,ERR,ERR,ERR,ERR,ERR,ERR,ERR,-0.0,-0.0,0.0,-0.0,-0.0,1.3936040501711995e+18,7.805,0.0,0,0,4,48903,6720,14723890282496.0,100,0.0,0.0,0.0,-0.0,0.0,0,0,0,0,0.0,0,0,0,0,0,0,0,0,0,0,0,0,0,0,0,0,0,0,0,0,0,0,0,0,0,0,0,0,0,0,0,0,0,26,51,50,76,65476,0,300,0,0,8,21553,0.0,-107605600.0,0.0,0.0,0.0,0.0,0.0,0.0,0.0,0.0,0.0,0.0,0.0,0.0,0.0,0.0,0.0,0.0,0.0,0.0,0.0,0.0,0.0,-2.004,0.0,-0.0,0.0,0.0,0.0,0.0,4736.0,564145296506880.0,7307.0,-0.0,-0.0,-107615360.0,0.0,0.0,0.0,0.0,0.0,77,-0.0,-2.3088261162012456e+20,0.0,0.0,0.0,0.0,0.0,0.0,0.0,0,0,0,0.0,0.0,0.0,0.0,0.0,0.0,0.0,0.0,0.0,0.0,0.0,0.0,0.0,0.0,0.0,0.0,0,-107875648.0,77,0.0,154,0.0,-0.0,ERR,ERR,ERR,ERR,ERR,ERR,ERR,ERR,ERR,ERR,ERR,ERR,ERR,ERR,ERR,ERR,ERR,ERR,ERR,ERR,ERR,ERR,ERR,ERR,ERR,ERR,ERR,ERR,ERR,ERR,ERR,ERR,ERR,ERR,ERR,ERR,ERR,ERR,ERR,ERR,ERR,ERR,ERR,ERR,ERR,ERR,ERR,ERR,ERR,ERR,ERR,ERR,ERR,ERR,ERR,ERR,ERR,ERR,ERR,ERR,ERR,ERR,ERR,ERR,ERR,ERR,ERR,34.0,80.0,35,0.0,0.0,0.0,0.0,0.0,0.0,0.0,0.0,0.0,0.0,0.0,0.0,0.0,0.0,0.0,0.0,66.0,0,120,58,54,65476,0,300,0,0,8,20529,65476,0,0,57672,80.0,0.0,0.0,0.0,0.0,0.0
2026-06-18T02:18:41,ERR,ERR,ERR,ERR,ERR,ERR,ERR,ERR,ERR,ERR,ERR,ERR,ERR,ERR,ERR,ERR,ERR,ERR,ERR,ERR,ERR,ERR,ERR,ERR,ERR,ERR,ERR,ERR,ERR,ERR,ERR,ERR,ERR,ERR,ERR,ERR,ERR,ERR,ERR,ERR,ERR,ERR,ERR,ERR,ERR,ERR,ERR,ERR,ERR,ERR,ERR,ERR,ERR,ERR,ERR,ERR,ERR,ERR,ERR,ERR,ERR,ERR,ERR,ERR,ERR,ERR,ERR,ERR,ERR,ERR,ERR,ERR,ERR,ERR,ERR,ERR,ERR,ERR,ERR,ERR,ERR,ERR,ERR,ERR,ERR,ERR,ERR,ERR,ERR,ERR,ERR,ERR,ERR,ERR,ERR,ERR,ERR,ERR,ERR,ERR,ERR,ERR,ERR,ERR,ERR,ERR,ERR,ERR,ERR,ERR,ERR,ERR,ERR,ERR,ERR,ERR,ERR,ERR,ERR,ERR,ERR,ERR,ERR,ERR,ERR,-0.0,-0.0,0.0,-0.0,-0.0,1.3936040501711995e+18,7.805,0.0,0,0,4,48903,6720,14723890282496.0,100,0.0,0.0,0.0,-0.0,0.0,0,0,0,0,0.0,0,0,0,0,0,0,0,0,0,0,0,0,0,0,0,0,0,0,0,0,0,0,0,0,0,0,0,0,0,0,0,0,0,26,51,50,76,65476,0,300,0,0,8,21553,0.0,-107605600.0,0.0,0.0,0.0,0.0,0.0,0.0,0.0,0.0,0.0,0.0,0.0,0.0,0.0,0.0,0.0,0.0,0.0,0.0,0.0,0.0,0.0,-2.004,0.0,-0.0,0.0,0.0,0.0,0.0,4736.0,564145296506880.0,7307.0,-0.0,-0.0,-107615360.0,0.0,0.0,0.0,0.0,0.0,77,-0.0,-2.3088261162012456e+20,0.0,0.0,0.0,0.0,0.0,0.0,0.0,0,0,0,0.0,0.0,0.0,0.0,0.0,0.0,0.0,0.0,0.0,0.0,0.0,0.0,0.0,0.0,0.0,0.0,0,-107875648.0,77,0.0,154,0.0,-0.0,ERR,ERR,ERR,ERR,ERR,ERR,ERR,ERR,ERR,ERR,ERR,ERR,ERR,ERR,ERR,ERR,ERR,ERR,ERR,ERR,ERR,ERR,ERR,ERR,ERR,ERR,ERR,ERR,ERR,ERR,ERR,ERR,ERR,ERR,ERR,ERR,ERR,ERR,ERR,ERR,ERR,ERR,ERR,ERR,ERR,ERR,ERR,ERR,ERR,ERR,ERR,ERR,ERR,ERR,ERR,ERR,ERR,ERR,ERR,ERR,ERR,ERR,ERR,ERR,ERR,ERR,ERR,34.0,80.0,35,0.0,0.0,0.0,0.0,0.0,0.0,0.0,0.0,0.0,0.0,0.0,0.0,0.0,0.0,0.0,0.0,66.0,0,120,58,54,65476,0,300,0,0,8,20529,65476,0,0,57672,80.0,0.0,0.0,0.0,0.0,0.0
2026-06-18T02:18:42,ERR,ERR,ERR,ERR,ERR,ERR,ERR,ERR,ERR,ERR,ERR,ERR,ERR,ERR,ERR,ERR,ERR,ERR,ERR,ERR,ERR,ERR,ERR,ERR,ERR,ERR,ERR,ERR,ERR,ERR,ERR,ERR,ERR,ERR,ERR,ERR,ERR,ERR,ERR,ERR,ERR,ERR,ERR,ERR,ERR,ERR,ERR,ERR,ERR,ERR,ERR,ERR,ERR,ERR,ERR,ERR,ERR,ERR,ERR,ERR,ERR,ERR,ERR,ERR,ERR,ERR,ERR,ERR,ERR,ERR,ERR,ERR,ERR,ERR,ERR,ERR,ERR,ERR,ERR,ERR,ERR,ERR,ERR,ERR,ERR,ERR,ERR,ERR,ERR,ERR,ERR,ERR,ERR,ERR,ERR,ERR,ERR,ERR,ERR,ERR,ERR,ERR,ERR,ERR,ERR,ERR,ERR,ERR,ERR,ERR,ERR,ERR,ERR,ERR,ERR,ERR,ERR,ERR,ERR,ERR,ERR,ERR,ERR,ERR,ERR,-0.0,-0.0,0.0,-0.0,-0.0,1.3936040501711995e+18,7.805,0.0,0,0,4,48903,6720,14723890282496.0,100,0.0,0.0,0.0,-0.0,0.0,0,0,0,0,0.0,0,0,0,0,0,0,0,0,0,0,0,0,0,0,0,0,0,0,0,0,0,0,0,0,0,0,0,0,0,0,0,0,0,26,51,50,76,65476,0,300,0,0,8,21553,0.0,-107605600.0,0.0,0.0,0.0,0.0,0.0,0.0,0.0,0.0,0.0,0.0,0.0,0.0,0.0,0.0,0.0,0.0,0.0,0.0,0.0,0.0,0.0,-2.004,0.0,-0.0,0.0,0.0,0.0,0.0,4736.0,564145296506880.0,7307.0,-0.0,-0.0,-107615360.0,0.0,0.0,0.0,0.0,0.0,77,-0.0,-2.3088261162012456e+20,0.0,0.0,0.0,0.0,0.0,0.0,0.0,0,0,0,0.0,0.0,0.0,0.0,0.0,0.0,0.0,0.0,0.0,0.0,0.0,0.0,0.0,0.0,0.0,0.0,0,-107875648.0,77,0.0,154,0.0,-0.0,ERR,ERR,ERR,ERR,ERR,ERR,ERR,ERR,ERR,ERR,ERR,ERR,ERR,ERR,ERR,ERR,ERR,ERR,ERR,ERR,ERR,ERR,ERR,ERR,ERR,ERR,ERR,ERR,ERR,ERR,ERR,ERR,ERR,ERR,ERR,ERR,ERR,ERR,ERR,ERR,ERR,ERR,ERR,ERR,ERR,ERR,ERR,ERR,ERR,ERR,ERR,ERR,ERR,ERR,ERR,ERR,ERR,ERR,ERR,ERR,ERR,ERR,ERR,ERR,ERR,ERR,ERR,34.0,80.0,35,0.0,0.0,0.0,0.0,0.0,0.0,0.0,0.0,0.0,0.0,0.0,0.0,0.0,0.0,0.0,0.0,66.0,0,120,58,54,65476,0,300,0,0,8,20529,65476,0,0,57672,80.0,0.0,0.0,0.0,0.0,0.0
2026-06-18T02:18:43,ERR,ERR,ERR,ERR,ERR,ERR,ERR,ERR,ERR,ERR,ERR,ERR,ERR,ERR,ERR,ERR,ERR,ERR,ERR,ERR,ERR,ERR,ERR,ERR,ERR,ERR,ERR,ERR,ERR,ERR,ERR,ERR,ERR,ERR,ERR,ERR,ERR,ERR,ERR,ERR,ERR,ERR,ERR,ERR,ERR,ERR,ERR,ERR,ERR,ERR,ERR,ERR,ERR,ERR,ERR,ERR,ERR,ERR,ERR,ERR,ERR,ERR,ERR,ERR,ERR,ERR,ERR,ERR,ERR,ERR,ERR,ERR,ERR,ERR,ERR,ERR,ERR,ERR,ERR,ERR,ERR,ERR,ERR,ERR,ERR,ERR,ERR,ERR,ERR,ERR,ERR,ERR,ERR,ERR,ERR,ERR,ERR,ERR,ERR,ERR,ERR,ERR,ERR,ERR,ERR,ERR,ERR,ERR,ERR,ERR,ERR,ERR,ERR,ERR,ERR,ERR,ERR,ERR,ERR,ERR,ERR,ERR,ERR,ERR,ERR,-0.0,-0.0,0.0,-0.0,-0.0,1.3936040501711995e+18,7.805,0.0,0,0,4,48903,6720,14723890282496.0,100,0.0,0.0,0.0,-0.0,0.0,0,0,0,0,0.0,0,0,0,0,0,0,0,0,0,0,0,0,0,0,0,0,0,0,0,0,0,0,0,0,0,0,0,0,0,0,0,0,0,26,51,50,76,65476,0,300,0,0,8,21553,0.0,-107605600.0,0.0,0.0,0.0,0.0,0.0,0.0,0.0,0.0,0.0,0.0,0.0,0.0,0.0,0.0,0.0,0.0,0.0,0.0,0.0,0.0,0.0,-2.004,0.0,-0.0,0.0,0.0,0.0,0.0,4736.0,564145296506880.0,7307.0,-0.0,-0.0,-107615360.0,0.0,0.0,0.0,0.0,0.0,77,-0.0,-2.3088261162012456e+20,0.0,0.0,0.0,0.0,0.0,0.0,0.0,0,0,0,0.0,0.0,0.0,0.0,0.0,0.0,0.0,0.0,0.0,0.0,0.0,0.0,0.0,0.0,0.0,0.0,0,-107875648.0,77,0.0,154,0.0,-0.0,ERR,ERR,ERR,ERR,ERR,ERR,ERR,ERR,ERR,ERR,ERR,ERR,ERR,ERR,ERR,ERR,ERR,ERR,ERR,ERR,ERR,ERR,ERR,ERR,ERR,ERR,ERR,ERR,ERR,ERR,ERR,ERR,ERR,ERR,ERR,ERR,ERR,ERR,ERR,ERR,ERR,ERR,ERR,ERR,ERR,ERR,ERR,ERR,ERR,ERR,ERR,ERR,ERR,ERR,ERR,ERR,ERR,ERR,ERR,ERR,ERR,ERR,ERR,ERR,ERR,ERR,ERR,34.0,80.0,35,0.0,0.0,0.0,0.0,0.0,0.0,0.0,0.0,0.0,0.0,0.0,0.0,0.0,0.0,0.0,0.0,66.0,0,120,58,54,65476,0,300,0,0,8,20529,65476,0,0,57672,80.0,0.0,0.0,0.0,0.0,0.0
2026-06-18T02:18:44,ERR,ERR,ERR,ERR,ERR,ERR,ERR,ERR,ERR,ERR,ERR,ERR,ERR,ERR,ERR,ERR,ERR,ERR,ERR,ERR,ERR,ERR,ERR,ERR,ERR,ERR,ERR,ERR,ERR,ERR,ERR,ERR,ERR,ERR,ERR,ERR,ERR,ERR,ERR,ERR,ERR,ERR,ERR,ERR,ERR,ERR,ERR,ERR,ERR,ERR,ERR,ERR,ERR,ERR,ERR,ERR,ERR,ERR,ERR,ERR,ERR,ERR,ERR,ERR,ERR,ERR,ERR,ERR,ERR,ERR,ERR,ERR,ERR,ERR,ERR,ERR,ERR,ERR,ERR,ERR,ERR,ERR,ERR,ERR,ERR,ERR,ERR,ERR,ERR,ERR,ERR,ERR,ERR,ERR,ERR,ERR,ERR,ERR,ERR,ERR,ERR,ERR,ERR,ERR,ERR,ERR,ERR,ERR,ERR,ERR,ERR,ERR,ERR,ERR,ERR,ERR,ERR,ERR,ERR,ERR,ERR,ERR,ERR,ERR,ERR,-0.0,-0.0,0.0,-0.0,-0.0,1.3936040501711995e+18,7.805,0.0,0,0,4,48903,6720,14723890282496.0,100,0.0,0.0,0.0,-0.0,0.0,0,0,0,0,0.0,0,0,0,0,0,0,0,0,0,0,0,0,0,0,0,0,0,0,0,0,0,0,0,0,0,0,0,0,0,0,0,0,0,26,51,50,76,65476,0,300,0,0,8,21553,0.0,-107605600.0,0.0,0.0,0.0,0.0,0.0,0.0,0.0,0.0,0.0,0.0,0.0,0.0,0.0,0.0,0.0,0.0,0.0,0.0,0.0,0.0,0.0,-2.004,0.0,-0.0,0.0,0.0,0.0,0.0,4736.0,564145296506880.0,7307.0,-0.0,-0.0,-107615360.0,0.0,0.0,0.0,0.0,0.0,77,-0.0,-2.3088261162012456e+20,0.0,0.0,0.0,0.0,0.0,0.0,0.0,0,0,0,0.0,0.0,0.0,0.0,0.0,0.0,0.0,0.0,0.0,0.0,0.0,0.0,0.0,0.0,0.0,0.0,0,-107875648.0,77,0.0,154,0.0,-0.0,ERR,ERR,ERR,ERR,ERR,ERR,ERR,ERR,ERR,ERR,ERR,ERR,ERR,ERR,ERR,ERR,ERR,ERR,ERR,ERR,ERR,ERR,ERR,ERR,ERR,ERR,ERR,ERR,ERR,ERR,ERR,ERR,ERR,ERR,ERR,ERR,ERR,ERR,ERR,ERR,ERR,ERR,ERR,ERR,ERR,ERR,ERR,ERR,ERR,ERR,ERR,ERR,ERR,ERR,ERR,ERR,ERR,ERR,ERR,ERR,ERR,ERR,ERR,ERR,ERR,ERR,ERR,34.0,80.0,35,0.0,0.0,0.0,0.0,0.0,0.0,0.0,0.0,0.0,0.0,0.0,0.0,0.0,0.0,0.0,0.0,66.0,0,120,58,54,65476,0,300,0,0,8,20529,65476,0,0,57672,80.0,0.0,0.0,0.0,0.0,0.0
2026-06-18T02:18:45,ERR,ERR,ERR,ERR,ERR,ERR,ERR,ERR,ERR,ERR,ERR,ERR,ERR,ERR,ERR,ERR,ERR,ERR,ERR,ERR,ERR,ERR,ERR,ERR,ERR,ERR,ERR,ERR,ERR,ERR,ERR,ERR,ERR,ERR,ERR,ERR,ERR,ERR,ERR,ERR,ERR,ERR,ERR,ERR,ERR,ERR,ERR,ERR,ERR,ERR,ERR,ERR,ERR,ERR,ERR,ERR,ERR,ERR,ERR,ERR,ERR,ERR,ERR,ERR,ERR,ERR,ERR,ERR,ERR,ERR,ERR,ERR,ERR,ERR,ERR,ERR,ERR,ERR,ERR,ERR,ERR,ERR,ERR,ERR,ERR,ERR,ERR,ERR,ERR,ERR,ERR,ERR,ERR,ERR,ERR,ERR,ERR,ERR,ERR,ERR,ERR,ERR,ERR,ERR,ERR,ERR,ERR,ERR,ERR,ERR,ERR,ERR,ERR,ERR,ERR,ERR,ERR,ERR,ERR,ERR,ERR,ERR,ERR,ERR,ERR,-0.0,-0.0,0.0,-0.0,-0.0,1.3936040501711995e+18,7.805,0.0,0,0,4,48907,6720,14723890282496.0,100,0.0,0.0,0.0,-0.0,0.0,0,0,0,0,0.0,0,0,0,0,0,0,0,0,0,0,0,0,0,0,0,0,0,0,0,0,0,0,0,0,0,0,0,0,0,0,0,0,0,26,51,50,76,65476,0,300,0,0,8,21553,0.0,-107605600.0,0.0,0.0,0.0,0.0,0.0,0.0,0.0,0.0,0.0,0.0,0.0,0.0,0.0,0.0,0.0,0.0,0.0,0.0,0.0,0.0,0.0,-2.004,0.0,-0.0,0.0,0.0,0.0,0.0,4766.0,1.5879278419570017e+29,7310.0,-0.0,-0.0,-107615360.0,0.0,0.0,0.0,0.0,0.0,77,-0.0,0.0,0.0,0.0,0.0,0.0,0.0,0.0,0.0,0,0,0,0.0,0.0,0.0,0.0,0.0,0.0,0.0,0.0,0.0,0.0,0.0,0.0,0.0,0.0,0.0,0.0,0,-107875648.0,77,0.0,154,0.0,-0.0,ERR,ERR,ERR,ERR,ERR,ERR,ERR,ERR,ERR,ERR,ERR,ERR,ERR,ERR,ERR,ERR,ERR,ERR,ERR,ERR,ERR,ERR,ERR,ERR,ERR,ERR,ERR,ERR,ERR,ERR,ERR,ERR,ERR,ERR,ERR,ERR,ERR,ERR,ERR,ERR,ERR,ERR,ERR,ERR,ERR,ERR,ERR,ERR,ERR,ERR,ERR,ERR,ERR,ERR,ERR,ERR,ERR,ERR,ERR,ERR,ERR,ERR,ERR,ERR,ERR,ERR,ERR,34.0,80.0,35,0.0,0.0,0.0,0.0,0.0,0.0,0.0,0.0,0.0,0.0,0.0,0.0,0.0,0.0,0.0,0.0,66.0,0,120,58,54,65476,0,300,0,0,8,20529,65476,0,0,57672,80.0,0.0,0.0,0.0,0.0,0.0
2026-06-18T02:18:46,ERR,ERR,ERR,ERR,ERR,ERR,ERR,ERR,ERR,ERR,ERR,ERR,ERR,ERR,ERR,ERR,ERR,ERR,ERR,ERR,ERR,ERR,ERR,ERR,ERR,ERR,ERR,ERR,ERR,ERR,ERR,ERR,ERR,ERR,ERR,ERR,ERR,ERR,ERR,ERR,ERR,ERR,ERR,ERR,ERR,ERR,ERR,ERR,ERR,ERR,ERR,ERR,ERR,ERR,ERR,ERR,ERR,ERR,ERR,ERR,ERR,ERR,ERR,ERR,ERR,ERR,ERR,ERR,ERR,ERR,ERR,ERR,ERR,ERR,ERR,ERR,ERR,ERR,ERR,ERR,ERR,ERR,ERR,ERR,ERR,ERR,ERR,ERR,ERR,ERR,ERR,ERR,ERR,ERR,ERR,ERR,ERR,ERR,ERR,ERR,ERR,ERR,ERR,ERR,ERR,ERR,ERR,ERR,ERR,ERR,ERR,ERR,ERR,ERR,ERR,ERR,ERR,ERR,ERR,ERR,ERR,ERR,ERR,ERR,ERR,-0.0,-0.0,0.0,-0.0,-0.0,1.3936040501711995e+18,7.805,0.0,0,0,4,48907,6720,14723890282496.0,100,0.0,0.0,0.0,-0.0,0.0,0,0,0,0,0.0,0,0,0,0,0,0,0,0,0,0,0,0,0,0,0,0,0,0,0,0,0,0,0,0,0,0,0,0,0,0,0,0,0,26,51,50,76,65476,0,300,0,0,8,21553,0.0,-107605600.0,0.0,0.0,0.0,0.0,0.0,0.0,0.0,0.0,0.0,0.0,0.0,0.0,0.0,0.0,0.0,0.0,0.0,0.0,0.0,0.0,0.0,-2.004,0.0,-0.0,0.0,0.0,0.0,0.0,4766.0,1.5879278419570017e+29,7310.0,-0.0,-0.0,-107615360.0,0.0,0.0,0.0,0.0,0.0,77,-0.0,0.0,0.0,0.0,0.0,0.0,0.0,0.0,0.0,0,0,0,0.0,0.0,0.0,0.0,0.0,0.0,0.0,0.0,0.0,0.0,0.0,0.0,0.0,0.0,0.0,0.0,0,-107875648.0,77,0.0,154,0.0,-0.0,ERR,ERR,ERR,ERR,ERR,ERR,ERR,ERR,ERR,ERR,ERR,ERR,ERR,ERR,ERR,ERR,ERR,ERR,ERR,ERR,ERR,ERR,ERR,ERR,ERR,ERR,ERR,ERR,ERR,ERR,ERR,ERR,ERR,ERR,ERR,ERR,ERR,ERR,ERR,ERR,ERR,ERR,ERR,ERR,ERR,ERR,ERR,ERR,ERR,ERR,ERR,ERR,ERR,ERR,ERR,ERR,ERR,ERR,ERR,ERR,ERR,ERR,ERR,ERR,ERR,ERR,ERR,34.0,80.0,35,0.0,0.0,0.0,0.0,0.0,0.0,0.0,0.0,0.0,0.0,0.0,0.0,0.0,0.0,0.0,0.0,66.0,0,120,58,54,65476,0,300,0,0,8,20529,65476,0,0,57672,80.0,0.0,0.0,0.0,0.0,0.0
2026-06-18T02:18:47,ERR,ERR,ERR,ERR,ERR,ERR,ERR,ERR,ERR,ERR,ERR,ERR,ERR,ERR,ERR,ERR,ERR,ERR,ERR,ERR,ERR,ERR,ERR,ERR,ERR,ERR,ERR,ERR,ERR,ERR,ERR,ERR,ERR,ERR,ERR,ERR,ERR,ERR,ERR,ERR,ERR,ERR,ERR,ERR,ERR,ERR,ERR,ERR,ERR,ERR,ERR,ERR,ERR,ERR,ERR,ERR,ERR,ERR,ERR,ERR,ERR,ERR,ERR,ERR,ERR,ERR,ERR,ERR,ERR,ERR,ERR,ERR,ERR,ERR,ERR,ERR,ERR,ERR,ERR,ERR,ERR,ERR,ERR,ERR,ERR,ERR,ERR,ERR,ERR,ERR,ERR,ERR,ERR,ERR,ERR,ERR,ERR,ERR,ERR,ERR,ERR,ERR,ERR,ERR,ERR,ERR,ERR,ERR,ERR,ERR,ERR,ERR,ERR,ERR,ERR,ERR,ERR,ERR,ERR,ERR,ERR,ERR,ERR,ERR,ERR,-0.0,-0.0,0.0,-0.0,-0.0,1.3936040501711995e+18,7.805,0.0,0,0,4,48907,6720,14723890282496.0,100,0.0,0.0,0.0,-0.0,0.0,0,0,0,0,0.0,0,0,0,0,0,0,0,0,0,0,0,0,0,0,0,0,0,0,0,0,0,0,0,0,0,0,0,0,0,0,0,0,0,26,51,50,76,65476,0,300,0,0,8,21553,0.0,-107605600.0,0.0,0.0,0.0,0.0,0.0,0.0,0.0,0.0,0.0,0.0,0.0,0.0,0.0,0.0,0.0,0.0,0.0,0.0,0.0,0.0,0.0,-2.004,0.0,-0.0,0.0,0.0,0.0,0.0,4766.0,1.5879278419570017e+29,7310.0,-0.0,-0.0,-107615360.0,0.0,0.0,0.0,0.0,0.0,77,-0.0,0.0,0.0,0.0,0.0,0.0,0.0,0.0,0.0,0,0,0,0.0,0.0,0.0,0.0,0.0,0.0,0.0,0.0,0.0,0.0,0.0,0.0,0.0,0.0,0.0,0.0,0,-107875648.0,77,0.0,154,0.0,-0.0,ERR,ERR,ERR,ERR,ERR,ERR,ERR,ERR,ERR,ERR,ERR,ERR,ERR,ERR,ERR,ERR,ERR,ERR,ERR,ERR,ERR,ERR,ERR,ERR,ERR,ERR,ERR,ERR,ERR,ERR,ERR,ERR,ERR,ERR,ERR,ERR,ERR,ERR,ERR,ERR,ERR,ERR,ERR,ERR,ERR,ERR,ERR,ERR,ERR,ERR,ERR,ERR,ERR,ERR,ERR,ERR,ERR,ERR,ERR,ERR,ERR,ERR,ERR,ERR,ERR,ERR,ERR,34.0,80.0,35,0.0,0.0,0.0,0.0,0.0,0.0,0.0,0.0,0.0,0.0,0.0,0.0,0.0,0.0,0.0,0.0,66.0,0,120,58,54,65476,0,300,0,0,8,20529,65476,0,0,57672,80.0,0.0,0.0,0.0,0.0,0.0
2026-06-18T02:18:48,ERR,ERR,ERR,ERR,ERR,ERR,ERR,ERR,ERR,ERR,ERR,ERR,ERR,ERR,ERR,ERR,ERR,ERR,ERR,ERR,ERR,ERR,ERR,ERR,ERR,ERR,ERR,ERR,ERR,ERR,ERR,ERR,ERR,ERR,ERR,ERR,ERR,ERR,ERR,ERR,ERR,ERR,ERR,ERR,ERR,ERR,ERR,ERR,ERR,ERR,ERR,ERR,ERR,ERR,ERR,ERR,ERR,ERR,ERR,ERR,ERR,ERR,ERR,ERR,ERR,ERR,ERR,ERR,ERR,ERR,ERR,ERR,ERR,ERR,ERR,ERR,ERR,ERR,ERR,ERR,ERR,ERR,ERR,ERR,ERR,ERR,ERR,ERR,ERR,ERR,ERR,ERR,ERR,ERR,ERR,ERR,ERR,ERR,ERR,ERR,ERR,ERR,ERR,ERR,ERR,ERR,ERR,ERR,ERR,ERR,ERR,ERR,ERR,ERR,ERR,ERR,ERR,ERR,ERR,ERR,ERR,ERR,ERR,ERR,ERR,-0.0,-0.0,0.0,-0.0,-0.0,1.3936040501711995e+18,7.805,0.0,0,0,4,48907,6720,14723890282496.0,100,0.0,0.0,0.0,-0.0,0.0,0,0,0,0,0.0,0,0,0,0,0,0,0,0,0,0,0,0,0,0,0,0,0,0,0,0,0,0,0,0,0,0,0,0,0,0,0,0,0,26,51,50,76,65476,0,300,0,0,8,21553,0.0,-107605600.0,0.0,0.0,0.0,0.0,0.0,0.0,0.0,0.0,0.0,0.0,0.0,0.0,0.0,0.0,0.0,0.0,0.0,0.0,0.0,0.0,0.0,-2.004,0.0,-0.0,0.0,0.0,0.0,0.0,4766.0,1.5879278419570017e+29,7310.0,-0.0,-0.0,-107615360.0,0.0,0.0,0.0,0.0,0.0,77,-0.0,0.0,0.0,0.0,0.0,0.0,0.0,0.0,0.0,0,0,0,0.0,0.0,0.0,0.0,0.0,0.0,0.0,0.0,0.0,0.0,0.0,0.0,0.0,0.0,0.0,0.0,0,-107875648.0,77,0.0,154,0.0,-0.0,ERR,ERR,ERR,ERR,ERR,ERR,ERR,ERR,ERR,ERR,ERR,ERR,ERR,ERR,ERR,ERR,ERR,ERR,ERR,ERR,ERR,ERR,ERR,ERR,ERR,ERR,ERR,ERR,ERR,ERR,ERR,ERR,ERR,ERR,ERR,ERR,ERR,ERR,ERR,ERR,ERR,ERR,ERR,ERR,ERR,ERR,ERR,ERR,ERR,ERR,ERR,ERR,ERR,ERR,ERR,ERR,ERR,ERR,ERR,ERR,ERR,ERR,ERR,ERR,ERR,ERR,ERR,34.0,80.0,35,0.0,0.0,0.0,0.0,0.0,0.0,0.0,0.0,0.0,0.0,0.0,0.0,0.0,0.0,0.0,0.0,66.0,0,120,58,54,65476,0,300,0,0,8,20529,65476,0,0,57672,80.0,0.0,0.0,0.0,0.0,0.0
2026-06-18T02:18:49,ERR,ERR,ERR,ERR,ERR,ERR,ERR,ERR,ERR,ERR,ERR,ERR,ERR,ERR,ERR,ERR,ERR,ERR,ERR,ERR,ERR,ERR,ERR,ERR,ERR,ERR,ERR,ERR,ERR,ERR,ERR,ERR,ERR,ERR,ERR,ERR,ERR,ERR,ERR,ERR,ERR,ERR,ERR,ERR,ERR,ERR,ERR,ERR,ERR,ERR,ERR,ERR,ERR,ERR,ERR,ERR,ERR,ERR,ERR,ERR,ERR,ERR,ERR,ERR,ERR,ERR,ERR,ERR,ERR,ERR,ERR,ERR,ERR,ERR,ERR,ERR,ERR,ERR,ERR,ERR,ERR,ERR,ERR,ERR,ERR,ERR,ERR,ERR,ERR,ERR,ERR,ERR,ERR,ERR,ERR,ERR,ERR,ERR,ERR,ERR,ERR,ERR,ERR,ERR,ERR,ERR,ERR,ERR,ERR,ERR,ERR,ERR,ERR,ERR,ERR,ERR,ERR,ERR,ERR,ERR,ERR,ERR,ERR,ERR,ERR,-0.0,-0.0,0.0,-0.0,-0.0,1.3936040501711995e+18,7.805,0.0,0,0,4,48907,6720,14723890282496.0,100,0.0,0.0,0.0,-0.0,0.0,0,0,0,0,0.0,0,0,0,0,0,0,0,0,0,0,0,0,0,0,0,0,0,0,0,0,0,0,0,0,0,0,0,0,0,0,0,0,0,26,51,50,76,65476,0,300,0,0,8,21553,0.0,-107605600.0,0.0,0.0,0.0,0.0,0.0,0.0,0.0,0.0,0.0,0.0,0.0,0.0,0.0,0.0,0.0,0.0,0.0,0.0,0.0,0.0,0.0,-2.004,0.0,-0.0,0.0,0.0,0.0,0.0,4766.0,1.5879278419570017e+29,7310.0,-0.0,-0.0,-107615360.0,0.0,0.0,0.0,0.0,0.0,77,-0.0,0.0,0.0,0.0,0.0,0.0,0.0,0.0,0.0,0,0,0,0.0,0.0,0.0,0.0,0.0,0.0,0.0,0.0,0.0,0.0,0.0,0.0,0.0,0.0,0.0,0.0,0,-107875648.0,77,0.0,154,0.0,-0.0,ERR,ERR,ERR,ERR,ERR,ERR,ERR,ERR,ERR,ERR,ERR,ERR,ERR,ERR,ERR,ERR,ERR,ERR,ERR,ERR,ERR,ERR,ERR,ERR,ERR,ERR,ERR,ERR,ERR,ERR,ERR,ERR,ERR,ERR,ERR,ERR,ERR,ERR,ERR,ERR,ERR,ERR,ERR,ERR,ERR,ERR,ERR,ERR,ERR,ERR,ERR,ERR,ERR,ERR,ERR,ERR,ERR,ERR,ERR,ERR,ERR,ERR,ERR,ERR,ERR,ERR,ERR,34.0,80.0,35,0.0,0.0,0.0,0.0,0.0,0.0,0.0,0.0,0.0,0.0,0.0,0.0,0.0,0.0,0.0,0.0,66.0,0,120,58,54,65476,0,300,0,0,8,20529,65476,0,0,57672,80.0,0.0,0.0,0.0,0.0,0.0
2026-06-18T02:18:50,ERR,ERR,ERR,ERR,ERR,ERR,ERR,ERR,ERR,ERR,ERR,ERR,ERR,ERR,ERR,ERR,ERR,ERR,ERR,ERR,ERR,ERR,ERR,ERR,ERR,ERR,ERR,ERR,ERR,ERR,ERR,ERR,ERR,ERR,ERR,ERR,ERR,ERR,ERR,ERR,ERR,ERR,ERR,ERR,ERR,ERR,ERR,ERR,ERR,ERR,ERR,ERR,ERR,ERR,ERR,ERR,ERR,ERR,ERR,ERR,ERR,ERR,ERR,ERR,ERR,ERR,ERR,ERR,ERR,ERR,ERR,ERR,ERR,ERR,ERR,ERR,ERR,ERR,ERR,ERR,ERR,ERR,ERR,ERR,ERR,ERR,ERR,ERR,ERR,ERR,ERR,ERR,ERR,ERR,ERR,ERR,ERR,ERR,ERR,ERR,ERR,ERR,ERR,ERR,ERR,ERR,ERR,ERR,ERR,ERR,ERR,ERR,ERR,ERR,ERR,ERR,ERR,ERR,ERR,ERR,ERR,ERR,ERR,ERR,ERR,-0.0,-0.0,0.0,-0.0,-0.0,1.3936040501711995e+18,7.805,0.0,0,0,4,48907,6720,14723890282496.0,100,0.0,0.0,0.0,-0.0,0.0,0,0,0,0,0.0,0,0,0,0,0,0,0,0,0,0,0,0,0,0,0,0,0,0,0,0,0,0,0,0,0,0,0,0,0,0,0,0,0,26,51,50,76,65476,0,300,0,0,8,21553,0.0,-107605600.0,0.0,0.0,0.0,0.0,0.0,0.0,0.0,0.0,0.0,0.0,0.0,0.0,0.0,0.0,0.0,0.0,0.0,0.0,0.0,0.0,0.0,-2.004,0.0,-0.0,0.0,0.0,0.0,0.0,4766.0,1.5879278419570017e+29,7310.0,-0.0,-0.0,-107615360.0,0.0,0.0,0.0,0.0,0.0,77,-0.0,0.0,0.0,0.0,0.0,0.0,0.0,0.0,0.0,0,0,0,0.0,0.0,0.0,0.0,0.0,0.0,0.0,0.0,0.0,0.0,0.0,0.0,0.0,0.0,0.0,0.0,0,-107875648.0,77,0.0,154,0.0,-0.0,ERR,ERR,ERR,ERR,ERR,ERR,ERR,ERR,ERR,ERR,ERR,ERR,ERR,ERR,ERR,ERR,ERR,ERR,ERR,ERR,ERR,ERR,ERR,ERR,ERR,ERR,ERR,ERR,ERR,ERR,ERR,ERR,ERR,ERR,ERR,ERR,ERR,ERR,ERR,ERR,ERR,ERR,ERR,ERR,ERR,ERR,ERR,ERR,ERR,ERR,ERR,ERR,ERR,ERR,ERR,ERR,ERR,ERR,ERR,ERR,ERR,ERR,ERR,ERR,ERR,ERR,ERR,34.0,80.0,35,0.0,0.0,0.0,0.0,0.0,0.0,0.0,0.0,0.0,0.0,0.0,0.0,0.0,0.0,0.0,0.0,66.0,0,120,58,54,65476,0,300,0,0,8,20529,65476,0,0,57672,80.0,0.0,0.0,0.0,0.0,0.0
2026-06-18T02:18:51,ERR,ERR,ERR,ERR,ERR,ERR,ERR,ERR,ERR,ERR,ERR,ERR,ERR,ERR,ERR,ERR,ERR,ERR,ERR,ERR,ERR,ERR,ERR,ERR,ERR,ERR,ERR,ERR,ERR,ERR,ERR,ERR,ERR,ERR,ERR,ERR,ERR,ERR,ERR,ERR,ERR,ERR,ERR,ERR,ERR,ERR,ERR,ERR,ERR,ERR,ERR,ERR,ERR,ERR,ERR,ERR,ERR,ERR,ERR,ERR,ERR,ERR,ERR,ERR,ERR,ERR,ERR,ERR,ERR,ERR,ERR,ERR,ERR,ERR,ERR,ERR,ERR,ERR,ERR,ERR,ERR,ERR,ERR,ERR,ERR,ERR,ERR,ERR,ERR,ERR,ERR,ERR,ERR,ERR,ERR,ERR,ERR,ERR,ERR,ERR,ERR,ERR,ERR,ERR,ERR,ERR,ERR,ERR,ERR,ERR,ERR,ERR,ERR,ERR,ERR,ERR,ERR,ERR,ERR,ERR,ERR,ERR,ERR,ERR,ERR,-0.0,-0.0,0.0,-0.0,-0.0,1.3936040501711995e+18,7.805,0.0,0,0,4,48903,6720,14723890282496.0,100,0.0,0.0,0.0,-0.0,0.0,0,0,0,0,0.0,0,0,0,0,0,0,0,0,0,0,0,0,0,0,0,0,0,0,0,0,0,0,0,0,0,0,0,0,0,0,0,0,0,26,51,50,76,65476,0,300,0,0,8,21553,0.0,-107605600.0,0.0,0.0,0.0,0.0,0.0,0.0,0.0,0.0,0.0,0.0,0.0,0.0,0.0,0.0,0.0,0.0,0.0,0.0,0.0,0.0,0.0,-2.004,0.0,-0.0,0.0,0.0,0.0,0.0,4737.0,-0.0,7312.0,-0.0,-0.0,-107615360.0,0.0,0.0,0.0,0.0,0.0,77,-0.0,0.0,0.0,0.0,0.0,0.0,0.0,0.0,0.0,0,0,0,0.0,0.0,0.0,0.0,0.0,0.0,0.0,0.0,0.0,0.0,0.0,0.0,0.0,0.0,0.0,0.0,0,-107875648.0,77,0.0,154,0.0,-0.0,ERR,ERR,ERR,ERR,ERR,ERR,ERR,ERR,ERR,ERR,ERR,ERR,ERR,ERR,ERR,ERR,ERR,ERR,ERR,ERR,ERR,ERR,ERR,ERR,ERR,ERR,ERR,ERR,ERR,ERR,ERR,ERR,ERR,ERR,ERR,ERR,ERR,ERR,ERR,ERR,ERR,ERR,ERR,ERR,ERR,ERR,ERR,ERR,ERR,ERR,ERR,ERR,ERR,ERR,ERR,ERR,ERR,ERR,ERR,ERR,ERR,ERR,ERR,ERR,ERR,ERR,ERR,34.0,80.0,35,0.0,0.0,0.0,0.0,0.0,0.0,0.0,0.0,0.0,0.0,0.0,0.0,0.0,0.0,0.0,0.0,66.4,0,120,58,54,65476,0,300,0,0,8,20529,65476,0,0,57672,80.0,0.0,0.0,0.0,0.0,0.0
2026-06-18T02:18:52,ERR,ERR,ERR,ERR,ERR,ERR,ERR,ERR,ERR,ERR,ERR,ERR,ERR,ERR,ERR,ERR,ERR,ERR,ERR,ERR,ERR,ERR,ERR,ERR,ERR,ERR,ERR,ERR,ERR,ERR,ERR,ERR,ERR,ERR,ERR,ERR,ERR,ERR,ERR,ERR,ERR,ERR,ERR,ERR,ERR,ERR,ERR,ERR,ERR,ERR,ERR,ERR,ERR,ERR,ERR,ERR,ERR,ERR,ERR,ERR,ERR,ERR,ERR,ERR,ERR,ERR,ERR,ERR,ERR,ERR,ERR,ERR,ERR,ERR,ERR,ERR,ERR,ERR,ERR,ERR,ERR,ERR,ERR,ERR,ERR,ERR,ERR,ERR,ERR,ERR,ERR,ERR,ERR,ERR,ERR,ERR,ERR,ERR,ERR,ERR,ERR,ERR,ERR,ERR,ERR,ERR,ERR,ERR,ERR,ERR,ERR,ERR,ERR,ERR,ERR,ERR,ERR,ERR,ERR,ERR,ERR,ERR,ERR,ERR,ERR,-0.0,-0.0,0.0,-0.0,-0.0,1.3936040501711995e+18,7.805,0.0,0,0,4,48903,6720,14723890282496.0,100,0.0,0.0,0.0,-0.0,0.0,0,0,0,0,0.0,0,0,0,0,0,0,0,0,0,0,0,0,0,0,0,0,0,0,0,0,0,0,0,0,0,0,0,0,0,0,0,0,0,26,51,50,76,65476,0,300,0,0,8,21553,0.0,-107605600.0,0.0,0.0,0.0,0.0,0.0,0.0,0.0,0.0,0.0,0.0,0.0,0.0,0.0,0.0,0.0,0.0,0.0,0.0,0.0,0.0,0.0,-2.004,0.0,-0.0,0.0,0.0,0.0,0.0,4737.0,-0.0,7312.0,-0.0,-0.0,-107615360.0,0.0,0.0,0.0,0.0,0.0,77,-0.0,0.0,0.0,0.0,0.0,0.0,0.0,0.0,0.0,0,0,0,0.0,0.0,0.0,0.0,0.0,0.0,0.0,0.0,0.0,0.0,0.0,0.0,0.0,0.0,0.0,0.0,0,-107875648.0,77,0.0,154,0.0,-0.0,ERR,ERR,ERR,ERR,ERR,ERR,ERR,ERR,ERR,ERR,ERR,ERR,ERR,ERR,ERR,ERR,ERR,ERR,ERR,ERR,ERR,ERR,ERR,ERR,ERR,ERR,ERR,ERR,ERR,ERR,ERR,ERR,ERR,ERR,ERR,ERR,ERR,ERR,ERR,ERR,ERR,ERR,ERR,ERR,ERR,ERR,ERR,ERR,ERR,ERR,ERR,ERR,ERR,ERR,ERR,ERR,ERR,ERR,ERR,ERR,ERR,ERR,ERR,ERR,ERR,ERR,ERR,34.0,80.0,35,0.0,0.0,0.0,0.0,0.0,0.0,0.0,0.0,0.0,0.0,0.0,0.0,0.0,0.0,0.0,0.0,66.4,0,120,58,54,65476,0,300,0,0,8,20529,65476,0,0,57672,80.0,0.0,0.0,0.0,0.0,0.0
2026-06-18T02:18:53,ERR,ERR,ERR,ERR,ERR,ERR,ERR,ERR,ERR,ERR,ERR,ERR,ERR,ERR,ERR,ERR,ERR,ERR,ERR,ERR,ERR,ERR,ERR,ERR,ERR,ERR,ERR,ERR,ERR,ERR,ERR,ERR,ERR,ERR,ERR,ERR,ERR,ERR,ERR,ERR,ERR,ERR,ERR,ERR,ERR,ERR,ERR,ERR,ERR,ERR,ERR,ERR,ERR,ERR,ERR,ERR,ERR,ERR,ERR,ERR,ERR,ERR,ERR,ERR,ERR,ERR,ERR,ERR,ERR,ERR,ERR,ERR,ERR,ERR,ERR,ERR,ERR,ERR,ERR,ERR,ERR,ERR,ERR,ERR,ERR,ERR,ERR,ERR,ERR,ERR,ERR,ERR,ERR,ERR,ERR,ERR,ERR,ERR,ERR,ERR,ERR,ERR,ERR,ERR,ERR,ERR,ERR,ERR,ERR,ERR,ERR,ERR,ERR,ERR,ERR,ERR,ERR,ERR,ERR,ERR,ERR,ERR,ERR,ERR,ERR,-0.0,-0.0,0.0,-0.0,-0.0,1.3936040501711995e+18,7.805,0.0,0,0,4,48903,6720,14723890282496.0,100,0.0,0.0,0.0,-0.0,0.0,0,0,0,0,0.0,0,0,0,0,0,0,0,0,0,0,0,0,0,0,0,0,0,0,0,0,0,0,0,0,0,0,0,0,0,0,0,0,0,26,51,50,76,65476,0,300,0,0,8,21553,0.0,-107605600.0,0.0,0.0,0.0,0.0,0.0,0.0,0.0,0.0,0.0,0.0,0.0,0.0,0.0,0.0,0.0,0.0,0.0,0.0,0.0,0.0,0.0,-2.004,0.0,-0.0,0.0,0.0,0.0,0.0,4737.0,-0.0,7312.0,-0.0,-0.0,-107615360.0,0.0,0.0,0.0,0.0,0.0,77,-0.0,0.0,0.0,0.0,0.0,0.0,0.0,0.0,0.0,0,0,0,0.0,0.0,0.0,0.0,0.0,0.0,0.0,0.0,0.0,0.0,0.0,0.0,0.0,0.0,0.0,0.0,0,-107875648.0,77,0.0,154,0.0,-0.0,ERR,ERR,ERR,ERR,ERR,ERR,ERR,ERR,ERR,ERR,ERR,ERR,ERR,ERR,ERR,ERR,ERR,ERR,ERR,ERR,ERR,ERR,ERR,ERR,ERR,ERR,ERR,ERR,ERR,ERR,ERR,ERR,ERR,ERR,ERR,ERR,ERR,ERR,ERR,ERR,ERR,ERR,ERR,ERR,ERR,ERR,ERR,ERR,ERR,ERR,ERR,ERR,ERR,ERR,ERR,ERR,ERR,ERR,ERR,ERR,ERR,ERR,ERR,ERR,ERR,ERR,ERR,34.0,80.0,35,0.0,0.0,0.0,0.0,0.0,0.0,0.0,0.0,0.0,0.0,0.0,0.0,0.0,0.0,0.0,0.0,66.0,0,120,58,54,65476,0,300,0,0,8,20529,65476,0,0,57672,80.0,0.0,0.0,0.0,0.0,0.0
2026-06-18T02:18:54,ERR,ERR,ERR,ERR,ERR,ERR,ERR,ERR,ERR,ERR,ERR,ERR,ERR,ERR,ERR,ERR,ERR,ERR,ERR,ERR,ERR,ERR,ERR,ERR,ERR,ERR,ERR,ERR,ERR,ERR,ERR,ERR,ERR,ERR,ERR,ERR,ERR,ERR,ERR,ERR,ERR,ERR,ERR,ERR,ERR,ERR,ERR,ERR,ERR,ERR,ERR,ERR,ERR,ERR,ERR,ERR,ERR,ERR,ERR,ERR,ERR,ERR,ERR,ERR,ERR,ERR,ERR,ERR,ERR,ERR,ERR,ERR,ERR,ERR,ERR,ERR,ERR,ERR,ERR,ERR,ERR,ERR,ERR,ERR,ERR,ERR,ERR,ERR,ERR,ERR,ERR,ERR,ERR,ERR,ERR,ERR,ERR,ERR,ERR,ERR,ERR,ERR,ERR,ERR,ERR,ERR,ERR,ERR,ERR,ERR,ERR,ERR,ERR,ERR,ERR,ERR,ERR,ERR,ERR,ERR,ERR,ERR,ERR,ERR,ERR,-0.0,-0.0,0.0,-0.0,-0.0,1.3936040501711995e+18,7.805,0.0,0,0,4,48903,6720,14723890282496.0,100,0.0,0.0,0.0,-0.0,0.0,0,0,0,0,0.0,0,0,0,0,0,0,0,0,0,0,0,0,0,0,0,0,0,0,0,0,0,0,0,0,0,0,0,0,0,0,0,0,0,26,51,50,76,65476,0,300,0,0,8,21553,0.0,-107605600.0,0.0,0.0,0.0,0.0,0.0,0.0,0.0,0.0,0.0,0.0,0.0,0.0,0.0,0.0,0.0,0.0,0.0,0.0,0.0,0.0,0.0,-2.004,0.0,-0.0,0.0,0.0,0.0,0.0,4737.0,-0.0,7312.0,-0.0,-0.0,-107615360.0,0.0,0.0,0.0,0.0,0.0,77,-0.0,0.0,0.0,0.0,0.0,0.0,0.0,0.0,0.0,0,0,0,0.0,0.0,0.0,0.0,0.0,0.0,0.0,0.0,0.0,0.0,0.0,0.0,0.0,0.0,0.0,0.0,0,-107875648.0,77,0.0,154,0.0,-0.0,ERR,ERR,ERR,ERR,ERR,ERR,ERR,ERR,ERR,ERR,ERR,ERR,ERR,ERR,ERR,ERR,ERR,ERR,ERR,ERR,ERR,ERR,ERR,ERR,ERR,ERR,ERR,ERR,ERR,ERR,ERR,ERR,ERR,ERR,ERR,ERR,ERR,ERR,ERR,ERR,ERR,ERR,ERR,ERR,ERR,ERR,ERR,ERR,ERR,ERR,ERR,ERR,ERR,ERR,ERR,ERR,ERR,ERR,ERR,ERR,ERR,ERR,ERR,ERR,ERR,ERR,ERR,34.0,80.0,35,0.0,0.0,0.0,0.0,0.0,0.0,0.0,0.0,0.0,0.0,0.0,0.0,0.0,0.0,0.0,0.0,66.0,0,120,58,54,65476,0,300,0,0,8,20529,65476,0,0,57672,80.0,0.0,0.0,0.0,0.0,0.0
2026-06-18T02:18:55,ERR,ERR,ERR,ERR,ERR,ERR,ERR,ERR,ERR,ERR,ERR,ERR,ERR,ERR,ERR,ERR,ERR,ERR,ERR,ERR,ERR,ERR,ERR,ERR,ERR,ERR,ERR,ERR,ERR,ERR,ERR,ERR,ERR,ERR,ERR,ERR,ERR,ERR,ERR,ERR,ERR,ERR,ERR,ERR,ERR,ERR,ERR,ERR,ERR,ERR,ERR,ERR,ERR,ERR,ERR,ERR,ERR,ERR,ERR,ERR,ERR,ERR,ERR,ERR,ERR,ERR,ERR,ERR,ERR,ERR,ERR,ERR,ERR,ERR,ERR,ERR,ERR,ERR,ERR,ERR,ERR,ERR,ERR,ERR,ERR,ERR,ERR,ERR,ERR,ERR,ERR,ERR,ERR,ERR,ERR,ERR,ERR,ERR,ERR,ERR,ERR,ERR,ERR,ERR,ERR,ERR,ERR,ERR,ERR,ERR,ERR,ERR,ERR,ERR,ERR,ERR,ERR,ERR,ERR,ERR,ERR,ERR,ERR,ERR,ERR,-0.0,-0.0,0.0,-0.0,-0.0,1.3936040501711995e+18,7.805,0.0,0,0,4,48903,6720,14723890282496.0,100,0.0,0.0,0.0,-0.0,0.0,0,0,0,0,0.0,0,0,0,0,0,0,0,0,0,0,0,0,0,0,0,0,0,0,0,0,0,0,0,0,0,0,0,0,0,0,0,0,0,26,51,50,76,65476,0,300,0,0,8,21553,0.0,-107605600.0,0.0,0.0,0.0,0.0,0.0,0.0,0.0,0.0,0.0,0.0,0.0,0.0,0.0,0.0,0.0,0.0,0.0,0.0,0.0,0.0,0.0,-2.004,0.0,-0.0,0.0,0.0,0.0,0.0,4737.0,-0.0,7312.0,-0.0,-0.0,-107615360.0,0.0,0.0,0.0,0.0,0.0,77,-0.0,0.0,0.0,0.0,0.0,0.0,0.0,0.0,0.0,0,0,0,0.0,0.0,0.0,0.0,0.0,0.0,0.0,0.0,0.0,0.0,0.0,0.0,0.0,0.0,0.0,0.0,0,-107875648.0,77,0.0,154,0.0,-0.0,ERR,ERR,ERR,ERR,ERR,ERR,ERR,ERR,ERR,ERR,ERR,ERR,ERR,ERR,ERR,ERR,ERR,ERR,ERR,ERR,ERR,ERR,ERR,ERR,ERR,ERR,ERR,ERR,ERR,ERR,ERR,ERR,ERR,ERR,ERR,ERR,ERR,ERR,ERR,ERR,ERR,ERR,ERR,ERR,ERR,ERR,ERR,ERR,ERR,ERR,ERR,ERR,ERR,ERR,ERR,ERR,ERR,ERR,ERR,ERR,ERR,ERR,ERR,ERR,ERR,ERR,ERR,34.0,80.0,35,0.0,0.0,0.0,0.0,0.0,0.0,0.0,0.0,0.0,0.0,0.0,0.0,0.0,0.0,0.0,0.0,66.0,0,120,58,54,65476,0,300,0,0,8,20529,65476,0,0,57672,80.0,0.0,0.0,0.0,0.0,0.0
2026-06-18T02:18:56,ERR,ERR,ERR,ERR,ERR,ERR,ERR,ERR,ERR,ERR,ERR,ERR,ERR,ERR,ERR,ERR,ERR,ERR,ERR,ERR,ERR,ERR,ERR,ERR,ERR,ERR,ERR,ERR,ERR,ERR,ERR,ERR,ERR,ERR,ERR,ERR,ERR,ERR,ERR,ERR,ERR,ERR,ERR,ERR,ERR,ERR,ERR,ERR,ERR,ERR,ERR,ERR,ERR,ERR,ERR,ERR,ERR,ERR,ERR,ERR,ERR,ERR,ERR,ERR,ERR,ERR,ERR,ERR,ERR,ERR,ERR,ERR,ERR,ERR,ERR,ERR,ERR,ERR,ERR,ERR,ERR,ERR,ERR,ERR,ERR,ERR,ERR,ERR,ERR,ERR,ERR,ERR,ERR,ERR,ERR,ERR,ERR,ERR,ERR,ERR,ERR,ERR,ERR,ERR,ERR,ERR,ERR,ERR,ERR,ERR,ERR,ERR,ERR,ERR,ERR,ERR,ERR,ERR,ERR,ERR,ERR,ERR,ERR,ERR,ERR,-0.0,-0.0,0.0,-0.0,-0.0,1.3936040501711995e+18,7.805,0.0,0,0,4,48906,6720,14723890282496.0,100,0.0,0.0,0.0,-0.0,0.0,0,0,0,0,0.0,0,0,0,0,0,0,0,0,0,0,0,0,0,0,0,0,0,0,0,0,0,0,0,0,0,0,0,0,0,0,0,0,0,26,51,50,76,65476,0,300,0,0,8,21553,0.0,-107605600.0,0.0,0.0,0.0,0.0,0.0,0.0,0.0,0.0,0.0,0.0,0.0,0.0,0.0,0.0,0.0,0.0,0.0,0.0,0.0,0.0,0.0,-0.0,0.0,-0.0,0.0,0.0,0.0,0.0,4766.0,564145296506880.0,7306.0,-0.0,-0.0,-107615360.0,0.0,0.0,0.0,0.0,0.0,77,-0.0,-152017095884800.0,0.0,0.0,0.0,0.0,0.0,0.0,0.0,0,0,0,0.0,0.0,0.0,0.0,0.0,0.0,0.0,0.0,0.0,0.0,0.0,0.0,0.0,0.0,0.0,0.0,0,-107875648.0,77,0.0,154,0.0,-0.0,ERR,ERR,ERR,ERR,ERR,ERR,ERR,ERR,ERR,ERR,ERR,ERR,ERR,ERR,ERR,ERR,ERR,ERR,ERR,ERR,ERR,ERR,ERR,ERR,ERR,ERR,ERR,ERR,ERR,ERR,ERR,ERR,ERR,ERR,ERR,ERR,ERR,ERR,ERR,ERR,ERR,ERR,ERR,ERR,ERR,ERR,ERR,ERR,ERR,ERR,ERR,ERR,ERR,ERR,ERR,ERR,ERR,ERR,ERR,ERR,ERR,ERR,ERR,ERR,ERR,ERR,ERR,34.0,80.0,35,0.0,0.0,0.0,0.0,0.0,0.0,0.0,0.0,0.0,0.0,0.0,0.0,0.0,0.0,0.0,0.0,66.0,0,120,58,54,65476,0,300,0,0,8,20529,65476,0,0,57672,80.0,0.0,0.0,0.0,0.0,0.0
2026-06-18T02:18:57,ERR,ERR,ERR,ERR,ERR,ERR,ERR,ERR,ERR,ERR,ERR,ERR,ERR,ERR,ERR,ERR,ERR,ERR,ERR,ERR,ERR,ERR,ERR,ERR,ERR,ERR,ERR,ERR,ERR,ERR,ERR,ERR,ERR,ERR,ERR,ERR,ERR,ERR,ERR,ERR,ERR,ERR,ERR,ERR,ERR,ERR,ERR,ERR,ERR,ERR,ERR,ERR,ERR,ERR,ERR,ERR,ERR,ERR,ERR,ERR,ERR,ERR,ERR,ERR,ERR,ERR,ERR,ERR,ERR,ERR,ERR,ERR,ERR,ERR,ERR,ERR,ERR,ERR,ERR,ERR,ERR,ERR,ERR,ERR,ERR,ERR,ERR,ERR,ERR,ERR,ERR,ERR,ERR,ERR,ERR,ERR,ERR,ERR,ERR,ERR,ERR,ERR,ERR,ERR,ERR,ERR,ERR,ERR,ERR,ERR,ERR,ERR,ERR,ERR,ERR,ERR,ERR,ERR,ERR,ERR,ERR,ERR,ERR,ERR,ERR,-0.0,-0.0,0.0,-0.0,-0.0,1.3936040501711995e+18,7.805,0.0,0,0,4,48906,6720,14723890282496.0,100,0.0,0.0,0.0,-0.0,0.0,0,0,0,0,0.0,0,0,0,0,0,0,0,0,0,0,0,0,0,0,0,0,0,0,0,0,0,0,0,0,0,0,0,0,0,0,0,0,0,26,51,50,76,65476,0,300,0,0,8,21553,0.0,-107605600.0,0.0,0.0,0.0,0.0,0.0,0.0,0.0,0.0,0.0,0.0,0.0,0.0,0.0,0.0,0.0,0.0,0.0,0.0,0.0,0.0,0.0,-0.0,0.0,-0.0,0.0,0.0,0.0,0.0,4766.0,564145296506880.0,7306.0,-0.0,-0.0,-107615360.0,0.0,0.0,0.0,0.0,0.0,77,-0.0,-152017095884800.0,0.0,0.0,0.0,0.0,0.0,0.0,0.0,0,0,0,0.0,0.0,0.0,0.0,0.0,0.0,0.0,0.0,0.0,0.0,0.0,0.0,0.0,0.0,0.0,0.0,0,-107875648.0,77,0.0,154,0.0,-0.0,ERR,ERR,ERR,ERR,ERR,ERR,ERR,ERR,ERR,ERR,ERR,ERR,ERR,ERR,ERR,ERR,ERR,ERR,ERR,ERR,ERR,ERR,ERR,ERR,ERR,ERR,ERR,ERR,ERR,ERR,ERR,ERR,ERR,ERR,ERR,ERR,ERR,ERR,ERR,ERR,ERR,ERR,ERR,ERR,ERR,ERR,ERR,ERR,ERR,ERR,ERR,ERR,ERR,ERR,ERR,ERR,ERR,ERR,ERR,ERR,ERR,ERR,ERR,ERR,ERR,ERR,ERR,34.0,80.0,35,0.0,0.0,0.0,0.0,0.0,0.0,0.0,0.0,0.0,0.0,0.0,0.0,0.0,0.0,0.0,0.0,66.0,0,120,58,54,65476,0,300,0,0,8,20529,65476,0,0,57672,80.0,0.0,0.0,0.0,0.0,0.0
2026-06-18T02:18:58,ERR,ERR,ERR,ERR,ERR,ERR,ERR,ERR,ERR,ERR,ERR,ERR,ERR,ERR,ERR,ERR,ERR,ERR,ERR,ERR,ERR,ERR,ERR,ERR,ERR,ERR,ERR,ERR,ERR,ERR,ERR,ERR,ERR,ERR,ERR,ERR,ERR,ERR,ERR,ERR,ERR,ERR,ERR,ERR,ERR,ERR,ERR,ERR,ERR,ERR,ERR,ERR,ERR,ERR,ERR,ERR,ERR,ERR,ERR,ERR,ERR,ERR,ERR,ERR,ERR,ERR,ERR,ERR,ERR,ERR,ERR,ERR,ERR,ERR,ERR,ERR,ERR,ERR,ERR,ERR,ERR,ERR,ERR,ERR,ERR,ERR,ERR,ERR,ERR,ERR,ERR,ERR,ERR,ERR,ERR,ERR,ERR,ERR,ERR,ERR,ERR,ERR,ERR,ERR,ERR,ERR,ERR,ERR,ERR,ERR,ERR,ERR,ERR,ERR,ERR,ERR,ERR,ERR,ERR,ERR,ERR,ERR,ERR,ERR,ERR,-0.0,-0.0,0.0,-0.0,-0.0,1.3936040501711995e+18,7.805,0.0,0,0,4,48906,6720,14723890282496.0,100,0.0,0.0,0.0,-0.0,0.0,0,0,0,0,0.0,0,0,0,0,0,0,0,0,0,0,0,0,0,0,0,0,0,0,0,0,0,0,0,0,0,0,0,0,0,0,0,0,0,26,51,50,76,65476,0,300,0,0,8,21553,0.0,-107605600.0,0.0,0.0,0.0,0.0,0.0,0.0,0.0,0.0,0.0,0.0,0.0,0.0,0.0,0.0,0.0,0.0,0.0,0.0,0.0,0.0,0.0,-0.0,0.0,-0.0,0.0,0.0,0.0,0.0,4766.0,564145296506880.0,7306.0,-0.0,-0.0,-107615360.0,0.0,0.0,0.0,0.0,0.0,77,-0.0,-152017095884800.0,0.0,0.0,0.0,0.0,0.0,0.0,0.0,0,0,0,0.0,0.0,0.0,0.0,0.0,0.0,0.0,0.0,0.0,0.0,0.0,0.0,0.0,0.0,0.0,0.0,0,-107875648.0,77,0.0,154,0.0,-0.0,ERR,ERR,ERR,ERR,ERR,ERR,ERR,ERR,ERR,ERR,ERR,ERR,ERR,ERR,ERR,ERR,ERR,ERR,ERR,ERR,ERR,ERR,ERR,ERR,ERR,ERR,ERR,ERR,ERR,ERR,ERR,ERR,ERR,ERR,ERR,ERR,ERR,ERR,ERR,ERR,ERR,ERR,ERR,ERR,ERR,ERR,ERR,ERR,ERR,ERR,ERR,ERR,ERR,ERR,ERR,ERR,ERR,ERR,ERR,ERR,ERR,ERR,ERR,ERR,ERR,ERR,ERR,34.0,80.0,35,0.0,0.0,0.0,0.0,0.0,0.0,0.0,0.0,0.0,0.0,0.0,0.0,0.0,0.0,0.0,0.0,66.0,0,120,58,54,65476,0,300,0,0,8,20529,65476,0,0,57672,80.0,0.0,0.0,0.0,0.0,0.0
2026-06-18T02:18:59,ERR,ERR,ERR,ERR,ERR,ERR,ERR,ERR,ERR,ERR,ERR,ERR,ERR,ERR,ERR,ERR,ERR,ERR,ERR,ERR,ERR,ERR,ERR,ERR,ERR,ERR,ERR,ERR,ERR,ERR,ERR,ERR,ERR,ERR,ERR,ERR,ERR,ERR,ERR,ERR,ERR,ERR,ERR,ERR,ERR,ERR,ERR,ERR,ERR,ERR,ERR,ERR,ERR,ERR,ERR,ERR,ERR,ERR,ERR,ERR,ERR,ERR,ERR,ERR,ERR,ERR,ERR,ERR,ERR,ERR,ERR,ERR,ERR,ERR,ERR,ERR,ERR,ERR,ERR,ERR,ERR,ERR,ERR,ERR,ERR,ERR,ERR,ERR,ERR,ERR,ERR,ERR,ERR,ERR,ERR,ERR,ERR,ERR,ERR,ERR,ERR,ERR,ERR,ERR,ERR,ERR,ERR,ERR,ERR,ERR,ERR,ERR,ERR,ERR,ERR,ERR,ERR,ERR,ERR,ERR,ERR,ERR,ERR,ERR,ERR,-0.0,-0.0,0.0,-0.0,-0.0,1.3936040501711995e+18,7.805,0.0,0,0,4,48906,6720,14723890282496.0,100,0.0,0.0,0.0,-0.0,0.0,0,0,0,0,0.0,0,0,0,0,0,0,0,0,0,0,0,0,0,0,0,0,0,0,0,0,0,0,0,0,0,0,0,0,0,0,0,0,0,26,51,50,76,65476,0,300,0,0,8,21553,0.0,-107605600.0,0.0,0.0,0.0,0.0,0.0,0.0,0.0,0.0,0.0,0.0,0.0,0.0,0.0,0.0,0.0,0.0,0.0,0.0,0.0,0.0,0.0,-0.0,0.0,-0.0,0.0,0.0,0.0,0.0,4766.0,564145296506880.0,7306.0,-0.0,-0.0,-107615360.0,0.0,0.0,0.0,0.0,0.0,77,-0.0,-152017095884800.0,0.0,0.0,0.0,0.0,0.0,0.0,0.0,0,0,0,0.0,0.0,0.0,0.0,0.0,0.0,0.0,0.0,0.0,0.0,0.0,0.0,0.0,0.0,0.0,0.0,0,-107875648.0,77,0.0,154,0.0,-0.0,ERR,ERR,ERR,ERR,ERR,ERR,ERR,ERR,ERR,ERR,ERR,ERR,ERR,ERR,ERR,ERR,ERR,ERR,ERR,ERR,ERR,ERR,ERR,ERR,ERR,ERR,ERR,ERR,ERR,ERR,ERR,ERR,ERR,ERR,ERR,ERR,ERR,ERR,ERR,ERR,ERR,ERR,ERR,ERR,ERR,ERR,ERR,ERR,ERR,ERR,ERR,ERR,ERR,ERR,ERR,ERR,ERR,ERR,ERR,ERR,ERR,ERR,ERR,ERR,ERR,ERR,ERR,34.0,80.0,35,0.0,0.0,0.0,0.0,0.0,0.0,0.0,0.0,0.0,0.0,0.0,0.0,0.0,0.0,0.0,0.0,66.0,0,120,58,54,65476,0,300,0,0,8,20529,65476,0,0,57672,80.0,0.0,0.0,0.0,0.0,0.0
2026-06-18T02:19:00,ERR,ERR,ERR,ERR,ERR,ERR,ERR,ERR,ERR,ERR,ERR,ERR,ERR,ERR,ERR,ERR,ERR,ERR,ERR,ERR,ERR,ERR,ERR,ERR,ERR,ERR,ERR,ERR,ERR,ERR,ERR,ERR,ERR,ERR,ERR,ERR,ERR,ERR,ERR,ERR,ERR,ERR,ERR,ERR,ERR,ERR,ERR,ERR,ERR,ERR,ERR,ERR,ERR,ERR,ERR,ERR,ERR,ERR,ERR,ERR,ERR,ERR,ERR,ERR,ERR,ERR,ERR,ERR,ERR,ERR,ERR,ERR,ERR,ERR,ERR,ERR,ERR,ERR,ERR,ERR,ERR,ERR,ERR,ERR,ERR,ERR,ERR,ERR,ERR,ERR,ERR,ERR,ERR,ERR,ERR,ERR,ERR,ERR,ERR,ERR,ERR,ERR,ERR,ERR,ERR,ERR,ERR,ERR,ERR,ERR,ERR,ERR,ERR,ERR,ERR,ERR,ERR,ERR,ERR,ERR,ERR,ERR,ERR,ERR,ERR,-0.0,-0.0,0.0,-0.0,-0.0,1.3936040501711995e+18,7.805,0.0,0,0,4,48906,6720,14723890282496.0,100,0.0,0.0,0.0,-0.0,0.0,0,0,0,0,0.0,0,0,0,0,0,0,0,0,0,0,0,0,0,0,0,0,0,0,0,0,0,0,0,0,0,0,0,0,0,0,0,0,0,26,51,50,76,65476,0,300,0,0,8,21553,0.0,-107605600.0,0.0,0.0,0.0,0.0,0.0,0.0,0.0,0.0,0.0,0.0,0.0,0.0,0.0,0.0,0.0,0.0,0.0,0.0,0.0,0.0,0.0,-0.0,0.0,-0.0,0.0,0.0,0.0,0.0,4766.0,564145296506880.0,7306.0,-0.0,-0.0,-107615360.0,0.0,0.0,0.0,0.0,0.0,77,-0.0,-152017095884800.0,0.0,0.0,0.0,0.0,0.0,0.0,0.0,0,0,0,0.0,0.0,0.0,0.0,0.0,0.0,0.0,0.0,0.0,0.0,0.0,0.0,0.0,0.0,0.0,0.0,0,-107875648.0,77,0.0,154,0.0,-0.0,ERR,ERR,ERR,ERR,ERR,ERR,ERR,ERR,ERR,ERR,ERR,ERR,ERR,ERR,ERR,ERR,ERR,ERR,ERR,ERR,ERR,ERR,ERR,ERR,ERR,ERR,ERR,ERR,ERR,ERR,ERR,ERR,ERR,ERR,ERR,ERR,ERR,ERR,ERR,ERR,ERR,ERR,ERR,ERR,ERR,ERR,ERR,ERR,ERR,ERR,ERR,ERR,ERR,ERR,ERR,ERR,ERR,ERR,ERR,ERR,ERR,ERR,ERR,ERR,ERR,ERR,ERR,34.0,80.0,35,0.0,0.0,0.0,0.0,0.0,0.0,0.0,0.0,0.0,0.0,0.0,0.0,0.0,0.0,0.0,0.0,66.4,0,120,58,54,65476,0,300,0,0,8,20529,65476,0,0,57672,80.0,0.0,0.0,0.0,0.0,0.0
2026-06-18T02:19:01,ERR,ERR,ERR,ERR,ERR,ERR,ERR,ERR,ERR,ERR,ERR,ERR,ERR,ERR,ERR,ERR,ERR,ERR,ERR,ERR,ERR,ERR,ERR,ERR,ERR,ERR,ERR,ERR,ERR,ERR,ERR,ERR,ERR,ERR,ERR,ERR,ERR,ERR,ERR,ERR,ERR,ERR,ERR,ERR,ERR,ERR,ERR,ERR,ERR,ERR,ERR,ERR,ERR,ERR,ERR,ERR,ERR,ERR,ERR,ERR,ERR,ERR,ERR,ERR,ERR,ERR,ERR,ERR,ERR,ERR,ERR,ERR,ERR,ERR,ERR,ERR,ERR,ERR,ERR,ERR,ERR,ERR,ERR,ERR,ERR,ERR,ERR,ERR,ERR,ERR,ERR,ERR,ERR,ERR,ERR,ERR,ERR,ERR,ERR,ERR,ERR,ERR,ERR,ERR,ERR,ERR,ERR,ERR,ERR,ERR,ERR,ERR,ERR,ERR,ERR,ERR,ERR,ERR,ERR,ERR,ERR,ERR,ERR,ERR,ERR,-0.0,-0.0,0.0,-0.0,-0.0,1.3936040501711995e+18,7.805,0.0,0,0,4,48907,6720,14723890282496.0,100,0.0,0.0,0.0,0.0,0.0,0,0,0,0,0.0,0,0,0,0,0,0,0,0,0,0,0,0,0,0,0,0,0,0,0,0,0,0,0,0,0,0,0,0,0,0,0,0,0,26,51,50,76,65476,0,300,0,0,8,21553,0.0,-107605600.0,0.0,0.0,0.0,0.0,0.0,0.0,0.0,0.0,0.0,0.0,0.0,0.0,0.0,0.0,0.0,0.0,0.0,0.0,0.0,0.0,0.0,-2.004,2.004,-0.0,0.0,0.0,0.0,0.0,4765.0,3.697182615187489e+19,7308.0,-0.0,-0.0,-107615360.0,0.0,0.0,0.0,0.0,0.0,77,-0.0,-3.2219987089600715e+26,0.0,0.0,0.0,0.0,0.0,0.0,0.0,0,0,0,0.0,0.0,0.0,0.0,0.0,0.0,0.0,0.0,0.0,0.0,0.0,0.0,0.0,0.0,0.0,0.0,0,-107875648.0,77,0.0,154,0.0,-0.0,ERR,ERR,ERR,ERR,ERR,ERR,ERR,ERR,ERR,ERR,ERR,ERR,ERR,ERR,ERR,ERR,ERR,ERR,ERR,ERR,ERR,ERR,ERR,ERR,ERR,ERR,ERR,ERR,ERR,ERR,ERR,ERR,ERR,ERR,ERR,ERR,ERR,ERR,ERR,ERR,ERR,ERR,ERR,ERR,ERR,ERR,ERR,ERR,ERR,ERR,ERR,ERR,ERR,ERR,ERR,ERR,ERR,ERR,ERR,ERR,ERR,ERR,ERR,ERR,ERR,ERR,ERR,34.0,80.0,35,0.0,0.0,0.0,0.0,0.0,0.0,0.0,0.0,0.0,0.0,0.0,0.0,0.0,0.0,0.0,0.0,66.4,0,120,58,54,65476,0,300,0,0,8,20529,65476,0,0,57672,80.0,0.0,0.0,0.0,0.0,0.0
2026-06-18T02:19:02,ERR,ERR,ERR,ERR,ERR,ERR,ERR,ERR,ERR,ERR,ERR,ERR,ERR,ERR,ERR,ERR,ERR,ERR,ERR,ERR,ERR,ERR,ERR,ERR,ERR,ERR,ERR,ERR,ERR,ERR,ERR,ERR,ERR,ERR,ERR,ERR,ERR,ERR,ERR,ERR,ERR,ERR,ERR,ERR,ERR,ERR,ERR,ERR,ERR,ERR,ERR,ERR,ERR,ERR,ERR,ERR,ERR,ERR,ERR,ERR,ERR,ERR,ERR,ERR,ERR,ERR,ERR,ERR,ERR,ERR,ERR,ERR,ERR,ERR,ERR,ERR,ERR,ERR,ERR,ERR,ERR,ERR,ERR,ERR,ERR,ERR,ERR,ERR,ERR,ERR,ERR,ERR,ERR,ERR,ERR,ERR,ERR,ERR,ERR,ERR,ERR,ERR,ERR,ERR,ERR,ERR,ERR,ERR,ERR,ERR,ERR,ERR,ERR,ERR,ERR,ERR,ERR,ERR,ERR,ERR,ERR,ERR,ERR,ERR,ERR,-0.0,-0.0,0.0,-0.0,-0.0,1.3936040501711995e+18,7.805,0.0,0,0,4,48907,6720,14723890282496.0,100,0.0,0.0,0.0,0.0,0.0,0,0,0,0,0.0,0,0,0,0,0,0,0,0,0,0,0,0,0,0,0,0,0,0,0,0,0,0,0,0,0,0,0,0,0,0,0,0,0,26,51,50,76,65476,0,300,0,0,8,21553,0.0,-107605600.0,0.0,0.0,0.0,0.0,0.0,0.0,0.0,0.0,0.0,0.0,0.0,0.0,0.0,0.0,0.0,0.0,0.0,0.0,0.0,0.0,0.0,-2.004,2.004,-0.0,0.0,0.0,0.0,0.0,4765.0,3.697182615187489e+19,7308.0,-0.0,-0.0,-107615360.0,0.0,0.0,0.0,0.0,0.0,77,-0.0,-3.2219987089600715e+26,0.0,0.0,0.0,0.0,0.0,0.0,0.0,0,0,0,0.0,0.0,0.0,0.0,0.0,0.0,0.0,0.0,0.0,0.0,0.0,0.0,0.0,0.0,0.0,0.0,0,-107875648.0,77,0.0,154,0.0,-0.0,ERR,ERR,ERR,ERR,ERR,ERR,ERR,ERR,ERR,ERR,ERR,ERR,ERR,ERR,ERR,ERR,ERR,ERR,ERR,ERR,ERR,ERR,ERR,ERR,ERR,ERR,ERR,ERR,ERR,ERR,ERR,ERR,ERR,ERR,ERR,ERR,ERR,ERR,ERR,ERR,ERR,ERR,ERR,ERR,ERR,ERR,ERR,ERR,ERR,ERR,ERR,ERR,ERR,ERR,ERR,ERR,ERR,ERR,ERR,ERR,ERR,ERR,ERR,ERR,ERR,ERR,ERR,34.0,80.0,35,0.0,0.0,0.0,0.0,0.0,0.0,0.0,0.0,0.0,0.0,0.0,0.0,0.0,0.0,0.0,0.0,66.0,0,120,58,54,65476,0,300,0,0,8,20529,65476,0,0,57672,80.0,0.0,0.0,0.0,0.0,0.0
2026-06-18T02:19:03,ERR,ERR,ERR,ERR,ERR,ERR,ERR,ERR,ERR,ERR,ERR,ERR,ERR,ERR,ERR,ERR,ERR,ERR,ERR,ERR,ERR,ERR,ERR,ERR,ERR,ERR,ERR,ERR,ERR,ERR,ERR,ERR,ERR,ERR,ERR,ERR,ERR,ERR,ERR,ERR,ERR,ERR,ERR,ERR,ERR,ERR,ERR,ERR,ERR,ERR,ERR,ERR,ERR,ERR,ERR,ERR,ERR,ERR,ERR,ERR,ERR,ERR,ERR,ERR,ERR,ERR,ERR,ERR,ERR,ERR,ERR,ERR,ERR,ERR,ERR,ERR,ERR,ERR,ERR,ERR,ERR,ERR,ERR,ERR,ERR,ERR,ERR,ERR,ERR,ERR,ERR,ERR,ERR,ERR,ERR,ERR,ERR,ERR,ERR,ERR,ERR,ERR,ERR,ERR,ERR,ERR,ERR,ERR,ERR,ERR,ERR,ERR,ERR,ERR,ERR,ERR,ERR,ERR,ERR,ERR,ERR,ERR,ERR,ERR,ERR,-0.0,-0.0,0.0,-0.0,-0.0,1.3936040501711995e+18,7.805,0.0,0,0,4,48907,6720,14723890282496.0,100,0.0,0.0,0.0,0.0,0.0,0,0,0,0,0.0,0,0,0,0,0,0,0,0,0,0,0,0,0,0,0,0,0,0,0,0,0,0,0,0,0,0,0,0,0,0,0,0,0,26,51,50,76,65476,0,300,0,0,8,21553,0.0,-107605600.0,0.0,0.0,0.0,0.0,0.0,0.0,0.0,0.0,0.0,0.0,0.0,0.0,0.0,0.0,0.0,0.0,0.0,0.0,0.0,0.0,0.0,-2.004,2.004,-0.0,0.0,0.0,0.0,0.0,4765.0,3.697182615187489e+19,7308.0,-0.0,-0.0,-107615360.0,0.0,0.0,0.0,0.0,0.0,77,-0.0,-3.2219987089600715e+26,0.0,0.0,0.0,0.0,0.0,0.0,0.0,0,0,0,0.0,0.0,0.0,0.0,0.0,0.0,0.0,0.0,0.0,0.0,0.0,0.0,0.0,0.0,0.0,0.0,0,-107875648.0,77,0.0,154,0.0,-0.0,ERR,ERR,ERR,ERR,ERR,ERR,ERR,ERR,ERR,ERR,ERR,ERR,ERR,ERR,ERR,ERR,ERR,ERR,ERR,ERR,ERR,ERR,ERR,ERR,ERR,ERR,ERR,ERR,ERR,ERR,ERR,ERR,ERR,ERR,ERR,ERR,ERR,ERR,ERR,ERR,ERR,ERR,ERR,ERR,ERR,ERR,ERR,ERR,ERR,ERR,ERR,ERR,ERR,ERR,ERR,ERR,ERR,ERR,ERR,ERR,ERR,ERR,ERR,ERR,ERR,ERR,ERR,34.0,80.0,35,0.0,0.0,0.0,0.0,0.0,0.0,0.0,0.0,0.0,0.0,0.0,0.0,0.0,0.0,0.0,0.0,66.0,0,120,58,54,65476,0,300,0,0,8,20529,65476,0,0,57672,80.0,0.0,0.0,0.0,0.0,0.0
2026-06-18T02:19:04,ERR,ERR,ERR,ERR,ERR,ERR,ERR,ERR,ERR,ERR,ERR,ERR,ERR,ERR,ERR,ERR,ERR,ERR,ERR,ERR,ERR,ERR,ERR,ERR,ERR,ERR,ERR,ERR,ERR,ERR,ERR,ERR,ERR,ERR,ERR,ERR,ERR,ERR,ERR,ERR,ERR,ERR,ERR,ERR,ERR,ERR,ERR,ERR,ERR,ERR,ERR,ERR,ERR,ERR,ERR,ERR,ERR,ERR,ERR,ERR,ERR,ERR,ERR,ERR,ERR,ERR,ERR,ERR,ERR,ERR,ERR,ERR,ERR,ERR,ERR,ERR,ERR,ERR,ERR,ERR,ERR,ERR,ERR,ERR,ERR,ERR,ERR,ERR,ERR,ERR,ERR,ERR,ERR,ERR,ERR,ERR,ERR,ERR,ERR,ERR,ERR,ERR,ERR,ERR,ERR,ERR,ERR,ERR,ERR,ERR,ERR,ERR,ERR,ERR,ERR,ERR,ERR,ERR,ERR,ERR,ERR,ERR,ERR,ERR,ERR,-0.0,-0.0,0.0,-0.0,-0.0,1.3936040501711995e+18,7.805,0.0,0,0,4,48907,6720,14723890282496.0,100,0.0,0.0,0.0,0.0,0.0,0,0,0,0,0.0,0,0,0,0,0,0,0,0,0,0,0,0,0,0,0,0,0,0,0,0,0,0,0,0,0,0,0,0,0,0,0,0,0,26,51,50,76,65476,0,300,0,0,8,21553,0.0,-107605600.0,0.0,0.0,0.0,0.0,0.0,0.0,0.0,0.0,0.0,0.0,0.0,0.0,0.0,0.0,0.0,0.0,0.0,0.0,0.0,0.0,0.0,-2.004,2.004,-0.0,0.0,0.0,0.0,0.0,4765.0,3.697182615187489e+19,7308.0,-0.0,-0.0,-107615360.0,0.0,0.0,0.0,0.0,0.0,77,-0.0,-3.2219987089600715e+26,0.0,0.0,0.0,0.0,0.0,0.0,0.0,0,0,0,0.0,0.0,0.0,0.0,0.0,0.0,0.0,0.0,0.0,0.0,0.0,0.0,0.0,0.0,0.0,0.0,0,-107875648.0,77,0.0,154,0.0,-0.0,ERR,ERR,ERR,ERR,ERR,ERR,ERR,ERR,ERR,ERR,ERR,ERR,ERR,ERR,ERR,ERR,ERR,ERR,ERR,ERR,ERR,ERR,ERR,ERR,ERR,ERR,ERR,ERR,ERR,ERR,ERR,ERR,ERR,ERR,ERR,ERR,ERR,ERR,ERR,ERR,ERR,ERR,ERR,ERR,ERR,ERR,ERR,ERR,ERR,ERR,ERR,ERR,ERR,ERR,ERR,ERR,ERR,ERR,ERR,ERR,ERR,ERR,ERR,ERR,ERR,ERR,ERR,34.0,80.0,35,0.0,0.0,0.0,0.0,0.0,0.0,0.0,0.0,0.0,0.0,0.0,0.0,0.0,0.0,0.0,0.0,66.4,0,120,58,54,65476,0,300,0,0,8,20529,65476,0,0,57672,80.0,0.0,0.0,0.0,0.0,0.0
2026-06-18T02:19:05,ERR,ERR,ERR,ERR,ERR,ERR,ERR,ERR,ERR,ERR,ERR,ERR,ERR,ERR,ERR,ERR,ERR,ERR,ERR,ERR,ERR,ERR,ERR,ERR,ERR,ERR,ERR,ERR,ERR,ERR,ERR,ERR,ERR,ERR,ERR,ERR,ERR,ERR,ERR,ERR,ERR,ERR,ERR,ERR,ERR,ERR,ERR,ERR,ERR,ERR,ERR,ERR,ERR,ERR,ERR,ERR,ERR,ERR,ERR,ERR,ERR,ERR,ERR,ERR,ERR,ERR,ERR,ERR,ERR,ERR,ERR,ERR,ERR,ERR,ERR,ERR,ERR,ERR,ERR,ERR,ERR,ERR,ERR,ERR,ERR,ERR,ERR,ERR,ERR,ERR,ERR,ERR,ERR,ERR,ERR,ERR,ERR,ERR,ERR,ERR,ERR,ERR,ERR,ERR,ERR,ERR,ERR,ERR,ERR,ERR,ERR,ERR,ERR,ERR,ERR,ERR,ERR,ERR,ERR,ERR,ERR,ERR,ERR,ERR,ERR,-0.0,-0.0,0.0,-0.0,-0.0,1.3936040501711995e+18,7.805,0.0,0,0,4,48907,6720,14723890282496.0,100,0.0,0.0,0.0,0.0,0.0,0,0,0,0,0.0,0,0,0,0,0,0,0,0,0,0,0,0,0,0,0,0,0,0,0,0,0,0,0,0,0,0,0,0,0,0,0,0,0,26,51,50,76,65476,0,300,0,0,8,21553,0.0,-107605600.0,0.0,0.0,0.0,0.0,0.0,0.0,0.0,0.0,0.0,0.0,0.0,0.0,0.0,0.0,0.0,0.0,0.0,0.0,0.0,0.0,0.0,-2.004,2.004,-0.0,0.0,0.0,0.0,0.0,4765.0,3.697182615187489e+19,7308.0,-0.0,-0.0,-107615360.0,0.0,0.0,0.0,0.0,0.0,77,-0.0,-3.2219987089600715e+26,0.0,0.0,0.0,0.0,0.0,0.0,0.0,0,0,0,0.0,0.0,0.0,0.0,0.0,0.0,0.0,0.0,0.0,0.0,0.0,0.0,0.0,0.0,0.0,0.0,0,-107875648.0,77,0.0,154,0.0,-0.0,ERR,ERR,ERR,ERR,ERR,ERR,ERR,ERR,ERR,ERR,ERR,ERR,ERR,ERR,ERR,ERR,ERR,ERR,ERR,ERR,ERR,ERR,ERR,ERR,ERR,ERR,ERR,ERR,ERR,ERR,ERR,ERR,ERR,ERR,ERR,ERR,ERR,ERR,ERR,ERR,ERR,ERR,ERR,ERR,ERR,ERR,ERR,ERR,ERR,ERR,ERR,ERR,ERR,ERR,ERR,ERR,ERR,ERR,ERR,ERR,ERR,ERR,ERR,ERR,ERR,ERR,ERR,34.0,80.0,35,0.0,0.0,0.0,0.0,0.0,0.0,0.0,0.0,0.0,0.0,0.0,0.0,0.0,0.0,0.0,0.0,66.4,0,120,58,54,65476,0,300,0,0,8,20529,65476,0,0,57672,80.0,0.0,0.0,0.0,0.0,0.0
2026-06-18T02:19:06,ERR,ERR,ERR,ERR,ERR,ERR,ERR,ERR,ERR,ERR,ERR,ERR,ERR,ERR,ERR,ERR,ERR,ERR,ERR,ERR,ERR,ERR,ERR,ERR,ERR,ERR,ERR,ERR,ERR,ERR,ERR,ERR,ERR,ERR,ERR,ERR,ERR,ERR,ERR,ERR,ERR,ERR,ERR,ERR,ERR,ERR,ERR,ERR,ERR,ERR,ERR,ERR,ERR,ERR,ERR,ERR,ERR,ERR,ERR,ERR,ERR,ERR,ERR,ERR,ERR,ERR,ERR,ERR,ERR,ERR,ERR,ERR,ERR,ERR,ERR,ERR,ERR,ERR,ERR,ERR,ERR,ERR,ERR,ERR,ERR,ERR,ERR,ERR,ERR,ERR,ERR,ERR,ERR,ERR,ERR,ERR,ERR,ERR,ERR,ERR,ERR,ERR,ERR,ERR,ERR,ERR,ERR,ERR,ERR,ERR,ERR,ERR,ERR,ERR,ERR,ERR,ERR,ERR,ERR,ERR,ERR,ERR,ERR,ERR,ERR,-0.0,-0.0,0.0,0.059,0.0,1.3936040501711995e+18,7.805,-0.0,0,0,4,48902,6720,14723890282496.0,100,0.0,0.0,0.0,0.059,0.0,0,0,0,0,0.0,0,0,0,0,0,0,0,0,0,0,0,0,0,0,0,0,0,0,0,0,0,0,0,0,0,0,0,0,0,0,0,0,0,26,51,50,76,65476,0,300,0,0,8,21553,0.0,-107605600.0,0.0,0.0,0.0,0.0,0.0,0.0,0.0,0.0,0.0,0.0,0.0,0.0,0.0,0.0,0.0,0.0,0.0,0.0,0.0,0.0,0.0,-2.004,0.0,-0.0,0.0,0.0,0.0,0.0,4737.0,564145296506880.0,7307.0,-0.0,-0.0,-107615360.0,0.0,0.0,0.0,0.0,0.0,77,-0.0,-2.3088261162012456e+20,0.0,0.0,0.0,0.0,0.0,0.0,0.0,0,0,0,0.0,0.0,0.0,0.0,0.0,0.0,0.0,0.0,0.0,0.0,0.0,0.0,0.0,0.0,0.0,0.0,0,-107875648.0,77,0.0,154,0.0,-0.0,ERR,ERR,ERR,ERR,ERR,ERR,ERR,ERR,ERR,ERR,ERR,ERR,ERR,ERR,ERR,ERR,ERR,ERR,ERR,ERR,ERR,ERR,ERR,ERR,ERR,ERR,ERR,ERR,ERR,ERR,ERR,ERR,ERR,ERR,ERR,ERR,ERR,ERR,ERR,ERR,ERR,ERR,ERR,ERR,ERR,ERR,ERR,ERR,ERR,ERR,ERR,ERR,ERR,ERR,ERR,ERR,ERR,ERR,ERR,ERR,ERR,ERR,ERR,ERR,ERR,ERR,ERR,34.0,80.0,35,0.0,0.0,0.0,0.0,0.0,0.0,0.0,0.0,0.0,0.0,0.0,0.0,0.0,0.0,0.0,0.0,66.0,0,120,58,54,65476,0,300,0,0,8,20529,65476,0,0,57672,80.0,0.0,0.0,0.0,0.0,0.0
2026-06-18T02:19:07,ERR,ERR,ERR,ERR,ERR,ERR,ERR,ERR,ERR,ERR,ERR,ERR,ERR,ERR,ERR,ERR,ERR,ERR,ERR,ERR,ERR,ERR,ERR,ERR,ERR,ERR,ERR,ERR,ERR,ERR,ERR,ERR,ERR,ERR,ERR,ERR,ERR,ERR,ERR,ERR,ERR,ERR,ERR,ERR,ERR,ERR,ERR,ERR,ERR,ERR,ERR,ERR,ERR,ERR,ERR,ERR,ERR,ERR,ERR,ERR,ERR,ERR,ERR,ERR,ERR,ERR,ERR,ERR,ERR,ERR,ERR,ERR,ERR,ERR,ERR,ERR,ERR,ERR,ERR,ERR,ERR,ERR,ERR,ERR,ERR,ERR,ERR,ERR,ERR,ERR,ERR,ERR,ERR,ERR,ERR,ERR,ERR,ERR,ERR,ERR,ERR,ERR,ERR,ERR,ERR,ERR,ERR,ERR,ERR,ERR,ERR,ERR,ERR,ERR,ERR,ERR,ERR,ERR,ERR,ERR,ERR,ERR,ERR,ERR,ERR,-0.0,-0.0,0.0,0.059,0.0,1.3936040501711995e+18,7.805,-0.0,0,0,4,48902,6720,14723890282496.0,100,0.0,0.0,0.0,0.059,0.0,0,0,0,0,0.0,0,0,0,0,0,0,0,0,0,0,0,0,0,0,0,0,0,0,0,0,0,0,0,0,0,0,0,0,0,0,0,0,0,26,51,50,76,65476,0,300,0,0,8,21553,0.0,-107605600.0,0.0,0.0,0.0,0.0,0.0,0.0,0.0,0.0,0.0,0.0,0.0,0.0,0.0,0.0,0.0,0.0,0.0,0.0,0.0,0.0,0.0,-2.004,0.0,-0.0,0.0,0.0,0.0,0.0,4737.0,564145296506880.0,7307.0,-0.0,-0.0,-107615360.0,0.0,0.0,0.0,0.0,0.0,77,-0.0,-2.3088261162012456e+20,0.0,0.0,0.0,0.0,0.0,0.0,0.0,0,0,0,0.0,0.0,0.0,0.0,0.0,0.0,0.0,0.0,0.0,0.0,0.0,0.0,0.0,0.0,0.0,0.0,0,-107875648.0,77,0.0,154,0.0,-0.0,ERR,ERR,ERR,ERR,ERR,ERR,ERR,ERR,ERR,ERR,ERR,ERR,ERR,ERR,ERR,ERR,ERR,ERR,ERR,ERR,ERR,ERR,ERR,ERR,ERR,ERR,ERR,ERR,ERR,ERR,ERR,ERR,ERR,ERR,ERR,ERR,ERR,ERR,ERR,ERR,ERR,ERR,ERR,ERR,ERR,ERR,ERR,ERR,ERR,ERR,ERR,ERR,ERR,ERR,ERR,ERR,ERR,ERR,ERR,ERR,ERR,ERR,ERR,ERR,ERR,ERR,ERR,34.0,80.0,35,0.0,0.0,0.0,0.0,0.0,0.0,0.0,0.0,0.0,0.0,0.0,0.0,0.0,0.0,0.0,0.0,66.0,0,120,58,54,65476,0,300,0,0,8,20529,65476,0,0,57672,80.0,0.0,0.0,0.0,0.0,0.0
2026-06-18T02:19:08,ERR,ERR,ERR,ERR,ERR,ERR,ERR,ERR,ERR,ERR,ERR,ERR,ERR,ERR,ERR,ERR,ERR,ERR,ERR,ERR,ERR,ERR,ERR,ERR,ERR,ERR,ERR,ERR,ERR,ERR,ERR,ERR,ERR,ERR,ERR,ERR,ERR,ERR,ERR,ERR,ERR,ERR,ERR,ERR,ERR,ERR,ERR,ERR,ERR,ERR,ERR,ERR,ERR,ERR,ERR,ERR,ERR,ERR,ERR,ERR,ERR,ERR,ERR,ERR,ERR,ERR,ERR,ERR,ERR,ERR,ERR,ERR,ERR,ERR,ERR,ERR,ERR,ERR,ERR,ERR,ERR,ERR,ERR,ERR,ERR,ERR,ERR,ERR,ERR,ERR,ERR,ERR,ERR,ERR,ERR,ERR,ERR,ERR,ERR,ERR,ERR,ERR,ERR,ERR,ERR,ERR,ERR,ERR,ERR,ERR,ERR,ERR,ERR,ERR,ERR,ERR,ERR,ERR,ERR,ERR,ERR,ERR,ERR,ERR,ERR,-0.0,-0.0,0.0,0.059,0.0,1.3936040501711995e+18,7.805,-0.0,0,0,4,48902,6720,14723890282496.0,100,0.0,0.0,0.0,0.059,0.0,0,0,0,0,0.0,0,0,0,0,0,0,0,0,0,0,0,0,0,0,0,0,0,0,0,0,0,0,0,0,0,0,0,0,0,0,0,0,0,26,51,50,76,65476,0,300,0,0,8,21553,0.0,-107605600.0,0.0,0.0,0.0,0.0,0.0,0.0,0.0,0.0,0.0,0.0,0.0,0.0,0.0,0.0,0.0,0.0,0.0,0.0,0.0,0.0,0.0,-2.004,0.0,-0.0,0.0,0.0,0.0,0.0,4737.0,564145296506880.0,7307.0,-0.0,-0.0,-107615360.0,0.0,0.0,0.0,0.0,0.0,77,-0.0,-2.3088261162012456e+20,0.0,0.0,0.0,0.0,0.0,0.0,0.0,0,0,0,0.0,0.0,0.0,0.0,0.0,0.0,0.0,0.0,0.0,0.0,0.0,0.0,0.0,0.0,0.0,0.0,0,-107875648.0,77,0.0,154,0.0,-0.0,ERR,ERR,ERR,ERR,ERR,ERR,ERR,ERR,ERR,ERR,ERR,ERR,ERR,ERR,ERR,ERR,ERR,ERR,ERR,ERR,ERR,ERR,ERR,ERR,ERR,ERR,ERR,ERR,ERR,ERR,ERR,ERR,ERR,ERR,ERR,ERR,ERR,ERR,ERR,ERR,ERR,ERR,ERR,ERR,ERR,ERR,ERR,ERR,ERR,ERR,ERR,ERR,ERR,ERR,ERR,ERR,ERR,ERR,ERR,ERR,ERR,ERR,ERR,ERR,ERR,ERR,ERR,34.0,80.0,35,0.0,0.0,0.0,0.0,0.0,0.0,0.0,0.0,0.0,0.0,0.0,0.0,0.0,0.0,0.0,0.0,66.0,0,120,58,54,65476,0,300,0,0,8,20529,65476,0,0,57672,80.0,0.0,0.0,0.0,0.0,0.0
2026-06-18T02:19:09,ERR,ERR,ERR,ERR,ERR,ERR,ERR,ERR,ERR,ERR,ERR,ERR,ERR,ERR,ERR,ERR,ERR,ERR,ERR,ERR,ERR,ERR,ERR,ERR,ERR,ERR,ERR,ERR,ERR,ERR,ERR,ERR,ERR,ERR,ERR,ERR,ERR,ERR,ERR,ERR,ERR,ERR,ERR,ERR,ERR,ERR,ERR,ERR,ERR,ERR,ERR,ERR,ERR,ERR,ERR,ERR,ERR,ERR,ERR,ERR,ERR,ERR,ERR,ERR,ERR,ERR,ERR,ERR,ERR,ERR,ERR,ERR,ERR,ERR,ERR,ERR,ERR,ERR,ERR,ERR,ERR,ERR,ERR,ERR,ERR,ERR,ERR,ERR,ERR,ERR,ERR,ERR,ERR,ERR,ERR,ERR,ERR,ERR,ERR,ERR,ERR,ERR,ERR,ERR,ERR,ERR,ERR,ERR,ERR,ERR,ERR,ERR,ERR,ERR,ERR,ERR,ERR,ERR,ERR,ERR,ERR,ERR,ERR,ERR,ERR,-0.0,-0.0,0.0,0.059,0.0,1.3936040501711995e+18,7.805,-0.0,0,0,4,48902,6720,14723890282496.0,100,0.0,0.0,0.0,0.059,0.0,0,0,0,0,0.0,0,0,0,0,0,0,0,0,0,0,0,0,0,0,0,0,0,0,0,0,0,0,0,0,0,0,0,0,0,0,0,0,0,26,51,50,76,65476,0,300,0,0,8,21553,0.0,-107605600.0,0.0,0.0,0.0,0.0,0.0,0.0,0.0,0.0,0.0,0.0,0.0,0.0,0.0,0.0,0.0,0.0,0.0,0.0,0.0,0.0,0.0,-2.004,0.0,-0.0,0.0,0.0,0.0,0.0,4737.0,564145296506880.0,7307.0,-0.0,-0.0,-107615360.0,0.0,0.0,0.0,0.0,0.0,77,-0.0,-2.3088261162012456e+20,0.0,0.0,0.0,0.0,0.0,0.0,0.0,0,0,0,0.0,0.0,0.0,0.0,0.0,0.0,0.0,0.0,0.0,0.0,0.0,0.0,0.0,0.0,0.0,0.0,0,-107875648.0,77,0.0,154,0.0,-0.0,ERR,ERR,ERR,ERR,ERR,ERR,ERR,ERR,ERR,ERR,ERR,ERR,ERR,ERR,ERR,ERR,ERR,ERR,ERR,ERR,ERR,ERR,ERR,ERR,ERR,ERR,ERR,ERR,ERR,ERR,ERR,ERR,ERR,ERR,ERR,ERR,ERR,ERR,ERR,ERR,ERR,ERR,ERR,ERR,ERR,ERR,ERR,ERR,ERR,ERR,ERR,ERR,ERR,ERR,ERR,ERR,ERR,ERR,ERR,ERR,ERR,ERR,ERR,ERR,ERR,ERR,ERR,34.0,80.0,35,0.0,0.0,0.0,0.0,0.0,0.0,0.0,0.0,0.0,0.0,0.0,0.0,0.0,0.0,0.0,0.0,66.4,0,120,58,54,65476,0,300,0,0,8,20529,65476,0,0,57672,80.0,0.0,0.0,0.0,0.0,0.0
2026-06-18T02:19:10,ERR,ERR,ERR,ERR,ERR,ERR,ERR,ERR,ERR,ERR,ERR,ERR,ERR,ERR,ERR,ERR,ERR,ERR,ERR,ERR,ERR,ERR,ERR,ERR,ERR,ERR,ERR,ERR,ERR,ERR,ERR,ERR,ERR,ERR,ERR,ERR,ERR,ERR,ERR,ERR,ERR,ERR,ERR,ERR,ERR,ERR,ERR,ERR,ERR,ERR,ERR,ERR,ERR,ERR,ERR,ERR,ERR,ERR,ERR,ERR,ERR,ERR,ERR,ERR,ERR,ERR,ERR,ERR,ERR,ERR,ERR,ERR,ERR,ERR,ERR,ERR,ERR,ERR,ERR,ERR,ERR,ERR,ERR,ERR,ERR,ERR,ERR,ERR,ERR,ERR,ERR,ERR,ERR,ERR,ERR,ERR,ERR,ERR,ERR,ERR,ERR,ERR,ERR,ERR,ERR,ERR,ERR,ERR,ERR,ERR,ERR,ERR,ERR,ERR,ERR,ERR,ERR,ERR,ERR,ERR,ERR,ERR,ERR,ERR,ERR,-0.0,-0.0,0.0,0.059,0.0,1.3936040501711995e+18,7.805,-0.0,0,0,4,48902,6720,14723890282496.0,100,0.0,0.0,0.0,0.059,0.0,0,0,0,0,0.0,0,0,0,0,0,0,0,0,0,0,0,0,0,0,0,0,0,0,0,0,0,0,0,0,0,0,0,0,0,0,0,0,0,26,51,50,76,65476,0,300,0,0,8,21553,0.0,-107605600.0,0.0,0.0,0.0,0.0,0.0,0.0,0.0,0.0,0.0,0.0,0.0,0.0,0.0,0.0,0.0,0.0,0.0,0.0,0.0,0.0,0.0,-2.004,0.0,-0.0,0.0,0.0,0.0,0.0,4737.0,564145296506880.0,7307.0,-0.0,-0.0,-107615360.0,0.0,0.0,0.0,0.0,0.0,77,-0.0,-2.3088261162012456e+20,0.0,0.0,0.0,0.0,0.0,0.0,0.0,0,0,0,0.0,0.0,0.0,0.0,0.0,0.0,0.0,0.0,0.0,0.0,0.0,0.0,0.0,0.0,0.0,0.0,0,-107875648.0,77,0.0,154,0.0,-0.0,ERR,ERR,ERR,ERR,ERR,ERR,ERR,ERR,ERR,ERR,ERR,ERR,ERR,ERR,ERR,ERR,ERR,ERR,ERR,ERR,ERR,ERR,ERR,ERR,ERR,ERR,ERR,ERR,ERR,ERR,ERR,ERR,ERR,ERR,ERR,ERR,ERR,ERR,ERR,ERR,ERR,ERR,ERR,ERR,ERR,ERR,ERR,ERR,ERR,ERR,ERR,ERR,ERR,ERR,ERR,ERR,ERR,ERR,ERR,ERR,ERR,ERR,ERR,ERR,ERR,ERR,ERR,34.0,80.0,35,0.0,0.0,0.0,0.0,0.0,0.0,0.0,0.0,0.0,0.0,0.0,0.0,0.0,0.0,0.0,0.0,66.4,0,120,58,54,65476,0,300,0,0,8,20529,65476,0,0,57672,80.0,0.0,0.0,0.0,0.0,0.0
2026-06-18T02:19:11,ERR,ERR,ERR,ERR,ERR,ERR,ERR,ERR,ERR,ERR,ERR,ERR,ERR,ERR,ERR,ERR,ERR,ERR,ERR,ERR,ERR,ERR,ERR,ERR,ERR,ERR,ERR,ERR,ERR,ERR,ERR,ERR,ERR,ERR,ERR,ERR,ERR,ERR,ERR,ERR,ERR,ERR,ERR,ERR,ERR,ERR,ERR,ERR,ERR,ERR,ERR,ERR,ERR,ERR,ERR,ERR,ERR,ERR,ERR,ERR,ERR,ERR,ERR,ERR,ERR,ERR,ERR,ERR,ERR,ERR,ERR,ERR,ERR,ERR,ERR,ERR,ERR,ERR,ERR,ERR,ERR,ERR,ERR,ERR,ERR,ERR,ERR,ERR,ERR,ERR,ERR,ERR,ERR,ERR,ERR,ERR,ERR,ERR,ERR,ERR,ERR,ERR,ERR,ERR,ERR,ERR,ERR,ERR,ERR,ERR,ERR,ERR,ERR,ERR,ERR,ERR,ERR,ERR,ERR,ERR,ERR,ERR,ERR,ERR,ERR,-0.0,-0.0,0.0,0.0,0.0,1.3936040501711995e+18,7.805,-0.0,0,0,4,48904,6720,14723890282496.0,100,0.0,0.0,0.0,-4.9501291711397626e+32,0.0,0,0,0,0,0.0,0,0,0,0,0,0,0,0,0,0,0,0,0,0,0,0,0,0,0,0,0,0,0,0,0,0,0,0,0,0,0,0,0,26,51,50,76,65476,0,300,0,0,8,21553,0.0,-107605600.0,0.0,0.0,0.0,0.0,0.0,0.0,0.0,0.0,0.0,0.0,0.0,0.0,0.0,0.0,0.0,0.0,0.0,0.0,0.0,0.0,0.0,-2.004,0.0,-0.0,0.0,0.0,0.0,0.0,4738.0,8608174080.0,7306.0,-0.0,-0.0,-107615360.0,0.0,0.0,0.0,0.0,0.0,77,-0.0,-152017095884800.0,0.0,0.0,0.0,0.0,0.0,0.0,0.0,0,0,0,0.0,0.0,0.0,0.0,0.0,0.0,0.0,0.0,0.0,0.0,0.0,0.0,0.0,0.0,0.0,0.0,0,-107875648.0,77,0.0,154,0.0,-0.0,ERR,ERR,ERR,ERR,ERR,ERR,ERR,ERR,ERR,ERR,ERR,ERR,ERR,ERR,ERR,ERR,ERR,ERR,ERR,ERR,ERR,ERR,ERR,ERR,ERR,ERR,ERR,ERR,ERR,ERR,ERR,ERR,ERR,ERR,ERR,ERR,ERR,ERR,ERR,ERR,ERR,ERR,ERR,ERR,ERR,ERR,ERR,ERR,ERR,ERR,ERR,ERR,ERR,ERR,ERR,ERR,ERR,ERR,ERR,ERR,ERR,ERR,ERR,ERR,ERR,ERR,ERR,34.0,80.0,35,0.0,0.0,0.0,0.0,0.0,0.0,0.0,0.0,0.0,0.0,0.0,0.0,0.0,0.0,0.0,0.0,66.0,0,120,58,54,65476,0,300,0,0,8,20529,65476,0,0,57672,80.0,0.0,0.0,0.0,0.0,0.0
2026-06-18T02:19:12,ERR,ERR,ERR,ERR,ERR,ERR,ERR,ERR,ERR,ERR,ERR,ERR,ERR,ERR,ERR,ERR,ERR,ERR,ERR,ERR,ERR,ERR,ERR,ERR,ERR,ERR,ERR,ERR,ERR,ERR,ERR,ERR,ERR,ERR,ERR,ERR,ERR,ERR,ERR,ERR,ERR,ERR,ERR,ERR,ERR,ERR,ERR,ERR,ERR,ERR,ERR,ERR,ERR,ERR,ERR,ERR,ERR,ERR,ERR,ERR,ERR,ERR,ERR,ERR,ERR,ERR,ERR,ERR,ERR,ERR,ERR,ERR,ERR,ERR,ERR,ERR,ERR,ERR,ERR,ERR,ERR,ERR,ERR,ERR,ERR,ERR,ERR,ERR,ERR,ERR,ERR,ERR,ERR,ERR,ERR,ERR,ERR,ERR,ERR,ERR,ERR,ERR,ERR,ERR,ERR,ERR,ERR,ERR,ERR,ERR,ERR,ERR,ERR,ERR,ERR,ERR,ERR,ERR,ERR,ERR,ERR,ERR,ERR,ERR,ERR,-0.0,-0.0,0.0,0.0,0.0,1.3936040501711995e+18,7.805,-0.0,0,0,4,48904,6720,14723890282496.0,100,0.0,0.0,0.0,-4.9501291711397626e+32,0.0,0,0,0,0,0.0,0,0,0,0,0,0,0,0,0,0,0,0,0,0,0,0,0,0,0,0,0,0,0,0,0,0,0,0,0,0,0,0,0,26,51,50,76,65476,0,300,0,0,8,21553,0.0,-107605600.0,0.0,0.0,0.0,0.0,0.0,0.0,0.0,0.0,0.0,0.0,0.0,0.0,0.0,0.0,0.0,0.0,0.0,0.0,0.0,0.0,0.0,-2.004,0.0,-0.0,0.0,0.0,0.0,0.0,4738.0,8608174080.0,7306.0,-0.0,-0.0,-107615360.0,0.0,0.0,0.0,0.0,0.0,77,-0.0,-152017095884800.0,0.0,0.0,0.0,0.0,0.0,0.0,0.0,0,0,0,0.0,0.0,0.0,0.0,0.0,0.0,0.0,0.0,0.0,0.0,0.0,0.0,0.0,0.0,0.0,0.0,0,-107875648.0,77,0.0,154,0.0,-0.0,ERR,ERR,ERR,ERR,ERR,ERR,ERR,ERR,ERR,ERR,ERR,ERR,ERR,ERR,ERR,ERR,ERR,ERR,ERR,ERR,ERR,ERR,ERR,ERR,ERR,ERR,ERR,ERR,ERR,ERR,ERR,ERR,ERR,ERR,ERR,ERR,ERR,ERR,ERR,ERR,ERR,ERR,ERR,ERR,ERR,ERR,ERR,ERR,ERR,ERR,ERR,ERR,ERR,ERR,ERR,ERR,ERR,ERR,ERR,ERR,ERR,ERR,ERR,ERR,ERR,ERR,ERR,34.0,80.0,35,0.0,0.0,0.0,0.0,0.0,0.0,0.0,0.0,0.0,0.0,0.0,0.0,0.0,0.0,0.0,0.0,66.0,0,120,58,54,65476,0,300,0,0,8,20529,65476,0,0,57672,80.0,0.0,0.0,0.0,0.0,0.0
2026-06-18T02:19:13,ERR,ERR,ERR,ERR,ERR,ERR,ERR,ERR,ERR,ERR,ERR,ERR,ERR,ERR,ERR,ERR,ERR,ERR,ERR,ERR,ERR,ERR,ERR,ERR,ERR,ERR,ERR,ERR,ERR,ERR,ERR,ERR,ERR,ERR,ERR,ERR,ERR,ERR,ERR,ERR,ERR,ERR,ERR,ERR,ERR,ERR,ERR,ERR,ERR,ERR,ERR,ERR,ERR,ERR,ERR,ERR,ERR,ERR,ERR,ERR,ERR,ERR,ERR,ERR,ERR,ERR,ERR,ERR,ERR,ERR,ERR,ERR,ERR,ERR,ERR,ERR,ERR,ERR,ERR,ERR,ERR,ERR,ERR,ERR,ERR,ERR,ERR,ERR,ERR,ERR,ERR,ERR,ERR,ERR,ERR,ERR,ERR,ERR,ERR,ERR,ERR,ERR,ERR,ERR,ERR,ERR,ERR,ERR,ERR,ERR,ERR,ERR,ERR,ERR,ERR,ERR,ERR,ERR,ERR,ERR,ERR,ERR,ERR,ERR,ERR,-0.0,-0.0,0.0,0.0,0.0,1.3936040501711995e+18,7.805,-0.0,0,0,4,48904,6720,14723890282496.0,100,0.0,0.0,0.0,-4.9501291711397626e+32,0.0,0,0,0,0,0.0,0,0,0,0,0,0,0,0,0,0,0,0,0,0,0,0,0,0,0,0,0,0,0,0,0,0,0,0,0,0,0,0,0,26,51,50,76,65476,0,300,0,0,8,21553,0.0,-107605600.0,0.0,0.0,0.0,0.0,0.0,0.0,0.0,0.0,0.0,0.0,0.0,0.0,0.0,0.0,0.0,0.0,0.0,0.0,0.0,0.0,0.0,-2.004,0.0,-0.0,0.0,0.0,0.0,0.0,4738.0,8608174080.0,7306.0,-0.0,-0.0,-107615360.0,0.0,0.0,0.0,0.0,0.0,77,-0.0,-152017095884800.0,0.0,0.0,0.0,0.0,0.0,0.0,0.0,0,0,0,0.0,0.0,0.0,0.0,0.0,0.0,0.0,0.0,0.0,0.0,0.0,0.0,0.0,0.0,0.0,0.0,0,-107875648.0,77,0.0,154,0.0,-0.0,ERR,ERR,ERR,ERR,ERR,ERR,ERR,ERR,ERR,ERR,ERR,ERR,ERR,ERR,ERR,ERR,ERR,ERR,ERR,ERR,ERR,ERR,ERR,ERR,ERR,ERR,ERR,ERR,ERR,ERR,ERR,ERR,ERR,ERR,ERR,ERR,ERR,ERR,ERR,ERR,ERR,ERR,ERR,ERR,ERR,ERR,ERR,ERR,ERR,ERR,ERR,ERR,ERR,ERR,ERR,ERR,ERR,ERR,ERR,ERR,ERR,ERR,ERR,ERR,ERR,ERR,ERR,34.0,80.0,35,0.0,0.0,0.0,0.0,0.0,0.0,0.0,0.0,0.0,0.0,0.0,0.0,0.0,0.0,0.0,0.0,66.4,0,120,58,54,65476,0,300,0,0,8,20529,65476,0,0,57672,80.0,0.0,0.0,0.0,0.0,0.0
2026-06-18T02:19:14,ERR,ERR,ERR,ERR,ERR,ERR,ERR,ERR,ERR,ERR,ERR,ERR,ERR,ERR,ERR,ERR,ERR,ERR,ERR,ERR,ERR,ERR,ERR,ERR,ERR,ERR,ERR,ERR,ERR,ERR,ERR,ERR,ERR,ERR,ERR,ERR,ERR,ERR,ERR,ERR,ERR,ERR,ERR,ERR,ERR,ERR,ERR,ERR,ERR,ERR,ERR,ERR,ERR,ERR,ERR,ERR,ERR,ERR,ERR,ERR,ERR,ERR,ERR,ERR,ERR,ERR,ERR,ERR,ERR,ERR,ERR,ERR,ERR,ERR,ERR,ERR,ERR,ERR,ERR,ERR,ERR,ERR,ERR,ERR,ERR,ERR,ERR,ERR,ERR,ERR,ERR,ERR,ERR,ERR,ERR,ERR,ERR,ERR,ERR,ERR,ERR,ERR,ERR,ERR,ERR,ERR,ERR,ERR,ERR,ERR,ERR,ERR,ERR,ERR,ERR,ERR,ERR,ERR,ERR,ERR,ERR,ERR,ERR,ERR,ERR,-0.0,-0.0,0.0,0.0,0.0,1.3936040501711995e+18,7.805,-0.0,0,0,4,48904,6720,14723890282496.0,100,0.0,0.0,0.0,-4.9501291711397626e+32,0.0,0,0,0,0,0.0,0,0,0,0,0,0,0,0,0,0,0,0,0,0,0,0,0,0,0,0,0,0,0,0,0,0,0,0,0,0,0,0,0,26,51,50,76,65476,0,300,0,0,8,21553,0.0,-107605600.0,0.0,0.0,0.0,0.0,0.0,0.0,0.0,0.0,0.0,0.0,0.0,0.0,0.0,0.0,0.0,0.0,0.0,0.0,0.0,0.0,0.0,-2.004,0.0,-0.0,0.0,0.0,0.0,0.0,4738.0,8608174080.0,7306.0,-0.0,-0.0,-107615360.0,0.0,0.0,0.0,0.0,0.0,77,-0.0,-152017095884800.0,0.0,0.0,0.0,0.0,0.0,0.0,0.0,0,0,0,0.0,0.0,0.0,0.0,0.0,0.0,0.0,0.0,0.0,0.0,0.0,0.0,0.0,0.0,0.0,0.0,0,-107875648.0,77,0.0,154,0.0,-0.0,ERR,ERR,ERR,ERR,ERR,ERR,ERR,ERR,ERR,ERR,ERR,ERR,ERR,ERR,ERR,ERR,ERR,ERR,ERR,ERR,ERR,ERR,ERR,ERR,ERR,ERR,ERR,ERR,ERR,ERR,ERR,ERR,ERR,ERR,ERR,ERR,ERR,ERR,ERR,ERR,ERR,ERR,ERR,ERR,ERR,ERR,ERR,ERR,ERR,ERR,ERR,ERR,ERR,ERR,ERR,ERR,ERR,ERR,ERR,ERR,ERR,ERR,ERR,ERR,ERR,ERR,ERR,34.0,80.0,35,0.0,0.0,0.0,0.0,0.0,0.0,0.0,0.0,0.0,0.0,0.0,0.0,0.0,0.0,0.0,0.0,66.4,0,120,58,54,65476,0,300,0,0,8,20529,65476,0,0,57672,80.0,0.0,0.0,0.0,0.0,0.0
2026-06-18T02:19:15,ERR,ERR,ERR,ERR,ERR,ERR,ERR,ERR,ERR,ERR,ERR,ERR,ERR,ERR,ERR,ERR,ERR,ERR,ERR,ERR,ERR,ERR,ERR,ERR,ERR,ERR,ERR,ERR,ERR,ERR,ERR,ERR,ERR,ERR,ERR,ERR,ERR,ERR,ERR,ERR,ERR,ERR,ERR,ERR,ERR,ERR,ERR,ERR,ERR,ERR,ERR,ERR,ERR,ERR,ERR,ERR,ERR,ERR,ERR,ERR,ERR,ERR,ERR,ERR,ERR,ERR,ERR,ERR,ERR,ERR,ERR,ERR,ERR,ERR,ERR,ERR,ERR,ERR,ERR,ERR,ERR,ERR,ERR,ERR,ERR,ERR,ERR,ERR,ERR,ERR,ERR,ERR,ERR,ERR,ERR,ERR,ERR,ERR,ERR,ERR,ERR,ERR,ERR,ERR,ERR,ERR,ERR,ERR,ERR,ERR,ERR,ERR,ERR,ERR,ERR,ERR,ERR,ERR,ERR,ERR,ERR,ERR,ERR,ERR,ERR,-0.0,-0.0,0.0,0.0,0.0,1.3936040501711995e+18,7.805,-0.0,0,0,4,48904,6720,14723890282496.0,100,0.0,0.0,0.0,-4.9501291711397626e+32,0.0,0,0,0,0,0.0,0,0,0,0,0,0,0,0,0,0,0,0,0,0,0,0,0,0,0,0,0,0,0,0,0,0,0,0,0,0,0,0,0,26,51,50,76,65476,0,300,0,0,8,21553,0.0,-107605600.0,0.0,0.0,0.0,0.0,0.0,0.0,0.0,0.0,0.0,0.0,0.0,0.0,0.0,0.0,0.0,0.0,0.0,0.0,0.0,0.0,0.0,-2.004,0.0,-0.0,0.0,0.0,0.0,0.0,4738.0,8608174080.0,7306.0,-0.0,-0.0,-107615360.0,0.0,0.0,0.0,0.0,0.0,77,-0.0,-152017095884800.0,0.0,0.0,0.0,0.0,0.0,0.0,0.0,0,0,0,0.0,0.0,0.0,0.0,0.0,0.0,0.0,0.0,0.0,0.0,0.0,0.0,0.0,0.0,0.0,0.0,0,-107875648.0,77,0.0,154,0.0,-0.0,ERR,ERR,ERR,ERR,ERR,ERR,ERR,ERR,ERR,ERR,ERR,ERR,ERR,ERR,ERR,ERR,ERR,ERR,ERR,ERR,ERR,ERR,ERR,ERR,ERR,ERR,ERR,ERR,ERR,ERR,ERR,ERR,ERR,ERR,ERR,ERR,ERR,ERR,ERR,ERR,ERR,ERR,ERR,ERR,ERR,ERR,ERR,ERR,ERR,ERR,ERR,ERR,ERR,ERR,ERR,ERR,ERR,ERR,ERR,ERR,ERR,ERR,ERR,ERR,ERR,ERR,ERR,34.0,80.0,35,0.0,0.0,0.0,0.0,0.0,0.0,0.0,0.0,0.0,0.0,0.0,0.0,0.0,0.0,0.0,0.0,66.4,0,120,58,54,65476,0,300,0,0,8,20529,65476,0,0,57672,80.0,0.0,0.0,0.0,0.0,0.0
2026-06-18T02:19:16,ERR,ERR,ERR,ERR,ERR,ERR,ERR,ERR,ERR,ERR,ERR,ERR,ERR,ERR,ERR,ERR,ERR,ERR,ERR,ERR,ERR,ERR,ERR,ERR,ERR,ERR,ERR,ERR,ERR,ERR,ERR,ERR,ERR,ERR,ERR,ERR,ERR,ERR,ERR,ERR,ERR,ERR,ERR,ERR,ERR,ERR,ERR,ERR,ERR,ERR,ERR,ERR,ERR,ERR,ERR,ERR,ERR,ERR,ERR,ERR,ERR,ERR,ERR,ERR,ERR,ERR,ERR,ERR,ERR,ERR,ERR,ERR,ERR,ERR,ERR,ERR,ERR,ERR,ERR,ERR,ERR,ERR,ERR,ERR,ERR,ERR,ERR,ERR,ERR,ERR,ERR,ERR,ERR,ERR,ERR,ERR,ERR,ERR,ERR,ERR,ERR,ERR,ERR,ERR,ERR,ERR,ERR,ERR,ERR,ERR,ERR,ERR,ERR,ERR,ERR,ERR,ERR,ERR,ERR,ERR,ERR,ERR,ERR,ERR,ERR,-0.0,-0.0,0.0,0.0,0.0,1.3936040501711995e+18,7.805,-0.0,0,0,4,48904,6720,14723890282496.0,100,0.0,0.0,0.0,-4.9501291711397626e+32,0.0,0,0,0,0,0.0,0,0,0,0,0,0,0,0,0,0,0,0,0,0,0,0,0,0,0,0,0,0,0,0,0,0,0,0,0,0,0,0,0,26,51,50,76,65476,0,300,0,0,8,21553,0.0,-107605600.0,0.0,0.0,0.0,0.0,0.0,0.0,0.0,0.0,0.0,0.0,0.0,0.0,0.0,0.0,0.0,0.0,0.0,0.0,0.0,0.0,0.0,-2.004,0.0,-0.0,0.0,0.0,0.0,0.0,4738.0,8608174080.0,7306.0,-0.0,-0.0,-107615360.0,0.0,0.0,0.0,0.0,0.0,77,-0.0,-152017095884800.0,0.0,0.0,0.0,0.0,0.0,0.0,0.0,0,0,0,0.0,0.0,0.0,0.0,0.0,0.0,0.0,0.0,0.0,0.0,0.0,0.0,0.0,0.0,0.0,0.0,0,-107875648.0,77,0.0,154,0.0,-0.0,ERR,ERR,ERR,ERR,ERR,ERR,ERR,ERR,ERR,ERR,ERR,ERR,ERR,ERR,ERR,ERR,ERR,ERR,ERR,ERR,ERR,ERR,ERR,ERR,ERR,ERR,ERR,ERR,ERR,ERR,ERR,ERR,ERR,ERR,ERR,ERR,ERR,ERR,ERR,ERR,ERR,ERR,ERR,ERR,ERR,ERR,ERR,ERR,ERR,ERR,ERR,ERR,ERR,ERR,ERR,ERR,ERR,ERR,ERR,ERR,ERR,ERR,ERR,ERR,ERR,ERR,ERR,34.0,80.0,35,0.0,0.0,0.0,0.0,0.0,0.0,0.0,0.0,0.0,0.0,0.0,0.0,0.0,0.0,0.0,0.0,66.0,0,120,58,54,65476,0,300,0,0,8,20529,65476,0,0,57672,80.0,0.0,0.0,0.0,0.0,0.0
2026-06-18T02:19:17,ERR,ERR,ERR,ERR,ERR,ERR,ERR,ERR,ERR,ERR,ERR,ERR,ERR,ERR,ERR,ERR,ERR,ERR,ERR,ERR,ERR,ERR,ERR,ERR,ERR,ERR,ERR,ERR,ERR,ERR,ERR,ERR,ERR,ERR,ERR,ERR,ERR,ERR,ERR,ERR,ERR,ERR,ERR,ERR,ERR,ERR,ERR,ERR,ERR,ERR,ERR,ERR,ERR,ERR,ERR,ERR,ERR,ERR,ERR,ERR,ERR,ERR,ERR,ERR,ERR,ERR,ERR,ERR,ERR,ERR,ERR,ERR,ERR,ERR,ERR,ERR,ERR,ERR,ERR,ERR,ERR,ERR,ERR,ERR,ERR,ERR,ERR,ERR,ERR,ERR,ERR,ERR,ERR,ERR,ERR,ERR,ERR,ERR,ERR,ERR,ERR,ERR,ERR,ERR,ERR,ERR,ERR,ERR,ERR,ERR,ERR,ERR,ERR,ERR,ERR,ERR,ERR,ERR,ERR,ERR,ERR,ERR,ERR,ERR,ERR,-0.0,2.718431101732002e+23,-0.0,-0.0,0.0,1.3936040501711995e+18,7.805,2.395,0,0,4,48907,6720,14723890282496.0,100,0.0,0.0,0.0,-0.0,0.0,0,0,0,0,0.0,0,0,0,0,0,0,0,0,0,0,0,0,0,0,0,0,0,0,0,0,0,0,0,0,0,0,0,0,0,0,0,0,0,26,51,50,76,65476,0,300,0,0,8,21553,0.0,-107605600.0,0.0,0.0,0.0,0.0,0.0,0.0,0.0,0.0,0.0,0.0,0.0,0.0,0.0,0.0,0.0,0.0,0.0,0.0,0.0,0.0,0.0,-2.004,0.0,-0.0,0.0,0.0,0.0,0.0,4736.0,2.004,7300.0,-0.0,-0.0,-107615360.0,0.0,0.0,0.0,0.0,0.0,77,-0.0,-0.0,0.0,0.0,0.0,0.0,0.0,0.0,0.0,0,0,0,0.0,0.0,0.0,0.0,0.0,0.0,0.0,0.0,0.0,0.0,0.0,0.0,0.0,0.0,0.0,0.0,0,-107875648.0,77,0.0,154,0.0,-0.0,ERR,ERR,ERR,ERR,ERR,ERR,ERR,ERR,ERR,ERR,ERR,ERR,ERR,ERR,ERR,ERR,ERR,ERR,ERR,ERR,ERR,ERR,ERR,ERR,ERR,ERR,ERR,ERR,ERR,ERR,ERR,ERR,ERR,ERR,ERR,ERR,ERR,ERR,ERR,ERR,ERR,ERR,ERR,ERR,ERR,ERR,ERR,ERR,ERR,ERR,ERR,ERR,ERR,ERR,ERR,ERR,ERR,ERR,ERR,ERR,ERR,ERR,ERR,ERR,ERR,ERR,ERR,34.0,80.0,35,0.0,0.0,0.0,0.0,0.0,0.0,0.0,0.0,0.0,0.0,0.0,0.0,0.0,0.0,0.0,0.0,66.0,0,120,58,54,65476,0,300,0,0,8,20529,65476,0,0,57672,80.0,0.0,0.0,0.0,0.0,0.0
2026-06-18T02:19:18,ERR,ERR,ERR,ERR,ERR,ERR,ERR,ERR,ERR,ERR,ERR,ERR,ERR,ERR,ERR,ERR,ERR,ERR,ERR,ERR,ERR,ERR,ERR,ERR,ERR,ERR,ERR,ERR,ERR,ERR,ERR,ERR,ERR,ERR,ERR,ERR,ERR,ERR,ERR,ERR,ERR,ERR,ERR,ERR,ERR,ERR,ERR,ERR,ERR,ERR,ERR,ERR,ERR,ERR,ERR,ERR,ERR,ERR,ERR,ERR,ERR,ERR,ERR,ERR,ERR,ERR,ERR,ERR,ERR,ERR,ERR,ERR,ERR,ERR,ERR,ERR,ERR,ERR,ERR,ERR,ERR,ERR,ERR,ERR,ERR,ERR,ERR,ERR,ERR,ERR,ERR,ERR,ERR,ERR,ERR,ERR,ERR,ERR,ERR,ERR,ERR,ERR,ERR,ERR,ERR,ERR,ERR,ERR,ERR,ERR,ERR,ERR,ERR,ERR,ERR,ERR,ERR,ERR,ERR,ERR,ERR,ERR,ERR,ERR,ERR,-0.0,2.718431101732002e+23,-0.0,-0.0,0.0,1.3936040501711995e+18,7.805,2.395,0,0,4,48907,6720,14723890282496.0,100,0.0,0.0,0.0,-0.0,0.0,0,0,0,0,0.0,0,0,0,0,0,0,0,0,0,0,0,0,0,0,0,0,0,0,0,0,0,0,0,0,0,0,0,0,0,0,0,0,0,26,51,50,76,65476,0,300,0,0,8,21553,0.0,-107605600.0,0.0,0.0,0.0,0.0,0.0,0.0,0.0,0.0,0.0,0.0,0.0,0.0,0.0,0.0,0.0,0.0,0.0,0.0,0.0,0.0,0.0,-2.004,0.0,-0.0,0.0,0.0,0.0,0.0,4736.0,2.004,7300.0,-0.0,-0.0,-107615360.0,0.0,0.0,0.0,0.0,0.0,77,-0.0,-0.0,0.0,0.0,0.0,0.0,0.0,0.0,0.0,0,0,0,0.0,0.0,0.0,0.0,0.0,0.0,0.0,0.0,0.0,0.0,0.0,0.0,0.0,0.0,0.0,0.0,0,-107875648.0,77,0.0,154,0.0,-0.0,ERR,ERR,ERR,ERR,ERR,ERR,ERR,ERR,ERR,ERR,ERR,ERR,ERR,ERR,ERR,ERR,ERR,ERR,ERR,ERR,ERR,ERR,ERR,ERR,ERR,ERR,ERR,ERR,ERR,ERR,ERR,ERR,ERR,ERR,ERR,ERR,ERR,ERR,ERR,ERR,ERR,ERR,ERR,ERR,ERR,ERR,ERR,ERR,ERR,ERR,ERR,ERR,ERR,ERR,ERR,ERR,ERR,ERR,ERR,ERR,ERR,ERR,ERR,ERR,ERR,ERR,ERR,34.0,80.0,35,0.0,0.0,0.0,0.0,0.0,0.0,0.0,0.0,0.0,0.0,0.0,0.0,0.0,0.0,0.0,0.0,66.0,0,120,58,54,65476,0,300,0,0,8,20529,65476,0,0,57672,80.0,0.0,0.0,0.0,0.0,0.0
2026-06-18T02:19:19,ERR,ERR,ERR,ERR,ERR,ERR,ERR,ERR,ERR,ERR,ERR,ERR,ERR,ERR,ERR,ERR,ERR,ERR,ERR,ERR,ERR,ERR,ERR,ERR,ERR,ERR,ERR,ERR,ERR,ERR,ERR,ERR,ERR,ERR,ERR,ERR,ERR,ERR,ERR,ERR,ERR,ERR,ERR,ERR,ERR,ERR,ERR,ERR,ERR,ERR,ERR,ERR,ERR,ERR,ERR,ERR,ERR,ERR,ERR,ERR,ERR,ERR,ERR,ERR,ERR,ERR,ERR,ERR,ERR,ERR,ERR,ERR,ERR,ERR,ERR,ERR,ERR,ERR,ERR,ERR,ERR,ERR,ERR,ERR,ERR,ERR,ERR,ERR,ERR,ERR,ERR,ERR,ERR,ERR,ERR,ERR,ERR,ERR,ERR,ERR,ERR,ERR,ERR,ERR,ERR,ERR,ERR,ERR,ERR,ERR,ERR,ERR,ERR,ERR,ERR,ERR,ERR,ERR,ERR,ERR,ERR,ERR,ERR,ERR,ERR,-0.0,2.718431101732002e+23,-0.0,-0.0,0.0,1.3936040501711995e+18,7.805,2.395,0,0,4,48907,6720,14723890282496.0,100,0.0,0.0,0.0,-0.0,0.0,0,0,0,0,0.0,0,0,0,0,0,0,0,0,0,0,0,0,0,0,0,0,0,0,0,0,0,0,0,0,0,0,0,0,0,0,0,0,0,26,51,50,76,65476,0,300,0,0,8,21553,0.0,-107605600.0,0.0,0.0,0.0,0.0,0.0,0.0,0.0,0.0,0.0,0.0,0.0,0.0,0.0,0.0,0.0,0.0,0.0,0.0,0.0,0.0,0.0,-2.004,0.0,-0.0,0.0,0.0,0.0,0.0,4736.0,2.004,7300.0,-0.0,-0.0,-107615360.0,0.0,0.0,0.0,0.0,0.0,77,-0.0,-0.0,0.0,0.0,0.0,0.0,0.0,0.0,0.0,0,0,0,0.0,0.0,0.0,0.0,0.0,0.0,0.0,0.0,0.0,0.0,0.0,0.0,0.0,0.0,0.0,0.0,0,-107875648.0,77,0.0,154,0.0,-0.0,ERR,ERR,ERR,ERR,ERR,ERR,ERR,ERR,ERR,ERR,ERR,ERR,ERR,ERR,ERR,ERR,ERR,ERR,ERR,ERR,ERR,ERR,ERR,ERR,ERR,ERR,ERR,ERR,ERR,ERR,ERR,ERR,ERR,ERR,ERR,ERR,ERR,ERR,ERR,ERR,ERR,ERR,ERR,ERR,ERR,ERR,ERR,ERR,ERR,ERR,ERR,ERR,ERR,ERR,ERR,ERR,ERR,ERR,ERR,ERR,ERR,ERR,ERR,ERR,ERR,ERR,ERR,34.0,80.0,35,0.0,0.0,0.0,0.0,0.0,0.0,0.0,0.0,0.0,0.0,0.0,0.0,0.0,0.0,0.0,0.0,66.0,0,120,58,54,65476,0,300,0,0,8,20529,65476,0,0,57672,80.0,0.0,0.0,0.0,0.0,0.0
2026-06-18T02:19:20,ERR,ERR,ERR,ERR,ERR,ERR,ERR,ERR,ERR,ERR,ERR,ERR,ERR,ERR,ERR,ERR,ERR,ERR,ERR,ERR,ERR,ERR,ERR,ERR,ERR,ERR,ERR,ERR,ERR,ERR,ERR,ERR,ERR,ERR,ERR,ERR,ERR,ERR,ERR,ERR,ERR,ERR,ERR,ERR,ERR,ERR,ERR,ERR,ERR,ERR,ERR,ERR,ERR,ERR,ERR,ERR,ERR,ERR,ERR,ERR,ERR,ERR,ERR,ERR,ERR,ERR,ERR,ERR,ERR,ERR,ERR,ERR,ERR,ERR,ERR,ERR,ERR,ERR,ERR,ERR,ERR,ERR,ERR,ERR,ERR,ERR,ERR,ERR,ERR,ERR,ERR,ERR,ERR,ERR,ERR,ERR,ERR,ERR,ERR,ERR,ERR,ERR,ERR,ERR,ERR,ERR,ERR,ERR,ERR,ERR,ERR,ERR,ERR,ERR,ERR,ERR,ERR,ERR,ERR,ERR,ERR,ERR,ERR,ERR,ERR,-0.0,2.718431101732002e+23,-0.0,-0.0,0.0,1.3936040501711995e+18,7.805,2.395,0,0,4,48907,6720,14723890282496.0,100,0.0,0.0,0.0,-0.0,0.0,0,0,0,0,0.0,0,0,0,0,0,0,0,0,0,0,0,0,0,0,0,0,0,0,0,0,0,0,0,0,0,0,0,0,0,0,0,0,0,26,51,50,76,65476,0,300,0,0,8,21553,0.0,-107605600.0,0.0,0.0,0.0,0.0,0.0,0.0,0.0,0.0,0.0,0.0,0.0,0.0,0.0,0.0,0.0,0.0,0.0,0.0,0.0,0.0,0.0,-2.004,0.0,-0.0,0.0,0.0,0.0,0.0,4736.0,2.004,7300.0,-0.0,-0.0,-107615360.0,0.0,0.0,0.0,0.0,0.0,77,-0.0,-0.0,0.0,0.0,0.0,0.0,0.0,0.0,0.0,0,0,0,0.0,0.0,0.0,0.0,0.0,0.0,0.0,0.0,0.0,0.0,0.0,0.0,0.0,0.0,0.0,0.0,0,-107875648.0,77,0.0,154,0.0,-0.0,ERR,ERR,ERR,ERR,ERR,ERR,ERR,ERR,ERR,ERR,ERR,ERR,ERR,ERR,ERR,ERR,ERR,ERR,ERR,ERR,ERR,ERR,ERR,ERR,ERR,ERR,ERR,ERR,ERR,ERR,ERR,ERR,ERR,ERR,ERR,ERR,ERR,ERR,ERR,ERR,ERR,ERR,ERR,ERR,ERR,ERR,ERR,ERR,ERR,ERR,ERR,ERR,ERR,ERR,ERR,ERR,ERR,ERR,ERR,ERR,ERR,ERR,ERR,ERR,ERR,ERR,ERR,34.0,80.0,35,0.0,0.0,0.0,0.0,0.0,0.0,0.0,0.0,0.0,0.0,0.0,0.0,0.0,0.0,0.0,0.0,66.0,0,120,58,54,65476,0,300,0,0,8,20529,65476,0,0,57672,80.0,0.0,0.0,0.0,0.0,0.0
2026-06-18T02:19:21,ERR,ERR,ERR,ERR,ERR,ERR,ERR,ERR,ERR,ERR,ERR,ERR,ERR,ERR,ERR,ERR,ERR,ERR,ERR,ERR,ERR,ERR,ERR,ERR,ERR,ERR,ERR,ERR,ERR,ERR,ERR,ERR,ERR,ERR,ERR,ERR,ERR,ERR,ERR,ERR,ERR,ERR,ERR,ERR,ERR,ERR,ERR,ERR,ERR,ERR,ERR,ERR,ERR,ERR,ERR,ERR,ERR,ERR,ERR,ERR,ERR,ERR,ERR,ERR,ERR,ERR,ERR,ERR,ERR,ERR,ERR,ERR,ERR,ERR,ERR,ERR,ERR,ERR,ERR,ERR,ERR,ERR,ERR,ERR,ERR,ERR,ERR,ERR,ERR,ERR,ERR,ERR,ERR,ERR,ERR,ERR,ERR,ERR,ERR,ERR,ERR,ERR,ERR,ERR,ERR,ERR,ERR,ERR,ERR,ERR,ERR,ERR,ERR,ERR,ERR,ERR,ERR,ERR,ERR,ERR,ERR,ERR,ERR,ERR,ERR,-0.0,2.718431101732002e+23,-0.0,-0.0,0.0,1.3936040501711995e+18,7.805,2.395,0,0,4,48907,6720,14723890282496.0,100,0.0,0.0,0.0,-0.0,0.0,0,0,0,0,0.0,0,0,0,0,0,0,0,0,0,0,0,0,0,0,0,0,0,0,0,0,0,0,0,0,0,0,0,0,0,0,0,0,0,26,51,50,76,65476,0,300,0,0,8,21553,0.0,-107605600.0,0.0,0.0,0.0,0.0,0.0,0.0,0.0,0.0,0.0,0.0,0.0,0.0,0.0,0.0,0.0,0.0,0.0,0.0,0.0,0.0,0.0,-2.004,0.0,-0.0,0.0,0.0,0.0,0.0,4736.0,2.004,7300.0,-0.0,-0.0,-107615360.0,0.0,0.0,0.0,0.0,0.0,77,-0.0,-0.0,0.0,0.0,0.0,0.0,0.0,0.0,0.0,0,0,0,0.0,0.0,0.0,0.0,0.0,0.0,0.0,0.0,0.0,0.0,0.0,0.0,0.0,0.0,0.0,0.0,0,-107875648.0,77,0.0,154,0.0,-0.0,ERR,ERR,ERR,ERR,ERR,ERR,ERR,ERR,ERR,ERR,ERR,ERR,ERR,ERR,ERR,ERR,ERR,ERR,ERR,ERR,ERR,ERR,ERR,ERR,ERR,ERR,ERR,ERR,ERR,ERR,ERR,ERR,ERR,ERR,ERR,ERR,ERR,ERR,ERR,ERR,ERR,ERR,ERR,ERR,ERR,ERR,ERR,ERR,ERR,ERR,ERR,ERR,ERR,ERR,ERR,ERR,ERR,ERR,ERR,ERR,ERR,ERR,ERR,ERR,ERR,ERR,ERR,34.0,80.0,35,0.0,0.0,0.0,0.0,0.0,0.0,0.0,0.0,0.0,0.0,0.0,0.0,0.0,0.0,0.0,0.0,66.0,0,120,58,54,65476,0,300,0,0,8,20529,65476,0,0,57672,80.0,0.0,0.0,0.0,0.0,0.0
2026-06-18T02:19:22,ERR,ERR,ERR,ERR,ERR,ERR,ERR,ERR,ERR,ERR,ERR,ERR,ERR,ERR,ERR,ERR,ERR,ERR,ERR,ERR,ERR,ERR,ERR,ERR,ERR,ERR,ERR,ERR,ERR,ERR,ERR,ERR,ERR,ERR,ERR,ERR,ERR,ERR,ERR,ERR,ERR,ERR,ERR,ERR,ERR,ERR,ERR,ERR,ERR,ERR,ERR,ERR,ERR,ERR,ERR,ERR,ERR,ERR,ERR,ERR,ERR,ERR,ERR,ERR,ERR,ERR,ERR,ERR,ERR,ERR,ERR,ERR,ERR,ERR,ERR,ERR,ERR,ERR,ERR,ERR,ERR,ERR,ERR,ERR,ERR,ERR,ERR,ERR,ERR,ERR,ERR,ERR,ERR,ERR,ERR,ERR,ERR,ERR,ERR,ERR,ERR,ERR,ERR,ERR,ERR,ERR,ERR,ERR,ERR,ERR,ERR,ERR,ERR,ERR,ERR,ERR,ERR,ERR,ERR,ERR,ERR,ERR,ERR,ERR,ERR,-0.0,-0.0,0.0,-0.0,0.0,1.3936040501711995e+18,7.805,-0.0,0,0,4,48911,6720,14723890282496.0,100,0.0,0.0,0.0,-0.0,0.0,0,0,0,0,0.0,0,0,0,0,0,0,0,0,0,0,0,0,0,0,0,0,0,0,0,0,0,0,0,0,0,0,0,0,0,0,0,0,0,26,51,50,76,65476,0,300,0,0,8,21553,0.0,-107605600.0,0.0,0.0,0.0,0.0,0.0,0.0,0.0,0.0,0.0,0.0,0.0,0.0,0.0,0.0,0.0,0.0,0.0,0.0,0.0,0.0,0.0,-2.004,0.0,-0.0,0.0,0.0,0.0,0.0,4767.0,0.0,7299.0,-0.0,-0.0,-107615360.0,0.0,0.0,0.0,0.0,0.0,77,-0.0,-0.0,0.0,0.0,0.0,0.0,0.0,0.0,0.0,0,0,0,0.0,0.0,0.0,0.0,0.0,0.0,0.0,0.0,0.0,0.0,0.0,0.0,0.0,0.0,0.0,0.0,0,-107875648.0,77,0.0,154,0.0,-0.0,ERR,ERR,ERR,ERR,ERR,ERR,ERR,ERR,ERR,ERR,ERR,ERR,ERR,ERR,ERR,ERR,ERR,ERR,ERR,ERR,ERR,ERR,ERR,ERR,ERR,ERR,ERR,ERR,ERR,ERR,ERR,ERR,ERR,ERR,ERR,ERR,ERR,ERR,ERR,ERR,ERR,ERR,ERR,ERR,ERR,ERR,ERR,ERR,ERR,ERR,ERR,ERR,ERR,ERR,ERR,ERR,ERR,ERR,ERR,ERR,ERR,ERR,ERR,ERR,ERR,ERR,ERR,34.0,80.0,35,0.0,0.0,0.0,0.0,0.0,0.0,0.0,0.0,0.0,0.0,0.0,0.0,0.0,0.0,0.0,0.0,66.0,0,120,58,54,65476,0,300,0,0,8,20529,65476,0,0,57672,80.0,0.0,0.0,0.0,0.0,0.0
2026-06-18T02:19:23,ERR,ERR,ERR,ERR,ERR,ERR,ERR,ERR,ERR,ERR,ERR,ERR,ERR,ERR,ERR,ERR,ERR,ERR,ERR,ERR,ERR,ERR,ERR,ERR,ERR,ERR,ERR,ERR,ERR,ERR,ERR,ERR,ERR,ERR,ERR,ERR,ERR,ERR,ERR,ERR,ERR,ERR,ERR,ERR,ERR,ERR,ERR,ERR,ERR,ERR,ERR,ERR,ERR,ERR,ERR,ERR,ERR,ERR,ERR,ERR,ERR,ERR,ERR,ERR,ERR,ERR,ERR,ERR,ERR,ERR,ERR,ERR,ERR,ERR,ERR,ERR,ERR,ERR,ERR,ERR,ERR,ERR,ERR,ERR,ERR,ERR,ERR,ERR,ERR,ERR,ERR,ERR,ERR,ERR,ERR,ERR,ERR,ERR,ERR,ERR,ERR,ERR,ERR,ERR,ERR,ERR,ERR,ERR,ERR,ERR,ERR,ERR,ERR,ERR,ERR,ERR,ERR,ERR,ERR,ERR,ERR,ERR,ERR,ERR,ERR,-0.0,-0.0,0.0,-0.0,0.0,1.3936040501711995e+18,7.805,-0.0,0,0,4,48911,6720,14723890282496.0,100,0.0,0.0,0.0,-0.0,0.0,0,0,0,0,0.0,0,0,0,0,0,0,0,0,0,0,0,0,0,0,0,0,0,0,0,0,0,0,0,0,0,0,0,0,0,0,0,0,0,26,51,50,76,65476,0,300,0,0,8,21553,0.0,-107605600.0,0.0,0.0,0.0,0.0,0.0,0.0,0.0,0.0,0.0,0.0,0.0,0.0,0.0,0.0,0.0,0.0,0.0,0.0,0.0,0.0,0.0,-2.004,0.0,-0.0,0.0,0.0,0.0,0.0,4767.0,0.0,7299.0,-0.0,-0.0,-107615360.0,0.0,0.0,0.0,0.0,0.0,77,-0.0,-0.0,0.0,0.0,0.0,0.0,0.0,0.0,0.0,0,0,0,0.0,0.0,0.0,0.0,0.0,0.0,0.0,0.0,0.0,0.0,0.0,0.0,0.0,0.0,0.0,0.0,0,-107875648.0,77,0.0,154,0.0,-0.0,ERR,ERR,ERR,ERR,ERR,ERR,ERR,ERR,ERR,ERR,ERR,ERR,ERR,ERR,ERR,ERR,ERR,ERR,ERR,ERR,ERR,ERR,ERR,ERR,ERR,ERR,ERR,ERR,ERR,ERR,ERR,ERR,ERR,ERR,ERR,ERR,ERR,ERR,ERR,ERR,ERR,ERR,ERR,ERR,ERR,ERR,ERR,ERR,ERR,ERR,ERR,ERR,ERR,ERR,ERR,ERR,ERR,ERR,ERR,ERR,ERR,ERR,ERR,ERR,ERR,ERR,ERR,34.0,80.0,35,0.0,0.0,0.0,0.0,0.0,0.0,0.0,0.0,0.0,0.0,0.0,0.0,0.0,0.0,0.0,0.0,66.0,0,120,58,54,65476,0,300,0,0,8,20529,65476,0,0,57672,80.0,0.0,0.0,0.0,0.0,0.0
2026-06-18T02:19:24,ERR,ERR,ERR,ERR,ERR,ERR,ERR,ERR,ERR,ERR,ERR,ERR,ERR,ERR,ERR,ERR,ERR,ERR,ERR,ERR,ERR,ERR,ERR,ERR,ERR,ERR,ERR,ERR,ERR,ERR,ERR,ERR,ERR,ERR,ERR,ERR,ERR,ERR,ERR,ERR,ERR,ERR,ERR,ERR,ERR,ERR,ERR,ERR,ERR,ERR,ERR,ERR,ERR,ERR,ERR,ERR,ERR,ERR,ERR,ERR,ERR,ERR,ERR,ERR,ERR,ERR,ERR,ERR,ERR,ERR,ERR,ERR,ERR,ERR,ERR,ERR,ERR,ERR,ERR,ERR,ERR,ERR,ERR,ERR,ERR,ERR,ERR,ERR,ERR,ERR,ERR,ERR,ERR,ERR,ERR,ERR,ERR,ERR,ERR,ERR,ERR,ERR,ERR,ERR,ERR,ERR,ERR,ERR,ERR,ERR,ERR,ERR,ERR,ERR,ERR,ERR,ERR,ERR,ERR,ERR,ERR,ERR,ERR,ERR,ERR,-0.0,-0.0,0.0,-0.0,0.0,1.3936040501711995e+18,7.805,-0.0,0,0,4,48911,6720,14723890282496.0,100,0.0,0.0,0.0,-0.0,0.0,0,0,0,0,0.0,0,0,0,0,0,0,0,0,0,0,0,0,0,0,0,0,0,0,0,0,0,0,0,0,0,0,0,0,0,0,0,0,0,26,51,50,76,65476,0,300,0,0,8,21553,0.0,-107605600.0,0.0,0.0,0.0,0.0,0.0,0.0,0.0,0.0,0.0,0.0,0.0,0.0,0.0,0.0,0.0,0.0,0.0,0.0,0.0,0.0,0.0,-2.004,0.0,-0.0,0.0,0.0,0.0,0.0,4767.0,0.0,7299.0,-0.0,-0.0,-107615360.0,0.0,0.0,0.0,0.0,0.0,77,-0.0,-0.0,0.0,0.0,0.0,0.0,0.0,0.0,0.0,0,0,0,0.0,0.0,0.0,0.0,0.0,0.0,0.0,0.0,0.0,0.0,0.0,0.0,0.0,0.0,0.0,0.0,0,-107875648.0,77,0.0,154,0.0,-0.0,ERR,ERR,ERR,ERR,ERR,ERR,ERR,ERR,ERR,ERR,ERR,ERR,ERR,ERR,ERR,ERR,ERR,ERR,ERR,ERR,ERR,ERR,ERR,ERR,ERR,ERR,ERR,ERR,ERR,ERR,ERR,ERR,ERR,ERR,ERR,ERR,ERR,ERR,ERR,ERR,ERR,ERR,ERR,ERR,ERR,ERR,ERR,ERR,ERR,ERR,ERR,ERR,ERR,ERR,ERR,ERR,ERR,ERR,ERR,ERR,ERR,ERR,ERR,ERR,ERR,ERR,ERR,34.0,80.0,35,0.0,0.0,0.0,0.0,0.0,0.0,0.0,0.0,0.0,0.0,0.0,0.0,0.0,0.0,0.0,0.0,66.0,0,120,58,54,65476,0,300,0,0,8,20529,65476,0,0,57672,80.0,0.0,0.0,0.0,0.0,0.0
2026-06-18T02:19:25,ERR,ERR,ERR,ERR,ERR,ERR,ERR,ERR,ERR,ERR,ERR,ERR,ERR,ERR,ERR,ERR,ERR,ERR,ERR,ERR,ERR,ERR,ERR,ERR,ERR,ERR,ERR,ERR,ERR,ERR,ERR,ERR,ERR,ERR,ERR,ERR,ERR,ERR,ERR,ERR,ERR,ERR,ERR,ERR,ERR,ERR,ERR,ERR,ERR,ERR,ERR,ERR,ERR,ERR,ERR,ERR,ERR,ERR,ERR,ERR,ERR,ERR,ERR,ERR,ERR,ERR,ERR,ERR,ERR,ERR,ERR,ERR,ERR,ERR,ERR,ERR,ERR,ERR,ERR,ERR,ERR,ERR,ERR,ERR,ERR,ERR,ERR,ERR,ERR,ERR,ERR,ERR,ERR,ERR,ERR,ERR,ERR,ERR,ERR,ERR,ERR,ERR,ERR,ERR,ERR,ERR,ERR,ERR,ERR,ERR,ERR,ERR,ERR,ERR,ERR,ERR,ERR,ERR,ERR,ERR,ERR,ERR,ERR,ERR,ERR,-0.0,-0.0,0.0,-0.0,0.0,1.3936040501711995e+18,7.805,-0.0,0,0,4,48911,6720,14723890282496.0,100,0.0,0.0,0.0,-0.0,0.0,0,0,0,0,0.0,0,0,0,0,0,0,0,0,0,0,0,0,0,0,0,0,0,0,0,0,0,0,0,0,0,0,0,0,0,0,0,0,0,26,51,50,76,65476,0,300,0,0,8,21553,0.0,-107605600.0,0.0,0.0,0.0,0.0,0.0,0.0,0.0,0.0,0.0,0.0,0.0,0.0,0.0,0.0,0.0,0.0,0.0,0.0,0.0,0.0,0.0,-2.004,0.0,-0.0,0.0,0.0,0.0,0.0,4767.0,0.0,7299.0,-0.0,-0.0,-107615360.0,0.0,0.0,0.0,0.0,0.0,77,-0.0,-0.0,0.0,0.0,0.0,0.0,0.0,0.0,0.0,0,0,0,0.0,0.0,0.0,0.0,0.0,0.0,0.0,0.0,0.0,0.0,0.0,0.0,0.0,0.0,0.0,0.0,0,-107875648.0,77,0.0,154,0.0,-0.0,ERR,ERR,ERR,ERR,ERR,ERR,ERR,ERR,ERR,ERR,ERR,ERR,ERR,ERR,ERR,ERR,ERR,ERR,ERR,ERR,ERR,ERR,ERR,ERR,ERR,ERR,ERR,ERR,ERR,ERR,ERR,ERR,ERR,ERR,ERR,ERR,ERR,ERR,ERR,ERR,ERR,ERR,ERR,ERR,ERR,ERR,ERR,ERR,ERR,ERR,ERR,ERR,ERR,ERR,ERR,ERR,ERR,ERR,ERR,ERR,ERR,ERR,ERR,ERR,ERR,ERR,ERR,34.0,80.0,35,0.0,0.0,0.0,0.0,0.0,0.0,0.0,0.0,0.0,0.0,0.0,0.0,0.0,0.0,0.0,0.0,66.0,0,120,58,54,65476,0,300,0,0,8,20529,65476,0,0,57672,80.0,0.0,0.0,0.0,0.0,0.0
2026-06-18T02:19:26,ERR,ERR,ERR,ERR,ERR,ERR,ERR,ERR,ERR,ERR,ERR,ERR,ERR,ERR,ERR,ERR,ERR,ERR,ERR,ERR,ERR,ERR,ERR,ERR,ERR,ERR,ERR,ERR,ERR,ERR,ERR,ERR,ERR,ERR,ERR,ERR,ERR,ERR,ERR,ERR,ERR,ERR,ERR,ERR,ERR,ERR,ERR,ERR,ERR,ERR,ERR,ERR,ERR,ERR,ERR,ERR,ERR,ERR,ERR,ERR,ERR,ERR,ERR,ERR,ERR,ERR,ERR,ERR,ERR,ERR,ERR,ERR,ERR,ERR,ERR,ERR,ERR,ERR,ERR,ERR,ERR,ERR,ERR,ERR,ERR,ERR,ERR,ERR,ERR,ERR,ERR,ERR,ERR,ERR,ERR,ERR,ERR,ERR,ERR,ERR,ERR,ERR,ERR,ERR,ERR,ERR,ERR,ERR,ERR,ERR,ERR,ERR,ERR,ERR,ERR,ERR,ERR,ERR,ERR,ERR,ERR,ERR,ERR,ERR,ERR,-0.0,-0.0,0.0,-0.0,0.0,1.3936040501711995e+18,7.805,-0.0,0,0,4,48911,6720,14723890282496.0,100,0.0,0.0,0.0,-0.0,0.0,0,0,0,0,0.0,0,0,0,0,0,0,0,0,0,0,0,0,0,0,0,0,0,0,0,0,0,0,0,0,0,0,0,0,0,0,0,0,0,26,51,50,76,65476,0,300,0,0,8,21553,0.0,-107605600.0,0.0,0.0,0.0,0.0,0.0,0.0,0.0,0.0,0.0,0.0,0.0,0.0,0.0,0.0,0.0,0.0,0.0,0.0,0.0,0.0,0.0,-2.004,0.0,-0.0,0.0,0.0,0.0,0.0,4767.0,0.0,7299.0,-0.0,-0.0,-107615360.0,0.0,0.0,0.0,0.0,0.0,77,-0.0,-0.0,0.0,0.0,0.0,0.0,0.0,0.0,0.0,0,0,0,0.0,0.0,0.0,0.0,0.0,0.0,0.0,0.0,0.0,0.0,0.0,0.0,0.0,0.0,0.0,0.0,0,-107875648.0,77,0.0,154,0.0,-0.0,ERR,ERR,ERR,ERR,ERR,ERR,ERR,ERR,ERR,ERR,ERR,ERR,ERR,ERR,ERR,ERR,ERR,ERR,ERR,ERR,ERR,ERR,ERR,ERR,ERR,ERR,ERR,ERR,ERR,ERR,ERR,ERR,ERR,ERR,ERR,ERR,ERR,ERR,ERR,ERR,ERR,ERR,ERR,ERR,ERR,ERR,ERR,ERR,ERR,ERR,ERR,ERR,ERR,ERR,ERR,ERR,ERR,ERR,ERR,ERR,ERR,ERR,ERR,ERR,ERR,ERR,ERR,34.0,80.0,35,0.0,0.0,0.0,0.0,0.0,0.0,0.0,0.0,0.0,0.0,0.0,0.0,0.0,0.0,0.0,0.0,66.4,0,120,58,54,65476,0,300,0,0,8,20529,65476,0,0,57672,80.0,0.0,0.0,0.0,0.0,0.0
2026-06-18T02:19:27,ERR,ERR,ERR,ERR,ERR,ERR,ERR,ERR,ERR,ERR,ERR,ERR,ERR,ERR,ERR,ERR,ERR,ERR,ERR,ERR,ERR,ERR,ERR,ERR,ERR,ERR,ERR,ERR,ERR,ERR,ERR,ERR,ERR,ERR,ERR,ERR,ERR,ERR,ERR,ERR,ERR,ERR,ERR,ERR,ERR,ERR,ERR,ERR,ERR,ERR,ERR,ERR,ERR,ERR,ERR,ERR,ERR,ERR,ERR,ERR,ERR,ERR,ERR,ERR,ERR,ERR,ERR,ERR,ERR,ERR,ERR,ERR,ERR,ERR,ERR,ERR,ERR,ERR,ERR,ERR,ERR,ERR,ERR,ERR,ERR,ERR,ERR,ERR,ERR,ERR,ERR,ERR,ERR,ERR,ERR,ERR,ERR,ERR,ERR,ERR,ERR,ERR,ERR,ERR,ERR,ERR,ERR,ERR,ERR,ERR,ERR,ERR,ERR,ERR,ERR,ERR,ERR,ERR,ERR,ERR,ERR,ERR,ERR,ERR,ERR,-0.0,-0.0,0.0,0.0,0.0,1.3936040501711995e+18,7.805,-0.0,0,0,4,48897,6720,14723890282496.0,100,0.0,0.0,0.0,-107609184.0,0.0,0,0,0,0,0.0,0,0,0,0,0,0,0,0,0,0,0,0,0,0,0,0,0,0,0,0,0,0,0,0,0,0,0,0,0,0,0,0,0,26,51,50,76,65476,0,300,0,0,8,21553,0.0,-107605600.0,0.0,0.0,0.0,0.0,0.0,0.0,0.0,0.0,0.0,0.0,0.0,0.0,0.0,0.0,0.0,0.0,0.0,0.0,0.0,0.0,0.0,-2.004,0.0,-0.0,0.0,0.0,0.0,0.0,4766.0,564145296506880.0,7304.0,-0.0,-0.0,-107615360.0,0.0,0.0,0.0,0.0,0.0,77,-0.0,-71.629,0.0,0.0,0.0,0.0,0.0,0.0,0.0,0,0,0,0.0,0.0,0.0,0.0,0.0,0.0,0.0,0.0,0.0,0.0,0.0,0.0,0.0,0.0,0.0,0.0,0,-107875648.0,77,0.0,154,0.0,-0.0,ERR,ERR,ERR,ERR,ERR,ERR,ERR,ERR,ERR,ERR,ERR,ERR,ERR,ERR,ERR,ERR,ERR,ERR,ERR,ERR,ERR,ERR,ERR,ERR,ERR,ERR,ERR,ERR,ERR,ERR,ERR,ERR,ERR,ERR,ERR,ERR,ERR,ERR,ERR,ERR,ERR,ERR,ERR,ERR,ERR,ERR,ERR,ERR,ERR,ERR,ERR,ERR,ERR,ERR,ERR,ERR,ERR,ERR,ERR,ERR,ERR,ERR,ERR,ERR,ERR,ERR,ERR,34.0,80.0,35,0.0,0.0,0.0,0.0,0.0,0.0,0.0,0.0,0.0,0.0,0.0,0.0,0.0,0.0,0.0,0.0,66.0,0,120,58,54,65476,0,300,0,0,8,20529,65476,0,0,57672,80.0,0.0,0.0,0.0,0.0,0.0
2026-06-18T02:19:28,ERR,ERR,ERR,ERR,ERR,ERR,ERR,ERR,ERR,ERR,ERR,ERR,ERR,ERR,ERR,ERR,ERR,ERR,ERR,ERR,ERR,ERR,ERR,ERR,ERR,ERR,ERR,ERR,ERR,ERR,ERR,ERR,ERR,ERR,ERR,ERR,ERR,ERR,ERR,ERR,ERR,ERR,ERR,ERR,ERR,ERR,ERR,ERR,ERR,ERR,ERR,ERR,ERR,ERR,ERR,ERR,ERR,ERR,ERR,ERR,ERR,ERR,ERR,ERR,ERR,ERR,ERR,ERR,ERR,ERR,ERR,ERR,ERR,ERR,ERR,ERR,ERR,ERR,ERR,ERR,ERR,ERR,ERR,ERR,ERR,ERR,ERR,ERR,ERR,ERR,ERR,ERR,ERR,ERR,ERR,ERR,ERR,ERR,ERR,ERR,ERR,ERR,ERR,ERR,ERR,ERR,ERR,ERR,ERR,ERR,ERR,ERR,ERR,ERR,ERR,ERR,ERR,ERR,ERR,ERR,ERR,ERR,ERR,ERR,ERR,-0.0,-0.0,0.0,0.0,0.0,1.3936040501711995e+18,7.805,-0.0,0,0,4,48897,6720,14723890282496.0,100,0.0,0.0,0.0,-107609184.0,0.0,0,0,0,0,0.0,0,0,0,0,0,0,0,0,0,0,0,0,0,0,0,0,0,0,0,0,0,0,0,0,0,0,0,0,0,0,0,0,0,26,51,50,76,65476,0,300,0,0,8,21553,0.0,-107605600.0,0.0,0.0,0.0,0.0,0.0,0.0,0.0,0.0,0.0,0.0,0.0,0.0,0.0,0.0,0.0,0.0,0.0,0.0,0.0,0.0,0.0,-2.004,0.0,-0.0,0.0,0.0,0.0,0.0,4766.0,564145296506880.0,7304.0,-0.0,-0.0,-107615360.0,0.0,0.0,0.0,0.0,0.0,77,-0.0,-71.629,0.0,0.0,0.0,0.0,0.0,0.0,0.0,0,0,0,0.0,0.0,0.0,0.0,0.0,0.0,0.0,0.0,0.0,0.0,0.0,0.0,0.0,0.0,0.0,0.0,0,-107875648.0,77,0.0,154,0.0,-0.0,ERR,ERR,ERR,ERR,ERR,ERR,ERR,ERR,ERR,ERR,ERR,ERR,ERR,ERR,ERR,ERR,ERR,ERR,ERR,ERR,ERR,ERR,ERR,ERR,ERR,ERR,ERR,ERR,ERR,ERR,ERR,ERR,ERR,ERR,ERR,ERR,ERR,ERR,ERR,ERR,ERR,ERR,ERR,ERR,ERR,ERR,ERR,ERR,ERR,ERR,ERR,ERR,ERR,ERR,ERR,ERR,ERR,ERR,ERR,ERR,ERR,ERR,ERR,ERR,ERR,ERR,ERR,34.0,80.0,35,0.0,0.0,0.0,0.0,0.0,0.0,0.0,0.0,0.0,0.0,0.0,0.0,0.0,0.0,0.0,0.0,66.0,0,120,58,54,65476,0,300,0,0,8,20529,65476,0,0,57672,80.0,0.0,0.0,0.0,0.0,0.0
2026-06-18T02:19:29,ERR,ERR,ERR,ERR,ERR,ERR,ERR,ERR,ERR,ERR,ERR,ERR,ERR,ERR,ERR,ERR,ERR,ERR,ERR,ERR,ERR,ERR,ERR,ERR,ERR,ERR,ERR,ERR,ERR,ERR,ERR,ERR,ERR,ERR,ERR,ERR,ERR,ERR,ERR,ERR,ERR,ERR,ERR,ERR,ERR,ERR,ERR,ERR,ERR,ERR,ERR,ERR,ERR,ERR,ERR,ERR,ERR,ERR,ERR,ERR,ERR,ERR,ERR,ERR,ERR,ERR,ERR,ERR,ERR,ERR,ERR,ERR,ERR,ERR,ERR,ERR,ERR,ERR,ERR,ERR,ERR,ERR,ERR,ERR,ERR,ERR,ERR,ERR,ERR,ERR,ERR,ERR,ERR,ERR,ERR,ERR,ERR,ERR,ERR,ERR,ERR,ERR,ERR,ERR,ERR,ERR,ERR,ERR,ERR,ERR,ERR,ERR,ERR,ERR,ERR,ERR,ERR,ERR,ERR,ERR,ERR,ERR,ERR,ERR,ERR,-0.0,-0.0,0.0,0.0,0.0,1.3936040501711995e+18,7.805,-0.0,0,0,4,48897,6720,14723890282496.0,100,0.0,0.0,0.0,-107609184.0,0.0,0,0,0,0,0.0,0,0,0,0,0,0,0,0,0,0,0,0,0,0,0,0,0,0,0,0,0,0,0,0,0,0,0,0,0,0,0,0,0,26,51,50,76,65476,0,300,0,0,8,21553,0.0,-107605600.0,0.0,0.0,0.0,0.0,0.0,0.0,0.0,0.0,0.0,0.0,0.0,0.0,0.0,0.0,0.0,0.0,0.0,0.0,0.0,0.0,0.0,-2.004,0.0,-0.0,0.0,0.0,0.0,0.0,4766.0,564145296506880.0,7304.0,-0.0,-0.0,-107615360.0,0.0,0.0,0.0,0.0,0.0,77,-0.0,-71.629,0.0,0.0,0.0,0.0,0.0,0.0,0.0,0,0,0,0.0,0.0,0.0,0.0,0.0,0.0,0.0,0.0,0.0,0.0,0.0,0.0,0.0,0.0,0.0,0.0,0,-107875648.0,77,0.0,154,0.0,-0.0,ERR,ERR,ERR,ERR,ERR,ERR,ERR,ERR,ERR,ERR,ERR,ERR,ERR,ERR,ERR,ERR,ERR,ERR,ERR,ERR,ERR,ERR,ERR,ERR,ERR,ERR,ERR,ERR,ERR,ERR,ERR,ERR,ERR,ERR,ERR,ERR,ERR,ERR,ERR,ERR,ERR,ERR,ERR,ERR,ERR,ERR,ERR,ERR,ERR,ERR,ERR,ERR,ERR,ERR,ERR,ERR,ERR,ERR,ERR,ERR,ERR,ERR,ERR,ERR,ERR,ERR,ERR,34.0,80.0,35,0.0,0.0,0.0,0.0,0.0,0.0,0.0,0.0,0.0,0.0,0.0,0.0,0.0,0.0,0.0,0.0,66.0,0,120,58,54,65476,0,300,0,0,8,20529,65476,0,0,57672,80.0,0.0,0.0,0.0,0.0,0.0
2026-06-18T02:19:30,ERR,ERR,ERR,ERR,ERR,ERR,ERR,ERR,ERR,ERR,ERR,ERR,ERR,ERR,ERR,ERR,ERR,ERR,ERR,ERR,ERR,ERR,ERR,ERR,ERR,ERR,ERR,ERR,ERR,ERR,ERR,ERR,ERR,ERR,ERR,ERR,ERR,ERR,ERR,ERR,ERR,ERR,ERR,ERR,ERR,ERR,ERR,ERR,ERR,ERR,ERR,ERR,ERR,ERR,ERR,ERR,ERR,ERR,ERR,ERR,ERR,ERR,ERR,ERR,ERR,ERR,ERR,ERR,ERR,ERR,ERR,ERR,ERR,ERR,ERR,ERR,ERR,ERR,ERR,ERR,ERR,ERR,ERR,ERR,ERR,ERR,ERR,ERR,ERR,ERR,ERR,ERR,ERR,ERR,ERR,ERR,ERR,ERR,ERR,ERR,ERR,ERR,ERR,ERR,ERR,ERR,ERR,ERR,ERR,ERR,ERR,ERR,ERR,ERR,ERR,ERR,ERR,ERR,ERR,ERR,ERR,ERR,ERR,ERR,ERR,-0.0,-0.0,0.0,0.0,0.0,1.3936040501711995e+18,7.805,-0.0,0,0,4,48897,6720,14723890282496.0,100,0.0,0.0,0.0,-107609184.0,0.0,0,0,0,0,0.0,0,0,0,0,0,0,0,0,0,0,0,0,0,0,0,0,0,0,0,0,0,0,0,0,0,0,0,0,0,0,0,0,0,26,51,50,76,65476,0,300,0,0,8,21553,0.0,-107605600.0,0.0,0.0,0.0,0.0,0.0,0.0,0.0,0.0,0.0,0.0,0.0,0.0,0.0,0.0,0.0,0.0,0.0,0.0,0.0,0.0,0.0,-2.004,0.0,-0.0,0.0,0.0,0.0,0.0,4766.0,564145296506880.0,7304.0,-0.0,-0.0,-107615360.0,0.0,0.0,0.0,0.0,0.0,77,-0.0,-71.629,0.0,0.0,0.0,0.0,0.0,0.0,0.0,0,0,0,0.0,0.0,0.0,0.0,0.0,0.0,0.0,0.0,0.0,0.0,0.0,0.0,0.0,0.0,0.0,0.0,0,-107875648.0,77,0.0,154,0.0,-0.0,ERR,ERR,ERR,ERR,ERR,ERR,ERR,ERR,ERR,ERR,ERR,ERR,ERR,ERR,ERR,ERR,ERR,ERR,ERR,ERR,ERR,ERR,ERR,ERR,ERR,ERR,ERR,ERR,ERR,ERR,ERR,ERR,ERR,ERR,ERR,ERR,ERR,ERR,ERR,ERR,ERR,ERR,ERR,ERR,ERR,ERR,ERR,ERR,ERR,ERR,ERR,ERR,ERR,ERR,ERR,ERR,ERR,ERR,ERR,ERR,ERR,ERR,ERR,ERR,ERR,ERR,ERR,34.0,80.0,35,0.0,0.0,0.0,0.0,0.0,0.0,0.0,0.0,0.0,0.0,0.0,0.0,0.0,0.0,0.0,0.0,66.0,0,120,58,54,65476,0,300,0,0,8,20529,65476,0,0,57672,80.0,0.0,0.0,0.0,0.0,0.0
2026-06-18T02:19:31,ERR,ERR,ERR,ERR,ERR,ERR,ERR,ERR,ERR,ERR,ERR,ERR,ERR,ERR,ERR,ERR,ERR,ERR,ERR,ERR,ERR,ERR,ERR,ERR,ERR,ERR,ERR,ERR,ERR,ERR,ERR,ERR,ERR,ERR,ERR,ERR,ERR,ERR,ERR,ERR,ERR,ERR,ERR,ERR,ERR,ERR,ERR,ERR,ERR,ERR,ERR,ERR,ERR,ERR,ERR,ERR,ERR,ERR,ERR,ERR,ERR,ERR,ERR,ERR,ERR,ERR,ERR,ERR,ERR,ERR,ERR,ERR,ERR,ERR,ERR,ERR,ERR,ERR,ERR,ERR,ERR,ERR,ERR,ERR,ERR,ERR,ERR,ERR,ERR,ERR,ERR,ERR,ERR,ERR,ERR,ERR,ERR,ERR,ERR,ERR,ERR,ERR,ERR,ERR,ERR,ERR,ERR,ERR,ERR,ERR,ERR,ERR,ERR,ERR,ERR,ERR,ERR,ERR,ERR,ERR,ERR,ERR,ERR,ERR,ERR,-0.0,-0.0,0.0,0.0,0.0,1.3936040501711995e+18,7.805,-0.0,0,0,4,48897,6720,14723890282496.0,100,0.0,0.0,0.0,-107609184.0,0.0,0,0,0,0,0.0,0,0,0,0,0,0,0,0,0,0,0,0,0,0,0,0,0,0,0,0,0,0,0,0,0,0,0,0,0,0,0,0,0,26,51,50,76,65476,0,300,0,0,8,21553,0.0,-107605600.0,0.0,0.0,0.0,0.0,0.0,0.0,0.0,0.0,0.0,0.0,0.0,0.0,0.0,0.0,0.0,0.0,0.0,0.0,0.0,0.0,0.0,-2.004,0.0,-0.0,0.0,0.0,0.0,0.0,4766.0,564145296506880.0,7304.0,-0.0,-0.0,-107615360.0,0.0,0.0,0.0,0.0,0.0,77,-0.0,-71.629,0.0,0.0,0.0,0.0,0.0,0.0,0.0,0,0,0,0.0,0.0,0.0,0.0,0.0,0.0,0.0,0.0,0.0,0.0,0.0,0.0,0.0,0.0,0.0,0.0,0,-107875648.0,77,0.0,154,0.0,-0.0,ERR,ERR,ERR,ERR,ERR,ERR,ERR,ERR,ERR,ERR,ERR,ERR,ERR,ERR,ERR,ERR,ERR,ERR,ERR,ERR,ERR,ERR,ERR,ERR,ERR,ERR,ERR,ERR,ERR,ERR,ERR,ERR,ERR,ERR,ERR,ERR,ERR,ERR,ERR,ERR,ERR,ERR,ERR,ERR,ERR,ERR,ERR,ERR,ERR,ERR,ERR,ERR,ERR,ERR,ERR,ERR,ERR,ERR,ERR,ERR,ERR,ERR,ERR,ERR,ERR,ERR,ERR,34.0,80.0,35,0.0,0.0,0.0,0.0,0.0,0.0,0.0,0.0,0.0,0.0,0.0,0.0,0.0,0.0,0.0,0.0,66.0,0,120,58,54,65476,0,300,0,0,8,20529,65476,0,0,57672,80.0,0.0,0.0,0.0,0.0,0.0
2026-06-18T02:19:32,ERR,ERR,ERR,ERR,ERR,ERR,ERR,ERR,ERR,ERR,ERR,ERR,ERR,ERR,ERR,ERR,ERR,ERR,ERR,ERR,ERR,ERR,ERR,ERR,ERR,ERR,ERR,ERR,ERR,ERR,ERR,ERR,ERR,ERR,ERR,ERR,ERR,ERR,ERR,ERR,ERR,ERR,ERR,ERR,ERR,ERR,ERR,ERR,ERR,ERR,ERR,ERR,ERR,ERR,ERR,ERR,ERR,ERR,ERR,ERR,ERR,ERR,ERR,ERR,ERR,ERR,ERR,ERR,ERR,ERR,ERR,ERR,ERR,ERR,ERR,ERR,ERR,ERR,ERR,ERR,ERR,ERR,ERR,ERR,ERR,ERR,ERR,ERR,ERR,ERR,ERR,ERR,ERR,ERR,ERR,ERR,ERR,ERR,ERR,ERR,ERR,ERR,ERR,ERR,ERR,ERR,ERR,ERR,ERR,ERR,ERR,ERR,ERR,ERR,ERR,ERR,ERR,ERR,ERR,ERR,ERR,ERR,ERR,ERR,ERR,-0.0,-0.0,0.0,-0.0,-0.0,1.3936040501711995e+18,7.805,0.0,0,0,4,48927,6720,14723890282496.0,100,0.0,0.0,0.0,-4.9501291711397626e+32,0.0,0,0,0,0,0.0,0,0,0,0,0,0,0,0,0,0,0,0,0,0,0,0,0,0,0,0,0,0,0,0,0,0,0,0,0,0,0,0,0,26,51,50,76,65476,0,300,0,0,8,21553,0.0,-107605600.0,0.0,0.0,0.0,0.0,0.0,0.0,0.0,0.0,0.0,0.0,0.0,0.0,0.0,0.0,0.0,0.0,0.0,0.0,0.0,0.0,0.0,-2.004,0.0,-0.0,0.0,0.0,0.0,0.0,4737.0,-0.0,7312.0,-0.0,-0.0,-107615360.0,0.0,0.0,0.0,0.0,0.0,77,-0.0,0.0,0.0,0.0,0.0,0.0,0.0,0.0,0.0,0,0,0,0.0,0.0,0.0,0.0,0.0,0.0,0.0,0.0,0.0,0.0,0.0,0.0,0.0,0.0,0.0,0.0,0,-107875648.0,77,0.0,154,0.0,-0.0,ERR,ERR,ERR,ERR,ERR,ERR,ERR,ERR,ERR,ERR,ERR,ERR,ERR,ERR,ERR,ERR,ERR,ERR,ERR,ERR,ERR,ERR,ERR,ERR,ERR,ERR,ERR,ERR,ERR,ERR,ERR,ERR,ERR,ERR,ERR,ERR,ERR,ERR,ERR,ERR,ERR,ERR,ERR,ERR,ERR,ERR,ERR,ERR,ERR,ERR,ERR,ERR,ERR,ERR,ERR,ERR,ERR,ERR,ERR,ERR,ERR,ERR,ERR,ERR,ERR,ERR,ERR,34.0,80.0,35,0.0,0.0,0.0,0.0,0.0,0.0,0.0,0.0,0.0,0.0,0.0,0.0,0.0,0.0,0.0,0.0,66.0,0,120,58,54,65476,0,300,0,0,8,20529,65476,0,0,57672,80.0,0.0,0.0,0.0,0.0,0.0
2026-06-18T02:19:33,ERR,ERR,ERR,ERR,ERR,ERR,ERR,ERR,ERR,ERR,ERR,ERR,ERR,ERR,ERR,ERR,ERR,ERR,ERR,ERR,ERR,ERR,ERR,ERR,ERR,ERR,ERR,ERR,ERR,ERR,ERR,ERR,ERR,ERR,ERR,ERR,ERR,ERR,ERR,ERR,ERR,ERR,ERR,ERR,ERR,ERR,ERR,ERR,ERR,ERR,ERR,ERR,ERR,ERR,ERR,ERR,ERR,ERR,ERR,ERR,ERR,ERR,ERR,ERR,ERR,ERR,ERR,ERR,ERR,ERR,ERR,ERR,ERR,ERR,ERR,ERR,ERR,ERR,ERR,ERR,ERR,ERR,ERR,ERR,ERR,ERR,ERR,ERR,ERR,ERR,ERR,ERR,ERR,ERR,ERR,ERR,ERR,ERR,ERR,ERR,ERR,ERR,ERR,ERR,ERR,ERR,ERR,ERR,ERR,ERR,ERR,ERR,ERR,ERR,ERR,ERR,ERR,ERR,ERR,ERR,ERR,ERR,ERR,ERR,ERR,-0.0,-0.0,0.0,-0.0,-0.0,1.3936040501711995e+18,7.805,0.0,0,0,4,48927,6720,14723890282496.0,100,0.0,0.0,0.0,-4.9501291711397626e+32,0.0,0,0,0,0,0.0,0,0,0,0,0,0,0,0,0,0,0,0,0,0,0,0,0,0,0,0,0,0,0,0,0,0,0,0,0,0,0,0,0,26,51,50,76,65476,0,300,0,0,8,21553,0.0,-107605600.0,0.0,0.0,0.0,0.0,0.0,0.0,0.0,0.0,0.0,0.0,0.0,0.0,0.0,0.0,0.0,0.0,0.0,0.0,0.0,0.0,0.0,-2.004,0.0,-0.0,0.0,0.0,0.0,0.0,4737.0,-0.0,7312.0,-0.0,-0.0,-107615360.0,0.0,0.0,0.0,0.0,0.0,77,-0.0,0.0,0.0,0.0,0.0,0.0,0.0,0.0,0.0,0,0,0,0.0,0.0,0.0,0.0,0.0,0.0,0.0,0.0,0.0,0.0,0.0,0.0,0.0,0.0,0.0,0.0,0,-107875648.0,77,0.0,154,0.0,-0.0,ERR,ERR,ERR,ERR,ERR,ERR,ERR,ERR,ERR,ERR,ERR,ERR,ERR,ERR,ERR,ERR,ERR,ERR,ERR,ERR,ERR,ERR,ERR,ERR,ERR,ERR,ERR,ERR,ERR,ERR,ERR,ERR,ERR,ERR,ERR,ERR,ERR,ERR,ERR,ERR,ERR,ERR,ERR,ERR,ERR,ERR,ERR,ERR,ERR,ERR,ERR,ERR,ERR,ERR,ERR,ERR,ERR,ERR,ERR,ERR,ERR,ERR,ERR,ERR,ERR,ERR,ERR,34.0,80.0,35,0.0,0.0,0.0,0.0,0.0,0.0,0.0,0.0,0.0,0.0,0.0,0.0,0.0,0.0,0.0,0.0,66.4,0,120,58,54,65476,0,300,0,0,8,20529,65476,0,0,57672,80.0,0.0,0.0,0.0,0.0,0.0
2026-06-18T02:19:34,ERR,ERR,ERR,ERR,ERR,ERR,ERR,ERR,ERR,ERR,ERR,ERR,ERR,ERR,ERR,ERR,ERR,ERR,ERR,ERR,ERR,ERR,ERR,ERR,ERR,ERR,ERR,ERR,ERR,ERR,ERR,ERR,ERR,ERR,ERR,ERR,ERR,ERR,ERR,ERR,ERR,ERR,ERR,ERR,ERR,ERR,ERR,ERR,ERR,ERR,ERR,ERR,ERR,ERR,ERR,ERR,ERR,ERR,ERR,ERR,ERR,ERR,ERR,ERR,ERR,ERR,ERR,ERR,ERR,ERR,ERR,ERR,ERR,ERR,ERR,ERR,ERR,ERR,ERR,ERR,ERR,ERR,ERR,ERR,ERR,ERR,ERR,ERR,ERR,ERR,ERR,ERR,ERR,ERR,ERR,ERR,ERR,ERR,ERR,ERR,ERR,ERR,ERR,ERR,ERR,ERR,ERR,ERR,ERR,ERR,ERR,ERR,ERR,ERR,ERR,ERR,ERR,ERR,ERR,ERR,ERR,ERR,ERR,ERR,ERR,-0.0,-0.0,0.0,-0.0,-0.0,1.3936040501711995e+18,7.805,0.0,0,0,4,48927,6720,14723890282496.0,100,0.0,0.0,0.0,-4.9501291711397626e+32,0.0,0,0,0,0,0.0,0,0,0,0,0,0,0,0,0,0,0,0,0,0,0,0,0,0,0,0,0,0,0,0,0,0,0,0,0,0,0,0,0,26,51,50,76,65476,0,300,0,0,8,21553,0.0,-107605600.0,0.0,0.0,0.0,0.0,0.0,0.0,0.0,0.0,0.0,0.0,0.0,0.0,0.0,0.0,0.0,0.0,0.0,0.0,0.0,0.0,0.0,-2.004,0.0,-0.0,0.0,0.0,0.0,0.0,4737.0,-0.0,7312.0,-0.0,-0.0,-107615360.0,0.0,0.0,0.0,0.0,0.0,77,-0.0,0.0,0.0,0.0,0.0,0.0,0.0,0.0,0.0,0,0,0,0.0,0.0,0.0,0.0,0.0,0.0,0.0,0.0,0.0,0.0,0.0,0.0,0.0,0.0,0.0,0.0,0,-107875648.0,77,0.0,154,0.0,-0.0,ERR,ERR,ERR,ERR,ERR,ERR,ERR,ERR,ERR,ERR,ERR,ERR,ERR,ERR,ERR,ERR,ERR,ERR,ERR,ERR,ERR,ERR,ERR,ERR,ERR,ERR,ERR,ERR,ERR,ERR,ERR,ERR,ERR,ERR,ERR,ERR,ERR,ERR,ERR,ERR,ERR,ERR,ERR,ERR,ERR,ERR,ERR,ERR,ERR,ERR,ERR,ERR,ERR,ERR,ERR,ERR,ERR,ERR,ERR,ERR,ERR,ERR,ERR,ERR,ERR,ERR,ERR,34.0,80.0,35,0.0,0.0,0.0,0.0,0.0,0.0,0.0,0.0,0.0,0.0,0.0,0.0,0.0,0.0,0.0,0.0,66.4,0,120,58,54,65476,0,300,0,0,8,20529,65476,0,0,57672,80.0,0.0,0.0,0.0,0.0,0.0
2026-06-18T02:19:35,ERR,ERR,ERR,ERR,ERR,ERR,ERR,ERR,ERR,ERR,ERR,ERR,ERR,ERR,ERR,ERR,ERR,ERR,ERR,ERR,ERR,ERR,ERR,ERR,ERR,ERR,ERR,ERR,ERR,ERR,ERR,ERR,ERR,ERR,ERR,ERR,ERR,ERR,ERR,ERR,ERR,ERR,ERR,ERR,ERR,ERR,ERR,ERR,ERR,ERR,ERR,ERR,ERR,ERR,ERR,ERR,ERR,ERR,ERR,ERR,ERR,ERR,ERR,ERR,ERR,ERR,ERR,ERR,ERR,ERR,ERR,ERR,ERR,ERR,ERR,ERR,ERR,ERR,ERR,ERR,ERR,ERR,ERR,ERR,ERR,ERR,ERR,ERR,ERR,ERR,ERR,ERR,ERR,ERR,ERR,ERR,ERR,ERR,ERR,ERR,ERR,ERR,ERR,ERR,ERR,ERR,ERR,ERR,ERR,ERR,ERR,ERR,ERR,ERR,ERR,ERR,ERR,ERR,ERR,ERR,ERR,ERR,ERR,ERR,ERR,-0.0,-0.0,0.0,-0.0,-0.0,1.3936040501711995e+18,7.805,0.0,0,0,4,48927,6720,14723890282496.0,100,0.0,0.0,0.0,-4.9501291711397626e+32,0.0,0,0,0,0,0.0,0,0,0,0,0,0,0,0,0,0,0,0,0,0,0,0,0,0,0,0,0,0,0,0,0,0,0,0,0,0,0,0,0,26,51,50,76,65476,0,300,0,0,8,21553,0.0,-107605600.0,0.0,0.0,0.0,0.0,0.0,0.0,0.0,0.0,0.0,0.0,0.0,0.0,0.0,0.0,0.0,0.0,0.0,0.0,0.0,0.0,0.0,-2.004,0.0,-0.0,0.0,0.0,0.0,0.0,4737.0,-0.0,7312.0,-0.0,-0.0,-107615360.0,0.0,0.0,0.0,0.0,0.0,77,-0.0,0.0,0.0,0.0,0.0,0.0,0.0,0.0,0.0,0,0,0,0.0,0.0,0.0,0.0,0.0,0.0,0.0,0.0,0.0,0.0,0.0,0.0,0.0,0.0,0.0,0.0,0,-107875648.0,77,0.0,154,0.0,-0.0,ERR,ERR,ERR,ERR,ERR,ERR,ERR,ERR,ERR,ERR,ERR,ERR,ERR,ERR,ERR,ERR,ERR,ERR,ERR,ERR,ERR,ERR,ERR,ERR,ERR,ERR,ERR,ERR,ERR,ERR,ERR,ERR,ERR,ERR,ERR,ERR,ERR,ERR,ERR,ERR,ERR,ERR,ERR,ERR,ERR,ERR,ERR,ERR,ERR,ERR,ERR,ERR,ERR,ERR,ERR,ERR,ERR,ERR,ERR,ERR,ERR,ERR,ERR,ERR,ERR,ERR,ERR,34.0,80.0,35,0.0,0.0,0.0,0.0,0.0,0.0,0.0,0.0,0.0,0.0,0.0,0.0,0.0,0.0,0.0,0.0,66.0,0,120,58,54,65476,0,300,0,0,8,20529,65476,0,0,57672,80.0,0.0,0.0,0.0,0.0,0.0
2026-06-18T02:19:36,ERR,ERR,ERR,ERR,ERR,ERR,ERR,ERR,ERR,ERR,ERR,ERR,ERR,ERR,ERR,ERR,ERR,ERR,ERR,ERR,ERR,ERR,ERR,ERR,ERR,ERR,ERR,ERR,ERR,ERR,ERR,ERR,ERR,ERR,ERR,ERR,ERR,ERR,ERR,ERR,ERR,ERR,ERR,ERR,ERR,ERR,ERR,ERR,ERR,ERR,ERR,ERR,ERR,ERR,ERR,ERR,ERR,ERR,ERR,ERR,ERR,ERR,ERR,ERR,ERR,ERR,ERR,ERR,ERR,ERR,ERR,ERR,ERR,ERR,ERR,ERR,ERR,ERR,ERR,ERR,ERR,ERR,ERR,ERR,ERR,ERR,ERR,ERR,ERR,ERR,ERR,ERR,ERR,ERR,ERR,ERR,ERR,ERR,ERR,ERR,ERR,ERR,ERR,ERR,ERR,ERR,ERR,ERR,ERR,ERR,ERR,ERR,ERR,ERR,ERR,ERR,ERR,ERR,ERR,ERR,ERR,ERR,ERR,ERR,ERR,-0.0,-0.0,0.0,-0.0,-0.0,1.3936040501711995e+18,7.805,0.0,0,0,4,48927,6720,14723890282496.0,100,0.0,0.0,0.0,-4.9501291711397626e+32,0.0,0,0,0,0,0.0,0,0,0,0,0,0,0,0,0,0,0,0,0,0,0,0,0,0,0,0,0,0,0,0,0,0,0,0,0,0,0,0,0,26,51,50,76,65476,0,300,0,0,8,21553,0.0,-107605600.0,0.0,0.0,0.0,0.0,0.0,0.0,0.0,0.0,0.0,0.0,0.0,0.0,0.0,0.0,0.0,0.0,0.0,0.0,0.0,0.0,0.0,-2.004,0.0,-0.0,0.0,0.0,0.0,0.0,4737.0,-0.0,7312.0,-0.0,-0.0,-107615360.0,0.0,0.0,0.0,0.0,0.0,77,-0.0,0.0,0.0,0.0,0.0,0.0,0.0,0.0,0.0,0,0,0,0.0,0.0,0.0,0.0,0.0,0.0,0.0,0.0,0.0,0.0,0.0,0.0,0.0,0.0,0.0,0.0,0,-107875648.0,77,0.0,154,0.0,-0.0,ERR,ERR,ERR,ERR,ERR,ERR,ERR,ERR,ERR,ERR,ERR,ERR,ERR,ERR,ERR,ERR,ERR,ERR,ERR,ERR,ERR,ERR,ERR,ERR,ERR,ERR,ERR,ERR,ERR,ERR,ERR,ERR,ERR,ERR,ERR,ERR,ERR,ERR,ERR,ERR,ERR,ERR,ERR,ERR,ERR,ERR,ERR,ERR,ERR,ERR,ERR,ERR,ERR,ERR,ERR,ERR,ERR,ERR,ERR,ERR,ERR,ERR,ERR,ERR,ERR,ERR,ERR,34.0,80.0,35,0.0,0.0,0.0,0.0,0.0,0.0,0.0,0.0,0.0,0.0,0.0,0.0,0.0,0.0,0.0,0.0,66.0,0,120,58,54,65476,0,300,0,0,8,20529,65476,0,0,57672,80.0,0.0,0.0,0.0,0.0,0.0
2026-06-18T02:19:37,ERR,ERR,ERR,ERR,ERR,ERR,ERR,ERR,ERR,ERR,ERR,ERR,ERR,ERR,ERR,ERR,ERR,ERR,ERR,ERR,ERR,ERR,ERR,ERR,ERR,ERR,ERR,ERR,ERR,ERR,ERR,ERR,ERR,ERR,ERR,ERR,ERR,ERR,ERR,ERR,ERR,ERR,ERR,ERR,ERR,ERR,ERR,ERR,ERR,ERR,ERR,ERR,ERR,ERR,ERR,ERR,ERR,ERR,ERR,ERR,ERR,ERR,ERR,ERR,ERR,ERR,ERR,ERR,ERR,ERR,ERR,ERR,ERR,ERR,ERR,ERR,ERR,ERR,ERR,ERR,ERR,ERR,ERR,ERR,ERR,ERR,ERR,ERR,ERR,ERR,ERR,ERR,ERR,ERR,ERR,ERR,ERR,ERR,ERR,ERR,ERR,ERR,ERR,ERR,ERR,ERR,ERR,ERR,ERR,ERR,ERR,ERR,ERR,ERR,ERR,ERR,ERR,ERR,ERR,ERR,ERR,ERR,ERR,ERR,ERR,-0.0,-0.0,0.0,-0.0,-0.0,1.3936040501711995e+18,7.805,0.0,0,0,4,48927,6720,14723890282496.0,100,0.0,0.0,0.0,-4.9501291711397626e+32,0.0,0,0,0,0,0.0,0,0,0,0,0,0,0,0,0,0,0,0,0,0,0,0,0,0,0,0,0,0,0,0,0,0,0,0,0,0,0,0,0,26,51,50,76,65476,0,300,0,0,8,21553,0.0,-107605600.0,0.0,0.0,0.0,0.0,0.0,0.0,0.0,0.0,0.0,0.0,0.0,0.0,0.0,0.0,0.0,0.0,0.0,0.0,0.0,0.0,0.0,-2.004,0.0,-0.0,0.0,0.0,0.0,0.0,4737.0,-0.0,7312.0,-0.0,-0.0,-107615360.0,0.0,0.0,0.0,0.0,0.0,77,-0.0,0.0,0.0,0.0,0.0,0.0,0.0,0.0,0.0,0,0,0,0.0,0.0,0.0,0.0,0.0,0.0,0.0,0.0,0.0,0.0,0.0,0.0,0.0,0.0,0.0,0.0,0,-107875648.0,77,0.0,154,0.0,-0.0,ERR,ERR,ERR,ERR,ERR,ERR,ERR,ERR,ERR,ERR,ERR,ERR,ERR,ERR,ERR,ERR,ERR,ERR,ERR,ERR,ERR,ERR,ERR,ERR,ERR,ERR,ERR,ERR,ERR,ERR,ERR,ERR,ERR,ERR,ERR,ERR,ERR,ERR,ERR,ERR,ERR,ERR,ERR,ERR,ERR,ERR,ERR,ERR,ERR,ERR,ERR,ERR,ERR,ERR,ERR,ERR,ERR,ERR,ERR,ERR,ERR,ERR,ERR,ERR,ERR,ERR,ERR,34.0,80.0,35,0.0,0.0,0.0,0.0,0.0,0.0,0.0,0.0,0.0,0.0,0.0,0.0,0.0,0.0,0.0,0.0,66.0,0,120,58,54,65476,0,300,0,0,8,20529,65476,0,0,57672,80.0,0.0,0.0,0.0,0.0,0.0
2026-06-18T02:19:38,ERR,ERR,ERR,ERR,ERR,ERR,ERR,ERR,ERR,ERR,ERR,ERR,ERR,ERR,ERR,ERR,ERR,ERR,ERR,ERR,ERR,ERR,ERR,ERR,ERR,ERR,ERR,ERR,ERR,ERR,ERR,ERR,ERR,ERR,ERR,ERR,ERR,ERR,ERR,ERR,ERR,ERR,ERR,ERR,ERR,ERR,ERR,ERR,ERR,ERR,ERR,ERR,ERR,ERR,ERR,ERR,ERR,ERR,ERR,ERR,ERR,ERR,ERR,ERR,ERR,ERR,ERR,ERR,ERR,ERR,ERR,ERR,ERR,ERR,ERR,ERR,ERR,ERR,ERR,ERR,ERR,ERR,ERR,ERR,ERR,ERR,ERR,ERR,ERR,ERR,ERR,ERR,ERR,ERR,ERR,ERR,ERR,ERR,ERR,ERR,ERR,ERR,ERR,ERR,ERR,ERR,ERR,ERR,ERR,ERR,ERR,ERR,ERR,ERR,ERR,ERR,ERR,ERR,ERR,ERR,ERR,ERR,ERR,ERR,ERR,-0.0,2.718431101732002e+23,-0.0,2.718290229135658e+23,-0.0,1.3936040501711995e+18,7.805,-24226.301,0,0,4,48906,6720,14723890282496.0,100,0.0,0.0,0.0,2.718290229135658e+23,0.0,0,0,0,0,0.0,0,0,0,0,0,0,0,0,0,0,0,0,0,0,0,0,0,0,0,0,0,0,0,0,0,0,0,0,0,0,0,0,0,26,51,50,76,65476,0,300,0,0,8,21553,0.0,-107605600.0,0.0,0.0,0.0,0.0,0.0,0.0,0.0,0.0,0.0,0.0,0.0,0.0,0.0,0.0,0.0,0.0,0.0,0.0,0.0,0.0,0.0,-2.004,0.0,-0.0,0.0,0.0,0.0,0.0,4767.0,564145296506880.0,7307.0,-0.0,2.718431101732002e+23,-107615360.0,0.0,0.0,0.0,0.0,0.0,77,-0.0,-2.3088261162012456e+20,0.0,0.0,0.0,0.0,0.0,0.0,0.0,0,0,0,0.0,0.0,0.0,0.0,0.0,0.0,0.0,0.0,0.0,0.0,0.0,0.0,0.0,0.0,0.0,0.0,0,-107875648.0,77,0.0,154,0.0,-0.0,ERR,ERR,ERR,ERR,ERR,ERR,ERR,ERR,ERR,ERR,ERR,ERR,ERR,ERR,ERR,ERR,ERR,ERR,ERR,ERR,ERR,ERR,ERR,ERR,ERR,ERR,ERR,ERR,ERR,ERR,ERR,ERR,ERR,ERR,ERR,ERR,ERR,ERR,ERR,ERR,ERR,ERR,ERR,ERR,ERR,ERR,ERR,ERR,ERR,ERR,ERR,ERR,ERR,ERR,ERR,ERR,ERR,ERR,ERR,ERR,ERR,ERR,ERR,ERR,ERR,ERR,ERR,34.0,80.0,35,0.0,0.0,0.0,0.0,0.0,0.0,0.0,0.0,0.0,0.0,0.0,0.0,0.0,0.0,0.0,0.0,66.0,0,120,58,54,65476,0,300,0,0,8,20529,65476,0,0,57672,80.0,0.0,0.0,0.0,0.0,0.0
2026-06-18T02:19:39,ERR,ERR,ERR,ERR,ERR,ERR,ERR,ERR,ERR,ERR,ERR,ERR,ERR,ERR,ERR,ERR,ERR,ERR,ERR,ERR,ERR,ERR,ERR,ERR,ERR,ERR,ERR,ERR,ERR,ERR,ERR,ERR,ERR,ERR,ERR,ERR,ERR,ERR,ERR,ERR,ERR,ERR,ERR,ERR,ERR,ERR,ERR,ERR,ERR,ERR,ERR,ERR,ERR,ERR,ERR,ERR,ERR,ERR,ERR,ERR,ERR,ERR,ERR,ERR,ERR,ERR,ERR,ERR,ERR,ERR,ERR,ERR,ERR,ERR,ERR,ERR,ERR,ERR,ERR,ERR,ERR,ERR,ERR,ERR,ERR,ERR,ERR,ERR,ERR,ERR,ERR,ERR,ERR,ERR,ERR,ERR,ERR,ERR,ERR,ERR,ERR,ERR,ERR,ERR,ERR,ERR,ERR,ERR,ERR,ERR,ERR,ERR,ERR,ERR,ERR,ERR,ERR,ERR,ERR,ERR,ERR,ERR,ERR,ERR,ERR,-0.0,2.718431101732002e+23,-0.0,2.718290229135658e+23,-0.0,1.3936040501711995e+18,7.805,-24226.301,0,0,4,48906,6720,14723890282496.0,100,0.0,0.0,0.0,2.718290229135658e+23,0.0,0,0,0,0,0.0,0,0,0,0,0,0,0,0,0,0,0,0,0,0,0,0,0,0,0,0,0,0,0,0,0,0,0,0,0,0,0,0,0,26,51,50,76,65476,0,300,0,0,8,21553,0.0,-107605600.0,0.0,0.0,0.0,0.0,0.0,0.0,0.0,0.0,0.0,0.0,0.0,0.0,0.0,0.0,0.0,0.0,0.0,0.0,0.0,0.0,0.0,-2.004,0.0,-0.0,0.0,0.0,0.0,0.0,4767.0,564145296506880.0,7307.0,-0.0,2.718431101732002e+23,-107615360.0,0.0,0.0,0.0,0.0,0.0,77,-0.0,-2.3088261162012456e+20,0.0,0.0,0.0,0.0,0.0,0.0,0.0,0,0,0,0.0,0.0,0.0,0.0,0.0,0.0,0.0,0.0,0.0,0.0,0.0,0.0,0.0,0.0,0.0,0.0,0,-107875648.0,77,0.0,154,0.0,-0.0,ERR,ERR,ERR,ERR,ERR,ERR,ERR,ERR,ERR,ERR,ERR,ERR,ERR,ERR,ERR,ERR,ERR,ERR,ERR,ERR,ERR,ERR,ERR,ERR,ERR,ERR,ERR,ERR,ERR,ERR,ERR,ERR,ERR,ERR,ERR,ERR,ERR,ERR,ERR,ERR,ERR,ERR,ERR,ERR,ERR,ERR,ERR,ERR,ERR,ERR,ERR,ERR,ERR,ERR,ERR,ERR,ERR,ERR,ERR,ERR,ERR,ERR,ERR,ERR,ERR,ERR,ERR,34.0,80.0,35,0.0,0.0,0.0,0.0,0.0,0.0,0.0,0.0,0.0,0.0,0.0,0.0,0.0,0.0,0.0,0.0,66.0,0,120,58,54,65476,0,300,0,0,8,20529,65476,0,0,57672,80.0,0.0,0.0,0.0,0.0,0.0
2026-06-18T02:19:40,ERR,ERR,ERR,ERR,ERR,ERR,ERR,ERR,ERR,ERR,ERR,ERR,ERR,ERR,ERR,ERR,ERR,ERR,ERR,ERR,ERR,ERR,ERR,ERR,ERR,ERR,ERR,ERR,ERR,ERR,ERR,ERR,ERR,ERR,ERR,ERR,ERR,ERR,ERR,ERR,ERR,ERR,ERR,ERR,ERR,ERR,ERR,ERR,ERR,ERR,ERR,ERR,ERR,ERR,ERR,ERR,ERR,ERR,ERR,ERR,ERR,ERR,ERR,ERR,ERR,ERR,ERR,ERR,ERR,ERR,ERR,ERR,ERR,ERR,ERR,ERR,ERR,ERR,ERR,ERR,ERR,ERR,ERR,ERR,ERR,ERR,ERR,ERR,ERR,ERR,ERR,ERR,ERR,ERR,ERR,ERR,ERR,ERR,ERR,ERR,ERR,ERR,ERR,ERR,ERR,ERR,ERR,ERR,ERR,ERR,ERR,ERR,ERR,ERR,ERR,ERR,ERR,ERR,ERR,ERR,ERR,ERR,ERR,ERR,ERR,-0.0,2.718431101732002e+23,-0.0,2.718290229135658e+23,-0.0,1.3936040501711995e+18,7.805,-24226.301,0,0,4,48906,6720,14723890282496.0,100,0.0,0.0,0.0,2.718290229135658e+23,0.0,0,0,0,0,0.0,0,0,0,0,0,0,0,0,0,0,0,0,0,0,0,0,0,0,0,0,0,0,0,0,0,0,0,0,0,0,0,0,0,26,51,50,76,65476,0,300,0,0,8,21553,0.0,-107605600.0,0.0,0.0,0.0,0.0,0.0,0.0,0.0,0.0,0.0,0.0,0.0,0.0,0.0,0.0,0.0,0.0,0.0,0.0,0.0,0.0,0.0,-2.004,0.0,-0.0,0.0,0.0,0.0,0.0,4767.0,564145296506880.0,7307.0,-0.0,2.718431101732002e+23,-107615360.0,0.0,0.0,0.0,0.0,0.0,77,-0.0,-2.3088261162012456e+20,0.0,0.0,0.0,0.0,0.0,0.0,0.0,0,0,0,0.0,0.0,0.0,0.0,0.0,0.0,0.0,0.0,0.0,0.0,0.0,0.0,0.0,0.0,0.0,0.0,0,-107875648.0,77,0.0,154,0.0,-0.0,ERR,ERR,ERR,ERR,ERR,ERR,ERR,ERR,ERR,ERR,ERR,ERR,ERR,ERR,ERR,ERR,ERR,ERR,ERR,ERR,ERR,ERR,ERR,ERR,ERR,ERR,ERR,ERR,ERR,ERR,ERR,ERR,ERR,ERR,ERR,ERR,ERR,ERR,ERR,ERR,ERR,ERR,ERR,ERR,ERR,ERR,ERR,ERR,ERR,ERR,ERR,ERR,ERR,ERR,ERR,ERR,ERR,ERR,ERR,ERR,ERR,ERR,ERR,ERR,ERR,ERR,ERR,34.0,80.0,35,0.0,0.0,0.0,0.0,0.0,0.0,0.0,0.0,0.0,0.0,0.0,0.0,0.0,0.0,0.0,0.0,66.0,0,120,58,54,65476,0,300,0,0,8,20529,65476,0,0,57672,80.0,0.0,0.0,0.0,0.0,0.0
2026-06-18T02:19:41,ERR,ERR,ERR,ERR,ERR,ERR,ERR,ERR,ERR,ERR,ERR,ERR,ERR,ERR,ERR,ERR,ERR,ERR,ERR,ERR,ERR,ERR,ERR,ERR,ERR,ERR,ERR,ERR,ERR,ERR,ERR,ERR,ERR,ERR,ERR,ERR,ERR,ERR,ERR,ERR,ERR,ERR,ERR,ERR,ERR,ERR,ERR,ERR,ERR,ERR,ERR,ERR,ERR,ERR,ERR,ERR,ERR,ERR,ERR,ERR,ERR,ERR,ERR,ERR,ERR,ERR,ERR,ERR,ERR,ERR,ERR,ERR,ERR,ERR,ERR,ERR,ERR,ERR,ERR,ERR,ERR,ERR,ERR,ERR,ERR,ERR,ERR,ERR,ERR,ERR,ERR,ERR,ERR,ERR,ERR,ERR,ERR,ERR,ERR,ERR,ERR,ERR,ERR,ERR,ERR,ERR,ERR,ERR,ERR,ERR,ERR,ERR,ERR,ERR,ERR,ERR,ERR,ERR,ERR,ERR,ERR,ERR,ERR,ERR,ERR,-0.0,2.718431101732002e+23,-0.0,2.718290229135658e+23,-0.0,1.3936040501711995e+18,7.805,-24226.301,0,0,4,48906,6720,14723890282496.0,100,0.0,0.0,0.0,2.718290229135658e+23,0.0,0,0,0,0,0.0,0,0,0,0,0,0,0,0,0,0,0,0,0,0,0,0,0,0,0,0,0,0,0,0,0,0,0,0,0,0,0,0,0,26,51,50,76,65476,0,300,0,0,8,21553,0.0,-107605600.0,0.0,0.0,0.0,0.0,0.0,0.0,0.0,0.0,0.0,0.0,0.0,0.0,0.0,0.0,0.0,0.0,0.0,0.0,0.0,0.0,0.0,-2.004,0.0,-0.0,0.0,0.0,0.0,0.0,4767.0,564145296506880.0,7307.0,-0.0,2.718431101732002e+23,-107615360.0,0.0,0.0,0.0,0.0,0.0,77,-0.0,-2.3088261162012456e+20,0.0,0.0,0.0,0.0,0.0,0.0,0.0,0,0,0,0.0,0.0,0.0,0.0,0.0,0.0,0.0,0.0,0.0,0.0,0.0,0.0,0.0,0.0,0.0,0.0,0,-107875648.0,77,0.0,154,0.0,-0.0,ERR,ERR,ERR,ERR,ERR,ERR,ERR,ERR,ERR,ERR,ERR,ERR,ERR,ERR,ERR,ERR,ERR,ERR,ERR,ERR,ERR,ERR,ERR,ERR,ERR,ERR,ERR,ERR,ERR,ERR,ERR,ERR,ERR,ERR,ERR,ERR,ERR,ERR,ERR,ERR,ERR,ERR,ERR,ERR,ERR,ERR,ERR,ERR,ERR,ERR,ERR,ERR,ERR,ERR,ERR,ERR,ERR,ERR,ERR,ERR,ERR,ERR,ERR,ERR,ERR,ERR,ERR,34.0,80.0,35,0.0,0.0,0.0,0.0,0.0,0.0,0.0,0.0,0.0,0.0,0.0,0.0,0.0,0.0,0.0,0.0,66.0,0,120,58,54,65476,0,300,0,0,8,20529,65476,0,0,57672,80.0,0.0,0.0,0.0,0.0,0.0
2026-06-18T02:19:42,ERR,ERR,ERR,ERR,ERR,ERR,ERR,ERR,ERR,ERR,ERR,ERR,ERR,ERR,ERR,ERR,ERR,ERR,ERR,ERR,ERR,ERR,ERR,ERR,ERR,ERR,ERR,ERR,ERR,ERR,ERR,ERR,ERR,ERR,ERR,ERR,ERR,ERR,ERR,ERR,ERR,ERR,ERR,ERR,ERR,ERR,ERR,ERR,ERR,ERR,ERR,ERR,ERR,ERR,ERR,ERR,ERR,ERR,ERR,ERR,ERR,ERR,ERR,ERR,ERR,ERR,ERR,ERR,ERR,ERR,ERR,ERR,ERR,ERR,ERR,ERR,ERR,ERR,ERR,ERR,ERR,ERR,ERR,ERR,ERR,ERR,ERR,ERR,ERR,ERR,ERR,ERR,ERR,ERR,ERR,ERR,ERR,ERR,ERR,ERR,ERR,ERR,ERR,ERR,ERR,ERR,ERR,ERR,ERR,ERR,ERR,ERR,ERR,ERR,ERR,ERR,ERR,ERR,ERR,ERR,ERR,ERR,ERR,ERR,ERR,-0.0,2.718431101732002e+23,-0.0,2.718290229135658e+23,-0.0,1.3936040501711995e+18,7.805,-24226.301,0,0,4,48906,6720,14723890282496.0,100,0.0,0.0,0.0,2.718290229135658e+23,0.0,0,0,0,0,0.0,0,0,0,0,0,0,0,0,0,0,0,0,0,0,0,0,0,0,0,0,0,0,0,0,0,0,0,0,0,0,0,0,0,26,51,50,76,65476,0,300,0,0,8,21553,0.0,-107605600.0,0.0,0.0,0.0,0.0,0.0,0.0,0.0,0.0,0.0,0.0,0.0,0.0,0.0,0.0,0.0,0.0,0.0,0.0,0.0,0.0,0.0,-2.004,0.0,-0.0,0.0,0.0,0.0,0.0,4767.0,564145296506880.0,7307.0,-0.0,2.718431101732002e+23,-107615360.0,0.0,0.0,0.0,0.0,0.0,77,-0.0,-2.3088261162012456e+20,0.0,0.0,0.0,0.0,0.0,0.0,0.0,0,0,0,0.0,0.0,0.0,0.0,0.0,0.0,0.0,0.0,0.0,0.0,0.0,0.0,0.0,0.0,0.0,0.0,0,-107875648.0,77,0.0,154,0.0,-0.0,ERR,ERR,ERR,ERR,ERR,ERR,ERR,ERR,ERR,ERR,ERR,ERR,ERR,ERR,ERR,ERR,ERR,ERR,ERR,ERR,ERR,ERR,ERR,ERR,ERR,ERR,ERR,ERR,ERR,ERR,ERR,ERR,ERR,ERR,ERR,ERR,ERR,ERR,ERR,ERR,ERR,ERR,ERR,ERR,ERR,ERR,ERR,ERR,ERR,ERR,ERR,ERR,ERR,ERR,ERR,ERR,ERR,ERR,ERR,ERR,ERR,ERR,ERR,ERR,ERR,ERR,ERR,34.0,80.0,35,0.0,0.0,0.0,0.0,0.0,0.0,0.0,0.0,0.0,0.0,0.0,0.0,0.0,0.0,0.0,0.0,66.0,0,120,58,54,65476,0,300,0,0,8,20529,65476,0,0,57672,80.0,0.0,0.0,0.0,0.0,0.0
2026-06-18T02:19:43,ERR,ERR,ERR,ERR,ERR,ERR,ERR,ERR,ERR,ERR,ERR,ERR,ERR,ERR,ERR,ERR,ERR,ERR,ERR,ERR,ERR,ERR,ERR,ERR,ERR,ERR,ERR,ERR,ERR,ERR,ERR,ERR,ERR,ERR,ERR,ERR,ERR,ERR,ERR,ERR,ERR,ERR,ERR,ERR,ERR,ERR,ERR,ERR,ERR,ERR,ERR,ERR,ERR,ERR,ERR,ERR,ERR,ERR,ERR,ERR,ERR,ERR,ERR,ERR,ERR,ERR,ERR,ERR,ERR,ERR,ERR,ERR,ERR,ERR,ERR,ERR,ERR,ERR,ERR,ERR,ERR,ERR,ERR,ERR,ERR,ERR,ERR,ERR,ERR,ERR,ERR,ERR,ERR,ERR,ERR,ERR,ERR,ERR,ERR,ERR,ERR,ERR,ERR,ERR,ERR,ERR,ERR,ERR,ERR,ERR,ERR,ERR,ERR,ERR,ERR,ERR,ERR,ERR,ERR,ERR,ERR,ERR,ERR,ERR,ERR,-0.0,-0.0,0.0,-0.0,-0.0,1.3936040501711995e+18,7.805,0.0,0,0,4,48899,6720,14723890282496.0,100,0.0,0.0,0.0,-0.0,0.0,0,0,0,0,0.0,0,0,0,0,0,0,0,0,0,0,0,0,0,0,0,0,0,0,0,0,0,0,0,0,0,0,0,0,0,0,0,0,0,26,51,50,76,65476,0,300,0,0,8,21553,0.0,-107605600.0,0.0,0.0,0.0,0.0,0.0,0.0,0.0,0.0,0.0,0.0,0.0,0.0,0.0,0.0,0.0,0.0,0.0,0.0,0.0,0.0,0.0,-2.004,0.0,-0.0,0.0,0.0,0.0,0.0,4737.0,3.697182615187489e+19,7308.0,-0.0,-0.0,-107615360.0,0.0,0.0,0.0,0.0,0.0,77,-0.0,-3.2219987089600715e+26,0.0,0.0,0.0,0.0,0.0,0.0,0.0,0,0,0,0.0,0.0,0.0,0.0,0.0,0.0,0.0,0.0,0.0,0.0,0.0,0.0,0.0,0.0,0.0,0.0,0,-107875648.0,77,0.0,154,0.0,-0.0,ERR,ERR,ERR,ERR,ERR,ERR,ERR,ERR,ERR,ERR,ERR,ERR,ERR,ERR,ERR,ERR,ERR,ERR,ERR,ERR,ERR,ERR,ERR,ERR,ERR,ERR,ERR,ERR,ERR,ERR,ERR,ERR,ERR,ERR,ERR,ERR,ERR,ERR,ERR,ERR,ERR,ERR,ERR,ERR,ERR,ERR,ERR,ERR,ERR,ERR,ERR,ERR,ERR,ERR,ERR,ERR,ERR,ERR,ERR,ERR,ERR,ERR,ERR,ERR,ERR,ERR,ERR,34.0,80.0,35,0.0,0.0,0.0,0.0,0.0,0.0,0.0,0.0,0.0,0.0,0.0,0.0,0.0,0.0,0.0,0.0,66.0,0,120,58,54,65476,0,300,0,0,8,20529,65476,0,0,57672,80.0,0.0,0.0,0.0,0.0,0.0
2026-06-18T02:19:44,ERR,ERR,ERR,ERR,ERR,ERR,ERR,ERR,ERR,ERR,ERR,ERR,ERR,ERR,ERR,ERR,ERR,ERR,ERR,ERR,ERR,ERR,ERR,ERR,ERR,ERR,ERR,ERR,ERR,ERR,ERR,ERR,ERR,ERR,ERR,ERR,ERR,ERR,ERR,ERR,ERR,ERR,ERR,ERR,ERR,ERR,ERR,ERR,ERR,ERR,ERR,ERR,ERR,ERR,ERR,ERR,ERR,ERR,ERR,ERR,ERR,ERR,ERR,ERR,ERR,ERR,ERR,ERR,ERR,ERR,ERR,ERR,ERR,ERR,ERR,ERR,ERR,ERR,ERR,ERR,ERR,ERR,ERR,ERR,ERR,ERR,ERR,ERR,ERR,ERR,ERR,ERR,ERR,ERR,ERR,ERR,ERR,ERR,ERR,ERR,ERR,ERR,ERR,ERR,ERR,ERR,ERR,ERR,ERR,ERR,ERR,ERR,ERR,ERR,ERR,ERR,ERR,ERR,ERR,ERR,ERR,ERR,ERR,ERR,ERR,-0.0,-0.0,0.0,-0.0,-0.0,1.3936040501711995e+18,7.805,0.0,0,0,4,48899,6720,14723890282496.0,100,0.0,0.0,0.0,-0.0,0.0,0,0,0,0,0.0,0,0,0,0,0,0,0,0,0,0,0,0,0,0,0,0,0,0,0,0,0,0,0,0,0,0,0,0,0,0,0,0,0,26,51,50,76,65476,0,300,0,0,8,21553,0.0,-107605600.0,0.0,0.0,0.0,0.0,0.0,0.0,0.0,0.0,0.0,0.0,0.0,0.0,0.0,0.0,0.0,0.0,0.0,0.0,0.0,0.0,0.0,-2.004,0.0,-0.0,0.0,0.0,0.0,0.0,4737.0,3.697182615187489e+19,7308.0,-0.0,-0.0,-107615360.0,0.0,0.0,0.0,0.0,0.0,77,-0.0,-3.2219987089600715e+26,0.0,0.0,0.0,0.0,0.0,0.0,0.0,0,0,0,0.0,0.0,0.0,0.0,0.0,0.0,0.0,0.0,0.0,0.0,0.0,0.0,0.0,0.0,0.0,0.0,0,-107875648.0,77,0.0,154,0.0,-0.0,ERR,ERR,ERR,ERR,ERR,ERR,ERR,ERR,ERR,ERR,ERR,ERR,ERR,ERR,ERR,ERR,ERR,ERR,ERR,ERR,ERR,ERR,ERR,ERR,ERR,ERR,ERR,ERR,ERR,ERR,ERR,ERR,ERR,ERR,ERR,ERR,ERR,ERR,ERR,ERR,ERR,ERR,ERR,ERR,ERR,ERR,ERR,ERR,ERR,ERR,ERR,ERR,ERR,ERR,ERR,ERR,ERR,ERR,ERR,ERR,ERR,ERR,ERR,ERR,ERR,ERR,ERR,34.0,80.0,35,0.0,0.0,0.0,0.0,0.0,0.0,0.0,0.0,0.0,0.0,0.0,0.0,0.0,0.0,0.0,0.0,66.0,0,120,58,54,65476,0,300,0,0,8,20529,65476,0,0,57672,80.0,0.0,0.0,0.0,0.0,0.0
2026-06-18T02:19:45,ERR,ERR,ERR,ERR,ERR,ERR,ERR,ERR,ERR,ERR,ERR,ERR,ERR,ERR,ERR,ERR,ERR,ERR,ERR,ERR,ERR,ERR,ERR,ERR,ERR,ERR,ERR,ERR,ERR,ERR,ERR,ERR,ERR,ERR,ERR,ERR,ERR,ERR,ERR,ERR,ERR,ERR,ERR,ERR,ERR,ERR,ERR,ERR,ERR,ERR,ERR,ERR,ERR,ERR,ERR,ERR,ERR,ERR,ERR,ERR,ERR,ERR,ERR,ERR,ERR,ERR,ERR,ERR,ERR,ERR,ERR,ERR,ERR,ERR,ERR,ERR,ERR,ERR,ERR,ERR,ERR,ERR,ERR,ERR,ERR,ERR,ERR,ERR,ERR,ERR,ERR,ERR,ERR,ERR,ERR,ERR,ERR,ERR,ERR,ERR,ERR,ERR,ERR,ERR,ERR,ERR,ERR,ERR,ERR,ERR,ERR,ERR,ERR,ERR,ERR,ERR,ERR,ERR,ERR,ERR,ERR,ERR,ERR,ERR,ERR,-0.0,-0.0,0.0,-0.0,-0.0,1.3936040501711995e+18,7.805,0.0,0,0,4,48899,6720,14723890282496.0,100,0.0,0.0,0.0,-0.0,0.0,0,0,0,0,0.0,0,0,0,0,0,0,0,0,0,0,0,0,0,0,0,0,0,0,0,0,0,0,0,0,0,0,0,0,0,0,0,0,0,26,51,50,76,65476,0,300,0,0,8,21553,0.0,-107605600.0,0.0,0.0,0.0,0.0,0.0,0.0,0.0,0.0,0.0,0.0,0.0,0.0,0.0,0.0,0.0,0.0,0.0,0.0,0.0,0.0,0.0,-2.004,0.0,-0.0,0.0,0.0,0.0,0.0,4737.0,3.697182615187489e+19,7308.0,-0.0,-0.0,-107615360.0,0.0,0.0,0.0,0.0,0.0,77,-0.0,-3.2219987089600715e+26,0.0,0.0,0.0,0.0,0.0,0.0,0.0,0,0,0,0.0,0.0,0.0,0.0,0.0,0.0,0.0,0.0,0.0,0.0,0.0,0.0,0.0,0.0,0.0,0.0,0,-107875648.0,77,0.0,154,0.0,-0.0,ERR,ERR,ERR,ERR,ERR,ERR,ERR,ERR,ERR,ERR,ERR,ERR,ERR,ERR,ERR,ERR,ERR,ERR,ERR,ERR,ERR,ERR,ERR,ERR,ERR,ERR,ERR,ERR,ERR,ERR,ERR,ERR,ERR,ERR,ERR,ERR,ERR,ERR,ERR,ERR,ERR,ERR,ERR,ERR,ERR,ERR,ERR,ERR,ERR,ERR,ERR,ERR,ERR,ERR,ERR,ERR,ERR,ERR,ERR,ERR,ERR,ERR,ERR,ERR,ERR,ERR,ERR,34.0,80.0,35,0.0,0.0,0.0,0.0,0.0,0.0,0.0,0.0,0.0,0.0,0.0,0.0,0.0,0.0,0.0,0.0,66.0,0,120,58,54,65476,0,300,0,0,8,20529,65476,0,0,57672,80.0,0.0,0.0,0.0,0.0,0.0
2026-06-18T02:19:46,ERR,ERR,ERR,ERR,ERR,ERR,ERR,ERR,ERR,ERR,ERR,ERR,ERR,ERR,ERR,ERR,ERR,ERR,ERR,ERR,ERR,ERR,ERR,ERR,ERR,ERR,ERR,ERR,ERR,ERR,ERR,ERR,ERR,ERR,ERR,ERR,ERR,ERR,ERR,ERR,ERR,ERR,ERR,ERR,ERR,ERR,ERR,ERR,ERR,ERR,ERR,ERR,ERR,ERR,ERR,ERR,ERR,ERR,ERR,ERR,ERR,ERR,ERR,ERR,ERR,ERR,ERR,ERR,ERR,ERR,ERR,ERR,ERR,ERR,ERR,ERR,ERR,ERR,ERR,ERR,ERR,ERR,ERR,ERR,ERR,ERR,ERR,ERR,ERR,ERR,ERR,ERR,ERR,ERR,ERR,ERR,ERR,ERR,ERR,ERR,ERR,ERR,ERR,ERR,ERR,ERR,ERR,ERR,ERR,ERR,ERR,ERR,ERR,ERR,ERR,ERR,ERR,ERR,ERR,ERR,ERR,ERR,ERR,ERR,ERR,-0.0,-0.0,0.0,-0.0,-0.0,1.3936040501711995e+18,7.805,0.0,0,0,4,48899,6720,14723890282496.0,100,0.0,0.0,0.0,-0.0,0.0,0,0,0,0,0.0,0,0,0,0,0,0,0,0,0,0,0,0,0,0,0,0,0,0,0,0,0,0,0,0,0,0,0,0,0,0,0,0,0,26,51,50,76,65476,0,300,0,0,8,21553,0.0,-107605600.0,0.0,0.0,0.0,0.0,0.0,0.0,0.0,0.0,0.0,0.0,0.0,0.0,0.0,0.0,0.0,0.0,0.0,0.0,0.0,0.0,0.0,-2.004,0.0,-0.0,0.0,0.0,0.0,0.0,4737.0,3.697182615187489e+19,7308.0,-0.0,-0.0,-107615360.0,0.0,0.0,0.0,0.0,0.0,77,-0.0,-3.2219987089600715e+26,0.0,0.0,0.0,0.0,0.0,0.0,0.0,0,0,0,0.0,0.0,0.0,0.0,0.0,0.0,0.0,0.0,0.0,0.0,0.0,0.0,0.0,0.0,0.0,0.0,0,-107875648.0,77,0.0,154,0.0,-0.0,ERR,ERR,ERR,ERR,ERR,ERR,ERR,ERR,ERR,ERR,ERR,ERR,ERR,ERR,ERR,ERR,ERR,ERR,ERR,ERR,ERR,ERR,ERR,ERR,ERR,ERR,ERR,ERR,ERR,ERR,ERR,ERR,ERR,ERR,ERR,ERR,ERR,ERR,ERR,ERR,ERR,ERR,ERR,ERR,ERR,ERR,ERR,ERR,ERR,ERR,ERR,ERR,ERR,ERR,ERR,ERR,ERR,ERR,ERR,ERR,ERR,ERR,ERR,ERR,ERR,ERR,ERR,34.0,80.0,35,0.0,0.0,0.0,0.0,0.0,0.0,0.0,0.0,0.0,0.0,0.0,0.0,0.0,0.0,0.0,0.0,66.0,0,120,58,54,65476,0,300,0,0,8,20529,65476,0,0,57672,80.0,0.0,0.0,0.0,0.0,0.0
2026-06-18T02:19:47,ERR,ERR,ERR,ERR,ERR,ERR,ERR,ERR,ERR,ERR,ERR,ERR,ERR,ERR,ERR,ERR,ERR,ERR,ERR,ERR,ERR,ERR,ERR,ERR,ERR,ERR,ERR,ERR,ERR,ERR,ERR,ERR,ERR,ERR,ERR,ERR,ERR,ERR,ERR,ERR,ERR,ERR,ERR,ERR,ERR,ERR,ERR,ERR,ERR,ERR,ERR,ERR,ERR,ERR,ERR,ERR,ERR,ERR,ERR,ERR,ERR,ERR,ERR,ERR,ERR,ERR,ERR,ERR,ERR,ERR,ERR,ERR,ERR,ERR,ERR,ERR,ERR,ERR,ERR,ERR,ERR,ERR,ERR,ERR,ERR,ERR,ERR,ERR,ERR,ERR,ERR,ERR,ERR,ERR,ERR,ERR,ERR,ERR,ERR,ERR,ERR,ERR,ERR,ERR,ERR,ERR,ERR,ERR,ERR,ERR,ERR,ERR,ERR,ERR,ERR,ERR,ERR,ERR,ERR,ERR,ERR,ERR,ERR,ERR,ERR,-0.0,-0.0,0.0,-0.0,-0.0,1.3936040501711995e+18,7.805,0.0,0,0,4,48899,6720,14723890282496.0,100,0.0,0.0,0.0,-0.0,0.0,0,0,0,0,0.0,0,0,0,0,0,0,0,0,0,0,0,0,0,0,0,0,0,0,0,0,0,0,0,0,0,0,0,0,0,0,0,0,0,26,51,50,76,65476,0,300,0,0,8,21553,0.0,-107605600.0,0.0,0.0,0.0,0.0,0.0,0.0,0.0,0.0,0.0,0.0,0.0,0.0,0.0,0.0,0.0,0.0,0.0,0.0,0.0,0.0,0.0,-2.004,0.0,-0.0,0.0,0.0,0.0,0.0,4737.0,3.697182615187489e+19,7308.0,-0.0,-0.0,-107615360.0,0.0,0.0,0.0,0.0,0.0,77,-0.0,-3.2219987089600715e+26,0.0,0.0,0.0,0.0,0.0,0.0,0.0,0,0,0,0.0,0.0,0.0,0.0,0.0,0.0,0.0,0.0,0.0,0.0,0.0,0.0,0.0,0.0,0.0,0.0,0,-107875648.0,77,0.0,154,0.0,-0.0,ERR,ERR,ERR,ERR,ERR,ERR,ERR,ERR,ERR,ERR,ERR,ERR,ERR,ERR,ERR,ERR,ERR,ERR,ERR,ERR,ERR,ERR,ERR,ERR,ERR,ERR,ERR,ERR,ERR,ERR,ERR,ERR,ERR,ERR,ERR,ERR,ERR,ERR,ERR,ERR,ERR,ERR,ERR,ERR,ERR,ERR,ERR,ERR,ERR,ERR,ERR,ERR,ERR,ERR,ERR,ERR,ERR,ERR,ERR,ERR,ERR,ERR,ERR,ERR,ERR,ERR,ERR,34.0,80.0,35,0.0,0.0,0.0,0.0,0.0,0.0,0.0,0.0,0.0,0.0,0.0,0.0,0.0,0.0,0.0,0.0,66.0,0,120,58,54,65476,0,300,0,0,8,20529,65476,0,0,57672,80.0,0.0,0.0,0.0,0.0,0.0
2026-06-18T02:19:48,ERR,ERR,ERR,ERR,ERR,ERR,ERR,ERR,ERR,ERR,ERR,ERR,ERR,ERR,ERR,ERR,ERR,ERR,ERR,ERR,ERR,ERR,ERR,ERR,ERR,ERR,ERR,ERR,ERR,ERR,ERR,ERR,ERR,ERR,ERR,ERR,ERR,ERR,ERR,ERR,ERR,ERR,ERR,ERR,ERR,ERR,ERR,ERR,ERR,ERR,ERR,ERR,ERR,ERR,ERR,ERR,ERR,ERR,ERR,ERR,ERR,ERR,ERR,ERR,ERR,ERR,ERR,ERR,ERR,ERR,ERR,ERR,ERR,ERR,ERR,ERR,ERR,ERR,ERR,ERR,ERR,ERR,ERR,ERR,ERR,ERR,ERR,ERR,ERR,ERR,ERR,ERR,ERR,ERR,ERR,ERR,ERR,ERR,ERR,ERR,ERR,ERR,ERR,ERR,ERR,ERR,ERR,ERR,ERR,ERR,ERR,ERR,ERR,ERR,ERR,ERR,ERR,ERR,ERR,ERR,ERR,ERR,ERR,ERR,ERR,-0.0,-0.0,0.0,0.059,0.0,1.3936040501711995e+18,7.805,-0.0,0,0,4,48899,6720,14723890282496.0,100,0.0,0.0,0.0,2.718290229135658e+23,0.0,0,0,0,0,0.0,0,0,0,0,0,0,0,0,0,0,0,0,0,0,0,0,0,0,0,0,0,0,0,0,0,0,0,0,0,0,0,0,0,26,51,50,76,65476,0,300,0,0,8,21553,0.0,-107605600.0,0.0,0.0,0.0,0.0,0.0,0.0,0.0,0.0,0.0,0.0,0.0,0.0,0.0,0.0,0.0,0.0,0.0,0.0,0.0,0.0,0.0,-2.004,0.0,-0.0,0.0,0.0,0.0,0.0,4766.0,8608174080.0,7306.0,-0.0,-0.0,-107615360.0,0.0,0.0,0.0,0.0,0.0,77,-0.0,-0.0,0.0,0.0,0.0,0.0,0.0,0.0,0.0,0,0,0,0.0,0.0,0.0,0.0,0.0,0.0,0.0,0.0,0.0,0.0,0.0,0.0,0.0,0.0,0.0,0.0,0,-107875648.0,77,0.0,154,0.0,-0.0,ERR,ERR,ERR,ERR,ERR,ERR,ERR,ERR,ERR,ERR,ERR,ERR,ERR,ERR,ERR,ERR,ERR,ERR,ERR,ERR,ERR,ERR,ERR,ERR,ERR,ERR,ERR,ERR,ERR,ERR,ERR,ERR,ERR,ERR,ERR,ERR,ERR,ERR,ERR,ERR,ERR,ERR,ERR,ERR,ERR,ERR,ERR,ERR,ERR,ERR,ERR,ERR,ERR,ERR,ERR,ERR,ERR,ERR,ERR,ERR,ERR,ERR,ERR,ERR,ERR,ERR,ERR,34.0,80.0,35,0.0,0.0,0.0,0.0,0.0,0.0,0.0,0.0,0.0,0.0,0.0,0.0,0.0,0.0,0.0,0.0,66.0,0,120,58,54,65476,0,300,0,0,8,20529,65476,0,0,57672,80.0,0.0,0.0,0.0,0.0,0.0
2026-06-18T02:19:49,ERR,ERR,ERR,ERR,ERR,ERR,ERR,ERR,ERR,ERR,ERR,ERR,ERR,ERR,ERR,ERR,ERR,ERR,ERR,ERR,ERR,ERR,ERR,ERR,ERR,ERR,ERR,ERR,ERR,ERR,ERR,ERR,ERR,ERR,ERR,ERR,ERR,ERR,ERR,ERR,ERR,ERR,ERR,ERR,ERR,ERR,ERR,ERR,ERR,ERR,ERR,ERR,ERR,ERR,ERR,ERR,ERR,ERR,ERR,ERR,ERR,ERR,ERR,ERR,ERR,ERR,ERR,ERR,ERR,ERR,ERR,ERR,ERR,ERR,ERR,ERR,ERR,ERR,ERR,ERR,ERR,ERR,ERR,ERR,ERR,ERR,ERR,ERR,ERR,ERR,ERR,ERR,ERR,ERR,ERR,ERR,ERR,ERR,ERR,ERR,ERR,ERR,ERR,ERR,ERR,ERR,ERR,ERR,ERR,ERR,ERR,ERR,ERR,ERR,ERR,ERR,ERR,ERR,ERR,ERR,ERR,ERR,ERR,ERR,ERR,-0.0,-0.0,0.0,0.059,0.0,1.3936040501711995e+18,7.805,-0.0,0,0,4,48899,6720,14723890282496.0,100,0.0,0.0,0.0,2.718290229135658e+23,0.0,0,0,0,0,0.0,0,0,0,0,0,0,0,0,0,0,0,0,0,0,0,0,0,0,0,0,0,0,0,0,0,0,0,0,0,0,0,0,0,26,51,50,76,65476,0,300,0,0,8,21553,0.0,-107605600.0,0.0,0.0,0.0,0.0,0.0,0.0,0.0,0.0,0.0,0.0,0.0,0.0,0.0,0.0,0.0,0.0,0.0,0.0,0.0,0.0,0.0,-2.004,0.0,-0.0,0.0,0.0,0.0,0.0,4766.0,8608174080.0,7306.0,-0.0,-0.0,-107615360.0,0.0,0.0,0.0,0.0,0.0,77,-0.0,-0.0,0.0,0.0,0.0,0.0,0.0,0.0,0.0,0,0,0,0.0,0.0,0.0,0.0,0.0,0.0,0.0,0.0,0.0,0.0,0.0,0.0,0.0,0.0,0.0,0.0,0,-107875648.0,77,0.0,154,0.0,-0.0,ERR,ERR,ERR,ERR,ERR,ERR,ERR,ERR,ERR,ERR,ERR,ERR,ERR,ERR,ERR,ERR,ERR,ERR,ERR,ERR,ERR,ERR,ERR,ERR,ERR,ERR,ERR,ERR,ERR,ERR,ERR,ERR,ERR,ERR,ERR,ERR,ERR,ERR,ERR,ERR,ERR,ERR,ERR,ERR,ERR,ERR,ERR,ERR,ERR,ERR,ERR,ERR,ERR,ERR,ERR,ERR,ERR,ERR,ERR,ERR,ERR,ERR,ERR,ERR,ERR,ERR,ERR,34.0,80.0,35,0.0,0.0,0.0,0.0,0.0,0.0,0.0,0.0,0.0,0.0,0.0,0.0,0.0,0.0,0.0,0.0,66.0,0,120,58,54,65476,0,300,0,0,8,20529,65476,0,0,57672,80.0,0.0,0.0,0.0,0.0,0.0
2026-06-18T02:19:50,ERR,ERR,ERR,ERR,ERR,ERR,ERR,ERR,ERR,ERR,ERR,ERR,ERR,ERR,ERR,ERR,ERR,ERR,ERR,ERR,ERR,ERR,ERR,ERR,ERR,ERR,ERR,ERR,ERR,ERR,ERR,ERR,ERR,ERR,ERR,ERR,ERR,ERR,ERR,ERR,ERR,ERR,ERR,ERR,ERR,ERR,ERR,ERR,ERR,ERR,ERR,ERR,ERR,ERR,ERR,ERR,ERR,ERR,ERR,ERR,ERR,ERR,ERR,ERR,ERR,ERR,ERR,ERR,ERR,ERR,ERR,ERR,ERR,ERR,ERR,ERR,ERR,ERR,ERR,ERR,ERR,ERR,ERR,ERR,ERR,ERR,ERR,ERR,ERR,ERR,ERR,ERR,ERR,ERR,ERR,ERR,ERR,ERR,ERR,ERR,ERR,ERR,ERR,ERR,ERR,ERR,ERR,ERR,ERR,ERR,ERR,ERR,ERR,ERR,ERR,ERR,ERR,ERR,ERR,ERR,ERR,ERR,ERR,ERR,ERR,-0.0,-0.0,0.0,0.059,0.0,1.3936040501711995e+18,7.805,-0.0,0,0,4,48899,6720,14723890282496.0,100,0.0,0.0,0.0,2.718290229135658e+23,0.0,0,0,0,0,0.0,0,0,0,0,0,0,0,0,0,0,0,0,0,0,0,0,0,0,0,0,0,0,0,0,0,0,0,0,0,0,0,0,0,26,51,50,76,65476,0,300,0,0,8,21553,0.0,-107605600.0,0.0,0.0,0.0,0.0,0.0,0.0,0.0,0.0,0.0,0.0,0.0,0.0,0.0,0.0,0.0,0.0,0.0,0.0,0.0,0.0,0.0,-2.004,0.0,-0.0,0.0,0.0,0.0,0.0,4766.0,8608174080.0,7306.0,-0.0,-0.0,-107615360.0,0.0,0.0,0.0,0.0,0.0,77,-0.0,-0.0,0.0,0.0,0.0,0.0,0.0,0.0,0.0,0,0,0,0.0,0.0,0.0,0.0,0.0,0.0,0.0,0.0,0.0,0.0,0.0,0.0,0.0,0.0,0.0,0.0,0,-107875648.0,77,0.0,154,0.0,-0.0,ERR,ERR,ERR,ERR,ERR,ERR,ERR,ERR,ERR,ERR,ERR,ERR,ERR,ERR,ERR,ERR,ERR,ERR,ERR,ERR,ERR,ERR,ERR,ERR,ERR,ERR,ERR,ERR,ERR,ERR,ERR,ERR,ERR,ERR,ERR,ERR,ERR,ERR,ERR,ERR,ERR,ERR,ERR,ERR,ERR,ERR,ERR,ERR,ERR,ERR,ERR,ERR,ERR,ERR,ERR,ERR,ERR,ERR,ERR,ERR,ERR,ERR,ERR,ERR,ERR,ERR,ERR,34.0,80.0,35,0.0,0.0,0.0,0.0,0.0,0.0,0.0,0.0,0.0,0.0,0.0,0.0,0.0,0.0,0.0,0.0,66.0,0,120,58,54,65476,0,300,0,0,8,20529,65476,0,0,57672,80.0,0.0,0.0,0.0,0.0,0.0
2026-06-18T02:19:51,ERR,ERR,ERR,ERR,ERR,ERR,ERR,ERR,ERR,ERR,ERR,ERR,ERR,ERR,ERR,ERR,ERR,ERR,ERR,ERR,ERR,ERR,ERR,ERR,ERR,ERR,ERR,ERR,ERR,ERR,ERR,ERR,ERR,ERR,ERR,ERR,ERR,ERR,ERR,ERR,ERR,ERR,ERR,ERR,ERR,ERR,ERR,ERR,ERR,ERR,ERR,ERR,ERR,ERR,ERR,ERR,ERR,ERR,ERR,ERR,ERR,ERR,ERR,ERR,ERR,ERR,ERR,ERR,ERR,ERR,ERR,ERR,ERR,ERR,ERR,ERR,ERR,ERR,ERR,ERR,ERR,ERR,ERR,ERR,ERR,ERR,ERR,ERR,ERR,ERR,ERR,ERR,ERR,ERR,ERR,ERR,ERR,ERR,ERR,ERR,ERR,ERR,ERR,ERR,ERR,ERR,ERR,ERR,ERR,ERR,ERR,ERR,ERR,ERR,ERR,ERR,ERR,ERR,ERR,ERR,ERR,ERR,ERR,ERR,ERR,-0.0,-0.0,0.0,0.059,0.0,1.3936040501711995e+18,7.805,-0.0,0,0,4,48899,6720,14723890282496.0,100,0.0,0.0,0.0,2.718290229135658e+23,0.0,0,0,0,0,0.0,0,0,0,0,0,0,0,0,0,0,0,0,0,0,0,0,0,0,0,0,0,0,0,0,0,0,0,0,0,0,0,0,0,26,51,50,76,65476,0,300,0,0,8,21553,0.0,-107605600.0,0.0,0.0,0.0,0.0,0.0,0.0,0.0,0.0,0.0,0.0,0.0,0.0,0.0,0.0,0.0,0.0,0.0,0.0,0.0,0.0,0.0,-2.004,0.0,-0.0,0.0,0.0,0.0,0.0,4766.0,8608174080.0,7306.0,-0.0,-0.0,-107615360.0,0.0,0.0,0.0,0.0,0.0,77,-0.0,-0.0,0.0,0.0,0.0,0.0,0.0,0.0,0.0,0,0,0,0.0,0.0,0.0,0.0,0.0,0.0,0.0,0.0,0.0,0.0,0.0,0.0,0.0,0.0,0.0,0.0,0,-107875648.0,77,0.0,154,0.0,-0.0,ERR,ERR,ERR,ERR,ERR,ERR,ERR,ERR,ERR,ERR,ERR,ERR,ERR,ERR,ERR,ERR,ERR,ERR,ERR,ERR,ERR,ERR,ERR,ERR,ERR,ERR,ERR,ERR,ERR,ERR,ERR,ERR,ERR,ERR,ERR,ERR,ERR,ERR,ERR,ERR,ERR,ERR,ERR,ERR,ERR,ERR,ERR,ERR,ERR,ERR,ERR,ERR,ERR,ERR,ERR,ERR,ERR,ERR,ERR,ERR,ERR,ERR,ERR,ERR,ERR,ERR,ERR,34.0,80.0,35,0.0,0.0,0.0,0.0,0.0,0.0,0.0,0.0,0.0,0.0,0.0,0.0,0.0,0.0,0.0,0.0,66.0,0,120,58,54,65476,0,300,0,0,8,20529,65476,0,0,57672,80.0,0.0,0.0,0.0,0.0,0.0
2026-06-18T02:19:52,ERR,ERR,ERR,ERR,ERR,ERR,ERR,ERR,ERR,ERR,ERR,ERR,ERR,ERR,ERR,ERR,ERR,ERR,ERR,ERR,ERR,ERR,ERR,ERR,ERR,ERR,ERR,ERR,ERR,ERR,ERR,ERR,ERR,ERR,ERR,ERR,ERR,ERR,ERR,ERR,ERR,ERR,ERR,ERR,ERR,ERR,ERR,ERR,ERR,ERR,ERR,ERR,ERR,ERR,ERR,ERR,ERR,ERR,ERR,ERR,ERR,ERR,ERR,ERR,ERR,ERR,ERR,ERR,ERR,ERR,ERR,ERR,ERR,ERR,ERR,ERR,ERR,ERR,ERR,ERR,ERR,ERR,ERR,ERR,ERR,ERR,ERR,ERR,ERR,ERR,ERR,ERR,ERR,ERR,ERR,ERR,ERR,ERR,ERR,ERR,ERR,ERR,ERR,ERR,ERR,ERR,ERR,ERR,ERR,ERR,ERR,ERR,ERR,ERR,ERR,ERR,ERR,ERR,ERR,ERR,ERR,ERR,ERR,ERR,ERR,-0.0,-0.0,0.0,0.059,0.0,1.3936040501711995e+18,7.805,-0.0,0,0,4,48899,6720,14723890282496.0,100,0.0,0.0,0.0,2.718290229135658e+23,0.0,0,0,0,0,0.0,0,0,0,0,0,0,0,0,0,0,0,0,0,0,0,0,0,0,0,0,0,0,0,0,0,0,0,0,0,0,0,0,0,26,51,50,76,65476,0,300,0,0,8,21553,0.0,-107605600.0,0.0,0.0,0.0,0.0,0.0,0.0,0.0,0.0,0.0,0.0,0.0,0.0,0.0,0.0,0.0,0.0,0.0,0.0,0.0,0.0,0.0,-2.004,0.0,-0.0,0.0,0.0,0.0,0.0,4766.0,8608174080.0,7306.0,-0.0,-0.0,-107615360.0,0.0,0.0,0.0,0.0,0.0,77,-0.0,-0.0,0.0,0.0,0.0,0.0,0.0,0.0,0.0,0,0,0,0.0,0.0,0.0,0.0,0.0,0.0,0.0,0.0,0.0,0.0,0.0,0.0,0.0,0.0,0.0,0.0,0,-107875648.0,77,0.0,154,0.0,-0.0,ERR,ERR,ERR,ERR,ERR,ERR,ERR,ERR,ERR,ERR,ERR,ERR,ERR,ERR,ERR,ERR,ERR,ERR,ERR,ERR,ERR,ERR,ERR,ERR,ERR,ERR,ERR,ERR,ERR,ERR,ERR,ERR,ERR,ERR,ERR,ERR,ERR,ERR,ERR,ERR,ERR,ERR,ERR,ERR,ERR,ERR,ERR,ERR,ERR,ERR,ERR,ERR,ERR,ERR,ERR,ERR,ERR,ERR,ERR,ERR,ERR,ERR,ERR,ERR,ERR,ERR,ERR,34.0,80.0,35,0.0,0.0,0.0,0.0,0.0,0.0,0.0,0.0,0.0,0.0,0.0,0.0,0.0,0.0,0.0,0.0,66.0,0,120,58,54,65476,0,300,0,0,8,20529,65476,0,0,57672,80.0,0.0,0.0,0.0,0.0,0.0
2026-06-18T02:19:53,ERR,ERR,ERR,ERR,ERR,ERR,ERR,ERR,ERR,ERR,ERR,ERR,ERR,ERR,ERR,ERR,ERR,ERR,ERR,ERR,ERR,ERR,ERR,ERR,ERR,ERR,ERR,ERR,ERR,ERR,ERR,ERR,ERR,ERR,ERR,ERR,ERR,ERR,ERR,ERR,ERR,ERR,ERR,ERR,ERR,ERR,ERR,ERR,ERR,ERR,ERR,ERR,ERR,ERR,ERR,ERR,ERR,ERR,ERR,ERR,ERR,ERR,ERR,ERR,ERR,ERR,ERR,ERR,ERR,ERR,ERR,ERR,ERR,ERR,ERR,ERR,ERR,ERR,ERR,ERR,ERR,ERR,ERR,ERR,ERR,ERR,ERR,ERR,ERR,ERR,ERR,ERR,ERR,ERR,ERR,ERR,ERR,ERR,ERR,ERR,ERR,ERR,ERR,ERR,ERR,ERR,ERR,ERR,ERR,ERR,ERR,ERR,ERR,ERR,ERR,ERR,ERR,ERR,ERR,ERR,ERR,ERR,ERR,ERR,ERR,-0.0,2.718431101732002e+23,-0.0,-0.0,-0.0,1.3936040501711995e+18,7.805,-0.0,0,0,4,48899,6720,14723890282496.0,100,0.0,0.0,0.0,-0.0,0.0,0,0,0,0,0.0,0,0,0,0,0,0,0,0,0,0,0,0,0,0,0,0,0,0,0,0,0,0,0,0,0,0,0,0,0,0,0,0,0,26,51,50,76,65476,0,300,0,0,8,21553,0.0,-107605600.0,0.0,0.0,0.0,0.0,0.0,0.0,0.0,0.0,0.0,0.0,0.0,0.0,0.0,0.0,0.0,0.0,0.0,0.0,0.0,0.0,0.0,-0.0,0.0,-0.0,0.0,0.0,0.0,0.0,4765.0,564145296506880.0,7307.0,-0.0,-0.0,-107615360.0,0.0,0.0,0.0,0.0,0.0,77,-0.0,-2.3088261162012456e+20,0.0,0.0,0.0,0.0,0.0,0.0,0.0,0,0,0,0.0,0.0,0.0,0.0,0.0,0.0,0.0,0.0,0.0,0.0,0.0,0.0,0.0,0.0,0.0,0.0,0,-107875648.0,77,0.0,154,0.0,-0.0,ERR,ERR,ERR,ERR,ERR,ERR,ERR,ERR,ERR,ERR,ERR,ERR,ERR,ERR,ERR,ERR,ERR,ERR,ERR,ERR,ERR,ERR,ERR,ERR,ERR,ERR,ERR,ERR,ERR,ERR,ERR,ERR,ERR,ERR,ERR,ERR,ERR,ERR,ERR,ERR,ERR,ERR,ERR,ERR,ERR,ERR,ERR,ERR,ERR,ERR,ERR,ERR,ERR,ERR,ERR,ERR,ERR,ERR,ERR,ERR,ERR,ERR,ERR,ERR,ERR,ERR,ERR,34.0,80.0,35,0.0,0.0,0.0,0.0,0.0,0.0,0.0,0.0,0.0,0.0,0.0,0.0,0.0,0.0,0.0,0.0,66.0,0,120,58,54,65476,0,300,0,0,8,20529,65476,0,0,57672,80.0,0.0,0.0,0.0,0.0,0.0
2026-06-18T02:19:54,ERR,ERR,ERR,ERR,ERR,ERR,ERR,ERR,ERR,ERR,ERR,ERR,ERR,ERR,ERR,ERR,ERR,ERR,ERR,ERR,ERR,ERR,ERR,ERR,ERR,ERR,ERR,ERR,ERR,ERR,ERR,ERR,ERR,ERR,ERR,ERR,ERR,ERR,ERR,ERR,ERR,ERR,ERR,ERR,ERR,ERR,ERR,ERR,ERR,ERR,ERR,ERR,ERR,ERR,ERR,ERR,ERR,ERR,ERR,ERR,ERR,ERR,ERR,ERR,ERR,ERR,ERR,ERR,ERR,ERR,ERR,ERR,ERR,ERR,ERR,ERR,ERR,ERR,ERR,ERR,ERR,ERR,ERR,ERR,ERR,ERR,ERR,ERR,ERR,ERR,ERR,ERR,ERR,ERR,ERR,ERR,ERR,ERR,ERR,ERR,ERR,ERR,ERR,ERR,ERR,ERR,ERR,ERR,ERR,ERR,ERR,ERR,ERR,ERR,ERR,ERR,ERR,ERR,ERR,ERR,ERR,ERR,ERR,ERR,ERR,-0.0,2.718431101732002e+23,-0.0,-0.0,-0.0,1.3936040501711995e+18,7.805,-0.0,0,0,4,48899,6720,14723890282496.0,100,0.0,0.0,0.0,-0.0,0.0,0,0,0,0,0.0,0,0,0,0,0,0,0,0,0,0,0,0,0,0,0,0,0,0,0,0,0,0,0,0,0,0,0,0,0,0,0,0,0,26,51,50,76,65476,0,300,0,0,8,21553,0.0,-107605600.0,0.0,0.0,0.0,0.0,0.0,0.0,0.0,0.0,0.0,0.0,0.0,0.0,0.0,0.0,0.0,0.0,0.0,0.0,0.0,0.0,0.0,-0.0,0.0,-0.0,0.0,0.0,0.0,0.0,4765.0,564145296506880.0,7307.0,-0.0,-0.0,-107615360.0,0.0,0.0,0.0,0.0,0.0,77,-0.0,-2.3088261162012456e+20,0.0,0.0,0.0,0.0,0.0,0.0,0.0,0,0,0,0.0,0.0,0.0,0.0,0.0,0.0,0.0,0.0,0.0,0.0,0.0,0.0,0.0,0.0,0.0,0.0,0,-107875648.0,77,0.0,154,0.0,-0.0,ERR,ERR,ERR,ERR,ERR,ERR,ERR,ERR,ERR,ERR,ERR,ERR,ERR,ERR,ERR,ERR,ERR,ERR,ERR,ERR,ERR,ERR,ERR,ERR,ERR,ERR,ERR,ERR,ERR,ERR,ERR,ERR,ERR,ERR,ERR,ERR,ERR,ERR,ERR,ERR,ERR,ERR,ERR,ERR,ERR,ERR,ERR,ERR,ERR,ERR,ERR,ERR,ERR,ERR,ERR,ERR,ERR,ERR,ERR,ERR,ERR,ERR,ERR,ERR,ERR,ERR,ERR,34.0,80.0,35,0.0,0.0,0.0,0.0,0.0,0.0,0.0,0.0,0.0,0.0,0.0,0.0,0.0,0.0,0.0,0.0,66.0,0,120,58,54,65476,0,300,0,0,8,20529,65476,0,0,57672,80.0,0.0,0.0,0.0,0.0,0.0
2026-06-18T02:19:55,ERR,ERR,ERR,ERR,ERR,ERR,ERR,ERR,ERR,ERR,ERR,ERR,ERR,ERR,ERR,ERR,ERR,ERR,ERR,ERR,ERR,ERR,ERR,ERR,ERR,ERR,ERR,ERR,ERR,ERR,ERR,ERR,ERR,ERR,ERR,ERR,ERR,ERR,ERR,ERR,ERR,ERR,ERR,ERR,ERR,ERR,ERR,ERR,ERR,ERR,ERR,ERR,ERR,ERR,ERR,ERR,ERR,ERR,ERR,ERR,ERR,ERR,ERR,ERR,ERR,ERR,ERR,ERR,ERR,ERR,ERR,ERR,ERR,ERR,ERR,ERR,ERR,ERR,ERR,ERR,ERR,ERR,ERR,ERR,ERR,ERR,ERR,ERR,ERR,ERR,ERR,ERR,ERR,ERR,ERR,ERR,ERR,ERR,ERR,ERR,ERR,ERR,ERR,ERR,ERR,ERR,ERR,ERR,ERR,ERR,ERR,ERR,ERR,ERR,ERR,ERR,ERR,ERR,ERR,ERR,ERR,ERR,ERR,ERR,ERR,-0.0,2.718431101732002e+23,-0.0,-0.0,-0.0,1.3936040501711995e+18,7.805,-0.0,0,0,4,48899,6720,14723890282496.0,100,0.0,0.0,0.0,-0.0,0.0,0,0,0,0,0.0,0,0,0,0,0,0,0,0,0,0,0,0,0,0,0,0,0,0,0,0,0,0,0,0,0,0,0,0,0,0,0,0,0,26,51,50,76,65476,0,300,0,0,8,21553,0.0,-107605600.0,0.0,0.0,0.0,0.0,0.0,0.0,0.0,0.0,0.0,0.0,0.0,0.0,0.0,0.0,0.0,0.0,0.0,0.0,0.0,0.0,0.0,-0.0,0.0,-0.0,0.0,0.0,0.0,0.0,4765.0,564145296506880.0,7307.0,-0.0,-0.0,-107615360.0,0.0,0.0,0.0,0.0,0.0,77,-0.0,-2.3088261162012456e+20,0.0,0.0,0.0,0.0,0.0,0.0,0.0,0,0,0,0.0,0.0,0.0,0.0,0.0,0.0,0.0,0.0,0.0,0.0,0.0,0.0,0.0,0.0,0.0,0.0,0,-107875648.0,77,0.0,154,0.0,-0.0,ERR,ERR,ERR,ERR,ERR,ERR,ERR,ERR,ERR,ERR,ERR,ERR,ERR,ERR,ERR,ERR,ERR,ERR,ERR,ERR,ERR,ERR,ERR,ERR,ERR,ERR,ERR,ERR,ERR,ERR,ERR,ERR,ERR,ERR,ERR,ERR,ERR,ERR,ERR,ERR,ERR,ERR,ERR,ERR,ERR,ERR,ERR,ERR,ERR,ERR,ERR,ERR,ERR,ERR,ERR,ERR,ERR,ERR,ERR,ERR,ERR,ERR,ERR,ERR,ERR,ERR,ERR,34.0,80.0,35,0.0,0.0,0.0,0.0,0.0,0.0,0.0,0.0,0.0,0.0,0.0,0.0,0.0,0.0,0.0,0.0,66.0,0,120,58,54,65476,0,300,0,0,8,20529,65476,0,0,57672,80.0,0.0,0.0,0.0,0.0,0.0
2026-06-18T02:19:56,ERR,ERR,ERR,ERR,ERR,ERR,ERR,ERR,ERR,ERR,ERR,ERR,ERR,ERR,ERR,ERR,ERR,ERR,ERR,ERR,ERR,ERR,ERR,ERR,ERR,ERR,ERR,ERR,ERR,ERR,ERR,ERR,ERR,ERR,ERR,ERR,ERR,ERR,ERR,ERR,ERR,ERR,ERR,ERR,ERR,ERR,ERR,ERR,ERR,ERR,ERR,ERR,ERR,ERR,ERR,ERR,ERR,ERR,ERR,ERR,ERR,ERR,ERR,ERR,ERR,ERR,ERR,ERR,ERR,ERR,ERR,ERR,ERR,ERR,ERR,ERR,ERR,ERR,ERR,ERR,ERR,ERR,ERR,ERR,ERR,ERR,ERR,ERR,ERR,ERR,ERR,ERR,ERR,ERR,ERR,ERR,ERR,ERR,ERR,ERR,ERR,ERR,ERR,ERR,ERR,ERR,ERR,ERR,ERR,ERR,ERR,ERR,ERR,ERR,ERR,ERR,ERR,ERR,ERR,ERR,ERR,ERR,ERR,ERR,ERR,-0.0,2.718431101732002e+23,-0.0,-0.0,-0.0,1.3936040501711995e+18,7.805,-0.0,0,0,4,48899,6720,14723890282496.0,100,0.0,0.0,0.0,-0.0,0.0,0,0,0,0,0.0,0,0,0,0,0,0,0,0,0,0,0,0,0,0,0,0,0,0,0,0,0,0,0,0,0,0,0,0,0,0,0,0,0,26,51,50,76,65476,0,300,0,0,8,21553,0.0,-107605600.0,0.0,0.0,0.0,0.0,0.0,0.0,0.0,0.0,0.0,0.0,0.0,0.0,0.0,0.0,0.0,0.0,0.0,0.0,0.0,0.0,0.0,-0.0,0.0,-0.0,0.0,0.0,0.0,0.0,4765.0,564145296506880.0,7307.0,-0.0,-0.0,-107615360.0,0.0,0.0,0.0,0.0,0.0,77,-0.0,-2.3088261162012456e+20,0.0,0.0,0.0,0.0,0.0,0.0,0.0,0,0,0,0.0,0.0,0.0,0.0,0.0,0.0,0.0,0.0,0.0,0.0,0.0,0.0,0.0,0.0,0.0,0.0,0,-107875648.0,77,0.0,154,0.0,-0.0,ERR,ERR,ERR,ERR,ERR,ERR,ERR,ERR,ERR,ERR,ERR,ERR,ERR,ERR,ERR,ERR,ERR,ERR,ERR,ERR,ERR,ERR,ERR,ERR,ERR,ERR,ERR,ERR,ERR,ERR,ERR,ERR,ERR,ERR,ERR,ERR,ERR,ERR,ERR,ERR,ERR,ERR,ERR,ERR,ERR,ERR,ERR,ERR,ERR,ERR,ERR,ERR,ERR,ERR,ERR,ERR,ERR,ERR,ERR,ERR,ERR,ERR,ERR,ERR,ERR,ERR,ERR,34.0,80.0,35,0.0,0.0,0.0,0.0,0.0,0.0,0.0,0.0,0.0,0.0,0.0,0.0,0.0,0.0,0.0,0.0,66.0,0,120,58,54,65476,0,300,0,0,8,20529,65476,0,0,57672,80.0,0.0,0.0,0.0,0.0,0.0
2026-06-18T02:19:57,ERR,ERR,ERR,ERR,ERR,ERR,ERR,ERR,ERR,ERR,ERR,ERR,ERR,ERR,ERR,ERR,ERR,ERR,ERR,ERR,ERR,ERR,ERR,ERR,ERR,ERR,ERR,ERR,ERR,ERR,ERR,ERR,ERR,ERR,ERR,ERR,ERR,ERR,ERR,ERR,ERR,ERR,ERR,ERR,ERR,ERR,ERR,ERR,ERR,ERR,ERR,ERR,ERR,ERR,ERR,ERR,ERR,ERR,ERR,ERR,ERR,ERR,ERR,ERR,ERR,ERR,ERR,ERR,ERR,ERR,ERR,ERR,ERR,ERR,ERR,ERR,ERR,ERR,ERR,ERR,ERR,ERR,ERR,ERR,ERR,ERR,ERR,ERR,ERR,ERR,ERR,ERR,ERR,ERR,ERR,ERR,ERR,ERR,ERR,ERR,ERR,ERR,ERR,ERR,ERR,ERR,ERR,ERR,ERR,ERR,ERR,ERR,ERR,ERR,ERR,ERR,ERR,ERR,ERR,ERR,ERR,ERR,ERR,ERR,ERR,-0.0,2.718431101732002e+23,-0.0,-0.0,-0.0,1.3936040501711995e+18,7.805,-0.0,0,0,4,48899,6720,14723890282496.0,100,0.0,0.0,0.0,-0.0,0.0,0,0,0,0,0.0,0,0,0,0,0,0,0,0,0,0,0,0,0,0,0,0,0,0,0,0,0,0,0,0,0,0,0,0,0,0,0,0,0,26,51,50,76,65476,0,300,0,0,8,21553,0.0,-107605600.0,0.0,0.0,0.0,0.0,0.0,0.0,0.0,0.0,0.0,0.0,0.0,0.0,0.0,0.0,0.0,0.0,0.0,0.0,0.0,0.0,0.0,-0.0,0.0,-0.0,0.0,0.0,0.0,0.0,4765.0,564145296506880.0,7307.0,-0.0,-0.0,-107615360.0,0.0,0.0,0.0,0.0,0.0,77,-0.0,-2.3088261162012456e+20,0.0,0.0,0.0,0.0,0.0,0.0,0.0,0,0,0,0.0,0.0,0.0,0.0,0.0,0.0,0.0,0.0,0.0,0.0,0.0,0.0,0.0,0.0,0.0,0.0,0,-107875648.0,77,0.0,154,0.0,-0.0,ERR,ERR,ERR,ERR,ERR,ERR,ERR,ERR,ERR,ERR,ERR,ERR,ERR,ERR,ERR,ERR,ERR,ERR,ERR,ERR,ERR,ERR,ERR,ERR,ERR,ERR,ERR,ERR,ERR,ERR,ERR,ERR,ERR,ERR,ERR,ERR,ERR,ERR,ERR,ERR,ERR,ERR,ERR,ERR,ERR,ERR,ERR,ERR,ERR,ERR,ERR,ERR,ERR,ERR,ERR,ERR,ERR,ERR,ERR,ERR,ERR,ERR,ERR,ERR,ERR,ERR,ERR,34.0,80.0,35,0.0,0.0,0.0,0.0,0.0,0.0,0.0,0.0,0.0,0.0,0.0,0.0,0.0,0.0,0.0,0.0,66.0,0,120,58,54,65476,0,300,0,0,8,20529,65476,0,0,57672,80.0,0.0,0.0,0.0,0.0,0.0
2026-06-18T02:19:58,ERR,ERR,ERR,ERR,ERR,ERR,ERR,ERR,ERR,ERR,ERR,ERR,ERR,ERR,ERR,ERR,ERR,ERR,ERR,ERR,ERR,ERR,ERR,ERR,ERR,ERR,ERR,ERR,ERR,ERR,ERR,ERR,ERR,ERR,ERR,ERR,ERR,ERR,ERR,ERR,ERR,ERR,ERR,ERR,ERR,ERR,ERR,ERR,ERR,ERR,ERR,ERR,ERR,ERR,ERR,ERR,ERR,ERR,ERR,ERR,ERR,ERR,ERR,ERR,ERR,ERR,ERR,ERR,ERR,ERR,ERR,ERR,ERR,ERR,ERR,ERR,ERR,ERR,ERR,ERR,ERR,ERR,ERR,ERR,ERR,ERR,ERR,ERR,ERR,ERR,ERR,ERR,ERR,ERR,ERR,ERR,ERR,ERR,ERR,ERR,ERR,ERR,ERR,ERR,ERR,ERR,ERR,ERR,ERR,ERR,ERR,ERR,ERR,ERR,ERR,ERR,ERR,ERR,ERR,ERR,ERR,ERR,ERR,ERR,ERR,-0.0,2.718431101732002e+23,-0.0,-0.0,-0.0,1.3936040501711995e+18,7.805,-0.0,0,0,4,48899,6720,14723890282496.0,100,0.0,0.0,0.0,-0.0,0.0,0,0,0,0,0.0,0,0,0,0,0,0,0,0,0,0,0,0,0,0,0,0,0,0,0,0,0,0,0,0,0,0,0,0,0,0,0,0,0,26,51,50,76,65476,0,300,0,0,8,21553,0.0,-107605600.0,0.0,0.0,0.0,0.0,0.0,0.0,0.0,0.0,0.0,0.0,0.0,0.0,0.0,0.0,0.0,0.0,0.0,0.0,0.0,0.0,0.0,-0.0,0.0,-0.0,0.0,0.0,0.0,0.0,4765.0,564145296506880.0,7307.0,-0.0,-0.0,-107615360.0,0.0,0.0,0.0,0.0,0.0,77,-0.0,-2.3088261162012456e+20,0.0,0.0,0.0,0.0,0.0,0.0,0.0,0,0,0,0.0,0.0,0.0,0.0,0.0,0.0,0.0,0.0,0.0,0.0,0.0,0.0,0.0,0.0,0.0,0.0,0,-107875648.0,77,0.0,154,0.0,-0.0,ERR,ERR,ERR,ERR,ERR,ERR,ERR,ERR,ERR,ERR,ERR,ERR,ERR,ERR,ERR,ERR,ERR,ERR,ERR,ERR,ERR,ERR,ERR,ERR,ERR,ERR,ERR,ERR,ERR,ERR,ERR,ERR,ERR,ERR,ERR,ERR,ERR,ERR,ERR,ERR,ERR,ERR,ERR,ERR,ERR,ERR,ERR,ERR,ERR,ERR,ERR,ERR,ERR,ERR,ERR,ERR,ERR,ERR,ERR,ERR,ERR,ERR,ERR,ERR,ERR,ERR,ERR,34.0,80.0,35,0.0,0.0,0.0,0.0,0.0,0.0,0.0,0.0,0.0,0.0,0.0,0.0,0.0,0.0,0.0,0.0,66.4,0,120,58,54,65476,0,300,0,0,8,20529,65476,0,0,57672,80.0,0.0,0.0,0.0,0.0,0.0
2026-06-18T02:19:59,ERR,ERR,ERR,ERR,ERR,ERR,ERR,ERR,ERR,ERR,ERR,ERR,ERR,ERR,ERR,ERR,ERR,ERR,ERR,ERR,ERR,ERR,ERR,ERR,ERR,ERR,ERR,ERR,ERR,ERR,ERR,ERR,ERR,ERR,ERR,ERR,ERR,ERR,ERR,ERR,ERR,ERR,ERR,ERR,ERR,ERR,ERR,ERR,ERR,ERR,ERR,ERR,ERR,ERR,ERR,ERR,ERR,ERR,ERR,ERR,ERR,ERR,ERR,ERR,ERR,ERR,ERR,ERR,ERR,ERR,ERR,ERR,ERR,ERR,ERR,ERR,ERR,ERR,ERR,ERR,ERR,ERR,ERR,ERR,ERR,ERR,ERR,ERR,ERR,ERR,ERR,ERR,ERR,ERR,ERR,ERR,ERR,ERR,ERR,ERR,ERR,ERR,ERR,ERR,ERR,ERR,ERR,ERR,ERR,ERR,ERR,ERR,ERR,ERR,ERR,ERR,ERR,ERR,ERR,ERR,ERR,ERR,ERR,ERR,ERR,-0.0,-0.0,0.0,-4.9501291711397626e+32,-2.012,1.3936040501711995e+18,7.805,8.558351388217734e+28,0,0,4,48927,6720,14723890282496.0,100,0.0,0.0,0.0,0.0,0.0,0,0,0,0,0.0,0,0,0,0,0,0,0,0,0,0,0,0,0,0,0,0,0,0,0,0,0,0,0,0,0,0,0,0,0,0,0,0,0,26,51,50,76,65476,0,300,0,0,8,21553,0.0,-107605600.0,0.0,0.0,0.0,0.0,0.0,0.0,0.0,0.0,0.0,0.0,0.0,0.0,0.0,0.0,0.0,0.0,0.0,0.0,0.0,0.0,0.0,-2.004,0.0,-0.0,0.0,0.0,0.0,0.0,4767.0,1.0406643905049406e+34,7311.0,-0.0,-0.0,-107615360.0,0.0,0.0,0.0,0.0,0.0,77,-0.0,0.0,0.0,0.0,0.0,0.0,0.0,0.0,0.0,0,0,0,0.0,0.0,0.0,0.0,0.0,0.0,0.0,0.0,0.0,0.0,0.0,0.0,0.0,0.0,0.0,0.0,0,-107875648.0,77,0.0,154,0.0,-0.0,ERR,ERR,ERR,ERR,ERR,ERR,ERR,ERR,ERR,ERR,ERR,ERR,ERR,ERR,ERR,ERR,ERR,ERR,ERR,ERR,ERR,ERR,ERR,ERR,ERR,ERR,ERR,ERR,ERR,ERR,ERR,ERR,ERR,ERR,ERR,ERR,ERR,ERR,ERR,ERR,ERR,ERR,ERR,ERR,ERR,ERR,ERR,ERR,ERR,ERR,ERR,ERR,ERR,ERR,ERR,ERR,ERR,ERR,ERR,ERR,ERR,ERR,ERR,ERR,ERR,ERR,ERR,34.0,80.0,35,0.0,0.0,0.0,0.0,0.0,0.0,0.0,0.0,0.0,0.0,0.0,0.0,0.0,0.0,0.0,0.0,66.4,0,120,58,54,65476,0,300,0,0,8,20529,65476,0,0,57672,80.0,0.0,0.0,0.0,0.0,0.0
2026-06-18T02:20:00,ERR,ERR,ERR,ERR,ERR,ERR,ERR,ERR,ERR,ERR,ERR,ERR,ERR,ERR,ERR,ERR,ERR,ERR,ERR,ERR,ERR,ERR,ERR,ERR,ERR,ERR,ERR,ERR,ERR,ERR,ERR,ERR,ERR,ERR,ERR,ERR,ERR,ERR,ERR,ERR,ERR,ERR,ERR,ERR,ERR,ERR,ERR,ERR,ERR,ERR,ERR,ERR,ERR,ERR,ERR,ERR,ERR,ERR,ERR,ERR,ERR,ERR,ERR,ERR,ERR,ERR,ERR,ERR,ERR,ERR,ERR,ERR,ERR,ERR,ERR,ERR,ERR,ERR,ERR,ERR,ERR,ERR,ERR,ERR,ERR,ERR,ERR,ERR,ERR,ERR,ERR,ERR,ERR,ERR,ERR,ERR,ERR,ERR,ERR,ERR,ERR,ERR,ERR,ERR,ERR,ERR,ERR,ERR,ERR,ERR,ERR,ERR,ERR,ERR,ERR,ERR,ERR,ERR,ERR,ERR,ERR,ERR,ERR,ERR,ERR,-0.0,-0.0,0.0,-4.9501291711397626e+32,-2.012,1.3936040501711995e+18,7.805,8.558351388217734e+28,0,0,4,48927,6720,14723890282496.0,100,0.0,0.0,0.0,0.0,0.0,0,0,0,0,0.0,0,0,0,0,0,0,0,0,0,0,0,0,0,0,0,0,0,0,0,0,0,0,0,0,0,0,0,0,0,0,0,0,0,26,51,50,76,65476,0,300,0,0,8,21553,0.0,-107605600.0,0.0,0.0,0.0,0.0,0.0,0.0,0.0,0.0,0.0,0.0,0.0,0.0,0.0,0.0,0.0,0.0,0.0,0.0,0.0,0.0,0.0,-2.004,0.0,-0.0,0.0,0.0,0.0,0.0,4767.0,1.0406643905049406e+34,7311.0,-0.0,-0.0,-107615360.0,0.0,0.0,0.0,0.0,0.0,77,-0.0,0.0,0.0,0.0,0.0,0.0,0.0,0.0,0.0,0,0,0,0.0,0.0,0.0,0.0,0.0,0.0,0.0,0.0,0.0,0.0,0.0,0.0,0.0,0.0,0.0,0.0,0,-107875648.0,77,0.0,154,0.0,-0.0,ERR,ERR,ERR,ERR,ERR,ERR,ERR,ERR,ERR,ERR,ERR,ERR,ERR,ERR,ERR,ERR,ERR,ERR,ERR,ERR,ERR,ERR,ERR,ERR,ERR,ERR,ERR,ERR,ERR,ERR,ERR,ERR,ERR,ERR,ERR,ERR,ERR,ERR,ERR,ERR,ERR,ERR,ERR,ERR,ERR,ERR,ERR,ERR,ERR,ERR,ERR,ERR,ERR,ERR,ERR,ERR,ERR,ERR,ERR,ERR,ERR,ERR,ERR,ERR,ERR,ERR,ERR,34.0,80.0,35,0.0,0.0,0.0,0.0,0.0,0.0,0.0,0.0,0.0,0.0,0.0,0.0,0.0,0.0,0.0,0.0,66.4,0,120,58,54,65476,0,300,0,0,8,20529,65476,0,0,57672,80.0,0.0,0.0,0.0,0.0,0.0
2026-06-18T02:20:01,ERR,ERR,ERR,ERR,ERR,ERR,ERR,ERR,ERR,ERR,ERR,ERR,ERR,ERR,ERR,ERR,ERR,ERR,ERR,ERR,ERR,ERR,ERR,ERR,ERR,ERR,ERR,ERR,ERR,ERR,ERR,ERR,ERR,ERR,ERR,ERR,ERR,ERR,ERR,ERR,ERR,ERR,ERR,ERR,ERR,ERR,ERR,ERR,ERR,ERR,ERR,ERR,ERR,ERR,ERR,ERR,ERR,ERR,ERR,ERR,ERR,ERR,ERR,ERR,ERR,ERR,ERR,ERR,ERR,ERR,ERR,ERR,ERR,ERR,ERR,ERR,ERR,ERR,ERR,ERR,ERR,ERR,ERR,ERR,ERR,ERR,ERR,ERR,ERR,ERR,ERR,ERR,ERR,ERR,ERR,ERR,ERR,ERR,ERR,ERR,ERR,ERR,ERR,ERR,ERR,ERR,ERR,ERR,ERR,ERR,ERR,ERR,ERR,ERR,ERR,ERR,ERR,ERR,ERR,ERR,ERR,ERR,ERR,ERR,ERR,-0.0,-0.0,0.0,-4.9501291711397626e+32,-2.012,1.3936040501711995e+18,7.805,8.558351388217734e+28,0,0,4,48927,6720,14723890282496.0,100,0.0,0.0,0.0,0.0,0.0,0,0,0,0,0.0,0,0,0,0,0,0,0,0,0,0,0,0,0,0,0,0,0,0,0,0,0,0,0,0,0,0,0,0,0,0,0,0,0,26,51,50,76,65476,0,300,0,0,8,21553,0.0,-107605600.0,0.0,0.0,0.0,0.0,0.0,0.0,0.0,0.0,0.0,0.0,0.0,0.0,0.0,0.0,0.0,0.0,0.0,0.0,0.0,0.0,0.0,-2.004,0.0,-0.0,0.0,0.0,0.0,0.0,4767.0,1.0406643905049406e+34,7311.0,-0.0,-0.0,-107615360.0,0.0,0.0,0.0,0.0,0.0,77,-0.0,0.0,0.0,0.0,0.0,0.0,0.0,0.0,0.0,0,0,0,0.0,0.0,0.0,0.0,0.0,0.0,0.0,0.0,0.0,0.0,0.0,0.0,0.0,0.0,0.0,0.0,0,-107875648.0,77,0.0,154,0.0,-0.0,ERR,ERR,ERR,ERR,ERR,ERR,ERR,ERR,ERR,ERR,ERR,ERR,ERR,ERR,ERR,ERR,ERR,ERR,ERR,ERR,ERR,ERR,ERR,ERR,ERR,ERR,ERR,ERR,ERR,ERR,ERR,ERR,ERR,ERR,ERR,ERR,ERR,ERR,ERR,ERR,ERR,ERR,ERR,ERR,ERR,ERR,ERR,ERR,ERR,ERR,ERR,ERR,ERR,ERR,ERR,ERR,ERR,ERR,ERR,ERR,ERR,ERR,ERR,ERR,ERR,ERR,ERR,34.0,80.0,35,0.0,0.0,0.0,0.0,0.0,0.0,0.0,0.0,0.0,0.0,0.0,0.0,0.0,0.0,0.0,0.0,66.4,0,120,58,54,65476,0,300,0,0,8,20529,65476,0,0,57672,80.0,0.0,0.0,0.0,0.0,0.0
2026-06-18T02:20:02,ERR,ERR,ERR,ERR,ERR,ERR,ERR,ERR,ERR,ERR,ERR,ERR,ERR,ERR,ERR,ERR,ERR,ERR,ERR,ERR,ERR,ERR,ERR,ERR,ERR,ERR,ERR,ERR,ERR,ERR,ERR,ERR,ERR,ERR,ERR,ERR,ERR,ERR,ERR,ERR,ERR,ERR,ERR,ERR,ERR,ERR,ERR,ERR,ERR,ERR,ERR,ERR,ERR,ERR,ERR,ERR,ERR,ERR,ERR,ERR,ERR,ERR,ERR,ERR,ERR,ERR,ERR,ERR,ERR,ERR,ERR,ERR,ERR,ERR,ERR,ERR,ERR,ERR,ERR,ERR,ERR,ERR,ERR,ERR,ERR,ERR,ERR,ERR,ERR,ERR,ERR,ERR,ERR,ERR,ERR,ERR,ERR,ERR,ERR,ERR,ERR,ERR,ERR,ERR,ERR,ERR,ERR,ERR,ERR,ERR,ERR,ERR,ERR,ERR,ERR,ERR,ERR,ERR,ERR,ERR,ERR,ERR,ERR,ERR,ERR,-0.0,-0.0,0.0,-4.9501291711397626e+32,-2.012,1.3936040501711995e+18,7.805,8.558351388217734e+28,0,0,4,48927,6720,14723890282496.0,100,0.0,0.0,0.0,0.0,0.0,0,0,0,0,0.0,0,0,0,0,0,0,0,0,0,0,0,0,0,0,0,0,0,0,0,0,0,0,0,0,0,0,0,0,0,0,0,0,0,26,51,50,76,65476,0,300,0,0,8,21553,0.0,-107605600.0,0.0,0.0,0.0,0.0,0.0,0.0,0.0,0.0,0.0,0.0,0.0,0.0,0.0,0.0,0.0,0.0,0.0,0.0,0.0,0.0,0.0,-2.004,0.0,-0.0,0.0,0.0,0.0,0.0,4767.0,1.0406643905049406e+34,7311.0,-0.0,-0.0,-107615360.0,0.0,0.0,0.0,0.0,0.0,77,-0.0,0.0,0.0,0.0,0.0,0.0,0.0,0.0,0.0,0,0,0,0.0,0.0,0.0,0.0,0.0,0.0,0.0,0.0,0.0,0.0,0.0,0.0,0.0,0.0,0.0,0.0,0,-107875648.0,77,0.0,154,0.0,-0.0,ERR,ERR,ERR,ERR,ERR,ERR,ERR,ERR,ERR,ERR,ERR,ERR,ERR,ERR,ERR,ERR,ERR,ERR,ERR,ERR,ERR,ERR,ERR,ERR,ERR,ERR,ERR,ERR,ERR,ERR,ERR,ERR,ERR,ERR,ERR,ERR,ERR,ERR,ERR,ERR,ERR,ERR,ERR,ERR,ERR,ERR,ERR,ERR,ERR,ERR,ERR,ERR,ERR,ERR,ERR,ERR,ERR,ERR,ERR,ERR,ERR,ERR,ERR,ERR,ERR,ERR,ERR,34.0,80.0,35,0.0,0.0,0.0,0.0,0.0,0.0,0.0,0.0,0.0,0.0,0.0,0.0,0.0,0.0,0.0,0.0,66.4,0,120,58,54,65476,0,300,0,0,8,20529,65476,0,0,57672,80.0,0.0,0.0,0.0,0.0,0.0
2026-06-18T02:20:03,ERR,ERR,ERR,ERR,ERR,ERR,ERR,ERR,ERR,ERR,ERR,ERR,ERR,ERR,ERR,ERR,ERR,ERR,ERR,ERR,ERR,ERR,ERR,ERR,ERR,ERR,ERR,ERR,ERR,ERR,ERR,ERR,ERR,ERR,ERR,ERR,ERR,ERR,ERR,ERR,ERR,ERR,ERR,ERR,ERR,ERR,ERR,ERR,ERR,ERR,ERR,ERR,ERR,ERR,ERR,ERR,ERR,ERR,ERR,ERR,ERR,ERR,ERR,ERR,ERR,ERR,ERR,ERR,ERR,ERR,ERR,ERR,ERR,ERR,ERR,ERR,ERR,ERR,ERR,ERR,ERR,ERR,ERR,ERR,ERR,ERR,ERR,ERR,ERR,ERR,ERR,ERR,ERR,ERR,ERR,ERR,ERR,ERR,ERR,ERR,ERR,ERR,ERR,ERR,ERR,ERR,ERR,ERR,ERR,ERR,ERR,ERR,ERR,ERR,ERR,ERR,ERR,ERR,ERR,ERR,ERR,ERR,ERR,ERR,ERR,-0.0,-0.0,0.0,-4.9501291711397626e+32,-2.012,1.3936040501711995e+18,7.805,8.558351388217734e+28,0,0,4,48927,6720,14723890282496.0,100,0.0,0.0,0.0,0.0,0.0,0,0,0,0,0.0,0,0,0,0,0,0,0,0,0,0,0,0,0,0,0,0,0,0,0,0,0,0,0,0,0,0,0,0,0,0,0,0,0,26,51,50,76,65476,0,300,0,0,8,21553,0.0,-107605600.0,0.0,0.0,0.0,0.0,0.0,0.0,0.0,0.0,0.0,0.0,0.0,0.0,0.0,0.0,0.0,0.0,0.0,0.0,0.0,0.0,0.0,-2.004,0.0,-0.0,0.0,0.0,0.0,0.0,4767.0,1.0406643905049406e+34,7311.0,-0.0,-0.0,-107615360.0,0.0,0.0,0.0,0.0,0.0,77,-0.0,0.0,0.0,0.0,0.0,0.0,0.0,0.0,0.0,0,0,0,0.0,0.0,0.0,0.0,0.0,0.0,0.0,0.0,0.0,0.0,0.0,0.0,0.0,0.0,0.0,0.0,0,-107875648.0,77,0.0,154,0.0,-0.0,ERR,ERR,ERR,ERR,ERR,ERR,ERR,ERR,ERR,ERR,ERR,ERR,ERR,ERR,ERR,ERR,ERR,ERR,ERR,ERR,ERR,ERR,ERR,ERR,ERR,ERR,ERR,ERR,ERR,ERR,ERR,ERR,ERR,ERR,ERR,ERR,ERR,ERR,ERR,ERR,ERR,ERR,ERR,ERR,ERR,ERR,ERR,ERR,ERR,ERR,ERR,ERR,ERR,ERR,ERR,ERR,ERR,ERR,ERR,ERR,ERR,ERR,ERR,ERR,ERR,ERR,ERR,34.0,80.0,35,0.0,0.0,0.0,0.0,0.0,0.0,0.0,0.0,0.0,0.0,0.0,0.0,0.0,0.0,0.0,0.0,66.4,0,120,58,54,65476,0,300,0,0,8,20529,65476,0,0,57672,80.0,0.0,0.0,0.0,0.0,0.0
2026-06-18T02:20:04,ERR,ERR,ERR,ERR,ERR,ERR,ERR,ERR,ERR,ERR,ERR,ERR,ERR,ERR,ERR,ERR,ERR,ERR,ERR,ERR,ERR,ERR,ERR,ERR,ERR,ERR,ERR,ERR,ERR,ERR,ERR,ERR,ERR,ERR,ERR,ERR,ERR,ERR,ERR,ERR,ERR,ERR,ERR,ERR,ERR,ERR,ERR,ERR,ERR,ERR,ERR,ERR,ERR,ERR,ERR,ERR,ERR,ERR,ERR,ERR,ERR,ERR,ERR,ERR,ERR,ERR,ERR,ERR,ERR,ERR,ERR,ERR,ERR,ERR,ERR,ERR,ERR,ERR,ERR,ERR,ERR,ERR,ERR,ERR,ERR,ERR,ERR,ERR,ERR,ERR,ERR,ERR,ERR,ERR,ERR,ERR,ERR,ERR,ERR,ERR,ERR,ERR,ERR,ERR,ERR,ERR,ERR,ERR,ERR,ERR,ERR,ERR,ERR,ERR,ERR,ERR,ERR,ERR,ERR,ERR,ERR,ERR,ERR,ERR,ERR,-0.0,-0.0,0.0,-107609184.0,-0.0,1.3936040501711995e+18,7.805,0.0,0,0,4,48899,6720,14723890282496.0,100,0.0,0.0,0.0,-107609184.0,0.0,0,0,0,0,0.0,0,0,0,0,0,0,0,0,0,0,0,0,0,0,0,0,0,0,0,0,0,0,0,0,0,0,0,0,0,0,0,0,0,26,51,50,76,65476,0,300,0,0,8,21553,0.0,-107605600.0,0.0,0.0,0.0,0.0,0.0,0.0,0.0,0.0,0.0,0.0,0.0,0.0,0.0,0.0,0.0,0.0,0.0,0.0,0.0,0.0,0.0,-2.004,0.0,-0.0,0.0,0.0,0.0,0.0,4736.0,3.697182615187489e+19,7308.0,-0.0,2.718431101732002e+23,-107615360.0,0.0,0.0,0.0,0.0,0.0,77,-0.0,0.0,0.0,0.0,0.0,0.0,0.0,0.0,0.0,0,0,0,0.0,0.0,0.0,0.0,0.0,0.0,0.0,0.0,0.0,0.0,0.0,0.0,0.0,0.0,0.0,0.0,0,-107875648.0,77,0.0,154,0.0,-0.0,ERR,ERR,ERR,ERR,ERR,ERR,ERR,ERR,ERR,ERR,ERR,ERR,ERR,ERR,ERR,ERR,ERR,ERR,ERR,ERR,ERR,ERR,ERR,ERR,ERR,ERR,ERR,ERR,ERR,ERR,ERR,ERR,ERR,ERR,ERR,ERR,ERR,ERR,ERR,ERR,ERR,ERR,ERR,ERR,ERR,ERR,ERR,ERR,ERR,ERR,ERR,ERR,ERR,ERR,ERR,ERR,ERR,ERR,ERR,ERR,ERR,ERR,ERR,ERR,ERR,ERR,ERR,34.0,80.0,35,0.0,0.0,0.0,0.0,0.0,0.0,0.0,0.0,0.0,0.0,0.0,0.0,0.0,0.0,0.0,0.0,66.0,0,120,58,54,65476,0,300,0,0,8,20529,65476,0,0,57672,80.0,0.0,0.0,0.0,0.0,0.0
2026-06-18T02:20:05,ERR,ERR,ERR,ERR,ERR,ERR,ERR,ERR,ERR,ERR,ERR,ERR,ERR,ERR,ERR,ERR,ERR,ERR,ERR,ERR,ERR,ERR,ERR,ERR,ERR,ERR,ERR,ERR,ERR,ERR,ERR,ERR,ERR,ERR,ERR,ERR,ERR,ERR,ERR,ERR,ERR,ERR,ERR,ERR,ERR,ERR,ERR,ERR,ERR,ERR,ERR,ERR,ERR,ERR,ERR,ERR,ERR,ERR,ERR,ERR,ERR,ERR,ERR,ERR,ERR,ERR,ERR,ERR,ERR,ERR,ERR,ERR,ERR,ERR,ERR,ERR,ERR,ERR,ERR,ERR,ERR,ERR,ERR,ERR,ERR,ERR,ERR,ERR,ERR,ERR,ERR,ERR,ERR,ERR,ERR,ERR,ERR,ERR,ERR,ERR,ERR,ERR,ERR,ERR,ERR,ERR,ERR,ERR,ERR,ERR,ERR,ERR,ERR,ERR,ERR,ERR,ERR,ERR,ERR,ERR,ERR,ERR,ERR,ERR,ERR,-0.0,-0.0,0.0,-107609184.0,-0.0,1.3936040501711995e+18,7.805,0.0,0,0,4,48899,6720,14723890282496.0,100,0.0,0.0,0.0,-107609184.0,0.0,0,0,0,0,0.0,0,0,0,0,0,0,0,0,0,0,0,0,0,0,0,0,0,0,0,0,0,0,0,0,0,0,0,0,0,0,0,0,0,26,51,50,76,65476,0,300,0,0,8,21553,0.0,-107605600.0,0.0,0.0,0.0,0.0,0.0,0.0,0.0,0.0,0.0,0.0,0.0,0.0,0.0,0.0,0.0,0.0,0.0,0.0,0.0,0.0,0.0,-2.004,0.0,-0.0,0.0,0.0,0.0,0.0,4736.0,3.697182615187489e+19,7308.0,-0.0,2.718431101732002e+23,-107615360.0,0.0,0.0,0.0,0.0,0.0,77,-0.0,0.0,0.0,0.0,0.0,0.0,0.0,0.0,0.0,0,0,0,0.0,0.0,0.0,0.0,0.0,0.0,0.0,0.0,0.0,0.0,0.0,0.0,0.0,0.0,0.0,0.0,0,-107875648.0,77,0.0,154,0.0,-0.0,ERR,ERR,ERR,ERR,ERR,ERR,ERR,ERR,ERR,ERR,ERR,ERR,ERR,ERR,ERR,ERR,ERR,ERR,ERR,ERR,ERR,ERR,ERR,ERR,ERR,ERR,ERR,ERR,ERR,ERR,ERR,ERR,ERR,ERR,ERR,ERR,ERR,ERR,ERR,ERR,ERR,ERR,ERR,ERR,ERR,ERR,ERR,ERR,ERR,ERR,ERR,ERR,ERR,ERR,ERR,ERR,ERR,ERR,ERR,ERR,ERR,ERR,ERR,ERR,ERR,ERR,ERR,34.0,80.0,35,0.0,0.0,0.0,0.0,0.0,0.0,0.0,0.0,0.0,0.0,0.0,0.0,0.0,0.0,0.0,0.0,66.0,0,120,58,54,65476,0,300,0,0,8,20529,65476,0,0,57672,80.0,0.0,0.0,0.0,0.0,0.0
2026-06-18T02:20:06,ERR,ERR,ERR,ERR,ERR,ERR,ERR,ERR,ERR,ERR,ERR,ERR,ERR,ERR,ERR,ERR,ERR,ERR,ERR,ERR,ERR,ERR,ERR,ERR,ERR,ERR,ERR,ERR,ERR,ERR,ERR,ERR,ERR,ERR,ERR,ERR,ERR,ERR,ERR,ERR,ERR,ERR,ERR,ERR,ERR,ERR,ERR,ERR,ERR,ERR,ERR,ERR,ERR,ERR,ERR,ERR,ERR,ERR,ERR,ERR,ERR,ERR,ERR,ERR,ERR,ERR,ERR,ERR,ERR,ERR,ERR,ERR,ERR,ERR,ERR,ERR,ERR,ERR,ERR,ERR,ERR,ERR,ERR,ERR,ERR,ERR,ERR,ERR,ERR,ERR,ERR,ERR,ERR,ERR,ERR,ERR,ERR,ERR,ERR,ERR,ERR,ERR,ERR,ERR,ERR,ERR,ERR,ERR,ERR,ERR,ERR,ERR,ERR,ERR,ERR,ERR,ERR,ERR,ERR,ERR,ERR,ERR,ERR,ERR,ERR,-0.0,-0.0,0.0,-107609184.0,-0.0,1.3936040501711995e+18,7.805,0.0,0,0,4,48899,6720,14723890282496.0,100,0.0,0.0,0.0,-107609184.0,0.0,0,0,0,0,0.0,0,0,0,0,0,0,0,0,0,0,0,0,0,0,0,0,0,0,0,0,0,0,0,0,0,0,0,0,0,0,0,0,0,26,51,50,76,65476,0,300,0,0,8,21553,0.0,-107605600.0,0.0,0.0,0.0,0.0,0.0,0.0,0.0,0.0,0.0,0.0,0.0,0.0,0.0,0.0,0.0,0.0,0.0,0.0,0.0,0.0,0.0,-2.004,0.0,-0.0,0.0,0.0,0.0,0.0,4736.0,3.697182615187489e+19,7308.0,-0.0,2.718431101732002e+23,-107615360.0,0.0,0.0,0.0,0.0,0.0,77,-0.0,0.0,0.0,0.0,0.0,0.0,0.0,0.0,0.0,0,0,0,0.0,0.0,0.0,0.0,0.0,0.0,0.0,0.0,0.0,0.0,0.0,0.0,0.0,0.0,0.0,0.0,0,-107875648.0,77,0.0,154,0.0,-0.0,ERR,ERR,ERR,ERR,ERR,ERR,ERR,ERR,ERR,ERR,ERR,ERR,ERR,ERR,ERR,ERR,ERR,ERR,ERR,ERR,ERR,ERR,ERR,ERR,ERR,ERR,ERR,ERR,ERR,ERR,ERR,ERR,ERR,ERR,ERR,ERR,ERR,ERR,ERR,ERR,ERR,ERR,ERR,ERR,ERR,ERR,ERR,ERR,ERR,ERR,ERR,ERR,ERR,ERR,ERR,ERR,ERR,ERR,ERR,ERR,ERR,ERR,ERR,ERR,ERR,ERR,ERR,34.0,80.0,35,0.0,0.0,0.0,0.0,0.0,0.0,0.0,0.0,0.0,0.0,0.0,0.0,0.0,0.0,0.0,0.0,66.0,0,120,58,54,65476,0,300,0,0,8,20529,65476,0,0,57672,80.0,0.0,0.0,0.0,0.0,0.0
2026-06-18T02:20:07,ERR,ERR,ERR,ERR,ERR,ERR,ERR,ERR,ERR,ERR,ERR,ERR,ERR,ERR,ERR,ERR,ERR,ERR,ERR,ERR,ERR,ERR,ERR,ERR,ERR,ERR,ERR,ERR,ERR,ERR,ERR,ERR,ERR,ERR,ERR,ERR,ERR,ERR,ERR,ERR,ERR,ERR,ERR,ERR,ERR,ERR,ERR,ERR,ERR,ERR,ERR,ERR,ERR,ERR,ERR,ERR,ERR,ERR,ERR,ERR,ERR,ERR,ERR,ERR,ERR,ERR,ERR,ERR,ERR,ERR,ERR,ERR,ERR,ERR,ERR,ERR,ERR,ERR,ERR,ERR,ERR,ERR,ERR,ERR,ERR,ERR,ERR,ERR,ERR,ERR,ERR,ERR,ERR,ERR,ERR,ERR,ERR,ERR,ERR,ERR,ERR,ERR,ERR,ERR,ERR,ERR,ERR,ERR,ERR,ERR,ERR,ERR,ERR,ERR,ERR,ERR,ERR,ERR,ERR,ERR,ERR,ERR,ERR,ERR,ERR,-0.0,-0.0,0.0,-107609184.0,-0.0,1.3936040501711995e+18,7.805,0.0,0,0,4,48899,6720,14723890282496.0,100,0.0,0.0,0.0,-107609184.0,0.0,0,0,0,0,0.0,0,0,0,0,0,0,0,0,0,0,0,0,0,0,0,0,0,0,0,0,0,0,0,0,0,0,0,0,0,0,0,0,0,26,51,50,76,65476,0,300,0,0,8,21553,0.0,-107605600.0,0.0,0.0,0.0,0.0,0.0,0.0,0.0,0.0,0.0,0.0,0.0,0.0,0.0,0.0,0.0,0.0,0.0,0.0,0.0,0.0,0.0,-2.004,0.0,-0.0,0.0,0.0,0.0,0.0,4736.0,3.697182615187489e+19,7308.0,-0.0,2.718431101732002e+23,-107615360.0,0.0,0.0,0.0,0.0,0.0,77,-0.0,0.0,0.0,0.0,0.0,0.0,0.0,0.0,0.0,0,0,0,0.0,0.0,0.0,0.0,0.0,0.0,0.0,0.0,0.0,0.0,0.0,0.0,0.0,0.0,0.0,0.0,0,-107875648.0,77,0.0,154,0.0,-0.0,ERR,ERR,ERR,ERR,ERR,ERR,ERR,ERR,ERR,ERR,ERR,ERR,ERR,ERR,ERR,ERR,ERR,ERR,ERR,ERR,ERR,ERR,ERR,ERR,ERR,ERR,ERR,ERR,ERR,ERR,ERR,ERR,ERR,ERR,ERR,ERR,ERR,ERR,ERR,ERR,ERR,ERR,ERR,ERR,ERR,ERR,ERR,ERR,ERR,ERR,ERR,ERR,ERR,ERR,ERR,ERR,ERR,ERR,ERR,ERR,ERR,ERR,ERR,ERR,ERR,ERR,ERR,34.0,80.0,35,0.0,0.0,0.0,0.0,0.0,0.0,0.0,0.0,0.0,0.0,0.0,0.0,0.0,0.0,0.0,0.0,66.0,0,120,58,54,65476,0,300,0,0,8,20529,65476,0,0,57672,80.0,0.0,0.0,0.0,0.0,0.0
2026-06-18T02:20:08,ERR,ERR,ERR,ERR,ERR,ERR,ERR,ERR,ERR,ERR,ERR,ERR,ERR,ERR,ERR,ERR,ERR,ERR,ERR,ERR,ERR,ERR,ERR,ERR,ERR,ERR,ERR,ERR,ERR,ERR,ERR,ERR,ERR,ERR,ERR,ERR,ERR,ERR,ERR,ERR,ERR,ERR,ERR,ERR,ERR,ERR,ERR,ERR,ERR,ERR,ERR,ERR,ERR,ERR,ERR,ERR,ERR,ERR,ERR,ERR,ERR,ERR,ERR,ERR,ERR,ERR,ERR,ERR,ERR,ERR,ERR,ERR,ERR,ERR,ERR,ERR,ERR,ERR,ERR,ERR,ERR,ERR,ERR,ERR,ERR,ERR,ERR,ERR,ERR,ERR,ERR,ERR,ERR,ERR,ERR,ERR,ERR,ERR,ERR,ERR,ERR,ERR,ERR,ERR,ERR,ERR,ERR,ERR,ERR,ERR,ERR,ERR,ERR,ERR,ERR,ERR,ERR,ERR,ERR,ERR,ERR,ERR,ERR,ERR,ERR,-0.0,-0.0,0.0,-107609184.0,-0.0,1.3936040501711995e+18,7.805,0.0,0,0,4,48899,6720,14723890282496.0,100,0.0,0.0,0.0,-107609184.0,0.0,0,0,0,0,0.0,0,0,0,0,0,0,0,0,0,0,0,0,0,0,0,0,0,0,0,0,0,0,0,0,0,0,0,0,0,0,0,0,0,26,51,50,76,65476,0,300,0,0,8,21553,0.0,-107605600.0,0.0,0.0,0.0,0.0,0.0,0.0,0.0,0.0,0.0,0.0,0.0,0.0,0.0,0.0,0.0,0.0,0.0,0.0,0.0,0.0,0.0,-2.004,0.0,-0.0,0.0,0.0,0.0,0.0,4736.0,3.697182615187489e+19,7308.0,-0.0,2.718431101732002e+23,-107615360.0,0.0,0.0,0.0,0.0,0.0,77,-0.0,0.0,0.0,0.0,0.0,0.0,0.0,0.0,0.0,0,0,0,0.0,0.0,0.0,0.0,0.0,0.0,0.0,0.0,0.0,0.0,0.0,0.0,0.0,0.0,0.0,0.0,0,-107875648.0,77,0.0,154,0.0,-0.0,ERR,ERR,ERR,ERR,ERR,ERR,ERR,ERR,ERR,ERR,ERR,ERR,ERR,ERR,ERR,ERR,ERR,ERR,ERR,ERR,ERR,ERR,ERR,ERR,ERR,ERR,ERR,ERR,ERR,ERR,ERR,ERR,ERR,ERR,ERR,ERR,ERR,ERR,ERR,ERR,ERR,ERR,ERR,ERR,ERR,ERR,ERR,ERR,ERR,ERR,ERR,ERR,ERR,ERR,ERR,ERR,ERR,ERR,ERR,ERR,ERR,ERR,ERR,ERR,ERR,ERR,ERR,34.0,80.0,35,0.0,0.0,0.0,0.0,0.0,0.0,0.0,0.0,0.0,0.0,0.0,0.0,0.0,0.0,0.0,0.0,66.0,0,120,58,54,65476,0,300,0,0,8,20529,65476,0,0,57672,80.0,0.0,0.0,0.0,0.0,0.0
2026-06-18T02:20:09,ERR,ERR,ERR,ERR,ERR,ERR,ERR,ERR,ERR,ERR,ERR,ERR,ERR,ERR,ERR,ERR,ERR,ERR,ERR,ERR,ERR,ERR,ERR,ERR,ERR,ERR,ERR,ERR,ERR,ERR,ERR,ERR,ERR,ERR,ERR,ERR,ERR,ERR,ERR,ERR,ERR,ERR,ERR,ERR,ERR,ERR,ERR,ERR,ERR,ERR,ERR,ERR,ERR,ERR,ERR,ERR,ERR,ERR,ERR,ERR,ERR,ERR,ERR,ERR,ERR,ERR,ERR,ERR,ERR,ERR,ERR,ERR,ERR,ERR,ERR,ERR,ERR,ERR,ERR,ERR,ERR,ERR,ERR,ERR,ERR,ERR,ERR,ERR,ERR,ERR,ERR,ERR,ERR,ERR,ERR,ERR,ERR,ERR,ERR,ERR,ERR,ERR,ERR,ERR,ERR,ERR,ERR,ERR,ERR,ERR,ERR,ERR,ERR,ERR,ERR,ERR,ERR,ERR,ERR,ERR,ERR,ERR,ERR,ERR,ERR,-0.0,-0.0,0.0,-4.9501291711397626e+32,-2.012,1.3936040501711995e+18,7.805,8.558351388217734e+28,0,0,4,48907,6720,14723890282496.0,100,0.0,0.0,0.0,0.0,0.0,0,0,0,0,0.0,0,0,0,0,0,0,0,0,0,0,0,0,0,0,0,0,0,0,0,0,0,0,0,0,0,0,0,0,0,0,0,0,0,26,51,50,76,65476,0,300,0,0,8,21553,0.0,-107605600.0,0.0,0.0,0.0,0.0,0.0,0.0,0.0,0.0,0.0,0.0,0.0,0.0,0.0,0.0,0.0,0.0,0.0,0.0,0.0,0.0,0.0,-2.004,0.0,-0.0,0.0,0.0,0.0,0.0,4765.0,1.5879278419570017e+29,7310.0,-0.0,2.718431101732002e+23,-107615360.0,0.0,0.0,0.0,0.0,0.0,77,-0.0,0.0,0.0,0.0,0.0,0.0,0.0,0.0,0.0,0,0,0,0.0,0.0,0.0,0.0,0.0,0.0,0.0,0.0,0.0,0.0,0.0,0.0,0.0,0.0,0.0,0.0,0,-107875648.0,77,0.0,154,0.0,-0.0,ERR,ERR,ERR,ERR,ERR,ERR,ERR,ERR,ERR,ERR,ERR,ERR,ERR,ERR,ERR,ERR,ERR,ERR,ERR,ERR,ERR,ERR,ERR,ERR,ERR,ERR,ERR,ERR,ERR,ERR,ERR,ERR,ERR,ERR,ERR,ERR,ERR,ERR,ERR,ERR,ERR,ERR,ERR,ERR,ERR,ERR,ERR,ERR,ERR,ERR,ERR,ERR,ERR,ERR,ERR,ERR,ERR,ERR,ERR,ERR,ERR,ERR,ERR,ERR,ERR,ERR,ERR,34.0,80.0,35,0.0,0.0,0.0,0.0,0.0,0.0,0.0,0.0,0.0,0.0,0.0,0.0,0.0,0.0,0.0,0.0,66.0,0,120,58,54,65476,0,300,0,0,8,20529,65476,0,0,57672,80.0,0.0,0.0,0.0,0.0,0.0
2026-06-18T02:20:10,ERR,ERR,ERR,ERR,ERR,ERR,ERR,ERR,ERR,ERR,ERR,ERR,ERR,ERR,ERR,ERR,ERR,ERR,ERR,ERR,ERR,ERR,ERR,ERR,ERR,ERR,ERR,ERR,ERR,ERR,ERR,ERR,ERR,ERR,ERR,ERR,ERR,ERR,ERR,ERR,ERR,ERR,ERR,ERR,ERR,ERR,ERR,ERR,ERR,ERR,ERR,ERR,ERR,ERR,ERR,ERR,ERR,ERR,ERR,ERR,ERR,ERR,ERR,ERR,ERR,ERR,ERR,ERR,ERR,ERR,ERR,ERR,ERR,ERR,ERR,ERR,ERR,ERR,ERR,ERR,ERR,ERR,ERR,ERR,ERR,ERR,ERR,ERR,ERR,ERR,ERR,ERR,ERR,ERR,ERR,ERR,ERR,ERR,ERR,ERR,ERR,ERR,ERR,ERR,ERR,ERR,ERR,ERR,ERR,ERR,ERR,ERR,ERR,ERR,ERR,ERR,ERR,ERR,ERR,ERR,ERR,ERR,ERR,ERR,ERR,-0.0,-0.0,0.0,-4.9501291711397626e+32,-2.012,1.3936040501711995e+18,7.805,8.558351388217734e+28,0,0,4,48907,6720,14723890282496.0,100,0.0,0.0,0.0,0.0,0.0,0,0,0,0,0.0,0,0,0,0,0,0,0,0,0,0,0,0,0,0,0,0,0,0,0,0,0,0,0,0,0,0,0,0,0,0,0,0,0,26,51,50,76,65476,0,300,0,0,8,21553,0.0,-107605600.0,0.0,0.0,0.0,0.0,0.0,0.0,0.0,0.0,0.0,0.0,0.0,0.0,0.0,0.0,0.0,0.0,0.0,0.0,0.0,0.0,0.0,-2.004,0.0,-0.0,0.0,0.0,0.0,0.0,4765.0,1.5879278419570017e+29,7310.0,-0.0,2.718431101732002e+23,-107615360.0,0.0,0.0,0.0,0.0,0.0,77,-0.0,0.0,0.0,0.0,0.0,0.0,0.0,0.0,0.0,0,0,0,0.0,0.0,0.0,0.0,0.0,0.0,0.0,0.0,0.0,0.0,0.0,0.0,0.0,0.0,0.0,0.0,0,-107875648.0,77,0.0,154,0.0,-0.0,ERR,ERR,ERR,ERR,ERR,ERR,ERR,ERR,ERR,ERR,ERR,ERR,ERR,ERR,ERR,ERR,ERR,ERR,ERR,ERR,ERR,ERR,ERR,ERR,ERR,ERR,ERR,ERR,ERR,ERR,ERR,ERR,ERR,ERR,ERR,ERR,ERR,ERR,ERR,ERR,ERR,ERR,ERR,ERR,ERR,ERR,ERR,ERR,ERR,ERR,ERR,ERR,ERR,ERR,ERR,ERR,ERR,ERR,ERR,ERR,ERR,ERR,ERR,ERR,ERR,ERR,ERR,34.0,80.0,35,0.0,0.0,0.0,0.0,0.0,0.0,0.0,0.0,0.0,0.0,0.0,0.0,0.0,0.0,0.0,0.0,66.0,0,120,58,54,65476,0,300,0,0,8,20529,65476,0,0,57672,80.0,0.0,0.0,0.0,0.0,0.0
2026-06-18T02:20:11,ERR,ERR,ERR,ERR,ERR,ERR,ERR,ERR,ERR,ERR,ERR,ERR,ERR,ERR,ERR,ERR,ERR,ERR,ERR,ERR,ERR,ERR,ERR,ERR,ERR,ERR,ERR,ERR,ERR,ERR,ERR,ERR,ERR,ERR,ERR,ERR,ERR,ERR,ERR,ERR,ERR,ERR,ERR,ERR,ERR,ERR,ERR,ERR,ERR,ERR,ERR,ERR,ERR,ERR,ERR,ERR,ERR,ERR,ERR,ERR,ERR,ERR,ERR,ERR,ERR,ERR,ERR,ERR,ERR,ERR,ERR,ERR,ERR,ERR,ERR,ERR,ERR,ERR,ERR,ERR,ERR,ERR,ERR,ERR,ERR,ERR,ERR,ERR,ERR,ERR,ERR,ERR,ERR,ERR,ERR,ERR,ERR,ERR,ERR,ERR,ERR,ERR,ERR,ERR,ERR,ERR,ERR,ERR,ERR,ERR,ERR,ERR,ERR,ERR,ERR,ERR,ERR,ERR,ERR,ERR,ERR,ERR,ERR,ERR,ERR,-0.0,-0.0,0.0,-4.9501291711397626e+32,-2.012,1.3936040501711995e+18,7.805,8.558351388217734e+28,0,0,4,48907,6720,14723890282496.0,100,0.0,0.0,0.0,0.0,0.0,0,0,0,0,0.0,0,0,0,0,0,0,0,0,0,0,0,0,0,0,0,0,0,0,0,0,0,0,0,0,0,0,0,0,0,0,0,0,0,26,51,50,76,65476,0,300,0,0,8,21553,0.0,-107605600.0,0.0,0.0,0.0,0.0,0.0,0.0,0.0,0.0,0.0,0.0,0.0,0.0,0.0,0.0,0.0,0.0,0.0,0.0,0.0,0.0,0.0,-2.004,0.0,-0.0,0.0,0.0,0.0,0.0,4765.0,1.5879278419570017e+29,7310.0,-0.0,2.718431101732002e+23,-107615360.0,0.0,0.0,0.0,0.0,0.0,77,-0.0,0.0,0.0,0.0,0.0,0.0,0.0,0.0,0.0,0,0,0,0.0,0.0,0.0,0.0,0.0,0.0,0.0,0.0,0.0,0.0,0.0,0.0,0.0,0.0,0.0,0.0,0,-107875648.0,77,0.0,154,0.0,-0.0,ERR,ERR,ERR,ERR,ERR,ERR,ERR,ERR,ERR,ERR,ERR,ERR,ERR,ERR,ERR,ERR,ERR,ERR,ERR,ERR,ERR,ERR,ERR,ERR,ERR,ERR,ERR,ERR,ERR,ERR,ERR,ERR,ERR,ERR,ERR,ERR,ERR,ERR,ERR,ERR,ERR,ERR,ERR,ERR,ERR,ERR,ERR,ERR,ERR,ERR,ERR,ERR,ERR,ERR,ERR,ERR,ERR,ERR,ERR,ERR,ERR,ERR,ERR,ERR,ERR,ERR,ERR,34.0,80.0,35,0.0,0.0,0.0,0.0,0.0,0.0,0.0,0.0,0.0,0.0,0.0,0.0,0.0,0.0,0.0,0.0,66.4,0,120,58,54,65476,0,300,0,0,8,20529,65476,0,0,57672,80.0,0.0,0.0,0.0,0.0,0.0
2026-06-18T02:20:12,ERR,ERR,ERR,ERR,ERR,ERR,ERR,ERR,ERR,ERR,ERR,ERR,ERR,ERR,ERR,ERR,ERR,ERR,ERR,ERR,ERR,ERR,ERR,ERR,ERR,ERR,ERR,ERR,ERR,ERR,ERR,ERR,ERR,ERR,ERR,ERR,ERR,ERR,ERR,ERR,ERR,ERR,ERR,ERR,ERR,ERR,ERR,ERR,ERR,ERR,ERR,ERR,ERR,ERR,ERR,ERR,ERR,ERR,ERR,ERR,ERR,ERR,ERR,ERR,ERR,ERR,ERR,ERR,ERR,ERR,ERR,ERR,ERR,ERR,ERR,ERR,ERR,ERR,ERR,ERR,ERR,ERR,ERR,ERR,ERR,ERR,ERR,ERR,ERR,ERR,ERR,ERR,ERR,ERR,ERR,ERR,ERR,ERR,ERR,ERR,ERR,ERR,ERR,ERR,ERR,ERR,ERR,ERR,ERR,ERR,ERR,ERR,ERR,ERR,ERR,ERR,ERR,ERR,ERR,ERR,ERR,ERR,ERR,ERR,ERR,-0.0,-0.0,0.0,-4.9501291711397626e+32,-2.012,1.3936040501711995e+18,7.805,8.558351388217734e+28,0,0,4,48907,6720,14723890282496.0,100,0.0,0.0,0.0,0.0,0.0,0,0,0,0,0.0,0,0,0,0,0,0,0,0,0,0,0,0,0,0,0,0,0,0,0,0,0,0,0,0,0,0,0,0,0,0,0,0,0,26,51,50,76,65476,0,300,0,0,8,21553,0.0,-107605600.0,0.0,0.0,0.0,0.0,0.0,0.0,0.0,0.0,0.0,0.0,0.0,0.0,0.0,0.0,0.0,0.0,0.0,0.0,0.0,0.0,0.0,-2.004,0.0,-0.0,0.0,0.0,0.0,0.0,4765.0,1.5879278419570017e+29,7310.0,-0.0,2.718431101732002e+23,-107615360.0,0.0,0.0,0.0,0.0,0.0,77,-0.0,0.0,0.0,0.0,0.0,0.0,0.0,0.0,0.0,0,0,0,0.0,0.0,0.0,0.0,0.0,0.0,0.0,0.0,0.0,0.0,0.0,0.0,0.0,0.0,0.0,0.0,0,-107875648.0,77,0.0,154,0.0,-0.0,ERR,ERR,ERR,ERR,ERR,ERR,ERR,ERR,ERR,ERR,ERR,ERR,ERR,ERR,ERR,ERR,ERR,ERR,ERR,ERR,ERR,ERR,ERR,ERR,ERR,ERR,ERR,ERR,ERR,ERR,ERR,ERR,ERR,ERR,ERR,ERR,ERR,ERR,ERR,ERR,ERR,ERR,ERR,ERR,ERR,ERR,ERR,ERR,ERR,ERR,ERR,ERR,ERR,ERR,ERR,ERR,ERR,ERR,ERR,ERR,ERR,ERR,ERR,ERR,ERR,ERR,ERR,34.0,80.0,35,0.0,0.0,0.0,0.0,0.0,0.0,0.0,0.0,0.0,0.0,0.0,0.0,0.0,0.0,0.0,0.0,66.4,0,120,58,54,65476,0,300,0,0,8,20529,65476,0,0,57672,80.0,0.0,0.0,0.0,0.0,0.0
2026-06-18T02:20:13,ERR,ERR,ERR,ERR,ERR,ERR,ERR,ERR,ERR,ERR,ERR,ERR,ERR,ERR,ERR,ERR,ERR,ERR,ERR,ERR,ERR,ERR,ERR,ERR,ERR,ERR,ERR,ERR,ERR,ERR,ERR,ERR,ERR,ERR,ERR,ERR,ERR,ERR,ERR,ERR,ERR,ERR,ERR,ERR,ERR,ERR,ERR,ERR,ERR,ERR,ERR,ERR,ERR,ERR,ERR,ERR,ERR,ERR,ERR,ERR,ERR,ERR,ERR,ERR,ERR,ERR,ERR,ERR,ERR,ERR,ERR,ERR,ERR,ERR,ERR,ERR,ERR,ERR,ERR,ERR,ERR,ERR,ERR,ERR,ERR,ERR,ERR,ERR,ERR,ERR,ERR,ERR,ERR,ERR,ERR,ERR,ERR,ERR,ERR,ERR,ERR,ERR,ERR,ERR,ERR,ERR,ERR,ERR,ERR,ERR,ERR,ERR,ERR,ERR,ERR,ERR,ERR,ERR,ERR,ERR,ERR,ERR,ERR,ERR,ERR,-0.0,-0.0,0.0,-4.9501291711397626e+32,-2.012,1.3936040501711995e+18,7.805,8.558351388217734e+28,0,0,4,48907,6720,14723890282496.0,100,0.0,0.0,0.0,0.0,0.0,0,0,0,0,0.0,0,0,0,0,0,0,0,0,0,0,0,0,0,0,0,0,0,0,0,0,0,0,0,0,0,0,0,0,0,0,0,0,0,26,51,50,76,65476,0,300,0,0,8,21553,0.0,-107605600.0,0.0,0.0,0.0,0.0,0.0,0.0,0.0,0.0,0.0,0.0,0.0,0.0,0.0,0.0,0.0,0.0,0.0,0.0,0.0,0.0,0.0,-2.004,0.0,-0.0,0.0,0.0,0.0,0.0,4765.0,1.5879278419570017e+29,7310.0,-0.0,2.718431101732002e+23,-107615360.0,0.0,0.0,0.0,0.0,0.0,77,-0.0,0.0,0.0,0.0,0.0,0.0,0.0,0.0,0.0,0,0,0,0.0,0.0,0.0,0.0,0.0,0.0,0.0,0.0,0.0,0.0,0.0,0.0,0.0,0.0,0.0,0.0,0,-107875648.0,77,0.0,154,0.0,-0.0,ERR,ERR,ERR,ERR,ERR,ERR,ERR,ERR,ERR,ERR,ERR,ERR,ERR,ERR,ERR,ERR,ERR,ERR,ERR,ERR,ERR,ERR,ERR,ERR,ERR,ERR,ERR,ERR,ERR,ERR,ERR,ERR,ERR,ERR,ERR,ERR,ERR,ERR,ERR,ERR,ERR,ERR,ERR,ERR,ERR,ERR,ERR,ERR,ERR,ERR,ERR,ERR,ERR,ERR,ERR,ERR,ERR,ERR,ERR,ERR,ERR,ERR,ERR,ERR,ERR,ERR,ERR,34.0,80.0,35,0.0,0.0,0.0,0.0,0.0,0.0,0.0,0.0,0.0,0.0,0.0,0.0,0.0,0.0,0.0,0.0,66.0,0,120,58,54,65476,0,300,0,0,8,20529,65476,0,0,57672,80.0,0.0,0.0,0.0,0.0,0.0
2026-06-18T02:20:14,ERR,ERR,ERR,ERR,ERR,ERR,ERR,ERR,ERR,ERR,ERR,ERR,ERR,ERR,ERR,ERR,ERR,ERR,ERR,ERR,ERR,ERR,ERR,ERR,ERR,ERR,ERR,ERR,ERR,ERR,ERR,ERR,ERR,ERR,ERR,ERR,ERR,ERR,ERR,ERR,ERR,ERR,ERR,ERR,ERR,ERR,ERR,ERR,ERR,ERR,ERR,ERR,ERR,ERR,ERR,ERR,ERR,ERR,ERR,ERR,ERR,ERR,ERR,ERR,ERR,ERR,ERR,ERR,ERR,ERR,ERR,ERR,ERR,ERR,ERR,ERR,ERR,ERR,ERR,ERR,ERR,ERR,ERR,ERR,ERR,ERR,ERR,ERR,ERR,ERR,ERR,ERR,ERR,ERR,ERR,ERR,ERR,ERR,ERR,ERR,ERR,ERR,ERR,ERR,ERR,ERR,ERR,ERR,ERR,ERR,ERR,ERR,ERR,ERR,ERR,ERR,ERR,ERR,ERR,ERR,ERR,ERR,ERR,ERR,ERR,-0.0,-0.0,0.0,0.0,0.0,1.3936040501711995e+18,7.805,-0.0,0,0,4,48932,6720,14723890282496.0,100,0.0,0.0,0.0,0.0,0.0,0,0,0,0,0.0,0,0,0,0,0,0,0,0,0,0,0,0,0,0,0,0,0,0,0,0,0,0,0,0,0,0,0,0,0,0,0,0,0,26,51,50,76,65476,0,300,0,0,8,21553,0.0,-107605600.0,0.0,0.0,0.0,0.0,0.0,0.0,0.0,0.0,0.0,0.0,0.0,0.0,0.0,0.0,0.0,0.0,0.0,0.0,0.0,0.0,0.0,-0.0,0.0,-0.0,0.0,0.0,0.0,0.0,4767.0,-0.0,7317.0,-0.0,-0.0,-107615360.0,0.0,0.0,0.0,0.0,0.0,77,-0.0,0.059,0.0,0.0,0.0,0.0,0.0,0.0,0.0,0,0,0,0.0,0.0,0.0,0.0,0.0,0.0,0.0,0.0,0.0,0.0,0.0,0.0,0.0,0.0,0.0,0.0,0,-107875648.0,77,0.0,154,0.0,-0.0,ERR,ERR,ERR,ERR,ERR,ERR,ERR,ERR,ERR,ERR,ERR,ERR,ERR,ERR,ERR,ERR,ERR,ERR,ERR,ERR,ERR,ERR,ERR,ERR,ERR,ERR,ERR,ERR,ERR,ERR,ERR,ERR,ERR,ERR,ERR,ERR,ERR,ERR,ERR,ERR,ERR,ERR,ERR,ERR,ERR,ERR,ERR,ERR,ERR,ERR,ERR,ERR,ERR,ERR,ERR,ERR,ERR,ERR,ERR,ERR,ERR,ERR,ERR,ERR,ERR,ERR,ERR,34.0,80.0,35,0.0,0.0,0.0,0.0,0.0,0.0,0.0,0.0,0.0,0.0,0.0,0.0,0.0,0.0,0.0,0.0,66.0,0,120,58,54,65476,0,300,0,0,8,20529,65476,0,0,57672,80.0,0.0,0.0,0.0,0.0,0.0
2026-06-18T02:20:15,ERR,ERR,ERR,ERR,ERR,ERR,ERR,ERR,ERR,ERR,ERR,ERR,ERR,ERR,ERR,ERR,ERR,ERR,ERR,ERR,ERR,ERR,ERR,ERR,ERR,ERR,ERR,ERR,ERR,ERR,ERR,ERR,ERR,ERR,ERR,ERR,ERR,ERR,ERR,ERR,ERR,ERR,ERR,ERR,ERR,ERR,ERR,ERR,ERR,ERR,ERR,ERR,ERR,ERR,ERR,ERR,ERR,ERR,ERR,ERR,ERR,ERR,ERR,ERR,ERR,ERR,ERR,ERR,ERR,ERR,ERR,ERR,ERR,ERR,ERR,ERR,ERR,ERR,ERR,ERR,ERR,ERR,ERR,ERR,ERR,ERR,ERR,ERR,ERR,ERR,ERR,ERR,ERR,ERR,ERR,ERR,ERR,ERR,ERR,ERR,ERR,ERR,ERR,ERR,ERR,ERR,ERR,ERR,ERR,ERR,ERR,ERR,ERR,ERR,ERR,ERR,ERR,ERR,ERR,ERR,ERR,ERR,ERR,ERR,ERR,-0.0,-0.0,0.0,0.0,0.0,1.3936040501711995e+18,7.805,-0.0,0,0,4,48932,6720,14723890282496.0,100,0.0,0.0,0.0,0.0,0.0,0,0,0,0,0.0,0,0,0,0,0,0,0,0,0,0,0,0,0,0,0,0,0,0,0,0,0,0,0,0,0,0,0,0,0,0,0,0,0,26,51,50,76,65476,0,300,0,0,8,21553,0.0,-107605600.0,0.0,0.0,0.0,0.0,0.0,0.0,0.0,0.0,0.0,0.0,0.0,0.0,0.0,0.0,0.0,0.0,0.0,0.0,0.0,0.0,0.0,-0.0,0.0,-0.0,0.0,0.0,0.0,0.0,4767.0,-0.0,7317.0,-0.0,-0.0,-107615360.0,0.0,0.0,0.0,0.0,0.0,77,-0.0,0.059,0.0,0.0,0.0,0.0,0.0,0.0,0.0,0,0,0,0.0,0.0,0.0,0.0,0.0,0.0,0.0,0.0,0.0,0.0,0.0,0.0,0.0,0.0,0.0,0.0,0,-107875648.0,77,0.0,154,0.0,-0.0,ERR,ERR,ERR,ERR,ERR,ERR,ERR,ERR,ERR,ERR,ERR,ERR,ERR,ERR,ERR,ERR,ERR,ERR,ERR,ERR,ERR,ERR,ERR,ERR,ERR,ERR,ERR,ERR,ERR,ERR,ERR,ERR,ERR,ERR,ERR,ERR,ERR,ERR,ERR,ERR,ERR,ERR,ERR,ERR,ERR,ERR,ERR,ERR,ERR,ERR,ERR,ERR,ERR,ERR,ERR,ERR,ERR,ERR,ERR,ERR,ERR,ERR,ERR,ERR,ERR,ERR,ERR,34.0,80.0,35,0.0,0.0,0.0,0.0,0.0,0.0,0.0,0.0,0.0,0.0,0.0,0.0,0.0,0.0,0.0,0.0,66.0,0,120,58,54,65476,0,300,0,0,8,20529,65476,0,0,57672,80.0,0.0,0.0,0.0,0.0,0.0
2026-06-18T02:20:16,ERR,ERR,ERR,ERR,ERR,ERR,ERR,ERR,ERR,ERR,ERR,ERR,ERR,ERR,ERR,ERR,ERR,ERR,ERR,ERR,ERR,ERR,ERR,ERR,ERR,ERR,ERR,ERR,ERR,ERR,ERR,ERR,ERR,ERR,ERR,ERR,ERR,ERR,ERR,ERR,ERR,ERR,ERR,ERR,ERR,ERR,ERR,ERR,ERR,ERR,ERR,ERR,ERR,ERR,ERR,ERR,ERR,ERR,ERR,ERR,ERR,ERR,ERR,ERR,ERR,ERR,ERR,ERR,ERR,ERR,ERR,ERR,ERR,ERR,ERR,ERR,ERR,ERR,ERR,ERR,ERR,ERR,ERR,ERR,ERR,ERR,ERR,ERR,ERR,ERR,ERR,ERR,ERR,ERR,ERR,ERR,ERR,ERR,ERR,ERR,ERR,ERR,ERR,ERR,ERR,ERR,ERR,ERR,ERR,ERR,ERR,ERR,ERR,ERR,ERR,ERR,ERR,ERR,ERR,ERR,ERR,ERR,ERR,ERR,ERR,-0.0,-0.0,0.0,0.0,0.0,1.3936040501711995e+18,7.805,-0.0,0,0,4,48932,6720,14723890282496.0,100,0.0,0.0,0.0,0.0,0.0,0,0,0,0,0.0,0,0,0,0,0,0,0,0,0,0,0,0,0,0,0,0,0,0,0,0,0,0,0,0,0,0,0,0,0,0,0,0,0,26,51,50,76,65476,0,300,0,0,8,21553,0.0,-107605600.0,0.0,0.0,0.0,0.0,0.0,0.0,0.0,0.0,0.0,0.0,0.0,0.0,0.0,0.0,0.0,0.0,0.0,0.0,0.0,0.0,0.0,-0.0,0.0,-0.0,0.0,0.0,0.0,0.0,4767.0,-0.0,7317.0,-0.0,-0.0,-107615360.0,0.0,0.0,0.0,0.0,0.0,77,-0.0,0.059,0.0,0.0,0.0,0.0,0.0,0.0,0.0,0,0,0,0.0,0.0,0.0,0.0,0.0,0.0,0.0,0.0,0.0,0.0,0.0,0.0,0.0,0.0,0.0,0.0,0,-107875648.0,77,0.0,154,0.0,-0.0,ERR,ERR,ERR,ERR,ERR,ERR,ERR,ERR,ERR,ERR,ERR,ERR,ERR,ERR,ERR,ERR,ERR,ERR,ERR,ERR,ERR,ERR,ERR,ERR,ERR,ERR,ERR,ERR,ERR,ERR,ERR,ERR,ERR,ERR,ERR,ERR,ERR,ERR,ERR,ERR,ERR,ERR,ERR,ERR,ERR,ERR,ERR,ERR,ERR,ERR,ERR,ERR,ERR,ERR,ERR,ERR,ERR,ERR,ERR,ERR,ERR,ERR,ERR,ERR,ERR,ERR,ERR,34.0,80.0,35,0.0,0.0,0.0,0.0,0.0,0.0,0.0,0.0,0.0,0.0,0.0,0.0,0.0,0.0,0.0,0.0,66.0,0,120,58,54,65476,0,300,0,0,8,20529,65476,0,0,57672,80.0,0.0,0.0,0.0,0.0,0.0
2026-06-18T02:20:17,ERR,ERR,ERR,ERR,ERR,ERR,ERR,ERR,ERR,ERR,ERR,ERR,ERR,ERR,ERR,ERR,ERR,ERR,ERR,ERR,ERR,ERR,ERR,ERR,ERR,ERR,ERR,ERR,ERR,ERR,ERR,ERR,ERR,ERR,ERR,ERR,ERR,ERR,ERR,ERR,ERR,ERR,ERR,ERR,ERR,ERR,ERR,ERR,ERR,ERR,ERR,ERR,ERR,ERR,ERR,ERR,ERR,ERR,ERR,ERR,ERR,ERR,ERR,ERR,ERR,ERR,ERR,ERR,ERR,ERR,ERR,ERR,ERR,ERR,ERR,ERR,ERR,ERR,ERR,ERR,ERR,ERR,ERR,ERR,ERR,ERR,ERR,ERR,ERR,ERR,ERR,ERR,ERR,ERR,ERR,ERR,ERR,ERR,ERR,ERR,ERR,ERR,ERR,ERR,ERR,ERR,ERR,ERR,ERR,ERR,ERR,ERR,ERR,ERR,ERR,ERR,ERR,ERR,ERR,ERR,ERR,ERR,ERR,ERR,ERR,-0.0,-0.0,0.0,0.0,0.0,1.3936040501711995e+18,7.805,-0.0,0,0,4,48932,6720,14723890282496.0,100,0.0,0.0,0.0,0.0,0.0,0,0,0,0,0.0,0,0,0,0,0,0,0,0,0,0,0,0,0,0,0,0,0,0,0,0,0,0,0,0,0,0,0,0,0,0,0,0,0,26,51,50,76,65476,0,300,0,0,8,21553,0.0,-107605600.0,0.0,0.0,0.0,0.0,0.0,0.0,0.0,0.0,0.0,0.0,0.0,0.0,0.0,0.0,0.0,0.0,0.0,0.0,0.0,0.0,0.0,-0.0,0.0,-0.0,0.0,0.0,0.0,0.0,4767.0,-0.0,7317.0,-0.0,-0.0,-107615360.0,0.0,0.0,0.0,0.0,0.0,77,-0.0,0.059,0.0,0.0,0.0,0.0,0.0,0.0,0.0,0,0,0,0.0,0.0,0.0,0.0,0.0,0.0,0.0,0.0,0.0,0.0,0.0,0.0,0.0,0.0,0.0,0.0,0,-107875648.0,77,0.0,154,0.0,-0.0,ERR,ERR,ERR,ERR,ERR,ERR,ERR,ERR,ERR,ERR,ERR,ERR,ERR,ERR,ERR,ERR,ERR,ERR,ERR,ERR,ERR,ERR,ERR,ERR,ERR,ERR,ERR,ERR,ERR,ERR,ERR,ERR,ERR,ERR,ERR,ERR,ERR,ERR,ERR,ERR,ERR,ERR,ERR,ERR,ERR,ERR,ERR,ERR,ERR,ERR,ERR,ERR,ERR,ERR,ERR,ERR,ERR,ERR,ERR,ERR,ERR,ERR,ERR,ERR,ERR,ERR,ERR,34.0,80.0,35,0.0,0.0,0.0,0.0,0.0,0.0,0.0,0.0,0.0,0.0,0.0,0.0,0.0,0.0,0.0,0.0,66.0,0,120,58,54,65476,0,300,0,0,8,20529,65476,0,0,57672,80.0,0.0,0.0,0.0,0.0,0.0
2026-06-18T02:20:18,ERR,ERR,ERR,ERR,ERR,ERR,ERR,ERR,ERR,ERR,ERR,ERR,ERR,ERR,ERR,ERR,ERR,ERR,ERR,ERR,ERR,ERR,ERR,ERR,ERR,ERR,ERR,ERR,ERR,ERR,ERR,ERR,ERR,ERR,ERR,ERR,ERR,ERR,ERR,ERR,ERR,ERR,ERR,ERR,ERR,ERR,ERR,ERR,ERR,ERR,ERR,ERR,ERR,ERR,ERR,ERR,ERR,ERR,ERR,ERR,ERR,ERR,ERR,ERR,ERR,ERR,ERR,ERR,ERR,ERR,ERR,ERR,ERR,ERR,ERR,ERR,ERR,ERR,ERR,ERR,ERR,ERR,ERR,ERR,ERR,ERR,ERR,ERR,ERR,ERR,ERR,ERR,ERR,ERR,ERR,ERR,ERR,ERR,ERR,ERR,ERR,ERR,ERR,ERR,ERR,ERR,ERR,ERR,ERR,ERR,ERR,ERR,ERR,ERR,ERR,ERR,ERR,ERR,ERR,ERR,ERR,ERR,ERR,ERR,ERR,-0.0,-0.0,0.0,0.0,0.0,1.3936040501711995e+18,7.805,-0.0,0,0,4,48932,6720,14723890282496.0,100,0.0,0.0,0.0,0.0,0.0,0,0,0,0,0.0,0,0,0,0,0,0,0,0,0,0,0,0,0,0,0,0,0,0,0,0,0,0,0,0,0,0,0,0,0,0,0,0,0,26,51,50,76,65476,0,300,0,0,8,21553,0.0,-107605600.0,0.0,0.0,0.0,0.0,0.0,0.0,0.0,0.0,0.0,0.0,0.0,0.0,0.0,0.0,0.0,0.0,0.0,0.0,0.0,0.0,0.0,-0.0,0.0,-0.0,0.0,0.0,0.0,0.0,4767.0,-0.0,7317.0,-0.0,-0.0,-107615360.0,0.0,0.0,0.0,0.0,0.0,77,-0.0,0.059,0.0,0.0,0.0,0.0,0.0,0.0,0.0,0,0,0,0.0,0.0,0.0,0.0,0.0,0.0,0.0,0.0,0.0,0.0,0.0,0.0,0.0,0.0,0.0,0.0,0,-107875648.0,77,0.0,154,0.0,-0.0,ERR,ERR,ERR,ERR,ERR,ERR,ERR,ERR,ERR,ERR,ERR,ERR,ERR,ERR,ERR,ERR,ERR,ERR,ERR,ERR,ERR,ERR,ERR,ERR,ERR,ERR,ERR,ERR,ERR,ERR,ERR,ERR,ERR,ERR,ERR,ERR,ERR,ERR,ERR,ERR,ERR,ERR,ERR,ERR,ERR,ERR,ERR,ERR,ERR,ERR,ERR,ERR,ERR,ERR,ERR,ERR,ERR,ERR,ERR,ERR,ERR,ERR,ERR,ERR,ERR,ERR,ERR,34.0,80.0,35,0.0,0.0,0.0,0.0,0.0,0.0,0.0,0.0,0.0,0.0,0.0,0.0,0.0,0.0,0.0,0.0,66.0,0,120,58,54,65476,0,300,0,0,8,20529,65476,0,0,57672,80.0,0.0,0.0,0.0,0.0,0.0
2026-06-18T02:20:19,ERR,ERR,ERR,ERR,ERR,ERR,ERR,ERR,ERR,ERR,ERR,ERR,ERR,ERR,ERR,ERR,ERR,ERR,ERR,ERR,ERR,ERR,ERR,ERR,ERR,ERR,ERR,ERR,ERR,ERR,ERR,ERR,ERR,ERR,ERR,ERR,ERR,ERR,ERR,ERR,ERR,ERR,ERR,ERR,ERR,ERR,ERR,ERR,ERR,ERR,ERR,ERR,ERR,ERR,ERR,ERR,ERR,ERR,ERR,ERR,ERR,ERR,ERR,ERR,ERR,ERR,ERR,ERR,ERR,ERR,ERR,ERR,ERR,ERR,ERR,ERR,ERR,ERR,ERR,ERR,ERR,ERR,ERR,ERR,ERR,ERR,ERR,ERR,ERR,ERR,ERR,ERR,ERR,ERR,ERR,ERR,ERR,ERR,ERR,ERR,ERR,ERR,ERR,ERR,ERR,ERR,ERR,ERR,ERR,ERR,ERR,ERR,ERR,ERR,ERR,ERR,ERR,ERR,ERR,ERR,ERR,ERR,ERR,ERR,ERR,-0.0,2.718431101732002e+23,-0.0,2.718290229135658e+23,-0.0,1.3936040501711995e+18,7.805,-24226.301,0,0,4,48935,6720,14723890282496.0,100,0.0,0.0,0.0,2.718290229135658e+23,0.0,0,0,0,0,0.0,0,0,0,0,0,0,0,0,0,0,0,0,0,0,0,0,0,0,0,0,0,0,0,0,0,0,0,0,0,0,0,0,0,26,51,50,76,65476,0,300,0,0,8,21553,0.0,-107605600.0,0.0,0.0,0.0,0.0,0.0,0.0,0.0,0.0,0.0,0.0,0.0,0.0,0.0,0.0,0.0,0.0,0.0,0.0,0.0,0.0,0.0,-2.004,0.0,-0.0,0.0,0.0,0.0,0.0,4762.0,-0.0,7316.0,-0.0,-0.0,-107615360.0,0.0,0.0,0.0,0.0,0.0,77,-0.0,0.0,0.0,0.0,0.0,0.0,0.0,0.0,0.0,0,0,0,0.0,0.0,0.0,0.0,0.0,0.0,0.0,0.0,0.0,0.0,0.0,0.0,0.0,0.0,0.0,0.0,0,-107875648.0,77,0.0,154,0.0,-0.0,ERR,ERR,ERR,ERR,ERR,ERR,ERR,ERR,ERR,ERR,ERR,ERR,ERR,ERR,ERR,ERR,ERR,ERR,ERR,ERR,ERR,ERR,ERR,ERR,ERR,ERR,ERR,ERR,ERR,ERR,ERR,ERR,ERR,ERR,ERR,ERR,ERR,ERR,ERR,ERR,ERR,ERR,ERR,ERR,ERR,ERR,ERR,ERR,ERR,ERR,ERR,ERR,ERR,ERR,ERR,ERR,ERR,ERR,ERR,ERR,ERR,ERR,ERR,ERR,ERR,ERR,ERR,34.0,80.0,35,0.0,0.0,0.0,0.0,0.0,0.0,0.0,0.0,0.0,0.0,0.0,0.0,0.0,0.0,0.0,0.0,66.0,0,120,58,54,65476,0,300,0,0,8,20529,65476,0,0,57672,80.0,0.0,0.0,0.0,0.0,0.0
2026-06-18T02:20:20,ERR,ERR,ERR,ERR,ERR,ERR,ERR,ERR,ERR,ERR,ERR,ERR,ERR,ERR,ERR,ERR,ERR,ERR,ERR,ERR,ERR,ERR,ERR,ERR,ERR,ERR,ERR,ERR,ERR,ERR,ERR,ERR,ERR,ERR,ERR,ERR,ERR,ERR,ERR,ERR,ERR,ERR,ERR,ERR,ERR,ERR,ERR,ERR,ERR,ERR,ERR,ERR,ERR,ERR,ERR,ERR,ERR,ERR,ERR,ERR,ERR,ERR,ERR,ERR,ERR,ERR,ERR,ERR,ERR,ERR,ERR,ERR,ERR,ERR,ERR,ERR,ERR,ERR,ERR,ERR,ERR,ERR,ERR,ERR,ERR,ERR,ERR,ERR,ERR,ERR,ERR,ERR,ERR,ERR,ERR,ERR,ERR,ERR,ERR,ERR,ERR,ERR,ERR,ERR,ERR,ERR,ERR,ERR,ERR,ERR,ERR,ERR,ERR,ERR,ERR,ERR,ERR,ERR,ERR,ERR,ERR,ERR,ERR,ERR,ERR,-0.0,2.718431101732002e+23,-0.0,2.718290229135658e+23,-0.0,1.3936040501711995e+18,7.805,-24226.301,0,0,4,48935,6720,14723890282496.0,100,0.0,0.0,0.0,2.718290229135658e+23,0.0,0,0,0,0,0.0,0,0,0,0,0,0,0,0,0,0,0,0,0,0,0,0,0,0,0,0,0,0,0,0,0,0,0,0,0,0,0,0,0,26,51,50,76,65476,0,300,0,0,8,21553,0.0,-107605600.0,0.0,0.0,0.0,0.0,0.0,0.0,0.0,0.0,0.0,0.0,0.0,0.0,0.0,0.0,0.0,0.0,0.0,0.0,0.0,0.0,0.0,-2.004,0.0,-0.0,0.0,0.0,0.0,0.0,4762.0,-0.0,7316.0,-0.0,-0.0,-107615360.0,0.0,0.0,0.0,0.0,0.0,77,-0.0,0.0,0.0,0.0,0.0,0.0,0.0,0.0,0.0,0,0,0,0.0,0.0,0.0,0.0,0.0,0.0,0.0,0.0,0.0,0.0,0.0,0.0,0.0,0.0,0.0,0.0,0,-107875648.0,77,0.0,154,0.0,-0.0,ERR,ERR,ERR,ERR,ERR,ERR,ERR,ERR,ERR,ERR,ERR,ERR,ERR,ERR,ERR,ERR,ERR,ERR,ERR,ERR,ERR,ERR,ERR,ERR,ERR,ERR,ERR,ERR,ERR,ERR,ERR,ERR,ERR,ERR,ERR,ERR,ERR,ERR,ERR,ERR,ERR,ERR,ERR,ERR,ERR,ERR,ERR,ERR,ERR,ERR,ERR,ERR,ERR,ERR,ERR,ERR,ERR,ERR,ERR,ERR,ERR,ERR,ERR,ERR,ERR,ERR,ERR,34.0,80.0,35,0.0,0.0,0.0,0.0,0.0,0.0,0.0,0.0,0.0,0.0,0.0,0.0,0.0,0.0,0.0,0.0,66.0,0,120,58,54,65476,0,300,0,0,8,20529,65476,0,0,57672,80.0,0.0,0.0,0.0,0.0,0.0
2026-06-18T02:20:21,ERR,ERR,ERR,ERR,ERR,ERR,ERR,ERR,ERR,ERR,ERR,ERR,ERR,ERR,ERR,ERR,ERR,ERR,ERR,ERR,ERR,ERR,ERR,ERR,ERR,ERR,ERR,ERR,ERR,ERR,ERR,ERR,ERR,ERR,ERR,ERR,ERR,ERR,ERR,ERR,ERR,ERR,ERR,ERR,ERR,ERR,ERR,ERR,ERR,ERR,ERR,ERR,ERR,ERR,ERR,ERR,ERR,ERR,ERR,ERR,ERR,ERR,ERR,ERR,ERR,ERR,ERR,ERR,ERR,ERR,ERR,ERR,ERR,ERR,ERR,ERR,ERR,ERR,ERR,ERR,ERR,ERR,ERR,ERR,ERR,ERR,ERR,ERR,ERR,ERR,ERR,ERR,ERR,ERR,ERR,ERR,ERR,ERR,ERR,ERR,ERR,ERR,ERR,ERR,ERR,ERR,ERR,ERR,ERR,ERR,ERR,ERR,ERR,ERR,ERR,ERR,ERR,ERR,ERR,ERR,ERR,ERR,ERR,ERR,ERR,-0.0,2.718431101732002e+23,-0.0,2.718290229135658e+23,-0.0,1.3936040501711995e+18,7.805,-24226.301,0,0,4,48935,6720,14723890282496.0,100,0.0,0.0,0.0,2.718290229135658e+23,0.0,0,0,0,0,0.0,0,0,0,0,0,0,0,0,0,0,0,0,0,0,0,0,0,0,0,0,0,0,0,0,0,0,0,0,0,0,0,0,0,26,51,50,76,65476,0,300,0,0,8,21553,0.0,-107605600.0,0.0,0.0,0.0,0.0,0.0,0.0,0.0,0.0,0.0,0.0,0.0,0.0,0.0,0.0,0.0,0.0,0.0,0.0,0.0,0.0,0.0,-2.004,0.0,-0.0,0.0,0.0,0.0,0.0,4762.0,-0.0,7316.0,-0.0,-0.0,-107615360.0,0.0,0.0,0.0,0.0,0.0,77,-0.0,0.0,0.0,0.0,0.0,0.0,0.0,0.0,0.0,0,0,0,0.0,0.0,0.0,0.0,0.0,0.0,0.0,0.0,0.0,0.0,0.0,0.0,0.0,0.0,0.0,0.0,0,-107875648.0,77,0.0,154,0.0,-0.0,ERR,ERR,ERR,ERR,ERR,ERR,ERR,ERR,ERR,ERR,ERR,ERR,ERR,ERR,ERR,ERR,ERR,ERR,ERR,ERR,ERR,ERR,ERR,ERR,ERR,ERR,ERR,ERR,ERR,ERR,ERR,ERR,ERR,ERR,ERR,ERR,ERR,ERR,ERR,ERR,ERR,ERR,ERR,ERR,ERR,ERR,ERR,ERR,ERR,ERR,ERR,ERR,ERR,ERR,ERR,ERR,ERR,ERR,ERR,ERR,ERR,ERR,ERR,ERR,ERR,ERR,ERR,34.0,80.0,35,0.0,0.0,0.0,0.0,0.0,0.0,0.0,0.0,0.0,0.0,0.0,0.0,0.0,0.0,0.0,0.0,66.0,0,120,58,54,65476,0,300,0,0,8,20529,65476,0,0,57672,80.0,0.0,0.0,0.0,0.0,0.0
2026-06-18T02:20:22,ERR,ERR,ERR,ERR,ERR,ERR,ERR,ERR,ERR,ERR,ERR,ERR,ERR,ERR,ERR,ERR,ERR,ERR,ERR,ERR,ERR,ERR,ERR,ERR,ERR,ERR,ERR,ERR,ERR,ERR,ERR,ERR,ERR,ERR,ERR,ERR,ERR,ERR,ERR,ERR,ERR,ERR,ERR,ERR,ERR,ERR,ERR,ERR,ERR,ERR,ERR,ERR,ERR,ERR,ERR,ERR,ERR,ERR,ERR,ERR,ERR,ERR,ERR,ERR,ERR,ERR,ERR,ERR,ERR,ERR,ERR,ERR,ERR,ERR,ERR,ERR,ERR,ERR,ERR,ERR,ERR,ERR,ERR,ERR,ERR,ERR,ERR,ERR,ERR,ERR,ERR,ERR,ERR,ERR,ERR,ERR,ERR,ERR,ERR,ERR,ERR,ERR,ERR,ERR,ERR,ERR,ERR,ERR,ERR,ERR,ERR,ERR,ERR,ERR,ERR,ERR,ERR,ERR,ERR,ERR,ERR,ERR,ERR,ERR,ERR,-0.0,2.718431101732002e+23,-0.0,2.718290229135658e+23,-0.0,1.3936040501711995e+18,7.805,-24226.301,0,0,4,48935,6720,14723890282496.0,100,0.0,0.0,0.0,2.718290229135658e+23,0.0,0,0,0,0,0.0,0,0,0,0,0,0,0,0,0,0,0,0,0,0,0,0,0,0,0,0,0,0,0,0,0,0,0,0,0,0,0,0,0,26,51,50,76,65476,0,300,0,0,8,21553,0.0,-107605600.0,0.0,0.0,0.0,0.0,0.0,0.0,0.0,0.0,0.0,0.0,0.0,0.0,0.0,0.0,0.0,0.0,0.0,0.0,0.0,0.0,0.0,-2.004,0.0,-0.0,0.0,0.0,0.0,0.0,4762.0,-0.0,7316.0,-0.0,-0.0,-107615360.0,0.0,0.0,0.0,0.0,0.0,77,-0.0,0.0,0.0,0.0,0.0,0.0,0.0,0.0,0.0,0,0,0,0.0,0.0,0.0,0.0,0.0,0.0,0.0,0.0,0.0,0.0,0.0,0.0,0.0,0.0,0.0,0.0,0,-107875648.0,77,0.0,154,0.0,-0.0,ERR,ERR,ERR,ERR,ERR,ERR,ERR,ERR,ERR,ERR,ERR,ERR,ERR,ERR,ERR,ERR,ERR,ERR,ERR,ERR,ERR,ERR,ERR,ERR,ERR,ERR,ERR,ERR,ERR,ERR,ERR,ERR,ERR,ERR,ERR,ERR,ERR,ERR,ERR,ERR,ERR,ERR,ERR,ERR,ERR,ERR,ERR,ERR,ERR,ERR,ERR,ERR,ERR,ERR,ERR,ERR,ERR,ERR,ERR,ERR,ERR,ERR,ERR,ERR,ERR,ERR,ERR,34.0,80.0,35,0.0,0.0,0.0,0.0,0.0,0.0,0.0,0.0,0.0,0.0,0.0,0.0,0.0,0.0,0.0,0.0,66.0,0,120,58,54,65476,0,300,0,0,8,20529,65476,0,0,57672,80.0,0.0,0.0,0.0,0.0,0.0
2026-06-18T02:20:23,ERR,ERR,ERR,ERR,ERR,ERR,ERR,ERR,ERR,ERR,ERR,ERR,ERR,ERR,ERR,ERR,ERR,ERR,ERR,ERR,ERR,ERR,ERR,ERR,ERR,ERR,ERR,ERR,ERR,ERR,ERR,ERR,ERR,ERR,ERR,ERR,ERR,ERR,ERR,ERR,ERR,ERR,ERR,ERR,ERR,ERR,ERR,ERR,ERR,ERR,ERR,ERR,ERR,ERR,ERR,ERR,ERR,ERR,ERR,ERR,ERR,ERR,ERR,ERR,ERR,ERR,ERR,ERR,ERR,ERR,ERR,ERR,ERR,ERR,ERR,ERR,ERR,ERR,ERR,ERR,ERR,ERR,ERR,ERR,ERR,ERR,ERR,ERR,ERR,ERR,ERR,ERR,ERR,ERR,ERR,ERR,ERR,ERR,ERR,ERR,ERR,ERR,ERR,ERR,ERR,ERR,ERR,ERR,ERR,ERR,ERR,ERR,ERR,ERR,ERR,ERR,ERR,ERR,ERR,ERR,ERR,ERR,ERR,ERR,ERR,-0.0,2.718431101732002e+23,-0.0,2.718290229135658e+23,-0.0,1.3936040501711995e+18,7.805,-24226.301,0,0,4,48935,6720,14723890282496.0,100,0.0,0.0,0.0,2.718290229135658e+23,0.0,0,0,0,0,0.0,0,0,0,0,0,0,0,0,0,0,0,0,0,0,0,0,0,0,0,0,0,0,0,0,0,0,0,0,0,0,0,0,0,26,51,50,76,65476,0,300,0,0,8,21553,0.0,-107605600.0,0.0,0.0,0.0,0.0,0.0,0.0,0.0,0.0,0.0,0.0,0.0,0.0,0.0,0.0,0.0,0.0,0.0,0.0,0.0,0.0,0.0,-2.004,0.0,-0.0,0.0,0.0,0.0,0.0,4762.0,-0.0,7316.0,-0.0,-0.0,-107615360.0,0.0,0.0,0.0,0.0,0.0,77,-0.0,0.0,0.0,0.0,0.0,0.0,0.0,0.0,0.0,0,0,0,0.0,0.0,0.0,0.0,0.0,0.0,0.0,0.0,0.0,0.0,0.0,0.0,0.0,0.0,0.0,0.0,0,-107875648.0,77,0.0,154,0.0,-0.0,ERR,ERR,ERR,ERR,ERR,ERR,ERR,ERR,ERR,ERR,ERR,ERR,ERR,ERR,ERR,ERR,ERR,ERR,ERR,ERR,ERR,ERR,ERR,ERR,ERR,ERR,ERR,ERR,ERR,ERR,ERR,ERR,ERR,ERR,ERR,ERR,ERR,ERR,ERR,ERR,ERR,ERR,ERR,ERR,ERR,ERR,ERR,ERR,ERR,ERR,ERR,ERR,ERR,ERR,ERR,ERR,ERR,ERR,ERR,ERR,ERR,ERR,ERR,ERR,ERR,ERR,ERR,34.0,80.0,35,0.0,0.0,0.0,0.0,0.0,0.0,0.0,0.0,0.0,0.0,0.0,0.0,0.0,0.0,0.0,0.0,66.0,0,120,58,54,65476,0,300,0,0,8,20529,65476,0,0,57672,80.0,0.0,0.0,0.0,0.0,0.0
2026-06-18T02:20:24,ERR,ERR,ERR,ERR,ERR,ERR,ERR,ERR,ERR,ERR,ERR,ERR,ERR,ERR,ERR,ERR,ERR,ERR,ERR,ERR,ERR,ERR,ERR,ERR,ERR,ERR,ERR,ERR,ERR,ERR,ERR,ERR,ERR,ERR,ERR,ERR,ERR,ERR,ERR,ERR,ERR,ERR,ERR,ERR,ERR,ERR,ERR,ERR,ERR,ERR,ERR,ERR,ERR,ERR,ERR,ERR,ERR,ERR,ERR,ERR,ERR,ERR,ERR,ERR,ERR,ERR,ERR,ERR,ERR,ERR,ERR,ERR,ERR,ERR,ERR,ERR,ERR,ERR,ERR,ERR,ERR,ERR,ERR,ERR,ERR,ERR,ERR,ERR,ERR,ERR,ERR,ERR,ERR,ERR,ERR,ERR,ERR,ERR,ERR,ERR,ERR,ERR,ERR,ERR,ERR,ERR,ERR,ERR,ERR,ERR,ERR,ERR,ERR,ERR,ERR,ERR,ERR,ERR,ERR,ERR,ERR,ERR,ERR,ERR,ERR,-0.0,2.718431101732002e+23,-0.0,2.718290229135658e+23,-0.0,1.3936040501711995e+18,7.805,-24226.301,0,0,4,48935,6720,14723890282496.0,100,0.0,0.0,0.0,2.718290229135658e+23,0.0,0,0,0,0,0.0,0,0,0,0,0,0,0,0,0,0,0,0,0,0,0,0,0,0,0,0,0,0,0,0,0,0,0,0,0,0,0,0,0,26,51,50,76,65476,0,300,0,0,8,21553,0.0,-107605600.0,0.0,0.0,0.0,0.0,0.0,0.0,0.0,0.0,0.0,0.0,0.0,0.0,0.0,0.0,0.0,0.0,0.0,0.0,0.0,0.0,0.0,-2.004,0.0,-0.0,0.0,0.0,0.0,0.0,4762.0,-0.0,7316.0,-0.0,-0.0,-107615360.0,0.0,0.0,0.0,0.0,0.0,77,-0.0,0.0,0.0,0.0,0.0,0.0,0.0,0.0,0.0,0,0,0,0.0,0.0,0.0,0.0,0.0,0.0,0.0,0.0,0.0,0.0,0.0,0.0,0.0,0.0,0.0,0.0,0,-107875648.0,77,0.0,154,0.0,-0.0,ERR,ERR,ERR,ERR,ERR,ERR,ERR,ERR,ERR,ERR,ERR,ERR,ERR,ERR,ERR,ERR,ERR,ERR,ERR,ERR,ERR,ERR,ERR,ERR,ERR,ERR,ERR,ERR,ERR,ERR,ERR,ERR,ERR,ERR,ERR,ERR,ERR,ERR,ERR,ERR,ERR,ERR,ERR,ERR,ERR,ERR,ERR,ERR,ERR,ERR,ERR,ERR,ERR,ERR,ERR,ERR,ERR,ERR,ERR,ERR,ERR,ERR,ERR,ERR,ERR,ERR,ERR,34.0,80.0,35,0.0,0.0,0.0,0.0,0.0,0.0,0.0,0.0,0.0,0.0,0.0,0.0,0.0,0.0,0.0,0.0,66.0,0,120,58,54,65476,0,300,0,0,8,20529,65476,0,0,57672,80.0,0.0,0.0,0.0,0.0,0.0
2026-06-18T02:20:25,ERR,ERR,ERR,ERR,ERR,ERR,ERR,ERR,ERR,ERR,ERR,ERR,ERR,ERR,ERR,ERR,ERR,ERR,ERR,ERR,ERR,ERR,ERR,ERR,ERR,ERR,ERR,ERR,ERR,ERR,ERR,ERR,ERR,ERR,ERR,ERR,ERR,ERR,ERR,ERR,ERR,ERR,ERR,ERR,ERR,ERR,ERR,ERR,ERR,ERR,ERR,ERR,ERR,ERR,ERR,ERR,ERR,ERR,ERR,ERR,ERR,ERR,ERR,ERR,ERR,ERR,ERR,ERR,ERR,ERR,ERR,ERR,ERR,ERR,ERR,ERR,ERR,ERR,ERR,ERR,ERR,ERR,ERR,ERR,ERR,ERR,ERR,ERR,ERR,ERR,ERR,ERR,ERR,ERR,ERR,ERR,ERR,ERR,ERR,ERR,ERR,ERR,ERR,ERR,ERR,ERR,ERR,ERR,ERR,ERR,ERR,ERR,ERR,ERR,ERR,ERR,ERR,ERR,ERR,ERR,ERR,ERR,ERR,ERR,ERR,-0.0,-0.0,0.0,-0.0,-0.0,1.3936040501711995e+18,7.805,0.0,0,0,4,48908,6720,14723890282496.0,100,0.0,0.0,0.0,-4.9501291711397626e+32,0.0,0,0,0,0,0.0,0,0,0,0,0,0,0,0,0,0,0,0,0,0,0,0,0,0,0,0,0,0,0,0,0,0,0,0,0,0,0,0,0,26,51,50,76,65476,0,300,0,0,8,21553,0.0,-107605600.0,0.0,0.0,0.0,0.0,0.0,0.0,0.0,0.0,0.0,0.0,0.0,0.0,0.0,0.0,0.0,0.0,0.0,0.0,0.0,0.0,0.0,-0.0,0.0,-0.0,0.0,0.0,0.0,0.0,4766.0,-0.0,7313.0,-0.0,2.718431101732002e+23,-107615360.0,0.0,0.0,0.0,0.0,0.0,77,-0.0,0.0,0.0,0.0,0.0,0.0,0.0,0.0,0.0,0,0,0,0.0,0.0,0.0,0.0,0.0,0.0,0.0,0.0,0.0,0.0,0.0,0.0,0.0,0.0,0.0,0.0,0,-107875648.0,77,0.0,154,0.0,-0.0,ERR,ERR,ERR,ERR,ERR,ERR,ERR,ERR,ERR,ERR,ERR,ERR,ERR,ERR,ERR,ERR,ERR,ERR,ERR,ERR,ERR,ERR,ERR,ERR,ERR,ERR,ERR,ERR,ERR,ERR,ERR,ERR,ERR,ERR,ERR,ERR,ERR,ERR,ERR,ERR,ERR,ERR,ERR,ERR,ERR,ERR,ERR,ERR,ERR,ERR,ERR,ERR,ERR,ERR,ERR,ERR,ERR,ERR,ERR,ERR,ERR,ERR,ERR,ERR,ERR,ERR,ERR,34.0,80.0,35,0.0,0.0,0.0,0.0,0.0,0.0,0.0,0.0,0.0,0.0,0.0,0.0,0.0,0.0,0.0,0.0,66.0,0,120,58,54,65476,0,300,0,0,8,20529,65476,0,0,57672,80.0,0.0,0.0,0.0,0.0,0.0
2026-06-18T02:20:26,ERR,ERR,ERR,ERR,ERR,ERR,ERR,ERR,ERR,ERR,ERR,ERR,ERR,ERR,ERR,ERR,ERR,ERR,ERR,ERR,ERR,ERR,ERR,ERR,ERR,ERR,ERR,ERR,ERR,ERR,ERR,ERR,ERR,ERR,ERR,ERR,ERR,ERR,ERR,ERR,ERR,ERR,ERR,ERR,ERR,ERR,ERR,ERR,ERR,ERR,ERR,ERR,ERR,ERR,ERR,ERR,ERR,ERR,ERR,ERR,ERR,ERR,ERR,ERR,ERR,ERR,ERR,ERR,ERR,ERR,ERR,ERR,ERR,ERR,ERR,ERR,ERR,ERR,ERR,ERR,ERR,ERR,ERR,ERR,ERR,ERR,ERR,ERR,ERR,ERR,ERR,ERR,ERR,ERR,ERR,ERR,ERR,ERR,ERR,ERR,ERR,ERR,ERR,ERR,ERR,ERR,ERR,ERR,ERR,ERR,ERR,ERR,ERR,ERR,ERR,ERR,ERR,ERR,ERR,ERR,ERR,ERR,ERR,ERR,ERR,-0.0,-0.0,0.0,-0.0,-0.0,1.3936040501711995e+18,7.805,0.0,0,0,4,48908,6720,14723890282496.0,100,0.0,0.0,0.0,-4.9501291711397626e+32,0.0,0,0,0,0,0.0,0,0,0,0,0,0,0,0,0,0,0,0,0,0,0,0,0,0,0,0,0,0,0,0,0,0,0,0,0,0,0,0,0,26,51,50,76,65476,0,300,0,0,8,21553,0.0,-107605600.0,0.0,0.0,0.0,0.0,0.0,0.0,0.0,0.0,0.0,0.0,0.0,0.0,0.0,0.0,0.0,0.0,0.0,0.0,0.0,0.0,0.0,-0.0,0.0,-0.0,0.0,0.0,0.0,0.0,4766.0,-0.0,7313.0,-0.0,2.718431101732002e+23,-107615360.0,0.0,0.0,0.0,0.0,0.0,77,-0.0,0.0,0.0,0.0,0.0,0.0,0.0,0.0,0.0,0,0,0,0.0,0.0,0.0,0.0,0.0,0.0,0.0,0.0,0.0,0.0,0.0,0.0,0.0,0.0,0.0,0.0,0,-107875648.0,77,0.0,154,0.0,-0.0,ERR,ERR,ERR,ERR,ERR,ERR,ERR,ERR,ERR,ERR,ERR,ERR,ERR,ERR,ERR,ERR,ERR,ERR,ERR,ERR,ERR,ERR,ERR,ERR,ERR,ERR,ERR,ERR,ERR,ERR,ERR,ERR,ERR,ERR,ERR,ERR,ERR,ERR,ERR,ERR,ERR,ERR,ERR,ERR,ERR,ERR,ERR,ERR,ERR,ERR,ERR,ERR,ERR,ERR,ERR,ERR,ERR,ERR,ERR,ERR,ERR,ERR,ERR,ERR,ERR,ERR,ERR,34.0,80.0,35,0.0,0.0,0.0,0.0,0.0,0.0,0.0,0.0,0.0,0.0,0.0,0.0,0.0,0.0,0.0,0.0,66.0,0,120,58,54,65476,0,300,0,0,8,20529,65476,0,0,57672,80.0,0.0,0.0,0.0,0.0,0.0
2026-06-18T02:20:27,ERR,ERR,ERR,ERR,ERR,ERR,ERR,ERR,ERR,ERR,ERR,ERR,ERR,ERR,ERR,ERR,ERR,ERR,ERR,ERR,ERR,ERR,ERR,ERR,ERR,ERR,ERR,ERR,ERR,ERR,ERR,ERR,ERR,ERR,ERR,ERR,ERR,ERR,ERR,ERR,ERR,ERR,ERR,ERR,ERR,ERR,ERR,ERR,ERR,ERR,ERR,ERR,ERR,ERR,ERR,ERR,ERR,ERR,ERR,ERR,ERR,ERR,ERR,ERR,ERR,ERR,ERR,ERR,ERR,ERR,ERR,ERR,ERR,ERR,ERR,ERR,ERR,ERR,ERR,ERR,ERR,ERR,ERR,ERR,ERR,ERR,ERR,ERR,ERR,ERR,ERR,ERR,ERR,ERR,ERR,ERR,ERR,ERR,ERR,ERR,ERR,ERR,ERR,ERR,ERR,ERR,ERR,ERR,ERR,ERR,ERR,ERR,ERR,ERR,ERR,ERR,ERR,ERR,ERR,ERR,ERR,ERR,ERR,ERR,ERR,-0.0,-0.0,0.0,-0.0,-0.0,1.3936040501711995e+18,7.805,0.0,0,0,4,48908,6720,14723890282496.0,100,0.0,0.0,0.0,-4.9501291711397626e+32,0.0,0,0,0,0,0.0,0,0,0,0,0,0,0,0,0,0,0,0,0,0,0,0,0,0,0,0,0,0,0,0,0,0,0,0,0,0,0,0,0,26,51,50,76,65476,0,300,0,0,8,21553,0.0,-107605600.0,0.0,0.0,0.0,0.0,0.0,0.0,0.0,0.0,0.0,0.0,0.0,0.0,0.0,0.0,0.0,0.0,0.0,0.0,0.0,0.0,0.0,-0.0,0.0,-0.0,0.0,0.0,0.0,0.0,4766.0,-0.0,7313.0,-0.0,2.718431101732002e+23,-107615360.0,0.0,0.0,0.0,0.0,0.0,77,-0.0,0.0,0.0,0.0,0.0,0.0,0.0,0.0,0.0,0,0,0,0.0,0.0,0.0,0.0,0.0,0.0,0.0,0.0,0.0,0.0,0.0,0.0,0.0,0.0,0.0,0.0,0,-107875648.0,77,0.0,154,0.0,-0.0,ERR,ERR,ERR,ERR,ERR,ERR,ERR,ERR,ERR,ERR,ERR,ERR,ERR,ERR,ERR,ERR,ERR,ERR,ERR,ERR,ERR,ERR,ERR,ERR,ERR,ERR,ERR,ERR,ERR,ERR,ERR,ERR,ERR,ERR,ERR,ERR,ERR,ERR,ERR,ERR,ERR,ERR,ERR,ERR,ERR,ERR,ERR,ERR,ERR,ERR,ERR,ERR,ERR,ERR,ERR,ERR,ERR,ERR,ERR,ERR,ERR,ERR,ERR,ERR,ERR,ERR,ERR,34.0,80.0,35,0.0,0.0,0.0,0.0,0.0,0.0,0.0,0.0,0.0,0.0,0.0,0.0,0.0,0.0,0.0,0.0,66.4,0,120,58,54,65476,0,300,0,0,8,20529,65476,0,0,57672,80.0,0.0,0.0,0.0,0.0,0.0
2026-06-18T02:20:28,ERR,ERR,ERR,ERR,ERR,ERR,ERR,ERR,ERR,ERR,ERR,ERR,ERR,ERR,ERR,ERR,ERR,ERR,ERR,ERR,ERR,ERR,ERR,ERR,ERR,ERR,ERR,ERR,ERR,ERR,ERR,ERR,ERR,ERR,ERR,ERR,ERR,ERR,ERR,ERR,ERR,ERR,ERR,ERR,ERR,ERR,ERR,ERR,ERR,ERR,ERR,ERR,ERR,ERR,ERR,ERR,ERR,ERR,ERR,ERR,ERR,ERR,ERR,ERR,ERR,ERR,ERR,ERR,ERR,ERR,ERR,ERR,ERR,ERR,ERR,ERR,ERR,ERR,ERR,ERR,ERR,ERR,ERR,ERR,ERR,ERR,ERR,ERR,ERR,ERR,ERR,ERR,ERR,ERR,ERR,ERR,ERR,ERR,ERR,ERR,ERR,ERR,ERR,ERR,ERR,ERR,ERR,ERR,ERR,ERR,ERR,ERR,ERR,ERR,ERR,ERR,ERR,ERR,ERR,ERR,ERR,ERR,ERR,ERR,ERR,-0.0,-0.0,0.0,-0.0,-0.0,1.3936040501711995e+18,7.805,0.0,0,0,4,48908,6720,14723890282496.0,100,0.0,0.0,0.0,-4.9501291711397626e+32,0.0,0,0,0,0,0.0,0,0,0,0,0,0,0,0,0,0,0,0,0,0,0,0,0,0,0,0,0,0,0,0,0,0,0,0,0,0,0,0,0,26,51,50,76,65476,0,300,0,0,8,21553,0.0,-107605600.0,0.0,0.0,0.0,0.0,0.0,0.0,0.0,0.0,0.0,0.0,0.0,0.0,0.0,0.0,0.0,0.0,0.0,0.0,0.0,0.0,0.0,-0.0,0.0,-0.0,0.0,0.0,0.0,0.0,4766.0,-0.0,7313.0,-0.0,2.718431101732002e+23,-107615360.0,0.0,0.0,0.0,0.0,0.0,77,-0.0,0.0,0.0,0.0,0.0,0.0,0.0,0.0,0.0,0,0,0,0.0,0.0,0.0,0.0,0.0,0.0,0.0,0.0,0.0,0.0,0.0,0.0,0.0,0.0,0.0,0.0,0,-107875648.0,77,0.0,154,0.0,-0.0,ERR,ERR,ERR,ERR,ERR,ERR,ERR,ERR,ERR,ERR,ERR,ERR,ERR,ERR,ERR,ERR,ERR,ERR,ERR,ERR,ERR,ERR,ERR,ERR,ERR,ERR,ERR,ERR,ERR,ERR,ERR,ERR,ERR,ERR,ERR,ERR,ERR,ERR,ERR,ERR,ERR,ERR,ERR,ERR,ERR,ERR,ERR,ERR,ERR,ERR,ERR,ERR,ERR,ERR,ERR,ERR,ERR,ERR,ERR,ERR,ERR,ERR,ERR,ERR,ERR,ERR,ERR,34.0,80.0,35,0.0,0.0,0.0,0.0,0.0,0.0,0.0,0.0,0.0,0.0,0.0,0.0,0.0,0.0,0.0,0.0,66.4,0,120,58,54,65476,0,300,0,0,8,20529,65476,0,0,57672,80.0,0.0,0.0,0.0,0.0,0.0
2026-06-18T02:20:29,ERR,ERR,ERR,ERR,ERR,ERR,ERR,ERR,ERR,ERR,ERR,ERR,ERR,ERR,ERR,ERR,ERR,ERR,ERR,ERR,ERR,ERR,ERR,ERR,ERR,ERR,ERR,ERR,ERR,ERR,ERR,ERR,ERR,ERR,ERR,ERR,ERR,ERR,ERR,ERR,ERR,ERR,ERR,ERR,ERR,ERR,ERR,ERR,ERR,ERR,ERR,ERR,ERR,ERR,ERR,ERR,ERR,ERR,ERR,ERR,ERR,ERR,ERR,ERR,ERR,ERR,ERR,ERR,ERR,ERR,ERR,ERR,ERR,ERR,ERR,ERR,ERR,ERR,ERR,ERR,ERR,ERR,ERR,ERR,ERR,ERR,ERR,ERR,ERR,ERR,ERR,ERR,ERR,ERR,ERR,ERR,ERR,ERR,ERR,ERR,ERR,ERR,ERR,ERR,ERR,ERR,ERR,ERR,ERR,ERR,ERR,ERR,ERR,ERR,ERR,ERR,ERR,ERR,ERR,ERR,ERR,ERR,ERR,ERR,ERR,-0.0,-0.0,0.0,-0.0,-0.0,1.3936040501711995e+18,7.805,0.0,0,0,4,48908,6720,14723890282496.0,100,0.0,0.0,0.0,-4.9501291711397626e+32,0.0,0,0,0,0,0.0,0,0,0,0,0,0,0,0,0,0,0,0,0,0,0,0,0,0,0,0,0,0,0,0,0,0,0,0,0,0,0,0,0,26,51,50,76,65476,0,300,0,0,8,21553,0.0,-107605600.0,0.0,0.0,0.0,0.0,0.0,0.0,0.0,0.0,0.0,0.0,0.0,0.0,0.0,0.0,0.0,0.0,0.0,0.0,0.0,0.0,0.0,-0.0,0.0,-0.0,0.0,0.0,0.0,0.0,4766.0,-0.0,7313.0,-0.0,2.718431101732002e+23,-107615360.0,0.0,0.0,0.0,0.0,0.0,77,-0.0,0.0,0.0,0.0,0.0,0.0,0.0,0.0,0.0,0,0,0,0.0,0.0,0.0,0.0,0.0,0.0,0.0,0.0,0.0,0.0,0.0,0.0,0.0,0.0,0.0,0.0,0,-107875648.0,77,0.0,154,0.0,-0.0,ERR,ERR,ERR,ERR,ERR,ERR,ERR,ERR,ERR,ERR,ERR,ERR,ERR,ERR,ERR,ERR,ERR,ERR,ERR,ERR,ERR,ERR,ERR,ERR,ERR,ERR,ERR,ERR,ERR,ERR,ERR,ERR,ERR,ERR,ERR,ERR,ERR,ERR,ERR,ERR,ERR,ERR,ERR,ERR,ERR,ERR,ERR,ERR,ERR,ERR,ERR,ERR,ERR,ERR,ERR,ERR,ERR,ERR,ERR,ERR,ERR,ERR,ERR,ERR,ERR,ERR,ERR,34.0,80.0,35,0.0,0.0,0.0,0.0,0.0,0.0,0.0,0.0,0.0,0.0,0.0,0.0,0.0,0.0,0.0,0.0,66.0,0,120,58,54,65476,0,300,0,0,8,20529,65476,0,0,57672,80.0,0.0,0.0,0.0,0.0,0.0
2026-06-18T02:20:30,ERR,ERR,ERR,ERR,ERR,ERR,ERR,ERR,ERR,ERR,ERR,ERR,ERR,ERR,ERR,ERR,ERR,ERR,ERR,ERR,ERR,ERR,ERR,ERR,ERR,ERR,ERR,ERR,ERR,ERR,ERR,ERR,ERR,ERR,ERR,ERR,ERR,ERR,ERR,ERR,ERR,ERR,ERR,ERR,ERR,ERR,ERR,ERR,ERR,ERR,ERR,ERR,ERR,ERR,ERR,ERR,ERR,ERR,ERR,ERR,ERR,ERR,ERR,ERR,ERR,ERR,ERR,ERR,ERR,ERR,ERR,ERR,ERR,ERR,ERR,ERR,ERR,ERR,ERR,ERR,ERR,ERR,ERR,ERR,ERR,ERR,ERR,ERR,ERR,ERR,ERR,ERR,ERR,ERR,ERR,ERR,ERR,ERR,ERR,ERR,ERR,ERR,ERR,ERR,ERR,ERR,ERR,ERR,ERR,ERR,ERR,ERR,ERR,ERR,ERR,ERR,ERR,ERR,ERR,ERR,ERR,ERR,ERR,ERR,ERR,-0.0,2.718431101732002e+23,-0.0,0.059,0.0,1.3936040501711995e+18,7.805,0.0,0,0,4,48907,6720,14723890282496.0,100,0.0,0.0,0.0,0.059,0.0,0,0,0,0,0.0,0,0,0,0,0,0,0,0,0,0,0,0,0,0,0,0,0,0,0,0,0,0,0,0,0,0,0,0,0,0,0,0,0,26,51,50,76,65476,0,300,0,0,8,21553,0.0,-107605600.0,0.0,0.0,0.0,0.0,0.0,0.0,0.0,0.0,0.0,0.0,0.0,0.0,0.0,0.0,0.0,0.0,0.0,0.0,0.0,0.0,0.0,-0.0,0.0,-0.0,0.0,0.0,0.0,0.0,4763.0,-0.0,7312.0,-0.0,-0.0,-107615360.0,0.0,0.0,0.0,0.0,0.0,77,-0.0,0.0,0.0,0.0,0.0,0.0,0.0,0.0,0.0,0,0,0,0.0,0.0,0.0,0.0,0.0,0.0,0.0,0.0,0.0,0.0,0.0,0.0,0.0,0.0,0.0,0.0,0,-107875648.0,77,0.0,154,0.0,-0.0,ERR,ERR,ERR,ERR,ERR,ERR,ERR,ERR,ERR,ERR,ERR,ERR,ERR,ERR,ERR,ERR,ERR,ERR,ERR,ERR,ERR,ERR,ERR,ERR,ERR,ERR,ERR,ERR,ERR,ERR,ERR,ERR,ERR,ERR,ERR,ERR,ERR,ERR,ERR,ERR,ERR,ERR,ERR,ERR,ERR,ERR,ERR,ERR,ERR,ERR,ERR,ERR,ERR,ERR,ERR,ERR,ERR,ERR,ERR,ERR,ERR,ERR,ERR,ERR,ERR,ERR,ERR,34.0,80.0,35,0.0,0.0,0.0,0.0,0.0,0.0,0.0,0.0,0.0,0.0,0.0,0.0,0.0,0.0,0.0,0.0,66.0,0,120,58,54,65476,0,300,0,0,8,20529,65476,0,0,57672,80.0,0.0,0.0,0.0,0.0,0.0
2026-06-18T02:20:31,ERR,ERR,ERR,ERR,ERR,ERR,ERR,ERR,ERR,ERR,ERR,ERR,ERR,ERR,ERR,ERR,ERR,ERR,ERR,ERR,ERR,ERR,ERR,ERR,ERR,ERR,ERR,ERR,ERR,ERR,ERR,ERR,ERR,ERR,ERR,ERR,ERR,ERR,ERR,ERR,ERR,ERR,ERR,ERR,ERR,ERR,ERR,ERR,ERR,ERR,ERR,ERR,ERR,ERR,ERR,ERR,ERR,ERR,ERR,ERR,ERR,ERR,ERR,ERR,ERR,ERR,ERR,ERR,ERR,ERR,ERR,ERR,ERR,ERR,ERR,ERR,ERR,ERR,ERR,ERR,ERR,ERR,ERR,ERR,ERR,ERR,ERR,ERR,ERR,ERR,ERR,ERR,ERR,ERR,ERR,ERR,ERR,ERR,ERR,ERR,ERR,ERR,ERR,ERR,ERR,ERR,ERR,ERR,ERR,ERR,ERR,ERR,ERR,ERR,ERR,ERR,ERR,ERR,ERR,ERR,ERR,ERR,ERR,ERR,ERR,-0.0,2.718431101732002e+23,-0.0,0.059,0.0,1.3936040501711995e+18,7.805,0.0,0,0,4,48907,6720,14723890282496.0,100,0.0,0.0,0.0,0.059,0.0,0,0,0,0,0.0,0,0,0,0,0,0,0,0,0,0,0,0,0,0,0,0,0,0,0,0,0,0,0,0,0,0,0,0,0,0,0,0,0,26,51,50,76,65476,0,300,0,0,8,21553,0.0,-107605600.0,0.0,0.0,0.0,0.0,0.0,0.0,0.0,0.0,0.0,0.0,0.0,0.0,0.0,0.0,0.0,0.0,0.0,0.0,0.0,0.0,0.0,-0.0,0.0,-0.0,0.0,0.0,0.0,0.0,4763.0,-0.0,7312.0,-0.0,-0.0,-107615360.0,0.0,0.0,0.0,0.0,0.0,77,-0.0,0.0,0.0,0.0,0.0,0.0,0.0,0.0,0.0,0,0,0,0.0,0.0,0.0,0.0,0.0,0.0,0.0,0.0,0.0,0.0,0.0,0.0,0.0,0.0,0.0,0.0,0,-107875648.0,77,0.0,154,0.0,-0.0,ERR,ERR,ERR,ERR,ERR,ERR,ERR,ERR,ERR,ERR,ERR,ERR,ERR,ERR,ERR,ERR,ERR,ERR,ERR,ERR,ERR,ERR,ERR,ERR,ERR,ERR,ERR,ERR,ERR,ERR,ERR,ERR,ERR,ERR,ERR,ERR,ERR,ERR,ERR,ERR,ERR,ERR,ERR,ERR,ERR,ERR,ERR,ERR,ERR,ERR,ERR,ERR,ERR,ERR,ERR,ERR,ERR,ERR,ERR,ERR,ERR,ERR,ERR,ERR,ERR,ERR,ERR,34.0,80.0,35,0.0,0.0,0.0,0.0,0.0,0.0,0.0,0.0,0.0,0.0,0.0,0.0,0.0,0.0,0.0,0.0,66.0,0,120,58,54,65476,0,300,0,0,8,20529,65476,0,0,57672,80.0,0.0,0.0,0.0,0.0,0.0
2026-06-18T02:20:32,ERR,ERR,ERR,ERR,ERR,ERR,ERR,ERR,ERR,ERR,ERR,ERR,ERR,ERR,ERR,ERR,ERR,ERR,ERR,ERR,ERR,ERR,ERR,ERR,ERR,ERR,ERR,ERR,ERR,ERR,ERR,ERR,ERR,ERR,ERR,ERR,ERR,ERR,ERR,ERR,ERR,ERR,ERR,ERR,ERR,ERR,ERR,ERR,ERR,ERR,ERR,ERR,ERR,ERR,ERR,ERR,ERR,ERR,ERR,ERR,ERR,ERR,ERR,ERR,ERR,ERR,ERR,ERR,ERR,ERR,ERR,ERR,ERR,ERR,ERR,ERR,ERR,ERR,ERR,ERR,ERR,ERR,ERR,ERR,ERR,ERR,ERR,ERR,ERR,ERR,ERR,ERR,ERR,ERR,ERR,ERR,ERR,ERR,ERR,ERR,ERR,ERR,ERR,ERR,ERR,ERR,ERR,ERR,ERR,ERR,ERR,ERR,ERR,ERR,ERR,ERR,ERR,ERR,ERR,ERR,ERR,ERR,ERR,ERR,ERR,-0.0,2.718431101732002e+23,-0.0,0.059,0.0,1.3936040501711995e+18,7.805,0.0,0,0,4,48907,6720,14723890282496.0,100,0.0,0.0,0.0,0.059,0.0,0,0,0,0,0.0,0,0,0,0,0,0,0,0,0,0,0,0,0,0,0,0,0,0,0,0,0,0,0,0,0,0,0,0,0,0,0,0,0,26,51,50,76,65476,0,300,0,0,8,21553,0.0,-107605600.0,0.0,0.0,0.0,0.0,0.0,0.0,0.0,0.0,0.0,0.0,0.0,0.0,0.0,0.0,0.0,0.0,0.0,0.0,0.0,0.0,0.0,-0.0,0.0,-0.0,0.0,0.0,0.0,0.0,4763.0,-0.0,7312.0,-0.0,-0.0,-107615360.0,0.0,0.0,0.0,0.0,0.0,77,-0.0,0.0,0.0,0.0,0.0,0.0,0.0,0.0,0.0,0,0,0,0.0,0.0,0.0,0.0,0.0,0.0,0.0,0.0,0.0,0.0,0.0,0.0,0.0,0.0,0.0,0.0,0,-107875648.0,77,0.0,154,0.0,-0.0,ERR,ERR,ERR,ERR,ERR,ERR,ERR,ERR,ERR,ERR,ERR,ERR,ERR,ERR,ERR,ERR,ERR,ERR,ERR,ERR,ERR,ERR,ERR,ERR,ERR,ERR,ERR,ERR,ERR,ERR,ERR,ERR,ERR,ERR,ERR,ERR,ERR,ERR,ERR,ERR,ERR,ERR,ERR,ERR,ERR,ERR,ERR,ERR,ERR,ERR,ERR,ERR,ERR,ERR,ERR,ERR,ERR,ERR,ERR,ERR,ERR,ERR,ERR,ERR,ERR,ERR,ERR,34.0,80.0,35,0.0,0.0,0.0,0.0,0.0,0.0,0.0,0.0,0.0,0.0,0.0,0.0,0.0,0.0,0.0,0.0,66.0,0,120,58,54,65476,0,300,0,0,8,20529,65476,0,0,57672,80.0,0.0,0.0,0.0,0.0,0.0
2026-06-18T02:20:33,ERR,ERR,ERR,ERR,ERR,ERR,ERR,ERR,ERR,ERR,ERR,ERR,ERR,ERR,ERR,ERR,ERR,ERR,ERR,ERR,ERR,ERR,ERR,ERR,ERR,ERR,ERR,ERR,ERR,ERR,ERR,ERR,ERR,ERR,ERR,ERR,ERR,ERR,ERR,ERR,ERR,ERR,ERR,ERR,ERR,ERR,ERR,ERR,ERR,ERR,ERR,ERR,ERR,ERR,ERR,ERR,ERR,ERR,ERR,ERR,ERR,ERR,ERR,ERR,ERR,ERR,ERR,ERR,ERR,ERR,ERR,ERR,ERR,ERR,ERR,ERR,ERR,ERR,ERR,ERR,ERR,ERR,ERR,ERR,ERR,ERR,ERR,ERR,ERR,ERR,ERR,ERR,ERR,ERR,ERR,ERR,ERR,ERR,ERR,ERR,ERR,ERR,ERR,ERR,ERR,ERR,ERR,ERR,ERR,ERR,ERR,ERR,ERR,ERR,ERR,ERR,ERR,ERR,ERR,ERR,ERR,ERR,ERR,ERR,ERR,-0.0,2.718431101732002e+23,-0.0,0.059,0.0,1.3936040501711995e+18,7.805,0.0,0,0,4,48907,6720,14723890282496.0,100,0.0,0.0,0.0,0.059,0.0,0,0,0,0,0.0,0,0,0,0,0,0,0,0,0,0,0,0,0,0,0,0,0,0,0,0,0,0,0,0,0,0,0,0,0,0,0,0,0,26,51,50,76,65476,0,300,0,0,8,21553,0.0,-107605600.0,0.0,0.0,0.0,0.0,0.0,0.0,0.0,0.0,0.0,0.0,0.0,0.0,0.0,0.0,0.0,0.0,0.0,0.0,0.0,0.0,0.0,-0.0,0.0,-0.0,0.0,0.0,0.0,0.0,4763.0,-0.0,7312.0,-0.0,-0.0,-107615360.0,0.0,0.0,0.0,0.0,0.0,77,-0.0,0.0,0.0,0.0,0.0,0.0,0.0,0.0,0.0,0,0,0,0.0,0.0,0.0,0.0,0.0,0.0,0.0,0.0,0.0,0.0,0.0,0.0,0.0,0.0,0.0,0.0,0,-107875648.0,77,0.0,154,0.0,-0.0,ERR,ERR,ERR,ERR,ERR,ERR,ERR,ERR,ERR,ERR,ERR,ERR,ERR,ERR,ERR,ERR,ERR,ERR,ERR,ERR,ERR,ERR,ERR,ERR,ERR,ERR,ERR,ERR,ERR,ERR,ERR,ERR,ERR,ERR,ERR,ERR,ERR,ERR,ERR,ERR,ERR,ERR,ERR,ERR,ERR,ERR,ERR,ERR,ERR,ERR,ERR,ERR,ERR,ERR,ERR,ERR,ERR,ERR,ERR,ERR,ERR,ERR,ERR,ERR,ERR,ERR,ERR,34.0,80.0,35,0.0,0.0,0.0,0.0,0.0,0.0,0.0,0.0,0.0,0.0,0.0,0.0,0.0,0.0,0.0,0.0,66.0,0,120,58,54,65476,0,300,0,0,8,20529,65476,0,0,57672,80.0,0.0,0.0,0.0,0.0,0.0
2026-06-18T02:20:34,ERR,ERR,ERR,ERR,ERR,ERR,ERR,ERR,ERR,ERR,ERR,ERR,ERR,ERR,ERR,ERR,ERR,ERR,ERR,ERR,ERR,ERR,ERR,ERR,ERR,ERR,ERR,ERR,ERR,ERR,ERR,ERR,ERR,ERR,ERR,ERR,ERR,ERR,ERR,ERR,ERR,ERR,ERR,ERR,ERR,ERR,ERR,ERR,ERR,ERR,ERR,ERR,ERR,ERR,ERR,ERR,ERR,ERR,ERR,ERR,ERR,ERR,ERR,ERR,ERR,ERR,ERR,ERR,ERR,ERR,ERR,ERR,ERR,ERR,ERR,ERR,ERR,ERR,ERR,ERR,ERR,ERR,ERR,ERR,ERR,ERR,ERR,ERR,ERR,ERR,ERR,ERR,ERR,ERR,ERR,ERR,ERR,ERR,ERR,ERR,ERR,ERR,ERR,ERR,ERR,ERR,ERR,ERR,ERR,ERR,ERR,ERR,ERR,ERR,ERR,ERR,ERR,ERR,ERR,ERR,ERR,ERR,ERR,ERR,ERR,-0.0,2.718431101732002e+23,-0.0,0.059,0.0,1.3936040501711995e+18,7.805,0.0,0,0,4,48907,6720,14723890282496.0,100,0.0,0.0,0.0,0.059,0.0,0,0,0,0,0.0,0,0,0,0,0,0,0,0,0,0,0,0,0,0,0,0,0,0,0,0,0,0,0,0,0,0,0,0,0,0,0,0,0,26,51,50,76,65476,0,300,0,0,8,21553,0.0,-107605600.0,0.0,0.0,0.0,0.0,0.0,0.0,0.0,0.0,0.0,0.0,0.0,0.0,0.0,0.0,0.0,0.0,0.0,0.0,0.0,0.0,0.0,-0.0,0.0,-0.0,0.0,0.0,0.0,0.0,4763.0,-0.0,7312.0,-0.0,-0.0,-107615360.0,0.0,0.0,0.0,0.0,0.0,77,-0.0,0.0,0.0,0.0,0.0,0.0,0.0,0.0,0.0,0,0,0,0.0,0.0,0.0,0.0,0.0,0.0,0.0,0.0,0.0,0.0,0.0,0.0,0.0,0.0,0.0,0.0,0,-107875648.0,77,0.0,154,0.0,-0.0,ERR,ERR,ERR,ERR,ERR,ERR,ERR,ERR,ERR,ERR,ERR,ERR,ERR,ERR,ERR,ERR,ERR,ERR,ERR,ERR,ERR,ERR,ERR,ERR,ERR,ERR,ERR,ERR,ERR,ERR,ERR,ERR,ERR,ERR,ERR,ERR,ERR,ERR,ERR,ERR,ERR,ERR,ERR,ERR,ERR,ERR,ERR,ERR,ERR,ERR,ERR,ERR,ERR,ERR,ERR,ERR,ERR,ERR,ERR,ERR,ERR,ERR,ERR,ERR,ERR,ERR,ERR,34.0,80.0,35,0.0,0.0,0.0,0.0,0.0,0.0,0.0,0.0,0.0,0.0,0.0,0.0,0.0,0.0,0.0,0.0,66.0,0,120,58,54,65476,0,300,0,0,8,20529,65476,0,0,57672,80.0,0.0,0.0,0.0,0.0,0.0
2026-06-18T02:20:35,ERR,ERR,ERR,ERR,ERR,ERR,ERR,ERR,ERR,ERR,ERR,ERR,ERR,ERR,ERR,ERR,ERR,ERR,ERR,ERR,ERR,ERR,ERR,ERR,ERR,ERR,ERR,ERR,ERR,ERR,ERR,ERR,ERR,ERR,ERR,ERR,ERR,ERR,ERR,ERR,ERR,ERR,ERR,ERR,ERR,ERR,ERR,ERR,ERR,ERR,ERR,ERR,ERR,ERR,ERR,ERR,ERR,ERR,ERR,ERR,ERR,ERR,ERR,ERR,ERR,ERR,ERR,ERR,ERR,ERR,ERR,ERR,ERR,ERR,ERR,ERR,ERR,ERR,ERR,ERR,ERR,ERR,ERR,ERR,ERR,ERR,ERR,ERR,ERR,ERR,ERR,ERR,ERR,ERR,ERR,ERR,ERR,ERR,ERR,ERR,ERR,ERR,ERR,ERR,ERR,ERR,ERR,ERR,ERR,ERR,ERR,ERR,ERR,ERR,ERR,ERR,ERR,ERR,ERR,ERR,ERR,ERR,ERR,ERR,ERR,-0.0,2.718431101732002e+23,-0.0,0.059,0.0,1.3936040501711995e+18,7.805,0.0,0,0,4,48924,6720,14723890282496.0,100,0.0,0.0,0.0,-152005385388032.0,0.0,0,0,0,0,0.0,0,0,0,0,0,0,0,0,0,0,0,0,0,0,0,0,0,0,0,0,0,0,0,0,0,0,0,0,0,0,0,0,0,26,51,50,76,65476,0,300,0,0,8,21553,0.0,-107605600.0,0.0,0.0,0.0,0.0,0.0,0.0,0.0,0.0,0.0,0.0,0.0,0.0,0.0,0.0,0.0,0.0,0.0,0.0,0.0,0.0,0.0,-2.004,0.0,-0.0,0.0,0.0,0.0,0.0,4765.0,-0.0,7315.0,-0.0,-0.0,-107615360.0,0.0,0.0,0.0,0.0,0.0,77,-0.0,0.0,0.0,0.0,0.0,0.0,0.0,0.0,0.0,0,0,0,0.0,0.0,0.0,0.0,0.0,0.0,0.0,0.0,0.0,0.0,0.0,0.0,0.0,0.0,0.0,0.0,0,-107875648.0,77,0.0,154,0.0,-0.0,ERR,ERR,ERR,ERR,ERR,ERR,ERR,ERR,ERR,ERR,ERR,ERR,ERR,ERR,ERR,ERR,ERR,ERR,ERR,ERR,ERR,ERR,ERR,ERR,ERR,ERR,ERR,ERR,ERR,ERR,ERR,ERR,ERR,ERR,ERR,ERR,ERR,ERR,ERR,ERR,ERR,ERR,ERR,ERR,ERR,ERR,ERR,ERR,ERR,ERR,ERR,ERR,ERR,ERR,ERR,ERR,ERR,ERR,ERR,ERR,ERR,ERR,ERR,ERR,ERR,ERR,ERR,34.0,80.0,35,0.0,0.0,0.0,0.0,0.0,0.0,0.0,0.0,0.0,0.0,0.0,0.0,0.0,0.0,0.0,0.0,66.0,0,120,58,54,65476,0,300,0,0,8,20529,65476,0,0,57672,80.0,0.0,0.0,0.0,0.0,0.0
2026-06-18T02:20:36,ERR,ERR,ERR,ERR,ERR,ERR,ERR,ERR,ERR,ERR,ERR,ERR,ERR,ERR,ERR,ERR,ERR,ERR,ERR,ERR,ERR,ERR,ERR,ERR,ERR,ERR,ERR,ERR,ERR,ERR,ERR,ERR,ERR,ERR,ERR,ERR,ERR,ERR,ERR,ERR,ERR,ERR,ERR,ERR,ERR,ERR,ERR,ERR,ERR,ERR,ERR,ERR,ERR,ERR,ERR,ERR,ERR,ERR,ERR,ERR,ERR,ERR,ERR,ERR,ERR,ERR,ERR,ERR,ERR,ERR,ERR,ERR,ERR,ERR,ERR,ERR,ERR,ERR,ERR,ERR,ERR,ERR,ERR,ERR,ERR,ERR,ERR,ERR,ERR,ERR,ERR,ERR,ERR,ERR,ERR,ERR,ERR,ERR,ERR,ERR,ERR,ERR,ERR,ERR,ERR,ERR,ERR,ERR,ERR,ERR,ERR,ERR,ERR,ERR,ERR,ERR,ERR,ERR,ERR,ERR,ERR,ERR,ERR,ERR,ERR,-0.0,2.718431101732002e+23,-0.0,0.059,0.0,1.3936040501711995e+18,7.805,0.0,0,0,4,48924,6720,14723890282496.0,100,0.0,0.0,0.0,-152005385388032.0,0.0,0,0,0,0,0.0,0,0,0,0,0,0,0,0,0,0,0,0,0,0,0,0,0,0,0,0,0,0,0,0,0,0,0,0,0,0,0,0,0,26,51,50,76,65476,0,300,0,0,8,21553,0.0,-107605600.0,0.0,0.0,0.0,0.0,0.0,0.0,0.0,0.0,0.0,0.0,0.0,0.0,0.0,0.0,0.0,0.0,0.0,0.0,0.0,0.0,0.0,-2.004,0.0,-0.0,0.0,0.0,0.0,0.0,4765.0,-0.0,7315.0,-0.0,-0.0,-107615360.0,0.0,0.0,0.0,0.0,0.0,77,-0.0,0.0,0.0,0.0,0.0,0.0,0.0,0.0,0.0,0,0,0,0.0,0.0,0.0,0.0,0.0,0.0,0.0,0.0,0.0,0.0,0.0,0.0,0.0,0.0,0.0,0.0,0,-107875648.0,77,0.0,154,0.0,-0.0,ERR,ERR,ERR,ERR,ERR,ERR,ERR,ERR,ERR,ERR,ERR,ERR,ERR,ERR,ERR,ERR,ERR,ERR,ERR,ERR,ERR,ERR,ERR,ERR,ERR,ERR,ERR,ERR,ERR,ERR,ERR,ERR,ERR,ERR,ERR,ERR,ERR,ERR,ERR,ERR,ERR,ERR,ERR,ERR,ERR,ERR,ERR,ERR,ERR,ERR,ERR,ERR,ERR,ERR,ERR,ERR,ERR,ERR,ERR,ERR,ERR,ERR,ERR,ERR,ERR,ERR,ERR,34.0,80.0,35,0.0,0.0,0.0,0.0,0.0,0.0,0.0,0.0,0.0,0.0,0.0,0.0,0.0,0.0,0.0,0.0,66.0,0,120,58,54,65476,0,300,0,0,8,20529,65476,0,0,57672,80.0,0.0,0.0,0.0,0.0,0.0
2026-06-18T02:20:37,ERR,ERR,ERR,ERR,ERR,ERR,ERR,ERR,ERR,ERR,ERR,ERR,ERR,ERR,ERR,ERR,ERR,ERR,ERR,ERR,ERR,ERR,ERR,ERR,ERR,ERR,ERR,ERR,ERR,ERR,ERR,ERR,ERR,ERR,ERR,ERR,ERR,ERR,ERR,ERR,ERR,ERR,ERR,ERR,ERR,ERR,ERR,ERR,ERR,ERR,ERR,ERR,ERR,ERR,ERR,ERR,ERR,ERR,ERR,ERR,ERR,ERR,ERR,ERR,ERR,ERR,ERR,ERR,ERR,ERR,ERR,ERR,ERR,ERR,ERR,ERR,ERR,ERR,ERR,ERR,ERR,ERR,ERR,ERR,ERR,ERR,ERR,ERR,ERR,ERR,ERR,ERR,ERR,ERR,ERR,ERR,ERR,ERR,ERR,ERR,ERR,ERR,ERR,ERR,ERR,ERR,ERR,ERR,ERR,ERR,ERR,ERR,ERR,ERR,ERR,ERR,ERR,ERR,ERR,ERR,ERR,ERR,ERR,ERR,ERR,-0.0,2.718431101732002e+23,-0.0,0.059,0.0,1.3936040501711995e+18,7.805,0.0,0,0,4,48924,6720,14723890282496.0,100,0.0,0.0,0.0,-152005385388032.0,0.0,0,0,0,0,0.0,0,0,0,0,0,0,0,0,0,0,0,0,0,0,0,0,0,0,0,0,0,0,0,0,0,0,0,0,0,0,0,0,0,26,51,50,76,65476,0,300,0,0,8,21553,0.0,-107605600.0,0.0,0.0,0.0,0.0,0.0,0.0,0.0,0.0,0.0,0.0,0.0,0.0,0.0,0.0,0.0,0.0,0.0,0.0,0.0,0.0,0.0,-2.004,0.0,-0.0,0.0,0.0,0.0,0.0,4765.0,-0.0,7315.0,-0.0,-0.0,-107615360.0,0.0,0.0,0.0,0.0,0.0,77,-0.0,0.0,0.0,0.0,0.0,0.0,0.0,0.0,0.0,0,0,0,0.0,0.0,0.0,0.0,0.0,0.0,0.0,0.0,0.0,0.0,0.0,0.0,0.0,0.0,0.0,0.0,0,-107875648.0,77,0.0,154,0.0,-0.0,ERR,ERR,ERR,ERR,ERR,ERR,ERR,ERR,ERR,ERR,ERR,ERR,ERR,ERR,ERR,ERR,ERR,ERR,ERR,ERR,ERR,ERR,ERR,ERR,ERR,ERR,ERR,ERR,ERR,ERR,ERR,ERR,ERR,ERR,ERR,ERR,ERR,ERR,ERR,ERR,ERR,ERR,ERR,ERR,ERR,ERR,ERR,ERR,ERR,ERR,ERR,ERR,ERR,ERR,ERR,ERR,ERR,ERR,ERR,ERR,ERR,ERR,ERR,ERR,ERR,ERR,ERR,34.0,80.0,35,0.0,0.0,0.0,0.0,0.0,0.0,0.0,0.0,0.0,0.0,0.0,0.0,0.0,0.0,0.0,0.0,66.0,0,120,58,54,65476,0,300,0,0,8,20529,65476,0,0,57672,80.0,0.0,0.0,0.0,0.0,0.0
2026-06-18T02:20:38,ERR,ERR,ERR,ERR,ERR,ERR,ERR,ERR,ERR,ERR,ERR,ERR,ERR,ERR,ERR,ERR,ERR,ERR,ERR,ERR,ERR,ERR,ERR,ERR,ERR,ERR,ERR,ERR,ERR,ERR,ERR,ERR,ERR,ERR,ERR,ERR,ERR,ERR,ERR,ERR,ERR,ERR,ERR,ERR,ERR,ERR,ERR,ERR,ERR,ERR,ERR,ERR,ERR,ERR,ERR,ERR,ERR,ERR,ERR,ERR,ERR,ERR,ERR,ERR,ERR,ERR,ERR,ERR,ERR,ERR,ERR,ERR,ERR,ERR,ERR,ERR,ERR,ERR,ERR,ERR,ERR,ERR,ERR,ERR,ERR,ERR,ERR,ERR,ERR,ERR,ERR,ERR,ERR,ERR,ERR,ERR,ERR,ERR,ERR,ERR,ERR,ERR,ERR,ERR,ERR,ERR,ERR,ERR,ERR,ERR,ERR,ERR,ERR,ERR,ERR,ERR,ERR,ERR,ERR,ERR,ERR,ERR,ERR,ERR,ERR,-0.0,2.718431101732002e+23,-0.0,0.059,0.0,1.3936040501711995e+18,7.805,0.0,0,0,4,48924,6720,14723890282496.0,100,0.0,0.0,0.0,-152005385388032.0,0.0,0,0,0,0,0.0,0,0,0,0,0,0,0,0,0,0,0,0,0,0,0,0,0,0,0,0,0,0,0,0,0,0,0,0,0,0,0,0,0,26,51,50,76,65476,0,300,0,0,8,21553,0.0,-107605600.0,0.0,0.0,0.0,0.0,0.0,0.0,0.0,0.0,0.0,0.0,0.0,0.0,0.0,0.0,0.0,0.0,0.0,0.0,0.0,0.0,0.0,-2.004,0.0,-0.0,0.0,0.0,0.0,0.0,4765.0,-0.0,7315.0,-0.0,-0.0,-107615360.0,0.0,0.0,0.0,0.0,0.0,77,-0.0,0.0,0.0,0.0,0.0,0.0,0.0,0.0,0.0,0,0,0,0.0,0.0,0.0,0.0,0.0,0.0,0.0,0.0,0.0,0.0,0.0,0.0,0.0,0.0,0.0,0.0,0,-107875648.0,77,0.0,154,0.0,-0.0,ERR,ERR,ERR,ERR,ERR,ERR,ERR,ERR,ERR,ERR,ERR,ERR,ERR,ERR,ERR,ERR,ERR,ERR,ERR,ERR,ERR,ERR,ERR,ERR,ERR,ERR,ERR,ERR,ERR,ERR,ERR,ERR,ERR,ERR,ERR,ERR,ERR,ERR,ERR,ERR,ERR,ERR,ERR,ERR,ERR,ERR,ERR,ERR,ERR,ERR,ERR,ERR,ERR,ERR,ERR,ERR,ERR,ERR,ERR,ERR,ERR,ERR,ERR,ERR,ERR,ERR,ERR,34.0,80.0,35,0.0,0.0,0.0,0.0,0.0,0.0,0.0,0.0,0.0,0.0,0.0,0.0,0.0,0.0,0.0,0.0,66.4,0,120,58,54,65476,0,300,0,0,8,20529,65476,0,0,57672,80.0,0.0,0.0,0.0,0.0,0.0
2026-06-18T02:20:39,ERR,ERR,ERR,ERR,ERR,ERR,ERR,ERR,ERR,ERR,ERR,ERR,ERR,ERR,ERR,ERR,ERR,ERR,ERR,ERR,ERR,ERR,ERR,ERR,ERR,ERR,ERR,ERR,ERR,ERR,ERR,ERR,ERR,ERR,ERR,ERR,ERR,ERR,ERR,ERR,ERR,ERR,ERR,ERR,ERR,ERR,ERR,ERR,ERR,ERR,ERR,ERR,ERR,ERR,ERR,ERR,ERR,ERR,ERR,ERR,ERR,ERR,ERR,ERR,ERR,ERR,ERR,ERR,ERR,ERR,ERR,ERR,ERR,ERR,ERR,ERR,ERR,ERR,ERR,ERR,ERR,ERR,ERR,ERR,ERR,ERR,ERR,ERR,ERR,ERR,ERR,ERR,ERR,ERR,ERR,ERR,ERR,ERR,ERR,ERR,ERR,ERR,ERR,ERR,ERR,ERR,ERR,ERR,ERR,ERR,ERR,ERR,ERR,ERR,ERR,ERR,ERR,ERR,ERR,ERR,ERR,ERR,ERR,ERR,ERR,-0.0,2.718431101732002e+23,-0.0,0.059,0.0,1.3936040501711995e+18,7.805,0.0,0,0,4,48924,6720,14723890282496.0,100,0.0,0.0,0.0,-152005385388032.0,0.0,0,0,0,0,0.0,0,0,0,0,0,0,0,0,0,0,0,0,0,0,0,0,0,0,0,0,0,0,0,0,0,0,0,0,0,0,0,0,0,26,51,50,76,65476,0,300,0,0,8,21553,0.0,-107605600.0,0.0,0.0,0.0,0.0,0.0,0.0,0.0,0.0,0.0,0.0,0.0,0.0,0.0,0.0,0.0,0.0,0.0,0.0,0.0,0.0,0.0,-2.004,0.0,-0.0,0.0,0.0,0.0,0.0,4765.0,-0.0,7315.0,-0.0,-0.0,-107615360.0,0.0,0.0,0.0,0.0,0.0,77,-0.0,0.0,0.0,0.0,0.0,0.0,0.0,0.0,0.0,0,0,0,0.0,0.0,0.0,0.0,0.0,0.0,0.0,0.0,0.0,0.0,0.0,0.0,0.0,0.0,0.0,0.0,0,-107875648.0,77,0.0,154,0.0,-0.0,ERR,ERR,ERR,ERR,ERR,ERR,ERR,ERR,ERR,ERR,ERR,ERR,ERR,ERR,ERR,ERR,ERR,ERR,ERR,ERR,ERR,ERR,ERR,ERR,ERR,ERR,ERR,ERR,ERR,ERR,ERR,ERR,ERR,ERR,ERR,ERR,ERR,ERR,ERR,ERR,ERR,ERR,ERR,ERR,ERR,ERR,ERR,ERR,ERR,ERR,ERR,ERR,ERR,ERR,ERR,ERR,ERR,ERR,ERR,ERR,ERR,ERR,ERR,ERR,ERR,ERR,ERR,34.0,80.0,35,0.0,0.0,0.0,0.0,0.0,0.0,0.0,0.0,0.0,0.0,0.0,0.0,0.0,0.0,0.0,0.0,66.4,0,120,58,54,65476,0,300,0,0,8,20529,65476,0,0,57672,80.0,0.0,0.0,0.0,0.0,0.0
2026-06-18T02:20:40,ERR,ERR,ERR,ERR,ERR,ERR,ERR,ERR,ERR,ERR,ERR,ERR,ERR,ERR,ERR,ERR,ERR,ERR,ERR,ERR,ERR,ERR,ERR,ERR,ERR,ERR,ERR,ERR,ERR,ERR,ERR,ERR,ERR,ERR,ERR,ERR,ERR,ERR,ERR,ERR,ERR,ERR,ERR,ERR,ERR,ERR,ERR,ERR,ERR,ERR,ERR,ERR,ERR,ERR,ERR,ERR,ERR,ERR,ERR,ERR,ERR,ERR,ERR,ERR,ERR,ERR,ERR,ERR,ERR,ERR,ERR,ERR,ERR,ERR,ERR,ERR,ERR,ERR,ERR,ERR,ERR,ERR,ERR,ERR,ERR,ERR,ERR,ERR,ERR,ERR,ERR,ERR,ERR,ERR,ERR,ERR,ERR,ERR,ERR,ERR,ERR,ERR,ERR,ERR,ERR,ERR,ERR,ERR,ERR,ERR,ERR,ERR,ERR,ERR,ERR,ERR,ERR,ERR,ERR,ERR,ERR,ERR,ERR,ERR,ERR,-0.0,-0.0,0.0,-0.0,-0.0,1.3936040501711995e+18,7.805,0.0,0,0,4,48903,6720,14723890282496.0,100,0.0,0.0,0.0,-0.0,0.0,0,0,0,0,0.0,0,0,0,0,0,0,0,0,0,0,0,0,0,0,0,0,0,0,0,0,0,0,0,0,0,0,0,0,0,0,0,0,0,26,51,50,76,65476,0,300,0,0,8,21553,0.0,-107605600.0,0.0,0.0,0.0,0.0,0.0,0.0,0.0,0.0,0.0,0.0,0.0,0.0,0.0,0.0,0.0,0.0,0.0,0.0,0.0,0.0,0.0,-2.004,0.0,-0.0,0.0,0.0,0.0,0.0,4766.0,-0.0,7313.0,-0.0,-0.0,-107615360.0,0.0,0.0,0.0,0.0,0.0,77,-0.0,0.0,0.0,0.0,0.0,0.0,0.0,0.0,0.0,0,0,0,0.0,0.0,0.0,0.0,0.0,0.0,0.0,0.0,0.0,0.0,0.0,0.0,0.0,0.0,0.0,0.0,0,-107875648.0,77,0.0,154,0.0,-0.0,ERR,ERR,ERR,ERR,ERR,ERR,ERR,ERR,ERR,ERR,ERR,ERR,ERR,ERR,ERR,ERR,ERR,ERR,ERR,ERR,ERR,ERR,ERR,ERR,ERR,ERR,ERR,ERR,ERR,ERR,ERR,ERR,ERR,ERR,ERR,ERR,ERR,ERR,ERR,ERR,ERR,ERR,ERR,ERR,ERR,ERR,ERR,ERR,ERR,ERR,ERR,ERR,ERR,ERR,ERR,ERR,ERR,ERR,ERR,ERR,ERR,ERR,ERR,ERR,ERR,ERR,ERR,34.0,80.0,35,0.0,0.0,0.0,0.0,0.0,0.0,0.0,0.0,0.0,0.0,0.0,0.0,0.0,0.0,0.0,0.0,66.0,0,120,58,54,65476,0,300,0,0,8,20529,65476,0,0,57672,80.0,0.0,0.0,0.0,0.0,0.0
2026-06-18T02:20:41,ERR,ERR,ERR,ERR,ERR,ERR,ERR,ERR,ERR,ERR,ERR,ERR,ERR,ERR,ERR,ERR,ERR,ERR,ERR,ERR,ERR,ERR,ERR,ERR,ERR,ERR,ERR,ERR,ERR,ERR,ERR,ERR,ERR,ERR,ERR,ERR,ERR,ERR,ERR,ERR,ERR,ERR,ERR,ERR,ERR,ERR,ERR,ERR,ERR,ERR,ERR,ERR,ERR,ERR,ERR,ERR,ERR,ERR,ERR,ERR,ERR,ERR,ERR,ERR,ERR,ERR,ERR,ERR,ERR,ERR,ERR,ERR,ERR,ERR,ERR,ERR,ERR,ERR,ERR,ERR,ERR,ERR,ERR,ERR,ERR,ERR,ERR,ERR,ERR,ERR,ERR,ERR,ERR,ERR,ERR,ERR,ERR,ERR,ERR,ERR,ERR,ERR,ERR,ERR,ERR,ERR,ERR,ERR,ERR,ERR,ERR,ERR,ERR,ERR,ERR,ERR,ERR,ERR,ERR,ERR,ERR,ERR,ERR,ERR,ERR,-0.0,-0.0,0.0,-0.0,-0.0,1.3936040501711995e+18,7.805,0.0,0,0,4,48903,6720,14723890282496.0,100,0.0,0.0,0.0,-0.0,0.0,0,0,0,0,0.0,0,0,0,0,0,0,0,0,0,0,0,0,0,0,0,0,0,0,0,0,0,0,0,0,0,0,0,0,0,0,0,0,0,26,51,50,76,65476,0,300,0,0,8,21553,0.0,-107605600.0,0.0,0.0,0.0,0.0,0.0,0.0,0.0,0.0,0.0,0.0,0.0,0.0,0.0,0.0,0.0,0.0,0.0,0.0,0.0,0.0,0.0,-2.004,0.0,-0.0,0.0,0.0,0.0,0.0,4766.0,-0.0,7313.0,-0.0,-0.0,-107615360.0,0.0,0.0,0.0,0.0,0.0,77,-0.0,0.0,0.0,0.0,0.0,0.0,0.0,0.0,0.0,0,0,0,0.0,0.0,0.0,0.0,0.0,0.0,0.0,0.0,0.0,0.0,0.0,0.0,0.0,0.0,0.0,0.0,0,-107875648.0,77,0.0,154,0.0,-0.0,ERR,ERR,ERR,ERR,ERR,ERR,ERR,ERR,ERR,ERR,ERR,ERR,ERR,ERR,ERR,ERR,ERR,ERR,ERR,ERR,ERR,ERR,ERR,ERR,ERR,ERR,ERR,ERR,ERR,ERR,ERR,ERR,ERR,ERR,ERR,ERR,ERR,ERR,ERR,ERR,ERR,ERR,ERR,ERR,ERR,ERR,ERR,ERR,ERR,ERR,ERR,ERR,ERR,ERR,ERR,ERR,ERR,ERR,ERR,ERR,ERR,ERR,ERR,ERR,ERR,ERR,ERR,34.0,80.0,35,0.0,0.0,0.0,0.0,0.0,0.0,0.0,0.0,0.0,0.0,0.0,0.0,0.0,0.0,0.0,0.0,66.0,0,120,58,54,65476,0,300,0,0,8,20529,65476,0,0,57672,80.0,0.0,0.0,0.0,0.0,0.0
2026-06-18T02:20:42,ERR,ERR,ERR,ERR,ERR,ERR,ERR,ERR,ERR,ERR,ERR,ERR,ERR,ERR,ERR,ERR,ERR,ERR,ERR,ERR,ERR,ERR,ERR,ERR,ERR,ERR,ERR,ERR,ERR,ERR,ERR,ERR,ERR,ERR,ERR,ERR,ERR,ERR,ERR,ERR,ERR,ERR,ERR,ERR,ERR,ERR,ERR,ERR,ERR,ERR,ERR,ERR,ERR,ERR,ERR,ERR,ERR,ERR,ERR,ERR,ERR,ERR,ERR,ERR,ERR,ERR,ERR,ERR,ERR,ERR,ERR,ERR,ERR,ERR,ERR,ERR,ERR,ERR,ERR,ERR,ERR,ERR,ERR,ERR,ERR,ERR,ERR,ERR,ERR,ERR,ERR,ERR,ERR,ERR,ERR,ERR,ERR,ERR,ERR,ERR,ERR,ERR,ERR,ERR,ERR,ERR,ERR,ERR,ERR,ERR,ERR,ERR,ERR,ERR,ERR,ERR,ERR,ERR,ERR,ERR,ERR,ERR,ERR,ERR,ERR,-0.0,-0.0,0.0,-0.0,-0.0,1.3936040501711995e+18,7.805,0.0,0,0,4,48903,6720,14723890282496.0,100,0.0,0.0,0.0,-0.0,0.0,0,0,0,0,0.0,0,0,0,0,0,0,0,0,0,0,0,0,0,0,0,0,0,0,0,0,0,0,0,0,0,0,0,0,0,0,0,0,0,26,51,50,76,65476,0,300,0,0,8,21553,0.0,-107605600.0,0.0,0.0,0.0,0.0,0.0,0.0,0.0,0.0,0.0,0.0,0.0,0.0,0.0,0.0,0.0,0.0,0.0,0.0,0.0,0.0,0.0,-2.004,0.0,-0.0,0.0,0.0,0.0,0.0,4766.0,-0.0,7313.0,-0.0,-0.0,-107615360.0,0.0,0.0,0.0,0.0,0.0,77,-0.0,0.0,0.0,0.0,0.0,0.0,0.0,0.0,0.0,0,0,0,0.0,0.0,0.0,0.0,0.0,0.0,0.0,0.0,0.0,0.0,0.0,0.0,0.0,0.0,0.0,0.0,0,-107875648.0,77,0.0,154,0.0,-0.0,ERR,ERR,ERR,ERR,ERR,ERR,ERR,ERR,ERR,ERR,ERR,ERR,ERR,ERR,ERR,ERR,ERR,ERR,ERR,ERR,ERR,ERR,ERR,ERR,ERR,ERR,ERR,ERR,ERR,ERR,ERR,ERR,ERR,ERR,ERR,ERR,ERR,ERR,ERR,ERR,ERR,ERR,ERR,ERR,ERR,ERR,ERR,ERR,ERR,ERR,ERR,ERR,ERR,ERR,ERR,ERR,ERR,ERR,ERR,ERR,ERR,ERR,ERR,ERR,ERR,ERR,ERR,34.0,80.0,35,0.0,0.0,0.0,0.0,0.0,0.0,0.0,0.0,0.0,0.0,0.0,0.0,0.0,0.0,0.0,0.0,66.0,0,120,58,54,65476,0,300,0,0,8,20529,65476,0,0,57672,80.0,0.0,0.0,0.0,0.0,0.0
2026-06-18T02:20:43,ERR,ERR,ERR,ERR,ERR,ERR,ERR,ERR,ERR,ERR,ERR,ERR,ERR,ERR,ERR,ERR,ERR,ERR,ERR,ERR,ERR,ERR,ERR,ERR,ERR,ERR,ERR,ERR,ERR,ERR,ERR,ERR,ERR,ERR,ERR,ERR,ERR,ERR,ERR,ERR,ERR,ERR,ERR,ERR,ERR,ERR,ERR,ERR,ERR,ERR,ERR,ERR,ERR,ERR,ERR,ERR,ERR,ERR,ERR,ERR,ERR,ERR,ERR,ERR,ERR,ERR,ERR,ERR,ERR,ERR,ERR,ERR,ERR,ERR,ERR,ERR,ERR,ERR,ERR,ERR,ERR,ERR,ERR,ERR,ERR,ERR,ERR,ERR,ERR,ERR,ERR,ERR,ERR,ERR,ERR,ERR,ERR,ERR,ERR,ERR,ERR,ERR,ERR,ERR,ERR,ERR,ERR,ERR,ERR,ERR,ERR,ERR,ERR,ERR,ERR,ERR,ERR,ERR,ERR,ERR,ERR,ERR,ERR,ERR,ERR,-0.0,-0.0,0.0,-0.0,-0.0,1.3936040501711995e+18,7.805,0.0,0,0,4,48903,6720,14723890282496.0,100,0.0,0.0,0.0,-0.0,0.0,0,0,0,0,0.0,0,0,0,0,0,0,0,0,0,0,0,0,0,0,0,0,0,0,0,0,0,0,0,0,0,0,0,0,0,0,0,0,0,26,51,50,76,65476,0,300,0,0,8,21553,0.0,-107605600.0,0.0,0.0,0.0,0.0,0.0,0.0,0.0,0.0,0.0,0.0,0.0,0.0,0.0,0.0,0.0,0.0,0.0,0.0,0.0,0.0,0.0,-2.004,0.0,-0.0,0.0,0.0,0.0,0.0,4766.0,-0.0,7313.0,-0.0,-0.0,-107615360.0,0.0,0.0,0.0,0.0,0.0,77,-0.0,0.0,0.0,0.0,0.0,0.0,0.0,0.0,0.0,0,0,0,0.0,0.0,0.0,0.0,0.0,0.0,0.0,0.0,0.0,0.0,0.0,0.0,0.0,0.0,0.0,0.0,0,-107875648.0,77,0.0,154,0.0,-0.0,ERR,ERR,ERR,ERR,ERR,ERR,ERR,ERR,ERR,ERR,ERR,ERR,ERR,ERR,ERR,ERR,ERR,ERR,ERR,ERR,ERR,ERR,ERR,ERR,ERR,ERR,ERR,ERR,ERR,ERR,ERR,ERR,ERR,ERR,ERR,ERR,ERR,ERR,ERR,ERR,ERR,ERR,ERR,ERR,ERR,ERR,ERR,ERR,ERR,ERR,ERR,ERR,ERR,ERR,ERR,ERR,ERR,ERR,ERR,ERR,ERR,ERR,ERR,ERR,ERR,ERR,ERR,34.0,80.0,35,0.0,0.0,0.0,0.0,0.0,0.0,0.0,0.0,0.0,0.0,0.0,0.0,0.0,0.0,0.0,0.0,66.0,0,120,58,54,65476,0,300,0,0,8,20529,65476,0,0,57672,80.0,0.0,0.0,0.0,0.0,0.0
2026-06-18T02:20:44,ERR,ERR,ERR,ERR,ERR,ERR,ERR,ERR,ERR,ERR,ERR,ERR,ERR,ERR,ERR,ERR,ERR,ERR,ERR,ERR,ERR,ERR,ERR,ERR,ERR,ERR,ERR,ERR,ERR,ERR,ERR,ERR,ERR,ERR,ERR,ERR,ERR,ERR,ERR,ERR,ERR,ERR,ERR,ERR,ERR,ERR,ERR,ERR,ERR,ERR,ERR,ERR,ERR,ERR,ERR,ERR,ERR,ERR,ERR,ERR,ERR,ERR,ERR,ERR,ERR,ERR,ERR,ERR,ERR,ERR,ERR,ERR,ERR,ERR,ERR,ERR,ERR,ERR,ERR,ERR,ERR,ERR,ERR,ERR,ERR,ERR,ERR,ERR,ERR,ERR,ERR,ERR,ERR,ERR,ERR,ERR,ERR,ERR,ERR,ERR,ERR,ERR,ERR,ERR,ERR,ERR,ERR,ERR,ERR,ERR,ERR,ERR,ERR,ERR,ERR,ERR,ERR,ERR,ERR,ERR,ERR,ERR,ERR,ERR,ERR,-0.0,-0.0,0.0,-0.0,-0.0,1.3936040501711995e+18,7.805,0.0,0,0,4,48903,6720,14723890282496.0,100,0.0,0.0,0.0,-0.0,0.0,0,0,0,0,0.0,0,0,0,0,0,0,0,0,0,0,0,0,0,0,0,0,0,0,0,0,0,0,0,0,0,0,0,0,0,0,0,0,0,26,51,50,76,65476,0,300,0,0,8,21553,0.0,-107605600.0,0.0,0.0,0.0,0.0,0.0,0.0,0.0,0.0,0.0,0.0,0.0,0.0,0.0,0.0,0.0,0.0,0.0,0.0,0.0,0.0,0.0,-2.004,0.0,-0.0,0.0,0.0,0.0,0.0,4766.0,-0.0,7313.0,-0.0,-0.0,-107615360.0,0.0,0.0,0.0,0.0,0.0,77,-0.0,0.0,0.0,0.0,0.0,0.0,0.0,0.0,0.0,0,0,0,0.0,0.0,0.0,0.0,0.0,0.0,0.0,0.0,0.0,0.0,0.0,0.0,0.0,0.0,0.0,0.0,0,-107875648.0,77,0.0,154,0.0,-0.0,ERR,ERR,ERR,ERR,ERR,ERR,ERR,ERR,ERR,ERR,ERR,ERR,ERR,ERR,ERR,ERR,ERR,ERR,ERR,ERR,ERR,ERR,ERR,ERR,ERR,ERR,ERR,ERR,ERR,ERR,ERR,ERR,ERR,ERR,ERR,ERR,ERR,ERR,ERR,ERR,ERR,ERR,ERR,ERR,ERR,ERR,ERR,ERR,ERR,ERR,ERR,ERR,ERR,ERR,ERR,ERR,ERR,ERR,ERR,ERR,ERR,ERR,ERR,ERR,ERR,ERR,ERR,34.0,80.0,35,0.0,0.0,0.0,0.0,0.0,0.0,0.0,0.0,0.0,0.0,0.0,0.0,0.0,0.0,0.0,0.0,66.0,0,120,58,54,65476,0,300,0,0,8,20529,65476,0,0,57672,80.0,0.0,0.0,0.0,0.0,0.0
2026-06-18T02:20:45,ERR,ERR,ERR,ERR,ERR,ERR,ERR,ERR,ERR,ERR,ERR,ERR,ERR,ERR,ERR,ERR,ERR,ERR,ERR,ERR,ERR,ERR,ERR,ERR,ERR,ERR,ERR,ERR,ERR,ERR,ERR,ERR,ERR,ERR,ERR,ERR,ERR,ERR,ERR,ERR,ERR,ERR,ERR,ERR,ERR,ERR,ERR,ERR,ERR,ERR,ERR,ERR,ERR,ERR,ERR,ERR,ERR,ERR,ERR,ERR,ERR,ERR,ERR,ERR,ERR,ERR,ERR,ERR,ERR,ERR,ERR,ERR,ERR,ERR,ERR,ERR,ERR,ERR,ERR,ERR,ERR,ERR,ERR,ERR,ERR,ERR,ERR,ERR,ERR,ERR,ERR,ERR,ERR,ERR,ERR,ERR,ERR,ERR,ERR,ERR,ERR,ERR,ERR,ERR,ERR,ERR,ERR,ERR,ERR,ERR,ERR,ERR,ERR,ERR,ERR,ERR,ERR,ERR,ERR,ERR,ERR,ERR,ERR,ERR,ERR,-0.0,-0.0,0.0,-0.0,-0.0,1.3936040501711995e+18,7.805,0.0,0,0,4,48903,6720,14723890282496.0,100,0.0,0.0,0.0,-0.0,0.0,0,0,0,0,0.0,0,0,0,0,0,0,0,0,0,0,0,0,0,0,0,0,0,0,0,0,0,0,0,0,0,0,0,0,0,0,0,0,0,26,51,50,76,65476,0,300,0,0,8,21553,0.0,-107605600.0,0.0,0.0,0.0,0.0,0.0,0.0,0.0,0.0,0.0,0.0,0.0,0.0,0.0,0.0,0.0,0.0,0.0,0.0,0.0,0.0,0.0,-2.004,0.0,-0.0,0.0,0.0,0.0,0.0,4766.0,-0.0,7313.0,-0.0,-0.0,-107615360.0,0.0,0.0,0.0,0.0,0.0,77,-0.0,0.0,0.0,0.0,0.0,0.0,0.0,0.0,0.0,0,0,0,0.0,0.0,0.0,0.0,0.0,0.0,0.0,0.0,0.0,0.0,0.0,0.0,0.0,0.0,0.0,0.0,0,-107875648.0,77,0.0,154,0.0,-0.0,ERR,ERR,ERR,ERR,ERR,ERR,ERR,ERR,ERR,ERR,ERR,ERR,ERR,ERR,ERR,ERR,ERR,ERR,ERR,ERR,ERR,ERR,ERR,ERR,ERR,ERR,ERR,ERR,ERR,ERR,ERR,ERR,ERR,ERR,ERR,ERR,ERR,ERR,ERR,ERR,ERR,ERR,ERR,ERR,ERR,ERR,ERR,ERR,ERR,ERR,ERR,ERR,ERR,ERR,ERR,ERR,ERR,ERR,ERR,ERR,ERR,ERR,ERR,ERR,ERR,ERR,ERR,34.0,80.0,35,0.0,0.0,0.0,0.0,0.0,0.0,0.0,0.0,0.0,0.0,0.0,0.0,0.0,0.0,0.0,0.0,66.4,0,120,58,54,65476,0,300,0,0,8,20529,65476,0,0,57672,80.0,0.0,0.0,0.0,0.0,0.0
2026-06-18T02:20:46,ERR,ERR,ERR,ERR,ERR,ERR,ERR,ERR,ERR,ERR,ERR,ERR,ERR,ERR,ERR,ERR,ERR,ERR,ERR,ERR,ERR,ERR,ERR,ERR,ERR,ERR,ERR,ERR,ERR,ERR,ERR,ERR,ERR,ERR,ERR,ERR,ERR,ERR,ERR,ERR,ERR,ERR,ERR,ERR,ERR,ERR,ERR,ERR,ERR,ERR,ERR,ERR,ERR,ERR,ERR,ERR,ERR,ERR,ERR,ERR,ERR,ERR,ERR,ERR,ERR,ERR,ERR,ERR,ERR,ERR,ERR,ERR,ERR,ERR,ERR,ERR,ERR,ERR,ERR,ERR,ERR,ERR,ERR,ERR,ERR,ERR,ERR,ERR,ERR,ERR,ERR,ERR,ERR,ERR,ERR,ERR,ERR,ERR,ERR,ERR,ERR,ERR,ERR,ERR,ERR,ERR,ERR,ERR,ERR,ERR,ERR,ERR,ERR,ERR,ERR,ERR,ERR,ERR,ERR,ERR,ERR,ERR,ERR,ERR,ERR,-0.0,2.718431101732002e+23,-0.0,89215.008,-0.0,1.3936040501711995e+18,7.805,-2.3781067836720624e+20,0,0,4,48902,6720,14723890282496.0,100,0.0,0.0,0.0,-4.9501291711397626e+32,0.0,0,0,0,0,0.0,0,0,0,0,0,0,0,0,0,0,0,0,0,0,0,0,0,0,0,0,0,0,0,0,0,0,0,0,0,0,0,0,0,26,51,50,76,65476,0,300,0,0,8,21553,0.0,-107605600.0,0.0,0.0,0.0,0.0,0.0,0.0,0.0,0.0,0.0,0.0,0.0,0.0,0.0,0.0,0.0,0.0,0.0,0.0,0.0,0.0,0.0,-0.0,0.0,2.004,0.0,0.0,0.0,0.0,4766.0,-0.0,7313.0,-0.0,2.718431101732002e+23,-107615360.0,0.0,0.0,0.0,0.0,0.0,77,-0.0,0.0,0.0,0.0,0.0,0.0,0.0,0.0,0.0,0,0,0,0.0,0.0,0.0,0.0,0.0,0.0,0.0,0.0,0.0,0.0,0.0,0.0,0.0,0.0,0.0,0.0,0,-107875648.0,77,0.0,154,0.0,-0.0,ERR,ERR,ERR,ERR,ERR,ERR,ERR,ERR,ERR,ERR,ERR,ERR,ERR,ERR,ERR,ERR,ERR,ERR,ERR,ERR,ERR,ERR,ERR,ERR,ERR,ERR,ERR,ERR,ERR,ERR,ERR,ERR,ERR,ERR,ERR,ERR,ERR,ERR,ERR,ERR,ERR,ERR,ERR,ERR,ERR,ERR,ERR,ERR,ERR,ERR,ERR,ERR,ERR,ERR,ERR,ERR,ERR,ERR,ERR,ERR,ERR,ERR,ERR,ERR,ERR,ERR,ERR,34.0,80.0,35,0.0,0.0,0.0,0.0,0.0,0.0,0.0,0.0,0.0,0.0,0.0,0.0,0.0,0.0,0.0,0.0,66.4,0,120,58,54,65476,0,300,0,0,8,20529,65476,0,0,57672,80.0,0.0,0.0,0.0,0.0,0.0
2026-06-18T02:20:47,ERR,ERR,ERR,ERR,ERR,ERR,ERR,ERR,ERR,ERR,ERR,ERR,ERR,ERR,ERR,ERR,ERR,ERR,ERR,ERR,ERR,ERR,ERR,ERR,ERR,ERR,ERR,ERR,ERR,ERR,ERR,ERR,ERR,ERR,ERR,ERR,ERR,ERR,ERR,ERR,ERR,ERR,ERR,ERR,ERR,ERR,ERR,ERR,ERR,ERR,ERR,ERR,ERR,ERR,ERR,ERR,ERR,ERR,ERR,ERR,ERR,ERR,ERR,ERR,ERR,ERR,ERR,ERR,ERR,ERR,ERR,ERR,ERR,ERR,ERR,ERR,ERR,ERR,ERR,ERR,ERR,ERR,ERR,ERR,ERR,ERR,ERR,ERR,ERR,ERR,ERR,ERR,ERR,ERR,ERR,ERR,ERR,ERR,ERR,ERR,ERR,ERR,ERR,ERR,ERR,ERR,ERR,ERR,ERR,ERR,ERR,ERR,ERR,ERR,ERR,ERR,ERR,ERR,ERR,ERR,ERR,ERR,ERR,ERR,ERR,-0.0,2.718431101732002e+23,-0.0,89215.008,-0.0,1.3936040501711995e+18,7.805,-2.3781067836720624e+20,0,0,4,48902,6720,14723890282496.0,100,0.0,0.0,0.0,-4.9501291711397626e+32,0.0,0,0,0,0,0.0,0,0,0,0,0,0,0,0,0,0,0,0,0,0,0,0,0,0,0,0,0,0,0,0,0,0,0,0,0,0,0,0,0,26,51,50,76,65476,0,300,0,0,8,21553,0.0,-107605600.0,0.0,0.0,0.0,0.0,0.0,0.0,0.0,0.0,0.0,0.0,0.0,0.0,0.0,0.0,0.0,0.0,0.0,0.0,0.0,0.0,0.0,-0.0,0.0,2.004,0.0,0.0,0.0,0.0,4766.0,-0.0,7313.0,-0.0,2.718431101732002e+23,-107615360.0,0.0,0.0,0.0,0.0,0.0,77,-0.0,0.0,0.0,0.0,0.0,0.0,0.0,0.0,0.0,0,0,0,0.0,0.0,0.0,0.0,0.0,0.0,0.0,0.0,0.0,0.0,0.0,0.0,0.0,0.0,0.0,0.0,0,-107875648.0,77,0.0,154,0.0,-0.0,ERR,ERR,ERR,ERR,ERR,ERR,ERR,ERR,ERR,ERR,ERR,ERR,ERR,ERR,ERR,ERR,ERR,ERR,ERR,ERR,ERR,ERR,ERR,ERR,ERR,ERR,ERR,ERR,ERR,ERR,ERR,ERR,ERR,ERR,ERR,ERR,ERR,ERR,ERR,ERR,ERR,ERR,ERR,ERR,ERR,ERR,ERR,ERR,ERR,ERR,ERR,ERR,ERR,ERR,ERR,ERR,ERR,ERR,ERR,ERR,ERR,ERR,ERR,ERR,ERR,ERR,ERR,34.0,80.0,35,0.0,0.0,0.0,0.0,0.0,0.0,0.0,0.0,0.0,0.0,0.0,0.0,0.0,0.0,0.0,0.0,66.4,0,120,58,54,65476,0,300,0,0,8,20529,65476,0,0,57672,80.0,0.0,0.0,0.0,0.0,0.0
2026-06-18T02:20:48,ERR,ERR,ERR,ERR,ERR,ERR,ERR,ERR,ERR,ERR,ERR,ERR,ERR,ERR,ERR,ERR,ERR,ERR,ERR,ERR,ERR,ERR,ERR,ERR,ERR,ERR,ERR,ERR,ERR,ERR,ERR,ERR,ERR,ERR,ERR,ERR,ERR,ERR,ERR,ERR,ERR,ERR,ERR,ERR,ERR,ERR,ERR,ERR,ERR,ERR,ERR,ERR,ERR,ERR,ERR,ERR,ERR,ERR,ERR,ERR,ERR,ERR,ERR,ERR,ERR,ERR,ERR,ERR,ERR,ERR,ERR,ERR,ERR,ERR,ERR,ERR,ERR,ERR,ERR,ERR,ERR,ERR,ERR,ERR,ERR,ERR,ERR,ERR,ERR,ERR,ERR,ERR,ERR,ERR,ERR,ERR,ERR,ERR,ERR,ERR,ERR,ERR,ERR,ERR,ERR,ERR,ERR,ERR,ERR,ERR,ERR,ERR,ERR,ERR,ERR,ERR,ERR,ERR,ERR,ERR,ERR,ERR,ERR,ERR,ERR,-0.0,2.718431101732002e+23,-0.0,89215.008,-0.0,1.3936040501711995e+18,7.805,-2.3781067836720624e+20,0,0,4,48902,6720,14723890282496.0,100,0.0,0.0,0.0,-4.9501291711397626e+32,0.0,0,0,0,0,0.0,0,0,0,0,0,0,0,0,0,0,0,0,0,0,0,0,0,0,0,0,0,0,0,0,0,0,0,0,0,0,0,0,0,26,51,50,76,65476,0,300,0,0,8,21553,0.0,-107605600.0,0.0,0.0,0.0,0.0,0.0,0.0,0.0,0.0,0.0,0.0,0.0,0.0,0.0,0.0,0.0,0.0,0.0,0.0,0.0,0.0,0.0,-0.0,0.0,2.004,0.0,0.0,0.0,0.0,4766.0,-0.0,7313.0,-0.0,2.718431101732002e+23,-107615360.0,0.0,0.0,0.0,0.0,0.0,77,-0.0,0.0,0.0,0.0,0.0,0.0,0.0,0.0,0.0,0,0,0,0.0,0.0,0.0,0.0,0.0,0.0,0.0,0.0,0.0,0.0,0.0,0.0,0.0,0.0,0.0,0.0,0,-107875648.0,77,0.0,154,0.0,-0.0,ERR,ERR,ERR,ERR,ERR,ERR,ERR,ERR,ERR,ERR,ERR,ERR,ERR,ERR,ERR,ERR,ERR,ERR,ERR,ERR,ERR,ERR,ERR,ERR,ERR,ERR,ERR,ERR,ERR,ERR,ERR,ERR,ERR,ERR,ERR,ERR,ERR,ERR,ERR,ERR,ERR,ERR,ERR,ERR,ERR,ERR,ERR,ERR,ERR,ERR,ERR,ERR,ERR,ERR,ERR,ERR,ERR,ERR,ERR,ERR,ERR,ERR,ERR,ERR,ERR,ERR,ERR,34.0,80.0,35,0.0,0.0,0.0,0.0,0.0,0.0,0.0,0.0,0.0,0.0,0.0,0.0,0.0,0.0,0.0,0.0,66.4,0,120,58,54,65476,0,300,0,0,8,20529,65476,0,0,57672,80.0,0.0,0.0,0.0,0.0,0.0
2026-06-18T02:20:49,ERR,ERR,ERR,ERR,ERR,ERR,ERR,ERR,ERR,ERR,ERR,ERR,ERR,ERR,ERR,ERR,ERR,ERR,ERR,ERR,ERR,ERR,ERR,ERR,ERR,ERR,ERR,ERR,ERR,ERR,ERR,ERR,ERR,ERR,ERR,ERR,ERR,ERR,ERR,ERR,ERR,ERR,ERR,ERR,ERR,ERR,ERR,ERR,ERR,ERR,ERR,ERR,ERR,ERR,ERR,ERR,ERR,ERR,ERR,ERR,ERR,ERR,ERR,ERR,ERR,ERR,ERR,ERR,ERR,ERR,ERR,ERR,ERR,ERR,ERR,ERR,ERR,ERR,ERR,ERR,ERR,ERR,ERR,ERR,ERR,ERR,ERR,ERR,ERR,ERR,ERR,ERR,ERR,ERR,ERR,ERR,ERR,ERR,ERR,ERR,ERR,ERR,ERR,ERR,ERR,ERR,ERR,ERR,ERR,ERR,ERR,ERR,ERR,ERR,ERR,ERR,ERR,ERR,ERR,ERR,ERR,ERR,ERR,ERR,ERR,-0.0,2.718431101732002e+23,-0.0,89215.008,-0.0,1.3936040501711995e+18,7.805,-2.3781067836720624e+20,0,0,4,48902,6720,14723890282496.0,100,0.0,0.0,0.0,-4.9501291711397626e+32,0.0,0,0,0,0,0.0,0,0,0,0,0,0,0,0,0,0,0,0,0,0,0,0,0,0,0,0,0,0,0,0,0,0,0,0,0,0,0,0,0,26,51,50,76,65476,0,300,0,0,8,21553,0.0,-107605600.0,0.0,0.0,0.0,0.0,0.0,0.0,0.0,0.0,0.0,0.0,0.0,0.0,0.0,0.0,0.0,0.0,0.0,0.0,0.0,0.0,0.0,-0.0,0.0,2.004,0.0,0.0,0.0,0.0,4766.0,-0.0,7313.0,-0.0,2.718431101732002e+23,-107615360.0,0.0,0.0,0.0,0.0,0.0,77,-0.0,0.0,0.0,0.0,0.0,0.0,0.0,0.0,0.0,0,0,0,0.0,0.0,0.0,0.0,0.0,0.0,0.0,0.0,0.0,0.0,0.0,0.0,0.0,0.0,0.0,0.0,0,-107875648.0,77,0.0,154,0.0,-0.0,ERR,ERR,ERR,ERR,ERR,ERR,ERR,ERR,ERR,ERR,ERR,ERR,ERR,ERR,ERR,ERR,ERR,ERR,ERR,ERR,ERR,ERR,ERR,ERR,ERR,ERR,ERR,ERR,ERR,ERR,ERR,ERR,ERR,ERR,ERR,ERR,ERR,ERR,ERR,ERR,ERR,ERR,ERR,ERR,ERR,ERR,ERR,ERR,ERR,ERR,ERR,ERR,ERR,ERR,ERR,ERR,ERR,ERR,ERR,ERR,ERR,ERR,ERR,ERR,ERR,ERR,ERR,34.0,80.0,35,0.0,0.0,0.0,0.0,0.0,0.0,0.0,0.0,0.0,0.0,0.0,0.0,0.0,0.0,0.0,0.0,66.0,0,120,58,54,65476,0,300,0,0,8,20529,65476,0,0,57672,80.0,0.0,0.0,0.0,0.0,0.0
2026-06-18T02:20:50,ERR,ERR,ERR,ERR,ERR,ERR,ERR,ERR,ERR,ERR,ERR,ERR,ERR,ERR,ERR,ERR,ERR,ERR,ERR,ERR,ERR,ERR,ERR,ERR,ERR,ERR,ERR,ERR,ERR,ERR,ERR,ERR,ERR,ERR,ERR,ERR,ERR,ERR,ERR,ERR,ERR,ERR,ERR,ERR,ERR,ERR,ERR,ERR,ERR,ERR,ERR,ERR,ERR,ERR,ERR,ERR,ERR,ERR,ERR,ERR,ERR,ERR,ERR,ERR,ERR,ERR,ERR,ERR,ERR,ERR,ERR,ERR,ERR,ERR,ERR,ERR,ERR,ERR,ERR,ERR,ERR,ERR,ERR,ERR,ERR,ERR,ERR,ERR,ERR,ERR,ERR,ERR,ERR,ERR,ERR,ERR,ERR,ERR,ERR,ERR,ERR,ERR,ERR,ERR,ERR,ERR,ERR,ERR,ERR,ERR,ERR,ERR,ERR,ERR,ERR,ERR,ERR,ERR,ERR,ERR,ERR,ERR,ERR,ERR,ERR,-0.0,2.718431101732002e+23,-0.0,89215.008,-0.0,1.3936040501711995e+18,7.805,-2.3781067836720624e+20,0,0,4,48902,6720,14723890282496.0,100,0.0,0.0,0.0,-4.9501291711397626e+32,0.0,0,0,0,0,0.0,0,0,0,0,0,0,0,0,0,0,0,0,0,0,0,0,0,0,0,0,0,0,0,0,0,0,0,0,0,0,0,0,0,26,51,50,76,65476,0,300,0,0,8,21553,0.0,-107605600.0,0.0,0.0,0.0,0.0,0.0,0.0,0.0,0.0,0.0,0.0,0.0,0.0,0.0,0.0,0.0,0.0,0.0,0.0,0.0,0.0,0.0,-0.0,0.0,2.004,0.0,0.0,0.0,0.0,4766.0,-0.0,7313.0,-0.0,2.718431101732002e+23,-107615360.0,0.0,0.0,0.0,0.0,0.0,77,-0.0,0.0,0.0,0.0,0.0,0.0,0.0,0.0,0.0,0,0,0,0.0,0.0,0.0,0.0,0.0,0.0,0.0,0.0,0.0,0.0,0.0,0.0,0.0,0.0,0.0,0.0,0,-107875648.0,77,0.0,154,0.0,-0.0,ERR,ERR,ERR,ERR,ERR,ERR,ERR,ERR,ERR,ERR,ERR,ERR,ERR,ERR,ERR,ERR,ERR,ERR,ERR,ERR,ERR,ERR,ERR,ERR,ERR,ERR,ERR,ERR,ERR,ERR,ERR,ERR,ERR,ERR,ERR,ERR,ERR,ERR,ERR,ERR,ERR,ERR,ERR,ERR,ERR,ERR,ERR,ERR,ERR,ERR,ERR,ERR,ERR,ERR,ERR,ERR,ERR,ERR,ERR,ERR,ERR,ERR,ERR,ERR,ERR,ERR,ERR,34.0,80.0,35,0.0,0.0,0.0,0.0,0.0,0.0,0.0,0.0,0.0,0.0,0.0,0.0,0.0,0.0,0.0,0.0,66.0,0,120,58,54,65476,0,300,0,0,8,20529,65476,0,0,57672,80.0,0.0,0.0,0.0,0.0,0.0
2026-06-18T02:20:51,ERR,ERR,ERR,ERR,ERR,ERR,ERR,ERR,ERR,ERR,ERR,ERR,ERR,ERR,ERR,ERR,ERR,ERR,ERR,ERR,ERR,ERR,ERR,ERR,ERR,ERR,ERR,ERR,ERR,ERR,ERR,ERR,ERR,ERR,ERR,ERR,ERR,ERR,ERR,ERR,ERR,ERR,ERR,ERR,ERR,ERR,ERR,ERR,ERR,ERR,ERR,ERR,ERR,ERR,ERR,ERR,ERR,ERR,ERR,ERR,ERR,ERR,ERR,ERR,ERR,ERR,ERR,ERR,ERR,ERR,ERR,ERR,ERR,ERR,ERR,ERR,ERR,ERR,ERR,ERR,ERR,ERR,ERR,ERR,ERR,ERR,ERR,ERR,ERR,ERR,ERR,ERR,ERR,ERR,ERR,ERR,ERR,ERR,ERR,ERR,ERR,ERR,ERR,ERR,ERR,ERR,ERR,ERR,ERR,ERR,ERR,ERR,ERR,ERR,ERR,ERR,ERR,ERR,ERR,ERR,ERR,ERR,ERR,ERR,ERR,-0.0,2.718431101732002e+23,-0.0,-152005385388032.0,-0.0,1.3936040501711995e+18,7.805,-2306705457152.0,0,0,4,48927,6720,14723890282496.0,100,0.0,0.0,0.0,-0.0,0.0,0,0,0,0,0.0,0,0,0,0,0,0,0,0,0,0,0,0,0,0,0,0,0,0,0,0,0,0,0,0,0,0,0,0,0,0,0,0,0,26,51,50,76,65476,0,300,0,0,8,21553,0.0,-107605600.0,0.0,0.0,0.0,0.0,0.0,0.0,0.0,0.0,0.0,0.0,0.0,0.0,0.0,0.0,0.0,0.0,0.0,0.0,0.0,0.0,0.0,-0.0,0.0,-0.0,0.0,0.0,0.0,0.0,4766.0,-0.0,7312.0,-0.0,2.718431101732002e+23,-107615360.0,0.0,0.0,0.0,0.0,0.0,77,-0.0,0.0,0.0,0.0,0.0,0.0,0.0,0.0,0.0,0,0,0,0.0,0.0,0.0,0.0,0.0,0.0,0.0,0.0,0.0,0.0,0.0,0.0,0.0,0.0,0.0,0.0,0,-107875648.0,77,0.0,154,0.0,-0.0,ERR,ERR,ERR,ERR,ERR,ERR,ERR,ERR,ERR,ERR,ERR,ERR,ERR,ERR,ERR,ERR,ERR,ERR,ERR,ERR,ERR,ERR,ERR,ERR,ERR,ERR,ERR,ERR,ERR,ERR,ERR,ERR,ERR,ERR,ERR,ERR,ERR,ERR,ERR,ERR,ERR,ERR,ERR,ERR,ERR,ERR,ERR,ERR,ERR,ERR,ERR,ERR,ERR,ERR,ERR,ERR,ERR,ERR,ERR,ERR,ERR,ERR,ERR,ERR,ERR,ERR,ERR,34.0,80.0,35,0.0,0.0,0.0,0.0,0.0,0.0,0.0,0.0,0.0,0.0,0.0,0.0,0.0,0.0,0.0,0.0,66.4,0,120,58,54,65476,0,300,0,0,8,20529,65476,0,0,57672,80.0,0.0,0.0,0.0,0.0,0.0
2026-06-18T02:20:52,ERR,ERR,ERR,ERR,ERR,ERR,ERR,ERR,ERR,ERR,ERR,ERR,ERR,ERR,ERR,ERR,ERR,ERR,ERR,ERR,ERR,ERR,ERR,ERR,ERR,ERR,ERR,ERR,ERR,ERR,ERR,ERR,ERR,ERR,ERR,ERR,ERR,ERR,ERR,ERR,ERR,ERR,ERR,ERR,ERR,ERR,ERR,ERR,ERR,ERR,ERR,ERR,ERR,ERR,ERR,ERR,ERR,ERR,ERR,ERR,ERR,ERR,ERR,ERR,ERR,ERR,ERR,ERR,ERR,ERR,ERR,ERR,ERR,ERR,ERR,ERR,ERR,ERR,ERR,ERR,ERR,ERR,ERR,ERR,ERR,ERR,ERR,ERR,ERR,ERR,ERR,ERR,ERR,ERR,ERR,ERR,ERR,ERR,ERR,ERR,ERR,ERR,ERR,ERR,ERR,ERR,ERR,ERR,ERR,ERR,ERR,ERR,ERR,ERR,ERR,ERR,ERR,ERR,ERR,ERR,ERR,ERR,ERR,ERR,ERR,-0.0,2.718431101732002e+23,-0.0,-152005385388032.0,-0.0,1.3936040501711995e+18,7.805,-2306705457152.0,0,0,4,48927,6720,14723890282496.0,100,0.0,0.0,0.0,-0.0,0.0,0,0,0,0,0.0,0,0,0,0,0,0,0,0,0,0,0,0,0,0,0,0,0,0,0,0,0,0,0,0,0,0,0,0,0,0,0,0,0,26,51,50,76,65476,0,300,0,0,8,21553,0.0,-107605600.0,0.0,0.0,0.0,0.0,0.0,0.0,0.0,0.0,0.0,0.0,0.0,0.0,0.0,0.0,0.0,0.0,0.0,0.0,0.0,0.0,0.0,-0.0,0.0,-0.0,0.0,0.0,0.0,0.0,4766.0,-0.0,7312.0,-0.0,2.718431101732002e+23,-107615360.0,0.0,0.0,0.0,0.0,0.0,77,-0.0,0.0,0.0,0.0,0.0,0.0,0.0,0.0,0.0,0,0,0,0.0,0.0,0.0,0.0,0.0,0.0,0.0,0.0,0.0,0.0,0.0,0.0,0.0,0.0,0.0,0.0,0,-107875648.0,77,0.0,154,0.0,-0.0,ERR,ERR,ERR,ERR,ERR,ERR,ERR,ERR,ERR,ERR,ERR,ERR,ERR,ERR,ERR,ERR,ERR,ERR,ERR,ERR,ERR,ERR,ERR,ERR,ERR,ERR,ERR,ERR,ERR,ERR,ERR,ERR,ERR,ERR,ERR,ERR,ERR,ERR,ERR,ERR,ERR,ERR,ERR,ERR,ERR,ERR,ERR,ERR,ERR,ERR,ERR,ERR,ERR,ERR,ERR,ERR,ERR,ERR,ERR,ERR,ERR,ERR,ERR,ERR,ERR,ERR,ERR,34.0,80.0,35,0.0,0.0,0.0,0.0,0.0,0.0,0.0,0.0,0.0,0.0,0.0,0.0,0.0,0.0,0.0,0.0,66.0,0,120,58,54,65476,0,300,0,0,8,20529,65476,0,0,57672,80.0,0.0,0.0,0.0,0.0,0.0
2026-06-18T02:20:53,ERR,ERR,ERR,ERR,ERR,ERR,ERR,ERR,ERR,ERR,ERR,ERR,ERR,ERR,ERR,ERR,ERR,ERR,ERR,ERR,ERR,ERR,ERR,ERR,ERR,ERR,ERR,ERR,ERR,ERR,ERR,ERR,ERR,ERR,ERR,ERR,ERR,ERR,ERR,ERR,ERR,ERR,ERR,ERR,ERR,ERR,ERR,ERR,ERR,ERR,ERR,ERR,ERR,ERR,ERR,ERR,ERR,ERR,ERR,ERR,ERR,ERR,ERR,ERR,ERR,ERR,ERR,ERR,ERR,ERR,ERR,ERR,ERR,ERR,ERR,ERR,ERR,ERR,ERR,ERR,ERR,ERR,ERR,ERR,ERR,ERR,ERR,ERR,ERR,ERR,ERR,ERR,ERR,ERR,ERR,ERR,ERR,ERR,ERR,ERR,ERR,ERR,ERR,ERR,ERR,ERR,ERR,ERR,ERR,ERR,ERR,ERR,ERR,ERR,ERR,ERR,ERR,ERR,ERR,ERR,ERR,ERR,ERR,ERR,ERR,-0.0,2.718431101732002e+23,-0.0,-152005385388032.0,-0.0,1.3936040501711995e+18,7.805,-2306705457152.0,0,0,4,48927,6720,14723890282496.0,100,0.0,0.0,0.0,-0.0,0.0,0,0,0,0,0.0,0,0,0,0,0,0,0,0,0,0,0,0,0,0,0,0,0,0,0,0,0,0,0,0,0,0,0,0,0,0,0,0,0,26,51,50,76,65476,0,300,0,0,8,21553,0.0,-107605600.0,0.0,0.0,0.0,0.0,0.0,0.0,0.0,0.0,0.0,0.0,0.0,0.0,0.0,0.0,0.0,0.0,0.0,0.0,0.0,0.0,0.0,-0.0,0.0,-0.0,0.0,0.0,0.0,0.0,4766.0,-0.0,7312.0,-0.0,2.718431101732002e+23,-107615360.0,0.0,0.0,0.0,0.0,0.0,77,-0.0,0.0,0.0,0.0,0.0,0.0,0.0,0.0,0.0,0,0,0,0.0,0.0,0.0,0.0,0.0,0.0,0.0,0.0,0.0,0.0,0.0,0.0,0.0,0.0,0.0,0.0,0,-107875648.0,77,0.0,154,0.0,-0.0,ERR,ERR,ERR,ERR,ERR,ERR,ERR,ERR,ERR,ERR,ERR,ERR,ERR,ERR,ERR,ERR,ERR,ERR,ERR,ERR,ERR,ERR,ERR,ERR,ERR,ERR,ERR,ERR,ERR,ERR,ERR,ERR,ERR,ERR,ERR,ERR,ERR,ERR,ERR,ERR,ERR,ERR,ERR,ERR,ERR,ERR,ERR,ERR,ERR,ERR,ERR,ERR,ERR,ERR,ERR,ERR,ERR,ERR,ERR,ERR,ERR,ERR,ERR,ERR,ERR,ERR,ERR,34.0,80.0,35,0.0,0.0,0.0,0.0,0.0,0.0,0.0,0.0,0.0,0.0,0.0,0.0,0.0,0.0,0.0,0.0,66.0,0,120,58,54,65476,0,300,0,0,8,20529,65476,0,0,57672,80.0,0.0,0.0,0.0,0.0,0.0
2026-06-18T02:20:54,ERR,ERR,ERR,ERR,ERR,ERR,ERR,ERR,ERR,ERR,ERR,ERR,ERR,ERR,ERR,ERR,ERR,ERR,ERR,ERR,ERR,ERR,ERR,ERR,ERR,ERR,ERR,ERR,ERR,ERR,ERR,ERR,ERR,ERR,ERR,ERR,ERR,ERR,ERR,ERR,ERR,ERR,ERR,ERR,ERR,ERR,ERR,ERR,ERR,ERR,ERR,ERR,ERR,ERR,ERR,ERR,ERR,ERR,ERR,ERR,ERR,ERR,ERR,ERR,ERR,ERR,ERR,ERR,ERR,ERR,ERR,ERR,ERR,ERR,ERR,ERR,ERR,ERR,ERR,ERR,ERR,ERR,ERR,ERR,ERR,ERR,ERR,ERR,ERR,ERR,ERR,ERR,ERR,ERR,ERR,ERR,ERR,ERR,ERR,ERR,ERR,ERR,ERR,ERR,ERR,ERR,ERR,ERR,ERR,ERR,ERR,ERR,ERR,ERR,ERR,ERR,ERR,ERR,ERR,ERR,ERR,ERR,ERR,ERR,ERR,-0.0,2.718431101732002e+23,-0.0,-152005385388032.0,-0.0,1.3936040501711995e+18,7.805,-2306705457152.0,0,0,4,48927,6720,14723890282496.0,100,0.0,0.0,0.0,-0.0,0.0,0,0,0,0,0.0,0,0,0,0,0,0,0,0,0,0,0,0,0,0,0,0,0,0,0,0,0,0,0,0,0,0,0,0,0,0,0,0,0,26,51,50,76,65476,0,300,0,0,8,21553,0.0,-107605600.0,0.0,0.0,0.0,0.0,0.0,0.0,0.0,0.0,0.0,0.0,0.0,0.0,0.0,0.0,0.0,0.0,0.0,0.0,0.0,0.0,0.0,-0.0,0.0,-0.0,0.0,0.0,0.0,0.0,4766.0,-0.0,7312.0,-0.0,2.718431101732002e+23,-107615360.0,0.0,0.0,0.0,0.0,0.0,77,-0.0,0.0,0.0,0.0,0.0,0.0,0.0,0.0,0.0,0,0,0,0.0,0.0,0.0,0.0,0.0,0.0,0.0,0.0,0.0,0.0,0.0,0.0,0.0,0.0,0.0,0.0,0,-107875648.0,77,0.0,154,0.0,-0.0,ERR,ERR,ERR,ERR,ERR,ERR,ERR,ERR,ERR,ERR,ERR,ERR,ERR,ERR,ERR,ERR,ERR,ERR,ERR,ERR,ERR,ERR,ERR,ERR,ERR,ERR,ERR,ERR,ERR,ERR,ERR,ERR,ERR,ERR,ERR,ERR,ERR,ERR,ERR,ERR,ERR,ERR,ERR,ERR,ERR,ERR,ERR,ERR,ERR,ERR,ERR,ERR,ERR,ERR,ERR,ERR,ERR,ERR,ERR,ERR,ERR,ERR,ERR,ERR,ERR,ERR,ERR,34.0,80.0,35,0.0,0.0,0.0,0.0,0.0,0.0,0.0,0.0,0.0,0.0,0.0,0.0,0.0,0.0,0.0,0.0,66.0,0,120,58,54,65476,0,300,0,0,8,20529,65476,0,0,57672,80.0,0.0,0.0,0.0,0.0,0.0
2026-06-18T02:20:55,ERR,ERR,ERR,ERR,ERR,ERR,ERR,ERR,ERR,ERR,ERR,ERR,ERR,ERR,ERR,ERR,ERR,ERR,ERR,ERR,ERR,ERR,ERR,ERR,ERR,ERR,ERR,ERR,ERR,ERR,ERR,ERR,ERR,ERR,ERR,ERR,ERR,ERR,ERR,ERR,ERR,ERR,ERR,ERR,ERR,ERR,ERR,ERR,ERR,ERR,ERR,ERR,ERR,ERR,ERR,ERR,ERR,ERR,ERR,ERR,ERR,ERR,ERR,ERR,ERR,ERR,ERR,ERR,ERR,ERR,ERR,ERR,ERR,ERR,ERR,ERR,ERR,ERR,ERR,ERR,ERR,ERR,ERR,ERR,ERR,ERR,ERR,ERR,ERR,ERR,ERR,ERR,ERR,ERR,ERR,ERR,ERR,ERR,ERR,ERR,ERR,ERR,ERR,ERR,ERR,ERR,ERR,ERR,ERR,ERR,ERR,ERR,ERR,ERR,ERR,ERR,ERR,ERR,ERR,ERR,ERR,ERR,ERR,ERR,ERR,-0.0,2.718431101732002e+23,-0.0,-152005385388032.0,-0.0,1.3936040501711995e+18,7.805,-2306705457152.0,0,0,4,48927,6720,14723890282496.0,100,0.0,0.0,0.0,-0.0,0.0,0,0,0,0,0.0,0,0,0,0,0,0,0,0,0,0,0,0,0,0,0,0,0,0,0,0,0,0,0,0,0,0,0,0,0,0,0,0,0,26,51,50,76,65476,0,300,0,0,8,21553,0.0,-107605600.0,0.0,0.0,0.0,0.0,0.0,0.0,0.0,0.0,0.0,0.0,0.0,0.0,0.0,0.0,0.0,0.0,0.0,0.0,0.0,0.0,0.0,-0.0,0.0,-0.0,0.0,0.0,0.0,0.0,4766.0,-0.0,7312.0,-0.0,2.718431101732002e+23,-107615360.0,0.0,0.0,0.0,0.0,0.0,77,-0.0,0.0,0.0,0.0,0.0,0.0,0.0,0.0,0.0,0,0,0,0.0,0.0,0.0,0.0,0.0,0.0,0.0,0.0,0.0,0.0,0.0,0.0,0.0,0.0,0.0,0.0,0,-107875648.0,77,0.0,154,0.0,-0.0,ERR,ERR,ERR,ERR,ERR,ERR,ERR,ERR,ERR,ERR,ERR,ERR,ERR,ERR,ERR,ERR,ERR,ERR,ERR,ERR,ERR,ERR,ERR,ERR,ERR,ERR,ERR,ERR,ERR,ERR,ERR,ERR,ERR,ERR,ERR,ERR,ERR,ERR,ERR,ERR,ERR,ERR,ERR,ERR,ERR,ERR,ERR,ERR,ERR,ERR,ERR,ERR,ERR,ERR,ERR,ERR,ERR,ERR,ERR,ERR,ERR,ERR,ERR,ERR,ERR,ERR,ERR,34.0,80.0,35,0.0,0.0,0.0,0.0,0.0,0.0,0.0,0.0,0.0,0.0,0.0,0.0,0.0,0.0,0.0,0.0,66.0,0,120,58,54,65476,0,300,0,0,8,20529,65476,0,0,57672,80.0,0.0,0.0,0.0,0.0,0.0
2026-06-18T02:20:56,ERR,ERR,ERR,ERR,ERR,ERR,ERR,ERR,ERR,ERR,ERR,ERR,ERR,ERR,ERR,ERR,ERR,ERR,ERR,ERR,ERR,ERR,ERR,ERR,ERR,ERR,ERR,ERR,ERR,ERR,ERR,ERR,ERR,ERR,ERR,ERR,ERR,ERR,ERR,ERR,ERR,ERR,ERR,ERR,ERR,ERR,ERR,ERR,ERR,ERR,ERR,ERR,ERR,ERR,ERR,ERR,ERR,ERR,ERR,ERR,ERR,ERR,ERR,ERR,ERR,ERR,ERR,ERR,ERR,ERR,ERR,ERR,ERR,ERR,ERR,ERR,ERR,ERR,ERR,ERR,ERR,ERR,ERR,ERR,ERR,ERR,ERR,ERR,ERR,ERR,ERR,ERR,ERR,ERR,ERR,ERR,ERR,ERR,ERR,ERR,ERR,ERR,ERR,ERR,ERR,ERR,ERR,ERR,ERR,ERR,ERR,ERR,ERR,ERR,ERR,ERR,ERR,ERR,ERR,ERR,ERR,ERR,ERR,ERR,ERR,-0.0,-0.0,0.0,-107609184.0,-0.0,1.3936040501711995e+18,7.805,0.0,0,0,4,48926,6720,14723890282496.0,100,0.0,0.0,0.0,-107609184.0,0.0,0,0,0,0,0.0,0,0,0,0,0,0,0,0,0,0,0,0,0,0,0,0,0,0,0,0,0,0,0,0,0,0,0,0,0,0,0,0,0,26,51,50,76,65476,0,300,0,0,8,21553,0.0,-107605600.0,0.0,0.0,0.0,0.0,0.0,0.0,0.0,0.0,0.0,0.0,0.0,0.0,0.0,0.0,0.0,0.0,0.0,0.0,0.0,0.0,0.0,-0.0,0.0,-0.0,0.0,0.0,0.0,0.0,4766.0,-131350.312,7321.0,-0.0,-0.0,-107615360.0,0.0,0.0,0.0,0.0,0.0,77,-0.0,4.0668498801213676e+29,0.0,0.0,0.0,0.0,0.0,0.0,0.0,0,0,0,0.0,0.0,0.0,0.0,0.0,0.0,0.0,0.0,0.0,0.0,0.0,0.0,0.0,0.0,0.0,0.0,0,-107875648.0,77,0.0,154,0.0,-0.0,ERR,ERR,ERR,ERR,ERR,ERR,ERR,ERR,ERR,ERR,ERR,ERR,ERR,ERR,ERR,ERR,ERR,ERR,ERR,ERR,ERR,ERR,ERR,ERR,ERR,ERR,ERR,ERR,ERR,ERR,ERR,ERR,ERR,ERR,ERR,ERR,ERR,ERR,ERR,ERR,ERR,ERR,ERR,ERR,ERR,ERR,ERR,ERR,ERR,ERR,ERR,ERR,ERR,ERR,ERR,ERR,ERR,ERR,ERR,ERR,ERR,ERR,ERR,ERR,ERR,ERR,ERR,34.0,80.0,35,0.0,0.0,0.0,0.0,0.0,0.0,0.0,0.0,0.0,0.0,0.0,0.0,0.0,0.0,0.0,0.0,66.0,0,120,58,54,65476,0,300,0,0,8,20529,65476,0,0,57672,80.0,0.0,0.0,0.0,0.0,0.0
2026-06-18T02:20:57,ERR,ERR,ERR,ERR,ERR,ERR,ERR,ERR,ERR,ERR,ERR,ERR,ERR,ERR,ERR,ERR,ERR,ERR,ERR,ERR,ERR,ERR,ERR,ERR,ERR,ERR,ERR,ERR,ERR,ERR,ERR,ERR,ERR,ERR,ERR,ERR,ERR,ERR,ERR,ERR,ERR,ERR,ERR,ERR,ERR,ERR,ERR,ERR,ERR,ERR,ERR,ERR,ERR,ERR,ERR,ERR,ERR,ERR,ERR,ERR,ERR,ERR,ERR,ERR,ERR,ERR,ERR,ERR,ERR,ERR,ERR,ERR,ERR,ERR,ERR,ERR,ERR,ERR,ERR,ERR,ERR,ERR,ERR,ERR,ERR,ERR,ERR,ERR,ERR,ERR,ERR,ERR,ERR,ERR,ERR,ERR,ERR,ERR,ERR,ERR,ERR,ERR,ERR,ERR,ERR,ERR,ERR,ERR,ERR,ERR,ERR,ERR,ERR,ERR,ERR,ERR,ERR,ERR,ERR,ERR,ERR,ERR,ERR,ERR,ERR,-0.0,-0.0,0.0,-107609184.0,-0.0,1.3936040501711995e+18,7.805,0.0,0,0,4,48926,6720,14723890282496.0,100,0.0,0.0,0.0,-107609184.0,0.0,0,0,0,0,0.0,0,0,0,0,0,0,0,0,0,0,0,0,0,0,0,0,0,0,0,0,0,0,0,0,0,0,0,0,0,0,0,0,0,26,51,50,76,65476,0,300,0,0,8,21553,0.0,-107605600.0,0.0,0.0,0.0,0.0,0.0,0.0,0.0,0.0,0.0,0.0,0.0,0.0,0.0,0.0,0.0,0.0,0.0,0.0,0.0,0.0,0.0,-0.0,0.0,-0.0,0.0,0.0,0.0,0.0,4766.0,-131350.312,7321.0,-0.0,-0.0,-107615360.0,0.0,0.0,0.0,0.0,0.0,77,-0.0,4.0668498801213676e+29,0.0,0.0,0.0,0.0,0.0,0.0,0.0,0,0,0,0.0,0.0,0.0,0.0,0.0,0.0,0.0,0.0,0.0,0.0,0.0,0.0,0.0,0.0,0.0,0.0,0,-107875648.0,77,0.0,154,0.0,-0.0,ERR,ERR,ERR,ERR,ERR,ERR,ERR,ERR,ERR,ERR,ERR,ERR,ERR,ERR,ERR,ERR,ERR,ERR,ERR,ERR,ERR,ERR,ERR,ERR,ERR,ERR,ERR,ERR,ERR,ERR,ERR,ERR,ERR,ERR,ERR,ERR,ERR,ERR,ERR,ERR,ERR,ERR,ERR,ERR,ERR,ERR,ERR,ERR,ERR,ERR,ERR,ERR,ERR,ERR,ERR,ERR,ERR,ERR,ERR,ERR,ERR,ERR,ERR,ERR,ERR,ERR,ERR,34.0,80.0,35,0.0,0.0,0.0,0.0,0.0,0.0,0.0,0.0,0.0,0.0,0.0,0.0,0.0,0.0,0.0,0.0,66.0,0,120,58,54,65476,0,300,0,0,8,20529,65476,0,0,57672,80.0,0.0,0.0,0.0,0.0,0.0
2026-06-18T02:20:58,ERR,ERR,ERR,ERR,ERR,ERR,ERR,ERR,ERR,ERR,ERR,ERR,ERR,ERR,ERR,ERR,ERR,ERR,ERR,ERR,ERR,ERR,ERR,ERR,ERR,ERR,ERR,ERR,ERR,ERR,ERR,ERR,ERR,ERR,ERR,ERR,ERR,ERR,ERR,ERR,ERR,ERR,ERR,ERR,ERR,ERR,ERR,ERR,ERR,ERR,ERR,ERR,ERR,ERR,ERR,ERR,ERR,ERR,ERR,ERR,ERR,ERR,ERR,ERR,ERR,ERR,ERR,ERR,ERR,ERR,ERR,ERR,ERR,ERR,ERR,ERR,ERR,ERR,ERR,ERR,ERR,ERR,ERR,ERR,ERR,ERR,ERR,ERR,ERR,ERR,ERR,ERR,ERR,ERR,ERR,ERR,ERR,ERR,ERR,ERR,ERR,ERR,ERR,ERR,ERR,ERR,ERR,ERR,ERR,ERR,ERR,ERR,ERR,ERR,ERR,ERR,ERR,ERR,ERR,ERR,ERR,ERR,ERR,ERR,ERR,-0.0,-0.0,0.0,-107609184.0,-0.0,1.3936040501711995e+18,7.805,0.0,0,0,4,48926,6720,14723890282496.0,100,0.0,0.0,0.0,-107609184.0,0.0,0,0,0,0,0.0,0,0,0,0,0,0,0,0,0,0,0,0,0,0,0,0,0,0,0,0,0,0,0,0,0,0,0,0,0,0,0,0,0,26,51,50,76,65476,0,300,0,0,8,21553,0.0,-107605600.0,0.0,0.0,0.0,0.0,0.0,0.0,0.0,0.0,0.0,0.0,0.0,0.0,0.0,0.0,0.0,0.0,0.0,0.0,0.0,0.0,0.0,-0.0,0.0,-0.0,0.0,0.0,0.0,0.0,4766.0,-131350.312,7321.0,-0.0,-0.0,-107615360.0,0.0,0.0,0.0,0.0,0.0,77,-0.0,4.0668498801213676e+29,0.0,0.0,0.0,0.0,0.0,0.0,0.0,0,0,0,0.0,0.0,0.0,0.0,0.0,0.0,0.0,0.0,0.0,0.0,0.0,0.0,0.0,0.0,0.0,0.0,0,-107875648.0,77,0.0,154,0.0,-0.0,ERR,ERR,ERR,ERR,ERR,ERR,ERR,ERR,ERR,ERR,ERR,ERR,ERR,ERR,ERR,ERR,ERR,ERR,ERR,ERR,ERR,ERR,ERR,ERR,ERR,ERR,ERR,ERR,ERR,ERR,ERR,ERR,ERR,ERR,ERR,ERR,ERR,ERR,ERR,ERR,ERR,ERR,ERR,ERR,ERR,ERR,ERR,ERR,ERR,ERR,ERR,ERR,ERR,ERR,ERR,ERR,ERR,ERR,ERR,ERR,ERR,ERR,ERR,ERR,ERR,ERR,ERR,34.0,80.0,35,0.0,0.0,0.0,0.0,0.0,0.0,0.0,0.0,0.0,0.0,0.0,0.0,0.0,0.0,0.0,0.0,66.0,0,120,58,54,65476,0,300,0,0,8,20529,65476,0,0,57672,80.0,0.0,0.0,0.0,0.0,0.0
2026-06-18T02:20:59,ERR,ERR,ERR,ERR,ERR,ERR,ERR,ERR,ERR,ERR,ERR,ERR,ERR,ERR,ERR,ERR,ERR,ERR,ERR,ERR,ERR,ERR,ERR,ERR,ERR,ERR,ERR,ERR,ERR,ERR,ERR,ERR,ERR,ERR,ERR,ERR,ERR,ERR,ERR,ERR,ERR,ERR,ERR,ERR,ERR,ERR,ERR,ERR,ERR,ERR,ERR,ERR,ERR,ERR,ERR,ERR,ERR,ERR,ERR,ERR,ERR,ERR,ERR,ERR,ERR,ERR,ERR,ERR,ERR,ERR,ERR,ERR,ERR,ERR,ERR,ERR,ERR,ERR,ERR,ERR,ERR,ERR,ERR,ERR,ERR,ERR,ERR,ERR,ERR,ERR,ERR,ERR,ERR,ERR,ERR,ERR,ERR,ERR,ERR,ERR,ERR,ERR,ERR,ERR,ERR,ERR,ERR,ERR,ERR,ERR,ERR,ERR,ERR,ERR,ERR,ERR,ERR,ERR,ERR,ERR,ERR,ERR,ERR,ERR,ERR,-0.0,-0.0,0.0,-107609184.0,-0.0,1.3936040501711995e+18,7.805,0.0,0,0,4,48926,6720,14723890282496.0,100,0.0,0.0,0.0,-107609184.0,0.0,0,0,0,0,0.0,0,0,0,0,0,0,0,0,0,0,0,0,0,0,0,0,0,0,0,0,0,0,0,0,0,0,0,0,0,0,0,0,0,26,51,50,76,65476,0,300,0,0,8,21553,0.0,-107605600.0,0.0,0.0,0.0,0.0,0.0,0.0,0.0,0.0,0.0,0.0,0.0,0.0,0.0,0.0,0.0,0.0,0.0,0.0,0.0,0.0,0.0,-0.0,0.0,-0.0,0.0,0.0,0.0,0.0,4766.0,-131350.312,7321.0,-0.0,-0.0,-107615360.0,0.0,0.0,0.0,0.0,0.0,77,-0.0,4.0668498801213676e+29,0.0,0.0,0.0,0.0,0.0,0.0,0.0,0,0,0,0.0,0.0,0.0,0.0,0.0,0.0,0.0,0.0,0.0,0.0,0.0,0.0,0.0,0.0,0.0,0.0,0,-107875648.0,77,0.0,154,0.0,-0.0,ERR,ERR,ERR,ERR,ERR,ERR,ERR,ERR,ERR,ERR,ERR,ERR,ERR,ERR,ERR,ERR,ERR,ERR,ERR,ERR,ERR,ERR,ERR,ERR,ERR,ERR,ERR,ERR,ERR,ERR,ERR,ERR,ERR,ERR,ERR,ERR,ERR,ERR,ERR,ERR,ERR,ERR,ERR,ERR,ERR,ERR,ERR,ERR,ERR,ERR,ERR,ERR,ERR,ERR,ERR,ERR,ERR,ERR,ERR,ERR,ERR,ERR,ERR,ERR,ERR,ERR,ERR,34.0,80.0,35,0.0,0.0,0.0,0.0,0.0,0.0,0.0,0.0,0.0,0.0,0.0,0.0,0.0,0.0,0.0,0.0,66.0,0,120,58,54,65476,0,300,0,0,8,20529,65476,0,0,57672,80.0,0.0,0.0,0.0,0.0,0.0
2026-06-18T02:21:00,ERR,ERR,ERR,ERR,ERR,ERR,ERR,ERR,ERR,ERR,ERR,ERR,ERR,ERR,ERR,ERR,ERR,ERR,ERR,ERR,ERR,ERR,ERR,ERR,ERR,ERR,ERR,ERR,ERR,ERR,ERR,ERR,ERR,ERR,ERR,ERR,ERR,ERR,ERR,ERR,ERR,ERR,ERR,ERR,ERR,ERR,ERR,ERR,ERR,ERR,ERR,ERR,ERR,ERR,ERR,ERR,ERR,ERR,ERR,ERR,ERR,ERR,ERR,ERR,ERR,ERR,ERR,ERR,ERR,ERR,ERR,ERR,ERR,ERR,ERR,ERR,ERR,ERR,ERR,ERR,ERR,ERR,ERR,ERR,ERR,ERR,ERR,ERR,ERR,ERR,ERR,ERR,ERR,ERR,ERR,ERR,ERR,ERR,ERR,ERR,ERR,ERR,ERR,ERR,ERR,ERR,ERR,ERR,ERR,ERR,ERR,ERR,ERR,ERR,ERR,ERR,ERR,ERR,ERR,ERR,ERR,ERR,ERR,ERR,ERR,-0.0,-0.0,0.0,-107609184.0,-0.0,1.3936040501711995e+18,7.805,0.0,0,0,4,48926,6720,14723890282496.0,100,0.0,0.0,0.0,-107609184.0,0.0,0,0,0,0,0.0,0,0,0,0,0,0,0,0,0,0,0,0,0,0,0,0,0,0,0,0,0,0,0,0,0,0,0,0,0,0,0,0,0,26,51,50,76,65476,0,300,0,0,8,21553,0.0,-107605600.0,0.0,0.0,0.0,0.0,0.0,0.0,0.0,0.0,0.0,0.0,0.0,0.0,0.0,0.0,0.0,0.0,0.0,0.0,0.0,0.0,0.0,-0.0,0.0,-0.0,0.0,0.0,0.0,0.0,4766.0,-131350.312,7321.0,-0.0,-0.0,-107615360.0,0.0,0.0,0.0,0.0,0.0,77,-0.0,4.0668498801213676e+29,0.0,0.0,0.0,0.0,0.0,0.0,0.0,0,0,0,0.0,0.0,0.0,0.0,0.0,0.0,0.0,0.0,0.0,0.0,0.0,0.0,0.0,0.0,0.0,0.0,0,-107875648.0,77,0.0,154,0.0,-0.0,ERR,ERR,ERR,ERR,ERR,ERR,ERR,ERR,ERR,ERR,ERR,ERR,ERR,ERR,ERR,ERR,ERR,ERR,ERR,ERR,ERR,ERR,ERR,ERR,ERR,ERR,ERR,ERR,ERR,ERR,ERR,ERR,ERR,ERR,ERR,ERR,ERR,ERR,ERR,ERR,ERR,ERR,ERR,ERR,ERR,ERR,ERR,ERR,ERR,ERR,ERR,ERR,ERR,ERR,ERR,ERR,ERR,ERR,ERR,ERR,ERR,ERR,ERR,ERR,ERR,ERR,ERR,34.0,80.0,35,0.0,0.0,0.0,0.0,0.0,0.0,0.0,0.0,0.0,0.0,0.0,0.0,0.0,0.0,0.0,0.0,66.4,0,120,58,54,65476,0,300,0,0,8,20529,65476,0,0,57672,80.0,0.0,0.0,0.0,0.0,0.0
2026-06-18T02:21:01,ERR,ERR,ERR,ERR,ERR,ERR,ERR,ERR,ERR,ERR,ERR,ERR,ERR,ERR,ERR,ERR,ERR,ERR,ERR,ERR,ERR,ERR,ERR,ERR,ERR,ERR,ERR,ERR,ERR,ERR,ERR,ERR,ERR,ERR,ERR,ERR,ERR,ERR,ERR,ERR,ERR,ERR,ERR,ERR,ERR,ERR,ERR,ERR,ERR,ERR,ERR,ERR,ERR,ERR,ERR,ERR,ERR,ERR,ERR,ERR,ERR,ERR,ERR,ERR,ERR,ERR,ERR,ERR,ERR,ERR,ERR,ERR,ERR,ERR,ERR,ERR,ERR,ERR,ERR,ERR,ERR,ERR,ERR,ERR,ERR,ERR,ERR,ERR,ERR,ERR,ERR,ERR,ERR,ERR,ERR,ERR,ERR,ERR,ERR,ERR,ERR,ERR,ERR,ERR,ERR,ERR,ERR,ERR,ERR,ERR,ERR,ERR,ERR,ERR,ERR,ERR,ERR,ERR,ERR,ERR,ERR,ERR,ERR,ERR,ERR,-0.0,-0.0,0.0,0.059,0.0,1.3936040501711995e+18,7.805,-0.0,0,0,4,48935,6720,14723890282496.0,100,0.0,0.0,0.0,-107609184.0,0.0,0,0,0,0,0.0,0,0,0,0,0,0,0,0,0,0,0,0,0,0,0,0,0,0,0,0,0,0,0,0,0,0,0,0,0,0,0,0,0,26,51,50,76,65476,0,300,0,0,8,21553,0.0,-107605600.0,0.0,0.0,0.0,0.0,0.0,0.0,0.0,0.0,0.0,0.0,0.0,0.0,0.0,0.0,0.0,0.0,0.0,0.0,0.0,0.0,0.0,-2.004,0.0,-0.0,0.0,0.0,0.0,0.0,4763.0,-0.0,7319.0,-0.0,2.718431101732002e+23,-107615360.0,0.0,0.0,0.0,0.0,0.0,77,-0.0,0.059,0.0,0.0,0.0,0.0,0.0,0.0,0.0,0,0,0,0.0,0.0,0.0,0.0,0.0,0.0,0.0,0.0,0.0,0.0,0.0,0.0,0.0,0.0,0.0,0.0,0,-107875648.0,77,0.0,154,0.0,-0.0,ERR,ERR,ERR,ERR,ERR,ERR,ERR,ERR,ERR,ERR,ERR,ERR,ERR,ERR,ERR,ERR,ERR,ERR,ERR,ERR,ERR,ERR,ERR,ERR,ERR,ERR,ERR,ERR,ERR,ERR,ERR,ERR,ERR,ERR,ERR,ERR,ERR,ERR,ERR,ERR,ERR,ERR,ERR,ERR,ERR,ERR,ERR,ERR,ERR,ERR,ERR,ERR,ERR,ERR,ERR,ERR,ERR,ERR,ERR,ERR,ERR,ERR,ERR,ERR,ERR,ERR,ERR,34.0,80.0,35,0.0,0.0,0.0,0.0,0.0,0.0,0.0,0.0,0.0,0.0,0.0,0.0,0.0,0.0,0.0,0.0,66.0,0,120,58,54,65476,0,300,0,0,8,20529,65476,0,0,57672,80.0,0.0,0.0,0.0,0.0,0.0
2026-06-18T02:21:02,ERR,ERR,ERR,ERR,ERR,ERR,ERR,ERR,ERR,ERR,ERR,ERR,ERR,ERR,ERR,ERR,ERR,ERR,ERR,ERR,ERR,ERR,ERR,ERR,ERR,ERR,ERR,ERR,ERR,ERR,ERR,ERR,ERR,ERR,ERR,ERR,ERR,ERR,ERR,ERR,ERR,ERR,ERR,ERR,ERR,ERR,ERR,ERR,ERR,ERR,ERR,ERR,ERR,ERR,ERR,ERR,ERR,ERR,ERR,ERR,ERR,ERR,ERR,ERR,ERR,ERR,ERR,ERR,ERR,ERR,ERR,ERR,ERR,ERR,ERR,ERR,ERR,ERR,ERR,ERR,ERR,ERR,ERR,ERR,ERR,ERR,ERR,ERR,ERR,ERR,ERR,ERR,ERR,ERR,ERR,ERR,ERR,ERR,ERR,ERR,ERR,ERR,ERR,ERR,ERR,ERR,ERR,ERR,ERR,ERR,ERR,ERR,ERR,ERR,ERR,ERR,ERR,ERR,ERR,ERR,ERR,ERR,ERR,ERR,ERR,-0.0,-0.0,0.0,0.059,0.0,1.3936040501711995e+18,7.805,-0.0,0,0,4,48935,6720,14723890282496.0,100,0.0,0.0,0.0,-107609184.0,0.0,0,0,0,0,0.0,0,0,0,0,0,0,0,0,0,0,0,0,0,0,0,0,0,0,0,0,0,0,0,0,0,0,0,0,0,0,0,0,0,26,51,50,76,65476,0,300,0,0,8,21553,0.0,-107605600.0,0.0,0.0,0.0,0.0,0.0,0.0,0.0,0.0,0.0,0.0,0.0,0.0,0.0,0.0,0.0,0.0,0.0,0.0,0.0,0.0,0.0,-2.004,0.0,-0.0,0.0,0.0,0.0,0.0,4763.0,-0.0,7319.0,-0.0,2.718431101732002e+23,-107615360.0,0.0,0.0,0.0,0.0,0.0,77,-0.0,0.059,0.0,0.0,0.0,0.0,0.0,0.0,0.0,0,0,0,0.0,0.0,0.0,0.0,0.0,0.0,0.0,0.0,0.0,0.0,0.0,0.0,0.0,0.0,0.0,0.0,0,-107875648.0,77,0.0,154,0.0,-0.0,ERR,ERR,ERR,ERR,ERR,ERR,ERR,ERR,ERR,ERR,ERR,ERR,ERR,ERR,ERR,ERR,ERR,ERR,ERR,ERR,ERR,ERR,ERR,ERR,ERR,ERR,ERR,ERR,ERR,ERR,ERR,ERR,ERR,ERR,ERR,ERR,ERR,ERR,ERR,ERR,ERR,ERR,ERR,ERR,ERR,ERR,ERR,ERR,ERR,ERR,ERR,ERR,ERR,ERR,ERR,ERR,ERR,ERR,ERR,ERR,ERR,ERR,ERR,ERR,ERR,ERR,ERR,34.0,80.0,35,0.0,0.0,0.0,0.0,0.0,0.0,0.0,0.0,0.0,0.0,0.0,0.0,0.0,0.0,0.0,0.0,66.0,0,120,58,54,65476,0,300,0,0,8,20529,65476,0,0,57672,80.0,0.0,0.0,0.0,0.0,0.0
2026-06-18T02:21:03,ERR,ERR,ERR,ERR,ERR,ERR,ERR,ERR,ERR,ERR,ERR,ERR,ERR,ERR,ERR,ERR,ERR,ERR,ERR,ERR,ERR,ERR,ERR,ERR,ERR,ERR,ERR,ERR,ERR,ERR,ERR,ERR,ERR,ERR,ERR,ERR,ERR,ERR,ERR,ERR,ERR,ERR,ERR,ERR,ERR,ERR,ERR,ERR,ERR,ERR,ERR,ERR,ERR,ERR,ERR,ERR,ERR,ERR,ERR,ERR,ERR,ERR,ERR,ERR,ERR,ERR,ERR,ERR,ERR,ERR,ERR,ERR,ERR,ERR,ERR,ERR,ERR,ERR,ERR,ERR,ERR,ERR,ERR,ERR,ERR,ERR,ERR,ERR,ERR,ERR,ERR,ERR,ERR,ERR,ERR,ERR,ERR,ERR,ERR,ERR,ERR,ERR,ERR,ERR,ERR,ERR,ERR,ERR,ERR,ERR,ERR,ERR,ERR,ERR,ERR,ERR,ERR,ERR,ERR,ERR,ERR,ERR,ERR,ERR,ERR,-0.0,-0.0,0.0,0.059,0.0,1.3936040501711995e+18,7.805,-0.0,0,0,4,48935,6720,14723890282496.0,100,0.0,0.0,0.0,-107609184.0,0.0,0,0,0,0,0.0,0,0,0,0,0,0,0,0,0,0,0,0,0,0,0,0,0,0,0,0,0,0,0,0,0,0,0,0,0,0,0,0,0,26,51,50,76,65476,0,300,0,0,8,21553,0.0,-107605600.0,0.0,0.0,0.0,0.0,0.0,0.0,0.0,0.0,0.0,0.0,0.0,0.0,0.0,0.0,0.0,0.0,0.0,0.0,0.0,0.0,0.0,-2.004,0.0,-0.0,0.0,0.0,0.0,0.0,4763.0,-0.0,7319.0,-0.0,2.718431101732002e+23,-107615360.0,0.0,0.0,0.0,0.0,0.0,77,-0.0,0.059,0.0,0.0,0.0,0.0,0.0,0.0,0.0,0,0,0,0.0,0.0,0.0,0.0,0.0,0.0,0.0,0.0,0.0,0.0,0.0,0.0,0.0,0.0,0.0,0.0,0,-107875648.0,77,0.0,154,0.0,-0.0,ERR,ERR,ERR,ERR,ERR,ERR,ERR,ERR,ERR,ERR,ERR,ERR,ERR,ERR,ERR,ERR,ERR,ERR,ERR,ERR,ERR,ERR,ERR,ERR,ERR,ERR,ERR,ERR,ERR,ERR,ERR,ERR,ERR,ERR,ERR,ERR,ERR,ERR,ERR,ERR,ERR,ERR,ERR,ERR,ERR,ERR,ERR,ERR,ERR,ERR,ERR,ERR,ERR,ERR,ERR,ERR,ERR,ERR,ERR,ERR,ERR,ERR,ERR,ERR,ERR,ERR,ERR,34.0,80.0,35,0.0,0.0,0.0,0.0,0.0,0.0,0.0,0.0,0.0,0.0,0.0,0.0,0.0,0.0,0.0,0.0,66.0,0,120,58,54,65476,0,300,0,0,8,20529,65476,0,0,57672,80.0,0.0,0.0,0.0,0.0,0.0
2026-06-18T02:21:04,ERR,ERR,ERR,ERR,ERR,ERR,ERR,ERR,ERR,ERR,ERR,ERR,ERR,ERR,ERR,ERR,ERR,ERR,ERR,ERR,ERR,ERR,ERR,ERR,ERR,ERR,ERR,ERR,ERR,ERR,ERR,ERR,ERR,ERR,ERR,ERR,ERR,ERR,ERR,ERR,ERR,ERR,ERR,ERR,ERR,ERR,ERR,ERR,ERR,ERR,ERR,ERR,ERR,ERR,ERR,ERR,ERR,ERR,ERR,ERR,ERR,ERR,ERR,ERR,ERR,ERR,ERR,ERR,ERR,ERR,ERR,ERR,ERR,ERR,ERR,ERR,ERR,ERR,ERR,ERR,ERR,ERR,ERR,ERR,ERR,ERR,ERR,ERR,ERR,ERR,ERR,ERR,ERR,ERR,ERR,ERR,ERR,ERR,ERR,ERR,ERR,ERR,ERR,ERR,ERR,ERR,ERR,ERR,ERR,ERR,ERR,ERR,ERR,ERR,ERR,ERR,ERR,ERR,ERR,ERR,ERR,ERR,ERR,ERR,ERR,-0.0,-0.0,0.0,0.059,0.0,1.3936040501711995e+18,7.805,-0.0,0,0,4,48935,6720,14723890282496.0,100,0.0,0.0,0.0,-107609184.0,0.0,0,0,0,0,0.0,0,0,0,0,0,0,0,0,0,0,0,0,0,0,0,0,0,0,0,0,0,0,0,0,0,0,0,0,0,0,0,0,0,26,51,50,76,65476,0,300,0,0,8,21553,0.0,-107605600.0,0.0,0.0,0.0,0.0,0.0,0.0,0.0,0.0,0.0,0.0,0.0,0.0,0.0,0.0,0.0,0.0,0.0,0.0,0.0,0.0,0.0,-2.004,0.0,-0.0,0.0,0.0,0.0,0.0,4763.0,-0.0,7319.0,-0.0,2.718431101732002e+23,-107615360.0,0.0,0.0,0.0,0.0,0.0,77,-0.0,0.059,0.0,0.0,0.0,0.0,0.0,0.0,0.0,0,0,0,0.0,0.0,0.0,0.0,0.0,0.0,0.0,0.0,0.0,0.0,0.0,0.0,0.0,0.0,0.0,0.0,0,-107875648.0,77,0.0,154,0.0,-0.0,ERR,ERR,ERR,ERR,ERR,ERR,ERR,ERR,ERR,ERR,ERR,ERR,ERR,ERR,ERR,ERR,ERR,ERR,ERR,ERR,ERR,ERR,ERR,ERR,ERR,ERR,ERR,ERR,ERR,ERR,ERR,ERR,ERR,ERR,ERR,ERR,ERR,ERR,ERR,ERR,ERR,ERR,ERR,ERR,ERR,ERR,ERR,ERR,ERR,ERR,ERR,ERR,ERR,ERR,ERR,ERR,ERR,ERR,ERR,ERR,ERR,ERR,ERR,ERR,ERR,ERR,ERR,34.0,80.0,35,0.0,0.0,0.0,0.0,0.0,0.0,0.0,0.0,0.0,0.0,0.0,0.0,0.0,0.0,0.0,0.0,66.0,0,120,58,54,65476,0,300,0,0,8,20529,65476,0,0,57672,80.0,0.0,0.0,0.0,0.0,0.0
2026-06-18T02:21:05,ERR,ERR,ERR,ERR,ERR,ERR,ERR,ERR,ERR,ERR,ERR,ERR,ERR,ERR,ERR,ERR,ERR,ERR,ERR,ERR,ERR,ERR,ERR,ERR,ERR,ERR,ERR,ERR,ERR,ERR,ERR,ERR,ERR,ERR,ERR,ERR,ERR,ERR,ERR,ERR,ERR,ERR,ERR,ERR,ERR,ERR,ERR,ERR,ERR,ERR,ERR,ERR,ERR,ERR,ERR,ERR,ERR,ERR,ERR,ERR,ERR,ERR,ERR,ERR,ERR,ERR,ERR,ERR,ERR,ERR,ERR,ERR,ERR,ERR,ERR,ERR,ERR,ERR,ERR,ERR,ERR,ERR,ERR,ERR,ERR,ERR,ERR,ERR,ERR,ERR,ERR,ERR,ERR,ERR,ERR,ERR,ERR,ERR,ERR,ERR,ERR,ERR,ERR,ERR,ERR,ERR,ERR,ERR,ERR,ERR,ERR,ERR,ERR,ERR,ERR,ERR,ERR,ERR,ERR,ERR,ERR,ERR,ERR,ERR,ERR,-0.0,-0.0,0.0,0.059,0.0,1.3936040501711995e+18,7.805,-0.0,0,0,4,48935,6720,14723890282496.0,100,0.0,0.0,0.0,-107609184.0,0.0,0,0,0,0,0.0,0,0,0,0,0,0,0,0,0,0,0,0,0,0,0,0,0,0,0,0,0,0,0,0,0,0,0,0,0,0,0,0,0,26,51,50,76,65476,0,300,0,0,8,21553,0.0,-107605600.0,0.0,0.0,0.0,0.0,0.0,0.0,0.0,0.0,0.0,0.0,0.0,0.0,0.0,0.0,0.0,0.0,0.0,0.0,0.0,0.0,0.0,-2.004,0.0,-0.0,0.0,0.0,0.0,0.0,4763.0,-0.0,7319.0,-0.0,2.718431101732002e+23,-107615360.0,0.0,0.0,0.0,0.0,0.0,77,-0.0,0.059,0.0,0.0,0.0,0.0,0.0,0.0,0.0,0,0,0,0.0,0.0,0.0,0.0,0.0,0.0,0.0,0.0,0.0,0.0,0.0,0.0,0.0,0.0,0.0,0.0,0,-107875648.0,77,0.0,154,0.0,-0.0,ERR,ERR,ERR,ERR,ERR,ERR,ERR,ERR,ERR,ERR,ERR,ERR,ERR,ERR,ERR,ERR,ERR,ERR,ERR,ERR,ERR,ERR,ERR,ERR,ERR,ERR,ERR,ERR,ERR,ERR,ERR,ERR,ERR,ERR,ERR,ERR,ERR,ERR,ERR,ERR,ERR,ERR,ERR,ERR,ERR,ERR,ERR,ERR,ERR,ERR,ERR,ERR,ERR,ERR,ERR,ERR,ERR,ERR,ERR,ERR,ERR,ERR,ERR,ERR,ERR,ERR,ERR,34.0,80.0,35,0.0,0.0,0.0,0.0,0.0,0.0,0.0,0.0,0.0,0.0,0.0,0.0,0.0,0.0,0.0,0.0,66.0,0,120,58,54,65476,0,300,0,0,8,20529,65476,0,0,57672,80.0,0.0,0.0,0.0,0.0,0.0
2026-06-18T02:21:06,ERR,ERR,ERR,ERR,ERR,ERR,ERR,ERR,ERR,ERR,ERR,ERR,ERR,ERR,ERR,ERR,ERR,ERR,ERR,ERR,ERR,ERR,ERR,ERR,ERR,ERR,ERR,ERR,ERR,ERR,ERR,ERR,ERR,ERR,ERR,ERR,ERR,ERR,ERR,ERR,ERR,ERR,ERR,ERR,ERR,ERR,ERR,ERR,ERR,ERR,ERR,ERR,ERR,ERR,ERR,ERR,ERR,ERR,ERR,ERR,ERR,ERR,ERR,ERR,ERR,ERR,ERR,ERR,ERR,ERR,ERR,ERR,ERR,ERR,ERR,ERR,ERR,ERR,ERR,ERR,ERR,ERR,ERR,ERR,ERR,ERR,ERR,ERR,ERR,ERR,ERR,ERR,ERR,ERR,ERR,ERR,ERR,ERR,ERR,ERR,ERR,ERR,ERR,ERR,ERR,ERR,ERR,ERR,ERR,ERR,ERR,ERR,ERR,ERR,ERR,ERR,ERR,ERR,ERR,ERR,ERR,ERR,ERR,ERR,ERR,-0.0,-0.0,0.0,0.059,0.0,1.3936040501711995e+18,7.805,-0.0,0,0,4,48935,6720,14723890282496.0,100,0.0,0.0,0.0,-107609184.0,0.0,0,0,0,0,0.0,0,0,0,0,0,0,0,0,0,0,0,0,0,0,0,0,0,0,0,0,0,0,0,0,0,0,0,0,0,0,0,0,0,26,51,50,76,65476,0,300,0,0,8,21553,0.0,-107605600.0,0.0,0.0,0.0,0.0,0.0,0.0,0.0,0.0,0.0,0.0,0.0,0.0,0.0,0.0,0.0,0.0,0.0,0.0,0.0,0.0,0.0,-2.004,0.0,-0.0,0.0,0.0,0.0,0.0,4763.0,-0.0,7319.0,-0.0,2.718431101732002e+23,-107615360.0,0.0,0.0,0.0,0.0,0.0,77,-0.0,0.059,0.0,0.0,0.0,0.0,0.0,0.0,0.0,0,0,0,0.0,0.0,0.0,0.0,0.0,0.0,0.0,0.0,0.0,0.0,0.0,0.0,0.0,0.0,0.0,0.0,0,-107875648.0,77,0.0,154,0.0,-0.0,ERR,ERR,ERR,ERR,ERR,ERR,ERR,ERR,ERR,ERR,ERR,ERR,ERR,ERR,ERR,ERR,ERR,ERR,ERR,ERR,ERR,ERR,ERR,ERR,ERR,ERR,ERR,ERR,ERR,ERR,ERR,ERR,ERR,ERR,ERR,ERR,ERR,ERR,ERR,ERR,ERR,ERR,ERR,ERR,ERR,ERR,ERR,ERR,ERR,ERR,ERR,ERR,ERR,ERR,ERR,ERR,ERR,ERR,ERR,ERR,ERR,ERR,ERR,ERR,ERR,ERR,ERR,34.0,80.0,35,0.0,0.0,0.0,0.0,0.0,0.0,0.0,0.0,0.0,0.0,0.0,0.0,0.0,0.0,0.0,0.0,66.0,0,120,58,54,65476,0,300,0,0,8,20529,65476,0,0,57672,80.0,0.0,0.0,0.0,0.0,0.0
2026-06-18T02:21:07,ERR,ERR,ERR,ERR,ERR,ERR,ERR,ERR,ERR,ERR,ERR,ERR,ERR,ERR,ERR,ERR,ERR,ERR,ERR,ERR,ERR,ERR,ERR,ERR,ERR,ERR,ERR,ERR,ERR,ERR,ERR,ERR,ERR,ERR,ERR,ERR,ERR,ERR,ERR,ERR,ERR,ERR,ERR,ERR,ERR,ERR,ERR,ERR,ERR,ERR,ERR,ERR,ERR,ERR,ERR,ERR,ERR,ERR,ERR,ERR,ERR,ERR,ERR,ERR,ERR,ERR,ERR,ERR,ERR,ERR,ERR,ERR,ERR,ERR,ERR,ERR,ERR,ERR,ERR,ERR,ERR,ERR,ERR,ERR,ERR,ERR,ERR,ERR,ERR,ERR,ERR,ERR,ERR,ERR,ERR,ERR,ERR,ERR,ERR,ERR,ERR,ERR,ERR,ERR,ERR,ERR,ERR,ERR,ERR,ERR,ERR,ERR,ERR,ERR,ERR,ERR,ERR,ERR,ERR,ERR,ERR,ERR,ERR,ERR,ERR,-0.0,2.718431101732002e+23,-0.0,0.0,0.0,1.3936040501711995e+18,7.805,237259152.0,0,0,4,48924,6720,14723890282496.0,100,0.0,0.0,0.0,0.0,0.0,0,0,0,0,0.0,0,0,0,0,0,0,0,0,0,0,0,0,0,0,0,0,0,0,0,0,0,0,0,0,0,0,0,0,0,0,0,0,0,26,51,50,76,65476,0,300,0,0,8,21553,0.0,-107605600.0,0.0,0.0,0.0,0.0,0.0,0.0,0.0,0.0,0.0,0.0,0.0,0.0,0.0,0.0,0.0,0.0,0.0,0.0,0.0,0.0,0.0,-2.004,0.0,2.004,0.0,0.0,0.0,0.0,4763.0,-0.0,7315.0,-0.0,2.718431101732002e+23,-107615360.0,0.0,0.0,0.0,0.0,0.0,77,-0.0,0.059,0.0,0.0,0.0,0.0,0.0,0.0,0.0,0,0,0,0.0,0.0,0.0,0.0,0.0,0.0,0.0,0.0,0.0,0.0,0.0,0.0,0.0,0.0,0.0,0.0,0,-107875648.0,77,0.0,154,0.0,-0.0,ERR,ERR,ERR,ERR,ERR,ERR,ERR,ERR,ERR,ERR,ERR,ERR,ERR,ERR,ERR,ERR,ERR,ERR,ERR,ERR,ERR,ERR,ERR,ERR,ERR,ERR,ERR,ERR,ERR,ERR,ERR,ERR,ERR,ERR,ERR,ERR,ERR,ERR,ERR,ERR,ERR,ERR,ERR,ERR,ERR,ERR,ERR,ERR,ERR,ERR,ERR,ERR,ERR,ERR,ERR,ERR,ERR,ERR,ERR,ERR,ERR,ERR,ERR,ERR,ERR,ERR,ERR,34.0,80.0,35,0.0,0.0,0.0,0.0,0.0,0.0,0.0,0.0,0.0,0.0,0.0,0.0,0.0,0.0,0.0,0.0,66.0,0,120,58,54,65476,0,300,0,0,8,20529,65476,0,0,57672,80.0,0.0,0.0,0.0,0.0,0.0
2026-06-18T02:21:08,ERR,ERR,ERR,ERR,ERR,ERR,ERR,ERR,ERR,ERR,ERR,ERR,ERR,ERR,ERR,ERR,ERR,ERR,ERR,ERR,ERR,ERR,ERR,ERR,ERR,ERR,ERR,ERR,ERR,ERR,ERR,ERR,ERR,ERR,ERR,ERR,ERR,ERR,ERR,ERR,ERR,ERR,ERR,ERR,ERR,ERR,ERR,ERR,ERR,ERR,ERR,ERR,ERR,ERR,ERR,ERR,ERR,ERR,ERR,ERR,ERR,ERR,ERR,ERR,ERR,ERR,ERR,ERR,ERR,ERR,ERR,ERR,ERR,ERR,ERR,ERR,ERR,ERR,ERR,ERR,ERR,ERR,ERR,ERR,ERR,ERR,ERR,ERR,ERR,ERR,ERR,ERR,ERR,ERR,ERR,ERR,ERR,ERR,ERR,ERR,ERR,ERR,ERR,ERR,ERR,ERR,ERR,ERR,ERR,ERR,ERR,ERR,ERR,ERR,ERR,ERR,ERR,ERR,ERR,ERR,ERR,ERR,ERR,ERR,ERR,-0.0,2.718431101732002e+23,-0.0,0.0,0.0,1.3936040501711995e+18,7.805,237259152.0,0,0,4,48924,6720,14723890282496.0,100,0.0,0.0,0.0,0.0,0.0,0,0,0,0,0.0,0,0,0,0,0,0,0,0,0,0,0,0,0,0,0,0,0,0,0,0,0,0,0,0,0,0,0,0,0,0,0,0,0,26,51,50,76,65476,0,300,0,0,8,21553,0.0,-107605600.0,0.0,0.0,0.0,0.0,0.0,0.0,0.0,0.0,0.0,0.0,0.0,0.0,0.0,0.0,0.0,0.0,0.0,0.0,0.0,0.0,0.0,-2.004,0.0,2.004,0.0,0.0,0.0,0.0,4763.0,-0.0,7315.0,-0.0,2.718431101732002e+23,-107615360.0,0.0,0.0,0.0,0.0,0.0,77,-0.0,0.059,0.0,0.0,0.0,0.0,0.0,0.0,0.0,0,0,0,0.0,0.0,0.0,0.0,0.0,0.0,0.0,0.0,0.0,0.0,0.0,0.0,0.0,0.0,0.0,0.0,0,-107875648.0,77,0.0,154,0.0,-0.0,ERR,ERR,ERR,ERR,ERR,ERR,ERR,ERR,ERR,ERR,ERR,ERR,ERR,ERR,ERR,ERR,ERR,ERR,ERR,ERR,ERR,ERR,ERR,ERR,ERR,ERR,ERR,ERR,ERR,ERR,ERR,ERR,ERR,ERR,ERR,ERR,ERR,ERR,ERR,ERR,ERR,ERR,ERR,ERR,ERR,ERR,ERR,ERR,ERR,ERR,ERR,ERR,ERR,ERR,ERR,ERR,ERR,ERR,ERR,ERR,ERR,ERR,ERR,ERR,ERR,ERR,ERR,34.0,80.0,35,0.0,0.0,0.0,0.0,0.0,0.0,0.0,0.0,0.0,0.0,0.0,0.0,0.0,0.0,0.0,0.0,66.0,0,120,58,54,65476,0,300,0,0,8,20529,65476,0,0,57672,80.0,0.0,0.0,0.0,0.0,0.0
2026-06-18T02:21:09,ERR,ERR,ERR,ERR,ERR,ERR,ERR,ERR,ERR,ERR,ERR,ERR,ERR,ERR,ERR,ERR,ERR,ERR,ERR,ERR,ERR,ERR,ERR,ERR,ERR,ERR,ERR,ERR,ERR,ERR,ERR,ERR,ERR,ERR,ERR,ERR,ERR,ERR,ERR,ERR,ERR,ERR,ERR,ERR,ERR,ERR,ERR,ERR,ERR,ERR,ERR,ERR,ERR,ERR,ERR,ERR,ERR,ERR,ERR,ERR,ERR,ERR,ERR,ERR,ERR,ERR,ERR,ERR,ERR,ERR,ERR,ERR,ERR,ERR,ERR,ERR,ERR,ERR,ERR,ERR,ERR,ERR,ERR,ERR,ERR,ERR,ERR,ERR,ERR,ERR,ERR,ERR,ERR,ERR,ERR,ERR,ERR,ERR,ERR,ERR,ERR,ERR,ERR,ERR,ERR,ERR,ERR,ERR,ERR,ERR,ERR,ERR,ERR,ERR,ERR,ERR,ERR,ERR,ERR,ERR,ERR,ERR,ERR,ERR,ERR,-0.0,2.718431101732002e+23,-0.0,0.0,0.0,1.3936040501711995e+18,7.805,237259152.0,0,0,4,48924,6720,14723890282496.0,100,0.0,0.0,0.0,0.0,0.0,0,0,0,0,0.0,0,0,0,0,0,0,0,0,0,0,0,0,0,0,0,0,0,0,0,0,0,0,0,0,0,0,0,0,0,0,0,0,0,26,51,50,76,65476,0,300,0,0,8,21553,0.0,-107605600.0,0.0,0.0,0.0,0.0,0.0,0.0,0.0,0.0,0.0,0.0,0.0,0.0,0.0,0.0,0.0,0.0,0.0,0.0,0.0,0.0,0.0,-2.004,0.0,2.004,0.0,0.0,0.0,0.0,4763.0,-0.0,7315.0,-0.0,2.718431101732002e+23,-107615360.0,0.0,0.0,0.0,0.0,0.0,77,-0.0,0.059,0.0,0.0,0.0,0.0,0.0,0.0,0.0,0,0,0,0.0,0.0,0.0,0.0,0.0,0.0,0.0,0.0,0.0,0.0,0.0,0.0,0.0,0.0,0.0,0.0,0,-107875648.0,77,0.0,154,0.0,-0.0,ERR,ERR,ERR,ERR,ERR,ERR,ERR,ERR,ERR,ERR,ERR,ERR,ERR,ERR,ERR,ERR,ERR,ERR,ERR,ERR,ERR,ERR,ERR,ERR,ERR,ERR,ERR,ERR,ERR,ERR,ERR,ERR,ERR,ERR,ERR,ERR,ERR,ERR,ERR,ERR,ERR,ERR,ERR,ERR,ERR,ERR,ERR,ERR,ERR,ERR,ERR,ERR,ERR,ERR,ERR,ERR,ERR,ERR,ERR,ERR,ERR,ERR,ERR,ERR,ERR,ERR,ERR,34.0,80.0,35,0.0,0.0,0.0,0.0,0.0,0.0,0.0,0.0,0.0,0.0,0.0,0.0,0.0,0.0,0.0,0.0,66.0,0,120,58,54,65476,0,300,0,0,8,20529,65476,0,0,57672,80.0,0.0,0.0,0.0,0.0,0.0
2026-06-18T02:21:10,ERR,ERR,ERR,ERR,ERR,ERR,ERR,ERR,ERR,ERR,ERR,ERR,ERR,ERR,ERR,ERR,ERR,ERR,ERR,ERR,ERR,ERR,ERR,ERR,ERR,ERR,ERR,ERR,ERR,ERR,ERR,ERR,ERR,ERR,ERR,ERR,ERR,ERR,ERR,ERR,ERR,ERR,ERR,ERR,ERR,ERR,ERR,ERR,ERR,ERR,ERR,ERR,ERR,ERR,ERR,ERR,ERR,ERR,ERR,ERR,ERR,ERR,ERR,ERR,ERR,ERR,ERR,ERR,ERR,ERR,ERR,ERR,ERR,ERR,ERR,ERR,ERR,ERR,ERR,ERR,ERR,ERR,ERR,ERR,ERR,ERR,ERR,ERR,ERR,ERR,ERR,ERR,ERR,ERR,ERR,ERR,ERR,ERR,ERR,ERR,ERR,ERR,ERR,ERR,ERR,ERR,ERR,ERR,ERR,ERR,ERR,ERR,ERR,ERR,ERR,ERR,ERR,ERR,ERR,ERR,ERR,ERR,ERR,ERR,ERR,-0.0,2.718431101732002e+23,-0.0,0.0,0.0,1.3936040501711995e+18,7.805,237259152.0,0,0,4,48924,6720,14723890282496.0,100,0.0,0.0,0.0,0.0,0.0,0,0,0,0,0.0,0,0,0,0,0,0,0,0,0,0,0,0,0,0,0,0,0,0,0,0,0,0,0,0,0,0,0,0,0,0,0,0,0,26,51,50,76,65476,0,300,0,0,8,21553,0.0,-107605600.0,0.0,0.0,0.0,0.0,0.0,0.0,0.0,0.0,0.0,0.0,0.0,0.0,0.0,0.0,0.0,0.0,0.0,0.0,0.0,0.0,0.0,-2.004,0.0,2.004,0.0,0.0,0.0,0.0,4763.0,-0.0,7315.0,-0.0,2.718431101732002e+23,-107615360.0,0.0,0.0,0.0,0.0,0.0,77,-0.0,0.059,0.0,0.0,0.0,0.0,0.0,0.0,0.0,0,0,0,0.0,0.0,0.0,0.0,0.0,0.0,0.0,0.0,0.0,0.0,0.0,0.0,0.0,0.0,0.0,0.0,0,-107875648.0,77,0.0,154,0.0,-0.0,ERR,ERR,ERR,ERR,ERR,ERR,ERR,ERR,ERR,ERR,ERR,ERR,ERR,ERR,ERR,ERR,ERR,ERR,ERR,ERR,ERR,ERR,ERR,ERR,ERR,ERR,ERR,ERR,ERR,ERR,ERR,ERR,ERR,ERR,ERR,ERR,ERR,ERR,ERR,ERR,ERR,ERR,ERR,ERR,ERR,ERR,ERR,ERR,ERR,ERR,ERR,ERR,ERR,ERR,ERR,ERR,ERR,ERR,ERR,ERR,ERR,ERR,ERR,ERR,ERR,ERR,ERR,34.0,80.0,35,0.0,0.0,0.0,0.0,0.0,0.0,0.0,0.0,0.0,0.0,0.0,0.0,0.0,0.0,0.0,0.0,66.0,0,120,58,54,65476,0,300,0,0,8,20529,65476,0,0,57672,80.0,0.0,0.0,0.0,0.0,0.0
2026-06-18T02:21:11,ERR,ERR,ERR,ERR,ERR,ERR,ERR,ERR,ERR,ERR,ERR,ERR,ERR,ERR,ERR,ERR,ERR,ERR,ERR,ERR,ERR,ERR,ERR,ERR,ERR,ERR,ERR,ERR,ERR,ERR,ERR,ERR,ERR,ERR,ERR,ERR,ERR,ERR,ERR,ERR,ERR,ERR,ERR,ERR,ERR,ERR,ERR,ERR,ERR,ERR,ERR,ERR,ERR,ERR,ERR,ERR,ERR,ERR,ERR,ERR,ERR,ERR,ERR,ERR,ERR,ERR,ERR,ERR,ERR,ERR,ERR,ERR,ERR,ERR,ERR,ERR,ERR,ERR,ERR,ERR,ERR,ERR,ERR,ERR,ERR,ERR,ERR,ERR,ERR,ERR,ERR,ERR,ERR,ERR,ERR,ERR,ERR,ERR,ERR,ERR,ERR,ERR,ERR,ERR,ERR,ERR,ERR,ERR,ERR,ERR,ERR,ERR,ERR,ERR,ERR,ERR,ERR,ERR,ERR,ERR,ERR,ERR,ERR,ERR,ERR,-0.0,2.718431101732002e+23,-0.0,0.0,0.0,1.3936040501711995e+18,7.805,237259152.0,0,0,4,48924,6720,14723890282496.0,100,0.0,0.0,0.0,0.0,0.0,0,0,0,0,0.0,0,0,0,0,0,0,0,0,0,0,0,0,0,0,0,0,0,0,0,0,0,0,0,0,0,0,0,0,0,0,0,0,0,26,51,50,76,65476,0,300,0,0,8,21553,0.0,-107605600.0,0.0,0.0,0.0,0.0,0.0,0.0,0.0,0.0,0.0,0.0,0.0,0.0,0.0,0.0,0.0,0.0,0.0,0.0,0.0,0.0,0.0,-2.004,0.0,2.004,0.0,0.0,0.0,0.0,4763.0,-0.0,7315.0,-0.0,2.718431101732002e+23,-107615360.0,0.0,0.0,0.0,0.0,0.0,77,-0.0,0.059,0.0,0.0,0.0,0.0,0.0,0.0,0.0,0,0,0,0.0,0.0,0.0,0.0,0.0,0.0,0.0,0.0,0.0,0.0,0.0,0.0,0.0,0.0,0.0,0.0,0,-107875648.0,77,0.0,154,0.0,-0.0,ERR,ERR,ERR,ERR,ERR,ERR,ERR,ERR,ERR,ERR,ERR,ERR,ERR,ERR,ERR,ERR,ERR,ERR,ERR,ERR,ERR,ERR,ERR,ERR,ERR,ERR,ERR,ERR,ERR,ERR,ERR,ERR,ERR,ERR,ERR,ERR,ERR,ERR,ERR,ERR,ERR,ERR,ERR,ERR,ERR,ERR,ERR,ERR,ERR,ERR,ERR,ERR,ERR,ERR,ERR,ERR,ERR,ERR,ERR,ERR,ERR,ERR,ERR,ERR,ERR,ERR,ERR,34.0,80.0,35,0.0,0.0,0.0,0.0,0.0,0.0,0.0,0.0,0.0,0.0,0.0,0.0,0.0,0.0,0.0,0.0,66.4,0,120,58,54,65476,0,300,0,0,8,20529,65476,0,0,57672,80.0,0.0,0.0,0.0,0.0,0.0
2026-06-18T02:21:12,ERR,ERR,ERR,ERR,ERR,ERR,ERR,ERR,ERR,ERR,ERR,ERR,ERR,ERR,ERR,ERR,ERR,ERR,ERR,ERR,ERR,ERR,ERR,ERR,ERR,ERR,ERR,ERR,ERR,ERR,ERR,ERR,ERR,ERR,ERR,ERR,ERR,ERR,ERR,ERR,ERR,ERR,ERR,ERR,ERR,ERR,ERR,ERR,ERR,ERR,ERR,ERR,ERR,ERR,ERR,ERR,ERR,ERR,ERR,ERR,ERR,ERR,ERR,ERR,ERR,ERR,ERR,ERR,ERR,ERR,ERR,ERR,ERR,ERR,ERR,ERR,ERR,ERR,ERR,ERR,ERR,ERR,ERR,ERR,ERR,ERR,ERR,ERR,ERR,ERR,ERR,ERR,ERR,ERR,ERR,ERR,ERR,ERR,ERR,ERR,ERR,ERR,ERR,ERR,ERR,ERR,ERR,ERR,ERR,ERR,ERR,ERR,ERR,ERR,ERR,ERR,ERR,ERR,ERR,ERR,ERR,ERR,ERR,ERR,ERR,-0.0,2.718431101732002e+23,-0.0,-0.0,0.0,1.3936040501711995e+18,7.805,2.395,0,0,4,48926,6720,14723890282496.0,100,0.0,0.0,0.0,0.059,0.0,0,0,0,0,0.0,0,0,0,0,0,0,0,0,0,0,0,0,0,0,0,0,0,0,0,0,0,0,0,0,0,0,0,0,0,0,0,0,0,26,51,50,76,65476,0,300,0,0,8,21553,0.0,-107605600.0,0.0,0.0,0.0,0.0,0.0,0.0,0.0,0.0,0.0,0.0,0.0,0.0,0.0,0.0,0.0,0.0,0.0,0.0,0.0,0.0,0.0,-0.0,0.0,2.004,0.0,0.0,0.0,0.0,4765.0,-0.0,7317.0,-0.0,2.718431101732002e+23,-107615360.0,0.0,0.0,0.0,0.0,0.0,77,-0.0,89220.484,0.0,0.0,0.0,0.0,0.0,0.0,0.0,0,0,0,0.0,0.0,0.0,0.0,0.0,0.0,0.0,0.0,0.0,0.0,0.0,0.0,0.0,0.0,0.0,0.0,0,-107875648.0,77,0.0,154,0.0,-0.0,ERR,ERR,ERR,ERR,ERR,ERR,ERR,ERR,ERR,ERR,ERR,ERR,ERR,ERR,ERR,ERR,ERR,ERR,ERR,ERR,ERR,ERR,ERR,ERR,ERR,ERR,ERR,ERR,ERR,ERR,ERR,ERR,ERR,ERR,ERR,ERR,ERR,ERR,ERR,ERR,ERR,ERR,ERR,ERR,ERR,ERR,ERR,ERR,ERR,ERR,ERR,ERR,ERR,ERR,ERR,ERR,ERR,ERR,ERR,ERR,ERR,ERR,ERR,ERR,ERR,ERR,ERR,34.0,80.0,35,0.0,0.0,0.0,0.0,0.0,0.0,0.0,0.0,0.0,0.0,0.0,0.0,0.0,0.0,0.0,0.0,66.4,0,120,58,54,65476,0,300,0,0,8,20529,65476,0,0,57672,80.0,0.0,0.0,0.0,0.0,0.0
2026-06-18T02:21:13,ERR,ERR,ERR,ERR,ERR,ERR,ERR,ERR,ERR,ERR,ERR,ERR,ERR,ERR,ERR,ERR,ERR,ERR,ERR,ERR,ERR,ERR,ERR,ERR,ERR,ERR,ERR,ERR,ERR,ERR,ERR,ERR,ERR,ERR,ERR,ERR,ERR,ERR,ERR,ERR,ERR,ERR,ERR,ERR,ERR,ERR,ERR,ERR,ERR,ERR,ERR,ERR,ERR,ERR,ERR,ERR,ERR,ERR,ERR,ERR,ERR,ERR,ERR,ERR,ERR,ERR,ERR,ERR,ERR,ERR,ERR,ERR,ERR,ERR,ERR,ERR,ERR,ERR,ERR,ERR,ERR,ERR,ERR,ERR,ERR,ERR,ERR,ERR,ERR,ERR,ERR,ERR,ERR,ERR,ERR,ERR,ERR,ERR,ERR,ERR,ERR,ERR,ERR,ERR,ERR,ERR,ERR,ERR,ERR,ERR,ERR,ERR,ERR,ERR,ERR,ERR,ERR,ERR,ERR,ERR,ERR,ERR,ERR,ERR,ERR,-0.0,2.718431101732002e+23,-0.0,-0.0,0.0,1.3936040501711995e+18,7.805,2.395,0,0,4,48926,6720,14723890282496.0,100,0.0,0.0,0.0,0.059,0.0,0,0,0,0,0.0,0,0,0,0,0,0,0,0,0,0,0,0,0,0,0,0,0,0,0,0,0,0,0,0,0,0,0,0,0,0,0,0,0,26,51,50,76,65476,0,300,0,0,8,21553,0.0,-107605600.0,0.0,0.0,0.0,0.0,0.0,0.0,0.0,0.0,0.0,0.0,0.0,0.0,0.0,0.0,0.0,0.0,0.0,0.0,0.0,0.0,0.0,-0.0,0.0,2.004,0.0,0.0,0.0,0.0,4765.0,-0.0,7317.0,-0.0,2.718431101732002e+23,-107615360.0,0.0,0.0,0.0,0.0,0.0,77,-0.0,89220.484,0.0,0.0,0.0,0.0,0.0,0.0,0.0,0,0,0,0.0,0.0,0.0,0.0,0.0,0.0,0.0,0.0,0.0,0.0,0.0,0.0,0.0,0.0,0.0,0.0,0,-107875648.0,77,0.0,154,0.0,-0.0,ERR,ERR,ERR,ERR,ERR,ERR,ERR,ERR,ERR,ERR,ERR,ERR,ERR,ERR,ERR,ERR,ERR,ERR,ERR,ERR,ERR,ERR,ERR,ERR,ERR,ERR,ERR,ERR,ERR,ERR,ERR,ERR,ERR,ERR,ERR,ERR,ERR,ERR,ERR,ERR,ERR,ERR,ERR,ERR,ERR,ERR,ERR,ERR,ERR,ERR,ERR,ERR,ERR,ERR,ERR,ERR,ERR,ERR,ERR,ERR,ERR,ERR,ERR,ERR,ERR,ERR,ERR,34.0,80.0,35,0.0,0.0,0.0,0.0,0.0,0.0,0.0,0.0,0.0,0.0,0.0,0.0,0.0,0.0,0.0,0.0,66.4,0,120,58,54,65476,0,300,0,0,8,20529,65476,0,0,57672,80.0,0.0,0.0,0.0,0.0,0.0
2026-06-18T02:21:14,ERR,ERR,ERR,ERR,ERR,ERR,ERR,ERR,ERR,ERR,ERR,ERR,ERR,ERR,ERR,ERR,ERR,ERR,ERR,ERR,ERR,ERR,ERR,ERR,ERR,ERR,ERR,ERR,ERR,ERR,ERR,ERR,ERR,ERR,ERR,ERR,ERR,ERR,ERR,ERR,ERR,ERR,ERR,ERR,ERR,ERR,ERR,ERR,ERR,ERR,ERR,ERR,ERR,ERR,ERR,ERR,ERR,ERR,ERR,ERR,ERR,ERR,ERR,ERR,ERR,ERR,ERR,ERR,ERR,ERR,ERR,ERR,ERR,ERR,ERR,ERR,ERR,ERR,ERR,ERR,ERR,ERR,ERR,ERR,ERR,ERR,ERR,ERR,ERR,ERR,ERR,ERR,ERR,ERR,ERR,ERR,ERR,ERR,ERR,ERR,ERR,ERR,ERR,ERR,ERR,ERR,ERR,ERR,ERR,ERR,ERR,ERR,ERR,ERR,ERR,ERR,ERR,ERR,ERR,ERR,ERR,ERR,ERR,ERR,ERR,-0.0,2.718431101732002e+23,-0.0,-0.0,0.0,1.3936040501711995e+18,7.805,2.395,0,0,4,48926,6720,14723890282496.0,100,0.0,0.0,0.0,0.059,0.0,0,0,0,0,0.0,0,0,0,0,0,0,0,0,0,0,0,0,0,0,0,0,0,0,0,0,0,0,0,0,0,0,0,0,0,0,0,0,0,26,51,50,76,65476,0,300,0,0,8,21553,0.0,-107605600.0,0.0,0.0,0.0,0.0,0.0,0.0,0.0,0.0,0.0,0.0,0.0,0.0,0.0,0.0,0.0,0.0,0.0,0.0,0.0,0.0,0.0,-0.0,0.0,2.004,0.0,0.0,0.0,0.0,4765.0,-0.0,7317.0,-0.0,2.718431101732002e+23,-107615360.0,0.0,0.0,0.0,0.0,0.0,77,-0.0,89220.484,0.0,0.0,0.0,0.0,0.0,0.0,0.0,0,0,0,0.0,0.0,0.0,0.0,0.0,0.0,0.0,0.0,0.0,0.0,0.0,0.0,0.0,0.0,0.0,0.0,0,-107875648.0,77,0.0,154,0.0,-0.0,ERR,ERR,ERR,ERR,ERR,ERR,ERR,ERR,ERR,ERR,ERR,ERR,ERR,ERR,ERR,ERR,ERR,ERR,ERR,ERR,ERR,ERR,ERR,ERR,ERR,ERR,ERR,ERR,ERR,ERR,ERR,ERR,ERR,ERR,ERR,ERR,ERR,ERR,ERR,ERR,ERR,ERR,ERR,ERR,ERR,ERR,ERR,ERR,ERR,ERR,ERR,ERR,ERR,ERR,ERR,ERR,ERR,ERR,ERR,ERR,ERR,ERR,ERR,ERR,ERR,ERR,ERR,34.0,80.0,35,0.0,0.0,0.0,0.0,0.0,0.0,0.0,0.0,0.0,0.0,0.0,0.0,0.0,0.0,0.0,0.0,66.0,0,120,58,54,65476,0,300,0,0,8,20529,65476,0,0,57672,80.0,0.0,0.0,0.0,0.0,0.0
2026-06-18T02:21:15,ERR,ERR,ERR,ERR,ERR,ERR,ERR,ERR,ERR,ERR,ERR,ERR,ERR,ERR,ERR,ERR,ERR,ERR,ERR,ERR,ERR,ERR,ERR,ERR,ERR,ERR,ERR,ERR,ERR,ERR,ERR,ERR,ERR,ERR,ERR,ERR,ERR,ERR,ERR,ERR,ERR,ERR,ERR,ERR,ERR,ERR,ERR,ERR,ERR,ERR,ERR,ERR,ERR,ERR,ERR,ERR,ERR,ERR,ERR,ERR,ERR,ERR,ERR,ERR,ERR,ERR,ERR,ERR,ERR,ERR,ERR,ERR,ERR,ERR,ERR,ERR,ERR,ERR,ERR,ERR,ERR,ERR,ERR,ERR,ERR,ERR,ERR,ERR,ERR,ERR,ERR,ERR,ERR,ERR,ERR,ERR,ERR,ERR,ERR,ERR,ERR,ERR,ERR,ERR,ERR,ERR,ERR,ERR,ERR,ERR,ERR,ERR,ERR,ERR,ERR,ERR,ERR,ERR,ERR,ERR,ERR,ERR,ERR,ERR,ERR,-0.0,2.718431101732002e+23,-0.0,-0.0,0.0,1.3936040501711995e+18,7.805,2.395,0,0,4,48926,6720,14723890282496.0,100,0.0,0.0,0.0,0.059,0.0,0,0,0,0,0.0,0,0,0,0,0,0,0,0,0,0,0,0,0,0,0,0,0,0,0,0,0,0,0,0,0,0,0,0,0,0,0,0,0,26,51,50,76,65476,0,300,0,0,8,21553,0.0,-107605600.0,0.0,0.0,0.0,0.0,0.0,0.0,0.0,0.0,0.0,0.0,0.0,0.0,0.0,0.0,0.0,0.0,0.0,0.0,0.0,0.0,0.0,-0.0,0.0,2.004,0.0,0.0,0.0,0.0,4765.0,-0.0,7317.0,-0.0,2.718431101732002e+23,-107615360.0,0.0,0.0,0.0,0.0,0.0,77,-0.0,89220.484,0.0,0.0,0.0,0.0,0.0,0.0,0.0,0,0,0,0.0,0.0,0.0,0.0,0.0,0.0,0.0,0.0,0.0,0.0,0.0,0.0,0.0,0.0,0.0,0.0,0,-107875648.0,77,0.0,154,0.0,-0.0,ERR,ERR,ERR,ERR,ERR,ERR,ERR,ERR,ERR,ERR,ERR,ERR,ERR,ERR,ERR,ERR,ERR,ERR,ERR,ERR,ERR,ERR,ERR,ERR,ERR,ERR,ERR,ERR,ERR,ERR,ERR,ERR,ERR,ERR,ERR,ERR,ERR,ERR,ERR,ERR,ERR,ERR,ERR,ERR,ERR,ERR,ERR,ERR,ERR,ERR,ERR,ERR,ERR,ERR,ERR,ERR,ERR,ERR,ERR,ERR,ERR,ERR,ERR,ERR,ERR,ERR,ERR,34.0,80.0,35,0.0,0.0,0.0,0.0,0.0,0.0,0.0,0.0,0.0,0.0,0.0,0.0,0.0,0.0,0.0,0.0,66.0,0,120,58,54,65476,0,300,0,0,8,20529,65476,0,0,57672,80.0,0.0,0.0,0.0,0.0,0.0
2026-06-18T02:21:16,ERR,ERR,ERR,ERR,ERR,ERR,ERR,ERR,ERR,ERR,ERR,ERR,ERR,ERR,ERR,ERR,ERR,ERR,ERR,ERR,ERR,ERR,ERR,ERR,ERR,ERR,ERR,ERR,ERR,ERR,ERR,ERR,ERR,ERR,ERR,ERR,ERR,ERR,ERR,ERR,ERR,ERR,ERR,ERR,ERR,ERR,ERR,ERR,ERR,ERR,ERR,ERR,ERR,ERR,ERR,ERR,ERR,ERR,ERR,ERR,ERR,ERR,ERR,ERR,ERR,ERR,ERR,ERR,ERR,ERR,ERR,ERR,ERR,ERR,ERR,ERR,ERR,ERR,ERR,ERR,ERR,ERR,ERR,ERR,ERR,ERR,ERR,ERR,ERR,ERR,ERR,ERR,ERR,ERR,ERR,ERR,ERR,ERR,ERR,ERR,ERR,ERR,ERR,ERR,ERR,ERR,ERR,ERR,ERR,ERR,ERR,ERR,ERR,ERR,ERR,ERR,ERR,ERR,ERR,ERR,ERR,ERR,ERR,ERR,ERR,-0.0,2.718431101732002e+23,-0.0,-0.0,0.0,1.3936040501711995e+18,7.805,2.395,0,0,4,48926,6720,14723890282496.0,100,0.0,0.0,0.0,0.059,0.0,0,0,0,0,0.0,0,0,0,0,0,0,0,0,0,0,0,0,0,0,0,0,0,0,0,0,0,0,0,0,0,0,0,0,0,0,0,0,0,26,51,50,76,65476,0,300,0,0,8,21553,0.0,-107605600.0,0.0,0.0,0.0,0.0,0.0,0.0,0.0,0.0,0.0,0.0,0.0,0.0,0.0,0.0,0.0,0.0,0.0,0.0,0.0,0.0,0.0,-0.0,0.0,2.004,0.0,0.0,0.0,0.0,4765.0,-0.0,7317.0,-0.0,2.718431101732002e+23,-107615360.0,0.0,0.0,0.0,0.0,0.0,77,-0.0,89220.484,0.0,0.0,0.0,0.0,0.0,0.0,0.0,0,0,0,0.0,0.0,0.0,0.0,0.0,0.0,0.0,0.0,0.0,0.0,0.0,0.0,0.0,0.0,0.0,0.0,0,-107875648.0,77,0.0,154,0.0,-0.0,ERR,ERR,ERR,ERR,ERR,ERR,ERR,ERR,ERR,ERR,ERR,ERR,ERR,ERR,ERR,ERR,ERR,ERR,ERR,ERR,ERR,ERR,ERR,ERR,ERR,ERR,ERR,ERR,ERR,ERR,ERR,ERR,ERR,ERR,ERR,ERR,ERR,ERR,ERR,ERR,ERR,ERR,ERR,ERR,ERR,ERR,ERR,ERR,ERR,ERR,ERR,ERR,ERR,ERR,ERR,ERR,ERR,ERR,ERR,ERR,ERR,ERR,ERR,ERR,ERR,ERR,ERR,34.0,80.0,35,0.0,0.0,0.0,0.0,0.0,0.0,0.0,0.0,0.0,0.0,0.0,0.0,0.0,0.0,0.0,0.0,66.0,0,120,58,54,65476,0,300,0,0,8,20529,65476,0,0,57672,80.0,0.0,0.0,0.0,0.0,0.0
2026-06-18T02:21:17,ERR,ERR,ERR,ERR,ERR,ERR,ERR,ERR,ERR,ERR,ERR,ERR,ERR,ERR,ERR,ERR,ERR,ERR,ERR,ERR,ERR,ERR,ERR,ERR,ERR,ERR,ERR,ERR,ERR,ERR,ERR,ERR,ERR,ERR,ERR,ERR,ERR,ERR,ERR,ERR,ERR,ERR,ERR,ERR,ERR,ERR,ERR,ERR,ERR,ERR,ERR,ERR,ERR,ERR,ERR,ERR,ERR,ERR,ERR,ERR,ERR,ERR,ERR,ERR,ERR,ERR,ERR,ERR,ERR,ERR,ERR,ERR,ERR,ERR,ERR,ERR,ERR,ERR,ERR,ERR,ERR,ERR,ERR,ERR,ERR,ERR,ERR,ERR,ERR,ERR,ERR,ERR,ERR,ERR,ERR,ERR,ERR,ERR,ERR,ERR,ERR,ERR,ERR,ERR,ERR,ERR,ERR,ERR,ERR,ERR,ERR,ERR,ERR,ERR,ERR,ERR,ERR,ERR,ERR,ERR,ERR,ERR,ERR,ERR,ERR,-0.0,2.718431101732002e+23,-0.0,0.059,0.0,1.3936040501711995e+18,7.805,0.0,0,0,4,48930,6720,14723890282496.0,100,0.0,0.0,0.0,0.059,0.0,0,0,0,0,0.0,0,0,0,0,0,0,0,0,0,0,0,0,0,0,0,0,0,0,0,0,0,0,0,0,0,0,0,0,0,0,0,0,0,26,51,50,76,65476,0,300,0,0,8,21553,0.0,-107605600.0,0.0,0.0,0.0,0.0,0.0,0.0,0.0,0.0,0.0,0.0,0.0,0.0,0.0,0.0,0.0,0.0,0.0,0.0,0.0,0.0,0.0,-0.0,0.0,-0.0,0.0,0.0,0.0,0.0,4765.0,-0.0,7315.0,-0.0,-0.0,-107615360.0,0.0,0.0,0.0,0.0,0.0,77,-0.0,0.0,0.0,0.0,0.0,0.0,0.0,0.0,0.0,0,0,0,0.0,0.0,0.0,0.0,0.0,0.0,0.0,0.0,0.0,0.0,0.0,0.0,0.0,0.0,0.0,0.0,0,-107875648.0,77,0.0,154,0.0,-0.0,ERR,ERR,ERR,ERR,ERR,ERR,ERR,ERR,ERR,ERR,ERR,ERR,ERR,ERR,ERR,ERR,ERR,ERR,ERR,ERR,ERR,ERR,ERR,ERR,ERR,ERR,ERR,ERR,ERR,ERR,ERR,ERR,ERR,ERR,ERR,ERR,ERR,ERR,ERR,ERR,ERR,ERR,ERR,ERR,ERR,ERR,ERR,ERR,ERR,ERR,ERR,ERR,ERR,ERR,ERR,ERR,ERR,ERR,ERR,ERR,ERR,ERR,ERR,ERR,ERR,ERR,ERR,34.0,80.0,35,0.0,0.0,0.0,0.0,0.0,0.0,0.0,0.0,0.0,0.0,0.0,0.0,0.0,0.0,0.0,0.0,66.0,0,120,58,54,65476,0,300,0,0,8,20529,65476,0,0,57672,80.0,0.0,0.0,0.0,0.0,0.0
2026-06-18T02:21:18,ERR,ERR,ERR,ERR,ERR,ERR,ERR,ERR,ERR,ERR,ERR,ERR,ERR,ERR,ERR,ERR,ERR,ERR,ERR,ERR,ERR,ERR,ERR,ERR,ERR,ERR,ERR,ERR,ERR,ERR,ERR,ERR,ERR,ERR,ERR,ERR,ERR,ERR,ERR,ERR,ERR,ERR,ERR,ERR,ERR,ERR,ERR,ERR,ERR,ERR,ERR,ERR,ERR,ERR,ERR,ERR,ERR,ERR,ERR,ERR,ERR,ERR,ERR,ERR,ERR,ERR,ERR,ERR,ERR,ERR,ERR,ERR,ERR,ERR,ERR,ERR,ERR,ERR,ERR,ERR,ERR,ERR,ERR,ERR,ERR,ERR,ERR,ERR,ERR,ERR,ERR,ERR,ERR,ERR,ERR,ERR,ERR,ERR,ERR,ERR,ERR,ERR,ERR,ERR,ERR,ERR,ERR,ERR,ERR,ERR,ERR,ERR,ERR,ERR,ERR,ERR,ERR,ERR,ERR,ERR,ERR,ERR,ERR,ERR,ERR,-0.0,2.718431101732002e+23,-0.0,0.059,0.0,1.3936040501711995e+18,7.805,0.0,0,0,4,48930,6720,14723890282496.0,100,0.0,0.0,0.0,0.059,0.0,0,0,0,0,0.0,0,0,0,0,0,0,0,0,0,0,0,0,0,0,0,0,0,0,0,0,0,0,0,0,0,0,0,0,0,0,0,0,0,26,51,50,76,65476,0,300,0,0,8,21553,0.0,-107605600.0,0.0,0.0,0.0,0.0,0.0,0.0,0.0,0.0,0.0,0.0,0.0,0.0,0.0,0.0,0.0,0.0,0.0,0.0,0.0,0.0,0.0,-0.0,0.0,-0.0,0.0,0.0,0.0,0.0,4765.0,-0.0,7315.0,-0.0,-0.0,-107615360.0,0.0,0.0,0.0,0.0,0.0,77,-0.0,0.0,0.0,0.0,0.0,0.0,0.0,0.0,0.0,0,0,0,0.0,0.0,0.0,0.0,0.0,0.0,0.0,0.0,0.0,0.0,0.0,0.0,0.0,0.0,0.0,0.0,0,-107875648.0,77,0.0,154,0.0,-0.0,ERR,ERR,ERR,ERR,ERR,ERR,ERR,ERR,ERR,ERR,ERR,ERR,ERR,ERR,ERR,ERR,ERR,ERR,ERR,ERR,ERR,ERR,ERR,ERR,ERR,ERR,ERR,ERR,ERR,ERR,ERR,ERR,ERR,ERR,ERR,ERR,ERR,ERR,ERR,ERR,ERR,ERR,ERR,ERR,ERR,ERR,ERR,ERR,ERR,ERR,ERR,ERR,ERR,ERR,ERR,ERR,ERR,ERR,ERR,ERR,ERR,ERR,ERR,ERR,ERR,ERR,ERR,34.0,80.0,35,0.0,0.0,0.0,0.0,0.0,0.0,0.0,0.0,0.0,0.0,0.0,0.0,0.0,0.0,0.0,0.0,66.0,0,120,58,54,65476,0,300,0,0,8,20529,65476,0,0,57672,80.0,0.0,0.0,0.0,0.0,0.0
2026-06-18T02:21:19,ERR,ERR,ERR,ERR,ERR,ERR,ERR,ERR,ERR,ERR,ERR,ERR,ERR,ERR,ERR,ERR,ERR,ERR,ERR,ERR,ERR,ERR,ERR,ERR,ERR,ERR,ERR,ERR,ERR,ERR,ERR,ERR,ERR,ERR,ERR,ERR,ERR,ERR,ERR,ERR,ERR,ERR,ERR,ERR,ERR,ERR,ERR,ERR,ERR,ERR,ERR,ERR,ERR,ERR,ERR,ERR,ERR,ERR,ERR,ERR,ERR,ERR,ERR,ERR,ERR,ERR,ERR,ERR,ERR,ERR,ERR,ERR,ERR,ERR,ERR,ERR,ERR,ERR,ERR,ERR,ERR,ERR,ERR,ERR,ERR,ERR,ERR,ERR,ERR,ERR,ERR,ERR,ERR,ERR,ERR,ERR,ERR,ERR,ERR,ERR,ERR,ERR,ERR,ERR,ERR,ERR,ERR,ERR,ERR,ERR,ERR,ERR,ERR,ERR,ERR,ERR,ERR,ERR,ERR,ERR,ERR,ERR,ERR,ERR,ERR,-0.0,2.718431101732002e+23,-0.0,0.059,0.0,1.3936040501711995e+18,7.805,0.0,0,0,4,48930,6720,14723890282496.0,100,0.0,0.0,0.0,0.059,0.0,0,0,0,0,0.0,0,0,0,0,0,0,0,0,0,0,0,0,0,0,0,0,0,0,0,0,0,0,0,0,0,0,0,0,0,0,0,0,0,26,51,50,76,65476,0,300,0,0,8,21553,0.0,-107605600.0,0.0,0.0,0.0,0.0,0.0,0.0,0.0,0.0,0.0,0.0,0.0,0.0,0.0,0.0,0.0,0.0,0.0,0.0,0.0,0.0,0.0,-0.0,0.0,-0.0,0.0,0.0,0.0,0.0,4765.0,-0.0,7315.0,-0.0,-0.0,-107615360.0,0.0,0.0,0.0,0.0,0.0,77,-0.0,0.0,0.0,0.0,0.0,0.0,0.0,0.0,0.0,0,0,0,0.0,0.0,0.0,0.0,0.0,0.0,0.0,0.0,0.0,0.0,0.0,0.0,0.0,0.0,0.0,0.0,0,-107875648.0,77,0.0,154,0.0,-0.0,ERR,ERR,ERR,ERR,ERR,ERR,ERR,ERR,ERR,ERR,ERR,ERR,ERR,ERR,ERR,ERR,ERR,ERR,ERR,ERR,ERR,ERR,ERR,ERR,ERR,ERR,ERR,ERR,ERR,ERR,ERR,ERR,ERR,ERR,ERR,ERR,ERR,ERR,ERR,ERR,ERR,ERR,ERR,ERR,ERR,ERR,ERR,ERR,ERR,ERR,ERR,ERR,ERR,ERR,ERR,ERR,ERR,ERR,ERR,ERR,ERR,ERR,ERR,ERR,ERR,ERR,ERR,34.0,80.0,35,0.0,0.0,0.0,0.0,0.0,0.0,0.0,0.0,0.0,0.0,0.0,0.0,0.0,0.0,0.0,0.0,66.0,0,120,58,54,65476,0,300,0,0,8,20529,65476,0,0,57672,80.0,0.0,0.0,0.0,0.0,0.0
2026-06-18T02:21:20,ERR,ERR,ERR,ERR,ERR,ERR,ERR,ERR,ERR,ERR,ERR,ERR,ERR,ERR,ERR,ERR,ERR,ERR,ERR,ERR,ERR,ERR,ERR,ERR,ERR,ERR,ERR,ERR,ERR,ERR,ERR,ERR,ERR,ERR,ERR,ERR,ERR,ERR,ERR,ERR,ERR,ERR,ERR,ERR,ERR,ERR,ERR,ERR,ERR,ERR,ERR,ERR,ERR,ERR,ERR,ERR,ERR,ERR,ERR,ERR,ERR,ERR,ERR,ERR,ERR,ERR,ERR,ERR,ERR,ERR,ERR,ERR,ERR,ERR,ERR,ERR,ERR,ERR,ERR,ERR,ERR,ERR,ERR,ERR,ERR,ERR,ERR,ERR,ERR,ERR,ERR,ERR,ERR,ERR,ERR,ERR,ERR,ERR,ERR,ERR,ERR,ERR,ERR,ERR,ERR,ERR,ERR,ERR,ERR,ERR,ERR,ERR,ERR,ERR,ERR,ERR,ERR,ERR,ERR,ERR,ERR,ERR,ERR,ERR,ERR,-0.0,2.718431101732002e+23,-0.0,0.059,0.0,1.3936040501711995e+18,7.805,0.0,0,0,4,48930,6720,14723890282496.0,100,0.0,0.0,0.0,0.059,0.0,0,0,0,0,0.0,0,0,0,0,0,0,0,0,0,0,0,0,0,0,0,0,0,0,0,0,0,0,0,0,0,0,0,0,0,0,0,0,0,26,51,50,76,65476,0,300,0,0,8,21553,0.0,-107605600.0,0.0,0.0,0.0,0.0,0.0,0.0,0.0,0.0,0.0,0.0,0.0,0.0,0.0,0.0,0.0,0.0,0.0,0.0,0.0,0.0,0.0,-0.0,0.0,-0.0,0.0,0.0,0.0,0.0,4765.0,-0.0,7315.0,-0.0,-0.0,-107615360.0,0.0,0.0,0.0,0.0,0.0,77,-0.0,0.0,0.0,0.0,0.0,0.0,0.0,0.0,0.0,0,0,0,0.0,0.0,0.0,0.0,0.0,0.0,0.0,0.0,0.0,0.0,0.0,0.0,0.0,0.0,0.0,0.0,0,-107875648.0,77,0.0,154,0.0,-0.0,ERR,ERR,ERR,ERR,ERR,ERR,ERR,ERR,ERR,ERR,ERR,ERR,ERR,ERR,ERR,ERR,ERR,ERR,ERR,ERR,ERR,ERR,ERR,ERR,ERR,ERR,ERR,ERR,ERR,ERR,ERR,ERR,ERR,ERR,ERR,ERR,ERR,ERR,ERR,ERR,ERR,ERR,ERR,ERR,ERR,ERR,ERR,ERR,ERR,ERR,ERR,ERR,ERR,ERR,ERR,ERR,ERR,ERR,ERR,ERR,ERR,ERR,ERR,ERR,ERR,ERR,ERR,34.0,80.0,35,0.0,0.0,0.0,0.0,0.0,0.0,0.0,0.0,0.0,0.0,0.0,0.0,0.0,0.0,0.0,0.0,66.4,0,120,58,54,65476,0,300,0,0,8,20529,65476,0,0,57672,80.0,0.0,0.0,0.0,0.0,0.0
2026-06-18T02:21:21,ERR,ERR,ERR,ERR,ERR,ERR,ERR,ERR,ERR,ERR,ERR,ERR,ERR,ERR,ERR,ERR,ERR,ERR,ERR,ERR,ERR,ERR,ERR,ERR,ERR,ERR,ERR,ERR,ERR,ERR,ERR,ERR,ERR,ERR,ERR,ERR,ERR,ERR,ERR,ERR,ERR,ERR,ERR,ERR,ERR,ERR,ERR,ERR,ERR,ERR,ERR,ERR,ERR,ERR,ERR,ERR,ERR,ERR,ERR,ERR,ERR,ERR,ERR,ERR,ERR,ERR,ERR,ERR,ERR,ERR,ERR,ERR,ERR,ERR,ERR,ERR,ERR,ERR,ERR,ERR,ERR,ERR,ERR,ERR,ERR,ERR,ERR,ERR,ERR,ERR,ERR,ERR,ERR,ERR,ERR,ERR,ERR,ERR,ERR,ERR,ERR,ERR,ERR,ERR,ERR,ERR,ERR,ERR,ERR,ERR,ERR,ERR,ERR,ERR,ERR,ERR,ERR,ERR,ERR,ERR,ERR,ERR,ERR,ERR,ERR,-0.0,2.718431101732002e+23,-0.0,0.059,0.0,1.3936040501711995e+18,7.805,0.0,0,0,4,48930,6720,14723890282496.0,100,0.0,0.0,0.0,0.059,0.0,0,0,0,0,0.0,0,0,0,0,0,0,0,0,0,0,0,0,0,0,0,0,0,0,0,0,0,0,0,0,0,0,0,0,0,0,0,0,0,26,51,50,76,65476,0,300,0,0,8,21553,0.0,-107605600.0,0.0,0.0,0.0,0.0,0.0,0.0,0.0,0.0,0.0,0.0,0.0,0.0,0.0,0.0,0.0,0.0,0.0,0.0,0.0,0.0,0.0,-0.0,0.0,-0.0,0.0,0.0,0.0,0.0,4765.0,-0.0,7315.0,-0.0,-0.0,-107615360.0,0.0,0.0,0.0,0.0,0.0,77,-0.0,0.0,0.0,0.0,0.0,0.0,0.0,0.0,0.0,0,0,0,0.0,0.0,0.0,0.0,0.0,0.0,0.0,0.0,0.0,0.0,0.0,0.0,0.0,0.0,0.0,0.0,0,-107875648.0,77,0.0,154,0.0,-0.0,ERR,ERR,ERR,ERR,ERR,ERR,ERR,ERR,ERR,ERR,ERR,ERR,ERR,ERR,ERR,ERR,ERR,ERR,ERR,ERR,ERR,ERR,ERR,ERR,ERR,ERR,ERR,ERR,ERR,ERR,ERR,ERR,ERR,ERR,ERR,ERR,ERR,ERR,ERR,ERR,ERR,ERR,ERR,ERR,ERR,ERR,ERR,ERR,ERR,ERR,ERR,ERR,ERR,ERR,ERR,ERR,ERR,ERR,ERR,ERR,ERR,ERR,ERR,ERR,ERR,ERR,ERR,34.0,80.0,35,0.0,0.0,0.0,0.0,0.0,0.0,0.0,0.0,0.0,0.0,0.0,0.0,0.0,0.0,0.0,0.0,66.4,0,120,58,54,65476,0,300,0,0,8,20529,65476,0,0,57672,80.0,0.0,0.0,0.0,0.0,0.0
2026-06-18T02:21:22,ERR,ERR,ERR,ERR,ERR,ERR,ERR,ERR,ERR,ERR,ERR,ERR,ERR,ERR,ERR,ERR,ERR,ERR,ERR,ERR,ERR,ERR,ERR,ERR,ERR,ERR,ERR,ERR,ERR,ERR,ERR,ERR,ERR,ERR,ERR,ERR,ERR,ERR,ERR,ERR,ERR,ERR,ERR,ERR,ERR,ERR,ERR,ERR,ERR,ERR,ERR,ERR,ERR,ERR,ERR,ERR,ERR,ERR,ERR,ERR,ERR,ERR,ERR,ERR,ERR,ERR,ERR,ERR,ERR,ERR,ERR,ERR,ERR,ERR,ERR,ERR,ERR,ERR,ERR,ERR,ERR,ERR,ERR,ERR,ERR,ERR,ERR,ERR,ERR,ERR,ERR,ERR,ERR,ERR,ERR,ERR,ERR,ERR,ERR,ERR,ERR,ERR,ERR,ERR,ERR,ERR,ERR,ERR,ERR,ERR,ERR,ERR,ERR,ERR,ERR,ERR,ERR,ERR,ERR,ERR,ERR,ERR,ERR,ERR,ERR,-0.0,2.718431101732002e+23,-0.0,0.059,0.0,1.3936040501711995e+18,7.805,0.0,0,0,4,48930,6720,14723890282496.0,100,0.0,0.0,0.0,0.059,0.0,0,0,0,0,0.0,0,0,0,0,0,0,0,0,0,0,0,0,0,0,0,0,0,0,0,0,0,0,0,0,0,0,0,0,0,0,0,0,0,26,51,50,76,65476,0,300,0,0,8,21553,0.0,-107605600.0,0.0,0.0,0.0,0.0,0.0,0.0,0.0,0.0,0.0,0.0,0.0,0.0,0.0,0.0,0.0,0.0,0.0,0.0,0.0,0.0,0.0,-0.0,0.0,-0.0,0.0,0.0,0.0,0.0,4765.0,-0.0,7315.0,-0.0,-0.0,-107615360.0,0.0,0.0,0.0,0.0,0.0,77,-0.0,0.0,0.0,0.0,0.0,0.0,0.0,0.0,0.0,0,0,0,0.0,0.0,0.0,0.0,0.0,0.0,0.0,0.0,0.0,0.0,0.0,0.0,0.0,0.0,0.0,0.0,0,-107875648.0,77,0.0,154,0.0,-0.0,ERR,ERR,ERR,ERR,ERR,ERR,ERR,ERR,ERR,ERR,ERR,ERR,ERR,ERR,ERR,ERR,ERR,ERR,ERR,ERR,ERR,ERR,ERR,ERR,ERR,ERR,ERR,ERR,ERR,ERR,ERR,ERR,ERR,ERR,ERR,ERR,ERR,ERR,ERR,ERR,ERR,ERR,ERR,ERR,ERR,ERR,ERR,ERR,ERR,ERR,ERR,ERR,ERR,ERR,ERR,ERR,ERR,ERR,ERR,ERR,ERR,ERR,ERR,ERR,ERR,ERR,ERR,34.0,80.0,35,0.0,0.0,0.0,0.0,0.0,0.0,0.0,0.0,0.0,0.0,0.0,0.0,0.0,0.0,0.0,0.0,66.0,0,120,58,54,65476,0,300,0,0,8,20529,65476,0,0,57672,80.0,0.0,0.0,0.0,0.0,0.0
2026-06-18T02:21:23,ERR,ERR,ERR,ERR,ERR,ERR,ERR,ERR,ERR,ERR,ERR,ERR,ERR,ERR,ERR,ERR,ERR,ERR,ERR,ERR,ERR,ERR,ERR,ERR,ERR,ERR,ERR,ERR,ERR,ERR,ERR,ERR,ERR,ERR,ERR,ERR,ERR,ERR,ERR,ERR,ERR,ERR,ERR,ERR,ERR,ERR,ERR,ERR,ERR,ERR,ERR,ERR,ERR,ERR,ERR,ERR,ERR,ERR,ERR,ERR,ERR,ERR,ERR,ERR,ERR,ERR,ERR,ERR,ERR,ERR,ERR,ERR,ERR,ERR,ERR,ERR,ERR,ERR,ERR,ERR,ERR,ERR,ERR,ERR,ERR,ERR,ERR,ERR,ERR,ERR,ERR,ERR,ERR,ERR,ERR,ERR,ERR,ERR,ERR,ERR,ERR,ERR,ERR,ERR,ERR,ERR,ERR,ERR,ERR,ERR,ERR,ERR,ERR,ERR,ERR,ERR,ERR,ERR,ERR,ERR,ERR,ERR,ERR,ERR,ERR,-0.0,2.718431101732002e+23,-0.0,-0.0,-0.0,1.3936040501711995e+18,7.805,-0.0,0,0,4,48907,6720,14723890282496.0,100,0.0,0.0,0.0,-0.0,0.0,0,0,0,0,0.0,0,0,0,0,0,0,0,0,0,0,0,0,0,0,0,0,0,0,0,0,0,0,0,0,0,0,0,0,0,0,0,0,0,26,51,50,76,65476,0,300,0,0,8,21553,0.0,-107605600.0,0.0,0.0,0.0,0.0,0.0,0.0,0.0,0.0,0.0,0.0,0.0,0.0,0.0,0.0,0.0,0.0,0.0,0.0,0.0,0.0,0.0,-2.004,0.0,-0.0,0.0,0.0,0.0,0.0,4765.0,-0.0,7317.0,-0.0,2.718431101732002e+23,-107615360.0,0.0,0.0,0.0,0.0,0.0,77,-0.0,0.059,0.0,0.0,0.0,0.0,0.0,0.0,0.0,0,0,0,0.0,0.0,0.0,0.0,0.0,0.0,0.0,0.0,0.0,0.0,0.0,0.0,0.0,0.0,0.0,0.0,0,-107875648.0,77,0.0,154,0.0,-0.0,ERR,ERR,ERR,ERR,ERR,ERR,ERR,ERR,ERR,ERR,ERR,ERR,ERR,ERR,ERR,ERR,ERR,ERR,ERR,ERR,ERR,ERR,ERR,ERR,ERR,ERR,ERR,ERR,ERR,ERR,ERR,ERR,ERR,ERR,ERR,ERR,ERR,ERR,ERR,ERR,ERR,ERR,ERR,ERR,ERR,ERR,ERR,ERR,ERR,ERR,ERR,ERR,ERR,ERR,ERR,ERR,ERR,ERR,ERR,ERR,ERR,ERR,ERR,ERR,ERR,ERR,ERR,34.0,80.0,35,0.0,0.0,0.0,0.0,0.0,0.0,0.0,0.0,0.0,0.0,0.0,0.0,0.0,0.0,0.0,0.0,66.0,0,120,58,54,65476,0,300,0,0,8,20529,65476,0,0,57672,80.0,0.0,0.0,0.0,0.0,0.0
2026-06-18T02:21:24,ERR,ERR,ERR,ERR,ERR,ERR,ERR,ERR,ERR,ERR,ERR,ERR,ERR,ERR,ERR,ERR,ERR,ERR,ERR,ERR,ERR,ERR,ERR,ERR,ERR,ERR,ERR,ERR,ERR,ERR,ERR,ERR,ERR,ERR,ERR,ERR,ERR,ERR,ERR,ERR,ERR,ERR,ERR,ERR,ERR,ERR,ERR,ERR,ERR,ERR,ERR,ERR,ERR,ERR,ERR,ERR,ERR,ERR,ERR,ERR,ERR,ERR,ERR,ERR,ERR,ERR,ERR,ERR,ERR,ERR,ERR,ERR,ERR,ERR,ERR,ERR,ERR,ERR,ERR,ERR,ERR,ERR,ERR,ERR,ERR,ERR,ERR,ERR,ERR,ERR,ERR,ERR,ERR,ERR,ERR,ERR,ERR,ERR,ERR,ERR,ERR,ERR,ERR,ERR,ERR,ERR,ERR,ERR,ERR,ERR,ERR,ERR,ERR,ERR,ERR,ERR,ERR,ERR,ERR,ERR,ERR,ERR,ERR,ERR,ERR,-0.0,2.718431101732002e+23,-0.0,-0.0,-0.0,1.3936040501711995e+18,7.805,-0.0,0,0,4,48907,6720,14723890282496.0,100,0.0,0.0,0.0,-0.0,0.0,0,0,0,0,0.0,0,0,0,0,0,0,0,0,0,0,0,0,0,0,0,0,0,0,0,0,0,0,0,0,0,0,0,0,0,0,0,0,0,26,51,50,76,65476,0,300,0,0,8,21553,0.0,-107605600.0,0.0,0.0,0.0,0.0,0.0,0.0,0.0,0.0,0.0,0.0,0.0,0.0,0.0,0.0,0.0,0.0,0.0,0.0,0.0,0.0,0.0,-2.004,0.0,-0.0,0.0,0.0,0.0,0.0,4765.0,-0.0,7317.0,-0.0,2.718431101732002e+23,-107615360.0,0.0,0.0,0.0,0.0,0.0,77,-0.0,0.059,0.0,0.0,0.0,0.0,0.0,0.0,0.0,0,0,0,0.0,0.0,0.0,0.0,0.0,0.0,0.0,0.0,0.0,0.0,0.0,0.0,0.0,0.0,0.0,0.0,0,-107875648.0,77,0.0,154,0.0,-0.0,ERR,ERR,ERR,ERR,ERR,ERR,ERR,ERR,ERR,ERR,ERR,ERR,ERR,ERR,ERR,ERR,ERR,ERR,ERR,ERR,ERR,ERR,ERR,ERR,ERR,ERR,ERR,ERR,ERR,ERR,ERR,ERR,ERR,ERR,ERR,ERR,ERR,ERR,ERR,ERR,ERR,ERR,ERR,ERR,ERR,ERR,ERR,ERR,ERR,ERR,ERR,ERR,ERR,ERR,ERR,ERR,ERR,ERR,ERR,ERR,ERR,ERR,ERR,ERR,ERR,ERR,ERR,34.0,80.0,35,0.0,0.0,0.0,0.0,0.0,0.0,0.0,0.0,0.0,0.0,0.0,0.0,0.0,0.0,0.0,0.0,66.0,0,120,58,54,65476,0,300,0,0,8,20529,65476,0,0,57672,80.0,0.0,0.0,0.0,0.0,0.0
2026-06-18T02:21:25,ERR,ERR,ERR,ERR,ERR,ERR,ERR,ERR,ERR,ERR,ERR,ERR,ERR,ERR,ERR,ERR,ERR,ERR,ERR,ERR,ERR,ERR,ERR,ERR,ERR,ERR,ERR,ERR,ERR,ERR,ERR,ERR,ERR,ERR,ERR,ERR,ERR,ERR,ERR,ERR,ERR,ERR,ERR,ERR,ERR,ERR,ERR,ERR,ERR,ERR,ERR,ERR,ERR,ERR,ERR,ERR,ERR,ERR,ERR,ERR,ERR,ERR,ERR,ERR,ERR,ERR,ERR,ERR,ERR,ERR,ERR,ERR,ERR,ERR,ERR,ERR,ERR,ERR,ERR,ERR,ERR,ERR,ERR,ERR,ERR,ERR,ERR,ERR,ERR,ERR,ERR,ERR,ERR,ERR,ERR,ERR,ERR,ERR,ERR,ERR,ERR,ERR,ERR,ERR,ERR,ERR,ERR,ERR,ERR,ERR,ERR,ERR,ERR,ERR,ERR,ERR,ERR,ERR,ERR,ERR,ERR,ERR,ERR,ERR,ERR,-0.0,2.718431101732002e+23,-0.0,-0.0,-0.0,1.3936040501711995e+18,7.805,-0.0,0,0,4,48907,6720,14723890282496.0,100,0.0,0.0,0.0,-0.0,0.0,0,0,0,0,0.0,0,0,0,0,0,0,0,0,0,0,0,0,0,0,0,0,0,0,0,0,0,0,0,0,0,0,0,0,0,0,0,0,0,26,51,50,76,65476,0,300,0,0,8,21553,0.0,-107605600.0,0.0,0.0,0.0,0.0,0.0,0.0,0.0,0.0,0.0,0.0,0.0,0.0,0.0,0.0,0.0,0.0,0.0,0.0,0.0,0.0,0.0,-2.004,0.0,-0.0,0.0,0.0,0.0,0.0,4765.0,-0.0,7317.0,-0.0,2.718431101732002e+23,-107615360.0,0.0,0.0,0.0,0.0,0.0,77,-0.0,0.059,0.0,0.0,0.0,0.0,0.0,0.0,0.0,0,0,0,0.0,0.0,0.0,0.0,0.0,0.0,0.0,0.0,0.0,0.0,0.0,0.0,0.0,0.0,0.0,0.0,0,-107875648.0,77,0.0,154,0.0,-0.0,ERR,ERR,ERR,ERR,ERR,ERR,ERR,ERR,ERR,ERR,ERR,ERR,ERR,ERR,ERR,ERR,ERR,ERR,ERR,ERR,ERR,ERR,ERR,ERR,ERR,ERR,ERR,ERR,ERR,ERR,ERR,ERR,ERR,ERR,ERR,ERR,ERR,ERR,ERR,ERR,ERR,ERR,ERR,ERR,ERR,ERR,ERR,ERR,ERR,ERR,ERR,ERR,ERR,ERR,ERR,ERR,ERR,ERR,ERR,ERR,ERR,ERR,ERR,ERR,ERR,ERR,ERR,34.0,80.0,35,0.0,0.0,0.0,0.0,0.0,0.0,0.0,0.0,0.0,0.0,0.0,0.0,0.0,0.0,0.0,0.0,66.4,0,120,58,54,65476,0,300,0,0,8,20529,65476,0,0,57672,80.0,0.0,0.0,0.0,0.0,0.0
2026-06-18T02:21:26,ERR,ERR,ERR,ERR,ERR,ERR,ERR,ERR,ERR,ERR,ERR,ERR,ERR,ERR,ERR,ERR,ERR,ERR,ERR,ERR,ERR,ERR,ERR,ERR,ERR,ERR,ERR,ERR,ERR,ERR,ERR,ERR,ERR,ERR,ERR,ERR,ERR,ERR,ERR,ERR,ERR,ERR,ERR,ERR,ERR,ERR,ERR,ERR,ERR,ERR,ERR,ERR,ERR,ERR,ERR,ERR,ERR,ERR,ERR,ERR,ERR,ERR,ERR,ERR,ERR,ERR,ERR,ERR,ERR,ERR,ERR,ERR,ERR,ERR,ERR,ERR,ERR,ERR,ERR,ERR,ERR,ERR,ERR,ERR,ERR,ERR,ERR,ERR,ERR,ERR,ERR,ERR,ERR,ERR,ERR,ERR,ERR,ERR,ERR,ERR,ERR,ERR,ERR,ERR,ERR,ERR,ERR,ERR,ERR,ERR,ERR,ERR,ERR,ERR,ERR,ERR,ERR,ERR,ERR,ERR,ERR,ERR,ERR,ERR,ERR,-0.0,2.718431101732002e+23,-0.0,-0.0,-0.0,1.3936040501711995e+18,7.805,-0.0,0,0,4,48907,6720,14723890282496.0,100,0.0,0.0,0.0,-0.0,0.0,0,0,0,0,0.0,0,0,0,0,0,0,0,0,0,0,0,0,0,0,0,0,0,0,0,0,0,0,0,0,0,0,0,0,0,0,0,0,0,26,51,50,76,65476,0,300,0,0,8,21553,0.0,-107605600.0,0.0,0.0,0.0,0.0,0.0,0.0,0.0,0.0,0.0,0.0,0.0,0.0,0.0,0.0,0.0,0.0,0.0,0.0,0.0,0.0,0.0,-2.004,0.0,-0.0,0.0,0.0,0.0,0.0,4765.0,-0.0,7317.0,-0.0,2.718431101732002e+23,-107615360.0,0.0,0.0,0.0,0.0,0.0,77,-0.0,0.059,0.0,0.0,0.0,0.0,0.0,0.0,0.0,0,0,0,0.0,0.0,0.0,0.0,0.0,0.0,0.0,0.0,0.0,0.0,0.0,0.0,0.0,0.0,0.0,0.0,0,-107875648.0,77,0.0,154,0.0,-0.0,ERR,ERR,ERR,ERR,ERR,ERR,ERR,ERR,ERR,ERR,ERR,ERR,ERR,ERR,ERR,ERR,ERR,ERR,ERR,ERR,ERR,ERR,ERR,ERR,ERR,ERR,ERR,ERR,ERR,ERR,ERR,ERR,ERR,ERR,ERR,ERR,ERR,ERR,ERR,ERR,ERR,ERR,ERR,ERR,ERR,ERR,ERR,ERR,ERR,ERR,ERR,ERR,ERR,ERR,ERR,ERR,ERR,ERR,ERR,ERR,ERR,ERR,ERR,ERR,ERR,ERR,ERR,34.0,80.0,35,0.0,0.0,0.0,0.0,0.0,0.0,0.0,0.0,0.0,0.0,0.0,0.0,0.0,0.0,0.0,0.0,66.4,0,120,58,54,65476,0,300,0,0,8,20529,65476,0,0,57672,80.0,0.0,0.0,0.0,0.0,0.0
2026-06-18T02:21:27,ERR,ERR,ERR,ERR,ERR,ERR,ERR,ERR,ERR,ERR,ERR,ERR,ERR,ERR,ERR,ERR,ERR,ERR,ERR,ERR,ERR,ERR,ERR,ERR,ERR,ERR,ERR,ERR,ERR,ERR,ERR,ERR,ERR,ERR,ERR,ERR,ERR,ERR,ERR,ERR,ERR,ERR,ERR,ERR,ERR,ERR,ERR,ERR,ERR,ERR,ERR,ERR,ERR,ERR,ERR,ERR,ERR,ERR,ERR,ERR,ERR,ERR,ERR,ERR,ERR,ERR,ERR,ERR,ERR,ERR,ERR,ERR,ERR,ERR,ERR,ERR,ERR,ERR,ERR,ERR,ERR,ERR,ERR,ERR,ERR,ERR,ERR,ERR,ERR,ERR,ERR,ERR,ERR,ERR,ERR,ERR,ERR,ERR,ERR,ERR,ERR,ERR,ERR,ERR,ERR,ERR,ERR,ERR,ERR,ERR,ERR,ERR,ERR,ERR,ERR,ERR,ERR,ERR,ERR,ERR,ERR,ERR,ERR,ERR,ERR,-0.0,2.718431101732002e+23,-0.0,-0.0,-0.0,1.3936040501711995e+18,7.805,-0.0,0,0,4,48907,6720,14723890282496.0,100,0.0,0.0,0.0,-0.0,0.0,0,0,0,0,0.0,0,0,0,0,0,0,0,0,0,0,0,0,0,0,0,0,0,0,0,0,0,0,0,0,0,0,0,0,0,0,0,0,0,26,51,50,76,65476,0,300,0,0,8,21553,0.0,-107605600.0,0.0,0.0,0.0,0.0,0.0,0.0,0.0,0.0,0.0,0.0,0.0,0.0,0.0,0.0,0.0,0.0,0.0,0.0,0.0,0.0,0.0,-2.004,0.0,-0.0,0.0,0.0,0.0,0.0,4765.0,-0.0,7317.0,-0.0,2.718431101732002e+23,-107615360.0,0.0,0.0,0.0,0.0,0.0,77,-0.0,0.059,0.0,0.0,0.0,0.0,0.0,0.0,0.0,0,0,0,0.0,0.0,0.0,0.0,0.0,0.0,0.0,0.0,0.0,0.0,0.0,0.0,0.0,0.0,0.0,0.0,0,-107875648.0,77,0.0,154,0.0,-0.0,ERR,ERR,ERR,ERR,ERR,ERR,ERR,ERR,ERR,ERR,ERR,ERR,ERR,ERR,ERR,ERR,ERR,ERR,ERR,ERR,ERR,ERR,ERR,ERR,ERR,ERR,ERR,ERR,ERR,ERR,ERR,ERR,ERR,ERR,ERR,ERR,ERR,ERR,ERR,ERR,ERR,ERR,ERR,ERR,ERR,ERR,ERR,ERR,ERR,ERR,ERR,ERR,ERR,ERR,ERR,ERR,ERR,ERR,ERR,ERR,ERR,ERR,ERR,ERR,ERR,ERR,ERR,34.0,80.0,35,0.0,0.0,0.0,0.0,0.0,0.0,0.0,0.0,0.0,0.0,0.0,0.0,0.0,0.0,0.0,0.0,66.0,0,120,58,54,65476,0,300,0,0,8,20529,65476,0,0,57672,80.0,0.0,0.0,0.0,0.0,0.0
2026-06-18T02:21:28,ERR,ERR,ERR,ERR,ERR,ERR,ERR,ERR,ERR,ERR,ERR,ERR,ERR,ERR,ERR,ERR,ERR,ERR,ERR,ERR,ERR,ERR,ERR,ERR,ERR,ERR,ERR,ERR,ERR,ERR,ERR,ERR,ERR,ERR,ERR,ERR,ERR,ERR,ERR,ERR,ERR,ERR,ERR,ERR,ERR,ERR,ERR,ERR,ERR,ERR,ERR,ERR,ERR,ERR,ERR,ERR,ERR,ERR,ERR,ERR,ERR,ERR,ERR,ERR,ERR,ERR,ERR,ERR,ERR,ERR,ERR,ERR,ERR,ERR,ERR,ERR,ERR,ERR,ERR,ERR,ERR,ERR,ERR,ERR,ERR,ERR,ERR,ERR,ERR,ERR,ERR,ERR,ERR,ERR,ERR,ERR,ERR,ERR,ERR,ERR,ERR,ERR,ERR,ERR,ERR,ERR,ERR,ERR,ERR,ERR,ERR,ERR,ERR,ERR,ERR,ERR,ERR,ERR,ERR,ERR,ERR,ERR,ERR,ERR,ERR,-0.0,2.718431101732002e+23,-0.0,-152005385388032.0,-0.0,1.3936040501711995e+18,7.805,-2306705457152.0,0,0,4,48927,6720,14723890282496.0,100,0.0,0.0,0.0,-152005385388032.0,0.0,0,0,0,0,0.0,0,0,0,0,0,0,0,0,0,0,0,0,0,0,0,0,0,0,0,0,0,0,0,0,0,0,0,0,0,0,0,0,0,26,51,50,76,65476,0,300,0,0,8,21553,0.0,-107605600.0,0.0,0.0,0.0,0.0,0.0,0.0,0.0,0.0,0.0,0.0,0.0,0.0,0.0,0.0,0.0,0.0,0.0,0.0,0.0,0.0,0.0,-0.0,0.0,-0.0,0.0,0.0,0.0,0.0,4765.0,-0.0,7314.0,-0.0,2.718431101732002e+23,-107615360.0,0.0,0.0,0.0,0.0,0.0,77,-0.0,0.0,0.0,0.0,0.0,0.0,0.0,0.0,0.0,0,0,0,0.0,0.0,0.0,0.0,0.0,0.0,0.0,0.0,0.0,0.0,0.0,0.0,0.0,0.0,0.0,0.0,0,-107875648.0,77,0.0,154,0.0,-0.0,ERR,ERR,ERR,ERR,ERR,ERR,ERR,ERR,ERR,ERR,ERR,ERR,ERR,ERR,ERR,ERR,ERR,ERR,ERR,ERR,ERR,ERR,ERR,ERR,ERR,ERR,ERR,ERR,ERR,ERR,ERR,ERR,ERR,ERR,ERR,ERR,ERR,ERR,ERR,ERR,ERR,ERR,ERR,ERR,ERR,ERR,ERR,ERR,ERR,ERR,ERR,ERR,ERR,ERR,ERR,ERR,ERR,ERR,ERR,ERR,ERR,ERR,ERR,ERR,ERR,ERR,ERR,34.0,80.0,35,0.0,0.0,0.0,0.0,0.0,0.0,0.0,0.0,0.0,0.0,0.0,0.0,0.0,0.0,0.0,0.0,66.0,0,120,58,54,65476,0,300,0,0,8,20529,65476,0,0,57672,80.0,0.0,0.0,0.0,0.0,0.0
2026-06-18T02:21:29,ERR,ERR,ERR,ERR,ERR,ERR,ERR,ERR,ERR,ERR,ERR,ERR,ERR,ERR,ERR,ERR,ERR,ERR,ERR,ERR,ERR,ERR,ERR,ERR,ERR,ERR,ERR,ERR,ERR,ERR,ERR,ERR,ERR,ERR,ERR,ERR,ERR,ERR,ERR,ERR,ERR,ERR,ERR,ERR,ERR,ERR,ERR,ERR,ERR,ERR,ERR,ERR,ERR,ERR,ERR,ERR,ERR,ERR,ERR,ERR,ERR,ERR,ERR,ERR,ERR,ERR,ERR,ERR,ERR,ERR,ERR,ERR,ERR,ERR,ERR,ERR,ERR,ERR,ERR,ERR,ERR,ERR,ERR,ERR,ERR,ERR,ERR,ERR,ERR,ERR,ERR,ERR,ERR,ERR,ERR,ERR,ERR,ERR,ERR,ERR,ERR,ERR,ERR,ERR,ERR,ERR,ERR,ERR,ERR,ERR,ERR,ERR,ERR,ERR,ERR,ERR,ERR,ERR,ERR,ERR,ERR,ERR,ERR,ERR,ERR,-0.0,2.718431101732002e+23,-0.0,-152005385388032.0,-0.0,1.3936040501711995e+18,7.805,-2306705457152.0,0,0,4,48927,6720,14723890282496.0,100,0.0,0.0,0.0,-152005385388032.0,0.0,0,0,0,0,0.0,0,0,0,0,0,0,0,0,0,0,0,0,0,0,0,0,0,0,0,0,0,0,0,0,0,0,0,0,0,0,0,0,0,26,51,50,76,65476,0,300,0,0,8,21553,0.0,-107605600.0,0.0,0.0,0.0,0.0,0.0,0.0,0.0,0.0,0.0,0.0,0.0,0.0,0.0,0.0,0.0,0.0,0.0,0.0,0.0,0.0,0.0,-0.0,0.0,-0.0,0.0,0.0,0.0,0.0,4765.0,-0.0,7314.0,-0.0,2.718431101732002e+23,-107615360.0,0.0,0.0,0.0,0.0,0.0,77,-0.0,0.0,0.0,0.0,0.0,0.0,0.0,0.0,0.0,0,0,0,0.0,0.0,0.0,0.0,0.0,0.0,0.0,0.0,0.0,0.0,0.0,0.0,0.0,0.0,0.0,0.0,0,-107875648.0,77,0.0,154,0.0,-0.0,ERR,ERR,ERR,ERR,ERR,ERR,ERR,ERR,ERR,ERR,ERR,ERR,ERR,ERR,ERR,ERR,ERR,ERR,ERR,ERR,ERR,ERR,ERR,ERR,ERR,ERR,ERR,ERR,ERR,ERR,ERR,ERR,ERR,ERR,ERR,ERR,ERR,ERR,ERR,ERR,ERR,ERR,ERR,ERR,ERR,ERR,ERR,ERR,ERR,ERR,ERR,ERR,ERR,ERR,ERR,ERR,ERR,ERR,ERR,ERR,ERR,ERR,ERR,ERR,ERR,ERR,ERR,34.0,80.0,35,0.0,0.0,0.0,0.0,0.0,0.0,0.0,0.0,0.0,0.0,0.0,0.0,0.0,0.0,0.0,0.0,66.0,0,120,58,54,65476,0,300,0,0,8,20529,65476,0,0,57672,80.0,0.0,0.0,0.0,0.0,0.0
2026-06-18T02:21:30,ERR,ERR,ERR,ERR,ERR,ERR,ERR,ERR,ERR,ERR,ERR,ERR,ERR,ERR,ERR,ERR,ERR,ERR,ERR,ERR,ERR,ERR,ERR,ERR,ERR,ERR,ERR,ERR,ERR,ERR,ERR,ERR,ERR,ERR,ERR,ERR,ERR,ERR,ERR,ERR,ERR,ERR,ERR,ERR,ERR,ERR,ERR,ERR,ERR,ERR,ERR,ERR,ERR,ERR,ERR,ERR,ERR,ERR,ERR,ERR,ERR,ERR,ERR,ERR,ERR,ERR,ERR,ERR,ERR,ERR,ERR,ERR,ERR,ERR,ERR,ERR,ERR,ERR,ERR,ERR,ERR,ERR,ERR,ERR,ERR,ERR,ERR,ERR,ERR,ERR,ERR,ERR,ERR,ERR,ERR,ERR,ERR,ERR,ERR,ERR,ERR,ERR,ERR,ERR,ERR,ERR,ERR,ERR,ERR,ERR,ERR,ERR,ERR,ERR,ERR,ERR,ERR,ERR,ERR,ERR,ERR,ERR,ERR,ERR,ERR,-0.0,2.718431101732002e+23,-0.0,-152005385388032.0,-0.0,1.3936040501711995e+18,7.805,-2306705457152.0,0,0,4,48927,6720,14723890282496.0,100,0.0,0.0,0.0,-152005385388032.0,0.0,0,0,0,0,0.0,0,0,0,0,0,0,0,0,0,0,0,0,0,0,0,0,0,0,0,0,0,0,0,0,0,0,0,0,0,0,0,0,0,26,51,50,76,65476,0,300,0,0,8,21553,0.0,-107605600.0,0.0,0.0,0.0,0.0,0.0,0.0,0.0,0.0,0.0,0.0,0.0,0.0,0.0,0.0,0.0,0.0,0.0,0.0,0.0,0.0,0.0,-0.0,0.0,-0.0,0.0,0.0,0.0,0.0,4765.0,-0.0,7314.0,-0.0,2.718431101732002e+23,-107615360.0,0.0,0.0,0.0,0.0,0.0,77,-0.0,0.0,0.0,0.0,0.0,0.0,0.0,0.0,0.0,0,0,0,0.0,0.0,0.0,0.0,0.0,0.0,0.0,0.0,0.0,0.0,0.0,0.0,0.0,0.0,0.0,0.0,0,-107875648.0,77,0.0,154,0.0,-0.0,ERR,ERR,ERR,ERR,ERR,ERR,ERR,ERR,ERR,ERR,ERR,ERR,ERR,ERR,ERR,ERR,ERR,ERR,ERR,ERR,ERR,ERR,ERR,ERR,ERR,ERR,ERR,ERR,ERR,ERR,ERR,ERR,ERR,ERR,ERR,ERR,ERR,ERR,ERR,ERR,ERR,ERR,ERR,ERR,ERR,ERR,ERR,ERR,ERR,ERR,ERR,ERR,ERR,ERR,ERR,ERR,ERR,ERR,ERR,ERR,ERR,ERR,ERR,ERR,ERR,ERR,ERR,34.0,80.0,35,0.0,0.0,0.0,0.0,0.0,0.0,0.0,0.0,0.0,0.0,0.0,0.0,0.0,0.0,0.0,0.0,66.0,0,120,58,54,65476,0,300,0,0,8,20529,65476,0,0,57672,80.0,0.0,0.0,0.0,0.0,0.0
2026-06-18T02:21:31,ERR,ERR,ERR,ERR,ERR,ERR,ERR,ERR,ERR,ERR,ERR,ERR,ERR,ERR,ERR,ERR,ERR,ERR,ERR,ERR,ERR,ERR,ERR,ERR,ERR,ERR,ERR,ERR,ERR,ERR,ERR,ERR,ERR,ERR,ERR,ERR,ERR,ERR,ERR,ERR,ERR,ERR,ERR,ERR,ERR,ERR,ERR,ERR,ERR,ERR,ERR,ERR,ERR,ERR,ERR,ERR,ERR,ERR,ERR,ERR,ERR,ERR,ERR,ERR,ERR,ERR,ERR,ERR,ERR,ERR,ERR,ERR,ERR,ERR,ERR,ERR,ERR,ERR,ERR,ERR,ERR,ERR,ERR,ERR,ERR,ERR,ERR,ERR,ERR,ERR,ERR,ERR,ERR,ERR,ERR,ERR,ERR,ERR,ERR,ERR,ERR,ERR,ERR,ERR,ERR,ERR,ERR,ERR,ERR,ERR,ERR,ERR,ERR,ERR,ERR,ERR,ERR,ERR,ERR,ERR,ERR,ERR,ERR,ERR,ERR,-0.0,2.718431101732002e+23,-0.0,-152005385388032.0,-0.0,1.3936040501711995e+18,7.805,-2306705457152.0,0,0,4,48927,6720,14723890282496.0,100,0.0,0.0,0.0,-152005385388032.0,0.0,0,0,0,0,0.0,0,0,0,0,0,0,0,0,0,0,0,0,0,0,0,0,0,0,0,0,0,0,0,0,0,0,0,0,0,0,0,0,0,26,51,50,76,65476,0,300,0,0,8,21553,0.0,-107605600.0,0.0,0.0,0.0,0.0,0.0,0.0,0.0,0.0,0.0,0.0,0.0,0.0,0.0,0.0,0.0,0.0,0.0,0.0,0.0,0.0,0.0,-0.0,0.0,-0.0,0.0,0.0,0.0,0.0,4765.0,-0.0,7314.0,-0.0,2.718431101732002e+23,-107615360.0,0.0,0.0,0.0,0.0,0.0,77,-0.0,0.0,0.0,0.0,0.0,0.0,0.0,0.0,0.0,0,0,0,0.0,0.0,0.0,0.0,0.0,0.0,0.0,0.0,0.0,0.0,0.0,0.0,0.0,0.0,0.0,0.0,0,-107875648.0,77,0.0,154,0.0,-0.0,ERR,ERR,ERR,ERR,ERR,ERR,ERR,ERR,ERR,ERR,ERR,ERR,ERR,ERR,ERR,ERR,ERR,ERR,ERR,ERR,ERR,ERR,ERR,ERR,ERR,ERR,ERR,ERR,ERR,ERR,ERR,ERR,ERR,ERR,ERR,ERR,ERR,ERR,ERR,ERR,ERR,ERR,ERR,ERR,ERR,ERR,ERR,ERR,ERR,ERR,ERR,ERR,ERR,ERR,ERR,ERR,ERR,ERR,ERR,ERR,ERR,ERR,ERR,ERR,ERR,ERR,ERR,34.0,80.0,35,0.0,0.0,0.0,0.0,0.0,0.0,0.0,0.0,0.0,0.0,0.0,0.0,0.0,0.0,0.0,0.0,66.0,0,120,58,54,65476,0,300,0,0,8,20529,65476,0,0,57672,80.0,0.0,0.0,0.0,0.0,0.0
2026-06-18T02:21:32,ERR,ERR,ERR,ERR,ERR,ERR,ERR,ERR,ERR,ERR,ERR,ERR,ERR,ERR,ERR,ERR,ERR,ERR,ERR,ERR,ERR,ERR,ERR,ERR,ERR,ERR,ERR,ERR,ERR,ERR,ERR,ERR,ERR,ERR,ERR,ERR,ERR,ERR,ERR,ERR,ERR,ERR,ERR,ERR,ERR,ERR,ERR,ERR,ERR,ERR,ERR,ERR,ERR,ERR,ERR,ERR,ERR,ERR,ERR,ERR,ERR,ERR,ERR,ERR,ERR,ERR,ERR,ERR,ERR,ERR,ERR,ERR,ERR,ERR,ERR,ERR,ERR,ERR,ERR,ERR,ERR,ERR,ERR,ERR,ERR,ERR,ERR,ERR,ERR,ERR,ERR,ERR,ERR,ERR,ERR,ERR,ERR,ERR,ERR,ERR,ERR,ERR,ERR,ERR,ERR,ERR,ERR,ERR,ERR,ERR,ERR,ERR,ERR,ERR,ERR,ERR,ERR,ERR,ERR,ERR,ERR,ERR,ERR,ERR,ERR,-0.0,2.718431101732002e+23,-0.0,-152005385388032.0,-0.0,1.3936040501711995e+18,7.805,-2306705457152.0,0,0,4,48927,6720,14723890282496.0,100,0.0,0.0,0.0,-152005385388032.0,0.0,0,0,0,0,0.0,0,0,0,0,0,0,0,0,0,0,0,0,0,0,0,0,0,0,0,0,0,0,0,0,0,0,0,0,0,0,0,0,0,26,51,50,76,65476,0,300,0,0,8,21553,0.0,-107605600.0,0.0,0.0,0.0,0.0,0.0,0.0,0.0,0.0,0.0,0.0,0.0,0.0,0.0,0.0,0.0,0.0,0.0,0.0,0.0,0.0,0.0,-0.0,0.0,-0.0,0.0,0.0,0.0,0.0,4765.0,-0.0,7314.0,-0.0,2.718431101732002e+23,-107615360.0,0.0,0.0,0.0,0.0,0.0,77,-0.0,0.0,0.0,0.0,0.0,0.0,0.0,0.0,0.0,0,0,0,0.0,0.0,0.0,0.0,0.0,0.0,0.0,0.0,0.0,0.0,0.0,0.0,0.0,0.0,0.0,0.0,0,-107875648.0,77,0.0,154,0.0,-0.0,ERR,ERR,ERR,ERR,ERR,ERR,ERR,ERR,ERR,ERR,ERR,ERR,ERR,ERR,ERR,ERR,ERR,ERR,ERR,ERR,ERR,ERR,ERR,ERR,ERR,ERR,ERR,ERR,ERR,ERR,ERR,ERR,ERR,ERR,ERR,ERR,ERR,ERR,ERR,ERR,ERR,ERR,ERR,ERR,ERR,ERR,ERR,ERR,ERR,ERR,ERR,ERR,ERR,ERR,ERR,ERR,ERR,ERR,ERR,ERR,ERR,ERR,ERR,ERR,ERR,ERR,ERR,34.0,80.0,35,0.0,0.0,0.0,0.0,0.0,0.0,0.0,0.0,0.0,0.0,0.0,0.0,0.0,0.0,0.0,0.0,66.0,0,120,58,54,65476,0,300,0,0,8,20529,65476,0,0,57672,80.0,0.0,0.0,0.0,0.0,0.0
2026-06-18T02:21:33,ERR,ERR,ERR,ERR,ERR,ERR,ERR,ERR,ERR,ERR,ERR,ERR,ERR,ERR,ERR,ERR,ERR,ERR,ERR,ERR,ERR,ERR,ERR,ERR,ERR,ERR,ERR,ERR,ERR,ERR,ERR,ERR,ERR,ERR,ERR,ERR,ERR,ERR,ERR,ERR,ERR,ERR,ERR,ERR,ERR,ERR,ERR,ERR,ERR,ERR,ERR,ERR,ERR,ERR,ERR,ERR,ERR,ERR,ERR,ERR,ERR,ERR,ERR,ERR,ERR,ERR,ERR,ERR,ERR,ERR,ERR,ERR,ERR,ERR,ERR,ERR,ERR,ERR,ERR,ERR,ERR,ERR,ERR,ERR,ERR,ERR,ERR,ERR,ERR,ERR,ERR,ERR,ERR,ERR,ERR,ERR,ERR,ERR,ERR,ERR,ERR,ERR,ERR,ERR,ERR,ERR,ERR,ERR,ERR,ERR,ERR,ERR,ERR,ERR,ERR,ERR,ERR,ERR,ERR,ERR,ERR,ERR,ERR,ERR,ERR,-0.0,2.718431101732002e+23,-0.0,-0.0,0.0,1.3936040501711995e+18,7.805,2.395,0,0,4,48926,6720,14723890282496.0,100,0.0,0.0,0.0,-0.0,0.0,0,0,0,0,0.0,0,0,0,0,0,0,0,0,0,0,0,0,0,0,0,0,0,0,0,0,0,0,0,0,0,0,0,0,0,0,0,0,0,26,51,50,76,65476,0,300,0,0,8,21553,0.0,-107605600.0,0.0,0.0,0.0,0.0,0.0,0.0,0.0,0.0,0.0,0.0,0.0,0.0,0.0,0.0,0.0,0.0,0.0,0.0,0.0,0.0,0.0,-0.0,0.0,2.004,0.0,0.0,0.0,0.0,4758.0,-0.0,7315.0,-0.0,2.718431101732002e+23,-107615360.0,0.0,0.0,0.0,0.0,0.0,77,4.066880858845495e+29,0.0,0.0,0.0,0.0,0.0,0.0,0.0,0.0,0,0,0,0.0,0.0,0.0,0.0,0.0,0.0,0.0,0.0,0.0,0.0,0.0,0.0,0.0,0.0,0.0,0.0,0,-107875648.0,77,0.0,154,0.0,-0.0,ERR,ERR,ERR,ERR,ERR,ERR,ERR,ERR,ERR,ERR,ERR,ERR,ERR,ERR,ERR,ERR,ERR,ERR,ERR,ERR,ERR,ERR,ERR,ERR,ERR,ERR,ERR,ERR,ERR,ERR,ERR,ERR,ERR,ERR,ERR,ERR,ERR,ERR,ERR,ERR,ERR,ERR,ERR,ERR,ERR,ERR,ERR,ERR,ERR,ERR,ERR,ERR,ERR,ERR,ERR,ERR,ERR,ERR,ERR,ERR,ERR,ERR,ERR,ERR,ERR,ERR,ERR,34.0,80.0,35,0.0,0.0,0.0,0.0,0.0,0.0,0.0,0.0,0.0,0.0,0.0,0.0,0.0,0.0,0.0,0.0,66.0,0,120,58,54,65476,0,300,0,0,8,20529,65476,0,0,57672,80.0,0.0,0.0,0.0,0.0,0.0
2026-06-18T02:21:34,ERR,ERR,ERR,ERR,ERR,ERR,ERR,ERR,ERR,ERR,ERR,ERR,ERR,ERR,ERR,ERR,ERR,ERR,ERR,ERR,ERR,ERR,ERR,ERR,ERR,ERR,ERR,ERR,ERR,ERR,ERR,ERR,ERR,ERR,ERR,ERR,ERR,ERR,ERR,ERR,ERR,ERR,ERR,ERR,ERR,ERR,ERR,ERR,ERR,ERR,ERR,ERR,ERR,ERR,ERR,ERR,ERR,ERR,ERR,ERR,ERR,ERR,ERR,ERR,ERR,ERR,ERR,ERR,ERR,ERR,ERR,ERR,ERR,ERR,ERR,ERR,ERR,ERR,ERR,ERR,ERR,ERR,ERR,ERR,ERR,ERR,ERR,ERR,ERR,ERR,ERR,ERR,ERR,ERR,ERR,ERR,ERR,ERR,ERR,ERR,ERR,ERR,ERR,ERR,ERR,ERR,ERR,ERR,ERR,ERR,ERR,ERR,ERR,ERR,ERR,ERR,ERR,ERR,ERR,ERR,ERR,ERR,ERR,ERR,ERR,-0.0,2.718431101732002e+23,-0.0,-0.0,0.0,1.3936040501711995e+18,7.805,2.395,0,0,4,48926,6720,14723890282496.0,100,0.0,0.0,0.0,-0.0,0.0,0,0,0,0,0.0,0,0,0,0,0,0,0,0,0,0,0,0,0,0,0,0,0,0,0,0,0,0,0,0,0,0,0,0,0,0,0,0,0,26,51,50,76,65476,0,300,0,0,8,21553,0.0,-107605600.0,0.0,0.0,0.0,0.0,0.0,0.0,0.0,0.0,0.0,0.0,0.0,0.0,0.0,0.0,0.0,0.0,0.0,0.0,0.0,0.0,0.0,-0.0,0.0,2.004,0.0,0.0,0.0,0.0,4758.0,-0.0,7315.0,-0.0,2.718431101732002e+23,-107615360.0,0.0,0.0,0.0,0.0,0.0,77,4.066880858845495e+29,0.0,0.0,0.0,0.0,0.0,0.0,0.0,0.0,0,0,0,0.0,0.0,0.0,0.0,0.0,0.0,0.0,0.0,0.0,0.0,0.0,0.0,0.0,0.0,0.0,0.0,0,-107875648.0,77,0.0,154,0.0,-0.0,ERR,ERR,ERR,ERR,ERR,ERR,ERR,ERR,ERR,ERR,ERR,ERR,ERR,ERR,ERR,ERR,ERR,ERR,ERR,ERR,ERR,ERR,ERR,ERR,ERR,ERR,ERR,ERR,ERR,ERR,ERR,ERR,ERR,ERR,ERR,ERR,ERR,ERR,ERR,ERR,ERR,ERR,ERR,ERR,ERR,ERR,ERR,ERR,ERR,ERR,ERR,ERR,ERR,ERR,ERR,ERR,ERR,ERR,ERR,ERR,ERR,ERR,ERR,ERR,ERR,ERR,ERR,34.0,80.0,35,0.0,0.0,0.0,0.0,0.0,0.0,0.0,0.0,0.0,0.0,0.0,0.0,0.0,0.0,0.0,0.0,66.0,0,120,58,54,65476,0,300,0,0,8,20529,65476,0,0,57672,80.0,0.0,0.0,0.0,0.0,0.0
2026-06-18T02:21:35,ERR,ERR,ERR,ERR,ERR,ERR,ERR,ERR,ERR,ERR,ERR,ERR,ERR,ERR,ERR,ERR,ERR,ERR,ERR,ERR,ERR,ERR,ERR,ERR,ERR,ERR,ERR,ERR,ERR,ERR,ERR,ERR,ERR,ERR,ERR,ERR,ERR,ERR,ERR,ERR,ERR,ERR,ERR,ERR,ERR,ERR,ERR,ERR,ERR,ERR,ERR,ERR,ERR,ERR,ERR,ERR,ERR,ERR,ERR,ERR,ERR,ERR,ERR,ERR,ERR,ERR,ERR,ERR,ERR,ERR,ERR,ERR,ERR,ERR,ERR,ERR,ERR,ERR,ERR,ERR,ERR,ERR,ERR,ERR,ERR,ERR,ERR,ERR,ERR,ERR,ERR,ERR,ERR,ERR,ERR,ERR,ERR,ERR,ERR,ERR,ERR,ERR,ERR,ERR,ERR,ERR,ERR,ERR,ERR,ERR,ERR,ERR,ERR,ERR,ERR,ERR,ERR,ERR,ERR,ERR,ERR,ERR,ERR,ERR,ERR,-0.0,2.718431101732002e+23,-0.0,-0.0,0.0,1.3936040501711995e+18,7.805,2.395,0,0,4,48926,6720,14723890282496.0,100,0.0,0.0,0.0,-0.0,0.0,0,0,0,0,0.0,0,0,0,0,0,0,0,0,0,0,0,0,0,0,0,0,0,0,0,0,0,0,0,0,0,0,0,0,0,0,0,0,0,26,51,50,76,65476,0,300,0,0,8,21553,0.0,-107605600.0,0.0,0.0,0.0,0.0,0.0,0.0,0.0,0.0,0.0,0.0,0.0,0.0,0.0,0.0,0.0,0.0,0.0,0.0,0.0,0.0,0.0,-0.0,0.0,2.004,0.0,0.0,0.0,0.0,4758.0,-0.0,7315.0,-0.0,2.718431101732002e+23,-107615360.0,0.0,0.0,0.0,0.0,0.0,77,4.066880858845495e+29,0.0,0.0,0.0,0.0,0.0,0.0,0.0,0.0,0,0,0,0.0,0.0,0.0,0.0,0.0,0.0,0.0,0.0,0.0,0.0,0.0,0.0,0.0,0.0,0.0,0.0,0,-107875648.0,77,0.0,154,0.0,-0.0,ERR,ERR,ERR,ERR,ERR,ERR,ERR,ERR,ERR,ERR,ERR,ERR,ERR,ERR,ERR,ERR,ERR,ERR,ERR,ERR,ERR,ERR,ERR,ERR,ERR,ERR,ERR,ERR,ERR,ERR,ERR,ERR,ERR,ERR,ERR,ERR,ERR,ERR,ERR,ERR,ERR,ERR,ERR,ERR,ERR,ERR,ERR,ERR,ERR,ERR,ERR,ERR,ERR,ERR,ERR,ERR,ERR,ERR,ERR,ERR,ERR,ERR,ERR,ERR,ERR,ERR,ERR,34.0,80.0,35,0.0,0.0,0.0,0.0,0.0,0.0,0.0,0.0,0.0,0.0,0.0,0.0,0.0,0.0,0.0,0.0,66.0,0,120,58,54,65476,0,300,0,0,8,20529,65476,0,0,57672,80.0,0.0,0.0,0.0,0.0,0.0
2026-06-18T02:21:36,ERR,ERR,ERR,ERR,ERR,ERR,ERR,ERR,ERR,ERR,ERR,ERR,ERR,ERR,ERR,ERR,ERR,ERR,ERR,ERR,ERR,ERR,ERR,ERR,ERR,ERR,ERR,ERR,ERR,ERR,ERR,ERR,ERR,ERR,ERR,ERR,ERR,ERR,ERR,ERR,ERR,ERR,ERR,ERR,ERR,ERR,ERR,ERR,ERR,ERR,ERR,ERR,ERR,ERR,ERR,ERR,ERR,ERR,ERR,ERR,ERR,ERR,ERR,ERR,ERR,ERR,ERR,ERR,ERR,ERR,ERR,ERR,ERR,ERR,ERR,ERR,ERR,ERR,ERR,ERR,ERR,ERR,ERR,ERR,ERR,ERR,ERR,ERR,ERR,ERR,ERR,ERR,ERR,ERR,ERR,ERR,ERR,ERR,ERR,ERR,ERR,ERR,ERR,ERR,ERR,ERR,ERR,ERR,ERR,ERR,ERR,ERR,ERR,ERR,ERR,ERR,ERR,ERR,ERR,ERR,ERR,ERR,ERR,ERR,ERR,-0.0,2.718431101732002e+23,-0.0,-0.0,0.0,1.3936040501711995e+18,7.805,2.395,0,0,4,48926,6720,14723890282496.0,100,0.0,0.0,0.0,-0.0,0.0,0,0,0,0,0.0,0,0,0,0,0,0,0,0,0,0,0,0,0,0,0,0,0,0,0,0,0,0,0,0,0,0,0,0,0,0,0,0,0,26,51,50,76,65476,0,300,0,0,8,21553,0.0,-107605600.0,0.0,0.0,0.0,0.0,0.0,0.0,0.0,0.0,0.0,0.0,0.0,0.0,0.0,0.0,0.0,0.0,0.0,0.0,0.0,0.0,0.0,-0.0,0.0,2.004,0.0,0.0,0.0,0.0,4758.0,-0.0,7315.0,-0.0,2.718431101732002e+23,-107615360.0,0.0,0.0,0.0,0.0,0.0,77,4.066880858845495e+29,0.0,0.0,0.0,0.0,0.0,0.0,0.0,0.0,0,0,0,0.0,0.0,0.0,0.0,0.0,0.0,0.0,0.0,0.0,0.0,0.0,0.0,0.0,0.0,0.0,0.0,0,-107875648.0,77,0.0,154,0.0,-0.0,ERR,ERR,ERR,ERR,ERR,ERR,ERR,ERR,ERR,ERR,ERR,ERR,ERR,ERR,ERR,ERR,ERR,ERR,ERR,ERR,ERR,ERR,ERR,ERR,ERR,ERR,ERR,ERR,ERR,ERR,ERR,ERR,ERR,ERR,ERR,ERR,ERR,ERR,ERR,ERR,ERR,ERR,ERR,ERR,ERR,ERR,ERR,ERR,ERR,ERR,ERR,ERR,ERR,ERR,ERR,ERR,ERR,ERR,ERR,ERR,ERR,ERR,ERR,ERR,ERR,ERR,ERR,34.0,80.0,35,0.0,0.0,0.0,0.0,0.0,0.0,0.0,0.0,0.0,0.0,0.0,0.0,0.0,0.0,0.0,0.0,66.0,0,120,58,54,65476,0,300,0,0,8,20529,65476,0,0,57672,80.0,0.0,0.0,0.0,0.0,0.0
2026-06-18T02:21:37,ERR,ERR,ERR,ERR,ERR,ERR,ERR,ERR,ERR,ERR,ERR,ERR,ERR,ERR,ERR,ERR,ERR,ERR,ERR,ERR,ERR,ERR,ERR,ERR,ERR,ERR,ERR,ERR,ERR,ERR,ERR,ERR,ERR,ERR,ERR,ERR,ERR,ERR,ERR,ERR,ERR,ERR,ERR,ERR,ERR,ERR,ERR,ERR,ERR,ERR,ERR,ERR,ERR,ERR,ERR,ERR,ERR,ERR,ERR,ERR,ERR,ERR,ERR,ERR,ERR,ERR,ERR,ERR,ERR,ERR,ERR,ERR,ERR,ERR,ERR,ERR,ERR,ERR,ERR,ERR,ERR,ERR,ERR,ERR,ERR,ERR,ERR,ERR,ERR,ERR,ERR,ERR,ERR,ERR,ERR,ERR,ERR,ERR,ERR,ERR,ERR,ERR,ERR,ERR,ERR,ERR,ERR,ERR,ERR,ERR,ERR,ERR,ERR,ERR,ERR,ERR,ERR,ERR,ERR,ERR,ERR,ERR,ERR,ERR,ERR,-0.0,2.718431101732002e+23,-0.0,-0.0,0.0,1.3936040501711995e+18,7.805,2.395,0,0,4,48926,6720,14723890282496.0,100,0.0,0.0,0.0,-0.0,0.0,0,0,0,0,0.0,0,0,0,0,0,0,0,0,0,0,0,0,0,0,0,0,0,0,0,0,0,0,0,0,0,0,0,0,0,0,0,0,0,26,51,50,76,65476,0,300,0,0,8,21553,0.0,-107605600.0,0.0,0.0,0.0,0.0,0.0,0.0,0.0,0.0,0.0,0.0,0.0,0.0,0.0,0.0,0.0,0.0,0.0,0.0,0.0,0.0,0.0,-0.0,0.0,2.004,0.0,0.0,0.0,0.0,4758.0,-0.0,7315.0,-0.0,2.718431101732002e+23,-107615360.0,0.0,0.0,0.0,0.0,0.0,77,4.066880858845495e+29,0.0,0.0,0.0,0.0,0.0,0.0,0.0,0.0,0,0,0,0.0,0.0,0.0,0.0,0.0,0.0,0.0,0.0,0.0,0.0,0.0,0.0,0.0,0.0,0.0,0.0,0,-107875648.0,77,0.0,154,0.0,-0.0,ERR,ERR,ERR,ERR,ERR,ERR,ERR,ERR,ERR,ERR,ERR,ERR,ERR,ERR,ERR,ERR,ERR,ERR,ERR,ERR,ERR,ERR,ERR,ERR,ERR,ERR,ERR,ERR,ERR,ERR,ERR,ERR,ERR,ERR,ERR,ERR,ERR,ERR,ERR,ERR,ERR,ERR,ERR,ERR,ERR,ERR,ERR,ERR,ERR,ERR,ERR,ERR,ERR,ERR,ERR,ERR,ERR,ERR,ERR,ERR,ERR,ERR,ERR,ERR,ERR,ERR,ERR,34.0,80.0,35,0.0,0.0,0.0,0.0,0.0,0.0,0.0,0.0,0.0,0.0,0.0,0.0,0.0,0.0,0.0,0.0,66.0,0,120,58,54,65476,0,300,0,0,8,20529,65476,0,0,57672,80.0,0.0,0.0,0.0,0.0,0.0
2026-06-18T02:21:38,ERR,ERR,ERR,ERR,ERR,ERR,ERR,ERR,ERR,ERR,ERR,ERR,ERR,ERR,ERR,ERR,ERR,ERR,ERR,ERR,ERR,ERR,ERR,ERR,ERR,ERR,ERR,ERR,ERR,ERR,ERR,ERR,ERR,ERR,ERR,ERR,ERR,ERR,ERR,ERR,ERR,ERR,ERR,ERR,ERR,ERR,ERR,ERR,ERR,ERR,ERR,ERR,ERR,ERR,ERR,ERR,ERR,ERR,ERR,ERR,ERR,ERR,ERR,ERR,ERR,ERR,ERR,ERR,ERR,ERR,ERR,ERR,ERR,ERR,ERR,ERR,ERR,ERR,ERR,ERR,ERR,ERR,ERR,ERR,ERR,ERR,ERR,ERR,ERR,ERR,ERR,ERR,ERR,ERR,ERR,ERR,ERR,ERR,ERR,ERR,ERR,ERR,ERR,ERR,ERR,ERR,ERR,ERR,ERR,ERR,ERR,ERR,ERR,ERR,ERR,ERR,ERR,ERR,ERR,ERR,ERR,ERR,ERR,ERR,ERR,-0.0,2.718431101732002e+23,-0.0,0.059,0.0,1.3936040501711995e+18,7.805,0.0,0,0,4,48930,6720,14723890282496.0,100,0.0,0.0,0.0,0.059,0.0,0,0,0,0,0.0,0,0,0,0,0,0,0,0,0,0,0,0,0,0,0,0,0,0,0,0,0,0,0,0,0,0,0,0,0,0,0,0,0,26,51,50,76,65476,0,300,0,0,8,21553,0.0,-107605600.0,0.0,0.0,0.0,0.0,0.0,0.0,0.0,0.0,0.0,0.0,0.0,0.0,0.0,0.0,0.0,0.0,0.0,0.0,0.0,0.0,0.0,-0.0,0.0,2.004,0.0,0.0,0.0,0.0,4763.0,-0.0,7313.0,-0.0,2.718431101732002e+23,-107615360.0,0.0,0.0,0.0,0.0,0.0,77,-0.0,0.0,0.0,0.0,0.0,0.0,0.0,0.0,0.0,0,0,0,0.0,0.0,0.0,0.0,0.0,0.0,0.0,0.0,0.0,0.0,0.0,0.0,0.0,0.0,0.0,0.0,0,-107875648.0,77,0.0,154,0.0,-0.0,ERR,ERR,ERR,ERR,ERR,ERR,ERR,ERR,ERR,ERR,ERR,ERR,ERR,ERR,ERR,ERR,ERR,ERR,ERR,ERR,ERR,ERR,ERR,ERR,ERR,ERR,ERR,ERR,ERR,ERR,ERR,ERR,ERR,ERR,ERR,ERR,ERR,ERR,ERR,ERR,ERR,ERR,ERR,ERR,ERR,ERR,ERR,ERR,ERR,ERR,ERR,ERR,ERR,ERR,ERR,ERR,ERR,ERR,ERR,ERR,ERR,ERR,ERR,ERR,ERR,ERR,ERR,34.0,80.0,35,0.0,0.0,0.0,0.0,0.0,0.0,0.0,0.0,0.0,0.0,0.0,0.0,0.0,0.0,0.0,0.0,66.0,0,120,58,54,65476,0,300,0,0,8,20529,65476,0,0,57672,80.0,0.0,0.0,0.0,0.0,0.0
2026-06-18T02:21:39,ERR,ERR,ERR,ERR,ERR,ERR,ERR,ERR,ERR,ERR,ERR,ERR,ERR,ERR,ERR,ERR,ERR,ERR,ERR,ERR,ERR,ERR,ERR,ERR,ERR,ERR,ERR,ERR,ERR,ERR,ERR,ERR,ERR,ERR,ERR,ERR,ERR,ERR,ERR,ERR,ERR,ERR,ERR,ERR,ERR,ERR,ERR,ERR,ERR,ERR,ERR,ERR,ERR,ERR,ERR,ERR,ERR,ERR,ERR,ERR,ERR,ERR,ERR,ERR,ERR,ERR,ERR,ERR,ERR,ERR,ERR,ERR,ERR,ERR,ERR,ERR,ERR,ERR,ERR,ERR,ERR,ERR,ERR,ERR,ERR,ERR,ERR,ERR,ERR,ERR,ERR,ERR,ERR,ERR,ERR,ERR,ERR,ERR,ERR,ERR,ERR,ERR,ERR,ERR,ERR,ERR,ERR,ERR,ERR,ERR,ERR,ERR,ERR,ERR,ERR,ERR,ERR,ERR,ERR,ERR,ERR,ERR,ERR,ERR,ERR,-0.0,2.718431101732002e+23,-0.0,0.059,0.0,1.3936040501711995e+18,7.805,0.0,0,0,4,48930,6720,14723890282496.0,100,0.0,0.0,0.0,0.059,0.0,0,0,0,0,0.0,0,0,0,0,0,0,0,0,0,0,0,0,0,0,0,0,0,0,0,0,0,0,0,0,0,0,0,0,0,0,0,0,0,26,51,50,76,65476,0,300,0,0,8,21553,0.0,-107605600.0,0.0,0.0,0.0,0.0,0.0,0.0,0.0,0.0,0.0,0.0,0.0,0.0,0.0,0.0,0.0,0.0,0.0,0.0,0.0,0.0,0.0,-0.0,0.0,2.004,0.0,0.0,0.0,0.0,4763.0,-0.0,7313.0,-0.0,2.718431101732002e+23,-107615360.0,0.0,0.0,0.0,0.0,0.0,77,-0.0,0.0,0.0,0.0,0.0,0.0,0.0,0.0,0.0,0,0,0,0.0,0.0,0.0,0.0,0.0,0.0,0.0,0.0,0.0,0.0,0.0,0.0,0.0,0.0,0.0,0.0,0,-107875648.0,77,0.0,154,0.0,-0.0,ERR,ERR,ERR,ERR,ERR,ERR,ERR,ERR,ERR,ERR,ERR,ERR,ERR,ERR,ERR,ERR,ERR,ERR,ERR,ERR,ERR,ERR,ERR,ERR,ERR,ERR,ERR,ERR,ERR,ERR,ERR,ERR,ERR,ERR,ERR,ERR,ERR,ERR,ERR,ERR,ERR,ERR,ERR,ERR,ERR,ERR,ERR,ERR,ERR,ERR,ERR,ERR,ERR,ERR,ERR,ERR,ERR,ERR,ERR,ERR,ERR,ERR,ERR,ERR,ERR,ERR,ERR,34.0,80.0,35,0.0,0.0,0.0,0.0,0.0,0.0,0.0,0.0,0.0,0.0,0.0,0.0,0.0,0.0,0.0,0.0,66.0,0,120,58,54,65476,0,300,0,0,8,20529,65476,0,0,57672,80.0,0.0,0.0,0.0,0.0,0.0
2026-06-18T02:21:40,ERR,ERR,ERR,ERR,ERR,ERR,ERR,ERR,ERR,ERR,ERR,ERR,ERR,ERR,ERR,ERR,ERR,ERR,ERR,ERR,ERR,ERR,ERR,ERR,ERR,ERR,ERR,ERR,ERR,ERR,ERR,ERR,ERR,ERR,ERR,ERR,ERR,ERR,ERR,ERR,ERR,ERR,ERR,ERR,ERR,ERR,ERR,ERR,ERR,ERR,ERR,ERR,ERR,ERR,ERR,ERR,ERR,ERR,ERR,ERR,ERR,ERR,ERR,ERR,ERR,ERR,ERR,ERR,ERR,ERR,ERR,ERR,ERR,ERR,ERR,ERR,ERR,ERR,ERR,ERR,ERR,ERR,ERR,ERR,ERR,ERR,ERR,ERR,ERR,ERR,ERR,ERR,ERR,ERR,ERR,ERR,ERR,ERR,ERR,ERR,ERR,ERR,ERR,ERR,ERR,ERR,ERR,ERR,ERR,ERR,ERR,ERR,ERR,ERR,ERR,ERR,ERR,ERR,ERR,ERR,ERR,ERR,ERR,ERR,ERR,-0.0,2.718431101732002e+23,-0.0,0.059,0.0,1.3936040501711995e+18,7.805,0.0,0,0,4,48930,6720,14723890282496.0,100,0.0,0.0,0.0,0.059,0.0,0,0,0,0,0.0,0,0,0,0,0,0,0,0,0,0,0,0,0,0,0,0,0,0,0,0,0,0,0,0,0,0,0,0,0,0,0,0,0,26,51,50,76,65476,0,300,0,0,8,21553,0.0,-107605600.0,0.0,0.0,0.0,0.0,0.0,0.0,0.0,0.0,0.0,0.0,0.0,0.0,0.0,0.0,0.0,0.0,0.0,0.0,0.0,0.0,0.0,-0.0,0.0,2.004,0.0,0.0,0.0,0.0,4763.0,-0.0,7313.0,-0.0,2.718431101732002e+23,-107615360.0,0.0,0.0,0.0,0.0,0.0,77,-0.0,0.0,0.0,0.0,0.0,0.0,0.0,0.0,0.0,0,0,0,0.0,0.0,0.0,0.0,0.0,0.0,0.0,0.0,0.0,0.0,0.0,0.0,0.0,0.0,0.0,0.0,0,-107875648.0,77,0.0,154,0.0,-0.0,ERR,ERR,ERR,ERR,ERR,ERR,ERR,ERR,ERR,ERR,ERR,ERR,ERR,ERR,ERR,ERR,ERR,ERR,ERR,ERR,ERR,ERR,ERR,ERR,ERR,ERR,ERR,ERR,ERR,ERR,ERR,ERR,ERR,ERR,ERR,ERR,ERR,ERR,ERR,ERR,ERR,ERR,ERR,ERR,ERR,ERR,ERR,ERR,ERR,ERR,ERR,ERR,ERR,ERR,ERR,ERR,ERR,ERR,ERR,ERR,ERR,ERR,ERR,ERR,ERR,ERR,ERR,34.0,80.0,35,0.0,0.0,0.0,0.0,0.0,0.0,0.0,0.0,0.0,0.0,0.0,0.0,0.0,0.0,0.0,0.0,66.4,0,120,58,54,65476,0,300,0,0,8,20529,65476,0,0,57672,80.0,0.0,0.0,0.0,0.0,0.0
2026-06-18T02:21:41,ERR,ERR,ERR,ERR,ERR,ERR,ERR,ERR,ERR,ERR,ERR,ERR,ERR,ERR,ERR,ERR,ERR,ERR,ERR,ERR,ERR,ERR,ERR,ERR,ERR,ERR,ERR,ERR,ERR,ERR,ERR,ERR,ERR,ERR,ERR,ERR,ERR,ERR,ERR,ERR,ERR,ERR,ERR,ERR,ERR,ERR,ERR,ERR,ERR,ERR,ERR,ERR,ERR,ERR,ERR,ERR,ERR,ERR,ERR,ERR,ERR,ERR,ERR,ERR,ERR,ERR,ERR,ERR,ERR,ERR,ERR,ERR,ERR,ERR,ERR,ERR,ERR,ERR,ERR,ERR,ERR,ERR,ERR,ERR,ERR,ERR,ERR,ERR,ERR,ERR,ERR,ERR,ERR,ERR,ERR,ERR,ERR,ERR,ERR,ERR,ERR,ERR,ERR,ERR,ERR,ERR,ERR,ERR,ERR,ERR,ERR,ERR,ERR,ERR,ERR,ERR,ERR,ERR,ERR,ERR,ERR,ERR,ERR,ERR,ERR,-0.0,2.718431101732002e+23,-0.0,0.059,0.0,1.3936040501711995e+18,7.805,0.0,0,0,4,48930,6720,14723890282496.0,100,0.0,0.0,0.0,0.059,0.0,0,0,0,0,0.0,0,0,0,0,0,0,0,0,0,0,0,0,0,0,0,0,0,0,0,0,0,0,0,0,0,0,0,0,0,0,0,0,0,26,51,50,76,65476,0,300,0,0,8,21553,0.0,-107605600.0,0.0,0.0,0.0,0.0,0.0,0.0,0.0,0.0,0.0,0.0,0.0,0.0,0.0,0.0,0.0,0.0,0.0,0.0,0.0,0.0,0.0,-0.0,0.0,2.004,0.0,0.0,0.0,0.0,4763.0,-0.0,7313.0,-0.0,2.718431101732002e+23,-107615360.0,0.0,0.0,0.0,0.0,0.0,77,-0.0,0.0,0.0,0.0,0.0,0.0,0.0,0.0,0.0,0,0,0,0.0,0.0,0.0,0.0,0.0,0.0,0.0,0.0,0.0,0.0,0.0,0.0,0.0,0.0,0.0,0.0,0,-107875648.0,77,0.0,154,0.0,-0.0,ERR,ERR,ERR,ERR,ERR,ERR,ERR,ERR,ERR,ERR,ERR,ERR,ERR,ERR,ERR,ERR,ERR,ERR,ERR,ERR,ERR,ERR,ERR,ERR,ERR,ERR,ERR,ERR,ERR,ERR,ERR,ERR,ERR,ERR,ERR,ERR,ERR,ERR,ERR,ERR,ERR,ERR,ERR,ERR,ERR,ERR,ERR,ERR,ERR,ERR,ERR,ERR,ERR,ERR,ERR,ERR,ERR,ERR,ERR,ERR,ERR,ERR,ERR,ERR,ERR,ERR,ERR,34.0,80.0,35,0.0,0.0,0.0,0.0,0.0,0.0,0.0,0.0,0.0,0.0,0.0,0.0,0.0,0.0,0.0,0.0,66.0,0,120,58,54,65476,0,300,0,0,8,20529,65476,0,0,57672,80.0,0.0,0.0,0.0,0.0,0.0
2026-06-18T02:21:42,ERR,ERR,ERR,ERR,ERR,ERR,ERR,ERR,ERR,ERR,ERR,ERR,ERR,ERR,ERR,ERR,ERR,ERR,ERR,ERR,ERR,ERR,ERR,ERR,ERR,ERR,ERR,ERR,ERR,ERR,ERR,ERR,ERR,ERR,ERR,ERR,ERR,ERR,ERR,ERR,ERR,ERR,ERR,ERR,ERR,ERR,ERR,ERR,ERR,ERR,ERR,ERR,ERR,ERR,ERR,ERR,ERR,ERR,ERR,ERR,ERR,ERR,ERR,ERR,ERR,ERR,ERR,ERR,ERR,ERR,ERR,ERR,ERR,ERR,ERR,ERR,ERR,ERR,ERR,ERR,ERR,ERR,ERR,ERR,ERR,ERR,ERR,ERR,ERR,ERR,ERR,ERR,ERR,ERR,ERR,ERR,ERR,ERR,ERR,ERR,ERR,ERR,ERR,ERR,ERR,ERR,ERR,ERR,ERR,ERR,ERR,ERR,ERR,ERR,ERR,ERR,ERR,ERR,ERR,ERR,ERR,ERR,ERR,ERR,ERR,-0.0,2.718431101732002e+23,-0.0,0.059,0.0,1.3936040501711995e+18,7.805,0.0,0,0,4,48930,6720,14723890282496.0,100,0.0,0.0,0.0,0.059,0.0,0,0,0,0,0.0,0,0,0,0,0,0,0,0,0,0,0,0,0,0,0,0,0,0,0,0,0,0,0,0,0,0,0,0,0,0,0,0,0,26,51,50,76,65476,0,300,0,0,8,21553,0.0,-107605600.0,0.0,0.0,0.0,0.0,0.0,0.0,0.0,0.0,0.0,0.0,0.0,0.0,0.0,0.0,0.0,0.0,0.0,0.0,0.0,0.0,0.0,-0.0,0.0,2.004,0.0,0.0,0.0,0.0,4763.0,-0.0,7313.0,-0.0,2.718431101732002e+23,-107615360.0,0.0,0.0,0.0,0.0,0.0,77,-0.0,0.0,0.0,0.0,0.0,0.0,0.0,0.0,0.0,0,0,0,0.0,0.0,0.0,0.0,0.0,0.0,0.0,0.0,0.0,0.0,0.0,0.0,0.0,0.0,0.0,0.0,0,-107875648.0,77,0.0,154,0.0,-0.0,ERR,ERR,ERR,ERR,ERR,ERR,ERR,ERR,ERR,ERR,ERR,ERR,ERR,ERR,ERR,ERR,ERR,ERR,ERR,ERR,ERR,ERR,ERR,ERR,ERR,ERR,ERR,ERR,ERR,ERR,ERR,ERR,ERR,ERR,ERR,ERR,ERR,ERR,ERR,ERR,ERR,ERR,ERR,ERR,ERR,ERR,ERR,ERR,ERR,ERR,ERR,ERR,ERR,ERR,ERR,ERR,ERR,ERR,ERR,ERR,ERR,ERR,ERR,ERR,ERR,ERR,ERR,34.0,80.0,35,0.0,0.0,0.0,0.0,0.0,0.0,0.0,0.0,0.0,0.0,0.0,0.0,0.0,0.0,0.0,0.0,66.0,0,120,58,54,65476,0,300,0,0,8,20529,65476,0,0,57672,80.0,0.0,0.0,0.0,0.0,0.0
2026-06-18T02:21:43,ERR,ERR,ERR,ERR,ERR,ERR,ERR,ERR,ERR,ERR,ERR,ERR,ERR,ERR,ERR,ERR,ERR,ERR,ERR,ERR,ERR,ERR,ERR,ERR,ERR,ERR,ERR,ERR,ERR,ERR,ERR,ERR,ERR,ERR,ERR,ERR,ERR,ERR,ERR,ERR,ERR,ERR,ERR,ERR,ERR,ERR,ERR,ERR,ERR,ERR,ERR,ERR,ERR,ERR,ERR,ERR,ERR,ERR,ERR,ERR,ERR,ERR,ERR,ERR,ERR,ERR,ERR,ERR,ERR,ERR,ERR,ERR,ERR,ERR,ERR,ERR,ERR,ERR,ERR,ERR,ERR,ERR,ERR,ERR,ERR,ERR,ERR,ERR,ERR,ERR,ERR,ERR,ERR,ERR,ERR,ERR,ERR,ERR,ERR,ERR,ERR,ERR,ERR,ERR,ERR,ERR,ERR,ERR,ERR,ERR,ERR,ERR,ERR,ERR,ERR,ERR,ERR,ERR,ERR,ERR,ERR,ERR,ERR,ERR,ERR,-0.0,2.718431101732002e+23,-0.0,0.059,0.0,1.3936040501711995e+18,7.805,0.0,0,0,4,48930,6720,14723890282496.0,100,0.0,0.0,0.0,0.059,0.0,0,0,0,0,0.0,0,0,0,0,0,0,0,0,0,0,0,0,0,0,0,0,0,0,0,0,0,0,0,0,0,0,0,0,0,0,0,0,0,26,51,50,76,65476,0,300,0,0,8,21553,0.0,-107605600.0,0.0,0.0,0.0,0.0,0.0,0.0,0.0,0.0,0.0,0.0,0.0,0.0,0.0,0.0,0.0,0.0,0.0,0.0,0.0,0.0,0.0,-0.0,0.0,2.004,0.0,0.0,0.0,0.0,4763.0,-0.0,7313.0,-0.0,2.718431101732002e+23,-107615360.0,0.0,0.0,0.0,0.0,0.0,77,-0.0,0.0,0.0,0.0,0.0,0.0,0.0,0.0,0.0,0,0,0,0.0,0.0,0.0,0.0,0.0,0.0,0.0,0.0,0.0,0.0,0.0,0.0,0.0,0.0,0.0,0.0,0,-107875648.0,77,0.0,154,0.0,-0.0,ERR,ERR,ERR,ERR,ERR,ERR,ERR,ERR,ERR,ERR,ERR,ERR,ERR,ERR,ERR,ERR,ERR,ERR,ERR,ERR,ERR,ERR,ERR,ERR,ERR,ERR,ERR,ERR,ERR,ERR,ERR,ERR,ERR,ERR,ERR,ERR,ERR,ERR,ERR,ERR,ERR,ERR,ERR,ERR,ERR,ERR,ERR,ERR,ERR,ERR,ERR,ERR,ERR,ERR,ERR,ERR,ERR,ERR,ERR,ERR,ERR,ERR,ERR,ERR,ERR,ERR,ERR,34.0,80.0,35,0.0,0.0,0.0,0.0,0.0,0.0,0.0,0.0,0.0,0.0,0.0,0.0,0.0,0.0,0.0,0.0,66.0,0,120,58,54,65476,0,300,0,0,8,20529,65476,0,0,57672,80.0,0.0,0.0,0.0,0.0,0.0
2026-06-18T02:21:44,ERR,ERR,ERR,ERR,ERR,ERR,ERR,ERR,ERR,ERR,ERR,ERR,ERR,ERR,ERR,ERR,ERR,ERR,ERR,ERR,ERR,ERR,ERR,ERR,ERR,ERR,ERR,ERR,ERR,ERR,ERR,ERR,ERR,ERR,ERR,ERR,ERR,ERR,ERR,ERR,ERR,ERR,ERR,ERR,ERR,ERR,ERR,ERR,ERR,ERR,ERR,ERR,ERR,ERR,ERR,ERR,ERR,ERR,ERR,ERR,ERR,ERR,ERR,ERR,ERR,ERR,ERR,ERR,ERR,ERR,ERR,ERR,ERR,ERR,ERR,ERR,ERR,ERR,ERR,ERR,ERR,ERR,ERR,ERR,ERR,ERR,ERR,ERR,ERR,ERR,ERR,ERR,ERR,ERR,ERR,ERR,ERR,ERR,ERR,ERR,ERR,ERR,ERR,ERR,ERR,ERR,ERR,ERR,ERR,ERR,ERR,ERR,ERR,ERR,ERR,ERR,ERR,ERR,ERR,ERR,ERR,ERR,ERR,ERR,ERR,-0.0,2.718431101732002e+23,-0.0,-0.0,-0.0,1.3936040501711995e+18,7.805,-0.0,0,0,4,48933,6720,14723890282496.0,100,0.0,0.0,0.0,-152005385388032.0,0.0,0,0,0,0,0.0,0,0,0,0,0,0,0,0,0,0,0,0,0,0,0,0,0,0,0,0,0,0,0,0,0,0,0,0,0,0,0,0,0,26,51,50,76,65476,0,300,0,0,8,21553,0.0,-107605600.0,0.0,0.0,0.0,0.0,0.0,0.0,0.0,0.0,0.0,0.0,0.0,0.0,0.0,0.0,0.0,0.0,0.0,0.0,0.0,0.0,0.0,-0.0,0.0,2.004,0.0,0.0,0.0,0.0,4764.0,-0.0,7318.0,-0.0,2.718431101732002e+23,-107615360.0,0.0,0.0,0.0,0.0,0.0,77,-0.0,126840455168.0,0.0,0.0,0.0,0.0,0.0,0.0,0.0,0,0,0,0.0,0.0,0.0,0.0,0.0,0.0,0.0,0.0,0.0,0.0,0.0,0.0,0.0,0.0,0.0,0.0,0,-107875648.0,77,0.0,154,0.0,-0.0,ERR,ERR,ERR,ERR,ERR,ERR,ERR,ERR,ERR,ERR,ERR,ERR,ERR,ERR,ERR,ERR,ERR,ERR,ERR,ERR,ERR,ERR,ERR,ERR,ERR,ERR,ERR,ERR,ERR,ERR,ERR,ERR,ERR,ERR,ERR,ERR,ERR,ERR,ERR,ERR,ERR,ERR,ERR,ERR,ERR,ERR,ERR,ERR,ERR,ERR,ERR,ERR,ERR,ERR,ERR,ERR,ERR,ERR,ERR,ERR,ERR,ERR,ERR,ERR,ERR,ERR,ERR,34.0,80.0,35,0.0,0.0,0.0,0.0,0.0,0.0,0.0,0.0,0.0,0.0,0.0,0.0,0.0,0.0,0.0,0.0,66.0,0,120,58,54,65476,0,300,0,0,8,20529,65476,0,0,57672,80.0,0.0,0.0,0.0,0.0,0.0
2026-06-18T02:21:45,ERR,ERR,ERR,ERR,ERR,ERR,ERR,ERR,ERR,ERR,ERR,ERR,ERR,ERR,ERR,ERR,ERR,ERR,ERR,ERR,ERR,ERR,ERR,ERR,ERR,ERR,ERR,ERR,ERR,ERR,ERR,ERR,ERR,ERR,ERR,ERR,ERR,ERR,ERR,ERR,ERR,ERR,ERR,ERR,ERR,ERR,ERR,ERR,ERR,ERR,ERR,ERR,ERR,ERR,ERR,ERR,ERR,ERR,ERR,ERR,ERR,ERR,ERR,ERR,ERR,ERR,ERR,ERR,ERR,ERR,ERR,ERR,ERR,ERR,ERR,ERR,ERR,ERR,ERR,ERR,ERR,ERR,ERR,ERR,ERR,ERR,ERR,ERR,ERR,ERR,ERR,ERR,ERR,ERR,ERR,ERR,ERR,ERR,ERR,ERR,ERR,ERR,ERR,ERR,ERR,ERR,ERR,ERR,ERR,ERR,ERR,ERR,ERR,ERR,ERR,ERR,ERR,ERR,ERR,ERR,ERR,ERR,ERR,ERR,ERR,-0.0,2.718431101732002e+23,-0.0,-0.0,-0.0,1.3936040501711995e+18,7.805,-0.0,0,0,4,48933,6720,14723890282496.0,100,0.0,0.0,0.0,-152005385388032.0,0.0,0,0,0,0,0.0,0,0,0,0,0,0,0,0,0,0,0,0,0,0,0,0,0,0,0,0,0,0,0,0,0,0,0,0,0,0,0,0,0,26,51,50,76,65476,0,300,0,0,8,21553,0.0,-107605600.0,0.0,0.0,0.0,0.0,0.0,0.0,0.0,0.0,0.0,0.0,0.0,0.0,0.0,0.0,0.0,0.0,0.0,0.0,0.0,0.0,0.0,-0.0,0.0,2.004,0.0,0.0,0.0,0.0,4764.0,-0.0,7318.0,-0.0,2.718431101732002e+23,-107615360.0,0.0,0.0,0.0,0.0,0.0,77,-0.0,126840455168.0,0.0,0.0,0.0,0.0,0.0,0.0,0.0,0,0,0,0.0,0.0,0.0,0.0,0.0,0.0,0.0,0.0,0.0,0.0,0.0,0.0,0.0,0.0,0.0,0.0,0,-107875648.0,77,0.0,154,0.0,-0.0,ERR,ERR,ERR,ERR,ERR,ERR,ERR,ERR,ERR,ERR,ERR,ERR,ERR,ERR,ERR,ERR,ERR,ERR,ERR,ERR,ERR,ERR,ERR,ERR,ERR,ERR,ERR,ERR,ERR,ERR,ERR,ERR,ERR,ERR,ERR,ERR,ERR,ERR,ERR,ERR,ERR,ERR,ERR,ERR,ERR,ERR,ERR,ERR,ERR,ERR,ERR,ERR,ERR,ERR,ERR,ERR,ERR,ERR,ERR,ERR,ERR,ERR,ERR,ERR,ERR,ERR,ERR,34.0,80.0,35,0.0,0.0,0.0,0.0,0.0,0.0,0.0,0.0,0.0,0.0,0.0,0.0,0.0,0.0,0.0,0.0,66.0,0,120,58,54,65476,0,300,0,0,8,20529,65476,0,0,57672,80.0,0.0,0.0,0.0,0.0,0.0
2026-06-18T02:21:46,ERR,ERR,ERR,ERR,ERR,ERR,ERR,ERR,ERR,ERR,ERR,ERR,ERR,ERR,ERR,ERR,ERR,ERR,ERR,ERR,ERR,ERR,ERR,ERR,ERR,ERR,ERR,ERR,ERR,ERR,ERR,ERR,ERR,ERR,ERR,ERR,ERR,ERR,ERR,ERR,ERR,ERR,ERR,ERR,ERR,ERR,ERR,ERR,ERR,ERR,ERR,ERR,ERR,ERR,ERR,ERR,ERR,ERR,ERR,ERR,ERR,ERR,ERR,ERR,ERR,ERR,ERR,ERR,ERR,ERR,ERR,ERR,ERR,ERR,ERR,ERR,ERR,ERR,ERR,ERR,ERR,ERR,ERR,ERR,ERR,ERR,ERR,ERR,ERR,ERR,ERR,ERR,ERR,ERR,ERR,ERR,ERR,ERR,ERR,ERR,ERR,ERR,ERR,ERR,ERR,ERR,ERR,ERR,ERR,ERR,ERR,ERR,ERR,ERR,ERR,ERR,ERR,ERR,ERR,ERR,ERR,ERR,ERR,ERR,ERR,-0.0,2.718431101732002e+23,-0.0,-0.0,-0.0,1.3936040501711995e+18,7.805,-0.0,0,0,4,48933,6720,14723890282496.0,100,0.0,0.0,0.0,-152005385388032.0,0.0,0,0,0,0,0.0,0,0,0,0,0,0,0,0,0,0,0,0,0,0,0,0,0,0,0,0,0,0,0,0,0,0,0,0,0,0,0,0,0,26,51,50,76,65476,0,300,0,0,8,21553,0.0,-107605600.0,0.0,0.0,0.0,0.0,0.0,0.0,0.0,0.0,0.0,0.0,0.0,0.0,0.0,0.0,0.0,0.0,0.0,0.0,0.0,0.0,0.0,-0.0,0.0,2.004,0.0,0.0,0.0,0.0,4764.0,-0.0,7318.0,-0.0,2.718431101732002e+23,-107615360.0,0.0,0.0,0.0,0.0,0.0,77,-0.0,126840455168.0,0.0,0.0,0.0,0.0,0.0,0.0,0.0,0,0,0,0.0,0.0,0.0,0.0,0.0,0.0,0.0,0.0,0.0,0.0,0.0,0.0,0.0,0.0,0.0,0.0,0,-107875648.0,77,0.0,154,0.0,-0.0,ERR,ERR,ERR,ERR,ERR,ERR,ERR,ERR,ERR,ERR,ERR,ERR,ERR,ERR,ERR,ERR,ERR,ERR,ERR,ERR,ERR,ERR,ERR,ERR,ERR,ERR,ERR,ERR,ERR,ERR,ERR,ERR,ERR,ERR,ERR,ERR,ERR,ERR,ERR,ERR,ERR,ERR,ERR,ERR,ERR,ERR,ERR,ERR,ERR,ERR,ERR,ERR,ERR,ERR,ERR,ERR,ERR,ERR,ERR,ERR,ERR,ERR,ERR,ERR,ERR,ERR,ERR,34.0,80.0,35,0.0,0.0,0.0,0.0,0.0,0.0,0.0,0.0,0.0,0.0,0.0,0.0,0.0,0.0,0.0,0.0,66.0,0,120,58,54,65476,0,300,0,0,8,20529,65476,0,0,57672,80.0,0.0,0.0,0.0,0.0,0.0
2026-06-18T02:21:47,ERR,ERR,ERR,ERR,ERR,ERR,ERR,ERR,ERR,ERR,ERR,ERR,ERR,ERR,ERR,ERR,ERR,ERR,ERR,ERR,ERR,ERR,ERR,ERR,ERR,ERR,ERR,ERR,ERR,ERR,ERR,ERR,ERR,ERR,ERR,ERR,ERR,ERR,ERR,ERR,ERR,ERR,ERR,ERR,ERR,ERR,ERR,ERR,ERR,ERR,ERR,ERR,ERR,ERR,ERR,ERR,ERR,ERR,ERR,ERR,ERR,ERR,ERR,ERR,ERR,ERR,ERR,ERR,ERR,ERR,ERR,ERR,ERR,ERR,ERR,ERR,ERR,ERR,ERR,ERR,ERR,ERR,ERR,ERR,ERR,ERR,ERR,ERR,ERR,ERR,ERR,ERR,ERR,ERR,ERR,ERR,ERR,ERR,ERR,ERR,ERR,ERR,ERR,ERR,ERR,ERR,ERR,ERR,ERR,ERR,ERR,ERR,ERR,ERR,ERR,ERR,ERR,ERR,ERR,ERR,ERR,ERR,ERR,ERR,ERR,-0.0,2.718431101732002e+23,-0.0,-0.0,-0.0,1.3936040501711995e+18,7.805,-0.0,0,0,4,48933,6720,14723890282496.0,100,0.0,0.0,0.0,-152005385388032.0,0.0,0,0,0,0,0.0,0,0,0,0,0,0,0,0,0,0,0,0,0,0,0,0,0,0,0,0,0,0,0,0,0,0,0,0,0,0,0,0,0,26,51,50,76,65476,0,300,0,0,8,21553,0.0,-107605600.0,0.0,0.0,0.0,0.0,0.0,0.0,0.0,0.0,0.0,0.0,0.0,0.0,0.0,0.0,0.0,0.0,0.0,0.0,0.0,0.0,0.0,-0.0,0.0,2.004,0.0,0.0,0.0,0.0,4764.0,-0.0,7318.0,-0.0,2.718431101732002e+23,-107615360.0,0.0,0.0,0.0,0.0,0.0,77,-0.0,126840455168.0,0.0,0.0,0.0,0.0,0.0,0.0,0.0,0,0,0,0.0,0.0,0.0,0.0,0.0,0.0,0.0,0.0,0.0,0.0,0.0,0.0,0.0,0.0,0.0,0.0,0,-107875648.0,77,0.0,154,0.0,-0.0,ERR,ERR,ERR,ERR,ERR,ERR,ERR,ERR,ERR,ERR,ERR,ERR,ERR,ERR,ERR,ERR,ERR,ERR,ERR,ERR,ERR,ERR,ERR,ERR,ERR,ERR,ERR,ERR,ERR,ERR,ERR,ERR,ERR,ERR,ERR,ERR,ERR,ERR,ERR,ERR,ERR,ERR,ERR,ERR,ERR,ERR,ERR,ERR,ERR,ERR,ERR,ERR,ERR,ERR,ERR,ERR,ERR,ERR,ERR,ERR,ERR,ERR,ERR,ERR,ERR,ERR,ERR,34.0,80.0,35,0.0,0.0,0.0,0.0,0.0,0.0,0.0,0.0,0.0,0.0,0.0,0.0,0.0,0.0,0.0,0.0,66.4,0,120,58,54,65476,0,300,0,0,8,20529,65476,0,0,57672,80.0,0.0,0.0,0.0,0.0,0.0
2026-06-18T02:21:48,ERR,ERR,ERR,ERR,ERR,ERR,ERR,ERR,ERR,ERR,ERR,ERR,ERR,ERR,ERR,ERR,ERR,ERR,ERR,ERR,ERR,ERR,ERR,ERR,ERR,ERR,ERR,ERR,ERR,ERR,ERR,ERR,ERR,ERR,ERR,ERR,ERR,ERR,ERR,ERR,ERR,ERR,ERR,ERR,ERR,ERR,ERR,ERR,ERR,ERR,ERR,ERR,ERR,ERR,ERR,ERR,ERR,ERR,ERR,ERR,ERR,ERR,ERR,ERR,ERR,ERR,ERR,ERR,ERR,ERR,ERR,ERR,ERR,ERR,ERR,ERR,ERR,ERR,ERR,ERR,ERR,ERR,ERR,ERR,ERR,ERR,ERR,ERR,ERR,ERR,ERR,ERR,ERR,ERR,ERR,ERR,ERR,ERR,ERR,ERR,ERR,ERR,ERR,ERR,ERR,ERR,ERR,ERR,ERR,ERR,ERR,ERR,ERR,ERR,ERR,ERR,ERR,ERR,ERR,ERR,ERR,ERR,ERR,ERR,ERR,-0.0,2.718431101732002e+23,-0.0,-0.0,-0.0,1.3936040501711995e+18,7.805,-0.0,0,0,4,48933,6720,14723890282496.0,100,0.0,0.0,0.0,-152005385388032.0,0.0,0,0,0,0,0.0,0,0,0,0,0,0,0,0,0,0,0,0,0,0,0,0,0,0,0,0,0,0,0,0,0,0,0,0,0,0,0,0,0,26,51,50,76,65476,0,300,0,0,8,21553,0.0,-107605600.0,0.0,0.0,0.0,0.0,0.0,0.0,0.0,0.0,0.0,0.0,0.0,0.0,0.0,0.0,0.0,0.0,0.0,0.0,0.0,0.0,0.0,-0.0,0.0,2.004,0.0,0.0,0.0,0.0,4764.0,-0.0,7318.0,-0.0,2.718431101732002e+23,-107615360.0,0.0,0.0,0.0,0.0,0.0,77,-0.0,126840455168.0,0.0,0.0,0.0,0.0,0.0,0.0,0.0,0,0,0,0.0,0.0,0.0,0.0,0.0,0.0,0.0,0.0,0.0,0.0,0.0,0.0,0.0,0.0,0.0,0.0,0,-107875648.0,77,0.0,154,0.0,-0.0,ERR,ERR,ERR,ERR,ERR,ERR,ERR,ERR,ERR,ERR,ERR,ERR,ERR,ERR,ERR,ERR,ERR,ERR,ERR,ERR,ERR,ERR,ERR,ERR,ERR,ERR,ERR,ERR,ERR,ERR,ERR,ERR,ERR,ERR,ERR,ERR,ERR,ERR,ERR,ERR,ERR,ERR,ERR,ERR,ERR,ERR,ERR,ERR,ERR,ERR,ERR,ERR,ERR,ERR,ERR,ERR,ERR,ERR,ERR,ERR,ERR,ERR,ERR,ERR,ERR,ERR,ERR,34.0,80.0,35,0.0,0.0,0.0,0.0,0.0,0.0,0.0,0.0,0.0,0.0,0.0,0.0,0.0,0.0,0.0,0.0,66.4,0,120,58,54,65476,0,300,0,0,8,20529,65476,0,0,57672,80.0,0.0,0.0,0.0,0.0,0.0
2026-06-18T02:21:49,ERR,ERR,ERR,ERR,ERR,ERR,ERR,ERR,ERR,ERR,ERR,ERR,ERR,ERR,ERR,ERR,ERR,ERR,ERR,ERR,ERR,ERR,ERR,ERR,ERR,ERR,ERR,ERR,ERR,ERR,ERR,ERR,ERR,ERR,ERR,ERR,ERR,ERR,ERR,ERR,ERR,ERR,ERR,ERR,ERR,ERR,ERR,ERR,ERR,ERR,ERR,ERR,ERR,ERR,ERR,ERR,ERR,ERR,ERR,ERR,ERR,ERR,ERR,ERR,ERR,ERR,ERR,ERR,ERR,ERR,ERR,ERR,ERR,ERR,ERR,ERR,ERR,ERR,ERR,ERR,ERR,ERR,ERR,ERR,ERR,ERR,ERR,ERR,ERR,ERR,ERR,ERR,ERR,ERR,ERR,ERR,ERR,ERR,ERR,ERR,ERR,ERR,ERR,ERR,ERR,ERR,ERR,ERR,ERR,ERR,ERR,ERR,ERR,ERR,ERR,ERR,ERR,ERR,ERR,ERR,ERR,ERR,ERR,ERR,ERR,-0.0,2.718431101732002e+23,-0.0,-0.0,0.0,1.3936040501711995e+18,7.805,2.3822341049942016e+16,0,0,4,48933,6720,14723890282496.0,100,0.0,0.0,0.0,-0.0,0.0,0,0,0,0,0.0,0,0,0,0,0,0,0,0,0,0,0,0,0,0,0,0,0,0,0,0,0,0,0,0,0,0,0,0,0,0,0,0,0,26,51,50,76,65476,0,300,0,0,8,21553,0.0,-107605600.0,0.0,0.0,0.0,0.0,0.0,0.0,0.0,0.0,0.0,0.0,0.0,0.0,0.0,0.0,0.0,0.0,0.0,0.0,0.0,0.0,0.0,-0.0,0.0,2.004,0.0,0.0,0.0,0.0,4759.0,-0.0,7317.0,-0.0,2.718431101732002e+23,-107615360.0,0.0,0.0,0.0,0.0,0.0,77,4.950429371599289e+32,89220.484,0.0,0.0,0.0,0.0,0.0,0.0,0.0,0,0,0,0.0,0.0,0.0,0.0,0.0,0.0,0.0,0.0,0.0,0.0,0.0,0.0,0.0,0.0,0.0,0.0,0,-107875648.0,77,0.0,154,0.0,-0.0,ERR,ERR,ERR,ERR,ERR,ERR,ERR,ERR,ERR,ERR,ERR,ERR,ERR,ERR,ERR,ERR,ERR,ERR,ERR,ERR,ERR,ERR,ERR,ERR,ERR,ERR,ERR,ERR,ERR,ERR,ERR,ERR,ERR,ERR,ERR,ERR,ERR,ERR,ERR,ERR,ERR,ERR,ERR,ERR,ERR,ERR,ERR,ERR,ERR,ERR,ERR,ERR,ERR,ERR,ERR,ERR,ERR,ERR,ERR,ERR,ERR,ERR,ERR,ERR,ERR,ERR,ERR,34.0,80.0,35,0.0,0.0,0.0,0.0,0.0,0.0,0.0,0.0,0.0,0.0,0.0,0.0,0.0,0.0,0.0,0.0,66.0,0,120,58,54,65476,0,300,0,0,8,20529,65476,0,0,57672,80.0,0.0,0.0,0.0,0.0,0.0
2026-06-18T02:21:50,ERR,ERR,ERR,ERR,ERR,ERR,ERR,ERR,ERR,ERR,ERR,ERR,ERR,ERR,ERR,ERR,ERR,ERR,ERR,ERR,ERR,ERR,ERR,ERR,ERR,ERR,ERR,ERR,ERR,ERR,ERR,ERR,ERR,ERR,ERR,ERR,ERR,ERR,ERR,ERR,ERR,ERR,ERR,ERR,ERR,ERR,ERR,ERR,ERR,ERR,ERR,ERR,ERR,ERR,ERR,ERR,ERR,ERR,ERR,ERR,ERR,ERR,ERR,ERR,ERR,ERR,ERR,ERR,ERR,ERR,ERR,ERR,ERR,ERR,ERR,ERR,ERR,ERR,ERR,ERR,ERR,ERR,ERR,ERR,ERR,ERR,ERR,ERR,ERR,ERR,ERR,ERR,ERR,ERR,ERR,ERR,ERR,ERR,ERR,ERR,ERR,ERR,ERR,ERR,ERR,ERR,ERR,ERR,ERR,ERR,ERR,ERR,ERR,ERR,ERR,ERR,ERR,ERR,ERR,ERR,ERR,ERR,ERR,ERR,ERR,-0.0,2.718431101732002e+23,-0.0,-0.0,0.0,1.3936040501711995e+18,7.805,2.3822341049942016e+16,0,0,4,48933,6720,14723890282496.0,100,0.0,0.0,0.0,-0.0,0.0,0,0,0,0,0.0,0,0,0,0,0,0,0,0,0,0,0,0,0,0,0,0,0,0,0,0,0,0,0,0,0,0,0,0,0,0,0,0,0,26,51,50,76,65476,0,300,0,0,8,21553,0.0,-107605600.0,0.0,0.0,0.0,0.0,0.0,0.0,0.0,0.0,0.0,0.0,0.0,0.0,0.0,0.0,0.0,0.0,0.0,0.0,0.0,0.0,0.0,-0.0,0.0,2.004,0.0,0.0,0.0,0.0,4759.0,-0.0,7317.0,-0.0,2.718431101732002e+23,-107615360.0,0.0,0.0,0.0,0.0,0.0,77,4.950429371599289e+32,89220.484,0.0,0.0,0.0,0.0,0.0,0.0,0.0,0,0,0,0.0,0.0,0.0,0.0,0.0,0.0,0.0,0.0,0.0,0.0,0.0,0.0,0.0,0.0,0.0,0.0,0,-107875648.0,77,0.0,154,0.0,-0.0,ERR,ERR,ERR,ERR,ERR,ERR,ERR,ERR,ERR,ERR,ERR,ERR,ERR,ERR,ERR,ERR,ERR,ERR,ERR,ERR,ERR,ERR,ERR,ERR,ERR,ERR,ERR,ERR,ERR,ERR,ERR,ERR,ERR,ERR,ERR,ERR,ERR,ERR,ERR,ERR,ERR,ERR,ERR,ERR,ERR,ERR,ERR,ERR,ERR,ERR,ERR,ERR,ERR,ERR,ERR,ERR,ERR,ERR,ERR,ERR,ERR,ERR,ERR,ERR,ERR,ERR,ERR,34.0,80.0,35,0.0,0.0,0.0,0.0,0.0,0.0,0.0,0.0,0.0,0.0,0.0,0.0,0.0,0.0,0.0,0.0,66.0,0,120,58,54,65476,0,300,0,0,8,20529,65476,0,0,57672,80.0,0.0,0.0,0.0,0.0,0.0
2026-06-18T02:21:51,ERR,ERR,ERR,ERR,ERR,ERR,ERR,ERR,ERR,ERR,ERR,ERR,ERR,ERR,ERR,ERR,ERR,ERR,ERR,ERR,ERR,ERR,ERR,ERR,ERR,ERR,ERR,ERR,ERR,ERR,ERR,ERR,ERR,ERR,ERR,ERR,ERR,ERR,ERR,ERR,ERR,ERR,ERR,ERR,ERR,ERR,ERR,ERR,ERR,ERR,ERR,ERR,ERR,ERR,ERR,ERR,ERR,ERR,ERR,ERR,ERR,ERR,ERR,ERR,ERR,ERR,ERR,ERR,ERR,ERR,ERR,ERR,ERR,ERR,ERR,ERR,ERR,ERR,ERR,ERR,ERR,ERR,ERR,ERR,ERR,ERR,ERR,ERR,ERR,ERR,ERR,ERR,ERR,ERR,ERR,ERR,ERR,ERR,ERR,ERR,ERR,ERR,ERR,ERR,ERR,ERR,ERR,ERR,ERR,ERR,ERR,ERR,ERR,ERR,ERR,ERR,ERR,ERR,ERR,ERR,ERR,ERR,ERR,ERR,ERR,-0.0,2.718431101732002e+23,-0.0,-0.0,0.0,1.3936040501711995e+18,7.805,2.3822341049942016e+16,0,0,4,48933,6720,14723890282496.0,100,0.0,0.0,0.0,-0.0,0.0,0,0,0,0,0.0,0,0,0,0,0,0,0,0,0,0,0,0,0,0,0,0,0,0,0,0,0,0,0,0,0,0,0,0,0,0,0,0,0,26,51,50,76,65476,0,300,0,0,8,21553,0.0,-107605600.0,0.0,0.0,0.0,0.0,0.0,0.0,0.0,0.0,0.0,0.0,0.0,0.0,0.0,0.0,0.0,0.0,0.0,0.0,0.0,0.0,0.0,-0.0,0.0,2.004,0.0,0.0,0.0,0.0,4759.0,-0.0,7317.0,-0.0,2.718431101732002e+23,-107615360.0,0.0,0.0,0.0,0.0,0.0,77,4.950429371599289e+32,89220.484,0.0,0.0,0.0,0.0,0.0,0.0,0.0,0,0,0,0.0,0.0,0.0,0.0,0.0,0.0,0.0,0.0,0.0,0.0,0.0,0.0,0.0,0.0,0.0,0.0,0,-107875648.0,77,0.0,154,0.0,-0.0,ERR,ERR,ERR,ERR,ERR,ERR,ERR,ERR,ERR,ERR,ERR,ERR,ERR,ERR,ERR,ERR,ERR,ERR,ERR,ERR,ERR,ERR,ERR,ERR,ERR,ERR,ERR,ERR,ERR,ERR,ERR,ERR,ERR,ERR,ERR,ERR,ERR,ERR,ERR,ERR,ERR,ERR,ERR,ERR,ERR,ERR,ERR,ERR,ERR,ERR,ERR,ERR,ERR,ERR,ERR,ERR,ERR,ERR,ERR,ERR,ERR,ERR,ERR,ERR,ERR,ERR,ERR,34.0,80.0,35,0.0,0.0,0.0,0.0,0.0,0.0,0.0,0.0,0.0,0.0,0.0,0.0,0.0,0.0,0.0,0.0,66.0,0,120,58,54,65476,0,300,0,0,8,20529,65476,0,0,57672,80.0,0.0,0.0,0.0,0.0,0.0
2026-06-18T02:21:52,ERR,ERR,ERR,ERR,ERR,ERR,ERR,ERR,ERR,ERR,ERR,ERR,ERR,ERR,ERR,ERR,ERR,ERR,ERR,ERR,ERR,ERR,ERR,ERR,ERR,ERR,ERR,ERR,ERR,ERR,ERR,ERR,ERR,ERR,ERR,ERR,ERR,ERR,ERR,ERR,ERR,ERR,ERR,ERR,ERR,ERR,ERR,ERR,ERR,ERR,ERR,ERR,ERR,ERR,ERR,ERR,ERR,ERR,ERR,ERR,ERR,ERR,ERR,ERR,ERR,ERR,ERR,ERR,ERR,ERR,ERR,ERR,ERR,ERR,ERR,ERR,ERR,ERR,ERR,ERR,ERR,ERR,ERR,ERR,ERR,ERR,ERR,ERR,ERR,ERR,ERR,ERR,ERR,ERR,ERR,ERR,ERR,ERR,ERR,ERR,ERR,ERR,ERR,ERR,ERR,ERR,ERR,ERR,ERR,ERR,ERR,ERR,ERR,ERR,ERR,ERR,ERR,ERR,ERR,ERR,ERR,ERR,ERR,ERR,ERR,-0.0,2.718431101732002e+23,-0.0,-0.0,0.0,1.3936040501711995e+18,7.805,2.3822341049942016e+16,0,0,4,48933,6720,14723890282496.0,100,0.0,0.0,0.0,-0.0,0.0,0,0,0,0,0.0,0,0,0,0,0,0,0,0,0,0,0,0,0,0,0,0,0,0,0,0,0,0,0,0,0,0,0,0,0,0,0,0,0,26,51,50,76,65476,0,300,0,0,8,21553,0.0,-107605600.0,0.0,0.0,0.0,0.0,0.0,0.0,0.0,0.0,0.0,0.0,0.0,0.0,0.0,0.0,0.0,0.0,0.0,0.0,0.0,0.0,0.0,-0.0,0.0,2.004,0.0,0.0,0.0,0.0,4759.0,-0.0,7317.0,-0.0,2.718431101732002e+23,-107615360.0,0.0,0.0,0.0,0.0,0.0,77,4.950429371599289e+32,89220.484,0.0,0.0,0.0,0.0,0.0,0.0,0.0,0,0,0,0.0,0.0,0.0,0.0,0.0,0.0,0.0,0.0,0.0,0.0,0.0,0.0,0.0,0.0,0.0,0.0,0,-107875648.0,77,0.0,154,0.0,-0.0,ERR,ERR,ERR,ERR,ERR,ERR,ERR,ERR,ERR,ERR,ERR,ERR,ERR,ERR,ERR,ERR,ERR,ERR,ERR,ERR,ERR,ERR,ERR,ERR,ERR,ERR,ERR,ERR,ERR,ERR,ERR,ERR,ERR,ERR,ERR,ERR,ERR,ERR,ERR,ERR,ERR,ERR,ERR,ERR,ERR,ERR,ERR,ERR,ERR,ERR,ERR,ERR,ERR,ERR,ERR,ERR,ERR,ERR,ERR,ERR,ERR,ERR,ERR,ERR,ERR,ERR,ERR,34.0,80.0,35,0.0,0.0,0.0,0.0,0.0,0.0,0.0,0.0,0.0,0.0,0.0,0.0,0.0,0.0,0.0,0.0,66.0,0,120,58,54,65476,0,300,0,0,8,20529,65476,0,0,57672,80.0,0.0,0.0,0.0,0.0,0.0
2026-06-18T02:21:53,ERR,ERR,ERR,ERR,ERR,ERR,ERR,ERR,ERR,ERR,ERR,ERR,ERR,ERR,ERR,ERR,ERR,ERR,ERR,ERR,ERR,ERR,ERR,ERR,ERR,ERR,ERR,ERR,ERR,ERR,ERR,ERR,ERR,ERR,ERR,ERR,ERR,ERR,ERR,ERR,ERR,ERR,ERR,ERR,ERR,ERR,ERR,ERR,ERR,ERR,ERR,ERR,ERR,ERR,ERR,ERR,ERR,ERR,ERR,ERR,ERR,ERR,ERR,ERR,ERR,ERR,ERR,ERR,ERR,ERR,ERR,ERR,ERR,ERR,ERR,ERR,ERR,ERR,ERR,ERR,ERR,ERR,ERR,ERR,ERR,ERR,ERR,ERR,ERR,ERR,ERR,ERR,ERR,ERR,ERR,ERR,ERR,ERR,ERR,ERR,ERR,ERR,ERR,ERR,ERR,ERR,ERR,ERR,ERR,ERR,ERR,ERR,ERR,ERR,ERR,ERR,ERR,ERR,ERR,ERR,ERR,ERR,ERR,ERR,ERR,-0.0,2.718431101732002e+23,-0.0,-0.0,0.0,1.3936040501711995e+18,7.805,2.3822341049942016e+16,0,0,4,48933,6720,14723890282496.0,100,0.0,0.0,0.0,-0.0,0.0,0,0,0,0,0.0,0,0,0,0,0,0,0,0,0,0,0,0,0,0,0,0,0,0,0,0,0,0,0,0,0,0,0,0,0,0,0,0,0,26,51,50,76,65476,0,300,0,0,8,21553,0.0,-107605600.0,0.0,0.0,0.0,0.0,0.0,0.0,0.0,0.0,0.0,0.0,0.0,0.0,0.0,0.0,0.0,0.0,0.0,0.0,0.0,0.0,0.0,-0.0,0.0,2.004,0.0,0.0,0.0,0.0,4759.0,-0.0,7317.0,-0.0,2.718431101732002e+23,-107615360.0,0.0,0.0,0.0,0.0,0.0,77,4.950429371599289e+32,89220.484,0.0,0.0,0.0,0.0,0.0,0.0,0.0,0,0,0,0.0,0.0,0.0,0.0,0.0,0.0,0.0,0.0,0.0,0.0,0.0,0.0,0.0,0.0,0.0,0.0,0,-107875648.0,77,0.0,154,0.0,-0.0,ERR,ERR,ERR,ERR,ERR,ERR,ERR,ERR,ERR,ERR,ERR,ERR,ERR,ERR,ERR,ERR,ERR,ERR,ERR,ERR,ERR,ERR,ERR,ERR,ERR,ERR,ERR,ERR,ERR,ERR,ERR,ERR,ERR,ERR,ERR,ERR,ERR,ERR,ERR,ERR,ERR,ERR,ERR,ERR,ERR,ERR,ERR,ERR,ERR,ERR,ERR,ERR,ERR,ERR,ERR,ERR,ERR,ERR,ERR,ERR,ERR,ERR,ERR,ERR,ERR,ERR,ERR,34.0,80.0,35,0.0,0.0,0.0,0.0,0.0,0.0,0.0,0.0,0.0,0.0,0.0,0.0,0.0,0.0,0.0,0.0,66.0,0,120,58,54,65476,0,300,0,0,8,20529,65476,0,0,57672,80.0,0.0,0.0,0.0,0.0,0.0
2026-06-18T02:21:54,ERR,ERR,ERR,ERR,ERR,ERR,ERR,ERR,ERR,ERR,ERR,ERR,ERR,ERR,ERR,ERR,ERR,ERR,ERR,ERR,ERR,ERR,ERR,ERR,ERR,ERR,ERR,ERR,ERR,ERR,ERR,ERR,ERR,ERR,ERR,ERR,ERR,ERR,ERR,ERR,ERR,ERR,ERR,ERR,ERR,ERR,ERR,ERR,ERR,ERR,ERR,ERR,ERR,ERR,ERR,ERR,ERR,ERR,ERR,ERR,ERR,ERR,ERR,ERR,ERR,ERR,ERR,ERR,ERR,ERR,ERR,ERR,ERR,ERR,ERR,ERR,ERR,ERR,ERR,ERR,ERR,ERR,ERR,ERR,ERR,ERR,ERR,ERR,ERR,ERR,ERR,ERR,ERR,ERR,ERR,ERR,ERR,ERR,ERR,ERR,ERR,ERR,ERR,ERR,ERR,ERR,ERR,ERR,ERR,ERR,ERR,ERR,ERR,ERR,ERR,ERR,ERR,ERR,ERR,ERR,ERR,ERR,ERR,ERR,ERR,-0.0,2.718431101732002e+23,-0.0,0.0,0.0,1.3936040501711995e+18,7.805,237259152.0,0,0,4,48924,6720,14723890282496.0,100,0.0,0.0,0.0,-107609184.0,0.0,0,0,0,0,0.0,0,0,0,0,0,0,0,0,0,0,0,0,0,0,0,0,0,0,0,0,0,0,0,0,0,0,0,0,0,0,0,0,0,26,51,50,76,65476,0,300,0,0,8,21553,0.0,-107605600.0,0.0,0.0,0.0,0.0,0.0,0.0,0.0,0.0,0.0,0.0,0.0,0.0,0.0,0.0,0.0,0.0,0.0,0.0,0.0,0.0,0.0,-0.0,0.0,2.004,0.0,0.0,0.0,0.0,4762.0,-0.0,7319.0,-0.0,2.718431101732002e+23,-107615360.0,0.0,0.0,0.0,0.0,0.0,77,-0.0,1.9056842047802573e+17,0.0,0.0,0.0,0.0,0.0,0.0,0.0,0,0,0,0.0,0.0,0.0,0.0,0.0,0.0,0.0,0.0,0.0,0.0,0.0,0.0,0.0,0.0,0.0,0.0,0,-107875648.0,77,0.0,154,0.0,-0.0,ERR,ERR,ERR,ERR,ERR,ERR,ERR,ERR,ERR,ERR,ERR,ERR,ERR,ERR,ERR,ERR,ERR,ERR,ERR,ERR,ERR,ERR,ERR,ERR,ERR,ERR,ERR,ERR,ERR,ERR,ERR,ERR,ERR,ERR,ERR,ERR,ERR,ERR,ERR,ERR,ERR,ERR,ERR,ERR,ERR,ERR,ERR,ERR,ERR,ERR,ERR,ERR,ERR,ERR,ERR,ERR,ERR,ERR,ERR,ERR,ERR,ERR,ERR,ERR,ERR,ERR,ERR,34.0,80.0,35,0.0,0.0,0.0,0.0,0.0,0.0,0.0,0.0,0.0,0.0,0.0,0.0,0.0,0.0,0.0,0.0,66.4,0,120,58,54,65476,0,300,0,0,8,20529,65476,0,0,57672,80.0,0.0,0.0,0.0,0.0,0.0
2026-06-18T02:21:55,ERR,ERR,ERR,ERR,ERR,ERR,ERR,ERR,ERR,ERR,ERR,ERR,ERR,ERR,ERR,ERR,ERR,ERR,ERR,ERR,ERR,ERR,ERR,ERR,ERR,ERR,ERR,ERR,ERR,ERR,ERR,ERR,ERR,ERR,ERR,ERR,ERR,ERR,ERR,ERR,ERR,ERR,ERR,ERR,ERR,ERR,ERR,ERR,ERR,ERR,ERR,ERR,ERR,ERR,ERR,ERR,ERR,ERR,ERR,ERR,ERR,ERR,ERR,ERR,ERR,ERR,ERR,ERR,ERR,ERR,ERR,ERR,ERR,ERR,ERR,ERR,ERR,ERR,ERR,ERR,ERR,ERR,ERR,ERR,ERR,ERR,ERR,ERR,ERR,ERR,ERR,ERR,ERR,ERR,ERR,ERR,ERR,ERR,ERR,ERR,ERR,ERR,ERR,ERR,ERR,ERR,ERR,ERR,ERR,ERR,ERR,ERR,ERR,ERR,ERR,ERR,ERR,ERR,ERR,ERR,ERR,ERR,ERR,ERR,ERR,-0.0,2.718431101732002e+23,-0.0,0.0,0.0,1.3936040501711995e+18,7.805,237259152.0,0,0,4,48924,6720,14723890282496.0,100,0.0,0.0,0.0,-107609184.0,0.0,0,0,0,0,0.0,0,0,0,0,0,0,0,0,0,0,0,0,0,0,0,0,0,0,0,0,0,0,0,0,0,0,0,0,0,0,0,0,0,26,51,50,76,65476,0,300,0,0,8,21553,0.0,-107605600.0,0.0,0.0,0.0,0.0,0.0,0.0,0.0,0.0,0.0,0.0,0.0,0.0,0.0,0.0,0.0,0.0,0.0,0.0,0.0,0.0,0.0,-0.0,0.0,2.004,0.0,0.0,0.0,0.0,4762.0,-0.0,7319.0,-0.0,2.718431101732002e+23,-107615360.0,0.0,0.0,0.0,0.0,0.0,77,-0.0,1.9056842047802573e+17,0.0,0.0,0.0,0.0,0.0,0.0,0.0,0,0,0,0.0,0.0,0.0,0.0,0.0,0.0,0.0,0.0,0.0,0.0,0.0,0.0,0.0,0.0,0.0,0.0,0,-107875648.0,77,0.0,154,0.0,-0.0,ERR,ERR,ERR,ERR,ERR,ERR,ERR,ERR,ERR,ERR,ERR,ERR,ERR,ERR,ERR,ERR,ERR,ERR,ERR,ERR,ERR,ERR,ERR,ERR,ERR,ERR,ERR,ERR,ERR,ERR,ERR,ERR,ERR,ERR,ERR,ERR,ERR,ERR,ERR,ERR,ERR,ERR,ERR,ERR,ERR,ERR,ERR,ERR,ERR,ERR,ERR,ERR,ERR,ERR,ERR,ERR,ERR,ERR,ERR,ERR,ERR,ERR,ERR,ERR,ERR,ERR,ERR,34.0,80.0,35,0.0,0.0,0.0,0.0,0.0,0.0,0.0,0.0,0.0,0.0,0.0,0.0,0.0,0.0,0.0,0.0,66.4,0,120,58,54,65476,0,300,0,0,8,20529,65476,0,0,57672,80.0,0.0,0.0,0.0,0.0,0.0
2026-06-18T02:21:56,ERR,ERR,ERR,ERR,ERR,ERR,ERR,ERR,ERR,ERR,ERR,ERR,ERR,ERR,ERR,ERR,ERR,ERR,ERR,ERR,ERR,ERR,ERR,ERR,ERR,ERR,ERR,ERR,ERR,ERR,ERR,ERR,ERR,ERR,ERR,ERR,ERR,ERR,ERR,ERR,ERR,ERR,ERR,ERR,ERR,ERR,ERR,ERR,ERR,ERR,ERR,ERR,ERR,ERR,ERR,ERR,ERR,ERR,ERR,ERR,ERR,ERR,ERR,ERR,ERR,ERR,ERR,ERR,ERR,ERR,ERR,ERR,ERR,ERR,ERR,ERR,ERR,ERR,ERR,ERR,ERR,ERR,ERR,ERR,ERR,ERR,ERR,ERR,ERR,ERR,ERR,ERR,ERR,ERR,ERR,ERR,ERR,ERR,ERR,ERR,ERR,ERR,ERR,ERR,ERR,ERR,ERR,ERR,ERR,ERR,ERR,ERR,ERR,ERR,ERR,ERR,ERR,ERR,ERR,ERR,ERR,ERR,ERR,ERR,ERR,-0.0,2.718431101732002e+23,-0.0,0.0,0.0,1.3936040501711995e+18,7.805,237259152.0,0,0,4,48924,6720,14723890282496.0,100,0.0,0.0,0.0,-107609184.0,0.0,0,0,0,0,0.0,0,0,0,0,0,0,0,0,0,0,0,0,0,0,0,0,0,0,0,0,0,0,0,0,0,0,0,0,0,0,0,0,0,26,51,50,76,65476,0,300,0,0,8,21553,0.0,-107605600.0,0.0,0.0,0.0,0.0,0.0,0.0,0.0,0.0,0.0,0.0,0.0,0.0,0.0,0.0,0.0,0.0,0.0,0.0,0.0,0.0,0.0,-0.0,0.0,2.004,0.0,0.0,0.0,0.0,4762.0,-0.0,7319.0,-0.0,2.718431101732002e+23,-107615360.0,0.0,0.0,0.0,0.0,0.0,77,-0.0,1.9056842047802573e+17,0.0,0.0,0.0,0.0,0.0,0.0,0.0,0,0,0,0.0,0.0,0.0,0.0,0.0,0.0,0.0,0.0,0.0,0.0,0.0,0.0,0.0,0.0,0.0,0.0,0,-107875648.0,77,0.0,154,0.0,-0.0,ERR,ERR,ERR,ERR,ERR,ERR,ERR,ERR,ERR,ERR,ERR,ERR,ERR,ERR,ERR,ERR,ERR,ERR,ERR,ERR,ERR,ERR,ERR,ERR,ERR,ERR,ERR,ERR,ERR,ERR,ERR,ERR,ERR,ERR,ERR,ERR,ERR,ERR,ERR,ERR,ERR,ERR,ERR,ERR,ERR,ERR,ERR,ERR,ERR,ERR,ERR,ERR,ERR,ERR,ERR,ERR,ERR,ERR,ERR,ERR,ERR,ERR,ERR,ERR,ERR,ERR,ERR,34.0,80.0,35,0.0,0.0,0.0,0.0,0.0,0.0,0.0,0.0,0.0,0.0,0.0,0.0,0.0,0.0,0.0,0.0,66.0,0,120,58,54,65476,0,300,0,0,8,20529,65476,0,0,57672,80.0,0.0,0.0,0.0,0.0,0.0
2026-06-18T02:21:57,ERR,ERR,ERR,ERR,ERR,ERR,ERR,ERR,ERR,ERR,ERR,ERR,ERR,ERR,ERR,ERR,ERR,ERR,ERR,ERR,ERR,ERR,ERR,ERR,ERR,ERR,ERR,ERR,ERR,ERR,ERR,ERR,ERR,ERR,ERR,ERR,ERR,ERR,ERR,ERR,ERR,ERR,ERR,ERR,ERR,ERR,ERR,ERR,ERR,ERR,ERR,ERR,ERR,ERR,ERR,ERR,ERR,ERR,ERR,ERR,ERR,ERR,ERR,ERR,ERR,ERR,ERR,ERR,ERR,ERR,ERR,ERR,ERR,ERR,ERR,ERR,ERR,ERR,ERR,ERR,ERR,ERR,ERR,ERR,ERR,ERR,ERR,ERR,ERR,ERR,ERR,ERR,ERR,ERR,ERR,ERR,ERR,ERR,ERR,ERR,ERR,ERR,ERR,ERR,ERR,ERR,ERR,ERR,ERR,ERR,ERR,ERR,ERR,ERR,ERR,ERR,ERR,ERR,ERR,ERR,ERR,ERR,ERR,ERR,ERR,-0.0,2.718431101732002e+23,-0.0,0.0,0.0,1.3936040501711995e+18,7.805,237259152.0,0,0,4,48924,6720,14723890282496.0,100,0.0,0.0,0.0,-107609184.0,0.0,0,0,0,0,0.0,0,0,0,0,0,0,0,0,0,0,0,0,0,0,0,0,0,0,0,0,0,0,0,0,0,0,0,0,0,0,0,0,0,26,51,50,76,65476,0,300,0,0,8,21553,0.0,-107605600.0,0.0,0.0,0.0,0.0,0.0,0.0,0.0,0.0,0.0,0.0,0.0,0.0,0.0,0.0,0.0,0.0,0.0,0.0,0.0,0.0,0.0,-0.0,0.0,2.004,0.0,0.0,0.0,0.0,4762.0,-0.0,7319.0,-0.0,2.718431101732002e+23,-107615360.0,0.0,0.0,0.0,0.0,0.0,77,-0.0,1.9056842047802573e+17,0.0,0.0,0.0,0.0,0.0,0.0,0.0,0,0,0,0.0,0.0,0.0,0.0,0.0,0.0,0.0,0.0,0.0,0.0,0.0,0.0,0.0,0.0,0.0,0.0,0,-107875648.0,77,0.0,154,0.0,-0.0,ERR,ERR,ERR,ERR,ERR,ERR,ERR,ERR,ERR,ERR,ERR,ERR,ERR,ERR,ERR,ERR,ERR,ERR,ERR,ERR,ERR,ERR,ERR,ERR,ERR,ERR,ERR,ERR,ERR,ERR,ERR,ERR,ERR,ERR,ERR,ERR,ERR,ERR,ERR,ERR,ERR,ERR,ERR,ERR,ERR,ERR,ERR,ERR,ERR,ERR,ERR,ERR,ERR,ERR,ERR,ERR,ERR,ERR,ERR,ERR,ERR,ERR,ERR,ERR,ERR,ERR,ERR,34.0,80.0,35,0.0,0.0,0.0,0.0,0.0,0.0,0.0,0.0,0.0,0.0,0.0,0.0,0.0,0.0,0.0,0.0,66.0,0,120,58,54,65476,0,300,0,0,8,20529,65476,0,0,57672,80.0,0.0,0.0,0.0,0.0,0.0
2026-06-18T02:21:58,ERR,ERR,ERR,ERR,ERR,ERR,ERR,ERR,ERR,ERR,ERR,ERR,ERR,ERR,ERR,ERR,ERR,ERR,ERR,ERR,ERR,ERR,ERR,ERR,ERR,ERR,ERR,ERR,ERR,ERR,ERR,ERR,ERR,ERR,ERR,ERR,ERR,ERR,ERR,ERR,ERR,ERR,ERR,ERR,ERR,ERR,ERR,ERR,ERR,ERR,ERR,ERR,ERR,ERR,ERR,ERR,ERR,ERR,ERR,ERR,ERR,ERR,ERR,ERR,ERR,ERR,ERR,ERR,ERR,ERR,ERR,ERR,ERR,ERR,ERR,ERR,ERR,ERR,ERR,ERR,ERR,ERR,ERR,ERR,ERR,ERR,ERR,ERR,ERR,ERR,ERR,ERR,ERR,ERR,ERR,ERR,ERR,ERR,ERR,ERR,ERR,ERR,ERR,ERR,ERR,ERR,ERR,ERR,ERR,ERR,ERR,ERR,ERR,ERR,ERR,ERR,ERR,ERR,ERR,ERR,ERR,ERR,ERR,ERR,ERR,-0.0,2.718431101732002e+23,-0.0,0.0,0.0,1.3936040501711995e+18,7.805,237259152.0,0,0,4,48924,6720,14723890282496.0,100,0.0,0.0,0.0,-107609184.0,0.0,0,0,0,0,0.0,0,0,0,0,0,0,0,0,0,0,0,0,0,0,0,0,0,0,0,0,0,0,0,0,0,0,0,0,0,0,0,0,0,26,51,50,76,65476,0,300,0,0,8,21553,0.0,-107605600.0,0.0,0.0,0.0,0.0,0.0,0.0,0.0,0.0,0.0,0.0,0.0,0.0,0.0,0.0,0.0,0.0,0.0,0.0,0.0,0.0,0.0,-0.0,0.0,2.004,0.0,0.0,0.0,0.0,4762.0,-0.0,7319.0,-0.0,2.718431101732002e+23,-107615360.0,0.0,0.0,0.0,0.0,0.0,77,-0.0,1.9056842047802573e+17,0.0,0.0,0.0,0.0,0.0,0.0,0.0,0,0,0,0.0,0.0,0.0,0.0,0.0,0.0,0.0,0.0,0.0,0.0,0.0,0.0,0.0,0.0,0.0,0.0,0,-107875648.0,77,0.0,154,0.0,-0.0,ERR,ERR,ERR,ERR,ERR,ERR,ERR,ERR,ERR,ERR,ERR,ERR,ERR,ERR,ERR,ERR,ERR,ERR,ERR,ERR,ERR,ERR,ERR,ERR,ERR,ERR,ERR,ERR,ERR,ERR,ERR,ERR,ERR,ERR,ERR,ERR,ERR,ERR,ERR,ERR,ERR,ERR,ERR,ERR,ERR,ERR,ERR,ERR,ERR,ERR,ERR,ERR,ERR,ERR,ERR,ERR,ERR,ERR,ERR,ERR,ERR,ERR,ERR,ERR,ERR,ERR,ERR,34.0,80.0,35,0.0,0.0,0.0,0.0,0.0,0.0,0.0,0.0,0.0,0.0,0.0,0.0,0.0,0.0,0.0,0.0,66.4,0,120,58,54,65476,0,300,0,0,8,20529,65476,0,0,57672,80.0,0.0,0.0,0.0,0.0,0.0
2026-06-18T02:21:59,ERR,ERR,ERR,ERR,ERR,ERR,ERR,ERR,ERR,ERR,ERR,ERR,ERR,ERR,ERR,ERR,ERR,ERR,ERR,ERR,ERR,ERR,ERR,ERR,ERR,ERR,ERR,ERR,ERR,ERR,ERR,ERR,ERR,ERR,ERR,ERR,ERR,ERR,ERR,ERR,ERR,ERR,ERR,ERR,ERR,ERR,ERR,ERR,ERR,ERR,ERR,ERR,ERR,ERR,ERR,ERR,ERR,ERR,ERR,ERR,ERR,ERR,ERR,ERR,ERR,ERR,ERR,ERR,ERR,ERR,ERR,ERR,ERR,ERR,ERR,ERR,ERR,ERR,ERR,ERR,ERR,ERR,ERR,ERR,ERR,ERR,ERR,ERR,ERR,ERR,ERR,ERR,ERR,ERR,ERR,ERR,ERR,ERR,ERR,ERR,ERR,ERR,ERR,ERR,ERR,ERR,ERR,ERR,ERR,ERR,ERR,ERR,ERR,ERR,ERR,ERR,ERR,ERR,ERR,ERR,ERR,ERR,ERR,ERR,ERR,-0.0,2.718431101732002e+23,-0.0,0.0,0.0,1.3936040501711995e+18,7.805,237259152.0,0,0,4,48924,6720,14723890282496.0,100,0.0,0.0,0.0,-107609184.0,0.0,0,0,0,0,0.0,0,0,0,0,0,0,0,0,0,0,0,0,0,0,0,0,0,0,0,0,0,0,0,0,0,0,0,0,0,0,0,0,0,26,51,50,76,65476,0,300,0,0,8,21553,0.0,-107605600.0,0.0,0.0,0.0,0.0,0.0,0.0,0.0,0.0,0.0,0.0,0.0,0.0,0.0,0.0,0.0,0.0,0.0,0.0,0.0,0.0,0.0,-0.0,0.0,2.004,0.0,0.0,0.0,0.0,4762.0,-0.0,7319.0,-0.0,2.718431101732002e+23,-107615360.0,0.0,0.0,0.0,0.0,0.0,77,-0.0,1.9056842047802573e+17,0.0,0.0,0.0,0.0,0.0,0.0,0.0,0,0,0,0.0,0.0,0.0,0.0,0.0,0.0,0.0,0.0,0.0,0.0,0.0,0.0,0.0,0.0,0.0,0.0,0,-107875648.0,77,0.0,154,0.0,-0.0,ERR,ERR,ERR,ERR,ERR,ERR,ERR,ERR,ERR,ERR,ERR,ERR,ERR,ERR,ERR,ERR,ERR,ERR,ERR,ERR,ERR,ERR,ERR,ERR,ERR,ERR,ERR,ERR,ERR,ERR,ERR,ERR,ERR,ERR,ERR,ERR,ERR,ERR,ERR,ERR,ERR,ERR,ERR,ERR,ERR,ERR,ERR,ERR,ERR,ERR,ERR,ERR,ERR,ERR,ERR,ERR,ERR,ERR,ERR,ERR,ERR,ERR,ERR,ERR,ERR,ERR,ERR,34.0,80.0,35,0.0,0.0,0.0,0.0,0.0,0.0,0.0,0.0,0.0,0.0,0.0,0.0,0.0,0.0,0.0,0.0,66.4,0,120,58,54,65476,0,300,0,0,8,20529,65476,0,0,57672,80.0,0.0,0.0,0.0,0.0,0.0
2026-06-18T02:22:00,ERR,ERR,ERR,ERR,ERR,ERR,ERR,ERR,ERR,ERR,ERR,ERR,ERR,ERR,ERR,ERR,ERR,ERR,ERR,ERR,ERR,ERR,ERR,ERR,ERR,ERR,ERR,ERR,ERR,ERR,ERR,ERR,ERR,ERR,ERR,ERR,ERR,ERR,ERR,ERR,ERR,ERR,ERR,ERR,ERR,ERR,ERR,ERR,ERR,ERR,ERR,ERR,ERR,ERR,ERR,ERR,ERR,ERR,ERR,ERR,ERR,ERR,ERR,ERR,ERR,ERR,ERR,ERR,ERR,ERR,ERR,ERR,ERR,ERR,ERR,ERR,ERR,ERR,ERR,ERR,ERR,ERR,ERR,ERR,ERR,ERR,ERR,ERR,ERR,ERR,ERR,ERR,ERR,ERR,ERR,ERR,ERR,ERR,ERR,ERR,ERR,ERR,ERR,ERR,ERR,ERR,ERR,ERR,ERR,ERR,ERR,ERR,ERR,ERR,ERR,ERR,ERR,ERR,ERR,ERR,ERR,ERR,ERR,ERR,ERR,-0.0,2.718431101732002e+23,-0.0,-4.9501291711397626e+32,-0.0,1.3936040501711995e+18,7.805,-0.0,0,0,4,48927,6720,14723890282496.0,100,0.0,0.0,0.0,-4.9501291711397626e+32,0.0,0,0,0,0,0.0,0,0,0,0,0,0,0,0,0,0,0,0,0,0,0,0,0,0,0,0,0,0,0,0,0,0,0,0,0,0,0,0,0,26,51,50,76,65476,0,300,0,0,8,21553,0.0,-107605600.0,0.0,0.0,0.0,0.0,0.0,0.0,0.0,0.0,0.0,0.0,0.0,0.0,0.0,0.0,0.0,0.0,0.0,0.0,0.0,0.0,0.0,-0.0,0.0,2.004,0.0,0.0,0.0,0.0,4763.0,-0.0,7316.0,-0.0,2.718431101732002e+23,-107615360.0,0.0,0.0,0.0,0.0,0.0,77,-0.0,0.059,0.0,0.0,0.0,0.0,0.0,0.0,0.0,0,0,0,0.0,0.0,0.0,0.0,0.0,0.0,0.0,0.0,0.0,0.0,0.0,0.0,0.0,0.0,0.0,0.0,0,-107875648.0,77,0.0,154,0.0,-0.0,ERR,ERR,ERR,ERR,ERR,ERR,ERR,ERR,ERR,ERR,ERR,ERR,ERR,ERR,ERR,ERR,ERR,ERR,ERR,ERR,ERR,ERR,ERR,ERR,ERR,ERR,ERR,ERR,ERR,ERR,ERR,ERR,ERR,ERR,ERR,ERR,ERR,ERR,ERR,ERR,ERR,ERR,ERR,ERR,ERR,ERR,ERR,ERR,ERR,ERR,ERR,ERR,ERR,ERR,ERR,ERR,ERR,ERR,ERR,ERR,ERR,ERR,ERR,ERR,ERR,ERR,ERR,34.0,80.0,35,0.0,0.0,0.0,0.0,0.0,0.0,0.0,0.0,0.0,0.0,0.0,0.0,0.0,0.0,0.0,0.0,66.0,0,120,58,54,65476,0,300,0,0,8,20529,65476,0,0,57672,80.0,0.0,0.0,0.0,0.0,0.0
2026-06-18T02:22:01,ERR,ERR,ERR,ERR,ERR,ERR,ERR,ERR,ERR,ERR,ERR,ERR,ERR,ERR,ERR,ERR,ERR,ERR,ERR,ERR,ERR,ERR,ERR,ERR,ERR,ERR,ERR,ERR,ERR,ERR,ERR,ERR,ERR,ERR,ERR,ERR,ERR,ERR,ERR,ERR,ERR,ERR,ERR,ERR,ERR,ERR,ERR,ERR,ERR,ERR,ERR,ERR,ERR,ERR,ERR,ERR,ERR,ERR,ERR,ERR,ERR,ERR,ERR,ERR,ERR,ERR,ERR,ERR,ERR,ERR,ERR,ERR,ERR,ERR,ERR,ERR,ERR,ERR,ERR,ERR,ERR,ERR,ERR,ERR,ERR,ERR,ERR,ERR,ERR,ERR,ERR,ERR,ERR,ERR,ERR,ERR,ERR,ERR,ERR,ERR,ERR,ERR,ERR,ERR,ERR,ERR,ERR,ERR,ERR,ERR,ERR,ERR,ERR,ERR,ERR,ERR,ERR,ERR,ERR,ERR,ERR,ERR,ERR,ERR,ERR,-0.0,2.718431101732002e+23,-0.0,-4.9501291711397626e+32,-0.0,1.3936040501711995e+18,7.805,-0.0,0,0,4,48927,6720,14723890282496.0,100,0.0,0.0,0.0,-4.9501291711397626e+32,0.0,0,0,0,0,0.0,0,0,0,0,0,0,0,0,0,0,0,0,0,0,0,0,0,0,0,0,0,0,0,0,0,0,0,0,0,0,0,0,0,26,51,50,76,65476,0,300,0,0,8,21553,0.0,-107605600.0,0.0,0.0,0.0,0.0,0.0,0.0,0.0,0.0,0.0,0.0,0.0,0.0,0.0,0.0,0.0,0.0,0.0,0.0,0.0,0.0,0.0,-0.0,0.0,2.004,0.0,0.0,0.0,0.0,4763.0,-0.0,7316.0,-0.0,2.718431101732002e+23,-107615360.0,0.0,0.0,0.0,0.0,0.0,77,-0.0,0.059,0.0,0.0,0.0,0.0,0.0,0.0,0.0,0,0,0,0.0,0.0,0.0,0.0,0.0,0.0,0.0,0.0,0.0,0.0,0.0,0.0,0.0,0.0,0.0,0.0,0,-107875648.0,77,0.0,154,0.0,-0.0,ERR,ERR,ERR,ERR,ERR,ERR,ERR,ERR,ERR,ERR,ERR,ERR,ERR,ERR,ERR,ERR,ERR,ERR,ERR,ERR,ERR,ERR,ERR,ERR,ERR,ERR,ERR,ERR,ERR,ERR,ERR,ERR,ERR,ERR,ERR,ERR,ERR,ERR,ERR,ERR,ERR,ERR,ERR,ERR,ERR,ERR,ERR,ERR,ERR,ERR,ERR,ERR,ERR,ERR,ERR,ERR,ERR,ERR,ERR,ERR,ERR,ERR,ERR,ERR,ERR,ERR,ERR,34.0,80.0,35,0.0,0.0,0.0,0.0,0.0,0.0,0.0,0.0,0.0,0.0,0.0,0.0,0.0,0.0,0.0,0.0,66.0,0,120,58,54,65476,0,300,0,0,8,20529,65476,0,0,57672,80.0,0.0,0.0,0.0,0.0,0.0
2026-06-18T02:22:02,ERR,ERR,ERR,ERR,ERR,ERR,ERR,ERR,ERR,ERR,ERR,ERR,ERR,ERR,ERR,ERR,ERR,ERR,ERR,ERR,ERR,ERR,ERR,ERR,ERR,ERR,ERR,ERR,ERR,ERR,ERR,ERR,ERR,ERR,ERR,ERR,ERR,ERR,ERR,ERR,ERR,ERR,ERR,ERR,ERR,ERR,ERR,ERR,ERR,ERR,ERR,ERR,ERR,ERR,ERR,ERR,ERR,ERR,ERR,ERR,ERR,ERR,ERR,ERR,ERR,ERR,ERR,ERR,ERR,ERR,ERR,ERR,ERR,ERR,ERR,ERR,ERR,ERR,ERR,ERR,ERR,ERR,ERR,ERR,ERR,ERR,ERR,ERR,ERR,ERR,ERR,ERR,ERR,ERR,ERR,ERR,ERR,ERR,ERR,ERR,ERR,ERR,ERR,ERR,ERR,ERR,ERR,ERR,ERR,ERR,ERR,ERR,ERR,ERR,ERR,ERR,ERR,ERR,ERR,ERR,ERR,ERR,ERR,ERR,ERR,-0.0,2.718431101732002e+23,-0.0,-4.9501291711397626e+32,-0.0,1.3936040501711995e+18,7.805,-0.0,0,0,4,48927,6720,14723890282496.0,100,0.0,0.0,0.0,-4.9501291711397626e+32,0.0,0,0,0,0,0.0,0,0,0,0,0,0,0,0,0,0,0,0,0,0,0,0,0,0,0,0,0,0,0,0,0,0,0,0,0,0,0,0,0,26,51,50,76,65476,0,300,0,0,8,21553,0.0,-107605600.0,0.0,0.0,0.0,0.0,0.0,0.0,0.0,0.0,0.0,0.0,0.0,0.0,0.0,0.0,0.0,0.0,0.0,0.0,0.0,0.0,0.0,-0.0,0.0,2.004,0.0,0.0,0.0,0.0,4763.0,-0.0,7316.0,-0.0,2.718431101732002e+23,-107615360.0,0.0,0.0,0.0,0.0,0.0,77,-0.0,0.059,0.0,0.0,0.0,0.0,0.0,0.0,0.0,0,0,0,0.0,0.0,0.0,0.0,0.0,0.0,0.0,0.0,0.0,0.0,0.0,0.0,0.0,0.0,0.0,0.0,0,-107875648.0,77,0.0,154,0.0,-0.0,ERR,ERR,ERR,ERR,ERR,ERR,ERR,ERR,ERR,ERR,ERR,ERR,ERR,ERR,ERR,ERR,ERR,ERR,ERR,ERR,ERR,ERR,ERR,ERR,ERR,ERR,ERR,ERR,ERR,ERR,ERR,ERR,ERR,ERR,ERR,ERR,ERR,ERR,ERR,ERR,ERR,ERR,ERR,ERR,ERR,ERR,ERR,ERR,ERR,ERR,ERR,ERR,ERR,ERR,ERR,ERR,ERR,ERR,ERR,ERR,ERR,ERR,ERR,ERR,ERR,ERR,ERR,34.0,80.0,35,0.0,0.0,0.0,0.0,0.0,0.0,0.0,0.0,0.0,0.0,0.0,0.0,0.0,0.0,0.0,0.0,66.0,0,120,58,54,65476,0,300,0,0,8,20529,65476,0,0,57672,80.0,0.0,0.0,0.0,0.0,0.0
2026-06-18T02:22:03,ERR,ERR,ERR,ERR,ERR,ERR,ERR,ERR,ERR,ERR,ERR,ERR,ERR,ERR,ERR,ERR,ERR,ERR,ERR,ERR,ERR,ERR,ERR,ERR,ERR,ERR,ERR,ERR,ERR,ERR,ERR,ERR,ERR,ERR,ERR,ERR,ERR,ERR,ERR,ERR,ERR,ERR,ERR,ERR,ERR,ERR,ERR,ERR,ERR,ERR,ERR,ERR,ERR,ERR,ERR,ERR,ERR,ERR,ERR,ERR,ERR,ERR,ERR,ERR,ERR,ERR,ERR,ERR,ERR,ERR,ERR,ERR,ERR,ERR,ERR,ERR,ERR,ERR,ERR,ERR,ERR,ERR,ERR,ERR,ERR,ERR,ERR,ERR,ERR,ERR,ERR,ERR,ERR,ERR,ERR,ERR,ERR,ERR,ERR,ERR,ERR,ERR,ERR,ERR,ERR,ERR,ERR,ERR,ERR,ERR,ERR,ERR,ERR,ERR,ERR,ERR,ERR,ERR,ERR,ERR,ERR,ERR,ERR,ERR,ERR,-0.0,2.718431101732002e+23,-0.0,-4.9501291711397626e+32,-0.0,1.3936040501711995e+18,7.805,-0.0,0,0,4,48927,6720,14723890282496.0,100,0.0,0.0,0.0,-4.9501291711397626e+32,0.0,0,0,0,0,0.0,0,0,0,0,0,0,0,0,0,0,0,0,0,0,0,0,0,0,0,0,0,0,0,0,0,0,0,0,0,0,0,0,0,26,51,50,76,65476,0,300,0,0,8,21553,0.0,-107605600.0,0.0,0.0,0.0,0.0,0.0,0.0,0.0,0.0,0.0,0.0,0.0,0.0,0.0,0.0,0.0,0.0,0.0,0.0,0.0,0.0,0.0,-0.0,0.0,2.004,0.0,0.0,0.0,0.0,4763.0,-0.0,7316.0,-0.0,2.718431101732002e+23,-107615360.0,0.0,0.0,0.0,0.0,0.0,77,-0.0,0.059,0.0,0.0,0.0,0.0,0.0,0.0,0.0,0,0,0,0.0,0.0,0.0,0.0,0.0,0.0,0.0,0.0,0.0,0.0,0.0,0.0,0.0,0.0,0.0,0.0,0,-107875648.0,77,0.0,154,0.0,-0.0,ERR,ERR,ERR,ERR,ERR,ERR,ERR,ERR,ERR,ERR,ERR,ERR,ERR,ERR,ERR,ERR,ERR,ERR,ERR,ERR,ERR,ERR,ERR,ERR,ERR,ERR,ERR,ERR,ERR,ERR,ERR,ERR,ERR,ERR,ERR,ERR,ERR,ERR,ERR,ERR,ERR,ERR,ERR,ERR,ERR,ERR,ERR,ERR,ERR,ERR,ERR,ERR,ERR,ERR,ERR,ERR,ERR,ERR,ERR,ERR,ERR,ERR,ERR,ERR,ERR,ERR,ERR,34.0,80.0,35,0.0,0.0,0.0,0.0,0.0,0.0,0.0,0.0,0.0,0.0,0.0,0.0,0.0,0.0,0.0,0.0,66.0,0,120,58,54,65476,0,300,0,0,8,20529,65476,0,0,57672,80.0,0.0,0.0,0.0,0.0,0.0
2026-06-18T02:22:04,ERR,ERR,ERR,ERR,ERR,ERR,ERR,ERR,ERR,ERR,ERR,ERR,ERR,ERR,ERR,ERR,ERR,ERR,ERR,ERR,ERR,ERR,ERR,ERR,ERR,ERR,ERR,ERR,ERR,ERR,ERR,ERR,ERR,ERR,ERR,ERR,ERR,ERR,ERR,ERR,ERR,ERR,ERR,ERR,ERR,ERR,ERR,ERR,ERR,ERR,ERR,ERR,ERR,ERR,ERR,ERR,ERR,ERR,ERR,ERR,ERR,ERR,ERR,ERR,ERR,ERR,ERR,ERR,ERR,ERR,ERR,ERR,ERR,ERR,ERR,ERR,ERR,ERR,ERR,ERR,ERR,ERR,ERR,ERR,ERR,ERR,ERR,ERR,ERR,ERR,ERR,ERR,ERR,ERR,ERR,ERR,ERR,ERR,ERR,ERR,ERR,ERR,ERR,ERR,ERR,ERR,ERR,ERR,ERR,ERR,ERR,ERR,ERR,ERR,ERR,ERR,ERR,ERR,ERR,ERR,ERR,ERR,ERR,ERR,ERR,-0.0,2.718431101732002e+23,-0.0,-4.9501291711397626e+32,-0.0,1.3936040501711995e+18,7.805,-0.0,0,0,4,48927,6720,14723890282496.0,100,0.0,0.0,0.0,-4.9501291711397626e+32,0.0,0,0,0,0,0.0,0,0,0,0,0,0,0,0,0,0,0,0,0,0,0,0,0,0,0,0,0,0,0,0,0,0,0,0,0,0,0,0,0,26,51,50,76,65476,0,300,0,0,8,21553,0.0,-107605600.0,0.0,0.0,0.0,0.0,0.0,0.0,0.0,0.0,0.0,0.0,0.0,0.0,0.0,0.0,0.0,0.0,0.0,0.0,0.0,0.0,0.0,-0.0,0.0,2.004,0.0,0.0,0.0,0.0,4763.0,-0.0,7316.0,-0.0,2.718431101732002e+23,-107615360.0,0.0,0.0,0.0,0.0,0.0,77,-0.0,0.059,0.0,0.0,0.0,0.0,0.0,0.0,0.0,0,0,0,0.0,0.0,0.0,0.0,0.0,0.0,0.0,0.0,0.0,0.0,0.0,0.0,0.0,0.0,0.0,0.0,0,-107875648.0,77,0.0,154,0.0,-0.0,ERR,ERR,ERR,ERR,ERR,ERR,ERR,ERR,ERR,ERR,ERR,ERR,ERR,ERR,ERR,ERR,ERR,ERR,ERR,ERR,ERR,ERR,ERR,ERR,ERR,ERR,ERR,ERR,ERR,ERR,ERR,ERR,ERR,ERR,ERR,ERR,ERR,ERR,ERR,ERR,ERR,ERR,ERR,ERR,ERR,ERR,ERR,ERR,ERR,ERR,ERR,ERR,ERR,ERR,ERR,ERR,ERR,ERR,ERR,ERR,ERR,ERR,ERR,ERR,ERR,ERR,ERR,34.0,80.0,35,0.0,0.0,0.0,0.0,0.0,0.0,0.0,0.0,0.0,0.0,0.0,0.0,0.0,0.0,0.0,0.0,66.0,0,120,58,54,65476,0,300,0,0,8,20529,65476,0,0,57672,80.0,0.0,0.0,0.0,0.0,0.0
2026-06-18T02:22:05,ERR,ERR,ERR,ERR,ERR,ERR,ERR,ERR,ERR,ERR,ERR,ERR,ERR,ERR,ERR,ERR,ERR,ERR,ERR,ERR,ERR,ERR,ERR,ERR,ERR,ERR,ERR,ERR,ERR,ERR,ERR,ERR,ERR,ERR,ERR,ERR,ERR,ERR,ERR,ERR,ERR,ERR,ERR,ERR,ERR,ERR,ERR,ERR,ERR,ERR,ERR,ERR,ERR,ERR,ERR,ERR,ERR,ERR,ERR,ERR,ERR,ERR,ERR,ERR,ERR,ERR,ERR,ERR,ERR,ERR,ERR,ERR,ERR,ERR,ERR,ERR,ERR,ERR,ERR,ERR,ERR,ERR,ERR,ERR,ERR,ERR,ERR,ERR,ERR,ERR,ERR,ERR,ERR,ERR,ERR,ERR,ERR,ERR,ERR,ERR,ERR,ERR,ERR,ERR,ERR,ERR,ERR,ERR,ERR,ERR,ERR,ERR,ERR,ERR,ERR,ERR,ERR,ERR,ERR,ERR,ERR,ERR,ERR,ERR,ERR,-0.0,2.718431101732002e+23,-0.0,-4.9501291711397626e+32,-0.0,1.3936040501711995e+18,7.805,-0.0,0,0,4,48930,6720,14723890282496.0,100,0.0,0.0,0.0,-4.9501291711397626e+32,0.0,0,0,0,0,0.0,0,0,0,0,0,0,0,0,0,0,0,0,0,0,0,0,0,0,0,0,0,0,0,0,0,0,0,0,0,0,0,0,0,26,51,50,76,65476,0,300,0,0,8,21553,0.0,-107605600.0,0.0,0.0,0.0,0.0,0.0,0.0,0.0,0.0,0.0,0.0,0.0,0.0,0.0,0.0,0.0,0.0,0.0,0.0,0.0,0.0,0.0,-0.0,0.0,2.004,0.0,0.0,0.0,0.0,4763.0,-0.0,7315.0,-0.0,2.718431101732002e+23,-107615360.0,0.0,0.0,0.0,0.0,0.0,77,-0.0,0.0,0.0,0.0,0.0,0.0,0.0,0.0,0.0,0,0,0,0.0,0.0,0.0,0.0,0.0,0.0,0.0,0.0,0.0,0.0,0.0,0.0,0.0,0.0,0.0,0.0,0,-107875648.0,77,0.0,154,0.0,-0.0,ERR,ERR,ERR,ERR,ERR,ERR,ERR,ERR,ERR,ERR,ERR,ERR,ERR,ERR,ERR,ERR,ERR,ERR,ERR,ERR,ERR,ERR,ERR,ERR,ERR,ERR,ERR,ERR,ERR,ERR,ERR,ERR,ERR,ERR,ERR,ERR,ERR,ERR,ERR,ERR,ERR,ERR,ERR,ERR,ERR,ERR,ERR,ERR,ERR,ERR,ERR,ERR,ERR,ERR,ERR,ERR,ERR,ERR,ERR,ERR,ERR,ERR,ERR,ERR,ERR,ERR,ERR,34.0,80.0,35,0.0,0.0,0.0,0.0,0.0,0.0,0.0,0.0,0.0,0.0,0.0,0.0,0.0,0.0,0.0,0.0,66.0,0,120,58,54,65476,0,300,0,0,8,20529,65476,0,0,57672,80.0,0.0,0.0,0.0,0.0,0.0
2026-06-18T02:22:06,ERR,ERR,ERR,ERR,ERR,ERR,ERR,ERR,ERR,ERR,ERR,ERR,ERR,ERR,ERR,ERR,ERR,ERR,ERR,ERR,ERR,ERR,ERR,ERR,ERR,ERR,ERR,ERR,ERR,ERR,ERR,ERR,ERR,ERR,ERR,ERR,ERR,ERR,ERR,ERR,ERR,ERR,ERR,ERR,ERR,ERR,ERR,ERR,ERR,ERR,ERR,ERR,ERR,ERR,ERR,ERR,ERR,ERR,ERR,ERR,ERR,ERR,ERR,ERR,ERR,ERR,ERR,ERR,ERR,ERR,ERR,ERR,ERR,ERR,ERR,ERR,ERR,ERR,ERR,ERR,ERR,ERR,ERR,ERR,ERR,ERR,ERR,ERR,ERR,ERR,ERR,ERR,ERR,ERR,ERR,ERR,ERR,ERR,ERR,ERR,ERR,ERR,ERR,ERR,ERR,ERR,ERR,ERR,ERR,ERR,ERR,ERR,ERR,ERR,ERR,ERR,ERR,ERR,ERR,ERR,ERR,ERR,ERR,ERR,ERR,-0.0,2.718431101732002e+23,-0.0,-4.9501291711397626e+32,-0.0,1.3936040501711995e+18,7.805,-0.0,0,0,4,48930,6720,14723890282496.0,100,0.0,0.0,0.0,-4.9501291711397626e+32,0.0,0,0,0,0,0.0,0,0,0,0,0,0,0,0,0,0,0,0,0,0,0,0,0,0,0,0,0,0,0,0,0,0,0,0,0,0,0,0,0,26,51,50,76,65476,0,300,0,0,8,21553,0.0,-107605600.0,0.0,0.0,0.0,0.0,0.0,0.0,0.0,0.0,0.0,0.0,0.0,0.0,0.0,0.0,0.0,0.0,0.0,0.0,0.0,0.0,0.0,-0.0,0.0,2.004,0.0,0.0,0.0,0.0,4763.0,-0.0,7315.0,-0.0,2.718431101732002e+23,-107615360.0,0.0,0.0,0.0,0.0,0.0,77,-0.0,0.0,0.0,0.0,0.0,0.0,0.0,0.0,0.0,0,0,0,0.0,0.0,0.0,0.0,0.0,0.0,0.0,0.0,0.0,0.0,0.0,0.0,0.0,0.0,0.0,0.0,0,-107875648.0,77,0.0,154,0.0,-0.0,ERR,ERR,ERR,ERR,ERR,ERR,ERR,ERR,ERR,ERR,ERR,ERR,ERR,ERR,ERR,ERR,ERR,ERR,ERR,ERR,ERR,ERR,ERR,ERR,ERR,ERR,ERR,ERR,ERR,ERR,ERR,ERR,ERR,ERR,ERR,ERR,ERR,ERR,ERR,ERR,ERR,ERR,ERR,ERR,ERR,ERR,ERR,ERR,ERR,ERR,ERR,ERR,ERR,ERR,ERR,ERR,ERR,ERR,ERR,ERR,ERR,ERR,ERR,ERR,ERR,ERR,ERR,34.0,80.0,35,0.0,0.0,0.0,0.0,0.0,0.0,0.0,0.0,0.0,0.0,0.0,0.0,0.0,0.0,0.0,0.0,66.0,0,120,58,54,65476,0,300,0,0,8,20529,65476,0,0,57672,80.0,0.0,0.0,0.0,0.0,0.0
2026-06-18T02:22:07,ERR,ERR,ERR,ERR,ERR,ERR,ERR,ERR,ERR,ERR,ERR,ERR,ERR,ERR,ERR,ERR,ERR,ERR,ERR,ERR,ERR,ERR,ERR,ERR,ERR,ERR,ERR,ERR,ERR,ERR,ERR,ERR,ERR,ERR,ERR,ERR,ERR,ERR,ERR,ERR,ERR,ERR,ERR,ERR,ERR,ERR,ERR,ERR,ERR,ERR,ERR,ERR,ERR,ERR,ERR,ERR,ERR,ERR,ERR,ERR,ERR,ERR,ERR,ERR,ERR,ERR,ERR,ERR,ERR,ERR,ERR,ERR,ERR,ERR,ERR,ERR,ERR,ERR,ERR,ERR,ERR,ERR,ERR,ERR,ERR,ERR,ERR,ERR,ERR,ERR,ERR,ERR,ERR,ERR,ERR,ERR,ERR,ERR,ERR,ERR,ERR,ERR,ERR,ERR,ERR,ERR,ERR,ERR,ERR,ERR,ERR,ERR,ERR,ERR,ERR,ERR,ERR,ERR,ERR,ERR,ERR,ERR,ERR,ERR,ERR,-0.0,2.718431101732002e+23,-0.0,-4.9501291711397626e+32,-0.0,1.3936040501711995e+18,7.805,-0.0,0,0,4,48930,6720,14723890282496.0,100,0.0,0.0,0.0,-4.9501291711397626e+32,0.0,0,0,0,0,0.0,0,0,0,0,0,0,0,0,0,0,0,0,0,0,0,0,0,0,0,0,0,0,0,0,0,0,0,0,0,0,0,0,0,26,51,50,76,65476,0,300,0,0,8,21553,0.0,-107605600.0,0.0,0.0,0.0,0.0,0.0,0.0,0.0,0.0,0.0,0.0,0.0,0.0,0.0,0.0,0.0,0.0,0.0,0.0,0.0,0.0,0.0,-0.0,0.0,2.004,0.0,0.0,0.0,0.0,4763.0,-0.0,7315.0,-0.0,2.718431101732002e+23,-107615360.0,0.0,0.0,0.0,0.0,0.0,77,-0.0,0.0,0.0,0.0,0.0,0.0,0.0,0.0,0.0,0,0,0,0.0,0.0,0.0,0.0,0.0,0.0,0.0,0.0,0.0,0.0,0.0,0.0,0.0,0.0,0.0,0.0,0,-107875648.0,77,0.0,154,0.0,-0.0,ERR,ERR,ERR,ERR,ERR,ERR,ERR,ERR,ERR,ERR,ERR,ERR,ERR,ERR,ERR,ERR,ERR,ERR,ERR,ERR,ERR,ERR,ERR,ERR,ERR,ERR,ERR,ERR,ERR,ERR,ERR,ERR,ERR,ERR,ERR,ERR,ERR,ERR,ERR,ERR,ERR,ERR,ERR,ERR,ERR,ERR,ERR,ERR,ERR,ERR,ERR,ERR,ERR,ERR,ERR,ERR,ERR,ERR,ERR,ERR,ERR,ERR,ERR,ERR,ERR,ERR,ERR,34.0,80.0,35,0.0,0.0,0.0,0.0,0.0,0.0,0.0,0.0,0.0,0.0,0.0,0.0,0.0,0.0,0.0,0.0,66.0,0,120,58,54,65476,0,300,0,0,8,20529,65476,0,0,57672,80.0,0.0,0.0,0.0,0.0,0.0
2026-06-18T02:22:08,ERR,ERR,ERR,ERR,ERR,ERR,ERR,ERR,ERR,ERR,ERR,ERR,ERR,ERR,ERR,ERR,ERR,ERR,ERR,ERR,ERR,ERR,ERR,ERR,ERR,ERR,ERR,ERR,ERR,ERR,ERR,ERR,ERR,ERR,ERR,ERR,ERR,ERR,ERR,ERR,ERR,ERR,ERR,ERR,ERR,ERR,ERR,ERR,ERR,ERR,ERR,ERR,ERR,ERR,ERR,ERR,ERR,ERR,ERR,ERR,ERR,ERR,ERR,ERR,ERR,ERR,ERR,ERR,ERR,ERR,ERR,ERR,ERR,ERR,ERR,ERR,ERR,ERR,ERR,ERR,ERR,ERR,ERR,ERR,ERR,ERR,ERR,ERR,ERR,ERR,ERR,ERR,ERR,ERR,ERR,ERR,ERR,ERR,ERR,ERR,ERR,ERR,ERR,ERR,ERR,ERR,ERR,ERR,ERR,ERR,ERR,ERR,ERR,ERR,ERR,ERR,ERR,ERR,ERR,ERR,ERR,ERR,ERR,ERR,ERR,-0.0,2.718431101732002e+23,-0.0,-4.9501291711397626e+32,-0.0,1.3936040501711995e+18,7.805,-0.0,0,0,4,48930,6720,14723890282496.0,100,0.0,0.0,0.0,-4.9501291711397626e+32,0.0,0,0,0,0,0.0,0,0,0,0,0,0,0,0,0,0,0,0,0,0,0,0,0,0,0,0,0,0,0,0,0,0,0,0,0,0,0,0,0,26,51,50,76,65476,0,300,0,0,8,21553,0.0,-107605600.0,0.0,0.0,0.0,0.0,0.0,0.0,0.0,0.0,0.0,0.0,0.0,0.0,0.0,0.0,0.0,0.0,0.0,0.0,0.0,0.0,0.0,-0.0,0.0,2.004,0.0,0.0,0.0,0.0,4763.0,-0.0,7315.0,-0.0,2.718431101732002e+23,-107615360.0,0.0,0.0,0.0,0.0,0.0,77,-0.0,0.0,0.0,0.0,0.0,0.0,0.0,0.0,0.0,0,0,0,0.0,0.0,0.0,0.0,0.0,0.0,0.0,0.0,0.0,0.0,0.0,0.0,0.0,0.0,0.0,0.0,0,-107875648.0,77,0.0,154,0.0,-0.0,ERR,ERR,ERR,ERR,ERR,ERR,ERR,ERR,ERR,ERR,ERR,ERR,ERR,ERR,ERR,ERR,ERR,ERR,ERR,ERR,ERR,ERR,ERR,ERR,ERR,ERR,ERR,ERR,ERR,ERR,ERR,ERR,ERR,ERR,ERR,ERR,ERR,ERR,ERR,ERR,ERR,ERR,ERR,ERR,ERR,ERR,ERR,ERR,ERR,ERR,ERR,ERR,ERR,ERR,ERR,ERR,ERR,ERR,ERR,ERR,ERR,ERR,ERR,ERR,ERR,ERR,ERR,34.0,80.0,35,0.0,0.0,0.0,0.0,0.0,0.0,0.0,0.0,0.0,0.0,0.0,0.0,0.0,0.0,0.0,0.0,66.0,0,120,58,54,65476,0,300,0,0,8,20529,65476,0,0,57672,80.0,0.0,0.0,0.0,0.0,0.0
2026-06-18T02:22:09,ERR,ERR,ERR,ERR,ERR,ERR,ERR,ERR,ERR,ERR,ERR,ERR,ERR,ERR,ERR,ERR,ERR,ERR,ERR,ERR,ERR,ERR,ERR,ERR,ERR,ERR,ERR,ERR,ERR,ERR,ERR,ERR,ERR,ERR,ERR,ERR,ERR,ERR,ERR,ERR,ERR,ERR,ERR,ERR,ERR,ERR,ERR,ERR,ERR,ERR,ERR,ERR,ERR,ERR,ERR,ERR,ERR,ERR,ERR,ERR,ERR,ERR,ERR,ERR,ERR,ERR,ERR,ERR,ERR,ERR,ERR,ERR,ERR,ERR,ERR,ERR,ERR,ERR,ERR,ERR,ERR,ERR,ERR,ERR,ERR,ERR,ERR,ERR,ERR,ERR,ERR,ERR,ERR,ERR,ERR,ERR,ERR,ERR,ERR,ERR,ERR,ERR,ERR,ERR,ERR,ERR,ERR,ERR,ERR,ERR,ERR,ERR,ERR,ERR,ERR,ERR,ERR,ERR,ERR,ERR,ERR,ERR,ERR,ERR,ERR,-0.0,2.718431101732002e+23,-0.0,-4.9501291711397626e+32,-0.0,1.3936040501711995e+18,7.805,-0.0,0,0,4,48930,6720,14723890282496.0,100,0.0,0.0,0.0,-4.9501291711397626e+32,0.0,0,0,0,0,0.0,0,0,0,0,0,0,0,0,0,0,0,0,0,0,0,0,0,0,0,0,0,0,0,0,0,0,0,0,0,0,0,0,0,26,51,50,76,65476,0,300,0,0,8,21553,0.0,-107605600.0,0.0,0.0,0.0,0.0,0.0,0.0,0.0,0.0,0.0,0.0,0.0,0.0,0.0,0.0,0.0,0.0,0.0,0.0,0.0,0.0,0.0,-0.0,0.0,2.004,0.0,0.0,0.0,0.0,4763.0,-0.0,7315.0,-0.0,2.718431101732002e+23,-107615360.0,0.0,0.0,0.0,0.0,0.0,77,-0.0,0.0,0.0,0.0,0.0,0.0,0.0,0.0,0.0,0,0,0,0.0,0.0,0.0,0.0,0.0,0.0,0.0,0.0,0.0,0.0,0.0,0.0,0.0,0.0,0.0,0.0,0,-107875648.0,77,0.0,154,0.0,-0.0,ERR,ERR,ERR,ERR,ERR,ERR,ERR,ERR,ERR,ERR,ERR,ERR,ERR,ERR,ERR,ERR,ERR,ERR,ERR,ERR,ERR,ERR,ERR,ERR,ERR,ERR,ERR,ERR,ERR,ERR,ERR,ERR,ERR,ERR,ERR,ERR,ERR,ERR,ERR,ERR,ERR,ERR,ERR,ERR,ERR,ERR,ERR,ERR,ERR,ERR,ERR,ERR,ERR,ERR,ERR,ERR,ERR,ERR,ERR,ERR,ERR,ERR,ERR,ERR,ERR,ERR,ERR,34.0,80.0,35,0.0,0.0,0.0,0.0,0.0,0.0,0.0,0.0,0.0,0.0,0.0,0.0,0.0,0.0,0.0,0.0,66.0,0,120,58,54,65476,0,300,0,0,8,20529,65476,0,0,57672,80.0,0.0,0.0,0.0,0.0,0.0
2026-06-18T02:22:10,ERR,ERR,ERR,ERR,ERR,ERR,ERR,ERR,ERR,ERR,ERR,ERR,ERR,ERR,ERR,ERR,ERR,ERR,ERR,ERR,ERR,ERR,ERR,ERR,ERR,ERR,ERR,ERR,ERR,ERR,ERR,ERR,ERR,ERR,ERR,ERR,ERR,ERR,ERR,ERR,ERR,ERR,ERR,ERR,ERR,ERR,ERR,ERR,ERR,ERR,ERR,ERR,ERR,ERR,ERR,ERR,ERR,ERR,ERR,ERR,ERR,ERR,ERR,ERR,ERR,ERR,ERR,ERR,ERR,ERR,ERR,ERR,ERR,ERR,ERR,ERR,ERR,ERR,ERR,ERR,ERR,ERR,ERR,ERR,ERR,ERR,ERR,ERR,ERR,ERR,ERR,ERR,ERR,ERR,ERR,ERR,ERR,ERR,ERR,ERR,ERR,ERR,ERR,ERR,ERR,ERR,ERR,ERR,ERR,ERR,ERR,ERR,ERR,ERR,ERR,ERR,ERR,ERR,ERR,ERR,ERR,ERR,ERR,ERR,ERR,-0.0,2.718431101732002e+23,-0.0,-0.0,0.0,1.3936040501711995e+18,7.805,2.395,0,0,4,48933,6720,14723890282496.0,100,0.0,0.0,0.0,-0.0,0.0,0,0,0,0,0.0,0,0,0,0,0,0,0,0,0,0,0,0,0,0,0,0,0,0,0,0,0,0,0,0,0,0,0,0,0,0,0,0,0,26,51,50,76,65476,0,300,0,0,8,21553,0.0,-107605600.0,0.0,0.0,0.0,0.0,0.0,0.0,0.0,0.0,0.0,0.0,0.0,0.0,0.0,0.0,0.0,0.0,0.0,0.0,0.0,0.0,0.0,-0.0,0.0,2.004,0.0,0.0,0.0,0.0,4763.0,-0.0,7282.0,-0.0,2.718431101732002e+23,-107615360.0,0.0,0.0,0.0,0.0,0.0,77,-0.0,0.0,0.0,0.0,0.0,0.0,0.0,0.0,0.0,0,0,0,0.0,0.0,0.0,0.0,0.0,0.0,0.0,0.0,0.0,0.0,0.0,0.0,0.0,0.0,0.0,0.0,0,-107875648.0,77,0.0,154,0.0,-0.0,ERR,ERR,ERR,ERR,ERR,ERR,ERR,ERR,ERR,ERR,ERR,ERR,ERR,ERR,ERR,ERR,ERR,ERR,ERR,ERR,ERR,ERR,ERR,ERR,ERR,ERR,ERR,ERR,ERR,ERR,ERR,ERR,ERR,ERR,ERR,ERR,ERR,ERR,ERR,ERR,ERR,ERR,ERR,ERR,ERR,ERR,ERR,ERR,ERR,ERR,ERR,ERR,ERR,ERR,ERR,ERR,ERR,ERR,ERR,ERR,ERR,ERR,ERR,ERR,ERR,ERR,ERR,34.0,80.0,35,0.0,0.0,0.0,0.0,0.0,0.0,0.0,0.0,0.0,0.0,0.0,0.0,0.0,0.0,0.0,0.0,66.0,0,120,58,54,65476,0,300,0,0,8,20529,65476,0,0,57672,80.0,0.0,0.0,0.0,0.0,0.0
2026-06-18T02:22:11,ERR,ERR,ERR,ERR,ERR,ERR,ERR,ERR,ERR,ERR,ERR,ERR,ERR,ERR,ERR,ERR,ERR,ERR,ERR,ERR,ERR,ERR,ERR,ERR,ERR,ERR,ERR,ERR,ERR,ERR,ERR,ERR,ERR,ERR,ERR,ERR,ERR,ERR,ERR,ERR,ERR,ERR,ERR,ERR,ERR,ERR,ERR,ERR,ERR,ERR,ERR,ERR,ERR,ERR,ERR,ERR,ERR,ERR,ERR,ERR,ERR,ERR,ERR,ERR,ERR,ERR,ERR,ERR,ERR,ERR,ERR,ERR,ERR,ERR,ERR,ERR,ERR,ERR,ERR,ERR,ERR,ERR,ERR,ERR,ERR,ERR,ERR,ERR,ERR,ERR,ERR,ERR,ERR,ERR,ERR,ERR,ERR,ERR,ERR,ERR,ERR,ERR,ERR,ERR,ERR,ERR,ERR,ERR,ERR,ERR,ERR,ERR,ERR,ERR,ERR,ERR,ERR,ERR,ERR,ERR,ERR,ERR,ERR,ERR,ERR,-0.0,2.718431101732002e+23,-0.0,-0.0,0.0,1.3936040501711995e+18,7.805,2.395,0,0,4,48933,6720,14723890282496.0,100,0.0,0.0,0.0,-0.0,0.0,0,0,0,0,0.0,0,0,0,0,0,0,0,0,0,0,0,0,0,0,0,0,0,0,0,0,0,0,0,0,0,0,0,0,0,0,0,0,0,26,51,50,76,65476,0,300,0,0,8,21553,0.0,-107605600.0,0.0,0.0,0.0,0.0,0.0,0.0,0.0,0.0,0.0,0.0,0.0,0.0,0.0,0.0,0.0,0.0,0.0,0.0,0.0,0.0,0.0,-0.0,0.0,2.004,0.0,0.0,0.0,0.0,4763.0,-0.0,7282.0,-0.0,2.718431101732002e+23,-107615360.0,0.0,0.0,0.0,0.0,0.0,77,-0.0,0.0,0.0,0.0,0.0,0.0,0.0,0.0,0.0,0,0,0,0.0,0.0,0.0,0.0,0.0,0.0,0.0,0.0,0.0,0.0,0.0,0.0,0.0,0.0,0.0,0.0,0,-107875648.0,77,0.0,154,0.0,-0.0,ERR,ERR,ERR,ERR,ERR,ERR,ERR,ERR,ERR,ERR,ERR,ERR,ERR,ERR,ERR,ERR,ERR,ERR,ERR,ERR,ERR,ERR,ERR,ERR,ERR,ERR,ERR,ERR,ERR,ERR,ERR,ERR,ERR,ERR,ERR,ERR,ERR,ERR,ERR,ERR,ERR,ERR,ERR,ERR,ERR,ERR,ERR,ERR,ERR,ERR,ERR,ERR,ERR,ERR,ERR,ERR,ERR,ERR,ERR,ERR,ERR,ERR,ERR,ERR,ERR,ERR,ERR,34.0,80.0,35,0.0,0.0,0.0,0.0,0.0,0.0,0.0,0.0,0.0,0.0,0.0,0.0,0.0,0.0,0.0,0.0,66.0,0,120,58,54,65476,0,300,0,0,8,20529,65476,0,0,57672,80.0,0.0,0.0,0.0,0.0,0.0
2026-06-18T02:22:12,ERR,ERR,ERR,ERR,ERR,ERR,ERR,ERR,ERR,ERR,ERR,ERR,ERR,ERR,ERR,ERR,ERR,ERR,ERR,ERR,ERR,ERR,ERR,ERR,ERR,ERR,ERR,ERR,ERR,ERR,ERR,ERR,ERR,ERR,ERR,ERR,ERR,ERR,ERR,ERR,ERR,ERR,ERR,ERR,ERR,ERR,ERR,ERR,ERR,ERR,ERR,ERR,ERR,ERR,ERR,ERR,ERR,ERR,ERR,ERR,ERR,ERR,ERR,ERR,ERR,ERR,ERR,ERR,ERR,ERR,ERR,ERR,ERR,ERR,ERR,ERR,ERR,ERR,ERR,ERR,ERR,ERR,ERR,ERR,ERR,ERR,ERR,ERR,ERR,ERR,ERR,ERR,ERR,ERR,ERR,ERR,ERR,ERR,ERR,ERR,ERR,ERR,ERR,ERR,ERR,ERR,ERR,ERR,ERR,ERR,ERR,ERR,ERR,ERR,ERR,ERR,ERR,ERR,ERR,ERR,ERR,ERR,ERR,ERR,ERR,-0.0,2.718431101732002e+23,-0.0,-0.0,0.0,1.3936040501711995e+18,7.805,2.395,0,0,4,48933,6720,14723890282496.0,100,0.0,0.0,0.0,-0.0,0.0,0,0,0,0,0.0,0,0,0,0,0,0,0,0,0,0,0,0,0,0,0,0,0,0,0,0,0,0,0,0,0,0,0,0,0,0,0,0,0,26,51,50,76,65476,0,300,0,0,8,21553,0.0,-107605600.0,0.0,0.0,0.0,0.0,0.0,0.0,0.0,0.0,0.0,0.0,0.0,0.0,0.0,0.0,0.0,0.0,0.0,0.0,0.0,0.0,0.0,-0.0,0.0,2.004,0.0,0.0,0.0,0.0,4763.0,-0.0,7282.0,-0.0,2.718431101732002e+23,-107615360.0,0.0,0.0,0.0,0.0,0.0,77,-0.0,0.0,0.0,0.0,0.0,0.0,0.0,0.0,0.0,0,0,0,0.0,0.0,0.0,0.0,0.0,0.0,0.0,0.0,0.0,0.0,0.0,0.0,0.0,0.0,0.0,0.0,0,-107875648.0,77,0.0,154,0.0,-0.0,ERR,ERR,ERR,ERR,ERR,ERR,ERR,ERR,ERR,ERR,ERR,ERR,ERR,ERR,ERR,ERR,ERR,ERR,ERR,ERR,ERR,ERR,ERR,ERR,ERR,ERR,ERR,ERR,ERR,ERR,ERR,ERR,ERR,ERR,ERR,ERR,ERR,ERR,ERR,ERR,ERR,ERR,ERR,ERR,ERR,ERR,ERR,ERR,ERR,ERR,ERR,ERR,ERR,ERR,ERR,ERR,ERR,ERR,ERR,ERR,ERR,ERR,ERR,ERR,ERR,ERR,ERR,34.0,80.0,35,0.0,0.0,0.0,0.0,0.0,0.0,0.0,0.0,0.0,0.0,0.0,0.0,0.0,0.0,0.0,0.0,66.0,0,120,58,54,65476,0,300,0,0,8,20529,65476,0,0,57672,80.0,0.0,0.0,0.0,0.0,0.0
2026-06-18T02:22:13,ERR,ERR,ERR,ERR,ERR,ERR,ERR,ERR,ERR,ERR,ERR,ERR,ERR,ERR,ERR,ERR,ERR,ERR,ERR,ERR,ERR,ERR,ERR,ERR,ERR,ERR,ERR,ERR,ERR,ERR,ERR,ERR,ERR,ERR,ERR,ERR,ERR,ERR,ERR,ERR,ERR,ERR,ERR,ERR,ERR,ERR,ERR,ERR,ERR,ERR,ERR,ERR,ERR,ERR,ERR,ERR,ERR,ERR,ERR,ERR,ERR,ERR,ERR,ERR,ERR,ERR,ERR,ERR,ERR,ERR,ERR,ERR,ERR,ERR,ERR,ERR,ERR,ERR,ERR,ERR,ERR,ERR,ERR,ERR,ERR,ERR,ERR,ERR,ERR,ERR,ERR,ERR,ERR,ERR,ERR,ERR,ERR,ERR,ERR,ERR,ERR,ERR,ERR,ERR,ERR,ERR,ERR,ERR,ERR,ERR,ERR,ERR,ERR,ERR,ERR,ERR,ERR,ERR,ERR,ERR,ERR,ERR,ERR,ERR,ERR,-0.0,2.718431101732002e+23,-0.0,-0.0,0.0,1.3936040501711995e+18,7.805,2.395,0,0,4,48933,6720,14723890282496.0,100,0.0,0.0,0.0,-0.0,0.0,0,0,0,0,0.0,0,0,0,0,0,0,0,0,0,0,0,0,0,0,0,0,0,0,0,0,0,0,0,0,0,0,0,0,0,0,0,0,0,26,51,50,76,65476,0,300,0,0,8,21553,0.0,-107605600.0,0.0,0.0,0.0,0.0,0.0,0.0,0.0,0.0,0.0,0.0,0.0,0.0,0.0,0.0,0.0,0.0,0.0,0.0,0.0,0.0,0.0,-0.0,0.0,2.004,0.0,0.0,0.0,0.0,4763.0,-0.0,7282.0,-0.0,2.718431101732002e+23,-107615360.0,0.0,0.0,0.0,0.0,0.0,77,-0.0,0.0,0.0,0.0,0.0,0.0,0.0,0.0,0.0,0,0,0,0.0,0.0,0.0,0.0,0.0,0.0,0.0,0.0,0.0,0.0,0.0,0.0,0.0,0.0,0.0,0.0,0,-107875648.0,77,0.0,154,0.0,-0.0,ERR,ERR,ERR,ERR,ERR,ERR,ERR,ERR,ERR,ERR,ERR,ERR,ERR,ERR,ERR,ERR,ERR,ERR,ERR,ERR,ERR,ERR,ERR,ERR,ERR,ERR,ERR,ERR,ERR,ERR,ERR,ERR,ERR,ERR,ERR,ERR,ERR,ERR,ERR,ERR,ERR,ERR,ERR,ERR,ERR,ERR,ERR,ERR,ERR,ERR,ERR,ERR,ERR,ERR,ERR,ERR,ERR,ERR,ERR,ERR,ERR,ERR,ERR,ERR,ERR,ERR,ERR,34.0,80.0,35,0.0,0.0,0.0,0.0,0.0,0.0,0.0,0.0,0.0,0.0,0.0,0.0,0.0,0.0,0.0,0.0,66.0,0,120,58,54,65476,0,300,0,0,8,20529,65476,0,0,57672,80.0,0.0,0.0,0.0,0.0,0.0
2026-06-18T02:22:14,ERR,ERR,ERR,ERR,ERR,ERR,ERR,ERR,ERR,ERR,ERR,ERR,ERR,ERR,ERR,ERR,ERR,ERR,ERR,ERR,ERR,ERR,ERR,ERR,ERR,ERR,ERR,ERR,ERR,ERR,ERR,ERR,ERR,ERR,ERR,ERR,ERR,ERR,ERR,ERR,ERR,ERR,ERR,ERR,ERR,ERR,ERR,ERR,ERR,ERR,ERR,ERR,ERR,ERR,ERR,ERR,ERR,ERR,ERR,ERR,ERR,ERR,ERR,ERR,ERR,ERR,ERR,ERR,ERR,ERR,ERR,ERR,ERR,ERR,ERR,ERR,ERR,ERR,ERR,ERR,ERR,ERR,ERR,ERR,ERR,ERR,ERR,ERR,ERR,ERR,ERR,ERR,ERR,ERR,ERR,ERR,ERR,ERR,ERR,ERR,ERR,ERR,ERR,ERR,ERR,ERR,ERR,ERR,ERR,ERR,ERR,ERR,ERR,ERR,ERR,ERR,ERR,ERR,ERR,ERR,ERR,ERR,ERR,ERR,ERR,-0.0,2.718431101732002e+23,-0.0,-0.0,0.0,1.3936040501711995e+18,7.805,2.395,0,0,4,48933,6720,14723890282496.0,100,0.0,0.0,0.0,-0.0,0.0,0,0,0,0,0.0,0,0,0,0,0,0,0,0,0,0,0,0,0,0,0,0,0,0,0,0,0,0,0,0,0,0,0,0,0,0,0,0,0,26,51,50,76,65476,0,300,0,0,8,21553,0.0,-107605600.0,0.0,0.0,0.0,0.0,0.0,0.0,0.0,0.0,0.0,0.0,0.0,0.0,0.0,0.0,0.0,0.0,0.0,0.0,0.0,0.0,0.0,-0.0,0.0,2.004,0.0,0.0,0.0,0.0,4763.0,-0.0,7282.0,-0.0,2.718431101732002e+23,-107615360.0,0.0,0.0,0.0,0.0,0.0,77,-0.0,0.0,0.0,0.0,0.0,0.0,0.0,0.0,0.0,0,0,0,0.0,0.0,0.0,0.0,0.0,0.0,0.0,0.0,0.0,0.0,0.0,0.0,0.0,0.0,0.0,0.0,0,-107875648.0,77,0.0,154,0.0,-0.0,ERR,ERR,ERR,ERR,ERR,ERR,ERR,ERR,ERR,ERR,ERR,ERR,ERR,ERR,ERR,ERR,ERR,ERR,ERR,ERR,ERR,ERR,ERR,ERR,ERR,ERR,ERR,ERR,ERR,ERR,ERR,ERR,ERR,ERR,ERR,ERR,ERR,ERR,ERR,ERR,ERR,ERR,ERR,ERR,ERR,ERR,ERR,ERR,ERR,ERR,ERR,ERR,ERR,ERR,ERR,ERR,ERR,ERR,ERR,ERR,ERR,ERR,ERR,ERR,ERR,ERR,ERR,34.0,80.0,35,0.0,0.0,0.0,0.0,0.0,0.0,0.0,0.0,0.0,0.0,0.0,0.0,0.0,0.0,0.0,0.0,66.0,0,120,58,54,65476,0,300,0,0,8,20529,65476,0,0,57672,80.0,0.0,0.0,0.0,0.0,0.0
2026-06-18T02:22:15,ERR,ERR,ERR,ERR,ERR,ERR,ERR,ERR,ERR,ERR,ERR,ERR,ERR,ERR,ERR,ERR,ERR,ERR,ERR,ERR,ERR,ERR,ERR,ERR,ERR,ERR,ERR,ERR,ERR,ERR,ERR,ERR,ERR,ERR,ERR,ERR,ERR,ERR,ERR,ERR,ERR,ERR,ERR,ERR,ERR,ERR,ERR,ERR,ERR,ERR,ERR,ERR,ERR,ERR,ERR,ERR,ERR,ERR,ERR,ERR,ERR,ERR,ERR,ERR,ERR,ERR,ERR,ERR,ERR,ERR,ERR,ERR,ERR,ERR,ERR,ERR,ERR,ERR,ERR,ERR,ERR,ERR,ERR,ERR,ERR,ERR,ERR,ERR,ERR,ERR,ERR,ERR,ERR,ERR,ERR,ERR,ERR,ERR,ERR,ERR,ERR,ERR,ERR,ERR,ERR,ERR,ERR,ERR,ERR,ERR,ERR,ERR,ERR,ERR,ERR,ERR,ERR,ERR,ERR,ERR,ERR,ERR,ERR,ERR,ERR,-0.0,2.718431101732002e+23,-0.0,-0.0,0.0,1.3936040501711995e+18,7.805,2.395,0,0,4,48933,6720,14723890282496.0,100,0.0,0.0,0.0,-0.0,0.0,0,0,0,0,0.0,0,0,0,0,0,0,0,0,0,0,0,0,0,0,0,0,0,0,0,0,0,0,0,0,0,0,0,0,0,0,0,0,0,26,51,50,76,65476,0,300,0,0,8,21553,0.0,-107605600.0,0.0,0.0,0.0,0.0,0.0,0.0,0.0,0.0,0.0,0.0,0.0,0.0,0.0,0.0,0.0,0.0,0.0,0.0,0.0,0.0,0.0,-0.0,0.0,2.004,0.0,0.0,0.0,0.0,4763.0,-0.0,7282.0,-0.0,2.718431101732002e+23,-107615360.0,0.0,0.0,0.0,0.0,0.0,77,-0.0,0.0,0.0,0.0,0.0,0.0,0.0,0.0,0.0,0,0,0,0.0,0.0,0.0,0.0,0.0,0.0,0.0,0.0,0.0,0.0,0.0,0.0,0.0,0.0,0.0,0.0,0,-107875648.0,77,0.0,154,0.0,-0.0,ERR,ERR,ERR,ERR,ERR,ERR,ERR,ERR,ERR,ERR,ERR,ERR,ERR,ERR,ERR,ERR,ERR,ERR,ERR,ERR,ERR,ERR,ERR,ERR,ERR,ERR,ERR,ERR,ERR,ERR,ERR,ERR,ERR,ERR,ERR,ERR,ERR,ERR,ERR,ERR,ERR,ERR,ERR,ERR,ERR,ERR,ERR,ERR,ERR,ERR,ERR,ERR,ERR,ERR,ERR,ERR,ERR,ERR,ERR,ERR,ERR,ERR,ERR,ERR,ERR,ERR,ERR,34.0,80.0,35,0.0,0.0,0.0,0.0,0.0,0.0,0.0,0.0,0.0,0.0,0.0,0.0,0.0,0.0,0.0,0.0,66.0,0,120,58,54,65476,0,300,0,0,8,20529,65476,0,0,57672,80.0,0.0,0.0,0.0,0.0,0.0
2026-06-18T02:22:16,ERR,ERR,ERR,ERR,ERR,ERR,ERR,ERR,ERR,ERR,ERR,ERR,ERR,ERR,ERR,ERR,ERR,ERR,ERR,ERR,ERR,ERR,ERR,ERR,ERR,ERR,ERR,ERR,ERR,ERR,ERR,ERR,ERR,ERR,ERR,ERR,ERR,ERR,ERR,ERR,ERR,ERR,ERR,ERR,ERR,ERR,ERR,ERR,ERR,ERR,ERR,ERR,ERR,ERR,ERR,ERR,ERR,ERR,ERR,ERR,ERR,ERR,ERR,ERR,ERR,ERR,ERR,ERR,ERR,ERR,ERR,ERR,ERR,ERR,ERR,ERR,ERR,ERR,ERR,ERR,ERR,ERR,ERR,ERR,ERR,ERR,ERR,ERR,ERR,ERR,ERR,ERR,ERR,ERR,ERR,ERR,ERR,ERR,ERR,ERR,ERR,ERR,ERR,ERR,ERR,ERR,ERR,ERR,ERR,ERR,ERR,ERR,ERR,ERR,ERR,ERR,ERR,ERR,ERR,ERR,ERR,ERR,ERR,ERR,ERR,-0.0,2.718431101732002e+23,-0.0,2.718290229135658e+23,-0.0,1.3936040501711995e+18,7.805,-24226.301,0,0,4,48935,6720,14723890282496.0,100,0.0,0.0,0.0,89215.008,0.0,0,0,0,0,0.0,0,0,0,0,0,0,0,0,0,0,0,0,0,0,0,0,0,0,0,0,0,0,0,0,0,0,0,0,0,0,0,0,0,26,51,50,76,65476,0,300,0,0,8,21553,0.0,-107605600.0,0.0,0.0,0.0,0.0,0.0,0.0,0.0,0.0,0.0,0.0,0.0,0.0,0.0,0.0,0.0,0.0,0.0,0.0,0.0,0.0,0.0,-0.0,0.0,2.004,0.0,0.0,0.0,0.0,4759.0,-0.0,7285.0,-0.0,2.718431101732002e+23,-107615360.0,0.0,0.0,0.0,0.0,0.0,77,4.950429371599289e+32,89220.484,0.0,0.0,0.0,0.0,0.0,0.0,0.0,0,0,0,0.0,0.0,0.0,0.0,0.0,0.0,0.0,0.0,0.0,0.0,0.0,0.0,0.0,0.0,0.0,0.0,0,-107875648.0,77,0.0,154,0.0,-0.0,ERR,ERR,ERR,ERR,ERR,ERR,ERR,ERR,ERR,ERR,ERR,ERR,ERR,ERR,ERR,ERR,ERR,ERR,ERR,ERR,ERR,ERR,ERR,ERR,ERR,ERR,ERR,ERR,ERR,ERR,ERR,ERR,ERR,ERR,ERR,ERR,ERR,ERR,ERR,ERR,ERR,ERR,ERR,ERR,ERR,ERR,ERR,ERR,ERR,ERR,ERR,ERR,ERR,ERR,ERR,ERR,ERR,ERR,ERR,ERR,ERR,ERR,ERR,ERR,ERR,ERR,ERR,34.0,80.0,35,0.0,0.0,0.0,0.0,0.0,0.0,0.0,0.0,0.0,0.0,0.0,0.0,0.0,0.0,0.0,0.0,66.0,0,120,58,54,65476,0,300,0,0,8,20529,65476,0,0,57672,80.0,0.0,0.0,0.0,0.0,0.0
2026-06-18T02:22:17,ERR,ERR,ERR,ERR,ERR,ERR,ERR,ERR,ERR,ERR,ERR,ERR,ERR,ERR,ERR,ERR,ERR,ERR,ERR,ERR,ERR,ERR,ERR,ERR,ERR,ERR,ERR,ERR,ERR,ERR,ERR,ERR,ERR,ERR,ERR,ERR,ERR,ERR,ERR,ERR,ERR,ERR,ERR,ERR,ERR,ERR,ERR,ERR,ERR,ERR,ERR,ERR,ERR,ERR,ERR,ERR,ERR,ERR,ERR,ERR,ERR,ERR,ERR,ERR,ERR,ERR,ERR,ERR,ERR,ERR,ERR,ERR,ERR,ERR,ERR,ERR,ERR,ERR,ERR,ERR,ERR,ERR,ERR,ERR,ERR,ERR,ERR,ERR,ERR,ERR,ERR,ERR,ERR,ERR,ERR,ERR,ERR,ERR,ERR,ERR,ERR,ERR,ERR,ERR,ERR,ERR,ERR,ERR,ERR,ERR,ERR,ERR,ERR,ERR,ERR,ERR,ERR,ERR,ERR,ERR,ERR,ERR,ERR,ERR,ERR,-0.0,2.718431101732002e+23,-0.0,2.718290229135658e+23,-0.0,1.3936040501711995e+18,7.805,-24226.301,0,0,4,48935,6720,14723890282496.0,100,0.0,0.0,0.0,89215.008,0.0,0,0,0,0,0.0,0,0,0,0,0,0,0,0,0,0,0,0,0,0,0,0,0,0,0,0,0,0,0,0,0,0,0,0,0,0,0,0,0,26,51,50,76,65476,0,300,0,0,8,21553,0.0,-107605600.0,0.0,0.0,0.0,0.0,0.0,0.0,0.0,0.0,0.0,0.0,0.0,0.0,0.0,0.0,0.0,0.0,0.0,0.0,0.0,0.0,0.0,-0.0,0.0,2.004,0.0,0.0,0.0,0.0,4759.0,-0.0,7285.0,-0.0,2.718431101732002e+23,-107615360.0,0.0,0.0,0.0,0.0,0.0,77,4.950429371599289e+32,89220.484,0.0,0.0,0.0,0.0,0.0,0.0,0.0,0,0,0,0.0,0.0,0.0,0.0,0.0,0.0,0.0,0.0,0.0,0.0,0.0,0.0,0.0,0.0,0.0,0.0,0,-107875648.0,77,0.0,154,0.0,-0.0,ERR,ERR,ERR,ERR,ERR,ERR,ERR,ERR,ERR,ERR,ERR,ERR,ERR,ERR,ERR,ERR,ERR,ERR,ERR,ERR,ERR,ERR,ERR,ERR,ERR,ERR,ERR,ERR,ERR,ERR,ERR,ERR,ERR,ERR,ERR,ERR,ERR,ERR,ERR,ERR,ERR,ERR,ERR,ERR,ERR,ERR,ERR,ERR,ERR,ERR,ERR,ERR,ERR,ERR,ERR,ERR,ERR,ERR,ERR,ERR,ERR,ERR,ERR,ERR,ERR,ERR,ERR,34.0,80.0,35,0.0,0.0,0.0,0.0,0.0,0.0,0.0,0.0,0.0,0.0,0.0,0.0,0.0,0.0,0.0,0.0,66.0,0,120,58,54,65476,0,300,0,0,8,20529,65476,0,0,57672,80.0,0.0,0.0,0.0,0.0,0.0
2026-06-18T02:22:18,ERR,ERR,ERR,ERR,ERR,ERR,ERR,ERR,ERR,ERR,ERR,ERR,ERR,ERR,ERR,ERR,ERR,ERR,ERR,ERR,ERR,ERR,ERR,ERR,ERR,ERR,ERR,ERR,ERR,ERR,ERR,ERR,ERR,ERR,ERR,ERR,ERR,ERR,ERR,ERR,ERR,ERR,ERR,ERR,ERR,ERR,ERR,ERR,ERR,ERR,ERR,ERR,ERR,ERR,ERR,ERR,ERR,ERR,ERR,ERR,ERR,ERR,ERR,ERR,ERR,ERR,ERR,ERR,ERR,ERR,ERR,ERR,ERR,ERR,ERR,ERR,ERR,ERR,ERR,ERR,ERR,ERR,ERR,ERR,ERR,ERR,ERR,ERR,ERR,ERR,ERR,ERR,ERR,ERR,ERR,ERR,ERR,ERR,ERR,ERR,ERR,ERR,ERR,ERR,ERR,ERR,ERR,ERR,ERR,ERR,ERR,ERR,ERR,ERR,ERR,ERR,ERR,ERR,ERR,ERR,ERR,ERR,ERR,ERR,ERR,-0.0,2.718431101732002e+23,-0.0,2.718290229135658e+23,-0.0,1.3936040501711995e+18,7.805,-24226.301,0,0,4,48935,6720,14723890282496.0,100,0.0,0.0,0.0,89215.008,0.0,0,0,0,0,0.0,0,0,0,0,0,0,0,0,0,0,0,0,0,0,0,0,0,0,0,0,0,0,0,0,0,0,0,0,0,0,0,0,0,26,51,50,76,65476,0,300,0,0,8,21553,0.0,-107605600.0,0.0,0.0,0.0,0.0,0.0,0.0,0.0,0.0,0.0,0.0,0.0,0.0,0.0,0.0,0.0,0.0,0.0,0.0,0.0,0.0,0.0,-0.0,0.0,2.004,0.0,0.0,0.0,0.0,4759.0,-0.0,7285.0,-0.0,2.718431101732002e+23,-107615360.0,0.0,0.0,0.0,0.0,0.0,77,4.950429371599289e+32,89220.484,0.0,0.0,0.0,0.0,0.0,0.0,0.0,0,0,0,0.0,0.0,0.0,0.0,0.0,0.0,0.0,0.0,0.0,0.0,0.0,0.0,0.0,0.0,0.0,0.0,0,-107875648.0,77,0.0,154,0.0,-0.0,ERR,ERR,ERR,ERR,ERR,ERR,ERR,ERR,ERR,ERR,ERR,ERR,ERR,ERR,ERR,ERR,ERR,ERR,ERR,ERR,ERR,ERR,ERR,ERR,ERR,ERR,ERR,ERR,ERR,ERR,ERR,ERR,ERR,ERR,ERR,ERR,ERR,ERR,ERR,ERR,ERR,ERR,ERR,ERR,ERR,ERR,ERR,ERR,ERR,ERR,ERR,ERR,ERR,ERR,ERR,ERR,ERR,ERR,ERR,ERR,ERR,ERR,ERR,ERR,ERR,ERR,ERR,34.0,80.0,35,0.0,0.0,0.0,0.0,0.0,0.0,0.0,0.0,0.0,0.0,0.0,0.0,0.0,0.0,0.0,0.0,66.0,0,120,58,54,65476,0,300,0,0,8,20529,65476,0,0,57672,80.0,0.0,0.0,0.0,0.0,0.0
2026-06-18T02:22:19,ERR,ERR,ERR,ERR,ERR,ERR,ERR,ERR,ERR,ERR,ERR,ERR,ERR,ERR,ERR,ERR,ERR,ERR,ERR,ERR,ERR,ERR,ERR,ERR,ERR,ERR,ERR,ERR,ERR,ERR,ERR,ERR,ERR,ERR,ERR,ERR,ERR,ERR,ERR,ERR,ERR,ERR,ERR,ERR,ERR,ERR,ERR,ERR,ERR,ERR,ERR,ERR,ERR,ERR,ERR,ERR,ERR,ERR,ERR,ERR,ERR,ERR,ERR,ERR,ERR,ERR,ERR,ERR,ERR,ERR,ERR,ERR,ERR,ERR,ERR,ERR,ERR,ERR,ERR,ERR,ERR,ERR,ERR,ERR,ERR,ERR,ERR,ERR,ERR,ERR,ERR,ERR,ERR,ERR,ERR,ERR,ERR,ERR,ERR,ERR,ERR,ERR,ERR,ERR,ERR,ERR,ERR,ERR,ERR,ERR,ERR,ERR,ERR,ERR,ERR,ERR,ERR,ERR,ERR,ERR,ERR,ERR,ERR,ERR,ERR,-0.0,2.718431101732002e+23,-0.0,2.718290229135658e+23,-0.0,1.3936040501711995e+18,7.805,-24226.301,0,0,4,48935,6720,14723890282496.0,100,0.0,0.0,0.0,89215.008,0.0,0,0,0,0,0.0,0,0,0,0,0,0,0,0,0,0,0,0,0,0,0,0,0,0,0,0,0,0,0,0,0,0,0,0,0,0,0,0,0,26,51,50,76,65476,0,300,0,0,8,21553,0.0,-107605600.0,0.0,0.0,0.0,0.0,0.0,0.0,0.0,0.0,0.0,0.0,0.0,0.0,0.0,0.0,0.0,0.0,0.0,0.0,0.0,0.0,0.0,-0.0,0.0,2.004,0.0,0.0,0.0,0.0,4759.0,-0.0,7285.0,-0.0,2.718431101732002e+23,-107615360.0,0.0,0.0,0.0,0.0,0.0,77,4.950429371599289e+32,89220.484,0.0,0.0,0.0,0.0,0.0,0.0,0.0,0,0,0,0.0,0.0,0.0,0.0,0.0,0.0,0.0,0.0,0.0,0.0,0.0,0.0,0.0,0.0,0.0,0.0,0,-107875648.0,77,0.0,154,0.0,-0.0,ERR,ERR,ERR,ERR,ERR,ERR,ERR,ERR,ERR,ERR,ERR,ERR,ERR,ERR,ERR,ERR,ERR,ERR,ERR,ERR,ERR,ERR,ERR,ERR,ERR,ERR,ERR,ERR,ERR,ERR,ERR,ERR,ERR,ERR,ERR,ERR,ERR,ERR,ERR,ERR,ERR,ERR,ERR,ERR,ERR,ERR,ERR,ERR,ERR,ERR,ERR,ERR,ERR,ERR,ERR,ERR,ERR,ERR,ERR,ERR,ERR,ERR,ERR,ERR,ERR,ERR,ERR,34.0,80.0,35,0.0,0.0,0.0,0.0,0.0,0.0,0.0,0.0,0.0,0.0,0.0,0.0,0.0,0.0,0.0,0.0,66.0,0,120,58,54,65476,0,300,0,0,8,20529,65476,0,0,57672,80.0,0.0,0.0,0.0,0.0,0.0
2026-06-18T02:22:20,ERR,ERR,ERR,ERR,ERR,ERR,ERR,ERR,ERR,ERR,ERR,ERR,ERR,ERR,ERR,ERR,ERR,ERR,ERR,ERR,ERR,ERR,ERR,ERR,ERR,ERR,ERR,ERR,ERR,ERR,ERR,ERR,ERR,ERR,ERR,ERR,ERR,ERR,ERR,ERR,ERR,ERR,ERR,ERR,ERR,ERR,ERR,ERR,ERR,ERR,ERR,ERR,ERR,ERR,ERR,ERR,ERR,ERR,ERR,ERR,ERR,ERR,ERR,ERR,ERR,ERR,ERR,ERR,ERR,ERR,ERR,ERR,ERR,ERR,ERR,ERR,ERR,ERR,ERR,ERR,ERR,ERR,ERR,ERR,ERR,ERR,ERR,ERR,ERR,ERR,ERR,ERR,ERR,ERR,ERR,ERR,ERR,ERR,ERR,ERR,ERR,ERR,ERR,ERR,ERR,ERR,ERR,ERR,ERR,ERR,ERR,ERR,ERR,ERR,ERR,ERR,ERR,ERR,ERR,ERR,ERR,ERR,ERR,ERR,ERR,-0.0,2.718431101732002e+23,-0.0,2.718290229135658e+23,-0.0,1.3936040501711995e+18,7.805,-24226.301,0,0,4,48935,6720,14723890282496.0,100,0.0,0.0,0.0,89215.008,0.0,0,0,0,0,0.0,0,0,0,0,0,0,0,0,0,0,0,0,0,0,0,0,0,0,0,0,0,0,0,0,0,0,0,0,0,0,0,0,0,26,51,50,76,65476,0,300,0,0,8,21553,0.0,-107605600.0,0.0,0.0,0.0,0.0,0.0,0.0,0.0,0.0,0.0,0.0,0.0,0.0,0.0,0.0,0.0,0.0,0.0,0.0,0.0,0.0,0.0,-0.0,0.0,2.004,0.0,0.0,0.0,0.0,4759.0,-0.0,7285.0,-0.0,2.718431101732002e+23,-107615360.0,0.0,0.0,0.0,0.0,0.0,77,4.950429371599289e+32,89220.484,0.0,0.0,0.0,0.0,0.0,0.0,0.0,0,0,0,0.0,0.0,0.0,0.0,0.0,0.0,0.0,0.0,0.0,0.0,0.0,0.0,0.0,0.0,0.0,0.0,0,-107875648.0,77,0.0,154,0.0,-0.0,ERR,ERR,ERR,ERR,ERR,ERR,ERR,ERR,ERR,ERR,ERR,ERR,ERR,ERR,ERR,ERR,ERR,ERR,ERR,ERR,ERR,ERR,ERR,ERR,ERR,ERR,ERR,ERR,ERR,ERR,ERR,ERR,ERR,ERR,ERR,ERR,ERR,ERR,ERR,ERR,ERR,ERR,ERR,ERR,ERR,ERR,ERR,ERR,ERR,ERR,ERR,ERR,ERR,ERR,ERR,ERR,ERR,ERR,ERR,ERR,ERR,ERR,ERR,ERR,ERR,ERR,ERR,34.0,80.0,35,0.0,0.0,0.0,0.0,0.0,0.0,0.0,0.0,0.0,0.0,0.0,0.0,0.0,0.0,0.0,0.0,66.0,0,120,58,54,65476,0,300,0,0,8,20529,65476,0,0,57672,80.0,0.0,0.0,0.0,0.0,0.0
2026-06-18T02:22:21,ERR,ERR,ERR,ERR,ERR,ERR,ERR,ERR,ERR,ERR,ERR,ERR,ERR,ERR,ERR,ERR,ERR,ERR,ERR,ERR,ERR,ERR,ERR,ERR,ERR,ERR,ERR,ERR,ERR,ERR,ERR,ERR,ERR,ERR,ERR,ERR,ERR,ERR,ERR,ERR,ERR,ERR,ERR,ERR,ERR,ERR,ERR,ERR,ERR,ERR,ERR,ERR,ERR,ERR,ERR,ERR,ERR,ERR,ERR,ERR,ERR,ERR,ERR,ERR,ERR,ERR,ERR,ERR,ERR,ERR,ERR,ERR,ERR,ERR,ERR,ERR,ERR,ERR,ERR,ERR,ERR,ERR,ERR,ERR,ERR,ERR,ERR,ERR,ERR,ERR,ERR,ERR,ERR,ERR,ERR,ERR,ERR,ERR,ERR,ERR,ERR,ERR,ERR,ERR,ERR,ERR,ERR,ERR,ERR,ERR,ERR,ERR,ERR,ERR,ERR,ERR,ERR,ERR,ERR,ERR,ERR,ERR,ERR,ERR,ERR,-0.0,2.718431101732002e+23,-0.0,0.0,0.0,1.3936040501711995e+18,7.805,237259152.0,0,0,4,48926,6720,14723890282496.0,100,0.0,0.0,0.0,-0.0,0.0,0,0,0,0,0.0,0,0,0,0,0,0,0,0,0,0,0,0,0,0,0,0,0,0,0,0,0,0,0,0,0,0,0,0,0,0,0,0,0,26,51,50,76,65476,0,300,0,0,8,21553,0.0,-107605600.0,0.0,0.0,0.0,0.0,0.0,0.0,0.0,0.0,0.0,0.0,0.0,0.0,0.0,0.0,0.0,0.0,0.0,0.0,0.0,0.0,0.0,-0.0,0.0,2.004,0.0,0.0,0.0,0.0,4762.0,-2.004,7288.0,-0.0,2.718431101732002e+23,-107615360.0,0.0,0.0,0.0,0.0,0.0,77,-0.0,2.718415609349284e+23,0.0,0.0,0.0,0.0,0.0,0.0,0.0,0,0,0,0.0,0.0,0.0,0.0,0.0,0.0,0.0,0.0,0.0,0.0,0.0,0.0,0.0,0.0,0.0,0.0,0,-107875648.0,77,0.0,154,0.0,-0.0,ERR,ERR,ERR,ERR,ERR,ERR,ERR,ERR,ERR,ERR,ERR,ERR,ERR,ERR,ERR,ERR,ERR,ERR,ERR,ERR,ERR,ERR,ERR,ERR,ERR,ERR,ERR,ERR,ERR,ERR,ERR,ERR,ERR,ERR,ERR,ERR,ERR,ERR,ERR,ERR,ERR,ERR,ERR,ERR,ERR,ERR,ERR,ERR,ERR,ERR,ERR,ERR,ERR,ERR,ERR,ERR,ERR,ERR,ERR,ERR,ERR,ERR,ERR,ERR,ERR,ERR,ERR,34.0,80.0,35,0.0,0.0,0.0,0.0,0.0,0.0,0.0,0.0,0.0,0.0,0.0,0.0,0.0,0.0,0.0,0.0,66.0,0,120,58,54,65476,0,300,0,0,8,20529,65476,0,0,57672,80.0,0.0,0.0,0.0,0.0,0.0
2026-06-18T02:22:22,ERR,ERR,ERR,ERR,ERR,ERR,ERR,ERR,ERR,ERR,ERR,ERR,ERR,ERR,ERR,ERR,ERR,ERR,ERR,ERR,ERR,ERR,ERR,ERR,ERR,ERR,ERR,ERR,ERR,ERR,ERR,ERR,ERR,ERR,ERR,ERR,ERR,ERR,ERR,ERR,ERR,ERR,ERR,ERR,ERR,ERR,ERR,ERR,ERR,ERR,ERR,ERR,ERR,ERR,ERR,ERR,ERR,ERR,ERR,ERR,ERR,ERR,ERR,ERR,ERR,ERR,ERR,ERR,ERR,ERR,ERR,ERR,ERR,ERR,ERR,ERR,ERR,ERR,ERR,ERR,ERR,ERR,ERR,ERR,ERR,ERR,ERR,ERR,ERR,ERR,ERR,ERR,ERR,ERR,ERR,ERR,ERR,ERR,ERR,ERR,ERR,ERR,ERR,ERR,ERR,ERR,ERR,ERR,ERR,ERR,ERR,ERR,ERR,ERR,ERR,ERR,ERR,ERR,ERR,ERR,ERR,ERR,ERR,ERR,ERR,-0.0,2.718431101732002e+23,-0.0,0.0,0.0,1.3936040501711995e+18,7.805,237259152.0,0,0,4,48926,6720,14723890282496.0,100,0.0,0.0,0.0,-0.0,0.0,0,0,0,0,0.0,0,0,0,0,0,0,0,0,0,0,0,0,0,0,0,0,0,0,0,0,0,0,0,0,0,0,0,0,0,0,0,0,0,26,51,50,76,65476,0,300,0,0,8,21553,0.0,-107605600.0,0.0,0.0,0.0,0.0,0.0,0.0,0.0,0.0,0.0,0.0,0.0,0.0,0.0,0.0,0.0,0.0,0.0,0.0,0.0,0.0,0.0,-0.0,0.0,2.004,0.0,0.0,0.0,0.0,4762.0,-2.004,7288.0,-0.0,2.718431101732002e+23,-107615360.0,0.0,0.0,0.0,0.0,0.0,77,-0.0,2.718415609349284e+23,0.0,0.0,0.0,0.0,0.0,0.0,0.0,0,0,0,0.0,0.0,0.0,0.0,0.0,0.0,0.0,0.0,0.0,0.0,0.0,0.0,0.0,0.0,0.0,0.0,0,-107875648.0,77,0.0,154,0.0,-0.0,ERR,ERR,ERR,ERR,ERR,ERR,ERR,ERR,ERR,ERR,ERR,ERR,ERR,ERR,ERR,ERR,ERR,ERR,ERR,ERR,ERR,ERR,ERR,ERR,ERR,ERR,ERR,ERR,ERR,ERR,ERR,ERR,ERR,ERR,ERR,ERR,ERR,ERR,ERR,ERR,ERR,ERR,ERR,ERR,ERR,ERR,ERR,ERR,ERR,ERR,ERR,ERR,ERR,ERR,ERR,ERR,ERR,ERR,ERR,ERR,ERR,ERR,ERR,ERR,ERR,ERR,ERR,34.0,80.0,35,0.0,0.0,0.0,0.0,0.0,0.0,0.0,0.0,0.0,0.0,0.0,0.0,0.0,0.0,0.0,0.0,66.0,0,120,58,54,65476,0,300,0,0,8,20529,65476,0,0,57672,80.0,0.0,0.0,0.0,0.0,0.0
2026-06-18T02:22:23,ERR,ERR,ERR,ERR,ERR,ERR,ERR,ERR,ERR,ERR,ERR,ERR,ERR,ERR,ERR,ERR,ERR,ERR,ERR,ERR,ERR,ERR,ERR,ERR,ERR,ERR,ERR,ERR,ERR,ERR,ERR,ERR,ERR,ERR,ERR,ERR,ERR,ERR,ERR,ERR,ERR,ERR,ERR,ERR,ERR,ERR,ERR,ERR,ERR,ERR,ERR,ERR,ERR,ERR,ERR,ERR,ERR,ERR,ERR,ERR,ERR,ERR,ERR,ERR,ERR,ERR,ERR,ERR,ERR,ERR,ERR,ERR,ERR,ERR,ERR,ERR,ERR,ERR,ERR,ERR,ERR,ERR,ERR,ERR,ERR,ERR,ERR,ERR,ERR,ERR,ERR,ERR,ERR,ERR,ERR,ERR,ERR,ERR,ERR,ERR,ERR,ERR,ERR,ERR,ERR,ERR,ERR,ERR,ERR,ERR,ERR,ERR,ERR,ERR,ERR,ERR,ERR,ERR,ERR,ERR,ERR,ERR,ERR,ERR,ERR,-0.0,2.718431101732002e+23,-0.0,0.0,0.0,1.3936040501711995e+18,7.805,237259152.0,0,0,4,48926,6720,14723890282496.0,100,0.0,0.0,0.0,-0.0,0.0,0,0,0,0,0.0,0,0,0,0,0,0,0,0,0,0,0,0,0,0,0,0,0,0,0,0,0,0,0,0,0,0,0,0,0,0,0,0,0,26,51,50,76,65476,0,300,0,0,8,21553,0.0,-107605600.0,0.0,0.0,0.0,0.0,0.0,0.0,0.0,0.0,0.0,0.0,0.0,0.0,0.0,0.0,0.0,0.0,0.0,0.0,0.0,0.0,0.0,-0.0,0.0,2.004,0.0,0.0,0.0,0.0,4762.0,-2.004,7288.0,-0.0,2.718431101732002e+23,-107615360.0,0.0,0.0,0.0,0.0,0.0,77,-0.0,2.718415609349284e+23,0.0,0.0,0.0,0.0,0.0,0.0,0.0,0,0,0,0.0,0.0,0.0,0.0,0.0,0.0,0.0,0.0,0.0,0.0,0.0,0.0,0.0,0.0,0.0,0.0,0,-107875648.0,77,0.0,154,0.0,-0.0,ERR,ERR,ERR,ERR,ERR,ERR,ERR,ERR,ERR,ERR,ERR,ERR,ERR,ERR,ERR,ERR,ERR,ERR,ERR,ERR,ERR,ERR,ERR,ERR,ERR,ERR,ERR,ERR,ERR,ERR,ERR,ERR,ERR,ERR,ERR,ERR,ERR,ERR,ERR,ERR,ERR,ERR,ERR,ERR,ERR,ERR,ERR,ERR,ERR,ERR,ERR,ERR,ERR,ERR,ERR,ERR,ERR,ERR,ERR,ERR,ERR,ERR,ERR,ERR,ERR,ERR,ERR,34.0,80.0,35,0.0,0.0,0.0,0.0,0.0,0.0,0.0,0.0,0.0,0.0,0.0,0.0,0.0,0.0,0.0,0.0,66.0,0,120,58,54,65476,0,300,0,0,8,20529,65476,0,0,57672,80.0,0.0,0.0,0.0,0.0,0.0
2026-06-18T02:22:24,ERR,ERR,ERR,ERR,ERR,ERR,ERR,ERR,ERR,ERR,ERR,ERR,ERR,ERR,ERR,ERR,ERR,ERR,ERR,ERR,ERR,ERR,ERR,ERR,ERR,ERR,ERR,ERR,ERR,ERR,ERR,ERR,ERR,ERR,ERR,ERR,ERR,ERR,ERR,ERR,ERR,ERR,ERR,ERR,ERR,ERR,ERR,ERR,ERR,ERR,ERR,ERR,ERR,ERR,ERR,ERR,ERR,ERR,ERR,ERR,ERR,ERR,ERR,ERR,ERR,ERR,ERR,ERR,ERR,ERR,ERR,ERR,ERR,ERR,ERR,ERR,ERR,ERR,ERR,ERR,ERR,ERR,ERR,ERR,ERR,ERR,ERR,ERR,ERR,ERR,ERR,ERR,ERR,ERR,ERR,ERR,ERR,ERR,ERR,ERR,ERR,ERR,ERR,ERR,ERR,ERR,ERR,ERR,ERR,ERR,ERR,ERR,ERR,ERR,ERR,ERR,ERR,ERR,ERR,ERR,ERR,ERR,ERR,ERR,ERR,-0.0,2.718431101732002e+23,-0.0,0.0,0.0,1.3936040501711995e+18,7.805,237259152.0,0,0,4,48926,6720,14723890282496.0,100,0.0,0.0,0.0,-0.0,0.0,0,0,0,0,0.0,0,0,0,0,0,0,0,0,0,0,0,0,0,0,0,0,0,0,0,0,0,0,0,0,0,0,0,0,0,0,0,0,0,26,51,50,76,65476,0,300,0,0,8,21553,0.0,-107605600.0,0.0,0.0,0.0,0.0,0.0,0.0,0.0,0.0,0.0,0.0,0.0,0.0,0.0,0.0,0.0,0.0,0.0,0.0,0.0,0.0,0.0,-0.0,0.0,2.004,0.0,0.0,0.0,0.0,4762.0,-2.004,7288.0,-0.0,2.718431101732002e+23,-107615360.0,0.0,0.0,0.0,0.0,0.0,77,-0.0,2.718415609349284e+23,0.0,0.0,0.0,0.0,0.0,0.0,0.0,0,0,0,0.0,0.0,0.0,0.0,0.0,0.0,0.0,0.0,0.0,0.0,0.0,0.0,0.0,0.0,0.0,0.0,0,-107875648.0,77,0.0,154,0.0,-0.0,ERR,ERR,ERR,ERR,ERR,ERR,ERR,ERR,ERR,ERR,ERR,ERR,ERR,ERR,ERR,ERR,ERR,ERR,ERR,ERR,ERR,ERR,ERR,ERR,ERR,ERR,ERR,ERR,ERR,ERR,ERR,ERR,ERR,ERR,ERR,ERR,ERR,ERR,ERR,ERR,ERR,ERR,ERR,ERR,ERR,ERR,ERR,ERR,ERR,ERR,ERR,ERR,ERR,ERR,ERR,ERR,ERR,ERR,ERR,ERR,ERR,ERR,ERR,ERR,ERR,ERR,ERR,34.0,80.0,35,0.0,0.0,0.0,0.0,0.0,0.0,0.0,0.0,0.0,0.0,0.0,0.0,0.0,0.0,0.0,0.0,66.0,0,120,58,54,65476,0,300,0,0,8,20529,65476,0,0,57672,80.0,0.0,0.0,0.0,0.0,0.0
2026-06-18T02:22:25,ERR,ERR,ERR,ERR,ERR,ERR,ERR,ERR,ERR,ERR,ERR,ERR,ERR,ERR,ERR,ERR,ERR,ERR,ERR,ERR,ERR,ERR,ERR,ERR,ERR,ERR,ERR,ERR,ERR,ERR,ERR,ERR,ERR,ERR,ERR,ERR,ERR,ERR,ERR,ERR,ERR,ERR,ERR,ERR,ERR,ERR,ERR,ERR,ERR,ERR,ERR,ERR,ERR,ERR,ERR,ERR,ERR,ERR,ERR,ERR,ERR,ERR,ERR,ERR,ERR,ERR,ERR,ERR,ERR,ERR,ERR,ERR,ERR,ERR,ERR,ERR,ERR,ERR,ERR,ERR,ERR,ERR,ERR,ERR,ERR,ERR,ERR,ERR,ERR,ERR,ERR,ERR,ERR,ERR,ERR,ERR,ERR,ERR,ERR,ERR,ERR,ERR,ERR,ERR,ERR,ERR,ERR,ERR,ERR,ERR,ERR,ERR,ERR,ERR,ERR,ERR,ERR,ERR,ERR,ERR,ERR,ERR,ERR,ERR,ERR,-0.0,2.718431101732002e+23,-0.0,0.0,0.0,1.3936040501711995e+18,7.805,237259152.0,0,0,4,48926,6720,14723890282496.0,100,0.0,0.0,0.0,-0.0,0.0,0,0,0,0,0.0,0,0,0,0,0,0,0,0,0,0,0,0,0,0,0,0,0,0,0,0,0,0,0,0,0,0,0,0,0,0,0,0,0,26,51,50,76,65476,0,300,0,0,8,21553,0.0,-107605600.0,0.0,0.0,0.0,0.0,0.0,0.0,0.0,0.0,0.0,0.0,0.0,0.0,0.0,0.0,0.0,0.0,0.0,0.0,0.0,0.0,0.0,-0.0,0.0,2.004,0.0,0.0,0.0,0.0,4762.0,-2.004,7288.0,-0.0,2.718431101732002e+23,-107615360.0,0.0,0.0,0.0,0.0,0.0,77,-0.0,2.718415609349284e+23,0.0,0.0,0.0,0.0,0.0,0.0,0.0,0,0,0,0.0,0.0,0.0,0.0,0.0,0.0,0.0,0.0,0.0,0.0,0.0,0.0,0.0,0.0,0.0,0.0,0,-107875648.0,77,0.0,154,0.0,-0.0,ERR,ERR,ERR,ERR,ERR,ERR,ERR,ERR,ERR,ERR,ERR,ERR,ERR,ERR,ERR,ERR,ERR,ERR,ERR,ERR,ERR,ERR,ERR,ERR,ERR,ERR,ERR,ERR,ERR,ERR,ERR,ERR,ERR,ERR,ERR,ERR,ERR,ERR,ERR,ERR,ERR,ERR,ERR,ERR,ERR,ERR,ERR,ERR,ERR,ERR,ERR,ERR,ERR,ERR,ERR,ERR,ERR,ERR,ERR,ERR,ERR,ERR,ERR,ERR,ERR,ERR,ERR,34.0,80.0,35,0.0,0.0,0.0,0.0,0.0,0.0,0.0,0.0,0.0,0.0,0.0,0.0,0.0,0.0,0.0,0.0,66.4,0,120,58,54,65476,0,300,0,0,8,20529,65476,0,0,57672,80.0,0.0,0.0,0.0,0.0,0.0
2026-06-18T02:22:26,ERR,ERR,ERR,ERR,ERR,ERR,ERR,ERR,ERR,ERR,ERR,ERR,ERR,ERR,ERR,ERR,ERR,ERR,ERR,ERR,ERR,ERR,ERR,ERR,ERR,ERR,ERR,ERR,ERR,ERR,ERR,ERR,ERR,ERR,ERR,ERR,ERR,ERR,ERR,ERR,ERR,ERR,ERR,ERR,ERR,ERR,ERR,ERR,ERR,ERR,ERR,ERR,ERR,ERR,ERR,ERR,ERR,ERR,ERR,ERR,ERR,ERR,ERR,ERR,ERR,ERR,ERR,ERR,ERR,ERR,ERR,ERR,ERR,ERR,ERR,ERR,ERR,ERR,ERR,ERR,ERR,ERR,ERR,ERR,ERR,ERR,ERR,ERR,ERR,ERR,ERR,ERR,ERR,ERR,ERR,ERR,ERR,ERR,ERR,ERR,ERR,ERR,ERR,ERR,ERR,ERR,ERR,ERR,ERR,ERR,ERR,ERR,ERR,ERR,ERR,ERR,ERR,ERR,ERR,ERR,ERR,ERR,ERR,ERR,ERR,-0.0,2.718431101732002e+23,-0.0,2.718290229135658e+23,-0.0,1.3936040501711995e+18,7.805,-24226.301,0,0,4,48933,6720,14723890282496.0,100,0.0,0.0,0.0,2.718290229135658e+23,0.0,0,0,0,0,0.0,0,0,0,0,0,0,0,0,0,0,0,0,0,0,0,0,0,0,0,0,0,0,0,0,0,0,0,0,0,0,0,0,0,26,51,50,76,65476,0,300,0,0,8,21553,0.0,-107605600.0,0.0,0.0,0.0,0.0,0.0,0.0,0.0,0.0,0.0,0.0,0.0,0.0,0.0,0.0,0.0,0.0,0.0,0.0,0.0,0.0,0.0,-0.0,0.0,2.004,0.0,0.0,0.0,0.0,4762.0,-2.004,7288.0,-0.0,2.718431101732002e+23,-107615360.0,0.0,0.0,0.0,0.0,0.0,77,-0.0,2.718415609349284e+23,0.0,0.0,0.0,0.0,0.0,0.0,0.0,0,0,0,0.0,0.0,0.0,0.0,0.0,0.0,0.0,0.0,0.0,0.0,0.0,0.0,0.0,0.0,0.0,0.0,0,-107875648.0,77,0.0,154,0.0,-0.0,ERR,ERR,ERR,ERR,ERR,ERR,ERR,ERR,ERR,ERR,ERR,ERR,ERR,ERR,ERR,ERR,ERR,ERR,ERR,ERR,ERR,ERR,ERR,ERR,ERR,ERR,ERR,ERR,ERR,ERR,ERR,ERR,ERR,ERR,ERR,ERR,ERR,ERR,ERR,ERR,ERR,ERR,ERR,ERR,ERR,ERR,ERR,ERR,ERR,ERR,ERR,ERR,ERR,ERR,ERR,ERR,ERR,ERR,ERR,ERR,ERR,ERR,ERR,ERR,ERR,ERR,ERR,34.0,80.0,35,0.0,0.0,0.0,0.0,0.0,0.0,0.0,0.0,0.0,0.0,0.0,0.0,0.0,0.0,0.0,0.0,66.4,0,120,58,54,65476,0,300,0,0,8,20529,65476,0,0,57672,80.0,0.0,0.0,0.0,0.0,0.0
2026-06-18T02:22:27,ERR,ERR,ERR,ERR,ERR,ERR,ERR,ERR,ERR,ERR,ERR,ERR,ERR,ERR,ERR,ERR,ERR,ERR,ERR,ERR,ERR,ERR,ERR,ERR,ERR,ERR,ERR,ERR,ERR,ERR,ERR,ERR,ERR,ERR,ERR,ERR,ERR,ERR,ERR,ERR,ERR,ERR,ERR,ERR,ERR,ERR,ERR,ERR,ERR,ERR,ERR,ERR,ERR,ERR,ERR,ERR,ERR,ERR,ERR,ERR,ERR,ERR,ERR,ERR,ERR,ERR,ERR,ERR,ERR,ERR,ERR,ERR,ERR,ERR,ERR,ERR,ERR,ERR,ERR,ERR,ERR,ERR,ERR,ERR,ERR,ERR,ERR,ERR,ERR,ERR,ERR,ERR,ERR,ERR,ERR,ERR,ERR,ERR,ERR,ERR,ERR,ERR,ERR,ERR,ERR,ERR,ERR,ERR,ERR,ERR,ERR,ERR,ERR,ERR,ERR,ERR,ERR,ERR,ERR,ERR,ERR,ERR,ERR,ERR,ERR,-0.0,2.718431101732002e+23,-0.0,2.718290229135658e+23,-0.0,1.3936040501711995e+18,7.805,-24226.301,0,0,4,48933,6720,14723890282496.0,100,0.0,0.0,0.0,2.718290229135658e+23,0.0,0,0,0,0,0.0,0,0,0,0,0,0,0,0,0,0,0,0,0,0,0,0,0,0,0,0,0,0,0,0,0,0,0,0,0,0,0,0,0,26,51,50,76,65476,0,300,0,0,8,21553,0.0,-107605600.0,0.0,0.0,0.0,0.0,0.0,0.0,0.0,0.0,0.0,0.0,0.0,0.0,0.0,0.0,0.0,0.0,0.0,0.0,0.0,0.0,0.0,-0.0,0.0,2.004,0.0,0.0,0.0,0.0,4762.0,-2.004,7288.0,-0.0,2.718431101732002e+23,-107615360.0,0.0,0.0,0.0,0.0,0.0,77,-0.0,2.718415609349284e+23,0.0,0.0,0.0,0.0,0.0,0.0,0.0,0,0,0,0.0,0.0,0.0,0.0,0.0,0.0,0.0,0.0,0.0,0.0,0.0,0.0,0.0,0.0,0.0,0.0,0,-107875648.0,77,0.0,154,0.0,-0.0,ERR,ERR,ERR,ERR,ERR,ERR,ERR,ERR,ERR,ERR,ERR,ERR,ERR,ERR,ERR,ERR,ERR,ERR,ERR,ERR,ERR,ERR,ERR,ERR,ERR,ERR,ERR,ERR,ERR,ERR,ERR,ERR,ERR,ERR,ERR,ERR,ERR,ERR,ERR,ERR,ERR,ERR,ERR,ERR,ERR,ERR,ERR,ERR,ERR,ERR,ERR,ERR,ERR,ERR,ERR,ERR,ERR,ERR,ERR,ERR,ERR,ERR,ERR,ERR,ERR,ERR,ERR,34.0,80.0,35,0.0,0.0,0.0,0.0,0.0,0.0,0.0,0.0,0.0,0.0,0.0,0.0,0.0,0.0,0.0,0.0,66.0,0,120,58,54,65476,0,300,0,0,8,20529,65476,0,0,57672,80.0,0.0,0.0,0.0,0.0,0.0
2026-06-18T02:22:28,ERR,ERR,ERR,ERR,ERR,ERR,ERR,ERR,ERR,ERR,ERR,ERR,ERR,ERR,ERR,ERR,ERR,ERR,ERR,ERR,ERR,ERR,ERR,ERR,ERR,ERR,ERR,ERR,ERR,ERR,ERR,ERR,ERR,ERR,ERR,ERR,ERR,ERR,ERR,ERR,ERR,ERR,ERR,ERR,ERR,ERR,ERR,ERR,ERR,ERR,ERR,ERR,ERR,ERR,ERR,ERR,ERR,ERR,ERR,ERR,ERR,ERR,ERR,ERR,ERR,ERR,ERR,ERR,ERR,ERR,ERR,ERR,ERR,ERR,ERR,ERR,ERR,ERR,ERR,ERR,ERR,ERR,ERR,ERR,ERR,ERR,ERR,ERR,ERR,ERR,ERR,ERR,ERR,ERR,ERR,ERR,ERR,ERR,ERR,ERR,ERR,ERR,ERR,ERR,ERR,ERR,ERR,ERR,ERR,ERR,ERR,ERR,ERR,ERR,ERR,ERR,ERR,ERR,ERR,ERR,ERR,ERR,ERR,ERR,ERR,-0.0,2.718431101732002e+23,-0.0,2.718290229135658e+23,-0.0,1.3936040501711995e+18,7.805,-24226.301,0,0,4,48933,6720,14723890282496.0,100,0.0,0.0,0.0,2.718290229135658e+23,0.0,0,0,0,0,0.0,0,0,0,0,0,0,0,0,0,0,0,0,0,0,0,0,0,0,0,0,0,0,0,0,0,0,0,0,0,0,0,0,0,26,51,50,76,65476,0,300,0,0,8,21553,0.0,-107605600.0,0.0,0.0,0.0,0.0,0.0,0.0,0.0,0.0,0.0,0.0,0.0,0.0,0.0,0.0,0.0,0.0,0.0,0.0,0.0,0.0,0.0,-0.0,0.0,2.004,0.0,0.0,0.0,0.0,4762.0,-2.004,7288.0,-0.0,2.718431101732002e+23,-107615360.0,0.0,0.0,0.0,0.0,0.0,77,-0.0,2.718415609349284e+23,0.0,0.0,0.0,0.0,0.0,0.0,0.0,0,0,0,0.0,0.0,0.0,0.0,0.0,0.0,0.0,0.0,0.0,0.0,0.0,0.0,0.0,0.0,0.0,0.0,0,-107875648.0,77,0.0,154,0.0,-0.0,ERR,ERR,ERR,ERR,ERR,ERR,ERR,ERR,ERR,ERR,ERR,ERR,ERR,ERR,ERR,ERR,ERR,ERR,ERR,ERR,ERR,ERR,ERR,ERR,ERR,ERR,ERR,ERR,ERR,ERR,ERR,ERR,ERR,ERR,ERR,ERR,ERR,ERR,ERR,ERR,ERR,ERR,ERR,ERR,ERR,ERR,ERR,ERR,ERR,ERR,ERR,ERR,ERR,ERR,ERR,ERR,ERR,ERR,ERR,ERR,ERR,ERR,ERR,ERR,ERR,ERR,ERR,34.0,80.0,35,0.0,0.0,0.0,0.0,0.0,0.0,0.0,0.0,0.0,0.0,0.0,0.0,0.0,0.0,0.0,0.0,66.0,0,120,58,54,65476,0,300,0,0,8,20529,65476,0,0,57672,80.0,0.0,0.0,0.0,0.0,0.0
2026-06-18T02:22:29,ERR,ERR,ERR,ERR,ERR,ERR,ERR,ERR,ERR,ERR,ERR,ERR,ERR,ERR,ERR,ERR,ERR,ERR,ERR,ERR,ERR,ERR,ERR,ERR,ERR,ERR,ERR,ERR,ERR,ERR,ERR,ERR,ERR,ERR,ERR,ERR,ERR,ERR,ERR,ERR,ERR,ERR,ERR,ERR,ERR,ERR,ERR,ERR,ERR,ERR,ERR,ERR,ERR,ERR,ERR,ERR,ERR,ERR,ERR,ERR,ERR,ERR,ERR,ERR,ERR,ERR,ERR,ERR,ERR,ERR,ERR,ERR,ERR,ERR,ERR,ERR,ERR,ERR,ERR,ERR,ERR,ERR,ERR,ERR,ERR,ERR,ERR,ERR,ERR,ERR,ERR,ERR,ERR,ERR,ERR,ERR,ERR,ERR,ERR,ERR,ERR,ERR,ERR,ERR,ERR,ERR,ERR,ERR,ERR,ERR,ERR,ERR,ERR,ERR,ERR,ERR,ERR,ERR,ERR,ERR,ERR,ERR,ERR,ERR,ERR,-0.0,2.718431101732002e+23,-0.0,2.718290229135658e+23,-0.0,1.3936040501711995e+18,7.805,-24226.301,0,0,4,48933,6720,14723890282496.0,100,0.0,0.0,0.0,2.718290229135658e+23,0.0,0,0,0,0,0.0,0,0,0,0,0,0,0,0,0,0,0,0,0,0,0,0,0,0,0,0,0,0,0,0,0,0,0,0,0,0,0,0,0,26,51,50,76,65476,0,300,0,0,8,21553,0.0,-107605600.0,0.0,0.0,0.0,0.0,0.0,0.0,0.0,0.0,0.0,0.0,0.0,0.0,0.0,0.0,0.0,0.0,0.0,0.0,0.0,0.0,0.0,-0.0,0.0,2.004,0.0,0.0,0.0,0.0,4762.0,-2.004,7288.0,-0.0,2.718431101732002e+23,-107615360.0,0.0,0.0,0.0,0.0,0.0,77,-0.0,2.718415609349284e+23,0.0,0.0,0.0,0.0,0.0,0.0,0.0,0,0,0,0.0,0.0,0.0,0.0,0.0,0.0,0.0,0.0,0.0,0.0,0.0,0.0,0.0,0.0,0.0,0.0,0,-107875648.0,77,0.0,154,0.0,-0.0,ERR,ERR,ERR,ERR,ERR,ERR,ERR,ERR,ERR,ERR,ERR,ERR,ERR,ERR,ERR,ERR,ERR,ERR,ERR,ERR,ERR,ERR,ERR,ERR,ERR,ERR,ERR,ERR,ERR,ERR,ERR,ERR,ERR,ERR,ERR,ERR,ERR,ERR,ERR,ERR,ERR,ERR,ERR,ERR,ERR,ERR,ERR,ERR,ERR,ERR,ERR,ERR,ERR,ERR,ERR,ERR,ERR,ERR,ERR,ERR,ERR,ERR,ERR,ERR,ERR,ERR,ERR,34.0,80.0,35,0.0,0.0,0.0,0.0,0.0,0.0,0.0,0.0,0.0,0.0,0.0,0.0,0.0,0.0,0.0,0.0,66.0,0,120,58,54,65476,0,300,0,0,8,20529,65476,0,0,57672,80.0,0.0,0.0,0.0,0.0,0.0
2026-06-18T02:22:30,ERR,ERR,ERR,ERR,ERR,ERR,ERR,ERR,ERR,ERR,ERR,ERR,ERR,ERR,ERR,ERR,ERR,ERR,ERR,ERR,ERR,ERR,ERR,ERR,ERR,ERR,ERR,ERR,ERR,ERR,ERR,ERR,ERR,ERR,ERR,ERR,ERR,ERR,ERR,ERR,ERR,ERR,ERR,ERR,ERR,ERR,ERR,ERR,ERR,ERR,ERR,ERR,ERR,ERR,ERR,ERR,ERR,ERR,ERR,ERR,ERR,ERR,ERR,ERR,ERR,ERR,ERR,ERR,ERR,ERR,ERR,ERR,ERR,ERR,ERR,ERR,ERR,ERR,ERR,ERR,ERR,ERR,ERR,ERR,ERR,ERR,ERR,ERR,ERR,ERR,ERR,ERR,ERR,ERR,ERR,ERR,ERR,ERR,ERR,ERR,ERR,ERR,ERR,ERR,ERR,ERR,ERR,ERR,ERR,ERR,ERR,ERR,ERR,ERR,ERR,ERR,ERR,ERR,ERR,ERR,ERR,ERR,ERR,ERR,ERR,-0.0,2.718431101732002e+23,-0.0,2.718290229135658e+23,-0.0,1.3936040501711995e+18,7.805,-24226.301,0,0,4,48933,6720,14723890282496.0,100,0.0,0.0,0.0,2.718290229135658e+23,0.0,0,0,0,0,0.0,0,0,0,0,0,0,0,0,0,0,0,0,0,0,0,0,0,0,0,0,0,0,0,0,0,0,0,0,0,0,0,0,0,26,51,50,76,65476,0,300,0,0,8,21553,0.0,-107605600.0,0.0,0.0,0.0,0.0,0.0,0.0,0.0,0.0,0.0,0.0,0.0,0.0,0.0,0.0,0.0,0.0,0.0,0.0,0.0,0.0,0.0,-0.0,0.0,2.004,0.0,0.0,0.0,0.0,4762.0,-2.004,7288.0,-0.0,2.718431101732002e+23,-107615360.0,0.0,0.0,0.0,0.0,0.0,77,-0.0,2.718415609349284e+23,0.0,0.0,0.0,0.0,0.0,0.0,0.0,0,0,0,0.0,0.0,0.0,0.0,0.0,0.0,0.0,0.0,0.0,0.0,0.0,0.0,0.0,0.0,0.0,0.0,0,-107875648.0,77,0.0,154,0.0,-0.0,ERR,ERR,ERR,ERR,ERR,ERR,ERR,ERR,ERR,ERR,ERR,ERR,ERR,ERR,ERR,ERR,ERR,ERR,ERR,ERR,ERR,ERR,ERR,ERR,ERR,ERR,ERR,ERR,ERR,ERR,ERR,ERR,ERR,ERR,ERR,ERR,ERR,ERR,ERR,ERR,ERR,ERR,ERR,ERR,ERR,ERR,ERR,ERR,ERR,ERR,ERR,ERR,ERR,ERR,ERR,ERR,ERR,ERR,ERR,ERR,ERR,ERR,ERR,ERR,ERR,ERR,ERR,34.0,80.0,35,0.0,0.0,0.0,0.0,0.0,0.0,0.0,0.0,0.0,0.0,0.0,0.0,0.0,0.0,0.0,0.0,66.0,0,120,58,54,65476,0,300,0,0,8,20529,65476,0,0,57672,80.0,0.0,0.0,0.0,0.0,0.0
2026-06-18T02:22:31,ERR,ERR,ERR,ERR,ERR,ERR,ERR,ERR,ERR,ERR,ERR,ERR,ERR,ERR,ERR,ERR,ERR,ERR,ERR,ERR,ERR,ERR,ERR,ERR,ERR,ERR,ERR,ERR,ERR,ERR,ERR,ERR,ERR,ERR,ERR,ERR,ERR,ERR,ERR,ERR,ERR,ERR,ERR,ERR,ERR,ERR,ERR,ERR,ERR,ERR,ERR,ERR,ERR,ERR,ERR,ERR,ERR,ERR,ERR,ERR,ERR,ERR,ERR,ERR,ERR,ERR,ERR,ERR,ERR,ERR,ERR,ERR,ERR,ERR,ERR,ERR,ERR,ERR,ERR,ERR,ERR,ERR,ERR,ERR,ERR,ERR,ERR,ERR,ERR,ERR,ERR,ERR,ERR,ERR,ERR,ERR,ERR,ERR,ERR,ERR,ERR,ERR,ERR,ERR,ERR,ERR,ERR,ERR,ERR,ERR,ERR,ERR,ERR,ERR,ERR,ERR,ERR,ERR,ERR,ERR,ERR,ERR,ERR,ERR,ERR,-0.0,2.718431101732002e+23,-0.0,2.718290229135658e+23,-0.0,1.3936040501711995e+18,7.805,-24226.301,0,0,4,48933,6720,14723890282496.0,100,0.0,0.0,0.0,2.718290229135658e+23,0.0,0,0,0,0,0.0,0,0,0,0,0,0,0,0,0,0,0,0,0,0,0,0,0,0,0,0,0,0,0,0,0,0,0,0,0,0,0,0,0,26,51,50,76,65476,0,300,0,0,8,21553,0.0,-107605600.0,0.0,0.0,0.0,0.0,0.0,0.0,0.0,0.0,0.0,0.0,0.0,0.0,0.0,0.0,0.0,0.0,0.0,0.0,0.0,0.0,0.0,-0.0,0.0,2.004,0.0,0.0,0.0,0.0,4762.0,-2.004,7288.0,-0.0,2.718431101732002e+23,-107615360.0,0.0,0.0,0.0,0.0,0.0,77,-0.0,2.718415609349284e+23,0.0,0.0,0.0,0.0,0.0,0.0,0.0,0,0,0,0.0,0.0,0.0,0.0,0.0,0.0,0.0,0.0,0.0,0.0,0.0,0.0,0.0,0.0,0.0,0.0,0,-107875648.0,77,0.0,154,0.0,-0.0,ERR,ERR,ERR,ERR,ERR,ERR,ERR,ERR,ERR,ERR,ERR,ERR,ERR,ERR,ERR,ERR,ERR,ERR,ERR,ERR,ERR,ERR,ERR,ERR,ERR,ERR,ERR,ERR,ERR,ERR,ERR,ERR,ERR,ERR,ERR,ERR,ERR,ERR,ERR,ERR,ERR,ERR,ERR,ERR,ERR,ERR,ERR,ERR,ERR,ERR,ERR,ERR,ERR,ERR,ERR,ERR,ERR,ERR,ERR,ERR,ERR,ERR,ERR,ERR,ERR,ERR,ERR,34.0,80.0,35,0.0,0.0,0.0,0.0,0.0,0.0,0.0,0.0,0.0,0.0,0.0,0.0,0.0,0.0,0.0,0.0,66.0,0,120,58,54,65476,0,300,0,0,8,20529,65476,0,0,57672,80.0,0.0,0.0,0.0,0.0,0.0
2026-06-18T02:22:32,ERR,ERR,ERR,ERR,ERR,ERR,ERR,ERR,ERR,ERR,ERR,ERR,ERR,ERR,ERR,ERR,ERR,ERR,ERR,ERR,ERR,ERR,ERR,ERR,ERR,ERR,ERR,ERR,ERR,ERR,ERR,ERR,ERR,ERR,ERR,ERR,ERR,ERR,ERR,ERR,ERR,ERR,ERR,ERR,ERR,ERR,ERR,ERR,ERR,ERR,ERR,ERR,ERR,ERR,ERR,ERR,ERR,ERR,ERR,ERR,ERR,ERR,ERR,ERR,ERR,ERR,ERR,ERR,ERR,ERR,ERR,ERR,ERR,ERR,ERR,ERR,ERR,ERR,ERR,ERR,ERR,ERR,ERR,ERR,ERR,ERR,ERR,ERR,ERR,ERR,ERR,ERR,ERR,ERR,ERR,ERR,ERR,ERR,ERR,ERR,ERR,ERR,ERR,ERR,ERR,ERR,ERR,ERR,ERR,ERR,ERR,ERR,ERR,ERR,ERR,ERR,ERR,ERR,ERR,ERR,ERR,ERR,ERR,ERR,ERR,-0.0,2.718431101732002e+23,-0.0,-4.9501291711397626e+32,-0.0,1.3936040501711995e+18,7.805,-0.0,0,0,4,48924,6720,14723890282496.0,100,0.0,0.0,0.0,-4.9501291711397626e+32,0.0,0,0,0,0,0.0,0,0,0,0,0,0,0,0,0,0,0,0,0,0,0,0,0,0,0,0,0,0,0,0,0,0,0,0,0,0,0,0,0,26,51,50,76,65476,0,300,0,0,8,21553,0.0,-107605600.0,0.0,0.0,0.0,0.0,0.0,0.0,0.0,0.0,0.0,0.0,0.0,0.0,0.0,0.0,0.0,0.0,0.0,0.0,0.0,0.0,0.0,-0.0,0.0,2.004,0.0,0.0,0.0,0.0,4763.0,-0.0,7286.0,-0.0,2.718431101732002e+23,-107615360.0,0.0,0.0,0.0,0.0,0.0,77,-0.0,0.0,0.0,0.0,0.0,0.0,0.0,0.0,0.0,0,0,0,0.0,0.0,0.0,0.0,0.0,0.0,0.0,0.0,0.0,0.0,0.0,0.0,0.0,0.0,0.0,0.0,0,-107875648.0,77,0.0,154,0.0,-0.0,ERR,ERR,ERR,ERR,ERR,ERR,ERR,ERR,ERR,ERR,ERR,ERR,ERR,ERR,ERR,ERR,ERR,ERR,ERR,ERR,ERR,ERR,ERR,ERR,ERR,ERR,ERR,ERR,ERR,ERR,ERR,ERR,ERR,ERR,ERR,ERR,ERR,ERR,ERR,ERR,ERR,ERR,ERR,ERR,ERR,ERR,ERR,ERR,ERR,ERR,ERR,ERR,ERR,ERR,ERR,ERR,ERR,ERR,ERR,ERR,ERR,ERR,ERR,ERR,ERR,ERR,ERR,34.0,80.0,35,0.0,0.0,0.0,0.0,0.0,0.0,0.0,0.0,0.0,0.0,0.0,0.0,0.0,0.0,0.0,0.0,66.0,0,120,58,54,65476,0,300,0,0,8,20529,65476,0,0,57672,80.0,0.0,0.0,0.0,0.0,0.0
2026-06-18T02:22:33,ERR,ERR,ERR,ERR,ERR,ERR,ERR,ERR,ERR,ERR,ERR,ERR,ERR,ERR,ERR,ERR,ERR,ERR,ERR,ERR,ERR,ERR,ERR,ERR,ERR,ERR,ERR,ERR,ERR,ERR,ERR,ERR,ERR,ERR,ERR,ERR,ERR,ERR,ERR,ERR,ERR,ERR,ERR,ERR,ERR,ERR,ERR,ERR,ERR,ERR,ERR,ERR,ERR,ERR,ERR,ERR,ERR,ERR,ERR,ERR,ERR,ERR,ERR,ERR,ERR,ERR,ERR,ERR,ERR,ERR,ERR,ERR,ERR,ERR,ERR,ERR,ERR,ERR,ERR,ERR,ERR,ERR,ERR,ERR,ERR,ERR,ERR,ERR,ERR,ERR,ERR,ERR,ERR,ERR,ERR,ERR,ERR,ERR,ERR,ERR,ERR,ERR,ERR,ERR,ERR,ERR,ERR,ERR,ERR,ERR,ERR,ERR,ERR,ERR,ERR,ERR,ERR,ERR,ERR,ERR,ERR,ERR,ERR,ERR,ERR,-0.0,2.718431101732002e+23,-0.0,-4.9501291711397626e+32,-0.0,1.3936040501711995e+18,7.805,-0.0,0,0,4,48924,6720,14723890282496.0,100,0.0,0.0,0.0,-4.9501291711397626e+32,0.0,0,0,0,0,0.0,0,0,0,0,0,0,0,0,0,0,0,0,0,0,0,0,0,0,0,0,0,0,0,0,0,0,0,0,0,0,0,0,0,26,51,50,76,65476,0,300,0,0,8,21553,0.0,-107605600.0,0.0,0.0,0.0,0.0,0.0,0.0,0.0,0.0,0.0,0.0,0.0,0.0,0.0,0.0,0.0,0.0,0.0,0.0,0.0,0.0,0.0,-0.0,0.0,2.004,0.0,0.0,0.0,0.0,4763.0,-0.0,7286.0,-0.0,2.718431101732002e+23,-107615360.0,0.0,0.0,0.0,0.0,0.0,77,-0.0,0.0,0.0,0.0,0.0,0.0,0.0,0.0,0.0,0,0,0,0.0,0.0,0.0,0.0,0.0,0.0,0.0,0.0,0.0,0.0,0.0,0.0,0.0,0.0,0.0,0.0,0,-107875648.0,77,0.0,154,0.0,-0.0,ERR,ERR,ERR,ERR,ERR,ERR,ERR,ERR,ERR,ERR,ERR,ERR,ERR,ERR,ERR,ERR,ERR,ERR,ERR,ERR,ERR,ERR,ERR,ERR,ERR,ERR,ERR,ERR,ERR,ERR,ERR,ERR,ERR,ERR,ERR,ERR,ERR,ERR,ERR,ERR,ERR,ERR,ERR,ERR,ERR,ERR,ERR,ERR,ERR,ERR,ERR,ERR,ERR,ERR,ERR,ERR,ERR,ERR,ERR,ERR,ERR,ERR,ERR,ERR,ERR,ERR,ERR,34.0,80.0,35,0.0,0.0,0.0,0.0,0.0,0.0,0.0,0.0,0.0,0.0,0.0,0.0,0.0,0.0,0.0,0.0,66.0,0,120,58,54,65476,0,300,0,0,8,20529,65476,0,0,57672,80.0,0.0,0.0,0.0,0.0,0.0
2026-06-18T02:22:34,ERR,ERR,ERR,ERR,ERR,ERR,ERR,ERR,ERR,ERR,ERR,ERR,ERR,ERR,ERR,ERR,ERR,ERR,ERR,ERR,ERR,ERR,ERR,ERR,ERR,ERR,ERR,ERR,ERR,ERR,ERR,ERR,ERR,ERR,ERR,ERR,ERR,ERR,ERR,ERR,ERR,ERR,ERR,ERR,ERR,ERR,ERR,ERR,ERR,ERR,ERR,ERR,ERR,ERR,ERR,ERR,ERR,ERR,ERR,ERR,ERR,ERR,ERR,ERR,ERR,ERR,ERR,ERR,ERR,ERR,ERR,ERR,ERR,ERR,ERR,ERR,ERR,ERR,ERR,ERR,ERR,ERR,ERR,ERR,ERR,ERR,ERR,ERR,ERR,ERR,ERR,ERR,ERR,ERR,ERR,ERR,ERR,ERR,ERR,ERR,ERR,ERR,ERR,ERR,ERR,ERR,ERR,ERR,ERR,ERR,ERR,ERR,ERR,ERR,ERR,ERR,ERR,ERR,ERR,ERR,ERR,ERR,ERR,ERR,ERR,-0.0,2.718431101732002e+23,-0.0,-4.9501291711397626e+32,-0.0,1.3936040501711995e+18,7.805,-0.0,0,0,4,48924,6720,14723890282496.0,100,0.0,0.0,0.0,-4.9501291711397626e+32,0.0,0,0,0,0,0.0,0,0,0,0,0,0,0,0,0,0,0,0,0,0,0,0,0,0,0,0,0,0,0,0,0,0,0,0,0,0,0,0,0,26,51,50,76,65476,0,300,0,0,8,21553,0.0,-107605600.0,0.0,0.0,0.0,0.0,0.0,0.0,0.0,0.0,0.0,0.0,0.0,0.0,0.0,0.0,0.0,0.0,0.0,0.0,0.0,0.0,0.0,-0.0,0.0,2.004,0.0,0.0,0.0,0.0,4763.0,-0.0,7286.0,-0.0,2.718431101732002e+23,-107615360.0,0.0,0.0,0.0,0.0,0.0,77,-0.0,0.0,0.0,0.0,0.0,0.0,0.0,0.0,0.0,0,0,0,0.0,0.0,0.0,0.0,0.0,0.0,0.0,0.0,0.0,0.0,0.0,0.0,0.0,0.0,0.0,0.0,0,-107875648.0,77,0.0,154,0.0,-0.0,ERR,ERR,ERR,ERR,ERR,ERR,ERR,ERR,ERR,ERR,ERR,ERR,ERR,ERR,ERR,ERR,ERR,ERR,ERR,ERR,ERR,ERR,ERR,ERR,ERR,ERR,ERR,ERR,ERR,ERR,ERR,ERR,ERR,ERR,ERR,ERR,ERR,ERR,ERR,ERR,ERR,ERR,ERR,ERR,ERR,ERR,ERR,ERR,ERR,ERR,ERR,ERR,ERR,ERR,ERR,ERR,ERR,ERR,ERR,ERR,ERR,ERR,ERR,ERR,ERR,ERR,ERR,34.0,80.0,35,0.0,0.0,0.0,0.0,0.0,0.0,0.0,0.0,0.0,0.0,0.0,0.0,0.0,0.0,0.0,0.0,66.0,0,120,58,54,65476,0,300,0,0,8,20529,65476,0,0,57672,80.0,0.0,0.0,0.0,0.0,0.0
2026-06-18T02:22:35,ERR,ERR,ERR,ERR,ERR,ERR,ERR,ERR,ERR,ERR,ERR,ERR,ERR,ERR,ERR,ERR,ERR,ERR,ERR,ERR,ERR,ERR,ERR,ERR,ERR,ERR,ERR,ERR,ERR,ERR,ERR,ERR,ERR,ERR,ERR,ERR,ERR,ERR,ERR,ERR,ERR,ERR,ERR,ERR,ERR,ERR,ERR,ERR,ERR,ERR,ERR,ERR,ERR,ERR,ERR,ERR,ERR,ERR,ERR,ERR,ERR,ERR,ERR,ERR,ERR,ERR,ERR,ERR,ERR,ERR,ERR,ERR,ERR,ERR,ERR,ERR,ERR,ERR,ERR,ERR,ERR,ERR,ERR,ERR,ERR,ERR,ERR,ERR,ERR,ERR,ERR,ERR,ERR,ERR,ERR,ERR,ERR,ERR,ERR,ERR,ERR,ERR,ERR,ERR,ERR,ERR,ERR,ERR,ERR,ERR,ERR,ERR,ERR,ERR,ERR,ERR,ERR,ERR,ERR,ERR,ERR,ERR,ERR,ERR,ERR,-0.0,2.718431101732002e+23,-0.0,-4.9501291711397626e+32,-0.0,1.3936040501711995e+18,7.805,-0.0,0,0,4,48924,6720,14723890282496.0,100,0.0,0.0,0.0,-4.9501291711397626e+32,0.0,0,0,0,0,0.0,0,0,0,0,0,0,0,0,0,0,0,0,0,0,0,0,0,0,0,0,0,0,0,0,0,0,0,0,0,0,0,0,0,26,51,50,76,65476,0,300,0,0,8,21553,0.0,-107605600.0,0.0,0.0,0.0,0.0,0.0,0.0,0.0,0.0,0.0,0.0,0.0,0.0,0.0,0.0,0.0,0.0,0.0,0.0,0.0,0.0,0.0,-0.0,0.0,2.004,0.0,0.0,0.0,0.0,4763.0,-0.0,7286.0,-0.0,2.718431101732002e+23,-107615360.0,0.0,0.0,0.0,0.0,0.0,77,-0.0,0.0,0.0,0.0,0.0,0.0,0.0,0.0,0.0,0,0,0,0.0,0.0,0.0,0.0,0.0,0.0,0.0,0.0,0.0,0.0,0.0,0.0,0.0,0.0,0.0,0.0,0,-107875648.0,77,0.0,154,0.0,-0.0,ERR,ERR,ERR,ERR,ERR,ERR,ERR,ERR,ERR,ERR,ERR,ERR,ERR,ERR,ERR,ERR,ERR,ERR,ERR,ERR,ERR,ERR,ERR,ERR,ERR,ERR,ERR,ERR,ERR,ERR,ERR,ERR,ERR,ERR,ERR,ERR,ERR,ERR,ERR,ERR,ERR,ERR,ERR,ERR,ERR,ERR,ERR,ERR,ERR,ERR,ERR,ERR,ERR,ERR,ERR,ERR,ERR,ERR,ERR,ERR,ERR,ERR,ERR,ERR,ERR,ERR,ERR,34.0,80.0,35,0.0,0.0,0.0,0.0,0.0,0.0,0.0,0.0,0.0,0.0,0.0,0.0,0.0,0.0,0.0,0.0,66.0,0,120,58,54,65476,0,300,0,0,8,20529,65476,0,0,57672,80.0,0.0,0.0,0.0,0.0,0.0
2026-06-18T02:22:36,ERR,ERR,ERR,ERR,ERR,ERR,ERR,ERR,ERR,ERR,ERR,ERR,ERR,ERR,ERR,ERR,ERR,ERR,ERR,ERR,ERR,ERR,ERR,ERR,ERR,ERR,ERR,ERR,ERR,ERR,ERR,ERR,ERR,ERR,ERR,ERR,ERR,ERR,ERR,ERR,ERR,ERR,ERR,ERR,ERR,ERR,ERR,ERR,ERR,ERR,ERR,ERR,ERR,ERR,ERR,ERR,ERR,ERR,ERR,ERR,ERR,ERR,ERR,ERR,ERR,ERR,ERR,ERR,ERR,ERR,ERR,ERR,ERR,ERR,ERR,ERR,ERR,ERR,ERR,ERR,ERR,ERR,ERR,ERR,ERR,ERR,ERR,ERR,ERR,ERR,ERR,ERR,ERR,ERR,ERR,ERR,ERR,ERR,ERR,ERR,ERR,ERR,ERR,ERR,ERR,ERR,ERR,ERR,ERR,ERR,ERR,ERR,ERR,ERR,ERR,ERR,ERR,ERR,ERR,ERR,ERR,ERR,ERR,ERR,ERR,-0.0,2.718431101732002e+23,-0.0,-4.9501291711397626e+32,-0.0,1.3936040501711995e+18,7.805,-0.0,0,0,4,48924,6720,14723890282496.0,100,0.0,0.0,0.0,-4.9501291711397626e+32,0.0,0,0,0,0,0.0,0,0,0,0,0,0,0,0,0,0,0,0,0,0,0,0,0,0,0,0,0,0,0,0,0,0,0,0,0,0,0,0,0,26,51,50,76,65476,0,300,0,0,8,21553,0.0,-107605600.0,0.0,0.0,0.0,0.0,0.0,0.0,0.0,0.0,0.0,0.0,0.0,0.0,0.0,0.0,0.0,0.0,0.0,0.0,0.0,0.0,0.0,-0.0,0.0,2.004,0.0,0.0,0.0,0.0,4763.0,-0.0,7286.0,-0.0,2.718431101732002e+23,-107615360.0,0.0,0.0,0.0,0.0,0.0,77,-0.0,0.0,0.0,0.0,0.0,0.0,0.0,0.0,0.0,0,0,0,0.0,0.0,0.0,0.0,0.0,0.0,0.0,0.0,0.0,0.0,0.0,0.0,0.0,0.0,0.0,0.0,0,-107875648.0,77,0.0,154,0.0,-0.0,ERR,ERR,ERR,ERR,ERR,ERR,ERR,ERR,ERR,ERR,ERR,ERR,ERR,ERR,ERR,ERR,ERR,ERR,ERR,ERR,ERR,ERR,ERR,ERR,ERR,ERR,ERR,ERR,ERR,ERR,ERR,ERR,ERR,ERR,ERR,ERR,ERR,ERR,ERR,ERR,ERR,ERR,ERR,ERR,ERR,ERR,ERR,ERR,ERR,ERR,ERR,ERR,ERR,ERR,ERR,ERR,ERR,ERR,ERR,ERR,ERR,ERR,ERR,ERR,ERR,ERR,ERR,34.0,80.0,35,0.0,0.0,0.0,0.0,0.0,0.0,0.0,0.0,0.0,0.0,0.0,0.0,0.0,0.0,0.0,0.0,66.4,0,120,58,54,65476,0,300,0,0,8,20529,65476,0,0,57672,80.0,0.0,0.0,0.0,0.0,0.0
2026-06-18T02:22:37,ERR,ERR,ERR,ERR,ERR,ERR,ERR,ERR,ERR,ERR,ERR,ERR,ERR,ERR,ERR,ERR,ERR,ERR,ERR,ERR,ERR,ERR,ERR,ERR,ERR,ERR,ERR,ERR,ERR,ERR,ERR,ERR,ERR,ERR,ERR,ERR,ERR,ERR,ERR,ERR,ERR,ERR,ERR,ERR,ERR,ERR,ERR,ERR,ERR,ERR,ERR,ERR,ERR,ERR,ERR,ERR,ERR,ERR,ERR,ERR,ERR,ERR,ERR,ERR,ERR,ERR,ERR,ERR,ERR,ERR,ERR,ERR,ERR,ERR,ERR,ERR,ERR,ERR,ERR,ERR,ERR,ERR,ERR,ERR,ERR,ERR,ERR,ERR,ERR,ERR,ERR,ERR,ERR,ERR,ERR,ERR,ERR,ERR,ERR,ERR,ERR,ERR,ERR,ERR,ERR,ERR,ERR,ERR,ERR,ERR,ERR,ERR,ERR,ERR,ERR,ERR,ERR,ERR,ERR,ERR,ERR,ERR,ERR,ERR,ERR,-0.0,2.718431101732002e+23,-0.0,0.0,0.0,1.3936040501711995e+18,7.805,237259152.0,0,0,4,48933,6720,14723890282496.0,100,0.0,0.0,0.0,-0.0,0.0,0,0,0,0,0.0,0,0,0,0,0,0,0,0,0,0,0,0,0,0,0,0,0,0,0,0,0,0,0,0,0,0,0,0,0,0,0,0,0,26,51,50,76,65476,0,300,0,0,8,21553,0.0,-107605600.0,0.0,0.0,0.0,0.0,0.0,0.0,0.0,0.0,0.0,0.0,0.0,0.0,0.0,0.0,0.0,0.0,0.0,0.0,0.0,0.0,0.0,-0.0,0.0,2.004,0.0,0.0,0.0,0.0,4762.0,-0.0,7285.0,-0.0,2.718431101732002e+23,-107615360.0,0.0,0.0,0.0,0.0,0.0,77,4.066880858845495e+29,126840455168.0,0.0,0.0,0.0,0.0,0.0,0.0,0.0,0,0,0,0.0,0.0,0.0,0.0,0.0,0.0,0.0,0.0,0.0,0.0,0.0,0.0,0.0,0.0,0.0,0.0,0,-107875648.0,77,0.0,154,0.0,-0.0,ERR,ERR,ERR,ERR,ERR,ERR,ERR,ERR,ERR,ERR,ERR,ERR,ERR,ERR,ERR,ERR,ERR,ERR,ERR,ERR,ERR,ERR,ERR,ERR,ERR,ERR,ERR,ERR,ERR,ERR,ERR,ERR,ERR,ERR,ERR,ERR,ERR,ERR,ERR,ERR,ERR,ERR,ERR,ERR,ERR,ERR,ERR,ERR,ERR,ERR,ERR,ERR,ERR,ERR,ERR,ERR,ERR,ERR,ERR,ERR,ERR,ERR,ERR,ERR,ERR,ERR,ERR,34.0,80.0,35,0.0,0.0,0.0,0.0,0.0,0.0,0.0,0.0,0.0,0.0,0.0,0.0,0.0,0.0,0.0,0.0,66.4,0,120,58,54,65476,0,300,0,0,8,20529,65476,0,0,57672,80.0,0.0,0.0,0.0,0.0,0.0
2026-06-18T02:22:38,ERR,ERR,ERR,ERR,ERR,ERR,ERR,ERR,ERR,ERR,ERR,ERR,ERR,ERR,ERR,ERR,ERR,ERR,ERR,ERR,ERR,ERR,ERR,ERR,ERR,ERR,ERR,ERR,ERR,ERR,ERR,ERR,ERR,ERR,ERR,ERR,ERR,ERR,ERR,ERR,ERR,ERR,ERR,ERR,ERR,ERR,ERR,ERR,ERR,ERR,ERR,ERR,ERR,ERR,ERR,ERR,ERR,ERR,ERR,ERR,ERR,ERR,ERR,ERR,ERR,ERR,ERR,ERR,ERR,ERR,ERR,ERR,ERR,ERR,ERR,ERR,ERR,ERR,ERR,ERR,ERR,ERR,ERR,ERR,ERR,ERR,ERR,ERR,ERR,ERR,ERR,ERR,ERR,ERR,ERR,ERR,ERR,ERR,ERR,ERR,ERR,ERR,ERR,ERR,ERR,ERR,ERR,ERR,ERR,ERR,ERR,ERR,ERR,ERR,ERR,ERR,ERR,ERR,ERR,ERR,ERR,ERR,ERR,ERR,ERR,-0.0,2.718431101732002e+23,-0.0,0.0,0.0,1.3936040501711995e+18,7.805,237259152.0,0,0,4,48933,6720,14723890282496.0,100,0.0,0.0,0.0,-0.0,0.0,0,0,0,0,0.0,0,0,0,0,0,0,0,0,0,0,0,0,0,0,0,0,0,0,0,0,0,0,0,0,0,0,0,0,0,0,0,0,0,26,51,50,76,65476,0,300,0,0,8,21553,0.0,-107605600.0,0.0,0.0,0.0,0.0,0.0,0.0,0.0,0.0,0.0,0.0,0.0,0.0,0.0,0.0,0.0,0.0,0.0,0.0,0.0,0.0,0.0,-0.0,0.0,2.004,0.0,0.0,0.0,0.0,4762.0,-0.0,7285.0,-0.0,2.718431101732002e+23,-107615360.0,0.0,0.0,0.0,0.0,0.0,77,4.066880858845495e+29,126840455168.0,0.0,0.0,0.0,0.0,0.0,0.0,0.0,0,0,0,0.0,0.0,0.0,0.0,0.0,0.0,0.0,0.0,0.0,0.0,0.0,0.0,0.0,0.0,0.0,0.0,0,-107875648.0,77,0.0,154,0.0,-0.0,ERR,ERR,ERR,ERR,ERR,ERR,ERR,ERR,ERR,ERR,ERR,ERR,ERR,ERR,ERR,ERR,ERR,ERR,ERR,ERR,ERR,ERR,ERR,ERR,ERR,ERR,ERR,ERR,ERR,ERR,ERR,ERR,ERR,ERR,ERR,ERR,ERR,ERR,ERR,ERR,ERR,ERR,ERR,ERR,ERR,ERR,ERR,ERR,ERR,ERR,ERR,ERR,ERR,ERR,ERR,ERR,ERR,ERR,ERR,ERR,ERR,ERR,ERR,ERR,ERR,ERR,ERR,34.0,80.0,35,0.0,0.0,0.0,0.0,0.0,0.0,0.0,0.0,0.0,0.0,0.0,0.0,0.0,0.0,0.0,0.0,66.0,0,120,58,54,65476,0,300,0,0,8,20529,65476,0,0,57672,80.0,0.0,0.0,0.0,0.0,0.0
2026-06-18T02:22:39,ERR,ERR,ERR,ERR,ERR,ERR,ERR,ERR,ERR,ERR,ERR,ERR,ERR,ERR,ERR,ERR,ERR,ERR,ERR,ERR,ERR,ERR,ERR,ERR,ERR,ERR,ERR,ERR,ERR,ERR,ERR,ERR,ERR,ERR,ERR,ERR,ERR,ERR,ERR,ERR,ERR,ERR,ERR,ERR,ERR,ERR,ERR,ERR,ERR,ERR,ERR,ERR,ERR,ERR,ERR,ERR,ERR,ERR,ERR,ERR,ERR,ERR,ERR,ERR,ERR,ERR,ERR,ERR,ERR,ERR,ERR,ERR,ERR,ERR,ERR,ERR,ERR,ERR,ERR,ERR,ERR,ERR,ERR,ERR,ERR,ERR,ERR,ERR,ERR,ERR,ERR,ERR,ERR,ERR,ERR,ERR,ERR,ERR,ERR,ERR,ERR,ERR,ERR,ERR,ERR,ERR,ERR,ERR,ERR,ERR,ERR,ERR,ERR,ERR,ERR,ERR,ERR,ERR,ERR,ERR,ERR,ERR,ERR,ERR,ERR,-0.0,2.718431101732002e+23,-0.0,0.0,0.0,1.3936040501711995e+18,7.805,237259152.0,0,0,4,48933,6720,14723890282496.0,100,0.0,0.0,0.0,-0.0,0.0,0,0,0,0,0.0,0,0,0,0,0,0,0,0,0,0,0,0,0,0,0,0,0,0,0,0,0,0,0,0,0,0,0,0,0,0,0,0,0,26,51,50,76,65476,0,300,0,0,8,21553,0.0,-107605600.0,0.0,0.0,0.0,0.0,0.0,0.0,0.0,0.0,0.0,0.0,0.0,0.0,0.0,0.0,0.0,0.0,0.0,0.0,0.0,0.0,0.0,-0.0,0.0,2.004,0.0,0.0,0.0,0.0,4762.0,-0.0,7285.0,-0.0,2.718431101732002e+23,-107615360.0,0.0,0.0,0.0,0.0,0.0,77,4.066880858845495e+29,126840455168.0,0.0,0.0,0.0,0.0,0.0,0.0,0.0,0,0,0,0.0,0.0,0.0,0.0,0.0,0.0,0.0,0.0,0.0,0.0,0.0,0.0,0.0,0.0,0.0,0.0,0,-107875648.0,77,0.0,154,0.0,-0.0,ERR,ERR,ERR,ERR,ERR,ERR,ERR,ERR,ERR,ERR,ERR,ERR,ERR,ERR,ERR,ERR,ERR,ERR,ERR,ERR,ERR,ERR,ERR,ERR,ERR,ERR,ERR,ERR,ERR,ERR,ERR,ERR,ERR,ERR,ERR,ERR,ERR,ERR,ERR,ERR,ERR,ERR,ERR,ERR,ERR,ERR,ERR,ERR,ERR,ERR,ERR,ERR,ERR,ERR,ERR,ERR,ERR,ERR,ERR,ERR,ERR,ERR,ERR,ERR,ERR,ERR,ERR,34.0,80.0,35,0.0,0.0,0.0,0.0,0.0,0.0,0.0,0.0,0.0,0.0,0.0,0.0,0.0,0.0,0.0,0.0,66.0,0,120,58,54,65476,0,300,0,0,8,20529,65476,0,0,57672,80.0,0.0,0.0,0.0,0.0,0.0
2026-06-18T02:22:40,ERR,ERR,ERR,ERR,ERR,ERR,ERR,ERR,ERR,ERR,ERR,ERR,ERR,ERR,ERR,ERR,ERR,ERR,ERR,ERR,ERR,ERR,ERR,ERR,ERR,ERR,ERR,ERR,ERR,ERR,ERR,ERR,ERR,ERR,ERR,ERR,ERR,ERR,ERR,ERR,ERR,ERR,ERR,ERR,ERR,ERR,ERR,ERR,ERR,ERR,ERR,ERR,ERR,ERR,ERR,ERR,ERR,ERR,ERR,ERR,ERR,ERR,ERR,ERR,ERR,ERR,ERR,ERR,ERR,ERR,ERR,ERR,ERR,ERR,ERR,ERR,ERR,ERR,ERR,ERR,ERR,ERR,ERR,ERR,ERR,ERR,ERR,ERR,ERR,ERR,ERR,ERR,ERR,ERR,ERR,ERR,ERR,ERR,ERR,ERR,ERR,ERR,ERR,ERR,ERR,ERR,ERR,ERR,ERR,ERR,ERR,ERR,ERR,ERR,ERR,ERR,ERR,ERR,ERR,ERR,ERR,ERR,ERR,ERR,ERR,-0.0,2.718431101732002e+23,-0.0,0.0,0.0,1.3936040501711995e+18,7.805,237259152.0,0,0,4,48933,6720,14723890282496.0,100,0.0,0.0,0.0,-0.0,0.0,0,0,0,0,0.0,0,0,0,0,0,0,0,0,0,0,0,0,0,0,0,0,0,0,0,0,0,0,0,0,0,0,0,0,0,0,0,0,0,26,51,50,76,65476,0,300,0,0,8,21553,0.0,-107605600.0,0.0,0.0,0.0,0.0,0.0,0.0,0.0,0.0,0.0,0.0,0.0,0.0,0.0,0.0,0.0,0.0,0.0,0.0,0.0,0.0,0.0,-0.0,0.0,2.004,0.0,0.0,0.0,0.0,4762.0,-0.0,7285.0,-0.0,2.718431101732002e+23,-107615360.0,0.0,0.0,0.0,0.0,0.0,77,4.066880858845495e+29,126840455168.0,0.0,0.0,0.0,0.0,0.0,0.0,0.0,0,0,0,0.0,0.0,0.0,0.0,0.0,0.0,0.0,0.0,0.0,0.0,0.0,0.0,0.0,0.0,0.0,0.0,0,-107875648.0,77,0.0,154,0.0,-0.0,ERR,ERR,ERR,ERR,ERR,ERR,ERR,ERR,ERR,ERR,ERR,ERR,ERR,ERR,ERR,ERR,ERR,ERR,ERR,ERR,ERR,ERR,ERR,ERR,ERR,ERR,ERR,ERR,ERR,ERR,ERR,ERR,ERR,ERR,ERR,ERR,ERR,ERR,ERR,ERR,ERR,ERR,ERR,ERR,ERR,ERR,ERR,ERR,ERR,ERR,ERR,ERR,ERR,ERR,ERR,ERR,ERR,ERR,ERR,ERR,ERR,ERR,ERR,ERR,ERR,ERR,ERR,34.0,80.0,35,0.0,0.0,0.0,0.0,0.0,0.0,0.0,0.0,0.0,0.0,0.0,0.0,0.0,0.0,0.0,0.0,66.4,0,120,58,54,65476,0,300,0,0,8,20529,65476,0,0,57672,80.0,0.0,0.0,0.0,0.0,0.0
2026-06-18T02:22:41,ERR,ERR,ERR,ERR,ERR,ERR,ERR,ERR,ERR,ERR,ERR,ERR,ERR,ERR,ERR,ERR,ERR,ERR,ERR,ERR,ERR,ERR,ERR,ERR,ERR,ERR,ERR,ERR,ERR,ERR,ERR,ERR,ERR,ERR,ERR,ERR,ERR,ERR,ERR,ERR,ERR,ERR,ERR,ERR,ERR,ERR,ERR,ERR,ERR,ERR,ERR,ERR,ERR,ERR,ERR,ERR,ERR,ERR,ERR,ERR,ERR,ERR,ERR,ERR,ERR,ERR,ERR,ERR,ERR,ERR,ERR,ERR,ERR,ERR,ERR,ERR,ERR,ERR,ERR,ERR,ERR,ERR,ERR,ERR,ERR,ERR,ERR,ERR,ERR,ERR,ERR,ERR,ERR,ERR,ERR,ERR,ERR,ERR,ERR,ERR,ERR,ERR,ERR,ERR,ERR,ERR,ERR,ERR,ERR,ERR,ERR,ERR,ERR,ERR,ERR,ERR,ERR,ERR,ERR,ERR,ERR,ERR,ERR,ERR,ERR,-0.0,2.718431101732002e+23,-0.0,0.0,0.0,1.3936040501711995e+18,7.805,237259152.0,0,0,4,48933,6720,14723890282496.0,100,0.0,0.0,0.0,-0.0,0.0,0,0,0,0,0.0,0,0,0,0,0,0,0,0,0,0,0,0,0,0,0,0,0,0,0,0,0,0,0,0,0,0,0,0,0,0,0,0,0,26,51,50,76,65476,0,300,0,0,8,21553,0.0,-107605600.0,0.0,0.0,0.0,0.0,0.0,0.0,0.0,0.0,0.0,0.0,0.0,0.0,0.0,0.0,0.0,0.0,0.0,0.0,0.0,0.0,0.0,-0.0,0.0,2.004,0.0,0.0,0.0,0.0,4762.0,-0.0,7285.0,-0.0,2.718431101732002e+23,-107615360.0,0.0,0.0,0.0,0.0,0.0,77,4.066880858845495e+29,126840455168.0,0.0,0.0,0.0,0.0,0.0,0.0,0.0,0,0,0,0.0,0.0,0.0,0.0,0.0,0.0,0.0,0.0,0.0,0.0,0.0,0.0,0.0,0.0,0.0,0.0,0,-107875648.0,77,0.0,154,0.0,-0.0,ERR,ERR,ERR,ERR,ERR,ERR,ERR,ERR,ERR,ERR,ERR,ERR,ERR,ERR,ERR,ERR,ERR,ERR,ERR,ERR,ERR,ERR,ERR,ERR,ERR,ERR,ERR,ERR,ERR,ERR,ERR,ERR,ERR,ERR,ERR,ERR,ERR,ERR,ERR,ERR,ERR,ERR,ERR,ERR,ERR,ERR,ERR,ERR,ERR,ERR,ERR,ERR,ERR,ERR,ERR,ERR,ERR,ERR,ERR,ERR,ERR,ERR,ERR,ERR,ERR,ERR,ERR,34.0,80.0,35,0.0,0.0,0.0,0.0,0.0,0.0,0.0,0.0,0.0,0.0,0.0,0.0,0.0,0.0,0.0,0.0,66.4,0,120,58,54,65476,0,300,0,0,8,20529,65476,0,0,57672,80.0,0.0,0.0,0.0,0.0,0.0
2026-06-18T02:22:42,ERR,ERR,ERR,ERR,ERR,ERR,ERR,ERR,ERR,ERR,ERR,ERR,ERR,ERR,ERR,ERR,ERR,ERR,ERR,ERR,ERR,ERR,ERR,ERR,ERR,ERR,ERR,ERR,ERR,ERR,ERR,ERR,ERR,ERR,ERR,ERR,ERR,ERR,ERR,ERR,ERR,ERR,ERR,ERR,ERR,ERR,ERR,ERR,ERR,ERR,ERR,ERR,ERR,ERR,ERR,ERR,ERR,ERR,ERR,ERR,ERR,ERR,ERR,ERR,ERR,ERR,ERR,ERR,ERR,ERR,ERR,ERR,ERR,ERR,ERR,ERR,ERR,ERR,ERR,ERR,ERR,ERR,ERR,ERR,ERR,ERR,ERR,ERR,ERR,ERR,ERR,ERR,ERR,ERR,ERR,ERR,ERR,ERR,ERR,ERR,ERR,ERR,ERR,ERR,ERR,ERR,ERR,ERR,ERR,ERR,ERR,ERR,ERR,ERR,ERR,ERR,ERR,ERR,ERR,ERR,ERR,ERR,ERR,ERR,ERR,-0.0,2.718431101732002e+23,-0.0,-4.9501291711397626e+32,-0.0,1.3936040501711995e+18,7.805,-0.0,0,0,4,48929,6720,14723890282496.0,100,0.0,0.0,0.0,-4.9501291711397626e+32,0.0,0,0,0,0,0.0,0,0,0,0,0,0,0,0,0,0,0,0,0,0,0,0,0,0,0,0,0,0,0,0,0,0,0,0,0,0,0,0,0,26,51,50,76,65476,0,300,0,0,8,21553,0.0,-107605600.0,0.0,0.0,0.0,0.0,0.0,0.0,0.0,0.0,0.0,0.0,0.0,0.0,0.0,0.0,0.0,0.0,0.0,0.0,0.0,0.0,0.0,-0.0,0.0,2.004,0.0,0.0,0.0,0.0,4762.0,-0.0,7285.0,-0.0,2.718431101732002e+23,-107615360.0,0.0,0.0,0.0,0.0,0.0,77,-0.0,89220.484,0.0,0.0,0.0,0.0,0.0,0.0,0.0,0,0,0,0.0,0.0,0.0,0.0,0.0,0.0,0.0,0.0,0.0,0.0,0.0,0.0,0.0,0.0,0.0,0.0,0,-107875648.0,77,0.0,154,0.0,-0.0,ERR,ERR,ERR,ERR,ERR,ERR,ERR,ERR,ERR,ERR,ERR,ERR,ERR,ERR,ERR,ERR,ERR,ERR,ERR,ERR,ERR,ERR,ERR,ERR,ERR,ERR,ERR,ERR,ERR,ERR,ERR,ERR,ERR,ERR,ERR,ERR,ERR,ERR,ERR,ERR,ERR,ERR,ERR,ERR,ERR,ERR,ERR,ERR,ERR,ERR,ERR,ERR,ERR,ERR,ERR,ERR,ERR,ERR,ERR,ERR,ERR,ERR,ERR,ERR,ERR,ERR,ERR,34.0,80.0,35,0.0,0.0,0.0,0.0,0.0,0.0,0.0,0.0,0.0,0.0,0.0,0.0,0.0,0.0,0.0,0.0,66.0,0,120,58,54,65476,0,300,0,0,8,20529,65476,0,0,57672,80.0,0.0,0.0,0.0,0.0,0.0
2026-06-18T02:22:43,ERR,ERR,ERR,ERR,ERR,ERR,ERR,ERR,ERR,ERR,ERR,ERR,ERR,ERR,ERR,ERR,ERR,ERR,ERR,ERR,ERR,ERR,ERR,ERR,ERR,ERR,ERR,ERR,ERR,ERR,ERR,ERR,ERR,ERR,ERR,ERR,ERR,ERR,ERR,ERR,ERR,ERR,ERR,ERR,ERR,ERR,ERR,ERR,ERR,ERR,ERR,ERR,ERR,ERR,ERR,ERR,ERR,ERR,ERR,ERR,ERR,ERR,ERR,ERR,ERR,ERR,ERR,ERR,ERR,ERR,ERR,ERR,ERR,ERR,ERR,ERR,ERR,ERR,ERR,ERR,ERR,ERR,ERR,ERR,ERR,ERR,ERR,ERR,ERR,ERR,ERR,ERR,ERR,ERR,ERR,ERR,ERR,ERR,ERR,ERR,ERR,ERR,ERR,ERR,ERR,ERR,ERR,ERR,ERR,ERR,ERR,ERR,ERR,ERR,ERR,ERR,ERR,ERR,ERR,ERR,ERR,ERR,ERR,ERR,ERR,-0.0,2.718431101732002e+23,-0.0,-4.9501291711397626e+32,-0.0,1.3936040501711995e+18,7.805,-0.0,0,0,4,48929,6720,14723890282496.0,100,0.0,0.0,0.0,-4.9501291711397626e+32,0.0,0,0,0,0,0.0,0,0,0,0,0,0,0,0,0,0,0,0,0,0,0,0,0,0,0,0,0,0,0,0,0,0,0,0,0,0,0,0,0,26,51,50,76,65476,0,300,0,0,8,21553,0.0,-107605600.0,0.0,0.0,0.0,0.0,0.0,0.0,0.0,0.0,0.0,0.0,0.0,0.0,0.0,0.0,0.0,0.0,0.0,0.0,0.0,0.0,0.0,-0.0,0.0,2.004,0.0,0.0,0.0,0.0,4762.0,-0.0,7285.0,-0.0,2.718431101732002e+23,-107615360.0,0.0,0.0,0.0,0.0,0.0,77,-0.0,89220.484,0.0,0.0,0.0,0.0,0.0,0.0,0.0,0,0,0,0.0,0.0,0.0,0.0,0.0,0.0,0.0,0.0,0.0,0.0,0.0,0.0,0.0,0.0,0.0,0.0,0,-107875648.0,77,0.0,154,0.0,-0.0,ERR,ERR,ERR,ERR,ERR,ERR,ERR,ERR,ERR,ERR,ERR,ERR,ERR,ERR,ERR,ERR,ERR,ERR,ERR,ERR,ERR,ERR,ERR,ERR,ERR,ERR,ERR,ERR,ERR,ERR,ERR,ERR,ERR,ERR,ERR,ERR,ERR,ERR,ERR,ERR,ERR,ERR,ERR,ERR,ERR,ERR,ERR,ERR,ERR,ERR,ERR,ERR,ERR,ERR,ERR,ERR,ERR,ERR,ERR,ERR,ERR,ERR,ERR,ERR,ERR,ERR,ERR,34.0,80.0,35,0.0,0.0,0.0,0.0,0.0,0.0,0.0,0.0,0.0,0.0,0.0,0.0,0.0,0.0,0.0,0.0,66.0,0,120,58,54,65476,0,300,0,0,8,20529,65476,0,0,57672,80.0,0.0,0.0,0.0,0.0,0.0
2026-06-18T02:22:44,ERR,ERR,ERR,ERR,ERR,ERR,ERR,ERR,ERR,ERR,ERR,ERR,ERR,ERR,ERR,ERR,ERR,ERR,ERR,ERR,ERR,ERR,ERR,ERR,ERR,ERR,ERR,ERR,ERR,ERR,ERR,ERR,ERR,ERR,ERR,ERR,ERR,ERR,ERR,ERR,ERR,ERR,ERR,ERR,ERR,ERR,ERR,ERR,ERR,ERR,ERR,ERR,ERR,ERR,ERR,ERR,ERR,ERR,ERR,ERR,ERR,ERR,ERR,ERR,ERR,ERR,ERR,ERR,ERR,ERR,ERR,ERR,ERR,ERR,ERR,ERR,ERR,ERR,ERR,ERR,ERR,ERR,ERR,ERR,ERR,ERR,ERR,ERR,ERR,ERR,ERR,ERR,ERR,ERR,ERR,ERR,ERR,ERR,ERR,ERR,ERR,ERR,ERR,ERR,ERR,ERR,ERR,ERR,ERR,ERR,ERR,ERR,ERR,ERR,ERR,ERR,ERR,ERR,ERR,ERR,ERR,ERR,ERR,ERR,ERR,-0.0,2.718431101732002e+23,-0.0,-4.9501291711397626e+32,-0.0,1.3936040501711995e+18,7.805,-0.0,0,0,4,48929,6720,14723890282496.0,100,0.0,0.0,0.0,-4.9501291711397626e+32,0.0,0,0,0,0,0.0,0,0,0,0,0,0,0,0,0,0,0,0,0,0,0,0,0,0,0,0,0,0,0,0,0,0,0,0,0,0,0,0,0,26,51,50,76,65476,0,300,0,0,8,21553,0.0,-107605600.0,0.0,0.0,0.0,0.0,0.0,0.0,0.0,0.0,0.0,0.0,0.0,0.0,0.0,0.0,0.0,0.0,0.0,0.0,0.0,0.0,0.0,-0.0,0.0,2.004,0.0,0.0,0.0,0.0,4762.0,-0.0,7285.0,-0.0,2.718431101732002e+23,-107615360.0,0.0,0.0,0.0,0.0,0.0,77,-0.0,89220.484,0.0,0.0,0.0,0.0,0.0,0.0,0.0,0,0,0,0.0,0.0,0.0,0.0,0.0,0.0,0.0,0.0,0.0,0.0,0.0,0.0,0.0,0.0,0.0,0.0,0,-107875648.0,77,0.0,154,0.0,-0.0,ERR,ERR,ERR,ERR,ERR,ERR,ERR,ERR,ERR,ERR,ERR,ERR,ERR,ERR,ERR,ERR,ERR,ERR,ERR,ERR,ERR,ERR,ERR,ERR,ERR,ERR,ERR,ERR,ERR,ERR,ERR,ERR,ERR,ERR,ERR,ERR,ERR,ERR,ERR,ERR,ERR,ERR,ERR,ERR,ERR,ERR,ERR,ERR,ERR,ERR,ERR,ERR,ERR,ERR,ERR,ERR,ERR,ERR,ERR,ERR,ERR,ERR,ERR,ERR,ERR,ERR,ERR,34.0,80.0,35,0.0,0.0,0.0,0.0,0.0,0.0,0.0,0.0,0.0,0.0,0.0,0.0,0.0,0.0,0.0,0.0,66.0,0,120,58,54,65476,0,300,0,0,8,20529,65476,0,0,57672,80.0,0.0,0.0,0.0,0.0,0.0
2026-06-18T02:22:45,ERR,ERR,ERR,ERR,ERR,ERR,ERR,ERR,ERR,ERR,ERR,ERR,ERR,ERR,ERR,ERR,ERR,ERR,ERR,ERR,ERR,ERR,ERR,ERR,ERR,ERR,ERR,ERR,ERR,ERR,ERR,ERR,ERR,ERR,ERR,ERR,ERR,ERR,ERR,ERR,ERR,ERR,ERR,ERR,ERR,ERR,ERR,ERR,ERR,ERR,ERR,ERR,ERR,ERR,ERR,ERR,ERR,ERR,ERR,ERR,ERR,ERR,ERR,ERR,ERR,ERR,ERR,ERR,ERR,ERR,ERR,ERR,ERR,ERR,ERR,ERR,ERR,ERR,ERR,ERR,ERR,ERR,ERR,ERR,ERR,ERR,ERR,ERR,ERR,ERR,ERR,ERR,ERR,ERR,ERR,ERR,ERR,ERR,ERR,ERR,ERR,ERR,ERR,ERR,ERR,ERR,ERR,ERR,ERR,ERR,ERR,ERR,ERR,ERR,ERR,ERR,ERR,ERR,ERR,ERR,ERR,ERR,ERR,ERR,ERR,-0.0,2.718431101732002e+23,-0.0,-4.9501291711397626e+32,-0.0,1.3936040501711995e+18,7.805,-0.0,0,0,4,48929,6720,14723890282496.0,100,0.0,0.0,0.0,-4.9501291711397626e+32,0.0,0,0,0,0,0.0,0,0,0,0,0,0,0,0,0,0,0,0,0,0,0,0,0,0,0,0,0,0,0,0,0,0,0,0,0,0,0,0,0,26,51,50,76,65476,0,300,0,0,8,21553,0.0,-107605600.0,0.0,0.0,0.0,0.0,0.0,0.0,0.0,0.0,0.0,0.0,0.0,0.0,0.0,0.0,0.0,0.0,0.0,0.0,0.0,0.0,0.0,-0.0,0.0,2.004,0.0,0.0,0.0,0.0,4762.0,-0.0,7285.0,-0.0,2.718431101732002e+23,-107615360.0,0.0,0.0,0.0,0.0,0.0,77,-0.0,89220.484,0.0,0.0,0.0,0.0,0.0,0.0,0.0,0,0,0,0.0,0.0,0.0,0.0,0.0,0.0,0.0,0.0,0.0,0.0,0.0,0.0,0.0,0.0,0.0,0.0,0,-107875648.0,77,0.0,154,0.0,-0.0,ERR,ERR,ERR,ERR,ERR,ERR,ERR,ERR,ERR,ERR,ERR,ERR,ERR,ERR,ERR,ERR,ERR,ERR,ERR,ERR,ERR,ERR,ERR,ERR,ERR,ERR,ERR,ERR,ERR,ERR,ERR,ERR,ERR,ERR,ERR,ERR,ERR,ERR,ERR,ERR,ERR,ERR,ERR,ERR,ERR,ERR,ERR,ERR,ERR,ERR,ERR,ERR,ERR,ERR,ERR,ERR,ERR,ERR,ERR,ERR,ERR,ERR,ERR,ERR,ERR,ERR,ERR,34.0,80.0,35,0.0,0.0,0.0,0.0,0.0,0.0,0.0,0.0,0.0,0.0,0.0,0.0,0.0,0.0,0.0,0.0,66.4,0,120,58,54,65476,0,300,0,0,8,20529,65476,0,0,57672,80.0,0.0,0.0,0.0,0.0,0.0
2026-06-18T02:22:46,ERR,ERR,ERR,ERR,ERR,ERR,ERR,ERR,ERR,ERR,ERR,ERR,ERR,ERR,ERR,ERR,ERR,ERR,ERR,ERR,ERR,ERR,ERR,ERR,ERR,ERR,ERR,ERR,ERR,ERR,ERR,ERR,ERR,ERR,ERR,ERR,ERR,ERR,ERR,ERR,ERR,ERR,ERR,ERR,ERR,ERR,ERR,ERR,ERR,ERR,ERR,ERR,ERR,ERR,ERR,ERR,ERR,ERR,ERR,ERR,ERR,ERR,ERR,ERR,ERR,ERR,ERR,ERR,ERR,ERR,ERR,ERR,ERR,ERR,ERR,ERR,ERR,ERR,ERR,ERR,ERR,ERR,ERR,ERR,ERR,ERR,ERR,ERR,ERR,ERR,ERR,ERR,ERR,ERR,ERR,ERR,ERR,ERR,ERR,ERR,ERR,ERR,ERR,ERR,ERR,ERR,ERR,ERR,ERR,ERR,ERR,ERR,ERR,ERR,ERR,ERR,ERR,ERR,ERR,ERR,ERR,ERR,ERR,ERR,ERR,-0.0,2.718431101732002e+23,-0.0,-4.9501291711397626e+32,-0.0,1.3936040501711995e+18,7.805,-0.0,0,0,4,48929,6720,14723890282496.0,100,0.0,0.0,0.0,-4.9501291711397626e+32,0.0,0,0,0,0,0.0,0,0,0,0,0,0,0,0,0,0,0,0,0,0,0,0,0,0,0,0,0,0,0,0,0,0,0,0,0,0,0,0,0,26,51,50,76,65476,0,300,0,0,8,21553,0.0,-107605600.0,0.0,0.0,0.0,0.0,0.0,0.0,0.0,0.0,0.0,0.0,0.0,0.0,0.0,0.0,0.0,0.0,0.0,0.0,0.0,0.0,0.0,-0.0,0.0,2.004,0.0,0.0,0.0,0.0,4762.0,-0.0,7285.0,-0.0,2.718431101732002e+23,-107615360.0,0.0,0.0,0.0,0.0,0.0,77,-0.0,89220.484,0.0,0.0,0.0,0.0,0.0,0.0,0.0,0,0,0,0.0,0.0,0.0,0.0,0.0,0.0,0.0,0.0,0.0,0.0,0.0,0.0,0.0,0.0,0.0,0.0,0,-107875648.0,77,0.0,154,0.0,-0.0,ERR,ERR,ERR,ERR,ERR,ERR,ERR,ERR,ERR,ERR,ERR,ERR,ERR,ERR,ERR,ERR,ERR,ERR,ERR,ERR,ERR,ERR,ERR,ERR,ERR,ERR,ERR,ERR,ERR,ERR,ERR,ERR,ERR,ERR,ERR,ERR,ERR,ERR,ERR,ERR,ERR,ERR,ERR,ERR,ERR,ERR,ERR,ERR,ERR,ERR,ERR,ERR,ERR,ERR,ERR,ERR,ERR,ERR,ERR,ERR,ERR,ERR,ERR,ERR,ERR,ERR,ERR,34.0,80.0,35,0.0,0.0,0.0,0.0,0.0,0.0,0.0,0.0,0.0,0.0,0.0,0.0,0.0,0.0,0.0,0.0,66.4,0,120,58,54,65476,0,300,0,0,8,20529,65476,0,0,57672,80.0,0.0,0.0,0.0,0.0,0.0
2026-06-18T02:22:47,ERR,ERR,ERR,ERR,ERR,ERR,ERR,ERR,ERR,ERR,ERR,ERR,ERR,ERR,ERR,ERR,ERR,ERR,ERR,ERR,ERR,ERR,ERR,ERR,ERR,ERR,ERR,ERR,ERR,ERR,ERR,ERR,ERR,ERR,ERR,ERR,ERR,ERR,ERR,ERR,ERR,ERR,ERR,ERR,ERR,ERR,ERR,ERR,ERR,ERR,ERR,ERR,ERR,ERR,ERR,ERR,ERR,ERR,ERR,ERR,ERR,ERR,ERR,ERR,ERR,ERR,ERR,ERR,ERR,ERR,ERR,ERR,ERR,ERR,ERR,ERR,ERR,ERR,ERR,ERR,ERR,ERR,ERR,ERR,ERR,ERR,ERR,ERR,ERR,ERR,ERR,ERR,ERR,ERR,ERR,ERR,ERR,ERR,ERR,ERR,ERR,ERR,ERR,ERR,ERR,ERR,ERR,ERR,ERR,ERR,ERR,ERR,ERR,ERR,ERR,ERR,ERR,ERR,ERR,ERR,ERR,ERR,ERR,ERR,ERR,-0.0,2.718431101732002e+23,-0.0,-0.0,0.0,1.3936040501711995e+18,7.805,2.395,0,0,4,48929,6720,14723890282496.0,100,0.0,0.0,0.0,-0.0,0.0,0,0,0,0,0.0,0,0,0,0,0,0,0,0,0,0,0,0,0,0,0,0,0,0,0,0,0,0,0,0,0,0,0,0,0,0,0,0,0,26,51,50,76,65476,0,300,0,0,8,21553,0.0,-107605600.0,0.0,0.0,0.0,0.0,0.0,0.0,0.0,0.0,0.0,0.0,0.0,0.0,0.0,0.0,0.0,0.0,0.0,0.0,0.0,0.0,0.0,-0.0,0.0,2.004,0.0,0.0,0.0,0.0,4762.0,-2.004,7288.0,-0.0,2.718431101732002e+23,-107615360.0,0.0,0.0,0.0,0.0,0.0,77,-0.0,2.718415609349284e+23,0.0,0.0,0.0,0.0,0.0,0.0,0.0,0,0,0,0.0,0.0,0.0,0.0,0.0,0.0,0.0,0.0,0.0,0.0,0.0,0.0,0.0,0.0,0.0,0.0,0,-107875648.0,77,0.0,154,0.0,-0.0,ERR,ERR,ERR,ERR,ERR,ERR,ERR,ERR,ERR,ERR,ERR,ERR,ERR,ERR,ERR,ERR,ERR,ERR,ERR,ERR,ERR,ERR,ERR,ERR,ERR,ERR,ERR,ERR,ERR,ERR,ERR,ERR,ERR,ERR,ERR,ERR,ERR,ERR,ERR,ERR,ERR,ERR,ERR,ERR,ERR,ERR,ERR,ERR,ERR,ERR,ERR,ERR,ERR,ERR,ERR,ERR,ERR,ERR,ERR,ERR,ERR,ERR,ERR,ERR,ERR,ERR,ERR,34.0,80.0,35,0.0,0.0,0.0,0.0,0.0,0.0,0.0,0.0,0.0,0.0,0.0,0.0,0.0,0.0,0.0,0.0,66.0,0,120,58,54,65476,0,300,0,0,8,20529,65476,0,0,57672,80.0,0.0,0.0,0.0,0.0,0.0
2026-06-18T02:22:48,ERR,ERR,ERR,ERR,ERR,ERR,ERR,ERR,ERR,ERR,ERR,ERR,ERR,ERR,ERR,ERR,ERR,ERR,ERR,ERR,ERR,ERR,ERR,ERR,ERR,ERR,ERR,ERR,ERR,ERR,ERR,ERR,ERR,ERR,ERR,ERR,ERR,ERR,ERR,ERR,ERR,ERR,ERR,ERR,ERR,ERR,ERR,ERR,ERR,ERR,ERR,ERR,ERR,ERR,ERR,ERR,ERR,ERR,ERR,ERR,ERR,ERR,ERR,ERR,ERR,ERR,ERR,ERR,ERR,ERR,ERR,ERR,ERR,ERR,ERR,ERR,ERR,ERR,ERR,ERR,ERR,ERR,ERR,ERR,ERR,ERR,ERR,ERR,ERR,ERR,ERR,ERR,ERR,ERR,ERR,ERR,ERR,ERR,ERR,ERR,ERR,ERR,ERR,ERR,ERR,ERR,ERR,ERR,ERR,ERR,ERR,ERR,ERR,ERR,ERR,ERR,ERR,ERR,ERR,ERR,ERR,ERR,ERR,ERR,ERR,-0.0,2.718431101732002e+23,-0.0,-0.0,0.0,1.3936040501711995e+18,7.805,2.395,0,0,4,48929,6720,14723890282496.0,100,0.0,0.0,0.0,-0.0,0.0,0,0,0,0,0.0,0,0,0,0,0,0,0,0,0,0,0,0,0,0,0,0,0,0,0,0,0,0,0,0,0,0,0,0,0,0,0,0,0,26,51,50,76,65476,0,300,0,0,8,21553,0.0,-107605600.0,0.0,0.0,0.0,0.0,0.0,0.0,0.0,0.0,0.0,0.0,0.0,0.0,0.0,0.0,0.0,0.0,0.0,0.0,0.0,0.0,0.0,-0.0,0.0,2.004,0.0,0.0,0.0,0.0,4762.0,-2.004,7288.0,-0.0,2.718431101732002e+23,-107615360.0,0.0,0.0,0.0,0.0,0.0,77,-0.0,2.718415609349284e+23,0.0,0.0,0.0,0.0,0.0,0.0,0.0,0,0,0,0.0,0.0,0.0,0.0,0.0,0.0,0.0,0.0,0.0,0.0,0.0,0.0,0.0,0.0,0.0,0.0,0,-107875648.0,77,0.0,154,0.0,-0.0,ERR,ERR,ERR,ERR,ERR,ERR,ERR,ERR,ERR,ERR,ERR,ERR,ERR,ERR,ERR,ERR,ERR,ERR,ERR,ERR,ERR,ERR,ERR,ERR,ERR,ERR,ERR,ERR,ERR,ERR,ERR,ERR,ERR,ERR,ERR,ERR,ERR,ERR,ERR,ERR,ERR,ERR,ERR,ERR,ERR,ERR,ERR,ERR,ERR,ERR,ERR,ERR,ERR,ERR,ERR,ERR,ERR,ERR,ERR,ERR,ERR,ERR,ERR,ERR,ERR,ERR,ERR,34.0,80.0,35,0.0,0.0,0.0,0.0,0.0,0.0,0.0,0.0,0.0,0.0,0.0,0.0,0.0,0.0,0.0,0.0,66.0,0,120,58,54,65476,0,300,0,0,8,20529,65476,0,0,57672,80.0,0.0,0.0,0.0,0.0,0.0
2026-06-18T02:22:49,ERR,ERR,ERR,ERR,ERR,ERR,ERR,ERR,ERR,ERR,ERR,ERR,ERR,ERR,ERR,ERR,ERR,ERR,ERR,ERR,ERR,ERR,ERR,ERR,ERR,ERR,ERR,ERR,ERR,ERR,ERR,ERR,ERR,ERR,ERR,ERR,ERR,ERR,ERR,ERR,ERR,ERR,ERR,ERR,ERR,ERR,ERR,ERR,ERR,ERR,ERR,ERR,ERR,ERR,ERR,ERR,ERR,ERR,ERR,ERR,ERR,ERR,ERR,ERR,ERR,ERR,ERR,ERR,ERR,ERR,ERR,ERR,ERR,ERR,ERR,ERR,ERR,ERR,ERR,ERR,ERR,ERR,ERR,ERR,ERR,ERR,ERR,ERR,ERR,ERR,ERR,ERR,ERR,ERR,ERR,ERR,ERR,ERR,ERR,ERR,ERR,ERR,ERR,ERR,ERR,ERR,ERR,ERR,ERR,ERR,ERR,ERR,ERR,ERR,ERR,ERR,ERR,ERR,ERR,ERR,ERR,ERR,ERR,ERR,ERR,-0.0,2.718431101732002e+23,-0.0,-0.0,0.0,1.3936040501711995e+18,7.805,2.395,0,0,4,48929,6720,14723890282496.0,100,0.0,0.0,0.0,-0.0,0.0,0,0,0,0,0.0,0,0,0,0,0,0,0,0,0,0,0,0,0,0,0,0,0,0,0,0,0,0,0,0,0,0,0,0,0,0,0,0,0,26,51,50,76,65476,0,300,0,0,8,21553,0.0,-107605600.0,0.0,0.0,0.0,0.0,0.0,0.0,0.0,0.0,0.0,0.0,0.0,0.0,0.0,0.0,0.0,0.0,0.0,0.0,0.0,0.0,0.0,-0.0,0.0,2.004,0.0,0.0,0.0,0.0,4762.0,-2.004,7288.0,-0.0,2.718431101732002e+23,-107615360.0,0.0,0.0,0.0,0.0,0.0,77,-0.0,2.718415609349284e+23,0.0,0.0,0.0,0.0,0.0,0.0,0.0,0,0,0,0.0,0.0,0.0,0.0,0.0,0.0,0.0,0.0,0.0,0.0,0.0,0.0,0.0,0.0,0.0,0.0,0,-107875648.0,77,0.0,154,0.0,-0.0,ERR,ERR,ERR,ERR,ERR,ERR,ERR,ERR,ERR,ERR,ERR,ERR,ERR,ERR,ERR,ERR,ERR,ERR,ERR,ERR,ERR,ERR,ERR,ERR,ERR,ERR,ERR,ERR,ERR,ERR,ERR,ERR,ERR,ERR,ERR,ERR,ERR,ERR,ERR,ERR,ERR,ERR,ERR,ERR,ERR,ERR,ERR,ERR,ERR,ERR,ERR,ERR,ERR,ERR,ERR,ERR,ERR,ERR,ERR,ERR,ERR,ERR,ERR,ERR,ERR,ERR,ERR,34.0,80.0,35,0.0,0.0,0.0,0.0,0.0,0.0,0.0,0.0,0.0,0.0,0.0,0.0,0.0,0.0,0.0,0.0,66.0,0,120,58,54,65476,0,300,0,0,8,20529,65476,0,0,57672,80.0,0.0,0.0,0.0,0.0,0.0
2026-06-18T02:22:50,ERR,ERR,ERR,ERR,ERR,ERR,ERR,ERR,ERR,ERR,ERR,ERR,ERR,ERR,ERR,ERR,ERR,ERR,ERR,ERR,ERR,ERR,ERR,ERR,ERR,ERR,ERR,ERR,ERR,ERR,ERR,ERR,ERR,ERR,ERR,ERR,ERR,ERR,ERR,ERR,ERR,ERR,ERR,ERR,ERR,ERR,ERR,ERR,ERR,ERR,ERR,ERR,ERR,ERR,ERR,ERR,ERR,ERR,ERR,ERR,ERR,ERR,ERR,ERR,ERR,ERR,ERR,ERR,ERR,ERR,ERR,ERR,ERR,ERR,ERR,ERR,ERR,ERR,ERR,ERR,ERR,ERR,ERR,ERR,ERR,ERR,ERR,ERR,ERR,ERR,ERR,ERR,ERR,ERR,ERR,ERR,ERR,ERR,ERR,ERR,ERR,ERR,ERR,ERR,ERR,ERR,ERR,ERR,ERR,ERR,ERR,ERR,ERR,ERR,ERR,ERR,ERR,ERR,ERR,ERR,ERR,ERR,ERR,ERR,ERR,-0.0,2.718431101732002e+23,-0.0,-0.0,0.0,1.3936040501711995e+18,7.805,2.395,0,0,4,48929,6720,14723890282496.0,100,0.0,0.0,0.0,-0.0,0.0,0,0,0,0,0.0,0,0,0,0,0,0,0,0,0,0,0,0,0,0,0,0,0,0,0,0,0,0,0,0,0,0,0,0,0,0,0,0,0,26,51,50,76,65476,0,300,0,0,8,21553,0.0,-107605600.0,0.0,0.0,0.0,0.0,0.0,0.0,0.0,0.0,0.0,0.0,0.0,0.0,0.0,0.0,0.0,0.0,0.0,0.0,0.0,0.0,0.0,-0.0,0.0,2.004,0.0,0.0,0.0,0.0,4762.0,-2.004,7288.0,-0.0,2.718431101732002e+23,-107615360.0,0.0,0.0,0.0,0.0,0.0,77,-0.0,2.718415609349284e+23,0.0,0.0,0.0,0.0,0.0,0.0,0.0,0,0,0,0.0,0.0,0.0,0.0,0.0,0.0,0.0,0.0,0.0,0.0,0.0,0.0,0.0,0.0,0.0,0.0,0,-107875648.0,77,0.0,154,0.0,-0.0,ERR,ERR,ERR,ERR,ERR,ERR,ERR,ERR,ERR,ERR,ERR,ERR,ERR,ERR,ERR,ERR,ERR,ERR,ERR,ERR,ERR,ERR,ERR,ERR,ERR,ERR,ERR,ERR,ERR,ERR,ERR,ERR,ERR,ERR,ERR,ERR,ERR,ERR,ERR,ERR,ERR,ERR,ERR,ERR,ERR,ERR,ERR,ERR,ERR,ERR,ERR,ERR,ERR,ERR,ERR,ERR,ERR,ERR,ERR,ERR,ERR,ERR,ERR,ERR,ERR,ERR,ERR,34.0,80.0,35,0.0,0.0,0.0,0.0,0.0,0.0,0.0,0.0,0.0,0.0,0.0,0.0,0.0,0.0,0.0,0.0,66.0,0,120,58,54,65476,0,300,0,0,8,20529,65476,0,0,57672,80.0,0.0,0.0,0.0,0.0,0.0
2026-06-18T02:22:51,ERR,ERR,ERR,ERR,ERR,ERR,ERR,ERR,ERR,ERR,ERR,ERR,ERR,ERR,ERR,ERR,ERR,ERR,ERR,ERR,ERR,ERR,ERR,ERR,ERR,ERR,ERR,ERR,ERR,ERR,ERR,ERR,ERR,ERR,ERR,ERR,ERR,ERR,ERR,ERR,ERR,ERR,ERR,ERR,ERR,ERR,ERR,ERR,ERR,ERR,ERR,ERR,ERR,ERR,ERR,ERR,ERR,ERR,ERR,ERR,ERR,ERR,ERR,ERR,ERR,ERR,ERR,ERR,ERR,ERR,ERR,ERR,ERR,ERR,ERR,ERR,ERR,ERR,ERR,ERR,ERR,ERR,ERR,ERR,ERR,ERR,ERR,ERR,ERR,ERR,ERR,ERR,ERR,ERR,ERR,ERR,ERR,ERR,ERR,ERR,ERR,ERR,ERR,ERR,ERR,ERR,ERR,ERR,ERR,ERR,ERR,ERR,ERR,ERR,ERR,ERR,ERR,ERR,ERR,ERR,ERR,ERR,ERR,ERR,ERR,-0.0,2.718431101732002e+23,-0.0,-0.0,0.0,1.3936040501711995e+18,7.805,2.395,0,0,4,48929,6720,14723890282496.0,100,0.0,0.0,0.0,-0.0,0.0,0,0,0,0,0.0,0,0,0,0,0,0,0,0,0,0,0,0,0,0,0,0,0,0,0,0,0,0,0,0,0,0,0,0,0,0,0,0,0,26,51,50,76,65476,0,300,0,0,8,21553,0.0,-107605600.0,0.0,0.0,0.0,0.0,0.0,0.0,0.0,0.0,0.0,0.0,0.0,0.0,0.0,0.0,0.0,0.0,0.0,0.0,0.0,0.0,0.0,-0.0,0.0,2.004,0.0,0.0,0.0,0.0,4762.0,-2.004,7288.0,-0.0,2.718431101732002e+23,-107615360.0,0.0,0.0,0.0,0.0,0.0,77,-0.0,2.718415609349284e+23,0.0,0.0,0.0,0.0,0.0,0.0,0.0,0,0,0,0.0,0.0,0.0,0.0,0.0,0.0,0.0,0.0,0.0,0.0,0.0,0.0,0.0,0.0,0.0,0.0,0,-107875648.0,77,0.0,154,0.0,-0.0,ERR,ERR,ERR,ERR,ERR,ERR,ERR,ERR,ERR,ERR,ERR,ERR,ERR,ERR,ERR,ERR,ERR,ERR,ERR,ERR,ERR,ERR,ERR,ERR,ERR,ERR,ERR,ERR,ERR,ERR,ERR,ERR,ERR,ERR,ERR,ERR,ERR,ERR,ERR,ERR,ERR,ERR,ERR,ERR,ERR,ERR,ERR,ERR,ERR,ERR,ERR,ERR,ERR,ERR,ERR,ERR,ERR,ERR,ERR,ERR,ERR,ERR,ERR,ERR,ERR,ERR,ERR,34.0,80.0,35,0.0,0.0,0.0,0.0,0.0,0.0,0.0,0.0,0.0,0.0,0.0,0.0,0.0,0.0,0.0,0.0,66.0,0,120,58,54,65476,0,300,0,0,8,20529,65476,0,0,57672,80.0,0.0,0.0,0.0,0.0,0.0
2026-06-18T02:22:52,ERR,ERR,ERR,ERR,ERR,ERR,ERR,ERR,ERR,ERR,ERR,ERR,ERR,ERR,ERR,ERR,ERR,ERR,ERR,ERR,ERR,ERR,ERR,ERR,ERR,ERR,ERR,ERR,ERR,ERR,ERR,ERR,ERR,ERR,ERR,ERR,ERR,ERR,ERR,ERR,ERR,ERR,ERR,ERR,ERR,ERR,ERR,ERR,ERR,ERR,ERR,ERR,ERR,ERR,ERR,ERR,ERR,ERR,ERR,ERR,ERR,ERR,ERR,ERR,ERR,ERR,ERR,ERR,ERR,ERR,ERR,ERR,ERR,ERR,ERR,ERR,ERR,ERR,ERR,ERR,ERR,ERR,ERR,ERR,ERR,ERR,ERR,ERR,ERR,ERR,ERR,ERR,ERR,ERR,ERR,ERR,ERR,ERR,ERR,ERR,ERR,ERR,ERR,ERR,ERR,ERR,ERR,ERR,ERR,ERR,ERR,ERR,ERR,ERR,ERR,ERR,ERR,ERR,ERR,ERR,ERR,ERR,ERR,ERR,ERR,-0.0,2.718431101732002e+23,-0.0,-0.0,0.0,1.3936040501711995e+18,7.805,2.395,0,0,4,48929,6720,14723890282496.0,100,0.0,0.0,0.0,-0.0,0.0,0,0,0,0,0.0,0,0,0,0,0,0,0,0,0,0,0,0,0,0,0,0,0,0,0,0,0,0,0,0,0,0,0,0,0,0,0,0,0,26,51,50,76,65476,0,300,0,0,8,21553,0.0,-107605600.0,0.0,0.0,0.0,0.0,0.0,0.0,0.0,0.0,0.0,0.0,0.0,0.0,0.0,0.0,0.0,0.0,0.0,0.0,0.0,0.0,0.0,-0.0,0.0,2.004,0.0,0.0,0.0,0.0,4762.0,-2.004,7288.0,-0.0,2.718431101732002e+23,-107615360.0,0.0,0.0,0.0,0.0,0.0,77,-0.0,2.718415609349284e+23,0.0,0.0,0.0,0.0,0.0,0.0,0.0,0,0,0,0.0,0.0,0.0,0.0,0.0,0.0,0.0,0.0,0.0,0.0,0.0,0.0,0.0,0.0,0.0,0.0,0,-107875648.0,77,0.0,154,0.0,-0.0,ERR,ERR,ERR,ERR,ERR,ERR,ERR,ERR,ERR,ERR,ERR,ERR,ERR,ERR,ERR,ERR,ERR,ERR,ERR,ERR,ERR,ERR,ERR,ERR,ERR,ERR,ERR,ERR,ERR,ERR,ERR,ERR,ERR,ERR,ERR,ERR,ERR,ERR,ERR,ERR,ERR,ERR,ERR,ERR,ERR,ERR,ERR,ERR,ERR,ERR,ERR,ERR,ERR,ERR,ERR,ERR,ERR,ERR,ERR,ERR,ERR,ERR,ERR,ERR,ERR,ERR,ERR,34.0,80.0,35,0.0,0.0,0.0,0.0,0.0,0.0,0.0,0.0,0.0,0.0,0.0,0.0,0.0,0.0,0.0,0.0,66.0,0,120,58,54,65476,0,300,0,0,8,20529,65476,0,0,57672,80.0,0.0,0.0,0.0,0.0,0.0
2026-06-18T02:22:53,ERR,ERR,ERR,ERR,ERR,ERR,ERR,ERR,ERR,ERR,ERR,ERR,ERR,ERR,ERR,ERR,ERR,ERR,ERR,ERR,ERR,ERR,ERR,ERR,ERR,ERR,ERR,ERR,ERR,ERR,ERR,ERR,ERR,ERR,ERR,ERR,ERR,ERR,ERR,ERR,ERR,ERR,ERR,ERR,ERR,ERR,ERR,ERR,ERR,ERR,ERR,ERR,ERR,ERR,ERR,ERR,ERR,ERR,ERR,ERR,ERR,ERR,ERR,ERR,ERR,ERR,ERR,ERR,ERR,ERR,ERR,ERR,ERR,ERR,ERR,ERR,ERR,ERR,ERR,ERR,ERR,ERR,ERR,ERR,ERR,ERR,ERR,ERR,ERR,ERR,ERR,ERR,ERR,ERR,ERR,ERR,ERR,ERR,ERR,ERR,ERR,ERR,ERR,ERR,ERR,ERR,ERR,ERR,ERR,ERR,ERR,ERR,ERR,ERR,ERR,ERR,ERR,ERR,ERR,ERR,ERR,ERR,ERR,ERR,ERR,-0.0,2.718431101732002e+23,-0.0,-0.0,-0.0,1.3936040501711995e+18,7.805,-0.0,0,0,4,48929,6720,14723890282496.0,100,0.0,0.0,0.0,0.0,0.0,0,0,0,0,0.0,0,0,0,0,0,0,0,0,0,0,0,0,0,0,0,0,0,0,0,0,0,0,0,0,0,0,0,0,0,0,0,0,0,26,51,50,76,65476,0,300,0,0,8,21553,0.0,-107605600.0,0.0,0.0,0.0,0.0,0.0,0.0,0.0,0.0,0.0,0.0,0.0,0.0,0.0,0.0,0.0,0.0,0.0,0.0,0.0,0.0,0.0,-0.0,0.0,2.004,0.0,0.0,0.0,0.0,4760.0,-3.697182615187489e+19,7292.0,-0.0,2.718431101732002e+23,-107615360.0,0.0,0.0,0.0,0.0,0.0,77,-0.0,-0.0,0.0,0.0,0.0,0.0,0.0,0.0,0.0,0,0,0,0.0,0.0,0.0,0.0,0.0,0.0,0.0,0.0,0.0,0.0,0.0,0.0,0.0,0.0,0.0,0.0,0,-107875648.0,77,0.0,154,0.0,-0.0,ERR,ERR,ERR,ERR,ERR,ERR,ERR,ERR,ERR,ERR,ERR,ERR,ERR,ERR,ERR,ERR,ERR,ERR,ERR,ERR,ERR,ERR,ERR,ERR,ERR,ERR,ERR,ERR,ERR,ERR,ERR,ERR,ERR,ERR,ERR,ERR,ERR,ERR,ERR,ERR,ERR,ERR,ERR,ERR,ERR,ERR,ERR,ERR,ERR,ERR,ERR,ERR,ERR,ERR,ERR,ERR,ERR,ERR,ERR,ERR,ERR,ERR,ERR,ERR,ERR,ERR,ERR,34.0,80.0,35,0.0,0.0,0.0,0.0,0.0,0.0,0.0,0.0,0.0,0.0,0.0,0.0,0.0,0.0,0.0,0.0,66.0,0,120,58,54,65476,0,300,0,0,8,20529,65476,0,0,57672,80.0,0.0,0.0,0.0,0.0,0.0
2026-06-18T02:22:54,ERR,ERR,ERR,ERR,ERR,ERR,ERR,ERR,ERR,ERR,ERR,ERR,ERR,ERR,ERR,ERR,ERR,ERR,ERR,ERR,ERR,ERR,ERR,ERR,ERR,ERR,ERR,ERR,ERR,ERR,ERR,ERR,ERR,ERR,ERR,ERR,ERR,ERR,ERR,ERR,ERR,ERR,ERR,ERR,ERR,ERR,ERR,ERR,ERR,ERR,ERR,ERR,ERR,ERR,ERR,ERR,ERR,ERR,ERR,ERR,ERR,ERR,ERR,ERR,ERR,ERR,ERR,ERR,ERR,ERR,ERR,ERR,ERR,ERR,ERR,ERR,ERR,ERR,ERR,ERR,ERR,ERR,ERR,ERR,ERR,ERR,ERR,ERR,ERR,ERR,ERR,ERR,ERR,ERR,ERR,ERR,ERR,ERR,ERR,ERR,ERR,ERR,ERR,ERR,ERR,ERR,ERR,ERR,ERR,ERR,ERR,ERR,ERR,ERR,ERR,ERR,ERR,ERR,ERR,ERR,ERR,ERR,ERR,ERR,ERR,-0.0,2.718431101732002e+23,-0.0,-0.0,-0.0,1.3936040501711995e+18,7.805,-0.0,0,0,4,48929,6720,14723890282496.0,100,0.0,0.0,0.0,0.0,0.0,0,0,0,0,0.0,0,0,0,0,0,0,0,0,0,0,0,0,0,0,0,0,0,0,0,0,0,0,0,0,0,0,0,0,0,0,0,0,0,26,51,50,76,65476,0,300,0,0,8,21553,0.0,-107605600.0,0.0,0.0,0.0,0.0,0.0,0.0,0.0,0.0,0.0,0.0,0.0,0.0,0.0,0.0,0.0,0.0,0.0,0.0,0.0,0.0,0.0,-0.0,0.0,2.004,0.0,0.0,0.0,0.0,4760.0,-3.697182615187489e+19,7292.0,-0.0,2.718431101732002e+23,-107615360.0,0.0,0.0,0.0,0.0,0.0,77,-0.0,-0.0,0.0,0.0,0.0,0.0,0.0,0.0,0.0,0,0,0,0.0,0.0,0.0,0.0,0.0,0.0,0.0,0.0,0.0,0.0,0.0,0.0,0.0,0.0,0.0,0.0,0,-107875648.0,77,0.0,154,0.0,-0.0,ERR,ERR,ERR,ERR,ERR,ERR,ERR,ERR,ERR,ERR,ERR,ERR,ERR,ERR,ERR,ERR,ERR,ERR,ERR,ERR,ERR,ERR,ERR,ERR,ERR,ERR,ERR,ERR,ERR,ERR,ERR,ERR,ERR,ERR,ERR,ERR,ERR,ERR,ERR,ERR,ERR,ERR,ERR,ERR,ERR,ERR,ERR,ERR,ERR,ERR,ERR,ERR,ERR,ERR,ERR,ERR,ERR,ERR,ERR,ERR,ERR,ERR,ERR,ERR,ERR,ERR,ERR,34.0,80.0,35,0.0,0.0,0.0,0.0,0.0,0.0,0.0,0.0,0.0,0.0,0.0,0.0,0.0,0.0,0.0,0.0,66.0,0,120,58,54,65476,0,300,0,0,8,20529,65476,0,0,57672,80.0,0.0,0.0,0.0,0.0,0.0
2026-06-18T02:22:55,ERR,ERR,ERR,ERR,ERR,ERR,ERR,ERR,ERR,ERR,ERR,ERR,ERR,ERR,ERR,ERR,ERR,ERR,ERR,ERR,ERR,ERR,ERR,ERR,ERR,ERR,ERR,ERR,ERR,ERR,ERR,ERR,ERR,ERR,ERR,ERR,ERR,ERR,ERR,ERR,ERR,ERR,ERR,ERR,ERR,ERR,ERR,ERR,ERR,ERR,ERR,ERR,ERR,ERR,ERR,ERR,ERR,ERR,ERR,ERR,ERR,ERR,ERR,ERR,ERR,ERR,ERR,ERR,ERR,ERR,ERR,ERR,ERR,ERR,ERR,ERR,ERR,ERR,ERR,ERR,ERR,ERR,ERR,ERR,ERR,ERR,ERR,ERR,ERR,ERR,ERR,ERR,ERR,ERR,ERR,ERR,ERR,ERR,ERR,ERR,ERR,ERR,ERR,ERR,ERR,ERR,ERR,ERR,ERR,ERR,ERR,ERR,ERR,ERR,ERR,ERR,ERR,ERR,ERR,ERR,ERR,ERR,ERR,ERR,ERR,-0.0,2.718431101732002e+23,-0.0,-0.0,-0.0,1.3936040501711995e+18,7.805,-0.0,0,0,4,48929,6720,14723890282496.0,100,0.0,0.0,0.0,0.0,0.0,0,0,0,0,0.0,0,0,0,0,0,0,0,0,0,0,0,0,0,0,0,0,0,0,0,0,0,0,0,0,0,0,0,0,0,0,0,0,0,26,51,50,76,65476,0,300,0,0,8,21553,0.0,-107605600.0,0.0,0.0,0.0,0.0,0.0,0.0,0.0,0.0,0.0,0.0,0.0,0.0,0.0,0.0,0.0,0.0,0.0,0.0,0.0,0.0,0.0,-0.0,0.0,2.004,0.0,0.0,0.0,0.0,4760.0,-3.697182615187489e+19,7292.0,-0.0,2.718431101732002e+23,-107615360.0,0.0,0.0,0.0,0.0,0.0,77,-0.0,-0.0,0.0,0.0,0.0,0.0,0.0,0.0,0.0,0,0,0,0.0,0.0,0.0,0.0,0.0,0.0,0.0,0.0,0.0,0.0,0.0,0.0,0.0,0.0,0.0,0.0,0,-107875648.0,77,0.0,154,0.0,-0.0,ERR,ERR,ERR,ERR,ERR,ERR,ERR,ERR,ERR,ERR,ERR,ERR,ERR,ERR,ERR,ERR,ERR,ERR,ERR,ERR,ERR,ERR,ERR,ERR,ERR,ERR,ERR,ERR,ERR,ERR,ERR,ERR,ERR,ERR,ERR,ERR,ERR,ERR,ERR,ERR,ERR,ERR,ERR,ERR,ERR,ERR,ERR,ERR,ERR,ERR,ERR,ERR,ERR,ERR,ERR,ERR,ERR,ERR,ERR,ERR,ERR,ERR,ERR,ERR,ERR,ERR,ERR,34.0,80.0,35,0.0,0.0,0.0,0.0,0.0,0.0,0.0,0.0,0.0,0.0,0.0,0.0,0.0,0.0,0.0,0.0,66.0,0,120,58,54,65476,0,300,0,0,8,20529,65476,0,0,57672,80.0,0.0,0.0,0.0,0.0,0.0
2026-06-18T02:22:56,ERR,ERR,ERR,ERR,ERR,ERR,ERR,ERR,ERR,ERR,ERR,ERR,ERR,ERR,ERR,ERR,ERR,ERR,ERR,ERR,ERR,ERR,ERR,ERR,ERR,ERR,ERR,ERR,ERR,ERR,ERR,ERR,ERR,ERR,ERR,ERR,ERR,ERR,ERR,ERR,ERR,ERR,ERR,ERR,ERR,ERR,ERR,ERR,ERR,ERR,ERR,ERR,ERR,ERR,ERR,ERR,ERR,ERR,ERR,ERR,ERR,ERR,ERR,ERR,ERR,ERR,ERR,ERR,ERR,ERR,ERR,ERR,ERR,ERR,ERR,ERR,ERR,ERR,ERR,ERR,ERR,ERR,ERR,ERR,ERR,ERR,ERR,ERR,ERR,ERR,ERR,ERR,ERR,ERR,ERR,ERR,ERR,ERR,ERR,ERR,ERR,ERR,ERR,ERR,ERR,ERR,ERR,ERR,ERR,ERR,ERR,ERR,ERR,ERR,ERR,ERR,ERR,ERR,ERR,ERR,ERR,ERR,ERR,ERR,ERR,-0.0,2.718431101732002e+23,-0.0,-0.0,-0.0,1.3936040501711995e+18,7.805,-0.0,0,0,4,48929,6720,14723890282496.0,100,0.0,0.0,0.0,0.0,0.0,0,0,0,0,0.0,0,0,0,0,0,0,0,0,0,0,0,0,0,0,0,0,0,0,0,0,0,0,0,0,0,0,0,0,0,0,0,0,0,26,51,50,76,65476,0,300,0,0,8,21553,0.0,-107605600.0,0.0,0.0,0.0,0.0,0.0,0.0,0.0,0.0,0.0,0.0,0.0,0.0,0.0,0.0,0.0,0.0,0.0,0.0,0.0,0.0,0.0,-0.0,0.0,2.004,0.0,0.0,0.0,0.0,4760.0,-3.697182615187489e+19,7292.0,-0.0,2.718431101732002e+23,-107615360.0,0.0,0.0,0.0,0.0,0.0,77,-0.0,-0.0,0.0,0.0,0.0,0.0,0.0,0.0,0.0,0,0,0,0.0,0.0,0.0,0.0,0.0,0.0,0.0,0.0,0.0,0.0,0.0,0.0,0.0,0.0,0.0,0.0,0,-107875648.0,77,0.0,154,0.0,-0.0,ERR,ERR,ERR,ERR,ERR,ERR,ERR,ERR,ERR,ERR,ERR,ERR,ERR,ERR,ERR,ERR,ERR,ERR,ERR,ERR,ERR,ERR,ERR,ERR,ERR,ERR,ERR,ERR,ERR,ERR,ERR,ERR,ERR,ERR,ERR,ERR,ERR,ERR,ERR,ERR,ERR,ERR,ERR,ERR,ERR,ERR,ERR,ERR,ERR,ERR,ERR,ERR,ERR,ERR,ERR,ERR,ERR,ERR,ERR,ERR,ERR,ERR,ERR,ERR,ERR,ERR,ERR,34.0,80.0,35,0.0,0.0,0.0,0.0,0.0,0.0,0.0,0.0,0.0,0.0,0.0,0.0,0.0,0.0,0.0,0.0,66.0,0,120,58,54,65476,0,300,0,0,8,20529,65476,0,0,57672,80.0,0.0,0.0,0.0,0.0,0.0
2026-06-18T02:22:57,ERR,ERR,ERR,ERR,ERR,ERR,ERR,ERR,ERR,ERR,ERR,ERR,ERR,ERR,ERR,ERR,ERR,ERR,ERR,ERR,ERR,ERR,ERR,ERR,ERR,ERR,ERR,ERR,ERR,ERR,ERR,ERR,ERR,ERR,ERR,ERR,ERR,ERR,ERR,ERR,ERR,ERR,ERR,ERR,ERR,ERR,ERR,ERR,ERR,ERR,ERR,ERR,ERR,ERR,ERR,ERR,ERR,ERR,ERR,ERR,ERR,ERR,ERR,ERR,ERR,ERR,ERR,ERR,ERR,ERR,ERR,ERR,ERR,ERR,ERR,ERR,ERR,ERR,ERR,ERR,ERR,ERR,ERR,ERR,ERR,ERR,ERR,ERR,ERR,ERR,ERR,ERR,ERR,ERR,ERR,ERR,ERR,ERR,ERR,ERR,ERR,ERR,ERR,ERR,ERR,ERR,ERR,ERR,ERR,ERR,ERR,ERR,ERR,ERR,ERR,ERR,ERR,ERR,ERR,ERR,ERR,ERR,ERR,ERR,ERR,-0.0,2.718431101732002e+23,-0.0,-0.0,-0.0,1.3936040501711995e+18,7.805,-0.0,0,0,4,48929,6720,14723890282496.0,100,0.0,0.0,0.0,0.0,0.0,0,0,0,0,0.0,0,0,0,0,0,0,0,0,0,0,0,0,0,0,0,0,0,0,0,0,0,0,0,0,0,0,0,0,0,0,0,0,0,26,51,50,76,65476,0,300,0,0,8,21553,0.0,-107605600.0,0.0,0.0,0.0,0.0,0.0,0.0,0.0,0.0,0.0,0.0,0.0,0.0,0.0,0.0,0.0,0.0,0.0,0.0,0.0,0.0,0.0,-0.0,0.0,2.004,0.0,0.0,0.0,0.0,4760.0,-3.697182615187489e+19,7292.0,-0.0,2.718431101732002e+23,-107615360.0,0.0,0.0,0.0,0.0,0.0,77,-0.0,-0.0,0.0,0.0,0.0,0.0,0.0,0.0,0.0,0,0,0,0.0,0.0,0.0,0.0,0.0,0.0,0.0,0.0,0.0,0.0,0.0,0.0,0.0,0.0,0.0,0.0,0,-107875648.0,77,0.0,154,0.0,-0.0,ERR,ERR,ERR,ERR,ERR,ERR,ERR,ERR,ERR,ERR,ERR,ERR,ERR,ERR,ERR,ERR,ERR,ERR,ERR,ERR,ERR,ERR,ERR,ERR,ERR,ERR,ERR,ERR,ERR,ERR,ERR,ERR,ERR,ERR,ERR,ERR,ERR,ERR,ERR,ERR,ERR,ERR,ERR,ERR,ERR,ERR,ERR,ERR,ERR,ERR,ERR,ERR,ERR,ERR,ERR,ERR,ERR,ERR,ERR,ERR,ERR,ERR,ERR,ERR,ERR,ERR,ERR,34.0,80.0,35,0.0,0.0,0.0,0.0,0.0,0.0,0.0,0.0,0.0,0.0,0.0,0.0,0.0,0.0,0.0,0.0,66.0,0,120,58,54,65476,0,300,0,0,8,20529,65476,0,0,57672,80.0,0.0,0.0,0.0,0.0,0.0
2026-06-18T02:22:58,ERR,ERR,ERR,ERR,ERR,ERR,ERR,ERR,ERR,ERR,ERR,ERR,ERR,ERR,ERR,ERR,ERR,ERR,ERR,ERR,ERR,ERR,ERR,ERR,ERR,ERR,ERR,ERR,ERR,ERR,ERR,ERR,ERR,ERR,ERR,ERR,ERR,ERR,ERR,ERR,ERR,ERR,ERR,ERR,ERR,ERR,ERR,ERR,ERR,ERR,ERR,ERR,ERR,ERR,ERR,ERR,ERR,ERR,ERR,ERR,ERR,ERR,ERR,ERR,ERR,ERR,ERR,ERR,ERR,ERR,ERR,ERR,ERR,ERR,ERR,ERR,ERR,ERR,ERR,ERR,ERR,ERR,ERR,ERR,ERR,ERR,ERR,ERR,ERR,ERR,ERR,ERR,ERR,ERR,ERR,ERR,ERR,ERR,ERR,ERR,ERR,ERR,ERR,ERR,ERR,ERR,ERR,ERR,ERR,ERR,ERR,ERR,ERR,ERR,ERR,ERR,ERR,ERR,ERR,ERR,ERR,ERR,ERR,ERR,ERR,-0.0,2.718431101732002e+23,-0.0,-0.0,-0.0,1.3936040501711995e+18,7.805,-0.0,0,0,4,48932,6720,14723890282496.0,100,0.0,0.0,0.0,-152005385388032.0,0.0,0,0,0,0,0.0,0,0,0,0,0,0,0,0,0,0,0,0,0,0,0,0,0,0,0,0,0,0,0,0,0,0,0,0,0,0,0,0,0,26,51,50,76,65476,0,300,0,0,8,21553,0.0,-107605600.0,0.0,0.0,0.0,0.0,0.0,0.0,0.0,0.0,0.0,0.0,0.0,0.0,0.0,0.0,0.0,0.0,0.0,0.0,0.0,0.0,0.0,-0.0,0.0,2.004,0.0,0.0,0.0,0.0,4762.0,-3.697182615187489e+19,7292.0,-0.0,2.718431101732002e+23,-107615360.0,0.0,0.0,0.0,0.0,0.0,77,-0.0,-0.0,0.0,0.0,0.0,0.0,0.0,0.0,0.0,0,0,0,0.0,0.0,0.0,0.0,0.0,0.0,0.0,0.0,0.0,0.0,0.0,0.0,0.0,0.0,0.0,0.0,0,-107875648.0,77,0.0,154,0.0,-0.0,ERR,ERR,ERR,ERR,ERR,ERR,ERR,ERR,ERR,ERR,ERR,ERR,ERR,ERR,ERR,ERR,ERR,ERR,ERR,ERR,ERR,ERR,ERR,ERR,ERR,ERR,ERR,ERR,ERR,ERR,ERR,ERR,ERR,ERR,ERR,ERR,ERR,ERR,ERR,ERR,ERR,ERR,ERR,ERR,ERR,ERR,ERR,ERR,ERR,ERR,ERR,ERR,ERR,ERR,ERR,ERR,ERR,ERR,ERR,ERR,ERR,ERR,ERR,ERR,ERR,ERR,ERR,34.0,80.0,35,0.0,0.0,0.0,0.0,0.0,0.0,0.0,0.0,0.0,0.0,0.0,0.0,0.0,0.0,0.0,0.0,65.6,0,120,58,54,65476,0,300,0,0,8,20529,65476,0,0,57672,80.0,0.0,0.0,0.0,0.0,0.0
2026-06-18T02:22:59,ERR,ERR,ERR,ERR,ERR,ERR,ERR,ERR,ERR,ERR,ERR,ERR,ERR,ERR,ERR,ERR,ERR,ERR,ERR,ERR,ERR,ERR,ERR,ERR,ERR,ERR,ERR,ERR,ERR,ERR,ERR,ERR,ERR,ERR,ERR,ERR,ERR,ERR,ERR,ERR,ERR,ERR,ERR,ERR,ERR,ERR,ERR,ERR,ERR,ERR,ERR,ERR,ERR,ERR,ERR,ERR,ERR,ERR,ERR,ERR,ERR,ERR,ERR,ERR,ERR,ERR,ERR,ERR,ERR,ERR,ERR,ERR,ERR,ERR,ERR,ERR,ERR,ERR,ERR,ERR,ERR,ERR,ERR,ERR,ERR,ERR,ERR,ERR,ERR,ERR,ERR,ERR,ERR,ERR,ERR,ERR,ERR,ERR,ERR,ERR,ERR,ERR,ERR,ERR,ERR,ERR,ERR,ERR,ERR,ERR,ERR,ERR,ERR,ERR,ERR,ERR,ERR,ERR,ERR,ERR,ERR,ERR,ERR,ERR,ERR,-0.0,2.718431101732002e+23,-0.0,-0.0,-0.0,1.3936040501711995e+18,7.805,-0.0,0,0,4,48932,6720,14723890282496.0,100,0.0,0.0,0.0,-152005385388032.0,0.0,0,0,0,0,0.0,0,0,0,0,0,0,0,0,0,0,0,0,0,0,0,0,0,0,0,0,0,0,0,0,0,0,0,0,0,0,0,0,0,26,51,50,76,65476,0,300,0,0,8,21553,0.0,-107605600.0,0.0,0.0,0.0,0.0,0.0,0.0,0.0,0.0,0.0,0.0,0.0,0.0,0.0,0.0,0.0,0.0,0.0,0.0,0.0,0.0,0.0,-0.0,0.0,2.004,0.0,0.0,0.0,0.0,4762.0,-3.697182615187489e+19,7292.0,-0.0,2.718431101732002e+23,-107615360.0,0.0,0.0,0.0,0.0,0.0,77,-0.0,-0.0,0.0,0.0,0.0,0.0,0.0,0.0,0.0,0,0,0,0.0,0.0,0.0,0.0,0.0,0.0,0.0,0.0,0.0,0.0,0.0,0.0,0.0,0.0,0.0,0.0,0,-107875648.0,77,0.0,154,0.0,-0.0,ERR,ERR,ERR,ERR,ERR,ERR,ERR,ERR,ERR,ERR,ERR,ERR,ERR,ERR,ERR,ERR,ERR,ERR,ERR,ERR,ERR,ERR,ERR,ERR,ERR,ERR,ERR,ERR,ERR,ERR,ERR,ERR,ERR,ERR,ERR,ERR,ERR,ERR,ERR,ERR,ERR,ERR,ERR,ERR,ERR,ERR,ERR,ERR,ERR,ERR,ERR,ERR,ERR,ERR,ERR,ERR,ERR,ERR,ERR,ERR,ERR,ERR,ERR,ERR,ERR,ERR,ERR,34.0,80.0,35,0.0,0.0,0.0,0.0,0.0,0.0,0.0,0.0,0.0,0.0,0.0,0.0,0.0,0.0,0.0,0.0,65.6,0,120,58,54,65476,0,300,0,0,8,20529,65476,0,0,57672,80.0,0.0,0.0,0.0,0.0,0.0
2026-06-18T02:23:00,ERR,ERR,ERR,ERR,ERR,ERR,ERR,ERR,ERR,ERR,ERR,ERR,ERR,ERR,ERR,ERR,ERR,ERR,ERR,ERR,ERR,ERR,ERR,ERR,ERR,ERR,ERR,ERR,ERR,ERR,ERR,ERR,ERR,ERR,ERR,ERR,ERR,ERR,ERR,ERR,ERR,ERR,ERR,ERR,ERR,ERR,ERR,ERR,ERR,ERR,ERR,ERR,ERR,ERR,ERR,ERR,ERR,ERR,ERR,ERR,ERR,ERR,ERR,ERR,ERR,ERR,ERR,ERR,ERR,ERR,ERR,ERR,ERR,ERR,ERR,ERR,ERR,ERR,ERR,ERR,ERR,ERR,ERR,ERR,ERR,ERR,ERR,ERR,ERR,ERR,ERR,ERR,ERR,ERR,ERR,ERR,ERR,ERR,ERR,ERR,ERR,ERR,ERR,ERR,ERR,ERR,ERR,ERR,ERR,ERR,ERR,ERR,ERR,ERR,ERR,ERR,ERR,ERR,ERR,ERR,ERR,ERR,ERR,ERR,ERR,-0.0,2.718431101732002e+23,-0.0,-0.0,-0.0,1.3936040501711995e+18,7.805,-0.0,0,0,4,48932,6720,14723890282496.0,100,0.0,0.0,0.0,-152005385388032.0,0.0,0,0,0,0,0.0,0,0,0,0,0,0,0,0,0,0,0,0,0,0,0,0,0,0,0,0,0,0,0,0,0,0,0,0,0,0,0,0,0,26,51,50,76,65476,0,300,0,0,8,21553,0.0,-107605600.0,0.0,0.0,0.0,0.0,0.0,0.0,0.0,0.0,0.0,0.0,0.0,0.0,0.0,0.0,0.0,0.0,0.0,0.0,0.0,0.0,0.0,-0.0,0.0,2.004,0.0,0.0,0.0,0.0,4762.0,-3.697182615187489e+19,7292.0,-0.0,2.718431101732002e+23,-107615360.0,0.0,0.0,0.0,0.0,0.0,77,-0.0,-0.0,0.0,0.0,0.0,0.0,0.0,0.0,0.0,0,0,0,0.0,0.0,0.0,0.0,0.0,0.0,0.0,0.0,0.0,0.0,0.0,0.0,0.0,0.0,0.0,0.0,0,-107875648.0,77,0.0,154,0.0,-0.0,ERR,ERR,ERR,ERR,ERR,ERR,ERR,ERR,ERR,ERR,ERR,ERR,ERR,ERR,ERR,ERR,ERR,ERR,ERR,ERR,ERR,ERR,ERR,ERR,ERR,ERR,ERR,ERR,ERR,ERR,ERR,ERR,ERR,ERR,ERR,ERR,ERR,ERR,ERR,ERR,ERR,ERR,ERR,ERR,ERR,ERR,ERR,ERR,ERR,ERR,ERR,ERR,ERR,ERR,ERR,ERR,ERR,ERR,ERR,ERR,ERR,ERR,ERR,ERR,ERR,ERR,ERR,34.0,80.0,35,0.0,0.0,0.0,0.0,0.0,0.0,0.0,0.0,0.0,0.0,0.0,0.0,0.0,0.0,0.0,0.0,66.0,0,120,58,54,65476,0,300,0,0,8,20529,65476,0,0,57672,80.0,0.0,0.0,0.0,0.0,0.0
2026-06-18T02:23:01,ERR,ERR,ERR,ERR,ERR,ERR,ERR,ERR,ERR,ERR,ERR,ERR,ERR,ERR,ERR,ERR,ERR,ERR,ERR,ERR,ERR,ERR,ERR,ERR,ERR,ERR,ERR,ERR,ERR,ERR,ERR,ERR,ERR,ERR,ERR,ERR,ERR,ERR,ERR,ERR,ERR,ERR,ERR,ERR,ERR,ERR,ERR,ERR,ERR,ERR,ERR,ERR,ERR,ERR,ERR,ERR,ERR,ERR,ERR,ERR,ERR,ERR,ERR,ERR,ERR,ERR,ERR,ERR,ERR,ERR,ERR,ERR,ERR,ERR,ERR,ERR,ERR,ERR,ERR,ERR,ERR,ERR,ERR,ERR,ERR,ERR,ERR,ERR,ERR,ERR,ERR,ERR,ERR,ERR,ERR,ERR,ERR,ERR,ERR,ERR,ERR,ERR,ERR,ERR,ERR,ERR,ERR,ERR,ERR,ERR,ERR,ERR,ERR,ERR,ERR,ERR,ERR,ERR,ERR,ERR,ERR,ERR,ERR,ERR,ERR,-0.0,2.718431101732002e+23,-0.0,-0.0,-0.0,1.3936040501711995e+18,7.805,-0.0,0,0,4,48932,6720,14723890282496.0,100,0.0,0.0,0.0,-152005385388032.0,0.0,0,0,0,0,0.0,0,0,0,0,0,0,0,0,0,0,0,0,0,0,0,0,0,0,0,0,0,0,0,0,0,0,0,0,0,0,0,0,0,26,51,50,76,65476,0,300,0,0,8,21553,0.0,-107605600.0,0.0,0.0,0.0,0.0,0.0,0.0,0.0,0.0,0.0,0.0,0.0,0.0,0.0,0.0,0.0,0.0,0.0,0.0,0.0,0.0,0.0,-0.0,0.0,2.004,0.0,0.0,0.0,0.0,4762.0,-3.697182615187489e+19,7292.0,-0.0,2.718431101732002e+23,-107615360.0,0.0,0.0,0.0,0.0,0.0,77,-0.0,-0.0,0.0,0.0,0.0,0.0,0.0,0.0,0.0,0,0,0,0.0,0.0,0.0,0.0,0.0,0.0,0.0,0.0,0.0,0.0,0.0,0.0,0.0,0.0,0.0,0.0,0,-107875648.0,77,0.0,154,0.0,-0.0,ERR,ERR,ERR,ERR,ERR,ERR,ERR,ERR,ERR,ERR,ERR,ERR,ERR,ERR,ERR,ERR,ERR,ERR,ERR,ERR,ERR,ERR,ERR,ERR,ERR,ERR,ERR,ERR,ERR,ERR,ERR,ERR,ERR,ERR,ERR,ERR,ERR,ERR,ERR,ERR,ERR,ERR,ERR,ERR,ERR,ERR,ERR,ERR,ERR,ERR,ERR,ERR,ERR,ERR,ERR,ERR,ERR,ERR,ERR,ERR,ERR,ERR,ERR,ERR,ERR,ERR,ERR,34.0,80.0,35,0.0,0.0,0.0,0.0,0.0,0.0,0.0,0.0,0.0,0.0,0.0,0.0,0.0,0.0,0.0,0.0,66.0,0,120,58,54,65476,0,300,0,0,8,20529,65476,0,0,57672,80.0,0.0,0.0,0.0,0.0,0.0
2026-06-18T02:23:02,ERR,ERR,ERR,ERR,ERR,ERR,ERR,ERR,ERR,ERR,ERR,ERR,ERR,ERR,ERR,ERR,ERR,ERR,ERR,ERR,ERR,ERR,ERR,ERR,ERR,ERR,ERR,ERR,ERR,ERR,ERR,ERR,ERR,ERR,ERR,ERR,ERR,ERR,ERR,ERR,ERR,ERR,ERR,ERR,ERR,ERR,ERR,ERR,ERR,ERR,ERR,ERR,ERR,ERR,ERR,ERR,ERR,ERR,ERR,ERR,ERR,ERR,ERR,ERR,ERR,ERR,ERR,ERR,ERR,ERR,ERR,ERR,ERR,ERR,ERR,ERR,ERR,ERR,ERR,ERR,ERR,ERR,ERR,ERR,ERR,ERR,ERR,ERR,ERR,ERR,ERR,ERR,ERR,ERR,ERR,ERR,ERR,ERR,ERR,ERR,ERR,ERR,ERR,ERR,ERR,ERR,ERR,ERR,ERR,ERR,ERR,ERR,ERR,ERR,ERR,ERR,ERR,ERR,ERR,ERR,ERR,ERR,ERR,ERR,ERR,-0.0,2.718431101732002e+23,-0.0,-0.0,-0.0,1.3936040501711995e+18,7.805,-0.0,0,0,4,48932,6720,14723890282496.0,100,0.0,0.0,0.0,-152005385388032.0,0.0,0,0,0,0,0.0,0,0,0,0,0,0,0,0,0,0,0,0,0,0,0,0,0,0,0,0,0,0,0,0,0,0,0,0,0,0,0,0,0,26,51,50,76,65476,0,300,0,0,8,21553,0.0,-107605600.0,0.0,0.0,0.0,0.0,0.0,0.0,0.0,0.0,0.0,0.0,0.0,0.0,0.0,0.0,0.0,0.0,0.0,0.0,0.0,0.0,0.0,-0.0,0.0,2.004,0.0,0.0,0.0,0.0,4762.0,-3.697182615187489e+19,7292.0,-0.0,2.718431101732002e+23,-107615360.0,0.0,0.0,0.0,0.0,0.0,77,-0.0,-0.0,0.0,0.0,0.0,0.0,0.0,0.0,0.0,0,0,0,0.0,0.0,0.0,0.0,0.0,0.0,0.0,0.0,0.0,0.0,0.0,0.0,0.0,0.0,0.0,0.0,0,-107875648.0,77,0.0,154,0.0,-0.0,ERR,ERR,ERR,ERR,ERR,ERR,ERR,ERR,ERR,ERR,ERR,ERR,ERR,ERR,ERR,ERR,ERR,ERR,ERR,ERR,ERR,ERR,ERR,ERR,ERR,ERR,ERR,ERR,ERR,ERR,ERR,ERR,ERR,ERR,ERR,ERR,ERR,ERR,ERR,ERR,ERR,ERR,ERR,ERR,ERR,ERR,ERR,ERR,ERR,ERR,ERR,ERR,ERR,ERR,ERR,ERR,ERR,ERR,ERR,ERR,ERR,ERR,ERR,ERR,ERR,ERR,ERR,34.0,80.0,35,0.0,0.0,0.0,0.0,0.0,0.0,0.0,0.0,0.0,0.0,0.0,0.0,0.0,0.0,0.0,0.0,66.0,0,120,58,54,65476,0,300,0,0,8,20529,65476,0,0,57672,80.0,0.0,0.0,0.0,0.0,0.0
2026-06-18T02:23:03,ERR,ERR,ERR,ERR,ERR,ERR,ERR,ERR,ERR,ERR,ERR,ERR,ERR,ERR,ERR,ERR,ERR,ERR,ERR,ERR,ERR,ERR,ERR,ERR,ERR,ERR,ERR,ERR,ERR,ERR,ERR,ERR,ERR,ERR,ERR,ERR,ERR,ERR,ERR,ERR,ERR,ERR,ERR,ERR,ERR,ERR,ERR,ERR,ERR,ERR,ERR,ERR,ERR,ERR,ERR,ERR,ERR,ERR,ERR,ERR,ERR,ERR,ERR,ERR,ERR,ERR,ERR,ERR,ERR,ERR,ERR,ERR,ERR,ERR,ERR,ERR,ERR,ERR,ERR,ERR,ERR,ERR,ERR,ERR,ERR,ERR,ERR,ERR,ERR,ERR,ERR,ERR,ERR,ERR,ERR,ERR,ERR,ERR,ERR,ERR,ERR,ERR,ERR,ERR,ERR,ERR,ERR,ERR,ERR,ERR,ERR,ERR,ERR,ERR,ERR,ERR,ERR,ERR,ERR,ERR,ERR,ERR,ERR,ERR,ERR,-0.0,2.718431101732002e+23,-0.0,-4.9501291711397626e+32,-0.0,1.3936040501711995e+18,7.805,-0.0,0,0,4,48924,6720,14723890282496.0,100,0.0,0.0,0.0,-4.9501291711397626e+32,0.0,0,0,0,0,0.0,0,0,0,0,0,0,0,0,0,0,0,0,0,0,0,0,0,0,0,0,0,0,0,0,0,0,0,0,0,0,0,0,0,26,51,50,76,65476,0,300,0,0,8,21553,0.0,-107605600.0,0.0,0.0,0.0,0.0,0.0,0.0,0.0,0.0,0.0,0.0,0.0,0.0,0.0,0.0,0.0,0.0,0.0,0.0,0.0,0.0,0.0,-0.0,0.0,2.004,0.0,0.0,0.0,0.0,4762.0,0.0,7264.0,-0.0,2.718431101732002e+23,-107615360.0,0.0,0.0,0.0,0.0,0.0,77,-0.0,-0.0,0.0,0.0,0.0,0.0,0.0,0.0,0.0,0,0,0,0.0,0.0,0.0,0.0,0.0,0.0,0.0,0.0,0.0,0.0,0.0,0.0,0.0,0.0,0.0,0.0,0,-107875648.0,77,0.0,154,0.0,-0.0,ERR,ERR,ERR,ERR,ERR,ERR,ERR,ERR,ERR,ERR,ERR,ERR,ERR,ERR,ERR,ERR,ERR,ERR,ERR,ERR,ERR,ERR,ERR,ERR,ERR,ERR,ERR,ERR,ERR,ERR,ERR,ERR,ERR,ERR,ERR,ERR,ERR,ERR,ERR,ERR,ERR,ERR,ERR,ERR,ERR,ERR,ERR,ERR,ERR,ERR,ERR,ERR,ERR,ERR,ERR,ERR,ERR,ERR,ERR,ERR,ERR,ERR,ERR,ERR,ERR,ERR,ERR,34.0,80.0,35,0.0,0.0,0.0,0.0,0.0,0.0,0.0,0.0,0.0,0.0,0.0,0.0,0.0,0.0,0.0,0.0,66.0,0,120,58,54,65476,0,300,0,0,8,20529,65476,0,0,57672,80.0,0.0,0.0,0.0,0.0,0.0
2026-06-18T02:23:04,ERR,ERR,ERR,ERR,ERR,ERR,ERR,ERR,ERR,ERR,ERR,ERR,ERR,ERR,ERR,ERR,ERR,ERR,ERR,ERR,ERR,ERR,ERR,ERR,ERR,ERR,ERR,ERR,ERR,ERR,ERR,ERR,ERR,ERR,ERR,ERR,ERR,ERR,ERR,ERR,ERR,ERR,ERR,ERR,ERR,ERR,ERR,ERR,ERR,ERR,ERR,ERR,ERR,ERR,ERR,ERR,ERR,ERR,ERR,ERR,ERR,ERR,ERR,ERR,ERR,ERR,ERR,ERR,ERR,ERR,ERR,ERR,ERR,ERR,ERR,ERR,ERR,ERR,ERR,ERR,ERR,ERR,ERR,ERR,ERR,ERR,ERR,ERR,ERR,ERR,ERR,ERR,ERR,ERR,ERR,ERR,ERR,ERR,ERR,ERR,ERR,ERR,ERR,ERR,ERR,ERR,ERR,ERR,ERR,ERR,ERR,ERR,ERR,ERR,ERR,ERR,ERR,ERR,ERR,ERR,ERR,ERR,ERR,ERR,ERR,-0.0,2.718431101732002e+23,-0.0,-4.9501291711397626e+32,-0.0,1.3936040501711995e+18,7.805,-0.0,0,0,4,48924,6720,14723890282496.0,100,0.0,0.0,0.0,-4.9501291711397626e+32,0.0,0,0,0,0,0.0,0,0,0,0,0,0,0,0,0,0,0,0,0,0,0,0,0,0,0,0,0,0,0,0,0,0,0,0,0,0,0,0,0,26,51,50,76,65476,0,300,0,0,8,21553,0.0,-107605600.0,0.0,0.0,0.0,0.0,0.0,0.0,0.0,0.0,0.0,0.0,0.0,0.0,0.0,0.0,0.0,0.0,0.0,0.0,0.0,0.0,0.0,-0.0,0.0,2.004,0.0,0.0,0.0,0.0,4762.0,0.0,7264.0,-0.0,2.718431101732002e+23,-107615360.0,0.0,0.0,0.0,0.0,0.0,77,-0.0,-0.0,0.0,0.0,0.0,0.0,0.0,0.0,0.0,0,0,0,0.0,0.0,0.0,0.0,0.0,0.0,0.0,0.0,0.0,0.0,0.0,0.0,0.0,0.0,0.0,0.0,0,-107875648.0,77,0.0,154,0.0,-0.0,ERR,ERR,ERR,ERR,ERR,ERR,ERR,ERR,ERR,ERR,ERR,ERR,ERR,ERR,ERR,ERR,ERR,ERR,ERR,ERR,ERR,ERR,ERR,ERR,ERR,ERR,ERR,ERR,ERR,ERR,ERR,ERR,ERR,ERR,ERR,ERR,ERR,ERR,ERR,ERR,ERR,ERR,ERR,ERR,ERR,ERR,ERR,ERR,ERR,ERR,ERR,ERR,ERR,ERR,ERR,ERR,ERR,ERR,ERR,ERR,ERR,ERR,ERR,ERR,ERR,ERR,ERR,34.0,80.0,35,0.0,0.0,0.0,0.0,0.0,0.0,0.0,0.0,0.0,0.0,0.0,0.0,0.0,0.0,0.0,0.0,66.4,0,120,58,54,65476,0,300,0,0,8,20529,65476,0,0,57672,80.0,0.0,0.0,0.0,0.0,0.0
2026-06-18T02:23:05,ERR,ERR,ERR,ERR,ERR,ERR,ERR,ERR,ERR,ERR,ERR,ERR,ERR,ERR,ERR,ERR,ERR,ERR,ERR,ERR,ERR,ERR,ERR,ERR,ERR,ERR,ERR,ERR,ERR,ERR,ERR,ERR,ERR,ERR,ERR,ERR,ERR,ERR,ERR,ERR,ERR,ERR,ERR,ERR,ERR,ERR,ERR,ERR,ERR,ERR,ERR,ERR,ERR,ERR,ERR,ERR,ERR,ERR,ERR,ERR,ERR,ERR,ERR,ERR,ERR,ERR,ERR,ERR,ERR,ERR,ERR,ERR,ERR,ERR,ERR,ERR,ERR,ERR,ERR,ERR,ERR,ERR,ERR,ERR,ERR,ERR,ERR,ERR,ERR,ERR,ERR,ERR,ERR,ERR,ERR,ERR,ERR,ERR,ERR,ERR,ERR,ERR,ERR,ERR,ERR,ERR,ERR,ERR,ERR,ERR,ERR,ERR,ERR,ERR,ERR,ERR,ERR,ERR,ERR,ERR,ERR,ERR,ERR,ERR,ERR,-0.0,2.718431101732002e+23,-0.0,-4.9501291711397626e+32,-0.0,1.3936040501711995e+18,7.805,-0.0,0,0,4,48924,6720,14723890282496.0,100,0.0,0.0,0.0,-4.9501291711397626e+32,0.0,0,0,0,0,0.0,0,0,0,0,0,0,0,0,0,0,0,0,0,0,0,0,0,0,0,0,0,0,0,0,0,0,0,0,0,0,0,0,0,26,51,50,76,65476,0,300,0,0,8,21553,0.0,-107605600.0,0.0,0.0,0.0,0.0,0.0,0.0,0.0,0.0,0.0,0.0,0.0,0.0,0.0,0.0,0.0,0.0,0.0,0.0,0.0,0.0,0.0,-0.0,0.0,2.004,0.0,0.0,0.0,0.0,4762.0,0.0,7264.0,-0.0,2.718431101732002e+23,-107615360.0,0.0,0.0,0.0,0.0,0.0,77,-0.0,-0.0,0.0,0.0,0.0,0.0,0.0,0.0,0.0,0,0,0,0.0,0.0,0.0,0.0,0.0,0.0,0.0,0.0,0.0,0.0,0.0,0.0,0.0,0.0,0.0,0.0,0,-107875648.0,77,0.0,154,0.0,-0.0,ERR,ERR,ERR,ERR,ERR,ERR,ERR,ERR,ERR,ERR,ERR,ERR,ERR,ERR,ERR,ERR,ERR,ERR,ERR,ERR,ERR,ERR,ERR,ERR,ERR,ERR,ERR,ERR,ERR,ERR,ERR,ERR,ERR,ERR,ERR,ERR,ERR,ERR,ERR,ERR,ERR,ERR,ERR,ERR,ERR,ERR,ERR,ERR,ERR,ERR,ERR,ERR,ERR,ERR,ERR,ERR,ERR,ERR,ERR,ERR,ERR,ERR,ERR,ERR,ERR,ERR,ERR,34.0,80.0,35,0.0,0.0,0.0,0.0,0.0,0.0,0.0,0.0,0.0,0.0,0.0,0.0,0.0,0.0,0.0,0.0,66.0,0,120,58,54,65476,0,300,0,0,8,20529,65476,0,0,57672,80.0,0.0,0.0,0.0,0.0,0.0
2026-06-18T02:23:06,ERR,ERR,ERR,ERR,ERR,ERR,ERR,ERR,ERR,ERR,ERR,ERR,ERR,ERR,ERR,ERR,ERR,ERR,ERR,ERR,ERR,ERR,ERR,ERR,ERR,ERR,ERR,ERR,ERR,ERR,ERR,ERR,ERR,ERR,ERR,ERR,ERR,ERR,ERR,ERR,ERR,ERR,ERR,ERR,ERR,ERR,ERR,ERR,ERR,ERR,ERR,ERR,ERR,ERR,ERR,ERR,ERR,ERR,ERR,ERR,ERR,ERR,ERR,ERR,ERR,ERR,ERR,ERR,ERR,ERR,ERR,ERR,ERR,ERR,ERR,ERR,ERR,ERR,ERR,ERR,ERR,ERR,ERR,ERR,ERR,ERR,ERR,ERR,ERR,ERR,ERR,ERR,ERR,ERR,ERR,ERR,ERR,ERR,ERR,ERR,ERR,ERR,ERR,ERR,ERR,ERR,ERR,ERR,ERR,ERR,ERR,ERR,ERR,ERR,ERR,ERR,ERR,ERR,ERR,ERR,ERR,ERR,ERR,ERR,ERR,-0.0,2.718431101732002e+23,-0.0,-4.9501291711397626e+32,-0.0,1.3936040501711995e+18,7.805,-0.0,0,0,4,48924,6720,14723890282496.0,100,0.0,0.0,0.0,-4.9501291711397626e+32,0.0,0,0,0,0,0.0,0,0,0,0,0,0,0,0,0,0,0,0,0,0,0,0,0,0,0,0,0,0,0,0,0,0,0,0,0,0,0,0,0,26,51,50,76,65476,0,300,0,0,8,21553,0.0,-107605600.0,0.0,0.0,0.0,0.0,0.0,0.0,0.0,0.0,0.0,0.0,0.0,0.0,0.0,0.0,0.0,0.0,0.0,0.0,0.0,0.0,0.0,-0.0,0.0,2.004,0.0,0.0,0.0,0.0,4762.0,0.0,7264.0,-0.0,2.718431101732002e+23,-107615360.0,0.0,0.0,0.0,0.0,0.0,77,-0.0,-0.0,0.0,0.0,0.0,0.0,0.0,0.0,0.0,0,0,0,0.0,0.0,0.0,0.0,0.0,0.0,0.0,0.0,0.0,0.0,0.0,0.0,0.0,0.0,0.0,0.0,0,-107875648.0,77,0.0,154,0.0,-0.0,ERR,ERR,ERR,ERR,ERR,ERR,ERR,ERR,ERR,ERR,ERR,ERR,ERR,ERR,ERR,ERR,ERR,ERR,ERR,ERR,ERR,ERR,ERR,ERR,ERR,ERR,ERR,ERR,ERR,ERR,ERR,ERR,ERR,ERR,ERR,ERR,ERR,ERR,ERR,ERR,ERR,ERR,ERR,ERR,ERR,ERR,ERR,ERR,ERR,ERR,ERR,ERR,ERR,ERR,ERR,ERR,ERR,ERR,ERR,ERR,ERR,ERR,ERR,ERR,ERR,ERR,ERR,34.0,80.0,35,0.0,0.0,0.0,0.0,0.0,0.0,0.0,0.0,0.0,0.0,0.0,0.0,0.0,0.0,0.0,0.0,66.0,0,120,58,54,65476,0,300,0,0,8,20529,65476,0,0,57672,80.0,0.0,0.0,0.0,0.0,0.0
2026-06-18T02:23:07,ERR,ERR,ERR,ERR,ERR,ERR,ERR,ERR,ERR,ERR,ERR,ERR,ERR,ERR,ERR,ERR,ERR,ERR,ERR,ERR,ERR,ERR,ERR,ERR,ERR,ERR,ERR,ERR,ERR,ERR,ERR,ERR,ERR,ERR,ERR,ERR,ERR,ERR,ERR,ERR,ERR,ERR,ERR,ERR,ERR,ERR,ERR,ERR,ERR,ERR,ERR,ERR,ERR,ERR,ERR,ERR,ERR,ERR,ERR,ERR,ERR,ERR,ERR,ERR,ERR,ERR,ERR,ERR,ERR,ERR,ERR,ERR,ERR,ERR,ERR,ERR,ERR,ERR,ERR,ERR,ERR,ERR,ERR,ERR,ERR,ERR,ERR,ERR,ERR,ERR,ERR,ERR,ERR,ERR,ERR,ERR,ERR,ERR,ERR,ERR,ERR,ERR,ERR,ERR,ERR,ERR,ERR,ERR,ERR,ERR,ERR,ERR,ERR,ERR,ERR,ERR,ERR,ERR,ERR,ERR,ERR,ERR,ERR,ERR,ERR,-0.0,2.718431101732002e+23,-0.0,-4.9501291711397626e+32,-0.0,1.3936040501711995e+18,7.805,-0.0,0,0,4,48924,6720,14723890282496.0,100,0.0,0.0,0.0,-4.9501291711397626e+32,0.0,0,0,0,0,0.0,0,0,0,0,0,0,0,0,0,0,0,0,0,0,0,0,0,0,0,0,0,0,0,0,0,0,0,0,0,0,0,0,0,26,51,50,76,65476,0,300,0,0,8,21553,0.0,-107605600.0,0.0,0.0,0.0,0.0,0.0,0.0,0.0,0.0,0.0,0.0,0.0,0.0,0.0,0.0,0.0,0.0,0.0,0.0,0.0,0.0,0.0,-0.0,0.0,2.004,0.0,0.0,0.0,0.0,4762.0,0.0,7264.0,-0.0,2.718431101732002e+23,-107615360.0,0.0,0.0,0.0,0.0,0.0,77,-0.0,-0.0,0.0,0.0,0.0,0.0,0.0,0.0,0.0,0,0,0,0.0,0.0,0.0,0.0,0.0,0.0,0.0,0.0,0.0,0.0,0.0,0.0,0.0,0.0,0.0,0.0,0,-107875648.0,77,0.0,154,0.0,-0.0,ERR,ERR,ERR,ERR,ERR,ERR,ERR,ERR,ERR,ERR,ERR,ERR,ERR,ERR,ERR,ERR,ERR,ERR,ERR,ERR,ERR,ERR,ERR,ERR,ERR,ERR,ERR,ERR,ERR,ERR,ERR,ERR,ERR,ERR,ERR,ERR,ERR,ERR,ERR,ERR,ERR,ERR,ERR,ERR,ERR,ERR,ERR,ERR,ERR,ERR,ERR,ERR,ERR,ERR,ERR,ERR,ERR,ERR,ERR,ERR,ERR,ERR,ERR,ERR,ERR,ERR,ERR,34.0,80.0,35,0.0,0.0,0.0,0.0,0.0,0.0,0.0,0.0,0.0,0.0,0.0,0.0,0.0,0.0,0.0,0.0,66.0,0,120,58,54,65476,0,300,0,0,8,20529,65476,0,0,57672,80.0,0.0,0.0,0.0,0.0,0.0
2026-06-18T02:23:08,ERR,ERR,ERR,ERR,ERR,ERR,ERR,ERR,ERR,ERR,ERR,ERR,ERR,ERR,ERR,ERR,ERR,ERR,ERR,ERR,ERR,ERR,ERR,ERR,ERR,ERR,ERR,ERR,ERR,ERR,ERR,ERR,ERR,ERR,ERR,ERR,ERR,ERR,ERR,ERR,ERR,ERR,ERR,ERR,ERR,ERR,ERR,ERR,ERR,ERR,ERR,ERR,ERR,ERR,ERR,ERR,ERR,ERR,ERR,ERR,ERR,ERR,ERR,ERR,ERR,ERR,ERR,ERR,ERR,ERR,ERR,ERR,ERR,ERR,ERR,ERR,ERR,ERR,ERR,ERR,ERR,ERR,ERR,ERR,ERR,ERR,ERR,ERR,ERR,ERR,ERR,ERR,ERR,ERR,ERR,ERR,ERR,ERR,ERR,ERR,ERR,ERR,ERR,ERR,ERR,ERR,ERR,ERR,ERR,ERR,ERR,ERR,ERR,ERR,ERR,ERR,ERR,ERR,ERR,ERR,ERR,ERR,ERR,ERR,ERR,-0.0,2.718431101732002e+23,-0.0,-4.9501291711397626e+32,-0.0,1.3936040501711995e+18,7.805,-0.0,0,0,4,48924,6720,14723890282496.0,100,0.0,0.0,0.0,-4.9501291711397626e+32,0.0,0,0,0,0,0.0,0,0,0,0,0,0,0,0,0,0,0,0,0,0,0,0,0,0,0,0,0,0,0,0,0,0,0,0,0,0,0,0,0,26,51,50,76,65476,0,300,0,0,8,21553,0.0,-107605600.0,0.0,0.0,0.0,0.0,0.0,0.0,0.0,0.0,0.0,0.0,0.0,0.0,0.0,0.0,0.0,0.0,0.0,0.0,0.0,0.0,0.0,-0.0,0.0,2.004,0.0,0.0,0.0,0.0,4762.0,0.0,7264.0,-0.0,2.718431101732002e+23,-107615360.0,0.0,0.0,0.0,0.0,0.0,77,-0.0,-0.0,0.0,0.0,0.0,0.0,0.0,0.0,0.0,0,0,0,0.0,0.0,0.0,0.0,0.0,0.0,0.0,0.0,0.0,0.0,0.0,0.0,0.0,0.0,0.0,0.0,0,-107875648.0,77,0.0,154,0.0,-0.0,ERR,ERR,ERR,ERR,ERR,ERR,ERR,ERR,ERR,ERR,ERR,ERR,ERR,ERR,ERR,ERR,ERR,ERR,ERR,ERR,ERR,ERR,ERR,ERR,ERR,ERR,ERR,ERR,ERR,ERR,ERR,ERR,ERR,ERR,ERR,ERR,ERR,ERR,ERR,ERR,ERR,ERR,ERR,ERR,ERR,ERR,ERR,ERR,ERR,ERR,ERR,ERR,ERR,ERR,ERR,ERR,ERR,ERR,ERR,ERR,ERR,ERR,ERR,ERR,ERR,ERR,ERR,34.0,80.0,35,0.0,0.0,0.0,0.0,0.0,0.0,0.0,0.0,0.0,0.0,0.0,0.0,0.0,0.0,0.0,0.0,66.0,0,120,58,54,65476,0,300,0,0,8,20529,65476,0,0,57672,80.0,0.0,0.0,0.0,0.0,0.0
2026-06-18T02:23:09,ERR,ERR,ERR,ERR,ERR,ERR,ERR,ERR,ERR,ERR,ERR,ERR,ERR,ERR,ERR,ERR,ERR,ERR,ERR,ERR,ERR,ERR,ERR,ERR,ERR,ERR,ERR,ERR,ERR,ERR,ERR,ERR,ERR,ERR,ERR,ERR,ERR,ERR,ERR,ERR,ERR,ERR,ERR,ERR,ERR,ERR,ERR,ERR,ERR,ERR,ERR,ERR,ERR,ERR,ERR,ERR,ERR,ERR,ERR,ERR,ERR,ERR,ERR,ERR,ERR,ERR,ERR,ERR,ERR,ERR,ERR,ERR,ERR,ERR,ERR,ERR,ERR,ERR,ERR,ERR,ERR,ERR,ERR,ERR,ERR,ERR,ERR,ERR,ERR,ERR,ERR,ERR,ERR,ERR,ERR,ERR,ERR,ERR,ERR,ERR,ERR,ERR,ERR,ERR,ERR,ERR,ERR,ERR,ERR,ERR,ERR,ERR,ERR,ERR,ERR,ERR,ERR,ERR,ERR,ERR,ERR,ERR,ERR,ERR,ERR,-0.0,2.718431101732002e+23,-0.0,2.718290229135658e+23,-0.0,1.3936040501711995e+18,7.805,-24226.301,0,0,4,48927,6720,14723890282496.0,100,0.0,0.0,0.0,2.718290229135658e+23,0.0,0,0,0,0,0.0,0,0,0,0,0,0,0,0,0,0,0,0,0,0,0,0,0,0,0,0,0,0,0,0,0,0,0,0,0,0,0,0,0,26,51,50,76,65476,0,300,0,0,8,21553,0.0,-107605600.0,0.0,0.0,0.0,0.0,0.0,0.0,0.0,0.0,0.0,0.0,0.0,0.0,0.0,0.0,0.0,0.0,0.0,0.0,0.0,0.0,0.0,-0.0,0.0,2.004,0.0,0.0,0.0,0.0,4763.0,-8608174080.0,7290.0,-0.0,2.718431101732002e+23,-107615360.0,0.0,0.0,0.0,0.0,0.0,77,-0.0,5.8480517217512656e+35,0.0,0.0,0.0,0.0,0.0,0.0,0.0,0,0,0,0.0,0.0,0.0,0.0,0.0,0.0,0.0,0.0,0.0,0.0,0.0,0.0,0.0,0.0,0.0,0.0,0,-107875648.0,77,0.0,154,0.0,-0.0,ERR,ERR,ERR,ERR,ERR,ERR,ERR,ERR,ERR,ERR,ERR,ERR,ERR,ERR,ERR,ERR,ERR,ERR,ERR,ERR,ERR,ERR,ERR,ERR,ERR,ERR,ERR,ERR,ERR,ERR,ERR,ERR,ERR,ERR,ERR,ERR,ERR,ERR,ERR,ERR,ERR,ERR,ERR,ERR,ERR,ERR,ERR,ERR,ERR,ERR,ERR,ERR,ERR,ERR,ERR,ERR,ERR,ERR,ERR,ERR,ERR,ERR,ERR,ERR,ERR,ERR,ERR,34.0,80.0,35,0.0,0.0,0.0,0.0,0.0,0.0,0.0,0.0,0.0,0.0,0.0,0.0,0.0,0.0,0.0,0.0,66.0,0,120,58,54,65476,0,300,0,0,8,20529,65476,0,0,57672,80.0,0.0,0.0,0.0,0.0,0.0
2026-06-18T02:23:10,ERR,ERR,ERR,ERR,ERR,ERR,ERR,ERR,ERR,ERR,ERR,ERR,ERR,ERR,ERR,ERR,ERR,ERR,ERR,ERR,ERR,ERR,ERR,ERR,ERR,ERR,ERR,ERR,ERR,ERR,ERR,ERR,ERR,ERR,ERR,ERR,ERR,ERR,ERR,ERR,ERR,ERR,ERR,ERR,ERR,ERR,ERR,ERR,ERR,ERR,ERR,ERR,ERR,ERR,ERR,ERR,ERR,ERR,ERR,ERR,ERR,ERR,ERR,ERR,ERR,ERR,ERR,ERR,ERR,ERR,ERR,ERR,ERR,ERR,ERR,ERR,ERR,ERR,ERR,ERR,ERR,ERR,ERR,ERR,ERR,ERR,ERR,ERR,ERR,ERR,ERR,ERR,ERR,ERR,ERR,ERR,ERR,ERR,ERR,ERR,ERR,ERR,ERR,ERR,ERR,ERR,ERR,ERR,ERR,ERR,ERR,ERR,ERR,ERR,ERR,ERR,ERR,ERR,ERR,ERR,ERR,ERR,ERR,ERR,ERR,-0.0,2.718431101732002e+23,-0.0,2.718290229135658e+23,-0.0,1.3936040501711995e+18,7.805,-24226.301,0,0,4,48927,6720,14723890282496.0,100,0.0,0.0,0.0,2.718290229135658e+23,0.0,0,0,0,0,0.0,0,0,0,0,0,0,0,0,0,0,0,0,0,0,0,0,0,0,0,0,0,0,0,0,0,0,0,0,0,0,0,0,0,26,51,50,76,65476,0,300,0,0,8,21553,0.0,-107605600.0,0.0,0.0,0.0,0.0,0.0,0.0,0.0,0.0,0.0,0.0,0.0,0.0,0.0,0.0,0.0,0.0,0.0,0.0,0.0,0.0,0.0,-0.0,0.0,2.004,0.0,0.0,0.0,0.0,4763.0,-8608174080.0,7290.0,-0.0,2.718431101732002e+23,-107615360.0,0.0,0.0,0.0,0.0,0.0,77,-0.0,5.8480517217512656e+35,0.0,0.0,0.0,0.0,0.0,0.0,0.0,0,0,0,0.0,0.0,0.0,0.0,0.0,0.0,0.0,0.0,0.0,0.0,0.0,0.0,0.0,0.0,0.0,0.0,0,-107875648.0,77,0.0,154,0.0,-0.0,ERR,ERR,ERR,ERR,ERR,ERR,ERR,ERR,ERR,ERR,ERR,ERR,ERR,ERR,ERR,ERR,ERR,ERR,ERR,ERR,ERR,ERR,ERR,ERR,ERR,ERR,ERR,ERR,ERR,ERR,ERR,ERR,ERR,ERR,ERR,ERR,ERR,ERR,ERR,ERR,ERR,ERR,ERR,ERR,ERR,ERR,ERR,ERR,ERR,ERR,ERR,ERR,ERR,ERR,ERR,ERR,ERR,ERR,ERR,ERR,ERR,ERR,ERR,ERR,ERR,ERR,ERR,34.0,80.0,35,0.0,0.0,0.0,0.0,0.0,0.0,0.0,0.0,0.0,0.0,0.0,0.0,0.0,0.0,0.0,0.0,66.0,0,120,58,54,65476,0,300,0,0,8,20529,65476,0,0,57672,80.0,0.0,0.0,0.0,0.0,0.0
2026-06-18T02:23:11,ERR,ERR,ERR,ERR,ERR,ERR,ERR,ERR,ERR,ERR,ERR,ERR,ERR,ERR,ERR,ERR,ERR,ERR,ERR,ERR,ERR,ERR,ERR,ERR,ERR,ERR,ERR,ERR,ERR,ERR,ERR,ERR,ERR,ERR,ERR,ERR,ERR,ERR,ERR,ERR,ERR,ERR,ERR,ERR,ERR,ERR,ERR,ERR,ERR,ERR,ERR,ERR,ERR,ERR,ERR,ERR,ERR,ERR,ERR,ERR,ERR,ERR,ERR,ERR,ERR,ERR,ERR,ERR,ERR,ERR,ERR,ERR,ERR,ERR,ERR,ERR,ERR,ERR,ERR,ERR,ERR,ERR,ERR,ERR,ERR,ERR,ERR,ERR,ERR,ERR,ERR,ERR,ERR,ERR,ERR,ERR,ERR,ERR,ERR,ERR,ERR,ERR,ERR,ERR,ERR,ERR,ERR,ERR,ERR,ERR,ERR,ERR,ERR,ERR,ERR,ERR,ERR,ERR,ERR,ERR,ERR,ERR,ERR,ERR,ERR,-0.0,2.718431101732002e+23,-0.0,2.718290229135658e+23,-0.0,1.3936040501711995e+18,7.805,-24226.301,0,0,4,48927,6720,14723890282496.0,100,0.0,0.0,0.0,2.718290229135658e+23,0.0,0,0,0,0,0.0,0,0,0,0,0,0,0,0,0,0,0,0,0,0,0,0,0,0,0,0,0,0,0,0,0,0,0,0,0,0,0,0,0,26,51,50,76,65476,0,300,0,0,8,21553,0.0,-107605600.0,0.0,0.0,0.0,0.0,0.0,0.0,0.0,0.0,0.0,0.0,0.0,0.0,0.0,0.0,0.0,0.0,0.0,0.0,0.0,0.0,0.0,-0.0,0.0,2.004,0.0,0.0,0.0,0.0,4763.0,-8608174080.0,7290.0,-0.0,2.718431101732002e+23,-107615360.0,0.0,0.0,0.0,0.0,0.0,77,-0.0,5.8480517217512656e+35,0.0,0.0,0.0,0.0,0.0,0.0,0.0,0,0,0,0.0,0.0,0.0,0.0,0.0,0.0,0.0,0.0,0.0,0.0,0.0,0.0,0.0,0.0,0.0,0.0,0,-107875648.0,77,0.0,154,0.0,-0.0,ERR,ERR,ERR,ERR,ERR,ERR,ERR,ERR,ERR,ERR,ERR,ERR,ERR,ERR,ERR,ERR,ERR,ERR,ERR,ERR,ERR,ERR,ERR,ERR,ERR,ERR,ERR,ERR,ERR,ERR,ERR,ERR,ERR,ERR,ERR,ERR,ERR,ERR,ERR,ERR,ERR,ERR,ERR,ERR,ERR,ERR,ERR,ERR,ERR,ERR,ERR,ERR,ERR,ERR,ERR,ERR,ERR,ERR,ERR,ERR,ERR,ERR,ERR,ERR,ERR,ERR,ERR,34.0,80.0,35,0.0,0.0,0.0,0.0,0.0,0.0,0.0,0.0,0.0,0.0,0.0,0.0,0.0,0.0,0.0,0.0,66.0,0,120,58,54,65476,0,300,0,0,8,20529,65476,0,0,57672,80.0,0.0,0.0,0.0,0.0,0.0
2026-06-18T02:23:12,ERR,ERR,ERR,ERR,ERR,ERR,ERR,ERR,ERR,ERR,ERR,ERR,ERR,ERR,ERR,ERR,ERR,ERR,ERR,ERR,ERR,ERR,ERR,ERR,ERR,ERR,ERR,ERR,ERR,ERR,ERR,ERR,ERR,ERR,ERR,ERR,ERR,ERR,ERR,ERR,ERR,ERR,ERR,ERR,ERR,ERR,ERR,ERR,ERR,ERR,ERR,ERR,ERR,ERR,ERR,ERR,ERR,ERR,ERR,ERR,ERR,ERR,ERR,ERR,ERR,ERR,ERR,ERR,ERR,ERR,ERR,ERR,ERR,ERR,ERR,ERR,ERR,ERR,ERR,ERR,ERR,ERR,ERR,ERR,ERR,ERR,ERR,ERR,ERR,ERR,ERR,ERR,ERR,ERR,ERR,ERR,ERR,ERR,ERR,ERR,ERR,ERR,ERR,ERR,ERR,ERR,ERR,ERR,ERR,ERR,ERR,ERR,ERR,ERR,ERR,ERR,ERR,ERR,ERR,ERR,ERR,ERR,ERR,ERR,ERR,-0.0,2.718431101732002e+23,-0.0,2.718290229135658e+23,-0.0,1.3936040501711995e+18,7.805,-24226.301,0,0,4,48927,6720,14723890282496.0,100,0.0,0.0,0.0,2.718290229135658e+23,0.0,0,0,0,0,0.0,0,0,0,0,0,0,0,0,0,0,0,0,0,0,0,0,0,0,0,0,0,0,0,0,0,0,0,0,0,0,0,0,0,26,51,50,76,65476,0,300,0,0,8,21553,0.0,-107605600.0,0.0,0.0,0.0,0.0,0.0,0.0,0.0,0.0,0.0,0.0,0.0,0.0,0.0,0.0,0.0,0.0,0.0,0.0,0.0,0.0,0.0,-0.0,0.0,2.004,0.0,0.0,0.0,0.0,4763.0,-8608174080.0,7290.0,-0.0,2.718431101732002e+23,-107615360.0,0.0,0.0,0.0,0.0,0.0,77,-0.0,5.8480517217512656e+35,0.0,0.0,0.0,0.0,0.0,0.0,0.0,0,0,0,0.0,0.0,0.0,0.0,0.0,0.0,0.0,0.0,0.0,0.0,0.0,0.0,0.0,0.0,0.0,0.0,0,-107875648.0,77,0.0,154,0.0,-0.0,ERR,ERR,ERR,ERR,ERR,ERR,ERR,ERR,ERR,ERR,ERR,ERR,ERR,ERR,ERR,ERR,ERR,ERR,ERR,ERR,ERR,ERR,ERR,ERR,ERR,ERR,ERR,ERR,ERR,ERR,ERR,ERR,ERR,ERR,ERR,ERR,ERR,ERR,ERR,ERR,ERR,ERR,ERR,ERR,ERR,ERR,ERR,ERR,ERR,ERR,ERR,ERR,ERR,ERR,ERR,ERR,ERR,ERR,ERR,ERR,ERR,ERR,ERR,ERR,ERR,ERR,ERR,34.0,80.0,35,0.0,0.0,0.0,0.0,0.0,0.0,0.0,0.0,0.0,0.0,0.0,0.0,0.0,0.0,0.0,0.0,66.0,0,120,58,54,65476,0,300,0,0,8,20529,65476,0,0,57672,80.0,0.0,0.0,0.0,0.0,0.0
2026-06-18T02:23:13,ERR,ERR,ERR,ERR,ERR,ERR,ERR,ERR,ERR,ERR,ERR,ERR,ERR,ERR,ERR,ERR,ERR,ERR,ERR,ERR,ERR,ERR,ERR,ERR,ERR,ERR,ERR,ERR,ERR,ERR,ERR,ERR,ERR,ERR,ERR,ERR,ERR,ERR,ERR,ERR,ERR,ERR,ERR,ERR,ERR,ERR,ERR,ERR,ERR,ERR,ERR,ERR,ERR,ERR,ERR,ERR,ERR,ERR,ERR,ERR,ERR,ERR,ERR,ERR,ERR,ERR,ERR,ERR,ERR,ERR,ERR,ERR,ERR,ERR,ERR,ERR,ERR,ERR,ERR,ERR,ERR,ERR,ERR,ERR,ERR,ERR,ERR,ERR,ERR,ERR,ERR,ERR,ERR,ERR,ERR,ERR,ERR,ERR,ERR,ERR,ERR,ERR,ERR,ERR,ERR,ERR,ERR,ERR,ERR,ERR,ERR,ERR,ERR,ERR,ERR,ERR,ERR,ERR,ERR,ERR,ERR,ERR,ERR,ERR,ERR,-0.0,2.718431101732002e+23,-0.0,2.718290229135658e+23,-0.0,1.3936040501711995e+18,7.805,-24226.301,0,0,4,48927,6720,14723890282496.0,100,0.0,0.0,0.0,2.718290229135658e+23,0.0,0,0,0,0,0.0,0,0,0,0,0,0,0,0,0,0,0,0,0,0,0,0,0,0,0,0,0,0,0,0,0,0,0,0,0,0,0,0,0,26,51,50,76,65476,0,300,0,0,8,21553,0.0,-107605600.0,0.0,0.0,0.0,0.0,0.0,0.0,0.0,0.0,0.0,0.0,0.0,0.0,0.0,0.0,0.0,0.0,0.0,0.0,0.0,0.0,0.0,-0.0,0.0,2.004,0.0,0.0,0.0,0.0,4763.0,-8608174080.0,7290.0,-0.0,2.718431101732002e+23,-107615360.0,0.0,0.0,0.0,0.0,0.0,77,-0.0,5.8480517217512656e+35,0.0,0.0,0.0,0.0,0.0,0.0,0.0,0,0,0,0.0,0.0,0.0,0.0,0.0,0.0,0.0,0.0,0.0,0.0,0.0,0.0,0.0,0.0,0.0,0.0,0,-107875648.0,77,0.0,154,0.0,-0.0,ERR,ERR,ERR,ERR,ERR,ERR,ERR,ERR,ERR,ERR,ERR,ERR,ERR,ERR,ERR,ERR,ERR,ERR,ERR,ERR,ERR,ERR,ERR,ERR,ERR,ERR,ERR,ERR,ERR,ERR,ERR,ERR,ERR,ERR,ERR,ERR,ERR,ERR,ERR,ERR,ERR,ERR,ERR,ERR,ERR,ERR,ERR,ERR,ERR,ERR,ERR,ERR,ERR,ERR,ERR,ERR,ERR,ERR,ERR,ERR,ERR,ERR,ERR,ERR,ERR,ERR,ERR,34.0,80.0,35,0.0,0.0,0.0,0.0,0.0,0.0,0.0,0.0,0.0,0.0,0.0,0.0,0.0,0.0,0.0,0.0,66.0,0,120,58,54,65476,0,300,0,0,8,20529,65476,0,0,57672,80.0,0.0,0.0,0.0,0.0,0.0
2026-06-18T02:23:14,ERR,ERR,ERR,ERR,ERR,ERR,ERR,ERR,ERR,ERR,ERR,ERR,ERR,ERR,ERR,ERR,ERR,ERR,ERR,ERR,ERR,ERR,ERR,ERR,ERR,ERR,ERR,ERR,ERR,ERR,ERR,ERR,ERR,ERR,ERR,ERR,ERR,ERR,ERR,ERR,ERR,ERR,ERR,ERR,ERR,ERR,ERR,ERR,ERR,ERR,ERR,ERR,ERR,ERR,ERR,ERR,ERR,ERR,ERR,ERR,ERR,ERR,ERR,ERR,ERR,ERR,ERR,ERR,ERR,ERR,ERR,ERR,ERR,ERR,ERR,ERR,ERR,ERR,ERR,ERR,ERR,ERR,ERR,ERR,ERR,ERR,ERR,ERR,ERR,ERR,ERR,ERR,ERR,ERR,ERR,ERR,ERR,ERR,ERR,ERR,ERR,ERR,ERR,ERR,ERR,ERR,ERR,ERR,ERR,ERR,ERR,ERR,ERR,ERR,ERR,ERR,ERR,ERR,ERR,ERR,ERR,ERR,ERR,ERR,ERR,-0.0,2.718431101732002e+23,-0.0,-0.0,-0.0,1.3936040501711995e+18,7.805,-0.0,0,0,4,48936,6720,14723890282496.0,100,0.0,0.0,0.0,0.0,0.0,0,0,0,0,0.0,0,0,0,0,0,0,0,0,0,0,0,0,0,0,0,0,0,0,0,0,0,0,0,0,0,0,0,0,0,0,0,0,0,26,51,50,76,65476,0,300,0,0,8,21553,0.0,-107605600.0,0.0,0.0,0.0,0.0,0.0,0.0,0.0,0.0,0.0,0.0,0.0,0.0,0.0,0.0,0.0,0.0,0.0,0.0,0.0,0.0,0.0,-0.0,0.0,2.004,0.0,0.0,0.0,0.0,4761.0,-564145296506880.0,7291.0,-0.0,2.718431101732002e+23,-107615360.0,0.0,0.0,0.0,0.0,0.0,77,-0.0,-0.0,0.0,0.0,0.0,0.0,0.0,0.0,0.0,0,0,0,0.0,0.0,0.0,0.0,0.0,0.0,0.0,0.0,0.0,0.0,0.0,0.0,0.0,0.0,0.0,0.0,0,-107875648.0,77,0.0,154,0.0,-0.0,ERR,ERR,ERR,ERR,ERR,ERR,ERR,ERR,ERR,ERR,ERR,ERR,ERR,ERR,ERR,ERR,ERR,ERR,ERR,ERR,ERR,ERR,ERR,ERR,ERR,ERR,ERR,ERR,ERR,ERR,ERR,ERR,ERR,ERR,ERR,ERR,ERR,ERR,ERR,ERR,ERR,ERR,ERR,ERR,ERR,ERR,ERR,ERR,ERR,ERR,ERR,ERR,ERR,ERR,ERR,ERR,ERR,ERR,ERR,ERR,ERR,ERR,ERR,ERR,ERR,ERR,ERR,34.0,80.0,35,0.0,0.0,0.0,0.0,0.0,0.0,0.0,0.0,0.0,0.0,0.0,0.0,0.0,0.0,0.0,0.0,66.0,0,120,58,54,65476,0,300,0,0,8,20529,65476,0,0,57672,80.0,0.0,0.0,0.0,0.0,0.0
2026-06-18T02:23:15,ERR,ERR,ERR,ERR,ERR,ERR,ERR,ERR,ERR,ERR,ERR,ERR,ERR,ERR,ERR,ERR,ERR,ERR,ERR,ERR,ERR,ERR,ERR,ERR,ERR,ERR,ERR,ERR,ERR,ERR,ERR,ERR,ERR,ERR,ERR,ERR,ERR,ERR,ERR,ERR,ERR,ERR,ERR,ERR,ERR,ERR,ERR,ERR,ERR,ERR,ERR,ERR,ERR,ERR,ERR,ERR,ERR,ERR,ERR,ERR,ERR,ERR,ERR,ERR,ERR,ERR,ERR,ERR,ERR,ERR,ERR,ERR,ERR,ERR,ERR,ERR,ERR,ERR,ERR,ERR,ERR,ERR,ERR,ERR,ERR,ERR,ERR,ERR,ERR,ERR,ERR,ERR,ERR,ERR,ERR,ERR,ERR,ERR,ERR,ERR,ERR,ERR,ERR,ERR,ERR,ERR,ERR,ERR,ERR,ERR,ERR,ERR,ERR,ERR,ERR,ERR,ERR,ERR,ERR,ERR,ERR,ERR,ERR,ERR,ERR,-0.0,2.718431101732002e+23,-0.0,-0.0,-0.0,1.3936040501711995e+18,7.805,-0.0,0,0,4,48936,6720,14723890282496.0,100,0.0,0.0,0.0,0.0,0.0,0,0,0,0,0.0,0,0,0,0,0,0,0,0,0,0,0,0,0,0,0,0,0,0,0,0,0,0,0,0,0,0,0,0,0,0,0,0,0,26,51,50,76,65476,0,300,0,0,8,21553,0.0,-107605600.0,0.0,0.0,0.0,0.0,0.0,0.0,0.0,0.0,0.0,0.0,0.0,0.0,0.0,0.0,0.0,0.0,0.0,0.0,0.0,0.0,0.0,-0.0,0.0,2.004,0.0,0.0,0.0,0.0,4761.0,-564145296506880.0,7291.0,-0.0,2.718431101732002e+23,-107615360.0,0.0,0.0,0.0,0.0,0.0,77,-0.0,-0.0,0.0,0.0,0.0,0.0,0.0,0.0,0.0,0,0,0,0.0,0.0,0.0,0.0,0.0,0.0,0.0,0.0,0.0,0.0,0.0,0.0,0.0,0.0,0.0,0.0,0,-107875648.0,77,0.0,154,0.0,-0.0,ERR,ERR,ERR,ERR,ERR,ERR,ERR,ERR,ERR,ERR,ERR,ERR,ERR,ERR,ERR,ERR,ERR,ERR,ERR,ERR,ERR,ERR,ERR,ERR,ERR,ERR,ERR,ERR,ERR,ERR,ERR,ERR,ERR,ERR,ERR,ERR,ERR,ERR,ERR,ERR,ERR,ERR,ERR,ERR,ERR,ERR,ERR,ERR,ERR,ERR,ERR,ERR,ERR,ERR,ERR,ERR,ERR,ERR,ERR,ERR,ERR,ERR,ERR,ERR,ERR,ERR,ERR,34.0,80.0,35,0.0,0.0,0.0,0.0,0.0,0.0,0.0,0.0,0.0,0.0,0.0,0.0,0.0,0.0,0.0,0.0,66.0,0,120,58,54,65476,0,300,0,0,8,20529,65476,0,0,57672,80.0,0.0,0.0,0.0,0.0,0.0
2026-06-18T02:23:16,ERR,ERR,ERR,ERR,ERR,ERR,ERR,ERR,ERR,ERR,ERR,ERR,ERR,ERR,ERR,ERR,ERR,ERR,ERR,ERR,ERR,ERR,ERR,ERR,ERR,ERR,ERR,ERR,ERR,ERR,ERR,ERR,ERR,ERR,ERR,ERR,ERR,ERR,ERR,ERR,ERR,ERR,ERR,ERR,ERR,ERR,ERR,ERR,ERR,ERR,ERR,ERR,ERR,ERR,ERR,ERR,ERR,ERR,ERR,ERR,ERR,ERR,ERR,ERR,ERR,ERR,ERR,ERR,ERR,ERR,ERR,ERR,ERR,ERR,ERR,ERR,ERR,ERR,ERR,ERR,ERR,ERR,ERR,ERR,ERR,ERR,ERR,ERR,ERR,ERR,ERR,ERR,ERR,ERR,ERR,ERR,ERR,ERR,ERR,ERR,ERR,ERR,ERR,ERR,ERR,ERR,ERR,ERR,ERR,ERR,ERR,ERR,ERR,ERR,ERR,ERR,ERR,ERR,ERR,ERR,ERR,ERR,ERR,ERR,ERR,-0.0,2.718431101732002e+23,-0.0,-0.0,-0.0,1.3936040501711995e+18,7.805,-0.0,0,0,4,48936,6720,14723890282496.0,100,0.0,0.0,0.0,0.0,0.0,0,0,0,0,0.0,0,0,0,0,0,0,0,0,0,0,0,0,0,0,0,0,0,0,0,0,0,0,0,0,0,0,0,0,0,0,0,0,0,26,51,50,76,65476,0,300,0,0,8,21553,0.0,-107605600.0,0.0,0.0,0.0,0.0,0.0,0.0,0.0,0.0,0.0,0.0,0.0,0.0,0.0,0.0,0.0,0.0,0.0,0.0,0.0,0.0,0.0,-0.0,0.0,2.004,0.0,0.0,0.0,0.0,4761.0,-564145296506880.0,7291.0,-0.0,2.718431101732002e+23,-107615360.0,0.0,0.0,0.0,0.0,0.0,77,-0.0,-0.0,0.0,0.0,0.0,0.0,0.0,0.0,0.0,0,0,0,0.0,0.0,0.0,0.0,0.0,0.0,0.0,0.0,0.0,0.0,0.0,0.0,0.0,0.0,0.0,0.0,0,-107875648.0,77,0.0,154,0.0,-0.0,ERR,ERR,ERR,ERR,ERR,ERR,ERR,ERR,ERR,ERR,ERR,ERR,ERR,ERR,ERR,ERR,ERR,ERR,ERR,ERR,ERR,ERR,ERR,ERR,ERR,ERR,ERR,ERR,ERR,ERR,ERR,ERR,ERR,ERR,ERR,ERR,ERR,ERR,ERR,ERR,ERR,ERR,ERR,ERR,ERR,ERR,ERR,ERR,ERR,ERR,ERR,ERR,ERR,ERR,ERR,ERR,ERR,ERR,ERR,ERR,ERR,ERR,ERR,ERR,ERR,ERR,ERR,34.0,80.0,35,0.0,0.0,0.0,0.0,0.0,0.0,0.0,0.0,0.0,0.0,0.0,0.0,0.0,0.0,0.0,0.0,66.0,0,120,58,54,65476,0,300,0,0,8,20529,65476,0,0,57672,80.0,0.0,0.0,0.0,0.0,0.0
2026-06-18T02:23:17,ERR,ERR,ERR,ERR,ERR,ERR,ERR,ERR,ERR,ERR,ERR,ERR,ERR,ERR,ERR,ERR,ERR,ERR,ERR,ERR,ERR,ERR,ERR,ERR,ERR,ERR,ERR,ERR,ERR,ERR,ERR,ERR,ERR,ERR,ERR,ERR,ERR,ERR,ERR,ERR,ERR,ERR,ERR,ERR,ERR,ERR,ERR,ERR,ERR,ERR,ERR,ERR,ERR,ERR,ERR,ERR,ERR,ERR,ERR,ERR,ERR,ERR,ERR,ERR,ERR,ERR,ERR,ERR,ERR,ERR,ERR,ERR,ERR,ERR,ERR,ERR,ERR,ERR,ERR,ERR,ERR,ERR,ERR,ERR,ERR,ERR,ERR,ERR,ERR,ERR,ERR,ERR,ERR,ERR,ERR,ERR,ERR,ERR,ERR,ERR,ERR,ERR,ERR,ERR,ERR,ERR,ERR,ERR,ERR,ERR,ERR,ERR,ERR,ERR,ERR,ERR,ERR,ERR,ERR,ERR,ERR,ERR,ERR,ERR,ERR,-0.0,2.718431101732002e+23,-0.0,-0.0,-0.0,1.3936040501711995e+18,7.805,-0.0,0,0,4,48936,6720,14723890282496.0,100,0.0,0.0,0.0,0.0,0.0,0,0,0,0,0.0,0,0,0,0,0,0,0,0,0,0,0,0,0,0,0,0,0,0,0,0,0,0,0,0,0,0,0,0,0,0,0,0,0,26,51,50,76,65476,0,300,0,0,8,21553,0.0,-107605600.0,0.0,0.0,0.0,0.0,0.0,0.0,0.0,0.0,0.0,0.0,0.0,0.0,0.0,0.0,0.0,0.0,0.0,0.0,0.0,0.0,0.0,-0.0,0.0,2.004,0.0,0.0,0.0,0.0,4761.0,-564145296506880.0,7291.0,-0.0,2.718431101732002e+23,-107615360.0,0.0,0.0,0.0,0.0,0.0,77,-0.0,-0.0,0.0,0.0,0.0,0.0,0.0,0.0,0.0,0,0,0,0.0,0.0,0.0,0.0,0.0,0.0,0.0,0.0,0.0,0.0,0.0,0.0,0.0,0.0,0.0,0.0,0,-107875648.0,77,0.0,154,0.0,-0.0,ERR,ERR,ERR,ERR,ERR,ERR,ERR,ERR,ERR,ERR,ERR,ERR,ERR,ERR,ERR,ERR,ERR,ERR,ERR,ERR,ERR,ERR,ERR,ERR,ERR,ERR,ERR,ERR,ERR,ERR,ERR,ERR,ERR,ERR,ERR,ERR,ERR,ERR,ERR,ERR,ERR,ERR,ERR,ERR,ERR,ERR,ERR,ERR,ERR,ERR,ERR,ERR,ERR,ERR,ERR,ERR,ERR,ERR,ERR,ERR,ERR,ERR,ERR,ERR,ERR,ERR,ERR,34.0,80.0,35,0.0,0.0,0.0,0.0,0.0,0.0,0.0,0.0,0.0,0.0,0.0,0.0,0.0,0.0,0.0,0.0,66.0,0,120,58,54,65476,0,300,0,0,8,20529,65476,0,0,57672,80.0,0.0,0.0,0.0,0.0,0.0
2026-06-18T02:23:18,ERR,ERR,ERR,ERR,ERR,ERR,ERR,ERR,ERR,ERR,ERR,ERR,ERR,ERR,ERR,ERR,ERR,ERR,ERR,ERR,ERR,ERR,ERR,ERR,ERR,ERR,ERR,ERR,ERR,ERR,ERR,ERR,ERR,ERR,ERR,ERR,ERR,ERR,ERR,ERR,ERR,ERR,ERR,ERR,ERR,ERR,ERR,ERR,ERR,ERR,ERR,ERR,ERR,ERR,ERR,ERR,ERR,ERR,ERR,ERR,ERR,ERR,ERR,ERR,ERR,ERR,ERR,ERR,ERR,ERR,ERR,ERR,ERR,ERR,ERR,ERR,ERR,ERR,ERR,ERR,ERR,ERR,ERR,ERR,ERR,ERR,ERR,ERR,ERR,ERR,ERR,ERR,ERR,ERR,ERR,ERR,ERR,ERR,ERR,ERR,ERR,ERR,ERR,ERR,ERR,ERR,ERR,ERR,ERR,ERR,ERR,ERR,ERR,ERR,ERR,ERR,ERR,ERR,ERR,ERR,ERR,ERR,ERR,ERR,ERR,-0.0,2.718431101732002e+23,-0.0,-0.0,-0.0,1.3936040501711995e+18,7.805,-0.0,0,0,4,48936,6720,14723890282496.0,100,0.0,0.0,0.0,0.0,0.0,0,0,0,0,0.0,0,0,0,0,0,0,0,0,0,0,0,0,0,0,0,0,0,0,0,0,0,0,0,0,0,0,0,0,0,0,0,0,0,26,51,50,76,65476,0,300,0,0,8,21553,0.0,-107605600.0,0.0,0.0,0.0,0.0,0.0,0.0,0.0,0.0,0.0,0.0,0.0,0.0,0.0,0.0,0.0,0.0,0.0,0.0,0.0,0.0,0.0,-0.0,0.0,2.004,0.0,0.0,0.0,0.0,4761.0,-564145296506880.0,7291.0,-0.0,2.718431101732002e+23,-107615360.0,0.0,0.0,0.0,0.0,0.0,77,-0.0,-0.0,0.0,0.0,0.0,0.0,0.0,0.0,0.0,0,0,0,0.0,0.0,0.0,0.0,0.0,0.0,0.0,0.0,0.0,0.0,0.0,0.0,0.0,0.0,0.0,0.0,0,-107875648.0,77,0.0,154,0.0,-0.0,ERR,ERR,ERR,ERR,ERR,ERR,ERR,ERR,ERR,ERR,ERR,ERR,ERR,ERR,ERR,ERR,ERR,ERR,ERR,ERR,ERR,ERR,ERR,ERR,ERR,ERR,ERR,ERR,ERR,ERR,ERR,ERR,ERR,ERR,ERR,ERR,ERR,ERR,ERR,ERR,ERR,ERR,ERR,ERR,ERR,ERR,ERR,ERR,ERR,ERR,ERR,ERR,ERR,ERR,ERR,ERR,ERR,ERR,ERR,ERR,ERR,ERR,ERR,ERR,ERR,ERR,ERR,34.0,80.0,35,0.0,0.0,0.0,0.0,0.0,0.0,0.0,0.0,0.0,0.0,0.0,0.0,0.0,0.0,0.0,0.0,66.0,0,120,58,54,65476,0,300,0,0,8,20529,65476,0,0,57672,80.0,0.0,0.0,0.0,0.0,0.0
2026-06-18T02:23:19,ERR,ERR,ERR,ERR,ERR,ERR,ERR,ERR,ERR,ERR,ERR,ERR,ERR,ERR,ERR,ERR,ERR,ERR,ERR,ERR,ERR,ERR,ERR,ERR,ERR,ERR,ERR,ERR,ERR,ERR,ERR,ERR,ERR,ERR,ERR,ERR,ERR,ERR,ERR,ERR,ERR,ERR,ERR,ERR,ERR,ERR,ERR,ERR,ERR,ERR,ERR,ERR,ERR,ERR,ERR,ERR,ERR,ERR,ERR,ERR,ERR,ERR,ERR,ERR,ERR,ERR,ERR,ERR,ERR,ERR,ERR,ERR,ERR,ERR,ERR,ERR,ERR,ERR,ERR,ERR,ERR,ERR,ERR,ERR,ERR,ERR,ERR,ERR,ERR,ERR,ERR,ERR,ERR,ERR,ERR,ERR,ERR,ERR,ERR,ERR,ERR,ERR,ERR,ERR,ERR,ERR,ERR,ERR,ERR,ERR,ERR,ERR,ERR,ERR,ERR,ERR,ERR,ERR,ERR,ERR,ERR,ERR,ERR,ERR,ERR,-0.0,2.718431101732002e+23,-0.0,-152005385388032.0,-0.0,1.3936040501711995e+18,7.805,-2306705457152.0,0,0,4,48927,6720,14723890282496.0,100,0.0,0.0,0.0,2.718290229135658e+23,0.0,0,0,0,0,0.0,0,0,0,0,0,0,0,0,0,0,0,0,0,0,0,0,0,0,0,0,0,0,0,0,0,0,0,0,0,0,0,0,0,26,51,50,76,65476,0,300,0,0,8,21553,0.0,-107605600.0,0.0,0.0,0.0,0.0,0.0,0.0,0.0,0.0,0.0,0.0,0.0,0.0,0.0,0.0,0.0,0.0,0.0,0.0,0.0,0.0,0.0,-0.0,0.0,2.004,0.0,0.0,0.0,0.0,4762.0,-564145296506880.0,7291.0,-0.0,2.718431101732002e+23,-107615360.0,0.0,0.0,0.0,0.0,0.0,77,-0.0,-0.0,0.0,0.0,0.0,0.0,0.0,0.0,0.0,0,0,0,0.0,0.0,0.0,0.0,0.0,0.0,0.0,0.0,0.0,0.0,0.0,0.0,0.0,0.0,0.0,0.0,0,-107875648.0,77,0.0,154,0.0,-0.0,ERR,ERR,ERR,ERR,ERR,ERR,ERR,ERR,ERR,ERR,ERR,ERR,ERR,ERR,ERR,ERR,ERR,ERR,ERR,ERR,ERR,ERR,ERR,ERR,ERR,ERR,ERR,ERR,ERR,ERR,ERR,ERR,ERR,ERR,ERR,ERR,ERR,ERR,ERR,ERR,ERR,ERR,ERR,ERR,ERR,ERR,ERR,ERR,ERR,ERR,ERR,ERR,ERR,ERR,ERR,ERR,ERR,ERR,ERR,ERR,ERR,ERR,ERR,ERR,ERR,ERR,ERR,34.0,80.0,35,0.0,0.0,0.0,0.0,0.0,0.0,0.0,0.0,0.0,0.0,0.0,0.0,0.0,0.0,0.0,0.0,66.0,0,120,58,54,65476,0,300,0,0,8,20529,65476,0,0,57672,80.0,0.0,0.0,0.0,0.0,0.0
2026-06-18T02:23:20,ERR,ERR,ERR,ERR,ERR,ERR,ERR,ERR,ERR,ERR,ERR,ERR,ERR,ERR,ERR,ERR,ERR,ERR,ERR,ERR,ERR,ERR,ERR,ERR,ERR,ERR,ERR,ERR,ERR,ERR,ERR,ERR,ERR,ERR,ERR,ERR,ERR,ERR,ERR,ERR,ERR,ERR,ERR,ERR,ERR,ERR,ERR,ERR,ERR,ERR,ERR,ERR,ERR,ERR,ERR,ERR,ERR,ERR,ERR,ERR,ERR,ERR,ERR,ERR,ERR,ERR,ERR,ERR,ERR,ERR,ERR,ERR,ERR,ERR,ERR,ERR,ERR,ERR,ERR,ERR,ERR,ERR,ERR,ERR,ERR,ERR,ERR,ERR,ERR,ERR,ERR,ERR,ERR,ERR,ERR,ERR,ERR,ERR,ERR,ERR,ERR,ERR,ERR,ERR,ERR,ERR,ERR,ERR,ERR,ERR,ERR,ERR,ERR,ERR,ERR,ERR,ERR,ERR,ERR,ERR,ERR,ERR,ERR,ERR,ERR,-0.0,2.718431101732002e+23,-0.0,-152005385388032.0,-0.0,1.3936040501711995e+18,7.805,-2306705457152.0,0,0,4,48927,6720,14723890282496.0,100,0.0,0.0,0.0,2.718290229135658e+23,0.0,0,0,0,0,0.0,0,0,0,0,0,0,0,0,0,0,0,0,0,0,0,0,0,0,0,0,0,0,0,0,0,0,0,0,0,0,0,0,0,26,51,50,76,65476,0,300,0,0,8,21553,0.0,-107605600.0,0.0,0.0,0.0,0.0,0.0,0.0,0.0,0.0,0.0,0.0,0.0,0.0,0.0,0.0,0.0,0.0,0.0,0.0,0.0,0.0,0.0,-0.0,0.0,2.004,0.0,0.0,0.0,0.0,4762.0,-564145296506880.0,7291.0,-0.0,2.718431101732002e+23,-107615360.0,0.0,0.0,0.0,0.0,0.0,77,-0.0,-0.0,0.0,0.0,0.0,0.0,0.0,0.0,0.0,0,0,0,0.0,0.0,0.0,0.0,0.0,0.0,0.0,0.0,0.0,0.0,0.0,0.0,0.0,0.0,0.0,0.0,0,-107875648.0,77,0.0,154,0.0,-0.0,ERR,ERR,ERR,ERR,ERR,ERR,ERR,ERR,ERR,ERR,ERR,ERR,ERR,ERR,ERR,ERR,ERR,ERR,ERR,ERR,ERR,ERR,ERR,ERR,ERR,ERR,ERR,ERR,ERR,ERR,ERR,ERR,ERR,ERR,ERR,ERR,ERR,ERR,ERR,ERR,ERR,ERR,ERR,ERR,ERR,ERR,ERR,ERR,ERR,ERR,ERR,ERR,ERR,ERR,ERR,ERR,ERR,ERR,ERR,ERR,ERR,ERR,ERR,ERR,ERR,ERR,ERR,34.0,80.0,35,0.0,0.0,0.0,0.0,0.0,0.0,0.0,0.0,0.0,0.0,0.0,0.0,0.0,0.0,0.0,0.0,66.4,0,120,58,54,65476,0,300,0,0,8,20529,65476,0,0,57672,80.0,0.0,0.0,0.0,0.0,0.0
2026-06-18T02:23:21,ERR,ERR,ERR,ERR,ERR,ERR,ERR,ERR,ERR,ERR,ERR,ERR,ERR,ERR,ERR,ERR,ERR,ERR,ERR,ERR,ERR,ERR,ERR,ERR,ERR,ERR,ERR,ERR,ERR,ERR,ERR,ERR,ERR,ERR,ERR,ERR,ERR,ERR,ERR,ERR,ERR,ERR,ERR,ERR,ERR,ERR,ERR,ERR,ERR,ERR,ERR,ERR,ERR,ERR,ERR,ERR,ERR,ERR,ERR,ERR,ERR,ERR,ERR,ERR,ERR,ERR,ERR,ERR,ERR,ERR,ERR,ERR,ERR,ERR,ERR,ERR,ERR,ERR,ERR,ERR,ERR,ERR,ERR,ERR,ERR,ERR,ERR,ERR,ERR,ERR,ERR,ERR,ERR,ERR,ERR,ERR,ERR,ERR,ERR,ERR,ERR,ERR,ERR,ERR,ERR,ERR,ERR,ERR,ERR,ERR,ERR,ERR,ERR,ERR,ERR,ERR,ERR,ERR,ERR,ERR,ERR,ERR,ERR,ERR,ERR,-0.0,2.718431101732002e+23,-0.0,-152005385388032.0,-0.0,1.3936040501711995e+18,7.805,-2306705457152.0,0,0,4,48927,6720,14723890282496.0,100,0.0,0.0,0.0,2.718290229135658e+23,0.0,0,0,0,0,0.0,0,0,0,0,0,0,0,0,0,0,0,0,0,0,0,0,0,0,0,0,0,0,0,0,0,0,0,0,0,0,0,0,0,26,51,50,76,65476,0,300,0,0,8,21553,0.0,-107605600.0,0.0,0.0,0.0,0.0,0.0,0.0,0.0,0.0,0.0,0.0,0.0,0.0,0.0,0.0,0.0,0.0,0.0,0.0,0.0,0.0,0.0,-0.0,0.0,2.004,0.0,0.0,0.0,0.0,4762.0,-564145296506880.0,7291.0,-0.0,2.718431101732002e+23,-107615360.0,0.0,0.0,0.0,0.0,0.0,77,-0.0,-0.0,0.0,0.0,0.0,0.0,0.0,0.0,0.0,0,0,0,0.0,0.0,0.0,0.0,0.0,0.0,0.0,0.0,0.0,0.0,0.0,0.0,0.0,0.0,0.0,0.0,0,-107875648.0,77,0.0,154,0.0,-0.0,ERR,ERR,ERR,ERR,ERR,ERR,ERR,ERR,ERR,ERR,ERR,ERR,ERR,ERR,ERR,ERR,ERR,ERR,ERR,ERR,ERR,ERR,ERR,ERR,ERR,ERR,ERR,ERR,ERR,ERR,ERR,ERR,ERR,ERR,ERR,ERR,ERR,ERR,ERR,ERR,ERR,ERR,ERR,ERR,ERR,ERR,ERR,ERR,ERR,ERR,ERR,ERR,ERR,ERR,ERR,ERR,ERR,ERR,ERR,ERR,ERR,ERR,ERR,ERR,ERR,ERR,ERR,34.0,80.0,35,0.0,0.0,0.0,0.0,0.0,0.0,0.0,0.0,0.0,0.0,0.0,0.0,0.0,0.0,0.0,0.0,66.4,0,120,58,54,65476,0,300,0,0,8,20529,65476,0,0,57672,80.0,0.0,0.0,0.0,0.0,0.0
2026-06-18T02:23:22,ERR,ERR,ERR,ERR,ERR,ERR,ERR,ERR,ERR,ERR,ERR,ERR,ERR,ERR,ERR,ERR,ERR,ERR,ERR,ERR,ERR,ERR,ERR,ERR,ERR,ERR,ERR,ERR,ERR,ERR,ERR,ERR,ERR,ERR,ERR,ERR,ERR,ERR,ERR,ERR,ERR,ERR,ERR,ERR,ERR,ERR,ERR,ERR,ERR,ERR,ERR,ERR,ERR,ERR,ERR,ERR,ERR,ERR,ERR,ERR,ERR,ERR,ERR,ERR,ERR,ERR,ERR,ERR,ERR,ERR,ERR,ERR,ERR,ERR,ERR,ERR,ERR,ERR,ERR,ERR,ERR,ERR,ERR,ERR,ERR,ERR,ERR,ERR,ERR,ERR,ERR,ERR,ERR,ERR,ERR,ERR,ERR,ERR,ERR,ERR,ERR,ERR,ERR,ERR,ERR,ERR,ERR,ERR,ERR,ERR,ERR,ERR,ERR,ERR,ERR,ERR,ERR,ERR,ERR,ERR,ERR,ERR,ERR,ERR,ERR,-0.0,2.718431101732002e+23,-0.0,-152005385388032.0,-0.0,1.3936040501711995e+18,7.805,-2306705457152.0,0,0,4,48927,6720,14723890282496.0,100,0.0,0.0,0.0,2.718290229135658e+23,0.0,0,0,0,0,0.0,0,0,0,0,0,0,0,0,0,0,0,0,0,0,0,0,0,0,0,0,0,0,0,0,0,0,0,0,0,0,0,0,0,26,51,50,76,65476,0,300,0,0,8,21553,0.0,-107605600.0,0.0,0.0,0.0,0.0,0.0,0.0,0.0,0.0,0.0,0.0,0.0,0.0,0.0,0.0,0.0,0.0,0.0,0.0,0.0,0.0,0.0,-0.0,0.0,2.004,0.0,0.0,0.0,0.0,4762.0,-564145296506880.0,7291.0,-0.0,2.718431101732002e+23,-107615360.0,0.0,0.0,0.0,0.0,0.0,77,-0.0,-0.0,0.0,0.0,0.0,0.0,0.0,0.0,0.0,0,0,0,0.0,0.0,0.0,0.0,0.0,0.0,0.0,0.0,0.0,0.0,0.0,0.0,0.0,0.0,0.0,0.0,0,-107875648.0,77,0.0,154,0.0,-0.0,ERR,ERR,ERR,ERR,ERR,ERR,ERR,ERR,ERR,ERR,ERR,ERR,ERR,ERR,ERR,ERR,ERR,ERR,ERR,ERR,ERR,ERR,ERR,ERR,ERR,ERR,ERR,ERR,ERR,ERR,ERR,ERR,ERR,ERR,ERR,ERR,ERR,ERR,ERR,ERR,ERR,ERR,ERR,ERR,ERR,ERR,ERR,ERR,ERR,ERR,ERR,ERR,ERR,ERR,ERR,ERR,ERR,ERR,ERR,ERR,ERR,ERR,ERR,ERR,ERR,ERR,ERR,34.0,80.0,35,0.0,0.0,0.0,0.0,0.0,0.0,0.0,0.0,0.0,0.0,0.0,0.0,0.0,0.0,0.0,0.0,66.4,0,120,58,54,65476,0,300,0,0,8,20529,65476,0,0,57672,80.0,0.0,0.0,0.0,0.0,0.0
2026-06-18T02:23:23,ERR,ERR,ERR,ERR,ERR,ERR,ERR,ERR,ERR,ERR,ERR,ERR,ERR,ERR,ERR,ERR,ERR,ERR,ERR,ERR,ERR,ERR,ERR,ERR,ERR,ERR,ERR,ERR,ERR,ERR,ERR,ERR,ERR,ERR,ERR,ERR,ERR,ERR,ERR,ERR,ERR,ERR,ERR,ERR,ERR,ERR,ERR,ERR,ERR,ERR,ERR,ERR,ERR,ERR,ERR,ERR,ERR,ERR,ERR,ERR,ERR,ERR,ERR,ERR,ERR,ERR,ERR,ERR,ERR,ERR,ERR,ERR,ERR,ERR,ERR,ERR,ERR,ERR,ERR,ERR,ERR,ERR,ERR,ERR,ERR,ERR,ERR,ERR,ERR,ERR,ERR,ERR,ERR,ERR,ERR,ERR,ERR,ERR,ERR,ERR,ERR,ERR,ERR,ERR,ERR,ERR,ERR,ERR,ERR,ERR,ERR,ERR,ERR,ERR,ERR,ERR,ERR,ERR,ERR,ERR,ERR,ERR,ERR,ERR,ERR,-0.0,2.718431101732002e+23,-0.0,-152005385388032.0,-0.0,1.3936040501711995e+18,7.805,-2306705457152.0,0,0,4,48927,6720,14723890282496.0,100,0.0,0.0,0.0,2.718290229135658e+23,0.0,0,0,0,0,0.0,0,0,0,0,0,0,0,0,0,0,0,0,0,0,0,0,0,0,0,0,0,0,0,0,0,0,0,0,0,0,0,0,0,26,51,50,76,65476,0,300,0,0,8,21553,0.0,-107605600.0,0.0,0.0,0.0,0.0,0.0,0.0,0.0,0.0,0.0,0.0,0.0,0.0,0.0,0.0,0.0,0.0,0.0,0.0,0.0,0.0,0.0,-0.0,0.0,2.004,0.0,0.0,0.0,0.0,4762.0,-564145296506880.0,7291.0,-0.0,2.718431101732002e+23,-107615360.0,0.0,0.0,0.0,0.0,0.0,77,-0.0,-0.0,0.0,0.0,0.0,0.0,0.0,0.0,0.0,0,0,0,0.0,0.0,0.0,0.0,0.0,0.0,0.0,0.0,0.0,0.0,0.0,0.0,0.0,0.0,0.0,0.0,0,-107875648.0,77,0.0,154,0.0,-0.0,ERR,ERR,ERR,ERR,ERR,ERR,ERR,ERR,ERR,ERR,ERR,ERR,ERR,ERR,ERR,ERR,ERR,ERR,ERR,ERR,ERR,ERR,ERR,ERR,ERR,ERR,ERR,ERR,ERR,ERR,ERR,ERR,ERR,ERR,ERR,ERR,ERR,ERR,ERR,ERR,ERR,ERR,ERR,ERR,ERR,ERR,ERR,ERR,ERR,ERR,ERR,ERR,ERR,ERR,ERR,ERR,ERR,ERR,ERR,ERR,ERR,ERR,ERR,ERR,ERR,ERR,ERR,34.0,80.0,35,0.0,0.0,0.0,0.0,0.0,0.0,0.0,0.0,0.0,0.0,0.0,0.0,0.0,0.0,0.0,0.0,66.0,0,120,58,54,65476,0,300,0,0,8,20529,65476,0,0,57672,80.0,0.0,0.0,0.0,0.0,0.0
2026-06-18T02:23:24,ERR,ERR,ERR,ERR,ERR,ERR,ERR,ERR,ERR,ERR,ERR,ERR,ERR,ERR,ERR,ERR,ERR,ERR,ERR,ERR,ERR,ERR,ERR,ERR,ERR,ERR,ERR,ERR,ERR,ERR,ERR,ERR,ERR,ERR,ERR,ERR,ERR,ERR,ERR,ERR,ERR,ERR,ERR,ERR,ERR,ERR,ERR,ERR,ERR,ERR,ERR,ERR,ERR,ERR,ERR,ERR,ERR,ERR,ERR,ERR,ERR,ERR,ERR,ERR,ERR,ERR,ERR,ERR,ERR,ERR,ERR,ERR,ERR,ERR,ERR,ERR,ERR,ERR,ERR,ERR,ERR,ERR,ERR,ERR,ERR,ERR,ERR,ERR,ERR,ERR,ERR,ERR,ERR,ERR,ERR,ERR,ERR,ERR,ERR,ERR,ERR,ERR,ERR,ERR,ERR,ERR,ERR,ERR,ERR,ERR,ERR,ERR,ERR,ERR,ERR,ERR,ERR,ERR,ERR,ERR,ERR,ERR,ERR,ERR,ERR,-0.0,2.718431101732002e+23,-0.0,-4.9501291711397626e+32,-0.0,1.3936040501711995e+18,7.805,-0.0,0,0,4,48932,6720,14723890282496.0,100,0.0,0.0,0.0,-4.9501291711397626e+32,0.0,0,0,0,0,0.0,0,0,0,0,0,0,0,0,0,0,0,0,0,0,0,0,0,0,0,0,0,0,0,0,0,0,0,0,0,0,0,0,0,26,51,50,76,65476,0,300,0,0,8,21553,0.0,-107605600.0,0.0,0.0,0.0,0.0,0.0,0.0,0.0,0.0,0.0,0.0,0.0,0.0,0.0,0.0,0.0,0.0,0.0,0.0,0.0,0.0,0.0,-0.0,0.0,2.004,0.0,0.0,0.0,0.0,4761.0,-1.5879278419570017e+29,7294.0,-0.0,2.718431101732002e+23,-107615360.0,0.0,0.0,0.0,0.0,0.0,77,-0.0,-0.0,0.0,0.0,0.0,0.0,0.0,0.0,0.0,0,0,0,0.0,0.0,0.0,0.0,0.0,0.0,0.0,0.0,0.0,0.0,0.0,0.0,0.0,0.0,0.0,0.0,0,-107875648.0,77,0.0,154,0.0,-0.0,ERR,ERR,ERR,ERR,ERR,ERR,ERR,ERR,ERR,ERR,ERR,ERR,ERR,ERR,ERR,ERR,ERR,ERR,ERR,ERR,ERR,ERR,ERR,ERR,ERR,ERR,ERR,ERR,ERR,ERR,ERR,ERR,ERR,ERR,ERR,ERR,ERR,ERR,ERR,ERR,ERR,ERR,ERR,ERR,ERR,ERR,ERR,ERR,ERR,ERR,ERR,ERR,ERR,ERR,ERR,ERR,ERR,ERR,ERR,ERR,ERR,ERR,ERR,ERR,ERR,ERR,ERR,34.0,80.0,35,0.0,0.0,0.0,0.0,0.0,0.0,0.0,0.0,0.0,0.0,0.0,0.0,0.0,0.0,0.0,0.0,66.0,0,120,58,54,65476,0,300,0,0,8,20529,65476,0,0,57672,80.0,0.0,0.0,0.0,0.0,0.0
2026-06-18T02:23:25,ERR,ERR,ERR,ERR,ERR,ERR,ERR,ERR,ERR,ERR,ERR,ERR,ERR,ERR,ERR,ERR,ERR,ERR,ERR,ERR,ERR,ERR,ERR,ERR,ERR,ERR,ERR,ERR,ERR,ERR,ERR,ERR,ERR,ERR,ERR,ERR,ERR,ERR,ERR,ERR,ERR,ERR,ERR,ERR,ERR,ERR,ERR,ERR,ERR,ERR,ERR,ERR,ERR,ERR,ERR,ERR,ERR,ERR,ERR,ERR,ERR,ERR,ERR,ERR,ERR,ERR,ERR,ERR,ERR,ERR,ERR,ERR,ERR,ERR,ERR,ERR,ERR,ERR,ERR,ERR,ERR,ERR,ERR,ERR,ERR,ERR,ERR,ERR,ERR,ERR,ERR,ERR,ERR,ERR,ERR,ERR,ERR,ERR,ERR,ERR,ERR,ERR,ERR,ERR,ERR,ERR,ERR,ERR,ERR,ERR,ERR,ERR,ERR,ERR,ERR,ERR,ERR,ERR,ERR,ERR,ERR,ERR,ERR,ERR,ERR,-0.0,2.718431101732002e+23,-0.0,-4.9501291711397626e+32,-0.0,1.3936040501711995e+18,7.805,-0.0,0,0,4,48932,6720,14723890282496.0,100,0.0,0.0,0.0,-4.9501291711397626e+32,0.0,0,0,0,0,0.0,0,0,0,0,0,0,0,0,0,0,0,0,0,0,0,0,0,0,0,0,0,0,0,0,0,0,0,0,0,0,0,0,0,26,51,50,76,65476,0,300,0,0,8,21553,0.0,-107605600.0,0.0,0.0,0.0,0.0,0.0,0.0,0.0,0.0,0.0,0.0,0.0,0.0,0.0,0.0,0.0,0.0,0.0,0.0,0.0,0.0,0.0,-0.0,0.0,2.004,0.0,0.0,0.0,0.0,4761.0,-1.5879278419570017e+29,7294.0,-0.0,2.718431101732002e+23,-107615360.0,0.0,0.0,0.0,0.0,0.0,77,-0.0,-0.0,0.0,0.0,0.0,0.0,0.0,0.0,0.0,0,0,0,0.0,0.0,0.0,0.0,0.0,0.0,0.0,0.0,0.0,0.0,0.0,0.0,0.0,0.0,0.0,0.0,0,-107875648.0,77,0.0,154,0.0,-0.0,ERR,ERR,ERR,ERR,ERR,ERR,ERR,ERR,ERR,ERR,ERR,ERR,ERR,ERR,ERR,ERR,ERR,ERR,ERR,ERR,ERR,ERR,ERR,ERR,ERR,ERR,ERR,ERR,ERR,ERR,ERR,ERR,ERR,ERR,ERR,ERR,ERR,ERR,ERR,ERR,ERR,ERR,ERR,ERR,ERR,ERR,ERR,ERR,ERR,ERR,ERR,ERR,ERR,ERR,ERR,ERR,ERR,ERR,ERR,ERR,ERR,ERR,ERR,ERR,ERR,ERR,ERR,34.0,80.0,35,0.0,0.0,0.0,0.0,0.0,0.0,0.0,0.0,0.0,0.0,0.0,0.0,0.0,0.0,0.0,0.0,66.0,0,120,58,54,65476,0,300,0,0,8,20529,65476,0,0,57672,80.0,0.0,0.0,0.0,0.0,0.0
2026-06-18T02:23:26,ERR,ERR,ERR,ERR,ERR,ERR,ERR,ERR,ERR,ERR,ERR,ERR,ERR,ERR,ERR,ERR,ERR,ERR,ERR,ERR,ERR,ERR,ERR,ERR,ERR,ERR,ERR,ERR,ERR,ERR,ERR,ERR,ERR,ERR,ERR,ERR,ERR,ERR,ERR,ERR,ERR,ERR,ERR,ERR,ERR,ERR,ERR,ERR,ERR,ERR,ERR,ERR,ERR,ERR,ERR,ERR,ERR,ERR,ERR,ERR,ERR,ERR,ERR,ERR,ERR,ERR,ERR,ERR,ERR,ERR,ERR,ERR,ERR,ERR,ERR,ERR,ERR,ERR,ERR,ERR,ERR,ERR,ERR,ERR,ERR,ERR,ERR,ERR,ERR,ERR,ERR,ERR,ERR,ERR,ERR,ERR,ERR,ERR,ERR,ERR,ERR,ERR,ERR,ERR,ERR,ERR,ERR,ERR,ERR,ERR,ERR,ERR,ERR,ERR,ERR,ERR,ERR,ERR,ERR,ERR,ERR,ERR,ERR,ERR,ERR,-0.0,2.718431101732002e+23,-0.0,-4.9501291711397626e+32,-0.0,1.3936040501711995e+18,7.805,-0.0,0,0,4,48932,6720,14723890282496.0,100,0.0,0.0,0.0,-4.9501291711397626e+32,0.0,0,0,0,0,0.0,0,0,0,0,0,0,0,0,0,0,0,0,0,0,0,0,0,0,0,0,0,0,0,0,0,0,0,0,0,0,0,0,0,26,51,50,76,65476,0,300,0,0,8,21553,0.0,-107605600.0,0.0,0.0,0.0,0.0,0.0,0.0,0.0,0.0,0.0,0.0,0.0,0.0,0.0,0.0,0.0,0.0,0.0,0.0,0.0,0.0,0.0,-0.0,0.0,2.004,0.0,0.0,0.0,0.0,4761.0,-1.5879278419570017e+29,7294.0,-0.0,2.718431101732002e+23,-107615360.0,0.0,0.0,0.0,0.0,0.0,77,-0.0,-0.0,0.0,0.0,0.0,0.0,0.0,0.0,0.0,0,0,0,0.0,0.0,0.0,0.0,0.0,0.0,0.0,0.0,0.0,0.0,0.0,0.0,0.0,0.0,0.0,0.0,0,-107875648.0,77,0.0,154,0.0,-0.0,ERR,ERR,ERR,ERR,ERR,ERR,ERR,ERR,ERR,ERR,ERR,ERR,ERR,ERR,ERR,ERR,ERR,ERR,ERR,ERR,ERR,ERR,ERR,ERR,ERR,ERR,ERR,ERR,ERR,ERR,ERR,ERR,ERR,ERR,ERR,ERR,ERR,ERR,ERR,ERR,ERR,ERR,ERR,ERR,ERR,ERR,ERR,ERR,ERR,ERR,ERR,ERR,ERR,ERR,ERR,ERR,ERR,ERR,ERR,ERR,ERR,ERR,ERR,ERR,ERR,ERR,ERR,34.0,80.0,35,0.0,0.0,0.0,0.0,0.0,0.0,0.0,0.0,0.0,0.0,0.0,0.0,0.0,0.0,0.0,0.0,66.0,0,120,58,54,65476,0,300,0,0,8,20529,65476,0,0,57672,80.0,0.0,0.0,0.0,0.0,0.0
2026-06-18T02:23:27,ERR,ERR,ERR,ERR,ERR,ERR,ERR,ERR,ERR,ERR,ERR,ERR,ERR,ERR,ERR,ERR,ERR,ERR,ERR,ERR,ERR,ERR,ERR,ERR,ERR,ERR,ERR,ERR,ERR,ERR,ERR,ERR,ERR,ERR,ERR,ERR,ERR,ERR,ERR,ERR,ERR,ERR,ERR,ERR,ERR,ERR,ERR,ERR,ERR,ERR,ERR,ERR,ERR,ERR,ERR,ERR,ERR,ERR,ERR,ERR,ERR,ERR,ERR,ERR,ERR,ERR,ERR,ERR,ERR,ERR,ERR,ERR,ERR,ERR,ERR,ERR,ERR,ERR,ERR,ERR,ERR,ERR,ERR,ERR,ERR,ERR,ERR,ERR,ERR,ERR,ERR,ERR,ERR,ERR,ERR,ERR,ERR,ERR,ERR,ERR,ERR,ERR,ERR,ERR,ERR,ERR,ERR,ERR,ERR,ERR,ERR,ERR,ERR,ERR,ERR,ERR,ERR,ERR,ERR,ERR,ERR,ERR,ERR,ERR,ERR,-0.0,2.718431101732002e+23,-0.0,-4.9501291711397626e+32,-0.0,1.3936040501711995e+18,7.805,-0.0,0,0,4,48932,6720,14723890282496.0,100,0.0,0.0,0.0,-4.9501291711397626e+32,0.0,0,0,0,0,0.0,0,0,0,0,0,0,0,0,0,0,0,0,0,0,0,0,0,0,0,0,0,0,0,0,0,0,0,0,0,0,0,0,0,26,51,50,76,65476,0,300,0,0,8,21553,0.0,-107605600.0,0.0,0.0,0.0,0.0,0.0,0.0,0.0,0.0,0.0,0.0,0.0,0.0,0.0,0.0,0.0,0.0,0.0,0.0,0.0,0.0,0.0,-0.0,0.0,2.004,0.0,0.0,0.0,0.0,4761.0,-1.5879278419570017e+29,7294.0,-0.0,2.718431101732002e+23,-107615360.0,0.0,0.0,0.0,0.0,0.0,77,-0.0,-0.0,0.0,0.0,0.0,0.0,0.0,0.0,0.0,0,0,0,0.0,0.0,0.0,0.0,0.0,0.0,0.0,0.0,0.0,0.0,0.0,0.0,0.0,0.0,0.0,0.0,0,-107875648.0,77,0.0,154,0.0,-0.0,ERR,ERR,ERR,ERR,ERR,ERR,ERR,ERR,ERR,ERR,ERR,ERR,ERR,ERR,ERR,ERR,ERR,ERR,ERR,ERR,ERR,ERR,ERR,ERR,ERR,ERR,ERR,ERR,ERR,ERR,ERR,ERR,ERR,ERR,ERR,ERR,ERR,ERR,ERR,ERR,ERR,ERR,ERR,ERR,ERR,ERR,ERR,ERR,ERR,ERR,ERR,ERR,ERR,ERR,ERR,ERR,ERR,ERR,ERR,ERR,ERR,ERR,ERR,ERR,ERR,ERR,ERR,34.0,80.0,35,0.0,0.0,0.0,0.0,0.0,0.0,0.0,0.0,0.0,0.0,0.0,0.0,0.0,0.0,0.0,0.0,66.0,0,120,58,54,65476,0,300,0,0,8,20529,65476,0,0,57672,80.0,0.0,0.0,0.0,0.0,0.0
2026-06-18T02:23:28,ERR,ERR,ERR,ERR,ERR,ERR,ERR,ERR,ERR,ERR,ERR,ERR,ERR,ERR,ERR,ERR,ERR,ERR,ERR,ERR,ERR,ERR,ERR,ERR,ERR,ERR,ERR,ERR,ERR,ERR,ERR,ERR,ERR,ERR,ERR,ERR,ERR,ERR,ERR,ERR,ERR,ERR,ERR,ERR,ERR,ERR,ERR,ERR,ERR,ERR,ERR,ERR,ERR,ERR,ERR,ERR,ERR,ERR,ERR,ERR,ERR,ERR,ERR,ERR,ERR,ERR,ERR,ERR,ERR,ERR,ERR,ERR,ERR,ERR,ERR,ERR,ERR,ERR,ERR,ERR,ERR,ERR,ERR,ERR,ERR,ERR,ERR,ERR,ERR,ERR,ERR,ERR,ERR,ERR,ERR,ERR,ERR,ERR,ERR,ERR,ERR,ERR,ERR,ERR,ERR,ERR,ERR,ERR,ERR,ERR,ERR,ERR,ERR,ERR,ERR,ERR,ERR,ERR,ERR,ERR,ERR,ERR,ERR,ERR,ERR,-0.0,2.718431101732002e+23,-0.0,-4.9501291711397626e+32,-0.0,1.3936040501711995e+18,7.805,-0.0,0,0,4,48932,6720,14723890282496.0,100,0.0,0.0,0.0,-4.9501291711397626e+32,0.0,0,0,0,0,0.0,0,0,0,0,0,0,0,0,0,0,0,0,0,0,0,0,0,0,0,0,0,0,0,0,0,0,0,0,0,0,0,0,0,26,51,50,76,65476,0,300,0,0,8,21553,0.0,-107605600.0,0.0,0.0,0.0,0.0,0.0,0.0,0.0,0.0,0.0,0.0,0.0,0.0,0.0,0.0,0.0,0.0,0.0,0.0,0.0,0.0,0.0,-0.0,0.0,2.004,0.0,0.0,0.0,0.0,4761.0,-1.5879278419570017e+29,7294.0,-0.0,2.718431101732002e+23,-107615360.0,0.0,0.0,0.0,0.0,0.0,77,-0.0,-0.0,0.0,0.0,0.0,0.0,0.0,0.0,0.0,0,0,0,0.0,0.0,0.0,0.0,0.0,0.0,0.0,0.0,0.0,0.0,0.0,0.0,0.0,0.0,0.0,0.0,0,-107875648.0,77,0.0,154,0.0,-0.0,ERR,ERR,ERR,ERR,ERR,ERR,ERR,ERR,ERR,ERR,ERR,ERR,ERR,ERR,ERR,ERR,ERR,ERR,ERR,ERR,ERR,ERR,ERR,ERR,ERR,ERR,ERR,ERR,ERR,ERR,ERR,ERR,ERR,ERR,ERR,ERR,ERR,ERR,ERR,ERR,ERR,ERR,ERR,ERR,ERR,ERR,ERR,ERR,ERR,ERR,ERR,ERR,ERR,ERR,ERR,ERR,ERR,ERR,ERR,ERR,ERR,ERR,ERR,ERR,ERR,ERR,ERR,34.0,80.0,35,0.0,0.0,0.0,0.0,0.0,0.0,0.0,0.0,0.0,0.0,0.0,0.0,0.0,0.0,0.0,0.0,66.0,0,120,58,54,65476,0,300,0,0,8,20529,65476,0,0,57672,80.0,0.0,0.0,0.0,0.0,0.0
2026-06-18T02:23:29,ERR,ERR,ERR,ERR,ERR,ERR,ERR,ERR,ERR,ERR,ERR,ERR,ERR,ERR,ERR,ERR,ERR,ERR,ERR,ERR,ERR,ERR,ERR,ERR,ERR,ERR,ERR,ERR,ERR,ERR,ERR,ERR,ERR,ERR,ERR,ERR,ERR,ERR,ERR,ERR,ERR,ERR,ERR,ERR,ERR,ERR,ERR,ERR,ERR,ERR,ERR,ERR,ERR,ERR,ERR,ERR,ERR,ERR,ERR,ERR,ERR,ERR,ERR,ERR,ERR,ERR,ERR,ERR,ERR,ERR,ERR,ERR,ERR,ERR,ERR,ERR,ERR,ERR,ERR,ERR,ERR,ERR,ERR,ERR,ERR,ERR,ERR,ERR,ERR,ERR,ERR,ERR,ERR,ERR,ERR,ERR,ERR,ERR,ERR,ERR,ERR,ERR,ERR,ERR,ERR,ERR,ERR,ERR,ERR,ERR,ERR,ERR,ERR,ERR,ERR,ERR,ERR,ERR,ERR,ERR,ERR,ERR,ERR,ERR,ERR,-0.0,2.718431101732002e+23,-0.0,-0.0,0.0,1.3936040501711995e+18,7.805,2.3822341049942016e+16,0,0,4,48935,6720,14723890282496.0,100,0.0,0.0,0.0,0.059,0.0,0,0,0,0,0.0,0,0,0,0,0,0,0,0,0,0,0,0,0,0,0,0,0,0,0,0,0,0,0,0,0,0,0,0,0,0,0,0,0,26,51,50,76,65476,0,300,0,0,8,21553,0.0,-107605600.0,0.0,0.0,0.0,0.0,0.0,0.0,0.0,0.0,0.0,0.0,0.0,0.0,0.0,0.0,0.0,0.0,0.0,0.0,0.0,0.0,0.0,-0.0,0.0,2.004,0.0,0.0,0.0,0.0,4757.0,-3.697182615187489e+19,7292.0,-0.0,2.718431101732002e+23,-107615360.0,0.0,0.0,0.0,0.0,0.0,77,3.222029330555234e+26,-0.0,0.0,0.0,0.0,0.0,0.0,0.0,0.0,0,0,0,0.0,0.0,0.0,0.0,0.0,0.0,0.0,0.0,0.0,0.0,0.0,0.0,0.0,0.0,0.0,0.0,0,-107875648.0,77,0.0,154,0.0,-0.0,ERR,ERR,ERR,ERR,ERR,ERR,ERR,ERR,ERR,ERR,ERR,ERR,ERR,ERR,ERR,ERR,ERR,ERR,ERR,ERR,ERR,ERR,ERR,ERR,ERR,ERR,ERR,ERR,ERR,ERR,ERR,ERR,ERR,ERR,ERR,ERR,ERR,ERR,ERR,ERR,ERR,ERR,ERR,ERR,ERR,ERR,ERR,ERR,ERR,ERR,ERR,ERR,ERR,ERR,ERR,ERR,ERR,ERR,ERR,ERR,ERR,ERR,ERR,ERR,ERR,ERR,ERR,34.0,80.0,35,0.0,0.0,0.0,0.0,0.0,0.0,0.0,0.0,0.0,0.0,0.0,0.0,0.0,0.0,0.0,0.0,66.0,0,120,58,54,65476,0,300,0,0,8,20529,65476,0,0,57672,80.0,0.0,0.0,0.0,0.0,0.0
2026-06-18T02:23:30,ERR,ERR,ERR,ERR,ERR,ERR,ERR,ERR,ERR,ERR,ERR,ERR,ERR,ERR,ERR,ERR,ERR,ERR,ERR,ERR,ERR,ERR,ERR,ERR,ERR,ERR,ERR,ERR,ERR,ERR,ERR,ERR,ERR,ERR,ERR,ERR,ERR,ERR,ERR,ERR,ERR,ERR,ERR,ERR,ERR,ERR,ERR,ERR,ERR,ERR,ERR,ERR,ERR,ERR,ERR,ERR,ERR,ERR,ERR,ERR,ERR,ERR,ERR,ERR,ERR,ERR,ERR,ERR,ERR,ERR,ERR,ERR,ERR,ERR,ERR,ERR,ERR,ERR,ERR,ERR,ERR,ERR,ERR,ERR,ERR,ERR,ERR,ERR,ERR,ERR,ERR,ERR,ERR,ERR,ERR,ERR,ERR,ERR,ERR,ERR,ERR,ERR,ERR,ERR,ERR,ERR,ERR,ERR,ERR,ERR,ERR,ERR,ERR,ERR,ERR,ERR,ERR,ERR,ERR,ERR,ERR,ERR,ERR,ERR,ERR,-0.0,2.718431101732002e+23,-0.0,-0.0,0.0,1.3936040501711995e+18,7.805,2.3822341049942016e+16,0,0,4,48935,6720,14723890282496.0,100,0.0,0.0,0.0,0.059,0.0,0,0,0,0,0.0,0,0,0,0,0,0,0,0,0,0,0,0,0,0,0,0,0,0,0,0,0,0,0,0,0,0,0,0,0,0,0,0,0,26,51,50,76,65476,0,300,0,0,8,21553,0.0,-107605600.0,0.0,0.0,0.0,0.0,0.0,0.0,0.0,0.0,0.0,0.0,0.0,0.0,0.0,0.0,0.0,0.0,0.0,0.0,0.0,0.0,0.0,-0.0,0.0,2.004,0.0,0.0,0.0,0.0,4757.0,-3.697182615187489e+19,7292.0,-0.0,2.718431101732002e+23,-107615360.0,0.0,0.0,0.0,0.0,0.0,77,3.222029330555234e+26,-0.0,0.0,0.0,0.0,0.0,0.0,0.0,0.0,0,0,0,0.0,0.0,0.0,0.0,0.0,0.0,0.0,0.0,0.0,0.0,0.0,0.0,0.0,0.0,0.0,0.0,0,-107875648.0,77,0.0,154,0.0,-0.0,ERR,ERR,ERR,ERR,ERR,ERR,ERR,ERR,ERR,ERR,ERR,ERR,ERR,ERR,ERR,ERR,ERR,ERR,ERR,ERR,ERR,ERR,ERR,ERR,ERR,ERR,ERR,ERR,ERR,ERR,ERR,ERR,ERR,ERR,ERR,ERR,ERR,ERR,ERR,ERR,ERR,ERR,ERR,ERR,ERR,ERR,ERR,ERR,ERR,ERR,ERR,ERR,ERR,ERR,ERR,ERR,ERR,ERR,ERR,ERR,ERR,ERR,ERR,ERR,ERR,ERR,ERR,34.0,80.0,35,0.0,0.0,0.0,0.0,0.0,0.0,0.0,0.0,0.0,0.0,0.0,0.0,0.0,0.0,0.0,0.0,66.0,0,120,58,54,65476,0,300,0,0,8,20529,65476,0,0,57672,80.0,0.0,0.0,0.0,0.0,0.0
2026-06-18T02:23:31,ERR,ERR,ERR,ERR,ERR,ERR,ERR,ERR,ERR,ERR,ERR,ERR,ERR,ERR,ERR,ERR,ERR,ERR,ERR,ERR,ERR,ERR,ERR,ERR,ERR,ERR,ERR,ERR,ERR,ERR,ERR,ERR,ERR,ERR,ERR,ERR,ERR,ERR,ERR,ERR,ERR,ERR,ERR,ERR,ERR,ERR,ERR,ERR,ERR,ERR,ERR,ERR,ERR,ERR,ERR,ERR,ERR,ERR,ERR,ERR,ERR,ERR,ERR,ERR,ERR,ERR,ERR,ERR,ERR,ERR,ERR,ERR,ERR,ERR,ERR,ERR,ERR,ERR,ERR,ERR,ERR,ERR,ERR,ERR,ERR,ERR,ERR,ERR,ERR,ERR,ERR,ERR,ERR,ERR,ERR,ERR,ERR,ERR,ERR,ERR,ERR,ERR,ERR,ERR,ERR,ERR,ERR,ERR,ERR,ERR,ERR,ERR,ERR,ERR,ERR,ERR,ERR,ERR,ERR,ERR,ERR,ERR,ERR,ERR,ERR,-0.0,2.718431101732002e+23,-0.0,-0.0,0.0,1.3936040501711995e+18,7.805,2.3822341049942016e+16,0,0,4,48935,6720,14723890282496.0,100,0.0,0.0,0.0,0.059,0.0,0,0,0,0,0.0,0,0,0,0,0,0,0,0,0,0,0,0,0,0,0,0,0,0,0,0,0,0,0,0,0,0,0,0,0,0,0,0,0,26,51,50,76,65476,0,300,0,0,8,21553,0.0,-107605600.0,0.0,0.0,0.0,0.0,0.0,0.0,0.0,0.0,0.0,0.0,0.0,0.0,0.0,0.0,0.0,0.0,0.0,0.0,0.0,0.0,0.0,-0.0,0.0,2.004,0.0,0.0,0.0,0.0,4757.0,-3.697182615187489e+19,7292.0,-0.0,2.718431101732002e+23,-107615360.0,0.0,0.0,0.0,0.0,0.0,77,3.222029330555234e+26,-0.0,0.0,0.0,0.0,0.0,0.0,0.0,0.0,0,0,0,0.0,0.0,0.0,0.0,0.0,0.0,0.0,0.0,0.0,0.0,0.0,0.0,0.0,0.0,0.0,0.0,0,-107875648.0,77,0.0,154,0.0,-0.0,ERR,ERR,ERR,ERR,ERR,ERR,ERR,ERR,ERR,ERR,ERR,ERR,ERR,ERR,ERR,ERR,ERR,ERR,ERR,ERR,ERR,ERR,ERR,ERR,ERR,ERR,ERR,ERR,ERR,ERR,ERR,ERR,ERR,ERR,ERR,ERR,ERR,ERR,ERR,ERR,ERR,ERR,ERR,ERR,ERR,ERR,ERR,ERR,ERR,ERR,ERR,ERR,ERR,ERR,ERR,ERR,ERR,ERR,ERR,ERR,ERR,ERR,ERR,ERR,ERR,ERR,ERR,34.0,80.0,35,0.0,0.0,0.0,0.0,0.0,0.0,0.0,0.0,0.0,0.0,0.0,0.0,0.0,0.0,0.0,0.0,66.0,0,120,58,54,65476,0,300,0,0,8,20529,65476,0,0,57672,80.0,0.0,0.0,0.0,0.0,0.0
2026-06-18T02:23:32,ERR,ERR,ERR,ERR,ERR,ERR,ERR,ERR,ERR,ERR,ERR,ERR,ERR,ERR,ERR,ERR,ERR,ERR,ERR,ERR,ERR,ERR,ERR,ERR,ERR,ERR,ERR,ERR,ERR,ERR,ERR,ERR,ERR,ERR,ERR,ERR,ERR,ERR,ERR,ERR,ERR,ERR,ERR,ERR,ERR,ERR,ERR,ERR,ERR,ERR,ERR,ERR,ERR,ERR,ERR,ERR,ERR,ERR,ERR,ERR,ERR,ERR,ERR,ERR,ERR,ERR,ERR,ERR,ERR,ERR,ERR,ERR,ERR,ERR,ERR,ERR,ERR,ERR,ERR,ERR,ERR,ERR,ERR,ERR,ERR,ERR,ERR,ERR,ERR,ERR,ERR,ERR,ERR,ERR,ERR,ERR,ERR,ERR,ERR,ERR,ERR,ERR,ERR,ERR,ERR,ERR,ERR,ERR,ERR,ERR,ERR,ERR,ERR,ERR,ERR,ERR,ERR,ERR,ERR,ERR,ERR,ERR,ERR,ERR,ERR,-0.0,2.718431101732002e+23,-0.0,-0.0,0.0,1.3936040501711995e+18,7.805,2.3822341049942016e+16,0,0,4,48935,6720,14723890282496.0,100,0.0,0.0,0.0,0.059,0.0,0,0,0,0,0.0,0,0,0,0,0,0,0,0,0,0,0,0,0,0,0,0,0,0,0,0,0,0,0,0,0,0,0,0,0,0,0,0,0,26,51,50,76,65476,0,300,0,0,8,21553,0.0,-107605600.0,0.0,0.0,0.0,0.0,0.0,0.0,0.0,0.0,0.0,0.0,0.0,0.0,0.0,0.0,0.0,0.0,0.0,0.0,0.0,0.0,0.0,-0.0,0.0,2.004,0.0,0.0,0.0,0.0,4757.0,-3.697182615187489e+19,7292.0,-0.0,2.718431101732002e+23,-107615360.0,0.0,0.0,0.0,0.0,0.0,77,3.222029330555234e+26,-0.0,0.0,0.0,0.0,0.0,0.0,0.0,0.0,0,0,0,0.0,0.0,0.0,0.0,0.0,0.0,0.0,0.0,0.0,0.0,0.0,0.0,0.0,0.0,0.0,0.0,0,-107875648.0,77,0.0,154,0.0,-0.0,ERR,ERR,ERR,ERR,ERR,ERR,ERR,ERR,ERR,ERR,ERR,ERR,ERR,ERR,ERR,ERR,ERR,ERR,ERR,ERR,ERR,ERR,ERR,ERR,ERR,ERR,ERR,ERR,ERR,ERR,ERR,ERR,ERR,ERR,ERR,ERR,ERR,ERR,ERR,ERR,ERR,ERR,ERR,ERR,ERR,ERR,ERR,ERR,ERR,ERR,ERR,ERR,ERR,ERR,ERR,ERR,ERR,ERR,ERR,ERR,ERR,ERR,ERR,ERR,ERR,ERR,ERR,34.0,80.0,35,0.0,0.0,0.0,0.0,0.0,0.0,0.0,0.0,0.0,0.0,0.0,0.0,0.0,0.0,0.0,0.0,66.0,0,120,58,54,65476,0,300,0,0,8,20529,65476,0,0,57672,80.0,0.0,0.0,0.0,0.0,0.0
2026-06-18T02:23:33,ERR,ERR,ERR,ERR,ERR,ERR,ERR,ERR,ERR,ERR,ERR,ERR,ERR,ERR,ERR,ERR,ERR,ERR,ERR,ERR,ERR,ERR,ERR,ERR,ERR,ERR,ERR,ERR,ERR,ERR,ERR,ERR,ERR,ERR,ERR,ERR,ERR,ERR,ERR,ERR,ERR,ERR,ERR,ERR,ERR,ERR,ERR,ERR,ERR,ERR,ERR,ERR,ERR,ERR,ERR,ERR,ERR,ERR,ERR,ERR,ERR,ERR,ERR,ERR,ERR,ERR,ERR,ERR,ERR,ERR,ERR,ERR,ERR,ERR,ERR,ERR,ERR,ERR,ERR,ERR,ERR,ERR,ERR,ERR,ERR,ERR,ERR,ERR,ERR,ERR,ERR,ERR,ERR,ERR,ERR,ERR,ERR,ERR,ERR,ERR,ERR,ERR,ERR,ERR,ERR,ERR,ERR,ERR,ERR,ERR,ERR,ERR,ERR,ERR,ERR,ERR,ERR,ERR,ERR,ERR,ERR,ERR,ERR,ERR,ERR,-0.0,2.718431101732002e+23,-0.0,-0.0,0.0,1.3936040501711995e+18,7.805,2.3822341049942016e+16,0,0,4,48935,6720,14723890282496.0,100,0.0,0.0,0.0,0.059,0.0,0,0,0,0,0.0,0,0,0,0,0,0,0,0,0,0,0,0,0,0,0,0,0,0,0,0,0,0,0,0,0,0,0,0,0,0,0,0,0,26,51,50,76,65476,0,300,0,0,8,21553,0.0,-107605600.0,0.0,0.0,0.0,0.0,0.0,0.0,0.0,0.0,0.0,0.0,0.0,0.0,0.0,0.0,0.0,0.0,0.0,0.0,0.0,0.0,0.0,-0.0,0.0,2.004,0.0,0.0,0.0,0.0,4757.0,-3.697182615187489e+19,7292.0,-0.0,2.718431101732002e+23,-107615360.0,0.0,0.0,0.0,0.0,0.0,77,3.222029330555234e+26,-0.0,0.0,0.0,0.0,0.0,0.0,0.0,0.0,0,0,0,0.0,0.0,0.0,0.0,0.0,0.0,0.0,0.0,0.0,0.0,0.0,0.0,0.0,0.0,0.0,0.0,0,-107875648.0,77,0.0,154,0.0,-0.0,ERR,ERR,ERR,ERR,ERR,ERR,ERR,ERR,ERR,ERR,ERR,ERR,ERR,ERR,ERR,ERR,ERR,ERR,ERR,ERR,ERR,ERR,ERR,ERR,ERR,ERR,ERR,ERR,ERR,ERR,ERR,ERR,ERR,ERR,ERR,ERR,ERR,ERR,ERR,ERR,ERR,ERR,ERR,ERR,ERR,ERR,ERR,ERR,ERR,ERR,ERR,ERR,ERR,ERR,ERR,ERR,ERR,ERR,ERR,ERR,ERR,ERR,ERR,ERR,ERR,ERR,ERR,34.0,80.0,35,0.0,0.0,0.0,0.0,0.0,0.0,0.0,0.0,0.0,0.0,0.0,0.0,0.0,0.0,0.0,0.0,66.0,0,120,58,54,65476,0,300,0,0,8,20529,65476,0,0,57672,80.0,0.0,0.0,0.0,0.0,0.0
2026-06-18T02:23:34,ERR,ERR,ERR,ERR,ERR,ERR,ERR,ERR,ERR,ERR,ERR,ERR,ERR,ERR,ERR,ERR,ERR,ERR,ERR,ERR,ERR,ERR,ERR,ERR,ERR,ERR,ERR,ERR,ERR,ERR,ERR,ERR,ERR,ERR,ERR,ERR,ERR,ERR,ERR,ERR,ERR,ERR,ERR,ERR,ERR,ERR,ERR,ERR,ERR,ERR,ERR,ERR,ERR,ERR,ERR,ERR,ERR,ERR,ERR,ERR,ERR,ERR,ERR,ERR,ERR,ERR,ERR,ERR,ERR,ERR,ERR,ERR,ERR,ERR,ERR,ERR,ERR,ERR,ERR,ERR,ERR,ERR,ERR,ERR,ERR,ERR,ERR,ERR,ERR,ERR,ERR,ERR,ERR,ERR,ERR,ERR,ERR,ERR,ERR,ERR,ERR,ERR,ERR,ERR,ERR,ERR,ERR,ERR,ERR,ERR,ERR,ERR,ERR,ERR,ERR,ERR,ERR,ERR,ERR,ERR,ERR,ERR,ERR,ERR,ERR,-0.0,2.718431101732002e+23,-0.0,-0.0,0.0,1.3936040501711995e+18,7.805,2.3822341049942016e+16,0,0,4,48935,6720,14723890282496.0,100,0.0,0.0,0.0,0.059,0.0,0,0,0,0,0.0,0,0,0,0,0,0,0,0,0,0,0,0,0,0,0,0,0,0,0,0,0,0,0,0,0,0,0,0,0,0,0,0,0,26,51,50,76,65476,0,300,0,0,8,21553,0.0,-107605600.0,0.0,0.0,0.0,0.0,0.0,0.0,0.0,0.0,0.0,0.0,0.0,0.0,0.0,0.0,0.0,0.0,0.0,0.0,0.0,0.0,0.0,-0.0,0.0,2.004,0.0,0.0,0.0,0.0,4757.0,-3.697182615187489e+19,7292.0,-0.0,2.718431101732002e+23,-107615360.0,0.0,0.0,0.0,0.0,0.0,77,3.222029330555234e+26,-0.0,0.0,0.0,0.0,0.0,0.0,0.0,0.0,0,0,0,0.0,0.0,0.0,0.0,0.0,0.0,0.0,0.0,0.0,0.0,0.0,0.0,0.0,0.0,0.0,0.0,0,-107875648.0,77,0.0,154,0.0,-0.0,ERR,ERR,ERR,ERR,ERR,ERR,ERR,ERR,ERR,ERR,ERR,ERR,ERR,ERR,ERR,ERR,ERR,ERR,ERR,ERR,ERR,ERR,ERR,ERR,ERR,ERR,ERR,ERR,ERR,ERR,ERR,ERR,ERR,ERR,ERR,ERR,ERR,ERR,ERR,ERR,ERR,ERR,ERR,ERR,ERR,ERR,ERR,ERR,ERR,ERR,ERR,ERR,ERR,ERR,ERR,ERR,ERR,ERR,ERR,ERR,ERR,ERR,ERR,ERR,ERR,ERR,ERR,34.0,80.0,35,0.0,0.0,0.0,0.0,0.0,0.0,0.0,0.0,0.0,0.0,0.0,0.0,0.0,0.0,0.0,0.0,66.4,0,120,58,54,65476,0,300,0,0,8,20529,65476,0,0,57672,80.0,0.0,0.0,0.0,0.0,0.0
2026-06-18T02:23:35,ERR,ERR,ERR,ERR,ERR,ERR,ERR,ERR,ERR,ERR,ERR,ERR,ERR,ERR,ERR,ERR,ERR,ERR,ERR,ERR,ERR,ERR,ERR,ERR,ERR,ERR,ERR,ERR,ERR,ERR,ERR,ERR,ERR,ERR,ERR,ERR,ERR,ERR,ERR,ERR,ERR,ERR,ERR,ERR,ERR,ERR,ERR,ERR,ERR,ERR,ERR,ERR,ERR,ERR,ERR,ERR,ERR,ERR,ERR,ERR,ERR,ERR,ERR,ERR,ERR,ERR,ERR,ERR,ERR,ERR,ERR,ERR,ERR,ERR,ERR,ERR,ERR,ERR,ERR,ERR,ERR,ERR,ERR,ERR,ERR,ERR,ERR,ERR,ERR,ERR,ERR,ERR,ERR,ERR,ERR,ERR,ERR,ERR,ERR,ERR,ERR,ERR,ERR,ERR,ERR,ERR,ERR,ERR,ERR,ERR,ERR,ERR,ERR,ERR,ERR,ERR,ERR,ERR,ERR,ERR,ERR,ERR,ERR,ERR,ERR,-0.0,2.718431101732002e+23,-0.0,-0.0,0.0,1.3936040501711995e+18,7.805,2.3822341049942016e+16,0,0,4,48936,6720,14723890282496.0,100,0.0,0.0,0.0,-0.0,0.0,0,0,0,0,0.0,0,0,0,0,0,0,0,0,0,0,0,0,0,0,0,0,0,0,0,0,0,0,0,0,0,0,0,0,0,0,0,0,0,26,51,50,76,65476,0,300,0,0,8,21553,0.0,-107605600.0,0.0,0.0,0.0,0.0,0.0,0.0,0.0,0.0,0.0,0.0,0.0,0.0,0.0,0.0,0.0,0.0,0.0,0.0,0.0,0.0,0.0,-0.0,0.0,2.004,0.0,0.0,0.0,0.0,4761.0,-3.697182615187489e+19,7292.0,-0.0,2.718431101732002e+23,-107615360.0,0.0,0.0,0.0,0.0,0.0,77,-0.0,-0.0,0.0,0.0,0.0,0.0,0.0,0.0,0.0,0,0,0,0.0,0.0,0.0,0.0,0.0,0.0,0.0,0.0,0.0,0.0,0.0,0.0,0.0,0.0,0.0,0.0,0,-107875648.0,77,0.0,154,0.0,-0.0,ERR,ERR,ERR,ERR,ERR,ERR,ERR,ERR,ERR,ERR,ERR,ERR,ERR,ERR,ERR,ERR,ERR,ERR,ERR,ERR,ERR,ERR,ERR,ERR,ERR,ERR,ERR,ERR,ERR,ERR,ERR,ERR,ERR,ERR,ERR,ERR,ERR,ERR,ERR,ERR,ERR,ERR,ERR,ERR,ERR,ERR,ERR,ERR,ERR,ERR,ERR,ERR,ERR,ERR,ERR,ERR,ERR,ERR,ERR,ERR,ERR,ERR,ERR,ERR,ERR,ERR,ERR,34.0,80.0,35,0.0,0.0,0.0,0.0,0.0,0.0,0.0,0.0,0.0,0.0,0.0,0.0,0.0,0.0,0.0,0.0,66.4,0,120,58,54,65476,0,300,0,0,8,20529,65476,0,0,57672,80.0,0.0,0.0,0.0,0.0,0.0
2026-06-18T02:23:36,ERR,ERR,ERR,ERR,ERR,ERR,ERR,ERR,ERR,ERR,ERR,ERR,ERR,ERR,ERR,ERR,ERR,ERR,ERR,ERR,ERR,ERR,ERR,ERR,ERR,ERR,ERR,ERR,ERR,ERR,ERR,ERR,ERR,ERR,ERR,ERR,ERR,ERR,ERR,ERR,ERR,ERR,ERR,ERR,ERR,ERR,ERR,ERR,ERR,ERR,ERR,ERR,ERR,ERR,ERR,ERR,ERR,ERR,ERR,ERR,ERR,ERR,ERR,ERR,ERR,ERR,ERR,ERR,ERR,ERR,ERR,ERR,ERR,ERR,ERR,ERR,ERR,ERR,ERR,ERR,ERR,ERR,ERR,ERR,ERR,ERR,ERR,ERR,ERR,ERR,ERR,ERR,ERR,ERR,ERR,ERR,ERR,ERR,ERR,ERR,ERR,ERR,ERR,ERR,ERR,ERR,ERR,ERR,ERR,ERR,ERR,ERR,ERR,ERR,ERR,ERR,ERR,ERR,ERR,ERR,ERR,ERR,ERR,ERR,ERR,-0.0,2.718431101732002e+23,-0.0,-0.0,0.0,1.3936040501711995e+18,7.805,2.3822341049942016e+16,0,0,4,48936,6720,14723890282496.0,100,0.0,0.0,0.0,-0.0,0.0,0,0,0,0,0.0,0,0,0,0,0,0,0,0,0,0,0,0,0,0,0,0,0,0,0,0,0,0,0,0,0,0,0,0,0,0,0,0,0,26,51,50,76,65476,0,300,0,0,8,21553,0.0,-107605600.0,0.0,0.0,0.0,0.0,0.0,0.0,0.0,0.0,0.0,0.0,0.0,0.0,0.0,0.0,0.0,0.0,0.0,0.0,0.0,0.0,0.0,-0.0,0.0,2.004,0.0,0.0,0.0,0.0,4761.0,-3.697182615187489e+19,7292.0,-0.0,2.718431101732002e+23,-107615360.0,0.0,0.0,0.0,0.0,0.0,77,-0.0,-0.0,0.0,0.0,0.0,0.0,0.0,0.0,0.0,0,0,0,0.0,0.0,0.0,0.0,0.0,0.0,0.0,0.0,0.0,0.0,0.0,0.0,0.0,0.0,0.0,0.0,0,-107875648.0,77,0.0,154,0.0,-0.0,ERR,ERR,ERR,ERR,ERR,ERR,ERR,ERR,ERR,ERR,ERR,ERR,ERR,ERR,ERR,ERR,ERR,ERR,ERR,ERR,ERR,ERR,ERR,ERR,ERR,ERR,ERR,ERR,ERR,ERR,ERR,ERR,ERR,ERR,ERR,ERR,ERR,ERR,ERR,ERR,ERR,ERR,ERR,ERR,ERR,ERR,ERR,ERR,ERR,ERR,ERR,ERR,ERR,ERR,ERR,ERR,ERR,ERR,ERR,ERR,ERR,ERR,ERR,ERR,ERR,ERR,ERR,34.0,80.0,35,0.0,0.0,0.0,0.0,0.0,0.0,0.0,0.0,0.0,0.0,0.0,0.0,0.0,0.0,0.0,0.0,66.0,0,120,58,54,65476,0,300,0,0,8,20529,65476,0,0,57672,80.0,0.0,0.0,0.0,0.0,0.0
2026-06-18T02:23:37,ERR,ERR,ERR,ERR,ERR,ERR,ERR,ERR,ERR,ERR,ERR,ERR,ERR,ERR,ERR,ERR,ERR,ERR,ERR,ERR,ERR,ERR,ERR,ERR,ERR,ERR,ERR,ERR,ERR,ERR,ERR,ERR,ERR,ERR,ERR,ERR,ERR,ERR,ERR,ERR,ERR,ERR,ERR,ERR,ERR,ERR,ERR,ERR,ERR,ERR,ERR,ERR,ERR,ERR,ERR,ERR,ERR,ERR,ERR,ERR,ERR,ERR,ERR,ERR,ERR,ERR,ERR,ERR,ERR,ERR,ERR,ERR,ERR,ERR,ERR,ERR,ERR,ERR,ERR,ERR,ERR,ERR,ERR,ERR,ERR,ERR,ERR,ERR,ERR,ERR,ERR,ERR,ERR,ERR,ERR,ERR,ERR,ERR,ERR,ERR,ERR,ERR,ERR,ERR,ERR,ERR,ERR,ERR,ERR,ERR,ERR,ERR,ERR,ERR,ERR,ERR,ERR,ERR,ERR,ERR,ERR,ERR,ERR,ERR,ERR,-0.0,2.718431101732002e+23,-0.0,-0.0,0.0,1.3936040501711995e+18,7.805,2.3822341049942016e+16,0,0,4,48936,6720,14723890282496.0,100,0.0,0.0,0.0,-0.0,0.0,0,0,0,0,0.0,0,0,0,0,0,0,0,0,0,0,0,0,0,0,0,0,0,0,0,0,0,0,0,0,0,0,0,0,0,0,0,0,0,26,51,50,76,65476,0,300,0,0,8,21553,0.0,-107605600.0,0.0,0.0,0.0,0.0,0.0,0.0,0.0,0.0,0.0,0.0,0.0,0.0,0.0,0.0,0.0,0.0,0.0,0.0,0.0,0.0,0.0,-0.0,0.0,2.004,0.0,0.0,0.0,0.0,4761.0,-3.697182615187489e+19,7292.0,-0.0,2.718431101732002e+23,-107615360.0,0.0,0.0,0.0,0.0,0.0,77,-0.0,-0.0,0.0,0.0,0.0,0.0,0.0,0.0,0.0,0,0,0,0.0,0.0,0.0,0.0,0.0,0.0,0.0,0.0,0.0,0.0,0.0,0.0,0.0,0.0,0.0,0.0,0,-107875648.0,77,0.0,154,0.0,-0.0,ERR,ERR,ERR,ERR,ERR,ERR,ERR,ERR,ERR,ERR,ERR,ERR,ERR,ERR,ERR,ERR,ERR,ERR,ERR,ERR,ERR,ERR,ERR,ERR,ERR,ERR,ERR,ERR,ERR,ERR,ERR,ERR,ERR,ERR,ERR,ERR,ERR,ERR,ERR,ERR,ERR,ERR,ERR,ERR,ERR,ERR,ERR,ERR,ERR,ERR,ERR,ERR,ERR,ERR,ERR,ERR,ERR,ERR,ERR,ERR,ERR,ERR,ERR,ERR,ERR,ERR,ERR,34.0,80.0,35,0.0,0.0,0.0,0.0,0.0,0.0,0.0,0.0,0.0,0.0,0.0,0.0,0.0,0.0,0.0,0.0,66.0,0,120,58,54,65476,0,300,0,0,8,20529,65476,0,0,57672,80.0,0.0,0.0,0.0,0.0,0.0
2026-06-18T02:23:38,ERR,ERR,ERR,ERR,ERR,ERR,ERR,ERR,ERR,ERR,ERR,ERR,ERR,ERR,ERR,ERR,ERR,ERR,ERR,ERR,ERR,ERR,ERR,ERR,ERR,ERR,ERR,ERR,ERR,ERR,ERR,ERR,ERR,ERR,ERR,ERR,ERR,ERR,ERR,ERR,ERR,ERR,ERR,ERR,ERR,ERR,ERR,ERR,ERR,ERR,ERR,ERR,ERR,ERR,ERR,ERR,ERR,ERR,ERR,ERR,ERR,ERR,ERR,ERR,ERR,ERR,ERR,ERR,ERR,ERR,ERR,ERR,ERR,ERR,ERR,ERR,ERR,ERR,ERR,ERR,ERR,ERR,ERR,ERR,ERR,ERR,ERR,ERR,ERR,ERR,ERR,ERR,ERR,ERR,ERR,ERR,ERR,ERR,ERR,ERR,ERR,ERR,ERR,ERR,ERR,ERR,ERR,ERR,ERR,ERR,ERR,ERR,ERR,ERR,ERR,ERR,ERR,ERR,ERR,ERR,ERR,ERR,ERR,ERR,ERR,-0.0,2.718431101732002e+23,-0.0,-0.0,0.0,1.3936040501711995e+18,7.805,2.3822341049942016e+16,0,0,4,48936,6720,14723890282496.0,100,0.0,0.0,0.0,-0.0,0.0,0,0,0,0,0.0,0,0,0,0,0,0,0,0,0,0,0,0,0,0,0,0,0,0,0,0,0,0,0,0,0,0,0,0,0,0,0,0,0,26,51,50,76,65476,0,300,0,0,8,21553,0.0,-107605600.0,0.0,0.0,0.0,0.0,0.0,0.0,0.0,0.0,0.0,0.0,0.0,0.0,0.0,0.0,0.0,0.0,0.0,0.0,0.0,0.0,0.0,-0.0,0.0,2.004,0.0,0.0,0.0,0.0,4761.0,-3.697182615187489e+19,7292.0,-0.0,2.718431101732002e+23,-107615360.0,0.0,0.0,0.0,0.0,0.0,77,-0.0,-0.0,0.0,0.0,0.0,0.0,0.0,0.0,0.0,0,0,0,0.0,0.0,0.0,0.0,0.0,0.0,0.0,0.0,0.0,0.0,0.0,0.0,0.0,0.0,0.0,0.0,0,-107875648.0,77,0.0,154,0.0,-0.0,ERR,ERR,ERR,ERR,ERR,ERR,ERR,ERR,ERR,ERR,ERR,ERR,ERR,ERR,ERR,ERR,ERR,ERR,ERR,ERR,ERR,ERR,ERR,ERR,ERR,ERR,ERR,ERR,ERR,ERR,ERR,ERR,ERR,ERR,ERR,ERR,ERR,ERR,ERR,ERR,ERR,ERR,ERR,ERR,ERR,ERR,ERR,ERR,ERR,ERR,ERR,ERR,ERR,ERR,ERR,ERR,ERR,ERR,ERR,ERR,ERR,ERR,ERR,ERR,ERR,ERR,ERR,34.0,80.0,35,0.0,0.0,0.0,0.0,0.0,0.0,0.0,0.0,0.0,0.0,0.0,0.0,0.0,0.0,0.0,0.0,66.0,0,120,58,54,65476,0,300,0,0,8,20529,65476,0,0,57672,80.0,0.0,0.0,0.0,0.0,0.0
2026-06-18T02:23:39,ERR,ERR,ERR,ERR,ERR,ERR,ERR,ERR,ERR,ERR,ERR,ERR,ERR,ERR,ERR,ERR,ERR,ERR,ERR,ERR,ERR,ERR,ERR,ERR,ERR,ERR,ERR,ERR,ERR,ERR,ERR,ERR,ERR,ERR,ERR,ERR,ERR,ERR,ERR,ERR,ERR,ERR,ERR,ERR,ERR,ERR,ERR,ERR,ERR,ERR,ERR,ERR,ERR,ERR,ERR,ERR,ERR,ERR,ERR,ERR,ERR,ERR,ERR,ERR,ERR,ERR,ERR,ERR,ERR,ERR,ERR,ERR,ERR,ERR,ERR,ERR,ERR,ERR,ERR,ERR,ERR,ERR,ERR,ERR,ERR,ERR,ERR,ERR,ERR,ERR,ERR,ERR,ERR,ERR,ERR,ERR,ERR,ERR,ERR,ERR,ERR,ERR,ERR,ERR,ERR,ERR,ERR,ERR,ERR,ERR,ERR,ERR,ERR,ERR,ERR,ERR,ERR,ERR,ERR,ERR,ERR,ERR,ERR,ERR,ERR,-0.0,2.718431101732002e+23,-0.0,-0.0,0.0,1.3936040501711995e+18,7.805,2.3822341049942016e+16,0,0,4,48936,6720,14723890282496.0,100,0.0,0.0,0.0,-0.0,0.0,0,0,0,0,0.0,0,0,0,0,0,0,0,0,0,0,0,0,0,0,0,0,0,0,0,0,0,0,0,0,0,0,0,0,0,0,0,0,0,26,51,50,76,65476,0,300,0,0,8,21553,0.0,-107605600.0,0.0,0.0,0.0,0.0,0.0,0.0,0.0,0.0,0.0,0.0,0.0,0.0,0.0,0.0,0.0,0.0,0.0,0.0,0.0,0.0,0.0,-0.0,0.0,2.004,0.0,0.0,0.0,0.0,4761.0,-3.697182615187489e+19,7292.0,-0.0,2.718431101732002e+23,-107615360.0,0.0,0.0,0.0,0.0,0.0,77,-0.0,-0.0,0.0,0.0,0.0,0.0,0.0,0.0,0.0,0,0,0,0.0,0.0,0.0,0.0,0.0,0.0,0.0,0.0,0.0,0.0,0.0,0.0,0.0,0.0,0.0,0.0,0,-107875648.0,77,0.0,154,0.0,-0.0,ERR,ERR,ERR,ERR,ERR,ERR,ERR,ERR,ERR,ERR,ERR,ERR,ERR,ERR,ERR,ERR,ERR,ERR,ERR,ERR,ERR,ERR,ERR,ERR,ERR,ERR,ERR,ERR,ERR,ERR,ERR,ERR,ERR,ERR,ERR,ERR,ERR,ERR,ERR,ERR,ERR,ERR,ERR,ERR,ERR,ERR,ERR,ERR,ERR,ERR,ERR,ERR,ERR,ERR,ERR,ERR,ERR,ERR,ERR,ERR,ERR,ERR,ERR,ERR,ERR,ERR,ERR,34.0,80.0,35,0.0,0.0,0.0,0.0,0.0,0.0,0.0,0.0,0.0,0.0,0.0,0.0,0.0,0.0,0.0,0.0,66.0,0,120,58,54,65476,0,300,0,0,8,20529,65476,0,0,57672,80.0,0.0,0.0,0.0,0.0,0.0
2026-06-18T02:23:40,ERR,ERR,ERR,ERR,ERR,ERR,ERR,ERR,ERR,ERR,ERR,ERR,ERR,ERR,ERR,ERR,ERR,ERR,ERR,ERR,ERR,ERR,ERR,ERR,ERR,ERR,ERR,ERR,ERR,ERR,ERR,ERR,ERR,ERR,ERR,ERR,ERR,ERR,ERR,ERR,ERR,ERR,ERR,ERR,ERR,ERR,ERR,ERR,ERR,ERR,ERR,ERR,ERR,ERR,ERR,ERR,ERR,ERR,ERR,ERR,ERR,ERR,ERR,ERR,ERR,ERR,ERR,ERR,ERR,ERR,ERR,ERR,ERR,ERR,ERR,ERR,ERR,ERR,ERR,ERR,ERR,ERR,ERR,ERR,ERR,ERR,ERR,ERR,ERR,ERR,ERR,ERR,ERR,ERR,ERR,ERR,ERR,ERR,ERR,ERR,ERR,ERR,ERR,ERR,ERR,ERR,ERR,ERR,ERR,ERR,ERR,ERR,ERR,ERR,ERR,ERR,ERR,ERR,ERR,ERR,ERR,ERR,ERR,ERR,ERR,-0.0,2.718431101732002e+23,-0.0,0.0,0.0,1.3936040501711995e+18,7.805,237259152.0,0,0,4,48927,6720,14723890282496.0,100,0.0,0.0,0.0,0.0,0.0,0,0,0,0,0.0,0,0,0,0,0,0,0,0,0,0,0,0,0,0,0,0,0,0,0,0,0,0,0,0,0,0,0,0,0,0,0,0,0,26,51,50,76,65476,0,300,0,0,8,21553,0.0,-107605600.0,0.0,0.0,0.0,0.0,0.0,0.0,0.0,0.0,0.0,0.0,0.0,0.0,0.0,0.0,0.0,0.0,0.0,0.0,0.0,0.0,0.0,-0.0,0.0,2.004,0.0,0.0,0.0,0.0,4759.0,-8608174080.0,7290.0,-0.0,2.718431101732002e+23,-107615360.0,0.0,0.0,0.0,0.0,0.0,77,4.950429371599289e+32,5.8480517217512656e+35,0.0,0.0,0.0,0.0,0.0,0.0,0.0,0,0,0,0.0,0.0,0.0,0.0,0.0,0.0,0.0,0.0,0.0,0.0,0.0,0.0,0.0,0.0,0.0,0.0,0,-107875648.0,77,0.0,154,0.0,-0.0,ERR,ERR,ERR,ERR,ERR,ERR,ERR,ERR,ERR,ERR,ERR,ERR,ERR,ERR,ERR,ERR,ERR,ERR,ERR,ERR,ERR,ERR,ERR,ERR,ERR,ERR,ERR,ERR,ERR,ERR,ERR,ERR,ERR,ERR,ERR,ERR,ERR,ERR,ERR,ERR,ERR,ERR,ERR,ERR,ERR,ERR,ERR,ERR,ERR,ERR,ERR,ERR,ERR,ERR,ERR,ERR,ERR,ERR,ERR,ERR,ERR,ERR,ERR,ERR,ERR,ERR,ERR,34.0,80.0,35,0.0,0.0,0.0,0.0,0.0,0.0,0.0,0.0,0.0,0.0,0.0,0.0,0.0,0.0,0.0,0.0,66.0,0,120,58,54,65476,0,300,0,0,8,20529,65476,0,0,57672,80.0,0.0,0.0,0.0,0.0,0.0
2026-06-18T02:23:41,ERR,ERR,ERR,ERR,ERR,ERR,ERR,ERR,ERR,ERR,ERR,ERR,ERR,ERR,ERR,ERR,ERR,ERR,ERR,ERR,ERR,ERR,ERR,ERR,ERR,ERR,ERR,ERR,ERR,ERR,ERR,ERR,ERR,ERR,ERR,ERR,ERR,ERR,ERR,ERR,ERR,ERR,ERR,ERR,ERR,ERR,ERR,ERR,ERR,ERR,ERR,ERR,ERR,ERR,ERR,ERR,ERR,ERR,ERR,ERR,ERR,ERR,ERR,ERR,ERR,ERR,ERR,ERR,ERR,ERR,ERR,ERR,ERR,ERR,ERR,ERR,ERR,ERR,ERR,ERR,ERR,ERR,ERR,ERR,ERR,ERR,ERR,ERR,ERR,ERR,ERR,ERR,ERR,ERR,ERR,ERR,ERR,ERR,ERR,ERR,ERR,ERR,ERR,ERR,ERR,ERR,ERR,ERR,ERR,ERR,ERR,ERR,ERR,ERR,ERR,ERR,ERR,ERR,ERR,ERR,ERR,ERR,ERR,ERR,ERR,-0.0,2.718431101732002e+23,-0.0,0.0,0.0,1.3936040501711995e+18,7.805,237259152.0,0,0,4,48927,6720,14723890282496.0,100,0.0,0.0,0.0,0.0,0.0,0,0,0,0,0.0,0,0,0,0,0,0,0,0,0,0,0,0,0,0,0,0,0,0,0,0,0,0,0,0,0,0,0,0,0,0,0,0,0,26,51,50,76,65476,0,300,0,0,8,21553,0.0,-107605600.0,0.0,0.0,0.0,0.0,0.0,0.0,0.0,0.0,0.0,0.0,0.0,0.0,0.0,0.0,0.0,0.0,0.0,0.0,0.0,0.0,0.0,-0.0,0.0,2.004,0.0,0.0,0.0,0.0,4759.0,-8608174080.0,7290.0,-0.0,2.718431101732002e+23,-107615360.0,0.0,0.0,0.0,0.0,0.0,77,4.950429371599289e+32,5.8480517217512656e+35,0.0,0.0,0.0,0.0,0.0,0.0,0.0,0,0,0,0.0,0.0,0.0,0.0,0.0,0.0,0.0,0.0,0.0,0.0,0.0,0.0,0.0,0.0,0.0,0.0,0,-107875648.0,77,0.0,154,0.0,-0.0,ERR,ERR,ERR,ERR,ERR,ERR,ERR,ERR,ERR,ERR,ERR,ERR,ERR,ERR,ERR,ERR,ERR,ERR,ERR,ERR,ERR,ERR,ERR,ERR,ERR,ERR,ERR,ERR,ERR,ERR,ERR,ERR,ERR,ERR,ERR,ERR,ERR,ERR,ERR,ERR,ERR,ERR,ERR,ERR,ERR,ERR,ERR,ERR,ERR,ERR,ERR,ERR,ERR,ERR,ERR,ERR,ERR,ERR,ERR,ERR,ERR,ERR,ERR,ERR,ERR,ERR,ERR,34.0,80.0,35,0.0,0.0,0.0,0.0,0.0,0.0,0.0,0.0,0.0,0.0,0.0,0.0,0.0,0.0,0.0,0.0,66.0,0,120,58,54,65476,0,300,0,0,8,20529,65476,0,0,57672,80.0,0.0,0.0,0.0,0.0,0.0
2026-06-18T02:23:42,ERR,ERR,ERR,ERR,ERR,ERR,ERR,ERR,ERR,ERR,ERR,ERR,ERR,ERR,ERR,ERR,ERR,ERR,ERR,ERR,ERR,ERR,ERR,ERR,ERR,ERR,ERR,ERR,ERR,ERR,ERR,ERR,ERR,ERR,ERR,ERR,ERR,ERR,ERR,ERR,ERR,ERR,ERR,ERR,ERR,ERR,ERR,ERR,ERR,ERR,ERR,ERR,ERR,ERR,ERR,ERR,ERR,ERR,ERR,ERR,ERR,ERR,ERR,ERR,ERR,ERR,ERR,ERR,ERR,ERR,ERR,ERR,ERR,ERR,ERR,ERR,ERR,ERR,ERR,ERR,ERR,ERR,ERR,ERR,ERR,ERR,ERR,ERR,ERR,ERR,ERR,ERR,ERR,ERR,ERR,ERR,ERR,ERR,ERR,ERR,ERR,ERR,ERR,ERR,ERR,ERR,ERR,ERR,ERR,ERR,ERR,ERR,ERR,ERR,ERR,ERR,ERR,ERR,ERR,ERR,ERR,ERR,ERR,ERR,ERR,-0.0,2.718431101732002e+23,-0.0,0.0,0.0,1.3936040501711995e+18,7.805,237259152.0,0,0,4,48927,6720,14723890282496.0,100,0.0,0.0,0.0,0.0,0.0,0,0,0,0,0.0,0,0,0,0,0,0,0,0,0,0,0,0,0,0,0,0,0,0,0,0,0,0,0,0,0,0,0,0,0,0,0,0,0,26,51,50,76,65476,0,300,0,0,8,21553,0.0,-107605600.0,0.0,0.0,0.0,0.0,0.0,0.0,0.0,0.0,0.0,0.0,0.0,0.0,0.0,0.0,0.0,0.0,0.0,0.0,0.0,0.0,0.0,-0.0,0.0,2.004,0.0,0.0,0.0,0.0,4759.0,-8608174080.0,7290.0,-0.0,2.718431101732002e+23,-107615360.0,0.0,0.0,0.0,0.0,0.0,77,4.950429371599289e+32,5.8480517217512656e+35,0.0,0.0,0.0,0.0,0.0,0.0,0.0,0,0,0,0.0,0.0,0.0,0.0,0.0,0.0,0.0,0.0,0.0,0.0,0.0,0.0,0.0,0.0,0.0,0.0,0,-107875648.0,77,0.0,154,0.0,-0.0,ERR,ERR,ERR,ERR,ERR,ERR,ERR,ERR,ERR,ERR,ERR,ERR,ERR,ERR,ERR,ERR,ERR,ERR,ERR,ERR,ERR,ERR,ERR,ERR,ERR,ERR,ERR,ERR,ERR,ERR,ERR,ERR,ERR,ERR,ERR,ERR,ERR,ERR,ERR,ERR,ERR,ERR,ERR,ERR,ERR,ERR,ERR,ERR,ERR,ERR,ERR,ERR,ERR,ERR,ERR,ERR,ERR,ERR,ERR,ERR,ERR,ERR,ERR,ERR,ERR,ERR,ERR,34.0,80.0,35,0.0,0.0,0.0,0.0,0.0,0.0,0.0,0.0,0.0,0.0,0.0,0.0,0.0,0.0,0.0,0.0,66.0,0,120,58,54,65476,0,300,0,0,8,20529,65476,0,0,57672,80.0,0.0,0.0,0.0,0.0,0.0
2026-06-18T02:23:43,ERR,ERR,ERR,ERR,ERR,ERR,ERR,ERR,ERR,ERR,ERR,ERR,ERR,ERR,ERR,ERR,ERR,ERR,ERR,ERR,ERR,ERR,ERR,ERR,ERR,ERR,ERR,ERR,ERR,ERR,ERR,ERR,ERR,ERR,ERR,ERR,ERR,ERR,ERR,ERR,ERR,ERR,ERR,ERR,ERR,ERR,ERR,ERR,ERR,ERR,ERR,ERR,ERR,ERR,ERR,ERR,ERR,ERR,ERR,ERR,ERR,ERR,ERR,ERR,ERR,ERR,ERR,ERR,ERR,ERR,ERR,ERR,ERR,ERR,ERR,ERR,ERR,ERR,ERR,ERR,ERR,ERR,ERR,ERR,ERR,ERR,ERR,ERR,ERR,ERR,ERR,ERR,ERR,ERR,ERR,ERR,ERR,ERR,ERR,ERR,ERR,ERR,ERR,ERR,ERR,ERR,ERR,ERR,ERR,ERR,ERR,ERR,ERR,ERR,ERR,ERR,ERR,ERR,ERR,ERR,ERR,ERR,ERR,ERR,ERR,-0.0,2.718431101732002e+23,-0.0,0.0,0.0,1.3936040501711995e+18,7.805,237259152.0,0,0,4,48927,6720,14723890282496.0,100,0.0,0.0,0.0,0.0,0.0,0,0,0,0,0.0,0,0,0,0,0,0,0,0,0,0,0,0,0,0,0,0,0,0,0,0,0,0,0,0,0,0,0,0,0,0,0,0,0,26,51,50,76,65476,0,300,0,0,8,21553,0.0,-107605600.0,0.0,0.0,0.0,0.0,0.0,0.0,0.0,0.0,0.0,0.0,0.0,0.0,0.0,0.0,0.0,0.0,0.0,0.0,0.0,0.0,0.0,-0.0,0.0,2.004,0.0,0.0,0.0,0.0,4759.0,-8608174080.0,7290.0,-0.0,2.718431101732002e+23,-107615360.0,0.0,0.0,0.0,0.0,0.0,77,4.950429371599289e+32,5.8480517217512656e+35,0.0,0.0,0.0,0.0,0.0,0.0,0.0,0,0,0,0.0,0.0,0.0,0.0,0.0,0.0,0.0,0.0,0.0,0.0,0.0,0.0,0.0,0.0,0.0,0.0,0,-107875648.0,77,0.0,154,0.0,-0.0,ERR,ERR,ERR,ERR,ERR,ERR,ERR,ERR,ERR,ERR,ERR,ERR,ERR,ERR,ERR,ERR,ERR,ERR,ERR,ERR,ERR,ERR,ERR,ERR,ERR,ERR,ERR,ERR,ERR,ERR,ERR,ERR,ERR,ERR,ERR,ERR,ERR,ERR,ERR,ERR,ERR,ERR,ERR,ERR,ERR,ERR,ERR,ERR,ERR,ERR,ERR,ERR,ERR,ERR,ERR,ERR,ERR,ERR,ERR,ERR,ERR,ERR,ERR,ERR,ERR,ERR,ERR,34.0,80.0,35,0.0,0.0,0.0,0.0,0.0,0.0,0.0,0.0,0.0,0.0,0.0,0.0,0.0,0.0,0.0,0.0,66.0,0,120,58,54,65476,0,300,0,0,8,20529,65476,0,0,57672,80.0,0.0,0.0,0.0,0.0,0.0
2026-06-18T02:23:44,ERR,ERR,ERR,ERR,ERR,ERR,ERR,ERR,ERR,ERR,ERR,ERR,ERR,ERR,ERR,ERR,ERR,ERR,ERR,ERR,ERR,ERR,ERR,ERR,ERR,ERR,ERR,ERR,ERR,ERR,ERR,ERR,ERR,ERR,ERR,ERR,ERR,ERR,ERR,ERR,ERR,ERR,ERR,ERR,ERR,ERR,ERR,ERR,ERR,ERR,ERR,ERR,ERR,ERR,ERR,ERR,ERR,ERR,ERR,ERR,ERR,ERR,ERR,ERR,ERR,ERR,ERR,ERR,ERR,ERR,ERR,ERR,ERR,ERR,ERR,ERR,ERR,ERR,ERR,ERR,ERR,ERR,ERR,ERR,ERR,ERR,ERR,ERR,ERR,ERR,ERR,ERR,ERR,ERR,ERR,ERR,ERR,ERR,ERR,ERR,ERR,ERR,ERR,ERR,ERR,ERR,ERR,ERR,ERR,ERR,ERR,ERR,ERR,ERR,ERR,ERR,ERR,ERR,ERR,ERR,ERR,ERR,ERR,ERR,ERR,-0.0,2.718431101732002e+23,-0.0,0.0,0.0,1.3936040501711995e+18,7.805,237259152.0,0,0,4,48927,6720,14723890282496.0,100,0.0,0.0,0.0,0.0,0.0,0,0,0,0,0.0,0,0,0,0,0,0,0,0,0,0,0,0,0,0,0,0,0,0,0,0,0,0,0,0,0,0,0,0,0,0,0,0,0,26,51,50,76,65476,0,300,0,0,8,21553,0.0,-107605600.0,0.0,0.0,0.0,0.0,0.0,0.0,0.0,0.0,0.0,0.0,0.0,0.0,0.0,0.0,0.0,0.0,0.0,0.0,0.0,0.0,0.0,-0.0,0.0,2.004,0.0,0.0,0.0,0.0,4759.0,-8608174080.0,7290.0,-0.0,2.718431101732002e+23,-107615360.0,0.0,0.0,0.0,0.0,0.0,77,4.950429371599289e+32,5.8480517217512656e+35,0.0,0.0,0.0,0.0,0.0,0.0,0.0,0,0,0,0.0,0.0,0.0,0.0,0.0,0.0,0.0,0.0,0.0,0.0,0.0,0.0,0.0,0.0,0.0,0.0,0,-107875648.0,77,0.0,154,0.0,-0.0,ERR,ERR,ERR,ERR,ERR,ERR,ERR,ERR,ERR,ERR,ERR,ERR,ERR,ERR,ERR,ERR,ERR,ERR,ERR,ERR,ERR,ERR,ERR,ERR,ERR,ERR,ERR,ERR,ERR,ERR,ERR,ERR,ERR,ERR,ERR,ERR,ERR,ERR,ERR,ERR,ERR,ERR,ERR,ERR,ERR,ERR,ERR,ERR,ERR,ERR,ERR,ERR,ERR,ERR,ERR,ERR,ERR,ERR,ERR,ERR,ERR,ERR,ERR,ERR,ERR,ERR,ERR,34.0,80.0,35,0.0,0.0,0.0,0.0,0.0,0.0,0.0,0.0,0.0,0.0,0.0,0.0,0.0,0.0,0.0,0.0,66.0,0,120,58,54,65476,0,300,0,0,8,20529,65476,0,0,57672,80.0,0.0,0.0,0.0,0.0,0.0
2026-06-18T02:23:45,ERR,ERR,ERR,ERR,ERR,ERR,ERR,ERR,ERR,ERR,ERR,ERR,ERR,ERR,ERR,ERR,ERR,ERR,ERR,ERR,ERR,ERR,ERR,ERR,ERR,ERR,ERR,ERR,ERR,ERR,ERR,ERR,ERR,ERR,ERR,ERR,ERR,ERR,ERR,ERR,ERR,ERR,ERR,ERR,ERR,ERR,ERR,ERR,ERR,ERR,ERR,ERR,ERR,ERR,ERR,ERR,ERR,ERR,ERR,ERR,ERR,ERR,ERR,ERR,ERR,ERR,ERR,ERR,ERR,ERR,ERR,ERR,ERR,ERR,ERR,ERR,ERR,ERR,ERR,ERR,ERR,ERR,ERR,ERR,ERR,ERR,ERR,ERR,ERR,ERR,ERR,ERR,ERR,ERR,ERR,ERR,ERR,ERR,ERR,ERR,ERR,ERR,ERR,ERR,ERR,ERR,ERR,ERR,ERR,ERR,ERR,ERR,ERR,ERR,ERR,ERR,ERR,ERR,ERR,ERR,ERR,ERR,ERR,ERR,ERR,-0.0,2.718431101732002e+23,-0.0,-0.0,0.0,1.3936040501711995e+18,7.805,2.395,0,0,4,48927,6720,14723890282496.0,100,0.0,0.0,0.0,-0.0,0.0,0,0,0,0,0.0,0,0,0,0,0,0,0,0,0,0,0,0,0,0,0,0,0,0,0,0,0,0,0,0,0,0,0,0,0,0,0,0,0,26,51,50,76,65476,0,300,0,0,8,21553,0.0,-107605600.0,0.0,0.0,0.0,0.0,0.0,0.0,0.0,0.0,0.0,0.0,0.0,0.0,0.0,0.0,0.0,0.0,0.0,0.0,0.0,0.0,0.0,-0.0,0.0,2.004,0.0,0.0,0.0,0.0,4761.0,-0.0,7283.0,-0.0,2.718431101732002e+23,-107615360.0,0.0,0.0,0.0,0.0,0.0,77,-0.0,0.0,0.0,0.0,0.0,0.0,0.0,0.0,0.0,0,0,0,0.0,0.0,0.0,0.0,0.0,0.0,0.0,0.0,0.0,0.0,0.0,0.0,0.0,0.0,0.0,0.0,0,-107875648.0,77,0.0,154,0.0,-0.0,ERR,ERR,ERR,ERR,ERR,ERR,ERR,ERR,ERR,ERR,ERR,ERR,ERR,ERR,ERR,ERR,ERR,ERR,ERR,ERR,ERR,ERR,ERR,ERR,ERR,ERR,ERR,ERR,ERR,ERR,ERR,ERR,ERR,ERR,ERR,ERR,ERR,ERR,ERR,ERR,ERR,ERR,ERR,ERR,ERR,ERR,ERR,ERR,ERR,ERR,ERR,ERR,ERR,ERR,ERR,ERR,ERR,ERR,ERR,ERR,ERR,ERR,ERR,ERR,ERR,ERR,ERR,34.0,80.0,35,0.0,0.0,0.0,0.0,0.0,0.0,0.0,0.0,0.0,0.0,0.0,0.0,0.0,0.0,0.0,0.0,66.0,0,120,58,54,65476,0,300,0,0,8,20529,65476,0,0,57672,80.0,0.0,0.0,0.0,0.0,0.0
2026-06-18T02:23:46,ERR,ERR,ERR,ERR,ERR,ERR,ERR,ERR,ERR,ERR,ERR,ERR,ERR,ERR,ERR,ERR,ERR,ERR,ERR,ERR,ERR,ERR,ERR,ERR,ERR,ERR,ERR,ERR,ERR,ERR,ERR,ERR,ERR,ERR,ERR,ERR,ERR,ERR,ERR,ERR,ERR,ERR,ERR,ERR,ERR,ERR,ERR,ERR,ERR,ERR,ERR,ERR,ERR,ERR,ERR,ERR,ERR,ERR,ERR,ERR,ERR,ERR,ERR,ERR,ERR,ERR,ERR,ERR,ERR,ERR,ERR,ERR,ERR,ERR,ERR,ERR,ERR,ERR,ERR,ERR,ERR,ERR,ERR,ERR,ERR,ERR,ERR,ERR,ERR,ERR,ERR,ERR,ERR,ERR,ERR,ERR,ERR,ERR,ERR,ERR,ERR,ERR,ERR,ERR,ERR,ERR,ERR,ERR,ERR,ERR,ERR,ERR,ERR,ERR,ERR,ERR,ERR,ERR,ERR,ERR,ERR,ERR,ERR,ERR,ERR,-0.0,2.718431101732002e+23,-0.0,-0.0,0.0,1.3936040501711995e+18,7.805,2.395,0,0,4,48927,6720,14723890282496.0,100,0.0,0.0,0.0,-0.0,0.0,0,0,0,0,0.0,0,0,0,0,0,0,0,0,0,0,0,0,0,0,0,0,0,0,0,0,0,0,0,0,0,0,0,0,0,0,0,0,0,26,51,50,76,65476,0,300,0,0,8,21553,0.0,-107605600.0,0.0,0.0,0.0,0.0,0.0,0.0,0.0,0.0,0.0,0.0,0.0,0.0,0.0,0.0,0.0,0.0,0.0,0.0,0.0,0.0,0.0,-0.0,0.0,2.004,0.0,0.0,0.0,0.0,4761.0,-0.0,7283.0,-0.0,2.718431101732002e+23,-107615360.0,0.0,0.0,0.0,0.0,0.0,77,-0.0,0.0,0.0,0.0,0.0,0.0,0.0,0.0,0.0,0,0,0,0.0,0.0,0.0,0.0,0.0,0.0,0.0,0.0,0.0,0.0,0.0,0.0,0.0,0.0,0.0,0.0,0,-107875648.0,77,0.0,154,0.0,-0.0,ERR,ERR,ERR,ERR,ERR,ERR,ERR,ERR,ERR,ERR,ERR,ERR,ERR,ERR,ERR,ERR,ERR,ERR,ERR,ERR,ERR,ERR,ERR,ERR,ERR,ERR,ERR,ERR,ERR,ERR,ERR,ERR,ERR,ERR,ERR,ERR,ERR,ERR,ERR,ERR,ERR,ERR,ERR,ERR,ERR,ERR,ERR,ERR,ERR,ERR,ERR,ERR,ERR,ERR,ERR,ERR,ERR,ERR,ERR,ERR,ERR,ERR,ERR,ERR,ERR,ERR,ERR,34.0,80.0,35,0.0,0.0,0.0,0.0,0.0,0.0,0.0,0.0,0.0,0.0,0.0,0.0,0.0,0.0,0.0,0.0,66.0,0,120,58,54,65476,0,300,0,0,8,20529,65476,0,0,57672,80.0,0.0,0.0,0.0,0.0,0.0
2026-06-18T02:23:47,ERR,ERR,ERR,ERR,ERR,ERR,ERR,ERR,ERR,ERR,ERR,ERR,ERR,ERR,ERR,ERR,ERR,ERR,ERR,ERR,ERR,ERR,ERR,ERR,ERR,ERR,ERR,ERR,ERR,ERR,ERR,ERR,ERR,ERR,ERR,ERR,ERR,ERR,ERR,ERR,ERR,ERR,ERR,ERR,ERR,ERR,ERR,ERR,ERR,ERR,ERR,ERR,ERR,ERR,ERR,ERR,ERR,ERR,ERR,ERR,ERR,ERR,ERR,ERR,ERR,ERR,ERR,ERR,ERR,ERR,ERR,ERR,ERR,ERR,ERR,ERR,ERR,ERR,ERR,ERR,ERR,ERR,ERR,ERR,ERR,ERR,ERR,ERR,ERR,ERR,ERR,ERR,ERR,ERR,ERR,ERR,ERR,ERR,ERR,ERR,ERR,ERR,ERR,ERR,ERR,ERR,ERR,ERR,ERR,ERR,ERR,ERR,ERR,ERR,ERR,ERR,ERR,ERR,ERR,ERR,ERR,ERR,ERR,ERR,ERR,-0.0,2.718431101732002e+23,-0.0,-0.0,0.0,1.3936040501711995e+18,7.805,2.395,0,0,4,48927,6720,14723890282496.0,100,0.0,0.0,0.0,-0.0,0.0,0,0,0,0,0.0,0,0,0,0,0,0,0,0,0,0,0,0,0,0,0,0,0,0,0,0,0,0,0,0,0,0,0,0,0,0,0,0,0,26,51,50,76,65476,0,300,0,0,8,21553,0.0,-107605600.0,0.0,0.0,0.0,0.0,0.0,0.0,0.0,0.0,0.0,0.0,0.0,0.0,0.0,0.0,0.0,0.0,0.0,0.0,0.0,0.0,0.0,-0.0,0.0,2.004,0.0,0.0,0.0,0.0,4761.0,-0.0,7283.0,-0.0,2.718431101732002e+23,-107615360.0,0.0,0.0,0.0,0.0,0.0,77,-0.0,0.0,0.0,0.0,0.0,0.0,0.0,0.0,0.0,0,0,0,0.0,0.0,0.0,0.0,0.0,0.0,0.0,0.0,0.0,0.0,0.0,0.0,0.0,0.0,0.0,0.0,0,-107875648.0,77,0.0,154,0.0,-0.0,ERR,ERR,ERR,ERR,ERR,ERR,ERR,ERR,ERR,ERR,ERR,ERR,ERR,ERR,ERR,ERR,ERR,ERR,ERR,ERR,ERR,ERR,ERR,ERR,ERR,ERR,ERR,ERR,ERR,ERR,ERR,ERR,ERR,ERR,ERR,ERR,ERR,ERR,ERR,ERR,ERR,ERR,ERR,ERR,ERR,ERR,ERR,ERR,ERR,ERR,ERR,ERR,ERR,ERR,ERR,ERR,ERR,ERR,ERR,ERR,ERR,ERR,ERR,ERR,ERR,ERR,ERR,34.0,80.0,35,0.0,0.0,0.0,0.0,0.0,0.0,0.0,0.0,0.0,0.0,0.0,0.0,0.0,0.0,0.0,0.0,66.0,0,120,58,54,65476,0,300,0,0,8,20529,65476,0,0,57672,80.0,0.0,0.0,0.0,0.0,0.0
2026-06-18T02:23:48,ERR,ERR,ERR,ERR,ERR,ERR,ERR,ERR,ERR,ERR,ERR,ERR,ERR,ERR,ERR,ERR,ERR,ERR,ERR,ERR,ERR,ERR,ERR,ERR,ERR,ERR,ERR,ERR,ERR,ERR,ERR,ERR,ERR,ERR,ERR,ERR,ERR,ERR,ERR,ERR,ERR,ERR,ERR,ERR,ERR,ERR,ERR,ERR,ERR,ERR,ERR,ERR,ERR,ERR,ERR,ERR,ERR,ERR,ERR,ERR,ERR,ERR,ERR,ERR,ERR,ERR,ERR,ERR,ERR,ERR,ERR,ERR,ERR,ERR,ERR,ERR,ERR,ERR,ERR,ERR,ERR,ERR,ERR,ERR,ERR,ERR,ERR,ERR,ERR,ERR,ERR,ERR,ERR,ERR,ERR,ERR,ERR,ERR,ERR,ERR,ERR,ERR,ERR,ERR,ERR,ERR,ERR,ERR,ERR,ERR,ERR,ERR,ERR,ERR,ERR,ERR,ERR,ERR,ERR,ERR,ERR,ERR,ERR,ERR,ERR,-0.0,2.718431101732002e+23,-0.0,-0.0,0.0,1.3936040501711995e+18,7.805,2.395,0,0,4,48927,6720,14723890282496.0,100,0.0,0.0,0.0,-0.0,0.0,0,0,0,0,0.0,0,0,0,0,0,0,0,0,0,0,0,0,0,0,0,0,0,0,0,0,0,0,0,0,0,0,0,0,0,0,0,0,0,26,51,50,76,65476,0,300,0,0,8,21553,0.0,-107605600.0,0.0,0.0,0.0,0.0,0.0,0.0,0.0,0.0,0.0,0.0,0.0,0.0,0.0,0.0,0.0,0.0,0.0,0.0,0.0,0.0,0.0,-0.0,0.0,2.004,0.0,0.0,0.0,0.0,4761.0,-0.0,7283.0,-0.0,2.718431101732002e+23,-107615360.0,0.0,0.0,0.0,0.0,0.0,77,-0.0,0.0,0.0,0.0,0.0,0.0,0.0,0.0,0.0,0,0,0,0.0,0.0,0.0,0.0,0.0,0.0,0.0,0.0,0.0,0.0,0.0,0.0,0.0,0.0,0.0,0.0,0,-107875648.0,77,0.0,154,0.0,-0.0,ERR,ERR,ERR,ERR,ERR,ERR,ERR,ERR,ERR,ERR,ERR,ERR,ERR,ERR,ERR,ERR,ERR,ERR,ERR,ERR,ERR,ERR,ERR,ERR,ERR,ERR,ERR,ERR,ERR,ERR,ERR,ERR,ERR,ERR,ERR,ERR,ERR,ERR,ERR,ERR,ERR,ERR,ERR,ERR,ERR,ERR,ERR,ERR,ERR,ERR,ERR,ERR,ERR,ERR,ERR,ERR,ERR,ERR,ERR,ERR,ERR,ERR,ERR,ERR,ERR,ERR,ERR,34.0,80.0,35,0.0,0.0,0.0,0.0,0.0,0.0,0.0,0.0,0.0,0.0,0.0,0.0,0.0,0.0,0.0,0.0,66.0,0,120,58,54,65476,0,300,0,0,8,20529,65476,0,0,57672,80.0,0.0,0.0,0.0,0.0,0.0
2026-06-18T02:23:49,ERR,ERR,ERR,ERR,ERR,ERR,ERR,ERR,ERR,ERR,ERR,ERR,ERR,ERR,ERR,ERR,ERR,ERR,ERR,ERR,ERR,ERR,ERR,ERR,ERR,ERR,ERR,ERR,ERR,ERR,ERR,ERR,ERR,ERR,ERR,ERR,ERR,ERR,ERR,ERR,ERR,ERR,ERR,ERR,ERR,ERR,ERR,ERR,ERR,ERR,ERR,ERR,ERR,ERR,ERR,ERR,ERR,ERR,ERR,ERR,ERR,ERR,ERR,ERR,ERR,ERR,ERR,ERR,ERR,ERR,ERR,ERR,ERR,ERR,ERR,ERR,ERR,ERR,ERR,ERR,ERR,ERR,ERR,ERR,ERR,ERR,ERR,ERR,ERR,ERR,ERR,ERR,ERR,ERR,ERR,ERR,ERR,ERR,ERR,ERR,ERR,ERR,ERR,ERR,ERR,ERR,ERR,ERR,ERR,ERR,ERR,ERR,ERR,ERR,ERR,ERR,ERR,ERR,ERR,ERR,ERR,ERR,ERR,ERR,ERR,-0.0,2.718431101732002e+23,-0.0,-0.0,0.0,1.3936040501711995e+18,7.805,2.395,0,0,4,48927,6720,14723890282496.0,100,0.0,0.0,0.0,-0.0,0.0,0,0,0,0,0.0,0,0,0,0,0,0,0,0,0,0,0,0,0,0,0,0,0,0,0,0,0,0,0,0,0,0,0,0,0,0,0,0,0,26,51,50,76,65476,0,300,0,0,8,21553,0.0,-107605600.0,0.0,0.0,0.0,0.0,0.0,0.0,0.0,0.0,0.0,0.0,0.0,0.0,0.0,0.0,0.0,0.0,0.0,0.0,0.0,0.0,0.0,-0.0,0.0,2.004,0.0,0.0,0.0,0.0,4761.0,-0.0,7283.0,-0.0,2.718431101732002e+23,-107615360.0,0.0,0.0,0.0,0.0,0.0,77,-0.0,0.0,0.0,0.0,0.0,0.0,0.0,0.0,0.0,0,0,0,0.0,0.0,0.0,0.0,0.0,0.0,0.0,0.0,0.0,0.0,0.0,0.0,0.0,0.0,0.0,0.0,0,-107875648.0,77,0.0,154,0.0,-0.0,ERR,ERR,ERR,ERR,ERR,ERR,ERR,ERR,ERR,ERR,ERR,ERR,ERR,ERR,ERR,ERR,ERR,ERR,ERR,ERR,ERR,ERR,ERR,ERR,ERR,ERR,ERR,ERR,ERR,ERR,ERR,ERR,ERR,ERR,ERR,ERR,ERR,ERR,ERR,ERR,ERR,ERR,ERR,ERR,ERR,ERR,ERR,ERR,ERR,ERR,ERR,ERR,ERR,ERR,ERR,ERR,ERR,ERR,ERR,ERR,ERR,ERR,ERR,ERR,ERR,ERR,ERR,34.0,80.0,35,0.0,0.0,0.0,0.0,0.0,0.0,0.0,0.0,0.0,0.0,0.0,0.0,0.0,0.0,0.0,0.0,66.0,0,120,58,54,65476,0,300,0,0,8,20529,65476,0,0,57672,80.0,0.0,0.0,0.0,0.0,0.0
2026-06-18T02:23:50,ERR,ERR,ERR,ERR,ERR,ERR,ERR,ERR,ERR,ERR,ERR,ERR,ERR,ERR,ERR,ERR,ERR,ERR,ERR,ERR,ERR,ERR,ERR,ERR,ERR,ERR,ERR,ERR,ERR,ERR,ERR,ERR,ERR,ERR,ERR,ERR,ERR,ERR,ERR,ERR,ERR,ERR,ERR,ERR,ERR,ERR,ERR,ERR,ERR,ERR,ERR,ERR,ERR,ERR,ERR,ERR,ERR,ERR,ERR,ERR,ERR,ERR,ERR,ERR,ERR,ERR,ERR,ERR,ERR,ERR,ERR,ERR,ERR,ERR,ERR,ERR,ERR,ERR,ERR,ERR,ERR,ERR,ERR,ERR,ERR,ERR,ERR,ERR,ERR,ERR,ERR,ERR,ERR,ERR,ERR,ERR,ERR,ERR,ERR,ERR,ERR,ERR,ERR,ERR,ERR,ERR,ERR,ERR,ERR,ERR,ERR,ERR,ERR,ERR,ERR,ERR,ERR,ERR,ERR,ERR,ERR,ERR,ERR,ERR,ERR,-0.0,2.718431101732002e+23,-0.0,-0.0,0.0,1.3936040501711995e+18,7.805,2.395,0,0,4,48927,6720,14723890282496.0,100,0.0,0.0,0.0,-0.0,0.0,0,0,0,0,0.0,0,0,0,0,0,0,0,0,0,0,0,0,0,0,0,0,0,0,0,0,0,0,0,0,0,0,0,0,0,0,0,0,0,26,51,50,76,65476,0,300,0,0,8,21553,0.0,-107605600.0,0.0,0.0,0.0,0.0,0.0,0.0,0.0,0.0,0.0,0.0,0.0,0.0,0.0,0.0,0.0,0.0,0.0,0.0,0.0,0.0,0.0,-0.0,0.0,2.004,0.0,0.0,0.0,0.0,4761.0,-0.0,7283.0,-0.0,2.718431101732002e+23,-107615360.0,0.0,0.0,0.0,0.0,0.0,77,-0.0,0.0,0.0,0.0,0.0,0.0,0.0,0.0,0.0,0,0,0,0.0,0.0,0.0,0.0,0.0,0.0,0.0,0.0,0.0,0.0,0.0,0.0,0.0,0.0,0.0,0.0,0,-107875648.0,77,0.0,154,0.0,-0.0,ERR,ERR,ERR,ERR,ERR,ERR,ERR,ERR,ERR,ERR,ERR,ERR,ERR,ERR,ERR,ERR,ERR,ERR,ERR,ERR,ERR,ERR,ERR,ERR,ERR,ERR,ERR,ERR,ERR,ERR,ERR,ERR,ERR,ERR,ERR,ERR,ERR,ERR,ERR,ERR,ERR,ERR,ERR,ERR,ERR,ERR,ERR,ERR,ERR,ERR,ERR,ERR,ERR,ERR,ERR,ERR,ERR,ERR,ERR,ERR,ERR,ERR,ERR,ERR,ERR,ERR,ERR,34.0,80.0,35,0.0,0.0,0.0,0.0,0.0,0.0,0.0,0.0,0.0,0.0,0.0,0.0,0.0,0.0,0.0,0.0,66.0,0,120,58,54,65476,0,300,0,0,8,20529,65476,0,0,57672,80.0,0.0,0.0,0.0,0.0,0.0
2026-06-18T02:23:51,ERR,ERR,ERR,ERR,ERR,ERR,ERR,ERR,ERR,ERR,ERR,ERR,ERR,ERR,ERR,ERR,ERR,ERR,ERR,ERR,ERR,ERR,ERR,ERR,ERR,ERR,ERR,ERR,ERR,ERR,ERR,ERR,ERR,ERR,ERR,ERR,ERR,ERR,ERR,ERR,ERR,ERR,ERR,ERR,ERR,ERR,ERR,ERR,ERR,ERR,ERR,ERR,ERR,ERR,ERR,ERR,ERR,ERR,ERR,ERR,ERR,ERR,ERR,ERR,ERR,ERR,ERR,ERR,ERR,ERR,ERR,ERR,ERR,ERR,ERR,ERR,ERR,ERR,ERR,ERR,ERR,ERR,ERR,ERR,ERR,ERR,ERR,ERR,ERR,ERR,ERR,ERR,ERR,ERR,ERR,ERR,ERR,ERR,ERR,ERR,ERR,ERR,ERR,ERR,ERR,ERR,ERR,ERR,ERR,ERR,ERR,ERR,ERR,ERR,ERR,ERR,ERR,ERR,ERR,ERR,ERR,ERR,ERR,ERR,ERR,-0.0,2.718431101732002e+23,-0.0,0.059,0.0,1.3936040501711995e+18,7.805,0.0,0,0,4,48930,6720,14723890282496.0,100,0.0,0.0,0.0,0.059,0.0,0,0,0,0,0.0,0,0,0,0,0,0,0,0,0,0,0,0,0,0,0,0,0,0,0,0,0,0,0,0,0,0,0,0,0,0,0,0,0,26,51,50,76,65476,0,300,0,0,8,21553,0.0,-107605600.0,0.0,0.0,0.0,0.0,0.0,0.0,0.0,0.0,0.0,0.0,0.0,0.0,0.0,0.0,0.0,0.0,0.0,0.0,0.0,0.0,0.0,-0.0,0.0,2.004,0.0,0.0,0.0,0.0,4761.0,-0.0,7284.0,-0.0,2.718431101732002e+23,-107615360.0,0.0,0.0,0.0,0.0,0.0,77,-0.0,89220.484,0.0,0.0,0.0,0.0,0.0,0.0,0.0,0,0,0,0.0,0.0,0.0,0.0,0.0,0.0,0.0,0.0,0.0,0.0,0.0,0.0,0.0,0.0,0.0,0.0,0,-107875648.0,77,0.0,154,0.0,-0.0,ERR,ERR,ERR,ERR,ERR,ERR,ERR,ERR,ERR,ERR,ERR,ERR,ERR,ERR,ERR,ERR,ERR,ERR,ERR,ERR,ERR,ERR,ERR,ERR,ERR,ERR,ERR,ERR,ERR,ERR,ERR,ERR,ERR,ERR,ERR,ERR,ERR,ERR,ERR,ERR,ERR,ERR,ERR,ERR,ERR,ERR,ERR,ERR,ERR,ERR,ERR,ERR,ERR,ERR,ERR,ERR,ERR,ERR,ERR,ERR,ERR,ERR,ERR,ERR,ERR,ERR,ERR,34.0,80.0,35,0.0,0.0,0.0,0.0,0.0,0.0,0.0,0.0,0.0,0.0,0.0,0.0,0.0,0.0,0.0,0.0,66.4,0,120,58,54,65476,0,300,0,0,8,20529,65476,0,0,57672,80.0,0.0,0.0,0.0,0.0,0.0
2026-06-18T02:23:52,ERR,ERR,ERR,ERR,ERR,ERR,ERR,ERR,ERR,ERR,ERR,ERR,ERR,ERR,ERR,ERR,ERR,ERR,ERR,ERR,ERR,ERR,ERR,ERR,ERR,ERR,ERR,ERR,ERR,ERR,ERR,ERR,ERR,ERR,ERR,ERR,ERR,ERR,ERR,ERR,ERR,ERR,ERR,ERR,ERR,ERR,ERR,ERR,ERR,ERR,ERR,ERR,ERR,ERR,ERR,ERR,ERR,ERR,ERR,ERR,ERR,ERR,ERR,ERR,ERR,ERR,ERR,ERR,ERR,ERR,ERR,ERR,ERR,ERR,ERR,ERR,ERR,ERR,ERR,ERR,ERR,ERR,ERR,ERR,ERR,ERR,ERR,ERR,ERR,ERR,ERR,ERR,ERR,ERR,ERR,ERR,ERR,ERR,ERR,ERR,ERR,ERR,ERR,ERR,ERR,ERR,ERR,ERR,ERR,ERR,ERR,ERR,ERR,ERR,ERR,ERR,ERR,ERR,ERR,ERR,ERR,ERR,ERR,ERR,ERR,-0.0,2.718431101732002e+23,-0.0,0.059,0.0,1.3936040501711995e+18,7.805,0.0,0,0,4,48930,6720,14723890282496.0,100,0.0,0.0,0.0,0.059,0.0,0,0,0,0,0.0,0,0,0,0,0,0,0,0,0,0,0,0,0,0,0,0,0,0,0,0,0,0,0,0,0,0,0,0,0,0,0,0,0,26,51,50,76,65476,0,300,0,0,8,21553,0.0,-107605600.0,0.0,0.0,0.0,0.0,0.0,0.0,0.0,0.0,0.0,0.0,0.0,0.0,0.0,0.0,0.0,0.0,0.0,0.0,0.0,0.0,0.0,-0.0,0.0,2.004,0.0,0.0,0.0,0.0,4761.0,-0.0,7284.0,-0.0,2.718431101732002e+23,-107615360.0,0.0,0.0,0.0,0.0,0.0,77,-0.0,89220.484,0.0,0.0,0.0,0.0,0.0,0.0,0.0,0,0,0,0.0,0.0,0.0,0.0,0.0,0.0,0.0,0.0,0.0,0.0,0.0,0.0,0.0,0.0,0.0,0.0,0,-107875648.0,77,0.0,154,0.0,-0.0,ERR,ERR,ERR,ERR,ERR,ERR,ERR,ERR,ERR,ERR,ERR,ERR,ERR,ERR,ERR,ERR,ERR,ERR,ERR,ERR,ERR,ERR,ERR,ERR,ERR,ERR,ERR,ERR,ERR,ERR,ERR,ERR,ERR,ERR,ERR,ERR,ERR,ERR,ERR,ERR,ERR,ERR,ERR,ERR,ERR,ERR,ERR,ERR,ERR,ERR,ERR,ERR,ERR,ERR,ERR,ERR,ERR,ERR,ERR,ERR,ERR,ERR,ERR,ERR,ERR,ERR,ERR,34.0,80.0,35,0.0,0.0,0.0,0.0,0.0,0.0,0.0,0.0,0.0,0.0,0.0,0.0,0.0,0.0,0.0,0.0,66.4,0,120,58,54,65476,0,300,0,0,8,20529,65476,0,0,57672,80.0,0.0,0.0,0.0,0.0,0.0
2026-06-18T02:23:53,ERR,ERR,ERR,ERR,ERR,ERR,ERR,ERR,ERR,ERR,ERR,ERR,ERR,ERR,ERR,ERR,ERR,ERR,ERR,ERR,ERR,ERR,ERR,ERR,ERR,ERR,ERR,ERR,ERR,ERR,ERR,ERR,ERR,ERR,ERR,ERR,ERR,ERR,ERR,ERR,ERR,ERR,ERR,ERR,ERR,ERR,ERR,ERR,ERR,ERR,ERR,ERR,ERR,ERR,ERR,ERR,ERR,ERR,ERR,ERR,ERR,ERR,ERR,ERR,ERR,ERR,ERR,ERR,ERR,ERR,ERR,ERR,ERR,ERR,ERR,ERR,ERR,ERR,ERR,ERR,ERR,ERR,ERR,ERR,ERR,ERR,ERR,ERR,ERR,ERR,ERR,ERR,ERR,ERR,ERR,ERR,ERR,ERR,ERR,ERR,ERR,ERR,ERR,ERR,ERR,ERR,ERR,ERR,ERR,ERR,ERR,ERR,ERR,ERR,ERR,ERR,ERR,ERR,ERR,ERR,ERR,ERR,ERR,ERR,ERR,-0.0,2.718431101732002e+23,-0.0,0.059,0.0,1.3936040501711995e+18,7.805,0.0,0,0,4,48930,6720,14723890282496.0,100,0.0,0.0,0.0,0.059,0.0,0,0,0,0,0.0,0,0,0,0,0,0,0,0,0,0,0,0,0,0,0,0,0,0,0,0,0,0,0,0,0,0,0,0,0,0,0,0,0,26,51,50,76,65476,0,300,0,0,8,21553,0.0,-107605600.0,0.0,0.0,0.0,0.0,0.0,0.0,0.0,0.0,0.0,0.0,0.0,0.0,0.0,0.0,0.0,0.0,0.0,0.0,0.0,0.0,0.0,-0.0,0.0,2.004,0.0,0.0,0.0,0.0,4761.0,-0.0,7284.0,-0.0,2.718431101732002e+23,-107615360.0,0.0,0.0,0.0,0.0,0.0,77,-0.0,89220.484,0.0,0.0,0.0,0.0,0.0,0.0,0.0,0,0,0,0.0,0.0,0.0,0.0,0.0,0.0,0.0,0.0,0.0,0.0,0.0,0.0,0.0,0.0,0.0,0.0,0,-107875648.0,77,0.0,154,0.0,-0.0,ERR,ERR,ERR,ERR,ERR,ERR,ERR,ERR,ERR,ERR,ERR,ERR,ERR,ERR,ERR,ERR,ERR,ERR,ERR,ERR,ERR,ERR,ERR,ERR,ERR,ERR,ERR,ERR,ERR,ERR,ERR,ERR,ERR,ERR,ERR,ERR,ERR,ERR,ERR,ERR,ERR,ERR,ERR,ERR,ERR,ERR,ERR,ERR,ERR,ERR,ERR,ERR,ERR,ERR,ERR,ERR,ERR,ERR,ERR,ERR,ERR,ERR,ERR,ERR,ERR,ERR,ERR,34.0,80.0,35,0.0,0.0,0.0,0.0,0.0,0.0,0.0,0.0,0.0,0.0,0.0,0.0,0.0,0.0,0.0,0.0,66.4,0,120,58,54,65476,0,300,0,0,8,20529,65476,0,0,57672,80.0,0.0,0.0,0.0,0.0,0.0
2026-06-18T02:23:54,ERR,ERR,ERR,ERR,ERR,ERR,ERR,ERR,ERR,ERR,ERR,ERR,ERR,ERR,ERR,ERR,ERR,ERR,ERR,ERR,ERR,ERR,ERR,ERR,ERR,ERR,ERR,ERR,ERR,ERR,ERR,ERR,ERR,ERR,ERR,ERR,ERR,ERR,ERR,ERR,ERR,ERR,ERR,ERR,ERR,ERR,ERR,ERR,ERR,ERR,ERR,ERR,ERR,ERR,ERR,ERR,ERR,ERR,ERR,ERR,ERR,ERR,ERR,ERR,ERR,ERR,ERR,ERR,ERR,ERR,ERR,ERR,ERR,ERR,ERR,ERR,ERR,ERR,ERR,ERR,ERR,ERR,ERR,ERR,ERR,ERR,ERR,ERR,ERR,ERR,ERR,ERR,ERR,ERR,ERR,ERR,ERR,ERR,ERR,ERR,ERR,ERR,ERR,ERR,ERR,ERR,ERR,ERR,ERR,ERR,ERR,ERR,ERR,ERR,ERR,ERR,ERR,ERR,ERR,ERR,ERR,ERR,ERR,ERR,ERR,-0.0,2.718431101732002e+23,-0.0,0.059,0.0,1.3936040501711995e+18,7.805,0.0,0,0,4,48930,6720,14723890282496.0,100,0.0,0.0,0.0,0.059,0.0,0,0,0,0,0.0,0,0,0,0,0,0,0,0,0,0,0,0,0,0,0,0,0,0,0,0,0,0,0,0,0,0,0,0,0,0,0,0,0,26,51,50,76,65476,0,300,0,0,8,21553,0.0,-107605600.0,0.0,0.0,0.0,0.0,0.0,0.0,0.0,0.0,0.0,0.0,0.0,0.0,0.0,0.0,0.0,0.0,0.0,0.0,0.0,0.0,0.0,-0.0,0.0,2.004,0.0,0.0,0.0,0.0,4761.0,-0.0,7284.0,-0.0,2.718431101732002e+23,-107615360.0,0.0,0.0,0.0,0.0,0.0,77,-0.0,89220.484,0.0,0.0,0.0,0.0,0.0,0.0,0.0,0,0,0,0.0,0.0,0.0,0.0,0.0,0.0,0.0,0.0,0.0,0.0,0.0,0.0,0.0,0.0,0.0,0.0,0,-107875648.0,77,0.0,154,0.0,-0.0,ERR,ERR,ERR,ERR,ERR,ERR,ERR,ERR,ERR,ERR,ERR,ERR,ERR,ERR,ERR,ERR,ERR,ERR,ERR,ERR,ERR,ERR,ERR,ERR,ERR,ERR,ERR,ERR,ERR,ERR,ERR,ERR,ERR,ERR,ERR,ERR,ERR,ERR,ERR,ERR,ERR,ERR,ERR,ERR,ERR,ERR,ERR,ERR,ERR,ERR,ERR,ERR,ERR,ERR,ERR,ERR,ERR,ERR,ERR,ERR,ERR,ERR,ERR,ERR,ERR,ERR,ERR,34.0,80.0,35,0.0,0.0,0.0,0.0,0.0,0.0,0.0,0.0,0.0,0.0,0.0,0.0,0.0,0.0,0.0,0.0,66.0,0,120,58,54,65476,0,300,0,0,8,20529,65476,0,0,57672,80.0,0.0,0.0,0.0,0.0,0.0
2026-06-18T02:23:55,ERR,ERR,ERR,ERR,ERR,ERR,ERR,ERR,ERR,ERR,ERR,ERR,ERR,ERR,ERR,ERR,ERR,ERR,ERR,ERR,ERR,ERR,ERR,ERR,ERR,ERR,ERR,ERR,ERR,ERR,ERR,ERR,ERR,ERR,ERR,ERR,ERR,ERR,ERR,ERR,ERR,ERR,ERR,ERR,ERR,ERR,ERR,ERR,ERR,ERR,ERR,ERR,ERR,ERR,ERR,ERR,ERR,ERR,ERR,ERR,ERR,ERR,ERR,ERR,ERR,ERR,ERR,ERR,ERR,ERR,ERR,ERR,ERR,ERR,ERR,ERR,ERR,ERR,ERR,ERR,ERR,ERR,ERR,ERR,ERR,ERR,ERR,ERR,ERR,ERR,ERR,ERR,ERR,ERR,ERR,ERR,ERR,ERR,ERR,ERR,ERR,ERR,ERR,ERR,ERR,ERR,ERR,ERR,ERR,ERR,ERR,ERR,ERR,ERR,ERR,ERR,ERR,ERR,ERR,ERR,ERR,ERR,ERR,ERR,ERR,-0.0,2.718431101732002e+23,-0.0,0.059,0.0,1.3936040501711995e+18,7.805,0.0,0,0,4,48930,6720,14723890282496.0,100,0.0,0.0,0.0,0.059,0.0,0,0,0,0,0.0,0,0,0,0,0,0,0,0,0,0,0,0,0,0,0,0,0,0,0,0,0,0,0,0,0,0,0,0,0,0,0,0,0,26,51,50,76,65476,0,300,0,0,8,21553,0.0,-107605600.0,0.0,0.0,0.0,0.0,0.0,0.0,0.0,0.0,0.0,0.0,0.0,0.0,0.0,0.0,0.0,0.0,0.0,0.0,0.0,0.0,0.0,-0.0,0.0,2.004,0.0,0.0,0.0,0.0,4761.0,-0.0,7284.0,-0.0,2.718431101732002e+23,-107615360.0,0.0,0.0,0.0,0.0,0.0,77,-0.0,89220.484,0.0,0.0,0.0,0.0,0.0,0.0,0.0,0,0,0,0.0,0.0,0.0,0.0,0.0,0.0,0.0,0.0,0.0,0.0,0.0,0.0,0.0,0.0,0.0,0.0,0,-107875648.0,77,0.0,154,0.0,-0.0,ERR,ERR,ERR,ERR,ERR,ERR,ERR,ERR,ERR,ERR,ERR,ERR,ERR,ERR,ERR,ERR,ERR,ERR,ERR,ERR,ERR,ERR,ERR,ERR,ERR,ERR,ERR,ERR,ERR,ERR,ERR,ERR,ERR,ERR,ERR,ERR,ERR,ERR,ERR,ERR,ERR,ERR,ERR,ERR,ERR,ERR,ERR,ERR,ERR,ERR,ERR,ERR,ERR,ERR,ERR,ERR,ERR,ERR,ERR,ERR,ERR,ERR,ERR,ERR,ERR,ERR,ERR,34.0,80.0,35,0.0,0.0,0.0,0.0,0.0,0.0,0.0,0.0,0.0,0.0,0.0,0.0,0.0,0.0,0.0,0.0,66.0,0,120,58,54,65476,0,300,0,0,8,20529,65476,0,0,57672,80.0,0.0,0.0,0.0,0.0,0.0
2026-06-18T02:23:56,ERR,ERR,ERR,ERR,ERR,ERR,ERR,ERR,ERR,ERR,ERR,ERR,ERR,ERR,ERR,ERR,ERR,ERR,ERR,ERR,ERR,ERR,ERR,ERR,ERR,ERR,ERR,ERR,ERR,ERR,ERR,ERR,ERR,ERR,ERR,ERR,ERR,ERR,ERR,ERR,ERR,ERR,ERR,ERR,ERR,ERR,ERR,ERR,ERR,ERR,ERR,ERR,ERR,ERR,ERR,ERR,ERR,ERR,ERR,ERR,ERR,ERR,ERR,ERR,ERR,ERR,ERR,ERR,ERR,ERR,ERR,ERR,ERR,ERR,ERR,ERR,ERR,ERR,ERR,ERR,ERR,ERR,ERR,ERR,ERR,ERR,ERR,ERR,ERR,ERR,ERR,ERR,ERR,ERR,ERR,ERR,ERR,ERR,ERR,ERR,ERR,ERR,ERR,ERR,ERR,ERR,ERR,ERR,ERR,ERR,ERR,ERR,ERR,ERR,ERR,ERR,ERR,ERR,ERR,ERR,ERR,ERR,ERR,ERR,ERR,-0.0,2.718431101732002e+23,-0.0,-0.0,0.0,1.3936040501711995e+18,7.805,2.3822341049942016e+16,0,0,4,48933,6720,14723890282496.0,100,0.0,0.0,0.0,-0.0,0.0,0,0,0,0,0.0,0,0,0,0,0,0,0,0,0,0,0,0,0,0,0,0,0,0,0,0,0,0,0,0,0,0,0,0,0,0,0,0,0,26,51,50,76,65476,0,300,0,0,8,21553,0.0,-107605600.0,0.0,0.0,0.0,0.0,0.0,0.0,0.0,0.0,0.0,0.0,0.0,0.0,0.0,0.0,0.0,0.0,0.0,0.0,0.0,0.0,0.0,-0.0,0.0,2.004,0.0,0.0,0.0,0.0,4762.0,-0.0,7284.0,-0.0,2.718431101732002e+23,-107615360.0,0.0,0.0,0.0,0.0,0.0,77,-0.0,0.059,0.0,0.0,0.0,0.0,0.0,0.0,0.0,0,0,0,0.0,0.0,0.0,0.0,0.0,0.0,0.0,0.0,0.0,0.0,0.0,0.0,0.0,0.0,0.0,0.0,0,-107875648.0,77,0.0,154,0.0,-0.0,ERR,ERR,ERR,ERR,ERR,ERR,ERR,ERR,ERR,ERR,ERR,ERR,ERR,ERR,ERR,ERR,ERR,ERR,ERR,ERR,ERR,ERR,ERR,ERR,ERR,ERR,ERR,ERR,ERR,ERR,ERR,ERR,ERR,ERR,ERR,ERR,ERR,ERR,ERR,ERR,ERR,ERR,ERR,ERR,ERR,ERR,ERR,ERR,ERR,ERR,ERR,ERR,ERR,ERR,ERR,ERR,ERR,ERR,ERR,ERR,ERR,ERR,ERR,ERR,ERR,ERR,ERR,34.0,80.0,35,0.0,0.0,0.0,0.0,0.0,0.0,0.0,0.0,0.0,0.0,0.0,0.0,0.0,0.0,0.0,0.0,66.0,0,120,58,54,65476,0,300,0,0,8,20529,65476,0,0,57672,80.0,0.0,0.0,0.0,0.0,0.0
2026-06-18T02:23:57,ERR,ERR,ERR,ERR,ERR,ERR,ERR,ERR,ERR,ERR,ERR,ERR,ERR,ERR,ERR,ERR,ERR,ERR,ERR,ERR,ERR,ERR,ERR,ERR,ERR,ERR,ERR,ERR,ERR,ERR,ERR,ERR,ERR,ERR,ERR,ERR,ERR,ERR,ERR,ERR,ERR,ERR,ERR,ERR,ERR,ERR,ERR,ERR,ERR,ERR,ERR,ERR,ERR,ERR,ERR,ERR,ERR,ERR,ERR,ERR,ERR,ERR,ERR,ERR,ERR,ERR,ERR,ERR,ERR,ERR,ERR,ERR,ERR,ERR,ERR,ERR,ERR,ERR,ERR,ERR,ERR,ERR,ERR,ERR,ERR,ERR,ERR,ERR,ERR,ERR,ERR,ERR,ERR,ERR,ERR,ERR,ERR,ERR,ERR,ERR,ERR,ERR,ERR,ERR,ERR,ERR,ERR,ERR,ERR,ERR,ERR,ERR,ERR,ERR,ERR,ERR,ERR,ERR,ERR,ERR,ERR,ERR,ERR,ERR,ERR,-0.0,2.718431101732002e+23,-0.0,-0.0,0.0,1.3936040501711995e+18,7.805,2.3822341049942016e+16,0,0,4,48933,6720,14723890282496.0,100,0.0,0.0,0.0,-0.0,0.0,0,0,0,0,0.0,0,0,0,0,0,0,0,0,0,0,0,0,0,0,0,0,0,0,0,0,0,0,0,0,0,0,0,0,0,0,0,0,0,26,51,50,76,65476,0,300,0,0,8,21553,0.0,-107605600.0,0.0,0.0,0.0,0.0,0.0,0.0,0.0,0.0,0.0,0.0,0.0,0.0,0.0,0.0,0.0,0.0,0.0,0.0,0.0,0.0,0.0,-0.0,0.0,2.004,0.0,0.0,0.0,0.0,4762.0,-0.0,7284.0,-0.0,2.718431101732002e+23,-107615360.0,0.0,0.0,0.0,0.0,0.0,77,-0.0,0.059,0.0,0.0,0.0,0.0,0.0,0.0,0.0,0,0,0,0.0,0.0,0.0,0.0,0.0,0.0,0.0,0.0,0.0,0.0,0.0,0.0,0.0,0.0,0.0,0.0,0,-107875648.0,77,0.0,154,0.0,-0.0,ERR,ERR,ERR,ERR,ERR,ERR,ERR,ERR,ERR,ERR,ERR,ERR,ERR,ERR,ERR,ERR,ERR,ERR,ERR,ERR,ERR,ERR,ERR,ERR,ERR,ERR,ERR,ERR,ERR,ERR,ERR,ERR,ERR,ERR,ERR,ERR,ERR,ERR,ERR,ERR,ERR,ERR,ERR,ERR,ERR,ERR,ERR,ERR,ERR,ERR,ERR,ERR,ERR,ERR,ERR,ERR,ERR,ERR,ERR,ERR,ERR,ERR,ERR,ERR,ERR,ERR,ERR,34.0,80.0,35,0.0,0.0,0.0,0.0,0.0,0.0,0.0,0.0,0.0,0.0,0.0,0.0,0.0,0.0,0.0,0.0,66.0,0,120,58,54,65476,0,300,0,0,8,20529,65476,0,0,57672,80.0,0.0,0.0,0.0,0.0,0.0
2026-06-18T02:23:58,ERR,ERR,ERR,ERR,ERR,ERR,ERR,ERR,ERR,ERR,ERR,ERR,ERR,ERR,ERR,ERR,ERR,ERR,ERR,ERR,ERR,ERR,ERR,ERR,ERR,ERR,ERR,ERR,ERR,ERR,ERR,ERR,ERR,ERR,ERR,ERR,ERR,ERR,ERR,ERR,ERR,ERR,ERR,ERR,ERR,ERR,ERR,ERR,ERR,ERR,ERR,ERR,ERR,ERR,ERR,ERR,ERR,ERR,ERR,ERR,ERR,ERR,ERR,ERR,ERR,ERR,ERR,ERR,ERR,ERR,ERR,ERR,ERR,ERR,ERR,ERR,ERR,ERR,ERR,ERR,ERR,ERR,ERR,ERR,ERR,ERR,ERR,ERR,ERR,ERR,ERR,ERR,ERR,ERR,ERR,ERR,ERR,ERR,ERR,ERR,ERR,ERR,ERR,ERR,ERR,ERR,ERR,ERR,ERR,ERR,ERR,ERR,ERR,ERR,ERR,ERR,ERR,ERR,ERR,ERR,ERR,ERR,ERR,ERR,ERR,-0.0,2.718431101732002e+23,-0.0,-0.0,0.0,1.3936040501711995e+18,7.805,2.3822341049942016e+16,0,0,4,48933,6720,14723890282496.0,100,0.0,0.0,0.0,-0.0,0.0,0,0,0,0,0.0,0,0,0,0,0,0,0,0,0,0,0,0,0,0,0,0,0,0,0,0,0,0,0,0,0,0,0,0,0,0,0,0,0,26,51,50,76,65476,0,300,0,0,8,21553,0.0,-107605600.0,0.0,0.0,0.0,0.0,0.0,0.0,0.0,0.0,0.0,0.0,0.0,0.0,0.0,0.0,0.0,0.0,0.0,0.0,0.0,0.0,0.0,-0.0,0.0,2.004,0.0,0.0,0.0,0.0,4762.0,-0.0,7284.0,-0.0,2.718431101732002e+23,-107615360.0,0.0,0.0,0.0,0.0,0.0,77,-0.0,0.059,0.0,0.0,0.0,0.0,0.0,0.0,0.0,0,0,0,0.0,0.0,0.0,0.0,0.0,0.0,0.0,0.0,0.0,0.0,0.0,0.0,0.0,0.0,0.0,0.0,0,-107875648.0,77,0.0,154,0.0,-0.0,ERR,ERR,ERR,ERR,ERR,ERR,ERR,ERR,ERR,ERR,ERR,ERR,ERR,ERR,ERR,ERR,ERR,ERR,ERR,ERR,ERR,ERR,ERR,ERR,ERR,ERR,ERR,ERR,ERR,ERR,ERR,ERR,ERR,ERR,ERR,ERR,ERR,ERR,ERR,ERR,ERR,ERR,ERR,ERR,ERR,ERR,ERR,ERR,ERR,ERR,ERR,ERR,ERR,ERR,ERR,ERR,ERR,ERR,ERR,ERR,ERR,ERR,ERR,ERR,ERR,ERR,ERR,34.0,80.0,35,0.0,0.0,0.0,0.0,0.0,0.0,0.0,0.0,0.0,0.0,0.0,0.0,0.0,0.0,0.0,0.0,66.0,0,120,58,54,65476,0,300,0,0,8,20529,65476,0,0,57672,80.0,0.0,0.0,0.0,0.0,0.0
2026-06-18T02:23:59,ERR,ERR,ERR,ERR,ERR,ERR,ERR,ERR,ERR,ERR,ERR,ERR,ERR,ERR,ERR,ERR,ERR,ERR,ERR,ERR,ERR,ERR,ERR,ERR,ERR,ERR,ERR,ERR,ERR,ERR,ERR,ERR,ERR,ERR,ERR,ERR,ERR,ERR,ERR,ERR,ERR,ERR,ERR,ERR,ERR,ERR,ERR,ERR,ERR,ERR,ERR,ERR,ERR,ERR,ERR,ERR,ERR,ERR,ERR,ERR,ERR,ERR,ERR,ERR,ERR,ERR,ERR,ERR,ERR,ERR,ERR,ERR,ERR,ERR,ERR,ERR,ERR,ERR,ERR,ERR,ERR,ERR,ERR,ERR,ERR,ERR,ERR,ERR,ERR,ERR,ERR,ERR,ERR,ERR,ERR,ERR,ERR,ERR,ERR,ERR,ERR,ERR,ERR,ERR,ERR,ERR,ERR,ERR,ERR,ERR,ERR,ERR,ERR,ERR,ERR,ERR,ERR,ERR,ERR,ERR,ERR,ERR,ERR,ERR,ERR,-0.0,2.718431101732002e+23,-0.0,-0.0,0.0,1.3936040501711995e+18,7.805,2.3822341049942016e+16,0,0,4,48933,6720,14723890282496.0,100,0.0,0.0,0.0,-0.0,0.0,0,0,0,0,0.0,0,0,0,0,0,0,0,0,0,0,0,0,0,0,0,0,0,0,0,0,0,0,0,0,0,0,0,0,0,0,0,0,0,26,51,50,76,65476,0,300,0,0,8,21553,0.0,-107605600.0,0.0,0.0,0.0,0.0,0.0,0.0,0.0,0.0,0.0,0.0,0.0,0.0,0.0,0.0,0.0,0.0,0.0,0.0,0.0,0.0,0.0,-0.0,0.0,2.004,0.0,0.0,0.0,0.0,4762.0,-0.0,7284.0,-0.0,2.718431101732002e+23,-107615360.0,0.0,0.0,0.0,0.0,0.0,77,-0.0,0.059,0.0,0.0,0.0,0.0,0.0,0.0,0.0,0,0,0,0.0,0.0,0.0,0.0,0.0,0.0,0.0,0.0,0.0,0.0,0.0,0.0,0.0,0.0,0.0,0.0,0,-107875648.0,77,0.0,154,0.0,-0.0,ERR,ERR,ERR,ERR,ERR,ERR,ERR,ERR,ERR,ERR,ERR,ERR,ERR,ERR,ERR,ERR,ERR,ERR,ERR,ERR,ERR,ERR,ERR,ERR,ERR,ERR,ERR,ERR,ERR,ERR,ERR,ERR,ERR,ERR,ERR,ERR,ERR,ERR,ERR,ERR,ERR,ERR,ERR,ERR,ERR,ERR,ERR,ERR,ERR,ERR,ERR,ERR,ERR,ERR,ERR,ERR,ERR,ERR,ERR,ERR,ERR,ERR,ERR,ERR,ERR,ERR,ERR,34.0,80.0,35,0.0,0.0,0.0,0.0,0.0,0.0,0.0,0.0,0.0,0.0,0.0,0.0,0.0,0.0,0.0,0.0,66.0,0,120,58,54,65476,0,300,0,0,8,20529,65476,0,0,57672,80.0,0.0,0.0,0.0,0.0,0.0
2026-06-18T02:24:00,ERR,ERR,ERR,ERR,ERR,ERR,ERR,ERR,ERR,ERR,ERR,ERR,ERR,ERR,ERR,ERR,ERR,ERR,ERR,ERR,ERR,ERR,ERR,ERR,ERR,ERR,ERR,ERR,ERR,ERR,ERR,ERR,ERR,ERR,ERR,ERR,ERR,ERR,ERR,ERR,ERR,ERR,ERR,ERR,ERR,ERR,ERR,ERR,ERR,ERR,ERR,ERR,ERR,ERR,ERR,ERR,ERR,ERR,ERR,ERR,ERR,ERR,ERR,ERR,ERR,ERR,ERR,ERR,ERR,ERR,ERR,ERR,ERR,ERR,ERR,ERR,ERR,ERR,ERR,ERR,ERR,ERR,ERR,ERR,ERR,ERR,ERR,ERR,ERR,ERR,ERR,ERR,ERR,ERR,ERR,ERR,ERR,ERR,ERR,ERR,ERR,ERR,ERR,ERR,ERR,ERR,ERR,ERR,ERR,ERR,ERR,ERR,ERR,ERR,ERR,ERR,ERR,ERR,ERR,ERR,ERR,ERR,ERR,ERR,ERR,-0.0,2.718431101732002e+23,-0.0,-0.0,0.0,1.3936040501711995e+18,7.805,2.3822341049942016e+16,0,0,4,48933,6720,14723890282496.0,100,0.0,0.0,0.0,-0.0,0.0,0,0,0,0,0.0,0,0,0,0,0,0,0,0,0,0,0,0,0,0,0,0,0,0,0,0,0,0,0,0,0,0,0,0,0,0,0,0,0,26,51,50,76,65476,0,300,0,0,8,21553,0.0,-107605600.0,0.0,0.0,0.0,0.0,0.0,0.0,0.0,0.0,0.0,0.0,0.0,0.0,0.0,0.0,0.0,0.0,0.0,0.0,0.0,0.0,0.0,-0.0,0.0,2.004,0.0,0.0,0.0,0.0,4762.0,-0.0,7284.0,-0.0,2.718431101732002e+23,-107615360.0,0.0,0.0,0.0,0.0,0.0,77,-0.0,0.059,0.0,0.0,0.0,0.0,0.0,0.0,0.0,0,0,0,0.0,0.0,0.0,0.0,0.0,0.0,0.0,0.0,0.0,0.0,0.0,0.0,0.0,0.0,0.0,0.0,0,-107875648.0,77,0.0,154,0.0,-0.0,ERR,ERR,ERR,ERR,ERR,ERR,ERR,ERR,ERR,ERR,ERR,ERR,ERR,ERR,ERR,ERR,ERR,ERR,ERR,ERR,ERR,ERR,ERR,ERR,ERR,ERR,ERR,ERR,ERR,ERR,ERR,ERR,ERR,ERR,ERR,ERR,ERR,ERR,ERR,ERR,ERR,ERR,ERR,ERR,ERR,ERR,ERR,ERR,ERR,ERR,ERR,ERR,ERR,ERR,ERR,ERR,ERR,ERR,ERR,ERR,ERR,ERR,ERR,ERR,ERR,ERR,ERR,34.0,80.0,35,0.0,0.0,0.0,0.0,0.0,0.0,0.0,0.0,0.0,0.0,0.0,0.0,0.0,0.0,0.0,0.0,66.0,0,120,58,54,65476,0,300,0,0,8,20529,65476,0,0,57672,80.0,0.0,0.0,0.0,0.0,0.0
2026-06-18T02:24:01,ERR,ERR,ERR,ERR,ERR,ERR,ERR,ERR,ERR,ERR,ERR,ERR,ERR,ERR,ERR,ERR,ERR,ERR,ERR,ERR,ERR,ERR,ERR,ERR,ERR,ERR,ERR,ERR,ERR,ERR,ERR,ERR,ERR,ERR,ERR,ERR,ERR,ERR,ERR,ERR,ERR,ERR,ERR,ERR,ERR,ERR,ERR,ERR,ERR,ERR,ERR,ERR,ERR,ERR,ERR,ERR,ERR,ERR,ERR,ERR,ERR,ERR,ERR,ERR,ERR,ERR,ERR,ERR,ERR,ERR,ERR,ERR,ERR,ERR,ERR,ERR,ERR,ERR,ERR,ERR,ERR,ERR,ERR,ERR,ERR,ERR,ERR,ERR,ERR,ERR,ERR,ERR,ERR,ERR,ERR,ERR,ERR,ERR,ERR,ERR,ERR,ERR,ERR,ERR,ERR,ERR,ERR,ERR,ERR,ERR,ERR,ERR,ERR,ERR,ERR,ERR,ERR,ERR,ERR,ERR,ERR,ERR,ERR,ERR,ERR,-0.0,2.718431101732002e+23,-0.0,0.059,0.0,1.3936040501711995e+18,7.805,0.0,0,0,4,48924,6720,14723890282496.0,100,0.0,0.0,0.0,0.059,0.0,0,0,0,0,0.0,0,0,0,0,0,0,0,0,0,0,0,0,0,0,0,0,0,0,0,0,0,0,0,0,0,0,0,0,0,0,0,0,0,26,51,50,76,65476,0,300,0,0,8,21553,0.0,-107605600.0,0.0,0.0,0.0,0.0,0.0,0.0,0.0,0.0,0.0,0.0,0.0,0.0,0.0,0.0,0.0,0.0,0.0,0.0,0.0,0.0,0.0,-0.0,0.0,2.004,0.0,0.0,0.0,0.0,4761.0,-1.5879278419570017e+29,7294.0,-0.0,2.718431101732002e+23,-107615360.0,0.0,0.0,0.0,0.0,0.0,77,-0.0,-0.0,0.0,0.0,0.0,0.0,0.0,0.0,0.0,0,0,0,0.0,0.0,0.0,0.0,0.0,0.0,0.0,0.0,0.0,0.0,0.0,0.0,0.0,0.0,0.0,0.0,0,-107875648.0,77,0.0,154,0.0,-0.0,ERR,ERR,ERR,ERR,ERR,ERR,ERR,ERR,ERR,ERR,ERR,ERR,ERR,ERR,ERR,ERR,ERR,ERR,ERR,ERR,ERR,ERR,ERR,ERR,ERR,ERR,ERR,ERR,ERR,ERR,ERR,ERR,ERR,ERR,ERR,ERR,ERR,ERR,ERR,ERR,ERR,ERR,ERR,ERR,ERR,ERR,ERR,ERR,ERR,ERR,ERR,ERR,ERR,ERR,ERR,ERR,ERR,ERR,ERR,ERR,ERR,ERR,ERR,ERR,ERR,ERR,ERR,34.0,80.0,35,0.0,0.0,0.0,0.0,0.0,0.0,0.0,0.0,0.0,0.0,0.0,0.0,0.0,0.0,0.0,0.0,66.0,0,120,58,54,65476,0,300,0,0,8,20529,65476,0,0,57672,80.0,0.0,0.0,0.0,0.0,0.0
2026-06-18T02:24:02,ERR,ERR,ERR,ERR,ERR,ERR,ERR,ERR,ERR,ERR,ERR,ERR,ERR,ERR,ERR,ERR,ERR,ERR,ERR,ERR,ERR,ERR,ERR,ERR,ERR,ERR,ERR,ERR,ERR,ERR,ERR,ERR,ERR,ERR,ERR,ERR,ERR,ERR,ERR,ERR,ERR,ERR,ERR,ERR,ERR,ERR,ERR,ERR,ERR,ERR,ERR,ERR,ERR,ERR,ERR,ERR,ERR,ERR,ERR,ERR,ERR,ERR,ERR,ERR,ERR,ERR,ERR,ERR,ERR,ERR,ERR,ERR,ERR,ERR,ERR,ERR,ERR,ERR,ERR,ERR,ERR,ERR,ERR,ERR,ERR,ERR,ERR,ERR,ERR,ERR,ERR,ERR,ERR,ERR,ERR,ERR,ERR,ERR,ERR,ERR,ERR,ERR,ERR,ERR,ERR,ERR,ERR,ERR,ERR,ERR,ERR,ERR,ERR,ERR,ERR,ERR,ERR,ERR,ERR,ERR,ERR,ERR,ERR,ERR,ERR,-0.0,2.718431101732002e+23,-0.0,0.059,0.0,1.3936040501711995e+18,7.805,0.0,0,0,4,48924,6720,14723890282496.0,100,0.0,0.0,0.0,0.059,0.0,0,0,0,0,0.0,0,0,0,0,0,0,0,0,0,0,0,0,0,0,0,0,0,0,0,0,0,0,0,0,0,0,0,0,0,0,0,0,0,26,51,50,76,65476,0,300,0,0,8,21553,0.0,-107605600.0,0.0,0.0,0.0,0.0,0.0,0.0,0.0,0.0,0.0,0.0,0.0,0.0,0.0,0.0,0.0,0.0,0.0,0.0,0.0,0.0,0.0,-0.0,0.0,2.004,0.0,0.0,0.0,0.0,4761.0,-1.5879278419570017e+29,7294.0,-0.0,2.718431101732002e+23,-107615360.0,0.0,0.0,0.0,0.0,0.0,77,-0.0,-0.0,0.0,0.0,0.0,0.0,0.0,0.0,0.0,0,0,0,0.0,0.0,0.0,0.0,0.0,0.0,0.0,0.0,0.0,0.0,0.0,0.0,0.0,0.0,0.0,0.0,0,-107875648.0,77,0.0,154,0.0,-0.0,ERR,ERR,ERR,ERR,ERR,ERR,ERR,ERR,ERR,ERR,ERR,ERR,ERR,ERR,ERR,ERR,ERR,ERR,ERR,ERR,ERR,ERR,ERR,ERR,ERR,ERR,ERR,ERR,ERR,ERR,ERR,ERR,ERR,ERR,ERR,ERR,ERR,ERR,ERR,ERR,ERR,ERR,ERR,ERR,ERR,ERR,ERR,ERR,ERR,ERR,ERR,ERR,ERR,ERR,ERR,ERR,ERR,ERR,ERR,ERR,ERR,ERR,ERR,ERR,ERR,ERR,ERR,34.0,80.0,35,0.0,0.0,0.0,0.0,0.0,0.0,0.0,0.0,0.0,0.0,0.0,0.0,0.0,0.0,0.0,0.0,66.0,0,120,58,54,65476,0,300,0,0,8,20529,65476,0,0,57672,80.0,0.0,0.0,0.0,0.0,0.0
2026-06-18T02:24:03,ERR,ERR,ERR,ERR,ERR,ERR,ERR,ERR,ERR,ERR,ERR,ERR,ERR,ERR,ERR,ERR,ERR,ERR,ERR,ERR,ERR,ERR,ERR,ERR,ERR,ERR,ERR,ERR,ERR,ERR,ERR,ERR,ERR,ERR,ERR,ERR,ERR,ERR,ERR,ERR,ERR,ERR,ERR,ERR,ERR,ERR,ERR,ERR,ERR,ERR,ERR,ERR,ERR,ERR,ERR,ERR,ERR,ERR,ERR,ERR,ERR,ERR,ERR,ERR,ERR,ERR,ERR,ERR,ERR,ERR,ERR,ERR,ERR,ERR,ERR,ERR,ERR,ERR,ERR,ERR,ERR,ERR,ERR,ERR,ERR,ERR,ERR,ERR,ERR,ERR,ERR,ERR,ERR,ERR,ERR,ERR,ERR,ERR,ERR,ERR,ERR,ERR,ERR,ERR,ERR,ERR,ERR,ERR,ERR,ERR,ERR,ERR,ERR,ERR,ERR,ERR,ERR,ERR,ERR,ERR,ERR,ERR,ERR,ERR,ERR,-0.0,2.718431101732002e+23,-0.0,0.059,0.0,1.3936040501711995e+18,7.805,0.0,0,0,4,48924,6720,14723890282496.0,100,0.0,0.0,0.0,0.059,0.0,0,0,0,0,0.0,0,0,0,0,0,0,0,0,0,0,0,0,0,0,0,0,0,0,0,0,0,0,0,0,0,0,0,0,0,0,0,0,0,26,51,50,76,65476,0,300,0,0,8,21553,0.0,-107605600.0,0.0,0.0,0.0,0.0,0.0,0.0,0.0,0.0,0.0,0.0,0.0,0.0,0.0,0.0,0.0,0.0,0.0,0.0,0.0,0.0,0.0,-0.0,0.0,2.004,0.0,0.0,0.0,0.0,4761.0,-1.5879278419570017e+29,7294.0,-0.0,2.718431101732002e+23,-107615360.0,0.0,0.0,0.0,0.0,0.0,77,-0.0,-0.0,0.0,0.0,0.0,0.0,0.0,0.0,0.0,0,0,0,0.0,0.0,0.0,0.0,0.0,0.0,0.0,0.0,0.0,0.0,0.0,0.0,0.0,0.0,0.0,0.0,0,-107875648.0,77,0.0,154,0.0,-0.0,ERR,ERR,ERR,ERR,ERR,ERR,ERR,ERR,ERR,ERR,ERR,ERR,ERR,ERR,ERR,ERR,ERR,ERR,ERR,ERR,ERR,ERR,ERR,ERR,ERR,ERR,ERR,ERR,ERR,ERR,ERR,ERR,ERR,ERR,ERR,ERR,ERR,ERR,ERR,ERR,ERR,ERR,ERR,ERR,ERR,ERR,ERR,ERR,ERR,ERR,ERR,ERR,ERR,ERR,ERR,ERR,ERR,ERR,ERR,ERR,ERR,ERR,ERR,ERR,ERR,ERR,ERR,34.0,80.0,35,0.0,0.0,0.0,0.0,0.0,0.0,0.0,0.0,0.0,0.0,0.0,0.0,0.0,0.0,0.0,0.0,66.4,0,120,58,54,65476,0,300,0,0,8,20529,65476,0,0,57672,80.0,0.0,0.0,0.0,0.0,0.0
2026-06-18T02:24:04,ERR,ERR,ERR,ERR,ERR,ERR,ERR,ERR,ERR,ERR,ERR,ERR,ERR,ERR,ERR,ERR,ERR,ERR,ERR,ERR,ERR,ERR,ERR,ERR,ERR,ERR,ERR,ERR,ERR,ERR,ERR,ERR,ERR,ERR,ERR,ERR,ERR,ERR,ERR,ERR,ERR,ERR,ERR,ERR,ERR,ERR,ERR,ERR,ERR,ERR,ERR,ERR,ERR,ERR,ERR,ERR,ERR,ERR,ERR,ERR,ERR,ERR,ERR,ERR,ERR,ERR,ERR,ERR,ERR,ERR,ERR,ERR,ERR,ERR,ERR,ERR,ERR,ERR,ERR,ERR,ERR,ERR,ERR,ERR,ERR,ERR,ERR,ERR,ERR,ERR,ERR,ERR,ERR,ERR,ERR,ERR,ERR,ERR,ERR,ERR,ERR,ERR,ERR,ERR,ERR,ERR,ERR,ERR,ERR,ERR,ERR,ERR,ERR,ERR,ERR,ERR,ERR,ERR,ERR,ERR,ERR,ERR,ERR,ERR,ERR,-0.0,2.718431101732002e+23,-0.0,0.059,0.0,1.3936040501711995e+18,7.805,0.0,0,0,4,48924,6720,14723890282496.0,100,0.0,0.0,0.0,0.059,0.0,0,0,0,0,0.0,0,0,0,0,0,0,0,0,0,0,0,0,0,0,0,0,0,0,0,0,0,0,0,0,0,0,0,0,0,0,0,0,0,26,51,50,76,65476,0,300,0,0,8,21553,0.0,-107605600.0,0.0,0.0,0.0,0.0,0.0,0.0,0.0,0.0,0.0,0.0,0.0,0.0,0.0,0.0,0.0,0.0,0.0,0.0,0.0,0.0,0.0,-0.0,0.0,2.004,0.0,0.0,0.0,0.0,4761.0,-1.5879278419570017e+29,7294.0,-0.0,2.718431101732002e+23,-107615360.0,0.0,0.0,0.0,0.0,0.0,77,-0.0,-0.0,0.0,0.0,0.0,0.0,0.0,0.0,0.0,0,0,0,0.0,0.0,0.0,0.0,0.0,0.0,0.0,0.0,0.0,0.0,0.0,0.0,0.0,0.0,0.0,0.0,0,-107875648.0,77,0.0,154,0.0,-0.0,ERR,ERR,ERR,ERR,ERR,ERR,ERR,ERR,ERR,ERR,ERR,ERR,ERR,ERR,ERR,ERR,ERR,ERR,ERR,ERR,ERR,ERR,ERR,ERR,ERR,ERR,ERR,ERR,ERR,ERR,ERR,ERR,ERR,ERR,ERR,ERR,ERR,ERR,ERR,ERR,ERR,ERR,ERR,ERR,ERR,ERR,ERR,ERR,ERR,ERR,ERR,ERR,ERR,ERR,ERR,ERR,ERR,ERR,ERR,ERR,ERR,ERR,ERR,ERR,ERR,ERR,ERR,34.0,80.0,35,0.0,0.0,0.0,0.0,0.0,0.0,0.0,0.0,0.0,0.0,0.0,0.0,0.0,0.0,0.0,0.0,66.4,0,120,58,54,65476,0,300,0,0,8,20529,65476,0,0,57672,80.0,0.0,0.0,0.0,0.0,0.0
2026-06-18T02:24:05,ERR,ERR,ERR,ERR,ERR,ERR,ERR,ERR,ERR,ERR,ERR,ERR,ERR,ERR,ERR,ERR,ERR,ERR,ERR,ERR,ERR,ERR,ERR,ERR,ERR,ERR,ERR,ERR,ERR,ERR,ERR,ERR,ERR,ERR,ERR,ERR,ERR,ERR,ERR,ERR,ERR,ERR,ERR,ERR,ERR,ERR,ERR,ERR,ERR,ERR,ERR,ERR,ERR,ERR,ERR,ERR,ERR,ERR,ERR,ERR,ERR,ERR,ERR,ERR,ERR,ERR,ERR,ERR,ERR,ERR,ERR,ERR,ERR,ERR,ERR,ERR,ERR,ERR,ERR,ERR,ERR,ERR,ERR,ERR,ERR,ERR,ERR,ERR,ERR,ERR,ERR,ERR,ERR,ERR,ERR,ERR,ERR,ERR,ERR,ERR,ERR,ERR,ERR,ERR,ERR,ERR,ERR,ERR,ERR,ERR,ERR,ERR,ERR,ERR,ERR,ERR,ERR,ERR,ERR,ERR,ERR,ERR,ERR,ERR,ERR,-0.0,2.718431101732002e+23,-0.0,0.059,0.0,1.3936040501711995e+18,7.805,0.0,0,0,4,48924,6720,14723890282496.0,100,0.0,0.0,0.0,0.059,0.0,0,0,0,0,0.0,0,0,0,0,0,0,0,0,0,0,0,0,0,0,0,0,0,0,0,0,0,0,0,0,0,0,0,0,0,0,0,0,0,26,51,50,76,65476,0,300,0,0,8,21553,0.0,-107605600.0,0.0,0.0,0.0,0.0,0.0,0.0,0.0,0.0,0.0,0.0,0.0,0.0,0.0,0.0,0.0,0.0,0.0,0.0,0.0,0.0,0.0,-0.0,0.0,2.004,0.0,0.0,0.0,0.0,4761.0,-1.5879278419570017e+29,7294.0,-0.0,2.718431101732002e+23,-107615360.0,0.0,0.0,0.0,0.0,0.0,77,-0.0,-0.0,0.0,0.0,0.0,0.0,0.0,0.0,0.0,0,0,0,0.0,0.0,0.0,0.0,0.0,0.0,0.0,0.0,0.0,0.0,0.0,0.0,0.0,0.0,0.0,0.0,0,-107875648.0,77,0.0,154,0.0,-0.0,ERR,ERR,ERR,ERR,ERR,ERR,ERR,ERR,ERR,ERR,ERR,ERR,ERR,ERR,ERR,ERR,ERR,ERR,ERR,ERR,ERR,ERR,ERR,ERR,ERR,ERR,ERR,ERR,ERR,ERR,ERR,ERR,ERR,ERR,ERR,ERR,ERR,ERR,ERR,ERR,ERR,ERR,ERR,ERR,ERR,ERR,ERR,ERR,ERR,ERR,ERR,ERR,ERR,ERR,ERR,ERR,ERR,ERR,ERR,ERR,ERR,ERR,ERR,ERR,ERR,ERR,ERR,34.0,80.0,35,0.0,0.0,0.0,0.0,0.0,0.0,0.0,0.0,0.0,0.0,0.0,0.0,0.0,0.0,0.0,0.0,66.4,0,120,58,54,65476,0,300,0,0,8,20529,65476,0,0,57672,80.0,0.0,0.0,0.0,0.0,0.0
2026-06-18T02:24:06,ERR,ERR,ERR,ERR,ERR,ERR,ERR,ERR,ERR,ERR,ERR,ERR,ERR,ERR,ERR,ERR,ERR,ERR,ERR,ERR,ERR,ERR,ERR,ERR,ERR,ERR,ERR,ERR,ERR,ERR,ERR,ERR,ERR,ERR,ERR,ERR,ERR,ERR,ERR,ERR,ERR,ERR,ERR,ERR,ERR,ERR,ERR,ERR,ERR,ERR,ERR,ERR,ERR,ERR,ERR,ERR,ERR,ERR,ERR,ERR,ERR,ERR,ERR,ERR,ERR,ERR,ERR,ERR,ERR,ERR,ERR,ERR,ERR,ERR,ERR,ERR,ERR,ERR,ERR,ERR,ERR,ERR,ERR,ERR,ERR,ERR,ERR,ERR,ERR,ERR,ERR,ERR,ERR,ERR,ERR,ERR,ERR,ERR,ERR,ERR,ERR,ERR,ERR,ERR,ERR,ERR,ERR,ERR,ERR,ERR,ERR,ERR,ERR,ERR,ERR,ERR,ERR,ERR,ERR,ERR,ERR,ERR,ERR,ERR,ERR,-0.0,2.718431101732002e+23,-0.0,0.059,0.0,1.3936040501711995e+18,7.805,0.0,0,0,4,48926,6720,14723890282496.0,100,0.0,0.0,0.0,0.059,0.0,0,0,0,0,0.0,0,0,0,0,0,0,0,0,0,0,0,0,0,0,0,0,0,0,0,0,0,0,0,0,0,0,0,0,0,0,0,0,0,26,51,50,76,65476,0,300,0,0,8,21553,0.0,-107605600.0,0.0,0.0,0.0,0.0,0.0,0.0,0.0,0.0,0.0,0.0,0.0,0.0,0.0,0.0,0.0,0.0,0.0,0.0,0.0,0.0,0.0,-0.0,0.0,2.004,0.0,0.0,0.0,0.0,4756.0,-8608174080.0,7290.0,-0.0,2.718431101732002e+23,-107615360.0,0.0,0.0,0.0,0.0,0.0,77,2.7184303811560617e+23,5.8480517217512656e+35,0.0,0.0,0.0,0.0,0.0,0.0,0.0,0,0,0,0.0,0.0,0.0,0.0,0.0,0.0,0.0,0.0,0.0,0.0,0.0,0.0,0.0,0.0,0.0,0.0,0,-107875648.0,77,0.0,154,0.0,-0.0,ERR,ERR,ERR,ERR,ERR,ERR,ERR,ERR,ERR,ERR,ERR,ERR,ERR,ERR,ERR,ERR,ERR,ERR,ERR,ERR,ERR,ERR,ERR,ERR,ERR,ERR,ERR,ERR,ERR,ERR,ERR,ERR,ERR,ERR,ERR,ERR,ERR,ERR,ERR,ERR,ERR,ERR,ERR,ERR,ERR,ERR,ERR,ERR,ERR,ERR,ERR,ERR,ERR,ERR,ERR,ERR,ERR,ERR,ERR,ERR,ERR,ERR,ERR,ERR,ERR,ERR,ERR,34.0,80.0,35,0.0,0.0,0.0,0.0,0.0,0.0,0.0,0.0,0.0,0.0,0.0,0.0,0.0,0.0,0.0,0.0,66.4,0,120,58,54,65476,0,300,0,0,8,20529,65476,0,0,57672,80.0,0.0,0.0,0.0,0.0,0.0
2026-06-18T02:24:07,ERR,ERR,ERR,ERR,ERR,ERR,ERR,ERR,ERR,ERR,ERR,ERR,ERR,ERR,ERR,ERR,ERR,ERR,ERR,ERR,ERR,ERR,ERR,ERR,ERR,ERR,ERR,ERR,ERR,ERR,ERR,ERR,ERR,ERR,ERR,ERR,ERR,ERR,ERR,ERR,ERR,ERR,ERR,ERR,ERR,ERR,ERR,ERR,ERR,ERR,ERR,ERR,ERR,ERR,ERR,ERR,ERR,ERR,ERR,ERR,ERR,ERR,ERR,ERR,ERR,ERR,ERR,ERR,ERR,ERR,ERR,ERR,ERR,ERR,ERR,ERR,ERR,ERR,ERR,ERR,ERR,ERR,ERR,ERR,ERR,ERR,ERR,ERR,ERR,ERR,ERR,ERR,ERR,ERR,ERR,ERR,ERR,ERR,ERR,ERR,ERR,ERR,ERR,ERR,ERR,ERR,ERR,ERR,ERR,ERR,ERR,ERR,ERR,ERR,ERR,ERR,ERR,ERR,ERR,ERR,ERR,ERR,ERR,ERR,ERR,-0.0,2.718431101732002e+23,-0.0,0.059,0.0,1.3936040501711995e+18,7.805,0.0,0,0,4,48926,6720,14723890282496.0,100,0.0,0.0,0.0,0.059,0.0,0,0,0,0,0.0,0,0,0,0,0,0,0,0,0,0,0,0,0,0,0,0,0,0,0,0,0,0,0,0,0,0,0,0,0,0,0,0,0,26,51,50,76,65476,0,300,0,0,8,21553,0.0,-107605600.0,0.0,0.0,0.0,0.0,0.0,0.0,0.0,0.0,0.0,0.0,0.0,0.0,0.0,0.0,0.0,0.0,0.0,0.0,0.0,0.0,0.0,-0.0,0.0,2.004,0.0,0.0,0.0,0.0,4756.0,-8608174080.0,7290.0,-0.0,2.718431101732002e+23,-107615360.0,0.0,0.0,0.0,0.0,0.0,77,2.7184303811560617e+23,5.8480517217512656e+35,0.0,0.0,0.0,0.0,0.0,0.0,0.0,0,0,0,0.0,0.0,0.0,0.0,0.0,0.0,0.0,0.0,0.0,0.0,0.0,0.0,0.0,0.0,0.0,0.0,0,-107875648.0,77,0.0,154,0.0,-0.0,ERR,ERR,ERR,ERR,ERR,ERR,ERR,ERR,ERR,ERR,ERR,ERR,ERR,ERR,ERR,ERR,ERR,ERR,ERR,ERR,ERR,ERR,ERR,ERR,ERR,ERR,ERR,ERR,ERR,ERR,ERR,ERR,ERR,ERR,ERR,ERR,ERR,ERR,ERR,ERR,ERR,ERR,ERR,ERR,ERR,ERR,ERR,ERR,ERR,ERR,ERR,ERR,ERR,ERR,ERR,ERR,ERR,ERR,ERR,ERR,ERR,ERR,ERR,ERR,ERR,ERR,ERR,34.0,80.0,35,0.0,0.0,0.0,0.0,0.0,0.0,0.0,0.0,0.0,0.0,0.0,0.0,0.0,0.0,0.0,0.0,66.0,0,120,58,54,65476,0,300,0,0,8,20529,65476,0,0,57672,80.0,0.0,0.0,0.0,0.0,0.0
2026-06-18T02:24:08,ERR,ERR,ERR,ERR,ERR,ERR,ERR,ERR,ERR,ERR,ERR,ERR,ERR,ERR,ERR,ERR,ERR,ERR,ERR,ERR,ERR,ERR,ERR,ERR,ERR,ERR,ERR,ERR,ERR,ERR,ERR,ERR,ERR,ERR,ERR,ERR,ERR,ERR,ERR,ERR,ERR,ERR,ERR,ERR,ERR,ERR,ERR,ERR,ERR,ERR,ERR,ERR,ERR,ERR,ERR,ERR,ERR,ERR,ERR,ERR,ERR,ERR,ERR,ERR,ERR,ERR,ERR,ERR,ERR,ERR,ERR,ERR,ERR,ERR,ERR,ERR,ERR,ERR,ERR,ERR,ERR,ERR,ERR,ERR,ERR,ERR,ERR,ERR,ERR,ERR,ERR,ERR,ERR,ERR,ERR,ERR,ERR,ERR,ERR,ERR,ERR,ERR,ERR,ERR,ERR,ERR,ERR,ERR,ERR,ERR,ERR,ERR,ERR,ERR,ERR,ERR,ERR,ERR,ERR,ERR,ERR,ERR,ERR,ERR,ERR,-0.0,2.718431101732002e+23,-0.0,0.059,0.0,1.3936040501711995e+18,7.805,0.0,0,0,4,48926,6720,14723890282496.0,100,0.0,0.0,0.0,0.059,0.0,0,0,0,0,0.0,0,0,0,0,0,0,0,0,0,0,0,0,0,0,0,0,0,0,0,0,0,0,0,0,0,0,0,0,0,0,0,0,0,26,51,50,76,65476,0,300,0,0,8,21553,0.0,-107605600.0,0.0,0.0,0.0,0.0,0.0,0.0,0.0,0.0,0.0,0.0,0.0,0.0,0.0,0.0,0.0,0.0,0.0,0.0,0.0,0.0,0.0,-0.0,0.0,2.004,0.0,0.0,0.0,0.0,4756.0,-8608174080.0,7290.0,-0.0,2.718431101732002e+23,-107615360.0,0.0,0.0,0.0,0.0,0.0,77,2.7184303811560617e+23,5.8480517217512656e+35,0.0,0.0,0.0,0.0,0.0,0.0,0.0,0,0,0,0.0,0.0,0.0,0.0,0.0,0.0,0.0,0.0,0.0,0.0,0.0,0.0,0.0,0.0,0.0,0.0,0,-107875648.0,77,0.0,154,0.0,-0.0,ERR,ERR,ERR,ERR,ERR,ERR,ERR,ERR,ERR,ERR,ERR,ERR,ERR,ERR,ERR,ERR,ERR,ERR,ERR,ERR,ERR,ERR,ERR,ERR,ERR,ERR,ERR,ERR,ERR,ERR,ERR,ERR,ERR,ERR,ERR,ERR,ERR,ERR,ERR,ERR,ERR,ERR,ERR,ERR,ERR,ERR,ERR,ERR,ERR,ERR,ERR,ERR,ERR,ERR,ERR,ERR,ERR,ERR,ERR,ERR,ERR,ERR,ERR,ERR,ERR,ERR,ERR,34.0,80.0,35,0.0,0.0,0.0,0.0,0.0,0.0,0.0,0.0,0.0,0.0,0.0,0.0,0.0,0.0,0.0,0.0,66.0,0,120,58,54,65476,0,300,0,0,8,20529,65476,0,0,57672,80.0,0.0,0.0,0.0,0.0,0.0
2026-06-18T02:24:09,ERR,ERR,ERR,ERR,ERR,ERR,ERR,ERR,ERR,ERR,ERR,ERR,ERR,ERR,ERR,ERR,ERR,ERR,ERR,ERR,ERR,ERR,ERR,ERR,ERR,ERR,ERR,ERR,ERR,ERR,ERR,ERR,ERR,ERR,ERR,ERR,ERR,ERR,ERR,ERR,ERR,ERR,ERR,ERR,ERR,ERR,ERR,ERR,ERR,ERR,ERR,ERR,ERR,ERR,ERR,ERR,ERR,ERR,ERR,ERR,ERR,ERR,ERR,ERR,ERR,ERR,ERR,ERR,ERR,ERR,ERR,ERR,ERR,ERR,ERR,ERR,ERR,ERR,ERR,ERR,ERR,ERR,ERR,ERR,ERR,ERR,ERR,ERR,ERR,ERR,ERR,ERR,ERR,ERR,ERR,ERR,ERR,ERR,ERR,ERR,ERR,ERR,ERR,ERR,ERR,ERR,ERR,ERR,ERR,ERR,ERR,ERR,ERR,ERR,ERR,ERR,ERR,ERR,ERR,ERR,ERR,ERR,ERR,ERR,ERR,-0.0,2.718431101732002e+23,-0.0,0.059,0.0,1.3936040501711995e+18,7.805,0.0,0,0,4,48926,6720,14723890282496.0,100,0.0,0.0,0.0,0.059,0.0,0,0,0,0,0.0,0,0,0,0,0,0,0,0,0,0,0,0,0,0,0,0,0,0,0,0,0,0,0,0,0,0,0,0,0,0,0,0,0,26,51,50,76,65476,0,300,0,0,8,21553,0.0,-107605600.0,0.0,0.0,0.0,0.0,0.0,0.0,0.0,0.0,0.0,0.0,0.0,0.0,0.0,0.0,0.0,0.0,0.0,0.0,0.0,0.0,0.0,-0.0,0.0,2.004,0.0,0.0,0.0,0.0,4756.0,-8608174080.0,7290.0,-0.0,2.718431101732002e+23,-107615360.0,0.0,0.0,0.0,0.0,0.0,77,2.7184303811560617e+23,5.8480517217512656e+35,0.0,0.0,0.0,0.0,0.0,0.0,0.0,0,0,0,0.0,0.0,0.0,0.0,0.0,0.0,0.0,0.0,0.0,0.0,0.0,0.0,0.0,0.0,0.0,0.0,0,-107875648.0,77,0.0,154,0.0,-0.0,ERR,ERR,ERR,ERR,ERR,ERR,ERR,ERR,ERR,ERR,ERR,ERR,ERR,ERR,ERR,ERR,ERR,ERR,ERR,ERR,ERR,ERR,ERR,ERR,ERR,ERR,ERR,ERR,ERR,ERR,ERR,ERR,ERR,ERR,ERR,ERR,ERR,ERR,ERR,ERR,ERR,ERR,ERR,ERR,ERR,ERR,ERR,ERR,ERR,ERR,ERR,ERR,ERR,ERR,ERR,ERR,ERR,ERR,ERR,ERR,ERR,ERR,ERR,ERR,ERR,ERR,ERR,34.0,80.0,35,0.0,0.0,0.0,0.0,0.0,0.0,0.0,0.0,0.0,0.0,0.0,0.0,0.0,0.0,0.0,0.0,66.0,0,120,58,54,65476,0,300,0,0,8,20529,65476,0,0,57672,80.0,0.0,0.0,0.0,0.0,0.0
2026-06-18T02:24:10,ERR,ERR,ERR,ERR,ERR,ERR,ERR,ERR,ERR,ERR,ERR,ERR,ERR,ERR,ERR,ERR,ERR,ERR,ERR,ERR,ERR,ERR,ERR,ERR,ERR,ERR,ERR,ERR,ERR,ERR,ERR,ERR,ERR,ERR,ERR,ERR,ERR,ERR,ERR,ERR,ERR,ERR,ERR,ERR,ERR,ERR,ERR,ERR,ERR,ERR,ERR,ERR,ERR,ERR,ERR,ERR,ERR,ERR,ERR,ERR,ERR,ERR,ERR,ERR,ERR,ERR,ERR,ERR,ERR,ERR,ERR,ERR,ERR,ERR,ERR,ERR,ERR,ERR,ERR,ERR,ERR,ERR,ERR,ERR,ERR,ERR,ERR,ERR,ERR,ERR,ERR,ERR,ERR,ERR,ERR,ERR,ERR,ERR,ERR,ERR,ERR,ERR,ERR,ERR,ERR,ERR,ERR,ERR,ERR,ERR,ERR,ERR,ERR,ERR,ERR,ERR,ERR,ERR,ERR,ERR,ERR,ERR,ERR,ERR,ERR,-0.0,2.718431101732002e+23,-0.0,0.059,0.0,1.3936040501711995e+18,7.805,0.0,0,0,4,48926,6720,14723890282496.0,100,0.0,0.0,0.0,0.059,0.0,0,0,0,0,0.0,0,0,0,0,0,0,0,0,0,0,0,0,0,0,0,0,0,0,0,0,0,0,0,0,0,0,0,0,0,0,0,0,0,26,51,50,76,65476,0,300,0,0,8,21553,0.0,-107605600.0,0.0,0.0,0.0,0.0,0.0,0.0,0.0,0.0,0.0,0.0,0.0,0.0,0.0,0.0,0.0,0.0,0.0,0.0,0.0,0.0,0.0,-0.0,0.0,2.004,0.0,0.0,0.0,0.0,4756.0,-8608174080.0,7290.0,-0.0,2.718431101732002e+23,-107615360.0,0.0,0.0,0.0,0.0,0.0,77,2.7184303811560617e+23,5.8480517217512656e+35,0.0,0.0,0.0,0.0,0.0,0.0,0.0,0,0,0,0.0,0.0,0.0,0.0,0.0,0.0,0.0,0.0,0.0,0.0,0.0,0.0,0.0,0.0,0.0,0.0,0,-107875648.0,77,0.0,154,0.0,-0.0,ERR,ERR,ERR,ERR,ERR,ERR,ERR,ERR,ERR,ERR,ERR,ERR,ERR,ERR,ERR,ERR,ERR,ERR,ERR,ERR,ERR,ERR,ERR,ERR,ERR,ERR,ERR,ERR,ERR,ERR,ERR,ERR,ERR,ERR,ERR,ERR,ERR,ERR,ERR,ERR,ERR,ERR,ERR,ERR,ERR,ERR,ERR,ERR,ERR,ERR,ERR,ERR,ERR,ERR,ERR,ERR,ERR,ERR,ERR,ERR,ERR,ERR,ERR,ERR,ERR,ERR,ERR,34.0,80.0,35,0.0,0.0,0.0,0.0,0.0,0.0,0.0,0.0,0.0,0.0,0.0,0.0,0.0,0.0,0.0,0.0,66.0,0,120,58,54,65476,0,300,0,0,8,20529,65476,0,0,57672,80.0,0.0,0.0,0.0,0.0,0.0
2026-06-18T02:24:11,ERR,ERR,ERR,ERR,ERR,ERR,ERR,ERR,ERR,ERR,ERR,ERR,ERR,ERR,ERR,ERR,ERR,ERR,ERR,ERR,ERR,ERR,ERR,ERR,ERR,ERR,ERR,ERR,ERR,ERR,ERR,ERR,ERR,ERR,ERR,ERR,ERR,ERR,ERR,ERR,ERR,ERR,ERR,ERR,ERR,ERR,ERR,ERR,ERR,ERR,ERR,ERR,ERR,ERR,ERR,ERR,ERR,ERR,ERR,ERR,ERR,ERR,ERR,ERR,ERR,ERR,ERR,ERR,ERR,ERR,ERR,ERR,ERR,ERR,ERR,ERR,ERR,ERR,ERR,ERR,ERR,ERR,ERR,ERR,ERR,ERR,ERR,ERR,ERR,ERR,ERR,ERR,ERR,ERR,ERR,ERR,ERR,ERR,ERR,ERR,ERR,ERR,ERR,ERR,ERR,ERR,ERR,ERR,ERR,ERR,ERR,ERR,ERR,ERR,ERR,ERR,ERR,ERR,ERR,ERR,ERR,ERR,ERR,ERR,ERR,-0.0,2.718431101732002e+23,-0.0,-4.9501291711397626e+32,-0.0,1.3936040501711995e+18,7.805,-0.0,0,0,4,48926,6720,14723890282496.0,100,0.0,0.0,0.0,-4.9501291711397626e+32,0.0,0,0,0,0,0.0,0,0,0,0,0,0,0,0,0,0,0,0,0,0,0,0,0,0,0,0,0,0,0,0,0,0,0,0,0,0,0,0,0,26,51,50,76,65476,0,300,0,0,8,21553,0.0,-107605600.0,0.0,0.0,0.0,0.0,0.0,0.0,0.0,0.0,0.0,0.0,0.0,0.0,0.0,0.0,0.0,0.0,0.0,0.0,0.0,0.0,0.0,-0.0,0.0,2.004,0.0,0.0,0.0,0.0,4758.0,-0.0,7285.0,-0.0,2.718431101732002e+23,-107615360.0,0.0,0.0,0.0,0.0,0.0,77,4.066880858845495e+29,89220.484,0.0,0.0,0.0,0.0,0.0,0.0,0.0,0,0,0,0.0,0.0,0.0,0.0,0.0,0.0,0.0,0.0,0.0,0.0,0.0,0.0,0.0,0.0,0.0,0.0,0,-107875648.0,77,0.0,154,0.0,-0.0,ERR,ERR,ERR,ERR,ERR,ERR,ERR,ERR,ERR,ERR,ERR,ERR,ERR,ERR,ERR,ERR,ERR,ERR,ERR,ERR,ERR,ERR,ERR,ERR,ERR,ERR,ERR,ERR,ERR,ERR,ERR,ERR,ERR,ERR,ERR,ERR,ERR,ERR,ERR,ERR,ERR,ERR,ERR,ERR,ERR,ERR,ERR,ERR,ERR,ERR,ERR,ERR,ERR,ERR,ERR,ERR,ERR,ERR,ERR,ERR,ERR,ERR,ERR,ERR,ERR,ERR,ERR,34.0,80.0,35,0.0,0.0,0.0,0.0,0.0,0.0,0.0,0.0,0.0,0.0,0.0,0.0,0.0,0.0,0.0,0.0,66.0,0,120,58,54,65476,0,300,0,0,8,20529,65476,0,0,57672,80.0,0.0,0.0,0.0,0.0,0.0
2026-06-18T02:24:12,ERR,ERR,ERR,ERR,ERR,ERR,ERR,ERR,ERR,ERR,ERR,ERR,ERR,ERR,ERR,ERR,ERR,ERR,ERR,ERR,ERR,ERR,ERR,ERR,ERR,ERR,ERR,ERR,ERR,ERR,ERR,ERR,ERR,ERR,ERR,ERR,ERR,ERR,ERR,ERR,ERR,ERR,ERR,ERR,ERR,ERR,ERR,ERR,ERR,ERR,ERR,ERR,ERR,ERR,ERR,ERR,ERR,ERR,ERR,ERR,ERR,ERR,ERR,ERR,ERR,ERR,ERR,ERR,ERR,ERR,ERR,ERR,ERR,ERR,ERR,ERR,ERR,ERR,ERR,ERR,ERR,ERR,ERR,ERR,ERR,ERR,ERR,ERR,ERR,ERR,ERR,ERR,ERR,ERR,ERR,ERR,ERR,ERR,ERR,ERR,ERR,ERR,ERR,ERR,ERR,ERR,ERR,ERR,ERR,ERR,ERR,ERR,ERR,ERR,ERR,ERR,ERR,ERR,ERR,ERR,ERR,ERR,ERR,ERR,ERR,-0.0,2.718431101732002e+23,-0.0,-4.9501291711397626e+32,-0.0,1.3936040501711995e+18,7.805,-0.0,0,0,4,48926,6720,14723890282496.0,100,0.0,0.0,0.0,-4.9501291711397626e+32,0.0,0,0,0,0,0.0,0,0,0,0,0,0,0,0,0,0,0,0,0,0,0,0,0,0,0,0,0,0,0,0,0,0,0,0,0,0,0,0,0,26,51,50,76,65476,0,300,0,0,8,21553,0.0,-107605600.0,0.0,0.0,0.0,0.0,0.0,0.0,0.0,0.0,0.0,0.0,0.0,0.0,0.0,0.0,0.0,0.0,0.0,0.0,0.0,0.0,0.0,-0.0,0.0,2.004,0.0,0.0,0.0,0.0,4758.0,-0.0,7285.0,-0.0,2.718431101732002e+23,-107615360.0,0.0,0.0,0.0,0.0,0.0,77,4.066880858845495e+29,89220.484,0.0,0.0,0.0,0.0,0.0,0.0,0.0,0,0,0,0.0,0.0,0.0,0.0,0.0,0.0,0.0,0.0,0.0,0.0,0.0,0.0,0.0,0.0,0.0,0.0,0,-107875648.0,77,0.0,154,0.0,-0.0,ERR,ERR,ERR,ERR,ERR,ERR,ERR,ERR,ERR,ERR,ERR,ERR,ERR,ERR,ERR,ERR,ERR,ERR,ERR,ERR,ERR,ERR,ERR,ERR,ERR,ERR,ERR,ERR,ERR,ERR,ERR,ERR,ERR,ERR,ERR,ERR,ERR,ERR,ERR,ERR,ERR,ERR,ERR,ERR,ERR,ERR,ERR,ERR,ERR,ERR,ERR,ERR,ERR,ERR,ERR,ERR,ERR,ERR,ERR,ERR,ERR,ERR,ERR,ERR,ERR,ERR,ERR,34.0,80.0,35,0.0,0.0,0.0,0.0,0.0,0.0,0.0,0.0,0.0,0.0,0.0,0.0,0.0,0.0,0.0,0.0,66.4,0,120,58,54,65476,0,300,0,0,8,20529,65476,0,0,57672,80.0,0.0,0.0,0.0,0.0,0.0
2026-06-18T02:24:13,ERR,ERR,ERR,ERR,ERR,ERR,ERR,ERR,ERR,ERR,ERR,ERR,ERR,ERR,ERR,ERR,ERR,ERR,ERR,ERR,ERR,ERR,ERR,ERR,ERR,ERR,ERR,ERR,ERR,ERR,ERR,ERR,ERR,ERR,ERR,ERR,ERR,ERR,ERR,ERR,ERR,ERR,ERR,ERR,ERR,ERR,ERR,ERR,ERR,ERR,ERR,ERR,ERR,ERR,ERR,ERR,ERR,ERR,ERR,ERR,ERR,ERR,ERR,ERR,ERR,ERR,ERR,ERR,ERR,ERR,ERR,ERR,ERR,ERR,ERR,ERR,ERR,ERR,ERR,ERR,ERR,ERR,ERR,ERR,ERR,ERR,ERR,ERR,ERR,ERR,ERR,ERR,ERR,ERR,ERR,ERR,ERR,ERR,ERR,ERR,ERR,ERR,ERR,ERR,ERR,ERR,ERR,ERR,ERR,ERR,ERR,ERR,ERR,ERR,ERR,ERR,ERR,ERR,ERR,ERR,ERR,ERR,ERR,ERR,ERR,-0.0,2.718431101732002e+23,-0.0,-4.9501291711397626e+32,-0.0,1.3936040501711995e+18,7.805,-0.0,0,0,4,48926,6720,14723890282496.0,100,0.0,0.0,0.0,-4.9501291711397626e+32,0.0,0,0,0,0,0.0,0,0,0,0,0,0,0,0,0,0,0,0,0,0,0,0,0,0,0,0,0,0,0,0,0,0,0,0,0,0,0,0,0,26,51,50,76,65476,0,300,0,0,8,21553,0.0,-107605600.0,0.0,0.0,0.0,0.0,0.0,0.0,0.0,0.0,0.0,0.0,0.0,0.0,0.0,0.0,0.0,0.0,0.0,0.0,0.0,0.0,0.0,-0.0,0.0,2.004,0.0,0.0,0.0,0.0,4758.0,-0.0,7285.0,-0.0,2.718431101732002e+23,-107615360.0,0.0,0.0,0.0,0.0,0.0,77,4.066880858845495e+29,89220.484,0.0,0.0,0.0,0.0,0.0,0.0,0.0,0,0,0,0.0,0.0,0.0,0.0,0.0,0.0,0.0,0.0,0.0,0.0,0.0,0.0,0.0,0.0,0.0,0.0,0,-107875648.0,77,0.0,154,0.0,-0.0,ERR,ERR,ERR,ERR,ERR,ERR,ERR,ERR,ERR,ERR,ERR,ERR,ERR,ERR,ERR,ERR,ERR,ERR,ERR,ERR,ERR,ERR,ERR,ERR,ERR,ERR,ERR,ERR,ERR,ERR,ERR,ERR,ERR,ERR,ERR,ERR,ERR,ERR,ERR,ERR,ERR,ERR,ERR,ERR,ERR,ERR,ERR,ERR,ERR,ERR,ERR,ERR,ERR,ERR,ERR,ERR,ERR,ERR,ERR,ERR,ERR,ERR,ERR,ERR,ERR,ERR,ERR,34.0,80.0,35,0.0,0.0,0.0,0.0,0.0,0.0,0.0,0.0,0.0,0.0,0.0,0.0,0.0,0.0,0.0,0.0,66.4,0,120,58,54,65476,0,300,0,0,8,20529,65476,0,0,57672,80.0,0.0,0.0,0.0,0.0,0.0
2026-06-18T02:24:14,ERR,ERR,ERR,ERR,ERR,ERR,ERR,ERR,ERR,ERR,ERR,ERR,ERR,ERR,ERR,ERR,ERR,ERR,ERR,ERR,ERR,ERR,ERR,ERR,ERR,ERR,ERR,ERR,ERR,ERR,ERR,ERR,ERR,ERR,ERR,ERR,ERR,ERR,ERR,ERR,ERR,ERR,ERR,ERR,ERR,ERR,ERR,ERR,ERR,ERR,ERR,ERR,ERR,ERR,ERR,ERR,ERR,ERR,ERR,ERR,ERR,ERR,ERR,ERR,ERR,ERR,ERR,ERR,ERR,ERR,ERR,ERR,ERR,ERR,ERR,ERR,ERR,ERR,ERR,ERR,ERR,ERR,ERR,ERR,ERR,ERR,ERR,ERR,ERR,ERR,ERR,ERR,ERR,ERR,ERR,ERR,ERR,ERR,ERR,ERR,ERR,ERR,ERR,ERR,ERR,ERR,ERR,ERR,ERR,ERR,ERR,ERR,ERR,ERR,ERR,ERR,ERR,ERR,ERR,ERR,ERR,ERR,ERR,ERR,ERR,-0.0,2.718431101732002e+23,-0.0,-4.9501291711397626e+32,-0.0,1.3936040501711995e+18,7.805,-0.0,0,0,4,48926,6720,14723890282496.0,100,0.0,0.0,0.0,-4.9501291711397626e+32,0.0,0,0,0,0,0.0,0,0,0,0,0,0,0,0,0,0,0,0,0,0,0,0,0,0,0,0,0,0,0,0,0,0,0,0,0,0,0,0,0,26,51,50,76,65476,0,300,0,0,8,21553,0.0,-107605600.0,0.0,0.0,0.0,0.0,0.0,0.0,0.0,0.0,0.0,0.0,0.0,0.0,0.0,0.0,0.0,0.0,0.0,0.0,0.0,0.0,0.0,-0.0,0.0,2.004,0.0,0.0,0.0,0.0,4758.0,-0.0,7285.0,-0.0,2.718431101732002e+23,-107615360.0,0.0,0.0,0.0,0.0,0.0,77,4.066880858845495e+29,89220.484,0.0,0.0,0.0,0.0,0.0,0.0,0.0,0,0,0,0.0,0.0,0.0,0.0,0.0,0.0,0.0,0.0,0.0,0.0,0.0,0.0,0.0,0.0,0.0,0.0,0,-107875648.0,77,0.0,154,0.0,-0.0,ERR,ERR,ERR,ERR,ERR,ERR,ERR,ERR,ERR,ERR,ERR,ERR,ERR,ERR,ERR,ERR,ERR,ERR,ERR,ERR,ERR,ERR,ERR,ERR,ERR,ERR,ERR,ERR,ERR,ERR,ERR,ERR,ERR,ERR,ERR,ERR,ERR,ERR,ERR,ERR,ERR,ERR,ERR,ERR,ERR,ERR,ERR,ERR,ERR,ERR,ERR,ERR,ERR,ERR,ERR,ERR,ERR,ERR,ERR,ERR,ERR,ERR,ERR,ERR,ERR,ERR,ERR,34.0,80.0,35,0.0,0.0,0.0,0.0,0.0,0.0,0.0,0.0,0.0,0.0,0.0,0.0,0.0,0.0,0.0,0.0,66.0,0,120,58,54,65476,0,300,0,0,8,20529,65476,0,0,57672,80.0,0.0,0.0,0.0,0.0,0.0
2026-06-18T02:24:15,ERR,ERR,ERR,ERR,ERR,ERR,ERR,ERR,ERR,ERR,ERR,ERR,ERR,ERR,ERR,ERR,ERR,ERR,ERR,ERR,ERR,ERR,ERR,ERR,ERR,ERR,ERR,ERR,ERR,ERR,ERR,ERR,ERR,ERR,ERR,ERR,ERR,ERR,ERR,ERR,ERR,ERR,ERR,ERR,ERR,ERR,ERR,ERR,ERR,ERR,ERR,ERR,ERR,ERR,ERR,ERR,ERR,ERR,ERR,ERR,ERR,ERR,ERR,ERR,ERR,ERR,ERR,ERR,ERR,ERR,ERR,ERR,ERR,ERR,ERR,ERR,ERR,ERR,ERR,ERR,ERR,ERR,ERR,ERR,ERR,ERR,ERR,ERR,ERR,ERR,ERR,ERR,ERR,ERR,ERR,ERR,ERR,ERR,ERR,ERR,ERR,ERR,ERR,ERR,ERR,ERR,ERR,ERR,ERR,ERR,ERR,ERR,ERR,ERR,ERR,ERR,ERR,ERR,ERR,ERR,ERR,ERR,ERR,ERR,ERR,-0.0,2.718431101732002e+23,-0.0,-4.9501291711397626e+32,-0.0,1.3936040501711995e+18,7.805,-0.0,0,0,4,48926,6720,14723890282496.0,100,0.0,0.0,0.0,-4.9501291711397626e+32,0.0,0,0,0,0,0.0,0,0,0,0,0,0,0,0,0,0,0,0,0,0,0,0,0,0,0,0,0,0,0,0,0,0,0,0,0,0,0,0,0,26,51,50,76,65476,0,300,0,0,8,21553,0.0,-107605600.0,0.0,0.0,0.0,0.0,0.0,0.0,0.0,0.0,0.0,0.0,0.0,0.0,0.0,0.0,0.0,0.0,0.0,0.0,0.0,0.0,0.0,-0.0,0.0,2.004,0.0,0.0,0.0,0.0,4758.0,-0.0,7285.0,-0.0,2.718431101732002e+23,-107615360.0,0.0,0.0,0.0,0.0,0.0,77,4.066880858845495e+29,89220.484,0.0,0.0,0.0,0.0,0.0,0.0,0.0,0,0,0,0.0,0.0,0.0,0.0,0.0,0.0,0.0,0.0,0.0,0.0,0.0,0.0,0.0,0.0,0.0,0.0,0,-107875648.0,77,0.0,154,0.0,-0.0,ERR,ERR,ERR,ERR,ERR,ERR,ERR,ERR,ERR,ERR,ERR,ERR,ERR,ERR,ERR,ERR,ERR,ERR,ERR,ERR,ERR,ERR,ERR,ERR,ERR,ERR,ERR,ERR,ERR,ERR,ERR,ERR,ERR,ERR,ERR,ERR,ERR,ERR,ERR,ERR,ERR,ERR,ERR,ERR,ERR,ERR,ERR,ERR,ERR,ERR,ERR,ERR,ERR,ERR,ERR,ERR,ERR,ERR,ERR,ERR,ERR,ERR,ERR,ERR,ERR,ERR,ERR,34.0,80.0,35,0.0,0.0,0.0,0.0,0.0,0.0,0.0,0.0,0.0,0.0,0.0,0.0,0.0,0.0,0.0,0.0,66.0,0,120,58,54,65476,0,300,0,0,8,20529,65476,0,0,57672,80.0,0.0,0.0,0.0,0.0,0.0
2026-06-18T02:24:16,ERR,ERR,ERR,ERR,ERR,ERR,ERR,ERR,ERR,ERR,ERR,ERR,ERR,ERR,ERR,ERR,ERR,ERR,ERR,ERR,ERR,ERR,ERR,ERR,ERR,ERR,ERR,ERR,ERR,ERR,ERR,ERR,ERR,ERR,ERR,ERR,ERR,ERR,ERR,ERR,ERR,ERR,ERR,ERR,ERR,ERR,ERR,ERR,ERR,ERR,ERR,ERR,ERR,ERR,ERR,ERR,ERR,ERR,ERR,ERR,ERR,ERR,ERR,ERR,ERR,ERR,ERR,ERR,ERR,ERR,ERR,ERR,ERR,ERR,ERR,ERR,ERR,ERR,ERR,ERR,ERR,ERR,ERR,ERR,ERR,ERR,ERR,ERR,ERR,ERR,ERR,ERR,ERR,ERR,ERR,ERR,ERR,ERR,ERR,ERR,ERR,ERR,ERR,ERR,ERR,ERR,ERR,ERR,ERR,ERR,ERR,ERR,ERR,ERR,ERR,ERR,ERR,ERR,ERR,ERR,ERR,ERR,ERR,ERR,ERR,-0.0,2.718431101732002e+23,-0.0,-4.9501291711397626e+32,-0.0,1.3936040501711995e+18,7.805,-0.0,0,0,4,48926,6720,14723890282496.0,100,0.0,0.0,0.0,-4.9501291711397626e+32,0.0,0,0,0,0,0.0,0,0,0,0,0,0,0,0,0,0,0,0,0,0,0,0,0,0,0,0,0,0,0,0,0,0,0,0,0,0,0,0,0,26,51,50,76,65476,0,300,0,0,8,21553,0.0,-107605600.0,0.0,0.0,0.0,0.0,0.0,0.0,0.0,0.0,0.0,0.0,0.0,0.0,0.0,0.0,0.0,0.0,0.0,0.0,0.0,0.0,0.0,-0.0,0.0,2.004,0.0,0.0,0.0,0.0,4758.0,-0.0,7285.0,-0.0,2.718431101732002e+23,-107615360.0,0.0,0.0,0.0,0.0,0.0,77,4.066880858845495e+29,89220.484,0.0,0.0,0.0,0.0,0.0,0.0,0.0,0,0,0,0.0,0.0,0.0,0.0,0.0,0.0,0.0,0.0,0.0,0.0,0.0,0.0,0.0,0.0,0.0,0.0,0,-107875648.0,77,0.0,154,0.0,-0.0,ERR,ERR,ERR,ERR,ERR,ERR,ERR,ERR,ERR,ERR,ERR,ERR,ERR,ERR,ERR,ERR,ERR,ERR,ERR,ERR,ERR,ERR,ERR,ERR,ERR,ERR,ERR,ERR,ERR,ERR,ERR,ERR,ERR,ERR,ERR,ERR,ERR,ERR,ERR,ERR,ERR,ERR,ERR,ERR,ERR,ERR,ERR,ERR,ERR,ERR,ERR,ERR,ERR,ERR,ERR,ERR,ERR,ERR,ERR,ERR,ERR,ERR,ERR,ERR,ERR,ERR,ERR,34.0,80.0,35,0.0,0.0,0.0,0.0,0.0,0.0,0.0,0.0,0.0,0.0,0.0,0.0,0.0,0.0,0.0,0.0,66.0,0,120,58,54,65476,0,300,0,0,8,20529,65476,0,0,57672,80.0,0.0,0.0,0.0,0.0,0.0
2026-06-18T02:24:17,ERR,ERR,ERR,ERR,ERR,ERR,ERR,ERR,ERR,ERR,ERR,ERR,ERR,ERR,ERR,ERR,ERR,ERR,ERR,ERR,ERR,ERR,ERR,ERR,ERR,ERR,ERR,ERR,ERR,ERR,ERR,ERR,ERR,ERR,ERR,ERR,ERR,ERR,ERR,ERR,ERR,ERR,ERR,ERR,ERR,ERR,ERR,ERR,ERR,ERR,ERR,ERR,ERR,ERR,ERR,ERR,ERR,ERR,ERR,ERR,ERR,ERR,ERR,ERR,ERR,ERR,ERR,ERR,ERR,ERR,ERR,ERR,ERR,ERR,ERR,ERR,ERR,ERR,ERR,ERR,ERR,ERR,ERR,ERR,ERR,ERR,ERR,ERR,ERR,ERR,ERR,ERR,ERR,ERR,ERR,ERR,ERR,ERR,ERR,ERR,ERR,ERR,ERR,ERR,ERR,ERR,ERR,ERR,ERR,ERR,ERR,ERR,ERR,ERR,ERR,ERR,ERR,ERR,ERR,ERR,ERR,ERR,ERR,ERR,ERR,-0.0,2.718431101732002e+23,-0.0,0.059,0.0,1.3936040501711995e+18,7.805,0.0,0,0,4,48929,6720,14723890282496.0,100,0.0,0.0,0.0,2.718290229135658e+23,0.0,0,0,0,0,0.0,0,0,0,0,0,0,0,0,0,0,0,0,0,0,0,0,0,0,0,0,0,0,0,0,0,0,0,0,0,0,0,0,0,26,51,50,76,65476,0,300,0,0,8,21553,0.0,-107605600.0,0.0,0.0,0.0,0.0,0.0,0.0,0.0,0.0,0.0,0.0,0.0,0.0,0.0,0.0,0.0,0.0,0.0,0.0,0.0,0.0,0.0,-0.0,0.0,2.004,0.0,0.0,0.0,0.0,4760.0,-0.0,7285.0,-0.0,2.718431101732002e+23,-107615360.0,0.0,0.0,0.0,0.0,0.0,77,5.8480842052978964e+35,89220.484,0.0,0.0,0.0,0.0,0.0,0.0,0.0,0,0,0,0.0,0.0,0.0,0.0,0.0,0.0,0.0,0.0,0.0,0.0,0.0,0.0,0.0,0.0,0.0,0.0,0,-107875648.0,77,0.0,154,0.0,-0.0,ERR,ERR,ERR,ERR,ERR,ERR,ERR,ERR,ERR,ERR,ERR,ERR,ERR,ERR,ERR,ERR,ERR,ERR,ERR,ERR,ERR,ERR,ERR,ERR,ERR,ERR,ERR,ERR,ERR,ERR,ERR,ERR,ERR,ERR,ERR,ERR,ERR,ERR,ERR,ERR,ERR,ERR,ERR,ERR,ERR,ERR,ERR,ERR,ERR,ERR,ERR,ERR,ERR,ERR,ERR,ERR,ERR,ERR,ERR,ERR,ERR,ERR,ERR,ERR,ERR,ERR,ERR,34.0,80.0,35,0.0,0.0,0.0,0.0,0.0,0.0,0.0,0.0,0.0,0.0,0.0,0.0,0.0,0.0,0.0,0.0,66.0,0,120,58,54,65476,0,300,0,0,8,20529,65476,0,0,57672,80.0,0.0,0.0,0.0,0.0,0.0
2026-06-18T02:24:18,ERR,ERR,ERR,ERR,ERR,ERR,ERR,ERR,ERR,ERR,ERR,ERR,ERR,ERR,ERR,ERR,ERR,ERR,ERR,ERR,ERR,ERR,ERR,ERR,ERR,ERR,ERR,ERR,ERR,ERR,ERR,ERR,ERR,ERR,ERR,ERR,ERR,ERR,ERR,ERR,ERR,ERR,ERR,ERR,ERR,ERR,ERR,ERR,ERR,ERR,ERR,ERR,ERR,ERR,ERR,ERR,ERR,ERR,ERR,ERR,ERR,ERR,ERR,ERR,ERR,ERR,ERR,ERR,ERR,ERR,ERR,ERR,ERR,ERR,ERR,ERR,ERR,ERR,ERR,ERR,ERR,ERR,ERR,ERR,ERR,ERR,ERR,ERR,ERR,ERR,ERR,ERR,ERR,ERR,ERR,ERR,ERR,ERR,ERR,ERR,ERR,ERR,ERR,ERR,ERR,ERR,ERR,ERR,ERR,ERR,ERR,ERR,ERR,ERR,ERR,ERR,ERR,ERR,ERR,ERR,ERR,ERR,ERR,ERR,ERR,-0.0,2.718431101732002e+23,-0.0,0.059,0.0,1.3936040501711995e+18,7.805,0.0,0,0,4,48929,6720,14723890282496.0,100,0.0,0.0,0.0,2.718290229135658e+23,0.0,0,0,0,0,0.0,0,0,0,0,0,0,0,0,0,0,0,0,0,0,0,0,0,0,0,0,0,0,0,0,0,0,0,0,0,0,0,0,0,26,51,50,76,65476,0,300,0,0,8,21553,0.0,-107605600.0,0.0,0.0,0.0,0.0,0.0,0.0,0.0,0.0,0.0,0.0,0.0,0.0,0.0,0.0,0.0,0.0,0.0,0.0,0.0,0.0,0.0,-0.0,0.0,2.004,0.0,0.0,0.0,0.0,4760.0,-0.0,7285.0,-0.0,2.718431101732002e+23,-107615360.0,0.0,0.0,0.0,0.0,0.0,77,5.8480842052978964e+35,89220.484,0.0,0.0,0.0,0.0,0.0,0.0,0.0,0,0,0,0.0,0.0,0.0,0.0,0.0,0.0,0.0,0.0,0.0,0.0,0.0,0.0,0.0,0.0,0.0,0.0,0,-107875648.0,77,0.0,154,0.0,-0.0,ERR,ERR,ERR,ERR,ERR,ERR,ERR,ERR,ERR,ERR,ERR,ERR,ERR,ERR,ERR,ERR,ERR,ERR,ERR,ERR,ERR,ERR,ERR,ERR,ERR,ERR,ERR,ERR,ERR,ERR,ERR,ERR,ERR,ERR,ERR,ERR,ERR,ERR,ERR,ERR,ERR,ERR,ERR,ERR,ERR,ERR,ERR,ERR,ERR,ERR,ERR,ERR,ERR,ERR,ERR,ERR,ERR,ERR,ERR,ERR,ERR,ERR,ERR,ERR,ERR,ERR,ERR,34.0,80.0,35,0.0,0.0,0.0,0.0,0.0,0.0,0.0,0.0,0.0,0.0,0.0,0.0,0.0,0.0,0.0,0.0,66.0,0,120,58,54,65476,0,300,0,0,8,20529,65476,0,0,57672,80.0,0.0,0.0,0.0,0.0,0.0
2026-06-18T02:24:19,ERR,ERR,ERR,ERR,ERR,ERR,ERR,ERR,ERR,ERR,ERR,ERR,ERR,ERR,ERR,ERR,ERR,ERR,ERR,ERR,ERR,ERR,ERR,ERR,ERR,ERR,ERR,ERR,ERR,ERR,ERR,ERR,ERR,ERR,ERR,ERR,ERR,ERR,ERR,ERR,ERR,ERR,ERR,ERR,ERR,ERR,ERR,ERR,ERR,ERR,ERR,ERR,ERR,ERR,ERR,ERR,ERR,ERR,ERR,ERR,ERR,ERR,ERR,ERR,ERR,ERR,ERR,ERR,ERR,ERR,ERR,ERR,ERR,ERR,ERR,ERR,ERR,ERR,ERR,ERR,ERR,ERR,ERR,ERR,ERR,ERR,ERR,ERR,ERR,ERR,ERR,ERR,ERR,ERR,ERR,ERR,ERR,ERR,ERR,ERR,ERR,ERR,ERR,ERR,ERR,ERR,ERR,ERR,ERR,ERR,ERR,ERR,ERR,ERR,ERR,ERR,ERR,ERR,ERR,ERR,ERR,ERR,ERR,ERR,ERR,-0.0,2.718431101732002e+23,-0.0,0.059,0.0,1.3936040501711995e+18,7.805,0.0,0,0,4,48929,6720,14723890282496.0,100,0.0,0.0,0.0,2.718290229135658e+23,0.0,0,0,0,0,0.0,0,0,0,0,0,0,0,0,0,0,0,0,0,0,0,0,0,0,0,0,0,0,0,0,0,0,0,0,0,0,0,0,0,26,51,50,76,65476,0,300,0,0,8,21553,0.0,-107605600.0,0.0,0.0,0.0,0.0,0.0,0.0,0.0,0.0,0.0,0.0,0.0,0.0,0.0,0.0,0.0,0.0,0.0,0.0,0.0,0.0,0.0,-0.0,0.0,2.004,0.0,0.0,0.0,0.0,4760.0,-0.0,7285.0,-0.0,2.718431101732002e+23,-107615360.0,0.0,0.0,0.0,0.0,0.0,77,5.8480842052978964e+35,89220.484,0.0,0.0,0.0,0.0,0.0,0.0,0.0,0,0,0,0.0,0.0,0.0,0.0,0.0,0.0,0.0,0.0,0.0,0.0,0.0,0.0,0.0,0.0,0.0,0.0,0,-107875648.0,77,0.0,154,0.0,-0.0,ERR,ERR,ERR,ERR,ERR,ERR,ERR,ERR,ERR,ERR,ERR,ERR,ERR,ERR,ERR,ERR,ERR,ERR,ERR,ERR,ERR,ERR,ERR,ERR,ERR,ERR,ERR,ERR,ERR,ERR,ERR,ERR,ERR,ERR,ERR,ERR,ERR,ERR,ERR,ERR,ERR,ERR,ERR,ERR,ERR,ERR,ERR,ERR,ERR,ERR,ERR,ERR,ERR,ERR,ERR,ERR,ERR,ERR,ERR,ERR,ERR,ERR,ERR,ERR,ERR,ERR,ERR,34.0,80.0,35,0.0,0.0,0.0,0.0,0.0,0.0,0.0,0.0,0.0,0.0,0.0,0.0,0.0,0.0,0.0,0.0,66.0,0,120,58,54,65476,0,300,0,0,8,20529,65476,0,0,57672,80.0,0.0,0.0,0.0,0.0,0.0
2026-06-18T02:24:20,ERR,ERR,ERR,ERR,ERR,ERR,ERR,ERR,ERR,ERR,ERR,ERR,ERR,ERR,ERR,ERR,ERR,ERR,ERR,ERR,ERR,ERR,ERR,ERR,ERR,ERR,ERR,ERR,ERR,ERR,ERR,ERR,ERR,ERR,ERR,ERR,ERR,ERR,ERR,ERR,ERR,ERR,ERR,ERR,ERR,ERR,ERR,ERR,ERR,ERR,ERR,ERR,ERR,ERR,ERR,ERR,ERR,ERR,ERR,ERR,ERR,ERR,ERR,ERR,ERR,ERR,ERR,ERR,ERR,ERR,ERR,ERR,ERR,ERR,ERR,ERR,ERR,ERR,ERR,ERR,ERR,ERR,ERR,ERR,ERR,ERR,ERR,ERR,ERR,ERR,ERR,ERR,ERR,ERR,ERR,ERR,ERR,ERR,ERR,ERR,ERR,ERR,ERR,ERR,ERR,ERR,ERR,ERR,ERR,ERR,ERR,ERR,ERR,ERR,ERR,ERR,ERR,ERR,ERR,ERR,ERR,ERR,ERR,ERR,ERR,-0.0,2.718431101732002e+23,-0.0,0.059,0.0,1.3936040501711995e+18,7.805,0.0,0,0,4,48929,6720,14723890282496.0,100,0.0,0.0,0.0,2.718290229135658e+23,0.0,0,0,0,0,0.0,0,0,0,0,0,0,0,0,0,0,0,0,0,0,0,0,0,0,0,0,0,0,0,0,0,0,0,0,0,0,0,0,0,26,51,50,76,65476,0,300,0,0,8,21553,0.0,-107605600.0,0.0,0.0,0.0,0.0,0.0,0.0,0.0,0.0,0.0,0.0,0.0,0.0,0.0,0.0,0.0,0.0,0.0,0.0,0.0,0.0,0.0,-0.0,0.0,2.004,0.0,0.0,0.0,0.0,4760.0,-0.0,7285.0,-0.0,2.718431101732002e+23,-107615360.0,0.0,0.0,0.0,0.0,0.0,77,5.8480842052978964e+35,89220.484,0.0,0.0,0.0,0.0,0.0,0.0,0.0,0,0,0,0.0,0.0,0.0,0.0,0.0,0.0,0.0,0.0,0.0,0.0,0.0,0.0,0.0,0.0,0.0,0.0,0,-107875648.0,77,0.0,154,0.0,-0.0,ERR,ERR,ERR,ERR,ERR,ERR,ERR,ERR,ERR,ERR,ERR,ERR,ERR,ERR,ERR,ERR,ERR,ERR,ERR,ERR,ERR,ERR,ERR,ERR,ERR,ERR,ERR,ERR,ERR,ERR,ERR,ERR,ERR,ERR,ERR,ERR,ERR,ERR,ERR,ERR,ERR,ERR,ERR,ERR,ERR,ERR,ERR,ERR,ERR,ERR,ERR,ERR,ERR,ERR,ERR,ERR,ERR,ERR,ERR,ERR,ERR,ERR,ERR,ERR,ERR,ERR,ERR,34.0,80.0,35,0.0,0.0,0.0,0.0,0.0,0.0,0.0,0.0,0.0,0.0,0.0,0.0,0.0,0.0,0.0,0.0,66.0,0,120,58,54,65476,0,300,0,0,8,20529,65476,0,0,57672,80.0,0.0,0.0,0.0,0.0,0.0
2026-06-18T02:24:21,ERR,ERR,ERR,ERR,ERR,ERR,ERR,ERR,ERR,ERR,ERR,ERR,ERR,ERR,ERR,ERR,ERR,ERR,ERR,ERR,ERR,ERR,ERR,ERR,ERR,ERR,ERR,ERR,ERR,ERR,ERR,ERR,ERR,ERR,ERR,ERR,ERR,ERR,ERR,ERR,ERR,ERR,ERR,ERR,ERR,ERR,ERR,ERR,ERR,ERR,ERR,ERR,ERR,ERR,ERR,ERR,ERR,ERR,ERR,ERR,ERR,ERR,ERR,ERR,ERR,ERR,ERR,ERR,ERR,ERR,ERR,ERR,ERR,ERR,ERR,ERR,ERR,ERR,ERR,ERR,ERR,ERR,ERR,ERR,ERR,ERR,ERR,ERR,ERR,ERR,ERR,ERR,ERR,ERR,ERR,ERR,ERR,ERR,ERR,ERR,ERR,ERR,ERR,ERR,ERR,ERR,ERR,ERR,ERR,ERR,ERR,ERR,ERR,ERR,ERR,ERR,ERR,ERR,ERR,ERR,ERR,ERR,ERR,ERR,ERR,-0.0,2.718431101732002e+23,-0.0,0.059,0.0,1.3936040501711995e+18,7.805,0.0,0,0,4,48929,6720,14723890282496.0,100,0.0,0.0,0.0,2.718290229135658e+23,0.0,0,0,0,0,0.0,0,0,0,0,0,0,0,0,0,0,0,0,0,0,0,0,0,0,0,0,0,0,0,0,0,0,0,0,0,0,0,0,0,26,51,50,76,65476,0,300,0,0,8,21553,0.0,-107605600.0,0.0,0.0,0.0,0.0,0.0,0.0,0.0,0.0,0.0,0.0,0.0,0.0,0.0,0.0,0.0,0.0,0.0,0.0,0.0,0.0,0.0,-0.0,0.0,2.004,0.0,0.0,0.0,0.0,4760.0,-0.0,7285.0,-0.0,2.718431101732002e+23,-107615360.0,0.0,0.0,0.0,0.0,0.0,77,5.8480842052978964e+35,89220.484,0.0,0.0,0.0,0.0,0.0,0.0,0.0,0,0,0,0.0,0.0,0.0,0.0,0.0,0.0,0.0,0.0,0.0,0.0,0.0,0.0,0.0,0.0,0.0,0.0,0,-107875648.0,77,0.0,154,0.0,-0.0,ERR,ERR,ERR,ERR,ERR,ERR,ERR,ERR,ERR,ERR,ERR,ERR,ERR,ERR,ERR,ERR,ERR,ERR,ERR,ERR,ERR,ERR,ERR,ERR,ERR,ERR,ERR,ERR,ERR,ERR,ERR,ERR,ERR,ERR,ERR,ERR,ERR,ERR,ERR,ERR,ERR,ERR,ERR,ERR,ERR,ERR,ERR,ERR,ERR,ERR,ERR,ERR,ERR,ERR,ERR,ERR,ERR,ERR,ERR,ERR,ERR,ERR,ERR,ERR,ERR,ERR,ERR,34.0,80.0,35,0.0,0.0,0.0,0.0,0.0,0.0,0.0,0.0,0.0,0.0,0.0,0.0,0.0,0.0,0.0,0.0,66.0,0,120,58,54,65476,0,300,0,0,8,20529,65476,0,0,57672,80.0,0.0,0.0,0.0,0.0,0.0
2026-06-18T02:24:22,ERR,ERR,ERR,ERR,ERR,ERR,ERR,ERR,ERR,ERR,ERR,ERR,ERR,ERR,ERR,ERR,ERR,ERR,ERR,ERR,ERR,ERR,ERR,ERR,ERR,ERR,ERR,ERR,ERR,ERR,ERR,ERR,ERR,ERR,ERR,ERR,ERR,ERR,ERR,ERR,ERR,ERR,ERR,ERR,ERR,ERR,ERR,ERR,ERR,ERR,ERR,ERR,ERR,ERR,ERR,ERR,ERR,ERR,ERR,ERR,ERR,ERR,ERR,ERR,ERR,ERR,ERR,ERR,ERR,ERR,ERR,ERR,ERR,ERR,ERR,ERR,ERR,ERR,ERR,ERR,ERR,ERR,ERR,ERR,ERR,ERR,ERR,ERR,ERR,ERR,ERR,ERR,ERR,ERR,ERR,ERR,ERR,ERR,ERR,ERR,ERR,ERR,ERR,ERR,ERR,ERR,ERR,ERR,ERR,ERR,ERR,ERR,ERR,ERR,ERR,ERR,ERR,ERR,ERR,ERR,ERR,ERR,ERR,ERR,ERR,-0.0,2.718431101732002e+23,-0.0,-107609184.0,0.0,1.3936040501711995e+18,7.805,0.0,0,0,4,48927,6720,14723890282496.0,100,0.0,0.0,0.0,-107609184.0,0.0,0,0,0,0,0.0,0,0,0,0,0,0,0,0,0,0,0,0,0,0,0,0,0,0,0,0,0,0,0,0,0,0,0,0,0,0,0,0,0,26,51,50,76,65476,0,300,0,0,8,21553,0.0,-107605600.0,0.0,0.0,0.0,0.0,0.0,0.0,0.0,0.0,0.0,0.0,0.0,0.0,0.0,0.0,0.0,0.0,0.0,0.0,0.0,0.0,0.0,-0.0,0.0,2.004,0.0,0.0,0.0,0.0,4758.0,-564145296506880.0,7291.0,-0.0,2.718431101732002e+23,-107615360.0,0.0,0.0,0.0,0.0,0.0,77,4.066880858845495e+29,-0.0,0.0,0.0,0.0,0.0,0.0,0.0,0.0,0,0,0,0.0,0.0,0.0,0.0,0.0,0.0,0.0,0.0,0.0,0.0,0.0,0.0,0.0,0.0,0.0,0.0,0,-107875648.0,77,0.0,154,0.0,-0.0,ERR,ERR,ERR,ERR,ERR,ERR,ERR,ERR,ERR,ERR,ERR,ERR,ERR,ERR,ERR,ERR,ERR,ERR,ERR,ERR,ERR,ERR,ERR,ERR,ERR,ERR,ERR,ERR,ERR,ERR,ERR,ERR,ERR,ERR,ERR,ERR,ERR,ERR,ERR,ERR,ERR,ERR,ERR,ERR,ERR,ERR,ERR,ERR,ERR,ERR,ERR,ERR,ERR,ERR,ERR,ERR,ERR,ERR,ERR,ERR,ERR,ERR,ERR,ERR,ERR,ERR,ERR,34.0,80.0,35,0.0,0.0,0.0,0.0,0.0,0.0,0.0,0.0,0.0,0.0,0.0,0.0,0.0,0.0,0.0,0.0,66.0,0,120,58,54,65476,0,300,0,0,8,20529,65476,0,0,57672,80.0,0.0,0.0,0.0,0.0,0.0
2026-06-18T02:24:23,ERR,ERR,ERR,ERR,ERR,ERR,ERR,ERR,ERR,ERR,ERR,ERR,ERR,ERR,ERR,ERR,ERR,ERR,ERR,ERR,ERR,ERR,ERR,ERR,ERR,ERR,ERR,ERR,ERR,ERR,ERR,ERR,ERR,ERR,ERR,ERR,ERR,ERR,ERR,ERR,ERR,ERR,ERR,ERR,ERR,ERR,ERR,ERR,ERR,ERR,ERR,ERR,ERR,ERR,ERR,ERR,ERR,ERR,ERR,ERR,ERR,ERR,ERR,ERR,ERR,ERR,ERR,ERR,ERR,ERR,ERR,ERR,ERR,ERR,ERR,ERR,ERR,ERR,ERR,ERR,ERR,ERR,ERR,ERR,ERR,ERR,ERR,ERR,ERR,ERR,ERR,ERR,ERR,ERR,ERR,ERR,ERR,ERR,ERR,ERR,ERR,ERR,ERR,ERR,ERR,ERR,ERR,ERR,ERR,ERR,ERR,ERR,ERR,ERR,ERR,ERR,ERR,ERR,ERR,ERR,ERR,ERR,ERR,ERR,ERR,-0.0,2.718431101732002e+23,-0.0,-107609184.0,0.0,1.3936040501711995e+18,7.805,0.0,0,0,4,48927,6720,14723890282496.0,100,0.0,0.0,0.0,-107609184.0,0.0,0,0,0,0,0.0,0,0,0,0,0,0,0,0,0,0,0,0,0,0,0,0,0,0,0,0,0,0,0,0,0,0,0,0,0,0,0,0,0,26,51,50,76,65476,0,300,0,0,8,21553,0.0,-107605600.0,0.0,0.0,0.0,0.0,0.0,0.0,0.0,0.0,0.0,0.0,0.0,0.0,0.0,0.0,0.0,0.0,0.0,0.0,0.0,0.0,0.0,-0.0,0.0,2.004,0.0,0.0,0.0,0.0,4758.0,-564145296506880.0,7291.0,-0.0,2.718431101732002e+23,-107615360.0,0.0,0.0,0.0,0.0,0.0,77,4.066880858845495e+29,-0.0,0.0,0.0,0.0,0.0,0.0,0.0,0.0,0,0,0,0.0,0.0,0.0,0.0,0.0,0.0,0.0,0.0,0.0,0.0,0.0,0.0,0.0,0.0,0.0,0.0,0,-107875648.0,77,0.0,154,0.0,-0.0,ERR,ERR,ERR,ERR,ERR,ERR,ERR,ERR,ERR,ERR,ERR,ERR,ERR,ERR,ERR,ERR,ERR,ERR,ERR,ERR,ERR,ERR,ERR,ERR,ERR,ERR,ERR,ERR,ERR,ERR,ERR,ERR,ERR,ERR,ERR,ERR,ERR,ERR,ERR,ERR,ERR,ERR,ERR,ERR,ERR,ERR,ERR,ERR,ERR,ERR,ERR,ERR,ERR,ERR,ERR,ERR,ERR,ERR,ERR,ERR,ERR,ERR,ERR,ERR,ERR,ERR,ERR,34.0,80.0,35,0.0,0.0,0.0,0.0,0.0,0.0,0.0,0.0,0.0,0.0,0.0,0.0,0.0,0.0,0.0,0.0,66.0,0,120,58,54,65476,0,300,0,0,8,20529,65476,0,0,57672,80.0,0.0,0.0,0.0,0.0,0.0
2026-06-18T02:24:24,ERR,ERR,ERR,ERR,ERR,ERR,ERR,ERR,ERR,ERR,ERR,ERR,ERR,ERR,ERR,ERR,ERR,ERR,ERR,ERR,ERR,ERR,ERR,ERR,ERR,ERR,ERR,ERR,ERR,ERR,ERR,ERR,ERR,ERR,ERR,ERR,ERR,ERR,ERR,ERR,ERR,ERR,ERR,ERR,ERR,ERR,ERR,ERR,ERR,ERR,ERR,ERR,ERR,ERR,ERR,ERR,ERR,ERR,ERR,ERR,ERR,ERR,ERR,ERR,ERR,ERR,ERR,ERR,ERR,ERR,ERR,ERR,ERR,ERR,ERR,ERR,ERR,ERR,ERR,ERR,ERR,ERR,ERR,ERR,ERR,ERR,ERR,ERR,ERR,ERR,ERR,ERR,ERR,ERR,ERR,ERR,ERR,ERR,ERR,ERR,ERR,ERR,ERR,ERR,ERR,ERR,ERR,ERR,ERR,ERR,ERR,ERR,ERR,ERR,ERR,ERR,ERR,ERR,ERR,ERR,ERR,ERR,ERR,ERR,ERR,-0.0,2.718431101732002e+23,-0.0,-107609184.0,0.0,1.3936040501711995e+18,7.805,0.0,0,0,4,48927,6720,14723890282496.0,100,0.0,0.0,0.0,-107609184.0,0.0,0,0,0,0,0.0,0,0,0,0,0,0,0,0,0,0,0,0,0,0,0,0,0,0,0,0,0,0,0,0,0,0,0,0,0,0,0,0,0,26,51,50,76,65476,0,300,0,0,8,21553,0.0,-107605600.0,0.0,0.0,0.0,0.0,0.0,0.0,0.0,0.0,0.0,0.0,0.0,0.0,0.0,0.0,0.0,0.0,0.0,0.0,0.0,0.0,0.0,-0.0,0.0,2.004,0.0,0.0,0.0,0.0,4758.0,-564145296506880.0,7291.0,-0.0,2.718431101732002e+23,-107615360.0,0.0,0.0,0.0,0.0,0.0,77,4.066880858845495e+29,-0.0,0.0,0.0,0.0,0.0,0.0,0.0,0.0,0,0,0,0.0,0.0,0.0,0.0,0.0,0.0,0.0,0.0,0.0,0.0,0.0,0.0,0.0,0.0,0.0,0.0,0,-107875648.0,77,0.0,154,0.0,-0.0,ERR,ERR,ERR,ERR,ERR,ERR,ERR,ERR,ERR,ERR,ERR,ERR,ERR,ERR,ERR,ERR,ERR,ERR,ERR,ERR,ERR,ERR,ERR,ERR,ERR,ERR,ERR,ERR,ERR,ERR,ERR,ERR,ERR,ERR,ERR,ERR,ERR,ERR,ERR,ERR,ERR,ERR,ERR,ERR,ERR,ERR,ERR,ERR,ERR,ERR,ERR,ERR,ERR,ERR,ERR,ERR,ERR,ERR,ERR,ERR,ERR,ERR,ERR,ERR,ERR,ERR,ERR,34.0,80.0,35,0.0,0.0,0.0,0.0,0.0,0.0,0.0,0.0,0.0,0.0,0.0,0.0,0.0,0.0,0.0,0.0,66.0,0,120,58,54,65476,0,300,0,0,8,20529,65476,0,0,57672,80.0,0.0,0.0,0.0,0.0,0.0
2026-06-18T02:24:25,ERR,ERR,ERR,ERR,ERR,ERR,ERR,ERR,ERR,ERR,ERR,ERR,ERR,ERR,ERR,ERR,ERR,ERR,ERR,ERR,ERR,ERR,ERR,ERR,ERR,ERR,ERR,ERR,ERR,ERR,ERR,ERR,ERR,ERR,ERR,ERR,ERR,ERR,ERR,ERR,ERR,ERR,ERR,ERR,ERR,ERR,ERR,ERR,ERR,ERR,ERR,ERR,ERR,ERR,ERR,ERR,ERR,ERR,ERR,ERR,ERR,ERR,ERR,ERR,ERR,ERR,ERR,ERR,ERR,ERR,ERR,ERR,ERR,ERR,ERR,ERR,ERR,ERR,ERR,ERR,ERR,ERR,ERR,ERR,ERR,ERR,ERR,ERR,ERR,ERR,ERR,ERR,ERR,ERR,ERR,ERR,ERR,ERR,ERR,ERR,ERR,ERR,ERR,ERR,ERR,ERR,ERR,ERR,ERR,ERR,ERR,ERR,ERR,ERR,ERR,ERR,ERR,ERR,ERR,ERR,ERR,ERR,ERR,ERR,ERR,-0.0,2.718431101732002e+23,-0.0,-107609184.0,0.0,1.3936040501711995e+18,7.805,0.0,0,0,4,48927,6720,14723890282496.0,100,0.0,0.0,0.0,-107609184.0,0.0,0,0,0,0,0.0,0,0,0,0,0,0,0,0,0,0,0,0,0,0,0,0,0,0,0,0,0,0,0,0,0,0,0,0,0,0,0,0,0,26,51,50,76,65476,0,300,0,0,8,21553,0.0,-107605600.0,0.0,0.0,0.0,0.0,0.0,0.0,0.0,0.0,0.0,0.0,0.0,0.0,0.0,0.0,0.0,0.0,0.0,0.0,0.0,0.0,0.0,-0.0,0.0,2.004,0.0,0.0,0.0,0.0,4758.0,-564145296506880.0,7291.0,-0.0,2.718431101732002e+23,-107615360.0,0.0,0.0,0.0,0.0,0.0,77,4.066880858845495e+29,-0.0,0.0,0.0,0.0,0.0,0.0,0.0,0.0,0,0,0,0.0,0.0,0.0,0.0,0.0,0.0,0.0,0.0,0.0,0.0,0.0,0.0,0.0,0.0,0.0,0.0,0,-107875648.0,77,0.0,154,0.0,-0.0,ERR,ERR,ERR,ERR,ERR,ERR,ERR,ERR,ERR,ERR,ERR,ERR,ERR,ERR,ERR,ERR,ERR,ERR,ERR,ERR,ERR,ERR,ERR,ERR,ERR,ERR,ERR,ERR,ERR,ERR,ERR,ERR,ERR,ERR,ERR,ERR,ERR,ERR,ERR,ERR,ERR,ERR,ERR,ERR,ERR,ERR,ERR,ERR,ERR,ERR,ERR,ERR,ERR,ERR,ERR,ERR,ERR,ERR,ERR,ERR,ERR,ERR,ERR,ERR,ERR,ERR,ERR,34.0,80.0,35,0.0,0.0,0.0,0.0,0.0,0.0,0.0,0.0,0.0,0.0,0.0,0.0,0.0,0.0,0.0,0.0,66.4,0,120,58,54,65476,0,300,0,0,8,20529,65476,0,0,57672,80.0,0.0,0.0,0.0,0.0,0.0
2026-06-18T02:24:26,ERR,ERR,ERR,ERR,ERR,ERR,ERR,ERR,ERR,ERR,ERR,ERR,ERR,ERR,ERR,ERR,ERR,ERR,ERR,ERR,ERR,ERR,ERR,ERR,ERR,ERR,ERR,ERR,ERR,ERR,ERR,ERR,ERR,ERR,ERR,ERR,ERR,ERR,ERR,ERR,ERR,ERR,ERR,ERR,ERR,ERR,ERR,ERR,ERR,ERR,ERR,ERR,ERR,ERR,ERR,ERR,ERR,ERR,ERR,ERR,ERR,ERR,ERR,ERR,ERR,ERR,ERR,ERR,ERR,ERR,ERR,ERR,ERR,ERR,ERR,ERR,ERR,ERR,ERR,ERR,ERR,ERR,ERR,ERR,ERR,ERR,ERR,ERR,ERR,ERR,ERR,ERR,ERR,ERR,ERR,ERR,ERR,ERR,ERR,ERR,ERR,ERR,ERR,ERR,ERR,ERR,ERR,ERR,ERR,ERR,ERR,ERR,ERR,ERR,ERR,ERR,ERR,ERR,ERR,ERR,ERR,ERR,ERR,ERR,ERR,-0.0,2.718431101732002e+23,-0.0,-107609184.0,0.0,1.3936040501711995e+18,7.805,0.0,0,0,4,48927,6720,14723890282496.0,100,0.0,0.0,0.0,-107609184.0,0.0,0,0,0,0,0.0,0,0,0,0,0,0,0,0,0,0,0,0,0,0,0,0,0,0,0,0,0,0,0,0,0,0,0,0,0,0,0,0,0,26,51,50,76,65476,0,300,0,0,8,21553,0.0,-107605600.0,0.0,0.0,0.0,0.0,0.0,0.0,0.0,0.0,0.0,0.0,0.0,0.0,0.0,0.0,0.0,0.0,0.0,0.0,0.0,0.0,0.0,-0.0,0.0,2.004,0.0,0.0,0.0,0.0,4758.0,-564145296506880.0,7291.0,-0.0,2.718431101732002e+23,-107615360.0,0.0,0.0,0.0,0.0,0.0,77,4.066880858845495e+29,-0.0,0.0,0.0,0.0,0.0,0.0,0.0,0.0,0,0,0,0.0,0.0,0.0,0.0,0.0,0.0,0.0,0.0,0.0,0.0,0.0,0.0,0.0,0.0,0.0,0.0,0,-107875648.0,77,0.0,154,0.0,-0.0,ERR,ERR,ERR,ERR,ERR,ERR,ERR,ERR,ERR,ERR,ERR,ERR,ERR,ERR,ERR,ERR,ERR,ERR,ERR,ERR,ERR,ERR,ERR,ERR,ERR,ERR,ERR,ERR,ERR,ERR,ERR,ERR,ERR,ERR,ERR,ERR,ERR,ERR,ERR,ERR,ERR,ERR,ERR,ERR,ERR,ERR,ERR,ERR,ERR,ERR,ERR,ERR,ERR,ERR,ERR,ERR,ERR,ERR,ERR,ERR,ERR,ERR,ERR,ERR,ERR,ERR,ERR,34.0,80.0,35,0.0,0.0,0.0,0.0,0.0,0.0,0.0,0.0,0.0,0.0,0.0,0.0,0.0,0.0,0.0,0.0,66.4,0,120,58,54,65476,0,300,0,0,8,20529,65476,0,0,57672,80.0,0.0,0.0,0.0,0.0,0.0
2026-06-18T02:24:27,ERR,ERR,ERR,ERR,ERR,ERR,ERR,ERR,ERR,ERR,ERR,ERR,ERR,ERR,ERR,ERR,ERR,ERR,ERR,ERR,ERR,ERR,ERR,ERR,ERR,ERR,ERR,ERR,ERR,ERR,ERR,ERR,ERR,ERR,ERR,ERR,ERR,ERR,ERR,ERR,ERR,ERR,ERR,ERR,ERR,ERR,ERR,ERR,ERR,ERR,ERR,ERR,ERR,ERR,ERR,ERR,ERR,ERR,ERR,ERR,ERR,ERR,ERR,ERR,ERR,ERR,ERR,ERR,ERR,ERR,ERR,ERR,ERR,ERR,ERR,ERR,ERR,ERR,ERR,ERR,ERR,ERR,ERR,ERR,ERR,ERR,ERR,ERR,ERR,ERR,ERR,ERR,ERR,ERR,ERR,ERR,ERR,ERR,ERR,ERR,ERR,ERR,ERR,ERR,ERR,ERR,ERR,ERR,ERR,ERR,ERR,ERR,ERR,ERR,ERR,ERR,ERR,ERR,ERR,ERR,ERR,ERR,ERR,ERR,ERR,-0.0,2.718431101732002e+23,-0.0,-0.0,-0.0,1.3936040501711995e+18,7.805,-0.0,0,0,4,48927,6720,14723890282496.0,100,0.0,0.0,0.0,-152005385388032.0,0.0,0,0,0,0,0.0,0,0,0,0,0,0,0,0,0,0,0,0,0,0,0,0,0,0,0,0,0,0,0,0,0,0,0,0,0,0,0,0,0,26,51,50,76,65476,0,300,0,0,8,21553,0.0,-107605600.0,0.0,0.0,0.0,0.0,0.0,0.0,0.0,0.0,0.0,0.0,0.0,0.0,0.0,0.0,0.0,0.0,0.0,0.0,0.0,0.0,0.0,-0.0,0.0,2.004,0.0,0.0,0.0,0.0,4760.0,-2.4229855986892726e+24,7293.0,-0.0,2.718431101732002e+23,-107615360.0,0.0,0.0,0.0,0.0,0.0,77,5.8480842052978964e+35,-0.0,0.0,0.0,0.0,0.0,0.0,0.0,0.0,0,0,0,0.0,0.0,0.0,0.0,0.0,0.0,0.0,0.0,0.0,0.0,0.0,0.0,0.0,0.0,0.0,0.0,0,-107875648.0,77,0.0,154,0.0,-0.0,ERR,ERR,ERR,ERR,ERR,ERR,ERR,ERR,ERR,ERR,ERR,ERR,ERR,ERR,ERR,ERR,ERR,ERR,ERR,ERR,ERR,ERR,ERR,ERR,ERR,ERR,ERR,ERR,ERR,ERR,ERR,ERR,ERR,ERR,ERR,ERR,ERR,ERR,ERR,ERR,ERR,ERR,ERR,ERR,ERR,ERR,ERR,ERR,ERR,ERR,ERR,ERR,ERR,ERR,ERR,ERR,ERR,ERR,ERR,ERR,ERR,ERR,ERR,ERR,ERR,ERR,ERR,34.0,80.0,35,0.0,0.0,0.0,0.0,0.0,0.0,0.0,0.0,0.0,0.0,0.0,0.0,0.0,0.0,0.0,0.0,66.0,0,120,58,54,65476,0,300,0,0,8,20529,65476,0,0,57672,80.0,0.0,0.0,0.0,0.0,0.0
2026-06-18T02:24:28,ERR,ERR,ERR,ERR,ERR,ERR,ERR,ERR,ERR,ERR,ERR,ERR,ERR,ERR,ERR,ERR,ERR,ERR,ERR,ERR,ERR,ERR,ERR,ERR,ERR,ERR,ERR,ERR,ERR,ERR,ERR,ERR,ERR,ERR,ERR,ERR,ERR,ERR,ERR,ERR,ERR,ERR,ERR,ERR,ERR,ERR,ERR,ERR,ERR,ERR,ERR,ERR,ERR,ERR,ERR,ERR,ERR,ERR,ERR,ERR,ERR,ERR,ERR,ERR,ERR,ERR,ERR,ERR,ERR,ERR,ERR,ERR,ERR,ERR,ERR,ERR,ERR,ERR,ERR,ERR,ERR,ERR,ERR,ERR,ERR,ERR,ERR,ERR,ERR,ERR,ERR,ERR,ERR,ERR,ERR,ERR,ERR,ERR,ERR,ERR,ERR,ERR,ERR,ERR,ERR,ERR,ERR,ERR,ERR,ERR,ERR,ERR,ERR,ERR,ERR,ERR,ERR,ERR,ERR,ERR,ERR,ERR,ERR,ERR,ERR,-0.0,2.718431101732002e+23,-0.0,-0.0,-0.0,1.3936040501711995e+18,7.805,-0.0,0,0,4,48927,6720,14723890282496.0,100,0.0,0.0,0.0,-152005385388032.0,0.0,0,0,0,0,0.0,0,0,0,0,0,0,0,0,0,0,0,0,0,0,0,0,0,0,0,0,0,0,0,0,0,0,0,0,0,0,0,0,0,26,51,50,76,65476,0,300,0,0,8,21553,0.0,-107605600.0,0.0,0.0,0.0,0.0,0.0,0.0,0.0,0.0,0.0,0.0,0.0,0.0,0.0,0.0,0.0,0.0,0.0,0.0,0.0,0.0,0.0,-0.0,0.0,2.004,0.0,0.0,0.0,0.0,4760.0,-2.4229855986892726e+24,7293.0,-0.0,2.718431101732002e+23,-107615360.0,0.0,0.0,0.0,0.0,0.0,77,5.8480842052978964e+35,-0.0,0.0,0.0,0.0,0.0,0.0,0.0,0.0,0,0,0,0.0,0.0,0.0,0.0,0.0,0.0,0.0,0.0,0.0,0.0,0.0,0.0,0.0,0.0,0.0,0.0,0,-107875648.0,77,0.0,154,0.0,-0.0,ERR,ERR,ERR,ERR,ERR,ERR,ERR,ERR,ERR,ERR,ERR,ERR,ERR,ERR,ERR,ERR,ERR,ERR,ERR,ERR,ERR,ERR,ERR,ERR,ERR,ERR,ERR,ERR,ERR,ERR,ERR,ERR,ERR,ERR,ERR,ERR,ERR,ERR,ERR,ERR,ERR,ERR,ERR,ERR,ERR,ERR,ERR,ERR,ERR,ERR,ERR,ERR,ERR,ERR,ERR,ERR,ERR,ERR,ERR,ERR,ERR,ERR,ERR,ERR,ERR,ERR,ERR,34.0,80.0,35,0.0,0.0,0.0,0.0,0.0,0.0,0.0,0.0,0.0,0.0,0.0,0.0,0.0,0.0,0.0,0.0,66.0,0,120,58,54,65476,0,300,0,0,8,20529,65476,0,0,57672,80.0,0.0,0.0,0.0,0.0,0.0
2026-06-18T02:24:29,ERR,ERR,ERR,ERR,ERR,ERR,ERR,ERR,ERR,ERR,ERR,ERR,ERR,ERR,ERR,ERR,ERR,ERR,ERR,ERR,ERR,ERR,ERR,ERR,ERR,ERR,ERR,ERR,ERR,ERR,ERR,ERR,ERR,ERR,ERR,ERR,ERR,ERR,ERR,ERR,ERR,ERR,ERR,ERR,ERR,ERR,ERR,ERR,ERR,ERR,ERR,ERR,ERR,ERR,ERR,ERR,ERR,ERR,ERR,ERR,ERR,ERR,ERR,ERR,ERR,ERR,ERR,ERR,ERR,ERR,ERR,ERR,ERR,ERR,ERR,ERR,ERR,ERR,ERR,ERR,ERR,ERR,ERR,ERR,ERR,ERR,ERR,ERR,ERR,ERR,ERR,ERR,ERR,ERR,ERR,ERR,ERR,ERR,ERR,ERR,ERR,ERR,ERR,ERR,ERR,ERR,ERR,ERR,ERR,ERR,ERR,ERR,ERR,ERR,ERR,ERR,ERR,ERR,ERR,ERR,ERR,ERR,ERR,ERR,ERR,-0.0,2.718431101732002e+23,-0.0,-0.0,-0.0,1.3936040501711995e+18,7.805,-0.0,0,0,4,48927,6720,14723890282496.0,100,0.0,0.0,0.0,-152005385388032.0,0.0,0,0,0,0,0.0,0,0,0,0,0,0,0,0,0,0,0,0,0,0,0,0,0,0,0,0,0,0,0,0,0,0,0,0,0,0,0,0,0,26,51,50,76,65476,0,300,0,0,8,21553,0.0,-107605600.0,0.0,0.0,0.0,0.0,0.0,0.0,0.0,0.0,0.0,0.0,0.0,0.0,0.0,0.0,0.0,0.0,0.0,0.0,0.0,0.0,0.0,-0.0,0.0,2.004,0.0,0.0,0.0,0.0,4760.0,-2.4229855986892726e+24,7293.0,-0.0,2.718431101732002e+23,-107615360.0,0.0,0.0,0.0,0.0,0.0,77,5.8480842052978964e+35,-0.0,0.0,0.0,0.0,0.0,0.0,0.0,0.0,0,0,0,0.0,0.0,0.0,0.0,0.0,0.0,0.0,0.0,0.0,0.0,0.0,0.0,0.0,0.0,0.0,0.0,0,-107875648.0,77,0.0,154,0.0,-0.0,ERR,ERR,ERR,ERR,ERR,ERR,ERR,ERR,ERR,ERR,ERR,ERR,ERR,ERR,ERR,ERR,ERR,ERR,ERR,ERR,ERR,ERR,ERR,ERR,ERR,ERR,ERR,ERR,ERR,ERR,ERR,ERR,ERR,ERR,ERR,ERR,ERR,ERR,ERR,ERR,ERR,ERR,ERR,ERR,ERR,ERR,ERR,ERR,ERR,ERR,ERR,ERR,ERR,ERR,ERR,ERR,ERR,ERR,ERR,ERR,ERR,ERR,ERR,ERR,ERR,ERR,ERR,34.0,80.0,35,0.0,0.0,0.0,0.0,0.0,0.0,0.0,0.0,0.0,0.0,0.0,0.0,0.0,0.0,0.0,0.0,66.4,0,120,58,54,65476,0,300,0,0,8,20529,65476,0,0,57672,80.0,0.0,0.0,0.0,0.0,0.0
2026-06-18T02:24:30,ERR,ERR,ERR,ERR,ERR,ERR,ERR,ERR,ERR,ERR,ERR,ERR,ERR,ERR,ERR,ERR,ERR,ERR,ERR,ERR,ERR,ERR,ERR,ERR,ERR,ERR,ERR,ERR,ERR,ERR,ERR,ERR,ERR,ERR,ERR,ERR,ERR,ERR,ERR,ERR,ERR,ERR,ERR,ERR,ERR,ERR,ERR,ERR,ERR,ERR,ERR,ERR,ERR,ERR,ERR,ERR,ERR,ERR,ERR,ERR,ERR,ERR,ERR,ERR,ERR,ERR,ERR,ERR,ERR,ERR,ERR,ERR,ERR,ERR,ERR,ERR,ERR,ERR,ERR,ERR,ERR,ERR,ERR,ERR,ERR,ERR,ERR,ERR,ERR,ERR,ERR,ERR,ERR,ERR,ERR,ERR,ERR,ERR,ERR,ERR,ERR,ERR,ERR,ERR,ERR,ERR,ERR,ERR,ERR,ERR,ERR,ERR,ERR,ERR,ERR,ERR,ERR,ERR,ERR,ERR,ERR,ERR,ERR,ERR,ERR,-0.0,2.718431101732002e+23,-0.0,-0.0,-0.0,1.3936040501711995e+18,7.805,-0.0,0,0,4,48927,6720,14723890282496.0,100,0.0,0.0,0.0,-152005385388032.0,0.0,0,0,0,0,0.0,0,0,0,0,0,0,0,0,0,0,0,0,0,0,0,0,0,0,0,0,0,0,0,0,0,0,0,0,0,0,0,0,0,26,51,50,76,65476,0,300,0,0,8,21553,0.0,-107605600.0,0.0,0.0,0.0,0.0,0.0,0.0,0.0,0.0,0.0,0.0,0.0,0.0,0.0,0.0,0.0,0.0,0.0,0.0,0.0,0.0,0.0,-0.0,0.0,2.004,0.0,0.0,0.0,0.0,4760.0,-2.4229855986892726e+24,7293.0,-0.0,2.718431101732002e+23,-107615360.0,0.0,0.0,0.0,0.0,0.0,77,5.8480842052978964e+35,-0.0,0.0,0.0,0.0,0.0,0.0,0.0,0.0,0,0,0,0.0,0.0,0.0,0.0,0.0,0.0,0.0,0.0,0.0,0.0,0.0,0.0,0.0,0.0,0.0,0.0,0,-107875648.0,77,0.0,154,0.0,-0.0,ERR,ERR,ERR,ERR,ERR,ERR,ERR,ERR,ERR,ERR,ERR,ERR,ERR,ERR,ERR,ERR,ERR,ERR,ERR,ERR,ERR,ERR,ERR,ERR,ERR,ERR,ERR,ERR,ERR,ERR,ERR,ERR,ERR,ERR,ERR,ERR,ERR,ERR,ERR,ERR,ERR,ERR,ERR,ERR,ERR,ERR,ERR,ERR,ERR,ERR,ERR,ERR,ERR,ERR,ERR,ERR,ERR,ERR,ERR,ERR,ERR,ERR,ERR,ERR,ERR,ERR,ERR,34.0,80.0,35,0.0,0.0,0.0,0.0,0.0,0.0,0.0,0.0,0.0,0.0,0.0,0.0,0.0,0.0,0.0,0.0,66.0,0,120,58,54,65476,0,300,0,0,8,20529,65476,0,0,57672,80.0,0.0,0.0,0.0,0.0,0.0
2026-06-18T02:24:31,ERR,ERR,ERR,ERR,ERR,ERR,ERR,ERR,ERR,ERR,ERR,ERR,ERR,ERR,ERR,ERR,ERR,ERR,ERR,ERR,ERR,ERR,ERR,ERR,ERR,ERR,ERR,ERR,ERR,ERR,ERR,ERR,ERR,ERR,ERR,ERR,ERR,ERR,ERR,ERR,ERR,ERR,ERR,ERR,ERR,ERR,ERR,ERR,ERR,ERR,ERR,ERR,ERR,ERR,ERR,ERR,ERR,ERR,ERR,ERR,ERR,ERR,ERR,ERR,ERR,ERR,ERR,ERR,ERR,ERR,ERR,ERR,ERR,ERR,ERR,ERR,ERR,ERR,ERR,ERR,ERR,ERR,ERR,ERR,ERR,ERR,ERR,ERR,ERR,ERR,ERR,ERR,ERR,ERR,ERR,ERR,ERR,ERR,ERR,ERR,ERR,ERR,ERR,ERR,ERR,ERR,ERR,ERR,ERR,ERR,ERR,ERR,ERR,ERR,ERR,ERR,ERR,ERR,ERR,ERR,ERR,ERR,ERR,ERR,ERR,-0.0,2.718431101732002e+23,-0.0,-0.0,-0.0,1.3936040501711995e+18,7.805,-0.0,0,0,4,48927,6720,14723890282496.0,100,0.0,0.0,0.0,-152005385388032.0,0.0,0,0,0,0,0.0,0,0,0,0,0,0,0,0,0,0,0,0,0,0,0,0,0,0,0,0,0,0,0,0,0,0,0,0,0,0,0,0,0,26,51,50,76,65476,0,300,0,0,8,21553,0.0,-107605600.0,0.0,0.0,0.0,0.0,0.0,0.0,0.0,0.0,0.0,0.0,0.0,0.0,0.0,0.0,0.0,0.0,0.0,0.0,0.0,0.0,0.0,-0.0,0.0,2.004,0.0,0.0,0.0,0.0,4760.0,-2.4229855986892726e+24,7293.0,-0.0,2.718431101732002e+23,-107615360.0,0.0,0.0,0.0,0.0,0.0,77,5.8480842052978964e+35,-0.0,0.0,0.0,0.0,0.0,0.0,0.0,0.0,0,0,0,0.0,0.0,0.0,0.0,0.0,0.0,0.0,0.0,0.0,0.0,0.0,0.0,0.0,0.0,0.0,0.0,0,-107875648.0,77,0.0,154,0.0,-0.0,ERR,ERR,ERR,ERR,ERR,ERR,ERR,ERR,ERR,ERR,ERR,ERR,ERR,ERR,ERR,ERR,ERR,ERR,ERR,ERR,ERR,ERR,ERR,ERR,ERR,ERR,ERR,ERR,ERR,ERR,ERR,ERR,ERR,ERR,ERR,ERR,ERR,ERR,ERR,ERR,ERR,ERR,ERR,ERR,ERR,ERR,ERR,ERR,ERR,ERR,ERR,ERR,ERR,ERR,ERR,ERR,ERR,ERR,ERR,ERR,ERR,ERR,ERR,ERR,ERR,ERR,ERR,34.0,80.0,35,0.0,0.0,0.0,0.0,0.0,0.0,0.0,0.0,0.0,0.0,0.0,0.0,0.0,0.0,0.0,0.0,66.0,0,120,58,54,65476,0,300,0,0,8,20529,65476,0,0,57672,80.0,0.0,0.0,0.0,0.0,0.0
2026-06-18T02:24:32,ERR,ERR,ERR,ERR,ERR,ERR,ERR,ERR,ERR,ERR,ERR,ERR,ERR,ERR,ERR,ERR,ERR,ERR,ERR,ERR,ERR,ERR,ERR,ERR,ERR,ERR,ERR,ERR,ERR,ERR,ERR,ERR,ERR,ERR,ERR,ERR,ERR,ERR,ERR,ERR,ERR,ERR,ERR,ERR,ERR,ERR,ERR,ERR,ERR,ERR,ERR,ERR,ERR,ERR,ERR,ERR,ERR,ERR,ERR,ERR,ERR,ERR,ERR,ERR,ERR,ERR,ERR,ERR,ERR,ERR,ERR,ERR,ERR,ERR,ERR,ERR,ERR,ERR,ERR,ERR,ERR,ERR,ERR,ERR,ERR,ERR,ERR,ERR,ERR,ERR,ERR,ERR,ERR,ERR,ERR,ERR,ERR,ERR,ERR,ERR,ERR,ERR,ERR,ERR,ERR,ERR,ERR,ERR,ERR,ERR,ERR,ERR,ERR,ERR,ERR,ERR,ERR,ERR,ERR,ERR,ERR,ERR,ERR,ERR,ERR,-0.0,2.718431101732002e+23,-0.0,0.059,0.0,1.3936040501711995e+18,7.805,0.0,0,0,4,48930,6720,14723890282496.0,100,0.0,0.0,0.0,0.059,0.0,0,0,0,0,0.0,0,0,0,0,0,0,0,0,0,0,0,0,0,0,0,0,0,0,0,0,0,0,0,0,0,0,0,0,0,0,0,0,0,26,51,50,76,65476,0,300,0,0,8,21553,0.0,-107605600.0,0.0,0.0,0.0,0.0,0.0,0.0,0.0,0.0,0.0,0.0,0.0,0.0,0.0,0.0,0.0,0.0,0.0,0.0,0.0,0.0,0.0,-0.0,0.0,2.004,0.0,0.0,0.0,0.0,4759.0,-0.0,7286.0,-0.0,2.718431101732002e+23,-107615360.0,0.0,0.0,0.0,0.0,0.0,77,4.950429371599289e+32,126840455168.0,0.0,0.0,0.0,0.0,0.0,0.0,0.0,0,0,0,0.0,0.0,0.0,0.0,0.0,0.0,0.0,0.0,0.0,0.0,0.0,0.0,0.0,0.0,0.0,0.0,0,-107875648.0,77,0.0,154,0.0,-0.0,ERR,ERR,ERR,ERR,ERR,ERR,ERR,ERR,ERR,ERR,ERR,ERR,ERR,ERR,ERR,ERR,ERR,ERR,ERR,ERR,ERR,ERR,ERR,ERR,ERR,ERR,ERR,ERR,ERR,ERR,ERR,ERR,ERR,ERR,ERR,ERR,ERR,ERR,ERR,ERR,ERR,ERR,ERR,ERR,ERR,ERR,ERR,ERR,ERR,ERR,ERR,ERR,ERR,ERR,ERR,ERR,ERR,ERR,ERR,ERR,ERR,ERR,ERR,ERR,ERR,ERR,ERR,34.0,80.0,35,0.0,0.0,0.0,0.0,0.0,0.0,0.0,0.0,0.0,0.0,0.0,0.0,0.0,0.0,0.0,0.0,66.0,0,120,58,54,65476,0,300,0,0,8,20529,65476,0,0,57672,80.0,0.0,0.0,0.0,0.0,0.0
2026-06-18T02:24:33,ERR,ERR,ERR,ERR,ERR,ERR,ERR,ERR,ERR,ERR,ERR,ERR,ERR,ERR,ERR,ERR,ERR,ERR,ERR,ERR,ERR,ERR,ERR,ERR,ERR,ERR,ERR,ERR,ERR,ERR,ERR,ERR,ERR,ERR,ERR,ERR,ERR,ERR,ERR,ERR,ERR,ERR,ERR,ERR,ERR,ERR,ERR,ERR,ERR,ERR,ERR,ERR,ERR,ERR,ERR,ERR,ERR,ERR,ERR,ERR,ERR,ERR,ERR,ERR,ERR,ERR,ERR,ERR,ERR,ERR,ERR,ERR,ERR,ERR,ERR,ERR,ERR,ERR,ERR,ERR,ERR,ERR,ERR,ERR,ERR,ERR,ERR,ERR,ERR,ERR,ERR,ERR,ERR,ERR,ERR,ERR,ERR,ERR,ERR,ERR,ERR,ERR,ERR,ERR,ERR,ERR,ERR,ERR,ERR,ERR,ERR,ERR,ERR,ERR,ERR,ERR,ERR,ERR,ERR,ERR,ERR,ERR,ERR,ERR,ERR,-0.0,2.718431101732002e+23,-0.0,0.059,0.0,1.3936040501711995e+18,7.805,0.0,0,0,4,48930,6720,14723890282496.0,100,0.0,0.0,0.0,0.059,0.0,0,0,0,0,0.0,0,0,0,0,0,0,0,0,0,0,0,0,0,0,0,0,0,0,0,0,0,0,0,0,0,0,0,0,0,0,0,0,0,26,51,50,76,65476,0,300,0,0,8,21553,0.0,-107605600.0,0.0,0.0,0.0,0.0,0.0,0.0,0.0,0.0,0.0,0.0,0.0,0.0,0.0,0.0,0.0,0.0,0.0,0.0,0.0,0.0,0.0,-0.0,0.0,2.004,0.0,0.0,0.0,0.0,4759.0,-0.0,7286.0,-0.0,2.718431101732002e+23,-107615360.0,0.0,0.0,0.0,0.0,0.0,77,4.950429371599289e+32,126840455168.0,0.0,0.0,0.0,0.0,0.0,0.0,0.0,0,0,0,0.0,0.0,0.0,0.0,0.0,0.0,0.0,0.0,0.0,0.0,0.0,0.0,0.0,0.0,0.0,0.0,0,-107875648.0,77,0.0,154,0.0,-0.0,ERR,ERR,ERR,ERR,ERR,ERR,ERR,ERR,ERR,ERR,ERR,ERR,ERR,ERR,ERR,ERR,ERR,ERR,ERR,ERR,ERR,ERR,ERR,ERR,ERR,ERR,ERR,ERR,ERR,ERR,ERR,ERR,ERR,ERR,ERR,ERR,ERR,ERR,ERR,ERR,ERR,ERR,ERR,ERR,ERR,ERR,ERR,ERR,ERR,ERR,ERR,ERR,ERR,ERR,ERR,ERR,ERR,ERR,ERR,ERR,ERR,ERR,ERR,ERR,ERR,ERR,ERR,34.0,80.0,35,0.0,0.0,0.0,0.0,0.0,0.0,0.0,0.0,0.0,0.0,0.0,0.0,0.0,0.0,0.0,0.0,66.0,0,120,58,54,65476,0,300,0,0,8,20529,65476,0,0,57672,80.0,0.0,0.0,0.0,0.0,0.0
2026-06-18T02:24:34,ERR,ERR,ERR,ERR,ERR,ERR,ERR,ERR,ERR,ERR,ERR,ERR,ERR,ERR,ERR,ERR,ERR,ERR,ERR,ERR,ERR,ERR,ERR,ERR,ERR,ERR,ERR,ERR,ERR,ERR,ERR,ERR,ERR,ERR,ERR,ERR,ERR,ERR,ERR,ERR,ERR,ERR,ERR,ERR,ERR,ERR,ERR,ERR,ERR,ERR,ERR,ERR,ERR,ERR,ERR,ERR,ERR,ERR,ERR,ERR,ERR,ERR,ERR,ERR,ERR,ERR,ERR,ERR,ERR,ERR,ERR,ERR,ERR,ERR,ERR,ERR,ERR,ERR,ERR,ERR,ERR,ERR,ERR,ERR,ERR,ERR,ERR,ERR,ERR,ERR,ERR,ERR,ERR,ERR,ERR,ERR,ERR,ERR,ERR,ERR,ERR,ERR,ERR,ERR,ERR,ERR,ERR,ERR,ERR,ERR,ERR,ERR,ERR,ERR,ERR,ERR,ERR,ERR,ERR,ERR,ERR,ERR,ERR,ERR,ERR,-0.0,2.718431101732002e+23,-0.0,0.059,0.0,1.3936040501711995e+18,7.805,0.0,0,0,4,48930,6720,14723890282496.0,100,0.0,0.0,0.0,0.059,0.0,0,0,0,0,0.0,0,0,0,0,0,0,0,0,0,0,0,0,0,0,0,0,0,0,0,0,0,0,0,0,0,0,0,0,0,0,0,0,0,26,51,50,76,65476,0,300,0,0,8,21553,0.0,-107605600.0,0.0,0.0,0.0,0.0,0.0,0.0,0.0,0.0,0.0,0.0,0.0,0.0,0.0,0.0,0.0,0.0,0.0,0.0,0.0,0.0,0.0,-0.0,0.0,2.004,0.0,0.0,0.0,0.0,4759.0,-0.0,7286.0,-0.0,2.718431101732002e+23,-107615360.0,0.0,0.0,0.0,0.0,0.0,77,4.950429371599289e+32,126840455168.0,0.0,0.0,0.0,0.0,0.0,0.0,0.0,0,0,0,0.0,0.0,0.0,0.0,0.0,0.0,0.0,0.0,0.0,0.0,0.0,0.0,0.0,0.0,0.0,0.0,0,-107875648.0,77,0.0,154,0.0,-0.0,ERR,ERR,ERR,ERR,ERR,ERR,ERR,ERR,ERR,ERR,ERR,ERR,ERR,ERR,ERR,ERR,ERR,ERR,ERR,ERR,ERR,ERR,ERR,ERR,ERR,ERR,ERR,ERR,ERR,ERR,ERR,ERR,ERR,ERR,ERR,ERR,ERR,ERR,ERR,ERR,ERR,ERR,ERR,ERR,ERR,ERR,ERR,ERR,ERR,ERR,ERR,ERR,ERR,ERR,ERR,ERR,ERR,ERR,ERR,ERR,ERR,ERR,ERR,ERR,ERR,ERR,ERR,34.0,80.0,35,0.0,0.0,0.0,0.0,0.0,0.0,0.0,0.0,0.0,0.0,0.0,0.0,0.0,0.0,0.0,0.0,66.0,0,120,58,54,65476,0,300,0,0,8,20529,65476,0,0,57672,80.0,0.0,0.0,0.0,0.0,0.0
2026-06-18T02:24:35,ERR,ERR,ERR,ERR,ERR,ERR,ERR,ERR,ERR,ERR,ERR,ERR,ERR,ERR,ERR,ERR,ERR,ERR,ERR,ERR,ERR,ERR,ERR,ERR,ERR,ERR,ERR,ERR,ERR,ERR,ERR,ERR,ERR,ERR,ERR,ERR,ERR,ERR,ERR,ERR,ERR,ERR,ERR,ERR,ERR,ERR,ERR,ERR,ERR,ERR,ERR,ERR,ERR,ERR,ERR,ERR,ERR,ERR,ERR,ERR,ERR,ERR,ERR,ERR,ERR,ERR,ERR,ERR,ERR,ERR,ERR,ERR,ERR,ERR,ERR,ERR,ERR,ERR,ERR,ERR,ERR,ERR,ERR,ERR,ERR,ERR,ERR,ERR,ERR,ERR,ERR,ERR,ERR,ERR,ERR,ERR,ERR,ERR,ERR,ERR,ERR,ERR,ERR,ERR,ERR,ERR,ERR,ERR,ERR,ERR,ERR,ERR,ERR,ERR,ERR,ERR,ERR,ERR,ERR,ERR,ERR,ERR,ERR,ERR,ERR,-0.0,2.718431101732002e+23,-0.0,0.059,0.0,1.3936040501711995e+18,7.805,0.0,0,0,4,48930,6720,14723890282496.0,100,0.0,0.0,0.0,0.059,0.0,0,0,0,0,0.0,0,0,0,0,0,0,0,0,0,0,0,0,0,0,0,0,0,0,0,0,0,0,0,0,0,0,0,0,0,0,0,0,0,26,51,50,76,65476,0,300,0,0,8,21553,0.0,-107605600.0,0.0,0.0,0.0,0.0,0.0,0.0,0.0,0.0,0.0,0.0,0.0,0.0,0.0,0.0,0.0,0.0,0.0,0.0,0.0,0.0,0.0,-0.0,0.0,2.004,0.0,0.0,0.0,0.0,4759.0,-0.0,7286.0,-0.0,2.718431101732002e+23,-107615360.0,0.0,0.0,0.0,0.0,0.0,77,4.950429371599289e+32,126840455168.0,0.0,0.0,0.0,0.0,0.0,0.0,0.0,0,0,0,0.0,0.0,0.0,0.0,0.0,0.0,0.0,0.0,0.0,0.0,0.0,0.0,0.0,0.0,0.0,0.0,0,-107875648.0,77,0.0,154,0.0,-0.0,ERR,ERR,ERR,ERR,ERR,ERR,ERR,ERR,ERR,ERR,ERR,ERR,ERR,ERR,ERR,ERR,ERR,ERR,ERR,ERR,ERR,ERR,ERR,ERR,ERR,ERR,ERR,ERR,ERR,ERR,ERR,ERR,ERR,ERR,ERR,ERR,ERR,ERR,ERR,ERR,ERR,ERR,ERR,ERR,ERR,ERR,ERR,ERR,ERR,ERR,ERR,ERR,ERR,ERR,ERR,ERR,ERR,ERR,ERR,ERR,ERR,ERR,ERR,ERR,ERR,ERR,ERR,34.0,80.0,35,0.0,0.0,0.0,0.0,0.0,0.0,0.0,0.0,0.0,0.0,0.0,0.0,0.0,0.0,0.0,0.0,66.0,0,120,58,54,65476,0,300,0,0,8,20529,65476,0,0,57672,80.0,0.0,0.0,0.0,0.0,0.0
2026-06-18T02:24:36,ERR,ERR,ERR,ERR,ERR,ERR,ERR,ERR,ERR,ERR,ERR,ERR,ERR,ERR,ERR,ERR,ERR,ERR,ERR,ERR,ERR,ERR,ERR,ERR,ERR,ERR,ERR,ERR,ERR,ERR,ERR,ERR,ERR,ERR,ERR,ERR,ERR,ERR,ERR,ERR,ERR,ERR,ERR,ERR,ERR,ERR,ERR,ERR,ERR,ERR,ERR,ERR,ERR,ERR,ERR,ERR,ERR,ERR,ERR,ERR,ERR,ERR,ERR,ERR,ERR,ERR,ERR,ERR,ERR,ERR,ERR,ERR,ERR,ERR,ERR,ERR,ERR,ERR,ERR,ERR,ERR,ERR,ERR,ERR,ERR,ERR,ERR,ERR,ERR,ERR,ERR,ERR,ERR,ERR,ERR,ERR,ERR,ERR,ERR,ERR,ERR,ERR,ERR,ERR,ERR,ERR,ERR,ERR,ERR,ERR,ERR,ERR,ERR,ERR,ERR,ERR,ERR,ERR,ERR,ERR,ERR,ERR,ERR,ERR,ERR,-0.0,2.718431101732002e+23,-0.0,0.059,0.0,1.3936040501711995e+18,7.805,0.0,0,0,4,48930,6720,14723890282496.0,100,0.0,0.0,0.0,0.059,0.0,0,0,0,0,0.0,0,0,0,0,0,0,0,0,0,0,0,0,0,0,0,0,0,0,0,0,0,0,0,0,0,0,0,0,0,0,0,0,0,26,51,50,76,65476,0,300,0,0,8,21553,0.0,-107605600.0,0.0,0.0,0.0,0.0,0.0,0.0,0.0,0.0,0.0,0.0,0.0,0.0,0.0,0.0,0.0,0.0,0.0,0.0,0.0,0.0,0.0,-0.0,0.0,2.004,0.0,0.0,0.0,0.0,4759.0,-0.0,7286.0,-0.0,2.718431101732002e+23,-107615360.0,0.0,0.0,0.0,0.0,0.0,77,4.950429371599289e+32,126840455168.0,0.0,0.0,0.0,0.0,0.0,0.0,0.0,0,0,0,0.0,0.0,0.0,0.0,0.0,0.0,0.0,0.0,0.0,0.0,0.0,0.0,0.0,0.0,0.0,0.0,0,-107875648.0,77,0.0,154,0.0,-0.0,ERR,ERR,ERR,ERR,ERR,ERR,ERR,ERR,ERR,ERR,ERR,ERR,ERR,ERR,ERR,ERR,ERR,ERR,ERR,ERR,ERR,ERR,ERR,ERR,ERR,ERR,ERR,ERR,ERR,ERR,ERR,ERR,ERR,ERR,ERR,ERR,ERR,ERR,ERR,ERR,ERR,ERR,ERR,ERR,ERR,ERR,ERR,ERR,ERR,ERR,ERR,ERR,ERR,ERR,ERR,ERR,ERR,ERR,ERR,ERR,ERR,ERR,ERR,ERR,ERR,ERR,ERR,34.0,80.0,35,0.0,0.0,0.0,0.0,0.0,0.0,0.0,0.0,0.0,0.0,0.0,0.0,0.0,0.0,0.0,0.0,66.0,0,120,58,54,65476,0,300,0,0,8,20529,65476,0,0,57672,80.0,0.0,0.0,0.0,0.0,0.0
2026-06-18T02:24:37,ERR,ERR,ERR,ERR,ERR,ERR,ERR,ERR,ERR,ERR,ERR,ERR,ERR,ERR,ERR,ERR,ERR,ERR,ERR,ERR,ERR,ERR,ERR,ERR,ERR,ERR,ERR,ERR,ERR,ERR,ERR,ERR,ERR,ERR,ERR,ERR,ERR,ERR,ERR,ERR,ERR,ERR,ERR,ERR,ERR,ERR,ERR,ERR,ERR,ERR,ERR,ERR,ERR,ERR,ERR,ERR,ERR,ERR,ERR,ERR,ERR,ERR,ERR,ERR,ERR,ERR,ERR,ERR,ERR,ERR,ERR,ERR,ERR,ERR,ERR,ERR,ERR,ERR,ERR,ERR,ERR,ERR,ERR,ERR,ERR,ERR,ERR,ERR,ERR,ERR,ERR,ERR,ERR,ERR,ERR,ERR,ERR,ERR,ERR,ERR,ERR,ERR,ERR,ERR,ERR,ERR,ERR,ERR,ERR,ERR,ERR,ERR,ERR,ERR,ERR,ERR,ERR,ERR,ERR,ERR,ERR,ERR,ERR,ERR,ERR,-0.0,2.718431101732002e+23,-0.0,0.0,0.0,1.3936040501711995e+18,7.805,237259152.0,0,0,4,48932,6720,14723890282496.0,100,0.0,0.0,0.0,-4.9501291711397626e+32,0.0,0,0,0,0,0.0,0,0,0,0,0,0,0,0,0,0,0,0,0,0,0,0,0,0,0,0,0,0,0,0,0,0,0,0,0,0,0,0,0,26,51,50,76,65476,0,300,0,0,8,21553,0.0,-107605600.0,0.0,0.0,0.0,0.0,0.0,0.0,0.0,0.0,0.0,0.0,0.0,0.0,0.0,0.0,0.0,0.0,0.0,0.0,0.0,0.0,0.0,-0.0,0.0,2.004,0.0,0.0,0.0,0.0,4759.0,-2.004,7288.0,-0.0,2.718431101732002e+23,-107615360.0,0.0,0.0,0.0,0.0,0.0,77,4.950429371599289e+32,2.718415609349284e+23,0.0,0.0,0.0,0.0,0.0,0.0,0.0,0,0,0,0.0,0.0,0.0,0.0,0.0,0.0,0.0,0.0,0.0,0.0,0.0,0.0,0.0,0.0,0.0,0.0,0,-107875648.0,77,0.0,154,0.0,-0.0,ERR,ERR,ERR,ERR,ERR,ERR,ERR,ERR,ERR,ERR,ERR,ERR,ERR,ERR,ERR,ERR,ERR,ERR,ERR,ERR,ERR,ERR,ERR,ERR,ERR,ERR,ERR,ERR,ERR,ERR,ERR,ERR,ERR,ERR,ERR,ERR,ERR,ERR,ERR,ERR,ERR,ERR,ERR,ERR,ERR,ERR,ERR,ERR,ERR,ERR,ERR,ERR,ERR,ERR,ERR,ERR,ERR,ERR,ERR,ERR,ERR,ERR,ERR,ERR,ERR,ERR,ERR,34.0,80.0,35,0.0,0.0,0.0,0.0,0.0,0.0,0.0,0.0,0.0,0.0,0.0,0.0,0.0,0.0,0.0,0.0,66.0,0,120,58,54,65476,0,300,0,0,8,20529,65476,0,0,57672,80.0,0.0,0.0,0.0,0.0,0.0
2026-06-18T02:24:38,ERR,ERR,ERR,ERR,ERR,ERR,ERR,ERR,ERR,ERR,ERR,ERR,ERR,ERR,ERR,ERR,ERR,ERR,ERR,ERR,ERR,ERR,ERR,ERR,ERR,ERR,ERR,ERR,ERR,ERR,ERR,ERR,ERR,ERR,ERR,ERR,ERR,ERR,ERR,ERR,ERR,ERR,ERR,ERR,ERR,ERR,ERR,ERR,ERR,ERR,ERR,ERR,ERR,ERR,ERR,ERR,ERR,ERR,ERR,ERR,ERR,ERR,ERR,ERR,ERR,ERR,ERR,ERR,ERR,ERR,ERR,ERR,ERR,ERR,ERR,ERR,ERR,ERR,ERR,ERR,ERR,ERR,ERR,ERR,ERR,ERR,ERR,ERR,ERR,ERR,ERR,ERR,ERR,ERR,ERR,ERR,ERR,ERR,ERR,ERR,ERR,ERR,ERR,ERR,ERR,ERR,ERR,ERR,ERR,ERR,ERR,ERR,ERR,ERR,ERR,ERR,ERR,ERR,ERR,ERR,ERR,ERR,ERR,ERR,ERR,-0.0,2.718431101732002e+23,-0.0,0.0,0.0,1.3936040501711995e+18,7.805,237259152.0,0,0,4,48932,6720,14723890282496.0,100,0.0,0.0,0.0,-4.9501291711397626e+32,0.0,0,0,0,0,0.0,0,0,0,0,0,0,0,0,0,0,0,0,0,0,0,0,0,0,0,0,0,0,0,0,0,0,0,0,0,0,0,0,0,26,51,50,76,65476,0,300,0,0,8,21553,0.0,-107605600.0,0.0,0.0,0.0,0.0,0.0,0.0,0.0,0.0,0.0,0.0,0.0,0.0,0.0,0.0,0.0,0.0,0.0,0.0,0.0,0.0,0.0,-0.0,0.0,2.004,0.0,0.0,0.0,0.0,4759.0,-2.004,7288.0,-0.0,2.718431101732002e+23,-107615360.0,0.0,0.0,0.0,0.0,0.0,77,4.950429371599289e+32,2.718415609349284e+23,0.0,0.0,0.0,0.0,0.0,0.0,0.0,0,0,0,0.0,0.0,0.0,0.0,0.0,0.0,0.0,0.0,0.0,0.0,0.0,0.0,0.0,0.0,0.0,0.0,0,-107875648.0,77,0.0,154,0.0,-0.0,ERR,ERR,ERR,ERR,ERR,ERR,ERR,ERR,ERR,ERR,ERR,ERR,ERR,ERR,ERR,ERR,ERR,ERR,ERR,ERR,ERR,ERR,ERR,ERR,ERR,ERR,ERR,ERR,ERR,ERR,ERR,ERR,ERR,ERR,ERR,ERR,ERR,ERR,ERR,ERR,ERR,ERR,ERR,ERR,ERR,ERR,ERR,ERR,ERR,ERR,ERR,ERR,ERR,ERR,ERR,ERR,ERR,ERR,ERR,ERR,ERR,ERR,ERR,ERR,ERR,ERR,ERR,34.0,80.0,35,0.0,0.0,0.0,0.0,0.0,0.0,0.0,0.0,0.0,0.0,0.0,0.0,0.0,0.0,0.0,0.0,66.0,0,120,58,54,65476,0,300,0,0,8,20529,65476,0,0,57672,80.0,0.0,0.0,0.0,0.0,0.0
2026-06-18T02:24:39,ERR,ERR,ERR,ERR,ERR,ERR,ERR,ERR,ERR,ERR,ERR,ERR,ERR,ERR,ERR,ERR,ERR,ERR,ERR,ERR,ERR,ERR,ERR,ERR,ERR,ERR,ERR,ERR,ERR,ERR,ERR,ERR,ERR,ERR,ERR,ERR,ERR,ERR,ERR,ERR,ERR,ERR,ERR,ERR,ERR,ERR,ERR,ERR,ERR,ERR,ERR,ERR,ERR,ERR,ERR,ERR,ERR,ERR,ERR,ERR,ERR,ERR,ERR,ERR,ERR,ERR,ERR,ERR,ERR,ERR,ERR,ERR,ERR,ERR,ERR,ERR,ERR,ERR,ERR,ERR,ERR,ERR,ERR,ERR,ERR,ERR,ERR,ERR,ERR,ERR,ERR,ERR,ERR,ERR,ERR,ERR,ERR,ERR,ERR,ERR,ERR,ERR,ERR,ERR,ERR,ERR,ERR,ERR,ERR,ERR,ERR,ERR,ERR,ERR,ERR,ERR,ERR,ERR,ERR,ERR,ERR,ERR,ERR,ERR,ERR,-0.0,2.718431101732002e+23,-0.0,0.0,0.0,1.3936040501711995e+18,7.805,237259152.0,0,0,4,48932,6720,14723890282496.0,100,0.0,0.0,0.0,-4.9501291711397626e+32,0.0,0,0,0,0,0.0,0,0,0,0,0,0,0,0,0,0,0,0,0,0,0,0,0,0,0,0,0,0,0,0,0,0,0,0,0,0,0,0,0,26,51,50,76,65476,0,300,0,0,8,21553,0.0,-107605600.0,0.0,0.0,0.0,0.0,0.0,0.0,0.0,0.0,0.0,0.0,0.0,0.0,0.0,0.0,0.0,0.0,0.0,0.0,0.0,0.0,0.0,-0.0,0.0,2.004,0.0,0.0,0.0,0.0,4759.0,-2.004,7288.0,-0.0,2.718431101732002e+23,-107615360.0,0.0,0.0,0.0,0.0,0.0,77,4.950429371599289e+32,2.718415609349284e+23,0.0,0.0,0.0,0.0,0.0,0.0,0.0,0,0,0,0.0,0.0,0.0,0.0,0.0,0.0,0.0,0.0,0.0,0.0,0.0,0.0,0.0,0.0,0.0,0.0,0,-107875648.0,77,0.0,154,0.0,-0.0,ERR,ERR,ERR,ERR,ERR,ERR,ERR,ERR,ERR,ERR,ERR,ERR,ERR,ERR,ERR,ERR,ERR,ERR,ERR,ERR,ERR,ERR,ERR,ERR,ERR,ERR,ERR,ERR,ERR,ERR,ERR,ERR,ERR,ERR,ERR,ERR,ERR,ERR,ERR,ERR,ERR,ERR,ERR,ERR,ERR,ERR,ERR,ERR,ERR,ERR,ERR,ERR,ERR,ERR,ERR,ERR,ERR,ERR,ERR,ERR,ERR,ERR,ERR,ERR,ERR,ERR,ERR,34.0,80.0,35,0.0,0.0,0.0,0.0,0.0,0.0,0.0,0.0,0.0,0.0,0.0,0.0,0.0,0.0,0.0,0.0,66.0,0,120,58,54,65476,0,300,0,0,8,20529,65476,0,0,57672,80.0,0.0,0.0,0.0,0.0,0.0
2026-06-18T02:24:40,ERR,ERR,ERR,ERR,ERR,ERR,ERR,ERR,ERR,ERR,ERR,ERR,ERR,ERR,ERR,ERR,ERR,ERR,ERR,ERR,ERR,ERR,ERR,ERR,ERR,ERR,ERR,ERR,ERR,ERR,ERR,ERR,ERR,ERR,ERR,ERR,ERR,ERR,ERR,ERR,ERR,ERR,ERR,ERR,ERR,ERR,ERR,ERR,ERR,ERR,ERR,ERR,ERR,ERR,ERR,ERR,ERR,ERR,ERR,ERR,ERR,ERR,ERR,ERR,ERR,ERR,ERR,ERR,ERR,ERR,ERR,ERR,ERR,ERR,ERR,ERR,ERR,ERR,ERR,ERR,ERR,ERR,ERR,ERR,ERR,ERR,ERR,ERR,ERR,ERR,ERR,ERR,ERR,ERR,ERR,ERR,ERR,ERR,ERR,ERR,ERR,ERR,ERR,ERR,ERR,ERR,ERR,ERR,ERR,ERR,ERR,ERR,ERR,ERR,ERR,ERR,ERR,ERR,ERR,ERR,ERR,ERR,ERR,ERR,ERR,-0.0,2.718431101732002e+23,-0.0,0.0,0.0,1.3936040501711995e+18,7.805,237259152.0,0,0,4,48932,6720,14723890282496.0,100,0.0,0.0,0.0,-4.9501291711397626e+32,0.0,0,0,0,0,0.0,0,0,0,0,0,0,0,0,0,0,0,0,0,0,0,0,0,0,0,0,0,0,0,0,0,0,0,0,0,0,0,0,0,26,51,50,76,65476,0,300,0,0,8,21553,0.0,-107605600.0,0.0,0.0,0.0,0.0,0.0,0.0,0.0,0.0,0.0,0.0,0.0,0.0,0.0,0.0,0.0,0.0,0.0,0.0,0.0,0.0,0.0,-0.0,0.0,2.004,0.0,0.0,0.0,0.0,4759.0,-2.004,7288.0,-0.0,2.718431101732002e+23,-107615360.0,0.0,0.0,0.0,0.0,0.0,77,4.950429371599289e+32,2.718415609349284e+23,0.0,0.0,0.0,0.0,0.0,0.0,0.0,0,0,0,0.0,0.0,0.0,0.0,0.0,0.0,0.0,0.0,0.0,0.0,0.0,0.0,0.0,0.0,0.0,0.0,0,-107875648.0,77,0.0,154,0.0,-0.0,ERR,ERR,ERR,ERR,ERR,ERR,ERR,ERR,ERR,ERR,ERR,ERR,ERR,ERR,ERR,ERR,ERR,ERR,ERR,ERR,ERR,ERR,ERR,ERR,ERR,ERR,ERR,ERR,ERR,ERR,ERR,ERR,ERR,ERR,ERR,ERR,ERR,ERR,ERR,ERR,ERR,ERR,ERR,ERR,ERR,ERR,ERR,ERR,ERR,ERR,ERR,ERR,ERR,ERR,ERR,ERR,ERR,ERR,ERR,ERR,ERR,ERR,ERR,ERR,ERR,ERR,ERR,34.0,80.0,35,0.0,0.0,0.0,0.0,0.0,0.0,0.0,0.0,0.0,0.0,0.0,0.0,0.0,0.0,0.0,0.0,66.0,0,120,58,54,65476,0,300,0,0,8,20529,65476,0,0,57672,80.0,0.0,0.0,0.0,0.0,0.0
2026-06-18T02:24:41,ERR,ERR,ERR,ERR,ERR,ERR,ERR,ERR,ERR,ERR,ERR,ERR,ERR,ERR,ERR,ERR,ERR,ERR,ERR,ERR,ERR,ERR,ERR,ERR,ERR,ERR,ERR,ERR,ERR,ERR,ERR,ERR,ERR,ERR,ERR,ERR,ERR,ERR,ERR,ERR,ERR,ERR,ERR,ERR,ERR,ERR,ERR,ERR,ERR,ERR,ERR,ERR,ERR,ERR,ERR,ERR,ERR,ERR,ERR,ERR,ERR,ERR,ERR,ERR,ERR,ERR,ERR,ERR,ERR,ERR,ERR,ERR,ERR,ERR,ERR,ERR,ERR,ERR,ERR,ERR,ERR,ERR,ERR,ERR,ERR,ERR,ERR,ERR,ERR,ERR,ERR,ERR,ERR,ERR,ERR,ERR,ERR,ERR,ERR,ERR,ERR,ERR,ERR,ERR,ERR,ERR,ERR,ERR,ERR,ERR,ERR,ERR,ERR,ERR,ERR,ERR,ERR,ERR,ERR,ERR,ERR,ERR,ERR,ERR,ERR,-0.0,2.718431101732002e+23,-0.0,0.0,0.0,1.3936040501711995e+18,7.805,237259152.0,0,0,4,48932,6720,14723890282496.0,100,0.0,0.0,0.0,-4.9501291711397626e+32,0.0,0,0,0,0,0.0,0,0,0,0,0,0,0,0,0,0,0,0,0,0,0,0,0,0,0,0,0,0,0,0,0,0,0,0,0,0,0,0,0,26,51,50,76,65476,0,300,0,0,8,21553,0.0,-107605600.0,0.0,0.0,0.0,0.0,0.0,0.0,0.0,0.0,0.0,0.0,0.0,0.0,0.0,0.0,0.0,0.0,0.0,0.0,0.0,0.0,0.0,-0.0,0.0,2.004,0.0,0.0,0.0,0.0,4759.0,-2.004,7288.0,-0.0,2.718431101732002e+23,-107615360.0,0.0,0.0,0.0,0.0,0.0,77,4.950429371599289e+32,2.718415609349284e+23,0.0,0.0,0.0,0.0,0.0,0.0,0.0,0,0,0,0.0,0.0,0.0,0.0,0.0,0.0,0.0,0.0,0.0,0.0,0.0,0.0,0.0,0.0,0.0,0.0,0,-107875648.0,77,0.0,154,0.0,-0.0,ERR,ERR,ERR,ERR,ERR,ERR,ERR,ERR,ERR,ERR,ERR,ERR,ERR,ERR,ERR,ERR,ERR,ERR,ERR,ERR,ERR,ERR,ERR,ERR,ERR,ERR,ERR,ERR,ERR,ERR,ERR,ERR,ERR,ERR,ERR,ERR,ERR,ERR,ERR,ERR,ERR,ERR,ERR,ERR,ERR,ERR,ERR,ERR,ERR,ERR,ERR,ERR,ERR,ERR,ERR,ERR,ERR,ERR,ERR,ERR,ERR,ERR,ERR,ERR,ERR,ERR,ERR,34.0,80.0,35,0.0,0.0,0.0,0.0,0.0,0.0,0.0,0.0,0.0,0.0,0.0,0.0,0.0,0.0,0.0,0.0,66.0,0,120,58,54,65476,0,300,0,0,8,20529,65476,0,0,57672,80.0,0.0,0.0,0.0,0.0,0.0
2026-06-18T02:24:42,ERR,ERR,ERR,ERR,ERR,ERR,ERR,ERR,ERR,ERR,ERR,ERR,ERR,ERR,ERR,ERR,ERR,ERR,ERR,ERR,ERR,ERR,ERR,ERR,ERR,ERR,ERR,ERR,ERR,ERR,ERR,ERR,ERR,ERR,ERR,ERR,ERR,ERR,ERR,ERR,ERR,ERR,ERR,ERR,ERR,ERR,ERR,ERR,ERR,ERR,ERR,ERR,ERR,ERR,ERR,ERR,ERR,ERR,ERR,ERR,ERR,ERR,ERR,ERR,ERR,ERR,ERR,ERR,ERR,ERR,ERR,ERR,ERR,ERR,ERR,ERR,ERR,ERR,ERR,ERR,ERR,ERR,ERR,ERR,ERR,ERR,ERR,ERR,ERR,ERR,ERR,ERR,ERR,ERR,ERR,ERR,ERR,ERR,ERR,ERR,ERR,ERR,ERR,ERR,ERR,ERR,ERR,ERR,ERR,ERR,ERR,ERR,ERR,ERR,ERR,ERR,ERR,ERR,ERR,ERR,ERR,ERR,ERR,ERR,ERR,-0.0,2.718431101732002e+23,-0.0,0.0,0.0,1.3936040501711995e+18,7.805,237259152.0,0,0,4,48932,6720,14723890282496.0,100,0.0,0.0,0.0,-4.9501291711397626e+32,0.0,0,0,0,0,0.0,0,0,0,0,0,0,0,0,0,0,0,0,0,0,0,0,0,0,0,0,0,0,0,0,0,0,0,0,0,0,0,0,0,26,51,50,76,65476,0,300,0,0,8,21553,0.0,-107605600.0,0.0,0.0,0.0,0.0,0.0,0.0,0.0,0.0,0.0,0.0,0.0,0.0,0.0,0.0,0.0,0.0,0.0,0.0,0.0,0.0,0.0,-0.0,0.0,2.004,0.0,0.0,0.0,0.0,4759.0,-2.004,7288.0,-0.0,2.718431101732002e+23,-107615360.0,0.0,0.0,0.0,0.0,0.0,77,4.950429371599289e+32,2.718415609349284e+23,0.0,0.0,0.0,0.0,0.0,0.0,0.0,0,0,0,0.0,0.0,0.0,0.0,0.0,0.0,0.0,0.0,0.0,0.0,0.0,0.0,0.0,0.0,0.0,0.0,0,-107875648.0,77,0.0,154,0.0,-0.0,ERR,ERR,ERR,ERR,ERR,ERR,ERR,ERR,ERR,ERR,ERR,ERR,ERR,ERR,ERR,ERR,ERR,ERR,ERR,ERR,ERR,ERR,ERR,ERR,ERR,ERR,ERR,ERR,ERR,ERR,ERR,ERR,ERR,ERR,ERR,ERR,ERR,ERR,ERR,ERR,ERR,ERR,ERR,ERR,ERR,ERR,ERR,ERR,ERR,ERR,ERR,ERR,ERR,ERR,ERR,ERR,ERR,ERR,ERR,ERR,ERR,ERR,ERR,ERR,ERR,ERR,ERR,34.0,80.0,35,0.0,0.0,0.0,0.0,0.0,0.0,0.0,0.0,0.0,0.0,0.0,0.0,0.0,0.0,0.0,0.0,66.0,0,120,58,54,65476,0,300,0,0,8,20529,65476,0,0,57672,80.0,0.0,0.0,0.0,0.0,0.0
2026-06-18T02:24:43,ERR,ERR,ERR,ERR,ERR,ERR,ERR,ERR,ERR,ERR,ERR,ERR,ERR,ERR,ERR,ERR,ERR,ERR,ERR,ERR,ERR,ERR,ERR,ERR,ERR,ERR,ERR,ERR,ERR,ERR,ERR,ERR,ERR,ERR,ERR,ERR,ERR,ERR,ERR,ERR,ERR,ERR,ERR,ERR,ERR,ERR,ERR,ERR,ERR,ERR,ERR,ERR,ERR,ERR,ERR,ERR,ERR,ERR,ERR,ERR,ERR,ERR,ERR,ERR,ERR,ERR,ERR,ERR,ERR,ERR,ERR,ERR,ERR,ERR,ERR,ERR,ERR,ERR,ERR,ERR,ERR,ERR,ERR,ERR,ERR,ERR,ERR,ERR,ERR,ERR,ERR,ERR,ERR,ERR,ERR,ERR,ERR,ERR,ERR,ERR,ERR,ERR,ERR,ERR,ERR,ERR,ERR,ERR,ERR,ERR,ERR,ERR,ERR,ERR,ERR,ERR,ERR,ERR,ERR,ERR,ERR,ERR,ERR,ERR,ERR,-0.0,2.718431101732002e+23,-0.0,-0.0,0.0,1.3936040501711995e+18,7.805,2.395,0,0,4,48929,6720,14723890282496.0,100,0.0,0.0,0.0,-0.0,0.0,0,0,0,0,0.0,0,0,0,0,0,0,0,0,0,0,0,0,0,0,0,0,0,0,0,0,0,0,0,0,0,0,0,0,0,0,0,0,0,26,51,50,76,65476,0,300,0,0,8,21553,0.0,-107605600.0,0.0,0.0,0.0,0.0,0.0,0.0,0.0,0.0,0.0,0.0,0.0,0.0,0.0,0.0,0.0,0.0,0.0,0.0,0.0,0.0,0.0,-0.0,0.0,2.004,0.0,0.0,0.0,0.0,4760.0,-0.0,7287.0,-0.0,2.718431101732002e+23,-107615360.0,0.0,0.0,0.0,0.0,0.0,77,5.8480842052978964e+35,1.9056842047802573e+17,0.0,0.0,0.0,0.0,0.0,0.0,0.0,0,0,0,0.0,0.0,0.0,0.0,0.0,0.0,0.0,0.0,0.0,0.0,0.0,0.0,0.0,0.0,0.0,0.0,0,-107875648.0,77,0.0,154,0.0,-0.0,ERR,ERR,ERR,ERR,ERR,ERR,ERR,ERR,ERR,ERR,ERR,ERR,ERR,ERR,ERR,ERR,ERR,ERR,ERR,ERR,ERR,ERR,ERR,ERR,ERR,ERR,ERR,ERR,ERR,ERR,ERR,ERR,ERR,ERR,ERR,ERR,ERR,ERR,ERR,ERR,ERR,ERR,ERR,ERR,ERR,ERR,ERR,ERR,ERR,ERR,ERR,ERR,ERR,ERR,ERR,ERR,ERR,ERR,ERR,ERR,ERR,ERR,ERR,ERR,ERR,ERR,ERR,34.0,80.0,35,0.0,0.0,0.0,0.0,0.0,0.0,0.0,0.0,0.0,0.0,0.0,0.0,0.0,0.0,0.0,0.0,66.0,0,120,58,54,65476,0,300,0,0,8,20529,65476,0,0,57672,80.0,0.0,0.0,0.0,0.0,0.0
2026-06-18T02:24:44,ERR,ERR,ERR,ERR,ERR,ERR,ERR,ERR,ERR,ERR,ERR,ERR,ERR,ERR,ERR,ERR,ERR,ERR,ERR,ERR,ERR,ERR,ERR,ERR,ERR,ERR,ERR,ERR,ERR,ERR,ERR,ERR,ERR,ERR,ERR,ERR,ERR,ERR,ERR,ERR,ERR,ERR,ERR,ERR,ERR,ERR,ERR,ERR,ERR,ERR,ERR,ERR,ERR,ERR,ERR,ERR,ERR,ERR,ERR,ERR,ERR,ERR,ERR,ERR,ERR,ERR,ERR,ERR,ERR,ERR,ERR,ERR,ERR,ERR,ERR,ERR,ERR,ERR,ERR,ERR,ERR,ERR,ERR,ERR,ERR,ERR,ERR,ERR,ERR,ERR,ERR,ERR,ERR,ERR,ERR,ERR,ERR,ERR,ERR,ERR,ERR,ERR,ERR,ERR,ERR,ERR,ERR,ERR,ERR,ERR,ERR,ERR,ERR,ERR,ERR,ERR,ERR,ERR,ERR,ERR,ERR,ERR,ERR,ERR,ERR,-0.0,2.718431101732002e+23,-0.0,-0.0,0.0,1.3936040501711995e+18,7.805,2.395,0,0,4,48929,6720,14723890282496.0,100,0.0,0.0,0.0,-0.0,0.0,0,0,0,0,0.0,0,0,0,0,0,0,0,0,0,0,0,0,0,0,0,0,0,0,0,0,0,0,0,0,0,0,0,0,0,0,0,0,0,26,51,50,76,65476,0,300,0,0,8,21553,0.0,-107605600.0,0.0,0.0,0.0,0.0,0.0,0.0,0.0,0.0,0.0,0.0,0.0,0.0,0.0,0.0,0.0,0.0,0.0,0.0,0.0,0.0,0.0,-0.0,0.0,2.004,0.0,0.0,0.0,0.0,4760.0,-0.0,7287.0,-0.0,2.718431101732002e+23,-107615360.0,0.0,0.0,0.0,0.0,0.0,77,5.8480842052978964e+35,1.9056842047802573e+17,0.0,0.0,0.0,0.0,0.0,0.0,0.0,0,0,0,0.0,0.0,0.0,0.0,0.0,0.0,0.0,0.0,0.0,0.0,0.0,0.0,0.0,0.0,0.0,0.0,0,-107875648.0,77,0.0,154,0.0,-0.0,ERR,ERR,ERR,ERR,ERR,ERR,ERR,ERR,ERR,ERR,ERR,ERR,ERR,ERR,ERR,ERR,ERR,ERR,ERR,ERR,ERR,ERR,ERR,ERR,ERR,ERR,ERR,ERR,ERR,ERR,ERR,ERR,ERR,ERR,ERR,ERR,ERR,ERR,ERR,ERR,ERR,ERR,ERR,ERR,ERR,ERR,ERR,ERR,ERR,ERR,ERR,ERR,ERR,ERR,ERR,ERR,ERR,ERR,ERR,ERR,ERR,ERR,ERR,ERR,ERR,ERR,ERR,34.0,80.0,35,0.0,0.0,0.0,0.0,0.0,0.0,0.0,0.0,0.0,0.0,0.0,0.0,0.0,0.0,0.0,0.0,66.0,0,120,58,54,65476,0,300,0,0,8,20529,65476,0,0,57672,80.0,0.0,0.0,0.0,0.0,0.0
2026-06-18T02:24:45,ERR,ERR,ERR,ERR,ERR,ERR,ERR,ERR,ERR,ERR,ERR,ERR,ERR,ERR,ERR,ERR,ERR,ERR,ERR,ERR,ERR,ERR,ERR,ERR,ERR,ERR,ERR,ERR,ERR,ERR,ERR,ERR,ERR,ERR,ERR,ERR,ERR,ERR,ERR,ERR,ERR,ERR,ERR,ERR,ERR,ERR,ERR,ERR,ERR,ERR,ERR,ERR,ERR,ERR,ERR,ERR,ERR,ERR,ERR,ERR,ERR,ERR,ERR,ERR,ERR,ERR,ERR,ERR,ERR,ERR,ERR,ERR,ERR,ERR,ERR,ERR,ERR,ERR,ERR,ERR,ERR,ERR,ERR,ERR,ERR,ERR,ERR,ERR,ERR,ERR,ERR,ERR,ERR,ERR,ERR,ERR,ERR,ERR,ERR,ERR,ERR,ERR,ERR,ERR,ERR,ERR,ERR,ERR,ERR,ERR,ERR,ERR,ERR,ERR,ERR,ERR,ERR,ERR,ERR,ERR,ERR,ERR,ERR,ERR,ERR,-0.0,2.718431101732002e+23,-0.0,-0.0,0.0,1.3936040501711995e+18,7.805,2.395,0,0,4,48929,6720,14723890282496.0,100,0.0,0.0,0.0,-0.0,0.0,0,0,0,0,0.0,0,0,0,0,0,0,0,0,0,0,0,0,0,0,0,0,0,0,0,0,0,0,0,0,0,0,0,0,0,0,0,0,0,26,51,50,76,65476,0,300,0,0,8,21553,0.0,-107605600.0,0.0,0.0,0.0,0.0,0.0,0.0,0.0,0.0,0.0,0.0,0.0,0.0,0.0,0.0,0.0,0.0,0.0,0.0,0.0,0.0,0.0,-0.0,0.0,2.004,0.0,0.0,0.0,0.0,4760.0,-0.0,7287.0,-0.0,2.718431101732002e+23,-107615360.0,0.0,0.0,0.0,0.0,0.0,77,5.8480842052978964e+35,1.9056842047802573e+17,0.0,0.0,0.0,0.0,0.0,0.0,0.0,0,0,0,0.0,0.0,0.0,0.0,0.0,0.0,0.0,0.0,0.0,0.0,0.0,0.0,0.0,0.0,0.0,0.0,0,-107875648.0,77,0.0,154,0.0,-0.0,ERR,ERR,ERR,ERR,ERR,ERR,ERR,ERR,ERR,ERR,ERR,ERR,ERR,ERR,ERR,ERR,ERR,ERR,ERR,ERR,ERR,ERR,ERR,ERR,ERR,ERR,ERR,ERR,ERR,ERR,ERR,ERR,ERR,ERR,ERR,ERR,ERR,ERR,ERR,ERR,ERR,ERR,ERR,ERR,ERR,ERR,ERR,ERR,ERR,ERR,ERR,ERR,ERR,ERR,ERR,ERR,ERR,ERR,ERR,ERR,ERR,ERR,ERR,ERR,ERR,ERR,ERR,34.0,80.0,35,0.0,0.0,0.0,0.0,0.0,0.0,0.0,0.0,0.0,0.0,0.0,0.0,0.0,0.0,0.0,0.0,66.0,0,120,58,54,65476,0,300,0,0,8,20529,65476,0,0,57672,80.0,0.0,0.0,0.0,0.0,0.0
2026-06-18T02:24:46,ERR,ERR,ERR,ERR,ERR,ERR,ERR,ERR,ERR,ERR,ERR,ERR,ERR,ERR,ERR,ERR,ERR,ERR,ERR,ERR,ERR,ERR,ERR,ERR,ERR,ERR,ERR,ERR,ERR,ERR,ERR,ERR,ERR,ERR,ERR,ERR,ERR,ERR,ERR,ERR,ERR,ERR,ERR,ERR,ERR,ERR,ERR,ERR,ERR,ERR,ERR,ERR,ERR,ERR,ERR,ERR,ERR,ERR,ERR,ERR,ERR,ERR,ERR,ERR,ERR,ERR,ERR,ERR,ERR,ERR,ERR,ERR,ERR,ERR,ERR,ERR,ERR,ERR,ERR,ERR,ERR,ERR,ERR,ERR,ERR,ERR,ERR,ERR,ERR,ERR,ERR,ERR,ERR,ERR,ERR,ERR,ERR,ERR,ERR,ERR,ERR,ERR,ERR,ERR,ERR,ERR,ERR,ERR,ERR,ERR,ERR,ERR,ERR,ERR,ERR,ERR,ERR,ERR,ERR,ERR,ERR,ERR,ERR,ERR,ERR,-0.0,2.718431101732002e+23,-0.0,-0.0,0.0,1.3936040501711995e+18,7.805,2.395,0,0,4,48929,6720,14723890282496.0,100,0.0,0.0,0.0,-0.0,0.0,0,0,0,0,0.0,0,0,0,0,0,0,0,0,0,0,0,0,0,0,0,0,0,0,0,0,0,0,0,0,0,0,0,0,0,0,0,0,0,26,51,50,76,65476,0,300,0,0,8,21553,0.0,-107605600.0,0.0,0.0,0.0,0.0,0.0,0.0,0.0,0.0,0.0,0.0,0.0,0.0,0.0,0.0,0.0,0.0,0.0,0.0,0.0,0.0,0.0,-0.0,0.0,2.004,0.0,0.0,0.0,0.0,4760.0,-0.0,7287.0,-0.0,2.718431101732002e+23,-107615360.0,0.0,0.0,0.0,0.0,0.0,77,5.8480842052978964e+35,1.9056842047802573e+17,0.0,0.0,0.0,0.0,0.0,0.0,0.0,0,0,0,0.0,0.0,0.0,0.0,0.0,0.0,0.0,0.0,0.0,0.0,0.0,0.0,0.0,0.0,0.0,0.0,0,-107875648.0,77,0.0,154,0.0,-0.0,ERR,ERR,ERR,ERR,ERR,ERR,ERR,ERR,ERR,ERR,ERR,ERR,ERR,ERR,ERR,ERR,ERR,ERR,ERR,ERR,ERR,ERR,ERR,ERR,ERR,ERR,ERR,ERR,ERR,ERR,ERR,ERR,ERR,ERR,ERR,ERR,ERR,ERR,ERR,ERR,ERR,ERR,ERR,ERR,ERR,ERR,ERR,ERR,ERR,ERR,ERR,ERR,ERR,ERR,ERR,ERR,ERR,ERR,ERR,ERR,ERR,ERR,ERR,ERR,ERR,ERR,ERR,34.0,80.0,35,0.0,0.0,0.0,0.0,0.0,0.0,0.0,0.0,0.0,0.0,0.0,0.0,0.0,0.0,0.0,0.0,66.0,0,120,58,54,65476,0,300,0,0,8,20529,65476,0,0,57672,80.0,0.0,0.0,0.0,0.0,0.0
2026-06-18T02:24:47,ERR,ERR,ERR,ERR,ERR,ERR,ERR,ERR,ERR,ERR,ERR,ERR,ERR,ERR,ERR,ERR,ERR,ERR,ERR,ERR,ERR,ERR,ERR,ERR,ERR,ERR,ERR,ERR,ERR,ERR,ERR,ERR,ERR,ERR,ERR,ERR,ERR,ERR,ERR,ERR,ERR,ERR,ERR,ERR,ERR,ERR,ERR,ERR,ERR,ERR,ERR,ERR,ERR,ERR,ERR,ERR,ERR,ERR,ERR,ERR,ERR,ERR,ERR,ERR,ERR,ERR,ERR,ERR,ERR,ERR,ERR,ERR,ERR,ERR,ERR,ERR,ERR,ERR,ERR,ERR,ERR,ERR,ERR,ERR,ERR,ERR,ERR,ERR,ERR,ERR,ERR,ERR,ERR,ERR,ERR,ERR,ERR,ERR,ERR,ERR,ERR,ERR,ERR,ERR,ERR,ERR,ERR,ERR,ERR,ERR,ERR,ERR,ERR,ERR,ERR,ERR,ERR,ERR,ERR,ERR,ERR,ERR,ERR,ERR,ERR,-0.0,2.718431101732002e+23,-0.0,-0.0,0.0,1.3936040501711995e+18,7.805,2.395,0,0,4,48929,6720,14723890282496.0,100,0.0,0.0,0.0,-0.0,0.0,0,0,0,0,0.0,0,0,0,0,0,0,0,0,0,0,0,0,0,0,0,0,0,0,0,0,0,0,0,0,0,0,0,0,0,0,0,0,0,26,51,50,76,65476,0,300,0,0,8,21553,0.0,-107605600.0,0.0,0.0,0.0,0.0,0.0,0.0,0.0,0.0,0.0,0.0,0.0,0.0,0.0,0.0,0.0,0.0,0.0,0.0,0.0,0.0,0.0,-0.0,0.0,2.004,0.0,0.0,0.0,0.0,4760.0,-0.0,7287.0,-0.0,2.718431101732002e+23,-107615360.0,0.0,0.0,0.0,0.0,0.0,77,5.8480842052978964e+35,1.9056842047802573e+17,0.0,0.0,0.0,0.0,0.0,0.0,0.0,0,0,0,0.0,0.0,0.0,0.0,0.0,0.0,0.0,0.0,0.0,0.0,0.0,0.0,0.0,0.0,0.0,0.0,0,-107875648.0,77,0.0,154,0.0,-0.0,ERR,ERR,ERR,ERR,ERR,ERR,ERR,ERR,ERR,ERR,ERR,ERR,ERR,ERR,ERR,ERR,ERR,ERR,ERR,ERR,ERR,ERR,ERR,ERR,ERR,ERR,ERR,ERR,ERR,ERR,ERR,ERR,ERR,ERR,ERR,ERR,ERR,ERR,ERR,ERR,ERR,ERR,ERR,ERR,ERR,ERR,ERR,ERR,ERR,ERR,ERR,ERR,ERR,ERR,ERR,ERR,ERR,ERR,ERR,ERR,ERR,ERR,ERR,ERR,ERR,ERR,ERR,34.0,80.0,35,0.0,0.0,0.0,0.0,0.0,0.0,0.0,0.0,0.0,0.0,0.0,0.0,0.0,0.0,0.0,0.0,66.4,0,120,58,54,65476,0,300,0,0,8,20529,65476,0,0,57672,80.0,0.0,0.0,0.0,0.0,0.0
2026-06-18T02:24:48,ERR,ERR,ERR,ERR,ERR,ERR,ERR,ERR,ERR,ERR,ERR,ERR,ERR,ERR,ERR,ERR,ERR,ERR,ERR,ERR,ERR,ERR,ERR,ERR,ERR,ERR,ERR,ERR,ERR,ERR,ERR,ERR,ERR,ERR,ERR,ERR,ERR,ERR,ERR,ERR,ERR,ERR,ERR,ERR,ERR,ERR,ERR,ERR,ERR,ERR,ERR,ERR,ERR,ERR,ERR,ERR,ERR,ERR,ERR,ERR,ERR,ERR,ERR,ERR,ERR,ERR,ERR,ERR,ERR,ERR,ERR,ERR,ERR,ERR,ERR,ERR,ERR,ERR,ERR,ERR,ERR,ERR,ERR,ERR,ERR,ERR,ERR,ERR,ERR,ERR,ERR,ERR,ERR,ERR,ERR,ERR,ERR,ERR,ERR,ERR,ERR,ERR,ERR,ERR,ERR,ERR,ERR,ERR,ERR,ERR,ERR,ERR,ERR,ERR,ERR,ERR,ERR,ERR,ERR,ERR,ERR,ERR,ERR,ERR,ERR,-0.0,2.718431101732002e+23,-0.0,0.059,0.0,1.3936040501711995e+18,7.805,0.0,0,0,4,48929,6720,14723890282496.0,100,0.0,0.0,0.0,0.059,0.0,0,0,0,0,0.0,0,0,0,0,0,0,0,0,0,0,0,0,0,0,0,0,0,0,0,0,0,0,0,0,0,0,0,0,0,0,0,0,0,26,51,50,76,65476,0,300,0,0,8,21553,0.0,-107605600.0,0.0,0.0,0.0,0.0,0.0,0.0,0.0,0.0,0.0,0.0,0.0,0.0,0.0,0.0,0.0,0.0,0.0,0.0,0.0,0.0,0.0,-0.0,0.0,2.004,0.0,0.0,0.0,0.0,4756.0,-1.5879278419570017e+29,7294.0,-0.0,2.718431101732002e+23,-107615360.0,0.0,0.0,0.0,0.0,0.0,77,2.7184303811560617e+23,-0.0,0.0,0.0,0.0,0.0,0.0,0.0,0.0,0,0,0,0.0,0.0,0.0,0.0,0.0,0.0,0.0,0.0,0.0,0.0,0.0,0.0,0.0,0.0,0.0,0.0,0,-107875648.0,77,0.0,154,0.0,-0.0,ERR,ERR,ERR,ERR,ERR,ERR,ERR,ERR,ERR,ERR,ERR,ERR,ERR,ERR,ERR,ERR,ERR,ERR,ERR,ERR,ERR,ERR,ERR,ERR,ERR,ERR,ERR,ERR,ERR,ERR,ERR,ERR,ERR,ERR,ERR,ERR,ERR,ERR,ERR,ERR,ERR,ERR,ERR,ERR,ERR,ERR,ERR,ERR,ERR,ERR,ERR,ERR,ERR,ERR,ERR,ERR,ERR,ERR,ERR,ERR,ERR,ERR,ERR,ERR,ERR,ERR,ERR,34.0,80.0,35,0.0,0.0,0.0,0.0,0.0,0.0,0.0,0.0,0.0,0.0,0.0,0.0,0.0,0.0,0.0,0.0,66.0,0,120,58,54,65476,0,300,0,0,8,20529,65476,0,0,57672,80.0,0.0,0.0,0.0,0.0,0.0
2026-06-18T02:24:49,ERR,ERR,ERR,ERR,ERR,ERR,ERR,ERR,ERR,ERR,ERR,ERR,ERR,ERR,ERR,ERR,ERR,ERR,ERR,ERR,ERR,ERR,ERR,ERR,ERR,ERR,ERR,ERR,ERR,ERR,ERR,ERR,ERR,ERR,ERR,ERR,ERR,ERR,ERR,ERR,ERR,ERR,ERR,ERR,ERR,ERR,ERR,ERR,ERR,ERR,ERR,ERR,ERR,ERR,ERR,ERR,ERR,ERR,ERR,ERR,ERR,ERR,ERR,ERR,ERR,ERR,ERR,ERR,ERR,ERR,ERR,ERR,ERR,ERR,ERR,ERR,ERR,ERR,ERR,ERR,ERR,ERR,ERR,ERR,ERR,ERR,ERR,ERR,ERR,ERR,ERR,ERR,ERR,ERR,ERR,ERR,ERR,ERR,ERR,ERR,ERR,ERR,ERR,ERR,ERR,ERR,ERR,ERR,ERR,ERR,ERR,ERR,ERR,ERR,ERR,ERR,ERR,ERR,ERR,ERR,ERR,ERR,ERR,ERR,ERR,-0.0,2.718431101732002e+23,-0.0,0.059,0.0,1.3936040501711995e+18,7.805,0.0,0,0,4,48929,6720,14723890282496.0,100,0.0,0.0,0.0,0.059,0.0,0,0,0,0,0.0,0,0,0,0,0,0,0,0,0,0,0,0,0,0,0,0,0,0,0,0,0,0,0,0,0,0,0,0,0,0,0,0,0,26,51,50,76,65476,0,300,0,0,8,21553,0.0,-107605600.0,0.0,0.0,0.0,0.0,0.0,0.0,0.0,0.0,0.0,0.0,0.0,0.0,0.0,0.0,0.0,0.0,0.0,0.0,0.0,0.0,0.0,-0.0,0.0,2.004,0.0,0.0,0.0,0.0,4756.0,-1.5879278419570017e+29,7294.0,-0.0,2.718431101732002e+23,-107615360.0,0.0,0.0,0.0,0.0,0.0,77,2.7184303811560617e+23,-0.0,0.0,0.0,0.0,0.0,0.0,0.0,0.0,0,0,0,0.0,0.0,0.0,0.0,0.0,0.0,0.0,0.0,0.0,0.0,0.0,0.0,0.0,0.0,0.0,0.0,0,-107875648.0,77,0.0,154,0.0,-0.0,ERR,ERR,ERR,ERR,ERR,ERR,ERR,ERR,ERR,ERR,ERR,ERR,ERR,ERR,ERR,ERR,ERR,ERR,ERR,ERR,ERR,ERR,ERR,ERR,ERR,ERR,ERR,ERR,ERR,ERR,ERR,ERR,ERR,ERR,ERR,ERR,ERR,ERR,ERR,ERR,ERR,ERR,ERR,ERR,ERR,ERR,ERR,ERR,ERR,ERR,ERR,ERR,ERR,ERR,ERR,ERR,ERR,ERR,ERR,ERR,ERR,ERR,ERR,ERR,ERR,ERR,ERR,34.0,80.0,35,0.0,0.0,0.0,0.0,0.0,0.0,0.0,0.0,0.0,0.0,0.0,0.0,0.0,0.0,0.0,0.0,66.0,0,120,58,54,65476,0,300,0,0,8,20529,65476,0,0,57672,80.0,0.0,0.0,0.0,0.0,0.0
2026-06-18T02:24:50,ERR,ERR,ERR,ERR,ERR,ERR,ERR,ERR,ERR,ERR,ERR,ERR,ERR,ERR,ERR,ERR,ERR,ERR,ERR,ERR,ERR,ERR,ERR,ERR,ERR,ERR,ERR,ERR,ERR,ERR,ERR,ERR,ERR,ERR,ERR,ERR,ERR,ERR,ERR,ERR,ERR,ERR,ERR,ERR,ERR,ERR,ERR,ERR,ERR,ERR,ERR,ERR,ERR,ERR,ERR,ERR,ERR,ERR,ERR,ERR,ERR,ERR,ERR,ERR,ERR,ERR,ERR,ERR,ERR,ERR,ERR,ERR,ERR,ERR,ERR,ERR,ERR,ERR,ERR,ERR,ERR,ERR,ERR,ERR,ERR,ERR,ERR,ERR,ERR,ERR,ERR,ERR,ERR,ERR,ERR,ERR,ERR,ERR,ERR,ERR,ERR,ERR,ERR,ERR,ERR,ERR,ERR,ERR,ERR,ERR,ERR,ERR,ERR,ERR,ERR,ERR,ERR,ERR,ERR,ERR,ERR,ERR,ERR,ERR,ERR,-0.0,2.718431101732002e+23,-0.0,0.059,0.0,1.3936040501711995e+18,7.805,0.0,0,0,4,48929,6720,14723890282496.0,100,0.0,0.0,0.0,0.059,0.0,0,0,0,0,0.0,0,0,0,0,0,0,0,0,0,0,0,0,0,0,0,0,0,0,0,0,0,0,0,0,0,0,0,0,0,0,0,0,0,26,51,50,76,65476,0,300,0,0,8,21553,0.0,-107605600.0,0.0,0.0,0.0,0.0,0.0,0.0,0.0,0.0,0.0,0.0,0.0,0.0,0.0,0.0,0.0,0.0,0.0,0.0,0.0,0.0,0.0,-0.0,0.0,2.004,0.0,0.0,0.0,0.0,4756.0,-1.5879278419570017e+29,7294.0,-0.0,2.718431101732002e+23,-107615360.0,0.0,0.0,0.0,0.0,0.0,77,2.7184303811560617e+23,-0.0,0.0,0.0,0.0,0.0,0.0,0.0,0.0,0,0,0,0.0,0.0,0.0,0.0,0.0,0.0,0.0,0.0,0.0,0.0,0.0,0.0,0.0,0.0,0.0,0.0,0,-107875648.0,77,0.0,154,0.0,-0.0,ERR,ERR,ERR,ERR,ERR,ERR,ERR,ERR,ERR,ERR,ERR,ERR,ERR,ERR,ERR,ERR,ERR,ERR,ERR,ERR,ERR,ERR,ERR,ERR,ERR,ERR,ERR,ERR,ERR,ERR,ERR,ERR,ERR,ERR,ERR,ERR,ERR,ERR,ERR,ERR,ERR,ERR,ERR,ERR,ERR,ERR,ERR,ERR,ERR,ERR,ERR,ERR,ERR,ERR,ERR,ERR,ERR,ERR,ERR,ERR,ERR,ERR,ERR,ERR,ERR,ERR,ERR,34.0,80.0,35,0.0,0.0,0.0,0.0,0.0,0.0,0.0,0.0,0.0,0.0,0.0,0.0,0.0,0.0,0.0,0.0,66.0,0,120,58,54,65476,0,300,0,0,8,20529,65476,0,0,57672,80.0,0.0,0.0,0.0,0.0,0.0
2026-06-18T02:24:51,ERR,ERR,ERR,ERR,ERR,ERR,ERR,ERR,ERR,ERR,ERR,ERR,ERR,ERR,ERR,ERR,ERR,ERR,ERR,ERR,ERR,ERR,ERR,ERR,ERR,ERR,ERR,ERR,ERR,ERR,ERR,ERR,ERR,ERR,ERR,ERR,ERR,ERR,ERR,ERR,ERR,ERR,ERR,ERR,ERR,ERR,ERR,ERR,ERR,ERR,ERR,ERR,ERR,ERR,ERR,ERR,ERR,ERR,ERR,ERR,ERR,ERR,ERR,ERR,ERR,ERR,ERR,ERR,ERR,ERR,ERR,ERR,ERR,ERR,ERR,ERR,ERR,ERR,ERR,ERR,ERR,ERR,ERR,ERR,ERR,ERR,ERR,ERR,ERR,ERR,ERR,ERR,ERR,ERR,ERR,ERR,ERR,ERR,ERR,ERR,ERR,ERR,ERR,ERR,ERR,ERR,ERR,ERR,ERR,ERR,ERR,ERR,ERR,ERR,ERR,ERR,ERR,ERR,ERR,ERR,ERR,ERR,ERR,ERR,ERR,-0.0,2.718431101732002e+23,-0.0,0.059,0.0,1.3936040501711995e+18,7.805,0.0,0,0,4,48929,6720,14723890282496.0,100,0.0,0.0,0.0,0.059,0.0,0,0,0,0,0.0,0,0,0,0,0,0,0,0,0,0,0,0,0,0,0,0,0,0,0,0,0,0,0,0,0,0,0,0,0,0,0,0,0,26,51,50,76,65476,0,300,0,0,8,21553,0.0,-107605600.0,0.0,0.0,0.0,0.0,0.0,0.0,0.0,0.0,0.0,0.0,0.0,0.0,0.0,0.0,0.0,0.0,0.0,0.0,0.0,0.0,0.0,-0.0,0.0,2.004,0.0,0.0,0.0,0.0,4756.0,-1.5879278419570017e+29,7294.0,-0.0,2.718431101732002e+23,-107615360.0,0.0,0.0,0.0,0.0,0.0,77,2.7184303811560617e+23,-0.0,0.0,0.0,0.0,0.0,0.0,0.0,0.0,0,0,0,0.0,0.0,0.0,0.0,0.0,0.0,0.0,0.0,0.0,0.0,0.0,0.0,0.0,0.0,0.0,0.0,0,-107875648.0,77,0.0,154,0.0,-0.0,ERR,ERR,ERR,ERR,ERR,ERR,ERR,ERR,ERR,ERR,ERR,ERR,ERR,ERR,ERR,ERR,ERR,ERR,ERR,ERR,ERR,ERR,ERR,ERR,ERR,ERR,ERR,ERR,ERR,ERR,ERR,ERR,ERR,ERR,ERR,ERR,ERR,ERR,ERR,ERR,ERR,ERR,ERR,ERR,ERR,ERR,ERR,ERR,ERR,ERR,ERR,ERR,ERR,ERR,ERR,ERR,ERR,ERR,ERR,ERR,ERR,ERR,ERR,ERR,ERR,ERR,ERR,34.0,80.0,35,0.0,0.0,0.0,0.0,0.0,0.0,0.0,0.0,0.0,0.0,0.0,0.0,0.0,0.0,0.0,0.0,66.0,0,120,58,54,65476,0,300,0,0,8,20529,65476,0,0,57672,80.0,0.0,0.0,0.0,0.0,0.0
2026-06-18T02:24:52,ERR,ERR,ERR,ERR,ERR,ERR,ERR,ERR,ERR,ERR,ERR,ERR,ERR,ERR,ERR,ERR,ERR,ERR,ERR,ERR,ERR,ERR,ERR,ERR,ERR,ERR,ERR,ERR,ERR,ERR,ERR,ERR,ERR,ERR,ERR,ERR,ERR,ERR,ERR,ERR,ERR,ERR,ERR,ERR,ERR,ERR,ERR,ERR,ERR,ERR,ERR,ERR,ERR,ERR,ERR,ERR,ERR,ERR,ERR,ERR,ERR,ERR,ERR,ERR,ERR,ERR,ERR,ERR,ERR,ERR,ERR,ERR,ERR,ERR,ERR,ERR,ERR,ERR,ERR,ERR,ERR,ERR,ERR,ERR,ERR,ERR,ERR,ERR,ERR,ERR,ERR,ERR,ERR,ERR,ERR,ERR,ERR,ERR,ERR,ERR,ERR,ERR,ERR,ERR,ERR,ERR,ERR,ERR,ERR,ERR,ERR,ERR,ERR,ERR,ERR,ERR,ERR,ERR,ERR,ERR,ERR,ERR,ERR,ERR,ERR,-0.0,2.718431101732002e+23,-0.0,0.059,0.0,1.3936040501711995e+18,7.805,0.0,0,0,4,48929,6720,14723890282496.0,100,0.0,0.0,0.0,0.059,0.0,0,0,0,0,0.0,0,0,0,0,0,0,0,0,0,0,0,0,0,0,0,0,0,0,0,0,0,0,0,0,0,0,0,0,0,0,0,0,0,26,51,50,76,65476,0,300,0,0,8,21553,0.0,-107605600.0,0.0,0.0,0.0,0.0,0.0,0.0,0.0,0.0,0.0,0.0,0.0,0.0,0.0,0.0,0.0,0.0,0.0,0.0,0.0,0.0,0.0,-0.0,0.0,2.004,0.0,0.0,0.0,0.0,4756.0,-1.5879278419570017e+29,7294.0,-0.0,2.718431101732002e+23,-107615360.0,0.0,0.0,0.0,0.0,0.0,77,2.7184303811560617e+23,-0.0,0.0,0.0,0.0,0.0,0.0,0.0,0.0,0,0,0,0.0,0.0,0.0,0.0,0.0,0.0,0.0,0.0,0.0,0.0,0.0,0.0,0.0,0.0,0.0,0.0,0,-107875648.0,77,0.0,154,0.0,-0.0,ERR,ERR,ERR,ERR,ERR,ERR,ERR,ERR,ERR,ERR,ERR,ERR,ERR,ERR,ERR,ERR,ERR,ERR,ERR,ERR,ERR,ERR,ERR,ERR,ERR,ERR,ERR,ERR,ERR,ERR,ERR,ERR,ERR,ERR,ERR,ERR,ERR,ERR,ERR,ERR,ERR,ERR,ERR,ERR,ERR,ERR,ERR,ERR,ERR,ERR,ERR,ERR,ERR,ERR,ERR,ERR,ERR,ERR,ERR,ERR,ERR,ERR,ERR,ERR,ERR,ERR,ERR,34.0,80.0,35,0.0,0.0,0.0,0.0,0.0,0.0,0.0,0.0,0.0,0.0,0.0,0.0,0.0,0.0,0.0,0.0,66.0,0,120,58,54,65476,0,300,0,0,8,20529,65476,0,0,57672,80.0,0.0,0.0,0.0,0.0,0.0
2026-06-18T02:24:53,ERR,ERR,ERR,ERR,ERR,ERR,ERR,ERR,ERR,ERR,ERR,ERR,ERR,ERR,ERR,ERR,ERR,ERR,ERR,ERR,ERR,ERR,ERR,ERR,ERR,ERR,ERR,ERR,ERR,ERR,ERR,ERR,ERR,ERR,ERR,ERR,ERR,ERR,ERR,ERR,ERR,ERR,ERR,ERR,ERR,ERR,ERR,ERR,ERR,ERR,ERR,ERR,ERR,ERR,ERR,ERR,ERR,ERR,ERR,ERR,ERR,ERR,ERR,ERR,ERR,ERR,ERR,ERR,ERR,ERR,ERR,ERR,ERR,ERR,ERR,ERR,ERR,ERR,ERR,ERR,ERR,ERR,ERR,ERR,ERR,ERR,ERR,ERR,ERR,ERR,ERR,ERR,ERR,ERR,ERR,ERR,ERR,ERR,ERR,ERR,ERR,ERR,ERR,ERR,ERR,ERR,ERR,ERR,ERR,ERR,ERR,ERR,ERR,ERR,ERR,ERR,ERR,ERR,ERR,ERR,ERR,ERR,ERR,ERR,ERR,-0.0,2.718431101732002e+23,-0.0,-0.0,0.0,1.3936040501711995e+18,7.805,2.395,0,0,4,48935,6720,14723890282496.0,100,0.0,0.0,0.0,2.718290229135658e+23,0.0,0,0,0,0,0.0,0,0,0,0,0,0,0,0,0,0,0,0,0,0,0,0,0,0,0,0,0,0,0,0,0,0,0,0,0,0,0,0,0,26,51,50,76,65476,0,300,0,0,8,21553,0.0,-107605600.0,0.0,0.0,0.0,0.0,0.0,0.0,0.0,0.0,0.0,0.0,0.0,0.0,0.0,0.0,0.0,0.0,0.0,0.0,0.0,0.0,0.0,-0.0,0.0,2.004,0.0,0.0,0.0,0.0,4756.0,-2.4229855986892726e+24,7293.0,-0.0,2.718431101732002e+23,-107615360.0,0.0,0.0,0.0,0.0,0.0,77,126841126912.0,-0.0,0.0,0.0,0.0,0.0,0.0,0.0,0.0,0,0,0,0.0,0.0,0.0,0.0,0.0,0.0,0.0,0.0,0.0,0.0,0.0,0.0,0.0,0.0,0.0,0.0,0,-107875648.0,77,0.0,154,0.0,-0.0,ERR,ERR,ERR,ERR,ERR,ERR,ERR,ERR,ERR,ERR,ERR,ERR,ERR,ERR,ERR,ERR,ERR,ERR,ERR,ERR,ERR,ERR,ERR,ERR,ERR,ERR,ERR,ERR,ERR,ERR,ERR,ERR,ERR,ERR,ERR,ERR,ERR,ERR,ERR,ERR,ERR,ERR,ERR,ERR,ERR,ERR,ERR,ERR,ERR,ERR,ERR,ERR,ERR,ERR,ERR,ERR,ERR,ERR,ERR,ERR,ERR,ERR,ERR,ERR,ERR,ERR,ERR,34.0,80.0,35,0.0,0.0,0.0,0.0,0.0,0.0,0.0,0.0,0.0,0.0,0.0,0.0,0.0,0.0,0.0,0.0,66.0,0,120,58,54,65476,0,300,0,0,8,20529,65476,0,0,57672,80.0,0.0,0.0,0.0,0.0,0.0
2026-06-18T02:24:54,ERR,ERR,ERR,ERR,ERR,ERR,ERR,ERR,ERR,ERR,ERR,ERR,ERR,ERR,ERR,ERR,ERR,ERR,ERR,ERR,ERR,ERR,ERR,ERR,ERR,ERR,ERR,ERR,ERR,ERR,ERR,ERR,ERR,ERR,ERR,ERR,ERR,ERR,ERR,ERR,ERR,ERR,ERR,ERR,ERR,ERR,ERR,ERR,ERR,ERR,ERR,ERR,ERR,ERR,ERR,ERR,ERR,ERR,ERR,ERR,ERR,ERR,ERR,ERR,ERR,ERR,ERR,ERR,ERR,ERR,ERR,ERR,ERR,ERR,ERR,ERR,ERR,ERR,ERR,ERR,ERR,ERR,ERR,ERR,ERR,ERR,ERR,ERR,ERR,ERR,ERR,ERR,ERR,ERR,ERR,ERR,ERR,ERR,ERR,ERR,ERR,ERR,ERR,ERR,ERR,ERR,ERR,ERR,ERR,ERR,ERR,ERR,ERR,ERR,ERR,ERR,ERR,ERR,ERR,ERR,ERR,ERR,ERR,ERR,ERR,-0.0,2.718431101732002e+23,-0.0,-0.0,0.0,1.3936040501711995e+18,7.805,2.395,0,0,4,48935,6720,14723890282496.0,100,0.0,0.0,0.0,2.718290229135658e+23,0.0,0,0,0,0,0.0,0,0,0,0,0,0,0,0,0,0,0,0,0,0,0,0,0,0,0,0,0,0,0,0,0,0,0,0,0,0,0,0,0,26,51,50,76,65476,0,300,0,0,8,21553,0.0,-107605600.0,0.0,0.0,0.0,0.0,0.0,0.0,0.0,0.0,0.0,0.0,0.0,0.0,0.0,0.0,0.0,0.0,0.0,0.0,0.0,0.0,0.0,-0.0,0.0,2.004,0.0,0.0,0.0,0.0,4756.0,-2.4229855986892726e+24,7293.0,-0.0,2.718431101732002e+23,-107615360.0,0.0,0.0,0.0,0.0,0.0,77,126841126912.0,-0.0,0.0,0.0,0.0,0.0,0.0,0.0,0.0,0,0,0,0.0,0.0,0.0,0.0,0.0,0.0,0.0,0.0,0.0,0.0,0.0,0.0,0.0,0.0,0.0,0.0,0,-107875648.0,77,0.0,154,0.0,-0.0,ERR,ERR,ERR,ERR,ERR,ERR,ERR,ERR,ERR,ERR,ERR,ERR,ERR,ERR,ERR,ERR,ERR,ERR,ERR,ERR,ERR,ERR,ERR,ERR,ERR,ERR,ERR,ERR,ERR,ERR,ERR,ERR,ERR,ERR,ERR,ERR,ERR,ERR,ERR,ERR,ERR,ERR,ERR,ERR,ERR,ERR,ERR,ERR,ERR,ERR,ERR,ERR,ERR,ERR,ERR,ERR,ERR,ERR,ERR,ERR,ERR,ERR,ERR,ERR,ERR,ERR,ERR,34.0,80.0,35,0.0,0.0,0.0,0.0,0.0,0.0,0.0,0.0,0.0,0.0,0.0,0.0,0.0,0.0,0.0,0.0,66.4,0,120,58,54,65476,0,300,0,0,8,20529,65476,0,0,57672,80.0,0.0,0.0,0.0,0.0,0.0
2026-06-18T02:24:55,ERR,ERR,ERR,ERR,ERR,ERR,ERR,ERR,ERR,ERR,ERR,ERR,ERR,ERR,ERR,ERR,ERR,ERR,ERR,ERR,ERR,ERR,ERR,ERR,ERR,ERR,ERR,ERR,ERR,ERR,ERR,ERR,ERR,ERR,ERR,ERR,ERR,ERR,ERR,ERR,ERR,ERR,ERR,ERR,ERR,ERR,ERR,ERR,ERR,ERR,ERR,ERR,ERR,ERR,ERR,ERR,ERR,ERR,ERR,ERR,ERR,ERR,ERR,ERR,ERR,ERR,ERR,ERR,ERR,ERR,ERR,ERR,ERR,ERR,ERR,ERR,ERR,ERR,ERR,ERR,ERR,ERR,ERR,ERR,ERR,ERR,ERR,ERR,ERR,ERR,ERR,ERR,ERR,ERR,ERR,ERR,ERR,ERR,ERR,ERR,ERR,ERR,ERR,ERR,ERR,ERR,ERR,ERR,ERR,ERR,ERR,ERR,ERR,ERR,ERR,ERR,ERR,ERR,ERR,ERR,ERR,ERR,ERR,ERR,ERR,-0.0,2.718431101732002e+23,-0.0,-0.0,0.0,1.3936040501711995e+18,7.805,2.395,0,0,4,48935,6720,14723890282496.0,100,0.0,0.0,0.0,2.718290229135658e+23,0.0,0,0,0,0,0.0,0,0,0,0,0,0,0,0,0,0,0,0,0,0,0,0,0,0,0,0,0,0,0,0,0,0,0,0,0,0,0,0,0,26,51,50,76,65476,0,300,0,0,8,21553,0.0,-107605600.0,0.0,0.0,0.0,0.0,0.0,0.0,0.0,0.0,0.0,0.0,0.0,0.0,0.0,0.0,0.0,0.0,0.0,0.0,0.0,0.0,0.0,-0.0,0.0,2.004,0.0,0.0,0.0,0.0,4756.0,-2.4229855986892726e+24,7293.0,-0.0,2.718431101732002e+23,-107615360.0,0.0,0.0,0.0,0.0,0.0,77,126841126912.0,-0.0,0.0,0.0,0.0,0.0,0.0,0.0,0.0,0,0,0,0.0,0.0,0.0,0.0,0.0,0.0,0.0,0.0,0.0,0.0,0.0,0.0,0.0,0.0,0.0,0.0,0,-107875648.0,77,0.0,154,0.0,-0.0,ERR,ERR,ERR,ERR,ERR,ERR,ERR,ERR,ERR,ERR,ERR,ERR,ERR,ERR,ERR,ERR,ERR,ERR,ERR,ERR,ERR,ERR,ERR,ERR,ERR,ERR,ERR,ERR,ERR,ERR,ERR,ERR,ERR,ERR,ERR,ERR,ERR,ERR,ERR,ERR,ERR,ERR,ERR,ERR,ERR,ERR,ERR,ERR,ERR,ERR,ERR,ERR,ERR,ERR,ERR,ERR,ERR,ERR,ERR,ERR,ERR,ERR,ERR,ERR,ERR,ERR,ERR,34.0,80.0,35,0.0,0.0,0.0,0.0,0.0,0.0,0.0,0.0,0.0,0.0,0.0,0.0,0.0,0.0,0.0,0.0,66.0,0,120,58,54,65476,0,300,0,0,8,20529,65476,0,0,57672,80.0,0.0,0.0,0.0,0.0,0.0
2026-06-18T02:24:56,ERR,ERR,ERR,ERR,ERR,ERR,ERR,ERR,ERR,ERR,ERR,ERR,ERR,ERR,ERR,ERR,ERR,ERR,ERR,ERR,ERR,ERR,ERR,ERR,ERR,ERR,ERR,ERR,ERR,ERR,ERR,ERR,ERR,ERR,ERR,ERR,ERR,ERR,ERR,ERR,ERR,ERR,ERR,ERR,ERR,ERR,ERR,ERR,ERR,ERR,ERR,ERR,ERR,ERR,ERR,ERR,ERR,ERR,ERR,ERR,ERR,ERR,ERR,ERR,ERR,ERR,ERR,ERR,ERR,ERR,ERR,ERR,ERR,ERR,ERR,ERR,ERR,ERR,ERR,ERR,ERR,ERR,ERR,ERR,ERR,ERR,ERR,ERR,ERR,ERR,ERR,ERR,ERR,ERR,ERR,ERR,ERR,ERR,ERR,ERR,ERR,ERR,ERR,ERR,ERR,ERR,ERR,ERR,ERR,ERR,ERR,ERR,ERR,ERR,ERR,ERR,ERR,ERR,ERR,ERR,ERR,ERR,ERR,ERR,ERR,-0.0,2.718431101732002e+23,-0.0,-0.0,0.0,1.3936040501711995e+18,7.805,2.395,0,0,4,48935,6720,14723890282496.0,100,0.0,0.0,0.0,2.718290229135658e+23,0.0,0,0,0,0,0.0,0,0,0,0,0,0,0,0,0,0,0,0,0,0,0,0,0,0,0,0,0,0,0,0,0,0,0,0,0,0,0,0,0,26,51,50,76,65476,0,300,0,0,8,21553,0.0,-107605600.0,0.0,0.0,0.0,0.0,0.0,0.0,0.0,0.0,0.0,0.0,0.0,0.0,0.0,0.0,0.0,0.0,0.0,0.0,0.0,0.0,0.0,-0.0,0.0,2.004,0.0,0.0,0.0,0.0,4756.0,-2.4229855986892726e+24,7293.0,-0.0,2.718431101732002e+23,-107615360.0,0.0,0.0,0.0,0.0,0.0,77,126841126912.0,-0.0,0.0,0.0,0.0,0.0,0.0,0.0,0.0,0,0,0,0.0,0.0,0.0,0.0,0.0,0.0,0.0,0.0,0.0,0.0,0.0,0.0,0.0,0.0,0.0,0.0,0,-107875648.0,77,0.0,154,0.0,-0.0,ERR,ERR,ERR,ERR,ERR,ERR,ERR,ERR,ERR,ERR,ERR,ERR,ERR,ERR,ERR,ERR,ERR,ERR,ERR,ERR,ERR,ERR,ERR,ERR,ERR,ERR,ERR,ERR,ERR,ERR,ERR,ERR,ERR,ERR,ERR,ERR,ERR,ERR,ERR,ERR,ERR,ERR,ERR,ERR,ERR,ERR,ERR,ERR,ERR,ERR,ERR,ERR,ERR,ERR,ERR,ERR,ERR,ERR,ERR,ERR,ERR,ERR,ERR,ERR,ERR,ERR,ERR,34.0,80.0,35,0.0,0.0,0.0,0.0,0.0,0.0,0.0,0.0,0.0,0.0,0.0,0.0,0.0,0.0,0.0,0.0,66.0,0,120,58,54,65476,0,300,0,0,8,20529,65476,0,0,57672,80.0,0.0,0.0,0.0,0.0,0.0
2026-06-18T02:24:57,ERR,ERR,ERR,ERR,ERR,ERR,ERR,ERR,ERR,ERR,ERR,ERR,ERR,ERR,ERR,ERR,ERR,ERR,ERR,ERR,ERR,ERR,ERR,ERR,ERR,ERR,ERR,ERR,ERR,ERR,ERR,ERR,ERR,ERR,ERR,ERR,ERR,ERR,ERR,ERR,ERR,ERR,ERR,ERR,ERR,ERR,ERR,ERR,ERR,ERR,ERR,ERR,ERR,ERR,ERR,ERR,ERR,ERR,ERR,ERR,ERR,ERR,ERR,ERR,ERR,ERR,ERR,ERR,ERR,ERR,ERR,ERR,ERR,ERR,ERR,ERR,ERR,ERR,ERR,ERR,ERR,ERR,ERR,ERR,ERR,ERR,ERR,ERR,ERR,ERR,ERR,ERR,ERR,ERR,ERR,ERR,ERR,ERR,ERR,ERR,ERR,ERR,ERR,ERR,ERR,ERR,ERR,ERR,ERR,ERR,ERR,ERR,ERR,ERR,ERR,ERR,ERR,ERR,ERR,ERR,ERR,ERR,ERR,ERR,ERR,-0.0,2.718431101732002e+23,-0.0,-0.0,0.0,1.3936040501711995e+18,7.805,2.395,0,0,4,48935,6720,14723890282496.0,100,0.0,0.0,0.0,2.718290229135658e+23,0.0,0,0,0,0,0.0,0,0,0,0,0,0,0,0,0,0,0,0,0,0,0,0,0,0,0,0,0,0,0,0,0,0,0,0,0,0,0,0,0,26,51,50,76,65476,0,300,0,0,8,21553,0.0,-107605600.0,0.0,0.0,0.0,0.0,0.0,0.0,0.0,0.0,0.0,0.0,0.0,0.0,0.0,0.0,0.0,0.0,0.0,0.0,0.0,0.0,0.0,-0.0,0.0,2.004,0.0,0.0,0.0,0.0,4756.0,-2.4229855986892726e+24,7293.0,-0.0,2.718431101732002e+23,-107615360.0,0.0,0.0,0.0,0.0,0.0,77,126841126912.0,-0.0,0.0,0.0,0.0,0.0,0.0,0.0,0.0,0,0,0,0.0,0.0,0.0,0.0,0.0,0.0,0.0,0.0,0.0,0.0,0.0,0.0,0.0,0.0,0.0,0.0,0,-107875648.0,77,0.0,154,0.0,-0.0,ERR,ERR,ERR,ERR,ERR,ERR,ERR,ERR,ERR,ERR,ERR,ERR,ERR,ERR,ERR,ERR,ERR,ERR,ERR,ERR,ERR,ERR,ERR,ERR,ERR,ERR,ERR,ERR,ERR,ERR,ERR,ERR,ERR,ERR,ERR,ERR,ERR,ERR,ERR,ERR,ERR,ERR,ERR,ERR,ERR,ERR,ERR,ERR,ERR,ERR,ERR,ERR,ERR,ERR,ERR,ERR,ERR,ERR,ERR,ERR,ERR,ERR,ERR,ERR,ERR,ERR,ERR,34.0,80.0,35,0.0,0.0,0.0,0.0,0.0,0.0,0.0,0.0,0.0,0.0,0.0,0.0,0.0,0.0,0.0,0.0,66.0,0,120,58,54,65476,0,300,0,0,8,20529,65476,0,0,57672,80.0,0.0,0.0,0.0,0.0,0.0
2026-06-18T02:24:58,ERR,ERR,ERR,ERR,ERR,ERR,ERR,ERR,ERR,ERR,ERR,ERR,ERR,ERR,ERR,ERR,ERR,ERR,ERR,ERR,ERR,ERR,ERR,ERR,ERR,ERR,ERR,ERR,ERR,ERR,ERR,ERR,ERR,ERR,ERR,ERR,ERR,ERR,ERR,ERR,ERR,ERR,ERR,ERR,ERR,ERR,ERR,ERR,ERR,ERR,ERR,ERR,ERR,ERR,ERR,ERR,ERR,ERR,ERR,ERR,ERR,ERR,ERR,ERR,ERR,ERR,ERR,ERR,ERR,ERR,ERR,ERR,ERR,ERR,ERR,ERR,ERR,ERR,ERR,ERR,ERR,ERR,ERR,ERR,ERR,ERR,ERR,ERR,ERR,ERR,ERR,ERR,ERR,ERR,ERR,ERR,ERR,ERR,ERR,ERR,ERR,ERR,ERR,ERR,ERR,ERR,ERR,ERR,ERR,ERR,ERR,ERR,ERR,ERR,ERR,ERR,ERR,ERR,ERR,ERR,ERR,ERR,ERR,ERR,ERR,-0.0,2.718431101732002e+23,-0.0,-0.0,0.0,1.3936040501711995e+18,7.805,2.395,0,0,4,48930,6720,14723890282496.0,100,0.0,0.0,0.0,-152005385388032.0,0.0,0,0,0,0,0.0,0,0,0,0,0,0,0,0,0,0,0,0,0,0,0,0,0,0,0,0,0,0,0,0,0,0,0,0,0,0,0,0,0,26,51,50,76,65476,0,300,0,0,8,21553,0.0,-107605600.0,0.0,0.0,0.0,0.0,0.0,0.0,0.0,0.0,0.0,0.0,0.0,0.0,0.0,0.0,0.0,0.0,0.0,0.0,0.0,0.0,0.0,-0.0,0.0,2.004,0.0,0.0,0.0,0.0,4787.0,0.0,7265.0,-0.0,2.718431101732002e+23,-107615360.0,0.0,0.0,0.0,0.0,0.0,77,2.7184303811560617e+23,-107614704.0,0.0,0.0,0.0,0.0,0.0,0.0,0.0,0,0,0,0.0,0.0,0.0,0.0,0.0,0.0,0.0,0.0,0.0,0.0,0.0,0.0,0.0,0.0,0.0,0.0,0,-107875648.0,77,0.0,154,0.0,-0.0,ERR,ERR,ERR,ERR,ERR,ERR,ERR,ERR,ERR,ERR,ERR,ERR,ERR,ERR,ERR,ERR,ERR,ERR,ERR,ERR,ERR,ERR,ERR,ERR,ERR,ERR,ERR,ERR,ERR,ERR,ERR,ERR,ERR,ERR,ERR,ERR,ERR,ERR,ERR,ERR,ERR,ERR,ERR,ERR,ERR,ERR,ERR,ERR,ERR,ERR,ERR,ERR,ERR,ERR,ERR,ERR,ERR,ERR,ERR,ERR,ERR,ERR,ERR,ERR,ERR,ERR,ERR,34.0,80.0,35,0.0,0.0,0.0,0.0,0.0,0.0,0.0,0.0,0.0,0.0,0.0,0.0,0.0,0.0,0.0,0.0,66.0,0,120,58,54,65476,0,300,0,0,8,20529,65476,0,0,57672,80.0,0.0,0.0,0.0,0.0,0.0
2026-06-18T02:24:59,ERR,ERR,ERR,ERR,ERR,ERR,ERR,ERR,ERR,ERR,ERR,ERR,ERR,ERR,ERR,ERR,ERR,ERR,ERR,ERR,ERR,ERR,ERR,ERR,ERR,ERR,ERR,ERR,ERR,ERR,ERR,ERR,ERR,ERR,ERR,ERR,ERR,ERR,ERR,ERR,ERR,ERR,ERR,ERR,ERR,ERR,ERR,ERR,ERR,ERR,ERR,ERR,ERR,ERR,ERR,ERR,ERR,ERR,ERR,ERR,ERR,ERR,ERR,ERR,ERR,ERR,ERR,ERR,ERR,ERR,ERR,ERR,ERR,ERR,ERR,ERR,ERR,ERR,ERR,ERR,ERR,ERR,ERR,ERR,ERR,ERR,ERR,ERR,ERR,ERR,ERR,ERR,ERR,ERR,ERR,ERR,ERR,ERR,ERR,ERR,ERR,ERR,ERR,ERR,ERR,ERR,ERR,ERR,ERR,ERR,ERR,ERR,ERR,ERR,ERR,ERR,ERR,ERR,ERR,ERR,ERR,ERR,ERR,ERR,ERR,-0.0,2.718431101732002e+23,-0.0,-0.0,0.0,1.3936040501711995e+18,7.805,2.395,0,0,4,48930,6720,14723890282496.0,100,0.0,0.0,0.0,-152005385388032.0,0.0,0,0,0,0,0.0,0,0,0,0,0,0,0,0,0,0,0,0,0,0,0,0,0,0,0,0,0,0,0,0,0,0,0,0,0,0,0,0,0,26,51,50,76,65476,0,300,0,0,8,21553,0.0,-107605600.0,0.0,0.0,0.0,0.0,0.0,0.0,0.0,0.0,0.0,0.0,0.0,0.0,0.0,0.0,0.0,0.0,0.0,0.0,0.0,0.0,0.0,-0.0,0.0,2.004,0.0,0.0,0.0,0.0,4787.0,0.0,7265.0,-0.0,2.718431101732002e+23,-107615360.0,0.0,0.0,0.0,0.0,0.0,77,2.7184303811560617e+23,-107614704.0,0.0,0.0,0.0,0.0,0.0,0.0,0.0,0,0,0,0.0,0.0,0.0,0.0,0.0,0.0,0.0,0.0,0.0,0.0,0.0,0.0,0.0,0.0,0.0,0.0,0,-107875648.0,77,0.0,154,0.0,-0.0,ERR,ERR,ERR,ERR,ERR,ERR,ERR,ERR,ERR,ERR,ERR,ERR,ERR,ERR,ERR,ERR,ERR,ERR,ERR,ERR,ERR,ERR,ERR,ERR,ERR,ERR,ERR,ERR,ERR,ERR,ERR,ERR,ERR,ERR,ERR,ERR,ERR,ERR,ERR,ERR,ERR,ERR,ERR,ERR,ERR,ERR,ERR,ERR,ERR,ERR,ERR,ERR,ERR,ERR,ERR,ERR,ERR,ERR,ERR,ERR,ERR,ERR,ERR,ERR,ERR,ERR,ERR,34.0,80.0,35,0.0,0.0,0.0,0.0,0.0,0.0,0.0,0.0,0.0,0.0,0.0,0.0,0.0,0.0,0.0,0.0,66.4,0,120,58,54,65476,0,300,0,0,8,20529,65476,0,0,57672,80.0,0.0,0.0,0.0,0.0,0.0
2026-06-18T02:25:00,ERR,ERR,ERR,ERR,ERR,ERR,ERR,ERR,ERR,ERR,ERR,ERR,ERR,ERR,ERR,ERR,ERR,ERR,ERR,ERR,ERR,ERR,ERR,ERR,ERR,ERR,ERR,ERR,ERR,ERR,ERR,ERR,ERR,ERR,ERR,ERR,ERR,ERR,ERR,ERR,ERR,ERR,ERR,ERR,ERR,ERR,ERR,ERR,ERR,ERR,ERR,ERR,ERR,ERR,ERR,ERR,ERR,ERR,ERR,ERR,ERR,ERR,ERR,ERR,ERR,ERR,ERR,ERR,ERR,ERR,ERR,ERR,ERR,ERR,ERR,ERR,ERR,ERR,ERR,ERR,ERR,ERR,ERR,ERR,ERR,ERR,ERR,ERR,ERR,ERR,ERR,ERR,ERR,ERR,ERR,ERR,ERR,ERR,ERR,ERR,ERR,ERR,ERR,ERR,ERR,ERR,ERR,ERR,ERR,ERR,ERR,ERR,ERR,ERR,ERR,ERR,ERR,ERR,ERR,ERR,ERR,ERR,ERR,ERR,ERR,-0.0,2.718431101732002e+23,-0.0,-0.0,0.0,1.3936040501711995e+18,7.805,2.395,0,0,4,48930,6720,14723890282496.0,100,0.0,0.0,0.0,-152005385388032.0,0.0,0,0,0,0,0.0,0,0,0,0,0,0,0,0,0,0,0,0,0,0,0,0,0,0,0,0,0,0,0,0,0,0,0,0,0,0,0,0,0,26,51,50,76,65476,0,300,0,0,8,21553,0.0,-107605600.0,0.0,0.0,0.0,0.0,0.0,0.0,0.0,0.0,0.0,0.0,0.0,0.0,0.0,0.0,0.0,0.0,0.0,0.0,0.0,0.0,0.0,-0.0,0.0,2.004,0.0,0.0,0.0,0.0,4787.0,0.0,7265.0,-0.0,2.718431101732002e+23,-107615360.0,0.0,0.0,0.0,0.0,0.0,77,2.7184303811560617e+23,-107614704.0,0.0,0.0,0.0,0.0,0.0,0.0,0.0,0,0,0,0.0,0.0,0.0,0.0,0.0,0.0,0.0,0.0,0.0,0.0,0.0,0.0,0.0,0.0,0.0,0.0,0,-107875648.0,77,0.0,154,0.0,-0.0,ERR,ERR,ERR,ERR,ERR,ERR,ERR,ERR,ERR,ERR,ERR,ERR,ERR,ERR,ERR,ERR,ERR,ERR,ERR,ERR,ERR,ERR,ERR,ERR,ERR,ERR,ERR,ERR,ERR,ERR,ERR,ERR,ERR,ERR,ERR,ERR,ERR,ERR,ERR,ERR,ERR,ERR,ERR,ERR,ERR,ERR,ERR,ERR,ERR,ERR,ERR,ERR,ERR,ERR,ERR,ERR,ERR,ERR,ERR,ERR,ERR,ERR,ERR,ERR,ERR,ERR,ERR,34.0,80.0,35,0.0,0.0,0.0,0.0,0.0,0.0,0.0,0.0,0.0,0.0,0.0,0.0,0.0,0.0,0.0,0.0,66.4,0,120,58,54,65476,0,300,0,0,8,20529,65476,0,0,57672,80.0,0.0,0.0,0.0,0.0,0.0
2026-06-18T02:25:01,ERR,ERR,ERR,ERR,ERR,ERR,ERR,ERR,ERR,ERR,ERR,ERR,ERR,ERR,ERR,ERR,ERR,ERR,ERR,ERR,ERR,ERR,ERR,ERR,ERR,ERR,ERR,ERR,ERR,ERR,ERR,ERR,ERR,ERR,ERR,ERR,ERR,ERR,ERR,ERR,ERR,ERR,ERR,ERR,ERR,ERR,ERR,ERR,ERR,ERR,ERR,ERR,ERR,ERR,ERR,ERR,ERR,ERR,ERR,ERR,ERR,ERR,ERR,ERR,ERR,ERR,ERR,ERR,ERR,ERR,ERR,ERR,ERR,ERR,ERR,ERR,ERR,ERR,ERR,ERR,ERR,ERR,ERR,ERR,ERR,ERR,ERR,ERR,ERR,ERR,ERR,ERR,ERR,ERR,ERR,ERR,ERR,ERR,ERR,ERR,ERR,ERR,ERR,ERR,ERR,ERR,ERR,ERR,ERR,ERR,ERR,ERR,ERR,ERR,ERR,ERR,ERR,ERR,ERR,ERR,ERR,ERR,ERR,ERR,ERR,-0.0,2.718431101732002e+23,-0.0,-0.0,0.0,1.3936040501711995e+18,7.805,2.395,0,0,4,48930,6720,14723890282496.0,100,0.0,0.0,0.0,-152005385388032.0,0.0,0,0,0,0,0.0,0,0,0,0,0,0,0,0,0,0,0,0,0,0,0,0,0,0,0,0,0,0,0,0,0,0,0,0,0,0,0,0,0,26,51,50,76,65476,0,300,0,0,8,21553,0.0,-107605600.0,0.0,0.0,0.0,0.0,0.0,0.0,0.0,0.0,0.0,0.0,0.0,0.0,0.0,0.0,0.0,0.0,0.0,0.0,0.0,0.0,0.0,-0.0,0.0,2.004,0.0,0.0,0.0,0.0,4787.0,0.0,7265.0,-0.0,2.718431101732002e+23,-107615360.0,0.0,0.0,0.0,0.0,0.0,77,2.7184303811560617e+23,-107614704.0,0.0,0.0,0.0,0.0,0.0,0.0,0.0,0,0,0,0.0,0.0,0.0,0.0,0.0,0.0,0.0,0.0,0.0,0.0,0.0,0.0,0.0,0.0,0.0,0.0,0,-107875648.0,77,0.0,154,0.0,-0.0,ERR,ERR,ERR,ERR,ERR,ERR,ERR,ERR,ERR,ERR,ERR,ERR,ERR,ERR,ERR,ERR,ERR,ERR,ERR,ERR,ERR,ERR,ERR,ERR,ERR,ERR,ERR,ERR,ERR,ERR,ERR,ERR,ERR,ERR,ERR,ERR,ERR,ERR,ERR,ERR,ERR,ERR,ERR,ERR,ERR,ERR,ERR,ERR,ERR,ERR,ERR,ERR,ERR,ERR,ERR,ERR,ERR,ERR,ERR,ERR,ERR,ERR,ERR,ERR,ERR,ERR,ERR,34.0,80.0,35,0.0,0.0,0.0,0.0,0.0,0.0,0.0,0.0,0.0,0.0,0.0,0.0,0.0,0.0,0.0,0.0,66.0,0,120,58,54,65476,0,300,0,0,8,20529,65476,0,0,57672,80.0,0.0,0.0,0.0,0.0,0.0
2026-06-18T02:25:02,ERR,ERR,ERR,ERR,ERR,ERR,ERR,ERR,ERR,ERR,ERR,ERR,ERR,ERR,ERR,ERR,ERR,ERR,ERR,ERR,ERR,ERR,ERR,ERR,ERR,ERR,ERR,ERR,ERR,ERR,ERR,ERR,ERR,ERR,ERR,ERR,ERR,ERR,ERR,ERR,ERR,ERR,ERR,ERR,ERR,ERR,ERR,ERR,ERR,ERR,ERR,ERR,ERR,ERR,ERR,ERR,ERR,ERR,ERR,ERR,ERR,ERR,ERR,ERR,ERR,ERR,ERR,ERR,ERR,ERR,ERR,ERR,ERR,ERR,ERR,ERR,ERR,ERR,ERR,ERR,ERR,ERR,ERR,ERR,ERR,ERR,ERR,ERR,ERR,ERR,ERR,ERR,ERR,ERR,ERR,ERR,ERR,ERR,ERR,ERR,ERR,ERR,ERR,ERR,ERR,ERR,ERR,ERR,ERR,ERR,ERR,ERR,ERR,ERR,ERR,ERR,ERR,ERR,ERR,ERR,ERR,ERR,ERR,ERR,ERR,-0.0,2.718431101732002e+23,-0.0,-0.0,0.0,1.3936040501711995e+18,7.805,2.395,0,0,4,48930,6720,14723890282496.0,100,0.0,0.0,0.0,-152005385388032.0,0.0,0,0,0,0,0.0,0,0,0,0,0,0,0,0,0,0,0,0,0,0,0,0,0,0,0,0,0,0,0,0,0,0,0,0,0,0,0,0,0,26,51,50,76,65476,0,300,0,0,8,21553,0.0,-107605600.0,0.0,0.0,0.0,0.0,0.0,0.0,0.0,0.0,0.0,0.0,0.0,0.0,0.0,0.0,0.0,0.0,0.0,0.0,0.0,0.0,0.0,-0.0,0.0,2.004,0.0,0.0,0.0,0.0,4787.0,0.0,7265.0,-0.0,2.718431101732002e+23,-107615360.0,0.0,0.0,0.0,0.0,0.0,77,2.7184303811560617e+23,-107614704.0,0.0,0.0,0.0,0.0,0.0,0.0,0.0,0,0,0,0.0,0.0,0.0,0.0,0.0,0.0,0.0,0.0,0.0,0.0,0.0,0.0,0.0,0.0,0.0,0.0,0,-107875648.0,77,0.0,154,0.0,-0.0,ERR,ERR,ERR,ERR,ERR,ERR,ERR,ERR,ERR,ERR,ERR,ERR,ERR,ERR,ERR,ERR,ERR,ERR,ERR,ERR,ERR,ERR,ERR,ERR,ERR,ERR,ERR,ERR,ERR,ERR,ERR,ERR,ERR,ERR,ERR,ERR,ERR,ERR,ERR,ERR,ERR,ERR,ERR,ERR,ERR,ERR,ERR,ERR,ERR,ERR,ERR,ERR,ERR,ERR,ERR,ERR,ERR,ERR,ERR,ERR,ERR,ERR,ERR,ERR,ERR,ERR,ERR,34.0,80.0,35,0.0,0.0,0.0,0.0,0.0,0.0,0.0,0.0,0.0,0.0,0.0,0.0,0.0,0.0,0.0,0.0,66.0,0,120,58,54,65476,0,300,0,0,8,20529,65476,0,0,57672,80.0,0.0,0.0,0.0,0.0,0.0
2026-06-18T02:25:03,ERR,ERR,ERR,ERR,ERR,ERR,ERR,ERR,ERR,ERR,ERR,ERR,ERR,ERR,ERR,ERR,ERR,ERR,ERR,ERR,ERR,ERR,ERR,ERR,ERR,ERR,ERR,ERR,ERR,ERR,ERR,ERR,ERR,ERR,ERR,ERR,ERR,ERR,ERR,ERR,ERR,ERR,ERR,ERR,ERR,ERR,ERR,ERR,ERR,ERR,ERR,ERR,ERR,ERR,ERR,ERR,ERR,ERR,ERR,ERR,ERR,ERR,ERR,ERR,ERR,ERR,ERR,ERR,ERR,ERR,ERR,ERR,ERR,ERR,ERR,ERR,ERR,ERR,ERR,ERR,ERR,ERR,ERR,ERR,ERR,ERR,ERR,ERR,ERR,ERR,ERR,ERR,ERR,ERR,ERR,ERR,ERR,ERR,ERR,ERR,ERR,ERR,ERR,ERR,ERR,ERR,ERR,ERR,ERR,ERR,ERR,ERR,ERR,ERR,ERR,ERR,ERR,ERR,ERR,ERR,ERR,ERR,ERR,ERR,ERR,-0.0,2.718431101732002e+23,-0.0,-0.0,0.0,1.3936040501711995e+18,7.805,2.395,0,0,4,48930,6720,14723890282496.0,100,0.0,0.0,0.0,-152005385388032.0,0.0,0,0,0,0,0.0,0,0,0,0,0,0,0,0,0,0,0,0,0,0,0,0,0,0,0,0,0,0,0,0,0,0,0,0,0,0,0,0,0,26,51,50,76,65476,0,300,0,0,8,21553,0.0,-107605600.0,0.0,0.0,0.0,0.0,0.0,0.0,0.0,0.0,0.0,0.0,0.0,0.0,0.0,0.0,0.0,0.0,0.0,0.0,0.0,0.0,0.0,-0.0,0.0,2.004,0.0,0.0,0.0,0.0,4787.0,0.0,7265.0,-0.0,2.718431101732002e+23,-107615360.0,0.0,0.0,0.0,0.0,0.0,77,2.7184303811560617e+23,-107614704.0,0.0,0.0,0.0,0.0,0.0,0.0,0.0,0,0,0,0.0,0.0,0.0,0.0,0.0,0.0,0.0,0.0,0.0,0.0,0.0,0.0,0.0,0.0,0.0,0.0,0,-107875648.0,77,0.0,154,0.0,-0.0,ERR,ERR,ERR,ERR,ERR,ERR,ERR,ERR,ERR,ERR,ERR,ERR,ERR,ERR,ERR,ERR,ERR,ERR,ERR,ERR,ERR,ERR,ERR,ERR,ERR,ERR,ERR,ERR,ERR,ERR,ERR,ERR,ERR,ERR,ERR,ERR,ERR,ERR,ERR,ERR,ERR,ERR,ERR,ERR,ERR,ERR,ERR,ERR,ERR,ERR,ERR,ERR,ERR,ERR,ERR,ERR,ERR,ERR,ERR,ERR,ERR,ERR,ERR,ERR,ERR,ERR,ERR,34.0,80.0,35,0.0,0.0,0.0,0.0,0.0,0.0,0.0,0.0,0.0,0.0,0.0,0.0,0.0,0.0,0.0,0.0,66.4,0,120,58,54,65476,0,300,0,0,8,20529,65476,0,0,57672,80.0,0.0,0.0,0.0,0.0,0.0
2026-06-18T02:25:04,ERR,ERR,ERR,ERR,ERR,ERR,ERR,ERR,ERR,ERR,ERR,ERR,ERR,ERR,ERR,ERR,ERR,ERR,ERR,ERR,ERR,ERR,ERR,ERR,ERR,ERR,ERR,ERR,ERR,ERR,ERR,ERR,ERR,ERR,ERR,ERR,ERR,ERR,ERR,ERR,ERR,ERR,ERR,ERR,ERR,ERR,ERR,ERR,ERR,ERR,ERR,ERR,ERR,ERR,ERR,ERR,ERR,ERR,ERR,ERR,ERR,ERR,ERR,ERR,ERR,ERR,ERR,ERR,ERR,ERR,ERR,ERR,ERR,ERR,ERR,ERR,ERR,ERR,ERR,ERR,ERR,ERR,ERR,ERR,ERR,ERR,ERR,ERR,ERR,ERR,ERR,ERR,ERR,ERR,ERR,ERR,ERR,ERR,ERR,ERR,ERR,ERR,ERR,ERR,ERR,ERR,ERR,ERR,ERR,ERR,ERR,ERR,ERR,ERR,ERR,ERR,ERR,ERR,ERR,ERR,ERR,ERR,ERR,ERR,ERR,-0.0,2.718431101732002e+23,-0.0,-0.0,0.0,1.3936040501711995e+18,7.805,2.3822341049942016e+16,0,0,4,48933,6720,14723890282496.0,100,0.0,0.0,0.0,-4.9501291711397626e+32,0.0,0,0,0,0,0.0,0,0,0,0,0,0,0,0,0,0,0,0,0,0,0,0,0,0,0,0,0,0,0,0,0,0,0,0,0,0,0,0,0,26,51,50,76,65476,0,300,0,0,8,21553,0.0,-107605600.0,0.0,0.0,0.0,0.0,0.0,0.0,0.0,0.0,0.0,0.0,0.0,0.0,0.0,0.0,0.0,0.0,0.0,0.0,0.0,0.0,0.0,-0.0,0.0,2.004,0.0,0.0,0.0,0.0,4753.0,-2.4229855986892726e+24,7292.0,-0.0,2.718431101732002e+23,-107615360.0,0.0,0.0,0.0,0.0,0.0,77,1.905698292272988e+17,-0.0,0.0,0.0,0.0,0.0,0.0,0.0,0.0,0,0,0,0.0,0.0,0.0,0.0,0.0,0.0,0.0,0.0,0.0,0.0,0.0,0.0,0.0,0.0,0.0,0.0,0,-107875648.0,77,0.0,154,0.0,-0.0,ERR,ERR,ERR,ERR,ERR,ERR,ERR,ERR,ERR,ERR,ERR,ERR,ERR,ERR,ERR,ERR,ERR,ERR,ERR,ERR,ERR,ERR,ERR,ERR,ERR,ERR,ERR,ERR,ERR,ERR,ERR,ERR,ERR,ERR,ERR,ERR,ERR,ERR,ERR,ERR,ERR,ERR,ERR,ERR,ERR,ERR,ERR,ERR,ERR,ERR,ERR,ERR,ERR,ERR,ERR,ERR,ERR,ERR,ERR,ERR,ERR,ERR,ERR,ERR,ERR,ERR,ERR,34.0,80.0,35,0.0,0.0,0.0,0.0,0.0,0.0,0.0,0.0,0.0,0.0,0.0,0.0,0.0,0.0,0.0,0.0,66.0,0,120,58,54,65476,0,300,0,0,8,20529,65476,0,0,57672,80.0,0.0,0.0,0.0,0.0,0.0
2026-06-18T02:25:05,ERR,ERR,ERR,ERR,ERR,ERR,ERR,ERR,ERR,ERR,ERR,ERR,ERR,ERR,ERR,ERR,ERR,ERR,ERR,ERR,ERR,ERR,ERR,ERR,ERR,ERR,ERR,ERR,ERR,ERR,ERR,ERR,ERR,ERR,ERR,ERR,ERR,ERR,ERR,ERR,ERR,ERR,ERR,ERR,ERR,ERR,ERR,ERR,ERR,ERR,ERR,ERR,ERR,ERR,ERR,ERR,ERR,ERR,ERR,ERR,ERR,ERR,ERR,ERR,ERR,ERR,ERR,ERR,ERR,ERR,ERR,ERR,ERR,ERR,ERR,ERR,ERR,ERR,ERR,ERR,ERR,ERR,ERR,ERR,ERR,ERR,ERR,ERR,ERR,ERR,ERR,ERR,ERR,ERR,ERR,ERR,ERR,ERR,ERR,ERR,ERR,ERR,ERR,ERR,ERR,ERR,ERR,ERR,ERR,ERR,ERR,ERR,ERR,ERR,ERR,ERR,ERR,ERR,ERR,ERR,ERR,ERR,ERR,ERR,ERR,-0.0,2.718431101732002e+23,-0.0,-0.0,0.0,1.3936040501711995e+18,7.805,2.3822341049942016e+16,0,0,4,48933,6720,14723890282496.0,100,0.0,0.0,0.0,-4.9501291711397626e+32,0.0,0,0,0,0,0.0,0,0,0,0,0,0,0,0,0,0,0,0,0,0,0,0,0,0,0,0,0,0,0,0,0,0,0,0,0,0,0,0,0,26,51,50,76,65476,0,300,0,0,8,21553,0.0,-107605600.0,0.0,0.0,0.0,0.0,0.0,0.0,0.0,0.0,0.0,0.0,0.0,0.0,0.0,0.0,0.0,0.0,0.0,0.0,0.0,0.0,0.0,-0.0,0.0,2.004,0.0,0.0,0.0,0.0,4753.0,-2.4229855986892726e+24,7292.0,-0.0,2.718431101732002e+23,-107615360.0,0.0,0.0,0.0,0.0,0.0,77,1.905698292272988e+17,-0.0,0.0,0.0,0.0,0.0,0.0,0.0,0.0,0,0,0,0.0,0.0,0.0,0.0,0.0,0.0,0.0,0.0,0.0,0.0,0.0,0.0,0.0,0.0,0.0,0.0,0,-107875648.0,77,0.0,154,0.0,-0.0,ERR,ERR,ERR,ERR,ERR,ERR,ERR,ERR,ERR,ERR,ERR,ERR,ERR,ERR,ERR,ERR,ERR,ERR,ERR,ERR,ERR,ERR,ERR,ERR,ERR,ERR,ERR,ERR,ERR,ERR,ERR,ERR,ERR,ERR,ERR,ERR,ERR,ERR,ERR,ERR,ERR,ERR,ERR,ERR,ERR,ERR,ERR,ERR,ERR,ERR,ERR,ERR,ERR,ERR,ERR,ERR,ERR,ERR,ERR,ERR,ERR,ERR,ERR,ERR,ERR,ERR,ERR,34.0,80.0,35,0.0,0.0,0.0,0.0,0.0,0.0,0.0,0.0,0.0,0.0,0.0,0.0,0.0,0.0,0.0,0.0,66.0,0,120,58,54,65476,0,300,0,0,8,20529,65476,0,0,57672,80.0,0.0,0.0,0.0,0.0,0.0
2026-06-18T02:25:06,ERR,ERR,ERR,ERR,ERR,ERR,ERR,ERR,ERR,ERR,ERR,ERR,ERR,ERR,ERR,ERR,ERR,ERR,ERR,ERR,ERR,ERR,ERR,ERR,ERR,ERR,ERR,ERR,ERR,ERR,ERR,ERR,ERR,ERR,ERR,ERR,ERR,ERR,ERR,ERR,ERR,ERR,ERR,ERR,ERR,ERR,ERR,ERR,ERR,ERR,ERR,ERR,ERR,ERR,ERR,ERR,ERR,ERR,ERR,ERR,ERR,ERR,ERR,ERR,ERR,ERR,ERR,ERR,ERR,ERR,ERR,ERR,ERR,ERR,ERR,ERR,ERR,ERR,ERR,ERR,ERR,ERR,ERR,ERR,ERR,ERR,ERR,ERR,ERR,ERR,ERR,ERR,ERR,ERR,ERR,ERR,ERR,ERR,ERR,ERR,ERR,ERR,ERR,ERR,ERR,ERR,ERR,ERR,ERR,ERR,ERR,ERR,ERR,ERR,ERR,ERR,ERR,ERR,ERR,ERR,ERR,ERR,ERR,ERR,ERR,-0.0,2.718431101732002e+23,-0.0,-0.0,0.0,1.3936040501711995e+18,7.805,2.3822341049942016e+16,0,0,4,48933,6720,14723890282496.0,100,0.0,0.0,0.0,-4.9501291711397626e+32,0.0,0,0,0,0,0.0,0,0,0,0,0,0,0,0,0,0,0,0,0,0,0,0,0,0,0,0,0,0,0,0,0,0,0,0,0,0,0,0,0,26,51,50,76,65476,0,300,0,0,8,21553,0.0,-107605600.0,0.0,0.0,0.0,0.0,0.0,0.0,0.0,0.0,0.0,0.0,0.0,0.0,0.0,0.0,0.0,0.0,0.0,0.0,0.0,0.0,0.0,-0.0,0.0,2.004,0.0,0.0,0.0,0.0,4753.0,-2.4229855986892726e+24,7292.0,-0.0,2.718431101732002e+23,-107615360.0,0.0,0.0,0.0,0.0,0.0,77,1.905698292272988e+17,-0.0,0.0,0.0,0.0,0.0,0.0,0.0,0.0,0,0,0,0.0,0.0,0.0,0.0,0.0,0.0,0.0,0.0,0.0,0.0,0.0,0.0,0.0,0.0,0.0,0.0,0,-107875648.0,77,0.0,154,0.0,-0.0,ERR,ERR,ERR,ERR,ERR,ERR,ERR,ERR,ERR,ERR,ERR,ERR,ERR,ERR,ERR,ERR,ERR,ERR,ERR,ERR,ERR,ERR,ERR,ERR,ERR,ERR,ERR,ERR,ERR,ERR,ERR,ERR,ERR,ERR,ERR,ERR,ERR,ERR,ERR,ERR,ERR,ERR,ERR,ERR,ERR,ERR,ERR,ERR,ERR,ERR,ERR,ERR,ERR,ERR,ERR,ERR,ERR,ERR,ERR,ERR,ERR,ERR,ERR,ERR,ERR,ERR,ERR,34.0,80.0,35,0.0,0.0,0.0,0.0,0.0,0.0,0.0,0.0,0.0,0.0,0.0,0.0,0.0,0.0,0.0,0.0,66.0,0,120,58,54,65476,0,300,0,0,8,20529,65476,0,0,57672,80.0,0.0,0.0,0.0,0.0,0.0
2026-06-18T02:25:07,ERR,ERR,ERR,ERR,ERR,ERR,ERR,ERR,ERR,ERR,ERR,ERR,ERR,ERR,ERR,ERR,ERR,ERR,ERR,ERR,ERR,ERR,ERR,ERR,ERR,ERR,ERR,ERR,ERR,ERR,ERR,ERR,ERR,ERR,ERR,ERR,ERR,ERR,ERR,ERR,ERR,ERR,ERR,ERR,ERR,ERR,ERR,ERR,ERR,ERR,ERR,ERR,ERR,ERR,ERR,ERR,ERR,ERR,ERR,ERR,ERR,ERR,ERR,ERR,ERR,ERR,ERR,ERR,ERR,ERR,ERR,ERR,ERR,ERR,ERR,ERR,ERR,ERR,ERR,ERR,ERR,ERR,ERR,ERR,ERR,ERR,ERR,ERR,ERR,ERR,ERR,ERR,ERR,ERR,ERR,ERR,ERR,ERR,ERR,ERR,ERR,ERR,ERR,ERR,ERR,ERR,ERR,ERR,ERR,ERR,ERR,ERR,ERR,ERR,ERR,ERR,ERR,ERR,ERR,ERR,ERR,ERR,ERR,ERR,ERR,-0.0,2.718431101732002e+23,-0.0,-0.0,0.0,1.3936040501711995e+18,7.805,2.3822341049942016e+16,0,0,4,48933,6720,14723890282496.0,100,0.0,0.0,0.0,-4.9501291711397626e+32,0.0,0,0,0,0,0.0,0,0,0,0,0,0,0,0,0,0,0,0,0,0,0,0,0,0,0,0,0,0,0,0,0,0,0,0,0,0,0,0,0,26,51,50,76,65476,0,300,0,0,8,21553,0.0,-107605600.0,0.0,0.0,0.0,0.0,0.0,0.0,0.0,0.0,0.0,0.0,0.0,0.0,0.0,0.0,0.0,0.0,0.0,0.0,0.0,0.0,0.0,-0.0,0.0,2.004,0.0,0.0,0.0,0.0,4753.0,-2.4229855986892726e+24,7292.0,-0.0,2.718431101732002e+23,-107615360.0,0.0,0.0,0.0,0.0,0.0,77,1.905698292272988e+17,-0.0,0.0,0.0,0.0,0.0,0.0,0.0,0.0,0,0,0,0.0,0.0,0.0,0.0,0.0,0.0,0.0,0.0,0.0,0.0,0.0,0.0,0.0,0.0,0.0,0.0,0,-107875648.0,77,0.0,154,0.0,-0.0,ERR,ERR,ERR,ERR,ERR,ERR,ERR,ERR,ERR,ERR,ERR,ERR,ERR,ERR,ERR,ERR,ERR,ERR,ERR,ERR,ERR,ERR,ERR,ERR,ERR,ERR,ERR,ERR,ERR,ERR,ERR,ERR,ERR,ERR,ERR,ERR,ERR,ERR,ERR,ERR,ERR,ERR,ERR,ERR,ERR,ERR,ERR,ERR,ERR,ERR,ERR,ERR,ERR,ERR,ERR,ERR,ERR,ERR,ERR,ERR,ERR,ERR,ERR,ERR,ERR,ERR,ERR,34.0,80.0,35,0.0,0.0,0.0,0.0,0.0,0.0,0.0,0.0,0.0,0.0,0.0,0.0,0.0,0.0,0.0,0.0,66.0,0,120,58,54,65476,0,300,0,0,8,20529,65476,0,0,57672,80.0,0.0,0.0,0.0,0.0,0.0
2026-06-18T02:25:08,ERR,ERR,ERR,ERR,ERR,ERR,ERR,ERR,ERR,ERR,ERR,ERR,ERR,ERR,ERR,ERR,ERR,ERR,ERR,ERR,ERR,ERR,ERR,ERR,ERR,ERR,ERR,ERR,ERR,ERR,ERR,ERR,ERR,ERR,ERR,ERR,ERR,ERR,ERR,ERR,ERR,ERR,ERR,ERR,ERR,ERR,ERR,ERR,ERR,ERR,ERR,ERR,ERR,ERR,ERR,ERR,ERR,ERR,ERR,ERR,ERR,ERR,ERR,ERR,ERR,ERR,ERR,ERR,ERR,ERR,ERR,ERR,ERR,ERR,ERR,ERR,ERR,ERR,ERR,ERR,ERR,ERR,ERR,ERR,ERR,ERR,ERR,ERR,ERR,ERR,ERR,ERR,ERR,ERR,ERR,ERR,ERR,ERR,ERR,ERR,ERR,ERR,ERR,ERR,ERR,ERR,ERR,ERR,ERR,ERR,ERR,ERR,ERR,ERR,ERR,ERR,ERR,ERR,ERR,ERR,ERR,ERR,ERR,ERR,ERR,-0.0,2.718431101732002e+23,-0.0,-0.0,0.0,1.3936040501711995e+18,7.805,2.3822341049942016e+16,0,0,4,48933,6720,14723890282496.0,100,0.0,0.0,0.0,-4.9501291711397626e+32,0.0,0,0,0,0,0.0,0,0,0,0,0,0,0,0,0,0,0,0,0,0,0,0,0,0,0,0,0,0,0,0,0,0,0,0,0,0,0,0,0,26,51,50,76,65476,0,300,0,0,8,21553,0.0,-107605600.0,0.0,0.0,0.0,0.0,0.0,0.0,0.0,0.0,0.0,0.0,0.0,0.0,0.0,0.0,0.0,0.0,0.0,0.0,0.0,0.0,0.0,-0.0,0.0,2.004,0.0,0.0,0.0,0.0,4753.0,-2.4229855986892726e+24,7292.0,-0.0,2.718431101732002e+23,-107615360.0,0.0,0.0,0.0,0.0,0.0,77,1.905698292272988e+17,-0.0,0.0,0.0,0.0,0.0,0.0,0.0,0.0,0,0,0,0.0,0.0,0.0,0.0,0.0,0.0,0.0,0.0,0.0,0.0,0.0,0.0,0.0,0.0,0.0,0.0,0,-107875648.0,77,0.0,154,0.0,-0.0,ERR,ERR,ERR,ERR,ERR,ERR,ERR,ERR,ERR,ERR,ERR,ERR,ERR,ERR,ERR,ERR,ERR,ERR,ERR,ERR,ERR,ERR,ERR,ERR,ERR,ERR,ERR,ERR,ERR,ERR,ERR,ERR,ERR,ERR,ERR,ERR,ERR,ERR,ERR,ERR,ERR,ERR,ERR,ERR,ERR,ERR,ERR,ERR,ERR,ERR,ERR,ERR,ERR,ERR,ERR,ERR,ERR,ERR,ERR,ERR,ERR,ERR,ERR,ERR,ERR,ERR,ERR,34.0,80.0,35,0.0,0.0,0.0,0.0,0.0,0.0,0.0,0.0,0.0,0.0,0.0,0.0,0.0,0.0,0.0,0.0,66.4,0,120,58,54,65476,0,300,0,0,8,20529,65476,0,0,57672,80.0,0.0,0.0,0.0,0.0,0.0
2026-06-18T02:25:09,ERR,ERR,ERR,ERR,ERR,ERR,ERR,ERR,ERR,ERR,ERR,ERR,ERR,ERR,ERR,ERR,ERR,ERR,ERR,ERR,ERR,ERR,ERR,ERR,ERR,ERR,ERR,ERR,ERR,ERR,ERR,ERR,ERR,ERR,ERR,ERR,ERR,ERR,ERR,ERR,ERR,ERR,ERR,ERR,ERR,ERR,ERR,ERR,ERR,ERR,ERR,ERR,ERR,ERR,ERR,ERR,ERR,ERR,ERR,ERR,ERR,ERR,ERR,ERR,ERR,ERR,ERR,ERR,ERR,ERR,ERR,ERR,ERR,ERR,ERR,ERR,ERR,ERR,ERR,ERR,ERR,ERR,ERR,ERR,ERR,ERR,ERR,ERR,ERR,ERR,ERR,ERR,ERR,ERR,ERR,ERR,ERR,ERR,ERR,ERR,ERR,ERR,ERR,ERR,ERR,ERR,ERR,ERR,ERR,ERR,ERR,ERR,ERR,ERR,ERR,ERR,ERR,ERR,ERR,ERR,ERR,ERR,ERR,ERR,ERR,-0.0,2.718431101732002e+23,-0.0,0.059,0.0,1.3936040501711995e+18,7.805,0.0,0,0,4,48932,6720,14723890282496.0,100,0.0,0.0,0.0,0.0,0.0,0,0,0,0,0.0,0,0,0,0,0,0,0,0,0,0,0,0,0,0,0,0,0,0,0,0,0,0,0,0,0,0,0,0,0,0,0,0,0,26,51,50,76,65476,0,300,0,0,8,21553,0.0,-107605600.0,0.0,0.0,0.0,0.0,0.0,0.0,0.0,0.0,0.0,0.0,0.0,0.0,0.0,0.0,0.0,0.0,0.0,0.0,0.0,0.0,0.0,-0.0,0.0,2.004,0.0,0.0,0.0,0.0,4757.0,-1.0406643905049406e+34,7295.0,-0.0,2.718431101732002e+23,-107615360.0,0.0,0.0,0.0,0.0,0.0,77,3.222029330555234e+26,-0.0,0.0,0.0,0.0,0.0,0.0,0.0,0.0,0,0,0,0.0,0.0,0.0,0.0,0.0,0.0,0.0,0.0,0.0,0.0,0.0,0.0,0.0,0.0,0.0,0.0,0,-107875648.0,77,0.0,154,0.0,-0.0,ERR,ERR,ERR,ERR,ERR,ERR,ERR,ERR,ERR,ERR,ERR,ERR,ERR,ERR,ERR,ERR,ERR,ERR,ERR,ERR,ERR,ERR,ERR,ERR,ERR,ERR,ERR,ERR,ERR,ERR,ERR,ERR,ERR,ERR,ERR,ERR,ERR,ERR,ERR,ERR,ERR,ERR,ERR,ERR,ERR,ERR,ERR,ERR,ERR,ERR,ERR,ERR,ERR,ERR,ERR,ERR,ERR,ERR,ERR,ERR,ERR,ERR,ERR,ERR,ERR,ERR,ERR,34.0,80.0,35,0.0,0.0,0.0,0.0,0.0,0.0,0.0,0.0,0.0,0.0,0.0,0.0,0.0,0.0,0.0,0.0,66.4,0,120,58,54,65476,0,300,0,0,8,20529,65476,0,0,57672,80.0,0.0,0.0,0.0,0.0,0.0
2026-06-18T02:25:10,ERR,ERR,ERR,ERR,ERR,ERR,ERR,ERR,ERR,ERR,ERR,ERR,ERR,ERR,ERR,ERR,ERR,ERR,ERR,ERR,ERR,ERR,ERR,ERR,ERR,ERR,ERR,ERR,ERR,ERR,ERR,ERR,ERR,ERR,ERR,ERR,ERR,ERR,ERR,ERR,ERR,ERR,ERR,ERR,ERR,ERR,ERR,ERR,ERR,ERR,ERR,ERR,ERR,ERR,ERR,ERR,ERR,ERR,ERR,ERR,ERR,ERR,ERR,ERR,ERR,ERR,ERR,ERR,ERR,ERR,ERR,ERR,ERR,ERR,ERR,ERR,ERR,ERR,ERR,ERR,ERR,ERR,ERR,ERR,ERR,ERR,ERR,ERR,ERR,ERR,ERR,ERR,ERR,ERR,ERR,ERR,ERR,ERR,ERR,ERR,ERR,ERR,ERR,ERR,ERR,ERR,ERR,ERR,ERR,ERR,ERR,ERR,ERR,ERR,ERR,ERR,ERR,ERR,ERR,ERR,ERR,ERR,ERR,ERR,ERR,-0.0,2.718431101732002e+23,-0.0,0.059,0.0,1.3936040501711995e+18,7.805,0.0,0,0,4,48932,6720,14723890282496.0,100,0.0,0.0,0.0,0.0,0.0,0,0,0,0,0.0,0,0,0,0,0,0,0,0,0,0,0,0,0,0,0,0,0,0,0,0,0,0,0,0,0,0,0,0,0,0,0,0,0,26,51,50,76,65476,0,300,0,0,8,21553,0.0,-107605600.0,0.0,0.0,0.0,0.0,0.0,0.0,0.0,0.0,0.0,0.0,0.0,0.0,0.0,0.0,0.0,0.0,0.0,0.0,0.0,0.0,0.0,-0.0,0.0,2.004,0.0,0.0,0.0,0.0,4757.0,-1.0406643905049406e+34,7295.0,-0.0,2.718431101732002e+23,-107615360.0,0.0,0.0,0.0,0.0,0.0,77,3.222029330555234e+26,-0.0,0.0,0.0,0.0,0.0,0.0,0.0,0.0,0,0,0,0.0,0.0,0.0,0.0,0.0,0.0,0.0,0.0,0.0,0.0,0.0,0.0,0.0,0.0,0.0,0.0,0,-107875648.0,77,0.0,154,0.0,-0.0,ERR,ERR,ERR,ERR,ERR,ERR,ERR,ERR,ERR,ERR,ERR,ERR,ERR,ERR,ERR,ERR,ERR,ERR,ERR,ERR,ERR,ERR,ERR,ERR,ERR,ERR,ERR,ERR,ERR,ERR,ERR,ERR,ERR,ERR,ERR,ERR,ERR,ERR,ERR,ERR,ERR,ERR,ERR,ERR,ERR,ERR,ERR,ERR,ERR,ERR,ERR,ERR,ERR,ERR,ERR,ERR,ERR,ERR,ERR,ERR,ERR,ERR,ERR,ERR,ERR,ERR,ERR,34.0,80.0,35,0.0,0.0,0.0,0.0,0.0,0.0,0.0,0.0,0.0,0.0,0.0,0.0,0.0,0.0,0.0,0.0,66.0,0,120,58,54,65476,0,300,0,0,8,20529,65476,0,0,57672,80.0,0.0,0.0,0.0,0.0,0.0
2026-06-18T02:25:11,ERR,ERR,ERR,ERR,ERR,ERR,ERR,ERR,ERR,ERR,ERR,ERR,ERR,ERR,ERR,ERR,ERR,ERR,ERR,ERR,ERR,ERR,ERR,ERR,ERR,ERR,ERR,ERR,ERR,ERR,ERR,ERR,ERR,ERR,ERR,ERR,ERR,ERR,ERR,ERR,ERR,ERR,ERR,ERR,ERR,ERR,ERR,ERR,ERR,ERR,ERR,ERR,ERR,ERR,ERR,ERR,ERR,ERR,ERR,ERR,ERR,ERR,ERR,ERR,ERR,ERR,ERR,ERR,ERR,ERR,ERR,ERR,ERR,ERR,ERR,ERR,ERR,ERR,ERR,ERR,ERR,ERR,ERR,ERR,ERR,ERR,ERR,ERR,ERR,ERR,ERR,ERR,ERR,ERR,ERR,ERR,ERR,ERR,ERR,ERR,ERR,ERR,ERR,ERR,ERR,ERR,ERR,ERR,ERR,ERR,ERR,ERR,ERR,ERR,ERR,ERR,ERR,ERR,ERR,ERR,ERR,ERR,ERR,ERR,ERR,-0.0,2.718431101732002e+23,-0.0,0.059,0.0,1.3936040501711995e+18,7.805,0.0,0,0,4,48932,6720,14723890282496.0,100,0.0,0.0,0.0,0.0,0.0,0,0,0,0,0.0,0,0,0,0,0,0,0,0,0,0,0,0,0,0,0,0,0,0,0,0,0,0,0,0,0,0,0,0,0,0,0,0,0,26,51,50,76,65476,0,300,0,0,8,21553,0.0,-107605600.0,0.0,0.0,0.0,0.0,0.0,0.0,0.0,0.0,0.0,0.0,0.0,0.0,0.0,0.0,0.0,0.0,0.0,0.0,0.0,0.0,0.0,-0.0,0.0,2.004,0.0,0.0,0.0,0.0,4757.0,-1.0406643905049406e+34,7295.0,-0.0,2.718431101732002e+23,-107615360.0,0.0,0.0,0.0,0.0,0.0,77,3.222029330555234e+26,-0.0,0.0,0.0,0.0,0.0,0.0,0.0,0.0,0,0,0,0.0,0.0,0.0,0.0,0.0,0.0,0.0,0.0,0.0,0.0,0.0,0.0,0.0,0.0,0.0,0.0,0,-107875648.0,77,0.0,154,0.0,-0.0,ERR,ERR,ERR,ERR,ERR,ERR,ERR,ERR,ERR,ERR,ERR,ERR,ERR,ERR,ERR,ERR,ERR,ERR,ERR,ERR,ERR,ERR,ERR,ERR,ERR,ERR,ERR,ERR,ERR,ERR,ERR,ERR,ERR,ERR,ERR,ERR,ERR,ERR,ERR,ERR,ERR,ERR,ERR,ERR,ERR,ERR,ERR,ERR,ERR,ERR,ERR,ERR,ERR,ERR,ERR,ERR,ERR,ERR,ERR,ERR,ERR,ERR,ERR,ERR,ERR,ERR,ERR,34.0,80.0,35,0.0,0.0,0.0,0.0,0.0,0.0,0.0,0.0,0.0,0.0,0.0,0.0,0.0,0.0,0.0,0.0,66.0,0,120,58,54,65476,0,300,0,0,8,20529,65476,0,0,57672,80.0,0.0,0.0,0.0,0.0,0.0
2026-06-18T02:25:12,ERR,ERR,ERR,ERR,ERR,ERR,ERR,ERR,ERR,ERR,ERR,ERR,ERR,ERR,ERR,ERR,ERR,ERR,ERR,ERR,ERR,ERR,ERR,ERR,ERR,ERR,ERR,ERR,ERR,ERR,ERR,ERR,ERR,ERR,ERR,ERR,ERR,ERR,ERR,ERR,ERR,ERR,ERR,ERR,ERR,ERR,ERR,ERR,ERR,ERR,ERR,ERR,ERR,ERR,ERR,ERR,ERR,ERR,ERR,ERR,ERR,ERR,ERR,ERR,ERR,ERR,ERR,ERR,ERR,ERR,ERR,ERR,ERR,ERR,ERR,ERR,ERR,ERR,ERR,ERR,ERR,ERR,ERR,ERR,ERR,ERR,ERR,ERR,ERR,ERR,ERR,ERR,ERR,ERR,ERR,ERR,ERR,ERR,ERR,ERR,ERR,ERR,ERR,ERR,ERR,ERR,ERR,ERR,ERR,ERR,ERR,ERR,ERR,ERR,ERR,ERR,ERR,ERR,ERR,ERR,ERR,ERR,ERR,ERR,ERR,-0.0,2.718431101732002e+23,-0.0,0.059,0.0,1.3936040501711995e+18,7.805,0.0,0,0,4,48932,6720,14723890282496.0,100,0.0,0.0,0.0,0.0,0.0,0,0,0,0,0.0,0,0,0,0,0,0,0,0,0,0,0,0,0,0,0,0,0,0,0,0,0,0,0,0,0,0,0,0,0,0,0,0,0,26,51,50,76,65476,0,300,0,0,8,21553,0.0,-107605600.0,0.0,0.0,0.0,0.0,0.0,0.0,0.0,0.0,0.0,0.0,0.0,0.0,0.0,0.0,0.0,0.0,0.0,0.0,0.0,0.0,0.0,-0.0,0.0,2.004,0.0,0.0,0.0,0.0,4757.0,-1.0406643905049406e+34,7295.0,-0.0,2.718431101732002e+23,-107615360.0,0.0,0.0,0.0,0.0,0.0,77,3.222029330555234e+26,-0.0,0.0,0.0,0.0,0.0,0.0,0.0,0.0,0,0,0,0.0,0.0,0.0,0.0,0.0,0.0,0.0,0.0,0.0,0.0,0.0,0.0,0.0,0.0,0.0,0.0,0,-107875648.0,77,0.0,154,0.0,-0.0,ERR,ERR,ERR,ERR,ERR,ERR,ERR,ERR,ERR,ERR,ERR,ERR,ERR,ERR,ERR,ERR,ERR,ERR,ERR,ERR,ERR,ERR,ERR,ERR,ERR,ERR,ERR,ERR,ERR,ERR,ERR,ERR,ERR,ERR,ERR,ERR,ERR,ERR,ERR,ERR,ERR,ERR,ERR,ERR,ERR,ERR,ERR,ERR,ERR,ERR,ERR,ERR,ERR,ERR,ERR,ERR,ERR,ERR,ERR,ERR,ERR,ERR,ERR,ERR,ERR,ERR,ERR,34.0,80.0,35,0.0,0.0,0.0,0.0,0.0,0.0,0.0,0.0,0.0,0.0,0.0,0.0,0.0,0.0,0.0,0.0,66.0,0,120,58,54,65476,0,300,0,0,8,20529,65476,0,0,57672,80.0,0.0,0.0,0.0,0.0,0.0
2026-06-18T02:25:13,ERR,ERR,ERR,ERR,ERR,ERR,ERR,ERR,ERR,ERR,ERR,ERR,ERR,ERR,ERR,ERR,ERR,ERR,ERR,ERR,ERR,ERR,ERR,ERR,ERR,ERR,ERR,ERR,ERR,ERR,ERR,ERR,ERR,ERR,ERR,ERR,ERR,ERR,ERR,ERR,ERR,ERR,ERR,ERR,ERR,ERR,ERR,ERR,ERR,ERR,ERR,ERR,ERR,ERR,ERR,ERR,ERR,ERR,ERR,ERR,ERR,ERR,ERR,ERR,ERR,ERR,ERR,ERR,ERR,ERR,ERR,ERR,ERR,ERR,ERR,ERR,ERR,ERR,ERR,ERR,ERR,ERR,ERR,ERR,ERR,ERR,ERR,ERR,ERR,ERR,ERR,ERR,ERR,ERR,ERR,ERR,ERR,ERR,ERR,ERR,ERR,ERR,ERR,ERR,ERR,ERR,ERR,ERR,ERR,ERR,ERR,ERR,ERR,ERR,ERR,ERR,ERR,ERR,ERR,ERR,ERR,ERR,ERR,ERR,ERR,-0.0,2.718431101732002e+23,-0.0,0.059,0.0,1.3936040501711995e+18,7.805,0.0,0,0,4,48932,6720,14723890282496.0,100,0.0,0.0,0.0,0.0,0.0,0,0,0,0,0.0,0,0,0,0,0,0,0,0,0,0,0,0,0,0,0,0,0,0,0,0,0,0,0,0,0,0,0,0,0,0,0,0,0,26,51,50,76,65476,0,300,0,0,8,21553,0.0,-107605600.0,0.0,0.0,0.0,0.0,0.0,0.0,0.0,0.0,0.0,0.0,0.0,0.0,0.0,0.0,0.0,0.0,0.0,0.0,0.0,0.0,0.0,-0.0,0.0,2.004,0.0,0.0,0.0,0.0,4757.0,-1.0406643905049406e+34,7295.0,-0.0,2.718431101732002e+23,-107615360.0,0.0,0.0,0.0,0.0,0.0,77,3.222029330555234e+26,-0.0,0.0,0.0,0.0,0.0,0.0,0.0,0.0,0,0,0,0.0,0.0,0.0,0.0,0.0,0.0,0.0,0.0,0.0,0.0,0.0,0.0,0.0,0.0,0.0,0.0,0,-107875648.0,77,0.0,154,0.0,-0.0,ERR,ERR,ERR,ERR,ERR,ERR,ERR,ERR,ERR,ERR,ERR,ERR,ERR,ERR,ERR,ERR,ERR,ERR,ERR,ERR,ERR,ERR,ERR,ERR,ERR,ERR,ERR,ERR,ERR,ERR,ERR,ERR,ERR,ERR,ERR,ERR,ERR,ERR,ERR,ERR,ERR,ERR,ERR,ERR,ERR,ERR,ERR,ERR,ERR,ERR,ERR,ERR,ERR,ERR,ERR,ERR,ERR,ERR,ERR,ERR,ERR,ERR,ERR,ERR,ERR,ERR,ERR,34.0,80.0,35,0.0,0.0,0.0,0.0,0.0,0.0,0.0,0.0,0.0,0.0,0.0,0.0,0.0,0.0,0.0,0.0,66.0,0,120,58,54,65476,0,300,0,0,8,20529,65476,0,0,57672,80.0,0.0,0.0,0.0,0.0,0.0
2026-06-18T02:25:14,ERR,ERR,ERR,ERR,ERR,ERR,ERR,ERR,ERR,ERR,ERR,ERR,ERR,ERR,ERR,ERR,ERR,ERR,ERR,ERR,ERR,ERR,ERR,ERR,ERR,ERR,ERR,ERR,ERR,ERR,ERR,ERR,ERR,ERR,ERR,ERR,ERR,ERR,ERR,ERR,ERR,ERR,ERR,ERR,ERR,ERR,ERR,ERR,ERR,ERR,ERR,ERR,ERR,ERR,ERR,ERR,ERR,ERR,ERR,ERR,ERR,ERR,ERR,ERR,ERR,ERR,ERR,ERR,ERR,ERR,ERR,ERR,ERR,ERR,ERR,ERR,ERR,ERR,ERR,ERR,ERR,ERR,ERR,ERR,ERR,ERR,ERR,ERR,ERR,ERR,ERR,ERR,ERR,ERR,ERR,ERR,ERR,ERR,ERR,ERR,ERR,ERR,ERR,ERR,ERR,ERR,ERR,ERR,ERR,ERR,ERR,ERR,ERR,ERR,ERR,ERR,ERR,ERR,ERR,ERR,ERR,ERR,ERR,ERR,ERR,-0.0,2.718431101732002e+23,-0.0,-0.0,0.0,1.3936040501711995e+18,7.805,2.395,0,0,4,48930,6720,14723890282496.0,100,0.0,0.0,0.0,-0.0,0.0,0,0,0,0,0.0,0,0,0,0,0,0,0,0,0,0,0,0,0,0,0,0,0,0,0,0,0,0,0,0,0,0,0,0,0,0,0,0,0,26,51,50,76,65476,0,300,0,0,8,21553,0.0,-107605600.0,0.0,0.0,0.0,0.0,0.0,0.0,0.0,0.0,0.0,0.0,0.0,0.0,0.0,0.0,0.0,0.0,0.0,0.0,0.0,0.0,0.0,-0.0,0.0,2.004,0.0,0.0,0.0,0.0,4758.0,-2.4229855986892726e+24,7293.0,-0.0,2.718431101732002e+23,-107615360.0,0.0,0.0,0.0,0.0,0.0,77,4.066880858845495e+29,-0.0,0.0,0.0,0.0,0.0,0.0,0.0,0.0,0,0,0,0.0,0.0,0.0,0.0,0.0,0.0,0.0,0.0,0.0,0.0,0.0,0.0,0.0,0.0,0.0,0.0,0,-107875648.0,77,0.0,154,0.0,-0.0,ERR,ERR,ERR,ERR,ERR,ERR,ERR,ERR,ERR,ERR,ERR,ERR,ERR,ERR,ERR,ERR,ERR,ERR,ERR,ERR,ERR,ERR,ERR,ERR,ERR,ERR,ERR,ERR,ERR,ERR,ERR,ERR,ERR,ERR,ERR,ERR,ERR,ERR,ERR,ERR,ERR,ERR,ERR,ERR,ERR,ERR,ERR,ERR,ERR,ERR,ERR,ERR,ERR,ERR,ERR,ERR,ERR,ERR,ERR,ERR,ERR,ERR,ERR,ERR,ERR,ERR,ERR,34.0,80.0,35,0.0,0.0,0.0,0.0,0.0,0.0,0.0,0.0,0.0,0.0,0.0,0.0,0.0,0.0,0.0,0.0,66.0,0,120,58,54,65476,0,300,0,0,8,20529,65476,0,0,57672,80.0,0.0,0.0,0.0,0.0,0.0
2026-06-18T02:25:15,ERR,ERR,ERR,ERR,ERR,ERR,ERR,ERR,ERR,ERR,ERR,ERR,ERR,ERR,ERR,ERR,ERR,ERR,ERR,ERR,ERR,ERR,ERR,ERR,ERR,ERR,ERR,ERR,ERR,ERR,ERR,ERR,ERR,ERR,ERR,ERR,ERR,ERR,ERR,ERR,ERR,ERR,ERR,ERR,ERR,ERR,ERR,ERR,ERR,ERR,ERR,ERR,ERR,ERR,ERR,ERR,ERR,ERR,ERR,ERR,ERR,ERR,ERR,ERR,ERR,ERR,ERR,ERR,ERR,ERR,ERR,ERR,ERR,ERR,ERR,ERR,ERR,ERR,ERR,ERR,ERR,ERR,ERR,ERR,ERR,ERR,ERR,ERR,ERR,ERR,ERR,ERR,ERR,ERR,ERR,ERR,ERR,ERR,ERR,ERR,ERR,ERR,ERR,ERR,ERR,ERR,ERR,ERR,ERR,ERR,ERR,ERR,ERR,ERR,ERR,ERR,ERR,ERR,ERR,ERR,ERR,ERR,ERR,ERR,ERR,-0.0,2.718431101732002e+23,-0.0,-0.0,0.0,1.3936040501711995e+18,7.805,2.395,0,0,4,48930,6720,14723890282496.0,100,0.0,0.0,0.0,-0.0,0.0,0,0,0,0,0.0,0,0,0,0,0,0,0,0,0,0,0,0,0,0,0,0,0,0,0,0,0,0,0,0,0,0,0,0,0,0,0,0,0,26,51,50,76,65476,0,300,0,0,8,21553,0.0,-107605600.0,0.0,0.0,0.0,0.0,0.0,0.0,0.0,0.0,0.0,0.0,0.0,0.0,0.0,0.0,0.0,0.0,0.0,0.0,0.0,0.0,0.0,-0.0,0.0,2.004,0.0,0.0,0.0,0.0,4758.0,-2.4229855986892726e+24,7293.0,-0.0,2.718431101732002e+23,-107615360.0,0.0,0.0,0.0,0.0,0.0,77,4.066880858845495e+29,-0.0,0.0,0.0,0.0,0.0,0.0,0.0,0.0,0,0,0,0.0,0.0,0.0,0.0,0.0,0.0,0.0,0.0,0.0,0.0,0.0,0.0,0.0,0.0,0.0,0.0,0,-107875648.0,77,0.0,154,0.0,-0.0,ERR,ERR,ERR,ERR,ERR,ERR,ERR,ERR,ERR,ERR,ERR,ERR,ERR,ERR,ERR,ERR,ERR,ERR,ERR,ERR,ERR,ERR,ERR,ERR,ERR,ERR,ERR,ERR,ERR,ERR,ERR,ERR,ERR,ERR,ERR,ERR,ERR,ERR,ERR,ERR,ERR,ERR,ERR,ERR,ERR,ERR,ERR,ERR,ERR,ERR,ERR,ERR,ERR,ERR,ERR,ERR,ERR,ERR,ERR,ERR,ERR,ERR,ERR,ERR,ERR,ERR,ERR,34.0,80.0,35,0.0,0.0,0.0,0.0,0.0,0.0,0.0,0.0,0.0,0.0,0.0,0.0,0.0,0.0,0.0,0.0,66.0,0,120,58,54,65476,0,300,0,0,8,20529,65476,0,0,57672,80.0,0.0,0.0,0.0,0.0,0.0
2026-06-18T02:25:16,ERR,ERR,ERR,ERR,ERR,ERR,ERR,ERR,ERR,ERR,ERR,ERR,ERR,ERR,ERR,ERR,ERR,ERR,ERR,ERR,ERR,ERR,ERR,ERR,ERR,ERR,ERR,ERR,ERR,ERR,ERR,ERR,ERR,ERR,ERR,ERR,ERR,ERR,ERR,ERR,ERR,ERR,ERR,ERR,ERR,ERR,ERR,ERR,ERR,ERR,ERR,ERR,ERR,ERR,ERR,ERR,ERR,ERR,ERR,ERR,ERR,ERR,ERR,ERR,ERR,ERR,ERR,ERR,ERR,ERR,ERR,ERR,ERR,ERR,ERR,ERR,ERR,ERR,ERR,ERR,ERR,ERR,ERR,ERR,ERR,ERR,ERR,ERR,ERR,ERR,ERR,ERR,ERR,ERR,ERR,ERR,ERR,ERR,ERR,ERR,ERR,ERR,ERR,ERR,ERR,ERR,ERR,ERR,ERR,ERR,ERR,ERR,ERR,ERR,ERR,ERR,ERR,ERR,ERR,ERR,ERR,ERR,ERR,ERR,ERR,-0.0,2.718431101732002e+23,-0.0,-0.0,0.0,1.3936040501711995e+18,7.805,2.395,0,0,4,48930,6720,14723890282496.0,100,0.0,0.0,0.0,-0.0,0.0,0,0,0,0,0.0,0,0,0,0,0,0,0,0,0,0,0,0,0,0,0,0,0,0,0,0,0,0,0,0,0,0,0,0,0,0,0,0,0,26,51,50,76,65476,0,300,0,0,8,21553,0.0,-107605600.0,0.0,0.0,0.0,0.0,0.0,0.0,0.0,0.0,0.0,0.0,0.0,0.0,0.0,0.0,0.0,0.0,0.0,0.0,0.0,0.0,0.0,-0.0,0.0,2.004,0.0,0.0,0.0,0.0,4758.0,-2.4229855986892726e+24,7293.0,-0.0,2.718431101732002e+23,-107615360.0,0.0,0.0,0.0,0.0,0.0,77,4.066880858845495e+29,-0.0,0.0,0.0,0.0,0.0,0.0,0.0,0.0,0,0,0,0.0,0.0,0.0,0.0,0.0,0.0,0.0,0.0,0.0,0.0,0.0,0.0,0.0,0.0,0.0,0.0,0,-107875648.0,77,0.0,154,0.0,-0.0,ERR,ERR,ERR,ERR,ERR,ERR,ERR,ERR,ERR,ERR,ERR,ERR,ERR,ERR,ERR,ERR,ERR,ERR,ERR,ERR,ERR,ERR,ERR,ERR,ERR,ERR,ERR,ERR,ERR,ERR,ERR,ERR,ERR,ERR,ERR,ERR,ERR,ERR,ERR,ERR,ERR,ERR,ERR,ERR,ERR,ERR,ERR,ERR,ERR,ERR,ERR,ERR,ERR,ERR,ERR,ERR,ERR,ERR,ERR,ERR,ERR,ERR,ERR,ERR,ERR,ERR,ERR,34.0,80.0,35,0.0,0.0,0.0,0.0,0.0,0.0,0.0,0.0,0.0,0.0,0.0,0.0,0.0,0.0,0.0,0.0,66.0,0,120,58,54,65476,0,300,0,0,8,20529,65476,0,0,57672,80.0,0.0,0.0,0.0,0.0,0.0
2026-06-18T02:25:17,ERR,ERR,ERR,ERR,ERR,ERR,ERR,ERR,ERR,ERR,ERR,ERR,ERR,ERR,ERR,ERR,ERR,ERR,ERR,ERR,ERR,ERR,ERR,ERR,ERR,ERR,ERR,ERR,ERR,ERR,ERR,ERR,ERR,ERR,ERR,ERR,ERR,ERR,ERR,ERR,ERR,ERR,ERR,ERR,ERR,ERR,ERR,ERR,ERR,ERR,ERR,ERR,ERR,ERR,ERR,ERR,ERR,ERR,ERR,ERR,ERR,ERR,ERR,ERR,ERR,ERR,ERR,ERR,ERR,ERR,ERR,ERR,ERR,ERR,ERR,ERR,ERR,ERR,ERR,ERR,ERR,ERR,ERR,ERR,ERR,ERR,ERR,ERR,ERR,ERR,ERR,ERR,ERR,ERR,ERR,ERR,ERR,ERR,ERR,ERR,ERR,ERR,ERR,ERR,ERR,ERR,ERR,ERR,ERR,ERR,ERR,ERR,ERR,ERR,ERR,ERR,ERR,ERR,ERR,ERR,ERR,ERR,ERR,ERR,ERR,-0.0,2.718431101732002e+23,-0.0,-0.0,0.0,1.3936040501711995e+18,7.805,2.395,0,0,4,48930,6720,14723890282496.0,100,0.0,0.0,0.0,-0.0,0.0,0,0,0,0,0.0,0,0,0,0,0,0,0,0,0,0,0,0,0,0,0,0,0,0,0,0,0,0,0,0,0,0,0,0,0,0,0,0,0,26,51,50,76,65476,0,300,0,0,8,21553,0.0,-107605600.0,0.0,0.0,0.0,0.0,0.0,0.0,0.0,0.0,0.0,0.0,0.0,0.0,0.0,0.0,0.0,0.0,0.0,0.0,0.0,0.0,0.0,-0.0,0.0,2.004,0.0,0.0,0.0,0.0,4758.0,-2.4229855986892726e+24,7293.0,-0.0,2.718431101732002e+23,-107615360.0,0.0,0.0,0.0,0.0,0.0,77,4.066880858845495e+29,-0.0,0.0,0.0,0.0,0.0,0.0,0.0,0.0,0,0,0,0.0,0.0,0.0,0.0,0.0,0.0,0.0,0.0,0.0,0.0,0.0,0.0,0.0,0.0,0.0,0.0,0,-107875648.0,77,0.0,154,0.0,-0.0,ERR,ERR,ERR,ERR,ERR,ERR,ERR,ERR,ERR,ERR,ERR,ERR,ERR,ERR,ERR,ERR,ERR,ERR,ERR,ERR,ERR,ERR,ERR,ERR,ERR,ERR,ERR,ERR,ERR,ERR,ERR,ERR,ERR,ERR,ERR,ERR,ERR,ERR,ERR,ERR,ERR,ERR,ERR,ERR,ERR,ERR,ERR,ERR,ERR,ERR,ERR,ERR,ERR,ERR,ERR,ERR,ERR,ERR,ERR,ERR,ERR,ERR,ERR,ERR,ERR,ERR,ERR,34.0,80.0,35,0.0,0.0,0.0,0.0,0.0,0.0,0.0,0.0,0.0,0.0,0.0,0.0,0.0,0.0,0.0,0.0,66.0,0,120,58,54,65476,0,300,0,0,8,20529,65476,0,0,57672,80.0,0.0,0.0,0.0,0.0,0.0
2026-06-18T02:25:18,ERR,ERR,ERR,ERR,ERR,ERR,ERR,ERR,ERR,ERR,ERR,ERR,ERR,ERR,ERR,ERR,ERR,ERR,ERR,ERR,ERR,ERR,ERR,ERR,ERR,ERR,ERR,ERR,ERR,ERR,ERR,ERR,ERR,ERR,ERR,ERR,ERR,ERR,ERR,ERR,ERR,ERR,ERR,ERR,ERR,ERR,ERR,ERR,ERR,ERR,ERR,ERR,ERR,ERR,ERR,ERR,ERR,ERR,ERR,ERR,ERR,ERR,ERR,ERR,ERR,ERR,ERR,ERR,ERR,ERR,ERR,ERR,ERR,ERR,ERR,ERR,ERR,ERR,ERR,ERR,ERR,ERR,ERR,ERR,ERR,ERR,ERR,ERR,ERR,ERR,ERR,ERR,ERR,ERR,ERR,ERR,ERR,ERR,ERR,ERR,ERR,ERR,ERR,ERR,ERR,ERR,ERR,ERR,ERR,ERR,ERR,ERR,ERR,ERR,ERR,ERR,ERR,ERR,ERR,ERR,ERR,ERR,ERR,ERR,ERR,-0.0,2.718431101732002e+23,-0.0,-0.0,0.0,1.3936040501711995e+18,7.805,2.395,0,0,4,48930,6720,14723890282496.0,100,0.0,0.0,0.0,-0.0,0.0,0,0,0,0,0.0,0,0,0,0,0,0,0,0,0,0,0,0,0,0,0,0,0,0,0,0,0,0,0,0,0,0,0,0,0,0,0,0,0,26,51,50,76,65476,0,300,0,0,8,21553,0.0,-107605600.0,0.0,0.0,0.0,0.0,0.0,0.0,0.0,0.0,0.0,0.0,0.0,0.0,0.0,0.0,0.0,0.0,0.0,0.0,0.0,0.0,0.0,-0.0,0.0,2.004,0.0,0.0,0.0,0.0,4758.0,-2.4229855986892726e+24,7293.0,-0.0,2.718431101732002e+23,-107615360.0,0.0,0.0,0.0,0.0,0.0,77,4.066880858845495e+29,-0.0,0.0,0.0,0.0,0.0,0.0,0.0,0.0,0,0,0,0.0,0.0,0.0,0.0,0.0,0.0,0.0,0.0,0.0,0.0,0.0,0.0,0.0,0.0,0.0,0.0,0,-107875648.0,77,0.0,154,0.0,-0.0,ERR,ERR,ERR,ERR,ERR,ERR,ERR,ERR,ERR,ERR,ERR,ERR,ERR,ERR,ERR,ERR,ERR,ERR,ERR,ERR,ERR,ERR,ERR,ERR,ERR,ERR,ERR,ERR,ERR,ERR,ERR,ERR,ERR,ERR,ERR,ERR,ERR,ERR,ERR,ERR,ERR,ERR,ERR,ERR,ERR,ERR,ERR,ERR,ERR,ERR,ERR,ERR,ERR,ERR,ERR,ERR,ERR,ERR,ERR,ERR,ERR,ERR,ERR,ERR,ERR,ERR,ERR,34.0,80.0,35,0.0,0.0,0.0,0.0,0.0,0.0,0.0,0.0,0.0,0.0,0.0,0.0,0.0,0.0,0.0,0.0,66.0,0,120,58,54,65476,0,300,0,0,8,20529,65476,0,0,57672,80.0,0.0,0.0,0.0,0.0,0.0
2026-06-18T02:25:19,ERR,ERR,ERR,ERR,ERR,ERR,ERR,ERR,ERR,ERR,ERR,ERR,ERR,ERR,ERR,ERR,ERR,ERR,ERR,ERR,ERR,ERR,ERR,ERR,ERR,ERR,ERR,ERR,ERR,ERR,ERR,ERR,ERR,ERR,ERR,ERR,ERR,ERR,ERR,ERR,ERR,ERR,ERR,ERR,ERR,ERR,ERR,ERR,ERR,ERR,ERR,ERR,ERR,ERR,ERR,ERR,ERR,ERR,ERR,ERR,ERR,ERR,ERR,ERR,ERR,ERR,ERR,ERR,ERR,ERR,ERR,ERR,ERR,ERR,ERR,ERR,ERR,ERR,ERR,ERR,ERR,ERR,ERR,ERR,ERR,ERR,ERR,ERR,ERR,ERR,ERR,ERR,ERR,ERR,ERR,ERR,ERR,ERR,ERR,ERR,ERR,ERR,ERR,ERR,ERR,ERR,ERR,ERR,ERR,ERR,ERR,ERR,ERR,ERR,ERR,ERR,ERR,ERR,ERR,ERR,ERR,ERR,ERR,ERR,ERR,-0.0,2.718431101732002e+23,-0.0,-0.0,0.0,1.3936040501711995e+18,7.805,2.395,0,0,4,48930,6720,14723890282496.0,100,0.0,0.0,0.0,-0.0,0.0,0,0,0,0,0.0,0,0,0,0,0,0,0,0,0,0,0,0,0,0,0,0,0,0,0,0,0,0,0,0,0,0,0,0,0,0,0,0,0,26,51,50,76,65476,0,300,0,0,8,21553,0.0,-107605600.0,0.0,0.0,0.0,0.0,0.0,0.0,0.0,0.0,0.0,0.0,0.0,0.0,0.0,0.0,0.0,0.0,0.0,0.0,0.0,0.0,0.0,-0.0,0.0,2.004,0.0,0.0,0.0,0.0,4758.0,-2.4229855986892726e+24,7293.0,-0.0,2.718431101732002e+23,-107615360.0,0.0,0.0,0.0,0.0,0.0,77,4.066880858845495e+29,-0.0,0.0,0.0,0.0,0.0,0.0,0.0,0.0,0,0,0,0.0,0.0,0.0,0.0,0.0,0.0,0.0,0.0,0.0,0.0,0.0,0.0,0.0,0.0,0.0,0.0,0,-107875648.0,77,0.0,154,0.0,-0.0,ERR,ERR,ERR,ERR,ERR,ERR,ERR,ERR,ERR,ERR,ERR,ERR,ERR,ERR,ERR,ERR,ERR,ERR,ERR,ERR,ERR,ERR,ERR,ERR,ERR,ERR,ERR,ERR,ERR,ERR,ERR,ERR,ERR,ERR,ERR,ERR,ERR,ERR,ERR,ERR,ERR,ERR,ERR,ERR,ERR,ERR,ERR,ERR,ERR,ERR,ERR,ERR,ERR,ERR,ERR,ERR,ERR,ERR,ERR,ERR,ERR,ERR,ERR,ERR,ERR,ERR,ERR,34.0,80.0,35,0.0,0.0,0.0,0.0,0.0,0.0,0.0,0.0,0.0,0.0,0.0,0.0,0.0,0.0,0.0,0.0,66.0,0,120,58,54,65476,0,300,0,0,8,20529,65476,0,0,57672,80.0,0.0,0.0,0.0,0.0,0.0
2026-06-18T02:25:20,ERR,ERR,ERR,ERR,ERR,ERR,ERR,ERR,ERR,ERR,ERR,ERR,ERR,ERR,ERR,ERR,ERR,ERR,ERR,ERR,ERR,ERR,ERR,ERR,ERR,ERR,ERR,ERR,ERR,ERR,ERR,ERR,ERR,ERR,ERR,ERR,ERR,ERR,ERR,ERR,ERR,ERR,ERR,ERR,ERR,ERR,ERR,ERR,ERR,ERR,ERR,ERR,ERR,ERR,ERR,ERR,ERR,ERR,ERR,ERR,ERR,ERR,ERR,ERR,ERR,ERR,ERR,ERR,ERR,ERR,ERR,ERR,ERR,ERR,ERR,ERR,ERR,ERR,ERR,ERR,ERR,ERR,ERR,ERR,ERR,ERR,ERR,ERR,ERR,ERR,ERR,ERR,ERR,ERR,ERR,ERR,ERR,ERR,ERR,ERR,ERR,ERR,ERR,ERR,ERR,ERR,ERR,ERR,ERR,ERR,ERR,ERR,ERR,ERR,ERR,ERR,ERR,ERR,ERR,ERR,ERR,ERR,ERR,ERR,ERR,-0.0,2.718431101732002e+23,-0.0,-0.0,0.0,1.3936040501711995e+18,7.805,2.3822341049942016e+16,0,0,4,48929,6720,14723890282496.0,100,0.0,0.0,0.0,-4.9501291711397626e+32,0.0,0,0,0,0,0.0,0,0,0,0,0,0,0,0,0,0,0,0,0,0,0,0,0,0,0,0,0,0,0,0,0,0,0,0,0,0,0,0,0,26,51,50,76,65476,0,300,0,0,8,21553,0.0,-107605600.0,0.0,0.0,0.0,0.0,0.0,0.0,0.0,0.0,0.0,0.0,0.0,0.0,0.0,0.0,0.0,0.0,0.0,0.0,0.0,0.0,0.0,-0.0,0.0,2.004,0.0,0.0,0.0,0.0,4780.0,0.0,7267.0,-0.0,2.718431101732002e+23,-107615360.0,0.0,0.0,0.0,0.0,0.0,77,89221.125,-3.221999077894953e+26,0.0,0.0,0.0,0.0,0.0,0.0,0.0,0,0,0,0.0,0.0,0.0,0.0,0.0,0.0,0.0,0.0,0.0,0.0,0.0,0.0,0.0,0.0,0.0,0.0,0,-107875648.0,77,0.0,154,0.0,-0.0,ERR,ERR,ERR,ERR,ERR,ERR,ERR,ERR,ERR,ERR,ERR,ERR,ERR,ERR,ERR,ERR,ERR,ERR,ERR,ERR,ERR,ERR,ERR,ERR,ERR,ERR,ERR,ERR,ERR,ERR,ERR,ERR,ERR,ERR,ERR,ERR,ERR,ERR,ERR,ERR,ERR,ERR,ERR,ERR,ERR,ERR,ERR,ERR,ERR,ERR,ERR,ERR,ERR,ERR,ERR,ERR,ERR,ERR,ERR,ERR,ERR,ERR,ERR,ERR,ERR,ERR,ERR,34.0,80.0,35,0.0,0.0,0.0,0.0,0.0,0.0,0.0,0.0,0.0,0.0,0.0,0.0,0.0,0.0,0.0,0.0,66.0,0,120,58,54,65476,0,300,0,0,8,20529,65476,0,0,57672,80.0,0.0,0.0,0.0,0.0,0.0
2026-06-18T02:25:21,ERR,ERR,ERR,ERR,ERR,ERR,ERR,ERR,ERR,ERR,ERR,ERR,ERR,ERR,ERR,ERR,ERR,ERR,ERR,ERR,ERR,ERR,ERR,ERR,ERR,ERR,ERR,ERR,ERR,ERR,ERR,ERR,ERR,ERR,ERR,ERR,ERR,ERR,ERR,ERR,ERR,ERR,ERR,ERR,ERR,ERR,ERR,ERR,ERR,ERR,ERR,ERR,ERR,ERR,ERR,ERR,ERR,ERR,ERR,ERR,ERR,ERR,ERR,ERR,ERR,ERR,ERR,ERR,ERR,ERR,ERR,ERR,ERR,ERR,ERR,ERR,ERR,ERR,ERR,ERR,ERR,ERR,ERR,ERR,ERR,ERR,ERR,ERR,ERR,ERR,ERR,ERR,ERR,ERR,ERR,ERR,ERR,ERR,ERR,ERR,ERR,ERR,ERR,ERR,ERR,ERR,ERR,ERR,ERR,ERR,ERR,ERR,ERR,ERR,ERR,ERR,ERR,ERR,ERR,ERR,ERR,ERR,ERR,ERR,ERR,-0.0,2.718431101732002e+23,-0.0,-0.0,0.0,1.3936040501711995e+18,7.805,2.3822341049942016e+16,0,0,4,48929,6720,14723890282496.0,100,0.0,0.0,0.0,-4.9501291711397626e+32,0.0,0,0,0,0,0.0,0,0,0,0,0,0,0,0,0,0,0,0,0,0,0,0,0,0,0,0,0,0,0,0,0,0,0,0,0,0,0,0,0,26,51,50,76,65476,0,300,0,0,8,21553,0.0,-107605600.0,0.0,0.0,0.0,0.0,0.0,0.0,0.0,0.0,0.0,0.0,0.0,0.0,0.0,0.0,0.0,0.0,0.0,0.0,0.0,0.0,0.0,-0.0,0.0,2.004,0.0,0.0,0.0,0.0,4780.0,0.0,7267.0,-0.0,2.718431101732002e+23,-107615360.0,0.0,0.0,0.0,0.0,0.0,77,89221.125,-3.221999077894953e+26,0.0,0.0,0.0,0.0,0.0,0.0,0.0,0,0,0,0.0,0.0,0.0,0.0,0.0,0.0,0.0,0.0,0.0,0.0,0.0,0.0,0.0,0.0,0.0,0.0,0,-107875648.0,77,0.0,154,0.0,-0.0,ERR,ERR,ERR,ERR,ERR,ERR,ERR,ERR,ERR,ERR,ERR,ERR,ERR,ERR,ERR,ERR,ERR,ERR,ERR,ERR,ERR,ERR,ERR,ERR,ERR,ERR,ERR,ERR,ERR,ERR,ERR,ERR,ERR,ERR,ERR,ERR,ERR,ERR,ERR,ERR,ERR,ERR,ERR,ERR,ERR,ERR,ERR,ERR,ERR,ERR,ERR,ERR,ERR,ERR,ERR,ERR,ERR,ERR,ERR,ERR,ERR,ERR,ERR,ERR,ERR,ERR,ERR,34.0,80.0,35,0.0,0.0,0.0,0.0,0.0,0.0,0.0,0.0,0.0,0.0,0.0,0.0,0.0,0.0,0.0,0.0,66.0,0,120,58,54,65476,0,300,0,0,8,20529,65476,0,0,57672,80.0,0.0,0.0,0.0,0.0,0.0
2026-06-18T02:25:22,ERR,ERR,ERR,ERR,ERR,ERR,ERR,ERR,ERR,ERR,ERR,ERR,ERR,ERR,ERR,ERR,ERR,ERR,ERR,ERR,ERR,ERR,ERR,ERR,ERR,ERR,ERR,ERR,ERR,ERR,ERR,ERR,ERR,ERR,ERR,ERR,ERR,ERR,ERR,ERR,ERR,ERR,ERR,ERR,ERR,ERR,ERR,ERR,ERR,ERR,ERR,ERR,ERR,ERR,ERR,ERR,ERR,ERR,ERR,ERR,ERR,ERR,ERR,ERR,ERR,ERR,ERR,ERR,ERR,ERR,ERR,ERR,ERR,ERR,ERR,ERR,ERR,ERR,ERR,ERR,ERR,ERR,ERR,ERR,ERR,ERR,ERR,ERR,ERR,ERR,ERR,ERR,ERR,ERR,ERR,ERR,ERR,ERR,ERR,ERR,ERR,ERR,ERR,ERR,ERR,ERR,ERR,ERR,ERR,ERR,ERR,ERR,ERR,ERR,ERR,ERR,ERR,ERR,ERR,ERR,ERR,ERR,ERR,ERR,ERR,-0.0,2.718431101732002e+23,-0.0,-0.0,0.0,1.3936040501711995e+18,7.805,2.3822341049942016e+16,0,0,4,48929,6720,14723890282496.0,100,0.0,0.0,0.0,-4.9501291711397626e+32,0.0,0,0,0,0,0.0,0,0,0,0,0,0,0,0,0,0,0,0,0,0,0,0,0,0,0,0,0,0,0,0,0,0,0,0,0,0,0,0,0,26,51,50,76,65476,0,300,0,0,8,21553,0.0,-107605600.0,0.0,0.0,0.0,0.0,0.0,0.0,0.0,0.0,0.0,0.0,0.0,0.0,0.0,0.0,0.0,0.0,0.0,0.0,0.0,0.0,0.0,-0.0,0.0,2.004,0.0,0.0,0.0,0.0,4780.0,0.0,7267.0,-0.0,2.718431101732002e+23,-107615360.0,0.0,0.0,0.0,0.0,0.0,77,89221.125,-3.221999077894953e+26,0.0,0.0,0.0,0.0,0.0,0.0,0.0,0,0,0,0.0,0.0,0.0,0.0,0.0,0.0,0.0,0.0,0.0,0.0,0.0,0.0,0.0,0.0,0.0,0.0,0,-107875648.0,77,0.0,154,0.0,-0.0,ERR,ERR,ERR,ERR,ERR,ERR,ERR,ERR,ERR,ERR,ERR,ERR,ERR,ERR,ERR,ERR,ERR,ERR,ERR,ERR,ERR,ERR,ERR,ERR,ERR,ERR,ERR,ERR,ERR,ERR,ERR,ERR,ERR,ERR,ERR,ERR,ERR,ERR,ERR,ERR,ERR,ERR,ERR,ERR,ERR,ERR,ERR,ERR,ERR,ERR,ERR,ERR,ERR,ERR,ERR,ERR,ERR,ERR,ERR,ERR,ERR,ERR,ERR,ERR,ERR,ERR,ERR,34.0,80.0,35,0.0,0.0,0.0,0.0,0.0,0.0,0.0,0.0,0.0,0.0,0.0,0.0,0.0,0.0,0.0,0.0,66.0,0,120,58,54,65476,0,300,0,0,8,20529,65476,0,0,57672,80.0,0.0,0.0,0.0,0.0,0.0
2026-06-18T02:25:23,ERR,ERR,ERR,ERR,ERR,ERR,ERR,ERR,ERR,ERR,ERR,ERR,ERR,ERR,ERR,ERR,ERR,ERR,ERR,ERR,ERR,ERR,ERR,ERR,ERR,ERR,ERR,ERR,ERR,ERR,ERR,ERR,ERR,ERR,ERR,ERR,ERR,ERR,ERR,ERR,ERR,ERR,ERR,ERR,ERR,ERR,ERR,ERR,ERR,ERR,ERR,ERR,ERR,ERR,ERR,ERR,ERR,ERR,ERR,ERR,ERR,ERR,ERR,ERR,ERR,ERR,ERR,ERR,ERR,ERR,ERR,ERR,ERR,ERR,ERR,ERR,ERR,ERR,ERR,ERR,ERR,ERR,ERR,ERR,ERR,ERR,ERR,ERR,ERR,ERR,ERR,ERR,ERR,ERR,ERR,ERR,ERR,ERR,ERR,ERR,ERR,ERR,ERR,ERR,ERR,ERR,ERR,ERR,ERR,ERR,ERR,ERR,ERR,ERR,ERR,ERR,ERR,ERR,ERR,ERR,ERR,ERR,ERR,ERR,ERR,-0.0,2.718431101732002e+23,-0.0,-0.0,0.0,1.3936040501711995e+18,7.805,2.3822341049942016e+16,0,0,4,48929,6720,14723890282496.0,100,0.0,0.0,0.0,-4.9501291711397626e+32,0.0,0,0,0,0,0.0,0,0,0,0,0,0,0,0,0,0,0,0,0,0,0,0,0,0,0,0,0,0,0,0,0,0,0,0,0,0,0,0,0,26,51,50,76,65476,0,300,0,0,8,21553,0.0,-107605600.0,0.0,0.0,0.0,0.0,0.0,0.0,0.0,0.0,0.0,0.0,0.0,0.0,0.0,0.0,0.0,0.0,0.0,0.0,0.0,0.0,0.0,-0.0,0.0,2.004,0.0,0.0,0.0,0.0,4780.0,0.0,7267.0,-0.0,2.718431101732002e+23,-107615360.0,0.0,0.0,0.0,0.0,0.0,77,89221.125,-3.221999077894953e+26,0.0,0.0,0.0,0.0,0.0,0.0,0.0,0,0,0,0.0,0.0,0.0,0.0,0.0,0.0,0.0,0.0,0.0,0.0,0.0,0.0,0.0,0.0,0.0,0.0,0,-107875648.0,77,0.0,154,0.0,-0.0,ERR,ERR,ERR,ERR,ERR,ERR,ERR,ERR,ERR,ERR,ERR,ERR,ERR,ERR,ERR,ERR,ERR,ERR,ERR,ERR,ERR,ERR,ERR,ERR,ERR,ERR,ERR,ERR,ERR,ERR,ERR,ERR,ERR,ERR,ERR,ERR,ERR,ERR,ERR,ERR,ERR,ERR,ERR,ERR,ERR,ERR,ERR,ERR,ERR,ERR,ERR,ERR,ERR,ERR,ERR,ERR,ERR,ERR,ERR,ERR,ERR,ERR,ERR,ERR,ERR,ERR,ERR,34.0,80.0,35,0.0,0.0,0.0,0.0,0.0,0.0,0.0,0.0,0.0,0.0,0.0,0.0,0.0,0.0,0.0,0.0,66.0,0,120,58,54,65476,0,300,0,0,8,20529,65476,0,0,57672,80.0,0.0,0.0,0.0,0.0,0.0
2026-06-18T02:25:24,ERR,ERR,ERR,ERR,ERR,ERR,ERR,ERR,ERR,ERR,ERR,ERR,ERR,ERR,ERR,ERR,ERR,ERR,ERR,ERR,ERR,ERR,ERR,ERR,ERR,ERR,ERR,ERR,ERR,ERR,ERR,ERR,ERR,ERR,ERR,ERR,ERR,ERR,ERR,ERR,ERR,ERR,ERR,ERR,ERR,ERR,ERR,ERR,ERR,ERR,ERR,ERR,ERR,ERR,ERR,ERR,ERR,ERR,ERR,ERR,ERR,ERR,ERR,ERR,ERR,ERR,ERR,ERR,ERR,ERR,ERR,ERR,ERR,ERR,ERR,ERR,ERR,ERR,ERR,ERR,ERR,ERR,ERR,ERR,ERR,ERR,ERR,ERR,ERR,ERR,ERR,ERR,ERR,ERR,ERR,ERR,ERR,ERR,ERR,ERR,ERR,ERR,ERR,ERR,ERR,ERR,ERR,ERR,ERR,ERR,ERR,ERR,ERR,ERR,ERR,ERR,ERR,ERR,ERR,ERR,ERR,ERR,ERR,ERR,ERR,-0.0,2.718431101732002e+23,-0.0,-0.0,0.0,1.3936040501711995e+18,7.805,2.3822341049942016e+16,0,0,4,48929,6720,14723890282496.0,100,0.0,0.0,0.0,-4.9501291711397626e+32,0.0,0,0,0,0,0.0,0,0,0,0,0,0,0,0,0,0,0,0,0,0,0,0,0,0,0,0,0,0,0,0,0,0,0,0,0,0,0,0,0,26,51,50,76,65476,0,300,0,0,8,21553,0.0,-107605600.0,0.0,0.0,0.0,0.0,0.0,0.0,0.0,0.0,0.0,0.0,0.0,0.0,0.0,0.0,0.0,0.0,0.0,0.0,0.0,0.0,0.0,-0.0,0.0,2.004,0.0,0.0,0.0,0.0,4780.0,0.0,7267.0,-0.0,2.718431101732002e+23,-107615360.0,0.0,0.0,0.0,0.0,0.0,77,89221.125,-3.221999077894953e+26,0.0,0.0,0.0,0.0,0.0,0.0,0.0,0,0,0,0.0,0.0,0.0,0.0,0.0,0.0,0.0,0.0,0.0,0.0,0.0,0.0,0.0,0.0,0.0,0.0,0,-107875648.0,77,0.0,154,0.0,-0.0,ERR,ERR,ERR,ERR,ERR,ERR,ERR,ERR,ERR,ERR,ERR,ERR,ERR,ERR,ERR,ERR,ERR,ERR,ERR,ERR,ERR,ERR,ERR,ERR,ERR,ERR,ERR,ERR,ERR,ERR,ERR,ERR,ERR,ERR,ERR,ERR,ERR,ERR,ERR,ERR,ERR,ERR,ERR,ERR,ERR,ERR,ERR,ERR,ERR,ERR,ERR,ERR,ERR,ERR,ERR,ERR,ERR,ERR,ERR,ERR,ERR,ERR,ERR,ERR,ERR,ERR,ERR,34.0,80.0,35,0.0,0.0,0.0,0.0,0.0,0.0,0.0,0.0,0.0,0.0,0.0,0.0,0.0,0.0,0.0,0.0,66.4,0,120,58,54,65476,0,300,0,0,8,20529,65476,0,0,57672,80.0,0.0,0.0,0.0,0.0,0.0
2026-06-18T02:25:25,ERR,ERR,ERR,ERR,ERR,ERR,ERR,ERR,ERR,ERR,ERR,ERR,ERR,ERR,ERR,ERR,ERR,ERR,ERR,ERR,ERR,ERR,ERR,ERR,ERR,ERR,ERR,ERR,ERR,ERR,ERR,ERR,ERR,ERR,ERR,ERR,ERR,ERR,ERR,ERR,ERR,ERR,ERR,ERR,ERR,ERR,ERR,ERR,ERR,ERR,ERR,ERR,ERR,ERR,ERR,ERR,ERR,ERR,ERR,ERR,ERR,ERR,ERR,ERR,ERR,ERR,ERR,ERR,ERR,ERR,ERR,ERR,ERR,ERR,ERR,ERR,ERR,ERR,ERR,ERR,ERR,ERR,ERR,ERR,ERR,ERR,ERR,ERR,ERR,ERR,ERR,ERR,ERR,ERR,ERR,ERR,ERR,ERR,ERR,ERR,ERR,ERR,ERR,ERR,ERR,ERR,ERR,ERR,ERR,ERR,ERR,ERR,ERR,ERR,ERR,ERR,ERR,ERR,ERR,ERR,ERR,ERR,ERR,ERR,ERR,-0.0,2.718431101732002e+23,-0.0,-152005385388032.0,-0.0,1.3936040501711995e+18,7.805,-2306705457152.0,0,0,4,48929,6720,14723890282496.0,100,0.0,0.0,0.0,-0.0,0.0,0,0,0,0,0.0,0,0,0,0,0,0,0,0,0,0,0,0,0,0,0,0,0,0,0,0,0,0,0,0,0,0,0,0,0,0,0,0,0,26,51,50,76,65476,0,300,0,0,8,21553,0.0,-107605600.0,0.0,0.0,0.0,0.0,0.0,0.0,0.0,0.0,0.0,0.0,0.0,0.0,0.0,0.0,0.0,0.0,0.0,0.0,0.0,0.0,0.0,-0.0,0.0,2.004,0.0,0.0,0.0,0.0,4755.0,-1.0406643905049406e+34,7295.0,-0.0,2.718431101732002e+23,-107615360.0,0.0,0.0,0.0,0.0,0.0,77,2.3088407177156624e+20,-0.0,0.0,0.0,0.0,0.0,0.0,0.0,0.0,0,0,0,0.0,0.0,0.0,0.0,0.0,0.0,0.0,0.0,0.0,0.0,0.0,0.0,0.0,0.0,0.0,0.0,0,-107875648.0,77,0.0,154,0.0,-0.0,ERR,ERR,ERR,ERR,ERR,ERR,ERR,ERR,ERR,ERR,ERR,ERR,ERR,ERR,ERR,ERR,ERR,ERR,ERR,ERR,ERR,ERR,ERR,ERR,ERR,ERR,ERR,ERR,ERR,ERR,ERR,ERR,ERR,ERR,ERR,ERR,ERR,ERR,ERR,ERR,ERR,ERR,ERR,ERR,ERR,ERR,ERR,ERR,ERR,ERR,ERR,ERR,ERR,ERR,ERR,ERR,ERR,ERR,ERR,ERR,ERR,ERR,ERR,ERR,ERR,ERR,ERR,34.0,80.0,35,0.0,0.0,0.0,0.0,0.0,0.0,0.0,0.0,0.0,0.0,0.0,0.0,0.0,0.0,0.0,0.0,66.4,0,120,58,54,65476,0,300,0,0,8,20529,65476,0,0,57672,80.0,0.0,0.0,0.0,0.0,0.0
2026-06-18T02:25:26,ERR,ERR,ERR,ERR,ERR,ERR,ERR,ERR,ERR,ERR,ERR,ERR,ERR,ERR,ERR,ERR,ERR,ERR,ERR,ERR,ERR,ERR,ERR,ERR,ERR,ERR,ERR,ERR,ERR,ERR,ERR,ERR,ERR,ERR,ERR,ERR,ERR,ERR,ERR,ERR,ERR,ERR,ERR,ERR,ERR,ERR,ERR,ERR,ERR,ERR,ERR,ERR,ERR,ERR,ERR,ERR,ERR,ERR,ERR,ERR,ERR,ERR,ERR,ERR,ERR,ERR,ERR,ERR,ERR,ERR,ERR,ERR,ERR,ERR,ERR,ERR,ERR,ERR,ERR,ERR,ERR,ERR,ERR,ERR,ERR,ERR,ERR,ERR,ERR,ERR,ERR,ERR,ERR,ERR,ERR,ERR,ERR,ERR,ERR,ERR,ERR,ERR,ERR,ERR,ERR,ERR,ERR,ERR,ERR,ERR,ERR,ERR,ERR,ERR,ERR,ERR,ERR,ERR,ERR,ERR,ERR,ERR,ERR,ERR,ERR,-0.0,2.718431101732002e+23,-0.0,-152005385388032.0,-0.0,1.3936040501711995e+18,7.805,-2306705457152.0,0,0,4,48929,6720,14723890282496.0,100,0.0,0.0,0.0,-0.0,0.0,0,0,0,0,0.0,0,0,0,0,0,0,0,0,0,0,0,0,0,0,0,0,0,0,0,0,0,0,0,0,0,0,0,0,0,0,0,0,0,26,51,50,76,65476,0,300,0,0,8,21553,0.0,-107605600.0,0.0,0.0,0.0,0.0,0.0,0.0,0.0,0.0,0.0,0.0,0.0,0.0,0.0,0.0,0.0,0.0,0.0,0.0,0.0,0.0,0.0,-0.0,0.0,2.004,0.0,0.0,0.0,0.0,4755.0,-1.0406643905049406e+34,7295.0,-0.0,2.718431101732002e+23,-107615360.0,0.0,0.0,0.0,0.0,0.0,77,2.3088407177156624e+20,-0.0,0.0,0.0,0.0,0.0,0.0,0.0,0.0,0,0,0,0.0,0.0,0.0,0.0,0.0,0.0,0.0,0.0,0.0,0.0,0.0,0.0,0.0,0.0,0.0,0.0,0,-107875648.0,77,0.0,154,0.0,-0.0,ERR,ERR,ERR,ERR,ERR,ERR,ERR,ERR,ERR,ERR,ERR,ERR,ERR,ERR,ERR,ERR,ERR,ERR,ERR,ERR,ERR,ERR,ERR,ERR,ERR,ERR,ERR,ERR,ERR,ERR,ERR,ERR,ERR,ERR,ERR,ERR,ERR,ERR,ERR,ERR,ERR,ERR,ERR,ERR,ERR,ERR,ERR,ERR,ERR,ERR,ERR,ERR,ERR,ERR,ERR,ERR,ERR,ERR,ERR,ERR,ERR,ERR,ERR,ERR,ERR,ERR,ERR,34.0,80.0,35,0.0,0.0,0.0,0.0,0.0,0.0,0.0,0.0,0.0,0.0,0.0,0.0,0.0,0.0,0.0,0.0,66.0,0,120,58,54,65476,0,300,0,0,8,20529,65476,0,0,57672,80.0,0.0,0.0,0.0,0.0,0.0
2026-06-18T02:25:27,ERR,ERR,ERR,ERR,ERR,ERR,ERR,ERR,ERR,ERR,ERR,ERR,ERR,ERR,ERR,ERR,ERR,ERR,ERR,ERR,ERR,ERR,ERR,ERR,ERR,ERR,ERR,ERR,ERR,ERR,ERR,ERR,ERR,ERR,ERR,ERR,ERR,ERR,ERR,ERR,ERR,ERR,ERR,ERR,ERR,ERR,ERR,ERR,ERR,ERR,ERR,ERR,ERR,ERR,ERR,ERR,ERR,ERR,ERR,ERR,ERR,ERR,ERR,ERR,ERR,ERR,ERR,ERR,ERR,ERR,ERR,ERR,ERR,ERR,ERR,ERR,ERR,ERR,ERR,ERR,ERR,ERR,ERR,ERR,ERR,ERR,ERR,ERR,ERR,ERR,ERR,ERR,ERR,ERR,ERR,ERR,ERR,ERR,ERR,ERR,ERR,ERR,ERR,ERR,ERR,ERR,ERR,ERR,ERR,ERR,ERR,ERR,ERR,ERR,ERR,ERR,ERR,ERR,ERR,ERR,ERR,ERR,ERR,ERR,ERR,-0.0,2.718431101732002e+23,-0.0,-152005385388032.0,-0.0,1.3936040501711995e+18,7.805,-2306705457152.0,0,0,4,48929,6720,14723890282496.0,100,0.0,0.0,0.0,-0.0,0.0,0,0,0,0,0.0,0,0,0,0,0,0,0,0,0,0,0,0,0,0,0,0,0,0,0,0,0,0,0,0,0,0,0,0,0,0,0,0,0,26,51,50,76,65476,0,300,0,0,8,21553,0.0,-107605600.0,0.0,0.0,0.0,0.0,0.0,0.0,0.0,0.0,0.0,0.0,0.0,0.0,0.0,0.0,0.0,0.0,0.0,0.0,0.0,0.0,0.0,-0.0,0.0,2.004,0.0,0.0,0.0,0.0,4755.0,-1.0406643905049406e+34,7295.0,-0.0,2.718431101732002e+23,-107615360.0,0.0,0.0,0.0,0.0,0.0,77,2.3088407177156624e+20,-0.0,0.0,0.0,0.0,0.0,0.0,0.0,0.0,0,0,0,0.0,0.0,0.0,0.0,0.0,0.0,0.0,0.0,0.0,0.0,0.0,0.0,0.0,0.0,0.0,0.0,0,-107875648.0,77,0.0,154,0.0,-0.0,ERR,ERR,ERR,ERR,ERR,ERR,ERR,ERR,ERR,ERR,ERR,ERR,ERR,ERR,ERR,ERR,ERR,ERR,ERR,ERR,ERR,ERR,ERR,ERR,ERR,ERR,ERR,ERR,ERR,ERR,ERR,ERR,ERR,ERR,ERR,ERR,ERR,ERR,ERR,ERR,ERR,ERR,ERR,ERR,ERR,ERR,ERR,ERR,ERR,ERR,ERR,ERR,ERR,ERR,ERR,ERR,ERR,ERR,ERR,ERR,ERR,ERR,ERR,ERR,ERR,ERR,ERR,34.0,80.0,35,0.0,0.0,0.0,0.0,0.0,0.0,0.0,0.0,0.0,0.0,0.0,0.0,0.0,0.0,0.0,0.0,66.0,0,120,58,54,65476,0,300,0,0,8,20529,65476,0,0,57672,80.0,0.0,0.0,0.0,0.0,0.0
2026-06-18T02:25:28,ERR,ERR,ERR,ERR,ERR,ERR,ERR,ERR,ERR,ERR,ERR,ERR,ERR,ERR,ERR,ERR,ERR,ERR,ERR,ERR,ERR,ERR,ERR,ERR,ERR,ERR,ERR,ERR,ERR,ERR,ERR,ERR,ERR,ERR,ERR,ERR,ERR,ERR,ERR,ERR,ERR,ERR,ERR,ERR,ERR,ERR,ERR,ERR,ERR,ERR,ERR,ERR,ERR,ERR,ERR,ERR,ERR,ERR,ERR,ERR,ERR,ERR,ERR,ERR,ERR,ERR,ERR,ERR,ERR,ERR,ERR,ERR,ERR,ERR,ERR,ERR,ERR,ERR,ERR,ERR,ERR,ERR,ERR,ERR,ERR,ERR,ERR,ERR,ERR,ERR,ERR,ERR,ERR,ERR,ERR,ERR,ERR,ERR,ERR,ERR,ERR,ERR,ERR,ERR,ERR,ERR,ERR,ERR,ERR,ERR,ERR,ERR,ERR,ERR,ERR,ERR,ERR,ERR,ERR,ERR,ERR,ERR,ERR,ERR,ERR,-0.0,2.718431101732002e+23,-0.0,-152005385388032.0,-0.0,1.3936040501711995e+18,7.805,-2306705457152.0,0,0,4,48929,6720,14723890282496.0,100,0.0,0.0,0.0,-0.0,0.0,0,0,0,0,0.0,0,0,0,0,0,0,0,0,0,0,0,0,0,0,0,0,0,0,0,0,0,0,0,0,0,0,0,0,0,0,0,0,0,26,51,50,76,65476,0,300,0,0,8,21553,0.0,-107605600.0,0.0,0.0,0.0,0.0,0.0,0.0,0.0,0.0,0.0,0.0,0.0,0.0,0.0,0.0,0.0,0.0,0.0,0.0,0.0,0.0,0.0,-0.0,0.0,2.004,0.0,0.0,0.0,0.0,4755.0,-1.0406643905049406e+34,7295.0,-0.0,2.718431101732002e+23,-107615360.0,0.0,0.0,0.0,0.0,0.0,77,2.3088407177156624e+20,-0.0,0.0,0.0,0.0,0.0,0.0,0.0,0.0,0,0,0,0.0,0.0,0.0,0.0,0.0,0.0,0.0,0.0,0.0,0.0,0.0,0.0,0.0,0.0,0.0,0.0,0,-107875648.0,77,0.0,154,0.0,-0.0,ERR,ERR,ERR,ERR,ERR,ERR,ERR,ERR,ERR,ERR,ERR,ERR,ERR,ERR,ERR,ERR,ERR,ERR,ERR,ERR,ERR,ERR,ERR,ERR,ERR,ERR,ERR,ERR,ERR,ERR,ERR,ERR,ERR,ERR,ERR,ERR,ERR,ERR,ERR,ERR,ERR,ERR,ERR,ERR,ERR,ERR,ERR,ERR,ERR,ERR,ERR,ERR,ERR,ERR,ERR,ERR,ERR,ERR,ERR,ERR,ERR,ERR,ERR,ERR,ERR,ERR,ERR,34.0,80.0,35,0.0,0.0,0.0,0.0,0.0,0.0,0.0,0.0,0.0,0.0,0.0,0.0,0.0,0.0,0.0,0.0,66.4,0,120,58,54,65476,0,300,0,0,8,20529,65476,0,0,57672,80.0,0.0,0.0,0.0,0.0,0.0
2026-06-18T02:25:29,ERR,ERR,ERR,ERR,ERR,ERR,ERR,ERR,ERR,ERR,ERR,ERR,ERR,ERR,ERR,ERR,ERR,ERR,ERR,ERR,ERR,ERR,ERR,ERR,ERR,ERR,ERR,ERR,ERR,ERR,ERR,ERR,ERR,ERR,ERR,ERR,ERR,ERR,ERR,ERR,ERR,ERR,ERR,ERR,ERR,ERR,ERR,ERR,ERR,ERR,ERR,ERR,ERR,ERR,ERR,ERR,ERR,ERR,ERR,ERR,ERR,ERR,ERR,ERR,ERR,ERR,ERR,ERR,ERR,ERR,ERR,ERR,ERR,ERR,ERR,ERR,ERR,ERR,ERR,ERR,ERR,ERR,ERR,ERR,ERR,ERR,ERR,ERR,ERR,ERR,ERR,ERR,ERR,ERR,ERR,ERR,ERR,ERR,ERR,ERR,ERR,ERR,ERR,ERR,ERR,ERR,ERR,ERR,ERR,ERR,ERR,ERR,ERR,ERR,ERR,ERR,ERR,ERR,ERR,ERR,ERR,ERR,ERR,ERR,ERR,-0.0,2.718431101732002e+23,-0.0,-152005385388032.0,-0.0,1.3936040501711995e+18,7.805,-2306705457152.0,0,0,4,48929,6720,14723890282496.0,100,0.0,0.0,0.0,-0.0,0.0,0,0,0,0,0.0,0,0,0,0,0,0,0,0,0,0,0,0,0,0,0,0,0,0,0,0,0,0,0,0,0,0,0,0,0,0,0,0,0,26,51,50,76,65476,0,300,0,0,8,21553,0.0,-107605600.0,0.0,0.0,0.0,0.0,0.0,0.0,0.0,0.0,0.0,0.0,0.0,0.0,0.0,0.0,0.0,0.0,0.0,0.0,0.0,0.0,0.0,-0.0,0.0,2.004,0.0,0.0,0.0,0.0,4755.0,-1.0406643905049406e+34,7295.0,-0.0,2.718431101732002e+23,-107615360.0,0.0,0.0,0.0,0.0,0.0,77,2.3088407177156624e+20,-0.0,0.0,0.0,0.0,0.0,0.0,0.0,0.0,0,0,0,0.0,0.0,0.0,0.0,0.0,0.0,0.0,0.0,0.0,0.0,0.0,0.0,0.0,0.0,0.0,0.0,0,-107875648.0,77,0.0,154,0.0,-0.0,ERR,ERR,ERR,ERR,ERR,ERR,ERR,ERR,ERR,ERR,ERR,ERR,ERR,ERR,ERR,ERR,ERR,ERR,ERR,ERR,ERR,ERR,ERR,ERR,ERR,ERR,ERR,ERR,ERR,ERR,ERR,ERR,ERR,ERR,ERR,ERR,ERR,ERR,ERR,ERR,ERR,ERR,ERR,ERR,ERR,ERR,ERR,ERR,ERR,ERR,ERR,ERR,ERR,ERR,ERR,ERR,ERR,ERR,ERR,ERR,ERR,ERR,ERR,ERR,ERR,ERR,ERR,34.0,80.0,35,0.0,0.0,0.0,0.0,0.0,0.0,0.0,0.0,0.0,0.0,0.0,0.0,0.0,0.0,0.0,0.0,66.4,0,120,58,54,65476,0,300,0,0,8,20529,65476,0,0,57672,80.0,0.0,0.0,0.0,0.0,0.0
2026-06-18T02:25:30,ERR,ERR,ERR,ERR,ERR,ERR,ERR,ERR,ERR,ERR,ERR,ERR,ERR,ERR,ERR,ERR,ERR,ERR,ERR,ERR,ERR,ERR,ERR,ERR,ERR,ERR,ERR,ERR,ERR,ERR,ERR,ERR,ERR,ERR,ERR,ERR,ERR,ERR,ERR,ERR,ERR,ERR,ERR,ERR,ERR,ERR,ERR,ERR,ERR,ERR,ERR,ERR,ERR,ERR,ERR,ERR,ERR,ERR,ERR,ERR,ERR,ERR,ERR,ERR,ERR,ERR,ERR,ERR,ERR,ERR,ERR,ERR,ERR,ERR,ERR,ERR,ERR,ERR,ERR,ERR,ERR,ERR,ERR,ERR,ERR,ERR,ERR,ERR,ERR,ERR,ERR,ERR,ERR,ERR,ERR,ERR,ERR,ERR,ERR,ERR,ERR,ERR,ERR,ERR,ERR,ERR,ERR,ERR,ERR,ERR,ERR,ERR,ERR,ERR,ERR,ERR,ERR,ERR,ERR,ERR,ERR,ERR,ERR,ERR,ERR,-0.0,2.718431101732002e+23,-0.0,-0.0,0.0,1.3936040501711995e+18,7.805,2.395,0,0,4,48930,6720,14723890282496.0,100,0.0,0.0,0.0,-0.0,0.0,0,0,0,0,0.0,0,0,0,0,0,0,0,0,0,0,0,0,0,0,0,0,0,0,0,0,0,0,0,0,0,0,0,0,0,0,0,0,0,26,51,50,76,65476,0,300,0,0,8,21553,0.0,-107605600.0,0.0,0.0,0.0,0.0,0.0,0.0,0.0,0.0,0.0,0.0,0.0,0.0,0.0,0.0,0.0,0.0,0.0,0.0,0.0,0.0,0.0,-0.0,0.0,2.004,0.0,0.0,0.0,0.0,4758.0,-564145296506880.0,7291.0,-0.0,2.718431101732002e+23,-107615360.0,0.0,0.0,0.0,0.0,0.0,77,4.066880858845495e+29,-0.0,0.0,0.0,0.0,0.0,0.0,0.0,0.0,0,0,0,0.0,0.0,0.0,0.0,0.0,0.0,0.0,0.0,0.0,0.0,0.0,0.0,0.0,0.0,0.0,0.0,0,-107875648.0,77,0.0,154,0.0,-0.0,ERR,ERR,ERR,ERR,ERR,ERR,ERR,ERR,ERR,ERR,ERR,ERR,ERR,ERR,ERR,ERR,ERR,ERR,ERR,ERR,ERR,ERR,ERR,ERR,ERR,ERR,ERR,ERR,ERR,ERR,ERR,ERR,ERR,ERR,ERR,ERR,ERR,ERR,ERR,ERR,ERR,ERR,ERR,ERR,ERR,ERR,ERR,ERR,ERR,ERR,ERR,ERR,ERR,ERR,ERR,ERR,ERR,ERR,ERR,ERR,ERR,ERR,ERR,ERR,ERR,ERR,ERR,34.0,80.0,35,0.0,0.0,0.0,0.0,0.0,0.0,0.0,0.0,0.0,0.0,0.0,0.0,0.0,0.0,0.0,0.0,66.0,0,120,58,54,65476,0,300,0,0,8,20529,65476,0,0,57672,80.0,0.0,0.0,0.0,0.0,0.0
2026-06-18T02:25:31,ERR,ERR,ERR,ERR,ERR,ERR,ERR,ERR,ERR,ERR,ERR,ERR,ERR,ERR,ERR,ERR,ERR,ERR,ERR,ERR,ERR,ERR,ERR,ERR,ERR,ERR,ERR,ERR,ERR,ERR,ERR,ERR,ERR,ERR,ERR,ERR,ERR,ERR,ERR,ERR,ERR,ERR,ERR,ERR,ERR,ERR,ERR,ERR,ERR,ERR,ERR,ERR,ERR,ERR,ERR,ERR,ERR,ERR,ERR,ERR,ERR,ERR,ERR,ERR,ERR,ERR,ERR,ERR,ERR,ERR,ERR,ERR,ERR,ERR,ERR,ERR,ERR,ERR,ERR,ERR,ERR,ERR,ERR,ERR,ERR,ERR,ERR,ERR,ERR,ERR,ERR,ERR,ERR,ERR,ERR,ERR,ERR,ERR,ERR,ERR,ERR,ERR,ERR,ERR,ERR,ERR,ERR,ERR,ERR,ERR,ERR,ERR,ERR,ERR,ERR,ERR,ERR,ERR,ERR,ERR,ERR,ERR,ERR,ERR,ERR,-0.0,2.718431101732002e+23,-0.0,-0.0,0.0,1.3936040501711995e+18,7.805,2.395,0,0,4,48930,6720,14723890282496.0,100,0.0,0.0,0.0,-0.0,0.0,0,0,0,0,0.0,0,0,0,0,0,0,0,0,0,0,0,0,0,0,0,0,0,0,0,0,0,0,0,0,0,0,0,0,0,0,0,0,0,26,51,50,76,65476,0,300,0,0,8,21553,0.0,-107605600.0,0.0,0.0,0.0,0.0,0.0,0.0,0.0,0.0,0.0,0.0,0.0,0.0,0.0,0.0,0.0,0.0,0.0,0.0,0.0,0.0,0.0,-0.0,0.0,2.004,0.0,0.0,0.0,0.0,4758.0,-564145296506880.0,7291.0,-0.0,2.718431101732002e+23,-107615360.0,0.0,0.0,0.0,0.0,0.0,77,4.066880858845495e+29,-0.0,0.0,0.0,0.0,0.0,0.0,0.0,0.0,0,0,0,0.0,0.0,0.0,0.0,0.0,0.0,0.0,0.0,0.0,0.0,0.0,0.0,0.0,0.0,0.0,0.0,0,-107875648.0,77,0.0,154,0.0,-0.0,ERR,ERR,ERR,ERR,ERR,ERR,ERR,ERR,ERR,ERR,ERR,ERR,ERR,ERR,ERR,ERR,ERR,ERR,ERR,ERR,ERR,ERR,ERR,ERR,ERR,ERR,ERR,ERR,ERR,ERR,ERR,ERR,ERR,ERR,ERR,ERR,ERR,ERR,ERR,ERR,ERR,ERR,ERR,ERR,ERR,ERR,ERR,ERR,ERR,ERR,ERR,ERR,ERR,ERR,ERR,ERR,ERR,ERR,ERR,ERR,ERR,ERR,ERR,ERR,ERR,ERR,ERR,34.0,80.0,35,0.0,0.0,0.0,0.0,0.0,0.0,0.0,0.0,0.0,0.0,0.0,0.0,0.0,0.0,0.0,0.0,66.0,0,120,58,54,65476,0,300,0,0,8,20529,65476,0,0,57672,80.0,0.0,0.0,0.0,0.0,0.0
2026-06-18T02:25:32,ERR,ERR,ERR,ERR,ERR,ERR,ERR,ERR,ERR,ERR,ERR,ERR,ERR,ERR,ERR,ERR,ERR,ERR,ERR,ERR,ERR,ERR,ERR,ERR,ERR,ERR,ERR,ERR,ERR,ERR,ERR,ERR,ERR,ERR,ERR,ERR,ERR,ERR,ERR,ERR,ERR,ERR,ERR,ERR,ERR,ERR,ERR,ERR,ERR,ERR,ERR,ERR,ERR,ERR,ERR,ERR,ERR,ERR,ERR,ERR,ERR,ERR,ERR,ERR,ERR,ERR,ERR,ERR,ERR,ERR,ERR,ERR,ERR,ERR,ERR,ERR,ERR,ERR,ERR,ERR,ERR,ERR,ERR,ERR,ERR,ERR,ERR,ERR,ERR,ERR,ERR,ERR,ERR,ERR,ERR,ERR,ERR,ERR,ERR,ERR,ERR,ERR,ERR,ERR,ERR,ERR,ERR,ERR,ERR,ERR,ERR,ERR,ERR,ERR,ERR,ERR,ERR,ERR,ERR,ERR,ERR,ERR,ERR,ERR,ERR,-0.0,2.718431101732002e+23,-0.0,-0.0,0.0,1.3936040501711995e+18,7.805,2.395,0,0,4,48930,6720,14723890282496.0,100,0.0,0.0,0.0,-0.0,0.0,0,0,0,0,0.0,0,0,0,0,0,0,0,0,0,0,0,0,0,0,0,0,0,0,0,0,0,0,0,0,0,0,0,0,0,0,0,0,0,26,51,50,76,65476,0,300,0,0,8,21553,0.0,-107605600.0,0.0,0.0,0.0,0.0,0.0,0.0,0.0,0.0,0.0,0.0,0.0,0.0,0.0,0.0,0.0,0.0,0.0,0.0,0.0,0.0,0.0,-0.0,0.0,2.004,0.0,0.0,0.0,0.0,4758.0,-564145296506880.0,7291.0,-0.0,2.718431101732002e+23,-107615360.0,0.0,0.0,0.0,0.0,0.0,77,4.066880858845495e+29,-0.0,0.0,0.0,0.0,0.0,0.0,0.0,0.0,0,0,0,0.0,0.0,0.0,0.0,0.0,0.0,0.0,0.0,0.0,0.0,0.0,0.0,0.0,0.0,0.0,0.0,0,-107875648.0,77,0.0,154,0.0,-0.0,ERR,ERR,ERR,ERR,ERR,ERR,ERR,ERR,ERR,ERR,ERR,ERR,ERR,ERR,ERR,ERR,ERR,ERR,ERR,ERR,ERR,ERR,ERR,ERR,ERR,ERR,ERR,ERR,ERR,ERR,ERR,ERR,ERR,ERR,ERR,ERR,ERR,ERR,ERR,ERR,ERR,ERR,ERR,ERR,ERR,ERR,ERR,ERR,ERR,ERR,ERR,ERR,ERR,ERR,ERR,ERR,ERR,ERR,ERR,ERR,ERR,ERR,ERR,ERR,ERR,ERR,ERR,34.0,80.0,35,0.0,0.0,0.0,0.0,0.0,0.0,0.0,0.0,0.0,0.0,0.0,0.0,0.0,0.0,0.0,0.0,66.0,0,120,58,54,65476,0,300,0,0,8,20529,65476,0,0,57672,80.0,0.0,0.0,0.0,0.0,0.0
2026-06-18T02:25:33,ERR,ERR,ERR,ERR,ERR,ERR,ERR,ERR,ERR,ERR,ERR,ERR,ERR,ERR,ERR,ERR,ERR,ERR,ERR,ERR,ERR,ERR,ERR,ERR,ERR,ERR,ERR,ERR,ERR,ERR,ERR,ERR,ERR,ERR,ERR,ERR,ERR,ERR,ERR,ERR,ERR,ERR,ERR,ERR,ERR,ERR,ERR,ERR,ERR,ERR,ERR,ERR,ERR,ERR,ERR,ERR,ERR,ERR,ERR,ERR,ERR,ERR,ERR,ERR,ERR,ERR,ERR,ERR,ERR,ERR,ERR,ERR,ERR,ERR,ERR,ERR,ERR,ERR,ERR,ERR,ERR,ERR,ERR,ERR,ERR,ERR,ERR,ERR,ERR,ERR,ERR,ERR,ERR,ERR,ERR,ERR,ERR,ERR,ERR,ERR,ERR,ERR,ERR,ERR,ERR,ERR,ERR,ERR,ERR,ERR,ERR,ERR,ERR,ERR,ERR,ERR,ERR,ERR,ERR,ERR,ERR,ERR,ERR,ERR,ERR,-0.0,2.718431101732002e+23,-0.0,-0.0,0.0,1.3936040501711995e+18,7.805,2.395,0,0,4,48930,6720,14723890282496.0,100,0.0,0.0,0.0,-0.0,0.0,0,0,0,0,0.0,0,0,0,0,0,0,0,0,0,0,0,0,0,0,0,0,0,0,0,0,0,0,0,0,0,0,0,0,0,0,0,0,0,26,51,50,76,65476,0,300,0,0,8,21553,0.0,-107605600.0,0.0,0.0,0.0,0.0,0.0,0.0,0.0,0.0,0.0,0.0,0.0,0.0,0.0,0.0,0.0,0.0,0.0,0.0,0.0,0.0,0.0,-0.0,0.0,2.004,0.0,0.0,0.0,0.0,4758.0,-564145296506880.0,7291.0,-0.0,2.718431101732002e+23,-107615360.0,0.0,0.0,0.0,0.0,0.0,77,4.066880858845495e+29,-0.0,0.0,0.0,0.0,0.0,0.0,0.0,0.0,0,0,0,0.0,0.0,0.0,0.0,0.0,0.0,0.0,0.0,0.0,0.0,0.0,0.0,0.0,0.0,0.0,0.0,0,-107875648.0,77,0.0,154,0.0,-0.0,ERR,ERR,ERR,ERR,ERR,ERR,ERR,ERR,ERR,ERR,ERR,ERR,ERR,ERR,ERR,ERR,ERR,ERR,ERR,ERR,ERR,ERR,ERR,ERR,ERR,ERR,ERR,ERR,ERR,ERR,ERR,ERR,ERR,ERR,ERR,ERR,ERR,ERR,ERR,ERR,ERR,ERR,ERR,ERR,ERR,ERR,ERR,ERR,ERR,ERR,ERR,ERR,ERR,ERR,ERR,ERR,ERR,ERR,ERR,ERR,ERR,ERR,ERR,ERR,ERR,ERR,ERR,34.0,80.0,35,0.0,0.0,0.0,0.0,0.0,0.0,0.0,0.0,0.0,0.0,0.0,0.0,0.0,0.0,0.0,0.0,66.0,0,120,58,54,65476,0,300,0,0,8,20529,65476,0,0,57672,80.0,0.0,0.0,0.0,0.0,0.0
2026-06-18T02:25:34,ERR,ERR,ERR,ERR,ERR,ERR,ERR,ERR,ERR,ERR,ERR,ERR,ERR,ERR,ERR,ERR,ERR,ERR,ERR,ERR,ERR,ERR,ERR,ERR,ERR,ERR,ERR,ERR,ERR,ERR,ERR,ERR,ERR,ERR,ERR,ERR,ERR,ERR,ERR,ERR,ERR,ERR,ERR,ERR,ERR,ERR,ERR,ERR,ERR,ERR,ERR,ERR,ERR,ERR,ERR,ERR,ERR,ERR,ERR,ERR,ERR,ERR,ERR,ERR,ERR,ERR,ERR,ERR,ERR,ERR,ERR,ERR,ERR,ERR,ERR,ERR,ERR,ERR,ERR,ERR,ERR,ERR,ERR,ERR,ERR,ERR,ERR,ERR,ERR,ERR,ERR,ERR,ERR,ERR,ERR,ERR,ERR,ERR,ERR,ERR,ERR,ERR,ERR,ERR,ERR,ERR,ERR,ERR,ERR,ERR,ERR,ERR,ERR,ERR,ERR,ERR,ERR,ERR,ERR,ERR,ERR,ERR,ERR,ERR,ERR,-0.0,2.718431101732002e+23,-0.0,-0.0,0.0,1.3936040501711995e+18,7.805,2.395,0,0,4,48930,6720,14723890282496.0,100,0.0,0.0,0.0,-0.0,0.0,0,0,0,0,0.0,0,0,0,0,0,0,0,0,0,0,0,0,0,0,0,0,0,0,0,0,0,0,0,0,0,0,0,0,0,0,0,0,0,26,51,50,76,65476,0,300,0,0,8,21553,0.0,-107605600.0,0.0,0.0,0.0,0.0,0.0,0.0,0.0,0.0,0.0,0.0,0.0,0.0,0.0,0.0,0.0,0.0,0.0,0.0,0.0,0.0,0.0,-0.0,0.0,2.004,0.0,0.0,0.0,0.0,4758.0,-564145296506880.0,7291.0,-0.0,2.718431101732002e+23,-107615360.0,0.0,0.0,0.0,0.0,0.0,77,4.066880858845495e+29,-0.0,0.0,0.0,0.0,0.0,0.0,0.0,0.0,0,0,0,0.0,0.0,0.0,0.0,0.0,0.0,0.0,0.0,0.0,0.0,0.0,0.0,0.0,0.0,0.0,0.0,0,-107875648.0,77,0.0,154,0.0,-0.0,ERR,ERR,ERR,ERR,ERR,ERR,ERR,ERR,ERR,ERR,ERR,ERR,ERR,ERR,ERR,ERR,ERR,ERR,ERR,ERR,ERR,ERR,ERR,ERR,ERR,ERR,ERR,ERR,ERR,ERR,ERR,ERR,ERR,ERR,ERR,ERR,ERR,ERR,ERR,ERR,ERR,ERR,ERR,ERR,ERR,ERR,ERR,ERR,ERR,ERR,ERR,ERR,ERR,ERR,ERR,ERR,ERR,ERR,ERR,ERR,ERR,ERR,ERR,ERR,ERR,ERR,ERR,34.0,80.0,35,0.0,0.0,0.0,0.0,0.0,0.0,0.0,0.0,0.0,0.0,0.0,0.0,0.0,0.0,0.0,0.0,66.0,0,120,58,54,65476,0,300,0,0,8,20529,65476,0,0,57672,80.0,0.0,0.0,0.0,0.0,0.0
2026-06-18T02:25:35,ERR,ERR,ERR,ERR,ERR,ERR,ERR,ERR,ERR,ERR,ERR,ERR,ERR,ERR,ERR,ERR,ERR,ERR,ERR,ERR,ERR,ERR,ERR,ERR,ERR,ERR,ERR,ERR,ERR,ERR,ERR,ERR,ERR,ERR,ERR,ERR,ERR,ERR,ERR,ERR,ERR,ERR,ERR,ERR,ERR,ERR,ERR,ERR,ERR,ERR,ERR,ERR,ERR,ERR,ERR,ERR,ERR,ERR,ERR,ERR,ERR,ERR,ERR,ERR,ERR,ERR,ERR,ERR,ERR,ERR,ERR,ERR,ERR,ERR,ERR,ERR,ERR,ERR,ERR,ERR,ERR,ERR,ERR,ERR,ERR,ERR,ERR,ERR,ERR,ERR,ERR,ERR,ERR,ERR,ERR,ERR,ERR,ERR,ERR,ERR,ERR,ERR,ERR,ERR,ERR,ERR,ERR,ERR,ERR,ERR,ERR,ERR,ERR,ERR,ERR,ERR,ERR,ERR,ERR,ERR,ERR,ERR,ERR,ERR,ERR,-0.0,2.718431101732002e+23,-0.0,-4.9501291711397626e+32,-0.0,1.3936040501711995e+18,7.805,-0.0,0,0,4,48930,6720,14723890282496.0,100,0.0,0.0,0.0,0.0,0.0,0,0,0,0,0.0,0,0,0,0,0,0,0,0,0,0,0,0,0,0,0,0,0,0,0,0,0,0,0,0,0,0,0,0,0,0,0,0,0,26,51,50,76,65476,0,300,0,0,8,21553,0.0,-107605600.0,0.0,0.0,0.0,0.0,0.0,0.0,0.0,0.0,0.0,0.0,0.0,0.0,0.0,0.0,0.0,0.0,0.0,0.0,0.0,0.0,0.0,-0.0,0.0,2.004,0.0,0.0,0.0,0.0,4757.0,-2.004,7288.0,-0.0,2.718431101732002e+23,-107615360.0,0.0,0.0,0.0,0.0,0.0,77,152018488393728.0,4.0668498801213676e+29,0.0,0.0,0.0,0.0,0.0,0.0,0.0,0,0,0,0.0,0.0,0.0,0.0,0.0,0.0,0.0,0.0,0.0,0.0,0.0,0.0,0.0,0.0,0.0,0.0,0,-107875648.0,77,0.0,154,0.0,-0.0,ERR,ERR,ERR,ERR,ERR,ERR,ERR,ERR,ERR,ERR,ERR,ERR,ERR,ERR,ERR,ERR,ERR,ERR,ERR,ERR,ERR,ERR,ERR,ERR,ERR,ERR,ERR,ERR,ERR,ERR,ERR,ERR,ERR,ERR,ERR,ERR,ERR,ERR,ERR,ERR,ERR,ERR,ERR,ERR,ERR,ERR,ERR,ERR,ERR,ERR,ERR,ERR,ERR,ERR,ERR,ERR,ERR,ERR,ERR,ERR,ERR,ERR,ERR,ERR,ERR,ERR,ERR,34.0,80.0,35,0.0,0.0,0.0,0.0,0.0,0.0,0.0,0.0,0.0,0.0,0.0,0.0,0.0,0.0,0.0,0.0,66.0,0,120,58,54,65476,0,300,0,0,8,20529,65476,0,0,57672,80.0,0.0,0.0,0.0,0.0,0.0
2026-06-18T02:25:36,ERR,ERR,ERR,ERR,ERR,ERR,ERR,ERR,ERR,ERR,ERR,ERR,ERR,ERR,ERR,ERR,ERR,ERR,ERR,ERR,ERR,ERR,ERR,ERR,ERR,ERR,ERR,ERR,ERR,ERR,ERR,ERR,ERR,ERR,ERR,ERR,ERR,ERR,ERR,ERR,ERR,ERR,ERR,ERR,ERR,ERR,ERR,ERR,ERR,ERR,ERR,ERR,ERR,ERR,ERR,ERR,ERR,ERR,ERR,ERR,ERR,ERR,ERR,ERR,ERR,ERR,ERR,ERR,ERR,ERR,ERR,ERR,ERR,ERR,ERR,ERR,ERR,ERR,ERR,ERR,ERR,ERR,ERR,ERR,ERR,ERR,ERR,ERR,ERR,ERR,ERR,ERR,ERR,ERR,ERR,ERR,ERR,ERR,ERR,ERR,ERR,ERR,ERR,ERR,ERR,ERR,ERR,ERR,ERR,ERR,ERR,ERR,ERR,ERR,ERR,ERR,ERR,ERR,ERR,ERR,ERR,ERR,ERR,ERR,ERR,-0.0,2.718431101732002e+23,-0.0,-4.9501291711397626e+32,-0.0,1.3936040501711995e+18,7.805,-0.0,0,0,4,48930,6720,14723890282496.0,100,0.0,0.0,0.0,0.0,0.0,0,0,0,0,0.0,0,0,0,0,0,0,0,0,0,0,0,0,0,0,0,0,0,0,0,0,0,0,0,0,0,0,0,0,0,0,0,0,0,26,51,50,76,65476,0,300,0,0,8,21553,0.0,-107605600.0,0.0,0.0,0.0,0.0,0.0,0.0,0.0,0.0,0.0,0.0,0.0,0.0,0.0,0.0,0.0,0.0,0.0,0.0,0.0,0.0,0.0,-0.0,0.0,2.004,0.0,0.0,0.0,0.0,4757.0,-2.004,7288.0,-0.0,2.718431101732002e+23,-107615360.0,0.0,0.0,0.0,0.0,0.0,77,152018488393728.0,4.0668498801213676e+29,0.0,0.0,0.0,0.0,0.0,0.0,0.0,0,0,0,0.0,0.0,0.0,0.0,0.0,0.0,0.0,0.0,0.0,0.0,0.0,0.0,0.0,0.0,0.0,0.0,0,-107875648.0,77,0.0,154,0.0,-0.0,ERR,ERR,ERR,ERR,ERR,ERR,ERR,ERR,ERR,ERR,ERR,ERR,ERR,ERR,ERR,ERR,ERR,ERR,ERR,ERR,ERR,ERR,ERR,ERR,ERR,ERR,ERR,ERR,ERR,ERR,ERR,ERR,ERR,ERR,ERR,ERR,ERR,ERR,ERR,ERR,ERR,ERR,ERR,ERR,ERR,ERR,ERR,ERR,ERR,ERR,ERR,ERR,ERR,ERR,ERR,ERR,ERR,ERR,ERR,ERR,ERR,ERR,ERR,ERR,ERR,ERR,ERR,34.0,80.0,35,0.0,0.0,0.0,0.0,0.0,0.0,0.0,0.0,0.0,0.0,0.0,0.0,0.0,0.0,0.0,0.0,66.0,0,120,58,54,65476,0,300,0,0,8,20529,65476,0,0,57672,80.0,0.0,0.0,0.0,0.0,0.0
2026-06-18T02:25:37,ERR,ERR,ERR,ERR,ERR,ERR,ERR,ERR,ERR,ERR,ERR,ERR,ERR,ERR,ERR,ERR,ERR,ERR,ERR,ERR,ERR,ERR,ERR,ERR,ERR,ERR,ERR,ERR,ERR,ERR,ERR,ERR,ERR,ERR,ERR,ERR,ERR,ERR,ERR,ERR,ERR,ERR,ERR,ERR,ERR,ERR,ERR,ERR,ERR,ERR,ERR,ERR,ERR,ERR,ERR,ERR,ERR,ERR,ERR,ERR,ERR,ERR,ERR,ERR,ERR,ERR,ERR,ERR,ERR,ERR,ERR,ERR,ERR,ERR,ERR,ERR,ERR,ERR,ERR,ERR,ERR,ERR,ERR,ERR,ERR,ERR,ERR,ERR,ERR,ERR,ERR,ERR,ERR,ERR,ERR,ERR,ERR,ERR,ERR,ERR,ERR,ERR,ERR,ERR,ERR,ERR,ERR,ERR,ERR,ERR,ERR,ERR,ERR,ERR,ERR,ERR,ERR,ERR,ERR,ERR,ERR,ERR,ERR,ERR,ERR,-0.0,2.718431101732002e+23,-0.0,-4.9501291711397626e+32,-0.0,1.3936040501711995e+18,7.805,-0.0,0,0,4,48930,6720,14723890282496.0,100,0.0,0.0,0.0,0.0,0.0,0,0,0,0,0.0,0,0,0,0,0,0,0,0,0,0,0,0,0,0,0,0,0,0,0,0,0,0,0,0,0,0,0,0,0,0,0,0,0,26,51,50,76,65476,0,300,0,0,8,21553,0.0,-107605600.0,0.0,0.0,0.0,0.0,0.0,0.0,0.0,0.0,0.0,0.0,0.0,0.0,0.0,0.0,0.0,0.0,0.0,0.0,0.0,0.0,0.0,-0.0,0.0,2.004,0.0,0.0,0.0,0.0,4757.0,-2.004,7288.0,-0.0,2.718431101732002e+23,-107615360.0,0.0,0.0,0.0,0.0,0.0,77,152018488393728.0,4.0668498801213676e+29,0.0,0.0,0.0,0.0,0.0,0.0,0.0,0,0,0,0.0,0.0,0.0,0.0,0.0,0.0,0.0,0.0,0.0,0.0,0.0,0.0,0.0,0.0,0.0,0.0,0,-107875648.0,77,0.0,154,0.0,-0.0,ERR,ERR,ERR,ERR,ERR,ERR,ERR,ERR,ERR,ERR,ERR,ERR,ERR,ERR,ERR,ERR,ERR,ERR,ERR,ERR,ERR,ERR,ERR,ERR,ERR,ERR,ERR,ERR,ERR,ERR,ERR,ERR,ERR,ERR,ERR,ERR,ERR,ERR,ERR,ERR,ERR,ERR,ERR,ERR,ERR,ERR,ERR,ERR,ERR,ERR,ERR,ERR,ERR,ERR,ERR,ERR,ERR,ERR,ERR,ERR,ERR,ERR,ERR,ERR,ERR,ERR,ERR,34.0,80.0,35,0.0,0.0,0.0,0.0,0.0,0.0,0.0,0.0,0.0,0.0,0.0,0.0,0.0,0.0,0.0,0.0,66.4,0,120,58,54,65476,0,300,0,0,8,20529,65476,0,0,57672,80.0,0.0,0.0,0.0,0.0,0.0
2026-06-18T02:25:38,ERR,ERR,ERR,ERR,ERR,ERR,ERR,ERR,ERR,ERR,ERR,ERR,ERR,ERR,ERR,ERR,ERR,ERR,ERR,ERR,ERR,ERR,ERR,ERR,ERR,ERR,ERR,ERR,ERR,ERR,ERR,ERR,ERR,ERR,ERR,ERR,ERR,ERR,ERR,ERR,ERR,ERR,ERR,ERR,ERR,ERR,ERR,ERR,ERR,ERR,ERR,ERR,ERR,ERR,ERR,ERR,ERR,ERR,ERR,ERR,ERR,ERR,ERR,ERR,ERR,ERR,ERR,ERR,ERR,ERR,ERR,ERR,ERR,ERR,ERR,ERR,ERR,ERR,ERR,ERR,ERR,ERR,ERR,ERR,ERR,ERR,ERR,ERR,ERR,ERR,ERR,ERR,ERR,ERR,ERR,ERR,ERR,ERR,ERR,ERR,ERR,ERR,ERR,ERR,ERR,ERR,ERR,ERR,ERR,ERR,ERR,ERR,ERR,ERR,ERR,ERR,ERR,ERR,ERR,ERR,ERR,ERR,ERR,ERR,ERR,-0.0,2.718431101732002e+23,-0.0,-4.9501291711397626e+32,-0.0,1.3936040501711995e+18,7.805,-0.0,0,0,4,48930,6720,14723890282496.0,100,0.0,0.0,0.0,0.0,0.0,0,0,0,0,0.0,0,0,0,0,0,0,0,0,0,0,0,0,0,0,0,0,0,0,0,0,0,0,0,0,0,0,0,0,0,0,0,0,0,26,51,50,76,65476,0,300,0,0,8,21553,0.0,-107605600.0,0.0,0.0,0.0,0.0,0.0,0.0,0.0,0.0,0.0,0.0,0.0,0.0,0.0,0.0,0.0,0.0,0.0,0.0,0.0,0.0,0.0,-0.0,0.0,2.004,0.0,0.0,0.0,0.0,4757.0,-2.004,7288.0,-0.0,2.718431101732002e+23,-107615360.0,0.0,0.0,0.0,0.0,0.0,77,152018488393728.0,4.0668498801213676e+29,0.0,0.0,0.0,0.0,0.0,0.0,0.0,0,0,0,0.0,0.0,0.0,0.0,0.0,0.0,0.0,0.0,0.0,0.0,0.0,0.0,0.0,0.0,0.0,0.0,0,-107875648.0,77,0.0,154,0.0,-0.0,ERR,ERR,ERR,ERR,ERR,ERR,ERR,ERR,ERR,ERR,ERR,ERR,ERR,ERR,ERR,ERR,ERR,ERR,ERR,ERR,ERR,ERR,ERR,ERR,ERR,ERR,ERR,ERR,ERR,ERR,ERR,ERR,ERR,ERR,ERR,ERR,ERR,ERR,ERR,ERR,ERR,ERR,ERR,ERR,ERR,ERR,ERR,ERR,ERR,ERR,ERR,ERR,ERR,ERR,ERR,ERR,ERR,ERR,ERR,ERR,ERR,ERR,ERR,ERR,ERR,ERR,ERR,34.0,80.0,35,0.0,0.0,0.0,0.0,0.0,0.0,0.0,0.0,0.0,0.0,0.0,0.0,0.0,0.0,0.0,0.0,66.4,0,120,58,54,65476,0,300,0,0,8,20529,65476,0,0,57672,80.0,0.0,0.0,0.0,0.0,0.0
2026-06-18T02:25:39,ERR,ERR,ERR,ERR,ERR,ERR,ERR,ERR,ERR,ERR,ERR,ERR,ERR,ERR,ERR,ERR,ERR,ERR,ERR,ERR,ERR,ERR,ERR,ERR,ERR,ERR,ERR,ERR,ERR,ERR,ERR,ERR,ERR,ERR,ERR,ERR,ERR,ERR,ERR,ERR,ERR,ERR,ERR,ERR,ERR,ERR,ERR,ERR,ERR,ERR,ERR,ERR,ERR,ERR,ERR,ERR,ERR,ERR,ERR,ERR,ERR,ERR,ERR,ERR,ERR,ERR,ERR,ERR,ERR,ERR,ERR,ERR,ERR,ERR,ERR,ERR,ERR,ERR,ERR,ERR,ERR,ERR,ERR,ERR,ERR,ERR,ERR,ERR,ERR,ERR,ERR,ERR,ERR,ERR,ERR,ERR,ERR,ERR,ERR,ERR,ERR,ERR,ERR,ERR,ERR,ERR,ERR,ERR,ERR,ERR,ERR,ERR,ERR,ERR,ERR,ERR,ERR,ERR,ERR,ERR,ERR,ERR,ERR,ERR,ERR,-0.0,2.718431101732002e+23,-0.0,-4.9501291711397626e+32,-0.0,1.3936040501711995e+18,7.805,-0.0,0,0,4,48930,6720,14723890282496.0,100,0.0,0.0,0.0,0.0,0.0,0,0,0,0,0.0,0,0,0,0,0,0,0,0,0,0,0,0,0,0,0,0,0,0,0,0,0,0,0,0,0,0,0,0,0,0,0,0,0,26,51,50,76,65476,0,300,0,0,8,21553,0.0,-107605600.0,0.0,0.0,0.0,0.0,0.0,0.0,0.0,0.0,0.0,0.0,0.0,0.0,0.0,0.0,0.0,0.0,0.0,0.0,0.0,0.0,0.0,-0.0,0.0,2.004,0.0,0.0,0.0,0.0,4757.0,-2.004,7288.0,-0.0,2.718431101732002e+23,-107615360.0,0.0,0.0,0.0,0.0,0.0,77,152018488393728.0,4.0668498801213676e+29,0.0,0.0,0.0,0.0,0.0,0.0,0.0,0,0,0,0.0,0.0,0.0,0.0,0.0,0.0,0.0,0.0,0.0,0.0,0.0,0.0,0.0,0.0,0.0,0.0,0,-107875648.0,77,0.0,154,0.0,-0.0,ERR,ERR,ERR,ERR,ERR,ERR,ERR,ERR,ERR,ERR,ERR,ERR,ERR,ERR,ERR,ERR,ERR,ERR,ERR,ERR,ERR,ERR,ERR,ERR,ERR,ERR,ERR,ERR,ERR,ERR,ERR,ERR,ERR,ERR,ERR,ERR,ERR,ERR,ERR,ERR,ERR,ERR,ERR,ERR,ERR,ERR,ERR,ERR,ERR,ERR,ERR,ERR,ERR,ERR,ERR,ERR,ERR,ERR,ERR,ERR,ERR,ERR,ERR,ERR,ERR,ERR,ERR,34.0,80.0,35,0.0,0.0,0.0,0.0,0.0,0.0,0.0,0.0,0.0,0.0,0.0,0.0,0.0,0.0,0.0,0.0,66.0,0,120,58,54,65476,0,300,0,0,8,20529,65476,0,0,57672,80.0,0.0,0.0,0.0,0.0,0.0
2026-06-18T02:25:40,ERR,ERR,ERR,ERR,ERR,ERR,ERR,ERR,ERR,ERR,ERR,ERR,ERR,ERR,ERR,ERR,ERR,ERR,ERR,ERR,ERR,ERR,ERR,ERR,ERR,ERR,ERR,ERR,ERR,ERR,ERR,ERR,ERR,ERR,ERR,ERR,ERR,ERR,ERR,ERR,ERR,ERR,ERR,ERR,ERR,ERR,ERR,ERR,ERR,ERR,ERR,ERR,ERR,ERR,ERR,ERR,ERR,ERR,ERR,ERR,ERR,ERR,ERR,ERR,ERR,ERR,ERR,ERR,ERR,ERR,ERR,ERR,ERR,ERR,ERR,ERR,ERR,ERR,ERR,ERR,ERR,ERR,ERR,ERR,ERR,ERR,ERR,ERR,ERR,ERR,ERR,ERR,ERR,ERR,ERR,ERR,ERR,ERR,ERR,ERR,ERR,ERR,ERR,ERR,ERR,ERR,ERR,ERR,ERR,ERR,ERR,ERR,ERR,ERR,ERR,ERR,ERR,ERR,ERR,ERR,ERR,ERR,ERR,ERR,ERR,-0.0,2.718431101732002e+23,-0.0,-0.0,0.0,1.3936040501711995e+18,7.805,2.395,0,0,4,48936,6720,14723890282496.0,100,0.0,0.0,0.0,-0.0,0.0,0,0,0,0,0.0,0,0,0,0,0,0,0,0,0,0,0,0,0,0,0,0,0,0,0,0,0,0,0,0,0,0,0,0,0,0,0,0,0,26,51,50,76,65476,0,300,0,0,8,21553,0.0,-107605600.0,0.0,0.0,0.0,0.0,0.0,0.0,0.0,0.0,0.0,0.0,0.0,0.0,0.0,0.0,0.0,0.0,0.0,0.0,0.0,0.0,0.0,-0.0,0.0,2.004,0.0,0.0,0.0,0.0,4756.0,-1.0406643905049406e+34,7295.0,-0.0,2.718431101732002e+23,-107615360.0,0.0,0.0,0.0,0.0,0.0,77,2.7184303811560617e+23,-0.0,0.0,0.0,0.0,0.0,0.0,0.0,0.0,0,0,0,0.0,0.0,0.0,0.0,0.0,0.0,0.0,0.0,0.0,0.0,0.0,0.0,0.0,0.0,0.0,0.0,0,-107875648.0,77,0.0,154,0.0,-0.0,ERR,ERR,ERR,ERR,ERR,ERR,ERR,ERR,ERR,ERR,ERR,ERR,ERR,ERR,ERR,ERR,ERR,ERR,ERR,ERR,ERR,ERR,ERR,ERR,ERR,ERR,ERR,ERR,ERR,ERR,ERR,ERR,ERR,ERR,ERR,ERR,ERR,ERR,ERR,ERR,ERR,ERR,ERR,ERR,ERR,ERR,ERR,ERR,ERR,ERR,ERR,ERR,ERR,ERR,ERR,ERR,ERR,ERR,ERR,ERR,ERR,ERR,ERR,ERR,ERR,ERR,ERR,34.0,80.0,35,0.0,0.0,0.0,0.0,0.0,0.0,0.0,0.0,0.0,0.0,0.0,0.0,0.0,0.0,0.0,0.0,66.0,0,120,58,54,65476,0,300,0,0,8,20529,65476,0,0,57672,80.0,0.0,0.0,0.0,0.0,0.0
2026-06-18T02:25:41,ERR,ERR,ERR,ERR,ERR,ERR,ERR,ERR,ERR,ERR,ERR,ERR,ERR,ERR,ERR,ERR,ERR,ERR,ERR,ERR,ERR,ERR,ERR,ERR,ERR,ERR,ERR,ERR,ERR,ERR,ERR,ERR,ERR,ERR,ERR,ERR,ERR,ERR,ERR,ERR,ERR,ERR,ERR,ERR,ERR,ERR,ERR,ERR,ERR,ERR,ERR,ERR,ERR,ERR,ERR,ERR,ERR,ERR,ERR,ERR,ERR,ERR,ERR,ERR,ERR,ERR,ERR,ERR,ERR,ERR,ERR,ERR,ERR,ERR,ERR,ERR,ERR,ERR,ERR,ERR,ERR,ERR,ERR,ERR,ERR,ERR,ERR,ERR,ERR,ERR,ERR,ERR,ERR,ERR,ERR,ERR,ERR,ERR,ERR,ERR,ERR,ERR,ERR,ERR,ERR,ERR,ERR,ERR,ERR,ERR,ERR,ERR,ERR,ERR,ERR,ERR,ERR,ERR,ERR,ERR,ERR,ERR,ERR,ERR,ERR,-0.0,2.718431101732002e+23,-0.0,-0.0,0.0,1.3936040501711995e+18,7.805,2.395,0,0,4,48936,6720,14723890282496.0,100,0.0,0.0,0.0,-0.0,0.0,0,0,0,0,0.0,0,0,0,0,0,0,0,0,0,0,0,0,0,0,0,0,0,0,0,0,0,0,0,0,0,0,0,0,0,0,0,0,0,26,51,50,76,65476,0,300,0,0,8,21553,0.0,-107605600.0,0.0,0.0,0.0,0.0,0.0,0.0,0.0,0.0,0.0,0.0,0.0,0.0,0.0,0.0,0.0,0.0,0.0,0.0,0.0,0.0,0.0,-0.0,0.0,2.004,0.0,0.0,0.0,0.0,4756.0,-1.0406643905049406e+34,7295.0,-0.0,2.718431101732002e+23,-107615360.0,0.0,0.0,0.0,0.0,0.0,77,2.7184303811560617e+23,-0.0,0.0,0.0,0.0,0.0,0.0,0.0,0.0,0,0,0,0.0,0.0,0.0,0.0,0.0,0.0,0.0,0.0,0.0,0.0,0.0,0.0,0.0,0.0,0.0,0.0,0,-107875648.0,77,0.0,154,0.0,-0.0,ERR,ERR,ERR,ERR,ERR,ERR,ERR,ERR,ERR,ERR,ERR,ERR,ERR,ERR,ERR,ERR,ERR,ERR,ERR,ERR,ERR,ERR,ERR,ERR,ERR,ERR,ERR,ERR,ERR,ERR,ERR,ERR,ERR,ERR,ERR,ERR,ERR,ERR,ERR,ERR,ERR,ERR,ERR,ERR,ERR,ERR,ERR,ERR,ERR,ERR,ERR,ERR,ERR,ERR,ERR,ERR,ERR,ERR,ERR,ERR,ERR,ERR,ERR,ERR,ERR,ERR,ERR,34.0,80.0,35,0.0,0.0,0.0,0.0,0.0,0.0,0.0,0.0,0.0,0.0,0.0,0.0,0.0,0.0,0.0,0.0,66.4,0,120,58,54,65476,0,300,0,0,8,20529,65476,0,0,57672,80.0,0.0,0.0,0.0,0.0,0.0
2026-06-18T02:25:42,ERR,ERR,ERR,ERR,ERR,ERR,ERR,ERR,ERR,ERR,ERR,ERR,ERR,ERR,ERR,ERR,ERR,ERR,ERR,ERR,ERR,ERR,ERR,ERR,ERR,ERR,ERR,ERR,ERR,ERR,ERR,ERR,ERR,ERR,ERR,ERR,ERR,ERR,ERR,ERR,ERR,ERR,ERR,ERR,ERR,ERR,ERR,ERR,ERR,ERR,ERR,ERR,ERR,ERR,ERR,ERR,ERR,ERR,ERR,ERR,ERR,ERR,ERR,ERR,ERR,ERR,ERR,ERR,ERR,ERR,ERR,ERR,ERR,ERR,ERR,ERR,ERR,ERR,ERR,ERR,ERR,ERR,ERR,ERR,ERR,ERR,ERR,ERR,ERR,ERR,ERR,ERR,ERR,ERR,ERR,ERR,ERR,ERR,ERR,ERR,ERR,ERR,ERR,ERR,ERR,ERR,ERR,ERR,ERR,ERR,ERR,ERR,ERR,ERR,ERR,ERR,ERR,ERR,ERR,ERR,ERR,ERR,ERR,ERR,ERR,-0.0,2.718431101732002e+23,-0.0,-0.0,0.0,1.3936040501711995e+18,7.805,2.395,0,0,4,48936,6720,14723890282496.0,100,0.0,0.0,0.0,-0.0,0.0,0,0,0,0,0.0,0,0,0,0,0,0,0,0,0,0,0,0,0,0,0,0,0,0,0,0,0,0,0,0,0,0,0,0,0,0,0,0,0,26,51,50,76,65476,0,300,0,0,8,21553,0.0,-107605600.0,0.0,0.0,0.0,0.0,0.0,0.0,0.0,0.0,0.0,0.0,0.0,0.0,0.0,0.0,0.0,0.0,0.0,0.0,0.0,0.0,0.0,-0.0,0.0,2.004,0.0,0.0,0.0,0.0,4756.0,-1.0406643905049406e+34,7295.0,-0.0,2.718431101732002e+23,-107615360.0,0.0,0.0,0.0,0.0,0.0,77,2.7184303811560617e+23,-0.0,0.0,0.0,0.0,0.0,0.0,0.0,0.0,0,0,0,0.0,0.0,0.0,0.0,0.0,0.0,0.0,0.0,0.0,0.0,0.0,0.0,0.0,0.0,0.0,0.0,0,-107875648.0,77,0.0,154,0.0,-0.0,ERR,ERR,ERR,ERR,ERR,ERR,ERR,ERR,ERR,ERR,ERR,ERR,ERR,ERR,ERR,ERR,ERR,ERR,ERR,ERR,ERR,ERR,ERR,ERR,ERR,ERR,ERR,ERR,ERR,ERR,ERR,ERR,ERR,ERR,ERR,ERR,ERR,ERR,ERR,ERR,ERR,ERR,ERR,ERR,ERR,ERR,ERR,ERR,ERR,ERR,ERR,ERR,ERR,ERR,ERR,ERR,ERR,ERR,ERR,ERR,ERR,ERR,ERR,ERR,ERR,ERR,ERR,34.0,80.0,35,0.0,0.0,0.0,0.0,0.0,0.0,0.0,0.0,0.0,0.0,0.0,0.0,0.0,0.0,0.0,0.0,66.0,0,120,58,54,65476,0,300,0,0,8,20529,65476,0,0,57672,80.0,0.0,0.0,0.0,0.0,0.0
2026-06-18T02:25:43,ERR,ERR,ERR,ERR,ERR,ERR,ERR,ERR,ERR,ERR,ERR,ERR,ERR,ERR,ERR,ERR,ERR,ERR,ERR,ERR,ERR,ERR,ERR,ERR,ERR,ERR,ERR,ERR,ERR,ERR,ERR,ERR,ERR,ERR,ERR,ERR,ERR,ERR,ERR,ERR,ERR,ERR,ERR,ERR,ERR,ERR,ERR,ERR,ERR,ERR,ERR,ERR,ERR,ERR,ERR,ERR,ERR,ERR,ERR,ERR,ERR,ERR,ERR,ERR,ERR,ERR,ERR,ERR,ERR,ERR,ERR,ERR,ERR,ERR,ERR,ERR,ERR,ERR,ERR,ERR,ERR,ERR,ERR,ERR,ERR,ERR,ERR,ERR,ERR,ERR,ERR,ERR,ERR,ERR,ERR,ERR,ERR,ERR,ERR,ERR,ERR,ERR,ERR,ERR,ERR,ERR,ERR,ERR,ERR,ERR,ERR,ERR,ERR,ERR,ERR,ERR,ERR,ERR,ERR,ERR,ERR,ERR,ERR,ERR,ERR,-0.0,2.718431101732002e+23,-0.0,-0.0,0.0,1.3936040501711995e+18,7.805,2.395,0,0,4,48936,6720,14723890282496.0,100,0.0,0.0,0.0,-0.0,0.0,0,0,0,0,0.0,0,0,0,0,0,0,0,0,0,0,0,0,0,0,0,0,0,0,0,0,0,0,0,0,0,0,0,0,0,0,0,0,0,26,51,50,76,65476,0,300,0,0,8,21553,0.0,-107605600.0,0.0,0.0,0.0,0.0,0.0,0.0,0.0,0.0,0.0,0.0,0.0,0.0,0.0,0.0,0.0,0.0,0.0,0.0,0.0,0.0,0.0,-0.0,0.0,2.004,0.0,0.0,0.0,0.0,4756.0,-1.0406643905049406e+34,7295.0,-0.0,2.718431101732002e+23,-107615360.0,0.0,0.0,0.0,0.0,0.0,77,2.7184303811560617e+23,-0.0,0.0,0.0,0.0,0.0,0.0,0.0,0.0,0,0,0,0.0,0.0,0.0,0.0,0.0,0.0,0.0,0.0,0.0,0.0,0.0,0.0,0.0,0.0,0.0,0.0,0,-107875648.0,77,0.0,154,0.0,-0.0,ERR,ERR,ERR,ERR,ERR,ERR,ERR,ERR,ERR,ERR,ERR,ERR,ERR,ERR,ERR,ERR,ERR,ERR,ERR,ERR,ERR,ERR,ERR,ERR,ERR,ERR,ERR,ERR,ERR,ERR,ERR,ERR,ERR,ERR,ERR,ERR,ERR,ERR,ERR,ERR,ERR,ERR,ERR,ERR,ERR,ERR,ERR,ERR,ERR,ERR,ERR,ERR,ERR,ERR,ERR,ERR,ERR,ERR,ERR,ERR,ERR,ERR,ERR,ERR,ERR,ERR,ERR,34.0,80.0,35,0.0,0.0,0.0,0.0,0.0,0.0,0.0,0.0,0.0,0.0,0.0,0.0,0.0,0.0,0.0,0.0,66.0,0,120,58,54,65476,0,300,0,0,8,20529,65476,0,0,57672,80.0,0.0,0.0,0.0,0.0,0.0
2026-06-18T02:25:44,ERR,ERR,ERR,ERR,ERR,ERR,ERR,ERR,ERR,ERR,ERR,ERR,ERR,ERR,ERR,ERR,ERR,ERR,ERR,ERR,ERR,ERR,ERR,ERR,ERR,ERR,ERR,ERR,ERR,ERR,ERR,ERR,ERR,ERR,ERR,ERR,ERR,ERR,ERR,ERR,ERR,ERR,ERR,ERR,ERR,ERR,ERR,ERR,ERR,ERR,ERR,ERR,ERR,ERR,ERR,ERR,ERR,ERR,ERR,ERR,ERR,ERR,ERR,ERR,ERR,ERR,ERR,ERR,ERR,ERR,ERR,ERR,ERR,ERR,ERR,ERR,ERR,ERR,ERR,ERR,ERR,ERR,ERR,ERR,ERR,ERR,ERR,ERR,ERR,ERR,ERR,ERR,ERR,ERR,ERR,ERR,ERR,ERR,ERR,ERR,ERR,ERR,ERR,ERR,ERR,ERR,ERR,ERR,ERR,ERR,ERR,ERR,ERR,ERR,ERR,ERR,ERR,ERR,ERR,ERR,ERR,ERR,ERR,ERR,ERR,-0.0,2.718431101732002e+23,-0.0,-0.0,0.0,1.3936040501711995e+18,7.805,2.395,0,0,4,48936,6720,14723890282496.0,100,0.0,0.0,0.0,-0.0,0.0,0,0,0,0,0.0,0,0,0,0,0,0,0,0,0,0,0,0,0,0,0,0,0,0,0,0,0,0,0,0,0,0,0,0,0,0,0,0,0,26,51,50,76,65476,0,300,0,0,8,21553,0.0,-107605600.0,0.0,0.0,0.0,0.0,0.0,0.0,0.0,0.0,0.0,0.0,0.0,0.0,0.0,0.0,0.0,0.0,0.0,0.0,0.0,0.0,0.0,-0.0,0.0,2.004,0.0,0.0,0.0,0.0,4756.0,-1.0406643905049406e+34,7295.0,-0.0,2.718431101732002e+23,-107615360.0,0.0,0.0,0.0,0.0,0.0,77,2.7184303811560617e+23,-0.0,0.0,0.0,0.0,0.0,0.0,0.0,0.0,0,0,0,0.0,0.0,0.0,0.0,0.0,0.0,0.0,0.0,0.0,0.0,0.0,0.0,0.0,0.0,0.0,0.0,0,-107875648.0,77,0.0,154,0.0,-0.0,ERR,ERR,ERR,ERR,ERR,ERR,ERR,ERR,ERR,ERR,ERR,ERR,ERR,ERR,ERR,ERR,ERR,ERR,ERR,ERR,ERR,ERR,ERR,ERR,ERR,ERR,ERR,ERR,ERR,ERR,ERR,ERR,ERR,ERR,ERR,ERR,ERR,ERR,ERR,ERR,ERR,ERR,ERR,ERR,ERR,ERR,ERR,ERR,ERR,ERR,ERR,ERR,ERR,ERR,ERR,ERR,ERR,ERR,ERR,ERR,ERR,ERR,ERR,ERR,ERR,ERR,ERR,34.0,80.0,35,0.0,0.0,0.0,0.0,0.0,0.0,0.0,0.0,0.0,0.0,0.0,0.0,0.0,0.0,0.0,0.0,66.0,0,120,58,54,65476,0,300,0,0,8,20529,65476,0,0,57672,80.0,0.0,0.0,0.0,0.0,0.0
2026-06-18T02:25:45,ERR,ERR,ERR,ERR,ERR,ERR,ERR,ERR,ERR,ERR,ERR,ERR,ERR,ERR,ERR,ERR,ERR,ERR,ERR,ERR,ERR,ERR,ERR,ERR,ERR,ERR,ERR,ERR,ERR,ERR,ERR,ERR,ERR,ERR,ERR,ERR,ERR,ERR,ERR,ERR,ERR,ERR,ERR,ERR,ERR,ERR,ERR,ERR,ERR,ERR,ERR,ERR,ERR,ERR,ERR,ERR,ERR,ERR,ERR,ERR,ERR,ERR,ERR,ERR,ERR,ERR,ERR,ERR,ERR,ERR,ERR,ERR,ERR,ERR,ERR,ERR,ERR,ERR,ERR,ERR,ERR,ERR,ERR,ERR,ERR,ERR,ERR,ERR,ERR,ERR,ERR,ERR,ERR,ERR,ERR,ERR,ERR,ERR,ERR,ERR,ERR,ERR,ERR,ERR,ERR,ERR,ERR,ERR,ERR,ERR,ERR,ERR,ERR,ERR,ERR,ERR,ERR,ERR,ERR,ERR,ERR,ERR,ERR,ERR,ERR,-0.0,2.718431101732002e+23,-0.0,-0.0,0.0,1.3936040501711995e+18,7.805,2.395,0,0,4,48936,6720,14723890282496.0,100,0.0,0.0,0.0,-0.0,0.0,0,0,0,0,0.0,0,0,0,0,0,0,0,0,0,0,0,0,0,0,0,0,0,0,0,0,0,0,0,0,0,0,0,0,0,0,0,0,0,26,51,50,76,65476,0,300,0,0,8,21553,0.0,-107605600.0,0.0,0.0,0.0,0.0,0.0,0.0,0.0,0.0,0.0,0.0,0.0,0.0,0.0,0.0,0.0,0.0,0.0,0.0,0.0,0.0,0.0,-0.0,0.0,2.004,0.0,0.0,0.0,0.0,4756.0,-1.0406643905049406e+34,7295.0,-0.0,2.718431101732002e+23,-107615360.0,0.0,0.0,0.0,0.0,0.0,77,2.7184303811560617e+23,-0.0,0.0,0.0,0.0,0.0,0.0,0.0,0.0,0,0,0,0.0,0.0,0.0,0.0,0.0,0.0,0.0,0.0,0.0,0.0,0.0,0.0,0.0,0.0,0.0,0.0,0,-107875648.0,77,0.0,154,0.0,-0.0,ERR,ERR,ERR,ERR,ERR,ERR,ERR,ERR,ERR,ERR,ERR,ERR,ERR,ERR,ERR,ERR,ERR,ERR,ERR,ERR,ERR,ERR,ERR,ERR,ERR,ERR,ERR,ERR,ERR,ERR,ERR,ERR,ERR,ERR,ERR,ERR,ERR,ERR,ERR,ERR,ERR,ERR,ERR,ERR,ERR,ERR,ERR,ERR,ERR,ERR,ERR,ERR,ERR,ERR,ERR,ERR,ERR,ERR,ERR,ERR,ERR,ERR,ERR,ERR,ERR,ERR,ERR,34.0,80.0,35,0.0,0.0,0.0,0.0,0.0,0.0,0.0,0.0,0.0,0.0,0.0,0.0,0.0,0.0,0.0,0.0,66.0,0,120,58,54,65476,0,300,0,0,8,20529,65476,0,0,57672,80.0,0.0,0.0,0.0,0.0,0.0
2026-06-18T02:25:46,ERR,ERR,ERR,ERR,ERR,ERR,ERR,ERR,ERR,ERR,ERR,ERR,ERR,ERR,ERR,ERR,ERR,ERR,ERR,ERR,ERR,ERR,ERR,ERR,ERR,ERR,ERR,ERR,ERR,ERR,ERR,ERR,ERR,ERR,ERR,ERR,ERR,ERR,ERR,ERR,ERR,ERR,ERR,ERR,ERR,ERR,ERR,ERR,ERR,ERR,ERR,ERR,ERR,ERR,ERR,ERR,ERR,ERR,ERR,ERR,ERR,ERR,ERR,ERR,ERR,ERR,ERR,ERR,ERR,ERR,ERR,ERR,ERR,ERR,ERR,ERR,ERR,ERR,ERR,ERR,ERR,ERR,ERR,ERR,ERR,ERR,ERR,ERR,ERR,ERR,ERR,ERR,ERR,ERR,ERR,ERR,ERR,ERR,ERR,ERR,ERR,ERR,ERR,ERR,ERR,ERR,ERR,ERR,ERR,ERR,ERR,ERR,ERR,ERR,ERR,ERR,ERR,ERR,ERR,ERR,ERR,ERR,ERR,ERR,ERR,-0.0,2.718431101732002e+23,-0.0,-0.0,0.0,1.3936040501711995e+18,7.805,2.395,0,0,4,48932,6720,14723890282496.0,100,0.0,0.0,0.0,-0.0,0.0,0,0,0,0,0.0,0,0,0,0,0,0,0,0,0,0,0,0,0,0,0,0,0,0,0,0,0,0,0,0,0,0,0,0,0,0,0,0,0,26,51,50,76,65476,0,300,0,0,8,21553,0.0,-107605600.0,0.0,0.0,0.0,0.0,0.0,0.0,0.0,0.0,0.0,0.0,0.0,0.0,0.0,0.0,0.0,0.0,0.0,0.0,0.0,0.0,0.0,-0.0,0.0,2.004,0.0,0.0,0.0,0.0,4752.0,-2.4229855986892726e+24,7294.0,-0.0,2.718431101732002e+23,-107615360.0,0.0,0.0,0.0,0.0,0.0,77,152018488393728.0,-0.0,0.0,0.0,0.0,0.0,0.0,0.0,0.0,0,0,0,0.0,0.0,0.0,0.0,0.0,0.0,0.0,0.0,0.0,0.0,0.0,0.0,0.0,0.0,0.0,0.0,0,-107875648.0,77,0.0,154,0.0,-0.0,ERR,ERR,ERR,ERR,ERR,ERR,ERR,ERR,ERR,ERR,ERR,ERR,ERR,ERR,ERR,ERR,ERR,ERR,ERR,ERR,ERR,ERR,ERR,ERR,ERR,ERR,ERR,ERR,ERR,ERR,ERR,ERR,ERR,ERR,ERR,ERR,ERR,ERR,ERR,ERR,ERR,ERR,ERR,ERR,ERR,ERR,ERR,ERR,ERR,ERR,ERR,ERR,ERR,ERR,ERR,ERR,ERR,ERR,ERR,ERR,ERR,ERR,ERR,ERR,ERR,ERR,ERR,34.0,80.0,35,0.0,0.0,0.0,0.0,0.0,0.0,0.0,0.0,0.0,0.0,0.0,0.0,0.0,0.0,0.0,0.0,66.0,0,120,58,54,65476,0,300,0,0,8,20529,65476,0,0,57672,80.0,0.0,0.0,0.0,0.0,0.0
2026-06-18T02:25:47,ERR,ERR,ERR,ERR,ERR,ERR,ERR,ERR,ERR,ERR,ERR,ERR,ERR,ERR,ERR,ERR,ERR,ERR,ERR,ERR,ERR,ERR,ERR,ERR,ERR,ERR,ERR,ERR,ERR,ERR,ERR,ERR,ERR,ERR,ERR,ERR,ERR,ERR,ERR,ERR,ERR,ERR,ERR,ERR,ERR,ERR,ERR,ERR,ERR,ERR,ERR,ERR,ERR,ERR,ERR,ERR,ERR,ERR,ERR,ERR,ERR,ERR,ERR,ERR,ERR,ERR,ERR,ERR,ERR,ERR,ERR,ERR,ERR,ERR,ERR,ERR,ERR,ERR,ERR,ERR,ERR,ERR,ERR,ERR,ERR,ERR,ERR,ERR,ERR,ERR,ERR,ERR,ERR,ERR,ERR,ERR,ERR,ERR,ERR,ERR,ERR,ERR,ERR,ERR,ERR,ERR,ERR,ERR,ERR,ERR,ERR,ERR,ERR,ERR,ERR,ERR,ERR,ERR,ERR,ERR,ERR,ERR,ERR,ERR,ERR,-0.0,2.718431101732002e+23,-0.0,-0.0,0.0,1.3936040501711995e+18,7.805,2.395,0,0,4,48932,6720,14723890282496.0,100,0.0,0.0,0.0,-0.0,0.0,0,0,0,0,0.0,0,0,0,0,0,0,0,0,0,0,0,0,0,0,0,0,0,0,0,0,0,0,0,0,0,0,0,0,0,0,0,0,0,26,51,50,76,65476,0,300,0,0,8,21553,0.0,-107605600.0,0.0,0.0,0.0,0.0,0.0,0.0,0.0,0.0,0.0,0.0,0.0,0.0,0.0,0.0,0.0,0.0,0.0,0.0,0.0,0.0,0.0,-0.0,0.0,2.004,0.0,0.0,0.0,0.0,4752.0,-2.4229855986892726e+24,7294.0,-0.0,2.718431101732002e+23,-107615360.0,0.0,0.0,0.0,0.0,0.0,77,152018488393728.0,-0.0,0.0,0.0,0.0,0.0,0.0,0.0,0.0,0,0,0,0.0,0.0,0.0,0.0,0.0,0.0,0.0,0.0,0.0,0.0,0.0,0.0,0.0,0.0,0.0,0.0,0,-107875648.0,77,0.0,154,0.0,-0.0,ERR,ERR,ERR,ERR,ERR,ERR,ERR,ERR,ERR,ERR,ERR,ERR,ERR,ERR,ERR,ERR,ERR,ERR,ERR,ERR,ERR,ERR,ERR,ERR,ERR,ERR,ERR,ERR,ERR,ERR,ERR,ERR,ERR,ERR,ERR,ERR,ERR,ERR,ERR,ERR,ERR,ERR,ERR,ERR,ERR,ERR,ERR,ERR,ERR,ERR,ERR,ERR,ERR,ERR,ERR,ERR,ERR,ERR,ERR,ERR,ERR,ERR,ERR,ERR,ERR,ERR,ERR,34.0,80.0,35,0.0,0.0,0.0,0.0,0.0,0.0,0.0,0.0,0.0,0.0,0.0,0.0,0.0,0.0,0.0,0.0,66.0,0,120,58,54,65476,0,300,0,0,8,20529,65476,0,0,57672,80.0,0.0,0.0,0.0,0.0,0.0
2026-06-18T02:25:48,ERR,ERR,ERR,ERR,ERR,ERR,ERR,ERR,ERR,ERR,ERR,ERR,ERR,ERR,ERR,ERR,ERR,ERR,ERR,ERR,ERR,ERR,ERR,ERR,ERR,ERR,ERR,ERR,ERR,ERR,ERR,ERR,ERR,ERR,ERR,ERR,ERR,ERR,ERR,ERR,ERR,ERR,ERR,ERR,ERR,ERR,ERR,ERR,ERR,ERR,ERR,ERR,ERR,ERR,ERR,ERR,ERR,ERR,ERR,ERR,ERR,ERR,ERR,ERR,ERR,ERR,ERR,ERR,ERR,ERR,ERR,ERR,ERR,ERR,ERR,ERR,ERR,ERR,ERR,ERR,ERR,ERR,ERR,ERR,ERR,ERR,ERR,ERR,ERR,ERR,ERR,ERR,ERR,ERR,ERR,ERR,ERR,ERR,ERR,ERR,ERR,ERR,ERR,ERR,ERR,ERR,ERR,ERR,ERR,ERR,ERR,ERR,ERR,ERR,ERR,ERR,ERR,ERR,ERR,ERR,ERR,ERR,ERR,ERR,ERR,-0.0,2.718431101732002e+23,-0.0,-0.0,0.0,1.3936040501711995e+18,7.805,2.395,0,0,4,48932,6720,14723890282496.0,100,0.0,0.0,0.0,-0.0,0.0,0,0,0,0,0.0,0,0,0,0,0,0,0,0,0,0,0,0,0,0,0,0,0,0,0,0,0,0,0,0,0,0,0,0,0,0,0,0,0,26,51,50,76,65476,0,300,0,0,8,21553,0.0,-107605600.0,0.0,0.0,0.0,0.0,0.0,0.0,0.0,0.0,0.0,0.0,0.0,0.0,0.0,0.0,0.0,0.0,0.0,0.0,0.0,0.0,0.0,-0.0,0.0,2.004,0.0,0.0,0.0,0.0,4752.0,-2.4229855986892726e+24,7294.0,-0.0,2.718431101732002e+23,-107615360.0,0.0,0.0,0.0,0.0,0.0,77,152018488393728.0,-0.0,0.0,0.0,0.0,0.0,0.0,0.0,0.0,0,0,0,0.0,0.0,0.0,0.0,0.0,0.0,0.0,0.0,0.0,0.0,0.0,0.0,0.0,0.0,0.0,0.0,0,-107875648.0,77,0.0,154,0.0,-0.0,ERR,ERR,ERR,ERR,ERR,ERR,ERR,ERR,ERR,ERR,ERR,ERR,ERR,ERR,ERR,ERR,ERR,ERR,ERR,ERR,ERR,ERR,ERR,ERR,ERR,ERR,ERR,ERR,ERR,ERR,ERR,ERR,ERR,ERR,ERR,ERR,ERR,ERR,ERR,ERR,ERR,ERR,ERR,ERR,ERR,ERR,ERR,ERR,ERR,ERR,ERR,ERR,ERR,ERR,ERR,ERR,ERR,ERR,ERR,ERR,ERR,ERR,ERR,ERR,ERR,ERR,ERR,34.0,80.0,35,0.0,0.0,0.0,0.0,0.0,0.0,0.0,0.0,0.0,0.0,0.0,0.0,0.0,0.0,0.0,0.0,66.0,0,120,58,54,65476,0,300,0,0,8,20529,65476,0,0,57672,80.0,0.0,0.0,0.0,0.0,0.0
2026-06-18T02:25:49,ERR,ERR,ERR,ERR,ERR,ERR,ERR,ERR,ERR,ERR,ERR,ERR,ERR,ERR,ERR,ERR,ERR,ERR,ERR,ERR,ERR,ERR,ERR,ERR,ERR,ERR,ERR,ERR,ERR,ERR,ERR,ERR,ERR,ERR,ERR,ERR,ERR,ERR,ERR,ERR,ERR,ERR,ERR,ERR,ERR,ERR,ERR,ERR,ERR,ERR,ERR,ERR,ERR,ERR,ERR,ERR,ERR,ERR,ERR,ERR,ERR,ERR,ERR,ERR,ERR,ERR,ERR,ERR,ERR,ERR,ERR,ERR,ERR,ERR,ERR,ERR,ERR,ERR,ERR,ERR,ERR,ERR,ERR,ERR,ERR,ERR,ERR,ERR,ERR,ERR,ERR,ERR,ERR,ERR,ERR,ERR,ERR,ERR,ERR,ERR,ERR,ERR,ERR,ERR,ERR,ERR,ERR,ERR,ERR,ERR,ERR,ERR,ERR,ERR,ERR,ERR,ERR,ERR,ERR,ERR,ERR,ERR,ERR,ERR,ERR,-0.0,2.718431101732002e+23,-0.0,-0.0,0.0,1.3936040501711995e+18,7.805,2.395,0,0,4,48932,6720,14723890282496.0,100,0.0,0.0,0.0,-0.0,0.0,0,0,0,0,0.0,0,0,0,0,0,0,0,0,0,0,0,0,0,0,0,0,0,0,0,0,0,0,0,0,0,0,0,0,0,0,0,0,0,26,51,50,76,65476,0,300,0,0,8,21553,0.0,-107605600.0,0.0,0.0,0.0,0.0,0.0,0.0,0.0,0.0,0.0,0.0,0.0,0.0,0.0,0.0,0.0,0.0,0.0,0.0,0.0,0.0,0.0,-0.0,0.0,2.004,0.0,0.0,0.0,0.0,4752.0,-2.4229855986892726e+24,7294.0,-0.0,2.718431101732002e+23,-107615360.0,0.0,0.0,0.0,0.0,0.0,77,152018488393728.0,-0.0,0.0,0.0,0.0,0.0,0.0,0.0,0.0,0,0,0,0.0,0.0,0.0,0.0,0.0,0.0,0.0,0.0,0.0,0.0,0.0,0.0,0.0,0.0,0.0,0.0,0,-107875648.0,77,0.0,154,0.0,-0.0,ERR,ERR,ERR,ERR,ERR,ERR,ERR,ERR,ERR,ERR,ERR,ERR,ERR,ERR,ERR,ERR,ERR,ERR,ERR,ERR,ERR,ERR,ERR,ERR,ERR,ERR,ERR,ERR,ERR,ERR,ERR,ERR,ERR,ERR,ERR,ERR,ERR,ERR,ERR,ERR,ERR,ERR,ERR,ERR,ERR,ERR,ERR,ERR,ERR,ERR,ERR,ERR,ERR,ERR,ERR,ERR,ERR,ERR,ERR,ERR,ERR,ERR,ERR,ERR,ERR,ERR,ERR,34.0,80.0,35,0.0,0.0,0.0,0.0,0.0,0.0,0.0,0.0,0.0,0.0,0.0,0.0,0.0,0.0,0.0,0.0,66.0,0,120,58,54,65476,0,300,0,0,8,20529,65476,0,0,57672,80.0,0.0,0.0,0.0,0.0,0.0
2026-06-18T02:25:50,ERR,ERR,ERR,ERR,ERR,ERR,ERR,ERR,ERR,ERR,ERR,ERR,ERR,ERR,ERR,ERR,ERR,ERR,ERR,ERR,ERR,ERR,ERR,ERR,ERR,ERR,ERR,ERR,ERR,ERR,ERR,ERR,ERR,ERR,ERR,ERR,ERR,ERR,ERR,ERR,ERR,ERR,ERR,ERR,ERR,ERR,ERR,ERR,ERR,ERR,ERR,ERR,ERR,ERR,ERR,ERR,ERR,ERR,ERR,ERR,ERR,ERR,ERR,ERR,ERR,ERR,ERR,ERR,ERR,ERR,ERR,ERR,ERR,ERR,ERR,ERR,ERR,ERR,ERR,ERR,ERR,ERR,ERR,ERR,ERR,ERR,ERR,ERR,ERR,ERR,ERR,ERR,ERR,ERR,ERR,ERR,ERR,ERR,ERR,ERR,ERR,ERR,ERR,ERR,ERR,ERR,ERR,ERR,ERR,ERR,ERR,ERR,ERR,ERR,ERR,ERR,ERR,ERR,ERR,ERR,ERR,ERR,ERR,ERR,ERR,-0.0,2.718431101732002e+23,-0.0,-0.0,0.0,1.3936040501711995e+18,7.805,2.395,0,0,4,48932,6720,14723890282496.0,100,0.0,0.0,0.0,-0.0,0.0,0,0,0,0,0.0,0,0,0,0,0,0,0,0,0,0,0,0,0,0,0,0,0,0,0,0,0,0,0,0,0,0,0,0,0,0,0,0,0,26,51,50,76,65476,0,300,0,0,8,21553,0.0,-107605600.0,0.0,0.0,0.0,0.0,0.0,0.0,0.0,0.0,0.0,0.0,0.0,0.0,0.0,0.0,0.0,0.0,0.0,0.0,0.0,0.0,0.0,-0.0,0.0,2.004,0.0,0.0,0.0,0.0,4752.0,-2.4229855986892726e+24,7294.0,-0.0,2.718431101732002e+23,-107615360.0,0.0,0.0,0.0,0.0,0.0,77,152018488393728.0,-0.0,0.0,0.0,0.0,0.0,0.0,0.0,0.0,0,0,0,0.0,0.0,0.0,0.0,0.0,0.0,0.0,0.0,0.0,0.0,0.0,0.0,0.0,0.0,0.0,0.0,0,-107875648.0,77,0.0,154,0.0,-0.0,ERR,ERR,ERR,ERR,ERR,ERR,ERR,ERR,ERR,ERR,ERR,ERR,ERR,ERR,ERR,ERR,ERR,ERR,ERR,ERR,ERR,ERR,ERR,ERR,ERR,ERR,ERR,ERR,ERR,ERR,ERR,ERR,ERR,ERR,ERR,ERR,ERR,ERR,ERR,ERR,ERR,ERR,ERR,ERR,ERR,ERR,ERR,ERR,ERR,ERR,ERR,ERR,ERR,ERR,ERR,ERR,ERR,ERR,ERR,ERR,ERR,ERR,ERR,ERR,ERR,ERR,ERR,34.0,80.0,35,0.0,0.0,0.0,0.0,0.0,0.0,0.0,0.0,0.0,0.0,0.0,0.0,0.0,0.0,0.0,0.0,66.0,0,120,58,54,65476,0,300,0,0,8,20529,65476,0,0,57672,80.0,0.0,0.0,0.0,0.0,0.0
2026-06-18T02:25:51,ERR,ERR,ERR,ERR,ERR,ERR,ERR,ERR,ERR,ERR,ERR,ERR,ERR,ERR,ERR,ERR,ERR,ERR,ERR,ERR,ERR,ERR,ERR,ERR,ERR,ERR,ERR,ERR,ERR,ERR,ERR,ERR,ERR,ERR,ERR,ERR,ERR,ERR,ERR,ERR,ERR,ERR,ERR,ERR,ERR,ERR,ERR,ERR,ERR,ERR,ERR,ERR,ERR,ERR,ERR,ERR,ERR,ERR,ERR,ERR,ERR,ERR,ERR,ERR,ERR,ERR,ERR,ERR,ERR,ERR,ERR,ERR,ERR,ERR,ERR,ERR,ERR,ERR,ERR,ERR,ERR,ERR,ERR,ERR,ERR,ERR,ERR,ERR,ERR,ERR,ERR,ERR,ERR,ERR,ERR,ERR,ERR,ERR,ERR,ERR,ERR,ERR,ERR,ERR,ERR,ERR,ERR,ERR,ERR,ERR,ERR,ERR,ERR,ERR,ERR,ERR,ERR,ERR,ERR,ERR,ERR,ERR,ERR,ERR,ERR,-0.0,2.718431101732002e+23,-0.0,-4.9501291711397626e+32,-0.0,1.3936040501711995e+18,7.805,-0.0,0,0,4,48924,6720,14723890282496.0,100,0.0,0.0,0.0,0.0,0.0,0,0,0,0,0.0,0,0,0,0,0,0,0,0,0,0,0,0,0,0,0,0,0,0,0,0,0,0,0,0,0,0,0,0,0,0,0,0,0,26,51,50,76,65476,0,300,0,0,8,21553,0.0,-107605600.0,0.0,0.0,0.0,0.0,0.0,0.0,0.0,0.0,0.0,0.0,0.0,0.0,0.0,0.0,0.0,0.0,0.0,0.0,0.0,0.0,0.0,-0.0,0.0,2.004,0.0,0.0,0.0,0.0,4786.0,0.0,7264.0,-0.0,2.718431101732002e+23,-107615360.0,0.0,0.0,0.0,0.0,0.0,77,2.3088407177156624e+20,-0.0,0.0,0.0,0.0,0.0,0.0,0.0,0.0,0,0,0,0.0,0.0,0.0,0.0,0.0,0.0,0.0,0.0,0.0,0.0,0.0,0.0,0.0,0.0,0.0,0.0,0,-107875648.0,77,0.0,154,0.0,-0.0,ERR,ERR,ERR,ERR,ERR,ERR,ERR,ERR,ERR,ERR,ERR,ERR,ERR,ERR,ERR,ERR,ERR,ERR,ERR,ERR,ERR,ERR,ERR,ERR,ERR,ERR,ERR,ERR,ERR,ERR,ERR,ERR,ERR,ERR,ERR,ERR,ERR,ERR,ERR,ERR,ERR,ERR,ERR,ERR,ERR,ERR,ERR,ERR,ERR,ERR,ERR,ERR,ERR,ERR,ERR,ERR,ERR,ERR,ERR,ERR,ERR,ERR,ERR,ERR,ERR,ERR,ERR,34.0,80.0,35,0.0,0.0,0.0,0.0,0.0,0.0,0.0,0.0,0.0,0.0,0.0,0.0,0.0,0.0,0.0,0.0,66.0,0,120,58,54,65476,0,300,0,0,8,20529,65476,0,0,57672,80.0,0.0,0.0,0.0,0.0,0.0
2026-06-18T02:25:52,ERR,ERR,ERR,ERR,ERR,ERR,ERR,ERR,ERR,ERR,ERR,ERR,ERR,ERR,ERR,ERR,ERR,ERR,ERR,ERR,ERR,ERR,ERR,ERR,ERR,ERR,ERR,ERR,ERR,ERR,ERR,ERR,ERR,ERR,ERR,ERR,ERR,ERR,ERR,ERR,ERR,ERR,ERR,ERR,ERR,ERR,ERR,ERR,ERR,ERR,ERR,ERR,ERR,ERR,ERR,ERR,ERR,ERR,ERR,ERR,ERR,ERR,ERR,ERR,ERR,ERR,ERR,ERR,ERR,ERR,ERR,ERR,ERR,ERR,ERR,ERR,ERR,ERR,ERR,ERR,ERR,ERR,ERR,ERR,ERR,ERR,ERR,ERR,ERR,ERR,ERR,ERR,ERR,ERR,ERR,ERR,ERR,ERR,ERR,ERR,ERR,ERR,ERR,ERR,ERR,ERR,ERR,ERR,ERR,ERR,ERR,ERR,ERR,ERR,ERR,ERR,ERR,ERR,ERR,ERR,ERR,ERR,ERR,ERR,ERR,-0.0,2.718431101732002e+23,-0.0,-4.9501291711397626e+32,-0.0,1.3936040501711995e+18,7.805,-0.0,0,0,4,48924,6720,14723890282496.0,100,0.0,0.0,0.0,0.0,0.0,0,0,0,0,0.0,0,0,0,0,0,0,0,0,0,0,0,0,0,0,0,0,0,0,0,0,0,0,0,0,0,0,0,0,0,0,0,0,0,26,51,50,76,65476,0,300,0,0,8,21553,0.0,-107605600.0,0.0,0.0,0.0,0.0,0.0,0.0,0.0,0.0,0.0,0.0,0.0,0.0,0.0,0.0,0.0,0.0,0.0,0.0,0.0,0.0,0.0,-0.0,0.0,2.004,0.0,0.0,0.0,0.0,4786.0,0.0,7264.0,-0.0,2.718431101732002e+23,-107615360.0,0.0,0.0,0.0,0.0,0.0,77,2.3088407177156624e+20,-0.0,0.0,0.0,0.0,0.0,0.0,0.0,0.0,0,0,0,0.0,0.0,0.0,0.0,0.0,0.0,0.0,0.0,0.0,0.0,0.0,0.0,0.0,0.0,0.0,0.0,0,-107875648.0,77,0.0,154,0.0,-0.0,ERR,ERR,ERR,ERR,ERR,ERR,ERR,ERR,ERR,ERR,ERR,ERR,ERR,ERR,ERR,ERR,ERR,ERR,ERR,ERR,ERR,ERR,ERR,ERR,ERR,ERR,ERR,ERR,ERR,ERR,ERR,ERR,ERR,ERR,ERR,ERR,ERR,ERR,ERR,ERR,ERR,ERR,ERR,ERR,ERR,ERR,ERR,ERR,ERR,ERR,ERR,ERR,ERR,ERR,ERR,ERR,ERR,ERR,ERR,ERR,ERR,ERR,ERR,ERR,ERR,ERR,ERR,34.0,80.0,35,0.0,0.0,0.0,0.0,0.0,0.0,0.0,0.0,0.0,0.0,0.0,0.0,0.0,0.0,0.0,0.0,66.0,0,120,58,54,65476,0,300,0,0,8,20529,65476,0,0,57672,80.0,0.0,0.0,0.0,0.0,0.0
2026-06-18T02:25:53,ERR,ERR,ERR,ERR,ERR,ERR,ERR,ERR,ERR,ERR,ERR,ERR,ERR,ERR,ERR,ERR,ERR,ERR,ERR,ERR,ERR,ERR,ERR,ERR,ERR,ERR,ERR,ERR,ERR,ERR,ERR,ERR,ERR,ERR,ERR,ERR,ERR,ERR,ERR,ERR,ERR,ERR,ERR,ERR,ERR,ERR,ERR,ERR,ERR,ERR,ERR,ERR,ERR,ERR,ERR,ERR,ERR,ERR,ERR,ERR,ERR,ERR,ERR,ERR,ERR,ERR,ERR,ERR,ERR,ERR,ERR,ERR,ERR,ERR,ERR,ERR,ERR,ERR,ERR,ERR,ERR,ERR,ERR,ERR,ERR,ERR,ERR,ERR,ERR,ERR,ERR,ERR,ERR,ERR,ERR,ERR,ERR,ERR,ERR,ERR,ERR,ERR,ERR,ERR,ERR,ERR,ERR,ERR,ERR,ERR,ERR,ERR,ERR,ERR,ERR,ERR,ERR,ERR,ERR,ERR,ERR,ERR,ERR,ERR,ERR,-0.0,2.718431101732002e+23,-0.0,-4.9501291711397626e+32,-0.0,1.3936040501711995e+18,7.805,-0.0,0,0,4,48924,6720,14723890282496.0,100,0.0,0.0,0.0,0.0,0.0,0,0,0,0,0.0,0,0,0,0,0,0,0,0,0,0,0,0,0,0,0,0,0,0,0,0,0,0,0,0,0,0,0,0,0,0,0,0,0,26,51,50,76,65476,0,300,0,0,8,21553,0.0,-107605600.0,0.0,0.0,0.0,0.0,0.0,0.0,0.0,0.0,0.0,0.0,0.0,0.0,0.0,0.0,0.0,0.0,0.0,0.0,0.0,0.0,0.0,-0.0,0.0,2.004,0.0,0.0,0.0,0.0,4786.0,0.0,7264.0,-0.0,2.718431101732002e+23,-107615360.0,0.0,0.0,0.0,0.0,0.0,77,2.3088407177156624e+20,-0.0,0.0,0.0,0.0,0.0,0.0,0.0,0.0,0,0,0,0.0,0.0,0.0,0.0,0.0,0.0,0.0,0.0,0.0,0.0,0.0,0.0,0.0,0.0,0.0,0.0,0,-107875648.0,77,0.0,154,0.0,-0.0,ERR,ERR,ERR,ERR,ERR,ERR,ERR,ERR,ERR,ERR,ERR,ERR,ERR,ERR,ERR,ERR,ERR,ERR,ERR,ERR,ERR,ERR,ERR,ERR,ERR,ERR,ERR,ERR,ERR,ERR,ERR,ERR,ERR,ERR,ERR,ERR,ERR,ERR,ERR,ERR,ERR,ERR,ERR,ERR,ERR,ERR,ERR,ERR,ERR,ERR,ERR,ERR,ERR,ERR,ERR,ERR,ERR,ERR,ERR,ERR,ERR,ERR,ERR,ERR,ERR,ERR,ERR,34.0,80.0,35,0.0,0.0,0.0,0.0,0.0,0.0,0.0,0.0,0.0,0.0,0.0,0.0,0.0,0.0,0.0,0.0,66.0,0,120,58,54,65476,0,300,0,0,8,20529,65476,0,0,57672,80.0,0.0,0.0,0.0,0.0,0.0
2026-06-18T02:25:54,ERR,ERR,ERR,ERR,ERR,ERR,ERR,ERR,ERR,ERR,ERR,ERR,ERR,ERR,ERR,ERR,ERR,ERR,ERR,ERR,ERR,ERR,ERR,ERR,ERR,ERR,ERR,ERR,ERR,ERR,ERR,ERR,ERR,ERR,ERR,ERR,ERR,ERR,ERR,ERR,ERR,ERR,ERR,ERR,ERR,ERR,ERR,ERR,ERR,ERR,ERR,ERR,ERR,ERR,ERR,ERR,ERR,ERR,ERR,ERR,ERR,ERR,ERR,ERR,ERR,ERR,ERR,ERR,ERR,ERR,ERR,ERR,ERR,ERR,ERR,ERR,ERR,ERR,ERR,ERR,ERR,ERR,ERR,ERR,ERR,ERR,ERR,ERR,ERR,ERR,ERR,ERR,ERR,ERR,ERR,ERR,ERR,ERR,ERR,ERR,ERR,ERR,ERR,ERR,ERR,ERR,ERR,ERR,ERR,ERR,ERR,ERR,ERR,ERR,ERR,ERR,ERR,ERR,ERR,ERR,ERR,ERR,ERR,ERR,ERR,-0.0,2.718431101732002e+23,-0.0,-4.9501291711397626e+32,-0.0,1.3936040501711995e+18,7.805,-0.0,0,0,4,48924,6720,14723890282496.0,100,0.0,0.0,0.0,0.0,0.0,0,0,0,0,0.0,0,0,0,0,0,0,0,0,0,0,0,0,0,0,0,0,0,0,0,0,0,0,0,0,0,0,0,0,0,0,0,0,0,26,51,50,76,65476,0,300,0,0,8,21553,0.0,-107605600.0,0.0,0.0,0.0,0.0,0.0,0.0,0.0,0.0,0.0,0.0,0.0,0.0,0.0,0.0,0.0,0.0,0.0,0.0,0.0,0.0,0.0,-0.0,0.0,2.004,0.0,0.0,0.0,0.0,4786.0,0.0,7264.0,-0.0,2.718431101732002e+23,-107615360.0,0.0,0.0,0.0,0.0,0.0,77,2.3088407177156624e+20,-0.0,0.0,0.0,0.0,0.0,0.0,0.0,0.0,0,0,0,0.0,0.0,0.0,0.0,0.0,0.0,0.0,0.0,0.0,0.0,0.0,0.0,0.0,0.0,0.0,0.0,0,-107875648.0,77,0.0,154,0.0,-0.0,ERR,ERR,ERR,ERR,ERR,ERR,ERR,ERR,ERR,ERR,ERR,ERR,ERR,ERR,ERR,ERR,ERR,ERR,ERR,ERR,ERR,ERR,ERR,ERR,ERR,ERR,ERR,ERR,ERR,ERR,ERR,ERR,ERR,ERR,ERR,ERR,ERR,ERR,ERR,ERR,ERR,ERR,ERR,ERR,ERR,ERR,ERR,ERR,ERR,ERR,ERR,ERR,ERR,ERR,ERR,ERR,ERR,ERR,ERR,ERR,ERR,ERR,ERR,ERR,ERR,ERR,ERR,34.0,80.0,35,0.0,0.0,0.0,0.0,0.0,0.0,0.0,0.0,0.0,0.0,0.0,0.0,0.0,0.0,0.0,0.0,66.0,0,120,58,54,65476,0,300,0,0,8,20529,65476,0,0,57672,80.0,0.0,0.0,0.0,0.0,0.0
2026-06-18T02:25:55,ERR,ERR,ERR,ERR,ERR,ERR,ERR,ERR,ERR,ERR,ERR,ERR,ERR,ERR,ERR,ERR,ERR,ERR,ERR,ERR,ERR,ERR,ERR,ERR,ERR,ERR,ERR,ERR,ERR,ERR,ERR,ERR,ERR,ERR,ERR,ERR,ERR,ERR,ERR,ERR,ERR,ERR,ERR,ERR,ERR,ERR,ERR,ERR,ERR,ERR,ERR,ERR,ERR,ERR,ERR,ERR,ERR,ERR,ERR,ERR,ERR,ERR,ERR,ERR,ERR,ERR,ERR,ERR,ERR,ERR,ERR,ERR,ERR,ERR,ERR,ERR,ERR,ERR,ERR,ERR,ERR,ERR,ERR,ERR,ERR,ERR,ERR,ERR,ERR,ERR,ERR,ERR,ERR,ERR,ERR,ERR,ERR,ERR,ERR,ERR,ERR,ERR,ERR,ERR,ERR,ERR,ERR,ERR,ERR,ERR,ERR,ERR,ERR,ERR,ERR,ERR,ERR,ERR,ERR,ERR,ERR,ERR,ERR,ERR,ERR,-0.0,2.718431101732002e+23,-0.0,-4.9501291711397626e+32,-0.0,1.3936040501711995e+18,7.805,-0.0,0,0,4,48924,6720,14723890282496.0,100,0.0,0.0,0.0,0.0,0.0,0,0,0,0,0.0,0,0,0,0,0,0,0,0,0,0,0,0,0,0,0,0,0,0,0,0,0,0,0,0,0,0,0,0,0,0,0,0,0,26,51,50,76,65476,0,300,0,0,8,21553,0.0,-107605600.0,0.0,0.0,0.0,0.0,0.0,0.0,0.0,0.0,0.0,0.0,0.0,0.0,0.0,0.0,0.0,0.0,0.0,0.0,0.0,0.0,0.0,-0.0,0.0,2.004,0.0,0.0,0.0,0.0,4786.0,0.0,7264.0,-0.0,2.718431101732002e+23,-107615360.0,0.0,0.0,0.0,0.0,0.0,77,2.3088407177156624e+20,-0.0,0.0,0.0,0.0,0.0,0.0,0.0,0.0,0,0,0,0.0,0.0,0.0,0.0,0.0,0.0,0.0,0.0,0.0,0.0,0.0,0.0,0.0,0.0,0.0,0.0,0,-107875648.0,77,0.0,154,0.0,-0.0,ERR,ERR,ERR,ERR,ERR,ERR,ERR,ERR,ERR,ERR,ERR,ERR,ERR,ERR,ERR,ERR,ERR,ERR,ERR,ERR,ERR,ERR,ERR,ERR,ERR,ERR,ERR,ERR,ERR,ERR,ERR,ERR,ERR,ERR,ERR,ERR,ERR,ERR,ERR,ERR,ERR,ERR,ERR,ERR,ERR,ERR,ERR,ERR,ERR,ERR,ERR,ERR,ERR,ERR,ERR,ERR,ERR,ERR,ERR,ERR,ERR,ERR,ERR,ERR,ERR,ERR,ERR,34.0,80.0,35,0.0,0.0,0.0,0.0,0.0,0.0,0.0,0.0,0.0,0.0,0.0,0.0,0.0,0.0,0.0,0.0,66.0,0,120,58,54,65476,0,300,0,0,8,20529,65476,0,0,57672,80.0,0.0,0.0,0.0,0.0,0.0
2026-06-18T02:25:56,ERR,ERR,ERR,ERR,ERR,ERR,ERR,ERR,ERR,ERR,ERR,ERR,ERR,ERR,ERR,ERR,ERR,ERR,ERR,ERR,ERR,ERR,ERR,ERR,ERR,ERR,ERR,ERR,ERR,ERR,ERR,ERR,ERR,ERR,ERR,ERR,ERR,ERR,ERR,ERR,ERR,ERR,ERR,ERR,ERR,ERR,ERR,ERR,ERR,ERR,ERR,ERR,ERR,ERR,ERR,ERR,ERR,ERR,ERR,ERR,ERR,ERR,ERR,ERR,ERR,ERR,ERR,ERR,ERR,ERR,ERR,ERR,ERR,ERR,ERR,ERR,ERR,ERR,ERR,ERR,ERR,ERR,ERR,ERR,ERR,ERR,ERR,ERR,ERR,ERR,ERR,ERR,ERR,ERR,ERR,ERR,ERR,ERR,ERR,ERR,ERR,ERR,ERR,ERR,ERR,ERR,ERR,ERR,ERR,ERR,ERR,ERR,ERR,ERR,ERR,ERR,ERR,ERR,ERR,ERR,ERR,ERR,ERR,ERR,ERR,-0.0,2.718431101732002e+23,-0.0,1.9055661790789632e+17,0.0,1.3936040501711995e+18,7.805,0.0,0,0,4,48930,6720,14723890282496.0,100,0.0,0.0,0.0,1.9055661790789632e+17,0.0,0,0,0,0,0.0,0,0,0,0,0,0,0,0,0,0,0,0,0,0,0,0,0,0,0,0,0,0,0,0,0,0,0,0,0,0,0,0,0,26,51,50,76,65476,0,300,0,0,8,21553,0.0,-107605600.0,0.0,0.0,0.0,0.0,0.0,0.0,0.0,0.0,0.0,0.0,0.0,0.0,0.0,0.0,0.0,0.0,0.0,0.0,0.0,0.0,0.0,-0.0,0.0,2.004,0.0,0.0,0.0,0.0,4757.0,-2.4229855986892726e+24,7293.0,-0.0,2.718431101732002e+23,-107615360.0,0.0,0.0,0.0,0.0,0.0,77,3.222029330555234e+26,-0.0,0.0,0.0,0.0,0.0,0.0,0.0,0.0,0,0,0,0.0,0.0,0.0,0.0,0.0,0.0,0.0,0.0,0.0,0.0,0.0,0.0,0.0,0.0,0.0,0.0,0,-107875648.0,77,0.0,154,0.0,-0.0,ERR,ERR,ERR,ERR,ERR,ERR,ERR,ERR,ERR,ERR,ERR,ERR,ERR,ERR,ERR,ERR,ERR,ERR,ERR,ERR,ERR,ERR,ERR,ERR,ERR,ERR,ERR,ERR,ERR,ERR,ERR,ERR,ERR,ERR,ERR,ERR,ERR,ERR,ERR,ERR,ERR,ERR,ERR,ERR,ERR,ERR,ERR,ERR,ERR,ERR,ERR,ERR,ERR,ERR,ERR,ERR,ERR,ERR,ERR,ERR,ERR,ERR,ERR,ERR,ERR,ERR,ERR,34.0,80.0,35,0.0,0.0,0.0,0.0,0.0,0.0,0.0,0.0,0.0,0.0,0.0,0.0,0.0,0.0,0.0,0.0,66.0,0,120,58,54,65476,0,300,0,0,8,20529,65476,0,0,57672,80.0,0.0,0.0,0.0,0.0,0.0
2026-06-18T02:25:57,ERR,ERR,ERR,ERR,ERR,ERR,ERR,ERR,ERR,ERR,ERR,ERR,ERR,ERR,ERR,ERR,ERR,ERR,ERR,ERR,ERR,ERR,ERR,ERR,ERR,ERR,ERR,ERR,ERR,ERR,ERR,ERR,ERR,ERR,ERR,ERR,ERR,ERR,ERR,ERR,ERR,ERR,ERR,ERR,ERR,ERR,ERR,ERR,ERR,ERR,ERR,ERR,ERR,ERR,ERR,ERR,ERR,ERR,ERR,ERR,ERR,ERR,ERR,ERR,ERR,ERR,ERR,ERR,ERR,ERR,ERR,ERR,ERR,ERR,ERR,ERR,ERR,ERR,ERR,ERR,ERR,ERR,ERR,ERR,ERR,ERR,ERR,ERR,ERR,ERR,ERR,ERR,ERR,ERR,ERR,ERR,ERR,ERR,ERR,ERR,ERR,ERR,ERR,ERR,ERR,ERR,ERR,ERR,ERR,ERR,ERR,ERR,ERR,ERR,ERR,ERR,ERR,ERR,ERR,ERR,ERR,ERR,ERR,ERR,ERR,-0.0,2.718431101732002e+23,-0.0,1.9055661790789632e+17,0.0,1.3936040501711995e+18,7.805,0.0,0,0,4,48930,6720,14723890282496.0,100,0.0,0.0,0.0,1.9055661790789632e+17,0.0,0,0,0,0,0.0,0,0,0,0,0,0,0,0,0,0,0,0,0,0,0,0,0,0,0,0,0,0,0,0,0,0,0,0,0,0,0,0,0,26,51,50,76,65476,0,300,0,0,8,21553,0.0,-107605600.0,0.0,0.0,0.0,0.0,0.0,0.0,0.0,0.0,0.0,0.0,0.0,0.0,0.0,0.0,0.0,0.0,0.0,0.0,0.0,0.0,0.0,-0.0,0.0,2.004,0.0,0.0,0.0,0.0,4757.0,-2.4229855986892726e+24,7293.0,-0.0,2.718431101732002e+23,-107615360.0,0.0,0.0,0.0,0.0,0.0,77,3.222029330555234e+26,-0.0,0.0,0.0,0.0,0.0,0.0,0.0,0.0,0,0,0,0.0,0.0,0.0,0.0,0.0,0.0,0.0,0.0,0.0,0.0,0.0,0.0,0.0,0.0,0.0,0.0,0,-107875648.0,77,0.0,154,0.0,-0.0,ERR,ERR,ERR,ERR,ERR,ERR,ERR,ERR,ERR,ERR,ERR,ERR,ERR,ERR,ERR,ERR,ERR,ERR,ERR,ERR,ERR,ERR,ERR,ERR,ERR,ERR,ERR,ERR,ERR,ERR,ERR,ERR,ERR,ERR,ERR,ERR,ERR,ERR,ERR,ERR,ERR,ERR,ERR,ERR,ERR,ERR,ERR,ERR,ERR,ERR,ERR,ERR,ERR,ERR,ERR,ERR,ERR,ERR,ERR,ERR,ERR,ERR,ERR,ERR,ERR,ERR,ERR,34.0,80.0,35,0.0,0.0,0.0,0.0,0.0,0.0,0.0,0.0,0.0,0.0,0.0,0.0,0.0,0.0,0.0,0.0,66.0,0,120,58,54,65476,0,300,0,0,8,20529,65476,0,0,57672,80.0,0.0,0.0,0.0,0.0,0.0
2026-06-18T02:25:58,ERR,ERR,ERR,ERR,ERR,ERR,ERR,ERR,ERR,ERR,ERR,ERR,ERR,ERR,ERR,ERR,ERR,ERR,ERR,ERR,ERR,ERR,ERR,ERR,ERR,ERR,ERR,ERR,ERR,ERR,ERR,ERR,ERR,ERR,ERR,ERR,ERR,ERR,ERR,ERR,ERR,ERR,ERR,ERR,ERR,ERR,ERR,ERR,ERR,ERR,ERR,ERR,ERR,ERR,ERR,ERR,ERR,ERR,ERR,ERR,ERR,ERR,ERR,ERR,ERR,ERR,ERR,ERR,ERR,ERR,ERR,ERR,ERR,ERR,ERR,ERR,ERR,ERR,ERR,ERR,ERR,ERR,ERR,ERR,ERR,ERR,ERR,ERR,ERR,ERR,ERR,ERR,ERR,ERR,ERR,ERR,ERR,ERR,ERR,ERR,ERR,ERR,ERR,ERR,ERR,ERR,ERR,ERR,ERR,ERR,ERR,ERR,ERR,ERR,ERR,ERR,ERR,ERR,ERR,ERR,ERR,ERR,ERR,ERR,ERR,-0.0,2.718431101732002e+23,-0.0,1.9055661790789632e+17,0.0,1.3936040501711995e+18,7.805,0.0,0,0,4,48930,6720,14723890282496.0,100,0.0,0.0,0.0,1.9055661790789632e+17,0.0,0,0,0,0,0.0,0,0,0,0,0,0,0,0,0,0,0,0,0,0,0,0,0,0,0,0,0,0,0,0,0,0,0,0,0,0,0,0,0,26,51,50,76,65476,0,300,0,0,8,21553,0.0,-107605600.0,0.0,0.0,0.0,0.0,0.0,0.0,0.0,0.0,0.0,0.0,0.0,0.0,0.0,0.0,0.0,0.0,0.0,0.0,0.0,0.0,0.0,-0.0,0.0,2.004,0.0,0.0,0.0,0.0,4757.0,-2.4229855986892726e+24,7293.0,-0.0,2.718431101732002e+23,-107615360.0,0.0,0.0,0.0,0.0,0.0,77,3.222029330555234e+26,-0.0,0.0,0.0,0.0,0.0,0.0,0.0,0.0,0,0,0,0.0,0.0,0.0,0.0,0.0,0.0,0.0,0.0,0.0,0.0,0.0,0.0,0.0,0.0,0.0,0.0,0,-107875648.0,77,0.0,154,0.0,-0.0,ERR,ERR,ERR,ERR,ERR,ERR,ERR,ERR,ERR,ERR,ERR,ERR,ERR,ERR,ERR,ERR,ERR,ERR,ERR,ERR,ERR,ERR,ERR,ERR,ERR,ERR,ERR,ERR,ERR,ERR,ERR,ERR,ERR,ERR,ERR,ERR,ERR,ERR,ERR,ERR,ERR,ERR,ERR,ERR,ERR,ERR,ERR,ERR,ERR,ERR,ERR,ERR,ERR,ERR,ERR,ERR,ERR,ERR,ERR,ERR,ERR,ERR,ERR,ERR,ERR,ERR,ERR,34.0,80.0,35,0.0,0.0,0.0,0.0,0.0,0.0,0.0,0.0,0.0,0.0,0.0,0.0,0.0,0.0,0.0,0.0,66.0,0,120,58,54,65476,0,300,0,0,8,20529,65476,0,0,57672,80.0,0.0,0.0,0.0,0.0,0.0
2026-06-18T02:25:59,ERR,ERR,ERR,ERR,ERR,ERR,ERR,ERR,ERR,ERR,ERR,ERR,ERR,ERR,ERR,ERR,ERR,ERR,ERR,ERR,ERR,ERR,ERR,ERR,ERR,ERR,ERR,ERR,ERR,ERR,ERR,ERR,ERR,ERR,ERR,ERR,ERR,ERR,ERR,ERR,ERR,ERR,ERR,ERR,ERR,ERR,ERR,ERR,ERR,ERR,ERR,ERR,ERR,ERR,ERR,ERR,ERR,ERR,ERR,ERR,ERR,ERR,ERR,ERR,ERR,ERR,ERR,ERR,ERR,ERR,ERR,ERR,ERR,ERR,ERR,ERR,ERR,ERR,ERR,ERR,ERR,ERR,ERR,ERR,ERR,ERR,ERR,ERR,ERR,ERR,ERR,ERR,ERR,ERR,ERR,ERR,ERR,ERR,ERR,ERR,ERR,ERR,ERR,ERR,ERR,ERR,ERR,ERR,ERR,ERR,ERR,ERR,ERR,ERR,ERR,ERR,ERR,ERR,ERR,ERR,ERR,ERR,ERR,ERR,ERR,-0.0,2.718431101732002e+23,-0.0,1.9055661790789632e+17,0.0,1.3936040501711995e+18,7.805,0.0,0,0,4,48930,6720,14723890282496.0,100,0.0,0.0,0.0,1.9055661790789632e+17,0.0,0,0,0,0,0.0,0,0,0,0,0,0,0,0,0,0,0,0,0,0,0,0,0,0,0,0,0,0,0,0,0,0,0,0,0,0,0,0,0,26,51,50,76,65476,0,300,0,0,8,21553,0.0,-107605600.0,0.0,0.0,0.0,0.0,0.0,0.0,0.0,0.0,0.0,0.0,0.0,0.0,0.0,0.0,0.0,0.0,0.0,0.0,0.0,0.0,0.0,-0.0,0.0,2.004,0.0,0.0,0.0,0.0,4757.0,-2.4229855986892726e+24,7293.0,-0.0,2.718431101732002e+23,-107615360.0,0.0,0.0,0.0,0.0,0.0,77,3.222029330555234e+26,-0.0,0.0,0.0,0.0,0.0,0.0,0.0,0.0,0,0,0,0.0,0.0,0.0,0.0,0.0,0.0,0.0,0.0,0.0,0.0,0.0,0.0,0.0,0.0,0.0,0.0,0,-107875648.0,77,0.0,154,0.0,-0.0,ERR,ERR,ERR,ERR,ERR,ERR,ERR,ERR,ERR,ERR,ERR,ERR,ERR,ERR,ERR,ERR,ERR,ERR,ERR,ERR,ERR,ERR,ERR,ERR,ERR,ERR,ERR,ERR,ERR,ERR,ERR,ERR,ERR,ERR,ERR,ERR,ERR,ERR,ERR,ERR,ERR,ERR,ERR,ERR,ERR,ERR,ERR,ERR,ERR,ERR,ERR,ERR,ERR,ERR,ERR,ERR,ERR,ERR,ERR,ERR,ERR,ERR,ERR,ERR,ERR,ERR,ERR,34.0,80.0,35,0.0,0.0,0.0,0.0,0.0,0.0,0.0,0.0,0.0,0.0,0.0,0.0,0.0,0.0,0.0,0.0,66.4,0,120,58,54,65476,0,300,0,0,8,20529,65476,0,0,57672,80.0,0.0,0.0,0.0,0.0,0.0
2026-06-18T02:26:00,ERR,ERR,ERR,ERR,ERR,ERR,ERR,ERR,ERR,ERR,ERR,ERR,ERR,ERR,ERR,ERR,ERR,ERR,ERR,ERR,ERR,ERR,ERR,ERR,ERR,ERR,ERR,ERR,ERR,ERR,ERR,ERR,ERR,ERR,ERR,ERR,ERR,ERR,ERR,ERR,ERR,ERR,ERR,ERR,ERR,ERR,ERR,ERR,ERR,ERR,ERR,ERR,ERR,ERR,ERR,ERR,ERR,ERR,ERR,ERR,ERR,ERR,ERR,ERR,ERR,ERR,ERR,ERR,ERR,ERR,ERR,ERR,ERR,ERR,ERR,ERR,ERR,ERR,ERR,ERR,ERR,ERR,ERR,ERR,ERR,ERR,ERR,ERR,ERR,ERR,ERR,ERR,ERR,ERR,ERR,ERR,ERR,ERR,ERR,ERR,ERR,ERR,ERR,ERR,ERR,ERR,ERR,ERR,ERR,ERR,ERR,ERR,ERR,ERR,ERR,ERR,ERR,ERR,ERR,ERR,ERR,ERR,ERR,ERR,ERR,-0.0,2.718431101732002e+23,-0.0,1.9055661790789632e+17,0.0,1.3936040501711995e+18,7.805,0.0,0,0,4,48930,6720,14723890282496.0,100,0.0,0.0,0.0,1.9055661790789632e+17,0.0,0,0,0,0,0.0,0,0,0,0,0,0,0,0,0,0,0,0,0,0,0,0,0,0,0,0,0,0,0,0,0,0,0,0,0,0,0,0,0,26,51,50,76,65476,0,300,0,0,8,21553,0.0,-107605600.0,0.0,0.0,0.0,0.0,0.0,0.0,0.0,0.0,0.0,0.0,0.0,0.0,0.0,0.0,0.0,0.0,0.0,0.0,0.0,0.0,0.0,-0.0,0.0,2.004,0.0,0.0,0.0,0.0,4757.0,-2.4229855986892726e+24,7293.0,-0.0,2.718431101732002e+23,-107615360.0,0.0,0.0,0.0,0.0,0.0,77,3.222029330555234e+26,-0.0,0.0,0.0,0.0,0.0,0.0,0.0,0.0,0,0,0,0.0,0.0,0.0,0.0,0.0,0.0,0.0,0.0,0.0,0.0,0.0,0.0,0.0,0.0,0.0,0.0,0,-107875648.0,77,0.0,154,0.0,-0.0,ERR,ERR,ERR,ERR,ERR,ERR,ERR,ERR,ERR,ERR,ERR,ERR,ERR,ERR,ERR,ERR,ERR,ERR,ERR,ERR,ERR,ERR,ERR,ERR,ERR,ERR,ERR,ERR,ERR,ERR,ERR,ERR,ERR,ERR,ERR,ERR,ERR,ERR,ERR,ERR,ERR,ERR,ERR,ERR,ERR,ERR,ERR,ERR,ERR,ERR,ERR,ERR,ERR,ERR,ERR,ERR,ERR,ERR,ERR,ERR,ERR,ERR,ERR,ERR,ERR,ERR,ERR,34.0,80.0,35,0.0,0.0,0.0,0.0,0.0,0.0,0.0,0.0,0.0,0.0,0.0,0.0,0.0,0.0,0.0,0.0,66.4,0,120,58,54,65476,0,300,0,0,8,20529,65476,0,0,57672,80.0,0.0,0.0,0.0,0.0,0.0
2026-06-18T02:26:01,ERR,ERR,ERR,ERR,ERR,ERR,ERR,ERR,ERR,ERR,ERR,ERR,ERR,ERR,ERR,ERR,ERR,ERR,ERR,ERR,ERR,ERR,ERR,ERR,ERR,ERR,ERR,ERR,ERR,ERR,ERR,ERR,ERR,ERR,ERR,ERR,ERR,ERR,ERR,ERR,ERR,ERR,ERR,ERR,ERR,ERR,ERR,ERR,ERR,ERR,ERR,ERR,ERR,ERR,ERR,ERR,ERR,ERR,ERR,ERR,ERR,ERR,ERR,ERR,ERR,ERR,ERR,ERR,ERR,ERR,ERR,ERR,ERR,ERR,ERR,ERR,ERR,ERR,ERR,ERR,ERR,ERR,ERR,ERR,ERR,ERR,ERR,ERR,ERR,ERR,ERR,ERR,ERR,ERR,ERR,ERR,ERR,ERR,ERR,ERR,ERR,ERR,ERR,ERR,ERR,ERR,ERR,ERR,ERR,ERR,ERR,ERR,ERR,ERR,ERR,ERR,ERR,ERR,ERR,ERR,ERR,ERR,ERR,ERR,ERR,-0.0,2.718431101732002e+23,-0.0,-152005385388032.0,-0.0,1.3936040501711995e+18,7.805,-2306705457152.0,0,0,4,48924,6720,14723890282496.0,100,0.0,0.0,0.0,0.059,0.0,0,0,0,0,0.0,0,0,0,0,0,0,0,0,0,0,0,0,0,0,0,0,0,0,0,0,0,0,0,0,0,0,0,0,0,0,0,0,0,26,51,50,76,65476,0,300,0,0,8,21553,0.0,-107605600.0,0.0,0.0,0.0,0.0,0.0,0.0,0.0,0.0,0.0,0.0,0.0,0.0,0.0,0.0,0.0,0.0,0.0,0.0,0.0,0.0,0.0,-0.0,0.0,2.004,0.0,0.0,0.0,0.0,4755.0,-8608174080.0,7290.0,-0.0,2.718431101732002e+23,-107615360.0,0.0,0.0,0.0,0.0,0.0,77,2.7184303811560617e+23,4.0668498801213676e+29,0.0,0.0,0.0,0.0,0.0,0.0,0.0,0,0,0,0.0,0.0,0.0,0.0,0.0,0.0,0.0,0.0,0.0,0.0,0.0,0.0,0.0,0.0,0.0,0.0,0,-107875648.0,77,0.0,154,0.0,-0.0,ERR,ERR,ERR,ERR,ERR,ERR,ERR,ERR,ERR,ERR,ERR,ERR,ERR,ERR,ERR,ERR,ERR,ERR,ERR,ERR,ERR,ERR,ERR,ERR,ERR,ERR,ERR,ERR,ERR,ERR,ERR,ERR,ERR,ERR,ERR,ERR,ERR,ERR,ERR,ERR,ERR,ERR,ERR,ERR,ERR,ERR,ERR,ERR,ERR,ERR,ERR,ERR,ERR,ERR,ERR,ERR,ERR,ERR,ERR,ERR,ERR,ERR,ERR,ERR,ERR,ERR,ERR,34.0,80.0,35,0.0,0.0,0.0,0.0,0.0,0.0,0.0,0.0,0.0,0.0,0.0,0.0,0.0,0.0,0.0,0.0,66.0,0,120,58,54,65476,0,300,0,0,8,20529,65476,0,0,57672,80.0,0.0,0.0,0.0,0.0,0.0
2026-06-18T02:26:02,ERR,ERR,ERR,ERR,ERR,ERR,ERR,ERR,ERR,ERR,ERR,ERR,ERR,ERR,ERR,ERR,ERR,ERR,ERR,ERR,ERR,ERR,ERR,ERR,ERR,ERR,ERR,ERR,ERR,ERR,ERR,ERR,ERR,ERR,ERR,ERR,ERR,ERR,ERR,ERR,ERR,ERR,ERR,ERR,ERR,ERR,ERR,ERR,ERR,ERR,ERR,ERR,ERR,ERR,ERR,ERR,ERR,ERR,ERR,ERR,ERR,ERR,ERR,ERR,ERR,ERR,ERR,ERR,ERR,ERR,ERR,ERR,ERR,ERR,ERR,ERR,ERR,ERR,ERR,ERR,ERR,ERR,ERR,ERR,ERR,ERR,ERR,ERR,ERR,ERR,ERR,ERR,ERR,ERR,ERR,ERR,ERR,ERR,ERR,ERR,ERR,ERR,ERR,ERR,ERR,ERR,ERR,ERR,ERR,ERR,ERR,ERR,ERR,ERR,ERR,ERR,ERR,ERR,ERR,ERR,ERR,ERR,ERR,ERR,ERR,-0.0,2.718431101732002e+23,-0.0,-152005385388032.0,-0.0,1.3936040501711995e+18,7.805,-2306705457152.0,0,0,4,48924,6720,14723890282496.0,100,0.0,0.0,0.0,0.059,0.0,0,0,0,0,0.0,0,0,0,0,0,0,0,0,0,0,0,0,0,0,0,0,0,0,0,0,0,0,0,0,0,0,0,0,0,0,0,0,0,26,51,50,76,65476,0,300,0,0,8,21553,0.0,-107605600.0,0.0,0.0,0.0,0.0,0.0,0.0,0.0,0.0,0.0,0.0,0.0,0.0,0.0,0.0,0.0,0.0,0.0,0.0,0.0,0.0,0.0,-0.0,0.0,2.004,0.0,0.0,0.0,0.0,4755.0,-8608174080.0,7290.0,-0.0,2.718431101732002e+23,-107615360.0,0.0,0.0,0.0,0.0,0.0,77,2.7184303811560617e+23,4.0668498801213676e+29,0.0,0.0,0.0,0.0,0.0,0.0,0.0,0,0,0,0.0,0.0,0.0,0.0,0.0,0.0,0.0,0.0,0.0,0.0,0.0,0.0,0.0,0.0,0.0,0.0,0,-107875648.0,77,0.0,154,0.0,-0.0,ERR,ERR,ERR,ERR,ERR,ERR,ERR,ERR,ERR,ERR,ERR,ERR,ERR,ERR,ERR,ERR,ERR,ERR,ERR,ERR,ERR,ERR,ERR,ERR,ERR,ERR,ERR,ERR,ERR,ERR,ERR,ERR,ERR,ERR,ERR,ERR,ERR,ERR,ERR,ERR,ERR,ERR,ERR,ERR,ERR,ERR,ERR,ERR,ERR,ERR,ERR,ERR,ERR,ERR,ERR,ERR,ERR,ERR,ERR,ERR,ERR,ERR,ERR,ERR,ERR,ERR,ERR,34.0,80.0,35,0.0,0.0,0.0,0.0,0.0,0.0,0.0,0.0,0.0,0.0,0.0,0.0,0.0,0.0,0.0,0.0,66.0,0,120,58,54,65476,0,300,0,0,8,20529,65476,0,0,57672,80.0,0.0,0.0,0.0,0.0,0.0
2026-06-18T02:26:03,ERR,ERR,ERR,ERR,ERR,ERR,ERR,ERR,ERR,ERR,ERR,ERR,ERR,ERR,ERR,ERR,ERR,ERR,ERR,ERR,ERR,ERR,ERR,ERR,ERR,ERR,ERR,ERR,ERR,ERR,ERR,ERR,ERR,ERR,ERR,ERR,ERR,ERR,ERR,ERR,ERR,ERR,ERR,ERR,ERR,ERR,ERR,ERR,ERR,ERR,ERR,ERR,ERR,ERR,ERR,ERR,ERR,ERR,ERR,ERR,ERR,ERR,ERR,ERR,ERR,ERR,ERR,ERR,ERR,ERR,ERR,ERR,ERR,ERR,ERR,ERR,ERR,ERR,ERR,ERR,ERR,ERR,ERR,ERR,ERR,ERR,ERR,ERR,ERR,ERR,ERR,ERR,ERR,ERR,ERR,ERR,ERR,ERR,ERR,ERR,ERR,ERR,ERR,ERR,ERR,ERR,ERR,ERR,ERR,ERR,ERR,ERR,ERR,ERR,ERR,ERR,ERR,ERR,ERR,ERR,ERR,ERR,ERR,ERR,ERR,-0.0,2.718431101732002e+23,-0.0,-152005385388032.0,-0.0,1.3936040501711995e+18,7.805,-2306705457152.0,0,0,4,48924,6720,14723890282496.0,100,0.0,0.0,0.0,0.059,0.0,0,0,0,0,0.0,0,0,0,0,0,0,0,0,0,0,0,0,0,0,0,0,0,0,0,0,0,0,0,0,0,0,0,0,0,0,0,0,0,26,51,50,76,65476,0,300,0,0,8,21553,0.0,-107605600.0,0.0,0.0,0.0,0.0,0.0,0.0,0.0,0.0,0.0,0.0,0.0,0.0,0.0,0.0,0.0,0.0,0.0,0.0,0.0,0.0,0.0,-0.0,0.0,2.004,0.0,0.0,0.0,0.0,4755.0,-8608174080.0,7290.0,-0.0,2.718431101732002e+23,-107615360.0,0.0,0.0,0.0,0.0,0.0,77,2.7184303811560617e+23,4.0668498801213676e+29,0.0,0.0,0.0,0.0,0.0,0.0,0.0,0,0,0,0.0,0.0,0.0,0.0,0.0,0.0,0.0,0.0,0.0,0.0,0.0,0.0,0.0,0.0,0.0,0.0,0,-107875648.0,77,0.0,154,0.0,-0.0,ERR,ERR,ERR,ERR,ERR,ERR,ERR,ERR,ERR,ERR,ERR,ERR,ERR,ERR,ERR,ERR,ERR,ERR,ERR,ERR,ERR,ERR,ERR,ERR,ERR,ERR,ERR,ERR,ERR,ERR,ERR,ERR,ERR,ERR,ERR,ERR,ERR,ERR,ERR,ERR,ERR,ERR,ERR,ERR,ERR,ERR,ERR,ERR,ERR,ERR,ERR,ERR,ERR,ERR,ERR,ERR,ERR,ERR,ERR,ERR,ERR,ERR,ERR,ERR,ERR,ERR,ERR,34.0,80.0,35,0.0,0.0,0.0,0.0,0.0,0.0,0.0,0.0,0.0,0.0,0.0,0.0,0.0,0.0,0.0,0.0,66.0,0,120,58,54,65476,0,300,0,0,8,20529,65476,0,0,57672,80.0,0.0,0.0,0.0,0.0,0.0
2026-06-18T02:26:04,ERR,ERR,ERR,ERR,ERR,ERR,ERR,ERR,ERR,ERR,ERR,ERR,ERR,ERR,ERR,ERR,ERR,ERR,ERR,ERR,ERR,ERR,ERR,ERR,ERR,ERR,ERR,ERR,ERR,ERR,ERR,ERR,ERR,ERR,ERR,ERR,ERR,ERR,ERR,ERR,ERR,ERR,ERR,ERR,ERR,ERR,ERR,ERR,ERR,ERR,ERR,ERR,ERR,ERR,ERR,ERR,ERR,ERR,ERR,ERR,ERR,ERR,ERR,ERR,ERR,ERR,ERR,ERR,ERR,ERR,ERR,ERR,ERR,ERR,ERR,ERR,ERR,ERR,ERR,ERR,ERR,ERR,ERR,ERR,ERR,ERR,ERR,ERR,ERR,ERR,ERR,ERR,ERR,ERR,ERR,ERR,ERR,ERR,ERR,ERR,ERR,ERR,ERR,ERR,ERR,ERR,ERR,ERR,ERR,ERR,ERR,ERR,ERR,ERR,ERR,ERR,ERR,ERR,ERR,ERR,ERR,ERR,ERR,ERR,ERR,-0.0,2.718431101732002e+23,-0.0,-152005385388032.0,-0.0,1.3936040501711995e+18,7.805,-2306705457152.0,0,0,4,48924,6720,14723890282496.0,100,0.0,0.0,0.0,0.059,0.0,0,0,0,0,0.0,0,0,0,0,0,0,0,0,0,0,0,0,0,0,0,0,0,0,0,0,0,0,0,0,0,0,0,0,0,0,0,0,0,26,51,50,76,65476,0,300,0,0,8,21553,0.0,-107605600.0,0.0,0.0,0.0,0.0,0.0,0.0,0.0,0.0,0.0,0.0,0.0,0.0,0.0,0.0,0.0,0.0,0.0,0.0,0.0,0.0,0.0,-0.0,0.0,2.004,0.0,0.0,0.0,0.0,4755.0,-8608174080.0,7290.0,-0.0,2.718431101732002e+23,-107615360.0,0.0,0.0,0.0,0.0,0.0,77,2.7184303811560617e+23,4.0668498801213676e+29,0.0,0.0,0.0,0.0,0.0,0.0,0.0,0,0,0,0.0,0.0,0.0,0.0,0.0,0.0,0.0,0.0,0.0,0.0,0.0,0.0,0.0,0.0,0.0,0.0,0,-107875648.0,77,0.0,154,0.0,-0.0,ERR,ERR,ERR,ERR,ERR,ERR,ERR,ERR,ERR,ERR,ERR,ERR,ERR,ERR,ERR,ERR,ERR,ERR,ERR,ERR,ERR,ERR,ERR,ERR,ERR,ERR,ERR,ERR,ERR,ERR,ERR,ERR,ERR,ERR,ERR,ERR,ERR,ERR,ERR,ERR,ERR,ERR,ERR,ERR,ERR,ERR,ERR,ERR,ERR,ERR,ERR,ERR,ERR,ERR,ERR,ERR,ERR,ERR,ERR,ERR,ERR,ERR,ERR,ERR,ERR,ERR,ERR,34.0,80.0,35,0.0,0.0,0.0,0.0,0.0,0.0,0.0,0.0,0.0,0.0,0.0,0.0,0.0,0.0,0.0,0.0,66.0,0,120,58,54,65476,0,300,0,0,8,20529,65476,0,0,57672,80.0,0.0,0.0,0.0,0.0,0.0
2026-06-18T02:26:05,ERR,ERR,ERR,ERR,ERR,ERR,ERR,ERR,ERR,ERR,ERR,ERR,ERR,ERR,ERR,ERR,ERR,ERR,ERR,ERR,ERR,ERR,ERR,ERR,ERR,ERR,ERR,ERR,ERR,ERR,ERR,ERR,ERR,ERR,ERR,ERR,ERR,ERR,ERR,ERR,ERR,ERR,ERR,ERR,ERR,ERR,ERR,ERR,ERR,ERR,ERR,ERR,ERR,ERR,ERR,ERR,ERR,ERR,ERR,ERR,ERR,ERR,ERR,ERR,ERR,ERR,ERR,ERR,ERR,ERR,ERR,ERR,ERR,ERR,ERR,ERR,ERR,ERR,ERR,ERR,ERR,ERR,ERR,ERR,ERR,ERR,ERR,ERR,ERR,ERR,ERR,ERR,ERR,ERR,ERR,ERR,ERR,ERR,ERR,ERR,ERR,ERR,ERR,ERR,ERR,ERR,ERR,ERR,ERR,ERR,ERR,ERR,ERR,ERR,ERR,ERR,ERR,ERR,ERR,ERR,ERR,ERR,ERR,ERR,ERR,-0.0,2.718431101732002e+23,-0.0,-152005385388032.0,-0.0,1.3936040501711995e+18,7.805,-2306705457152.0,0,0,4,48924,6720,14723890282496.0,100,0.0,0.0,0.0,0.059,0.0,0,0,0,0,0.0,0,0,0,0,0,0,0,0,0,0,0,0,0,0,0,0,0,0,0,0,0,0,0,0,0,0,0,0,0,0,0,0,0,26,51,50,76,65476,0,300,0,0,8,21553,0.0,-107605600.0,0.0,0.0,0.0,0.0,0.0,0.0,0.0,0.0,0.0,0.0,0.0,0.0,0.0,0.0,0.0,0.0,0.0,0.0,0.0,0.0,0.0,-0.0,0.0,2.004,0.0,0.0,0.0,0.0,4755.0,-8608174080.0,7290.0,-0.0,2.718431101732002e+23,-107615360.0,0.0,0.0,0.0,0.0,0.0,77,2.7184303811560617e+23,4.0668498801213676e+29,0.0,0.0,0.0,0.0,0.0,0.0,0.0,0,0,0,0.0,0.0,0.0,0.0,0.0,0.0,0.0,0.0,0.0,0.0,0.0,0.0,0.0,0.0,0.0,0.0,0,-107875648.0,77,0.0,154,0.0,-0.0,ERR,ERR,ERR,ERR,ERR,ERR,ERR,ERR,ERR,ERR,ERR,ERR,ERR,ERR,ERR,ERR,ERR,ERR,ERR,ERR,ERR,ERR,ERR,ERR,ERR,ERR,ERR,ERR,ERR,ERR,ERR,ERR,ERR,ERR,ERR,ERR,ERR,ERR,ERR,ERR,ERR,ERR,ERR,ERR,ERR,ERR,ERR,ERR,ERR,ERR,ERR,ERR,ERR,ERR,ERR,ERR,ERR,ERR,ERR,ERR,ERR,ERR,ERR,ERR,ERR,ERR,ERR,34.0,80.0,35,0.0,0.0,0.0,0.0,0.0,0.0,0.0,0.0,0.0,0.0,0.0,0.0,0.0,0.0,0.0,0.0,66.0,0,120,58,54,65476,0,300,0,0,8,20529,65476,0,0,57672,80.0,0.0,0.0,0.0,0.0,0.0
2026-06-18T02:26:06,ERR,ERR,ERR,ERR,ERR,ERR,ERR,ERR,ERR,ERR,ERR,ERR,ERR,ERR,ERR,ERR,ERR,ERR,ERR,ERR,ERR,ERR,ERR,ERR,ERR,ERR,ERR,ERR,ERR,ERR,ERR,ERR,ERR,ERR,ERR,ERR,ERR,ERR,ERR,ERR,ERR,ERR,ERR,ERR,ERR,ERR,ERR,ERR,ERR,ERR,ERR,ERR,ERR,ERR,ERR,ERR,ERR,ERR,ERR,ERR,ERR,ERR,ERR,ERR,ERR,ERR,ERR,ERR,ERR,ERR,ERR,ERR,ERR,ERR,ERR,ERR,ERR,ERR,ERR,ERR,ERR,ERR,ERR,ERR,ERR,ERR,ERR,ERR,ERR,ERR,ERR,ERR,ERR,ERR,ERR,ERR,ERR,ERR,ERR,ERR,ERR,ERR,ERR,ERR,ERR,ERR,ERR,ERR,ERR,ERR,ERR,ERR,ERR,ERR,ERR,ERR,ERR,ERR,ERR,ERR,ERR,ERR,ERR,ERR,ERR,-0.0,2.718431101732002e+23,-0.0,-152005385388032.0,-0.0,1.3936040501711995e+18,7.805,-2306705457152.0,0,0,4,48924,6720,14723890282496.0,100,0.0,0.0,0.0,0.059,0.0,0,0,0,0,0.0,0,0,0,0,0,0,0,0,0,0,0,0,0,0,0,0,0,0,0,0,0,0,0,0,0,0,0,0,0,0,0,0,0,26,51,50,76,65476,0,300,0,0,8,21553,0.0,-107605600.0,0.0,0.0,0.0,0.0,0.0,0.0,0.0,0.0,0.0,0.0,0.0,0.0,0.0,0.0,0.0,0.0,0.0,0.0,0.0,0.0,0.0,-0.0,0.0,2.004,0.0,0.0,0.0,0.0,4755.0,-8608174080.0,7290.0,-0.0,2.718431101732002e+23,-107615360.0,0.0,0.0,0.0,0.0,0.0,77,2.7184303811560617e+23,4.0668498801213676e+29,0.0,0.0,0.0,0.0,0.0,0.0,0.0,0,0,0,0.0,0.0,0.0,0.0,0.0,0.0,0.0,0.0,0.0,0.0,0.0,0.0,0.0,0.0,0.0,0.0,0,-107875648.0,77,0.0,154,0.0,-0.0,ERR,ERR,ERR,ERR,ERR,ERR,ERR,ERR,ERR,ERR,ERR,ERR,ERR,ERR,ERR,ERR,ERR,ERR,ERR,ERR,ERR,ERR,ERR,ERR,ERR,ERR,ERR,ERR,ERR,ERR,ERR,ERR,ERR,ERR,ERR,ERR,ERR,ERR,ERR,ERR,ERR,ERR,ERR,ERR,ERR,ERR,ERR,ERR,ERR,ERR,ERR,ERR,ERR,ERR,ERR,ERR,ERR,ERR,ERR,ERR,ERR,ERR,ERR,ERR,ERR,ERR,ERR,34.0,80.0,35,0.0,0.0,0.0,0.0,0.0,0.0,0.0,0.0,0.0,0.0,0.0,0.0,0.0,0.0,0.0,0.0,66.0,0,120,58,54,65476,0,300,0,0,8,20529,65476,0,0,57672,80.0,0.0,0.0,0.0,0.0,0.0
2026-06-18T02:26:07,ERR,ERR,ERR,ERR,ERR,ERR,ERR,ERR,ERR,ERR,ERR,ERR,ERR,ERR,ERR,ERR,ERR,ERR,ERR,ERR,ERR,ERR,ERR,ERR,ERR,ERR,ERR,ERR,ERR,ERR,ERR,ERR,ERR,ERR,ERR,ERR,ERR,ERR,ERR,ERR,ERR,ERR,ERR,ERR,ERR,ERR,ERR,ERR,ERR,ERR,ERR,ERR,ERR,ERR,ERR,ERR,ERR,ERR,ERR,ERR,ERR,ERR,ERR,ERR,ERR,ERR,ERR,ERR,ERR,ERR,ERR,ERR,ERR,ERR,ERR,ERR,ERR,ERR,ERR,ERR,ERR,ERR,ERR,ERR,ERR,ERR,ERR,ERR,ERR,ERR,ERR,ERR,ERR,ERR,ERR,ERR,ERR,ERR,ERR,ERR,ERR,ERR,ERR,ERR,ERR,ERR,ERR,ERR,ERR,ERR,ERR,ERR,ERR,ERR,ERR,ERR,ERR,ERR,ERR,ERR,ERR,ERR,ERR,ERR,ERR,-0.0,2.718431101732002e+23,-0.0,-0.0,0.0,1.3936040501711995e+18,7.805,2.395,0,0,4,48929,6720,14723890282496.0,100,0.0,0.0,0.0,-4.9501291711397626e+32,0.0,0,0,0,0,0.0,0,0,0,0,0,0,0,0,0,0,0,0,0,0,0,0,0,0,0,0,0,0,0,0,0,0,0,0,0,0,0,0,0,26,51,50,76,65476,0,300,0,0,8,21553,0.0,-107605600.0,0.0,0.0,0.0,0.0,0.0,0.0,0.0,0.0,0.0,0.0,0.0,0.0,0.0,0.0,0.0,0.0,0.0,0.0,0.0,0.0,0.0,-0.0,0.0,2.004,0.0,0.0,0.0,0.0,4755.0,-2.4229855986892726e+24,7294.0,-0.0,2.718431101732002e+23,-107615360.0,0.0,0.0,0.0,0.0,0.0,77,107615360.0,-0.0,0.0,0.0,0.0,0.0,0.0,0.0,0.0,0,0,0,0.0,0.0,0.0,0.0,0.0,0.0,0.0,0.0,0.0,0.0,0.0,0.0,0.0,0.0,0.0,0.0,0,-107875648.0,77,0.0,154,0.0,-0.0,ERR,ERR,ERR,ERR,ERR,ERR,ERR,ERR,ERR,ERR,ERR,ERR,ERR,ERR,ERR,ERR,ERR,ERR,ERR,ERR,ERR,ERR,ERR,ERR,ERR,ERR,ERR,ERR,ERR,ERR,ERR,ERR,ERR,ERR,ERR,ERR,ERR,ERR,ERR,ERR,ERR,ERR,ERR,ERR,ERR,ERR,ERR,ERR,ERR,ERR,ERR,ERR,ERR,ERR,ERR,ERR,ERR,ERR,ERR,ERR,ERR,ERR,ERR,ERR,ERR,ERR,ERR,34.0,80.0,35,0.0,0.0,0.0,0.0,0.0,0.0,0.0,0.0,0.0,0.0,0.0,0.0,0.0,0.0,0.0,0.0,66.0,0,120,58,54,65476,0,300,0,0,8,20529,65476,0,0,57672,80.0,0.0,0.0,0.0,0.0,0.0
2026-06-18T02:26:08,ERR,ERR,ERR,ERR,ERR,ERR,ERR,ERR,ERR,ERR,ERR,ERR,ERR,ERR,ERR,ERR,ERR,ERR,ERR,ERR,ERR,ERR,ERR,ERR,ERR,ERR,ERR,ERR,ERR,ERR,ERR,ERR,ERR,ERR,ERR,ERR,ERR,ERR,ERR,ERR,ERR,ERR,ERR,ERR,ERR,ERR,ERR,ERR,ERR,ERR,ERR,ERR,ERR,ERR,ERR,ERR,ERR,ERR,ERR,ERR,ERR,ERR,ERR,ERR,ERR,ERR,ERR,ERR,ERR,ERR,ERR,ERR,ERR,ERR,ERR,ERR,ERR,ERR,ERR,ERR,ERR,ERR,ERR,ERR,ERR,ERR,ERR,ERR,ERR,ERR,ERR,ERR,ERR,ERR,ERR,ERR,ERR,ERR,ERR,ERR,ERR,ERR,ERR,ERR,ERR,ERR,ERR,ERR,ERR,ERR,ERR,ERR,ERR,ERR,ERR,ERR,ERR,ERR,ERR,ERR,ERR,ERR,ERR,ERR,ERR,-0.0,2.718431101732002e+23,-0.0,-0.0,0.0,1.3936040501711995e+18,7.805,2.395,0,0,4,48929,6720,14723890282496.0,100,0.0,0.0,0.0,-4.9501291711397626e+32,0.0,0,0,0,0,0.0,0,0,0,0,0,0,0,0,0,0,0,0,0,0,0,0,0,0,0,0,0,0,0,0,0,0,0,0,0,0,0,0,0,26,51,50,76,65476,0,300,0,0,8,21553,0.0,-107605600.0,0.0,0.0,0.0,0.0,0.0,0.0,0.0,0.0,0.0,0.0,0.0,0.0,0.0,0.0,0.0,0.0,0.0,0.0,0.0,0.0,0.0,-0.0,0.0,2.004,0.0,0.0,0.0,0.0,4755.0,-2.4229855986892726e+24,7294.0,-0.0,2.718431101732002e+23,-107615360.0,0.0,0.0,0.0,0.0,0.0,77,107615360.0,-0.0,0.0,0.0,0.0,0.0,0.0,0.0,0.0,0,0,0,0.0,0.0,0.0,0.0,0.0,0.0,0.0,0.0,0.0,0.0,0.0,0.0,0.0,0.0,0.0,0.0,0,-107875648.0,77,0.0,154,0.0,-0.0,ERR,ERR,ERR,ERR,ERR,ERR,ERR,ERR,ERR,ERR,ERR,ERR,ERR,ERR,ERR,ERR,ERR,ERR,ERR,ERR,ERR,ERR,ERR,ERR,ERR,ERR,ERR,ERR,ERR,ERR,ERR,ERR,ERR,ERR,ERR,ERR,ERR,ERR,ERR,ERR,ERR,ERR,ERR,ERR,ERR,ERR,ERR,ERR,ERR,ERR,ERR,ERR,ERR,ERR,ERR,ERR,ERR,ERR,ERR,ERR,ERR,ERR,ERR,ERR,ERR,ERR,ERR,34.0,80.0,35,0.0,0.0,0.0,0.0,0.0,0.0,0.0,0.0,0.0,0.0,0.0,0.0,0.0,0.0,0.0,0.0,66.0,0,120,58,54,65476,0,300,0,0,8,20529,65476,0,0,57672,80.0,0.0,0.0,0.0,0.0,0.0
2026-06-18T02:26:09,ERR,ERR,ERR,ERR,ERR,ERR,ERR,ERR,ERR,ERR,ERR,ERR,ERR,ERR,ERR,ERR,ERR,ERR,ERR,ERR,ERR,ERR,ERR,ERR,ERR,ERR,ERR,ERR,ERR,ERR,ERR,ERR,ERR,ERR,ERR,ERR,ERR,ERR,ERR,ERR,ERR,ERR,ERR,ERR,ERR,ERR,ERR,ERR,ERR,ERR,ERR,ERR,ERR,ERR,ERR,ERR,ERR,ERR,ERR,ERR,ERR,ERR,ERR,ERR,ERR,ERR,ERR,ERR,ERR,ERR,ERR,ERR,ERR,ERR,ERR,ERR,ERR,ERR,ERR,ERR,ERR,ERR,ERR,ERR,ERR,ERR,ERR,ERR,ERR,ERR,ERR,ERR,ERR,ERR,ERR,ERR,ERR,ERR,ERR,ERR,ERR,ERR,ERR,ERR,ERR,ERR,ERR,ERR,ERR,ERR,ERR,ERR,ERR,ERR,ERR,ERR,ERR,ERR,ERR,ERR,ERR,ERR,ERR,ERR,ERR,-0.0,2.718431101732002e+23,-0.0,-0.0,0.0,1.3936040501711995e+18,7.805,2.395,0,0,4,48929,6720,14723890282496.0,100,0.0,0.0,0.0,-4.9501291711397626e+32,0.0,0,0,0,0,0.0,0,0,0,0,0,0,0,0,0,0,0,0,0,0,0,0,0,0,0,0,0,0,0,0,0,0,0,0,0,0,0,0,0,26,51,50,76,65476,0,300,0,0,8,21553,0.0,-107605600.0,0.0,0.0,0.0,0.0,0.0,0.0,0.0,0.0,0.0,0.0,0.0,0.0,0.0,0.0,0.0,0.0,0.0,0.0,0.0,0.0,0.0,-0.0,0.0,2.004,0.0,0.0,0.0,0.0,4755.0,-2.4229855986892726e+24,7294.0,-0.0,2.718431101732002e+23,-107615360.0,0.0,0.0,0.0,0.0,0.0,77,107615360.0,-0.0,0.0,0.0,0.0,0.0,0.0,0.0,0.0,0,0,0,0.0,0.0,0.0,0.0,0.0,0.0,0.0,0.0,0.0,0.0,0.0,0.0,0.0,0.0,0.0,0.0,0,-107875648.0,77,0.0,154,0.0,-0.0,ERR,ERR,ERR,ERR,ERR,ERR,ERR,ERR,ERR,ERR,ERR,ERR,ERR,ERR,ERR,ERR,ERR,ERR,ERR,ERR,ERR,ERR,ERR,ERR,ERR,ERR,ERR,ERR,ERR,ERR,ERR,ERR,ERR,ERR,ERR,ERR,ERR,ERR,ERR,ERR,ERR,ERR,ERR,ERR,ERR,ERR,ERR,ERR,ERR,ERR,ERR,ERR,ERR,ERR,ERR,ERR,ERR,ERR,ERR,ERR,ERR,ERR,ERR,ERR,ERR,ERR,ERR,34.0,80.0,35,0.0,0.0,0.0,0.0,0.0,0.0,0.0,0.0,0.0,0.0,0.0,0.0,0.0,0.0,0.0,0.0,66.0,0,120,58,54,65476,0,300,0,0,8,20529,65476,0,0,57672,80.0,0.0,0.0,0.0,0.0,0.0
2026-06-18T02:26:10,ERR,ERR,ERR,ERR,ERR,ERR,ERR,ERR,ERR,ERR,ERR,ERR,ERR,ERR,ERR,ERR,ERR,ERR,ERR,ERR,ERR,ERR,ERR,ERR,ERR,ERR,ERR,ERR,ERR,ERR,ERR,ERR,ERR,ERR,ERR,ERR,ERR,ERR,ERR,ERR,ERR,ERR,ERR,ERR,ERR,ERR,ERR,ERR,ERR,ERR,ERR,ERR,ERR,ERR,ERR,ERR,ERR,ERR,ERR,ERR,ERR,ERR,ERR,ERR,ERR,ERR,ERR,ERR,ERR,ERR,ERR,ERR,ERR,ERR,ERR,ERR,ERR,ERR,ERR,ERR,ERR,ERR,ERR,ERR,ERR,ERR,ERR,ERR,ERR,ERR,ERR,ERR,ERR,ERR,ERR,ERR,ERR,ERR,ERR,ERR,ERR,ERR,ERR,ERR,ERR,ERR,ERR,ERR,ERR,ERR,ERR,ERR,ERR,ERR,ERR,ERR,ERR,ERR,ERR,ERR,ERR,ERR,ERR,ERR,ERR,-0.0,2.718431101732002e+23,-0.0,-0.0,0.0,1.3936040501711995e+18,7.805,2.395,0,0,4,48929,6720,14723890282496.0,100,0.0,0.0,0.0,-4.9501291711397626e+32,0.0,0,0,0,0,0.0,0,0,0,0,0,0,0,0,0,0,0,0,0,0,0,0,0,0,0,0,0,0,0,0,0,0,0,0,0,0,0,0,0,26,51,50,76,65476,0,300,0,0,8,21553,0.0,-107605600.0,0.0,0.0,0.0,0.0,0.0,0.0,0.0,0.0,0.0,0.0,0.0,0.0,0.0,0.0,0.0,0.0,0.0,0.0,0.0,0.0,0.0,-0.0,0.0,2.004,0.0,0.0,0.0,0.0,4755.0,-2.4229855986892726e+24,7294.0,-0.0,2.718431101732002e+23,-107615360.0,0.0,0.0,0.0,0.0,0.0,77,107615360.0,-0.0,0.0,0.0,0.0,0.0,0.0,0.0,0.0,0,0,0,0.0,0.0,0.0,0.0,0.0,0.0,0.0,0.0,0.0,0.0,0.0,0.0,0.0,0.0,0.0,0.0,0,-107875648.0,77,0.0,154,0.0,-0.0,ERR,ERR,ERR,ERR,ERR,ERR,ERR,ERR,ERR,ERR,ERR,ERR,ERR,ERR,ERR,ERR,ERR,ERR,ERR,ERR,ERR,ERR,ERR,ERR,ERR,ERR,ERR,ERR,ERR,ERR,ERR,ERR,ERR,ERR,ERR,ERR,ERR,ERR,ERR,ERR,ERR,ERR,ERR,ERR,ERR,ERR,ERR,ERR,ERR,ERR,ERR,ERR,ERR,ERR,ERR,ERR,ERR,ERR,ERR,ERR,ERR,ERR,ERR,ERR,ERR,ERR,ERR,34.0,80.0,35,0.0,0.0,0.0,0.0,0.0,0.0,0.0,0.0,0.0,0.0,0.0,0.0,0.0,0.0,0.0,0.0,66.0,0,120,58,54,65476,0,300,0,0,8,20529,65476,0,0,57672,80.0,0.0,0.0,0.0,0.0,0.0
2026-06-18T02:26:11,ERR,ERR,ERR,ERR,ERR,ERR,ERR,ERR,ERR,ERR,ERR,ERR,ERR,ERR,ERR,ERR,ERR,ERR,ERR,ERR,ERR,ERR,ERR,ERR,ERR,ERR,ERR,ERR,ERR,ERR,ERR,ERR,ERR,ERR,ERR,ERR,ERR,ERR,ERR,ERR,ERR,ERR,ERR,ERR,ERR,ERR,ERR,ERR,ERR,ERR,ERR,ERR,ERR,ERR,ERR,ERR,ERR,ERR,ERR,ERR,ERR,ERR,ERR,ERR,ERR,ERR,ERR,ERR,ERR,ERR,ERR,ERR,ERR,ERR,ERR,ERR,ERR,ERR,ERR,ERR,ERR,ERR,ERR,ERR,ERR,ERR,ERR,ERR,ERR,ERR,ERR,ERR,ERR,ERR,ERR,ERR,ERR,ERR,ERR,ERR,ERR,ERR,ERR,ERR,ERR,ERR,ERR,ERR,ERR,ERR,ERR,ERR,ERR,ERR,ERR,ERR,ERR,ERR,ERR,ERR,ERR,ERR,ERR,ERR,ERR,-0.0,2.718431101732002e+23,-0.0,-0.0,0.0,1.3936040501711995e+18,7.805,2.395,0,0,4,48929,6720,14723890282496.0,100,0.0,0.0,0.0,-4.9501291711397626e+32,0.0,0,0,0,0,0.0,0,0,0,0,0,0,0,0,0,0,0,0,0,0,0,0,0,0,0,0,0,0,0,0,0,0,0,0,0,0,0,0,0,26,51,50,76,65476,0,300,0,0,8,21553,0.0,-107605600.0,0.0,0.0,0.0,0.0,0.0,0.0,0.0,0.0,0.0,0.0,0.0,0.0,0.0,0.0,0.0,0.0,0.0,0.0,0.0,0.0,0.0,-0.0,0.0,2.004,0.0,0.0,0.0,0.0,4755.0,-2.4229855986892726e+24,7294.0,-0.0,2.718431101732002e+23,-107615360.0,0.0,0.0,0.0,0.0,0.0,77,107615360.0,-0.0,0.0,0.0,0.0,0.0,0.0,0.0,0.0,0,0,0,0.0,0.0,0.0,0.0,0.0,0.0,0.0,0.0,0.0,0.0,0.0,0.0,0.0,0.0,0.0,0.0,0,-107875648.0,77,0.0,154,0.0,-0.0,ERR,ERR,ERR,ERR,ERR,ERR,ERR,ERR,ERR,ERR,ERR,ERR,ERR,ERR,ERR,ERR,ERR,ERR,ERR,ERR,ERR,ERR,ERR,ERR,ERR,ERR,ERR,ERR,ERR,ERR,ERR,ERR,ERR,ERR,ERR,ERR,ERR,ERR,ERR,ERR,ERR,ERR,ERR,ERR,ERR,ERR,ERR,ERR,ERR,ERR,ERR,ERR,ERR,ERR,ERR,ERR,ERR,ERR,ERR,ERR,ERR,ERR,ERR,ERR,ERR,ERR,ERR,34.0,80.0,35,0.0,0.0,0.0,0.0,0.0,0.0,0.0,0.0,0.0,0.0,0.0,0.0,0.0,0.0,0.0,0.0,66.0,0,120,58,54,65476,0,300,0,0,8,20529,65476,0,0,57672,80.0,0.0,0.0,0.0,0.0,0.0
2026-06-18T02:26:12,ERR,ERR,ERR,ERR,ERR,ERR,ERR,ERR,ERR,ERR,ERR,ERR,ERR,ERR,ERR,ERR,ERR,ERR,ERR,ERR,ERR,ERR,ERR,ERR,ERR,ERR,ERR,ERR,ERR,ERR,ERR,ERR,ERR,ERR,ERR,ERR,ERR,ERR,ERR,ERR,ERR,ERR,ERR,ERR,ERR,ERR,ERR,ERR,ERR,ERR,ERR,ERR,ERR,ERR,ERR,ERR,ERR,ERR,ERR,ERR,ERR,ERR,ERR,ERR,ERR,ERR,ERR,ERR,ERR,ERR,ERR,ERR,ERR,ERR,ERR,ERR,ERR,ERR,ERR,ERR,ERR,ERR,ERR,ERR,ERR,ERR,ERR,ERR,ERR,ERR,ERR,ERR,ERR,ERR,ERR,ERR,ERR,ERR,ERR,ERR,ERR,ERR,ERR,ERR,ERR,ERR,ERR,ERR,ERR,ERR,ERR,ERR,ERR,ERR,ERR,ERR,ERR,ERR,ERR,ERR,ERR,ERR,ERR,ERR,ERR,-0.0,2.718431101732002e+23,-0.0,-0.0,0.0,1.3936040501711995e+18,7.805,2.395,0,0,4,48936,6720,14723890282496.0,100,0.0,0.0,0.0,-0.0,0.0,0,0,0,0,0.0,0,0,0,0,0,0,0,0,0,0,0,0,0,0,0,0,0,0,0,0,0,0,0,0,0,0,0,0,0,0,0,0,0,26,51,50,76,65476,0,300,0,0,8,21553,0.0,-107605600.0,0.0,0.0,0.0,0.0,0.0,0.0,0.0,0.0,0.0,0.0,0.0,0.0,0.0,0.0,0.0,0.0,0.0,0.0,0.0,0.0,0.0,-0.0,0.0,2.004,0.0,0.0,0.0,0.0,4755.0,-2.4229855986892726e+24,7293.0,-0.0,2.718431101732002e+23,-107615360.0,0.0,0.0,0.0,0.0,0.0,77,4.066880858845495e+29,-0.0,0.0,0.0,0.0,0.0,0.0,0.0,0.0,0,0,0,0.0,0.0,0.0,0.0,0.0,0.0,0.0,0.0,0.0,0.0,0.0,0.0,0.0,0.0,0.0,0.0,0,-107875648.0,77,0.0,154,0.0,-0.0,ERR,ERR,ERR,ERR,ERR,ERR,ERR,ERR,ERR,ERR,ERR,ERR,ERR,ERR,ERR,ERR,ERR,ERR,ERR,ERR,ERR,ERR,ERR,ERR,ERR,ERR,ERR,ERR,ERR,ERR,ERR,ERR,ERR,ERR,ERR,ERR,ERR,ERR,ERR,ERR,ERR,ERR,ERR,ERR,ERR,ERR,ERR,ERR,ERR,ERR,ERR,ERR,ERR,ERR,ERR,ERR,ERR,ERR,ERR,ERR,ERR,ERR,ERR,ERR,ERR,ERR,ERR,34.0,80.0,35,0.0,0.0,0.0,0.0,0.0,0.0,0.0,0.0,0.0,0.0,0.0,0.0,0.0,0.0,0.0,0.0,66.0,0,120,58,54,65476,0,300,0,0,8,20529,65476,0,0,57672,80.0,0.0,0.0,0.0,0.0,0.0
2026-06-18T02:26:13,ERR,ERR,ERR,ERR,ERR,ERR,ERR,ERR,ERR,ERR,ERR,ERR,ERR,ERR,ERR,ERR,ERR,ERR,ERR,ERR,ERR,ERR,ERR,ERR,ERR,ERR,ERR,ERR,ERR,ERR,ERR,ERR,ERR,ERR,ERR,ERR,ERR,ERR,ERR,ERR,ERR,ERR,ERR,ERR,ERR,ERR,ERR,ERR,ERR,ERR,ERR,ERR,ERR,ERR,ERR,ERR,ERR,ERR,ERR,ERR,ERR,ERR,ERR,ERR,ERR,ERR,ERR,ERR,ERR,ERR,ERR,ERR,ERR,ERR,ERR,ERR,ERR,ERR,ERR,ERR,ERR,ERR,ERR,ERR,ERR,ERR,ERR,ERR,ERR,ERR,ERR,ERR,ERR,ERR,ERR,ERR,ERR,ERR,ERR,ERR,ERR,ERR,ERR,ERR,ERR,ERR,ERR,ERR,ERR,ERR,ERR,ERR,ERR,ERR,ERR,ERR,ERR,ERR,ERR,ERR,ERR,ERR,ERR,ERR,ERR,-0.0,2.718431101732002e+23,-0.0,-0.0,0.0,1.3936040501711995e+18,7.805,2.395,0,0,4,48936,6720,14723890282496.0,100,0.0,0.0,0.0,-0.0,0.0,0,0,0,0,0.0,0,0,0,0,0,0,0,0,0,0,0,0,0,0,0,0,0,0,0,0,0,0,0,0,0,0,0,0,0,0,0,0,0,26,51,50,76,65476,0,300,0,0,8,21553,0.0,-107605600.0,0.0,0.0,0.0,0.0,0.0,0.0,0.0,0.0,0.0,0.0,0.0,0.0,0.0,0.0,0.0,0.0,0.0,0.0,0.0,0.0,0.0,-0.0,0.0,2.004,0.0,0.0,0.0,0.0,4755.0,-2.4229855986892726e+24,7293.0,-0.0,2.718431101732002e+23,-107615360.0,0.0,0.0,0.0,0.0,0.0,77,4.066880858845495e+29,-0.0,0.0,0.0,0.0,0.0,0.0,0.0,0.0,0,0,0,0.0,0.0,0.0,0.0,0.0,0.0,0.0,0.0,0.0,0.0,0.0,0.0,0.0,0.0,0.0,0.0,0,-107875648.0,77,0.0,154,0.0,-0.0,ERR,ERR,ERR,ERR,ERR,ERR,ERR,ERR,ERR,ERR,ERR,ERR,ERR,ERR,ERR,ERR,ERR,ERR,ERR,ERR,ERR,ERR,ERR,ERR,ERR,ERR,ERR,ERR,ERR,ERR,ERR,ERR,ERR,ERR,ERR,ERR,ERR,ERR,ERR,ERR,ERR,ERR,ERR,ERR,ERR,ERR,ERR,ERR,ERR,ERR,ERR,ERR,ERR,ERR,ERR,ERR,ERR,ERR,ERR,ERR,ERR,ERR,ERR,ERR,ERR,ERR,ERR,34.0,80.0,35,0.0,0.0,0.0,0.0,0.0,0.0,0.0,0.0,0.0,0.0,0.0,0.0,0.0,0.0,0.0,0.0,66.4,0,120,58,54,65476,0,300,0,0,8,20529,65476,0,0,57672,80.0,0.0,0.0,0.0,0.0,0.0
2026-06-18T02:26:14,ERR,ERR,ERR,ERR,ERR,ERR,ERR,ERR,ERR,ERR,ERR,ERR,ERR,ERR,ERR,ERR,ERR,ERR,ERR,ERR,ERR,ERR,ERR,ERR,ERR,ERR,ERR,ERR,ERR,ERR,ERR,ERR,ERR,ERR,ERR,ERR,ERR,ERR,ERR,ERR,ERR,ERR,ERR,ERR,ERR,ERR,ERR,ERR,ERR,ERR,ERR,ERR,ERR,ERR,ERR,ERR,ERR,ERR,ERR,ERR,ERR,ERR,ERR,ERR,ERR,ERR,ERR,ERR,ERR,ERR,ERR,ERR,ERR,ERR,ERR,ERR,ERR,ERR,ERR,ERR,ERR,ERR,ERR,ERR,ERR,ERR,ERR,ERR,ERR,ERR,ERR,ERR,ERR,ERR,ERR,ERR,ERR,ERR,ERR,ERR,ERR,ERR,ERR,ERR,ERR,ERR,ERR,ERR,ERR,ERR,ERR,ERR,ERR,ERR,ERR,ERR,ERR,ERR,ERR,ERR,ERR,ERR,ERR,ERR,ERR,-0.0,2.718431101732002e+23,-0.0,-0.0,0.0,1.3936040501711995e+18,7.805,2.395,0,0,4,48936,6720,14723890282496.0,100,0.0,0.0,0.0,-0.0,0.0,0,0,0,0,0.0,0,0,0,0,0,0,0,0,0,0,0,0,0,0,0,0,0,0,0,0,0,0,0,0,0,0,0,0,0,0,0,0,0,26,51,50,76,65476,0,300,0,0,8,21553,0.0,-107605600.0,0.0,0.0,0.0,0.0,0.0,0.0,0.0,0.0,0.0,0.0,0.0,0.0,0.0,0.0,0.0,0.0,0.0,0.0,0.0,0.0,0.0,-0.0,0.0,2.004,0.0,0.0,0.0,0.0,4755.0,-2.4229855986892726e+24,7293.0,-0.0,2.718431101732002e+23,-107615360.0,0.0,0.0,0.0,0.0,0.0,77,4.066880858845495e+29,-0.0,0.0,0.0,0.0,0.0,0.0,0.0,0.0,0,0,0,0.0,0.0,0.0,0.0,0.0,0.0,0.0,0.0,0.0,0.0,0.0,0.0,0.0,0.0,0.0,0.0,0,-107875648.0,77,0.0,154,0.0,-0.0,ERR,ERR,ERR,ERR,ERR,ERR,ERR,ERR,ERR,ERR,ERR,ERR,ERR,ERR,ERR,ERR,ERR,ERR,ERR,ERR,ERR,ERR,ERR,ERR,ERR,ERR,ERR,ERR,ERR,ERR,ERR,ERR,ERR,ERR,ERR,ERR,ERR,ERR,ERR,ERR,ERR,ERR,ERR,ERR,ERR,ERR,ERR,ERR,ERR,ERR,ERR,ERR,ERR,ERR,ERR,ERR,ERR,ERR,ERR,ERR,ERR,ERR,ERR,ERR,ERR,ERR,ERR,34.0,80.0,35,0.0,0.0,0.0,0.0,0.0,0.0,0.0,0.0,0.0,0.0,0.0,0.0,0.0,0.0,0.0,0.0,66.4,0,120,58,54,65476,0,300,0,0,8,20529,65476,0,0,57672,80.0,0.0,0.0,0.0,0.0,0.0
2026-06-18T02:26:15,ERR,ERR,ERR,ERR,ERR,ERR,ERR,ERR,ERR,ERR,ERR,ERR,ERR,ERR,ERR,ERR,ERR,ERR,ERR,ERR,ERR,ERR,ERR,ERR,ERR,ERR,ERR,ERR,ERR,ERR,ERR,ERR,ERR,ERR,ERR,ERR,ERR,ERR,ERR,ERR,ERR,ERR,ERR,ERR,ERR,ERR,ERR,ERR,ERR,ERR,ERR,ERR,ERR,ERR,ERR,ERR,ERR,ERR,ERR,ERR,ERR,ERR,ERR,ERR,ERR,ERR,ERR,ERR,ERR,ERR,ERR,ERR,ERR,ERR,ERR,ERR,ERR,ERR,ERR,ERR,ERR,ERR,ERR,ERR,ERR,ERR,ERR,ERR,ERR,ERR,ERR,ERR,ERR,ERR,ERR,ERR,ERR,ERR,ERR,ERR,ERR,ERR,ERR,ERR,ERR,ERR,ERR,ERR,ERR,ERR,ERR,ERR,ERR,ERR,ERR,ERR,ERR,ERR,ERR,ERR,ERR,ERR,ERR,ERR,ERR,-0.0,2.718431101732002e+23,-0.0,-0.0,0.0,1.3936040501711995e+18,7.805,2.395,0,0,4,48936,6720,14723890282496.0,100,0.0,0.0,0.0,-0.0,0.0,0,0,0,0,0.0,0,0,0,0,0,0,0,0,0,0,0,0,0,0,0,0,0,0,0,0,0,0,0,0,0,0,0,0,0,0,0,0,0,26,51,50,76,65476,0,300,0,0,8,21553,0.0,-107605600.0,0.0,0.0,0.0,0.0,0.0,0.0,0.0,0.0,0.0,0.0,0.0,0.0,0.0,0.0,0.0,0.0,0.0,0.0,0.0,0.0,0.0,-0.0,0.0,2.004,0.0,0.0,0.0,0.0,4755.0,-2.4229855986892726e+24,7293.0,-0.0,2.718431101732002e+23,-107615360.0,0.0,0.0,0.0,0.0,0.0,77,4.066880858845495e+29,-0.0,0.0,0.0,0.0,0.0,0.0,0.0,0.0,0,0,0,0.0,0.0,0.0,0.0,0.0,0.0,0.0,0.0,0.0,0.0,0.0,0.0,0.0,0.0,0.0,0.0,0,-107875648.0,77,0.0,154,0.0,-0.0,ERR,ERR,ERR,ERR,ERR,ERR,ERR,ERR,ERR,ERR,ERR,ERR,ERR,ERR,ERR,ERR,ERR,ERR,ERR,ERR,ERR,ERR,ERR,ERR,ERR,ERR,ERR,ERR,ERR,ERR,ERR,ERR,ERR,ERR,ERR,ERR,ERR,ERR,ERR,ERR,ERR,ERR,ERR,ERR,ERR,ERR,ERR,ERR,ERR,ERR,ERR,ERR,ERR,ERR,ERR,ERR,ERR,ERR,ERR,ERR,ERR,ERR,ERR,ERR,ERR,ERR,ERR,34.0,80.0,35,0.0,0.0,0.0,0.0,0.0,0.0,0.0,0.0,0.0,0.0,0.0,0.0,0.0,0.0,0.0,0.0,66.0,0,120,58,54,65476,0,300,0,0,8,20529,65476,0,0,57672,80.0,0.0,0.0,0.0,0.0,0.0
2026-06-18T02:26:16,ERR,ERR,ERR,ERR,ERR,ERR,ERR,ERR,ERR,ERR,ERR,ERR,ERR,ERR,ERR,ERR,ERR,ERR,ERR,ERR,ERR,ERR,ERR,ERR,ERR,ERR,ERR,ERR,ERR,ERR,ERR,ERR,ERR,ERR,ERR,ERR,ERR,ERR,ERR,ERR,ERR,ERR,ERR,ERR,ERR,ERR,ERR,ERR,ERR,ERR,ERR,ERR,ERR,ERR,ERR,ERR,ERR,ERR,ERR,ERR,ERR,ERR,ERR,ERR,ERR,ERR,ERR,ERR,ERR,ERR,ERR,ERR,ERR,ERR,ERR,ERR,ERR,ERR,ERR,ERR,ERR,ERR,ERR,ERR,ERR,ERR,ERR,ERR,ERR,ERR,ERR,ERR,ERR,ERR,ERR,ERR,ERR,ERR,ERR,ERR,ERR,ERR,ERR,ERR,ERR,ERR,ERR,ERR,ERR,ERR,ERR,ERR,ERR,ERR,ERR,ERR,ERR,ERR,ERR,ERR,ERR,ERR,ERR,ERR,ERR,-0.0,2.718431101732002e+23,-0.0,-0.0,0.0,1.3936040501711995e+18,7.805,2.395,0,0,4,48936,6720,14723890282496.0,100,0.0,0.0,0.0,-0.0,0.0,0,0,0,0,0.0,0,0,0,0,0,0,0,0,0,0,0,0,0,0,0,0,0,0,0,0,0,0,0,0,0,0,0,0,0,0,0,0,0,26,51,50,76,65476,0,300,0,0,8,21553,0.0,-107605600.0,0.0,0.0,0.0,0.0,0.0,0.0,0.0,0.0,0.0,0.0,0.0,0.0,0.0,0.0,0.0,0.0,0.0,0.0,0.0,0.0,0.0,-0.0,0.0,2.004,0.0,0.0,0.0,0.0,4755.0,-2.4229855986892726e+24,7293.0,-0.0,2.718431101732002e+23,-107615360.0,0.0,0.0,0.0,0.0,0.0,77,4.066880858845495e+29,-0.0,0.0,0.0,0.0,0.0,0.0,0.0,0.0,0,0,0,0.0,0.0,0.0,0.0,0.0,0.0,0.0,0.0,0.0,0.0,0.0,0.0,0.0,0.0,0.0,0.0,0,-107875648.0,77,0.0,154,0.0,-0.0,ERR,ERR,ERR,ERR,ERR,ERR,ERR,ERR,ERR,ERR,ERR,ERR,ERR,ERR,ERR,ERR,ERR,ERR,ERR,ERR,ERR,ERR,ERR,ERR,ERR,ERR,ERR,ERR,ERR,ERR,ERR,ERR,ERR,ERR,ERR,ERR,ERR,ERR,ERR,ERR,ERR,ERR,ERR,ERR,ERR,ERR,ERR,ERR,ERR,ERR,ERR,ERR,ERR,ERR,ERR,ERR,ERR,ERR,ERR,ERR,ERR,ERR,ERR,ERR,ERR,ERR,ERR,34.0,80.0,35,0.0,0.0,0.0,0.0,0.0,0.0,0.0,0.0,0.0,0.0,0.0,0.0,0.0,0.0,0.0,0.0,66.0,0,120,58,54,65476,0,300,0,0,8,20529,65476,0,0,57672,80.0,0.0,0.0,0.0,0.0,0.0
2026-06-18T02:26:17,ERR,ERR,ERR,ERR,ERR,ERR,ERR,ERR,ERR,ERR,ERR,ERR,ERR,ERR,ERR,ERR,ERR,ERR,ERR,ERR,ERR,ERR,ERR,ERR,ERR,ERR,ERR,ERR,ERR,ERR,ERR,ERR,ERR,ERR,ERR,ERR,ERR,ERR,ERR,ERR,ERR,ERR,ERR,ERR,ERR,ERR,ERR,ERR,ERR,ERR,ERR,ERR,ERR,ERR,ERR,ERR,ERR,ERR,ERR,ERR,ERR,ERR,ERR,ERR,ERR,ERR,ERR,ERR,ERR,ERR,ERR,ERR,ERR,ERR,ERR,ERR,ERR,ERR,ERR,ERR,ERR,ERR,ERR,ERR,ERR,ERR,ERR,ERR,ERR,ERR,ERR,ERR,ERR,ERR,ERR,ERR,ERR,ERR,ERR,ERR,ERR,ERR,ERR,ERR,ERR,ERR,ERR,ERR,ERR,ERR,ERR,ERR,ERR,ERR,ERR,ERR,ERR,ERR,ERR,ERR,ERR,ERR,ERR,ERR,ERR,-0.0,2.718431101732002e+23,-0.0,0.0,0.0,1.3936040501711995e+18,7.805,237259152.0,0,0,4,48929,6720,14723890282496.0,100,0.0,0.0,0.0,0.0,0.0,0,0,0,0,0.0,0,0,0,0,0,0,0,0,0,0,0,0,0,0,0,0,0,0,0,0,0,0,0,0,0,0,0,0,0,0,0,0,0,26,51,50,76,65476,0,300,0,0,8,21553,0.0,-107605600.0,0.0,0.0,0.0,0.0,0.0,0.0,0.0,0.0,0.0,0.0,0.0,0.0,0.0,0.0,0.0,0.0,0.0,0.0,0.0,0.0,0.0,-0.0,0.0,2.004,0.0,0.0,0.0,0.0,4756.0,-1.0406643905049406e+34,7295.0,-0.0,2.718431101732002e+23,-107615360.0,0.0,0.0,0.0,0.0,0.0,77,2.7184303811560617e+23,-0.0,0.0,0.0,0.0,0.0,0.0,0.0,0.0,0,0,0,0.0,0.0,0.0,0.0,0.0,0.0,0.0,0.0,0.0,0.0,0.0,0.0,0.0,0.0,0.0,0.0,0,-107875648.0,77,0.0,154,0.0,-0.0,ERR,ERR,ERR,ERR,ERR,ERR,ERR,ERR,ERR,ERR,ERR,ERR,ERR,ERR,ERR,ERR,ERR,ERR,ERR,ERR,ERR,ERR,ERR,ERR,ERR,ERR,ERR,ERR,ERR,ERR,ERR,ERR,ERR,ERR,ERR,ERR,ERR,ERR,ERR,ERR,ERR,ERR,ERR,ERR,ERR,ERR,ERR,ERR,ERR,ERR,ERR,ERR,ERR,ERR,ERR,ERR,ERR,ERR,ERR,ERR,ERR,ERR,ERR,ERR,ERR,ERR,ERR,34.0,80.0,35,0.0,0.0,0.0,0.0,0.0,0.0,0.0,0.0,0.0,0.0,0.0,0.0,0.0,0.0,0.0,0.0,66.0,0,120,58,54,65476,0,300,0,0,8,20529,65476,0,0,57672,80.0,0.0,0.0,0.0,0.0,0.0
2026-06-18T02:26:18,ERR,ERR,ERR,ERR,ERR,ERR,ERR,ERR,ERR,ERR,ERR,ERR,ERR,ERR,ERR,ERR,ERR,ERR,ERR,ERR,ERR,ERR,ERR,ERR,ERR,ERR,ERR,ERR,ERR,ERR,ERR,ERR,ERR,ERR,ERR,ERR,ERR,ERR,ERR,ERR,ERR,ERR,ERR,ERR,ERR,ERR,ERR,ERR,ERR,ERR,ERR,ERR,ERR,ERR,ERR,ERR,ERR,ERR,ERR,ERR,ERR,ERR,ERR,ERR,ERR,ERR,ERR,ERR,ERR,ERR,ERR,ERR,ERR,ERR,ERR,ERR,ERR,ERR,ERR,ERR,ERR,ERR,ERR,ERR,ERR,ERR,ERR,ERR,ERR,ERR,ERR,ERR,ERR,ERR,ERR,ERR,ERR,ERR,ERR,ERR,ERR,ERR,ERR,ERR,ERR,ERR,ERR,ERR,ERR,ERR,ERR,ERR,ERR,ERR,ERR,ERR,ERR,ERR,ERR,ERR,ERR,ERR,ERR,ERR,ERR,-0.0,2.718431101732002e+23,-0.0,0.0,0.0,1.3936040501711995e+18,7.805,237259152.0,0,0,4,48929,6720,14723890282496.0,100,0.0,0.0,0.0,0.0,0.0,0,0,0,0,0.0,0,0,0,0,0,0,0,0,0,0,0,0,0,0,0,0,0,0,0,0,0,0,0,0,0,0,0,0,0,0,0,0,0,26,51,50,76,65476,0,300,0,0,8,21553,0.0,-107605600.0,0.0,0.0,0.0,0.0,0.0,0.0,0.0,0.0,0.0,0.0,0.0,0.0,0.0,0.0,0.0,0.0,0.0,0.0,0.0,0.0,0.0,-0.0,0.0,2.004,0.0,0.0,0.0,0.0,4756.0,-1.0406643905049406e+34,7295.0,-0.0,2.718431101732002e+23,-107615360.0,0.0,0.0,0.0,0.0,0.0,77,2.7184303811560617e+23,-0.0,0.0,0.0,0.0,0.0,0.0,0.0,0.0,0,0,0,0.0,0.0,0.0,0.0,0.0,0.0,0.0,0.0,0.0,0.0,0.0,0.0,0.0,0.0,0.0,0.0,0,-107875648.0,77,0.0,154,0.0,-0.0,ERR,ERR,ERR,ERR,ERR,ERR,ERR,ERR,ERR,ERR,ERR,ERR,ERR,ERR,ERR,ERR,ERR,ERR,ERR,ERR,ERR,ERR,ERR,ERR,ERR,ERR,ERR,ERR,ERR,ERR,ERR,ERR,ERR,ERR,ERR,ERR,ERR,ERR,ERR,ERR,ERR,ERR,ERR,ERR,ERR,ERR,ERR,ERR,ERR,ERR,ERR,ERR,ERR,ERR,ERR,ERR,ERR,ERR,ERR,ERR,ERR,ERR,ERR,ERR,ERR,ERR,ERR,34.0,80.0,35,0.0,0.0,0.0,0.0,0.0,0.0,0.0,0.0,0.0,0.0,0.0,0.0,0.0,0.0,0.0,0.0,66.0,0,120,58,54,65476,0,300,0,0,8,20529,65476,0,0,57672,80.0,0.0,0.0,0.0,0.0,0.0
2026-06-18T02:26:19,ERR,ERR,ERR,ERR,ERR,ERR,ERR,ERR,ERR,ERR,ERR,ERR,ERR,ERR,ERR,ERR,ERR,ERR,ERR,ERR,ERR,ERR,ERR,ERR,ERR,ERR,ERR,ERR,ERR,ERR,ERR,ERR,ERR,ERR,ERR,ERR,ERR,ERR,ERR,ERR,ERR,ERR,ERR,ERR,ERR,ERR,ERR,ERR,ERR,ERR,ERR,ERR,ERR,ERR,ERR,ERR,ERR,ERR,ERR,ERR,ERR,ERR,ERR,ERR,ERR,ERR,ERR,ERR,ERR,ERR,ERR,ERR,ERR,ERR,ERR,ERR,ERR,ERR,ERR,ERR,ERR,ERR,ERR,ERR,ERR,ERR,ERR,ERR,ERR,ERR,ERR,ERR,ERR,ERR,ERR,ERR,ERR,ERR,ERR,ERR,ERR,ERR,ERR,ERR,ERR,ERR,ERR,ERR,ERR,ERR,ERR,ERR,ERR,ERR,ERR,ERR,ERR,ERR,ERR,ERR,ERR,ERR,ERR,ERR,ERR,-0.0,2.718431101732002e+23,-0.0,0.0,0.0,1.3936040501711995e+18,7.805,237259152.0,0,0,4,48929,6720,14723890282496.0,100,0.0,0.0,0.0,0.0,0.0,0,0,0,0,0.0,0,0,0,0,0,0,0,0,0,0,0,0,0,0,0,0,0,0,0,0,0,0,0,0,0,0,0,0,0,0,0,0,0,26,51,50,76,65476,0,300,0,0,8,21553,0.0,-107605600.0,0.0,0.0,0.0,0.0,0.0,0.0,0.0,0.0,0.0,0.0,0.0,0.0,0.0,0.0,0.0,0.0,0.0,0.0,0.0,0.0,0.0,-0.0,0.0,2.004,0.0,0.0,0.0,0.0,4756.0,-1.0406643905049406e+34,7295.0,-0.0,2.718431101732002e+23,-107615360.0,0.0,0.0,0.0,0.0,0.0,77,2.7184303811560617e+23,-0.0,0.0,0.0,0.0,0.0,0.0,0.0,0.0,0,0,0,0.0,0.0,0.0,0.0,0.0,0.0,0.0,0.0,0.0,0.0,0.0,0.0,0.0,0.0,0.0,0.0,0,-107875648.0,77,0.0,154,0.0,-0.0,ERR,ERR,ERR,ERR,ERR,ERR,ERR,ERR,ERR,ERR,ERR,ERR,ERR,ERR,ERR,ERR,ERR,ERR,ERR,ERR,ERR,ERR,ERR,ERR,ERR,ERR,ERR,ERR,ERR,ERR,ERR,ERR,ERR,ERR,ERR,ERR,ERR,ERR,ERR,ERR,ERR,ERR,ERR,ERR,ERR,ERR,ERR,ERR,ERR,ERR,ERR,ERR,ERR,ERR,ERR,ERR,ERR,ERR,ERR,ERR,ERR,ERR,ERR,ERR,ERR,ERR,ERR,34.0,80.0,35,0.0,0.0,0.0,0.0,0.0,0.0,0.0,0.0,0.0,0.0,0.0,0.0,0.0,0.0,0.0,0.0,66.0,0,120,58,54,65476,0,300,0,0,8,20529,65476,0,0,57672,80.0,0.0,0.0,0.0,0.0,0.0
2026-06-18T02:26:20,ERR,ERR,ERR,ERR,ERR,ERR,ERR,ERR,ERR,ERR,ERR,ERR,ERR,ERR,ERR,ERR,ERR,ERR,ERR,ERR,ERR,ERR,ERR,ERR,ERR,ERR,ERR,ERR,ERR,ERR,ERR,ERR,ERR,ERR,ERR,ERR,ERR,ERR,ERR,ERR,ERR,ERR,ERR,ERR,ERR,ERR,ERR,ERR,ERR,ERR,ERR,ERR,ERR,ERR,ERR,ERR,ERR,ERR,ERR,ERR,ERR,ERR,ERR,ERR,ERR,ERR,ERR,ERR,ERR,ERR,ERR,ERR,ERR,ERR,ERR,ERR,ERR,ERR,ERR,ERR,ERR,ERR,ERR,ERR,ERR,ERR,ERR,ERR,ERR,ERR,ERR,ERR,ERR,ERR,ERR,ERR,ERR,ERR,ERR,ERR,ERR,ERR,ERR,ERR,ERR,ERR,ERR,ERR,ERR,ERR,ERR,ERR,ERR,ERR,ERR,ERR,ERR,ERR,ERR,ERR,ERR,ERR,ERR,ERR,ERR,-0.0,2.718431101732002e+23,-0.0,0.0,0.0,1.3936040501711995e+18,7.805,237259152.0,0,0,4,48929,6720,14723890282496.0,100,0.0,0.0,0.0,0.0,0.0,0,0,0,0,0.0,0,0,0,0,0,0,0,0,0,0,0,0,0,0,0,0,0,0,0,0,0,0,0,0,0,0,0,0,0,0,0,0,0,26,51,50,76,65476,0,300,0,0,8,21553,0.0,-107605600.0,0.0,0.0,0.0,0.0,0.0,0.0,0.0,0.0,0.0,0.0,0.0,0.0,0.0,0.0,0.0,0.0,0.0,0.0,0.0,0.0,0.0,-0.0,0.0,2.004,0.0,0.0,0.0,0.0,4756.0,-1.0406643905049406e+34,7295.0,-0.0,2.718431101732002e+23,-107615360.0,0.0,0.0,0.0,0.0,0.0,77,2.7184303811560617e+23,-0.0,0.0,0.0,0.0,0.0,0.0,0.0,0.0,0,0,0,0.0,0.0,0.0,0.0,0.0,0.0,0.0,0.0,0.0,0.0,0.0,0.0,0.0,0.0,0.0,0.0,0,-107875648.0,77,0.0,154,0.0,-0.0,ERR,ERR,ERR,ERR,ERR,ERR,ERR,ERR,ERR,ERR,ERR,ERR,ERR,ERR,ERR,ERR,ERR,ERR,ERR,ERR,ERR,ERR,ERR,ERR,ERR,ERR,ERR,ERR,ERR,ERR,ERR,ERR,ERR,ERR,ERR,ERR,ERR,ERR,ERR,ERR,ERR,ERR,ERR,ERR,ERR,ERR,ERR,ERR,ERR,ERR,ERR,ERR,ERR,ERR,ERR,ERR,ERR,ERR,ERR,ERR,ERR,ERR,ERR,ERR,ERR,ERR,ERR,34.0,80.0,35,0.0,0.0,0.0,0.0,0.0,0.0,0.0,0.0,0.0,0.0,0.0,0.0,0.0,0.0,0.0,0.0,66.0,0,120,58,54,65476,0,300,0,0,8,20529,65476,0,0,57672,80.0,0.0,0.0,0.0,0.0,0.0
2026-06-18T02:26:21,ERR,ERR,ERR,ERR,ERR,ERR,ERR,ERR,ERR,ERR,ERR,ERR,ERR,ERR,ERR,ERR,ERR,ERR,ERR,ERR,ERR,ERR,ERR,ERR,ERR,ERR,ERR,ERR,ERR,ERR,ERR,ERR,ERR,ERR,ERR,ERR,ERR,ERR,ERR,ERR,ERR,ERR,ERR,ERR,ERR,ERR,ERR,ERR,ERR,ERR,ERR,ERR,ERR,ERR,ERR,ERR,ERR,ERR,ERR,ERR,ERR,ERR,ERR,ERR,ERR,ERR,ERR,ERR,ERR,ERR,ERR,ERR,ERR,ERR,ERR,ERR,ERR,ERR,ERR,ERR,ERR,ERR,ERR,ERR,ERR,ERR,ERR,ERR,ERR,ERR,ERR,ERR,ERR,ERR,ERR,ERR,ERR,ERR,ERR,ERR,ERR,ERR,ERR,ERR,ERR,ERR,ERR,ERR,ERR,ERR,ERR,ERR,ERR,ERR,ERR,ERR,ERR,ERR,ERR,ERR,ERR,ERR,ERR,ERR,ERR,-0.0,2.718431101732002e+23,-0.0,0.0,0.0,1.3936040501711995e+18,7.805,237259152.0,0,0,4,48929,6720,14723890282496.0,100,0.0,0.0,0.0,0.0,0.0,0,0,0,0,0.0,0,0,0,0,0,0,0,0,0,0,0,0,0,0,0,0,0,0,0,0,0,0,0,0,0,0,0,0,0,0,0,0,0,26,51,50,76,65476,0,300,0,0,8,21553,0.0,-107605600.0,0.0,0.0,0.0,0.0,0.0,0.0,0.0,0.0,0.0,0.0,0.0,0.0,0.0,0.0,0.0,0.0,0.0,0.0,0.0,0.0,0.0,-0.0,0.0,2.004,0.0,0.0,0.0,0.0,4756.0,-1.0406643905049406e+34,7295.0,-0.0,2.718431101732002e+23,-107615360.0,0.0,0.0,0.0,0.0,0.0,77,2.7184303811560617e+23,-0.0,0.0,0.0,0.0,0.0,0.0,0.0,0.0,0,0,0,0.0,0.0,0.0,0.0,0.0,0.0,0.0,0.0,0.0,0.0,0.0,0.0,0.0,0.0,0.0,0.0,0,-107875648.0,77,0.0,154,0.0,-0.0,ERR,ERR,ERR,ERR,ERR,ERR,ERR,ERR,ERR,ERR,ERR,ERR,ERR,ERR,ERR,ERR,ERR,ERR,ERR,ERR,ERR,ERR,ERR,ERR,ERR,ERR,ERR,ERR,ERR,ERR,ERR,ERR,ERR,ERR,ERR,ERR,ERR,ERR,ERR,ERR,ERR,ERR,ERR,ERR,ERR,ERR,ERR,ERR,ERR,ERR,ERR,ERR,ERR,ERR,ERR,ERR,ERR,ERR,ERR,ERR,ERR,ERR,ERR,ERR,ERR,ERR,ERR,34.0,80.0,35,0.0,0.0,0.0,0.0,0.0,0.0,0.0,0.0,0.0,0.0,0.0,0.0,0.0,0.0,0.0,0.0,66.0,0,120,58,54,65476,0,300,0,0,8,20529,65476,0,0,57672,80.0,0.0,0.0,0.0,0.0,0.0
2026-06-18T02:26:22,ERR,ERR,ERR,ERR,ERR,ERR,ERR,ERR,ERR,ERR,ERR,ERR,ERR,ERR,ERR,ERR,ERR,ERR,ERR,ERR,ERR,ERR,ERR,ERR,ERR,ERR,ERR,ERR,ERR,ERR,ERR,ERR,ERR,ERR,ERR,ERR,ERR,ERR,ERR,ERR,ERR,ERR,ERR,ERR,ERR,ERR,ERR,ERR,ERR,ERR,ERR,ERR,ERR,ERR,ERR,ERR,ERR,ERR,ERR,ERR,ERR,ERR,ERR,ERR,ERR,ERR,ERR,ERR,ERR,ERR,ERR,ERR,ERR,ERR,ERR,ERR,ERR,ERR,ERR,ERR,ERR,ERR,ERR,ERR,ERR,ERR,ERR,ERR,ERR,ERR,ERR,ERR,ERR,ERR,ERR,ERR,ERR,ERR,ERR,ERR,ERR,ERR,ERR,ERR,ERR,ERR,ERR,ERR,ERR,ERR,ERR,ERR,ERR,ERR,ERR,ERR,ERR,ERR,ERR,ERR,ERR,ERR,ERR,ERR,ERR,-0.0,2.718431101732002e+23,-0.0,-0.0,0.0,1.3936040501711995e+18,7.805,2.3822341049942016e+16,0,0,4,48929,6720,14723890282496.0,100,0.0,0.0,0.0,-0.0,0.0,0,0,0,0,0.0,0,0,0,0,0,0,0,0,0,0,0,0,0,0,0,0,0,0,0,0,0,0,0,0,0,0,0,0,0,0,0,0,0,26,51,50,76,65476,0,300,0,0,8,21553,0.0,-107605600.0,0.0,0.0,0.0,0.0,0.0,0.0,0.0,0.0,0.0,0.0,0.0,0.0,0.0,0.0,0.0,0.0,0.0,0.0,0.0,0.0,0.0,-0.0,0.0,2.004,0.0,0.0,0.0,0.0,4755.0,-1.0406643905049406e+34,7295.0,-0.0,2.718431101732002e+23,-107615360.0,0.0,0.0,0.0,0.0,0.0,77,2.3088407177156624e+20,-0.0,0.0,0.0,0.0,0.0,0.0,0.0,0.0,0,0,0,0.0,0.0,0.0,0.0,0.0,0.0,0.0,0.0,0.0,0.0,0.0,0.0,0.0,0.0,0.0,0.0,0,-107875648.0,77,0.0,154,0.0,-0.0,ERR,ERR,ERR,ERR,ERR,ERR,ERR,ERR,ERR,ERR,ERR,ERR,ERR,ERR,ERR,ERR,ERR,ERR,ERR,ERR,ERR,ERR,ERR,ERR,ERR,ERR,ERR,ERR,ERR,ERR,ERR,ERR,ERR,ERR,ERR,ERR,ERR,ERR,ERR,ERR,ERR,ERR,ERR,ERR,ERR,ERR,ERR,ERR,ERR,ERR,ERR,ERR,ERR,ERR,ERR,ERR,ERR,ERR,ERR,ERR,ERR,ERR,ERR,ERR,ERR,ERR,ERR,34.0,80.0,35,0.0,0.0,0.0,0.0,0.0,0.0,0.0,0.0,0.0,0.0,0.0,0.0,0.0,0.0,0.0,0.0,66.0,0,120,58,54,65476,0,300,0,0,8,20529,65476,0,0,57672,80.0,0.0,0.0,0.0,0.0,0.0
2026-06-18T02:26:23,ERR,ERR,ERR,ERR,ERR,ERR,ERR,ERR,ERR,ERR,ERR,ERR,ERR,ERR,ERR,ERR,ERR,ERR,ERR,ERR,ERR,ERR,ERR,ERR,ERR,ERR,ERR,ERR,ERR,ERR,ERR,ERR,ERR,ERR,ERR,ERR,ERR,ERR,ERR,ERR,ERR,ERR,ERR,ERR,ERR,ERR,ERR,ERR,ERR,ERR,ERR,ERR,ERR,ERR,ERR,ERR,ERR,ERR,ERR,ERR,ERR,ERR,ERR,ERR,ERR,ERR,ERR,ERR,ERR,ERR,ERR,ERR,ERR,ERR,ERR,ERR,ERR,ERR,ERR,ERR,ERR,ERR,ERR,ERR,ERR,ERR,ERR,ERR,ERR,ERR,ERR,ERR,ERR,ERR,ERR,ERR,ERR,ERR,ERR,ERR,ERR,ERR,ERR,ERR,ERR,ERR,ERR,ERR,ERR,ERR,ERR,ERR,ERR,ERR,ERR,ERR,ERR,ERR,ERR,ERR,ERR,ERR,ERR,ERR,ERR,-0.0,2.718431101732002e+23,-0.0,-0.0,0.0,1.3936040501711995e+18,7.805,2.3822341049942016e+16,0,0,4,48929,6720,14723890282496.0,100,0.0,0.0,0.0,-0.0,0.0,0,0,0,0,0.0,0,0,0,0,0,0,0,0,0,0,0,0,0,0,0,0,0,0,0,0,0,0,0,0,0,0,0,0,0,0,0,0,0,26,51,50,76,65476,0,300,0,0,8,21553,0.0,-107605600.0,0.0,0.0,0.0,0.0,0.0,0.0,0.0,0.0,0.0,0.0,0.0,0.0,0.0,0.0,0.0,0.0,0.0,0.0,0.0,0.0,0.0,-0.0,0.0,2.004,0.0,0.0,0.0,0.0,4755.0,-1.0406643905049406e+34,7295.0,-0.0,2.718431101732002e+23,-107615360.0,0.0,0.0,0.0,0.0,0.0,77,2.3088407177156624e+20,-0.0,0.0,0.0,0.0,0.0,0.0,0.0,0.0,0,0,0,0.0,0.0,0.0,0.0,0.0,0.0,0.0,0.0,0.0,0.0,0.0,0.0,0.0,0.0,0.0,0.0,0,-107875648.0,77,0.0,154,0.0,-0.0,ERR,ERR,ERR,ERR,ERR,ERR,ERR,ERR,ERR,ERR,ERR,ERR,ERR,ERR,ERR,ERR,ERR,ERR,ERR,ERR,ERR,ERR,ERR,ERR,ERR,ERR,ERR,ERR,ERR,ERR,ERR,ERR,ERR,ERR,ERR,ERR,ERR,ERR,ERR,ERR,ERR,ERR,ERR,ERR,ERR,ERR,ERR,ERR,ERR,ERR,ERR,ERR,ERR,ERR,ERR,ERR,ERR,ERR,ERR,ERR,ERR,ERR,ERR,ERR,ERR,ERR,ERR,34.0,80.0,35,0.0,0.0,0.0,0.0,0.0,0.0,0.0,0.0,0.0,0.0,0.0,0.0,0.0,0.0,0.0,0.0,66.0,0,120,58,54,65476,0,300,0,0,8,20529,65476,0,0,57672,80.0,0.0,0.0,0.0,0.0,0.0
2026-06-18T02:26:24,ERR,ERR,ERR,ERR,ERR,ERR,ERR,ERR,ERR,ERR,ERR,ERR,ERR,ERR,ERR,ERR,ERR,ERR,ERR,ERR,ERR,ERR,ERR,ERR,ERR,ERR,ERR,ERR,ERR,ERR,ERR,ERR,ERR,ERR,ERR,ERR,ERR,ERR,ERR,ERR,ERR,ERR,ERR,ERR,ERR,ERR,ERR,ERR,ERR,ERR,ERR,ERR,ERR,ERR,ERR,ERR,ERR,ERR,ERR,ERR,ERR,ERR,ERR,ERR,ERR,ERR,ERR,ERR,ERR,ERR,ERR,ERR,ERR,ERR,ERR,ERR,ERR,ERR,ERR,ERR,ERR,ERR,ERR,ERR,ERR,ERR,ERR,ERR,ERR,ERR,ERR,ERR,ERR,ERR,ERR,ERR,ERR,ERR,ERR,ERR,ERR,ERR,ERR,ERR,ERR,ERR,ERR,ERR,ERR,ERR,ERR,ERR,ERR,ERR,ERR,ERR,ERR,ERR,ERR,ERR,ERR,ERR,ERR,ERR,ERR,-0.0,2.718431101732002e+23,-0.0,-0.0,0.0,1.3936040501711995e+18,7.805,2.3822341049942016e+16,0,0,4,48929,6720,14723890282496.0,100,0.0,0.0,0.0,-0.0,0.0,0,0,0,0,0.0,0,0,0,0,0,0,0,0,0,0,0,0,0,0,0,0,0,0,0,0,0,0,0,0,0,0,0,0,0,0,0,0,0,26,51,50,76,65476,0,300,0,0,8,21553,0.0,-107605600.0,0.0,0.0,0.0,0.0,0.0,0.0,0.0,0.0,0.0,0.0,0.0,0.0,0.0,0.0,0.0,0.0,0.0,0.0,0.0,0.0,0.0,-0.0,0.0,2.004,0.0,0.0,0.0,0.0,4755.0,-1.0406643905049406e+34,7295.0,-0.0,2.718431101732002e+23,-107615360.0,0.0,0.0,0.0,0.0,0.0,77,2.3088407177156624e+20,-0.0,0.0,0.0,0.0,0.0,0.0,0.0,0.0,0,0,0,0.0,0.0,0.0,0.0,0.0,0.0,0.0,0.0,0.0,0.0,0.0,0.0,0.0,0.0,0.0,0.0,0,-107875648.0,77,0.0,154,0.0,-0.0,ERR,ERR,ERR,ERR,ERR,ERR,ERR,ERR,ERR,ERR,ERR,ERR,ERR,ERR,ERR,ERR,ERR,ERR,ERR,ERR,ERR,ERR,ERR,ERR,ERR,ERR,ERR,ERR,ERR,ERR,ERR,ERR,ERR,ERR,ERR,ERR,ERR,ERR,ERR,ERR,ERR,ERR,ERR,ERR,ERR,ERR,ERR,ERR,ERR,ERR,ERR,ERR,ERR,ERR,ERR,ERR,ERR,ERR,ERR,ERR,ERR,ERR,ERR,ERR,ERR,ERR,ERR,34.0,80.0,35,0.0,0.0,0.0,0.0,0.0,0.0,0.0,0.0,0.0,0.0,0.0,0.0,0.0,0.0,0.0,0.0,66.0,0,120,58,54,65476,0,300,0,0,8,20529,65476,0,0,57672,80.0,0.0,0.0,0.0,0.0,0.0
2026-06-18T02:26:25,ERR,ERR,ERR,ERR,ERR,ERR,ERR,ERR,ERR,ERR,ERR,ERR,ERR,ERR,ERR,ERR,ERR,ERR,ERR,ERR,ERR,ERR,ERR,ERR,ERR,ERR,ERR,ERR,ERR,ERR,ERR,ERR,ERR,ERR,ERR,ERR,ERR,ERR,ERR,ERR,ERR,ERR,ERR,ERR,ERR,ERR,ERR,ERR,ERR,ERR,ERR,ERR,ERR,ERR,ERR,ERR,ERR,ERR,ERR,ERR,ERR,ERR,ERR,ERR,ERR,ERR,ERR,ERR,ERR,ERR,ERR,ERR,ERR,ERR,ERR,ERR,ERR,ERR,ERR,ERR,ERR,ERR,ERR,ERR,ERR,ERR,ERR,ERR,ERR,ERR,ERR,ERR,ERR,ERR,ERR,ERR,ERR,ERR,ERR,ERR,ERR,ERR,ERR,ERR,ERR,ERR,ERR,ERR,ERR,ERR,ERR,ERR,ERR,ERR,ERR,ERR,ERR,ERR,ERR,ERR,ERR,ERR,ERR,ERR,ERR,-0.0,2.718431101732002e+23,-0.0,-0.0,0.0,1.3936040501711995e+18,7.805,2.3822341049942016e+16,0,0,4,48929,6720,14723890282496.0,100,0.0,0.0,0.0,-0.0,0.0,0,0,0,0,0.0,0,0,0,0,0,0,0,0,0,0,0,0,0,0,0,0,0,0,0,0,0,0,0,0,0,0,0,0,0,0,0,0,0,26,51,50,76,65476,0,300,0,0,8,21553,0.0,-107605600.0,0.0,0.0,0.0,0.0,0.0,0.0,0.0,0.0,0.0,0.0,0.0,0.0,0.0,0.0,0.0,0.0,0.0,0.0,0.0,0.0,0.0,-0.0,0.0,2.004,0.0,0.0,0.0,0.0,4755.0,-1.0406643905049406e+34,7295.0,-0.0,2.718431101732002e+23,-107615360.0,0.0,0.0,0.0,0.0,0.0,77,2.3088407177156624e+20,-0.0,0.0,0.0,0.0,0.0,0.0,0.0,0.0,0,0,0,0.0,0.0,0.0,0.0,0.0,0.0,0.0,0.0,0.0,0.0,0.0,0.0,0.0,0.0,0.0,0.0,0,-107875648.0,77,0.0,154,0.0,-0.0,ERR,ERR,ERR,ERR,ERR,ERR,ERR,ERR,ERR,ERR,ERR,ERR,ERR,ERR,ERR,ERR,ERR,ERR,ERR,ERR,ERR,ERR,ERR,ERR,ERR,ERR,ERR,ERR,ERR,ERR,ERR,ERR,ERR,ERR,ERR,ERR,ERR,ERR,ERR,ERR,ERR,ERR,ERR,ERR,ERR,ERR,ERR,ERR,ERR,ERR,ERR,ERR,ERR,ERR,ERR,ERR,ERR,ERR,ERR,ERR,ERR,ERR,ERR,ERR,ERR,ERR,ERR,34.0,80.0,35,0.0,0.0,0.0,0.0,0.0,0.0,0.0,0.0,0.0,0.0,0.0,0.0,0.0,0.0,0.0,0.0,66.0,0,120,58,54,65476,0,300,0,0,8,20529,65476,0,0,57672,80.0,0.0,0.0,0.0,0.0,0.0
2026-06-18T02:26:26,ERR,ERR,ERR,ERR,ERR,ERR,ERR,ERR,ERR,ERR,ERR,ERR,ERR,ERR,ERR,ERR,ERR,ERR,ERR,ERR,ERR,ERR,ERR,ERR,ERR,ERR,ERR,ERR,ERR,ERR,ERR,ERR,ERR,ERR,ERR,ERR,ERR,ERR,ERR,ERR,ERR,ERR,ERR,ERR,ERR,ERR,ERR,ERR,ERR,ERR,ERR,ERR,ERR,ERR,ERR,ERR,ERR,ERR,ERR,ERR,ERR,ERR,ERR,ERR,ERR,ERR,ERR,ERR,ERR,ERR,ERR,ERR,ERR,ERR,ERR,ERR,ERR,ERR,ERR,ERR,ERR,ERR,ERR,ERR,ERR,ERR,ERR,ERR,ERR,ERR,ERR,ERR,ERR,ERR,ERR,ERR,ERR,ERR,ERR,ERR,ERR,ERR,ERR,ERR,ERR,ERR,ERR,ERR,ERR,ERR,ERR,ERR,ERR,ERR,ERR,ERR,ERR,ERR,ERR,ERR,ERR,ERR,ERR,ERR,ERR,-0.0,2.718431101732002e+23,-0.0,-0.0,0.0,1.3936040501711995e+18,7.805,2.3822341049942016e+16,0,0,4,48929,6720,14723890282496.0,100,0.0,0.0,0.0,-0.0,0.0,0,0,0,0,0.0,0,0,0,0,0,0,0,0,0,0,0,0,0,0,0,0,0,0,0,0,0,0,0,0,0,0,0,0,0,0,0,0,0,26,51,50,76,65476,0,300,0,0,8,21553,0.0,-107605600.0,0.0,0.0,0.0,0.0,0.0,0.0,0.0,0.0,0.0,0.0,0.0,0.0,0.0,0.0,0.0,0.0,0.0,0.0,0.0,0.0,0.0,-0.0,0.0,2.004,0.0,0.0,0.0,0.0,4755.0,-1.0406643905049406e+34,7295.0,-0.0,2.718431101732002e+23,-107615360.0,0.0,0.0,0.0,0.0,0.0,77,2.3088407177156624e+20,-0.0,0.0,0.0,0.0,0.0,0.0,0.0,0.0,0,0,0,0.0,0.0,0.0,0.0,0.0,0.0,0.0,0.0,0.0,0.0,0.0,0.0,0.0,0.0,0.0,0.0,0,-107875648.0,77,0.0,154,0.0,-0.0,ERR,ERR,ERR,ERR,ERR,ERR,ERR,ERR,ERR,ERR,ERR,ERR,ERR,ERR,ERR,ERR,ERR,ERR,ERR,ERR,ERR,ERR,ERR,ERR,ERR,ERR,ERR,ERR,ERR,ERR,ERR,ERR,ERR,ERR,ERR,ERR,ERR,ERR,ERR,ERR,ERR,ERR,ERR,ERR,ERR,ERR,ERR,ERR,ERR,ERR,ERR,ERR,ERR,ERR,ERR,ERR,ERR,ERR,ERR,ERR,ERR,ERR,ERR,ERR,ERR,ERR,ERR,34.0,80.0,35,0.0,0.0,0.0,0.0,0.0,0.0,0.0,0.0,0.0,0.0,0.0,0.0,0.0,0.0,0.0,0.0,66.0,0,120,58,54,65476,0,300,0,0,8,20529,65476,0,0,57672,80.0,0.0,0.0,0.0,0.0,0.0
2026-06-18T02:26:27,ERR,ERR,ERR,ERR,ERR,ERR,ERR,ERR,ERR,ERR,ERR,ERR,ERR,ERR,ERR,ERR,ERR,ERR,ERR,ERR,ERR,ERR,ERR,ERR,ERR,ERR,ERR,ERR,ERR,ERR,ERR,ERR,ERR,ERR,ERR,ERR,ERR,ERR,ERR,ERR,ERR,ERR,ERR,ERR,ERR,ERR,ERR,ERR,ERR,ERR,ERR,ERR,ERR,ERR,ERR,ERR,ERR,ERR,ERR,ERR,ERR,ERR,ERR,ERR,ERR,ERR,ERR,ERR,ERR,ERR,ERR,ERR,ERR,ERR,ERR,ERR,ERR,ERR,ERR,ERR,ERR,ERR,ERR,ERR,ERR,ERR,ERR,ERR,ERR,ERR,ERR,ERR,ERR,ERR,ERR,ERR,ERR,ERR,ERR,ERR,ERR,ERR,ERR,ERR,ERR,ERR,ERR,ERR,ERR,ERR,ERR,ERR,ERR,ERR,ERR,ERR,ERR,ERR,ERR,ERR,ERR,ERR,ERR,ERR,ERR,-0.0,2.718431101732002e+23,-0.0,-0.0,0.0,1.3936040501711995e+18,7.805,2.3822341049942016e+16,0,0,4,48929,6720,14723890282496.0,100,0.0,0.0,0.0,-0.0,0.0,0,0,0,0,0.0,0,0,0,0,0,0,0,0,0,0,0,0,0,0,0,0,0,0,0,0,0,0,0,0,0,0,0,0,0,0,0,0,0,26,51,50,76,65476,0,300,0,0,8,21553,0.0,-107605600.0,0.0,0.0,0.0,0.0,0.0,0.0,0.0,0.0,0.0,0.0,0.0,0.0,0.0,0.0,0.0,0.0,0.0,0.0,0.0,0.0,0.0,-0.0,0.0,2.004,0.0,0.0,0.0,0.0,4755.0,-1.0406643905049406e+34,7295.0,-0.0,2.718431101732002e+23,-107615360.0,0.0,0.0,0.0,0.0,0.0,77,2.3088407177156624e+20,-0.0,0.0,0.0,0.0,0.0,0.0,0.0,0.0,0,0,0,0.0,0.0,0.0,0.0,0.0,0.0,0.0,0.0,0.0,0.0,0.0,0.0,0.0,0.0,0.0,0.0,0,-107875648.0,77,0.0,154,0.0,-0.0,ERR,ERR,ERR,ERR,ERR,ERR,ERR,ERR,ERR,ERR,ERR,ERR,ERR,ERR,ERR,ERR,ERR,ERR,ERR,ERR,ERR,ERR,ERR,ERR,ERR,ERR,ERR,ERR,ERR,ERR,ERR,ERR,ERR,ERR,ERR,ERR,ERR,ERR,ERR,ERR,ERR,ERR,ERR,ERR,ERR,ERR,ERR,ERR,ERR,ERR,ERR,ERR,ERR,ERR,ERR,ERR,ERR,ERR,ERR,ERR,ERR,ERR,ERR,ERR,ERR,ERR,ERR,34.0,80.0,35,0.0,0.0,0.0,0.0,0.0,0.0,0.0,0.0,0.0,0.0,0.0,0.0,0.0,0.0,0.0,0.0,66.0,0,120,58,54,65476,0,300,0,0,8,20529,65476,0,0,57672,80.0,0.0,0.0,0.0,0.0,0.0
2026-06-18T02:26:28,ERR,ERR,ERR,ERR,ERR,ERR,ERR,ERR,ERR,ERR,ERR,ERR,ERR,ERR,ERR,ERR,ERR,ERR,ERR,ERR,ERR,ERR,ERR,ERR,ERR,ERR,ERR,ERR,ERR,ERR,ERR,ERR,ERR,ERR,ERR,ERR,ERR,ERR,ERR,ERR,ERR,ERR,ERR,ERR,ERR,ERR,ERR,ERR,ERR,ERR,ERR,ERR,ERR,ERR,ERR,ERR,ERR,ERR,ERR,ERR,ERR,ERR,ERR,ERR,ERR,ERR,ERR,ERR,ERR,ERR,ERR,ERR,ERR,ERR,ERR,ERR,ERR,ERR,ERR,ERR,ERR,ERR,ERR,ERR,ERR,ERR,ERR,ERR,ERR,ERR,ERR,ERR,ERR,ERR,ERR,ERR,ERR,ERR,ERR,ERR,ERR,ERR,ERR,ERR,ERR,ERR,ERR,ERR,ERR,ERR,ERR,ERR,ERR,ERR,ERR,ERR,ERR,ERR,ERR,ERR,ERR,ERR,ERR,ERR,ERR,-0.0,2.718431101732002e+23,-0.0,0.0,-0.0,1.3936040501711995e+18,7.805,-0.0,0,0,4,48926,6720,14723890282496.0,100,0.0,0.0,0.0,0.0,0.0,0,0,0,0,0.0,0,0,0,0,0,0,0,0,0,0,0,0,0,0,0,0,0,0,0,0,0,0,0,0,0,0,0,0,0,0,0,0,0,26,51,50,76,65476,0,300,0,0,8,21553,0.0,-107605600.0,0.0,0.0,0.0,0.0,0.0,0.0,0.0,0.0,0.0,0.0,0.0,0.0,0.0,0.0,0.0,0.0,0.0,0.0,0.0,0.0,0.0,-0.0,0.0,2.004,0.0,0.0,0.0,0.0,4754.0,-1.5879278419570017e+29,7294.0,-0.0,2.718431101732002e+23,-107615360.0,0.0,0.0,0.0,0.0,0.0,77,1.905698292272988e+17,-0.0,0.0,0.0,0.0,0.0,0.0,0.0,0.0,0,0,0,0.0,0.0,0.0,0.0,0.0,0.0,0.0,0.0,0.0,0.0,0.0,0.0,0.0,0.0,0.0,0.0,0,-107875648.0,77,0.0,154,0.0,-0.0,ERR,ERR,ERR,ERR,ERR,ERR,ERR,ERR,ERR,ERR,ERR,ERR,ERR,ERR,ERR,ERR,ERR,ERR,ERR,ERR,ERR,ERR,ERR,ERR,ERR,ERR,ERR,ERR,ERR,ERR,ERR,ERR,ERR,ERR,ERR,ERR,ERR,ERR,ERR,ERR,ERR,ERR,ERR,ERR,ERR,ERR,ERR,ERR,ERR,ERR,ERR,ERR,ERR,ERR,ERR,ERR,ERR,ERR,ERR,ERR,ERR,ERR,ERR,ERR,ERR,ERR,ERR,34.0,80.0,35,0.0,0.0,0.0,0.0,0.0,0.0,0.0,0.0,0.0,0.0,0.0,0.0,0.0,0.0,0.0,0.0,66.0,0,120,58,54,65476,0,300,0,0,8,20529,65476,0,0,57672,80.0,0.0,0.0,0.0,0.0,0.0
2026-06-18T02:26:29,ERR,ERR,ERR,ERR,ERR,ERR,ERR,ERR,ERR,ERR,ERR,ERR,ERR,ERR,ERR,ERR,ERR,ERR,ERR,ERR,ERR,ERR,ERR,ERR,ERR,ERR,ERR,ERR,ERR,ERR,ERR,ERR,ERR,ERR,ERR,ERR,ERR,ERR,ERR,ERR,ERR,ERR,ERR,ERR,ERR,ERR,ERR,ERR,ERR,ERR,ERR,ERR,ERR,ERR,ERR,ERR,ERR,ERR,ERR,ERR,ERR,ERR,ERR,ERR,ERR,ERR,ERR,ERR,ERR,ERR,ERR,ERR,ERR,ERR,ERR,ERR,ERR,ERR,ERR,ERR,ERR,ERR,ERR,ERR,ERR,ERR,ERR,ERR,ERR,ERR,ERR,ERR,ERR,ERR,ERR,ERR,ERR,ERR,ERR,ERR,ERR,ERR,ERR,ERR,ERR,ERR,ERR,ERR,ERR,ERR,ERR,ERR,ERR,ERR,ERR,ERR,ERR,ERR,ERR,ERR,ERR,ERR,ERR,ERR,ERR,-0.0,2.718431101732002e+23,-0.0,0.0,-0.0,1.3936040501711995e+18,7.805,-0.0,0,0,4,48926,6720,14723890282496.0,100,0.0,0.0,0.0,0.0,0.0,0,0,0,0,0.0,0,0,0,0,0,0,0,0,0,0,0,0,0,0,0,0,0,0,0,0,0,0,0,0,0,0,0,0,0,0,0,0,0,26,51,50,76,65476,0,300,0,0,8,21553,0.0,-107605600.0,0.0,0.0,0.0,0.0,0.0,0.0,0.0,0.0,0.0,0.0,0.0,0.0,0.0,0.0,0.0,0.0,0.0,0.0,0.0,0.0,0.0,-0.0,0.0,2.004,0.0,0.0,0.0,0.0,4754.0,-1.5879278419570017e+29,7294.0,-0.0,2.718431101732002e+23,-107615360.0,0.0,0.0,0.0,0.0,0.0,77,1.905698292272988e+17,-0.0,0.0,0.0,0.0,0.0,0.0,0.0,0.0,0,0,0,0.0,0.0,0.0,0.0,0.0,0.0,0.0,0.0,0.0,0.0,0.0,0.0,0.0,0.0,0.0,0.0,0,-107875648.0,77,0.0,154,0.0,-0.0,ERR,ERR,ERR,ERR,ERR,ERR,ERR,ERR,ERR,ERR,ERR,ERR,ERR,ERR,ERR,ERR,ERR,ERR,ERR,ERR,ERR,ERR,ERR,ERR,ERR,ERR,ERR,ERR,ERR,ERR,ERR,ERR,ERR,ERR,ERR,ERR,ERR,ERR,ERR,ERR,ERR,ERR,ERR,ERR,ERR,ERR,ERR,ERR,ERR,ERR,ERR,ERR,ERR,ERR,ERR,ERR,ERR,ERR,ERR,ERR,ERR,ERR,ERR,ERR,ERR,ERR,ERR,34.0,80.0,35,0.0,0.0,0.0,0.0,0.0,0.0,0.0,0.0,0.0,0.0,0.0,0.0,0.0,0.0,0.0,0.0,66.4,0,120,58,54,65476,0,300,0,0,8,20529,65476,0,0,57672,80.0,0.0,0.0,0.0,0.0,0.0
2026-06-18T02:26:30,ERR,ERR,ERR,ERR,ERR,ERR,ERR,ERR,ERR,ERR,ERR,ERR,ERR,ERR,ERR,ERR,ERR,ERR,ERR,ERR,ERR,ERR,ERR,ERR,ERR,ERR,ERR,ERR,ERR,ERR,ERR,ERR,ERR,ERR,ERR,ERR,ERR,ERR,ERR,ERR,ERR,ERR,ERR,ERR,ERR,ERR,ERR,ERR,ERR,ERR,ERR,ERR,ERR,ERR,ERR,ERR,ERR,ERR,ERR,ERR,ERR,ERR,ERR,ERR,ERR,ERR,ERR,ERR,ERR,ERR,ERR,ERR,ERR,ERR,ERR,ERR,ERR,ERR,ERR,ERR,ERR,ERR,ERR,ERR,ERR,ERR,ERR,ERR,ERR,ERR,ERR,ERR,ERR,ERR,ERR,ERR,ERR,ERR,ERR,ERR,ERR,ERR,ERR,ERR,ERR,ERR,ERR,ERR,ERR,ERR,ERR,ERR,ERR,ERR,ERR,ERR,ERR,ERR,ERR,ERR,ERR,ERR,ERR,ERR,ERR,-0.0,2.718431101732002e+23,-0.0,0.0,-0.0,1.3936040501711995e+18,7.805,-0.0,0,0,4,48926,6720,14723890282496.0,100,0.0,0.0,0.0,0.0,0.0,0,0,0,0,0.0,0,0,0,0,0,0,0,0,0,0,0,0,0,0,0,0,0,0,0,0,0,0,0,0,0,0,0,0,0,0,0,0,0,26,51,50,76,65476,0,300,0,0,8,21553,0.0,-107605600.0,0.0,0.0,0.0,0.0,0.0,0.0,0.0,0.0,0.0,0.0,0.0,0.0,0.0,0.0,0.0,0.0,0.0,0.0,0.0,0.0,0.0,-0.0,0.0,2.004,0.0,0.0,0.0,0.0,4754.0,-1.5879278419570017e+29,7294.0,-0.0,2.718431101732002e+23,-107615360.0,0.0,0.0,0.0,0.0,0.0,77,1.905698292272988e+17,-0.0,0.0,0.0,0.0,0.0,0.0,0.0,0.0,0,0,0,0.0,0.0,0.0,0.0,0.0,0.0,0.0,0.0,0.0,0.0,0.0,0.0,0.0,0.0,0.0,0.0,0,-107875648.0,77,0.0,154,0.0,-0.0,ERR,ERR,ERR,ERR,ERR,ERR,ERR,ERR,ERR,ERR,ERR,ERR,ERR,ERR,ERR,ERR,ERR,ERR,ERR,ERR,ERR,ERR,ERR,ERR,ERR,ERR,ERR,ERR,ERR,ERR,ERR,ERR,ERR,ERR,ERR,ERR,ERR,ERR,ERR,ERR,ERR,ERR,ERR,ERR,ERR,ERR,ERR,ERR,ERR,ERR,ERR,ERR,ERR,ERR,ERR,ERR,ERR,ERR,ERR,ERR,ERR,ERR,ERR,ERR,ERR,ERR,ERR,34.0,80.0,35,0.0,0.0,0.0,0.0,0.0,0.0,0.0,0.0,0.0,0.0,0.0,0.0,0.0,0.0,0.0,0.0,66.4,0,120,58,54,65476,0,300,0,0,8,20529,65476,0,0,57672,80.0,0.0,0.0,0.0,0.0,0.0
2026-06-18T02:26:31,ERR,ERR,ERR,ERR,ERR,ERR,ERR,ERR,ERR,ERR,ERR,ERR,ERR,ERR,ERR,ERR,ERR,ERR,ERR,ERR,ERR,ERR,ERR,ERR,ERR,ERR,ERR,ERR,ERR,ERR,ERR,ERR,ERR,ERR,ERR,ERR,ERR,ERR,ERR,ERR,ERR,ERR,ERR,ERR,ERR,ERR,ERR,ERR,ERR,ERR,ERR,ERR,ERR,ERR,ERR,ERR,ERR,ERR,ERR,ERR,ERR,ERR,ERR,ERR,ERR,ERR,ERR,ERR,ERR,ERR,ERR,ERR,ERR,ERR,ERR,ERR,ERR,ERR,ERR,ERR,ERR,ERR,ERR,ERR,ERR,ERR,ERR,ERR,ERR,ERR,ERR,ERR,ERR,ERR,ERR,ERR,ERR,ERR,ERR,ERR,ERR,ERR,ERR,ERR,ERR,ERR,ERR,ERR,ERR,ERR,ERR,ERR,ERR,ERR,ERR,ERR,ERR,ERR,ERR,ERR,ERR,ERR,ERR,ERR,ERR,-0.0,2.718431101732002e+23,-0.0,0.0,-0.0,1.3936040501711995e+18,7.805,-0.0,0,0,4,48926,6720,14723890282496.0,100,0.0,0.0,0.0,0.0,0.0,0,0,0,0,0.0,0,0,0,0,0,0,0,0,0,0,0,0,0,0,0,0,0,0,0,0,0,0,0,0,0,0,0,0,0,0,0,0,0,26,51,50,76,65476,0,300,0,0,8,21553,0.0,-107605600.0,0.0,0.0,0.0,0.0,0.0,0.0,0.0,0.0,0.0,0.0,0.0,0.0,0.0,0.0,0.0,0.0,0.0,0.0,0.0,0.0,0.0,-0.0,0.0,2.004,0.0,0.0,0.0,0.0,4754.0,-1.5879278419570017e+29,7294.0,-0.0,2.718431101732002e+23,-107615360.0,0.0,0.0,0.0,0.0,0.0,77,1.905698292272988e+17,-0.0,0.0,0.0,0.0,0.0,0.0,0.0,0.0,0,0,0,0.0,0.0,0.0,0.0,0.0,0.0,0.0,0.0,0.0,0.0,0.0,0.0,0.0,0.0,0.0,0.0,0,-107875648.0,77,0.0,154,0.0,-0.0,ERR,ERR,ERR,ERR,ERR,ERR,ERR,ERR,ERR,ERR,ERR,ERR,ERR,ERR,ERR,ERR,ERR,ERR,ERR,ERR,ERR,ERR,ERR,ERR,ERR,ERR,ERR,ERR,ERR,ERR,ERR,ERR,ERR,ERR,ERR,ERR,ERR,ERR,ERR,ERR,ERR,ERR,ERR,ERR,ERR,ERR,ERR,ERR,ERR,ERR,ERR,ERR,ERR,ERR,ERR,ERR,ERR,ERR,ERR,ERR,ERR,ERR,ERR,ERR,ERR,ERR,ERR,34.0,80.0,35,0.0,0.0,0.0,0.0,0.0,0.0,0.0,0.0,0.0,0.0,0.0,0.0,0.0,0.0,0.0,0.0,66.0,0,120,58,54,65476,0,300,0,0,8,20529,65476,0,0,57672,80.0,0.0,0.0,0.0,0.0,0.0
2026-06-18T02:26:32,ERR,ERR,ERR,ERR,ERR,ERR,ERR,ERR,ERR,ERR,ERR,ERR,ERR,ERR,ERR,ERR,ERR,ERR,ERR,ERR,ERR,ERR,ERR,ERR,ERR,ERR,ERR,ERR,ERR,ERR,ERR,ERR,ERR,ERR,ERR,ERR,ERR,ERR,ERR,ERR,ERR,ERR,ERR,ERR,ERR,ERR,ERR,ERR,ERR,ERR,ERR,ERR,ERR,ERR,ERR,ERR,ERR,ERR,ERR,ERR,ERR,ERR,ERR,ERR,ERR,ERR,ERR,ERR,ERR,ERR,ERR,ERR,ERR,ERR,ERR,ERR,ERR,ERR,ERR,ERR,ERR,ERR,ERR,ERR,ERR,ERR,ERR,ERR,ERR,ERR,ERR,ERR,ERR,ERR,ERR,ERR,ERR,ERR,ERR,ERR,ERR,ERR,ERR,ERR,ERR,ERR,ERR,ERR,ERR,ERR,ERR,ERR,ERR,ERR,ERR,ERR,ERR,ERR,ERR,ERR,ERR,ERR,ERR,ERR,ERR,-0.0,2.718431101732002e+23,-0.0,0.0,-0.0,1.3936040501711995e+18,7.805,-0.0,0,0,4,48926,6720,14723890282496.0,100,0.0,0.0,0.0,0.0,0.0,0,0,0,0,0.0,0,0,0,0,0,0,0,0,0,0,0,0,0,0,0,0,0,0,0,0,0,0,0,0,0,0,0,0,0,0,0,0,0,26,51,50,76,65476,0,300,0,0,8,21553,0.0,-107605600.0,0.0,0.0,0.0,0.0,0.0,0.0,0.0,0.0,0.0,0.0,0.0,0.0,0.0,0.0,0.0,0.0,0.0,0.0,0.0,0.0,0.0,-0.0,0.0,2.004,0.0,0.0,0.0,0.0,4754.0,-1.5879278419570017e+29,7294.0,-0.0,2.718431101732002e+23,-107615360.0,0.0,0.0,0.0,0.0,0.0,77,1.905698292272988e+17,-0.0,0.0,0.0,0.0,0.0,0.0,0.0,0.0,0,0,0,0.0,0.0,0.0,0.0,0.0,0.0,0.0,0.0,0.0,0.0,0.0,0.0,0.0,0.0,0.0,0.0,0,-107875648.0,77,0.0,154,0.0,-0.0,ERR,ERR,ERR,ERR,ERR,ERR,ERR,ERR,ERR,ERR,ERR,ERR,ERR,ERR,ERR,ERR,ERR,ERR,ERR,ERR,ERR,ERR,ERR,ERR,ERR,ERR,ERR,ERR,ERR,ERR,ERR,ERR,ERR,ERR,ERR,ERR,ERR,ERR,ERR,ERR,ERR,ERR,ERR,ERR,ERR,ERR,ERR,ERR,ERR,ERR,ERR,ERR,ERR,ERR,ERR,ERR,ERR,ERR,ERR,ERR,ERR,ERR,ERR,ERR,ERR,ERR,ERR,34.0,80.0,35,0.0,0.0,0.0,0.0,0.0,0.0,0.0,0.0,0.0,0.0,0.0,0.0,0.0,0.0,0.0,0.0,66.0,0,120,58,54,65476,0,300,0,0,8,20529,65476,0,0,57672,80.0,0.0,0.0,0.0,0.0,0.0
2026-06-18T02:26:33,ERR,ERR,ERR,ERR,ERR,ERR,ERR,ERR,ERR,ERR,ERR,ERR,ERR,ERR,ERR,ERR,ERR,ERR,ERR,ERR,ERR,ERR,ERR,ERR,ERR,ERR,ERR,ERR,ERR,ERR,ERR,ERR,ERR,ERR,ERR,ERR,ERR,ERR,ERR,ERR,ERR,ERR,ERR,ERR,ERR,ERR,ERR,ERR,ERR,ERR,ERR,ERR,ERR,ERR,ERR,ERR,ERR,ERR,ERR,ERR,ERR,ERR,ERR,ERR,ERR,ERR,ERR,ERR,ERR,ERR,ERR,ERR,ERR,ERR,ERR,ERR,ERR,ERR,ERR,ERR,ERR,ERR,ERR,ERR,ERR,ERR,ERR,ERR,ERR,ERR,ERR,ERR,ERR,ERR,ERR,ERR,ERR,ERR,ERR,ERR,ERR,ERR,ERR,ERR,ERR,ERR,ERR,ERR,ERR,ERR,ERR,ERR,ERR,ERR,ERR,ERR,ERR,ERR,ERR,ERR,ERR,ERR,ERR,ERR,ERR,-0.0,2.718431101732002e+23,-0.0,0.059,0.0,1.3936040501711995e+18,7.805,0.0,0,0,4,48930,6720,14723890282496.0,100,0.0,0.0,0.0,-0.0,0.0,0,0,0,0,0.0,0,0,0,0,0,0,0,0,0,0,0,0,0,0,0,0,0,0,0,0,0,0,0,0,0,0,0,0,0,0,0,0,0,26,51,50,76,65476,0,300,0,0,8,21553,0.0,-107605600.0,0.0,0.0,0.0,0.0,0.0,0.0,0.0,0.0,0.0,0.0,0.0,0.0,0.0,0.0,0.0,0.0,0.0,0.0,0.0,0.0,0.0,-0.0,0.0,2.004,0.0,0.0,0.0,0.0,4756.0,-3.697182615187489e+19,7292.0,-0.0,2.718431101732002e+23,-107615360.0,0.0,0.0,0.0,0.0,0.0,77,2.7184303811560617e+23,-0.0,0.0,0.0,0.0,0.0,0.0,0.0,0.0,0,0,0,0.0,0.0,0.0,0.0,0.0,0.0,0.0,0.0,0.0,0.0,0.0,0.0,0.0,0.0,0.0,0.0,0,-107875648.0,77,0.0,154,0.0,-0.0,ERR,ERR,ERR,ERR,ERR,ERR,ERR,ERR,ERR,ERR,ERR,ERR,ERR,ERR,ERR,ERR,ERR,ERR,ERR,ERR,ERR,ERR,ERR,ERR,ERR,ERR,ERR,ERR,ERR,ERR,ERR,ERR,ERR,ERR,ERR,ERR,ERR,ERR,ERR,ERR,ERR,ERR,ERR,ERR,ERR,ERR,ERR,ERR,ERR,ERR,ERR,ERR,ERR,ERR,ERR,ERR,ERR,ERR,ERR,ERR,ERR,ERR,ERR,ERR,ERR,ERR,ERR,34.0,80.0,35,0.0,0.0,0.0,0.0,0.0,0.0,0.0,0.0,0.0,0.0,0.0,0.0,0.0,0.0,0.0,0.0,66.0,0,120,58,54,65476,0,300,0,0,8,20529,65476,0,0,57672,80.0,0.0,0.0,0.0,0.0,0.0
2026-06-18T02:26:34,ERR,ERR,ERR,ERR,ERR,ERR,ERR,ERR,ERR,ERR,ERR,ERR,ERR,ERR,ERR,ERR,ERR,ERR,ERR,ERR,ERR,ERR,ERR,ERR,ERR,ERR,ERR,ERR,ERR,ERR,ERR,ERR,ERR,ERR,ERR,ERR,ERR,ERR,ERR,ERR,ERR,ERR,ERR,ERR,ERR,ERR,ERR,ERR,ERR,ERR,ERR,ERR,ERR,ERR,ERR,ERR,ERR,ERR,ERR,ERR,ERR,ERR,ERR,ERR,ERR,ERR,ERR,ERR,ERR,ERR,ERR,ERR,ERR,ERR,ERR,ERR,ERR,ERR,ERR,ERR,ERR,ERR,ERR,ERR,ERR,ERR,ERR,ERR,ERR,ERR,ERR,ERR,ERR,ERR,ERR,ERR,ERR,ERR,ERR,ERR,ERR,ERR,ERR,ERR,ERR,ERR,ERR,ERR,ERR,ERR,ERR,ERR,ERR,ERR,ERR,ERR,ERR,ERR,ERR,ERR,ERR,ERR,ERR,ERR,ERR,-0.0,2.718431101732002e+23,-0.0,0.059,0.0,1.3936040501711995e+18,7.805,0.0,0,0,4,48930,6720,14723890282496.0,100,0.0,0.0,0.0,-0.0,0.0,0,0,0,0,0.0,0,0,0,0,0,0,0,0,0,0,0,0,0,0,0,0,0,0,0,0,0,0,0,0,0,0,0,0,0,0,0,0,0,26,51,50,76,65476,0,300,0,0,8,21553,0.0,-107605600.0,0.0,0.0,0.0,0.0,0.0,0.0,0.0,0.0,0.0,0.0,0.0,0.0,0.0,0.0,0.0,0.0,0.0,0.0,0.0,0.0,0.0,-0.0,0.0,2.004,0.0,0.0,0.0,0.0,4756.0,-3.697182615187489e+19,7292.0,-0.0,2.718431101732002e+23,-107615360.0,0.0,0.0,0.0,0.0,0.0,77,2.7184303811560617e+23,-0.0,0.0,0.0,0.0,0.0,0.0,0.0,0.0,0,0,0,0.0,0.0,0.0,0.0,0.0,0.0,0.0,0.0,0.0,0.0,0.0,0.0,0.0,0.0,0.0,0.0,0,-107875648.0,77,0.0,154,0.0,-0.0,ERR,ERR,ERR,ERR,ERR,ERR,ERR,ERR,ERR,ERR,ERR,ERR,ERR,ERR,ERR,ERR,ERR,ERR,ERR,ERR,ERR,ERR,ERR,ERR,ERR,ERR,ERR,ERR,ERR,ERR,ERR,ERR,ERR,ERR,ERR,ERR,ERR,ERR,ERR,ERR,ERR,ERR,ERR,ERR,ERR,ERR,ERR,ERR,ERR,ERR,ERR,ERR,ERR,ERR,ERR,ERR,ERR,ERR,ERR,ERR,ERR,ERR,ERR,ERR,ERR,ERR,ERR,34.0,80.0,35,0.0,0.0,0.0,0.0,0.0,0.0,0.0,0.0,0.0,0.0,0.0,0.0,0.0,0.0,0.0,0.0,66.0,0,120,58,54,65476,0,300,0,0,8,20529,65476,0,0,57672,80.0,0.0,0.0,0.0,0.0,0.0
2026-06-18T02:26:35,ERR,ERR,ERR,ERR,ERR,ERR,ERR,ERR,ERR,ERR,ERR,ERR,ERR,ERR,ERR,ERR,ERR,ERR,ERR,ERR,ERR,ERR,ERR,ERR,ERR,ERR,ERR,ERR,ERR,ERR,ERR,ERR,ERR,ERR,ERR,ERR,ERR,ERR,ERR,ERR,ERR,ERR,ERR,ERR,ERR,ERR,ERR,ERR,ERR,ERR,ERR,ERR,ERR,ERR,ERR,ERR,ERR,ERR,ERR,ERR,ERR,ERR,ERR,ERR,ERR,ERR,ERR,ERR,ERR,ERR,ERR,ERR,ERR,ERR,ERR,ERR,ERR,ERR,ERR,ERR,ERR,ERR,ERR,ERR,ERR,ERR,ERR,ERR,ERR,ERR,ERR,ERR,ERR,ERR,ERR,ERR,ERR,ERR,ERR,ERR,ERR,ERR,ERR,ERR,ERR,ERR,ERR,ERR,ERR,ERR,ERR,ERR,ERR,ERR,ERR,ERR,ERR,ERR,ERR,ERR,ERR,ERR,ERR,ERR,ERR,-0.0,2.718431101732002e+23,-0.0,0.059,0.0,1.3936040501711995e+18,7.805,0.0,0,0,4,48930,6720,14723890282496.0,100,0.0,0.0,0.0,-0.0,0.0,0,0,0,0,0.0,0,0,0,0,0,0,0,0,0,0,0,0,0,0,0,0,0,0,0,0,0,0,0,0,0,0,0,0,0,0,0,0,0,26,51,50,76,65476,0,300,0,0,8,21553,0.0,-107605600.0,0.0,0.0,0.0,0.0,0.0,0.0,0.0,0.0,0.0,0.0,0.0,0.0,0.0,0.0,0.0,0.0,0.0,0.0,0.0,0.0,0.0,-0.0,0.0,2.004,0.0,0.0,0.0,0.0,4756.0,-3.697182615187489e+19,7292.0,-0.0,2.718431101732002e+23,-107615360.0,0.0,0.0,0.0,0.0,0.0,77,2.7184303811560617e+23,-0.0,0.0,0.0,0.0,0.0,0.0,0.0,0.0,0,0,0,0.0,0.0,0.0,0.0,0.0,0.0,0.0,0.0,0.0,0.0,0.0,0.0,0.0,0.0,0.0,0.0,0,-107875648.0,77,0.0,154,0.0,-0.0,ERR,ERR,ERR,ERR,ERR,ERR,ERR,ERR,ERR,ERR,ERR,ERR,ERR,ERR,ERR,ERR,ERR,ERR,ERR,ERR,ERR,ERR,ERR,ERR,ERR,ERR,ERR,ERR,ERR,ERR,ERR,ERR,ERR,ERR,ERR,ERR,ERR,ERR,ERR,ERR,ERR,ERR,ERR,ERR,ERR,ERR,ERR,ERR,ERR,ERR,ERR,ERR,ERR,ERR,ERR,ERR,ERR,ERR,ERR,ERR,ERR,ERR,ERR,ERR,ERR,ERR,ERR,34.0,80.0,35,0.0,0.0,0.0,0.0,0.0,0.0,0.0,0.0,0.0,0.0,0.0,0.0,0.0,0.0,0.0,0.0,66.0,0,120,58,54,65476,0,300,0,0,8,20529,65476,0,0,57672,80.0,0.0,0.0,0.0,0.0,0.0
2026-06-18T02:26:36,ERR,ERR,ERR,ERR,ERR,ERR,ERR,ERR,ERR,ERR,ERR,ERR,ERR,ERR,ERR,ERR,ERR,ERR,ERR,ERR,ERR,ERR,ERR,ERR,ERR,ERR,ERR,ERR,ERR,ERR,ERR,ERR,ERR,ERR,ERR,ERR,ERR,ERR,ERR,ERR,ERR,ERR,ERR,ERR,ERR,ERR,ERR,ERR,ERR,ERR,ERR,ERR,ERR,ERR,ERR,ERR,ERR,ERR,ERR,ERR,ERR,ERR,ERR,ERR,ERR,ERR,ERR,ERR,ERR,ERR,ERR,ERR,ERR,ERR,ERR,ERR,ERR,ERR,ERR,ERR,ERR,ERR,ERR,ERR,ERR,ERR,ERR,ERR,ERR,ERR,ERR,ERR,ERR,ERR,ERR,ERR,ERR,ERR,ERR,ERR,ERR,ERR,ERR,ERR,ERR,ERR,ERR,ERR,ERR,ERR,ERR,ERR,ERR,ERR,ERR,ERR,ERR,ERR,ERR,ERR,ERR,ERR,ERR,ERR,ERR,-0.0,2.718431101732002e+23,-0.0,0.059,0.0,1.3936040501711995e+18,7.805,0.0,0,0,4,48930,6720,14723890282496.0,100,0.0,0.0,0.0,-0.0,0.0,0,0,0,0,0.0,0,0,0,0,0,0,0,0,0,0,0,0,0,0,0,0,0,0,0,0,0,0,0,0,0,0,0,0,0,0,0,0,0,26,51,50,76,65476,0,300,0,0,8,21553,0.0,-107605600.0,0.0,0.0,0.0,0.0,0.0,0.0,0.0,0.0,0.0,0.0,0.0,0.0,0.0,0.0,0.0,0.0,0.0,0.0,0.0,0.0,0.0,-0.0,0.0,2.004,0.0,0.0,0.0,0.0,4756.0,-3.697182615187489e+19,7292.0,-0.0,2.718431101732002e+23,-107615360.0,0.0,0.0,0.0,0.0,0.0,77,2.7184303811560617e+23,-0.0,0.0,0.0,0.0,0.0,0.0,0.0,0.0,0,0,0,0.0,0.0,0.0,0.0,0.0,0.0,0.0,0.0,0.0,0.0,0.0,0.0,0.0,0.0,0.0,0.0,0,-107875648.0,77,0.0,154,0.0,-0.0,ERR,ERR,ERR,ERR,ERR,ERR,ERR,ERR,ERR,ERR,ERR,ERR,ERR,ERR,ERR,ERR,ERR,ERR,ERR,ERR,ERR,ERR,ERR,ERR,ERR,ERR,ERR,ERR,ERR,ERR,ERR,ERR,ERR,ERR,ERR,ERR,ERR,ERR,ERR,ERR,ERR,ERR,ERR,ERR,ERR,ERR,ERR,ERR,ERR,ERR,ERR,ERR,ERR,ERR,ERR,ERR,ERR,ERR,ERR,ERR,ERR,ERR,ERR,ERR,ERR,ERR,ERR,34.0,80.0,35,0.0,0.0,0.0,0.0,0.0,0.0,0.0,0.0,0.0,0.0,0.0,0.0,0.0,0.0,0.0,0.0,66.4,0,120,58,54,65476,0,300,0,0,8,20529,65476,0,0,57672,80.0,0.0,0.0,0.0,0.0,0.0
2026-06-18T02:26:37,ERR,ERR,ERR,ERR,ERR,ERR,ERR,ERR,ERR,ERR,ERR,ERR,ERR,ERR,ERR,ERR,ERR,ERR,ERR,ERR,ERR,ERR,ERR,ERR,ERR,ERR,ERR,ERR,ERR,ERR,ERR,ERR,ERR,ERR,ERR,ERR,ERR,ERR,ERR,ERR,ERR,ERR,ERR,ERR,ERR,ERR,ERR,ERR,ERR,ERR,ERR,ERR,ERR,ERR,ERR,ERR,ERR,ERR,ERR,ERR,ERR,ERR,ERR,ERR,ERR,ERR,ERR,ERR,ERR,ERR,ERR,ERR,ERR,ERR,ERR,ERR,ERR,ERR,ERR,ERR,ERR,ERR,ERR,ERR,ERR,ERR,ERR,ERR,ERR,ERR,ERR,ERR,ERR,ERR,ERR,ERR,ERR,ERR,ERR,ERR,ERR,ERR,ERR,ERR,ERR,ERR,ERR,ERR,ERR,ERR,ERR,ERR,ERR,ERR,ERR,ERR,ERR,ERR,ERR,ERR,ERR,ERR,ERR,ERR,ERR,-0.0,2.718431101732002e+23,-0.0,0.059,0.0,1.3936040501711995e+18,7.805,0.0,0,0,4,48930,6720,14723890282496.0,100,0.0,0.0,0.0,-0.0,0.0,0,0,0,0,0.0,0,0,0,0,0,0,0,0,0,0,0,0,0,0,0,0,0,0,0,0,0,0,0,0,0,0,0,0,0,0,0,0,0,26,51,50,76,65476,0,300,0,0,8,21553,0.0,-107605600.0,0.0,0.0,0.0,0.0,0.0,0.0,0.0,0.0,0.0,0.0,0.0,0.0,0.0,0.0,0.0,0.0,0.0,0.0,0.0,0.0,0.0,-0.0,0.0,2.004,0.0,0.0,0.0,0.0,4756.0,-3.697182615187489e+19,7292.0,-0.0,2.718431101732002e+23,-107615360.0,0.0,0.0,0.0,0.0,0.0,77,2.7184303811560617e+23,-0.0,0.0,0.0,0.0,0.0,0.0,0.0,0.0,0,0,0,0.0,0.0,0.0,0.0,0.0,0.0,0.0,0.0,0.0,0.0,0.0,0.0,0.0,0.0,0.0,0.0,0,-107875648.0,77,0.0,154,0.0,-0.0,ERR,ERR,ERR,ERR,ERR,ERR,ERR,ERR,ERR,ERR,ERR,ERR,ERR,ERR,ERR,ERR,ERR,ERR,ERR,ERR,ERR,ERR,ERR,ERR,ERR,ERR,ERR,ERR,ERR,ERR,ERR,ERR,ERR,ERR,ERR,ERR,ERR,ERR,ERR,ERR,ERR,ERR,ERR,ERR,ERR,ERR,ERR,ERR,ERR,ERR,ERR,ERR,ERR,ERR,ERR,ERR,ERR,ERR,ERR,ERR,ERR,ERR,ERR,ERR,ERR,ERR,ERR,34.0,80.0,35,0.0,0.0,0.0,0.0,0.0,0.0,0.0,0.0,0.0,0.0,0.0,0.0,0.0,0.0,0.0,0.0,66.4,0,120,58,54,65476,0,300,0,0,8,20529,65476,0,0,57672,80.0,0.0,0.0,0.0,0.0,0.0
2026-06-18T02:26:38,ERR,ERR,ERR,ERR,ERR,ERR,ERR,ERR,ERR,ERR,ERR,ERR,ERR,ERR,ERR,ERR,ERR,ERR,ERR,ERR,ERR,ERR,ERR,ERR,ERR,ERR,ERR,ERR,ERR,ERR,ERR,ERR,ERR,ERR,ERR,ERR,ERR,ERR,ERR,ERR,ERR,ERR,ERR,ERR,ERR,ERR,ERR,ERR,ERR,ERR,ERR,ERR,ERR,ERR,ERR,ERR,ERR,ERR,ERR,ERR,ERR,ERR,ERR,ERR,ERR,ERR,ERR,ERR,ERR,ERR,ERR,ERR,ERR,ERR,ERR,ERR,ERR,ERR,ERR,ERR,ERR,ERR,ERR,ERR,ERR,ERR,ERR,ERR,ERR,ERR,ERR,ERR,ERR,ERR,ERR,ERR,ERR,ERR,ERR,ERR,ERR,ERR,ERR,ERR,ERR,ERR,ERR,ERR,ERR,ERR,ERR,ERR,ERR,ERR,ERR,ERR,ERR,ERR,ERR,ERR,ERR,ERR,ERR,ERR,ERR,-0.0,2.718431101732002e+23,-0.0,-0.0,0.0,1.3936040501711995e+18,7.805,2.395,0,0,4,48935,6720,14723890282496.0,100,0.0,0.0,0.0,0.0,0.0,0,0,0,0,0.0,0,0,0,0,0,0,0,0,0,0,0,0,0,0,0,0,0,0,0,0,0,0,0,0,0,0,0,0,0,0,0,0,0,26,51,50,76,65476,0,300,0,0,8,21553,0.0,-107605600.0,0.0,0.0,0.0,0.0,0.0,0.0,0.0,0.0,0.0,0.0,0.0,0.0,0.0,0.0,0.0,0.0,0.0,0.0,0.0,0.0,0.0,-0.0,0.0,2.004,0.0,0.0,0.0,0.0,4780.0,-1.0406643905049406e+34,7295.0,-0.0,2.718431101732002e+23,-107615360.0,0.0,0.0,0.0,0.0,0.0,77,89221.125,-0.0,0.0,0.0,0.0,0.0,0.0,0.0,0.0,0,0,0,0.0,0.0,0.0,0.0,0.0,0.0,0.0,0.0,0.0,0.0,0.0,0.0,0.0,0.0,0.0,0.0,0,-107875648.0,77,0.0,154,0.0,-0.0,ERR,ERR,ERR,ERR,ERR,ERR,ERR,ERR,ERR,ERR,ERR,ERR,ERR,ERR,ERR,ERR,ERR,ERR,ERR,ERR,ERR,ERR,ERR,ERR,ERR,ERR,ERR,ERR,ERR,ERR,ERR,ERR,ERR,ERR,ERR,ERR,ERR,ERR,ERR,ERR,ERR,ERR,ERR,ERR,ERR,ERR,ERR,ERR,ERR,ERR,ERR,ERR,ERR,ERR,ERR,ERR,ERR,ERR,ERR,ERR,ERR,ERR,ERR,ERR,ERR,ERR,ERR,34.0,80.0,35,0.0,0.0,0.0,0.0,0.0,0.0,0.0,0.0,0.0,0.0,0.0,0.0,0.0,0.0,0.0,0.0,66.4,0,120,58,54,65476,0,300,0,0,8,20529,65476,0,0,57672,80.0,0.0,0.0,0.0,0.0,0.0
2026-06-18T02:26:39,ERR,ERR,ERR,ERR,ERR,ERR,ERR,ERR,ERR,ERR,ERR,ERR,ERR,ERR,ERR,ERR,ERR,ERR,ERR,ERR,ERR,ERR,ERR,ERR,ERR,ERR,ERR,ERR,ERR,ERR,ERR,ERR,ERR,ERR,ERR,ERR,ERR,ERR,ERR,ERR,ERR,ERR,ERR,ERR,ERR,ERR,ERR,ERR,ERR,ERR,ERR,ERR,ERR,ERR,ERR,ERR,ERR,ERR,ERR,ERR,ERR,ERR,ERR,ERR,ERR,ERR,ERR,ERR,ERR,ERR,ERR,ERR,ERR,ERR,ERR,ERR,ERR,ERR,ERR,ERR,ERR,ERR,ERR,ERR,ERR,ERR,ERR,ERR,ERR,ERR,ERR,ERR,ERR,ERR,ERR,ERR,ERR,ERR,ERR,ERR,ERR,ERR,ERR,ERR,ERR,ERR,ERR,ERR,ERR,ERR,ERR,ERR,ERR,ERR,ERR,ERR,ERR,ERR,ERR,ERR,ERR,ERR,ERR,ERR,ERR,-0.0,2.718431101732002e+23,-0.0,-0.0,0.0,1.3936040501711995e+18,7.805,2.395,0,0,4,48935,6720,14723890282496.0,100,0.0,0.0,0.0,0.0,0.0,0,0,0,0,0.0,0,0,0,0,0,0,0,0,0,0,0,0,0,0,0,0,0,0,0,0,0,0,0,0,0,0,0,0,0,0,0,0,0,26,51,50,76,65476,0,300,0,0,8,21553,0.0,-107605600.0,0.0,0.0,0.0,0.0,0.0,0.0,0.0,0.0,0.0,0.0,0.0,0.0,0.0,0.0,0.0,0.0,0.0,0.0,0.0,0.0,0.0,-0.0,0.0,2.004,0.0,0.0,0.0,0.0,4780.0,-1.0406643905049406e+34,7295.0,-0.0,2.718431101732002e+23,-107615360.0,0.0,0.0,0.0,0.0,0.0,77,89221.125,-0.0,0.0,0.0,0.0,0.0,0.0,0.0,0.0,0,0,0,0.0,0.0,0.0,0.0,0.0,0.0,0.0,0.0,0.0,0.0,0.0,0.0,0.0,0.0,0.0,0.0,0,-107875648.0,77,0.0,154,0.0,-0.0,ERR,ERR,ERR,ERR,ERR,ERR,ERR,ERR,ERR,ERR,ERR,ERR,ERR,ERR,ERR,ERR,ERR,ERR,ERR,ERR,ERR,ERR,ERR,ERR,ERR,ERR,ERR,ERR,ERR,ERR,ERR,ERR,ERR,ERR,ERR,ERR,ERR,ERR,ERR,ERR,ERR,ERR,ERR,ERR,ERR,ERR,ERR,ERR,ERR,ERR,ERR,ERR,ERR,ERR,ERR,ERR,ERR,ERR,ERR,ERR,ERR,ERR,ERR,ERR,ERR,ERR,ERR,34.0,80.0,35,0.0,0.0,0.0,0.0,0.0,0.0,0.0,0.0,0.0,0.0,0.0,0.0,0.0,0.0,0.0,0.0,66.4,0,120,58,54,65476,0,300,0,0,8,20529,65476,0,0,57672,80.0,0.0,0.0,0.0,0.0,0.0
2026-06-18T02:26:40,ERR,ERR,ERR,ERR,ERR,ERR,ERR,ERR,ERR,ERR,ERR,ERR,ERR,ERR,ERR,ERR,ERR,ERR,ERR,ERR,ERR,ERR,ERR,ERR,ERR,ERR,ERR,ERR,ERR,ERR,ERR,ERR,ERR,ERR,ERR,ERR,ERR,ERR,ERR,ERR,ERR,ERR,ERR,ERR,ERR,ERR,ERR,ERR,ERR,ERR,ERR,ERR,ERR,ERR,ERR,ERR,ERR,ERR,ERR,ERR,ERR,ERR,ERR,ERR,ERR,ERR,ERR,ERR,ERR,ERR,ERR,ERR,ERR,ERR,ERR,ERR,ERR,ERR,ERR,ERR,ERR,ERR,ERR,ERR,ERR,ERR,ERR,ERR,ERR,ERR,ERR,ERR,ERR,ERR,ERR,ERR,ERR,ERR,ERR,ERR,ERR,ERR,ERR,ERR,ERR,ERR,ERR,ERR,ERR,ERR,ERR,ERR,ERR,ERR,ERR,ERR,ERR,ERR,ERR,ERR,ERR,ERR,ERR,ERR,ERR,-0.0,2.718431101732002e+23,-0.0,-0.0,0.0,1.3936040501711995e+18,7.805,2.395,0,0,4,48935,6720,14723890282496.0,100,0.0,0.0,0.0,0.0,0.0,0,0,0,0,0.0,0,0,0,0,0,0,0,0,0,0,0,0,0,0,0,0,0,0,0,0,0,0,0,0,0,0,0,0,0,0,0,0,0,26,51,50,76,65476,0,300,0,0,8,21553,0.0,-107605600.0,0.0,0.0,0.0,0.0,0.0,0.0,0.0,0.0,0.0,0.0,0.0,0.0,0.0,0.0,0.0,0.0,0.0,0.0,0.0,0.0,0.0,-0.0,0.0,2.004,0.0,0.0,0.0,0.0,4780.0,-1.0406643905049406e+34,7295.0,-0.0,2.718431101732002e+23,-107615360.0,0.0,0.0,0.0,0.0,0.0,77,89221.125,-0.0,0.0,0.0,0.0,0.0,0.0,0.0,0.0,0,0,0,0.0,0.0,0.0,0.0,0.0,0.0,0.0,0.0,0.0,0.0,0.0,0.0,0.0,0.0,0.0,0.0,0,-107875648.0,77,0.0,154,0.0,-0.0,ERR,ERR,ERR,ERR,ERR,ERR,ERR,ERR,ERR,ERR,ERR,ERR,ERR,ERR,ERR,ERR,ERR,ERR,ERR,ERR,ERR,ERR,ERR,ERR,ERR,ERR,ERR,ERR,ERR,ERR,ERR,ERR,ERR,ERR,ERR,ERR,ERR,ERR,ERR,ERR,ERR,ERR,ERR,ERR,ERR,ERR,ERR,ERR,ERR,ERR,ERR,ERR,ERR,ERR,ERR,ERR,ERR,ERR,ERR,ERR,ERR,ERR,ERR,ERR,ERR,ERR,ERR,34.0,80.0,35,0.0,0.0,0.0,0.0,0.0,0.0,0.0,0.0,0.0,0.0,0.0,0.0,0.0,0.0,0.0,0.0,66.0,0,120,58,54,65476,0,300,0,0,8,20529,65476,0,0,57672,80.0,0.0,0.0,0.0,0.0,0.0
2026-06-18T02:26:41,ERR,ERR,ERR,ERR,ERR,ERR,ERR,ERR,ERR,ERR,ERR,ERR,ERR,ERR,ERR,ERR,ERR,ERR,ERR,ERR,ERR,ERR,ERR,ERR,ERR,ERR,ERR,ERR,ERR,ERR,ERR,ERR,ERR,ERR,ERR,ERR,ERR,ERR,ERR,ERR,ERR,ERR,ERR,ERR,ERR,ERR,ERR,ERR,ERR,ERR,ERR,ERR,ERR,ERR,ERR,ERR,ERR,ERR,ERR,ERR,ERR,ERR,ERR,ERR,ERR,ERR,ERR,ERR,ERR,ERR,ERR,ERR,ERR,ERR,ERR,ERR,ERR,ERR,ERR,ERR,ERR,ERR,ERR,ERR,ERR,ERR,ERR,ERR,ERR,ERR,ERR,ERR,ERR,ERR,ERR,ERR,ERR,ERR,ERR,ERR,ERR,ERR,ERR,ERR,ERR,ERR,ERR,ERR,ERR,ERR,ERR,ERR,ERR,ERR,ERR,ERR,ERR,ERR,ERR,ERR,ERR,ERR,ERR,ERR,ERR,-0.0,2.718431101732002e+23,-0.0,-0.0,0.0,1.3936040501711995e+18,7.805,2.395,0,0,4,48935,6720,14723890282496.0,100,0.0,0.0,0.0,0.0,0.0,0,0,0,0,0.0,0,0,0,0,0,0,0,0,0,0,0,0,0,0,0,0,0,0,0,0,0,0,0,0,0,0,0,0,0,0,0,0,0,26,51,50,76,65476,0,300,0,0,8,21553,0.0,-107605600.0,0.0,0.0,0.0,0.0,0.0,0.0,0.0,0.0,0.0,0.0,0.0,0.0,0.0,0.0,0.0,0.0,0.0,0.0,0.0,0.0,0.0,-0.0,0.0,2.004,0.0,0.0,0.0,0.0,4780.0,-1.0406643905049406e+34,7295.0,-0.0,2.718431101732002e+23,-107615360.0,0.0,0.0,0.0,0.0,0.0,77,89221.125,-0.0,0.0,0.0,0.0,0.0,0.0,0.0,0.0,0,0,0,0.0,0.0,0.0,0.0,0.0,0.0,0.0,0.0,0.0,0.0,0.0,0.0,0.0,0.0,0.0,0.0,0,-107875648.0,77,0.0,154,0.0,-0.0,ERR,ERR,ERR,ERR,ERR,ERR,ERR,ERR,ERR,ERR,ERR,ERR,ERR,ERR,ERR,ERR,ERR,ERR,ERR,ERR,ERR,ERR,ERR,ERR,ERR,ERR,ERR,ERR,ERR,ERR,ERR,ERR,ERR,ERR,ERR,ERR,ERR,ERR,ERR,ERR,ERR,ERR,ERR,ERR,ERR,ERR,ERR,ERR,ERR,ERR,ERR,ERR,ERR,ERR,ERR,ERR,ERR,ERR,ERR,ERR,ERR,ERR,ERR,ERR,ERR,ERR,ERR,34.0,80.0,35,0.0,0.0,0.0,0.0,0.0,0.0,0.0,0.0,0.0,0.0,0.0,0.0,0.0,0.0,0.0,0.0,66.0,0,120,58,54,65476,0,300,0,0,8,20529,65476,0,0,57672,80.0,0.0,0.0,0.0,0.0,0.0
2026-06-18T02:26:42,ERR,ERR,ERR,ERR,ERR,ERR,ERR,ERR,ERR,ERR,ERR,ERR,ERR,ERR,ERR,ERR,ERR,ERR,ERR,ERR,ERR,ERR,ERR,ERR,ERR,ERR,ERR,ERR,ERR,ERR,ERR,ERR,ERR,ERR,ERR,ERR,ERR,ERR,ERR,ERR,ERR,ERR,ERR,ERR,ERR,ERR,ERR,ERR,ERR,ERR,ERR,ERR,ERR,ERR,ERR,ERR,ERR,ERR,ERR,ERR,ERR,ERR,ERR,ERR,ERR,ERR,ERR,ERR,ERR,ERR,ERR,ERR,ERR,ERR,ERR,ERR,ERR,ERR,ERR,ERR,ERR,ERR,ERR,ERR,ERR,ERR,ERR,ERR,ERR,ERR,ERR,ERR,ERR,ERR,ERR,ERR,ERR,ERR,ERR,ERR,ERR,ERR,ERR,ERR,ERR,ERR,ERR,ERR,ERR,ERR,ERR,ERR,ERR,ERR,ERR,ERR,ERR,ERR,ERR,ERR,ERR,ERR,ERR,ERR,ERR,-0.0,2.718431101732002e+23,-0.0,-0.0,0.0,1.3936040501711995e+18,7.805,2.395,0,0,4,48935,6720,14723890282496.0,100,0.0,0.0,0.0,0.0,0.0,0,0,0,0,0.0,0,0,0,0,0,0,0,0,0,0,0,0,0,0,0,0,0,0,0,0,0,0,0,0,0,0,0,0,0,0,0,0,0,26,51,50,76,65476,0,300,0,0,8,21553,0.0,-107605600.0,0.0,0.0,0.0,0.0,0.0,0.0,0.0,0.0,0.0,0.0,0.0,0.0,0.0,0.0,0.0,0.0,0.0,0.0,0.0,0.0,0.0,-0.0,0.0,2.004,0.0,0.0,0.0,0.0,4780.0,-1.0406643905049406e+34,7295.0,-0.0,2.718431101732002e+23,-107615360.0,0.0,0.0,0.0,0.0,0.0,77,89221.125,-0.0,0.0,0.0,0.0,0.0,0.0,0.0,0.0,0,0,0,0.0,0.0,0.0,0.0,0.0,0.0,0.0,0.0,0.0,0.0,0.0,0.0,0.0,0.0,0.0,0.0,0,-107875648.0,77,0.0,154,0.0,-0.0,ERR,ERR,ERR,ERR,ERR,ERR,ERR,ERR,ERR,ERR,ERR,ERR,ERR,ERR,ERR,ERR,ERR,ERR,ERR,ERR,ERR,ERR,ERR,ERR,ERR,ERR,ERR,ERR,ERR,ERR,ERR,ERR,ERR,ERR,ERR,ERR,ERR,ERR,ERR,ERR,ERR,ERR,ERR,ERR,ERR,ERR,ERR,ERR,ERR,ERR,ERR,ERR,ERR,ERR,ERR,ERR,ERR,ERR,ERR,ERR,ERR,ERR,ERR,ERR,ERR,ERR,ERR,34.0,80.0,35,0.0,0.0,0.0,0.0,0.0,0.0,0.0,0.0,0.0,0.0,0.0,0.0,0.0,0.0,0.0,0.0,66.4,0,120,58,54,65476,0,300,0,0,8,20529,65476,0,0,57672,80.0,0.0,0.0,0.0,0.0,0.0
2026-06-18T02:26:43,ERR,ERR,ERR,ERR,ERR,ERR,ERR,ERR,ERR,ERR,ERR,ERR,ERR,ERR,ERR,ERR,ERR,ERR,ERR,ERR,ERR,ERR,ERR,ERR,ERR,ERR,ERR,ERR,ERR,ERR,ERR,ERR,ERR,ERR,ERR,ERR,ERR,ERR,ERR,ERR,ERR,ERR,ERR,ERR,ERR,ERR,ERR,ERR,ERR,ERR,ERR,ERR,ERR,ERR,ERR,ERR,ERR,ERR,ERR,ERR,ERR,ERR,ERR,ERR,ERR,ERR,ERR,ERR,ERR,ERR,ERR,ERR,ERR,ERR,ERR,ERR,ERR,ERR,ERR,ERR,ERR,ERR,ERR,ERR,ERR,ERR,ERR,ERR,ERR,ERR,ERR,ERR,ERR,ERR,ERR,ERR,ERR,ERR,ERR,ERR,ERR,ERR,ERR,ERR,ERR,ERR,ERR,ERR,ERR,ERR,ERR,ERR,ERR,ERR,ERR,ERR,ERR,ERR,ERR,ERR,ERR,ERR,ERR,ERR,ERR,-0.0,2.718431101732002e+23,-0.0,-0.0,0.0,1.3936040501711995e+18,7.805,2.395,0,0,4,48935,6720,14723890282496.0,100,0.0,0.0,0.0,0.0,0.0,0,0,0,0,0.0,0,0,0,0,0,0,0,0,0,0,0,0,0,0,0,0,0,0,0,0,0,0,0,0,0,0,0,0,0,0,0,0,0,26,51,50,76,65476,0,300,0,0,8,21553,0.0,-107605600.0,0.0,0.0,0.0,0.0,0.0,0.0,0.0,0.0,0.0,0.0,0.0,0.0,0.0,0.0,0.0,0.0,0.0,0.0,0.0,0.0,0.0,-0.0,0.0,2.004,0.0,0.0,0.0,0.0,4780.0,-1.0406643905049406e+34,7295.0,-0.0,2.718431101732002e+23,-107615360.0,0.0,0.0,0.0,0.0,0.0,77,89221.125,-0.0,0.0,0.0,0.0,0.0,0.0,0.0,0.0,0,0,0,0.0,0.0,0.0,0.0,0.0,0.0,0.0,0.0,0.0,0.0,0.0,0.0,0.0,0.0,0.0,0.0,0,-107875648.0,77,0.0,154,0.0,-0.0,ERR,ERR,ERR,ERR,ERR,ERR,ERR,ERR,ERR,ERR,ERR,ERR,ERR,ERR,ERR,ERR,ERR,ERR,ERR,ERR,ERR,ERR,ERR,ERR,ERR,ERR,ERR,ERR,ERR,ERR,ERR,ERR,ERR,ERR,ERR,ERR,ERR,ERR,ERR,ERR,ERR,ERR,ERR,ERR,ERR,ERR,ERR,ERR,ERR,ERR,ERR,ERR,ERR,ERR,ERR,ERR,ERR,ERR,ERR,ERR,ERR,ERR,ERR,ERR,ERR,ERR,ERR,34.0,80.0,35,0.0,0.0,0.0,0.0,0.0,0.0,0.0,0.0,0.0,0.0,0.0,0.0,0.0,0.0,0.0,0.0,66.4,0,120,58,54,65476,0,300,0,0,8,20529,65476,0,0,57672,80.0,0.0,0.0,0.0,0.0,0.0
2026-06-18T02:26:44,ERR,ERR,ERR,ERR,ERR,ERR,ERR,ERR,ERR,ERR,ERR,ERR,ERR,ERR,ERR,ERR,ERR,ERR,ERR,ERR,ERR,ERR,ERR,ERR,ERR,ERR,ERR,ERR,ERR,ERR,ERR,ERR,ERR,ERR,ERR,ERR,ERR,ERR,ERR,ERR,ERR,ERR,ERR,ERR,ERR,ERR,ERR,ERR,ERR,ERR,ERR,ERR,ERR,ERR,ERR,ERR,ERR,ERR,ERR,ERR,ERR,ERR,ERR,ERR,ERR,ERR,ERR,ERR,ERR,ERR,ERR,ERR,ERR,ERR,ERR,ERR,ERR,ERR,ERR,ERR,ERR,ERR,ERR,ERR,ERR,ERR,ERR,ERR,ERR,ERR,ERR,ERR,ERR,ERR,ERR,ERR,ERR,ERR,ERR,ERR,ERR,ERR,ERR,ERR,ERR,ERR,ERR,ERR,ERR,ERR,ERR,ERR,ERR,ERR,ERR,ERR,ERR,ERR,ERR,ERR,ERR,ERR,ERR,ERR,ERR,-0.0,2.718431101732002e+23,-0.0,-4.9501291711397626e+32,-0.0,1.3936040501711995e+18,7.805,-0.0,0,0,4,48930,6720,14723890282496.0,100,0.0,0.0,0.0,89215.008,0.0,0,0,0,0,0.0,0,0,0,0,0,0,0,0,0,0,0,0,0,0,0,0,0,0,0,0,0,0,0,0,0,0,0,0,0,0,0,0,0,26,51,50,76,65476,0,300,0,0,8,21553,0.0,-107605600.0,0.0,0.0,0.0,0.0,0.0,0.0,0.0,0.0,0.0,0.0,0.0,0.0,0.0,0.0,0.0,0.0,0.0,0.0,0.0,0.0,0.0,-0.0,0.0,2.004,0.0,0.0,0.0,0.0,4757.0,-1.0406643905049406e+34,7295.0,-0.0,2.718431101732002e+23,-107615360.0,0.0,0.0,0.0,0.0,0.0,77,152018488393728.0,-152017112662016.0,0.0,0.0,0.0,0.0,0.0,0.0,0.0,0,0,0,0.0,0.0,0.0,0.0,0.0,0.0,0.0,0.0,0.0,0.0,0.0,0.0,0.0,0.0,0.0,0.0,0,-107875648.0,77,0.0,154,0.0,-0.0,ERR,ERR,ERR,ERR,ERR,ERR,ERR,ERR,ERR,ERR,ERR,ERR,ERR,ERR,ERR,ERR,ERR,ERR,ERR,ERR,ERR,ERR,ERR,ERR,ERR,ERR,ERR,ERR,ERR,ERR,ERR,ERR,ERR,ERR,ERR,ERR,ERR,ERR,ERR,ERR,ERR,ERR,ERR,ERR,ERR,ERR,ERR,ERR,ERR,ERR,ERR,ERR,ERR,ERR,ERR,ERR,ERR,ERR,ERR,ERR,ERR,ERR,ERR,ERR,ERR,ERR,ERR,34.0,80.0,35,0.0,0.0,0.0,0.0,0.0,0.0,0.0,0.0,0.0,0.0,0.0,0.0,0.0,0.0,0.0,0.0,66.0,0,120,58,54,65476,0,300,0,0,8,20529,65476,0,0,57672,80.0,0.0,0.0,0.0,0.0,0.0
2026-06-18T02:26:45,ERR,ERR,ERR,ERR,ERR,ERR,ERR,ERR,ERR,ERR,ERR,ERR,ERR,ERR,ERR,ERR,ERR,ERR,ERR,ERR,ERR,ERR,ERR,ERR,ERR,ERR,ERR,ERR,ERR,ERR,ERR,ERR,ERR,ERR,ERR,ERR,ERR,ERR,ERR,ERR,ERR,ERR,ERR,ERR,ERR,ERR,ERR,ERR,ERR,ERR,ERR,ERR,ERR,ERR,ERR,ERR,ERR,ERR,ERR,ERR,ERR,ERR,ERR,ERR,ERR,ERR,ERR,ERR,ERR,ERR,ERR,ERR,ERR,ERR,ERR,ERR,ERR,ERR,ERR,ERR,ERR,ERR,ERR,ERR,ERR,ERR,ERR,ERR,ERR,ERR,ERR,ERR,ERR,ERR,ERR,ERR,ERR,ERR,ERR,ERR,ERR,ERR,ERR,ERR,ERR,ERR,ERR,ERR,ERR,ERR,ERR,ERR,ERR,ERR,ERR,ERR,ERR,ERR,ERR,ERR,ERR,ERR,ERR,ERR,ERR,-0.0,2.718431101732002e+23,-0.0,-4.9501291711397626e+32,-0.0,1.3936040501711995e+18,7.805,-0.0,0,0,4,48930,6720,14723890282496.0,100,0.0,0.0,0.0,89215.008,0.0,0,0,0,0,0.0,0,0,0,0,0,0,0,0,0,0,0,0,0,0,0,0,0,0,0,0,0,0,0,0,0,0,0,0,0,0,0,0,0,26,51,50,76,65476,0,300,0,0,8,21553,0.0,-107605600.0,0.0,0.0,0.0,0.0,0.0,0.0,0.0,0.0,0.0,0.0,0.0,0.0,0.0,0.0,0.0,0.0,0.0,0.0,0.0,0.0,0.0,-0.0,0.0,2.004,0.0,0.0,0.0,0.0,4757.0,-1.0406643905049406e+34,7295.0,-0.0,2.718431101732002e+23,-107615360.0,0.0,0.0,0.0,0.0,0.0,77,152018488393728.0,-152017112662016.0,0.0,0.0,0.0,0.0,0.0,0.0,0.0,0,0,0,0.0,0.0,0.0,0.0,0.0,0.0,0.0,0.0,0.0,0.0,0.0,0.0,0.0,0.0,0.0,0.0,0,-107875648.0,77,0.0,154,0.0,-0.0,ERR,ERR,ERR,ERR,ERR,ERR,ERR,ERR,ERR,ERR,ERR,ERR,ERR,ERR,ERR,ERR,ERR,ERR,ERR,ERR,ERR,ERR,ERR,ERR,ERR,ERR,ERR,ERR,ERR,ERR,ERR,ERR,ERR,ERR,ERR,ERR,ERR,ERR,ERR,ERR,ERR,ERR,ERR,ERR,ERR,ERR,ERR,ERR,ERR,ERR,ERR,ERR,ERR,ERR,ERR,ERR,ERR,ERR,ERR,ERR,ERR,ERR,ERR,ERR,ERR,ERR,ERR,34.0,80.0,35,0.0,0.0,0.0,0.0,0.0,0.0,0.0,0.0,0.0,0.0,0.0,0.0,0.0,0.0,0.0,0.0,66.0,0,120,58,54,65476,0,300,0,0,8,20529,65476,0,0,57672,80.0,0.0,0.0,0.0,0.0,0.0
2026-06-18T02:26:46,ERR,ERR,ERR,ERR,ERR,ERR,ERR,ERR,ERR,ERR,ERR,ERR,ERR,ERR,ERR,ERR,ERR,ERR,ERR,ERR,ERR,ERR,ERR,ERR,ERR,ERR,ERR,ERR,ERR,ERR,ERR,ERR,ERR,ERR,ERR,ERR,ERR,ERR,ERR,ERR,ERR,ERR,ERR,ERR,ERR,ERR,ERR,ERR,ERR,ERR,ERR,ERR,ERR,ERR,ERR,ERR,ERR,ERR,ERR,ERR,ERR,ERR,ERR,ERR,ERR,ERR,ERR,ERR,ERR,ERR,ERR,ERR,ERR,ERR,ERR,ERR,ERR,ERR,ERR,ERR,ERR,ERR,ERR,ERR,ERR,ERR,ERR,ERR,ERR,ERR,ERR,ERR,ERR,ERR,ERR,ERR,ERR,ERR,ERR,ERR,ERR,ERR,ERR,ERR,ERR,ERR,ERR,ERR,ERR,ERR,ERR,ERR,ERR,ERR,ERR,ERR,ERR,ERR,ERR,ERR,ERR,ERR,ERR,ERR,ERR,-0.0,2.718431101732002e+23,-0.0,-4.9501291711397626e+32,-0.0,1.3936040501711995e+18,7.805,-0.0,0,0,4,48930,6720,14723890282496.0,100,0.0,0.0,0.0,89215.008,0.0,0,0,0,0,0.0,0,0,0,0,0,0,0,0,0,0,0,0,0,0,0,0,0,0,0,0,0,0,0,0,0,0,0,0,0,0,0,0,0,26,51,50,76,65476,0,300,0,0,8,21553,0.0,-107605600.0,0.0,0.0,0.0,0.0,0.0,0.0,0.0,0.0,0.0,0.0,0.0,0.0,0.0,0.0,0.0,0.0,0.0,0.0,0.0,0.0,0.0,-0.0,0.0,2.004,0.0,0.0,0.0,0.0,4757.0,-1.0406643905049406e+34,7295.0,-0.0,2.718431101732002e+23,-107615360.0,0.0,0.0,0.0,0.0,0.0,77,152018488393728.0,-152017112662016.0,0.0,0.0,0.0,0.0,0.0,0.0,0.0,0,0,0,0.0,0.0,0.0,0.0,0.0,0.0,0.0,0.0,0.0,0.0,0.0,0.0,0.0,0.0,0.0,0.0,0,-107875648.0,77,0.0,154,0.0,-0.0,ERR,ERR,ERR,ERR,ERR,ERR,ERR,ERR,ERR,ERR,ERR,ERR,ERR,ERR,ERR,ERR,ERR,ERR,ERR,ERR,ERR,ERR,ERR,ERR,ERR,ERR,ERR,ERR,ERR,ERR,ERR,ERR,ERR,ERR,ERR,ERR,ERR,ERR,ERR,ERR,ERR,ERR,ERR,ERR,ERR,ERR,ERR,ERR,ERR,ERR,ERR,ERR,ERR,ERR,ERR,ERR,ERR,ERR,ERR,ERR,ERR,ERR,ERR,ERR,ERR,ERR,ERR,34.0,80.0,35,0.0,0.0,0.0,0.0,0.0,0.0,0.0,0.0,0.0,0.0,0.0,0.0,0.0,0.0,0.0,0.0,66.0,0,120,58,54,65476,0,300,0,0,8,20529,65476,0,0,57672,80.0,0.0,0.0,0.0,0.0,0.0
2026-06-18T02:26:47,ERR,ERR,ERR,ERR,ERR,ERR,ERR,ERR,ERR,ERR,ERR,ERR,ERR,ERR,ERR,ERR,ERR,ERR,ERR,ERR,ERR,ERR,ERR,ERR,ERR,ERR,ERR,ERR,ERR,ERR,ERR,ERR,ERR,ERR,ERR,ERR,ERR,ERR,ERR,ERR,ERR,ERR,ERR,ERR,ERR,ERR,ERR,ERR,ERR,ERR,ERR,ERR,ERR,ERR,ERR,ERR,ERR,ERR,ERR,ERR,ERR,ERR,ERR,ERR,ERR,ERR,ERR,ERR,ERR,ERR,ERR,ERR,ERR,ERR,ERR,ERR,ERR,ERR,ERR,ERR,ERR,ERR,ERR,ERR,ERR,ERR,ERR,ERR,ERR,ERR,ERR,ERR,ERR,ERR,ERR,ERR,ERR,ERR,ERR,ERR,ERR,ERR,ERR,ERR,ERR,ERR,ERR,ERR,ERR,ERR,ERR,ERR,ERR,ERR,ERR,ERR,ERR,ERR,ERR,ERR,ERR,ERR,ERR,ERR,ERR,-0.0,2.718431101732002e+23,-0.0,-4.9501291711397626e+32,-0.0,1.3936040501711995e+18,7.805,-0.0,0,0,4,48930,6720,14723890282496.0,100,0.0,0.0,0.0,89215.008,0.0,0,0,0,0,0.0,0,0,0,0,0,0,0,0,0,0,0,0,0,0,0,0,0,0,0,0,0,0,0,0,0,0,0,0,0,0,0,0,0,26,51,50,76,65476,0,300,0,0,8,21553,0.0,-107605600.0,0.0,0.0,0.0,0.0,0.0,0.0,0.0,0.0,0.0,0.0,0.0,0.0,0.0,0.0,0.0,0.0,0.0,0.0,0.0,0.0,0.0,-0.0,0.0,2.004,0.0,0.0,0.0,0.0,4757.0,-1.0406643905049406e+34,7295.0,-0.0,2.718431101732002e+23,-107615360.0,0.0,0.0,0.0,0.0,0.0,77,152018488393728.0,-152017112662016.0,0.0,0.0,0.0,0.0,0.0,0.0,0.0,0,0,0,0.0,0.0,0.0,0.0,0.0,0.0,0.0,0.0,0.0,0.0,0.0,0.0,0.0,0.0,0.0,0.0,0,-107875648.0,77,0.0,154,0.0,-0.0,ERR,ERR,ERR,ERR,ERR,ERR,ERR,ERR,ERR,ERR,ERR,ERR,ERR,ERR,ERR,ERR,ERR,ERR,ERR,ERR,ERR,ERR,ERR,ERR,ERR,ERR,ERR,ERR,ERR,ERR,ERR,ERR,ERR,ERR,ERR,ERR,ERR,ERR,ERR,ERR,ERR,ERR,ERR,ERR,ERR,ERR,ERR,ERR,ERR,ERR,ERR,ERR,ERR,ERR,ERR,ERR,ERR,ERR,ERR,ERR,ERR,ERR,ERR,ERR,ERR,ERR,ERR,34.0,80.0,35,0.0,0.0,0.0,0.0,0.0,0.0,0.0,0.0,0.0,0.0,0.0,0.0,0.0,0.0,0.0,0.0,66.0,0,120,58,54,65476,0,300,0,0,8,20529,65476,0,0,57672,80.0,0.0,0.0,0.0,0.0,0.0
2026-06-18T02:26:48,ERR,ERR,ERR,ERR,ERR,ERR,ERR,ERR,ERR,ERR,ERR,ERR,ERR,ERR,ERR,ERR,ERR,ERR,ERR,ERR,ERR,ERR,ERR,ERR,ERR,ERR,ERR,ERR,ERR,ERR,ERR,ERR,ERR,ERR,ERR,ERR,ERR,ERR,ERR,ERR,ERR,ERR,ERR,ERR,ERR,ERR,ERR,ERR,ERR,ERR,ERR,ERR,ERR,ERR,ERR,ERR,ERR,ERR,ERR,ERR,ERR,ERR,ERR,ERR,ERR,ERR,ERR,ERR,ERR,ERR,ERR,ERR,ERR,ERR,ERR,ERR,ERR,ERR,ERR,ERR,ERR,ERR,ERR,ERR,ERR,ERR,ERR,ERR,ERR,ERR,ERR,ERR,ERR,ERR,ERR,ERR,ERR,ERR,ERR,ERR,ERR,ERR,ERR,ERR,ERR,ERR,ERR,ERR,ERR,ERR,ERR,ERR,ERR,ERR,ERR,ERR,ERR,ERR,ERR,ERR,ERR,ERR,ERR,ERR,ERR,-0.0,2.718431101732002e+23,-0.0,-4.9501291711397626e+32,-0.0,1.3936040501711995e+18,7.805,-0.0,0,0,4,48930,6720,14723890282496.0,100,0.0,0.0,0.0,89215.008,0.0,0,0,0,0,0.0,0,0,0,0,0,0,0,0,0,0,0,0,0,0,0,0,0,0,0,0,0,0,0,0,0,0,0,0,0,0,0,0,0,26,51,50,76,65476,0,300,0,0,8,21553,0.0,-107605600.0,0.0,0.0,0.0,0.0,0.0,0.0,0.0,0.0,0.0,0.0,0.0,0.0,0.0,0.0,0.0,0.0,0.0,0.0,0.0,0.0,0.0,-0.0,0.0,2.004,0.0,0.0,0.0,0.0,4757.0,-1.0406643905049406e+34,7295.0,-0.0,2.718431101732002e+23,-107615360.0,0.0,0.0,0.0,0.0,0.0,77,152018488393728.0,-152017112662016.0,0.0,0.0,0.0,0.0,0.0,0.0,0.0,0,0,0,0.0,0.0,0.0,0.0,0.0,0.0,0.0,0.0,0.0,0.0,0.0,0.0,0.0,0.0,0.0,0.0,0,-107875648.0,77,0.0,154,0.0,-0.0,ERR,ERR,ERR,ERR,ERR,ERR,ERR,ERR,ERR,ERR,ERR,ERR,ERR,ERR,ERR,ERR,ERR,ERR,ERR,ERR,ERR,ERR,ERR,ERR,ERR,ERR,ERR,ERR,ERR,ERR,ERR,ERR,ERR,ERR,ERR,ERR,ERR,ERR,ERR,ERR,ERR,ERR,ERR,ERR,ERR,ERR,ERR,ERR,ERR,ERR,ERR,ERR,ERR,ERR,ERR,ERR,ERR,ERR,ERR,ERR,ERR,ERR,ERR,ERR,ERR,ERR,ERR,34.0,80.0,35,0.0,0.0,0.0,0.0,0.0,0.0,0.0,0.0,0.0,0.0,0.0,0.0,0.0,0.0,0.0,0.0,66.0,0,120,58,54,65476,0,300,0,0,8,20529,65476,0,0,57672,80.0,0.0,0.0,0.0,0.0,0.0
2026-06-18T02:26:49,ERR,ERR,ERR,ERR,ERR,ERR,ERR,ERR,ERR,ERR,ERR,ERR,ERR,ERR,ERR,ERR,ERR,ERR,ERR,ERR,ERR,ERR,ERR,ERR,ERR,ERR,ERR,ERR,ERR,ERR,ERR,ERR,ERR,ERR,ERR,ERR,ERR,ERR,ERR,ERR,ERR,ERR,ERR,ERR,ERR,ERR,ERR,ERR,ERR,ERR,ERR,ERR,ERR,ERR,ERR,ERR,ERR,ERR,ERR,ERR,ERR,ERR,ERR,ERR,ERR,ERR,ERR,ERR,ERR,ERR,ERR,ERR,ERR,ERR,ERR,ERR,ERR,ERR,ERR,ERR,ERR,ERR,ERR,ERR,ERR,ERR,ERR,ERR,ERR,ERR,ERR,ERR,ERR,ERR,ERR,ERR,ERR,ERR,ERR,ERR,ERR,ERR,ERR,ERR,ERR,ERR,ERR,ERR,ERR,ERR,ERR,ERR,ERR,ERR,ERR,ERR,ERR,ERR,ERR,ERR,ERR,ERR,ERR,ERR,ERR,-0.0,2.718431101732002e+23,-0.0,89215.008,-0.0,1.3936040501711995e+18,7.805,-2.3781067836720624e+20,0,0,4,48935,6720,14723890282496.0,100,0.0,0.0,0.0,89215.008,0.0,0,0,0,0,0.0,0,0,0,0,0,0,0,0,0,0,0,0,0,0,0,0,0,0,0,0,0,0,0,0,0,0,0,0,0,0,0,0,0,26,51,50,76,65476,0,300,0,0,8,21553,0.0,-107605600.0,0.0,0.0,0.0,0.0,0.0,0.0,0.0,0.0,0.0,0.0,0.0,0.0,0.0,0.0,0.0,0.0,0.0,0.0,0.0,0.0,0.0,-0.0,0.0,2.004,0.0,0.0,0.0,0.0,4785.0,0.0,7268.0,-0.0,2.718431101732002e+23,-107615360.0,0.0,0.0,0.0,0.0,0.0,77,152018488393728.0,-2.308826292123106e+20,0.0,0.0,0.0,0.0,0.0,0.0,0.0,0,0,0,0.0,0.0,0.0,0.0,0.0,0.0,0.0,0.0,0.0,0.0,0.0,0.0,0.0,0.0,0.0,0.0,0,-107875648.0,77,0.0,154,0.0,-0.0,ERR,ERR,ERR,ERR,ERR,ERR,ERR,ERR,ERR,ERR,ERR,ERR,ERR,ERR,ERR,ERR,ERR,ERR,ERR,ERR,ERR,ERR,ERR,ERR,ERR,ERR,ERR,ERR,ERR,ERR,ERR,ERR,ERR,ERR,ERR,ERR,ERR,ERR,ERR,ERR,ERR,ERR,ERR,ERR,ERR,ERR,ERR,ERR,ERR,ERR,ERR,ERR,ERR,ERR,ERR,ERR,ERR,ERR,ERR,ERR,ERR,ERR,ERR,ERR,ERR,ERR,ERR,34.0,80.0,35,0.0,0.0,0.0,0.0,0.0,0.0,0.0,0.0,0.0,0.0,0.0,0.0,0.0,0.0,0.0,0.0,66.0,0,120,58,54,65476,0,300,0,0,8,20529,65476,0,0,57672,80.0,0.0,0.0,0.0,0.0,0.0
2026-06-18T02:26:50,ERR,ERR,ERR,ERR,ERR,ERR,ERR,ERR,ERR,ERR,ERR,ERR,ERR,ERR,ERR,ERR,ERR,ERR,ERR,ERR,ERR,ERR,ERR,ERR,ERR,ERR,ERR,ERR,ERR,ERR,ERR,ERR,ERR,ERR,ERR,ERR,ERR,ERR,ERR,ERR,ERR,ERR,ERR,ERR,ERR,ERR,ERR,ERR,ERR,ERR,ERR,ERR,ERR,ERR,ERR,ERR,ERR,ERR,ERR,ERR,ERR,ERR,ERR,ERR,ERR,ERR,ERR,ERR,ERR,ERR,ERR,ERR,ERR,ERR,ERR,ERR,ERR,ERR,ERR,ERR,ERR,ERR,ERR,ERR,ERR,ERR,ERR,ERR,ERR,ERR,ERR,ERR,ERR,ERR,ERR,ERR,ERR,ERR,ERR,ERR,ERR,ERR,ERR,ERR,ERR,ERR,ERR,ERR,ERR,ERR,ERR,ERR,ERR,ERR,ERR,ERR,ERR,ERR,ERR,ERR,ERR,ERR,ERR,ERR,ERR,-0.0,2.718431101732002e+23,-0.0,89215.008,-0.0,1.3936040501711995e+18,7.805,-2.3781067836720624e+20,0,0,4,48935,6720,14723890282496.0,100,0.0,0.0,0.0,89215.008,0.0,0,0,0,0,0.0,0,0,0,0,0,0,0,0,0,0,0,0,0,0,0,0,0,0,0,0,0,0,0,0,0,0,0,0,0,0,0,0,0,26,51,50,76,65476,0,300,0,0,8,21553,0.0,-107605600.0,0.0,0.0,0.0,0.0,0.0,0.0,0.0,0.0,0.0,0.0,0.0,0.0,0.0,0.0,0.0,0.0,0.0,0.0,0.0,0.0,0.0,-0.0,0.0,2.004,0.0,0.0,0.0,0.0,4785.0,0.0,7268.0,-0.0,2.718431101732002e+23,-107615360.0,0.0,0.0,0.0,0.0,0.0,77,152018488393728.0,-2.308826292123106e+20,0.0,0.0,0.0,0.0,0.0,0.0,0.0,0,0,0,0.0,0.0,0.0,0.0,0.0,0.0,0.0,0.0,0.0,0.0,0.0,0.0,0.0,0.0,0.0,0.0,0,-107875648.0,77,0.0,154,0.0,-0.0,ERR,ERR,ERR,ERR,ERR,ERR,ERR,ERR,ERR,ERR,ERR,ERR,ERR,ERR,ERR,ERR,ERR,ERR,ERR,ERR,ERR,ERR,ERR,ERR,ERR,ERR,ERR,ERR,ERR,ERR,ERR,ERR,ERR,ERR,ERR,ERR,ERR,ERR,ERR,ERR,ERR,ERR,ERR,ERR,ERR,ERR,ERR,ERR,ERR,ERR,ERR,ERR,ERR,ERR,ERR,ERR,ERR,ERR,ERR,ERR,ERR,ERR,ERR,ERR,ERR,ERR,ERR,34.0,80.0,35,0.0,0.0,0.0,0.0,0.0,0.0,0.0,0.0,0.0,0.0,0.0,0.0,0.0,0.0,0.0,0.0,66.0,0,120,58,54,65476,0,300,0,0,8,20529,65476,0,0,57672,80.0,0.0,0.0,0.0,0.0,0.0
2026-06-18T02:26:51,ERR,ERR,ERR,ERR,ERR,ERR,ERR,ERR,ERR,ERR,ERR,ERR,ERR,ERR,ERR,ERR,ERR,ERR,ERR,ERR,ERR,ERR,ERR,ERR,ERR,ERR,ERR,ERR,ERR,ERR,ERR,ERR,ERR,ERR,ERR,ERR,ERR,ERR,ERR,ERR,ERR,ERR,ERR,ERR,ERR,ERR,ERR,ERR,ERR,ERR,ERR,ERR,ERR,ERR,ERR,ERR,ERR,ERR,ERR,ERR,ERR,ERR,ERR,ERR,ERR,ERR,ERR,ERR,ERR,ERR,ERR,ERR,ERR,ERR,ERR,ERR,ERR,ERR,ERR,ERR,ERR,ERR,ERR,ERR,ERR,ERR,ERR,ERR,ERR,ERR,ERR,ERR,ERR,ERR,ERR,ERR,ERR,ERR,ERR,ERR,ERR,ERR,ERR,ERR,ERR,ERR,ERR,ERR,ERR,ERR,ERR,ERR,ERR,ERR,ERR,ERR,ERR,ERR,ERR,ERR,ERR,ERR,ERR,ERR,ERR,-0.0,2.718431101732002e+23,-0.0,89215.008,-0.0,1.3936040501711995e+18,7.805,-2.3781067836720624e+20,0,0,4,48935,6720,14723890282496.0,100,0.0,0.0,0.0,89215.008,0.0,0,0,0,0,0.0,0,0,0,0,0,0,0,0,0,0,0,0,0,0,0,0,0,0,0,0,0,0,0,0,0,0,0,0,0,0,0,0,0,26,51,50,76,65476,0,300,0,0,8,21553,0.0,-107605600.0,0.0,0.0,0.0,0.0,0.0,0.0,0.0,0.0,0.0,0.0,0.0,0.0,0.0,0.0,0.0,0.0,0.0,0.0,0.0,0.0,0.0,-0.0,0.0,2.004,0.0,0.0,0.0,0.0,4785.0,0.0,7268.0,-0.0,2.718431101732002e+23,-107615360.0,0.0,0.0,0.0,0.0,0.0,77,152018488393728.0,-2.308826292123106e+20,0.0,0.0,0.0,0.0,0.0,0.0,0.0,0,0,0,0.0,0.0,0.0,0.0,0.0,0.0,0.0,0.0,0.0,0.0,0.0,0.0,0.0,0.0,0.0,0.0,0,-107875648.0,77,0.0,154,0.0,-0.0,ERR,ERR,ERR,ERR,ERR,ERR,ERR,ERR,ERR,ERR,ERR,ERR,ERR,ERR,ERR,ERR,ERR,ERR,ERR,ERR,ERR,ERR,ERR,ERR,ERR,ERR,ERR,ERR,ERR,ERR,ERR,ERR,ERR,ERR,ERR,ERR,ERR,ERR,ERR,ERR,ERR,ERR,ERR,ERR,ERR,ERR,ERR,ERR,ERR,ERR,ERR,ERR,ERR,ERR,ERR,ERR,ERR,ERR,ERR,ERR,ERR,ERR,ERR,ERR,ERR,ERR,ERR,34.0,80.0,35,0.0,0.0,0.0,0.0,0.0,0.0,0.0,0.0,0.0,0.0,0.0,0.0,0.0,0.0,0.0,0.0,66.4,0,120,58,54,65476,0,300,0,0,8,20529,65476,0,0,57672,80.0,0.0,0.0,0.0,0.0,0.0
2026-06-18T02:26:52,ERR,ERR,ERR,ERR,ERR,ERR,ERR,ERR,ERR,ERR,ERR,ERR,ERR,ERR,ERR,ERR,ERR,ERR,ERR,ERR,ERR,ERR,ERR,ERR,ERR,ERR,ERR,ERR,ERR,ERR,ERR,ERR,ERR,ERR,ERR,ERR,ERR,ERR,ERR,ERR,ERR,ERR,ERR,ERR,ERR,ERR,ERR,ERR,ERR,ERR,ERR,ERR,ERR,ERR,ERR,ERR,ERR,ERR,ERR,ERR,ERR,ERR,ERR,ERR,ERR,ERR,ERR,ERR,ERR,ERR,ERR,ERR,ERR,ERR,ERR,ERR,ERR,ERR,ERR,ERR,ERR,ERR,ERR,ERR,ERR,ERR,ERR,ERR,ERR,ERR,ERR,ERR,ERR,ERR,ERR,ERR,ERR,ERR,ERR,ERR,ERR,ERR,ERR,ERR,ERR,ERR,ERR,ERR,ERR,ERR,ERR,ERR,ERR,ERR,ERR,ERR,ERR,ERR,ERR,ERR,ERR,ERR,ERR,ERR,ERR,-0.0,2.718431101732002e+23,-0.0,89215.008,-0.0,1.3936040501711995e+18,7.805,-2.3781067836720624e+20,0,0,4,48935,6720,14723890282496.0,100,0.0,0.0,0.0,89215.008,0.0,0,0,0,0,0.0,0,0,0,0,0,0,0,0,0,0,0,0,0,0,0,0,0,0,0,0,0,0,0,0,0,0,0,0,0,0,0,0,0,26,51,50,76,65476,0,300,0,0,8,21553,0.0,-107605600.0,0.0,0.0,0.0,0.0,0.0,0.0,0.0,0.0,0.0,0.0,0.0,0.0,0.0,0.0,0.0,0.0,0.0,0.0,0.0,0.0,0.0,-0.0,0.0,2.004,0.0,0.0,0.0,0.0,4785.0,0.0,7268.0,-0.0,2.718431101732002e+23,-107615360.0,0.0,0.0,0.0,0.0,0.0,77,152018488393728.0,-2.308826292123106e+20,0.0,0.0,0.0,0.0,0.0,0.0,0.0,0,0,0,0.0,0.0,0.0,0.0,0.0,0.0,0.0,0.0,0.0,0.0,0.0,0.0,0.0,0.0,0.0,0.0,0,-107875648.0,77,0.0,154,0.0,-0.0,ERR,ERR,ERR,ERR,ERR,ERR,ERR,ERR,ERR,ERR,ERR,ERR,ERR,ERR,ERR,ERR,ERR,ERR,ERR,ERR,ERR,ERR,ERR,ERR,ERR,ERR,ERR,ERR,ERR,ERR,ERR,ERR,ERR,ERR,ERR,ERR,ERR,ERR,ERR,ERR,ERR,ERR,ERR,ERR,ERR,ERR,ERR,ERR,ERR,ERR,ERR,ERR,ERR,ERR,ERR,ERR,ERR,ERR,ERR,ERR,ERR,ERR,ERR,ERR,ERR,ERR,ERR,34.0,80.0,35,0.0,0.0,0.0,0.0,0.0,0.0,0.0,0.0,0.0,0.0,0.0,0.0,0.0,0.0,0.0,0.0,66.4,0,120,58,54,65476,0,300,0,0,8,20529,65476,0,0,57672,80.0,0.0,0.0,0.0,0.0,0.0
2026-06-18T02:26:53,ERR,ERR,ERR,ERR,ERR,ERR,ERR,ERR,ERR,ERR,ERR,ERR,ERR,ERR,ERR,ERR,ERR,ERR,ERR,ERR,ERR,ERR,ERR,ERR,ERR,ERR,ERR,ERR,ERR,ERR,ERR,ERR,ERR,ERR,ERR,ERR,ERR,ERR,ERR,ERR,ERR,ERR,ERR,ERR,ERR,ERR,ERR,ERR,ERR,ERR,ERR,ERR,ERR,ERR,ERR,ERR,ERR,ERR,ERR,ERR,ERR,ERR,ERR,ERR,ERR,ERR,ERR,ERR,ERR,ERR,ERR,ERR,ERR,ERR,ERR,ERR,ERR,ERR,ERR,ERR,ERR,ERR,ERR,ERR,ERR,ERR,ERR,ERR,ERR,ERR,ERR,ERR,ERR,ERR,ERR,ERR,ERR,ERR,ERR,ERR,ERR,ERR,ERR,ERR,ERR,ERR,ERR,ERR,ERR,ERR,ERR,ERR,ERR,ERR,ERR,ERR,ERR,ERR,ERR,ERR,ERR,ERR,ERR,ERR,ERR,-0.0,2.718431101732002e+23,-0.0,89215.008,-0.0,1.3936040501711995e+18,7.805,-2.3781067836720624e+20,0,0,4,48935,6720,14723890282496.0,100,0.0,0.0,0.0,89215.008,0.0,0,0,0,0,0.0,0,0,0,0,0,0,0,0,0,0,0,0,0,0,0,0,0,0,0,0,0,0,0,0,0,0,0,0,0,0,0,0,0,26,51,50,76,65476,0,300,0,0,8,21553,0.0,-107605600.0,0.0,0.0,0.0,0.0,0.0,0.0,0.0,0.0,0.0,0.0,0.0,0.0,0.0,0.0,0.0,0.0,0.0,0.0,0.0,0.0,0.0,-0.0,0.0,2.004,0.0,0.0,0.0,0.0,4785.0,0.0,7268.0,-0.0,2.718431101732002e+23,-107615360.0,0.0,0.0,0.0,0.0,0.0,77,152018488393728.0,-2.308826292123106e+20,0.0,0.0,0.0,0.0,0.0,0.0,0.0,0,0,0,0.0,0.0,0.0,0.0,0.0,0.0,0.0,0.0,0.0,0.0,0.0,0.0,0.0,0.0,0.0,0.0,0,-107875648.0,77,0.0,154,0.0,-0.0,ERR,ERR,ERR,ERR,ERR,ERR,ERR,ERR,ERR,ERR,ERR,ERR,ERR,ERR,ERR,ERR,ERR,ERR,ERR,ERR,ERR,ERR,ERR,ERR,ERR,ERR,ERR,ERR,ERR,ERR,ERR,ERR,ERR,ERR,ERR,ERR,ERR,ERR,ERR,ERR,ERR,ERR,ERR,ERR,ERR,ERR,ERR,ERR,ERR,ERR,ERR,ERR,ERR,ERR,ERR,ERR,ERR,ERR,ERR,ERR,ERR,ERR,ERR,ERR,ERR,ERR,ERR,34.0,80.0,35,0.0,0.0,0.0,0.0,0.0,0.0,0.0,0.0,0.0,0.0,0.0,0.0,0.0,0.0,0.0,0.0,66.0,0,120,58,54,65476,0,300,0,0,8,20529,65476,0,0,57672,80.0,0.0,0.0,0.0,0.0,0.0
2026-06-18T02:26:54,ERR,ERR,ERR,ERR,ERR,ERR,ERR,ERR,ERR,ERR,ERR,ERR,ERR,ERR,ERR,ERR,ERR,ERR,ERR,ERR,ERR,ERR,ERR,ERR,ERR,ERR,ERR,ERR,ERR,ERR,ERR,ERR,ERR,ERR,ERR,ERR,ERR,ERR,ERR,ERR,ERR,ERR,ERR,ERR,ERR,ERR,ERR,ERR,ERR,ERR,ERR,ERR,ERR,ERR,ERR,ERR,ERR,ERR,ERR,ERR,ERR,ERR,ERR,ERR,ERR,ERR,ERR,ERR,ERR,ERR,ERR,ERR,ERR,ERR,ERR,ERR,ERR,ERR,ERR,ERR,ERR,ERR,ERR,ERR,ERR,ERR,ERR,ERR,ERR,ERR,ERR,ERR,ERR,ERR,ERR,ERR,ERR,ERR,ERR,ERR,ERR,ERR,ERR,ERR,ERR,ERR,ERR,ERR,ERR,ERR,ERR,ERR,ERR,ERR,ERR,ERR,ERR,ERR,ERR,ERR,ERR,ERR,ERR,ERR,ERR,-0.0,2.718431101732002e+23,-0.0,-0.0,0.0,1.3936040501711995e+18,7.805,2.395,0,0,4,48936,6720,14723890282496.0,100,0.0,0.0,0.0,89215.008,0.0,0,0,0,0,0.0,0,0,0,0,0,0,0,0,0,0,0,0,0,0,0,0,0,0,0,0,0,0,0,0,0,0,0,0,0,0,0,0,0,26,51,50,76,65476,0,300,0,0,8,21553,0.0,-107605600.0,0.0,0.0,0.0,0.0,0.0,0.0,0.0,0.0,0.0,0.0,0.0,0.0,0.0,0.0,0.0,0.0,0.0,0.0,0.0,0.0,0.0,-0.0,0.0,2.004,0.0,0.0,0.0,0.0,4784.0,0.0,7266.0,-0.0,2.718431101732002e+23,-107615360.0,0.0,0.0,0.0,0.0,0.0,77,126841126912.0,-107614704.0,0.0,0.0,0.0,0.0,0.0,0.0,0.0,0,0,0,0.0,0.0,0.0,0.0,0.0,0.0,0.0,0.0,0.0,0.0,0.0,0.0,0.0,0.0,0.0,0.0,0,-107875648.0,77,0.0,154,0.0,-0.0,ERR,ERR,ERR,ERR,ERR,ERR,ERR,ERR,ERR,ERR,ERR,ERR,ERR,ERR,ERR,ERR,ERR,ERR,ERR,ERR,ERR,ERR,ERR,ERR,ERR,ERR,ERR,ERR,ERR,ERR,ERR,ERR,ERR,ERR,ERR,ERR,ERR,ERR,ERR,ERR,ERR,ERR,ERR,ERR,ERR,ERR,ERR,ERR,ERR,ERR,ERR,ERR,ERR,ERR,ERR,ERR,ERR,ERR,ERR,ERR,ERR,ERR,ERR,ERR,ERR,ERR,ERR,34.0,80.0,35,0.0,0.0,0.0,0.0,0.0,0.0,0.0,0.0,0.0,0.0,0.0,0.0,0.0,0.0,0.0,0.0,66.0,0,120,58,54,65476,0,300,0,0,8,20529,65476,0,0,57672,80.0,0.0,0.0,0.0,0.0,0.0
2026-06-18T02:26:55,ERR,ERR,ERR,ERR,ERR,ERR,ERR,ERR,ERR,ERR,ERR,ERR,ERR,ERR,ERR,ERR,ERR,ERR,ERR,ERR,ERR,ERR,ERR,ERR,ERR,ERR,ERR,ERR,ERR,ERR,ERR,ERR,ERR,ERR,ERR,ERR,ERR,ERR,ERR,ERR,ERR,ERR,ERR,ERR,ERR,ERR,ERR,ERR,ERR,ERR,ERR,ERR,ERR,ERR,ERR,ERR,ERR,ERR,ERR,ERR,ERR,ERR,ERR,ERR,ERR,ERR,ERR,ERR,ERR,ERR,ERR,ERR,ERR,ERR,ERR,ERR,ERR,ERR,ERR,ERR,ERR,ERR,ERR,ERR,ERR,ERR,ERR,ERR,ERR,ERR,ERR,ERR,ERR,ERR,ERR,ERR,ERR,ERR,ERR,ERR,ERR,ERR,ERR,ERR,ERR,ERR,ERR,ERR,ERR,ERR,ERR,ERR,ERR,ERR,ERR,ERR,ERR,ERR,ERR,ERR,ERR,ERR,ERR,ERR,ERR,-0.0,2.718431101732002e+23,-0.0,-0.0,0.0,1.3936040501711995e+18,7.805,2.395,0,0,4,48936,6720,14723890282496.0,100,0.0,0.0,0.0,89215.008,0.0,0,0,0,0,0.0,0,0,0,0,0,0,0,0,0,0,0,0,0,0,0,0,0,0,0,0,0,0,0,0,0,0,0,0,0,0,0,0,0,26,51,50,76,65476,0,300,0,0,8,21553,0.0,-107605600.0,0.0,0.0,0.0,0.0,0.0,0.0,0.0,0.0,0.0,0.0,0.0,0.0,0.0,0.0,0.0,0.0,0.0,0.0,0.0,0.0,0.0,-0.0,0.0,2.004,0.0,0.0,0.0,0.0,4784.0,0.0,7266.0,-0.0,2.718431101732002e+23,-107615360.0,0.0,0.0,0.0,0.0,0.0,77,126841126912.0,-107614704.0,0.0,0.0,0.0,0.0,0.0,0.0,0.0,0,0,0,0.0,0.0,0.0,0.0,0.0,0.0,0.0,0.0,0.0,0.0,0.0,0.0,0.0,0.0,0.0,0.0,0,-107875648.0,77,0.0,154,0.0,-0.0,ERR,ERR,ERR,ERR,ERR,ERR,ERR,ERR,ERR,ERR,ERR,ERR,ERR,ERR,ERR,ERR,ERR,ERR,ERR,ERR,ERR,ERR,ERR,ERR,ERR,ERR,ERR,ERR,ERR,ERR,ERR,ERR,ERR,ERR,ERR,ERR,ERR,ERR,ERR,ERR,ERR,ERR,ERR,ERR,ERR,ERR,ERR,ERR,ERR,ERR,ERR,ERR,ERR,ERR,ERR,ERR,ERR,ERR,ERR,ERR,ERR,ERR,ERR,ERR,ERR,ERR,ERR,34.0,80.0,35,0.0,0.0,0.0,0.0,0.0,0.0,0.0,0.0,0.0,0.0,0.0,0.0,0.0,0.0,0.0,0.0,66.4,0,120,58,54,65476,0,300,0,0,8,20529,65476,0,0,57672,80.0,0.0,0.0,0.0,0.0,0.0
2026-06-18T02:26:56,ERR,ERR,ERR,ERR,ERR,ERR,ERR,ERR,ERR,ERR,ERR,ERR,ERR,ERR,ERR,ERR,ERR,ERR,ERR,ERR,ERR,ERR,ERR,ERR,ERR,ERR,ERR,ERR,ERR,ERR,ERR,ERR,ERR,ERR,ERR,ERR,ERR,ERR,ERR,ERR,ERR,ERR,ERR,ERR,ERR,ERR,ERR,ERR,ERR,ERR,ERR,ERR,ERR,ERR,ERR,ERR,ERR,ERR,ERR,ERR,ERR,ERR,ERR,ERR,ERR,ERR,ERR,ERR,ERR,ERR,ERR,ERR,ERR,ERR,ERR,ERR,ERR,ERR,ERR,ERR,ERR,ERR,ERR,ERR,ERR,ERR,ERR,ERR,ERR,ERR,ERR,ERR,ERR,ERR,ERR,ERR,ERR,ERR,ERR,ERR,ERR,ERR,ERR,ERR,ERR,ERR,ERR,ERR,ERR,ERR,ERR,ERR,ERR,ERR,ERR,ERR,ERR,ERR,ERR,ERR,ERR,ERR,ERR,ERR,ERR,-0.0,2.718431101732002e+23,-0.0,-0.0,0.0,1.3936040501711995e+18,7.805,2.395,0,0,4,48936,6720,14723890282496.0,100,0.0,0.0,0.0,89215.008,0.0,0,0,0,0,0.0,0,0,0,0,0,0,0,0,0,0,0,0,0,0,0,0,0,0,0,0,0,0,0,0,0,0,0,0,0,0,0,0,0,26,51,50,76,65476,0,300,0,0,8,21553,0.0,-107605600.0,0.0,0.0,0.0,0.0,0.0,0.0,0.0,0.0,0.0,0.0,0.0,0.0,0.0,0.0,0.0,0.0,0.0,0.0,0.0,0.0,0.0,-0.0,0.0,2.004,0.0,0.0,0.0,0.0,4784.0,0.0,7266.0,-0.0,2.718431101732002e+23,-107615360.0,0.0,0.0,0.0,0.0,0.0,77,126841126912.0,-107614704.0,0.0,0.0,0.0,0.0,0.0,0.0,0.0,0,0,0,0.0,0.0,0.0,0.0,0.0,0.0,0.0,0.0,0.0,0.0,0.0,0.0,0.0,0.0,0.0,0.0,0,-107875648.0,77,0.0,154,0.0,-0.0,ERR,ERR,ERR,ERR,ERR,ERR,ERR,ERR,ERR,ERR,ERR,ERR,ERR,ERR,ERR,ERR,ERR,ERR,ERR,ERR,ERR,ERR,ERR,ERR,ERR,ERR,ERR,ERR,ERR,ERR,ERR,ERR,ERR,ERR,ERR,ERR,ERR,ERR,ERR,ERR,ERR,ERR,ERR,ERR,ERR,ERR,ERR,ERR,ERR,ERR,ERR,ERR,ERR,ERR,ERR,ERR,ERR,ERR,ERR,ERR,ERR,ERR,ERR,ERR,ERR,ERR,ERR,34.0,80.0,35,0.0,0.0,0.0,0.0,0.0,0.0,0.0,0.0,0.0,0.0,0.0,0.0,0.0,0.0,0.0,0.0,66.0,0,120,58,54,65476,0,300,0,0,8,20529,65476,0,0,57672,80.0,0.0,0.0,0.0,0.0,0.0
2026-06-18T02:26:57,ERR,ERR,ERR,ERR,ERR,ERR,ERR,ERR,ERR,ERR,ERR,ERR,ERR,ERR,ERR,ERR,ERR,ERR,ERR,ERR,ERR,ERR,ERR,ERR,ERR,ERR,ERR,ERR,ERR,ERR,ERR,ERR,ERR,ERR,ERR,ERR,ERR,ERR,ERR,ERR,ERR,ERR,ERR,ERR,ERR,ERR,ERR,ERR,ERR,ERR,ERR,ERR,ERR,ERR,ERR,ERR,ERR,ERR,ERR,ERR,ERR,ERR,ERR,ERR,ERR,ERR,ERR,ERR,ERR,ERR,ERR,ERR,ERR,ERR,ERR,ERR,ERR,ERR,ERR,ERR,ERR,ERR,ERR,ERR,ERR,ERR,ERR,ERR,ERR,ERR,ERR,ERR,ERR,ERR,ERR,ERR,ERR,ERR,ERR,ERR,ERR,ERR,ERR,ERR,ERR,ERR,ERR,ERR,ERR,ERR,ERR,ERR,ERR,ERR,ERR,ERR,ERR,ERR,ERR,ERR,ERR,ERR,ERR,ERR,ERR,-0.0,2.718431101732002e+23,-0.0,-0.0,0.0,1.3936040501711995e+18,7.805,2.395,0,0,4,48936,6720,14723890282496.0,100,0.0,0.0,0.0,89215.008,0.0,0,0,0,0,0.0,0,0,0,0,0,0,0,0,0,0,0,0,0,0,0,0,0,0,0,0,0,0,0,0,0,0,0,0,0,0,0,0,0,26,51,50,76,65476,0,300,0,0,8,21553,0.0,-107605600.0,0.0,0.0,0.0,0.0,0.0,0.0,0.0,0.0,0.0,0.0,0.0,0.0,0.0,0.0,0.0,0.0,0.0,0.0,0.0,0.0,0.0,-0.0,0.0,2.004,0.0,0.0,0.0,0.0,4784.0,0.0,7266.0,-0.0,2.718431101732002e+23,-107615360.0,0.0,0.0,0.0,0.0,0.0,77,126841126912.0,-107614704.0,0.0,0.0,0.0,0.0,0.0,0.0,0.0,0,0,0,0.0,0.0,0.0,0.0,0.0,0.0,0.0,0.0,0.0,0.0,0.0,0.0,0.0,0.0,0.0,0.0,0,-107875648.0,77,0.0,154,0.0,-0.0,ERR,ERR,ERR,ERR,ERR,ERR,ERR,ERR,ERR,ERR,ERR,ERR,ERR,ERR,ERR,ERR,ERR,ERR,ERR,ERR,ERR,ERR,ERR,ERR,ERR,ERR,ERR,ERR,ERR,ERR,ERR,ERR,ERR,ERR,ERR,ERR,ERR,ERR,ERR,ERR,ERR,ERR,ERR,ERR,ERR,ERR,ERR,ERR,ERR,ERR,ERR,ERR,ERR,ERR,ERR,ERR,ERR,ERR,ERR,ERR,ERR,ERR,ERR,ERR,ERR,ERR,ERR,34.0,80.0,35,0.0,0.0,0.0,0.0,0.0,0.0,0.0,0.0,0.0,0.0,0.0,0.0,0.0,0.0,0.0,0.0,66.0,0,120,58,54,65476,0,300,0,0,8,20529,65476,0,0,57672,80.0,0.0,0.0,0.0,0.0,0.0
2026-06-18T02:26:58,ERR,ERR,ERR,ERR,ERR,ERR,ERR,ERR,ERR,ERR,ERR,ERR,ERR,ERR,ERR,ERR,ERR,ERR,ERR,ERR,ERR,ERR,ERR,ERR,ERR,ERR,ERR,ERR,ERR,ERR,ERR,ERR,ERR,ERR,ERR,ERR,ERR,ERR,ERR,ERR,ERR,ERR,ERR,ERR,ERR,ERR,ERR,ERR,ERR,ERR,ERR,ERR,ERR,ERR,ERR,ERR,ERR,ERR,ERR,ERR,ERR,ERR,ERR,ERR,ERR,ERR,ERR,ERR,ERR,ERR,ERR,ERR,ERR,ERR,ERR,ERR,ERR,ERR,ERR,ERR,ERR,ERR,ERR,ERR,ERR,ERR,ERR,ERR,ERR,ERR,ERR,ERR,ERR,ERR,ERR,ERR,ERR,ERR,ERR,ERR,ERR,ERR,ERR,ERR,ERR,ERR,ERR,ERR,ERR,ERR,ERR,ERR,ERR,ERR,ERR,ERR,ERR,ERR,ERR,ERR,ERR,ERR,ERR,ERR,ERR,-0.0,2.718431101732002e+23,-0.0,-0.0,0.0,1.3936040501711995e+18,7.805,2.395,0,0,4,48936,6720,14723890282496.0,100,0.0,0.0,0.0,89215.008,0.0,0,0,0,0,0.0,0,0,0,0,0,0,0,0,0,0,0,0,0,0,0,0,0,0,0,0,0,0,0,0,0,0,0,0,0,0,0,0,0,26,51,50,76,65476,0,300,0,0,8,21553,0.0,-107605600.0,0.0,0.0,0.0,0.0,0.0,0.0,0.0,0.0,0.0,0.0,0.0,0.0,0.0,0.0,0.0,0.0,0.0,0.0,0.0,0.0,0.0,-0.0,0.0,2.004,0.0,0.0,0.0,0.0,4784.0,0.0,7266.0,-0.0,2.718431101732002e+23,-107615360.0,0.0,0.0,0.0,0.0,0.0,77,126841126912.0,-107614704.0,0.0,0.0,0.0,0.0,0.0,0.0,0.0,0,0,0,0.0,0.0,0.0,0.0,0.0,0.0,0.0,0.0,0.0,0.0,0.0,0.0,0.0,0.0,0.0,0.0,0,-107875648.0,77,0.0,154,0.0,-0.0,ERR,ERR,ERR,ERR,ERR,ERR,ERR,ERR,ERR,ERR,ERR,ERR,ERR,ERR,ERR,ERR,ERR,ERR,ERR,ERR,ERR,ERR,ERR,ERR,ERR,ERR,ERR,ERR,ERR,ERR,ERR,ERR,ERR,ERR,ERR,ERR,ERR,ERR,ERR,ERR,ERR,ERR,ERR,ERR,ERR,ERR,ERR,ERR,ERR,ERR,ERR,ERR,ERR,ERR,ERR,ERR,ERR,ERR,ERR,ERR,ERR,ERR,ERR,ERR,ERR,ERR,ERR,34.0,80.0,35,0.0,0.0,0.0,0.0,0.0,0.0,0.0,0.0,0.0,0.0,0.0,0.0,0.0,0.0,0.0,0.0,66.4,0,120,58,54,65476,0,300,0,0,8,20529,65476,0,0,57672,80.0,0.0,0.0,0.0,0.0,0.0
2026-06-18T02:26:59,ERR,ERR,ERR,ERR,ERR,ERR,ERR,ERR,ERR,ERR,ERR,ERR,ERR,ERR,ERR,ERR,ERR,ERR,ERR,ERR,ERR,ERR,ERR,ERR,ERR,ERR,ERR,ERR,ERR,ERR,ERR,ERR,ERR,ERR,ERR,ERR,ERR,ERR,ERR,ERR,ERR,ERR,ERR,ERR,ERR,ERR,ERR,ERR,ERR,ERR,ERR,ERR,ERR,ERR,ERR,ERR,ERR,ERR,ERR,ERR,ERR,ERR,ERR,ERR,ERR,ERR,ERR,ERR,ERR,ERR,ERR,ERR,ERR,ERR,ERR,ERR,ERR,ERR,ERR,ERR,ERR,ERR,ERR,ERR,ERR,ERR,ERR,ERR,ERR,ERR,ERR,ERR,ERR,ERR,ERR,ERR,ERR,ERR,ERR,ERR,ERR,ERR,ERR,ERR,ERR,ERR,ERR,ERR,ERR,ERR,ERR,ERR,ERR,ERR,ERR,ERR,ERR,ERR,ERR,ERR,ERR,ERR,ERR,ERR,ERR,-0.0,2.718431101732002e+23,-0.0,2.718290229135658e+23,-0.0,1.3936040501711995e+18,7.805,-24226.301,0,0,4,48927,6720,14723890282496.0,100,0.0,0.0,0.0,-0.0,0.0,0,0,0,0,0.0,0,0,0,0,0,0,0,0,0,0,0,0,0,0,0,0,0,0,0,0,0,0,0,0,0,0,0,0,0,0,0,0,0,26,51,50,76,65476,0,300,0,0,8,21553,0.0,-107605600.0,0.0,0.0,0.0,0.0,0.0,0.0,0.0,0.0,0.0,0.0,0.0,0.0,0.0,0.0,0.0,0.0,0.0,0.0,0.0,0.0,0.0,-0.0,0.0,2.004,0.0,0.0,0.0,0.0,4782.0,0.0,7268.0,-0.0,2.718431101732002e+23,-107615360.0,0.0,0.0,0.0,0.0,0.0,77,89221.125,-2.308826292123106e+20,0.0,0.0,0.0,0.0,0.0,0.0,0.0,0,0,0,0.0,0.0,0.0,0.0,0.0,0.0,0.0,0.0,0.0,0.0,0.0,0.0,0.0,0.0,0.0,0.0,0,-107875648.0,77,0.0,154,0.0,-0.0,ERR,ERR,ERR,ERR,ERR,ERR,ERR,ERR,ERR,ERR,ERR,ERR,ERR,ERR,ERR,ERR,ERR,ERR,ERR,ERR,ERR,ERR,ERR,ERR,ERR,ERR,ERR,ERR,ERR,ERR,ERR,ERR,ERR,ERR,ERR,ERR,ERR,ERR,ERR,ERR,ERR,ERR,ERR,ERR,ERR,ERR,ERR,ERR,ERR,ERR,ERR,ERR,ERR,ERR,ERR,ERR,ERR,ERR,ERR,ERR,ERR,ERR,ERR,ERR,ERR,ERR,ERR,34.0,80.0,35,0.0,0.0,0.0,0.0,0.0,0.0,0.0,0.0,0.0,0.0,0.0,0.0,0.0,0.0,0.0,0.0,66.4,0,120,58,54,65476,0,300,0,0,8,20529,65476,0,0,57672,80.0,0.0,0.0,0.0,0.0,0.0
2026-06-18T02:27:00,ERR,ERR,ERR,ERR,ERR,ERR,ERR,ERR,ERR,ERR,ERR,ERR,ERR,ERR,ERR,ERR,ERR,ERR,ERR,ERR,ERR,ERR,ERR,ERR,ERR,ERR,ERR,ERR,ERR,ERR,ERR,ERR,ERR,ERR,ERR,ERR,ERR,ERR,ERR,ERR,ERR,ERR,ERR,ERR,ERR,ERR,ERR,ERR,ERR,ERR,ERR,ERR,ERR,ERR,ERR,ERR,ERR,ERR,ERR,ERR,ERR,ERR,ERR,ERR,ERR,ERR,ERR,ERR,ERR,ERR,ERR,ERR,ERR,ERR,ERR,ERR,ERR,ERR,ERR,ERR,ERR,ERR,ERR,ERR,ERR,ERR,ERR,ERR,ERR,ERR,ERR,ERR,ERR,ERR,ERR,ERR,ERR,ERR,ERR,ERR,ERR,ERR,ERR,ERR,ERR,ERR,ERR,ERR,ERR,ERR,ERR,ERR,ERR,ERR,ERR,ERR,ERR,ERR,ERR,ERR,ERR,ERR,ERR,ERR,ERR,-0.0,2.718431101732002e+23,-0.0,2.718290229135658e+23,-0.0,1.3936040501711995e+18,7.805,-24226.301,0,0,4,48927,6720,14723890282496.0,100,0.0,0.0,0.0,-0.0,0.0,0,0,0,0,0.0,0,0,0,0,0,0,0,0,0,0,0,0,0,0,0,0,0,0,0,0,0,0,0,0,0,0,0,0,0,0,0,0,0,26,51,50,76,65476,0,300,0,0,8,21553,0.0,-107605600.0,0.0,0.0,0.0,0.0,0.0,0.0,0.0,0.0,0.0,0.0,0.0,0.0,0.0,0.0,0.0,0.0,0.0,0.0,0.0,0.0,0.0,-0.0,0.0,2.004,0.0,0.0,0.0,0.0,4782.0,0.0,7268.0,-0.0,2.718431101732002e+23,-107615360.0,0.0,0.0,0.0,0.0,0.0,77,89221.125,-2.308826292123106e+20,0.0,0.0,0.0,0.0,0.0,0.0,0.0,0,0,0,0.0,0.0,0.0,0.0,0.0,0.0,0.0,0.0,0.0,0.0,0.0,0.0,0.0,0.0,0.0,0.0,0,-107875648.0,77,0.0,154,0.0,-0.0,ERR,ERR,ERR,ERR,ERR,ERR,ERR,ERR,ERR,ERR,ERR,ERR,ERR,ERR,ERR,ERR,ERR,ERR,ERR,ERR,ERR,ERR,ERR,ERR,ERR,ERR,ERR,ERR,ERR,ERR,ERR,ERR,ERR,ERR,ERR,ERR,ERR,ERR,ERR,ERR,ERR,ERR,ERR,ERR,ERR,ERR,ERR,ERR,ERR,ERR,ERR,ERR,ERR,ERR,ERR,ERR,ERR,ERR,ERR,ERR,ERR,ERR,ERR,ERR,ERR,ERR,ERR,34.0,80.0,35,0.0,0.0,0.0,0.0,0.0,0.0,0.0,0.0,0.0,0.0,0.0,0.0,0.0,0.0,0.0,0.0,66.0,0,120,58,54,65476,0,300,0,0,8,20529,65476,0,0,57672,80.0,0.0,0.0,0.0,0.0,0.0
2026-06-18T02:27:01,ERR,ERR,ERR,ERR,ERR,ERR,ERR,ERR,ERR,ERR,ERR,ERR,ERR,ERR,ERR,ERR,ERR,ERR,ERR,ERR,ERR,ERR,ERR,ERR,ERR,ERR,ERR,ERR,ERR,ERR,ERR,ERR,ERR,ERR,ERR,ERR,ERR,ERR,ERR,ERR,ERR,ERR,ERR,ERR,ERR,ERR,ERR,ERR,ERR,ERR,ERR,ERR,ERR,ERR,ERR,ERR,ERR,ERR,ERR,ERR,ERR,ERR,ERR,ERR,ERR,ERR,ERR,ERR,ERR,ERR,ERR,ERR,ERR,ERR,ERR,ERR,ERR,ERR,ERR,ERR,ERR,ERR,ERR,ERR,ERR,ERR,ERR,ERR,ERR,ERR,ERR,ERR,ERR,ERR,ERR,ERR,ERR,ERR,ERR,ERR,ERR,ERR,ERR,ERR,ERR,ERR,ERR,ERR,ERR,ERR,ERR,ERR,ERR,ERR,ERR,ERR,ERR,ERR,ERR,ERR,ERR,ERR,ERR,ERR,ERR,-0.0,2.718431101732002e+23,-0.0,2.718290229135658e+23,-0.0,1.3936040501711995e+18,7.805,-24226.301,0,0,4,48927,6720,14723890282496.0,100,0.0,0.0,0.0,-0.0,0.0,0,0,0,0,0.0,0,0,0,0,0,0,0,0,0,0,0,0,0,0,0,0,0,0,0,0,0,0,0,0,0,0,0,0,0,0,0,0,0,26,51,50,76,65476,0,300,0,0,8,21553,0.0,-107605600.0,0.0,0.0,0.0,0.0,0.0,0.0,0.0,0.0,0.0,0.0,0.0,0.0,0.0,0.0,0.0,0.0,0.0,0.0,0.0,0.0,0.0,-0.0,0.0,2.004,0.0,0.0,0.0,0.0,4782.0,0.0,7268.0,-0.0,2.718431101732002e+23,-107615360.0,0.0,0.0,0.0,0.0,0.0,77,89221.125,-2.308826292123106e+20,0.0,0.0,0.0,0.0,0.0,0.0,0.0,0,0,0,0.0,0.0,0.0,0.0,0.0,0.0,0.0,0.0,0.0,0.0,0.0,0.0,0.0,0.0,0.0,0.0,0,-107875648.0,77,0.0,154,0.0,-0.0,ERR,ERR,ERR,ERR,ERR,ERR,ERR,ERR,ERR,ERR,ERR,ERR,ERR,ERR,ERR,ERR,ERR,ERR,ERR,ERR,ERR,ERR,ERR,ERR,ERR,ERR,ERR,ERR,ERR,ERR,ERR,ERR,ERR,ERR,ERR,ERR,ERR,ERR,ERR,ERR,ERR,ERR,ERR,ERR,ERR,ERR,ERR,ERR,ERR,ERR,ERR,ERR,ERR,ERR,ERR,ERR,ERR,ERR,ERR,ERR,ERR,ERR,ERR,ERR,ERR,ERR,ERR,34.0,80.0,35,0.0,0.0,0.0,0.0,0.0,0.0,0.0,0.0,0.0,0.0,0.0,0.0,0.0,0.0,0.0,0.0,66.0,0,120,58,54,65476,0,300,0,0,8,20529,65476,0,0,57672,80.0,0.0,0.0,0.0,0.0,0.0
2026-06-18T02:27:02,ERR,ERR,ERR,ERR,ERR,ERR,ERR,ERR,ERR,ERR,ERR,ERR,ERR,ERR,ERR,ERR,ERR,ERR,ERR,ERR,ERR,ERR,ERR,ERR,ERR,ERR,ERR,ERR,ERR,ERR,ERR,ERR,ERR,ERR,ERR,ERR,ERR,ERR,ERR,ERR,ERR,ERR,ERR,ERR,ERR,ERR,ERR,ERR,ERR,ERR,ERR,ERR,ERR,ERR,ERR,ERR,ERR,ERR,ERR,ERR,ERR,ERR,ERR,ERR,ERR,ERR,ERR,ERR,ERR,ERR,ERR,ERR,ERR,ERR,ERR,ERR,ERR,ERR,ERR,ERR,ERR,ERR,ERR,ERR,ERR,ERR,ERR,ERR,ERR,ERR,ERR,ERR,ERR,ERR,ERR,ERR,ERR,ERR,ERR,ERR,ERR,ERR,ERR,ERR,ERR,ERR,ERR,ERR,ERR,ERR,ERR,ERR,ERR,ERR,ERR,ERR,ERR,ERR,ERR,ERR,ERR,ERR,ERR,ERR,ERR,-0.0,2.718431101732002e+23,-0.0,2.718290229135658e+23,-0.0,1.3936040501711995e+18,7.805,-24226.301,0,0,4,48927,6720,14723890282496.0,100,0.0,0.0,0.0,-0.0,0.0,0,0,0,0,0.0,0,0,0,0,0,0,0,0,0,0,0,0,0,0,0,0,0,0,0,0,0,0,0,0,0,0,0,0,0,0,0,0,0,26,51,50,76,65476,0,300,0,0,8,21553,0.0,-107605600.0,0.0,0.0,0.0,0.0,0.0,0.0,0.0,0.0,0.0,0.0,0.0,0.0,0.0,0.0,0.0,0.0,0.0,0.0,0.0,0.0,0.0,-0.0,0.0,2.004,0.0,0.0,0.0,0.0,4782.0,0.0,7268.0,-0.0,2.718431101732002e+23,-107615360.0,0.0,0.0,0.0,0.0,0.0,77,89221.125,-2.308826292123106e+20,0.0,0.0,0.0,0.0,0.0,0.0,0.0,0,0,0,0.0,0.0,0.0,0.0,0.0,0.0,0.0,0.0,0.0,0.0,0.0,0.0,0.0,0.0,0.0,0.0,0,-107875648.0,77,0.0,154,0.0,-0.0,ERR,ERR,ERR,ERR,ERR,ERR,ERR,ERR,ERR,ERR,ERR,ERR,ERR,ERR,ERR,ERR,ERR,ERR,ERR,ERR,ERR,ERR,ERR,ERR,ERR,ERR,ERR,ERR,ERR,ERR,ERR,ERR,ERR,ERR,ERR,ERR,ERR,ERR,ERR,ERR,ERR,ERR,ERR,ERR,ERR,ERR,ERR,ERR,ERR,ERR,ERR,ERR,ERR,ERR,ERR,ERR,ERR,ERR,ERR,ERR,ERR,ERR,ERR,ERR,ERR,ERR,ERR,34.0,80.0,35,0.0,0.0,0.0,0.0,0.0,0.0,0.0,0.0,0.0,0.0,0.0,0.0,0.0,0.0,0.0,0.0,66.0,0,120,58,54,65476,0,300,0,0,8,20529,65476,0,0,57672,80.0,0.0,0.0,0.0,0.0,0.0
2026-06-18T02:27:03,ERR,ERR,ERR,ERR,ERR,ERR,ERR,ERR,ERR,ERR,ERR,ERR,ERR,ERR,ERR,ERR,ERR,ERR,ERR,ERR,ERR,ERR,ERR,ERR,ERR,ERR,ERR,ERR,ERR,ERR,ERR,ERR,ERR,ERR,ERR,ERR,ERR,ERR,ERR,ERR,ERR,ERR,ERR,ERR,ERR,ERR,ERR,ERR,ERR,ERR,ERR,ERR,ERR,ERR,ERR,ERR,ERR,ERR,ERR,ERR,ERR,ERR,ERR,ERR,ERR,ERR,ERR,ERR,ERR,ERR,ERR,ERR,ERR,ERR,ERR,ERR,ERR,ERR,ERR,ERR,ERR,ERR,ERR,ERR,ERR,ERR,ERR,ERR,ERR,ERR,ERR,ERR,ERR,ERR,ERR,ERR,ERR,ERR,ERR,ERR,ERR,ERR,ERR,ERR,ERR,ERR,ERR,ERR,ERR,ERR,ERR,ERR,ERR,ERR,ERR,ERR,ERR,ERR,ERR,ERR,ERR,ERR,ERR,ERR,ERR,-0.0,2.718431101732002e+23,-0.0,2.718290229135658e+23,-0.0,1.3936040501711995e+18,7.805,-24226.301,0,0,4,48927,6720,14723890282496.0,100,0.0,0.0,0.0,-0.0,0.0,0,0,0,0,0.0,0,0,0,0,0,0,0,0,0,0,0,0,0,0,0,0,0,0,0,0,0,0,0,0,0,0,0,0,0,0,0,0,0,26,51,50,76,65476,0,300,0,0,8,21553,0.0,-107605600.0,0.0,0.0,0.0,0.0,0.0,0.0,0.0,0.0,0.0,0.0,0.0,0.0,0.0,0.0,0.0,0.0,0.0,0.0,0.0,0.0,0.0,-0.0,0.0,2.004,0.0,0.0,0.0,0.0,4782.0,0.0,7268.0,-0.0,2.718431101732002e+23,-107615360.0,0.0,0.0,0.0,0.0,0.0,77,89221.125,-2.308826292123106e+20,0.0,0.0,0.0,0.0,0.0,0.0,0.0,0,0,0,0.0,0.0,0.0,0.0,0.0,0.0,0.0,0.0,0.0,0.0,0.0,0.0,0.0,0.0,0.0,0.0,0,-107875648.0,77,0.0,154,0.0,-0.0,ERR,ERR,ERR,ERR,ERR,ERR,ERR,ERR,ERR,ERR,ERR,ERR,ERR,ERR,ERR,ERR,ERR,ERR,ERR,ERR,ERR,ERR,ERR,ERR,ERR,ERR,ERR,ERR,ERR,ERR,ERR,ERR,ERR,ERR,ERR,ERR,ERR,ERR,ERR,ERR,ERR,ERR,ERR,ERR,ERR,ERR,ERR,ERR,ERR,ERR,ERR,ERR,ERR,ERR,ERR,ERR,ERR,ERR,ERR,ERR,ERR,ERR,ERR,ERR,ERR,ERR,ERR,34.0,80.0,35,0.0,0.0,0.0,0.0,0.0,0.0,0.0,0.0,0.0,0.0,0.0,0.0,0.0,0.0,0.0,0.0,66.0,0,120,58,54,65476,0,300,0,0,8,20529,65476,0,0,57672,80.0,0.0,0.0,0.0,0.0,0.0
2026-06-18T02:27:04,ERR,ERR,ERR,ERR,ERR,ERR,ERR,ERR,ERR,ERR,ERR,ERR,ERR,ERR,ERR,ERR,ERR,ERR,ERR,ERR,ERR,ERR,ERR,ERR,ERR,ERR,ERR,ERR,ERR,ERR,ERR,ERR,ERR,ERR,ERR,ERR,ERR,ERR,ERR,ERR,ERR,ERR,ERR,ERR,ERR,ERR,ERR,ERR,ERR,ERR,ERR,ERR,ERR,ERR,ERR,ERR,ERR,ERR,ERR,ERR,ERR,ERR,ERR,ERR,ERR,ERR,ERR,ERR,ERR,ERR,ERR,ERR,ERR,ERR,ERR,ERR,ERR,ERR,ERR,ERR,ERR,ERR,ERR,ERR,ERR,ERR,ERR,ERR,ERR,ERR,ERR,ERR,ERR,ERR,ERR,ERR,ERR,ERR,ERR,ERR,ERR,ERR,ERR,ERR,ERR,ERR,ERR,ERR,ERR,ERR,ERR,ERR,ERR,ERR,ERR,ERR,ERR,ERR,ERR,ERR,ERR,ERR,ERR,ERR,ERR,-0.0,2.718431101732002e+23,-0.0,2.718290229135658e+23,-0.0,1.3936040501711995e+18,7.805,-24226.301,0,0,4,48927,6720,14723890282496.0,100,0.0,0.0,0.0,-0.0,0.0,0,0,0,0,0.0,0,0,0,0,0,0,0,0,0,0,0,0,0,0,0,0,0,0,0,0,0,0,0,0,0,0,0,0,0,0,0,0,0,26,51,50,76,65476,0,300,0,0,8,21553,0.0,-107605600.0,0.0,0.0,0.0,0.0,0.0,0.0,0.0,0.0,0.0,0.0,0.0,0.0,0.0,0.0,0.0,0.0,0.0,0.0,0.0,0.0,0.0,-0.0,0.0,2.004,0.0,0.0,0.0,0.0,4782.0,0.0,7268.0,-0.0,2.718431101732002e+23,-107615360.0,0.0,0.0,0.0,0.0,0.0,77,89221.125,-2.308826292123106e+20,0.0,0.0,0.0,0.0,0.0,0.0,0.0,0,0,0,0.0,0.0,0.0,0.0,0.0,0.0,0.0,0.0,0.0,0.0,0.0,0.0,0.0,0.0,0.0,0.0,0,-107875648.0,77,0.0,154,0.0,-0.0,ERR,ERR,ERR,ERR,ERR,ERR,ERR,ERR,ERR,ERR,ERR,ERR,ERR,ERR,ERR,ERR,ERR,ERR,ERR,ERR,ERR,ERR,ERR,ERR,ERR,ERR,ERR,ERR,ERR,ERR,ERR,ERR,ERR,ERR,ERR,ERR,ERR,ERR,ERR,ERR,ERR,ERR,ERR,ERR,ERR,ERR,ERR,ERR,ERR,ERR,ERR,ERR,ERR,ERR,ERR,ERR,ERR,ERR,ERR,ERR,ERR,ERR,ERR,ERR,ERR,ERR,ERR,34.0,80.0,35,0.0,0.0,0.0,0.0,0.0,0.0,0.0,0.0,0.0,0.0,0.0,0.0,0.0,0.0,0.0,0.0,66.4,0,120,58,54,65476,0,300,0,0,8,20529,65476,0,0,57672,80.0,0.0,0.0,0.0,0.0,0.0
2026-06-18T02:27:05,ERR,ERR,ERR,ERR,ERR,ERR,ERR,ERR,ERR,ERR,ERR,ERR,ERR,ERR,ERR,ERR,ERR,ERR,ERR,ERR,ERR,ERR,ERR,ERR,ERR,ERR,ERR,ERR,ERR,ERR,ERR,ERR,ERR,ERR,ERR,ERR,ERR,ERR,ERR,ERR,ERR,ERR,ERR,ERR,ERR,ERR,ERR,ERR,ERR,ERR,ERR,ERR,ERR,ERR,ERR,ERR,ERR,ERR,ERR,ERR,ERR,ERR,ERR,ERR,ERR,ERR,ERR,ERR,ERR,ERR,ERR,ERR,ERR,ERR,ERR,ERR,ERR,ERR,ERR,ERR,ERR,ERR,ERR,ERR,ERR,ERR,ERR,ERR,ERR,ERR,ERR,ERR,ERR,ERR,ERR,ERR,ERR,ERR,ERR,ERR,ERR,ERR,ERR,ERR,ERR,ERR,ERR,ERR,ERR,ERR,ERR,ERR,ERR,ERR,ERR,ERR,ERR,ERR,ERR,ERR,ERR,ERR,ERR,ERR,ERR,-0.0,2.718431101732002e+23,-0.0,-107609184.0,0.0,1.3936040501711995e+18,7.805,0.0,0,0,4,48927,6720,14723890282496.0,100,0.0,0.0,0.0,-107609184.0,0.0,0,0,0,0,0.0,0,0,0,0,0,0,0,0,0,0,0,0,0,0,0,0,0,0,0,0,0,0,0,0,0,0,0,0,0,0,0,0,0,26,51,50,76,65476,0,300,0,0,8,21553,0.0,-107605600.0,0.0,0.0,0.0,0.0,0.0,0.0,0.0,0.0,0.0,0.0,0.0,0.0,0.0,0.0,0.0,0.0,0.0,0.0,0.0,0.0,0.0,-0.0,0.0,2.004,0.0,0.0,0.0,0.0,4783.0,0.0,7267.0,-0.0,2.718431101732002e+23,-107615360.0,0.0,0.0,0.0,0.0,0.0,77,107615360.0,-152017112662016.0,0.0,0.0,0.0,0.0,0.0,0.0,0.0,0,0,0,0.0,0.0,0.0,0.0,0.0,0.0,0.0,0.0,0.0,0.0,0.0,0.0,0.0,0.0,0.0,0.0,0,-107875648.0,77,0.0,154,0.0,-0.0,ERR,ERR,ERR,ERR,ERR,ERR,ERR,ERR,ERR,ERR,ERR,ERR,ERR,ERR,ERR,ERR,ERR,ERR,ERR,ERR,ERR,ERR,ERR,ERR,ERR,ERR,ERR,ERR,ERR,ERR,ERR,ERR,ERR,ERR,ERR,ERR,ERR,ERR,ERR,ERR,ERR,ERR,ERR,ERR,ERR,ERR,ERR,ERR,ERR,ERR,ERR,ERR,ERR,ERR,ERR,ERR,ERR,ERR,ERR,ERR,ERR,ERR,ERR,ERR,ERR,ERR,ERR,34.0,80.0,35,0.0,0.0,0.0,0.0,0.0,0.0,0.0,0.0,0.0,0.0,0.0,0.0,0.0,0.0,0.0,0.0,66.4,0,120,58,54,65476,0,300,0,0,8,20529,65476,0,0,57672,80.0,0.0,0.0,0.0,0.0,0.0
2026-06-18T02:27:06,ERR,ERR,ERR,ERR,ERR,ERR,ERR,ERR,ERR,ERR,ERR,ERR,ERR,ERR,ERR,ERR,ERR,ERR,ERR,ERR,ERR,ERR,ERR,ERR,ERR,ERR,ERR,ERR,ERR,ERR,ERR,ERR,ERR,ERR,ERR,ERR,ERR,ERR,ERR,ERR,ERR,ERR,ERR,ERR,ERR,ERR,ERR,ERR,ERR,ERR,ERR,ERR,ERR,ERR,ERR,ERR,ERR,ERR,ERR,ERR,ERR,ERR,ERR,ERR,ERR,ERR,ERR,ERR,ERR,ERR,ERR,ERR,ERR,ERR,ERR,ERR,ERR,ERR,ERR,ERR,ERR,ERR,ERR,ERR,ERR,ERR,ERR,ERR,ERR,ERR,ERR,ERR,ERR,ERR,ERR,ERR,ERR,ERR,ERR,ERR,ERR,ERR,ERR,ERR,ERR,ERR,ERR,ERR,ERR,ERR,ERR,ERR,ERR,ERR,ERR,ERR,ERR,ERR,ERR,ERR,ERR,ERR,ERR,ERR,ERR,-0.0,2.718431101732002e+23,-0.0,-107609184.0,0.0,1.3936040501711995e+18,7.805,0.0,0,0,4,48927,6720,14723890282496.0,100,0.0,0.0,0.0,-107609184.0,0.0,0,0,0,0,0.0,0,0,0,0,0,0,0,0,0,0,0,0,0,0,0,0,0,0,0,0,0,0,0,0,0,0,0,0,0,0,0,0,0,26,51,50,76,65476,0,300,0,0,8,21553,0.0,-107605600.0,0.0,0.0,0.0,0.0,0.0,0.0,0.0,0.0,0.0,0.0,0.0,0.0,0.0,0.0,0.0,0.0,0.0,0.0,0.0,0.0,0.0,-0.0,0.0,2.004,0.0,0.0,0.0,0.0,4783.0,0.0,7267.0,-0.0,2.718431101732002e+23,-107615360.0,0.0,0.0,0.0,0.0,0.0,77,107615360.0,-152017112662016.0,0.0,0.0,0.0,0.0,0.0,0.0,0.0,0,0,0,0.0,0.0,0.0,0.0,0.0,0.0,0.0,0.0,0.0,0.0,0.0,0.0,0.0,0.0,0.0,0.0,0,-107875648.0,77,0.0,154,0.0,-0.0,ERR,ERR,ERR,ERR,ERR,ERR,ERR,ERR,ERR,ERR,ERR,ERR,ERR,ERR,ERR,ERR,ERR,ERR,ERR,ERR,ERR,ERR,ERR,ERR,ERR,ERR,ERR,ERR,ERR,ERR,ERR,ERR,ERR,ERR,ERR,ERR,ERR,ERR,ERR,ERR,ERR,ERR,ERR,ERR,ERR,ERR,ERR,ERR,ERR,ERR,ERR,ERR,ERR,ERR,ERR,ERR,ERR,ERR,ERR,ERR,ERR,ERR,ERR,ERR,ERR,ERR,ERR,34.0,80.0,35,0.0,0.0,0.0,0.0,0.0,0.0,0.0,0.0,0.0,0.0,0.0,0.0,0.0,0.0,0.0,0.0,66.4,0,120,58,54,65476,0,300,0,0,8,20529,65476,0,0,57672,80.0,0.0,0.0,0.0,0.0,0.0
2026-06-18T02:27:07,ERR,ERR,ERR,ERR,ERR,ERR,ERR,ERR,ERR,ERR,ERR,ERR,ERR,ERR,ERR,ERR,ERR,ERR,ERR,ERR,ERR,ERR,ERR,ERR,ERR,ERR,ERR,ERR,ERR,ERR,ERR,ERR,ERR,ERR,ERR,ERR,ERR,ERR,ERR,ERR,ERR,ERR,ERR,ERR,ERR,ERR,ERR,ERR,ERR,ERR,ERR,ERR,ERR,ERR,ERR,ERR,ERR,ERR,ERR,ERR,ERR,ERR,ERR,ERR,ERR,ERR,ERR,ERR,ERR,ERR,ERR,ERR,ERR,ERR,ERR,ERR,ERR,ERR,ERR,ERR,ERR,ERR,ERR,ERR,ERR,ERR,ERR,ERR,ERR,ERR,ERR,ERR,ERR,ERR,ERR,ERR,ERR,ERR,ERR,ERR,ERR,ERR,ERR,ERR,ERR,ERR,ERR,ERR,ERR,ERR,ERR,ERR,ERR,ERR,ERR,ERR,ERR,ERR,ERR,ERR,ERR,ERR,ERR,ERR,ERR,-0.0,2.718431101732002e+23,-0.0,-107609184.0,0.0,1.3936040501711995e+18,7.805,0.0,0,0,4,48927,6720,14723890282496.0,100,0.0,0.0,0.0,-107609184.0,0.0,0,0,0,0,0.0,0,0,0,0,0,0,0,0,0,0,0,0,0,0,0,0,0,0,0,0,0,0,0,0,0,0,0,0,0,0,0,0,0,26,51,50,76,65476,0,300,0,0,8,21553,0.0,-107605600.0,0.0,0.0,0.0,0.0,0.0,0.0,0.0,0.0,0.0,0.0,0.0,0.0,0.0,0.0,0.0,0.0,0.0,0.0,0.0,0.0,0.0,-0.0,0.0,2.004,0.0,0.0,0.0,0.0,4783.0,0.0,7267.0,-0.0,2.718431101732002e+23,-107615360.0,0.0,0.0,0.0,0.0,0.0,77,107615360.0,-152017112662016.0,0.0,0.0,0.0,0.0,0.0,0.0,0.0,0,0,0,0.0,0.0,0.0,0.0,0.0,0.0,0.0,0.0,0.0,0.0,0.0,0.0,0.0,0.0,0.0,0.0,0,-107875648.0,77,0.0,154,0.0,-0.0,ERR,ERR,ERR,ERR,ERR,ERR,ERR,ERR,ERR,ERR,ERR,ERR,ERR,ERR,ERR,ERR,ERR,ERR,ERR,ERR,ERR,ERR,ERR,ERR,ERR,ERR,ERR,ERR,ERR,ERR,ERR,ERR,ERR,ERR,ERR,ERR,ERR,ERR,ERR,ERR,ERR,ERR,ERR,ERR,ERR,ERR,ERR,ERR,ERR,ERR,ERR,ERR,ERR,ERR,ERR,ERR,ERR,ERR,ERR,ERR,ERR,ERR,ERR,ERR,ERR,ERR,ERR,34.0,80.0,35,0.0,0.0,0.0,0.0,0.0,0.0,0.0,0.0,0.0,0.0,0.0,0.0,0.0,0.0,0.0,0.0,66.0,0,120,58,54,65476,0,300,0,0,8,20529,65476,0,0,57672,80.0,0.0,0.0,0.0,0.0,0.0
2026-06-18T02:27:08,ERR,ERR,ERR,ERR,ERR,ERR,ERR,ERR,ERR,ERR,ERR,ERR,ERR,ERR,ERR,ERR,ERR,ERR,ERR,ERR,ERR,ERR,ERR,ERR,ERR,ERR,ERR,ERR,ERR,ERR,ERR,ERR,ERR,ERR,ERR,ERR,ERR,ERR,ERR,ERR,ERR,ERR,ERR,ERR,ERR,ERR,ERR,ERR,ERR,ERR,ERR,ERR,ERR,ERR,ERR,ERR,ERR,ERR,ERR,ERR,ERR,ERR,ERR,ERR,ERR,ERR,ERR,ERR,ERR,ERR,ERR,ERR,ERR,ERR,ERR,ERR,ERR,ERR,ERR,ERR,ERR,ERR,ERR,ERR,ERR,ERR,ERR,ERR,ERR,ERR,ERR,ERR,ERR,ERR,ERR,ERR,ERR,ERR,ERR,ERR,ERR,ERR,ERR,ERR,ERR,ERR,ERR,ERR,ERR,ERR,ERR,ERR,ERR,ERR,ERR,ERR,ERR,ERR,ERR,ERR,ERR,ERR,ERR,ERR,ERR,-0.0,2.718431101732002e+23,-0.0,-107609184.0,0.0,1.3936040501711995e+18,7.805,0.0,0,0,4,48927,6720,14723890282496.0,100,0.0,0.0,0.0,-107609184.0,0.0,0,0,0,0,0.0,0,0,0,0,0,0,0,0,0,0,0,0,0,0,0,0,0,0,0,0,0,0,0,0,0,0,0,0,0,0,0,0,0,26,51,50,76,65476,0,300,0,0,8,21553,0.0,-107605600.0,0.0,0.0,0.0,0.0,0.0,0.0,0.0,0.0,0.0,0.0,0.0,0.0,0.0,0.0,0.0,0.0,0.0,0.0,0.0,0.0,0.0,-0.0,0.0,2.004,0.0,0.0,0.0,0.0,4783.0,0.0,7267.0,-0.0,2.718431101732002e+23,-107615360.0,0.0,0.0,0.0,0.0,0.0,77,107615360.0,-152017112662016.0,0.0,0.0,0.0,0.0,0.0,0.0,0.0,0,0,0,0.0,0.0,0.0,0.0,0.0,0.0,0.0,0.0,0.0,0.0,0.0,0.0,0.0,0.0,0.0,0.0,0,-107875648.0,77,0.0,154,0.0,-0.0,ERR,ERR,ERR,ERR,ERR,ERR,ERR,ERR,ERR,ERR,ERR,ERR,ERR,ERR,ERR,ERR,ERR,ERR,ERR,ERR,ERR,ERR,ERR,ERR,ERR,ERR,ERR,ERR,ERR,ERR,ERR,ERR,ERR,ERR,ERR,ERR,ERR,ERR,ERR,ERR,ERR,ERR,ERR,ERR,ERR,ERR,ERR,ERR,ERR,ERR,ERR,ERR,ERR,ERR,ERR,ERR,ERR,ERR,ERR,ERR,ERR,ERR,ERR,ERR,ERR,ERR,ERR,34.0,80.0,35,0.0,0.0,0.0,0.0,0.0,0.0,0.0,0.0,0.0,0.0,0.0,0.0,0.0,0.0,0.0,0.0,66.0,0,120,58,54,65476,0,300,0,0,8,20529,65476,0,0,57672,80.0,0.0,0.0,0.0,0.0,0.0
2026-06-18T02:27:09,ERR,ERR,ERR,ERR,ERR,ERR,ERR,ERR,ERR,ERR,ERR,ERR,ERR,ERR,ERR,ERR,ERR,ERR,ERR,ERR,ERR,ERR,ERR,ERR,ERR,ERR,ERR,ERR,ERR,ERR,ERR,ERR,ERR,ERR,ERR,ERR,ERR,ERR,ERR,ERR,ERR,ERR,ERR,ERR,ERR,ERR,ERR,ERR,ERR,ERR,ERR,ERR,ERR,ERR,ERR,ERR,ERR,ERR,ERR,ERR,ERR,ERR,ERR,ERR,ERR,ERR,ERR,ERR,ERR,ERR,ERR,ERR,ERR,ERR,ERR,ERR,ERR,ERR,ERR,ERR,ERR,ERR,ERR,ERR,ERR,ERR,ERR,ERR,ERR,ERR,ERR,ERR,ERR,ERR,ERR,ERR,ERR,ERR,ERR,ERR,ERR,ERR,ERR,ERR,ERR,ERR,ERR,ERR,ERR,ERR,ERR,ERR,ERR,ERR,ERR,ERR,ERR,ERR,ERR,ERR,ERR,ERR,ERR,ERR,ERR,-0.0,2.718431101732002e+23,-0.0,-107609184.0,0.0,1.3936040501711995e+18,7.805,0.0,0,0,4,48927,6720,14723890282496.0,100,0.0,0.0,0.0,-107609184.0,0.0,0,0,0,0,0.0,0,0,0,0,0,0,0,0,0,0,0,0,0,0,0,0,0,0,0,0,0,0,0,0,0,0,0,0,0,0,0,0,0,26,51,50,76,65476,0,300,0,0,8,21553,0.0,-107605600.0,0.0,0.0,0.0,0.0,0.0,0.0,0.0,0.0,0.0,0.0,0.0,0.0,0.0,0.0,0.0,0.0,0.0,0.0,0.0,0.0,0.0,-0.0,0.0,2.004,0.0,0.0,0.0,0.0,4783.0,0.0,7267.0,-0.0,2.718431101732002e+23,-107615360.0,0.0,0.0,0.0,0.0,0.0,77,107615360.0,-152017112662016.0,0.0,0.0,0.0,0.0,0.0,0.0,0.0,0,0,0,0.0,0.0,0.0,0.0,0.0,0.0,0.0,0.0,0.0,0.0,0.0,0.0,0.0,0.0,0.0,0.0,0,-107875648.0,77,0.0,154,0.0,-0.0,ERR,ERR,ERR,ERR,ERR,ERR,ERR,ERR,ERR,ERR,ERR,ERR,ERR,ERR,ERR,ERR,ERR,ERR,ERR,ERR,ERR,ERR,ERR,ERR,ERR,ERR,ERR,ERR,ERR,ERR,ERR,ERR,ERR,ERR,ERR,ERR,ERR,ERR,ERR,ERR,ERR,ERR,ERR,ERR,ERR,ERR,ERR,ERR,ERR,ERR,ERR,ERR,ERR,ERR,ERR,ERR,ERR,ERR,ERR,ERR,ERR,ERR,ERR,ERR,ERR,ERR,ERR,34.0,80.0,35,0.0,0.0,0.0,0.0,0.0,0.0,0.0,0.0,0.0,0.0,0.0,0.0,0.0,0.0,0.0,0.0,66.0,0,120,58,54,65476,0,300,0,0,8,20529,65476,0,0,57672,80.0,0.0,0.0,0.0,0.0,0.0
2026-06-18T02:27:10,ERR,ERR,ERR,ERR,ERR,ERR,ERR,ERR,ERR,ERR,ERR,ERR,ERR,ERR,ERR,ERR,ERR,ERR,ERR,ERR,ERR,ERR,ERR,ERR,ERR,ERR,ERR,ERR,ERR,ERR,ERR,ERR,ERR,ERR,ERR,ERR,ERR,ERR,ERR,ERR,ERR,ERR,ERR,ERR,ERR,ERR,ERR,ERR,ERR,ERR,ERR,ERR,ERR,ERR,ERR,ERR,ERR,ERR,ERR,ERR,ERR,ERR,ERR,ERR,ERR,ERR,ERR,ERR,ERR,ERR,ERR,ERR,ERR,ERR,ERR,ERR,ERR,ERR,ERR,ERR,ERR,ERR,ERR,ERR,ERR,ERR,ERR,ERR,ERR,ERR,ERR,ERR,ERR,ERR,ERR,ERR,ERR,ERR,ERR,ERR,ERR,ERR,ERR,ERR,ERR,ERR,ERR,ERR,ERR,ERR,ERR,ERR,ERR,ERR,ERR,ERR,ERR,ERR,ERR,ERR,ERR,ERR,ERR,ERR,ERR,-0.0,2.718431101732002e+23,-0.0,-0.0,-0.0,1.3936040501711995e+18,7.805,-0.0,0,0,4,48927,6720,14723890282496.0,100,0.0,0.0,0.0,-152005385388032.0,0.0,0,0,0,0,0.0,0,0,0,0,0,0,0,0,0,0,0,0,0,0,0,0,0,0,0,0,0,0,0,0,0,0,0,0,0,0,0,0,0,26,51,50,76,65476,0,300,0,0,8,21553,0.0,-107605600.0,0.0,0.0,0.0,0.0,0.0,0.0,0.0,0.0,0.0,0.0,0.0,0.0,0.0,0.0,0.0,0.0,0.0,0.0,0.0,0.0,0.0,-0.0,0.0,2.004,0.0,0.0,0.0,0.0,4786.0,0.0,7264.0,-0.0,2.718431101732002e+23,-107615360.0,0.0,0.0,0.0,0.0,0.0,77,1.905698292272988e+17,-152017112662016.0,0.0,0.0,0.0,0.0,0.0,0.0,0.0,0,0,0,0.0,0.0,0.0,0.0,0.0,0.0,0.0,0.0,0.0,0.0,0.0,0.0,0.0,0.0,0.0,0.0,0,-107875648.0,77,0.0,154,0.0,-0.0,ERR,ERR,ERR,ERR,ERR,ERR,ERR,ERR,ERR,ERR,ERR,ERR,ERR,ERR,ERR,ERR,ERR,ERR,ERR,ERR,ERR,ERR,ERR,ERR,ERR,ERR,ERR,ERR,ERR,ERR,ERR,ERR,ERR,ERR,ERR,ERR,ERR,ERR,ERR,ERR,ERR,ERR,ERR,ERR,ERR,ERR,ERR,ERR,ERR,ERR,ERR,ERR,ERR,ERR,ERR,ERR,ERR,ERR,ERR,ERR,ERR,ERR,ERR,ERR,ERR,ERR,ERR,34.0,80.0,35,0.0,0.0,0.0,0.0,0.0,0.0,0.0,0.0,0.0,0.0,0.0,0.0,0.0,0.0,0.0,0.0,66.0,0,120,58,54,65476,0,300,0,0,8,20529,65476,0,0,57672,80.0,0.0,0.0,0.0,0.0,0.0
2026-06-18T02:27:11,ERR,ERR,ERR,ERR,ERR,ERR,ERR,ERR,ERR,ERR,ERR,ERR,ERR,ERR,ERR,ERR,ERR,ERR,ERR,ERR,ERR,ERR,ERR,ERR,ERR,ERR,ERR,ERR,ERR,ERR,ERR,ERR,ERR,ERR,ERR,ERR,ERR,ERR,ERR,ERR,ERR,ERR,ERR,ERR,ERR,ERR,ERR,ERR,ERR,ERR,ERR,ERR,ERR,ERR,ERR,ERR,ERR,ERR,ERR,ERR,ERR,ERR,ERR,ERR,ERR,ERR,ERR,ERR,ERR,ERR,ERR,ERR,ERR,ERR,ERR,ERR,ERR,ERR,ERR,ERR,ERR,ERR,ERR,ERR,ERR,ERR,ERR,ERR,ERR,ERR,ERR,ERR,ERR,ERR,ERR,ERR,ERR,ERR,ERR,ERR,ERR,ERR,ERR,ERR,ERR,ERR,ERR,ERR,ERR,ERR,ERR,ERR,ERR,ERR,ERR,ERR,ERR,ERR,ERR,ERR,ERR,ERR,ERR,ERR,ERR,-0.0,2.718431101732002e+23,-0.0,-0.0,-0.0,1.3936040501711995e+18,7.805,-0.0,0,0,4,48927,6720,14723890282496.0,100,0.0,0.0,0.0,-152005385388032.0,0.0,0,0,0,0,0.0,0,0,0,0,0,0,0,0,0,0,0,0,0,0,0,0,0,0,0,0,0,0,0,0,0,0,0,0,0,0,0,0,0,26,51,50,76,65476,0,300,0,0,8,21553,0.0,-107605600.0,0.0,0.0,0.0,0.0,0.0,0.0,0.0,0.0,0.0,0.0,0.0,0.0,0.0,0.0,0.0,0.0,0.0,0.0,0.0,0.0,0.0,-0.0,0.0,2.004,0.0,0.0,0.0,0.0,4786.0,0.0,7264.0,-0.0,2.718431101732002e+23,-107615360.0,0.0,0.0,0.0,0.0,0.0,77,1.905698292272988e+17,-152017112662016.0,0.0,0.0,0.0,0.0,0.0,0.0,0.0,0,0,0,0.0,0.0,0.0,0.0,0.0,0.0,0.0,0.0,0.0,0.0,0.0,0.0,0.0,0.0,0.0,0.0,0,-107875648.0,77,0.0,154,0.0,-0.0,ERR,ERR,ERR,ERR,ERR,ERR,ERR,ERR,ERR,ERR,ERR,ERR,ERR,ERR,ERR,ERR,ERR,ERR,ERR,ERR,ERR,ERR,ERR,ERR,ERR,ERR,ERR,ERR,ERR,ERR,ERR,ERR,ERR,ERR,ERR,ERR,ERR,ERR,ERR,ERR,ERR,ERR,ERR,ERR,ERR,ERR,ERR,ERR,ERR,ERR,ERR,ERR,ERR,ERR,ERR,ERR,ERR,ERR,ERR,ERR,ERR,ERR,ERR,ERR,ERR,ERR,ERR,34.0,80.0,35,0.0,0.0,0.0,0.0,0.0,0.0,0.0,0.0,0.0,0.0,0.0,0.0,0.0,0.0,0.0,0.0,66.0,0,120,58,54,65476,0,300,0,0,8,20529,65476,0,0,57672,80.0,0.0,0.0,0.0,0.0,0.0
2026-06-18T02:27:12,ERR,ERR,ERR,ERR,ERR,ERR,ERR,ERR,ERR,ERR,ERR,ERR,ERR,ERR,ERR,ERR,ERR,ERR,ERR,ERR,ERR,ERR,ERR,ERR,ERR,ERR,ERR,ERR,ERR,ERR,ERR,ERR,ERR,ERR,ERR,ERR,ERR,ERR,ERR,ERR,ERR,ERR,ERR,ERR,ERR,ERR,ERR,ERR,ERR,ERR,ERR,ERR,ERR,ERR,ERR,ERR,ERR,ERR,ERR,ERR,ERR,ERR,ERR,ERR,ERR,ERR,ERR,ERR,ERR,ERR,ERR,ERR,ERR,ERR,ERR,ERR,ERR,ERR,ERR,ERR,ERR,ERR,ERR,ERR,ERR,ERR,ERR,ERR,ERR,ERR,ERR,ERR,ERR,ERR,ERR,ERR,ERR,ERR,ERR,ERR,ERR,ERR,ERR,ERR,ERR,ERR,ERR,ERR,ERR,ERR,ERR,ERR,ERR,ERR,ERR,ERR,ERR,ERR,ERR,ERR,ERR,ERR,ERR,ERR,ERR,-0.0,2.718431101732002e+23,-0.0,-0.0,-0.0,1.3936040501711995e+18,7.805,-0.0,0,0,4,48927,6720,14723890282496.0,100,0.0,0.0,0.0,-152005385388032.0,0.0,0,0,0,0,0.0,0,0,0,0,0,0,0,0,0,0,0,0,0,0,0,0,0,0,0,0,0,0,0,0,0,0,0,0,0,0,0,0,0,26,51,50,76,65476,0,300,0,0,8,21553,0.0,-107605600.0,0.0,0.0,0.0,0.0,0.0,0.0,0.0,0.0,0.0,0.0,0.0,0.0,0.0,0.0,0.0,0.0,0.0,0.0,0.0,0.0,0.0,-0.0,0.0,2.004,0.0,0.0,0.0,0.0,4786.0,0.0,7264.0,-0.0,2.718431101732002e+23,-107615360.0,0.0,0.0,0.0,0.0,0.0,77,1.905698292272988e+17,-152017112662016.0,0.0,0.0,0.0,0.0,0.0,0.0,0.0,0,0,0,0.0,0.0,0.0,0.0,0.0,0.0,0.0,0.0,0.0,0.0,0.0,0.0,0.0,0.0,0.0,0.0,0,-107875648.0,77,0.0,154,0.0,-0.0,ERR,ERR,ERR,ERR,ERR,ERR,ERR,ERR,ERR,ERR,ERR,ERR,ERR,ERR,ERR,ERR,ERR,ERR,ERR,ERR,ERR,ERR,ERR,ERR,ERR,ERR,ERR,ERR,ERR,ERR,ERR,ERR,ERR,ERR,ERR,ERR,ERR,ERR,ERR,ERR,ERR,ERR,ERR,ERR,ERR,ERR,ERR,ERR,ERR,ERR,ERR,ERR,ERR,ERR,ERR,ERR,ERR,ERR,ERR,ERR,ERR,ERR,ERR,ERR,ERR,ERR,ERR,34.0,80.0,35,0.0,0.0,0.0,0.0,0.0,0.0,0.0,0.0,0.0,0.0,0.0,0.0,0.0,0.0,0.0,0.0,66.0,0,120,58,54,65476,0,300,0,0,8,20529,65476,0,0,57672,80.0,0.0,0.0,0.0,0.0,0.0
2026-06-18T02:27:13,ERR,ERR,ERR,ERR,ERR,ERR,ERR,ERR,ERR,ERR,ERR,ERR,ERR,ERR,ERR,ERR,ERR,ERR,ERR,ERR,ERR,ERR,ERR,ERR,ERR,ERR,ERR,ERR,ERR,ERR,ERR,ERR,ERR,ERR,ERR,ERR,ERR,ERR,ERR,ERR,ERR,ERR,ERR,ERR,ERR,ERR,ERR,ERR,ERR,ERR,ERR,ERR,ERR,ERR,ERR,ERR,ERR,ERR,ERR,ERR,ERR,ERR,ERR,ERR,ERR,ERR,ERR,ERR,ERR,ERR,ERR,ERR,ERR,ERR,ERR,ERR,ERR,ERR,ERR,ERR,ERR,ERR,ERR,ERR,ERR,ERR,ERR,ERR,ERR,ERR,ERR,ERR,ERR,ERR,ERR,ERR,ERR,ERR,ERR,ERR,ERR,ERR,ERR,ERR,ERR,ERR,ERR,ERR,ERR,ERR,ERR,ERR,ERR,ERR,ERR,ERR,ERR,ERR,ERR,ERR,ERR,ERR,ERR,ERR,ERR,-0.0,2.718431101732002e+23,-0.0,-0.0,-0.0,1.3936040501711995e+18,7.805,-0.0,0,0,4,48927,6720,14723890282496.0,100,0.0,0.0,0.0,-152005385388032.0,0.0,0,0,0,0,0.0,0,0,0,0,0,0,0,0,0,0,0,0,0,0,0,0,0,0,0,0,0,0,0,0,0,0,0,0,0,0,0,0,0,26,51,50,76,65476,0,300,0,0,8,21553,0.0,-107605600.0,0.0,0.0,0.0,0.0,0.0,0.0,0.0,0.0,0.0,0.0,0.0,0.0,0.0,0.0,0.0,0.0,0.0,0.0,0.0,0.0,0.0,-0.0,0.0,2.004,0.0,0.0,0.0,0.0,4786.0,0.0,7264.0,-0.0,2.718431101732002e+23,-107615360.0,0.0,0.0,0.0,0.0,0.0,77,1.905698292272988e+17,-152017112662016.0,0.0,0.0,0.0,0.0,0.0,0.0,0.0,0,0,0,0.0,0.0,0.0,0.0,0.0,0.0,0.0,0.0,0.0,0.0,0.0,0.0,0.0,0.0,0.0,0.0,0,-107875648.0,77,0.0,154,0.0,-0.0,ERR,ERR,ERR,ERR,ERR,ERR,ERR,ERR,ERR,ERR,ERR,ERR,ERR,ERR,ERR,ERR,ERR,ERR,ERR,ERR,ERR,ERR,ERR,ERR,ERR,ERR,ERR,ERR,ERR,ERR,ERR,ERR,ERR,ERR,ERR,ERR,ERR,ERR,ERR,ERR,ERR,ERR,ERR,ERR,ERR,ERR,ERR,ERR,ERR,ERR,ERR,ERR,ERR,ERR,ERR,ERR,ERR,ERR,ERR,ERR,ERR,ERR,ERR,ERR,ERR,ERR,ERR,34.0,80.0,35,0.0,0.0,0.0,0.0,0.0,0.0,0.0,0.0,0.0,0.0,0.0,0.0,0.0,0.0,0.0,0.0,66.0,0,120,58,54,65476,0,300,0,0,8,20529,65476,0,0,57672,80.0,0.0,0.0,0.0,0.0,0.0
2026-06-18T02:27:14,ERR,ERR,ERR,ERR,ERR,ERR,ERR,ERR,ERR,ERR,ERR,ERR,ERR,ERR,ERR,ERR,ERR,ERR,ERR,ERR,ERR,ERR,ERR,ERR,ERR,ERR,ERR,ERR,ERR,ERR,ERR,ERR,ERR,ERR,ERR,ERR,ERR,ERR,ERR,ERR,ERR,ERR,ERR,ERR,ERR,ERR,ERR,ERR,ERR,ERR,ERR,ERR,ERR,ERR,ERR,ERR,ERR,ERR,ERR,ERR,ERR,ERR,ERR,ERR,ERR,ERR,ERR,ERR,ERR,ERR,ERR,ERR,ERR,ERR,ERR,ERR,ERR,ERR,ERR,ERR,ERR,ERR,ERR,ERR,ERR,ERR,ERR,ERR,ERR,ERR,ERR,ERR,ERR,ERR,ERR,ERR,ERR,ERR,ERR,ERR,ERR,ERR,ERR,ERR,ERR,ERR,ERR,ERR,ERR,ERR,ERR,ERR,ERR,ERR,ERR,ERR,ERR,ERR,ERR,ERR,ERR,ERR,ERR,ERR,ERR,-0.0,2.718431101732002e+23,-0.0,-0.0,-0.0,1.3936040501711995e+18,7.805,-0.0,0,0,4,48927,6720,14723890282496.0,100,0.0,0.0,0.0,-152005385388032.0,0.0,0,0,0,0,0.0,0,0,0,0,0,0,0,0,0,0,0,0,0,0,0,0,0,0,0,0,0,0,0,0,0,0,0,0,0,0,0,0,0,26,51,50,76,65476,0,300,0,0,8,21553,0.0,-107605600.0,0.0,0.0,0.0,0.0,0.0,0.0,0.0,0.0,0.0,0.0,0.0,0.0,0.0,0.0,0.0,0.0,0.0,0.0,0.0,0.0,0.0,-0.0,0.0,2.004,0.0,0.0,0.0,0.0,4786.0,0.0,7264.0,-0.0,2.718431101732002e+23,-107615360.0,0.0,0.0,0.0,0.0,0.0,77,1.905698292272988e+17,-152017112662016.0,0.0,0.0,0.0,0.0,0.0,0.0,0.0,0,0,0,0.0,0.0,0.0,0.0,0.0,0.0,0.0,0.0,0.0,0.0,0.0,0.0,0.0,0.0,0.0,0.0,0,-107875648.0,77,0.0,154,0.0,-0.0,ERR,ERR,ERR,ERR,ERR,ERR,ERR,ERR,ERR,ERR,ERR,ERR,ERR,ERR,ERR,ERR,ERR,ERR,ERR,ERR,ERR,ERR,ERR,ERR,ERR,ERR,ERR,ERR,ERR,ERR,ERR,ERR,ERR,ERR,ERR,ERR,ERR,ERR,ERR,ERR,ERR,ERR,ERR,ERR,ERR,ERR,ERR,ERR,ERR,ERR,ERR,ERR,ERR,ERR,ERR,ERR,ERR,ERR,ERR,ERR,ERR,ERR,ERR,ERR,ERR,ERR,ERR,34.0,80.0,35,0.0,0.0,0.0,0.0,0.0,0.0,0.0,0.0,0.0,0.0,0.0,0.0,0.0,0.0,0.0,0.0,66.0,0,120,58,54,65476,0,300,0,0,8,20529,65476,0,0,57672,80.0,0.0,0.0,0.0,0.0,0.0
2026-06-18T02:27:15,ERR,ERR,ERR,ERR,ERR,ERR,ERR,ERR,ERR,ERR,ERR,ERR,ERR,ERR,ERR,ERR,ERR,ERR,ERR,ERR,ERR,ERR,ERR,ERR,ERR,ERR,ERR,ERR,ERR,ERR,ERR,ERR,ERR,ERR,ERR,ERR,ERR,ERR,ERR,ERR,ERR,ERR,ERR,ERR,ERR,ERR,ERR,ERR,ERR,ERR,ERR,ERR,ERR,ERR,ERR,ERR,ERR,ERR,ERR,ERR,ERR,ERR,ERR,ERR,ERR,ERR,ERR,ERR,ERR,ERR,ERR,ERR,ERR,ERR,ERR,ERR,ERR,ERR,ERR,ERR,ERR,ERR,ERR,ERR,ERR,ERR,ERR,ERR,ERR,ERR,ERR,ERR,ERR,ERR,ERR,ERR,ERR,ERR,ERR,ERR,ERR,ERR,ERR,ERR,ERR,ERR,ERR,ERR,ERR,ERR,ERR,ERR,ERR,ERR,ERR,ERR,ERR,ERR,ERR,ERR,ERR,ERR,ERR,ERR,ERR,-0.0,2.718431101732002e+23,-0.0,0.059,0.0,1.3936040501711995e+18,7.805,0.0,0,0,4,48930,6720,14723890282496.0,100,0.0,0.0,0.0,-0.0,0.0,0,0,0,0,0.0,0,0,0,0,0,0,0,0,0,0,0,0,0,0,0,0,0,0,0,0,0,0,0,0,0,0,0,0,0,0,0,0,0,26,51,50,76,65476,0,300,0,0,8,21553,0.0,-107605600.0,0.0,0.0,0.0,0.0,0.0,0.0,0.0,0.0,0.0,0.0,0.0,0.0,0.0,0.0,0.0,0.0,0.0,0.0,0.0,0.0,0.0,-0.0,0.0,2.004,0.0,0.0,0.0,0.0,4753.0,-1.0406643905049406e+34,7295.0,-0.0,2.718431101732002e+23,-107615360.0,0.0,0.0,0.0,0.0,0.0,77,107615360.0,-0.0,0.0,0.0,0.0,0.0,0.0,0.0,0.0,0,0,0,0.0,0.0,0.0,0.0,0.0,0.0,0.0,0.0,0.0,0.0,0.0,0.0,0.0,0.0,0.0,0.0,0,-107875648.0,77,0.0,154,0.0,-0.0,ERR,ERR,ERR,ERR,ERR,ERR,ERR,ERR,ERR,ERR,ERR,ERR,ERR,ERR,ERR,ERR,ERR,ERR,ERR,ERR,ERR,ERR,ERR,ERR,ERR,ERR,ERR,ERR,ERR,ERR,ERR,ERR,ERR,ERR,ERR,ERR,ERR,ERR,ERR,ERR,ERR,ERR,ERR,ERR,ERR,ERR,ERR,ERR,ERR,ERR,ERR,ERR,ERR,ERR,ERR,ERR,ERR,ERR,ERR,ERR,ERR,ERR,ERR,ERR,ERR,ERR,ERR,34.0,80.0,35,0.0,0.0,0.0,0.0,0.0,0.0,0.0,0.0,0.0,0.0,0.0,0.0,0.0,0.0,0.0,0.0,66.0,0,120,58,54,65476,0,300,0,0,8,20529,65476,0,0,57672,80.0,0.0,0.0,0.0,0.0,0.0
2026-06-18T02:27:16,ERR,ERR,ERR,ERR,ERR,ERR,ERR,ERR,ERR,ERR,ERR,ERR,ERR,ERR,ERR,ERR,ERR,ERR,ERR,ERR,ERR,ERR,ERR,ERR,ERR,ERR,ERR,ERR,ERR,ERR,ERR,ERR,ERR,ERR,ERR,ERR,ERR,ERR,ERR,ERR,ERR,ERR,ERR,ERR,ERR,ERR,ERR,ERR,ERR,ERR,ERR,ERR,ERR,ERR,ERR,ERR,ERR,ERR,ERR,ERR,ERR,ERR,ERR,ERR,ERR,ERR,ERR,ERR,ERR,ERR,ERR,ERR,ERR,ERR,ERR,ERR,ERR,ERR,ERR,ERR,ERR,ERR,ERR,ERR,ERR,ERR,ERR,ERR,ERR,ERR,ERR,ERR,ERR,ERR,ERR,ERR,ERR,ERR,ERR,ERR,ERR,ERR,ERR,ERR,ERR,ERR,ERR,ERR,ERR,ERR,ERR,ERR,ERR,ERR,ERR,ERR,ERR,ERR,ERR,ERR,ERR,ERR,ERR,ERR,ERR,-0.0,2.718431101732002e+23,-0.0,0.059,0.0,1.3936040501711995e+18,7.805,0.0,0,0,4,48930,6720,14723890282496.0,100,0.0,0.0,0.0,-0.0,0.0,0,0,0,0,0.0,0,0,0,0,0,0,0,0,0,0,0,0,0,0,0,0,0,0,0,0,0,0,0,0,0,0,0,0,0,0,0,0,0,26,51,50,76,65476,0,300,0,0,8,21553,0.0,-107605600.0,0.0,0.0,0.0,0.0,0.0,0.0,0.0,0.0,0.0,0.0,0.0,0.0,0.0,0.0,0.0,0.0,0.0,0.0,0.0,0.0,0.0,-0.0,0.0,2.004,0.0,0.0,0.0,0.0,4753.0,-1.0406643905049406e+34,7295.0,-0.0,2.718431101732002e+23,-107615360.0,0.0,0.0,0.0,0.0,0.0,77,107615360.0,-0.0,0.0,0.0,0.0,0.0,0.0,0.0,0.0,0,0,0,0.0,0.0,0.0,0.0,0.0,0.0,0.0,0.0,0.0,0.0,0.0,0.0,0.0,0.0,0.0,0.0,0,-107875648.0,77,0.0,154,0.0,-0.0,ERR,ERR,ERR,ERR,ERR,ERR,ERR,ERR,ERR,ERR,ERR,ERR,ERR,ERR,ERR,ERR,ERR,ERR,ERR,ERR,ERR,ERR,ERR,ERR,ERR,ERR,ERR,ERR,ERR,ERR,ERR,ERR,ERR,ERR,ERR,ERR,ERR,ERR,ERR,ERR,ERR,ERR,ERR,ERR,ERR,ERR,ERR,ERR,ERR,ERR,ERR,ERR,ERR,ERR,ERR,ERR,ERR,ERR,ERR,ERR,ERR,ERR,ERR,ERR,ERR,ERR,ERR,34.0,80.0,35,0.0,0.0,0.0,0.0,0.0,0.0,0.0,0.0,0.0,0.0,0.0,0.0,0.0,0.0,0.0,0.0,66.0,0,120,58,54,65476,0,300,0,0,8,20529,65476,0,0,57672,80.0,0.0,0.0,0.0,0.0,0.0
2026-06-18T02:27:17,ERR,ERR,ERR,ERR,ERR,ERR,ERR,ERR,ERR,ERR,ERR,ERR,ERR,ERR,ERR,ERR,ERR,ERR,ERR,ERR,ERR,ERR,ERR,ERR,ERR,ERR,ERR,ERR,ERR,ERR,ERR,ERR,ERR,ERR,ERR,ERR,ERR,ERR,ERR,ERR,ERR,ERR,ERR,ERR,ERR,ERR,ERR,ERR,ERR,ERR,ERR,ERR,ERR,ERR,ERR,ERR,ERR,ERR,ERR,ERR,ERR,ERR,ERR,ERR,ERR,ERR,ERR,ERR,ERR,ERR,ERR,ERR,ERR,ERR,ERR,ERR,ERR,ERR,ERR,ERR,ERR,ERR,ERR,ERR,ERR,ERR,ERR,ERR,ERR,ERR,ERR,ERR,ERR,ERR,ERR,ERR,ERR,ERR,ERR,ERR,ERR,ERR,ERR,ERR,ERR,ERR,ERR,ERR,ERR,ERR,ERR,ERR,ERR,ERR,ERR,ERR,ERR,ERR,ERR,ERR,ERR,ERR,ERR,ERR,ERR,-0.0,2.718431101732002e+23,-0.0,0.059,0.0,1.3936040501711995e+18,7.805,0.0,0,0,4,48930,6720,14723890282496.0,100,0.0,0.0,0.0,-0.0,0.0,0,0,0,0,0.0,0,0,0,0,0,0,0,0,0,0,0,0,0,0,0,0,0,0,0,0,0,0,0,0,0,0,0,0,0,0,0,0,0,26,51,50,76,65476,0,300,0,0,8,21553,0.0,-107605600.0,0.0,0.0,0.0,0.0,0.0,0.0,0.0,0.0,0.0,0.0,0.0,0.0,0.0,0.0,0.0,0.0,0.0,0.0,0.0,0.0,0.0,-0.0,0.0,2.004,0.0,0.0,0.0,0.0,4753.0,-1.0406643905049406e+34,7295.0,-0.0,2.718431101732002e+23,-107615360.0,0.0,0.0,0.0,0.0,0.0,77,107615360.0,-0.0,0.0,0.0,0.0,0.0,0.0,0.0,0.0,0,0,0,0.0,0.0,0.0,0.0,0.0,0.0,0.0,0.0,0.0,0.0,0.0,0.0,0.0,0.0,0.0,0.0,0,-107875648.0,77,0.0,154,0.0,-0.0,ERR,ERR,ERR,ERR,ERR,ERR,ERR,ERR,ERR,ERR,ERR,ERR,ERR,ERR,ERR,ERR,ERR,ERR,ERR,ERR,ERR,ERR,ERR,ERR,ERR,ERR,ERR,ERR,ERR,ERR,ERR,ERR,ERR,ERR,ERR,ERR,ERR,ERR,ERR,ERR,ERR,ERR,ERR,ERR,ERR,ERR,ERR,ERR,ERR,ERR,ERR,ERR,ERR,ERR,ERR,ERR,ERR,ERR,ERR,ERR,ERR,ERR,ERR,ERR,ERR,ERR,ERR,34.0,80.0,35,0.0,0.0,0.0,0.0,0.0,0.0,0.0,0.0,0.0,0.0,0.0,0.0,0.0,0.0,0.0,0.0,66.0,0,120,58,54,65476,0,300,0,0,8,20529,65476,0,0,57672,80.0,0.0,0.0,0.0,0.0,0.0
2026-06-18T02:27:18,ERR,ERR,ERR,ERR,ERR,ERR,ERR,ERR,ERR,ERR,ERR,ERR,ERR,ERR,ERR,ERR,ERR,ERR,ERR,ERR,ERR,ERR,ERR,ERR,ERR,ERR,ERR,ERR,ERR,ERR,ERR,ERR,ERR,ERR,ERR,ERR,ERR,ERR,ERR,ERR,ERR,ERR,ERR,ERR,ERR,ERR,ERR,ERR,ERR,ERR,ERR,ERR,ERR,ERR,ERR,ERR,ERR,ERR,ERR,ERR,ERR,ERR,ERR,ERR,ERR,ERR,ERR,ERR,ERR,ERR,ERR,ERR,ERR,ERR,ERR,ERR,ERR,ERR,ERR,ERR,ERR,ERR,ERR,ERR,ERR,ERR,ERR,ERR,ERR,ERR,ERR,ERR,ERR,ERR,ERR,ERR,ERR,ERR,ERR,ERR,ERR,ERR,ERR,ERR,ERR,ERR,ERR,ERR,ERR,ERR,ERR,ERR,ERR,ERR,ERR,ERR,ERR,ERR,ERR,ERR,ERR,ERR,ERR,ERR,ERR,-0.0,2.718431101732002e+23,-0.0,0.059,0.0,1.3936040501711995e+18,7.805,0.0,0,0,4,48930,6720,14723890282496.0,100,0.0,0.0,0.0,-0.0,0.0,0,0,0,0,0.0,0,0,0,0,0,0,0,0,0,0,0,0,0,0,0,0,0,0,0,0,0,0,0,0,0,0,0,0,0,0,0,0,0,26,51,50,76,65476,0,300,0,0,8,21553,0.0,-107605600.0,0.0,0.0,0.0,0.0,0.0,0.0,0.0,0.0,0.0,0.0,0.0,0.0,0.0,0.0,0.0,0.0,0.0,0.0,0.0,0.0,0.0,-0.0,0.0,2.004,0.0,0.0,0.0,0.0,4753.0,-1.0406643905049406e+34,7295.0,-0.0,2.718431101732002e+23,-107615360.0,0.0,0.0,0.0,0.0,0.0,77,107615360.0,-0.0,0.0,0.0,0.0,0.0,0.0,0.0,0.0,0,0,0,0.0,0.0,0.0,0.0,0.0,0.0,0.0,0.0,0.0,0.0,0.0,0.0,0.0,0.0,0.0,0.0,0,-107875648.0,77,0.0,154,0.0,-0.0,ERR,ERR,ERR,ERR,ERR,ERR,ERR,ERR,ERR,ERR,ERR,ERR,ERR,ERR,ERR,ERR,ERR,ERR,ERR,ERR,ERR,ERR,ERR,ERR,ERR,ERR,ERR,ERR,ERR,ERR,ERR,ERR,ERR,ERR,ERR,ERR,ERR,ERR,ERR,ERR,ERR,ERR,ERR,ERR,ERR,ERR,ERR,ERR,ERR,ERR,ERR,ERR,ERR,ERR,ERR,ERR,ERR,ERR,ERR,ERR,ERR,ERR,ERR,ERR,ERR,ERR,ERR,34.0,80.0,35,0.0,0.0,0.0,0.0,0.0,0.0,0.0,0.0,0.0,0.0,0.0,0.0,0.0,0.0,0.0,0.0,66.0,0,120,58,54,65476,0,300,0,0,8,20529,65476,0,0,57672,80.0,0.0,0.0,0.0,0.0,0.0
2026-06-18T02:27:19,ERR,ERR,ERR,ERR,ERR,ERR,ERR,ERR,ERR,ERR,ERR,ERR,ERR,ERR,ERR,ERR,ERR,ERR,ERR,ERR,ERR,ERR,ERR,ERR,ERR,ERR,ERR,ERR,ERR,ERR,ERR,ERR,ERR,ERR,ERR,ERR,ERR,ERR,ERR,ERR,ERR,ERR,ERR,ERR,ERR,ERR,ERR,ERR,ERR,ERR,ERR,ERR,ERR,ERR,ERR,ERR,ERR,ERR,ERR,ERR,ERR,ERR,ERR,ERR,ERR,ERR,ERR,ERR,ERR,ERR,ERR,ERR,ERR,ERR,ERR,ERR,ERR,ERR,ERR,ERR,ERR,ERR,ERR,ERR,ERR,ERR,ERR,ERR,ERR,ERR,ERR,ERR,ERR,ERR,ERR,ERR,ERR,ERR,ERR,ERR,ERR,ERR,ERR,ERR,ERR,ERR,ERR,ERR,ERR,ERR,ERR,ERR,ERR,ERR,ERR,ERR,ERR,ERR,ERR,ERR,ERR,ERR,ERR,ERR,ERR,-0.0,2.718431101732002e+23,-0.0,0.059,0.0,1.3936040501711995e+18,7.805,0.0,0,0,4,48930,6720,14723890282496.0,100,0.0,0.0,0.0,-0.0,0.0,0,0,0,0,0.0,0,0,0,0,0,0,0,0,0,0,0,0,0,0,0,0,0,0,0,0,0,0,0,0,0,0,0,0,0,0,0,0,0,26,51,50,76,65476,0,300,0,0,8,21553,0.0,-107605600.0,0.0,0.0,0.0,0.0,0.0,0.0,0.0,0.0,0.0,0.0,0.0,0.0,0.0,0.0,0.0,0.0,0.0,0.0,0.0,0.0,0.0,-0.0,0.0,2.004,0.0,0.0,0.0,0.0,4753.0,-1.0406643905049406e+34,7295.0,-0.0,2.718431101732002e+23,-107615360.0,0.0,0.0,0.0,0.0,0.0,77,107615360.0,-0.0,0.0,0.0,0.0,0.0,0.0,0.0,0.0,0,0,0,0.0,0.0,0.0,0.0,0.0,0.0,0.0,0.0,0.0,0.0,0.0,0.0,0.0,0.0,0.0,0.0,0,-107875648.0,77,0.0,154,0.0,-0.0,ERR,ERR,ERR,ERR,ERR,ERR,ERR,ERR,ERR,ERR,ERR,ERR,ERR,ERR,ERR,ERR,ERR,ERR,ERR,ERR,ERR,ERR,ERR,ERR,ERR,ERR,ERR,ERR,ERR,ERR,ERR,ERR,ERR,ERR,ERR,ERR,ERR,ERR,ERR,ERR,ERR,ERR,ERR,ERR,ERR,ERR,ERR,ERR,ERR,ERR,ERR,ERR,ERR,ERR,ERR,ERR,ERR,ERR,ERR,ERR,ERR,ERR,ERR,ERR,ERR,ERR,ERR,34.0,80.0,35,0.0,0.0,0.0,0.0,0.0,0.0,0.0,0.0,0.0,0.0,0.0,0.0,0.0,0.0,0.0,0.0,66.0,0,120,58,54,65476,0,300,0,0,8,20529,65476,0,0,57672,80.0,0.0,0.0,0.0,0.0,0.0
2026-06-18T02:27:20,ERR,ERR,ERR,ERR,ERR,ERR,ERR,ERR,ERR,ERR,ERR,ERR,ERR,ERR,ERR,ERR,ERR,ERR,ERR,ERR,ERR,ERR,ERR,ERR,ERR,ERR,ERR,ERR,ERR,ERR,ERR,ERR,ERR,ERR,ERR,ERR,ERR,ERR,ERR,ERR,ERR,ERR,ERR,ERR,ERR,ERR,ERR,ERR,ERR,ERR,ERR,ERR,ERR,ERR,ERR,ERR,ERR,ERR,ERR,ERR,ERR,ERR,ERR,ERR,ERR,ERR,ERR,ERR,ERR,ERR,ERR,ERR,ERR,ERR,ERR,ERR,ERR,ERR,ERR,ERR,ERR,ERR,ERR,ERR,ERR,ERR,ERR,ERR,ERR,ERR,ERR,ERR,ERR,ERR,ERR,ERR,ERR,ERR,ERR,ERR,ERR,ERR,ERR,ERR,ERR,ERR,ERR,ERR,ERR,ERR,ERR,ERR,ERR,ERR,ERR,ERR,ERR,ERR,ERR,ERR,ERR,ERR,ERR,ERR,ERR,-0.0,2.718431101732002e+23,-0.0,-0.0,0.0,1.3936040501711995e+18,7.805,2.3822341049942016e+16,0,0,4,48926,6720,14723890282496.0,100,0.0,0.0,0.0,-0.0,0.0,0,0,0,0,0.0,0,0,0,0,0,0,0,0,0,0,0,0,0,0,0,0,0,0,0,0,0,0,0,0,0,0,0,0,0,0,0,0,0,26,51,50,76,65476,0,300,0,0,8,21553,0.0,-107605600.0,0.0,0.0,0.0,0.0,0.0,0.0,0.0,0.0,0.0,0.0,0.0,0.0,0.0,0.0,0.0,0.0,0.0,0.0,0.0,0.0,0.0,-0.0,0.0,2.004,0.0,0.0,0.0,0.0,4752.0,-8608174080.0,7290.0,-0.0,2.718431101732002e+23,-107615360.0,0.0,0.0,0.0,0.0,0.0,77,126841126912.0,5.8480517217512656e+35,0.0,0.0,0.0,0.0,0.0,0.0,0.0,0,0,0,0.0,0.0,0.0,0.0,0.0,0.0,0.0,0.0,0.0,0.0,0.0,0.0,0.0,0.0,0.0,0.0,0,-107875648.0,77,0.0,154,0.0,-0.0,ERR,ERR,ERR,ERR,ERR,ERR,ERR,ERR,ERR,ERR,ERR,ERR,ERR,ERR,ERR,ERR,ERR,ERR,ERR,ERR,ERR,ERR,ERR,ERR,ERR,ERR,ERR,ERR,ERR,ERR,ERR,ERR,ERR,ERR,ERR,ERR,ERR,ERR,ERR,ERR,ERR,ERR,ERR,ERR,ERR,ERR,ERR,ERR,ERR,ERR,ERR,ERR,ERR,ERR,ERR,ERR,ERR,ERR,ERR,ERR,ERR,ERR,ERR,ERR,ERR,ERR,ERR,34.0,80.0,35,0.0,0.0,0.0,0.0,0.0,0.0,0.0,0.0,0.0,0.0,0.0,0.0,0.0,0.0,0.0,0.0,66.0,0,120,58,54,65476,0,300,0,0,8,20529,65476,0,0,57672,80.0,0.0,0.0,0.0,0.0,0.0
2026-06-18T02:27:21,ERR,ERR,ERR,ERR,ERR,ERR,ERR,ERR,ERR,ERR,ERR,ERR,ERR,ERR,ERR,ERR,ERR,ERR,ERR,ERR,ERR,ERR,ERR,ERR,ERR,ERR,ERR,ERR,ERR,ERR,ERR,ERR,ERR,ERR,ERR,ERR,ERR,ERR,ERR,ERR,ERR,ERR,ERR,ERR,ERR,ERR,ERR,ERR,ERR,ERR,ERR,ERR,ERR,ERR,ERR,ERR,ERR,ERR,ERR,ERR,ERR,ERR,ERR,ERR,ERR,ERR,ERR,ERR,ERR,ERR,ERR,ERR,ERR,ERR,ERR,ERR,ERR,ERR,ERR,ERR,ERR,ERR,ERR,ERR,ERR,ERR,ERR,ERR,ERR,ERR,ERR,ERR,ERR,ERR,ERR,ERR,ERR,ERR,ERR,ERR,ERR,ERR,ERR,ERR,ERR,ERR,ERR,ERR,ERR,ERR,ERR,ERR,ERR,ERR,ERR,ERR,ERR,ERR,ERR,ERR,ERR,ERR,ERR,ERR,ERR,-0.0,2.718431101732002e+23,-0.0,-0.0,0.0,1.3936040501711995e+18,7.805,2.3822341049942016e+16,0,0,4,48926,6720,14723890282496.0,100,0.0,0.0,0.0,-0.0,0.0,0,0,0,0,0.0,0,0,0,0,0,0,0,0,0,0,0,0,0,0,0,0,0,0,0,0,0,0,0,0,0,0,0,0,0,0,0,0,0,26,51,50,76,65476,0,300,0,0,8,21553,0.0,-107605600.0,0.0,0.0,0.0,0.0,0.0,0.0,0.0,0.0,0.0,0.0,0.0,0.0,0.0,0.0,0.0,0.0,0.0,0.0,0.0,0.0,0.0,-0.0,0.0,2.004,0.0,0.0,0.0,0.0,4752.0,-8608174080.0,7290.0,-0.0,2.718431101732002e+23,-107615360.0,0.0,0.0,0.0,0.0,0.0,77,126841126912.0,5.8480517217512656e+35,0.0,0.0,0.0,0.0,0.0,0.0,0.0,0,0,0,0.0,0.0,0.0,0.0,0.0,0.0,0.0,0.0,0.0,0.0,0.0,0.0,0.0,0.0,0.0,0.0,0,-107875648.0,77,0.0,154,0.0,-0.0,ERR,ERR,ERR,ERR,ERR,ERR,ERR,ERR,ERR,ERR,ERR,ERR,ERR,ERR,ERR,ERR,ERR,ERR,ERR,ERR,ERR,ERR,ERR,ERR,ERR,ERR,ERR,ERR,ERR,ERR,ERR,ERR,ERR,ERR,ERR,ERR,ERR,ERR,ERR,ERR,ERR,ERR,ERR,ERR,ERR,ERR,ERR,ERR,ERR,ERR,ERR,ERR,ERR,ERR,ERR,ERR,ERR,ERR,ERR,ERR,ERR,ERR,ERR,ERR,ERR,ERR,ERR,34.0,80.0,35,0.0,0.0,0.0,0.0,0.0,0.0,0.0,0.0,0.0,0.0,0.0,0.0,0.0,0.0,0.0,0.0,66.0,0,120,58,54,65476,0,300,0,0,8,20529,65476,0,0,57672,80.0,0.0,0.0,0.0,0.0,0.0
2026-06-18T02:27:22,ERR,ERR,ERR,ERR,ERR,ERR,ERR,ERR,ERR,ERR,ERR,ERR,ERR,ERR,ERR,ERR,ERR,ERR,ERR,ERR,ERR,ERR,ERR,ERR,ERR,ERR,ERR,ERR,ERR,ERR,ERR,ERR,ERR,ERR,ERR,ERR,ERR,ERR,ERR,ERR,ERR,ERR,ERR,ERR,ERR,ERR,ERR,ERR,ERR,ERR,ERR,ERR,ERR,ERR,ERR,ERR,ERR,ERR,ERR,ERR,ERR,ERR,ERR,ERR,ERR,ERR,ERR,ERR,ERR,ERR,ERR,ERR,ERR,ERR,ERR,ERR,ERR,ERR,ERR,ERR,ERR,ERR,ERR,ERR,ERR,ERR,ERR,ERR,ERR,ERR,ERR,ERR,ERR,ERR,ERR,ERR,ERR,ERR,ERR,ERR,ERR,ERR,ERR,ERR,ERR,ERR,ERR,ERR,ERR,ERR,ERR,ERR,ERR,ERR,ERR,ERR,ERR,ERR,ERR,ERR,ERR,ERR,ERR,ERR,ERR,-0.0,2.718431101732002e+23,-0.0,-0.0,0.0,1.3936040501711995e+18,7.805,2.3822341049942016e+16,0,0,4,48926,6720,14723890282496.0,100,0.0,0.0,0.0,-0.0,0.0,0,0,0,0,0.0,0,0,0,0,0,0,0,0,0,0,0,0,0,0,0,0,0,0,0,0,0,0,0,0,0,0,0,0,0,0,0,0,0,26,51,50,76,65476,0,300,0,0,8,21553,0.0,-107605600.0,0.0,0.0,0.0,0.0,0.0,0.0,0.0,0.0,0.0,0.0,0.0,0.0,0.0,0.0,0.0,0.0,0.0,0.0,0.0,0.0,0.0,-0.0,0.0,2.004,0.0,0.0,0.0,0.0,4752.0,-8608174080.0,7290.0,-0.0,2.718431101732002e+23,-107615360.0,0.0,0.0,0.0,0.0,0.0,77,126841126912.0,5.8480517217512656e+35,0.0,0.0,0.0,0.0,0.0,0.0,0.0,0,0,0,0.0,0.0,0.0,0.0,0.0,0.0,0.0,0.0,0.0,0.0,0.0,0.0,0.0,0.0,0.0,0.0,0,-107875648.0,77,0.0,154,0.0,-0.0,ERR,ERR,ERR,ERR,ERR,ERR,ERR,ERR,ERR,ERR,ERR,ERR,ERR,ERR,ERR,ERR,ERR,ERR,ERR,ERR,ERR,ERR,ERR,ERR,ERR,ERR,ERR,ERR,ERR,ERR,ERR,ERR,ERR,ERR,ERR,ERR,ERR,ERR,ERR,ERR,ERR,ERR,ERR,ERR,ERR,ERR,ERR,ERR,ERR,ERR,ERR,ERR,ERR,ERR,ERR,ERR,ERR,ERR,ERR,ERR,ERR,ERR,ERR,ERR,ERR,ERR,ERR,34.0,80.0,35,0.0,0.0,0.0,0.0,0.0,0.0,0.0,0.0,0.0,0.0,0.0,0.0,0.0,0.0,0.0,0.0,66.0,0,120,58,54,65476,0,300,0,0,8,20529,65476,0,0,57672,80.0,0.0,0.0,0.0,0.0,0.0
2026-06-18T02:27:23,ERR,ERR,ERR,ERR,ERR,ERR,ERR,ERR,ERR,ERR,ERR,ERR,ERR,ERR,ERR,ERR,ERR,ERR,ERR,ERR,ERR,ERR,ERR,ERR,ERR,ERR,ERR,ERR,ERR,ERR,ERR,ERR,ERR,ERR,ERR,ERR,ERR,ERR,ERR,ERR,ERR,ERR,ERR,ERR,ERR,ERR,ERR,ERR,ERR,ERR,ERR,ERR,ERR,ERR,ERR,ERR,ERR,ERR,ERR,ERR,ERR,ERR,ERR,ERR,ERR,ERR,ERR,ERR,ERR,ERR,ERR,ERR,ERR,ERR,ERR,ERR,ERR,ERR,ERR,ERR,ERR,ERR,ERR,ERR,ERR,ERR,ERR,ERR,ERR,ERR,ERR,ERR,ERR,ERR,ERR,ERR,ERR,ERR,ERR,ERR,ERR,ERR,ERR,ERR,ERR,ERR,ERR,ERR,ERR,ERR,ERR,ERR,ERR,ERR,ERR,ERR,ERR,ERR,ERR,ERR,ERR,ERR,ERR,ERR,ERR,-0.0,2.718431101732002e+23,-0.0,-0.0,0.0,1.3936040501711995e+18,7.805,2.3822341049942016e+16,0,0,4,48926,6720,14723890282496.0,100,0.0,0.0,0.0,-0.0,0.0,0,0,0,0,0.0,0,0,0,0,0,0,0,0,0,0,0,0,0,0,0,0,0,0,0,0,0,0,0,0,0,0,0,0,0,0,0,0,0,26,51,50,76,65476,0,300,0,0,8,21553,0.0,-107605600.0,0.0,0.0,0.0,0.0,0.0,0.0,0.0,0.0,0.0,0.0,0.0,0.0,0.0,0.0,0.0,0.0,0.0,0.0,0.0,0.0,0.0,-0.0,0.0,2.004,0.0,0.0,0.0,0.0,4752.0,-8608174080.0,7290.0,-0.0,2.718431101732002e+23,-107615360.0,0.0,0.0,0.0,0.0,0.0,77,126841126912.0,5.8480517217512656e+35,0.0,0.0,0.0,0.0,0.0,0.0,0.0,0,0,0,0.0,0.0,0.0,0.0,0.0,0.0,0.0,0.0,0.0,0.0,0.0,0.0,0.0,0.0,0.0,0.0,0,-107875648.0,77,0.0,154,0.0,-0.0,ERR,ERR,ERR,ERR,ERR,ERR,ERR,ERR,ERR,ERR,ERR,ERR,ERR,ERR,ERR,ERR,ERR,ERR,ERR,ERR,ERR,ERR,ERR,ERR,ERR,ERR,ERR,ERR,ERR,ERR,ERR,ERR,ERR,ERR,ERR,ERR,ERR,ERR,ERR,ERR,ERR,ERR,ERR,ERR,ERR,ERR,ERR,ERR,ERR,ERR,ERR,ERR,ERR,ERR,ERR,ERR,ERR,ERR,ERR,ERR,ERR,ERR,ERR,ERR,ERR,ERR,ERR,34.0,80.0,35,0.0,0.0,0.0,0.0,0.0,0.0,0.0,0.0,0.0,0.0,0.0,0.0,0.0,0.0,0.0,0.0,66.0,0,120,58,54,65476,0,300,0,0,8,20529,65476,0,0,57672,80.0,0.0,0.0,0.0,0.0,0.0
2026-06-18T02:27:24,ERR,ERR,ERR,ERR,ERR,ERR,ERR,ERR,ERR,ERR,ERR,ERR,ERR,ERR,ERR,ERR,ERR,ERR,ERR,ERR,ERR,ERR,ERR,ERR,ERR,ERR,ERR,ERR,ERR,ERR,ERR,ERR,ERR,ERR,ERR,ERR,ERR,ERR,ERR,ERR,ERR,ERR,ERR,ERR,ERR,ERR,ERR,ERR,ERR,ERR,ERR,ERR,ERR,ERR,ERR,ERR,ERR,ERR,ERR,ERR,ERR,ERR,ERR,ERR,ERR,ERR,ERR,ERR,ERR,ERR,ERR,ERR,ERR,ERR,ERR,ERR,ERR,ERR,ERR,ERR,ERR,ERR,ERR,ERR,ERR,ERR,ERR,ERR,ERR,ERR,ERR,ERR,ERR,ERR,ERR,ERR,ERR,ERR,ERR,ERR,ERR,ERR,ERR,ERR,ERR,ERR,ERR,ERR,ERR,ERR,ERR,ERR,ERR,ERR,ERR,ERR,ERR,ERR,ERR,ERR,ERR,ERR,ERR,ERR,ERR,-0.0,2.718431101732002e+23,-0.0,-0.0,0.0,1.3936040501711995e+18,7.805,2.3822341049942016e+16,0,0,4,48926,6720,14723890282496.0,100,0.0,0.0,0.0,-0.0,0.0,0,0,0,0,0.0,0,0,0,0,0,0,0,0,0,0,0,0,0,0,0,0,0,0,0,0,0,0,0,0,0,0,0,0,0,0,0,0,0,26,51,50,76,65476,0,300,0,0,8,21553,0.0,-107605600.0,0.0,0.0,0.0,0.0,0.0,0.0,0.0,0.0,0.0,0.0,0.0,0.0,0.0,0.0,0.0,0.0,0.0,0.0,0.0,0.0,0.0,-0.0,0.0,2.004,0.0,0.0,0.0,0.0,4752.0,-8608174080.0,7290.0,-0.0,2.718431101732002e+23,-107615360.0,0.0,0.0,0.0,0.0,0.0,77,126841126912.0,5.8480517217512656e+35,0.0,0.0,0.0,0.0,0.0,0.0,0.0,0,0,0,0.0,0.0,0.0,0.0,0.0,0.0,0.0,0.0,0.0,0.0,0.0,0.0,0.0,0.0,0.0,0.0,0,-107875648.0,77,0.0,154,0.0,-0.0,ERR,ERR,ERR,ERR,ERR,ERR,ERR,ERR,ERR,ERR,ERR,ERR,ERR,ERR,ERR,ERR,ERR,ERR,ERR,ERR,ERR,ERR,ERR,ERR,ERR,ERR,ERR,ERR,ERR,ERR,ERR,ERR,ERR,ERR,ERR,ERR,ERR,ERR,ERR,ERR,ERR,ERR,ERR,ERR,ERR,ERR,ERR,ERR,ERR,ERR,ERR,ERR,ERR,ERR,ERR,ERR,ERR,ERR,ERR,ERR,ERR,ERR,ERR,ERR,ERR,ERR,ERR,34.0,80.0,35,0.0,0.0,0.0,0.0,0.0,0.0,0.0,0.0,0.0,0.0,0.0,0.0,0.0,0.0,0.0,0.0,66.4,0,120,58,54,65476,0,300,0,0,8,20529,65476,0,0,57672,80.0,0.0,0.0,0.0,0.0,0.0
2026-06-18T02:27:25,ERR,ERR,ERR,ERR,ERR,ERR,ERR,ERR,ERR,ERR,ERR,ERR,ERR,ERR,ERR,ERR,ERR,ERR,ERR,ERR,ERR,ERR,ERR,ERR,ERR,ERR,ERR,ERR,ERR,ERR,ERR,ERR,ERR,ERR,ERR,ERR,ERR,ERR,ERR,ERR,ERR,ERR,ERR,ERR,ERR,ERR,ERR,ERR,ERR,ERR,ERR,ERR,ERR,ERR,ERR,ERR,ERR,ERR,ERR,ERR,ERR,ERR,ERR,ERR,ERR,ERR,ERR,ERR,ERR,ERR,ERR,ERR,ERR,ERR,ERR,ERR,ERR,ERR,ERR,ERR,ERR,ERR,ERR,ERR,ERR,ERR,ERR,ERR,ERR,ERR,ERR,ERR,ERR,ERR,ERR,ERR,ERR,ERR,ERR,ERR,ERR,ERR,ERR,ERR,ERR,ERR,ERR,ERR,ERR,ERR,ERR,ERR,ERR,ERR,ERR,ERR,ERR,ERR,ERR,ERR,ERR,ERR,ERR,ERR,ERR,-0.0,2.718431101732002e+23,-0.0,0.059,0.0,1.3936040501711995e+18,7.805,0.0,0,0,4,48924,6720,14723890282496.0,100,0.0,0.0,0.0,0.059,0.0,0,0,0,0,0.0,0,0,0,0,0,0,0,0,0,0,0,0,0,0,0,0,0,0,0,0,0,0,0,0,0,0,0,0,0,0,0,0,0,26,51,50,76,65476,0,300,0,0,8,21553,0.0,-107605600.0,0.0,0.0,0.0,0.0,0.0,0.0,0.0,0.0,0.0,0.0,0.0,0.0,0.0,0.0,0.0,0.0,0.0,0.0,0.0,0.0,0.0,-0.0,0.0,2.004,0.0,0.0,0.0,0.0,4751.0,-3.697182615187489e+19,7292.0,-0.0,2.718431101732002e+23,-107615360.0,0.0,0.0,0.0,0.0,0.0,77,107615360.0,-0.0,0.0,0.0,0.0,0.0,0.0,0.0,0.0,0,0,0,0.0,0.0,0.0,0.0,0.0,0.0,0.0,0.0,0.0,0.0,0.0,0.0,0.0,0.0,0.0,0.0,0,-107875648.0,77,0.0,154,0.0,-0.0,ERR,ERR,ERR,ERR,ERR,ERR,ERR,ERR,ERR,ERR,ERR,ERR,ERR,ERR,ERR,ERR,ERR,ERR,ERR,ERR,ERR,ERR,ERR,ERR,ERR,ERR,ERR,ERR,ERR,ERR,ERR,ERR,ERR,ERR,ERR,ERR,ERR,ERR,ERR,ERR,ERR,ERR,ERR,ERR,ERR,ERR,ERR,ERR,ERR,ERR,ERR,ERR,ERR,ERR,ERR,ERR,ERR,ERR,ERR,ERR,ERR,ERR,ERR,ERR,ERR,ERR,ERR,34.0,80.0,35,0.0,0.0,0.0,0.0,0.0,0.0,0.0,0.0,0.0,0.0,0.0,0.0,0.0,0.0,0.0,0.0,66.0,0,120,58,54,65476,0,300,0,0,8,20529,65476,0,0,57672,80.0,0.0,0.0,0.0,0.0,0.0
2026-06-18T02:27:26,ERR,ERR,ERR,ERR,ERR,ERR,ERR,ERR,ERR,ERR,ERR,ERR,ERR,ERR,ERR,ERR,ERR,ERR,ERR,ERR,ERR,ERR,ERR,ERR,ERR,ERR,ERR,ERR,ERR,ERR,ERR,ERR,ERR,ERR,ERR,ERR,ERR,ERR,ERR,ERR,ERR,ERR,ERR,ERR,ERR,ERR,ERR,ERR,ERR,ERR,ERR,ERR,ERR,ERR,ERR,ERR,ERR,ERR,ERR,ERR,ERR,ERR,ERR,ERR,ERR,ERR,ERR,ERR,ERR,ERR,ERR,ERR,ERR,ERR,ERR,ERR,ERR,ERR,ERR,ERR,ERR,ERR,ERR,ERR,ERR,ERR,ERR,ERR,ERR,ERR,ERR,ERR,ERR,ERR,ERR,ERR,ERR,ERR,ERR,ERR,ERR,ERR,ERR,ERR,ERR,ERR,ERR,ERR,ERR,ERR,ERR,ERR,ERR,ERR,ERR,ERR,ERR,ERR,ERR,ERR,ERR,ERR,ERR,ERR,ERR,-0.0,2.718431101732002e+23,-0.0,0.059,0.0,1.3936040501711995e+18,7.805,0.0,0,0,4,48924,6720,14723890282496.0,100,0.0,0.0,0.0,0.059,0.0,0,0,0,0,0.0,0,0,0,0,0,0,0,0,0,0,0,0,0,0,0,0,0,0,0,0,0,0,0,0,0,0,0,0,0,0,0,0,0,26,51,50,76,65476,0,300,0,0,8,21553,0.0,-107605600.0,0.0,0.0,0.0,0.0,0.0,0.0,0.0,0.0,0.0,0.0,0.0,0.0,0.0,0.0,0.0,0.0,0.0,0.0,0.0,0.0,0.0,-0.0,0.0,2.004,0.0,0.0,0.0,0.0,4751.0,-3.697182615187489e+19,7292.0,-0.0,2.718431101732002e+23,-107615360.0,0.0,0.0,0.0,0.0,0.0,77,107615360.0,-0.0,0.0,0.0,0.0,0.0,0.0,0.0,0.0,0,0,0,0.0,0.0,0.0,0.0,0.0,0.0,0.0,0.0,0.0,0.0,0.0,0.0,0.0,0.0,0.0,0.0,0,-107875648.0,77,0.0,154,0.0,-0.0,ERR,ERR,ERR,ERR,ERR,ERR,ERR,ERR,ERR,ERR,ERR,ERR,ERR,ERR,ERR,ERR,ERR,ERR,ERR,ERR,ERR,ERR,ERR,ERR,ERR,ERR,ERR,ERR,ERR,ERR,ERR,ERR,ERR,ERR,ERR,ERR,ERR,ERR,ERR,ERR,ERR,ERR,ERR,ERR,ERR,ERR,ERR,ERR,ERR,ERR,ERR,ERR,ERR,ERR,ERR,ERR,ERR,ERR,ERR,ERR,ERR,ERR,ERR,ERR,ERR,ERR,ERR,34.0,80.0,35,0.0,0.0,0.0,0.0,0.0,0.0,0.0,0.0,0.0,0.0,0.0,0.0,0.0,0.0,0.0,0.0,66.0,0,120,58,54,65476,0,300,0,0,8,20529,65476,0,0,57672,80.0,0.0,0.0,0.0,0.0,0.0
2026-06-18T02:27:27,ERR,ERR,ERR,ERR,ERR,ERR,ERR,ERR,ERR,ERR,ERR,ERR,ERR,ERR,ERR,ERR,ERR,ERR,ERR,ERR,ERR,ERR,ERR,ERR,ERR,ERR,ERR,ERR,ERR,ERR,ERR,ERR,ERR,ERR,ERR,ERR,ERR,ERR,ERR,ERR,ERR,ERR,ERR,ERR,ERR,ERR,ERR,ERR,ERR,ERR,ERR,ERR,ERR,ERR,ERR,ERR,ERR,ERR,ERR,ERR,ERR,ERR,ERR,ERR,ERR,ERR,ERR,ERR,ERR,ERR,ERR,ERR,ERR,ERR,ERR,ERR,ERR,ERR,ERR,ERR,ERR,ERR,ERR,ERR,ERR,ERR,ERR,ERR,ERR,ERR,ERR,ERR,ERR,ERR,ERR,ERR,ERR,ERR,ERR,ERR,ERR,ERR,ERR,ERR,ERR,ERR,ERR,ERR,ERR,ERR,ERR,ERR,ERR,ERR,ERR,ERR,ERR,ERR,ERR,ERR,ERR,ERR,ERR,ERR,ERR,-0.0,2.718431101732002e+23,-0.0,0.059,0.0,1.3936040501711995e+18,7.805,0.0,0,0,4,48924,6720,14723890282496.0,100,0.0,0.0,0.0,0.059,0.0,0,0,0,0,0.0,0,0,0,0,0,0,0,0,0,0,0,0,0,0,0,0,0,0,0,0,0,0,0,0,0,0,0,0,0,0,0,0,0,26,51,50,76,65476,0,300,0,0,8,21553,0.0,-107605600.0,0.0,0.0,0.0,0.0,0.0,0.0,0.0,0.0,0.0,0.0,0.0,0.0,0.0,0.0,0.0,0.0,0.0,0.0,0.0,0.0,0.0,-0.0,0.0,2.004,0.0,0.0,0.0,0.0,4751.0,-3.697182615187489e+19,7292.0,-0.0,2.718431101732002e+23,-107615360.0,0.0,0.0,0.0,0.0,0.0,77,107615360.0,-0.0,0.0,0.0,0.0,0.0,0.0,0.0,0.0,0,0,0,0.0,0.0,0.0,0.0,0.0,0.0,0.0,0.0,0.0,0.0,0.0,0.0,0.0,0.0,0.0,0.0,0,-107875648.0,77,0.0,154,0.0,-0.0,ERR,ERR,ERR,ERR,ERR,ERR,ERR,ERR,ERR,ERR,ERR,ERR,ERR,ERR,ERR,ERR,ERR,ERR,ERR,ERR,ERR,ERR,ERR,ERR,ERR,ERR,ERR,ERR,ERR,ERR,ERR,ERR,ERR,ERR,ERR,ERR,ERR,ERR,ERR,ERR,ERR,ERR,ERR,ERR,ERR,ERR,ERR,ERR,ERR,ERR,ERR,ERR,ERR,ERR,ERR,ERR,ERR,ERR,ERR,ERR,ERR,ERR,ERR,ERR,ERR,ERR,ERR,34.0,80.0,35,0.0,0.0,0.0,0.0,0.0,0.0,0.0,0.0,0.0,0.0,0.0,0.0,0.0,0.0,0.0,0.0,66.0,0,120,58,54,65476,0,300,0,0,8,20529,65476,0,0,57672,80.0,0.0,0.0,0.0,0.0,0.0
2026-06-18T02:27:28,ERR,ERR,ERR,ERR,ERR,ERR,ERR,ERR,ERR,ERR,ERR,ERR,ERR,ERR,ERR,ERR,ERR,ERR,ERR,ERR,ERR,ERR,ERR,ERR,ERR,ERR,ERR,ERR,ERR,ERR,ERR,ERR,ERR,ERR,ERR,ERR,ERR,ERR,ERR,ERR,ERR,ERR,ERR,ERR,ERR,ERR,ERR,ERR,ERR,ERR,ERR,ERR,ERR,ERR,ERR,ERR,ERR,ERR,ERR,ERR,ERR,ERR,ERR,ERR,ERR,ERR,ERR,ERR,ERR,ERR,ERR,ERR,ERR,ERR,ERR,ERR,ERR,ERR,ERR,ERR,ERR,ERR,ERR,ERR,ERR,ERR,ERR,ERR,ERR,ERR,ERR,ERR,ERR,ERR,ERR,ERR,ERR,ERR,ERR,ERR,ERR,ERR,ERR,ERR,ERR,ERR,ERR,ERR,ERR,ERR,ERR,ERR,ERR,ERR,ERR,ERR,ERR,ERR,ERR,ERR,ERR,ERR,ERR,ERR,ERR,-0.0,2.718431101732002e+23,-0.0,0.059,0.0,1.3936040501711995e+18,7.805,0.0,0,0,4,48924,6720,14723890282496.0,100,0.0,0.0,0.0,0.059,0.0,0,0,0,0,0.0,0,0,0,0,0,0,0,0,0,0,0,0,0,0,0,0,0,0,0,0,0,0,0,0,0,0,0,0,0,0,0,0,0,26,51,50,76,65476,0,300,0,0,8,21553,0.0,-107605600.0,0.0,0.0,0.0,0.0,0.0,0.0,0.0,0.0,0.0,0.0,0.0,0.0,0.0,0.0,0.0,0.0,0.0,0.0,0.0,0.0,0.0,-0.0,0.0,2.004,0.0,0.0,0.0,0.0,4751.0,-3.697182615187489e+19,7292.0,-0.0,2.718431101732002e+23,-107615360.0,0.0,0.0,0.0,0.0,0.0,77,107615360.0,-0.0,0.0,0.0,0.0,0.0,0.0,0.0,0.0,0,0,0,0.0,0.0,0.0,0.0,0.0,0.0,0.0,0.0,0.0,0.0,0.0,0.0,0.0,0.0,0.0,0.0,0,-107875648.0,77,0.0,154,0.0,-0.0,ERR,ERR,ERR,ERR,ERR,ERR,ERR,ERR,ERR,ERR,ERR,ERR,ERR,ERR,ERR,ERR,ERR,ERR,ERR,ERR,ERR,ERR,ERR,ERR,ERR,ERR,ERR,ERR,ERR,ERR,ERR,ERR,ERR,ERR,ERR,ERR,ERR,ERR,ERR,ERR,ERR,ERR,ERR,ERR,ERR,ERR,ERR,ERR,ERR,ERR,ERR,ERR,ERR,ERR,ERR,ERR,ERR,ERR,ERR,ERR,ERR,ERR,ERR,ERR,ERR,ERR,ERR,34.0,80.0,35,0.0,0.0,0.0,0.0,0.0,0.0,0.0,0.0,0.0,0.0,0.0,0.0,0.0,0.0,0.0,0.0,66.0,0,120,58,54,65476,0,300,0,0,8,20529,65476,0,0,57672,80.0,0.0,0.0,0.0,0.0,0.0
2026-06-18T02:27:29,ERR,ERR,ERR,ERR,ERR,ERR,ERR,ERR,ERR,ERR,ERR,ERR,ERR,ERR,ERR,ERR,ERR,ERR,ERR,ERR,ERR,ERR,ERR,ERR,ERR,ERR,ERR,ERR,ERR,ERR,ERR,ERR,ERR,ERR,ERR,ERR,ERR,ERR,ERR,ERR,ERR,ERR,ERR,ERR,ERR,ERR,ERR,ERR,ERR,ERR,ERR,ERR,ERR,ERR,ERR,ERR,ERR,ERR,ERR,ERR,ERR,ERR,ERR,ERR,ERR,ERR,ERR,ERR,ERR,ERR,ERR,ERR,ERR,ERR,ERR,ERR,ERR,ERR,ERR,ERR,ERR,ERR,ERR,ERR,ERR,ERR,ERR,ERR,ERR,ERR,ERR,ERR,ERR,ERR,ERR,ERR,ERR,ERR,ERR,ERR,ERR,ERR,ERR,ERR,ERR,ERR,ERR,ERR,ERR,ERR,ERR,ERR,ERR,ERR,ERR,ERR,ERR,ERR,ERR,ERR,ERR,ERR,ERR,ERR,ERR,-0.0,2.718431101732002e+23,-0.0,0.059,0.0,1.3936040501711995e+18,7.805,0.0,0,0,4,48924,6720,14723890282496.0,100,0.0,0.0,0.0,0.059,0.0,0,0,0,0,0.0,0,0,0,0,0,0,0,0,0,0,0,0,0,0,0,0,0,0,0,0,0,0,0,0,0,0,0,0,0,0,0,0,0,26,51,50,76,65476,0,300,0,0,8,21553,0.0,-107605600.0,0.0,0.0,0.0,0.0,0.0,0.0,0.0,0.0,0.0,0.0,0.0,0.0,0.0,0.0,0.0,0.0,0.0,0.0,0.0,0.0,0.0,-0.0,0.0,2.004,0.0,0.0,0.0,0.0,4751.0,-3.697182615187489e+19,7292.0,-0.0,2.718431101732002e+23,-107615360.0,0.0,0.0,0.0,0.0,0.0,77,107615360.0,-0.0,0.0,0.0,0.0,0.0,0.0,0.0,0.0,0,0,0,0.0,0.0,0.0,0.0,0.0,0.0,0.0,0.0,0.0,0.0,0.0,0.0,0.0,0.0,0.0,0.0,0,-107875648.0,77,0.0,154,0.0,-0.0,ERR,ERR,ERR,ERR,ERR,ERR,ERR,ERR,ERR,ERR,ERR,ERR,ERR,ERR,ERR,ERR,ERR,ERR,ERR,ERR,ERR,ERR,ERR,ERR,ERR,ERR,ERR,ERR,ERR,ERR,ERR,ERR,ERR,ERR,ERR,ERR,ERR,ERR,ERR,ERR,ERR,ERR,ERR,ERR,ERR,ERR,ERR,ERR,ERR,ERR,ERR,ERR,ERR,ERR,ERR,ERR,ERR,ERR,ERR,ERR,ERR,ERR,ERR,ERR,ERR,ERR,ERR,34.0,80.0,35,0.0,0.0,0.0,0.0,0.0,0.0,0.0,0.0,0.0,0.0,0.0,0.0,0.0,0.0,0.0,0.0,66.4,0,120,58,54,65476,0,300,0,0,8,20529,65476,0,0,57672,80.0,0.0,0.0,0.0,0.0,0.0
2026-06-18T02:27:30,ERR,ERR,ERR,ERR,ERR,ERR,ERR,ERR,ERR,ERR,ERR,ERR,ERR,ERR,ERR,ERR,ERR,ERR,ERR,ERR,ERR,ERR,ERR,ERR,ERR,ERR,ERR,ERR,ERR,ERR,ERR,ERR,ERR,ERR,ERR,ERR,ERR,ERR,ERR,ERR,ERR,ERR,ERR,ERR,ERR,ERR,ERR,ERR,ERR,ERR,ERR,ERR,ERR,ERR,ERR,ERR,ERR,ERR,ERR,ERR,ERR,ERR,ERR,ERR,ERR,ERR,ERR,ERR,ERR,ERR,ERR,ERR,ERR,ERR,ERR,ERR,ERR,ERR,ERR,ERR,ERR,ERR,ERR,ERR,ERR,ERR,ERR,ERR,ERR,ERR,ERR,ERR,ERR,ERR,ERR,ERR,ERR,ERR,ERR,ERR,ERR,ERR,ERR,ERR,ERR,ERR,ERR,ERR,ERR,ERR,ERR,ERR,ERR,ERR,ERR,ERR,ERR,ERR,ERR,ERR,ERR,ERR,ERR,ERR,ERR,-0.0,2.718431101732002e+23,-0.0,0.059,0.0,1.3936040501711995e+18,7.805,0.0,0,0,4,48924,6720,14723890282496.0,100,0.0,0.0,0.0,0.059,0.0,0,0,0,0,0.0,0,0,0,0,0,0,0,0,0,0,0,0,0,0,0,0,0,0,0,0,0,0,0,0,0,0,0,0,0,0,0,0,0,26,51,50,76,65476,0,300,0,0,8,21553,0.0,-107605600.0,0.0,0.0,0.0,0.0,0.0,0.0,0.0,0.0,0.0,0.0,0.0,0.0,0.0,0.0,0.0,0.0,0.0,0.0,0.0,0.0,0.0,-0.0,0.0,2.004,0.0,0.0,0.0,0.0,4751.0,-3.697182615187489e+19,7292.0,-0.0,2.718431101732002e+23,-107615360.0,0.0,0.0,0.0,0.0,0.0,77,107615360.0,-0.0,0.0,0.0,0.0,0.0,0.0,0.0,0.0,0,0,0,0.0,0.0,0.0,0.0,0.0,0.0,0.0,0.0,0.0,0.0,0.0,0.0,0.0,0.0,0.0,0.0,0,-107875648.0,77,0.0,154,0.0,-0.0,ERR,ERR,ERR,ERR,ERR,ERR,ERR,ERR,ERR,ERR,ERR,ERR,ERR,ERR,ERR,ERR,ERR,ERR,ERR,ERR,ERR,ERR,ERR,ERR,ERR,ERR,ERR,ERR,ERR,ERR,ERR,ERR,ERR,ERR,ERR,ERR,ERR,ERR,ERR,ERR,ERR,ERR,ERR,ERR,ERR,ERR,ERR,ERR,ERR,ERR,ERR,ERR,ERR,ERR,ERR,ERR,ERR,ERR,ERR,ERR,ERR,ERR,ERR,ERR,ERR,ERR,ERR,34.0,80.0,35,0.0,0.0,0.0,0.0,0.0,0.0,0.0,0.0,0.0,0.0,0.0,0.0,0.0,0.0,0.0,0.0,66.4,0,120,58,54,65476,0,300,0,0,8,20529,65476,0,0,57672,80.0,0.0,0.0,0.0,0.0,0.0
2026-06-18T02:27:31,ERR,ERR,ERR,ERR,ERR,ERR,ERR,ERR,ERR,ERR,ERR,ERR,ERR,ERR,ERR,ERR,ERR,ERR,ERR,ERR,ERR,ERR,ERR,ERR,ERR,ERR,ERR,ERR,ERR,ERR,ERR,ERR,ERR,ERR,ERR,ERR,ERR,ERR,ERR,ERR,ERR,ERR,ERR,ERR,ERR,ERR,ERR,ERR,ERR,ERR,ERR,ERR,ERR,ERR,ERR,ERR,ERR,ERR,ERR,ERR,ERR,ERR,ERR,ERR,ERR,ERR,ERR,ERR,ERR,ERR,ERR,ERR,ERR,ERR,ERR,ERR,ERR,ERR,ERR,ERR,ERR,ERR,ERR,ERR,ERR,ERR,ERR,ERR,ERR,ERR,ERR,ERR,ERR,ERR,ERR,ERR,ERR,ERR,ERR,ERR,ERR,ERR,ERR,ERR,ERR,ERR,ERR,ERR,ERR,ERR,ERR,ERR,ERR,ERR,ERR,ERR,ERR,ERR,ERR,ERR,ERR,ERR,ERR,ERR,ERR,-0.0,2.718431101732002e+23,-0.0,0.059,0.0,1.3936040501711995e+18,7.805,0.0,0,0,4,48933,6720,14723890282496.0,100,0.0,0.0,0.0,0.059,0.0,0,0,0,0,0.0,0,0,0,0,0,0,0,0,0,0,0,0,0,0,0,0,0,0,0,0,0,0,0,0,0,0,0,0,0,0,0,0,0,26,51,50,76,65476,0,300,0,0,8,21553,0.0,-107605600.0,0.0,0.0,0.0,0.0,0.0,0.0,0.0,0.0,0.0,0.0,0.0,0.0,0.0,0.0,0.0,0.0,0.0,0.0,0.0,0.0,0.0,-0.0,0.0,2.004,0.0,0.0,0.0,0.0,4756.0,-564145296506880.0,7291.0,-0.0,2.718431101732002e+23,-107615360.0,0.0,0.0,0.0,0.0,0.0,77,152018488393728.0,5.8480517217512656e+35,0.0,0.0,0.0,0.0,0.0,0.0,0.0,0,0,0,0.0,0.0,0.0,0.0,0.0,0.0,0.0,0.0,0.0,0.0,0.0,0.0,0.0,0.0,0.0,0.0,0,-107875648.0,77,0.0,154,0.0,-0.0,ERR,ERR,ERR,ERR,ERR,ERR,ERR,ERR,ERR,ERR,ERR,ERR,ERR,ERR,ERR,ERR,ERR,ERR,ERR,ERR,ERR,ERR,ERR,ERR,ERR,ERR,ERR,ERR,ERR,ERR,ERR,ERR,ERR,ERR,ERR,ERR,ERR,ERR,ERR,ERR,ERR,ERR,ERR,ERR,ERR,ERR,ERR,ERR,ERR,ERR,ERR,ERR,ERR,ERR,ERR,ERR,ERR,ERR,ERR,ERR,ERR,ERR,ERR,ERR,ERR,ERR,ERR,34.0,80.0,35,0.0,0.0,0.0,0.0,0.0,0.0,0.0,0.0,0.0,0.0,0.0,0.0,0.0,0.0,0.0,0.0,66.4,0,120,58,54,65476,0,300,0,0,8,20529,65476,0,0,57672,80.0,0.0,0.0,0.0,0.0,0.0
2026-06-18T02:27:32,ERR,ERR,ERR,ERR,ERR,ERR,ERR,ERR,ERR,ERR,ERR,ERR,ERR,ERR,ERR,ERR,ERR,ERR,ERR,ERR,ERR,ERR,ERR,ERR,ERR,ERR,ERR,ERR,ERR,ERR,ERR,ERR,ERR,ERR,ERR,ERR,ERR,ERR,ERR,ERR,ERR,ERR,ERR,ERR,ERR,ERR,ERR,ERR,ERR,ERR,ERR,ERR,ERR,ERR,ERR,ERR,ERR,ERR,ERR,ERR,ERR,ERR,ERR,ERR,ERR,ERR,ERR,ERR,ERR,ERR,ERR,ERR,ERR,ERR,ERR,ERR,ERR,ERR,ERR,ERR,ERR,ERR,ERR,ERR,ERR,ERR,ERR,ERR,ERR,ERR,ERR,ERR,ERR,ERR,ERR,ERR,ERR,ERR,ERR,ERR,ERR,ERR,ERR,ERR,ERR,ERR,ERR,ERR,ERR,ERR,ERR,ERR,ERR,ERR,ERR,ERR,ERR,ERR,ERR,ERR,ERR,ERR,ERR,ERR,ERR,-0.0,2.718431101732002e+23,-0.0,0.059,0.0,1.3936040501711995e+18,7.805,0.0,0,0,4,48933,6720,14723890282496.0,100,0.0,0.0,0.0,0.059,0.0,0,0,0,0,0.0,0,0,0,0,0,0,0,0,0,0,0,0,0,0,0,0,0,0,0,0,0,0,0,0,0,0,0,0,0,0,0,0,0,26,51,50,76,65476,0,300,0,0,8,21553,0.0,-107605600.0,0.0,0.0,0.0,0.0,0.0,0.0,0.0,0.0,0.0,0.0,0.0,0.0,0.0,0.0,0.0,0.0,0.0,0.0,0.0,0.0,0.0,-0.0,0.0,2.004,0.0,0.0,0.0,0.0,4756.0,-564145296506880.0,7291.0,-0.0,2.718431101732002e+23,-107615360.0,0.0,0.0,0.0,0.0,0.0,77,152018488393728.0,5.8480517217512656e+35,0.0,0.0,0.0,0.0,0.0,0.0,0.0,0,0,0,0.0,0.0,0.0,0.0,0.0,0.0,0.0,0.0,0.0,0.0,0.0,0.0,0.0,0.0,0.0,0.0,0,-107875648.0,77,0.0,154,0.0,-0.0,ERR,ERR,ERR,ERR,ERR,ERR,ERR,ERR,ERR,ERR,ERR,ERR,ERR,ERR,ERR,ERR,ERR,ERR,ERR,ERR,ERR,ERR,ERR,ERR,ERR,ERR,ERR,ERR,ERR,ERR,ERR,ERR,ERR,ERR,ERR,ERR,ERR,ERR,ERR,ERR,ERR,ERR,ERR,ERR,ERR,ERR,ERR,ERR,ERR,ERR,ERR,ERR,ERR,ERR,ERR,ERR,ERR,ERR,ERR,ERR,ERR,ERR,ERR,ERR,ERR,ERR,ERR,34.0,80.0,35,0.0,0.0,0.0,0.0,0.0,0.0,0.0,0.0,0.0,0.0,0.0,0.0,0.0,0.0,0.0,0.0,66.4,0,120,58,54,65476,0,300,0,0,8,20529,65476,0,0,57672,80.0,0.0,0.0,0.0,0.0,0.0
2026-06-18T02:27:33,ERR,ERR,ERR,ERR,ERR,ERR,ERR,ERR,ERR,ERR,ERR,ERR,ERR,ERR,ERR,ERR,ERR,ERR,ERR,ERR,ERR,ERR,ERR,ERR,ERR,ERR,ERR,ERR,ERR,ERR,ERR,ERR,ERR,ERR,ERR,ERR,ERR,ERR,ERR,ERR,ERR,ERR,ERR,ERR,ERR,ERR,ERR,ERR,ERR,ERR,ERR,ERR,ERR,ERR,ERR,ERR,ERR,ERR,ERR,ERR,ERR,ERR,ERR,ERR,ERR,ERR,ERR,ERR,ERR,ERR,ERR,ERR,ERR,ERR,ERR,ERR,ERR,ERR,ERR,ERR,ERR,ERR,ERR,ERR,ERR,ERR,ERR,ERR,ERR,ERR,ERR,ERR,ERR,ERR,ERR,ERR,ERR,ERR,ERR,ERR,ERR,ERR,ERR,ERR,ERR,ERR,ERR,ERR,ERR,ERR,ERR,ERR,ERR,ERR,ERR,ERR,ERR,ERR,ERR,ERR,ERR,ERR,ERR,ERR,ERR,-0.0,2.718431101732002e+23,-0.0,0.059,0.0,1.3936040501711995e+18,7.805,0.0,0,0,4,48933,6720,14723890282496.0,100,0.0,0.0,0.0,0.059,0.0,0,0,0,0,0.0,0,0,0,0,0,0,0,0,0,0,0,0,0,0,0,0,0,0,0,0,0,0,0,0,0,0,0,0,0,0,0,0,0,26,51,50,76,65476,0,300,0,0,8,21553,0.0,-107605600.0,0.0,0.0,0.0,0.0,0.0,0.0,0.0,0.0,0.0,0.0,0.0,0.0,0.0,0.0,0.0,0.0,0.0,0.0,0.0,0.0,0.0,-0.0,0.0,2.004,0.0,0.0,0.0,0.0,4756.0,-564145296506880.0,7291.0,-0.0,2.718431101732002e+23,-107615360.0,0.0,0.0,0.0,0.0,0.0,77,152018488393728.0,5.8480517217512656e+35,0.0,0.0,0.0,0.0,0.0,0.0,0.0,0,0,0,0.0,0.0,0.0,0.0,0.0,0.0,0.0,0.0,0.0,0.0,0.0,0.0,0.0,0.0,0.0,0.0,0,-107875648.0,77,0.0,154,0.0,-0.0,ERR,ERR,ERR,ERR,ERR,ERR,ERR,ERR,ERR,ERR,ERR,ERR,ERR,ERR,ERR,ERR,ERR,ERR,ERR,ERR,ERR,ERR,ERR,ERR,ERR,ERR,ERR,ERR,ERR,ERR,ERR,ERR,ERR,ERR,ERR,ERR,ERR,ERR,ERR,ERR,ERR,ERR,ERR,ERR,ERR,ERR,ERR,ERR,ERR,ERR,ERR,ERR,ERR,ERR,ERR,ERR,ERR,ERR,ERR,ERR,ERR,ERR,ERR,ERR,ERR,ERR,ERR,34.0,80.0,35,0.0,0.0,0.0,0.0,0.0,0.0,0.0,0.0,0.0,0.0,0.0,0.0,0.0,0.0,0.0,0.0,66.0,0,120,58,54,65476,0,300,0,0,8,20529,65476,0,0,57672,80.0,0.0,0.0,0.0,0.0,0.0
2026-06-18T02:27:34,ERR,ERR,ERR,ERR,ERR,ERR,ERR,ERR,ERR,ERR,ERR,ERR,ERR,ERR,ERR,ERR,ERR,ERR,ERR,ERR,ERR,ERR,ERR,ERR,ERR,ERR,ERR,ERR,ERR,ERR,ERR,ERR,ERR,ERR,ERR,ERR,ERR,ERR,ERR,ERR,ERR,ERR,ERR,ERR,ERR,ERR,ERR,ERR,ERR,ERR,ERR,ERR,ERR,ERR,ERR,ERR,ERR,ERR,ERR,ERR,ERR,ERR,ERR,ERR,ERR,ERR,ERR,ERR,ERR,ERR,ERR,ERR,ERR,ERR,ERR,ERR,ERR,ERR,ERR,ERR,ERR,ERR,ERR,ERR,ERR,ERR,ERR,ERR,ERR,ERR,ERR,ERR,ERR,ERR,ERR,ERR,ERR,ERR,ERR,ERR,ERR,ERR,ERR,ERR,ERR,ERR,ERR,ERR,ERR,ERR,ERR,ERR,ERR,ERR,ERR,ERR,ERR,ERR,ERR,ERR,ERR,ERR,ERR,ERR,ERR,-0.0,2.718431101732002e+23,-0.0,0.059,0.0,1.3936040501711995e+18,7.805,0.0,0,0,4,48933,6720,14723890282496.0,100,0.0,0.0,0.0,0.059,0.0,0,0,0,0,0.0,0,0,0,0,0,0,0,0,0,0,0,0,0,0,0,0,0,0,0,0,0,0,0,0,0,0,0,0,0,0,0,0,0,26,51,50,76,65476,0,300,0,0,8,21553,0.0,-107605600.0,0.0,0.0,0.0,0.0,0.0,0.0,0.0,0.0,0.0,0.0,0.0,0.0,0.0,0.0,0.0,0.0,0.0,0.0,0.0,0.0,0.0,-0.0,0.0,2.004,0.0,0.0,0.0,0.0,4756.0,-564145296506880.0,7291.0,-0.0,2.718431101732002e+23,-107615360.0,0.0,0.0,0.0,0.0,0.0,77,152018488393728.0,5.8480517217512656e+35,0.0,0.0,0.0,0.0,0.0,0.0,0.0,0,0,0,0.0,0.0,0.0,0.0,0.0,0.0,0.0,0.0,0.0,0.0,0.0,0.0,0.0,0.0,0.0,0.0,0,-107875648.0,77,0.0,154,0.0,-0.0,ERR,ERR,ERR,ERR,ERR,ERR,ERR,ERR,ERR,ERR,ERR,ERR,ERR,ERR,ERR,ERR,ERR,ERR,ERR,ERR,ERR,ERR,ERR,ERR,ERR,ERR,ERR,ERR,ERR,ERR,ERR,ERR,ERR,ERR,ERR,ERR,ERR,ERR,ERR,ERR,ERR,ERR,ERR,ERR,ERR,ERR,ERR,ERR,ERR,ERR,ERR,ERR,ERR,ERR,ERR,ERR,ERR,ERR,ERR,ERR,ERR,ERR,ERR,ERR,ERR,ERR,ERR,34.0,80.0,35,0.0,0.0,0.0,0.0,0.0,0.0,0.0,0.0,0.0,0.0,0.0,0.0,0.0,0.0,0.0,0.0,66.4,0,120,58,54,65476,0,300,0,0,8,20529,65476,0,0,57672,80.0,0.0,0.0,0.0,0.0,0.0
2026-06-18T02:27:35,ERR,ERR,ERR,ERR,ERR,ERR,ERR,ERR,ERR,ERR,ERR,ERR,ERR,ERR,ERR,ERR,ERR,ERR,ERR,ERR,ERR,ERR,ERR,ERR,ERR,ERR,ERR,ERR,ERR,ERR,ERR,ERR,ERR,ERR,ERR,ERR,ERR,ERR,ERR,ERR,ERR,ERR,ERR,ERR,ERR,ERR,ERR,ERR,ERR,ERR,ERR,ERR,ERR,ERR,ERR,ERR,ERR,ERR,ERR,ERR,ERR,ERR,ERR,ERR,ERR,ERR,ERR,ERR,ERR,ERR,ERR,ERR,ERR,ERR,ERR,ERR,ERR,ERR,ERR,ERR,ERR,ERR,ERR,ERR,ERR,ERR,ERR,ERR,ERR,ERR,ERR,ERR,ERR,ERR,ERR,ERR,ERR,ERR,ERR,ERR,ERR,ERR,ERR,ERR,ERR,ERR,ERR,ERR,ERR,ERR,ERR,ERR,ERR,ERR,ERR,ERR,ERR,ERR,ERR,ERR,ERR,ERR,ERR,ERR,ERR,-0.0,2.718431101732002e+23,-0.0,0.059,0.0,1.3936040501711995e+18,7.805,0.0,0,0,4,48933,6720,14723890282496.0,100,0.0,0.0,0.0,0.059,0.0,0,0,0,0,0.0,0,0,0,0,0,0,0,0,0,0,0,0,0,0,0,0,0,0,0,0,0,0,0,0,0,0,0,0,0,0,0,0,0,26,51,50,76,65476,0,300,0,0,8,21553,0.0,-107605600.0,0.0,0.0,0.0,0.0,0.0,0.0,0.0,0.0,0.0,0.0,0.0,0.0,0.0,0.0,0.0,0.0,0.0,0.0,0.0,0.0,0.0,-0.0,0.0,2.004,0.0,0.0,0.0,0.0,4756.0,-564145296506880.0,7291.0,-0.0,2.718431101732002e+23,-107615360.0,0.0,0.0,0.0,0.0,0.0,77,152018488393728.0,5.8480517217512656e+35,0.0,0.0,0.0,0.0,0.0,0.0,0.0,0,0,0,0.0,0.0,0.0,0.0,0.0,0.0,0.0,0.0,0.0,0.0,0.0,0.0,0.0,0.0,0.0,0.0,0,-107875648.0,77,0.0,154,0.0,-0.0,ERR,ERR,ERR,ERR,ERR,ERR,ERR,ERR,ERR,ERR,ERR,ERR,ERR,ERR,ERR,ERR,ERR,ERR,ERR,ERR,ERR,ERR,ERR,ERR,ERR,ERR,ERR,ERR,ERR,ERR,ERR,ERR,ERR,ERR,ERR,ERR,ERR,ERR,ERR,ERR,ERR,ERR,ERR,ERR,ERR,ERR,ERR,ERR,ERR,ERR,ERR,ERR,ERR,ERR,ERR,ERR,ERR,ERR,ERR,ERR,ERR,ERR,ERR,ERR,ERR,ERR,ERR,34.0,80.0,35,0.0,0.0,0.0,0.0,0.0,0.0,0.0,0.0,0.0,0.0,0.0,0.0,0.0,0.0,0.0,0.0,66.4,0,120,58,54,65476,0,300,0,0,8,20529,65476,0,0,57672,80.0,0.0,0.0,0.0,0.0,0.0
2026-06-18T02:27:36,ERR,ERR,ERR,ERR,ERR,ERR,ERR,ERR,ERR,ERR,ERR,ERR,ERR,ERR,ERR,ERR,ERR,ERR,ERR,ERR,ERR,ERR,ERR,ERR,ERR,ERR,ERR,ERR,ERR,ERR,ERR,ERR,ERR,ERR,ERR,ERR,ERR,ERR,ERR,ERR,ERR,ERR,ERR,ERR,ERR,ERR,ERR,ERR,ERR,ERR,ERR,ERR,ERR,ERR,ERR,ERR,ERR,ERR,ERR,ERR,ERR,ERR,ERR,ERR,ERR,ERR,ERR,ERR,ERR,ERR,ERR,ERR,ERR,ERR,ERR,ERR,ERR,ERR,ERR,ERR,ERR,ERR,ERR,ERR,ERR,ERR,ERR,ERR,ERR,ERR,ERR,ERR,ERR,ERR,ERR,ERR,ERR,ERR,ERR,ERR,ERR,ERR,ERR,ERR,ERR,ERR,ERR,ERR,ERR,ERR,ERR,ERR,ERR,ERR,ERR,ERR,ERR,ERR,ERR,ERR,ERR,ERR,ERR,ERR,ERR,-0.0,2.718431101732002e+23,-0.0,0.059,0.0,1.3936040501711995e+18,7.805,0.0,0,0,4,48930,6720,14723890282496.0,100,0.0,0.0,0.0,0.059,0.0,0,0,0,0,0.0,0,0,0,0,0,0,0,0,0,0,0,0,0,0,0,0,0,0,0,0,0,0,0,0,0,0,0,0,0,0,0,0,0,26,51,50,76,65476,0,300,0,0,8,21553,0.0,-107605600.0,0.0,0.0,0.0,0.0,0.0,0.0,0.0,0.0,0.0,0.0,0.0,0.0,0.0,0.0,0.0,0.0,0.0,0.0,0.0,0.0,0.0,-0.0,0.0,2.004,0.0,0.0,0.0,0.0,4753.0,-2.4229855986892726e+24,7293.0,-0.0,2.718431101732002e+23,-107615360.0,0.0,0.0,0.0,0.0,0.0,77,152018488393728.0,-0.0,0.0,0.0,0.0,0.0,0.0,0.0,0.0,0,0,0,0.0,0.0,0.0,0.0,0.0,0.0,0.0,0.0,0.0,0.0,0.0,0.0,0.0,0.0,0.0,0.0,0,-107875648.0,77,0.0,154,0.0,-0.0,ERR,ERR,ERR,ERR,ERR,ERR,ERR,ERR,ERR,ERR,ERR,ERR,ERR,ERR,ERR,ERR,ERR,ERR,ERR,ERR,ERR,ERR,ERR,ERR,ERR,ERR,ERR,ERR,ERR,ERR,ERR,ERR,ERR,ERR,ERR,ERR,ERR,ERR,ERR,ERR,ERR,ERR,ERR,ERR,ERR,ERR,ERR,ERR,ERR,ERR,ERR,ERR,ERR,ERR,ERR,ERR,ERR,ERR,ERR,ERR,ERR,ERR,ERR,ERR,ERR,ERR,ERR,34.0,80.0,35,0.0,0.0,0.0,0.0,0.0,0.0,0.0,0.0,0.0,0.0,0.0,0.0,0.0,0.0,0.0,0.0,66.0,0,120,58,54,65476,0,300,0,0,8,20529,65476,0,0,57672,80.0,0.0,0.0,0.0,0.0,0.0
2026-06-18T02:27:37,ERR,ERR,ERR,ERR,ERR,ERR,ERR,ERR,ERR,ERR,ERR,ERR,ERR,ERR,ERR,ERR,ERR,ERR,ERR,ERR,ERR,ERR,ERR,ERR,ERR,ERR,ERR,ERR,ERR,ERR,ERR,ERR,ERR,ERR,ERR,ERR,ERR,ERR,ERR,ERR,ERR,ERR,ERR,ERR,ERR,ERR,ERR,ERR,ERR,ERR,ERR,ERR,ERR,ERR,ERR,ERR,ERR,ERR,ERR,ERR,ERR,ERR,ERR,ERR,ERR,ERR,ERR,ERR,ERR,ERR,ERR,ERR,ERR,ERR,ERR,ERR,ERR,ERR,ERR,ERR,ERR,ERR,ERR,ERR,ERR,ERR,ERR,ERR,ERR,ERR,ERR,ERR,ERR,ERR,ERR,ERR,ERR,ERR,ERR,ERR,ERR,ERR,ERR,ERR,ERR,ERR,ERR,ERR,ERR,ERR,ERR,ERR,ERR,ERR,ERR,ERR,ERR,ERR,ERR,ERR,ERR,ERR,ERR,ERR,ERR,-0.0,2.718431101732002e+23,-0.0,0.059,0.0,1.3936040501711995e+18,7.805,0.0,0,0,4,48930,6720,14723890282496.0,100,0.0,0.0,0.0,0.059,0.0,0,0,0,0,0.0,0,0,0,0,0,0,0,0,0,0,0,0,0,0,0,0,0,0,0,0,0,0,0,0,0,0,0,0,0,0,0,0,0,26,51,50,76,65476,0,300,0,0,8,21553,0.0,-107605600.0,0.0,0.0,0.0,0.0,0.0,0.0,0.0,0.0,0.0,0.0,0.0,0.0,0.0,0.0,0.0,0.0,0.0,0.0,0.0,0.0,0.0,-0.0,0.0,2.004,0.0,0.0,0.0,0.0,4753.0,-2.4229855986892726e+24,7293.0,-0.0,2.718431101732002e+23,-107615360.0,0.0,0.0,0.0,0.0,0.0,77,152018488393728.0,-0.0,0.0,0.0,0.0,0.0,0.0,0.0,0.0,0,0,0,0.0,0.0,0.0,0.0,0.0,0.0,0.0,0.0,0.0,0.0,0.0,0.0,0.0,0.0,0.0,0.0,0,-107875648.0,77,0.0,154,0.0,-0.0,ERR,ERR,ERR,ERR,ERR,ERR,ERR,ERR,ERR,ERR,ERR,ERR,ERR,ERR,ERR,ERR,ERR,ERR,ERR,ERR,ERR,ERR,ERR,ERR,ERR,ERR,ERR,ERR,ERR,ERR,ERR,ERR,ERR,ERR,ERR,ERR,ERR,ERR,ERR,ERR,ERR,ERR,ERR,ERR,ERR,ERR,ERR,ERR,ERR,ERR,ERR,ERR,ERR,ERR,ERR,ERR,ERR,ERR,ERR,ERR,ERR,ERR,ERR,ERR,ERR,ERR,ERR,34.0,80.0,35,0.0,0.0,0.0,0.0,0.0,0.0,0.0,0.0,0.0,0.0,0.0,0.0,0.0,0.0,0.0,0.0,66.0,0,120,58,54,65476,0,300,0,0,8,20529,65476,0,0,57672,80.0,0.0,0.0,0.0,0.0,0.0
2026-06-18T02:27:38,ERR,ERR,ERR,ERR,ERR,ERR,ERR,ERR,ERR,ERR,ERR,ERR,ERR,ERR,ERR,ERR,ERR,ERR,ERR,ERR,ERR,ERR,ERR,ERR,ERR,ERR,ERR,ERR,ERR,ERR,ERR,ERR,ERR,ERR,ERR,ERR,ERR,ERR,ERR,ERR,ERR,ERR,ERR,ERR,ERR,ERR,ERR,ERR,ERR,ERR,ERR,ERR,ERR,ERR,ERR,ERR,ERR,ERR,ERR,ERR,ERR,ERR,ERR,ERR,ERR,ERR,ERR,ERR,ERR,ERR,ERR,ERR,ERR,ERR,ERR,ERR,ERR,ERR,ERR,ERR,ERR,ERR,ERR,ERR,ERR,ERR,ERR,ERR,ERR,ERR,ERR,ERR,ERR,ERR,ERR,ERR,ERR,ERR,ERR,ERR,ERR,ERR,ERR,ERR,ERR,ERR,ERR,ERR,ERR,ERR,ERR,ERR,ERR,ERR,ERR,ERR,ERR,ERR,ERR,ERR,ERR,ERR,ERR,ERR,ERR,-0.0,2.718431101732002e+23,-0.0,0.059,0.0,1.3936040501711995e+18,7.805,0.0,0,0,4,48930,6720,14723890282496.0,100,0.0,0.0,0.0,0.059,0.0,0,0,0,0,0.0,0,0,0,0,0,0,0,0,0,0,0,0,0,0,0,0,0,0,0,0,0,0,0,0,0,0,0,0,0,0,0,0,0,26,51,50,76,65476,0,300,0,0,8,21553,0.0,-107605600.0,0.0,0.0,0.0,0.0,0.0,0.0,0.0,0.0,0.0,0.0,0.0,0.0,0.0,0.0,0.0,0.0,0.0,0.0,0.0,0.0,0.0,-0.0,0.0,2.004,0.0,0.0,0.0,0.0,4753.0,-2.4229855986892726e+24,7293.0,-0.0,2.718431101732002e+23,-107615360.0,0.0,0.0,0.0,0.0,0.0,77,152018488393728.0,-0.0,0.0,0.0,0.0,0.0,0.0,0.0,0.0,0,0,0,0.0,0.0,0.0,0.0,0.0,0.0,0.0,0.0,0.0,0.0,0.0,0.0,0.0,0.0,0.0,0.0,0,-107875648.0,77,0.0,154,0.0,-0.0,ERR,ERR,ERR,ERR,ERR,ERR,ERR,ERR,ERR,ERR,ERR,ERR,ERR,ERR,ERR,ERR,ERR,ERR,ERR,ERR,ERR,ERR,ERR,ERR,ERR,ERR,ERR,ERR,ERR,ERR,ERR,ERR,ERR,ERR,ERR,ERR,ERR,ERR,ERR,ERR,ERR,ERR,ERR,ERR,ERR,ERR,ERR,ERR,ERR,ERR,ERR,ERR,ERR,ERR,ERR,ERR,ERR,ERR,ERR,ERR,ERR,ERR,ERR,ERR,ERR,ERR,ERR,34.0,80.0,35,0.0,0.0,0.0,0.0,0.0,0.0,0.0,0.0,0.0,0.0,0.0,0.0,0.0,0.0,0.0,0.0,66.0,0,120,58,54,65476,0,300,0,0,8,20529,65476,0,0,57672,80.0,0.0,0.0,0.0,0.0,0.0
2026-06-18T02:27:39,ERR,ERR,ERR,ERR,ERR,ERR,ERR,ERR,ERR,ERR,ERR,ERR,ERR,ERR,ERR,ERR,ERR,ERR,ERR,ERR,ERR,ERR,ERR,ERR,ERR,ERR,ERR,ERR,ERR,ERR,ERR,ERR,ERR,ERR,ERR,ERR,ERR,ERR,ERR,ERR,ERR,ERR,ERR,ERR,ERR,ERR,ERR,ERR,ERR,ERR,ERR,ERR,ERR,ERR,ERR,ERR,ERR,ERR,ERR,ERR,ERR,ERR,ERR,ERR,ERR,ERR,ERR,ERR,ERR,ERR,ERR,ERR,ERR,ERR,ERR,ERR,ERR,ERR,ERR,ERR,ERR,ERR,ERR,ERR,ERR,ERR,ERR,ERR,ERR,ERR,ERR,ERR,ERR,ERR,ERR,ERR,ERR,ERR,ERR,ERR,ERR,ERR,ERR,ERR,ERR,ERR,ERR,ERR,ERR,ERR,ERR,ERR,ERR,ERR,ERR,ERR,ERR,ERR,ERR,ERR,ERR,ERR,ERR,ERR,ERR,-0.0,2.718431101732002e+23,-0.0,0.059,0.0,1.3936040501711995e+18,7.805,0.0,0,0,4,48930,6720,14723890282496.0,100,0.0,0.0,0.0,0.059,0.0,0,0,0,0,0.0,0,0,0,0,0,0,0,0,0,0,0,0,0,0,0,0,0,0,0,0,0,0,0,0,0,0,0,0,0,0,0,0,0,26,51,50,76,65476,0,300,0,0,8,21553,0.0,-107605600.0,0.0,0.0,0.0,0.0,0.0,0.0,0.0,0.0,0.0,0.0,0.0,0.0,0.0,0.0,0.0,0.0,0.0,0.0,0.0,0.0,0.0,-0.0,0.0,2.004,0.0,0.0,0.0,0.0,4753.0,-2.4229855986892726e+24,7293.0,-0.0,2.718431101732002e+23,-107615360.0,0.0,0.0,0.0,0.0,0.0,77,152018488393728.0,-0.0,0.0,0.0,0.0,0.0,0.0,0.0,0.0,0,0,0,0.0,0.0,0.0,0.0,0.0,0.0,0.0,0.0,0.0,0.0,0.0,0.0,0.0,0.0,0.0,0.0,0,-107875648.0,77,0.0,154,0.0,-0.0,ERR,ERR,ERR,ERR,ERR,ERR,ERR,ERR,ERR,ERR,ERR,ERR,ERR,ERR,ERR,ERR,ERR,ERR,ERR,ERR,ERR,ERR,ERR,ERR,ERR,ERR,ERR,ERR,ERR,ERR,ERR,ERR,ERR,ERR,ERR,ERR,ERR,ERR,ERR,ERR,ERR,ERR,ERR,ERR,ERR,ERR,ERR,ERR,ERR,ERR,ERR,ERR,ERR,ERR,ERR,ERR,ERR,ERR,ERR,ERR,ERR,ERR,ERR,ERR,ERR,ERR,ERR,34.0,80.0,35,0.0,0.0,0.0,0.0,0.0,0.0,0.0,0.0,0.0,0.0,0.0,0.0,0.0,0.0,0.0,0.0,66.0,0,120,58,54,65476,0,300,0,0,8,20529,65476,0,0,57672,80.0,0.0,0.0,0.0,0.0,0.0
2026-06-18T02:27:40,ERR,ERR,ERR,ERR,ERR,ERR,ERR,ERR,ERR,ERR,ERR,ERR,ERR,ERR,ERR,ERR,ERR,ERR,ERR,ERR,ERR,ERR,ERR,ERR,ERR,ERR,ERR,ERR,ERR,ERR,ERR,ERR,ERR,ERR,ERR,ERR,ERR,ERR,ERR,ERR,ERR,ERR,ERR,ERR,ERR,ERR,ERR,ERR,ERR,ERR,ERR,ERR,ERR,ERR,ERR,ERR,ERR,ERR,ERR,ERR,ERR,ERR,ERR,ERR,ERR,ERR,ERR,ERR,ERR,ERR,ERR,ERR,ERR,ERR,ERR,ERR,ERR,ERR,ERR,ERR,ERR,ERR,ERR,ERR,ERR,ERR,ERR,ERR,ERR,ERR,ERR,ERR,ERR,ERR,ERR,ERR,ERR,ERR,ERR,ERR,ERR,ERR,ERR,ERR,ERR,ERR,ERR,ERR,ERR,ERR,ERR,ERR,ERR,ERR,ERR,ERR,ERR,ERR,ERR,ERR,ERR,ERR,ERR,ERR,ERR,-0.0,2.718431101732002e+23,-0.0,0.059,0.0,1.3936040501711995e+18,7.805,0.0,0,0,4,48930,6720,14723890282496.0,100,0.0,0.0,0.0,0.059,0.0,0,0,0,0,0.0,0,0,0,0,0,0,0,0,0,0,0,0,0,0,0,0,0,0,0,0,0,0,0,0,0,0,0,0,0,0,0,0,0,26,51,50,76,65476,0,300,0,0,8,21553,0.0,-107605600.0,0.0,0.0,0.0,0.0,0.0,0.0,0.0,0.0,0.0,0.0,0.0,0.0,0.0,0.0,0.0,0.0,0.0,0.0,0.0,0.0,0.0,-0.0,0.0,2.004,0.0,0.0,0.0,0.0,4753.0,-2.4229855986892726e+24,7293.0,-0.0,2.718431101732002e+23,-107615360.0,0.0,0.0,0.0,0.0,0.0,77,152018488393728.0,-0.0,0.0,0.0,0.0,0.0,0.0,0.0,0.0,0,0,0,0.0,0.0,0.0,0.0,0.0,0.0,0.0,0.0,0.0,0.0,0.0,0.0,0.0,0.0,0.0,0.0,0,-107875648.0,77,0.0,154,0.0,-0.0,ERR,ERR,ERR,ERR,ERR,ERR,ERR,ERR,ERR,ERR,ERR,ERR,ERR,ERR,ERR,ERR,ERR,ERR,ERR,ERR,ERR,ERR,ERR,ERR,ERR,ERR,ERR,ERR,ERR,ERR,ERR,ERR,ERR,ERR,ERR,ERR,ERR,ERR,ERR,ERR,ERR,ERR,ERR,ERR,ERR,ERR,ERR,ERR,ERR,ERR,ERR,ERR,ERR,ERR,ERR,ERR,ERR,ERR,ERR,ERR,ERR,ERR,ERR,ERR,ERR,ERR,ERR,34.0,80.0,35,0.0,0.0,0.0,0.0,0.0,0.0,0.0,0.0,0.0,0.0,0.0,0.0,0.0,0.0,0.0,0.0,66.0,0,120,58,54,65476,0,300,0,0,8,20529,65476,0,0,57672,80.0,0.0,0.0,0.0,0.0,0.0
2026-06-18T02:27:41,ERR,ERR,ERR,ERR,ERR,ERR,ERR,ERR,ERR,ERR,ERR,ERR,ERR,ERR,ERR,ERR,ERR,ERR,ERR,ERR,ERR,ERR,ERR,ERR,ERR,ERR,ERR,ERR,ERR,ERR,ERR,ERR,ERR,ERR,ERR,ERR,ERR,ERR,ERR,ERR,ERR,ERR,ERR,ERR,ERR,ERR,ERR,ERR,ERR,ERR,ERR,ERR,ERR,ERR,ERR,ERR,ERR,ERR,ERR,ERR,ERR,ERR,ERR,ERR,ERR,ERR,ERR,ERR,ERR,ERR,ERR,ERR,ERR,ERR,ERR,ERR,ERR,ERR,ERR,ERR,ERR,ERR,ERR,ERR,ERR,ERR,ERR,ERR,ERR,ERR,ERR,ERR,ERR,ERR,ERR,ERR,ERR,ERR,ERR,ERR,ERR,ERR,ERR,ERR,ERR,ERR,ERR,ERR,ERR,ERR,ERR,ERR,ERR,ERR,ERR,ERR,ERR,ERR,ERR,ERR,ERR,ERR,ERR,ERR,ERR,-0.0,2.718431101732002e+23,-0.0,0.059,0.0,1.3936040501711995e+18,7.805,0.0,0,0,4,48933,6720,14723890282496.0,100,0.0,0.0,0.0,-0.0,0.0,0,0,0,0,0.0,0,0,0,0,0,0,0,0,0,0,0,0,0,0,0,0,0,0,0,0,0,0,0,0,0,0,0,0,0,0,0,0,0,26,51,50,76,65476,0,300,0,0,8,21553,0.0,-107605600.0,0.0,0.0,0.0,0.0,0.0,0.0,0.0,0.0,0.0,0.0,0.0,0.0,0.0,0.0,0.0,0.0,0.0,0.0,0.0,0.0,0.0,-0.0,0.0,2.004,0.0,0.0,0.0,0.0,4757.0,-8608174080.0,7289.0,-0.0,2.718431101732002e+23,-107615360.0,0.0,0.0,0.0,0.0,0.0,77,3.222029330555234e+26,4.0668498801213676e+29,0.0,0.0,0.0,0.0,0.0,0.0,0.0,0,0,0,0.0,0.0,0.0,0.0,0.0,0.0,0.0,0.0,0.0,0.0,0.0,0.0,0.0,0.0,0.0,0.0,0,-107875648.0,77,0.0,154,0.0,-0.0,ERR,ERR,ERR,ERR,ERR,ERR,ERR,ERR,ERR,ERR,ERR,ERR,ERR,ERR,ERR,ERR,ERR,ERR,ERR,ERR,ERR,ERR,ERR,ERR,ERR,ERR,ERR,ERR,ERR,ERR,ERR,ERR,ERR,ERR,ERR,ERR,ERR,ERR,ERR,ERR,ERR,ERR,ERR,ERR,ERR,ERR,ERR,ERR,ERR,ERR,ERR,ERR,ERR,ERR,ERR,ERR,ERR,ERR,ERR,ERR,ERR,ERR,ERR,ERR,ERR,ERR,ERR,34.0,80.0,35,0.0,0.0,0.0,0.0,0.0,0.0,0.0,0.0,0.0,0.0,0.0,0.0,0.0,0.0,0.0,0.0,66.0,0,120,58,54,65476,0,300,0,0,8,20529,65476,0,0,57672,80.0,0.0,0.0,0.0,0.0,0.0
2026-06-18T02:27:42,ERR,ERR,ERR,ERR,ERR,ERR,ERR,ERR,ERR,ERR,ERR,ERR,ERR,ERR,ERR,ERR,ERR,ERR,ERR,ERR,ERR,ERR,ERR,ERR,ERR,ERR,ERR,ERR,ERR,ERR,ERR,ERR,ERR,ERR,ERR,ERR,ERR,ERR,ERR,ERR,ERR,ERR,ERR,ERR,ERR,ERR,ERR,ERR,ERR,ERR,ERR,ERR,ERR,ERR,ERR,ERR,ERR,ERR,ERR,ERR,ERR,ERR,ERR,ERR,ERR,ERR,ERR,ERR,ERR,ERR,ERR,ERR,ERR,ERR,ERR,ERR,ERR,ERR,ERR,ERR,ERR,ERR,ERR,ERR,ERR,ERR,ERR,ERR,ERR,ERR,ERR,ERR,ERR,ERR,ERR,ERR,ERR,ERR,ERR,ERR,ERR,ERR,ERR,ERR,ERR,ERR,ERR,ERR,ERR,ERR,ERR,ERR,ERR,ERR,ERR,ERR,ERR,ERR,ERR,ERR,ERR,ERR,ERR,ERR,ERR,-0.0,2.718431101732002e+23,-0.0,0.059,0.0,1.3936040501711995e+18,7.805,0.0,0,0,4,48933,6720,14723890282496.0,100,0.0,0.0,0.0,-0.0,0.0,0,0,0,0,0.0,0,0,0,0,0,0,0,0,0,0,0,0,0,0,0,0,0,0,0,0,0,0,0,0,0,0,0,0,0,0,0,0,0,26,51,50,76,65476,0,300,0,0,8,21553,0.0,-107605600.0,0.0,0.0,0.0,0.0,0.0,0.0,0.0,0.0,0.0,0.0,0.0,0.0,0.0,0.0,0.0,0.0,0.0,0.0,0.0,0.0,0.0,-0.0,0.0,2.004,0.0,0.0,0.0,0.0,4757.0,-8608174080.0,7289.0,-0.0,2.718431101732002e+23,-107615360.0,0.0,0.0,0.0,0.0,0.0,77,3.222029330555234e+26,4.0668498801213676e+29,0.0,0.0,0.0,0.0,0.0,0.0,0.0,0,0,0,0.0,0.0,0.0,0.0,0.0,0.0,0.0,0.0,0.0,0.0,0.0,0.0,0.0,0.0,0.0,0.0,0,-107875648.0,77,0.0,154,0.0,-0.0,ERR,ERR,ERR,ERR,ERR,ERR,ERR,ERR,ERR,ERR,ERR,ERR,ERR,ERR,ERR,ERR,ERR,ERR,ERR,ERR,ERR,ERR,ERR,ERR,ERR,ERR,ERR,ERR,ERR,ERR,ERR,ERR,ERR,ERR,ERR,ERR,ERR,ERR,ERR,ERR,ERR,ERR,ERR,ERR,ERR,ERR,ERR,ERR,ERR,ERR,ERR,ERR,ERR,ERR,ERR,ERR,ERR,ERR,ERR,ERR,ERR,ERR,ERR,ERR,ERR,ERR,ERR,34.0,80.0,35,0.0,0.0,0.0,0.0,0.0,0.0,0.0,0.0,0.0,0.0,0.0,0.0,0.0,0.0,0.0,0.0,66.4,0,120,58,54,65476,0,300,0,0,8,20529,65476,0,0,57672,80.0,0.0,0.0,0.0,0.0,0.0
2026-06-18T02:27:43,ERR,ERR,ERR,ERR,ERR,ERR,ERR,ERR,ERR,ERR,ERR,ERR,ERR,ERR,ERR,ERR,ERR,ERR,ERR,ERR,ERR,ERR,ERR,ERR,ERR,ERR,ERR,ERR,ERR,ERR,ERR,ERR,ERR,ERR,ERR,ERR,ERR,ERR,ERR,ERR,ERR,ERR,ERR,ERR,ERR,ERR,ERR,ERR,ERR,ERR,ERR,ERR,ERR,ERR,ERR,ERR,ERR,ERR,ERR,ERR,ERR,ERR,ERR,ERR,ERR,ERR,ERR,ERR,ERR,ERR,ERR,ERR,ERR,ERR,ERR,ERR,ERR,ERR,ERR,ERR,ERR,ERR,ERR,ERR,ERR,ERR,ERR,ERR,ERR,ERR,ERR,ERR,ERR,ERR,ERR,ERR,ERR,ERR,ERR,ERR,ERR,ERR,ERR,ERR,ERR,ERR,ERR,ERR,ERR,ERR,ERR,ERR,ERR,ERR,ERR,ERR,ERR,ERR,ERR,ERR,ERR,ERR,ERR,ERR,ERR,-0.0,2.718431101732002e+23,-0.0,0.059,0.0,1.3936040501711995e+18,7.805,0.0,0,0,4,48933,6720,14723890282496.0,100,0.0,0.0,0.0,-0.0,0.0,0,0,0,0,0.0,0,0,0,0,0,0,0,0,0,0,0,0,0,0,0,0,0,0,0,0,0,0,0,0,0,0,0,0,0,0,0,0,0,26,51,50,76,65476,0,300,0,0,8,21553,0.0,-107605600.0,0.0,0.0,0.0,0.0,0.0,0.0,0.0,0.0,0.0,0.0,0.0,0.0,0.0,0.0,0.0,0.0,0.0,0.0,0.0,0.0,0.0,-0.0,0.0,2.004,0.0,0.0,0.0,0.0,4757.0,-8608174080.0,7289.0,-0.0,2.718431101732002e+23,-107615360.0,0.0,0.0,0.0,0.0,0.0,77,3.222029330555234e+26,4.0668498801213676e+29,0.0,0.0,0.0,0.0,0.0,0.0,0.0,0,0,0,0.0,0.0,0.0,0.0,0.0,0.0,0.0,0.0,0.0,0.0,0.0,0.0,0.0,0.0,0.0,0.0,0,-107875648.0,77,0.0,154,0.0,-0.0,ERR,ERR,ERR,ERR,ERR,ERR,ERR,ERR,ERR,ERR,ERR,ERR,ERR,ERR,ERR,ERR,ERR,ERR,ERR,ERR,ERR,ERR,ERR,ERR,ERR,ERR,ERR,ERR,ERR,ERR,ERR,ERR,ERR,ERR,ERR,ERR,ERR,ERR,ERR,ERR,ERR,ERR,ERR,ERR,ERR,ERR,ERR,ERR,ERR,ERR,ERR,ERR,ERR,ERR,ERR,ERR,ERR,ERR,ERR,ERR,ERR,ERR,ERR,ERR,ERR,ERR,ERR,34.0,80.0,35,0.0,0.0,0.0,0.0,0.0,0.0,0.0,0.0,0.0,0.0,0.0,0.0,0.0,0.0,0.0,0.0,66.4,0,120,58,54,65476,0,300,0,0,8,20529,65476,0,0,57672,80.0,0.0,0.0,0.0,0.0,0.0
2026-06-18T02:27:44,ERR,ERR,ERR,ERR,ERR,ERR,ERR,ERR,ERR,ERR,ERR,ERR,ERR,ERR,ERR,ERR,ERR,ERR,ERR,ERR,ERR,ERR,ERR,ERR,ERR,ERR,ERR,ERR,ERR,ERR,ERR,ERR,ERR,ERR,ERR,ERR,ERR,ERR,ERR,ERR,ERR,ERR,ERR,ERR,ERR,ERR,ERR,ERR,ERR,ERR,ERR,ERR,ERR,ERR,ERR,ERR,ERR,ERR,ERR,ERR,ERR,ERR,ERR,ERR,ERR,ERR,ERR,ERR,ERR,ERR,ERR,ERR,ERR,ERR,ERR,ERR,ERR,ERR,ERR,ERR,ERR,ERR,ERR,ERR,ERR,ERR,ERR,ERR,ERR,ERR,ERR,ERR,ERR,ERR,ERR,ERR,ERR,ERR,ERR,ERR,ERR,ERR,ERR,ERR,ERR,ERR,ERR,ERR,ERR,ERR,ERR,ERR,ERR,ERR,ERR,ERR,ERR,ERR,ERR,ERR,ERR,ERR,ERR,ERR,ERR,-0.0,2.718431101732002e+23,-0.0,0.059,0.0,1.3936040501711995e+18,7.805,0.0,0,0,4,48933,6720,14723890282496.0,100,0.0,0.0,0.0,-0.0,0.0,0,0,0,0,0.0,0,0,0,0,0,0,0,0,0,0,0,0,0,0,0,0,0,0,0,0,0,0,0,0,0,0,0,0,0,0,0,0,0,26,51,50,76,65476,0,300,0,0,8,21553,0.0,-107605600.0,0.0,0.0,0.0,0.0,0.0,0.0,0.0,0.0,0.0,0.0,0.0,0.0,0.0,0.0,0.0,0.0,0.0,0.0,0.0,0.0,0.0,-0.0,0.0,2.004,0.0,0.0,0.0,0.0,4757.0,-8608174080.0,7289.0,-0.0,2.718431101732002e+23,-107615360.0,0.0,0.0,0.0,0.0,0.0,77,3.222029330555234e+26,4.0668498801213676e+29,0.0,0.0,0.0,0.0,0.0,0.0,0.0,0,0,0,0.0,0.0,0.0,0.0,0.0,0.0,0.0,0.0,0.0,0.0,0.0,0.0,0.0,0.0,0.0,0.0,0,-107875648.0,77,0.0,154,0.0,-0.0,ERR,ERR,ERR,ERR,ERR,ERR,ERR,ERR,ERR,ERR,ERR,ERR,ERR,ERR,ERR,ERR,ERR,ERR,ERR,ERR,ERR,ERR,ERR,ERR,ERR,ERR,ERR,ERR,ERR,ERR,ERR,ERR,ERR,ERR,ERR,ERR,ERR,ERR,ERR,ERR,ERR,ERR,ERR,ERR,ERR,ERR,ERR,ERR,ERR,ERR,ERR,ERR,ERR,ERR,ERR,ERR,ERR,ERR,ERR,ERR,ERR,ERR,ERR,ERR,ERR,ERR,ERR,34.0,80.0,35,0.0,0.0,0.0,0.0,0.0,0.0,0.0,0.0,0.0,0.0,0.0,0.0,0.0,0.0,0.0,0.0,66.0,0,120,58,54,65476,0,300,0,0,8,20529,65476,0,0,57672,80.0,0.0,0.0,0.0,0.0,0.0
2026-06-18T02:27:45,ERR,ERR,ERR,ERR,ERR,ERR,ERR,ERR,ERR,ERR,ERR,ERR,ERR,ERR,ERR,ERR,ERR,ERR,ERR,ERR,ERR,ERR,ERR,ERR,ERR,ERR,ERR,ERR,ERR,ERR,ERR,ERR,ERR,ERR,ERR,ERR,ERR,ERR,ERR,ERR,ERR,ERR,ERR,ERR,ERR,ERR,ERR,ERR,ERR,ERR,ERR,ERR,ERR,ERR,ERR,ERR,ERR,ERR,ERR,ERR,ERR,ERR,ERR,ERR,ERR,ERR,ERR,ERR,ERR,ERR,ERR,ERR,ERR,ERR,ERR,ERR,ERR,ERR,ERR,ERR,ERR,ERR,ERR,ERR,ERR,ERR,ERR,ERR,ERR,ERR,ERR,ERR,ERR,ERR,ERR,ERR,ERR,ERR,ERR,ERR,ERR,ERR,ERR,ERR,ERR,ERR,ERR,ERR,ERR,ERR,ERR,ERR,ERR,ERR,ERR,ERR,ERR,ERR,ERR,ERR,ERR,ERR,ERR,ERR,ERR,-0.0,2.718431101732002e+23,-0.0,0.059,0.0,1.3936040501711995e+18,7.805,0.0,0,0,4,48933,6720,14723890282496.0,100,0.0,0.0,0.0,-0.0,0.0,0,0,0,0,0.0,0,0,0,0,0,0,0,0,0,0,0,0,0,0,0,0,0,0,0,0,0,0,0,0,0,0,0,0,0,0,0,0,0,26,51,50,76,65476,0,300,0,0,8,21553,0.0,-107605600.0,0.0,0.0,0.0,0.0,0.0,0.0,0.0,0.0,0.0,0.0,0.0,0.0,0.0,0.0,0.0,0.0,0.0,0.0,0.0,0.0,0.0,-0.0,0.0,2.004,0.0,0.0,0.0,0.0,4757.0,-8608174080.0,7289.0,-0.0,2.718431101732002e+23,-107615360.0,0.0,0.0,0.0,0.0,0.0,77,3.222029330555234e+26,4.0668498801213676e+29,0.0,0.0,0.0,0.0,0.0,0.0,0.0,0,0,0,0.0,0.0,0.0,0.0,0.0,0.0,0.0,0.0,0.0,0.0,0.0,0.0,0.0,0.0,0.0,0.0,0,-107875648.0,77,0.0,154,0.0,-0.0,ERR,ERR,ERR,ERR,ERR,ERR,ERR,ERR,ERR,ERR,ERR,ERR,ERR,ERR,ERR,ERR,ERR,ERR,ERR,ERR,ERR,ERR,ERR,ERR,ERR,ERR,ERR,ERR,ERR,ERR,ERR,ERR,ERR,ERR,ERR,ERR,ERR,ERR,ERR,ERR,ERR,ERR,ERR,ERR,ERR,ERR,ERR,ERR,ERR,ERR,ERR,ERR,ERR,ERR,ERR,ERR,ERR,ERR,ERR,ERR,ERR,ERR,ERR,ERR,ERR,ERR,ERR,34.0,80.0,35,0.0,0.0,0.0,0.0,0.0,0.0,0.0,0.0,0.0,0.0,0.0,0.0,0.0,0.0,0.0,0.0,66.4,0,120,58,54,65476,0,300,0,0,8,20529,65476,0,0,57672,80.0,0.0,0.0,0.0,0.0,0.0
2026-06-18T02:27:46,ERR,ERR,ERR,ERR,ERR,ERR,ERR,ERR,ERR,ERR,ERR,ERR,ERR,ERR,ERR,ERR,ERR,ERR,ERR,ERR,ERR,ERR,ERR,ERR,ERR,ERR,ERR,ERR,ERR,ERR,ERR,ERR,ERR,ERR,ERR,ERR,ERR,ERR,ERR,ERR,ERR,ERR,ERR,ERR,ERR,ERR,ERR,ERR,ERR,ERR,ERR,ERR,ERR,ERR,ERR,ERR,ERR,ERR,ERR,ERR,ERR,ERR,ERR,ERR,ERR,ERR,ERR,ERR,ERR,ERR,ERR,ERR,ERR,ERR,ERR,ERR,ERR,ERR,ERR,ERR,ERR,ERR,ERR,ERR,ERR,ERR,ERR,ERR,ERR,ERR,ERR,ERR,ERR,ERR,ERR,ERR,ERR,ERR,ERR,ERR,ERR,ERR,ERR,ERR,ERR,ERR,ERR,ERR,ERR,ERR,ERR,ERR,ERR,ERR,ERR,ERR,ERR,ERR,ERR,ERR,ERR,ERR,ERR,ERR,ERR,-0.0,2.718431101732002e+23,-0.0,-0.0,-0.0,1.3936040501711995e+18,7.805,-0.0,0,0,4,48932,6720,14723890282496.0,100,0.0,0.0,0.0,-4.9501291711397626e+32,0.0,0,0,0,0,0.0,0,0,0,0,0,0,0,0,0,0,0,0,0,0,0,0,0,0,0,0,0,0,0,0,0,0,0,0,0,0,0,0,0,26,51,50,76,65476,0,300,0,0,8,21553,0.0,-107605600.0,0.0,0.0,0.0,0.0,0.0,0.0,0.0,0.0,0.0,0.0,0.0,0.0,0.0,0.0,0.0,0.0,0.0,0.0,0.0,0.0,0.0,-0.0,0.0,2.004,0.0,0.0,0.0,0.0,4754.0,-564145296506880.0,7291.0,-0.0,2.718431101732002e+23,-107615360.0,0.0,0.0,0.0,0.0,0.0,77,2.3088407177156624e+20,-0.0,0.0,0.0,0.0,0.0,0.0,0.0,0.0,0,0,0,0.0,0.0,0.0,0.0,0.0,0.0,0.0,0.0,0.0,0.0,0.0,0.0,0.0,0.0,0.0,0.0,0,-107875648.0,77,0.0,154,0.0,-0.0,ERR,ERR,ERR,ERR,ERR,ERR,ERR,ERR,ERR,ERR,ERR,ERR,ERR,ERR,ERR,ERR,ERR,ERR,ERR,ERR,ERR,ERR,ERR,ERR,ERR,ERR,ERR,ERR,ERR,ERR,ERR,ERR,ERR,ERR,ERR,ERR,ERR,ERR,ERR,ERR,ERR,ERR,ERR,ERR,ERR,ERR,ERR,ERR,ERR,ERR,ERR,ERR,ERR,ERR,ERR,ERR,ERR,ERR,ERR,ERR,ERR,ERR,ERR,ERR,ERR,ERR,ERR,34.0,80.0,35,0.0,0.0,0.0,0.0,0.0,0.0,0.0,0.0,0.0,0.0,0.0,0.0,0.0,0.0,0.0,0.0,66.4,0,120,58,54,65476,0,300,0,0,8,20529,65476,0,0,57672,80.0,0.0,0.0,0.0,0.0,0.0
2026-06-18T02:27:47,ERR,ERR,ERR,ERR,ERR,ERR,ERR,ERR,ERR,ERR,ERR,ERR,ERR,ERR,ERR,ERR,ERR,ERR,ERR,ERR,ERR,ERR,ERR,ERR,ERR,ERR,ERR,ERR,ERR,ERR,ERR,ERR,ERR,ERR,ERR,ERR,ERR,ERR,ERR,ERR,ERR,ERR,ERR,ERR,ERR,ERR,ERR,ERR,ERR,ERR,ERR,ERR,ERR,ERR,ERR,ERR,ERR,ERR,ERR,ERR,ERR,ERR,ERR,ERR,ERR,ERR,ERR,ERR,ERR,ERR,ERR,ERR,ERR,ERR,ERR,ERR,ERR,ERR,ERR,ERR,ERR,ERR,ERR,ERR,ERR,ERR,ERR,ERR,ERR,ERR,ERR,ERR,ERR,ERR,ERR,ERR,ERR,ERR,ERR,ERR,ERR,ERR,ERR,ERR,ERR,ERR,ERR,ERR,ERR,ERR,ERR,ERR,ERR,ERR,ERR,ERR,ERR,ERR,ERR,ERR,ERR,ERR,ERR,ERR,ERR,-0.0,2.718431101732002e+23,-0.0,-0.0,-0.0,1.3936040501711995e+18,7.805,-0.0,0,0,4,48932,6720,14723890282496.0,100,0.0,0.0,0.0,-4.9501291711397626e+32,0.0,0,0,0,0,0.0,0,0,0,0,0,0,0,0,0,0,0,0,0,0,0,0,0,0,0,0,0,0,0,0,0,0,0,0,0,0,0,0,0,26,51,50,76,65476,0,300,0,0,8,21553,0.0,-107605600.0,0.0,0.0,0.0,0.0,0.0,0.0,0.0,0.0,0.0,0.0,0.0,0.0,0.0,0.0,0.0,0.0,0.0,0.0,0.0,0.0,0.0,-0.0,0.0,2.004,0.0,0.0,0.0,0.0,4754.0,-564145296506880.0,7291.0,-0.0,2.718431101732002e+23,-107615360.0,0.0,0.0,0.0,0.0,0.0,77,2.3088407177156624e+20,-0.0,0.0,0.0,0.0,0.0,0.0,0.0,0.0,0,0,0,0.0,0.0,0.0,0.0,0.0,0.0,0.0,0.0,0.0,0.0,0.0,0.0,0.0,0.0,0.0,0.0,0,-107875648.0,77,0.0,154,0.0,-0.0,ERR,ERR,ERR,ERR,ERR,ERR,ERR,ERR,ERR,ERR,ERR,ERR,ERR,ERR,ERR,ERR,ERR,ERR,ERR,ERR,ERR,ERR,ERR,ERR,ERR,ERR,ERR,ERR,ERR,ERR,ERR,ERR,ERR,ERR,ERR,ERR,ERR,ERR,ERR,ERR,ERR,ERR,ERR,ERR,ERR,ERR,ERR,ERR,ERR,ERR,ERR,ERR,ERR,ERR,ERR,ERR,ERR,ERR,ERR,ERR,ERR,ERR,ERR,ERR,ERR,ERR,ERR,34.0,80.0,35,0.0,0.0,0.0,0.0,0.0,0.0,0.0,0.0,0.0,0.0,0.0,0.0,0.0,0.0,0.0,0.0,66.0,0,120,58,54,65476,0,300,0,0,8,20529,65476,0,0,57672,80.0,0.0,0.0,0.0,0.0,0.0
2026-06-18T02:27:48,ERR,ERR,ERR,ERR,ERR,ERR,ERR,ERR,ERR,ERR,ERR,ERR,ERR,ERR,ERR,ERR,ERR,ERR,ERR,ERR,ERR,ERR,ERR,ERR,ERR,ERR,ERR,ERR,ERR,ERR,ERR,ERR,ERR,ERR,ERR,ERR,ERR,ERR,ERR,ERR,ERR,ERR,ERR,ERR,ERR,ERR,ERR,ERR,ERR,ERR,ERR,ERR,ERR,ERR,ERR,ERR,ERR,ERR,ERR,ERR,ERR,ERR,ERR,ERR,ERR,ERR,ERR,ERR,ERR,ERR,ERR,ERR,ERR,ERR,ERR,ERR,ERR,ERR,ERR,ERR,ERR,ERR,ERR,ERR,ERR,ERR,ERR,ERR,ERR,ERR,ERR,ERR,ERR,ERR,ERR,ERR,ERR,ERR,ERR,ERR,ERR,ERR,ERR,ERR,ERR,ERR,ERR,ERR,ERR,ERR,ERR,ERR,ERR,ERR,ERR,ERR,ERR,ERR,ERR,ERR,ERR,ERR,ERR,ERR,ERR,-0.0,2.718431101732002e+23,-0.0,-0.0,-0.0,1.3936040501711995e+18,7.805,-0.0,0,0,4,48932,6720,14723890282496.0,100,0.0,0.0,0.0,-4.9501291711397626e+32,0.0,0,0,0,0,0.0,0,0,0,0,0,0,0,0,0,0,0,0,0,0,0,0,0,0,0,0,0,0,0,0,0,0,0,0,0,0,0,0,0,26,51,50,76,65476,0,300,0,0,8,21553,0.0,-107605600.0,0.0,0.0,0.0,0.0,0.0,0.0,0.0,0.0,0.0,0.0,0.0,0.0,0.0,0.0,0.0,0.0,0.0,0.0,0.0,0.0,0.0,-0.0,0.0,2.004,0.0,0.0,0.0,0.0,4754.0,-564145296506880.0,7291.0,-0.0,2.718431101732002e+23,-107615360.0,0.0,0.0,0.0,0.0,0.0,77,2.3088407177156624e+20,-0.0,0.0,0.0,0.0,0.0,0.0,0.0,0.0,0,0,0,0.0,0.0,0.0,0.0,0.0,0.0,0.0,0.0,0.0,0.0,0.0,0.0,0.0,0.0,0.0,0.0,0,-107875648.0,77,0.0,154,0.0,-0.0,ERR,ERR,ERR,ERR,ERR,ERR,ERR,ERR,ERR,ERR,ERR,ERR,ERR,ERR,ERR,ERR,ERR,ERR,ERR,ERR,ERR,ERR,ERR,ERR,ERR,ERR,ERR,ERR,ERR,ERR,ERR,ERR,ERR,ERR,ERR,ERR,ERR,ERR,ERR,ERR,ERR,ERR,ERR,ERR,ERR,ERR,ERR,ERR,ERR,ERR,ERR,ERR,ERR,ERR,ERR,ERR,ERR,ERR,ERR,ERR,ERR,ERR,ERR,ERR,ERR,ERR,ERR,34.0,80.0,35,0.0,0.0,0.0,0.0,0.0,0.0,0.0,0.0,0.0,0.0,0.0,0.0,0.0,0.0,0.0,0.0,66.0,0,120,58,54,65476,0,300,0,0,8,20529,65476,0,0,57672,80.0,0.0,0.0,0.0,0.0,0.0
2026-06-18T02:27:49,ERR,ERR,ERR,ERR,ERR,ERR,ERR,ERR,ERR,ERR,ERR,ERR,ERR,ERR,ERR,ERR,ERR,ERR,ERR,ERR,ERR,ERR,ERR,ERR,ERR,ERR,ERR,ERR,ERR,ERR,ERR,ERR,ERR,ERR,ERR,ERR,ERR,ERR,ERR,ERR,ERR,ERR,ERR,ERR,ERR,ERR,ERR,ERR,ERR,ERR,ERR,ERR,ERR,ERR,ERR,ERR,ERR,ERR,ERR,ERR,ERR,ERR,ERR,ERR,ERR,ERR,ERR,ERR,ERR,ERR,ERR,ERR,ERR,ERR,ERR,ERR,ERR,ERR,ERR,ERR,ERR,ERR,ERR,ERR,ERR,ERR,ERR,ERR,ERR,ERR,ERR,ERR,ERR,ERR,ERR,ERR,ERR,ERR,ERR,ERR,ERR,ERR,ERR,ERR,ERR,ERR,ERR,ERR,ERR,ERR,ERR,ERR,ERR,ERR,ERR,ERR,ERR,ERR,ERR,ERR,ERR,ERR,ERR,ERR,ERR,-0.0,2.718431101732002e+23,-0.0,-0.0,-0.0,1.3936040501711995e+18,7.805,-0.0,0,0,4,48932,6720,14723890282496.0,100,0.0,0.0,0.0,-4.9501291711397626e+32,0.0,0,0,0,0,0.0,0,0,0,0,0,0,0,0,0,0,0,0,0,0,0,0,0,0,0,0,0,0,0,0,0,0,0,0,0,0,0,0,0,26,51,50,76,65476,0,300,0,0,8,21553,0.0,-107605600.0,0.0,0.0,0.0,0.0,0.0,0.0,0.0,0.0,0.0,0.0,0.0,0.0,0.0,0.0,0.0,0.0,0.0,0.0,0.0,0.0,0.0,-0.0,0.0,2.004,0.0,0.0,0.0,0.0,4754.0,-564145296506880.0,7291.0,-0.0,2.718431101732002e+23,-107615360.0,0.0,0.0,0.0,0.0,0.0,77,2.3088407177156624e+20,-0.0,0.0,0.0,0.0,0.0,0.0,0.0,0.0,0,0,0,0.0,0.0,0.0,0.0,0.0,0.0,0.0,0.0,0.0,0.0,0.0,0.0,0.0,0.0,0.0,0.0,0,-107875648.0,77,0.0,154,0.0,-0.0,ERR,ERR,ERR,ERR,ERR,ERR,ERR,ERR,ERR,ERR,ERR,ERR,ERR,ERR,ERR,ERR,ERR,ERR,ERR,ERR,ERR,ERR,ERR,ERR,ERR,ERR,ERR,ERR,ERR,ERR,ERR,ERR,ERR,ERR,ERR,ERR,ERR,ERR,ERR,ERR,ERR,ERR,ERR,ERR,ERR,ERR,ERR,ERR,ERR,ERR,ERR,ERR,ERR,ERR,ERR,ERR,ERR,ERR,ERR,ERR,ERR,ERR,ERR,ERR,ERR,ERR,ERR,34.0,80.0,35,0.0,0.0,0.0,0.0,0.0,0.0,0.0,0.0,0.0,0.0,0.0,0.0,0.0,0.0,0.0,0.0,66.0,0,120,58,54,65476,0,300,0,0,8,20529,65476,0,0,57672,80.0,0.0,0.0,0.0,0.0,0.0
2026-06-18T02:27:50,ERR,ERR,ERR,ERR,ERR,ERR,ERR,ERR,ERR,ERR,ERR,ERR,ERR,ERR,ERR,ERR,ERR,ERR,ERR,ERR,ERR,ERR,ERR,ERR,ERR,ERR,ERR,ERR,ERR,ERR,ERR,ERR,ERR,ERR,ERR,ERR,ERR,ERR,ERR,ERR,ERR,ERR,ERR,ERR,ERR,ERR,ERR,ERR,ERR,ERR,ERR,ERR,ERR,ERR,ERR,ERR,ERR,ERR,ERR,ERR,ERR,ERR,ERR,ERR,ERR,ERR,ERR,ERR,ERR,ERR,ERR,ERR,ERR,ERR,ERR,ERR,ERR,ERR,ERR,ERR,ERR,ERR,ERR,ERR,ERR,ERR,ERR,ERR,ERR,ERR,ERR,ERR,ERR,ERR,ERR,ERR,ERR,ERR,ERR,ERR,ERR,ERR,ERR,ERR,ERR,ERR,ERR,ERR,ERR,ERR,ERR,ERR,ERR,ERR,ERR,ERR,ERR,ERR,ERR,ERR,ERR,ERR,ERR,ERR,ERR,-0.0,2.718431101732002e+23,-0.0,-0.0,-0.0,1.3936040501711995e+18,7.805,-0.0,0,0,4,48932,6720,14723890282496.0,100,0.0,0.0,0.0,-4.9501291711397626e+32,0.0,0,0,0,0,0.0,0,0,0,0,0,0,0,0,0,0,0,0,0,0,0,0,0,0,0,0,0,0,0,0,0,0,0,0,0,0,0,0,0,26,51,50,76,65476,0,300,0,0,8,21553,0.0,-107605600.0,0.0,0.0,0.0,0.0,0.0,0.0,0.0,0.0,0.0,0.0,0.0,0.0,0.0,0.0,0.0,0.0,0.0,0.0,0.0,0.0,0.0,-0.0,0.0,2.004,0.0,0.0,0.0,0.0,4754.0,-564145296506880.0,7291.0,-0.0,2.718431101732002e+23,-107615360.0,0.0,0.0,0.0,0.0,0.0,77,2.3088407177156624e+20,-0.0,0.0,0.0,0.0,0.0,0.0,0.0,0.0,0,0,0,0.0,0.0,0.0,0.0,0.0,0.0,0.0,0.0,0.0,0.0,0.0,0.0,0.0,0.0,0.0,0.0,0,-107875648.0,77,0.0,154,0.0,-0.0,ERR,ERR,ERR,ERR,ERR,ERR,ERR,ERR,ERR,ERR,ERR,ERR,ERR,ERR,ERR,ERR,ERR,ERR,ERR,ERR,ERR,ERR,ERR,ERR,ERR,ERR,ERR,ERR,ERR,ERR,ERR,ERR,ERR,ERR,ERR,ERR,ERR,ERR,ERR,ERR,ERR,ERR,ERR,ERR,ERR,ERR,ERR,ERR,ERR,ERR,ERR,ERR,ERR,ERR,ERR,ERR,ERR,ERR,ERR,ERR,ERR,ERR,ERR,ERR,ERR,ERR,ERR,34.0,80.0,35,0.0,0.0,0.0,0.0,0.0,0.0,0.0,0.0,0.0,0.0,0.0,0.0,0.0,0.0,0.0,0.0,66.0,0,120,58,54,65476,0,300,0,0,8,20529,65476,0,0,57672,80.0,0.0,0.0,0.0,0.0,0.0
2026-06-18T02:27:51,ERR,ERR,ERR,ERR,ERR,ERR,ERR,ERR,ERR,ERR,ERR,ERR,ERR,ERR,ERR,ERR,ERR,ERR,ERR,ERR,ERR,ERR,ERR,ERR,ERR,ERR,ERR,ERR,ERR,ERR,ERR,ERR,ERR,ERR,ERR,ERR,ERR,ERR,ERR,ERR,ERR,ERR,ERR,ERR,ERR,ERR,ERR,ERR,ERR,ERR,ERR,ERR,ERR,ERR,ERR,ERR,ERR,ERR,ERR,ERR,ERR,ERR,ERR,ERR,ERR,ERR,ERR,ERR,ERR,ERR,ERR,ERR,ERR,ERR,ERR,ERR,ERR,ERR,ERR,ERR,ERR,ERR,ERR,ERR,ERR,ERR,ERR,ERR,ERR,ERR,ERR,ERR,ERR,ERR,ERR,ERR,ERR,ERR,ERR,ERR,ERR,ERR,ERR,ERR,ERR,ERR,ERR,ERR,ERR,ERR,ERR,ERR,ERR,ERR,ERR,ERR,ERR,ERR,ERR,ERR,ERR,ERR,ERR,ERR,ERR,-0.0,2.718431101732002e+23,-0.0,-0.0,-0.0,1.3936040501711995e+18,7.805,-0.0,0,0,4,48932,6720,14723890282496.0,100,0.0,0.0,0.0,-4.9501291711397626e+32,0.0,0,0,0,0,0.0,0,0,0,0,0,0,0,0,0,0,0,0,0,0,0,0,0,0,0,0,0,0,0,0,0,0,0,0,0,0,0,0,0,26,51,50,76,65476,0,300,0,0,8,21553,0.0,-107605600.0,0.0,0.0,0.0,0.0,0.0,0.0,0.0,0.0,0.0,0.0,0.0,0.0,0.0,0.0,0.0,0.0,0.0,0.0,0.0,0.0,0.0,-0.0,0.0,2.004,0.0,0.0,0.0,0.0,4754.0,-564145296506880.0,7291.0,-0.0,2.718431101732002e+23,-107615360.0,0.0,0.0,0.0,0.0,0.0,77,2.3088407177156624e+20,-0.0,0.0,0.0,0.0,0.0,0.0,0.0,0.0,0,0,0,0.0,0.0,0.0,0.0,0.0,0.0,0.0,0.0,0.0,0.0,0.0,0.0,0.0,0.0,0.0,0.0,0,-107875648.0,77,0.0,154,0.0,-0.0,ERR,ERR,ERR,ERR,ERR,ERR,ERR,ERR,ERR,ERR,ERR,ERR,ERR,ERR,ERR,ERR,ERR,ERR,ERR,ERR,ERR,ERR,ERR,ERR,ERR,ERR,ERR,ERR,ERR,ERR,ERR,ERR,ERR,ERR,ERR,ERR,ERR,ERR,ERR,ERR,ERR,ERR,ERR,ERR,ERR,ERR,ERR,ERR,ERR,ERR,ERR,ERR,ERR,ERR,ERR,ERR,ERR,ERR,ERR,ERR,ERR,ERR,ERR,ERR,ERR,ERR,ERR,34.0,80.0,35,0.0,0.0,0.0,0.0,0.0,0.0,0.0,0.0,0.0,0.0,0.0,0.0,0.0,0.0,0.0,0.0,66.0,0,120,58,54,65476,0,300,0,0,8,20529,65476,0,0,57672,80.0,0.0,0.0,0.0,0.0,0.0
2026-06-18T02:27:52,ERR,ERR,ERR,ERR,ERR,ERR,ERR,ERR,ERR,ERR,ERR,ERR,ERR,ERR,ERR,ERR,ERR,ERR,ERR,ERR,ERR,ERR,ERR,ERR,ERR,ERR,ERR,ERR,ERR,ERR,ERR,ERR,ERR,ERR,ERR,ERR,ERR,ERR,ERR,ERR,ERR,ERR,ERR,ERR,ERR,ERR,ERR,ERR,ERR,ERR,ERR,ERR,ERR,ERR,ERR,ERR,ERR,ERR,ERR,ERR,ERR,ERR,ERR,ERR,ERR,ERR,ERR,ERR,ERR,ERR,ERR,ERR,ERR,ERR,ERR,ERR,ERR,ERR,ERR,ERR,ERR,ERR,ERR,ERR,ERR,ERR,ERR,ERR,ERR,ERR,ERR,ERR,ERR,ERR,ERR,ERR,ERR,ERR,ERR,ERR,ERR,ERR,ERR,ERR,ERR,ERR,ERR,ERR,ERR,ERR,ERR,ERR,ERR,ERR,ERR,ERR,ERR,ERR,ERR,ERR,ERR,ERR,ERR,ERR,ERR,-0.0,2.718431101732002e+23,-0.0,-4.9501291711397626e+32,-0.0,1.3936040501711995e+18,7.805,-0.0,0,0,4,48933,6720,14723890282496.0,100,0.0,0.0,0.0,0.0,0.0,0,0,0,0,0.0,0,0,0,0,0,0,0,0,0,0,0,0,0,0,0,0,0,0,0,0,0,0,0,0,0,0,0,0,0,0,0,0,0,26,51,50,76,65476,0,300,0,0,8,21553,0.0,-107605600.0,0.0,0.0,0.0,0.0,0.0,0.0,0.0,0.0,0.0,0.0,0.0,0.0,0.0,0.0,0.0,0.0,0.0,0.0,0.0,0.0,0.0,-0.0,0.0,2.004,0.0,0.0,0.0,0.0,4753.0,-564145296506880.0,7291.0,-0.0,2.718431101732002e+23,-107615360.0,0.0,0.0,0.0,0.0,0.0,77,152018488393728.0,-0.0,0.0,0.0,0.0,0.0,0.0,0.0,0.0,0,0,0,0.0,0.0,0.0,0.0,0.0,0.0,0.0,0.0,0.0,0.0,0.0,0.0,0.0,0.0,0.0,0.0,0,-107875648.0,77,0.0,154,0.0,-0.0,ERR,ERR,ERR,ERR,ERR,ERR,ERR,ERR,ERR,ERR,ERR,ERR,ERR,ERR,ERR,ERR,ERR,ERR,ERR,ERR,ERR,ERR,ERR,ERR,ERR,ERR,ERR,ERR,ERR,ERR,ERR,ERR,ERR,ERR,ERR,ERR,ERR,ERR,ERR,ERR,ERR,ERR,ERR,ERR,ERR,ERR,ERR,ERR,ERR,ERR,ERR,ERR,ERR,ERR,ERR,ERR,ERR,ERR,ERR,ERR,ERR,ERR,ERR,ERR,ERR,ERR,ERR,34.0,80.0,35,0.0,0.0,0.0,0.0,0.0,0.0,0.0,0.0,0.0,0.0,0.0,0.0,0.0,0.0,0.0,0.0,66.0,0,120,58,54,65476,0,300,0,0,8,20529,65476,0,0,57672,80.0,0.0,0.0,0.0,0.0,0.0
2026-06-18T02:27:53,ERR,ERR,ERR,ERR,ERR,ERR,ERR,ERR,ERR,ERR,ERR,ERR,ERR,ERR,ERR,ERR,ERR,ERR,ERR,ERR,ERR,ERR,ERR,ERR,ERR,ERR,ERR,ERR,ERR,ERR,ERR,ERR,ERR,ERR,ERR,ERR,ERR,ERR,ERR,ERR,ERR,ERR,ERR,ERR,ERR,ERR,ERR,ERR,ERR,ERR,ERR,ERR,ERR,ERR,ERR,ERR,ERR,ERR,ERR,ERR,ERR,ERR,ERR,ERR,ERR,ERR,ERR,ERR,ERR,ERR,ERR,ERR,ERR,ERR,ERR,ERR,ERR,ERR,ERR,ERR,ERR,ERR,ERR,ERR,ERR,ERR,ERR,ERR,ERR,ERR,ERR,ERR,ERR,ERR,ERR,ERR,ERR,ERR,ERR,ERR,ERR,ERR,ERR,ERR,ERR,ERR,ERR,ERR,ERR,ERR,ERR,ERR,ERR,ERR,ERR,ERR,ERR,ERR,ERR,ERR,ERR,ERR,ERR,ERR,ERR,-0.0,2.718431101732002e+23,-0.0,-4.9501291711397626e+32,-0.0,1.3936040501711995e+18,7.805,-0.0,0,0,4,48933,6720,14723890282496.0,100,0.0,0.0,0.0,0.0,0.0,0,0,0,0,0.0,0,0,0,0,0,0,0,0,0,0,0,0,0,0,0,0,0,0,0,0,0,0,0,0,0,0,0,0,0,0,0,0,0,26,51,50,76,65476,0,300,0,0,8,21553,0.0,-107605600.0,0.0,0.0,0.0,0.0,0.0,0.0,0.0,0.0,0.0,0.0,0.0,0.0,0.0,0.0,0.0,0.0,0.0,0.0,0.0,0.0,0.0,-0.0,0.0,2.004,0.0,0.0,0.0,0.0,4753.0,-564145296506880.0,7291.0,-0.0,2.718431101732002e+23,-107615360.0,0.0,0.0,0.0,0.0,0.0,77,152018488393728.0,-0.0,0.0,0.0,0.0,0.0,0.0,0.0,0.0,0,0,0,0.0,0.0,0.0,0.0,0.0,0.0,0.0,0.0,0.0,0.0,0.0,0.0,0.0,0.0,0.0,0.0,0,-107875648.0,77,0.0,154,0.0,-0.0,ERR,ERR,ERR,ERR,ERR,ERR,ERR,ERR,ERR,ERR,ERR,ERR,ERR,ERR,ERR,ERR,ERR,ERR,ERR,ERR,ERR,ERR,ERR,ERR,ERR,ERR,ERR,ERR,ERR,ERR,ERR,ERR,ERR,ERR,ERR,ERR,ERR,ERR,ERR,ERR,ERR,ERR,ERR,ERR,ERR,ERR,ERR,ERR,ERR,ERR,ERR,ERR,ERR,ERR,ERR,ERR,ERR,ERR,ERR,ERR,ERR,ERR,ERR,ERR,ERR,ERR,ERR,34.0,80.0,35,0.0,0.0,0.0,0.0,0.0,0.0,0.0,0.0,0.0,0.0,0.0,0.0,0.0,0.0,0.0,0.0,66.0,0,120,58,54,65476,0,300,0,0,8,20529,65476,0,0,57672,80.0,0.0,0.0,0.0,0.0,0.0
2026-06-18T02:27:54,ERR,ERR,ERR,ERR,ERR,ERR,ERR,ERR,ERR,ERR,ERR,ERR,ERR,ERR,ERR,ERR,ERR,ERR,ERR,ERR,ERR,ERR,ERR,ERR,ERR,ERR,ERR,ERR,ERR,ERR,ERR,ERR,ERR,ERR,ERR,ERR,ERR,ERR,ERR,ERR,ERR,ERR,ERR,ERR,ERR,ERR,ERR,ERR,ERR,ERR,ERR,ERR,ERR,ERR,ERR,ERR,ERR,ERR,ERR,ERR,ERR,ERR,ERR,ERR,ERR,ERR,ERR,ERR,ERR,ERR,ERR,ERR,ERR,ERR,ERR,ERR,ERR,ERR,ERR,ERR,ERR,ERR,ERR,ERR,ERR,ERR,ERR,ERR,ERR,ERR,ERR,ERR,ERR,ERR,ERR,ERR,ERR,ERR,ERR,ERR,ERR,ERR,ERR,ERR,ERR,ERR,ERR,ERR,ERR,ERR,ERR,ERR,ERR,ERR,ERR,ERR,ERR,ERR,ERR,ERR,ERR,ERR,ERR,ERR,ERR,-0.0,2.718431101732002e+23,-0.0,-4.9501291711397626e+32,-0.0,1.3936040501711995e+18,7.805,-0.0,0,0,4,48933,6720,14723890282496.0,100,0.0,0.0,0.0,0.0,0.0,0,0,0,0,0.0,0,0,0,0,0,0,0,0,0,0,0,0,0,0,0,0,0,0,0,0,0,0,0,0,0,0,0,0,0,0,0,0,0,26,51,50,76,65476,0,300,0,0,8,21553,0.0,-107605600.0,0.0,0.0,0.0,0.0,0.0,0.0,0.0,0.0,0.0,0.0,0.0,0.0,0.0,0.0,0.0,0.0,0.0,0.0,0.0,0.0,0.0,-0.0,0.0,2.004,0.0,0.0,0.0,0.0,4753.0,-564145296506880.0,7291.0,-0.0,2.718431101732002e+23,-107615360.0,0.0,0.0,0.0,0.0,0.0,77,152018488393728.0,-0.0,0.0,0.0,0.0,0.0,0.0,0.0,0.0,0,0,0,0.0,0.0,0.0,0.0,0.0,0.0,0.0,0.0,0.0,0.0,0.0,0.0,0.0,0.0,0.0,0.0,0,-107875648.0,77,0.0,154,0.0,-0.0,ERR,ERR,ERR,ERR,ERR,ERR,ERR,ERR,ERR,ERR,ERR,ERR,ERR,ERR,ERR,ERR,ERR,ERR,ERR,ERR,ERR,ERR,ERR,ERR,ERR,ERR,ERR,ERR,ERR,ERR,ERR,ERR,ERR,ERR,ERR,ERR,ERR,ERR,ERR,ERR,ERR,ERR,ERR,ERR,ERR,ERR,ERR,ERR,ERR,ERR,ERR,ERR,ERR,ERR,ERR,ERR,ERR,ERR,ERR,ERR,ERR,ERR,ERR,ERR,ERR,ERR,ERR,34.0,80.0,35,0.0,0.0,0.0,0.0,0.0,0.0,0.0,0.0,0.0,0.0,0.0,0.0,0.0,0.0,0.0,0.0,66.4,0,120,58,54,65476,0,300,0,0,8,20529,65476,0,0,57672,80.0,0.0,0.0,0.0,0.0,0.0
2026-06-18T02:27:55,ERR,ERR,ERR,ERR,ERR,ERR,ERR,ERR,ERR,ERR,ERR,ERR,ERR,ERR,ERR,ERR,ERR,ERR,ERR,ERR,ERR,ERR,ERR,ERR,ERR,ERR,ERR,ERR,ERR,ERR,ERR,ERR,ERR,ERR,ERR,ERR,ERR,ERR,ERR,ERR,ERR,ERR,ERR,ERR,ERR,ERR,ERR,ERR,ERR,ERR,ERR,ERR,ERR,ERR,ERR,ERR,ERR,ERR,ERR,ERR,ERR,ERR,ERR,ERR,ERR,ERR,ERR,ERR,ERR,ERR,ERR,ERR,ERR,ERR,ERR,ERR,ERR,ERR,ERR,ERR,ERR,ERR,ERR,ERR,ERR,ERR,ERR,ERR,ERR,ERR,ERR,ERR,ERR,ERR,ERR,ERR,ERR,ERR,ERR,ERR,ERR,ERR,ERR,ERR,ERR,ERR,ERR,ERR,ERR,ERR,ERR,ERR,ERR,ERR,ERR,ERR,ERR,ERR,ERR,ERR,ERR,ERR,ERR,ERR,ERR,-0.0,2.718431101732002e+23,-0.0,-4.9501291711397626e+32,-0.0,1.3936040501711995e+18,7.805,-0.0,0,0,4,48933,6720,14723890282496.0,100,0.0,0.0,0.0,0.0,0.0,0,0,0,0,0.0,0,0,0,0,0,0,0,0,0,0,0,0,0,0,0,0,0,0,0,0,0,0,0,0,0,0,0,0,0,0,0,0,0,26,51,50,76,65476,0,300,0,0,8,21553,0.0,-107605600.0,0.0,0.0,0.0,0.0,0.0,0.0,0.0,0.0,0.0,0.0,0.0,0.0,0.0,0.0,0.0,0.0,0.0,0.0,0.0,0.0,0.0,-0.0,0.0,2.004,0.0,0.0,0.0,0.0,4753.0,-564145296506880.0,7291.0,-0.0,2.718431101732002e+23,-107615360.0,0.0,0.0,0.0,0.0,0.0,77,152018488393728.0,-0.0,0.0,0.0,0.0,0.0,0.0,0.0,0.0,0,0,0,0.0,0.0,0.0,0.0,0.0,0.0,0.0,0.0,0.0,0.0,0.0,0.0,0.0,0.0,0.0,0.0,0,-107875648.0,77,0.0,154,0.0,-0.0,ERR,ERR,ERR,ERR,ERR,ERR,ERR,ERR,ERR,ERR,ERR,ERR,ERR,ERR,ERR,ERR,ERR,ERR,ERR,ERR,ERR,ERR,ERR,ERR,ERR,ERR,ERR,ERR,ERR,ERR,ERR,ERR,ERR,ERR,ERR,ERR,ERR,ERR,ERR,ERR,ERR,ERR,ERR,ERR,ERR,ERR,ERR,ERR,ERR,ERR,ERR,ERR,ERR,ERR,ERR,ERR,ERR,ERR,ERR,ERR,ERR,ERR,ERR,ERR,ERR,ERR,ERR,34.0,80.0,35,0.0,0.0,0.0,0.0,0.0,0.0,0.0,0.0,0.0,0.0,0.0,0.0,0.0,0.0,0.0,0.0,66.4,0,120,58,54,65476,0,300,0,0,8,20529,65476,0,0,57672,80.0,0.0,0.0,0.0,0.0,0.0
2026-06-18T02:27:56,ERR,ERR,ERR,ERR,ERR,ERR,ERR,ERR,ERR,ERR,ERR,ERR,ERR,ERR,ERR,ERR,ERR,ERR,ERR,ERR,ERR,ERR,ERR,ERR,ERR,ERR,ERR,ERR,ERR,ERR,ERR,ERR,ERR,ERR,ERR,ERR,ERR,ERR,ERR,ERR,ERR,ERR,ERR,ERR,ERR,ERR,ERR,ERR,ERR,ERR,ERR,ERR,ERR,ERR,ERR,ERR,ERR,ERR,ERR,ERR,ERR,ERR,ERR,ERR,ERR,ERR,ERR,ERR,ERR,ERR,ERR,ERR,ERR,ERR,ERR,ERR,ERR,ERR,ERR,ERR,ERR,ERR,ERR,ERR,ERR,ERR,ERR,ERR,ERR,ERR,ERR,ERR,ERR,ERR,ERR,ERR,ERR,ERR,ERR,ERR,ERR,ERR,ERR,ERR,ERR,ERR,ERR,ERR,ERR,ERR,ERR,ERR,ERR,ERR,ERR,ERR,ERR,ERR,ERR,ERR,ERR,ERR,ERR,ERR,ERR,-0.0,2.718431101732002e+23,-0.0,-4.9501291711397626e+32,-0.0,1.3936040501711995e+18,7.805,-0.0,0,0,4,48933,6720,14723890282496.0,100,0.0,0.0,0.0,0.0,0.0,0,0,0,0,0.0,0,0,0,0,0,0,0,0,0,0,0,0,0,0,0,0,0,0,0,0,0,0,0,0,0,0,0,0,0,0,0,0,0,26,51,50,76,65476,0,300,0,0,8,21553,0.0,-107605600.0,0.0,0.0,0.0,0.0,0.0,0.0,0.0,0.0,0.0,0.0,0.0,0.0,0.0,0.0,0.0,0.0,0.0,0.0,0.0,0.0,0.0,-0.0,0.0,2.004,0.0,0.0,0.0,0.0,4753.0,-564145296506880.0,7291.0,-0.0,2.718431101732002e+23,-107615360.0,0.0,0.0,0.0,0.0,0.0,77,152018488393728.0,-0.0,0.0,0.0,0.0,0.0,0.0,0.0,0.0,0,0,0,0.0,0.0,0.0,0.0,0.0,0.0,0.0,0.0,0.0,0.0,0.0,0.0,0.0,0.0,0.0,0.0,0,-107875648.0,77,0.0,154,0.0,-0.0,ERR,ERR,ERR,ERR,ERR,ERR,ERR,ERR,ERR,ERR,ERR,ERR,ERR,ERR,ERR,ERR,ERR,ERR,ERR,ERR,ERR,ERR,ERR,ERR,ERR,ERR,ERR,ERR,ERR,ERR,ERR,ERR,ERR,ERR,ERR,ERR,ERR,ERR,ERR,ERR,ERR,ERR,ERR,ERR,ERR,ERR,ERR,ERR,ERR,ERR,ERR,ERR,ERR,ERR,ERR,ERR,ERR,ERR,ERR,ERR,ERR,ERR,ERR,ERR,ERR,ERR,ERR,34.0,80.0,35,0.0,0.0,0.0,0.0,0.0,0.0,0.0,0.0,0.0,0.0,0.0,0.0,0.0,0.0,0.0,0.0,66.0,0,120,58,54,65476,0,300,0,0,8,20529,65476,0,0,57672,80.0,0.0,0.0,0.0,0.0,0.0
2026-06-18T02:27:57,ERR,ERR,ERR,ERR,ERR,ERR,ERR,ERR,ERR,ERR,ERR,ERR,ERR,ERR,ERR,ERR,ERR,ERR,ERR,ERR,ERR,ERR,ERR,ERR,ERR,ERR,ERR,ERR,ERR,ERR,ERR,ERR,ERR,ERR,ERR,ERR,ERR,ERR,ERR,ERR,ERR,ERR,ERR,ERR,ERR,ERR,ERR,ERR,ERR,ERR,ERR,ERR,ERR,ERR,ERR,ERR,ERR,ERR,ERR,ERR,ERR,ERR,ERR,ERR,ERR,ERR,ERR,ERR,ERR,ERR,ERR,ERR,ERR,ERR,ERR,ERR,ERR,ERR,ERR,ERR,ERR,ERR,ERR,ERR,ERR,ERR,ERR,ERR,ERR,ERR,ERR,ERR,ERR,ERR,ERR,ERR,ERR,ERR,ERR,ERR,ERR,ERR,ERR,ERR,ERR,ERR,ERR,ERR,ERR,ERR,ERR,ERR,ERR,ERR,ERR,ERR,ERR,ERR,ERR,ERR,ERR,ERR,ERR,ERR,ERR,-0.0,2.718431101732002e+23,-0.0,-152005385388032.0,-0.0,1.3936040501711995e+18,7.805,-2306705457152.0,0,0,4,48927,6720,14723890282496.0,100,0.0,0.0,0.0,-152005385388032.0,0.0,0,0,0,0,0.0,0,0,0,0,0,0,0,0,0,0,0,0,0,0,0,0,0,0,0,0,0,0,0,0,0,0,0,0,0,0,0,0,0,26,51,50,76,65476,0,300,0,0,8,21553,0.0,-107605600.0,0.0,0.0,0.0,0.0,0.0,0.0,0.0,0.0,0.0,0.0,0.0,0.0,0.0,0.0,0.0,0.0,0.0,0.0,0.0,0.0,0.0,-0.0,0.0,2.004,0.0,0.0,0.0,0.0,4756.0,-564145296506880.0,7291.0,-0.0,2.718431101732002e+23,-107615360.0,0.0,0.0,0.0,0.0,0.0,77,126841126912.0,-0.0,0.0,0.0,0.0,0.0,0.0,0.0,0.0,0,0,0,0.0,0.0,0.0,0.0,0.0,0.0,0.0,0.0,0.0,0.0,0.0,0.0,0.0,0.0,0.0,0.0,0,-107875648.0,77,0.0,154,0.0,-0.0,ERR,ERR,ERR,ERR,ERR,ERR,ERR,ERR,ERR,ERR,ERR,ERR,ERR,ERR,ERR,ERR,ERR,ERR,ERR,ERR,ERR,ERR,ERR,ERR,ERR,ERR,ERR,ERR,ERR,ERR,ERR,ERR,ERR,ERR,ERR,ERR,ERR,ERR,ERR,ERR,ERR,ERR,ERR,ERR,ERR,ERR,ERR,ERR,ERR,ERR,ERR,ERR,ERR,ERR,ERR,ERR,ERR,ERR,ERR,ERR,ERR,ERR,ERR,ERR,ERR,ERR,ERR,34.0,80.0,35,0.0,0.0,0.0,0.0,0.0,0.0,0.0,0.0,0.0,0.0,0.0,0.0,0.0,0.0,0.0,0.0,66.0,0,120,58,54,65476,0,300,0,0,8,20529,65476,0,0,57672,80.0,0.0,0.0,0.0,0.0,0.0
2026-06-18T02:27:58,ERR,ERR,ERR,ERR,ERR,ERR,ERR,ERR,ERR,ERR,ERR,ERR,ERR,ERR,ERR,ERR,ERR,ERR,ERR,ERR,ERR,ERR,ERR,ERR,ERR,ERR,ERR,ERR,ERR,ERR,ERR,ERR,ERR,ERR,ERR,ERR,ERR,ERR,ERR,ERR,ERR,ERR,ERR,ERR,ERR,ERR,ERR,ERR,ERR,ERR,ERR,ERR,ERR,ERR,ERR,ERR,ERR,ERR,ERR,ERR,ERR,ERR,ERR,ERR,ERR,ERR,ERR,ERR,ERR,ERR,ERR,ERR,ERR,ERR,ERR,ERR,ERR,ERR,ERR,ERR,ERR,ERR,ERR,ERR,ERR,ERR,ERR,ERR,ERR,ERR,ERR,ERR,ERR,ERR,ERR,ERR,ERR,ERR,ERR,ERR,ERR,ERR,ERR,ERR,ERR,ERR,ERR,ERR,ERR,ERR,ERR,ERR,ERR,ERR,ERR,ERR,ERR,ERR,ERR,ERR,ERR,ERR,ERR,ERR,ERR,-0.0,2.718431101732002e+23,-0.0,-152005385388032.0,-0.0,1.3936040501711995e+18,7.805,-2306705457152.0,0,0,4,48927,6720,14723890282496.0,100,0.0,0.0,0.0,-152005385388032.0,0.0,0,0,0,0,0.0,0,0,0,0,0,0,0,0,0,0,0,0,0,0,0,0,0,0,0,0,0,0,0,0,0,0,0,0,0,0,0,0,0,26,51,50,76,65476,0,300,0,0,8,21553,0.0,-107605600.0,0.0,0.0,0.0,0.0,0.0,0.0,0.0,0.0,0.0,0.0,0.0,0.0,0.0,0.0,0.0,0.0,0.0,0.0,0.0,0.0,0.0,-0.0,0.0,2.004,0.0,0.0,0.0,0.0,4756.0,-564145296506880.0,7291.0,-0.0,2.718431101732002e+23,-107615360.0,0.0,0.0,0.0,0.0,0.0,77,126841126912.0,-0.0,0.0,0.0,0.0,0.0,0.0,0.0,0.0,0,0,0,0.0,0.0,0.0,0.0,0.0,0.0,0.0,0.0,0.0,0.0,0.0,0.0,0.0,0.0,0.0,0.0,0,-107875648.0,77,0.0,154,0.0,-0.0,ERR,ERR,ERR,ERR,ERR,ERR,ERR,ERR,ERR,ERR,ERR,ERR,ERR,ERR,ERR,ERR,ERR,ERR,ERR,ERR,ERR,ERR,ERR,ERR,ERR,ERR,ERR,ERR,ERR,ERR,ERR,ERR,ERR,ERR,ERR,ERR,ERR,ERR,ERR,ERR,ERR,ERR,ERR,ERR,ERR,ERR,ERR,ERR,ERR,ERR,ERR,ERR,ERR,ERR,ERR,ERR,ERR,ERR,ERR,ERR,ERR,ERR,ERR,ERR,ERR,ERR,ERR,34.0,80.0,35,0.0,0.0,0.0,0.0,0.0,0.0,0.0,0.0,0.0,0.0,0.0,0.0,0.0,0.0,0.0,0.0,66.0,0,120,58,54,65476,0,300,0,0,8,20529,65476,0,0,57672,80.0,0.0,0.0,0.0,0.0,0.0
2026-06-18T02:27:59,ERR,ERR,ERR,ERR,ERR,ERR,ERR,ERR,ERR,ERR,ERR,ERR,ERR,ERR,ERR,ERR,ERR,ERR,ERR,ERR,ERR,ERR,ERR,ERR,ERR,ERR,ERR,ERR,ERR,ERR,ERR,ERR,ERR,ERR,ERR,ERR,ERR,ERR,ERR,ERR,ERR,ERR,ERR,ERR,ERR,ERR,ERR,ERR,ERR,ERR,ERR,ERR,ERR,ERR,ERR,ERR,ERR,ERR,ERR,ERR,ERR,ERR,ERR,ERR,ERR,ERR,ERR,ERR,ERR,ERR,ERR,ERR,ERR,ERR,ERR,ERR,ERR,ERR,ERR,ERR,ERR,ERR,ERR,ERR,ERR,ERR,ERR,ERR,ERR,ERR,ERR,ERR,ERR,ERR,ERR,ERR,ERR,ERR,ERR,ERR,ERR,ERR,ERR,ERR,ERR,ERR,ERR,ERR,ERR,ERR,ERR,ERR,ERR,ERR,ERR,ERR,ERR,ERR,ERR,ERR,ERR,ERR,ERR,ERR,ERR,-0.0,2.718431101732002e+23,-0.0,-152005385388032.0,-0.0,1.3936040501711995e+18,7.805,-2306705457152.0,0,0,4,48927,6720,14723890282496.0,100,0.0,0.0,0.0,-152005385388032.0,0.0,0,0,0,0,0.0,0,0,0,0,0,0,0,0,0,0,0,0,0,0,0,0,0,0,0,0,0,0,0,0,0,0,0,0,0,0,0,0,0,26,51,50,76,65476,0,300,0,0,8,21553,0.0,-107605600.0,0.0,0.0,0.0,0.0,0.0,0.0,0.0,0.0,0.0,0.0,0.0,0.0,0.0,0.0,0.0,0.0,0.0,0.0,0.0,0.0,0.0,-0.0,0.0,2.004,0.0,0.0,0.0,0.0,4756.0,-564145296506880.0,7291.0,-0.0,2.718431101732002e+23,-107615360.0,0.0,0.0,0.0,0.0,0.0,77,126841126912.0,-0.0,0.0,0.0,0.0,0.0,0.0,0.0,0.0,0,0,0,0.0,0.0,0.0,0.0,0.0,0.0,0.0,0.0,0.0,0.0,0.0,0.0,0.0,0.0,0.0,0.0,0,-107875648.0,77,0.0,154,0.0,-0.0,ERR,ERR,ERR,ERR,ERR,ERR,ERR,ERR,ERR,ERR,ERR,ERR,ERR,ERR,ERR,ERR,ERR,ERR,ERR,ERR,ERR,ERR,ERR,ERR,ERR,ERR,ERR,ERR,ERR,ERR,ERR,ERR,ERR,ERR,ERR,ERR,ERR,ERR,ERR,ERR,ERR,ERR,ERR,ERR,ERR,ERR,ERR,ERR,ERR,ERR,ERR,ERR,ERR,ERR,ERR,ERR,ERR,ERR,ERR,ERR,ERR,ERR,ERR,ERR,ERR,ERR,ERR,34.0,80.0,35,0.0,0.0,0.0,0.0,0.0,0.0,0.0,0.0,0.0,0.0,0.0,0.0,0.0,0.0,0.0,0.0,66.0,0,120,58,54,65476,0,300,0,0,8,20529,65476,0,0,57672,80.0,0.0,0.0,0.0,0.0,0.0
2026-06-18T02:28:00,ERR,ERR,ERR,ERR,ERR,ERR,ERR,ERR,ERR,ERR,ERR,ERR,ERR,ERR,ERR,ERR,ERR,ERR,ERR,ERR,ERR,ERR,ERR,ERR,ERR,ERR,ERR,ERR,ERR,ERR,ERR,ERR,ERR,ERR,ERR,ERR,ERR,ERR,ERR,ERR,ERR,ERR,ERR,ERR,ERR,ERR,ERR,ERR,ERR,ERR,ERR,ERR,ERR,ERR,ERR,ERR,ERR,ERR,ERR,ERR,ERR,ERR,ERR,ERR,ERR,ERR,ERR,ERR,ERR,ERR,ERR,ERR,ERR,ERR,ERR,ERR,ERR,ERR,ERR,ERR,ERR,ERR,ERR,ERR,ERR,ERR,ERR,ERR,ERR,ERR,ERR,ERR,ERR,ERR,ERR,ERR,ERR,ERR,ERR,ERR,ERR,ERR,ERR,ERR,ERR,ERR,ERR,ERR,ERR,ERR,ERR,ERR,ERR,ERR,ERR,ERR,ERR,ERR,ERR,ERR,ERR,ERR,ERR,ERR,ERR,-0.0,2.718431101732002e+23,-0.0,-152005385388032.0,-0.0,1.3936040501711995e+18,7.805,-2306705457152.0,0,0,4,48927,6720,14723890282496.0,100,0.0,0.0,0.0,-152005385388032.0,0.0,0,0,0,0,0.0,0,0,0,0,0,0,0,0,0,0,0,0,0,0,0,0,0,0,0,0,0,0,0,0,0,0,0,0,0,0,0,0,0,26,51,50,76,65476,0,300,0,0,8,21553,0.0,-107605600.0,0.0,0.0,0.0,0.0,0.0,0.0,0.0,0.0,0.0,0.0,0.0,0.0,0.0,0.0,0.0,0.0,0.0,0.0,0.0,0.0,0.0,-0.0,0.0,2.004,0.0,0.0,0.0,0.0,4756.0,-564145296506880.0,7291.0,-0.0,2.718431101732002e+23,-107615360.0,0.0,0.0,0.0,0.0,0.0,77,126841126912.0,-0.0,0.0,0.0,0.0,0.0,0.0,0.0,0.0,0,0,0,0.0,0.0,0.0,0.0,0.0,0.0,0.0,0.0,0.0,0.0,0.0,0.0,0.0,0.0,0.0,0.0,0,-107875648.0,77,0.0,154,0.0,-0.0,ERR,ERR,ERR,ERR,ERR,ERR,ERR,ERR,ERR,ERR,ERR,ERR,ERR,ERR,ERR,ERR,ERR,ERR,ERR,ERR,ERR,ERR,ERR,ERR,ERR,ERR,ERR,ERR,ERR,ERR,ERR,ERR,ERR,ERR,ERR,ERR,ERR,ERR,ERR,ERR,ERR,ERR,ERR,ERR,ERR,ERR,ERR,ERR,ERR,ERR,ERR,ERR,ERR,ERR,ERR,ERR,ERR,ERR,ERR,ERR,ERR,ERR,ERR,ERR,ERR,ERR,ERR,34.0,80.0,35,0.0,0.0,0.0,0.0,0.0,0.0,0.0,0.0,0.0,0.0,0.0,0.0,0.0,0.0,0.0,0.0,66.0,0,120,58,54,65476,0,300,0,0,8,20529,65476,0,0,57672,80.0,0.0,0.0,0.0,0.0,0.0
2026-06-18T02:28:01,ERR,ERR,ERR,ERR,ERR,ERR,ERR,ERR,ERR,ERR,ERR,ERR,ERR,ERR,ERR,ERR,ERR,ERR,ERR,ERR,ERR,ERR,ERR,ERR,ERR,ERR,ERR,ERR,ERR,ERR,ERR,ERR,ERR,ERR,ERR,ERR,ERR,ERR,ERR,ERR,ERR,ERR,ERR,ERR,ERR,ERR,ERR,ERR,ERR,ERR,ERR,ERR,ERR,ERR,ERR,ERR,ERR,ERR,ERR,ERR,ERR,ERR,ERR,ERR,ERR,ERR,ERR,ERR,ERR,ERR,ERR,ERR,ERR,ERR,ERR,ERR,ERR,ERR,ERR,ERR,ERR,ERR,ERR,ERR,ERR,ERR,ERR,ERR,ERR,ERR,ERR,ERR,ERR,ERR,ERR,ERR,ERR,ERR,ERR,ERR,ERR,ERR,ERR,ERR,ERR,ERR,ERR,ERR,ERR,ERR,ERR,ERR,ERR,ERR,ERR,ERR,ERR,ERR,ERR,ERR,ERR,ERR,ERR,ERR,ERR,-0.0,2.718431101732002e+23,-0.0,-152005385388032.0,-0.0,1.3936040501711995e+18,7.805,-2306705457152.0,0,0,4,48927,6720,14723890282496.0,100,0.0,0.0,0.0,-152005385388032.0,0.0,0,0,0,0,0.0,0,0,0,0,0,0,0,0,0,0,0,0,0,0,0,0,0,0,0,0,0,0,0,0,0,0,0,0,0,0,0,0,0,26,51,50,76,65476,0,300,0,0,8,21553,0.0,-107605600.0,0.0,0.0,0.0,0.0,0.0,0.0,0.0,0.0,0.0,0.0,0.0,0.0,0.0,0.0,0.0,0.0,0.0,0.0,0.0,0.0,0.0,-0.0,0.0,2.004,0.0,0.0,0.0,0.0,4756.0,-564145296506880.0,7291.0,-0.0,2.718431101732002e+23,-107615360.0,0.0,0.0,0.0,0.0,0.0,77,126841126912.0,-0.0,0.0,0.0,0.0,0.0,0.0,0.0,0.0,0,0,0,0.0,0.0,0.0,0.0,0.0,0.0,0.0,0.0,0.0,0.0,0.0,0.0,0.0,0.0,0.0,0.0,0,-107875648.0,77,0.0,154,0.0,-0.0,ERR,ERR,ERR,ERR,ERR,ERR,ERR,ERR,ERR,ERR,ERR,ERR,ERR,ERR,ERR,ERR,ERR,ERR,ERR,ERR,ERR,ERR,ERR,ERR,ERR,ERR,ERR,ERR,ERR,ERR,ERR,ERR,ERR,ERR,ERR,ERR,ERR,ERR,ERR,ERR,ERR,ERR,ERR,ERR,ERR,ERR,ERR,ERR,ERR,ERR,ERR,ERR,ERR,ERR,ERR,ERR,ERR,ERR,ERR,ERR,ERR,ERR,ERR,ERR,ERR,ERR,ERR,34.0,80.0,35,0.0,0.0,0.0,0.0,0.0,0.0,0.0,0.0,0.0,0.0,0.0,0.0,0.0,0.0,0.0,0.0,66.0,0,120,58,54,65476,0,300,0,0,8,20529,65476,0,0,57672,80.0,0.0,0.0,0.0,0.0,0.0
2026-06-18T02:28:02,ERR,ERR,ERR,ERR,ERR,ERR,ERR,ERR,ERR,ERR,ERR,ERR,ERR,ERR,ERR,ERR,ERR,ERR,ERR,ERR,ERR,ERR,ERR,ERR,ERR,ERR,ERR,ERR,ERR,ERR,ERR,ERR,ERR,ERR,ERR,ERR,ERR,ERR,ERR,ERR,ERR,ERR,ERR,ERR,ERR,ERR,ERR,ERR,ERR,ERR,ERR,ERR,ERR,ERR,ERR,ERR,ERR,ERR,ERR,ERR,ERR,ERR,ERR,ERR,ERR,ERR,ERR,ERR,ERR,ERR,ERR,ERR,ERR,ERR,ERR,ERR,ERR,ERR,ERR,ERR,ERR,ERR,ERR,ERR,ERR,ERR,ERR,ERR,ERR,ERR,ERR,ERR,ERR,ERR,ERR,ERR,ERR,ERR,ERR,ERR,ERR,ERR,ERR,ERR,ERR,ERR,ERR,ERR,ERR,ERR,ERR,ERR,ERR,ERR,ERR,ERR,ERR,ERR,ERR,ERR,ERR,ERR,ERR,ERR,ERR,-0.0,2.718431101732002e+23,-0.0,-107609184.0,0.0,1.3936040501711995e+18,7.805,0.0,0,0,4,48927,6720,14723890282496.0,100,0.0,0.0,0.0,-152005385388032.0,0.0,0,0,0,0,0.0,0,0,0,0,0,0,0,0,0,0,0,0,0,0,0,0,0,0,0,0,0,0,0,0,0,0,0,0,0,0,0,0,0,26,51,50,76,65476,0,300,0,0,8,21553,0.0,-107605600.0,0.0,0.0,0.0,0.0,0.0,0.0,0.0,0.0,0.0,0.0,0.0,0.0,0.0,0.0,0.0,0.0,0.0,0.0,0.0,0.0,0.0,-0.0,0.0,2.004,0.0,0.0,0.0,0.0,4755.0,-564145296506880.0,7291.0,-0.0,2.718431101732002e+23,-107615360.0,0.0,0.0,0.0,0.0,0.0,77,3.222029330555234e+26,-0.0,0.0,0.0,0.0,0.0,0.0,0.0,0.0,0,0,0,0.0,0.0,0.0,0.0,0.0,0.0,0.0,0.0,0.0,0.0,0.0,0.0,0.0,0.0,0.0,0.0,0,-107875648.0,77,0.0,154,0.0,-0.0,ERR,ERR,ERR,ERR,ERR,ERR,ERR,ERR,ERR,ERR,ERR,ERR,ERR,ERR,ERR,ERR,ERR,ERR,ERR,ERR,ERR,ERR,ERR,ERR,ERR,ERR,ERR,ERR,ERR,ERR,ERR,ERR,ERR,ERR,ERR,ERR,ERR,ERR,ERR,ERR,ERR,ERR,ERR,ERR,ERR,ERR,ERR,ERR,ERR,ERR,ERR,ERR,ERR,ERR,ERR,ERR,ERR,ERR,ERR,ERR,ERR,ERR,ERR,ERR,ERR,ERR,ERR,34.0,80.0,35,0.0,0.0,0.0,0.0,0.0,0.0,0.0,0.0,0.0,0.0,0.0,0.0,0.0,0.0,0.0,0.0,65.6,0,120,58,54,65476,0,300,0,0,8,20529,65476,0,0,57672,80.0,0.0,0.0,0.0,0.0,0.0
2026-06-18T02:28:03,ERR,ERR,ERR,ERR,ERR,ERR,ERR,ERR,ERR,ERR,ERR,ERR,ERR,ERR,ERR,ERR,ERR,ERR,ERR,ERR,ERR,ERR,ERR,ERR,ERR,ERR,ERR,ERR,ERR,ERR,ERR,ERR,ERR,ERR,ERR,ERR,ERR,ERR,ERR,ERR,ERR,ERR,ERR,ERR,ERR,ERR,ERR,ERR,ERR,ERR,ERR,ERR,ERR,ERR,ERR,ERR,ERR,ERR,ERR,ERR,ERR,ERR,ERR,ERR,ERR,ERR,ERR,ERR,ERR,ERR,ERR,ERR,ERR,ERR,ERR,ERR,ERR,ERR,ERR,ERR,ERR,ERR,ERR,ERR,ERR,ERR,ERR,ERR,ERR,ERR,ERR,ERR,ERR,ERR,ERR,ERR,ERR,ERR,ERR,ERR,ERR,ERR,ERR,ERR,ERR,ERR,ERR,ERR,ERR,ERR,ERR,ERR,ERR,ERR,ERR,ERR,ERR,ERR,ERR,ERR,ERR,ERR,ERR,ERR,ERR,-0.0,2.718431101732002e+23,-0.0,-107609184.0,0.0,1.3936040501711995e+18,7.805,0.0,0,0,4,48927,6720,14723890282496.0,100,0.0,0.0,0.0,-152005385388032.0,0.0,0,0,0,0,0.0,0,0,0,0,0,0,0,0,0,0,0,0,0,0,0,0,0,0,0,0,0,0,0,0,0,0,0,0,0,0,0,0,0,26,51,50,76,65476,0,300,0,0,8,21553,0.0,-107605600.0,0.0,0.0,0.0,0.0,0.0,0.0,0.0,0.0,0.0,0.0,0.0,0.0,0.0,0.0,0.0,0.0,0.0,0.0,0.0,0.0,0.0,-0.0,0.0,2.004,0.0,0.0,0.0,0.0,4755.0,-564145296506880.0,7291.0,-0.0,2.718431101732002e+23,-107615360.0,0.0,0.0,0.0,0.0,0.0,77,3.222029330555234e+26,-0.0,0.0,0.0,0.0,0.0,0.0,0.0,0.0,0,0,0,0.0,0.0,0.0,0.0,0.0,0.0,0.0,0.0,0.0,0.0,0.0,0.0,0.0,0.0,0.0,0.0,0,-107875648.0,77,0.0,154,0.0,-0.0,ERR,ERR,ERR,ERR,ERR,ERR,ERR,ERR,ERR,ERR,ERR,ERR,ERR,ERR,ERR,ERR,ERR,ERR,ERR,ERR,ERR,ERR,ERR,ERR,ERR,ERR,ERR,ERR,ERR,ERR,ERR,ERR,ERR,ERR,ERR,ERR,ERR,ERR,ERR,ERR,ERR,ERR,ERR,ERR,ERR,ERR,ERR,ERR,ERR,ERR,ERR,ERR,ERR,ERR,ERR,ERR,ERR,ERR,ERR,ERR,ERR,ERR,ERR,ERR,ERR,ERR,ERR,34.0,80.0,35,0.0,0.0,0.0,0.0,0.0,0.0,0.0,0.0,0.0,0.0,0.0,0.0,0.0,0.0,0.0,0.0,65.6,0,120,58,54,65476,0,300,0,0,8,20529,65476,0,0,57672,80.0,0.0,0.0,0.0,0.0,0.0
2026-06-18T02:28:04,ERR,ERR,ERR,ERR,ERR,ERR,ERR,ERR,ERR,ERR,ERR,ERR,ERR,ERR,ERR,ERR,ERR,ERR,ERR,ERR,ERR,ERR,ERR,ERR,ERR,ERR,ERR,ERR,ERR,ERR,ERR,ERR,ERR,ERR,ERR,ERR,ERR,ERR,ERR,ERR,ERR,ERR,ERR,ERR,ERR,ERR,ERR,ERR,ERR,ERR,ERR,ERR,ERR,ERR,ERR,ERR,ERR,ERR,ERR,ERR,ERR,ERR,ERR,ERR,ERR,ERR,ERR,ERR,ERR,ERR,ERR,ERR,ERR,ERR,ERR,ERR,ERR,ERR,ERR,ERR,ERR,ERR,ERR,ERR,ERR,ERR,ERR,ERR,ERR,ERR,ERR,ERR,ERR,ERR,ERR,ERR,ERR,ERR,ERR,ERR,ERR,ERR,ERR,ERR,ERR,ERR,ERR,ERR,ERR,ERR,ERR,ERR,ERR,ERR,ERR,ERR,ERR,ERR,ERR,ERR,ERR,ERR,ERR,ERR,ERR,-0.0,2.718431101732002e+23,-0.0,-107609184.0,0.0,1.3936040501711995e+18,7.805,0.0,0,0,4,48927,6720,14723890282496.0,100,0.0,0.0,0.0,-152005385388032.0,0.0,0,0,0,0,0.0,0,0,0,0,0,0,0,0,0,0,0,0,0,0,0,0,0,0,0,0,0,0,0,0,0,0,0,0,0,0,0,0,0,26,51,50,76,65476,0,300,0,0,8,21553,0.0,-107605600.0,0.0,0.0,0.0,0.0,0.0,0.0,0.0,0.0,0.0,0.0,0.0,0.0,0.0,0.0,0.0,0.0,0.0,0.0,0.0,0.0,0.0,-0.0,0.0,2.004,0.0,0.0,0.0,0.0,4755.0,-564145296506880.0,7291.0,-0.0,2.718431101732002e+23,-107615360.0,0.0,0.0,0.0,0.0,0.0,77,3.222029330555234e+26,-0.0,0.0,0.0,0.0,0.0,0.0,0.0,0.0,0,0,0,0.0,0.0,0.0,0.0,0.0,0.0,0.0,0.0,0.0,0.0,0.0,0.0,0.0,0.0,0.0,0.0,0,-107875648.0,77,0.0,154,0.0,-0.0,ERR,ERR,ERR,ERR,ERR,ERR,ERR,ERR,ERR,ERR,ERR,ERR,ERR,ERR,ERR,ERR,ERR,ERR,ERR,ERR,ERR,ERR,ERR,ERR,ERR,ERR,ERR,ERR,ERR,ERR,ERR,ERR,ERR,ERR,ERR,ERR,ERR,ERR,ERR,ERR,ERR,ERR,ERR,ERR,ERR,ERR,ERR,ERR,ERR,ERR,ERR,ERR,ERR,ERR,ERR,ERR,ERR,ERR,ERR,ERR,ERR,ERR,ERR,ERR,ERR,ERR,ERR,34.0,80.0,35,0.0,0.0,0.0,0.0,0.0,0.0,0.0,0.0,0.0,0.0,0.0,0.0,0.0,0.0,0.0,0.0,65.6,0,120,58,54,65476,0,300,0,0,8,20529,65476,0,0,57672,80.0,0.0,0.0,0.0,0.0,0.0
2026-06-18T02:28:05,ERR,ERR,ERR,ERR,ERR,ERR,ERR,ERR,ERR,ERR,ERR,ERR,ERR,ERR,ERR,ERR,ERR,ERR,ERR,ERR,ERR,ERR,ERR,ERR,ERR,ERR,ERR,ERR,ERR,ERR,ERR,ERR,ERR,ERR,ERR,ERR,ERR,ERR,ERR,ERR,ERR,ERR,ERR,ERR,ERR,ERR,ERR,ERR,ERR,ERR,ERR,ERR,ERR,ERR,ERR,ERR,ERR,ERR,ERR,ERR,ERR,ERR,ERR,ERR,ERR,ERR,ERR,ERR,ERR,ERR,ERR,ERR,ERR,ERR,ERR,ERR,ERR,ERR,ERR,ERR,ERR,ERR,ERR,ERR,ERR,ERR,ERR,ERR,ERR,ERR,ERR,ERR,ERR,ERR,ERR,ERR,ERR,ERR,ERR,ERR,ERR,ERR,ERR,ERR,ERR,ERR,ERR,ERR,ERR,ERR,ERR,ERR,ERR,ERR,ERR,ERR,ERR,ERR,ERR,ERR,ERR,ERR,ERR,ERR,ERR,-0.0,2.718431101732002e+23,-0.0,-107609184.0,0.0,1.3936040501711995e+18,7.805,0.0,0,0,4,48927,6720,14723890282496.0,100,0.0,0.0,0.0,-152005385388032.0,0.0,0,0,0,0,0.0,0,0,0,0,0,0,0,0,0,0,0,0,0,0,0,0,0,0,0,0,0,0,0,0,0,0,0,0,0,0,0,0,0,26,51,50,76,65476,0,300,0,0,8,21553,0.0,-107605600.0,0.0,0.0,0.0,0.0,0.0,0.0,0.0,0.0,0.0,0.0,0.0,0.0,0.0,0.0,0.0,0.0,0.0,0.0,0.0,0.0,0.0,-0.0,0.0,2.004,0.0,0.0,0.0,0.0,4755.0,-564145296506880.0,7291.0,-0.0,2.718431101732002e+23,-107615360.0,0.0,0.0,0.0,0.0,0.0,77,3.222029330555234e+26,-0.0,0.0,0.0,0.0,0.0,0.0,0.0,0.0,0,0,0,0.0,0.0,0.0,0.0,0.0,0.0,0.0,0.0,0.0,0.0,0.0,0.0,0.0,0.0,0.0,0.0,0,-107875648.0,77,0.0,154,0.0,-0.0,ERR,ERR,ERR,ERR,ERR,ERR,ERR,ERR,ERR,ERR,ERR,ERR,ERR,ERR,ERR,ERR,ERR,ERR,ERR,ERR,ERR,ERR,ERR,ERR,ERR,ERR,ERR,ERR,ERR,ERR,ERR,ERR,ERR,ERR,ERR,ERR,ERR,ERR,ERR,ERR,ERR,ERR,ERR,ERR,ERR,ERR,ERR,ERR,ERR,ERR,ERR,ERR,ERR,ERR,ERR,ERR,ERR,ERR,ERR,ERR,ERR,ERR,ERR,ERR,ERR,ERR,ERR,34.0,80.0,35,0.0,0.0,0.0,0.0,0.0,0.0,0.0,0.0,0.0,0.0,0.0,0.0,0.0,0.0,0.0,0.0,66.0,0,120,58,54,65476,0,300,0,0,8,20529,65476,0,0,57672,80.0,0.0,0.0,0.0,0.0,0.0
2026-06-18T02:28:06,ERR,ERR,ERR,ERR,ERR,ERR,ERR,ERR,ERR,ERR,ERR,ERR,ERR,ERR,ERR,ERR,ERR,ERR,ERR,ERR,ERR,ERR,ERR,ERR,ERR,ERR,ERR,ERR,ERR,ERR,ERR,ERR,ERR,ERR,ERR,ERR,ERR,ERR,ERR,ERR,ERR,ERR,ERR,ERR,ERR,ERR,ERR,ERR,ERR,ERR,ERR,ERR,ERR,ERR,ERR,ERR,ERR,ERR,ERR,ERR,ERR,ERR,ERR,ERR,ERR,ERR,ERR,ERR,ERR,ERR,ERR,ERR,ERR,ERR,ERR,ERR,ERR,ERR,ERR,ERR,ERR,ERR,ERR,ERR,ERR,ERR,ERR,ERR,ERR,ERR,ERR,ERR,ERR,ERR,ERR,ERR,ERR,ERR,ERR,ERR,ERR,ERR,ERR,ERR,ERR,ERR,ERR,ERR,ERR,ERR,ERR,ERR,ERR,ERR,ERR,ERR,ERR,ERR,ERR,ERR,ERR,ERR,ERR,ERR,ERR,-0.0,2.718431101732002e+23,-0.0,-107609184.0,0.0,1.3936040501711995e+18,7.805,0.0,0,0,4,48927,6720,14723890282496.0,100,0.0,0.0,0.0,-152005385388032.0,0.0,0,0,0,0,0.0,0,0,0,0,0,0,0,0,0,0,0,0,0,0,0,0,0,0,0,0,0,0,0,0,0,0,0,0,0,0,0,0,0,26,51,50,76,65476,0,300,0,0,8,21553,0.0,-107605600.0,0.0,0.0,0.0,0.0,0.0,0.0,0.0,0.0,0.0,0.0,0.0,0.0,0.0,0.0,0.0,0.0,0.0,0.0,0.0,0.0,0.0,-0.0,0.0,2.004,0.0,0.0,0.0,0.0,4755.0,-564145296506880.0,7291.0,-0.0,2.718431101732002e+23,-107615360.0,0.0,0.0,0.0,0.0,0.0,77,3.222029330555234e+26,-0.0,0.0,0.0,0.0,0.0,0.0,0.0,0.0,0,0,0,0.0,0.0,0.0,0.0,0.0,0.0,0.0,0.0,0.0,0.0,0.0,0.0,0.0,0.0,0.0,0.0,0,-107875648.0,77,0.0,154,0.0,-0.0,ERR,ERR,ERR,ERR,ERR,ERR,ERR,ERR,ERR,ERR,ERR,ERR,ERR,ERR,ERR,ERR,ERR,ERR,ERR,ERR,ERR,ERR,ERR,ERR,ERR,ERR,ERR,ERR,ERR,ERR,ERR,ERR,ERR,ERR,ERR,ERR,ERR,ERR,ERR,ERR,ERR,ERR,ERR,ERR,ERR,ERR,ERR,ERR,ERR,ERR,ERR,ERR,ERR,ERR,ERR,ERR,ERR,ERR,ERR,ERR,ERR,ERR,ERR,ERR,ERR,ERR,ERR,34.0,80.0,35,0.0,0.0,0.0,0.0,0.0,0.0,0.0,0.0,0.0,0.0,0.0,0.0,0.0,0.0,0.0,0.0,66.0,0,120,58,54,65476,0,300,0,0,8,20529,65476,0,0,57672,80.0,0.0,0.0,0.0,0.0,0.0
2026-06-18T02:28:07,ERR,ERR,ERR,ERR,ERR,ERR,ERR,ERR,ERR,ERR,ERR,ERR,ERR,ERR,ERR,ERR,ERR,ERR,ERR,ERR,ERR,ERR,ERR,ERR,ERR,ERR,ERR,ERR,ERR,ERR,ERR,ERR,ERR,ERR,ERR,ERR,ERR,ERR,ERR,ERR,ERR,ERR,ERR,ERR,ERR,ERR,ERR,ERR,ERR,ERR,ERR,ERR,ERR,ERR,ERR,ERR,ERR,ERR,ERR,ERR,ERR,ERR,ERR,ERR,ERR,ERR,ERR,ERR,ERR,ERR,ERR,ERR,ERR,ERR,ERR,ERR,ERR,ERR,ERR,ERR,ERR,ERR,ERR,ERR,ERR,ERR,ERR,ERR,ERR,ERR,ERR,ERR,ERR,ERR,ERR,ERR,ERR,ERR,ERR,ERR,ERR,ERR,ERR,ERR,ERR,ERR,ERR,ERR,ERR,ERR,ERR,ERR,ERR,ERR,ERR,ERR,ERR,ERR,ERR,ERR,ERR,ERR,ERR,ERR,ERR,-0.0,2.718431101732002e+23,-0.0,-152005385388032.0,-0.0,1.3936040501711995e+18,7.805,-2306705457152.0,0,0,4,48932,6720,14723890282496.0,100,0.0,0.0,0.0,-152005385388032.0,0.0,0,0,0,0,0.0,0,0,0,0,0,0,0,0,0,0,0,0,0,0,0,0,0,0,0,0,0,0,0,0,0,0,0,0,0,0,0,0,0,26,51,50,76,65476,0,300,0,0,8,21553,0.0,-107605600.0,0.0,0.0,0.0,0.0,0.0,0.0,0.0,0.0,0.0,0.0,0.0,0.0,0.0,0.0,0.0,0.0,0.0,0.0,0.0,0.0,0.0,-0.0,0.0,2.004,0.0,0.0,0.0,0.0,4757.0,-131350.312,7289.0,-0.0,2.718431101732002e+23,-107615360.0,0.0,0.0,0.0,0.0,0.0,77,3.222029330555234e+26,5.8480517217512656e+35,0.0,0.0,0.0,0.0,0.0,0.0,0.0,0,0,0,0.0,0.0,0.0,0.0,0.0,0.0,0.0,0.0,0.0,0.0,0.0,0.0,0.0,0.0,0.0,0.0,0,-107875648.0,77,0.0,154,0.0,-0.0,ERR,ERR,ERR,ERR,ERR,ERR,ERR,ERR,ERR,ERR,ERR,ERR,ERR,ERR,ERR,ERR,ERR,ERR,ERR,ERR,ERR,ERR,ERR,ERR,ERR,ERR,ERR,ERR,ERR,ERR,ERR,ERR,ERR,ERR,ERR,ERR,ERR,ERR,ERR,ERR,ERR,ERR,ERR,ERR,ERR,ERR,ERR,ERR,ERR,ERR,ERR,ERR,ERR,ERR,ERR,ERR,ERR,ERR,ERR,ERR,ERR,ERR,ERR,ERR,ERR,ERR,ERR,34.0,80.0,35,0.0,0.0,0.0,0.0,0.0,0.0,0.0,0.0,0.0,0.0,0.0,0.0,0.0,0.0,0.0,0.0,65.6,0,120,58,54,65476,0,300,0,0,8,20529,65476,0,0,57672,80.0,0.0,0.0,0.0,0.0,0.0
2026-06-18T02:28:08,ERR,ERR,ERR,ERR,ERR,ERR,ERR,ERR,ERR,ERR,ERR,ERR,ERR,ERR,ERR,ERR,ERR,ERR,ERR,ERR,ERR,ERR,ERR,ERR,ERR,ERR,ERR,ERR,ERR,ERR,ERR,ERR,ERR,ERR,ERR,ERR,ERR,ERR,ERR,ERR,ERR,ERR,ERR,ERR,ERR,ERR,ERR,ERR,ERR,ERR,ERR,ERR,ERR,ERR,ERR,ERR,ERR,ERR,ERR,ERR,ERR,ERR,ERR,ERR,ERR,ERR,ERR,ERR,ERR,ERR,ERR,ERR,ERR,ERR,ERR,ERR,ERR,ERR,ERR,ERR,ERR,ERR,ERR,ERR,ERR,ERR,ERR,ERR,ERR,ERR,ERR,ERR,ERR,ERR,ERR,ERR,ERR,ERR,ERR,ERR,ERR,ERR,ERR,ERR,ERR,ERR,ERR,ERR,ERR,ERR,ERR,ERR,ERR,ERR,ERR,ERR,ERR,ERR,ERR,ERR,ERR,ERR,ERR,ERR,ERR,-0.0,2.718431101732002e+23,-0.0,-152005385388032.0,-0.0,1.3936040501711995e+18,7.805,-2306705457152.0,0,0,4,48932,6720,14723890282496.0,100,0.0,0.0,0.0,-152005385388032.0,0.0,0,0,0,0,0.0,0,0,0,0,0,0,0,0,0,0,0,0,0,0,0,0,0,0,0,0,0,0,0,0,0,0,0,0,0,0,0,0,0,26,51,50,76,65476,0,300,0,0,8,21553,0.0,-107605600.0,0.0,0.0,0.0,0.0,0.0,0.0,0.0,0.0,0.0,0.0,0.0,0.0,0.0,0.0,0.0,0.0,0.0,0.0,0.0,0.0,0.0,-0.0,0.0,2.004,0.0,0.0,0.0,0.0,4757.0,-131350.312,7289.0,-0.0,2.718431101732002e+23,-107615360.0,0.0,0.0,0.0,0.0,0.0,77,3.222029330555234e+26,5.8480517217512656e+35,0.0,0.0,0.0,0.0,0.0,0.0,0.0,0,0,0,0.0,0.0,0.0,0.0,0.0,0.0,0.0,0.0,0.0,0.0,0.0,0.0,0.0,0.0,0.0,0.0,0,-107875648.0,77,0.0,154,0.0,-0.0,ERR,ERR,ERR,ERR,ERR,ERR,ERR,ERR,ERR,ERR,ERR,ERR,ERR,ERR,ERR,ERR,ERR,ERR,ERR,ERR,ERR,ERR,ERR,ERR,ERR,ERR,ERR,ERR,ERR,ERR,ERR,ERR,ERR,ERR,ERR,ERR,ERR,ERR,ERR,ERR,ERR,ERR,ERR,ERR,ERR,ERR,ERR,ERR,ERR,ERR,ERR,ERR,ERR,ERR,ERR,ERR,ERR,ERR,ERR,ERR,ERR,ERR,ERR,ERR,ERR,ERR,ERR,34.0,80.0,35,0.0,0.0,0.0,0.0,0.0,0.0,0.0,0.0,0.0,0.0,0.0,0.0,0.0,0.0,0.0,0.0,65.6,0,120,58,54,65476,0,300,0,0,8,20529,65476,0,0,57672,80.0,0.0,0.0,0.0,0.0,0.0
2026-06-18T02:28:09,ERR,ERR,ERR,ERR,ERR,ERR,ERR,ERR,ERR,ERR,ERR,ERR,ERR,ERR,ERR,ERR,ERR,ERR,ERR,ERR,ERR,ERR,ERR,ERR,ERR,ERR,ERR,ERR,ERR,ERR,ERR,ERR,ERR,ERR,ERR,ERR,ERR,ERR,ERR,ERR,ERR,ERR,ERR,ERR,ERR,ERR,ERR,ERR,ERR,ERR,ERR,ERR,ERR,ERR,ERR,ERR,ERR,ERR,ERR,ERR,ERR,ERR,ERR,ERR,ERR,ERR,ERR,ERR,ERR,ERR,ERR,ERR,ERR,ERR,ERR,ERR,ERR,ERR,ERR,ERR,ERR,ERR,ERR,ERR,ERR,ERR,ERR,ERR,ERR,ERR,ERR,ERR,ERR,ERR,ERR,ERR,ERR,ERR,ERR,ERR,ERR,ERR,ERR,ERR,ERR,ERR,ERR,ERR,ERR,ERR,ERR,ERR,ERR,ERR,ERR,ERR,ERR,ERR,ERR,ERR,ERR,ERR,ERR,ERR,ERR,-0.0,2.718431101732002e+23,-0.0,-152005385388032.0,-0.0,1.3936040501711995e+18,7.805,-2306705457152.0,0,0,4,48932,6720,14723890282496.0,100,0.0,0.0,0.0,-152005385388032.0,0.0,0,0,0,0,0.0,0,0,0,0,0,0,0,0,0,0,0,0,0,0,0,0,0,0,0,0,0,0,0,0,0,0,0,0,0,0,0,0,0,26,51,50,76,65476,0,300,0,0,8,21553,0.0,-107605600.0,0.0,0.0,0.0,0.0,0.0,0.0,0.0,0.0,0.0,0.0,0.0,0.0,0.0,0.0,0.0,0.0,0.0,0.0,0.0,0.0,0.0,-0.0,0.0,2.004,0.0,0.0,0.0,0.0,4757.0,-131350.312,7289.0,-0.0,2.718431101732002e+23,-107615360.0,0.0,0.0,0.0,0.0,0.0,77,3.222029330555234e+26,5.8480517217512656e+35,0.0,0.0,0.0,0.0,0.0,0.0,0.0,0,0,0,0.0,0.0,0.0,0.0,0.0,0.0,0.0,0.0,0.0,0.0,0.0,0.0,0.0,0.0,0.0,0.0,0,-107875648.0,77,0.0,154,0.0,-0.0,ERR,ERR,ERR,ERR,ERR,ERR,ERR,ERR,ERR,ERR,ERR,ERR,ERR,ERR,ERR,ERR,ERR,ERR,ERR,ERR,ERR,ERR,ERR,ERR,ERR,ERR,ERR,ERR,ERR,ERR,ERR,ERR,ERR,ERR,ERR,ERR,ERR,ERR,ERR,ERR,ERR,ERR,ERR,ERR,ERR,ERR,ERR,ERR,ERR,ERR,ERR,ERR,ERR,ERR,ERR,ERR,ERR,ERR,ERR,ERR,ERR,ERR,ERR,ERR,ERR,ERR,ERR,34.0,80.0,35,0.0,0.0,0.0,0.0,0.0,0.0,0.0,0.0,0.0,0.0,0.0,0.0,0.0,0.0,0.0,0.0,66.4,0,120,58,54,65476,0,300,0,0,8,20529,65476,0,0,57672,80.0,0.0,0.0,0.0,0.0,0.0
2026-06-18T02:28:10,ERR,ERR,ERR,ERR,ERR,ERR,ERR,ERR,ERR,ERR,ERR,ERR,ERR,ERR,ERR,ERR,ERR,ERR,ERR,ERR,ERR,ERR,ERR,ERR,ERR,ERR,ERR,ERR,ERR,ERR,ERR,ERR,ERR,ERR,ERR,ERR,ERR,ERR,ERR,ERR,ERR,ERR,ERR,ERR,ERR,ERR,ERR,ERR,ERR,ERR,ERR,ERR,ERR,ERR,ERR,ERR,ERR,ERR,ERR,ERR,ERR,ERR,ERR,ERR,ERR,ERR,ERR,ERR,ERR,ERR,ERR,ERR,ERR,ERR,ERR,ERR,ERR,ERR,ERR,ERR,ERR,ERR,ERR,ERR,ERR,ERR,ERR,ERR,ERR,ERR,ERR,ERR,ERR,ERR,ERR,ERR,ERR,ERR,ERR,ERR,ERR,ERR,ERR,ERR,ERR,ERR,ERR,ERR,ERR,ERR,ERR,ERR,ERR,ERR,ERR,ERR,ERR,ERR,ERR,ERR,ERR,ERR,ERR,ERR,ERR,-0.0,2.718431101732002e+23,-0.0,-152005385388032.0,-0.0,1.3936040501711995e+18,7.805,-2306705457152.0,0,0,4,48932,6720,14723890282496.0,100,0.0,0.0,0.0,-152005385388032.0,0.0,0,0,0,0,0.0,0,0,0,0,0,0,0,0,0,0,0,0,0,0,0,0,0,0,0,0,0,0,0,0,0,0,0,0,0,0,0,0,0,26,51,50,76,65476,0,300,0,0,8,21553,0.0,-107605600.0,0.0,0.0,0.0,0.0,0.0,0.0,0.0,0.0,0.0,0.0,0.0,0.0,0.0,0.0,0.0,0.0,0.0,0.0,0.0,0.0,0.0,-0.0,0.0,2.004,0.0,0.0,0.0,0.0,4757.0,-131350.312,7289.0,-0.0,2.718431101732002e+23,-107615360.0,0.0,0.0,0.0,0.0,0.0,77,3.222029330555234e+26,5.8480517217512656e+35,0.0,0.0,0.0,0.0,0.0,0.0,0.0,0,0,0,0.0,0.0,0.0,0.0,0.0,0.0,0.0,0.0,0.0,0.0,0.0,0.0,0.0,0.0,0.0,0.0,0,-107875648.0,77,0.0,154,0.0,-0.0,ERR,ERR,ERR,ERR,ERR,ERR,ERR,ERR,ERR,ERR,ERR,ERR,ERR,ERR,ERR,ERR,ERR,ERR,ERR,ERR,ERR,ERR,ERR,ERR,ERR,ERR,ERR,ERR,ERR,ERR,ERR,ERR,ERR,ERR,ERR,ERR,ERR,ERR,ERR,ERR,ERR,ERR,ERR,ERR,ERR,ERR,ERR,ERR,ERR,ERR,ERR,ERR,ERR,ERR,ERR,ERR,ERR,ERR,ERR,ERR,ERR,ERR,ERR,ERR,ERR,ERR,ERR,34.0,80.0,35,0.0,0.0,0.0,0.0,0.0,0.0,0.0,0.0,0.0,0.0,0.0,0.0,0.0,0.0,0.0,0.0,66.4,0,120,58,54,65476,0,300,0,0,8,20529,65476,0,0,57672,80.0,0.0,0.0,0.0,0.0,0.0
2026-06-18T02:28:11,ERR,ERR,ERR,ERR,ERR,ERR,ERR,ERR,ERR,ERR,ERR,ERR,ERR,ERR,ERR,ERR,ERR,ERR,ERR,ERR,ERR,ERR,ERR,ERR,ERR,ERR,ERR,ERR,ERR,ERR,ERR,ERR,ERR,ERR,ERR,ERR,ERR,ERR,ERR,ERR,ERR,ERR,ERR,ERR,ERR,ERR,ERR,ERR,ERR,ERR,ERR,ERR,ERR,ERR,ERR,ERR,ERR,ERR,ERR,ERR,ERR,ERR,ERR,ERR,ERR,ERR,ERR,ERR,ERR,ERR,ERR,ERR,ERR,ERR,ERR,ERR,ERR,ERR,ERR,ERR,ERR,ERR,ERR,ERR,ERR,ERR,ERR,ERR,ERR,ERR,ERR,ERR,ERR,ERR,ERR,ERR,ERR,ERR,ERR,ERR,ERR,ERR,ERR,ERR,ERR,ERR,ERR,ERR,ERR,ERR,ERR,ERR,ERR,ERR,ERR,ERR,ERR,ERR,ERR,ERR,ERR,ERR,ERR,ERR,ERR,-0.0,2.718431101732002e+23,-0.0,-152005385388032.0,-0.0,1.3936040501711995e+18,7.805,-2306705457152.0,0,0,4,48932,6720,14723890282496.0,100,0.0,0.0,0.0,-152005385388032.0,0.0,0,0,0,0,0.0,0,0,0,0,0,0,0,0,0,0,0,0,0,0,0,0,0,0,0,0,0,0,0,0,0,0,0,0,0,0,0,0,0,26,51,50,76,65476,0,300,0,0,8,21553,0.0,-107605600.0,0.0,0.0,0.0,0.0,0.0,0.0,0.0,0.0,0.0,0.0,0.0,0.0,0.0,0.0,0.0,0.0,0.0,0.0,0.0,0.0,0.0,-0.0,0.0,2.004,0.0,0.0,0.0,0.0,4757.0,-131350.312,7289.0,-0.0,2.718431101732002e+23,-107615360.0,0.0,0.0,0.0,0.0,0.0,77,3.222029330555234e+26,5.8480517217512656e+35,0.0,0.0,0.0,0.0,0.0,0.0,0.0,0,0,0,0.0,0.0,0.0,0.0,0.0,0.0,0.0,0.0,0.0,0.0,0.0,0.0,0.0,0.0,0.0,0.0,0,-107875648.0,77,0.0,154,0.0,-0.0,ERR,ERR,ERR,ERR,ERR,ERR,ERR,ERR,ERR,ERR,ERR,ERR,ERR,ERR,ERR,ERR,ERR,ERR,ERR,ERR,ERR,ERR,ERR,ERR,ERR,ERR,ERR,ERR,ERR,ERR,ERR,ERR,ERR,ERR,ERR,ERR,ERR,ERR,ERR,ERR,ERR,ERR,ERR,ERR,ERR,ERR,ERR,ERR,ERR,ERR,ERR,ERR,ERR,ERR,ERR,ERR,ERR,ERR,ERR,ERR,ERR,ERR,ERR,ERR,ERR,ERR,ERR,34.0,80.0,35,0.0,0.0,0.0,0.0,0.0,0.0,0.0,0.0,0.0,0.0,0.0,0.0,0.0,0.0,0.0,0.0,66.0,0,120,58,54,65476,0,300,0,0,8,20529,65476,0,0,57672,80.0,0.0,0.0,0.0,0.0,0.0
2026-06-18T02:28:12,ERR,ERR,ERR,ERR,ERR,ERR,ERR,ERR,ERR,ERR,ERR,ERR,ERR,ERR,ERR,ERR,ERR,ERR,ERR,ERR,ERR,ERR,ERR,ERR,ERR,ERR,ERR,ERR,ERR,ERR,ERR,ERR,ERR,ERR,ERR,ERR,ERR,ERR,ERR,ERR,ERR,ERR,ERR,ERR,ERR,ERR,ERR,ERR,ERR,ERR,ERR,ERR,ERR,ERR,ERR,ERR,ERR,ERR,ERR,ERR,ERR,ERR,ERR,ERR,ERR,ERR,ERR,ERR,ERR,ERR,ERR,ERR,ERR,ERR,ERR,ERR,ERR,ERR,ERR,ERR,ERR,ERR,ERR,ERR,ERR,ERR,ERR,ERR,ERR,ERR,ERR,ERR,ERR,ERR,ERR,ERR,ERR,ERR,ERR,ERR,ERR,ERR,ERR,ERR,ERR,ERR,ERR,ERR,ERR,ERR,ERR,ERR,ERR,ERR,ERR,ERR,ERR,ERR,ERR,ERR,ERR,ERR,ERR,ERR,ERR,-0.0,2.718431101732002e+23,-0.0,-4.9501291711397626e+32,-0.0,1.3936040501711995e+18,7.805,-0.0,0,0,4,48927,6720,14723890282496.0,100,0.0,0.0,0.0,-0.0,0.0,0,0,0,0,0.0,0,0,0,0,0,0,0,0,0,0,0,0,0,0,0,0,0,0,0,0,0,0,0,0,0,0,0,0,0,0,0,0,0,26,51,50,76,65476,0,300,0,0,8,21553,0.0,-107605600.0,0.0,0.0,0.0,0.0,0.0,0.0,0.0,0.0,0.0,0.0,0.0,0.0,0.0,0.0,0.0,0.0,0.0,0.0,0.0,0.0,0.0,-0.0,0.0,2.004,0.0,0.0,0.0,0.0,4757.0,-564145296506880.0,7291.0,-0.0,2.718431101732002e+23,-107615360.0,0.0,0.0,0.0,0.0,0.0,77,3.222029330555234e+26,-0.0,0.0,0.0,0.0,0.0,0.0,0.0,0.0,0,0,0,0.0,0.0,0.0,0.0,0.0,0.0,0.0,0.0,0.0,0.0,0.0,0.0,0.0,0.0,0.0,0.0,0,-107875648.0,77,0.0,154,0.0,-0.0,ERR,ERR,ERR,ERR,ERR,ERR,ERR,ERR,ERR,ERR,ERR,ERR,ERR,ERR,ERR,ERR,ERR,ERR,ERR,ERR,ERR,ERR,ERR,ERR,ERR,ERR,ERR,ERR,ERR,ERR,ERR,ERR,ERR,ERR,ERR,ERR,ERR,ERR,ERR,ERR,ERR,ERR,ERR,ERR,ERR,ERR,ERR,ERR,ERR,ERR,ERR,ERR,ERR,ERR,ERR,ERR,ERR,ERR,ERR,ERR,ERR,ERR,ERR,ERR,ERR,ERR,ERR,34.0,80.0,35,0.0,0.0,0.0,0.0,0.0,0.0,0.0,0.0,0.0,0.0,0.0,0.0,0.0,0.0,0.0,0.0,66.4,0,120,58,54,65476,0,300,0,0,8,20529,65476,0,0,57672,80.0,0.0,0.0,0.0,0.0,0.0
2026-06-18T02:28:13,ERR,ERR,ERR,ERR,ERR,ERR,ERR,ERR,ERR,ERR,ERR,ERR,ERR,ERR,ERR,ERR,ERR,ERR,ERR,ERR,ERR,ERR,ERR,ERR,ERR,ERR,ERR,ERR,ERR,ERR,ERR,ERR,ERR,ERR,ERR,ERR,ERR,ERR,ERR,ERR,ERR,ERR,ERR,ERR,ERR,ERR,ERR,ERR,ERR,ERR,ERR,ERR,ERR,ERR,ERR,ERR,ERR,ERR,ERR,ERR,ERR,ERR,ERR,ERR,ERR,ERR,ERR,ERR,ERR,ERR,ERR,ERR,ERR,ERR,ERR,ERR,ERR,ERR,ERR,ERR,ERR,ERR,ERR,ERR,ERR,ERR,ERR,ERR,ERR,ERR,ERR,ERR,ERR,ERR,ERR,ERR,ERR,ERR,ERR,ERR,ERR,ERR,ERR,ERR,ERR,ERR,ERR,ERR,ERR,ERR,ERR,ERR,ERR,ERR,ERR,ERR,ERR,ERR,ERR,ERR,ERR,ERR,ERR,ERR,ERR,-0.0,2.718431101732002e+23,-0.0,-4.9501291711397626e+32,-0.0,1.3936040501711995e+18,7.805,-0.0,0,0,4,48927,6720,14723890282496.0,100,0.0,0.0,0.0,-0.0,0.0,0,0,0,0,0.0,0,0,0,0,0,0,0,0,0,0,0,0,0,0,0,0,0,0,0,0,0,0,0,0,0,0,0,0,0,0,0,0,0,26,51,50,76,65476,0,300,0,0,8,21553,0.0,-107605600.0,0.0,0.0,0.0,0.0,0.0,0.0,0.0,0.0,0.0,0.0,0.0,0.0,0.0,0.0,0.0,0.0,0.0,0.0,0.0,0.0,0.0,-0.0,0.0,2.004,0.0,0.0,0.0,0.0,4757.0,-564145296506880.0,7291.0,-0.0,2.718431101732002e+23,-107615360.0,0.0,0.0,0.0,0.0,0.0,77,3.222029330555234e+26,-0.0,0.0,0.0,0.0,0.0,0.0,0.0,0.0,0,0,0,0.0,0.0,0.0,0.0,0.0,0.0,0.0,0.0,0.0,0.0,0.0,0.0,0.0,0.0,0.0,0.0,0,-107875648.0,77,0.0,154,0.0,-0.0,ERR,ERR,ERR,ERR,ERR,ERR,ERR,ERR,ERR,ERR,ERR,ERR,ERR,ERR,ERR,ERR,ERR,ERR,ERR,ERR,ERR,ERR,ERR,ERR,ERR,ERR,ERR,ERR,ERR,ERR,ERR,ERR,ERR,ERR,ERR,ERR,ERR,ERR,ERR,ERR,ERR,ERR,ERR,ERR,ERR,ERR,ERR,ERR,ERR,ERR,ERR,ERR,ERR,ERR,ERR,ERR,ERR,ERR,ERR,ERR,ERR,ERR,ERR,ERR,ERR,ERR,ERR,34.0,80.0,35,0.0,0.0,0.0,0.0,0.0,0.0,0.0,0.0,0.0,0.0,0.0,0.0,0.0,0.0,0.0,0.0,66.4,0,120,58,54,65476,0,300,0,0,8,20529,65476,0,0,57672,80.0,0.0,0.0,0.0,0.0,0.0
2026-06-18T02:28:14,ERR,ERR,ERR,ERR,ERR,ERR,ERR,ERR,ERR,ERR,ERR,ERR,ERR,ERR,ERR,ERR,ERR,ERR,ERR,ERR,ERR,ERR,ERR,ERR,ERR,ERR,ERR,ERR,ERR,ERR,ERR,ERR,ERR,ERR,ERR,ERR,ERR,ERR,ERR,ERR,ERR,ERR,ERR,ERR,ERR,ERR,ERR,ERR,ERR,ERR,ERR,ERR,ERR,ERR,ERR,ERR,ERR,ERR,ERR,ERR,ERR,ERR,ERR,ERR,ERR,ERR,ERR,ERR,ERR,ERR,ERR,ERR,ERR,ERR,ERR,ERR,ERR,ERR,ERR,ERR,ERR,ERR,ERR,ERR,ERR,ERR,ERR,ERR,ERR,ERR,ERR,ERR,ERR,ERR,ERR,ERR,ERR,ERR,ERR,ERR,ERR,ERR,ERR,ERR,ERR,ERR,ERR,ERR,ERR,ERR,ERR,ERR,ERR,ERR,ERR,ERR,ERR,ERR,ERR,ERR,ERR,ERR,ERR,ERR,ERR,-0.0,2.718431101732002e+23,-0.0,-4.9501291711397626e+32,-0.0,1.3936040501711995e+18,7.805,-0.0,0,0,4,48927,6720,14723890282496.0,100,0.0,0.0,0.0,-0.0,0.0,0,0,0,0,0.0,0,0,0,0,0,0,0,0,0,0,0,0,0,0,0,0,0,0,0,0,0,0,0,0,0,0,0,0,0,0,0,0,0,26,51,50,76,65476,0,300,0,0,8,21553,0.0,-107605600.0,0.0,0.0,0.0,0.0,0.0,0.0,0.0,0.0,0.0,0.0,0.0,0.0,0.0,0.0,0.0,0.0,0.0,0.0,0.0,0.0,0.0,-0.0,0.0,2.004,0.0,0.0,0.0,0.0,4757.0,-564145296506880.0,7291.0,-0.0,2.718431101732002e+23,-107615360.0,0.0,0.0,0.0,0.0,0.0,77,3.222029330555234e+26,-0.0,0.0,0.0,0.0,0.0,0.0,0.0,0.0,0,0,0,0.0,0.0,0.0,0.0,0.0,0.0,0.0,0.0,0.0,0.0,0.0,0.0,0.0,0.0,0.0,0.0,0,-107875648.0,77,0.0,154,0.0,-0.0,ERR,ERR,ERR,ERR,ERR,ERR,ERR,ERR,ERR,ERR,ERR,ERR,ERR,ERR,ERR,ERR,ERR,ERR,ERR,ERR,ERR,ERR,ERR,ERR,ERR,ERR,ERR,ERR,ERR,ERR,ERR,ERR,ERR,ERR,ERR,ERR,ERR,ERR,ERR,ERR,ERR,ERR,ERR,ERR,ERR,ERR,ERR,ERR,ERR,ERR,ERR,ERR,ERR,ERR,ERR,ERR,ERR,ERR,ERR,ERR,ERR,ERR,ERR,ERR,ERR,ERR,ERR,34.0,80.0,35,0.0,0.0,0.0,0.0,0.0,0.0,0.0,0.0,0.0,0.0,0.0,0.0,0.0,0.0,0.0,0.0,66.4,0,120,58,54,65476,0,300,0,0,8,20529,65476,0,0,57672,80.0,0.0,0.0,0.0,0.0,0.0
2026-06-18T02:28:15,ERR,ERR,ERR,ERR,ERR,ERR,ERR,ERR,ERR,ERR,ERR,ERR,ERR,ERR,ERR,ERR,ERR,ERR,ERR,ERR,ERR,ERR,ERR,ERR,ERR,ERR,ERR,ERR,ERR,ERR,ERR,ERR,ERR,ERR,ERR,ERR,ERR,ERR,ERR,ERR,ERR,ERR,ERR,ERR,ERR,ERR,ERR,ERR,ERR,ERR,ERR,ERR,ERR,ERR,ERR,ERR,ERR,ERR,ERR,ERR,ERR,ERR,ERR,ERR,ERR,ERR,ERR,ERR,ERR,ERR,ERR,ERR,ERR,ERR,ERR,ERR,ERR,ERR,ERR,ERR,ERR,ERR,ERR,ERR,ERR,ERR,ERR,ERR,ERR,ERR,ERR,ERR,ERR,ERR,ERR,ERR,ERR,ERR,ERR,ERR,ERR,ERR,ERR,ERR,ERR,ERR,ERR,ERR,ERR,ERR,ERR,ERR,ERR,ERR,ERR,ERR,ERR,ERR,ERR,ERR,ERR,ERR,ERR,ERR,ERR,-0.0,2.718431101732002e+23,-0.0,-4.9501291711397626e+32,-0.0,1.3936040501711995e+18,7.805,-0.0,0,0,4,48927,6720,14723890282496.0,100,0.0,0.0,0.0,-0.0,0.0,0,0,0,0,0.0,0,0,0,0,0,0,0,0,0,0,0,0,0,0,0,0,0,0,0,0,0,0,0,0,0,0,0,0,0,0,0,0,0,26,51,50,76,65476,0,300,0,0,8,21553,0.0,-107605600.0,0.0,0.0,0.0,0.0,0.0,0.0,0.0,0.0,0.0,0.0,0.0,0.0,0.0,0.0,0.0,0.0,0.0,0.0,0.0,0.0,0.0,-0.0,0.0,2.004,0.0,0.0,0.0,0.0,4757.0,-564145296506880.0,7291.0,-0.0,2.718431101732002e+23,-107615360.0,0.0,0.0,0.0,0.0,0.0,77,3.222029330555234e+26,-0.0,0.0,0.0,0.0,0.0,0.0,0.0,0.0,0,0,0,0.0,0.0,0.0,0.0,0.0,0.0,0.0,0.0,0.0,0.0,0.0,0.0,0.0,0.0,0.0,0.0,0,-107875648.0,77,0.0,154,0.0,-0.0,ERR,ERR,ERR,ERR,ERR,ERR,ERR,ERR,ERR,ERR,ERR,ERR,ERR,ERR,ERR,ERR,ERR,ERR,ERR,ERR,ERR,ERR,ERR,ERR,ERR,ERR,ERR,ERR,ERR,ERR,ERR,ERR,ERR,ERR,ERR,ERR,ERR,ERR,ERR,ERR,ERR,ERR,ERR,ERR,ERR,ERR,ERR,ERR,ERR,ERR,ERR,ERR,ERR,ERR,ERR,ERR,ERR,ERR,ERR,ERR,ERR,ERR,ERR,ERR,ERR,ERR,ERR,34.0,80.0,35,0.0,0.0,0.0,0.0,0.0,0.0,0.0,0.0,0.0,0.0,0.0,0.0,0.0,0.0,0.0,0.0,66.4,0,120,58,54,65476,0,300,0,0,8,20529,65476,0,0,57672,80.0,0.0,0.0,0.0,0.0,0.0
2026-06-18T02:28:16,ERR,ERR,ERR,ERR,ERR,ERR,ERR,ERR,ERR,ERR,ERR,ERR,ERR,ERR,ERR,ERR,ERR,ERR,ERR,ERR,ERR,ERR,ERR,ERR,ERR,ERR,ERR,ERR,ERR,ERR,ERR,ERR,ERR,ERR,ERR,ERR,ERR,ERR,ERR,ERR,ERR,ERR,ERR,ERR,ERR,ERR,ERR,ERR,ERR,ERR,ERR,ERR,ERR,ERR,ERR,ERR,ERR,ERR,ERR,ERR,ERR,ERR,ERR,ERR,ERR,ERR,ERR,ERR,ERR,ERR,ERR,ERR,ERR,ERR,ERR,ERR,ERR,ERR,ERR,ERR,ERR,ERR,ERR,ERR,ERR,ERR,ERR,ERR,ERR,ERR,ERR,ERR,ERR,ERR,ERR,ERR,ERR,ERR,ERR,ERR,ERR,ERR,ERR,ERR,ERR,ERR,ERR,ERR,ERR,ERR,ERR,ERR,ERR,ERR,ERR,ERR,ERR,ERR,ERR,ERR,ERR,ERR,ERR,ERR,ERR,-0.0,2.718431101732002e+23,-0.0,-4.9501291711397626e+32,-0.0,1.3936040501711995e+18,7.805,-0.0,0,0,4,48927,6720,14723890282496.0,100,0.0,0.0,0.0,-0.0,0.0,0,0,0,0,0.0,0,0,0,0,0,0,0,0,0,0,0,0,0,0,0,0,0,0,0,0,0,0,0,0,0,0,0,0,0,0,0,0,0,26,51,50,76,65476,0,300,0,0,8,21553,0.0,-107605600.0,0.0,0.0,0.0,0.0,0.0,0.0,0.0,0.0,0.0,0.0,0.0,0.0,0.0,0.0,0.0,0.0,0.0,0.0,0.0,0.0,0.0,-0.0,0.0,2.004,0.0,0.0,0.0,0.0,4757.0,-564145296506880.0,7291.0,-0.0,2.718431101732002e+23,-107615360.0,0.0,0.0,0.0,0.0,0.0,77,3.222029330555234e+26,-0.0,0.0,0.0,0.0,0.0,0.0,0.0,0.0,0,0,0,0.0,0.0,0.0,0.0,0.0,0.0,0.0,0.0,0.0,0.0,0.0,0.0,0.0,0.0,0.0,0.0,0,-107875648.0,77,0.0,154,0.0,-0.0,ERR,ERR,ERR,ERR,ERR,ERR,ERR,ERR,ERR,ERR,ERR,ERR,ERR,ERR,ERR,ERR,ERR,ERR,ERR,ERR,ERR,ERR,ERR,ERR,ERR,ERR,ERR,ERR,ERR,ERR,ERR,ERR,ERR,ERR,ERR,ERR,ERR,ERR,ERR,ERR,ERR,ERR,ERR,ERR,ERR,ERR,ERR,ERR,ERR,ERR,ERR,ERR,ERR,ERR,ERR,ERR,ERR,ERR,ERR,ERR,ERR,ERR,ERR,ERR,ERR,ERR,ERR,34.0,80.0,35,0.0,0.0,0.0,0.0,0.0,0.0,0.0,0.0,0.0,0.0,0.0,0.0,0.0,0.0,0.0,0.0,65.6,0,120,58,54,65476,0,300,0,0,8,20529,65476,0,0,57672,80.0,0.0,0.0,0.0,0.0,0.0
2026-06-18T02:28:17,ERR,ERR,ERR,ERR,ERR,ERR,ERR,ERR,ERR,ERR,ERR,ERR,ERR,ERR,ERR,ERR,ERR,ERR,ERR,ERR,ERR,ERR,ERR,ERR,ERR,ERR,ERR,ERR,ERR,ERR,ERR,ERR,ERR,ERR,ERR,ERR,ERR,ERR,ERR,ERR,ERR,ERR,ERR,ERR,ERR,ERR,ERR,ERR,ERR,ERR,ERR,ERR,ERR,ERR,ERR,ERR,ERR,ERR,ERR,ERR,ERR,ERR,ERR,ERR,ERR,ERR,ERR,ERR,ERR,ERR,ERR,ERR,ERR,ERR,ERR,ERR,ERR,ERR,ERR,ERR,ERR,ERR,ERR,ERR,ERR,ERR,ERR,ERR,ERR,ERR,ERR,ERR,ERR,ERR,ERR,ERR,ERR,ERR,ERR,ERR,ERR,ERR,ERR,ERR,ERR,ERR,ERR,ERR,ERR,ERR,ERR,ERR,ERR,ERR,ERR,ERR,ERR,ERR,ERR,ERR,ERR,ERR,ERR,ERR,ERR,-0.0,2.718431101732002e+23,-0.0,-4.9501291711397626e+32,-0.0,1.3936040501711995e+18,7.805,-0.0,0,0,4,48927,6720,14723890282496.0,100,0.0,0.0,0.0,-0.0,0.0,0,0,0,0,0.0,0,0,0,0,0,0,0,0,0,0,0,0,0,0,0,0,0,0,0,0,0,0,0,0,0,0,0,0,0,0,0,0,0,26,51,50,76,65476,0,300,0,0,8,21553,0.0,-107605600.0,0.0,0.0,0.0,0.0,0.0,0.0,0.0,0.0,0.0,0.0,0.0,0.0,0.0,0.0,0.0,0.0,0.0,0.0,0.0,0.0,0.0,-0.0,0.0,2.004,0.0,0.0,0.0,0.0,4757.0,-564145296506880.0,7291.0,-0.0,2.718431101732002e+23,-107615360.0,0.0,0.0,0.0,0.0,0.0,77,3.222029330555234e+26,-0.0,0.0,0.0,0.0,0.0,0.0,0.0,0.0,0,0,0,0.0,0.0,0.0,0.0,0.0,0.0,0.0,0.0,0.0,0.0,0.0,0.0,0.0,0.0,0.0,0.0,0,-107875648.0,77,0.0,154,0.0,-0.0,ERR,ERR,ERR,ERR,ERR,ERR,ERR,ERR,ERR,ERR,ERR,ERR,ERR,ERR,ERR,ERR,ERR,ERR,ERR,ERR,ERR,ERR,ERR,ERR,ERR,ERR,ERR,ERR,ERR,ERR,ERR,ERR,ERR,ERR,ERR,ERR,ERR,ERR,ERR,ERR,ERR,ERR,ERR,ERR,ERR,ERR,ERR,ERR,ERR,ERR,ERR,ERR,ERR,ERR,ERR,ERR,ERR,ERR,ERR,ERR,ERR,ERR,ERR,ERR,ERR,ERR,ERR,34.0,80.0,35,0.0,0.0,0.0,0.0,0.0,0.0,0.0,0.0,0.0,0.0,0.0,0.0,0.0,0.0,0.0,0.0,65.6,0,120,58,54,65476,0,300,0,0,8,20529,65476,0,0,57672,80.0,0.0,0.0,0.0,0.0,0.0
2026-06-18T02:28:18,ERR,ERR,ERR,ERR,ERR,ERR,ERR,ERR,ERR,ERR,ERR,ERR,ERR,ERR,ERR,ERR,ERR,ERR,ERR,ERR,ERR,ERR,ERR,ERR,ERR,ERR,ERR,ERR,ERR,ERR,ERR,ERR,ERR,ERR,ERR,ERR,ERR,ERR,ERR,ERR,ERR,ERR,ERR,ERR,ERR,ERR,ERR,ERR,ERR,ERR,ERR,ERR,ERR,ERR,ERR,ERR,ERR,ERR,ERR,ERR,ERR,ERR,ERR,ERR,ERR,ERR,ERR,ERR,ERR,ERR,ERR,ERR,ERR,ERR,ERR,ERR,ERR,ERR,ERR,ERR,ERR,ERR,ERR,ERR,ERR,ERR,ERR,ERR,ERR,ERR,ERR,ERR,ERR,ERR,ERR,ERR,ERR,ERR,ERR,ERR,ERR,ERR,ERR,ERR,ERR,ERR,ERR,ERR,ERR,ERR,ERR,ERR,ERR,ERR,ERR,ERR,ERR,ERR,ERR,ERR,ERR,ERR,ERR,ERR,ERR,-0.0,2.718431101732002e+23,-0.0,-0.0,-0.0,1.3936040501711995e+18,7.805,-0.0,0,0,4,48927,6720,14723890282496.0,100,0.0,0.0,0.0,-0.0,0.0,0,0,0,0,0.0,0,0,0,0,0,0,0,0,0,0,0,0,0,0,0,0,0,0,0,0,0,0,0,0,0,0,0,0,0,0,0,0,0,26,51,50,76,65476,0,300,0,0,8,21553,0.0,-107605600.0,0.0,0.0,0.0,0.0,0.0,0.0,0.0,0.0,0.0,0.0,0.0,0.0,0.0,0.0,0.0,0.0,0.0,0.0,0.0,0.0,0.0,-0.0,0.0,0.0,0.0,0.0,0.0,0.0,4756.0,-131350.312,7289.0,-0.0,2.718431101732002e+23,-107615360.0,0.0,0.0,0.0,0.0,0.0,77,2.7184303811560617e+23,4.0668498801213676e+29,0.0,0.0,0.0,0.0,0.0,0.0,0.0,0,0,0,0.0,0.0,0.0,0.0,0.0,0.0,0.0,0.0,0.0,0.0,0.0,0.0,0.0,0.0,0.0,0.0,0,-107875648.0,77,0.0,154,0.0,-0.0,ERR,ERR,ERR,ERR,ERR,ERR,ERR,ERR,ERR,ERR,ERR,ERR,ERR,ERR,ERR,ERR,ERR,ERR,ERR,ERR,ERR,ERR,ERR,ERR,ERR,ERR,ERR,ERR,ERR,ERR,ERR,ERR,ERR,ERR,ERR,ERR,ERR,ERR,ERR,ERR,ERR,ERR,ERR,ERR,ERR,ERR,ERR,ERR,ERR,ERR,ERR,ERR,ERR,ERR,ERR,ERR,ERR,ERR,ERR,ERR,ERR,ERR,ERR,ERR,ERR,ERR,ERR,34.0,80.0,35,0.0,0.0,0.0,0.0,0.0,0.0,0.0,0.0,0.0,0.0,0.0,0.0,0.0,0.0,0.0,0.0,66.4,0,120,58,54,65476,0,300,0,0,8,20529,65476,0,0,57672,80.0,0.0,0.0,0.0,0.0,0.0
2026-06-18T02:28:19,ERR,ERR,ERR,ERR,ERR,ERR,ERR,ERR,ERR,ERR,ERR,ERR,ERR,ERR,ERR,ERR,ERR,ERR,ERR,ERR,ERR,ERR,ERR,ERR,ERR,ERR,ERR,ERR,ERR,ERR,ERR,ERR,ERR,ERR,ERR,ERR,ERR,ERR,ERR,ERR,ERR,ERR,ERR,ERR,ERR,ERR,ERR,ERR,ERR,ERR,ERR,ERR,ERR,ERR,ERR,ERR,ERR,ERR,ERR,ERR,ERR,ERR,ERR,ERR,ERR,ERR,ERR,ERR,ERR,ERR,ERR,ERR,ERR,ERR,ERR,ERR,ERR,ERR,ERR,ERR,ERR,ERR,ERR,ERR,ERR,ERR,ERR,ERR,ERR,ERR,ERR,ERR,ERR,ERR,ERR,ERR,ERR,ERR,ERR,ERR,ERR,ERR,ERR,ERR,ERR,ERR,ERR,ERR,ERR,ERR,ERR,ERR,ERR,ERR,ERR,ERR,ERR,ERR,ERR,ERR,ERR,ERR,ERR,ERR,ERR,-0.0,2.718431101732002e+23,-0.0,-0.0,-0.0,1.3936040501711995e+18,7.805,-0.0,0,0,4,48927,6720,14723890282496.0,100,0.0,0.0,0.0,-0.0,0.0,0,0,0,0,0.0,0,0,0,0,0,0,0,0,0,0,0,0,0,0,0,0,0,0,0,0,0,0,0,0,0,0,0,0,0,0,0,0,0,26,51,50,76,65476,0,300,0,0,8,21553,0.0,-107605600.0,0.0,0.0,0.0,0.0,0.0,0.0,0.0,0.0,0.0,0.0,0.0,0.0,0.0,0.0,0.0,0.0,0.0,0.0,0.0,0.0,0.0,-0.0,0.0,0.0,0.0,0.0,0.0,0.0,4756.0,-131350.312,7289.0,-0.0,2.718431101732002e+23,-107615360.0,0.0,0.0,0.0,0.0,0.0,77,2.7184303811560617e+23,4.0668498801213676e+29,0.0,0.0,0.0,0.0,0.0,0.0,0.0,0,0,0,0.0,0.0,0.0,0.0,0.0,0.0,0.0,0.0,0.0,0.0,0.0,0.0,0.0,0.0,0.0,0.0,0,-107875648.0,77,0.0,154,0.0,-0.0,ERR,ERR,ERR,ERR,ERR,ERR,ERR,ERR,ERR,ERR,ERR,ERR,ERR,ERR,ERR,ERR,ERR,ERR,ERR,ERR,ERR,ERR,ERR,ERR,ERR,ERR,ERR,ERR,ERR,ERR,ERR,ERR,ERR,ERR,ERR,ERR,ERR,ERR,ERR,ERR,ERR,ERR,ERR,ERR,ERR,ERR,ERR,ERR,ERR,ERR,ERR,ERR,ERR,ERR,ERR,ERR,ERR,ERR,ERR,ERR,ERR,ERR,ERR,ERR,ERR,ERR,ERR,34.0,80.0,35,0.0,0.0,0.0,0.0,0.0,0.0,0.0,0.0,0.0,0.0,0.0,0.0,0.0,0.0,0.0,0.0,66.4,0,120,58,54,65476,0,300,0,0,8,20529,65476,0,0,57672,80.0,0.0,0.0,0.0,0.0,0.0
2026-06-18T02:28:20,ERR,ERR,ERR,ERR,ERR,ERR,ERR,ERR,ERR,ERR,ERR,ERR,ERR,ERR,ERR,ERR,ERR,ERR,ERR,ERR,ERR,ERR,ERR,ERR,ERR,ERR,ERR,ERR,ERR,ERR,ERR,ERR,ERR,ERR,ERR,ERR,ERR,ERR,ERR,ERR,ERR,ERR,ERR,ERR,ERR,ERR,ERR,ERR,ERR,ERR,ERR,ERR,ERR,ERR,ERR,ERR,ERR,ERR,ERR,ERR,ERR,ERR,ERR,ERR,ERR,ERR,ERR,ERR,ERR,ERR,ERR,ERR,ERR,ERR,ERR,ERR,ERR,ERR,ERR,ERR,ERR,ERR,ERR,ERR,ERR,ERR,ERR,ERR,ERR,ERR,ERR,ERR,ERR,ERR,ERR,ERR,ERR,ERR,ERR,ERR,ERR,ERR,ERR,ERR,ERR,ERR,ERR,ERR,ERR,ERR,ERR,ERR,ERR,ERR,ERR,ERR,ERR,ERR,ERR,ERR,ERR,ERR,ERR,ERR,ERR,-0.0,2.718431101732002e+23,-0.0,-0.0,-0.0,1.3936040501711995e+18,7.805,-0.0,0,0,4,48927,6720,14723890282496.0,100,0.0,0.0,0.0,-0.0,0.0,0,0,0,0,0.0,0,0,0,0,0,0,0,0,0,0,0,0,0,0,0,0,0,0,0,0,0,0,0,0,0,0,0,0,0,0,0,0,0,26,51,50,76,65476,0,300,0,0,8,21553,0.0,-107605600.0,0.0,0.0,0.0,0.0,0.0,0.0,0.0,0.0,0.0,0.0,0.0,0.0,0.0,0.0,0.0,0.0,0.0,0.0,0.0,0.0,0.0,-0.0,0.0,0.0,0.0,0.0,0.0,0.0,4756.0,-131350.312,7289.0,-0.0,2.718431101732002e+23,-107615360.0,0.0,0.0,0.0,0.0,0.0,77,2.7184303811560617e+23,4.0668498801213676e+29,0.0,0.0,0.0,0.0,0.0,0.0,0.0,0,0,0,0.0,0.0,0.0,0.0,0.0,0.0,0.0,0.0,0.0,0.0,0.0,0.0,0.0,0.0,0.0,0.0,0,-107875648.0,77,0.0,154,0.0,-0.0,ERR,ERR,ERR,ERR,ERR,ERR,ERR,ERR,ERR,ERR,ERR,ERR,ERR,ERR,ERR,ERR,ERR,ERR,ERR,ERR,ERR,ERR,ERR,ERR,ERR,ERR,ERR,ERR,ERR,ERR,ERR,ERR,ERR,ERR,ERR,ERR,ERR,ERR,ERR,ERR,ERR,ERR,ERR,ERR,ERR,ERR,ERR,ERR,ERR,ERR,ERR,ERR,ERR,ERR,ERR,ERR,ERR,ERR,ERR,ERR,ERR,ERR,ERR,ERR,ERR,ERR,ERR,34.0,80.0,35,0.0,0.0,0.0,0.0,0.0,0.0,0.0,0.0,0.0,0.0,0.0,0.0,0.0,0.0,0.0,0.0,65.6,0,120,58,54,65476,0,300,0,0,8,20529,65476,0,0,57672,80.0,0.0,0.0,0.0,0.0,0.0
2026-06-18T02:28:21,ERR,ERR,ERR,ERR,ERR,ERR,ERR,ERR,ERR,ERR,ERR,ERR,ERR,ERR,ERR,ERR,ERR,ERR,ERR,ERR,ERR,ERR,ERR,ERR,ERR,ERR,ERR,ERR,ERR,ERR,ERR,ERR,ERR,ERR,ERR,ERR,ERR,ERR,ERR,ERR,ERR,ERR,ERR,ERR,ERR,ERR,ERR,ERR,ERR,ERR,ERR,ERR,ERR,ERR,ERR,ERR,ERR,ERR,ERR,ERR,ERR,ERR,ERR,ERR,ERR,ERR,ERR,ERR,ERR,ERR,ERR,ERR,ERR,ERR,ERR,ERR,ERR,ERR,ERR,ERR,ERR,ERR,ERR,ERR,ERR,ERR,ERR,ERR,ERR,ERR,ERR,ERR,ERR,ERR,ERR,ERR,ERR,ERR,ERR,ERR,ERR,ERR,ERR,ERR,ERR,ERR,ERR,ERR,ERR,ERR,ERR,ERR,ERR,ERR,ERR,ERR,ERR,ERR,ERR,ERR,ERR,ERR,ERR,ERR,ERR,-0.0,2.718431101732002e+23,-0.0,-0.0,-0.0,1.3936040501711995e+18,7.805,-0.0,0,0,4,48927,6720,14723890282496.0,100,0.0,0.0,0.0,-0.0,0.0,0,0,0,0,0.0,0,0,0,0,0,0,0,0,0,0,0,0,0,0,0,0,0,0,0,0,0,0,0,0,0,0,0,0,0,0,0,0,0,26,51,50,76,65476,0,300,0,0,8,21553,0.0,-107605600.0,0.0,0.0,0.0,0.0,0.0,0.0,0.0,0.0,0.0,0.0,0.0,0.0,0.0,0.0,0.0,0.0,0.0,0.0,0.0,0.0,0.0,-0.0,0.0,0.0,0.0,0.0,0.0,0.0,4756.0,-131350.312,7289.0,-0.0,2.718431101732002e+23,-107615360.0,0.0,0.0,0.0,0.0,0.0,77,2.7184303811560617e+23,4.0668498801213676e+29,0.0,0.0,0.0,0.0,0.0,0.0,0.0,0,0,0,0.0,0.0,0.0,0.0,0.0,0.0,0.0,0.0,0.0,0.0,0.0,0.0,0.0,0.0,0.0,0.0,0,-107875648.0,77,0.0,154,0.0,-0.0,ERR,ERR,ERR,ERR,ERR,ERR,ERR,ERR,ERR,ERR,ERR,ERR,ERR,ERR,ERR,ERR,ERR,ERR,ERR,ERR,ERR,ERR,ERR,ERR,ERR,ERR,ERR,ERR,ERR,ERR,ERR,ERR,ERR,ERR,ERR,ERR,ERR,ERR,ERR,ERR,ERR,ERR,ERR,ERR,ERR,ERR,ERR,ERR,ERR,ERR,ERR,ERR,ERR,ERR,ERR,ERR,ERR,ERR,ERR,ERR,ERR,ERR,ERR,ERR,ERR,ERR,ERR,34.0,80.0,35,0.0,0.0,0.0,0.0,0.0,0.0,0.0,0.0,0.0,0.0,0.0,0.0,0.0,0.0,0.0,0.0,65.6,0,120,58,54,65476,0,300,0,0,8,20529,65476,0,0,57672,80.0,0.0,0.0,0.0,0.0,0.0
2026-06-18T02:28:22,ERR,ERR,ERR,ERR,ERR,ERR,ERR,ERR,ERR,ERR,ERR,ERR,ERR,ERR,ERR,ERR,ERR,ERR,ERR,ERR,ERR,ERR,ERR,ERR,ERR,ERR,ERR,ERR,ERR,ERR,ERR,ERR,ERR,ERR,ERR,ERR,ERR,ERR,ERR,ERR,ERR,ERR,ERR,ERR,ERR,ERR,ERR,ERR,ERR,ERR,ERR,ERR,ERR,ERR,ERR,ERR,ERR,ERR,ERR,ERR,ERR,ERR,ERR,ERR,ERR,ERR,ERR,ERR,ERR,ERR,ERR,ERR,ERR,ERR,ERR,ERR,ERR,ERR,ERR,ERR,ERR,ERR,ERR,ERR,ERR,ERR,ERR,ERR,ERR,ERR,ERR,ERR,ERR,ERR,ERR,ERR,ERR,ERR,ERR,ERR,ERR,ERR,ERR,ERR,ERR,ERR,ERR,ERR,ERR,ERR,ERR,ERR,ERR,ERR,ERR,ERR,ERR,ERR,ERR,ERR,ERR,ERR,ERR,ERR,ERR,-0.0,2.718431101732002e+23,-0.0,-0.0,-0.0,1.3936040501711995e+18,7.805,-0.0,0,0,4,48927,6720,14723890282496.0,100,0.0,0.0,0.0,-0.0,0.0,0,0,0,0,0.0,0,0,0,0,0,0,0,0,0,0,0,0,0,0,0,0,0,0,0,0,0,0,0,0,0,0,0,0,0,0,0,0,0,26,51,50,76,65476,0,300,0,0,8,21553,0.0,-107605600.0,0.0,0.0,0.0,0.0,0.0,0.0,0.0,0.0,0.0,0.0,0.0,0.0,0.0,0.0,0.0,0.0,0.0,0.0,0.0,0.0,0.0,-0.0,0.0,0.0,0.0,0.0,0.0,0.0,4756.0,-131350.312,7289.0,-0.0,2.718431101732002e+23,-107615360.0,0.0,0.0,0.0,0.0,0.0,77,2.7184303811560617e+23,4.0668498801213676e+29,0.0,0.0,0.0,0.0,0.0,0.0,0.0,0,0,0,0.0,0.0,0.0,0.0,0.0,0.0,0.0,0.0,0.0,0.0,0.0,0.0,0.0,0.0,0.0,0.0,0,-107875648.0,77,0.0,154,0.0,-0.0,ERR,ERR,ERR,ERR,ERR,ERR,ERR,ERR,ERR,ERR,ERR,ERR,ERR,ERR,ERR,ERR,ERR,ERR,ERR,ERR,ERR,ERR,ERR,ERR,ERR,ERR,ERR,ERR,ERR,ERR,ERR,ERR,ERR,ERR,ERR,ERR,ERR,ERR,ERR,ERR,ERR,ERR,ERR,ERR,ERR,ERR,ERR,ERR,ERR,ERR,ERR,ERR,ERR,ERR,ERR,ERR,ERR,ERR,ERR,ERR,ERR,ERR,ERR,ERR,ERR,ERR,ERR,34.0,80.0,35,0.0,0.0,0.0,0.0,0.0,0.0,0.0,0.0,0.0,0.0,0.0,0.0,0.0,0.0,0.0,0.0,66.4,0,120,58,54,65476,0,300,0,0,8,20529,65476,0,0,57672,80.0,0.0,0.0,0.0,0.0,0.0
2026-06-18T02:28:23,ERR,ERR,ERR,ERR,ERR,ERR,ERR,ERR,ERR,ERR,ERR,ERR,ERR,ERR,ERR,ERR,ERR,ERR,ERR,ERR,ERR,ERR,ERR,ERR,ERR,ERR,ERR,ERR,ERR,ERR,ERR,ERR,ERR,ERR,ERR,ERR,ERR,ERR,ERR,ERR,ERR,ERR,ERR,ERR,ERR,ERR,ERR,ERR,ERR,ERR,ERR,ERR,ERR,ERR,ERR,ERR,ERR,ERR,ERR,ERR,ERR,ERR,ERR,ERR,ERR,ERR,ERR,ERR,ERR,ERR,ERR,ERR,ERR,ERR,ERR,ERR,ERR,ERR,ERR,ERR,ERR,ERR,ERR,ERR,ERR,ERR,ERR,ERR,ERR,ERR,ERR,ERR,ERR,ERR,ERR,ERR,ERR,ERR,ERR,ERR,ERR,ERR,ERR,ERR,ERR,ERR,ERR,ERR,ERR,ERR,ERR,ERR,ERR,ERR,ERR,ERR,ERR,ERR,ERR,ERR,ERR,ERR,ERR,ERR,ERR,-0.0,2.718431101732002e+23,-0.0,0.0,0.0,1.3936040501711995e+18,7.805,237259152.0,0,0,4,48927,6720,14723890282496.0,100,0.0,0.0,0.0,-0.0,0.0,0,0,0,0,0.0,0,0,0,0,0,0,0,0,0,0,0,0,0,0,0,0,0,0,0,0,0,0,0,0,0,0,0,0,0,0,0,0,0,26,51,50,76,65476,0,300,0,0,8,21553,0.0,-107605600.0,0.0,0.0,0.0,0.0,0.0,0.0,0.0,0.0,0.0,0.0,0.0,0.0,0.0,0.0,0.0,0.0,0.0,0.0,0.0,0.0,0.0,-0.0,0.0,0.0,0.0,0.0,0.0,0.0,4757.0,-2.4229855986892726e+24,7293.0,-0.0,2.718431101732002e+23,-107615360.0,0.0,0.0,0.0,0.0,0.0,77,3.222029330555234e+26,-0.0,0.0,0.0,0.0,0.0,0.0,0.0,0.0,0,0,0,0.0,0.0,0.0,0.0,0.0,0.0,0.0,0.0,0.0,0.0,0.0,0.0,0.0,0.0,0.0,0.0,0,-107875648.0,77,0.0,154,0.0,-0.0,ERR,ERR,ERR,ERR,ERR,ERR,ERR,ERR,ERR,ERR,ERR,ERR,ERR,ERR,ERR,ERR,ERR,ERR,ERR,ERR,ERR,ERR,ERR,ERR,ERR,ERR,ERR,ERR,ERR,ERR,ERR,ERR,ERR,ERR,ERR,ERR,ERR,ERR,ERR,ERR,ERR,ERR,ERR,ERR,ERR,ERR,ERR,ERR,ERR,ERR,ERR,ERR,ERR,ERR,ERR,ERR,ERR,ERR,ERR,ERR,ERR,ERR,ERR,ERR,ERR,ERR,ERR,34.0,80.0,35,0.0,0.0,0.0,0.0,0.0,0.0,0.0,0.0,0.0,0.0,0.0,0.0,0.0,0.0,0.0,0.0,65.6,0,120,58,54,65476,0,300,0,0,8,20529,65476,0,0,57672,80.0,0.0,0.0,0.0,0.0,0.0
2026-06-18T02:28:24,ERR,ERR,ERR,ERR,ERR,ERR,ERR,ERR,ERR,ERR,ERR,ERR,ERR,ERR,ERR,ERR,ERR,ERR,ERR,ERR,ERR,ERR,ERR,ERR,ERR,ERR,ERR,ERR,ERR,ERR,ERR,ERR,ERR,ERR,ERR,ERR,ERR,ERR,ERR,ERR,ERR,ERR,ERR,ERR,ERR,ERR,ERR,ERR,ERR,ERR,ERR,ERR,ERR,ERR,ERR,ERR,ERR,ERR,ERR,ERR,ERR,ERR,ERR,ERR,ERR,ERR,ERR,ERR,ERR,ERR,ERR,ERR,ERR,ERR,ERR,ERR,ERR,ERR,ERR,ERR,ERR,ERR,ERR,ERR,ERR,ERR,ERR,ERR,ERR,ERR,ERR,ERR,ERR,ERR,ERR,ERR,ERR,ERR,ERR,ERR,ERR,ERR,ERR,ERR,ERR,ERR,ERR,ERR,ERR,ERR,ERR,ERR,ERR,ERR,ERR,ERR,ERR,ERR,ERR,ERR,ERR,ERR,ERR,ERR,ERR,-0.0,2.718431101732002e+23,-0.0,0.0,0.0,1.3936040501711995e+18,7.805,237259152.0,0,0,4,48927,6720,14723890282496.0,100,0.0,0.0,0.0,-0.0,0.0,0,0,0,0,0.0,0,0,0,0,0,0,0,0,0,0,0,0,0,0,0,0,0,0,0,0,0,0,0,0,0,0,0,0,0,0,0,0,0,26,51,50,76,65476,0,300,0,0,8,21553,0.0,-107605600.0,0.0,0.0,0.0,0.0,0.0,0.0,0.0,0.0,0.0,0.0,0.0,0.0,0.0,0.0,0.0,0.0,0.0,0.0,0.0,0.0,0.0,-0.0,0.0,0.0,0.0,0.0,0.0,0.0,4757.0,-2.4229855986892726e+24,7293.0,-0.0,2.718431101732002e+23,-107615360.0,0.0,0.0,0.0,0.0,0.0,77,3.222029330555234e+26,-0.0,0.0,0.0,0.0,0.0,0.0,0.0,0.0,0,0,0,0.0,0.0,0.0,0.0,0.0,0.0,0.0,0.0,0.0,0.0,0.0,0.0,0.0,0.0,0.0,0.0,0,-107875648.0,77,0.0,154,0.0,-0.0,ERR,ERR,ERR,ERR,ERR,ERR,ERR,ERR,ERR,ERR,ERR,ERR,ERR,ERR,ERR,ERR,ERR,ERR,ERR,ERR,ERR,ERR,ERR,ERR,ERR,ERR,ERR,ERR,ERR,ERR,ERR,ERR,ERR,ERR,ERR,ERR,ERR,ERR,ERR,ERR,ERR,ERR,ERR,ERR,ERR,ERR,ERR,ERR,ERR,ERR,ERR,ERR,ERR,ERR,ERR,ERR,ERR,ERR,ERR,ERR,ERR,ERR,ERR,ERR,ERR,ERR,ERR,34.0,80.0,35,0.0,0.0,0.0,0.0,0.0,0.0,0.0,0.0,0.0,0.0,0.0,0.0,0.0,0.0,0.0,0.0,65.6,0,120,58,54,65476,0,300,0,0,8,20529,65476,0,0,57672,80.0,0.0,0.0,0.0,0.0,0.0
2026-06-18T02:28:25,ERR,ERR,ERR,ERR,ERR,ERR,ERR,ERR,ERR,ERR,ERR,ERR,ERR,ERR,ERR,ERR,ERR,ERR,ERR,ERR,ERR,ERR,ERR,ERR,ERR,ERR,ERR,ERR,ERR,ERR,ERR,ERR,ERR,ERR,ERR,ERR,ERR,ERR,ERR,ERR,ERR,ERR,ERR,ERR,ERR,ERR,ERR,ERR,ERR,ERR,ERR,ERR,ERR,ERR,ERR,ERR,ERR,ERR,ERR,ERR,ERR,ERR,ERR,ERR,ERR,ERR,ERR,ERR,ERR,ERR,ERR,ERR,ERR,ERR,ERR,ERR,ERR,ERR,ERR,ERR,ERR,ERR,ERR,ERR,ERR,ERR,ERR,ERR,ERR,ERR,ERR,ERR,ERR,ERR,ERR,ERR,ERR,ERR,ERR,ERR,ERR,ERR,ERR,ERR,ERR,ERR,ERR,ERR,ERR,ERR,ERR,ERR,ERR,ERR,ERR,ERR,ERR,ERR,ERR,ERR,ERR,ERR,ERR,ERR,ERR,-0.0,2.718431101732002e+23,-0.0,0.0,0.0,1.3936040501711995e+18,7.805,237259152.0,0,0,4,48927,6720,14723890282496.0,100,0.0,0.0,0.0,-0.0,0.0,0,0,0,0,0.0,0,0,0,0,0,0,0,0,0,0,0,0,0,0,0,0,0,0,0,0,0,0,0,0,0,0,0,0,0,0,0,0,0,26,51,50,76,65476,0,300,0,0,8,21553,0.0,-107605600.0,0.0,0.0,0.0,0.0,0.0,0.0,0.0,0.0,0.0,0.0,0.0,0.0,0.0,0.0,0.0,0.0,0.0,0.0,0.0,0.0,0.0,-0.0,0.0,0.0,0.0,0.0,0.0,0.0,4757.0,-2.4229855986892726e+24,7293.0,-0.0,2.718431101732002e+23,-107615360.0,0.0,0.0,0.0,0.0,0.0,77,3.222029330555234e+26,-0.0,0.0,0.0,0.0,0.0,0.0,0.0,0.0,0,0,0,0.0,0.0,0.0,0.0,0.0,0.0,0.0,0.0,0.0,0.0,0.0,0.0,0.0,0.0,0.0,0.0,0,-107875648.0,77,0.0,154,0.0,-0.0,ERR,ERR,ERR,ERR,ERR,ERR,ERR,ERR,ERR,ERR,ERR,ERR,ERR,ERR,ERR,ERR,ERR,ERR,ERR,ERR,ERR,ERR,ERR,ERR,ERR,ERR,ERR,ERR,ERR,ERR,ERR,ERR,ERR,ERR,ERR,ERR,ERR,ERR,ERR,ERR,ERR,ERR,ERR,ERR,ERR,ERR,ERR,ERR,ERR,ERR,ERR,ERR,ERR,ERR,ERR,ERR,ERR,ERR,ERR,ERR,ERR,ERR,ERR,ERR,ERR,ERR,ERR,34.0,80.0,35,0.0,0.0,0.0,0.0,0.0,0.0,0.0,0.0,0.0,0.0,0.0,0.0,0.0,0.0,0.0,0.0,66.4,0,120,58,54,65476,0,300,0,0,8,20529,65476,0,0,57672,80.0,0.0,0.0,0.0,0.0,0.0
2026-06-18T02:28:26,ERR,ERR,ERR,ERR,ERR,ERR,ERR,ERR,ERR,ERR,ERR,ERR,ERR,ERR,ERR,ERR,ERR,ERR,ERR,ERR,ERR,ERR,ERR,ERR,ERR,ERR,ERR,ERR,ERR,ERR,ERR,ERR,ERR,ERR,ERR,ERR,ERR,ERR,ERR,ERR,ERR,ERR,ERR,ERR,ERR,ERR,ERR,ERR,ERR,ERR,ERR,ERR,ERR,ERR,ERR,ERR,ERR,ERR,ERR,ERR,ERR,ERR,ERR,ERR,ERR,ERR,ERR,ERR,ERR,ERR,ERR,ERR,ERR,ERR,ERR,ERR,ERR,ERR,ERR,ERR,ERR,ERR,ERR,ERR,ERR,ERR,ERR,ERR,ERR,ERR,ERR,ERR,ERR,ERR,ERR,ERR,ERR,ERR,ERR,ERR,ERR,ERR,ERR,ERR,ERR,ERR,ERR,ERR,ERR,ERR,ERR,ERR,ERR,ERR,ERR,ERR,ERR,ERR,ERR,ERR,ERR,ERR,ERR,ERR,ERR,-0.0,2.718431101732002e+23,-0.0,0.0,0.0,1.3936040501711995e+18,7.805,237259152.0,0,0,4,48927,6720,14723890282496.0,100,0.0,0.0,0.0,-0.0,0.0,0,0,0,0,0.0,0,0,0,0,0,0,0,0,0,0,0,0,0,0,0,0,0,0,0,0,0,0,0,0,0,0,0,0,0,0,0,0,0,26,51,50,76,65476,0,300,0,0,8,21553,0.0,-107605600.0,0.0,0.0,0.0,0.0,0.0,0.0,0.0,0.0,0.0,0.0,0.0,0.0,0.0,0.0,0.0,0.0,0.0,0.0,0.0,0.0,0.0,-0.0,0.0,0.0,0.0,0.0,0.0,0.0,4757.0,-2.4229855986892726e+24,7293.0,-0.0,2.718431101732002e+23,-107615360.0,0.0,0.0,0.0,0.0,0.0,77,3.222029330555234e+26,-0.0,0.0,0.0,0.0,0.0,0.0,0.0,0.0,0,0,0,0.0,0.0,0.0,0.0,0.0,0.0,0.0,0.0,0.0,0.0,0.0,0.0,0.0,0.0,0.0,0.0,0,-107875648.0,77,0.0,154,0.0,-0.0,ERR,ERR,ERR,ERR,ERR,ERR,ERR,ERR,ERR,ERR,ERR,ERR,ERR,ERR,ERR,ERR,ERR,ERR,ERR,ERR,ERR,ERR,ERR,ERR,ERR,ERR,ERR,ERR,ERR,ERR,ERR,ERR,ERR,ERR,ERR,ERR,ERR,ERR,ERR,ERR,ERR,ERR,ERR,ERR,ERR,ERR,ERR,ERR,ERR,ERR,ERR,ERR,ERR,ERR,ERR,ERR,ERR,ERR,ERR,ERR,ERR,ERR,ERR,ERR,ERR,ERR,ERR,34.0,80.0,35,0.0,0.0,0.0,0.0,0.0,0.0,0.0,0.0,0.0,0.0,0.0,0.0,0.0,0.0,0.0,0.0,66.4,0,120,58,54,65476,0,300,0,0,8,20529,65476,0,0,57672,80.0,0.0,0.0,0.0,0.0,0.0
2026-06-18T02:28:27,ERR,ERR,ERR,ERR,ERR,ERR,ERR,ERR,ERR,ERR,ERR,ERR,ERR,ERR,ERR,ERR,ERR,ERR,ERR,ERR,ERR,ERR,ERR,ERR,ERR,ERR,ERR,ERR,ERR,ERR,ERR,ERR,ERR,ERR,ERR,ERR,ERR,ERR,ERR,ERR,ERR,ERR,ERR,ERR,ERR,ERR,ERR,ERR,ERR,ERR,ERR,ERR,ERR,ERR,ERR,ERR,ERR,ERR,ERR,ERR,ERR,ERR,ERR,ERR,ERR,ERR,ERR,ERR,ERR,ERR,ERR,ERR,ERR,ERR,ERR,ERR,ERR,ERR,ERR,ERR,ERR,ERR,ERR,ERR,ERR,ERR,ERR,ERR,ERR,ERR,ERR,ERR,ERR,ERR,ERR,ERR,ERR,ERR,ERR,ERR,ERR,ERR,ERR,ERR,ERR,ERR,ERR,ERR,ERR,ERR,ERR,ERR,ERR,ERR,ERR,ERR,ERR,ERR,ERR,ERR,ERR,ERR,ERR,ERR,ERR,-0.0,2.718431101732002e+23,-0.0,0.0,0.0,1.3936040501711995e+18,7.805,237259152.0,0,0,4,48927,6720,14723890282496.0,100,0.0,0.0,0.0,-0.0,0.0,0,0,0,0,0.0,0,0,0,0,0,0,0,0,0,0,0,0,0,0,0,0,0,0,0,0,0,0,0,0,0,0,0,0,0,0,0,0,0,26,51,50,76,65476,0,300,0,0,8,21553,0.0,-107605600.0,0.0,0.0,0.0,0.0,0.0,0.0,0.0,0.0,0.0,0.0,0.0,0.0,0.0,0.0,0.0,0.0,0.0,0.0,0.0,0.0,0.0,-0.0,0.0,0.0,0.0,0.0,0.0,0.0,4757.0,-2.4229855986892726e+24,7293.0,-0.0,2.718431101732002e+23,-107615360.0,0.0,0.0,0.0,0.0,0.0,77,3.222029330555234e+26,-0.0,0.0,0.0,0.0,0.0,0.0,0.0,0.0,0,0,0,0.0,0.0,0.0,0.0,0.0,0.0,0.0,0.0,0.0,0.0,0.0,0.0,0.0,0.0,0.0,0.0,0,-107875648.0,77,0.0,154,0.0,-0.0,ERR,ERR,ERR,ERR,ERR,ERR,ERR,ERR,ERR,ERR,ERR,ERR,ERR,ERR,ERR,ERR,ERR,ERR,ERR,ERR,ERR,ERR,ERR,ERR,ERR,ERR,ERR,ERR,ERR,ERR,ERR,ERR,ERR,ERR,ERR,ERR,ERR,ERR,ERR,ERR,ERR,ERR,ERR,ERR,ERR,ERR,ERR,ERR,ERR,ERR,ERR,ERR,ERR,ERR,ERR,ERR,ERR,ERR,ERR,ERR,ERR,ERR,ERR,ERR,ERR,ERR,ERR,34.0,80.0,35,0.0,0.0,0.0,0.0,0.0,0.0,0.0,0.0,0.0,0.0,0.0,0.0,0.0,0.0,0.0,0.0,66.4,0,120,58,53,65476,0,300,0,0,8,20529,65476,0,0,57672,80.0,0.0,0.0,0.0,0.0,0.0
2026-06-18T02:28:28,ERR,ERR,ERR,ERR,ERR,ERR,ERR,ERR,ERR,ERR,ERR,ERR,ERR,ERR,ERR,ERR,ERR,ERR,ERR,ERR,ERR,ERR,ERR,ERR,ERR,ERR,ERR,ERR,ERR,ERR,ERR,ERR,ERR,ERR,ERR,ERR,ERR,ERR,ERR,ERR,ERR,ERR,ERR,ERR,ERR,ERR,ERR,ERR,ERR,ERR,ERR,ERR,ERR,ERR,ERR,ERR,ERR,ERR,ERR,ERR,ERR,ERR,ERR,ERR,ERR,ERR,ERR,ERR,ERR,ERR,ERR,ERR,ERR,ERR,ERR,ERR,ERR,ERR,ERR,ERR,ERR,ERR,ERR,ERR,ERR,ERR,ERR,ERR,ERR,ERR,ERR,ERR,ERR,ERR,ERR,ERR,ERR,ERR,ERR,ERR,ERR,ERR,ERR,ERR,ERR,ERR,ERR,ERR,ERR,ERR,ERR,ERR,ERR,ERR,ERR,ERR,ERR,ERR,ERR,ERR,ERR,ERR,ERR,ERR,ERR,-0.0,2.718431101732002e+23,-0.0,0.0,0.0,1.3936040501711995e+18,7.805,237259152.0,0,0,4,48929,6720,14723890282496.0,100,0.0,0.0,0.0,0.059,0.0,0,0,0,0,0.0,0,0,0,0,0,0,0,0,0,0,0,0,0,0,0,0,0,0,0,0,0,0,0,0,0,0,0,0,0,0,0,0,0,26,51,50,76,65476,0,300,0,0,8,21553,0.0,-107605600.0,0.0,0.0,0.0,0.0,0.0,0.0,0.0,0.0,0.0,0.0,0.0,0.0,0.0,0.0,0.0,0.0,0.0,0.0,0.0,0.0,0.0,-0.0,0.0,2.004,0.0,0.0,0.0,0.0,4755.0,-3.697182615187489e+19,7292.0,-0.0,2.718431101732002e+23,-107615360.0,0.0,0.0,0.0,0.0,0.0,77,2.3088407177156624e+20,-0.0,0.0,0.0,0.0,0.0,0.0,0.0,0.0,0,0,0,0.0,0.0,0.0,0.0,0.0,0.0,0.0,0.0,0.0,0.0,0.0,0.0,0.0,0.0,0.0,0.0,0,-107875648.0,77,0.0,154,0.0,-0.0,ERR,ERR,ERR,ERR,ERR,ERR,ERR,ERR,ERR,ERR,ERR,ERR,ERR,ERR,ERR,ERR,ERR,ERR,ERR,ERR,ERR,ERR,ERR,ERR,ERR,ERR,ERR,ERR,ERR,ERR,ERR,ERR,ERR,ERR,ERR,ERR,ERR,ERR,ERR,ERR,ERR,ERR,ERR,ERR,ERR,ERR,ERR,ERR,ERR,ERR,ERR,ERR,ERR,ERR,ERR,ERR,ERR,ERR,ERR,ERR,ERR,ERR,ERR,ERR,ERR,ERR,ERR,34.0,80.0,35,0.0,0.0,0.0,0.0,0.0,0.0,0.0,0.0,0.0,0.0,0.0,0.0,0.0,0.0,0.0,0.0,66.4,0,120,58,53,65476,0,300,0,0,8,20529,65476,0,0,57672,80.0,0.0,0.0,0.0,0.0,0.0
2026-06-18T02:28:29,ERR,ERR,ERR,ERR,ERR,ERR,ERR,ERR,ERR,ERR,ERR,ERR,ERR,ERR,ERR,ERR,ERR,ERR,ERR,ERR,ERR,ERR,ERR,ERR,ERR,ERR,ERR,ERR,ERR,ERR,ERR,ERR,ERR,ERR,ERR,ERR,ERR,ERR,ERR,ERR,ERR,ERR,ERR,ERR,ERR,ERR,ERR,ERR,ERR,ERR,ERR,ERR,ERR,ERR,ERR,ERR,ERR,ERR,ERR,ERR,ERR,ERR,ERR,ERR,ERR,ERR,ERR,ERR,ERR,ERR,ERR,ERR,ERR,ERR,ERR,ERR,ERR,ERR,ERR,ERR,ERR,ERR,ERR,ERR,ERR,ERR,ERR,ERR,ERR,ERR,ERR,ERR,ERR,ERR,ERR,ERR,ERR,ERR,ERR,ERR,ERR,ERR,ERR,ERR,ERR,ERR,ERR,ERR,ERR,ERR,ERR,ERR,ERR,ERR,ERR,ERR,ERR,ERR,ERR,ERR,ERR,ERR,ERR,ERR,ERR,-0.0,2.718431101732002e+23,-0.0,0.0,0.0,1.3936040501711995e+18,7.805,237259152.0,0,0,4,48929,6720,14723890282496.0,100,0.0,0.0,0.0,0.059,0.0,0,0,0,0,0.0,0,0,0,0,0,0,0,0,0,0,0,0,0,0,0,0,0,0,0,0,0,0,0,0,0,0,0,0,0,0,0,0,0,26,51,50,76,65476,0,300,0,0,8,21553,0.0,-107605600.0,0.0,0.0,0.0,0.0,0.0,0.0,0.0,0.0,0.0,0.0,0.0,0.0,0.0,0.0,0.0,0.0,0.0,0.0,0.0,0.0,0.0,-0.0,0.0,2.004,0.0,0.0,0.0,0.0,4755.0,-3.697182615187489e+19,7292.0,-0.0,2.718431101732002e+23,-107615360.0,0.0,0.0,0.0,0.0,0.0,77,2.3088407177156624e+20,-0.0,0.0,0.0,0.0,0.0,0.0,0.0,0.0,0,0,0,0.0,0.0,0.0,0.0,0.0,0.0,0.0,0.0,0.0,0.0,0.0,0.0,0.0,0.0,0.0,0.0,0,-107875648.0,77,0.0,154,0.0,-0.0,ERR,ERR,ERR,ERR,ERR,ERR,ERR,ERR,ERR,ERR,ERR,ERR,ERR,ERR,ERR,ERR,ERR,ERR,ERR,ERR,ERR,ERR,ERR,ERR,ERR,ERR,ERR,ERR,ERR,ERR,ERR,ERR,ERR,ERR,ERR,ERR,ERR,ERR,ERR,ERR,ERR,ERR,ERR,ERR,ERR,ERR,ERR,ERR,ERR,ERR,ERR,ERR,ERR,ERR,ERR,ERR,ERR,ERR,ERR,ERR,ERR,ERR,ERR,ERR,ERR,ERR,ERR,34.0,80.0,35,0.0,0.0,0.0,0.0,0.0,0.0,0.0,0.0,0.0,0.0,0.0,0.0,0.0,0.0,0.0,0.0,66.4,0,120,58,53,65476,0,300,0,0,8,20529,65476,0,0,57672,80.0,0.0,0.0,0.0,0.0,0.0
2026-06-18T02:28:30,ERR,ERR,ERR,ERR,ERR,ERR,ERR,ERR,ERR,ERR,ERR,ERR,ERR,ERR,ERR,ERR,ERR,ERR,ERR,ERR,ERR,ERR,ERR,ERR,ERR,ERR,ERR,ERR,ERR,ERR,ERR,ERR,ERR,ERR,ERR,ERR,ERR,ERR,ERR,ERR,ERR,ERR,ERR,ERR,ERR,ERR,ERR,ERR,ERR,ERR,ERR,ERR,ERR,ERR,ERR,ERR,ERR,ERR,ERR,ERR,ERR,ERR,ERR,ERR,ERR,ERR,ERR,ERR,ERR,ERR,ERR,ERR,ERR,ERR,ERR,ERR,ERR,ERR,ERR,ERR,ERR,ERR,ERR,ERR,ERR,ERR,ERR,ERR,ERR,ERR,ERR,ERR,ERR,ERR,ERR,ERR,ERR,ERR,ERR,ERR,ERR,ERR,ERR,ERR,ERR,ERR,ERR,ERR,ERR,ERR,ERR,ERR,ERR,ERR,ERR,ERR,ERR,ERR,ERR,ERR,ERR,ERR,ERR,ERR,ERR,-0.0,2.718431101732002e+23,-0.0,0.0,0.0,1.3936040501711995e+18,7.805,237259152.0,0,0,4,48929,6720,14723890282496.0,100,0.0,0.0,0.0,0.059,0.0,0,0,0,0,0.0,0,0,0,0,0,0,0,0,0,0,0,0,0,0,0,0,0,0,0,0,0,0,0,0,0,0,0,0,0,0,0,0,0,26,51,50,76,65476,0,300,0,0,8,21553,0.0,-107605600.0,0.0,0.0,0.0,0.0,0.0,0.0,0.0,0.0,0.0,0.0,0.0,0.0,0.0,0.0,0.0,0.0,0.0,0.0,0.0,0.0,0.0,-0.0,0.0,2.004,0.0,0.0,0.0,0.0,4755.0,-3.697182615187489e+19,7292.0,-0.0,2.718431101732002e+23,-107615360.0,0.0,0.0,0.0,0.0,0.0,77,2.3088407177156624e+20,-0.0,0.0,0.0,0.0,0.0,0.0,0.0,0.0,0,0,0,0.0,0.0,0.0,0.0,0.0,0.0,0.0,0.0,0.0,0.0,0.0,0.0,0.0,0.0,0.0,0.0,0,-107875648.0,77,0.0,154,0.0,-0.0,ERR,ERR,ERR,ERR,ERR,ERR,ERR,ERR,ERR,ERR,ERR,ERR,ERR,ERR,ERR,ERR,ERR,ERR,ERR,ERR,ERR,ERR,ERR,ERR,ERR,ERR,ERR,ERR,ERR,ERR,ERR,ERR,ERR,ERR,ERR,ERR,ERR,ERR,ERR,ERR,ERR,ERR,ERR,ERR,ERR,ERR,ERR,ERR,ERR,ERR,ERR,ERR,ERR,ERR,ERR,ERR,ERR,ERR,ERR,ERR,ERR,ERR,ERR,ERR,ERR,ERR,ERR,34.0,80.0,35,0.0,0.0,0.0,0.0,0.0,0.0,0.0,0.0,0.0,0.0,0.0,0.0,0.0,0.0,0.0,0.0,66.4,0,120,58,53,65476,0,300,0,0,8,20529,65476,0,0,57672,80.0,0.0,0.0,0.0,0.0,0.0
2026-06-18T02:28:31,ERR,ERR,ERR,ERR,ERR,ERR,ERR,ERR,ERR,ERR,ERR,ERR,ERR,ERR,ERR,ERR,ERR,ERR,ERR,ERR,ERR,ERR,ERR,ERR,ERR,ERR,ERR,ERR,ERR,ERR,ERR,ERR,ERR,ERR,ERR,ERR,ERR,ERR,ERR,ERR,ERR,ERR,ERR,ERR,ERR,ERR,ERR,ERR,ERR,ERR,ERR,ERR,ERR,ERR,ERR,ERR,ERR,ERR,ERR,ERR,ERR,ERR,ERR,ERR,ERR,ERR,ERR,ERR,ERR,ERR,ERR,ERR,ERR,ERR,ERR,ERR,ERR,ERR,ERR,ERR,ERR,ERR,ERR,ERR,ERR,ERR,ERR,ERR,ERR,ERR,ERR,ERR,ERR,ERR,ERR,ERR,ERR,ERR,ERR,ERR,ERR,ERR,ERR,ERR,ERR,ERR,ERR,ERR,ERR,ERR,ERR,ERR,ERR,ERR,ERR,ERR,ERR,ERR,ERR,ERR,ERR,ERR,ERR,ERR,ERR,-0.0,2.718431101732002e+23,-0.0,0.0,0.0,1.3936040501711995e+18,7.805,237259152.0,0,0,4,48929,6720,14723890282496.0,100,0.0,0.0,0.0,0.059,0.0,0,0,0,0,0.0,0,0,0,0,0,0,0,0,0,0,0,0,0,0,0,0,0,0,0,0,0,0,0,0,0,0,0,0,0,0,0,0,0,26,51,50,76,65476,0,300,0,0,8,21553,0.0,-107605600.0,0.0,0.0,0.0,0.0,0.0,0.0,0.0,0.0,0.0,0.0,0.0,0.0,0.0,0.0,0.0,0.0,0.0,0.0,0.0,0.0,0.0,-0.0,0.0,2.004,0.0,0.0,0.0,0.0,4755.0,-3.697182615187489e+19,7292.0,-0.0,2.718431101732002e+23,-107615360.0,0.0,0.0,0.0,0.0,0.0,77,2.3088407177156624e+20,-0.0,0.0,0.0,0.0,0.0,0.0,0.0,0.0,0,0,0,0.0,0.0,0.0,0.0,0.0,0.0,0.0,0.0,0.0,0.0,0.0,0.0,0.0,0.0,0.0,0.0,0,-107875648.0,77,0.0,154,0.0,-0.0,ERR,ERR,ERR,ERR,ERR,ERR,ERR,ERR,ERR,ERR,ERR,ERR,ERR,ERR,ERR,ERR,ERR,ERR,ERR,ERR,ERR,ERR,ERR,ERR,ERR,ERR,ERR,ERR,ERR,ERR,ERR,ERR,ERR,ERR,ERR,ERR,ERR,ERR,ERR,ERR,ERR,ERR,ERR,ERR,ERR,ERR,ERR,ERR,ERR,ERR,ERR,ERR,ERR,ERR,ERR,ERR,ERR,ERR,ERR,ERR,ERR,ERR,ERR,ERR,ERR,ERR,ERR,34.0,80.0,35,0.0,0.0,0.0,0.0,0.0,0.0,0.0,0.0,0.0,0.0,0.0,0.0,0.0,0.0,0.0,0.0,66.4,0,120,58,54,65476,0,300,0,0,8,20529,65476,0,0,57672,80.0,0.0,0.0,0.0,0.0,0.0
2026-06-18T02:28:32,ERR,ERR,ERR,ERR,ERR,ERR,ERR,ERR,ERR,ERR,ERR,ERR,ERR,ERR,ERR,ERR,ERR,ERR,ERR,ERR,ERR,ERR,ERR,ERR,ERR,ERR,ERR,ERR,ERR,ERR,ERR,ERR,ERR,ERR,ERR,ERR,ERR,ERR,ERR,ERR,ERR,ERR,ERR,ERR,ERR,ERR,ERR,ERR,ERR,ERR,ERR,ERR,ERR,ERR,ERR,ERR,ERR,ERR,ERR,ERR,ERR,ERR,ERR,ERR,ERR,ERR,ERR,ERR,ERR,ERR,ERR,ERR,ERR,ERR,ERR,ERR,ERR,ERR,ERR,ERR,ERR,ERR,ERR,ERR,ERR,ERR,ERR,ERR,ERR,ERR,ERR,ERR,ERR,ERR,ERR,ERR,ERR,ERR,ERR,ERR,ERR,ERR,ERR,ERR,ERR,ERR,ERR,ERR,ERR,ERR,ERR,ERR,ERR,ERR,ERR,ERR,ERR,ERR,ERR,ERR,ERR,ERR,ERR,ERR,ERR,-0.0,2.718431101732002e+23,-0.0,0.0,0.0,1.3936040501711995e+18,7.805,237259152.0,0,0,4,48929,6720,14723890282496.0,100,0.0,0.0,0.0,0.059,0.0,0,0,0,0,0.0,0,0,0,0,0,0,0,0,0,0,0,0,0,0,0,0,0,0,0,0,0,0,0,0,0,0,0,0,0,0,0,0,0,26,51,50,76,65476,0,300,0,0,8,21553,0.0,-107605600.0,0.0,0.0,0.0,0.0,0.0,0.0,0.0,0.0,0.0,0.0,0.0,0.0,0.0,0.0,0.0,0.0,0.0,0.0,0.0,0.0,0.0,-0.0,0.0,2.004,0.0,0.0,0.0,0.0,4755.0,-3.697182615187489e+19,7292.0,-0.0,2.718431101732002e+23,-107615360.0,0.0,0.0,0.0,0.0,0.0,77,2.3088407177156624e+20,-0.0,0.0,0.0,0.0,0.0,0.0,0.0,0.0,0,0,0,0.0,0.0,0.0,0.0,0.0,0.0,0.0,0.0,0.0,0.0,0.0,0.0,0.0,0.0,0.0,0.0,0,-107875648.0,77,0.0,154,0.0,-0.0,ERR,ERR,ERR,ERR,ERR,ERR,ERR,ERR,ERR,ERR,ERR,ERR,ERR,ERR,ERR,ERR,ERR,ERR,ERR,ERR,ERR,ERR,ERR,ERR,ERR,ERR,ERR,ERR,ERR,ERR,ERR,ERR,ERR,ERR,ERR,ERR,ERR,ERR,ERR,ERR,ERR,ERR,ERR,ERR,ERR,ERR,ERR,ERR,ERR,ERR,ERR,ERR,ERR,ERR,ERR,ERR,ERR,ERR,ERR,ERR,ERR,ERR,ERR,ERR,ERR,ERR,ERR,34.0,80.0,35,0.0,0.0,0.0,0.0,0.0,0.0,0.0,0.0,0.0,0.0,0.0,0.0,0.0,0.0,0.0,0.0,66.0,0,120,58,54,65476,0,300,0,0,8,20529,65476,0,0,57672,80.0,0.0,0.0,0.0,0.0,0.0
2026-06-18T02:28:33,ERR,ERR,ERR,ERR,ERR,ERR,ERR,ERR,ERR,ERR,ERR,ERR,ERR,ERR,ERR,ERR,ERR,ERR,ERR,ERR,ERR,ERR,ERR,ERR,ERR,ERR,ERR,ERR,ERR,ERR,ERR,ERR,ERR,ERR,ERR,ERR,ERR,ERR,ERR,ERR,ERR,ERR,ERR,ERR,ERR,ERR,ERR,ERR,ERR,ERR,ERR,ERR,ERR,ERR,ERR,ERR,ERR,ERR,ERR,ERR,ERR,ERR,ERR,ERR,ERR,ERR,ERR,ERR,ERR,ERR,ERR,ERR,ERR,ERR,ERR,ERR,ERR,ERR,ERR,ERR,ERR,ERR,ERR,ERR,ERR,ERR,ERR,ERR,ERR,ERR,ERR,ERR,ERR,ERR,ERR,ERR,ERR,ERR,ERR,ERR,ERR,ERR,ERR,ERR,ERR,ERR,ERR,ERR,ERR,ERR,ERR,ERR,ERR,ERR,ERR,ERR,ERR,ERR,ERR,ERR,ERR,ERR,ERR,ERR,ERR,-0.0,2.718431101732002e+23,-0.0,0.059,0.0,1.3936040501711995e+18,7.805,0.0,0,0,4,48926,6720,14723890282496.0,100,0.0,0.0,0.0,-0.0,0.0,0,0,0,0,0.0,0,0,0,0,0,0,0,0,0,0,0,0,0,0,0,0,0,0,0,0,0,0,0,0,0,0,0,0,0,0,0,0,0,26,51,50,76,65476,0,300,0,0,8,21553,0.0,-107605600.0,0.0,0.0,0.0,0.0,0.0,0.0,0.0,0.0,0.0,0.0,0.0,0.0,0.0,0.0,0.0,0.0,0.0,0.0,0.0,0.0,0.0,-0.0,0.0,0.0,0.0,0.0,0.0,0.0,4749.0,-1.0406643905049406e+34,7295.0,-0.0,2.718431101732002e+23,-107615360.0,-107615392.0,0.0,0.0,0.0,0.0,77,71.63,-0.0,0.0,0.0,0.0,0.0,0.0,0.0,0.0,0,0,0,0.0,0.0,0.0,0.0,0.0,0.0,0.0,0.0,0.0,0.0,0.0,0.0,0.0,0.0,0.0,0.0,0,-107875648.0,77,0.0,154,0.0,-0.0,ERR,ERR,ERR,ERR,ERR,ERR,ERR,ERR,ERR,ERR,ERR,ERR,ERR,ERR,ERR,ERR,ERR,ERR,ERR,ERR,ERR,ERR,ERR,ERR,ERR,ERR,ERR,ERR,ERR,ERR,ERR,ERR,ERR,ERR,ERR,ERR,ERR,ERR,ERR,ERR,ERR,ERR,ERR,ERR,ERR,ERR,ERR,ERR,ERR,ERR,ERR,ERR,ERR,ERR,ERR,ERR,ERR,ERR,ERR,ERR,ERR,ERR,ERR,ERR,ERR,ERR,ERR,34.0,80.0,35,0.0,0.0,0.0,0.0,0.0,0.0,0.0,0.0,0.0,0.0,0.0,0.0,0.0,0.0,0.0,0.0,66.0,0,120,58,54,65476,0,300,0,0,8,20529,65476,0,0,57672,80.0,0.0,0.0,0.0,0.0,0.0
2026-06-18T02:28:34,ERR,ERR,ERR,ERR,ERR,ERR,ERR,ERR,ERR,ERR,ERR,ERR,ERR,ERR,ERR,ERR,ERR,ERR,ERR,ERR,ERR,ERR,ERR,ERR,ERR,ERR,ERR,ERR,ERR,ERR,ERR,ERR,ERR,ERR,ERR,ERR,ERR,ERR,ERR,ERR,ERR,ERR,ERR,ERR,ERR,ERR,ERR,ERR,ERR,ERR,ERR,ERR,ERR,ERR,ERR,ERR,ERR,ERR,ERR,ERR,ERR,ERR,ERR,ERR,ERR,ERR,ERR,ERR,ERR,ERR,ERR,ERR,ERR,ERR,ERR,ERR,ERR,ERR,ERR,ERR,ERR,ERR,ERR,ERR,ERR,ERR,ERR,ERR,ERR,ERR,ERR,ERR,ERR,ERR,ERR,ERR,ERR,ERR,ERR,ERR,ERR,ERR,ERR,ERR,ERR,ERR,ERR,ERR,ERR,ERR,ERR,ERR,ERR,ERR,ERR,ERR,ERR,ERR,ERR,ERR,ERR,ERR,ERR,ERR,ERR,-0.0,2.718431101732002e+23,-0.0,0.059,0.0,1.3936040501711995e+18,7.805,0.0,0,0,4,48926,6720,14723890282496.0,100,0.0,0.0,0.0,-0.0,0.0,0,0,0,0,0.0,0,0,0,0,0,0,0,0,0,0,0,0,0,0,0,0,0,0,0,0,0,0,0,0,0,0,0,0,0,0,0,0,0,26,51,50,76,65476,0,300,0,0,8,21553,0.0,-107605600.0,0.0,0.0,0.0,0.0,0.0,0.0,0.0,0.0,0.0,0.0,0.0,0.0,0.0,0.0,0.0,0.0,0.0,0.0,0.0,0.0,0.0,-0.0,0.0,0.0,0.0,0.0,0.0,0.0,4749.0,-1.0406643905049406e+34,7295.0,-0.0,2.718431101732002e+23,-107615360.0,-107615392.0,0.0,0.0,0.0,0.0,77,71.63,-0.0,0.0,0.0,0.0,0.0,0.0,0.0,0.0,0,0,0,0.0,0.0,0.0,0.0,0.0,0.0,0.0,0.0,0.0,0.0,0.0,0.0,0.0,0.0,0.0,0.0,0,-107875648.0,77,0.0,154,0.0,-0.0,ERR,ERR,ERR,ERR,ERR,ERR,ERR,ERR,ERR,ERR,ERR,ERR,ERR,ERR,ERR,ERR,ERR,ERR,ERR,ERR,ERR,ERR,ERR,ERR,ERR,ERR,ERR,ERR,ERR,ERR,ERR,ERR,ERR,ERR,ERR,ERR,ERR,ERR,ERR,ERR,ERR,ERR,ERR,ERR,ERR,ERR,ERR,ERR,ERR,ERR,ERR,ERR,ERR,ERR,ERR,ERR,ERR,ERR,ERR,ERR,ERR,ERR,ERR,ERR,ERR,ERR,ERR,34.0,80.0,35,0.0,0.0,0.0,0.0,0.0,0.0,0.0,0.0,0.0,0.0,0.0,0.0,0.0,0.0,0.0,0.0,66.0,0,120,58,53,65476,0,300,0,0,8,20529,65476,0,0,57672,80.0,0.0,0.0,0.0,0.0,0.0
2026-06-18T02:28:35,ERR,ERR,ERR,ERR,ERR,ERR,ERR,ERR,ERR,ERR,ERR,ERR,ERR,ERR,ERR,ERR,ERR,ERR,ERR,ERR,ERR,ERR,ERR,ERR,ERR,ERR,ERR,ERR,ERR,ERR,ERR,ERR,ERR,ERR,ERR,ERR,ERR,ERR,ERR,ERR,ERR,ERR,ERR,ERR,ERR,ERR,ERR,ERR,ERR,ERR,ERR,ERR,ERR,ERR,ERR,ERR,ERR,ERR,ERR,ERR,ERR,ERR,ERR,ERR,ERR,ERR,ERR,ERR,ERR,ERR,ERR,ERR,ERR,ERR,ERR,ERR,ERR,ERR,ERR,ERR,ERR,ERR,ERR,ERR,ERR,ERR,ERR,ERR,ERR,ERR,ERR,ERR,ERR,ERR,ERR,ERR,ERR,ERR,ERR,ERR,ERR,ERR,ERR,ERR,ERR,ERR,ERR,ERR,ERR,ERR,ERR,ERR,ERR,ERR,ERR,ERR,ERR,ERR,ERR,ERR,ERR,ERR,ERR,ERR,ERR,-0.0,2.718431101732002e+23,-0.0,0.059,0.0,1.3936040501711995e+18,7.805,0.0,0,0,4,48926,6720,14723890282496.0,100,0.0,0.0,0.0,-0.0,0.0,0,0,0,0,0.0,0,0,0,0,0,0,0,0,0,0,0,0,0,0,0,0,0,0,0,0,0,0,0,0,0,0,0,0,0,0,0,0,0,26,51,50,76,65476,0,300,0,0,8,21553,0.0,-107605600.0,0.0,0.0,0.0,0.0,0.0,0.0,0.0,0.0,0.0,0.0,0.0,0.0,0.0,0.0,0.0,0.0,0.0,0.0,0.0,0.0,0.0,-0.0,0.0,0.0,0.0,0.0,0.0,0.0,4749.0,-1.0406643905049406e+34,7295.0,-0.0,2.718431101732002e+23,-107615360.0,-107615392.0,0.0,0.0,0.0,0.0,77,71.63,-0.0,0.0,0.0,0.0,0.0,0.0,0.0,0.0,0,0,0,0.0,0.0,0.0,0.0,0.0,0.0,0.0,0.0,0.0,0.0,0.0,0.0,0.0,0.0,0.0,0.0,0,-107875648.0,77,0.0,154,0.0,-0.0,ERR,ERR,ERR,ERR,ERR,ERR,ERR,ERR,ERR,ERR,ERR,ERR,ERR,ERR,ERR,ERR,ERR,ERR,ERR,ERR,ERR,ERR,ERR,ERR,ERR,ERR,ERR,ERR,ERR,ERR,ERR,ERR,ERR,ERR,ERR,ERR,ERR,ERR,ERR,ERR,ERR,ERR,ERR,ERR,ERR,ERR,ERR,ERR,ERR,ERR,ERR,ERR,ERR,ERR,ERR,ERR,ERR,ERR,ERR,ERR,ERR,ERR,ERR,ERR,ERR,ERR,ERR,34.0,80.0,35,0.0,0.0,0.0,0.0,0.0,0.0,0.0,0.0,0.0,0.0,0.0,0.0,0.0,0.0,0.0,0.0,66.0,0,120,58,53,65476,0,300,0,0,8,20529,65476,0,0,57672,80.0,0.0,0.0,0.0,0.0,0.0
2026-06-18T02:28:36,ERR,ERR,ERR,ERR,ERR,ERR,ERR,ERR,ERR,ERR,ERR,ERR,ERR,ERR,ERR,ERR,ERR,ERR,ERR,ERR,ERR,ERR,ERR,ERR,ERR,ERR,ERR,ERR,ERR,ERR,ERR,ERR,ERR,ERR,ERR,ERR,ERR,ERR,ERR,ERR,ERR,ERR,ERR,ERR,ERR,ERR,ERR,ERR,ERR,ERR,ERR,ERR,ERR,ERR,ERR,ERR,ERR,ERR,ERR,ERR,ERR,ERR,ERR,ERR,ERR,ERR,ERR,ERR,ERR,ERR,ERR,ERR,ERR,ERR,ERR,ERR,ERR,ERR,ERR,ERR,ERR,ERR,ERR,ERR,ERR,ERR,ERR,ERR,ERR,ERR,ERR,ERR,ERR,ERR,ERR,ERR,ERR,ERR,ERR,ERR,ERR,ERR,ERR,ERR,ERR,ERR,ERR,ERR,ERR,ERR,ERR,ERR,ERR,ERR,ERR,ERR,ERR,ERR,ERR,ERR,ERR,ERR,ERR,ERR,ERR,-0.0,2.718431101732002e+23,-0.0,0.059,0.0,1.3936040501711995e+18,7.805,0.0,0,0,4,48926,6720,14723890282496.0,100,0.0,0.0,0.0,-0.0,0.0,0,0,0,0,0.0,0,0,0,0,0,0,0,0,0,0,0,0,0,0,0,0,0,0,0,0,0,0,0,0,0,0,0,0,0,0,0,0,0,26,51,50,76,65476,0,300,0,0,8,21553,0.0,-107605600.0,0.0,0.0,0.0,0.0,0.0,0.0,0.0,0.0,0.0,0.0,0.0,0.0,0.0,0.0,0.0,0.0,0.0,0.0,0.0,0.0,0.0,-0.0,0.0,0.0,0.0,0.0,0.0,0.0,4749.0,-1.0406643905049406e+34,7295.0,-0.0,2.718431101732002e+23,-107615360.0,-107615392.0,0.0,0.0,0.0,0.0,77,71.63,-0.0,0.0,0.0,0.0,0.0,0.0,0.0,0.0,0,0,0,0.0,0.0,0.0,0.0,0.0,0.0,0.0,0.0,0.0,0.0,0.0,0.0,0.0,0.0,0.0,0.0,0,-107875648.0,77,0.0,154,0.0,-0.0,ERR,ERR,ERR,ERR,ERR,ERR,ERR,ERR,ERR,ERR,ERR,ERR,ERR,ERR,ERR,ERR,ERR,ERR,ERR,ERR,ERR,ERR,ERR,ERR,ERR,ERR,ERR,ERR,ERR,ERR,ERR,ERR,ERR,ERR,ERR,ERR,ERR,ERR,ERR,ERR,ERR,ERR,ERR,ERR,ERR,ERR,ERR,ERR,ERR,ERR,ERR,ERR,ERR,ERR,ERR,ERR,ERR,ERR,ERR,ERR,ERR,ERR,ERR,ERR,ERR,ERR,ERR,34.0,80.0,35,0.0,0.0,0.0,0.0,0.0,0.0,0.0,0.0,0.0,0.0,0.0,0.0,0.0,0.0,0.0,0.0,66.0,0,120,58,53,65476,0,300,0,0,8,20529,65476,0,0,57672,80.0,0.0,0.0,0.0,0.0,0.0
2026-06-18T02:28:37,ERR,ERR,ERR,ERR,ERR,ERR,ERR,ERR,ERR,ERR,ERR,ERR,ERR,ERR,ERR,ERR,ERR,ERR,ERR,ERR,ERR,ERR,ERR,ERR,ERR,ERR,ERR,ERR,ERR,ERR,ERR,ERR,ERR,ERR,ERR,ERR,ERR,ERR,ERR,ERR,ERR,ERR,ERR,ERR,ERR,ERR,ERR,ERR,ERR,ERR,ERR,ERR,ERR,ERR,ERR,ERR,ERR,ERR,ERR,ERR,ERR,ERR,ERR,ERR,ERR,ERR,ERR,ERR,ERR,ERR,ERR,ERR,ERR,ERR,ERR,ERR,ERR,ERR,ERR,ERR,ERR,ERR,ERR,ERR,ERR,ERR,ERR,ERR,ERR,ERR,ERR,ERR,ERR,ERR,ERR,ERR,ERR,ERR,ERR,ERR,ERR,ERR,ERR,ERR,ERR,ERR,ERR,ERR,ERR,ERR,ERR,ERR,ERR,ERR,ERR,ERR,ERR,ERR,ERR,ERR,ERR,ERR,ERR,ERR,ERR,-0.0,2.718431101732002e+23,-0.0,0.059,0.0,1.3936040501711995e+18,7.805,0.0,0,0,4,48926,6720,14723890282496.0,100,0.0,0.0,0.0,-0.0,0.0,0,0,0,0,0.0,0,0,0,0,0,0,0,0,0,0,0,0,0,0,0,0,0,0,0,0,0,0,0,0,0,0,0,0,0,0,0,0,0,26,51,50,76,65476,0,300,0,0,8,21553,0.0,-107605600.0,0.0,0.0,0.0,0.0,0.0,0.0,0.0,0.0,0.0,0.0,0.0,0.0,0.0,0.0,0.0,0.0,0.0,0.0,0.0,0.0,0.0,-0.0,0.0,0.0,0.0,0.0,0.0,0.0,4749.0,-1.0406643905049406e+34,7295.0,-0.0,2.718431101732002e+23,-107615360.0,-107615392.0,0.0,0.0,0.0,0.0,77,71.63,-0.0,0.0,0.0,0.0,0.0,0.0,0.0,0.0,0,0,0,0.0,0.0,0.0,0.0,0.0,0.0,0.0,0.0,0.0,0.0,0.0,0.0,0.0,0.0,0.0,0.0,0,-107875648.0,77,0.0,154,0.0,-0.0,ERR,ERR,ERR,ERR,ERR,ERR,ERR,ERR,ERR,ERR,ERR,ERR,ERR,ERR,ERR,ERR,ERR,ERR,ERR,ERR,ERR,ERR,ERR,ERR,ERR,ERR,ERR,ERR,ERR,ERR,ERR,ERR,ERR,ERR,ERR,ERR,ERR,ERR,ERR,ERR,ERR,ERR,ERR,ERR,ERR,ERR,ERR,ERR,ERR,ERR,ERR,ERR,ERR,ERR,ERR,ERR,ERR,ERR,ERR,ERR,ERR,ERR,ERR,ERR,ERR,ERR,ERR,34.0,80.0,35,0.0,0.0,0.0,0.0,0.0,0.0,0.0,0.0,0.0,0.0,0.0,0.0,0.0,0.0,0.0,0.0,66.0,0,120,58,53,65476,0,300,0,0,8,20529,65476,0,0,57672,80.0,0.0,0.0,0.0,0.0,0.0
2026-06-18T02:28:38,ERR,ERR,ERR,ERR,ERR,ERR,ERR,ERR,ERR,ERR,ERR,ERR,ERR,ERR,ERR,ERR,ERR,ERR,ERR,ERR,ERR,ERR,ERR,ERR,ERR,ERR,ERR,ERR,ERR,ERR,ERR,ERR,ERR,ERR,ERR,ERR,ERR,ERR,ERR,ERR,ERR,ERR,ERR,ERR,ERR,ERR,ERR,ERR,ERR,ERR,ERR,ERR,ERR,ERR,ERR,ERR,ERR,ERR,ERR,ERR,ERR,ERR,ERR,ERR,ERR,ERR,ERR,ERR,ERR,ERR,ERR,ERR,ERR,ERR,ERR,ERR,ERR,ERR,ERR,ERR,ERR,ERR,ERR,ERR,ERR,ERR,ERR,ERR,ERR,ERR,ERR,ERR,ERR,ERR,ERR,ERR,ERR,ERR,ERR,ERR,ERR,ERR,ERR,ERR,ERR,ERR,ERR,ERR,ERR,ERR,ERR,ERR,ERR,ERR,ERR,ERR,ERR,ERR,ERR,ERR,ERR,ERR,ERR,ERR,ERR,-0.0,2.718431101732002e+23,-0.0,0.059,0.0,1.3936040501711995e+18,7.805,0.0,0,0,4,48926,6720,14723890282496.0,100,0.0,0.0,0.0,-0.0,0.0,0,0,0,0,0.0,0,0,0,0,0,0,0,0,0,0,0,0,0,0,0,0,0,0,0,0,0,0,0,0,0,0,0,0,0,0,0,0,0,26,51,50,76,65476,0,300,0,0,8,21553,0.0,-107605600.0,0.0,0.0,0.0,0.0,0.0,0.0,0.0,0.0,0.0,0.0,0.0,0.0,0.0,0.0,0.0,0.0,0.0,0.0,0.0,0.0,0.0,-0.0,0.0,0.0,0.0,0.0,0.0,0.0,4749.0,-1.0406643905049406e+34,7295.0,-0.0,2.718431101732002e+23,-107615360.0,-107615392.0,0.0,0.0,0.0,0.0,77,71.63,-0.0,0.0,0.0,0.0,0.0,0.0,0.0,0.0,0,0,0,0.0,0.0,0.0,0.0,0.0,0.0,0.0,0.0,0.0,0.0,0.0,0.0,0.0,0.0,0.0,0.0,0,-107875648.0,77,0.0,154,0.0,-0.0,ERR,ERR,ERR,ERR,ERR,ERR,ERR,ERR,ERR,ERR,ERR,ERR,ERR,ERR,ERR,ERR,ERR,ERR,ERR,ERR,ERR,ERR,ERR,ERR,ERR,ERR,ERR,ERR,ERR,ERR,ERR,ERR,ERR,ERR,ERR,ERR,ERR,ERR,ERR,ERR,ERR,ERR,ERR,ERR,ERR,ERR,ERR,ERR,ERR,ERR,ERR,ERR,ERR,ERR,ERR,ERR,ERR,ERR,ERR,ERR,ERR,ERR,ERR,ERR,ERR,ERR,ERR,34.0,80.0,35,0.0,0.0,0.0,0.0,0.0,0.0,0.0,0.0,0.0,0.0,0.0,0.0,0.0,0.0,0.0,0.0,66.0,0,120,58,53,65476,0,300,0,0,8,20529,65476,0,0,57672,80.0,0.0,0.0,0.0,0.0,0.0
2026-06-18T02:28:39,ERR,ERR,ERR,ERR,ERR,ERR,ERR,ERR,ERR,ERR,ERR,ERR,ERR,ERR,ERR,ERR,ERR,ERR,ERR,ERR,ERR,ERR,ERR,ERR,ERR,ERR,ERR,ERR,ERR,ERR,ERR,ERR,ERR,ERR,ERR,ERR,ERR,ERR,ERR,ERR,ERR,ERR,ERR,ERR,ERR,ERR,ERR,ERR,ERR,ERR,ERR,ERR,ERR,ERR,ERR,ERR,ERR,ERR,ERR,ERR,ERR,ERR,ERR,ERR,ERR,ERR,ERR,ERR,ERR,ERR,ERR,ERR,ERR,ERR,ERR,ERR,ERR,ERR,ERR,ERR,ERR,ERR,ERR,ERR,ERR,ERR,ERR,ERR,ERR,ERR,ERR,ERR,ERR,ERR,ERR,ERR,ERR,ERR,ERR,ERR,ERR,ERR,ERR,ERR,ERR,ERR,ERR,ERR,ERR,ERR,ERR,ERR,ERR,ERR,ERR,ERR,ERR,ERR,ERR,ERR,ERR,ERR,ERR,ERR,ERR,-0.0,2.718431101732002e+23,-0.0,-152005385388032.0,-0.0,1.3936040501711995e+18,7.805,-2306705457152.0,0,0,4,48929,6720,14723890282496.0,100,0.0,0.0,0.0,0.059,0.0,0,0,0,0,0.0,0,0,0,0,0,0,0,0,0,0,0,0,0,0,0,0,0,0,0,0,0,0,0,0,0,0,0,0,0,0,0,0,0,26,51,50,76,65476,0,300,0,0,8,21553,0.0,-107605600.0,0.0,0.0,0.0,0.0,0.0,0.0,0.0,0.0,0.0,0.0,0.0,0.0,0.0,0.0,0.0,0.0,0.0,0.0,0.0,0.0,0.0,-0.0,0.0,2.004,0.0,0.0,0.0,0.0,4754.0,-1.5879278419570017e+29,7294.0,-0.0,2.718431101732002e+23,-107615360.0,-107615392.0,0.0,0.0,0.0,0.0,77,1.905698292272988e+17,-0.0,0.0,0.0,0.0,0.0,0.0,0.0,0.0,0,0,0,0.0,0.0,0.0,0.0,0.0,0.0,0.0,0.0,0.0,0.0,0.0,0.0,0.0,0.0,0.0,0.0,0,-107875648.0,77,0.0,154,0.0,-0.0,ERR,ERR,ERR,ERR,ERR,ERR,ERR,ERR,ERR,ERR,ERR,ERR,ERR,ERR,ERR,ERR,ERR,ERR,ERR,ERR,ERR,ERR,ERR,ERR,ERR,ERR,ERR,ERR,ERR,ERR,ERR,ERR,ERR,ERR,ERR,ERR,ERR,ERR,ERR,ERR,ERR,ERR,ERR,ERR,ERR,ERR,ERR,ERR,ERR,ERR,ERR,ERR,ERR,ERR,ERR,ERR,ERR,ERR,ERR,ERR,ERR,ERR,ERR,ERR,ERR,ERR,ERR,34.0,80.0,35,0.0,0.0,0.0,0.0,0.0,0.0,0.0,0.0,0.0,0.0,0.0,0.0,0.0,0.0,0.0,0.0,66.0,0,120,58,53,65476,0,300,0,0,8,20529,65476,0,0,57672,80.0,0.0,0.0,0.0,0.0,0.0
2026-06-18T02:28:40,ERR,ERR,ERR,ERR,ERR,ERR,ERR,ERR,ERR,ERR,ERR,ERR,ERR,ERR,ERR,ERR,ERR,ERR,ERR,ERR,ERR,ERR,ERR,ERR,ERR,ERR,ERR,ERR,ERR,ERR,ERR,ERR,ERR,ERR,ERR,ERR,ERR,ERR,ERR,ERR,ERR,ERR,ERR,ERR,ERR,ERR,ERR,ERR,ERR,ERR,ERR,ERR,ERR,ERR,ERR,ERR,ERR,ERR,ERR,ERR,ERR,ERR,ERR,ERR,ERR,ERR,ERR,ERR,ERR,ERR,ERR,ERR,ERR,ERR,ERR,ERR,ERR,ERR,ERR,ERR,ERR,ERR,ERR,ERR,ERR,ERR,ERR,ERR,ERR,ERR,ERR,ERR,ERR,ERR,ERR,ERR,ERR,ERR,ERR,ERR,ERR,ERR,ERR,ERR,ERR,ERR,ERR,ERR,ERR,ERR,ERR,ERR,ERR,ERR,ERR,ERR,ERR,ERR,ERR,ERR,ERR,ERR,ERR,ERR,ERR,-0.0,2.718431101732002e+23,-0.0,-152005385388032.0,-0.0,1.3936040501711995e+18,7.805,-2306705457152.0,0,0,4,48929,6720,14723890282496.0,100,0.0,0.0,0.0,0.059,0.0,0,0,0,0,0.0,0,0,0,0,0,0,0,0,0,0,0,0,0,0,0,0,0,0,0,0,0,0,0,0,0,0,0,0,0,0,0,0,0,26,51,50,76,65476,0,300,0,0,8,21553,0.0,-107605600.0,0.0,0.0,0.0,0.0,0.0,0.0,0.0,0.0,0.0,0.0,0.0,0.0,0.0,0.0,0.0,0.0,0.0,0.0,0.0,0.0,0.0,-0.0,0.0,2.004,0.0,0.0,0.0,0.0,4754.0,-1.5879278419570017e+29,7294.0,-0.0,2.718431101732002e+23,-107615360.0,-107615392.0,0.0,0.0,0.0,0.0,77,1.905698292272988e+17,-0.0,0.0,0.0,0.0,0.0,0.0,0.0,0.0,0,0,0,0.0,0.0,0.0,0.0,0.0,0.0,0.0,0.0,0.0,0.0,0.0,0.0,0.0,0.0,0.0,0.0,0,-107875648.0,77,0.0,154,0.0,-0.0,ERR,ERR,ERR,ERR,ERR,ERR,ERR,ERR,ERR,ERR,ERR,ERR,ERR,ERR,ERR,ERR,ERR,ERR,ERR,ERR,ERR,ERR,ERR,ERR,ERR,ERR,ERR,ERR,ERR,ERR,ERR,ERR,ERR,ERR,ERR,ERR,ERR,ERR,ERR,ERR,ERR,ERR,ERR,ERR,ERR,ERR,ERR,ERR,ERR,ERR,ERR,ERR,ERR,ERR,ERR,ERR,ERR,ERR,ERR,ERR,ERR,ERR,ERR,ERR,ERR,ERR,ERR,34.0,80.0,35,0.0,0.0,0.0,0.0,0.0,0.0,0.0,0.0,0.0,0.0,0.0,0.0,0.0,0.0,0.0,0.0,66.0,0,120,58,53,65476,0,300,0,0,8,20529,65476,0,0,57672,80.0,0.0,0.0,0.0,0.0,0.0
2026-06-18T02:28:41,ERR,ERR,ERR,ERR,ERR,ERR,ERR,ERR,ERR,ERR,ERR,ERR,ERR,ERR,ERR,ERR,ERR,ERR,ERR,ERR,ERR,ERR,ERR,ERR,ERR,ERR,ERR,ERR,ERR,ERR,ERR,ERR,ERR,ERR,ERR,ERR,ERR,ERR,ERR,ERR,ERR,ERR,ERR,ERR,ERR,ERR,ERR,ERR,ERR,ERR,ERR,ERR,ERR,ERR,ERR,ERR,ERR,ERR,ERR,ERR,ERR,ERR,ERR,ERR,ERR,ERR,ERR,ERR,ERR,ERR,ERR,ERR,ERR,ERR,ERR,ERR,ERR,ERR,ERR,ERR,ERR,ERR,ERR,ERR,ERR,ERR,ERR,ERR,ERR,ERR,ERR,ERR,ERR,ERR,ERR,ERR,ERR,ERR,ERR,ERR,ERR,ERR,ERR,ERR,ERR,ERR,ERR,ERR,ERR,ERR,ERR,ERR,ERR,ERR,ERR,ERR,ERR,ERR,ERR,ERR,ERR,ERR,ERR,ERR,ERR,-0.0,2.718431101732002e+23,-0.0,-152005385388032.0,-0.0,1.3936040501711995e+18,7.805,-2306705457152.0,0,0,4,48929,6720,14723890282496.0,100,0.0,0.0,0.0,0.059,0.0,0,0,0,0,0.0,0,0,0,0,0,0,0,0,0,0,0,0,0,0,0,0,0,0,0,0,0,0,0,0,0,0,0,0,0,0,0,0,0,26,51,50,76,65476,0,300,0,0,8,21553,0.0,-107605600.0,0.0,0.0,0.0,0.0,0.0,0.0,0.0,0.0,0.0,0.0,0.0,0.0,0.0,0.0,0.0,0.0,0.0,0.0,0.0,0.0,0.0,-0.0,0.0,2.004,0.0,0.0,0.0,0.0,4754.0,-1.5879278419570017e+29,7294.0,-0.0,2.718431101732002e+23,-107615360.0,-107615392.0,0.0,0.0,0.0,0.0,77,1.905698292272988e+17,-0.0,0.0,0.0,0.0,0.0,0.0,0.0,0.0,0,0,0,0.0,0.0,0.0,0.0,0.0,0.0,0.0,0.0,0.0,0.0,0.0,0.0,0.0,0.0,0.0,0.0,0,-107875648.0,77,0.0,154,0.0,-0.0,ERR,ERR,ERR,ERR,ERR,ERR,ERR,ERR,ERR,ERR,ERR,ERR,ERR,ERR,ERR,ERR,ERR,ERR,ERR,ERR,ERR,ERR,ERR,ERR,ERR,ERR,ERR,ERR,ERR,ERR,ERR,ERR,ERR,ERR,ERR,ERR,ERR,ERR,ERR,ERR,ERR,ERR,ERR,ERR,ERR,ERR,ERR,ERR,ERR,ERR,ERR,ERR,ERR,ERR,ERR,ERR,ERR,ERR,ERR,ERR,ERR,ERR,ERR,ERR,ERR,ERR,ERR,34.0,80.0,35,0.0,0.0,0.0,0.0,0.0,0.0,0.0,0.0,0.0,0.0,0.0,0.0,0.0,0.0,0.0,0.0,66.0,0,120,58,53,65476,0,300,0,0,8,20529,65476,0,0,57672,80.0,0.0,0.0,0.0,0.0,0.0
2026-06-18T02:28:42,ERR,ERR,ERR,ERR,ERR,ERR,ERR,ERR,ERR,ERR,ERR,ERR,ERR,ERR,ERR,ERR,ERR,ERR,ERR,ERR,ERR,ERR,ERR,ERR,ERR,ERR,ERR,ERR,ERR,ERR,ERR,ERR,ERR,ERR,ERR,ERR,ERR,ERR,ERR,ERR,ERR,ERR,ERR,ERR,ERR,ERR,ERR,ERR,ERR,ERR,ERR,ERR,ERR,ERR,ERR,ERR,ERR,ERR,ERR,ERR,ERR,ERR,ERR,ERR,ERR,ERR,ERR,ERR,ERR,ERR,ERR,ERR,ERR,ERR,ERR,ERR,ERR,ERR,ERR,ERR,ERR,ERR,ERR,ERR,ERR,ERR,ERR,ERR,ERR,ERR,ERR,ERR,ERR,ERR,ERR,ERR,ERR,ERR,ERR,ERR,ERR,ERR,ERR,ERR,ERR,ERR,ERR,ERR,ERR,ERR,ERR,ERR,ERR,ERR,ERR,ERR,ERR,ERR,ERR,ERR,ERR,ERR,ERR,ERR,ERR,-0.0,2.718431101732002e+23,-0.0,-152005385388032.0,-0.0,1.3936040501711995e+18,7.805,-2306705457152.0,0,0,4,48929,6720,14723890282496.0,100,0.0,0.0,0.0,0.059,0.0,0,0,0,0,0.0,0,0,0,0,0,0,0,0,0,0,0,0,0,0,0,0,0,0,0,0,0,0,0,0,0,0,0,0,0,0,0,0,0,26,51,50,76,65476,0,300,0,0,8,21553,0.0,-107605600.0,0.0,0.0,0.0,0.0,0.0,0.0,0.0,0.0,0.0,0.0,0.0,0.0,0.0,0.0,0.0,0.0,0.0,0.0,0.0,0.0,0.0,-0.0,0.0,2.004,0.0,0.0,0.0,0.0,4754.0,-1.5879278419570017e+29,7294.0,-0.0,2.718431101732002e+23,-107615360.0,-107615392.0,0.0,0.0,0.0,0.0,77,1.905698292272988e+17,-0.0,0.0,0.0,0.0,0.0,0.0,0.0,0.0,0,0,0,0.0,0.0,0.0,0.0,0.0,0.0,0.0,0.0,0.0,0.0,0.0,0.0,0.0,0.0,0.0,0.0,0,-107875648.0,77,0.0,154,0.0,-0.0,ERR,ERR,ERR,ERR,ERR,ERR,ERR,ERR,ERR,ERR,ERR,ERR,ERR,ERR,ERR,ERR,ERR,ERR,ERR,ERR,ERR,ERR,ERR,ERR,ERR,ERR,ERR,ERR,ERR,ERR,ERR,ERR,ERR,ERR,ERR,ERR,ERR,ERR,ERR,ERR,ERR,ERR,ERR,ERR,ERR,ERR,ERR,ERR,ERR,ERR,ERR,ERR,ERR,ERR,ERR,ERR,ERR,ERR,ERR,ERR,ERR,ERR,ERR,ERR,ERR,ERR,ERR,34.0,80.0,35,0.0,0.0,0.0,0.0,0.0,0.0,0.0,0.0,0.0,0.0,0.0,0.0,0.0,0.0,0.0,0.0,66.0,0,120,58,53,65476,0,300,0,0,8,20529,65476,0,0,57672,80.0,0.0,0.0,0.0,0.0,0.0
2026-06-18T02:28:43,ERR,ERR,ERR,ERR,ERR,ERR,ERR,ERR,ERR,ERR,ERR,ERR,ERR,ERR,ERR,ERR,ERR,ERR,ERR,ERR,ERR,ERR,ERR,ERR,ERR,ERR,ERR,ERR,ERR,ERR,ERR,ERR,ERR,ERR,ERR,ERR,ERR,ERR,ERR,ERR,ERR,ERR,ERR,ERR,ERR,ERR,ERR,ERR,ERR,ERR,ERR,ERR,ERR,ERR,ERR,ERR,ERR,ERR,ERR,ERR,ERR,ERR,ERR,ERR,ERR,ERR,ERR,ERR,ERR,ERR,ERR,ERR,ERR,ERR,ERR,ERR,ERR,ERR,ERR,ERR,ERR,ERR,ERR,ERR,ERR,ERR,ERR,ERR,ERR,ERR,ERR,ERR,ERR,ERR,ERR,ERR,ERR,ERR,ERR,ERR,ERR,ERR,ERR,ERR,ERR,ERR,ERR,ERR,ERR,ERR,ERR,ERR,ERR,ERR,ERR,ERR,ERR,ERR,ERR,ERR,ERR,ERR,ERR,ERR,ERR,-0.0,2.718431101732002e+23,-0.0,-152005385388032.0,-0.0,1.3936040501711995e+18,7.805,-2306705457152.0,0,0,4,48929,6720,14723890282496.0,100,0.0,0.0,0.0,0.059,0.0,0,0,0,0,0.0,0,0,0,0,0,0,0,0,0,0,0,0,0,0,0,0,0,0,0,0,0,0,0,0,0,0,0,0,0,0,0,0,0,26,51,50,76,65476,0,300,0,0,8,21553,0.0,-107605600.0,0.0,0.0,0.0,0.0,0.0,0.0,0.0,0.0,0.0,0.0,0.0,0.0,0.0,0.0,0.0,0.0,0.0,0.0,0.0,0.0,0.0,-0.0,0.0,2.004,0.0,0.0,0.0,0.0,4754.0,-1.5879278419570017e+29,7294.0,-0.0,2.718431101732002e+23,-107615360.0,-107615392.0,0.0,0.0,0.0,0.0,77,1.905698292272988e+17,-0.0,0.0,0.0,0.0,0.0,0.0,0.0,0.0,0,0,0,0.0,0.0,0.0,0.0,0.0,0.0,0.0,0.0,0.0,0.0,0.0,0.0,0.0,0.0,0.0,0.0,0,-107875648.0,77,0.0,154,0.0,-0.0,ERR,ERR,ERR,ERR,ERR,ERR,ERR,ERR,ERR,ERR,ERR,ERR,ERR,ERR,ERR,ERR,ERR,ERR,ERR,ERR,ERR,ERR,ERR,ERR,ERR,ERR,ERR,ERR,ERR,ERR,ERR,ERR,ERR,ERR,ERR,ERR,ERR,ERR,ERR,ERR,ERR,ERR,ERR,ERR,ERR,ERR,ERR,ERR,ERR,ERR,ERR,ERR,ERR,ERR,ERR,ERR,ERR,ERR,ERR,ERR,ERR,ERR,ERR,ERR,ERR,ERR,ERR,34.0,80.0,35,0.0,0.0,0.0,0.0,0.0,0.0,0.0,0.0,0.0,0.0,0.0,0.0,0.0,0.0,0.0,0.0,66.0,0,120,58,53,65476,0,300,0,0,8,20529,65476,0,0,57672,80.0,0.0,0.0,0.0,0.0,0.0
2026-06-18T02:28:44,ERR,ERR,ERR,ERR,ERR,ERR,ERR,ERR,ERR,ERR,ERR,ERR,ERR,ERR,ERR,ERR,ERR,ERR,ERR,ERR,ERR,ERR,ERR,ERR,ERR,ERR,ERR,ERR,ERR,ERR,ERR,ERR,ERR,ERR,ERR,ERR,ERR,ERR,ERR,ERR,ERR,ERR,ERR,ERR,ERR,ERR,ERR,ERR,ERR,ERR,ERR,ERR,ERR,ERR,ERR,ERR,ERR,ERR,ERR,ERR,ERR,ERR,ERR,ERR,ERR,ERR,ERR,ERR,ERR,ERR,ERR,ERR,ERR,ERR,ERR,ERR,ERR,ERR,ERR,ERR,ERR,ERR,ERR,ERR,ERR,ERR,ERR,ERR,ERR,ERR,ERR,ERR,ERR,ERR,ERR,ERR,ERR,ERR,ERR,ERR,ERR,ERR,ERR,ERR,ERR,ERR,ERR,ERR,ERR,ERR,ERR,ERR,ERR,ERR,ERR,ERR,ERR,ERR,ERR,ERR,ERR,ERR,ERR,ERR,ERR,-0.0,2.718431101732002e+23,-0.0,0.059,0.0,1.3936040501711995e+18,7.805,0.0,0,0,4,48926,6720,14723890282496.0,100,0.0,0.0,0.0,-0.0,0.0,0,0,0,0,0.0,0,0,0,0,0,0,0,0,0,0,0,0,0,0,0,0,0,0,0,0,0,0,0,0,0,0,0,0,0,0,0,0,0,26,51,50,76,65476,0,300,0,0,8,21553,0.0,-107605600.0,0.0,0.0,0.0,0.0,0.0,0.0,0.0,0.0,0.0,0.0,0.0,0.0,0.0,0.0,0.0,0.0,0.0,0.0,0.0,0.0,0.0,-0.0,0.0,2.004,0.0,0.0,0.0,0.0,4756.0,-2.4229855986892726e+24,7293.0,-0.0,2.718431101732002e+23,-107615360.0,0.0,0.0,0.0,0.0,0.0,77,2.7184303811560617e+23,-0.0,0.0,0.0,0.0,0.0,0.0,0.0,0.0,0,0,0,0.0,0.0,0.0,0.0,0.0,0.0,0.0,0.0,0.0,0.0,0.0,0.0,0.0,0.0,0.0,0.0,0,-107875648.0,77,0.0,154,0.0,-0.0,ERR,ERR,ERR,ERR,ERR,ERR,ERR,ERR,ERR,ERR,ERR,ERR,ERR,ERR,ERR,ERR,ERR,ERR,ERR,ERR,ERR,ERR,ERR,ERR,ERR,ERR,ERR,ERR,ERR,ERR,ERR,ERR,ERR,ERR,ERR,ERR,ERR,ERR,ERR,ERR,ERR,ERR,ERR,ERR,ERR,ERR,ERR,ERR,ERR,ERR,ERR,ERR,ERR,ERR,ERR,ERR,ERR,ERR,ERR,ERR,ERR,ERR,ERR,ERR,ERR,ERR,ERR,34.0,80.0,35,0.0,0.0,0.0,0.0,0.0,0.0,0.0,0.0,0.0,0.0,0.0,0.0,0.0,0.0,0.0,0.0,66.0,0,120,58,53,65476,0,300,0,0,8,20529,65476,0,0,57672,80.0,0.0,0.0,0.0,0.0,0.0
2026-06-18T02:28:45,ERR,ERR,ERR,ERR,ERR,ERR,ERR,ERR,ERR,ERR,ERR,ERR,ERR,ERR,ERR,ERR,ERR,ERR,ERR,ERR,ERR,ERR,ERR,ERR,ERR,ERR,ERR,ERR,ERR,ERR,ERR,ERR,ERR,ERR,ERR,ERR,ERR,ERR,ERR,ERR,ERR,ERR,ERR,ERR,ERR,ERR,ERR,ERR,ERR,ERR,ERR,ERR,ERR,ERR,ERR,ERR,ERR,ERR,ERR,ERR,ERR,ERR,ERR,ERR,ERR,ERR,ERR,ERR,ERR,ERR,ERR,ERR,ERR,ERR,ERR,ERR,ERR,ERR,ERR,ERR,ERR,ERR,ERR,ERR,ERR,ERR,ERR,ERR,ERR,ERR,ERR,ERR,ERR,ERR,ERR,ERR,ERR,ERR,ERR,ERR,ERR,ERR,ERR,ERR,ERR,ERR,ERR,ERR,ERR,ERR,ERR,ERR,ERR,ERR,ERR,ERR,ERR,ERR,ERR,ERR,ERR,ERR,ERR,ERR,ERR,-0.0,2.718431101732002e+23,-0.0,0.059,0.0,1.3936040501711995e+18,7.805,0.0,0,0,4,48926,6720,14723890282496.0,100,0.0,0.0,0.0,-0.0,0.0,0,0,0,0,0.0,0,0,0,0,0,0,0,0,0,0,0,0,0,0,0,0,0,0,0,0,0,0,0,0,0,0,0,0,0,0,0,0,0,26,51,50,76,65476,0,300,0,0,8,21553,0.0,-107605600.0,0.0,0.0,0.0,0.0,0.0,0.0,0.0,0.0,0.0,0.0,0.0,0.0,0.0,0.0,0.0,0.0,0.0,0.0,0.0,0.0,0.0,-0.0,0.0,2.004,0.0,0.0,0.0,0.0,4756.0,-2.4229855986892726e+24,7293.0,-0.0,2.718431101732002e+23,-107615360.0,0.0,0.0,0.0,0.0,0.0,77,2.7184303811560617e+23,-0.0,0.0,0.0,0.0,0.0,0.0,0.0,0.0,0,0,0,0.0,0.0,0.0,0.0,0.0,0.0,0.0,0.0,0.0,0.0,0.0,0.0,0.0,0.0,0.0,0.0,0,-107875648.0,77,0.0,154,0.0,-0.0,ERR,ERR,ERR,ERR,ERR,ERR,ERR,ERR,ERR,ERR,ERR,ERR,ERR,ERR,ERR,ERR,ERR,ERR,ERR,ERR,ERR,ERR,ERR,ERR,ERR,ERR,ERR,ERR,ERR,ERR,ERR,ERR,ERR,ERR,ERR,ERR,ERR,ERR,ERR,ERR,ERR,ERR,ERR,ERR,ERR,ERR,ERR,ERR,ERR,ERR,ERR,ERR,ERR,ERR,ERR,ERR,ERR,ERR,ERR,ERR,ERR,ERR,ERR,ERR,ERR,ERR,ERR,34.0,80.0,35,0.0,0.0,0.0,0.0,0.0,0.0,0.0,0.0,0.0,0.0,0.0,0.0,0.0,0.0,0.0,0.0,66.0,0,120,58,53,65476,0,300,0,0,8,20529,65476,0,0,57672,80.0,0.0,0.0,0.0,0.0,0.0
2026-06-18T02:28:46,ERR,ERR,ERR,ERR,ERR,ERR,ERR,ERR,ERR,ERR,ERR,ERR,ERR,ERR,ERR,ERR,ERR,ERR,ERR,ERR,ERR,ERR,ERR,ERR,ERR,ERR,ERR,ERR,ERR,ERR,ERR,ERR,ERR,ERR,ERR,ERR,ERR,ERR,ERR,ERR,ERR,ERR,ERR,ERR,ERR,ERR,ERR,ERR,ERR,ERR,ERR,ERR,ERR,ERR,ERR,ERR,ERR,ERR,ERR,ERR,ERR,ERR,ERR,ERR,ERR,ERR,ERR,ERR,ERR,ERR,ERR,ERR,ERR,ERR,ERR,ERR,ERR,ERR,ERR,ERR,ERR,ERR,ERR,ERR,ERR,ERR,ERR,ERR,ERR,ERR,ERR,ERR,ERR,ERR,ERR,ERR,ERR,ERR,ERR,ERR,ERR,ERR,ERR,ERR,ERR,ERR,ERR,ERR,ERR,ERR,ERR,ERR,ERR,ERR,ERR,ERR,ERR,ERR,ERR,ERR,ERR,ERR,ERR,ERR,ERR,-0.0,2.718431101732002e+23,-0.0,0.059,0.0,1.3936040501711995e+18,7.805,0.0,0,0,4,48926,6720,14723890282496.0,100,0.0,0.0,0.0,-0.0,0.0,0,0,0,0,0.0,0,0,0,0,0,0,0,0,0,0,0,0,0,0,0,0,0,0,0,0,0,0,0,0,0,0,0,0,0,0,0,0,0,26,51,50,76,65476,0,300,0,0,8,21553,0.0,-107605600.0,0.0,0.0,0.0,0.0,0.0,0.0,0.0,0.0,0.0,0.0,0.0,0.0,0.0,0.0,0.0,0.0,0.0,0.0,0.0,0.0,0.0,-0.0,0.0,2.004,0.0,0.0,0.0,0.0,4756.0,-2.4229855986892726e+24,7293.0,-0.0,2.718431101732002e+23,-107615360.0,0.0,0.0,0.0,0.0,0.0,77,2.7184303811560617e+23,-0.0,0.0,0.0,0.0,0.0,0.0,0.0,0.0,0,0,0,0.0,0.0,0.0,0.0,0.0,0.0,0.0,0.0,0.0,0.0,0.0,0.0,0.0,0.0,0.0,0.0,0,-107875648.0,77,0.0,154,0.0,-0.0,ERR,ERR,ERR,ERR,ERR,ERR,ERR,ERR,ERR,ERR,ERR,ERR,ERR,ERR,ERR,ERR,ERR,ERR,ERR,ERR,ERR,ERR,ERR,ERR,ERR,ERR,ERR,ERR,ERR,ERR,ERR,ERR,ERR,ERR,ERR,ERR,ERR,ERR,ERR,ERR,ERR,ERR,ERR,ERR,ERR,ERR,ERR,ERR,ERR,ERR,ERR,ERR,ERR,ERR,ERR,ERR,ERR,ERR,ERR,ERR,ERR,ERR,ERR,ERR,ERR,ERR,ERR,34.0,80.0,35,0.0,0.0,0.0,0.0,0.0,0.0,0.0,0.0,0.0,0.0,0.0,0.0,0.0,0.0,0.0,0.0,66.0,0,120,58,53,65476,0,300,0,0,8,20529,65476,0,0,57672,80.0,0.0,0.0,0.0,0.0,0.0
2026-06-18T02:28:47,ERR,ERR,ERR,ERR,ERR,ERR,ERR,ERR,ERR,ERR,ERR,ERR,ERR,ERR,ERR,ERR,ERR,ERR,ERR,ERR,ERR,ERR,ERR,ERR,ERR,ERR,ERR,ERR,ERR,ERR,ERR,ERR,ERR,ERR,ERR,ERR,ERR,ERR,ERR,ERR,ERR,ERR,ERR,ERR,ERR,ERR,ERR,ERR,ERR,ERR,ERR,ERR,ERR,ERR,ERR,ERR,ERR,ERR,ERR,ERR,ERR,ERR,ERR,ERR,ERR,ERR,ERR,ERR,ERR,ERR,ERR,ERR,ERR,ERR,ERR,ERR,ERR,ERR,ERR,ERR,ERR,ERR,ERR,ERR,ERR,ERR,ERR,ERR,ERR,ERR,ERR,ERR,ERR,ERR,ERR,ERR,ERR,ERR,ERR,ERR,ERR,ERR,ERR,ERR,ERR,ERR,ERR,ERR,ERR,ERR,ERR,ERR,ERR,ERR,ERR,ERR,ERR,ERR,ERR,ERR,ERR,ERR,ERR,ERR,ERR,-0.0,2.718431101732002e+23,-0.0,0.059,0.0,1.3936040501711995e+18,7.805,0.0,0,0,4,48926,6720,14723890282496.0,100,0.0,0.0,0.0,-0.0,0.0,0,0,0,0,0.0,0,0,0,0,0,0,0,0,0,0,0,0,0,0,0,0,0,0,0,0,0,0,0,0,0,0,0,0,0,0,0,0,0,26,51,50,76,65476,0,300,0,0,8,21553,0.0,-107605600.0,0.0,0.0,0.0,0.0,0.0,0.0,0.0,0.0,0.0,0.0,0.0,0.0,0.0,0.0,0.0,0.0,0.0,0.0,0.0,0.0,0.0,-0.0,0.0,2.004,0.0,0.0,0.0,0.0,4756.0,-2.4229855986892726e+24,7293.0,-0.0,2.718431101732002e+23,-107615360.0,0.0,0.0,0.0,0.0,0.0,77,2.7184303811560617e+23,-0.0,0.0,0.0,0.0,0.0,0.0,0.0,0.0,0,0,0,0.0,0.0,0.0,0.0,0.0,0.0,0.0,0.0,0.0,0.0,0.0,0.0,0.0,0.0,0.0,0.0,0,-107875648.0,77,0.0,154,0.0,-0.0,ERR,ERR,ERR,ERR,ERR,ERR,ERR,ERR,ERR,ERR,ERR,ERR,ERR,ERR,ERR,ERR,ERR,ERR,ERR,ERR,ERR,ERR,ERR,ERR,ERR,ERR,ERR,ERR,ERR,ERR,ERR,ERR,ERR,ERR,ERR,ERR,ERR,ERR,ERR,ERR,ERR,ERR,ERR,ERR,ERR,ERR,ERR,ERR,ERR,ERR,ERR,ERR,ERR,ERR,ERR,ERR,ERR,ERR,ERR,ERR,ERR,ERR,ERR,ERR,ERR,ERR,ERR,34.0,80.0,35,0.0,0.0,0.0,0.0,0.0,0.0,0.0,0.0,0.0,0.0,0.0,0.0,0.0,0.0,0.0,0.0,65.6,0,120,58,53,65476,0,300,0,0,8,20529,65476,0,0,57672,80.0,0.0,0.0,0.0,0.0,0.0
2026-06-18T02:28:48,ERR,ERR,ERR,ERR,ERR,ERR,ERR,ERR,ERR,ERR,ERR,ERR,ERR,ERR,ERR,ERR,ERR,ERR,ERR,ERR,ERR,ERR,ERR,ERR,ERR,ERR,ERR,ERR,ERR,ERR,ERR,ERR,ERR,ERR,ERR,ERR,ERR,ERR,ERR,ERR,ERR,ERR,ERR,ERR,ERR,ERR,ERR,ERR,ERR,ERR,ERR,ERR,ERR,ERR,ERR,ERR,ERR,ERR,ERR,ERR,ERR,ERR,ERR,ERR,ERR,ERR,ERR,ERR,ERR,ERR,ERR,ERR,ERR,ERR,ERR,ERR,ERR,ERR,ERR,ERR,ERR,ERR,ERR,ERR,ERR,ERR,ERR,ERR,ERR,ERR,ERR,ERR,ERR,ERR,ERR,ERR,ERR,ERR,ERR,ERR,ERR,ERR,ERR,ERR,ERR,ERR,ERR,ERR,ERR,ERR,ERR,ERR,ERR,ERR,ERR,ERR,ERR,ERR,ERR,ERR,ERR,ERR,ERR,ERR,ERR,-0.0,2.718431101732002e+23,-0.0,0.059,0.0,1.3936040501711995e+18,7.805,0.0,0,0,4,48926,6720,14723890282496.0,100,0.0,0.0,0.0,-0.0,0.0,0,0,0,0,0.0,0,0,0,0,0,0,0,0,0,0,0,0,0,0,0,0,0,0,0,0,0,0,0,0,0,0,0,0,0,0,0,0,0,26,51,50,76,65476,0,300,0,0,8,21553,0.0,-107605600.0,0.0,0.0,0.0,0.0,0.0,0.0,0.0,0.0,0.0,0.0,0.0,0.0,0.0,0.0,0.0,0.0,0.0,0.0,0.0,0.0,0.0,-0.0,0.0,2.004,0.0,0.0,0.0,0.0,4756.0,-2.4229855986892726e+24,7293.0,-0.0,2.718431101732002e+23,-107615360.0,0.0,0.0,0.0,0.0,0.0,77,2.7184303811560617e+23,-0.0,0.0,0.0,0.0,0.0,0.0,0.0,0.0,0,0,0,0.0,0.0,0.0,0.0,0.0,0.0,0.0,0.0,0.0,0.0,0.0,0.0,0.0,0.0,0.0,0.0,0,-107875648.0,77,0.0,154,0.0,-0.0,ERR,ERR,ERR,ERR,ERR,ERR,ERR,ERR,ERR,ERR,ERR,ERR,ERR,ERR,ERR,ERR,ERR,ERR,ERR,ERR,ERR,ERR,ERR,ERR,ERR,ERR,ERR,ERR,ERR,ERR,ERR,ERR,ERR,ERR,ERR,ERR,ERR,ERR,ERR,ERR,ERR,ERR,ERR,ERR,ERR,ERR,ERR,ERR,ERR,ERR,ERR,ERR,ERR,ERR,ERR,ERR,ERR,ERR,ERR,ERR,ERR,ERR,ERR,ERR,ERR,ERR,ERR,34.0,80.0,35,0.0,0.0,0.0,0.0,0.0,0.0,0.0,0.0,0.0,0.0,0.0,0.0,0.0,0.0,0.0,0.0,65.6,0,120,58,53,65476,0,300,0,0,8,20529,65476,0,0,57672,80.0,0.0,0.0,0.0,0.0,0.0
2026-06-18T02:28:49,ERR,ERR,ERR,ERR,ERR,ERR,ERR,ERR,ERR,ERR,ERR,ERR,ERR,ERR,ERR,ERR,ERR,ERR,ERR,ERR,ERR,ERR,ERR,ERR,ERR,ERR,ERR,ERR,ERR,ERR,ERR,ERR,ERR,ERR,ERR,ERR,ERR,ERR,ERR,ERR,ERR,ERR,ERR,ERR,ERR,ERR,ERR,ERR,ERR,ERR,ERR,ERR,ERR,ERR,ERR,ERR,ERR,ERR,ERR,ERR,ERR,ERR,ERR,ERR,ERR,ERR,ERR,ERR,ERR,ERR,ERR,ERR,ERR,ERR,ERR,ERR,ERR,ERR,ERR,ERR,ERR,ERR,ERR,ERR,ERR,ERR,ERR,ERR,ERR,ERR,ERR,ERR,ERR,ERR,ERR,ERR,ERR,ERR,ERR,ERR,ERR,ERR,ERR,ERR,ERR,ERR,ERR,ERR,ERR,ERR,ERR,ERR,ERR,ERR,ERR,ERR,ERR,ERR,ERR,ERR,ERR,ERR,ERR,ERR,ERR,-0.0,2.718431101732002e+23,-0.0,0.059,0.0,1.3936040501711995e+18,7.805,0.0,0,0,4,48932,6720,14723890282496.0,100,0.0,0.0,0.0,0.059,0.0,0,0,0,0,0.0,0,0,0,0,0,0,0,0,0,0,0,0,0,0,0,0,0,0,0,0,0,0,0,0,0,0,0,0,0,0,0,0,0,26,51,50,76,65476,0,300,0,0,8,21553,0.0,-107605600.0,0.0,0.0,0.0,0.0,0.0,0.0,0.0,0.0,0.0,0.0,0.0,0.0,0.0,0.0,0.0,0.0,0.0,0.0,0.0,0.0,0.0,-0.0,0.0,2.004,0.0,0.0,0.0,0.0,4754.0,-1.5879278419570017e+29,7294.0,-0.0,2.718431101732002e+23,-107615360.0,0.0,0.0,0.0,0.0,0.0,77,107615360.0,-2.308826292123106e+20,0.0,0.0,0.0,0.0,0.0,0.0,0.0,0,0,0,0.0,0.0,0.0,0.0,0.0,0.0,0.0,0.0,0.0,0.0,0.0,0.0,0.0,0.0,0.0,0.0,0,-107875648.0,77,0.0,154,0.0,-0.0,ERR,ERR,ERR,ERR,ERR,ERR,ERR,ERR,ERR,ERR,ERR,ERR,ERR,ERR,ERR,ERR,ERR,ERR,ERR,ERR,ERR,ERR,ERR,ERR,ERR,ERR,ERR,ERR,ERR,ERR,ERR,ERR,ERR,ERR,ERR,ERR,ERR,ERR,ERR,ERR,ERR,ERR,ERR,ERR,ERR,ERR,ERR,ERR,ERR,ERR,ERR,ERR,ERR,ERR,ERR,ERR,ERR,ERR,ERR,ERR,ERR,ERR,ERR,ERR,ERR,ERR,ERR,34.0,80.0,35,0.0,0.0,0.0,0.0,0.0,0.0,0.0,0.0,0.0,0.0,0.0,0.0,0.0,0.0,0.0,0.0,65.6,0,120,58,53,65476,0,300,0,0,8,20529,65476,0,0,57672,80.0,0.0,0.0,0.0,0.0,0.0
2026-06-18T02:28:50,ERR,ERR,ERR,ERR,ERR,ERR,ERR,ERR,ERR,ERR,ERR,ERR,ERR,ERR,ERR,ERR,ERR,ERR,ERR,ERR,ERR,ERR,ERR,ERR,ERR,ERR,ERR,ERR,ERR,ERR,ERR,ERR,ERR,ERR,ERR,ERR,ERR,ERR,ERR,ERR,ERR,ERR,ERR,ERR,ERR,ERR,ERR,ERR,ERR,ERR,ERR,ERR,ERR,ERR,ERR,ERR,ERR,ERR,ERR,ERR,ERR,ERR,ERR,ERR,ERR,ERR,ERR,ERR,ERR,ERR,ERR,ERR,ERR,ERR,ERR,ERR,ERR,ERR,ERR,ERR,ERR,ERR,ERR,ERR,ERR,ERR,ERR,ERR,ERR,ERR,ERR,ERR,ERR,ERR,ERR,ERR,ERR,ERR,ERR,ERR,ERR,ERR,ERR,ERR,ERR,ERR,ERR,ERR,ERR,ERR,ERR,ERR,ERR,ERR,ERR,ERR,ERR,ERR,ERR,ERR,ERR,ERR,ERR,ERR,ERR,-0.0,2.718431101732002e+23,-0.0,0.059,0.0,1.3936040501711995e+18,7.805,0.0,0,0,4,48932,6720,14723890282496.0,100,0.0,0.0,0.0,0.059,0.0,0,0,0,0,0.0,0,0,0,0,0,0,0,0,0,0,0,0,0,0,0,0,0,0,0,0,0,0,0,0,0,0,0,0,0,0,0,0,0,26,51,50,76,65476,0,300,0,0,8,21553,0.0,-107605600.0,0.0,0.0,0.0,0.0,0.0,0.0,0.0,0.0,0.0,0.0,0.0,0.0,0.0,0.0,0.0,0.0,0.0,0.0,0.0,0.0,0.0,-0.0,0.0,2.004,0.0,0.0,0.0,0.0,4754.0,-1.5879278419570017e+29,7294.0,-0.0,2.718431101732002e+23,-107615360.0,0.0,0.0,0.0,0.0,0.0,77,107615360.0,-2.308826292123106e+20,0.0,0.0,0.0,0.0,0.0,0.0,0.0,0,0,0,0.0,0.0,0.0,0.0,0.0,0.0,0.0,0.0,0.0,0.0,0.0,0.0,0.0,0.0,0.0,0.0,0,-107875648.0,77,0.0,154,0.0,-0.0,ERR,ERR,ERR,ERR,ERR,ERR,ERR,ERR,ERR,ERR,ERR,ERR,ERR,ERR,ERR,ERR,ERR,ERR,ERR,ERR,ERR,ERR,ERR,ERR,ERR,ERR,ERR,ERR,ERR,ERR,ERR,ERR,ERR,ERR,ERR,ERR,ERR,ERR,ERR,ERR,ERR,ERR,ERR,ERR,ERR,ERR,ERR,ERR,ERR,ERR,ERR,ERR,ERR,ERR,ERR,ERR,ERR,ERR,ERR,ERR,ERR,ERR,ERR,ERR,ERR,ERR,ERR,34.0,80.0,35,0.0,0.0,0.0,0.0,0.0,0.0,0.0,0.0,0.0,0.0,0.0,0.0,0.0,0.0,0.0,0.0,66.0,0,120,58,53,65476,0,300,0,0,8,20529,65476,0,0,57672,80.0,0.0,0.0,0.0,0.0,0.0
2026-06-18T02:28:51,ERR,ERR,ERR,ERR,ERR,ERR,ERR,ERR,ERR,ERR,ERR,ERR,ERR,ERR,ERR,ERR,ERR,ERR,ERR,ERR,ERR,ERR,ERR,ERR,ERR,ERR,ERR,ERR,ERR,ERR,ERR,ERR,ERR,ERR,ERR,ERR,ERR,ERR,ERR,ERR,ERR,ERR,ERR,ERR,ERR,ERR,ERR,ERR,ERR,ERR,ERR,ERR,ERR,ERR,ERR,ERR,ERR,ERR,ERR,ERR,ERR,ERR,ERR,ERR,ERR,ERR,ERR,ERR,ERR,ERR,ERR,ERR,ERR,ERR,ERR,ERR,ERR,ERR,ERR,ERR,ERR,ERR,ERR,ERR,ERR,ERR,ERR,ERR,ERR,ERR,ERR,ERR,ERR,ERR,ERR,ERR,ERR,ERR,ERR,ERR,ERR,ERR,ERR,ERR,ERR,ERR,ERR,ERR,ERR,ERR,ERR,ERR,ERR,ERR,ERR,ERR,ERR,ERR,ERR,ERR,ERR,ERR,ERR,ERR,ERR,-0.0,2.718431101732002e+23,-0.0,0.059,0.0,1.3936040501711995e+18,7.805,0.0,0,0,4,48932,6720,14723890282496.0,100,0.0,0.0,0.0,0.059,0.0,0,0,0,0,0.0,0,0,0,0,0,0,0,0,0,0,0,0,0,0,0,0,0,0,0,0,0,0,0,0,0,0,0,0,0,0,0,0,0,26,51,50,76,65476,0,300,0,0,8,21553,0.0,-107605600.0,0.0,0.0,0.0,0.0,0.0,0.0,0.0,0.0,0.0,0.0,0.0,0.0,0.0,0.0,0.0,0.0,0.0,0.0,0.0,0.0,0.0,-0.0,0.0,2.004,0.0,0.0,0.0,0.0,4754.0,-1.5879278419570017e+29,7294.0,-0.0,2.718431101732002e+23,-107615360.0,0.0,0.0,0.0,0.0,0.0,77,107615360.0,-2.308826292123106e+20,0.0,0.0,0.0,0.0,0.0,0.0,0.0,0,0,0,0.0,0.0,0.0,0.0,0.0,0.0,0.0,0.0,0.0,0.0,0.0,0.0,0.0,0.0,0.0,0.0,0,-107875648.0,77,0.0,154,0.0,-0.0,ERR,ERR,ERR,ERR,ERR,ERR,ERR,ERR,ERR,ERR,ERR,ERR,ERR,ERR,ERR,ERR,ERR,ERR,ERR,ERR,ERR,ERR,ERR,ERR,ERR,ERR,ERR,ERR,ERR,ERR,ERR,ERR,ERR,ERR,ERR,ERR,ERR,ERR,ERR,ERR,ERR,ERR,ERR,ERR,ERR,ERR,ERR,ERR,ERR,ERR,ERR,ERR,ERR,ERR,ERR,ERR,ERR,ERR,ERR,ERR,ERR,ERR,ERR,ERR,ERR,ERR,ERR,34.0,80.0,35,0.0,0.0,0.0,0.0,0.0,0.0,0.0,0.0,0.0,0.0,0.0,0.0,0.0,0.0,0.0,0.0,66.0,0,120,58,53,65476,0,300,0,0,8,20529,65476,0,0,57672,80.0,0.0,0.0,0.0,0.0,0.0
2026-06-18T02:28:52,ERR,ERR,ERR,ERR,ERR,ERR,ERR,ERR,ERR,ERR,ERR,ERR,ERR,ERR,ERR,ERR,ERR,ERR,ERR,ERR,ERR,ERR,ERR,ERR,ERR,ERR,ERR,ERR,ERR,ERR,ERR,ERR,ERR,ERR,ERR,ERR,ERR,ERR,ERR,ERR,ERR,ERR,ERR,ERR,ERR,ERR,ERR,ERR,ERR,ERR,ERR,ERR,ERR,ERR,ERR,ERR,ERR,ERR,ERR,ERR,ERR,ERR,ERR,ERR,ERR,ERR,ERR,ERR,ERR,ERR,ERR,ERR,ERR,ERR,ERR,ERR,ERR,ERR,ERR,ERR,ERR,ERR,ERR,ERR,ERR,ERR,ERR,ERR,ERR,ERR,ERR,ERR,ERR,ERR,ERR,ERR,ERR,ERR,ERR,ERR,ERR,ERR,ERR,ERR,ERR,ERR,ERR,ERR,ERR,ERR,ERR,ERR,ERR,ERR,ERR,ERR,ERR,ERR,ERR,ERR,ERR,ERR,ERR,ERR,ERR,-0.0,2.718431101732002e+23,-0.0,0.059,0.0,1.3936040501711995e+18,7.805,0.0,0,0,4,48932,6720,14723890282496.0,100,0.0,0.0,0.0,0.059,0.0,0,0,0,0,0.0,0,0,0,0,0,0,0,0,0,0,0,0,0,0,0,0,0,0,0,0,0,0,0,0,0,0,0,0,0,0,0,0,0,26,51,50,76,65476,0,300,0,0,8,21553,0.0,-107605600.0,0.0,0.0,0.0,0.0,0.0,0.0,0.0,0.0,0.0,0.0,0.0,0.0,0.0,0.0,0.0,0.0,0.0,0.0,0.0,0.0,0.0,-0.0,0.0,2.004,0.0,0.0,0.0,0.0,4754.0,-1.5879278419570017e+29,7294.0,-0.0,2.718431101732002e+23,-107615360.0,0.0,0.0,0.0,0.0,0.0,77,107615360.0,-2.308826292123106e+20,0.0,0.0,0.0,0.0,0.0,0.0,0.0,0,0,0,0.0,0.0,0.0,0.0,0.0,0.0,0.0,0.0,0.0,0.0,0.0,0.0,0.0,0.0,0.0,0.0,0,-107875648.0,77,0.0,154,0.0,-0.0,ERR,ERR,ERR,ERR,ERR,ERR,ERR,ERR,ERR,ERR,ERR,ERR,ERR,ERR,ERR,ERR,ERR,ERR,ERR,ERR,ERR,ERR,ERR,ERR,ERR,ERR,ERR,ERR,ERR,ERR,ERR,ERR,ERR,ERR,ERR,ERR,ERR,ERR,ERR,ERR,ERR,ERR,ERR,ERR,ERR,ERR,ERR,ERR,ERR,ERR,ERR,ERR,ERR,ERR,ERR,ERR,ERR,ERR,ERR,ERR,ERR,ERR,ERR,ERR,ERR,ERR,ERR,34.0,80.0,35,0.0,0.0,0.0,0.0,0.0,0.0,0.0,0.0,0.0,0.0,0.0,0.0,0.0,0.0,0.0,0.0,66.0,0,120,58,53,65476,0,300,0,0,8,20529,65476,0,0,57672,80.0,0.0,0.0,0.0,0.0,0.0
2026-06-18T02:28:53,ERR,ERR,ERR,ERR,ERR,ERR,ERR,ERR,ERR,ERR,ERR,ERR,ERR,ERR,ERR,ERR,ERR,ERR,ERR,ERR,ERR,ERR,ERR,ERR,ERR,ERR,ERR,ERR,ERR,ERR,ERR,ERR,ERR,ERR,ERR,ERR,ERR,ERR,ERR,ERR,ERR,ERR,ERR,ERR,ERR,ERR,ERR,ERR,ERR,ERR,ERR,ERR,ERR,ERR,ERR,ERR,ERR,ERR,ERR,ERR,ERR,ERR,ERR,ERR,ERR,ERR,ERR,ERR,ERR,ERR,ERR,ERR,ERR,ERR,ERR,ERR,ERR,ERR,ERR,ERR,ERR,ERR,ERR,ERR,ERR,ERR,ERR,ERR,ERR,ERR,ERR,ERR,ERR,ERR,ERR,ERR,ERR,ERR,ERR,ERR,ERR,ERR,ERR,ERR,ERR,ERR,ERR,ERR,ERR,ERR,ERR,ERR,ERR,ERR,ERR,ERR,ERR,ERR,ERR,ERR,ERR,ERR,ERR,ERR,ERR,-0.0,2.718431101732002e+23,-0.0,0.059,0.0,1.3936040501711995e+18,7.805,0.0,0,0,4,48932,6720,14723890282496.0,100,0.0,0.0,0.0,0.059,0.0,0,0,0,0,0.0,0,0,0,0,0,0,0,0,0,0,0,0,0,0,0,0,0,0,0,0,0,0,0,0,0,0,0,0,0,0,0,0,0,26,51,50,76,65476,0,300,0,0,8,21553,0.0,-107605600.0,0.0,0.0,0.0,0.0,0.0,0.0,0.0,0.0,0.0,0.0,0.0,0.0,0.0,0.0,0.0,0.0,0.0,0.0,0.0,0.0,0.0,-0.0,0.0,2.004,0.0,0.0,0.0,0.0,4754.0,-1.5879278419570017e+29,7294.0,-0.0,2.718431101732002e+23,-107615360.0,0.0,0.0,0.0,0.0,0.0,77,107615360.0,-2.308826292123106e+20,0.0,0.0,0.0,0.0,0.0,0.0,0.0,0,0,0,0.0,0.0,0.0,0.0,0.0,0.0,0.0,0.0,0.0,0.0,0.0,0.0,0.0,0.0,0.0,0.0,0,-107875648.0,77,0.0,154,0.0,-0.0,ERR,ERR,ERR,ERR,ERR,ERR,ERR,ERR,ERR,ERR,ERR,ERR,ERR,ERR,ERR,ERR,ERR,ERR,ERR,ERR,ERR,ERR,ERR,ERR,ERR,ERR,ERR,ERR,ERR,ERR,ERR,ERR,ERR,ERR,ERR,ERR,ERR,ERR,ERR,ERR,ERR,ERR,ERR,ERR,ERR,ERR,ERR,ERR,ERR,ERR,ERR,ERR,ERR,ERR,ERR,ERR,ERR,ERR,ERR,ERR,ERR,ERR,ERR,ERR,ERR,ERR,ERR,34.0,80.0,35,0.0,0.0,0.0,0.0,0.0,0.0,0.0,0.0,0.0,0.0,0.0,0.0,0.0,0.0,0.0,0.0,66.0,0,120,58,53,65476,0,300,0,0,8,20529,65476,0,0,57672,80.0,0.0,0.0,0.0,0.0,0.0
2026-06-18T02:28:54,ERR,ERR,ERR,ERR,ERR,ERR,ERR,ERR,ERR,ERR,ERR,ERR,ERR,ERR,ERR,ERR,ERR,ERR,ERR,ERR,ERR,ERR,ERR,ERR,ERR,ERR,ERR,ERR,ERR,ERR,ERR,ERR,ERR,ERR,ERR,ERR,ERR,ERR,ERR,ERR,ERR,ERR,ERR,ERR,ERR,ERR,ERR,ERR,ERR,ERR,ERR,ERR,ERR,ERR,ERR,ERR,ERR,ERR,ERR,ERR,ERR,ERR,ERR,ERR,ERR,ERR,ERR,ERR,ERR,ERR,ERR,ERR,ERR,ERR,ERR,ERR,ERR,ERR,ERR,ERR,ERR,ERR,ERR,ERR,ERR,ERR,ERR,ERR,ERR,ERR,ERR,ERR,ERR,ERR,ERR,ERR,ERR,ERR,ERR,ERR,ERR,ERR,ERR,ERR,ERR,ERR,ERR,ERR,ERR,ERR,ERR,ERR,ERR,ERR,ERR,ERR,ERR,ERR,ERR,ERR,ERR,ERR,ERR,ERR,ERR,-0.0,2.718431101732002e+23,-0.0,0.059,0.0,1.3936040501711995e+18,7.805,0.0,0,0,4,48932,6720,14723890282496.0,100,0.0,0.0,0.0,0.059,0.0,0,0,0,0,0.0,0,0,0,0,0,0,0,0,0,0,0,0,0,0,0,0,0,0,0,0,0,0,0,0,0,0,0,0,0,0,0,0,0,26,51,50,76,65476,0,300,0,0,8,21553,0.0,-107605600.0,0.0,0.0,0.0,0.0,0.0,0.0,0.0,0.0,0.0,0.0,0.0,0.0,0.0,0.0,0.0,0.0,0.0,0.0,0.0,0.0,0.0,-0.0,0.0,2.004,0.0,0.0,0.0,0.0,4754.0,-1.5879278419570017e+29,7294.0,-0.0,2.718431101732002e+23,-107615360.0,0.0,0.0,0.0,0.0,0.0,77,107615360.0,-2.308826292123106e+20,0.0,0.0,0.0,0.0,0.0,0.0,0.0,0,0,0,0.0,0.0,0.0,0.0,0.0,0.0,0.0,0.0,0.0,0.0,0.0,0.0,0.0,0.0,0.0,0.0,0,-107875648.0,77,0.0,154,0.0,-0.0,ERR,ERR,ERR,ERR,ERR,ERR,ERR,ERR,ERR,ERR,ERR,ERR,ERR,ERR,ERR,ERR,ERR,ERR,ERR,ERR,ERR,ERR,ERR,ERR,ERR,ERR,ERR,ERR,ERR,ERR,ERR,ERR,ERR,ERR,ERR,ERR,ERR,ERR,ERR,ERR,ERR,ERR,ERR,ERR,ERR,ERR,ERR,ERR,ERR,ERR,ERR,ERR,ERR,ERR,ERR,ERR,ERR,ERR,ERR,ERR,ERR,ERR,ERR,ERR,ERR,ERR,ERR,34.0,80.0,35,0.0,0.0,0.0,0.0,0.0,0.0,0.0,0.0,0.0,0.0,0.0,0.0,0.0,0.0,0.0,0.0,65.6,0,120,58,53,65476,0,300,0,0,8,20529,65476,0,0,57672,80.0,0.0,0.0,0.0,0.0,0.0
2026-06-18T02:28:55,ERR,ERR,ERR,ERR,ERR,ERR,ERR,ERR,ERR,ERR,ERR,ERR,ERR,ERR,ERR,ERR,ERR,ERR,ERR,ERR,ERR,ERR,ERR,ERR,ERR,ERR,ERR,ERR,ERR,ERR,ERR,ERR,ERR,ERR,ERR,ERR,ERR,ERR,ERR,ERR,ERR,ERR,ERR,ERR,ERR,ERR,ERR,ERR,ERR,ERR,ERR,ERR,ERR,ERR,ERR,ERR,ERR,ERR,ERR,ERR,ERR,ERR,ERR,ERR,ERR,ERR,ERR,ERR,ERR,ERR,ERR,ERR,ERR,ERR,ERR,ERR,ERR,ERR,ERR,ERR,ERR,ERR,ERR,ERR,ERR,ERR,ERR,ERR,ERR,ERR,ERR,ERR,ERR,ERR,ERR,ERR,ERR,ERR,ERR,ERR,ERR,ERR,ERR,ERR,ERR,ERR,ERR,ERR,ERR,ERR,ERR,ERR,ERR,ERR,ERR,ERR,ERR,ERR,ERR,ERR,ERR,ERR,ERR,ERR,ERR,-0.0,2.718431101732002e+23,-0.0,-4.9501291711397626e+32,-0.0,1.3936040501711995e+18,7.805,-0.0,0,0,4,48927,6720,14723890282496.0,100,0.0,0.0,0.0,0.0,0.0,0,0,0,0,0.0,0,0,0,0,0,0,0,0,0,0,0,0,0,0,0,0,0,0,0,0,0,0,0,0,0,0,0,0,0,0,0,0,0,26,51,50,76,65476,0,300,0,0,8,21553,0.0,-107605600.0,0.0,0.0,0.0,0.0,0.0,0.0,0.0,0.0,0.0,0.0,0.0,0.0,0.0,0.0,0.0,0.0,0.0,0.0,0.0,0.0,0.0,-0.0,0.0,0.0,0.0,0.0,0.0,0.0,4787.0,0.0,7269.0,-0.0,2.718431101732002e+23,-107615360.0,0.0,0.0,0.0,0.0,0.0,77,2.3088407177156624e+20,-3.221999077894953e+26,0.0,0.0,0.0,0.0,0.0,0.0,0.0,0,0,0,0.0,0.0,0.0,0.0,0.0,0.0,0.0,0.0,0.0,0.0,0.0,0.0,0.0,0.0,0.0,0.0,0,-107875648.0,77,0.0,154,0.0,-0.0,ERR,ERR,ERR,ERR,ERR,ERR,ERR,ERR,ERR,ERR,ERR,ERR,ERR,ERR,ERR,ERR,ERR,ERR,ERR,ERR,ERR,ERR,ERR,ERR,ERR,ERR,ERR,ERR,ERR,ERR,ERR,ERR,ERR,ERR,ERR,ERR,ERR,ERR,ERR,ERR,ERR,ERR,ERR,ERR,ERR,ERR,ERR,ERR,ERR,ERR,ERR,ERR,ERR,ERR,ERR,ERR,ERR,ERR,ERR,ERR,ERR,ERR,ERR,ERR,ERR,ERR,ERR,34.0,80.0,35,0.0,0.0,0.0,0.0,0.0,0.0,0.0,0.0,0.0,0.0,0.0,0.0,0.0,0.0,0.0,0.0,65.6,0,120,58,53,65476,0,300,0,0,8,20529,65476,0,0,57672,80.0,0.0,0.0,0.0,0.0,0.0
2026-06-18T02:28:56,ERR,ERR,ERR,ERR,ERR,ERR,ERR,ERR,ERR,ERR,ERR,ERR,ERR,ERR,ERR,ERR,ERR,ERR,ERR,ERR,ERR,ERR,ERR,ERR,ERR,ERR,ERR,ERR,ERR,ERR,ERR,ERR,ERR,ERR,ERR,ERR,ERR,ERR,ERR,ERR,ERR,ERR,ERR,ERR,ERR,ERR,ERR,ERR,ERR,ERR,ERR,ERR,ERR,ERR,ERR,ERR,ERR,ERR,ERR,ERR,ERR,ERR,ERR,ERR,ERR,ERR,ERR,ERR,ERR,ERR,ERR,ERR,ERR,ERR,ERR,ERR,ERR,ERR,ERR,ERR,ERR,ERR,ERR,ERR,ERR,ERR,ERR,ERR,ERR,ERR,ERR,ERR,ERR,ERR,ERR,ERR,ERR,ERR,ERR,ERR,ERR,ERR,ERR,ERR,ERR,ERR,ERR,ERR,ERR,ERR,ERR,ERR,ERR,ERR,ERR,ERR,ERR,ERR,ERR,ERR,ERR,ERR,ERR,ERR,ERR,-0.0,2.718431101732002e+23,-0.0,-4.9501291711397626e+32,-0.0,1.3936040501711995e+18,7.805,-0.0,0,0,4,48927,6720,14723890282496.0,100,0.0,0.0,0.0,0.0,0.0,0,0,0,0,0.0,0,0,0,0,0,0,0,0,0,0,0,0,0,0,0,0,0,0,0,0,0,0,0,0,0,0,0,0,0,0,0,0,0,26,51,50,76,65476,0,300,0,0,8,21553,0.0,-107605600.0,0.0,0.0,0.0,0.0,0.0,0.0,0.0,0.0,0.0,0.0,0.0,0.0,0.0,0.0,0.0,0.0,0.0,0.0,0.0,0.0,0.0,-0.0,0.0,0.0,0.0,0.0,0.0,0.0,4787.0,0.0,7269.0,-0.0,2.718431101732002e+23,-107615360.0,0.0,0.0,0.0,0.0,0.0,77,2.3088407177156624e+20,-3.221999077894953e+26,0.0,0.0,0.0,0.0,0.0,0.0,0.0,0,0,0,0.0,0.0,0.0,0.0,0.0,0.0,0.0,0.0,0.0,0.0,0.0,0.0,0.0,0.0,0.0,0.0,0,-107875648.0,77,0.0,154,0.0,-0.0,ERR,ERR,ERR,ERR,ERR,ERR,ERR,ERR,ERR,ERR,ERR,ERR,ERR,ERR,ERR,ERR,ERR,ERR,ERR,ERR,ERR,ERR,ERR,ERR,ERR,ERR,ERR,ERR,ERR,ERR,ERR,ERR,ERR,ERR,ERR,ERR,ERR,ERR,ERR,ERR,ERR,ERR,ERR,ERR,ERR,ERR,ERR,ERR,ERR,ERR,ERR,ERR,ERR,ERR,ERR,ERR,ERR,ERR,ERR,ERR,ERR,ERR,ERR,ERR,ERR,ERR,ERR,34.0,80.0,35,0.0,0.0,0.0,0.0,0.0,0.0,0.0,0.0,0.0,0.0,0.0,0.0,0.0,0.0,0.0,0.0,66.0,0,120,58,53,65476,0,300,0,0,8,20529,65476,0,0,57672,80.0,0.0,0.0,0.0,0.0,0.0
2026-06-18T02:28:57,ERR,ERR,ERR,ERR,ERR,ERR,ERR,ERR,ERR,ERR,ERR,ERR,ERR,ERR,ERR,ERR,ERR,ERR,ERR,ERR,ERR,ERR,ERR,ERR,ERR,ERR,ERR,ERR,ERR,ERR,ERR,ERR,ERR,ERR,ERR,ERR,ERR,ERR,ERR,ERR,ERR,ERR,ERR,ERR,ERR,ERR,ERR,ERR,ERR,ERR,ERR,ERR,ERR,ERR,ERR,ERR,ERR,ERR,ERR,ERR,ERR,ERR,ERR,ERR,ERR,ERR,ERR,ERR,ERR,ERR,ERR,ERR,ERR,ERR,ERR,ERR,ERR,ERR,ERR,ERR,ERR,ERR,ERR,ERR,ERR,ERR,ERR,ERR,ERR,ERR,ERR,ERR,ERR,ERR,ERR,ERR,ERR,ERR,ERR,ERR,ERR,ERR,ERR,ERR,ERR,ERR,ERR,ERR,ERR,ERR,ERR,ERR,ERR,ERR,ERR,ERR,ERR,ERR,ERR,ERR,ERR,ERR,ERR,ERR,ERR,-0.0,2.718431101732002e+23,-0.0,-4.9501291711397626e+32,-0.0,1.3936040501711995e+18,7.805,-0.0,0,0,4,48927,6720,14723890282496.0,100,0.0,0.0,0.0,0.0,0.0,0,0,0,0,0.0,0,0,0,0,0,0,0,0,0,0,0,0,0,0,0,0,0,0,0,0,0,0,0,0,0,0,0,0,0,0,0,0,0,26,51,50,76,65476,0,300,0,0,8,21553,0.0,-107605600.0,0.0,0.0,0.0,0.0,0.0,0.0,0.0,0.0,0.0,0.0,0.0,0.0,0.0,0.0,0.0,0.0,0.0,0.0,0.0,0.0,0.0,-0.0,0.0,0.0,0.0,0.0,0.0,0.0,4787.0,0.0,7269.0,-0.0,2.718431101732002e+23,-107615360.0,0.0,0.0,0.0,0.0,0.0,77,2.3088407177156624e+20,-3.221999077894953e+26,0.0,0.0,0.0,0.0,0.0,0.0,0.0,0,0,0,0.0,0.0,0.0,0.0,0.0,0.0,0.0,0.0,0.0,0.0,0.0,0.0,0.0,0.0,0.0,0.0,0,-107875648.0,77,0.0,154,0.0,-0.0,ERR,ERR,ERR,ERR,ERR,ERR,ERR,ERR,ERR,ERR,ERR,ERR,ERR,ERR,ERR,ERR,ERR,ERR,ERR,ERR,ERR,ERR,ERR,ERR,ERR,ERR,ERR,ERR,ERR,ERR,ERR,ERR,ERR,ERR,ERR,ERR,ERR,ERR,ERR,ERR,ERR,ERR,ERR,ERR,ERR,ERR,ERR,ERR,ERR,ERR,ERR,ERR,ERR,ERR,ERR,ERR,ERR,ERR,ERR,ERR,ERR,ERR,ERR,ERR,ERR,ERR,ERR,34.0,80.0,35,0.0,0.0,0.0,0.0,0.0,0.0,0.0,0.0,0.0,0.0,0.0,0.0,0.0,0.0,0.0,0.0,66.0,0,120,58,53,65476,0,300,0,0,8,20529,65476,0,0,57672,80.0,0.0,0.0,0.0,0.0,0.0
2026-06-18T02:28:58,ERR,ERR,ERR,ERR,ERR,ERR,ERR,ERR,ERR,ERR,ERR,ERR,ERR,ERR,ERR,ERR,ERR,ERR,ERR,ERR,ERR,ERR,ERR,ERR,ERR,ERR,ERR,ERR,ERR,ERR,ERR,ERR,ERR,ERR,ERR,ERR,ERR,ERR,ERR,ERR,ERR,ERR,ERR,ERR,ERR,ERR,ERR,ERR,ERR,ERR,ERR,ERR,ERR,ERR,ERR,ERR,ERR,ERR,ERR,ERR,ERR,ERR,ERR,ERR,ERR,ERR,ERR,ERR,ERR,ERR,ERR,ERR,ERR,ERR,ERR,ERR,ERR,ERR,ERR,ERR,ERR,ERR,ERR,ERR,ERR,ERR,ERR,ERR,ERR,ERR,ERR,ERR,ERR,ERR,ERR,ERR,ERR,ERR,ERR,ERR,ERR,ERR,ERR,ERR,ERR,ERR,ERR,ERR,ERR,ERR,ERR,ERR,ERR,ERR,ERR,ERR,ERR,ERR,ERR,ERR,ERR,ERR,ERR,ERR,ERR,-0.0,2.718431101732002e+23,-0.0,-4.9501291711397626e+32,-0.0,1.3936040501711995e+18,7.805,-0.0,0,0,4,48927,6720,14723890282496.0,100,0.0,0.0,0.0,0.0,0.0,0,0,0,0,0.0,0,0,0,0,0,0,0,0,0,0,0,0,0,0,0,0,0,0,0,0,0,0,0,0,0,0,0,0,0,0,0,0,0,26,51,50,76,65476,0,300,0,0,8,21553,0.0,-107605600.0,0.0,0.0,0.0,0.0,0.0,0.0,0.0,0.0,0.0,0.0,0.0,0.0,0.0,0.0,0.0,0.0,0.0,0.0,0.0,0.0,0.0,-0.0,0.0,0.0,0.0,0.0,0.0,0.0,4787.0,0.0,7269.0,-0.0,2.718431101732002e+23,-107615360.0,0.0,0.0,0.0,0.0,0.0,77,2.3088407177156624e+20,-3.221999077894953e+26,0.0,0.0,0.0,0.0,0.0,0.0,0.0,0,0,0,0.0,0.0,0.0,0.0,0.0,0.0,0.0,0.0,0.0,0.0,0.0,0.0,0.0,0.0,0.0,0.0,0,-107875648.0,77,0.0,154,0.0,-0.0,ERR,ERR,ERR,ERR,ERR,ERR,ERR,ERR,ERR,ERR,ERR,ERR,ERR,ERR,ERR,ERR,ERR,ERR,ERR,ERR,ERR,ERR,ERR,ERR,ERR,ERR,ERR,ERR,ERR,ERR,ERR,ERR,ERR,ERR,ERR,ERR,ERR,ERR,ERR,ERR,ERR,ERR,ERR,ERR,ERR,ERR,ERR,ERR,ERR,ERR,ERR,ERR,ERR,ERR,ERR,ERR,ERR,ERR,ERR,ERR,ERR,ERR,ERR,ERR,ERR,ERR,ERR,34.0,80.0,35,0.0,0.0,0.0,0.0,0.0,0.0,0.0,0.0,0.0,0.0,0.0,0.0,0.0,0.0,0.0,0.0,66.0,0,120,58,53,65476,0,300,0,0,8,20529,65476,0,0,57672,80.0,0.0,0.0,0.0,0.0,0.0
2026-06-18T02:28:59,ERR,ERR,ERR,ERR,ERR,ERR,ERR,ERR,ERR,ERR,ERR,ERR,ERR,ERR,ERR,ERR,ERR,ERR,ERR,ERR,ERR,ERR,ERR,ERR,ERR,ERR,ERR,ERR,ERR,ERR,ERR,ERR,ERR,ERR,ERR,ERR,ERR,ERR,ERR,ERR,ERR,ERR,ERR,ERR,ERR,ERR,ERR,ERR,ERR,ERR,ERR,ERR,ERR,ERR,ERR,ERR,ERR,ERR,ERR,ERR,ERR,ERR,ERR,ERR,ERR,ERR,ERR,ERR,ERR,ERR,ERR,ERR,ERR,ERR,ERR,ERR,ERR,ERR,ERR,ERR,ERR,ERR,ERR,ERR,ERR,ERR,ERR,ERR,ERR,ERR,ERR,ERR,ERR,ERR,ERR,ERR,ERR,ERR,ERR,ERR,ERR,ERR,ERR,ERR,ERR,ERR,ERR,ERR,ERR,ERR,ERR,ERR,ERR,ERR,ERR,ERR,ERR,ERR,ERR,ERR,ERR,ERR,ERR,ERR,ERR,-0.0,2.718431101732002e+23,-0.0,-4.9501291711397626e+32,-0.0,1.3936040501711995e+18,7.805,-0.0,0,0,4,48927,6720,14723890282496.0,100,0.0,0.0,0.0,0.0,0.0,0,0,0,0,0.0,0,0,0,0,0,0,0,0,0,0,0,0,0,0,0,0,0,0,0,0,0,0,0,0,0,0,0,0,0,0,0,0,0,26,51,50,76,65476,0,300,0,0,8,21553,0.0,-107605600.0,0.0,0.0,0.0,0.0,0.0,0.0,0.0,0.0,0.0,0.0,0.0,0.0,0.0,0.0,0.0,0.0,0.0,0.0,0.0,0.0,0.0,-0.0,0.0,0.0,0.0,0.0,0.0,0.0,4787.0,0.0,7269.0,-0.0,2.718431101732002e+23,-107615360.0,0.0,0.0,0.0,0.0,0.0,77,2.3088407177156624e+20,-3.221999077894953e+26,0.0,0.0,0.0,0.0,0.0,0.0,0.0,0,0,0,0.0,0.0,0.0,0.0,0.0,0.0,0.0,0.0,0.0,0.0,0.0,0.0,0.0,0.0,0.0,0.0,0,-107875648.0,77,0.0,154,0.0,-0.0,ERR,ERR,ERR,ERR,ERR,ERR,ERR,ERR,ERR,ERR,ERR,ERR,ERR,ERR,ERR,ERR,ERR,ERR,ERR,ERR,ERR,ERR,ERR,ERR,ERR,ERR,ERR,ERR,ERR,ERR,ERR,ERR,ERR,ERR,ERR,ERR,ERR,ERR,ERR,ERR,ERR,ERR,ERR,ERR,ERR,ERR,ERR,ERR,ERR,ERR,ERR,ERR,ERR,ERR,ERR,ERR,ERR,ERR,ERR,ERR,ERR,ERR,ERR,ERR,ERR,ERR,ERR,34.0,80.0,35,0.0,0.0,0.0,0.0,0.0,0.0,0.0,0.0,0.0,0.0,0.0,0.0,0.0,0.0,0.0,0.0,66.0,0,120,58,53,65476,0,300,0,0,8,20529,65476,0,0,57672,80.0,0.0,0.0,0.0,0.0,0.0
2026-06-18T02:29:00,ERR,ERR,ERR,ERR,ERR,ERR,ERR,ERR,ERR,ERR,ERR,ERR,ERR,ERR,ERR,ERR,ERR,ERR,ERR,ERR,ERR,ERR,ERR,ERR,ERR,ERR,ERR,ERR,ERR,ERR,ERR,ERR,ERR,ERR,ERR,ERR,ERR,ERR,ERR,ERR,ERR,ERR,ERR,ERR,ERR,ERR,ERR,ERR,ERR,ERR,ERR,ERR,ERR,ERR,ERR,ERR,ERR,ERR,ERR,ERR,ERR,ERR,ERR,ERR,ERR,ERR,ERR,ERR,ERR,ERR,ERR,ERR,ERR,ERR,ERR,ERR,ERR,ERR,ERR,ERR,ERR,ERR,ERR,ERR,ERR,ERR,ERR,ERR,ERR,ERR,ERR,ERR,ERR,ERR,ERR,ERR,ERR,ERR,ERR,ERR,ERR,ERR,ERR,ERR,ERR,ERR,ERR,ERR,ERR,ERR,ERR,ERR,ERR,ERR,ERR,ERR,ERR,ERR,ERR,ERR,ERR,ERR,ERR,ERR,ERR,2.7184312818759872e+23,2.718431101732002e+23,0.0,2.718290229135658e+23,2.012,1.3936040501711995e+18,7.805,-4.0828997592390904e+35,0,0,4,48929,6720,14723890282496.0,100,0.0,0.0,0.0,-107609184.0,0.0,0,0,0,0,0.0,0,0,0,0,0,0,0,0,0,0,0,0,0,0,0,0,0,0,0,0,0,0,0,0,0,0,0,0,0,0,0,0,0,26,51,50,76,65476,0,300,0,0,8,21553,0.0,-107605600.0,0.0,0.0,0.0,0.0,0.0,0.0,0.0,0.0,0.0,0.0,0.0,0.0,0.0,0.0,0.0,0.0,0.0,0.0,0.0,0.0,0.0,-0.0,0.0,0.0,0.0,0.0,0.0,0.0,4755.0,-1.0406643905049406e+34,7295.0,-0.0,2.718431101732002e+23,-107615360.0,0.0,0.0,0.0,0.0,0.0,77,2.3088407177156624e+20,-0.0,0.0,0.0,0.0,0.0,0.0,0.0,0.0,0,0,0,0.0,0.0,0.0,0.0,0.0,0.0,0.0,0.0,0.0,0.0,0.0,0.0,0.0,0.0,0.0,0.0,0,-107875648.0,77,0.0,154,0.0,-0.0,ERR,ERR,ERR,ERR,ERR,ERR,ERR,ERR,ERR,ERR,ERR,ERR,ERR,ERR,ERR,ERR,ERR,ERR,ERR,ERR,ERR,ERR,ERR,ERR,ERR,ERR,ERR,ERR,ERR,ERR,ERR,ERR,ERR,ERR,ERR,ERR,ERR,ERR,ERR,ERR,ERR,ERR,ERR,ERR,ERR,ERR,ERR,ERR,ERR,ERR,ERR,ERR,ERR,ERR,ERR,ERR,ERR,ERR,ERR,ERR,ERR,ERR,ERR,ERR,ERR,ERR,ERR,34.0,80.0,35,0.0,0.0,0.0,0.0,0.0,0.0,0.0,0.0,0.0,0.0,0.0,0.0,0.0,0.0,0.0,0.0,66.0,0,120,58,53,65476,0,300,0,0,8,20529,65476,0,0,57672,80.0,0.0,0.0,0.0,0.0,0.0
2026-06-18T02:29:01,ERR,ERR,ERR,ERR,ERR,ERR,ERR,ERR,ERR,ERR,ERR,ERR,ERR,ERR,ERR,ERR,ERR,ERR,ERR,ERR,ERR,ERR,ERR,ERR,ERR,ERR,ERR,ERR,ERR,ERR,ERR,ERR,ERR,ERR,ERR,ERR,ERR,ERR,ERR,ERR,ERR,ERR,ERR,ERR,ERR,ERR,ERR,ERR,ERR,ERR,ERR,ERR,ERR,ERR,ERR,ERR,ERR,ERR,ERR,ERR,ERR,ERR,ERR,ERR,ERR,ERR,ERR,ERR,ERR,ERR,ERR,ERR,ERR,ERR,ERR,ERR,ERR,ERR,ERR,ERR,ERR,ERR,ERR,ERR,ERR,ERR,ERR,ERR,ERR,ERR,ERR,ERR,ERR,ERR,ERR,ERR,ERR,ERR,ERR,ERR,ERR,ERR,ERR,ERR,ERR,ERR,ERR,ERR,ERR,ERR,ERR,ERR,ERR,ERR,ERR,ERR,ERR,ERR,ERR,ERR,ERR,ERR,ERR,ERR,ERR,2.7184312818759872e+23,2.718431101732002e+23,0.0,2.718290229135658e+23,2.012,1.3936040501711995e+18,7.805,-4.0828997592390904e+35,0,0,4,48929,6720,14723890282496.0,100,0.0,0.0,0.0,-107609184.0,0.0,0,0,0,0,0.0,0,0,0,0,0,0,0,0,0,0,0,0,0,0,0,0,0,0,0,0,0,0,0,0,0,0,0,0,0,0,0,0,0,26,51,50,76,65476,0,300,0,0,8,21553,0.0,-107605600.0,0.0,0.0,0.0,0.0,0.0,0.0,0.0,0.0,0.0,0.0,0.0,0.0,0.0,0.0,0.0,0.0,0.0,0.0,0.0,0.0,0.0,-0.0,0.0,0.0,0.0,0.0,0.0,0.0,4755.0,-1.0406643905049406e+34,7295.0,-0.0,2.718431101732002e+23,-107615360.0,0.0,0.0,0.0,0.0,0.0,77,2.3088407177156624e+20,-0.0,0.0,0.0,0.0,0.0,0.0,0.0,0.0,0,0,0,0.0,0.0,0.0,0.0,0.0,0.0,0.0,0.0,0.0,0.0,0.0,0.0,0.0,0.0,0.0,0.0,0,-107875648.0,77,0.0,154,0.0,-0.0,ERR,ERR,ERR,ERR,ERR,ERR,ERR,ERR,ERR,ERR,ERR,ERR,ERR,ERR,ERR,ERR,ERR,ERR,ERR,ERR,ERR,ERR,ERR,ERR,ERR,ERR,ERR,ERR,ERR,ERR,ERR,ERR,ERR,ERR,ERR,ERR,ERR,ERR,ERR,ERR,ERR,ERR,ERR,ERR,ERR,ERR,ERR,ERR,ERR,ERR,ERR,ERR,ERR,ERR,ERR,ERR,ERR,ERR,ERR,ERR,ERR,ERR,ERR,ERR,ERR,ERR,ERR,34.0,80.0,35,0.0,0.0,0.0,0.0,0.0,0.0,0.0,0.0,0.0,0.0,0.0,0.0,0.0,0.0,0.0,0.0,66.0,0,120,58,53,65476,0,300,0,0,8,20529,65476,0,0,57672,80.0,0.0,0.0,0.0,0.0,0.0
2026-06-18T02:29:02,ERR,ERR,ERR,ERR,ERR,ERR,ERR,ERR,ERR,ERR,ERR,ERR,ERR,ERR,ERR,ERR,ERR,ERR,ERR,ERR,ERR,ERR,ERR,ERR,ERR,ERR,ERR,ERR,ERR,ERR,ERR,ERR,ERR,ERR,ERR,ERR,ERR,ERR,ERR,ERR,ERR,ERR,ERR,ERR,ERR,ERR,ERR,ERR,ERR,ERR,ERR,ERR,ERR,ERR,ERR,ERR,ERR,ERR,ERR,ERR,ERR,ERR,ERR,ERR,ERR,ERR,ERR,ERR,ERR,ERR,ERR,ERR,ERR,ERR,ERR,ERR,ERR,ERR,ERR,ERR,ERR,ERR,ERR,ERR,ERR,ERR,ERR,ERR,ERR,ERR,ERR,ERR,ERR,ERR,ERR,ERR,ERR,ERR,ERR,ERR,ERR,ERR,ERR,ERR,ERR,ERR,ERR,ERR,ERR,ERR,ERR,ERR,ERR,ERR,ERR,ERR,ERR,ERR,ERR,ERR,ERR,ERR,ERR,ERR,ERR,2.7184312818759872e+23,2.718431101732002e+23,0.0,2.718290229135658e+23,2.012,1.3936040501711995e+18,7.805,-4.0828997592390904e+35,0,0,4,48929,6720,14723890282496.0,100,0.0,0.0,0.0,-107609184.0,0.0,0,0,0,0,0.0,0,0,0,0,0,0,0,0,0,0,0,0,0,0,0,0,0,0,0,0,0,0,0,0,0,0,0,0,0,0,0,0,0,26,51,50,76,65476,0,300,0,0,8,21553,0.0,-107605600.0,0.0,0.0,0.0,0.0,0.0,0.0,0.0,0.0,0.0,0.0,0.0,0.0,0.0,0.0,0.0,0.0,0.0,0.0,0.0,0.0,0.0,-0.0,0.0,0.0,0.0,0.0,0.0,0.0,4755.0,-1.0406643905049406e+34,7295.0,-0.0,2.718431101732002e+23,-107615360.0,0.0,0.0,0.0,0.0,0.0,77,2.3088407177156624e+20,-0.0,0.0,0.0,0.0,0.0,0.0,0.0,0.0,0,0,0,0.0,0.0,0.0,0.0,0.0,0.0,0.0,0.0,0.0,0.0,0.0,0.0,0.0,0.0,0.0,0.0,0,-107875648.0,77,0.0,154,0.0,-0.0,ERR,ERR,ERR,ERR,ERR,ERR,ERR,ERR,ERR,ERR,ERR,ERR,ERR,ERR,ERR,ERR,ERR,ERR,ERR,ERR,ERR,ERR,ERR,ERR,ERR,ERR,ERR,ERR,ERR,ERR,ERR,ERR,ERR,ERR,ERR,ERR,ERR,ERR,ERR,ERR,ERR,ERR,ERR,ERR,ERR,ERR,ERR,ERR,ERR,ERR,ERR,ERR,ERR,ERR,ERR,ERR,ERR,ERR,ERR,ERR,ERR,ERR,ERR,ERR,ERR,ERR,ERR,34.0,80.0,35,0.0,0.0,0.0,0.0,0.0,0.0,0.0,0.0,0.0,0.0,0.0,0.0,0.0,0.0,0.0,0.0,66.0,0,120,58,53,65476,0,300,0,0,8,20529,65476,0,0,57672,80.0,0.0,0.0,0.0,0.0,0.0
2026-06-18T02:29:03,ERR,ERR,ERR,ERR,ERR,ERR,ERR,ERR,ERR,ERR,ERR,ERR,ERR,ERR,ERR,ERR,ERR,ERR,ERR,ERR,ERR,ERR,ERR,ERR,ERR,ERR,ERR,ERR,ERR,ERR,ERR,ERR,ERR,ERR,ERR,ERR,ERR,ERR,ERR,ERR,ERR,ERR,ERR,ERR,ERR,ERR,ERR,ERR,ERR,ERR,ERR,ERR,ERR,ERR,ERR,ERR,ERR,ERR,ERR,ERR,ERR,ERR,ERR,ERR,ERR,ERR,ERR,ERR,ERR,ERR,ERR,ERR,ERR,ERR,ERR,ERR,ERR,ERR,ERR,ERR,ERR,ERR,ERR,ERR,ERR,ERR,ERR,ERR,ERR,ERR,ERR,ERR,ERR,ERR,ERR,ERR,ERR,ERR,ERR,ERR,ERR,ERR,ERR,ERR,ERR,ERR,ERR,ERR,ERR,ERR,ERR,ERR,ERR,ERR,ERR,ERR,ERR,ERR,ERR,ERR,ERR,ERR,ERR,ERR,ERR,2.7184312818759872e+23,2.718431101732002e+23,0.0,2.718290229135658e+23,2.012,1.3936040501711995e+18,7.805,-4.0828997592390904e+35,0,0,4,48929,6720,14723890282496.0,100,0.0,0.0,0.0,-107609184.0,0.0,0,0,0,0,0.0,0,0,0,0,0,0,0,0,0,0,0,0,0,0,0,0,0,0,0,0,0,0,0,0,0,0,0,0,0,0,0,0,0,26,51,50,76,65476,0,300,0,0,8,21553,0.0,-107605600.0,0.0,0.0,0.0,0.0,0.0,0.0,0.0,0.0,0.0,0.0,0.0,0.0,0.0,0.0,0.0,0.0,0.0,0.0,0.0,0.0,0.0,-0.0,0.0,0.0,0.0,0.0,0.0,0.0,4755.0,-1.0406643905049406e+34,7295.0,-0.0,2.718431101732002e+23,-107615360.0,0.0,0.0,0.0,0.0,0.0,77,2.3088407177156624e+20,-0.0,0.0,0.0,0.0,0.0,0.0,0.0,0.0,0,0,0,0.0,0.0,0.0,0.0,0.0,0.0,0.0,0.0,0.0,0.0,0.0,0.0,0.0,0.0,0.0,0.0,0,-107875648.0,77,0.0,154,0.0,-0.0,ERR,ERR,ERR,ERR,ERR,ERR,ERR,ERR,ERR,ERR,ERR,ERR,ERR,ERR,ERR,ERR,ERR,ERR,ERR,ERR,ERR,ERR,ERR,ERR,ERR,ERR,ERR,ERR,ERR,ERR,ERR,ERR,ERR,ERR,ERR,ERR,ERR,ERR,ERR,ERR,ERR,ERR,ERR,ERR,ERR,ERR,ERR,ERR,ERR,ERR,ERR,ERR,ERR,ERR,ERR,ERR,ERR,ERR,ERR,ERR,ERR,ERR,ERR,ERR,ERR,ERR,ERR,34.0,80.0,35,0.0,0.0,0.0,0.0,0.0,0.0,0.0,0.0,0.0,0.0,0.0,0.0,0.0,0.0,0.0,0.0,66.4,0,120,58,53,65476,0,300,0,0,8,20529,65476,0,0,57672,80.0,0.0,0.0,0.0,0.0,0.0
2026-06-18T02:29:04,ERR,ERR,ERR,ERR,ERR,ERR,ERR,ERR,ERR,ERR,ERR,ERR,ERR,ERR,ERR,ERR,ERR,ERR,ERR,ERR,ERR,ERR,ERR,ERR,ERR,ERR,ERR,ERR,ERR,ERR,ERR,ERR,ERR,ERR,ERR,ERR,ERR,ERR,ERR,ERR,ERR,ERR,ERR,ERR,ERR,ERR,ERR,ERR,ERR,ERR,ERR,ERR,ERR,ERR,ERR,ERR,ERR,ERR,ERR,ERR,ERR,ERR,ERR,ERR,ERR,ERR,ERR,ERR,ERR,ERR,ERR,ERR,ERR,ERR,ERR,ERR,ERR,ERR,ERR,ERR,ERR,ERR,ERR,ERR,ERR,ERR,ERR,ERR,ERR,ERR,ERR,ERR,ERR,ERR,ERR,ERR,ERR,ERR,ERR,ERR,ERR,ERR,ERR,ERR,ERR,ERR,ERR,ERR,ERR,ERR,ERR,ERR,ERR,ERR,ERR,ERR,ERR,ERR,ERR,ERR,ERR,ERR,ERR,ERR,ERR,2.7184312818759872e+23,2.718431101732002e+23,0.0,2.718290229135658e+23,2.012,1.3936040501711995e+18,7.805,-4.0828997592390904e+35,0,0,4,48929,6720,14723890282496.0,100,0.0,0.0,0.0,-107609184.0,0.0,0,0,0,0,0.0,0,0,0,0,0,0,0,0,0,0,0,0,0,0,0,0,0,0,0,0,0,0,0,0,0,0,0,0,0,0,0,0,0,26,51,50,76,65476,0,300,0,0,8,21553,0.0,-107605600.0,0.0,0.0,0.0,0.0,0.0,0.0,0.0,0.0,0.0,0.0,0.0,0.0,0.0,0.0,0.0,0.0,0.0,0.0,0.0,0.0,0.0,-0.0,0.0,0.0,0.0,0.0,0.0,0.0,4755.0,-1.0406643905049406e+34,7295.0,-0.0,2.718431101732002e+23,-107615360.0,0.0,0.0,0.0,0.0,0.0,77,2.3088407177156624e+20,-0.0,0.0,0.0,0.0,0.0,0.0,0.0,0.0,0,0,0,0.0,0.0,0.0,0.0,0.0,0.0,0.0,0.0,0.0,0.0,0.0,0.0,0.0,0.0,0.0,0.0,0,-107875648.0,77,0.0,154,0.0,-0.0,ERR,ERR,ERR,ERR,ERR,ERR,ERR,ERR,ERR,ERR,ERR,ERR,ERR,ERR,ERR,ERR,ERR,ERR,ERR,ERR,ERR,ERR,ERR,ERR,ERR,ERR,ERR,ERR,ERR,ERR,ERR,ERR,ERR,ERR,ERR,ERR,ERR,ERR,ERR,ERR,ERR,ERR,ERR,ERR,ERR,ERR,ERR,ERR,ERR,ERR,ERR,ERR,ERR,ERR,ERR,ERR,ERR,ERR,ERR,ERR,ERR,ERR,ERR,ERR,ERR,ERR,ERR,34.0,80.0,35,0.0,0.0,0.0,0.0,0.0,0.0,0.0,0.0,0.0,0.0,0.0,0.0,0.0,0.0,0.0,0.0,66.4,0,120,58,53,65476,0,300,0,0,8,20529,65476,0,0,57672,80.0,0.0,0.0,0.0,0.0,0.0
2026-06-18T02:29:05,ERR,ERR,ERR,ERR,ERR,ERR,ERR,ERR,ERR,ERR,ERR,ERR,ERR,ERR,ERR,ERR,ERR,ERR,ERR,ERR,ERR,ERR,ERR,ERR,ERR,ERR,ERR,ERR,ERR,ERR,ERR,ERR,ERR,ERR,ERR,ERR,ERR,ERR,ERR,ERR,ERR,ERR,ERR,ERR,ERR,ERR,ERR,ERR,ERR,ERR,ERR,ERR,ERR,ERR,ERR,ERR,ERR,ERR,ERR,ERR,ERR,ERR,ERR,ERR,ERR,ERR,ERR,ERR,ERR,ERR,ERR,ERR,ERR,ERR,ERR,ERR,ERR,ERR,ERR,ERR,ERR,ERR,ERR,ERR,ERR,ERR,ERR,ERR,ERR,ERR,ERR,ERR,ERR,ERR,ERR,ERR,ERR,ERR,ERR,ERR,ERR,ERR,ERR,ERR,ERR,ERR,ERR,ERR,ERR,ERR,ERR,ERR,ERR,ERR,ERR,ERR,ERR,ERR,ERR,ERR,ERR,ERR,ERR,ERR,ERR,-0.0,2.718431101732002e+23,-0.0,-0.0,-0.0,1.3936040501711995e+18,7.805,-0.0,0,0,4,48923,6720,14723890282496.0,100,0.0,0.0,0.0,-0.0,0.0,0,0,0,0,0.0,0,0,0,0,0,0,0,0,0,0,0,0,0,0,0,0,0,0,0,0,0,0,0,0,0,0,0,0,0,0,0,0,0,26,51,50,76,65476,0,300,0,0,8,21553,0.0,-107605600.0,0.0,0.0,0.0,0.0,0.0,0.0,0.0,0.0,0.0,0.0,0.0,0.0,0.0,0.0,0.0,0.0,0.0,0.0,0.0,0.0,0.0,-0.0,0.0,0.0,0.0,0.0,0.0,0.0,4753.0,-3.697182615187489e+19,7292.0,-0.0,2.718431101732002e+23,-107615360.0,-107615392.0,0.0,0.0,0.0,0.0,77,1.905698292272988e+17,-0.0,0.0,0.0,0.0,0.0,0.0,0.0,0.0,0,0,0,0.0,0.0,0.0,0.0,0.0,0.0,0.0,0.0,0.0,0.0,0.0,0.0,0.0,0.0,0.0,0.0,0,-107875648.0,77,0.0,154,0.0,-0.0,ERR,ERR,ERR,ERR,ERR,ERR,ERR,ERR,ERR,ERR,ERR,ERR,ERR,ERR,ERR,ERR,ERR,ERR,ERR,ERR,ERR,ERR,ERR,ERR,ERR,ERR,ERR,ERR,ERR,ERR,ERR,ERR,ERR,ERR,ERR,ERR,ERR,ERR,ERR,ERR,ERR,ERR,ERR,ERR,ERR,ERR,ERR,ERR,ERR,ERR,ERR,ERR,ERR,ERR,ERR,ERR,ERR,ERR,ERR,ERR,ERR,ERR,ERR,ERR,ERR,ERR,ERR,34.0,80.0,35,0.0,0.0,0.0,0.0,0.0,0.0,0.0,0.0,0.0,0.0,0.0,0.0,0.0,0.0,0.0,0.0,66.0,0,120,58,53,65476,0,300,0,0,8,20529,65476,0,0,57672,80.0,0.0,0.0,0.0,0.0,0.0
2026-06-18T02:29:06,ERR,ERR,ERR,ERR,ERR,ERR,ERR,ERR,ERR,ERR,ERR,ERR,ERR,ERR,ERR,ERR,ERR,ERR,ERR,ERR,ERR,ERR,ERR,ERR,ERR,ERR,ERR,ERR,ERR,ERR,ERR,ERR,ERR,ERR,ERR,ERR,ERR,ERR,ERR,ERR,ERR,ERR,ERR,ERR,ERR,ERR,ERR,ERR,ERR,ERR,ERR,ERR,ERR,ERR,ERR,ERR,ERR,ERR,ERR,ERR,ERR,ERR,ERR,ERR,ERR,ERR,ERR,ERR,ERR,ERR,ERR,ERR,ERR,ERR,ERR,ERR,ERR,ERR,ERR,ERR,ERR,ERR,ERR,ERR,ERR,ERR,ERR,ERR,ERR,ERR,ERR,ERR,ERR,ERR,ERR,ERR,ERR,ERR,ERR,ERR,ERR,ERR,ERR,ERR,ERR,ERR,ERR,ERR,ERR,ERR,ERR,ERR,ERR,ERR,ERR,ERR,ERR,ERR,ERR,ERR,ERR,ERR,ERR,ERR,ERR,-0.0,2.718431101732002e+23,-0.0,-0.0,-0.0,1.3936040501711995e+18,7.805,-0.0,0,0,4,48923,6720,14723890282496.0,100,0.0,0.0,0.0,-0.0,0.0,0,0,0,0,0.0,0,0,0,0,0,0,0,0,0,0,0,0,0,0,0,0,0,0,0,0,0,0,0,0,0,0,0,0,0,0,0,0,0,26,51,50,76,65476,0,300,0,0,8,21553,0.0,-107605600.0,0.0,0.0,0.0,0.0,0.0,0.0,0.0,0.0,0.0,0.0,0.0,0.0,0.0,0.0,0.0,0.0,0.0,0.0,0.0,0.0,0.0,-0.0,0.0,0.0,0.0,0.0,0.0,0.0,4753.0,-3.697182615187489e+19,7292.0,-0.0,2.718431101732002e+23,-107615360.0,-107615392.0,0.0,0.0,0.0,0.0,77,1.905698292272988e+17,-0.0,0.0,0.0,0.0,0.0,0.0,0.0,0.0,0,0,0,0.0,0.0,0.0,0.0,0.0,0.0,0.0,0.0,0.0,0.0,0.0,0.0,0.0,0.0,0.0,0.0,0,-107875648.0,77,0.0,154,0.0,-0.0,ERR,ERR,ERR,ERR,ERR,ERR,ERR,ERR,ERR,ERR,ERR,ERR,ERR,ERR,ERR,ERR,ERR,ERR,ERR,ERR,ERR,ERR,ERR,ERR,ERR,ERR,ERR,ERR,ERR,ERR,ERR,ERR,ERR,ERR,ERR,ERR,ERR,ERR,ERR,ERR,ERR,ERR,ERR,ERR,ERR,ERR,ERR,ERR,ERR,ERR,ERR,ERR,ERR,ERR,ERR,ERR,ERR,ERR,ERR,ERR,ERR,ERR,ERR,ERR,ERR,ERR,ERR,34.0,80.0,35,0.0,0.0,0.0,0.0,0.0,0.0,0.0,0.0,0.0,0.0,0.0,0.0,0.0,0.0,0.0,0.0,66.0,0,120,58,53,65476,0,300,0,0,8,20529,65476,0,0,57672,80.0,0.0,0.0,0.0,0.0,0.0
2026-06-18T02:29:07,ERR,ERR,ERR,ERR,ERR,ERR,ERR,ERR,ERR,ERR,ERR,ERR,ERR,ERR,ERR,ERR,ERR,ERR,ERR,ERR,ERR,ERR,ERR,ERR,ERR,ERR,ERR,ERR,ERR,ERR,ERR,ERR,ERR,ERR,ERR,ERR,ERR,ERR,ERR,ERR,ERR,ERR,ERR,ERR,ERR,ERR,ERR,ERR,ERR,ERR,ERR,ERR,ERR,ERR,ERR,ERR,ERR,ERR,ERR,ERR,ERR,ERR,ERR,ERR,ERR,ERR,ERR,ERR,ERR,ERR,ERR,ERR,ERR,ERR,ERR,ERR,ERR,ERR,ERR,ERR,ERR,ERR,ERR,ERR,ERR,ERR,ERR,ERR,ERR,ERR,ERR,ERR,ERR,ERR,ERR,ERR,ERR,ERR,ERR,ERR,ERR,ERR,ERR,ERR,ERR,ERR,ERR,ERR,ERR,ERR,ERR,ERR,ERR,ERR,ERR,ERR,ERR,ERR,ERR,ERR,ERR,ERR,ERR,ERR,ERR,-0.0,2.718431101732002e+23,-0.0,-0.0,-0.0,1.3936040501711995e+18,7.805,-0.0,0,0,4,48923,6720,14723890282496.0,100,0.0,0.0,0.0,-0.0,0.0,0,0,0,0,0.0,0,0,0,0,0,0,0,0,0,0,0,0,0,0,0,0,0,0,0,0,0,0,0,0,0,0,0,0,0,0,0,0,0,26,51,50,76,65476,0,300,0,0,8,21553,0.0,-107605600.0,0.0,0.0,0.0,0.0,0.0,0.0,0.0,0.0,0.0,0.0,0.0,0.0,0.0,0.0,0.0,0.0,0.0,0.0,0.0,0.0,0.0,-0.0,0.0,0.0,0.0,0.0,0.0,0.0,4753.0,-3.697182615187489e+19,7292.0,-0.0,2.718431101732002e+23,-107615360.0,-107615392.0,0.0,0.0,0.0,0.0,77,1.905698292272988e+17,-0.0,0.0,0.0,0.0,0.0,0.0,0.0,0.0,0,0,0,0.0,0.0,0.0,0.0,0.0,0.0,0.0,0.0,0.0,0.0,0.0,0.0,0.0,0.0,0.0,0.0,0,-107875648.0,77,0.0,154,0.0,-0.0,ERR,ERR,ERR,ERR,ERR,ERR,ERR,ERR,ERR,ERR,ERR,ERR,ERR,ERR,ERR,ERR,ERR,ERR,ERR,ERR,ERR,ERR,ERR,ERR,ERR,ERR,ERR,ERR,ERR,ERR,ERR,ERR,ERR,ERR,ERR,ERR,ERR,ERR,ERR,ERR,ERR,ERR,ERR,ERR,ERR,ERR,ERR,ERR,ERR,ERR,ERR,ERR,ERR,ERR,ERR,ERR,ERR,ERR,ERR,ERR,ERR,ERR,ERR,ERR,ERR,ERR,ERR,34.0,80.0,35,0.0,0.0,0.0,0.0,0.0,0.0,0.0,0.0,0.0,0.0,0.0,0.0,0.0,0.0,0.0,0.0,66.0,0,120,58,53,65476,0,300,0,0,8,20529,65476,0,0,57672,80.0,0.0,0.0,0.0,0.0,0.0
2026-06-18T02:29:08,ERR,ERR,ERR,ERR,ERR,ERR,ERR,ERR,ERR,ERR,ERR,ERR,ERR,ERR,ERR,ERR,ERR,ERR,ERR,ERR,ERR,ERR,ERR,ERR,ERR,ERR,ERR,ERR,ERR,ERR,ERR,ERR,ERR,ERR,ERR,ERR,ERR,ERR,ERR,ERR,ERR,ERR,ERR,ERR,ERR,ERR,ERR,ERR,ERR,ERR,ERR,ERR,ERR,ERR,ERR,ERR,ERR,ERR,ERR,ERR,ERR,ERR,ERR,ERR,ERR,ERR,ERR,ERR,ERR,ERR,ERR,ERR,ERR,ERR,ERR,ERR,ERR,ERR,ERR,ERR,ERR,ERR,ERR,ERR,ERR,ERR,ERR,ERR,ERR,ERR,ERR,ERR,ERR,ERR,ERR,ERR,ERR,ERR,ERR,ERR,ERR,ERR,ERR,ERR,ERR,ERR,ERR,ERR,ERR,ERR,ERR,ERR,ERR,ERR,ERR,ERR,ERR,ERR,ERR,ERR,ERR,ERR,ERR,ERR,ERR,-0.0,2.718431101732002e+23,-0.0,-0.0,-0.0,1.3936040501711995e+18,7.805,-0.0,0,0,4,48923,6720,14723890282496.0,100,0.0,0.0,0.0,-0.0,0.0,0,0,0,0,0.0,0,0,0,0,0,0,0,0,0,0,0,0,0,0,0,0,0,0,0,0,0,0,0,0,0,0,0,0,0,0,0,0,0,26,51,50,76,65476,0,300,0,0,8,21553,0.0,-107605600.0,0.0,0.0,0.0,0.0,0.0,0.0,0.0,0.0,0.0,0.0,0.0,0.0,0.0,0.0,0.0,0.0,0.0,0.0,0.0,0.0,0.0,-0.0,0.0,0.0,0.0,0.0,0.0,0.0,4753.0,-3.697182615187489e+19,7292.0,-0.0,2.718431101732002e+23,-107615360.0,-107615392.0,0.0,0.0,0.0,0.0,77,1.905698292272988e+17,-0.0,0.0,0.0,0.0,0.0,0.0,0.0,0.0,0,0,0,0.0,0.0,0.0,0.0,0.0,0.0,0.0,0.0,0.0,0.0,0.0,0.0,0.0,0.0,0.0,0.0,0,-107875648.0,77,0.0,154,0.0,-0.0,ERR,ERR,ERR,ERR,ERR,ERR,ERR,ERR,ERR,ERR,ERR,ERR,ERR,ERR,ERR,ERR,ERR,ERR,ERR,ERR,ERR,ERR,ERR,ERR,ERR,ERR,ERR,ERR,ERR,ERR,ERR,ERR,ERR,ERR,ERR,ERR,ERR,ERR,ERR,ERR,ERR,ERR,ERR,ERR,ERR,ERR,ERR,ERR,ERR,ERR,ERR,ERR,ERR,ERR,ERR,ERR,ERR,ERR,ERR,ERR,ERR,ERR,ERR,ERR,ERR,ERR,ERR,34.0,80.0,35,0.0,0.0,0.0,0.0,0.0,0.0,0.0,0.0,0.0,0.0,0.0,0.0,0.0,0.0,0.0,0.0,66.0,0,120,58,53,65476,0,300,0,0,8,20529,65476,0,0,57672,80.0,0.0,0.0,0.0,0.0,0.0
2026-06-18T02:29:09,ERR,ERR,ERR,ERR,ERR,ERR,ERR,ERR,ERR,ERR,ERR,ERR,ERR,ERR,ERR,ERR,ERR,ERR,ERR,ERR,ERR,ERR,ERR,ERR,ERR,ERR,ERR,ERR,ERR,ERR,ERR,ERR,ERR,ERR,ERR,ERR,ERR,ERR,ERR,ERR,ERR,ERR,ERR,ERR,ERR,ERR,ERR,ERR,ERR,ERR,ERR,ERR,ERR,ERR,ERR,ERR,ERR,ERR,ERR,ERR,ERR,ERR,ERR,ERR,ERR,ERR,ERR,ERR,ERR,ERR,ERR,ERR,ERR,ERR,ERR,ERR,ERR,ERR,ERR,ERR,ERR,ERR,ERR,ERR,ERR,ERR,ERR,ERR,ERR,ERR,ERR,ERR,ERR,ERR,ERR,ERR,ERR,ERR,ERR,ERR,ERR,ERR,ERR,ERR,ERR,ERR,ERR,ERR,ERR,ERR,ERR,ERR,ERR,ERR,ERR,ERR,ERR,ERR,ERR,ERR,ERR,ERR,ERR,ERR,ERR,-0.0,2.718431101732002e+23,-0.0,-0.0,-0.0,1.3936040501711995e+18,7.805,-0.0,0,0,4,48923,6720,14723890282496.0,100,0.0,0.0,0.0,-0.0,0.0,0,0,0,0,0.0,0,0,0,0,0,0,0,0,0,0,0,0,0,0,0,0,0,0,0,0,0,0,0,0,0,0,0,0,0,0,0,0,0,26,51,50,76,65476,0,300,0,0,8,21553,0.0,-107605600.0,0.0,0.0,0.0,0.0,0.0,0.0,0.0,0.0,0.0,0.0,0.0,0.0,0.0,0.0,0.0,0.0,0.0,0.0,0.0,0.0,0.0,-0.0,0.0,0.0,0.0,0.0,0.0,0.0,4753.0,-3.697182615187489e+19,7292.0,-0.0,2.718431101732002e+23,-107615360.0,-107615392.0,0.0,0.0,0.0,0.0,77,1.905698292272988e+17,-0.0,0.0,0.0,0.0,0.0,0.0,0.0,0.0,0,0,0,0.0,0.0,0.0,0.0,0.0,0.0,0.0,0.0,0.0,0.0,0.0,0.0,0.0,0.0,0.0,0.0,0,-107875648.0,77,0.0,154,0.0,-0.0,ERR,ERR,ERR,ERR,ERR,ERR,ERR,ERR,ERR,ERR,ERR,ERR,ERR,ERR,ERR,ERR,ERR,ERR,ERR,ERR,ERR,ERR,ERR,ERR,ERR,ERR,ERR,ERR,ERR,ERR,ERR,ERR,ERR,ERR,ERR,ERR,ERR,ERR,ERR,ERR,ERR,ERR,ERR,ERR,ERR,ERR,ERR,ERR,ERR,ERR,ERR,ERR,ERR,ERR,ERR,ERR,ERR,ERR,ERR,ERR,ERR,ERR,ERR,ERR,ERR,ERR,ERR,34.0,80.0,35,0.0,0.0,0.0,0.0,0.0,0.0,0.0,0.0,0.0,0.0,0.0,0.0,0.0,0.0,0.0,0.0,66.0,0,120,58,53,65476,0,300,0,0,8,20529,65476,0,0,57672,80.0,0.0,0.0,0.0,0.0,0.0
2026-06-18T02:29:10,ERR,ERR,ERR,ERR,ERR,ERR,ERR,ERR,ERR,ERR,ERR,ERR,ERR,ERR,ERR,ERR,ERR,ERR,ERR,ERR,ERR,ERR,ERR,ERR,ERR,ERR,ERR,ERR,ERR,ERR,ERR,ERR,ERR,ERR,ERR,ERR,ERR,ERR,ERR,ERR,ERR,ERR,ERR,ERR,ERR,ERR,ERR,ERR,ERR,ERR,ERR,ERR,ERR,ERR,ERR,ERR,ERR,ERR,ERR,ERR,ERR,ERR,ERR,ERR,ERR,ERR,ERR,ERR,ERR,ERR,ERR,ERR,ERR,ERR,ERR,ERR,ERR,ERR,ERR,ERR,ERR,ERR,ERR,ERR,ERR,ERR,ERR,ERR,ERR,ERR,ERR,ERR,ERR,ERR,ERR,ERR,ERR,ERR,ERR,ERR,ERR,ERR,ERR,ERR,ERR,ERR,ERR,ERR,ERR,ERR,ERR,ERR,ERR,ERR,ERR,ERR,ERR,ERR,ERR,ERR,ERR,ERR,ERR,ERR,ERR,-0.0,2.718431101732002e+23,-0.0,-0.0,0.0,1.3936040501711995e+18,7.805,2.395,0,0,4,48930,6720,14723890282496.0,100,0.0,0.0,0.0,-0.0,0.0,0,0,0,0,0.0,0,0,0,0,0,0,0,0,0,0,0,0,0,0,0,0,0,0,0,0,0,0,0,0,0,0,0,0,0,0,0,0,0,26,51,50,76,65476,0,300,0,0,8,21553,0.0,-107605600.0,0.0,0.0,0.0,0.0,0.0,0.0,0.0,0.0,0.0,0.0,0.0,0.0,0.0,0.0,0.0,0.0,0.0,0.0,0.0,0.0,0.0,-0.0,0.0,0.0,0.0,0.0,0.0,0.0,4787.0,0.0,7266.0,-0.0,2.718431101732002e+23,-107615360.0,-107615392.0,0.0,0.0,0.0,0.0,77,2.3088407177156624e+20,-107614704.0,0.0,0.0,0.0,0.0,0.0,0.0,0.0,0,0,0,0.0,0.0,0.0,0.0,0.0,0.0,0.0,0.0,0.0,0.0,0.0,0.0,0.0,0.0,0.0,0.0,0,-107875648.0,77,0.0,154,0.0,-0.0,ERR,ERR,ERR,ERR,ERR,ERR,ERR,ERR,ERR,ERR,ERR,ERR,ERR,ERR,ERR,ERR,ERR,ERR,ERR,ERR,ERR,ERR,ERR,ERR,ERR,ERR,ERR,ERR,ERR,ERR,ERR,ERR,ERR,ERR,ERR,ERR,ERR,ERR,ERR,ERR,ERR,ERR,ERR,ERR,ERR,ERR,ERR,ERR,ERR,ERR,ERR,ERR,ERR,ERR,ERR,ERR,ERR,ERR,ERR,ERR,ERR,ERR,ERR,ERR,ERR,ERR,ERR,34.0,80.0,35,0.0,0.0,0.0,0.0,0.0,0.0,0.0,0.0,0.0,0.0,0.0,0.0,0.0,0.0,0.0,0.0,66.0,0,120,58,53,65476,0,300,0,0,8,20529,65476,0,0,57672,80.0,0.0,0.0,0.0,0.0,0.0
2026-06-18T02:29:11,ERR,ERR,ERR,ERR,ERR,ERR,ERR,ERR,ERR,ERR,ERR,ERR,ERR,ERR,ERR,ERR,ERR,ERR,ERR,ERR,ERR,ERR,ERR,ERR,ERR,ERR,ERR,ERR,ERR,ERR,ERR,ERR,ERR,ERR,ERR,ERR,ERR,ERR,ERR,ERR,ERR,ERR,ERR,ERR,ERR,ERR,ERR,ERR,ERR,ERR,ERR,ERR,ERR,ERR,ERR,ERR,ERR,ERR,ERR,ERR,ERR,ERR,ERR,ERR,ERR,ERR,ERR,ERR,ERR,ERR,ERR,ERR,ERR,ERR,ERR,ERR,ERR,ERR,ERR,ERR,ERR,ERR,ERR,ERR,ERR,ERR,ERR,ERR,ERR,ERR,ERR,ERR,ERR,ERR,ERR,ERR,ERR,ERR,ERR,ERR,ERR,ERR,ERR,ERR,ERR,ERR,ERR,ERR,ERR,ERR,ERR,ERR,ERR,ERR,ERR,ERR,ERR,ERR,ERR,ERR,ERR,ERR,ERR,ERR,ERR,-0.0,2.718431101732002e+23,-0.0,-0.0,0.0,1.3936040501711995e+18,7.805,2.395,0,0,4,48930,6720,14723890282496.0,100,0.0,0.0,0.0,-0.0,0.0,0,0,0,0,0.0,0,0,0,0,0,0,0,0,0,0,0,0,0,0,0,0,0,0,0,0,0,0,0,0,0,0,0,0,0,0,0,0,0,26,51,50,76,65476,0,300,0,0,8,21553,0.0,-107605600.0,0.0,0.0,0.0,0.0,0.0,0.0,0.0,0.0,0.0,0.0,0.0,0.0,0.0,0.0,0.0,0.0,0.0,0.0,0.0,0.0,0.0,-0.0,0.0,0.0,0.0,0.0,0.0,0.0,4787.0,0.0,7266.0,-0.0,2.718431101732002e+23,-107615360.0,-107615392.0,0.0,0.0,0.0,0.0,77,2.3088407177156624e+20,-107614704.0,0.0,0.0,0.0,0.0,0.0,0.0,0.0,0,0,0,0.0,0.0,0.0,0.0,0.0,0.0,0.0,0.0,0.0,0.0,0.0,0.0,0.0,0.0,0.0,0.0,0,-107875648.0,77,0.0,154,0.0,-0.0,ERR,ERR,ERR,ERR,ERR,ERR,ERR,ERR,ERR,ERR,ERR,ERR,ERR,ERR,ERR,ERR,ERR,ERR,ERR,ERR,ERR,ERR,ERR,ERR,ERR,ERR,ERR,ERR,ERR,ERR,ERR,ERR,ERR,ERR,ERR,ERR,ERR,ERR,ERR,ERR,ERR,ERR,ERR,ERR,ERR,ERR,ERR,ERR,ERR,ERR,ERR,ERR,ERR,ERR,ERR,ERR,ERR,ERR,ERR,ERR,ERR,ERR,ERR,ERR,ERR,ERR,ERR,34.0,80.0,35,0.0,0.0,0.0,0.0,0.0,0.0,0.0,0.0,0.0,0.0,0.0,0.0,0.0,0.0,0.0,0.0,66.0,0,120,58,53,65476,0,300,0,0,8,20529,65476,0,0,57672,80.0,0.0,0.0,0.0,0.0,0.0
2026-06-18T02:29:12,ERR,ERR,ERR,ERR,ERR,ERR,ERR,ERR,ERR,ERR,ERR,ERR,ERR,ERR,ERR,ERR,ERR,ERR,ERR,ERR,ERR,ERR,ERR,ERR,ERR,ERR,ERR,ERR,ERR,ERR,ERR,ERR,ERR,ERR,ERR,ERR,ERR,ERR,ERR,ERR,ERR,ERR,ERR,ERR,ERR,ERR,ERR,ERR,ERR,ERR,ERR,ERR,ERR,ERR,ERR,ERR,ERR,ERR,ERR,ERR,ERR,ERR,ERR,ERR,ERR,ERR,ERR,ERR,ERR,ERR,ERR,ERR,ERR,ERR,ERR,ERR,ERR,ERR,ERR,ERR,ERR,ERR,ERR,ERR,ERR,ERR,ERR,ERR,ERR,ERR,ERR,ERR,ERR,ERR,ERR,ERR,ERR,ERR,ERR,ERR,ERR,ERR,ERR,ERR,ERR,ERR,ERR,ERR,ERR,ERR,ERR,ERR,ERR,ERR,ERR,ERR,ERR,ERR,ERR,ERR,ERR,ERR,ERR,ERR,ERR,-0.0,2.718431101732002e+23,-0.0,-0.0,0.0,1.3936040501711995e+18,7.805,2.395,0,0,4,48930,6720,14723890282496.0,100,0.0,0.0,0.0,-0.0,0.0,0,0,0,0,0.0,0,0,0,0,0,0,0,0,0,0,0,0,0,0,0,0,0,0,0,0,0,0,0,0,0,0,0,0,0,0,0,0,0,26,51,50,76,65476,0,300,0,0,8,21553,0.0,-107605600.0,0.0,0.0,0.0,0.0,0.0,0.0,0.0,0.0,0.0,0.0,0.0,0.0,0.0,0.0,0.0,0.0,0.0,0.0,0.0,0.0,0.0,-0.0,0.0,0.0,0.0,0.0,0.0,0.0,4787.0,0.0,7266.0,-0.0,2.718431101732002e+23,-107615360.0,-107615392.0,0.0,0.0,0.0,0.0,77,2.3088407177156624e+20,-107614704.0,0.0,0.0,0.0,0.0,0.0,0.0,0.0,0,0,0,0.0,0.0,0.0,0.0,0.0,0.0,0.0,0.0,0.0,0.0,0.0,0.0,0.0,0.0,0.0,0.0,0,-107875648.0,77,0.0,154,0.0,-0.0,ERR,ERR,ERR,ERR,ERR,ERR,ERR,ERR,ERR,ERR,ERR,ERR,ERR,ERR,ERR,ERR,ERR,ERR,ERR,ERR,ERR,ERR,ERR,ERR,ERR,ERR,ERR,ERR,ERR,ERR,ERR,ERR,ERR,ERR,ERR,ERR,ERR,ERR,ERR,ERR,ERR,ERR,ERR,ERR,ERR,ERR,ERR,ERR,ERR,ERR,ERR,ERR,ERR,ERR,ERR,ERR,ERR,ERR,ERR,ERR,ERR,ERR,ERR,ERR,ERR,ERR,ERR,34.0,80.0,35,0.0,0.0,0.0,0.0,0.0,0.0,0.0,0.0,0.0,0.0,0.0,0.0,0.0,0.0,0.0,0.0,66.0,0,120,58,53,65476,0,300,0,0,8,20529,65476,0,0,57672,80.0,0.0,0.0,0.0,0.0,0.0
2026-06-18T02:29:13,ERR,ERR,ERR,ERR,ERR,ERR,ERR,ERR,ERR,ERR,ERR,ERR,ERR,ERR,ERR,ERR,ERR,ERR,ERR,ERR,ERR,ERR,ERR,ERR,ERR,ERR,ERR,ERR,ERR,ERR,ERR,ERR,ERR,ERR,ERR,ERR,ERR,ERR,ERR,ERR,ERR,ERR,ERR,ERR,ERR,ERR,ERR,ERR,ERR,ERR,ERR,ERR,ERR,ERR,ERR,ERR,ERR,ERR,ERR,ERR,ERR,ERR,ERR,ERR,ERR,ERR,ERR,ERR,ERR,ERR,ERR,ERR,ERR,ERR,ERR,ERR,ERR,ERR,ERR,ERR,ERR,ERR,ERR,ERR,ERR,ERR,ERR,ERR,ERR,ERR,ERR,ERR,ERR,ERR,ERR,ERR,ERR,ERR,ERR,ERR,ERR,ERR,ERR,ERR,ERR,ERR,ERR,ERR,ERR,ERR,ERR,ERR,ERR,ERR,ERR,ERR,ERR,ERR,ERR,ERR,ERR,ERR,ERR,ERR,ERR,-0.0,2.718431101732002e+23,-0.0,-0.0,0.0,1.3936040501711995e+18,7.805,2.395,0,0,4,48930,6720,14723890282496.0,100,0.0,0.0,0.0,-0.0,0.0,0,0,0,0,0.0,0,0,0,0,0,0,0,0,0,0,0,0,0,0,0,0,0,0,0,0,0,0,0,0,0,0,0,0,0,0,0,0,0,26,51,50,76,65476,0,300,0,0,8,21553,0.0,-107605600.0,0.0,0.0,0.0,0.0,0.0,0.0,0.0,0.0,0.0,0.0,0.0,0.0,0.0,0.0,0.0,0.0,0.0,0.0,0.0,0.0,0.0,-0.0,0.0,0.0,0.0,0.0,0.0,0.0,4787.0,0.0,7266.0,-0.0,2.718431101732002e+23,-107615360.0,-107615392.0,0.0,0.0,0.0,0.0,77,2.3088407177156624e+20,-107614704.0,0.0,0.0,0.0,0.0,0.0,0.0,0.0,0,0,0,0.0,0.0,0.0,0.0,0.0,0.0,0.0,0.0,0.0,0.0,0.0,0.0,0.0,0.0,0.0,0.0,0,-107875648.0,77,0.0,154,0.0,-0.0,ERR,ERR,ERR,ERR,ERR,ERR,ERR,ERR,ERR,ERR,ERR,ERR,ERR,ERR,ERR,ERR,ERR,ERR,ERR,ERR,ERR,ERR,ERR,ERR,ERR,ERR,ERR,ERR,ERR,ERR,ERR,ERR,ERR,ERR,ERR,ERR,ERR,ERR,ERR,ERR,ERR,ERR,ERR,ERR,ERR,ERR,ERR,ERR,ERR,ERR,ERR,ERR,ERR,ERR,ERR,ERR,ERR,ERR,ERR,ERR,ERR,ERR,ERR,ERR,ERR,ERR,ERR,34.0,80.0,35,0.0,0.0,0.0,0.0,0.0,0.0,0.0,0.0,0.0,0.0,0.0,0.0,0.0,0.0,0.0,0.0,66.0,0,120,58,53,65476,0,300,0,0,8,20529,65476,0,0,57672,80.0,0.0,0.0,0.0,0.0,0.0
2026-06-18T02:29:14,ERR,ERR,ERR,ERR,ERR,ERR,ERR,ERR,ERR,ERR,ERR,ERR,ERR,ERR,ERR,ERR,ERR,ERR,ERR,ERR,ERR,ERR,ERR,ERR,ERR,ERR,ERR,ERR,ERR,ERR,ERR,ERR,ERR,ERR,ERR,ERR,ERR,ERR,ERR,ERR,ERR,ERR,ERR,ERR,ERR,ERR,ERR,ERR,ERR,ERR,ERR,ERR,ERR,ERR,ERR,ERR,ERR,ERR,ERR,ERR,ERR,ERR,ERR,ERR,ERR,ERR,ERR,ERR,ERR,ERR,ERR,ERR,ERR,ERR,ERR,ERR,ERR,ERR,ERR,ERR,ERR,ERR,ERR,ERR,ERR,ERR,ERR,ERR,ERR,ERR,ERR,ERR,ERR,ERR,ERR,ERR,ERR,ERR,ERR,ERR,ERR,ERR,ERR,ERR,ERR,ERR,ERR,ERR,ERR,ERR,ERR,ERR,ERR,ERR,ERR,ERR,ERR,ERR,ERR,ERR,ERR,ERR,ERR,ERR,ERR,-0.0,2.718431101732002e+23,-0.0,-0.0,0.0,1.3936040501711995e+18,7.805,2.395,0,0,4,48930,6720,14723890282496.0,100,0.0,0.0,0.0,-0.0,0.0,0,0,0,0,0.0,0,0,0,0,0,0,0,0,0,0,0,0,0,0,0,0,0,0,0,0,0,0,0,0,0,0,0,0,0,0,0,0,0,26,51,50,76,65476,0,300,0,0,8,21553,0.0,-107605600.0,0.0,0.0,0.0,0.0,0.0,0.0,0.0,0.0,0.0,0.0,0.0,0.0,0.0,0.0,0.0,0.0,0.0,0.0,0.0,0.0,0.0,-0.0,0.0,0.0,0.0,0.0,0.0,0.0,4787.0,0.0,7266.0,-0.0,2.718431101732002e+23,-107615360.0,-107615392.0,0.0,0.0,0.0,0.0,77,2.3088407177156624e+20,-107614704.0,0.0,0.0,0.0,0.0,0.0,0.0,0.0,0,0,0,0.0,0.0,0.0,0.0,0.0,0.0,0.0,0.0,0.0,0.0,0.0,0.0,0.0,0.0,0.0,0.0,0,-107875648.0,77,0.0,154,0.0,-0.0,ERR,ERR,ERR,ERR,ERR,ERR,ERR,ERR,ERR,ERR,ERR,ERR,ERR,ERR,ERR,ERR,ERR,ERR,ERR,ERR,ERR,ERR,ERR,ERR,ERR,ERR,ERR,ERR,ERR,ERR,ERR,ERR,ERR,ERR,ERR,ERR,ERR,ERR,ERR,ERR,ERR,ERR,ERR,ERR,ERR,ERR,ERR,ERR,ERR,ERR,ERR,ERR,ERR,ERR,ERR,ERR,ERR,ERR,ERR,ERR,ERR,ERR,ERR,ERR,ERR,ERR,ERR,34.0,80.0,35,0.0,0.0,0.0,0.0,0.0,0.0,0.0,0.0,0.0,0.0,0.0,0.0,0.0,0.0,0.0,0.0,66.0,0,120,58,53,65476,0,300,0,0,8,20529,65476,0,0,57672,80.0,0.0,0.0,0.0,0.0,0.0
2026-06-18T02:29:15,ERR,ERR,ERR,ERR,ERR,ERR,ERR,ERR,ERR,ERR,ERR,ERR,ERR,ERR,ERR,ERR,ERR,ERR,ERR,ERR,ERR,ERR,ERR,ERR,ERR,ERR,ERR,ERR,ERR,ERR,ERR,ERR,ERR,ERR,ERR,ERR,ERR,ERR,ERR,ERR,ERR,ERR,ERR,ERR,ERR,ERR,ERR,ERR,ERR,ERR,ERR,ERR,ERR,ERR,ERR,ERR,ERR,ERR,ERR,ERR,ERR,ERR,ERR,ERR,ERR,ERR,ERR,ERR,ERR,ERR,ERR,ERR,ERR,ERR,ERR,ERR,ERR,ERR,ERR,ERR,ERR,ERR,ERR,ERR,ERR,ERR,ERR,ERR,ERR,ERR,ERR,ERR,ERR,ERR,ERR,ERR,ERR,ERR,ERR,ERR,ERR,ERR,ERR,ERR,ERR,ERR,ERR,ERR,ERR,ERR,ERR,ERR,ERR,ERR,ERR,ERR,ERR,ERR,ERR,ERR,ERR,ERR,ERR,ERR,ERR,-0.0,2.718431101732002e+23,-0.0,0.059,0.0,1.3936040501711995e+18,7.805,0.0,0,0,4,48929,6720,14723890282496.0,100,0.0,0.0,0.0,-0.0,0.0,0,0,0,0,0.0,0,0,0,0,0,0,0,0,0,0,0,0,0,0,0,0,0,0,0,0,0,0,0,0,0,0,0,0,0,0,0,0,0,26,51,50,76,65476,0,300,0,0,8,21553,0.0,-107605600.0,0.0,0.0,0.0,0.0,0.0,0.0,0.0,0.0,0.0,0.0,0.0,0.0,0.0,0.0,0.0,0.0,0.0,0.0,0.0,0.0,0.0,2.004,0.0,0.0,0.0,0.0,0.0,0.0,4749.0,-1.5879278419570017e+29,7294.0,-0.0,2.718431101732002e+23,-107615360.0,-107615392.0,0.0,0.0,0.0,0.0,77,71.63,-0.0,0.0,0.0,0.0,0.0,0.0,0.0,0.0,0,0,0,0.0,0.0,0.0,0.0,0.0,0.0,0.0,0.0,0.0,0.0,0.0,0.0,0.0,0.0,0.0,0.0,0,-107875648.0,77,0.0,154,0.0,-0.0,ERR,ERR,ERR,ERR,ERR,ERR,ERR,ERR,ERR,ERR,ERR,ERR,ERR,ERR,ERR,ERR,ERR,ERR,ERR,ERR,ERR,ERR,ERR,ERR,ERR,ERR,ERR,ERR,ERR,ERR,ERR,ERR,ERR,ERR,ERR,ERR,ERR,ERR,ERR,ERR,ERR,ERR,ERR,ERR,ERR,ERR,ERR,ERR,ERR,ERR,ERR,ERR,ERR,ERR,ERR,ERR,ERR,ERR,ERR,ERR,ERR,ERR,ERR,ERR,ERR,ERR,ERR,34.0,80.0,35,0.0,0.0,0.0,0.0,0.0,0.0,0.0,0.0,0.0,0.0,0.0,0.0,0.0,0.0,0.0,0.0,66.0,0,120,58,53,65476,0,300,0,0,8,20529,65476,0,0,57672,80.0,0.0,0.0,0.0,0.0,0.0
2026-06-18T02:29:16,ERR,ERR,ERR,ERR,ERR,ERR,ERR,ERR,ERR,ERR,ERR,ERR,ERR,ERR,ERR,ERR,ERR,ERR,ERR,ERR,ERR,ERR,ERR,ERR,ERR,ERR,ERR,ERR,ERR,ERR,ERR,ERR,ERR,ERR,ERR,ERR,ERR,ERR,ERR,ERR,ERR,ERR,ERR,ERR,ERR,ERR,ERR,ERR,ERR,ERR,ERR,ERR,ERR,ERR,ERR,ERR,ERR,ERR,ERR,ERR,ERR,ERR,ERR,ERR,ERR,ERR,ERR,ERR,ERR,ERR,ERR,ERR,ERR,ERR,ERR,ERR,ERR,ERR,ERR,ERR,ERR,ERR,ERR,ERR,ERR,ERR,ERR,ERR,ERR,ERR,ERR,ERR,ERR,ERR,ERR,ERR,ERR,ERR,ERR,ERR,ERR,ERR,ERR,ERR,ERR,ERR,ERR,ERR,ERR,ERR,ERR,ERR,ERR,ERR,ERR,ERR,ERR,ERR,ERR,ERR,ERR,ERR,ERR,ERR,ERR,-0.0,2.718431101732002e+23,-0.0,0.059,0.0,1.3936040501711995e+18,7.805,0.0,0,0,4,48929,6720,14723890282496.0,100,0.0,0.0,0.0,-0.0,0.0,0,0,0,0,0.0,0,0,0,0,0,0,0,0,0,0,0,0,0,0,0,0,0,0,0,0,0,0,0,0,0,0,0,0,0,0,0,0,0,26,51,50,76,65476,0,300,0,0,8,21553,0.0,-107605600.0,0.0,0.0,0.0,0.0,0.0,0.0,0.0,0.0,0.0,0.0,0.0,0.0,0.0,0.0,0.0,0.0,0.0,0.0,0.0,0.0,0.0,2.004,0.0,0.0,0.0,0.0,0.0,0.0,4749.0,-1.5879278419570017e+29,7294.0,-0.0,2.718431101732002e+23,-107615360.0,-107615392.0,0.0,0.0,0.0,0.0,77,71.63,-0.0,0.0,0.0,0.0,0.0,0.0,0.0,0.0,0,0,0,0.0,0.0,0.0,0.0,0.0,0.0,0.0,0.0,0.0,0.0,0.0,0.0,0.0,0.0,0.0,0.0,0,-107875648.0,77,0.0,154,0.0,-0.0,ERR,ERR,ERR,ERR,ERR,ERR,ERR,ERR,ERR,ERR,ERR,ERR,ERR,ERR,ERR,ERR,ERR,ERR,ERR,ERR,ERR,ERR,ERR,ERR,ERR,ERR,ERR,ERR,ERR,ERR,ERR,ERR,ERR,ERR,ERR,ERR,ERR,ERR,ERR,ERR,ERR,ERR,ERR,ERR,ERR,ERR,ERR,ERR,ERR,ERR,ERR,ERR,ERR,ERR,ERR,ERR,ERR,ERR,ERR,ERR,ERR,ERR,ERR,ERR,ERR,ERR,ERR,34.0,80.0,35,0.0,0.0,0.0,0.0,0.0,0.0,0.0,0.0,0.0,0.0,0.0,0.0,0.0,0.0,0.0,0.0,66.0,0,120,58,53,65476,0,300,0,0,8,20529,65476,0,0,57672,80.0,0.0,0.0,0.0,0.0,0.0
2026-06-18T02:29:17,ERR,ERR,ERR,ERR,ERR,ERR,ERR,ERR,ERR,ERR,ERR,ERR,ERR,ERR,ERR,ERR,ERR,ERR,ERR,ERR,ERR,ERR,ERR,ERR,ERR,ERR,ERR,ERR,ERR,ERR,ERR,ERR,ERR,ERR,ERR,ERR,ERR,ERR,ERR,ERR,ERR,ERR,ERR,ERR,ERR,ERR,ERR,ERR,ERR,ERR,ERR,ERR,ERR,ERR,ERR,ERR,ERR,ERR,ERR,ERR,ERR,ERR,ERR,ERR,ERR,ERR,ERR,ERR,ERR,ERR,ERR,ERR,ERR,ERR,ERR,ERR,ERR,ERR,ERR,ERR,ERR,ERR,ERR,ERR,ERR,ERR,ERR,ERR,ERR,ERR,ERR,ERR,ERR,ERR,ERR,ERR,ERR,ERR,ERR,ERR,ERR,ERR,ERR,ERR,ERR,ERR,ERR,ERR,ERR,ERR,ERR,ERR,ERR,ERR,ERR,ERR,ERR,ERR,ERR,ERR,ERR,ERR,ERR,ERR,ERR,-0.0,2.718431101732002e+23,-0.0,0.059,0.0,1.3936040501711995e+18,7.805,0.0,0,0,4,48929,6720,14723890282496.0,100,0.0,0.0,0.0,-0.0,0.0,0,0,0,0,0.0,0,0,0,0,0,0,0,0,0,0,0,0,0,0,0,0,0,0,0,0,0,0,0,0,0,0,0,0,0,0,0,0,0,26,51,50,76,65476,0,300,0,0,8,21553,0.0,-107605600.0,0.0,0.0,0.0,0.0,0.0,0.0,0.0,0.0,0.0,0.0,0.0,0.0,0.0,0.0,0.0,0.0,0.0,0.0,0.0,0.0,0.0,2.004,0.0,0.0,0.0,0.0,0.0,0.0,4749.0,-1.5879278419570017e+29,7294.0,-0.0,2.718431101732002e+23,-107615360.0,-107615392.0,0.0,0.0,0.0,0.0,77,71.63,-0.0,0.0,0.0,0.0,0.0,0.0,0.0,0.0,0,0,0,0.0,0.0,0.0,0.0,0.0,0.0,0.0,0.0,0.0,0.0,0.0,0.0,0.0,0.0,0.0,0.0,0,-107875648.0,77,0.0,154,0.0,-0.0,ERR,ERR,ERR,ERR,ERR,ERR,ERR,ERR,ERR,ERR,ERR,ERR,ERR,ERR,ERR,ERR,ERR,ERR,ERR,ERR,ERR,ERR,ERR,ERR,ERR,ERR,ERR,ERR,ERR,ERR,ERR,ERR,ERR,ERR,ERR,ERR,ERR,ERR,ERR,ERR,ERR,ERR,ERR,ERR,ERR,ERR,ERR,ERR,ERR,ERR,ERR,ERR,ERR,ERR,ERR,ERR,ERR,ERR,ERR,ERR,ERR,ERR,ERR,ERR,ERR,ERR,ERR,34.0,80.0,35,0.0,0.0,0.0,0.0,0.0,0.0,0.0,0.0,0.0,0.0,0.0,0.0,0.0,0.0,0.0,0.0,66.0,0,120,58,53,65476,0,300,0,0,8,20529,65476,0,0,57672,80.0,0.0,0.0,0.0,0.0,0.0
2026-06-18T02:29:18,ERR,ERR,ERR,ERR,ERR,ERR,ERR,ERR,ERR,ERR,ERR,ERR,ERR,ERR,ERR,ERR,ERR,ERR,ERR,ERR,ERR,ERR,ERR,ERR,ERR,ERR,ERR,ERR,ERR,ERR,ERR,ERR,ERR,ERR,ERR,ERR,ERR,ERR,ERR,ERR,ERR,ERR,ERR,ERR,ERR,ERR,ERR,ERR,ERR,ERR,ERR,ERR,ERR,ERR,ERR,ERR,ERR,ERR,ERR,ERR,ERR,ERR,ERR,ERR,ERR,ERR,ERR,ERR,ERR,ERR,ERR,ERR,ERR,ERR,ERR,ERR,ERR,ERR,ERR,ERR,ERR,ERR,ERR,ERR,ERR,ERR,ERR,ERR,ERR,ERR,ERR,ERR,ERR,ERR,ERR,ERR,ERR,ERR,ERR,ERR,ERR,ERR,ERR,ERR,ERR,ERR,ERR,ERR,ERR,ERR,ERR,ERR,ERR,ERR,ERR,ERR,ERR,ERR,ERR,ERR,ERR,ERR,ERR,ERR,ERR,-0.0,2.718431101732002e+23,-0.0,0.059,0.0,1.3936040501711995e+18,7.805,0.0,0,0,4,48929,6720,14723890282496.0,100,0.0,0.0,0.0,-0.0,0.0,0,0,0,0,0.0,0,0,0,0,0,0,0,0,0,0,0,0,0,0,0,0,0,0,0,0,0,0,0,0,0,0,0,0,0,0,0,0,0,26,51,50,76,65476,0,300,0,0,8,21553,0.0,-107605600.0,0.0,0.0,0.0,0.0,0.0,0.0,0.0,0.0,0.0,0.0,0.0,0.0,0.0,0.0,0.0,0.0,0.0,0.0,0.0,0.0,0.0,2.004,0.0,0.0,0.0,0.0,0.0,0.0,4749.0,-1.5879278419570017e+29,7294.0,-0.0,2.718431101732002e+23,-107615360.0,-107615392.0,0.0,0.0,0.0,0.0,77,71.63,-0.0,0.0,0.0,0.0,0.0,0.0,0.0,0.0,0,0,0,0.0,0.0,0.0,0.0,0.0,0.0,0.0,0.0,0.0,0.0,0.0,0.0,0.0,0.0,0.0,0.0,0,-107875648.0,77,0.0,154,0.0,-0.0,ERR,ERR,ERR,ERR,ERR,ERR,ERR,ERR,ERR,ERR,ERR,ERR,ERR,ERR,ERR,ERR,ERR,ERR,ERR,ERR,ERR,ERR,ERR,ERR,ERR,ERR,ERR,ERR,ERR,ERR,ERR,ERR,ERR,ERR,ERR,ERR,ERR,ERR,ERR,ERR,ERR,ERR,ERR,ERR,ERR,ERR,ERR,ERR,ERR,ERR,ERR,ERR,ERR,ERR,ERR,ERR,ERR,ERR,ERR,ERR,ERR,ERR,ERR,ERR,ERR,ERR,ERR,34.0,80.0,35,0.0,0.0,0.0,0.0,0.0,0.0,0.0,0.0,0.0,0.0,0.0,0.0,0.0,0.0,0.0,0.0,66.0,0,120,58,53,65476,0,300,0,0,8,20529,65476,0,0,57672,80.0,0.0,0.0,0.0,0.0,0.0
2026-06-18T02:29:19,ERR,ERR,ERR,ERR,ERR,ERR,ERR,ERR,ERR,ERR,ERR,ERR,ERR,ERR,ERR,ERR,ERR,ERR,ERR,ERR,ERR,ERR,ERR,ERR,ERR,ERR,ERR,ERR,ERR,ERR,ERR,ERR,ERR,ERR,ERR,ERR,ERR,ERR,ERR,ERR,ERR,ERR,ERR,ERR,ERR,ERR,ERR,ERR,ERR,ERR,ERR,ERR,ERR,ERR,ERR,ERR,ERR,ERR,ERR,ERR,ERR,ERR,ERR,ERR,ERR,ERR,ERR,ERR,ERR,ERR,ERR,ERR,ERR,ERR,ERR,ERR,ERR,ERR,ERR,ERR,ERR,ERR,ERR,ERR,ERR,ERR,ERR,ERR,ERR,ERR,ERR,ERR,ERR,ERR,ERR,ERR,ERR,ERR,ERR,ERR,ERR,ERR,ERR,ERR,ERR,ERR,ERR,ERR,ERR,ERR,ERR,ERR,ERR,ERR,ERR,ERR,ERR,ERR,ERR,ERR,ERR,ERR,ERR,ERR,ERR,-0.0,2.718431101732002e+23,-0.0,0.059,0.0,1.3936040501711995e+18,7.805,0.0,0,0,4,48929,6720,14723890282496.0,100,0.0,0.0,0.0,-0.0,0.0,0,0,0,0,0.0,0,0,0,0,0,0,0,0,0,0,0,0,0,0,0,0,0,0,0,0,0,0,0,0,0,0,0,0,0,0,0,0,0,26,51,50,76,65476,0,300,0,0,8,21553,0.0,-107605600.0,0.0,0.0,0.0,0.0,0.0,0.0,0.0,0.0,0.0,0.0,0.0,0.0,0.0,0.0,0.0,0.0,0.0,0.0,0.0,0.0,0.0,2.004,0.0,0.0,0.0,0.0,0.0,0.0,4749.0,-1.5879278419570017e+29,7294.0,-0.0,2.718431101732002e+23,-107615360.0,-107615392.0,0.0,0.0,0.0,0.0,77,71.63,-0.0,0.0,0.0,0.0,0.0,0.0,0.0,0.0,0,0,0,0.0,0.0,0.0,0.0,0.0,0.0,0.0,0.0,0.0,0.0,0.0,0.0,0.0,0.0,0.0,0.0,0,-107875648.0,77,0.0,154,0.0,-0.0,ERR,ERR,ERR,ERR,ERR,ERR,ERR,ERR,ERR,ERR,ERR,ERR,ERR,ERR,ERR,ERR,ERR,ERR,ERR,ERR,ERR,ERR,ERR,ERR,ERR,ERR,ERR,ERR,ERR,ERR,ERR,ERR,ERR,ERR,ERR,ERR,ERR,ERR,ERR,ERR,ERR,ERR,ERR,ERR,ERR,ERR,ERR,ERR,ERR,ERR,ERR,ERR,ERR,ERR,ERR,ERR,ERR,ERR,ERR,ERR,ERR,ERR,ERR,ERR,ERR,ERR,ERR,34.0,80.0,35,0.0,0.0,0.0,0.0,0.0,0.0,0.0,0.0,0.0,0.0,0.0,0.0,0.0,0.0,0.0,0.0,66.0,0,120,58,53,65476,0,300,0,0,8,20529,65476,0,0,57672,80.0,0.0,0.0,0.0,0.0,0.0
2026-06-18T02:29:20,ERR,ERR,ERR,ERR,ERR,ERR,ERR,ERR,ERR,ERR,ERR,ERR,ERR,ERR,ERR,ERR,ERR,ERR,ERR,ERR,ERR,ERR,ERR,ERR,ERR,ERR,ERR,ERR,ERR,ERR,ERR,ERR,ERR,ERR,ERR,ERR,ERR,ERR,ERR,ERR,ERR,ERR,ERR,ERR,ERR,ERR,ERR,ERR,ERR,ERR,ERR,ERR,ERR,ERR,ERR,ERR,ERR,ERR,ERR,ERR,ERR,ERR,ERR,ERR,ERR,ERR,ERR,ERR,ERR,ERR,ERR,ERR,ERR,ERR,ERR,ERR,ERR,ERR,ERR,ERR,ERR,ERR,ERR,ERR,ERR,ERR,ERR,ERR,ERR,ERR,ERR,ERR,ERR,ERR,ERR,ERR,ERR,ERR,ERR,ERR,ERR,ERR,ERR,ERR,ERR,ERR,ERR,ERR,ERR,ERR,ERR,ERR,ERR,ERR,ERR,ERR,ERR,ERR,ERR,ERR,ERR,ERR,ERR,ERR,ERR,-0.0,2.718431101732002e+23,-0.0,0.059,0.0,1.3936040501711995e+18,7.805,0.0,0,0,4,48929,6720,14723890282496.0,100,0.0,0.0,0.0,-0.0,0.0,0,0,0,0,0.0,0,0,0,0,0,0,0,0,0,0,0,0,0,0,0,0,0,0,0,0,0,0,0,0,0,0,0,0,0,0,0,0,0,26,51,50,76,65476,0,300,0,0,8,21553,0.0,-107605600.0,0.0,0.0,0.0,0.0,0.0,0.0,0.0,0.0,0.0,0.0,0.0,0.0,0.0,0.0,0.0,0.0,0.0,0.0,0.0,0.0,0.0,2.004,0.0,0.0,0.0,0.0,0.0,0.0,4749.0,-1.5879278419570017e+29,7294.0,-0.0,2.718431101732002e+23,-107615360.0,-107615392.0,0.0,0.0,0.0,0.0,77,71.63,-0.0,0.0,0.0,0.0,0.0,0.0,0.0,0.0,0,0,0,0.0,0.0,0.0,0.0,0.0,0.0,0.0,0.0,0.0,0.0,0.0,0.0,0.0,0.0,0.0,0.0,0,-107875648.0,77,0.0,154,0.0,-0.0,ERR,ERR,ERR,ERR,ERR,ERR,ERR,ERR,ERR,ERR,ERR,ERR,ERR,ERR,ERR,ERR,ERR,ERR,ERR,ERR,ERR,ERR,ERR,ERR,ERR,ERR,ERR,ERR,ERR,ERR,ERR,ERR,ERR,ERR,ERR,ERR,ERR,ERR,ERR,ERR,ERR,ERR,ERR,ERR,ERR,ERR,ERR,ERR,ERR,ERR,ERR,ERR,ERR,ERR,ERR,ERR,ERR,ERR,ERR,ERR,ERR,ERR,ERR,ERR,ERR,ERR,ERR,34.0,80.0,35,0.0,0.0,0.0,0.0,0.0,0.0,0.0,0.0,0.0,0.0,0.0,0.0,0.0,0.0,0.0,0.0,66.0,0,120,58,53,65476,0,300,0,0,8,20529,65476,0,0,57672,80.0,0.0,0.0,0.0,0.0,0.0
2026-06-18T02:29:21,ERR,ERR,ERR,ERR,ERR,ERR,ERR,ERR,ERR,ERR,ERR,ERR,ERR,ERR,ERR,ERR,ERR,ERR,ERR,ERR,ERR,ERR,ERR,ERR,ERR,ERR,ERR,ERR,ERR,ERR,ERR,ERR,ERR,ERR,ERR,ERR,ERR,ERR,ERR,ERR,ERR,ERR,ERR,ERR,ERR,ERR,ERR,ERR,ERR,ERR,ERR,ERR,ERR,ERR,ERR,ERR,ERR,ERR,ERR,ERR,ERR,ERR,ERR,ERR,ERR,ERR,ERR,ERR,ERR,ERR,ERR,ERR,ERR,ERR,ERR,ERR,ERR,ERR,ERR,ERR,ERR,ERR,ERR,ERR,ERR,ERR,ERR,ERR,ERR,ERR,ERR,ERR,ERR,ERR,ERR,ERR,ERR,ERR,ERR,ERR,ERR,ERR,ERR,ERR,ERR,ERR,ERR,ERR,ERR,ERR,ERR,ERR,ERR,ERR,ERR,ERR,ERR,ERR,ERR,ERR,ERR,ERR,ERR,ERR,ERR,-0.0,2.718431101732002e+23,-0.0,0.059,0.0,1.3936040501711995e+18,7.805,0.0,0,0,4,48924,6720,14723890282496.0,100,0.0,0.0,0.0,-152005385388032.0,0.0,0,0,0,0,0.0,0,0,0,0,0,0,0,0,0,0,0,0,0,0,0,0,0,0,0,0,0,0,0,0,0,0,0,0,0,0,0,0,0,26,51,50,76,65476,0,300,0,0,8,21553,0.0,-107605600.0,0.0,0.0,0.0,0.0,0.0,0.0,0.0,0.0,0.0,0.0,0.0,0.0,0.0,0.0,0.0,0.0,0.0,0.0,0.0,0.0,0.0,-0.0,0.0,0.0,0.0,0.0,0.0,0.0,4753.0,-1.5879278419570017e+29,7294.0,-0.0,2.718431101732002e+23,-107615360.0,-107615392.0,0.0,0.0,0.0,0.0,77,152018488393728.0,-0.0,0.0,0.0,0.0,0.0,0.0,0.0,0.0,0,0,0,0.0,0.0,0.0,0.0,0.0,0.0,0.0,0.0,0.0,0.0,0.0,0.0,0.0,0.0,0.0,0.0,0,-107875648.0,77,0.0,154,0.0,-0.0,ERR,ERR,ERR,ERR,ERR,ERR,ERR,ERR,ERR,ERR,ERR,ERR,ERR,ERR,ERR,ERR,ERR,ERR,ERR,ERR,ERR,ERR,ERR,ERR,ERR,ERR,ERR,ERR,ERR,ERR,ERR,ERR,ERR,ERR,ERR,ERR,ERR,ERR,ERR,ERR,ERR,ERR,ERR,ERR,ERR,ERR,ERR,ERR,ERR,ERR,ERR,ERR,ERR,ERR,ERR,ERR,ERR,ERR,ERR,ERR,ERR,ERR,ERR,ERR,ERR,ERR,ERR,34.0,80.0,35,0.0,0.0,0.0,0.0,0.0,0.0,0.0,0.0,0.0,0.0,0.0,0.0,0.0,0.0,0.0,0.0,66.0,0,120,58,53,65476,0,300,0,0,8,20529,65476,0,0,57672,80.0,0.0,0.0,0.0,0.0,0.0
2026-06-18T02:29:22,ERR,ERR,ERR,ERR,ERR,ERR,ERR,ERR,ERR,ERR,ERR,ERR,ERR,ERR,ERR,ERR,ERR,ERR,ERR,ERR,ERR,ERR,ERR,ERR,ERR,ERR,ERR,ERR,ERR,ERR,ERR,ERR,ERR,ERR,ERR,ERR,ERR,ERR,ERR,ERR,ERR,ERR,ERR,ERR,ERR,ERR,ERR,ERR,ERR,ERR,ERR,ERR,ERR,ERR,ERR,ERR,ERR,ERR,ERR,ERR,ERR,ERR,ERR,ERR,ERR,ERR,ERR,ERR,ERR,ERR,ERR,ERR,ERR,ERR,ERR,ERR,ERR,ERR,ERR,ERR,ERR,ERR,ERR,ERR,ERR,ERR,ERR,ERR,ERR,ERR,ERR,ERR,ERR,ERR,ERR,ERR,ERR,ERR,ERR,ERR,ERR,ERR,ERR,ERR,ERR,ERR,ERR,ERR,ERR,ERR,ERR,ERR,ERR,ERR,ERR,ERR,ERR,ERR,ERR,ERR,ERR,ERR,ERR,ERR,ERR,-0.0,2.718431101732002e+23,-0.0,0.059,0.0,1.3936040501711995e+18,7.805,0.0,0,0,4,48924,6720,14723890282496.0,100,0.0,0.0,0.0,-152005385388032.0,0.0,0,0,0,0,0.0,0,0,0,0,0,0,0,0,0,0,0,0,0,0,0,0,0,0,0,0,0,0,0,0,0,0,0,0,0,0,0,0,0,26,51,50,76,65476,0,300,0,0,8,21553,0.0,-107605600.0,0.0,0.0,0.0,0.0,0.0,0.0,0.0,0.0,0.0,0.0,0.0,0.0,0.0,0.0,0.0,0.0,0.0,0.0,0.0,0.0,0.0,-0.0,0.0,0.0,0.0,0.0,0.0,0.0,4753.0,-1.5879278419570017e+29,7294.0,-0.0,2.718431101732002e+23,-107615360.0,-107615392.0,0.0,0.0,0.0,0.0,77,152018488393728.0,-0.0,0.0,0.0,0.0,0.0,0.0,0.0,0.0,0,0,0,0.0,0.0,0.0,0.0,0.0,0.0,0.0,0.0,0.0,0.0,0.0,0.0,0.0,0.0,0.0,0.0,0,-107875648.0,77,0.0,154,0.0,-0.0,ERR,ERR,ERR,ERR,ERR,ERR,ERR,ERR,ERR,ERR,ERR,ERR,ERR,ERR,ERR,ERR,ERR,ERR,ERR,ERR,ERR,ERR,ERR,ERR,ERR,ERR,ERR,ERR,ERR,ERR,ERR,ERR,ERR,ERR,ERR,ERR,ERR,ERR,ERR,ERR,ERR,ERR,ERR,ERR,ERR,ERR,ERR,ERR,ERR,ERR,ERR,ERR,ERR,ERR,ERR,ERR,ERR,ERR,ERR,ERR,ERR,ERR,ERR,ERR,ERR,ERR,ERR,34.0,80.0,35,0.0,0.0,0.0,0.0,0.0,0.0,0.0,0.0,0.0,0.0,0.0,0.0,0.0,0.0,0.0,0.0,66.0,0,120,58,53,65476,0,300,0,0,8,20529,65476,0,0,57672,80.0,0.0,0.0,0.0,0.0,0.0
2026-06-18T02:29:23,ERR,ERR,ERR,ERR,ERR,ERR,ERR,ERR,ERR,ERR,ERR,ERR,ERR,ERR,ERR,ERR,ERR,ERR,ERR,ERR,ERR,ERR,ERR,ERR,ERR,ERR,ERR,ERR,ERR,ERR,ERR,ERR,ERR,ERR,ERR,ERR,ERR,ERR,ERR,ERR,ERR,ERR,ERR,ERR,ERR,ERR,ERR,ERR,ERR,ERR,ERR,ERR,ERR,ERR,ERR,ERR,ERR,ERR,ERR,ERR,ERR,ERR,ERR,ERR,ERR,ERR,ERR,ERR,ERR,ERR,ERR,ERR,ERR,ERR,ERR,ERR,ERR,ERR,ERR,ERR,ERR,ERR,ERR,ERR,ERR,ERR,ERR,ERR,ERR,ERR,ERR,ERR,ERR,ERR,ERR,ERR,ERR,ERR,ERR,ERR,ERR,ERR,ERR,ERR,ERR,ERR,ERR,ERR,ERR,ERR,ERR,ERR,ERR,ERR,ERR,ERR,ERR,ERR,ERR,ERR,ERR,ERR,ERR,ERR,ERR,-0.0,2.718431101732002e+23,-0.0,0.059,0.0,1.3936040501711995e+18,7.805,0.0,0,0,4,48924,6720,14723890282496.0,100,0.0,0.0,0.0,-152005385388032.0,0.0,0,0,0,0,0.0,0,0,0,0,0,0,0,0,0,0,0,0,0,0,0,0,0,0,0,0,0,0,0,0,0,0,0,0,0,0,0,0,0,26,51,50,76,65476,0,300,0,0,8,21553,0.0,-107605600.0,0.0,0.0,0.0,0.0,0.0,0.0,0.0,0.0,0.0,0.0,0.0,0.0,0.0,0.0,0.0,0.0,0.0,0.0,0.0,0.0,0.0,-0.0,0.0,0.0,0.0,0.0,0.0,0.0,4753.0,-1.5879278419570017e+29,7294.0,-0.0,2.718431101732002e+23,-107615360.0,-107615392.0,0.0,0.0,0.0,0.0,77,152018488393728.0,-0.0,0.0,0.0,0.0,0.0,0.0,0.0,0.0,0,0,0,0.0,0.0,0.0,0.0,0.0,0.0,0.0,0.0,0.0,0.0,0.0,0.0,0.0,0.0,0.0,0.0,0,-107875648.0,77,0.0,154,0.0,-0.0,ERR,ERR,ERR,ERR,ERR,ERR,ERR,ERR,ERR,ERR,ERR,ERR,ERR,ERR,ERR,ERR,ERR,ERR,ERR,ERR,ERR,ERR,ERR,ERR,ERR,ERR,ERR,ERR,ERR,ERR,ERR,ERR,ERR,ERR,ERR,ERR,ERR,ERR,ERR,ERR,ERR,ERR,ERR,ERR,ERR,ERR,ERR,ERR,ERR,ERR,ERR,ERR,ERR,ERR,ERR,ERR,ERR,ERR,ERR,ERR,ERR,ERR,ERR,ERR,ERR,ERR,ERR,34.0,80.0,35,0.0,0.0,0.0,0.0,0.0,0.0,0.0,0.0,0.0,0.0,0.0,0.0,0.0,0.0,0.0,0.0,66.4,0,120,58,53,65476,0,300,0,0,8,20529,65476,0,0,57672,80.0,0.0,0.0,0.0,0.0,0.0
2026-06-18T02:29:24,ERR,ERR,ERR,ERR,ERR,ERR,ERR,ERR,ERR,ERR,ERR,ERR,ERR,ERR,ERR,ERR,ERR,ERR,ERR,ERR,ERR,ERR,ERR,ERR,ERR,ERR,ERR,ERR,ERR,ERR,ERR,ERR,ERR,ERR,ERR,ERR,ERR,ERR,ERR,ERR,ERR,ERR,ERR,ERR,ERR,ERR,ERR,ERR,ERR,ERR,ERR,ERR,ERR,ERR,ERR,ERR,ERR,ERR,ERR,ERR,ERR,ERR,ERR,ERR,ERR,ERR,ERR,ERR,ERR,ERR,ERR,ERR,ERR,ERR,ERR,ERR,ERR,ERR,ERR,ERR,ERR,ERR,ERR,ERR,ERR,ERR,ERR,ERR,ERR,ERR,ERR,ERR,ERR,ERR,ERR,ERR,ERR,ERR,ERR,ERR,ERR,ERR,ERR,ERR,ERR,ERR,ERR,ERR,ERR,ERR,ERR,ERR,ERR,ERR,ERR,ERR,ERR,ERR,ERR,ERR,ERR,ERR,ERR,ERR,ERR,-0.0,2.718431101732002e+23,-0.0,0.059,0.0,1.3936040501711995e+18,7.805,0.0,0,0,4,48924,6720,14723890282496.0,100,0.0,0.0,0.0,-152005385388032.0,0.0,0,0,0,0,0.0,0,0,0,0,0,0,0,0,0,0,0,0,0,0,0,0,0,0,0,0,0,0,0,0,0,0,0,0,0,0,0,0,0,26,51,50,76,65476,0,300,0,0,8,21553,0.0,-107605600.0,0.0,0.0,0.0,0.0,0.0,0.0,0.0,0.0,0.0,0.0,0.0,0.0,0.0,0.0,0.0,0.0,0.0,0.0,0.0,0.0,0.0,-0.0,0.0,0.0,0.0,0.0,0.0,0.0,4753.0,-1.5879278419570017e+29,7294.0,-0.0,2.718431101732002e+23,-107615360.0,-107615392.0,0.0,0.0,0.0,0.0,77,152018488393728.0,-0.0,0.0,0.0,0.0,0.0,0.0,0.0,0.0,0,0,0,0.0,0.0,0.0,0.0,0.0,0.0,0.0,0.0,0.0,0.0,0.0,0.0,0.0,0.0,0.0,0.0,0,-107875648.0,77,0.0,154,0.0,-0.0,ERR,ERR,ERR,ERR,ERR,ERR,ERR,ERR,ERR,ERR,ERR,ERR,ERR,ERR,ERR,ERR,ERR,ERR,ERR,ERR,ERR,ERR,ERR,ERR,ERR,ERR,ERR,ERR,ERR,ERR,ERR,ERR,ERR,ERR,ERR,ERR,ERR,ERR,ERR,ERR,ERR,ERR,ERR,ERR,ERR,ERR,ERR,ERR,ERR,ERR,ERR,ERR,ERR,ERR,ERR,ERR,ERR,ERR,ERR,ERR,ERR,ERR,ERR,ERR,ERR,ERR,ERR,34.0,80.0,35,0.0,0.0,0.0,0.0,0.0,0.0,0.0,0.0,0.0,0.0,0.0,0.0,0.0,0.0,0.0,0.0,66.4,0,120,58,53,65476,0,300,0,0,8,20529,65476,0,0,57672,80.0,0.0,0.0,0.0,0.0,0.0
2026-06-18T02:29:25,ERR,ERR,ERR,ERR,ERR,ERR,ERR,ERR,ERR,ERR,ERR,ERR,ERR,ERR,ERR,ERR,ERR,ERR,ERR,ERR,ERR,ERR,ERR,ERR,ERR,ERR,ERR,ERR,ERR,ERR,ERR,ERR,ERR,ERR,ERR,ERR,ERR,ERR,ERR,ERR,ERR,ERR,ERR,ERR,ERR,ERR,ERR,ERR,ERR,ERR,ERR,ERR,ERR,ERR,ERR,ERR,ERR,ERR,ERR,ERR,ERR,ERR,ERR,ERR,ERR,ERR,ERR,ERR,ERR,ERR,ERR,ERR,ERR,ERR,ERR,ERR,ERR,ERR,ERR,ERR,ERR,ERR,ERR,ERR,ERR,ERR,ERR,ERR,ERR,ERR,ERR,ERR,ERR,ERR,ERR,ERR,ERR,ERR,ERR,ERR,ERR,ERR,ERR,ERR,ERR,ERR,ERR,ERR,ERR,ERR,ERR,ERR,ERR,ERR,ERR,ERR,ERR,ERR,ERR,ERR,ERR,ERR,ERR,ERR,ERR,-0.0,2.718431101732002e+23,-0.0,0.059,0.0,1.3936040501711995e+18,7.805,0.0,0,0,4,48924,6720,14723890282496.0,100,0.0,0.0,0.0,-152005385388032.0,0.0,0,0,0,0,0.0,0,0,0,0,0,0,0,0,0,0,0,0,0,0,0,0,0,0,0,0,0,0,0,0,0,0,0,0,0,0,0,0,0,26,51,50,76,65476,0,300,0,0,8,21553,0.0,-107605600.0,0.0,0.0,0.0,0.0,0.0,0.0,0.0,0.0,0.0,0.0,0.0,0.0,0.0,0.0,0.0,0.0,0.0,0.0,0.0,0.0,0.0,-0.0,0.0,0.0,0.0,0.0,0.0,0.0,4753.0,-1.5879278419570017e+29,7294.0,-0.0,2.718431101732002e+23,-107615360.0,-107615392.0,0.0,0.0,0.0,0.0,77,152018488393728.0,-0.0,0.0,0.0,0.0,0.0,0.0,0.0,0.0,0,0,0,0.0,0.0,0.0,0.0,0.0,0.0,0.0,0.0,0.0,0.0,0.0,0.0,0.0,0.0,0.0,0.0,0,-107875648.0,77,0.0,154,0.0,-0.0,ERR,ERR,ERR,ERR,ERR,ERR,ERR,ERR,ERR,ERR,ERR,ERR,ERR,ERR,ERR,ERR,ERR,ERR,ERR,ERR,ERR,ERR,ERR,ERR,ERR,ERR,ERR,ERR,ERR,ERR,ERR,ERR,ERR,ERR,ERR,ERR,ERR,ERR,ERR,ERR,ERR,ERR,ERR,ERR,ERR,ERR,ERR,ERR,ERR,ERR,ERR,ERR,ERR,ERR,ERR,ERR,ERR,ERR,ERR,ERR,ERR,ERR,ERR,ERR,ERR,ERR,ERR,34.0,80.0,35,0.0,0.0,0.0,0.0,0.0,0.0,0.0,0.0,0.0,0.0,0.0,0.0,0.0,0.0,0.0,0.0,66.0,0,120,58,53,65476,0,300,0,0,8,20529,65476,0,0,57672,80.0,0.0,0.0,0.0,0.0,0.0
2026-06-18T02:29:26,ERR,ERR,ERR,ERR,ERR,ERR,ERR,ERR,ERR,ERR,ERR,ERR,ERR,ERR,ERR,ERR,ERR,ERR,ERR,ERR,ERR,ERR,ERR,ERR,ERR,ERR,ERR,ERR,ERR,ERR,ERR,ERR,ERR,ERR,ERR,ERR,ERR,ERR,ERR,ERR,ERR,ERR,ERR,ERR,ERR,ERR,ERR,ERR,ERR,ERR,ERR,ERR,ERR,ERR,ERR,ERR,ERR,ERR,ERR,ERR,ERR,ERR,ERR,ERR,ERR,ERR,ERR,ERR,ERR,ERR,ERR,ERR,ERR,ERR,ERR,ERR,ERR,ERR,ERR,ERR,ERR,ERR,ERR,ERR,ERR,ERR,ERR,ERR,ERR,ERR,ERR,ERR,ERR,ERR,ERR,ERR,ERR,ERR,ERR,ERR,ERR,ERR,ERR,ERR,ERR,ERR,ERR,ERR,ERR,ERR,ERR,ERR,ERR,ERR,ERR,ERR,ERR,ERR,ERR,ERR,ERR,ERR,ERR,ERR,ERR,-0.0,2.718431101732002e+23,-0.0,2.718290229135658e+23,-0.0,1.3936040501711995e+18,7.805,-24226.301,0,0,4,48927,6720,14723890282496.0,100,0.0,0.0,0.0,0.059,0.0,0,0,0,0,0.0,0,0,0,0,0,0,0,0,0,0,0,0,0,0,0,0,0,0,0,0,0,0,0,0,0,0,0,0,0,0,0,0,0,26,51,50,76,65476,0,300,0,0,8,21553,0.0,-107605600.0,0.0,0.0,0.0,0.0,0.0,0.0,0.0,0.0,0.0,0.0,0.0,0.0,0.0,0.0,0.0,0.0,0.0,0.0,0.0,0.0,-2.004,-0.0,0.0,0.0,0.0,0.0,0.0,0.0,4752.0,-2.4229855986892726e+24,7293.0,-0.0,2.718431101732002e+23,-107615360.0,-107615392.0,0.0,0.0,0.0,0.0,77,126841126912.0,-0.0,0.0,0.0,0.0,0.0,0.0,0.0,0.0,0,0,0,0.0,0.0,0.0,0.0,0.0,0.0,0.0,0.0,0.0,0.0,0.0,0.0,0.0,0.0,0.0,0.0,0,-107875648.0,77,0.0,154,0.0,0.0,ERR,ERR,ERR,ERR,ERR,ERR,ERR,ERR,ERR,ERR,ERR,ERR,ERR,ERR,ERR,ERR,ERR,ERR,ERR,ERR,ERR,ERR,ERR,ERR,ERR,ERR,ERR,ERR,ERR,ERR,ERR,ERR,ERR,ERR,ERR,ERR,ERR,ERR,ERR,ERR,ERR,ERR,ERR,ERR,ERR,ERR,ERR,ERR,ERR,ERR,ERR,ERR,ERR,ERR,ERR,ERR,ERR,ERR,ERR,ERR,ERR,ERR,ERR,ERR,ERR,ERR,ERR,34.0,80.0,35,0.0,0.0,0.0,0.0,0.0,0.0,0.0,0.0,0.0,0.0,0.0,0.0,0.0,0.0,0.0,0.0,66.0,0,120,58,53,65476,0,300,0,0,8,20529,65476,0,0,57672,80.0,0.0,0.0,0.0,0.0,0.0
2026-06-18T02:29:27,ERR,ERR,ERR,ERR,ERR,ERR,ERR,ERR,ERR,ERR,ERR,ERR,ERR,ERR,ERR,ERR,ERR,ERR,ERR,ERR,ERR,ERR,ERR,ERR,ERR,ERR,ERR,ERR,ERR,ERR,ERR,ERR,ERR,ERR,ERR,ERR,ERR,ERR,ERR,ERR,ERR,ERR,ERR,ERR,ERR,ERR,ERR,ERR,ERR,ERR,ERR,ERR,ERR,ERR,ERR,ERR,ERR,ERR,ERR,ERR,ERR,ERR,ERR,ERR,ERR,ERR,ERR,ERR,ERR,ERR,ERR,ERR,ERR,ERR,ERR,ERR,ERR,ERR,ERR,ERR,ERR,ERR,ERR,ERR,ERR,ERR,ERR,ERR,ERR,ERR,ERR,ERR,ERR,ERR,ERR,ERR,ERR,ERR,ERR,ERR,ERR,ERR,ERR,ERR,ERR,ERR,ERR,ERR,ERR,ERR,ERR,ERR,ERR,ERR,ERR,ERR,ERR,ERR,ERR,ERR,ERR,ERR,ERR,ERR,ERR,-0.0,2.718431101732002e+23,-0.0,2.718290229135658e+23,-0.0,1.3936040501711995e+18,7.805,-24226.301,0,0,4,48927,6720,14723890282496.0,100,0.0,0.0,0.0,0.059,0.0,0,0,0,0,0.0,0,0,0,0,0,0,0,0,0,0,0,0,0,0,0,0,0,0,0,0,0,0,0,0,0,0,0,0,0,0,0,0,0,26,51,50,76,65476,0,300,0,0,8,21553,0.0,-107605600.0,0.0,0.0,0.0,0.0,0.0,0.0,0.0,0.0,0.0,0.0,0.0,0.0,0.0,0.0,0.0,0.0,0.0,0.0,0.0,0.0,-2.004,-0.0,0.0,0.0,0.0,0.0,0.0,0.0,4752.0,-2.4229855986892726e+24,7293.0,-0.0,2.718431101732002e+23,-107615360.0,-107615392.0,0.0,0.0,0.0,0.0,77,126841126912.0,-0.0,0.0,0.0,0.0,0.0,0.0,0.0,0.0,0,0,0,0.0,0.0,0.0,0.0,0.0,0.0,0.0,0.0,0.0,0.0,0.0,0.0,0.0,0.0,0.0,0.0,0,-107875648.0,77,0.0,154,0.0,0.0,ERR,ERR,ERR,ERR,ERR,ERR,ERR,ERR,ERR,ERR,ERR,ERR,ERR,ERR,ERR,ERR,ERR,ERR,ERR,ERR,ERR,ERR,ERR,ERR,ERR,ERR,ERR,ERR,ERR,ERR,ERR,ERR,ERR,ERR,ERR,ERR,ERR,ERR,ERR,ERR,ERR,ERR,ERR,ERR,ERR,ERR,ERR,ERR,ERR,ERR,ERR,ERR,ERR,ERR,ERR,ERR,ERR,ERR,ERR,ERR,ERR,ERR,ERR,ERR,ERR,ERR,ERR,34.0,80.0,35,0.0,0.0,0.0,0.0,0.0,0.0,0.0,0.0,0.0,0.0,0.0,0.0,0.0,0.0,0.0,0.0,66.4,0,120,58,53,65476,0,300,0,0,8,20529,65476,0,0,57672,80.0,0.0,0.0,0.0,0.0,0.0
2026-06-18T02:29:28,ERR,ERR,ERR,ERR,ERR,ERR,ERR,ERR,ERR,ERR,ERR,ERR,ERR,ERR,ERR,ERR,ERR,ERR,ERR,ERR,ERR,ERR,ERR,ERR,ERR,ERR,ERR,ERR,ERR,ERR,ERR,ERR,ERR,ERR,ERR,ERR,ERR,ERR,ERR,ERR,ERR,ERR,ERR,ERR,ERR,ERR,ERR,ERR,ERR,ERR,ERR,ERR,ERR,ERR,ERR,ERR,ERR,ERR,ERR,ERR,ERR,ERR,ERR,ERR,ERR,ERR,ERR,ERR,ERR,ERR,ERR,ERR,ERR,ERR,ERR,ERR,ERR,ERR,ERR,ERR,ERR,ERR,ERR,ERR,ERR,ERR,ERR,ERR,ERR,ERR,ERR,ERR,ERR,ERR,ERR,ERR,ERR,ERR,ERR,ERR,ERR,ERR,ERR,ERR,ERR,ERR,ERR,ERR,ERR,ERR,ERR,ERR,ERR,ERR,ERR,ERR,ERR,ERR,ERR,ERR,ERR,ERR,ERR,ERR,ERR,-0.0,2.718431101732002e+23,-0.0,2.718290229135658e+23,-0.0,1.3936040501711995e+18,7.805,-24226.301,0,0,4,48927,6720,14723890282496.0,100,0.0,0.0,0.0,0.059,0.0,0,0,0,0,0.0,0,0,0,0,0,0,0,0,0,0,0,0,0,0,0,0,0,0,0,0,0,0,0,0,0,0,0,0,0,0,0,0,0,26,51,50,76,65476,0,300,0,0,8,21553,0.0,-107605600.0,0.0,0.0,0.0,0.0,0.0,0.0,0.0,0.0,0.0,0.0,0.0,0.0,0.0,0.0,0.0,0.0,0.0,0.0,0.0,0.0,-2.004,-0.0,0.0,0.0,0.0,0.0,0.0,0.0,4752.0,-2.4229855986892726e+24,7293.0,-0.0,2.718431101732002e+23,-107615360.0,-107615392.0,0.0,0.0,0.0,0.0,77,126841126912.0,-0.0,0.0,0.0,0.0,0.0,0.0,0.0,0.0,0,0,0,0.0,0.0,0.0,0.0,0.0,0.0,0.0,0.0,0.0,0.0,0.0,0.0,0.0,0.0,0.0,0.0,0,-107875648.0,77,0.0,154,0.0,0.0,ERR,ERR,ERR,ERR,ERR,ERR,ERR,ERR,ERR,ERR,ERR,ERR,ERR,ERR,ERR,ERR,ERR,ERR,ERR,ERR,ERR,ERR,ERR,ERR,ERR,ERR,ERR,ERR,ERR,ERR,ERR,ERR,ERR,ERR,ERR,ERR,ERR,ERR,ERR,ERR,ERR,ERR,ERR,ERR,ERR,ERR,ERR,ERR,ERR,ERR,ERR,ERR,ERR,ERR,ERR,ERR,ERR,ERR,ERR,ERR,ERR,ERR,ERR,ERR,ERR,ERR,ERR,34.0,80.0,35,0.0,0.0,0.0,0.0,0.0,0.0,0.0,0.0,0.0,0.0,0.0,0.0,0.0,0.0,0.0,0.0,66.0,0,120,58,53,65476,0,300,0,0,8,20529,65476,0,0,57672,80.0,0.0,0.0,0.0,0.0,0.0
2026-06-18T02:29:29,ERR,ERR,ERR,ERR,ERR,ERR,ERR,ERR,ERR,ERR,ERR,ERR,ERR,ERR,ERR,ERR,ERR,ERR,ERR,ERR,ERR,ERR,ERR,ERR,ERR,ERR,ERR,ERR,ERR,ERR,ERR,ERR,ERR,ERR,ERR,ERR,ERR,ERR,ERR,ERR,ERR,ERR,ERR,ERR,ERR,ERR,ERR,ERR,ERR,ERR,ERR,ERR,ERR,ERR,ERR,ERR,ERR,ERR,ERR,ERR,ERR,ERR,ERR,ERR,ERR,ERR,ERR,ERR,ERR,ERR,ERR,ERR,ERR,ERR,ERR,ERR,ERR,ERR,ERR,ERR,ERR,ERR,ERR,ERR,ERR,ERR,ERR,ERR,ERR,ERR,ERR,ERR,ERR,ERR,ERR,ERR,ERR,ERR,ERR,ERR,ERR,ERR,ERR,ERR,ERR,ERR,ERR,ERR,ERR,ERR,ERR,ERR,ERR,ERR,ERR,ERR,ERR,ERR,ERR,ERR,ERR,ERR,ERR,ERR,ERR,-0.0,2.718431101732002e+23,-0.0,2.718290229135658e+23,-0.0,1.3936040501711995e+18,7.805,-24226.301,0,0,4,48927,6720,14723890282496.0,100,0.0,0.0,0.0,0.059,0.0,0,0,0,0,0.0,0,0,0,0,0,0,0,0,0,0,0,0,0,0,0,0,0,0,0,0,0,0,0,0,0,0,0,0,0,0,0,0,0,26,51,50,76,65476,0,300,0,0,8,21553,0.0,-107605600.0,0.0,0.0,0.0,0.0,0.0,0.0,0.0,0.0,0.0,0.0,0.0,0.0,0.0,0.0,0.0,0.0,0.0,0.0,0.0,0.0,-2.004,-0.0,0.0,0.0,0.0,0.0,0.0,0.0,4752.0,-2.4229855986892726e+24,7293.0,-0.0,2.718431101732002e+23,-107615360.0,-107615392.0,0.0,0.0,0.0,0.0,77,126841126912.0,-0.0,0.0,0.0,0.0,0.0,0.0,0.0,0.0,0,0,0,0.0,0.0,0.0,0.0,0.0,0.0,0.0,0.0,0.0,0.0,0.0,0.0,0.0,0.0,0.0,0.0,0,-107875648.0,77,0.0,154,0.0,0.0,ERR,ERR,ERR,ERR,ERR,ERR,ERR,ERR,ERR,ERR,ERR,ERR,ERR,ERR,ERR,ERR,ERR,ERR,ERR,ERR,ERR,ERR,ERR,ERR,ERR,ERR,ERR,ERR,ERR,ERR,ERR,ERR,ERR,ERR,ERR,ERR,ERR,ERR,ERR,ERR,ERR,ERR,ERR,ERR,ERR,ERR,ERR,ERR,ERR,ERR,ERR,ERR,ERR,ERR,ERR,ERR,ERR,ERR,ERR,ERR,ERR,ERR,ERR,ERR,ERR,ERR,ERR,34.0,80.0,35,0.0,0.0,0.0,0.0,0.0,0.0,0.0,0.0,0.0,0.0,0.0,0.0,0.0,0.0,0.0,0.0,66.0,0,120,58,53,65476,0,300,0,0,8,20529,65476,0,0,57672,80.0,0.0,0.0,0.0,0.0,0.0
2026-06-18T02:29:30,ERR,ERR,ERR,ERR,ERR,ERR,ERR,ERR,ERR,ERR,ERR,ERR,ERR,ERR,ERR,ERR,ERR,ERR,ERR,ERR,ERR,ERR,ERR,ERR,ERR,ERR,ERR,ERR,ERR,ERR,ERR,ERR,ERR,ERR,ERR,ERR,ERR,ERR,ERR,ERR,ERR,ERR,ERR,ERR,ERR,ERR,ERR,ERR,ERR,ERR,ERR,ERR,ERR,ERR,ERR,ERR,ERR,ERR,ERR,ERR,ERR,ERR,ERR,ERR,ERR,ERR,ERR,ERR,ERR,ERR,ERR,ERR,ERR,ERR,ERR,ERR,ERR,ERR,ERR,ERR,ERR,ERR,ERR,ERR,ERR,ERR,ERR,ERR,ERR,ERR,ERR,ERR,ERR,ERR,ERR,ERR,ERR,ERR,ERR,ERR,ERR,ERR,ERR,ERR,ERR,ERR,ERR,ERR,ERR,ERR,ERR,ERR,ERR,ERR,ERR,ERR,ERR,ERR,ERR,ERR,ERR,ERR,ERR,ERR,ERR,-0.0,2.718431101732002e+23,-0.0,2.718290229135658e+23,-0.0,1.3936040501711995e+18,7.805,-24226.301,0,0,4,48927,6720,14723890282496.0,100,0.0,0.0,0.0,0.059,0.0,0,0,0,0,0.0,0,0,0,0,0,0,0,0,0,0,0,0,0,0,0,0,0,0,0,0,0,0,0,0,0,0,0,0,0,0,0,0,0,26,51,50,76,65476,0,300,0,0,8,21553,0.0,-107605600.0,0.0,0.0,0.0,0.0,0.0,0.0,0.0,0.0,0.0,0.0,0.0,0.0,0.0,0.0,0.0,0.0,0.0,0.0,0.0,0.0,-2.004,-0.0,0.0,0.0,0.0,0.0,0.0,0.0,4752.0,-2.4229855986892726e+24,7293.0,-0.0,2.718431101732002e+23,-107615360.0,-107615392.0,0.0,0.0,0.0,0.0,77,126841126912.0,-0.0,0.0,0.0,0.0,0.0,0.0,0.0,0.0,0,0,0,0.0,0.0,0.0,0.0,0.0,0.0,0.0,0.0,0.0,0.0,0.0,0.0,0.0,0.0,0.0,0.0,0,-107875648.0,77,0.0,154,0.0,0.0,ERR,ERR,ERR,ERR,ERR,ERR,ERR,ERR,ERR,ERR,ERR,ERR,ERR,ERR,ERR,ERR,ERR,ERR,ERR,ERR,ERR,ERR,ERR,ERR,ERR,ERR,ERR,ERR,ERR,ERR,ERR,ERR,ERR,ERR,ERR,ERR,ERR,ERR,ERR,ERR,ERR,ERR,ERR,ERR,ERR,ERR,ERR,ERR,ERR,ERR,ERR,ERR,ERR,ERR,ERR,ERR,ERR,ERR,ERR,ERR,ERR,ERR,ERR,ERR,ERR,ERR,ERR,34.0,80.0,35,0.0,0.0,0.0,0.0,0.0,0.0,0.0,0.0,0.0,0.0,0.0,0.0,0.0,0.0,0.0,0.0,66.4,0,120,58,53,65476,0,300,0,0,8,20529,65476,0,0,57672,80.0,0.0,0.0,0.0,0.0,0.0
2026-06-18T02:29:31,ERR,ERR,ERR,ERR,ERR,ERR,ERR,ERR,ERR,ERR,ERR,ERR,ERR,ERR,ERR,ERR,ERR,ERR,ERR,ERR,ERR,ERR,ERR,ERR,ERR,ERR,ERR,ERR,ERR,ERR,ERR,ERR,ERR,ERR,ERR,ERR,ERR,ERR,ERR,ERR,ERR,ERR,ERR,ERR,ERR,ERR,ERR,ERR,ERR,ERR,ERR,ERR,ERR,ERR,ERR,ERR,ERR,ERR,ERR,ERR,ERR,ERR,ERR,ERR,ERR,ERR,ERR,ERR,ERR,ERR,ERR,ERR,ERR,ERR,ERR,ERR,ERR,ERR,ERR,ERR,ERR,ERR,ERR,ERR,ERR,ERR,ERR,ERR,ERR,ERR,ERR,ERR,ERR,ERR,ERR,ERR,ERR,ERR,ERR,ERR,ERR,ERR,ERR,ERR,ERR,ERR,ERR,ERR,ERR,ERR,ERR,ERR,ERR,ERR,ERR,ERR,ERR,ERR,ERR,ERR,ERR,ERR,ERR,ERR,ERR,-0.0,2.718431101732002e+23,-0.0,0.059,0.0,1.3936040501711995e+18,7.805,0.0,0,0,4,48935,6720,14723890282496.0,100,0.0,0.0,0.0,0.059,0.0,0,0,0,0,0.0,0,0,0,0,0,0,0,0,0,0,0,0,0,0,0,0,0,0,0,0,0,0,0,0,0,0,0,0,0,0,0,0,0,26,51,50,76,65476,0,300,0,0,8,21553,0.0,-107605600.0,0.0,0.0,0.0,0.0,0.0,0.0,0.0,0.0,0.0,0.0,0.0,0.0,0.0,0.0,0.0,0.0,0.0,0.0,0.0,0.0,0.0,-0.0,0.0,0.0,0.0,0.0,0.0,0.0,4785.0,0.0,7268.0,-0.0,2.718431101732002e+23,-107615360.0,-107615392.0,0.0,0.0,0.0,0.0,77,1.905698292272988e+17,-2.308826292123106e+20,0.0,0.0,0.0,0.0,0.0,0.0,0.0,0,0,0,0.0,0.0,0.0,0.0,0.0,0.0,0.0,0.0,0.0,0.0,0.0,0.0,0.0,0.0,0.0,0.0,0,-107875648.0,77,0.0,154,0.0,-0.0,ERR,ERR,ERR,ERR,ERR,ERR,ERR,ERR,ERR,ERR,ERR,ERR,ERR,ERR,ERR,ERR,ERR,ERR,ERR,ERR,ERR,ERR,ERR,ERR,ERR,ERR,ERR,ERR,ERR,ERR,ERR,ERR,ERR,ERR,ERR,ERR,ERR,ERR,ERR,ERR,ERR,ERR,ERR,ERR,ERR,ERR,ERR,ERR,ERR,ERR,ERR,ERR,ERR,ERR,ERR,ERR,ERR,ERR,ERR,ERR,ERR,ERR,ERR,ERR,ERR,ERR,ERR,34.0,80.0,35,0.0,0.0,0.0,0.0,0.0,0.0,0.0,0.0,0.0,0.0,0.0,0.0,0.0,0.0,0.0,0.0,66.4,0,120,58,53,65476,0,300,0,0,8,20529,65476,0,0,57672,80.0,0.0,0.0,0.0,0.0,0.0
2026-06-18T02:29:32,ERR,ERR,ERR,ERR,ERR,ERR,ERR,ERR,ERR,ERR,ERR,ERR,ERR,ERR,ERR,ERR,ERR,ERR,ERR,ERR,ERR,ERR,ERR,ERR,ERR,ERR,ERR,ERR,ERR,ERR,ERR,ERR,ERR,ERR,ERR,ERR,ERR,ERR,ERR,ERR,ERR,ERR,ERR,ERR,ERR,ERR,ERR,ERR,ERR,ERR,ERR,ERR,ERR,ERR,ERR,ERR,ERR,ERR,ERR,ERR,ERR,ERR,ERR,ERR,ERR,ERR,ERR,ERR,ERR,ERR,ERR,ERR,ERR,ERR,ERR,ERR,ERR,ERR,ERR,ERR,ERR,ERR,ERR,ERR,ERR,ERR,ERR,ERR,ERR,ERR,ERR,ERR,ERR,ERR,ERR,ERR,ERR,ERR,ERR,ERR,ERR,ERR,ERR,ERR,ERR,ERR,ERR,ERR,ERR,ERR,ERR,ERR,ERR,ERR,ERR,ERR,ERR,ERR,ERR,ERR,ERR,ERR,ERR,ERR,ERR,-0.0,2.718431101732002e+23,-0.0,0.059,0.0,1.3936040501711995e+18,7.805,0.0,0,0,4,48935,6720,14723890282496.0,100,0.0,0.0,0.0,0.059,0.0,0,0,0,0,0.0,0,0,0,0,0,0,0,0,0,0,0,0,0,0,0,0,0,0,0,0,0,0,0,0,0,0,0,0,0,0,0,0,0,26,51,50,76,65476,0,300,0,0,8,21553,0.0,-107605600.0,0.0,0.0,0.0,0.0,0.0,0.0,0.0,0.0,0.0,0.0,0.0,0.0,0.0,0.0,0.0,0.0,0.0,0.0,0.0,0.0,0.0,-0.0,0.0,0.0,0.0,0.0,0.0,0.0,4785.0,0.0,7268.0,-0.0,2.718431101732002e+23,-107615360.0,-107615392.0,0.0,0.0,0.0,0.0,77,1.905698292272988e+17,-2.308826292123106e+20,0.0,0.0,0.0,0.0,0.0,0.0,0.0,0,0,0,0.0,0.0,0.0,0.0,0.0,0.0,0.0,0.0,0.0,0.0,0.0,0.0,0.0,0.0,0.0,0.0,0,-107875648.0,77,0.0,154,0.0,-0.0,ERR,ERR,ERR,ERR,ERR,ERR,ERR,ERR,ERR,ERR,ERR,ERR,ERR,ERR,ERR,ERR,ERR,ERR,ERR,ERR,ERR,ERR,ERR,ERR,ERR,ERR,ERR,ERR,ERR,ERR,ERR,ERR,ERR,ERR,ERR,ERR,ERR,ERR,ERR,ERR,ERR,ERR,ERR,ERR,ERR,ERR,ERR,ERR,ERR,ERR,ERR,ERR,ERR,ERR,ERR,ERR,ERR,ERR,ERR,ERR,ERR,ERR,ERR,ERR,ERR,ERR,ERR,34.0,80.0,35,0.0,0.0,0.0,0.0,0.0,0.0,0.0,0.0,0.0,0.0,0.0,0.0,0.0,0.0,0.0,0.0,66.0,0,120,58,53,65476,0,300,0,0,8,20529,65476,0,0,57672,80.0,0.0,0.0,0.0,0.0,0.0
2026-06-18T02:29:33,ERR,ERR,ERR,ERR,ERR,ERR,ERR,ERR,ERR,ERR,ERR,ERR,ERR,ERR,ERR,ERR,ERR,ERR,ERR,ERR,ERR,ERR,ERR,ERR,ERR,ERR,ERR,ERR,ERR,ERR,ERR,ERR,ERR,ERR,ERR,ERR,ERR,ERR,ERR,ERR,ERR,ERR,ERR,ERR,ERR,ERR,ERR,ERR,ERR,ERR,ERR,ERR,ERR,ERR,ERR,ERR,ERR,ERR,ERR,ERR,ERR,ERR,ERR,ERR,ERR,ERR,ERR,ERR,ERR,ERR,ERR,ERR,ERR,ERR,ERR,ERR,ERR,ERR,ERR,ERR,ERR,ERR,ERR,ERR,ERR,ERR,ERR,ERR,ERR,ERR,ERR,ERR,ERR,ERR,ERR,ERR,ERR,ERR,ERR,ERR,ERR,ERR,ERR,ERR,ERR,ERR,ERR,ERR,ERR,ERR,ERR,ERR,ERR,ERR,ERR,ERR,ERR,ERR,ERR,ERR,ERR,ERR,ERR,ERR,ERR,-0.0,2.718431101732002e+23,-0.0,0.059,0.0,1.3936040501711995e+18,7.805,0.0,0,0,4,48935,6720,14723890282496.0,100,0.0,0.0,0.0,0.059,0.0,0,0,0,0,0.0,0,0,0,0,0,0,0,0,0,0,0,0,0,0,0,0,0,0,0,0,0,0,0,0,0,0,0,0,0,0,0,0,0,26,51,50,76,65476,0,300,0,0,8,21553,0.0,-107605600.0,0.0,0.0,0.0,0.0,0.0,0.0,0.0,0.0,0.0,0.0,0.0,0.0,0.0,0.0,0.0,0.0,0.0,0.0,0.0,0.0,0.0,-0.0,0.0,0.0,0.0,0.0,0.0,0.0,4785.0,0.0,7268.0,-0.0,2.718431101732002e+23,-107615360.0,-107615392.0,0.0,0.0,0.0,0.0,77,1.905698292272988e+17,-2.308826292123106e+20,0.0,0.0,0.0,0.0,0.0,0.0,0.0,0,0,0,0.0,0.0,0.0,0.0,0.0,0.0,0.0,0.0,0.0,0.0,0.0,0.0,0.0,0.0,0.0,0.0,0,-107875648.0,77,0.0,154,0.0,-0.0,ERR,ERR,ERR,ERR,ERR,ERR,ERR,ERR,ERR,ERR,ERR,ERR,ERR,ERR,ERR,ERR,ERR,ERR,ERR,ERR,ERR,ERR,ERR,ERR,ERR,ERR,ERR,ERR,ERR,ERR,ERR,ERR,ERR,ERR,ERR,ERR,ERR,ERR,ERR,ERR,ERR,ERR,ERR,ERR,ERR,ERR,ERR,ERR,ERR,ERR,ERR,ERR,ERR,ERR,ERR,ERR,ERR,ERR,ERR,ERR,ERR,ERR,ERR,ERR,ERR,ERR,ERR,34.0,80.0,35,0.0,0.0,0.0,0.0,0.0,0.0,0.0,0.0,0.0,0.0,0.0,0.0,0.0,0.0,0.0,0.0,66.0,0,120,58,53,65476,0,300,0,0,8,20529,65476,0,0,57672,80.0,0.0,0.0,0.0,0.0,0.0
2026-06-18T02:29:34,ERR,ERR,ERR,ERR,ERR,ERR,ERR,ERR,ERR,ERR,ERR,ERR,ERR,ERR,ERR,ERR,ERR,ERR,ERR,ERR,ERR,ERR,ERR,ERR,ERR,ERR,ERR,ERR,ERR,ERR,ERR,ERR,ERR,ERR,ERR,ERR,ERR,ERR,ERR,ERR,ERR,ERR,ERR,ERR,ERR,ERR,ERR,ERR,ERR,ERR,ERR,ERR,ERR,ERR,ERR,ERR,ERR,ERR,ERR,ERR,ERR,ERR,ERR,ERR,ERR,ERR,ERR,ERR,ERR,ERR,ERR,ERR,ERR,ERR,ERR,ERR,ERR,ERR,ERR,ERR,ERR,ERR,ERR,ERR,ERR,ERR,ERR,ERR,ERR,ERR,ERR,ERR,ERR,ERR,ERR,ERR,ERR,ERR,ERR,ERR,ERR,ERR,ERR,ERR,ERR,ERR,ERR,ERR,ERR,ERR,ERR,ERR,ERR,ERR,ERR,ERR,ERR,ERR,ERR,ERR,ERR,ERR,ERR,ERR,ERR,-0.0,2.718431101732002e+23,-0.0,0.059,0.0,1.3936040501711995e+18,7.805,0.0,0,0,4,48935,6720,14723890282496.0,100,0.0,0.0,0.0,0.059,0.0,0,0,0,0,0.0,0,0,0,0,0,0,0,0,0,0,0,0,0,0,0,0,0,0,0,0,0,0,0,0,0,0,0,0,0,0,0,0,0,26,51,50,76,65476,0,300,0,0,8,21553,0.0,-107605600.0,0.0,0.0,0.0,0.0,0.0,0.0,0.0,0.0,0.0,0.0,0.0,0.0,0.0,0.0,0.0,0.0,0.0,0.0,0.0,0.0,0.0,-0.0,0.0,0.0,0.0,0.0,0.0,0.0,4785.0,0.0,7268.0,-0.0,2.718431101732002e+23,-107615360.0,-107615392.0,0.0,0.0,0.0,0.0,77,1.905698292272988e+17,-2.308826292123106e+20,0.0,0.0,0.0,0.0,0.0,0.0,0.0,0,0,0,0.0,0.0,0.0,0.0,0.0,0.0,0.0,0.0,0.0,0.0,0.0,0.0,0.0,0.0,0.0,0.0,0,-107875648.0,77,0.0,154,0.0,-0.0,ERR,ERR,ERR,ERR,ERR,ERR,ERR,ERR,ERR,ERR,ERR,ERR,ERR,ERR,ERR,ERR,ERR,ERR,ERR,ERR,ERR,ERR,ERR,ERR,ERR,ERR,ERR,ERR,ERR,ERR,ERR,ERR,ERR,ERR,ERR,ERR,ERR,ERR,ERR,ERR,ERR,ERR,ERR,ERR,ERR,ERR,ERR,ERR,ERR,ERR,ERR,ERR,ERR,ERR,ERR,ERR,ERR,ERR,ERR,ERR,ERR,ERR,ERR,ERR,ERR,ERR,ERR,34.0,80.0,35,0.0,0.0,0.0,0.0,0.0,0.0,0.0,0.0,0.0,0.0,0.0,0.0,0.0,0.0,0.0,0.0,66.0,0,120,58,53,65476,0,300,0,0,8,20529,65476,0,0,57672,80.0,0.0,0.0,0.0,0.0,0.0
2026-06-18T02:29:35,ERR,ERR,ERR,ERR,ERR,ERR,ERR,ERR,ERR,ERR,ERR,ERR,ERR,ERR,ERR,ERR,ERR,ERR,ERR,ERR,ERR,ERR,ERR,ERR,ERR,ERR,ERR,ERR,ERR,ERR,ERR,ERR,ERR,ERR,ERR,ERR,ERR,ERR,ERR,ERR,ERR,ERR,ERR,ERR,ERR,ERR,ERR,ERR,ERR,ERR,ERR,ERR,ERR,ERR,ERR,ERR,ERR,ERR,ERR,ERR,ERR,ERR,ERR,ERR,ERR,ERR,ERR,ERR,ERR,ERR,ERR,ERR,ERR,ERR,ERR,ERR,ERR,ERR,ERR,ERR,ERR,ERR,ERR,ERR,ERR,ERR,ERR,ERR,ERR,ERR,ERR,ERR,ERR,ERR,ERR,ERR,ERR,ERR,ERR,ERR,ERR,ERR,ERR,ERR,ERR,ERR,ERR,ERR,ERR,ERR,ERR,ERR,ERR,ERR,ERR,ERR,ERR,ERR,ERR,ERR,ERR,ERR,ERR,ERR,ERR,-0.0,2.718431101732002e+23,-0.0,0.059,0.0,1.3936040501711995e+18,7.805,0.0,0,0,4,48935,6720,14723890282496.0,100,0.0,0.0,0.0,0.059,0.0,0,0,0,0,0.0,0,0,0,0,0,0,0,0,0,0,0,0,0,0,0,0,0,0,0,0,0,0,0,0,0,0,0,0,0,0,0,0,0,26,51,50,76,65476,0,300,0,0,8,21553,0.0,-107605600.0,0.0,0.0,0.0,0.0,0.0,0.0,0.0,0.0,0.0,0.0,0.0,0.0,0.0,0.0,0.0,0.0,0.0,0.0,0.0,0.0,0.0,-0.0,0.0,0.0,0.0,0.0,0.0,0.0,4785.0,0.0,7268.0,-0.0,2.718431101732002e+23,-107615360.0,-107615392.0,0.0,0.0,0.0,0.0,77,1.905698292272988e+17,-2.308826292123106e+20,0.0,0.0,0.0,0.0,0.0,0.0,0.0,0,0,0,0.0,0.0,0.0,0.0,0.0,0.0,0.0,0.0,0.0,0.0,0.0,0.0,0.0,0.0,0.0,0.0,0,-107875648.0,77,0.0,154,0.0,-0.0,ERR,ERR,ERR,ERR,ERR,ERR,ERR,ERR,ERR,ERR,ERR,ERR,ERR,ERR,ERR,ERR,ERR,ERR,ERR,ERR,ERR,ERR,ERR,ERR,ERR,ERR,ERR,ERR,ERR,ERR,ERR,ERR,ERR,ERR,ERR,ERR,ERR,ERR,ERR,ERR,ERR,ERR,ERR,ERR,ERR,ERR,ERR,ERR,ERR,ERR,ERR,ERR,ERR,ERR,ERR,ERR,ERR,ERR,ERR,ERR,ERR,ERR,ERR,ERR,ERR,ERR,ERR,34.0,80.0,35,0.0,0.0,0.0,0.0,0.0,0.0,0.0,0.0,0.0,0.0,0.0,0.0,0.0,0.0,0.0,0.0,66.0,0,120,58,53,65476,0,300,0,0,8,20529,65476,0,0,57672,80.0,0.0,0.0,0.0,0.0,0.0
2026-06-18T02:29:36,ERR,ERR,ERR,ERR,ERR,ERR,ERR,ERR,ERR,ERR,ERR,ERR,ERR,ERR,ERR,ERR,ERR,ERR,ERR,ERR,ERR,ERR,ERR,ERR,ERR,ERR,ERR,ERR,ERR,ERR,ERR,ERR,ERR,ERR,ERR,ERR,ERR,ERR,ERR,ERR,ERR,ERR,ERR,ERR,ERR,ERR,ERR,ERR,ERR,ERR,ERR,ERR,ERR,ERR,ERR,ERR,ERR,ERR,ERR,ERR,ERR,ERR,ERR,ERR,ERR,ERR,ERR,ERR,ERR,ERR,ERR,ERR,ERR,ERR,ERR,ERR,ERR,ERR,ERR,ERR,ERR,ERR,ERR,ERR,ERR,ERR,ERR,ERR,ERR,ERR,ERR,ERR,ERR,ERR,ERR,ERR,ERR,ERR,ERR,ERR,ERR,ERR,ERR,ERR,ERR,ERR,ERR,ERR,ERR,ERR,ERR,ERR,ERR,ERR,ERR,ERR,ERR,ERR,ERR,ERR,ERR,ERR,ERR,ERR,ERR,-0.0,2.718431101732002e+23,-0.0,-152005385388032.0,-0.0,1.3936040501711995e+18,7.805,-2306705457152.0,0,0,4,48926,6720,14723890282496.0,100,0.0,0.0,0.0,2.718290229135658e+23,0.0,0,0,0,0,0.0,0,0,0,0,0,0,0,0,0,0,0,0,0,0,0,0,0,0,0,0,0,0,0,0,0,0,0,0,0,0,0,0,0,26,51,50,76,65476,0,300,0,0,8,21553,0.0,-107605600.0,0.0,0.0,0.0,0.0,0.0,0.0,0.0,0.0,0.0,0.0,0.0,0.0,0.0,0.0,0.0,0.0,0.0,0.0,0.0,0.0,0.0,-0.0,0.0,0.0,0.0,0.0,0.0,0.0,4785.0,0.0,7267.0,-0.0,2.718431101732002e+23,-107615360.0,-107615392.0,0.0,0.0,0.0,0.0,77,152018488393728.0,-152017112662016.0,0.0,0.0,0.0,0.0,0.0,0.0,0.0,0,0,0,0.0,0.0,0.0,0.0,0.0,0.0,0.0,0.0,0.0,0.0,0.0,0.0,0.0,0.0,0.0,0.0,0,-107875648.0,77,0.0,154,0.0,-0.0,ERR,ERR,ERR,ERR,ERR,ERR,ERR,ERR,ERR,ERR,ERR,ERR,ERR,ERR,ERR,ERR,ERR,ERR,ERR,ERR,ERR,ERR,ERR,ERR,ERR,ERR,ERR,ERR,ERR,ERR,ERR,ERR,ERR,ERR,ERR,ERR,ERR,ERR,ERR,ERR,ERR,ERR,ERR,ERR,ERR,ERR,ERR,ERR,ERR,ERR,ERR,ERR,ERR,ERR,ERR,ERR,ERR,ERR,ERR,ERR,ERR,ERR,ERR,ERR,ERR,ERR,ERR,34.0,80.0,35,0.0,0.0,0.0,0.0,0.0,0.0,0.0,0.0,0.0,0.0,0.0,0.0,0.0,0.0,0.0,0.0,66.0,0,120,58,53,65476,0,300,0,0,8,20529,65476,0,0,57672,80.0,0.0,0.0,0.0,0.0,0.0
2026-06-18T02:29:37,ERR,ERR,ERR,ERR,ERR,ERR,ERR,ERR,ERR,ERR,ERR,ERR,ERR,ERR,ERR,ERR,ERR,ERR,ERR,ERR,ERR,ERR,ERR,ERR,ERR,ERR,ERR,ERR,ERR,ERR,ERR,ERR,ERR,ERR,ERR,ERR,ERR,ERR,ERR,ERR,ERR,ERR,ERR,ERR,ERR,ERR,ERR,ERR,ERR,ERR,ERR,ERR,ERR,ERR,ERR,ERR,ERR,ERR,ERR,ERR,ERR,ERR,ERR,ERR,ERR,ERR,ERR,ERR,ERR,ERR,ERR,ERR,ERR,ERR,ERR,ERR,ERR,ERR,ERR,ERR,ERR,ERR,ERR,ERR,ERR,ERR,ERR,ERR,ERR,ERR,ERR,ERR,ERR,ERR,ERR,ERR,ERR,ERR,ERR,ERR,ERR,ERR,ERR,ERR,ERR,ERR,ERR,ERR,ERR,ERR,ERR,ERR,ERR,ERR,ERR,ERR,ERR,ERR,ERR,ERR,ERR,ERR,ERR,ERR,ERR,-0.0,2.718431101732002e+23,-0.0,-152005385388032.0,-0.0,1.3936040501711995e+18,7.805,-2306705457152.0,0,0,4,48926,6720,14723890282496.0,100,0.0,0.0,0.0,2.718290229135658e+23,0.0,0,0,0,0,0.0,0,0,0,0,0,0,0,0,0,0,0,0,0,0,0,0,0,0,0,0,0,0,0,0,0,0,0,0,0,0,0,0,0,26,51,50,76,65476,0,300,0,0,8,21553,0.0,-107605600.0,0.0,0.0,0.0,0.0,0.0,0.0,0.0,0.0,0.0,0.0,0.0,0.0,0.0,0.0,0.0,0.0,0.0,0.0,0.0,0.0,0.0,-0.0,0.0,0.0,0.0,0.0,0.0,0.0,4785.0,0.0,7267.0,-0.0,2.718431101732002e+23,-107615360.0,-107615392.0,0.0,0.0,0.0,0.0,77,152018488393728.0,-152017112662016.0,0.0,0.0,0.0,0.0,0.0,0.0,0.0,0,0,0,0.0,0.0,0.0,0.0,0.0,0.0,0.0,0.0,0.0,0.0,0.0,0.0,0.0,0.0,0.0,0.0,0,-107875648.0,77,0.0,154,0.0,-0.0,ERR,ERR,ERR,ERR,ERR,ERR,ERR,ERR,ERR,ERR,ERR,ERR,ERR,ERR,ERR,ERR,ERR,ERR,ERR,ERR,ERR,ERR,ERR,ERR,ERR,ERR,ERR,ERR,ERR,ERR,ERR,ERR,ERR,ERR,ERR,ERR,ERR,ERR,ERR,ERR,ERR,ERR,ERR,ERR,ERR,ERR,ERR,ERR,ERR,ERR,ERR,ERR,ERR,ERR,ERR,ERR,ERR,ERR,ERR,ERR,ERR,ERR,ERR,ERR,ERR,ERR,ERR,34.0,80.0,35,0.0,0.0,0.0,0.0,0.0,0.0,0.0,0.0,0.0,0.0,0.0,0.0,0.0,0.0,0.0,0.0,66.0,0,120,58,53,65476,0,300,0,0,8,20529,65476,0,0,57672,80.0,0.0,0.0,0.0,0.0,0.0
2026-06-18T02:29:38,ERR,ERR,ERR,ERR,ERR,ERR,ERR,ERR,ERR,ERR,ERR,ERR,ERR,ERR,ERR,ERR,ERR,ERR,ERR,ERR,ERR,ERR,ERR,ERR,ERR,ERR,ERR,ERR,ERR,ERR,ERR,ERR,ERR,ERR,ERR,ERR,ERR,ERR,ERR,ERR,ERR,ERR,ERR,ERR,ERR,ERR,ERR,ERR,ERR,ERR,ERR,ERR,ERR,ERR,ERR,ERR,ERR,ERR,ERR,ERR,ERR,ERR,ERR,ERR,ERR,ERR,ERR,ERR,ERR,ERR,ERR,ERR,ERR,ERR,ERR,ERR,ERR,ERR,ERR,ERR,ERR,ERR,ERR,ERR,ERR,ERR,ERR,ERR,ERR,ERR,ERR,ERR,ERR,ERR,ERR,ERR,ERR,ERR,ERR,ERR,ERR,ERR,ERR,ERR,ERR,ERR,ERR,ERR,ERR,ERR,ERR,ERR,ERR,ERR,ERR,ERR,ERR,ERR,ERR,ERR,ERR,ERR,ERR,ERR,ERR,-0.0,2.718431101732002e+23,-0.0,-152005385388032.0,-0.0,1.3936040501711995e+18,7.805,-2306705457152.0,0,0,4,48926,6720,14723890282496.0,100,0.0,0.0,0.0,2.718290229135658e+23,0.0,0,0,0,0,0.0,0,0,0,0,0,0,0,0,0,0,0,0,0,0,0,0,0,0,0,0,0,0,0,0,0,0,0,0,0,0,0,0,0,26,51,50,76,65476,0,300,0,0,8,21553,0.0,-107605600.0,0.0,0.0,0.0,0.0,0.0,0.0,0.0,0.0,0.0,0.0,0.0,0.0,0.0,0.0,0.0,0.0,0.0,0.0,0.0,0.0,0.0,-0.0,0.0,0.0,0.0,0.0,0.0,0.0,4785.0,0.0,7267.0,-0.0,2.718431101732002e+23,-107615360.0,-107615392.0,0.0,0.0,0.0,0.0,77,152018488393728.0,-152017112662016.0,0.0,0.0,0.0,0.0,0.0,0.0,0.0,0,0,0,0.0,0.0,0.0,0.0,0.0,0.0,0.0,0.0,0.0,0.0,0.0,0.0,0.0,0.0,0.0,0.0,0,-107875648.0,77,0.0,154,0.0,-0.0,ERR,ERR,ERR,ERR,ERR,ERR,ERR,ERR,ERR,ERR,ERR,ERR,ERR,ERR,ERR,ERR,ERR,ERR,ERR,ERR,ERR,ERR,ERR,ERR,ERR,ERR,ERR,ERR,ERR,ERR,ERR,ERR,ERR,ERR,ERR,ERR,ERR,ERR,ERR,ERR,ERR,ERR,ERR,ERR,ERR,ERR,ERR,ERR,ERR,ERR,ERR,ERR,ERR,ERR,ERR,ERR,ERR,ERR,ERR,ERR,ERR,ERR,ERR,ERR,ERR,ERR,ERR,34.0,80.0,35,0.0,0.0,0.0,0.0,0.0,0.0,0.0,0.0,0.0,0.0,0.0,0.0,0.0,0.0,0.0,0.0,66.0,0,120,58,53,65476,0,300,0,0,8,20529,65476,0,0,57672,80.0,0.0,0.0,0.0,0.0,0.0
2026-06-18T02:29:39,ERR,ERR,ERR,ERR,ERR,ERR,ERR,ERR,ERR,ERR,ERR,ERR,ERR,ERR,ERR,ERR,ERR,ERR,ERR,ERR,ERR,ERR,ERR,ERR,ERR,ERR,ERR,ERR,ERR,ERR,ERR,ERR,ERR,ERR,ERR,ERR,ERR,ERR,ERR,ERR,ERR,ERR,ERR,ERR,ERR,ERR,ERR,ERR,ERR,ERR,ERR,ERR,ERR,ERR,ERR,ERR,ERR,ERR,ERR,ERR,ERR,ERR,ERR,ERR,ERR,ERR,ERR,ERR,ERR,ERR,ERR,ERR,ERR,ERR,ERR,ERR,ERR,ERR,ERR,ERR,ERR,ERR,ERR,ERR,ERR,ERR,ERR,ERR,ERR,ERR,ERR,ERR,ERR,ERR,ERR,ERR,ERR,ERR,ERR,ERR,ERR,ERR,ERR,ERR,ERR,ERR,ERR,ERR,ERR,ERR,ERR,ERR,ERR,ERR,ERR,ERR,ERR,ERR,ERR,ERR,ERR,ERR,ERR,ERR,ERR,-0.0,2.718431101732002e+23,-0.0,-152005385388032.0,-0.0,1.3936040501711995e+18,7.805,-2306705457152.0,0,0,4,48926,6720,14723890282496.0,100,0.0,0.0,0.0,2.718290229135658e+23,0.0,0,0,0,0,0.0,0,0,0,0,0,0,0,0,0,0,0,0,0,0,0,0,0,0,0,0,0,0,0,0,0,0,0,0,0,0,0,0,0,26,51,50,76,65476,0,300,0,0,8,21553,0.0,-107605600.0,0.0,0.0,0.0,0.0,0.0,0.0,0.0,0.0,0.0,0.0,0.0,0.0,0.0,0.0,0.0,0.0,0.0,0.0,0.0,0.0,0.0,-0.0,0.0,0.0,0.0,0.0,0.0,0.0,4785.0,0.0,7267.0,-0.0,2.718431101732002e+23,-107615360.0,-107615392.0,0.0,0.0,0.0,0.0,77,152018488393728.0,-152017112662016.0,0.0,0.0,0.0,0.0,0.0,0.0,0.0,0,0,0,0.0,0.0,0.0,0.0,0.0,0.0,0.0,0.0,0.0,0.0,0.0,0.0,0.0,0.0,0.0,0.0,0,-107875648.0,77,0.0,154,0.0,-0.0,ERR,ERR,ERR,ERR,ERR,ERR,ERR,ERR,ERR,ERR,ERR,ERR,ERR,ERR,ERR,ERR,ERR,ERR,ERR,ERR,ERR,ERR,ERR,ERR,ERR,ERR,ERR,ERR,ERR,ERR,ERR,ERR,ERR,ERR,ERR,ERR,ERR,ERR,ERR,ERR,ERR,ERR,ERR,ERR,ERR,ERR,ERR,ERR,ERR,ERR,ERR,ERR,ERR,ERR,ERR,ERR,ERR,ERR,ERR,ERR,ERR,ERR,ERR,ERR,ERR,ERR,ERR,34.0,80.0,35,0.0,0.0,0.0,0.0,0.0,0.0,0.0,0.0,0.0,0.0,0.0,0.0,0.0,0.0,0.0,0.0,66.0,0,120,58,53,65476,0,300,0,0,8,20529,65476,0,0,57672,80.0,0.0,0.0,0.0,0.0,0.0
2026-06-18T02:29:40,ERR,ERR,ERR,ERR,ERR,ERR,ERR,ERR,ERR,ERR,ERR,ERR,ERR,ERR,ERR,ERR,ERR,ERR,ERR,ERR,ERR,ERR,ERR,ERR,ERR,ERR,ERR,ERR,ERR,ERR,ERR,ERR,ERR,ERR,ERR,ERR,ERR,ERR,ERR,ERR,ERR,ERR,ERR,ERR,ERR,ERR,ERR,ERR,ERR,ERR,ERR,ERR,ERR,ERR,ERR,ERR,ERR,ERR,ERR,ERR,ERR,ERR,ERR,ERR,ERR,ERR,ERR,ERR,ERR,ERR,ERR,ERR,ERR,ERR,ERR,ERR,ERR,ERR,ERR,ERR,ERR,ERR,ERR,ERR,ERR,ERR,ERR,ERR,ERR,ERR,ERR,ERR,ERR,ERR,ERR,ERR,ERR,ERR,ERR,ERR,ERR,ERR,ERR,ERR,ERR,ERR,ERR,ERR,ERR,ERR,ERR,ERR,ERR,ERR,ERR,ERR,ERR,ERR,ERR,ERR,ERR,ERR,ERR,ERR,ERR,-0.0,2.718431101732002e+23,-0.0,-152005385388032.0,-0.0,1.3936040501711995e+18,7.805,-2306705457152.0,0,0,4,48926,6720,14723890282496.0,100,0.0,0.0,0.0,2.718290229135658e+23,0.0,0,0,0,0,0.0,0,0,0,0,0,0,0,0,0,0,0,0,0,0,0,0,0,0,0,0,0,0,0,0,0,0,0,0,0,0,0,0,0,26,51,50,76,65476,0,300,0,0,8,21553,0.0,-107605600.0,0.0,0.0,0.0,0.0,0.0,0.0,0.0,0.0,0.0,0.0,0.0,0.0,0.0,0.0,0.0,0.0,0.0,0.0,0.0,0.0,0.0,-0.0,0.0,0.0,0.0,0.0,0.0,0.0,4785.0,0.0,7267.0,-0.0,2.718431101732002e+23,-107615360.0,-107615392.0,0.0,0.0,0.0,0.0,77,152018488393728.0,-152017112662016.0,0.0,0.0,0.0,0.0,0.0,0.0,0.0,0,0,0,0.0,0.0,0.0,0.0,0.0,0.0,0.0,0.0,0.0,0.0,0.0,0.0,0.0,0.0,0.0,0.0,0,-107875648.0,77,0.0,154,0.0,-0.0,ERR,ERR,ERR,ERR,ERR,ERR,ERR,ERR,ERR,ERR,ERR,ERR,ERR,ERR,ERR,ERR,ERR,ERR,ERR,ERR,ERR,ERR,ERR,ERR,ERR,ERR,ERR,ERR,ERR,ERR,ERR,ERR,ERR,ERR,ERR,ERR,ERR,ERR,ERR,ERR,ERR,ERR,ERR,ERR,ERR,ERR,ERR,ERR,ERR,ERR,ERR,ERR,ERR,ERR,ERR,ERR,ERR,ERR,ERR,ERR,ERR,ERR,ERR,ERR,ERR,ERR,ERR,34.0,80.0,35,0.0,0.0,0.0,0.0,0.0,0.0,0.0,0.0,0.0,0.0,0.0,0.0,0.0,0.0,0.0,0.0,66.0,0,120,58,53,65476,0,300,0,0,8,20529,65476,0,0,57672,80.0,0.0,0.0,0.0,0.0,0.0
2026-06-18T02:29:41,ERR,ERR,ERR,ERR,ERR,ERR,ERR,ERR,ERR,ERR,ERR,ERR,ERR,ERR,ERR,ERR,ERR,ERR,ERR,ERR,ERR,ERR,ERR,ERR,ERR,ERR,ERR,ERR,ERR,ERR,ERR,ERR,ERR,ERR,ERR,ERR,ERR,ERR,ERR,ERR,ERR,ERR,ERR,ERR,ERR,ERR,ERR,ERR,ERR,ERR,ERR,ERR,ERR,ERR,ERR,ERR,ERR,ERR,ERR,ERR,ERR,ERR,ERR,ERR,ERR,ERR,ERR,ERR,ERR,ERR,ERR,ERR,ERR,ERR,ERR,ERR,ERR,ERR,ERR,ERR,ERR,ERR,ERR,ERR,ERR,ERR,ERR,ERR,ERR,ERR,ERR,ERR,ERR,ERR,ERR,ERR,ERR,ERR,ERR,ERR,ERR,ERR,ERR,ERR,ERR,ERR,ERR,ERR,ERR,ERR,ERR,ERR,ERR,ERR,ERR,ERR,ERR,ERR,ERR,ERR,ERR,ERR,ERR,ERR,ERR,-0.0,2.718431101732002e+23,-0.0,-152005385388032.0,-0.0,1.3936040501711995e+18,7.805,-2306705457152.0,0,0,4,48926,6720,14723890282496.0,100,0.0,0.0,0.0,2.718290229135658e+23,0.0,0,0,0,0,0.0,0,0,0,0,0,0,0,0,0,0,0,0,0,0,0,0,0,0,0,0,0,0,0,0,0,0,0,0,0,0,0,0,0,26,51,50,76,65476,0,300,0,0,8,21553,0.0,-107605600.0,0.0,0.0,0.0,0.0,0.0,0.0,0.0,0.0,0.0,0.0,0.0,0.0,0.0,0.0,0.0,0.0,0.0,0.0,0.0,0.0,0.0,-0.0,0.0,0.0,0.0,0.0,0.0,0.0,4785.0,0.0,7267.0,-0.0,2.718431101732002e+23,-107615360.0,-107615392.0,0.0,0.0,0.0,0.0,77,152018488393728.0,-152017112662016.0,0.0,0.0,0.0,0.0,0.0,0.0,0.0,0,0,0,0.0,0.0,0.0,0.0,0.0,0.0,0.0,0.0,0.0,0.0,0.0,0.0,0.0,0.0,0.0,0.0,0,-107875648.0,77,0.0,154,0.0,-0.0,ERR,ERR,ERR,ERR,ERR,ERR,ERR,ERR,ERR,ERR,ERR,ERR,ERR,ERR,ERR,ERR,ERR,ERR,ERR,ERR,ERR,ERR,ERR,ERR,ERR,ERR,ERR,ERR,ERR,ERR,ERR,ERR,ERR,ERR,ERR,ERR,ERR,ERR,ERR,ERR,ERR,ERR,ERR,ERR,ERR,ERR,ERR,ERR,ERR,ERR,ERR,ERR,ERR,ERR,ERR,ERR,ERR,ERR,ERR,ERR,ERR,ERR,ERR,ERR,ERR,ERR,ERR,34.0,80.0,35,0.0,0.0,0.0,0.0,0.0,0.0,0.0,0.0,0.0,0.0,0.0,0.0,0.0,0.0,0.0,0.0,66.4,0,120,58,53,65476,0,300,0,0,8,20529,65476,0,0,57672,80.0,0.0,0.0,0.0,0.0,0.0
2026-06-18T02:29:42,ERR,ERR,ERR,ERR,ERR,ERR,ERR,ERR,ERR,ERR,ERR,ERR,ERR,ERR,ERR,ERR,ERR,ERR,ERR,ERR,ERR,ERR,ERR,ERR,ERR,ERR,ERR,ERR,ERR,ERR,ERR,ERR,ERR,ERR,ERR,ERR,ERR,ERR,ERR,ERR,ERR,ERR,ERR,ERR,ERR,ERR,ERR,ERR,ERR,ERR,ERR,ERR,ERR,ERR,ERR,ERR,ERR,ERR,ERR,ERR,ERR,ERR,ERR,ERR,ERR,ERR,ERR,ERR,ERR,ERR,ERR,ERR,ERR,ERR,ERR,ERR,ERR,ERR,ERR,ERR,ERR,ERR,ERR,ERR,ERR,ERR,ERR,ERR,ERR,ERR,ERR,ERR,ERR,ERR,ERR,ERR,ERR,ERR,ERR,ERR,ERR,ERR,ERR,ERR,ERR,ERR,ERR,ERR,ERR,ERR,ERR,ERR,ERR,ERR,ERR,ERR,ERR,ERR,ERR,ERR,ERR,ERR,ERR,ERR,ERR,-0.0,0.0,0.0,-0.0,-3.293,1.3936040501711995e+18,7.805,1.7609923127962802e+31,0,0,4,48933,6720,14723890282496.0,100,0.0,0.0,0.0,-0.0,0.0,0,0,0,0,0.0,0,0,0,0,0,0,0,0,0,0,0,0,0,0,0,0,0,0,0,0,0,0,0,0,0,0,0,0,0,0,0,0,0,26,51,50,76,65476,0,300,0,0,8,21553,0.0,-107605600.0,0.0,0.0,0.0,0.0,0.0,0.0,0.0,0.0,0.0,0.0,0.0,0.0,0.0,0.0,0.0,0.0,0.0,0.0,0.0,0.0,-2.004,-0.0,0.0,0.0,0.0,0.0,0.0,0.0,4784.0,0.0,7269.0,-0.0,2.718431101732002e+23,-107615360.0,-107615392.0,0.0,0.0,0.0,0.0,77,152018488393728.0,-3.221999077894953e+26,0.0,0.0,0.0,0.0,0.0,0.0,0.0,0,0,0,0.0,0.0,0.0,0.0,0.0,0.0,0.0,0.0,0.0,0.0,0.0,0.0,0.0,0.0,0.0,0.0,0,-107875648.0,77,0.0,154,0.0,-0.0,ERR,ERR,ERR,ERR,ERR,ERR,ERR,ERR,ERR,ERR,ERR,ERR,ERR,ERR,ERR,ERR,ERR,ERR,ERR,ERR,ERR,ERR,ERR,ERR,ERR,ERR,ERR,ERR,ERR,ERR,ERR,ERR,ERR,ERR,ERR,ERR,ERR,ERR,ERR,ERR,ERR,ERR,ERR,ERR,ERR,ERR,ERR,ERR,ERR,ERR,ERR,ERR,ERR,ERR,ERR,ERR,ERR,ERR,ERR,ERR,ERR,ERR,ERR,ERR,ERR,ERR,ERR,34.0,80.0,35,0.0,0.0,0.0,0.0,0.0,0.0,0.0,0.0,0.0,0.0,0.0,0.0,0.0,0.0,0.0,0.0,66.4,0,120,58,53,65476,0,300,0,0,8,20529,65476,0,0,57672,80.0,0.0,0.0,0.0,0.0,0.0
2026-06-18T02:29:43,ERR,ERR,ERR,ERR,ERR,ERR,ERR,ERR,ERR,ERR,ERR,ERR,ERR,ERR,ERR,ERR,ERR,ERR,ERR,ERR,ERR,ERR,ERR,ERR,ERR,ERR,ERR,ERR,ERR,ERR,ERR,ERR,ERR,ERR,ERR,ERR,ERR,ERR,ERR,ERR,ERR,ERR,ERR,ERR,ERR,ERR,ERR,ERR,ERR,ERR,ERR,ERR,ERR,ERR,ERR,ERR,ERR,ERR,ERR,ERR,ERR,ERR,ERR,ERR,ERR,ERR,ERR,ERR,ERR,ERR,ERR,ERR,ERR,ERR,ERR,ERR,ERR,ERR,ERR,ERR,ERR,ERR,ERR,ERR,ERR,ERR,ERR,ERR,ERR,ERR,ERR,ERR,ERR,ERR,ERR,ERR,ERR,ERR,ERR,ERR,ERR,ERR,ERR,ERR,ERR,ERR,ERR,ERR,ERR,ERR,ERR,ERR,ERR,ERR,ERR,ERR,ERR,ERR,ERR,ERR,ERR,ERR,ERR,ERR,ERR,-0.0,0.0,0.0,-0.0,-3.293,1.3936040501711995e+18,7.805,1.7609923127962802e+31,0,0,4,48933,6720,14723890282496.0,100,0.0,0.0,0.0,-0.0,0.0,0,0,0,0,0.0,0,0,0,0,0,0,0,0,0,0,0,0,0,0,0,0,0,0,0,0,0,0,0,0,0,0,0,0,0,0,0,0,0,26,51,50,76,65476,0,300,0,0,8,21553,0.0,-107605600.0,0.0,0.0,0.0,0.0,0.0,0.0,0.0,0.0,0.0,0.0,0.0,0.0,0.0,0.0,0.0,0.0,0.0,0.0,0.0,0.0,-2.004,-0.0,0.0,0.0,0.0,0.0,0.0,0.0,4784.0,0.0,7269.0,-0.0,2.718431101732002e+23,-107615360.0,-107615392.0,0.0,0.0,0.0,0.0,77,152018488393728.0,-3.221999077894953e+26,0.0,0.0,0.0,0.0,0.0,0.0,0.0,0,0,0,0.0,0.0,0.0,0.0,0.0,0.0,0.0,0.0,0.0,0.0,0.0,0.0,0.0,0.0,0.0,0.0,0,-107875648.0,77,0.0,154,0.0,-0.0,ERR,ERR,ERR,ERR,ERR,ERR,ERR,ERR,ERR,ERR,ERR,ERR,ERR,ERR,ERR,ERR,ERR,ERR,ERR,ERR,ERR,ERR,ERR,ERR,ERR,ERR,ERR,ERR,ERR,ERR,ERR,ERR,ERR,ERR,ERR,ERR,ERR,ERR,ERR,ERR,ERR,ERR,ERR,ERR,ERR,ERR,ERR,ERR,ERR,ERR,ERR,ERR,ERR,ERR,ERR,ERR,ERR,ERR,ERR,ERR,ERR,ERR,ERR,ERR,ERR,ERR,ERR,34.0,80.0,35,0.0,0.0,0.0,0.0,0.0,0.0,0.0,0.0,0.0,0.0,0.0,0.0,0.0,0.0,0.0,0.0,66.0,0,120,58,53,65476,0,300,0,0,8,20529,65476,0,0,57672,80.0,0.0,0.0,0.0,0.0,0.0
2026-06-18T02:29:44,ERR,ERR,ERR,ERR,ERR,ERR,ERR,ERR,ERR,ERR,ERR,ERR,ERR,ERR,ERR,ERR,ERR,ERR,ERR,ERR,ERR,ERR,ERR,ERR,ERR,ERR,ERR,ERR,ERR,ERR,ERR,ERR,ERR,ERR,ERR,ERR,ERR,ERR,ERR,ERR,ERR,ERR,ERR,ERR,ERR,ERR,ERR,ERR,ERR,ERR,ERR,ERR,ERR,ERR,ERR,ERR,ERR,ERR,ERR,ERR,ERR,ERR,ERR,ERR,ERR,ERR,ERR,ERR,ERR,ERR,ERR,ERR,ERR,ERR,ERR,ERR,ERR,ERR,ERR,ERR,ERR,ERR,ERR,ERR,ERR,ERR,ERR,ERR,ERR,ERR,ERR,ERR,ERR,ERR,ERR,ERR,ERR,ERR,ERR,ERR,ERR,ERR,ERR,ERR,ERR,ERR,ERR,ERR,ERR,ERR,ERR,ERR,ERR,ERR,ERR,ERR,ERR,ERR,ERR,ERR,ERR,ERR,ERR,ERR,ERR,-0.0,0.0,0.0,-0.0,-3.293,1.3936040501711995e+18,7.805,1.7609923127962802e+31,0,0,4,48933,6720,14723890282496.0,100,0.0,0.0,0.0,-0.0,0.0,0,0,0,0,0.0,0,0,0,0,0,0,0,0,0,0,0,0,0,0,0,0,0,0,0,0,0,0,0,0,0,0,0,0,0,0,0,0,0,26,51,50,76,65476,0,300,0,0,8,21553,0.0,-107605600.0,0.0,0.0,0.0,0.0,0.0,0.0,0.0,0.0,0.0,0.0,0.0,0.0,0.0,0.0,0.0,0.0,0.0,0.0,0.0,0.0,-2.004,-0.0,0.0,0.0,0.0,0.0,0.0,0.0,4784.0,0.0,7269.0,-0.0,2.718431101732002e+23,-107615360.0,-107615392.0,0.0,0.0,0.0,0.0,77,152018488393728.0,-3.221999077894953e+26,0.0,0.0,0.0,0.0,0.0,0.0,0.0,0,0,0,0.0,0.0,0.0,0.0,0.0,0.0,0.0,0.0,0.0,0.0,0.0,0.0,0.0,0.0,0.0,0.0,0,-107875648.0,77,0.0,154,0.0,-0.0,ERR,ERR,ERR,ERR,ERR,ERR,ERR,ERR,ERR,ERR,ERR,ERR,ERR,ERR,ERR,ERR,ERR,ERR,ERR,ERR,ERR,ERR,ERR,ERR,ERR,ERR,ERR,ERR,ERR,ERR,ERR,ERR,ERR,ERR,ERR,ERR,ERR,ERR,ERR,ERR,ERR,ERR,ERR,ERR,ERR,ERR,ERR,ERR,ERR,ERR,ERR,ERR,ERR,ERR,ERR,ERR,ERR,ERR,ERR,ERR,ERR,ERR,ERR,ERR,ERR,ERR,ERR,34.0,80.0,35,0.0,0.0,0.0,0.0,0.0,0.0,0.0,0.0,0.0,0.0,0.0,0.0,0.0,0.0,0.0,0.0,66.0,0,120,58,53,65476,0,300,0,0,8,20529,65476,0,0,57672,80.0,0.0,0.0,0.0,0.0,0.0
2026-06-18T02:29:45,ERR,ERR,ERR,ERR,ERR,ERR,ERR,ERR,ERR,ERR,ERR,ERR,ERR,ERR,ERR,ERR,ERR,ERR,ERR,ERR,ERR,ERR,ERR,ERR,ERR,ERR,ERR,ERR,ERR,ERR,ERR,ERR,ERR,ERR,ERR,ERR,ERR,ERR,ERR,ERR,ERR,ERR,ERR,ERR,ERR,ERR,ERR,ERR,ERR,ERR,ERR,ERR,ERR,ERR,ERR,ERR,ERR,ERR,ERR,ERR,ERR,ERR,ERR,ERR,ERR,ERR,ERR,ERR,ERR,ERR,ERR,ERR,ERR,ERR,ERR,ERR,ERR,ERR,ERR,ERR,ERR,ERR,ERR,ERR,ERR,ERR,ERR,ERR,ERR,ERR,ERR,ERR,ERR,ERR,ERR,ERR,ERR,ERR,ERR,ERR,ERR,ERR,ERR,ERR,ERR,ERR,ERR,ERR,ERR,ERR,ERR,ERR,ERR,ERR,ERR,ERR,ERR,ERR,ERR,ERR,ERR,ERR,ERR,ERR,ERR,-0.0,0.0,0.0,-0.0,-3.293,1.3936040501711995e+18,7.805,1.7609923127962802e+31,0,0,4,48933,6720,14723890282496.0,100,0.0,0.0,0.0,-0.0,0.0,0,0,0,0,0.0,0,0,0,0,0,0,0,0,0,0,0,0,0,0,0,0,0,0,0,0,0,0,0,0,0,0,0,0,0,0,0,0,0,26,51,50,76,65476,0,300,0,0,8,21553,0.0,-107605600.0,0.0,0.0,0.0,0.0,0.0,0.0,0.0,0.0,0.0,0.0,0.0,0.0,0.0,0.0,0.0,0.0,0.0,0.0,0.0,0.0,-2.004,-0.0,0.0,0.0,0.0,0.0,0.0,0.0,4784.0,0.0,7269.0,-0.0,2.718431101732002e+23,-107615360.0,-107615392.0,0.0,0.0,0.0,0.0,77,152018488393728.0,-3.221999077894953e+26,0.0,0.0,0.0,0.0,0.0,0.0,0.0,0,0,0,0.0,0.0,0.0,0.0,0.0,0.0,0.0,0.0,0.0,0.0,0.0,0.0,0.0,0.0,0.0,0.0,0,-107875648.0,77,0.0,154,0.0,-0.0,ERR,ERR,ERR,ERR,ERR,ERR,ERR,ERR,ERR,ERR,ERR,ERR,ERR,ERR,ERR,ERR,ERR,ERR,ERR,ERR,ERR,ERR,ERR,ERR,ERR,ERR,ERR,ERR,ERR,ERR,ERR,ERR,ERR,ERR,ERR,ERR,ERR,ERR,ERR,ERR,ERR,ERR,ERR,ERR,ERR,ERR,ERR,ERR,ERR,ERR,ERR,ERR,ERR,ERR,ERR,ERR,ERR,ERR,ERR,ERR,ERR,ERR,ERR,ERR,ERR,ERR,ERR,34.0,80.0,35,0.0,0.0,0.0,0.0,0.0,0.0,0.0,0.0,0.0,0.0,0.0,0.0,0.0,0.0,0.0,0.0,66.4,0,120,58,53,65476,0,300,0,0,8,20529,65476,0,0,57672,80.0,0.0,0.0,0.0,0.0,0.0
2026-06-18T02:29:46,ERR,ERR,ERR,ERR,ERR,ERR,ERR,ERR,ERR,ERR,ERR,ERR,ERR,ERR,ERR,ERR,ERR,ERR,ERR,ERR,ERR,ERR,ERR,ERR,ERR,ERR,ERR,ERR,ERR,ERR,ERR,ERR,ERR,ERR,ERR,ERR,ERR,ERR,ERR,ERR,ERR,ERR,ERR,ERR,ERR,ERR,ERR,ERR,ERR,ERR,ERR,ERR,ERR,ERR,ERR,ERR,ERR,ERR,ERR,ERR,ERR,ERR,ERR,ERR,ERR,ERR,ERR,ERR,ERR,ERR,ERR,ERR,ERR,ERR,ERR,ERR,ERR,ERR,ERR,ERR,ERR,ERR,ERR,ERR,ERR,ERR,ERR,ERR,ERR,ERR,ERR,ERR,ERR,ERR,ERR,ERR,ERR,ERR,ERR,ERR,ERR,ERR,ERR,ERR,ERR,ERR,ERR,ERR,ERR,ERR,ERR,ERR,ERR,ERR,ERR,ERR,ERR,ERR,ERR,ERR,ERR,ERR,ERR,ERR,ERR,-0.0,0.0,0.0,-0.0,-3.293,1.3936040501711995e+18,7.805,1.7609923127962802e+31,0,0,4,48933,6720,14723890282496.0,100,0.0,0.0,0.0,-0.0,0.0,0,0,0,0,0.0,0,0,0,0,0,0,0,0,0,0,0,0,0,0,0,0,0,0,0,0,0,0,0,0,0,0,0,0,0,0,0,0,0,26,51,50,76,65476,0,300,0,0,8,21553,0.0,-107605600.0,0.0,0.0,0.0,0.0,0.0,0.0,0.0,0.0,0.0,0.0,0.0,0.0,0.0,0.0,0.0,0.0,0.0,0.0,0.0,0.0,-2.004,-0.0,0.0,0.0,0.0,0.0,0.0,0.0,4784.0,0.0,7269.0,-0.0,2.718431101732002e+23,-107615360.0,-107615392.0,0.0,0.0,0.0,0.0,77,152018488393728.0,-3.221999077894953e+26,0.0,0.0,0.0,0.0,0.0,0.0,0.0,0,0,0,0.0,0.0,0.0,0.0,0.0,0.0,0.0,0.0,0.0,0.0,0.0,0.0,0.0,0.0,0.0,0.0,0,-107875648.0,77,0.0,154,0.0,-0.0,ERR,ERR,ERR,ERR,ERR,ERR,ERR,ERR,ERR,ERR,ERR,ERR,ERR,ERR,ERR,ERR,ERR,ERR,ERR,ERR,ERR,ERR,ERR,ERR,ERR,ERR,ERR,ERR,ERR,ERR,ERR,ERR,ERR,ERR,ERR,ERR,ERR,ERR,ERR,ERR,ERR,ERR,ERR,ERR,ERR,ERR,ERR,ERR,ERR,ERR,ERR,ERR,ERR,ERR,ERR,ERR,ERR,ERR,ERR,ERR,ERR,ERR,ERR,ERR,ERR,ERR,ERR,34.0,80.0,35,0.0,0.0,0.0,0.0,0.0,0.0,0.0,0.0,0.0,0.0,0.0,0.0,0.0,0.0,0.0,0.0,66.4,0,120,58,53,65476,0,300,0,0,8,20529,65476,0,0,57672,80.0,0.0,0.0,0.0,0.0,0.0
2026-06-18T02:29:47,ERR,ERR,ERR,ERR,ERR,ERR,ERR,ERR,ERR,ERR,ERR,ERR,ERR,ERR,ERR,ERR,ERR,ERR,ERR,ERR,ERR,ERR,ERR,ERR,ERR,ERR,ERR,ERR,ERR,ERR,ERR,ERR,ERR,ERR,ERR,ERR,ERR,ERR,ERR,ERR,ERR,ERR,ERR,ERR,ERR,ERR,ERR,ERR,ERR,ERR,ERR,ERR,ERR,ERR,ERR,ERR,ERR,ERR,ERR,ERR,ERR,ERR,ERR,ERR,ERR,ERR,ERR,ERR,ERR,ERR,ERR,ERR,ERR,ERR,ERR,ERR,ERR,ERR,ERR,ERR,ERR,ERR,ERR,ERR,ERR,ERR,ERR,ERR,ERR,ERR,ERR,ERR,ERR,ERR,ERR,ERR,ERR,ERR,ERR,ERR,ERR,ERR,ERR,ERR,ERR,ERR,ERR,ERR,ERR,ERR,ERR,ERR,ERR,ERR,ERR,ERR,ERR,ERR,ERR,ERR,ERR,ERR,ERR,ERR,ERR,2.7184312818759872e+23,2.718431101732002e+23,0.0,0.059,0.0,1.3936040501711995e+18,7.805,-0.0,0,0,4,48898,6720,14723890282496.0,100,0.0,0.0,0.0,0.059,0.0,0,0,0,0,0.0,0,0,0,0,0,0,0,0,0,0,0,0,0,0,0,0,0,0,0,0,0,0,0,0,0,0,0,0,0,0,0,0,0,26,51,50,76,65476,0,300,0,0,8,21553,0.0,-107605600.0,0.0,0.0,0.0,0.0,0.0,0.0,0.0,0.0,0.0,0.0,0.0,0.0,0.0,0.0,0.0,0.0,0.0,0.0,0.0,0.0,0.0,-0.0,0.0,0.0,0.0,0.0,0.0,0.0,4787.0,131350.328,7273.0,-0.0,2.718431101732002e+23,-107615360.0,0.0,0.0,0.0,0.0,0.0,77,2.7184303811560617e+23,0.0,0.0,0.0,0.0,0.0,0.0,0.0,0.0,0,0,0,0.0,0.0,0.0,0.0,0.0,0.0,0.0,0.0,0.0,0.0,0.0,0.0,0.0,0.0,0.0,0.0,0,-107875648.0,77,0.0,154,0.0,-0.0,ERR,ERR,ERR,ERR,ERR,ERR,ERR,ERR,ERR,ERR,ERR,ERR,ERR,ERR,ERR,ERR,ERR,ERR,ERR,ERR,ERR,ERR,ERR,ERR,ERR,ERR,ERR,ERR,ERR,ERR,ERR,ERR,ERR,ERR,ERR,ERR,ERR,ERR,ERR,ERR,ERR,ERR,ERR,ERR,ERR,ERR,ERR,ERR,ERR,ERR,ERR,ERR,ERR,ERR,ERR,ERR,ERR,ERR,ERR,ERR,ERR,ERR,ERR,ERR,ERR,ERR,ERR,34.0,80.0,35,0.0,0.0,0.0,0.0,0.0,0.0,0.0,0.0,0.0,0.0,0.0,0.0,0.0,0.0,0.0,0.0,66.0,0,120,58,53,65476,0,300,0,0,8,20529,65476,0,0,57672,80.0,0.0,0.0,0.0,0.0,0.0
2026-06-18T02:29:48,ERR,ERR,ERR,ERR,ERR,ERR,ERR,ERR,ERR,ERR,ERR,ERR,ERR,ERR,ERR,ERR,ERR,ERR,ERR,ERR,ERR,ERR,ERR,ERR,ERR,ERR,ERR,ERR,ERR,ERR,ERR,ERR,ERR,ERR,ERR,ERR,ERR,ERR,ERR,ERR,ERR,ERR,ERR,ERR,ERR,ERR,ERR,ERR,ERR,ERR,ERR,ERR,ERR,ERR,ERR,ERR,ERR,ERR,ERR,ERR,ERR,ERR,ERR,ERR,ERR,ERR,ERR,ERR,ERR,ERR,ERR,ERR,ERR,ERR,ERR,ERR,ERR,ERR,ERR,ERR,ERR,ERR,ERR,ERR,ERR,ERR,ERR,ERR,ERR,ERR,ERR,ERR,ERR,ERR,ERR,ERR,ERR,ERR,ERR,ERR,ERR,ERR,ERR,ERR,ERR,ERR,ERR,ERR,ERR,ERR,ERR,ERR,ERR,ERR,ERR,ERR,ERR,ERR,ERR,ERR,ERR,ERR,ERR,ERR,ERR,2.7184312818759872e+23,2.718431101732002e+23,0.0,0.059,0.0,1.3936040501711995e+18,7.805,-0.0,0,0,4,48898,6720,14723890282496.0,100,0.0,0.0,0.0,0.059,0.0,0,0,0,0,0.0,0,0,0,0,0,0,0,0,0,0,0,0,0,0,0,0,0,0,0,0,0,0,0,0,0,0,0,0,0,0,0,0,0,26,51,50,76,65476,0,300,0,0,8,21553,0.0,-107605600.0,0.0,0.0,0.0,0.0,0.0,0.0,0.0,0.0,0.0,0.0,0.0,0.0,0.0,0.0,0.0,0.0,0.0,0.0,0.0,0.0,0.0,-0.0,0.0,0.0,0.0,0.0,0.0,0.0,4787.0,131350.328,7273.0,-0.0,2.718431101732002e+23,-107615360.0,0.0,0.0,0.0,0.0,0.0,77,2.7184303811560617e+23,0.0,0.0,0.0,0.0,0.0,0.0,0.0,0.0,0,0,0,0.0,0.0,0.0,0.0,0.0,0.0,0.0,0.0,0.0,0.0,0.0,0.0,0.0,0.0,0.0,0.0,0,-107875648.0,77,0.0,154,0.0,-0.0,ERR,ERR,ERR,ERR,ERR,ERR,ERR,ERR,ERR,ERR,ERR,ERR,ERR,ERR,ERR,ERR,ERR,ERR,ERR,ERR,ERR,ERR,ERR,ERR,ERR,ERR,ERR,ERR,ERR,ERR,ERR,ERR,ERR,ERR,ERR,ERR,ERR,ERR,ERR,ERR,ERR,ERR,ERR,ERR,ERR,ERR,ERR,ERR,ERR,ERR,ERR,ERR,ERR,ERR,ERR,ERR,ERR,ERR,ERR,ERR,ERR,ERR,ERR,ERR,ERR,ERR,ERR,34.0,80.0,35,0.0,0.0,0.0,0.0,0.0,0.0,0.0,0.0,0.0,0.0,0.0,0.0,0.0,0.0,0.0,0.0,66.0,0,120,58,53,65476,0,300,0,0,8,20529,65476,0,0,57672,80.0,0.0,0.0,0.0,0.0,0.0
2026-06-18T02:29:49,ERR,ERR,ERR,ERR,ERR,ERR,ERR,ERR,ERR,ERR,ERR,ERR,ERR,ERR,ERR,ERR,ERR,ERR,ERR,ERR,ERR,ERR,ERR,ERR,ERR,ERR,ERR,ERR,ERR,ERR,ERR,ERR,ERR,ERR,ERR,ERR,ERR,ERR,ERR,ERR,ERR,ERR,ERR,ERR,ERR,ERR,ERR,ERR,ERR,ERR,ERR,ERR,ERR,ERR,ERR,ERR,ERR,ERR,ERR,ERR,ERR,ERR,ERR,ERR,ERR,ERR,ERR,ERR,ERR,ERR,ERR,ERR,ERR,ERR,ERR,ERR,ERR,ERR,ERR,ERR,ERR,ERR,ERR,ERR,ERR,ERR,ERR,ERR,ERR,ERR,ERR,ERR,ERR,ERR,ERR,ERR,ERR,ERR,ERR,ERR,ERR,ERR,ERR,ERR,ERR,ERR,ERR,ERR,ERR,ERR,ERR,ERR,ERR,ERR,ERR,ERR,ERR,ERR,ERR,ERR,ERR,ERR,ERR,ERR,ERR,2.7184312818759872e+23,2.718431101732002e+23,0.0,0.059,0.0,1.3936040501711995e+18,7.805,-0.0,0,0,4,48898,6720,14723890282496.0,100,0.0,0.0,0.0,0.059,0.0,0,0,0,0,0.0,0,0,0,0,0,0,0,0,0,0,0,0,0,0,0,0,0,0,0,0,0,0,0,0,0,0,0,0,0,0,0,0,0,26,51,50,76,65476,0,300,0,0,8,21553,0.0,-107605600.0,0.0,0.0,0.0,0.0,0.0,0.0,0.0,0.0,0.0,0.0,0.0,0.0,0.0,0.0,0.0,0.0,0.0,0.0,0.0,0.0,0.0,-0.0,0.0,0.0,0.0,0.0,0.0,0.0,4787.0,131350.328,7273.0,-0.0,2.718431101732002e+23,-107615360.0,0.0,0.0,0.0,0.0,0.0,77,2.7184303811560617e+23,0.0,0.0,0.0,0.0,0.0,0.0,0.0,0.0,0,0,0,0.0,0.0,0.0,0.0,0.0,0.0,0.0,0.0,0.0,0.0,0.0,0.0,0.0,0.0,0.0,0.0,0,-107875648.0,77,0.0,154,0.0,-0.0,ERR,ERR,ERR,ERR,ERR,ERR,ERR,ERR,ERR,ERR,ERR,ERR,ERR,ERR,ERR,ERR,ERR,ERR,ERR,ERR,ERR,ERR,ERR,ERR,ERR,ERR,ERR,ERR,ERR,ERR,ERR,ERR,ERR,ERR,ERR,ERR,ERR,ERR,ERR,ERR,ERR,ERR,ERR,ERR,ERR,ERR,ERR,ERR,ERR,ERR,ERR,ERR,ERR,ERR,ERR,ERR,ERR,ERR,ERR,ERR,ERR,ERR,ERR,ERR,ERR,ERR,ERR,34.0,80.0,35,0.0,0.0,0.0,0.0,0.0,0.0,0.0,0.0,0.0,0.0,0.0,0.0,0.0,0.0,0.0,0.0,66.0,0,120,58,53,65476,0,300,0,0,8,20529,65476,0,0,57672,80.0,0.0,0.0,0.0,0.0,0.0
2026-06-18T02:29:50,ERR,ERR,ERR,ERR,ERR,ERR,ERR,ERR,ERR,ERR,ERR,ERR,ERR,ERR,ERR,ERR,ERR,ERR,ERR,ERR,ERR,ERR,ERR,ERR,ERR,ERR,ERR,ERR,ERR,ERR,ERR,ERR,ERR,ERR,ERR,ERR,ERR,ERR,ERR,ERR,ERR,ERR,ERR,ERR,ERR,ERR,ERR,ERR,ERR,ERR,ERR,ERR,ERR,ERR,ERR,ERR,ERR,ERR,ERR,ERR,ERR,ERR,ERR,ERR,ERR,ERR,ERR,ERR,ERR,ERR,ERR,ERR,ERR,ERR,ERR,ERR,ERR,ERR,ERR,ERR,ERR,ERR,ERR,ERR,ERR,ERR,ERR,ERR,ERR,ERR,ERR,ERR,ERR,ERR,ERR,ERR,ERR,ERR,ERR,ERR,ERR,ERR,ERR,ERR,ERR,ERR,ERR,ERR,ERR,ERR,ERR,ERR,ERR,ERR,ERR,ERR,ERR,ERR,ERR,ERR,ERR,ERR,ERR,ERR,ERR,2.7184312818759872e+23,2.718431101732002e+23,0.0,0.059,0.0,1.3936040501711995e+18,7.805,-0.0,0,0,4,48898,6720,14723890282496.0,100,0.0,0.0,0.0,0.059,0.0,0,0,0,0,0.0,0,0,0,0,0,0,0,0,0,0,0,0,0,0,0,0,0,0,0,0,0,0,0,0,0,0,0,0,0,0,0,0,0,26,51,50,76,65476,0,300,0,0,8,21553,0.0,-107605600.0,0.0,0.0,0.0,0.0,0.0,0.0,0.0,0.0,0.0,0.0,0.0,0.0,0.0,0.0,0.0,0.0,0.0,0.0,0.0,0.0,0.0,-0.0,0.0,0.0,0.0,0.0,0.0,0.0,4787.0,131350.328,7273.0,-0.0,2.718431101732002e+23,-107615360.0,0.0,0.0,0.0,0.0,0.0,77,2.7184303811560617e+23,0.0,0.0,0.0,0.0,0.0,0.0,0.0,0.0,0,0,0,0.0,0.0,0.0,0.0,0.0,0.0,0.0,0.0,0.0,0.0,0.0,0.0,0.0,0.0,0.0,0.0,0,-107875648.0,77,0.0,154,0.0,-0.0,ERR,ERR,ERR,ERR,ERR,ERR,ERR,ERR,ERR,ERR,ERR,ERR,ERR,ERR,ERR,ERR,ERR,ERR,ERR,ERR,ERR,ERR,ERR,ERR,ERR,ERR,ERR,ERR,ERR,ERR,ERR,ERR,ERR,ERR,ERR,ERR,ERR,ERR,ERR,ERR,ERR,ERR,ERR,ERR,ERR,ERR,ERR,ERR,ERR,ERR,ERR,ERR,ERR,ERR,ERR,ERR,ERR,ERR,ERR,ERR,ERR,ERR,ERR,ERR,ERR,ERR,ERR,34.0,80.0,35,0.0,0.0,0.0,0.0,0.0,0.0,0.0,0.0,0.0,0.0,0.0,0.0,0.0,0.0,0.0,0.0,66.0,0,120,58,53,65476,0,300,0,0,8,20529,65476,0,0,57672,80.0,0.0,0.0,0.0,0.0,0.0
2026-06-18T02:29:51,ERR,ERR,ERR,ERR,ERR,ERR,ERR,ERR,ERR,ERR,ERR,ERR,ERR,ERR,ERR,ERR,ERR,ERR,ERR,ERR,ERR,ERR,ERR,ERR,ERR,ERR,ERR,ERR,ERR,ERR,ERR,ERR,ERR,ERR,ERR,ERR,ERR,ERR,ERR,ERR,ERR,ERR,ERR,ERR,ERR,ERR,ERR,ERR,ERR,ERR,ERR,ERR,ERR,ERR,ERR,ERR,ERR,ERR,ERR,ERR,ERR,ERR,ERR,ERR,ERR,ERR,ERR,ERR,ERR,ERR,ERR,ERR,ERR,ERR,ERR,ERR,ERR,ERR,ERR,ERR,ERR,ERR,ERR,ERR,ERR,ERR,ERR,ERR,ERR,ERR,ERR,ERR,ERR,ERR,ERR,ERR,ERR,ERR,ERR,ERR,ERR,ERR,ERR,ERR,ERR,ERR,ERR,ERR,ERR,ERR,ERR,ERR,ERR,ERR,ERR,ERR,ERR,ERR,ERR,ERR,ERR,ERR,ERR,ERR,ERR,2.7184312818759872e+23,2.718431101732002e+23,0.0,0.059,0.0,1.3936040501711995e+18,7.805,-0.0,0,0,4,48898,6720,14723890282496.0,100,0.0,0.0,0.0,0.059,0.0,0,0,0,0,0.0,0,0,0,0,0,0,0,0,0,0,0,0,0,0,0,0,0,0,0,0,0,0,0,0,0,0,0,0,0,0,0,0,0,26,51,50,76,65476,0,300,0,0,8,21553,0.0,-107605600.0,0.0,0.0,0.0,0.0,0.0,0.0,0.0,0.0,0.0,0.0,0.0,0.0,0.0,0.0,0.0,0.0,0.0,0.0,0.0,0.0,0.0,-0.0,0.0,0.0,0.0,0.0,0.0,0.0,4787.0,131350.328,7273.0,-0.0,2.718431101732002e+23,-107615360.0,0.0,0.0,0.0,0.0,0.0,77,2.7184303811560617e+23,0.0,0.0,0.0,0.0,0.0,0.0,0.0,0.0,0,0,0,0.0,0.0,0.0,0.0,0.0,0.0,0.0,0.0,0.0,0.0,0.0,0.0,0.0,0.0,0.0,0.0,0,-107875648.0,77,0.0,154,0.0,-0.0,ERR,ERR,ERR,ERR,ERR,ERR,ERR,ERR,ERR,ERR,ERR,ERR,ERR,ERR,ERR,ERR,ERR,ERR,ERR,ERR,ERR,ERR,ERR,ERR,ERR,ERR,ERR,ERR,ERR,ERR,ERR,ERR,ERR,ERR,ERR,ERR,ERR,ERR,ERR,ERR,ERR,ERR,ERR,ERR,ERR,ERR,ERR,ERR,ERR,ERR,ERR,ERR,ERR,ERR,ERR,ERR,ERR,ERR,ERR,ERR,ERR,ERR,ERR,ERR,ERR,ERR,ERR,34.0,80.0,35,0.0,0.0,0.0,0.0,0.0,0.0,0.0,0.0,0.0,0.0,0.0,0.0,0.0,0.0,0.0,0.0,66.0,0,120,58,53,65476,0,300,0,0,8,20529,65476,0,0,57672,80.0,0.0,0.0,0.0,0.0,0.0
2026-06-18T02:29:52,ERR,ERR,ERR,ERR,ERR,ERR,ERR,ERR,ERR,ERR,ERR,ERR,ERR,ERR,ERR,ERR,ERR,ERR,ERR,ERR,ERR,ERR,ERR,ERR,ERR,ERR,ERR,ERR,ERR,ERR,ERR,ERR,ERR,ERR,ERR,ERR,ERR,ERR,ERR,ERR,ERR,ERR,ERR,ERR,ERR,ERR,ERR,ERR,ERR,ERR,ERR,ERR,ERR,ERR,ERR,ERR,ERR,ERR,ERR,ERR,ERR,ERR,ERR,ERR,ERR,ERR,ERR,ERR,ERR,ERR,ERR,ERR,ERR,ERR,ERR,ERR,ERR,ERR,ERR,ERR,ERR,ERR,ERR,ERR,ERR,ERR,ERR,ERR,ERR,ERR,ERR,ERR,ERR,ERR,ERR,ERR,ERR,ERR,ERR,ERR,ERR,ERR,ERR,ERR,ERR,ERR,ERR,ERR,ERR,ERR,ERR,ERR,ERR,ERR,ERR,ERR,ERR,ERR,ERR,ERR,ERR,ERR,ERR,ERR,ERR,-0.0,2.718431101732002e+23,-0.0,-0.0,0.0,1.3936040501711995e+18,7.805,2.395,0,0,4,48927,6720,14723890282496.0,100,0.0,0.0,0.0,-0.0,0.0,0,0,0,0,0.0,0,0,0,0,0,0,0,0,0,0,0,0,0,0,0,0,0,0,0,0,0,0,0,0,0,0,0,0,0,0,0,0,0,26,51,50,76,65476,0,300,0,0,8,21553,0.0,-107605600.0,0.0,0.0,0.0,0.0,0.0,0.0,0.0,0.0,0.0,0.0,0.0,0.0,0.0,0.0,0.0,0.0,0.0,0.0,0.0,0.0,0.0,-0.0,0.0,0.0,0.0,0.0,0.0,0.0,4786.0,2.004,7272.0,2.7184312818759872e+23,2.718431101732002e+23,-107615360.0,-107615392.0,0.0,0.0,0.0,0.0,77,1.905698292272988e+17,0.059,0.0,0.0,0.0,0.0,0.0,0.0,0.0,0,0,0,0.0,0.0,0.0,0.0,0.0,0.0,0.0,0.0,0.0,0.0,0.0,0.0,0.0,0.0,0.0,0.0,0,-107875648.0,77,0.0,154,0.0,-0.0,ERR,ERR,ERR,ERR,ERR,ERR,ERR,ERR,ERR,ERR,ERR,ERR,ERR,ERR,ERR,ERR,ERR,ERR,ERR,ERR,ERR,ERR,ERR,ERR,ERR,ERR,ERR,ERR,ERR,ERR,ERR,ERR,ERR,ERR,ERR,ERR,ERR,ERR,ERR,ERR,ERR,ERR,ERR,ERR,ERR,ERR,ERR,ERR,ERR,ERR,ERR,ERR,ERR,ERR,ERR,ERR,ERR,ERR,ERR,ERR,ERR,ERR,ERR,ERR,ERR,ERR,ERR,34.0,80.0,35,0.0,0.0,0.0,0.0,0.0,0.0,0.0,0.0,0.0,0.0,0.0,0.0,0.0,0.0,0.0,0.0,66.0,0,120,58,53,65476,0,300,0,0,8,20529,65476,0,0,57672,80.0,0.0,0.0,0.0,0.0,0.0
2026-06-18T02:29:53,ERR,ERR,ERR,ERR,ERR,ERR,ERR,ERR,ERR,ERR,ERR,ERR,ERR,ERR,ERR,ERR,ERR,ERR,ERR,ERR,ERR,ERR,ERR,ERR,ERR,ERR,ERR,ERR,ERR,ERR,ERR,ERR,ERR,ERR,ERR,ERR,ERR,ERR,ERR,ERR,ERR,ERR,ERR,ERR,ERR,ERR,ERR,ERR,ERR,ERR,ERR,ERR,ERR,ERR,ERR,ERR,ERR,ERR,ERR,ERR,ERR,ERR,ERR,ERR,ERR,ERR,ERR,ERR,ERR,ERR,ERR,ERR,ERR,ERR,ERR,ERR,ERR,ERR,ERR,ERR,ERR,ERR,ERR,ERR,ERR,ERR,ERR,ERR,ERR,ERR,ERR,ERR,ERR,ERR,ERR,ERR,ERR,ERR,ERR,ERR,ERR,ERR,ERR,ERR,ERR,ERR,ERR,ERR,ERR,ERR,ERR,ERR,ERR,ERR,ERR,ERR,ERR,ERR,ERR,ERR,ERR,ERR,ERR,ERR,ERR,-0.0,2.718431101732002e+23,-0.0,-0.0,0.0,1.3936040501711995e+18,7.805,2.395,0,0,4,48927,6720,14723890282496.0,100,0.0,0.0,0.0,-0.0,0.0,0,0,0,0,0.0,0,0,0,0,0,0,0,0,0,0,0,0,0,0,0,0,0,0,0,0,0,0,0,0,0,0,0,0,0,0,0,0,0,26,51,50,76,65476,0,300,0,0,8,21553,0.0,-107605600.0,0.0,0.0,0.0,0.0,0.0,0.0,0.0,0.0,0.0,0.0,0.0,0.0,0.0,0.0,0.0,0.0,0.0,0.0,0.0,0.0,0.0,-0.0,0.0,0.0,0.0,0.0,0.0,0.0,4786.0,2.004,7272.0,2.7184312818759872e+23,2.718431101732002e+23,-107615360.0,-107615392.0,0.0,0.0,0.0,0.0,77,1.905698292272988e+17,0.059,0.0,0.0,0.0,0.0,0.0,0.0,0.0,0,0,0,0.0,0.0,0.0,0.0,0.0,0.0,0.0,0.0,0.0,0.0,0.0,0.0,0.0,0.0,0.0,0.0,0,-107875648.0,77,0.0,154,0.0,-0.0,ERR,ERR,ERR,ERR,ERR,ERR,ERR,ERR,ERR,ERR,ERR,ERR,ERR,ERR,ERR,ERR,ERR,ERR,ERR,ERR,ERR,ERR,ERR,ERR,ERR,ERR,ERR,ERR,ERR,ERR,ERR,ERR,ERR,ERR,ERR,ERR,ERR,ERR,ERR,ERR,ERR,ERR,ERR,ERR,ERR,ERR,ERR,ERR,ERR,ERR,ERR,ERR,ERR,ERR,ERR,ERR,ERR,ERR,ERR,ERR,ERR,ERR,ERR,ERR,ERR,ERR,ERR,34.0,80.0,35,0.0,0.0,0.0,0.0,0.0,0.0,0.0,0.0,0.0,0.0,0.0,0.0,0.0,0.0,0.0,0.0,66.0,0,120,58,53,65476,0,300,0,0,8,20529,65476,0,0,57672,80.0,0.0,0.0,0.0,0.0,0.0
2026-06-18T02:29:54,ERR,ERR,ERR,ERR,ERR,ERR,ERR,ERR,ERR,ERR,ERR,ERR,ERR,ERR,ERR,ERR,ERR,ERR,ERR,ERR,ERR,ERR,ERR,ERR,ERR,ERR,ERR,ERR,ERR,ERR,ERR,ERR,ERR,ERR,ERR,ERR,ERR,ERR,ERR,ERR,ERR,ERR,ERR,ERR,ERR,ERR,ERR,ERR,ERR,ERR,ERR,ERR,ERR,ERR,ERR,ERR,ERR,ERR,ERR,ERR,ERR,ERR,ERR,ERR,ERR,ERR,ERR,ERR,ERR,ERR,ERR,ERR,ERR,ERR,ERR,ERR,ERR,ERR,ERR,ERR,ERR,ERR,ERR,ERR,ERR,ERR,ERR,ERR,ERR,ERR,ERR,ERR,ERR,ERR,ERR,ERR,ERR,ERR,ERR,ERR,ERR,ERR,ERR,ERR,ERR,ERR,ERR,ERR,ERR,ERR,ERR,ERR,ERR,ERR,ERR,ERR,ERR,ERR,ERR,ERR,ERR,ERR,ERR,ERR,ERR,-0.0,2.718431101732002e+23,-0.0,-0.0,0.0,1.3936040501711995e+18,7.805,2.395,0,0,4,48927,6720,14723890282496.0,100,0.0,0.0,0.0,-0.0,0.0,0,0,0,0,0.0,0,0,0,0,0,0,0,0,0,0,0,0,0,0,0,0,0,0,0,0,0,0,0,0,0,0,0,0,0,0,0,0,0,26,51,50,76,65476,0,300,0,0,8,21553,0.0,-107605600.0,0.0,0.0,0.0,0.0,0.0,0.0,0.0,0.0,0.0,0.0,0.0,0.0,0.0,0.0,0.0,0.0,0.0,0.0,0.0,0.0,0.0,-0.0,0.0,0.0,0.0,0.0,0.0,0.0,4786.0,2.004,7272.0,2.7184312818759872e+23,2.718431101732002e+23,-107615360.0,-107615392.0,0.0,0.0,0.0,0.0,77,1.905698292272988e+17,0.059,0.0,0.0,0.0,0.0,0.0,0.0,0.0,0,0,0,0.0,0.0,0.0,0.0,0.0,0.0,0.0,0.0,0.0,0.0,0.0,0.0,0.0,0.0,0.0,0.0,0,-107875648.0,77,0.0,154,0.0,-0.0,ERR,ERR,ERR,ERR,ERR,ERR,ERR,ERR,ERR,ERR,ERR,ERR,ERR,ERR,ERR,ERR,ERR,ERR,ERR,ERR,ERR,ERR,ERR,ERR,ERR,ERR,ERR,ERR,ERR,ERR,ERR,ERR,ERR,ERR,ERR,ERR,ERR,ERR,ERR,ERR,ERR,ERR,ERR,ERR,ERR,ERR,ERR,ERR,ERR,ERR,ERR,ERR,ERR,ERR,ERR,ERR,ERR,ERR,ERR,ERR,ERR,ERR,ERR,ERR,ERR,ERR,ERR,34.0,80.0,35,0.0,0.0,0.0,0.0,0.0,0.0,0.0,0.0,0.0,0.0,0.0,0.0,0.0,0.0,0.0,0.0,66.4,0,120,58,53,65476,0,300,0,0,8,20529,65476,0,0,57672,80.0,0.0,0.0,0.0,0.0,0.0
2026-06-18T02:29:55,ERR,ERR,ERR,ERR,ERR,ERR,ERR,ERR,ERR,ERR,ERR,ERR,ERR,ERR,ERR,ERR,ERR,ERR,ERR,ERR,ERR,ERR,ERR,ERR,ERR,ERR,ERR,ERR,ERR,ERR,ERR,ERR,ERR,ERR,ERR,ERR,ERR,ERR,ERR,ERR,ERR,ERR,ERR,ERR,ERR,ERR,ERR,ERR,ERR,ERR,ERR,ERR,ERR,ERR,ERR,ERR,ERR,ERR,ERR,ERR,ERR,ERR,ERR,ERR,ERR,ERR,ERR,ERR,ERR,ERR,ERR,ERR,ERR,ERR,ERR,ERR,ERR,ERR,ERR,ERR,ERR,ERR,ERR,ERR,ERR,ERR,ERR,ERR,ERR,ERR,ERR,ERR,ERR,ERR,ERR,ERR,ERR,ERR,ERR,ERR,ERR,ERR,ERR,ERR,ERR,ERR,ERR,ERR,ERR,ERR,ERR,ERR,ERR,ERR,ERR,ERR,ERR,ERR,ERR,ERR,ERR,ERR,ERR,ERR,ERR,-0.0,2.718431101732002e+23,-0.0,-0.0,0.0,1.3936040501711995e+18,7.805,2.395,0,0,4,48927,6720,14723890282496.0,100,0.0,0.0,0.0,-0.0,0.0,0,0,0,0,0.0,0,0,0,0,0,0,0,0,0,0,0,0,0,0,0,0,0,0,0,0,0,0,0,0,0,0,0,0,0,0,0,0,0,26,51,50,76,65476,0,300,0,0,8,21553,0.0,-107605600.0,0.0,0.0,0.0,0.0,0.0,0.0,0.0,0.0,0.0,0.0,0.0,0.0,0.0,0.0,0.0,0.0,0.0,0.0,0.0,0.0,0.0,-0.0,0.0,0.0,0.0,0.0,0.0,0.0,4786.0,2.004,7272.0,2.7184312818759872e+23,2.718431101732002e+23,-107615360.0,-107615392.0,0.0,0.0,0.0,0.0,77,1.905698292272988e+17,0.059,0.0,0.0,0.0,0.0,0.0,0.0,0.0,0,0,0,0.0,0.0,0.0,0.0,0.0,0.0,0.0,0.0,0.0,0.0,0.0,0.0,0.0,0.0,0.0,0.0,0,-107875648.0,77,0.0,154,0.0,-0.0,ERR,ERR,ERR,ERR,ERR,ERR,ERR,ERR,ERR,ERR,ERR,ERR,ERR,ERR,ERR,ERR,ERR,ERR,ERR,ERR,ERR,ERR,ERR,ERR,ERR,ERR,ERR,ERR,ERR,ERR,ERR,ERR,ERR,ERR,ERR,ERR,ERR,ERR,ERR,ERR,ERR,ERR,ERR,ERR,ERR,ERR,ERR,ERR,ERR,ERR,ERR,ERR,ERR,ERR,ERR,ERR,ERR,ERR,ERR,ERR,ERR,ERR,ERR,ERR,ERR,ERR,ERR,34.0,80.0,35,0.0,0.0,0.0,0.0,0.0,0.0,0.0,0.0,0.0,0.0,0.0,0.0,0.0,0.0,0.0,0.0,66.4,0,120,58,53,65476,0,300,0,0,8,20529,65476,0,0,57672,80.0,0.0,0.0,0.0,0.0,0.0
2026-06-18T02:29:56,ERR,ERR,ERR,ERR,ERR,ERR,ERR,ERR,ERR,ERR,ERR,ERR,ERR,ERR,ERR,ERR,ERR,ERR,ERR,ERR,ERR,ERR,ERR,ERR,ERR,ERR,ERR,ERR,ERR,ERR,ERR,ERR,ERR,ERR,ERR,ERR,ERR,ERR,ERR,ERR,ERR,ERR,ERR,ERR,ERR,ERR,ERR,ERR,ERR,ERR,ERR,ERR,ERR,ERR,ERR,ERR,ERR,ERR,ERR,ERR,ERR,ERR,ERR,ERR,ERR,ERR,ERR,ERR,ERR,ERR,ERR,ERR,ERR,ERR,ERR,ERR,ERR,ERR,ERR,ERR,ERR,ERR,ERR,ERR,ERR,ERR,ERR,ERR,ERR,ERR,ERR,ERR,ERR,ERR,ERR,ERR,ERR,ERR,ERR,ERR,ERR,ERR,ERR,ERR,ERR,ERR,ERR,ERR,ERR,ERR,ERR,ERR,ERR,ERR,ERR,ERR,ERR,ERR,ERR,ERR,ERR,ERR,ERR,ERR,ERR,-0.0,2.718431101732002e+23,-0.0,-0.0,0.0,1.3936040501711995e+18,7.805,2.395,0,0,4,48927,6720,14723890282496.0,100,0.0,0.0,0.0,-0.0,0.0,0,0,0,0,0.0,0,0,0,0,0,0,0,0,0,0,0,0,0,0,0,0,0,0,0,0,0,0,0,0,0,0,0,0,0,0,0,0,0,26,51,50,76,65476,0,300,0,0,8,21553,0.0,-107605600.0,0.0,0.0,0.0,0.0,0.0,0.0,0.0,0.0,0.0,0.0,0.0,0.0,0.0,0.0,0.0,0.0,0.0,0.0,0.0,0.0,0.0,-0.0,0.0,0.0,0.0,0.0,0.0,0.0,4786.0,2.004,7272.0,2.7184312818759872e+23,2.718431101732002e+23,-107615360.0,-107615392.0,0.0,0.0,0.0,0.0,77,1.905698292272988e+17,0.059,0.0,0.0,0.0,0.0,0.0,0.0,0.0,0,0,0,0.0,0.0,0.0,0.0,0.0,0.0,0.0,0.0,0.0,0.0,0.0,0.0,0.0,0.0,0.0,0.0,0,-107875648.0,77,0.0,154,0.0,-0.0,ERR,ERR,ERR,ERR,ERR,ERR,ERR,ERR,ERR,ERR,ERR,ERR,ERR,ERR,ERR,ERR,ERR,ERR,ERR,ERR,ERR,ERR,ERR,ERR,ERR,ERR,ERR,ERR,ERR,ERR,ERR,ERR,ERR,ERR,ERR,ERR,ERR,ERR,ERR,ERR,ERR,ERR,ERR,ERR,ERR,ERR,ERR,ERR,ERR,ERR,ERR,ERR,ERR,ERR,ERR,ERR,ERR,ERR,ERR,ERR,ERR,ERR,ERR,ERR,ERR,ERR,ERR,34.0,80.0,35,0.0,0.0,0.0,0.0,0.0,0.0,0.0,0.0,0.0,0.0,0.0,0.0,0.0,0.0,0.0,0.0,66.0,0,120,58,53,65476,0,300,0,0,8,20529,65476,0,0,57672,80.0,0.0,0.0,0.0,0.0,0.0
2026-06-18T02:29:57,ERR,ERR,ERR,ERR,ERR,ERR,ERR,ERR,ERR,ERR,ERR,ERR,ERR,ERR,ERR,ERR,ERR,ERR,ERR,ERR,ERR,ERR,ERR,ERR,ERR,ERR,ERR,ERR,ERR,ERR,ERR,ERR,ERR,ERR,ERR,ERR,ERR,ERR,ERR,ERR,ERR,ERR,ERR,ERR,ERR,ERR,ERR,ERR,ERR,ERR,ERR,ERR,ERR,ERR,ERR,ERR,ERR,ERR,ERR,ERR,ERR,ERR,ERR,ERR,ERR,ERR,ERR,ERR,ERR,ERR,ERR,ERR,ERR,ERR,ERR,ERR,ERR,ERR,ERR,ERR,ERR,ERR,ERR,ERR,ERR,ERR,ERR,ERR,ERR,ERR,ERR,ERR,ERR,ERR,ERR,ERR,ERR,ERR,ERR,ERR,ERR,ERR,ERR,ERR,ERR,ERR,ERR,ERR,ERR,ERR,ERR,ERR,ERR,ERR,ERR,ERR,ERR,ERR,ERR,ERR,ERR,ERR,ERR,ERR,ERR,-0.0,2.718431101732002e+23,-0.0,0.059,0.0,1.3936040501711995e+18,7.805,0.0,0,0,4,48923,6720,14723890282496.0,100,0.0,0.0,0.0,2.718290229135658e+23,0.0,0,0,0,0,0.0,0,0,0,0,0,0,0,0,0,0,0,0,0,0,0,0,0,0,0,0,0,0,0,0,0,0,0,0,0,0,0,0,0,26,51,50,76,65476,0,300,0,0,8,21553,0.0,-107605600.0,0.0,0.0,0.0,0.0,0.0,0.0,0.0,0.0,0.0,0.0,0.0,0.0,0.0,0.0,0.0,0.0,0.0,0.0,0.0,0.0,0.0,-0.0,0.0,0.0,0.0,0.0,0.0,0.0,4782.0,2.004,7272.0,-0.0,0.0,-107615360.0,0.0,0.0,0.0,0.0,0.0,77,89221.125,0.0,0.0,0.0,0.0,0.0,0.0,0.0,0.0,0,0,0,0.0,0.0,0.0,0.0,0.0,0.0,0.0,0.0,0.0,0.0,0.0,0.0,0.0,0.0,0.0,0.0,0,-107875648.0,77,0.0,154,0.0,-0.0,ERR,ERR,ERR,ERR,ERR,ERR,ERR,ERR,ERR,ERR,ERR,ERR,ERR,ERR,ERR,ERR,ERR,ERR,ERR,ERR,ERR,ERR,ERR,ERR,ERR,ERR,ERR,ERR,ERR,ERR,ERR,ERR,ERR,ERR,ERR,ERR,ERR,ERR,ERR,ERR,ERR,ERR,ERR,ERR,ERR,ERR,ERR,ERR,ERR,ERR,ERR,ERR,ERR,ERR,ERR,ERR,ERR,ERR,ERR,ERR,ERR,ERR,ERR,ERR,ERR,ERR,ERR,34.0,80.0,35,0.0,0.0,0.0,0.0,0.0,0.0,0.0,0.0,0.0,0.0,0.0,0.0,0.0,0.0,0.0,0.0,66.0,0,120,58,53,65476,0,300,0,0,8,20529,65476,0,0,57672,80.0,0.0,0.0,0.0,0.0,0.0
2026-06-18T02:29:58,ERR,ERR,ERR,ERR,ERR,ERR,ERR,ERR,ERR,ERR,ERR,ERR,ERR,ERR,ERR,ERR,ERR,ERR,ERR,ERR,ERR,ERR,ERR,ERR,ERR,ERR,ERR,ERR,ERR,ERR,ERR,ERR,ERR,ERR,ERR,ERR,ERR,ERR,ERR,ERR,ERR,ERR,ERR,ERR,ERR,ERR,ERR,ERR,ERR,ERR,ERR,ERR,ERR,ERR,ERR,ERR,ERR,ERR,ERR,ERR,ERR,ERR,ERR,ERR,ERR,ERR,ERR,ERR,ERR,ERR,ERR,ERR,ERR,ERR,ERR,ERR,ERR,ERR,ERR,ERR,ERR,ERR,ERR,ERR,ERR,ERR,ERR,ERR,ERR,ERR,ERR,ERR,ERR,ERR,ERR,ERR,ERR,ERR,ERR,ERR,ERR,ERR,ERR,ERR,ERR,ERR,ERR,ERR,ERR,ERR,ERR,ERR,ERR,ERR,ERR,ERR,ERR,ERR,ERR,ERR,ERR,ERR,ERR,ERR,ERR,-0.0,2.718431101732002e+23,-0.0,0.059,0.0,1.3936040501711995e+18,7.805,0.0,0,0,4,48923,6720,14723890282496.0,100,0.0,0.0,0.0,2.718290229135658e+23,0.0,0,0,0,0,0.0,0,0,0,0,0,0,0,0,0,0,0,0,0,0,0,0,0,0,0,0,0,0,0,0,0,0,0,0,0,0,0,0,0,26,51,50,76,65476,0,300,0,0,8,21553,0.0,-107605600.0,0.0,0.0,0.0,0.0,0.0,0.0,0.0,0.0,0.0,0.0,0.0,0.0,0.0,0.0,0.0,0.0,0.0,0.0,0.0,0.0,0.0,-0.0,0.0,0.0,0.0,0.0,0.0,0.0,4782.0,2.004,7272.0,-0.0,0.0,-107615360.0,0.0,0.0,0.0,0.0,0.0,77,89221.125,0.0,0.0,0.0,0.0,0.0,0.0,0.0,0.0,0,0,0,0.0,0.0,0.0,0.0,0.0,0.0,0.0,0.0,0.0,0.0,0.0,0.0,0.0,0.0,0.0,0.0,0,-107875648.0,77,0.0,154,0.0,-0.0,ERR,ERR,ERR,ERR,ERR,ERR,ERR,ERR,ERR,ERR,ERR,ERR,ERR,ERR,ERR,ERR,ERR,ERR,ERR,ERR,ERR,ERR,ERR,ERR,ERR,ERR,ERR,ERR,ERR,ERR,ERR,ERR,ERR,ERR,ERR,ERR,ERR,ERR,ERR,ERR,ERR,ERR,ERR,ERR,ERR,ERR,ERR,ERR,ERR,ERR,ERR,ERR,ERR,ERR,ERR,ERR,ERR,ERR,ERR,ERR,ERR,ERR,ERR,ERR,ERR,ERR,ERR,34.0,80.0,35,0.0,0.0,0.0,0.0,0.0,0.0,0.0,0.0,0.0,0.0,0.0,0.0,0.0,0.0,0.0,0.0,66.0,0,120,58,53,65476,0,300,0,0,8,20529,65476,0,0,57672,80.0,0.0,0.0,0.0,0.0,0.0
2026-06-18T02:29:59,ERR,ERR,ERR,ERR,ERR,ERR,ERR,ERR,ERR,ERR,ERR,ERR,ERR,ERR,ERR,ERR,ERR,ERR,ERR,ERR,ERR,ERR,ERR,ERR,ERR,ERR,ERR,ERR,ERR,ERR,ERR,ERR,ERR,ERR,ERR,ERR,ERR,ERR,ERR,ERR,ERR,ERR,ERR,ERR,ERR,ERR,ERR,ERR,ERR,ERR,ERR,ERR,ERR,ERR,ERR,ERR,ERR,ERR,ERR,ERR,ERR,ERR,ERR,ERR,ERR,ERR,ERR,ERR,ERR,ERR,ERR,ERR,ERR,ERR,ERR,ERR,ERR,ERR,ERR,ERR,ERR,ERR,ERR,ERR,ERR,ERR,ERR,ERR,ERR,ERR,ERR,ERR,ERR,ERR,ERR,ERR,ERR,ERR,ERR,ERR,ERR,ERR,ERR,ERR,ERR,ERR,ERR,ERR,ERR,ERR,ERR,ERR,ERR,ERR,ERR,ERR,ERR,ERR,ERR,ERR,ERR,ERR,ERR,ERR,ERR,-0.0,2.718431101732002e+23,-0.0,0.059,0.0,1.3936040501711995e+18,7.805,0.0,0,0,4,48923,6720,14723890282496.0,100,0.0,0.0,0.0,2.718290229135658e+23,0.0,0,0,0,0,0.0,0,0,0,0,0,0,0,0,0,0,0,0,0,0,0,0,0,0,0,0,0,0,0,0,0,0,0,0,0,0,0,0,0,26,51,50,76,65476,0,300,0,0,8,21553,0.0,-107605600.0,0.0,0.0,0.0,0.0,0.0,0.0,0.0,0.0,0.0,0.0,0.0,0.0,0.0,0.0,0.0,0.0,0.0,0.0,0.0,0.0,0.0,-0.0,0.0,0.0,0.0,0.0,0.0,0.0,4782.0,2.004,7272.0,-0.0,0.0,-107615360.0,0.0,0.0,0.0,0.0,0.0,77,89221.125,0.0,0.0,0.0,0.0,0.0,0.0,0.0,0.0,0,0,0,0.0,0.0,0.0,0.0,0.0,0.0,0.0,0.0,0.0,0.0,0.0,0.0,0.0,0.0,0.0,0.0,0,-107875648.0,77,0.0,154,0.0,-0.0,ERR,ERR,ERR,ERR,ERR,ERR,ERR,ERR,ERR,ERR,ERR,ERR,ERR,ERR,ERR,ERR,ERR,ERR,ERR,ERR,ERR,ERR,ERR,ERR,ERR,ERR,ERR,ERR,ERR,ERR,ERR,ERR,ERR,ERR,ERR,ERR,ERR,ERR,ERR,ERR,ERR,ERR,ERR,ERR,ERR,ERR,ERR,ERR,ERR,ERR,ERR,ERR,ERR,ERR,ERR,ERR,ERR,ERR,ERR,ERR,ERR,ERR,ERR,ERR,ERR,ERR,ERR,34.0,80.0,35,0.0,0.0,0.0,0.0,0.0,0.0,0.0,0.0,0.0,0.0,0.0,0.0,0.0,0.0,0.0,0.0,66.0,0,120,58,53,65476,0,300,0,0,8,20529,65476,0,0,57672,80.0,0.0,0.0,0.0,0.0,0.0
2026-06-18T02:30:00,ERR,ERR,ERR,ERR,ERR,ERR,ERR,ERR,ERR,ERR,ERR,ERR,ERR,ERR,ERR,ERR,ERR,ERR,ERR,ERR,ERR,ERR,ERR,ERR,ERR,ERR,ERR,ERR,ERR,ERR,ERR,ERR,ERR,ERR,ERR,ERR,ERR,ERR,ERR,ERR,ERR,ERR,ERR,ERR,ERR,ERR,ERR,ERR,ERR,ERR,ERR,ERR,ERR,ERR,ERR,ERR,ERR,ERR,ERR,ERR,ERR,ERR,ERR,ERR,ERR,ERR,ERR,ERR,ERR,ERR,ERR,ERR,ERR,ERR,ERR,ERR,ERR,ERR,ERR,ERR,ERR,ERR,ERR,ERR,ERR,ERR,ERR,ERR,ERR,ERR,ERR,ERR,ERR,ERR,ERR,ERR,ERR,ERR,ERR,ERR,ERR,ERR,ERR,ERR,ERR,ERR,ERR,ERR,ERR,ERR,ERR,ERR,ERR,ERR,ERR,ERR,ERR,ERR,ERR,ERR,ERR,ERR,ERR,ERR,ERR,-0.0,2.718431101732002e+23,-0.0,0.059,0.0,1.3936040501711995e+18,7.805,0.0,0,0,4,48923,6720,14723890282496.0,100,0.0,0.0,0.0,2.718290229135658e+23,0.0,0,0,0,0,0.0,0,0,0,0,0,0,0,0,0,0,0,0,0,0,0,0,0,0,0,0,0,0,0,0,0,0,0,0,0,0,0,0,0,26,51,50,76,65476,0,300,0,0,8,21553,0.0,-107605600.0,0.0,0.0,0.0,0.0,0.0,0.0,0.0,0.0,0.0,0.0,0.0,0.0,0.0,0.0,0.0,0.0,0.0,0.0,0.0,0.0,0.0,-0.0,0.0,0.0,0.0,0.0,0.0,0.0,4782.0,2.004,7272.0,-0.0,0.0,-107615360.0,0.0,0.0,0.0,0.0,0.0,77,89221.125,0.0,0.0,0.0,0.0,0.0,0.0,0.0,0.0,0,0,0,0.0,0.0,0.0,0.0,0.0,0.0,0.0,0.0,0.0,0.0,0.0,0.0,0.0,0.0,0.0,0.0,0,-107875648.0,77,0.0,154,0.0,-0.0,ERR,ERR,ERR,ERR,ERR,ERR,ERR,ERR,ERR,ERR,ERR,ERR,ERR,ERR,ERR,ERR,ERR,ERR,ERR,ERR,ERR,ERR,ERR,ERR,ERR,ERR,ERR,ERR,ERR,ERR,ERR,ERR,ERR,ERR,ERR,ERR,ERR,ERR,ERR,ERR,ERR,ERR,ERR,ERR,ERR,ERR,ERR,ERR,ERR,ERR,ERR,ERR,ERR,ERR,ERR,ERR,ERR,ERR,ERR,ERR,ERR,ERR,ERR,ERR,ERR,ERR,ERR,34.0,80.0,35,0.0,0.0,0.0,0.0,0.0,0.0,0.0,0.0,0.0,0.0,0.0,0.0,0.0,0.0,0.0,0.0,66.0,0,120,58,53,65476,0,300,0,0,8,20529,65476,0,0,57672,80.0,0.0,0.0,0.0,0.0,0.0
2026-06-18T02:30:01,ERR,ERR,ERR,ERR,ERR,ERR,ERR,ERR,ERR,ERR,ERR,ERR,ERR,ERR,ERR,ERR,ERR,ERR,ERR,ERR,ERR,ERR,ERR,ERR,ERR,ERR,ERR,ERR,ERR,ERR,ERR,ERR,ERR,ERR,ERR,ERR,ERR,ERR,ERR,ERR,ERR,ERR,ERR,ERR,ERR,ERR,ERR,ERR,ERR,ERR,ERR,ERR,ERR,ERR,ERR,ERR,ERR,ERR,ERR,ERR,ERR,ERR,ERR,ERR,ERR,ERR,ERR,ERR,ERR,ERR,ERR,ERR,ERR,ERR,ERR,ERR,ERR,ERR,ERR,ERR,ERR,ERR,ERR,ERR,ERR,ERR,ERR,ERR,ERR,ERR,ERR,ERR,ERR,ERR,ERR,ERR,ERR,ERR,ERR,ERR,ERR,ERR,ERR,ERR,ERR,ERR,ERR,ERR,ERR,ERR,ERR,ERR,ERR,ERR,ERR,ERR,ERR,ERR,ERR,ERR,ERR,ERR,ERR,ERR,ERR,-0.0,2.718431101732002e+23,-0.0,0.059,0.0,1.3936040501711995e+18,7.805,0.0,0,0,4,48923,6720,14723890282496.0,100,0.0,0.0,0.0,2.718290229135658e+23,0.0,0,0,0,0,0.0,0,0,0,0,0,0,0,0,0,0,0,0,0,0,0,0,0,0,0,0,0,0,0,0,0,0,0,0,0,0,0,0,0,26,51,50,76,65476,0,300,0,0,8,21553,0.0,-107605600.0,0.0,0.0,0.0,0.0,0.0,0.0,0.0,0.0,0.0,0.0,0.0,0.0,0.0,0.0,0.0,0.0,0.0,0.0,0.0,0.0,0.0,-0.0,0.0,0.0,0.0,0.0,0.0,0.0,4782.0,2.004,7272.0,-0.0,0.0,-107615360.0,0.0,0.0,0.0,0.0,0.0,77,89221.125,0.0,0.0,0.0,0.0,0.0,0.0,0.0,0.0,0,0,0,0.0,0.0,0.0,0.0,0.0,0.0,0.0,0.0,0.0,0.0,0.0,0.0,0.0,0.0,0.0,0.0,0,-107875648.0,77,0.0,154,0.0,-0.0,ERR,ERR,ERR,ERR,ERR,ERR,ERR,ERR,ERR,ERR,ERR,ERR,ERR,ERR,ERR,ERR,ERR,ERR,ERR,ERR,ERR,ERR,ERR,ERR,ERR,ERR,ERR,ERR,ERR,ERR,ERR,ERR,ERR,ERR,ERR,ERR,ERR,ERR,ERR,ERR,ERR,ERR,ERR,ERR,ERR,ERR,ERR,ERR,ERR,ERR,ERR,ERR,ERR,ERR,ERR,ERR,ERR,ERR,ERR,ERR,ERR,ERR,ERR,ERR,ERR,ERR,ERR,34.0,80.0,35,0.0,0.0,0.0,0.0,0.0,0.0,0.0,0.0,0.0,0.0,0.0,0.0,0.0,0.0,0.0,0.0,66.0,0,120,58,53,65476,0,300,0,0,8,20529,65476,0,0,57672,80.0,0.0,0.0,0.0,0.0,0.0
2026-06-18T02:30:02,ERR,ERR,ERR,ERR,ERR,ERR,ERR,ERR,ERR,ERR,ERR,ERR,ERR,ERR,ERR,ERR,ERR,ERR,ERR,ERR,ERR,ERR,ERR,ERR,ERR,ERR,ERR,ERR,ERR,ERR,ERR,ERR,ERR,ERR,ERR,ERR,ERR,ERR,ERR,ERR,ERR,ERR,ERR,ERR,ERR,ERR,ERR,ERR,ERR,ERR,ERR,ERR,ERR,ERR,ERR,ERR,ERR,ERR,ERR,ERR,ERR,ERR,ERR,ERR,ERR,ERR,ERR,ERR,ERR,ERR,ERR,ERR,ERR,ERR,ERR,ERR,ERR,ERR,ERR,ERR,ERR,ERR,ERR,ERR,ERR,ERR,ERR,ERR,ERR,ERR,ERR,ERR,ERR,ERR,ERR,ERR,ERR,ERR,ERR,ERR,ERR,ERR,ERR,ERR,ERR,ERR,ERR,ERR,ERR,ERR,ERR,ERR,ERR,ERR,ERR,ERR,ERR,ERR,ERR,ERR,ERR,ERR,ERR,ERR,ERR,-0.0,2.718431101732002e+23,-0.0,0.059,0.0,1.3936040501711995e+18,7.805,0.0,0,0,4,48923,6720,14723890282496.0,100,0.0,0.0,0.0,2.718290229135658e+23,0.0,0,0,0,0,0.0,0,0,0,0,0,0,0,0,0,0,0,0,0,0,0,0,0,0,0,0,0,0,0,0,0,0,0,0,0,0,0,0,0,26,51,50,76,65476,0,300,0,0,8,21553,0.0,-107605600.0,0.0,0.0,0.0,0.0,0.0,0.0,0.0,0.0,0.0,0.0,0.0,0.0,0.0,0.0,0.0,0.0,0.0,0.0,0.0,0.0,0.0,-0.0,0.0,0.0,0.0,0.0,0.0,0.0,4782.0,2.004,7272.0,-0.0,0.0,-107615360.0,0.0,0.0,0.0,0.0,0.0,77,89221.125,0.0,0.0,0.0,0.0,0.0,0.0,0.0,0.0,0,0,0,0.0,0.0,0.0,0.0,0.0,0.0,0.0,0.0,0.0,0.0,0.0,0.0,0.0,0.0,0.0,0.0,0,-107875648.0,77,0.0,154,0.0,-0.0,ERR,ERR,ERR,ERR,ERR,ERR,ERR,ERR,ERR,ERR,ERR,ERR,ERR,ERR,ERR,ERR,ERR,ERR,ERR,ERR,ERR,ERR,ERR,ERR,ERR,ERR,ERR,ERR,ERR,ERR,ERR,ERR,ERR,ERR,ERR,ERR,ERR,ERR,ERR,ERR,ERR,ERR,ERR,ERR,ERR,ERR,ERR,ERR,ERR,ERR,ERR,ERR,ERR,ERR,ERR,ERR,ERR,ERR,ERR,ERR,ERR,ERR,ERR,ERR,ERR,ERR,ERR,34.0,80.0,35,0.0,0.0,0.0,0.0,0.0,0.0,0.0,0.0,0.0,0.0,0.0,0.0,0.0,0.0,0.0,0.0,66.0,0,120,58,53,65476,0,300,0,0,8,20529,65476,0,0,57672,80.0,0.0,0.0,0.0,0.0,0.0
2026-06-18T02:30:03,ERR,ERR,ERR,ERR,ERR,ERR,ERR,ERR,ERR,ERR,ERR,ERR,ERR,ERR,ERR,ERR,ERR,ERR,ERR,ERR,ERR,ERR,ERR,ERR,ERR,ERR,ERR,ERR,ERR,ERR,ERR,ERR,ERR,ERR,ERR,ERR,ERR,ERR,ERR,ERR,ERR,ERR,ERR,ERR,ERR,ERR,ERR,ERR,ERR,ERR,ERR,ERR,ERR,ERR,ERR,ERR,ERR,ERR,ERR,ERR,ERR,ERR,ERR,ERR,ERR,ERR,ERR,ERR,ERR,ERR,ERR,ERR,ERR,ERR,ERR,ERR,ERR,ERR,ERR,ERR,ERR,ERR,ERR,ERR,ERR,ERR,ERR,ERR,ERR,ERR,ERR,ERR,ERR,ERR,ERR,ERR,ERR,ERR,ERR,ERR,ERR,ERR,ERR,ERR,ERR,ERR,ERR,ERR,ERR,ERR,ERR,ERR,ERR,ERR,ERR,ERR,ERR,ERR,ERR,ERR,ERR,ERR,ERR,ERR,ERR,2.7184312818759872e+23,2.718431101732002e+23,0.0,-4.9501291711397626e+32,-2.012,1.3936040501711995e+18,7.805,8.558351388217734e+28,0,0,4,48927,6720,14723890282496.0,100,0.0,0.0,0.0,-4.9501291711397626e+32,0.0,0,0,0,0,0.0,0,0,0,0,0,0,0,0,0,0,0,0,0,0,0,0,0,0,0,0,0,0,0,0,0,0,0,0,0,0,0,0,0,26,51,50,76,65476,0,300,0,0,8,21553,0.0,-107605600.0,0.0,0.0,0.0,0.0,0.0,0.0,0.0,0.0,0.0,0.0,0.0,0.0,0.0,0.0,0.0,0.0,0.0,0.0,0.0,0.0,0.0,-0.0,0.0,0.0,0.0,0.0,0.0,0.0,4782.0,2.004,7272.0,-0.0,2.718431101732002e+23,-107615360.0,-107615392.0,0.0,0.0,0.0,0.0,77,89221.125,0.0,0.0,0.0,0.0,0.0,0.0,0.0,0.0,0,0,0,0.0,0.0,0.0,0.0,0.0,0.0,0.0,0.0,0.0,0.0,0.0,0.0,0.0,0.0,0.0,0.0,0,-107875648.0,77,0.0,154,0.0,-0.0,ERR,ERR,ERR,ERR,ERR,ERR,ERR,ERR,ERR,ERR,ERR,ERR,ERR,ERR,ERR,ERR,ERR,ERR,ERR,ERR,ERR,ERR,ERR,ERR,ERR,ERR,ERR,ERR,ERR,ERR,ERR,ERR,ERR,ERR,ERR,ERR,ERR,ERR,ERR,ERR,ERR,ERR,ERR,ERR,ERR,ERR,ERR,ERR,ERR,ERR,ERR,ERR,ERR,ERR,ERR,ERR,ERR,ERR,ERR,ERR,ERR,ERR,ERR,ERR,ERR,ERR,ERR,34.0,80.0,35,0.0,0.0,0.0,0.0,0.0,0.0,0.0,0.0,0.0,0.0,0.0,0.0,0.0,0.0,0.0,0.0,66.4,0,120,58,53,65476,0,300,0,0,8,20529,65476,0,0,57672,80.0,0.0,0.0,0.0,0.0,0.0
2026-06-18T02:30:04,ERR,ERR,ERR,ERR,ERR,ERR,ERR,ERR,ERR,ERR,ERR,ERR,ERR,ERR,ERR,ERR,ERR,ERR,ERR,ERR,ERR,ERR,ERR,ERR,ERR,ERR,ERR,ERR,ERR,ERR,ERR,ERR,ERR,ERR,ERR,ERR,ERR,ERR,ERR,ERR,ERR,ERR,ERR,ERR,ERR,ERR,ERR,ERR,ERR,ERR,ERR,ERR,ERR,ERR,ERR,ERR,ERR,ERR,ERR,ERR,ERR,ERR,ERR,ERR,ERR,ERR,ERR,ERR,ERR,ERR,ERR,ERR,ERR,ERR,ERR,ERR,ERR,ERR,ERR,ERR,ERR,ERR,ERR,ERR,ERR,ERR,ERR,ERR,ERR,ERR,ERR,ERR,ERR,ERR,ERR,ERR,ERR,ERR,ERR,ERR,ERR,ERR,ERR,ERR,ERR,ERR,ERR,ERR,ERR,ERR,ERR,ERR,ERR,ERR,ERR,ERR,ERR,ERR,ERR,ERR,ERR,ERR,ERR,ERR,ERR,2.7184312818759872e+23,2.718431101732002e+23,0.0,-4.9501291711397626e+32,-2.012,1.3936040501711995e+18,7.805,8.558351388217734e+28,0,0,4,48927,6720,14723890282496.0,100,0.0,0.0,0.0,-4.9501291711397626e+32,0.0,0,0,0,0,0.0,0,0,0,0,0,0,0,0,0,0,0,0,0,0,0,0,0,0,0,0,0,0,0,0,0,0,0,0,0,0,0,0,0,26,51,50,76,65476,0,300,0,0,8,21553,0.0,-107605600.0,0.0,0.0,0.0,0.0,0.0,0.0,0.0,0.0,0.0,0.0,0.0,0.0,0.0,0.0,0.0,0.0,0.0,0.0,0.0,0.0,0.0,-0.0,0.0,0.0,0.0,0.0,0.0,0.0,4782.0,2.004,7272.0,-0.0,2.718431101732002e+23,-107615360.0,-107615392.0,0.0,0.0,0.0,0.0,77,89221.125,0.0,0.0,0.0,0.0,0.0,0.0,0.0,0.0,0,0,0,0.0,0.0,0.0,0.0,0.0,0.0,0.0,0.0,0.0,0.0,0.0,0.0,0.0,0.0,0.0,0.0,0,-107875648.0,77,0.0,154,0.0,-0.0,ERR,ERR,ERR,ERR,ERR,ERR,ERR,ERR,ERR,ERR,ERR,ERR,ERR,ERR,ERR,ERR,ERR,ERR,ERR,ERR,ERR,ERR,ERR,ERR,ERR,ERR,ERR,ERR,ERR,ERR,ERR,ERR,ERR,ERR,ERR,ERR,ERR,ERR,ERR,ERR,ERR,ERR,ERR,ERR,ERR,ERR,ERR,ERR,ERR,ERR,ERR,ERR,ERR,ERR,ERR,ERR,ERR,ERR,ERR,ERR,ERR,ERR,ERR,ERR,ERR,ERR,ERR,34.0,80.0,35,0.0,0.0,0.0,0.0,0.0,0.0,0.0,0.0,0.0,0.0,0.0,0.0,0.0,0.0,0.0,0.0,66.4,0,120,58,53,65476,0,300,0,0,8,20529,65476,0,0,57672,80.0,0.0,0.0,0.0,0.0,0.0
2026-06-18T02:30:05,ERR,ERR,ERR,ERR,ERR,ERR,ERR,ERR,ERR,ERR,ERR,ERR,ERR,ERR,ERR,ERR,ERR,ERR,ERR,ERR,ERR,ERR,ERR,ERR,ERR,ERR,ERR,ERR,ERR,ERR,ERR,ERR,ERR,ERR,ERR,ERR,ERR,ERR,ERR,ERR,ERR,ERR,ERR,ERR,ERR,ERR,ERR,ERR,ERR,ERR,ERR,ERR,ERR,ERR,ERR,ERR,ERR,ERR,ERR,ERR,ERR,ERR,ERR,ERR,ERR,ERR,ERR,ERR,ERR,ERR,ERR,ERR,ERR,ERR,ERR,ERR,ERR,ERR,ERR,ERR,ERR,ERR,ERR,ERR,ERR,ERR,ERR,ERR,ERR,ERR,ERR,ERR,ERR,ERR,ERR,ERR,ERR,ERR,ERR,ERR,ERR,ERR,ERR,ERR,ERR,ERR,ERR,ERR,ERR,ERR,ERR,ERR,ERR,ERR,ERR,ERR,ERR,ERR,ERR,ERR,ERR,ERR,ERR,ERR,ERR,2.7184312818759872e+23,2.718431101732002e+23,0.0,-4.9501291711397626e+32,-2.012,1.3936040501711995e+18,7.805,8.558351388217734e+28,0,0,4,48927,6720,14723890282496.0,100,0.0,0.0,0.0,-4.9501291711397626e+32,0.0,0,0,0,0,0.0,0,0,0,0,0,0,0,0,0,0,0,0,0,0,0,0,0,0,0,0,0,0,0,0,0,0,0,0,0,0,0,0,0,26,51,50,76,65476,0,300,0,0,8,21553,0.0,-107605600.0,0.0,0.0,0.0,0.0,0.0,0.0,0.0,0.0,0.0,0.0,0.0,0.0,0.0,0.0,0.0,0.0,0.0,0.0,0.0,0.0,0.0,-0.0,0.0,0.0,0.0,0.0,0.0,0.0,4782.0,2.004,7272.0,-0.0,2.718431101732002e+23,-107615360.0,-107615392.0,0.0,0.0,0.0,0.0,77,89221.125,0.0,0.0,0.0,0.0,0.0,0.0,0.0,0.0,0,0,0,0.0,0.0,0.0,0.0,0.0,0.0,0.0,0.0,0.0,0.0,0.0,0.0,0.0,0.0,0.0,0.0,0,-107875648.0,77,0.0,154,0.0,-0.0,ERR,ERR,ERR,ERR,ERR,ERR,ERR,ERR,ERR,ERR,ERR,ERR,ERR,ERR,ERR,ERR,ERR,ERR,ERR,ERR,ERR,ERR,ERR,ERR,ERR,ERR,ERR,ERR,ERR,ERR,ERR,ERR,ERR,ERR,ERR,ERR,ERR,ERR,ERR,ERR,ERR,ERR,ERR,ERR,ERR,ERR,ERR,ERR,ERR,ERR,ERR,ERR,ERR,ERR,ERR,ERR,ERR,ERR,ERR,ERR,ERR,ERR,ERR,ERR,ERR,ERR,ERR,34.0,80.0,35,0.0,0.0,0.0,0.0,0.0,0.0,0.0,0.0,0.0,0.0,0.0,0.0,0.0,0.0,0.0,0.0,66.0,0,120,58,53,65476,0,300,0,0,8,20529,65476,0,0,57672,80.0,0.0,0.0,0.0,0.0,0.0
2026-06-18T02:30:06,ERR,ERR,ERR,ERR,ERR,ERR,ERR,ERR,ERR,ERR,ERR,ERR,ERR,ERR,ERR,ERR,ERR,ERR,ERR,ERR,ERR,ERR,ERR,ERR,ERR,ERR,ERR,ERR,ERR,ERR,ERR,ERR,ERR,ERR,ERR,ERR,ERR,ERR,ERR,ERR,ERR,ERR,ERR,ERR,ERR,ERR,ERR,ERR,ERR,ERR,ERR,ERR,ERR,ERR,ERR,ERR,ERR,ERR,ERR,ERR,ERR,ERR,ERR,ERR,ERR,ERR,ERR,ERR,ERR,ERR,ERR,ERR,ERR,ERR,ERR,ERR,ERR,ERR,ERR,ERR,ERR,ERR,ERR,ERR,ERR,ERR,ERR,ERR,ERR,ERR,ERR,ERR,ERR,ERR,ERR,ERR,ERR,ERR,ERR,ERR,ERR,ERR,ERR,ERR,ERR,ERR,ERR,ERR,ERR,ERR,ERR,ERR,ERR,ERR,ERR,ERR,ERR,ERR,ERR,ERR,ERR,ERR,ERR,ERR,ERR,2.7184312818759872e+23,2.718431101732002e+23,0.0,-4.9501291711397626e+32,-2.012,1.3936040501711995e+18,7.805,8.558351388217734e+28,0,0,4,48927,6720,14723890282496.0,100,0.0,0.0,0.0,-4.9501291711397626e+32,0.0,0,0,0,0,0.0,0,0,0,0,0,0,0,0,0,0,0,0,0,0,0,0,0,0,0,0,0,0,0,0,0,0,0,0,0,0,0,0,0,26,51,50,76,65476,0,300,0,0,8,21553,0.0,-107605600.0,0.0,0.0,0.0,0.0,0.0,0.0,0.0,0.0,0.0,0.0,0.0,0.0,0.0,0.0,0.0,0.0,0.0,0.0,0.0,0.0,0.0,-0.0,0.0,0.0,0.0,0.0,0.0,0.0,4782.0,2.004,7272.0,-0.0,2.718431101732002e+23,-107615360.0,-107615392.0,0.0,0.0,0.0,0.0,77,89221.125,0.0,0.0,0.0,0.0,0.0,0.0,0.0,0.0,0,0,0,0.0,0.0,0.0,0.0,0.0,0.0,0.0,0.0,0.0,0.0,0.0,0.0,0.0,0.0,0.0,0.0,0,-107875648.0,77,0.0,154,0.0,-0.0,ERR,ERR,ERR,ERR,ERR,ERR,ERR,ERR,ERR,ERR,ERR,ERR,ERR,ERR,ERR,ERR,ERR,ERR,ERR,ERR,ERR,ERR,ERR,ERR,ERR,ERR,ERR,ERR,ERR,ERR,ERR,ERR,ERR,ERR,ERR,ERR,ERR,ERR,ERR,ERR,ERR,ERR,ERR,ERR,ERR,ERR,ERR,ERR,ERR,ERR,ERR,ERR,ERR,ERR,ERR,ERR,ERR,ERR,ERR,ERR,ERR,ERR,ERR,ERR,ERR,ERR,ERR,34.0,80.0,35,0.0,0.0,0.0,0.0,0.0,0.0,0.0,0.0,0.0,0.0,0.0,0.0,0.0,0.0,0.0,0.0,66.4,0,120,58,53,65476,0,300,0,0,8,20529,65476,0,0,57672,80.0,0.0,0.0,0.0,0.0,0.0
2026-06-18T02:30:07,ERR,ERR,ERR,ERR,ERR,ERR,ERR,ERR,ERR,ERR,ERR,ERR,ERR,ERR,ERR,ERR,ERR,ERR,ERR,ERR,ERR,ERR,ERR,ERR,ERR,ERR,ERR,ERR,ERR,ERR,ERR,ERR,ERR,ERR,ERR,ERR,ERR,ERR,ERR,ERR,ERR,ERR,ERR,ERR,ERR,ERR,ERR,ERR,ERR,ERR,ERR,ERR,ERR,ERR,ERR,ERR,ERR,ERR,ERR,ERR,ERR,ERR,ERR,ERR,ERR,ERR,ERR,ERR,ERR,ERR,ERR,ERR,ERR,ERR,ERR,ERR,ERR,ERR,ERR,ERR,ERR,ERR,ERR,ERR,ERR,ERR,ERR,ERR,ERR,ERR,ERR,ERR,ERR,ERR,ERR,ERR,ERR,ERR,ERR,ERR,ERR,ERR,ERR,ERR,ERR,ERR,ERR,ERR,ERR,ERR,ERR,ERR,ERR,ERR,ERR,ERR,ERR,ERR,ERR,ERR,ERR,ERR,ERR,ERR,ERR,2.7184312818759872e+23,2.718431101732002e+23,0.0,-4.9501291711397626e+32,-2.012,1.3936040501711995e+18,7.805,8.558351388217734e+28,0,0,4,48927,6720,14723890282496.0,100,0.0,0.0,0.0,-4.9501291711397626e+32,0.0,0,0,0,0,0.0,0,0,0,0,0,0,0,0,0,0,0,0,0,0,0,0,0,0,0,0,0,0,0,0,0,0,0,0,0,0,0,0,0,26,51,50,76,65476,0,300,0,0,8,21553,0.0,-107605600.0,0.0,0.0,0.0,0.0,0.0,0.0,0.0,0.0,0.0,0.0,0.0,0.0,0.0,0.0,0.0,0.0,0.0,0.0,0.0,0.0,0.0,-0.0,0.0,0.0,0.0,0.0,0.0,0.0,4782.0,2.004,7272.0,-0.0,2.718431101732002e+23,-107615360.0,-107615392.0,0.0,0.0,0.0,0.0,77,89221.125,0.0,0.0,0.0,0.0,0.0,0.0,0.0,0.0,0,0,0,0.0,0.0,0.0,0.0,0.0,0.0,0.0,0.0,0.0,0.0,0.0,0.0,0.0,0.0,0.0,0.0,0,-107875648.0,77,0.0,154,0.0,-0.0,ERR,ERR,ERR,ERR,ERR,ERR,ERR,ERR,ERR,ERR,ERR,ERR,ERR,ERR,ERR,ERR,ERR,ERR,ERR,ERR,ERR,ERR,ERR,ERR,ERR,ERR,ERR,ERR,ERR,ERR,ERR,ERR,ERR,ERR,ERR,ERR,ERR,ERR,ERR,ERR,ERR,ERR,ERR,ERR,ERR,ERR,ERR,ERR,ERR,ERR,ERR,ERR,ERR,ERR,ERR,ERR,ERR,ERR,ERR,ERR,ERR,ERR,ERR,ERR,ERR,ERR,ERR,34.0,80.0,35,0.0,0.0,0.0,0.0,0.0,0.0,0.0,0.0,0.0,0.0,0.0,0.0,0.0,0.0,0.0,0.0,66.4,0,120,58,53,65476,0,300,0,0,8,20529,65476,0,0,57672,80.0,0.0,0.0,0.0,0.0,0.0
2026-06-18T02:30:08,ERR,ERR,ERR,ERR,ERR,ERR,ERR,ERR,ERR,ERR,ERR,ERR,ERR,ERR,ERR,ERR,ERR,ERR,ERR,ERR,ERR,ERR,ERR,ERR,ERR,ERR,ERR,ERR,ERR,ERR,ERR,ERR,ERR,ERR,ERR,ERR,ERR,ERR,ERR,ERR,ERR,ERR,ERR,ERR,ERR,ERR,ERR,ERR,ERR,ERR,ERR,ERR,ERR,ERR,ERR,ERR,ERR,ERR,ERR,ERR,ERR,ERR,ERR,ERR,ERR,ERR,ERR,ERR,ERR,ERR,ERR,ERR,ERR,ERR,ERR,ERR,ERR,ERR,ERR,ERR,ERR,ERR,ERR,ERR,ERR,ERR,ERR,ERR,ERR,ERR,ERR,ERR,ERR,ERR,ERR,ERR,ERR,ERR,ERR,ERR,ERR,ERR,ERR,ERR,ERR,ERR,ERR,ERR,ERR,ERR,ERR,ERR,ERR,ERR,ERR,ERR,ERR,ERR,ERR,ERR,ERR,ERR,ERR,ERR,ERR,-0.0,2.718431101732002e+23,-0.0,-0.0,0.0,1.3936040501711995e+18,7.805,2.395,0,0,4,48904,6720,14723890282496.0,100,0.0,0.0,0.0,-0.0,0.0,0,0,0,0,0.0,0,0,0,0,0,0,0,0,0,0,0,0,0,0,0,0,0,0,0,0,0,0,0,0,0,0,0,0,0,0,0,0,0,26,51,50,76,65476,0,300,0,0,8,21553,0.0,-107605600.0,0.0,0.0,0.0,0.0,0.0,0.0,0.0,0.0,0.0,0.0,0.0,0.0,0.0,0.0,0.0,0.0,0.0,0.0,0.0,0.0,0.0,-0.0,0.0,0.0,0.0,0.0,0.0,0.0,4783.0,2.004,7272.0,-0.0,2.718431101732002e+23,-107615360.0,-107615392.0,0.0,0.0,0.0,0.0,77,107615360.0,0.0,0.0,0.0,0.0,0.0,0.0,0.0,0.0,0,0,0,0.0,0.0,0.0,0.0,0.0,0.0,0.0,0.0,0.0,0.0,0.0,0.0,0.0,0.0,0.0,0.0,0,-107875648.0,77,0.0,154,0.0,-0.0,ERR,ERR,ERR,ERR,ERR,ERR,ERR,ERR,ERR,ERR,ERR,ERR,ERR,ERR,ERR,ERR,ERR,ERR,ERR,ERR,ERR,ERR,ERR,ERR,ERR,ERR,ERR,ERR,ERR,ERR,ERR,ERR,ERR,ERR,ERR,ERR,ERR,ERR,ERR,ERR,ERR,ERR,ERR,ERR,ERR,ERR,ERR,ERR,ERR,ERR,ERR,ERR,ERR,ERR,ERR,ERR,ERR,ERR,ERR,ERR,ERR,ERR,ERR,ERR,ERR,ERR,ERR,34.0,80.0,35,0.0,0.0,0.0,0.0,0.0,0.0,0.0,0.0,0.0,0.0,0.0,0.0,0.0,0.0,0.0,0.0,66.0,0,120,58,53,65476,0,300,0,0,8,20529,65476,0,0,57672,80.0,0.0,0.0,0.0,0.0,0.0
2026-06-18T02:30:09,ERR,ERR,ERR,ERR,ERR,ERR,ERR,ERR,ERR,ERR,ERR,ERR,ERR,ERR,ERR,ERR,ERR,ERR,ERR,ERR,ERR,ERR,ERR,ERR,ERR,ERR,ERR,ERR,ERR,ERR,ERR,ERR,ERR,ERR,ERR,ERR,ERR,ERR,ERR,ERR,ERR,ERR,ERR,ERR,ERR,ERR,ERR,ERR,ERR,ERR,ERR,ERR,ERR,ERR,ERR,ERR,ERR,ERR,ERR,ERR,ERR,ERR,ERR,ERR,ERR,ERR,ERR,ERR,ERR,ERR,ERR,ERR,ERR,ERR,ERR,ERR,ERR,ERR,ERR,ERR,ERR,ERR,ERR,ERR,ERR,ERR,ERR,ERR,ERR,ERR,ERR,ERR,ERR,ERR,ERR,ERR,ERR,ERR,ERR,ERR,ERR,ERR,ERR,ERR,ERR,ERR,ERR,ERR,ERR,ERR,ERR,ERR,ERR,ERR,ERR,ERR,ERR,ERR,ERR,ERR,ERR,ERR,ERR,ERR,ERR,-0.0,2.718431101732002e+23,-0.0,-0.0,0.0,1.3936040501711995e+18,7.805,2.395,0,0,4,48904,6720,14723890282496.0,100,0.0,0.0,0.0,-0.0,0.0,0,0,0,0,0.0,0,0,0,0,0,0,0,0,0,0,0,0,0,0,0,0,0,0,0,0,0,0,0,0,0,0,0,0,0,0,0,0,0,26,51,50,76,65476,0,300,0,0,8,21553,0.0,-107605600.0,0.0,0.0,0.0,0.0,0.0,0.0,0.0,0.0,0.0,0.0,0.0,0.0,0.0,0.0,0.0,0.0,0.0,0.0,0.0,0.0,0.0,-0.0,0.0,0.0,0.0,0.0,0.0,0.0,4783.0,2.004,7272.0,-0.0,2.718431101732002e+23,-107615360.0,-107615392.0,0.0,0.0,0.0,0.0,77,107615360.0,0.0,0.0,0.0,0.0,0.0,0.0,0.0,0.0,0,0,0,0.0,0.0,0.0,0.0,0.0,0.0,0.0,0.0,0.0,0.0,0.0,0.0,0.0,0.0,0.0,0.0,0,-107875648.0,77,0.0,154,0.0,-0.0,ERR,ERR,ERR,ERR,ERR,ERR,ERR,ERR,ERR,ERR,ERR,ERR,ERR,ERR,ERR,ERR,ERR,ERR,ERR,ERR,ERR,ERR,ERR,ERR,ERR,ERR,ERR,ERR,ERR,ERR,ERR,ERR,ERR,ERR,ERR,ERR,ERR,ERR,ERR,ERR,ERR,ERR,ERR,ERR,ERR,ERR,ERR,ERR,ERR,ERR,ERR,ERR,ERR,ERR,ERR,ERR,ERR,ERR,ERR,ERR,ERR,ERR,ERR,ERR,ERR,ERR,ERR,34.0,80.0,35,0.0,0.0,0.0,0.0,0.0,0.0,0.0,0.0,0.0,0.0,0.0,0.0,0.0,0.0,0.0,0.0,66.0,0,120,58,53,65476,0,300,0,0,8,20529,65476,0,0,57672,80.0,0.0,0.0,0.0,0.0,0.0
2026-06-18T02:30:10,ERR,ERR,ERR,ERR,ERR,ERR,ERR,ERR,ERR,ERR,ERR,ERR,ERR,ERR,ERR,ERR,ERR,ERR,ERR,ERR,ERR,ERR,ERR,ERR,ERR,ERR,ERR,ERR,ERR,ERR,ERR,ERR,ERR,ERR,ERR,ERR,ERR,ERR,ERR,ERR,ERR,ERR,ERR,ERR,ERR,ERR,ERR,ERR,ERR,ERR,ERR,ERR,ERR,ERR,ERR,ERR,ERR,ERR,ERR,ERR,ERR,ERR,ERR,ERR,ERR,ERR,ERR,ERR,ERR,ERR,ERR,ERR,ERR,ERR,ERR,ERR,ERR,ERR,ERR,ERR,ERR,ERR,ERR,ERR,ERR,ERR,ERR,ERR,ERR,ERR,ERR,ERR,ERR,ERR,ERR,ERR,ERR,ERR,ERR,ERR,ERR,ERR,ERR,ERR,ERR,ERR,ERR,ERR,ERR,ERR,ERR,ERR,ERR,ERR,ERR,ERR,ERR,ERR,ERR,ERR,ERR,ERR,ERR,ERR,ERR,-0.0,2.718431101732002e+23,-0.0,-0.0,0.0,1.3936040501711995e+18,7.805,2.395,0,0,4,48904,6720,14723890282496.0,100,0.0,0.0,0.0,-0.0,0.0,0,0,0,0,0.0,0,0,0,0,0,0,0,0,0,0,0,0,0,0,0,0,0,0,0,0,0,0,0,0,0,0,0,0,0,0,0,0,0,26,51,50,76,65476,0,300,0,0,8,21553,0.0,-107605600.0,0.0,0.0,0.0,0.0,0.0,0.0,0.0,0.0,0.0,0.0,0.0,0.0,0.0,0.0,0.0,0.0,0.0,0.0,0.0,0.0,0.0,-0.0,0.0,0.0,0.0,0.0,0.0,0.0,4783.0,2.004,7272.0,-0.0,2.718431101732002e+23,-107615360.0,-107615392.0,0.0,0.0,0.0,0.0,77,107615360.0,0.0,0.0,0.0,0.0,0.0,0.0,0.0,0.0,0,0,0,0.0,0.0,0.0,0.0,0.0,0.0,0.0,0.0,0.0,0.0,0.0,0.0,0.0,0.0,0.0,0.0,0,-107875648.0,77,0.0,154,0.0,-0.0,ERR,ERR,ERR,ERR,ERR,ERR,ERR,ERR,ERR,ERR,ERR,ERR,ERR,ERR,ERR,ERR,ERR,ERR,ERR,ERR,ERR,ERR,ERR,ERR,ERR,ERR,ERR,ERR,ERR,ERR,ERR,ERR,ERR,ERR,ERR,ERR,ERR,ERR,ERR,ERR,ERR,ERR,ERR,ERR,ERR,ERR,ERR,ERR,ERR,ERR,ERR,ERR,ERR,ERR,ERR,ERR,ERR,ERR,ERR,ERR,ERR,ERR,ERR,ERR,ERR,ERR,ERR,34.0,80.0,35,0.0,0.0,0.0,0.0,0.0,0.0,0.0,0.0,0.0,0.0,0.0,0.0,0.0,0.0,0.0,0.0,66.0,0,120,58,53,65476,0,300,0,0,8,20529,65476,0,0,57672,80.0,0.0,0.0,0.0,0.0,0.0
2026-06-18T02:30:11,ERR,ERR,ERR,ERR,ERR,ERR,ERR,ERR,ERR,ERR,ERR,ERR,ERR,ERR,ERR,ERR,ERR,ERR,ERR,ERR,ERR,ERR,ERR,ERR,ERR,ERR,ERR,ERR,ERR,ERR,ERR,ERR,ERR,ERR,ERR,ERR,ERR,ERR,ERR,ERR,ERR,ERR,ERR,ERR,ERR,ERR,ERR,ERR,ERR,ERR,ERR,ERR,ERR,ERR,ERR,ERR,ERR,ERR,ERR,ERR,ERR,ERR,ERR,ERR,ERR,ERR,ERR,ERR,ERR,ERR,ERR,ERR,ERR,ERR,ERR,ERR,ERR,ERR,ERR,ERR,ERR,ERR,ERR,ERR,ERR,ERR,ERR,ERR,ERR,ERR,ERR,ERR,ERR,ERR,ERR,ERR,ERR,ERR,ERR,ERR,ERR,ERR,ERR,ERR,ERR,ERR,ERR,ERR,ERR,ERR,ERR,ERR,ERR,ERR,ERR,ERR,ERR,ERR,ERR,ERR,ERR,ERR,ERR,ERR,ERR,-0.0,2.718431101732002e+23,-0.0,-0.0,0.0,1.3936040501711995e+18,7.805,2.395,0,0,4,48904,6720,14723890282496.0,100,0.0,0.0,0.0,-0.0,0.0,0,0,0,0,0.0,0,0,0,0,0,0,0,0,0,0,0,0,0,0,0,0,0,0,0,0,0,0,0,0,0,0,0,0,0,0,0,0,0,26,51,50,76,65476,0,300,0,0,8,21553,0.0,-107605600.0,0.0,0.0,0.0,0.0,0.0,0.0,0.0,0.0,0.0,0.0,0.0,0.0,0.0,0.0,0.0,0.0,0.0,0.0,0.0,0.0,0.0,-0.0,0.0,0.0,0.0,0.0,0.0,0.0,4783.0,2.004,7272.0,-0.0,2.718431101732002e+23,-107615360.0,-107615392.0,0.0,0.0,0.0,0.0,77,107615360.0,0.0,0.0,0.0,0.0,0.0,0.0,0.0,0.0,0,0,0,0.0,0.0,0.0,0.0,0.0,0.0,0.0,0.0,0.0,0.0,0.0,0.0,0.0,0.0,0.0,0.0,0,-107875648.0,77,0.0,154,0.0,-0.0,ERR,ERR,ERR,ERR,ERR,ERR,ERR,ERR,ERR,ERR,ERR,ERR,ERR,ERR,ERR,ERR,ERR,ERR,ERR,ERR,ERR,ERR,ERR,ERR,ERR,ERR,ERR,ERR,ERR,ERR,ERR,ERR,ERR,ERR,ERR,ERR,ERR,ERR,ERR,ERR,ERR,ERR,ERR,ERR,ERR,ERR,ERR,ERR,ERR,ERR,ERR,ERR,ERR,ERR,ERR,ERR,ERR,ERR,ERR,ERR,ERR,ERR,ERR,ERR,ERR,ERR,ERR,34.0,80.0,35,0.0,0.0,0.0,0.0,0.0,0.0,0.0,0.0,0.0,0.0,0.0,0.0,0.0,0.0,0.0,0.0,66.0,0,120,58,53,65476,0,300,0,0,8,20529,65476,0,0,57672,80.0,0.0,0.0,0.0,0.0,0.0
2026-06-18T02:30:12,ERR,ERR,ERR,ERR,ERR,ERR,ERR,ERR,ERR,ERR,ERR,ERR,ERR,ERR,ERR,ERR,ERR,ERR,ERR,ERR,ERR,ERR,ERR,ERR,ERR,ERR,ERR,ERR,ERR,ERR,ERR,ERR,ERR,ERR,ERR,ERR,ERR,ERR,ERR,ERR,ERR,ERR,ERR,ERR,ERR,ERR,ERR,ERR,ERR,ERR,ERR,ERR,ERR,ERR,ERR,ERR,ERR,ERR,ERR,ERR,ERR,ERR,ERR,ERR,ERR,ERR,ERR,ERR,ERR,ERR,ERR,ERR,ERR,ERR,ERR,ERR,ERR,ERR,ERR,ERR,ERR,ERR,ERR,ERR,ERR,ERR,ERR,ERR,ERR,ERR,ERR,ERR,ERR,ERR,ERR,ERR,ERR,ERR,ERR,ERR,ERR,ERR,ERR,ERR,ERR,ERR,ERR,ERR,ERR,ERR,ERR,ERR,ERR,ERR,ERR,ERR,ERR,ERR,ERR,ERR,ERR,ERR,ERR,ERR,ERR,-0.0,2.718431101732002e+23,-0.0,-0.0,0.0,1.3936040501711995e+18,7.805,2.395,0,0,4,48904,6720,14723890282496.0,100,0.0,0.0,0.0,-0.0,0.0,0,0,0,0,0.0,0,0,0,0,0,0,0,0,0,0,0,0,0,0,0,0,0,0,0,0,0,0,0,0,0,0,0,0,0,0,0,0,0,26,51,50,76,65476,0,300,0,0,8,21553,0.0,-107605600.0,0.0,0.0,0.0,0.0,0.0,0.0,0.0,0.0,0.0,0.0,0.0,0.0,0.0,0.0,0.0,0.0,0.0,0.0,0.0,0.0,0.0,-0.0,0.0,0.0,0.0,0.0,0.0,0.0,4783.0,2.004,7272.0,-0.0,2.718431101732002e+23,-107615360.0,-107615392.0,0.0,0.0,0.0,0.0,77,107615360.0,0.0,0.0,0.0,0.0,0.0,0.0,0.0,0.0,0,0,0,0.0,0.0,0.0,0.0,0.0,0.0,0.0,0.0,0.0,0.0,0.0,0.0,0.0,0.0,0.0,0.0,0,-107875648.0,77,0.0,154,0.0,-0.0,ERR,ERR,ERR,ERR,ERR,ERR,ERR,ERR,ERR,ERR,ERR,ERR,ERR,ERR,ERR,ERR,ERR,ERR,ERR,ERR,ERR,ERR,ERR,ERR,ERR,ERR,ERR,ERR,ERR,ERR,ERR,ERR,ERR,ERR,ERR,ERR,ERR,ERR,ERR,ERR,ERR,ERR,ERR,ERR,ERR,ERR,ERR,ERR,ERR,ERR,ERR,ERR,ERR,ERR,ERR,ERR,ERR,ERR,ERR,ERR,ERR,ERR,ERR,ERR,ERR,ERR,ERR,34.0,80.0,35,0.0,0.0,0.0,0.0,0.0,0.0,0.0,0.0,0.0,0.0,0.0,0.0,0.0,0.0,0.0,0.0,66.0,0,120,58,53,65476,0,300,0,0,8,20529,65476,0,0,57672,80.0,0.0,0.0,0.0,0.0,0.0
2026-06-18T02:30:13,ERR,ERR,ERR,ERR,ERR,ERR,ERR,ERR,ERR,ERR,ERR,ERR,ERR,ERR,ERR,ERR,ERR,ERR,ERR,ERR,ERR,ERR,ERR,ERR,ERR,ERR,ERR,ERR,ERR,ERR,ERR,ERR,ERR,ERR,ERR,ERR,ERR,ERR,ERR,ERR,ERR,ERR,ERR,ERR,ERR,ERR,ERR,ERR,ERR,ERR,ERR,ERR,ERR,ERR,ERR,ERR,ERR,ERR,ERR,ERR,ERR,ERR,ERR,ERR,ERR,ERR,ERR,ERR,ERR,ERR,ERR,ERR,ERR,ERR,ERR,ERR,ERR,ERR,ERR,ERR,ERR,ERR,ERR,ERR,ERR,ERR,ERR,ERR,ERR,ERR,ERR,ERR,ERR,ERR,ERR,ERR,ERR,ERR,ERR,ERR,ERR,ERR,ERR,ERR,ERR,ERR,ERR,ERR,ERR,ERR,ERR,ERR,ERR,ERR,ERR,ERR,ERR,ERR,ERR,ERR,ERR,ERR,ERR,ERR,ERR,2.7184312818759872e+23,2.718431101732002e+23,0.0,-0.0,-0.0,1.3936040501711995e+18,7.805,0.0,0,0,4,48908,6720,14723890282496.0,100,0.0,0.0,0.0,-0.0,0.0,0,0,0,0,0.0,0,0,0,0,0,0,0,0,0,0,0,0,0,0,0,0,0,0,0,0,0,0,0,0,0,0,0,0,0,0,0,0,0,26,51,50,76,65476,0,300,0,0,8,21553,0.0,-107605600.0,0.0,0.0,0.0,0.0,0.0,0.0,0.0,0.0,0.0,0.0,0.0,0.0,0.0,0.0,0.0,0.0,0.0,0.0,0.0,0.0,-2.004,2.004,0.0,0.0,0.0,0.0,0.0,0.0,4783.0,0.0,7271.0,-0.0,2.718431101732002e+23,-107615360.0,-107615392.0,0.0,0.0,0.0,0.0,77,0.0,0.0,0.0,0.0,0.0,0.0,0.0,0.0,0.0,0,0,0,0.0,0.0,0.0,0.0,0.0,0.0,0.0,0.0,0.0,0.0,0.0,0.0,0.0,0.0,0.0,0.0,0,-107875648.0,77,0.0,154,0.0,0.0,ERR,ERR,ERR,ERR,ERR,ERR,ERR,ERR,ERR,ERR,ERR,ERR,ERR,ERR,ERR,ERR,ERR,ERR,ERR,ERR,ERR,ERR,ERR,ERR,ERR,ERR,ERR,ERR,ERR,ERR,ERR,ERR,ERR,ERR,ERR,ERR,ERR,ERR,ERR,ERR,ERR,ERR,ERR,ERR,ERR,ERR,ERR,ERR,ERR,ERR,ERR,ERR,ERR,ERR,ERR,ERR,ERR,ERR,ERR,ERR,ERR,ERR,ERR,ERR,ERR,ERR,ERR,34.0,80.0,35,0.0,0.0,0.0,0.0,0.0,0.0,0.0,0.0,0.0,0.0,0.0,0.0,0.0,0.0,0.0,0.0,66.0,0,120,58,53,65476,0,300,0,0,8,20529,65476,0,0,57672,80.0,0.0,0.0,0.0,0.0,0.0
2026-06-18T02:30:14,ERR,ERR,ERR,ERR,ERR,ERR,ERR,ERR,ERR,ERR,ERR,ERR,ERR,ERR,ERR,ERR,ERR,ERR,ERR,ERR,ERR,ERR,ERR,ERR,ERR,ERR,ERR,ERR,ERR,ERR,ERR,ERR,ERR,ERR,ERR,ERR,ERR,ERR,ERR,ERR,ERR,ERR,ERR,ERR,ERR,ERR,ERR,ERR,ERR,ERR,ERR,ERR,ERR,ERR,ERR,ERR,ERR,ERR,ERR,ERR,ERR,ERR,ERR,ERR,ERR,ERR,ERR,ERR,ERR,ERR,ERR,ERR,ERR,ERR,ERR,ERR,ERR,ERR,ERR,ERR,ERR,ERR,ERR,ERR,ERR,ERR,ERR,ERR,ERR,ERR,ERR,ERR,ERR,ERR,ERR,ERR,ERR,ERR,ERR,ERR,ERR,ERR,ERR,ERR,ERR,ERR,ERR,ERR,ERR,ERR,ERR,ERR,ERR,ERR,ERR,ERR,ERR,ERR,ERR,ERR,ERR,ERR,ERR,ERR,ERR,2.7184312818759872e+23,2.718431101732002e+23,0.0,-0.0,-0.0,1.3936040501711995e+18,7.805,0.0,0,0,4,48908,6720,14723890282496.0,100,0.0,0.0,0.0,-0.0,0.0,0,0,0,0,0.0,0,0,0,0,0,0,0,0,0,0,0,0,0,0,0,0,0,0,0,0,0,0,0,0,0,0,0,0,0,0,0,0,0,26,51,50,76,65476,0,300,0,0,8,21553,0.0,-107605600.0,0.0,0.0,0.0,0.0,0.0,0.0,0.0,0.0,0.0,0.0,0.0,0.0,0.0,0.0,0.0,0.0,0.0,0.0,0.0,0.0,-2.004,2.004,0.0,0.0,0.0,0.0,0.0,0.0,4783.0,0.0,7271.0,-0.0,2.718431101732002e+23,-107615360.0,-107615392.0,0.0,0.0,0.0,0.0,77,0.0,0.0,0.0,0.0,0.0,0.0,0.0,0.0,0.0,0,0,0,0.0,0.0,0.0,0.0,0.0,0.0,0.0,0.0,0.0,0.0,0.0,0.0,0.0,0.0,0.0,0.0,0,-107875648.0,77,0.0,154,0.0,0.0,ERR,ERR,ERR,ERR,ERR,ERR,ERR,ERR,ERR,ERR,ERR,ERR,ERR,ERR,ERR,ERR,ERR,ERR,ERR,ERR,ERR,ERR,ERR,ERR,ERR,ERR,ERR,ERR,ERR,ERR,ERR,ERR,ERR,ERR,ERR,ERR,ERR,ERR,ERR,ERR,ERR,ERR,ERR,ERR,ERR,ERR,ERR,ERR,ERR,ERR,ERR,ERR,ERR,ERR,ERR,ERR,ERR,ERR,ERR,ERR,ERR,ERR,ERR,ERR,ERR,ERR,ERR,34.0,80.0,35,0.0,0.0,0.0,0.0,0.0,0.0,0.0,0.0,0.0,0.0,0.0,0.0,0.0,0.0,0.0,0.0,66.0,0,120,58,53,65476,0,300,0,0,8,20529,65476,0,0,57672,80.0,0.0,0.0,0.0,0.0,0.0
2026-06-18T02:30:15,ERR,ERR,ERR,ERR,ERR,ERR,ERR,ERR,ERR,ERR,ERR,ERR,ERR,ERR,ERR,ERR,ERR,ERR,ERR,ERR,ERR,ERR,ERR,ERR,ERR,ERR,ERR,ERR,ERR,ERR,ERR,ERR,ERR,ERR,ERR,ERR,ERR,ERR,ERR,ERR,ERR,ERR,ERR,ERR,ERR,ERR,ERR,ERR,ERR,ERR,ERR,ERR,ERR,ERR,ERR,ERR,ERR,ERR,ERR,ERR,ERR,ERR,ERR,ERR,ERR,ERR,ERR,ERR,ERR,ERR,ERR,ERR,ERR,ERR,ERR,ERR,ERR,ERR,ERR,ERR,ERR,ERR,ERR,ERR,ERR,ERR,ERR,ERR,ERR,ERR,ERR,ERR,ERR,ERR,ERR,ERR,ERR,ERR,ERR,ERR,ERR,ERR,ERR,ERR,ERR,ERR,ERR,ERR,ERR,ERR,ERR,ERR,ERR,ERR,ERR,ERR,ERR,ERR,ERR,ERR,ERR,ERR,ERR,ERR,ERR,2.7184312818759872e+23,2.718431101732002e+23,0.0,-0.0,-0.0,1.3936040501711995e+18,7.805,0.0,0,0,4,48908,6720,14723890282496.0,100,0.0,0.0,0.0,-0.0,0.0,0,0,0,0,0.0,0,0,0,0,0,0,0,0,0,0,0,0,0,0,0,0,0,0,0,0,0,0,0,0,0,0,0,0,0,0,0,0,0,26,51,50,76,65476,0,300,0,0,8,21553,0.0,-107605600.0,0.0,0.0,0.0,0.0,0.0,0.0,0.0,0.0,0.0,0.0,0.0,0.0,0.0,0.0,0.0,0.0,0.0,0.0,0.0,0.0,-2.004,2.004,0.0,0.0,0.0,0.0,0.0,0.0,4783.0,0.0,7271.0,-0.0,2.718431101732002e+23,-107615360.0,-107615392.0,0.0,0.0,0.0,0.0,77,0.0,0.0,0.0,0.0,0.0,0.0,0.0,0.0,0.0,0,0,0,0.0,0.0,0.0,0.0,0.0,0.0,0.0,0.0,0.0,0.0,0.0,0.0,0.0,0.0,0.0,0.0,0,-107875648.0,77,0.0,154,0.0,0.0,ERR,ERR,ERR,ERR,ERR,ERR,ERR,ERR,ERR,ERR,ERR,ERR,ERR,ERR,ERR,ERR,ERR,ERR,ERR,ERR,ERR,ERR,ERR,ERR,ERR,ERR,ERR,ERR,ERR,ERR,ERR,ERR,ERR,ERR,ERR,ERR,ERR,ERR,ERR,ERR,ERR,ERR,ERR,ERR,ERR,ERR,ERR,ERR,ERR,ERR,ERR,ERR,ERR,ERR,ERR,ERR,ERR,ERR,ERR,ERR,ERR,ERR,ERR,ERR,ERR,ERR,ERR,34.0,80.0,35,0.0,0.0,0.0,0.0,0.0,0.0,0.0,0.0,0.0,0.0,0.0,0.0,0.0,0.0,0.0,0.0,66.0,0,120,58,53,65476,0,300,0,0,8,20529,65476,0,0,57672,80.0,0.0,0.0,0.0,0.0,0.0
2026-06-18T02:30:16,ERR,ERR,ERR,ERR,ERR,ERR,ERR,ERR,ERR,ERR,ERR,ERR,ERR,ERR,ERR,ERR,ERR,ERR,ERR,ERR,ERR,ERR,ERR,ERR,ERR,ERR,ERR,ERR,ERR,ERR,ERR,ERR,ERR,ERR,ERR,ERR,ERR,ERR,ERR,ERR,ERR,ERR,ERR,ERR,ERR,ERR,ERR,ERR,ERR,ERR,ERR,ERR,ERR,ERR,ERR,ERR,ERR,ERR,ERR,ERR,ERR,ERR,ERR,ERR,ERR,ERR,ERR,ERR,ERR,ERR,ERR,ERR,ERR,ERR,ERR,ERR,ERR,ERR,ERR,ERR,ERR,ERR,ERR,ERR,ERR,ERR,ERR,ERR,ERR,ERR,ERR,ERR,ERR,ERR,ERR,ERR,ERR,ERR,ERR,ERR,ERR,ERR,ERR,ERR,ERR,ERR,ERR,ERR,ERR,ERR,ERR,ERR,ERR,ERR,ERR,ERR,ERR,ERR,ERR,ERR,ERR,ERR,ERR,ERR,ERR,2.7184312818759872e+23,2.718431101732002e+23,0.0,-0.0,-0.0,1.3936040501711995e+18,7.805,0.0,0,0,4,48908,6720,14723890282496.0,100,0.0,0.0,0.0,-0.0,0.0,0,0,0,0,0.0,0,0,0,0,0,0,0,0,0,0,0,0,0,0,0,0,0,0,0,0,0,0,0,0,0,0,0,0,0,0,0,0,0,26,51,50,76,65476,0,300,0,0,8,21553,0.0,-107605600.0,0.0,0.0,0.0,0.0,0.0,0.0,0.0,0.0,0.0,0.0,0.0,0.0,0.0,0.0,0.0,0.0,0.0,0.0,0.0,0.0,-2.004,2.004,0.0,0.0,0.0,0.0,0.0,0.0,4783.0,0.0,7271.0,-0.0,2.718431101732002e+23,-107615360.0,-107615392.0,0.0,0.0,0.0,0.0,77,0.0,0.0,0.0,0.0,0.0,0.0,0.0,0.0,0.0,0,0,0,0.0,0.0,0.0,0.0,0.0,0.0,0.0,0.0,0.0,0.0,0.0,0.0,0.0,0.0,0.0,0.0,0,-107875648.0,77,0.0,154,0.0,0.0,ERR,ERR,ERR,ERR,ERR,ERR,ERR,ERR,ERR,ERR,ERR,ERR,ERR,ERR,ERR,ERR,ERR,ERR,ERR,ERR,ERR,ERR,ERR,ERR,ERR,ERR,ERR,ERR,ERR,ERR,ERR,ERR,ERR,ERR,ERR,ERR,ERR,ERR,ERR,ERR,ERR,ERR,ERR,ERR,ERR,ERR,ERR,ERR,ERR,ERR,ERR,ERR,ERR,ERR,ERR,ERR,ERR,ERR,ERR,ERR,ERR,ERR,ERR,ERR,ERR,ERR,ERR,34.0,80.0,35,0.0,0.0,0.0,0.0,0.0,0.0,0.0,0.0,0.0,0.0,0.0,0.0,0.0,0.0,0.0,0.0,66.0,0,120,58,53,65476,0,300,0,0,8,20529,65476,0,0,57672,80.0,0.0,0.0,0.0,0.0,0.0
2026-06-18T02:30:17,ERR,ERR,ERR,ERR,ERR,ERR,ERR,ERR,ERR,ERR,ERR,ERR,ERR,ERR,ERR,ERR,ERR,ERR,ERR,ERR,ERR,ERR,ERR,ERR,ERR,ERR,ERR,ERR,ERR,ERR,ERR,ERR,ERR,ERR,ERR,ERR,ERR,ERR,ERR,ERR,ERR,ERR,ERR,ERR,ERR,ERR,ERR,ERR,ERR,ERR,ERR,ERR,ERR,ERR,ERR,ERR,ERR,ERR,ERR,ERR,ERR,ERR,ERR,ERR,ERR,ERR,ERR,ERR,ERR,ERR,ERR,ERR,ERR,ERR,ERR,ERR,ERR,ERR,ERR,ERR,ERR,ERR,ERR,ERR,ERR,ERR,ERR,ERR,ERR,ERR,ERR,ERR,ERR,ERR,ERR,ERR,ERR,ERR,ERR,ERR,ERR,ERR,ERR,ERR,ERR,ERR,ERR,ERR,ERR,ERR,ERR,ERR,ERR,ERR,ERR,ERR,ERR,ERR,ERR,ERR,ERR,ERR,ERR,ERR,ERR,2.7184312818759872e+23,2.718431101732002e+23,0.0,-0.0,-0.0,1.3936040501711995e+18,7.805,0.0,0,0,4,48908,6720,14723890282496.0,100,0.0,0.0,0.0,-0.0,0.0,0,0,0,0,0.0,0,0,0,0,0,0,0,0,0,0,0,0,0,0,0,0,0,0,0,0,0,0,0,0,0,0,0,0,0,0,0,0,0,26,51,50,76,65476,0,300,0,0,8,21553,0.0,-107605600.0,0.0,0.0,0.0,0.0,0.0,0.0,0.0,0.0,0.0,0.0,0.0,0.0,0.0,0.0,0.0,0.0,0.0,0.0,0.0,0.0,-2.004,2.004,0.0,0.0,0.0,0.0,0.0,0.0,4783.0,0.0,7271.0,-0.0,2.718431101732002e+23,-107615360.0,-107615392.0,0.0,0.0,0.0,0.0,77,0.0,0.0,0.0,0.0,0.0,0.0,0.0,0.0,0.0,0,0,0,0.0,0.0,0.0,0.0,0.0,0.0,0.0,0.0,0.0,0.0,0.0,0.0,0.0,0.0,0.0,0.0,0,-107875648.0,77,0.0,154,0.0,0.0,ERR,ERR,ERR,ERR,ERR,ERR,ERR,ERR,ERR,ERR,ERR,ERR,ERR,ERR,ERR,ERR,ERR,ERR,ERR,ERR,ERR,ERR,ERR,ERR,ERR,ERR,ERR,ERR,ERR,ERR,ERR,ERR,ERR,ERR,ERR,ERR,ERR,ERR,ERR,ERR,ERR,ERR,ERR,ERR,ERR,ERR,ERR,ERR,ERR,ERR,ERR,ERR,ERR,ERR,ERR,ERR,ERR,ERR,ERR,ERR,ERR,ERR,ERR,ERR,ERR,ERR,ERR,34.0,80.0,35,0.0,0.0,0.0,0.0,0.0,0.0,0.0,0.0,0.0,0.0,0.0,0.0,0.0,0.0,0.0,0.0,66.4,0,120,58,53,65476,0,300,0,0,8,20529,65476,0,0,57672,80.0,0.0,0.0,0.0,0.0,0.0
2026-06-18T02:30:18,ERR,ERR,ERR,ERR,ERR,ERR,ERR,ERR,ERR,ERR,ERR,ERR,ERR,ERR,ERR,ERR,ERR,ERR,ERR,ERR,ERR,ERR,ERR,ERR,ERR,ERR,ERR,ERR,ERR,ERR,ERR,ERR,ERR,ERR,ERR,ERR,ERR,ERR,ERR,ERR,ERR,ERR,ERR,ERR,ERR,ERR,ERR,ERR,ERR,ERR,ERR,ERR,ERR,ERR,ERR,ERR,ERR,ERR,ERR,ERR,ERR,ERR,ERR,ERR,ERR,ERR,ERR,ERR,ERR,ERR,ERR,ERR,ERR,ERR,ERR,ERR,ERR,ERR,ERR,ERR,ERR,ERR,ERR,ERR,ERR,ERR,ERR,ERR,ERR,ERR,ERR,ERR,ERR,ERR,ERR,ERR,ERR,ERR,ERR,ERR,ERR,ERR,ERR,ERR,ERR,ERR,ERR,ERR,ERR,ERR,ERR,ERR,ERR,ERR,ERR,ERR,ERR,ERR,ERR,ERR,ERR,ERR,ERR,ERR,ERR,2.7184312818759872e+23,2.718431101732002e+23,0.0,-0.0,-0.0,1.3936040501711995e+18,7.805,0.0,0,0,4,48908,6720,14723890282496.0,100,0.0,0.0,0.0,-0.0,0.0,0,0,0,0,0.0,0,0,0,0,0,0,0,0,0,0,0,0,0,0,0,0,0,0,0,0,0,0,0,0,0,0,0,0,0,0,0,0,0,26,51,50,76,65476,0,300,0,0,8,21553,0.0,-107605600.0,0.0,0.0,0.0,0.0,0.0,0.0,0.0,0.0,0.0,0.0,0.0,0.0,0.0,0.0,0.0,0.0,0.0,0.0,0.0,0.0,-2.004,2.004,0.0,0.0,0.0,0.0,0.0,0.0,4783.0,0.0,7271.0,-0.0,2.718431101732002e+23,-107615360.0,-107615392.0,0.0,0.0,0.0,0.0,77,0.0,0.0,0.0,0.0,0.0,0.0,0.0,0.0,0.0,0,0,0,0.0,0.0,0.0,0.0,0.0,0.0,0.0,0.0,0.0,0.0,0.0,0.0,0.0,0.0,0.0,0.0,0,-107875648.0,77,0.0,154,0.0,0.0,ERR,ERR,ERR,ERR,ERR,ERR,ERR,ERR,ERR,ERR,ERR,ERR,ERR,ERR,ERR,ERR,ERR,ERR,ERR,ERR,ERR,ERR,ERR,ERR,ERR,ERR,ERR,ERR,ERR,ERR,ERR,ERR,ERR,ERR,ERR,ERR,ERR,ERR,ERR,ERR,ERR,ERR,ERR,ERR,ERR,ERR,ERR,ERR,ERR,ERR,ERR,ERR,ERR,ERR,ERR,ERR,ERR,ERR,ERR,ERR,ERR,ERR,ERR,ERR,ERR,ERR,ERR,34.0,80.0,35,0.0,0.0,0.0,0.0,0.0,0.0,0.0,0.0,0.0,0.0,0.0,0.0,0.0,0.0,0.0,0.0,66.4,0,120,58,53,65476,0,300,0,0,8,20529,65476,0,0,57672,80.0,0.0,0.0,0.0,0.0,0.0
2026-06-18T02:30:19,ERR,ERR,ERR,ERR,ERR,ERR,ERR,ERR,ERR,ERR,ERR,ERR,ERR,ERR,ERR,ERR,ERR,ERR,ERR,ERR,ERR,ERR,ERR,ERR,ERR,ERR,ERR,ERR,ERR,ERR,ERR,ERR,ERR,ERR,ERR,ERR,ERR,ERR,ERR,ERR,ERR,ERR,ERR,ERR,ERR,ERR,ERR,ERR,ERR,ERR,ERR,ERR,ERR,ERR,ERR,ERR,ERR,ERR,ERR,ERR,ERR,ERR,ERR,ERR,ERR,ERR,ERR,ERR,ERR,ERR,ERR,ERR,ERR,ERR,ERR,ERR,ERR,ERR,ERR,ERR,ERR,ERR,ERR,ERR,ERR,ERR,ERR,ERR,ERR,ERR,ERR,ERR,ERR,ERR,ERR,ERR,ERR,ERR,ERR,ERR,ERR,ERR,ERR,ERR,ERR,ERR,ERR,ERR,ERR,ERR,ERR,ERR,ERR,ERR,ERR,ERR,ERR,ERR,ERR,ERR,ERR,ERR,ERR,ERR,ERR,2.7184312818759872e+23,0.0,-0.0,-0.0,nan,1.3936040501711995e+18,7.805,1.182,0,0,4,48904,6720,14723890282496.0,100,0.0,0.0,0.0,-0.0,0.0,0,0,0,0,0.0,0,0,0,0,0,0,0,0,0,0,0,0,0,0,0,0,0,0,0,0,0,0,0,0,0,0,0,0,0,0,0,0,0,26,51,50,76,65476,0,300,0,0,8,21553,0.0,-107605600.0,0.0,0.0,0.0,0.0,0.0,0.0,0.0,0.0,0.0,0.0,0.0,0.0,0.0,0.0,0.0,0.0,0.0,0.0,0.0,0.0,0.0,-0.0,-2.004,0.0,0.0,0.0,0.0,0.0,4781.0,0.0,7271.0,-0.0,0.0,-107615360.0,-107615392.0,0.0,0.0,0.0,0.0,77,71.63,0.0,0.0,0.0,0.0,0.0,0.0,0.0,0.0,0,0,0,0.0,0.0,0.0,0.0,0.0,0.0,0.0,0.0,0.0,0.0,0.0,0.0,0.0,0.0,0.0,0.0,0,-107875648.0,77,0.0,154,0.0,-0.0,ERR,ERR,ERR,ERR,ERR,ERR,ERR,ERR,ERR,ERR,ERR,ERR,ERR,ERR,ERR,ERR,ERR,ERR,ERR,ERR,ERR,ERR,ERR,ERR,ERR,ERR,ERR,ERR,ERR,ERR,ERR,ERR,ERR,ERR,ERR,ERR,ERR,ERR,ERR,ERR,ERR,ERR,ERR,ERR,ERR,ERR,ERR,ERR,ERR,ERR,ERR,ERR,ERR,ERR,ERR,ERR,ERR,ERR,ERR,ERR,ERR,ERR,ERR,ERR,ERR,ERR,ERR,34.0,80.0,35,0.0,0.0,0.0,0.0,0.0,0.0,0.0,0.0,0.0,0.0,0.0,0.0,0.0,0.0,0.0,0.0,66.0,0,120,58,53,65476,0,300,0,0,8,20529,65476,0,0,57672,80.0,0.0,0.0,0.0,0.0,0.0
2026-06-18T02:30:20,ERR,ERR,ERR,ERR,ERR,ERR,ERR,ERR,ERR,ERR,ERR,ERR,ERR,ERR,ERR,ERR,ERR,ERR,ERR,ERR,ERR,ERR,ERR,ERR,ERR,ERR,ERR,ERR,ERR,ERR,ERR,ERR,ERR,ERR,ERR,ERR,ERR,ERR,ERR,ERR,ERR,ERR,ERR,ERR,ERR,ERR,ERR,ERR,ERR,ERR,ERR,ERR,ERR,ERR,ERR,ERR,ERR,ERR,ERR,ERR,ERR,ERR,ERR,ERR,ERR,ERR,ERR,ERR,ERR,ERR,ERR,ERR,ERR,ERR,ERR,ERR,ERR,ERR,ERR,ERR,ERR,ERR,ERR,ERR,ERR,ERR,ERR,ERR,ERR,ERR,ERR,ERR,ERR,ERR,ERR,ERR,ERR,ERR,ERR,ERR,ERR,ERR,ERR,ERR,ERR,ERR,ERR,ERR,ERR,ERR,ERR,ERR,ERR,ERR,ERR,ERR,ERR,ERR,ERR,ERR,ERR,ERR,ERR,ERR,ERR,2.7184312818759872e+23,0.0,-0.0,-0.0,nan,1.3936040501711995e+18,7.805,1.182,0,0,4,48904,6720,14723890282496.0,100,0.0,0.0,0.0,-0.0,0.0,0,0,0,0,0.0,0,0,0,0,0,0,0,0,0,0,0,0,0,0,0,0,0,0,0,0,0,0,0,0,0,0,0,0,0,0,0,0,0,26,51,50,76,65476,0,300,0,0,8,21553,0.0,-107605600.0,0.0,0.0,0.0,0.0,0.0,0.0,0.0,0.0,0.0,0.0,0.0,0.0,0.0,0.0,0.0,0.0,0.0,0.0,0.0,0.0,0.0,-0.0,-2.004,0.0,0.0,0.0,0.0,0.0,4781.0,0.0,7271.0,-0.0,0.0,-107615360.0,-107615392.0,0.0,0.0,0.0,0.0,77,71.63,0.0,0.0,0.0,0.0,0.0,0.0,0.0,0.0,0,0,0,0.0,0.0,0.0,0.0,0.0,0.0,0.0,0.0,0.0,0.0,0.0,0.0,0.0,0.0,0.0,0.0,0,-107875648.0,77,0.0,154,0.0,-0.0,ERR,ERR,ERR,ERR,ERR,ERR,ERR,ERR,ERR,ERR,ERR,ERR,ERR,ERR,ERR,ERR,ERR,ERR,ERR,ERR,ERR,ERR,ERR,ERR,ERR,ERR,ERR,ERR,ERR,ERR,ERR,ERR,ERR,ERR,ERR,ERR,ERR,ERR,ERR,ERR,ERR,ERR,ERR,ERR,ERR,ERR,ERR,ERR,ERR,ERR,ERR,ERR,ERR,ERR,ERR,ERR,ERR,ERR,ERR,ERR,ERR,ERR,ERR,ERR,ERR,ERR,ERR,34.0,80.0,35,0.0,0.0,0.0,0.0,0.0,0.0,0.0,0.0,0.0,0.0,0.0,0.0,0.0,0.0,0.0,0.0,66.0,0,120,58,53,65476,0,300,0,0,8,20529,65476,0,0,57672,80.0,0.0,0.0,0.0,0.0,0.0
2026-06-18T02:30:21,ERR,ERR,ERR,ERR,ERR,ERR,ERR,ERR,ERR,ERR,ERR,ERR,ERR,ERR,ERR,ERR,ERR,ERR,ERR,ERR,ERR,ERR,ERR,ERR,ERR,ERR,ERR,ERR,ERR,ERR,ERR,ERR,ERR,ERR,ERR,ERR,ERR,ERR,ERR,ERR,ERR,ERR,ERR,ERR,ERR,ERR,ERR,ERR,ERR,ERR,ERR,ERR,ERR,ERR,ERR,ERR,ERR,ERR,ERR,ERR,ERR,ERR,ERR,ERR,ERR,ERR,ERR,ERR,ERR,ERR,ERR,ERR,ERR,ERR,ERR,ERR,ERR,ERR,ERR,ERR,ERR,ERR,ERR,ERR,ERR,ERR,ERR,ERR,ERR,ERR,ERR,ERR,ERR,ERR,ERR,ERR,ERR,ERR,ERR,ERR,ERR,ERR,ERR,ERR,ERR,ERR,ERR,ERR,ERR,ERR,ERR,ERR,ERR,ERR,ERR,ERR,ERR,ERR,ERR,ERR,ERR,ERR,ERR,ERR,ERR,2.7184312818759872e+23,0.0,-0.0,-0.0,nan,1.3936040501711995e+18,7.805,1.182,0,0,4,48904,6720,14723890282496.0,100,0.0,0.0,0.0,-0.0,0.0,0,0,0,0,0.0,0,0,0,0,0,0,0,0,0,0,0,0,0,0,0,0,0,0,0,0,0,0,0,0,0,0,0,0,0,0,0,0,0,26,51,50,76,65476,0,300,0,0,8,21553,0.0,-107605600.0,0.0,0.0,0.0,0.0,0.0,0.0,0.0,0.0,0.0,0.0,0.0,0.0,0.0,0.0,0.0,0.0,0.0,0.0,0.0,0.0,0.0,-0.0,-2.004,0.0,0.0,0.0,0.0,0.0,4781.0,0.0,7271.0,-0.0,0.0,-107615360.0,-107615392.0,0.0,0.0,0.0,0.0,77,71.63,0.0,0.0,0.0,0.0,0.0,0.0,0.0,0.0,0,0,0,0.0,0.0,0.0,0.0,0.0,0.0,0.0,0.0,0.0,0.0,0.0,0.0,0.0,0.0,0.0,0.0,0,-107875648.0,77,0.0,154,0.0,-0.0,ERR,ERR,ERR,ERR,ERR,ERR,ERR,ERR,ERR,ERR,ERR,ERR,ERR,ERR,ERR,ERR,ERR,ERR,ERR,ERR,ERR,ERR,ERR,ERR,ERR,ERR,ERR,ERR,ERR,ERR,ERR,ERR,ERR,ERR,ERR,ERR,ERR,ERR,ERR,ERR,ERR,ERR,ERR,ERR,ERR,ERR,ERR,ERR,ERR,ERR,ERR,ERR,ERR,ERR,ERR,ERR,ERR,ERR,ERR,ERR,ERR,ERR,ERR,ERR,ERR,ERR,ERR,34.0,80.0,35,0.0,0.0,0.0,0.0,0.0,0.0,0.0,0.0,0.0,0.0,0.0,0.0,0.0,0.0,0.0,0.0,66.4,0,120,58,53,65476,0,300,0,0,8,20529,65476,0,0,57672,80.0,0.0,0.0,0.0,0.0,0.0
2026-06-18T02:30:22,ERR,ERR,ERR,ERR,ERR,ERR,ERR,ERR,ERR,ERR,ERR,ERR,ERR,ERR,ERR,ERR,ERR,ERR,ERR,ERR,ERR,ERR,ERR,ERR,ERR,ERR,ERR,ERR,ERR,ERR,ERR,ERR,ERR,ERR,ERR,ERR,ERR,ERR,ERR,ERR,ERR,ERR,ERR,ERR,ERR,ERR,ERR,ERR,ERR,ERR,ERR,ERR,ERR,ERR,ERR,ERR,ERR,ERR,ERR,ERR,ERR,ERR,ERR,ERR,ERR,ERR,ERR,ERR,ERR,ERR,ERR,ERR,ERR,ERR,ERR,ERR,ERR,ERR,ERR,ERR,ERR,ERR,ERR,ERR,ERR,ERR,ERR,ERR,ERR,ERR,ERR,ERR,ERR,ERR,ERR,ERR,ERR,ERR,ERR,ERR,ERR,ERR,ERR,ERR,ERR,ERR,ERR,ERR,ERR,ERR,ERR,ERR,ERR,ERR,ERR,ERR,ERR,ERR,ERR,ERR,ERR,ERR,ERR,ERR,ERR,2.7184312818759872e+23,0.0,-0.0,-0.0,nan,1.3936040501711995e+18,7.805,1.182,0,0,4,48904,6720,14723890282496.0,100,0.0,0.0,0.0,-0.0,0.0,0,0,0,0,0.0,0,0,0,0,0,0,0,0,0,0,0,0,0,0,0,0,0,0,0,0,0,0,0,0,0,0,0,0,0,0,0,0,0,26,51,50,76,65476,0,300,0,0,8,21553,0.0,-107605600.0,0.0,0.0,0.0,0.0,0.0,0.0,0.0,0.0,0.0,0.0,0.0,0.0,0.0,0.0,0.0,0.0,0.0,0.0,0.0,0.0,0.0,-0.0,-2.004,0.0,0.0,0.0,0.0,0.0,4781.0,0.0,7271.0,-0.0,0.0,-107615360.0,-107615392.0,0.0,0.0,0.0,0.0,77,71.63,0.0,0.0,0.0,0.0,0.0,0.0,0.0,0.0,0,0,0,0.0,0.0,0.0,0.0,0.0,0.0,0.0,0.0,0.0,0.0,0.0,0.0,0.0,0.0,0.0,0.0,0,-107875648.0,77,0.0,154,0.0,-0.0,ERR,ERR,ERR,ERR,ERR,ERR,ERR,ERR,ERR,ERR,ERR,ERR,ERR,ERR,ERR,ERR,ERR,ERR,ERR,ERR,ERR,ERR,ERR,ERR,ERR,ERR,ERR,ERR,ERR,ERR,ERR,ERR,ERR,ERR,ERR,ERR,ERR,ERR,ERR,ERR,ERR,ERR,ERR,ERR,ERR,ERR,ERR,ERR,ERR,ERR,ERR,ERR,ERR,ERR,ERR,ERR,ERR,ERR,ERR,ERR,ERR,ERR,ERR,ERR,ERR,ERR,ERR,34.0,80.0,35,0.0,0.0,0.0,0.0,0.0,0.0,0.0,0.0,0.0,0.0,0.0,0.0,0.0,0.0,0.0,0.0,66.4,0,120,58,53,65476,0,300,0,0,8,20529,65476,0,0,57672,80.0,0.0,0.0,0.0,0.0,0.0
2026-06-18T02:30:23,ERR,ERR,ERR,ERR,ERR,ERR,ERR,ERR,ERR,ERR,ERR,ERR,ERR,ERR,ERR,ERR,ERR,ERR,ERR,ERR,ERR,ERR,ERR,ERR,ERR,ERR,ERR,ERR,ERR,ERR,ERR,ERR,ERR,ERR,ERR,ERR,ERR,ERR,ERR,ERR,ERR,ERR,ERR,ERR,ERR,ERR,ERR,ERR,ERR,ERR,ERR,ERR,ERR,ERR,ERR,ERR,ERR,ERR,ERR,ERR,ERR,ERR,ERR,ERR,ERR,ERR,ERR,ERR,ERR,ERR,ERR,ERR,ERR,ERR,ERR,ERR,ERR,ERR,ERR,ERR,ERR,ERR,ERR,ERR,ERR,ERR,ERR,ERR,ERR,ERR,ERR,ERR,ERR,ERR,ERR,ERR,ERR,ERR,ERR,ERR,ERR,ERR,ERR,ERR,ERR,ERR,ERR,ERR,ERR,ERR,ERR,ERR,ERR,ERR,ERR,ERR,ERR,ERR,ERR,ERR,ERR,ERR,ERR,ERR,ERR,2.7184312818759872e+23,0.0,-0.0,-0.0,nan,1.3936040501711995e+18,7.805,1.182,0,0,4,48904,6720,14723890282496.0,100,0.0,0.0,0.0,-0.0,0.0,0,0,0,0,0.0,0,0,0,0,0,0,0,0,0,0,0,0,0,0,0,0,0,0,0,0,0,0,0,0,0,0,0,0,0,0,0,0,0,26,51,50,76,65476,0,300,0,0,8,21553,0.0,-107605600.0,0.0,0.0,0.0,0.0,0.0,0.0,0.0,0.0,0.0,0.0,0.0,0.0,0.0,0.0,0.0,0.0,0.0,0.0,0.0,0.0,0.0,-0.0,-2.004,0.0,0.0,0.0,0.0,0.0,4781.0,0.0,7271.0,-0.0,0.0,-107615360.0,-107615392.0,0.0,0.0,0.0,0.0,77,71.63,0.0,0.0,0.0,0.0,0.0,0.0,0.0,0.0,0,0,0,0.0,0.0,0.0,0.0,0.0,0.0,0.0,0.0,0.0,0.0,0.0,0.0,0.0,0.0,0.0,0.0,0,-107875648.0,77,0.0,154,0.0,-0.0,ERR,ERR,ERR,ERR,ERR,ERR,ERR,ERR,ERR,ERR,ERR,ERR,ERR,ERR,ERR,ERR,ERR,ERR,ERR,ERR,ERR,ERR,ERR,ERR,ERR,ERR,ERR,ERR,ERR,ERR,ERR,ERR,ERR,ERR,ERR,ERR,ERR,ERR,ERR,ERR,ERR,ERR,ERR,ERR,ERR,ERR,ERR,ERR,ERR,ERR,ERR,ERR,ERR,ERR,ERR,ERR,ERR,ERR,ERR,ERR,ERR,ERR,ERR,ERR,ERR,ERR,ERR,34.0,80.0,35,0.0,0.0,0.0,0.0,0.0,0.0,0.0,0.0,0.0,0.0,0.0,0.0,0.0,0.0,0.0,0.0,65.6,0,120,58,53,65476,0,300,0,0,8,20529,65476,0,0,57672,80.0,0.0,0.0,0.0,0.0,0.0
2026-06-18T02:30:24,ERR,ERR,ERR,ERR,ERR,ERR,ERR,ERR,ERR,ERR,ERR,ERR,ERR,ERR,ERR,ERR,ERR,ERR,ERR,ERR,ERR,ERR,ERR,ERR,ERR,ERR,ERR,ERR,ERR,ERR,ERR,ERR,ERR,ERR,ERR,ERR,ERR,ERR,ERR,ERR,ERR,ERR,ERR,ERR,ERR,ERR,ERR,ERR,ERR,ERR,ERR,ERR,ERR,ERR,ERR,ERR,ERR,ERR,ERR,ERR,ERR,ERR,ERR,ERR,ERR,ERR,ERR,ERR,ERR,ERR,ERR,ERR,ERR,ERR,ERR,ERR,ERR,ERR,ERR,ERR,ERR,ERR,ERR,ERR,ERR,ERR,ERR,ERR,ERR,ERR,ERR,ERR,ERR,ERR,ERR,ERR,ERR,ERR,ERR,ERR,ERR,ERR,ERR,ERR,ERR,ERR,ERR,ERR,ERR,ERR,ERR,ERR,ERR,ERR,ERR,ERR,ERR,ERR,ERR,ERR,ERR,ERR,ERR,ERR,ERR,-0.0,2.718431101732002e+23,-0.0,-0.0,0.0,1.3936040501711995e+18,7.805,2.395,0,0,4,48938,6720,14723890282496.0,100,0.0,0.0,0.0,2.718290229135658e+23,0.0,0,0,0,0,0.0,0,0,0,0,0,0,0,0,0,0,0,0,0,0,0,0,0,0,0,0,0,0,0,0,0,0,0,0,0,0,0,0,0,26,51,50,76,65476,0,300,0,0,8,21553,0.0,-107605600.0,0.0,0.0,0.0,0.0,0.0,0.0,0.0,0.0,0.0,0.0,0.0,0.0,0.0,0.0,0.0,0.0,0.0,0.0,0.0,0.0,-2.004,-0.0,0.0,0.0,0.0,0.0,0.0,0.0,4783.0,2.004,7272.0,-0.0,2.718431101732002e+23,-0.0,-107615392.0,0.0,0.0,0.0,0.0,77,107615360.0,0.0,0.0,0.0,0.0,0.0,0.0,0.0,0.0,0,0,0,0.0,0.0,0.0,0.0,0.0,0.0,0.0,0.0,0.0,0.0,0.0,0.0,0.0,0.0,0.0,0.0,0,-107875648.0,77,0.0,154,0.0,-0.0,ERR,ERR,ERR,ERR,ERR,ERR,ERR,ERR,ERR,ERR,ERR,ERR,ERR,ERR,ERR,ERR,ERR,ERR,ERR,ERR,ERR,ERR,ERR,ERR,ERR,ERR,ERR,ERR,ERR,ERR,ERR,ERR,ERR,ERR,ERR,ERR,ERR,ERR,ERR,ERR,ERR,ERR,ERR,ERR,ERR,ERR,ERR,ERR,ERR,ERR,ERR,ERR,ERR,ERR,ERR,ERR,ERR,ERR,ERR,ERR,ERR,ERR,ERR,ERR,ERR,ERR,ERR,34.0,80.0,35,0.0,0.0,0.0,0.0,0.0,0.0,0.0,0.0,0.0,0.0,0.0,0.0,0.0,0.0,0.0,0.0,65.6,0,120,58,53,65476,0,300,0,0,8,20529,65476,0,0,57672,80.0,0.0,0.0,0.0,0.0,0.0
2026-06-18T02:30:25,ERR,ERR,ERR,ERR,ERR,ERR,ERR,ERR,ERR,ERR,ERR,ERR,ERR,ERR,ERR,ERR,ERR,ERR,ERR,ERR,ERR,ERR,ERR,ERR,ERR,ERR,ERR,ERR,ERR,ERR,ERR,ERR,ERR,ERR,ERR,ERR,ERR,ERR,ERR,ERR,ERR,ERR,ERR,ERR,ERR,ERR,ERR,ERR,ERR,ERR,ERR,ERR,ERR,ERR,ERR,ERR,ERR,ERR,ERR,ERR,ERR,ERR,ERR,ERR,ERR,ERR,ERR,ERR,ERR,ERR,ERR,ERR,ERR,ERR,ERR,ERR,ERR,ERR,ERR,ERR,ERR,ERR,ERR,ERR,ERR,ERR,ERR,ERR,ERR,ERR,ERR,ERR,ERR,ERR,ERR,ERR,ERR,ERR,ERR,ERR,ERR,ERR,ERR,ERR,ERR,ERR,ERR,ERR,ERR,ERR,ERR,ERR,ERR,ERR,ERR,ERR,ERR,ERR,ERR,ERR,ERR,ERR,ERR,ERR,ERR,-0.0,2.718431101732002e+23,-0.0,-0.0,0.0,1.3936040501711995e+18,7.805,2.395,0,0,4,48938,6720,14723890282496.0,100,0.0,0.0,0.0,2.718290229135658e+23,0.0,0,0,0,0,0.0,0,0,0,0,0,0,0,0,0,0,0,0,0,0,0,0,0,0,0,0,0,0,0,0,0,0,0,0,0,0,0,0,0,26,51,50,76,65476,0,300,0,0,8,21553,0.0,-107605600.0,0.0,0.0,0.0,0.0,0.0,0.0,0.0,0.0,0.0,0.0,0.0,0.0,0.0,0.0,0.0,0.0,0.0,0.0,0.0,0.0,-2.004,-0.0,0.0,0.0,0.0,0.0,0.0,0.0,4783.0,2.004,7272.0,-0.0,2.718431101732002e+23,-0.0,-107615392.0,0.0,0.0,0.0,0.0,77,107615360.0,0.0,0.0,0.0,0.0,0.0,0.0,0.0,0.0,0,0,0,0.0,0.0,0.0,0.0,0.0,0.0,0.0,0.0,0.0,0.0,0.0,0.0,0.0,0.0,0.0,0.0,0,-107875648.0,77,0.0,154,0.0,-0.0,ERR,ERR,ERR,ERR,ERR,ERR,ERR,ERR,ERR,ERR,ERR,ERR,ERR,ERR,ERR,ERR,ERR,ERR,ERR,ERR,ERR,ERR,ERR,ERR,ERR,ERR,ERR,ERR,ERR,ERR,ERR,ERR,ERR,ERR,ERR,ERR,ERR,ERR,ERR,ERR,ERR,ERR,ERR,ERR,ERR,ERR,ERR,ERR,ERR,ERR,ERR,ERR,ERR,ERR,ERR,ERR,ERR,ERR,ERR,ERR,ERR,ERR,ERR,ERR,ERR,ERR,ERR,34.0,80.0,35,0.0,0.0,0.0,0.0,0.0,0.0,0.0,0.0,0.0,0.0,0.0,0.0,0.0,0.0,0.0,0.0,66.0,0,120,58,53,65476,0,300,0,0,8,20529,65476,0,0,57672,80.0,0.0,0.0,0.0,0.0,0.0
2026-06-18T02:30:26,ERR,ERR,ERR,ERR,ERR,ERR,ERR,ERR,ERR,ERR,ERR,ERR,ERR,ERR,ERR,ERR,ERR,ERR,ERR,ERR,ERR,ERR,ERR,ERR,ERR,ERR,ERR,ERR,ERR,ERR,ERR,ERR,ERR,ERR,ERR,ERR,ERR,ERR,ERR,ERR,ERR,ERR,ERR,ERR,ERR,ERR,ERR,ERR,ERR,ERR,ERR,ERR,ERR,ERR,ERR,ERR,ERR,ERR,ERR,ERR,ERR,ERR,ERR,ERR,ERR,ERR,ERR,ERR,ERR,ERR,ERR,ERR,ERR,ERR,ERR,ERR,ERR,ERR,ERR,ERR,ERR,ERR,ERR,ERR,ERR,ERR,ERR,ERR,ERR,ERR,ERR,ERR,ERR,ERR,ERR,ERR,ERR,ERR,ERR,ERR,ERR,ERR,ERR,ERR,ERR,ERR,ERR,ERR,ERR,ERR,ERR,ERR,ERR,ERR,ERR,ERR,ERR,ERR,ERR,ERR,ERR,ERR,ERR,ERR,ERR,-0.0,2.718431101732002e+23,-0.0,-0.0,0.0,1.3936040501711995e+18,7.805,2.395,0,0,4,48938,6720,14723890282496.0,100,0.0,0.0,0.0,2.718290229135658e+23,0.0,0,0,0,0,0.0,0,0,0,0,0,0,0,0,0,0,0,0,0,0,0,0,0,0,0,0,0,0,0,0,0,0,0,0,0,0,0,0,0,26,51,50,76,65476,0,300,0,0,8,21553,0.0,-107605600.0,0.0,0.0,0.0,0.0,0.0,0.0,0.0,0.0,0.0,0.0,0.0,0.0,0.0,0.0,0.0,0.0,0.0,0.0,0.0,0.0,-2.004,-0.0,0.0,0.0,0.0,0.0,0.0,0.0,4783.0,2.004,7272.0,-0.0,2.718431101732002e+23,-0.0,-107615392.0,0.0,0.0,0.0,0.0,77,107615360.0,0.0,0.0,0.0,0.0,0.0,0.0,0.0,0.0,0,0,0,0.0,0.0,0.0,0.0,0.0,0.0,0.0,0.0,0.0,0.0,0.0,0.0,0.0,0.0,0.0,0.0,0,-107875648.0,77,0.0,154,0.0,-0.0,ERR,ERR,ERR,ERR,ERR,ERR,ERR,ERR,ERR,ERR,ERR,ERR,ERR,ERR,ERR,ERR,ERR,ERR,ERR,ERR,ERR,ERR,ERR,ERR,ERR,ERR,ERR,ERR,ERR,ERR,ERR,ERR,ERR,ERR,ERR,ERR,ERR,ERR,ERR,ERR,ERR,ERR,ERR,ERR,ERR,ERR,ERR,ERR,ERR,ERR,ERR,ERR,ERR,ERR,ERR,ERR,ERR,ERR,ERR,ERR,ERR,ERR,ERR,ERR,ERR,ERR,ERR,34.0,80.0,35,0.0,0.0,0.0,0.0,0.0,0.0,0.0,0.0,0.0,0.0,0.0,0.0,0.0,0.0,0.0,0.0,66.0,0,120,58,53,65476,0,300,0,0,8,20529,65476,0,0,57672,80.0,0.0,0.0,0.0,0.0,0.0
2026-06-18T02:30:27,ERR,ERR,ERR,ERR,ERR,ERR,ERR,ERR,ERR,ERR,ERR,ERR,ERR,ERR,ERR,ERR,ERR,ERR,ERR,ERR,ERR,ERR,ERR,ERR,ERR,ERR,ERR,ERR,ERR,ERR,ERR,ERR,ERR,ERR,ERR,ERR,ERR,ERR,ERR,ERR,ERR,ERR,ERR,ERR,ERR,ERR,ERR,ERR,ERR,ERR,ERR,ERR,ERR,ERR,ERR,ERR,ERR,ERR,ERR,ERR,ERR,ERR,ERR,ERR,ERR,ERR,ERR,ERR,ERR,ERR,ERR,ERR,ERR,ERR,ERR,ERR,ERR,ERR,ERR,ERR,ERR,ERR,ERR,ERR,ERR,ERR,ERR,ERR,ERR,ERR,ERR,ERR,ERR,ERR,ERR,ERR,ERR,ERR,ERR,ERR,ERR,ERR,ERR,ERR,ERR,ERR,ERR,ERR,ERR,ERR,ERR,ERR,ERR,ERR,ERR,ERR,ERR,ERR,ERR,ERR,ERR,ERR,ERR,ERR,ERR,-0.0,2.718431101732002e+23,-0.0,-0.0,0.0,1.3936040501711995e+18,7.805,2.395,0,0,4,48938,6720,14723890282496.0,100,0.0,0.0,0.0,2.718290229135658e+23,0.0,0,0,0,0,0.0,0,0,0,0,0,0,0,0,0,0,0,0,0,0,0,0,0,0,0,0,0,0,0,0,0,0,0,0,0,0,0,0,0,26,51,50,76,65476,0,300,0,0,8,21553,0.0,-107605600.0,0.0,0.0,0.0,0.0,0.0,0.0,0.0,0.0,0.0,0.0,0.0,0.0,0.0,0.0,0.0,0.0,0.0,0.0,0.0,0.0,-2.004,-0.0,0.0,0.0,0.0,0.0,0.0,0.0,4783.0,2.004,7272.0,-0.0,2.718431101732002e+23,-0.0,-107615392.0,0.0,0.0,0.0,0.0,77,107615360.0,0.0,0.0,0.0,0.0,0.0,0.0,0.0,0.0,0,0,0,0.0,0.0,0.0,0.0,0.0,0.0,0.0,0.0,0.0,0.0,0.0,0.0,0.0,0.0,0.0,0.0,0,-107875648.0,77,0.0,154,0.0,-0.0,ERR,ERR,ERR,ERR,ERR,ERR,ERR,ERR,ERR,ERR,ERR,ERR,ERR,ERR,ERR,ERR,ERR,ERR,ERR,ERR,ERR,ERR,ERR,ERR,ERR,ERR,ERR,ERR,ERR,ERR,ERR,ERR,ERR,ERR,ERR,ERR,ERR,ERR,ERR,ERR,ERR,ERR,ERR,ERR,ERR,ERR,ERR,ERR,ERR,ERR,ERR,ERR,ERR,ERR,ERR,ERR,ERR,ERR,ERR,ERR,ERR,ERR,ERR,ERR,ERR,ERR,ERR,34.0,80.0,35,0.0,0.0,0.0,0.0,0.0,0.0,0.0,0.0,0.0,0.0,0.0,0.0,0.0,0.0,0.0,0.0,66.4,0,120,58,53,65476,0,300,0,0,8,20529,65476,0,0,57672,80.0,0.0,0.0,0.0,0.0,0.0
2026-06-18T02:30:28,ERR,ERR,ERR,ERR,ERR,ERR,ERR,ERR,ERR,ERR,ERR,ERR,ERR,ERR,ERR,ERR,ERR,ERR,ERR,ERR,ERR,ERR,ERR,ERR,ERR,ERR,ERR,ERR,ERR,ERR,ERR,ERR,ERR,ERR,ERR,ERR,ERR,ERR,ERR,ERR,ERR,ERR,ERR,ERR,ERR,ERR,ERR,ERR,ERR,ERR,ERR,ERR,ERR,ERR,ERR,ERR,ERR,ERR,ERR,ERR,ERR,ERR,ERR,ERR,ERR,ERR,ERR,ERR,ERR,ERR,ERR,ERR,ERR,ERR,ERR,ERR,ERR,ERR,ERR,ERR,ERR,ERR,ERR,ERR,ERR,ERR,ERR,ERR,ERR,ERR,ERR,ERR,ERR,ERR,ERR,ERR,ERR,ERR,ERR,ERR,ERR,ERR,ERR,ERR,ERR,ERR,ERR,ERR,ERR,ERR,ERR,ERR,ERR,ERR,ERR,ERR,ERR,ERR,ERR,ERR,ERR,ERR,ERR,ERR,ERR,-0.0,2.718431101732002e+23,-0.0,-0.0,0.0,1.3936040501711995e+18,7.805,2.395,0,0,4,48938,6720,14723890282496.0,100,0.0,0.0,0.0,2.718290229135658e+23,0.0,0,0,0,0,0.0,0,0,0,0,0,0,0,0,0,0,0,0,0,0,0,0,0,0,0,0,0,0,0,0,0,0,0,0,0,0,0,0,0,26,51,50,76,65476,0,300,0,0,8,21553,0.0,-107605600.0,0.0,0.0,0.0,0.0,0.0,0.0,0.0,0.0,0.0,0.0,0.0,0.0,0.0,0.0,0.0,0.0,0.0,0.0,0.0,0.0,-2.004,-0.0,0.0,0.0,0.0,0.0,0.0,0.0,4783.0,2.004,7272.0,-0.0,2.718431101732002e+23,-0.0,-107615392.0,0.0,0.0,0.0,0.0,77,107615360.0,0.0,0.0,0.0,0.0,0.0,0.0,0.0,0.0,0,0,0,0.0,0.0,0.0,0.0,0.0,0.0,0.0,0.0,0.0,0.0,0.0,0.0,0.0,0.0,0.0,0.0,0,-107875648.0,77,0.0,154,0.0,-0.0,ERR,ERR,ERR,ERR,ERR,ERR,ERR,ERR,ERR,ERR,ERR,ERR,ERR,ERR,ERR,ERR,ERR,ERR,ERR,ERR,ERR,ERR,ERR,ERR,ERR,ERR,ERR,ERR,ERR,ERR,ERR,ERR,ERR,ERR,ERR,ERR,ERR,ERR,ERR,ERR,ERR,ERR,ERR,ERR,ERR,ERR,ERR,ERR,ERR,ERR,ERR,ERR,ERR,ERR,ERR,ERR,ERR,ERR,ERR,ERR,ERR,ERR,ERR,ERR,ERR,ERR,ERR,34.0,80.0,35,0.0,0.0,0.0,0.0,0.0,0.0,0.0,0.0,0.0,0.0,0.0,0.0,0.0,0.0,0.0,0.0,65.6,0,120,58,53,65476,0,300,0,0,8,20529,65476,0,0,57672,80.0,0.0,0.0,0.0,0.0,0.0
2026-06-18T02:30:29,ERR,ERR,ERR,ERR,ERR,ERR,ERR,ERR,ERR,ERR,ERR,ERR,ERR,ERR,ERR,ERR,ERR,ERR,ERR,ERR,ERR,ERR,ERR,ERR,ERR,ERR,ERR,ERR,ERR,ERR,ERR,ERR,ERR,ERR,ERR,ERR,ERR,ERR,ERR,ERR,ERR,ERR,ERR,ERR,ERR,ERR,ERR,ERR,ERR,ERR,ERR,ERR,ERR,ERR,ERR,ERR,ERR,ERR,ERR,ERR,ERR,ERR,ERR,ERR,ERR,ERR,ERR,ERR,ERR,ERR,ERR,ERR,ERR,ERR,ERR,ERR,ERR,ERR,ERR,ERR,ERR,ERR,ERR,ERR,ERR,ERR,ERR,ERR,ERR,ERR,ERR,ERR,ERR,ERR,ERR,ERR,ERR,ERR,ERR,ERR,ERR,ERR,ERR,ERR,ERR,ERR,ERR,ERR,ERR,ERR,ERR,ERR,ERR,ERR,ERR,ERR,ERR,ERR,ERR,ERR,ERR,ERR,ERR,ERR,ERR,-0.0,2.718431101732002e+23,-0.0,-152005385388032.0,-0.0,1.3936040501711995e+18,7.805,-2306705457152.0,0,0,4,48903,6720,14723890282496.0,100,0.0,0.0,0.0,-152005385388032.0,0.0,0,0,0,0,0.0,0,0,0,0,0,0,0,0,0,0,0,0,0,0,0,0,0,0,0,0,0,0,0,0,0,0,0,0,0,0,0,0,0,26,51,50,76,65476,0,300,0,0,8,21553,0.0,-107605600.0,0.0,0.0,0.0,0.0,0.0,0.0,0.0,0.0,0.0,0.0,0.0,0.0,0.0,0.0,0.0,0.0,0.0,0.0,0.0,0.0,0.0,-0.0,0.0,0.0,0.0,0.0,0.0,0.0,4782.0,0.0,7271.0,-0.0,2.718431101732002e+23,-107615360.0,-107615392.0,0.0,0.0,0.0,0.0,77,89221.125,0.0,0.0,0.0,0.0,0.0,0.0,0.0,0.0,0,0,0,0.0,0.0,0.0,0.0,0.0,0.0,0.0,0.0,0.0,0.0,0.0,0.0,0.0,0.0,0.0,0.0,0,-107875648.0,77,0.0,154,0.0,0.0,ERR,ERR,ERR,ERR,ERR,ERR,ERR,ERR,ERR,ERR,ERR,ERR,ERR,ERR,ERR,ERR,ERR,ERR,ERR,ERR,ERR,ERR,ERR,ERR,ERR,ERR,ERR,ERR,ERR,ERR,ERR,ERR,ERR,ERR,ERR,ERR,ERR,ERR,ERR,ERR,ERR,ERR,ERR,ERR,ERR,ERR,ERR,ERR,ERR,ERR,ERR,ERR,ERR,ERR,ERR,ERR,ERR,ERR,ERR,ERR,ERR,ERR,ERR,ERR,ERR,ERR,ERR,34.0,80.0,35,0.0,0.0,0.0,0.0,0.0,0.0,0.0,0.0,0.0,0.0,0.0,0.0,0.0,0.0,0.0,0.0,65.6,0,120,58,53,65476,0,300,0,0,8,20529,65476,0,0,57672,80.0,0.0,0.0,0.0,0.0,0.0
2026-06-18T02:30:30,ERR,ERR,ERR,ERR,ERR,ERR,ERR,ERR,ERR,ERR,ERR,ERR,ERR,ERR,ERR,ERR,ERR,ERR,ERR,ERR,ERR,ERR,ERR,ERR,ERR,ERR,ERR,ERR,ERR,ERR,ERR,ERR,ERR,ERR,ERR,ERR,ERR,ERR,ERR,ERR,ERR,ERR,ERR,ERR,ERR,ERR,ERR,ERR,ERR,ERR,ERR,ERR,ERR,ERR,ERR,ERR,ERR,ERR,ERR,ERR,ERR,ERR,ERR,ERR,ERR,ERR,ERR,ERR,ERR,ERR,ERR,ERR,ERR,ERR,ERR,ERR,ERR,ERR,ERR,ERR,ERR,ERR,ERR,ERR,ERR,ERR,ERR,ERR,ERR,ERR,ERR,ERR,ERR,ERR,ERR,ERR,ERR,ERR,ERR,ERR,ERR,ERR,ERR,ERR,ERR,ERR,ERR,ERR,ERR,ERR,ERR,ERR,ERR,ERR,ERR,ERR,ERR,ERR,ERR,ERR,ERR,ERR,ERR,ERR,ERR,-0.0,2.718431101732002e+23,-0.0,-152005385388032.0,-0.0,1.3936040501711995e+18,7.805,-2306705457152.0,0,0,4,48903,6720,14723890282496.0,100,0.0,0.0,0.0,-152005385388032.0,0.0,0,0,0,0,0.0,0,0,0,0,0,0,0,0,0,0,0,0,0,0,0,0,0,0,0,0,0,0,0,0,0,0,0,0,0,0,0,0,0,26,51,50,76,65476,0,300,0,0,8,21553,0.0,-107605600.0,0.0,0.0,0.0,0.0,0.0,0.0,0.0,0.0,0.0,0.0,0.0,0.0,0.0,0.0,0.0,0.0,0.0,0.0,0.0,0.0,0.0,-0.0,0.0,0.0,0.0,0.0,0.0,0.0,4782.0,0.0,7271.0,-0.0,2.718431101732002e+23,-107615360.0,-107615392.0,0.0,0.0,0.0,0.0,77,89221.125,0.0,0.0,0.0,0.0,0.0,0.0,0.0,0.0,0,0,0,0.0,0.0,0.0,0.0,0.0,0.0,0.0,0.0,0.0,0.0,0.0,0.0,0.0,0.0,0.0,0.0,0,-107875648.0,77,0.0,154,0.0,0.0,ERR,ERR,ERR,ERR,ERR,ERR,ERR,ERR,ERR,ERR,ERR,ERR,ERR,ERR,ERR,ERR,ERR,ERR,ERR,ERR,ERR,ERR,ERR,ERR,ERR,ERR,ERR,ERR,ERR,ERR,ERR,ERR,ERR,ERR,ERR,ERR,ERR,ERR,ERR,ERR,ERR,ERR,ERR,ERR,ERR,ERR,ERR,ERR,ERR,ERR,ERR,ERR,ERR,ERR,ERR,ERR,ERR,ERR,ERR,ERR,ERR,ERR,ERR,ERR,ERR,ERR,ERR,34.0,80.0,35,0.0,0.0,0.0,0.0,0.0,0.0,0.0,0.0,0.0,0.0,0.0,0.0,0.0,0.0,0.0,0.0,65.6,0,120,58,53,65476,0,300,0,0,8,20529,65476,0,0,57672,80.0,0.0,0.0,0.0,0.0,0.0
2026-06-18T02:30:31,ERR,ERR,ERR,ERR,ERR,ERR,ERR,ERR,ERR,ERR,ERR,ERR,ERR,ERR,ERR,ERR,ERR,ERR,ERR,ERR,ERR,ERR,ERR,ERR,ERR,ERR,ERR,ERR,ERR,ERR,ERR,ERR,ERR,ERR,ERR,ERR,ERR,ERR,ERR,ERR,ERR,ERR,ERR,ERR,ERR,ERR,ERR,ERR,ERR,ERR,ERR,ERR,ERR,ERR,ERR,ERR,ERR,ERR,ERR,ERR,ERR,ERR,ERR,ERR,ERR,ERR,ERR,ERR,ERR,ERR,ERR,ERR,ERR,ERR,ERR,ERR,ERR,ERR,ERR,ERR,ERR,ERR,ERR,ERR,ERR,ERR,ERR,ERR,ERR,ERR,ERR,ERR,ERR,ERR,ERR,ERR,ERR,ERR,ERR,ERR,ERR,ERR,ERR,ERR,ERR,ERR,ERR,ERR,ERR,ERR,ERR,ERR,ERR,ERR,ERR,ERR,ERR,ERR,ERR,ERR,ERR,ERR,ERR,ERR,ERR,-0.0,2.718431101732002e+23,-0.0,-152005385388032.0,-0.0,1.3936040501711995e+18,7.805,-2306705457152.0,0,0,4,48903,6720,14723890282496.0,100,0.0,0.0,0.0,-152005385388032.0,0.0,0,0,0,0,0.0,0,0,0,0,0,0,0,0,0,0,0,0,0,0,0,0,0,0,0,0,0,0,0,0,0,0,0,0,0,0,0,0,0,26,51,50,76,65476,0,300,0,0,8,21553,0.0,-107605600.0,0.0,0.0,0.0,0.0,0.0,0.0,0.0,0.0,0.0,0.0,0.0,0.0,0.0,0.0,0.0,0.0,0.0,0.0,0.0,0.0,0.0,-0.0,0.0,0.0,0.0,0.0,0.0,0.0,4782.0,0.0,7271.0,-0.0,2.718431101732002e+23,-107615360.0,-107615392.0,0.0,0.0,0.0,0.0,77,89221.125,0.0,0.0,0.0,0.0,0.0,0.0,0.0,0.0,0,0,0,0.0,0.0,0.0,0.0,0.0,0.0,0.0,0.0,0.0,0.0,0.0,0.0,0.0,0.0,0.0,0.0,0,-107875648.0,77,0.0,154,0.0,0.0,ERR,ERR,ERR,ERR,ERR,ERR,ERR,ERR,ERR,ERR,ERR,ERR,ERR,ERR,ERR,ERR,ERR,ERR,ERR,ERR,ERR,ERR,ERR,ERR,ERR,ERR,ERR,ERR,ERR,ERR,ERR,ERR,ERR,ERR,ERR,ERR,ERR,ERR,ERR,ERR,ERR,ERR,ERR,ERR,ERR,ERR,ERR,ERR,ERR,ERR,ERR,ERR,ERR,ERR,ERR,ERR,ERR,ERR,ERR,ERR,ERR,ERR,ERR,ERR,ERR,ERR,ERR,34.0,80.0,35,0.0,0.0,0.0,0.0,0.0,0.0,0.0,0.0,0.0,0.0,0.0,0.0,0.0,0.0,0.0,0.0,65.6,0,120,58,53,65476,0,300,0,0,8,20529,65476,0,0,57672,80.0,0.0,0.0,0.0,0.0,0.0
2026-06-18T02:30:32,ERR,ERR,ERR,ERR,ERR,ERR,ERR,ERR,ERR,ERR,ERR,ERR,ERR,ERR,ERR,ERR,ERR,ERR,ERR,ERR,ERR,ERR,ERR,ERR,ERR,ERR,ERR,ERR,ERR,ERR,ERR,ERR,ERR,ERR,ERR,ERR,ERR,ERR,ERR,ERR,ERR,ERR,ERR,ERR,ERR,ERR,ERR,ERR,ERR,ERR,ERR,ERR,ERR,ERR,ERR,ERR,ERR,ERR,ERR,ERR,ERR,ERR,ERR,ERR,ERR,ERR,ERR,ERR,ERR,ERR,ERR,ERR,ERR,ERR,ERR,ERR,ERR,ERR,ERR,ERR,ERR,ERR,ERR,ERR,ERR,ERR,ERR,ERR,ERR,ERR,ERR,ERR,ERR,ERR,ERR,ERR,ERR,ERR,ERR,ERR,ERR,ERR,ERR,ERR,ERR,ERR,ERR,ERR,ERR,ERR,ERR,ERR,ERR,ERR,ERR,ERR,ERR,ERR,ERR,ERR,ERR,ERR,ERR,ERR,ERR,-0.0,2.718431101732002e+23,-0.0,-152005385388032.0,-0.0,1.3936040501711995e+18,7.805,-2306705457152.0,0,0,4,48903,6720,14723890282496.0,100,0.0,0.0,0.0,-152005385388032.0,0.0,0,0,0,0,0.0,0,0,0,0,0,0,0,0,0,0,0,0,0,0,0,0,0,0,0,0,0,0,0,0,0,0,0,0,0,0,0,0,0,26,51,50,76,65476,0,300,0,0,8,21553,0.0,-107605600.0,0.0,0.0,0.0,0.0,0.0,0.0,0.0,0.0,0.0,0.0,0.0,0.0,0.0,0.0,0.0,0.0,0.0,0.0,0.0,0.0,0.0,-0.0,0.0,0.0,0.0,0.0,0.0,0.0,4782.0,0.0,7271.0,-0.0,2.718431101732002e+23,-107615360.0,-107615392.0,0.0,0.0,0.0,0.0,77,89221.125,0.0,0.0,0.0,0.0,0.0,0.0,0.0,0.0,0,0,0,0.0,0.0,0.0,0.0,0.0,0.0,0.0,0.0,0.0,0.0,0.0,0.0,0.0,0.0,0.0,0.0,0,-107875648.0,77,0.0,154,0.0,0.0,ERR,ERR,ERR,ERR,ERR,ERR,ERR,ERR,ERR,ERR,ERR,ERR,ERR,ERR,ERR,ERR,ERR,ERR,ERR,ERR,ERR,ERR,ERR,ERR,ERR,ERR,ERR,ERR,ERR,ERR,ERR,ERR,ERR,ERR,ERR,ERR,ERR,ERR,ERR,ERR,ERR,ERR,ERR,ERR,ERR,ERR,ERR,ERR,ERR,ERR,ERR,ERR,ERR,ERR,ERR,ERR,ERR,ERR,ERR,ERR,ERR,ERR,ERR,ERR,ERR,ERR,ERR,34.0,80.0,35,0.0,0.0,0.0,0.0,0.0,0.0,0.0,0.0,0.0,0.0,0.0,0.0,0.0,0.0,0.0,0.0,66.4,0,120,58,53,65476,0,300,0,0,8,20529,65476,0,0,57672,80.0,0.0,0.0,0.0,0.0,0.0
2026-06-18T02:30:33,ERR,ERR,ERR,ERR,ERR,ERR,ERR,ERR,ERR,ERR,ERR,ERR,ERR,ERR,ERR,ERR,ERR,ERR,ERR,ERR,ERR,ERR,ERR,ERR,ERR,ERR,ERR,ERR,ERR,ERR,ERR,ERR,ERR,ERR,ERR,ERR,ERR,ERR,ERR,ERR,ERR,ERR,ERR,ERR,ERR,ERR,ERR,ERR,ERR,ERR,ERR,ERR,ERR,ERR,ERR,ERR,ERR,ERR,ERR,ERR,ERR,ERR,ERR,ERR,ERR,ERR,ERR,ERR,ERR,ERR,ERR,ERR,ERR,ERR,ERR,ERR,ERR,ERR,ERR,ERR,ERR,ERR,ERR,ERR,ERR,ERR,ERR,ERR,ERR,ERR,ERR,ERR,ERR,ERR,ERR,ERR,ERR,ERR,ERR,ERR,ERR,ERR,ERR,ERR,ERR,ERR,ERR,ERR,ERR,ERR,ERR,ERR,ERR,ERR,ERR,ERR,ERR,ERR,ERR,ERR,ERR,ERR,ERR,ERR,ERR,-0.0,2.718431101732002e+23,-0.0,-152005385388032.0,-0.0,1.3936040501711995e+18,7.805,-2306705457152.0,0,0,4,48903,6720,14723890282496.0,100,0.0,0.0,0.0,-152005385388032.0,0.0,0,0,0,0,0.0,0,0,0,0,0,0,0,0,0,0,0,0,0,0,0,0,0,0,0,0,0,0,0,0,0,0,0,0,0,0,0,0,0,26,51,50,76,65476,0,300,0,0,8,21553,0.0,-107605600.0,0.0,0.0,0.0,0.0,0.0,0.0,0.0,0.0,0.0,0.0,0.0,0.0,0.0,0.0,0.0,0.0,0.0,0.0,0.0,0.0,0.0,-0.0,0.0,0.0,0.0,0.0,0.0,0.0,4782.0,0.0,7271.0,-0.0,2.718431101732002e+23,-107615360.0,-107615392.0,0.0,0.0,0.0,0.0,77,89221.125,0.0,0.0,0.0,0.0,0.0,0.0,0.0,0.0,0,0,0,0.0,0.0,0.0,0.0,0.0,0.0,0.0,0.0,0.0,0.0,0.0,0.0,0.0,0.0,0.0,0.0,0,-107875648.0,77,0.0,154,0.0,0.0,ERR,ERR,ERR,ERR,ERR,ERR,ERR,ERR,ERR,ERR,ERR,ERR,ERR,ERR,ERR,ERR,ERR,ERR,ERR,ERR,ERR,ERR,ERR,ERR,ERR,ERR,ERR,ERR,ERR,ERR,ERR,ERR,ERR,ERR,ERR,ERR,ERR,ERR,ERR,ERR,ERR,ERR,ERR,ERR,ERR,ERR,ERR,ERR,ERR,ERR,ERR,ERR,ERR,ERR,ERR,ERR,ERR,ERR,ERR,ERR,ERR,ERR,ERR,ERR,ERR,ERR,ERR,34.0,80.0,35,0.0,0.0,0.0,0.0,0.0,0.0,0.0,0.0,0.0,0.0,0.0,0.0,0.0,0.0,0.0,0.0,66.4,0,120,58,53,65476,0,300,0,0,8,20529,65476,0,0,57672,80.0,0.0,0.0,0.0,0.0,0.0
2026-06-18T02:30:34,ERR,ERR,ERR,ERR,ERR,ERR,ERR,ERR,ERR,ERR,ERR,ERR,ERR,ERR,ERR,ERR,ERR,ERR,ERR,ERR,ERR,ERR,ERR,ERR,ERR,ERR,ERR,ERR,ERR,ERR,ERR,ERR,ERR,ERR,ERR,ERR,ERR,ERR,ERR,ERR,ERR,ERR,ERR,ERR,ERR,ERR,ERR,ERR,ERR,ERR,ERR,ERR,ERR,ERR,ERR,ERR,ERR,ERR,ERR,ERR,ERR,ERR,ERR,ERR,ERR,ERR,ERR,ERR,ERR,ERR,ERR,ERR,ERR,ERR,ERR,ERR,ERR,ERR,ERR,ERR,ERR,ERR,ERR,ERR,ERR,ERR,ERR,ERR,ERR,ERR,ERR,ERR,ERR,ERR,ERR,ERR,ERR,ERR,ERR,ERR,ERR,ERR,ERR,ERR,ERR,ERR,ERR,ERR,ERR,ERR,ERR,ERR,ERR,ERR,ERR,ERR,ERR,ERR,ERR,ERR,ERR,ERR,ERR,ERR,ERR,-0.0,2.718431101732002e+23,-0.0,-152005385388032.0,-0.0,1.3936040501711995e+18,7.805,-2306705457152.0,0,0,4,48903,6720,14723890282496.0,100,0.0,0.0,0.0,-152005385388032.0,0.0,0,0,0,0,0.0,0,0,0,0,0,0,0,0,0,0,0,0,0,0,0,0,0,0,0,0,0,0,0,0,0,0,0,0,0,0,0,0,0,26,51,50,76,65476,0,300,0,0,8,21553,0.0,-107605600.0,0.0,0.0,0.0,0.0,0.0,0.0,0.0,0.0,0.0,0.0,0.0,0.0,0.0,0.0,0.0,0.0,0.0,0.0,0.0,0.0,0.0,-0.0,0.0,0.0,0.0,0.0,0.0,0.0,4782.0,0.0,7271.0,-0.0,2.718431101732002e+23,-107615360.0,-107615392.0,0.0,0.0,0.0,0.0,77,89221.125,0.0,0.0,0.0,0.0,0.0,0.0,0.0,0.0,0,0,0,0.0,0.0,0.0,0.0,0.0,0.0,0.0,0.0,0.0,0.0,0.0,0.0,0.0,0.0,0.0,0.0,0,-107875648.0,77,0.0,154,0.0,0.0,ERR,ERR,ERR,ERR,ERR,ERR,ERR,ERR,ERR,ERR,ERR,ERR,ERR,ERR,ERR,ERR,ERR,ERR,ERR,ERR,ERR,ERR,ERR,ERR,ERR,ERR,ERR,ERR,ERR,ERR,ERR,ERR,ERR,ERR,ERR,ERR,ERR,ERR,ERR,ERR,ERR,ERR,ERR,ERR,ERR,ERR,ERR,ERR,ERR,ERR,ERR,ERR,ERR,ERR,ERR,ERR,ERR,ERR,ERR,ERR,ERR,ERR,ERR,ERR,ERR,ERR,ERR,34.0,80.0,35,0.0,0.0,0.0,0.0,0.0,0.0,0.0,0.0,0.0,0.0,0.0,0.0,0.0,0.0,0.0,0.0,65.6,0,120,58,53,65476,0,300,0,0,8,20529,65476,0,0,57672,80.0,0.0,0.0,0.0,0.0,0.0
2026-06-18T02:30:35,ERR,ERR,ERR,ERR,ERR,ERR,ERR,ERR,ERR,ERR,ERR,ERR,ERR,ERR,ERR,ERR,ERR,ERR,ERR,ERR,ERR,ERR,ERR,ERR,ERR,ERR,ERR,ERR,ERR,ERR,ERR,ERR,ERR,ERR,ERR,ERR,ERR,ERR,ERR,ERR,ERR,ERR,ERR,ERR,ERR,ERR,ERR,ERR,ERR,ERR,ERR,ERR,ERR,ERR,ERR,ERR,ERR,ERR,ERR,ERR,ERR,ERR,ERR,ERR,ERR,ERR,ERR,ERR,ERR,ERR,ERR,ERR,ERR,ERR,ERR,ERR,ERR,ERR,ERR,ERR,ERR,ERR,ERR,ERR,ERR,ERR,ERR,ERR,ERR,ERR,ERR,ERR,ERR,ERR,ERR,ERR,ERR,ERR,ERR,ERR,ERR,ERR,ERR,ERR,ERR,ERR,ERR,ERR,ERR,ERR,ERR,ERR,ERR,ERR,ERR,ERR,ERR,ERR,ERR,ERR,ERR,ERR,ERR,ERR,ERR,2.7184312818759872e+23,0.0,-0.0,-0.0,nan,1.3936040501711995e+18,7.805,1.182,0,0,4,48902,6720,14723890282496.0,100,0.0,0.0,0.0,-0.0,0.0,0,0,0,0,0.0,0,0,0,0,0,0,0,0,0,0,0,0,0,0,0,0,0,0,0,0,0,0,0,0,0,0,0,0,0,0,0,0,0,26,51,50,76,65476,0,300,0,0,8,21553,0.0,-107605600.0,0.0,0.0,0.0,0.0,0.0,0.0,0.0,0.0,0.0,0.0,0.0,0.0,0.0,0.0,0.0,0.0,0.0,0.0,0.0,0.0,-2.004,-0.0,0.0,0.0,0.0,0.0,0.0,0.0,4784.0,0.0,7268.0,2.7184312818759872e+23,0.0,-107615360.0,-107615392.0,0.0,0.0,0.0,0.0,77,126841126912.0,-2.308826292123106e+20,0.0,0.0,0.0,0.0,0.0,0.0,0.0,0,0,0,0.0,0.0,0.0,0.0,0.0,0.0,0.0,0.0,0.0,0.0,0.0,0.0,0.0,0.0,0.0,0.0,0,-107875648.0,77,0.0,154,0.0,0.0,ERR,ERR,ERR,ERR,ERR,ERR,ERR,ERR,ERR,ERR,ERR,ERR,ERR,ERR,ERR,ERR,ERR,ERR,ERR,ERR,ERR,ERR,ERR,ERR,ERR,ERR,ERR,ERR,ERR,ERR,ERR,ERR,ERR,ERR,ERR,ERR,ERR,ERR,ERR,ERR,ERR,ERR,ERR,ERR,ERR,ERR,ERR,ERR,ERR,ERR,ERR,ERR,ERR,ERR,ERR,ERR,ERR,ERR,ERR,ERR,ERR,ERR,ERR,ERR,ERR,ERR,ERR,34.0,80.0,35,0.0,0.0,0.0,0.0,0.0,0.0,0.0,0.0,0.0,0.0,0.0,0.0,0.0,0.0,0.0,0.0,65.6,0,120,58,53,65476,0,300,0,0,8,20529,65476,0,0,57672,80.0,0.0,0.0,0.0,0.0,0.0
2026-06-18T02:30:36,ERR,ERR,ERR,ERR,ERR,ERR,ERR,ERR,ERR,ERR,ERR,ERR,ERR,ERR,ERR,ERR,ERR,ERR,ERR,ERR,ERR,ERR,ERR,ERR,ERR,ERR,ERR,ERR,ERR,ERR,ERR,ERR,ERR,ERR,ERR,ERR,ERR,ERR,ERR,ERR,ERR,ERR,ERR,ERR,ERR,ERR,ERR,ERR,ERR,ERR,ERR,ERR,ERR,ERR,ERR,ERR,ERR,ERR,ERR,ERR,ERR,ERR,ERR,ERR,ERR,ERR,ERR,ERR,ERR,ERR,ERR,ERR,ERR,ERR,ERR,ERR,ERR,ERR,ERR,ERR,ERR,ERR,ERR,ERR,ERR,ERR,ERR,ERR,ERR,ERR,ERR,ERR,ERR,ERR,ERR,ERR,ERR,ERR,ERR,ERR,ERR,ERR,ERR,ERR,ERR,ERR,ERR,ERR,ERR,ERR,ERR,ERR,ERR,ERR,ERR,ERR,ERR,ERR,ERR,ERR,ERR,ERR,ERR,ERR,ERR,2.7184312818759872e+23,0.0,-0.0,-0.0,nan,1.3936040501711995e+18,7.805,1.182,0,0,4,48902,6720,14723890282496.0,100,0.0,0.0,0.0,-0.0,0.0,0,0,0,0,0.0,0,0,0,0,0,0,0,0,0,0,0,0,0,0,0,0,0,0,0,0,0,0,0,0,0,0,0,0,0,0,0,0,0,26,51,50,76,65476,0,300,0,0,8,21553,0.0,-107605600.0,0.0,0.0,0.0,0.0,0.0,0.0,0.0,0.0,0.0,0.0,0.0,0.0,0.0,0.0,0.0,0.0,0.0,0.0,0.0,0.0,-2.004,-0.0,0.0,0.0,0.0,0.0,0.0,0.0,4784.0,0.0,7268.0,2.7184312818759872e+23,0.0,-107615360.0,-107615392.0,0.0,0.0,0.0,0.0,77,126841126912.0,-2.308826292123106e+20,0.0,0.0,0.0,0.0,0.0,0.0,0.0,0,0,0,0.0,0.0,0.0,0.0,0.0,0.0,0.0,0.0,0.0,0.0,0.0,0.0,0.0,0.0,0.0,0.0,0,-107875648.0,77,0.0,154,0.0,0.0,ERR,ERR,ERR,ERR,ERR,ERR,ERR,ERR,ERR,ERR,ERR,ERR,ERR,ERR,ERR,ERR,ERR,ERR,ERR,ERR,ERR,ERR,ERR,ERR,ERR,ERR,ERR,ERR,ERR,ERR,ERR,ERR,ERR,ERR,ERR,ERR,ERR,ERR,ERR,ERR,ERR,ERR,ERR,ERR,ERR,ERR,ERR,ERR,ERR,ERR,ERR,ERR,ERR,ERR,ERR,ERR,ERR,ERR,ERR,ERR,ERR,ERR,ERR,ERR,ERR,ERR,ERR,34.0,80.0,35,0.0,0.0,0.0,0.0,0.0,0.0,0.0,0.0,0.0,0.0,0.0,0.0,0.0,0.0,0.0,0.0,66.4,0,120,58,53,65476,0,300,0,0,8,20529,65476,0,0,57672,80.0,0.0,0.0,0.0,0.0,0.0
2026-06-18T02:30:37,ERR,ERR,ERR,ERR,ERR,ERR,ERR,ERR,ERR,ERR,ERR,ERR,ERR,ERR,ERR,ERR,ERR,ERR,ERR,ERR,ERR,ERR,ERR,ERR,ERR,ERR,ERR,ERR,ERR,ERR,ERR,ERR,ERR,ERR,ERR,ERR,ERR,ERR,ERR,ERR,ERR,ERR,ERR,ERR,ERR,ERR,ERR,ERR,ERR,ERR,ERR,ERR,ERR,ERR,ERR,ERR,ERR,ERR,ERR,ERR,ERR,ERR,ERR,ERR,ERR,ERR,ERR,ERR,ERR,ERR,ERR,ERR,ERR,ERR,ERR,ERR,ERR,ERR,ERR,ERR,ERR,ERR,ERR,ERR,ERR,ERR,ERR,ERR,ERR,ERR,ERR,ERR,ERR,ERR,ERR,ERR,ERR,ERR,ERR,ERR,ERR,ERR,ERR,ERR,ERR,ERR,ERR,ERR,ERR,ERR,ERR,ERR,ERR,ERR,ERR,ERR,ERR,ERR,ERR,ERR,ERR,ERR,ERR,ERR,ERR,2.7184312818759872e+23,0.0,-0.0,-0.0,nan,1.3936040501711995e+18,7.805,1.182,0,0,4,48902,6720,14723890282496.0,100,0.0,0.0,0.0,-0.0,0.0,0,0,0,0,0.0,0,0,0,0,0,0,0,0,0,0,0,0,0,0,0,0,0,0,0,0,0,0,0,0,0,0,0,0,0,0,0,0,0,26,51,50,76,65476,0,300,0,0,8,21553,0.0,-107605600.0,0.0,0.0,0.0,0.0,0.0,0.0,0.0,0.0,0.0,0.0,0.0,0.0,0.0,0.0,0.0,0.0,0.0,0.0,0.0,0.0,-2.004,-0.0,0.0,0.0,0.0,0.0,0.0,0.0,4784.0,0.0,7268.0,2.7184312818759872e+23,0.0,-107615360.0,-107615392.0,0.0,0.0,0.0,0.0,77,126841126912.0,-2.308826292123106e+20,0.0,0.0,0.0,0.0,0.0,0.0,0.0,0,0,0,0.0,0.0,0.0,0.0,0.0,0.0,0.0,0.0,0.0,0.0,0.0,0.0,0.0,0.0,0.0,0.0,0,-107875648.0,77,0.0,154,0.0,0.0,ERR,ERR,ERR,ERR,ERR,ERR,ERR,ERR,ERR,ERR,ERR,ERR,ERR,ERR,ERR,ERR,ERR,ERR,ERR,ERR,ERR,ERR,ERR,ERR,ERR,ERR,ERR,ERR,ERR,ERR,ERR,ERR,ERR,ERR,ERR,ERR,ERR,ERR,ERR,ERR,ERR,ERR,ERR,ERR,ERR,ERR,ERR,ERR,ERR,ERR,ERR,ERR,ERR,ERR,ERR,ERR,ERR,ERR,ERR,ERR,ERR,ERR,ERR,ERR,ERR,ERR,ERR,34.0,80.0,35,0.0,0.0,0.0,0.0,0.0,0.0,0.0,0.0,0.0,0.0,0.0,0.0,0.0,0.0,0.0,0.0,65.6,0,120,58,53,65476,0,300,0,0,8,20529,65476,0,0,57672,80.0,0.0,0.0,0.0,0.0,0.0
2026-06-18T02:30:38,ERR,ERR,ERR,ERR,ERR,ERR,ERR,ERR,ERR,ERR,ERR,ERR,ERR,ERR,ERR,ERR,ERR,ERR,ERR,ERR,ERR,ERR,ERR,ERR,ERR,ERR,ERR,ERR,ERR,ERR,ERR,ERR,ERR,ERR,ERR,ERR,ERR,ERR,ERR,ERR,ERR,ERR,ERR,ERR,ERR,ERR,ERR,ERR,ERR,ERR,ERR,ERR,ERR,ERR,ERR,ERR,ERR,ERR,ERR,ERR,ERR,ERR,ERR,ERR,ERR,ERR,ERR,ERR,ERR,ERR,ERR,ERR,ERR,ERR,ERR,ERR,ERR,ERR,ERR,ERR,ERR,ERR,ERR,ERR,ERR,ERR,ERR,ERR,ERR,ERR,ERR,ERR,ERR,ERR,ERR,ERR,ERR,ERR,ERR,ERR,ERR,ERR,ERR,ERR,ERR,ERR,ERR,ERR,ERR,ERR,ERR,ERR,ERR,ERR,ERR,ERR,ERR,ERR,ERR,ERR,ERR,ERR,ERR,ERR,ERR,2.7184312818759872e+23,0.0,-0.0,-0.0,nan,1.3936040501711995e+18,7.805,1.182,0,0,4,48902,6720,14723890282496.0,100,0.0,0.0,0.0,-0.0,0.0,0,0,0,0,0.0,0,0,0,0,0,0,0,0,0,0,0,0,0,0,0,0,0,0,0,0,0,0,0,0,0,0,0,0,0,0,0,0,0,26,51,50,76,65476,0,300,0,0,8,21553,0.0,-107605600.0,0.0,0.0,0.0,0.0,0.0,0.0,0.0,0.0,0.0,0.0,0.0,0.0,0.0,0.0,0.0,0.0,0.0,0.0,0.0,0.0,-2.004,-0.0,0.0,0.0,0.0,0.0,0.0,0.0,4784.0,0.0,7268.0,2.7184312818759872e+23,0.0,-107615360.0,-107615392.0,0.0,0.0,0.0,0.0,77,126841126912.0,-2.308826292123106e+20,0.0,0.0,0.0,0.0,0.0,0.0,0.0,0,0,0,0.0,0.0,0.0,0.0,0.0,0.0,0.0,0.0,0.0,0.0,0.0,0.0,0.0,0.0,0.0,0.0,0,-107875648.0,77,0.0,154,0.0,0.0,ERR,ERR,ERR,ERR,ERR,ERR,ERR,ERR,ERR,ERR,ERR,ERR,ERR,ERR,ERR,ERR,ERR,ERR,ERR,ERR,ERR,ERR,ERR,ERR,ERR,ERR,ERR,ERR,ERR,ERR,ERR,ERR,ERR,ERR,ERR,ERR,ERR,ERR,ERR,ERR,ERR,ERR,ERR,ERR,ERR,ERR,ERR,ERR,ERR,ERR,ERR,ERR,ERR,ERR,ERR,ERR,ERR,ERR,ERR,ERR,ERR,ERR,ERR,ERR,ERR,ERR,ERR,34.0,80.0,35,0.0,0.0,0.0,0.0,0.0,0.0,0.0,0.0,0.0,0.0,0.0,0.0,0.0,0.0,0.0,0.0,65.6,0,120,58,53,65476,0,300,0,0,8,20529,65476,0,0,57672,80.0,0.0,0.0,0.0,0.0,0.0
2026-06-18T02:30:39,ERR,ERR,ERR,ERR,ERR,ERR,ERR,ERR,ERR,ERR,ERR,ERR,ERR,ERR,ERR,ERR,ERR,ERR,ERR,ERR,ERR,ERR,ERR,ERR,ERR,ERR,ERR,ERR,ERR,ERR,ERR,ERR,ERR,ERR,ERR,ERR,ERR,ERR,ERR,ERR,ERR,ERR,ERR,ERR,ERR,ERR,ERR,ERR,ERR,ERR,ERR,ERR,ERR,ERR,ERR,ERR,ERR,ERR,ERR,ERR,ERR,ERR,ERR,ERR,ERR,ERR,ERR,ERR,ERR,ERR,ERR,ERR,ERR,ERR,ERR,ERR,ERR,ERR,ERR,ERR,ERR,ERR,ERR,ERR,ERR,ERR,ERR,ERR,ERR,ERR,ERR,ERR,ERR,ERR,ERR,ERR,ERR,ERR,ERR,ERR,ERR,ERR,ERR,ERR,ERR,ERR,ERR,ERR,ERR,ERR,ERR,ERR,ERR,ERR,ERR,ERR,ERR,ERR,ERR,ERR,ERR,ERR,ERR,ERR,ERR,2.7184312818759872e+23,0.0,-0.0,-0.0,nan,1.3936040501711995e+18,7.805,1.182,0,0,4,48902,6720,14723890282496.0,100,0.0,0.0,0.0,-0.0,0.0,0,0,0,0,0.0,0,0,0,0,0,0,0,0,0,0,0,0,0,0,0,0,0,0,0,0,0,0,0,0,0,0,0,0,0,0,0,0,0,26,51,50,76,65476,0,300,0,0,8,21553,0.0,-107605600.0,0.0,0.0,0.0,0.0,0.0,0.0,0.0,0.0,0.0,0.0,0.0,0.0,0.0,0.0,0.0,0.0,0.0,0.0,0.0,0.0,-2.004,-0.0,0.0,0.0,0.0,0.0,0.0,0.0,4784.0,0.0,7268.0,2.7184312818759872e+23,0.0,-107615360.0,-107615392.0,0.0,0.0,0.0,0.0,77,126841126912.0,-2.308826292123106e+20,0.0,0.0,0.0,0.0,0.0,0.0,0.0,0,0,0,0.0,0.0,0.0,0.0,0.0,0.0,0.0,0.0,0.0,0.0,0.0,0.0,0.0,0.0,0.0,0.0,0,-107875648.0,77,0.0,154,0.0,0.0,ERR,ERR,ERR,ERR,ERR,ERR,ERR,ERR,ERR,ERR,ERR,ERR,ERR,ERR,ERR,ERR,ERR,ERR,ERR,ERR,ERR,ERR,ERR,ERR,ERR,ERR,ERR,ERR,ERR,ERR,ERR,ERR,ERR,ERR,ERR,ERR,ERR,ERR,ERR,ERR,ERR,ERR,ERR,ERR,ERR,ERR,ERR,ERR,ERR,ERR,ERR,ERR,ERR,ERR,ERR,ERR,ERR,ERR,ERR,ERR,ERR,ERR,ERR,ERR,ERR,ERR,ERR,34.0,80.0,35,0.0,0.0,0.0,0.0,0.0,0.0,0.0,0.0,0.0,0.0,0.0,0.0,0.0,0.0,0.0,0.0,65.6,0,120,58,53,65476,0,300,0,0,8,20529,65476,0,0,57672,80.0,0.0,0.0,0.0,0.0,0.0
2026-06-18T02:30:40,ERR,ERR,ERR,ERR,ERR,ERR,ERR,ERR,ERR,ERR,ERR,ERR,ERR,ERR,ERR,ERR,ERR,ERR,ERR,ERR,ERR,ERR,ERR,ERR,ERR,ERR,ERR,ERR,ERR,ERR,ERR,ERR,ERR,ERR,ERR,ERR,ERR,ERR,ERR,ERR,ERR,ERR,ERR,ERR,ERR,ERR,ERR,ERR,ERR,ERR,ERR,ERR,ERR,ERR,ERR,ERR,ERR,ERR,ERR,ERR,ERR,ERR,ERR,ERR,ERR,ERR,ERR,ERR,ERR,ERR,ERR,ERR,ERR,ERR,ERR,ERR,ERR,ERR,ERR,ERR,ERR,ERR,ERR,ERR,ERR,ERR,ERR,ERR,ERR,ERR,ERR,ERR,ERR,ERR,ERR,ERR,ERR,ERR,ERR,ERR,ERR,ERR,ERR,ERR,ERR,ERR,ERR,ERR,ERR,ERR,ERR,ERR,ERR,ERR,ERR,ERR,ERR,ERR,ERR,ERR,ERR,ERR,ERR,ERR,ERR,-0.0,0.0,0.0,-0.0,-0.0,1.3936040501711995e+18,7.805,2.3614597120116273e+25,0,0,4,48930,6720,14723890282496.0,100,0.0,0.0,0.0,0.059,0.0,0,0,0,0,0.0,0,0,0,0,0,0,0,0,0,0,0,0,0,0,0,0,0,0,0,0,0,0,0,0,0,0,0,0,0,0,0,0,0,26,51,50,76,65476,0,300,0,0,8,21553,0.0,-107605600.0,0.0,0.0,0.0,0.0,0.0,0.0,0.0,0.0,0.0,0.0,0.0,0.0,0.0,0.0,0.0,0.0,0.0,0.0,0.0,0.0,0.0,-0.0,0.0,0.0,0.0,0.0,0.0,0.0,4783.0,0.0,7271.0,-0.0,0.0,-107615360.0,-107615392.0,0.0,0.0,0.0,0.0,77,107615360.0,0.0,0.0,0.0,0.0,0.0,0.0,0.0,0.0,0,0,0,0.0,0.0,0.0,0.0,0.0,0.0,0.0,0.0,0.0,0.0,0.0,0.0,0.0,0.0,0.0,0.0,0,-107875648.0,77,0.0,154,0.0,-0.0,ERR,ERR,ERR,ERR,ERR,ERR,ERR,ERR,ERR,ERR,ERR,ERR,ERR,ERR,ERR,ERR,ERR,ERR,ERR,ERR,ERR,ERR,ERR,ERR,ERR,ERR,ERR,ERR,ERR,ERR,ERR,ERR,ERR,ERR,ERR,ERR,ERR,ERR,ERR,ERR,ERR,ERR,ERR,ERR,ERR,ERR,ERR,ERR,ERR,ERR,ERR,ERR,ERR,ERR,ERR,ERR,ERR,ERR,ERR,ERR,ERR,ERR,ERR,ERR,ERR,ERR,ERR,34.0,80.0,35,0.0,0.0,0.0,0.0,0.0,0.0,0.0,0.0,0.0,0.0,0.0,0.0,0.0,0.0,0.0,0.0,65.6,0,120,58,53,65476,0,300,0,0,8,20529,65476,0,0,57672,80.0,0.0,0.0,0.0,0.0,0.0
2026-06-18T02:30:41,ERR,ERR,ERR,ERR,ERR,ERR,ERR,ERR,ERR,ERR,ERR,ERR,ERR,ERR,ERR,ERR,ERR,ERR,ERR,ERR,ERR,ERR,ERR,ERR,ERR,ERR,ERR,ERR,ERR,ERR,ERR,ERR,ERR,ERR,ERR,ERR,ERR,ERR,ERR,ERR,ERR,ERR,ERR,ERR,ERR,ERR,ERR,ERR,ERR,ERR,ERR,ERR,ERR,ERR,ERR,ERR,ERR,ERR,ERR,ERR,ERR,ERR,ERR,ERR,ERR,ERR,ERR,ERR,ERR,ERR,ERR,ERR,ERR,ERR,ERR,ERR,ERR,ERR,ERR,ERR,ERR,ERR,ERR,ERR,ERR,ERR,ERR,ERR,ERR,ERR,ERR,ERR,ERR,ERR,ERR,ERR,ERR,ERR,ERR,ERR,ERR,ERR,ERR,ERR,ERR,ERR,ERR,ERR,ERR,ERR,ERR,ERR,ERR,ERR,ERR,ERR,ERR,ERR,ERR,ERR,ERR,ERR,ERR,ERR,ERR,-0.0,0.0,0.0,-0.0,-0.0,1.3936040501711995e+18,7.805,2.3614597120116273e+25,0,0,4,48930,6720,14723890282496.0,100,0.0,0.0,0.0,0.059,0.0,0,0,0,0,0.0,0,0,0,0,0,0,0,0,0,0,0,0,0,0,0,0,0,0,0,0,0,0,0,0,0,0,0,0,0,0,0,0,0,26,51,50,76,65476,0,300,0,0,8,21553,0.0,-107605600.0,0.0,0.0,0.0,0.0,0.0,0.0,0.0,0.0,0.0,0.0,0.0,0.0,0.0,0.0,0.0,0.0,0.0,0.0,0.0,0.0,0.0,-0.0,0.0,0.0,0.0,0.0,0.0,0.0,4783.0,0.0,7271.0,-0.0,0.0,-107615360.0,-107615392.0,0.0,0.0,0.0,0.0,77,107615360.0,0.0,0.0,0.0,0.0,0.0,0.0,0.0,0.0,0,0,0,0.0,0.0,0.0,0.0,0.0,0.0,0.0,0.0,0.0,0.0,0.0,0.0,0.0,0.0,0.0,0.0,0,-107875648.0,77,0.0,154,0.0,-0.0,ERR,ERR,ERR,ERR,ERR,ERR,ERR,ERR,ERR,ERR,ERR,ERR,ERR,ERR,ERR,ERR,ERR,ERR,ERR,ERR,ERR,ERR,ERR,ERR,ERR,ERR,ERR,ERR,ERR,ERR,ERR,ERR,ERR,ERR,ERR,ERR,ERR,ERR,ERR,ERR,ERR,ERR,ERR,ERR,ERR,ERR,ERR,ERR,ERR,ERR,ERR,ERR,ERR,ERR,ERR,ERR,ERR,ERR,ERR,ERR,ERR,ERR,ERR,ERR,ERR,ERR,ERR,34.0,80.0,35,0.0,0.0,0.0,0.0,0.0,0.0,0.0,0.0,0.0,0.0,0.0,0.0,0.0,0.0,0.0,0.0,66.4,0,120,58,53,65476,0,300,0,0,8,20529,65476,0,0,57672,80.0,0.0,0.0,0.0,0.0,0.0
2026-06-18T02:30:42,ERR,ERR,ERR,ERR,ERR,ERR,ERR,ERR,ERR,ERR,ERR,ERR,ERR,ERR,ERR,ERR,ERR,ERR,ERR,ERR,ERR,ERR,ERR,ERR,ERR,ERR,ERR,ERR,ERR,ERR,ERR,ERR,ERR,ERR,ERR,ERR,ERR,ERR,ERR,ERR,ERR,ERR,ERR,ERR,ERR,ERR,ERR,ERR,ERR,ERR,ERR,ERR,ERR,ERR,ERR,ERR,ERR,ERR,ERR,ERR,ERR,ERR,ERR,ERR,ERR,ERR,ERR,ERR,ERR,ERR,ERR,ERR,ERR,ERR,ERR,ERR,ERR,ERR,ERR,ERR,ERR,ERR,ERR,ERR,ERR,ERR,ERR,ERR,ERR,ERR,ERR,ERR,ERR,ERR,ERR,ERR,ERR,ERR,ERR,ERR,ERR,ERR,ERR,ERR,ERR,ERR,ERR,ERR,ERR,ERR,ERR,ERR,ERR,ERR,ERR,ERR,ERR,ERR,ERR,ERR,ERR,ERR,ERR,ERR,ERR,-0.0,0.0,0.0,-0.0,-0.0,1.3936040501711995e+18,7.805,2.3614597120116273e+25,0,0,4,48930,6720,14723890282496.0,100,0.0,0.0,0.0,0.059,0.0,0,0,0,0,0.0,0,0,0,0,0,0,0,0,0,0,0,0,0,0,0,0,0,0,0,0,0,0,0,0,0,0,0,0,0,0,0,0,0,26,51,50,76,65476,0,300,0,0,8,21553,0.0,-107605600.0,0.0,0.0,0.0,0.0,0.0,0.0,0.0,0.0,0.0,0.0,0.0,0.0,0.0,0.0,0.0,0.0,0.0,0.0,0.0,0.0,0.0,-0.0,0.0,0.0,0.0,0.0,0.0,0.0,4783.0,0.0,7271.0,-0.0,0.0,-107615360.0,-107615392.0,0.0,0.0,0.0,0.0,77,107615360.0,0.0,0.0,0.0,0.0,0.0,0.0,0.0,0.0,0,0,0,0.0,0.0,0.0,0.0,0.0,0.0,0.0,0.0,0.0,0.0,0.0,0.0,0.0,0.0,0.0,0.0,0,-107875648.0,77,0.0,154,0.0,-0.0,ERR,ERR,ERR,ERR,ERR,ERR,ERR,ERR,ERR,ERR,ERR,ERR,ERR,ERR,ERR,ERR,ERR,ERR,ERR,ERR,ERR,ERR,ERR,ERR,ERR,ERR,ERR,ERR,ERR,ERR,ERR,ERR,ERR,ERR,ERR,ERR,ERR,ERR,ERR,ERR,ERR,ERR,ERR,ERR,ERR,ERR,ERR,ERR,ERR,ERR,ERR,ERR,ERR,ERR,ERR,ERR,ERR,ERR,ERR,ERR,ERR,ERR,ERR,ERR,ERR,ERR,ERR,34.0,80.0,35,0.0,0.0,0.0,0.0,0.0,0.0,0.0,0.0,0.0,0.0,0.0,0.0,0.0,0.0,0.0,0.0,66.4,0,120,58,53,65476,0,300,0,0,8,20529,65476,0,0,57672,80.0,0.0,0.0,0.0,0.0,0.0
2026-06-18T02:30:43,ERR,ERR,ERR,ERR,ERR,ERR,ERR,ERR,ERR,ERR,ERR,ERR,ERR,ERR,ERR,ERR,ERR,ERR,ERR,ERR,ERR,ERR,ERR,ERR,ERR,ERR,ERR,ERR,ERR,ERR,ERR,ERR,ERR,ERR,ERR,ERR,ERR,ERR,ERR,ERR,ERR,ERR,ERR,ERR,ERR,ERR,ERR,ERR,ERR,ERR,ERR,ERR,ERR,ERR,ERR,ERR,ERR,ERR,ERR,ERR,ERR,ERR,ERR,ERR,ERR,ERR,ERR,ERR,ERR,ERR,ERR,ERR,ERR,ERR,ERR,ERR,ERR,ERR,ERR,ERR,ERR,ERR,ERR,ERR,ERR,ERR,ERR,ERR,ERR,ERR,ERR,ERR,ERR,ERR,ERR,ERR,ERR,ERR,ERR,ERR,ERR,ERR,ERR,ERR,ERR,ERR,ERR,ERR,ERR,ERR,ERR,ERR,ERR,ERR,ERR,ERR,ERR,ERR,ERR,ERR,ERR,ERR,ERR,ERR,ERR,-0.0,0.0,0.0,-0.0,-0.0,1.3936040501711995e+18,7.805,2.3614597120116273e+25,0,0,4,48930,6720,14723890282496.0,100,0.0,0.0,0.0,0.059,0.0,0,0,0,0,0.0,0,0,0,0,0,0,0,0,0,0,0,0,0,0,0,0,0,0,0,0,0,0,0,0,0,0,0,0,0,0,0,0,0,26,51,50,76,65476,0,300,0,0,8,21553,0.0,-107605600.0,0.0,0.0,0.0,0.0,0.0,0.0,0.0,0.0,0.0,0.0,0.0,0.0,0.0,0.0,0.0,0.0,0.0,0.0,0.0,0.0,0.0,-0.0,0.0,0.0,0.0,0.0,0.0,0.0,4783.0,0.0,7271.0,-0.0,0.0,-107615360.0,-107615392.0,0.0,0.0,0.0,0.0,77,107615360.0,0.0,0.0,0.0,0.0,0.0,0.0,0.0,0.0,0,0,0,0.0,0.0,0.0,0.0,0.0,0.0,0.0,0.0,0.0,0.0,0.0,0.0,0.0,0.0,0.0,0.0,0,-107875648.0,77,0.0,154,0.0,-0.0,ERR,ERR,ERR,ERR,ERR,ERR,ERR,ERR,ERR,ERR,ERR,ERR,ERR,ERR,ERR,ERR,ERR,ERR,ERR,ERR,ERR,ERR,ERR,ERR,ERR,ERR,ERR,ERR,ERR,ERR,ERR,ERR,ERR,ERR,ERR,ERR,ERR,ERR,ERR,ERR,ERR,ERR,ERR,ERR,ERR,ERR,ERR,ERR,ERR,ERR,ERR,ERR,ERR,ERR,ERR,ERR,ERR,ERR,ERR,ERR,ERR,ERR,ERR,ERR,ERR,ERR,ERR,34.0,80.0,35,0.0,0.0,0.0,0.0,0.0,0.0,0.0,0.0,0.0,0.0,0.0,0.0,0.0,0.0,0.0,0.0,65.6,0,120,58,53,65476,0,300,0,0,8,20529,65476,0,0,57672,80.0,0.0,0.0,0.0,0.0,0.0
2026-06-18T02:30:44,ERR,ERR,ERR,ERR,ERR,ERR,ERR,ERR,ERR,ERR,ERR,ERR,ERR,ERR,ERR,ERR,ERR,ERR,ERR,ERR,ERR,ERR,ERR,ERR,ERR,ERR,ERR,ERR,ERR,ERR,ERR,ERR,ERR,ERR,ERR,ERR,ERR,ERR,ERR,ERR,ERR,ERR,ERR,ERR,ERR,ERR,ERR,ERR,ERR,ERR,ERR,ERR,ERR,ERR,ERR,ERR,ERR,ERR,ERR,ERR,ERR,ERR,ERR,ERR,ERR,ERR,ERR,ERR,ERR,ERR,ERR,ERR,ERR,ERR,ERR,ERR,ERR,ERR,ERR,ERR,ERR,ERR,ERR,ERR,ERR,ERR,ERR,ERR,ERR,ERR,ERR,ERR,ERR,ERR,ERR,ERR,ERR,ERR,ERR,ERR,ERR,ERR,ERR,ERR,ERR,ERR,ERR,ERR,ERR,ERR,ERR,ERR,ERR,ERR,ERR,ERR,ERR,ERR,ERR,ERR,ERR,ERR,ERR,ERR,ERR,-0.0,0.0,0.0,-0.0,-0.0,1.3936040501711995e+18,7.805,2.3614597120116273e+25,0,0,4,48930,6720,14723890282496.0,100,0.0,0.0,0.0,0.059,0.0,0,0,0,0,0.0,0,0,0,0,0,0,0,0,0,0,0,0,0,0,0,0,0,0,0,0,0,0,0,0,0,0,0,0,0,0,0,0,0,26,51,50,76,65476,0,300,0,0,8,21553,0.0,-107605600.0,0.0,0.0,0.0,0.0,0.0,0.0,0.0,0.0,0.0,0.0,0.0,0.0,0.0,0.0,0.0,0.0,0.0,0.0,0.0,0.0,0.0,-0.0,0.0,0.0,0.0,0.0,0.0,0.0,4783.0,0.0,7271.0,-0.0,0.0,-107615360.0,-107615392.0,0.0,0.0,0.0,0.0,77,107615360.0,0.0,0.0,0.0,0.0,0.0,0.0,0.0,0.0,0,0,0,0.0,0.0,0.0,0.0,0.0,0.0,0.0,0.0,0.0,0.0,0.0,0.0,0.0,0.0,0.0,0.0,0,-107875648.0,77,0.0,154,0.0,-0.0,ERR,ERR,ERR,ERR,ERR,ERR,ERR,ERR,ERR,ERR,ERR,ERR,ERR,ERR,ERR,ERR,ERR,ERR,ERR,ERR,ERR,ERR,ERR,ERR,ERR,ERR,ERR,ERR,ERR,ERR,ERR,ERR,ERR,ERR,ERR,ERR,ERR,ERR,ERR,ERR,ERR,ERR,ERR,ERR,ERR,ERR,ERR,ERR,ERR,ERR,ERR,ERR,ERR,ERR,ERR,ERR,ERR,ERR,ERR,ERR,ERR,ERR,ERR,ERR,ERR,ERR,ERR,34.0,80.0,35,0.0,0.0,0.0,0.0,0.0,0.0,0.0,0.0,0.0,0.0,0.0,0.0,0.0,0.0,0.0,0.0,65.6,0,120,58,53,65476,0,300,0,0,8,20529,65476,0,0,57672,80.0,0.0,0.0,0.0,0.0,0.0
2026-06-18T02:30:45,ERR,ERR,ERR,ERR,ERR,ERR,ERR,ERR,ERR,ERR,ERR,ERR,ERR,ERR,ERR,ERR,ERR,ERR,ERR,ERR,ERR,ERR,ERR,ERR,ERR,ERR,ERR,ERR,ERR,ERR,ERR,ERR,ERR,ERR,ERR,ERR,ERR,ERR,ERR,ERR,ERR,ERR,ERR,ERR,ERR,ERR,ERR,ERR,ERR,ERR,ERR,ERR,ERR,ERR,ERR,ERR,ERR,ERR,ERR,ERR,ERR,ERR,ERR,ERR,ERR,ERR,ERR,ERR,ERR,ERR,ERR,ERR,ERR,ERR,ERR,ERR,ERR,ERR,ERR,ERR,ERR,ERR,ERR,ERR,ERR,ERR,ERR,ERR,ERR,ERR,ERR,ERR,ERR,ERR,ERR,ERR,ERR,ERR,ERR,ERR,ERR,ERR,ERR,ERR,ERR,ERR,ERR,ERR,ERR,ERR,ERR,ERR,ERR,ERR,ERR,ERR,ERR,ERR,ERR,ERR,ERR,ERR,ERR,ERR,ERR,-0.0,2.718431101732002e+23,-0.0,-4.9501291711397626e+32,-0.0,1.3936040501711995e+18,7.805,-0.0,0,0,4,48924,6720,14723890282496.0,100,0.0,0.0,0.0,-4.9501291711397626e+32,0.0,0,0,0,0,0.0,0,0,0,0,0,0,0,0,0,0,0,0,0,0,0,0,0,0,0,0,0,0,0,0,0,0,0,0,0,0,0,0,0,26,51,50,76,65476,0,300,0,0,8,21553,0.0,-107605600.0,0.0,0.0,0.0,0.0,0.0,0.0,0.0,0.0,0.0,0.0,0.0,0.0,0.0,0.0,0.0,0.0,0.0,0.0,0.0,0.0,0.0,-0.0,-2.004,0.0,0.0,0.0,0.0,0.0,4784.0,0.0,7271.0,-0.0,2.718431101732002e+23,-107615360.0,-107615392.0,0.0,0.0,0.0,0.0,77,126841126912.0,0.0,0.0,0.0,0.0,0.0,0.0,0.0,0.0,0,0,0,0.0,0.0,0.0,0.0,0.0,0.0,0.0,0.0,0.0,0.0,0.0,0.0,0.0,0.0,0.0,0.0,0,-107875648.0,77,0.0,154,0.0,-0.0,ERR,ERR,ERR,ERR,ERR,ERR,ERR,ERR,ERR,ERR,ERR,ERR,ERR,ERR,ERR,ERR,ERR,ERR,ERR,ERR,ERR,ERR,ERR,ERR,ERR,ERR,ERR,ERR,ERR,ERR,ERR,ERR,ERR,ERR,ERR,ERR,ERR,ERR,ERR,ERR,ERR,ERR,ERR,ERR,ERR,ERR,ERR,ERR,ERR,ERR,ERR,ERR,ERR,ERR,ERR,ERR,ERR,ERR,ERR,ERR,ERR,ERR,ERR,ERR,ERR,ERR,ERR,34.0,80.0,35,0.0,0.0,0.0,0.0,0.0,0.0,0.0,0.0,0.0,0.0,0.0,0.0,0.0,0.0,0.0,0.0,66.4,0,120,58,53,65476,0,300,0,0,8,20529,65476,0,0,57672,80.0,0.0,0.0,0.0,0.0,0.0
2026-06-18T02:30:46,ERR,ERR,ERR,ERR,ERR,ERR,ERR,ERR,ERR,ERR,ERR,ERR,ERR,ERR,ERR,ERR,ERR,ERR,ERR,ERR,ERR,ERR,ERR,ERR,ERR,ERR,ERR,ERR,ERR,ERR,ERR,ERR,ERR,ERR,ERR,ERR,ERR,ERR,ERR,ERR,ERR,ERR,ERR,ERR,ERR,ERR,ERR,ERR,ERR,ERR,ERR,ERR,ERR,ERR,ERR,ERR,ERR,ERR,ERR,ERR,ERR,ERR,ERR,ERR,ERR,ERR,ERR,ERR,ERR,ERR,ERR,ERR,ERR,ERR,ERR,ERR,ERR,ERR,ERR,ERR,ERR,ERR,ERR,ERR,ERR,ERR,ERR,ERR,ERR,ERR,ERR,ERR,ERR,ERR,ERR,ERR,ERR,ERR,ERR,ERR,ERR,ERR,ERR,ERR,ERR,ERR,ERR,ERR,ERR,ERR,ERR,ERR,ERR,ERR,ERR,ERR,ERR,ERR,ERR,ERR,ERR,ERR,ERR,ERR,ERR,-0.0,2.718431101732002e+23,-0.0,-4.9501291711397626e+32,-0.0,1.3936040501711995e+18,7.805,-0.0,0,0,4,48924,6720,14723890282496.0,100,0.0,0.0,0.0,-4.9501291711397626e+32,0.0,0,0,0,0,0.0,0,0,0,0,0,0,0,0,0,0,0,0,0,0,0,0,0,0,0,0,0,0,0,0,0,0,0,0,0,0,0,0,0,26,51,50,76,65476,0,300,0,0,8,21553,0.0,-107605600.0,0.0,0.0,0.0,0.0,0.0,0.0,0.0,0.0,0.0,0.0,0.0,0.0,0.0,0.0,0.0,0.0,0.0,0.0,0.0,0.0,0.0,-0.0,-2.004,0.0,0.0,0.0,0.0,0.0,4784.0,0.0,7271.0,-0.0,2.718431101732002e+23,-107615360.0,-107615392.0,0.0,0.0,0.0,0.0,77,126841126912.0,0.0,0.0,0.0,0.0,0.0,0.0,0.0,0.0,0,0,0,0.0,0.0,0.0,0.0,0.0,0.0,0.0,0.0,0.0,0.0,0.0,0.0,0.0,0.0,0.0,0.0,0,-107875648.0,77,0.0,154,0.0,-0.0,ERR,ERR,ERR,ERR,ERR,ERR,ERR,ERR,ERR,ERR,ERR,ERR,ERR,ERR,ERR,ERR,ERR,ERR,ERR,ERR,ERR,ERR,ERR,ERR,ERR,ERR,ERR,ERR,ERR,ERR,ERR,ERR,ERR,ERR,ERR,ERR,ERR,ERR,ERR,ERR,ERR,ERR,ERR,ERR,ERR,ERR,ERR,ERR,ERR,ERR,ERR,ERR,ERR,ERR,ERR,ERR,ERR,ERR,ERR,ERR,ERR,ERR,ERR,ERR,ERR,ERR,ERR,34.0,80.0,35,0.0,0.0,0.0,0.0,0.0,0.0,0.0,0.0,0.0,0.0,0.0,0.0,0.0,0.0,0.0,0.0,66.4,0,120,58,53,65476,0,300,0,0,8,20529,65476,0,0,57672,80.0,0.0,0.0,0.0,0.0,0.0
2026-06-18T02:30:47,ERR,ERR,ERR,ERR,ERR,ERR,ERR,ERR,ERR,ERR,ERR,ERR,ERR,ERR,ERR,ERR,ERR,ERR,ERR,ERR,ERR,ERR,ERR,ERR,ERR,ERR,ERR,ERR,ERR,ERR,ERR,ERR,ERR,ERR,ERR,ERR,ERR,ERR,ERR,ERR,ERR,ERR,ERR,ERR,ERR,ERR,ERR,ERR,ERR,ERR,ERR,ERR,ERR,ERR,ERR,ERR,ERR,ERR,ERR,ERR,ERR,ERR,ERR,ERR,ERR,ERR,ERR,ERR,ERR,ERR,ERR,ERR,ERR,ERR,ERR,ERR,ERR,ERR,ERR,ERR,ERR,ERR,ERR,ERR,ERR,ERR,ERR,ERR,ERR,ERR,ERR,ERR,ERR,ERR,ERR,ERR,ERR,ERR,ERR,ERR,ERR,ERR,ERR,ERR,ERR,ERR,ERR,ERR,ERR,ERR,ERR,ERR,ERR,ERR,ERR,ERR,ERR,ERR,ERR,ERR,ERR,ERR,ERR,ERR,ERR,-0.0,2.718431101732002e+23,-0.0,-4.9501291711397626e+32,-0.0,1.3936040501711995e+18,7.805,-0.0,0,0,4,48924,6720,14723890282496.0,100,0.0,0.0,0.0,-4.9501291711397626e+32,0.0,0,0,0,0,0.0,0,0,0,0,0,0,0,0,0,0,0,0,0,0,0,0,0,0,0,0,0,0,0,0,0,0,0,0,0,0,0,0,0,26,51,50,76,65476,0,300,0,0,8,21553,0.0,-107605600.0,0.0,0.0,0.0,0.0,0.0,0.0,0.0,0.0,0.0,0.0,0.0,0.0,0.0,0.0,0.0,0.0,0.0,0.0,0.0,0.0,0.0,-0.0,-2.004,0.0,0.0,0.0,0.0,0.0,4784.0,0.0,7271.0,-0.0,2.718431101732002e+23,-107615360.0,-107615392.0,0.0,0.0,0.0,0.0,77,126841126912.0,0.0,0.0,0.0,0.0,0.0,0.0,0.0,0.0,0,0,0,0.0,0.0,0.0,0.0,0.0,0.0,0.0,0.0,0.0,0.0,0.0,0.0,0.0,0.0,0.0,0.0,0,-107875648.0,77,0.0,154,0.0,-0.0,ERR,ERR,ERR,ERR,ERR,ERR,ERR,ERR,ERR,ERR,ERR,ERR,ERR,ERR,ERR,ERR,ERR,ERR,ERR,ERR,ERR,ERR,ERR,ERR,ERR,ERR,ERR,ERR,ERR,ERR,ERR,ERR,ERR,ERR,ERR,ERR,ERR,ERR,ERR,ERR,ERR,ERR,ERR,ERR,ERR,ERR,ERR,ERR,ERR,ERR,ERR,ERR,ERR,ERR,ERR,ERR,ERR,ERR,ERR,ERR,ERR,ERR,ERR,ERR,ERR,ERR,ERR,34.0,80.0,35,0.0,0.0,0.0,0.0,0.0,0.0,0.0,0.0,0.0,0.0,0.0,0.0,0.0,0.0,0.0,0.0,65.6,0,120,58,53,65476,0,300,0,0,8,20529,65476,0,0,57672,80.0,0.0,0.0,0.0,0.0,0.0
2026-06-18T02:30:48,ERR,ERR,ERR,ERR,ERR,ERR,ERR,ERR,ERR,ERR,ERR,ERR,ERR,ERR,ERR,ERR,ERR,ERR,ERR,ERR,ERR,ERR,ERR,ERR,ERR,ERR,ERR,ERR,ERR,ERR,ERR,ERR,ERR,ERR,ERR,ERR,ERR,ERR,ERR,ERR,ERR,ERR,ERR,ERR,ERR,ERR,ERR,ERR,ERR,ERR,ERR,ERR,ERR,ERR,ERR,ERR,ERR,ERR,ERR,ERR,ERR,ERR,ERR,ERR,ERR,ERR,ERR,ERR,ERR,ERR,ERR,ERR,ERR,ERR,ERR,ERR,ERR,ERR,ERR,ERR,ERR,ERR,ERR,ERR,ERR,ERR,ERR,ERR,ERR,ERR,ERR,ERR,ERR,ERR,ERR,ERR,ERR,ERR,ERR,ERR,ERR,ERR,ERR,ERR,ERR,ERR,ERR,ERR,ERR,ERR,ERR,ERR,ERR,ERR,ERR,ERR,ERR,ERR,ERR,ERR,ERR,ERR,ERR,ERR,ERR,-0.0,2.718431101732002e+23,-0.0,-4.9501291711397626e+32,-0.0,1.3936040501711995e+18,7.805,-0.0,0,0,4,48924,6720,14723890282496.0,100,0.0,0.0,0.0,-4.9501291711397626e+32,0.0,0,0,0,0,0.0,0,0,0,0,0,0,0,0,0,0,0,0,0,0,0,0,0,0,0,0,0,0,0,0,0,0,0,0,0,0,0,0,0,26,51,50,76,65476,0,300,0,0,8,21553,0.0,-107605600.0,0.0,0.0,0.0,0.0,0.0,0.0,0.0,0.0,0.0,0.0,0.0,0.0,0.0,0.0,0.0,0.0,0.0,0.0,0.0,0.0,0.0,-0.0,-2.004,0.0,0.0,0.0,0.0,0.0,4784.0,0.0,7271.0,-0.0,2.718431101732002e+23,-107615360.0,-107615392.0,0.0,0.0,0.0,0.0,77,126841126912.0,0.0,0.0,0.0,0.0,0.0,0.0,0.0,0.0,0,0,0,0.0,0.0,0.0,0.0,0.0,0.0,0.0,0.0,0.0,0.0,0.0,0.0,0.0,0.0,0.0,0.0,0,-107875648.0,77,0.0,154,0.0,-0.0,ERR,ERR,ERR,ERR,ERR,ERR,ERR,ERR,ERR,ERR,ERR,ERR,ERR,ERR,ERR,ERR,ERR,ERR,ERR,ERR,ERR,ERR,ERR,ERR,ERR,ERR,ERR,ERR,ERR,ERR,ERR,ERR,ERR,ERR,ERR,ERR,ERR,ERR,ERR,ERR,ERR,ERR,ERR,ERR,ERR,ERR,ERR,ERR,ERR,ERR,ERR,ERR,ERR,ERR,ERR,ERR,ERR,ERR,ERR,ERR,ERR,ERR,ERR,ERR,ERR,ERR,ERR,34.0,80.0,35,0.0,0.0,0.0,0.0,0.0,0.0,0.0,0.0,0.0,0.0,0.0,0.0,0.0,0.0,0.0,0.0,65.6,0,120,58,53,65476,0,300,0,0,8,20529,65476,0,0,57672,80.0,0.0,0.0,0.0,0.0,0.0
2026-06-18T02:30:49,ERR,ERR,ERR,ERR,ERR,ERR,ERR,ERR,ERR,ERR,ERR,ERR,ERR,ERR,ERR,ERR,ERR,ERR,ERR,ERR,ERR,ERR,ERR,ERR,ERR,ERR,ERR,ERR,ERR,ERR,ERR,ERR,ERR,ERR,ERR,ERR,ERR,ERR,ERR,ERR,ERR,ERR,ERR,ERR,ERR,ERR,ERR,ERR,ERR,ERR,ERR,ERR,ERR,ERR,ERR,ERR,ERR,ERR,ERR,ERR,ERR,ERR,ERR,ERR,ERR,ERR,ERR,ERR,ERR,ERR,ERR,ERR,ERR,ERR,ERR,ERR,ERR,ERR,ERR,ERR,ERR,ERR,ERR,ERR,ERR,ERR,ERR,ERR,ERR,ERR,ERR,ERR,ERR,ERR,ERR,ERR,ERR,ERR,ERR,ERR,ERR,ERR,ERR,ERR,ERR,ERR,ERR,ERR,ERR,ERR,ERR,ERR,ERR,ERR,ERR,ERR,ERR,ERR,ERR,ERR,ERR,ERR,ERR,ERR,ERR,-0.0,2.718431101732002e+23,-0.0,-4.9501291711397626e+32,-0.0,1.3936040501711995e+18,7.805,-0.0,0,0,4,48924,6720,14723890282496.0,100,0.0,0.0,0.0,-4.9501291711397626e+32,0.0,0,0,0,0,0.0,0,0,0,0,0,0,0,0,0,0,0,0,0,0,0,0,0,0,0,0,0,0,0,0,0,0,0,0,0,0,0,0,0,26,51,50,76,65476,0,300,0,0,8,21553,0.0,-107605600.0,0.0,0.0,0.0,0.0,0.0,0.0,0.0,0.0,0.0,0.0,0.0,0.0,0.0,0.0,0.0,0.0,0.0,0.0,0.0,0.0,0.0,-0.0,-2.004,0.0,0.0,0.0,0.0,0.0,4784.0,0.0,7271.0,-0.0,2.718431101732002e+23,-107615360.0,-107615392.0,0.0,0.0,0.0,0.0,77,126841126912.0,0.0,0.0,0.0,0.0,0.0,0.0,0.0,0.0,0,0,0,0.0,0.0,0.0,0.0,0.0,0.0,0.0,0.0,0.0,0.0,0.0,0.0,0.0,0.0,0.0,0.0,0,-107875648.0,77,0.0,154,0.0,-0.0,ERR,ERR,ERR,ERR,ERR,ERR,ERR,ERR,ERR,ERR,ERR,ERR,ERR,ERR,ERR,ERR,ERR,ERR,ERR,ERR,ERR,ERR,ERR,ERR,ERR,ERR,ERR,ERR,ERR,ERR,ERR,ERR,ERR,ERR,ERR,ERR,ERR,ERR,ERR,ERR,ERR,ERR,ERR,ERR,ERR,ERR,ERR,ERR,ERR,ERR,ERR,ERR,ERR,ERR,ERR,ERR,ERR,ERR,ERR,ERR,ERR,ERR,ERR,ERR,ERR,ERR,ERR,34.0,80.0,35,0.0,0.0,0.0,0.0,0.0,0.0,0.0,0.0,0.0,0.0,0.0,0.0,0.0,0.0,0.0,0.0,65.6,0,120,58,53,65476,0,300,0,0,8,20529,65476,0,0,57672,80.0,0.0,0.0,0.0,0.0,0.0
2026-06-18T02:30:50,ERR,ERR,ERR,ERR,ERR,ERR,ERR,ERR,ERR,ERR,ERR,ERR,ERR,ERR,ERR,ERR,ERR,ERR,ERR,ERR,ERR,ERR,ERR,ERR,ERR,ERR,ERR,ERR,ERR,ERR,ERR,ERR,ERR,ERR,ERR,ERR,ERR,ERR,ERR,ERR,ERR,ERR,ERR,ERR,ERR,ERR,ERR,ERR,ERR,ERR,ERR,ERR,ERR,ERR,ERR,ERR,ERR,ERR,ERR,ERR,ERR,ERR,ERR,ERR,ERR,ERR,ERR,ERR,ERR,ERR,ERR,ERR,ERR,ERR,ERR,ERR,ERR,ERR,ERR,ERR,ERR,ERR,ERR,ERR,ERR,ERR,ERR,ERR,ERR,ERR,ERR,ERR,ERR,ERR,ERR,ERR,ERR,ERR,ERR,ERR,ERR,ERR,ERR,ERR,ERR,ERR,ERR,ERR,ERR,ERR,ERR,ERR,ERR,ERR,ERR,ERR,ERR,ERR,ERR,ERR,ERR,ERR,ERR,ERR,ERR,-0.0,2.718431101732002e+23,-0.0,2.718290229135658e+23,-0.0,1.3936040501711995e+18,7.805,-24226.301,0,0,4,48901,6720,14723890282496.0,100,0.0,0.0,0.0,-0.0,0.0,0,0,0,0,0.0,0,0,0,0,0,0,0,0,0,0,0,0,0,0,0,0,0,0,0,0,0,0,0,0,0,0,0,0,0,0,0,0,0,26,51,50,76,65476,0,300,0,0,8,21553,0.0,-107605600.0,0.0,0.0,0.0,0.0,0.0,0.0,0.0,0.0,0.0,0.0,0.0,0.0,0.0,0.0,0.0,0.0,0.0,0.0,0.0,0.0,0.0,2.004,-2.004,0.0,0.0,0.0,0.0,0.0,4783.0,0.0,7271.0,2.7184312818759872e+23,2.718431101732002e+23,-107615360.0,-107615392.0,0.0,0.0,0.0,0.0,77,0.059,0.0,0.0,0.0,0.0,0.0,0.0,0.0,0.0,0,0,0,0.0,0.0,0.0,0.0,0.0,0.0,0.0,0.0,0.0,0.0,0.0,0.0,0.0,0.0,0.0,0.0,0,-107875648.0,77,0.0,154,0.0,0.0,ERR,ERR,ERR,ERR,ERR,ERR,ERR,ERR,ERR,ERR,ERR,ERR,ERR,ERR,ERR,ERR,ERR,ERR,ERR,ERR,ERR,ERR,ERR,ERR,ERR,ERR,ERR,ERR,ERR,ERR,ERR,ERR,ERR,ERR,ERR,ERR,ERR,ERR,ERR,ERR,ERR,ERR,ERR,ERR,ERR,ERR,ERR,ERR,ERR,ERR,ERR,ERR,ERR,ERR,ERR,ERR,ERR,ERR,ERR,ERR,ERR,ERR,ERR,ERR,ERR,ERR,ERR,34.0,80.0,35,0.0,0.0,0.0,0.0,0.0,0.0,0.0,0.0,0.0,0.0,0.0,0.0,0.0,0.0,0.0,0.0,66.4,0,120,58,53,65476,0,300,0,0,8,20529,65476,0,0,57672,80.0,0.0,0.0,0.0,0.0,0.0
2026-06-18T02:30:51,ERR,ERR,ERR,ERR,ERR,ERR,ERR,ERR,ERR,ERR,ERR,ERR,ERR,ERR,ERR,ERR,ERR,ERR,ERR,ERR,ERR,ERR,ERR,ERR,ERR,ERR,ERR,ERR,ERR,ERR,ERR,ERR,ERR,ERR,ERR,ERR,ERR,ERR,ERR,ERR,ERR,ERR,ERR,ERR,ERR,ERR,ERR,ERR,ERR,ERR,ERR,ERR,ERR,ERR,ERR,ERR,ERR,ERR,ERR,ERR,ERR,ERR,ERR,ERR,ERR,ERR,ERR,ERR,ERR,ERR,ERR,ERR,ERR,ERR,ERR,ERR,ERR,ERR,ERR,ERR,ERR,ERR,ERR,ERR,ERR,ERR,ERR,ERR,ERR,ERR,ERR,ERR,ERR,ERR,ERR,ERR,ERR,ERR,ERR,ERR,ERR,ERR,ERR,ERR,ERR,ERR,ERR,ERR,ERR,ERR,ERR,ERR,ERR,ERR,ERR,ERR,ERR,ERR,ERR,ERR,ERR,ERR,ERR,ERR,ERR,-0.0,2.718431101732002e+23,-0.0,2.718290229135658e+23,-0.0,1.3936040501711995e+18,7.805,-24226.301,0,0,4,48901,6720,14723890282496.0,100,0.0,0.0,0.0,-0.0,0.0,0,0,0,0,0.0,0,0,0,0,0,0,0,0,0,0,0,0,0,0,0,0,0,0,0,0,0,0,0,0,0,0,0,0,0,0,0,0,0,26,51,50,76,65476,0,300,0,0,8,21553,0.0,-107605600.0,0.0,0.0,0.0,0.0,0.0,0.0,0.0,0.0,0.0,0.0,0.0,0.0,0.0,0.0,0.0,0.0,0.0,0.0,0.0,0.0,0.0,2.004,-2.004,0.0,0.0,0.0,0.0,0.0,4783.0,0.0,7271.0,2.7184312818759872e+23,2.718431101732002e+23,-107615360.0,-107615392.0,0.0,0.0,0.0,0.0,77,0.059,0.0,0.0,0.0,0.0,0.0,0.0,0.0,0.0,0,0,0,0.0,0.0,0.0,0.0,0.0,0.0,0.0,0.0,0.0,0.0,0.0,0.0,0.0,0.0,0.0,0.0,0,-107875648.0,77,0.0,154,0.0,0.0,ERR,ERR,ERR,ERR,ERR,ERR,ERR,ERR,ERR,ERR,ERR,ERR,ERR,ERR,ERR,ERR,ERR,ERR,ERR,ERR,ERR,ERR,ERR,ERR,ERR,ERR,ERR,ERR,ERR,ERR,ERR,ERR,ERR,ERR,ERR,ERR,ERR,ERR,ERR,ERR,ERR,ERR,ERR,ERR,ERR,ERR,ERR,ERR,ERR,ERR,ERR,ERR,ERR,ERR,ERR,ERR,ERR,ERR,ERR,ERR,ERR,ERR,ERR,ERR,ERR,ERR,ERR,34.0,80.0,35,0.0,0.0,0.0,0.0,0.0,0.0,0.0,0.0,0.0,0.0,0.0,0.0,0.0,0.0,0.0,0.0,66.4,0,120,58,53,65476,0,300,0,0,8,20529,65476,0,0,57672,80.0,0.0,0.0,0.0,0.0,0.0
2026-06-18T02:30:52,ERR,ERR,ERR,ERR,ERR,ERR,ERR,ERR,ERR,ERR,ERR,ERR,ERR,ERR,ERR,ERR,ERR,ERR,ERR,ERR,ERR,ERR,ERR,ERR,ERR,ERR,ERR,ERR,ERR,ERR,ERR,ERR,ERR,ERR,ERR,ERR,ERR,ERR,ERR,ERR,ERR,ERR,ERR,ERR,ERR,ERR,ERR,ERR,ERR,ERR,ERR,ERR,ERR,ERR,ERR,ERR,ERR,ERR,ERR,ERR,ERR,ERR,ERR,ERR,ERR,ERR,ERR,ERR,ERR,ERR,ERR,ERR,ERR,ERR,ERR,ERR,ERR,ERR,ERR,ERR,ERR,ERR,ERR,ERR,ERR,ERR,ERR,ERR,ERR,ERR,ERR,ERR,ERR,ERR,ERR,ERR,ERR,ERR,ERR,ERR,ERR,ERR,ERR,ERR,ERR,ERR,ERR,ERR,ERR,ERR,ERR,ERR,ERR,ERR,ERR,ERR,ERR,ERR,ERR,ERR,ERR,ERR,ERR,ERR,ERR,-0.0,2.718431101732002e+23,-0.0,2.718290229135658e+23,-0.0,1.3936040501711995e+18,7.805,-24226.301,0,0,4,48901,6720,14723890282496.0,100,0.0,0.0,0.0,-0.0,0.0,0,0,0,0,0.0,0,0,0,0,0,0,0,0,0,0,0,0,0,0,0,0,0,0,0,0,0,0,0,0,0,0,0,0,0,0,0,0,0,26,51,50,76,65476,0,300,0,0,8,21553,0.0,-107605600.0,0.0,0.0,0.0,0.0,0.0,0.0,0.0,0.0,0.0,0.0,0.0,0.0,0.0,0.0,0.0,0.0,0.0,0.0,0.0,0.0,0.0,2.004,-2.004,0.0,0.0,0.0,0.0,0.0,4783.0,0.0,7271.0,2.7184312818759872e+23,2.718431101732002e+23,-107615360.0,-107615392.0,0.0,0.0,0.0,0.0,77,0.059,0.0,0.0,0.0,0.0,0.0,0.0,0.0,0.0,0,0,0,0.0,0.0,0.0,0.0,0.0,0.0,0.0,0.0,0.0,0.0,0.0,0.0,0.0,0.0,0.0,0.0,0,-107875648.0,77,0.0,154,0.0,0.0,ERR,ERR,ERR,ERR,ERR,ERR,ERR,ERR,ERR,ERR,ERR,ERR,ERR,ERR,ERR,ERR,ERR,ERR,ERR,ERR,ERR,ERR,ERR,ERR,ERR,ERR,ERR,ERR,ERR,ERR,ERR,ERR,ERR,ERR,ERR,ERR,ERR,ERR,ERR,ERR,ERR,ERR,ERR,ERR,ERR,ERR,ERR,ERR,ERR,ERR,ERR,ERR,ERR,ERR,ERR,ERR,ERR,ERR,ERR,ERR,ERR,ERR,ERR,ERR,ERR,ERR,ERR,34.0,80.0,35,0.0,0.0,0.0,0.0,0.0,0.0,0.0,0.0,0.0,0.0,0.0,0.0,0.0,0.0,0.0,0.0,66.0,0,120,58,53,65476,0,300,0,0,8,20529,65476,0,0,57672,80.0,0.0,0.0,0.0,0.0,0.0
2026-06-18T02:30:53,ERR,ERR,ERR,ERR,ERR,ERR,ERR,ERR,ERR,ERR,ERR,ERR,ERR,ERR,ERR,ERR,ERR,ERR,ERR,ERR,ERR,ERR,ERR,ERR,ERR,ERR,ERR,ERR,ERR,ERR,ERR,ERR,ERR,ERR,ERR,ERR,ERR,ERR,ERR,ERR,ERR,ERR,ERR,ERR,ERR,ERR,ERR,ERR,ERR,ERR,ERR,ERR,ERR,ERR,ERR,ERR,ERR,ERR,ERR,ERR,ERR,ERR,ERR,ERR,ERR,ERR,ERR,ERR,ERR,ERR,ERR,ERR,ERR,ERR,ERR,ERR,ERR,ERR,ERR,ERR,ERR,ERR,ERR,ERR,ERR,ERR,ERR,ERR,ERR,ERR,ERR,ERR,ERR,ERR,ERR,ERR,ERR,ERR,ERR,ERR,ERR,ERR,ERR,ERR,ERR,ERR,ERR,ERR,ERR,ERR,ERR,ERR,ERR,ERR,ERR,ERR,ERR,ERR,ERR,ERR,ERR,ERR,ERR,ERR,ERR,-0.0,2.718431101732002e+23,-0.0,2.718290229135658e+23,-0.0,1.3936040501711995e+18,7.805,-24226.301,0,0,4,48901,6720,14723890282496.0,100,0.0,0.0,0.0,-0.0,0.0,0,0,0,0,0.0,0,0,0,0,0,0,0,0,0,0,0,0,0,0,0,0,0,0,0,0,0,0,0,0,0,0,0,0,0,0,0,0,0,26,51,50,76,65476,0,300,0,0,8,21553,0.0,-107605600.0,0.0,0.0,0.0,0.0,0.0,0.0,0.0,0.0,0.0,0.0,0.0,0.0,0.0,0.0,0.0,0.0,0.0,0.0,0.0,0.0,0.0,2.004,-2.004,0.0,0.0,0.0,0.0,0.0,4783.0,0.0,7271.0,2.7184312818759872e+23,2.718431101732002e+23,-107615360.0,-107615392.0,0.0,0.0,0.0,0.0,77,0.059,0.0,0.0,0.0,0.0,0.0,0.0,0.0,0.0,0,0,0,0.0,0.0,0.0,0.0,0.0,0.0,0.0,0.0,0.0,0.0,0.0,0.0,0.0,0.0,0.0,0.0,0,-107875648.0,77,0.0,154,0.0,0.0,ERR,ERR,ERR,ERR,ERR,ERR,ERR,ERR,ERR,ERR,ERR,ERR,ERR,ERR,ERR,ERR,ERR,ERR,ERR,ERR,ERR,ERR,ERR,ERR,ERR,ERR,ERR,ERR,ERR,ERR,ERR,ERR,ERR,ERR,ERR,ERR,ERR,ERR,ERR,ERR,ERR,ERR,ERR,ERR,ERR,ERR,ERR,ERR,ERR,ERR,ERR,ERR,ERR,ERR,ERR,ERR,ERR,ERR,ERR,ERR,ERR,ERR,ERR,ERR,ERR,ERR,ERR,34.0,80.0,35,0.0,0.0,0.0,0.0,0.0,0.0,0.0,0.0,0.0,0.0,0.0,0.0,0.0,0.0,0.0,0.0,66.0,0,120,58,53,65476,0,300,0,0,8,20529,65476,0,0,57672,80.0,0.0,0.0,0.0,0.0,0.0
2026-06-18T02:30:54,ERR,ERR,ERR,ERR,ERR,ERR,ERR,ERR,ERR,ERR,ERR,ERR,ERR,ERR,ERR,ERR,ERR,ERR,ERR,ERR,ERR,ERR,ERR,ERR,ERR,ERR,ERR,ERR,ERR,ERR,ERR,ERR,ERR,ERR,ERR,ERR,ERR,ERR,ERR,ERR,ERR,ERR,ERR,ERR,ERR,ERR,ERR,ERR,ERR,ERR,ERR,ERR,ERR,ERR,ERR,ERR,ERR,ERR,ERR,ERR,ERR,ERR,ERR,ERR,ERR,ERR,ERR,ERR,ERR,ERR,ERR,ERR,ERR,ERR,ERR,ERR,ERR,ERR,ERR,ERR,ERR,ERR,ERR,ERR,ERR,ERR,ERR,ERR,ERR,ERR,ERR,ERR,ERR,ERR,ERR,ERR,ERR,ERR,ERR,ERR,ERR,ERR,ERR,ERR,ERR,ERR,ERR,ERR,ERR,ERR,ERR,ERR,ERR,ERR,ERR,ERR,ERR,ERR,ERR,ERR,ERR,ERR,ERR,ERR,ERR,-0.0,2.718431101732002e+23,-0.0,2.718290229135658e+23,-0.0,1.3936040501711995e+18,7.805,-24226.301,0,0,4,48901,6720,14723890282496.0,100,0.0,0.0,0.0,-0.0,0.0,0,0,0,0,0.0,0,0,0,0,0,0,0,0,0,0,0,0,0,0,0,0,0,0,0,0,0,0,0,0,0,0,0,0,0,0,0,0,0,26,51,50,76,65476,0,300,0,0,8,21553,0.0,-107605600.0,0.0,0.0,0.0,0.0,0.0,0.0,0.0,0.0,0.0,0.0,0.0,0.0,0.0,0.0,0.0,0.0,0.0,0.0,0.0,0.0,0.0,2.004,-2.004,0.0,0.0,0.0,0.0,0.0,4783.0,0.0,7271.0,2.7184312818759872e+23,2.718431101732002e+23,-107615360.0,-107615392.0,0.0,0.0,0.0,0.0,77,0.059,0.0,0.0,0.0,0.0,0.0,0.0,0.0,0.0,0,0,0,0.0,0.0,0.0,0.0,0.0,0.0,0.0,0.0,0.0,0.0,0.0,0.0,0.0,0.0,0.0,0.0,0,-107875648.0,77,0.0,154,0.0,0.0,ERR,ERR,ERR,ERR,ERR,ERR,ERR,ERR,ERR,ERR,ERR,ERR,ERR,ERR,ERR,ERR,ERR,ERR,ERR,ERR,ERR,ERR,ERR,ERR,ERR,ERR,ERR,ERR,ERR,ERR,ERR,ERR,ERR,ERR,ERR,ERR,ERR,ERR,ERR,ERR,ERR,ERR,ERR,ERR,ERR,ERR,ERR,ERR,ERR,ERR,ERR,ERR,ERR,ERR,ERR,ERR,ERR,ERR,ERR,ERR,ERR,ERR,ERR,ERR,ERR,ERR,ERR,34.0,80.0,35,0.0,0.0,0.0,0.0,0.0,0.0,0.0,0.0,0.0,0.0,0.0,0.0,0.0,0.0,0.0,0.0,65.6,0,120,58,53,65476,0,300,0,0,8,20529,65476,0,0,57672,80.0,0.0,0.0,0.0,0.0,0.0
2026-06-18T02:30:55,ERR,ERR,ERR,ERR,ERR,ERR,ERR,ERR,ERR,ERR,ERR,ERR,ERR,ERR,ERR,ERR,ERR,ERR,ERR,ERR,ERR,ERR,ERR,ERR,ERR,ERR,ERR,ERR,ERR,ERR,ERR,ERR,ERR,ERR,ERR,ERR,ERR,ERR,ERR,ERR,ERR,ERR,ERR,ERR,ERR,ERR,ERR,ERR,ERR,ERR,ERR,ERR,ERR,ERR,ERR,ERR,ERR,ERR,ERR,ERR,ERR,ERR,ERR,ERR,ERR,ERR,ERR,ERR,ERR,ERR,ERR,ERR,ERR,ERR,ERR,ERR,ERR,ERR,ERR,ERR,ERR,ERR,ERR,ERR,ERR,ERR,ERR,ERR,ERR,ERR,ERR,ERR,ERR,ERR,ERR,ERR,ERR,ERR,ERR,ERR,ERR,ERR,ERR,ERR,ERR,ERR,ERR,ERR,ERR,ERR,ERR,ERR,ERR,ERR,ERR,ERR,ERR,ERR,ERR,ERR,ERR,ERR,ERR,ERR,ERR,-0.0,2.718431101732002e+23,-0.0,2.718290229135658e+23,-0.0,1.3936040501711995e+18,7.805,-24226.301,0,0,4,48901,6720,14723890282496.0,100,0.0,0.0,0.0,-0.0,0.0,0,0,0,0,0.0,0,0,0,0,0,0,0,0,0,0,0,0,0,0,0,0,0,0,0,0,0,0,0,0,0,0,0,0,0,0,0,0,0,26,51,50,76,65476,0,300,0,0,8,21553,0.0,-107605600.0,0.0,0.0,0.0,0.0,0.0,0.0,0.0,0.0,0.0,0.0,0.0,0.0,0.0,0.0,0.0,0.0,0.0,0.0,0.0,0.0,0.0,2.004,-2.004,0.0,0.0,0.0,0.0,0.0,4783.0,0.0,7271.0,2.7184312818759872e+23,2.718431101732002e+23,-107615360.0,-107615392.0,0.0,0.0,0.0,0.0,77,0.059,0.0,0.0,0.0,0.0,0.0,0.0,0.0,0.0,0,0,0,0.0,0.0,0.0,0.0,0.0,0.0,0.0,0.0,0.0,0.0,0.0,0.0,0.0,0.0,0.0,0.0,0,-107875648.0,77,0.0,154,0.0,0.0,ERR,ERR,ERR,ERR,ERR,ERR,ERR,ERR,ERR,ERR,ERR,ERR,ERR,ERR,ERR,ERR,ERR,ERR,ERR,ERR,ERR,ERR,ERR,ERR,ERR,ERR,ERR,ERR,ERR,ERR,ERR,ERR,ERR,ERR,ERR,ERR,ERR,ERR,ERR,ERR,ERR,ERR,ERR,ERR,ERR,ERR,ERR,ERR,ERR,ERR,ERR,ERR,ERR,ERR,ERR,ERR,ERR,ERR,ERR,ERR,ERR,ERR,ERR,ERR,ERR,ERR,ERR,34.0,80.0,35,0.0,0.0,0.0,0.0,0.0,0.0,0.0,0.0,0.0,0.0,0.0,0.0,0.0,0.0,0.0,0.0,65.6,0,120,58,53,65476,0,300,0,0,8,20529,65476,0,0,57672,80.0,0.0,0.0,0.0,0.0,0.0
2026-06-18T02:30:56,ERR,ERR,ERR,ERR,ERR,ERR,ERR,ERR,ERR,ERR,ERR,ERR,ERR,ERR,ERR,ERR,ERR,ERR,ERR,ERR,ERR,ERR,ERR,ERR,ERR,ERR,ERR,ERR,ERR,ERR,ERR,ERR,ERR,ERR,ERR,ERR,ERR,ERR,ERR,ERR,ERR,ERR,ERR,ERR,ERR,ERR,ERR,ERR,ERR,ERR,ERR,ERR,ERR,ERR,ERR,ERR,ERR,ERR,ERR,ERR,ERR,ERR,ERR,ERR,ERR,ERR,ERR,ERR,ERR,ERR,ERR,ERR,ERR,ERR,ERR,ERR,ERR,ERR,ERR,ERR,ERR,ERR,ERR,ERR,ERR,ERR,ERR,ERR,ERR,ERR,ERR,ERR,ERR,ERR,ERR,ERR,ERR,ERR,ERR,ERR,ERR,ERR,ERR,ERR,ERR,ERR,ERR,ERR,ERR,ERR,ERR,ERR,ERR,ERR,ERR,ERR,ERR,ERR,ERR,ERR,ERR,ERR,ERR,ERR,ERR,-0.0,0.0,0.0,0.059,0.0,1.3936040501711995e+18,7.805,-0.002,0,0,4,48930,6720,14723890282496.0,100,0.0,0.0,0.0,0.059,0.0,0,0,0,0,0.0,0,0,0,0,0,0,0,0,0,0,0,0,0,0,0,0,0,0,0,0,0,0,0,0,0,0,0,0,0,0,0,0,0,26,51,50,76,65476,0,300,0,0,8,21553,0.0,-107605600.0,0.0,0.0,0.0,0.0,0.0,0.0,0.0,0.0,0.0,0.0,0.0,0.0,0.0,0.0,0.0,0.0,0.0,0.0,0.0,0.0,0.0,2.004,-2.004,0.0,0.0,0.0,0.0,0.0,4780.0,0.0,7271.0,-0.0,0.0,-0.0,-107615392.0,0.0,0.0,0.0,0.0,77,0.059,0.0,0.0,0.0,0.0,0.0,0.0,0.0,0.0,0,0,0,0.0,0.0,0.0,0.0,0.0,0.0,0.0,0.0,0.0,0.0,0.0,0.0,0.0,0.0,0.0,0.0,0,-107875648.0,77,0.0,154,0.0,-0.0,ERR,ERR,ERR,ERR,ERR,ERR,ERR,ERR,ERR,ERR,ERR,ERR,ERR,ERR,ERR,ERR,ERR,ERR,ERR,ERR,ERR,ERR,ERR,ERR,ERR,ERR,ERR,ERR,ERR,ERR,ERR,ERR,ERR,ERR,ERR,ERR,ERR,ERR,ERR,ERR,ERR,ERR,ERR,ERR,ERR,ERR,ERR,ERR,ERR,ERR,ERR,ERR,ERR,ERR,ERR,ERR,ERR,ERR,ERR,ERR,ERR,ERR,ERR,ERR,ERR,ERR,ERR,34.0,80.0,35,0.0,0.0,0.0,0.0,0.0,0.0,0.0,0.0,0.0,0.0,0.0,0.0,0.0,0.0,0.0,0.0,65.6,0,120,58,53,65476,0,300,0,0,8,20529,65476,0,0,57672,80.0,0.0,0.0,0.0,0.0,0.0
2026-06-18T02:30:57,ERR,ERR,ERR,ERR,ERR,ERR,ERR,ERR,ERR,ERR,ERR,ERR,ERR,ERR,ERR,ERR,ERR,ERR,ERR,ERR,ERR,ERR,ERR,ERR,ERR,ERR,ERR,ERR,ERR,ERR,ERR,ERR,ERR,ERR,ERR,ERR,ERR,ERR,ERR,ERR,ERR,ERR,ERR,ERR,ERR,ERR,ERR,ERR,ERR,ERR,ERR,ERR,ERR,ERR,ERR,ERR,ERR,ERR,ERR,ERR,ERR,ERR,ERR,ERR,ERR,ERR,ERR,ERR,ERR,ERR,ERR,ERR,ERR,ERR,ERR,ERR,ERR,ERR,ERR,ERR,ERR,ERR,ERR,ERR,ERR,ERR,ERR,ERR,ERR,ERR,ERR,ERR,ERR,ERR,ERR,ERR,ERR,ERR,ERR,ERR,ERR,ERR,ERR,ERR,ERR,ERR,ERR,ERR,ERR,ERR,ERR,ERR,ERR,ERR,ERR,ERR,ERR,ERR,ERR,ERR,ERR,ERR,ERR,ERR,ERR,-0.0,0.0,0.0,0.059,0.0,1.3936040501711995e+18,7.805,-0.002,0,0,4,48930,6720,14723890282496.0,100,0.0,0.0,0.0,0.059,0.0,0,0,0,0,0.0,0,0,0,0,0,0,0,0,0,0,0,0,0,0,0,0,0,0,0,0,0,0,0,0,0,0,0,0,0,0,0,0,0,26,51,50,76,65476,0,300,0,0,8,21553,0.0,-107605600.0,0.0,0.0,0.0,0.0,0.0,0.0,0.0,0.0,0.0,0.0,0.0,0.0,0.0,0.0,0.0,0.0,0.0,0.0,0.0,0.0,0.0,2.004,-2.004,0.0,0.0,0.0,0.0,0.0,4780.0,0.0,7271.0,-0.0,0.0,-0.0,-107615392.0,0.0,0.0,0.0,0.0,77,0.059,0.0,0.0,0.0,0.0,0.0,0.0,0.0,0.0,0,0,0,0.0,0.0,0.0,0.0,0.0,0.0,0.0,0.0,0.0,0.0,0.0,0.0,0.0,0.0,0.0,0.0,0,-107875648.0,77,0.0,154,0.0,-0.0,ERR,ERR,ERR,ERR,ERR,ERR,ERR,ERR,ERR,ERR,ERR,ERR,ERR,ERR,ERR,ERR,ERR,ERR,ERR,ERR,ERR,ERR,ERR,ERR,ERR,ERR,ERR,ERR,ERR,ERR,ERR,ERR,ERR,ERR,ERR,ERR,ERR,ERR,ERR,ERR,ERR,ERR,ERR,ERR,ERR,ERR,ERR,ERR,ERR,ERR,ERR,ERR,ERR,ERR,ERR,ERR,ERR,ERR,ERR,ERR,ERR,ERR,ERR,ERR,ERR,ERR,ERR,34.0,80.0,35,0.0,0.0,0.0,0.0,0.0,0.0,0.0,0.0,0.0,0.0,0.0,0.0,0.0,0.0,0.0,0.0,65.6,0,120,58,53,65476,0,300,0,0,8,20529,65476,0,0,57672,80.0,0.0,0.0,0.0,0.0,0.0
2026-06-18T02:30:58,ERR,ERR,ERR,ERR,ERR,ERR,ERR,ERR,ERR,ERR,ERR,ERR,ERR,ERR,ERR,ERR,ERR,ERR,ERR,ERR,ERR,ERR,ERR,ERR,ERR,ERR,ERR,ERR,ERR,ERR,ERR,ERR,ERR,ERR,ERR,ERR,ERR,ERR,ERR,ERR,ERR,ERR,ERR,ERR,ERR,ERR,ERR,ERR,ERR,ERR,ERR,ERR,ERR,ERR,ERR,ERR,ERR,ERR,ERR,ERR,ERR,ERR,ERR,ERR,ERR,ERR,ERR,ERR,ERR,ERR,ERR,ERR,ERR,ERR,ERR,ERR,ERR,ERR,ERR,ERR,ERR,ERR,ERR,ERR,ERR,ERR,ERR,ERR,ERR,ERR,ERR,ERR,ERR,ERR,ERR,ERR,ERR,ERR,ERR,ERR,ERR,ERR,ERR,ERR,ERR,ERR,ERR,ERR,ERR,ERR,ERR,ERR,ERR,ERR,ERR,ERR,ERR,ERR,ERR,ERR,ERR,ERR,ERR,ERR,ERR,-0.0,0.0,0.0,0.059,0.0,1.3936040501711995e+18,7.805,-0.002,0,0,4,48930,6720,14723890282496.0,100,0.0,0.0,0.0,0.059,0.0,0,0,0,0,0.0,0,0,0,0,0,0,0,0,0,0,0,0,0,0,0,0,0,0,0,0,0,0,0,0,0,0,0,0,0,0,0,0,0,26,51,50,76,65476,0,300,0,0,8,21553,0.0,-107605600.0,0.0,0.0,0.0,0.0,0.0,0.0,0.0,0.0,0.0,0.0,0.0,0.0,0.0,0.0,0.0,0.0,0.0,0.0,0.0,0.0,0.0,2.004,-2.004,0.0,0.0,0.0,0.0,0.0,4780.0,0.0,7271.0,-0.0,0.0,-0.0,-107615392.0,0.0,0.0,0.0,0.0,77,0.059,0.0,0.0,0.0,0.0,0.0,0.0,0.0,0.0,0,0,0,0.0,0.0,0.0,0.0,0.0,0.0,0.0,0.0,0.0,0.0,0.0,0.0,0.0,0.0,0.0,0.0,0,-107875648.0,77,0.0,154,0.0,-0.0,ERR,ERR,ERR,ERR,ERR,ERR,ERR,ERR,ERR,ERR,ERR,ERR,ERR,ERR,ERR,ERR,ERR,ERR,ERR,ERR,ERR,ERR,ERR,ERR,ERR,ERR,ERR,ERR,ERR,ERR,ERR,ERR,ERR,ERR,ERR,ERR,ERR,ERR,ERR,ERR,ERR,ERR,ERR,ERR,ERR,ERR,ERR,ERR,ERR,ERR,ERR,ERR,ERR,ERR,ERR,ERR,ERR,ERR,ERR,ERR,ERR,ERR,ERR,ERR,ERR,ERR,ERR,34.0,80.0,35,0.0,0.0,0.0,0.0,0.0,0.0,0.0,0.0,0.0,0.0,0.0,0.0,0.0,0.0,0.0,0.0,65.6,0,120,58,53,65476,0,300,0,0,8,20529,65476,0,0,57672,80.0,0.0,0.0,0.0,0.0,0.0
2026-06-18T02:30:59,ERR,ERR,ERR,ERR,ERR,ERR,ERR,ERR,ERR,ERR,ERR,ERR,ERR,ERR,ERR,ERR,ERR,ERR,ERR,ERR,ERR,ERR,ERR,ERR,ERR,ERR,ERR,ERR,ERR,ERR,ERR,ERR,ERR,ERR,ERR,ERR,ERR,ERR,ERR,ERR,ERR,ERR,ERR,ERR,ERR,ERR,ERR,ERR,ERR,ERR,ERR,ERR,ERR,ERR,ERR,ERR,ERR,ERR,ERR,ERR,ERR,ERR,ERR,ERR,ERR,ERR,ERR,ERR,ERR,ERR,ERR,ERR,ERR,ERR,ERR,ERR,ERR,ERR,ERR,ERR,ERR,ERR,ERR,ERR,ERR,ERR,ERR,ERR,ERR,ERR,ERR,ERR,ERR,ERR,ERR,ERR,ERR,ERR,ERR,ERR,ERR,ERR,ERR,ERR,ERR,ERR,ERR,ERR,ERR,ERR,ERR,ERR,ERR,ERR,ERR,ERR,ERR,ERR,ERR,ERR,ERR,ERR,ERR,ERR,ERR,-0.0,0.0,0.0,0.059,0.0,1.3936040501711995e+18,7.805,-0.002,0,0,4,48930,6720,14723890282496.0,100,0.0,0.0,0.0,0.059,0.0,0,0,0,0,0.0,0,0,0,0,0,0,0,0,0,0,0,0,0,0,0,0,0,0,0,0,0,0,0,0,0,0,0,0,0,0,0,0,0,26,51,50,76,65476,0,300,0,0,8,21553,0.0,-107605600.0,0.0,0.0,0.0,0.0,0.0,0.0,0.0,0.0,0.0,0.0,0.0,0.0,0.0,0.0,0.0,0.0,0.0,0.0,0.0,0.0,0.0,2.004,-2.004,0.0,0.0,0.0,0.0,0.0,4780.0,0.0,7271.0,-0.0,0.0,-0.0,-107615392.0,0.0,0.0,0.0,0.0,77,0.059,0.0,0.0,0.0,0.0,0.0,0.0,0.0,0.0,0,0,0,0.0,0.0,0.0,0.0,0.0,0.0,0.0,0.0,0.0,0.0,0.0,0.0,0.0,0.0,0.0,0.0,0,-107875648.0,77,0.0,154,0.0,-0.0,ERR,ERR,ERR,ERR,ERR,ERR,ERR,ERR,ERR,ERR,ERR,ERR,ERR,ERR,ERR,ERR,ERR,ERR,ERR,ERR,ERR,ERR,ERR,ERR,ERR,ERR,ERR,ERR,ERR,ERR,ERR,ERR,ERR,ERR,ERR,ERR,ERR,ERR,ERR,ERR,ERR,ERR,ERR,ERR,ERR,ERR,ERR,ERR,ERR,ERR,ERR,ERR,ERR,ERR,ERR,ERR,ERR,ERR,ERR,ERR,ERR,ERR,ERR,ERR,ERR,ERR,ERR,34.0,80.0,35,0.0,0.0,0.0,0.0,0.0,0.0,0.0,0.0,0.0,0.0,0.0,0.0,0.0,0.0,0.0,0.0,65.6,0,120,58,53,65476,0,300,0,0,8,20529,65476,0,0,57672,80.0,0.0,0.0,0.0,0.0,0.0
2026-06-18T02:31:00,ERR,ERR,ERR,ERR,ERR,ERR,ERR,ERR,ERR,ERR,ERR,ERR,ERR,ERR,ERR,ERR,ERR,ERR,ERR,ERR,ERR,ERR,ERR,ERR,ERR,ERR,ERR,ERR,ERR,ERR,ERR,ERR,ERR,ERR,ERR,ERR,ERR,ERR,ERR,ERR,ERR,ERR,ERR,ERR,ERR,ERR,ERR,ERR,ERR,ERR,ERR,ERR,ERR,ERR,ERR,ERR,ERR,ERR,ERR,ERR,ERR,ERR,ERR,ERR,ERR,ERR,ERR,ERR,ERR,ERR,ERR,ERR,ERR,ERR,ERR,ERR,ERR,ERR,ERR,ERR,ERR,ERR,ERR,ERR,ERR,ERR,ERR,ERR,ERR,ERR,ERR,ERR,ERR,ERR,ERR,ERR,ERR,ERR,ERR,ERR,ERR,ERR,ERR,ERR,ERR,ERR,ERR,ERR,ERR,ERR,ERR,ERR,ERR,ERR,ERR,ERR,ERR,ERR,ERR,ERR,ERR,ERR,ERR,ERR,ERR,-0.0,0.0,0.0,0.059,0.0,1.3936040501711995e+18,7.805,-0.002,0,0,4,48930,6720,14723890282496.0,100,0.0,0.0,0.0,0.059,0.0,0,0,0,0,0.0,0,0,0,0,0,0,0,0,0,0,0,0,0,0,0,0,0,0,0,0,0,0,0,0,0,0,0,0,0,0,0,0,0,26,51,50,76,65476,0,300,0,0,8,21553,0.0,-107605600.0,0.0,0.0,0.0,0.0,0.0,0.0,0.0,0.0,0.0,0.0,0.0,0.0,0.0,0.0,0.0,0.0,0.0,0.0,0.0,0.0,0.0,2.004,-2.004,0.0,0.0,0.0,0.0,0.0,4780.0,0.0,7271.0,-0.0,0.0,-0.0,-107615392.0,0.0,0.0,0.0,0.0,77,0.059,0.0,0.0,0.0,0.0,0.0,0.0,0.0,0.0,0,0,0,0.0,0.0,0.0,0.0,0.0,0.0,0.0,0.0,0.0,0.0,0.0,0.0,0.0,0.0,0.0,0.0,0,-107875648.0,77,0.0,154,0.0,-0.0,ERR,ERR,ERR,ERR,ERR,ERR,ERR,ERR,ERR,ERR,ERR,ERR,ERR,ERR,ERR,ERR,ERR,ERR,ERR,ERR,ERR,ERR,ERR,ERR,ERR,ERR,ERR,ERR,ERR,ERR,ERR,ERR,ERR,ERR,ERR,ERR,ERR,ERR,ERR,ERR,ERR,ERR,ERR,ERR,ERR,ERR,ERR,ERR,ERR,ERR,ERR,ERR,ERR,ERR,ERR,ERR,ERR,ERR,ERR,ERR,ERR,ERR,ERR,ERR,ERR,ERR,ERR,34.0,80.0,35,0.0,0.0,0.0,0.0,0.0,0.0,0.0,0.0,0.0,0.0,0.0,0.0,0.0,0.0,0.0,0.0,65.6,0,120,58,53,65476,0,300,0,0,8,20529,65476,0,0,57672,80.0,0.0,0.0,0.0,0.0,0.0
2026-06-18T02:31:01,ERR,ERR,ERR,ERR,ERR,ERR,ERR,ERR,ERR,ERR,ERR,ERR,ERR,ERR,ERR,ERR,ERR,ERR,ERR,ERR,ERR,ERR,ERR,ERR,ERR,ERR,ERR,ERR,ERR,ERR,ERR,ERR,ERR,ERR,ERR,ERR,ERR,ERR,ERR,ERR,ERR,ERR,ERR,ERR,ERR,ERR,ERR,ERR,ERR,ERR,ERR,ERR,ERR,ERR,ERR,ERR,ERR,ERR,ERR,ERR,ERR,ERR,ERR,ERR,ERR,ERR,ERR,ERR,ERR,ERR,ERR,ERR,ERR,ERR,ERR,ERR,ERR,ERR,ERR,ERR,ERR,ERR,ERR,ERR,ERR,ERR,ERR,ERR,ERR,ERR,ERR,ERR,ERR,ERR,ERR,ERR,ERR,ERR,ERR,ERR,ERR,ERR,ERR,ERR,ERR,ERR,ERR,ERR,ERR,ERR,ERR,ERR,ERR,ERR,ERR,ERR,ERR,ERR,ERR,ERR,ERR,ERR,ERR,ERR,ERR,-0.0,2.718431101732002e+23,-0.0,0.0,-0.0,1.3936040501711995e+18,7.805,-0.0,0,0,4,48930,6720,14723890282496.0,100,0.0,0.0,0.0,-4.9501291711397626e+32,0.0,0,0,0,0,0.0,0,0,0,0,0,0,0,0,0,0,0,0,0,0,0,0,0,0,0,0,0,0,0,0,0,0,0,0,0,0,0,0,0,26,51,50,76,65476,0,300,0,0,8,21553,0.0,-107605600.0,0.0,0.0,0.0,0.0,0.0,0.0,0.0,0.0,0.0,0.0,0.0,0.0,0.0,0.0,0.0,0.0,0.0,0.0,0.0,0.0,-2.004,-0.0,0.0,0.0,0.0,0.0,0.0,0.0,4781.0,0.0,7271.0,-0.0,0.0,-0.0,-107615392.0,0.0,0.0,0.0,0.0,77,71.63,0.0,0.0,0.0,0.0,0.0,0.0,0.0,0.0,0,0,0,0.0,0.0,0.0,0.0,0.0,0.0,0.0,0.0,0.0,0.0,0.0,0.0,0.0,0.0,0.0,0.0,0,-107875648.0,77,0.0,154,0.0,-0.0,ERR,ERR,ERR,ERR,ERR,ERR,ERR,ERR,ERR,ERR,ERR,ERR,ERR,ERR,ERR,ERR,ERR,ERR,ERR,ERR,ERR,ERR,ERR,ERR,ERR,ERR,ERR,ERR,ERR,ERR,ERR,ERR,ERR,ERR,ERR,ERR,ERR,ERR,ERR,ERR,ERR,ERR,ERR,ERR,ERR,ERR,ERR,ERR,ERR,ERR,ERR,ERR,ERR,ERR,ERR,ERR,ERR,ERR,ERR,ERR,ERR,ERR,ERR,ERR,ERR,ERR,ERR,34.0,80.0,35,0.0,0.0,0.0,0.0,0.0,0.0,0.0,0.0,0.0,0.0,0.0,0.0,0.0,0.0,0.0,0.0,65.6,0,120,58,53,65476,0,300,0,0,8,20529,65476,0,0,57672,80.0,0.0,0.0,0.0,0.0,0.0
2026-06-18T02:31:02,ERR,ERR,ERR,ERR,ERR,ERR,ERR,ERR,ERR,ERR,ERR,ERR,ERR,ERR,ERR,ERR,ERR,ERR,ERR,ERR,ERR,ERR,ERR,ERR,ERR,ERR,ERR,ERR,ERR,ERR,ERR,ERR,ERR,ERR,ERR,ERR,ERR,ERR,ERR,ERR,ERR,ERR,ERR,ERR,ERR,ERR,ERR,ERR,ERR,ERR,ERR,ERR,ERR,ERR,ERR,ERR,ERR,ERR,ERR,ERR,ERR,ERR,ERR,ERR,ERR,ERR,ERR,ERR,ERR,ERR,ERR,ERR,ERR,ERR,ERR,ERR,ERR,ERR,ERR,ERR,ERR,ERR,ERR,ERR,ERR,ERR,ERR,ERR,ERR,ERR,ERR,ERR,ERR,ERR,ERR,ERR,ERR,ERR,ERR,ERR,ERR,ERR,ERR,ERR,ERR,ERR,ERR,ERR,ERR,ERR,ERR,ERR,ERR,ERR,ERR,ERR,ERR,ERR,ERR,ERR,ERR,ERR,ERR,ERR,ERR,-0.0,2.718431101732002e+23,-0.0,0.0,-0.0,1.3936040501711995e+18,7.805,-0.0,0,0,4,48930,6720,14723890282496.0,100,0.0,0.0,0.0,-4.9501291711397626e+32,0.0,0,0,0,0,0.0,0,0,0,0,0,0,0,0,0,0,0,0,0,0,0,0,0,0,0,0,0,0,0,0,0,0,0,0,0,0,0,0,0,26,51,50,76,65476,0,300,0,0,8,21553,0.0,-107605600.0,0.0,0.0,0.0,0.0,0.0,0.0,0.0,0.0,0.0,0.0,0.0,0.0,0.0,0.0,0.0,0.0,0.0,0.0,0.0,0.0,-2.004,-0.0,0.0,0.0,0.0,0.0,0.0,0.0,4781.0,0.0,7271.0,-0.0,0.0,-0.0,-107615392.0,0.0,0.0,0.0,0.0,77,71.63,0.0,0.0,0.0,0.0,0.0,0.0,0.0,0.0,0,0,0,0.0,0.0,0.0,0.0,0.0,0.0,0.0,0.0,0.0,0.0,0.0,0.0,0.0,0.0,0.0,0.0,0,-107875648.0,77,0.0,154,0.0,-0.0,ERR,ERR,ERR,ERR,ERR,ERR,ERR,ERR,ERR,ERR,ERR,ERR,ERR,ERR,ERR,ERR,ERR,ERR,ERR,ERR,ERR,ERR,ERR,ERR,ERR,ERR,ERR,ERR,ERR,ERR,ERR,ERR,ERR,ERR,ERR,ERR,ERR,ERR,ERR,ERR,ERR,ERR,ERR,ERR,ERR,ERR,ERR,ERR,ERR,ERR,ERR,ERR,ERR,ERR,ERR,ERR,ERR,ERR,ERR,ERR,ERR,ERR,ERR,ERR,ERR,ERR,ERR,34.0,80.0,35,0.0,0.0,0.0,0.0,0.0,0.0,0.0,0.0,0.0,0.0,0.0,0.0,0.0,0.0,0.0,0.0,65.6,0,120,58,53,65476,0,300,0,0,8,20529,65476,0,0,57672,80.0,0.0,0.0,0.0,0.0,0.0
2026-06-18T02:31:03,ERR,ERR,ERR,ERR,ERR,ERR,ERR,ERR,ERR,ERR,ERR,ERR,ERR,ERR,ERR,ERR,ERR,ERR,ERR,ERR,ERR,ERR,ERR,ERR,ERR,ERR,ERR,ERR,ERR,ERR,ERR,ERR,ERR,ERR,ERR,ERR,ERR,ERR,ERR,ERR,ERR,ERR,ERR,ERR,ERR,ERR,ERR,ERR,ERR,ERR,ERR,ERR,ERR,ERR,ERR,ERR,ERR,ERR,ERR,ERR,ERR,ERR,ERR,ERR,ERR,ERR,ERR,ERR,ERR,ERR,ERR,ERR,ERR,ERR,ERR,ERR,ERR,ERR,ERR,ERR,ERR,ERR,ERR,ERR,ERR,ERR,ERR,ERR,ERR,ERR,ERR,ERR,ERR,ERR,ERR,ERR,ERR,ERR,ERR,ERR,ERR,ERR,ERR,ERR,ERR,ERR,ERR,ERR,ERR,ERR,ERR,ERR,ERR,ERR,ERR,ERR,ERR,ERR,ERR,ERR,ERR,ERR,ERR,ERR,ERR,-0.0,2.718431101732002e+23,-0.0,0.0,-0.0,1.3936040501711995e+18,7.805,-0.0,0,0,4,48930,6720,14723890282496.0,100,0.0,0.0,0.0,-4.9501291711397626e+32,0.0,0,0,0,0,0.0,0,0,0,0,0,0,0,0,0,0,0,0,0,0,0,0,0,0,0,0,0,0,0,0,0,0,0,0,0,0,0,0,0,26,51,50,76,65476,0,300,0,0,8,21553,0.0,-107605600.0,0.0,0.0,0.0,0.0,0.0,0.0,0.0,0.0,0.0,0.0,0.0,0.0,0.0,0.0,0.0,0.0,0.0,0.0,0.0,0.0,-2.004,-0.0,0.0,0.0,0.0,0.0,0.0,0.0,4781.0,0.0,7271.0,-0.0,0.0,-0.0,-107615392.0,0.0,0.0,0.0,0.0,77,71.63,0.0,0.0,0.0,0.0,0.0,0.0,0.0,0.0,0,0,0,0.0,0.0,0.0,0.0,0.0,0.0,0.0,0.0,0.0,0.0,0.0,0.0,0.0,0.0,0.0,0.0,0,-107875648.0,77,0.0,154,0.0,-0.0,ERR,ERR,ERR,ERR,ERR,ERR,ERR,ERR,ERR,ERR,ERR,ERR,ERR,ERR,ERR,ERR,ERR,ERR,ERR,ERR,ERR,ERR,ERR,ERR,ERR,ERR,ERR,ERR,ERR,ERR,ERR,ERR,ERR,ERR,ERR,ERR,ERR,ERR,ERR,ERR,ERR,ERR,ERR,ERR,ERR,ERR,ERR,ERR,ERR,ERR,ERR,ERR,ERR,ERR,ERR,ERR,ERR,ERR,ERR,ERR,ERR,ERR,ERR,ERR,ERR,ERR,ERR,34.0,80.0,35,0.0,0.0,0.0,0.0,0.0,0.0,0.0,0.0,0.0,0.0,0.0,0.0,0.0,0.0,0.0,0.0,65.6,0,120,58,53,65476,0,300,0,0,8,20529,65476,0,0,57672,80.0,0.0,0.0,0.0,0.0,0.0
2026-06-18T02:31:04,ERR,ERR,ERR,ERR,ERR,ERR,ERR,ERR,ERR,ERR,ERR,ERR,ERR,ERR,ERR,ERR,ERR,ERR,ERR,ERR,ERR,ERR,ERR,ERR,ERR,ERR,ERR,ERR,ERR,ERR,ERR,ERR,ERR,ERR,ERR,ERR,ERR,ERR,ERR,ERR,ERR,ERR,ERR,ERR,ERR,ERR,ERR,ERR,ERR,ERR,ERR,ERR,ERR,ERR,ERR,ERR,ERR,ERR,ERR,ERR,ERR,ERR,ERR,ERR,ERR,ERR,ERR,ERR,ERR,ERR,ERR,ERR,ERR,ERR,ERR,ERR,ERR,ERR,ERR,ERR,ERR,ERR,ERR,ERR,ERR,ERR,ERR,ERR,ERR,ERR,ERR,ERR,ERR,ERR,ERR,ERR,ERR,ERR,ERR,ERR,ERR,ERR,ERR,ERR,ERR,ERR,ERR,ERR,ERR,ERR,ERR,ERR,ERR,ERR,ERR,ERR,ERR,ERR,ERR,ERR,ERR,ERR,ERR,ERR,ERR,-0.0,2.718431101732002e+23,-0.0,0.0,-0.0,1.3936040501711995e+18,7.805,-0.0,0,0,4,48930,6720,14723890282496.0,100,0.0,0.0,0.0,-4.9501291711397626e+32,0.0,0,0,0,0,0.0,0,0,0,0,0,0,0,0,0,0,0,0,0,0,0,0,0,0,0,0,0,0,0,0,0,0,0,0,0,0,0,0,0,26,51,50,76,65476,0,300,0,0,8,21553,0.0,-107605600.0,0.0,0.0,0.0,0.0,0.0,0.0,0.0,0.0,0.0,0.0,0.0,0.0,0.0,0.0,0.0,0.0,0.0,0.0,0.0,0.0,-2.004,-0.0,0.0,0.0,0.0,0.0,0.0,0.0,4781.0,0.0,7271.0,-0.0,0.0,-0.0,-107615392.0,0.0,0.0,0.0,0.0,77,71.63,0.0,0.0,0.0,0.0,0.0,0.0,0.0,0.0,0,0,0,0.0,0.0,0.0,0.0,0.0,0.0,0.0,0.0,0.0,0.0,0.0,0.0,0.0,0.0,0.0,0.0,0,-107875648.0,77,0.0,154,0.0,-0.0,ERR,ERR,ERR,ERR,ERR,ERR,ERR,ERR,ERR,ERR,ERR,ERR,ERR,ERR,ERR,ERR,ERR,ERR,ERR,ERR,ERR,ERR,ERR,ERR,ERR,ERR,ERR,ERR,ERR,ERR,ERR,ERR,ERR,ERR,ERR,ERR,ERR,ERR,ERR,ERR,ERR,ERR,ERR,ERR,ERR,ERR,ERR,ERR,ERR,ERR,ERR,ERR,ERR,ERR,ERR,ERR,ERR,ERR,ERR,ERR,ERR,ERR,ERR,ERR,ERR,ERR,ERR,34.0,80.0,35,0.0,0.0,0.0,0.0,0.0,0.0,0.0,0.0,0.0,0.0,0.0,0.0,0.0,0.0,0.0,0.0,65.6,0,120,58,53,65476,0,300,0,0,8,20529,65476,0,0,57672,80.0,0.0,0.0,0.0,0.0,0.0
2026-06-18T02:31:05,ERR,ERR,ERR,ERR,ERR,ERR,ERR,ERR,ERR,ERR,ERR,ERR,ERR,ERR,ERR,ERR,ERR,ERR,ERR,ERR,ERR,ERR,ERR,ERR,ERR,ERR,ERR,ERR,ERR,ERR,ERR,ERR,ERR,ERR,ERR,ERR,ERR,ERR,ERR,ERR,ERR,ERR,ERR,ERR,ERR,ERR,ERR,ERR,ERR,ERR,ERR,ERR,ERR,ERR,ERR,ERR,ERR,ERR,ERR,ERR,ERR,ERR,ERR,ERR,ERR,ERR,ERR,ERR,ERR,ERR,ERR,ERR,ERR,ERR,ERR,ERR,ERR,ERR,ERR,ERR,ERR,ERR,ERR,ERR,ERR,ERR,ERR,ERR,ERR,ERR,ERR,ERR,ERR,ERR,ERR,ERR,ERR,ERR,ERR,ERR,ERR,ERR,ERR,ERR,ERR,ERR,ERR,ERR,ERR,ERR,ERR,ERR,ERR,ERR,ERR,ERR,ERR,ERR,ERR,ERR,ERR,ERR,ERR,ERR,ERR,-0.0,2.718431101732002e+23,-0.0,0.0,-0.0,1.3936040501711995e+18,7.805,-0.0,0,0,4,48930,6720,14723890282496.0,100,0.0,0.0,0.0,-4.9501291711397626e+32,0.0,0,0,0,0,0.0,0,0,0,0,0,0,0,0,0,0,0,0,0,0,0,0,0,0,0,0,0,0,0,0,0,0,0,0,0,0,0,0,0,26,51,50,76,65476,0,300,0,0,8,21553,0.0,-107605600.0,0.0,0.0,0.0,0.0,0.0,0.0,0.0,0.0,0.0,0.0,0.0,0.0,0.0,0.0,0.0,0.0,0.0,0.0,0.0,0.0,-2.004,-0.0,0.0,0.0,0.0,0.0,0.0,0.0,4781.0,0.0,7271.0,-0.0,0.0,-0.0,-107615392.0,0.0,0.0,0.0,0.0,77,71.63,0.0,0.0,0.0,0.0,0.0,0.0,0.0,0.0,0,0,0,0.0,0.0,0.0,0.0,0.0,0.0,0.0,0.0,0.0,0.0,0.0,0.0,0.0,0.0,0.0,0.0,0,-107875648.0,77,0.0,154,0.0,-0.0,ERR,ERR,ERR,ERR,ERR,ERR,ERR,ERR,ERR,ERR,ERR,ERR,ERR,ERR,ERR,ERR,ERR,ERR,ERR,ERR,ERR,ERR,ERR,ERR,ERR,ERR,ERR,ERR,ERR,ERR,ERR,ERR,ERR,ERR,ERR,ERR,ERR,ERR,ERR,ERR,ERR,ERR,ERR,ERR,ERR,ERR,ERR,ERR,ERR,ERR,ERR,ERR,ERR,ERR,ERR,ERR,ERR,ERR,ERR,ERR,ERR,ERR,ERR,ERR,ERR,ERR,ERR,34.0,80.0,35,0.0,0.0,0.0,0.0,0.0,0.0,0.0,0.0,0.0,0.0,0.0,0.0,0.0,0.0,0.0,0.0,65.6,0,120,58,53,65476,0,300,0,0,8,20529,65476,0,0,57672,80.0,0.0,0.0,0.0,0.0,0.0
2026-06-18T02:31:06,ERR,ERR,ERR,ERR,ERR,ERR,ERR,ERR,ERR,ERR,ERR,ERR,ERR,ERR,ERR,ERR,ERR,ERR,ERR,ERR,ERR,ERR,ERR,ERR,ERR,ERR,ERR,ERR,ERR,ERR,ERR,ERR,ERR,ERR,ERR,ERR,ERR,ERR,ERR,ERR,ERR,ERR,ERR,ERR,ERR,ERR,ERR,ERR,ERR,ERR,ERR,ERR,ERR,ERR,ERR,ERR,ERR,ERR,ERR,ERR,ERR,ERR,ERR,ERR,ERR,ERR,ERR,ERR,ERR,ERR,ERR,ERR,ERR,ERR,ERR,ERR,ERR,ERR,ERR,ERR,ERR,ERR,ERR,ERR,ERR,ERR,ERR,ERR,ERR,ERR,ERR,ERR,ERR,ERR,ERR,ERR,ERR,ERR,ERR,ERR,ERR,ERR,ERR,ERR,ERR,ERR,ERR,ERR,ERR,ERR,ERR,ERR,ERR,ERR,ERR,ERR,ERR,ERR,ERR,ERR,ERR,ERR,ERR,ERR,ERR,2.7184312818759872e+23,2.718431101732002e+23,0.0,89215.008,-0.0,1.3936040501711995e+18,7.805,0.0,0,0,4,48957,6720,14723890282496.0,100,0.0,0.0,0.0,-4.9501291711397626e+32,0.0,0,0,0,0,0.0,0,0,0,0,0,0,0,0,0,0,0,0,0,0,0,0,0,0,0,0,0,0,0,0,0,0,0,0,0,0,0,0,0,26,51,50,76,65476,0,300,0,0,8,21553,0.0,-107605600.0,0.0,0.0,0.0,0.0,0.0,0.0,0.0,0.0,0.0,0.0,0.0,0.0,0.0,0.0,0.0,0.0,0.0,0.0,0.0,0.0,-2.004,2.004,0.0,0.0,0.0,0.0,0.0,0.0,4780.0,131350.328,7273.0,-0.0,2.718431101732002e+23,-107615360.0,-107615392.0,0.0,0.0,0.0,0.0,77,0.059,0.0,0.0,0.0,0.0,0.0,0.0,0.0,0.0,0,0,0,0.0,0.0,0.0,0.0,0.0,0.0,0.0,0.0,0.0,0.0,0.0,0.0,0.0,0.0,0.0,0.0,0,-107875648.0,77,0.0,154,0.0,0.0,ERR,ERR,ERR,ERR,ERR,ERR,ERR,ERR,ERR,ERR,ERR,ERR,ERR,ERR,ERR,ERR,ERR,ERR,ERR,ERR,ERR,ERR,ERR,ERR,ERR,ERR,ERR,ERR,ERR,ERR,ERR,ERR,ERR,ERR,ERR,ERR,ERR,ERR,ERR,ERR,ERR,ERR,ERR,ERR,ERR,ERR,ERR,ERR,ERR,ERR,ERR,ERR,ERR,ERR,ERR,ERR,ERR,ERR,ERR,ERR,ERR,ERR,ERR,ERR,ERR,ERR,ERR,34.0,80.0,35,0.0,0.0,0.0,0.0,0.0,0.0,0.0,0.0,0.0,0.0,0.0,0.0,0.0,0.0,0.0,0.0,65.6,0,120,58,53,65476,0,300,0,0,8,20529,65476,0,0,57672,80.0,0.0,0.0,0.0,0.0,0.0
2026-06-18T02:31:07,ERR,ERR,ERR,ERR,ERR,ERR,ERR,ERR,ERR,ERR,ERR,ERR,ERR,ERR,ERR,ERR,ERR,ERR,ERR,ERR,ERR,ERR,ERR,ERR,ERR,ERR,ERR,ERR,ERR,ERR,ERR,ERR,ERR,ERR,ERR,ERR,ERR,ERR,ERR,ERR,ERR,ERR,ERR,ERR,ERR,ERR,ERR,ERR,ERR,ERR,ERR,ERR,ERR,ERR,ERR,ERR,ERR,ERR,ERR,ERR,ERR,ERR,ERR,ERR,ERR,ERR,ERR,ERR,ERR,ERR,ERR,ERR,ERR,ERR,ERR,ERR,ERR,ERR,ERR,ERR,ERR,ERR,ERR,ERR,ERR,ERR,ERR,ERR,ERR,ERR,ERR,ERR,ERR,ERR,ERR,ERR,ERR,ERR,ERR,ERR,ERR,ERR,ERR,ERR,ERR,ERR,ERR,ERR,ERR,ERR,ERR,ERR,ERR,ERR,ERR,ERR,ERR,ERR,ERR,ERR,ERR,ERR,ERR,ERR,ERR,2.7184312818759872e+23,2.718431101732002e+23,0.0,89215.008,-0.0,1.3936040501711995e+18,7.805,0.0,0,0,4,48957,6720,14723890282496.0,100,0.0,0.0,0.0,-4.9501291711397626e+32,0.0,0,0,0,0,0.0,0,0,0,0,0,0,0,0,0,0,0,0,0,0,0,0,0,0,0,0,0,0,0,0,0,0,0,0,0,0,0,0,0,26,51,50,76,65476,0,300,0,0,8,21553,0.0,-107605600.0,0.0,0.0,0.0,0.0,0.0,0.0,0.0,0.0,0.0,0.0,0.0,0.0,0.0,0.0,0.0,0.0,0.0,0.0,0.0,0.0,-2.004,2.004,0.0,0.0,0.0,0.0,0.0,0.0,4780.0,131350.328,7273.0,-0.0,2.718431101732002e+23,-107615360.0,-107615392.0,0.0,0.0,0.0,0.0,77,0.059,0.0,0.0,0.0,0.0,0.0,0.0,0.0,0.0,0,0,0,0.0,0.0,0.0,0.0,0.0,0.0,0.0,0.0,0.0,0.0,0.0,0.0,0.0,0.0,0.0,0.0,0,-107875648.0,77,0.0,154,0.0,0.0,ERR,ERR,ERR,ERR,ERR,ERR,ERR,ERR,ERR,ERR,ERR,ERR,ERR,ERR,ERR,ERR,ERR,ERR,ERR,ERR,ERR,ERR,ERR,ERR,ERR,ERR,ERR,ERR,ERR,ERR,ERR,ERR,ERR,ERR,ERR,ERR,ERR,ERR,ERR,ERR,ERR,ERR,ERR,ERR,ERR,ERR,ERR,ERR,ERR,ERR,ERR,ERR,ERR,ERR,ERR,ERR,ERR,ERR,ERR,ERR,ERR,ERR,ERR,ERR,ERR,ERR,ERR,34.0,80.0,35,0.0,0.0,0.0,0.0,0.0,0.0,0.0,0.0,0.0,0.0,0.0,0.0,0.0,0.0,0.0,0.0,65.6,0,120,58,53,65476,0,300,0,0,8,20529,65476,0,0,57672,80.0,0.0,0.0,0.0,0.0,0.0
2026-06-18T02:31:08,ERR,ERR,ERR,ERR,ERR,ERR,ERR,ERR,ERR,ERR,ERR,ERR,ERR,ERR,ERR,ERR,ERR,ERR,ERR,ERR,ERR,ERR,ERR,ERR,ERR,ERR,ERR,ERR,ERR,ERR,ERR,ERR,ERR,ERR,ERR,ERR,ERR,ERR,ERR,ERR,ERR,ERR,ERR,ERR,ERR,ERR,ERR,ERR,ERR,ERR,ERR,ERR,ERR,ERR,ERR,ERR,ERR,ERR,ERR,ERR,ERR,ERR,ERR,ERR,ERR,ERR,ERR,ERR,ERR,ERR,ERR,ERR,ERR,ERR,ERR,ERR,ERR,ERR,ERR,ERR,ERR,ERR,ERR,ERR,ERR,ERR,ERR,ERR,ERR,ERR,ERR,ERR,ERR,ERR,ERR,ERR,ERR,ERR,ERR,ERR,ERR,ERR,ERR,ERR,ERR,ERR,ERR,ERR,ERR,ERR,ERR,ERR,ERR,ERR,ERR,ERR,ERR,ERR,ERR,ERR,ERR,ERR,ERR,ERR,ERR,2.7184312818759872e+23,2.718431101732002e+23,0.0,89215.008,-0.0,1.3936040501711995e+18,7.805,0.0,0,0,4,48957,6720,14723890282496.0,100,0.0,0.0,0.0,-4.9501291711397626e+32,0.0,0,0,0,0,0.0,0,0,0,0,0,0,0,0,0,0,0,0,0,0,0,0,0,0,0,0,0,0,0,0,0,0,0,0,0,0,0,0,0,26,51,50,76,65476,0,300,0,0,8,21553,0.0,-107605600.0,0.0,0.0,0.0,0.0,0.0,0.0,0.0,0.0,0.0,0.0,0.0,0.0,0.0,0.0,0.0,0.0,0.0,0.0,0.0,0.0,-2.004,2.004,0.0,0.0,0.0,0.0,0.0,0.0,4780.0,131350.328,7273.0,-0.0,2.718431101732002e+23,-107615360.0,-107615392.0,0.0,0.0,0.0,0.0,77,0.059,0.0,0.0,0.0,0.0,0.0,0.0,0.0,0.0,0,0,0,0.0,0.0,0.0,0.0,0.0,0.0,0.0,0.0,0.0,0.0,0.0,0.0,0.0,0.0,0.0,0.0,0,-107875648.0,77,0.0,154,0.0,0.0,ERR,ERR,ERR,ERR,ERR,ERR,ERR,ERR,ERR,ERR,ERR,ERR,ERR,ERR,ERR,ERR,ERR,ERR,ERR,ERR,ERR,ERR,ERR,ERR,ERR,ERR,ERR,ERR,ERR,ERR,ERR,ERR,ERR,ERR,ERR,ERR,ERR,ERR,ERR,ERR,ERR,ERR,ERR,ERR,ERR,ERR,ERR,ERR,ERR,ERR,ERR,ERR,ERR,ERR,ERR,ERR,ERR,ERR,ERR,ERR,ERR,ERR,ERR,ERR,ERR,ERR,ERR,34.0,80.0,35,0.0,0.0,0.0,0.0,0.0,0.0,0.0,0.0,0.0,0.0,0.0,0.0,0.0,0.0,0.0,0.0,66.4,0,120,58,53,65476,0,300,0,0,8,20529,65476,0,0,57672,80.0,0.0,0.0,0.0,0.0,0.0
2026-06-18T02:31:09,ERR,ERR,ERR,ERR,ERR,ERR,ERR,ERR,ERR,ERR,ERR,ERR,ERR,ERR,ERR,ERR,ERR,ERR,ERR,ERR,ERR,ERR,ERR,ERR,ERR,ERR,ERR,ERR,ERR,ERR,ERR,ERR,ERR,ERR,ERR,ERR,ERR,ERR,ERR,ERR,ERR,ERR,ERR,ERR,ERR,ERR,ERR,ERR,ERR,ERR,ERR,ERR,ERR,ERR,ERR,ERR,ERR,ERR,ERR,ERR,ERR,ERR,ERR,ERR,ERR,ERR,ERR,ERR,ERR,ERR,ERR,ERR,ERR,ERR,ERR,ERR,ERR,ERR,ERR,ERR,ERR,ERR,ERR,ERR,ERR,ERR,ERR,ERR,ERR,ERR,ERR,ERR,ERR,ERR,ERR,ERR,ERR,ERR,ERR,ERR,ERR,ERR,ERR,ERR,ERR,ERR,ERR,ERR,ERR,ERR,ERR,ERR,ERR,ERR,ERR,ERR,ERR,ERR,ERR,ERR,ERR,ERR,ERR,ERR,ERR,2.7184312818759872e+23,2.718431101732002e+23,0.0,89215.008,-0.0,1.3936040501711995e+18,7.805,0.0,0,0,4,48957,6720,14723890282496.0,100,0.0,0.0,0.0,-4.9501291711397626e+32,0.0,0,0,0,0,0.0,0,0,0,0,0,0,0,0,0,0,0,0,0,0,0,0,0,0,0,0,0,0,0,0,0,0,0,0,0,0,0,0,0,26,51,50,76,65476,0,300,0,0,8,21553,0.0,-107605600.0,0.0,0.0,0.0,0.0,0.0,0.0,0.0,0.0,0.0,0.0,0.0,0.0,0.0,0.0,0.0,0.0,0.0,0.0,0.0,0.0,-2.004,2.004,0.0,0.0,0.0,0.0,0.0,0.0,4780.0,131350.328,7273.0,-0.0,2.718431101732002e+23,-107615360.0,-107615392.0,0.0,0.0,0.0,0.0,77,0.059,0.0,0.0,0.0,0.0,0.0,0.0,0.0,0.0,0,0,0,0.0,0.0,0.0,0.0,0.0,0.0,0.0,0.0,0.0,0.0,0.0,0.0,0.0,0.0,0.0,0.0,0,-107875648.0,77,0.0,154,0.0,0.0,ERR,ERR,ERR,ERR,ERR,ERR,ERR,ERR,ERR,ERR,ERR,ERR,ERR,ERR,ERR,ERR,ERR,ERR,ERR,ERR,ERR,ERR,ERR,ERR,ERR,ERR,ERR,ERR,ERR,ERR,ERR,ERR,ERR,ERR,ERR,ERR,ERR,ERR,ERR,ERR,ERR,ERR,ERR,ERR,ERR,ERR,ERR,ERR,ERR,ERR,ERR,ERR,ERR,ERR,ERR,ERR,ERR,ERR,ERR,ERR,ERR,ERR,ERR,ERR,ERR,ERR,ERR,34.0,80.0,35,0.0,0.0,0.0,0.0,0.0,0.0,0.0,0.0,0.0,0.0,0.0,0.0,0.0,0.0,0.0,0.0,66.4,0,120,58,53,65476,0,300,0,0,8,20529,65476,0,0,57672,80.0,0.0,0.0,0.0,0.0,0.0
2026-06-18T02:31:10,ERR,ERR,ERR,ERR,ERR,ERR,ERR,ERR,ERR,ERR,ERR,ERR,ERR,ERR,ERR,ERR,ERR,ERR,ERR,ERR,ERR,ERR,ERR,ERR,ERR,ERR,ERR,ERR,ERR,ERR,ERR,ERR,ERR,ERR,ERR,ERR,ERR,ERR,ERR,ERR,ERR,ERR,ERR,ERR,ERR,ERR,ERR,ERR,ERR,ERR,ERR,ERR,ERR,ERR,ERR,ERR,ERR,ERR,ERR,ERR,ERR,ERR,ERR,ERR,ERR,ERR,ERR,ERR,ERR,ERR,ERR,ERR,ERR,ERR,ERR,ERR,ERR,ERR,ERR,ERR,ERR,ERR,ERR,ERR,ERR,ERR,ERR,ERR,ERR,ERR,ERR,ERR,ERR,ERR,ERR,ERR,ERR,ERR,ERR,ERR,ERR,ERR,ERR,ERR,ERR,ERR,ERR,ERR,ERR,ERR,ERR,ERR,ERR,ERR,ERR,ERR,ERR,ERR,ERR,ERR,ERR,ERR,ERR,ERR,ERR,2.7184312818759872e+23,2.718431101732002e+23,0.0,89215.008,-0.0,1.3936040501711995e+18,7.805,0.0,0,0,4,48957,6720,14723890282496.0,100,0.0,0.0,0.0,-4.9501291711397626e+32,0.0,0,0,0,0,0.0,0,0,0,0,0,0,0,0,0,0,0,0,0,0,0,0,0,0,0,0,0,0,0,0,0,0,0,0,0,0,0,0,0,26,51,50,76,65476,0,300,0,0,8,21553,0.0,-107605600.0,0.0,0.0,0.0,0.0,0.0,0.0,0.0,0.0,0.0,0.0,0.0,0.0,0.0,0.0,0.0,0.0,0.0,0.0,0.0,0.0,-2.004,2.004,0.0,0.0,0.0,0.0,0.0,0.0,4780.0,131350.328,7273.0,-0.0,2.718431101732002e+23,-107615360.0,-107615392.0,0.0,0.0,0.0,0.0,77,0.059,0.0,0.0,0.0,0.0,0.0,0.0,0.0,0.0,0,0,0,0.0,0.0,0.0,0.0,0.0,0.0,0.0,0.0,0.0,0.0,0.0,0.0,0.0,0.0,0.0,0.0,0,-107875648.0,77,0.0,154,0.0,0.0,ERR,ERR,ERR,ERR,ERR,ERR,ERR,ERR,ERR,ERR,ERR,ERR,ERR,ERR,ERR,ERR,ERR,ERR,ERR,ERR,ERR,ERR,ERR,ERR,ERR,ERR,ERR,ERR,ERR,ERR,ERR,ERR,ERR,ERR,ERR,ERR,ERR,ERR,ERR,ERR,ERR,ERR,ERR,ERR,ERR,ERR,ERR,ERR,ERR,ERR,ERR,ERR,ERR,ERR,ERR,ERR,ERR,ERR,ERR,ERR,ERR,ERR,ERR,ERR,ERR,ERR,ERR,34.0,80.0,35,0.0,0.0,0.0,0.0,0.0,0.0,0.0,0.0,0.0,0.0,0.0,0.0,0.0,0.0,0.0,0.0,66.0,0,120,58,53,65476,0,300,0,0,8,20529,65476,0,0,57672,80.0,0.0,0.0,0.0,0.0,0.0
2026-06-18T02:31:11,ERR,ERR,ERR,ERR,ERR,ERR,ERR,ERR,ERR,ERR,ERR,ERR,ERR,ERR,ERR,ERR,ERR,ERR,ERR,ERR,ERR,ERR,ERR,ERR,ERR,ERR,ERR,ERR,ERR,ERR,ERR,ERR,ERR,ERR,ERR,ERR,ERR,ERR,ERR,ERR,ERR,ERR,ERR,ERR,ERR,ERR,ERR,ERR,ERR,ERR,ERR,ERR,ERR,ERR,ERR,ERR,ERR,ERR,ERR,ERR,ERR,ERR,ERR,ERR,ERR,ERR,ERR,ERR,ERR,ERR,ERR,ERR,ERR,ERR,ERR,ERR,ERR,ERR,ERR,ERR,ERR,ERR,ERR,ERR,ERR,ERR,ERR,ERR,ERR,ERR,ERR,ERR,ERR,ERR,ERR,ERR,ERR,ERR,ERR,ERR,ERR,ERR,ERR,ERR,ERR,ERR,ERR,ERR,ERR,ERR,ERR,ERR,ERR,ERR,ERR,ERR,ERR,ERR,ERR,ERR,ERR,ERR,ERR,ERR,ERR,-0.0,2.718431101732002e+23,-0.0,-107609184.0,0.0,1.3936040501711995e+18,7.805,0.0,0,0,4,48933,6720,14723890282496.0,100,0.0,0.0,0.0,2.718290229135658e+23,0.0,0,0,0,0,0.0,0,0,0,0,0,0,0,0,0,0,0,0,0,0,0,0,0,0,0,0,0,0,0,0,0,0,0,0,0,0,0,0,0,26,51,50,76,65476,0,300,0,0,8,21553,0.0,-107605600.0,0.0,0.0,0.0,0.0,0.0,0.0,0.0,0.0,0.0,0.0,0.0,0.0,0.0,0.0,0.0,0.0,0.0,0.0,0.0,0.0,-2.004,-0.0,0.0,0.0,0.0,0.0,0.0,0.0,4782.0,564145363615744.0,7271.0,2.7184312818759872e+23,2.718431101732002e+23,-0.0,-107615392.0,0.0,0.0,0.0,0.0,77,89221.125,0.0,0.0,0.0,0.0,0.0,0.0,0.0,0.0,0,0,0,0.0,0.0,0.0,0.0,0.0,0.0,0.0,0.0,0.0,0.0,0.0,0.0,0.0,0.0,0.0,0.0,0,-107875648.0,77,0.0,154,0.0,0.0,ERR,ERR,ERR,ERR,ERR,ERR,ERR,ERR,ERR,ERR,ERR,ERR,ERR,ERR,ERR,ERR,ERR,ERR,ERR,ERR,ERR,ERR,ERR,ERR,ERR,ERR,ERR,ERR,ERR,ERR,ERR,ERR,ERR,ERR,ERR,ERR,ERR,ERR,ERR,ERR,ERR,ERR,ERR,ERR,ERR,ERR,ERR,ERR,ERR,ERR,ERR,ERR,ERR,ERR,ERR,ERR,ERR,ERR,ERR,ERR,ERR,ERR,ERR,ERR,ERR,ERR,ERR,34.0,80.0,35,0.0,0.0,0.0,0.0,0.0,0.0,0.0,0.0,0.0,0.0,0.0,0.0,0.0,0.0,0.0,0.0,66.0,0,120,58,53,65476,0,300,0,0,8,20529,65476,0,0,57672,80.0,0.0,0.0,0.0,0.0,0.0
2026-06-18T02:31:12,ERR,ERR,ERR,ERR,ERR,ERR,ERR,ERR,ERR,ERR,ERR,ERR,ERR,ERR,ERR,ERR,ERR,ERR,ERR,ERR,ERR,ERR,ERR,ERR,ERR,ERR,ERR,ERR,ERR,ERR,ERR,ERR,ERR,ERR,ERR,ERR,ERR,ERR,ERR,ERR,ERR,ERR,ERR,ERR,ERR,ERR,ERR,ERR,ERR,ERR,ERR,ERR,ERR,ERR,ERR,ERR,ERR,ERR,ERR,ERR,ERR,ERR,ERR,ERR,ERR,ERR,ERR,ERR,ERR,ERR,ERR,ERR,ERR,ERR,ERR,ERR,ERR,ERR,ERR,ERR,ERR,ERR,ERR,ERR,ERR,ERR,ERR,ERR,ERR,ERR,ERR,ERR,ERR,ERR,ERR,ERR,ERR,ERR,ERR,ERR,ERR,ERR,ERR,ERR,ERR,ERR,ERR,ERR,ERR,ERR,ERR,ERR,ERR,ERR,ERR,ERR,ERR,ERR,ERR,ERR,ERR,ERR,ERR,ERR,ERR,-0.0,2.718431101732002e+23,-0.0,-107609184.0,0.0,1.3936040501711995e+18,7.805,0.0,0,0,4,48933,6720,14723890282496.0,100,0.0,0.0,0.0,2.718290229135658e+23,0.0,0,0,0,0,0.0,0,0,0,0,0,0,0,0,0,0,0,0,0,0,0,0,0,0,0,0,0,0,0,0,0,0,0,0,0,0,0,0,0,26,51,50,76,65476,0,300,0,0,8,21553,0.0,-107605600.0,0.0,0.0,0.0,0.0,0.0,0.0,0.0,0.0,0.0,0.0,0.0,0.0,0.0,0.0,0.0,0.0,0.0,0.0,0.0,0.0,-2.004,-0.0,0.0,0.0,0.0,0.0,0.0,0.0,4782.0,564145363615744.0,7271.0,2.7184312818759872e+23,2.718431101732002e+23,-0.0,-107615392.0,0.0,0.0,0.0,0.0,77,89221.125,0.0,0.0,0.0,0.0,0.0,0.0,0.0,0.0,0,0,0,0.0,0.0,0.0,0.0,0.0,0.0,0.0,0.0,0.0,0.0,0.0,0.0,0.0,0.0,0.0,0.0,0,-107875648.0,77,0.0,154,0.0,0.0,ERR,ERR,ERR,ERR,ERR,ERR,ERR,ERR,ERR,ERR,ERR,ERR,ERR,ERR,ERR,ERR,ERR,ERR,ERR,ERR,ERR,ERR,ERR,ERR,ERR,ERR,ERR,ERR,ERR,ERR,ERR,ERR,ERR,ERR,ERR,ERR,ERR,ERR,ERR,ERR,ERR,ERR,ERR,ERR,ERR,ERR,ERR,ERR,ERR,ERR,ERR,ERR,ERR,ERR,ERR,ERR,ERR,ERR,ERR,ERR,ERR,ERR,ERR,ERR,ERR,ERR,ERR,34.0,80.0,35,0.0,0.0,0.0,0.0,0.0,0.0,0.0,0.0,0.0,0.0,0.0,0.0,0.0,0.0,0.0,0.0,66.0,0,120,58,53,65476,0,300,0,0,8,20529,65476,0,0,57672,80.0,0.0,0.0,0.0,0.0,0.0
2026-06-18T02:31:13,ERR,ERR,ERR,ERR,ERR,ERR,ERR,ERR,ERR,ERR,ERR,ERR,ERR,ERR,ERR,ERR,ERR,ERR,ERR,ERR,ERR,ERR,ERR,ERR,ERR,ERR,ERR,ERR,ERR,ERR,ERR,ERR,ERR,ERR,ERR,ERR,ERR,ERR,ERR,ERR,ERR,ERR,ERR,ERR,ERR,ERR,ERR,ERR,ERR,ERR,ERR,ERR,ERR,ERR,ERR,ERR,ERR,ERR,ERR,ERR,ERR,ERR,ERR,ERR,ERR,ERR,ERR,ERR,ERR,ERR,ERR,ERR,ERR,ERR,ERR,ERR,ERR,ERR,ERR,ERR,ERR,ERR,ERR,ERR,ERR,ERR,ERR,ERR,ERR,ERR,ERR,ERR,ERR,ERR,ERR,ERR,ERR,ERR,ERR,ERR,ERR,ERR,ERR,ERR,ERR,ERR,ERR,ERR,ERR,ERR,ERR,ERR,ERR,ERR,ERR,ERR,ERR,ERR,ERR,ERR,ERR,ERR,ERR,ERR,ERR,-0.0,2.718431101732002e+23,-0.0,-107609184.0,0.0,1.3936040501711995e+18,7.805,0.0,0,0,4,48933,6720,14723890282496.0,100,0.0,0.0,0.0,2.718290229135658e+23,0.0,0,0,0,0,0.0,0,0,0,0,0,0,0,0,0,0,0,0,0,0,0,0,0,0,0,0,0,0,0,0,0,0,0,0,0,0,0,0,0,26,51,50,76,65476,0,300,0,0,8,21553,0.0,-107605600.0,0.0,0.0,0.0,0.0,0.0,0.0,0.0,0.0,0.0,0.0,0.0,0.0,0.0,0.0,0.0,0.0,0.0,0.0,0.0,0.0,-2.004,-0.0,0.0,0.0,0.0,0.0,0.0,0.0,4782.0,564145363615744.0,7271.0,2.7184312818759872e+23,2.718431101732002e+23,-0.0,-107615392.0,0.0,0.0,0.0,0.0,77,89221.125,0.0,0.0,0.0,0.0,0.0,0.0,0.0,0.0,0,0,0,0.0,0.0,0.0,0.0,0.0,0.0,0.0,0.0,0.0,0.0,0.0,0.0,0.0,0.0,0.0,0.0,0,-107875648.0,77,0.0,154,0.0,0.0,ERR,ERR,ERR,ERR,ERR,ERR,ERR,ERR,ERR,ERR,ERR,ERR,ERR,ERR,ERR,ERR,ERR,ERR,ERR,ERR,ERR,ERR,ERR,ERR,ERR,ERR,ERR,ERR,ERR,ERR,ERR,ERR,ERR,ERR,ERR,ERR,ERR,ERR,ERR,ERR,ERR,ERR,ERR,ERR,ERR,ERR,ERR,ERR,ERR,ERR,ERR,ERR,ERR,ERR,ERR,ERR,ERR,ERR,ERR,ERR,ERR,ERR,ERR,ERR,ERR,ERR,ERR,34.0,80.0,35,0.0,0.0,0.0,0.0,0.0,0.0,0.0,0.0,0.0,0.0,0.0,0.0,0.0,0.0,0.0,0.0,66.0,0,120,58,53,65476,0,300,0,0,8,20529,65476,0,0,57672,80.0,0.0,0.0,0.0,0.0,0.0
2026-06-18T02:31:14,ERR,ERR,ERR,ERR,ERR,ERR,ERR,ERR,ERR,ERR,ERR,ERR,ERR,ERR,ERR,ERR,ERR,ERR,ERR,ERR,ERR,ERR,ERR,ERR,ERR,ERR,ERR,ERR,ERR,ERR,ERR,ERR,ERR,ERR,ERR,ERR,ERR,ERR,ERR,ERR,ERR,ERR,ERR,ERR,ERR,ERR,ERR,ERR,ERR,ERR,ERR,ERR,ERR,ERR,ERR,ERR,ERR,ERR,ERR,ERR,ERR,ERR,ERR,ERR,ERR,ERR,ERR,ERR,ERR,ERR,ERR,ERR,ERR,ERR,ERR,ERR,ERR,ERR,ERR,ERR,ERR,ERR,ERR,ERR,ERR,ERR,ERR,ERR,ERR,ERR,ERR,ERR,ERR,ERR,ERR,ERR,ERR,ERR,ERR,ERR,ERR,ERR,ERR,ERR,ERR,ERR,ERR,ERR,ERR,ERR,ERR,ERR,ERR,ERR,ERR,ERR,ERR,ERR,ERR,ERR,ERR,ERR,ERR,ERR,ERR,-0.0,2.718431101732002e+23,-0.0,-107609184.0,0.0,1.3936040501711995e+18,7.805,0.0,0,0,4,48933,6720,14723890282496.0,100,0.0,0.0,0.0,2.718290229135658e+23,0.0,0,0,0,0,0.0,0,0,0,0,0,0,0,0,0,0,0,0,0,0,0,0,0,0,0,0,0,0,0,0,0,0,0,0,0,0,0,0,0,26,51,50,76,65476,0,300,0,0,8,21553,0.0,-107605600.0,0.0,0.0,0.0,0.0,0.0,0.0,0.0,0.0,0.0,0.0,0.0,0.0,0.0,0.0,0.0,0.0,0.0,0.0,0.0,0.0,-2.004,-0.0,0.0,0.0,0.0,0.0,0.0,0.0,4782.0,564145363615744.0,7271.0,2.7184312818759872e+23,2.718431101732002e+23,-0.0,-107615392.0,0.0,0.0,0.0,0.0,77,89221.125,0.0,0.0,0.0,0.0,0.0,0.0,0.0,0.0,0,0,0,0.0,0.0,0.0,0.0,0.0,0.0,0.0,0.0,0.0,0.0,0.0,0.0,0.0,0.0,0.0,0.0,0,-107875648.0,77,0.0,154,0.0,0.0,ERR,ERR,ERR,ERR,ERR,ERR,ERR,ERR,ERR,ERR,ERR,ERR,ERR,ERR,ERR,ERR,ERR,ERR,ERR,ERR,ERR,ERR,ERR,ERR,ERR,ERR,ERR,ERR,ERR,ERR,ERR,ERR,ERR,ERR,ERR,ERR,ERR,ERR,ERR,ERR,ERR,ERR,ERR,ERR,ERR,ERR,ERR,ERR,ERR,ERR,ERR,ERR,ERR,ERR,ERR,ERR,ERR,ERR,ERR,ERR,ERR,ERR,ERR,ERR,ERR,ERR,ERR,34.0,80.0,35,0.0,0.0,0.0,0.0,0.0,0.0,0.0,0.0,0.0,0.0,0.0,0.0,0.0,0.0,0.0,0.0,65.6,0,120,58,53,65476,0,300,0,0,8,20529,65476,0,0,57672,80.0,0.0,0.0,0.0,0.0,0.0
2026-06-18T02:31:15,ERR,ERR,ERR,ERR,ERR,ERR,ERR,ERR,ERR,ERR,ERR,ERR,ERR,ERR,ERR,ERR,ERR,ERR,ERR,ERR,ERR,ERR,ERR,ERR,ERR,ERR,ERR,ERR,ERR,ERR,ERR,ERR,ERR,ERR,ERR,ERR,ERR,ERR,ERR,ERR,ERR,ERR,ERR,ERR,ERR,ERR,ERR,ERR,ERR,ERR,ERR,ERR,ERR,ERR,ERR,ERR,ERR,ERR,ERR,ERR,ERR,ERR,ERR,ERR,ERR,ERR,ERR,ERR,ERR,ERR,ERR,ERR,ERR,ERR,ERR,ERR,ERR,ERR,ERR,ERR,ERR,ERR,ERR,ERR,ERR,ERR,ERR,ERR,ERR,ERR,ERR,ERR,ERR,ERR,ERR,ERR,ERR,ERR,ERR,ERR,ERR,ERR,ERR,ERR,ERR,ERR,ERR,ERR,ERR,ERR,ERR,ERR,ERR,ERR,ERR,ERR,ERR,ERR,ERR,ERR,ERR,ERR,ERR,ERR,ERR,-0.0,2.718431101732002e+23,-0.0,-107609184.0,0.0,1.3936040501711995e+18,7.805,0.0,0,0,4,48933,6720,14723890282496.0,100,0.0,0.0,0.0,2.718290229135658e+23,0.0,0,0,0,0,0.0,0,0,0,0,0,0,0,0,0,0,0,0,0,0,0,0,0,0,0,0,0,0,0,0,0,0,0,0,0,0,0,0,0,26,51,50,76,65476,0,300,0,0,8,21553,0.0,-107605600.0,0.0,0.0,0.0,0.0,0.0,0.0,0.0,0.0,0.0,0.0,0.0,0.0,0.0,0.0,0.0,0.0,0.0,0.0,0.0,0.0,-2.004,-0.0,0.0,0.0,0.0,0.0,0.0,0.0,4782.0,564145363615744.0,7271.0,2.7184312818759872e+23,2.718431101732002e+23,-0.0,-107615392.0,0.0,0.0,0.0,0.0,77,89221.125,0.0,0.0,0.0,0.0,0.0,0.0,0.0,0.0,0,0,0,0.0,0.0,0.0,0.0,0.0,0.0,0.0,0.0,0.0,0.0,0.0,0.0,0.0,0.0,0.0,0.0,0,-107875648.0,77,0.0,154,0.0,0.0,ERR,ERR,ERR,ERR,ERR,ERR,ERR,ERR,ERR,ERR,ERR,ERR,ERR,ERR,ERR,ERR,ERR,ERR,ERR,ERR,ERR,ERR,ERR,ERR,ERR,ERR,ERR,ERR,ERR,ERR,ERR,ERR,ERR,ERR,ERR,ERR,ERR,ERR,ERR,ERR,ERR,ERR,ERR,ERR,ERR,ERR,ERR,ERR,ERR,ERR,ERR,ERR,ERR,ERR,ERR,ERR,ERR,ERR,ERR,ERR,ERR,ERR,ERR,ERR,ERR,ERR,ERR,34.0,80.0,35,0.0,0.0,0.0,0.0,0.0,0.0,0.0,0.0,0.0,0.0,0.0,0.0,0.0,0.0,0.0,0.0,65.6,0,120,58,53,65476,0,300,0,0,8,20529,65476,0,0,57672,80.0,0.0,0.0,0.0,0.0,0.0
2026-06-18T02:31:16,ERR,ERR,ERR,ERR,ERR,ERR,ERR,ERR,ERR,ERR,ERR,ERR,ERR,ERR,ERR,ERR,ERR,ERR,ERR,ERR,ERR,ERR,ERR,ERR,ERR,ERR,ERR,ERR,ERR,ERR,ERR,ERR,ERR,ERR,ERR,ERR,ERR,ERR,ERR,ERR,ERR,ERR,ERR,ERR,ERR,ERR,ERR,ERR,ERR,ERR,ERR,ERR,ERR,ERR,ERR,ERR,ERR,ERR,ERR,ERR,ERR,ERR,ERR,ERR,ERR,ERR,ERR,ERR,ERR,ERR,ERR,ERR,ERR,ERR,ERR,ERR,ERR,ERR,ERR,ERR,ERR,ERR,ERR,ERR,ERR,ERR,ERR,ERR,ERR,ERR,ERR,ERR,ERR,ERR,ERR,ERR,ERR,ERR,ERR,ERR,ERR,ERR,ERR,ERR,ERR,ERR,ERR,ERR,ERR,ERR,ERR,ERR,ERR,ERR,ERR,ERR,ERR,ERR,ERR,ERR,ERR,ERR,ERR,ERR,ERR,-0.0,2.718431101732002e+23,-0.0,-107609184.0,0.0,1.3936040501711995e+18,7.805,0.0,0,0,4,48933,6720,14723890282496.0,100,0.0,0.0,0.0,2.718290229135658e+23,0.0,0,0,0,0,0.0,0,0,0,0,0,0,0,0,0,0,0,0,0,0,0,0,0,0,0,0,0,0,0,0,0,0,0,0,0,0,0,0,0,26,51,50,76,65476,0,300,0,0,8,21553,0.0,-107605600.0,0.0,0.0,0.0,0.0,0.0,0.0,0.0,0.0,0.0,0.0,0.0,0.0,0.0,0.0,0.0,0.0,0.0,0.0,0.0,0.0,-2.004,-0.0,0.0,0.0,0.0,0.0,0.0,0.0,4782.0,564145363615744.0,7271.0,2.7184312818759872e+23,2.718431101732002e+23,-0.0,-107615392.0,0.0,0.0,0.0,0.0,77,89221.125,0.0,0.0,0.0,0.0,0.0,0.0,0.0,0.0,0,0,0,0.0,0.0,0.0,0.0,0.0,0.0,0.0,0.0,0.0,0.0,0.0,0.0,0.0,0.0,0.0,0.0,0,-107875648.0,77,0.0,154,0.0,0.0,ERR,ERR,ERR,ERR,ERR,ERR,ERR,ERR,ERR,ERR,ERR,ERR,ERR,ERR,ERR,ERR,ERR,ERR,ERR,ERR,ERR,ERR,ERR,ERR,ERR,ERR,ERR,ERR,ERR,ERR,ERR,ERR,ERR,ERR,ERR,ERR,ERR,ERR,ERR,ERR,ERR,ERR,ERR,ERR,ERR,ERR,ERR,ERR,ERR,ERR,ERR,ERR,ERR,ERR,ERR,ERR,ERR,ERR,ERR,ERR,ERR,ERR,ERR,ERR,ERR,ERR,ERR,34.0,80.0,35,0.0,0.0,0.0,0.0,0.0,0.0,0.0,0.0,0.0,0.0,0.0,0.0,0.0,0.0,0.0,0.0,66.4,0,120,58,53,65476,0,300,0,0,8,20529,65476,0,0,57672,80.0,0.0,0.0,0.0,0.0,0.0
2026-06-18T02:31:17,ERR,ERR,ERR,ERR,ERR,ERR,ERR,ERR,ERR,ERR,ERR,ERR,ERR,ERR,ERR,ERR,ERR,ERR,ERR,ERR,ERR,ERR,ERR,ERR,ERR,ERR,ERR,ERR,ERR,ERR,ERR,ERR,ERR,ERR,ERR,ERR,ERR,ERR,ERR,ERR,ERR,ERR,ERR,ERR,ERR,ERR,ERR,ERR,ERR,ERR,ERR,ERR,ERR,ERR,ERR,ERR,ERR,ERR,ERR,ERR,ERR,ERR,ERR,ERR,ERR,ERR,ERR,ERR,ERR,ERR,ERR,ERR,ERR,ERR,ERR,ERR,ERR,ERR,ERR,ERR,ERR,ERR,ERR,ERR,ERR,ERR,ERR,ERR,ERR,ERR,ERR,ERR,ERR,ERR,ERR,ERR,ERR,ERR,ERR,ERR,ERR,ERR,ERR,ERR,ERR,ERR,ERR,ERR,ERR,ERR,ERR,ERR,ERR,ERR,ERR,ERR,ERR,ERR,ERR,ERR,ERR,ERR,ERR,ERR,ERR,2.7184312818759872e+23,0.0,-0.0,1.9055661790789632e+17,nan,1.3936040501711995e+18,7.805,0.0,0,0,4,48929,6720,14723890282496.0,100,0.0,0.0,0.0,1.9055661790789632e+17,0.0,0,0,0,0,0.0,0,0,0,0,0,0,0,0,0,0,0,0,0,0,0,0,0,0,0,0,0,0,0,0,0,0,0,0,0,0,0,0,0,26,51,50,76,65476,0,300,0,0,8,21553,0.0,-107605600.0,0.0,0.0,0.0,0.0,0.0,0.0,0.0,0.0,0.0,0.0,0.0,0.0,0.0,0.0,0.0,0.0,0.0,0.0,0.0,0.0,0.0,2.004,-2.004,0.0,0.0,0.0,0.0,0.0,4784.0,0.0,7271.0,2.7184312818759872e+23,2.718431101732002e+23,-107615360.0,-107615392.0,0.0,0.0,0.0,0.0,77,126841126912.0,0.0,0.0,0.0,0.0,0.0,0.0,0.0,0.0,0,0,0,0.0,0.0,0.0,0.0,0.0,0.0,0.0,0.0,0.0,0.0,0.0,0.0,0.0,0.0,0.0,0.0,0,-107875648.0,77,0.0,154,0.0,-0.0,ERR,ERR,ERR,ERR,ERR,ERR,ERR,ERR,ERR,ERR,ERR,ERR,ERR,ERR,ERR,ERR,ERR,ERR,ERR,ERR,ERR,ERR,ERR,ERR,ERR,ERR,ERR,ERR,ERR,ERR,ERR,ERR,ERR,ERR,ERR,ERR,ERR,ERR,ERR,ERR,ERR,ERR,ERR,ERR,ERR,ERR,ERR,ERR,ERR,ERR,ERR,ERR,ERR,ERR,ERR,ERR,ERR,ERR,ERR,ERR,ERR,ERR,ERR,ERR,ERR,ERR,ERR,34.0,80.0,35,0.0,0.0,0.0,0.0,0.0,0.0,0.0,0.0,0.0,0.0,0.0,0.0,0.0,0.0,0.0,0.0,66.0,0,120,58,53,65476,0,300,0,0,8,20529,65476,0,0,57672,80.0,0.0,0.0,0.0,0.0,0.0
2026-06-18T02:31:18,ERR,ERR,ERR,ERR,ERR,ERR,ERR,ERR,ERR,ERR,ERR,ERR,ERR,ERR,ERR,ERR,ERR,ERR,ERR,ERR,ERR,ERR,ERR,ERR,ERR,ERR,ERR,ERR,ERR,ERR,ERR,ERR,ERR,ERR,ERR,ERR,ERR,ERR,ERR,ERR,ERR,ERR,ERR,ERR,ERR,ERR,ERR,ERR,ERR,ERR,ERR,ERR,ERR,ERR,ERR,ERR,ERR,ERR,ERR,ERR,ERR,ERR,ERR,ERR,ERR,ERR,ERR,ERR,ERR,ERR,ERR,ERR,ERR,ERR,ERR,ERR,ERR,ERR,ERR,ERR,ERR,ERR,ERR,ERR,ERR,ERR,ERR,ERR,ERR,ERR,ERR,ERR,ERR,ERR,ERR,ERR,ERR,ERR,ERR,ERR,ERR,ERR,ERR,ERR,ERR,ERR,ERR,ERR,ERR,ERR,ERR,ERR,ERR,ERR,ERR,ERR,ERR,ERR,ERR,ERR,ERR,ERR,ERR,ERR,ERR,2.7184312818759872e+23,0.0,-0.0,1.9055661790789632e+17,nan,1.3936040501711995e+18,7.805,0.0,0,0,4,48929,6720,14723890282496.0,100,0.0,0.0,0.0,1.9055661790789632e+17,0.0,0,0,0,0,0.0,0,0,0,0,0,0,0,0,0,0,0,0,0,0,0,0,0,0,0,0,0,0,0,0,0,0,0,0,0,0,0,0,0,26,51,50,76,65476,0,300,0,0,8,21553,0.0,-107605600.0,0.0,0.0,0.0,0.0,0.0,0.0,0.0,0.0,0.0,0.0,0.0,0.0,0.0,0.0,0.0,0.0,0.0,0.0,0.0,0.0,0.0,2.004,-2.004,0.0,0.0,0.0,0.0,0.0,4784.0,0.0,7271.0,2.7184312818759872e+23,2.718431101732002e+23,-107615360.0,-107615392.0,0.0,0.0,0.0,0.0,77,126841126912.0,0.0,0.0,0.0,0.0,0.0,0.0,0.0,0.0,0,0,0,0.0,0.0,0.0,0.0,0.0,0.0,0.0,0.0,0.0,0.0,0.0,0.0,0.0,0.0,0.0,0.0,0,-107875648.0,77,0.0,154,0.0,-0.0,ERR,ERR,ERR,ERR,ERR,ERR,ERR,ERR,ERR,ERR,ERR,ERR,ERR,ERR,ERR,ERR,ERR,ERR,ERR,ERR,ERR,ERR,ERR,ERR,ERR,ERR,ERR,ERR,ERR,ERR,ERR,ERR,ERR,ERR,ERR,ERR,ERR,ERR,ERR,ERR,ERR,ERR,ERR,ERR,ERR,ERR,ERR,ERR,ERR,ERR,ERR,ERR,ERR,ERR,ERR,ERR,ERR,ERR,ERR,ERR,ERR,ERR,ERR,ERR,ERR,ERR,ERR,34.0,80.0,35,0.0,0.0,0.0,0.0,0.0,0.0,0.0,0.0,0.0,0.0,0.0,0.0,0.0,0.0,0.0,0.0,66.0,0,120,58,53,65476,0,300,0,0,8,20529,65476,0,0,57672,80.0,0.0,0.0,0.0,0.0,0.0
2026-06-18T02:31:19,ERR,ERR,ERR,ERR,ERR,ERR,ERR,ERR,ERR,ERR,ERR,ERR,ERR,ERR,ERR,ERR,ERR,ERR,ERR,ERR,ERR,ERR,ERR,ERR,ERR,ERR,ERR,ERR,ERR,ERR,ERR,ERR,ERR,ERR,ERR,ERR,ERR,ERR,ERR,ERR,ERR,ERR,ERR,ERR,ERR,ERR,ERR,ERR,ERR,ERR,ERR,ERR,ERR,ERR,ERR,ERR,ERR,ERR,ERR,ERR,ERR,ERR,ERR,ERR,ERR,ERR,ERR,ERR,ERR,ERR,ERR,ERR,ERR,ERR,ERR,ERR,ERR,ERR,ERR,ERR,ERR,ERR,ERR,ERR,ERR,ERR,ERR,ERR,ERR,ERR,ERR,ERR,ERR,ERR,ERR,ERR,ERR,ERR,ERR,ERR,ERR,ERR,ERR,ERR,ERR,ERR,ERR,ERR,ERR,ERR,ERR,ERR,ERR,ERR,ERR,ERR,ERR,ERR,ERR,ERR,ERR,ERR,ERR,ERR,ERR,2.7184312818759872e+23,0.0,-0.0,1.9055661790789632e+17,nan,1.3936040501711995e+18,7.805,0.0,0,0,4,48929,6720,14723890282496.0,100,0.0,0.0,0.0,1.9055661790789632e+17,0.0,0,0,0,0,0.0,0,0,0,0,0,0,0,0,0,0,0,0,0,0,0,0,0,0,0,0,0,0,0,0,0,0,0,0,0,0,0,0,0,26,51,50,76,65476,0,300,0,0,8,21553,0.0,-107605600.0,0.0,0.0,0.0,0.0,0.0,0.0,0.0,0.0,0.0,0.0,0.0,0.0,0.0,0.0,0.0,0.0,0.0,0.0,0.0,0.0,0.0,2.004,-2.004,0.0,0.0,0.0,0.0,0.0,4784.0,0.0,7271.0,2.7184312818759872e+23,2.718431101732002e+23,-107615360.0,-107615392.0,0.0,0.0,0.0,0.0,77,126841126912.0,0.0,0.0,0.0,0.0,0.0,0.0,0.0,0.0,0,0,0,0.0,0.0,0.0,0.0,0.0,0.0,0.0,0.0,0.0,0.0,0.0,0.0,0.0,0.0,0.0,0.0,0,-107875648.0,77,0.0,154,0.0,-0.0,ERR,ERR,ERR,ERR,ERR,ERR,ERR,ERR,ERR,ERR,ERR,ERR,ERR,ERR,ERR,ERR,ERR,ERR,ERR,ERR,ERR,ERR,ERR,ERR,ERR,ERR,ERR,ERR,ERR,ERR,ERR,ERR,ERR,ERR,ERR,ERR,ERR,ERR,ERR,ERR,ERR,ERR,ERR,ERR,ERR,ERR,ERR,ERR,ERR,ERR,ERR,ERR,ERR,ERR,ERR,ERR,ERR,ERR,ERR,ERR,ERR,ERR,ERR,ERR,ERR,ERR,ERR,34.0,80.0,35,0.0,0.0,0.0,0.0,0.0,0.0,0.0,0.0,0.0,0.0,0.0,0.0,0.0,0.0,0.0,0.0,66.0,0,120,58,53,65476,0,300,0,0,8,20529,65476,0,0,57672,80.0,0.0,0.0,0.0,0.0,0.0
2026-06-18T02:31:20,ERR,ERR,ERR,ERR,ERR,ERR,ERR,ERR,ERR,ERR,ERR,ERR,ERR,ERR,ERR,ERR,ERR,ERR,ERR,ERR,ERR,ERR,ERR,ERR,ERR,ERR,ERR,ERR,ERR,ERR,ERR,ERR,ERR,ERR,ERR,ERR,ERR,ERR,ERR,ERR,ERR,ERR,ERR,ERR,ERR,ERR,ERR,ERR,ERR,ERR,ERR,ERR,ERR,ERR,ERR,ERR,ERR,ERR,ERR,ERR,ERR,ERR,ERR,ERR,ERR,ERR,ERR,ERR,ERR,ERR,ERR,ERR,ERR,ERR,ERR,ERR,ERR,ERR,ERR,ERR,ERR,ERR,ERR,ERR,ERR,ERR,ERR,ERR,ERR,ERR,ERR,ERR,ERR,ERR,ERR,ERR,ERR,ERR,ERR,ERR,ERR,ERR,ERR,ERR,ERR,ERR,ERR,ERR,ERR,ERR,ERR,ERR,ERR,ERR,ERR,ERR,ERR,ERR,ERR,ERR,ERR,ERR,ERR,ERR,ERR,2.7184312818759872e+23,0.0,-0.0,1.9055661790789632e+17,nan,1.3936040501711995e+18,7.805,0.0,0,0,4,48929,6720,14723890282496.0,100,0.0,0.0,0.0,1.9055661790789632e+17,0.0,0,0,0,0,0.0,0,0,0,0,0,0,0,0,0,0,0,0,0,0,0,0,0,0,0,0,0,0,0,0,0,0,0,0,0,0,0,0,0,26,51,50,76,65476,0,300,0,0,8,21553,0.0,-107605600.0,0.0,0.0,0.0,0.0,0.0,0.0,0.0,0.0,0.0,0.0,0.0,0.0,0.0,0.0,0.0,0.0,0.0,0.0,0.0,0.0,0.0,2.004,-2.004,0.0,0.0,0.0,0.0,0.0,4784.0,0.0,7271.0,2.7184312818759872e+23,2.718431101732002e+23,-107615360.0,-107615392.0,0.0,0.0,0.0,0.0,77,126841126912.0,0.0,0.0,0.0,0.0,0.0,0.0,0.0,0.0,0,0,0,0.0,0.0,0.0,0.0,0.0,0.0,0.0,0.0,0.0,0.0,0.0,0.0,0.0,0.0,0.0,0.0,0,-107875648.0,77,0.0,154,0.0,-0.0,ERR,ERR,ERR,ERR,ERR,ERR,ERR,ERR,ERR,ERR,ERR,ERR,ERR,ERR,ERR,ERR,ERR,ERR,ERR,ERR,ERR,ERR,ERR,ERR,ERR,ERR,ERR,ERR,ERR,ERR,ERR,ERR,ERR,ERR,ERR,ERR,ERR,ERR,ERR,ERR,ERR,ERR,ERR,ERR,ERR,ERR,ERR,ERR,ERR,ERR,ERR,ERR,ERR,ERR,ERR,ERR,ERR,ERR,ERR,ERR,ERR,ERR,ERR,ERR,ERR,ERR,ERR,34.0,80.0,35,0.0,0.0,0.0,0.0,0.0,0.0,0.0,0.0,0.0,0.0,0.0,0.0,0.0,0.0,0.0,0.0,66.0,0,120,58,53,65476,0,300,0,0,8,20529,65476,0,0,57672,80.0,0.0,0.0,0.0,0.0,0.0
2026-06-18T02:31:21,ERR,ERR,ERR,ERR,ERR,ERR,ERR,ERR,ERR,ERR,ERR,ERR,ERR,ERR,ERR,ERR,ERR,ERR,ERR,ERR,ERR,ERR,ERR,ERR,ERR,ERR,ERR,ERR,ERR,ERR,ERR,ERR,ERR,ERR,ERR,ERR,ERR,ERR,ERR,ERR,ERR,ERR,ERR,ERR,ERR,ERR,ERR,ERR,ERR,ERR,ERR,ERR,ERR,ERR,ERR,ERR,ERR,ERR,ERR,ERR,ERR,ERR,ERR,ERR,ERR,ERR,ERR,ERR,ERR,ERR,ERR,ERR,ERR,ERR,ERR,ERR,ERR,ERR,ERR,ERR,ERR,ERR,ERR,ERR,ERR,ERR,ERR,ERR,ERR,ERR,ERR,ERR,ERR,ERR,ERR,ERR,ERR,ERR,ERR,ERR,ERR,ERR,ERR,ERR,ERR,ERR,ERR,ERR,ERR,ERR,ERR,ERR,ERR,ERR,ERR,ERR,ERR,ERR,ERR,ERR,ERR,ERR,ERR,ERR,ERR,2.7184312818759872e+23,0.0,-0.0,1.9055661790789632e+17,nan,1.3936040501711995e+18,7.805,0.0,0,0,4,48929,6720,14723890282496.0,100,0.0,0.0,0.0,1.9055661790789632e+17,0.0,0,0,0,0,0.0,0,0,0,0,0,0,0,0,0,0,0,0,0,0,0,0,0,0,0,0,0,0,0,0,0,0,0,0,0,0,0,0,0,26,51,50,76,65476,0,300,0,0,8,21553,0.0,-107605600.0,0.0,0.0,0.0,0.0,0.0,0.0,0.0,0.0,0.0,0.0,0.0,0.0,0.0,0.0,0.0,0.0,0.0,0.0,0.0,0.0,0.0,2.004,-2.004,0.0,0.0,0.0,0.0,0.0,4784.0,0.0,7271.0,2.7184312818759872e+23,2.718431101732002e+23,-107615360.0,-107615392.0,0.0,0.0,0.0,0.0,77,126841126912.0,0.0,0.0,0.0,0.0,0.0,0.0,0.0,0.0,0,0,0,0.0,0.0,0.0,0.0,0.0,0.0,0.0,0.0,0.0,0.0,0.0,0.0,0.0,0.0,0.0,0.0,0,-107875648.0,77,0.0,154,0.0,-0.0,ERR,ERR,ERR,ERR,ERR,ERR,ERR,ERR,ERR,ERR,ERR,ERR,ERR,ERR,ERR,ERR,ERR,ERR,ERR,ERR,ERR,ERR,ERR,ERR,ERR,ERR,ERR,ERR,ERR,ERR,ERR,ERR,ERR,ERR,ERR,ERR,ERR,ERR,ERR,ERR,ERR,ERR,ERR,ERR,ERR,ERR,ERR,ERR,ERR,ERR,ERR,ERR,ERR,ERR,ERR,ERR,ERR,ERR,ERR,ERR,ERR,ERR,ERR,ERR,ERR,ERR,ERR,34.0,80.0,35,0.0,0.0,0.0,0.0,0.0,0.0,0.0,0.0,0.0,0.0,0.0,0.0,0.0,0.0,0.0,0.0,66.0,0,120,58,53,65476,0,300,0,0,8,20529,65476,0,0,57672,80.0,0.0,0.0,0.0,0.0,0.0
2026-06-18T02:31:22,ERR,ERR,ERR,ERR,ERR,ERR,ERR,ERR,ERR,ERR,ERR,ERR,ERR,ERR,ERR,ERR,ERR,ERR,ERR,ERR,ERR,ERR,ERR,ERR,ERR,ERR,ERR,ERR,ERR,ERR,ERR,ERR,ERR,ERR,ERR,ERR,ERR,ERR,ERR,ERR,ERR,ERR,ERR,ERR,ERR,ERR,ERR,ERR,ERR,ERR,ERR,ERR,ERR,ERR,ERR,ERR,ERR,ERR,ERR,ERR,ERR,ERR,ERR,ERR,ERR,ERR,ERR,ERR,ERR,ERR,ERR,ERR,ERR,ERR,ERR,ERR,ERR,ERR,ERR,ERR,ERR,ERR,ERR,ERR,ERR,ERR,ERR,ERR,ERR,ERR,ERR,ERR,ERR,ERR,ERR,ERR,ERR,ERR,ERR,ERR,ERR,ERR,ERR,ERR,ERR,ERR,ERR,ERR,ERR,ERR,ERR,ERR,ERR,ERR,ERR,ERR,ERR,ERR,ERR,ERR,ERR,ERR,ERR,ERR,ERR,-0.0,2.718431101732002e+23,-0.0,-152005385388032.0,-0.0,1.3936040501711995e+18,7.805,-2306705457152.0,0,0,4,48901,6720,14723890282496.0,100,0.0,0.0,0.0,-0.0,0.0,0,0,0,0,0.0,0,0,0,0,0,0,0,0,0,0,0,0,0,0,0,0,0,0,0,0,0,0,0,0,0,0,0,0,0,0,0,0,0,26,51,50,76,65476,0,300,0,0,8,21553,0.0,-107605600.0,0.0,0.0,0.0,0.0,0.0,0.0,0.0,0.0,0.0,0.0,0.0,0.0,0.0,0.0,0.0,0.0,0.0,0.0,0.0,0.0,-2.004,-0.0,-2.004,0.0,0.0,0.0,0.0,0.0,4784.0,564145363615744.0,7275.0,2.7184312818759872e+23,0.0,-0.0,-107615392.0,0.0,0.0,0.0,0.0,77,126841126912.0,0.0,0.0,0.0,0.0,0.0,0.0,0.0,0.0,0,0,0,0.0,0.0,0.0,0.0,0.0,0.0,0.0,0.0,0.0,0.0,0.0,0.0,0.0,0.0,0.0,0.0,0,-107875648.0,77,0.0,154,0.0,-0.0,ERR,ERR,ERR,ERR,ERR,ERR,ERR,ERR,ERR,ERR,ERR,ERR,ERR,ERR,ERR,ERR,ERR,ERR,ERR,ERR,ERR,ERR,ERR,ERR,ERR,ERR,ERR,ERR,ERR,ERR,ERR,ERR,ERR,ERR,ERR,ERR,ERR,ERR,ERR,ERR,ERR,ERR,ERR,ERR,ERR,ERR,ERR,ERR,ERR,ERR,ERR,ERR,ERR,ERR,ERR,ERR,ERR,ERR,ERR,ERR,ERR,ERR,ERR,ERR,ERR,ERR,ERR,34.0,80.0,35,0.0,0.0,0.0,0.0,0.0,0.0,0.0,0.0,0.0,0.0,0.0,0.0,0.0,0.0,0.0,0.0,66.0,0,120,58,53,65476,0,300,0,0,8,20529,65476,0,0,57672,80.0,0.0,0.0,0.0,0.0,0.0
2026-06-18T02:31:23,ERR,ERR,ERR,ERR,ERR,ERR,ERR,ERR,ERR,ERR,ERR,ERR,ERR,ERR,ERR,ERR,ERR,ERR,ERR,ERR,ERR,ERR,ERR,ERR,ERR,ERR,ERR,ERR,ERR,ERR,ERR,ERR,ERR,ERR,ERR,ERR,ERR,ERR,ERR,ERR,ERR,ERR,ERR,ERR,ERR,ERR,ERR,ERR,ERR,ERR,ERR,ERR,ERR,ERR,ERR,ERR,ERR,ERR,ERR,ERR,ERR,ERR,ERR,ERR,ERR,ERR,ERR,ERR,ERR,ERR,ERR,ERR,ERR,ERR,ERR,ERR,ERR,ERR,ERR,ERR,ERR,ERR,ERR,ERR,ERR,ERR,ERR,ERR,ERR,ERR,ERR,ERR,ERR,ERR,ERR,ERR,ERR,ERR,ERR,ERR,ERR,ERR,ERR,ERR,ERR,ERR,ERR,ERR,ERR,ERR,ERR,ERR,ERR,ERR,ERR,ERR,ERR,ERR,ERR,ERR,ERR,ERR,ERR,ERR,ERR,-0.0,2.718431101732002e+23,-0.0,-152005385388032.0,-0.0,1.3936040501711995e+18,7.805,-2306705457152.0,0,0,4,48901,6720,14723890282496.0,100,0.0,0.0,0.0,-0.0,0.0,0,0,0,0,0.0,0,0,0,0,0,0,0,0,0,0,0,0,0,0,0,0,0,0,0,0,0,0,0,0,0,0,0,0,0,0,0,0,0,26,51,50,76,65476,0,300,0,0,8,21553,0.0,-107605600.0,0.0,0.0,0.0,0.0,0.0,0.0,0.0,0.0,0.0,0.0,0.0,0.0,0.0,0.0,0.0,0.0,0.0,0.0,0.0,0.0,-2.004,-0.0,-2.004,0.0,0.0,0.0,0.0,0.0,4784.0,564145363615744.0,7275.0,2.7184312818759872e+23,0.0,-0.0,-107615392.0,0.0,0.0,0.0,0.0,77,126841126912.0,0.0,0.0,0.0,0.0,0.0,0.0,0.0,0.0,0,0,0,0.0,0.0,0.0,0.0,0.0,0.0,0.0,0.0,0.0,0.0,0.0,0.0,0.0,0.0,0.0,0.0,0,-107875648.0,77,0.0,154,0.0,-0.0,ERR,ERR,ERR,ERR,ERR,ERR,ERR,ERR,ERR,ERR,ERR,ERR,ERR,ERR,ERR,ERR,ERR,ERR,ERR,ERR,ERR,ERR,ERR,ERR,ERR,ERR,ERR,ERR,ERR,ERR,ERR,ERR,ERR,ERR,ERR,ERR,ERR,ERR,ERR,ERR,ERR,ERR,ERR,ERR,ERR,ERR,ERR,ERR,ERR,ERR,ERR,ERR,ERR,ERR,ERR,ERR,ERR,ERR,ERR,ERR,ERR,ERR,ERR,ERR,ERR,ERR,ERR,34.0,80.0,35,0.0,0.0,0.0,0.0,0.0,0.0,0.0,0.0,0.0,0.0,0.0,0.0,0.0,0.0,0.0,0.0,66.0,0,120,58,53,65476,0,300,0,0,8,20529,65476,0,0,57672,80.0,0.0,0.0,0.0,0.0,0.0
2026-06-18T02:31:24,ERR,ERR,ERR,ERR,ERR,ERR,ERR,ERR,ERR,ERR,ERR,ERR,ERR,ERR,ERR,ERR,ERR,ERR,ERR,ERR,ERR,ERR,ERR,ERR,ERR,ERR,ERR,ERR,ERR,ERR,ERR,ERR,ERR,ERR,ERR,ERR,ERR,ERR,ERR,ERR,ERR,ERR,ERR,ERR,ERR,ERR,ERR,ERR,ERR,ERR,ERR,ERR,ERR,ERR,ERR,ERR,ERR,ERR,ERR,ERR,ERR,ERR,ERR,ERR,ERR,ERR,ERR,ERR,ERR,ERR,ERR,ERR,ERR,ERR,ERR,ERR,ERR,ERR,ERR,ERR,ERR,ERR,ERR,ERR,ERR,ERR,ERR,ERR,ERR,ERR,ERR,ERR,ERR,ERR,ERR,ERR,ERR,ERR,ERR,ERR,ERR,ERR,ERR,ERR,ERR,ERR,ERR,ERR,ERR,ERR,ERR,ERR,ERR,ERR,ERR,ERR,ERR,ERR,ERR,ERR,ERR,ERR,ERR,ERR,ERR,-0.0,2.718431101732002e+23,-0.0,-152005385388032.0,-0.0,1.3936040501711995e+18,7.805,-2306705457152.0,0,0,4,48901,6720,14723890282496.0,100,0.0,0.0,0.0,-0.0,0.0,0,0,0,0,0.0,0,0,0,0,0,0,0,0,0,0,0,0,0,0,0,0,0,0,0,0,0,0,0,0,0,0,0,0,0,0,0,0,0,26,51,50,76,65476,0,300,0,0,8,21553,0.0,-107605600.0,0.0,0.0,0.0,0.0,0.0,0.0,0.0,0.0,0.0,0.0,0.0,0.0,0.0,0.0,0.0,0.0,0.0,0.0,0.0,0.0,-2.004,-0.0,-2.004,0.0,0.0,0.0,0.0,0.0,4784.0,564145363615744.0,7275.0,2.7184312818759872e+23,0.0,-0.0,-107615392.0,0.0,0.0,0.0,0.0,77,126841126912.0,0.0,0.0,0.0,0.0,0.0,0.0,0.0,0.0,0,0,0,0.0,0.0,0.0,0.0,0.0,0.0,0.0,0.0,0.0,0.0,0.0,0.0,0.0,0.0,0.0,0.0,0,-107875648.0,77,0.0,154,0.0,-0.0,ERR,ERR,ERR,ERR,ERR,ERR,ERR,ERR,ERR,ERR,ERR,ERR,ERR,ERR,ERR,ERR,ERR,ERR,ERR,ERR,ERR,ERR,ERR,ERR,ERR,ERR,ERR,ERR,ERR,ERR,ERR,ERR,ERR,ERR,ERR,ERR,ERR,ERR,ERR,ERR,ERR,ERR,ERR,ERR,ERR,ERR,ERR,ERR,ERR,ERR,ERR,ERR,ERR,ERR,ERR,ERR,ERR,ERR,ERR,ERR,ERR,ERR,ERR,ERR,ERR,ERR,ERR,34.0,80.0,35,0.0,0.0,0.0,0.0,0.0,0.0,0.0,0.0,0.0,0.0,0.0,0.0,0.0,0.0,0.0,0.0,66.0,0,120,58,53,65476,0,300,0,0,8,20529,65476,0,0,57672,80.0,0.0,0.0,0.0,0.0,0.0
2026-06-18T02:31:25,ERR,ERR,ERR,ERR,ERR,ERR,ERR,ERR,ERR,ERR,ERR,ERR,ERR,ERR,ERR,ERR,ERR,ERR,ERR,ERR,ERR,ERR,ERR,ERR,ERR,ERR,ERR,ERR,ERR,ERR,ERR,ERR,ERR,ERR,ERR,ERR,ERR,ERR,ERR,ERR,ERR,ERR,ERR,ERR,ERR,ERR,ERR,ERR,ERR,ERR,ERR,ERR,ERR,ERR,ERR,ERR,ERR,ERR,ERR,ERR,ERR,ERR,ERR,ERR,ERR,ERR,ERR,ERR,ERR,ERR,ERR,ERR,ERR,ERR,ERR,ERR,ERR,ERR,ERR,ERR,ERR,ERR,ERR,ERR,ERR,ERR,ERR,ERR,ERR,ERR,ERR,ERR,ERR,ERR,ERR,ERR,ERR,ERR,ERR,ERR,ERR,ERR,ERR,ERR,ERR,ERR,ERR,ERR,ERR,ERR,ERR,ERR,ERR,ERR,ERR,ERR,ERR,ERR,ERR,ERR,ERR,ERR,ERR,ERR,ERR,-0.0,2.718431101732002e+23,-0.0,-152005385388032.0,-0.0,1.3936040501711995e+18,7.805,-2306705457152.0,0,0,4,48901,6720,14723890282496.0,100,0.0,0.0,0.0,-0.0,0.0,0,0,0,0,0.0,0,0,0,0,0,0,0,0,0,0,0,0,0,0,0,0,0,0,0,0,0,0,0,0,0,0,0,0,0,0,0,0,0,26,51,50,76,65476,0,300,0,0,8,21553,0.0,-107605600.0,0.0,0.0,0.0,0.0,0.0,0.0,0.0,0.0,0.0,0.0,0.0,0.0,0.0,0.0,0.0,0.0,0.0,0.0,0.0,0.0,-2.004,-0.0,-2.004,0.0,0.0,0.0,0.0,0.0,4784.0,564145363615744.0,7275.0,2.7184312818759872e+23,0.0,-0.0,-107615392.0,0.0,0.0,0.0,0.0,77,126841126912.0,0.0,0.0,0.0,0.0,0.0,0.0,0.0,0.0,0,0,0,0.0,0.0,0.0,0.0,0.0,0.0,0.0,0.0,0.0,0.0,0.0,0.0,0.0,0.0,0.0,0.0,0,-107875648.0,77,0.0,154,0.0,-0.0,ERR,ERR,ERR,ERR,ERR,ERR,ERR,ERR,ERR,ERR,ERR,ERR,ERR,ERR,ERR,ERR,ERR,ERR,ERR,ERR,ERR,ERR,ERR,ERR,ERR,ERR,ERR,ERR,ERR,ERR,ERR,ERR,ERR,ERR,ERR,ERR,ERR,ERR,ERR,ERR,ERR,ERR,ERR,ERR,ERR,ERR,ERR,ERR,ERR,ERR,ERR,ERR,ERR,ERR,ERR,ERR,ERR,ERR,ERR,ERR,ERR,ERR,ERR,ERR,ERR,ERR,ERR,34.0,80.0,35,0.0,0.0,0.0,0.0,0.0,0.0,0.0,0.0,0.0,0.0,0.0,0.0,0.0,0.0,0.0,0.0,66.0,0,120,58,53,65476,0,300,0,0,8,20529,65476,0,0,57672,80.0,0.0,0.0,0.0,0.0,0.0
2026-06-18T02:31:26,ERR,ERR,ERR,ERR,ERR,ERR,ERR,ERR,ERR,ERR,ERR,ERR,ERR,ERR,ERR,ERR,ERR,ERR,ERR,ERR,ERR,ERR,ERR,ERR,ERR,ERR,ERR,ERR,ERR,ERR,ERR,ERR,ERR,ERR,ERR,ERR,ERR,ERR,ERR,ERR,ERR,ERR,ERR,ERR,ERR,ERR,ERR,ERR,ERR,ERR,ERR,ERR,ERR,ERR,ERR,ERR,ERR,ERR,ERR,ERR,ERR,ERR,ERR,ERR,ERR,ERR,ERR,ERR,ERR,ERR,ERR,ERR,ERR,ERR,ERR,ERR,ERR,ERR,ERR,ERR,ERR,ERR,ERR,ERR,ERR,ERR,ERR,ERR,ERR,ERR,ERR,ERR,ERR,ERR,ERR,ERR,ERR,ERR,ERR,ERR,ERR,ERR,ERR,ERR,ERR,ERR,ERR,ERR,ERR,ERR,ERR,ERR,ERR,ERR,ERR,ERR,ERR,ERR,ERR,ERR,ERR,ERR,ERR,ERR,ERR,-0.0,2.718431101732002e+23,-0.0,-152005385388032.0,-0.0,1.3936040501711995e+18,7.805,-2306705457152.0,0,0,4,48901,6720,14723890282496.0,100,0.0,0.0,0.0,-0.0,0.0,0,0,0,0,0.0,0,0,0,0,0,0,0,0,0,0,0,0,0,0,0,0,0,0,0,0,0,0,0,0,0,0,0,0,0,0,0,0,0,26,51,50,76,65476,0,300,0,0,8,21553,0.0,-107605600.0,0.0,0.0,0.0,0.0,0.0,0.0,0.0,0.0,0.0,0.0,0.0,0.0,0.0,0.0,0.0,0.0,0.0,0.0,0.0,0.0,-2.004,-0.0,-2.004,0.0,0.0,0.0,0.0,0.0,4784.0,564145363615744.0,7275.0,2.7184312818759872e+23,0.0,-0.0,-107615392.0,0.0,0.0,0.0,0.0,77,126841126912.0,0.0,0.0,0.0,0.0,0.0,0.0,0.0,0.0,0,0,0,0.0,0.0,0.0,0.0,0.0,0.0,0.0,0.0,0.0,0.0,0.0,0.0,0.0,0.0,0.0,0.0,0,-107875648.0,77,0.0,154,0.0,-0.0,ERR,ERR,ERR,ERR,ERR,ERR,ERR,ERR,ERR,ERR,ERR,ERR,ERR,ERR,ERR,ERR,ERR,ERR,ERR,ERR,ERR,ERR,ERR,ERR,ERR,ERR,ERR,ERR,ERR,ERR,ERR,ERR,ERR,ERR,ERR,ERR,ERR,ERR,ERR,ERR,ERR,ERR,ERR,ERR,ERR,ERR,ERR,ERR,ERR,ERR,ERR,ERR,ERR,ERR,ERR,ERR,ERR,ERR,ERR,ERR,ERR,ERR,ERR,ERR,ERR,ERR,ERR,34.0,80.0,35,0.0,0.0,0.0,0.0,0.0,0.0,0.0,0.0,0.0,0.0,0.0,0.0,0.0,0.0,0.0,0.0,66.0,0,120,58,53,65476,0,300,0,0,8,20529,65476,0,0,57672,80.0,0.0,0.0,0.0,0.0,0.0
2026-06-18T02:31:27,ERR,ERR,ERR,ERR,ERR,ERR,ERR,ERR,ERR,ERR,ERR,ERR,ERR,ERR,ERR,ERR,ERR,ERR,ERR,ERR,ERR,ERR,ERR,ERR,ERR,ERR,ERR,ERR,ERR,ERR,ERR,ERR,ERR,ERR,ERR,ERR,ERR,ERR,ERR,ERR,ERR,ERR,ERR,ERR,ERR,ERR,ERR,ERR,ERR,ERR,ERR,ERR,ERR,ERR,ERR,ERR,ERR,ERR,ERR,ERR,ERR,ERR,ERR,ERR,ERR,ERR,ERR,ERR,ERR,ERR,ERR,ERR,ERR,ERR,ERR,ERR,ERR,ERR,ERR,ERR,ERR,ERR,ERR,ERR,ERR,ERR,ERR,ERR,ERR,ERR,ERR,ERR,ERR,ERR,ERR,ERR,ERR,ERR,ERR,ERR,ERR,ERR,ERR,ERR,ERR,ERR,ERR,ERR,ERR,ERR,ERR,ERR,ERR,ERR,ERR,ERR,ERR,ERR,ERR,ERR,ERR,ERR,ERR,ERR,ERR,2.7184312818759872e+23,0.0,-0.0,2.718290229135658e+23,nan,1.3936040501711995e+18,7.805,-12113.15,0,0,4,48929,6720,14723890282496.0,100,0.0,0.0,0.0,0.0,0.0,0,0,0,0,0.0,0,0,0,0,0,0,0,0,0,0,0,0,0,0,0,0,0,0,0,0,0,0,0,0,0,0,0,0,0,0,0,0,0,26,51,50,76,65476,0,300,0,0,8,21553,0.0,-107605600.0,0.0,0.0,0.0,0.0,0.0,0.0,0.0,0.0,0.0,0.0,0.0,0.0,0.0,0.0,0.0,0.0,0.0,0.0,0.0,0.0,-2.004,2.004,-2.004,0.0,0.0,0.0,0.0,0.0,4780.0,2.004,7272.0,2.7184312818759872e+23,0.0,-107615360.0,-107615392.0,0.0,0.0,0.0,0.0,77,0.059,0.0,0.0,0.0,0.0,0.0,0.0,0.0,0.0,0,0,0,0.0,0.0,0.0,0.0,0.0,0.0,0.0,0.0,0.0,0.0,0.0,0.0,0.0,0.0,0.0,0.0,0,-107875648.0,77,0.0,154,0.0,-0.0,ERR,ERR,ERR,ERR,ERR,ERR,ERR,ERR,ERR,ERR,ERR,ERR,ERR,ERR,ERR,ERR,ERR,ERR,ERR,ERR,ERR,ERR,ERR,ERR,ERR,ERR,ERR,ERR,ERR,ERR,ERR,ERR,ERR,ERR,ERR,ERR,ERR,ERR,ERR,ERR,ERR,ERR,ERR,ERR,ERR,ERR,ERR,ERR,ERR,ERR,ERR,ERR,ERR,ERR,ERR,ERR,ERR,ERR,ERR,ERR,ERR,ERR,ERR,ERR,ERR,ERR,ERR,34.0,80.0,35,0.0,0.0,0.0,0.0,0.0,0.0,0.0,0.0,0.0,0.0,0.0,0.0,0.0,0.0,0.0,0.0,66.0,0,120,58,53,65476,0,300,0,0,8,20529,65476,0,0,57672,80.0,0.0,0.0,0.0,0.0,0.0
2026-06-18T02:31:28,ERR,ERR,ERR,ERR,ERR,ERR,ERR,ERR,ERR,ERR,ERR,ERR,ERR,ERR,ERR,ERR,ERR,ERR,ERR,ERR,ERR,ERR,ERR,ERR,ERR,ERR,ERR,ERR,ERR,ERR,ERR,ERR,ERR,ERR,ERR,ERR,ERR,ERR,ERR,ERR,ERR,ERR,ERR,ERR,ERR,ERR,ERR,ERR,ERR,ERR,ERR,ERR,ERR,ERR,ERR,ERR,ERR,ERR,ERR,ERR,ERR,ERR,ERR,ERR,ERR,ERR,ERR,ERR,ERR,ERR,ERR,ERR,ERR,ERR,ERR,ERR,ERR,ERR,ERR,ERR,ERR,ERR,ERR,ERR,ERR,ERR,ERR,ERR,ERR,ERR,ERR,ERR,ERR,ERR,ERR,ERR,ERR,ERR,ERR,ERR,ERR,ERR,ERR,ERR,ERR,ERR,ERR,ERR,ERR,ERR,ERR,ERR,ERR,ERR,ERR,ERR,ERR,ERR,ERR,ERR,ERR,ERR,ERR,ERR,ERR,2.7184312818759872e+23,0.0,-0.0,2.718290229135658e+23,nan,1.3936040501711995e+18,7.805,-12113.15,0,0,4,48929,6720,14723890282496.0,100,0.0,0.0,0.0,0.0,0.0,0,0,0,0,0.0,0,0,0,0,0,0,0,0,0,0,0,0,0,0,0,0,0,0,0,0,0,0,0,0,0,0,0,0,0,0,0,0,0,26,51,50,76,65476,0,300,0,0,8,21553,0.0,-107605600.0,0.0,0.0,0.0,0.0,0.0,0.0,0.0,0.0,0.0,0.0,0.0,0.0,0.0,0.0,0.0,0.0,0.0,0.0,0.0,0.0,-2.004,2.004,-2.004,0.0,0.0,0.0,0.0,0.0,4780.0,2.004,7272.0,2.7184312818759872e+23,0.0,-107615360.0,-107615392.0,0.0,0.0,0.0,0.0,77,0.059,0.0,0.0,0.0,0.0,0.0,0.0,0.0,0.0,0,0,0,0.0,0.0,0.0,0.0,0.0,0.0,0.0,0.0,0.0,0.0,0.0,0.0,0.0,0.0,0.0,0.0,0,-107875648.0,77,0.0,154,0.0,-0.0,ERR,ERR,ERR,ERR,ERR,ERR,ERR,ERR,ERR,ERR,ERR,ERR,ERR,ERR,ERR,ERR,ERR,ERR,ERR,ERR,ERR,ERR,ERR,ERR,ERR,ERR,ERR,ERR,ERR,ERR,ERR,ERR,ERR,ERR,ERR,ERR,ERR,ERR,ERR,ERR,ERR,ERR,ERR,ERR,ERR,ERR,ERR,ERR,ERR,ERR,ERR,ERR,ERR,ERR,ERR,ERR,ERR,ERR,ERR,ERR,ERR,ERR,ERR,ERR,ERR,ERR,ERR,34.0,80.0,35,0.0,0.0,0.0,0.0,0.0,0.0,0.0,0.0,0.0,0.0,0.0,0.0,0.0,0.0,0.0,0.0,65.6,0,120,58,53,65476,0,300,0,0,8,20529,65476,0,0,57672,80.0,0.0,0.0,0.0,0.0,0.0
2026-06-18T02:31:29,ERR,ERR,ERR,ERR,ERR,ERR,ERR,ERR,ERR,ERR,ERR,ERR,ERR,ERR,ERR,ERR,ERR,ERR,ERR,ERR,ERR,ERR,ERR,ERR,ERR,ERR,ERR,ERR,ERR,ERR,ERR,ERR,ERR,ERR,ERR,ERR,ERR,ERR,ERR,ERR,ERR,ERR,ERR,ERR,ERR,ERR,ERR,ERR,ERR,ERR,ERR,ERR,ERR,ERR,ERR,ERR,ERR,ERR,ERR,ERR,ERR,ERR,ERR,ERR,ERR,ERR,ERR,ERR,ERR,ERR,ERR,ERR,ERR,ERR,ERR,ERR,ERR,ERR,ERR,ERR,ERR,ERR,ERR,ERR,ERR,ERR,ERR,ERR,ERR,ERR,ERR,ERR,ERR,ERR,ERR,ERR,ERR,ERR,ERR,ERR,ERR,ERR,ERR,ERR,ERR,ERR,ERR,ERR,ERR,ERR,ERR,ERR,ERR,ERR,ERR,ERR,ERR,ERR,ERR,ERR,ERR,ERR,ERR,ERR,ERR,2.7184312818759872e+23,0.0,-0.0,2.718290229135658e+23,nan,1.3936040501711995e+18,7.805,-12113.15,0,0,4,48929,6720,14723890282496.0,100,0.0,0.0,0.0,0.0,0.0,0,0,0,0,0.0,0,0,0,0,0,0,0,0,0,0,0,0,0,0,0,0,0,0,0,0,0,0,0,0,0,0,0,0,0,0,0,0,0,26,51,50,76,65476,0,300,0,0,8,21553,0.0,-107605600.0,0.0,0.0,0.0,0.0,0.0,0.0,0.0,0.0,0.0,0.0,0.0,0.0,0.0,0.0,0.0,0.0,0.0,0.0,0.0,0.0,-2.004,2.004,-2.004,0.0,0.0,0.0,0.0,0.0,4780.0,2.004,7272.0,2.7184312818759872e+23,0.0,-107615360.0,-107615392.0,0.0,0.0,0.0,0.0,77,0.059,0.0,0.0,0.0,0.0,0.0,0.0,0.0,0.0,0,0,0,0.0,0.0,0.0,0.0,0.0,0.0,0.0,0.0,0.0,0.0,0.0,0.0,0.0,0.0,0.0,0.0,0,-107875648.0,77,0.0,154,0.0,-0.0,ERR,ERR,ERR,ERR,ERR,ERR,ERR,ERR,ERR,ERR,ERR,ERR,ERR,ERR,ERR,ERR,ERR,ERR,ERR,ERR,ERR,ERR,ERR,ERR,ERR,ERR,ERR,ERR,ERR,ERR,ERR,ERR,ERR,ERR,ERR,ERR,ERR,ERR,ERR,ERR,ERR,ERR,ERR,ERR,ERR,ERR,ERR,ERR,ERR,ERR,ERR,ERR,ERR,ERR,ERR,ERR,ERR,ERR,ERR,ERR,ERR,ERR,ERR,ERR,ERR,ERR,ERR,34.0,80.0,35,0.0,0.0,0.0,0.0,0.0,0.0,0.0,0.0,0.0,0.0,0.0,0.0,0.0,0.0,0.0,0.0,65.6,0,120,58,53,65476,0,300,0,0,8,20529,65476,0,0,57672,80.0,0.0,0.0,0.0,0.0,0.0
2026-06-18T02:31:30,ERR,ERR,ERR,ERR,ERR,ERR,ERR,ERR,ERR,ERR,ERR,ERR,ERR,ERR,ERR,ERR,ERR,ERR,ERR,ERR,ERR,ERR,ERR,ERR,ERR,ERR,ERR,ERR,ERR,ERR,ERR,ERR,ERR,ERR,ERR,ERR,ERR,ERR,ERR,ERR,ERR,ERR,ERR,ERR,ERR,ERR,ERR,ERR,ERR,ERR,ERR,ERR,ERR,ERR,ERR,ERR,ERR,ERR,ERR,ERR,ERR,ERR,ERR,ERR,ERR,ERR,ERR,ERR,ERR,ERR,ERR,ERR,ERR,ERR,ERR,ERR,ERR,ERR,ERR,ERR,ERR,ERR,ERR,ERR,ERR,ERR,ERR,ERR,ERR,ERR,ERR,ERR,ERR,ERR,ERR,ERR,ERR,ERR,ERR,ERR,ERR,ERR,ERR,ERR,ERR,ERR,ERR,ERR,ERR,ERR,ERR,ERR,ERR,ERR,ERR,ERR,ERR,ERR,ERR,ERR,ERR,ERR,ERR,ERR,ERR,2.7184312818759872e+23,0.0,-0.0,2.718290229135658e+23,nan,1.3936040501711995e+18,7.805,-12113.15,0,0,4,48929,6720,14723890282496.0,100,0.0,0.0,0.0,0.0,0.0,0,0,0,0,0.0,0,0,0,0,0,0,0,0,0,0,0,0,0,0,0,0,0,0,0,0,0,0,0,0,0,0,0,0,0,0,0,0,0,26,51,50,76,65476,0,300,0,0,8,21553,0.0,-107605600.0,0.0,0.0,0.0,0.0,0.0,0.0,0.0,0.0,0.0,0.0,0.0,0.0,0.0,0.0,0.0,0.0,0.0,0.0,0.0,0.0,-2.004,2.004,-2.004,0.0,0.0,0.0,0.0,0.0,4780.0,2.004,7272.0,2.7184312818759872e+23,0.0,-107615360.0,-107615392.0,0.0,0.0,0.0,0.0,77,0.059,0.0,0.0,0.0,0.0,0.0,0.0,0.0,0.0,0,0,0,0.0,0.0,0.0,0.0,0.0,0.0,0.0,0.0,0.0,0.0,0.0,0.0,0.0,0.0,0.0,0.0,0,-107875648.0,77,0.0,154,0.0,-0.0,ERR,ERR,ERR,ERR,ERR,ERR,ERR,ERR,ERR,ERR,ERR,ERR,ERR,ERR,ERR,ERR,ERR,ERR,ERR,ERR,ERR,ERR,ERR,ERR,ERR,ERR,ERR,ERR,ERR,ERR,ERR,ERR,ERR,ERR,ERR,ERR,ERR,ERR,ERR,ERR,ERR,ERR,ERR,ERR,ERR,ERR,ERR,ERR,ERR,ERR,ERR,ERR,ERR,ERR,ERR,ERR,ERR,ERR,ERR,ERR,ERR,ERR,ERR,ERR,ERR,ERR,ERR,34.0,80.0,35,0.0,0.0,0.0,0.0,0.0,0.0,0.0,0.0,0.0,0.0,0.0,0.0,0.0,0.0,0.0,0.0,65.6,0,120,58,53,65476,0,300,0,0,8,20529,65476,0,0,57672,80.0,0.0,0.0,0.0,0.0,0.0
2026-06-18T02:31:31,ERR,ERR,ERR,ERR,ERR,ERR,ERR,ERR,ERR,ERR,ERR,ERR,ERR,ERR,ERR,ERR,ERR,ERR,ERR,ERR,ERR,ERR,ERR,ERR,ERR,ERR,ERR,ERR,ERR,ERR,ERR,ERR,ERR,ERR,ERR,ERR,ERR,ERR,ERR,ERR,ERR,ERR,ERR,ERR,ERR,ERR,ERR,ERR,ERR,ERR,ERR,ERR,ERR,ERR,ERR,ERR,ERR,ERR,ERR,ERR,ERR,ERR,ERR,ERR,ERR,ERR,ERR,ERR,ERR,ERR,ERR,ERR,ERR,ERR,ERR,ERR,ERR,ERR,ERR,ERR,ERR,ERR,ERR,ERR,ERR,ERR,ERR,ERR,ERR,ERR,ERR,ERR,ERR,ERR,ERR,ERR,ERR,ERR,ERR,ERR,ERR,ERR,ERR,ERR,ERR,ERR,ERR,ERR,ERR,ERR,ERR,ERR,ERR,ERR,ERR,ERR,ERR,ERR,ERR,ERR,ERR,ERR,ERR,ERR,ERR,2.7184312818759872e+23,0.0,-0.0,2.718290229135658e+23,nan,1.3936040501711995e+18,7.805,-12113.15,0,0,4,48929,6720,14723890282496.0,100,0.0,0.0,0.0,0.0,0.0,0,0,0,0,0.0,0,0,0,0,0,0,0,0,0,0,0,0,0,0,0,0,0,0,0,0,0,0,0,0,0,0,0,0,0,0,0,0,0,26,51,50,76,65476,0,300,0,0,8,21553,0.0,-107605600.0,0.0,0.0,0.0,0.0,0.0,0.0,0.0,0.0,0.0,0.0,0.0,0.0,0.0,0.0,0.0,0.0,0.0,0.0,0.0,0.0,-2.004,2.004,-2.004,0.0,0.0,0.0,0.0,0.0,4780.0,2.004,7272.0,2.7184312818759872e+23,0.0,-107615360.0,-107615392.0,0.0,0.0,0.0,0.0,77,0.059,0.0,0.0,0.0,0.0,0.0,0.0,0.0,0.0,0,0,0,0.0,0.0,0.0,0.0,0.0,0.0,0.0,0.0,0.0,0.0,0.0,0.0,0.0,0.0,0.0,0.0,0,-107875648.0,77,0.0,154,0.0,-0.0,ERR,ERR,ERR,ERR,ERR,ERR,ERR,ERR,ERR,ERR,ERR,ERR,ERR,ERR,ERR,ERR,ERR,ERR,ERR,ERR,ERR,ERR,ERR,ERR,ERR,ERR,ERR,ERR,ERR,ERR,ERR,ERR,ERR,ERR,ERR,ERR,ERR,ERR,ERR,ERR,ERR,ERR,ERR,ERR,ERR,ERR,ERR,ERR,ERR,ERR,ERR,ERR,ERR,ERR,ERR,ERR,ERR,ERR,ERR,ERR,ERR,ERR,ERR,ERR,ERR,ERR,ERR,34.0,80.0,35,0.0,0.0,0.0,0.0,0.0,0.0,0.0,0.0,0.0,0.0,0.0,0.0,0.0,0.0,0.0,0.0,65.6,0,120,58,53,65476,0,300,0,0,8,20529,65476,0,0,57672,80.0,0.0,0.0,0.0,0.0,0.0
2026-06-18T02:31:32,ERR,ERR,ERR,ERR,ERR,ERR,ERR,ERR,ERR,ERR,ERR,ERR,ERR,ERR,ERR,ERR,ERR,ERR,ERR,ERR,ERR,ERR,ERR,ERR,ERR,ERR,ERR,ERR,ERR,ERR,ERR,ERR,ERR,ERR,ERR,ERR,ERR,ERR,ERR,ERR,ERR,ERR,ERR,ERR,ERR,ERR,ERR,ERR,ERR,ERR,ERR,ERR,ERR,ERR,ERR,ERR,ERR,ERR,ERR,ERR,ERR,ERR,ERR,ERR,ERR,ERR,ERR,ERR,ERR,ERR,ERR,ERR,ERR,ERR,ERR,ERR,ERR,ERR,ERR,ERR,ERR,ERR,ERR,ERR,ERR,ERR,ERR,ERR,ERR,ERR,ERR,ERR,ERR,ERR,ERR,ERR,ERR,ERR,ERR,ERR,ERR,ERR,ERR,ERR,ERR,ERR,ERR,ERR,ERR,ERR,ERR,ERR,ERR,ERR,ERR,ERR,ERR,ERR,ERR,ERR,ERR,ERR,ERR,ERR,ERR,-0.0,0.0,0.0,-0.0,-3.293,1.3936040501711995e+18,7.805,1.7609923127962802e+31,0,0,4,48898,6720,14723890282496.0,100,0.0,0.0,0.0,-0.0,0.0,0,0,0,0,0.0,0,0,0,0,0,0,0,0,0,0,0,0,0,0,0,0,0,0,0,0,0,0,0,0,0,0,0,0,0,0,0,0,0,26,51,50,76,65476,0,300,0,0,8,21553,0.0,-107605600.0,0.0,0.0,0.0,0.0,0.0,0.0,0.0,0.0,0.0,0.0,0.0,0.0,0.0,0.0,0.0,0.0,0.0,0.0,0.0,0.0,-2.004,2.004,-2.004,0.0,0.0,0.0,0.0,0.0,4781.0,1.587928030851661e+29,7278.0,2.7184312818759872e+23,0.0,-0.0,-107615392.0,0.0,0.0,0.0,0.0,77,71.63,89220.492,0.0,0.0,0.0,0.0,0.0,0.0,0.0,0,0,0,0.0,0.0,0.0,0.0,0.0,0.0,0.0,0.0,0.0,0.0,0.0,0.0,0.0,0.0,0.0,0.0,0,-107875648.0,77,0.0,154,0.0,0.0,ERR,ERR,ERR,ERR,ERR,ERR,ERR,ERR,ERR,ERR,ERR,ERR,ERR,ERR,ERR,ERR,ERR,ERR,ERR,ERR,ERR,ERR,ERR,ERR,ERR,ERR,ERR,ERR,ERR,ERR,ERR,ERR,ERR,ERR,ERR,ERR,ERR,ERR,ERR,ERR,ERR,ERR,ERR,ERR,ERR,ERR,ERR,ERR,ERR,ERR,ERR,ERR,ERR,ERR,ERR,ERR,ERR,ERR,ERR,ERR,ERR,ERR,ERR,ERR,ERR,ERR,ERR,34.0,80.0,35,0.0,0.0,0.0,0.0,0.0,0.0,0.0,0.0,0.0,0.0,0.0,0.0,0.0,0.0,0.0,0.0,66.0,0,120,58,53,65476,0,300,0,0,8,20529,65476,0,0,57672,80.0,0.0,0.0,0.0,0.0,0.0
2026-06-18T02:31:33,ERR,ERR,ERR,ERR,ERR,ERR,ERR,ERR,ERR,ERR,ERR,ERR,ERR,ERR,ERR,ERR,ERR,ERR,ERR,ERR,ERR,ERR,ERR,ERR,ERR,ERR,ERR,ERR,ERR,ERR,ERR,ERR,ERR,ERR,ERR,ERR,ERR,ERR,ERR,ERR,ERR,ERR,ERR,ERR,ERR,ERR,ERR,ERR,ERR,ERR,ERR,ERR,ERR,ERR,ERR,ERR,ERR,ERR,ERR,ERR,ERR,ERR,ERR,ERR,ERR,ERR,ERR,ERR,ERR,ERR,ERR,ERR,ERR,ERR,ERR,ERR,ERR,ERR,ERR,ERR,ERR,ERR,ERR,ERR,ERR,ERR,ERR,ERR,ERR,ERR,ERR,ERR,ERR,ERR,ERR,ERR,ERR,ERR,ERR,ERR,ERR,ERR,ERR,ERR,ERR,ERR,ERR,ERR,ERR,ERR,ERR,ERR,ERR,ERR,ERR,ERR,ERR,ERR,ERR,ERR,ERR,ERR,ERR,ERR,ERR,-0.0,0.0,0.0,-0.0,-3.293,1.3936040501711995e+18,7.805,1.7609923127962802e+31,0,0,4,48898,6720,14723890282496.0,100,0.0,0.0,0.0,-0.0,0.0,0,0,0,0,0.0,0,0,0,0,0,0,0,0,0,0,0,0,0,0,0,0,0,0,0,0,0,0,0,0,0,0,0,0,0,0,0,0,0,26,51,50,76,65476,0,300,0,0,8,21553,0.0,-107605600.0,0.0,0.0,0.0,0.0,0.0,0.0,0.0,0.0,0.0,0.0,0.0,0.0,0.0,0.0,0.0,0.0,0.0,0.0,0.0,0.0,-2.004,2.004,-2.004,0.0,0.0,0.0,0.0,0.0,4781.0,1.587928030851661e+29,7278.0,2.7184312818759872e+23,0.0,-0.0,-107615392.0,0.0,0.0,0.0,0.0,77,71.63,89220.492,0.0,0.0,0.0,0.0,0.0,0.0,0.0,0,0,0,0.0,0.0,0.0,0.0,0.0,0.0,0.0,0.0,0.0,0.0,0.0,0.0,0.0,0.0,0.0,0.0,0,-107875648.0,77,0.0,154,0.0,0.0,ERR,ERR,ERR,ERR,ERR,ERR,ERR,ERR,ERR,ERR,ERR,ERR,ERR,ERR,ERR,ERR,ERR,ERR,ERR,ERR,ERR,ERR,ERR,ERR,ERR,ERR,ERR,ERR,ERR,ERR,ERR,ERR,ERR,ERR,ERR,ERR,ERR,ERR,ERR,ERR,ERR,ERR,ERR,ERR,ERR,ERR,ERR,ERR,ERR,ERR,ERR,ERR,ERR,ERR,ERR,ERR,ERR,ERR,ERR,ERR,ERR,ERR,ERR,ERR,ERR,ERR,ERR,34.0,80.0,35,0.0,0.0,0.0,0.0,0.0,0.0,0.0,0.0,0.0,0.0,0.0,0.0,0.0,0.0,0.0,0.0,65.6,0,120,58,53,65476,0,300,0,0,8,20529,65476,0,0,57672,80.0,0.0,0.0,0.0,0.0,0.0
2026-06-18T02:31:34,ERR,ERR,ERR,ERR,ERR,ERR,ERR,ERR,ERR,ERR,ERR,ERR,ERR,ERR,ERR,ERR,ERR,ERR,ERR,ERR,ERR,ERR,ERR,ERR,ERR,ERR,ERR,ERR,ERR,ERR,ERR,ERR,ERR,ERR,ERR,ERR,ERR,ERR,ERR,ERR,ERR,ERR,ERR,ERR,ERR,ERR,ERR,ERR,ERR,ERR,ERR,ERR,ERR,ERR,ERR,ERR,ERR,ERR,ERR,ERR,ERR,ERR,ERR,ERR,ERR,ERR,ERR,ERR,ERR,ERR,ERR,ERR,ERR,ERR,ERR,ERR,ERR,ERR,ERR,ERR,ERR,ERR,ERR,ERR,ERR,ERR,ERR,ERR,ERR,ERR,ERR,ERR,ERR,ERR,ERR,ERR,ERR,ERR,ERR,ERR,ERR,ERR,ERR,ERR,ERR,ERR,ERR,ERR,ERR,ERR,ERR,ERR,ERR,ERR,ERR,ERR,ERR,ERR,ERR,ERR,ERR,ERR,ERR,ERR,ERR,-0.0,0.0,0.0,-0.0,-3.293,1.3936040501711995e+18,7.805,1.7609923127962802e+31,0,0,4,48898,6720,14723890282496.0,100,0.0,0.0,0.0,-0.0,0.0,0,0,0,0,0.0,0,0,0,0,0,0,0,0,0,0,0,0,0,0,0,0,0,0,0,0,0,0,0,0,0,0,0,0,0,0,0,0,0,26,51,50,76,65476,0,300,0,0,8,21553,0.0,-107605600.0,0.0,0.0,0.0,0.0,0.0,0.0,0.0,0.0,0.0,0.0,0.0,0.0,0.0,0.0,0.0,0.0,0.0,0.0,0.0,0.0,-2.004,2.004,-2.004,0.0,0.0,0.0,0.0,0.0,4781.0,1.587928030851661e+29,7278.0,2.7184312818759872e+23,0.0,-0.0,-107615392.0,0.0,0.0,0.0,0.0,77,71.63,89220.492,0.0,0.0,0.0,0.0,0.0,0.0,0.0,0,0,0,0.0,0.0,0.0,0.0,0.0,0.0,0.0,0.0,0.0,0.0,0.0,0.0,0.0,0.0,0.0,0.0,0,-107875648.0,77,0.0,154,0.0,0.0,ERR,ERR,ERR,ERR,ERR,ERR,ERR,ERR,ERR,ERR,ERR,ERR,ERR,ERR,ERR,ERR,ERR,ERR,ERR,ERR,ERR,ERR,ERR,ERR,ERR,ERR,ERR,ERR,ERR,ERR,ERR,ERR,ERR,ERR,ERR,ERR,ERR,ERR,ERR,ERR,ERR,ERR,ERR,ERR,ERR,ERR,ERR,ERR,ERR,ERR,ERR,ERR,ERR,ERR,ERR,ERR,ERR,ERR,ERR,ERR,ERR,ERR,ERR,ERR,ERR,ERR,ERR,34.0,80.0,35,0.0,0.0,0.0,0.0,0.0,0.0,0.0,0.0,0.0,0.0,0.0,0.0,0.0,0.0,0.0,0.0,65.6,0,120,58,53,65476,0,300,0,0,8,20529,65476,0,0,57672,80.0,0.0,0.0,0.0,0.0,0.0
2026-06-18T02:31:35,ERR,ERR,ERR,ERR,ERR,ERR,ERR,ERR,ERR,ERR,ERR,ERR,ERR,ERR,ERR,ERR,ERR,ERR,ERR,ERR,ERR,ERR,ERR,ERR,ERR,ERR,ERR,ERR,ERR,ERR,ERR,ERR,ERR,ERR,ERR,ERR,ERR,ERR,ERR,ERR,ERR,ERR,ERR,ERR,ERR,ERR,ERR,ERR,ERR,ERR,ERR,ERR,ERR,ERR,ERR,ERR,ERR,ERR,ERR,ERR,ERR,ERR,ERR,ERR,ERR,ERR,ERR,ERR,ERR,ERR,ERR,ERR,ERR,ERR,ERR,ERR,ERR,ERR,ERR,ERR,ERR,ERR,ERR,ERR,ERR,ERR,ERR,ERR,ERR,ERR,ERR,ERR,ERR,ERR,ERR,ERR,ERR,ERR,ERR,ERR,ERR,ERR,ERR,ERR,ERR,ERR,ERR,ERR,ERR,ERR,ERR,ERR,ERR,ERR,ERR,ERR,ERR,ERR,ERR,ERR,ERR,ERR,ERR,ERR,ERR,-0.0,0.0,0.0,-0.0,-3.293,1.3936040501711995e+18,7.805,1.7609923127962802e+31,0,0,4,48898,6720,14723890282496.0,100,0.0,0.0,0.0,-0.0,0.0,0,0,0,0,0.0,0,0,0,0,0,0,0,0,0,0,0,0,0,0,0,0,0,0,0,0,0,0,0,0,0,0,0,0,0,0,0,0,0,26,51,50,76,65476,0,300,0,0,8,21553,0.0,-107605600.0,0.0,0.0,0.0,0.0,0.0,0.0,0.0,0.0,0.0,0.0,0.0,0.0,0.0,0.0,0.0,0.0,0.0,0.0,0.0,0.0,-2.004,2.004,-2.004,0.0,0.0,0.0,0.0,0.0,4781.0,1.587928030851661e+29,7278.0,2.7184312818759872e+23,0.0,-0.0,-107615392.0,0.0,0.0,0.0,0.0,77,71.63,89220.492,0.0,0.0,0.0,0.0,0.0,0.0,0.0,0,0,0,0.0,0.0,0.0,0.0,0.0,0.0,0.0,0.0,0.0,0.0,0.0,0.0,0.0,0.0,0.0,0.0,0,-107875648.0,77,0.0,154,0.0,0.0,ERR,ERR,ERR,ERR,ERR,ERR,ERR,ERR,ERR,ERR,ERR,ERR,ERR,ERR,ERR,ERR,ERR,ERR,ERR,ERR,ERR,ERR,ERR,ERR,ERR,ERR,ERR,ERR,ERR,ERR,ERR,ERR,ERR,ERR,ERR,ERR,ERR,ERR,ERR,ERR,ERR,ERR,ERR,ERR,ERR,ERR,ERR,ERR,ERR,ERR,ERR,ERR,ERR,ERR,ERR,ERR,ERR,ERR,ERR,ERR,ERR,ERR,ERR,ERR,ERR,ERR,ERR,34.0,80.0,35,0.0,0.0,0.0,0.0,0.0,0.0,0.0,0.0,0.0,0.0,0.0,0.0,0.0,0.0,0.0,0.0,66.0,0,120,58,53,65476,0,300,0,0,8,20529,65476,0,0,57672,80.0,0.0,0.0,0.0,0.0,0.0
2026-06-18T02:31:36,ERR,ERR,ERR,ERR,ERR,ERR,ERR,ERR,ERR,ERR,ERR,ERR,ERR,ERR,ERR,ERR,ERR,ERR,ERR,ERR,ERR,ERR,ERR,ERR,ERR,ERR,ERR,ERR,ERR,ERR,ERR,ERR,ERR,ERR,ERR,ERR,ERR,ERR,ERR,ERR,ERR,ERR,ERR,ERR,ERR,ERR,ERR,ERR,ERR,ERR,ERR,ERR,ERR,ERR,ERR,ERR,ERR,ERR,ERR,ERR,ERR,ERR,ERR,ERR,ERR,ERR,ERR,ERR,ERR,ERR,ERR,ERR,ERR,ERR,ERR,ERR,ERR,ERR,ERR,ERR,ERR,ERR,ERR,ERR,ERR,ERR,ERR,ERR,ERR,ERR,ERR,ERR,ERR,ERR,ERR,ERR,ERR,ERR,ERR,ERR,ERR,ERR,ERR,ERR,ERR,ERR,ERR,ERR,ERR,ERR,ERR,ERR,ERR,ERR,ERR,ERR,ERR,ERR,ERR,ERR,ERR,ERR,ERR,ERR,ERR,-0.0,0.0,0.0,-0.0,-3.293,1.3936040501711995e+18,7.805,1.7609923127962802e+31,0,0,4,48898,6720,14723890282496.0,100,0.0,0.0,0.0,-0.0,0.0,0,0,0,0,0.0,0,0,0,0,0,0,0,0,0,0,0,0,0,0,0,0,0,0,0,0,0,0,0,0,0,0,0,0,0,0,0,0,0,26,51,50,76,65476,0,300,0,0,8,21553,0.0,-107605600.0,0.0,0.0,0.0,0.0,0.0,0.0,0.0,0.0,0.0,0.0,0.0,0.0,0.0,0.0,0.0,0.0,0.0,0.0,0.0,0.0,-2.004,2.004,-2.004,0.0,0.0,0.0,0.0,0.0,4781.0,1.587928030851661e+29,7278.0,2.7184312818759872e+23,0.0,-0.0,-107615392.0,0.0,0.0,0.0,0.0,77,71.63,89220.492,0.0,0.0,0.0,0.0,0.0,0.0,0.0,0,0,0,0.0,0.0,0.0,0.0,0.0,0.0,0.0,0.0,0.0,0.0,0.0,0.0,0.0,0.0,0.0,0.0,0,-107875648.0,77,0.0,154,0.0,0.0,ERR,ERR,ERR,ERR,ERR,ERR,ERR,ERR,ERR,ERR,ERR,ERR,ERR,ERR,ERR,ERR,ERR,ERR,ERR,ERR,ERR,ERR,ERR,ERR,ERR,ERR,ERR,ERR,ERR,ERR,ERR,ERR,ERR,ERR,ERR,ERR,ERR,ERR,ERR,ERR,ERR,ERR,ERR,ERR,ERR,ERR,ERR,ERR,ERR,ERR,ERR,ERR,ERR,ERR,ERR,ERR,ERR,ERR,ERR,ERR,ERR,ERR,ERR,ERR,ERR,ERR,ERR,34.0,80.0,35,0.0,0.0,0.0,0.0,0.0,0.0,0.0,0.0,0.0,0.0,0.0,0.0,0.0,0.0,0.0,0.0,66.0,0,120,58,53,65476,0,300,0,0,8,20529,65476,0,0,57672,80.0,0.0,0.0,0.0,0.0,0.0
2026-06-18T02:31:37,ERR,ERR,ERR,ERR,ERR,ERR,ERR,ERR,ERR,ERR,ERR,ERR,ERR,ERR,ERR,ERR,ERR,ERR,ERR,ERR,ERR,ERR,ERR,ERR,ERR,ERR,ERR,ERR,ERR,ERR,ERR,ERR,ERR,ERR,ERR,ERR,ERR,ERR,ERR,ERR,ERR,ERR,ERR,ERR,ERR,ERR,ERR,ERR,ERR,ERR,ERR,ERR,ERR,ERR,ERR,ERR,ERR,ERR,ERR,ERR,ERR,ERR,ERR,ERR,ERR,ERR,ERR,ERR,ERR,ERR,ERR,ERR,ERR,ERR,ERR,ERR,ERR,ERR,ERR,ERR,ERR,ERR,ERR,ERR,ERR,ERR,ERR,ERR,ERR,ERR,ERR,ERR,ERR,ERR,ERR,ERR,ERR,ERR,ERR,ERR,ERR,ERR,ERR,ERR,ERR,ERR,ERR,ERR,ERR,ERR,ERR,ERR,ERR,ERR,ERR,ERR,ERR,ERR,ERR,ERR,ERR,ERR,ERR,ERR,ERR,-0.0,0.0,0.0,-0.0,-3.293,1.3936040501711995e+18,7.805,1.7609923127962802e+31,0,0,4,48898,6720,14723890282496.0,100,0.0,0.0,0.0,-0.0,0.0,0,0,0,0,0.0,0,0,0,0,0,0,0,0,0,0,0,0,0,0,0,0,0,0,0,0,0,0,0,0,0,0,0,0,0,0,0,0,0,26,51,50,76,65476,0,300,0,0,8,21553,0.0,-107605600.0,0.0,0.0,0.0,0.0,0.0,0.0,0.0,0.0,0.0,0.0,0.0,0.0,0.0,0.0,0.0,0.0,0.0,0.0,0.0,0.0,-2.004,2.004,-2.004,0.0,0.0,0.0,0.0,0.0,4781.0,1.587928030851661e+29,7278.0,2.7184312818759872e+23,0.0,-0.0,-107615392.0,0.0,0.0,0.0,0.0,77,71.63,89220.492,0.0,0.0,0.0,0.0,0.0,0.0,0.0,0,0,0,0.0,0.0,0.0,0.0,0.0,0.0,0.0,0.0,0.0,0.0,0.0,0.0,0.0,0.0,0.0,0.0,0,-107875648.0,77,0.0,154,0.0,0.0,ERR,ERR,ERR,ERR,ERR,ERR,ERR,ERR,ERR,ERR,ERR,ERR,ERR,ERR,ERR,ERR,ERR,ERR,ERR,ERR,ERR,ERR,ERR,ERR,ERR,ERR,ERR,ERR,ERR,ERR,ERR,ERR,ERR,ERR,ERR,ERR,ERR,ERR,ERR,ERR,ERR,ERR,ERR,ERR,ERR,ERR,ERR,ERR,ERR,ERR,ERR,ERR,ERR,ERR,ERR,ERR,ERR,ERR,ERR,ERR,ERR,ERR,ERR,ERR,ERR,ERR,ERR,34.0,80.0,35,0.0,0.0,0.0,0.0,0.0,0.0,0.0,0.0,0.0,0.0,0.0,0.0,0.0,0.0,0.0,0.0,65.6,0,120,58,53,65476,0,300,0,0,8,20529,65476,0,0,57672,80.0,0.0,0.0,0.0,0.0,0.0
2026-06-18T02:31:38,ERR,ERR,ERR,ERR,ERR,ERR,ERR,ERR,ERR,ERR,ERR,ERR,ERR,ERR,ERR,ERR,ERR,ERR,ERR,ERR,ERR,ERR,ERR,ERR,ERR,ERR,ERR,ERR,ERR,ERR,ERR,ERR,ERR,ERR,ERR,ERR,ERR,ERR,ERR,ERR,ERR,ERR,ERR,ERR,ERR,ERR,ERR,ERR,ERR,ERR,ERR,ERR,ERR,ERR,ERR,ERR,ERR,ERR,ERR,ERR,ERR,ERR,ERR,ERR,ERR,ERR,ERR,ERR,ERR,ERR,ERR,ERR,ERR,ERR,ERR,ERR,ERR,ERR,ERR,ERR,ERR,ERR,ERR,ERR,ERR,ERR,ERR,ERR,ERR,ERR,ERR,ERR,ERR,ERR,ERR,ERR,ERR,ERR,ERR,ERR,ERR,ERR,ERR,ERR,ERR,ERR,ERR,ERR,ERR,ERR,ERR,ERR,ERR,ERR,ERR,ERR,ERR,ERR,ERR,ERR,ERR,ERR,ERR,ERR,ERR,2.7184312818759872e+23,0.0,-0.0,-4.9501291711397626e+32,nan,1.3936040501711995e+18,7.805,-0.0,0,0,4,48930,6720,14723890282496.0,100,0.0,0.0,0.0,-4.9501291711397626e+32,0.0,0,0,0,0,0.0,0,0,0,0,0,0,0,0,0,0,0,0,0,0,0,0,0,0,0,0,0,0,0,0,0,0,0,0,0,0,0,0,0,26,51,50,76,65476,0,300,0,0,8,21553,0.0,-107605600.0,0.0,0.0,0.0,0.0,0.0,0.0,0.0,0.0,0.0,0.0,0.0,0.0,0.0,0.0,0.0,0.0,0.0,0.0,0.0,0.0,-2.004,-0.0,-2.004,0.0,0.0,0.0,0.0,0.0,4777.0,564145363615744.0,7275.0,-0.0,0.0,-0.0,-107615392.0,0.0,0.0,0.0,0.0,77,0.0,0.0,0.0,0.0,0.0,0.0,0.0,0.0,0.0,0,0,0,0.0,0.0,0.0,0.0,0.0,0.0,0.0,0.0,0.0,0.0,0.0,0.0,0.0,0.0,0.0,0.0,0,-107875648.0,77,0.0,154,0.0,0.0,ERR,ERR,ERR,ERR,ERR,ERR,ERR,ERR,ERR,ERR,ERR,ERR,ERR,ERR,ERR,ERR,ERR,ERR,ERR,ERR,ERR,ERR,ERR,ERR,ERR,ERR,ERR,ERR,ERR,ERR,ERR,ERR,ERR,ERR,ERR,ERR,ERR,ERR,ERR,ERR,ERR,ERR,ERR,ERR,ERR,ERR,ERR,ERR,ERR,ERR,ERR,ERR,ERR,ERR,ERR,ERR,ERR,ERR,ERR,ERR,ERR,ERR,ERR,ERR,ERR,ERR,ERR,34.0,80.0,35,0.0,0.0,0.0,0.0,0.0,0.0,0.0,0.0,0.0,0.0,0.0,0.0,0.0,0.0,0.0,0.0,65.6,0,120,58,53,65476,0,300,0,0,8,20529,65476,0,0,57672,80.0,0.0,0.0,0.0,0.0,0.0
2026-06-18T02:31:39,ERR,ERR,ERR,ERR,ERR,ERR,ERR,ERR,ERR,ERR,ERR,ERR,ERR,ERR,ERR,ERR,ERR,ERR,ERR,ERR,ERR,ERR,ERR,ERR,ERR,ERR,ERR,ERR,ERR,ERR,ERR,ERR,ERR,ERR,ERR,ERR,ERR,ERR,ERR,ERR,ERR,ERR,ERR,ERR,ERR,ERR,ERR,ERR,ERR,ERR,ERR,ERR,ERR,ERR,ERR,ERR,ERR,ERR,ERR,ERR,ERR,ERR,ERR,ERR,ERR,ERR,ERR,ERR,ERR,ERR,ERR,ERR,ERR,ERR,ERR,ERR,ERR,ERR,ERR,ERR,ERR,ERR,ERR,ERR,ERR,ERR,ERR,ERR,ERR,ERR,ERR,ERR,ERR,ERR,ERR,ERR,ERR,ERR,ERR,ERR,ERR,ERR,ERR,ERR,ERR,ERR,ERR,ERR,ERR,ERR,ERR,ERR,ERR,ERR,ERR,ERR,ERR,ERR,ERR,ERR,ERR,ERR,ERR,ERR,ERR,2.7184312818759872e+23,0.0,-0.0,-4.9501291711397626e+32,nan,1.3936040501711995e+18,7.805,-0.0,0,0,4,48930,6720,14723890282496.0,100,0.0,0.0,0.0,-4.9501291711397626e+32,0.0,0,0,0,0,0.0,0,0,0,0,0,0,0,0,0,0,0,0,0,0,0,0,0,0,0,0,0,0,0,0,0,0,0,0,0,0,0,0,0,26,51,50,76,65476,0,300,0,0,8,21553,0.0,-107605600.0,0.0,0.0,0.0,0.0,0.0,0.0,0.0,0.0,0.0,0.0,0.0,0.0,0.0,0.0,0.0,0.0,0.0,0.0,0.0,0.0,-2.004,-0.0,-2.004,0.0,0.0,0.0,0.0,0.0,4777.0,564145363615744.0,7275.0,-0.0,0.0,-0.0,-107615392.0,0.0,0.0,0.0,0.0,77,0.0,0.0,0.0,0.0,0.0,0.0,0.0,0.0,0.0,0,0,0,0.0,0.0,0.0,0.0,0.0,0.0,0.0,0.0,0.0,0.0,0.0,0.0,0.0,0.0,0.0,0.0,0,-107875648.0,77,0.0,154,0.0,0.0,ERR,ERR,ERR,ERR,ERR,ERR,ERR,ERR,ERR,ERR,ERR,ERR,ERR,ERR,ERR,ERR,ERR,ERR,ERR,ERR,ERR,ERR,ERR,ERR,ERR,ERR,ERR,ERR,ERR,ERR,ERR,ERR,ERR,ERR,ERR,ERR,ERR,ERR,ERR,ERR,ERR,ERR,ERR,ERR,ERR,ERR,ERR,ERR,ERR,ERR,ERR,ERR,ERR,ERR,ERR,ERR,ERR,ERR,ERR,ERR,ERR,ERR,ERR,ERR,ERR,ERR,ERR,34.0,80.0,35,0.0,0.0,0.0,0.0,0.0,0.0,0.0,0.0,0.0,0.0,0.0,0.0,0.0,0.0,0.0,0.0,66.0,0,120,58,53,65476,0,300,0,0,8,20529,65476,0,0,57672,80.0,0.0,0.0,0.0,0.0,0.0
2026-06-18T02:31:40,ERR,ERR,ERR,ERR,ERR,ERR,ERR,ERR,ERR,ERR,ERR,ERR,ERR,ERR,ERR,ERR,ERR,ERR,ERR,ERR,ERR,ERR,ERR,ERR,ERR,ERR,ERR,ERR,ERR,ERR,ERR,ERR,ERR,ERR,ERR,ERR,ERR,ERR,ERR,ERR,ERR,ERR,ERR,ERR,ERR,ERR,ERR,ERR,ERR,ERR,ERR,ERR,ERR,ERR,ERR,ERR,ERR,ERR,ERR,ERR,ERR,ERR,ERR,ERR,ERR,ERR,ERR,ERR,ERR,ERR,ERR,ERR,ERR,ERR,ERR,ERR,ERR,ERR,ERR,ERR,ERR,ERR,ERR,ERR,ERR,ERR,ERR,ERR,ERR,ERR,ERR,ERR,ERR,ERR,ERR,ERR,ERR,ERR,ERR,ERR,ERR,ERR,ERR,ERR,ERR,ERR,ERR,ERR,ERR,ERR,ERR,ERR,ERR,ERR,ERR,ERR,ERR,ERR,ERR,ERR,ERR,ERR,ERR,ERR,ERR,2.7184312818759872e+23,0.0,-0.0,-4.9501291711397626e+32,nan,1.3936040501711995e+18,7.805,-0.0,0,0,4,48930,6720,14723890282496.0,100,0.0,0.0,0.0,-4.9501291711397626e+32,0.0,0,0,0,0,0.0,0,0,0,0,0,0,0,0,0,0,0,0,0,0,0,0,0,0,0,0,0,0,0,0,0,0,0,0,0,0,0,0,0,26,51,50,76,65476,0,300,0,0,8,21553,0.0,-107605600.0,0.0,0.0,0.0,0.0,0.0,0.0,0.0,0.0,0.0,0.0,0.0,0.0,0.0,0.0,0.0,0.0,0.0,0.0,0.0,0.0,-2.004,-0.0,-2.004,0.0,0.0,0.0,0.0,0.0,4777.0,564145363615744.0,7275.0,-0.0,0.0,-0.0,-107615392.0,0.0,0.0,0.0,0.0,77,0.0,0.0,0.0,0.0,0.0,0.0,0.0,0.0,0.0,0,0,0,0.0,0.0,0.0,0.0,0.0,0.0,0.0,0.0,0.0,0.0,0.0,0.0,0.0,0.0,0.0,0.0,0,-107875648.0,77,0.0,154,0.0,0.0,ERR,ERR,ERR,ERR,ERR,ERR,ERR,ERR,ERR,ERR,ERR,ERR,ERR,ERR,ERR,ERR,ERR,ERR,ERR,ERR,ERR,ERR,ERR,ERR,ERR,ERR,ERR,ERR,ERR,ERR,ERR,ERR,ERR,ERR,ERR,ERR,ERR,ERR,ERR,ERR,ERR,ERR,ERR,ERR,ERR,ERR,ERR,ERR,ERR,ERR,ERR,ERR,ERR,ERR,ERR,ERR,ERR,ERR,ERR,ERR,ERR,ERR,ERR,ERR,ERR,ERR,ERR,34.0,80.0,35,0.0,0.0,0.0,0.0,0.0,0.0,0.0,0.0,0.0,0.0,0.0,0.0,0.0,0.0,0.0,0.0,66.0,0,120,58,53,65476,0,300,0,0,8,20529,65476,0,0,57672,80.0,0.0,0.0,0.0,0.0,0.0
2026-06-18T02:31:41,ERR,ERR,ERR,ERR,ERR,ERR,ERR,ERR,ERR,ERR,ERR,ERR,ERR,ERR,ERR,ERR,ERR,ERR,ERR,ERR,ERR,ERR,ERR,ERR,ERR,ERR,ERR,ERR,ERR,ERR,ERR,ERR,ERR,ERR,ERR,ERR,ERR,ERR,ERR,ERR,ERR,ERR,ERR,ERR,ERR,ERR,ERR,ERR,ERR,ERR,ERR,ERR,ERR,ERR,ERR,ERR,ERR,ERR,ERR,ERR,ERR,ERR,ERR,ERR,ERR,ERR,ERR,ERR,ERR,ERR,ERR,ERR,ERR,ERR,ERR,ERR,ERR,ERR,ERR,ERR,ERR,ERR,ERR,ERR,ERR,ERR,ERR,ERR,ERR,ERR,ERR,ERR,ERR,ERR,ERR,ERR,ERR,ERR,ERR,ERR,ERR,ERR,ERR,ERR,ERR,ERR,ERR,ERR,ERR,ERR,ERR,ERR,ERR,ERR,ERR,ERR,ERR,ERR,ERR,ERR,ERR,ERR,ERR,ERR,ERR,2.7184312818759872e+23,0.0,-0.0,-4.9501291711397626e+32,nan,1.3936040501711995e+18,7.805,-0.0,0,0,4,48930,6720,14723890282496.0,100,0.0,0.0,0.0,-4.9501291711397626e+32,0.0,0,0,0,0,0.0,0,0,0,0,0,0,0,0,0,0,0,0,0,0,0,0,0,0,0,0,0,0,0,0,0,0,0,0,0,0,0,0,0,26,51,50,76,65476,0,300,0,0,8,21553,0.0,-107605600.0,0.0,0.0,0.0,0.0,0.0,0.0,0.0,0.0,0.0,0.0,0.0,0.0,0.0,0.0,0.0,0.0,0.0,0.0,0.0,0.0,-2.004,-0.0,-2.004,0.0,0.0,0.0,0.0,0.0,4777.0,564145363615744.0,7275.0,-0.0,0.0,-0.0,-107615392.0,0.0,0.0,0.0,0.0,77,0.0,0.0,0.0,0.0,0.0,0.0,0.0,0.0,0.0,0,0,0,0.0,0.0,0.0,0.0,0.0,0.0,0.0,0.0,0.0,0.0,0.0,0.0,0.0,0.0,0.0,0.0,0,-107875648.0,77,0.0,154,0.0,0.0,ERR,ERR,ERR,ERR,ERR,ERR,ERR,ERR,ERR,ERR,ERR,ERR,ERR,ERR,ERR,ERR,ERR,ERR,ERR,ERR,ERR,ERR,ERR,ERR,ERR,ERR,ERR,ERR,ERR,ERR,ERR,ERR,ERR,ERR,ERR,ERR,ERR,ERR,ERR,ERR,ERR,ERR,ERR,ERR,ERR,ERR,ERR,ERR,ERR,ERR,ERR,ERR,ERR,ERR,ERR,ERR,ERR,ERR,ERR,ERR,ERR,ERR,ERR,ERR,ERR,ERR,ERR,34.0,80.0,35,0.0,0.0,0.0,0.0,0.0,0.0,0.0,0.0,0.0,0.0,0.0,0.0,0.0,0.0,0.0,0.0,66.0,0,120,58,53,65476,0,300,0,0,8,20529,65476,0,0,57672,80.0,0.0,0.0,0.0,0.0,0.0
2026-06-18T02:31:42,ERR,ERR,ERR,ERR,ERR,ERR,ERR,ERR,ERR,ERR,ERR,ERR,ERR,ERR,ERR,ERR,ERR,ERR,ERR,ERR,ERR,ERR,ERR,ERR,ERR,ERR,ERR,ERR,ERR,ERR,ERR,ERR,ERR,ERR,ERR,ERR,ERR,ERR,ERR,ERR,ERR,ERR,ERR,ERR,ERR,ERR,ERR,ERR,ERR,ERR,ERR,ERR,ERR,ERR,ERR,ERR,ERR,ERR,ERR,ERR,ERR,ERR,ERR,ERR,ERR,ERR,ERR,ERR,ERR,ERR,ERR,ERR,ERR,ERR,ERR,ERR,ERR,ERR,ERR,ERR,ERR,ERR,ERR,ERR,ERR,ERR,ERR,ERR,ERR,ERR,ERR,ERR,ERR,ERR,ERR,ERR,ERR,ERR,ERR,ERR,ERR,ERR,ERR,ERR,ERR,ERR,ERR,ERR,ERR,ERR,ERR,ERR,ERR,ERR,ERR,ERR,ERR,ERR,ERR,ERR,ERR,ERR,ERR,ERR,ERR,2.7184312818759872e+23,0.0,-0.0,-4.9501291711397626e+32,nan,1.3936040501711995e+18,7.805,-0.0,0,0,4,48930,6720,14723890282496.0,100,0.0,0.0,0.0,-4.9501291711397626e+32,0.0,0,0,0,0,0.0,0,0,0,0,0,0,0,0,0,0,0,0,0,0,0,0,0,0,0,0,0,0,0,0,0,0,0,0,0,0,0,0,0,26,51,50,76,65476,0,300,0,0,8,21553,0.0,-107605600.0,0.0,0.0,0.0,0.0,0.0,0.0,0.0,0.0,0.0,0.0,0.0,0.0,0.0,0.0,0.0,0.0,0.0,0.0,0.0,0.0,-2.004,-0.0,-2.004,0.0,0.0,0.0,0.0,0.0,4777.0,564145363615744.0,7275.0,-0.0,0.0,-0.0,-107615392.0,0.0,0.0,0.0,0.0,77,0.0,0.0,0.0,0.0,0.0,0.0,0.0,0.0,0.0,0,0,0,0.0,0.0,0.0,0.0,0.0,0.0,0.0,0.0,0.0,0.0,0.0,0.0,0.0,0.0,0.0,0.0,0,-107875648.0,77,0.0,154,0.0,0.0,ERR,ERR,ERR,ERR,ERR,ERR,ERR,ERR,ERR,ERR,ERR,ERR,ERR,ERR,ERR,ERR,ERR,ERR,ERR,ERR,ERR,ERR,ERR,ERR,ERR,ERR,ERR,ERR,ERR,ERR,ERR,ERR,ERR,ERR,ERR,ERR,ERR,ERR,ERR,ERR,ERR,ERR,ERR,ERR,ERR,ERR,ERR,ERR,ERR,ERR,ERR,ERR,ERR,ERR,ERR,ERR,ERR,ERR,ERR,ERR,ERR,ERR,ERR,ERR,ERR,ERR,ERR,34.0,80.0,35,0.0,0.0,0.0,0.0,0.0,0.0,0.0,0.0,0.0,0.0,0.0,0.0,0.0,0.0,0.0,0.0,66.0,0,120,58,53,65476,0,300,0,0,8,20529,65476,0,0,57672,80.0,0.0,0.0,0.0,0.0,0.0
2026-06-18T02:31:43,ERR,ERR,ERR,ERR,ERR,ERR,ERR,ERR,ERR,ERR,ERR,ERR,ERR,ERR,ERR,ERR,ERR,ERR,ERR,ERR,ERR,ERR,ERR,ERR,ERR,ERR,ERR,ERR,ERR,ERR,ERR,ERR,ERR,ERR,ERR,ERR,ERR,ERR,ERR,ERR,ERR,ERR,ERR,ERR,ERR,ERR,ERR,ERR,ERR,ERR,ERR,ERR,ERR,ERR,ERR,ERR,ERR,ERR,ERR,ERR,ERR,ERR,ERR,ERR,ERR,ERR,ERR,ERR,ERR,ERR,ERR,ERR,ERR,ERR,ERR,ERR,ERR,ERR,ERR,ERR,ERR,ERR,ERR,ERR,ERR,ERR,ERR,ERR,ERR,ERR,ERR,ERR,ERR,ERR,ERR,ERR,ERR,ERR,ERR,ERR,ERR,ERR,ERR,ERR,ERR,ERR,ERR,ERR,ERR,ERR,ERR,ERR,ERR,ERR,ERR,ERR,ERR,ERR,ERR,ERR,ERR,ERR,ERR,ERR,ERR,-0.0,0.0,0.0,-0.0,-3.293,1.3936040501711995e+18,7.805,1.7609923127962802e+31,0,0,4,48929,6720,14723890282496.0,100,0.0,0.0,0.0,-0.0,0.0,0,0,0,0,0.0,0,0,0,0,0,0,0,0,0,0,0,0,0,0,0,0,0,0,0,0,0,0,0,0,0,0,0,0,0,0,0,0,0,26,51,50,76,65476,0,300,0,0,8,21553,0.0,-107605600.0,0.0,0.0,0.0,0.0,0.0,0.0,0.0,0.0,0.0,0.0,0.0,0.0,0.0,0.0,0.0,0.0,0.0,0.0,0.0,0.0,0.0,-0.0,-2.004,0.0,0.0,0.0,0.0,0.0,4781.0,1.587928030851661e+29,7278.0,2.7184312818759872e+23,0.0,-0.0,-107615392.0,0.0,0.0,0.0,0.0,77,71.63,0.059,0.0,0.0,0.0,0.0,0.0,0.0,0.0,0,0,0,0.0,0.0,0.0,0.0,0.0,0.0,0.0,0.0,0.0,0.0,0.0,0.0,0.0,0.0,0.0,0.0,0,-107875648.0,77,0.0,154,0.0,-0.0,ERR,ERR,ERR,ERR,ERR,ERR,ERR,ERR,ERR,ERR,ERR,ERR,ERR,ERR,ERR,ERR,ERR,ERR,ERR,ERR,ERR,ERR,ERR,ERR,ERR,ERR,ERR,ERR,ERR,ERR,ERR,ERR,ERR,ERR,ERR,ERR,ERR,ERR,ERR,ERR,ERR,ERR,ERR,ERR,ERR,ERR,ERR,ERR,ERR,ERR,ERR,ERR,ERR,ERR,ERR,ERR,ERR,ERR,ERR,ERR,ERR,ERR,ERR,ERR,ERR,ERR,ERR,34.0,80.0,35,0.0,0.0,0.0,0.0,0.0,0.0,0.0,0.0,0.0,0.0,0.0,0.0,0.0,0.0,0.0,0.0,66.0,0,120,58,53,65476,0,300,0,0,8,20529,65476,0,0,57672,80.0,0.0,0.0,0.0,0.0,0.0
2026-06-18T02:31:44,ERR,ERR,ERR,ERR,ERR,ERR,ERR,ERR,ERR,ERR,ERR,ERR,ERR,ERR,ERR,ERR,ERR,ERR,ERR,ERR,ERR,ERR,ERR,ERR,ERR,ERR,ERR,ERR,ERR,ERR,ERR,ERR,ERR,ERR,ERR,ERR,ERR,ERR,ERR,ERR,ERR,ERR,ERR,ERR,ERR,ERR,ERR,ERR,ERR,ERR,ERR,ERR,ERR,ERR,ERR,ERR,ERR,ERR,ERR,ERR,ERR,ERR,ERR,ERR,ERR,ERR,ERR,ERR,ERR,ERR,ERR,ERR,ERR,ERR,ERR,ERR,ERR,ERR,ERR,ERR,ERR,ERR,ERR,ERR,ERR,ERR,ERR,ERR,ERR,ERR,ERR,ERR,ERR,ERR,ERR,ERR,ERR,ERR,ERR,ERR,ERR,ERR,ERR,ERR,ERR,ERR,ERR,ERR,ERR,ERR,ERR,ERR,ERR,ERR,ERR,ERR,ERR,ERR,ERR,ERR,ERR,ERR,ERR,ERR,ERR,-0.0,0.0,0.0,-0.0,-3.293,1.3936040501711995e+18,7.805,1.7609923127962802e+31,0,0,4,48929,6720,14723890282496.0,100,0.0,0.0,0.0,-0.0,0.0,0,0,0,0,0.0,0,0,0,0,0,0,0,0,0,0,0,0,0,0,0,0,0,0,0,0,0,0,0,0,0,0,0,0,0,0,0,0,0,26,51,50,76,65476,0,300,0,0,8,21553,0.0,-107605600.0,0.0,0.0,0.0,0.0,0.0,0.0,0.0,0.0,0.0,0.0,0.0,0.0,0.0,0.0,0.0,0.0,0.0,0.0,0.0,0.0,0.0,-0.0,-2.004,0.0,0.0,0.0,0.0,0.0,4781.0,1.587928030851661e+29,7278.0,2.7184312818759872e+23,0.0,-0.0,-107615392.0,0.0,0.0,0.0,0.0,77,71.63,0.059,0.0,0.0,0.0,0.0,0.0,0.0,0.0,0,0,0,0.0,0.0,0.0,0.0,0.0,0.0,0.0,0.0,0.0,0.0,0.0,0.0,0.0,0.0,0.0,0.0,0,-107875648.0,77,0.0,154,0.0,-0.0,ERR,ERR,ERR,ERR,ERR,ERR,ERR,ERR,ERR,ERR,ERR,ERR,ERR,ERR,ERR,ERR,ERR,ERR,ERR,ERR,ERR,ERR,ERR,ERR,ERR,ERR,ERR,ERR,ERR,ERR,ERR,ERR,ERR,ERR,ERR,ERR,ERR,ERR,ERR,ERR,ERR,ERR,ERR,ERR,ERR,ERR,ERR,ERR,ERR,ERR,ERR,ERR,ERR,ERR,ERR,ERR,ERR,ERR,ERR,ERR,ERR,ERR,ERR,ERR,ERR,ERR,ERR,34.0,80.0,35,0.0,0.0,0.0,0.0,0.0,0.0,0.0,0.0,0.0,0.0,0.0,0.0,0.0,0.0,0.0,0.0,66.0,0,120,58,53,65476,0,300,0,0,8,20529,65476,0,0,57672,80.0,0.0,0.0,0.0,0.0,0.0
2026-06-18T02:31:45,ERR,ERR,ERR,ERR,ERR,ERR,ERR,ERR,ERR,ERR,ERR,ERR,ERR,ERR,ERR,ERR,ERR,ERR,ERR,ERR,ERR,ERR,ERR,ERR,ERR,ERR,ERR,ERR,ERR,ERR,ERR,ERR,ERR,ERR,ERR,ERR,ERR,ERR,ERR,ERR,ERR,ERR,ERR,ERR,ERR,ERR,ERR,ERR,ERR,ERR,ERR,ERR,ERR,ERR,ERR,ERR,ERR,ERR,ERR,ERR,ERR,ERR,ERR,ERR,ERR,ERR,ERR,ERR,ERR,ERR,ERR,ERR,ERR,ERR,ERR,ERR,ERR,ERR,ERR,ERR,ERR,ERR,ERR,ERR,ERR,ERR,ERR,ERR,ERR,ERR,ERR,ERR,ERR,ERR,ERR,ERR,ERR,ERR,ERR,ERR,ERR,ERR,ERR,ERR,ERR,ERR,ERR,ERR,ERR,ERR,ERR,ERR,ERR,ERR,ERR,ERR,ERR,ERR,ERR,ERR,ERR,ERR,ERR,ERR,ERR,-0.0,0.0,0.0,-0.0,-3.293,1.3936040501711995e+18,7.805,1.7609923127962802e+31,0,0,4,48929,6720,14723890282496.0,100,0.0,0.0,0.0,-0.0,0.0,0,0,0,0,0.0,0,0,0,0,0,0,0,0,0,0,0,0,0,0,0,0,0,0,0,0,0,0,0,0,0,0,0,0,0,0,0,0,0,26,51,50,76,65476,0,300,0,0,8,21553,0.0,-107605600.0,0.0,0.0,0.0,0.0,0.0,0.0,0.0,0.0,0.0,0.0,0.0,0.0,0.0,0.0,0.0,0.0,0.0,0.0,0.0,0.0,0.0,-0.0,-2.004,0.0,0.0,0.0,0.0,0.0,4781.0,1.587928030851661e+29,7278.0,2.7184312818759872e+23,0.0,-0.0,-107615392.0,0.0,0.0,0.0,0.0,77,71.63,0.059,0.0,0.0,0.0,0.0,0.0,0.0,0.0,0,0,0,0.0,0.0,0.0,0.0,0.0,0.0,0.0,0.0,0.0,0.0,0.0,0.0,0.0,0.0,0.0,0.0,0,-107875648.0,77,0.0,154,0.0,-0.0,ERR,ERR,ERR,ERR,ERR,ERR,ERR,ERR,ERR,ERR,ERR,ERR,ERR,ERR,ERR,ERR,ERR,ERR,ERR,ERR,ERR,ERR,ERR,ERR,ERR,ERR,ERR,ERR,ERR,ERR,ERR,ERR,ERR,ERR,ERR,ERR,ERR,ERR,ERR,ERR,ERR,ERR,ERR,ERR,ERR,ERR,ERR,ERR,ERR,ERR,ERR,ERR,ERR,ERR,ERR,ERR,ERR,ERR,ERR,ERR,ERR,ERR,ERR,ERR,ERR,ERR,ERR,34.0,80.0,35,0.0,0.0,0.0,0.0,0.0,0.0,0.0,0.0,0.0,0.0,0.0,0.0,0.0,0.0,0.0,0.0,66.0,0,120,58,53,65476,0,300,0,0,8,20529,65476,0,0,57672,80.0,0.0,0.0,0.0,0.0,0.0
2026-06-18T02:31:46,ERR,ERR,ERR,ERR,ERR,ERR,ERR,ERR,ERR,ERR,ERR,ERR,ERR,ERR,ERR,ERR,ERR,ERR,ERR,ERR,ERR,ERR,ERR,ERR,ERR,ERR,ERR,ERR,ERR,ERR,ERR,ERR,ERR,ERR,ERR,ERR,ERR,ERR,ERR,ERR,ERR,ERR,ERR,ERR,ERR,ERR,ERR,ERR,ERR,ERR,ERR,ERR,ERR,ERR,ERR,ERR,ERR,ERR,ERR,ERR,ERR,ERR,ERR,ERR,ERR,ERR,ERR,ERR,ERR,ERR,ERR,ERR,ERR,ERR,ERR,ERR,ERR,ERR,ERR,ERR,ERR,ERR,ERR,ERR,ERR,ERR,ERR,ERR,ERR,ERR,ERR,ERR,ERR,ERR,ERR,ERR,ERR,ERR,ERR,ERR,ERR,ERR,ERR,ERR,ERR,ERR,ERR,ERR,ERR,ERR,ERR,ERR,ERR,ERR,ERR,ERR,ERR,ERR,ERR,ERR,ERR,ERR,ERR,ERR,ERR,-0.0,0.0,0.0,-0.0,-3.293,1.3936040501711995e+18,7.805,1.7609923127962802e+31,0,0,4,48929,6720,14723890282496.0,100,0.0,0.0,0.0,-0.0,0.0,0,0,0,0,0.0,0,0,0,0,0,0,0,0,0,0,0,0,0,0,0,0,0,0,0,0,0,0,0,0,0,0,0,0,0,0,0,0,0,26,51,50,76,65476,0,300,0,0,8,21553,0.0,-107605600.0,0.0,0.0,0.0,0.0,0.0,0.0,0.0,0.0,0.0,0.0,0.0,0.0,0.0,0.0,0.0,0.0,0.0,0.0,0.0,0.0,0.0,-0.0,-2.004,0.0,0.0,0.0,0.0,0.0,4781.0,1.587928030851661e+29,7278.0,2.7184312818759872e+23,0.0,-0.0,-107615392.0,0.0,0.0,0.0,0.0,77,71.63,0.059,0.0,0.0,0.0,0.0,0.0,0.0,0.0,0,0,0,0.0,0.0,0.0,0.0,0.0,0.0,0.0,0.0,0.0,0.0,0.0,0.0,0.0,0.0,0.0,0.0,0,-107875648.0,77,0.0,154,0.0,-0.0,ERR,ERR,ERR,ERR,ERR,ERR,ERR,ERR,ERR,ERR,ERR,ERR,ERR,ERR,ERR,ERR,ERR,ERR,ERR,ERR,ERR,ERR,ERR,ERR,ERR,ERR,ERR,ERR,ERR,ERR,ERR,ERR,ERR,ERR,ERR,ERR,ERR,ERR,ERR,ERR,ERR,ERR,ERR,ERR,ERR,ERR,ERR,ERR,ERR,ERR,ERR,ERR,ERR,ERR,ERR,ERR,ERR,ERR,ERR,ERR,ERR,ERR,ERR,ERR,ERR,ERR,ERR,34.0,80.0,35,0.0,0.0,0.0,0.0,0.0,0.0,0.0,0.0,0.0,0.0,0.0,0.0,0.0,0.0,0.0,0.0,66.0,0,120,58,53,65476,0,300,0,0,8,20529,65476,0,0,57672,80.0,0.0,0.0,0.0,0.0,0.0
2026-06-18T02:31:47,ERR,ERR,ERR,ERR,ERR,ERR,ERR,ERR,ERR,ERR,ERR,ERR,ERR,ERR,ERR,ERR,ERR,ERR,ERR,ERR,ERR,ERR,ERR,ERR,ERR,ERR,ERR,ERR,ERR,ERR,ERR,ERR,ERR,ERR,ERR,ERR,ERR,ERR,ERR,ERR,ERR,ERR,ERR,ERR,ERR,ERR,ERR,ERR,ERR,ERR,ERR,ERR,ERR,ERR,ERR,ERR,ERR,ERR,ERR,ERR,ERR,ERR,ERR,ERR,ERR,ERR,ERR,ERR,ERR,ERR,ERR,ERR,ERR,ERR,ERR,ERR,ERR,ERR,ERR,ERR,ERR,ERR,ERR,ERR,ERR,ERR,ERR,ERR,ERR,ERR,ERR,ERR,ERR,ERR,ERR,ERR,ERR,ERR,ERR,ERR,ERR,ERR,ERR,ERR,ERR,ERR,ERR,ERR,ERR,ERR,ERR,ERR,ERR,ERR,ERR,ERR,ERR,ERR,ERR,ERR,ERR,ERR,ERR,ERR,ERR,-0.0,0.0,0.0,-0.0,-3.293,1.3936040501711995e+18,7.805,1.7609923127962802e+31,0,0,4,48929,6720,14723890282496.0,100,0.0,0.0,0.0,-0.0,0.0,0,0,0,0,0.0,0,0,0,0,0,0,0,0,0,0,0,0,0,0,0,0,0,0,0,0,0,0,0,0,0,0,0,0,0,0,0,0,0,26,51,50,76,65476,0,300,0,0,8,21553,0.0,-107605600.0,0.0,0.0,0.0,0.0,0.0,0.0,0.0,0.0,0.0,0.0,0.0,0.0,0.0,0.0,0.0,0.0,0.0,0.0,0.0,0.0,0.0,-0.0,-2.004,0.0,0.0,0.0,0.0,0.0,4781.0,1.587928030851661e+29,7278.0,2.7184312818759872e+23,0.0,-0.0,-107615392.0,0.0,0.0,0.0,0.0,77,71.63,0.059,0.0,0.0,0.0,0.0,0.0,0.0,0.0,0,0,0,0.0,0.0,0.0,0.0,0.0,0.0,0.0,0.0,0.0,0.0,0.0,0.0,0.0,0.0,0.0,0.0,0,-107875648.0,77,0.0,154,0.0,-0.0,ERR,ERR,ERR,ERR,ERR,ERR,ERR,ERR,ERR,ERR,ERR,ERR,ERR,ERR,ERR,ERR,ERR,ERR,ERR,ERR,ERR,ERR,ERR,ERR,ERR,ERR,ERR,ERR,ERR,ERR,ERR,ERR,ERR,ERR,ERR,ERR,ERR,ERR,ERR,ERR,ERR,ERR,ERR,ERR,ERR,ERR,ERR,ERR,ERR,ERR,ERR,ERR,ERR,ERR,ERR,ERR,ERR,ERR,ERR,ERR,ERR,ERR,ERR,ERR,ERR,ERR,ERR,34.0,80.0,35,0.0,0.0,0.0,0.0,0.0,0.0,0.0,0.0,0.0,0.0,0.0,0.0,0.0,0.0,0.0,0.0,66.0,0,120,58,53,65476,0,300,0,0,8,20529,65476,0,0,57672,80.0,0.0,0.0,0.0,0.0,0.0
2026-06-18T02:31:48,ERR,ERR,ERR,ERR,ERR,ERR,ERR,ERR,ERR,ERR,ERR,ERR,ERR,ERR,ERR,ERR,ERR,ERR,ERR,ERR,ERR,ERR,ERR,ERR,ERR,ERR,ERR,ERR,ERR,ERR,ERR,ERR,ERR,ERR,ERR,ERR,ERR,ERR,ERR,ERR,ERR,ERR,ERR,ERR,ERR,ERR,ERR,ERR,ERR,ERR,ERR,ERR,ERR,ERR,ERR,ERR,ERR,ERR,ERR,ERR,ERR,ERR,ERR,ERR,ERR,ERR,ERR,ERR,ERR,ERR,ERR,ERR,ERR,ERR,ERR,ERR,ERR,ERR,ERR,ERR,ERR,ERR,ERR,ERR,ERR,ERR,ERR,ERR,ERR,ERR,ERR,ERR,ERR,ERR,ERR,ERR,ERR,ERR,ERR,ERR,ERR,ERR,ERR,ERR,ERR,ERR,ERR,ERR,ERR,ERR,ERR,ERR,ERR,ERR,ERR,ERR,ERR,ERR,ERR,ERR,ERR,ERR,ERR,ERR,ERR,2.7184312818759872e+23,0.0,-0.0,0.0,nan,1.3936040501711995e+18,7.805,118629576.0,0,0,4,48932,6720,14723890282496.0,100,0.0,0.0,0.0,0.0,0.0,0,0,0,0,0.0,0,0,0,0,0,0,0,0,0,0,0,0,0,0,0,0,0,0,0,0,0,0,0,0,0,0,0,0,0,0,0,0,0,26,51,50,76,65476,0,300,0,0,8,21553,0.0,-107605600.0,0.0,0.0,0.0,0.0,0.0,0.0,0.0,0.0,0.0,0.0,0.0,0.0,0.0,0.0,0.0,0.0,0.0,0.0,0.0,0.0,-2.004,2.004,-2.004,0.0,0.0,0.0,0.0,0.0,4780.0,8608175104.0,7274.0,2.7184312818759872e+23,2.718431101732002e+23,-0.0,-107615392.0,0.0,0.0,0.0,0.0,77,71.63,0.0,0.0,0.0,0.0,0.0,0.0,0.0,0.0,0,0,0,0.0,0.0,0.0,0.0,0.0,0.0,0.0,0.0,0.0,0.0,0.0,0.0,0.0,0.0,0.0,0.0,0,-107875648.0,77,0.0,154,0.0,0.0,ERR,ERR,ERR,ERR,ERR,ERR,ERR,ERR,ERR,ERR,ERR,ERR,ERR,ERR,ERR,ERR,ERR,ERR,ERR,ERR,ERR,ERR,ERR,ERR,ERR,ERR,ERR,ERR,ERR,ERR,ERR,ERR,ERR,ERR,ERR,ERR,ERR,ERR,ERR,ERR,ERR,ERR,ERR,ERR,ERR,ERR,ERR,ERR,ERR,ERR,ERR,ERR,ERR,ERR,ERR,ERR,ERR,ERR,ERR,ERR,ERR,ERR,ERR,ERR,ERR,ERR,ERR,34.0,80.0,35,0.0,0.0,0.0,0.0,0.0,0.0,0.0,0.0,0.0,0.0,0.0,0.0,0.0,0.0,0.0,0.0,66.0,0,120,58,53,65476,0,300,0,0,8,20529,65476,0,0,57672,80.0,0.0,0.0,0.0,0.0,0.0
2026-06-18T02:31:49,ERR,ERR,ERR,ERR,ERR,ERR,ERR,ERR,ERR,ERR,ERR,ERR,ERR,ERR,ERR,ERR,ERR,ERR,ERR,ERR,ERR,ERR,ERR,ERR,ERR,ERR,ERR,ERR,ERR,ERR,ERR,ERR,ERR,ERR,ERR,ERR,ERR,ERR,ERR,ERR,ERR,ERR,ERR,ERR,ERR,ERR,ERR,ERR,ERR,ERR,ERR,ERR,ERR,ERR,ERR,ERR,ERR,ERR,ERR,ERR,ERR,ERR,ERR,ERR,ERR,ERR,ERR,ERR,ERR,ERR,ERR,ERR,ERR,ERR,ERR,ERR,ERR,ERR,ERR,ERR,ERR,ERR,ERR,ERR,ERR,ERR,ERR,ERR,ERR,ERR,ERR,ERR,ERR,ERR,ERR,ERR,ERR,ERR,ERR,ERR,ERR,ERR,ERR,ERR,ERR,ERR,ERR,ERR,ERR,ERR,ERR,ERR,ERR,ERR,ERR,ERR,ERR,ERR,ERR,ERR,ERR,ERR,ERR,ERR,ERR,2.7184312818759872e+23,0.0,-0.0,0.0,nan,1.3936040501711995e+18,7.805,118629576.0,0,0,4,48932,6720,14723890282496.0,100,0.0,0.0,0.0,0.0,0.0,0,0,0,0,0.0,0,0,0,0,0,0,0,0,0,0,0,0,0,0,0,0,0,0,0,0,0,0,0,0,0,0,0,0,0,0,0,0,0,26,51,50,76,65476,0,300,0,0,8,21553,0.0,-107605600.0,0.0,0.0,0.0,0.0,0.0,0.0,0.0,0.0,0.0,0.0,0.0,0.0,0.0,0.0,0.0,0.0,0.0,0.0,0.0,0.0,-2.004,2.004,-2.004,0.0,0.0,0.0,0.0,0.0,4780.0,8608175104.0,7274.0,2.7184312818759872e+23,2.718431101732002e+23,-0.0,-107615392.0,0.0,0.0,0.0,0.0,77,71.63,0.0,0.0,0.0,0.0,0.0,0.0,0.0,0.0,0,0,0,0.0,0.0,0.0,0.0,0.0,0.0,0.0,0.0,0.0,0.0,0.0,0.0,0.0,0.0,0.0,0.0,0,-107875648.0,77,0.0,154,0.0,0.0,ERR,ERR,ERR,ERR,ERR,ERR,ERR,ERR,ERR,ERR,ERR,ERR,ERR,ERR,ERR,ERR,ERR,ERR,ERR,ERR,ERR,ERR,ERR,ERR,ERR,ERR,ERR,ERR,ERR,ERR,ERR,ERR,ERR,ERR,ERR,ERR,ERR,ERR,ERR,ERR,ERR,ERR,ERR,ERR,ERR,ERR,ERR,ERR,ERR,ERR,ERR,ERR,ERR,ERR,ERR,ERR,ERR,ERR,ERR,ERR,ERR,ERR,ERR,ERR,ERR,ERR,ERR,34.0,80.0,35,0.0,0.0,0.0,0.0,0.0,0.0,0.0,0.0,0.0,0.0,0.0,0.0,0.0,0.0,0.0,0.0,66.0,0,120,58,53,65476,0,300,0,0,8,20529,65476,0,0,57672,80.0,0.0,0.0,0.0,0.0,0.0
2026-06-18T02:31:50,ERR,ERR,ERR,ERR,ERR,ERR,ERR,ERR,ERR,ERR,ERR,ERR,ERR,ERR,ERR,ERR,ERR,ERR,ERR,ERR,ERR,ERR,ERR,ERR,ERR,ERR,ERR,ERR,ERR,ERR,ERR,ERR,ERR,ERR,ERR,ERR,ERR,ERR,ERR,ERR,ERR,ERR,ERR,ERR,ERR,ERR,ERR,ERR,ERR,ERR,ERR,ERR,ERR,ERR,ERR,ERR,ERR,ERR,ERR,ERR,ERR,ERR,ERR,ERR,ERR,ERR,ERR,ERR,ERR,ERR,ERR,ERR,ERR,ERR,ERR,ERR,ERR,ERR,ERR,ERR,ERR,ERR,ERR,ERR,ERR,ERR,ERR,ERR,ERR,ERR,ERR,ERR,ERR,ERR,ERR,ERR,ERR,ERR,ERR,ERR,ERR,ERR,ERR,ERR,ERR,ERR,ERR,ERR,ERR,ERR,ERR,ERR,ERR,ERR,ERR,ERR,ERR,ERR,ERR,ERR,ERR,ERR,ERR,ERR,ERR,2.7184312818759872e+23,0.0,-0.0,0.0,nan,1.3936040501711995e+18,7.805,118629576.0,0,0,4,48932,6720,14723890282496.0,100,0.0,0.0,0.0,0.0,0.0,0,0,0,0,0.0,0,0,0,0,0,0,0,0,0,0,0,0,0,0,0,0,0,0,0,0,0,0,0,0,0,0,0,0,0,0,0,0,0,26,51,50,76,65476,0,300,0,0,8,21553,0.0,-107605600.0,0.0,0.0,0.0,0.0,0.0,0.0,0.0,0.0,0.0,0.0,0.0,0.0,0.0,0.0,0.0,0.0,0.0,0.0,0.0,0.0,-2.004,2.004,-2.004,0.0,0.0,0.0,0.0,0.0,4780.0,8608175104.0,7274.0,2.7184312818759872e+23,2.718431101732002e+23,-0.0,-107615392.0,0.0,0.0,0.0,0.0,77,71.63,0.0,0.0,0.0,0.0,0.0,0.0,0.0,0.0,0,0,0,0.0,0.0,0.0,0.0,0.0,0.0,0.0,0.0,0.0,0.0,0.0,0.0,0.0,0.0,0.0,0.0,0,-107875648.0,77,0.0,154,0.0,0.0,ERR,ERR,ERR,ERR,ERR,ERR,ERR,ERR,ERR,ERR,ERR,ERR,ERR,ERR,ERR,ERR,ERR,ERR,ERR,ERR,ERR,ERR,ERR,ERR,ERR,ERR,ERR,ERR,ERR,ERR,ERR,ERR,ERR,ERR,ERR,ERR,ERR,ERR,ERR,ERR,ERR,ERR,ERR,ERR,ERR,ERR,ERR,ERR,ERR,ERR,ERR,ERR,ERR,ERR,ERR,ERR,ERR,ERR,ERR,ERR,ERR,ERR,ERR,ERR,ERR,ERR,ERR,34.0,80.0,35,0.0,0.0,0.0,0.0,0.0,0.0,0.0,0.0,0.0,0.0,0.0,0.0,0.0,0.0,0.0,0.0,66.4,0,120,58,53,65476,0,300,0,0,8,20529,65476,0,0,57672,80.0,0.0,0.0,0.0,0.0,0.0
2026-06-18T02:31:51,ERR,ERR,ERR,ERR,ERR,ERR,ERR,ERR,ERR,ERR,ERR,ERR,ERR,ERR,ERR,ERR,ERR,ERR,ERR,ERR,ERR,ERR,ERR,ERR,ERR,ERR,ERR,ERR,ERR,ERR,ERR,ERR,ERR,ERR,ERR,ERR,ERR,ERR,ERR,ERR,ERR,ERR,ERR,ERR,ERR,ERR,ERR,ERR,ERR,ERR,ERR,ERR,ERR,ERR,ERR,ERR,ERR,ERR,ERR,ERR,ERR,ERR,ERR,ERR,ERR,ERR,ERR,ERR,ERR,ERR,ERR,ERR,ERR,ERR,ERR,ERR,ERR,ERR,ERR,ERR,ERR,ERR,ERR,ERR,ERR,ERR,ERR,ERR,ERR,ERR,ERR,ERR,ERR,ERR,ERR,ERR,ERR,ERR,ERR,ERR,ERR,ERR,ERR,ERR,ERR,ERR,ERR,ERR,ERR,ERR,ERR,ERR,ERR,ERR,ERR,ERR,ERR,ERR,ERR,ERR,ERR,ERR,ERR,ERR,ERR,2.7184312818759872e+23,0.0,-0.0,0.0,nan,1.3936040501711995e+18,7.805,118629576.0,0,0,4,48932,6720,14723890282496.0,100,0.0,0.0,0.0,0.0,0.0,0,0,0,0,0.0,0,0,0,0,0,0,0,0,0,0,0,0,0,0,0,0,0,0,0,0,0,0,0,0,0,0,0,0,0,0,0,0,0,26,51,50,76,65476,0,300,0,0,8,21553,0.0,-107605600.0,0.0,0.0,0.0,0.0,0.0,0.0,0.0,0.0,0.0,0.0,0.0,0.0,0.0,0.0,0.0,0.0,0.0,0.0,0.0,0.0,-2.004,2.004,-2.004,0.0,0.0,0.0,0.0,0.0,4780.0,8608175104.0,7274.0,2.7184312818759872e+23,2.718431101732002e+23,-0.0,-107615392.0,0.0,0.0,0.0,0.0,77,71.63,0.0,0.0,0.0,0.0,0.0,0.0,0.0,0.0,0,0,0,0.0,0.0,0.0,0.0,0.0,0.0,0.0,0.0,0.0,0.0,0.0,0.0,0.0,0.0,0.0,0.0,0,-107875648.0,77,0.0,154,0.0,0.0,ERR,ERR,ERR,ERR,ERR,ERR,ERR,ERR,ERR,ERR,ERR,ERR,ERR,ERR,ERR,ERR,ERR,ERR,ERR,ERR,ERR,ERR,ERR,ERR,ERR,ERR,ERR,ERR,ERR,ERR,ERR,ERR,ERR,ERR,ERR,ERR,ERR,ERR,ERR,ERR,ERR,ERR,ERR,ERR,ERR,ERR,ERR,ERR,ERR,ERR,ERR,ERR,ERR,ERR,ERR,ERR,ERR,ERR,ERR,ERR,ERR,ERR,ERR,ERR,ERR,ERR,ERR,34.0,80.0,35,0.0,0.0,0.0,0.0,0.0,0.0,0.0,0.0,0.0,0.0,0.0,0.0,0.0,0.0,0.0,0.0,66.4,0,120,58,53,65476,0,300,0,0,8,20529,65476,0,0,57672,80.0,0.0,0.0,0.0,0.0,0.0
2026-06-18T02:31:52,ERR,ERR,ERR,ERR,ERR,ERR,ERR,ERR,ERR,ERR,ERR,ERR,ERR,ERR,ERR,ERR,ERR,ERR,ERR,ERR,ERR,ERR,ERR,ERR,ERR,ERR,ERR,ERR,ERR,ERR,ERR,ERR,ERR,ERR,ERR,ERR,ERR,ERR,ERR,ERR,ERR,ERR,ERR,ERR,ERR,ERR,ERR,ERR,ERR,ERR,ERR,ERR,ERR,ERR,ERR,ERR,ERR,ERR,ERR,ERR,ERR,ERR,ERR,ERR,ERR,ERR,ERR,ERR,ERR,ERR,ERR,ERR,ERR,ERR,ERR,ERR,ERR,ERR,ERR,ERR,ERR,ERR,ERR,ERR,ERR,ERR,ERR,ERR,ERR,ERR,ERR,ERR,ERR,ERR,ERR,ERR,ERR,ERR,ERR,ERR,ERR,ERR,ERR,ERR,ERR,ERR,ERR,ERR,ERR,ERR,ERR,ERR,ERR,ERR,ERR,ERR,ERR,ERR,ERR,ERR,ERR,ERR,ERR,ERR,ERR,2.7184312818759872e+23,0.0,-0.0,0.0,nan,1.3936040501711995e+18,7.805,118629576.0,0,0,4,48932,6720,14723890282496.0,100,0.0,0.0,0.0,0.0,0.0,0,0,0,0,0.0,0,0,0,0,0,0,0,0,0,0,0,0,0,0,0,0,0,0,0,0,0,0,0,0,0,0,0,0,0,0,0,0,0,26,51,50,76,65476,0,300,0,0,8,21553,0.0,-107605600.0,0.0,0.0,0.0,0.0,0.0,0.0,0.0,0.0,0.0,0.0,0.0,0.0,0.0,0.0,0.0,0.0,0.0,0.0,0.0,0.0,-2.004,2.004,-2.004,0.0,0.0,0.0,0.0,0.0,4780.0,8608175104.0,7274.0,2.7184312818759872e+23,2.718431101732002e+23,-0.0,-107615392.0,0.0,0.0,0.0,0.0,77,71.63,0.0,0.0,0.0,0.0,0.0,0.0,0.0,0.0,0,0,0,0.0,0.0,0.0,0.0,0.0,0.0,0.0,0.0,0.0,0.0,0.0,0.0,0.0,0.0,0.0,0.0,0,-107875648.0,77,0.0,154,0.0,0.0,ERR,ERR,ERR,ERR,ERR,ERR,ERR,ERR,ERR,ERR,ERR,ERR,ERR,ERR,ERR,ERR,ERR,ERR,ERR,ERR,ERR,ERR,ERR,ERR,ERR,ERR,ERR,ERR,ERR,ERR,ERR,ERR,ERR,ERR,ERR,ERR,ERR,ERR,ERR,ERR,ERR,ERR,ERR,ERR,ERR,ERR,ERR,ERR,ERR,ERR,ERR,ERR,ERR,ERR,ERR,ERR,ERR,ERR,ERR,ERR,ERR,ERR,ERR,ERR,ERR,ERR,ERR,34.0,80.0,35,0.0,0.0,0.0,0.0,0.0,0.0,0.0,0.0,0.0,0.0,0.0,0.0,0.0,0.0,0.0,0.0,66.4,0,120,58,53,65476,0,300,0,0,8,20529,65476,0,0,57672,80.0,0.0,0.0,0.0,0.0,0.0
2026-06-18T02:31:53,ERR,ERR,ERR,ERR,ERR,ERR,ERR,ERR,ERR,ERR,ERR,ERR,ERR,ERR,ERR,ERR,ERR,ERR,ERR,ERR,ERR,ERR,ERR,ERR,ERR,ERR,ERR,ERR,ERR,ERR,ERR,ERR,ERR,ERR,ERR,ERR,ERR,ERR,ERR,ERR,ERR,ERR,ERR,ERR,ERR,ERR,ERR,ERR,ERR,ERR,ERR,ERR,ERR,ERR,ERR,ERR,ERR,ERR,ERR,ERR,ERR,ERR,ERR,ERR,ERR,ERR,ERR,ERR,ERR,ERR,ERR,ERR,ERR,ERR,ERR,ERR,ERR,ERR,ERR,ERR,ERR,ERR,ERR,ERR,ERR,ERR,ERR,ERR,ERR,ERR,ERR,ERR,ERR,ERR,ERR,ERR,ERR,ERR,ERR,ERR,ERR,ERR,ERR,ERR,ERR,ERR,ERR,ERR,ERR,ERR,ERR,ERR,ERR,ERR,ERR,ERR,ERR,ERR,ERR,ERR,ERR,ERR,ERR,ERR,ERR,2.7184312818759872e+23,2.718431101732002e+23,0.0,-0.0,-0.0,1.3936040501711995e+18,7.805,0.0,0,0,4,48952,6720,14723890282496.0,100,0.0,0.0,0.0,-0.0,0.0,0,0,0,0,0.0,0,0,0,0,0,0,0,0,0,0,0,0,0,0,0,0,0,0,0,0,0,0,0,0,0,0,0,0,0,0,0,0,0,26,51,50,76,65476,0,300,0,0,8,21553,0.0,-107605600.0,0.0,0.0,0.0,0.0,0.0,0.0,0.0,0.0,0.0,0.0,0.0,0.0,0.0,0.0,0.0,0.0,0.0,0.0,0.0,0.0,-2.004,2.004,-2.004,0.0,0.0,0.0,0.0,0.0,4778.0,0.0,7268.0,2.7184312818759872e+23,0.0,-0.0,-107615392.0,0.0,0.0,0.0,0.0,77,0.0,-2.308826292123106e+20,0.0,0.0,0.0,0.0,0.0,0.0,0.0,0,0,0,0.0,0.0,0.0,0.0,0.0,0.0,0.0,0.0,0.0,0.0,0.0,0.0,0.0,0.0,0.0,0.0,0,-107875648.0,77,0.0,154,0.0,-0.0,ERR,ERR,ERR,ERR,ERR,ERR,ERR,ERR,ERR,ERR,ERR,ERR,ERR,ERR,ERR,ERR,ERR,ERR,ERR,ERR,ERR,ERR,ERR,ERR,ERR,ERR,ERR,ERR,ERR,ERR,ERR,ERR,ERR,ERR,ERR,ERR,ERR,ERR,ERR,ERR,ERR,ERR,ERR,ERR,ERR,ERR,ERR,ERR,ERR,ERR,ERR,ERR,ERR,ERR,ERR,ERR,ERR,ERR,ERR,ERR,ERR,ERR,ERR,ERR,ERR,ERR,ERR,34.0,80.0,35,0.0,0.0,0.0,0.0,0.0,0.0,0.0,0.0,0.0,0.0,0.0,0.0,0.0,0.0,0.0,0.0,66.0,0,120,58,53,65476,0,300,0,0,8,20529,65476,0,0,57672,80.0,0.0,0.0,0.0,0.0,0.0
2026-06-18T02:31:54,ERR,ERR,ERR,ERR,ERR,ERR,ERR,ERR,ERR,ERR,ERR,ERR,ERR,ERR,ERR,ERR,ERR,ERR,ERR,ERR,ERR,ERR,ERR,ERR,ERR,ERR,ERR,ERR,ERR,ERR,ERR,ERR,ERR,ERR,ERR,ERR,ERR,ERR,ERR,ERR,ERR,ERR,ERR,ERR,ERR,ERR,ERR,ERR,ERR,ERR,ERR,ERR,ERR,ERR,ERR,ERR,ERR,ERR,ERR,ERR,ERR,ERR,ERR,ERR,ERR,ERR,ERR,ERR,ERR,ERR,ERR,ERR,ERR,ERR,ERR,ERR,ERR,ERR,ERR,ERR,ERR,ERR,ERR,ERR,ERR,ERR,ERR,ERR,ERR,ERR,ERR,ERR,ERR,ERR,ERR,ERR,ERR,ERR,ERR,ERR,ERR,ERR,ERR,ERR,ERR,ERR,ERR,ERR,ERR,ERR,ERR,ERR,ERR,ERR,ERR,ERR,ERR,ERR,ERR,ERR,ERR,ERR,ERR,ERR,ERR,2.7184312818759872e+23,2.718431101732002e+23,0.0,-0.0,-0.0,1.3936040501711995e+18,7.805,0.0,0,0,4,48952,6720,14723890282496.0,100,0.0,0.0,0.0,-0.0,0.0,0,0,0,0,0.0,0,0,0,0,0,0,0,0,0,0,0,0,0,0,0,0,0,0,0,0,0,0,0,0,0,0,0,0,0,0,0,0,0,26,51,50,76,65476,0,300,0,0,8,21553,0.0,-107605600.0,0.0,0.0,0.0,0.0,0.0,0.0,0.0,0.0,0.0,0.0,0.0,0.0,0.0,0.0,0.0,0.0,0.0,0.0,0.0,0.0,-2.004,2.004,-2.004,0.0,0.0,0.0,0.0,0.0,4778.0,0.0,7268.0,2.7184312818759872e+23,0.0,-0.0,-107615392.0,0.0,0.0,0.0,0.0,77,0.0,-2.308826292123106e+20,0.0,0.0,0.0,0.0,0.0,0.0,0.0,0,0,0,0.0,0.0,0.0,0.0,0.0,0.0,0.0,0.0,0.0,0.0,0.0,0.0,0.0,0.0,0.0,0.0,0,-107875648.0,77,0.0,154,0.0,-0.0,ERR,ERR,ERR,ERR,ERR,ERR,ERR,ERR,ERR,ERR,ERR,ERR,ERR,ERR,ERR,ERR,ERR,ERR,ERR,ERR,ERR,ERR,ERR,ERR,ERR,ERR,ERR,ERR,ERR,ERR,ERR,ERR,ERR,ERR,ERR,ERR,ERR,ERR,ERR,ERR,ERR,ERR,ERR,ERR,ERR,ERR,ERR,ERR,ERR,ERR,ERR,ERR,ERR,ERR,ERR,ERR,ERR,ERR,ERR,ERR,ERR,ERR,ERR,ERR,ERR,ERR,ERR,34.0,80.0,35,0.0,0.0,0.0,0.0,0.0,0.0,0.0,0.0,0.0,0.0,0.0,0.0,0.0,0.0,0.0,0.0,66.0,0,120,58,53,65476,0,300,0,0,8,20529,65476,0,0,57672,80.0,0.0,0.0,0.0,0.0,0.0
2026-06-18T02:31:55,ERR,ERR,ERR,ERR,ERR,ERR,ERR,ERR,ERR,ERR,ERR,ERR,ERR,ERR,ERR,ERR,ERR,ERR,ERR,ERR,ERR,ERR,ERR,ERR,ERR,ERR,ERR,ERR,ERR,ERR,ERR,ERR,ERR,ERR,ERR,ERR,ERR,ERR,ERR,ERR,ERR,ERR,ERR,ERR,ERR,ERR,ERR,ERR,ERR,ERR,ERR,ERR,ERR,ERR,ERR,ERR,ERR,ERR,ERR,ERR,ERR,ERR,ERR,ERR,ERR,ERR,ERR,ERR,ERR,ERR,ERR,ERR,ERR,ERR,ERR,ERR,ERR,ERR,ERR,ERR,ERR,ERR,ERR,ERR,ERR,ERR,ERR,ERR,ERR,ERR,ERR,ERR,ERR,ERR,ERR,ERR,ERR,ERR,ERR,ERR,ERR,ERR,ERR,ERR,ERR,ERR,ERR,ERR,ERR,ERR,ERR,ERR,ERR,ERR,ERR,ERR,ERR,ERR,ERR,ERR,ERR,ERR,ERR,ERR,ERR,2.7184312818759872e+23,2.718431101732002e+23,0.0,-0.0,-0.0,1.3936040501711995e+18,7.805,0.0,0,0,4,48952,6720,14723890282496.0,100,0.0,0.0,0.0,-0.0,0.0,0,0,0,0,0.0,0,0,0,0,0,0,0,0,0,0,0,0,0,0,0,0,0,0,0,0,0,0,0,0,0,0,0,0,0,0,0,0,0,26,51,50,76,65476,0,300,0,0,8,21553,0.0,-107605600.0,0.0,0.0,0.0,0.0,0.0,0.0,0.0,0.0,0.0,0.0,0.0,0.0,0.0,0.0,0.0,0.0,0.0,0.0,0.0,0.0,-2.004,2.004,-2.004,0.0,0.0,0.0,0.0,0.0,4778.0,0.0,7268.0,2.7184312818759872e+23,0.0,-0.0,-107615392.0,0.0,0.0,0.0,0.0,77,0.0,-2.308826292123106e+20,0.0,0.0,0.0,0.0,0.0,0.0,0.0,0,0,0,0.0,0.0,0.0,0.0,0.0,0.0,0.0,0.0,0.0,0.0,0.0,0.0,0.0,0.0,0.0,0.0,0,-107875648.0,77,0.0,154,0.0,-0.0,ERR,ERR,ERR,ERR,ERR,ERR,ERR,ERR,ERR,ERR,ERR,ERR,ERR,ERR,ERR,ERR,ERR,ERR,ERR,ERR,ERR,ERR,ERR,ERR,ERR,ERR,ERR,ERR,ERR,ERR,ERR,ERR,ERR,ERR,ERR,ERR,ERR,ERR,ERR,ERR,ERR,ERR,ERR,ERR,ERR,ERR,ERR,ERR,ERR,ERR,ERR,ERR,ERR,ERR,ERR,ERR,ERR,ERR,ERR,ERR,ERR,ERR,ERR,ERR,ERR,ERR,ERR,34.0,80.0,35,0.0,0.0,0.0,0.0,0.0,0.0,0.0,0.0,0.0,0.0,0.0,0.0,0.0,0.0,0.0,0.0,66.4,0,120,58,53,65476,0,300,0,0,8,20529,65476,0,0,57672,80.0,0.0,0.0,0.0,0.0,0.0
2026-06-18T02:31:56,ERR,ERR,ERR,ERR,ERR,ERR,ERR,ERR,ERR,ERR,ERR,ERR,ERR,ERR,ERR,ERR,ERR,ERR,ERR,ERR,ERR,ERR,ERR,ERR,ERR,ERR,ERR,ERR,ERR,ERR,ERR,ERR,ERR,ERR,ERR,ERR,ERR,ERR,ERR,ERR,ERR,ERR,ERR,ERR,ERR,ERR,ERR,ERR,ERR,ERR,ERR,ERR,ERR,ERR,ERR,ERR,ERR,ERR,ERR,ERR,ERR,ERR,ERR,ERR,ERR,ERR,ERR,ERR,ERR,ERR,ERR,ERR,ERR,ERR,ERR,ERR,ERR,ERR,ERR,ERR,ERR,ERR,ERR,ERR,ERR,ERR,ERR,ERR,ERR,ERR,ERR,ERR,ERR,ERR,ERR,ERR,ERR,ERR,ERR,ERR,ERR,ERR,ERR,ERR,ERR,ERR,ERR,ERR,ERR,ERR,ERR,ERR,ERR,ERR,ERR,ERR,ERR,ERR,ERR,ERR,ERR,ERR,ERR,ERR,ERR,2.7184312818759872e+23,2.718431101732002e+23,0.0,-0.0,-0.0,1.3936040501711995e+18,7.805,0.0,0,0,4,48952,6720,14723890282496.0,100,0.0,0.0,0.0,-0.0,0.0,0,0,0,0,0.0,0,0,0,0,0,0,0,0,0,0,0,0,0,0,0,0,0,0,0,0,0,0,0,0,0,0,0,0,0,0,0,0,0,26,51,50,76,65476,0,300,0,0,8,21553,0.0,-107605600.0,0.0,0.0,0.0,0.0,0.0,0.0,0.0,0.0,0.0,0.0,0.0,0.0,0.0,0.0,0.0,0.0,0.0,0.0,0.0,0.0,-2.004,2.004,-2.004,0.0,0.0,0.0,0.0,0.0,4778.0,0.0,7268.0,2.7184312818759872e+23,0.0,-0.0,-107615392.0,0.0,0.0,0.0,0.0,77,0.0,-2.308826292123106e+20,0.0,0.0,0.0,0.0,0.0,0.0,0.0,0,0,0,0.0,0.0,0.0,0.0,0.0,0.0,0.0,0.0,0.0,0.0,0.0,0.0,0.0,0.0,0.0,0.0,0,-107875648.0,77,0.0,154,0.0,-0.0,ERR,ERR,ERR,ERR,ERR,ERR,ERR,ERR,ERR,ERR,ERR,ERR,ERR,ERR,ERR,ERR,ERR,ERR,ERR,ERR,ERR,ERR,ERR,ERR,ERR,ERR,ERR,ERR,ERR,ERR,ERR,ERR,ERR,ERR,ERR,ERR,ERR,ERR,ERR,ERR,ERR,ERR,ERR,ERR,ERR,ERR,ERR,ERR,ERR,ERR,ERR,ERR,ERR,ERR,ERR,ERR,ERR,ERR,ERR,ERR,ERR,ERR,ERR,ERR,ERR,ERR,ERR,34.0,80.0,35,0.0,0.0,0.0,0.0,0.0,0.0,0.0,0.0,0.0,0.0,0.0,0.0,0.0,0.0,0.0,0.0,66.4,0,120,58,53,65476,0,300,0,0,8,20529,65476,0,0,57672,80.0,0.0,0.0,0.0,0.0,0.0
2026-06-18T02:31:57,ERR,ERR,ERR,ERR,ERR,ERR,ERR,ERR,ERR,ERR,ERR,ERR,ERR,ERR,ERR,ERR,ERR,ERR,ERR,ERR,ERR,ERR,ERR,ERR,ERR,ERR,ERR,ERR,ERR,ERR,ERR,ERR,ERR,ERR,ERR,ERR,ERR,ERR,ERR,ERR,ERR,ERR,ERR,ERR,ERR,ERR,ERR,ERR,ERR,ERR,ERR,ERR,ERR,ERR,ERR,ERR,ERR,ERR,ERR,ERR,ERR,ERR,ERR,ERR,ERR,ERR,ERR,ERR,ERR,ERR,ERR,ERR,ERR,ERR,ERR,ERR,ERR,ERR,ERR,ERR,ERR,ERR,ERR,ERR,ERR,ERR,ERR,ERR,ERR,ERR,ERR,ERR,ERR,ERR,ERR,ERR,ERR,ERR,ERR,ERR,ERR,ERR,ERR,ERR,ERR,ERR,ERR,ERR,ERR,ERR,ERR,ERR,ERR,ERR,ERR,ERR,ERR,ERR,ERR,ERR,ERR,ERR,ERR,ERR,ERR,2.7184312818759872e+23,2.718431101732002e+23,0.0,-0.0,-0.0,1.3936040501711995e+18,7.805,0.0,0,0,4,48952,6720,14723890282496.0,100,0.0,0.0,0.0,-0.0,0.0,0,0,0,0,0.0,0,0,0,0,0,0,0,0,0,0,0,0,0,0,0,0,0,0,0,0,0,0,0,0,0,0,0,0,0,0,0,0,0,26,51,50,76,65476,0,300,0,0,8,21553,0.0,-107605600.0,0.0,0.0,0.0,0.0,0.0,0.0,0.0,0.0,0.0,0.0,0.0,0.0,0.0,0.0,0.0,0.0,0.0,0.0,0.0,0.0,-2.004,2.004,-2.004,0.0,0.0,0.0,0.0,0.0,4778.0,0.0,7268.0,2.7184312818759872e+23,0.0,-0.0,-107615392.0,0.0,0.0,0.0,0.0,77,0.0,-2.308826292123106e+20,0.0,0.0,0.0,0.0,0.0,0.0,0.0,0,0,0,0.0,0.0,0.0,0.0,0.0,0.0,0.0,0.0,0.0,0.0,0.0,0.0,0.0,0.0,0.0,0.0,0,-107875648.0,77,0.0,154,0.0,-0.0,ERR,ERR,ERR,ERR,ERR,ERR,ERR,ERR,ERR,ERR,ERR,ERR,ERR,ERR,ERR,ERR,ERR,ERR,ERR,ERR,ERR,ERR,ERR,ERR,ERR,ERR,ERR,ERR,ERR,ERR,ERR,ERR,ERR,ERR,ERR,ERR,ERR,ERR,ERR,ERR,ERR,ERR,ERR,ERR,ERR,ERR,ERR,ERR,ERR,ERR,ERR,ERR,ERR,ERR,ERR,ERR,ERR,ERR,ERR,ERR,ERR,ERR,ERR,ERR,ERR,ERR,ERR,34.0,80.0,35,0.0,0.0,0.0,0.0,0.0,0.0,0.0,0.0,0.0,0.0,0.0,0.0,0.0,0.0,0.0,0.0,66.0,0,120,58,53,65476,0,300,0,0,8,20529,65476,0,0,57672,80.0,0.0,0.0,0.0,0.0,0.0
2026-06-18T02:31:58,ERR,ERR,ERR,ERR,ERR,ERR,ERR,ERR,ERR,ERR,ERR,ERR,ERR,ERR,ERR,ERR,ERR,ERR,ERR,ERR,ERR,ERR,ERR,ERR,ERR,ERR,ERR,ERR,ERR,ERR,ERR,ERR,ERR,ERR,ERR,ERR,ERR,ERR,ERR,ERR,ERR,ERR,ERR,ERR,ERR,ERR,ERR,ERR,ERR,ERR,ERR,ERR,ERR,ERR,ERR,ERR,ERR,ERR,ERR,ERR,ERR,ERR,ERR,ERR,ERR,ERR,ERR,ERR,ERR,ERR,ERR,ERR,ERR,ERR,ERR,ERR,ERR,ERR,ERR,ERR,ERR,ERR,ERR,ERR,ERR,ERR,ERR,ERR,ERR,ERR,ERR,ERR,ERR,ERR,ERR,ERR,ERR,ERR,ERR,ERR,ERR,ERR,ERR,ERR,ERR,ERR,ERR,ERR,ERR,ERR,ERR,ERR,ERR,ERR,ERR,ERR,ERR,ERR,ERR,ERR,ERR,ERR,ERR,ERR,ERR,2.7184312818759872e+23,2.718431101732002e+23,0.0,-0.0,-0.0,1.3936040501711995e+18,7.805,0.0,0,0,4,48952,6720,14723890282496.0,100,0.0,0.0,0.0,-0.0,0.0,0,0,0,0,0.0,0,0,0,0,0,0,0,0,0,0,0,0,0,0,0,0,0,0,0,0,0,0,0,0,0,0,0,0,0,0,0,0,0,26,51,50,76,65476,0,300,0,0,8,21553,0.0,-107605600.0,0.0,0.0,0.0,0.0,0.0,0.0,0.0,0.0,0.0,0.0,0.0,0.0,0.0,0.0,0.0,0.0,0.0,0.0,0.0,0.0,-2.004,2.004,-2.004,0.0,0.0,0.0,0.0,0.0,4778.0,0.0,7268.0,2.7184312818759872e+23,0.0,-0.0,-107615392.0,0.0,0.0,0.0,0.0,77,0.0,-2.308826292123106e+20,0.0,0.0,0.0,0.0,0.0,0.0,0.0,0,0,0,0.0,0.0,0.0,0.0,0.0,0.0,0.0,0.0,0.0,0.0,0.0,0.0,0.0,0.0,0.0,0.0,0,-107875648.0,77,0.0,154,0.0,-0.0,ERR,ERR,ERR,ERR,ERR,ERR,ERR,ERR,ERR,ERR,ERR,ERR,ERR,ERR,ERR,ERR,ERR,ERR,ERR,ERR,ERR,ERR,ERR,ERR,ERR,ERR,ERR,ERR,ERR,ERR,ERR,ERR,ERR,ERR,ERR,ERR,ERR,ERR,ERR,ERR,ERR,ERR,ERR,ERR,ERR,ERR,ERR,ERR,ERR,ERR,ERR,ERR,ERR,ERR,ERR,ERR,ERR,ERR,ERR,ERR,ERR,ERR,ERR,ERR,ERR,ERR,ERR,34.0,80.0,35,0.0,0.0,0.0,0.0,0.0,0.0,0.0,0.0,0.0,0.0,0.0,0.0,0.0,0.0,0.0,0.0,66.0,0,120,58,53,65476,0,300,0,0,8,20529,65476,0,0,57672,80.0,0.0,0.0,0.0,0.0,0.0
2026-06-18T02:31:59,ERR,ERR,ERR,ERR,ERR,ERR,ERR,ERR,ERR,ERR,ERR,ERR,ERR,ERR,ERR,ERR,ERR,ERR,ERR,ERR,ERR,ERR,ERR,ERR,ERR,ERR,ERR,ERR,ERR,ERR,ERR,ERR,ERR,ERR,ERR,ERR,ERR,ERR,ERR,ERR,ERR,ERR,ERR,ERR,ERR,ERR,ERR,ERR,ERR,ERR,ERR,ERR,ERR,ERR,ERR,ERR,ERR,ERR,ERR,ERR,ERR,ERR,ERR,ERR,ERR,ERR,ERR,ERR,ERR,ERR,ERR,ERR,ERR,ERR,ERR,ERR,ERR,ERR,ERR,ERR,ERR,ERR,ERR,ERR,ERR,ERR,ERR,ERR,ERR,ERR,ERR,ERR,ERR,ERR,ERR,ERR,ERR,ERR,ERR,ERR,ERR,ERR,ERR,ERR,ERR,ERR,ERR,ERR,ERR,ERR,ERR,ERR,ERR,ERR,ERR,ERR,ERR,ERR,ERR,ERR,ERR,ERR,ERR,ERR,ERR,2.7184312818759872e+23,2.718431101732002e+23,0.0,-152005385388032.0,-2.012,1.3936040501711995e+18,7.805,0.0,0,0,4,48933,6720,14723890282496.0,100,0.0,0.0,0.0,-0.0,0.0,0,0,0,0,0.0,0,0,0,0,0,0,0,0,0,0,0,0,0,0,0,0,0,0,0,0,0,0,0,0,0,0,0,0,0,0,0,0,0,26,51,50,76,65476,0,300,0,0,8,21553,0.0,-107605600.0,0.0,0.0,0.0,0.0,0.0,0.0,0.0,0.0,0.0,0.0,0.0,0.0,0.0,0.0,0.0,0.0,0.0,0.0,0.0,0.0,-2.004,2.004,0.0,0.0,0.0,0.0,0.0,0.0,4780.0,0.0,7269.0,2.7184312818759872e+23,0.0,-107615360.0,-107615392.0,0.0,0.0,0.0,0.0,77,0.059,-3.221999077894953e+26,0.0,0.0,0.0,0.0,0.0,0.0,0.0,0,0,0,0.0,0.0,0.0,0.0,0.0,0.0,0.0,0.0,0.0,0.0,0.0,0.0,0.0,0.0,0.0,0.0,0,-107875648.0,77,0.0,154,0.0,2.6533865130338155e+23,ERR,ERR,ERR,ERR,ERR,ERR,ERR,ERR,ERR,ERR,ERR,ERR,ERR,ERR,ERR,ERR,ERR,ERR,ERR,ERR,ERR,ERR,ERR,ERR,ERR,ERR,ERR,ERR,ERR,ERR,ERR,ERR,ERR,ERR,ERR,ERR,ERR,ERR,ERR,ERR,ERR,ERR,ERR,ERR,ERR,ERR,ERR,ERR,ERR,ERR,ERR,ERR,ERR,ERR,ERR,ERR,ERR,ERR,ERR,ERR,ERR,ERR,ERR,ERR,ERR,ERR,ERR,34.0,80.0,35,0.0,0.0,0.0,0.0,0.0,0.0,0.0,0.0,0.0,0.0,0.0,0.0,0.0,0.0,0.0,0.0,66.0,0,120,58,53,65476,0,300,0,0,8,20529,65476,0,0,57672,80.0,0.0,0.0,0.0,0.0,0.0
2026-06-18T02:32:00,ERR,ERR,ERR,ERR,ERR,ERR,ERR,ERR,ERR,ERR,ERR,ERR,ERR,ERR,ERR,ERR,ERR,ERR,ERR,ERR,ERR,ERR,ERR,ERR,ERR,ERR,ERR,ERR,ERR,ERR,ERR,ERR,ERR,ERR,ERR,ERR,ERR,ERR,ERR,ERR,ERR,ERR,ERR,ERR,ERR,ERR,ERR,ERR,ERR,ERR,ERR,ERR,ERR,ERR,ERR,ERR,ERR,ERR,ERR,ERR,ERR,ERR,ERR,ERR,ERR,ERR,ERR,ERR,ERR,ERR,ERR,ERR,ERR,ERR,ERR,ERR,ERR,ERR,ERR,ERR,ERR,ERR,ERR,ERR,ERR,ERR,ERR,ERR,ERR,ERR,ERR,ERR,ERR,ERR,ERR,ERR,ERR,ERR,ERR,ERR,ERR,ERR,ERR,ERR,ERR,ERR,ERR,ERR,ERR,ERR,ERR,ERR,ERR,ERR,ERR,ERR,ERR,ERR,ERR,ERR,ERR,ERR,ERR,ERR,ERR,2.7184312818759872e+23,2.718431101732002e+23,0.0,-152005385388032.0,-2.012,1.3936040501711995e+18,7.805,0.0,0,0,4,48933,6720,14723890282496.0,100,0.0,0.0,0.0,-0.0,0.0,0,0,0,0,0.0,0,0,0,0,0,0,0,0,0,0,0,0,0,0,0,0,0,0,0,0,0,0,0,0,0,0,0,0,0,0,0,0,0,26,51,50,76,65476,0,300,0,0,8,21553,0.0,-107605600.0,0.0,0.0,0.0,0.0,0.0,0.0,0.0,0.0,0.0,0.0,0.0,0.0,0.0,0.0,0.0,0.0,0.0,0.0,0.0,0.0,-2.004,2.004,0.0,0.0,0.0,0.0,0.0,0.0,4780.0,0.0,7269.0,2.7184312818759872e+23,0.0,-107615360.0,-107615392.0,0.0,0.0,0.0,0.0,77,0.059,-3.221999077894953e+26,0.0,0.0,0.0,0.0,0.0,0.0,0.0,0,0,0,0.0,0.0,0.0,0.0,0.0,0.0,0.0,0.0,0.0,0.0,0.0,0.0,0.0,0.0,0.0,0.0,0,-107875648.0,77,0.0,154,0.0,2.6533865130338155e+23,ERR,ERR,ERR,ERR,ERR,ERR,ERR,ERR,ERR,ERR,ERR,ERR,ERR,ERR,ERR,ERR,ERR,ERR,ERR,ERR,ERR,ERR,ERR,ERR,ERR,ERR,ERR,ERR,ERR,ERR,ERR,ERR,ERR,ERR,ERR,ERR,ERR,ERR,ERR,ERR,ERR,ERR,ERR,ERR,ERR,ERR,ERR,ERR,ERR,ERR,ERR,ERR,ERR,ERR,ERR,ERR,ERR,ERR,ERR,ERR,ERR,ERR,ERR,ERR,ERR,ERR,ERR,34.0,80.0,35,0.0,0.0,0.0,0.0,0.0,0.0,0.0,0.0,0.0,0.0,0.0,0.0,0.0,0.0,0.0,0.0,66.0,0,120,58,53,65476,0,300,0,0,8,20529,65476,0,0,57672,80.0,0.0,0.0,0.0,0.0,0.0
2026-06-18T02:32:01,ERR,ERR,ERR,ERR,ERR,ERR,ERR,ERR,ERR,ERR,ERR,ERR,ERR,ERR,ERR,ERR,ERR,ERR,ERR,ERR,ERR,ERR,ERR,ERR,ERR,ERR,ERR,ERR,ERR,ERR,ERR,ERR,ERR,ERR,ERR,ERR,ERR,ERR,ERR,ERR,ERR,ERR,ERR,ERR,ERR,ERR,ERR,ERR,ERR,ERR,ERR,ERR,ERR,ERR,ERR,ERR,ERR,ERR,ERR,ERR,ERR,ERR,ERR,ERR,ERR,ERR,ERR,ERR,ERR,ERR,ERR,ERR,ERR,ERR,ERR,ERR,ERR,ERR,ERR,ERR,ERR,ERR,ERR,ERR,ERR,ERR,ERR,ERR,ERR,ERR,ERR,ERR,ERR,ERR,ERR,ERR,ERR,ERR,ERR,ERR,ERR,ERR,ERR,ERR,ERR,ERR,ERR,ERR,ERR,ERR,ERR,ERR,ERR,ERR,ERR,ERR,ERR,ERR,ERR,ERR,ERR,ERR,ERR,ERR,ERR,2.7184312818759872e+23,2.718431101732002e+23,0.0,-152005385388032.0,-2.012,1.3936040501711995e+18,7.805,0.0,0,0,4,48933,6720,14723890282496.0,100,0.0,0.0,0.0,-0.0,0.0,0,0,0,0,0.0,0,0,0,0,0,0,0,0,0,0,0,0,0,0,0,0,0,0,0,0,0,0,0,0,0,0,0,0,0,0,0,0,0,26,51,50,76,65476,0,300,0,0,8,21553,0.0,-107605600.0,0.0,0.0,0.0,0.0,0.0,0.0,0.0,0.0,0.0,0.0,0.0,0.0,0.0,0.0,0.0,0.0,0.0,0.0,0.0,0.0,-2.004,2.004,0.0,0.0,0.0,0.0,0.0,0.0,4780.0,0.0,7269.0,2.7184312818759872e+23,0.0,-107615360.0,-107615392.0,0.0,0.0,0.0,0.0,77,0.059,-3.221999077894953e+26,0.0,0.0,0.0,0.0,0.0,0.0,0.0,0,0,0,0.0,0.0,0.0,0.0,0.0,0.0,0.0,0.0,0.0,0.0,0.0,0.0,0.0,0.0,0.0,0.0,0,-107875648.0,77,0.0,154,0.0,2.6533865130338155e+23,ERR,ERR,ERR,ERR,ERR,ERR,ERR,ERR,ERR,ERR,ERR,ERR,ERR,ERR,ERR,ERR,ERR,ERR,ERR,ERR,ERR,ERR,ERR,ERR,ERR,ERR,ERR,ERR,ERR,ERR,ERR,ERR,ERR,ERR,ERR,ERR,ERR,ERR,ERR,ERR,ERR,ERR,ERR,ERR,ERR,ERR,ERR,ERR,ERR,ERR,ERR,ERR,ERR,ERR,ERR,ERR,ERR,ERR,ERR,ERR,ERR,ERR,ERR,ERR,ERR,ERR,ERR,34.0,80.0,35,0.0,0.0,0.0,0.0,0.0,0.0,0.0,0.0,0.0,0.0,0.0,0.0,0.0,0.0,0.0,0.0,66.4,0,120,58,53,65476,0,300,0,0,8,20529,65476,0,0,57672,80.0,0.0,0.0,0.0,0.0,0.0
2026-06-18T02:32:02,ERR,ERR,ERR,ERR,ERR,ERR,ERR,ERR,ERR,ERR,ERR,ERR,ERR,ERR,ERR,ERR,ERR,ERR,ERR,ERR,ERR,ERR,ERR,ERR,ERR,ERR,ERR,ERR,ERR,ERR,ERR,ERR,ERR,ERR,ERR,ERR,ERR,ERR,ERR,ERR,ERR,ERR,ERR,ERR,ERR,ERR,ERR,ERR,ERR,ERR,ERR,ERR,ERR,ERR,ERR,ERR,ERR,ERR,ERR,ERR,ERR,ERR,ERR,ERR,ERR,ERR,ERR,ERR,ERR,ERR,ERR,ERR,ERR,ERR,ERR,ERR,ERR,ERR,ERR,ERR,ERR,ERR,ERR,ERR,ERR,ERR,ERR,ERR,ERR,ERR,ERR,ERR,ERR,ERR,ERR,ERR,ERR,ERR,ERR,ERR,ERR,ERR,ERR,ERR,ERR,ERR,ERR,ERR,ERR,ERR,ERR,ERR,ERR,ERR,ERR,ERR,ERR,ERR,ERR,ERR,ERR,ERR,ERR,ERR,ERR,2.7184312818759872e+23,2.718431101732002e+23,0.0,-152005385388032.0,-2.012,1.3936040501711995e+18,7.805,0.0,0,0,4,48933,6720,14723890282496.0,100,0.0,0.0,0.0,-0.0,0.0,0,0,0,0,0.0,0,0,0,0,0,0,0,0,0,0,0,0,0,0,0,0,0,0,0,0,0,0,0,0,0,0,0,0,0,0,0,0,0,26,51,50,76,65476,0,300,0,0,8,21553,0.0,-107605600.0,0.0,0.0,0.0,0.0,0.0,0.0,0.0,0.0,0.0,0.0,0.0,0.0,0.0,0.0,0.0,0.0,0.0,0.0,0.0,0.0,-2.004,2.004,0.0,0.0,0.0,0.0,0.0,0.0,4780.0,0.0,7269.0,2.7184312818759872e+23,0.0,-107615360.0,-107615392.0,0.0,0.0,0.0,0.0,77,0.059,-3.221999077894953e+26,0.0,0.0,0.0,0.0,0.0,0.0,0.0,0,0,0,0.0,0.0,0.0,0.0,0.0,0.0,0.0,0.0,0.0,0.0,0.0,0.0,0.0,0.0,0.0,0.0,0,-107875648.0,77,0.0,154,0.0,2.6533865130338155e+23,ERR,ERR,ERR,ERR,ERR,ERR,ERR,ERR,ERR,ERR,ERR,ERR,ERR,ERR,ERR,ERR,ERR,ERR,ERR,ERR,ERR,ERR,ERR,ERR,ERR,ERR,ERR,ERR,ERR,ERR,ERR,ERR,ERR,ERR,ERR,ERR,ERR,ERR,ERR,ERR,ERR,ERR,ERR,ERR,ERR,ERR,ERR,ERR,ERR,ERR,ERR,ERR,ERR,ERR,ERR,ERR,ERR,ERR,ERR,ERR,ERR,ERR,ERR,ERR,ERR,ERR,ERR,34.0,80.0,35,0.0,0.0,0.0,0.0,0.0,0.0,0.0,0.0,0.0,0.0,0.0,0.0,0.0,0.0,0.0,0.0,66.0,0,120,58,53,65476,0,300,0,0,8,20529,65476,0,0,57672,80.0,0.0,0.0,0.0,0.0,0.0
2026-06-18T02:32:03,ERR,ERR,ERR,ERR,ERR,ERR,ERR,ERR,ERR,ERR,ERR,ERR,ERR,ERR,ERR,ERR,ERR,ERR,ERR,ERR,ERR,ERR,ERR,ERR,ERR,ERR,ERR,ERR,ERR,ERR,ERR,ERR,ERR,ERR,ERR,ERR,ERR,ERR,ERR,ERR,ERR,ERR,ERR,ERR,ERR,ERR,ERR,ERR,ERR,ERR,ERR,ERR,ERR,ERR,ERR,ERR,ERR,ERR,ERR,ERR,ERR,ERR,ERR,ERR,ERR,ERR,ERR,ERR,ERR,ERR,ERR,ERR,ERR,ERR,ERR,ERR,ERR,ERR,ERR,ERR,ERR,ERR,ERR,ERR,ERR,ERR,ERR,ERR,ERR,ERR,ERR,ERR,ERR,ERR,ERR,ERR,ERR,ERR,ERR,ERR,ERR,ERR,ERR,ERR,ERR,ERR,ERR,ERR,ERR,ERR,ERR,ERR,ERR,ERR,ERR,ERR,ERR,ERR,ERR,ERR,ERR,ERR,ERR,ERR,ERR,2.7184312818759872e+23,2.718431101732002e+23,0.0,-152005385388032.0,-2.012,1.3936040501711995e+18,7.805,0.0,0,0,4,48933,6720,14723890282496.0,100,0.0,0.0,0.0,-0.0,0.0,0,0,0,0,0.0,0,0,0,0,0,0,0,0,0,0,0,0,0,0,0,0,0,0,0,0,0,0,0,0,0,0,0,0,0,0,0,0,0,26,51,50,76,65476,0,300,0,0,8,21553,0.0,-107605600.0,0.0,0.0,0.0,0.0,0.0,0.0,0.0,0.0,0.0,0.0,0.0,0.0,0.0,0.0,0.0,0.0,0.0,0.0,0.0,0.0,-2.004,2.004,0.0,0.0,0.0,0.0,0.0,0.0,4780.0,0.0,7269.0,2.7184312818759872e+23,0.0,-107615360.0,-107615392.0,0.0,0.0,0.0,0.0,77,0.059,-3.221999077894953e+26,0.0,0.0,0.0,0.0,0.0,0.0,0.0,0,0,0,0.0,0.0,0.0,0.0,0.0,0.0,0.0,0.0,0.0,0.0,0.0,0.0,0.0,0.0,0.0,0.0,0,-107875648.0,77,0.0,154,0.0,2.6533865130338155e+23,ERR,ERR,ERR,ERR,ERR,ERR,ERR,ERR,ERR,ERR,ERR,ERR,ERR,ERR,ERR,ERR,ERR,ERR,ERR,ERR,ERR,ERR,ERR,ERR,ERR,ERR,ERR,ERR,ERR,ERR,ERR,ERR,ERR,ERR,ERR,ERR,ERR,ERR,ERR,ERR,ERR,ERR,ERR,ERR,ERR,ERR,ERR,ERR,ERR,ERR,ERR,ERR,ERR,ERR,ERR,ERR,ERR,ERR,ERR,ERR,ERR,ERR,ERR,ERR,ERR,ERR,ERR,34.0,80.0,35,0.0,0.0,0.0,0.0,0.0,0.0,0.0,0.0,0.0,0.0,0.0,0.0,0.0,0.0,0.0,0.0,66.0,0,120,58,53,65476,0,300,0,0,8,20529,65476,0,0,57672,80.0,0.0,0.0,0.0,0.0,0.0
2026-06-18T02:32:04,ERR,ERR,ERR,ERR,ERR,ERR,ERR,ERR,ERR,ERR,ERR,ERR,ERR,ERR,ERR,ERR,ERR,ERR,ERR,ERR,ERR,ERR,ERR,ERR,ERR,ERR,ERR,ERR,ERR,ERR,ERR,ERR,ERR,ERR,ERR,ERR,ERR,ERR,ERR,ERR,ERR,ERR,ERR,ERR,ERR,ERR,ERR,ERR,ERR,ERR,ERR,ERR,ERR,ERR,ERR,ERR,ERR,ERR,ERR,ERR,ERR,ERR,ERR,ERR,ERR,ERR,ERR,ERR,ERR,ERR,ERR,ERR,ERR,ERR,ERR,ERR,ERR,ERR,ERR,ERR,ERR,ERR,ERR,ERR,ERR,ERR,ERR,ERR,ERR,ERR,ERR,ERR,ERR,ERR,ERR,ERR,ERR,ERR,ERR,ERR,ERR,ERR,ERR,ERR,ERR,ERR,ERR,ERR,ERR,ERR,ERR,ERR,ERR,ERR,ERR,ERR,ERR,ERR,ERR,ERR,ERR,ERR,ERR,ERR,ERR,-0.0,0.0,0.0,-0.0,-0.0,1.3936040501711995e+18,7.805,2.3614597120116273e+25,0,0,4,48932,6720,14723890282496.0,100,0.0,0.0,0.0,2.718290229135658e+23,0.0,0,0,0,0,0.0,0,0,0,0,0,0,0,0,0,0,0,0,0,0,0,0,0,0,0,0,0,0,0,0,0,0,0,0,0,0,0,0,0,26,51,50,76,65476,0,300,0,0,8,21553,0.0,-107605600.0,0.0,0.0,0.0,0.0,0.0,0.0,0.0,0.0,0.0,0.0,0.0,0.0,0.0,0.0,0.0,0.0,0.0,0.0,0.0,0.0,0.0,2.004,-2.004,0.0,0.0,0.0,0.0,0.0,4777.0,0.0,7265.0,2.7184312818759872e+23,0.0,-0.0,-107615392.0,0.0,0.0,0.0,0.0,77,0.0,-71.629,0.0,0.0,0.0,0.0,0.0,0.0,0.0,0,0,0,0.0,0.0,0.0,0.0,0.0,0.0,0.0,0.0,0.0,0.0,0.0,0.0,0.0,0.0,0.0,0.0,0,-107875648.0,77,0.0,154,0.0,0.0,ERR,ERR,ERR,ERR,ERR,ERR,ERR,ERR,ERR,ERR,ERR,ERR,ERR,ERR,ERR,ERR,ERR,ERR,ERR,ERR,ERR,ERR,ERR,ERR,ERR,ERR,ERR,ERR,ERR,ERR,ERR,ERR,ERR,ERR,ERR,ERR,ERR,ERR,ERR,ERR,ERR,ERR,ERR,ERR,ERR,ERR,ERR,ERR,ERR,ERR,ERR,ERR,ERR,ERR,ERR,ERR,ERR,ERR,ERR,ERR,ERR,ERR,ERR,ERR,ERR,ERR,ERR,34.0,80.0,35,0.0,0.0,0.0,0.0,0.0,0.0,0.0,0.0,0.0,0.0,0.0,0.0,0.0,0.0,0.0,0.0,66.0,0,120,58,53,65476,0,300,0,0,8,20529,65476,0,0,57672,80.0,0.0,0.0,0.0,0.0,0.0
2026-06-18T02:32:05,ERR,ERR,ERR,ERR,ERR,ERR,ERR,ERR,ERR,ERR,ERR,ERR,ERR,ERR,ERR,ERR,ERR,ERR,ERR,ERR,ERR,ERR,ERR,ERR,ERR,ERR,ERR,ERR,ERR,ERR,ERR,ERR,ERR,ERR,ERR,ERR,ERR,ERR,ERR,ERR,ERR,ERR,ERR,ERR,ERR,ERR,ERR,ERR,ERR,ERR,ERR,ERR,ERR,ERR,ERR,ERR,ERR,ERR,ERR,ERR,ERR,ERR,ERR,ERR,ERR,ERR,ERR,ERR,ERR,ERR,ERR,ERR,ERR,ERR,ERR,ERR,ERR,ERR,ERR,ERR,ERR,ERR,ERR,ERR,ERR,ERR,ERR,ERR,ERR,ERR,ERR,ERR,ERR,ERR,ERR,ERR,ERR,ERR,ERR,ERR,ERR,ERR,ERR,ERR,ERR,ERR,ERR,ERR,ERR,ERR,ERR,ERR,ERR,ERR,ERR,ERR,ERR,ERR,ERR,ERR,ERR,ERR,ERR,ERR,ERR,-0.0,0.0,0.0,-0.0,-0.0,1.3936040501711995e+18,7.805,2.3614597120116273e+25,0,0,4,48932,6720,14723890282496.0,100,0.0,0.0,0.0,2.718290229135658e+23,0.0,0,0,0,0,0.0,0,0,0,0,0,0,0,0,0,0,0,0,0,0,0,0,0,0,0,0,0,0,0,0,0,0,0,0,0,0,0,0,0,26,51,50,76,65476,0,300,0,0,8,21553,0.0,-107605600.0,0.0,0.0,0.0,0.0,0.0,0.0,0.0,0.0,0.0,0.0,0.0,0.0,0.0,0.0,0.0,0.0,0.0,0.0,0.0,0.0,0.0,2.004,-2.004,0.0,0.0,0.0,0.0,0.0,4777.0,0.0,7265.0,2.7184312818759872e+23,0.0,-0.0,-107615392.0,0.0,0.0,0.0,0.0,77,0.0,-71.629,0.0,0.0,0.0,0.0,0.0,0.0,0.0,0,0,0,0.0,0.0,0.0,0.0,0.0,0.0,0.0,0.0,0.0,0.0,0.0,0.0,0.0,0.0,0.0,0.0,0,-107875648.0,77,0.0,154,0.0,0.0,ERR,ERR,ERR,ERR,ERR,ERR,ERR,ERR,ERR,ERR,ERR,ERR,ERR,ERR,ERR,ERR,ERR,ERR,ERR,ERR,ERR,ERR,ERR,ERR,ERR,ERR,ERR,ERR,ERR,ERR,ERR,ERR,ERR,ERR,ERR,ERR,ERR,ERR,ERR,ERR,ERR,ERR,ERR,ERR,ERR,ERR,ERR,ERR,ERR,ERR,ERR,ERR,ERR,ERR,ERR,ERR,ERR,ERR,ERR,ERR,ERR,ERR,ERR,ERR,ERR,ERR,ERR,34.0,80.0,35,0.0,0.0,0.0,0.0,0.0,0.0,0.0,0.0,0.0,0.0,0.0,0.0,0.0,0.0,0.0,0.0,66.0,0,120,58,53,65476,0,300,0,0,8,20529,65476,0,0,57672,80.0,0.0,0.0,0.0,0.0,0.0
2026-06-18T02:32:06,ERR,ERR,ERR,ERR,ERR,ERR,ERR,ERR,ERR,ERR,ERR,ERR,ERR,ERR,ERR,ERR,ERR,ERR,ERR,ERR,ERR,ERR,ERR,ERR,ERR,ERR,ERR,ERR,ERR,ERR,ERR,ERR,ERR,ERR,ERR,ERR,ERR,ERR,ERR,ERR,ERR,ERR,ERR,ERR,ERR,ERR,ERR,ERR,ERR,ERR,ERR,ERR,ERR,ERR,ERR,ERR,ERR,ERR,ERR,ERR,ERR,ERR,ERR,ERR,ERR,ERR,ERR,ERR,ERR,ERR,ERR,ERR,ERR,ERR,ERR,ERR,ERR,ERR,ERR,ERR,ERR,ERR,ERR,ERR,ERR,ERR,ERR,ERR,ERR,ERR,ERR,ERR,ERR,ERR,ERR,ERR,ERR,ERR,ERR,ERR,ERR,ERR,ERR,ERR,ERR,ERR,ERR,ERR,ERR,ERR,ERR,ERR,ERR,ERR,ERR,ERR,ERR,ERR,ERR,ERR,ERR,ERR,ERR,ERR,ERR,-0.0,0.0,0.0,-0.0,-0.0,1.3936040501711995e+18,7.805,2.3614597120116273e+25,0,0,4,48932,6720,14723890282496.0,100,0.0,0.0,0.0,2.718290229135658e+23,0.0,0,0,0,0,0.0,0,0,0,0,0,0,0,0,0,0,0,0,0,0,0,0,0,0,0,0,0,0,0,0,0,0,0,0,0,0,0,0,0,26,51,50,76,65476,0,300,0,0,8,21553,0.0,-107605600.0,0.0,0.0,0.0,0.0,0.0,0.0,0.0,0.0,0.0,0.0,0.0,0.0,0.0,0.0,0.0,0.0,0.0,0.0,0.0,0.0,0.0,2.004,-2.004,0.0,0.0,0.0,0.0,0.0,4777.0,0.0,7265.0,2.7184312818759872e+23,0.0,-0.0,-107615392.0,0.0,0.0,0.0,0.0,77,0.0,-71.629,0.0,0.0,0.0,0.0,0.0,0.0,0.0,0,0,0,0.0,0.0,0.0,0.0,0.0,0.0,0.0,0.0,0.0,0.0,0.0,0.0,0.0,0.0,0.0,0.0,0,-107875648.0,77,0.0,154,0.0,0.0,ERR,ERR,ERR,ERR,ERR,ERR,ERR,ERR,ERR,ERR,ERR,ERR,ERR,ERR,ERR,ERR,ERR,ERR,ERR,ERR,ERR,ERR,ERR,ERR,ERR,ERR,ERR,ERR,ERR,ERR,ERR,ERR,ERR,ERR,ERR,ERR,ERR,ERR,ERR,ERR,ERR,ERR,ERR,ERR,ERR,ERR,ERR,ERR,ERR,ERR,ERR,ERR,ERR,ERR,ERR,ERR,ERR,ERR,ERR,ERR,ERR,ERR,ERR,ERR,ERR,ERR,ERR,34.0,80.0,35,0.0,0.0,0.0,0.0,0.0,0.0,0.0,0.0,0.0,0.0,0.0,0.0,0.0,0.0,0.0,0.0,66.0,0,120,58,53,65476,0,300,0,0,8,20529,65476,0,0,57672,80.0,0.0,0.0,0.0,0.0,0.0
2026-06-18T02:32:07,ERR,ERR,ERR,ERR,ERR,ERR,ERR,ERR,ERR,ERR,ERR,ERR,ERR,ERR,ERR,ERR,ERR,ERR,ERR,ERR,ERR,ERR,ERR,ERR,ERR,ERR,ERR,ERR,ERR,ERR,ERR,ERR,ERR,ERR,ERR,ERR,ERR,ERR,ERR,ERR,ERR,ERR,ERR,ERR,ERR,ERR,ERR,ERR,ERR,ERR,ERR,ERR,ERR,ERR,ERR,ERR,ERR,ERR,ERR,ERR,ERR,ERR,ERR,ERR,ERR,ERR,ERR,ERR,ERR,ERR,ERR,ERR,ERR,ERR,ERR,ERR,ERR,ERR,ERR,ERR,ERR,ERR,ERR,ERR,ERR,ERR,ERR,ERR,ERR,ERR,ERR,ERR,ERR,ERR,ERR,ERR,ERR,ERR,ERR,ERR,ERR,ERR,ERR,ERR,ERR,ERR,ERR,ERR,ERR,ERR,ERR,ERR,ERR,ERR,ERR,ERR,ERR,ERR,ERR,ERR,ERR,ERR,ERR,ERR,ERR,-0.0,0.0,0.0,-0.0,-0.0,1.3936040501711995e+18,7.805,2.3614597120116273e+25,0,0,4,48932,6720,14723890282496.0,100,0.0,0.0,0.0,2.718290229135658e+23,0.0,0,0,0,0,0.0,0,0,0,0,0,0,0,0,0,0,0,0,0,0,0,0,0,0,0,0,0,0,0,0,0,0,0,0,0,0,0,0,0,26,51,50,76,65476,0,300,0,0,8,21553,0.0,-107605600.0,0.0,0.0,0.0,0.0,0.0,0.0,0.0,0.0,0.0,0.0,0.0,0.0,0.0,0.0,0.0,0.0,0.0,0.0,0.0,0.0,0.0,2.004,-2.004,0.0,0.0,0.0,0.0,0.0,4777.0,0.0,7265.0,2.7184312818759872e+23,0.0,-0.0,-107615392.0,0.0,0.0,0.0,0.0,77,0.0,-71.629,0.0,0.0,0.0,0.0,0.0,0.0,0.0,0,0,0,0.0,0.0,0.0,0.0,0.0,0.0,0.0,0.0,0.0,0.0,0.0,0.0,0.0,0.0,0.0,0.0,0,-107875648.0,77,0.0,154,0.0,0.0,ERR,ERR,ERR,ERR,ERR,ERR,ERR,ERR,ERR,ERR,ERR,ERR,ERR,ERR,ERR,ERR,ERR,ERR,ERR,ERR,ERR,ERR,ERR,ERR,ERR,ERR,ERR,ERR,ERR,ERR,ERR,ERR,ERR,ERR,ERR,ERR,ERR,ERR,ERR,ERR,ERR,ERR,ERR,ERR,ERR,ERR,ERR,ERR,ERR,ERR,ERR,ERR,ERR,ERR,ERR,ERR,ERR,ERR,ERR,ERR,ERR,ERR,ERR,ERR,ERR,ERR,ERR,34.0,80.0,35,0.0,0.0,0.0,0.0,0.0,0.0,0.0,0.0,0.0,0.0,0.0,0.0,0.0,0.0,0.0,0.0,66.0,0,120,58,53,65476,0,300,0,0,8,20529,65476,0,0,57672,80.0,0.0,0.0,0.0,0.0,0.0
2026-06-18T02:32:08,ERR,ERR,ERR,ERR,ERR,ERR,ERR,ERR,ERR,ERR,ERR,ERR,ERR,ERR,ERR,ERR,ERR,ERR,ERR,ERR,ERR,ERR,ERR,ERR,ERR,ERR,ERR,ERR,ERR,ERR,ERR,ERR,ERR,ERR,ERR,ERR,ERR,ERR,ERR,ERR,ERR,ERR,ERR,ERR,ERR,ERR,ERR,ERR,ERR,ERR,ERR,ERR,ERR,ERR,ERR,ERR,ERR,ERR,ERR,ERR,ERR,ERR,ERR,ERR,ERR,ERR,ERR,ERR,ERR,ERR,ERR,ERR,ERR,ERR,ERR,ERR,ERR,ERR,ERR,ERR,ERR,ERR,ERR,ERR,ERR,ERR,ERR,ERR,ERR,ERR,ERR,ERR,ERR,ERR,ERR,ERR,ERR,ERR,ERR,ERR,ERR,ERR,ERR,ERR,ERR,ERR,ERR,ERR,ERR,ERR,ERR,ERR,ERR,ERR,ERR,ERR,ERR,ERR,ERR,ERR,ERR,ERR,ERR,ERR,ERR,-0.0,0.0,0.0,-0.0,-0.0,1.3936040501711995e+18,7.805,2.3614597120116273e+25,0,0,4,48932,6720,14723890282496.0,100,0.0,0.0,0.0,2.718290229135658e+23,0.0,0,0,0,0,0.0,0,0,0,0,0,0,0,0,0,0,0,0,0,0,0,0,0,0,0,0,0,0,0,0,0,0,0,0,0,0,0,0,0,26,51,50,76,65476,0,300,0,0,8,21553,0.0,-107605600.0,0.0,0.0,0.0,0.0,0.0,0.0,0.0,0.0,0.0,0.0,0.0,0.0,0.0,0.0,0.0,0.0,0.0,0.0,0.0,0.0,0.0,2.004,-2.004,0.0,0.0,0.0,0.0,0.0,4777.0,0.0,7265.0,2.7184312818759872e+23,0.0,-0.0,-107615392.0,0.0,0.0,0.0,0.0,77,0.0,-71.629,0.0,0.0,0.0,0.0,0.0,0.0,0.0,0,0,0,0.0,0.0,0.0,0.0,0.0,0.0,0.0,0.0,0.0,0.0,0.0,0.0,0.0,0.0,0.0,0.0,0,-107875648.0,77,0.0,154,0.0,0.0,ERR,ERR,ERR,ERR,ERR,ERR,ERR,ERR,ERR,ERR,ERR,ERR,ERR,ERR,ERR,ERR,ERR,ERR,ERR,ERR,ERR,ERR,ERR,ERR,ERR,ERR,ERR,ERR,ERR,ERR,ERR,ERR,ERR,ERR,ERR,ERR,ERR,ERR,ERR,ERR,ERR,ERR,ERR,ERR,ERR,ERR,ERR,ERR,ERR,ERR,ERR,ERR,ERR,ERR,ERR,ERR,ERR,ERR,ERR,ERR,ERR,ERR,ERR,ERR,ERR,ERR,ERR,34.0,80.0,35,0.0,0.0,0.0,0.0,0.0,0.0,0.0,0.0,0.0,0.0,0.0,0.0,0.0,0.0,0.0,0.0,66.0,0,120,58,53,65476,0,300,0,0,8,20529,65476,0,0,57672,80.0,0.0,0.0,0.0,0.0,0.0
2026-06-18T02:32:09,ERR,ERR,ERR,ERR,ERR,ERR,ERR,ERR,ERR,ERR,ERR,ERR,ERR,ERR,ERR,ERR,ERR,ERR,ERR,ERR,ERR,ERR,ERR,ERR,ERR,ERR,ERR,ERR,ERR,ERR,ERR,ERR,ERR,ERR,ERR,ERR,ERR,ERR,ERR,ERR,ERR,ERR,ERR,ERR,ERR,ERR,ERR,ERR,ERR,ERR,ERR,ERR,ERR,ERR,ERR,ERR,ERR,ERR,ERR,ERR,ERR,ERR,ERR,ERR,ERR,ERR,ERR,ERR,ERR,ERR,ERR,ERR,ERR,ERR,ERR,ERR,ERR,ERR,ERR,ERR,ERR,ERR,ERR,ERR,ERR,ERR,ERR,ERR,ERR,ERR,ERR,ERR,ERR,ERR,ERR,ERR,ERR,ERR,ERR,ERR,ERR,ERR,ERR,ERR,ERR,ERR,ERR,ERR,ERR,ERR,ERR,ERR,ERR,ERR,ERR,ERR,ERR,ERR,ERR,ERR,ERR,ERR,ERR,ERR,ERR,-0.0,0.0,0.0,-0.0,-0.0,1.3936040501711995e+18,7.805,5153371.0,0,0,4,48959,6720,14723890282496.0,100,0.0,0.0,0.0,-4.9501291711397626e+32,0.0,0,0,0,0,0.0,0,0,0,0,0,0,0,0,0,0,0,0,0,0,0,0,0,0,0,0,0,0,0,0,0,0,0,0,0,0,0,0,0,26,51,50,76,65476,0,300,0,0,8,21553,0.0,-107605600.0,0.0,0.0,0.0,0.0,0.0,0.0,0.0,0.0,0.0,0.0,0.0,0.0,0.0,0.0,0.0,0.0,0.0,0.0,0.0,0.0,-2.004,2.004,-2.004,0.0,0.0,0.0,0.0,0.0,4774.0,131350.328,7273.0,-0.0,0.0,-107615360.0,-107615392.0,0.0,0.0,0.0,0.0,77,0.0,0.0,0.0,0.0,0.0,0.0,0.0,0.0,0.0,0,0,0,0.0,0.0,0.0,0.0,0.0,0.0,0.0,0.0,0.0,0.0,0.0,0.0,0.0,0.0,0.0,0.0,0,-107875648.0,77,0.0,154,0.0,0.0,ERR,ERR,ERR,ERR,ERR,ERR,ERR,ERR,ERR,ERR,ERR,ERR,ERR,ERR,ERR,ERR,ERR,ERR,ERR,ERR,ERR,ERR,ERR,ERR,ERR,ERR,ERR,ERR,ERR,ERR,ERR,ERR,ERR,ERR,ERR,ERR,ERR,ERR,ERR,ERR,ERR,ERR,ERR,ERR,ERR,ERR,ERR,ERR,ERR,ERR,ERR,ERR,ERR,ERR,ERR,ERR,ERR,ERR,ERR,ERR,ERR,ERR,ERR,ERR,ERR,ERR,ERR,34.0,80.0,35,0.0,0.0,0.0,0.0,0.0,0.0,0.0,0.0,0.0,0.0,0.0,0.0,0.0,0.0,0.0,0.0,66.0,0,120,58,53,65476,0,300,0,0,8,20529,65476,0,0,57672,80.0,0.0,0.0,0.0,0.0,0.0
2026-06-18T02:32:10,ERR,ERR,ERR,ERR,ERR,ERR,ERR,ERR,ERR,ERR,ERR,ERR,ERR,ERR,ERR,ERR,ERR,ERR,ERR,ERR,ERR,ERR,ERR,ERR,ERR,ERR,ERR,ERR,ERR,ERR,ERR,ERR,ERR,ERR,ERR,ERR,ERR,ERR,ERR,ERR,ERR,ERR,ERR,ERR,ERR,ERR,ERR,ERR,ERR,ERR,ERR,ERR,ERR,ERR,ERR,ERR,ERR,ERR,ERR,ERR,ERR,ERR,ERR,ERR,ERR,ERR,ERR,ERR,ERR,ERR,ERR,ERR,ERR,ERR,ERR,ERR,ERR,ERR,ERR,ERR,ERR,ERR,ERR,ERR,ERR,ERR,ERR,ERR,ERR,ERR,ERR,ERR,ERR,ERR,ERR,ERR,ERR,ERR,ERR,ERR,ERR,ERR,ERR,ERR,ERR,ERR,ERR,ERR,ERR,ERR,ERR,ERR,ERR,ERR,ERR,ERR,ERR,ERR,ERR,ERR,ERR,ERR,ERR,ERR,ERR,-0.0,0.0,0.0,-0.0,-0.0,1.3936040501711995e+18,7.805,5153371.0,0,0,4,48959,6720,14723890282496.0,100,0.0,0.0,0.0,-4.9501291711397626e+32,0.0,0,0,0,0,0.0,0,0,0,0,0,0,0,0,0,0,0,0,0,0,0,0,0,0,0,0,0,0,0,0,0,0,0,0,0,0,0,0,0,26,51,50,76,65476,0,300,0,0,8,21553,0.0,-107605600.0,0.0,0.0,0.0,0.0,0.0,0.0,0.0,0.0,0.0,0.0,0.0,0.0,0.0,0.0,0.0,0.0,0.0,0.0,0.0,0.0,-2.004,2.004,-2.004,0.0,0.0,0.0,0.0,0.0,4774.0,131350.328,7273.0,-0.0,0.0,-107615360.0,-107615392.0,0.0,0.0,0.0,0.0,77,0.0,0.0,0.0,0.0,0.0,0.0,0.0,0.0,0.0,0,0,0,0.0,0.0,0.0,0.0,0.0,0.0,0.0,0.0,0.0,0.0,0.0,0.0,0.0,0.0,0.0,0.0,0,-107875648.0,77,0.0,154,0.0,0.0,ERR,ERR,ERR,ERR,ERR,ERR,ERR,ERR,ERR,ERR,ERR,ERR,ERR,ERR,ERR,ERR,ERR,ERR,ERR,ERR,ERR,ERR,ERR,ERR,ERR,ERR,ERR,ERR,ERR,ERR,ERR,ERR,ERR,ERR,ERR,ERR,ERR,ERR,ERR,ERR,ERR,ERR,ERR,ERR,ERR,ERR,ERR,ERR,ERR,ERR,ERR,ERR,ERR,ERR,ERR,ERR,ERR,ERR,ERR,ERR,ERR,ERR,ERR,ERR,ERR,ERR,ERR,34.0,80.0,35,0.0,0.0,0.0,0.0,0.0,0.0,0.0,0.0,0.0,0.0,0.0,0.0,0.0,0.0,0.0,0.0,66.0,0,120,58,53,65476,0,300,0,0,8,20529,65476,0,0,57672,80.0,0.0,0.0,0.0,0.0,0.0
2026-06-18T02:32:11,ERR,ERR,ERR,ERR,ERR,ERR,ERR,ERR,ERR,ERR,ERR,ERR,ERR,ERR,ERR,ERR,ERR,ERR,ERR,ERR,ERR,ERR,ERR,ERR,ERR,ERR,ERR,ERR,ERR,ERR,ERR,ERR,ERR,ERR,ERR,ERR,ERR,ERR,ERR,ERR,ERR,ERR,ERR,ERR,ERR,ERR,ERR,ERR,ERR,ERR,ERR,ERR,ERR,ERR,ERR,ERR,ERR,ERR,ERR,ERR,ERR,ERR,ERR,ERR,ERR,ERR,ERR,ERR,ERR,ERR,ERR,ERR,ERR,ERR,ERR,ERR,ERR,ERR,ERR,ERR,ERR,ERR,ERR,ERR,ERR,ERR,ERR,ERR,ERR,ERR,ERR,ERR,ERR,ERR,ERR,ERR,ERR,ERR,ERR,ERR,ERR,ERR,ERR,ERR,ERR,ERR,ERR,ERR,ERR,ERR,ERR,ERR,ERR,ERR,ERR,ERR,ERR,ERR,ERR,ERR,ERR,ERR,ERR,ERR,ERR,-0.0,0.0,0.0,-0.0,-0.0,1.3936040501711995e+18,7.805,5153371.0,0,0,4,48959,6720,14723890282496.0,100,0.0,0.0,0.0,-4.9501291711397626e+32,0.0,0,0,0,0,0.0,0,0,0,0,0,0,0,0,0,0,0,0,0,0,0,0,0,0,0,0,0,0,0,0,0,0,0,0,0,0,0,0,0,26,51,50,76,65476,0,300,0,0,8,21553,0.0,-107605600.0,0.0,0.0,0.0,0.0,0.0,0.0,0.0,0.0,0.0,0.0,0.0,0.0,0.0,0.0,0.0,0.0,0.0,0.0,0.0,0.0,-2.004,2.004,-2.004,0.0,0.0,0.0,0.0,0.0,4774.0,131350.328,7273.0,-0.0,0.0,-107615360.0,-107615392.0,0.0,0.0,0.0,0.0,77,0.0,0.0,0.0,0.0,0.0,0.0,0.0,0.0,0.0,0,0,0,0.0,0.0,0.0,0.0,0.0,0.0,0.0,0.0,0.0,0.0,0.0,0.0,0.0,0.0,0.0,0.0,0,-107875648.0,77,0.0,154,0.0,0.0,ERR,ERR,ERR,ERR,ERR,ERR,ERR,ERR,ERR,ERR,ERR,ERR,ERR,ERR,ERR,ERR,ERR,ERR,ERR,ERR,ERR,ERR,ERR,ERR,ERR,ERR,ERR,ERR,ERR,ERR,ERR,ERR,ERR,ERR,ERR,ERR,ERR,ERR,ERR,ERR,ERR,ERR,ERR,ERR,ERR,ERR,ERR,ERR,ERR,ERR,ERR,ERR,ERR,ERR,ERR,ERR,ERR,ERR,ERR,ERR,ERR,ERR,ERR,ERR,ERR,ERR,ERR,34.0,80.0,35,0.0,0.0,0.0,0.0,0.0,0.0,0.0,0.0,0.0,0.0,0.0,0.0,0.0,0.0,0.0,0.0,66.0,0,120,58,53,65476,0,300,0,0,8,20529,65476,0,0,57672,80.0,0.0,0.0,0.0,0.0,0.0
2026-06-18T02:32:12,ERR,ERR,ERR,ERR,ERR,ERR,ERR,ERR,ERR,ERR,ERR,ERR,ERR,ERR,ERR,ERR,ERR,ERR,ERR,ERR,ERR,ERR,ERR,ERR,ERR,ERR,ERR,ERR,ERR,ERR,ERR,ERR,ERR,ERR,ERR,ERR,ERR,ERR,ERR,ERR,ERR,ERR,ERR,ERR,ERR,ERR,ERR,ERR,ERR,ERR,ERR,ERR,ERR,ERR,ERR,ERR,ERR,ERR,ERR,ERR,ERR,ERR,ERR,ERR,ERR,ERR,ERR,ERR,ERR,ERR,ERR,ERR,ERR,ERR,ERR,ERR,ERR,ERR,ERR,ERR,ERR,ERR,ERR,ERR,ERR,ERR,ERR,ERR,ERR,ERR,ERR,ERR,ERR,ERR,ERR,ERR,ERR,ERR,ERR,ERR,ERR,ERR,ERR,ERR,ERR,ERR,ERR,ERR,ERR,ERR,ERR,ERR,ERR,ERR,ERR,ERR,ERR,ERR,ERR,ERR,ERR,ERR,ERR,ERR,ERR,-0.0,0.0,0.0,-0.0,-0.0,1.3936040501711995e+18,7.805,5153371.0,0,0,4,48959,6720,14723890282496.0,100,0.0,0.0,0.0,-4.9501291711397626e+32,0.0,0,0,0,0,0.0,0,0,0,0,0,0,0,0,0,0,0,0,0,0,0,0,0,0,0,0,0,0,0,0,0,0,0,0,0,0,0,0,0,26,51,50,76,65476,0,300,0,0,8,21553,0.0,-107605600.0,0.0,0.0,0.0,0.0,0.0,0.0,0.0,0.0,0.0,0.0,0.0,0.0,0.0,0.0,0.0,0.0,0.0,0.0,0.0,0.0,-2.004,2.004,-2.004,0.0,0.0,0.0,0.0,0.0,4774.0,131350.328,7273.0,-0.0,0.0,-107615360.0,-107615392.0,0.0,0.0,0.0,0.0,77,0.0,0.0,0.0,0.0,0.0,0.0,0.0,0.0,0.0,0,0,0,0.0,0.0,0.0,0.0,0.0,0.0,0.0,0.0,0.0,0.0,0.0,0.0,0.0,0.0,0.0,0.0,0,-107875648.0,77,0.0,154,0.0,0.0,ERR,ERR,ERR,ERR,ERR,ERR,ERR,ERR,ERR,ERR,ERR,ERR,ERR,ERR,ERR,ERR,ERR,ERR,ERR,ERR,ERR,ERR,ERR,ERR,ERR,ERR,ERR,ERR,ERR,ERR,ERR,ERR,ERR,ERR,ERR,ERR,ERR,ERR,ERR,ERR,ERR,ERR,ERR,ERR,ERR,ERR,ERR,ERR,ERR,ERR,ERR,ERR,ERR,ERR,ERR,ERR,ERR,ERR,ERR,ERR,ERR,ERR,ERR,ERR,ERR,ERR,ERR,34.0,80.0,35,0.0,0.0,0.0,0.0,0.0,0.0,0.0,0.0,0.0,0.0,0.0,0.0,0.0,0.0,0.0,0.0,66.0,0,120,58,53,65476,0,300,0,0,8,20529,65476,0,0,57672,80.0,0.0,0.0,0.0,0.0,0.0
2026-06-18T02:32:13,ERR,ERR,ERR,ERR,ERR,ERR,ERR,ERR,ERR,ERR,ERR,ERR,ERR,ERR,ERR,ERR,ERR,ERR,ERR,ERR,ERR,ERR,ERR,ERR,ERR,ERR,ERR,ERR,ERR,ERR,ERR,ERR,ERR,ERR,ERR,ERR,ERR,ERR,ERR,ERR,ERR,ERR,ERR,ERR,ERR,ERR,ERR,ERR,ERR,ERR,ERR,ERR,ERR,ERR,ERR,ERR,ERR,ERR,ERR,ERR,ERR,ERR,ERR,ERR,ERR,ERR,ERR,ERR,ERR,ERR,ERR,ERR,ERR,ERR,ERR,ERR,ERR,ERR,ERR,ERR,ERR,ERR,ERR,ERR,ERR,ERR,ERR,ERR,ERR,ERR,ERR,ERR,ERR,ERR,ERR,ERR,ERR,ERR,ERR,ERR,ERR,ERR,ERR,ERR,ERR,ERR,ERR,ERR,ERR,ERR,ERR,ERR,ERR,ERR,ERR,ERR,ERR,ERR,ERR,ERR,ERR,ERR,ERR,ERR,ERR,-0.0,0.0,0.0,-0.0,-0.0,1.3936040501711995e+18,7.805,5153371.0,0,0,4,48959,6720,14723890282496.0,100,0.0,0.0,0.0,-4.9501291711397626e+32,0.0,0,0,0,0,0.0,0,0,0,0,0,0,0,0,0,0,0,0,0,0,0,0,0,0,0,0,0,0,0,0,0,0,0,0,0,0,0,0,0,26,51,50,76,65476,0,300,0,0,8,21553,0.0,-107605600.0,0.0,0.0,0.0,0.0,0.0,0.0,0.0,0.0,0.0,0.0,0.0,0.0,0.0,0.0,0.0,0.0,0.0,0.0,0.0,0.0,-2.004,2.004,-2.004,0.0,0.0,0.0,0.0,0.0,4774.0,131350.328,7273.0,-0.0,0.0,-107615360.0,-107615392.0,0.0,0.0,0.0,0.0,77,0.0,0.0,0.0,0.0,0.0,0.0,0.0,0.0,0.0,0,0,0,0.0,0.0,0.0,0.0,0.0,0.0,0.0,0.0,0.0,0.0,0.0,0.0,0.0,0.0,0.0,0.0,0,-107875648.0,77,0.0,154,0.0,0.0,ERR,ERR,ERR,ERR,ERR,ERR,ERR,ERR,ERR,ERR,ERR,ERR,ERR,ERR,ERR,ERR,ERR,ERR,ERR,ERR,ERR,ERR,ERR,ERR,ERR,ERR,ERR,ERR,ERR,ERR,ERR,ERR,ERR,ERR,ERR,ERR,ERR,ERR,ERR,ERR,ERR,ERR,ERR,ERR,ERR,ERR,ERR,ERR,ERR,ERR,ERR,ERR,ERR,ERR,ERR,ERR,ERR,ERR,ERR,ERR,ERR,ERR,ERR,ERR,ERR,ERR,ERR,34.0,80.0,35,0.0,0.0,0.0,0.0,0.0,0.0,0.0,0.0,0.0,0.0,0.0,0.0,0.0,0.0,0.0,0.0,66.0,0,120,58,53,65476,0,300,0,0,8,20529,65476,0,0,57672,80.0,0.0,0.0,0.0,0.0,0.0
2026-06-18T02:32:14,ERR,ERR,ERR,ERR,ERR,ERR,ERR,ERR,ERR,ERR,ERR,ERR,ERR,ERR,ERR,ERR,ERR,ERR,ERR,ERR,ERR,ERR,ERR,ERR,ERR,ERR,ERR,ERR,ERR,ERR,ERR,ERR,ERR,ERR,ERR,ERR,ERR,ERR,ERR,ERR,ERR,ERR,ERR,ERR,ERR,ERR,ERR,ERR,ERR,ERR,ERR,ERR,ERR,ERR,ERR,ERR,ERR,ERR,ERR,ERR,ERR,ERR,ERR,ERR,ERR,ERR,ERR,ERR,ERR,ERR,ERR,ERR,ERR,ERR,ERR,ERR,ERR,ERR,ERR,ERR,ERR,ERR,ERR,ERR,ERR,ERR,ERR,ERR,ERR,ERR,ERR,ERR,ERR,ERR,ERR,ERR,ERR,ERR,ERR,ERR,ERR,ERR,ERR,ERR,ERR,ERR,ERR,ERR,ERR,ERR,ERR,ERR,ERR,ERR,ERR,ERR,ERR,ERR,ERR,ERR,ERR,ERR,ERR,ERR,ERR,-0.0,0.0,0.0,-0.0,-0.0,1.3936040501711995e+18,7.805,5153371.0,0,0,4,48959,6720,14723890282496.0,100,0.0,0.0,0.0,-4.9501291711397626e+32,0.0,0,0,0,0,0.0,0,0,0,0,0,0,0,0,0,0,0,0,0,0,0,0,0,0,0,0,0,0,0,0,0,0,0,0,0,0,0,0,0,26,51,50,76,65476,0,300,0,0,8,21553,0.0,-107605600.0,0.0,0.0,0.0,0.0,0.0,0.0,0.0,0.0,0.0,0.0,0.0,0.0,0.0,0.0,0.0,0.0,0.0,0.0,0.0,0.0,-2.004,2.004,-2.004,0.0,0.0,0.0,0.0,0.0,4774.0,131350.328,7273.0,-0.0,0.0,-107615360.0,-107615392.0,0.0,0.0,0.0,0.0,77,0.0,0.0,0.0,0.0,0.0,0.0,0.0,0.0,0.0,0,0,0,0.0,0.0,0.0,0.0,0.0,0.0,0.0,0.0,0.0,0.0,0.0,0.0,0.0,0.0,0.0,0.0,0,-107875648.0,77,0.0,154,0.0,0.0,ERR,ERR,ERR,ERR,ERR,ERR,ERR,ERR,ERR,ERR,ERR,ERR,ERR,ERR,ERR,ERR,ERR,ERR,ERR,ERR,ERR,ERR,ERR,ERR,ERR,ERR,ERR,ERR,ERR,ERR,ERR,ERR,ERR,ERR,ERR,ERR,ERR,ERR,ERR,ERR,ERR,ERR,ERR,ERR,ERR,ERR,ERR,ERR,ERR,ERR,ERR,ERR,ERR,ERR,ERR,ERR,ERR,ERR,ERR,ERR,ERR,ERR,ERR,ERR,ERR,ERR,ERR,34.0,80.0,35,0.0,0.0,0.0,0.0,0.0,0.0,0.0,0.0,0.0,0.0,0.0,0.0,0.0,0.0,0.0,0.0,66.0,0,120,58,53,65476,0,300,0,0,8,20529,65476,0,0,57672,80.0,0.0,0.0,0.0,0.0,0.0
2026-06-18T02:32:15,ERR,ERR,ERR,ERR,ERR,ERR,ERR,ERR,ERR,ERR,ERR,ERR,ERR,ERR,ERR,ERR,ERR,ERR,ERR,ERR,ERR,ERR,ERR,ERR,ERR,ERR,ERR,ERR,ERR,ERR,ERR,ERR,ERR,ERR,ERR,ERR,ERR,ERR,ERR,ERR,ERR,ERR,ERR,ERR,ERR,ERR,ERR,ERR,ERR,ERR,ERR,ERR,ERR,ERR,ERR,ERR,ERR,ERR,ERR,ERR,ERR,ERR,ERR,ERR,ERR,ERR,ERR,ERR,ERR,ERR,ERR,ERR,ERR,ERR,ERR,ERR,ERR,ERR,ERR,ERR,ERR,ERR,ERR,ERR,ERR,ERR,ERR,ERR,ERR,ERR,ERR,ERR,ERR,ERR,ERR,ERR,ERR,ERR,ERR,ERR,ERR,ERR,ERR,ERR,ERR,ERR,ERR,ERR,ERR,ERR,ERR,ERR,ERR,ERR,ERR,ERR,ERR,ERR,ERR,ERR,ERR,ERR,ERR,ERR,ERR,2.7184312818759872e+23,0.0,-0.0,0.059,nan,1.3936040501711995e+18,7.805,1.2122276757504e+16,0,0,4,48924,6720,14723890282496.0,100,0.0,0.0,0.0,0.059,0.0,0,0,0,0,0.0,0,0,0,0,0,0,0,0,0,0,0,0,0,0,0,0,0,0,0,0,0,0,0,0,0,0,0,0,0,0,0,0,0,26,51,50,76,65476,0,300,0,0,8,21553,0.0,-107605600.0,0.0,0.0,0.0,0.0,0.0,0.0,0.0,0.0,0.0,0.0,0.0,0.0,0.0,0.0,0.0,0.0,0.0,0.0,0.0,0.0,-2.004,2.004,-2.004,0.0,0.0,0.0,0.0,0.0,4779.0,-0.0,7280.0,2.7184312818759872e+23,0.0,-107615360.0,-107615392.0,0.0,0.0,0.0,0.0,77,0.0,89220.492,0.0,0.0,0.0,0.0,0.0,0.0,0.0,0,0,0,0.0,0.0,0.0,0.0,0.0,0.0,0.0,0.0,0.0,0.0,0.0,0.0,0.0,0.0,0.0,0.0,0,-107875648.0,77,0.0,154,0.0,0.0,ERR,ERR,ERR,ERR,ERR,ERR,ERR,ERR,ERR,ERR,ERR,ERR,ERR,ERR,ERR,ERR,ERR,ERR,ERR,ERR,ERR,ERR,ERR,ERR,ERR,ERR,ERR,ERR,ERR,ERR,ERR,ERR,ERR,ERR,ERR,ERR,ERR,ERR,ERR,ERR,ERR,ERR,ERR,ERR,ERR,ERR,ERR,ERR,ERR,ERR,ERR,ERR,ERR,ERR,ERR,ERR,ERR,ERR,ERR,ERR,ERR,ERR,ERR,ERR,ERR,ERR,ERR,34.0,80.0,35,0.0,0.0,0.0,0.0,0.0,0.0,0.0,0.0,0.0,0.0,0.0,0.0,0.0,0.0,0.0,0.0,66.0,0,120,58,53,65476,0,300,0,0,8,20529,65476,0,0,57672,80.0,0.0,0.0,0.0,0.0,0.0
2026-06-18T02:32:16,ERR,ERR,ERR,ERR,ERR,ERR,ERR,ERR,ERR,ERR,ERR,ERR,ERR,ERR,ERR,ERR,ERR,ERR,ERR,ERR,ERR,ERR,ERR,ERR,ERR,ERR,ERR,ERR,ERR,ERR,ERR,ERR,ERR,ERR,ERR,ERR,ERR,ERR,ERR,ERR,ERR,ERR,ERR,ERR,ERR,ERR,ERR,ERR,ERR,ERR,ERR,ERR,ERR,ERR,ERR,ERR,ERR,ERR,ERR,ERR,ERR,ERR,ERR,ERR,ERR,ERR,ERR,ERR,ERR,ERR,ERR,ERR,ERR,ERR,ERR,ERR,ERR,ERR,ERR,ERR,ERR,ERR,ERR,ERR,ERR,ERR,ERR,ERR,ERR,ERR,ERR,ERR,ERR,ERR,ERR,ERR,ERR,ERR,ERR,ERR,ERR,ERR,ERR,ERR,ERR,ERR,ERR,ERR,ERR,ERR,ERR,ERR,ERR,ERR,ERR,ERR,ERR,ERR,ERR,ERR,ERR,ERR,ERR,ERR,ERR,2.7184312818759872e+23,0.0,-0.0,0.059,nan,1.3936040501711995e+18,7.805,1.2122276757504e+16,0,0,4,48924,6720,14723890282496.0,100,0.0,0.0,0.0,0.059,0.0,0,0,0,0,0.0,0,0,0,0,0,0,0,0,0,0,0,0,0,0,0,0,0,0,0,0,0,0,0,0,0,0,0,0,0,0,0,0,0,26,51,50,76,65476,0,300,0,0,8,21553,0.0,-107605600.0,0.0,0.0,0.0,0.0,0.0,0.0,0.0,0.0,0.0,0.0,0.0,0.0,0.0,0.0,0.0,0.0,0.0,0.0,0.0,0.0,-2.004,2.004,-2.004,0.0,0.0,0.0,0.0,0.0,4779.0,-0.0,7280.0,2.7184312818759872e+23,0.0,-107615360.0,-107615392.0,0.0,0.0,0.0,0.0,77,0.0,89220.492,0.0,0.0,0.0,0.0,0.0,0.0,0.0,0,0,0,0.0,0.0,0.0,0.0,0.0,0.0,0.0,0.0,0.0,0.0,0.0,0.0,0.0,0.0,0.0,0.0,0,-107875648.0,77,0.0,154,0.0,0.0,ERR,ERR,ERR,ERR,ERR,ERR,ERR,ERR,ERR,ERR,ERR,ERR,ERR,ERR,ERR,ERR,ERR,ERR,ERR,ERR,ERR,ERR,ERR,ERR,ERR,ERR,ERR,ERR,ERR,ERR,ERR,ERR,ERR,ERR,ERR,ERR,ERR,ERR,ERR,ERR,ERR,ERR,ERR,ERR,ERR,ERR,ERR,ERR,ERR,ERR,ERR,ERR,ERR,ERR,ERR,ERR,ERR,ERR,ERR,ERR,ERR,ERR,ERR,ERR,ERR,ERR,ERR,34.0,80.0,35,0.0,0.0,0.0,0.0,0.0,0.0,0.0,0.0,0.0,0.0,0.0,0.0,0.0,0.0,0.0,0.0,66.0,0,120,58,53,65476,0,300,0,0,8,20529,65476,0,0,57672,80.0,0.0,0.0,0.0,0.0,0.0
2026-06-18T02:32:17,ERR,ERR,ERR,ERR,ERR,ERR,ERR,ERR,ERR,ERR,ERR,ERR,ERR,ERR,ERR,ERR,ERR,ERR,ERR,ERR,ERR,ERR,ERR,ERR,ERR,ERR,ERR,ERR,ERR,ERR,ERR,ERR,ERR,ERR,ERR,ERR,ERR,ERR,ERR,ERR,ERR,ERR,ERR,ERR,ERR,ERR,ERR,ERR,ERR,ERR,ERR,ERR,ERR,ERR,ERR,ERR,ERR,ERR,ERR,ERR,ERR,ERR,ERR,ERR,ERR,ERR,ERR,ERR,ERR,ERR,ERR,ERR,ERR,ERR,ERR,ERR,ERR,ERR,ERR,ERR,ERR,ERR,ERR,ERR,ERR,ERR,ERR,ERR,ERR,ERR,ERR,ERR,ERR,ERR,ERR,ERR,ERR,ERR,ERR,ERR,ERR,ERR,ERR,ERR,ERR,ERR,ERR,ERR,ERR,ERR,ERR,ERR,ERR,ERR,ERR,ERR,ERR,ERR,ERR,ERR,ERR,ERR,ERR,ERR,ERR,2.7184312818759872e+23,0.0,-0.0,0.059,nan,1.3936040501711995e+18,7.805,1.2122276757504e+16,0,0,4,48924,6720,14723890282496.0,100,0.0,0.0,0.0,0.059,0.0,0,0,0,0,0.0,0,0,0,0,0,0,0,0,0,0,0,0,0,0,0,0,0,0,0,0,0,0,0,0,0,0,0,0,0,0,0,0,0,26,51,50,76,65476,0,300,0,0,8,21553,0.0,-107605600.0,0.0,0.0,0.0,0.0,0.0,0.0,0.0,0.0,0.0,0.0,0.0,0.0,0.0,0.0,0.0,0.0,0.0,0.0,0.0,0.0,-2.004,2.004,-2.004,0.0,0.0,0.0,0.0,0.0,4779.0,-0.0,7280.0,2.7184312818759872e+23,0.0,-107615360.0,-107615392.0,0.0,0.0,0.0,0.0,77,0.0,89220.492,0.0,0.0,0.0,0.0,0.0,0.0,0.0,0,0,0,0.0,0.0,0.0,0.0,0.0,0.0,0.0,0.0,0.0,0.0,0.0,0.0,0.0,0.0,0.0,0.0,0,-107875648.0,77,0.0,154,0.0,0.0,ERR,ERR,ERR,ERR,ERR,ERR,ERR,ERR,ERR,ERR,ERR,ERR,ERR,ERR,ERR,ERR,ERR,ERR,ERR,ERR,ERR,ERR,ERR,ERR,ERR,ERR,ERR,ERR,ERR,ERR,ERR,ERR,ERR,ERR,ERR,ERR,ERR,ERR,ERR,ERR,ERR,ERR,ERR,ERR,ERR,ERR,ERR,ERR,ERR,ERR,ERR,ERR,ERR,ERR,ERR,ERR,ERR,ERR,ERR,ERR,ERR,ERR,ERR,ERR,ERR,ERR,ERR,34.0,80.0,35,0.0,0.0,0.0,0.0,0.0,0.0,0.0,0.0,0.0,0.0,0.0,0.0,0.0,0.0,0.0,0.0,66.4,0,120,58,53,65476,0,300,0,0,8,20529,65476,0,0,57672,80.0,0.0,0.0,0.0,0.0,0.0
2026-06-18T02:32:18,ERR,ERR,ERR,ERR,ERR,ERR,ERR,ERR,ERR,ERR,ERR,ERR,ERR,ERR,ERR,ERR,ERR,ERR,ERR,ERR,ERR,ERR,ERR,ERR,ERR,ERR,ERR,ERR,ERR,ERR,ERR,ERR,ERR,ERR,ERR,ERR,ERR,ERR,ERR,ERR,ERR,ERR,ERR,ERR,ERR,ERR,ERR,ERR,ERR,ERR,ERR,ERR,ERR,ERR,ERR,ERR,ERR,ERR,ERR,ERR,ERR,ERR,ERR,ERR,ERR,ERR,ERR,ERR,ERR,ERR,ERR,ERR,ERR,ERR,ERR,ERR,ERR,ERR,ERR,ERR,ERR,ERR,ERR,ERR,ERR,ERR,ERR,ERR,ERR,ERR,ERR,ERR,ERR,ERR,ERR,ERR,ERR,ERR,ERR,ERR,ERR,ERR,ERR,ERR,ERR,ERR,ERR,ERR,ERR,ERR,ERR,ERR,ERR,ERR,ERR,ERR,ERR,ERR,ERR,ERR,ERR,ERR,ERR,ERR,ERR,2.7184312818759872e+23,0.0,-0.0,0.059,nan,1.3936040501711995e+18,7.805,1.2122276757504e+16,0,0,4,48924,6720,14723890282496.0,100,0.0,0.0,0.0,0.059,0.0,0,0,0,0,0.0,0,0,0,0,0,0,0,0,0,0,0,0,0,0,0,0,0,0,0,0,0,0,0,0,0,0,0,0,0,0,0,0,0,26,51,50,76,65476,0,300,0,0,8,21553,0.0,-107605600.0,0.0,0.0,0.0,0.0,0.0,0.0,0.0,0.0,0.0,0.0,0.0,0.0,0.0,0.0,0.0,0.0,0.0,0.0,0.0,0.0,-2.004,2.004,-2.004,0.0,0.0,0.0,0.0,0.0,4779.0,-0.0,7280.0,2.7184312818759872e+23,0.0,-107615360.0,-107615392.0,0.0,0.0,0.0,0.0,77,0.0,89220.492,0.0,0.0,0.0,0.0,0.0,0.0,0.0,0,0,0,0.0,0.0,0.0,0.0,0.0,0.0,0.0,0.0,0.0,0.0,0.0,0.0,0.0,0.0,0.0,0.0,0,-107875648.0,77,0.0,154,0.0,0.0,ERR,ERR,ERR,ERR,ERR,ERR,ERR,ERR,ERR,ERR,ERR,ERR,ERR,ERR,ERR,ERR,ERR,ERR,ERR,ERR,ERR,ERR,ERR,ERR,ERR,ERR,ERR,ERR,ERR,ERR,ERR,ERR,ERR,ERR,ERR,ERR,ERR,ERR,ERR,ERR,ERR,ERR,ERR,ERR,ERR,ERR,ERR,ERR,ERR,ERR,ERR,ERR,ERR,ERR,ERR,ERR,ERR,ERR,ERR,ERR,ERR,ERR,ERR,ERR,ERR,ERR,ERR,34.0,80.0,35,0.0,0.0,0.0,0.0,0.0,0.0,0.0,0.0,0.0,0.0,0.0,0.0,0.0,0.0,0.0,0.0,66.4,0,120,58,53,65476,0,300,0,0,8,20529,65476,0,0,57672,80.0,0.0,0.0,0.0,0.0,0.0
2026-06-18T02:32:19,ERR,ERR,ERR,ERR,ERR,ERR,ERR,ERR,ERR,ERR,ERR,ERR,ERR,ERR,ERR,ERR,ERR,ERR,ERR,ERR,ERR,ERR,ERR,ERR,ERR,ERR,ERR,ERR,ERR,ERR,ERR,ERR,ERR,ERR,ERR,ERR,ERR,ERR,ERR,ERR,ERR,ERR,ERR,ERR,ERR,ERR,ERR,ERR,ERR,ERR,ERR,ERR,ERR,ERR,ERR,ERR,ERR,ERR,ERR,ERR,ERR,ERR,ERR,ERR,ERR,ERR,ERR,ERR,ERR,ERR,ERR,ERR,ERR,ERR,ERR,ERR,ERR,ERR,ERR,ERR,ERR,ERR,ERR,ERR,ERR,ERR,ERR,ERR,ERR,ERR,ERR,ERR,ERR,ERR,ERR,ERR,ERR,ERR,ERR,ERR,ERR,ERR,ERR,ERR,ERR,ERR,ERR,ERR,ERR,ERR,ERR,ERR,ERR,ERR,ERR,ERR,ERR,ERR,ERR,ERR,ERR,ERR,ERR,ERR,ERR,2.7184312818759872e+23,0.0,-0.0,0.059,nan,1.3936040501711995e+18,7.805,1.2122276757504e+16,0,0,4,48924,6720,14723890282496.0,100,0.0,0.0,0.0,0.059,0.0,0,0,0,0,0.0,0,0,0,0,0,0,0,0,0,0,0,0,0,0,0,0,0,0,0,0,0,0,0,0,0,0,0,0,0,0,0,0,0,26,51,50,76,65476,0,300,0,0,8,21553,0.0,-107605600.0,0.0,0.0,0.0,0.0,0.0,0.0,0.0,0.0,0.0,0.0,0.0,0.0,0.0,0.0,0.0,0.0,0.0,0.0,0.0,0.0,-2.004,2.004,-2.004,0.0,0.0,0.0,0.0,0.0,4779.0,-0.0,7280.0,2.7184312818759872e+23,0.0,-107615360.0,-107615392.0,0.0,0.0,0.0,0.0,77,0.0,89220.492,0.0,0.0,0.0,0.0,0.0,0.0,0.0,0,0,0,0.0,0.0,0.0,0.0,0.0,0.0,0.0,0.0,0.0,0.0,0.0,0.0,0.0,0.0,0.0,0.0,0,-107875648.0,77,0.0,154,0.0,0.0,ERR,ERR,ERR,ERR,ERR,ERR,ERR,ERR,ERR,ERR,ERR,ERR,ERR,ERR,ERR,ERR,ERR,ERR,ERR,ERR,ERR,ERR,ERR,ERR,ERR,ERR,ERR,ERR,ERR,ERR,ERR,ERR,ERR,ERR,ERR,ERR,ERR,ERR,ERR,ERR,ERR,ERR,ERR,ERR,ERR,ERR,ERR,ERR,ERR,ERR,ERR,ERR,ERR,ERR,ERR,ERR,ERR,ERR,ERR,ERR,ERR,ERR,ERR,ERR,ERR,ERR,ERR,34.0,80.0,35,0.0,0.0,0.0,0.0,0.0,0.0,0.0,0.0,0.0,0.0,0.0,0.0,0.0,0.0,0.0,0.0,66.0,0,120,58,53,65476,0,300,0,0,8,20529,65476,0,0,57672,80.0,0.0,0.0,0.0,0.0,0.0
2026-06-18T02:32:20,ERR,ERR,ERR,ERR,ERR,ERR,ERR,ERR,ERR,ERR,ERR,ERR,ERR,ERR,ERR,ERR,ERR,ERR,ERR,ERR,ERR,ERR,ERR,ERR,ERR,ERR,ERR,ERR,ERR,ERR,ERR,ERR,ERR,ERR,ERR,ERR,ERR,ERR,ERR,ERR,ERR,ERR,ERR,ERR,ERR,ERR,ERR,ERR,ERR,ERR,ERR,ERR,ERR,ERR,ERR,ERR,ERR,ERR,ERR,ERR,ERR,ERR,ERR,ERR,ERR,ERR,ERR,ERR,ERR,ERR,ERR,ERR,ERR,ERR,ERR,ERR,ERR,ERR,ERR,ERR,ERR,ERR,ERR,ERR,ERR,ERR,ERR,ERR,ERR,ERR,ERR,ERR,ERR,ERR,ERR,ERR,ERR,ERR,ERR,ERR,ERR,ERR,ERR,ERR,ERR,ERR,ERR,ERR,ERR,ERR,ERR,ERR,ERR,ERR,ERR,ERR,ERR,ERR,ERR,ERR,ERR,ERR,ERR,ERR,ERR,2.7184312818759872e+23,0.0,-0.0,-0.0,nan,1.3936040501711995e+18,7.805,1.182,0,0,4,48933,6720,14723890282496.0,100,0.0,0.0,0.0,0.059,0.0,0,0,0,0,0.0,0,0,0,0,0,0,0,0,0,0,0,0,0,0,0,0,0,0,0,0,0,0,0,0,0,0,0,0,0,0,0,0,0,26,51,50,76,65476,0,300,0,0,8,21553,0.0,-107605600.0,0.0,0.0,0.0,0.0,0.0,0.0,0.0,0.0,0.0,0.0,0.0,0.0,0.0,0.0,0.0,0.0,0.0,0.0,0.0,0.0,-2.004,2.004,-2.004,0.0,0.0,0.0,0.0,0.0,4771.0,2.422985886919649e+24,7277.0,-0.0,0.0,-0.0,-107615392.0,0.0,0.0,0.0,0.0,77,0.0,89220.492,0.0,0.0,0.0,0.0,0.0,0.0,0.0,0,0,0,0.0,0.0,0.0,0.0,0.0,0.0,0.0,0.0,0.0,0.0,0.0,0.0,0.0,0.0,0.0,0.0,0,-107875648.0,77,0.0,154,0.0,0.0,ERR,ERR,ERR,ERR,ERR,ERR,ERR,ERR,ERR,ERR,ERR,ERR,ERR,ERR,ERR,ERR,ERR,ERR,ERR,ERR,ERR,ERR,ERR,ERR,ERR,ERR,ERR,ERR,ERR,ERR,ERR,ERR,ERR,ERR,ERR,ERR,ERR,ERR,ERR,ERR,ERR,ERR,ERR,ERR,ERR,ERR,ERR,ERR,ERR,ERR,ERR,ERR,ERR,ERR,ERR,ERR,ERR,ERR,ERR,ERR,ERR,ERR,ERR,ERR,ERR,ERR,ERR,34.0,80.0,35,0.0,0.0,0.0,0.0,0.0,0.0,0.0,0.0,0.0,0.0,0.0,0.0,0.0,0.0,0.0,0.0,66.0,0,120,58,53,65476,0,300,0,0,8,20529,65476,0,0,57672,80.0,0.0,0.0,0.0,0.0,0.0
2026-06-18T02:32:21,ERR,ERR,ERR,ERR,ERR,ERR,ERR,ERR,ERR,ERR,ERR,ERR,ERR,ERR,ERR,ERR,ERR,ERR,ERR,ERR,ERR,ERR,ERR,ERR,ERR,ERR,ERR,ERR,ERR,ERR,ERR,ERR,ERR,ERR,ERR,ERR,ERR,ERR,ERR,ERR,ERR,ERR,ERR,ERR,ERR,ERR,ERR,ERR,ERR,ERR,ERR,ERR,ERR,ERR,ERR,ERR,ERR,ERR,ERR,ERR,ERR,ERR,ERR,ERR,ERR,ERR,ERR,ERR,ERR,ERR,ERR,ERR,ERR,ERR,ERR,ERR,ERR,ERR,ERR,ERR,ERR,ERR,ERR,ERR,ERR,ERR,ERR,ERR,ERR,ERR,ERR,ERR,ERR,ERR,ERR,ERR,ERR,ERR,ERR,ERR,ERR,ERR,ERR,ERR,ERR,ERR,ERR,ERR,ERR,ERR,ERR,ERR,ERR,ERR,ERR,ERR,ERR,ERR,ERR,ERR,ERR,ERR,ERR,ERR,ERR,2.7184312818759872e+23,0.0,-0.0,-0.0,nan,1.3936040501711995e+18,7.805,1.182,0,0,4,48933,6720,14723890282496.0,100,0.0,0.0,0.0,0.059,0.0,0,0,0,0,0.0,0,0,0,0,0,0,0,0,0,0,0,0,0,0,0,0,0,0,0,0,0,0,0,0,0,0,0,0,0,0,0,0,0,26,51,50,76,65476,0,300,0,0,8,21553,0.0,-107605600.0,0.0,0.0,0.0,0.0,0.0,0.0,0.0,0.0,0.0,0.0,0.0,0.0,0.0,0.0,0.0,0.0,0.0,0.0,0.0,0.0,-2.004,2.004,-2.004,0.0,0.0,0.0,0.0,0.0,4771.0,2.422985886919649e+24,7277.0,-0.0,0.0,-0.0,-107615392.0,0.0,0.0,0.0,0.0,77,0.0,89220.492,0.0,0.0,0.0,0.0,0.0,0.0,0.0,0,0,0,0.0,0.0,0.0,0.0,0.0,0.0,0.0,0.0,0.0,0.0,0.0,0.0,0.0,0.0,0.0,0.0,0,-107875648.0,77,0.0,154,0.0,0.0,ERR,ERR,ERR,ERR,ERR,ERR,ERR,ERR,ERR,ERR,ERR,ERR,ERR,ERR,ERR,ERR,ERR,ERR,ERR,ERR,ERR,ERR,ERR,ERR,ERR,ERR,ERR,ERR,ERR,ERR,ERR,ERR,ERR,ERR,ERR,ERR,ERR,ERR,ERR,ERR,ERR,ERR,ERR,ERR,ERR,ERR,ERR,ERR,ERR,ERR,ERR,ERR,ERR,ERR,ERR,ERR,ERR,ERR,ERR,ERR,ERR,ERR,ERR,ERR,ERR,ERR,ERR,34.0,80.0,35,0.0,0.0,0.0,0.0,0.0,0.0,0.0,0.0,0.0,0.0,0.0,0.0,0.0,0.0,0.0,0.0,66.4,0,120,58,53,65476,0,300,0,0,8,20529,65476,0,0,57672,80.0,0.0,0.0,0.0,0.0,0.0
2026-06-18T02:32:22,ERR,ERR,ERR,ERR,ERR,ERR,ERR,ERR,ERR,ERR,ERR,ERR,ERR,ERR,ERR,ERR,ERR,ERR,ERR,ERR,ERR,ERR,ERR,ERR,ERR,ERR,ERR,ERR,ERR,ERR,ERR,ERR,ERR,ERR,ERR,ERR,ERR,ERR,ERR,ERR,ERR,ERR,ERR,ERR,ERR,ERR,ERR,ERR,ERR,ERR,ERR,ERR,ERR,ERR,ERR,ERR,ERR,ERR,ERR,ERR,ERR,ERR,ERR,ERR,ERR,ERR,ERR,ERR,ERR,ERR,ERR,ERR,ERR,ERR,ERR,ERR,ERR,ERR,ERR,ERR,ERR,ERR,ERR,ERR,ERR,ERR,ERR,ERR,ERR,ERR,ERR,ERR,ERR,ERR,ERR,ERR,ERR,ERR,ERR,ERR,ERR,ERR,ERR,ERR,ERR,ERR,ERR,ERR,ERR,ERR,ERR,ERR,ERR,ERR,ERR,ERR,ERR,ERR,ERR,ERR,ERR,ERR,ERR,ERR,ERR,2.7184312818759872e+23,0.0,-0.0,-0.0,nan,1.3936040501711995e+18,7.805,1.182,0,0,4,48933,6720,14723890282496.0,100,0.0,0.0,0.0,0.059,0.0,0,0,0,0,0.0,0,0,0,0,0,0,0,0,0,0,0,0,0,0,0,0,0,0,0,0,0,0,0,0,0,0,0,0,0,0,0,0,0,26,51,50,76,65476,0,300,0,0,8,21553,0.0,-107605600.0,0.0,0.0,0.0,0.0,0.0,0.0,0.0,0.0,0.0,0.0,0.0,0.0,0.0,0.0,0.0,0.0,0.0,0.0,0.0,0.0,-2.004,2.004,-2.004,0.0,0.0,0.0,0.0,0.0,4771.0,2.422985886919649e+24,7277.0,-0.0,0.0,-0.0,-107615392.0,0.0,0.0,0.0,0.0,77,0.0,89220.492,0.0,0.0,0.0,0.0,0.0,0.0,0.0,0,0,0,0.0,0.0,0.0,0.0,0.0,0.0,0.0,0.0,0.0,0.0,0.0,0.0,0.0,0.0,0.0,0.0,0,-107875648.0,77,0.0,154,0.0,0.0,ERR,ERR,ERR,ERR,ERR,ERR,ERR,ERR,ERR,ERR,ERR,ERR,ERR,ERR,ERR,ERR,ERR,ERR,ERR,ERR,ERR,ERR,ERR,ERR,ERR,ERR,ERR,ERR,ERR,ERR,ERR,ERR,ERR,ERR,ERR,ERR,ERR,ERR,ERR,ERR,ERR,ERR,ERR,ERR,ERR,ERR,ERR,ERR,ERR,ERR,ERR,ERR,ERR,ERR,ERR,ERR,ERR,ERR,ERR,ERR,ERR,ERR,ERR,ERR,ERR,ERR,ERR,34.0,80.0,35,0.0,0.0,0.0,0.0,0.0,0.0,0.0,0.0,0.0,0.0,0.0,0.0,0.0,0.0,0.0,0.0,66.0,0,120,58,53,65476,0,300,0,0,8,20529,65476,0,0,57672,80.0,0.0,0.0,0.0,0.0,0.0
2026-06-18T02:32:23,ERR,ERR,ERR,ERR,ERR,ERR,ERR,ERR,ERR,ERR,ERR,ERR,ERR,ERR,ERR,ERR,ERR,ERR,ERR,ERR,ERR,ERR,ERR,ERR,ERR,ERR,ERR,ERR,ERR,ERR,ERR,ERR,ERR,ERR,ERR,ERR,ERR,ERR,ERR,ERR,ERR,ERR,ERR,ERR,ERR,ERR,ERR,ERR,ERR,ERR,ERR,ERR,ERR,ERR,ERR,ERR,ERR,ERR,ERR,ERR,ERR,ERR,ERR,ERR,ERR,ERR,ERR,ERR,ERR,ERR,ERR,ERR,ERR,ERR,ERR,ERR,ERR,ERR,ERR,ERR,ERR,ERR,ERR,ERR,ERR,ERR,ERR,ERR,ERR,ERR,ERR,ERR,ERR,ERR,ERR,ERR,ERR,ERR,ERR,ERR,ERR,ERR,ERR,ERR,ERR,ERR,ERR,ERR,ERR,ERR,ERR,ERR,ERR,ERR,ERR,ERR,ERR,ERR,ERR,ERR,ERR,ERR,ERR,ERR,ERR,2.7184312818759872e+23,0.0,-0.0,-0.0,nan,1.3936040501711995e+18,7.805,1.182,0,0,4,48933,6720,14723890282496.0,100,0.0,0.0,0.0,0.059,0.0,0,0,0,0,0.0,0,0,0,0,0,0,0,0,0,0,0,0,0,0,0,0,0,0,0,0,0,0,0,0,0,0,0,0,0,0,0,0,0,26,51,50,76,65476,0,300,0,0,8,21553,0.0,-107605600.0,0.0,0.0,0.0,0.0,0.0,0.0,0.0,0.0,0.0,0.0,0.0,0.0,0.0,0.0,0.0,0.0,0.0,0.0,0.0,0.0,-2.004,2.004,-2.004,0.0,0.0,0.0,0.0,0.0,4771.0,2.422985886919649e+24,7277.0,-0.0,0.0,-0.0,-107615392.0,0.0,0.0,0.0,0.0,77,0.0,89220.492,0.0,0.0,0.0,0.0,0.0,0.0,0.0,0,0,0,0.0,0.0,0.0,0.0,0.0,0.0,0.0,0.0,0.0,0.0,0.0,0.0,0.0,0.0,0.0,0.0,0,-107875648.0,77,0.0,154,0.0,0.0,ERR,ERR,ERR,ERR,ERR,ERR,ERR,ERR,ERR,ERR,ERR,ERR,ERR,ERR,ERR,ERR,ERR,ERR,ERR,ERR,ERR,ERR,ERR,ERR,ERR,ERR,ERR,ERR,ERR,ERR,ERR,ERR,ERR,ERR,ERR,ERR,ERR,ERR,ERR,ERR,ERR,ERR,ERR,ERR,ERR,ERR,ERR,ERR,ERR,ERR,ERR,ERR,ERR,ERR,ERR,ERR,ERR,ERR,ERR,ERR,ERR,ERR,ERR,ERR,ERR,ERR,ERR,34.0,80.0,35,0.0,0.0,0.0,0.0,0.0,0.0,0.0,0.0,0.0,0.0,0.0,0.0,0.0,0.0,0.0,0.0,66.0,0,120,58,53,65476,0,300,0,0,8,20529,65476,0,0,57672,80.0,0.0,0.0,0.0,0.0,0.0
2026-06-18T02:32:24,ERR,ERR,ERR,ERR,ERR,ERR,ERR,ERR,ERR,ERR,ERR,ERR,ERR,ERR,ERR,ERR,ERR,ERR,ERR,ERR,ERR,ERR,ERR,ERR,ERR,ERR,ERR,ERR,ERR,ERR,ERR,ERR,ERR,ERR,ERR,ERR,ERR,ERR,ERR,ERR,ERR,ERR,ERR,ERR,ERR,ERR,ERR,ERR,ERR,ERR,ERR,ERR,ERR,ERR,ERR,ERR,ERR,ERR,ERR,ERR,ERR,ERR,ERR,ERR,ERR,ERR,ERR,ERR,ERR,ERR,ERR,ERR,ERR,ERR,ERR,ERR,ERR,ERR,ERR,ERR,ERR,ERR,ERR,ERR,ERR,ERR,ERR,ERR,ERR,ERR,ERR,ERR,ERR,ERR,ERR,ERR,ERR,ERR,ERR,ERR,ERR,ERR,ERR,ERR,ERR,ERR,ERR,ERR,ERR,ERR,ERR,ERR,ERR,ERR,ERR,ERR,ERR,ERR,ERR,ERR,ERR,ERR,ERR,ERR,ERR,2.7184312818759872e+23,0.0,-0.0,-0.0,nan,1.3936040501711995e+18,7.805,1.182,0,0,4,48933,6720,14723890282496.0,100,0.0,0.0,0.0,0.059,0.0,0,0,0,0,0.0,0,0,0,0,0,0,0,0,0,0,0,0,0,0,0,0,0,0,0,0,0,0,0,0,0,0,0,0,0,0,0,0,0,26,51,50,76,65476,0,300,0,0,8,21553,0.0,-107605600.0,0.0,0.0,0.0,0.0,0.0,0.0,0.0,0.0,0.0,0.0,0.0,0.0,0.0,0.0,0.0,0.0,0.0,0.0,0.0,0.0,-2.004,2.004,-2.004,0.0,0.0,0.0,0.0,0.0,4771.0,2.422985886919649e+24,7277.0,-0.0,0.0,-0.0,-107615392.0,0.0,0.0,0.0,0.0,77,0.0,89220.492,0.0,0.0,0.0,0.0,0.0,0.0,0.0,0,0,0,0.0,0.0,0.0,0.0,0.0,0.0,0.0,0.0,0.0,0.0,0.0,0.0,0.0,0.0,0.0,0.0,0,-107875648.0,77,0.0,154,0.0,0.0,ERR,ERR,ERR,ERR,ERR,ERR,ERR,ERR,ERR,ERR,ERR,ERR,ERR,ERR,ERR,ERR,ERR,ERR,ERR,ERR,ERR,ERR,ERR,ERR,ERR,ERR,ERR,ERR,ERR,ERR,ERR,ERR,ERR,ERR,ERR,ERR,ERR,ERR,ERR,ERR,ERR,ERR,ERR,ERR,ERR,ERR,ERR,ERR,ERR,ERR,ERR,ERR,ERR,ERR,ERR,ERR,ERR,ERR,ERR,ERR,ERR,ERR,ERR,ERR,ERR,ERR,ERR,34.0,80.0,35,0.0,0.0,0.0,0.0,0.0,0.0,0.0,0.0,0.0,0.0,0.0,0.0,0.0,0.0,0.0,0.0,66.0,0,120,58,53,65476,0,300,0,0,8,20529,65476,0,0,57672,80.0,0.0,0.0,0.0,0.0,0.0
2026-06-18T02:32:25,ERR,ERR,ERR,ERR,ERR,ERR,ERR,ERR,ERR,ERR,ERR,ERR,ERR,ERR,ERR,ERR,ERR,ERR,ERR,ERR,ERR,ERR,ERR,ERR,ERR,ERR,ERR,ERR,ERR,ERR,ERR,ERR,ERR,ERR,ERR,ERR,ERR,ERR,ERR,ERR,ERR,ERR,ERR,ERR,ERR,ERR,ERR,ERR,ERR,ERR,ERR,ERR,ERR,ERR,ERR,ERR,ERR,ERR,ERR,ERR,ERR,ERR,ERR,ERR,ERR,ERR,ERR,ERR,ERR,ERR,ERR,ERR,ERR,ERR,ERR,ERR,ERR,ERR,ERR,ERR,ERR,ERR,ERR,ERR,ERR,ERR,ERR,ERR,ERR,ERR,ERR,ERR,ERR,ERR,ERR,ERR,ERR,ERR,ERR,ERR,ERR,ERR,ERR,ERR,ERR,ERR,ERR,ERR,ERR,ERR,ERR,ERR,ERR,ERR,ERR,ERR,ERR,ERR,ERR,ERR,ERR,ERR,ERR,ERR,ERR,2.7184312818759872e+23,0.0,-0.0,0.059,nan,1.3936040501711995e+18,7.805,0.0,0,0,4,48957,6720,14723890282496.0,100,0.0,0.0,0.0,0.059,0.0,0,0,0,0,0.0,0,0,0,0,0,0,0,0,0,0,0,0,0,0,0,0,0,0,0,0,0,0,0,0,0,0,0,0,0,0,0,0,0,26,51,50,76,65476,0,300,0,0,8,21553,0.0,-107605600.0,0.0,0.0,0.0,0.0,0.0,0.0,0.0,0.0,0.0,0.0,0.0,0.0,0.0,0.0,0.0,0.0,0.0,0.0,0.0,0.0,-2.004,2.004,-2.004,0.0,0.0,0.0,0.0,0.0,4775.0,8608175104.0,7274.0,2.7184312818759872e+23,0.0,-0.0,-107615392.0,0.0,0.0,0.0,0.0,77,0.0,0.0,0.0,0.0,0.0,0.0,0.0,0.0,0.0,0,0,0,0.0,0.0,0.0,0.0,0.0,0.0,0.0,0.0,0.0,0.0,0.0,0.0,0.0,0.0,0.0,0.0,0,-107875648.0,77,0.0,154,0.0,0.0,ERR,ERR,ERR,ERR,ERR,ERR,ERR,ERR,ERR,ERR,ERR,ERR,ERR,ERR,ERR,ERR,ERR,ERR,ERR,ERR,ERR,ERR,ERR,ERR,ERR,ERR,ERR,ERR,ERR,ERR,ERR,ERR,ERR,ERR,ERR,ERR,ERR,ERR,ERR,ERR,ERR,ERR,ERR,ERR,ERR,ERR,ERR,ERR,ERR,ERR,ERR,ERR,ERR,ERR,ERR,ERR,ERR,ERR,ERR,ERR,ERR,ERR,ERR,ERR,ERR,ERR,ERR,34.0,80.0,35,0.0,0.0,0.0,0.0,0.0,0.0,0.0,0.0,0.0,0.0,0.0,0.0,0.0,0.0,0.0,0.0,66.0,0,120,58,53,65476,0,300,0,0,8,20529,65476,0,0,57672,80.0,0.0,0.0,0.0,0.0,0.0
2026-06-18T02:32:26,ERR,ERR,ERR,ERR,ERR,ERR,ERR,ERR,ERR,ERR,ERR,ERR,ERR,ERR,ERR,ERR,ERR,ERR,ERR,ERR,ERR,ERR,ERR,ERR,ERR,ERR,ERR,ERR,ERR,ERR,ERR,ERR,ERR,ERR,ERR,ERR,ERR,ERR,ERR,ERR,ERR,ERR,ERR,ERR,ERR,ERR,ERR,ERR,ERR,ERR,ERR,ERR,ERR,ERR,ERR,ERR,ERR,ERR,ERR,ERR,ERR,ERR,ERR,ERR,ERR,ERR,ERR,ERR,ERR,ERR,ERR,ERR,ERR,ERR,ERR,ERR,ERR,ERR,ERR,ERR,ERR,ERR,ERR,ERR,ERR,ERR,ERR,ERR,ERR,ERR,ERR,ERR,ERR,ERR,ERR,ERR,ERR,ERR,ERR,ERR,ERR,ERR,ERR,ERR,ERR,ERR,ERR,ERR,ERR,ERR,ERR,ERR,ERR,ERR,ERR,ERR,ERR,ERR,ERR,ERR,ERR,ERR,ERR,ERR,ERR,2.7184312818759872e+23,0.0,-0.0,0.059,nan,1.3936040501711995e+18,7.805,0.0,0,0,4,48957,6720,14723890282496.0,100,0.0,0.0,0.0,0.059,0.0,0,0,0,0,0.0,0,0,0,0,0,0,0,0,0,0,0,0,0,0,0,0,0,0,0,0,0,0,0,0,0,0,0,0,0,0,0,0,0,26,51,50,76,65476,0,300,0,0,8,21553,0.0,-107605600.0,0.0,0.0,0.0,0.0,0.0,0.0,0.0,0.0,0.0,0.0,0.0,0.0,0.0,0.0,0.0,0.0,0.0,0.0,0.0,0.0,-2.004,2.004,-2.004,0.0,0.0,0.0,0.0,0.0,4775.0,8608175104.0,7274.0,2.7184312818759872e+23,0.0,-0.0,-107615392.0,0.0,0.0,0.0,0.0,77,0.0,0.0,0.0,0.0,0.0,0.0,0.0,0.0,0.0,0,0,0,0.0,0.0,0.0,0.0,0.0,0.0,0.0,0.0,0.0,0.0,0.0,0.0,0.0,0.0,0.0,0.0,0,-107875648.0,77,0.0,154,0.0,0.0,ERR,ERR,ERR,ERR,ERR,ERR,ERR,ERR,ERR,ERR,ERR,ERR,ERR,ERR,ERR,ERR,ERR,ERR,ERR,ERR,ERR,ERR,ERR,ERR,ERR,ERR,ERR,ERR,ERR,ERR,ERR,ERR,ERR,ERR,ERR,ERR,ERR,ERR,ERR,ERR,ERR,ERR,ERR,ERR,ERR,ERR,ERR,ERR,ERR,ERR,ERR,ERR,ERR,ERR,ERR,ERR,ERR,ERR,ERR,ERR,ERR,ERR,ERR,ERR,ERR,ERR,ERR,34.0,80.0,35,0.0,0.0,0.0,0.0,0.0,0.0,0.0,0.0,0.0,0.0,0.0,0.0,0.0,0.0,0.0,0.0,66.0,0,120,58,53,65476,0,300,0,0,8,20529,65476,0,0,57672,80.0,0.0,0.0,0.0,0.0,0.0
2026-06-18T02:32:27,ERR,ERR,ERR,ERR,ERR,ERR,ERR,ERR,ERR,ERR,ERR,ERR,ERR,ERR,ERR,ERR,ERR,ERR,ERR,ERR,ERR,ERR,ERR,ERR,ERR,ERR,ERR,ERR,ERR,ERR,ERR,ERR,ERR,ERR,ERR,ERR,ERR,ERR,ERR,ERR,ERR,ERR,ERR,ERR,ERR,ERR,ERR,ERR,ERR,ERR,ERR,ERR,ERR,ERR,ERR,ERR,ERR,ERR,ERR,ERR,ERR,ERR,ERR,ERR,ERR,ERR,ERR,ERR,ERR,ERR,ERR,ERR,ERR,ERR,ERR,ERR,ERR,ERR,ERR,ERR,ERR,ERR,ERR,ERR,ERR,ERR,ERR,ERR,ERR,ERR,ERR,ERR,ERR,ERR,ERR,ERR,ERR,ERR,ERR,ERR,ERR,ERR,ERR,ERR,ERR,ERR,ERR,ERR,ERR,ERR,ERR,ERR,ERR,ERR,ERR,ERR,ERR,ERR,ERR,ERR,ERR,ERR,ERR,ERR,ERR,2.7184312818759872e+23,0.0,-0.0,0.059,nan,1.3936040501711995e+18,7.805,0.0,0,0,4,48957,6720,14723890282496.0,100,0.0,0.0,0.0,0.059,0.0,0,0,0,0,0.0,0,0,0,0,0,0,0,0,0,0,0,0,0,0,0,0,0,0,0,0,0,0,0,0,0,0,0,0,0,0,0,0,0,26,51,50,76,65476,0,300,0,0,8,21553,0.0,-107605600.0,0.0,0.0,0.0,0.0,0.0,0.0,0.0,0.0,0.0,0.0,0.0,0.0,0.0,0.0,0.0,0.0,0.0,0.0,0.0,0.0,-2.004,2.004,-2.004,0.0,0.0,0.0,0.0,0.0,4775.0,8608175104.0,7274.0,2.7184312818759872e+23,0.0,-0.0,-107615392.0,0.0,0.0,0.0,0.0,77,0.0,0.0,0.0,0.0,0.0,0.0,0.0,0.0,0.0,0,0,0,0.0,0.0,0.0,0.0,0.0,0.0,0.0,0.0,0.0,0.0,0.0,0.0,0.0,0.0,0.0,0.0,0,-107875648.0,77,0.0,154,0.0,0.0,ERR,ERR,ERR,ERR,ERR,ERR,ERR,ERR,ERR,ERR,ERR,ERR,ERR,ERR,ERR,ERR,ERR,ERR,ERR,ERR,ERR,ERR,ERR,ERR,ERR,ERR,ERR,ERR,ERR,ERR,ERR,ERR,ERR,ERR,ERR,ERR,ERR,ERR,ERR,ERR,ERR,ERR,ERR,ERR,ERR,ERR,ERR,ERR,ERR,ERR,ERR,ERR,ERR,ERR,ERR,ERR,ERR,ERR,ERR,ERR,ERR,ERR,ERR,ERR,ERR,ERR,ERR,34.0,80.0,35,0.0,0.0,0.0,0.0,0.0,0.0,0.0,0.0,0.0,0.0,0.0,0.0,0.0,0.0,0.0,0.0,66.0,0,120,58,53,65476,0,300,0,0,8,20529,65476,0,0,57672,80.0,0.0,0.0,0.0,0.0,0.0
2026-06-18T02:32:28,ERR,ERR,ERR,ERR,ERR,ERR,ERR,ERR,ERR,ERR,ERR,ERR,ERR,ERR,ERR,ERR,ERR,ERR,ERR,ERR,ERR,ERR,ERR,ERR,ERR,ERR,ERR,ERR,ERR,ERR,ERR,ERR,ERR,ERR,ERR,ERR,ERR,ERR,ERR,ERR,ERR,ERR,ERR,ERR,ERR,ERR,ERR,ERR,ERR,ERR,ERR,ERR,ERR,ERR,ERR,ERR,ERR,ERR,ERR,ERR,ERR,ERR,ERR,ERR,ERR,ERR,ERR,ERR,ERR,ERR,ERR,ERR,ERR,ERR,ERR,ERR,ERR,ERR,ERR,ERR,ERR,ERR,ERR,ERR,ERR,ERR,ERR,ERR,ERR,ERR,ERR,ERR,ERR,ERR,ERR,ERR,ERR,ERR,ERR,ERR,ERR,ERR,ERR,ERR,ERR,ERR,ERR,ERR,ERR,ERR,ERR,ERR,ERR,ERR,ERR,ERR,ERR,ERR,ERR,ERR,ERR,ERR,ERR,ERR,ERR,2.7184312818759872e+23,0.0,-0.0,0.059,nan,1.3936040501711995e+18,7.805,0.0,0,0,4,48957,6720,14723890282496.0,100,0.0,0.0,0.0,0.059,0.0,0,0,0,0,0.0,0,0,0,0,0,0,0,0,0,0,0,0,0,0,0,0,0,0,0,0,0,0,0,0,0,0,0,0,0,0,0,0,0,26,51,50,76,65476,0,300,0,0,8,21553,0.0,-107605600.0,0.0,0.0,0.0,0.0,0.0,0.0,0.0,0.0,0.0,0.0,0.0,0.0,0.0,0.0,0.0,0.0,0.0,0.0,0.0,0.0,-2.004,2.004,-2.004,0.0,0.0,0.0,0.0,0.0,4775.0,8608175104.0,7274.0,2.7184312818759872e+23,0.0,-0.0,-107615392.0,0.0,0.0,0.0,0.0,77,0.0,0.0,0.0,0.0,0.0,0.0,0.0,0.0,0.0,0,0,0,0.0,0.0,0.0,0.0,0.0,0.0,0.0,0.0,0.0,0.0,0.0,0.0,0.0,0.0,0.0,0.0,0,-107875648.0,77,0.0,154,0.0,0.0,ERR,ERR,ERR,ERR,ERR,ERR,ERR,ERR,ERR,ERR,ERR,ERR,ERR,ERR,ERR,ERR,ERR,ERR,ERR,ERR,ERR,ERR,ERR,ERR,ERR,ERR,ERR,ERR,ERR,ERR,ERR,ERR,ERR,ERR,ERR,ERR,ERR,ERR,ERR,ERR,ERR,ERR,ERR,ERR,ERR,ERR,ERR,ERR,ERR,ERR,ERR,ERR,ERR,ERR,ERR,ERR,ERR,ERR,ERR,ERR,ERR,ERR,ERR,ERR,ERR,ERR,ERR,34.0,80.0,35,0.0,0.0,0.0,0.0,0.0,0.0,0.0,0.0,0.0,0.0,0.0,0.0,0.0,0.0,0.0,0.0,66.4,0,120,58,53,65476,0,300,0,0,8,20529,65476,0,0,57672,80.0,0.0,0.0,0.0,0.0,0.0
2026-06-18T02:32:29,ERR,ERR,ERR,ERR,ERR,ERR,ERR,ERR,ERR,ERR,ERR,ERR,ERR,ERR,ERR,ERR,ERR,ERR,ERR,ERR,ERR,ERR,ERR,ERR,ERR,ERR,ERR,ERR,ERR,ERR,ERR,ERR,ERR,ERR,ERR,ERR,ERR,ERR,ERR,ERR,ERR,ERR,ERR,ERR,ERR,ERR,ERR,ERR,ERR,ERR,ERR,ERR,ERR,ERR,ERR,ERR,ERR,ERR,ERR,ERR,ERR,ERR,ERR,ERR,ERR,ERR,ERR,ERR,ERR,ERR,ERR,ERR,ERR,ERR,ERR,ERR,ERR,ERR,ERR,ERR,ERR,ERR,ERR,ERR,ERR,ERR,ERR,ERR,ERR,ERR,ERR,ERR,ERR,ERR,ERR,ERR,ERR,ERR,ERR,ERR,ERR,ERR,ERR,ERR,ERR,ERR,ERR,ERR,ERR,ERR,ERR,ERR,ERR,ERR,ERR,ERR,ERR,ERR,ERR,ERR,ERR,ERR,ERR,ERR,ERR,2.7184312818759872e+23,0.0,-0.0,0.059,nan,1.3936040501711995e+18,7.805,0.0,0,0,4,48957,6720,14723890282496.0,100,0.0,0.0,0.0,0.059,0.0,0,0,0,0,0.0,0,0,0,0,0,0,0,0,0,0,0,0,0,0,0,0,0,0,0,0,0,0,0,0,0,0,0,0,0,0,0,0,0,26,51,50,76,65476,0,300,0,0,8,21553,0.0,-107605600.0,0.0,0.0,0.0,0.0,0.0,0.0,0.0,0.0,0.0,0.0,0.0,0.0,0.0,0.0,0.0,0.0,0.0,0.0,0.0,0.0,-2.004,2.004,-2.004,0.0,0.0,0.0,0.0,0.0,4775.0,8608175104.0,7274.0,2.7184312818759872e+23,0.0,-0.0,-107615392.0,0.0,0.0,0.0,0.0,77,0.0,0.0,0.0,0.0,0.0,0.0,0.0,0.0,0.0,0,0,0,0.0,0.0,0.0,0.0,0.0,0.0,0.0,0.0,0.0,0.0,0.0,0.0,0.0,0.0,0.0,0.0,0,-107875648.0,77,0.0,154,0.0,0.0,ERR,ERR,ERR,ERR,ERR,ERR,ERR,ERR,ERR,ERR,ERR,ERR,ERR,ERR,ERR,ERR,ERR,ERR,ERR,ERR,ERR,ERR,ERR,ERR,ERR,ERR,ERR,ERR,ERR,ERR,ERR,ERR,ERR,ERR,ERR,ERR,ERR,ERR,ERR,ERR,ERR,ERR,ERR,ERR,ERR,ERR,ERR,ERR,ERR,ERR,ERR,ERR,ERR,ERR,ERR,ERR,ERR,ERR,ERR,ERR,ERR,ERR,ERR,ERR,ERR,ERR,ERR,34.0,80.0,35,0.0,0.0,0.0,0.0,0.0,0.0,0.0,0.0,0.0,0.0,0.0,0.0,0.0,0.0,0.0,0.0,66.4,0,120,58,53,65476,0,300,0,0,8,20529,65476,0,0,57672,80.0,0.0,0.0,0.0,0.0,0.0
2026-06-18T02:32:30,ERR,ERR,ERR,ERR,ERR,ERR,ERR,ERR,ERR,ERR,ERR,ERR,ERR,ERR,ERR,ERR,ERR,ERR,ERR,ERR,ERR,ERR,ERR,ERR,ERR,ERR,ERR,ERR,ERR,ERR,ERR,ERR,ERR,ERR,ERR,ERR,ERR,ERR,ERR,ERR,ERR,ERR,ERR,ERR,ERR,ERR,ERR,ERR,ERR,ERR,ERR,ERR,ERR,ERR,ERR,ERR,ERR,ERR,ERR,ERR,ERR,ERR,ERR,ERR,ERR,ERR,ERR,ERR,ERR,ERR,ERR,ERR,ERR,ERR,ERR,ERR,ERR,ERR,ERR,ERR,ERR,ERR,ERR,ERR,ERR,ERR,ERR,ERR,ERR,ERR,ERR,ERR,ERR,ERR,ERR,ERR,ERR,ERR,ERR,ERR,ERR,ERR,ERR,ERR,ERR,ERR,ERR,ERR,ERR,ERR,ERR,ERR,ERR,ERR,ERR,ERR,ERR,ERR,ERR,ERR,ERR,ERR,ERR,ERR,ERR,2.7184312818759872e+23,0.0,-0.0,0.059,nan,1.3936040501711995e+18,7.805,0.0,0,0,4,48926,6720,14723890282496.0,100,0.0,0.0,0.0,-0.0,0.0,0,0,0,0,0.0,0,0,0,0,0,0,0,0,0,0,0,0,0,0,0,0,0,0,0,0,0,0,0,0,0,0,0,0,0,0,0,0,0,26,51,50,76,65476,0,300,0,0,8,21553,0.0,-107605600.0,0.0,0.0,0.0,0.0,0.0,0.0,0.0,0.0,0.0,0.0,0.0,0.0,0.0,0.0,0.0,0.0,0.0,0.0,0.0,0.0,-2.004,2.004,-2.004,0.0,0.0,0.0,0.0,0.0,4779.0,8608175104.0,7274.0,2.7184312818759872e+23,0.0,-0.0,-107615392.0,0.0,0.0,0.0,0.0,77,0.0,0.0,0.0,0.0,0.0,0.0,0.0,0.0,0.0,0,0,0,0.0,0.0,0.0,0.0,0.0,0.0,0.0,0.0,0.0,0.0,0.0,0.0,0.0,0.0,0.0,0.0,0,-107875648.0,77,0.0,154,0.0,0.0,ERR,ERR,ERR,ERR,ERR,ERR,ERR,ERR,ERR,ERR,ERR,ERR,ERR,ERR,ERR,ERR,ERR,ERR,ERR,ERR,ERR,ERR,ERR,ERR,ERR,ERR,ERR,ERR,ERR,ERR,ERR,ERR,ERR,ERR,ERR,ERR,ERR,ERR,ERR,ERR,ERR,ERR,ERR,ERR,ERR,ERR,ERR,ERR,ERR,ERR,ERR,ERR,ERR,ERR,ERR,ERR,ERR,ERR,ERR,ERR,ERR,ERR,ERR,ERR,ERR,ERR,ERR,34.0,80.0,35,0.0,0.0,0.0,0.0,0.0,0.0,0.0,0.0,0.0,0.0,0.0,0.0,0.0,0.0,0.0,0.0,65.6,0,120,58,53,65476,0,300,0,0,8,20529,65476,0,0,57672,80.0,0.0,0.0,0.0,0.0,0.0
2026-06-18T02:32:31,ERR,ERR,ERR,ERR,ERR,ERR,ERR,ERR,ERR,ERR,ERR,ERR,ERR,ERR,ERR,ERR,ERR,ERR,ERR,ERR,ERR,ERR,ERR,ERR,ERR,ERR,ERR,ERR,ERR,ERR,ERR,ERR,ERR,ERR,ERR,ERR,ERR,ERR,ERR,ERR,ERR,ERR,ERR,ERR,ERR,ERR,ERR,ERR,ERR,ERR,ERR,ERR,ERR,ERR,ERR,ERR,ERR,ERR,ERR,ERR,ERR,ERR,ERR,ERR,ERR,ERR,ERR,ERR,ERR,ERR,ERR,ERR,ERR,ERR,ERR,ERR,ERR,ERR,ERR,ERR,ERR,ERR,ERR,ERR,ERR,ERR,ERR,ERR,ERR,ERR,ERR,ERR,ERR,ERR,ERR,ERR,ERR,ERR,ERR,ERR,ERR,ERR,ERR,ERR,ERR,ERR,ERR,ERR,ERR,ERR,ERR,ERR,ERR,ERR,ERR,ERR,ERR,ERR,ERR,ERR,ERR,ERR,ERR,ERR,ERR,2.7184312818759872e+23,0.0,-0.0,0.059,nan,1.3936040501711995e+18,7.805,0.0,0,0,4,48926,6720,14723890282496.0,100,0.0,0.0,0.0,-0.0,0.0,0,0,0,0,0.0,0,0,0,0,0,0,0,0,0,0,0,0,0,0,0,0,0,0,0,0,0,0,0,0,0,0,0,0,0,0,0,0,0,26,51,50,76,65476,0,300,0,0,8,21553,0.0,-107605600.0,0.0,0.0,0.0,0.0,0.0,0.0,0.0,0.0,0.0,0.0,0.0,0.0,0.0,0.0,0.0,0.0,0.0,0.0,0.0,0.0,-2.004,2.004,-2.004,0.0,0.0,0.0,0.0,0.0,4779.0,8608175104.0,7274.0,2.7184312818759872e+23,0.0,-0.0,-107615392.0,0.0,0.0,0.0,0.0,77,0.0,0.0,0.0,0.0,0.0,0.0,0.0,0.0,0.0,0,0,0,0.0,0.0,0.0,0.0,0.0,0.0,0.0,0.0,0.0,0.0,0.0,0.0,0.0,0.0,0.0,0.0,0,-107875648.0,77,0.0,154,0.0,0.0,ERR,ERR,ERR,ERR,ERR,ERR,ERR,ERR,ERR,ERR,ERR,ERR,ERR,ERR,ERR,ERR,ERR,ERR,ERR,ERR,ERR,ERR,ERR,ERR,ERR,ERR,ERR,ERR,ERR,ERR,ERR,ERR,ERR,ERR,ERR,ERR,ERR,ERR,ERR,ERR,ERR,ERR,ERR,ERR,ERR,ERR,ERR,ERR,ERR,ERR,ERR,ERR,ERR,ERR,ERR,ERR,ERR,ERR,ERR,ERR,ERR,ERR,ERR,ERR,ERR,ERR,ERR,34.0,80.0,35,0.0,0.0,0.0,0.0,0.0,0.0,0.0,0.0,0.0,0.0,0.0,0.0,0.0,0.0,0.0,0.0,65.6,0,120,58,53,65476,0,300,0,0,8,20529,65476,0,0,57672,80.0,0.0,0.0,0.0,0.0,0.0
2026-06-18T02:32:32,ERR,ERR,ERR,ERR,ERR,ERR,ERR,ERR,ERR,ERR,ERR,ERR,ERR,ERR,ERR,ERR,ERR,ERR,ERR,ERR,ERR,ERR,ERR,ERR,ERR,ERR,ERR,ERR,ERR,ERR,ERR,ERR,ERR,ERR,ERR,ERR,ERR,ERR,ERR,ERR,ERR,ERR,ERR,ERR,ERR,ERR,ERR,ERR,ERR,ERR,ERR,ERR,ERR,ERR,ERR,ERR,ERR,ERR,ERR,ERR,ERR,ERR,ERR,ERR,ERR,ERR,ERR,ERR,ERR,ERR,ERR,ERR,ERR,ERR,ERR,ERR,ERR,ERR,ERR,ERR,ERR,ERR,ERR,ERR,ERR,ERR,ERR,ERR,ERR,ERR,ERR,ERR,ERR,ERR,ERR,ERR,ERR,ERR,ERR,ERR,ERR,ERR,ERR,ERR,ERR,ERR,ERR,ERR,ERR,ERR,ERR,ERR,ERR,ERR,ERR,ERR,ERR,ERR,ERR,ERR,ERR,ERR,ERR,ERR,ERR,2.7184312818759872e+23,0.0,-0.0,0.059,nan,1.3936040501711995e+18,7.805,0.0,0,0,4,48926,6720,14723890282496.0,100,0.0,0.0,0.0,-0.0,0.0,0,0,0,0,0.0,0,0,0,0,0,0,0,0,0,0,0,0,0,0,0,0,0,0,0,0,0,0,0,0,0,0,0,0,0,0,0,0,0,26,51,50,76,65476,0,300,0,0,8,21553,0.0,-107605600.0,0.0,0.0,0.0,0.0,0.0,0.0,0.0,0.0,0.0,0.0,0.0,0.0,0.0,0.0,0.0,0.0,0.0,0.0,0.0,0.0,-2.004,2.004,-2.004,0.0,0.0,0.0,0.0,0.0,4779.0,8608175104.0,7274.0,2.7184312818759872e+23,0.0,-0.0,-107615392.0,0.0,0.0,0.0,0.0,77,0.0,0.0,0.0,0.0,0.0,0.0,0.0,0.0,0.0,0,0,0,0.0,0.0,0.0,0.0,0.0,0.0,0.0,0.0,0.0,0.0,0.0,0.0,0.0,0.0,0.0,0.0,0,-107875648.0,77,0.0,154,0.0,0.0,ERR,ERR,ERR,ERR,ERR,ERR,ERR,ERR,ERR,ERR,ERR,ERR,ERR,ERR,ERR,ERR,ERR,ERR,ERR,ERR,ERR,ERR,ERR,ERR,ERR,ERR,ERR,ERR,ERR,ERR,ERR,ERR,ERR,ERR,ERR,ERR,ERR,ERR,ERR,ERR,ERR,ERR,ERR,ERR,ERR,ERR,ERR,ERR,ERR,ERR,ERR,ERR,ERR,ERR,ERR,ERR,ERR,ERR,ERR,ERR,ERR,ERR,ERR,ERR,ERR,ERR,ERR,34.0,80.0,35,0.0,0.0,0.0,0.0,0.0,0.0,0.0,0.0,0.0,0.0,0.0,0.0,0.0,0.0,0.0,0.0,65.6,0,120,58,53,65476,0,300,0,0,8,20529,65476,0,0,57672,80.0,0.0,0.0,0.0,0.0,0.0
2026-06-18T02:32:33,ERR,ERR,ERR,ERR,ERR,ERR,ERR,ERR,ERR,ERR,ERR,ERR,ERR,ERR,ERR,ERR,ERR,ERR,ERR,ERR,ERR,ERR,ERR,ERR,ERR,ERR,ERR,ERR,ERR,ERR,ERR,ERR,ERR,ERR,ERR,ERR,ERR,ERR,ERR,ERR,ERR,ERR,ERR,ERR,ERR,ERR,ERR,ERR,ERR,ERR,ERR,ERR,ERR,ERR,ERR,ERR,ERR,ERR,ERR,ERR,ERR,ERR,ERR,ERR,ERR,ERR,ERR,ERR,ERR,ERR,ERR,ERR,ERR,ERR,ERR,ERR,ERR,ERR,ERR,ERR,ERR,ERR,ERR,ERR,ERR,ERR,ERR,ERR,ERR,ERR,ERR,ERR,ERR,ERR,ERR,ERR,ERR,ERR,ERR,ERR,ERR,ERR,ERR,ERR,ERR,ERR,ERR,ERR,ERR,ERR,ERR,ERR,ERR,ERR,ERR,ERR,ERR,ERR,ERR,ERR,ERR,ERR,ERR,ERR,ERR,2.7184312818759872e+23,0.0,-0.0,0.059,nan,1.3936040501711995e+18,7.805,0.0,0,0,4,48926,6720,14723890282496.0,100,0.0,0.0,0.0,-0.0,0.0,0,0,0,0,0.0,0,0,0,0,0,0,0,0,0,0,0,0,0,0,0,0,0,0,0,0,0,0,0,0,0,0,0,0,0,0,0,0,0,26,51,50,76,65476,0,300,0,0,8,21553,0.0,-107605600.0,0.0,0.0,0.0,0.0,0.0,0.0,0.0,0.0,0.0,0.0,0.0,0.0,0.0,0.0,0.0,0.0,0.0,0.0,0.0,0.0,-2.004,2.004,-2.004,0.0,0.0,0.0,0.0,0.0,4779.0,8608175104.0,7274.0,2.7184312818759872e+23,0.0,-0.0,-107615392.0,0.0,0.0,0.0,0.0,77,0.0,0.0,0.0,0.0,0.0,0.0,0.0,0.0,0.0,0,0,0,0.0,0.0,0.0,0.0,0.0,0.0,0.0,0.0,0.0,0.0,0.0,0.0,0.0,0.0,0.0,0.0,0,-107875648.0,77,0.0,154,0.0,0.0,ERR,ERR,ERR,ERR,ERR,ERR,ERR,ERR,ERR,ERR,ERR,ERR,ERR,ERR,ERR,ERR,ERR,ERR,ERR,ERR,ERR,ERR,ERR,ERR,ERR,ERR,ERR,ERR,ERR,ERR,ERR,ERR,ERR,ERR,ERR,ERR,ERR,ERR,ERR,ERR,ERR,ERR,ERR,ERR,ERR,ERR,ERR,ERR,ERR,ERR,ERR,ERR,ERR,ERR,ERR,ERR,ERR,ERR,ERR,ERR,ERR,ERR,ERR,ERR,ERR,ERR,ERR,34.0,80.0,35,0.0,0.0,0.0,0.0,0.0,0.0,0.0,0.0,0.0,0.0,0.0,0.0,0.0,0.0,0.0,0.0,65.6,0,120,58,53,65476,0,300,0,0,8,20529,65476,0,0,57672,80.0,0.0,0.0,0.0,0.0,0.0
2026-06-18T02:32:34,ERR,ERR,ERR,ERR,ERR,ERR,ERR,ERR,ERR,ERR,ERR,ERR,ERR,ERR,ERR,ERR,ERR,ERR,ERR,ERR,ERR,ERR,ERR,ERR,ERR,ERR,ERR,ERR,ERR,ERR,ERR,ERR,ERR,ERR,ERR,ERR,ERR,ERR,ERR,ERR,ERR,ERR,ERR,ERR,ERR,ERR,ERR,ERR,ERR,ERR,ERR,ERR,ERR,ERR,ERR,ERR,ERR,ERR,ERR,ERR,ERR,ERR,ERR,ERR,ERR,ERR,ERR,ERR,ERR,ERR,ERR,ERR,ERR,ERR,ERR,ERR,ERR,ERR,ERR,ERR,ERR,ERR,ERR,ERR,ERR,ERR,ERR,ERR,ERR,ERR,ERR,ERR,ERR,ERR,ERR,ERR,ERR,ERR,ERR,ERR,ERR,ERR,ERR,ERR,ERR,ERR,ERR,ERR,ERR,ERR,ERR,ERR,ERR,ERR,ERR,ERR,ERR,ERR,ERR,ERR,ERR,ERR,ERR,ERR,ERR,2.7184312818759872e+23,0.0,-0.0,0.059,nan,1.3936040501711995e+18,7.805,0.0,0,0,4,48926,6720,14723890282496.0,100,0.0,0.0,0.0,-0.0,0.0,0,0,0,0,0.0,0,0,0,0,0,0,0,0,0,0,0,0,0,0,0,0,0,0,0,0,0,0,0,0,0,0,0,0,0,0,0,0,0,26,51,50,76,65476,0,300,0,0,8,21553,0.0,-107605600.0,0.0,0.0,0.0,0.0,0.0,0.0,0.0,0.0,0.0,0.0,0.0,0.0,0.0,0.0,0.0,0.0,0.0,0.0,0.0,0.0,-2.004,2.004,-2.004,0.0,0.0,0.0,0.0,0.0,4779.0,8608175104.0,7274.0,2.7184312818759872e+23,0.0,-0.0,-107615392.0,0.0,0.0,0.0,0.0,77,0.0,0.0,0.0,0.0,0.0,0.0,0.0,0.0,0.0,0,0,0,0.0,0.0,0.0,0.0,0.0,0.0,0.0,0.0,0.0,0.0,0.0,0.0,0.0,0.0,0.0,0.0,0,-107875648.0,77,0.0,154,0.0,0.0,ERR,ERR,ERR,ERR,ERR,ERR,ERR,ERR,ERR,ERR,ERR,ERR,ERR,ERR,ERR,ERR,ERR,ERR,ERR,ERR,ERR,ERR,ERR,ERR,ERR,ERR,ERR,ERR,ERR,ERR,ERR,ERR,ERR,ERR,ERR,ERR,ERR,ERR,ERR,ERR,ERR,ERR,ERR,ERR,ERR,ERR,ERR,ERR,ERR,ERR,ERR,ERR,ERR,ERR,ERR,ERR,ERR,ERR,ERR,ERR,ERR,ERR,ERR,ERR,ERR,ERR,ERR,34.0,80.0,35,0.0,0.0,0.0,0.0,0.0,0.0,0.0,0.0,0.0,0.0,0.0,0.0,0.0,0.0,0.0,0.0,65.6,0,120,58,53,65476,0,300,0,0,8,20529,65476,0,0,57672,80.0,0.0,0.0,0.0,0.0,0.0
2026-06-18T02:32:35,ERR,ERR,ERR,ERR,ERR,ERR,ERR,ERR,ERR,ERR,ERR,ERR,ERR,ERR,ERR,ERR,ERR,ERR,ERR,ERR,ERR,ERR,ERR,ERR,ERR,ERR,ERR,ERR,ERR,ERR,ERR,ERR,ERR,ERR,ERR,ERR,ERR,ERR,ERR,ERR,ERR,ERR,ERR,ERR,ERR,ERR,ERR,ERR,ERR,ERR,ERR,ERR,ERR,ERR,ERR,ERR,ERR,ERR,ERR,ERR,ERR,ERR,ERR,ERR,ERR,ERR,ERR,ERR,ERR,ERR,ERR,ERR,ERR,ERR,ERR,ERR,ERR,ERR,ERR,ERR,ERR,ERR,ERR,ERR,ERR,ERR,ERR,ERR,ERR,ERR,ERR,ERR,ERR,ERR,ERR,ERR,ERR,ERR,ERR,ERR,ERR,ERR,ERR,ERR,ERR,ERR,ERR,ERR,ERR,ERR,ERR,ERR,ERR,ERR,ERR,ERR,ERR,ERR,ERR,ERR,ERR,ERR,ERR,ERR,ERR,2.7184312818759872e+23,0.0,-0.0,0.059,nan,1.3936040501711995e+18,7.805,0.0,0,0,4,48926,6720,14723890282496.0,100,0.0,0.0,0.0,-0.0,0.0,0,0,0,0,0.0,0,0,0,0,0,0,0,0,0,0,0,0,0,0,0,0,0,0,0,0,0,0,0,0,0,0,0,0,0,0,0,0,0,26,51,50,76,65476,0,300,0,0,8,21553,0.0,-107605600.0,0.0,0.0,0.0,0.0,0.0,0.0,0.0,0.0,0.0,0.0,0.0,0.0,0.0,0.0,0.0,0.0,0.0,0.0,0.0,0.0,-2.004,2.004,-2.004,0.0,0.0,0.0,0.0,0.0,4779.0,8608175104.0,7274.0,2.7184312818759872e+23,0.0,-0.0,-107615392.0,0.0,0.0,0.0,0.0,77,0.0,0.0,0.0,0.0,0.0,0.0,0.0,0.0,0.0,0,0,0,0.0,0.0,0.0,0.0,0.0,0.0,0.0,0.0,0.0,0.0,0.0,0.0,0.0,0.0,0.0,0.0,0,-107875648.0,77,0.0,154,0.0,0.0,ERR,ERR,ERR,ERR,ERR,ERR,ERR,ERR,ERR,ERR,ERR,ERR,ERR,ERR,ERR,ERR,ERR,ERR,ERR,ERR,ERR,ERR,ERR,ERR,ERR,ERR,ERR,ERR,ERR,ERR,ERR,ERR,ERR,ERR,ERR,ERR,ERR,ERR,ERR,ERR,ERR,ERR,ERR,ERR,ERR,ERR,ERR,ERR,ERR,ERR,ERR,ERR,ERR,ERR,ERR,ERR,ERR,ERR,ERR,ERR,ERR,ERR,ERR,ERR,ERR,ERR,ERR,34.0,80.0,35,0.0,0.0,0.0,0.0,0.0,0.0,0.0,0.0,0.0,0.0,0.0,0.0,0.0,0.0,0.0,0.0,65.6,0,120,58,53,65476,0,300,0,0,8,20529,65476,0,0,57672,80.0,0.0,0.0,0.0,0.0,0.0
2026-06-18T02:32:36,ERR,ERR,ERR,ERR,ERR,ERR,ERR,ERR,ERR,ERR,ERR,ERR,ERR,ERR,ERR,ERR,ERR,ERR,ERR,ERR,ERR,ERR,ERR,ERR,ERR,ERR,ERR,ERR,ERR,ERR,ERR,ERR,ERR,ERR,ERR,ERR,ERR,ERR,ERR,ERR,ERR,ERR,ERR,ERR,ERR,ERR,ERR,ERR,ERR,ERR,ERR,ERR,ERR,ERR,ERR,ERR,ERR,ERR,ERR,ERR,ERR,ERR,ERR,ERR,ERR,ERR,ERR,ERR,ERR,ERR,ERR,ERR,ERR,ERR,ERR,ERR,ERR,ERR,ERR,ERR,ERR,ERR,ERR,ERR,ERR,ERR,ERR,ERR,ERR,ERR,ERR,ERR,ERR,ERR,ERR,ERR,ERR,ERR,ERR,ERR,ERR,ERR,ERR,ERR,ERR,ERR,ERR,ERR,ERR,ERR,ERR,ERR,ERR,ERR,ERR,ERR,ERR,ERR,ERR,ERR,ERR,ERR,ERR,ERR,ERR,2.7184312818759872e+23,2.718431101732002e+23,0.0,-4.9501291711397626e+32,-2.012,1.3936040501711995e+18,7.805,8.558351388217734e+28,0,0,4,48927,6720,14723890282496.0,100,0.0,0.0,0.0,-4.9501291711397626e+32,0.0,0,0,0,0,0.0,0,0,0,0,0,0,0,0,0,0,0,0,0,0,0,0,0,0,0,0,0,0,0,0,0,0,0,0,0,0,0,0,0,26,51,50,76,65476,0,300,0,0,8,21553,0.0,-107605600.0,0.0,0.0,0.0,0.0,0.0,0.0,0.0,0.0,0.0,0.0,0.0,0.0,0.0,0.0,0.0,0.0,0.0,0.0,0.0,0.0,-2.004,2.004,-2.004,0.0,0.0,0.0,0.0,0.0,4779.0,1.587928030851661e+29,7278.0,2.7184312818759872e+23,0.0,-0.0,-107615392.0,0.0,0.0,0.0,0.0,77,0.0,89220.492,0.0,0.0,0.0,0.0,0.0,0.0,0.0,0,0,0,0.0,0.0,0.0,0.0,0.0,0.0,0.0,0.0,0.0,0.0,0.0,0.0,0.0,0.0,0.0,0.0,0,-107875648.0,77,0.0,154,0.0,0.0,ERR,ERR,ERR,ERR,ERR,ERR,ERR,ERR,ERR,ERR,ERR,ERR,ERR,ERR,ERR,ERR,ERR,ERR,ERR,ERR,ERR,ERR,ERR,ERR,ERR,ERR,ERR,ERR,ERR,ERR,ERR,ERR,ERR,ERR,ERR,ERR,ERR,ERR,ERR,ERR,ERR,ERR,ERR,ERR,ERR,ERR,ERR,ERR,ERR,ERR,ERR,ERR,ERR,ERR,ERR,ERR,ERR,ERR,ERR,ERR,ERR,ERR,ERR,ERR,ERR,ERR,ERR,34.0,80.0,35,0.0,0.0,0.0,0.0,0.0,0.0,0.0,0.0,0.0,0.0,0.0,0.0,0.0,0.0,0.0,0.0,65.6,0,120,58,53,65476,0,300,0,0,8,20529,65476,0,0,57672,80.0,0.0,0.0,0.0,0.0,0.0
2026-06-18T02:32:37,ERR,ERR,ERR,ERR,ERR,ERR,ERR,ERR,ERR,ERR,ERR,ERR,ERR,ERR,ERR,ERR,ERR,ERR,ERR,ERR,ERR,ERR,ERR,ERR,ERR,ERR,ERR,ERR,ERR,ERR,ERR,ERR,ERR,ERR,ERR,ERR,ERR,ERR,ERR,ERR,ERR,ERR,ERR,ERR,ERR,ERR,ERR,ERR,ERR,ERR,ERR,ERR,ERR,ERR,ERR,ERR,ERR,ERR,ERR,ERR,ERR,ERR,ERR,ERR,ERR,ERR,ERR,ERR,ERR,ERR,ERR,ERR,ERR,ERR,ERR,ERR,ERR,ERR,ERR,ERR,ERR,ERR,ERR,ERR,ERR,ERR,ERR,ERR,ERR,ERR,ERR,ERR,ERR,ERR,ERR,ERR,ERR,ERR,ERR,ERR,ERR,ERR,ERR,ERR,ERR,ERR,ERR,ERR,ERR,ERR,ERR,ERR,ERR,ERR,ERR,ERR,ERR,ERR,ERR,ERR,ERR,ERR,ERR,ERR,ERR,2.7184312818759872e+23,2.718431101732002e+23,0.0,-4.9501291711397626e+32,-2.012,1.3936040501711995e+18,7.805,8.558351388217734e+28,0,0,4,48927,6720,14723890282496.0,100,0.0,0.0,0.0,-4.9501291711397626e+32,0.0,0,0,0,0,0.0,0,0,0,0,0,0,0,0,0,0,0,0,0,0,0,0,0,0,0,0,0,0,0,0,0,0,0,0,0,0,0,0,0,26,51,50,76,65476,0,300,0,0,8,21553,0.0,-107605600.0,0.0,0.0,0.0,0.0,0.0,0.0,0.0,0.0,0.0,0.0,0.0,0.0,0.0,0.0,0.0,0.0,0.0,0.0,0.0,0.0,-2.004,2.004,-2.004,0.0,0.0,0.0,0.0,0.0,4779.0,1.587928030851661e+29,7278.0,2.7184312818759872e+23,0.0,-0.0,-107615392.0,0.0,0.0,0.0,0.0,77,0.0,89220.492,0.0,0.0,0.0,0.0,0.0,0.0,0.0,0,0,0,0.0,0.0,0.0,0.0,0.0,0.0,0.0,0.0,0.0,0.0,0.0,0.0,0.0,0.0,0.0,0.0,0,-107875648.0,77,0.0,154,0.0,0.0,ERR,ERR,ERR,ERR,ERR,ERR,ERR,ERR,ERR,ERR,ERR,ERR,ERR,ERR,ERR,ERR,ERR,ERR,ERR,ERR,ERR,ERR,ERR,ERR,ERR,ERR,ERR,ERR,ERR,ERR,ERR,ERR,ERR,ERR,ERR,ERR,ERR,ERR,ERR,ERR,ERR,ERR,ERR,ERR,ERR,ERR,ERR,ERR,ERR,ERR,ERR,ERR,ERR,ERR,ERR,ERR,ERR,ERR,ERR,ERR,ERR,ERR,ERR,ERR,ERR,ERR,ERR,34.0,80.0,35,0.0,0.0,0.0,0.0,0.0,0.0,0.0,0.0,0.0,0.0,0.0,0.0,0.0,0.0,0.0,0.0,65.6,0,120,58,53,65476,0,300,0,0,8,20529,65476,0,0,57672,80.0,0.0,0.0,0.0,0.0,0.0
2026-06-18T02:32:38,ERR,ERR,ERR,ERR,ERR,ERR,ERR,ERR,ERR,ERR,ERR,ERR,ERR,ERR,ERR,ERR,ERR,ERR,ERR,ERR,ERR,ERR,ERR,ERR,ERR,ERR,ERR,ERR,ERR,ERR,ERR,ERR,ERR,ERR,ERR,ERR,ERR,ERR,ERR,ERR,ERR,ERR,ERR,ERR,ERR,ERR,ERR,ERR,ERR,ERR,ERR,ERR,ERR,ERR,ERR,ERR,ERR,ERR,ERR,ERR,ERR,ERR,ERR,ERR,ERR,ERR,ERR,ERR,ERR,ERR,ERR,ERR,ERR,ERR,ERR,ERR,ERR,ERR,ERR,ERR,ERR,ERR,ERR,ERR,ERR,ERR,ERR,ERR,ERR,ERR,ERR,ERR,ERR,ERR,ERR,ERR,ERR,ERR,ERR,ERR,ERR,ERR,ERR,ERR,ERR,ERR,ERR,ERR,ERR,ERR,ERR,ERR,ERR,ERR,ERR,ERR,ERR,ERR,ERR,ERR,ERR,ERR,ERR,ERR,ERR,2.7184312818759872e+23,2.718431101732002e+23,0.0,-4.9501291711397626e+32,-2.012,1.3936040501711995e+18,7.805,8.558351388217734e+28,0,0,4,48927,6720,14723890282496.0,100,0.0,0.0,0.0,-4.9501291711397626e+32,0.0,0,0,0,0,0.0,0,0,0,0,0,0,0,0,0,0,0,0,0,0,0,0,0,0,0,0,0,0,0,0,0,0,0,0,0,0,0,0,0,26,51,50,76,65476,0,300,0,0,8,21553,0.0,-107605600.0,0.0,0.0,0.0,0.0,0.0,0.0,0.0,0.0,0.0,0.0,0.0,0.0,0.0,0.0,0.0,0.0,0.0,0.0,0.0,0.0,-2.004,2.004,-2.004,0.0,0.0,0.0,0.0,0.0,4779.0,1.587928030851661e+29,7278.0,2.7184312818759872e+23,0.0,-0.0,-107615392.0,0.0,0.0,0.0,0.0,77,0.0,89220.492,0.0,0.0,0.0,0.0,0.0,0.0,0.0,0,0,0,0.0,0.0,0.0,0.0,0.0,0.0,0.0,0.0,0.0,0.0,0.0,0.0,0.0,0.0,0.0,0.0,0,-107875648.0,77,0.0,154,0.0,0.0,ERR,ERR,ERR,ERR,ERR,ERR,ERR,ERR,ERR,ERR,ERR,ERR,ERR,ERR,ERR,ERR,ERR,ERR,ERR,ERR,ERR,ERR,ERR,ERR,ERR,ERR,ERR,ERR,ERR,ERR,ERR,ERR,ERR,ERR,ERR,ERR,ERR,ERR,ERR,ERR,ERR,ERR,ERR,ERR,ERR,ERR,ERR,ERR,ERR,ERR,ERR,ERR,ERR,ERR,ERR,ERR,ERR,ERR,ERR,ERR,ERR,ERR,ERR,ERR,ERR,ERR,ERR,34.0,80.0,35,0.0,0.0,0.0,0.0,0.0,0.0,0.0,0.0,0.0,0.0,0.0,0.0,0.0,0.0,0.0,0.0,65.6,0,120,58,53,65476,0,300,0,0,8,20529,65476,0,0,57672,80.0,0.0,0.0,0.0,0.0,0.0
2026-06-18T02:32:39,ERR,ERR,ERR,ERR,ERR,ERR,ERR,ERR,ERR,ERR,ERR,ERR,ERR,ERR,ERR,ERR,ERR,ERR,ERR,ERR,ERR,ERR,ERR,ERR,ERR,ERR,ERR,ERR,ERR,ERR,ERR,ERR,ERR,ERR,ERR,ERR,ERR,ERR,ERR,ERR,ERR,ERR,ERR,ERR,ERR,ERR,ERR,ERR,ERR,ERR,ERR,ERR,ERR,ERR,ERR,ERR,ERR,ERR,ERR,ERR,ERR,ERR,ERR,ERR,ERR,ERR,ERR,ERR,ERR,ERR,ERR,ERR,ERR,ERR,ERR,ERR,ERR,ERR,ERR,ERR,ERR,ERR,ERR,ERR,ERR,ERR,ERR,ERR,ERR,ERR,ERR,ERR,ERR,ERR,ERR,ERR,ERR,ERR,ERR,ERR,ERR,ERR,ERR,ERR,ERR,ERR,ERR,ERR,ERR,ERR,ERR,ERR,ERR,ERR,ERR,ERR,ERR,ERR,ERR,ERR,ERR,ERR,ERR,ERR,ERR,2.7184312818759872e+23,2.718431101732002e+23,0.0,-4.9501291711397626e+32,-2.012,1.3936040501711995e+18,7.805,8.558351388217734e+28,0,0,4,48927,6720,14723890282496.0,100,0.0,0.0,0.0,-4.9501291711397626e+32,0.0,0,0,0,0,0.0,0,0,0,0,0,0,0,0,0,0,0,0,0,0,0,0,0,0,0,0,0,0,0,0,0,0,0,0,0,0,0,0,0,26,51,50,76,65476,0,300,0,0,8,21553,0.0,-107605600.0,0.0,0.0,0.0,0.0,0.0,0.0,0.0,0.0,0.0,0.0,0.0,0.0,0.0,0.0,0.0,0.0,0.0,0.0,0.0,0.0,-2.004,2.004,-2.004,0.0,0.0,0.0,0.0,0.0,4779.0,1.587928030851661e+29,7278.0,2.7184312818759872e+23,0.0,-0.0,-107615392.0,0.0,0.0,0.0,0.0,77,0.0,89220.492,0.0,0.0,0.0,0.0,0.0,0.0,0.0,0,0,0,0.0,0.0,0.0,0.0,0.0,0.0,0.0,0.0,0.0,0.0,0.0,0.0,0.0,0.0,0.0,0.0,0,-107875648.0,77,0.0,154,0.0,0.0,ERR,ERR,ERR,ERR,ERR,ERR,ERR,ERR,ERR,ERR,ERR,ERR,ERR,ERR,ERR,ERR,ERR,ERR,ERR,ERR,ERR,ERR,ERR,ERR,ERR,ERR,ERR,ERR,ERR,ERR,ERR,ERR,ERR,ERR,ERR,ERR,ERR,ERR,ERR,ERR,ERR,ERR,ERR,ERR,ERR,ERR,ERR,ERR,ERR,ERR,ERR,ERR,ERR,ERR,ERR,ERR,ERR,ERR,ERR,ERR,ERR,ERR,ERR,ERR,ERR,ERR,ERR,34.0,80.0,35,0.0,0.0,0.0,0.0,0.0,0.0,0.0,0.0,0.0,0.0,0.0,0.0,0.0,0.0,0.0,0.0,66.4,0,120,58,53,65476,0,300,0,0,8,20529,65476,0,0,57672,80.0,0.0,0.0,0.0,0.0,0.0
2026-06-18T02:32:40,ERR,ERR,ERR,ERR,ERR,ERR,ERR,ERR,ERR,ERR,ERR,ERR,ERR,ERR,ERR,ERR,ERR,ERR,ERR,ERR,ERR,ERR,ERR,ERR,ERR,ERR,ERR,ERR,ERR,ERR,ERR,ERR,ERR,ERR,ERR,ERR,ERR,ERR,ERR,ERR,ERR,ERR,ERR,ERR,ERR,ERR,ERR,ERR,ERR,ERR,ERR,ERR,ERR,ERR,ERR,ERR,ERR,ERR,ERR,ERR,ERR,ERR,ERR,ERR,ERR,ERR,ERR,ERR,ERR,ERR,ERR,ERR,ERR,ERR,ERR,ERR,ERR,ERR,ERR,ERR,ERR,ERR,ERR,ERR,ERR,ERR,ERR,ERR,ERR,ERR,ERR,ERR,ERR,ERR,ERR,ERR,ERR,ERR,ERR,ERR,ERR,ERR,ERR,ERR,ERR,ERR,ERR,ERR,ERR,ERR,ERR,ERR,ERR,ERR,ERR,ERR,ERR,ERR,ERR,ERR,ERR,ERR,ERR,ERR,ERR,2.7184312818759872e+23,2.718431101732002e+23,0.0,-4.9501291711397626e+32,-2.012,1.3936040501711995e+18,7.805,8.558351388217734e+28,0,0,4,48927,6720,14723890282496.0,100,0.0,0.0,0.0,-4.9501291711397626e+32,0.0,0,0,0,0,0.0,0,0,0,0,0,0,0,0,0,0,0,0,0,0,0,0,0,0,0,0,0,0,0,0,0,0,0,0,0,0,0,0,0,26,51,50,76,65476,0,300,0,0,8,21553,0.0,-107605600.0,0.0,0.0,0.0,0.0,0.0,0.0,0.0,0.0,0.0,0.0,0.0,0.0,0.0,0.0,0.0,0.0,0.0,0.0,0.0,0.0,-2.004,2.004,-2.004,0.0,0.0,0.0,0.0,0.0,4779.0,1.587928030851661e+29,7278.0,2.7184312818759872e+23,0.0,-0.0,-107615392.0,0.0,0.0,0.0,0.0,77,0.0,89220.492,0.0,0.0,0.0,0.0,0.0,0.0,0.0,0,0,0,0.0,0.0,0.0,0.0,0.0,0.0,0.0,0.0,0.0,0.0,0.0,0.0,0.0,0.0,0.0,0.0,0,-107875648.0,77,0.0,154,0.0,0.0,ERR,ERR,ERR,ERR,ERR,ERR,ERR,ERR,ERR,ERR,ERR,ERR,ERR,ERR,ERR,ERR,ERR,ERR,ERR,ERR,ERR,ERR,ERR,ERR,ERR,ERR,ERR,ERR,ERR,ERR,ERR,ERR,ERR,ERR,ERR,ERR,ERR,ERR,ERR,ERR,ERR,ERR,ERR,ERR,ERR,ERR,ERR,ERR,ERR,ERR,ERR,ERR,ERR,ERR,ERR,ERR,ERR,ERR,ERR,ERR,ERR,ERR,ERR,ERR,ERR,ERR,ERR,34.0,80.0,35,0.0,0.0,0.0,0.0,0.0,0.0,0.0,0.0,0.0,0.0,0.0,0.0,0.0,0.0,0.0,0.0,66.4,0,120,58,53,65476,0,300,0,0,8,20529,65476,0,0,57672,80.0,0.0,0.0,0.0,0.0,0.0
2026-06-18T02:32:41,ERR,ERR,ERR,ERR,ERR,ERR,ERR,ERR,ERR,ERR,ERR,ERR,ERR,ERR,ERR,ERR,ERR,ERR,ERR,ERR,ERR,ERR,ERR,ERR,ERR,ERR,ERR,ERR,ERR,ERR,ERR,ERR,ERR,ERR,ERR,ERR,ERR,ERR,ERR,ERR,ERR,ERR,ERR,ERR,ERR,ERR,ERR,ERR,ERR,ERR,ERR,ERR,ERR,ERR,ERR,ERR,ERR,ERR,ERR,ERR,ERR,ERR,ERR,ERR,ERR,ERR,ERR,ERR,ERR,ERR,ERR,ERR,ERR,ERR,ERR,ERR,ERR,ERR,ERR,ERR,ERR,ERR,ERR,ERR,ERR,ERR,ERR,ERR,ERR,ERR,ERR,ERR,ERR,ERR,ERR,ERR,ERR,ERR,ERR,ERR,ERR,ERR,ERR,ERR,ERR,ERR,ERR,ERR,ERR,ERR,ERR,ERR,ERR,ERR,ERR,ERR,ERR,ERR,ERR,ERR,ERR,ERR,ERR,ERR,ERR,2.7184312818759872e+23,0.0,-0.0,-152005385388032.0,nan,1.3936040501711995e+18,7.805,-1161942663168.0,0,0,4,48959,6720,14723890282496.0,100,0.0,0.0,0.0,-152005385388032.0,0.0,0,0,0,0,0.0,0,0,0,0,0,0,0,0,0,0,0,0,0,0,0,0,0,0,0,0,0,0,0,0,0,0,0,0,0,0,0,0,0,26,51,50,76,65476,0,300,0,0,8,21553,0.0,-107605600.0,0.0,0.0,0.0,0.0,0.0,0.0,0.0,0.0,0.0,0.0,0.0,0.0,0.0,0.0,0.0,0.0,0.0,0.0,0.0,0.0,-2.004,2.004,-2.004,0.0,0.0,0.0,0.0,0.0,4780.0,564145363615744.0,7275.0,2.7184312818759872e+23,0.0,-0.0,-107615392.0,0.0,0.0,0.0,0.0,77,0.059,0.0,0.0,0.0,0.0,0.0,0.0,0.0,0.0,0,0,0,0.0,0.0,0.0,0.0,0.0,0.0,0.0,0.0,0.0,0.0,0.0,0.0,0.0,0.0,0.0,0.0,0,-107875648.0,77,0.0,154,0.0,0.0,ERR,ERR,ERR,ERR,ERR,ERR,ERR,ERR,ERR,ERR,ERR,ERR,ERR,ERR,ERR,ERR,ERR,ERR,ERR,ERR,ERR,ERR,ERR,ERR,ERR,ERR,ERR,ERR,ERR,ERR,ERR,ERR,ERR,ERR,ERR,ERR,ERR,ERR,ERR,ERR,ERR,ERR,ERR,ERR,ERR,ERR,ERR,ERR,ERR,ERR,ERR,ERR,ERR,ERR,ERR,ERR,ERR,ERR,ERR,ERR,ERR,ERR,ERR,ERR,ERR,ERR,ERR,34.0,80.0,35,0.0,0.0,0.0,0.0,0.0,0.0,0.0,0.0,0.0,0.0,0.0,0.0,0.0,0.0,0.0,0.0,65.6,0,120,58,53,65476,0,300,0,0,8,20529,65476,0,0,57672,80.0,0.0,0.0,0.0,0.0,0.0
2026-06-18T02:32:42,ERR,ERR,ERR,ERR,ERR,ERR,ERR,ERR,ERR,ERR,ERR,ERR,ERR,ERR,ERR,ERR,ERR,ERR,ERR,ERR,ERR,ERR,ERR,ERR,ERR,ERR,ERR,ERR,ERR,ERR,ERR,ERR,ERR,ERR,ERR,ERR,ERR,ERR,ERR,ERR,ERR,ERR,ERR,ERR,ERR,ERR,ERR,ERR,ERR,ERR,ERR,ERR,ERR,ERR,ERR,ERR,ERR,ERR,ERR,ERR,ERR,ERR,ERR,ERR,ERR,ERR,ERR,ERR,ERR,ERR,ERR,ERR,ERR,ERR,ERR,ERR,ERR,ERR,ERR,ERR,ERR,ERR,ERR,ERR,ERR,ERR,ERR,ERR,ERR,ERR,ERR,ERR,ERR,ERR,ERR,ERR,ERR,ERR,ERR,ERR,ERR,ERR,ERR,ERR,ERR,ERR,ERR,ERR,ERR,ERR,ERR,ERR,ERR,ERR,ERR,ERR,ERR,ERR,ERR,ERR,ERR,ERR,ERR,ERR,ERR,2.7184312818759872e+23,0.0,-0.0,-152005385388032.0,nan,1.3936040501711995e+18,7.805,-1161942663168.0,0,0,4,48959,6720,14723890282496.0,100,0.0,0.0,0.0,-152005385388032.0,0.0,0,0,0,0,0.0,0,0,0,0,0,0,0,0,0,0,0,0,0,0,0,0,0,0,0,0,0,0,0,0,0,0,0,0,0,0,0,0,0,26,51,50,76,65476,0,300,0,0,8,21553,0.0,-107605600.0,0.0,0.0,0.0,0.0,0.0,0.0,0.0,0.0,0.0,0.0,0.0,0.0,0.0,0.0,0.0,0.0,0.0,0.0,0.0,0.0,-2.004,2.004,-2.004,0.0,0.0,0.0,0.0,0.0,4780.0,564145363615744.0,7275.0,2.7184312818759872e+23,0.0,-0.0,-107615392.0,0.0,0.0,0.0,0.0,77,0.059,0.0,0.0,0.0,0.0,0.0,0.0,0.0,0.0,0,0,0,0.0,0.0,0.0,0.0,0.0,0.0,0.0,0.0,0.0,0.0,0.0,0.0,0.0,0.0,0.0,0.0,0,-107875648.0,77,0.0,154,0.0,0.0,ERR,ERR,ERR,ERR,ERR,ERR,ERR,ERR,ERR,ERR,ERR,ERR,ERR,ERR,ERR,ERR,ERR,ERR,ERR,ERR,ERR,ERR,ERR,ERR,ERR,ERR,ERR,ERR,ERR,ERR,ERR,ERR,ERR,ERR,ERR,ERR,ERR,ERR,ERR,ERR,ERR,ERR,ERR,ERR,ERR,ERR,ERR,ERR,ERR,ERR,ERR,ERR,ERR,ERR,ERR,ERR,ERR,ERR,ERR,ERR,ERR,ERR,ERR,ERR,ERR,ERR,ERR,34.0,80.0,35,0.0,0.0,0.0,0.0,0.0,0.0,0.0,0.0,0.0,0.0,0.0,0.0,0.0,0.0,0.0,0.0,65.6,0,120,58,53,65476,0,300,0,0,8,20529,65476,0,0,57672,80.0,0.0,0.0,0.0,0.0,0.0
2026-06-18T02:32:43,ERR,ERR,ERR,ERR,ERR,ERR,ERR,ERR,ERR,ERR,ERR,ERR,ERR,ERR,ERR,ERR,ERR,ERR,ERR,ERR,ERR,ERR,ERR,ERR,ERR,ERR,ERR,ERR,ERR,ERR,ERR,ERR,ERR,ERR,ERR,ERR,ERR,ERR,ERR,ERR,ERR,ERR,ERR,ERR,ERR,ERR,ERR,ERR,ERR,ERR,ERR,ERR,ERR,ERR,ERR,ERR,ERR,ERR,ERR,ERR,ERR,ERR,ERR,ERR,ERR,ERR,ERR,ERR,ERR,ERR,ERR,ERR,ERR,ERR,ERR,ERR,ERR,ERR,ERR,ERR,ERR,ERR,ERR,ERR,ERR,ERR,ERR,ERR,ERR,ERR,ERR,ERR,ERR,ERR,ERR,ERR,ERR,ERR,ERR,ERR,ERR,ERR,ERR,ERR,ERR,ERR,ERR,ERR,ERR,ERR,ERR,ERR,ERR,ERR,ERR,ERR,ERR,ERR,ERR,ERR,ERR,ERR,ERR,ERR,ERR,2.7184312818759872e+23,0.0,-0.0,-152005385388032.0,nan,1.3936040501711995e+18,7.805,-1161942663168.0,0,0,4,48959,6720,14723890282496.0,100,0.0,0.0,0.0,-152005385388032.0,0.0,0,0,0,0,0.0,0,0,0,0,0,0,0,0,0,0,0,0,0,0,0,0,0,0,0,0,0,0,0,0,0,0,0,0,0,0,0,0,0,26,51,50,76,65476,0,300,0,0,8,21553,0.0,-107605600.0,0.0,0.0,0.0,0.0,0.0,0.0,0.0,0.0,0.0,0.0,0.0,0.0,0.0,0.0,0.0,0.0,0.0,0.0,0.0,0.0,-2.004,2.004,-2.004,0.0,0.0,0.0,0.0,0.0,4780.0,564145363615744.0,7275.0,2.7184312818759872e+23,0.0,-0.0,-107615392.0,0.0,0.0,0.0,0.0,77,0.059,0.0,0.0,0.0,0.0,0.0,0.0,0.0,0.0,0,0,0,0.0,0.0,0.0,0.0,0.0,0.0,0.0,0.0,0.0,0.0,0.0,0.0,0.0,0.0,0.0,0.0,0,-107875648.0,77,0.0,154,0.0,0.0,ERR,ERR,ERR,ERR,ERR,ERR,ERR,ERR,ERR,ERR,ERR,ERR,ERR,ERR,ERR,ERR,ERR,ERR,ERR,ERR,ERR,ERR,ERR,ERR,ERR,ERR,ERR,ERR,ERR,ERR,ERR,ERR,ERR,ERR,ERR,ERR,ERR,ERR,ERR,ERR,ERR,ERR,ERR,ERR,ERR,ERR,ERR,ERR,ERR,ERR,ERR,ERR,ERR,ERR,ERR,ERR,ERR,ERR,ERR,ERR,ERR,ERR,ERR,ERR,ERR,ERR,ERR,34.0,80.0,35,0.0,0.0,0.0,0.0,0.0,0.0,0.0,0.0,0.0,0.0,0.0,0.0,0.0,0.0,0.0,0.0,65.6,0,120,58,53,65476,0,300,0,0,8,20529,65476,0,0,57672,80.0,0.0,0.0,0.0,0.0,0.0
2026-06-18T02:32:44,ERR,ERR,ERR,ERR,ERR,ERR,ERR,ERR,ERR,ERR,ERR,ERR,ERR,ERR,ERR,ERR,ERR,ERR,ERR,ERR,ERR,ERR,ERR,ERR,ERR,ERR,ERR,ERR,ERR,ERR,ERR,ERR,ERR,ERR,ERR,ERR,ERR,ERR,ERR,ERR,ERR,ERR,ERR,ERR,ERR,ERR,ERR,ERR,ERR,ERR,ERR,ERR,ERR,ERR,ERR,ERR,ERR,ERR,ERR,ERR,ERR,ERR,ERR,ERR,ERR,ERR,ERR,ERR,ERR,ERR,ERR,ERR,ERR,ERR,ERR,ERR,ERR,ERR,ERR,ERR,ERR,ERR,ERR,ERR,ERR,ERR,ERR,ERR,ERR,ERR,ERR,ERR,ERR,ERR,ERR,ERR,ERR,ERR,ERR,ERR,ERR,ERR,ERR,ERR,ERR,ERR,ERR,ERR,ERR,ERR,ERR,ERR,ERR,ERR,ERR,ERR,ERR,ERR,ERR,ERR,ERR,ERR,ERR,ERR,ERR,2.7184312818759872e+23,0.0,-0.0,-152005385388032.0,nan,1.3936040501711995e+18,7.805,-1161942663168.0,0,0,4,48959,6720,14723890282496.0,100,0.0,0.0,0.0,-152005385388032.0,0.0,0,0,0,0,0.0,0,0,0,0,0,0,0,0,0,0,0,0,0,0,0,0,0,0,0,0,0,0,0,0,0,0,0,0,0,0,0,0,0,26,51,50,76,65476,0,300,0,0,8,21553,0.0,-107605600.0,0.0,0.0,0.0,0.0,0.0,0.0,0.0,0.0,0.0,0.0,0.0,0.0,0.0,0.0,0.0,0.0,0.0,0.0,0.0,0.0,-2.004,2.004,-2.004,0.0,0.0,0.0,0.0,0.0,4780.0,564145363615744.0,7275.0,2.7184312818759872e+23,0.0,-0.0,-107615392.0,0.0,0.0,0.0,0.0,77,0.059,0.0,0.0,0.0,0.0,0.0,0.0,0.0,0.0,0,0,0,0.0,0.0,0.0,0.0,0.0,0.0,0.0,0.0,0.0,0.0,0.0,0.0,0.0,0.0,0.0,0.0,0,-107875648.0,77,0.0,154,0.0,0.0,ERR,ERR,ERR,ERR,ERR,ERR,ERR,ERR,ERR,ERR,ERR,ERR,ERR,ERR,ERR,ERR,ERR,ERR,ERR,ERR,ERR,ERR,ERR,ERR,ERR,ERR,ERR,ERR,ERR,ERR,ERR,ERR,ERR,ERR,ERR,ERR,ERR,ERR,ERR,ERR,ERR,ERR,ERR,ERR,ERR,ERR,ERR,ERR,ERR,ERR,ERR,ERR,ERR,ERR,ERR,ERR,ERR,ERR,ERR,ERR,ERR,ERR,ERR,ERR,ERR,ERR,ERR,34.0,80.0,35,0.0,0.0,0.0,0.0,0.0,0.0,0.0,0.0,0.0,0.0,0.0,0.0,0.0,0.0,0.0,0.0,65.6,0,120,58,53,65476,0,300,0,0,8,20529,65476,0,0,57672,80.0,0.0,0.0,0.0,0.0,0.0
2026-06-18T02:32:45,ERR,ERR,ERR,ERR,ERR,ERR,ERR,ERR,ERR,ERR,ERR,ERR,ERR,ERR,ERR,ERR,ERR,ERR,ERR,ERR,ERR,ERR,ERR,ERR,ERR,ERR,ERR,ERR,ERR,ERR,ERR,ERR,ERR,ERR,ERR,ERR,ERR,ERR,ERR,ERR,ERR,ERR,ERR,ERR,ERR,ERR,ERR,ERR,ERR,ERR,ERR,ERR,ERR,ERR,ERR,ERR,ERR,ERR,ERR,ERR,ERR,ERR,ERR,ERR,ERR,ERR,ERR,ERR,ERR,ERR,ERR,ERR,ERR,ERR,ERR,ERR,ERR,ERR,ERR,ERR,ERR,ERR,ERR,ERR,ERR,ERR,ERR,ERR,ERR,ERR,ERR,ERR,ERR,ERR,ERR,ERR,ERR,ERR,ERR,ERR,ERR,ERR,ERR,ERR,ERR,ERR,ERR,ERR,ERR,ERR,ERR,ERR,ERR,ERR,ERR,ERR,ERR,ERR,ERR,ERR,ERR,ERR,ERR,ERR,ERR,2.7184312818759872e+23,0.0,-0.0,-152005385388032.0,nan,1.3936040501711995e+18,7.805,-1161942663168.0,0,0,4,48959,6720,14723890282496.0,100,0.0,0.0,0.0,-152005385388032.0,0.0,0,0,0,0,0.0,0,0,0,0,0,0,0,0,0,0,0,0,0,0,0,0,0,0,0,0,0,0,0,0,0,0,0,0,0,0,0,0,0,26,51,50,76,65476,0,300,0,0,8,21553,0.0,-107605600.0,0.0,0.0,0.0,0.0,0.0,0.0,0.0,0.0,0.0,0.0,0.0,0.0,0.0,0.0,0.0,0.0,0.0,0.0,0.0,0.0,-2.004,2.004,-2.004,0.0,0.0,0.0,0.0,0.0,4780.0,564145363615744.0,7275.0,2.7184312818759872e+23,0.0,-0.0,-107615392.0,0.0,0.0,0.0,0.0,77,0.059,0.0,0.0,0.0,0.0,0.0,0.0,0.0,0.0,0,0,0,0.0,0.0,0.0,0.0,0.0,0.0,0.0,0.0,0.0,0.0,0.0,0.0,0.0,0.0,0.0,0.0,0,-107875648.0,77,0.0,154,0.0,0.0,ERR,ERR,ERR,ERR,ERR,ERR,ERR,ERR,ERR,ERR,ERR,ERR,ERR,ERR,ERR,ERR,ERR,ERR,ERR,ERR,ERR,ERR,ERR,ERR,ERR,ERR,ERR,ERR,ERR,ERR,ERR,ERR,ERR,ERR,ERR,ERR,ERR,ERR,ERR,ERR,ERR,ERR,ERR,ERR,ERR,ERR,ERR,ERR,ERR,ERR,ERR,ERR,ERR,ERR,ERR,ERR,ERR,ERR,ERR,ERR,ERR,ERR,ERR,ERR,ERR,ERR,ERR,34.0,80.0,35,0.0,0.0,0.0,0.0,0.0,0.0,0.0,0.0,0.0,0.0,0.0,0.0,0.0,0.0,0.0,0.0,65.6,0,120,58,53,65476,0,300,0,0,8,20529,65476,0,0,57672,80.0,0.0,0.0,0.0,0.0,0.0
2026-06-18T02:32:46,ERR,ERR,ERR,ERR,ERR,ERR,ERR,ERR,ERR,ERR,ERR,ERR,ERR,ERR,ERR,ERR,ERR,ERR,ERR,ERR,ERR,ERR,ERR,ERR,ERR,ERR,ERR,ERR,ERR,ERR,ERR,ERR,ERR,ERR,ERR,ERR,ERR,ERR,ERR,ERR,ERR,ERR,ERR,ERR,ERR,ERR,ERR,ERR,ERR,ERR,ERR,ERR,ERR,ERR,ERR,ERR,ERR,ERR,ERR,ERR,ERR,ERR,ERR,ERR,ERR,ERR,ERR,ERR,ERR,ERR,ERR,ERR,ERR,ERR,ERR,ERR,ERR,ERR,ERR,ERR,ERR,ERR,ERR,ERR,ERR,ERR,ERR,ERR,ERR,ERR,ERR,ERR,ERR,ERR,ERR,ERR,ERR,ERR,ERR,ERR,ERR,ERR,ERR,ERR,ERR,ERR,ERR,ERR,ERR,ERR,ERR,ERR,ERR,ERR,ERR,ERR,ERR,ERR,ERR,ERR,ERR,ERR,ERR,ERR,ERR,2.7184312818759872e+23,0.0,-0.0,-0.0,nan,1.3936040501711995e+18,7.805,1.2122276757504e+16,0,0,4,48927,6720,14723890282496.0,100,0.0,0.0,0.0,-4.9501291711397626e+32,0.0,0,0,0,0,0.0,0,0,0,0,0,0,0,0,0,0,0,0,0,0,0,0,0,0,0,0,0,0,0,0,0,0,0,0,0,0,0,0,0,26,51,50,76,65476,0,300,0,0,8,21553,0.0,-107605600.0,0.0,0.0,0.0,0.0,0.0,0.0,0.0,0.0,0.0,0.0,0.0,0.0,0.0,0.0,0.0,0.0,0.0,0.0,0.0,0.0,-2.004,2.004,-2.004,0.0,0.0,0.0,0.0,0.0,4778.0,2.422985886919649e+24,7277.0,2.7184312818759872e+23,0.0,-0.0,-107615392.0,0.0,0.0,0.0,0.0,77,0.0,0.059,0.0,0.0,0.0,0.0,0.0,0.0,0.0,0,0,0,0.0,0.0,0.0,0.0,0.0,0.0,0.0,0.0,0.0,0.0,0.0,0.0,0.0,0.0,0.0,0.0,0,-107875648.0,77,0.0,154,0.0,0.0,ERR,ERR,ERR,ERR,ERR,ERR,ERR,ERR,ERR,ERR,ERR,ERR,ERR,ERR,ERR,ERR,ERR,ERR,ERR,ERR,ERR,ERR,ERR,ERR,ERR,ERR,ERR,ERR,ERR,ERR,ERR,ERR,ERR,ERR,ERR,ERR,ERR,ERR,ERR,ERR,ERR,ERR,ERR,ERR,ERR,ERR,ERR,ERR,ERR,ERR,ERR,ERR,ERR,ERR,ERR,ERR,ERR,ERR,ERR,ERR,ERR,ERR,ERR,ERR,ERR,ERR,ERR,34.0,80.0,35,0.0,0.0,0.0,0.0,0.0,0.0,0.0,0.0,0.0,0.0,0.0,0.0,0.0,0.0,0.0,0.0,65.6,0,120,58,53,65476,0,300,0,0,8,20529,65476,0,0,57672,80.0,0.0,0.0,0.0,0.0,0.0
2026-06-18T02:32:47,ERR,ERR,ERR,ERR,ERR,ERR,ERR,ERR,ERR,ERR,ERR,ERR,ERR,ERR,ERR,ERR,ERR,ERR,ERR,ERR,ERR,ERR,ERR,ERR,ERR,ERR,ERR,ERR,ERR,ERR,ERR,ERR,ERR,ERR,ERR,ERR,ERR,ERR,ERR,ERR,ERR,ERR,ERR,ERR,ERR,ERR,ERR,ERR,ERR,ERR,ERR,ERR,ERR,ERR,ERR,ERR,ERR,ERR,ERR,ERR,ERR,ERR,ERR,ERR,ERR,ERR,ERR,ERR,ERR,ERR,ERR,ERR,ERR,ERR,ERR,ERR,ERR,ERR,ERR,ERR,ERR,ERR,ERR,ERR,ERR,ERR,ERR,ERR,ERR,ERR,ERR,ERR,ERR,ERR,ERR,ERR,ERR,ERR,ERR,ERR,ERR,ERR,ERR,ERR,ERR,ERR,ERR,ERR,ERR,ERR,ERR,ERR,ERR,ERR,ERR,ERR,ERR,ERR,ERR,ERR,ERR,ERR,ERR,ERR,ERR,2.7184312818759872e+23,0.0,-0.0,-0.0,nan,1.3936040501711995e+18,7.805,1.2122276757504e+16,0,0,4,48927,6720,14723890282496.0,100,0.0,0.0,0.0,-4.9501291711397626e+32,0.0,0,0,0,0,0.0,0,0,0,0,0,0,0,0,0,0,0,0,0,0,0,0,0,0,0,0,0,0,0,0,0,0,0,0,0,0,0,0,0,26,51,50,76,65476,0,300,0,0,8,21553,0.0,-107605600.0,0.0,0.0,0.0,0.0,0.0,0.0,0.0,0.0,0.0,0.0,0.0,0.0,0.0,0.0,0.0,0.0,0.0,0.0,0.0,0.0,-2.004,2.004,-2.004,0.0,0.0,0.0,0.0,0.0,4778.0,2.422985886919649e+24,7277.0,2.7184312818759872e+23,0.0,-0.0,-107615392.0,0.0,0.0,0.0,0.0,77,0.0,0.059,0.0,0.0,0.0,0.0,0.0,0.0,0.0,0,0,0,0.0,0.0,0.0,0.0,0.0,0.0,0.0,0.0,0.0,0.0,0.0,0.0,0.0,0.0,0.0,0.0,0,-107875648.0,77,0.0,154,0.0,0.0,ERR,ERR,ERR,ERR,ERR,ERR,ERR,ERR,ERR,ERR,ERR,ERR,ERR,ERR,ERR,ERR,ERR,ERR,ERR,ERR,ERR,ERR,ERR,ERR,ERR,ERR,ERR,ERR,ERR,ERR,ERR,ERR,ERR,ERR,ERR,ERR,ERR,ERR,ERR,ERR,ERR,ERR,ERR,ERR,ERR,ERR,ERR,ERR,ERR,ERR,ERR,ERR,ERR,ERR,ERR,ERR,ERR,ERR,ERR,ERR,ERR,ERR,ERR,ERR,ERR,ERR,ERR,34.0,80.0,35,0.0,0.0,0.0,0.0,0.0,0.0,0.0,0.0,0.0,0.0,0.0,0.0,0.0,0.0,0.0,0.0,65.6,0,120,58,53,65476,0,300,0,0,8,20529,65476,0,0,57672,80.0,0.0,0.0,0.0,0.0,0.0
2026-06-18T02:32:48,ERR,ERR,ERR,ERR,ERR,ERR,ERR,ERR,ERR,ERR,ERR,ERR,ERR,ERR,ERR,ERR,ERR,ERR,ERR,ERR,ERR,ERR,ERR,ERR,ERR,ERR,ERR,ERR,ERR,ERR,ERR,ERR,ERR,ERR,ERR,ERR,ERR,ERR,ERR,ERR,ERR,ERR,ERR,ERR,ERR,ERR,ERR,ERR,ERR,ERR,ERR,ERR,ERR,ERR,ERR,ERR,ERR,ERR,ERR,ERR,ERR,ERR,ERR,ERR,ERR,ERR,ERR,ERR,ERR,ERR,ERR,ERR,ERR,ERR,ERR,ERR,ERR,ERR,ERR,ERR,ERR,ERR,ERR,ERR,ERR,ERR,ERR,ERR,ERR,ERR,ERR,ERR,ERR,ERR,ERR,ERR,ERR,ERR,ERR,ERR,ERR,ERR,ERR,ERR,ERR,ERR,ERR,ERR,ERR,ERR,ERR,ERR,ERR,ERR,ERR,ERR,ERR,ERR,ERR,ERR,ERR,ERR,ERR,ERR,ERR,2.7184312818759872e+23,0.0,-0.0,-0.0,nan,1.3936040501711995e+18,7.805,1.2122276757504e+16,0,0,4,48927,6720,14723890282496.0,100,0.0,0.0,0.0,-4.9501291711397626e+32,0.0,0,0,0,0,0.0,0,0,0,0,0,0,0,0,0,0,0,0,0,0,0,0,0,0,0,0,0,0,0,0,0,0,0,0,0,0,0,0,0,26,51,50,76,65476,0,300,0,0,8,21553,0.0,-107605600.0,0.0,0.0,0.0,0.0,0.0,0.0,0.0,0.0,0.0,0.0,0.0,0.0,0.0,0.0,0.0,0.0,0.0,0.0,0.0,0.0,-2.004,2.004,-2.004,0.0,0.0,0.0,0.0,0.0,4778.0,2.422985886919649e+24,7277.0,2.7184312818759872e+23,0.0,-0.0,-107615392.0,0.0,0.0,0.0,0.0,77,0.0,0.059,0.0,0.0,0.0,0.0,0.0,0.0,0.0,0,0,0,0.0,0.0,0.0,0.0,0.0,0.0,0.0,0.0,0.0,0.0,0.0,0.0,0.0,0.0,0.0,0.0,0,-107875648.0,77,0.0,154,0.0,0.0,ERR,ERR,ERR,ERR,ERR,ERR,ERR,ERR,ERR,ERR,ERR,ERR,ERR,ERR,ERR,ERR,ERR,ERR,ERR,ERR,ERR,ERR,ERR,ERR,ERR,ERR,ERR,ERR,ERR,ERR,ERR,ERR,ERR,ERR,ERR,ERR,ERR,ERR,ERR,ERR,ERR,ERR,ERR,ERR,ERR,ERR,ERR,ERR,ERR,ERR,ERR,ERR,ERR,ERR,ERR,ERR,ERR,ERR,ERR,ERR,ERR,ERR,ERR,ERR,ERR,ERR,ERR,34.0,80.0,35,0.0,0.0,0.0,0.0,0.0,0.0,0.0,0.0,0.0,0.0,0.0,0.0,0.0,0.0,0.0,0.0,66.4,0,120,58,53,65476,0,300,0,0,8,20529,65476,0,0,57672,80.0,0.0,0.0,0.0,0.0,0.0
2026-06-18T02:32:49,ERR,ERR,ERR,ERR,ERR,ERR,ERR,ERR,ERR,ERR,ERR,ERR,ERR,ERR,ERR,ERR,ERR,ERR,ERR,ERR,ERR,ERR,ERR,ERR,ERR,ERR,ERR,ERR,ERR,ERR,ERR,ERR,ERR,ERR,ERR,ERR,ERR,ERR,ERR,ERR,ERR,ERR,ERR,ERR,ERR,ERR,ERR,ERR,ERR,ERR,ERR,ERR,ERR,ERR,ERR,ERR,ERR,ERR,ERR,ERR,ERR,ERR,ERR,ERR,ERR,ERR,ERR,ERR,ERR,ERR,ERR,ERR,ERR,ERR,ERR,ERR,ERR,ERR,ERR,ERR,ERR,ERR,ERR,ERR,ERR,ERR,ERR,ERR,ERR,ERR,ERR,ERR,ERR,ERR,ERR,ERR,ERR,ERR,ERR,ERR,ERR,ERR,ERR,ERR,ERR,ERR,ERR,ERR,ERR,ERR,ERR,ERR,ERR,ERR,ERR,ERR,ERR,ERR,ERR,ERR,ERR,ERR,ERR,ERR,ERR,2.7184312818759872e+23,0.0,-0.0,-0.0,nan,1.3936040501711995e+18,7.805,1.2122276757504e+16,0,0,4,48927,6720,14723890282496.0,100,0.0,0.0,0.0,-4.9501291711397626e+32,0.0,0,0,0,0,0.0,0,0,0,0,0,0,0,0,0,0,0,0,0,0,0,0,0,0,0,0,0,0,0,0,0,0,0,0,0,0,0,0,0,26,51,50,76,65476,0,300,0,0,8,21553,0.0,-107605600.0,0.0,0.0,0.0,0.0,0.0,0.0,0.0,0.0,0.0,0.0,0.0,0.0,0.0,0.0,0.0,0.0,0.0,0.0,0.0,0.0,-2.004,2.004,-2.004,0.0,0.0,0.0,0.0,0.0,4778.0,2.422985886919649e+24,7277.0,2.7184312818759872e+23,0.0,-0.0,-107615392.0,0.0,0.0,0.0,0.0,77,0.0,0.059,0.0,0.0,0.0,0.0,0.0,0.0,0.0,0,0,0,0.0,0.0,0.0,0.0,0.0,0.0,0.0,0.0,0.0,0.0,0.0,0.0,0.0,0.0,0.0,0.0,0,-107875648.0,77,0.0,154,0.0,0.0,ERR,ERR,ERR,ERR,ERR,ERR,ERR,ERR,ERR,ERR,ERR,ERR,ERR,ERR,ERR,ERR,ERR,ERR,ERR,ERR,ERR,ERR,ERR,ERR,ERR,ERR,ERR,ERR,ERR,ERR,ERR,ERR,ERR,ERR,ERR,ERR,ERR,ERR,ERR,ERR,ERR,ERR,ERR,ERR,ERR,ERR,ERR,ERR,ERR,ERR,ERR,ERR,ERR,ERR,ERR,ERR,ERR,ERR,ERR,ERR,ERR,ERR,ERR,ERR,ERR,ERR,ERR,34.0,80.0,35,0.0,0.0,0.0,0.0,0.0,0.0,0.0,0.0,0.0,0.0,0.0,0.0,0.0,0.0,0.0,0.0,66.4,0,120,58,53,65476,0,300,0,0,8,20529,65476,0,0,57672,80.0,0.0,0.0,0.0,0.0,0.0
2026-06-18T02:32:50,ERR,ERR,ERR,ERR,ERR,ERR,ERR,ERR,ERR,ERR,ERR,ERR,ERR,ERR,ERR,ERR,ERR,ERR,ERR,ERR,ERR,ERR,ERR,ERR,ERR,ERR,ERR,ERR,ERR,ERR,ERR,ERR,ERR,ERR,ERR,ERR,ERR,ERR,ERR,ERR,ERR,ERR,ERR,ERR,ERR,ERR,ERR,ERR,ERR,ERR,ERR,ERR,ERR,ERR,ERR,ERR,ERR,ERR,ERR,ERR,ERR,ERR,ERR,ERR,ERR,ERR,ERR,ERR,ERR,ERR,ERR,ERR,ERR,ERR,ERR,ERR,ERR,ERR,ERR,ERR,ERR,ERR,ERR,ERR,ERR,ERR,ERR,ERR,ERR,ERR,ERR,ERR,ERR,ERR,ERR,ERR,ERR,ERR,ERR,ERR,ERR,ERR,ERR,ERR,ERR,ERR,ERR,ERR,ERR,ERR,ERR,ERR,ERR,ERR,ERR,ERR,ERR,ERR,ERR,ERR,ERR,ERR,ERR,ERR,ERR,2.7184312818759872e+23,0.0,-0.0,-0.0,nan,1.3936040501711995e+18,7.805,1.2122276757504e+16,0,0,4,48927,6720,14723890282496.0,100,0.0,0.0,0.0,-4.9501291711397626e+32,0.0,0,0,0,0,0.0,0,0,0,0,0,0,0,0,0,0,0,0,0,0,0,0,0,0,0,0,0,0,0,0,0,0,0,0,0,0,0,0,0,26,51,50,76,65476,0,300,0,0,8,21553,0.0,-107605600.0,0.0,0.0,0.0,0.0,0.0,0.0,0.0,0.0,0.0,0.0,0.0,0.0,0.0,0.0,0.0,0.0,0.0,0.0,0.0,0.0,-2.004,2.004,-2.004,0.0,0.0,0.0,0.0,0.0,4778.0,2.422985886919649e+24,7277.0,2.7184312818759872e+23,0.0,-0.0,-107615392.0,0.0,0.0,0.0,0.0,77,0.0,0.059,0.0,0.0,0.0,0.0,0.0,0.0,0.0,0,0,0,0.0,0.0,0.0,0.0,0.0,0.0,0.0,0.0,0.0,0.0,0.0,0.0,0.0,0.0,0.0,0.0,0,-107875648.0,77,0.0,154,0.0,0.0,ERR,ERR,ERR,ERR,ERR,ERR,ERR,ERR,ERR,ERR,ERR,ERR,ERR,ERR,ERR,ERR,ERR,ERR,ERR,ERR,ERR,ERR,ERR,ERR,ERR,ERR,ERR,ERR,ERR,ERR,ERR,ERR,ERR,ERR,ERR,ERR,ERR,ERR,ERR,ERR,ERR,ERR,ERR,ERR,ERR,ERR,ERR,ERR,ERR,ERR,ERR,ERR,ERR,ERR,ERR,ERR,ERR,ERR,ERR,ERR,ERR,ERR,ERR,ERR,ERR,ERR,ERR,34.0,80.0,35,0.0,0.0,0.0,0.0,0.0,0.0,0.0,0.0,0.0,0.0,0.0,0.0,0.0,0.0,0.0,0.0,66.4,0,120,58,53,65476,0,300,0,0,8,20529,65476,0,0,57672,80.0,0.0,0.0,0.0,0.0,0.0
2026-06-18T02:32:51,ERR,ERR,ERR,ERR,ERR,ERR,ERR,ERR,ERR,ERR,ERR,ERR,ERR,ERR,ERR,ERR,ERR,ERR,ERR,ERR,ERR,ERR,ERR,ERR,ERR,ERR,ERR,ERR,ERR,ERR,ERR,ERR,ERR,ERR,ERR,ERR,ERR,ERR,ERR,ERR,ERR,ERR,ERR,ERR,ERR,ERR,ERR,ERR,ERR,ERR,ERR,ERR,ERR,ERR,ERR,ERR,ERR,ERR,ERR,ERR,ERR,ERR,ERR,ERR,ERR,ERR,ERR,ERR,ERR,ERR,ERR,ERR,ERR,ERR,ERR,ERR,ERR,ERR,ERR,ERR,ERR,ERR,ERR,ERR,ERR,ERR,ERR,ERR,ERR,ERR,ERR,ERR,ERR,ERR,ERR,ERR,ERR,ERR,ERR,ERR,ERR,ERR,ERR,ERR,ERR,ERR,ERR,ERR,ERR,ERR,ERR,ERR,ERR,ERR,ERR,ERR,ERR,ERR,ERR,ERR,ERR,ERR,ERR,ERR,ERR,2.7184312818759872e+23,0.0,-0.0,0.0,nan,1.3936040501711995e+18,7.805,118629576.0,0,0,4,48932,6720,14723890282496.0,100,0.0,0.0,0.0,0.0,0.0,0,0,0,0,0.0,0,0,0,0,0,0,0,0,0,0,0,0,0,0,0,0,0,0,0,0,0,0,0,0,0,0,0,0,0,0,0,0,0,26,51,50,76,65476,0,300,0,0,8,21553,0.0,-107605600.0,0.0,0.0,0.0,0.0,0.0,0.0,0.0,0.0,0.0,0.0,0.0,0.0,0.0,0.0,0.0,0.0,0.0,0.0,0.0,0.0,-2.004,2.004,-2.004,0.0,0.0,0.0,0.0,0.0,4779.0,1.587928030851661e+29,7278.0,2.7184312818759872e+23,0.0,-0.0,-107615392.0,0.0,0.0,0.0,0.0,77,0.0,89220.492,0.0,0.0,0.0,0.0,0.0,0.0,0.0,0,0,0,0.0,0.0,0.0,0.0,0.0,0.0,0.0,0.0,0.0,0.0,0.0,0.0,0.0,0.0,0.0,0.0,0,-107875648.0,77,0.0,154,0.0,0.0,ERR,ERR,ERR,ERR,ERR,ERR,ERR,ERR,ERR,ERR,ERR,ERR,ERR,ERR,ERR,ERR,ERR,ERR,ERR,ERR,ERR,ERR,ERR,ERR,ERR,ERR,ERR,ERR,ERR,ERR,ERR,ERR,ERR,ERR,ERR,ERR,ERR,ERR,ERR,ERR,ERR,ERR,ERR,ERR,ERR,ERR,ERR,ERR,ERR,ERR,ERR,ERR,ERR,ERR,ERR,ERR,ERR,ERR,ERR,ERR,ERR,ERR,ERR,ERR,ERR,ERR,ERR,34.0,80.0,35,0.0,0.0,0.0,0.0,0.0,0.0,0.0,0.0,0.0,0.0,0.0,0.0,0.0,0.0,0.0,0.0,66.4,0,120,58,53,65476,0,300,0,0,8,20529,65476,0,0,57672,80.0,0.0,0.0,0.0,0.0,0.0
2026-06-18T02:32:52,ERR,ERR,ERR,ERR,ERR,ERR,ERR,ERR,ERR,ERR,ERR,ERR,ERR,ERR,ERR,ERR,ERR,ERR,ERR,ERR,ERR,ERR,ERR,ERR,ERR,ERR,ERR,ERR,ERR,ERR,ERR,ERR,ERR,ERR,ERR,ERR,ERR,ERR,ERR,ERR,ERR,ERR,ERR,ERR,ERR,ERR,ERR,ERR,ERR,ERR,ERR,ERR,ERR,ERR,ERR,ERR,ERR,ERR,ERR,ERR,ERR,ERR,ERR,ERR,ERR,ERR,ERR,ERR,ERR,ERR,ERR,ERR,ERR,ERR,ERR,ERR,ERR,ERR,ERR,ERR,ERR,ERR,ERR,ERR,ERR,ERR,ERR,ERR,ERR,ERR,ERR,ERR,ERR,ERR,ERR,ERR,ERR,ERR,ERR,ERR,ERR,ERR,ERR,ERR,ERR,ERR,ERR,ERR,ERR,ERR,ERR,ERR,ERR,ERR,ERR,ERR,ERR,ERR,ERR,ERR,ERR,ERR,ERR,ERR,ERR,2.7184312818759872e+23,0.0,-0.0,0.0,nan,1.3936040501711995e+18,7.805,118629576.0,0,0,4,48932,6720,14723890282496.0,100,0.0,0.0,0.0,0.0,0.0,0,0,0,0,0.0,0,0,0,0,0,0,0,0,0,0,0,0,0,0,0,0,0,0,0,0,0,0,0,0,0,0,0,0,0,0,0,0,0,26,51,50,76,65476,0,300,0,0,8,21553,0.0,-107605600.0,0.0,0.0,0.0,0.0,0.0,0.0,0.0,0.0,0.0,0.0,0.0,0.0,0.0,0.0,0.0,0.0,0.0,0.0,0.0,0.0,-2.004,2.004,-2.004,0.0,0.0,0.0,0.0,0.0,4779.0,1.587928030851661e+29,7278.0,2.7184312818759872e+23,0.0,-0.0,-107615392.0,0.0,0.0,0.0,0.0,77,0.0,89220.492,0.0,0.0,0.0,0.0,0.0,0.0,0.0,0,0,0,0.0,0.0,0.0,0.0,0.0,0.0,0.0,0.0,0.0,0.0,0.0,0.0,0.0,0.0,0.0,0.0,0,-107875648.0,77,0.0,154,0.0,0.0,ERR,ERR,ERR,ERR,ERR,ERR,ERR,ERR,ERR,ERR,ERR,ERR,ERR,ERR,ERR,ERR,ERR,ERR,ERR,ERR,ERR,ERR,ERR,ERR,ERR,ERR,ERR,ERR,ERR,ERR,ERR,ERR,ERR,ERR,ERR,ERR,ERR,ERR,ERR,ERR,ERR,ERR,ERR,ERR,ERR,ERR,ERR,ERR,ERR,ERR,ERR,ERR,ERR,ERR,ERR,ERR,ERR,ERR,ERR,ERR,ERR,ERR,ERR,ERR,ERR,ERR,ERR,34.0,80.0,35,0.0,0.0,0.0,0.0,0.0,0.0,0.0,0.0,0.0,0.0,0.0,0.0,0.0,0.0,0.0,0.0,66.4,0,120,58,53,65476,0,300,0,0,8,20529,65476,0,0,57672,80.0,0.0,0.0,0.0,0.0,0.0
2026-06-18T02:32:53,ERR,ERR,ERR,ERR,ERR,ERR,ERR,ERR,ERR,ERR,ERR,ERR,ERR,ERR,ERR,ERR,ERR,ERR,ERR,ERR,ERR,ERR,ERR,ERR,ERR,ERR,ERR,ERR,ERR,ERR,ERR,ERR,ERR,ERR,ERR,ERR,ERR,ERR,ERR,ERR,ERR,ERR,ERR,ERR,ERR,ERR,ERR,ERR,ERR,ERR,ERR,ERR,ERR,ERR,ERR,ERR,ERR,ERR,ERR,ERR,ERR,ERR,ERR,ERR,ERR,ERR,ERR,ERR,ERR,ERR,ERR,ERR,ERR,ERR,ERR,ERR,ERR,ERR,ERR,ERR,ERR,ERR,ERR,ERR,ERR,ERR,ERR,ERR,ERR,ERR,ERR,ERR,ERR,ERR,ERR,ERR,ERR,ERR,ERR,ERR,ERR,ERR,ERR,ERR,ERR,ERR,ERR,ERR,ERR,ERR,ERR,ERR,ERR,ERR,ERR,ERR,ERR,ERR,ERR,ERR,ERR,ERR,ERR,ERR,ERR,2.7184312818759872e+23,0.0,-0.0,0.0,nan,1.3936040501711995e+18,7.805,118629576.0,0,0,4,48932,6720,14723890282496.0,100,0.0,0.0,0.0,0.0,0.0,0,0,0,0,0.0,0,0,0,0,0,0,0,0,0,0,0,0,0,0,0,0,0,0,0,0,0,0,0,0,0,0,0,0,0,0,0,0,0,26,51,50,76,65476,0,300,0,0,8,21553,0.0,-107605600.0,0.0,0.0,0.0,0.0,0.0,0.0,0.0,0.0,0.0,0.0,0.0,0.0,0.0,0.0,0.0,0.0,0.0,0.0,0.0,0.0,-2.004,2.004,-2.004,0.0,0.0,0.0,0.0,0.0,4779.0,1.587928030851661e+29,7278.0,2.7184312818759872e+23,0.0,-0.0,-107615392.0,0.0,0.0,0.0,0.0,77,0.0,89220.492,0.0,0.0,0.0,0.0,0.0,0.0,0.0,0,0,0,0.0,0.0,0.0,0.0,0.0,0.0,0.0,0.0,0.0,0.0,0.0,0.0,0.0,0.0,0.0,0.0,0,-107875648.0,77,0.0,154,0.0,0.0,ERR,ERR,ERR,ERR,ERR,ERR,ERR,ERR,ERR,ERR,ERR,ERR,ERR,ERR,ERR,ERR,ERR,ERR,ERR,ERR,ERR,ERR,ERR,ERR,ERR,ERR,ERR,ERR,ERR,ERR,ERR,ERR,ERR,ERR,ERR,ERR,ERR,ERR,ERR,ERR,ERR,ERR,ERR,ERR,ERR,ERR,ERR,ERR,ERR,ERR,ERR,ERR,ERR,ERR,ERR,ERR,ERR,ERR,ERR,ERR,ERR,ERR,ERR,ERR,ERR,ERR,ERR,34.0,80.0,35,0.0,0.0,0.0,0.0,0.0,0.0,0.0,0.0,0.0,0.0,0.0,0.0,0.0,0.0,0.0,0.0,66.4,0,120,58,53,65476,0,300,0,0,8,20529,65476,0,0,57672,80.0,0.0,0.0,0.0,0.0,0.0
2026-06-18T02:32:54,ERR,ERR,ERR,ERR,ERR,ERR,ERR,ERR,ERR,ERR,ERR,ERR,ERR,ERR,ERR,ERR,ERR,ERR,ERR,ERR,ERR,ERR,ERR,ERR,ERR,ERR,ERR,ERR,ERR,ERR,ERR,ERR,ERR,ERR,ERR,ERR,ERR,ERR,ERR,ERR,ERR,ERR,ERR,ERR,ERR,ERR,ERR,ERR,ERR,ERR,ERR,ERR,ERR,ERR,ERR,ERR,ERR,ERR,ERR,ERR,ERR,ERR,ERR,ERR,ERR,ERR,ERR,ERR,ERR,ERR,ERR,ERR,ERR,ERR,ERR,ERR,ERR,ERR,ERR,ERR,ERR,ERR,ERR,ERR,ERR,ERR,ERR,ERR,ERR,ERR,ERR,ERR,ERR,ERR,ERR,ERR,ERR,ERR,ERR,ERR,ERR,ERR,ERR,ERR,ERR,ERR,ERR,ERR,ERR,ERR,ERR,ERR,ERR,ERR,ERR,ERR,ERR,ERR,ERR,ERR,ERR,ERR,ERR,ERR,ERR,2.7184312818759872e+23,0.0,-0.0,0.0,nan,1.3936040501711995e+18,7.805,118629576.0,0,0,4,48932,6720,14723890282496.0,100,0.0,0.0,0.0,0.0,0.0,0,0,0,0,0.0,0,0,0,0,0,0,0,0,0,0,0,0,0,0,0,0,0,0,0,0,0,0,0,0,0,0,0,0,0,0,0,0,0,26,51,50,76,65476,0,300,0,0,8,21553,0.0,-107605600.0,0.0,0.0,0.0,0.0,0.0,0.0,0.0,0.0,0.0,0.0,0.0,0.0,0.0,0.0,0.0,0.0,0.0,0.0,0.0,0.0,-2.004,2.004,-2.004,0.0,0.0,0.0,0.0,0.0,4779.0,1.587928030851661e+29,7278.0,2.7184312818759872e+23,0.0,-0.0,-107615392.0,0.0,0.0,0.0,0.0,77,0.0,89220.492,0.0,0.0,0.0,0.0,0.0,0.0,0.0,0,0,0,0.0,0.0,0.0,0.0,0.0,0.0,0.0,0.0,0.0,0.0,0.0,0.0,0.0,0.0,0.0,0.0,0,-107875648.0,77,0.0,154,0.0,0.0,ERR,ERR,ERR,ERR,ERR,ERR,ERR,ERR,ERR,ERR,ERR,ERR,ERR,ERR,ERR,ERR,ERR,ERR,ERR,ERR,ERR,ERR,ERR,ERR,ERR,ERR,ERR,ERR,ERR,ERR,ERR,ERR,ERR,ERR,ERR,ERR,ERR,ERR,ERR,ERR,ERR,ERR,ERR,ERR,ERR,ERR,ERR,ERR,ERR,ERR,ERR,ERR,ERR,ERR,ERR,ERR,ERR,ERR,ERR,ERR,ERR,ERR,ERR,ERR,ERR,ERR,ERR,34.0,80.0,35,0.0,0.0,0.0,0.0,0.0,0.0,0.0,0.0,0.0,0.0,0.0,0.0,0.0,0.0,0.0,0.0,66.4,0,120,58,53,65476,0,300,0,0,8,20529,65476,0,0,57672,80.0,0.0,0.0,0.0,0.0,0.0
2026-06-18T02:32:55,ERR,ERR,ERR,ERR,ERR,ERR,ERR,ERR,ERR,ERR,ERR,ERR,ERR,ERR,ERR,ERR,ERR,ERR,ERR,ERR,ERR,ERR,ERR,ERR,ERR,ERR,ERR,ERR,ERR,ERR,ERR,ERR,ERR,ERR,ERR,ERR,ERR,ERR,ERR,ERR,ERR,ERR,ERR,ERR,ERR,ERR,ERR,ERR,ERR,ERR,ERR,ERR,ERR,ERR,ERR,ERR,ERR,ERR,ERR,ERR,ERR,ERR,ERR,ERR,ERR,ERR,ERR,ERR,ERR,ERR,ERR,ERR,ERR,ERR,ERR,ERR,ERR,ERR,ERR,ERR,ERR,ERR,ERR,ERR,ERR,ERR,ERR,ERR,ERR,ERR,ERR,ERR,ERR,ERR,ERR,ERR,ERR,ERR,ERR,ERR,ERR,ERR,ERR,ERR,ERR,ERR,ERR,ERR,ERR,ERR,ERR,ERR,ERR,ERR,ERR,ERR,ERR,ERR,ERR,ERR,ERR,ERR,ERR,ERR,ERR,2.7184312818759872e+23,0.0,-0.0,0.0,nan,1.3936040501711995e+18,7.805,118629576.0,0,0,4,48932,6720,14723890282496.0,100,0.0,0.0,0.0,0.0,0.0,0,0,0,0,0.0,0,0,0,0,0,0,0,0,0,0,0,0,0,0,0,0,0,0,0,0,0,0,0,0,0,0,0,0,0,0,0,0,0,26,51,50,76,65476,0,300,0,0,8,21553,0.0,-107605600.0,0.0,0.0,0.0,0.0,0.0,0.0,0.0,0.0,0.0,0.0,0.0,0.0,0.0,0.0,0.0,0.0,0.0,0.0,0.0,0.0,-2.004,2.004,-2.004,0.0,0.0,0.0,0.0,0.0,4779.0,1.587928030851661e+29,7278.0,2.7184312818759872e+23,0.0,-0.0,-107615392.0,0.0,0.0,0.0,0.0,77,0.0,89220.492,0.0,0.0,0.0,0.0,0.0,0.0,0.0,0,0,0,0.0,0.0,0.0,0.0,0.0,0.0,0.0,0.0,0.0,0.0,0.0,0.0,0.0,0.0,0.0,0.0,0,-107875648.0,77,0.0,154,0.0,0.0,ERR,ERR,ERR,ERR,ERR,ERR,ERR,ERR,ERR,ERR,ERR,ERR,ERR,ERR,ERR,ERR,ERR,ERR,ERR,ERR,ERR,ERR,ERR,ERR,ERR,ERR,ERR,ERR,ERR,ERR,ERR,ERR,ERR,ERR,ERR,ERR,ERR,ERR,ERR,ERR,ERR,ERR,ERR,ERR,ERR,ERR,ERR,ERR,ERR,ERR,ERR,ERR,ERR,ERR,ERR,ERR,ERR,ERR,ERR,ERR,ERR,ERR,ERR,ERR,ERR,ERR,ERR,34.0,80.0,35,0.0,0.0,0.0,0.0,0.0,0.0,0.0,0.0,0.0,0.0,0.0,0.0,0.0,0.0,0.0,0.0,65.6,0,120,58,53,65476,0,300,0,0,8,20529,65476,0,0,57672,80.0,0.0,0.0,0.0,0.0,0.0
2026-06-18T02:32:56,ERR,ERR,ERR,ERR,ERR,ERR,ERR,ERR,ERR,ERR,ERR,ERR,ERR,ERR,ERR,ERR,ERR,ERR,ERR,ERR,ERR,ERR,ERR,ERR,ERR,ERR,ERR,ERR,ERR,ERR,ERR,ERR,ERR,ERR,ERR,ERR,ERR,ERR,ERR,ERR,ERR,ERR,ERR,ERR,ERR,ERR,ERR,ERR,ERR,ERR,ERR,ERR,ERR,ERR,ERR,ERR,ERR,ERR,ERR,ERR,ERR,ERR,ERR,ERR,ERR,ERR,ERR,ERR,ERR,ERR,ERR,ERR,ERR,ERR,ERR,ERR,ERR,ERR,ERR,ERR,ERR,ERR,ERR,ERR,ERR,ERR,ERR,ERR,ERR,ERR,ERR,ERR,ERR,ERR,ERR,ERR,ERR,ERR,ERR,ERR,ERR,ERR,ERR,ERR,ERR,ERR,ERR,ERR,ERR,ERR,ERR,ERR,ERR,ERR,ERR,ERR,ERR,ERR,ERR,ERR,ERR,ERR,ERR,ERR,ERR,2.7184312818759872e+23,0.0,-0.0,89215.008,nan,1.3936040501711995e+18,7.805,-1.2121118219281682e+20,0,0,4,48927,6720,14723890282496.0,100,0.0,0.0,0.0,-0.0,0.0,0,0,0,0,0.0,0,0,0,0,0,0,0,0,0,0,0,0,0,0,0,0,0,0,0,0,0,0,0,0,0,0,0,0,0,0,0,0,0,26,51,50,76,65476,0,300,0,0,8,21553,0.0,-107605600.0,0.0,0.0,0.0,0.0,0.0,0.0,0.0,0.0,0.0,0.0,0.0,0.0,0.0,0.0,0.0,0.0,0.0,0.0,0.0,0.0,-2.004,2.004,-2.004,0.0,0.0,0.0,0.0,0.0,4780.0,1.587928030851661e+29,7278.0,2.7184312818759872e+23,0.0,-0.0,-107615392.0,0.0,0.0,0.0,0.0,77,0.059,89220.492,0.0,0.0,0.0,0.0,0.0,0.0,0.0,0,0,0,0.0,0.0,0.0,0.0,0.0,0.0,0.0,0.0,0.0,0.0,0.0,0.0,0.0,0.0,0.0,0.0,0,-107875648.0,77,0.0,154,0.0,0.0,ERR,ERR,ERR,ERR,ERR,ERR,ERR,ERR,ERR,ERR,ERR,ERR,ERR,ERR,ERR,ERR,ERR,ERR,ERR,ERR,ERR,ERR,ERR,ERR,ERR,ERR,ERR,ERR,ERR,ERR,ERR,ERR,ERR,ERR,ERR,ERR,ERR,ERR,ERR,ERR,ERR,ERR,ERR,ERR,ERR,ERR,ERR,ERR,ERR,ERR,ERR,ERR,ERR,ERR,ERR,ERR,ERR,ERR,ERR,ERR,ERR,ERR,ERR,ERR,ERR,ERR,ERR,34.0,80.0,35,0.0,0.0,0.0,0.0,0.0,0.0,0.0,0.0,0.0,0.0,0.0,0.0,0.0,0.0,0.0,0.0,65.6,0,120,58,53,65476,0,300,0,0,8,20529,65476,0,0,57672,80.0,0.0,0.0,0.0,0.0,0.0
2026-06-18T02:32:57,ERR,ERR,ERR,ERR,ERR,ERR,ERR,ERR,ERR,ERR,ERR,ERR,ERR,ERR,ERR,ERR,ERR,ERR,ERR,ERR,ERR,ERR,ERR,ERR,ERR,ERR,ERR,ERR,ERR,ERR,ERR,ERR,ERR,ERR,ERR,ERR,ERR,ERR,ERR,ERR,ERR,ERR,ERR,ERR,ERR,ERR,ERR,ERR,ERR,ERR,ERR,ERR,ERR,ERR,ERR,ERR,ERR,ERR,ERR,ERR,ERR,ERR,ERR,ERR,ERR,ERR,ERR,ERR,ERR,ERR,ERR,ERR,ERR,ERR,ERR,ERR,ERR,ERR,ERR,ERR,ERR,ERR,ERR,ERR,ERR,ERR,ERR,ERR,ERR,ERR,ERR,ERR,ERR,ERR,ERR,ERR,ERR,ERR,ERR,ERR,ERR,ERR,ERR,ERR,ERR,ERR,ERR,ERR,ERR,ERR,ERR,ERR,ERR,ERR,ERR,ERR,ERR,ERR,ERR,ERR,ERR,ERR,ERR,ERR,ERR,2.7184312818759872e+23,0.0,-0.0,89215.008,nan,1.3936040501711995e+18,7.805,-1.2121118219281682e+20,0,0,4,48927,6720,14723890282496.0,100,0.0,0.0,0.0,-0.0,0.0,0,0,0,0,0.0,0,0,0,0,0,0,0,0,0,0,0,0,0,0,0,0,0,0,0,0,0,0,0,0,0,0,0,0,0,0,0,0,0,26,51,50,76,65476,0,300,0,0,8,21553,0.0,-107605600.0,0.0,0.0,0.0,0.0,0.0,0.0,0.0,0.0,0.0,0.0,0.0,0.0,0.0,0.0,0.0,0.0,0.0,0.0,0.0,0.0,-2.004,2.004,-2.004,0.0,0.0,0.0,0.0,0.0,4780.0,1.587928030851661e+29,7278.0,2.7184312818759872e+23,0.0,-0.0,-107615392.0,0.0,0.0,0.0,0.0,77,0.059,89220.492,0.0,0.0,0.0,0.0,0.0,0.0,0.0,0,0,0,0.0,0.0,0.0,0.0,0.0,0.0,0.0,0.0,0.0,0.0,0.0,0.0,0.0,0.0,0.0,0.0,0,-107875648.0,77,0.0,154,0.0,0.0,ERR,ERR,ERR,ERR,ERR,ERR,ERR,ERR,ERR,ERR,ERR,ERR,ERR,ERR,ERR,ERR,ERR,ERR,ERR,ERR,ERR,ERR,ERR,ERR,ERR,ERR,ERR,ERR,ERR,ERR,ERR,ERR,ERR,ERR,ERR,ERR,ERR,ERR,ERR,ERR,ERR,ERR,ERR,ERR,ERR,ERR,ERR,ERR,ERR,ERR,ERR,ERR,ERR,ERR,ERR,ERR,ERR,ERR,ERR,ERR,ERR,ERR,ERR,ERR,ERR,ERR,ERR,34.0,80.0,35,0.0,0.0,0.0,0.0,0.0,0.0,0.0,0.0,0.0,0.0,0.0,0.0,0.0,0.0,0.0,0.0,65.6,0,120,58,53,65476,0,300,0,0,8,20529,65476,0,0,57672,80.0,0.0,0.0,0.0,0.0,0.0
2026-06-18T02:32:58,ERR,ERR,ERR,ERR,ERR,ERR,ERR,ERR,ERR,ERR,ERR,ERR,ERR,ERR,ERR,ERR,ERR,ERR,ERR,ERR,ERR,ERR,ERR,ERR,ERR,ERR,ERR,ERR,ERR,ERR,ERR,ERR,ERR,ERR,ERR,ERR,ERR,ERR,ERR,ERR,ERR,ERR,ERR,ERR,ERR,ERR,ERR,ERR,ERR,ERR,ERR,ERR,ERR,ERR,ERR,ERR,ERR,ERR,ERR,ERR,ERR,ERR,ERR,ERR,ERR,ERR,ERR,ERR,ERR,ERR,ERR,ERR,ERR,ERR,ERR,ERR,ERR,ERR,ERR,ERR,ERR,ERR,ERR,ERR,ERR,ERR,ERR,ERR,ERR,ERR,ERR,ERR,ERR,ERR,ERR,ERR,ERR,ERR,ERR,ERR,ERR,ERR,ERR,ERR,ERR,ERR,ERR,ERR,ERR,ERR,ERR,ERR,ERR,ERR,ERR,ERR,ERR,ERR,ERR,ERR,ERR,ERR,ERR,ERR,ERR,2.7184312818759872e+23,0.0,-0.0,89215.008,nan,1.3936040501711995e+18,7.805,-1.2121118219281682e+20,0,0,4,48927,6720,14723890282496.0,100,0.0,0.0,0.0,-0.0,0.0,0,0,0,0,0.0,0,0,0,0,0,0,0,0,0,0,0,0,0,0,0,0,0,0,0,0,0,0,0,0,0,0,0,0,0,0,0,0,0,26,51,50,76,65476,0,300,0,0,8,21553,0.0,-107605600.0,0.0,0.0,0.0,0.0,0.0,0.0,0.0,0.0,0.0,0.0,0.0,0.0,0.0,0.0,0.0,0.0,0.0,0.0,0.0,0.0,-2.004,2.004,-2.004,0.0,0.0,0.0,0.0,0.0,4780.0,1.587928030851661e+29,7278.0,2.7184312818759872e+23,0.0,-0.0,-107615392.0,0.0,0.0,0.0,0.0,77,0.059,89220.492,0.0,0.0,0.0,0.0,0.0,0.0,0.0,0,0,0,0.0,0.0,0.0,0.0,0.0,0.0,0.0,0.0,0.0,0.0,0.0,0.0,0.0,0.0,0.0,0.0,0,-107875648.0,77,0.0,154,0.0,0.0,ERR,ERR,ERR,ERR,ERR,ERR,ERR,ERR,ERR,ERR,ERR,ERR,ERR,ERR,ERR,ERR,ERR,ERR,ERR,ERR,ERR,ERR,ERR,ERR,ERR,ERR,ERR,ERR,ERR,ERR,ERR,ERR,ERR,ERR,ERR,ERR,ERR,ERR,ERR,ERR,ERR,ERR,ERR,ERR,ERR,ERR,ERR,ERR,ERR,ERR,ERR,ERR,ERR,ERR,ERR,ERR,ERR,ERR,ERR,ERR,ERR,ERR,ERR,ERR,ERR,ERR,ERR,34.0,80.0,35,0.0,0.0,0.0,0.0,0.0,0.0,0.0,0.0,0.0,0.0,0.0,0.0,0.0,0.0,0.0,0.0,65.6,0,120,58,53,65476,0,300,0,0,8,20529,65476,0,0,57672,80.0,0.0,0.0,0.0,0.0,0.0
2026-06-18T02:32:59,ERR,ERR,ERR,ERR,ERR,ERR,ERR,ERR,ERR,ERR,ERR,ERR,ERR,ERR,ERR,ERR,ERR,ERR,ERR,ERR,ERR,ERR,ERR,ERR,ERR,ERR,ERR,ERR,ERR,ERR,ERR,ERR,ERR,ERR,ERR,ERR,ERR,ERR,ERR,ERR,ERR,ERR,ERR,ERR,ERR,ERR,ERR,ERR,ERR,ERR,ERR,ERR,ERR,ERR,ERR,ERR,ERR,ERR,ERR,ERR,ERR,ERR,ERR,ERR,ERR,ERR,ERR,ERR,ERR,ERR,ERR,ERR,ERR,ERR,ERR,ERR,ERR,ERR,ERR,ERR,ERR,ERR,ERR,ERR,ERR,ERR,ERR,ERR,ERR,ERR,ERR,ERR,ERR,ERR,ERR,ERR,ERR,ERR,ERR,ERR,ERR,ERR,ERR,ERR,ERR,ERR,ERR,ERR,ERR,ERR,ERR,ERR,ERR,ERR,ERR,ERR,ERR,ERR,ERR,ERR,ERR,ERR,ERR,ERR,ERR,2.7184312818759872e+23,0.0,-0.0,89215.008,nan,1.3936040501711995e+18,7.805,-1.2121118219281682e+20,0,0,4,48927,6720,14723890282496.0,100,0.0,0.0,0.0,-0.0,0.0,0,0,0,0,0.0,0,0,0,0,0,0,0,0,0,0,0,0,0,0,0,0,0,0,0,0,0,0,0,0,0,0,0,0,0,0,0,0,0,26,51,50,76,65476,0,300,0,0,8,21553,0.0,-107605600.0,0.0,0.0,0.0,0.0,0.0,0.0,0.0,0.0,0.0,0.0,0.0,0.0,0.0,0.0,0.0,0.0,0.0,0.0,0.0,0.0,-2.004,2.004,-2.004,0.0,0.0,0.0,0.0,0.0,4780.0,1.587928030851661e+29,7278.0,2.7184312818759872e+23,0.0,-0.0,-107615392.0,0.0,0.0,0.0,0.0,77,0.059,89220.492,0.0,0.0,0.0,0.0,0.0,0.0,0.0,0,0,0,0.0,0.0,0.0,0.0,0.0,0.0,0.0,0.0,0.0,0.0,0.0,0.0,0.0,0.0,0.0,0.0,0,-107875648.0,77,0.0,154,0.0,0.0,ERR,ERR,ERR,ERR,ERR,ERR,ERR,ERR,ERR,ERR,ERR,ERR,ERR,ERR,ERR,ERR,ERR,ERR,ERR,ERR,ERR,ERR,ERR,ERR,ERR,ERR,ERR,ERR,ERR,ERR,ERR,ERR,ERR,ERR,ERR,ERR,ERR,ERR,ERR,ERR,ERR,ERR,ERR,ERR,ERR,ERR,ERR,ERR,ERR,ERR,ERR,ERR,ERR,ERR,ERR,ERR,ERR,ERR,ERR,ERR,ERR,ERR,ERR,ERR,ERR,ERR,ERR,34.0,80.0,35,0.0,0.0,0.0,0.0,0.0,0.0,0.0,0.0,0.0,0.0,0.0,0.0,0.0,0.0,0.0,0.0,65.6,0,120,58,53,65476,0,300,0,0,8,20529,65476,0,0,57672,80.0,0.0,0.0,0.0,0.0,0.0
2026-06-18T02:33:00,ERR,ERR,ERR,ERR,ERR,ERR,ERR,ERR,ERR,ERR,ERR,ERR,ERR,ERR,ERR,ERR,ERR,ERR,ERR,ERR,ERR,ERR,ERR,ERR,ERR,ERR,ERR,ERR,ERR,ERR,ERR,ERR,ERR,ERR,ERR,ERR,ERR,ERR,ERR,ERR,ERR,ERR,ERR,ERR,ERR,ERR,ERR,ERR,ERR,ERR,ERR,ERR,ERR,ERR,ERR,ERR,ERR,ERR,ERR,ERR,ERR,ERR,ERR,ERR,ERR,ERR,ERR,ERR,ERR,ERR,ERR,ERR,ERR,ERR,ERR,ERR,ERR,ERR,ERR,ERR,ERR,ERR,ERR,ERR,ERR,ERR,ERR,ERR,ERR,ERR,ERR,ERR,ERR,ERR,ERR,ERR,ERR,ERR,ERR,ERR,ERR,ERR,ERR,ERR,ERR,ERR,ERR,ERR,ERR,ERR,ERR,ERR,ERR,ERR,ERR,ERR,ERR,ERR,ERR,ERR,ERR,ERR,ERR,ERR,ERR,2.7184312818759872e+23,0.0,-0.0,89215.008,nan,1.3936040501711995e+18,7.805,-1.2121118219281682e+20,0,0,4,48927,6720,14723890282496.0,100,0.0,0.0,0.0,-0.0,0.0,0,0,0,0,0.0,0,0,0,0,0,0,0,0,0,0,0,0,0,0,0,0,0,0,0,0,0,0,0,0,0,0,0,0,0,0,0,0,0,26,51,50,76,65476,0,300,0,0,8,21553,0.0,-107605600.0,0.0,0.0,0.0,0.0,0.0,0.0,0.0,0.0,0.0,0.0,0.0,0.0,0.0,0.0,0.0,0.0,0.0,0.0,0.0,0.0,-2.004,2.004,-2.004,0.0,0.0,0.0,0.0,0.0,4780.0,1.587928030851661e+29,7278.0,2.7184312818759872e+23,0.0,-0.0,-107615392.0,0.0,0.0,0.0,0.0,77,0.059,89220.492,0.0,0.0,0.0,0.0,0.0,0.0,0.0,0,0,0,0.0,0.0,0.0,0.0,0.0,0.0,0.0,0.0,0.0,0.0,0.0,0.0,0.0,0.0,0.0,0.0,0,-107875648.0,77,0.0,154,0.0,0.0,ERR,ERR,ERR,ERR,ERR,ERR,ERR,ERR,ERR,ERR,ERR,ERR,ERR,ERR,ERR,ERR,ERR,ERR,ERR,ERR,ERR,ERR,ERR,ERR,ERR,ERR,ERR,ERR,ERR,ERR,ERR,ERR,ERR,ERR,ERR,ERR,ERR,ERR,ERR,ERR,ERR,ERR,ERR,ERR,ERR,ERR,ERR,ERR,ERR,ERR,ERR,ERR,ERR,ERR,ERR,ERR,ERR,ERR,ERR,ERR,ERR,ERR,ERR,ERR,ERR,ERR,ERR,34.0,80.0,35,0.0,0.0,0.0,0.0,0.0,0.0,0.0,0.0,0.0,0.0,0.0,0.0,0.0,0.0,0.0,0.0,65.6,0,120,58,53,65476,0,300,0,0,8,20529,65476,0,0,57672,80.0,0.0,0.0,0.0,0.0,0.0
2026-06-18T02:33:01,ERR,ERR,ERR,ERR,ERR,ERR,ERR,ERR,ERR,ERR,ERR,ERR,ERR,ERR,ERR,ERR,ERR,ERR,ERR,ERR,ERR,ERR,ERR,ERR,ERR,ERR,ERR,ERR,ERR,ERR,ERR,ERR,ERR,ERR,ERR,ERR,ERR,ERR,ERR,ERR,ERR,ERR,ERR,ERR,ERR,ERR,ERR,ERR,ERR,ERR,ERR,ERR,ERR,ERR,ERR,ERR,ERR,ERR,ERR,ERR,ERR,ERR,ERR,ERR,ERR,ERR,ERR,ERR,ERR,ERR,ERR,ERR,ERR,ERR,ERR,ERR,ERR,ERR,ERR,ERR,ERR,ERR,ERR,ERR,ERR,ERR,ERR,ERR,ERR,ERR,ERR,ERR,ERR,ERR,ERR,ERR,ERR,ERR,ERR,ERR,ERR,ERR,ERR,ERR,ERR,ERR,ERR,ERR,ERR,ERR,ERR,ERR,ERR,ERR,ERR,ERR,ERR,ERR,ERR,ERR,ERR,ERR,ERR,ERR,ERR,2.7184312818759872e+23,0.0,-0.0,89215.008,nan,1.3936040501711995e+18,7.805,-1.2121118219281682e+20,0,0,4,48927,6720,14723890282496.0,100,0.0,0.0,0.0,-0.0,0.0,0,0,0,0,0.0,0,0,0,0,0,0,0,0,0,0,0,0,0,0,0,0,0,0,0,0,0,0,0,0,0,0,0,0,0,0,0,0,0,26,51,50,76,65476,0,300,0,0,8,21553,0.0,-107605600.0,0.0,0.0,0.0,0.0,0.0,0.0,0.0,0.0,0.0,0.0,0.0,0.0,0.0,0.0,0.0,0.0,0.0,0.0,0.0,0.0,-2.004,2.004,-2.004,0.0,0.0,0.0,0.0,0.0,4780.0,1.587928030851661e+29,7278.0,2.7184312818759872e+23,0.0,-0.0,-107615392.0,0.0,0.0,0.0,0.0,77,0.059,89220.492,0.0,0.0,0.0,0.0,0.0,0.0,0.0,0,0,0,0.0,0.0,0.0,0.0,0.0,0.0,0.0,0.0,0.0,0.0,0.0,0.0,0.0,0.0,0.0,0.0,0,-107875648.0,77,0.0,154,0.0,0.0,ERR,ERR,ERR,ERR,ERR,ERR,ERR,ERR,ERR,ERR,ERR,ERR,ERR,ERR,ERR,ERR,ERR,ERR,ERR,ERR,ERR,ERR,ERR,ERR,ERR,ERR,ERR,ERR,ERR,ERR,ERR,ERR,ERR,ERR,ERR,ERR,ERR,ERR,ERR,ERR,ERR,ERR,ERR,ERR,ERR,ERR,ERR,ERR,ERR,ERR,ERR,ERR,ERR,ERR,ERR,ERR,ERR,ERR,ERR,ERR,ERR,ERR,ERR,ERR,ERR,ERR,ERR,34.0,80.0,35,0.0,0.0,0.0,0.0,0.0,0.0,0.0,0.0,0.0,0.0,0.0,0.0,0.0,0.0,0.0,0.0,65.6,0,120,58,53,65476,0,300,0,0,8,20529,65476,0,0,57672,80.0,0.0,0.0,0.0,0.0,0.0
2026-06-18T02:33:02,ERR,ERR,ERR,ERR,ERR,ERR,ERR,ERR,ERR,ERR,ERR,ERR,ERR,ERR,ERR,ERR,ERR,ERR,ERR,ERR,ERR,ERR,ERR,ERR,ERR,ERR,ERR,ERR,ERR,ERR,ERR,ERR,ERR,ERR,ERR,ERR,ERR,ERR,ERR,ERR,ERR,ERR,ERR,ERR,ERR,ERR,ERR,ERR,ERR,ERR,ERR,ERR,ERR,ERR,ERR,ERR,ERR,ERR,ERR,ERR,ERR,ERR,ERR,ERR,ERR,ERR,ERR,ERR,ERR,ERR,ERR,ERR,ERR,ERR,ERR,ERR,ERR,ERR,ERR,ERR,ERR,ERR,ERR,ERR,ERR,ERR,ERR,ERR,ERR,ERR,ERR,ERR,ERR,ERR,ERR,ERR,ERR,ERR,ERR,ERR,ERR,ERR,ERR,ERR,ERR,ERR,ERR,ERR,ERR,ERR,ERR,ERR,ERR,ERR,ERR,ERR,ERR,ERR,ERR,ERR,ERR,ERR,ERR,ERR,ERR,2.7184312818759872e+23,0.0,-0.0,-0.0,nan,1.3936040501711995e+18,7.805,-0.0,0,0,4,48924,6720,14723890282496.0,100,0.0,0.0,0.0,-0.0,0.0,0,0,0,0,0.0,0,0,0,0,0,0,0,0,0,0,0,0,0,0,0,0,0,0,0,0,0,0,0,0,0,0,0,0,0,0,0,0,0,26,51,50,76,65476,0,300,0,0,8,21553,0.0,-107605600.0,0.0,0.0,0.0,0.0,0.0,0.0,0.0,0.0,0.0,0.0,0.0,0.0,0.0,0.0,0.0,0.0,0.0,0.0,0.0,0.0,-2.004,2.004,-2.004,0.0,0.0,0.0,0.0,0.0,4780.0,2.422985886919649e+24,7277.0,2.7184312818759872e+23,0.0,-0.0,-107615392.0,0.0,0.0,0.0,0.0,77,0.059,0.059,0.0,0.0,0.0,0.0,0.0,0.0,0.0,0,0,0,0.0,0.0,0.0,0.0,0.0,0.0,0.0,0.0,0.0,0.0,0.0,0.0,0.0,0.0,0.0,0.0,0,-107875648.0,77,0.0,154,0.0,0.0,ERR,ERR,ERR,ERR,ERR,ERR,ERR,ERR,ERR,ERR,ERR,ERR,ERR,ERR,ERR,ERR,ERR,ERR,ERR,ERR,ERR,ERR,ERR,ERR,ERR,ERR,ERR,ERR,ERR,ERR,ERR,ERR,ERR,ERR,ERR,ERR,ERR,ERR,ERR,ERR,ERR,ERR,ERR,ERR,ERR,ERR,ERR,ERR,ERR,ERR,ERR,ERR,ERR,ERR,ERR,ERR,ERR,ERR,ERR,ERR,ERR,ERR,ERR,ERR,ERR,ERR,ERR,34.0,80.0,35,0.0,0.0,0.0,0.0,0.0,0.0,0.0,0.0,0.0,0.0,0.0,0.0,0.0,0.0,0.0,0.0,65.6,0,120,58,53,65476,0,300,0,0,8,20529,65476,0,0,57672,80.0,0.0,0.0,0.0,0.0,0.0
2026-06-18T02:33:03,ERR,ERR,ERR,ERR,ERR,ERR,ERR,ERR,ERR,ERR,ERR,ERR,ERR,ERR,ERR,ERR,ERR,ERR,ERR,ERR,ERR,ERR,ERR,ERR,ERR,ERR,ERR,ERR,ERR,ERR,ERR,ERR,ERR,ERR,ERR,ERR,ERR,ERR,ERR,ERR,ERR,ERR,ERR,ERR,ERR,ERR,ERR,ERR,ERR,ERR,ERR,ERR,ERR,ERR,ERR,ERR,ERR,ERR,ERR,ERR,ERR,ERR,ERR,ERR,ERR,ERR,ERR,ERR,ERR,ERR,ERR,ERR,ERR,ERR,ERR,ERR,ERR,ERR,ERR,ERR,ERR,ERR,ERR,ERR,ERR,ERR,ERR,ERR,ERR,ERR,ERR,ERR,ERR,ERR,ERR,ERR,ERR,ERR,ERR,ERR,ERR,ERR,ERR,ERR,ERR,ERR,ERR,ERR,ERR,ERR,ERR,ERR,ERR,ERR,ERR,ERR,ERR,ERR,ERR,ERR,ERR,ERR,ERR,ERR,ERR,2.7184312818759872e+23,0.0,-0.0,-0.0,nan,1.3936040501711995e+18,7.805,-0.0,0,0,4,48924,6720,14723890282496.0,100,0.0,0.0,0.0,-0.0,0.0,0,0,0,0,0.0,0,0,0,0,0,0,0,0,0,0,0,0,0,0,0,0,0,0,0,0,0,0,0,0,0,0,0,0,0,0,0,0,0,26,51,50,76,65476,0,300,0,0,8,21553,0.0,-107605600.0,0.0,0.0,0.0,0.0,0.0,0.0,0.0,0.0,0.0,0.0,0.0,0.0,0.0,0.0,0.0,0.0,0.0,0.0,0.0,0.0,-2.004,2.004,-2.004,0.0,0.0,0.0,0.0,0.0,4780.0,2.422985886919649e+24,7277.0,2.7184312818759872e+23,0.0,-0.0,-107615392.0,0.0,0.0,0.0,0.0,77,0.059,0.059,0.0,0.0,0.0,0.0,0.0,0.0,0.0,0,0,0,0.0,0.0,0.0,0.0,0.0,0.0,0.0,0.0,0.0,0.0,0.0,0.0,0.0,0.0,0.0,0.0,0,-107875648.0,77,0.0,154,0.0,0.0,ERR,ERR,ERR,ERR,ERR,ERR,ERR,ERR,ERR,ERR,ERR,ERR,ERR,ERR,ERR,ERR,ERR,ERR,ERR,ERR,ERR,ERR,ERR,ERR,ERR,ERR,ERR,ERR,ERR,ERR,ERR,ERR,ERR,ERR,ERR,ERR,ERR,ERR,ERR,ERR,ERR,ERR,ERR,ERR,ERR,ERR,ERR,ERR,ERR,ERR,ERR,ERR,ERR,ERR,ERR,ERR,ERR,ERR,ERR,ERR,ERR,ERR,ERR,ERR,ERR,ERR,ERR,34.0,80.0,35,0.0,0.0,0.0,0.0,0.0,0.0,0.0,0.0,0.0,0.0,0.0,0.0,0.0,0.0,0.0,0.0,65.6,0,120,58,53,65476,0,300,0,0,8,20529,65476,0,0,57672,80.0,0.0,0.0,0.0,0.0,0.0
2026-06-18T02:33:04,ERR,ERR,ERR,ERR,ERR,ERR,ERR,ERR,ERR,ERR,ERR,ERR,ERR,ERR,ERR,ERR,ERR,ERR,ERR,ERR,ERR,ERR,ERR,ERR,ERR,ERR,ERR,ERR,ERR,ERR,ERR,ERR,ERR,ERR,ERR,ERR,ERR,ERR,ERR,ERR,ERR,ERR,ERR,ERR,ERR,ERR,ERR,ERR,ERR,ERR,ERR,ERR,ERR,ERR,ERR,ERR,ERR,ERR,ERR,ERR,ERR,ERR,ERR,ERR,ERR,ERR,ERR,ERR,ERR,ERR,ERR,ERR,ERR,ERR,ERR,ERR,ERR,ERR,ERR,ERR,ERR,ERR,ERR,ERR,ERR,ERR,ERR,ERR,ERR,ERR,ERR,ERR,ERR,ERR,ERR,ERR,ERR,ERR,ERR,ERR,ERR,ERR,ERR,ERR,ERR,ERR,ERR,ERR,ERR,ERR,ERR,ERR,ERR,ERR,ERR,ERR,ERR,ERR,ERR,ERR,ERR,ERR,ERR,ERR,ERR,2.7184312818759872e+23,0.0,-0.0,-0.0,nan,1.3936040501711995e+18,7.805,-0.0,0,0,4,48924,6720,14723890282496.0,100,0.0,0.0,0.0,-0.0,0.0,0,0,0,0,0.0,0,0,0,0,0,0,0,0,0,0,0,0,0,0,0,0,0,0,0,0,0,0,0,0,0,0,0,0,0,0,0,0,0,26,51,50,76,65476,0,300,0,0,8,21553,0.0,-107605600.0,0.0,0.0,0.0,0.0,0.0,0.0,0.0,0.0,0.0,0.0,0.0,0.0,0.0,0.0,0.0,0.0,0.0,0.0,0.0,0.0,-2.004,2.004,-2.004,0.0,0.0,0.0,0.0,0.0,4780.0,2.422985886919649e+24,7277.0,2.7184312818759872e+23,0.0,-0.0,-107615392.0,0.0,0.0,0.0,0.0,77,0.059,0.059,0.0,0.0,0.0,0.0,0.0,0.0,0.0,0,0,0,0.0,0.0,0.0,0.0,0.0,0.0,0.0,0.0,0.0,0.0,0.0,0.0,0.0,0.0,0.0,0.0,0,-107875648.0,77,0.0,154,0.0,0.0,ERR,ERR,ERR,ERR,ERR,ERR,ERR,ERR,ERR,ERR,ERR,ERR,ERR,ERR,ERR,ERR,ERR,ERR,ERR,ERR,ERR,ERR,ERR,ERR,ERR,ERR,ERR,ERR,ERR,ERR,ERR,ERR,ERR,ERR,ERR,ERR,ERR,ERR,ERR,ERR,ERR,ERR,ERR,ERR,ERR,ERR,ERR,ERR,ERR,ERR,ERR,ERR,ERR,ERR,ERR,ERR,ERR,ERR,ERR,ERR,ERR,ERR,ERR,ERR,ERR,ERR,ERR,34.0,80.0,35,0.0,0.0,0.0,0.0,0.0,0.0,0.0,0.0,0.0,0.0,0.0,0.0,0.0,0.0,0.0,0.0,66.4,0,120,58,53,65476,0,300,0,0,8,20529,65476,0,0,57672,80.0,0.0,0.0,0.0,0.0,0.0
2026-06-18T02:33:05,ERR,ERR,ERR,ERR,ERR,ERR,ERR,ERR,ERR,ERR,ERR,ERR,ERR,ERR,ERR,ERR,ERR,ERR,ERR,ERR,ERR,ERR,ERR,ERR,ERR,ERR,ERR,ERR,ERR,ERR,ERR,ERR,ERR,ERR,ERR,ERR,ERR,ERR,ERR,ERR,ERR,ERR,ERR,ERR,ERR,ERR,ERR,ERR,ERR,ERR,ERR,ERR,ERR,ERR,ERR,ERR,ERR,ERR,ERR,ERR,ERR,ERR,ERR,ERR,ERR,ERR,ERR,ERR,ERR,ERR,ERR,ERR,ERR,ERR,ERR,ERR,ERR,ERR,ERR,ERR,ERR,ERR,ERR,ERR,ERR,ERR,ERR,ERR,ERR,ERR,ERR,ERR,ERR,ERR,ERR,ERR,ERR,ERR,ERR,ERR,ERR,ERR,ERR,ERR,ERR,ERR,ERR,ERR,ERR,ERR,ERR,ERR,ERR,ERR,ERR,ERR,ERR,ERR,ERR,ERR,ERR,ERR,ERR,ERR,ERR,2.7184312818759872e+23,0.0,-0.0,-0.0,nan,1.3936040501711995e+18,7.805,-0.0,0,0,4,48924,6720,14723890282496.0,100,0.0,0.0,0.0,-0.0,0.0,0,0,0,0,0.0,0,0,0,0,0,0,0,0,0,0,0,0,0,0,0,0,0,0,0,0,0,0,0,0,0,0,0,0,0,0,0,0,0,26,51,50,76,65476,0,300,0,0,8,21553,0.0,-107605600.0,0.0,0.0,0.0,0.0,0.0,0.0,0.0,0.0,0.0,0.0,0.0,0.0,0.0,0.0,0.0,0.0,0.0,0.0,0.0,0.0,-2.004,2.004,-2.004,0.0,0.0,0.0,0.0,0.0,4780.0,2.422985886919649e+24,7277.0,2.7184312818759872e+23,0.0,-0.0,-107615392.0,0.0,0.0,0.0,0.0,77,0.059,0.059,0.0,0.0,0.0,0.0,0.0,0.0,0.0,0,0,0,0.0,0.0,0.0,0.0,0.0,0.0,0.0,0.0,0.0,0.0,0.0,0.0,0.0,0.0,0.0,0.0,0,-107875648.0,77,0.0,154,0.0,0.0,ERR,ERR,ERR,ERR,ERR,ERR,ERR,ERR,ERR,ERR,ERR,ERR,ERR,ERR,ERR,ERR,ERR,ERR,ERR,ERR,ERR,ERR,ERR,ERR,ERR,ERR,ERR,ERR,ERR,ERR,ERR,ERR,ERR,ERR,ERR,ERR,ERR,ERR,ERR,ERR,ERR,ERR,ERR,ERR,ERR,ERR,ERR,ERR,ERR,ERR,ERR,ERR,ERR,ERR,ERR,ERR,ERR,ERR,ERR,ERR,ERR,ERR,ERR,ERR,ERR,ERR,ERR,34.0,80.0,35,0.0,0.0,0.0,0.0,0.0,0.0,0.0,0.0,0.0,0.0,0.0,0.0,0.0,0.0,0.0,0.0,66.4,0,120,58,53,65476,0,300,0,0,8,20529,65476,0,0,57672,80.0,0.0,0.0,0.0,0.0,0.0
2026-06-18T02:33:06,ERR,ERR,ERR,ERR,ERR,ERR,ERR,ERR,ERR,ERR,ERR,ERR,ERR,ERR,ERR,ERR,ERR,ERR,ERR,ERR,ERR,ERR,ERR,ERR,ERR,ERR,ERR,ERR,ERR,ERR,ERR,ERR,ERR,ERR,ERR,ERR,ERR,ERR,ERR,ERR,ERR,ERR,ERR,ERR,ERR,ERR,ERR,ERR,ERR,ERR,ERR,ERR,ERR,ERR,ERR,ERR,ERR,ERR,ERR,ERR,ERR,ERR,ERR,ERR,ERR,ERR,ERR,ERR,ERR,ERR,ERR,ERR,ERR,ERR,ERR,ERR,ERR,ERR,ERR,ERR,ERR,ERR,ERR,ERR,ERR,ERR,ERR,ERR,ERR,ERR,ERR,ERR,ERR,ERR,ERR,ERR,ERR,ERR,ERR,ERR,ERR,ERR,ERR,ERR,ERR,ERR,ERR,ERR,ERR,ERR,ERR,ERR,ERR,ERR,ERR,ERR,ERR,ERR,ERR,ERR,ERR,ERR,ERR,ERR,ERR,2.7184312818759872e+23,0.0,-0.0,-0.0,nan,1.3936040501711995e+18,7.805,-0.0,0,0,4,48924,6720,14723890282496.0,100,0.0,0.0,0.0,-0.0,0.0,0,0,0,0,0.0,0,0,0,0,0,0,0,0,0,0,0,0,0,0,0,0,0,0,0,0,0,0,0,0,0,0,0,0,0,0,0,0,0,26,51,50,76,65476,0,300,0,0,8,21553,0.0,-107605600.0,0.0,0.0,0.0,0.0,0.0,0.0,0.0,0.0,0.0,0.0,0.0,0.0,0.0,0.0,0.0,0.0,0.0,0.0,0.0,0.0,-2.004,2.004,-2.004,0.0,0.0,0.0,0.0,0.0,4780.0,2.422985886919649e+24,7277.0,2.7184312818759872e+23,0.0,-0.0,-107615392.0,0.0,0.0,0.0,0.0,77,0.059,0.059,0.0,0.0,0.0,0.0,0.0,0.0,0.0,0,0,0,0.0,0.0,0.0,0.0,0.0,0.0,0.0,0.0,0.0,0.0,0.0,0.0,0.0,0.0,0.0,0.0,0,-107875648.0,77,0.0,154,0.0,0.0,ERR,ERR,ERR,ERR,ERR,ERR,ERR,ERR,ERR,ERR,ERR,ERR,ERR,ERR,ERR,ERR,ERR,ERR,ERR,ERR,ERR,ERR,ERR,ERR,ERR,ERR,ERR,ERR,ERR,ERR,ERR,ERR,ERR,ERR,ERR,ERR,ERR,ERR,ERR,ERR,ERR,ERR,ERR,ERR,ERR,ERR,ERR,ERR,ERR,ERR,ERR,ERR,ERR,ERR,ERR,ERR,ERR,ERR,ERR,ERR,ERR,ERR,ERR,ERR,ERR,ERR,ERR,34.0,80.0,35,0.0,0.0,0.0,0.0,0.0,0.0,0.0,0.0,0.0,0.0,0.0,0.0,0.0,0.0,0.0,0.0,65.6,0,120,58,53,65476,0,300,0,0,8,20529,65476,0,0,57672,80.0,0.0,0.0,0.0,0.0,0.0
2026-06-18T02:33:07,ERR,ERR,ERR,ERR,ERR,ERR,ERR,ERR,ERR,ERR,ERR,ERR,ERR,ERR,ERR,ERR,ERR,ERR,ERR,ERR,ERR,ERR,ERR,ERR,ERR,ERR,ERR,ERR,ERR,ERR,ERR,ERR,ERR,ERR,ERR,ERR,ERR,ERR,ERR,ERR,ERR,ERR,ERR,ERR,ERR,ERR,ERR,ERR,ERR,ERR,ERR,ERR,ERR,ERR,ERR,ERR,ERR,ERR,ERR,ERR,ERR,ERR,ERR,ERR,ERR,ERR,ERR,ERR,ERR,ERR,ERR,ERR,ERR,ERR,ERR,ERR,ERR,ERR,ERR,ERR,ERR,ERR,ERR,ERR,ERR,ERR,ERR,ERR,ERR,ERR,ERR,ERR,ERR,ERR,ERR,ERR,ERR,ERR,ERR,ERR,ERR,ERR,ERR,ERR,ERR,ERR,ERR,ERR,ERR,ERR,ERR,ERR,ERR,ERR,ERR,ERR,ERR,ERR,ERR,ERR,ERR,ERR,ERR,ERR,ERR,2.7184312818759872e+23,0.0,-0.0,-4.9501291711397626e+32,nan,1.3936040501711995e+18,7.805,-0.0,0,0,4,48929,6720,14723890282496.0,100,0.0,0.0,0.0,-4.9501291711397626e+32,0.0,0,0,0,0,0.0,0,0,0,0,0,0,0,0,0,0,0,0,0,0,0,0,0,0,0,0,0,0,0,0,0,0,0,0,0,0,0,0,0,26,51,50,76,65476,0,300,0,0,8,21553,0.0,-107605600.0,0.0,0.0,0.0,0.0,0.0,0.0,0.0,0.0,0.0,0.0,0.0,0.0,0.0,0.0,0.0,0.0,0.0,0.0,0.0,0.0,-2.004,2.004,-2.004,0.0,0.0,0.0,0.0,0.0,4780.0,564145363615744.0,7275.0,2.7184312818759872e+23,0.0,-0.0,-107615392.0,0.0,0.0,0.0,0.0,77,0.059,0.0,0.0,0.0,0.0,0.0,0.0,0.0,0.0,0,0,0,0.0,0.0,0.0,0.0,0.0,0.0,0.0,0.0,0.0,0.0,0.0,0.0,0.0,0.0,0.0,0.0,0,-107875648.0,77,0.0,154,0.0,0.0,ERR,ERR,ERR,ERR,ERR,ERR,ERR,ERR,ERR,ERR,ERR,ERR,ERR,ERR,ERR,ERR,ERR,ERR,ERR,ERR,ERR,ERR,ERR,ERR,ERR,ERR,ERR,ERR,ERR,ERR,ERR,ERR,ERR,ERR,ERR,ERR,ERR,ERR,ERR,ERR,ERR,ERR,ERR,ERR,ERR,ERR,ERR,ERR,ERR,ERR,ERR,ERR,ERR,ERR,ERR,ERR,ERR,ERR,ERR,ERR,ERR,ERR,ERR,ERR,ERR,ERR,ERR,34.0,80.0,35,0.0,0.0,0.0,0.0,0.0,0.0,0.0,0.0,0.0,0.0,0.0,0.0,0.0,0.0,0.0,0.0,65.6,0,120,58,53,65476,0,300,0,0,8,20529,65476,0,0,57672,80.0,0.0,0.0,0.0,0.0,0.0
2026-06-18T02:33:08,ERR,ERR,ERR,ERR,ERR,ERR,ERR,ERR,ERR,ERR,ERR,ERR,ERR,ERR,ERR,ERR,ERR,ERR,ERR,ERR,ERR,ERR,ERR,ERR,ERR,ERR,ERR,ERR,ERR,ERR,ERR,ERR,ERR,ERR,ERR,ERR,ERR,ERR,ERR,ERR,ERR,ERR,ERR,ERR,ERR,ERR,ERR,ERR,ERR,ERR,ERR,ERR,ERR,ERR,ERR,ERR,ERR,ERR,ERR,ERR,ERR,ERR,ERR,ERR,ERR,ERR,ERR,ERR,ERR,ERR,ERR,ERR,ERR,ERR,ERR,ERR,ERR,ERR,ERR,ERR,ERR,ERR,ERR,ERR,ERR,ERR,ERR,ERR,ERR,ERR,ERR,ERR,ERR,ERR,ERR,ERR,ERR,ERR,ERR,ERR,ERR,ERR,ERR,ERR,ERR,ERR,ERR,ERR,ERR,ERR,ERR,ERR,ERR,ERR,ERR,ERR,ERR,ERR,ERR,ERR,ERR,ERR,ERR,ERR,ERR,2.7184312818759872e+23,0.0,-0.0,-4.9501291711397626e+32,nan,1.3936040501711995e+18,7.805,-0.0,0,0,4,48929,6720,14723890282496.0,100,0.0,0.0,0.0,-4.9501291711397626e+32,0.0,0,0,0,0,0.0,0,0,0,0,0,0,0,0,0,0,0,0,0,0,0,0,0,0,0,0,0,0,0,0,0,0,0,0,0,0,0,0,0,26,51,50,76,65476,0,300,0,0,8,21553,0.0,-107605600.0,0.0,0.0,0.0,0.0,0.0,0.0,0.0,0.0,0.0,0.0,0.0,0.0,0.0,0.0,0.0,0.0,0.0,0.0,0.0,0.0,-2.004,2.004,-2.004,0.0,0.0,0.0,0.0,0.0,4780.0,564145363615744.0,7275.0,2.7184312818759872e+23,0.0,-0.0,-107615392.0,0.0,0.0,0.0,0.0,77,0.059,0.0,0.0,0.0,0.0,0.0,0.0,0.0,0.0,0,0,0,0.0,0.0,0.0,0.0,0.0,0.0,0.0,0.0,0.0,0.0,0.0,0.0,0.0,0.0,0.0,0.0,0,-107875648.0,77,0.0,154,0.0,0.0,ERR,ERR,ERR,ERR,ERR,ERR,ERR,ERR,ERR,ERR,ERR,ERR,ERR,ERR,ERR,ERR,ERR,ERR,ERR,ERR,ERR,ERR,ERR,ERR,ERR,ERR,ERR,ERR,ERR,ERR,ERR,ERR,ERR,ERR,ERR,ERR,ERR,ERR,ERR,ERR,ERR,ERR,ERR,ERR,ERR,ERR,ERR,ERR,ERR,ERR,ERR,ERR,ERR,ERR,ERR,ERR,ERR,ERR,ERR,ERR,ERR,ERR,ERR,ERR,ERR,ERR,ERR,34.0,80.0,35,0.0,0.0,0.0,0.0,0.0,0.0,0.0,0.0,0.0,0.0,0.0,0.0,0.0,0.0,0.0,0.0,65.6,0,120,58,53,65476,0,300,0,0,8,20529,65476,0,0,57672,80.0,0.0,0.0,0.0,0.0,0.0
2026-06-18T02:33:09,ERR,ERR,ERR,ERR,ERR,ERR,ERR,ERR,ERR,ERR,ERR,ERR,ERR,ERR,ERR,ERR,ERR,ERR,ERR,ERR,ERR,ERR,ERR,ERR,ERR,ERR,ERR,ERR,ERR,ERR,ERR,ERR,ERR,ERR,ERR,ERR,ERR,ERR,ERR,ERR,ERR,ERR,ERR,ERR,ERR,ERR,ERR,ERR,ERR,ERR,ERR,ERR,ERR,ERR,ERR,ERR,ERR,ERR,ERR,ERR,ERR,ERR,ERR,ERR,ERR,ERR,ERR,ERR,ERR,ERR,ERR,ERR,ERR,ERR,ERR,ERR,ERR,ERR,ERR,ERR,ERR,ERR,ERR,ERR,ERR,ERR,ERR,ERR,ERR,ERR,ERR,ERR,ERR,ERR,ERR,ERR,ERR,ERR,ERR,ERR,ERR,ERR,ERR,ERR,ERR,ERR,ERR,ERR,ERR,ERR,ERR,ERR,ERR,ERR,ERR,ERR,ERR,ERR,ERR,ERR,ERR,ERR,ERR,ERR,ERR,2.7184312818759872e+23,0.0,-0.0,-4.9501291711397626e+32,nan,1.3936040501711995e+18,7.805,-0.0,0,0,4,48929,6720,14723890282496.0,100,0.0,0.0,0.0,-4.9501291711397626e+32,0.0,0,0,0,0,0.0,0,0,0,0,0,0,0,0,0,0,0,0,0,0,0,0,0,0,0,0,0,0,0,0,0,0,0,0,0,0,0,0,0,26,51,50,76,65476,0,300,0,0,8,21553,0.0,-107605600.0,0.0,0.0,0.0,0.0,0.0,0.0,0.0,0.0,0.0,0.0,0.0,0.0,0.0,0.0,0.0,0.0,0.0,0.0,0.0,0.0,-2.004,2.004,-2.004,0.0,0.0,0.0,0.0,0.0,4780.0,564145363615744.0,7275.0,2.7184312818759872e+23,0.0,-0.0,-107615392.0,0.0,0.0,0.0,0.0,77,0.059,0.0,0.0,0.0,0.0,0.0,0.0,0.0,0.0,0,0,0,0.0,0.0,0.0,0.0,0.0,0.0,0.0,0.0,0.0,0.0,0.0,0.0,0.0,0.0,0.0,0.0,0,-107875648.0,77,0.0,154,0.0,0.0,ERR,ERR,ERR,ERR,ERR,ERR,ERR,ERR,ERR,ERR,ERR,ERR,ERR,ERR,ERR,ERR,ERR,ERR,ERR,ERR,ERR,ERR,ERR,ERR,ERR,ERR,ERR,ERR,ERR,ERR,ERR,ERR,ERR,ERR,ERR,ERR,ERR,ERR,ERR,ERR,ERR,ERR,ERR,ERR,ERR,ERR,ERR,ERR,ERR,ERR,ERR,ERR,ERR,ERR,ERR,ERR,ERR,ERR,ERR,ERR,ERR,ERR,ERR,ERR,ERR,ERR,ERR,34.0,80.0,35,0.0,0.0,0.0,0.0,0.0,0.0,0.0,0.0,0.0,0.0,0.0,0.0,0.0,0.0,0.0,0.0,65.6,0,120,58,53,65476,0,300,0,0,8,20529,65476,0,0,57672,80.0,0.0,0.0,0.0,0.0,0.0
2026-06-18T02:33:10,ERR,ERR,ERR,ERR,ERR,ERR,ERR,ERR,ERR,ERR,ERR,ERR,ERR,ERR,ERR,ERR,ERR,ERR,ERR,ERR,ERR,ERR,ERR,ERR,ERR,ERR,ERR,ERR,ERR,ERR,ERR,ERR,ERR,ERR,ERR,ERR,ERR,ERR,ERR,ERR,ERR,ERR,ERR,ERR,ERR,ERR,ERR,ERR,ERR,ERR,ERR,ERR,ERR,ERR,ERR,ERR,ERR,ERR,ERR,ERR,ERR,ERR,ERR,ERR,ERR,ERR,ERR,ERR,ERR,ERR,ERR,ERR,ERR,ERR,ERR,ERR,ERR,ERR,ERR,ERR,ERR,ERR,ERR,ERR,ERR,ERR,ERR,ERR,ERR,ERR,ERR,ERR,ERR,ERR,ERR,ERR,ERR,ERR,ERR,ERR,ERR,ERR,ERR,ERR,ERR,ERR,ERR,ERR,ERR,ERR,ERR,ERR,ERR,ERR,ERR,ERR,ERR,ERR,ERR,ERR,ERR,ERR,ERR,ERR,ERR,2.7184312818759872e+23,0.0,-0.0,-4.9501291711397626e+32,nan,1.3936040501711995e+18,7.805,-0.0,0,0,4,48929,6720,14723890282496.0,100,0.0,0.0,0.0,-4.9501291711397626e+32,0.0,0,0,0,0,0.0,0,0,0,0,0,0,0,0,0,0,0,0,0,0,0,0,0,0,0,0,0,0,0,0,0,0,0,0,0,0,0,0,0,26,51,50,76,65476,0,300,0,0,8,21553,0.0,-107605600.0,0.0,0.0,0.0,0.0,0.0,0.0,0.0,0.0,0.0,0.0,0.0,0.0,0.0,0.0,0.0,0.0,0.0,0.0,0.0,0.0,-2.004,2.004,-2.004,0.0,0.0,0.0,0.0,0.0,4780.0,564145363615744.0,7275.0,2.7184312818759872e+23,0.0,-0.0,-107615392.0,0.0,0.0,0.0,0.0,77,0.059,0.0,0.0,0.0,0.0,0.0,0.0,0.0,0.0,0,0,0,0.0,0.0,0.0,0.0,0.0,0.0,0.0,0.0,0.0,0.0,0.0,0.0,0.0,0.0,0.0,0.0,0,-107875648.0,77,0.0,154,0.0,0.0,ERR,ERR,ERR,ERR,ERR,ERR,ERR,ERR,ERR,ERR,ERR,ERR,ERR,ERR,ERR,ERR,ERR,ERR,ERR,ERR,ERR,ERR,ERR,ERR,ERR,ERR,ERR,ERR,ERR,ERR,ERR,ERR,ERR,ERR,ERR,ERR,ERR,ERR,ERR,ERR,ERR,ERR,ERR,ERR,ERR,ERR,ERR,ERR,ERR,ERR,ERR,ERR,ERR,ERR,ERR,ERR,ERR,ERR,ERR,ERR,ERR,ERR,ERR,ERR,ERR,ERR,ERR,34.0,80.0,35,0.0,0.0,0.0,0.0,0.0,0.0,0.0,0.0,0.0,0.0,0.0,0.0,0.0,0.0,0.0,0.0,65.6,0,120,58,53,65476,0,300,0,0,8,20529,65476,0,0,57672,80.0,0.0,0.0,0.0,0.0,0.0
2026-06-18T02:33:11,ERR,ERR,ERR,ERR,ERR,ERR,ERR,ERR,ERR,ERR,ERR,ERR,ERR,ERR,ERR,ERR,ERR,ERR,ERR,ERR,ERR,ERR,ERR,ERR,ERR,ERR,ERR,ERR,ERR,ERR,ERR,ERR,ERR,ERR,ERR,ERR,ERR,ERR,ERR,ERR,ERR,ERR,ERR,ERR,ERR,ERR,ERR,ERR,ERR,ERR,ERR,ERR,ERR,ERR,ERR,ERR,ERR,ERR,ERR,ERR,ERR,ERR,ERR,ERR,ERR,ERR,ERR,ERR,ERR,ERR,ERR,ERR,ERR,ERR,ERR,ERR,ERR,ERR,ERR,ERR,ERR,ERR,ERR,ERR,ERR,ERR,ERR,ERR,ERR,ERR,ERR,ERR,ERR,ERR,ERR,ERR,ERR,ERR,ERR,ERR,ERR,ERR,ERR,ERR,ERR,ERR,ERR,ERR,ERR,ERR,ERR,ERR,ERR,ERR,ERR,ERR,ERR,ERR,ERR,ERR,ERR,ERR,ERR,ERR,ERR,2.7184312818759872e+23,0.0,-0.0,-4.9501291711397626e+32,nan,1.3936040501711995e+18,7.805,-0.0,0,0,4,48929,6720,14723890282496.0,100,0.0,0.0,0.0,-4.9501291711397626e+32,0.0,0,0,0,0,0.0,0,0,0,0,0,0,0,0,0,0,0,0,0,0,0,0,0,0,0,0,0,0,0,0,0,0,0,0,0,0,0,0,0,26,51,50,76,65476,0,300,0,0,8,21553,0.0,-107605600.0,0.0,0.0,0.0,0.0,0.0,0.0,0.0,0.0,0.0,0.0,0.0,0.0,0.0,0.0,0.0,0.0,0.0,0.0,0.0,0.0,-2.004,2.004,-2.004,0.0,0.0,0.0,0.0,0.0,4780.0,564145363615744.0,7275.0,2.7184312818759872e+23,0.0,-0.0,-107615392.0,0.0,0.0,0.0,0.0,77,0.059,0.0,0.0,0.0,0.0,0.0,0.0,0.0,0.0,0,0,0,0.0,0.0,0.0,0.0,0.0,0.0,0.0,0.0,0.0,0.0,0.0,0.0,0.0,0.0,0.0,0.0,0,-107875648.0,77,0.0,154,0.0,0.0,ERR,ERR,ERR,ERR,ERR,ERR,ERR,ERR,ERR,ERR,ERR,ERR,ERR,ERR,ERR,ERR,ERR,ERR,ERR,ERR,ERR,ERR,ERR,ERR,ERR,ERR,ERR,ERR,ERR,ERR,ERR,ERR,ERR,ERR,ERR,ERR,ERR,ERR,ERR,ERR,ERR,ERR,ERR,ERR,ERR,ERR,ERR,ERR,ERR,ERR,ERR,ERR,ERR,ERR,ERR,ERR,ERR,ERR,ERR,ERR,ERR,ERR,ERR,ERR,ERR,ERR,ERR,34.0,80.0,35,0.0,0.0,0.0,0.0,0.0,0.0,0.0,0.0,0.0,0.0,0.0,0.0,0.0,0.0,0.0,0.0,65.6,0,120,58,53,65476,0,300,0,0,8,20529,65476,0,0,57672,80.0,0.0,0.0,0.0,0.0,0.0
2026-06-18T02:33:12,ERR,ERR,ERR,ERR,ERR,ERR,ERR,ERR,ERR,ERR,ERR,ERR,ERR,ERR,ERR,ERR,ERR,ERR,ERR,ERR,ERR,ERR,ERR,ERR,ERR,ERR,ERR,ERR,ERR,ERR,ERR,ERR,ERR,ERR,ERR,ERR,ERR,ERR,ERR,ERR,ERR,ERR,ERR,ERR,ERR,ERR,ERR,ERR,ERR,ERR,ERR,ERR,ERR,ERR,ERR,ERR,ERR,ERR,ERR,ERR,ERR,ERR,ERR,ERR,ERR,ERR,ERR,ERR,ERR,ERR,ERR,ERR,ERR,ERR,ERR,ERR,ERR,ERR,ERR,ERR,ERR,ERR,ERR,ERR,ERR,ERR,ERR,ERR,ERR,ERR,ERR,ERR,ERR,ERR,ERR,ERR,ERR,ERR,ERR,ERR,ERR,ERR,ERR,ERR,ERR,ERR,ERR,ERR,ERR,ERR,ERR,ERR,ERR,ERR,ERR,ERR,ERR,ERR,ERR,ERR,ERR,ERR,ERR,ERR,ERR,-0.0,0.0,0.0,0.059,0.0,1.3936040501711995e+18,7.805,-0.002,0,0,4,48927,6720,14723890282496.0,100,0.0,0.0,0.0,-0.0,0.0,0,0,0,0,0.0,0,0,0,0,0,0,0,0,0,0,0,0,0,0,0,0,0,0,0,0,0,0,0,0,0,0,0,0,0,0,0,0,0,26,51,50,76,65476,0,300,0,0,8,21553,0.0,-107605600.0,0.0,0.0,0.0,0.0,0.0,0.0,0.0,0.0,0.0,0.0,0.0,0.0,0.0,0.0,0.0,0.0,0.0,0.0,0.0,0.0,-2.004,2.004,-2.004,0.0,0.0,0.0,0.0,0.0,4780.0,1.587928030851661e+29,7278.0,2.7184312818759872e+23,0.0,-0.0,-107615392.0,0.0,0.0,0.0,0.0,77,0.059,0.0,0.0,0.0,0.0,0.0,0.0,0.0,0.0,0,0,0,0.0,0.0,0.0,0.0,0.0,0.0,0.0,0.0,0.0,0.0,0.0,0.0,0.0,0.0,0.0,0.0,0,-107875648.0,77,0.0,154,0.0,0.0,ERR,ERR,ERR,ERR,ERR,ERR,ERR,ERR,ERR,ERR,ERR,ERR,ERR,ERR,ERR,ERR,ERR,ERR,ERR,ERR,ERR,ERR,ERR,ERR,ERR,ERR,ERR,ERR,ERR,ERR,ERR,ERR,ERR,ERR,ERR,ERR,ERR,ERR,ERR,ERR,ERR,ERR,ERR,ERR,ERR,ERR,ERR,ERR,ERR,ERR,ERR,ERR,ERR,ERR,ERR,ERR,ERR,ERR,ERR,ERR,ERR,ERR,ERR,ERR,ERR,ERR,ERR,34.0,80.0,35,0.0,0.0,0.0,0.0,0.0,0.0,0.0,0.0,0.0,0.0,0.0,0.0,0.0,0.0,0.0,0.0,65.6,0,120,58,53,65476,0,300,0,0,8,20529,65476,0,0,57672,80.0,0.0,0.0,0.0,0.0,0.0
2026-06-18T02:33:13,ERR,ERR,ERR,ERR,ERR,ERR,ERR,ERR,ERR,ERR,ERR,ERR,ERR,ERR,ERR,ERR,ERR,ERR,ERR,ERR,ERR,ERR,ERR,ERR,ERR,ERR,ERR,ERR,ERR,ERR,ERR,ERR,ERR,ERR,ERR,ERR,ERR,ERR,ERR,ERR,ERR,ERR,ERR,ERR,ERR,ERR,ERR,ERR,ERR,ERR,ERR,ERR,ERR,ERR,ERR,ERR,ERR,ERR,ERR,ERR,ERR,ERR,ERR,ERR,ERR,ERR,ERR,ERR,ERR,ERR,ERR,ERR,ERR,ERR,ERR,ERR,ERR,ERR,ERR,ERR,ERR,ERR,ERR,ERR,ERR,ERR,ERR,ERR,ERR,ERR,ERR,ERR,ERR,ERR,ERR,ERR,ERR,ERR,ERR,ERR,ERR,ERR,ERR,ERR,ERR,ERR,ERR,ERR,ERR,ERR,ERR,ERR,ERR,ERR,ERR,ERR,ERR,ERR,ERR,ERR,ERR,ERR,ERR,ERR,ERR,-0.0,0.0,0.0,0.059,0.0,1.3936040501711995e+18,7.805,-0.002,0,0,4,48927,6720,14723890282496.0,100,0.0,0.0,0.0,-0.0,0.0,0,0,0,0,0.0,0,0,0,0,0,0,0,0,0,0,0,0,0,0,0,0,0,0,0,0,0,0,0,0,0,0,0,0,0,0,0,0,0,26,51,50,76,65476,0,300,0,0,8,21553,0.0,-107605600.0,0.0,0.0,0.0,0.0,0.0,0.0,0.0,0.0,0.0,0.0,0.0,0.0,0.0,0.0,0.0,0.0,0.0,0.0,0.0,0.0,-2.004,2.004,-2.004,0.0,0.0,0.0,0.0,0.0,4780.0,1.587928030851661e+29,7278.0,2.7184312818759872e+23,0.0,-0.0,-107615392.0,0.0,0.0,0.0,0.0,77,0.059,0.0,0.0,0.0,0.0,0.0,0.0,0.0,0.0,0,0,0,0.0,0.0,0.0,0.0,0.0,0.0,0.0,0.0,0.0,0.0,0.0,0.0,0.0,0.0,0.0,0.0,0,-107875648.0,77,0.0,154,0.0,0.0,ERR,ERR,ERR,ERR,ERR,ERR,ERR,ERR,ERR,ERR,ERR,ERR,ERR,ERR,ERR,ERR,ERR,ERR,ERR,ERR,ERR,ERR,ERR,ERR,ERR,ERR,ERR,ERR,ERR,ERR,ERR,ERR,ERR,ERR,ERR,ERR,ERR,ERR,ERR,ERR,ERR,ERR,ERR,ERR,ERR,ERR,ERR,ERR,ERR,ERR,ERR,ERR,ERR,ERR,ERR,ERR,ERR,ERR,ERR,ERR,ERR,ERR,ERR,ERR,ERR,ERR,ERR,34.0,80.0,35,0.0,0.0,0.0,0.0,0.0,0.0,0.0,0.0,0.0,0.0,0.0,0.0,0.0,0.0,0.0,0.0,66.4,0,120,58,53,65476,0,300,0,0,8,20529,65476,0,0,57672,80.0,0.0,0.0,0.0,0.0,0.0
2026-06-18T02:33:14,ERR,ERR,ERR,ERR,ERR,ERR,ERR,ERR,ERR,ERR,ERR,ERR,ERR,ERR,ERR,ERR,ERR,ERR,ERR,ERR,ERR,ERR,ERR,ERR,ERR,ERR,ERR,ERR,ERR,ERR,ERR,ERR,ERR,ERR,ERR,ERR,ERR,ERR,ERR,ERR,ERR,ERR,ERR,ERR,ERR,ERR,ERR,ERR,ERR,ERR,ERR,ERR,ERR,ERR,ERR,ERR,ERR,ERR,ERR,ERR,ERR,ERR,ERR,ERR,ERR,ERR,ERR,ERR,ERR,ERR,ERR,ERR,ERR,ERR,ERR,ERR,ERR,ERR,ERR,ERR,ERR,ERR,ERR,ERR,ERR,ERR,ERR,ERR,ERR,ERR,ERR,ERR,ERR,ERR,ERR,ERR,ERR,ERR,ERR,ERR,ERR,ERR,ERR,ERR,ERR,ERR,ERR,ERR,ERR,ERR,ERR,ERR,ERR,ERR,ERR,ERR,ERR,ERR,ERR,ERR,ERR,ERR,ERR,ERR,ERR,-0.0,0.0,0.0,0.059,0.0,1.3936040501711995e+18,7.805,-0.002,0,0,4,48927,6720,14723890282496.0,100,0.0,0.0,0.0,-0.0,0.0,0,0,0,0,0.0,0,0,0,0,0,0,0,0,0,0,0,0,0,0,0,0,0,0,0,0,0,0,0,0,0,0,0,0,0,0,0,0,0,26,51,50,76,65476,0,300,0,0,8,21553,0.0,-107605600.0,0.0,0.0,0.0,0.0,0.0,0.0,0.0,0.0,0.0,0.0,0.0,0.0,0.0,0.0,0.0,0.0,0.0,0.0,0.0,0.0,-2.004,2.004,-2.004,0.0,0.0,0.0,0.0,0.0,4780.0,1.587928030851661e+29,7278.0,2.7184312818759872e+23,0.0,-0.0,-107615392.0,0.0,0.0,0.0,0.0,77,0.059,0.0,0.0,0.0,0.0,0.0,0.0,0.0,0.0,0,0,0,0.0,0.0,0.0,0.0,0.0,0.0,0.0,0.0,0.0,0.0,0.0,0.0,0.0,0.0,0.0,0.0,0,-107875648.0,77,0.0,154,0.0,0.0,ERR,ERR,ERR,ERR,ERR,ERR,ERR,ERR,ERR,ERR,ERR,ERR,ERR,ERR,ERR,ERR,ERR,ERR,ERR,ERR,ERR,ERR,ERR,ERR,ERR,ERR,ERR,ERR,ERR,ERR,ERR,ERR,ERR,ERR,ERR,ERR,ERR,ERR,ERR,ERR,ERR,ERR,ERR,ERR,ERR,ERR,ERR,ERR,ERR,ERR,ERR,ERR,ERR,ERR,ERR,ERR,ERR,ERR,ERR,ERR,ERR,ERR,ERR,ERR,ERR,ERR,ERR,34.0,80.0,35,0.0,0.0,0.0,0.0,0.0,0.0,0.0,0.0,0.0,0.0,0.0,0.0,0.0,0.0,0.0,0.0,66.4,0,120,58,53,65476,0,300,0,0,8,20529,65476,0,0,57672,80.0,0.0,0.0,0.0,0.0,0.0
2026-06-18T02:33:15,ERR,ERR,ERR,ERR,ERR,ERR,ERR,ERR,ERR,ERR,ERR,ERR,ERR,ERR,ERR,ERR,ERR,ERR,ERR,ERR,ERR,ERR,ERR,ERR,ERR,ERR,ERR,ERR,ERR,ERR,ERR,ERR,ERR,ERR,ERR,ERR,ERR,ERR,ERR,ERR,ERR,ERR,ERR,ERR,ERR,ERR,ERR,ERR,ERR,ERR,ERR,ERR,ERR,ERR,ERR,ERR,ERR,ERR,ERR,ERR,ERR,ERR,ERR,ERR,ERR,ERR,ERR,ERR,ERR,ERR,ERR,ERR,ERR,ERR,ERR,ERR,ERR,ERR,ERR,ERR,ERR,ERR,ERR,ERR,ERR,ERR,ERR,ERR,ERR,ERR,ERR,ERR,ERR,ERR,ERR,ERR,ERR,ERR,ERR,ERR,ERR,ERR,ERR,ERR,ERR,ERR,ERR,ERR,ERR,ERR,ERR,ERR,ERR,ERR,ERR,ERR,ERR,ERR,ERR,ERR,ERR,ERR,ERR,ERR,ERR,-0.0,0.0,0.0,0.059,0.0,1.3936040501711995e+18,7.805,-0.002,0,0,4,48927,6720,14723890282496.0,100,0.0,0.0,0.0,-0.0,0.0,0,0,0,0,0.0,0,0,0,0,0,0,0,0,0,0,0,0,0,0,0,0,0,0,0,0,0,0,0,0,0,0,0,0,0,0,0,0,0,26,51,50,76,65476,0,300,0,0,8,21553,0.0,-107605600.0,0.0,0.0,0.0,0.0,0.0,0.0,0.0,0.0,0.0,0.0,0.0,0.0,0.0,0.0,0.0,0.0,0.0,0.0,0.0,0.0,-2.004,2.004,-2.004,0.0,0.0,0.0,0.0,0.0,4780.0,1.587928030851661e+29,7278.0,2.7184312818759872e+23,0.0,-0.0,-107615392.0,0.0,0.0,0.0,0.0,77,0.059,0.0,0.0,0.0,0.0,0.0,0.0,0.0,0.0,0,0,0,0.0,0.0,0.0,0.0,0.0,0.0,0.0,0.0,0.0,0.0,0.0,0.0,0.0,0.0,0.0,0.0,0,-107875648.0,77,0.0,154,0.0,0.0,ERR,ERR,ERR,ERR,ERR,ERR,ERR,ERR,ERR,ERR,ERR,ERR,ERR,ERR,ERR,ERR,ERR,ERR,ERR,ERR,ERR,ERR,ERR,ERR,ERR,ERR,ERR,ERR,ERR,ERR,ERR,ERR,ERR,ERR,ERR,ERR,ERR,ERR,ERR,ERR,ERR,ERR,ERR,ERR,ERR,ERR,ERR,ERR,ERR,ERR,ERR,ERR,ERR,ERR,ERR,ERR,ERR,ERR,ERR,ERR,ERR,ERR,ERR,ERR,ERR,ERR,ERR,34.0,80.0,35,0.0,0.0,0.0,0.0,0.0,0.0,0.0,0.0,0.0,0.0,0.0,0.0,0.0,0.0,0.0,0.0,66.4,0,120,58,53,65476,0,300,0,0,8,20529,65476,0,0,57672,80.0,0.0,0.0,0.0,0.0,0.0
2026-06-18T02:33:16,ERR,ERR,ERR,ERR,ERR,ERR,ERR,ERR,ERR,ERR,ERR,ERR,ERR,ERR,ERR,ERR,ERR,ERR,ERR,ERR,ERR,ERR,ERR,ERR,ERR,ERR,ERR,ERR,ERR,ERR,ERR,ERR,ERR,ERR,ERR,ERR,ERR,ERR,ERR,ERR,ERR,ERR,ERR,ERR,ERR,ERR,ERR,ERR,ERR,ERR,ERR,ERR,ERR,ERR,ERR,ERR,ERR,ERR,ERR,ERR,ERR,ERR,ERR,ERR,ERR,ERR,ERR,ERR,ERR,ERR,ERR,ERR,ERR,ERR,ERR,ERR,ERR,ERR,ERR,ERR,ERR,ERR,ERR,ERR,ERR,ERR,ERR,ERR,ERR,ERR,ERR,ERR,ERR,ERR,ERR,ERR,ERR,ERR,ERR,ERR,ERR,ERR,ERR,ERR,ERR,ERR,ERR,ERR,ERR,ERR,ERR,ERR,ERR,ERR,ERR,ERR,ERR,ERR,ERR,ERR,ERR,ERR,ERR,ERR,ERR,-0.0,0.0,0.0,0.059,0.0,1.3936040501711995e+18,7.805,-0.002,0,0,4,48927,6720,14723890282496.0,100,0.0,0.0,0.0,-0.0,0.0,0,0,0,0,0.0,0,0,0,0,0,0,0,0,0,0,0,0,0,0,0,0,0,0,0,0,0,0,0,0,0,0,0,0,0,0,0,0,0,26,51,50,76,65476,0,300,0,0,8,21553,0.0,-107605600.0,0.0,0.0,0.0,0.0,0.0,0.0,0.0,0.0,0.0,0.0,0.0,0.0,0.0,0.0,0.0,0.0,0.0,0.0,0.0,0.0,-2.004,2.004,-2.004,0.0,0.0,0.0,0.0,0.0,4780.0,1.587928030851661e+29,7278.0,2.7184312818759872e+23,0.0,-0.0,-107615392.0,0.0,0.0,0.0,0.0,77,0.059,0.0,0.0,0.0,0.0,0.0,0.0,0.0,0.0,0,0,0,0.0,0.0,0.0,0.0,0.0,0.0,0.0,0.0,0.0,0.0,0.0,0.0,0.0,0.0,0.0,0.0,0,-107875648.0,77,0.0,154,0.0,0.0,ERR,ERR,ERR,ERR,ERR,ERR,ERR,ERR,ERR,ERR,ERR,ERR,ERR,ERR,ERR,ERR,ERR,ERR,ERR,ERR,ERR,ERR,ERR,ERR,ERR,ERR,ERR,ERR,ERR,ERR,ERR,ERR,ERR,ERR,ERR,ERR,ERR,ERR,ERR,ERR,ERR,ERR,ERR,ERR,ERR,ERR,ERR,ERR,ERR,ERR,ERR,ERR,ERR,ERR,ERR,ERR,ERR,ERR,ERR,ERR,ERR,ERR,ERR,ERR,ERR,ERR,ERR,34.0,80.0,35,0.0,0.0,0.0,0.0,0.0,0.0,0.0,0.0,0.0,0.0,0.0,0.0,0.0,0.0,0.0,0.0,66.4,0,120,58,53,65476,0,300,0,0,8,20529,65476,0,0,57672,80.0,0.0,0.0,0.0,0.0,0.0
2026-06-18T02:33:17,ERR,ERR,ERR,ERR,ERR,ERR,ERR,ERR,ERR,ERR,ERR,ERR,ERR,ERR,ERR,ERR,ERR,ERR,ERR,ERR,ERR,ERR,ERR,ERR,ERR,ERR,ERR,ERR,ERR,ERR,ERR,ERR,ERR,ERR,ERR,ERR,ERR,ERR,ERR,ERR,ERR,ERR,ERR,ERR,ERR,ERR,ERR,ERR,ERR,ERR,ERR,ERR,ERR,ERR,ERR,ERR,ERR,ERR,ERR,ERR,ERR,ERR,ERR,ERR,ERR,ERR,ERR,ERR,ERR,ERR,ERR,ERR,ERR,ERR,ERR,ERR,ERR,ERR,ERR,ERR,ERR,ERR,ERR,ERR,ERR,ERR,ERR,ERR,ERR,ERR,ERR,ERR,ERR,ERR,ERR,ERR,ERR,ERR,ERR,ERR,ERR,ERR,ERR,ERR,ERR,ERR,ERR,ERR,ERR,ERR,ERR,ERR,ERR,ERR,ERR,ERR,ERR,ERR,ERR,ERR,ERR,ERR,ERR,ERR,ERR,2.7184312818759872e+23,0.0,-0.0,0.059,nan,1.3936040501711995e+18,7.805,0.0,0,0,4,48930,6720,14723890282496.0,100,0.0,0.0,0.0,0.059,0.0,0,0,0,0,0.0,0,0,0,0,0,0,0,0,0,0,0,0,0,0,0,0,0,0,0,0,0,0,0,0,0,0,0,0,0,0,0,0,0,26,51,50,76,65476,0,300,0,0,8,21553,0.0,-107605600.0,0.0,0.0,0.0,0.0,0.0,0.0,0.0,0.0,0.0,0.0,0.0,0.0,0.0,0.0,0.0,0.0,0.0,0.0,0.0,0.0,-2.004,2.004,-2.004,0.0,0.0,0.0,0.0,0.0,4777.0,1.587928030851661e+29,7278.0,2.7184312818759872e+23,0.0,-0.0,-107615392.0,0.0,0.0,0.0,0.0,77,0.0,89220.492,0.0,0.0,0.0,0.0,0.0,0.0,0.0,0,0,0,0.0,0.0,0.0,0.0,0.0,0.0,0.0,0.0,0.0,0.0,0.0,0.0,0.0,0.0,0.0,0.0,0,-107875648.0,77,0.0,154,0.0,0.0,ERR,ERR,ERR,ERR,ERR,ERR,ERR,ERR,ERR,ERR,ERR,ERR,ERR,ERR,ERR,ERR,ERR,ERR,ERR,ERR,ERR,ERR,ERR,ERR,ERR,ERR,ERR,ERR,ERR,ERR,ERR,ERR,ERR,ERR,ERR,ERR,ERR,ERR,ERR,ERR,ERR,ERR,ERR,ERR,ERR,ERR,ERR,ERR,ERR,ERR,ERR,ERR,ERR,ERR,ERR,ERR,ERR,ERR,ERR,ERR,ERR,ERR,ERR,ERR,ERR,ERR,ERR,34.0,80.0,35,0.0,0.0,0.0,0.0,0.0,0.0,0.0,0.0,0.0,0.0,0.0,0.0,0.0,0.0,0.0,0.0,65.6,0,120,58,53,65476,0,300,0,0,8,20529,65476,0,0,57672,80.0,0.0,0.0,0.0,0.0,0.0
2026-06-18T02:33:18,ERR,ERR,ERR,ERR,ERR,ERR,ERR,ERR,ERR,ERR,ERR,ERR,ERR,ERR,ERR,ERR,ERR,ERR,ERR,ERR,ERR,ERR,ERR,ERR,ERR,ERR,ERR,ERR,ERR,ERR,ERR,ERR,ERR,ERR,ERR,ERR,ERR,ERR,ERR,ERR,ERR,ERR,ERR,ERR,ERR,ERR,ERR,ERR,ERR,ERR,ERR,ERR,ERR,ERR,ERR,ERR,ERR,ERR,ERR,ERR,ERR,ERR,ERR,ERR,ERR,ERR,ERR,ERR,ERR,ERR,ERR,ERR,ERR,ERR,ERR,ERR,ERR,ERR,ERR,ERR,ERR,ERR,ERR,ERR,ERR,ERR,ERR,ERR,ERR,ERR,ERR,ERR,ERR,ERR,ERR,ERR,ERR,ERR,ERR,ERR,ERR,ERR,ERR,ERR,ERR,ERR,ERR,ERR,ERR,ERR,ERR,ERR,ERR,ERR,ERR,ERR,ERR,ERR,ERR,ERR,ERR,ERR,ERR,ERR,ERR,2.7184312818759872e+23,0.0,-0.0,0.059,nan,1.3936040501711995e+18,7.805,0.0,0,0,4,48930,6720,14723890282496.0,100,0.0,0.0,0.0,0.059,0.0,0,0,0,0,0.0,0,0,0,0,0,0,0,0,0,0,0,0,0,0,0,0,0,0,0,0,0,0,0,0,0,0,0,0,0,0,0,0,0,26,51,50,76,65476,0,300,0,0,8,21553,0.0,-107605600.0,0.0,0.0,0.0,0.0,0.0,0.0,0.0,0.0,0.0,0.0,0.0,0.0,0.0,0.0,0.0,0.0,0.0,0.0,0.0,0.0,-2.004,2.004,-2.004,0.0,0.0,0.0,0.0,0.0,4777.0,1.587928030851661e+29,7278.0,2.7184312818759872e+23,0.0,-0.0,-107615392.0,0.0,0.0,0.0,0.0,77,0.0,89220.492,0.0,0.0,0.0,0.0,0.0,0.0,0.0,0,0,0,0.0,0.0,0.0,0.0,0.0,0.0,0.0,0.0,0.0,0.0,0.0,0.0,0.0,0.0,0.0,0.0,0,-107875648.0,77,0.0,154,0.0,0.0,ERR,ERR,ERR,ERR,ERR,ERR,ERR,ERR,ERR,ERR,ERR,ERR,ERR,ERR,ERR,ERR,ERR,ERR,ERR,ERR,ERR,ERR,ERR,ERR,ERR,ERR,ERR,ERR,ERR,ERR,ERR,ERR,ERR,ERR,ERR,ERR,ERR,ERR,ERR,ERR,ERR,ERR,ERR,ERR,ERR,ERR,ERR,ERR,ERR,ERR,ERR,ERR,ERR,ERR,ERR,ERR,ERR,ERR,ERR,ERR,ERR,ERR,ERR,ERR,ERR,ERR,ERR,34.0,80.0,35,0.0,0.0,0.0,0.0,0.0,0.0,0.0,0.0,0.0,0.0,0.0,0.0,0.0,0.0,0.0,0.0,65.6,0,120,58,53,65476,0,300,0,0,8,20529,65476,0,0,57672,80.0,0.0,0.0,0.0,0.0,0.0
2026-06-18T02:33:19,ERR,ERR,ERR,ERR,ERR,ERR,ERR,ERR,ERR,ERR,ERR,ERR,ERR,ERR,ERR,ERR,ERR,ERR,ERR,ERR,ERR,ERR,ERR,ERR,ERR,ERR,ERR,ERR,ERR,ERR,ERR,ERR,ERR,ERR,ERR,ERR,ERR,ERR,ERR,ERR,ERR,ERR,ERR,ERR,ERR,ERR,ERR,ERR,ERR,ERR,ERR,ERR,ERR,ERR,ERR,ERR,ERR,ERR,ERR,ERR,ERR,ERR,ERR,ERR,ERR,ERR,ERR,ERR,ERR,ERR,ERR,ERR,ERR,ERR,ERR,ERR,ERR,ERR,ERR,ERR,ERR,ERR,ERR,ERR,ERR,ERR,ERR,ERR,ERR,ERR,ERR,ERR,ERR,ERR,ERR,ERR,ERR,ERR,ERR,ERR,ERR,ERR,ERR,ERR,ERR,ERR,ERR,ERR,ERR,ERR,ERR,ERR,ERR,ERR,ERR,ERR,ERR,ERR,ERR,ERR,ERR,ERR,ERR,ERR,ERR,2.7184312818759872e+23,0.0,-0.0,0.059,nan,1.3936040501711995e+18,7.805,0.0,0,0,4,48930,6720,14723890282496.0,100,0.0,0.0,0.0,0.059,0.0,0,0,0,0,0.0,0,0,0,0,0,0,0,0,0,0,0,0,0,0,0,0,0,0,0,0,0,0,0,0,0,0,0,0,0,0,0,0,0,26,51,50,76,65476,0,300,0,0,8,21553,0.0,-107605600.0,0.0,0.0,0.0,0.0,0.0,0.0,0.0,0.0,0.0,0.0,0.0,0.0,0.0,0.0,0.0,0.0,0.0,0.0,0.0,0.0,-2.004,2.004,-2.004,0.0,0.0,0.0,0.0,0.0,4777.0,1.587928030851661e+29,7278.0,2.7184312818759872e+23,0.0,-0.0,-107615392.0,0.0,0.0,0.0,0.0,77,0.0,89220.492,0.0,0.0,0.0,0.0,0.0,0.0,0.0,0,0,0,0.0,0.0,0.0,0.0,0.0,0.0,0.0,0.0,0.0,0.0,0.0,0.0,0.0,0.0,0.0,0.0,0,-107875648.0,77,0.0,154,0.0,0.0,ERR,ERR,ERR,ERR,ERR,ERR,ERR,ERR,ERR,ERR,ERR,ERR,ERR,ERR,ERR,ERR,ERR,ERR,ERR,ERR,ERR,ERR,ERR,ERR,ERR,ERR,ERR,ERR,ERR,ERR,ERR,ERR,ERR,ERR,ERR,ERR,ERR,ERR,ERR,ERR,ERR,ERR,ERR,ERR,ERR,ERR,ERR,ERR,ERR,ERR,ERR,ERR,ERR,ERR,ERR,ERR,ERR,ERR,ERR,ERR,ERR,ERR,ERR,ERR,ERR,ERR,ERR,34.0,80.0,35,0.0,0.0,0.0,0.0,0.0,0.0,0.0,0.0,0.0,0.0,0.0,0.0,0.0,0.0,0.0,0.0,66.4,0,120,58,53,65476,0,300,0,0,8,20529,65476,0,0,57672,80.0,0.0,0.0,0.0,0.0,0.0
2026-06-18T02:33:20,ERR,ERR,ERR,ERR,ERR,ERR,ERR,ERR,ERR,ERR,ERR,ERR,ERR,ERR,ERR,ERR,ERR,ERR,ERR,ERR,ERR,ERR,ERR,ERR,ERR,ERR,ERR,ERR,ERR,ERR,ERR,ERR,ERR,ERR,ERR,ERR,ERR,ERR,ERR,ERR,ERR,ERR,ERR,ERR,ERR,ERR,ERR,ERR,ERR,ERR,ERR,ERR,ERR,ERR,ERR,ERR,ERR,ERR,ERR,ERR,ERR,ERR,ERR,ERR,ERR,ERR,ERR,ERR,ERR,ERR,ERR,ERR,ERR,ERR,ERR,ERR,ERR,ERR,ERR,ERR,ERR,ERR,ERR,ERR,ERR,ERR,ERR,ERR,ERR,ERR,ERR,ERR,ERR,ERR,ERR,ERR,ERR,ERR,ERR,ERR,ERR,ERR,ERR,ERR,ERR,ERR,ERR,ERR,ERR,ERR,ERR,ERR,ERR,ERR,ERR,ERR,ERR,ERR,ERR,ERR,ERR,ERR,ERR,ERR,ERR,2.7184312818759872e+23,0.0,-0.0,0.059,nan,1.3936040501711995e+18,7.805,0.0,0,0,4,48930,6720,14723890282496.0,100,0.0,0.0,0.0,0.059,0.0,0,0,0,0,0.0,0,0,0,0,0,0,0,0,0,0,0,0,0,0,0,0,0,0,0,0,0,0,0,0,0,0,0,0,0,0,0,0,0,26,51,50,76,65476,0,300,0,0,8,21553,0.0,-107605600.0,0.0,0.0,0.0,0.0,0.0,0.0,0.0,0.0,0.0,0.0,0.0,0.0,0.0,0.0,0.0,0.0,0.0,0.0,0.0,0.0,-2.004,2.004,-2.004,0.0,0.0,0.0,0.0,0.0,4777.0,1.587928030851661e+29,7278.0,2.7184312818759872e+23,0.0,-0.0,-107615392.0,0.0,0.0,0.0,0.0,77,0.0,89220.492,0.0,0.0,0.0,0.0,0.0,0.0,0.0,0,0,0,0.0,0.0,0.0,0.0,0.0,0.0,0.0,0.0,0.0,0.0,0.0,0.0,0.0,0.0,0.0,0.0,0,-107875648.0,77,0.0,154,0.0,0.0,ERR,ERR,ERR,ERR,ERR,ERR,ERR,ERR,ERR,ERR,ERR,ERR,ERR,ERR,ERR,ERR,ERR,ERR,ERR,ERR,ERR,ERR,ERR,ERR,ERR,ERR,ERR,ERR,ERR,ERR,ERR,ERR,ERR,ERR,ERR,ERR,ERR,ERR,ERR,ERR,ERR,ERR,ERR,ERR,ERR,ERR,ERR,ERR,ERR,ERR,ERR,ERR,ERR,ERR,ERR,ERR,ERR,ERR,ERR,ERR,ERR,ERR,ERR,ERR,ERR,ERR,ERR,34.0,80.0,35,0.0,0.0,0.0,0.0,0.0,0.0,0.0,0.0,0.0,0.0,0.0,0.0,0.0,0.0,0.0,0.0,66.4,0,120,58,53,65476,0,300,0,0,8,20529,65476,0,0,57672,80.0,0.0,0.0,0.0,0.0,0.0
2026-06-18T02:33:21,ERR,ERR,ERR,ERR,ERR,ERR,ERR,ERR,ERR,ERR,ERR,ERR,ERR,ERR,ERR,ERR,ERR,ERR,ERR,ERR,ERR,ERR,ERR,ERR,ERR,ERR,ERR,ERR,ERR,ERR,ERR,ERR,ERR,ERR,ERR,ERR,ERR,ERR,ERR,ERR,ERR,ERR,ERR,ERR,ERR,ERR,ERR,ERR,ERR,ERR,ERR,ERR,ERR,ERR,ERR,ERR,ERR,ERR,ERR,ERR,ERR,ERR,ERR,ERR,ERR,ERR,ERR,ERR,ERR,ERR,ERR,ERR,ERR,ERR,ERR,ERR,ERR,ERR,ERR,ERR,ERR,ERR,ERR,ERR,ERR,ERR,ERR,ERR,ERR,ERR,ERR,ERR,ERR,ERR,ERR,ERR,ERR,ERR,ERR,ERR,ERR,ERR,ERR,ERR,ERR,ERR,ERR,ERR,ERR,ERR,ERR,ERR,ERR,ERR,ERR,ERR,ERR,ERR,ERR,ERR,ERR,ERR,ERR,ERR,ERR,2.7184312818759872e+23,0.0,-0.0,0.059,nan,1.3936040501711995e+18,7.805,0.0,0,0,4,48930,6720,14723890282496.0,100,0.0,0.0,0.0,0.059,0.0,0,0,0,0,0.0,0,0,0,0,0,0,0,0,0,0,0,0,0,0,0,0,0,0,0,0,0,0,0,0,0,0,0,0,0,0,0,0,0,26,51,50,76,65476,0,300,0,0,8,21553,0.0,-107605600.0,0.0,0.0,0.0,0.0,0.0,0.0,0.0,0.0,0.0,0.0,0.0,0.0,0.0,0.0,0.0,0.0,0.0,0.0,0.0,0.0,-2.004,2.004,-2.004,0.0,0.0,0.0,0.0,0.0,4777.0,1.587928030851661e+29,7278.0,2.7184312818759872e+23,0.0,-0.0,-107615392.0,0.0,0.0,0.0,0.0,77,0.0,89220.492,0.0,0.0,0.0,0.0,0.0,0.0,0.0,0,0,0,0.0,0.0,0.0,0.0,0.0,0.0,0.0,0.0,0.0,0.0,0.0,0.0,0.0,0.0,0.0,0.0,0,-107875648.0,77,0.0,154,0.0,0.0,ERR,ERR,ERR,ERR,ERR,ERR,ERR,ERR,ERR,ERR,ERR,ERR,ERR,ERR,ERR,ERR,ERR,ERR,ERR,ERR,ERR,ERR,ERR,ERR,ERR,ERR,ERR,ERR,ERR,ERR,ERR,ERR,ERR,ERR,ERR,ERR,ERR,ERR,ERR,ERR,ERR,ERR,ERR,ERR,ERR,ERR,ERR,ERR,ERR,ERR,ERR,ERR,ERR,ERR,ERR,ERR,ERR,ERR,ERR,ERR,ERR,ERR,ERR,ERR,ERR,ERR,ERR,34.0,80.0,35,0.0,0.0,0.0,0.0,0.0,0.0,0.0,0.0,0.0,0.0,0.0,0.0,0.0,0.0,0.0,0.0,65.6,0,120,58,53,65476,0,300,0,0,8,20529,65476,0,0,57672,80.0,0.0,0.0,0.0,0.0,0.0
2026-06-18T02:33:22,ERR,ERR,ERR,ERR,ERR,ERR,ERR,ERR,ERR,ERR,ERR,ERR,ERR,ERR,ERR,ERR,ERR,ERR,ERR,ERR,ERR,ERR,ERR,ERR,ERR,ERR,ERR,ERR,ERR,ERR,ERR,ERR,ERR,ERR,ERR,ERR,ERR,ERR,ERR,ERR,ERR,ERR,ERR,ERR,ERR,ERR,ERR,ERR,ERR,ERR,ERR,ERR,ERR,ERR,ERR,ERR,ERR,ERR,ERR,ERR,ERR,ERR,ERR,ERR,ERR,ERR,ERR,ERR,ERR,ERR,ERR,ERR,ERR,ERR,ERR,ERR,ERR,ERR,ERR,ERR,ERR,ERR,ERR,ERR,ERR,ERR,ERR,ERR,ERR,ERR,ERR,ERR,ERR,ERR,ERR,ERR,ERR,ERR,ERR,ERR,ERR,ERR,ERR,ERR,ERR,ERR,ERR,ERR,ERR,ERR,ERR,ERR,ERR,ERR,ERR,ERR,ERR,ERR,ERR,ERR,ERR,ERR,ERR,ERR,ERR,2.7184312818759872e+23,0.0,-0.0,-0.0,nan,1.3936040501711995e+18,7.805,-0.0,0,0,4,48927,6720,14723890282496.0,100,0.0,0.0,0.0,-152005385388032.0,0.0,0,0,0,0,0.0,0,0,0,0,0,0,0,0,0,0,0,0,0,0,0,0,0,0,0,0,0,0,0,0,0,0,0,0,0,0,0,0,0,26,51,50,76,65476,0,300,0,0,8,21553,0.0,-107605600.0,0.0,0.0,0.0,0.0,0.0,0.0,0.0,0.0,0.0,0.0,0.0,0.0,0.0,0.0,0.0,0.0,0.0,0.0,0.0,0.0,-2.004,2.004,-2.004,0.0,0.0,0.0,0.0,0.0,4779.0,-0.0,7281.0,2.7184312818759872e+23,0.0,-0.0,-107615392.0,0.0,0.0,0.0,0.0,77,0.0,2.718415789493269e+23,0.0,0.0,0.0,0.0,0.0,0.0,0.0,0,0,0,0.0,0.0,0.0,0.0,0.0,0.0,0.0,0.0,0.0,0.0,0.0,0.0,0.0,0.0,0.0,0.0,0,-107875648.0,77,0.0,154,0.0,0.0,ERR,ERR,ERR,ERR,ERR,ERR,ERR,ERR,ERR,ERR,ERR,ERR,ERR,ERR,ERR,ERR,ERR,ERR,ERR,ERR,ERR,ERR,ERR,ERR,ERR,ERR,ERR,ERR,ERR,ERR,ERR,ERR,ERR,ERR,ERR,ERR,ERR,ERR,ERR,ERR,ERR,ERR,ERR,ERR,ERR,ERR,ERR,ERR,ERR,ERR,ERR,ERR,ERR,ERR,ERR,ERR,ERR,ERR,ERR,ERR,ERR,ERR,ERR,ERR,ERR,ERR,ERR,34.0,80.0,35,0.0,0.0,0.0,0.0,0.0,0.0,0.0,0.0,0.0,0.0,0.0,0.0,0.0,0.0,0.0,0.0,66.4,0,120,58,53,65476,0,300,0,0,8,20529,65476,0,0,57672,80.0,0.0,0.0,0.0,0.0,0.0
2026-06-18T02:33:23,ERR,ERR,ERR,ERR,ERR,ERR,ERR,ERR,ERR,ERR,ERR,ERR,ERR,ERR,ERR,ERR,ERR,ERR,ERR,ERR,ERR,ERR,ERR,ERR,ERR,ERR,ERR,ERR,ERR,ERR,ERR,ERR,ERR,ERR,ERR,ERR,ERR,ERR,ERR,ERR,ERR,ERR,ERR,ERR,ERR,ERR,ERR,ERR,ERR,ERR,ERR,ERR,ERR,ERR,ERR,ERR,ERR,ERR,ERR,ERR,ERR,ERR,ERR,ERR,ERR,ERR,ERR,ERR,ERR,ERR,ERR,ERR,ERR,ERR,ERR,ERR,ERR,ERR,ERR,ERR,ERR,ERR,ERR,ERR,ERR,ERR,ERR,ERR,ERR,ERR,ERR,ERR,ERR,ERR,ERR,ERR,ERR,ERR,ERR,ERR,ERR,ERR,ERR,ERR,ERR,ERR,ERR,ERR,ERR,ERR,ERR,ERR,ERR,ERR,ERR,ERR,ERR,ERR,ERR,ERR,ERR,ERR,ERR,ERR,ERR,2.7184312818759872e+23,0.0,-0.0,-0.0,nan,1.3936040501711995e+18,7.805,-0.0,0,0,4,48927,6720,14723890282496.0,100,0.0,0.0,0.0,-152005385388032.0,0.0,0,0,0,0,0.0,0,0,0,0,0,0,0,0,0,0,0,0,0,0,0,0,0,0,0,0,0,0,0,0,0,0,0,0,0,0,0,0,0,26,51,50,76,65476,0,300,0,0,8,21553,0.0,-107605600.0,0.0,0.0,0.0,0.0,0.0,0.0,0.0,0.0,0.0,0.0,0.0,0.0,0.0,0.0,0.0,0.0,0.0,0.0,0.0,0.0,-2.004,2.004,-2.004,0.0,0.0,0.0,0.0,0.0,4779.0,-0.0,7281.0,2.7184312818759872e+23,0.0,-0.0,-107615392.0,0.0,0.0,0.0,0.0,77,0.0,2.718415789493269e+23,0.0,0.0,0.0,0.0,0.0,0.0,0.0,0,0,0,0.0,0.0,0.0,0.0,0.0,0.0,0.0,0.0,0.0,0.0,0.0,0.0,0.0,0.0,0.0,0.0,0,-107875648.0,77,0.0,154,0.0,0.0,ERR,ERR,ERR,ERR,ERR,ERR,ERR,ERR,ERR,ERR,ERR,ERR,ERR,ERR,ERR,ERR,ERR,ERR,ERR,ERR,ERR,ERR,ERR,ERR,ERR,ERR,ERR,ERR,ERR,ERR,ERR,ERR,ERR,ERR,ERR,ERR,ERR,ERR,ERR,ERR,ERR,ERR,ERR,ERR,ERR,ERR,ERR,ERR,ERR,ERR,ERR,ERR,ERR,ERR,ERR,ERR,ERR,ERR,ERR,ERR,ERR,ERR,ERR,ERR,ERR,ERR,ERR,34.0,80.0,35,0.0,0.0,0.0,0.0,0.0,0.0,0.0,0.0,0.0,0.0,0.0,0.0,0.0,0.0,0.0,0.0,66.4,0,120,58,53,65476,0,300,0,0,8,20529,65476,0,0,57672,80.0,0.0,0.0,0.0,0.0,0.0
2026-06-18T02:33:24,ERR,ERR,ERR,ERR,ERR,ERR,ERR,ERR,ERR,ERR,ERR,ERR,ERR,ERR,ERR,ERR,ERR,ERR,ERR,ERR,ERR,ERR,ERR,ERR,ERR,ERR,ERR,ERR,ERR,ERR,ERR,ERR,ERR,ERR,ERR,ERR,ERR,ERR,ERR,ERR,ERR,ERR,ERR,ERR,ERR,ERR,ERR,ERR,ERR,ERR,ERR,ERR,ERR,ERR,ERR,ERR,ERR,ERR,ERR,ERR,ERR,ERR,ERR,ERR,ERR,ERR,ERR,ERR,ERR,ERR,ERR,ERR,ERR,ERR,ERR,ERR,ERR,ERR,ERR,ERR,ERR,ERR,ERR,ERR,ERR,ERR,ERR,ERR,ERR,ERR,ERR,ERR,ERR,ERR,ERR,ERR,ERR,ERR,ERR,ERR,ERR,ERR,ERR,ERR,ERR,ERR,ERR,ERR,ERR,ERR,ERR,ERR,ERR,ERR,ERR,ERR,ERR,ERR,ERR,ERR,ERR,ERR,ERR,ERR,ERR,2.7184312818759872e+23,0.0,-0.0,-0.0,nan,1.3936040501711995e+18,7.805,-0.0,0,0,4,48927,6720,14723890282496.0,100,0.0,0.0,0.0,-152005385388032.0,0.0,0,0,0,0,0.0,0,0,0,0,0,0,0,0,0,0,0,0,0,0,0,0,0,0,0,0,0,0,0,0,0,0,0,0,0,0,0,0,0,26,51,50,76,65476,0,300,0,0,8,21553,0.0,-107605600.0,0.0,0.0,0.0,0.0,0.0,0.0,0.0,0.0,0.0,0.0,0.0,0.0,0.0,0.0,0.0,0.0,0.0,0.0,0.0,0.0,-2.004,2.004,-2.004,0.0,0.0,0.0,0.0,0.0,4779.0,-0.0,7281.0,2.7184312818759872e+23,0.0,-0.0,-107615392.0,0.0,0.0,0.0,0.0,77,0.0,2.718415789493269e+23,0.0,0.0,0.0,0.0,0.0,0.0,0.0,0,0,0,0.0,0.0,0.0,0.0,0.0,0.0,0.0,0.0,0.0,0.0,0.0,0.0,0.0,0.0,0.0,0.0,0,-107875648.0,77,0.0,154,0.0,0.0,ERR,ERR,ERR,ERR,ERR,ERR,ERR,ERR,ERR,ERR,ERR,ERR,ERR,ERR,ERR,ERR,ERR,ERR,ERR,ERR,ERR,ERR,ERR,ERR,ERR,ERR,ERR,ERR,ERR,ERR,ERR,ERR,ERR,ERR,ERR,ERR,ERR,ERR,ERR,ERR,ERR,ERR,ERR,ERR,ERR,ERR,ERR,ERR,ERR,ERR,ERR,ERR,ERR,ERR,ERR,ERR,ERR,ERR,ERR,ERR,ERR,ERR,ERR,ERR,ERR,ERR,ERR,34.0,80.0,35,0.0,0.0,0.0,0.0,0.0,0.0,0.0,0.0,0.0,0.0,0.0,0.0,0.0,0.0,0.0,0.0,65.6,0,120,58,53,65476,0,300,0,0,8,20529,65476,0,0,57672,80.0,0.0,0.0,0.0,0.0,0.0
2026-06-18T02:33:25,ERR,ERR,ERR,ERR,ERR,ERR,ERR,ERR,ERR,ERR,ERR,ERR,ERR,ERR,ERR,ERR,ERR,ERR,ERR,ERR,ERR,ERR,ERR,ERR,ERR,ERR,ERR,ERR,ERR,ERR,ERR,ERR,ERR,ERR,ERR,ERR,ERR,ERR,ERR,ERR,ERR,ERR,ERR,ERR,ERR,ERR,ERR,ERR,ERR,ERR,ERR,ERR,ERR,ERR,ERR,ERR,ERR,ERR,ERR,ERR,ERR,ERR,ERR,ERR,ERR,ERR,ERR,ERR,ERR,ERR,ERR,ERR,ERR,ERR,ERR,ERR,ERR,ERR,ERR,ERR,ERR,ERR,ERR,ERR,ERR,ERR,ERR,ERR,ERR,ERR,ERR,ERR,ERR,ERR,ERR,ERR,ERR,ERR,ERR,ERR,ERR,ERR,ERR,ERR,ERR,ERR,ERR,ERR,ERR,ERR,ERR,ERR,ERR,ERR,ERR,ERR,ERR,ERR,ERR,ERR,ERR,ERR,ERR,ERR,ERR,2.7184312818759872e+23,0.0,-0.0,-0.0,nan,1.3936040501711995e+18,7.805,-0.0,0,0,4,48927,6720,14723890282496.0,100,0.0,0.0,0.0,-152005385388032.0,0.0,0,0,0,0,0.0,0,0,0,0,0,0,0,0,0,0,0,0,0,0,0,0,0,0,0,0,0,0,0,0,0,0,0,0,0,0,0,0,0,26,51,50,76,65476,0,300,0,0,8,21553,0.0,-107605600.0,0.0,0.0,0.0,0.0,0.0,0.0,0.0,0.0,0.0,0.0,0.0,0.0,0.0,0.0,0.0,0.0,0.0,0.0,0.0,0.0,-2.004,2.004,-2.004,0.0,0.0,0.0,0.0,0.0,4779.0,-0.0,7281.0,2.7184312818759872e+23,0.0,-0.0,-107615392.0,0.0,0.0,0.0,0.0,77,0.0,2.718415789493269e+23,0.0,0.0,0.0,0.0,0.0,0.0,0.0,0,0,0,0.0,0.0,0.0,0.0,0.0,0.0,0.0,0.0,0.0,0.0,0.0,0.0,0.0,0.0,0.0,0.0,0,-107875648.0,77,0.0,154,0.0,0.0,ERR,ERR,ERR,ERR,ERR,ERR,ERR,ERR,ERR,ERR,ERR,ERR,ERR,ERR,ERR,ERR,ERR,ERR,ERR,ERR,ERR,ERR,ERR,ERR,ERR,ERR,ERR,ERR,ERR,ERR,ERR,ERR,ERR,ERR,ERR,ERR,ERR,ERR,ERR,ERR,ERR,ERR,ERR,ERR,ERR,ERR,ERR,ERR,ERR,ERR,ERR,ERR,ERR,ERR,ERR,ERR,ERR,ERR,ERR,ERR,ERR,ERR,ERR,ERR,ERR,ERR,ERR,34.0,80.0,35,0.0,0.0,0.0,0.0,0.0,0.0,0.0,0.0,0.0,0.0,0.0,0.0,0.0,0.0,0.0,0.0,65.6,0,120,58,53,65476,0,300,0,0,8,20529,65476,0,0,57672,80.0,0.0,0.0,0.0,0.0,0.0
2026-06-18T02:33:26,ERR,ERR,ERR,ERR,ERR,ERR,ERR,ERR,ERR,ERR,ERR,ERR,ERR,ERR,ERR,ERR,ERR,ERR,ERR,ERR,ERR,ERR,ERR,ERR,ERR,ERR,ERR,ERR,ERR,ERR,ERR,ERR,ERR,ERR,ERR,ERR,ERR,ERR,ERR,ERR,ERR,ERR,ERR,ERR,ERR,ERR,ERR,ERR,ERR,ERR,ERR,ERR,ERR,ERR,ERR,ERR,ERR,ERR,ERR,ERR,ERR,ERR,ERR,ERR,ERR,ERR,ERR,ERR,ERR,ERR,ERR,ERR,ERR,ERR,ERR,ERR,ERR,ERR,ERR,ERR,ERR,ERR,ERR,ERR,ERR,ERR,ERR,ERR,ERR,ERR,ERR,ERR,ERR,ERR,ERR,ERR,ERR,ERR,ERR,ERR,ERR,ERR,ERR,ERR,ERR,ERR,ERR,ERR,ERR,ERR,ERR,ERR,ERR,ERR,ERR,ERR,ERR,ERR,ERR,ERR,ERR,ERR,ERR,ERR,ERR,2.7184312818759872e+23,0.0,-0.0,-0.0,nan,1.3936040501711995e+18,7.805,-0.0,0,0,4,48927,6720,14723890282496.0,100,0.0,0.0,0.0,-152005385388032.0,0.0,0,0,0,0,0.0,0,0,0,0,0,0,0,0,0,0,0,0,0,0,0,0,0,0,0,0,0,0,0,0,0,0,0,0,0,0,0,0,0,26,51,50,76,65476,0,300,0,0,8,21553,0.0,-107605600.0,0.0,0.0,0.0,0.0,0.0,0.0,0.0,0.0,0.0,0.0,0.0,0.0,0.0,0.0,0.0,0.0,0.0,0.0,0.0,0.0,-2.004,2.004,-2.004,0.0,0.0,0.0,0.0,0.0,4779.0,-0.0,7281.0,2.7184312818759872e+23,0.0,-0.0,-107615392.0,0.0,0.0,0.0,0.0,77,0.0,2.718415789493269e+23,0.0,0.0,0.0,0.0,0.0,0.0,0.0,0,0,0,0.0,0.0,0.0,0.0,0.0,0.0,0.0,0.0,0.0,0.0,0.0,0.0,0.0,0.0,0.0,0.0,0,-107875648.0,77,0.0,154,0.0,0.0,ERR,ERR,ERR,ERR,ERR,ERR,ERR,ERR,ERR,ERR,ERR,ERR,ERR,ERR,ERR,ERR,ERR,ERR,ERR,ERR,ERR,ERR,ERR,ERR,ERR,ERR,ERR,ERR,ERR,ERR,ERR,ERR,ERR,ERR,ERR,ERR,ERR,ERR,ERR,ERR,ERR,ERR,ERR,ERR,ERR,ERR,ERR,ERR,ERR,ERR,ERR,ERR,ERR,ERR,ERR,ERR,ERR,ERR,ERR,ERR,ERR,ERR,ERR,ERR,ERR,ERR,ERR,34.0,80.0,35,0.0,0.0,0.0,0.0,0.0,0.0,0.0,0.0,0.0,0.0,0.0,0.0,0.0,0.0,0.0,0.0,65.6,0,120,58,53,65476,0,300,0,0,8,20529,65476,0,0,57672,80.0,0.0,0.0,0.0,0.0,0.0
2026-06-18T02:33:27,ERR,ERR,ERR,ERR,ERR,ERR,ERR,ERR,ERR,ERR,ERR,ERR,ERR,ERR,ERR,ERR,ERR,ERR,ERR,ERR,ERR,ERR,ERR,ERR,ERR,ERR,ERR,ERR,ERR,ERR,ERR,ERR,ERR,ERR,ERR,ERR,ERR,ERR,ERR,ERR,ERR,ERR,ERR,ERR,ERR,ERR,ERR,ERR,ERR,ERR,ERR,ERR,ERR,ERR,ERR,ERR,ERR,ERR,ERR,ERR,ERR,ERR,ERR,ERR,ERR,ERR,ERR,ERR,ERR,ERR,ERR,ERR,ERR,ERR,ERR,ERR,ERR,ERR,ERR,ERR,ERR,ERR,ERR,ERR,ERR,ERR,ERR,ERR,ERR,ERR,ERR,ERR,ERR,ERR,ERR,ERR,ERR,ERR,ERR,ERR,ERR,ERR,ERR,ERR,ERR,ERR,ERR,ERR,ERR,ERR,ERR,ERR,ERR,ERR,ERR,ERR,ERR,ERR,ERR,ERR,ERR,ERR,ERR,ERR,ERR,2.7184312818759872e+23,0.0,-0.0,-0.0,nan,1.3936040501711995e+18,7.805,-0.0,0,0,4,48927,6720,14723890282496.0,100,0.0,0.0,0.0,-152005385388032.0,0.0,0,0,0,0,0.0,0,0,0,0,0,0,0,0,0,0,0,0,0,0,0,0,0,0,0,0,0,0,0,0,0,0,0,0,0,0,0,0,0,26,51,50,76,65476,0,300,0,0,8,21553,0.0,-107605600.0,0.0,0.0,0.0,0.0,0.0,0.0,0.0,0.0,0.0,0.0,0.0,0.0,0.0,0.0,0.0,0.0,0.0,0.0,0.0,0.0,-2.004,2.004,-2.004,0.0,0.0,0.0,0.0,0.0,4779.0,-0.0,7281.0,2.7184312818759872e+23,0.0,-0.0,-107615392.0,0.0,0.0,0.0,0.0,77,0.0,2.718415789493269e+23,0.0,0.0,0.0,0.0,0.0,0.0,0.0,0,0,0,0.0,0.0,0.0,0.0,0.0,0.0,0.0,0.0,0.0,0.0,0.0,0.0,0.0,0.0,0.0,0.0,0,-107875648.0,77,0.0,154,0.0,0.0,ERR,ERR,ERR,ERR,ERR,ERR,ERR,ERR,ERR,ERR,ERR,ERR,ERR,ERR,ERR,ERR,ERR,ERR,ERR,ERR,ERR,ERR,ERR,ERR,ERR,ERR,ERR,ERR,ERR,ERR,ERR,ERR,ERR,ERR,ERR,ERR,ERR,ERR,ERR,ERR,ERR,ERR,ERR,ERR,ERR,ERR,ERR,ERR,ERR,ERR,ERR,ERR,ERR,ERR,ERR,ERR,ERR,ERR,ERR,ERR,ERR,ERR,ERR,ERR,ERR,ERR,ERR,34.0,80.0,35,0.0,0.0,0.0,0.0,0.0,0.0,0.0,0.0,0.0,0.0,0.0,0.0,0.0,0.0,0.0,0.0,65.6,0,120,58,53,65476,0,300,0,0,8,20529,65476,0,0,57672,80.0,0.0,0.0,0.0,0.0,0.0
2026-06-18T02:33:28,ERR,ERR,ERR,ERR,ERR,ERR,ERR,ERR,ERR,ERR,ERR,ERR,ERR,ERR,ERR,ERR,ERR,ERR,ERR,ERR,ERR,ERR,ERR,ERR,ERR,ERR,ERR,ERR,ERR,ERR,ERR,ERR,ERR,ERR,ERR,ERR,ERR,ERR,ERR,ERR,ERR,ERR,ERR,ERR,ERR,ERR,ERR,ERR,ERR,ERR,ERR,ERR,ERR,ERR,ERR,ERR,ERR,ERR,ERR,ERR,ERR,ERR,ERR,ERR,ERR,ERR,ERR,ERR,ERR,ERR,ERR,ERR,ERR,ERR,ERR,ERR,ERR,ERR,ERR,ERR,ERR,ERR,ERR,ERR,ERR,ERR,ERR,ERR,ERR,ERR,ERR,ERR,ERR,ERR,ERR,ERR,ERR,ERR,ERR,ERR,ERR,ERR,ERR,ERR,ERR,ERR,ERR,ERR,ERR,ERR,ERR,ERR,ERR,ERR,ERR,ERR,ERR,ERR,ERR,ERR,ERR,ERR,ERR,ERR,ERR,2.7184312818759872e+23,0.0,-0.0,-0.0,nan,1.3936040501711995e+18,7.805,-0.0,0,0,4,48963,6720,14723890282496.0,100,0.0,0.0,0.0,0.0,0.0,0,0,0,0,0.0,0,0,0,0,0,0,0,0,0,0,0,0,0,0,0,0,0,0,0,0,0,0,0,0,0,0,0,0,0,0,0,0,0,26,51,50,76,65476,0,300,0,0,8,21553,0.0,-107605600.0,0.0,0.0,0.0,0.0,0.0,0.0,0.0,0.0,0.0,0.0,0.0,0.0,0.0,0.0,0.0,0.0,0.0,0.0,0.0,0.0,-2.004,2.004,-2.004,0.0,0.0,0.0,0.0,0.0,4778.0,-0.0,7284.0,2.7184312818759872e+23,0.0,-0.0,-107615392.0,0.0,0.0,0.0,0.0,77,0.0,-0.0,0.0,0.0,0.0,0.0,0.0,0.0,0.0,0,0,0,0.0,0.0,0.0,0.0,0.0,0.0,0.0,0.0,0.0,0.0,0.0,0.0,0.0,0.0,0.0,0.0,0,-107875648.0,77,0.0,154,0.0,0.0,ERR,ERR,ERR,ERR,ERR,ERR,ERR,ERR,ERR,ERR,ERR,ERR,ERR,ERR,ERR,ERR,ERR,ERR,ERR,ERR,ERR,ERR,ERR,ERR,ERR,ERR,ERR,ERR,ERR,ERR,ERR,ERR,ERR,ERR,ERR,ERR,ERR,ERR,ERR,ERR,ERR,ERR,ERR,ERR,ERR,ERR,ERR,ERR,ERR,ERR,ERR,ERR,ERR,ERR,ERR,ERR,ERR,ERR,ERR,ERR,ERR,ERR,ERR,ERR,ERR,ERR,ERR,34.0,80.0,35,0.0,0.0,0.0,0.0,0.0,0.0,0.0,0.0,0.0,0.0,0.0,0.0,0.0,0.0,0.0,0.0,65.6,0,120,58,53,65476,0,300,0,0,8,20529,65476,0,0,57672,80.0,0.0,0.0,0.0,0.0,0.0
2026-06-18T02:33:29,ERR,ERR,ERR,ERR,ERR,ERR,ERR,ERR,ERR,ERR,ERR,ERR,ERR,ERR,ERR,ERR,ERR,ERR,ERR,ERR,ERR,ERR,ERR,ERR,ERR,ERR,ERR,ERR,ERR,ERR,ERR,ERR,ERR,ERR,ERR,ERR,ERR,ERR,ERR,ERR,ERR,ERR,ERR,ERR,ERR,ERR,ERR,ERR,ERR,ERR,ERR,ERR,ERR,ERR,ERR,ERR,ERR,ERR,ERR,ERR,ERR,ERR,ERR,ERR,ERR,ERR,ERR,ERR,ERR,ERR,ERR,ERR,ERR,ERR,ERR,ERR,ERR,ERR,ERR,ERR,ERR,ERR,ERR,ERR,ERR,ERR,ERR,ERR,ERR,ERR,ERR,ERR,ERR,ERR,ERR,ERR,ERR,ERR,ERR,ERR,ERR,ERR,ERR,ERR,ERR,ERR,ERR,ERR,ERR,ERR,ERR,ERR,ERR,ERR,ERR,ERR,ERR,ERR,ERR,ERR,ERR,ERR,ERR,ERR,ERR,2.7184312818759872e+23,0.0,-0.0,-0.0,nan,1.3936040501711995e+18,7.805,-0.0,0,0,4,48963,6720,14723890282496.0,100,0.0,0.0,0.0,0.0,0.0,0,0,0,0,0.0,0,0,0,0,0,0,0,0,0,0,0,0,0,0,0,0,0,0,0,0,0,0,0,0,0,0,0,0,0,0,0,0,0,26,51,50,76,65476,0,300,0,0,8,21553,0.0,-107605600.0,0.0,0.0,0.0,0.0,0.0,0.0,0.0,0.0,0.0,0.0,0.0,0.0,0.0,0.0,0.0,0.0,0.0,0.0,0.0,0.0,-2.004,2.004,-2.004,0.0,0.0,0.0,0.0,0.0,4778.0,-0.0,7284.0,2.7184312818759872e+23,0.0,-0.0,-107615392.0,0.0,0.0,0.0,0.0,77,0.0,-0.0,0.0,0.0,0.0,0.0,0.0,0.0,0.0,0,0,0,0.0,0.0,0.0,0.0,0.0,0.0,0.0,0.0,0.0,0.0,0.0,0.0,0.0,0.0,0.0,0.0,0,-107875648.0,77,0.0,154,0.0,0.0,ERR,ERR,ERR,ERR,ERR,ERR,ERR,ERR,ERR,ERR,ERR,ERR,ERR,ERR,ERR,ERR,ERR,ERR,ERR,ERR,ERR,ERR,ERR,ERR,ERR,ERR,ERR,ERR,ERR,ERR,ERR,ERR,ERR,ERR,ERR,ERR,ERR,ERR,ERR,ERR,ERR,ERR,ERR,ERR,ERR,ERR,ERR,ERR,ERR,ERR,ERR,ERR,ERR,ERR,ERR,ERR,ERR,ERR,ERR,ERR,ERR,ERR,ERR,ERR,ERR,ERR,ERR,34.0,80.0,35,0.0,0.0,0.0,0.0,0.0,0.0,0.0,0.0,0.0,0.0,0.0,0.0,0.0,0.0,0.0,0.0,65.6,0,120,58,53,65476,0,300,0,0,8,20529,65476,0,0,57672,80.0,0.0,0.0,0.0,0.0,0.0
2026-06-18T02:33:30,ERR,ERR,ERR,ERR,ERR,ERR,ERR,ERR,ERR,ERR,ERR,ERR,ERR,ERR,ERR,ERR,ERR,ERR,ERR,ERR,ERR,ERR,ERR,ERR,ERR,ERR,ERR,ERR,ERR,ERR,ERR,ERR,ERR,ERR,ERR,ERR,ERR,ERR,ERR,ERR,ERR,ERR,ERR,ERR,ERR,ERR,ERR,ERR,ERR,ERR,ERR,ERR,ERR,ERR,ERR,ERR,ERR,ERR,ERR,ERR,ERR,ERR,ERR,ERR,ERR,ERR,ERR,ERR,ERR,ERR,ERR,ERR,ERR,ERR,ERR,ERR,ERR,ERR,ERR,ERR,ERR,ERR,ERR,ERR,ERR,ERR,ERR,ERR,ERR,ERR,ERR,ERR,ERR,ERR,ERR,ERR,ERR,ERR,ERR,ERR,ERR,ERR,ERR,ERR,ERR,ERR,ERR,ERR,ERR,ERR,ERR,ERR,ERR,ERR,ERR,ERR,ERR,ERR,ERR,ERR,ERR,ERR,ERR,ERR,ERR,2.7184312818759872e+23,0.0,-0.0,-0.0,nan,1.3936040501711995e+18,7.805,-0.0,0,0,4,48963,6720,14723890282496.0,100,0.0,0.0,0.0,0.0,0.0,0,0,0,0,0.0,0,0,0,0,0,0,0,0,0,0,0,0,0,0,0,0,0,0,0,0,0,0,0,0,0,0,0,0,0,0,0,0,0,26,51,50,76,65476,0,300,0,0,8,21553,0.0,-107605600.0,0.0,0.0,0.0,0.0,0.0,0.0,0.0,0.0,0.0,0.0,0.0,0.0,0.0,0.0,0.0,0.0,0.0,0.0,0.0,0.0,-2.004,2.004,-2.004,0.0,0.0,0.0,0.0,0.0,4778.0,-0.0,7284.0,2.7184312818759872e+23,0.0,-0.0,-107615392.0,0.0,0.0,0.0,0.0,77,0.0,-0.0,0.0,0.0,0.0,0.0,0.0,0.0,0.0,0,0,0,0.0,0.0,0.0,0.0,0.0,0.0,0.0,0.0,0.0,0.0,0.0,0.0,0.0,0.0,0.0,0.0,0,-107875648.0,77,0.0,154,0.0,0.0,ERR,ERR,ERR,ERR,ERR,ERR,ERR,ERR,ERR,ERR,ERR,ERR,ERR,ERR,ERR,ERR,ERR,ERR,ERR,ERR,ERR,ERR,ERR,ERR,ERR,ERR,ERR,ERR,ERR,ERR,ERR,ERR,ERR,ERR,ERR,ERR,ERR,ERR,ERR,ERR,ERR,ERR,ERR,ERR,ERR,ERR,ERR,ERR,ERR,ERR,ERR,ERR,ERR,ERR,ERR,ERR,ERR,ERR,ERR,ERR,ERR,ERR,ERR,ERR,ERR,ERR,ERR,34.0,80.0,35,0.0,0.0,0.0,0.0,0.0,0.0,0.0,0.0,0.0,0.0,0.0,0.0,0.0,0.0,0.0,0.0,66.4,0,120,58,53,65476,0,300,0,0,8,20529,65476,0,0,57672,80.0,0.0,0.0,0.0,0.0,0.0
2026-06-18T02:33:31,ERR,ERR,ERR,ERR,ERR,ERR,ERR,ERR,ERR,ERR,ERR,ERR,ERR,ERR,ERR,ERR,ERR,ERR,ERR,ERR,ERR,ERR,ERR,ERR,ERR,ERR,ERR,ERR,ERR,ERR,ERR,ERR,ERR,ERR,ERR,ERR,ERR,ERR,ERR,ERR,ERR,ERR,ERR,ERR,ERR,ERR,ERR,ERR,ERR,ERR,ERR,ERR,ERR,ERR,ERR,ERR,ERR,ERR,ERR,ERR,ERR,ERR,ERR,ERR,ERR,ERR,ERR,ERR,ERR,ERR,ERR,ERR,ERR,ERR,ERR,ERR,ERR,ERR,ERR,ERR,ERR,ERR,ERR,ERR,ERR,ERR,ERR,ERR,ERR,ERR,ERR,ERR,ERR,ERR,ERR,ERR,ERR,ERR,ERR,ERR,ERR,ERR,ERR,ERR,ERR,ERR,ERR,ERR,ERR,ERR,ERR,ERR,ERR,ERR,ERR,ERR,ERR,ERR,ERR,ERR,ERR,ERR,ERR,ERR,ERR,2.7184312818759872e+23,0.0,-0.0,-0.0,nan,1.3936040501711995e+18,7.805,-0.0,0,0,4,48963,6720,14723890282496.0,100,0.0,0.0,0.0,0.0,0.0,0,0,0,0,0.0,0,0,0,0,0,0,0,0,0,0,0,0,0,0,0,0,0,0,0,0,0,0,0,0,0,0,0,0,0,0,0,0,0,26,51,50,76,65476,0,300,0,0,8,21553,0.0,-107605600.0,0.0,0.0,0.0,0.0,0.0,0.0,0.0,0.0,0.0,0.0,0.0,0.0,0.0,0.0,0.0,0.0,0.0,0.0,0.0,0.0,-2.004,2.004,-2.004,0.0,0.0,0.0,0.0,0.0,4778.0,-0.0,7284.0,2.7184312818759872e+23,0.0,-0.0,-107615392.0,0.0,0.0,0.0,0.0,77,0.0,-0.0,0.0,0.0,0.0,0.0,0.0,0.0,0.0,0,0,0,0.0,0.0,0.0,0.0,0.0,0.0,0.0,0.0,0.0,0.0,0.0,0.0,0.0,0.0,0.0,0.0,0,-107875648.0,77,0.0,154,0.0,0.0,ERR,ERR,ERR,ERR,ERR,ERR,ERR,ERR,ERR,ERR,ERR,ERR,ERR,ERR,ERR,ERR,ERR,ERR,ERR,ERR,ERR,ERR,ERR,ERR,ERR,ERR,ERR,ERR,ERR,ERR,ERR,ERR,ERR,ERR,ERR,ERR,ERR,ERR,ERR,ERR,ERR,ERR,ERR,ERR,ERR,ERR,ERR,ERR,ERR,ERR,ERR,ERR,ERR,ERR,ERR,ERR,ERR,ERR,ERR,ERR,ERR,ERR,ERR,ERR,ERR,ERR,ERR,34.0,80.0,35,0.0,0.0,0.0,0.0,0.0,0.0,0.0,0.0,0.0,0.0,0.0,0.0,0.0,0.0,0.0,0.0,66.4,0,120,58,53,65476,0,300,0,0,8,20529,65476,0,0,57672,80.0,0.0,0.0,0.0,0.0,0.0
2026-06-18T02:33:32,ERR,ERR,ERR,ERR,ERR,ERR,ERR,ERR,ERR,ERR,ERR,ERR,ERR,ERR,ERR,ERR,ERR,ERR,ERR,ERR,ERR,ERR,ERR,ERR,ERR,ERR,ERR,ERR,ERR,ERR,ERR,ERR,ERR,ERR,ERR,ERR,ERR,ERR,ERR,ERR,ERR,ERR,ERR,ERR,ERR,ERR,ERR,ERR,ERR,ERR,ERR,ERR,ERR,ERR,ERR,ERR,ERR,ERR,ERR,ERR,ERR,ERR,ERR,ERR,ERR,ERR,ERR,ERR,ERR,ERR,ERR,ERR,ERR,ERR,ERR,ERR,ERR,ERR,ERR,ERR,ERR,ERR,ERR,ERR,ERR,ERR,ERR,ERR,ERR,ERR,ERR,ERR,ERR,ERR,ERR,ERR,ERR,ERR,ERR,ERR,ERR,ERR,ERR,ERR,ERR,ERR,ERR,ERR,ERR,ERR,ERR,ERR,ERR,ERR,ERR,ERR,ERR,ERR,ERR,ERR,ERR,ERR,ERR,ERR,ERR,2.7184312818759872e+23,0.0,-0.0,-0.0,nan,1.3936040501711995e+18,7.805,-0.0,0,0,4,48963,6720,14723890282496.0,100,0.0,0.0,0.0,0.0,0.0,0,0,0,0,0.0,0,0,0,0,0,0,0,0,0,0,0,0,0,0,0,0,0,0,0,0,0,0,0,0,0,0,0,0,0,0,0,0,0,26,51,50,76,65476,0,300,0,0,8,21553,0.0,-107605600.0,0.0,0.0,0.0,0.0,0.0,0.0,0.0,0.0,0.0,0.0,0.0,0.0,0.0,0.0,0.0,0.0,0.0,0.0,0.0,0.0,-2.004,2.004,-2.004,0.0,0.0,0.0,0.0,0.0,4778.0,-0.0,7284.0,2.7184312818759872e+23,0.0,-0.0,-107615392.0,0.0,0.0,0.0,0.0,77,0.0,-0.0,0.0,0.0,0.0,0.0,0.0,0.0,0.0,0,0,0,0.0,0.0,0.0,0.0,0.0,0.0,0.0,0.0,0.0,0.0,0.0,0.0,0.0,0.0,0.0,0.0,0,-107875648.0,77,0.0,154,0.0,0.0,ERR,ERR,ERR,ERR,ERR,ERR,ERR,ERR,ERR,ERR,ERR,ERR,ERR,ERR,ERR,ERR,ERR,ERR,ERR,ERR,ERR,ERR,ERR,ERR,ERR,ERR,ERR,ERR,ERR,ERR,ERR,ERR,ERR,ERR,ERR,ERR,ERR,ERR,ERR,ERR,ERR,ERR,ERR,ERR,ERR,ERR,ERR,ERR,ERR,ERR,ERR,ERR,ERR,ERR,ERR,ERR,ERR,ERR,ERR,ERR,ERR,ERR,ERR,ERR,ERR,ERR,ERR,34.0,80.0,35,0.0,0.0,0.0,0.0,0.0,0.0,0.0,0.0,0.0,0.0,0.0,0.0,0.0,0.0,0.0,0.0,66.4,0,120,58,53,65476,0,300,0,0,8,20529,65476,0,0,57672,80.0,0.0,0.0,0.0,0.0,0.0
2026-06-18T02:33:33,ERR,ERR,ERR,ERR,ERR,ERR,ERR,ERR,ERR,ERR,ERR,ERR,ERR,ERR,ERR,ERR,ERR,ERR,ERR,ERR,ERR,ERR,ERR,ERR,ERR,ERR,ERR,ERR,ERR,ERR,ERR,ERR,ERR,ERR,ERR,ERR,ERR,ERR,ERR,ERR,ERR,ERR,ERR,ERR,ERR,ERR,ERR,ERR,ERR,ERR,ERR,ERR,ERR,ERR,ERR,ERR,ERR,ERR,ERR,ERR,ERR,ERR,ERR,ERR,ERR,ERR,ERR,ERR,ERR,ERR,ERR,ERR,ERR,ERR,ERR,ERR,ERR,ERR,ERR,ERR,ERR,ERR,ERR,ERR,ERR,ERR,ERR,ERR,ERR,ERR,ERR,ERR,ERR,ERR,ERR,ERR,ERR,ERR,ERR,ERR,ERR,ERR,ERR,ERR,ERR,ERR,ERR,ERR,ERR,ERR,ERR,ERR,ERR,ERR,ERR,ERR,ERR,ERR,ERR,ERR,ERR,ERR,ERR,ERR,ERR,2.7184312818759872e+23,0.0,-0.0,2.718290229135658e+23,nan,1.3936040501711995e+18,7.805,-12113.15,0,0,4,48932,6720,14723890282496.0,100,0.0,0.0,0.0,-152005385388032.0,0.0,0,0,0,0,0.0,0,0,0,0,0,0,0,0,0,0,0,0,0,0,0,0,0,0,0,0,0,0,0,0,0,0,0,0,0,0,0,0,0,26,51,50,76,65476,0,300,0,0,8,21553,0.0,-107605600.0,0.0,0.0,0.0,0.0,0.0,0.0,0.0,0.0,0.0,0.0,0.0,0.0,0.0,0.0,0.0,0.0,0.0,0.0,0.0,0.0,-2.004,2.004,-2.004,0.0,0.0,0.0,0.0,0.0,4777.0,-0.0,7280.0,2.7184312818759872e+23,0.0,-0.0,-107615392.0,0.0,0.0,0.0,0.0,77,0.0,1.905684376578949e+17,0.0,0.0,0.0,0.0,0.0,0.0,0.0,0,0,0,0.0,0.0,0.0,0.0,0.0,0.0,0.0,0.0,0.0,0.0,0.0,0.0,0.0,0.0,0.0,0.0,0,-107875648.0,77,0.0,154,0.0,0.0,ERR,ERR,ERR,ERR,ERR,ERR,ERR,ERR,ERR,ERR,ERR,ERR,ERR,ERR,ERR,ERR,ERR,ERR,ERR,ERR,ERR,ERR,ERR,ERR,ERR,ERR,ERR,ERR,ERR,ERR,ERR,ERR,ERR,ERR,ERR,ERR,ERR,ERR,ERR,ERR,ERR,ERR,ERR,ERR,ERR,ERR,ERR,ERR,ERR,ERR,ERR,ERR,ERR,ERR,ERR,ERR,ERR,ERR,ERR,ERR,ERR,ERR,ERR,ERR,ERR,ERR,ERR,34.0,80.0,35,0.0,0.0,0.0,0.0,0.0,0.0,0.0,0.0,0.0,0.0,0.0,0.0,0.0,0.0,0.0,0.0,66.4,0,120,58,53,65476,0,300,0,0,8,20529,65476,0,0,57672,80.0,0.0,0.0,0.0,0.0,0.0
2026-06-18T02:33:34,ERR,ERR,ERR,ERR,ERR,ERR,ERR,ERR,ERR,ERR,ERR,ERR,ERR,ERR,ERR,ERR,ERR,ERR,ERR,ERR,ERR,ERR,ERR,ERR,ERR,ERR,ERR,ERR,ERR,ERR,ERR,ERR,ERR,ERR,ERR,ERR,ERR,ERR,ERR,ERR,ERR,ERR,ERR,ERR,ERR,ERR,ERR,ERR,ERR,ERR,ERR,ERR,ERR,ERR,ERR,ERR,ERR,ERR,ERR,ERR,ERR,ERR,ERR,ERR,ERR,ERR,ERR,ERR,ERR,ERR,ERR,ERR,ERR,ERR,ERR,ERR,ERR,ERR,ERR,ERR,ERR,ERR,ERR,ERR,ERR,ERR,ERR,ERR,ERR,ERR,ERR,ERR,ERR,ERR,ERR,ERR,ERR,ERR,ERR,ERR,ERR,ERR,ERR,ERR,ERR,ERR,ERR,ERR,ERR,ERR,ERR,ERR,ERR,ERR,ERR,ERR,ERR,ERR,ERR,ERR,ERR,ERR,ERR,ERR,ERR,2.7184312818759872e+23,0.0,-0.0,2.718290229135658e+23,nan,1.3936040501711995e+18,7.805,-12113.15,0,0,4,48932,6720,14723890282496.0,100,0.0,0.0,0.0,-152005385388032.0,0.0,0,0,0,0,0.0,0,0,0,0,0,0,0,0,0,0,0,0,0,0,0,0,0,0,0,0,0,0,0,0,0,0,0,0,0,0,0,0,0,26,51,50,76,65476,0,300,0,0,8,21553,0.0,-107605600.0,0.0,0.0,0.0,0.0,0.0,0.0,0.0,0.0,0.0,0.0,0.0,0.0,0.0,0.0,0.0,0.0,0.0,0.0,0.0,0.0,-2.004,2.004,-2.004,0.0,0.0,0.0,0.0,0.0,4777.0,-0.0,7280.0,2.7184312818759872e+23,0.0,-0.0,-107615392.0,0.0,0.0,0.0,0.0,77,0.0,1.905684376578949e+17,0.0,0.0,0.0,0.0,0.0,0.0,0.0,0,0,0,0.0,0.0,0.0,0.0,0.0,0.0,0.0,0.0,0.0,0.0,0.0,0.0,0.0,0.0,0.0,0.0,0,-107875648.0,77,0.0,154,0.0,0.0,ERR,ERR,ERR,ERR,ERR,ERR,ERR,ERR,ERR,ERR,ERR,ERR,ERR,ERR,ERR,ERR,ERR,ERR,ERR,ERR,ERR,ERR,ERR,ERR,ERR,ERR,ERR,ERR,ERR,ERR,ERR,ERR,ERR,ERR,ERR,ERR,ERR,ERR,ERR,ERR,ERR,ERR,ERR,ERR,ERR,ERR,ERR,ERR,ERR,ERR,ERR,ERR,ERR,ERR,ERR,ERR,ERR,ERR,ERR,ERR,ERR,ERR,ERR,ERR,ERR,ERR,ERR,34.0,80.0,35,0.0,0.0,0.0,0.0,0.0,0.0,0.0,0.0,0.0,0.0,0.0,0.0,0.0,0.0,0.0,0.0,66.4,0,120,58,53,65476,0,300,0,0,8,20529,65476,0,0,57672,80.0,0.0,0.0,0.0,0.0,0.0
2026-06-18T02:33:35,ERR,ERR,ERR,ERR,ERR,ERR,ERR,ERR,ERR,ERR,ERR,ERR,ERR,ERR,ERR,ERR,ERR,ERR,ERR,ERR,ERR,ERR,ERR,ERR,ERR,ERR,ERR,ERR,ERR,ERR,ERR,ERR,ERR,ERR,ERR,ERR,ERR,ERR,ERR,ERR,ERR,ERR,ERR,ERR,ERR,ERR,ERR,ERR,ERR,ERR,ERR,ERR,ERR,ERR,ERR,ERR,ERR,ERR,ERR,ERR,ERR,ERR,ERR,ERR,ERR,ERR,ERR,ERR,ERR,ERR,ERR,ERR,ERR,ERR,ERR,ERR,ERR,ERR,ERR,ERR,ERR,ERR,ERR,ERR,ERR,ERR,ERR,ERR,ERR,ERR,ERR,ERR,ERR,ERR,ERR,ERR,ERR,ERR,ERR,ERR,ERR,ERR,ERR,ERR,ERR,ERR,ERR,ERR,ERR,ERR,ERR,ERR,ERR,ERR,ERR,ERR,ERR,ERR,ERR,ERR,ERR,ERR,ERR,ERR,ERR,2.7184312818759872e+23,0.0,-0.0,2.718290229135658e+23,nan,1.3936040501711995e+18,7.805,-12113.15,0,0,4,48932,6720,14723890282496.0,100,0.0,0.0,0.0,-152005385388032.0,0.0,0,0,0,0,0.0,0,0,0,0,0,0,0,0,0,0,0,0,0,0,0,0,0,0,0,0,0,0,0,0,0,0,0,0,0,0,0,0,0,26,51,50,76,65476,0,300,0,0,8,21553,0.0,-107605600.0,0.0,0.0,0.0,0.0,0.0,0.0,0.0,0.0,0.0,0.0,0.0,0.0,0.0,0.0,0.0,0.0,0.0,0.0,0.0,0.0,-2.004,2.004,-2.004,0.0,0.0,0.0,0.0,0.0,4777.0,-0.0,7280.0,2.7184312818759872e+23,0.0,-0.0,-107615392.0,0.0,0.0,0.0,0.0,77,0.0,1.905684376578949e+17,0.0,0.0,0.0,0.0,0.0,0.0,0.0,0,0,0,0.0,0.0,0.0,0.0,0.0,0.0,0.0,0.0,0.0,0.0,0.0,0.0,0.0,0.0,0.0,0.0,0,-107875648.0,77,0.0,154,0.0,0.0,ERR,ERR,ERR,ERR,ERR,ERR,ERR,ERR,ERR,ERR,ERR,ERR,ERR,ERR,ERR,ERR,ERR,ERR,ERR,ERR,ERR,ERR,ERR,ERR,ERR,ERR,ERR,ERR,ERR,ERR,ERR,ERR,ERR,ERR,ERR,ERR,ERR,ERR,ERR,ERR,ERR,ERR,ERR,ERR,ERR,ERR,ERR,ERR,ERR,ERR,ERR,ERR,ERR,ERR,ERR,ERR,ERR,ERR,ERR,ERR,ERR,ERR,ERR,ERR,ERR,ERR,ERR,34.0,80.0,35,0.0,0.0,0.0,0.0,0.0,0.0,0.0,0.0,0.0,0.0,0.0,0.0,0.0,0.0,0.0,0.0,66.4,0,120,58,53,65476,0,300,0,0,8,20529,65476,0,0,57672,80.0,0.0,0.0,0.0,0.0,0.0
2026-06-18T02:33:36,ERR,ERR,ERR,ERR,ERR,ERR,ERR,ERR,ERR,ERR,ERR,ERR,ERR,ERR,ERR,ERR,ERR,ERR,ERR,ERR,ERR,ERR,ERR,ERR,ERR,ERR,ERR,ERR,ERR,ERR,ERR,ERR,ERR,ERR,ERR,ERR,ERR,ERR,ERR,ERR,ERR,ERR,ERR,ERR,ERR,ERR,ERR,ERR,ERR,ERR,ERR,ERR,ERR,ERR,ERR,ERR,ERR,ERR,ERR,ERR,ERR,ERR,ERR,ERR,ERR,ERR,ERR,ERR,ERR,ERR,ERR,ERR,ERR,ERR,ERR,ERR,ERR,ERR,ERR,ERR,ERR,ERR,ERR,ERR,ERR,ERR,ERR,ERR,ERR,ERR,ERR,ERR,ERR,ERR,ERR,ERR,ERR,ERR,ERR,ERR,ERR,ERR,ERR,ERR,ERR,ERR,ERR,ERR,ERR,ERR,ERR,ERR,ERR,ERR,ERR,ERR,ERR,ERR,ERR,ERR,ERR,ERR,ERR,ERR,ERR,2.7184312818759872e+23,0.0,-0.0,2.718290229135658e+23,nan,1.3936040501711995e+18,7.805,-12113.15,0,0,4,48932,6720,14723890282496.0,100,0.0,0.0,0.0,-152005385388032.0,0.0,0,0,0,0,0.0,0,0,0,0,0,0,0,0,0,0,0,0,0,0,0,0,0,0,0,0,0,0,0,0,0,0,0,0,0,0,0,0,0,26,51,50,76,65476,0,300,0,0,8,21553,0.0,-107605600.0,0.0,0.0,0.0,0.0,0.0,0.0,0.0,0.0,0.0,0.0,0.0,0.0,0.0,0.0,0.0,0.0,0.0,0.0,0.0,0.0,-2.004,2.004,-2.004,0.0,0.0,0.0,0.0,0.0,4777.0,-0.0,7280.0,2.7184312818759872e+23,0.0,-0.0,-107615392.0,0.0,0.0,0.0,0.0,77,0.0,1.905684376578949e+17,0.0,0.0,0.0,0.0,0.0,0.0,0.0,0,0,0,0.0,0.0,0.0,0.0,0.0,0.0,0.0,0.0,0.0,0.0,0.0,0.0,0.0,0.0,0.0,0.0,0,-107875648.0,77,0.0,154,0.0,0.0,ERR,ERR,ERR,ERR,ERR,ERR,ERR,ERR,ERR,ERR,ERR,ERR,ERR,ERR,ERR,ERR,ERR,ERR,ERR,ERR,ERR,ERR,ERR,ERR,ERR,ERR,ERR,ERR,ERR,ERR,ERR,ERR,ERR,ERR,ERR,ERR,ERR,ERR,ERR,ERR,ERR,ERR,ERR,ERR,ERR,ERR,ERR,ERR,ERR,ERR,ERR,ERR,ERR,ERR,ERR,ERR,ERR,ERR,ERR,ERR,ERR,ERR,ERR,ERR,ERR,ERR,ERR,34.0,80.0,35,0.0,0.0,0.0,0.0,0.0,0.0,0.0,0.0,0.0,0.0,0.0,0.0,0.0,0.0,0.0,0.0,66.4,0,120,58,53,65476,0,300,0,0,8,20529,65476,0,0,57672,80.0,0.0,0.0,0.0,0.0,0.0
2026-06-18T02:33:37,ERR,ERR,ERR,ERR,ERR,ERR,ERR,ERR,ERR,ERR,ERR,ERR,ERR,ERR,ERR,ERR,ERR,ERR,ERR,ERR,ERR,ERR,ERR,ERR,ERR,ERR,ERR,ERR,ERR,ERR,ERR,ERR,ERR,ERR,ERR,ERR,ERR,ERR,ERR,ERR,ERR,ERR,ERR,ERR,ERR,ERR,ERR,ERR,ERR,ERR,ERR,ERR,ERR,ERR,ERR,ERR,ERR,ERR,ERR,ERR,ERR,ERR,ERR,ERR,ERR,ERR,ERR,ERR,ERR,ERR,ERR,ERR,ERR,ERR,ERR,ERR,ERR,ERR,ERR,ERR,ERR,ERR,ERR,ERR,ERR,ERR,ERR,ERR,ERR,ERR,ERR,ERR,ERR,ERR,ERR,ERR,ERR,ERR,ERR,ERR,ERR,ERR,ERR,ERR,ERR,ERR,ERR,ERR,ERR,ERR,ERR,ERR,ERR,ERR,ERR,ERR,ERR,ERR,ERR,ERR,ERR,ERR,ERR,ERR,ERR,2.7184312818759872e+23,0.0,-0.0,2.718290229135658e+23,nan,1.3936040501711995e+18,7.805,-12113.15,0,0,4,48932,6720,14723890282496.0,100,0.0,0.0,0.0,-152005385388032.0,0.0,0,0,0,0,0.0,0,0,0,0,0,0,0,0,0,0,0,0,0,0,0,0,0,0,0,0,0,0,0,0,0,0,0,0,0,0,0,0,0,26,51,50,76,65476,0,300,0,0,8,21553,0.0,-107605600.0,0.0,0.0,0.0,0.0,0.0,0.0,0.0,0.0,0.0,0.0,0.0,0.0,0.0,0.0,0.0,0.0,0.0,0.0,0.0,0.0,-2.004,2.004,-2.004,0.0,0.0,0.0,0.0,0.0,4777.0,-0.0,7280.0,2.7184312818759872e+23,0.0,-0.0,-107615392.0,0.0,0.0,0.0,0.0,77,0.0,1.905684376578949e+17,0.0,0.0,0.0,0.0,0.0,0.0,0.0,0,0,0,0.0,0.0,0.0,0.0,0.0,0.0,0.0,0.0,0.0,0.0,0.0,0.0,0.0,0.0,0.0,0.0,0,-107875648.0,77,0.0,154,0.0,0.0,ERR,ERR,ERR,ERR,ERR,ERR,ERR,ERR,ERR,ERR,ERR,ERR,ERR,ERR,ERR,ERR,ERR,ERR,ERR,ERR,ERR,ERR,ERR,ERR,ERR,ERR,ERR,ERR,ERR,ERR,ERR,ERR,ERR,ERR,ERR,ERR,ERR,ERR,ERR,ERR,ERR,ERR,ERR,ERR,ERR,ERR,ERR,ERR,ERR,ERR,ERR,ERR,ERR,ERR,ERR,ERR,ERR,ERR,ERR,ERR,ERR,ERR,ERR,ERR,ERR,ERR,ERR,34.0,80.0,35,0.0,0.0,0.0,0.0,0.0,0.0,0.0,0.0,0.0,0.0,0.0,0.0,0.0,0.0,0.0,0.0,65.6,0,120,58,53,65476,0,300,0,0,8,20529,65476,0,0,57672,80.0,0.0,0.0,0.0,0.0,0.0
2026-06-18T02:33:38,ERR,ERR,ERR,ERR,ERR,ERR,ERR,ERR,ERR,ERR,ERR,ERR,ERR,ERR,ERR,ERR,ERR,ERR,ERR,ERR,ERR,ERR,ERR,ERR,ERR,ERR,ERR,ERR,ERR,ERR,ERR,ERR,ERR,ERR,ERR,ERR,ERR,ERR,ERR,ERR,ERR,ERR,ERR,ERR,ERR,ERR,ERR,ERR,ERR,ERR,ERR,ERR,ERR,ERR,ERR,ERR,ERR,ERR,ERR,ERR,ERR,ERR,ERR,ERR,ERR,ERR,ERR,ERR,ERR,ERR,ERR,ERR,ERR,ERR,ERR,ERR,ERR,ERR,ERR,ERR,ERR,ERR,ERR,ERR,ERR,ERR,ERR,ERR,ERR,ERR,ERR,ERR,ERR,ERR,ERR,ERR,ERR,ERR,ERR,ERR,ERR,ERR,ERR,ERR,ERR,ERR,ERR,ERR,ERR,ERR,ERR,ERR,ERR,ERR,ERR,ERR,ERR,ERR,ERR,ERR,ERR,ERR,ERR,ERR,ERR,2.7184312818759872e+23,0.0,-0.0,-0.0,nan,1.3936040501711995e+18,7.805,1.2122276757504e+16,0,0,4,48935,6720,14723890282496.0,100,0.0,0.0,0.0,-0.0,0.0,0,0,0,0,0.0,0,0,0,0,0,0,0,0,0,0,0,0,0,0,0,0,0,0,0,0,0,0,0,0,0,0,0,0,0,0,0,0,0,26,51,50,76,65476,0,300,0,0,8,21553,0.0,-107605600.0,0.0,0.0,0.0,0.0,0.0,0.0,0.0,0.0,0.0,0.0,0.0,0.0,0.0,0.0,0.0,0.0,0.0,0.0,0.0,0.0,-2.004,2.004,-2.004,0.0,0.0,0.0,0.0,0.0,4776.0,-0.0,7280.0,2.7184312818759872e+23,0.0,-0.0,-107615392.0,0.0,0.0,0.0,0.0,77,0.0,1.905684376578949e+17,0.0,0.0,0.0,0.0,0.0,0.0,0.0,0,0,0,0.0,0.0,0.0,0.0,0.0,0.0,0.0,0.0,0.0,0.0,0.0,0.0,0.0,0.0,0.0,0.0,0,-107875648.0,77,0.0,154,0.0,0.0,ERR,ERR,ERR,ERR,ERR,ERR,ERR,ERR,ERR,ERR,ERR,ERR,ERR,ERR,ERR,ERR,ERR,ERR,ERR,ERR,ERR,ERR,ERR,ERR,ERR,ERR,ERR,ERR,ERR,ERR,ERR,ERR,ERR,ERR,ERR,ERR,ERR,ERR,ERR,ERR,ERR,ERR,ERR,ERR,ERR,ERR,ERR,ERR,ERR,ERR,ERR,ERR,ERR,ERR,ERR,ERR,ERR,ERR,ERR,ERR,ERR,ERR,ERR,ERR,ERR,ERR,ERR,34.0,80.0,35,0.0,0.0,0.0,0.0,0.0,0.0,0.0,0.0,0.0,0.0,0.0,0.0,0.0,0.0,0.0,0.0,65.6,0,120,58,53,65476,0,300,0,0,8,20529,65476,0,0,57672,80.0,0.0,0.0,0.0,0.0,0.0
2026-06-18T02:33:39,ERR,ERR,ERR,ERR,ERR,ERR,ERR,ERR,ERR,ERR,ERR,ERR,ERR,ERR,ERR,ERR,ERR,ERR,ERR,ERR,ERR,ERR,ERR,ERR,ERR,ERR,ERR,ERR,ERR,ERR,ERR,ERR,ERR,ERR,ERR,ERR,ERR,ERR,ERR,ERR,ERR,ERR,ERR,ERR,ERR,ERR,ERR,ERR,ERR,ERR,ERR,ERR,ERR,ERR,ERR,ERR,ERR,ERR,ERR,ERR,ERR,ERR,ERR,ERR,ERR,ERR,ERR,ERR,ERR,ERR,ERR,ERR,ERR,ERR,ERR,ERR,ERR,ERR,ERR,ERR,ERR,ERR,ERR,ERR,ERR,ERR,ERR,ERR,ERR,ERR,ERR,ERR,ERR,ERR,ERR,ERR,ERR,ERR,ERR,ERR,ERR,ERR,ERR,ERR,ERR,ERR,ERR,ERR,ERR,ERR,ERR,ERR,ERR,ERR,ERR,ERR,ERR,ERR,ERR,ERR,ERR,ERR,ERR,ERR,ERR,2.7184312818759872e+23,0.0,-0.0,-0.0,nan,1.3936040501711995e+18,7.805,1.2122276757504e+16,0,0,4,48935,6720,14723890282496.0,100,0.0,0.0,0.0,-0.0,0.0,0,0,0,0,0.0,0,0,0,0,0,0,0,0,0,0,0,0,0,0,0,0,0,0,0,0,0,0,0,0,0,0,0,0,0,0,0,0,0,26,51,50,76,65476,0,300,0,0,8,21553,0.0,-107605600.0,0.0,0.0,0.0,0.0,0.0,0.0,0.0,0.0,0.0,0.0,0.0,0.0,0.0,0.0,0.0,0.0,0.0,0.0,0.0,0.0,-2.004,2.004,-2.004,0.0,0.0,0.0,0.0,0.0,4776.0,-0.0,7280.0,2.7184312818759872e+23,0.0,-0.0,-107615392.0,0.0,0.0,0.0,0.0,77,0.0,1.905684376578949e+17,0.0,0.0,0.0,0.0,0.0,0.0,0.0,0,0,0,0.0,0.0,0.0,0.0,0.0,0.0,0.0,0.0,0.0,0.0,0.0,0.0,0.0,0.0,0.0,0.0,0,-107875648.0,77,0.0,154,0.0,0.0,ERR,ERR,ERR,ERR,ERR,ERR,ERR,ERR,ERR,ERR,ERR,ERR,ERR,ERR,ERR,ERR,ERR,ERR,ERR,ERR,ERR,ERR,ERR,ERR,ERR,ERR,ERR,ERR,ERR,ERR,ERR,ERR,ERR,ERR,ERR,ERR,ERR,ERR,ERR,ERR,ERR,ERR,ERR,ERR,ERR,ERR,ERR,ERR,ERR,ERR,ERR,ERR,ERR,ERR,ERR,ERR,ERR,ERR,ERR,ERR,ERR,ERR,ERR,ERR,ERR,ERR,ERR,34.0,80.0,35,0.0,0.0,0.0,0.0,0.0,0.0,0.0,0.0,0.0,0.0,0.0,0.0,0.0,0.0,0.0,0.0,65.6,0,120,58,53,65476,0,300,0,0,8,20529,65476,0,0,57672,80.0,0.0,0.0,0.0,0.0,0.0
2026-06-18T02:33:40,ERR,ERR,ERR,ERR,ERR,ERR,ERR,ERR,ERR,ERR,ERR,ERR,ERR,ERR,ERR,ERR,ERR,ERR,ERR,ERR,ERR,ERR,ERR,ERR,ERR,ERR,ERR,ERR,ERR,ERR,ERR,ERR,ERR,ERR,ERR,ERR,ERR,ERR,ERR,ERR,ERR,ERR,ERR,ERR,ERR,ERR,ERR,ERR,ERR,ERR,ERR,ERR,ERR,ERR,ERR,ERR,ERR,ERR,ERR,ERR,ERR,ERR,ERR,ERR,ERR,ERR,ERR,ERR,ERR,ERR,ERR,ERR,ERR,ERR,ERR,ERR,ERR,ERR,ERR,ERR,ERR,ERR,ERR,ERR,ERR,ERR,ERR,ERR,ERR,ERR,ERR,ERR,ERR,ERR,ERR,ERR,ERR,ERR,ERR,ERR,ERR,ERR,ERR,ERR,ERR,ERR,ERR,ERR,ERR,ERR,ERR,ERR,ERR,ERR,ERR,ERR,ERR,ERR,ERR,ERR,ERR,ERR,ERR,ERR,ERR,2.7184312818759872e+23,0.0,-0.0,-0.0,nan,1.3936040501711995e+18,7.805,1.2122276757504e+16,0,0,4,48935,6720,14723890282496.0,100,0.0,0.0,0.0,-0.0,0.0,0,0,0,0,0.0,0,0,0,0,0,0,0,0,0,0,0,0,0,0,0,0,0,0,0,0,0,0,0,0,0,0,0,0,0,0,0,0,0,26,51,50,76,65476,0,300,0,0,8,21553,0.0,-107605600.0,0.0,0.0,0.0,0.0,0.0,0.0,0.0,0.0,0.0,0.0,0.0,0.0,0.0,0.0,0.0,0.0,0.0,0.0,0.0,0.0,-2.004,2.004,-2.004,0.0,0.0,0.0,0.0,0.0,4776.0,-0.0,7280.0,2.7184312818759872e+23,0.0,-0.0,-107615392.0,0.0,0.0,0.0,0.0,77,0.0,1.905684376578949e+17,0.0,0.0,0.0,0.0,0.0,0.0,0.0,0,0,0,0.0,0.0,0.0,0.0,0.0,0.0,0.0,0.0,0.0,0.0,0.0,0.0,0.0,0.0,0.0,0.0,0,-107875648.0,77,0.0,154,0.0,0.0,ERR,ERR,ERR,ERR,ERR,ERR,ERR,ERR,ERR,ERR,ERR,ERR,ERR,ERR,ERR,ERR,ERR,ERR,ERR,ERR,ERR,ERR,ERR,ERR,ERR,ERR,ERR,ERR,ERR,ERR,ERR,ERR,ERR,ERR,ERR,ERR,ERR,ERR,ERR,ERR,ERR,ERR,ERR,ERR,ERR,ERR,ERR,ERR,ERR,ERR,ERR,ERR,ERR,ERR,ERR,ERR,ERR,ERR,ERR,ERR,ERR,ERR,ERR,ERR,ERR,ERR,ERR,34.0,80.0,35,0.0,0.0,0.0,0.0,0.0,0.0,0.0,0.0,0.0,0.0,0.0,0.0,0.0,0.0,0.0,0.0,65.6,0,120,58,53,65476,0,300,0,0,8,20529,65476,0,0,57672,80.0,0.0,0.0,0.0,0.0,0.0
2026-06-18T02:33:41,ERR,ERR,ERR,ERR,ERR,ERR,ERR,ERR,ERR,ERR,ERR,ERR,ERR,ERR,ERR,ERR,ERR,ERR,ERR,ERR,ERR,ERR,ERR,ERR,ERR,ERR,ERR,ERR,ERR,ERR,ERR,ERR,ERR,ERR,ERR,ERR,ERR,ERR,ERR,ERR,ERR,ERR,ERR,ERR,ERR,ERR,ERR,ERR,ERR,ERR,ERR,ERR,ERR,ERR,ERR,ERR,ERR,ERR,ERR,ERR,ERR,ERR,ERR,ERR,ERR,ERR,ERR,ERR,ERR,ERR,ERR,ERR,ERR,ERR,ERR,ERR,ERR,ERR,ERR,ERR,ERR,ERR,ERR,ERR,ERR,ERR,ERR,ERR,ERR,ERR,ERR,ERR,ERR,ERR,ERR,ERR,ERR,ERR,ERR,ERR,ERR,ERR,ERR,ERR,ERR,ERR,ERR,ERR,ERR,ERR,ERR,ERR,ERR,ERR,ERR,ERR,ERR,ERR,ERR,ERR,ERR,ERR,ERR,ERR,ERR,2.7184312818759872e+23,0.0,-0.0,-0.0,nan,1.3936040501711995e+18,7.805,1.2122276757504e+16,0,0,4,48935,6720,14723890282496.0,100,0.0,0.0,0.0,-0.0,0.0,0,0,0,0,0.0,0,0,0,0,0,0,0,0,0,0,0,0,0,0,0,0,0,0,0,0,0,0,0,0,0,0,0,0,0,0,0,0,0,26,51,50,76,65476,0,300,0,0,8,21553,0.0,-107605600.0,0.0,0.0,0.0,0.0,0.0,0.0,0.0,0.0,0.0,0.0,0.0,0.0,0.0,0.0,0.0,0.0,0.0,0.0,0.0,0.0,-2.004,2.004,-2.004,0.0,0.0,0.0,0.0,0.0,4776.0,-0.0,7280.0,2.7184312818759872e+23,0.0,-0.0,-107615392.0,0.0,0.0,0.0,0.0,77,0.0,1.905684376578949e+17,0.0,0.0,0.0,0.0,0.0,0.0,0.0,0,0,0,0.0,0.0,0.0,0.0,0.0,0.0,0.0,0.0,0.0,0.0,0.0,0.0,0.0,0.0,0.0,0.0,0,-107875648.0,77,0.0,154,0.0,0.0,ERR,ERR,ERR,ERR,ERR,ERR,ERR,ERR,ERR,ERR,ERR,ERR,ERR,ERR,ERR,ERR,ERR,ERR,ERR,ERR,ERR,ERR,ERR,ERR,ERR,ERR,ERR,ERR,ERR,ERR,ERR,ERR,ERR,ERR,ERR,ERR,ERR,ERR,ERR,ERR,ERR,ERR,ERR,ERR,ERR,ERR,ERR,ERR,ERR,ERR,ERR,ERR,ERR,ERR,ERR,ERR,ERR,ERR,ERR,ERR,ERR,ERR,ERR,ERR,ERR,ERR,ERR,34.0,80.0,35,0.0,0.0,0.0,0.0,0.0,0.0,0.0,0.0,0.0,0.0,0.0,0.0,0.0,0.0,0.0,0.0,65.6,0,120,58,53,65476,0,300,0,0,8,20529,65476,0,0,57672,80.0,0.0,0.0,0.0,0.0,0.0
2026-06-18T02:33:42,ERR,ERR,ERR,ERR,ERR,ERR,ERR,ERR,ERR,ERR,ERR,ERR,ERR,ERR,ERR,ERR,ERR,ERR,ERR,ERR,ERR,ERR,ERR,ERR,ERR,ERR,ERR,ERR,ERR,ERR,ERR,ERR,ERR,ERR,ERR,ERR,ERR,ERR,ERR,ERR,ERR,ERR,ERR,ERR,ERR,ERR,ERR,ERR,ERR,ERR,ERR,ERR,ERR,ERR,ERR,ERR,ERR,ERR,ERR,ERR,ERR,ERR,ERR,ERR,ERR,ERR,ERR,ERR,ERR,ERR,ERR,ERR,ERR,ERR,ERR,ERR,ERR,ERR,ERR,ERR,ERR,ERR,ERR,ERR,ERR,ERR,ERR,ERR,ERR,ERR,ERR,ERR,ERR,ERR,ERR,ERR,ERR,ERR,ERR,ERR,ERR,ERR,ERR,ERR,ERR,ERR,ERR,ERR,ERR,ERR,ERR,ERR,ERR,ERR,ERR,ERR,ERR,ERR,ERR,ERR,ERR,ERR,ERR,ERR,ERR,2.7184312818759872e+23,0.0,-0.0,-0.0,nan,1.3936040501711995e+18,7.805,1.2122276757504e+16,0,0,4,48935,6720,14723890282496.0,100,0.0,0.0,0.0,-0.0,0.0,0,0,0,0,0.0,0,0,0,0,0,0,0,0,0,0,0,0,0,0,0,0,0,0,0,0,0,0,0,0,0,0,0,0,0,0,0,0,0,26,51,50,76,65476,0,300,0,0,8,21553,0.0,-107605600.0,0.0,0.0,0.0,0.0,0.0,0.0,0.0,0.0,0.0,0.0,0.0,0.0,0.0,0.0,0.0,0.0,0.0,0.0,0.0,0.0,-2.004,2.004,-2.004,0.0,0.0,0.0,0.0,0.0,4776.0,-0.0,7280.0,2.7184312818759872e+23,0.0,-0.0,-107615392.0,0.0,0.0,0.0,0.0,77,0.0,1.905684376578949e+17,0.0,0.0,0.0,0.0,0.0,0.0,0.0,0,0,0,0.0,0.0,0.0,0.0,0.0,0.0,0.0,0.0,0.0,0.0,0.0,0.0,0.0,0.0,0.0,0.0,0,-107875648.0,77,0.0,154,0.0,0.0,ERR,ERR,ERR,ERR,ERR,ERR,ERR,ERR,ERR,ERR,ERR,ERR,ERR,ERR,ERR,ERR,ERR,ERR,ERR,ERR,ERR,ERR,ERR,ERR,ERR,ERR,ERR,ERR,ERR,ERR,ERR,ERR,ERR,ERR,ERR,ERR,ERR,ERR,ERR,ERR,ERR,ERR,ERR,ERR,ERR,ERR,ERR,ERR,ERR,ERR,ERR,ERR,ERR,ERR,ERR,ERR,ERR,ERR,ERR,ERR,ERR,ERR,ERR,ERR,ERR,ERR,ERR,34.0,80.0,35,0.0,0.0,0.0,0.0,0.0,0.0,0.0,0.0,0.0,0.0,0.0,0.0,0.0,0.0,0.0,0.0,66.0,0,120,58,53,65476,0,300,0,0,8,20529,65476,0,0,57672,80.0,0.0,0.0,0.0,0.0,0.0
2026-06-18T02:33:43,ERR,ERR,ERR,ERR,ERR,ERR,ERR,ERR,ERR,ERR,ERR,ERR,ERR,ERR,ERR,ERR,ERR,ERR,ERR,ERR,ERR,ERR,ERR,ERR,ERR,ERR,ERR,ERR,ERR,ERR,ERR,ERR,ERR,ERR,ERR,ERR,ERR,ERR,ERR,ERR,ERR,ERR,ERR,ERR,ERR,ERR,ERR,ERR,ERR,ERR,ERR,ERR,ERR,ERR,ERR,ERR,ERR,ERR,ERR,ERR,ERR,ERR,ERR,ERR,ERR,ERR,ERR,ERR,ERR,ERR,ERR,ERR,ERR,ERR,ERR,ERR,ERR,ERR,ERR,ERR,ERR,ERR,ERR,ERR,ERR,ERR,ERR,ERR,ERR,ERR,ERR,ERR,ERR,ERR,ERR,ERR,ERR,ERR,ERR,ERR,ERR,ERR,ERR,ERR,ERR,ERR,ERR,ERR,ERR,ERR,ERR,ERR,ERR,ERR,ERR,ERR,ERR,ERR,ERR,ERR,ERR,ERR,ERR,ERR,ERR,2.7184312818759872e+23,0.0,-0.0,-152005385388032.0,nan,1.3936040501711995e+18,7.805,-1161942663168.0,0,0,4,48927,6720,14723890282496.0,100,0.0,0.0,0.0,2.718290229135658e+23,0.0,0,0,0,0,0.0,0,0,0,0,0,0,0,0,0,0,0,0,0,0,0,0,0,0,0,0,0,0,0,0,0,0,0,0,0,0,0,0,0,26,51,50,76,65476,0,300,0,0,8,21553,0.0,-107605600.0,0.0,0.0,0.0,0.0,0.0,0.0,0.0,0.0,0.0,0.0,0.0,0.0,0.0,0.0,0.0,0.0,0.0,0.0,0.0,0.0,-2.004,2.004,-2.004,0.0,0.0,0.0,0.0,0.0,4776.0,-0.0,7282.0,2.7184312818759872e+23,0.0,-0.0,-107615392.0,0.0,0.0,0.0,0.0,77,0.0,4.066850257910686e+29,0.0,0.0,0.0,0.0,0.0,0.0,0.0,0,0,0,0.0,0.0,0.0,0.0,0.0,0.0,0.0,0.0,0.0,0.0,0.0,0.0,0.0,0.0,0.0,0.0,0,-107875648.0,77,0.0,154,0.0,0.0,ERR,ERR,ERR,ERR,ERR,ERR,ERR,ERR,ERR,ERR,ERR,ERR,ERR,ERR,ERR,ERR,ERR,ERR,ERR,ERR,ERR,ERR,ERR,ERR,ERR,ERR,ERR,ERR,ERR,ERR,ERR,ERR,ERR,ERR,ERR,ERR,ERR,ERR,ERR,ERR,ERR,ERR,ERR,ERR,ERR,ERR,ERR,ERR,ERR,ERR,ERR,ERR,ERR,ERR,ERR,ERR,ERR,ERR,ERR,ERR,ERR,ERR,ERR,ERR,ERR,ERR,ERR,34.0,80.0,35,0.0,0.0,0.0,0.0,0.0,0.0,0.0,0.0,0.0,0.0,0.0,0.0,0.0,0.0,0.0,0.0,66.0,0,120,58,53,65476,0,300,0,0,8,20529,65476,0,0,57672,80.0,0.0,0.0,0.0,0.0,0.0
2026-06-18T02:33:44,ERR,ERR,ERR,ERR,ERR,ERR,ERR,ERR,ERR,ERR,ERR,ERR,ERR,ERR,ERR,ERR,ERR,ERR,ERR,ERR,ERR,ERR,ERR,ERR,ERR,ERR,ERR,ERR,ERR,ERR,ERR,ERR,ERR,ERR,ERR,ERR,ERR,ERR,ERR,ERR,ERR,ERR,ERR,ERR,ERR,ERR,ERR,ERR,ERR,ERR,ERR,ERR,ERR,ERR,ERR,ERR,ERR,ERR,ERR,ERR,ERR,ERR,ERR,ERR,ERR,ERR,ERR,ERR,ERR,ERR,ERR,ERR,ERR,ERR,ERR,ERR,ERR,ERR,ERR,ERR,ERR,ERR,ERR,ERR,ERR,ERR,ERR,ERR,ERR,ERR,ERR,ERR,ERR,ERR,ERR,ERR,ERR,ERR,ERR,ERR,ERR,ERR,ERR,ERR,ERR,ERR,ERR,ERR,ERR,ERR,ERR,ERR,ERR,ERR,ERR,ERR,ERR,ERR,ERR,ERR,ERR,ERR,ERR,ERR,ERR,2.7184312818759872e+23,0.0,-0.0,-152005385388032.0,nan,1.3936040501711995e+18,7.805,-1161942663168.0,0,0,4,48927,6720,14723890282496.0,100,0.0,0.0,0.0,2.718290229135658e+23,0.0,0,0,0,0,0.0,0,0,0,0,0,0,0,0,0,0,0,0,0,0,0,0,0,0,0,0,0,0,0,0,0,0,0,0,0,0,0,0,0,26,51,50,76,65476,0,300,0,0,8,21553,0.0,-107605600.0,0.0,0.0,0.0,0.0,0.0,0.0,0.0,0.0,0.0,0.0,0.0,0.0,0.0,0.0,0.0,0.0,0.0,0.0,0.0,0.0,-2.004,2.004,-2.004,0.0,0.0,0.0,0.0,0.0,4776.0,-0.0,7282.0,2.7184312818759872e+23,0.0,-0.0,-107615392.0,0.0,0.0,0.0,0.0,77,0.0,4.066850257910686e+29,0.0,0.0,0.0,0.0,0.0,0.0,0.0,0,0,0,0.0,0.0,0.0,0.0,0.0,0.0,0.0,0.0,0.0,0.0,0.0,0.0,0.0,0.0,0.0,0.0,0,-107875648.0,77,0.0,154,0.0,0.0,ERR,ERR,ERR,ERR,ERR,ERR,ERR,ERR,ERR,ERR,ERR,ERR,ERR,ERR,ERR,ERR,ERR,ERR,ERR,ERR,ERR,ERR,ERR,ERR,ERR,ERR,ERR,ERR,ERR,ERR,ERR,ERR,ERR,ERR,ERR,ERR,ERR,ERR,ERR,ERR,ERR,ERR,ERR,ERR,ERR,ERR,ERR,ERR,ERR,ERR,ERR,ERR,ERR,ERR,ERR,ERR,ERR,ERR,ERR,ERR,ERR,ERR,ERR,ERR,ERR,ERR,ERR,34.0,80.0,35,0.0,0.0,0.0,0.0,0.0,0.0,0.0,0.0,0.0,0.0,0.0,0.0,0.0,0.0,0.0,0.0,66.4,0,120,58,53,65476,0,300,0,0,8,20529,65476,0,0,57672,80.0,0.0,0.0,0.0,0.0,0.0
2026-06-18T02:33:45,ERR,ERR,ERR,ERR,ERR,ERR,ERR,ERR,ERR,ERR,ERR,ERR,ERR,ERR,ERR,ERR,ERR,ERR,ERR,ERR,ERR,ERR,ERR,ERR,ERR,ERR,ERR,ERR,ERR,ERR,ERR,ERR,ERR,ERR,ERR,ERR,ERR,ERR,ERR,ERR,ERR,ERR,ERR,ERR,ERR,ERR,ERR,ERR,ERR,ERR,ERR,ERR,ERR,ERR,ERR,ERR,ERR,ERR,ERR,ERR,ERR,ERR,ERR,ERR,ERR,ERR,ERR,ERR,ERR,ERR,ERR,ERR,ERR,ERR,ERR,ERR,ERR,ERR,ERR,ERR,ERR,ERR,ERR,ERR,ERR,ERR,ERR,ERR,ERR,ERR,ERR,ERR,ERR,ERR,ERR,ERR,ERR,ERR,ERR,ERR,ERR,ERR,ERR,ERR,ERR,ERR,ERR,ERR,ERR,ERR,ERR,ERR,ERR,ERR,ERR,ERR,ERR,ERR,ERR,ERR,ERR,ERR,ERR,ERR,ERR,2.7184312818759872e+23,0.0,-0.0,-152005385388032.0,nan,1.3936040501711995e+18,7.805,-1161942663168.0,0,0,4,48927,6720,14723890282496.0,100,0.0,0.0,0.0,2.718290229135658e+23,0.0,0,0,0,0,0.0,0,0,0,0,0,0,0,0,0,0,0,0,0,0,0,0,0,0,0,0,0,0,0,0,0,0,0,0,0,0,0,0,0,26,51,50,76,65476,0,300,0,0,8,21553,0.0,-107605600.0,0.0,0.0,0.0,0.0,0.0,0.0,0.0,0.0,0.0,0.0,0.0,0.0,0.0,0.0,0.0,0.0,0.0,0.0,0.0,0.0,-2.004,2.004,-2.004,0.0,0.0,0.0,0.0,0.0,4776.0,-0.0,7282.0,2.7184312818759872e+23,0.0,-0.0,-107615392.0,0.0,0.0,0.0,0.0,77,0.0,4.066850257910686e+29,0.0,0.0,0.0,0.0,0.0,0.0,0.0,0,0,0,0.0,0.0,0.0,0.0,0.0,0.0,0.0,0.0,0.0,0.0,0.0,0.0,0.0,0.0,0.0,0.0,0,-107875648.0,77,0.0,154,0.0,0.0,ERR,ERR,ERR,ERR,ERR,ERR,ERR,ERR,ERR,ERR,ERR,ERR,ERR,ERR,ERR,ERR,ERR,ERR,ERR,ERR,ERR,ERR,ERR,ERR,ERR,ERR,ERR,ERR,ERR,ERR,ERR,ERR,ERR,ERR,ERR,ERR,ERR,ERR,ERR,ERR,ERR,ERR,ERR,ERR,ERR,ERR,ERR,ERR,ERR,ERR,ERR,ERR,ERR,ERR,ERR,ERR,ERR,ERR,ERR,ERR,ERR,ERR,ERR,ERR,ERR,ERR,ERR,34.0,80.0,35,0.0,0.0,0.0,0.0,0.0,0.0,0.0,0.0,0.0,0.0,0.0,0.0,0.0,0.0,0.0,0.0,66.4,0,120,58,53,65476,0,300,0,0,8,20529,65476,0,0,57672,80.0,0.0,0.0,0.0,0.0,0.0
2026-06-18T02:33:46,ERR,ERR,ERR,ERR,ERR,ERR,ERR,ERR,ERR,ERR,ERR,ERR,ERR,ERR,ERR,ERR,ERR,ERR,ERR,ERR,ERR,ERR,ERR,ERR,ERR,ERR,ERR,ERR,ERR,ERR,ERR,ERR,ERR,ERR,ERR,ERR,ERR,ERR,ERR,ERR,ERR,ERR,ERR,ERR,ERR,ERR,ERR,ERR,ERR,ERR,ERR,ERR,ERR,ERR,ERR,ERR,ERR,ERR,ERR,ERR,ERR,ERR,ERR,ERR,ERR,ERR,ERR,ERR,ERR,ERR,ERR,ERR,ERR,ERR,ERR,ERR,ERR,ERR,ERR,ERR,ERR,ERR,ERR,ERR,ERR,ERR,ERR,ERR,ERR,ERR,ERR,ERR,ERR,ERR,ERR,ERR,ERR,ERR,ERR,ERR,ERR,ERR,ERR,ERR,ERR,ERR,ERR,ERR,ERR,ERR,ERR,ERR,ERR,ERR,ERR,ERR,ERR,ERR,ERR,ERR,ERR,ERR,ERR,ERR,ERR,2.7184312818759872e+23,0.0,-0.0,-152005385388032.0,nan,1.3936040501711995e+18,7.805,-1161942663168.0,0,0,4,48927,6720,14723890282496.0,100,0.0,0.0,0.0,2.718290229135658e+23,0.0,0,0,0,0,0.0,0,0,0,0,0,0,0,0,0,0,0,0,0,0,0,0,0,0,0,0,0,0,0,0,0,0,0,0,0,0,0,0,0,26,51,50,76,65476,0,300,0,0,8,21553,0.0,-107605600.0,0.0,0.0,0.0,0.0,0.0,0.0,0.0,0.0,0.0,0.0,0.0,0.0,0.0,0.0,0.0,0.0,0.0,0.0,0.0,0.0,-2.004,2.004,-2.004,0.0,0.0,0.0,0.0,0.0,4776.0,-0.0,7282.0,2.7184312818759872e+23,0.0,-0.0,-107615392.0,0.0,0.0,0.0,0.0,77,0.0,4.066850257910686e+29,0.0,0.0,0.0,0.0,0.0,0.0,0.0,0,0,0,0.0,0.0,0.0,0.0,0.0,0.0,0.0,0.0,0.0,0.0,0.0,0.0,0.0,0.0,0.0,0.0,0,-107875648.0,77,0.0,154,0.0,0.0,ERR,ERR,ERR,ERR,ERR,ERR,ERR,ERR,ERR,ERR,ERR,ERR,ERR,ERR,ERR,ERR,ERR,ERR,ERR,ERR,ERR,ERR,ERR,ERR,ERR,ERR,ERR,ERR,ERR,ERR,ERR,ERR,ERR,ERR,ERR,ERR,ERR,ERR,ERR,ERR,ERR,ERR,ERR,ERR,ERR,ERR,ERR,ERR,ERR,ERR,ERR,ERR,ERR,ERR,ERR,ERR,ERR,ERR,ERR,ERR,ERR,ERR,ERR,ERR,ERR,ERR,ERR,34.0,80.0,35,0.0,0.0,0.0,0.0,0.0,0.0,0.0,0.0,0.0,0.0,0.0,0.0,0.0,0.0,0.0,0.0,65.6,0,120,58,53,65476,0,300,0,0,8,20529,65476,0,0,57672,80.0,0.0,0.0,0.0,0.0,0.0
2026-06-18T02:33:47,ERR,ERR,ERR,ERR,ERR,ERR,ERR,ERR,ERR,ERR,ERR,ERR,ERR,ERR,ERR,ERR,ERR,ERR,ERR,ERR,ERR,ERR,ERR,ERR,ERR,ERR,ERR,ERR,ERR,ERR,ERR,ERR,ERR,ERR,ERR,ERR,ERR,ERR,ERR,ERR,ERR,ERR,ERR,ERR,ERR,ERR,ERR,ERR,ERR,ERR,ERR,ERR,ERR,ERR,ERR,ERR,ERR,ERR,ERR,ERR,ERR,ERR,ERR,ERR,ERR,ERR,ERR,ERR,ERR,ERR,ERR,ERR,ERR,ERR,ERR,ERR,ERR,ERR,ERR,ERR,ERR,ERR,ERR,ERR,ERR,ERR,ERR,ERR,ERR,ERR,ERR,ERR,ERR,ERR,ERR,ERR,ERR,ERR,ERR,ERR,ERR,ERR,ERR,ERR,ERR,ERR,ERR,ERR,ERR,ERR,ERR,ERR,ERR,ERR,ERR,ERR,ERR,ERR,ERR,ERR,ERR,ERR,ERR,ERR,ERR,2.7184312818759872e+23,0.0,-0.0,-152005385388032.0,nan,1.3936040501711995e+18,7.805,-1161942663168.0,0,0,4,48927,6720,14723890282496.0,100,0.0,0.0,0.0,2.718290229135658e+23,0.0,0,0,0,0,0.0,0,0,0,0,0,0,0,0,0,0,0,0,0,0,0,0,0,0,0,0,0,0,0,0,0,0,0,0,0,0,0,0,0,26,51,50,76,65476,0,300,0,0,8,21553,0.0,-107605600.0,0.0,0.0,0.0,0.0,0.0,0.0,0.0,0.0,0.0,0.0,0.0,0.0,0.0,0.0,0.0,0.0,0.0,0.0,0.0,0.0,-2.004,2.004,-2.004,0.0,0.0,0.0,0.0,0.0,4776.0,-0.0,7282.0,2.7184312818759872e+23,0.0,-0.0,-107615392.0,0.0,0.0,0.0,0.0,77,0.0,4.066850257910686e+29,0.0,0.0,0.0,0.0,0.0,0.0,0.0,0,0,0,0.0,0.0,0.0,0.0,0.0,0.0,0.0,0.0,0.0,0.0,0.0,0.0,0.0,0.0,0.0,0.0,0,-107875648.0,77,0.0,154,0.0,0.0,ERR,ERR,ERR,ERR,ERR,ERR,ERR,ERR,ERR,ERR,ERR,ERR,ERR,ERR,ERR,ERR,ERR,ERR,ERR,ERR,ERR,ERR,ERR,ERR,ERR,ERR,ERR,ERR,ERR,ERR,ERR,ERR,ERR,ERR,ERR,ERR,ERR,ERR,ERR,ERR,ERR,ERR,ERR,ERR,ERR,ERR,ERR,ERR,ERR,ERR,ERR,ERR,ERR,ERR,ERR,ERR,ERR,ERR,ERR,ERR,ERR,ERR,ERR,ERR,ERR,ERR,ERR,34.0,80.0,35,0.0,0.0,0.0,0.0,0.0,0.0,0.0,0.0,0.0,0.0,0.0,0.0,0.0,0.0,0.0,0.0,65.6,0,120,58,53,65476,0,300,0,0,8,20529,65476,0,0,57672,80.0,0.0,0.0,0.0,0.0,0.0
2026-06-18T02:33:48,ERR,ERR,ERR,ERR,ERR,ERR,ERR,ERR,ERR,ERR,ERR,ERR,ERR,ERR,ERR,ERR,ERR,ERR,ERR,ERR,ERR,ERR,ERR,ERR,ERR,ERR,ERR,ERR,ERR,ERR,ERR,ERR,ERR,ERR,ERR,ERR,ERR,ERR,ERR,ERR,ERR,ERR,ERR,ERR,ERR,ERR,ERR,ERR,ERR,ERR,ERR,ERR,ERR,ERR,ERR,ERR,ERR,ERR,ERR,ERR,ERR,ERR,ERR,ERR,ERR,ERR,ERR,ERR,ERR,ERR,ERR,ERR,ERR,ERR,ERR,ERR,ERR,ERR,ERR,ERR,ERR,ERR,ERR,ERR,ERR,ERR,ERR,ERR,ERR,ERR,ERR,ERR,ERR,ERR,ERR,ERR,ERR,ERR,ERR,ERR,ERR,ERR,ERR,ERR,ERR,ERR,ERR,ERR,ERR,ERR,ERR,ERR,ERR,ERR,ERR,ERR,ERR,ERR,ERR,ERR,ERR,ERR,ERR,ERR,ERR,2.7184312818759872e+23,0.0,-0.0,0.0,nan,1.3936040501711995e+18,7.805,118629576.0,0,0,4,48929,6720,14723890282496.0,100,0.0,0.0,0.0,0.0,0.0,0,0,0,0,0.0,0,0,0,0,0,0,0,0,0,0,0,0,0,0,0,0,0,0,0,0,0,0,0,0,0,0,0,0,0,0,0,0,0,26,51,50,76,65476,0,300,0,0,8,21553,0.0,-107605600.0,0.0,0.0,0.0,0.0,0.0,0.0,0.0,0.0,0.0,0.0,0.0,0.0,0.0,0.0,0.0,0.0,0.0,0.0,0.0,0.0,-2.004,2.004,-2.004,0.0,0.0,0.0,0.0,0.0,4779.0,-0.0,7287.0,2.7184312818759872e+23,0.0,-0.0,-107615392.0,0.0,0.0,0.0,0.0,77,0.0,-0.0,0.0,0.0,0.0,0.0,0.0,0.0,0.0,0,0,0,0.0,0.0,0.0,0.0,0.0,0.0,0.0,0.0,0.0,0.0,0.0,0.0,0.0,0.0,0.0,0.0,0,-107875648.0,77,0.0,154,0.0,0.0,ERR,ERR,ERR,ERR,ERR,ERR,ERR,ERR,ERR,ERR,ERR,ERR,ERR,ERR,ERR,ERR,ERR,ERR,ERR,ERR,ERR,ERR,ERR,ERR,ERR,ERR,ERR,ERR,ERR,ERR,ERR,ERR,ERR,ERR,ERR,ERR,ERR,ERR,ERR,ERR,ERR,ERR,ERR,ERR,ERR,ERR,ERR,ERR,ERR,ERR,ERR,ERR,ERR,ERR,ERR,ERR,ERR,ERR,ERR,ERR,ERR,ERR,ERR,ERR,ERR,ERR,ERR,34.0,80.0,35,0.0,0.0,0.0,0.0,0.0,0.0,0.0,0.0,0.0,0.0,0.0,0.0,0.0,0.0,0.0,0.0,66.4,0,120,58,53,65476,0,300,0,0,8,20529,65476,0,0,57672,80.0,0.0,0.0,0.0,0.0,0.0
2026-06-18T02:33:49,ERR,ERR,ERR,ERR,ERR,ERR,ERR,ERR,ERR,ERR,ERR,ERR,ERR,ERR,ERR,ERR,ERR,ERR,ERR,ERR,ERR,ERR,ERR,ERR,ERR,ERR,ERR,ERR,ERR,ERR,ERR,ERR,ERR,ERR,ERR,ERR,ERR,ERR,ERR,ERR,ERR,ERR,ERR,ERR,ERR,ERR,ERR,ERR,ERR,ERR,ERR,ERR,ERR,ERR,ERR,ERR,ERR,ERR,ERR,ERR,ERR,ERR,ERR,ERR,ERR,ERR,ERR,ERR,ERR,ERR,ERR,ERR,ERR,ERR,ERR,ERR,ERR,ERR,ERR,ERR,ERR,ERR,ERR,ERR,ERR,ERR,ERR,ERR,ERR,ERR,ERR,ERR,ERR,ERR,ERR,ERR,ERR,ERR,ERR,ERR,ERR,ERR,ERR,ERR,ERR,ERR,ERR,ERR,ERR,ERR,ERR,ERR,ERR,ERR,ERR,ERR,ERR,ERR,ERR,ERR,ERR,ERR,ERR,ERR,ERR,2.7184312818759872e+23,0.0,-0.0,0.0,nan,1.3936040501711995e+18,7.805,118629576.0,0,0,4,48929,6720,14723890282496.0,100,0.0,0.0,0.0,0.0,0.0,0,0,0,0,0.0,0,0,0,0,0,0,0,0,0,0,0,0,0,0,0,0,0,0,0,0,0,0,0,0,0,0,0,0,0,0,0,0,0,26,51,50,76,65476,0,300,0,0,8,21553,0.0,-107605600.0,0.0,0.0,0.0,0.0,0.0,0.0,0.0,0.0,0.0,0.0,0.0,0.0,0.0,0.0,0.0,0.0,0.0,0.0,0.0,0.0,-2.004,2.004,-2.004,0.0,0.0,0.0,0.0,0.0,4779.0,-0.0,7287.0,2.7184312818759872e+23,0.0,-0.0,-107615392.0,0.0,0.0,0.0,0.0,77,0.0,-0.0,0.0,0.0,0.0,0.0,0.0,0.0,0.0,0,0,0,0.0,0.0,0.0,0.0,0.0,0.0,0.0,0.0,0.0,0.0,0.0,0.0,0.0,0.0,0.0,0.0,0,-107875648.0,77,0.0,154,0.0,0.0,ERR,ERR,ERR,ERR,ERR,ERR,ERR,ERR,ERR,ERR,ERR,ERR,ERR,ERR,ERR,ERR,ERR,ERR,ERR,ERR,ERR,ERR,ERR,ERR,ERR,ERR,ERR,ERR,ERR,ERR,ERR,ERR,ERR,ERR,ERR,ERR,ERR,ERR,ERR,ERR,ERR,ERR,ERR,ERR,ERR,ERR,ERR,ERR,ERR,ERR,ERR,ERR,ERR,ERR,ERR,ERR,ERR,ERR,ERR,ERR,ERR,ERR,ERR,ERR,ERR,ERR,ERR,34.0,80.0,35,0.0,0.0,0.0,0.0,0.0,0.0,0.0,0.0,0.0,0.0,0.0,0.0,0.0,0.0,0.0,0.0,66.4,0,120,58,53,65476,0,300,0,0,8,20529,65476,0,0,57672,80.0,0.0,0.0,0.0,0.0,0.0
2026-06-18T02:33:50,ERR,ERR,ERR,ERR,ERR,ERR,ERR,ERR,ERR,ERR,ERR,ERR,ERR,ERR,ERR,ERR,ERR,ERR,ERR,ERR,ERR,ERR,ERR,ERR,ERR,ERR,ERR,ERR,ERR,ERR,ERR,ERR,ERR,ERR,ERR,ERR,ERR,ERR,ERR,ERR,ERR,ERR,ERR,ERR,ERR,ERR,ERR,ERR,ERR,ERR,ERR,ERR,ERR,ERR,ERR,ERR,ERR,ERR,ERR,ERR,ERR,ERR,ERR,ERR,ERR,ERR,ERR,ERR,ERR,ERR,ERR,ERR,ERR,ERR,ERR,ERR,ERR,ERR,ERR,ERR,ERR,ERR,ERR,ERR,ERR,ERR,ERR,ERR,ERR,ERR,ERR,ERR,ERR,ERR,ERR,ERR,ERR,ERR,ERR,ERR,ERR,ERR,ERR,ERR,ERR,ERR,ERR,ERR,ERR,ERR,ERR,ERR,ERR,ERR,ERR,ERR,ERR,ERR,ERR,ERR,ERR,ERR,ERR,ERR,ERR,2.7184312818759872e+23,0.0,-0.0,0.0,nan,1.3936040501711995e+18,7.805,118629576.0,0,0,4,48929,6720,14723890282496.0,100,0.0,0.0,0.0,0.0,0.0,0,0,0,0,0.0,0,0,0,0,0,0,0,0,0,0,0,0,0,0,0,0,0,0,0,0,0,0,0,0,0,0,0,0,0,0,0,0,0,26,51,50,76,65476,0,300,0,0,8,21553,0.0,-107605600.0,0.0,0.0,0.0,0.0,0.0,0.0,0.0,0.0,0.0,0.0,0.0,0.0,0.0,0.0,0.0,0.0,0.0,0.0,0.0,0.0,-2.004,2.004,-2.004,0.0,0.0,0.0,0.0,0.0,4779.0,-0.0,7287.0,2.7184312818759872e+23,0.0,-0.0,-107615392.0,0.0,0.0,0.0,0.0,77,0.0,-0.0,0.0,0.0,0.0,0.0,0.0,0.0,0.0,0,0,0,0.0,0.0,0.0,0.0,0.0,0.0,0.0,0.0,0.0,0.0,0.0,0.0,0.0,0.0,0.0,0.0,0,-107875648.0,77,0.0,154,0.0,0.0,ERR,ERR,ERR,ERR,ERR,ERR,ERR,ERR,ERR,ERR,ERR,ERR,ERR,ERR,ERR,ERR,ERR,ERR,ERR,ERR,ERR,ERR,ERR,ERR,ERR,ERR,ERR,ERR,ERR,ERR,ERR,ERR,ERR,ERR,ERR,ERR,ERR,ERR,ERR,ERR,ERR,ERR,ERR,ERR,ERR,ERR,ERR,ERR,ERR,ERR,ERR,ERR,ERR,ERR,ERR,ERR,ERR,ERR,ERR,ERR,ERR,ERR,ERR,ERR,ERR,ERR,ERR,34.0,80.0,35,0.0,0.0,0.0,0.0,0.0,0.0,0.0,0.0,0.0,0.0,0.0,0.0,0.0,0.0,0.0,0.0,66.4,0,120,58,53,65476,0,300,0,0,8,20529,65476,0,0,57672,80.0,0.0,0.0,0.0,0.0,0.0
2026-06-18T02:33:51,ERR,ERR,ERR,ERR,ERR,ERR,ERR,ERR,ERR,ERR,ERR,ERR,ERR,ERR,ERR,ERR,ERR,ERR,ERR,ERR,ERR,ERR,ERR,ERR,ERR,ERR,ERR,ERR,ERR,ERR,ERR,ERR,ERR,ERR,ERR,ERR,ERR,ERR,ERR,ERR,ERR,ERR,ERR,ERR,ERR,ERR,ERR,ERR,ERR,ERR,ERR,ERR,ERR,ERR,ERR,ERR,ERR,ERR,ERR,ERR,ERR,ERR,ERR,ERR,ERR,ERR,ERR,ERR,ERR,ERR,ERR,ERR,ERR,ERR,ERR,ERR,ERR,ERR,ERR,ERR,ERR,ERR,ERR,ERR,ERR,ERR,ERR,ERR,ERR,ERR,ERR,ERR,ERR,ERR,ERR,ERR,ERR,ERR,ERR,ERR,ERR,ERR,ERR,ERR,ERR,ERR,ERR,ERR,ERR,ERR,ERR,ERR,ERR,ERR,ERR,ERR,ERR,ERR,ERR,ERR,ERR,ERR,ERR,ERR,ERR,2.7184312818759872e+23,0.0,-0.0,0.0,nan,1.3936040501711995e+18,7.805,118629576.0,0,0,4,48929,6720,14723890282496.0,100,0.0,0.0,0.0,0.0,0.0,0,0,0,0,0.0,0,0,0,0,0,0,0,0,0,0,0,0,0,0,0,0,0,0,0,0,0,0,0,0,0,0,0,0,0,0,0,0,0,26,51,50,76,65476,0,300,0,0,8,21553,0.0,-107605600.0,0.0,0.0,0.0,0.0,0.0,0.0,0.0,0.0,0.0,0.0,0.0,0.0,0.0,0.0,0.0,0.0,0.0,0.0,0.0,0.0,-2.004,2.004,-2.004,0.0,0.0,0.0,0.0,0.0,4779.0,-0.0,7287.0,2.7184312818759872e+23,0.0,-0.0,-107615392.0,0.0,0.0,0.0,0.0,77,0.0,-0.0,0.0,0.0,0.0,0.0,0.0,0.0,0.0,0,0,0,0.0,0.0,0.0,0.0,0.0,0.0,0.0,0.0,0.0,0.0,0.0,0.0,0.0,0.0,0.0,0.0,0,-107875648.0,77,0.0,154,0.0,0.0,ERR,ERR,ERR,ERR,ERR,ERR,ERR,ERR,ERR,ERR,ERR,ERR,ERR,ERR,ERR,ERR,ERR,ERR,ERR,ERR,ERR,ERR,ERR,ERR,ERR,ERR,ERR,ERR,ERR,ERR,ERR,ERR,ERR,ERR,ERR,ERR,ERR,ERR,ERR,ERR,ERR,ERR,ERR,ERR,ERR,ERR,ERR,ERR,ERR,ERR,ERR,ERR,ERR,ERR,ERR,ERR,ERR,ERR,ERR,ERR,ERR,ERR,ERR,ERR,ERR,ERR,ERR,34.0,80.0,35,0.0,0.0,0.0,0.0,0.0,0.0,0.0,0.0,0.0,0.0,0.0,0.0,0.0,0.0,0.0,0.0,66.4,0,120,58,53,65476,0,300,0,0,8,20529,65476,0,0,57672,80.0,0.0,0.0,0.0,0.0,0.0
2026-06-18T02:33:52,ERR,ERR,ERR,ERR,ERR,ERR,ERR,ERR,ERR,ERR,ERR,ERR,ERR,ERR,ERR,ERR,ERR,ERR,ERR,ERR,ERR,ERR,ERR,ERR,ERR,ERR,ERR,ERR,ERR,ERR,ERR,ERR,ERR,ERR,ERR,ERR,ERR,ERR,ERR,ERR,ERR,ERR,ERR,ERR,ERR,ERR,ERR,ERR,ERR,ERR,ERR,ERR,ERR,ERR,ERR,ERR,ERR,ERR,ERR,ERR,ERR,ERR,ERR,ERR,ERR,ERR,ERR,ERR,ERR,ERR,ERR,ERR,ERR,ERR,ERR,ERR,ERR,ERR,ERR,ERR,ERR,ERR,ERR,ERR,ERR,ERR,ERR,ERR,ERR,ERR,ERR,ERR,ERR,ERR,ERR,ERR,ERR,ERR,ERR,ERR,ERR,ERR,ERR,ERR,ERR,ERR,ERR,ERR,ERR,ERR,ERR,ERR,ERR,ERR,ERR,ERR,ERR,ERR,ERR,ERR,ERR,ERR,ERR,ERR,ERR,2.7184312818759872e+23,0.0,-0.0,0.0,nan,1.3936040501711995e+18,7.805,118629576.0,0,0,4,48929,6720,14723890282496.0,100,0.0,0.0,0.0,0.0,0.0,0,0,0,0,0.0,0,0,0,0,0,0,0,0,0,0,0,0,0,0,0,0,0,0,0,0,0,0,0,0,0,0,0,0,0,0,0,0,0,26,51,50,76,65476,0,300,0,0,8,21553,0.0,-107605600.0,0.0,0.0,0.0,0.0,0.0,0.0,0.0,0.0,0.0,0.0,0.0,0.0,0.0,0.0,0.0,0.0,0.0,0.0,0.0,0.0,-2.004,2.004,-2.004,0.0,0.0,0.0,0.0,0.0,4779.0,-0.0,7287.0,2.7184312818759872e+23,0.0,-0.0,-107615392.0,0.0,0.0,0.0,0.0,77,0.0,-0.0,0.0,0.0,0.0,0.0,0.0,0.0,0.0,0,0,0,0.0,0.0,0.0,0.0,0.0,0.0,0.0,0.0,0.0,0.0,0.0,0.0,0.0,0.0,0.0,0.0,0,-107875648.0,77,0.0,154,0.0,0.0,ERR,ERR,ERR,ERR,ERR,ERR,ERR,ERR,ERR,ERR,ERR,ERR,ERR,ERR,ERR,ERR,ERR,ERR,ERR,ERR,ERR,ERR,ERR,ERR,ERR,ERR,ERR,ERR,ERR,ERR,ERR,ERR,ERR,ERR,ERR,ERR,ERR,ERR,ERR,ERR,ERR,ERR,ERR,ERR,ERR,ERR,ERR,ERR,ERR,ERR,ERR,ERR,ERR,ERR,ERR,ERR,ERR,ERR,ERR,ERR,ERR,ERR,ERR,ERR,ERR,ERR,ERR,34.0,80.0,35,0.0,0.0,0.0,0.0,0.0,0.0,0.0,0.0,0.0,0.0,0.0,0.0,0.0,0.0,0.0,0.0,66.4,0,120,58,53,65476,0,300,0,0,8,20529,65476,0,0,57672,80.0,0.0,0.0,0.0,0.0,0.0
2026-06-18T02:33:53,ERR,ERR,ERR,ERR,ERR,ERR,ERR,ERR,ERR,ERR,ERR,ERR,ERR,ERR,ERR,ERR,ERR,ERR,ERR,ERR,ERR,ERR,ERR,ERR,ERR,ERR,ERR,ERR,ERR,ERR,ERR,ERR,ERR,ERR,ERR,ERR,ERR,ERR,ERR,ERR,ERR,ERR,ERR,ERR,ERR,ERR,ERR,ERR,ERR,ERR,ERR,ERR,ERR,ERR,ERR,ERR,ERR,ERR,ERR,ERR,ERR,ERR,ERR,ERR,ERR,ERR,ERR,ERR,ERR,ERR,ERR,ERR,ERR,ERR,ERR,ERR,ERR,ERR,ERR,ERR,ERR,ERR,ERR,ERR,ERR,ERR,ERR,ERR,ERR,ERR,ERR,ERR,ERR,ERR,ERR,ERR,ERR,ERR,ERR,ERR,ERR,ERR,ERR,ERR,ERR,ERR,ERR,ERR,ERR,ERR,ERR,ERR,ERR,ERR,ERR,ERR,ERR,ERR,ERR,ERR,ERR,ERR,ERR,ERR,ERR,2.7184312818759872e+23,0.0,-0.0,0.0,nan,1.3936040501711995e+18,7.805,118629576.0,0,0,4,48929,6720,14723890282496.0,100,0.0,0.0,0.0,0.0,0.0,0,0,0,0,0.0,0,0,0,0,0,0,0,0,0,0,0,0,0,0,0,0,0,0,0,0,0,0,0,0,0,0,0,0,0,0,0,0,0,26,51,50,76,65476,0,300,0,0,8,21553,0.0,-107605600.0,0.0,0.0,0.0,0.0,0.0,0.0,0.0,0.0,0.0,0.0,0.0,0.0,0.0,0.0,0.0,0.0,0.0,0.0,0.0,0.0,-2.004,2.004,-2.004,0.0,0.0,0.0,0.0,0.0,4779.0,-0.0,7287.0,2.7184312818759872e+23,0.0,-0.0,-107615392.0,0.0,0.0,0.0,0.0,77,0.0,-0.0,0.0,0.0,0.0,0.0,0.0,0.0,0.0,0,0,0,0.0,0.0,0.0,0.0,0.0,0.0,0.0,0.0,0.0,0.0,0.0,0.0,0.0,0.0,0.0,0.0,0,-107875648.0,77,0.0,154,0.0,0.0,ERR,ERR,ERR,ERR,ERR,ERR,ERR,ERR,ERR,ERR,ERR,ERR,ERR,ERR,ERR,ERR,ERR,ERR,ERR,ERR,ERR,ERR,ERR,ERR,ERR,ERR,ERR,ERR,ERR,ERR,ERR,ERR,ERR,ERR,ERR,ERR,ERR,ERR,ERR,ERR,ERR,ERR,ERR,ERR,ERR,ERR,ERR,ERR,ERR,ERR,ERR,ERR,ERR,ERR,ERR,ERR,ERR,ERR,ERR,ERR,ERR,ERR,ERR,ERR,ERR,ERR,ERR,34.0,80.0,35,0.0,0.0,0.0,0.0,0.0,0.0,0.0,0.0,0.0,0.0,0.0,0.0,0.0,0.0,0.0,0.0,65.6,0,120,58,53,65476,0,300,0,0,8,20529,65476,0,0,57672,80.0,0.0,0.0,0.0,0.0,0.0
2026-06-18T02:33:54,ERR,ERR,ERR,ERR,ERR,ERR,ERR,ERR,ERR,ERR,ERR,ERR,ERR,ERR,ERR,ERR,ERR,ERR,ERR,ERR,ERR,ERR,ERR,ERR,ERR,ERR,ERR,ERR,ERR,ERR,ERR,ERR,ERR,ERR,ERR,ERR,ERR,ERR,ERR,ERR,ERR,ERR,ERR,ERR,ERR,ERR,ERR,ERR,ERR,ERR,ERR,ERR,ERR,ERR,ERR,ERR,ERR,ERR,ERR,ERR,ERR,ERR,ERR,ERR,ERR,ERR,ERR,ERR,ERR,ERR,ERR,ERR,ERR,ERR,ERR,ERR,ERR,ERR,ERR,ERR,ERR,ERR,ERR,ERR,ERR,ERR,ERR,ERR,ERR,ERR,ERR,ERR,ERR,ERR,ERR,ERR,ERR,ERR,ERR,ERR,ERR,ERR,ERR,ERR,ERR,ERR,ERR,ERR,ERR,ERR,ERR,ERR,ERR,ERR,ERR,ERR,ERR,ERR,ERR,ERR,ERR,ERR,ERR,ERR,ERR,2.7184312818759872e+23,0.0,-0.0,-0.0,nan,1.3936040501711995e+18,7.805,1.2122276757504e+16,0,0,4,48923,6720,14723890282496.0,100,0.0,0.0,0.0,0.059,0.0,0,0,0,0,0.0,0,0,0,0,0,0,0,0,0,0,0,0,0,0,0,0,0,0,0,0,0,0,0,0,0,0,0,0,0,0,0,0,0,26,51,50,76,65476,0,300,0,0,8,21553,0.0,-107605600.0,0.0,0.0,0.0,0.0,0.0,0.0,0.0,0.0,0.0,0.0,0.0,0.0,0.0,0.0,0.0,0.0,0.0,0.0,0.0,0.0,-2.004,2.004,-2.004,0.0,0.0,0.0,0.0,0.0,4781.0,-0.0,7286.0,2.7184312818759872e+23,0.0,-0.0,-107615392.0,0.0,0.0,0.0,0.0,77,71.63,-0.0,0.0,0.0,0.0,0.0,0.0,0.0,0.0,0,0,0,0.0,0.0,0.0,0.0,0.0,0.0,0.0,0.0,0.0,0.0,0.0,0.0,0.0,0.0,0.0,0.0,0,-107875648.0,77,0.0,154,0.0,0.0,ERR,ERR,ERR,ERR,ERR,ERR,ERR,ERR,ERR,ERR,ERR,ERR,ERR,ERR,ERR,ERR,ERR,ERR,ERR,ERR,ERR,ERR,ERR,ERR,ERR,ERR,ERR,ERR,ERR,ERR,ERR,ERR,ERR,ERR,ERR,ERR,ERR,ERR,ERR,ERR,ERR,ERR,ERR,ERR,ERR,ERR,ERR,ERR,ERR,ERR,ERR,ERR,ERR,ERR,ERR,ERR,ERR,ERR,ERR,ERR,ERR,ERR,ERR,ERR,ERR,ERR,ERR,34.0,80.0,35,0.0,0.0,0.0,0.0,0.0,0.0,0.0,0.0,0.0,0.0,0.0,0.0,0.0,0.0,0.0,0.0,65.6,0,120,58,53,65476,0,300,0,0,8,20529,65476,0,0,57672,80.0,0.0,0.0,0.0,0.0,0.0
2026-06-18T02:33:55,ERR,ERR,ERR,ERR,ERR,ERR,ERR,ERR,ERR,ERR,ERR,ERR,ERR,ERR,ERR,ERR,ERR,ERR,ERR,ERR,ERR,ERR,ERR,ERR,ERR,ERR,ERR,ERR,ERR,ERR,ERR,ERR,ERR,ERR,ERR,ERR,ERR,ERR,ERR,ERR,ERR,ERR,ERR,ERR,ERR,ERR,ERR,ERR,ERR,ERR,ERR,ERR,ERR,ERR,ERR,ERR,ERR,ERR,ERR,ERR,ERR,ERR,ERR,ERR,ERR,ERR,ERR,ERR,ERR,ERR,ERR,ERR,ERR,ERR,ERR,ERR,ERR,ERR,ERR,ERR,ERR,ERR,ERR,ERR,ERR,ERR,ERR,ERR,ERR,ERR,ERR,ERR,ERR,ERR,ERR,ERR,ERR,ERR,ERR,ERR,ERR,ERR,ERR,ERR,ERR,ERR,ERR,ERR,ERR,ERR,ERR,ERR,ERR,ERR,ERR,ERR,ERR,ERR,ERR,ERR,ERR,ERR,ERR,ERR,ERR,2.7184312818759872e+23,0.0,-0.0,-0.0,nan,1.3936040501711995e+18,7.805,1.2122276757504e+16,0,0,4,48923,6720,14723890282496.0,100,0.0,0.0,0.0,0.059,0.0,0,0,0,0,0.0,0,0,0,0,0,0,0,0,0,0,0,0,0,0,0,0,0,0,0,0,0,0,0,0,0,0,0,0,0,0,0,0,0,26,51,50,76,65476,0,300,0,0,8,21553,0.0,-107605600.0,0.0,0.0,0.0,0.0,0.0,0.0,0.0,0.0,0.0,0.0,0.0,0.0,0.0,0.0,0.0,0.0,0.0,0.0,0.0,0.0,-2.004,2.004,-2.004,0.0,0.0,0.0,0.0,0.0,4781.0,-0.0,7286.0,2.7184312818759872e+23,0.0,-0.0,-107615392.0,0.0,0.0,0.0,0.0,77,71.63,-0.0,0.0,0.0,0.0,0.0,0.0,0.0,0.0,0,0,0,0.0,0.0,0.0,0.0,0.0,0.0,0.0,0.0,0.0,0.0,0.0,0.0,0.0,0.0,0.0,0.0,0,-107875648.0,77,0.0,154,0.0,0.0,ERR,ERR,ERR,ERR,ERR,ERR,ERR,ERR,ERR,ERR,ERR,ERR,ERR,ERR,ERR,ERR,ERR,ERR,ERR,ERR,ERR,ERR,ERR,ERR,ERR,ERR,ERR,ERR,ERR,ERR,ERR,ERR,ERR,ERR,ERR,ERR,ERR,ERR,ERR,ERR,ERR,ERR,ERR,ERR,ERR,ERR,ERR,ERR,ERR,ERR,ERR,ERR,ERR,ERR,ERR,ERR,ERR,ERR,ERR,ERR,ERR,ERR,ERR,ERR,ERR,ERR,ERR,34.0,80.0,35,0.0,0.0,0.0,0.0,0.0,0.0,0.0,0.0,0.0,0.0,0.0,0.0,0.0,0.0,0.0,0.0,65.6,0,120,58,53,65476,0,300,0,0,8,20529,65476,0,0,57672,80.0,0.0,0.0,0.0,0.0,0.0
2026-06-18T02:33:56,ERR,ERR,ERR,ERR,ERR,ERR,ERR,ERR,ERR,ERR,ERR,ERR,ERR,ERR,ERR,ERR,ERR,ERR,ERR,ERR,ERR,ERR,ERR,ERR,ERR,ERR,ERR,ERR,ERR,ERR,ERR,ERR,ERR,ERR,ERR,ERR,ERR,ERR,ERR,ERR,ERR,ERR,ERR,ERR,ERR,ERR,ERR,ERR,ERR,ERR,ERR,ERR,ERR,ERR,ERR,ERR,ERR,ERR,ERR,ERR,ERR,ERR,ERR,ERR,ERR,ERR,ERR,ERR,ERR,ERR,ERR,ERR,ERR,ERR,ERR,ERR,ERR,ERR,ERR,ERR,ERR,ERR,ERR,ERR,ERR,ERR,ERR,ERR,ERR,ERR,ERR,ERR,ERR,ERR,ERR,ERR,ERR,ERR,ERR,ERR,ERR,ERR,ERR,ERR,ERR,ERR,ERR,ERR,ERR,ERR,ERR,ERR,ERR,ERR,ERR,ERR,ERR,ERR,ERR,ERR,ERR,ERR,ERR,ERR,ERR,2.7184312818759872e+23,0.0,-0.0,-0.0,nan,1.3936040501711995e+18,7.805,1.2122276757504e+16,0,0,4,48923,6720,14723890282496.0,100,0.0,0.0,0.0,0.059,0.0,0,0,0,0,0.0,0,0,0,0,0,0,0,0,0,0,0,0,0,0,0,0,0,0,0,0,0,0,0,0,0,0,0,0,0,0,0,0,0,26,51,50,76,65476,0,300,0,0,8,21553,0.0,-107605600.0,0.0,0.0,0.0,0.0,0.0,0.0,0.0,0.0,0.0,0.0,0.0,0.0,0.0,0.0,0.0,0.0,0.0,0.0,0.0,0.0,-2.004,2.004,-2.004,0.0,0.0,0.0,0.0,0.0,4781.0,-0.0,7286.0,2.7184312818759872e+23,0.0,-0.0,-107615392.0,0.0,0.0,0.0,0.0,77,71.63,-0.0,0.0,0.0,0.0,0.0,0.0,0.0,0.0,0,0,0,0.0,0.0,0.0,0.0,0.0,0.0,0.0,0.0,0.0,0.0,0.0,0.0,0.0,0.0,0.0,0.0,0,-107875648.0,77,0.0,154,0.0,0.0,ERR,ERR,ERR,ERR,ERR,ERR,ERR,ERR,ERR,ERR,ERR,ERR,ERR,ERR,ERR,ERR,ERR,ERR,ERR,ERR,ERR,ERR,ERR,ERR,ERR,ERR,ERR,ERR,ERR,ERR,ERR,ERR,ERR,ERR,ERR,ERR,ERR,ERR,ERR,ERR,ERR,ERR,ERR,ERR,ERR,ERR,ERR,ERR,ERR,ERR,ERR,ERR,ERR,ERR,ERR,ERR,ERR,ERR,ERR,ERR,ERR,ERR,ERR,ERR,ERR,ERR,ERR,34.0,80.0,35,0.0,0.0,0.0,0.0,0.0,0.0,0.0,0.0,0.0,0.0,0.0,0.0,0.0,0.0,0.0,0.0,65.6,0,120,58,53,65476,0,300,0,0,8,20529,65476,0,0,57672,80.0,0.0,0.0,0.0,0.0,0.0
2026-06-18T02:33:57,ERR,ERR,ERR,ERR,ERR,ERR,ERR,ERR,ERR,ERR,ERR,ERR,ERR,ERR,ERR,ERR,ERR,ERR,ERR,ERR,ERR,ERR,ERR,ERR,ERR,ERR,ERR,ERR,ERR,ERR,ERR,ERR,ERR,ERR,ERR,ERR,ERR,ERR,ERR,ERR,ERR,ERR,ERR,ERR,ERR,ERR,ERR,ERR,ERR,ERR,ERR,ERR,ERR,ERR,ERR,ERR,ERR,ERR,ERR,ERR,ERR,ERR,ERR,ERR,ERR,ERR,ERR,ERR,ERR,ERR,ERR,ERR,ERR,ERR,ERR,ERR,ERR,ERR,ERR,ERR,ERR,ERR,ERR,ERR,ERR,ERR,ERR,ERR,ERR,ERR,ERR,ERR,ERR,ERR,ERR,ERR,ERR,ERR,ERR,ERR,ERR,ERR,ERR,ERR,ERR,ERR,ERR,ERR,ERR,ERR,ERR,ERR,ERR,ERR,ERR,ERR,ERR,ERR,ERR,ERR,ERR,ERR,ERR,ERR,ERR,2.7184312818759872e+23,0.0,-0.0,-0.0,nan,1.3936040501711995e+18,7.805,1.2122276757504e+16,0,0,4,48923,6720,14723890282496.0,100,0.0,0.0,0.0,0.059,0.0,0,0,0,0,0.0,0,0,0,0,0,0,0,0,0,0,0,0,0,0,0,0,0,0,0,0,0,0,0,0,0,0,0,0,0,0,0,0,0,26,51,50,76,65476,0,300,0,0,8,21553,0.0,-107605600.0,0.0,0.0,0.0,0.0,0.0,0.0,0.0,0.0,0.0,0.0,0.0,0.0,0.0,0.0,0.0,0.0,0.0,0.0,0.0,0.0,-2.004,2.004,-2.004,0.0,0.0,0.0,0.0,0.0,4781.0,-0.0,7286.0,2.7184312818759872e+23,0.0,-0.0,-107615392.0,0.0,0.0,0.0,0.0,77,71.63,-0.0,0.0,0.0,0.0,0.0,0.0,0.0,0.0,0,0,0,0.0,0.0,0.0,0.0,0.0,0.0,0.0,0.0,0.0,0.0,0.0,0.0,0.0,0.0,0.0,0.0,0,-107875648.0,77,0.0,154,0.0,0.0,ERR,ERR,ERR,ERR,ERR,ERR,ERR,ERR,ERR,ERR,ERR,ERR,ERR,ERR,ERR,ERR,ERR,ERR,ERR,ERR,ERR,ERR,ERR,ERR,ERR,ERR,ERR,ERR,ERR,ERR,ERR,ERR,ERR,ERR,ERR,ERR,ERR,ERR,ERR,ERR,ERR,ERR,ERR,ERR,ERR,ERR,ERR,ERR,ERR,ERR,ERR,ERR,ERR,ERR,ERR,ERR,ERR,ERR,ERR,ERR,ERR,ERR,ERR,ERR,ERR,ERR,ERR,34.0,80.0,35,0.0,0.0,0.0,0.0,0.0,0.0,0.0,0.0,0.0,0.0,0.0,0.0,0.0,0.0,0.0,0.0,65.6,0,120,58,53,65476,0,300,0,0,8,20529,65476,0,0,57672,80.0,0.0,0.0,0.0,0.0,0.0
2026-06-18T02:33:58,ERR,ERR,ERR,ERR,ERR,ERR,ERR,ERR,ERR,ERR,ERR,ERR,ERR,ERR,ERR,ERR,ERR,ERR,ERR,ERR,ERR,ERR,ERR,ERR,ERR,ERR,ERR,ERR,ERR,ERR,ERR,ERR,ERR,ERR,ERR,ERR,ERR,ERR,ERR,ERR,ERR,ERR,ERR,ERR,ERR,ERR,ERR,ERR,ERR,ERR,ERR,ERR,ERR,ERR,ERR,ERR,ERR,ERR,ERR,ERR,ERR,ERR,ERR,ERR,ERR,ERR,ERR,ERR,ERR,ERR,ERR,ERR,ERR,ERR,ERR,ERR,ERR,ERR,ERR,ERR,ERR,ERR,ERR,ERR,ERR,ERR,ERR,ERR,ERR,ERR,ERR,ERR,ERR,ERR,ERR,ERR,ERR,ERR,ERR,ERR,ERR,ERR,ERR,ERR,ERR,ERR,ERR,ERR,ERR,ERR,ERR,ERR,ERR,ERR,ERR,ERR,ERR,ERR,ERR,ERR,ERR,ERR,ERR,ERR,ERR,2.7184312818759872e+23,0.0,-0.0,-0.0,nan,1.3936040501711995e+18,7.805,1.2122276757504e+16,0,0,4,48923,6720,14723890282496.0,100,0.0,0.0,0.0,0.059,0.0,0,0,0,0,0.0,0,0,0,0,0,0,0,0,0,0,0,0,0,0,0,0,0,0,0,0,0,0,0,0,0,0,0,0,0,0,0,0,0,26,51,50,76,65476,0,300,0,0,8,21553,0.0,-107605600.0,0.0,0.0,0.0,0.0,0.0,0.0,0.0,0.0,0.0,0.0,0.0,0.0,0.0,0.0,0.0,0.0,0.0,0.0,0.0,0.0,-2.004,2.004,-2.004,0.0,0.0,0.0,0.0,0.0,4781.0,-0.0,7286.0,2.7184312818759872e+23,0.0,-0.0,-107615392.0,0.0,0.0,0.0,0.0,77,71.63,-0.0,0.0,0.0,0.0,0.0,0.0,0.0,0.0,0,0,0,0.0,0.0,0.0,0.0,0.0,0.0,0.0,0.0,0.0,0.0,0.0,0.0,0.0,0.0,0.0,0.0,0,-107875648.0,77,0.0,154,0.0,0.0,ERR,ERR,ERR,ERR,ERR,ERR,ERR,ERR,ERR,ERR,ERR,ERR,ERR,ERR,ERR,ERR,ERR,ERR,ERR,ERR,ERR,ERR,ERR,ERR,ERR,ERR,ERR,ERR,ERR,ERR,ERR,ERR,ERR,ERR,ERR,ERR,ERR,ERR,ERR,ERR,ERR,ERR,ERR,ERR,ERR,ERR,ERR,ERR,ERR,ERR,ERR,ERR,ERR,ERR,ERR,ERR,ERR,ERR,ERR,ERR,ERR,ERR,ERR,ERR,ERR,ERR,ERR,34.0,80.0,35,0.0,0.0,0.0,0.0,0.0,0.0,0.0,0.0,0.0,0.0,0.0,0.0,0.0,0.0,0.0,0.0,65.6,0,120,58,53,65476,0,300,0,0,8,20529,65476,0,0,57672,80.0,0.0,0.0,0.0,0.0,0.0
2026-06-18T02:33:59,ERR,ERR,ERR,ERR,ERR,ERR,ERR,ERR,ERR,ERR,ERR,ERR,ERR,ERR,ERR,ERR,ERR,ERR,ERR,ERR,ERR,ERR,ERR,ERR,ERR,ERR,ERR,ERR,ERR,ERR,ERR,ERR,ERR,ERR,ERR,ERR,ERR,ERR,ERR,ERR,ERR,ERR,ERR,ERR,ERR,ERR,ERR,ERR,ERR,ERR,ERR,ERR,ERR,ERR,ERR,ERR,ERR,ERR,ERR,ERR,ERR,ERR,ERR,ERR,ERR,ERR,ERR,ERR,ERR,ERR,ERR,ERR,ERR,ERR,ERR,ERR,ERR,ERR,ERR,ERR,ERR,ERR,ERR,ERR,ERR,ERR,ERR,ERR,ERR,ERR,ERR,ERR,ERR,ERR,ERR,ERR,ERR,ERR,ERR,ERR,ERR,ERR,ERR,ERR,ERR,ERR,ERR,ERR,ERR,ERR,ERR,ERR,ERR,ERR,ERR,ERR,ERR,ERR,ERR,ERR,ERR,ERR,ERR,ERR,ERR,2.7184312818759872e+23,0.0,-0.0,-0.0,nan,1.3936040501711995e+18,7.805,1.182,0,0,4,48924,6720,14723890282496.0,100,0.0,0.0,0.0,-4.9501291711397626e+32,0.0,0,0,0,0,0.0,0,0,0,0,0,0,0,0,0,0,0,0,0,0,0,0,0,0,0,0,0,0,0,0,0,0,0,0,0,0,0,0,0,26,51,50,76,65476,0,300,0,0,8,21553,0.0,-107605600.0,0.0,0.0,0.0,0.0,0.0,0.0,0.0,0.0,0.0,0.0,0.0,0.0,0.0,0.0,0.0,0.0,0.0,0.0,0.0,0.0,-2.004,2.004,-2.004,0.0,0.0,0.0,0.0,0.0,4779.0,2.422985886919649e+24,7277.0,2.7184312818759872e+23,0.0,-0.0,-107615392.0,0.0,0.0,0.0,0.0,77,0.0,0.059,0.0,0.0,0.0,0.0,0.0,0.0,0.0,0,0,0,0.0,0.0,0.0,0.0,0.0,0.0,0.0,0.0,0.0,0.0,0.0,0.0,0.0,0.0,0.0,0.0,0,-107875648.0,77,0.0,154,0.0,0.0,ERR,ERR,ERR,ERR,ERR,ERR,ERR,ERR,ERR,ERR,ERR,ERR,ERR,ERR,ERR,ERR,ERR,ERR,ERR,ERR,ERR,ERR,ERR,ERR,ERR,ERR,ERR,ERR,ERR,ERR,ERR,ERR,ERR,ERR,ERR,ERR,ERR,ERR,ERR,ERR,ERR,ERR,ERR,ERR,ERR,ERR,ERR,ERR,ERR,ERR,ERR,ERR,ERR,ERR,ERR,ERR,ERR,ERR,ERR,ERR,ERR,ERR,ERR,ERR,ERR,ERR,ERR,34.0,80.0,35,0.0,0.0,0.0,0.0,0.0,0.0,0.0,0.0,0.0,0.0,0.0,0.0,0.0,0.0,0.0,0.0,65.6,0,120,58,53,65476,0,300,0,0,8,20529,65476,0,0,57672,80.0,0.0,0.0,0.0,0.0,0.0
2026-06-18T02:34:00,ERR,ERR,ERR,ERR,ERR,ERR,ERR,ERR,ERR,ERR,ERR,ERR,ERR,ERR,ERR,ERR,ERR,ERR,ERR,ERR,ERR,ERR,ERR,ERR,ERR,ERR,ERR,ERR,ERR,ERR,ERR,ERR,ERR,ERR,ERR,ERR,ERR,ERR,ERR,ERR,ERR,ERR,ERR,ERR,ERR,ERR,ERR,ERR,ERR,ERR,ERR,ERR,ERR,ERR,ERR,ERR,ERR,ERR,ERR,ERR,ERR,ERR,ERR,ERR,ERR,ERR,ERR,ERR,ERR,ERR,ERR,ERR,ERR,ERR,ERR,ERR,ERR,ERR,ERR,ERR,ERR,ERR,ERR,ERR,ERR,ERR,ERR,ERR,ERR,ERR,ERR,ERR,ERR,ERR,ERR,ERR,ERR,ERR,ERR,ERR,ERR,ERR,ERR,ERR,ERR,ERR,ERR,ERR,ERR,ERR,ERR,ERR,ERR,ERR,ERR,ERR,ERR,ERR,ERR,ERR,ERR,ERR,ERR,ERR,ERR,2.7184312818759872e+23,0.0,-0.0,-0.0,nan,1.3936040501711995e+18,7.805,1.182,0,0,4,48924,6720,14723890282496.0,100,0.0,0.0,0.0,-4.9501291711397626e+32,0.0,0,0,0,0,0.0,0,0,0,0,0,0,0,0,0,0,0,0,0,0,0,0,0,0,0,0,0,0,0,0,0,0,0,0,0,0,0,0,0,26,51,50,76,65476,0,300,0,0,8,21553,0.0,-107605600.0,0.0,0.0,0.0,0.0,0.0,0.0,0.0,0.0,0.0,0.0,0.0,0.0,0.0,0.0,0.0,0.0,0.0,0.0,0.0,0.0,-2.004,2.004,-2.004,0.0,0.0,0.0,0.0,0.0,4779.0,2.422985886919649e+24,7277.0,2.7184312818759872e+23,0.0,-0.0,-107615392.0,0.0,0.0,0.0,0.0,77,0.0,0.059,0.0,0.0,0.0,0.0,0.0,0.0,0.0,0,0,0,0.0,0.0,0.0,0.0,0.0,0.0,0.0,0.0,0.0,0.0,0.0,0.0,0.0,0.0,0.0,0.0,0,-107875648.0,77,0.0,154,0.0,0.0,ERR,ERR,ERR,ERR,ERR,ERR,ERR,ERR,ERR,ERR,ERR,ERR,ERR,ERR,ERR,ERR,ERR,ERR,ERR,ERR,ERR,ERR,ERR,ERR,ERR,ERR,ERR,ERR,ERR,ERR,ERR,ERR,ERR,ERR,ERR,ERR,ERR,ERR,ERR,ERR,ERR,ERR,ERR,ERR,ERR,ERR,ERR,ERR,ERR,ERR,ERR,ERR,ERR,ERR,ERR,ERR,ERR,ERR,ERR,ERR,ERR,ERR,ERR,ERR,ERR,ERR,ERR,34.0,80.0,35,0.0,0.0,0.0,0.0,0.0,0.0,0.0,0.0,0.0,0.0,0.0,0.0,0.0,0.0,0.0,0.0,66.4,0,120,58,53,65476,0,300,0,0,8,20529,65476,0,0,57672,80.0,0.0,0.0,0.0,0.0,0.0
2026-06-18T02:34:01,ERR,ERR,ERR,ERR,ERR,ERR,ERR,ERR,ERR,ERR,ERR,ERR,ERR,ERR,ERR,ERR,ERR,ERR,ERR,ERR,ERR,ERR,ERR,ERR,ERR,ERR,ERR,ERR,ERR,ERR,ERR,ERR,ERR,ERR,ERR,ERR,ERR,ERR,ERR,ERR,ERR,ERR,ERR,ERR,ERR,ERR,ERR,ERR,ERR,ERR,ERR,ERR,ERR,ERR,ERR,ERR,ERR,ERR,ERR,ERR,ERR,ERR,ERR,ERR,ERR,ERR,ERR,ERR,ERR,ERR,ERR,ERR,ERR,ERR,ERR,ERR,ERR,ERR,ERR,ERR,ERR,ERR,ERR,ERR,ERR,ERR,ERR,ERR,ERR,ERR,ERR,ERR,ERR,ERR,ERR,ERR,ERR,ERR,ERR,ERR,ERR,ERR,ERR,ERR,ERR,ERR,ERR,ERR,ERR,ERR,ERR,ERR,ERR,ERR,ERR,ERR,ERR,ERR,ERR,ERR,ERR,ERR,ERR,ERR,ERR,2.7184312818759872e+23,0.0,-0.0,-0.0,nan,1.3936040501711995e+18,7.805,1.182,0,0,4,48924,6720,14723890282496.0,100,0.0,0.0,0.0,-4.9501291711397626e+32,0.0,0,0,0,0,0.0,0,0,0,0,0,0,0,0,0,0,0,0,0,0,0,0,0,0,0,0,0,0,0,0,0,0,0,0,0,0,0,0,0,26,51,50,76,65476,0,300,0,0,8,21553,0.0,-107605600.0,0.0,0.0,0.0,0.0,0.0,0.0,0.0,0.0,0.0,0.0,0.0,0.0,0.0,0.0,0.0,0.0,0.0,0.0,0.0,0.0,-2.004,2.004,-2.004,0.0,0.0,0.0,0.0,0.0,4779.0,2.422985886919649e+24,7277.0,2.7184312818759872e+23,0.0,-0.0,-107615392.0,0.0,0.0,0.0,0.0,77,0.0,0.059,0.0,0.0,0.0,0.0,0.0,0.0,0.0,0,0,0,0.0,0.0,0.0,0.0,0.0,0.0,0.0,0.0,0.0,0.0,0.0,0.0,0.0,0.0,0.0,0.0,0,-107875648.0,77,0.0,154,0.0,0.0,ERR,ERR,ERR,ERR,ERR,ERR,ERR,ERR,ERR,ERR,ERR,ERR,ERR,ERR,ERR,ERR,ERR,ERR,ERR,ERR,ERR,ERR,ERR,ERR,ERR,ERR,ERR,ERR,ERR,ERR,ERR,ERR,ERR,ERR,ERR,ERR,ERR,ERR,ERR,ERR,ERR,ERR,ERR,ERR,ERR,ERR,ERR,ERR,ERR,ERR,ERR,ERR,ERR,ERR,ERR,ERR,ERR,ERR,ERR,ERR,ERR,ERR,ERR,ERR,ERR,ERR,ERR,34.0,80.0,35,0.0,0.0,0.0,0.0,0.0,0.0,0.0,0.0,0.0,0.0,0.0,0.0,0.0,0.0,0.0,0.0,66.4,0,120,58,53,65476,0,300,0,0,8,20529,65476,0,0,57672,80.0,0.0,0.0,0.0,0.0,0.0
2026-06-18T02:34:02,ERR,ERR,ERR,ERR,ERR,ERR,ERR,ERR,ERR,ERR,ERR,ERR,ERR,ERR,ERR,ERR,ERR,ERR,ERR,ERR,ERR,ERR,ERR,ERR,ERR,ERR,ERR,ERR,ERR,ERR,ERR,ERR,ERR,ERR,ERR,ERR,ERR,ERR,ERR,ERR,ERR,ERR,ERR,ERR,ERR,ERR,ERR,ERR,ERR,ERR,ERR,ERR,ERR,ERR,ERR,ERR,ERR,ERR,ERR,ERR,ERR,ERR,ERR,ERR,ERR,ERR,ERR,ERR,ERR,ERR,ERR,ERR,ERR,ERR,ERR,ERR,ERR,ERR,ERR,ERR,ERR,ERR,ERR,ERR,ERR,ERR,ERR,ERR,ERR,ERR,ERR,ERR,ERR,ERR,ERR,ERR,ERR,ERR,ERR,ERR,ERR,ERR,ERR,ERR,ERR,ERR,ERR,ERR,ERR,ERR,ERR,ERR,ERR,ERR,ERR,ERR,ERR,ERR,ERR,ERR,ERR,ERR,ERR,ERR,ERR,2.7184312818759872e+23,0.0,-0.0,-0.0,nan,1.3936040501711995e+18,7.805,1.182,0,0,4,48924,6720,14723890282496.0,100,0.0,0.0,0.0,-4.9501291711397626e+32,0.0,0,0,0,0,0.0,0,0,0,0,0,0,0,0,0,0,0,0,0,0,0,0,0,0,0,0,0,0,0,0,0,0,0,0,0,0,0,0,0,26,51,50,76,65476,0,300,0,0,8,21553,0.0,-107605600.0,0.0,0.0,0.0,0.0,0.0,0.0,0.0,0.0,0.0,0.0,0.0,0.0,0.0,0.0,0.0,0.0,0.0,0.0,0.0,0.0,-2.004,2.004,-2.004,0.0,0.0,0.0,0.0,0.0,4779.0,2.422985886919649e+24,7277.0,2.7184312818759872e+23,0.0,-0.0,-107615392.0,0.0,0.0,0.0,0.0,77,0.0,0.059,0.0,0.0,0.0,0.0,0.0,0.0,0.0,0,0,0,0.0,0.0,0.0,0.0,0.0,0.0,0.0,0.0,0.0,0.0,0.0,0.0,0.0,0.0,0.0,0.0,0,-107875648.0,77,0.0,154,0.0,0.0,ERR,ERR,ERR,ERR,ERR,ERR,ERR,ERR,ERR,ERR,ERR,ERR,ERR,ERR,ERR,ERR,ERR,ERR,ERR,ERR,ERR,ERR,ERR,ERR,ERR,ERR,ERR,ERR,ERR,ERR,ERR,ERR,ERR,ERR,ERR,ERR,ERR,ERR,ERR,ERR,ERR,ERR,ERR,ERR,ERR,ERR,ERR,ERR,ERR,ERR,ERR,ERR,ERR,ERR,ERR,ERR,ERR,ERR,ERR,ERR,ERR,ERR,ERR,ERR,ERR,ERR,ERR,34.0,80.0,35,0.0,0.0,0.0,0.0,0.0,0.0,0.0,0.0,0.0,0.0,0.0,0.0,0.0,0.0,0.0,0.0,65.6,0,120,58,53,65476,0,300,0,0,8,20529,65476,0,0,57672,80.0,0.0,0.0,0.0,0.0,0.0
2026-06-18T02:34:03,ERR,ERR,ERR,ERR,ERR,ERR,ERR,ERR,ERR,ERR,ERR,ERR,ERR,ERR,ERR,ERR,ERR,ERR,ERR,ERR,ERR,ERR,ERR,ERR,ERR,ERR,ERR,ERR,ERR,ERR,ERR,ERR,ERR,ERR,ERR,ERR,ERR,ERR,ERR,ERR,ERR,ERR,ERR,ERR,ERR,ERR,ERR,ERR,ERR,ERR,ERR,ERR,ERR,ERR,ERR,ERR,ERR,ERR,ERR,ERR,ERR,ERR,ERR,ERR,ERR,ERR,ERR,ERR,ERR,ERR,ERR,ERR,ERR,ERR,ERR,ERR,ERR,ERR,ERR,ERR,ERR,ERR,ERR,ERR,ERR,ERR,ERR,ERR,ERR,ERR,ERR,ERR,ERR,ERR,ERR,ERR,ERR,ERR,ERR,ERR,ERR,ERR,ERR,ERR,ERR,ERR,ERR,ERR,ERR,ERR,ERR,ERR,ERR,ERR,ERR,ERR,ERR,ERR,ERR,ERR,ERR,ERR,ERR,ERR,ERR,2.7184312818759872e+23,0.0,-0.0,-0.0,nan,1.3936040501711995e+18,7.805,1.182,0,0,4,48924,6720,14723890282496.0,100,0.0,0.0,0.0,-4.9501291711397626e+32,0.0,0,0,0,0,0.0,0,0,0,0,0,0,0,0,0,0,0,0,0,0,0,0,0,0,0,0,0,0,0,0,0,0,0,0,0,0,0,0,0,26,51,50,76,65476,0,300,0,0,8,21553,0.0,-107605600.0,0.0,0.0,0.0,0.0,0.0,0.0,0.0,0.0,0.0,0.0,0.0,0.0,0.0,0.0,0.0,0.0,0.0,0.0,0.0,0.0,-2.004,2.004,-2.004,0.0,0.0,0.0,0.0,0.0,4779.0,2.422985886919649e+24,7277.0,2.7184312818759872e+23,0.0,-0.0,-107615392.0,0.0,0.0,0.0,0.0,77,0.0,0.059,0.0,0.0,0.0,0.0,0.0,0.0,0.0,0,0,0,0.0,0.0,0.0,0.0,0.0,0.0,0.0,0.0,0.0,0.0,0.0,0.0,0.0,0.0,0.0,0.0,0,-107875648.0,77,0.0,154,0.0,0.0,ERR,ERR,ERR,ERR,ERR,ERR,ERR,ERR,ERR,ERR,ERR,ERR,ERR,ERR,ERR,ERR,ERR,ERR,ERR,ERR,ERR,ERR,ERR,ERR,ERR,ERR,ERR,ERR,ERR,ERR,ERR,ERR,ERR,ERR,ERR,ERR,ERR,ERR,ERR,ERR,ERR,ERR,ERR,ERR,ERR,ERR,ERR,ERR,ERR,ERR,ERR,ERR,ERR,ERR,ERR,ERR,ERR,ERR,ERR,ERR,ERR,ERR,ERR,ERR,ERR,ERR,ERR,34.0,80.0,35,0.0,0.0,0.0,0.0,0.0,0.0,0.0,0.0,0.0,0.0,0.0,0.0,0.0,0.0,0.0,0.0,65.6,0,120,58,53,65476,0,300,0,0,8,20529,65476,0,0,57672,80.0,0.0,0.0,0.0,0.0,0.0
2026-06-18T02:34:04,ERR,ERR,ERR,ERR,ERR,ERR,ERR,ERR,ERR,ERR,ERR,ERR,ERR,ERR,ERR,ERR,ERR,ERR,ERR,ERR,ERR,ERR,ERR,ERR,ERR,ERR,ERR,ERR,ERR,ERR,ERR,ERR,ERR,ERR,ERR,ERR,ERR,ERR,ERR,ERR,ERR,ERR,ERR,ERR,ERR,ERR,ERR,ERR,ERR,ERR,ERR,ERR,ERR,ERR,ERR,ERR,ERR,ERR,ERR,ERR,ERR,ERR,ERR,ERR,ERR,ERR,ERR,ERR,ERR,ERR,ERR,ERR,ERR,ERR,ERR,ERR,ERR,ERR,ERR,ERR,ERR,ERR,ERR,ERR,ERR,ERR,ERR,ERR,ERR,ERR,ERR,ERR,ERR,ERR,ERR,ERR,ERR,ERR,ERR,ERR,ERR,ERR,ERR,ERR,ERR,ERR,ERR,ERR,ERR,ERR,ERR,ERR,ERR,ERR,ERR,ERR,ERR,ERR,ERR,ERR,ERR,ERR,ERR,ERR,ERR,2.7184312818759872e+23,0.0,-0.0,2.718290229135658e+23,nan,1.3936040501711995e+18,7.805,-12113.15,0,0,4,48926,6720,14723890282496.0,100,0.0,0.0,0.0,-0.0,0.0,0,0,0,0,0.0,0,0,0,0,0,0,0,0,0,0,0,0,0,0,0,0,0,0,0,0,0,0,0,0,0,0,0,0,0,0,0,0,0,26,51,50,76,65476,0,300,0,0,8,21553,0.0,-107605600.0,0.0,0.0,0.0,0.0,0.0,0.0,0.0,0.0,0.0,0.0,0.0,0.0,0.0,0.0,0.0,0.0,0.0,0.0,0.0,0.0,-2.004,2.004,-2.004,0.0,0.0,0.0,0.0,0.0,4778.0,8608175104.0,7274.0,2.7184312818759872e+23,0.0,-0.0,-107615392.0,0.0,0.0,0.0,0.0,77,0.0,0.0,0.0,0.0,0.0,0.0,0.0,0.0,0.0,0,0,0,0.0,0.0,0.0,0.0,0.0,0.0,0.0,0.0,0.0,0.0,0.0,0.0,0.0,0.0,0.0,0.0,0,-107875648.0,77,0.0,154,0.0,0.0,ERR,ERR,ERR,ERR,ERR,ERR,ERR,ERR,ERR,ERR,ERR,ERR,ERR,ERR,ERR,ERR,ERR,ERR,ERR,ERR,ERR,ERR,ERR,ERR,ERR,ERR,ERR,ERR,ERR,ERR,ERR,ERR,ERR,ERR,ERR,ERR,ERR,ERR,ERR,ERR,ERR,ERR,ERR,ERR,ERR,ERR,ERR,ERR,ERR,ERR,ERR,ERR,ERR,ERR,ERR,ERR,ERR,ERR,ERR,ERR,ERR,ERR,ERR,ERR,ERR,ERR,ERR,34.0,80.0,35,0.0,0.0,0.0,0.0,0.0,0.0,0.0,0.0,0.0,0.0,0.0,0.0,0.0,0.0,0.0,0.0,66.4,0,120,58,53,65476,0,300,0,0,8,20529,65476,0,0,57672,80.0,0.0,0.0,0.0,0.0,0.0
2026-06-18T02:34:05,ERR,ERR,ERR,ERR,ERR,ERR,ERR,ERR,ERR,ERR,ERR,ERR,ERR,ERR,ERR,ERR,ERR,ERR,ERR,ERR,ERR,ERR,ERR,ERR,ERR,ERR,ERR,ERR,ERR,ERR,ERR,ERR,ERR,ERR,ERR,ERR,ERR,ERR,ERR,ERR,ERR,ERR,ERR,ERR,ERR,ERR,ERR,ERR,ERR,ERR,ERR,ERR,ERR,ERR,ERR,ERR,ERR,ERR,ERR,ERR,ERR,ERR,ERR,ERR,ERR,ERR,ERR,ERR,ERR,ERR,ERR,ERR,ERR,ERR,ERR,ERR,ERR,ERR,ERR,ERR,ERR,ERR,ERR,ERR,ERR,ERR,ERR,ERR,ERR,ERR,ERR,ERR,ERR,ERR,ERR,ERR,ERR,ERR,ERR,ERR,ERR,ERR,ERR,ERR,ERR,ERR,ERR,ERR,ERR,ERR,ERR,ERR,ERR,ERR,ERR,ERR,ERR,ERR,ERR,ERR,ERR,ERR,ERR,ERR,ERR,2.7184312818759872e+23,0.0,-0.0,2.718290229135658e+23,nan,1.3936040501711995e+18,7.805,-12113.15,0,0,4,48926,6720,14723890282496.0,100,0.0,0.0,0.0,-0.0,0.0,0,0,0,0,0.0,0,0,0,0,0,0,0,0,0,0,0,0,0,0,0,0,0,0,0,0,0,0,0,0,0,0,0,0,0,0,0,0,0,26,51,50,76,65476,0,300,0,0,8,21553,0.0,-107605600.0,0.0,0.0,0.0,0.0,0.0,0.0,0.0,0.0,0.0,0.0,0.0,0.0,0.0,0.0,0.0,0.0,0.0,0.0,0.0,0.0,-2.004,2.004,-2.004,0.0,0.0,0.0,0.0,0.0,4778.0,8608175104.0,7274.0,2.7184312818759872e+23,0.0,-0.0,-107615392.0,0.0,0.0,0.0,0.0,77,0.0,0.0,0.0,0.0,0.0,0.0,0.0,0.0,0.0,0,0,0,0.0,0.0,0.0,0.0,0.0,0.0,0.0,0.0,0.0,0.0,0.0,0.0,0.0,0.0,0.0,0.0,0,-107875648.0,77,0.0,154,0.0,0.0,ERR,ERR,ERR,ERR,ERR,ERR,ERR,ERR,ERR,ERR,ERR,ERR,ERR,ERR,ERR,ERR,ERR,ERR,ERR,ERR,ERR,ERR,ERR,ERR,ERR,ERR,ERR,ERR,ERR,ERR,ERR,ERR,ERR,ERR,ERR,ERR,ERR,ERR,ERR,ERR,ERR,ERR,ERR,ERR,ERR,ERR,ERR,ERR,ERR,ERR,ERR,ERR,ERR,ERR,ERR,ERR,ERR,ERR,ERR,ERR,ERR,ERR,ERR,ERR,ERR,ERR,ERR,34.0,80.0,35,0.0,0.0,0.0,0.0,0.0,0.0,0.0,0.0,0.0,0.0,0.0,0.0,0.0,0.0,0.0,0.0,66.4,0,120,58,53,65476,0,300,0,0,8,20529,65476,0,0,57672,80.0,0.0,0.0,0.0,0.0,0.0
2026-06-18T02:34:06,ERR,ERR,ERR,ERR,ERR,ERR,ERR,ERR,ERR,ERR,ERR,ERR,ERR,ERR,ERR,ERR,ERR,ERR,ERR,ERR,ERR,ERR,ERR,ERR,ERR,ERR,ERR,ERR,ERR,ERR,ERR,ERR,ERR,ERR,ERR,ERR,ERR,ERR,ERR,ERR,ERR,ERR,ERR,ERR,ERR,ERR,ERR,ERR,ERR,ERR,ERR,ERR,ERR,ERR,ERR,ERR,ERR,ERR,ERR,ERR,ERR,ERR,ERR,ERR,ERR,ERR,ERR,ERR,ERR,ERR,ERR,ERR,ERR,ERR,ERR,ERR,ERR,ERR,ERR,ERR,ERR,ERR,ERR,ERR,ERR,ERR,ERR,ERR,ERR,ERR,ERR,ERR,ERR,ERR,ERR,ERR,ERR,ERR,ERR,ERR,ERR,ERR,ERR,ERR,ERR,ERR,ERR,ERR,ERR,ERR,ERR,ERR,ERR,ERR,ERR,ERR,ERR,ERR,ERR,ERR,ERR,ERR,ERR,ERR,ERR,2.7184312818759872e+23,0.0,-0.0,2.718290229135658e+23,nan,1.3936040501711995e+18,7.805,-12113.15,0,0,4,48926,6720,14723890282496.0,100,0.0,0.0,0.0,-0.0,0.0,0,0,0,0,0.0,0,0,0,0,0,0,0,0,0,0,0,0,0,0,0,0,0,0,0,0,0,0,0,0,0,0,0,0,0,0,0,0,0,26,51,50,76,65476,0,300,0,0,8,21553,0.0,-107605600.0,0.0,0.0,0.0,0.0,0.0,0.0,0.0,0.0,0.0,0.0,0.0,0.0,0.0,0.0,0.0,0.0,0.0,0.0,0.0,0.0,-2.004,2.004,-2.004,0.0,0.0,0.0,0.0,0.0,4778.0,8608175104.0,7274.0,2.7184312818759872e+23,0.0,-0.0,-107615392.0,0.0,0.0,0.0,0.0,77,0.0,0.0,0.0,0.0,0.0,0.0,0.0,0.0,0.0,0,0,0,0.0,0.0,0.0,0.0,0.0,0.0,0.0,0.0,0.0,0.0,0.0,0.0,0.0,0.0,0.0,0.0,0,-107875648.0,77,0.0,154,0.0,0.0,ERR,ERR,ERR,ERR,ERR,ERR,ERR,ERR,ERR,ERR,ERR,ERR,ERR,ERR,ERR,ERR,ERR,ERR,ERR,ERR,ERR,ERR,ERR,ERR,ERR,ERR,ERR,ERR,ERR,ERR,ERR,ERR,ERR,ERR,ERR,ERR,ERR,ERR,ERR,ERR,ERR,ERR,ERR,ERR,ERR,ERR,ERR,ERR,ERR,ERR,ERR,ERR,ERR,ERR,ERR,ERR,ERR,ERR,ERR,ERR,ERR,ERR,ERR,ERR,ERR,ERR,ERR,34.0,80.0,35,0.0,0.0,0.0,0.0,0.0,0.0,0.0,0.0,0.0,0.0,0.0,0.0,0.0,0.0,0.0,0.0,66.0,0,120,58,53,65476,0,300,0,0,8,20529,65476,0,0,57672,80.0,0.0,0.0,0.0,0.0,0.0
2026-06-18T02:34:07,ERR,ERR,ERR,ERR,ERR,ERR,ERR,ERR,ERR,ERR,ERR,ERR,ERR,ERR,ERR,ERR,ERR,ERR,ERR,ERR,ERR,ERR,ERR,ERR,ERR,ERR,ERR,ERR,ERR,ERR,ERR,ERR,ERR,ERR,ERR,ERR,ERR,ERR,ERR,ERR,ERR,ERR,ERR,ERR,ERR,ERR,ERR,ERR,ERR,ERR,ERR,ERR,ERR,ERR,ERR,ERR,ERR,ERR,ERR,ERR,ERR,ERR,ERR,ERR,ERR,ERR,ERR,ERR,ERR,ERR,ERR,ERR,ERR,ERR,ERR,ERR,ERR,ERR,ERR,ERR,ERR,ERR,ERR,ERR,ERR,ERR,ERR,ERR,ERR,ERR,ERR,ERR,ERR,ERR,ERR,ERR,ERR,ERR,ERR,ERR,ERR,ERR,ERR,ERR,ERR,ERR,ERR,ERR,ERR,ERR,ERR,ERR,ERR,ERR,ERR,ERR,ERR,ERR,ERR,ERR,ERR,ERR,ERR,ERR,ERR,2.7184312818759872e+23,0.0,-0.0,2.718290229135658e+23,nan,1.3936040501711995e+18,7.805,-12113.15,0,0,4,48926,6720,14723890282496.0,100,0.0,0.0,0.0,-0.0,0.0,0,0,0,0,0.0,0,0,0,0,0,0,0,0,0,0,0,0,0,0,0,0,0,0,0,0,0,0,0,0,0,0,0,0,0,0,0,0,0,26,51,50,76,65476,0,300,0,0,8,21553,0.0,-107605600.0,0.0,0.0,0.0,0.0,0.0,0.0,0.0,0.0,0.0,0.0,0.0,0.0,0.0,0.0,0.0,0.0,0.0,0.0,0.0,0.0,-2.004,2.004,-2.004,0.0,0.0,0.0,0.0,0.0,4778.0,8608175104.0,7274.0,2.7184312818759872e+23,0.0,-0.0,-107615392.0,0.0,0.0,0.0,0.0,77,0.0,0.0,0.0,0.0,0.0,0.0,0.0,0.0,0.0,0,0,0,0.0,0.0,0.0,0.0,0.0,0.0,0.0,0.0,0.0,0.0,0.0,0.0,0.0,0.0,0.0,0.0,0,-107875648.0,77,0.0,154,0.0,0.0,ERR,ERR,ERR,ERR,ERR,ERR,ERR,ERR,ERR,ERR,ERR,ERR,ERR,ERR,ERR,ERR,ERR,ERR,ERR,ERR,ERR,ERR,ERR,ERR,ERR,ERR,ERR,ERR,ERR,ERR,ERR,ERR,ERR,ERR,ERR,ERR,ERR,ERR,ERR,ERR,ERR,ERR,ERR,ERR,ERR,ERR,ERR,ERR,ERR,ERR,ERR,ERR,ERR,ERR,ERR,ERR,ERR,ERR,ERR,ERR,ERR,ERR,ERR,ERR,ERR,ERR,ERR,34.0,80.0,35,0.0,0.0,0.0,0.0,0.0,0.0,0.0,0.0,0.0,0.0,0.0,0.0,0.0,0.0,0.0,0.0,66.0,0,120,58,53,65476,0,300,0,0,8,20529,65476,0,0,57672,80.0,0.0,0.0,0.0,0.0,0.0
2026-06-18T02:34:08,ERR,ERR,ERR,ERR,ERR,ERR,ERR,ERR,ERR,ERR,ERR,ERR,ERR,ERR,ERR,ERR,ERR,ERR,ERR,ERR,ERR,ERR,ERR,ERR,ERR,ERR,ERR,ERR,ERR,ERR,ERR,ERR,ERR,ERR,ERR,ERR,ERR,ERR,ERR,ERR,ERR,ERR,ERR,ERR,ERR,ERR,ERR,ERR,ERR,ERR,ERR,ERR,ERR,ERR,ERR,ERR,ERR,ERR,ERR,ERR,ERR,ERR,ERR,ERR,ERR,ERR,ERR,ERR,ERR,ERR,ERR,ERR,ERR,ERR,ERR,ERR,ERR,ERR,ERR,ERR,ERR,ERR,ERR,ERR,ERR,ERR,ERR,ERR,ERR,ERR,ERR,ERR,ERR,ERR,ERR,ERR,ERR,ERR,ERR,ERR,ERR,ERR,ERR,ERR,ERR,ERR,ERR,ERR,ERR,ERR,ERR,ERR,ERR,ERR,ERR,ERR,ERR,ERR,ERR,ERR,ERR,ERR,ERR,ERR,ERR,2.7184312818759872e+23,0.0,-0.0,2.718290229135658e+23,nan,1.3936040501711995e+18,7.805,-12113.15,0,0,4,48926,6720,14723890282496.0,100,0.0,0.0,0.0,-0.0,0.0,0,0,0,0,0.0,0,0,0,0,0,0,0,0,0,0,0,0,0,0,0,0,0,0,0,0,0,0,0,0,0,0,0,0,0,0,0,0,0,26,51,50,76,65476,0,300,0,0,8,21553,0.0,-107605600.0,0.0,0.0,0.0,0.0,0.0,0.0,0.0,0.0,0.0,0.0,0.0,0.0,0.0,0.0,0.0,0.0,0.0,0.0,0.0,0.0,-2.004,2.004,-2.004,0.0,0.0,0.0,0.0,0.0,4778.0,8608175104.0,7274.0,2.7184312818759872e+23,0.0,-0.0,-107615392.0,0.0,0.0,0.0,0.0,77,0.0,0.0,0.0,0.0,0.0,0.0,0.0,0.0,0.0,0,0,0,0.0,0.0,0.0,0.0,0.0,0.0,0.0,0.0,0.0,0.0,0.0,0.0,0.0,0.0,0.0,0.0,0,-107875648.0,77,0.0,154,0.0,0.0,ERR,ERR,ERR,ERR,ERR,ERR,ERR,ERR,ERR,ERR,ERR,ERR,ERR,ERR,ERR,ERR,ERR,ERR,ERR,ERR,ERR,ERR,ERR,ERR,ERR,ERR,ERR,ERR,ERR,ERR,ERR,ERR,ERR,ERR,ERR,ERR,ERR,ERR,ERR,ERR,ERR,ERR,ERR,ERR,ERR,ERR,ERR,ERR,ERR,ERR,ERR,ERR,ERR,ERR,ERR,ERR,ERR,ERR,ERR,ERR,ERR,ERR,ERR,ERR,ERR,ERR,ERR,34.0,80.0,35,0.0,0.0,0.0,0.0,0.0,0.0,0.0,0.0,0.0,0.0,0.0,0.0,0.0,0.0,0.0,0.0,66.0,0,120,58,53,65476,0,300,0,0,8,20529,65476,0,0,57672,80.0,0.0,0.0,0.0,0.0,0.0
2026-06-18T02:34:09,ERR,ERR,ERR,ERR,ERR,ERR,ERR,ERR,ERR,ERR,ERR,ERR,ERR,ERR,ERR,ERR,ERR,ERR,ERR,ERR,ERR,ERR,ERR,ERR,ERR,ERR,ERR,ERR,ERR,ERR,ERR,ERR,ERR,ERR,ERR,ERR,ERR,ERR,ERR,ERR,ERR,ERR,ERR,ERR,ERR,ERR,ERR,ERR,ERR,ERR,ERR,ERR,ERR,ERR,ERR,ERR,ERR,ERR,ERR,ERR,ERR,ERR,ERR,ERR,ERR,ERR,ERR,ERR,ERR,ERR,ERR,ERR,ERR,ERR,ERR,ERR,ERR,ERR,ERR,ERR,ERR,ERR,ERR,ERR,ERR,ERR,ERR,ERR,ERR,ERR,ERR,ERR,ERR,ERR,ERR,ERR,ERR,ERR,ERR,ERR,ERR,ERR,ERR,ERR,ERR,ERR,ERR,ERR,ERR,ERR,ERR,ERR,ERR,ERR,ERR,ERR,ERR,ERR,ERR,ERR,ERR,ERR,ERR,ERR,ERR,2.7184312818759872e+23,0.0,-0.0,0.059,nan,1.3936040501711995e+18,7.805,0.0,0,0,4,48927,6720,14723890282496.0,100,0.0,0.0,0.0,0.0,0.0,0,0,0,0,0.0,0,0,0,0,0,0,0,0,0,0,0,0,0,0,0,0,0,0,0,0,0,0,0,0,0,0,0,0,0,0,0,0,0,26,51,50,76,65476,0,300,0,0,8,21553,0.0,-107605600.0,0.0,0.0,0.0,0.0,0.0,0.0,0.0,0.0,0.0,0.0,0.0,0.0,0.0,0.0,0.0,0.0,0.0,0.0,0.0,0.0,-2.004,2.004,-2.004,0.0,0.0,0.0,0.0,0.0,4782.0,1.587928030851661e+29,7278.0,2.7184312818759872e+23,0.0,-0.0,-107615392.0,0.0,0.0,0.0,0.0,77,89221.125,89220.492,0.0,0.0,0.0,0.0,0.0,0.0,0.0,0,0,0,0.0,0.0,0.0,0.0,0.0,0.0,0.0,0.0,0.0,0.0,0.0,0.0,0.0,0.0,0.0,0.0,0,-107875648.0,77,0.0,154,0.0,0.0,ERR,ERR,ERR,ERR,ERR,ERR,ERR,ERR,ERR,ERR,ERR,ERR,ERR,ERR,ERR,ERR,ERR,ERR,ERR,ERR,ERR,ERR,ERR,ERR,ERR,ERR,ERR,ERR,ERR,ERR,ERR,ERR,ERR,ERR,ERR,ERR,ERR,ERR,ERR,ERR,ERR,ERR,ERR,ERR,ERR,ERR,ERR,ERR,ERR,ERR,ERR,ERR,ERR,ERR,ERR,ERR,ERR,ERR,ERR,ERR,ERR,ERR,ERR,ERR,ERR,ERR,ERR,34.0,80.0,35,0.0,0.0,0.0,0.0,0.0,0.0,0.0,0.0,0.0,0.0,0.0,0.0,0.0,0.0,0.0,0.0,65.6,0,120,58,53,65476,0,300,0,0,8,20529,65476,0,0,57672,80.0,0.0,0.0,0.0,0.0,0.0
2026-06-18T02:34:10,ERR,ERR,ERR,ERR,ERR,ERR,ERR,ERR,ERR,ERR,ERR,ERR,ERR,ERR,ERR,ERR,ERR,ERR,ERR,ERR,ERR,ERR,ERR,ERR,ERR,ERR,ERR,ERR,ERR,ERR,ERR,ERR,ERR,ERR,ERR,ERR,ERR,ERR,ERR,ERR,ERR,ERR,ERR,ERR,ERR,ERR,ERR,ERR,ERR,ERR,ERR,ERR,ERR,ERR,ERR,ERR,ERR,ERR,ERR,ERR,ERR,ERR,ERR,ERR,ERR,ERR,ERR,ERR,ERR,ERR,ERR,ERR,ERR,ERR,ERR,ERR,ERR,ERR,ERR,ERR,ERR,ERR,ERR,ERR,ERR,ERR,ERR,ERR,ERR,ERR,ERR,ERR,ERR,ERR,ERR,ERR,ERR,ERR,ERR,ERR,ERR,ERR,ERR,ERR,ERR,ERR,ERR,ERR,ERR,ERR,ERR,ERR,ERR,ERR,ERR,ERR,ERR,ERR,ERR,ERR,ERR,ERR,ERR,ERR,ERR,2.7184312818759872e+23,0.0,-0.0,0.059,nan,1.3936040501711995e+18,7.805,0.0,0,0,4,48927,6720,14723890282496.0,100,0.0,0.0,0.0,0.0,0.0,0,0,0,0,0.0,0,0,0,0,0,0,0,0,0,0,0,0,0,0,0,0,0,0,0,0,0,0,0,0,0,0,0,0,0,0,0,0,0,26,51,50,76,65476,0,300,0,0,8,21553,0.0,-107605600.0,0.0,0.0,0.0,0.0,0.0,0.0,0.0,0.0,0.0,0.0,0.0,0.0,0.0,0.0,0.0,0.0,0.0,0.0,0.0,0.0,-2.004,2.004,-2.004,0.0,0.0,0.0,0.0,0.0,4782.0,1.587928030851661e+29,7278.0,2.7184312818759872e+23,0.0,-0.0,-107615392.0,0.0,0.0,0.0,0.0,77,89221.125,89220.492,0.0,0.0,0.0,0.0,0.0,0.0,0.0,0,0,0,0.0,0.0,0.0,0.0,0.0,0.0,0.0,0.0,0.0,0.0,0.0,0.0,0.0,0.0,0.0,0.0,0,-107875648.0,77,0.0,154,0.0,0.0,ERR,ERR,ERR,ERR,ERR,ERR,ERR,ERR,ERR,ERR,ERR,ERR,ERR,ERR,ERR,ERR,ERR,ERR,ERR,ERR,ERR,ERR,ERR,ERR,ERR,ERR,ERR,ERR,ERR,ERR,ERR,ERR,ERR,ERR,ERR,ERR,ERR,ERR,ERR,ERR,ERR,ERR,ERR,ERR,ERR,ERR,ERR,ERR,ERR,ERR,ERR,ERR,ERR,ERR,ERR,ERR,ERR,ERR,ERR,ERR,ERR,ERR,ERR,ERR,ERR,ERR,ERR,34.0,80.0,35,0.0,0.0,0.0,0.0,0.0,0.0,0.0,0.0,0.0,0.0,0.0,0.0,0.0,0.0,0.0,0.0,65.6,0,120,58,53,65476,0,300,0,0,8,20529,65476,0,0,57672,80.0,0.0,0.0,0.0,0.0,0.0
2026-06-18T02:34:11,ERR,ERR,ERR,ERR,ERR,ERR,ERR,ERR,ERR,ERR,ERR,ERR,ERR,ERR,ERR,ERR,ERR,ERR,ERR,ERR,ERR,ERR,ERR,ERR,ERR,ERR,ERR,ERR,ERR,ERR,ERR,ERR,ERR,ERR,ERR,ERR,ERR,ERR,ERR,ERR,ERR,ERR,ERR,ERR,ERR,ERR,ERR,ERR,ERR,ERR,ERR,ERR,ERR,ERR,ERR,ERR,ERR,ERR,ERR,ERR,ERR,ERR,ERR,ERR,ERR,ERR,ERR,ERR,ERR,ERR,ERR,ERR,ERR,ERR,ERR,ERR,ERR,ERR,ERR,ERR,ERR,ERR,ERR,ERR,ERR,ERR,ERR,ERR,ERR,ERR,ERR,ERR,ERR,ERR,ERR,ERR,ERR,ERR,ERR,ERR,ERR,ERR,ERR,ERR,ERR,ERR,ERR,ERR,ERR,ERR,ERR,ERR,ERR,ERR,ERR,ERR,ERR,ERR,ERR,ERR,ERR,ERR,ERR,ERR,ERR,2.7184312818759872e+23,0.0,-0.0,0.059,nan,1.3936040501711995e+18,7.805,0.0,0,0,4,48927,6720,14723890282496.0,100,0.0,0.0,0.0,0.0,0.0,0,0,0,0,0.0,0,0,0,0,0,0,0,0,0,0,0,0,0,0,0,0,0,0,0,0,0,0,0,0,0,0,0,0,0,0,0,0,0,26,51,50,76,65476,0,300,0,0,8,21553,0.0,-107605600.0,0.0,0.0,0.0,0.0,0.0,0.0,0.0,0.0,0.0,0.0,0.0,0.0,0.0,0.0,0.0,0.0,0.0,0.0,0.0,0.0,-2.004,2.004,-2.004,0.0,0.0,0.0,0.0,0.0,4782.0,1.587928030851661e+29,7278.0,2.7184312818759872e+23,0.0,-0.0,-107615392.0,0.0,0.0,0.0,0.0,77,89221.125,89220.492,0.0,0.0,0.0,0.0,0.0,0.0,0.0,0,0,0,0.0,0.0,0.0,0.0,0.0,0.0,0.0,0.0,0.0,0.0,0.0,0.0,0.0,0.0,0.0,0.0,0,-107875648.0,77,0.0,154,0.0,0.0,ERR,ERR,ERR,ERR,ERR,ERR,ERR,ERR,ERR,ERR,ERR,ERR,ERR,ERR,ERR,ERR,ERR,ERR,ERR,ERR,ERR,ERR,ERR,ERR,ERR,ERR,ERR,ERR,ERR,ERR,ERR,ERR,ERR,ERR,ERR,ERR,ERR,ERR,ERR,ERR,ERR,ERR,ERR,ERR,ERR,ERR,ERR,ERR,ERR,ERR,ERR,ERR,ERR,ERR,ERR,ERR,ERR,ERR,ERR,ERR,ERR,ERR,ERR,ERR,ERR,ERR,ERR,34.0,80.0,35,0.0,0.0,0.0,0.0,0.0,0.0,0.0,0.0,0.0,0.0,0.0,0.0,0.0,0.0,0.0,0.0,66.0,0,120,58,53,65476,0,300,0,0,8,20529,65476,0,0,57672,80.0,0.0,0.0,0.0,0.0,0.0
2026-06-18T02:34:12,ERR,ERR,ERR,ERR,ERR,ERR,ERR,ERR,ERR,ERR,ERR,ERR,ERR,ERR,ERR,ERR,ERR,ERR,ERR,ERR,ERR,ERR,ERR,ERR,ERR,ERR,ERR,ERR,ERR,ERR,ERR,ERR,ERR,ERR,ERR,ERR,ERR,ERR,ERR,ERR,ERR,ERR,ERR,ERR,ERR,ERR,ERR,ERR,ERR,ERR,ERR,ERR,ERR,ERR,ERR,ERR,ERR,ERR,ERR,ERR,ERR,ERR,ERR,ERR,ERR,ERR,ERR,ERR,ERR,ERR,ERR,ERR,ERR,ERR,ERR,ERR,ERR,ERR,ERR,ERR,ERR,ERR,ERR,ERR,ERR,ERR,ERR,ERR,ERR,ERR,ERR,ERR,ERR,ERR,ERR,ERR,ERR,ERR,ERR,ERR,ERR,ERR,ERR,ERR,ERR,ERR,ERR,ERR,ERR,ERR,ERR,ERR,ERR,ERR,ERR,ERR,ERR,ERR,ERR,ERR,ERR,ERR,ERR,ERR,ERR,2.7184312818759872e+23,0.0,-0.0,0.059,nan,1.3936040501711995e+18,7.805,0.0,0,0,4,48927,6720,14723890282496.0,100,0.0,0.0,0.0,0.0,0.0,0,0,0,0,0.0,0,0,0,0,0,0,0,0,0,0,0,0,0,0,0,0,0,0,0,0,0,0,0,0,0,0,0,0,0,0,0,0,0,26,51,50,76,65476,0,300,0,0,8,21553,0.0,-107605600.0,0.0,0.0,0.0,0.0,0.0,0.0,0.0,0.0,0.0,0.0,0.0,0.0,0.0,0.0,0.0,0.0,0.0,0.0,0.0,0.0,-2.004,2.004,-2.004,0.0,0.0,0.0,0.0,0.0,4782.0,1.587928030851661e+29,7278.0,2.7184312818759872e+23,0.0,-0.0,-107615392.0,0.0,0.0,0.0,0.0,77,89221.125,89220.492,0.0,0.0,0.0,0.0,0.0,0.0,0.0,0,0,0,0.0,0.0,0.0,0.0,0.0,0.0,0.0,0.0,0.0,0.0,0.0,0.0,0.0,0.0,0.0,0.0,0,-107875648.0,77,0.0,154,0.0,0.0,ERR,ERR,ERR,ERR,ERR,ERR,ERR,ERR,ERR,ERR,ERR,ERR,ERR,ERR,ERR,ERR,ERR,ERR,ERR,ERR,ERR,ERR,ERR,ERR,ERR,ERR,ERR,ERR,ERR,ERR,ERR,ERR,ERR,ERR,ERR,ERR,ERR,ERR,ERR,ERR,ERR,ERR,ERR,ERR,ERR,ERR,ERR,ERR,ERR,ERR,ERR,ERR,ERR,ERR,ERR,ERR,ERR,ERR,ERR,ERR,ERR,ERR,ERR,ERR,ERR,ERR,ERR,34.0,80.0,35,0.0,0.0,0.0,0.0,0.0,0.0,0.0,0.0,0.0,0.0,0.0,0.0,0.0,0.0,0.0,0.0,66.0,0,120,58,53,65476,0,300,0,0,8,20529,65476,0,0,57672,80.0,0.0,0.0,0.0,0.0,0.0
2026-06-18T02:34:13,ERR,ERR,ERR,ERR,ERR,ERR,ERR,ERR,ERR,ERR,ERR,ERR,ERR,ERR,ERR,ERR,ERR,ERR,ERR,ERR,ERR,ERR,ERR,ERR,ERR,ERR,ERR,ERR,ERR,ERR,ERR,ERR,ERR,ERR,ERR,ERR,ERR,ERR,ERR,ERR,ERR,ERR,ERR,ERR,ERR,ERR,ERR,ERR,ERR,ERR,ERR,ERR,ERR,ERR,ERR,ERR,ERR,ERR,ERR,ERR,ERR,ERR,ERR,ERR,ERR,ERR,ERR,ERR,ERR,ERR,ERR,ERR,ERR,ERR,ERR,ERR,ERR,ERR,ERR,ERR,ERR,ERR,ERR,ERR,ERR,ERR,ERR,ERR,ERR,ERR,ERR,ERR,ERR,ERR,ERR,ERR,ERR,ERR,ERR,ERR,ERR,ERR,ERR,ERR,ERR,ERR,ERR,ERR,ERR,ERR,ERR,ERR,ERR,ERR,ERR,ERR,ERR,ERR,ERR,ERR,ERR,ERR,ERR,ERR,ERR,2.7184312818759872e+23,0.0,-0.0,0.059,nan,1.3936040501711995e+18,7.805,0.0,0,0,4,48927,6720,14723890282496.0,100,0.0,0.0,0.0,0.0,0.0,0,0,0,0,0.0,0,0,0,0,0,0,0,0,0,0,0,0,0,0,0,0,0,0,0,0,0,0,0,0,0,0,0,0,0,0,0,0,0,26,51,50,76,65476,0,300,0,0,8,21553,0.0,-107605600.0,0.0,0.0,0.0,0.0,0.0,0.0,0.0,0.0,0.0,0.0,0.0,0.0,0.0,0.0,0.0,0.0,0.0,0.0,0.0,0.0,-2.004,2.004,-2.004,0.0,0.0,0.0,0.0,0.0,4782.0,1.587928030851661e+29,7278.0,2.7184312818759872e+23,0.0,-0.0,-107615392.0,0.0,0.0,0.0,0.0,77,89221.125,89220.492,0.0,0.0,0.0,0.0,0.0,0.0,0.0,0,0,0,0.0,0.0,0.0,0.0,0.0,0.0,0.0,0.0,0.0,0.0,0.0,0.0,0.0,0.0,0.0,0.0,0,-107875648.0,77,0.0,154,0.0,0.0,ERR,ERR,ERR,ERR,ERR,ERR,ERR,ERR,ERR,ERR,ERR,ERR,ERR,ERR,ERR,ERR,ERR,ERR,ERR,ERR,ERR,ERR,ERR,ERR,ERR,ERR,ERR,ERR,ERR,ERR,ERR,ERR,ERR,ERR,ERR,ERR,ERR,ERR,ERR,ERR,ERR,ERR,ERR,ERR,ERR,ERR,ERR,ERR,ERR,ERR,ERR,ERR,ERR,ERR,ERR,ERR,ERR,ERR,ERR,ERR,ERR,ERR,ERR,ERR,ERR,ERR,ERR,34.0,80.0,35,0.0,0.0,0.0,0.0,0.0,0.0,0.0,0.0,0.0,0.0,0.0,0.0,0.0,0.0,0.0,0.0,66.4,0,120,58,53,65476,0,300,0,0,8,20529,65476,0,0,57672,80.0,0.0,0.0,0.0,0.0,0.0
2026-06-18T02:34:14,ERR,ERR,ERR,ERR,ERR,ERR,ERR,ERR,ERR,ERR,ERR,ERR,ERR,ERR,ERR,ERR,ERR,ERR,ERR,ERR,ERR,ERR,ERR,ERR,ERR,ERR,ERR,ERR,ERR,ERR,ERR,ERR,ERR,ERR,ERR,ERR,ERR,ERR,ERR,ERR,ERR,ERR,ERR,ERR,ERR,ERR,ERR,ERR,ERR,ERR,ERR,ERR,ERR,ERR,ERR,ERR,ERR,ERR,ERR,ERR,ERR,ERR,ERR,ERR,ERR,ERR,ERR,ERR,ERR,ERR,ERR,ERR,ERR,ERR,ERR,ERR,ERR,ERR,ERR,ERR,ERR,ERR,ERR,ERR,ERR,ERR,ERR,ERR,ERR,ERR,ERR,ERR,ERR,ERR,ERR,ERR,ERR,ERR,ERR,ERR,ERR,ERR,ERR,ERR,ERR,ERR,ERR,ERR,ERR,ERR,ERR,ERR,ERR,ERR,ERR,ERR,ERR,ERR,ERR,ERR,ERR,ERR,ERR,ERR,ERR,2.7184312818759872e+23,0.0,-0.0,0.059,nan,1.3936040501711995e+18,7.805,0.0,0,0,4,48927,6720,14723890282496.0,100,0.0,0.0,0.0,0.0,0.0,0,0,0,0,0.0,0,0,0,0,0,0,0,0,0,0,0,0,0,0,0,0,0,0,0,0,0,0,0,0,0,0,0,0,0,0,0,0,0,26,51,50,76,65476,0,300,0,0,8,21553,0.0,-107605600.0,0.0,0.0,0.0,0.0,0.0,0.0,0.0,0.0,0.0,0.0,0.0,0.0,0.0,0.0,0.0,0.0,0.0,0.0,0.0,0.0,-2.004,2.004,-2.004,0.0,0.0,0.0,0.0,0.0,4782.0,1.587928030851661e+29,7278.0,2.7184312818759872e+23,0.0,-0.0,-107615392.0,0.0,0.0,0.0,0.0,77,89221.125,89220.492,0.0,0.0,0.0,0.0,0.0,0.0,0.0,0,0,0,0.0,0.0,0.0,0.0,0.0,0.0,0.0,0.0,0.0,0.0,0.0,0.0,0.0,0.0,0.0,0.0,0,-107875648.0,77,0.0,154,0.0,0.0,ERR,ERR,ERR,ERR,ERR,ERR,ERR,ERR,ERR,ERR,ERR,ERR,ERR,ERR,ERR,ERR,ERR,ERR,ERR,ERR,ERR,ERR,ERR,ERR,ERR,ERR,ERR,ERR,ERR,ERR,ERR,ERR,ERR,ERR,ERR,ERR,ERR,ERR,ERR,ERR,ERR,ERR,ERR,ERR,ERR,ERR,ERR,ERR,ERR,ERR,ERR,ERR,ERR,ERR,ERR,ERR,ERR,ERR,ERR,ERR,ERR,ERR,ERR,ERR,ERR,ERR,ERR,34.0,80.0,35,0.0,0.0,0.0,0.0,0.0,0.0,0.0,0.0,0.0,0.0,0.0,0.0,0.0,0.0,0.0,0.0,66.4,0,120,58,53,65476,0,300,0,0,8,20529,65476,0,0,57672,80.0,0.0,0.0,0.0,0.0,0.0
2026-06-18T02:34:15,ERR,ERR,ERR,ERR,ERR,ERR,ERR,ERR,ERR,ERR,ERR,ERR,ERR,ERR,ERR,ERR,ERR,ERR,ERR,ERR,ERR,ERR,ERR,ERR,ERR,ERR,ERR,ERR,ERR,ERR,ERR,ERR,ERR,ERR,ERR,ERR,ERR,ERR,ERR,ERR,ERR,ERR,ERR,ERR,ERR,ERR,ERR,ERR,ERR,ERR,ERR,ERR,ERR,ERR,ERR,ERR,ERR,ERR,ERR,ERR,ERR,ERR,ERR,ERR,ERR,ERR,ERR,ERR,ERR,ERR,ERR,ERR,ERR,ERR,ERR,ERR,ERR,ERR,ERR,ERR,ERR,ERR,ERR,ERR,ERR,ERR,ERR,ERR,ERR,ERR,ERR,ERR,ERR,ERR,ERR,ERR,ERR,ERR,ERR,ERR,ERR,ERR,ERR,ERR,ERR,ERR,ERR,ERR,ERR,ERR,ERR,ERR,ERR,ERR,ERR,ERR,ERR,ERR,ERR,ERR,ERR,ERR,ERR,ERR,ERR,2.7184312818759872e+23,0.0,-0.0,2.718290229135658e+23,nan,1.3936040501711995e+18,7.805,-12113.15,0,0,4,48929,6720,14723890282496.0,100,0.0,0.0,0.0,2.718290229135658e+23,0.0,0,0,0,0,0.0,0,0,0,0,0,0,0,0,0,0,0,0,0,0,0,0,0,0,0,0,0,0,0,0,0,0,0,0,0,0,0,0,0,26,51,50,76,65476,0,300,0,0,8,21553,0.0,-107605600.0,0.0,0.0,0.0,0.0,0.0,0.0,0.0,0.0,0.0,0.0,0.0,0.0,0.0,0.0,0.0,0.0,0.0,0.0,0.0,0.0,-2.004,2.004,-2.004,0.0,0.0,0.0,0.0,0.0,4780.0,-0.0,7281.0,2.7184312818759872e+23,0.0,-0.0,-107615392.0,0.0,0.0,0.0,0.0,77,0.059,2.718415789493269e+23,0.0,0.0,0.0,0.0,0.0,0.0,0.0,0,0,0,0.0,0.0,0.0,0.0,0.0,0.0,0.0,0.0,0.0,0.0,0.0,0.0,0.0,0.0,0.0,0.0,0,-107875648.0,77,0.0,154,0.0,0.0,ERR,ERR,ERR,ERR,ERR,ERR,ERR,ERR,ERR,ERR,ERR,ERR,ERR,ERR,ERR,ERR,ERR,ERR,ERR,ERR,ERR,ERR,ERR,ERR,ERR,ERR,ERR,ERR,ERR,ERR,ERR,ERR,ERR,ERR,ERR,ERR,ERR,ERR,ERR,ERR,ERR,ERR,ERR,ERR,ERR,ERR,ERR,ERR,ERR,ERR,ERR,ERR,ERR,ERR,ERR,ERR,ERR,ERR,ERR,ERR,ERR,ERR,ERR,ERR,ERR,ERR,ERR,34.0,80.0,35,0.0,0.0,0.0,0.0,0.0,0.0,0.0,0.0,0.0,0.0,0.0,0.0,0.0,0.0,0.0,0.0,66.4,0,120,58,53,65476,0,300,0,0,8,20529,65476,0,0,57672,80.0,0.0,0.0,0.0,0.0,0.0
2026-06-18T02:34:16,ERR,ERR,ERR,ERR,ERR,ERR,ERR,ERR,ERR,ERR,ERR,ERR,ERR,ERR,ERR,ERR,ERR,ERR,ERR,ERR,ERR,ERR,ERR,ERR,ERR,ERR,ERR,ERR,ERR,ERR,ERR,ERR,ERR,ERR,ERR,ERR,ERR,ERR,ERR,ERR,ERR,ERR,ERR,ERR,ERR,ERR,ERR,ERR,ERR,ERR,ERR,ERR,ERR,ERR,ERR,ERR,ERR,ERR,ERR,ERR,ERR,ERR,ERR,ERR,ERR,ERR,ERR,ERR,ERR,ERR,ERR,ERR,ERR,ERR,ERR,ERR,ERR,ERR,ERR,ERR,ERR,ERR,ERR,ERR,ERR,ERR,ERR,ERR,ERR,ERR,ERR,ERR,ERR,ERR,ERR,ERR,ERR,ERR,ERR,ERR,ERR,ERR,ERR,ERR,ERR,ERR,ERR,ERR,ERR,ERR,ERR,ERR,ERR,ERR,ERR,ERR,ERR,ERR,ERR,ERR,ERR,ERR,ERR,ERR,ERR,2.7184312818759872e+23,0.0,-0.0,2.718290229135658e+23,nan,1.3936040501711995e+18,7.805,-12113.15,0,0,4,48929,6720,14723890282496.0,100,0.0,0.0,0.0,2.718290229135658e+23,0.0,0,0,0,0,0.0,0,0,0,0,0,0,0,0,0,0,0,0,0,0,0,0,0,0,0,0,0,0,0,0,0,0,0,0,0,0,0,0,0,26,51,50,76,65476,0,300,0,0,8,21553,0.0,-107605600.0,0.0,0.0,0.0,0.0,0.0,0.0,0.0,0.0,0.0,0.0,0.0,0.0,0.0,0.0,0.0,0.0,0.0,0.0,0.0,0.0,-2.004,2.004,-2.004,0.0,0.0,0.0,0.0,0.0,4780.0,-0.0,7281.0,2.7184312818759872e+23,0.0,-0.0,-107615392.0,0.0,0.0,0.0,0.0,77,0.059,2.718415789493269e+23,0.0,0.0,0.0,0.0,0.0,0.0,0.0,0,0,0,0.0,0.0,0.0,0.0,0.0,0.0,0.0,0.0,0.0,0.0,0.0,0.0,0.0,0.0,0.0,0.0,0,-107875648.0,77,0.0,154,0.0,0.0,ERR,ERR,ERR,ERR,ERR,ERR,ERR,ERR,ERR,ERR,ERR,ERR,ERR,ERR,ERR,ERR,ERR,ERR,ERR,ERR,ERR,ERR,ERR,ERR,ERR,ERR,ERR,ERR,ERR,ERR,ERR,ERR,ERR,ERR,ERR,ERR,ERR,ERR,ERR,ERR,ERR,ERR,ERR,ERR,ERR,ERR,ERR,ERR,ERR,ERR,ERR,ERR,ERR,ERR,ERR,ERR,ERR,ERR,ERR,ERR,ERR,ERR,ERR,ERR,ERR,ERR,ERR,34.0,80.0,35,0.0,0.0,0.0,0.0,0.0,0.0,0.0,0.0,0.0,0.0,0.0,0.0,0.0,0.0,0.0,0.0,66.4,0,120,58,53,65476,0,300,0,0,8,20529,65476,0,0,57672,80.0,0.0,0.0,0.0,0.0,0.0
2026-06-18T02:34:17,ERR,ERR,ERR,ERR,ERR,ERR,ERR,ERR,ERR,ERR,ERR,ERR,ERR,ERR,ERR,ERR,ERR,ERR,ERR,ERR,ERR,ERR,ERR,ERR,ERR,ERR,ERR,ERR,ERR,ERR,ERR,ERR,ERR,ERR,ERR,ERR,ERR,ERR,ERR,ERR,ERR,ERR,ERR,ERR,ERR,ERR,ERR,ERR,ERR,ERR,ERR,ERR,ERR,ERR,ERR,ERR,ERR,ERR,ERR,ERR,ERR,ERR,ERR,ERR,ERR,ERR,ERR,ERR,ERR,ERR,ERR,ERR,ERR,ERR,ERR,ERR,ERR,ERR,ERR,ERR,ERR,ERR,ERR,ERR,ERR,ERR,ERR,ERR,ERR,ERR,ERR,ERR,ERR,ERR,ERR,ERR,ERR,ERR,ERR,ERR,ERR,ERR,ERR,ERR,ERR,ERR,ERR,ERR,ERR,ERR,ERR,ERR,ERR,ERR,ERR,ERR,ERR,ERR,ERR,ERR,ERR,ERR,ERR,ERR,ERR,2.7184312818759872e+23,0.0,-0.0,2.718290229135658e+23,nan,1.3936040501711995e+18,7.805,-12113.15,0,0,4,48929,6720,14723890282496.0,100,0.0,0.0,0.0,2.718290229135658e+23,0.0,0,0,0,0,0.0,0,0,0,0,0,0,0,0,0,0,0,0,0,0,0,0,0,0,0,0,0,0,0,0,0,0,0,0,0,0,0,0,0,26,51,50,76,65476,0,300,0,0,8,21553,0.0,-107605600.0,0.0,0.0,0.0,0.0,0.0,0.0,0.0,0.0,0.0,0.0,0.0,0.0,0.0,0.0,0.0,0.0,0.0,0.0,0.0,0.0,-2.004,2.004,-2.004,0.0,0.0,0.0,0.0,0.0,4780.0,-0.0,7281.0,2.7184312818759872e+23,0.0,-0.0,-107615392.0,0.0,0.0,0.0,0.0,77,0.059,2.718415789493269e+23,0.0,0.0,0.0,0.0,0.0,0.0,0.0,0,0,0,0.0,0.0,0.0,0.0,0.0,0.0,0.0,0.0,0.0,0.0,0.0,0.0,0.0,0.0,0.0,0.0,0,-107875648.0,77,0.0,154,0.0,0.0,ERR,ERR,ERR,ERR,ERR,ERR,ERR,ERR,ERR,ERR,ERR,ERR,ERR,ERR,ERR,ERR,ERR,ERR,ERR,ERR,ERR,ERR,ERR,ERR,ERR,ERR,ERR,ERR,ERR,ERR,ERR,ERR,ERR,ERR,ERR,ERR,ERR,ERR,ERR,ERR,ERR,ERR,ERR,ERR,ERR,ERR,ERR,ERR,ERR,ERR,ERR,ERR,ERR,ERR,ERR,ERR,ERR,ERR,ERR,ERR,ERR,ERR,ERR,ERR,ERR,ERR,ERR,34.0,80.0,35,0.0,0.0,0.0,0.0,0.0,0.0,0.0,0.0,0.0,0.0,0.0,0.0,0.0,0.0,0.0,0.0,65.6,0,120,58,53,65476,0,300,0,0,8,20529,65476,0,0,57672,80.0,0.0,0.0,0.0,0.0,0.0
2026-06-18T02:34:18,ERR,ERR,ERR,ERR,ERR,ERR,ERR,ERR,ERR,ERR,ERR,ERR,ERR,ERR,ERR,ERR,ERR,ERR,ERR,ERR,ERR,ERR,ERR,ERR,ERR,ERR,ERR,ERR,ERR,ERR,ERR,ERR,ERR,ERR,ERR,ERR,ERR,ERR,ERR,ERR,ERR,ERR,ERR,ERR,ERR,ERR,ERR,ERR,ERR,ERR,ERR,ERR,ERR,ERR,ERR,ERR,ERR,ERR,ERR,ERR,ERR,ERR,ERR,ERR,ERR,ERR,ERR,ERR,ERR,ERR,ERR,ERR,ERR,ERR,ERR,ERR,ERR,ERR,ERR,ERR,ERR,ERR,ERR,ERR,ERR,ERR,ERR,ERR,ERR,ERR,ERR,ERR,ERR,ERR,ERR,ERR,ERR,ERR,ERR,ERR,ERR,ERR,ERR,ERR,ERR,ERR,ERR,ERR,ERR,ERR,ERR,ERR,ERR,ERR,ERR,ERR,ERR,ERR,ERR,ERR,ERR,ERR,ERR,ERR,ERR,2.7184312818759872e+23,0.0,-0.0,2.718290229135658e+23,nan,1.3936040501711995e+18,7.805,-12113.15,0,0,4,48929,6720,14723890282496.0,100,0.0,0.0,0.0,2.718290229135658e+23,0.0,0,0,0,0,0.0,0,0,0,0,0,0,0,0,0,0,0,0,0,0,0,0,0,0,0,0,0,0,0,0,0,0,0,0,0,0,0,0,0,26,51,50,76,65476,0,300,0,0,8,21553,0.0,-107605600.0,0.0,0.0,0.0,0.0,0.0,0.0,0.0,0.0,0.0,0.0,0.0,0.0,0.0,0.0,0.0,0.0,0.0,0.0,0.0,0.0,-2.004,2.004,-2.004,0.0,0.0,0.0,0.0,0.0,4780.0,-0.0,7281.0,2.7184312818759872e+23,0.0,-0.0,-107615392.0,0.0,0.0,0.0,0.0,77,0.059,2.718415789493269e+23,0.0,0.0,0.0,0.0,0.0,0.0,0.0,0,0,0,0.0,0.0,0.0,0.0,0.0,0.0,0.0,0.0,0.0,0.0,0.0,0.0,0.0,0.0,0.0,0.0,0,-107875648.0,77,0.0,154,0.0,0.0,ERR,ERR,ERR,ERR,ERR,ERR,ERR,ERR,ERR,ERR,ERR,ERR,ERR,ERR,ERR,ERR,ERR,ERR,ERR,ERR,ERR,ERR,ERR,ERR,ERR,ERR,ERR,ERR,ERR,ERR,ERR,ERR,ERR,ERR,ERR,ERR,ERR,ERR,ERR,ERR,ERR,ERR,ERR,ERR,ERR,ERR,ERR,ERR,ERR,ERR,ERR,ERR,ERR,ERR,ERR,ERR,ERR,ERR,ERR,ERR,ERR,ERR,ERR,ERR,ERR,ERR,ERR,34.0,80.0,35,0.0,0.0,0.0,0.0,0.0,0.0,0.0,0.0,0.0,0.0,0.0,0.0,0.0,0.0,0.0,0.0,66.0,0,120,58,53,65476,0,300,0,0,8,20529,65476,0,0,57672,80.0,0.0,0.0,0.0,0.0,0.0
2026-06-18T02:34:19,ERR,ERR,ERR,ERR,ERR,ERR,ERR,ERR,ERR,ERR,ERR,ERR,ERR,ERR,ERR,ERR,ERR,ERR,ERR,ERR,ERR,ERR,ERR,ERR,ERR,ERR,ERR,ERR,ERR,ERR,ERR,ERR,ERR,ERR,ERR,ERR,ERR,ERR,ERR,ERR,ERR,ERR,ERR,ERR,ERR,ERR,ERR,ERR,ERR,ERR,ERR,ERR,ERR,ERR,ERR,ERR,ERR,ERR,ERR,ERR,ERR,ERR,ERR,ERR,ERR,ERR,ERR,ERR,ERR,ERR,ERR,ERR,ERR,ERR,ERR,ERR,ERR,ERR,ERR,ERR,ERR,ERR,ERR,ERR,ERR,ERR,ERR,ERR,ERR,ERR,ERR,ERR,ERR,ERR,ERR,ERR,ERR,ERR,ERR,ERR,ERR,ERR,ERR,ERR,ERR,ERR,ERR,ERR,ERR,ERR,ERR,ERR,ERR,ERR,ERR,ERR,ERR,ERR,ERR,ERR,ERR,ERR,ERR,ERR,ERR,2.7184312818759872e+23,0.0,-0.0,2.718290229135658e+23,nan,1.3936040501711995e+18,7.805,-12113.15,0,0,4,48929,6720,14723890282496.0,100,0.0,0.0,0.0,2.718290229135658e+23,0.0,0,0,0,0,0.0,0,0,0,0,0,0,0,0,0,0,0,0,0,0,0,0,0,0,0,0,0,0,0,0,0,0,0,0,0,0,0,0,0,26,51,50,76,65476,0,300,0,0,8,21553,0.0,-107605600.0,0.0,0.0,0.0,0.0,0.0,0.0,0.0,0.0,0.0,0.0,0.0,0.0,0.0,0.0,0.0,0.0,0.0,0.0,0.0,0.0,-2.004,2.004,-2.004,0.0,0.0,0.0,0.0,0.0,4780.0,-0.0,7281.0,2.7184312818759872e+23,0.0,-0.0,-107615392.0,0.0,0.0,0.0,0.0,77,0.059,2.718415789493269e+23,0.0,0.0,0.0,0.0,0.0,0.0,0.0,0,0,0,0.0,0.0,0.0,0.0,0.0,0.0,0.0,0.0,0.0,0.0,0.0,0.0,0.0,0.0,0.0,0.0,0,-107875648.0,77,0.0,154,0.0,0.0,ERR,ERR,ERR,ERR,ERR,ERR,ERR,ERR,ERR,ERR,ERR,ERR,ERR,ERR,ERR,ERR,ERR,ERR,ERR,ERR,ERR,ERR,ERR,ERR,ERR,ERR,ERR,ERR,ERR,ERR,ERR,ERR,ERR,ERR,ERR,ERR,ERR,ERR,ERR,ERR,ERR,ERR,ERR,ERR,ERR,ERR,ERR,ERR,ERR,ERR,ERR,ERR,ERR,ERR,ERR,ERR,ERR,ERR,ERR,ERR,ERR,ERR,ERR,ERR,ERR,ERR,ERR,34.0,80.0,35,0.0,0.0,0.0,0.0,0.0,0.0,0.0,0.0,0.0,0.0,0.0,0.0,0.0,0.0,0.0,0.0,66.0,0,120,58,53,65476,0,300,0,0,8,20529,65476,0,0,57672,80.0,0.0,0.0,0.0,0.0,0.0
2026-06-18T02:34:20,ERR,ERR,ERR,ERR,ERR,ERR,ERR,ERR,ERR,ERR,ERR,ERR,ERR,ERR,ERR,ERR,ERR,ERR,ERR,ERR,ERR,ERR,ERR,ERR,ERR,ERR,ERR,ERR,ERR,ERR,ERR,ERR,ERR,ERR,ERR,ERR,ERR,ERR,ERR,ERR,ERR,ERR,ERR,ERR,ERR,ERR,ERR,ERR,ERR,ERR,ERR,ERR,ERR,ERR,ERR,ERR,ERR,ERR,ERR,ERR,ERR,ERR,ERR,ERR,ERR,ERR,ERR,ERR,ERR,ERR,ERR,ERR,ERR,ERR,ERR,ERR,ERR,ERR,ERR,ERR,ERR,ERR,ERR,ERR,ERR,ERR,ERR,ERR,ERR,ERR,ERR,ERR,ERR,ERR,ERR,ERR,ERR,ERR,ERR,ERR,ERR,ERR,ERR,ERR,ERR,ERR,ERR,ERR,ERR,ERR,ERR,ERR,ERR,ERR,ERR,ERR,ERR,ERR,ERR,ERR,ERR,ERR,ERR,ERR,ERR,2.7184312818759872e+23,0.0,-0.0,-0.0,nan,1.3936040501711995e+18,7.805,-0.0,0,0,4,48924,6720,14723890282496.0,100,0.0,0.0,0.0,-0.0,0.0,0,0,0,0,0.0,0,0,0,0,0,0,0,0,0,0,0,0,0,0,0,0,0,0,0,0,0,0,0,0,0,0,0,0,0,0,0,0,0,26,51,50,76,65476,0,300,0,0,8,21553,0.0,-107605600.0,0.0,0.0,0.0,0.0,0.0,0.0,0.0,0.0,0.0,0.0,0.0,0.0,0.0,0.0,0.0,0.0,0.0,0.0,0.0,0.0,-2.004,2.004,-2.004,0.0,0.0,0.0,0.0,0.0,4780.0,1.0406645142989446e+34,7279.0,2.7184312818759872e+23,0.0,-0.0,-107615392.0,0.0,0.0,0.0,0.0,77,0.059,126840463360.0,0.0,0.0,0.0,0.0,0.0,0.0,0.0,0,0,0,0.0,0.0,0.0,0.0,0.0,0.0,0.0,0.0,0.0,0.0,0.0,0.0,0.0,0.0,0.0,0.0,0,-107875648.0,77,0.0,154,0.0,0.0,ERR,ERR,ERR,ERR,ERR,ERR,ERR,ERR,ERR,ERR,ERR,ERR,ERR,ERR,ERR,ERR,ERR,ERR,ERR,ERR,ERR,ERR,ERR,ERR,ERR,ERR,ERR,ERR,ERR,ERR,ERR,ERR,ERR,ERR,ERR,ERR,ERR,ERR,ERR,ERR,ERR,ERR,ERR,ERR,ERR,ERR,ERR,ERR,ERR,ERR,ERR,ERR,ERR,ERR,ERR,ERR,ERR,ERR,ERR,ERR,ERR,ERR,ERR,ERR,ERR,ERR,ERR,34.0,80.0,35,0.0,0.0,0.0,0.0,0.0,0.0,0.0,0.0,0.0,0.0,0.0,0.0,0.0,0.0,0.0,0.0,66.0,0,120,58,53,65476,0,300,0,0,8,20529,65476,0,0,57672,80.0,0.0,0.0,0.0,0.0,0.0
2026-06-18T02:34:21,ERR,ERR,ERR,ERR,ERR,ERR,ERR,ERR,ERR,ERR,ERR,ERR,ERR,ERR,ERR,ERR,ERR,ERR,ERR,ERR,ERR,ERR,ERR,ERR,ERR,ERR,ERR,ERR,ERR,ERR,ERR,ERR,ERR,ERR,ERR,ERR,ERR,ERR,ERR,ERR,ERR,ERR,ERR,ERR,ERR,ERR,ERR,ERR,ERR,ERR,ERR,ERR,ERR,ERR,ERR,ERR,ERR,ERR,ERR,ERR,ERR,ERR,ERR,ERR,ERR,ERR,ERR,ERR,ERR,ERR,ERR,ERR,ERR,ERR,ERR,ERR,ERR,ERR,ERR,ERR,ERR,ERR,ERR,ERR,ERR,ERR,ERR,ERR,ERR,ERR,ERR,ERR,ERR,ERR,ERR,ERR,ERR,ERR,ERR,ERR,ERR,ERR,ERR,ERR,ERR,ERR,ERR,ERR,ERR,ERR,ERR,ERR,ERR,ERR,ERR,ERR,ERR,ERR,ERR,ERR,ERR,ERR,ERR,ERR,ERR,2.7184312818759872e+23,0.0,-0.0,-0.0,nan,1.3936040501711995e+18,7.805,-0.0,0,0,4,48924,6720,14723890282496.0,100,0.0,0.0,0.0,-0.0,0.0,0,0,0,0,0.0,0,0,0,0,0,0,0,0,0,0,0,0,0,0,0,0,0,0,0,0,0,0,0,0,0,0,0,0,0,0,0,0,0,26,51,50,76,65476,0,300,0,0,8,21553,0.0,-107605600.0,0.0,0.0,0.0,0.0,0.0,0.0,0.0,0.0,0.0,0.0,0.0,0.0,0.0,0.0,0.0,0.0,0.0,0.0,0.0,0.0,-2.004,2.004,-2.004,0.0,0.0,0.0,0.0,0.0,4780.0,1.0406645142989446e+34,7279.0,2.7184312818759872e+23,0.0,-0.0,-107615392.0,0.0,0.0,0.0,0.0,77,0.059,126840463360.0,0.0,0.0,0.0,0.0,0.0,0.0,0.0,0,0,0,0.0,0.0,0.0,0.0,0.0,0.0,0.0,0.0,0.0,0.0,0.0,0.0,0.0,0.0,0.0,0.0,0,-107875648.0,77,0.0,154,0.0,0.0,ERR,ERR,ERR,ERR,ERR,ERR,ERR,ERR,ERR,ERR,ERR,ERR,ERR,ERR,ERR,ERR,ERR,ERR,ERR,ERR,ERR,ERR,ERR,ERR,ERR,ERR,ERR,ERR,ERR,ERR,ERR,ERR,ERR,ERR,ERR,ERR,ERR,ERR,ERR,ERR,ERR,ERR,ERR,ERR,ERR,ERR,ERR,ERR,ERR,ERR,ERR,ERR,ERR,ERR,ERR,ERR,ERR,ERR,ERR,ERR,ERR,ERR,ERR,ERR,ERR,ERR,ERR,34.0,80.0,35,0.0,0.0,0.0,0.0,0.0,0.0,0.0,0.0,0.0,0.0,0.0,0.0,0.0,0.0,0.0,0.0,66.0,0,120,58,53,65476,0,300,0,0,8,20529,65476,0,0,57672,80.0,0.0,0.0,0.0,0.0,0.0
2026-06-18T02:34:22,ERR,ERR,ERR,ERR,ERR,ERR,ERR,ERR,ERR,ERR,ERR,ERR,ERR,ERR,ERR,ERR,ERR,ERR,ERR,ERR,ERR,ERR,ERR,ERR,ERR,ERR,ERR,ERR,ERR,ERR,ERR,ERR,ERR,ERR,ERR,ERR,ERR,ERR,ERR,ERR,ERR,ERR,ERR,ERR,ERR,ERR,ERR,ERR,ERR,ERR,ERR,ERR,ERR,ERR,ERR,ERR,ERR,ERR,ERR,ERR,ERR,ERR,ERR,ERR,ERR,ERR,ERR,ERR,ERR,ERR,ERR,ERR,ERR,ERR,ERR,ERR,ERR,ERR,ERR,ERR,ERR,ERR,ERR,ERR,ERR,ERR,ERR,ERR,ERR,ERR,ERR,ERR,ERR,ERR,ERR,ERR,ERR,ERR,ERR,ERR,ERR,ERR,ERR,ERR,ERR,ERR,ERR,ERR,ERR,ERR,ERR,ERR,ERR,ERR,ERR,ERR,ERR,ERR,ERR,ERR,ERR,ERR,ERR,ERR,ERR,2.7184312818759872e+23,0.0,-0.0,-0.0,nan,1.3936040501711995e+18,7.805,-0.0,0,0,4,48924,6720,14723890282496.0,100,0.0,0.0,0.0,-0.0,0.0,0,0,0,0,0.0,0,0,0,0,0,0,0,0,0,0,0,0,0,0,0,0,0,0,0,0,0,0,0,0,0,0,0,0,0,0,0,0,0,26,51,50,76,65476,0,300,0,0,8,21553,0.0,-107605600.0,0.0,0.0,0.0,0.0,0.0,0.0,0.0,0.0,0.0,0.0,0.0,0.0,0.0,0.0,0.0,0.0,0.0,0.0,0.0,0.0,-2.004,2.004,-2.004,0.0,0.0,0.0,0.0,0.0,4780.0,1.0406645142989446e+34,7279.0,2.7184312818759872e+23,0.0,-0.0,-107615392.0,0.0,0.0,0.0,0.0,77,0.059,126840463360.0,0.0,0.0,0.0,0.0,0.0,0.0,0.0,0,0,0,0.0,0.0,0.0,0.0,0.0,0.0,0.0,0.0,0.0,0.0,0.0,0.0,0.0,0.0,0.0,0.0,0,-107875648.0,77,0.0,154,0.0,0.0,ERR,ERR,ERR,ERR,ERR,ERR,ERR,ERR,ERR,ERR,ERR,ERR,ERR,ERR,ERR,ERR,ERR,ERR,ERR,ERR,ERR,ERR,ERR,ERR,ERR,ERR,ERR,ERR,ERR,ERR,ERR,ERR,ERR,ERR,ERR,ERR,ERR,ERR,ERR,ERR,ERR,ERR,ERR,ERR,ERR,ERR,ERR,ERR,ERR,ERR,ERR,ERR,ERR,ERR,ERR,ERR,ERR,ERR,ERR,ERR,ERR,ERR,ERR,ERR,ERR,ERR,ERR,34.0,80.0,35,0.0,0.0,0.0,0.0,0.0,0.0,0.0,0.0,0.0,0.0,0.0,0.0,0.0,0.0,0.0,0.0,66.4,0,120,58,53,65476,0,300,0,0,8,20529,65476,0,0,57672,80.0,0.0,0.0,0.0,0.0,0.0
2026-06-18T02:34:23,ERR,ERR,ERR,ERR,ERR,ERR,ERR,ERR,ERR,ERR,ERR,ERR,ERR,ERR,ERR,ERR,ERR,ERR,ERR,ERR,ERR,ERR,ERR,ERR,ERR,ERR,ERR,ERR,ERR,ERR,ERR,ERR,ERR,ERR,ERR,ERR,ERR,ERR,ERR,ERR,ERR,ERR,ERR,ERR,ERR,ERR,ERR,ERR,ERR,ERR,ERR,ERR,ERR,ERR,ERR,ERR,ERR,ERR,ERR,ERR,ERR,ERR,ERR,ERR,ERR,ERR,ERR,ERR,ERR,ERR,ERR,ERR,ERR,ERR,ERR,ERR,ERR,ERR,ERR,ERR,ERR,ERR,ERR,ERR,ERR,ERR,ERR,ERR,ERR,ERR,ERR,ERR,ERR,ERR,ERR,ERR,ERR,ERR,ERR,ERR,ERR,ERR,ERR,ERR,ERR,ERR,ERR,ERR,ERR,ERR,ERR,ERR,ERR,ERR,ERR,ERR,ERR,ERR,ERR,ERR,ERR,ERR,ERR,ERR,ERR,2.7184312818759872e+23,0.0,-0.0,-0.0,nan,1.3936040501711995e+18,7.805,-0.0,0,0,4,48924,6720,14723890282496.0,100,0.0,0.0,0.0,-0.0,0.0,0,0,0,0,0.0,0,0,0,0,0,0,0,0,0,0,0,0,0,0,0,0,0,0,0,0,0,0,0,0,0,0,0,0,0,0,0,0,0,26,51,50,76,65476,0,300,0,0,8,21553,0.0,-107605600.0,0.0,0.0,0.0,0.0,0.0,0.0,0.0,0.0,0.0,0.0,0.0,0.0,0.0,0.0,0.0,0.0,0.0,0.0,0.0,0.0,-2.004,2.004,-2.004,0.0,0.0,0.0,0.0,0.0,4780.0,1.0406645142989446e+34,7279.0,2.7184312818759872e+23,0.0,-0.0,-107615392.0,0.0,0.0,0.0,0.0,77,0.059,126840463360.0,0.0,0.0,0.0,0.0,0.0,0.0,0.0,0,0,0,0.0,0.0,0.0,0.0,0.0,0.0,0.0,0.0,0.0,0.0,0.0,0.0,0.0,0.0,0.0,0.0,0,-107875648.0,77,0.0,154,0.0,0.0,ERR,ERR,ERR,ERR,ERR,ERR,ERR,ERR,ERR,ERR,ERR,ERR,ERR,ERR,ERR,ERR,ERR,ERR,ERR,ERR,ERR,ERR,ERR,ERR,ERR,ERR,ERR,ERR,ERR,ERR,ERR,ERR,ERR,ERR,ERR,ERR,ERR,ERR,ERR,ERR,ERR,ERR,ERR,ERR,ERR,ERR,ERR,ERR,ERR,ERR,ERR,ERR,ERR,ERR,ERR,ERR,ERR,ERR,ERR,ERR,ERR,ERR,ERR,ERR,ERR,ERR,ERR,34.0,80.0,35,0.0,0.0,0.0,0.0,0.0,0.0,0.0,0.0,0.0,0.0,0.0,0.0,0.0,0.0,0.0,0.0,66.4,0,120,58,53,65476,0,300,0,0,8,20529,65476,0,0,57672,80.0,0.0,0.0,0.0,0.0,0.0
2026-06-18T02:34:24,ERR,ERR,ERR,ERR,ERR,ERR,ERR,ERR,ERR,ERR,ERR,ERR,ERR,ERR,ERR,ERR,ERR,ERR,ERR,ERR,ERR,ERR,ERR,ERR,ERR,ERR,ERR,ERR,ERR,ERR,ERR,ERR,ERR,ERR,ERR,ERR,ERR,ERR,ERR,ERR,ERR,ERR,ERR,ERR,ERR,ERR,ERR,ERR,ERR,ERR,ERR,ERR,ERR,ERR,ERR,ERR,ERR,ERR,ERR,ERR,ERR,ERR,ERR,ERR,ERR,ERR,ERR,ERR,ERR,ERR,ERR,ERR,ERR,ERR,ERR,ERR,ERR,ERR,ERR,ERR,ERR,ERR,ERR,ERR,ERR,ERR,ERR,ERR,ERR,ERR,ERR,ERR,ERR,ERR,ERR,ERR,ERR,ERR,ERR,ERR,ERR,ERR,ERR,ERR,ERR,ERR,ERR,ERR,ERR,ERR,ERR,ERR,ERR,ERR,ERR,ERR,ERR,ERR,ERR,ERR,ERR,ERR,ERR,ERR,ERR,2.7184312818759872e+23,0.0,-0.0,-0.0,nan,1.3936040501711995e+18,7.805,-0.0,0,0,4,48924,6720,14723890282496.0,100,0.0,0.0,0.0,-0.0,0.0,0,0,0,0,0.0,0,0,0,0,0,0,0,0,0,0,0,0,0,0,0,0,0,0,0,0,0,0,0,0,0,0,0,0,0,0,0,0,0,26,51,50,76,65476,0,300,0,0,8,21553,0.0,-107605600.0,0.0,0.0,0.0,0.0,0.0,0.0,0.0,0.0,0.0,0.0,0.0,0.0,0.0,0.0,0.0,0.0,0.0,0.0,0.0,0.0,-2.004,2.004,-2.004,0.0,0.0,0.0,0.0,0.0,4780.0,1.0406645142989446e+34,7279.0,2.7184312818759872e+23,0.0,-0.0,-107615392.0,0.0,0.0,0.0,0.0,77,0.059,126840463360.0,0.0,0.0,0.0,0.0,0.0,0.0,0.0,0,0,0,0.0,0.0,0.0,0.0,0.0,0.0,0.0,0.0,0.0,0.0,0.0,0.0,0.0,0.0,0.0,0.0,0,-107875648.0,77,0.0,154,0.0,0.0,ERR,ERR,ERR,ERR,ERR,ERR,ERR,ERR,ERR,ERR,ERR,ERR,ERR,ERR,ERR,ERR,ERR,ERR,ERR,ERR,ERR,ERR,ERR,ERR,ERR,ERR,ERR,ERR,ERR,ERR,ERR,ERR,ERR,ERR,ERR,ERR,ERR,ERR,ERR,ERR,ERR,ERR,ERR,ERR,ERR,ERR,ERR,ERR,ERR,ERR,ERR,ERR,ERR,ERR,ERR,ERR,ERR,ERR,ERR,ERR,ERR,ERR,ERR,ERR,ERR,ERR,ERR,34.0,80.0,35,0.0,0.0,0.0,0.0,0.0,0.0,0.0,0.0,0.0,0.0,0.0,0.0,0.0,0.0,0.0,0.0,66.4,0,120,58,53,65476,0,300,0,0,8,20529,65476,0,0,57672,80.0,0.0,0.0,0.0,0.0,0.0
2026-06-18T02:34:25,ERR,ERR,ERR,ERR,ERR,ERR,ERR,ERR,ERR,ERR,ERR,ERR,ERR,ERR,ERR,ERR,ERR,ERR,ERR,ERR,ERR,ERR,ERR,ERR,ERR,ERR,ERR,ERR,ERR,ERR,ERR,ERR,ERR,ERR,ERR,ERR,ERR,ERR,ERR,ERR,ERR,ERR,ERR,ERR,ERR,ERR,ERR,ERR,ERR,ERR,ERR,ERR,ERR,ERR,ERR,ERR,ERR,ERR,ERR,ERR,ERR,ERR,ERR,ERR,ERR,ERR,ERR,ERR,ERR,ERR,ERR,ERR,ERR,ERR,ERR,ERR,ERR,ERR,ERR,ERR,ERR,ERR,ERR,ERR,ERR,ERR,ERR,ERR,ERR,ERR,ERR,ERR,ERR,ERR,ERR,ERR,ERR,ERR,ERR,ERR,ERR,ERR,ERR,ERR,ERR,ERR,ERR,ERR,ERR,ERR,ERR,ERR,ERR,ERR,ERR,ERR,ERR,ERR,ERR,ERR,ERR,ERR,ERR,ERR,ERR,2.7184312818759872e+23,0.0,-0.0,-0.0,nan,1.3936040501711995e+18,7.805,1.182,0,0,4,48929,6720,14723890282496.0,100,0.0,0.0,0.0,2.718290229135658e+23,0.0,0,0,0,0,0.0,0,0,0,0,0,0,0,0,0,0,0,0,0,0,0,0,0,0,0,0,0,0,0,0,0,0,0,0,0,0,0,0,0,26,51,50,76,65476,0,300,0,0,8,21553,0.0,-107605600.0,0.0,0.0,0.0,0.0,0.0,0.0,0.0,0.0,0.0,0.0,0.0,0.0,0.0,0.0,0.0,0.0,0.0,0.0,0.0,0.0,-2.004,2.004,-2.004,0.0,0.0,0.0,0.0,0.0,4778.0,-0.0,7281.0,2.7184312818759872e+23,0.0,-0.0,-107615392.0,0.0,0.0,0.0,0.0,77,0.0,2.718415789493269e+23,0.0,0.0,0.0,0.0,0.0,0.0,0.0,0,0,0,0.0,0.0,0.0,0.0,0.0,0.0,0.0,0.0,0.0,0.0,0.0,0.0,0.0,0.0,0.0,0.0,0,-107875648.0,77,0.0,154,0.0,0.0,ERR,ERR,ERR,ERR,ERR,ERR,ERR,ERR,ERR,ERR,ERR,ERR,ERR,ERR,ERR,ERR,ERR,ERR,ERR,ERR,ERR,ERR,ERR,ERR,ERR,ERR,ERR,ERR,ERR,ERR,ERR,ERR,ERR,ERR,ERR,ERR,ERR,ERR,ERR,ERR,ERR,ERR,ERR,ERR,ERR,ERR,ERR,ERR,ERR,ERR,ERR,ERR,ERR,ERR,ERR,ERR,ERR,ERR,ERR,ERR,ERR,ERR,ERR,ERR,ERR,ERR,ERR,34.0,80.0,35,0.0,0.0,0.0,0.0,0.0,0.0,0.0,0.0,0.0,0.0,0.0,0.0,0.0,0.0,0.0,0.0,66.4,0,120,58,53,65476,0,300,0,0,8,20529,65476,0,0,57672,80.0,0.0,0.0,0.0,0.0,0.0
2026-06-18T02:34:26,ERR,ERR,ERR,ERR,ERR,ERR,ERR,ERR,ERR,ERR,ERR,ERR,ERR,ERR,ERR,ERR,ERR,ERR,ERR,ERR,ERR,ERR,ERR,ERR,ERR,ERR,ERR,ERR,ERR,ERR,ERR,ERR,ERR,ERR,ERR,ERR,ERR,ERR,ERR,ERR,ERR,ERR,ERR,ERR,ERR,ERR,ERR,ERR,ERR,ERR,ERR,ERR,ERR,ERR,ERR,ERR,ERR,ERR,ERR,ERR,ERR,ERR,ERR,ERR,ERR,ERR,ERR,ERR,ERR,ERR,ERR,ERR,ERR,ERR,ERR,ERR,ERR,ERR,ERR,ERR,ERR,ERR,ERR,ERR,ERR,ERR,ERR,ERR,ERR,ERR,ERR,ERR,ERR,ERR,ERR,ERR,ERR,ERR,ERR,ERR,ERR,ERR,ERR,ERR,ERR,ERR,ERR,ERR,ERR,ERR,ERR,ERR,ERR,ERR,ERR,ERR,ERR,ERR,ERR,ERR,ERR,ERR,ERR,ERR,ERR,2.7184312818759872e+23,0.0,-0.0,-0.0,nan,1.3936040501711995e+18,7.805,1.182,0,0,4,48929,6720,14723890282496.0,100,0.0,0.0,0.0,2.718290229135658e+23,0.0,0,0,0,0,0.0,0,0,0,0,0,0,0,0,0,0,0,0,0,0,0,0,0,0,0,0,0,0,0,0,0,0,0,0,0,0,0,0,0,26,51,50,76,65476,0,300,0,0,8,21553,0.0,-107605600.0,0.0,0.0,0.0,0.0,0.0,0.0,0.0,0.0,0.0,0.0,0.0,0.0,0.0,0.0,0.0,0.0,0.0,0.0,0.0,0.0,-2.004,2.004,-2.004,0.0,0.0,0.0,0.0,0.0,4778.0,-0.0,7281.0,2.7184312818759872e+23,0.0,-0.0,-107615392.0,0.0,0.0,0.0,0.0,77,0.0,2.718415789493269e+23,0.0,0.0,0.0,0.0,0.0,0.0,0.0,0,0,0,0.0,0.0,0.0,0.0,0.0,0.0,0.0,0.0,0.0,0.0,0.0,0.0,0.0,0.0,0.0,0.0,0,-107875648.0,77,0.0,154,0.0,0.0,ERR,ERR,ERR,ERR,ERR,ERR,ERR,ERR,ERR,ERR,ERR,ERR,ERR,ERR,ERR,ERR,ERR,ERR,ERR,ERR,ERR,ERR,ERR,ERR,ERR,ERR,ERR,ERR,ERR,ERR,ERR,ERR,ERR,ERR,ERR,ERR,ERR,ERR,ERR,ERR,ERR,ERR,ERR,ERR,ERR,ERR,ERR,ERR,ERR,ERR,ERR,ERR,ERR,ERR,ERR,ERR,ERR,ERR,ERR,ERR,ERR,ERR,ERR,ERR,ERR,ERR,ERR,34.0,80.0,35,0.0,0.0,0.0,0.0,0.0,0.0,0.0,0.0,0.0,0.0,0.0,0.0,0.0,0.0,0.0,0.0,66.4,0,120,58,53,65476,0,300,0,0,8,20529,65476,0,0,57672,80.0,0.0,0.0,0.0,0.0,0.0
2026-06-18T02:34:27,ERR,ERR,ERR,ERR,ERR,ERR,ERR,ERR,ERR,ERR,ERR,ERR,ERR,ERR,ERR,ERR,ERR,ERR,ERR,ERR,ERR,ERR,ERR,ERR,ERR,ERR,ERR,ERR,ERR,ERR,ERR,ERR,ERR,ERR,ERR,ERR,ERR,ERR,ERR,ERR,ERR,ERR,ERR,ERR,ERR,ERR,ERR,ERR,ERR,ERR,ERR,ERR,ERR,ERR,ERR,ERR,ERR,ERR,ERR,ERR,ERR,ERR,ERR,ERR,ERR,ERR,ERR,ERR,ERR,ERR,ERR,ERR,ERR,ERR,ERR,ERR,ERR,ERR,ERR,ERR,ERR,ERR,ERR,ERR,ERR,ERR,ERR,ERR,ERR,ERR,ERR,ERR,ERR,ERR,ERR,ERR,ERR,ERR,ERR,ERR,ERR,ERR,ERR,ERR,ERR,ERR,ERR,ERR,ERR,ERR,ERR,ERR,ERR,ERR,ERR,ERR,ERR,ERR,ERR,ERR,ERR,ERR,ERR,ERR,ERR,2.7184312818759872e+23,0.0,-0.0,-0.0,nan,1.3936040501711995e+18,7.805,1.182,0,0,4,48929,6720,14723890282496.0,100,0.0,0.0,0.0,2.718290229135658e+23,0.0,0,0,0,0,0.0,0,0,0,0,0,0,0,0,0,0,0,0,0,0,0,0,0,0,0,0,0,0,0,0,0,0,0,0,0,0,0,0,0,26,51,50,76,65476,0,300,0,0,8,21553,0.0,-107605600.0,0.0,0.0,0.0,0.0,0.0,0.0,0.0,0.0,0.0,0.0,0.0,0.0,0.0,0.0,0.0,0.0,0.0,0.0,0.0,0.0,-2.004,2.004,-2.004,0.0,0.0,0.0,0.0,0.0,4778.0,-0.0,7281.0,2.7184312818759872e+23,0.0,-0.0,-107615392.0,0.0,0.0,0.0,0.0,77,0.0,2.718415789493269e+23,0.0,0.0,0.0,0.0,0.0,0.0,0.0,0,0,0,0.0,0.0,0.0,0.0,0.0,0.0,0.0,0.0,0.0,0.0,0.0,0.0,0.0,0.0,0.0,0.0,0,-107875648.0,77,0.0,154,0.0,0.0,ERR,ERR,ERR,ERR,ERR,ERR,ERR,ERR,ERR,ERR,ERR,ERR,ERR,ERR,ERR,ERR,ERR,ERR,ERR,ERR,ERR,ERR,ERR,ERR,ERR,ERR,ERR,ERR,ERR,ERR,ERR,ERR,ERR,ERR,ERR,ERR,ERR,ERR,ERR,ERR,ERR,ERR,ERR,ERR,ERR,ERR,ERR,ERR,ERR,ERR,ERR,ERR,ERR,ERR,ERR,ERR,ERR,ERR,ERR,ERR,ERR,ERR,ERR,ERR,ERR,ERR,ERR,34.0,80.0,35,0.0,0.0,0.0,0.0,0.0,0.0,0.0,0.0,0.0,0.0,0.0,0.0,0.0,0.0,0.0,0.0,66.0,0,120,58,53,65476,0,300,0,0,8,20529,65476,0,0,57672,80.0,0.0,0.0,0.0,0.0,0.0
2026-06-18T02:34:28,ERR,ERR,ERR,ERR,ERR,ERR,ERR,ERR,ERR,ERR,ERR,ERR,ERR,ERR,ERR,ERR,ERR,ERR,ERR,ERR,ERR,ERR,ERR,ERR,ERR,ERR,ERR,ERR,ERR,ERR,ERR,ERR,ERR,ERR,ERR,ERR,ERR,ERR,ERR,ERR,ERR,ERR,ERR,ERR,ERR,ERR,ERR,ERR,ERR,ERR,ERR,ERR,ERR,ERR,ERR,ERR,ERR,ERR,ERR,ERR,ERR,ERR,ERR,ERR,ERR,ERR,ERR,ERR,ERR,ERR,ERR,ERR,ERR,ERR,ERR,ERR,ERR,ERR,ERR,ERR,ERR,ERR,ERR,ERR,ERR,ERR,ERR,ERR,ERR,ERR,ERR,ERR,ERR,ERR,ERR,ERR,ERR,ERR,ERR,ERR,ERR,ERR,ERR,ERR,ERR,ERR,ERR,ERR,ERR,ERR,ERR,ERR,ERR,ERR,ERR,ERR,ERR,ERR,ERR,ERR,ERR,ERR,ERR,ERR,ERR,2.7184312818759872e+23,0.0,-0.0,-0.0,nan,1.3936040501711995e+18,7.805,1.182,0,0,4,48929,6720,14723890282496.0,100,0.0,0.0,0.0,2.718290229135658e+23,0.0,0,0,0,0,0.0,0,0,0,0,0,0,0,0,0,0,0,0,0,0,0,0,0,0,0,0,0,0,0,0,0,0,0,0,0,0,0,0,0,26,51,50,76,65476,0,300,0,0,8,21553,0.0,-107605600.0,0.0,0.0,0.0,0.0,0.0,0.0,0.0,0.0,0.0,0.0,0.0,0.0,0.0,0.0,0.0,0.0,0.0,0.0,0.0,0.0,-2.004,2.004,-2.004,0.0,0.0,0.0,0.0,0.0,4778.0,-0.0,7281.0,2.7184312818759872e+23,0.0,-0.0,-107615392.0,0.0,0.0,0.0,0.0,77,0.0,2.718415789493269e+23,0.0,0.0,0.0,0.0,0.0,0.0,0.0,0,0,0,0.0,0.0,0.0,0.0,0.0,0.0,0.0,0.0,0.0,0.0,0.0,0.0,0.0,0.0,0.0,0.0,0,-107875648.0,77,0.0,154,0.0,0.0,ERR,ERR,ERR,ERR,ERR,ERR,ERR,ERR,ERR,ERR,ERR,ERR,ERR,ERR,ERR,ERR,ERR,ERR,ERR,ERR,ERR,ERR,ERR,ERR,ERR,ERR,ERR,ERR,ERR,ERR,ERR,ERR,ERR,ERR,ERR,ERR,ERR,ERR,ERR,ERR,ERR,ERR,ERR,ERR,ERR,ERR,ERR,ERR,ERR,ERR,ERR,ERR,ERR,ERR,ERR,ERR,ERR,ERR,ERR,ERR,ERR,ERR,ERR,ERR,ERR,ERR,ERR,34.0,80.0,35,0.0,0.0,0.0,0.0,0.0,0.0,0.0,0.0,0.0,0.0,0.0,0.0,0.0,0.0,0.0,0.0,66.0,0,120,58,53,65476,0,300,0,0,8,20529,65476,0,0,57672,80.0,0.0,0.0,0.0,0.0,0.0
2026-06-18T02:34:29,ERR,ERR,ERR,ERR,ERR,ERR,ERR,ERR,ERR,ERR,ERR,ERR,ERR,ERR,ERR,ERR,ERR,ERR,ERR,ERR,ERR,ERR,ERR,ERR,ERR,ERR,ERR,ERR,ERR,ERR,ERR,ERR,ERR,ERR,ERR,ERR,ERR,ERR,ERR,ERR,ERR,ERR,ERR,ERR,ERR,ERR,ERR,ERR,ERR,ERR,ERR,ERR,ERR,ERR,ERR,ERR,ERR,ERR,ERR,ERR,ERR,ERR,ERR,ERR,ERR,ERR,ERR,ERR,ERR,ERR,ERR,ERR,ERR,ERR,ERR,ERR,ERR,ERR,ERR,ERR,ERR,ERR,ERR,ERR,ERR,ERR,ERR,ERR,ERR,ERR,ERR,ERR,ERR,ERR,ERR,ERR,ERR,ERR,ERR,ERR,ERR,ERR,ERR,ERR,ERR,ERR,ERR,ERR,ERR,ERR,ERR,ERR,ERR,ERR,ERR,ERR,ERR,ERR,ERR,ERR,ERR,ERR,ERR,ERR,ERR,2.7184312818759872e+23,0.0,-0.0,-0.0,nan,1.3936040501711995e+18,7.805,1.182,0,0,4,48929,6720,14723890282496.0,100,0.0,0.0,0.0,2.718290229135658e+23,0.0,0,0,0,0,0.0,0,0,0,0,0,0,0,0,0,0,0,0,0,0,0,0,0,0,0,0,0,0,0,0,0,0,0,0,0,0,0,0,0,26,51,50,76,65476,0,300,0,0,8,21553,0.0,-107605600.0,0.0,0.0,0.0,0.0,0.0,0.0,0.0,0.0,0.0,0.0,0.0,0.0,0.0,0.0,0.0,0.0,0.0,0.0,0.0,0.0,-2.004,2.004,-2.004,0.0,0.0,0.0,0.0,0.0,4778.0,-0.0,7281.0,2.7184312818759872e+23,0.0,-0.0,-107615392.0,0.0,0.0,0.0,0.0,77,0.0,2.718415789493269e+23,0.0,0.0,0.0,0.0,0.0,0.0,0.0,0,0,0,0.0,0.0,0.0,0.0,0.0,0.0,0.0,0.0,0.0,0.0,0.0,0.0,0.0,0.0,0.0,0.0,0,-107875648.0,77,0.0,154,0.0,0.0,ERR,ERR,ERR,ERR,ERR,ERR,ERR,ERR,ERR,ERR,ERR,ERR,ERR,ERR,ERR,ERR,ERR,ERR,ERR,ERR,ERR,ERR,ERR,ERR,ERR,ERR,ERR,ERR,ERR,ERR,ERR,ERR,ERR,ERR,ERR,ERR,ERR,ERR,ERR,ERR,ERR,ERR,ERR,ERR,ERR,ERR,ERR,ERR,ERR,ERR,ERR,ERR,ERR,ERR,ERR,ERR,ERR,ERR,ERR,ERR,ERR,ERR,ERR,ERR,ERR,ERR,ERR,34.0,80.0,35,0.0,0.0,0.0,0.0,0.0,0.0,0.0,0.0,0.0,0.0,0.0,0.0,0.0,0.0,0.0,0.0,65.6,0,120,58,53,65476,0,300,0,0,8,20529,65476,0,0,57672,80.0,0.0,0.0,0.0,0.0,0.0
2026-06-18T02:34:30,ERR,ERR,ERR,ERR,ERR,ERR,ERR,ERR,ERR,ERR,ERR,ERR,ERR,ERR,ERR,ERR,ERR,ERR,ERR,ERR,ERR,ERR,ERR,ERR,ERR,ERR,ERR,ERR,ERR,ERR,ERR,ERR,ERR,ERR,ERR,ERR,ERR,ERR,ERR,ERR,ERR,ERR,ERR,ERR,ERR,ERR,ERR,ERR,ERR,ERR,ERR,ERR,ERR,ERR,ERR,ERR,ERR,ERR,ERR,ERR,ERR,ERR,ERR,ERR,ERR,ERR,ERR,ERR,ERR,ERR,ERR,ERR,ERR,ERR,ERR,ERR,ERR,ERR,ERR,ERR,ERR,ERR,ERR,ERR,ERR,ERR,ERR,ERR,ERR,ERR,ERR,ERR,ERR,ERR,ERR,ERR,ERR,ERR,ERR,ERR,ERR,ERR,ERR,ERR,ERR,ERR,ERR,ERR,ERR,ERR,ERR,ERR,ERR,ERR,ERR,ERR,ERR,ERR,ERR,ERR,ERR,ERR,ERR,ERR,ERR,2.7184312818759872e+23,0.0,-0.0,-0.0,nan,1.3936040501711995e+18,7.805,-0.0,0,0,4,48924,6720,14723890282496.0,100,0.0,0.0,0.0,-0.0,0.0,0,0,0,0,0.0,0,0,0,0,0,0,0,0,0,0,0,0,0,0,0,0,0,0,0,0,0,0,0,0,0,0,0,0,0,0,0,0,0,26,51,50,76,65476,0,300,0,0,8,21553,0.0,-107605600.0,0.0,0.0,0.0,0.0,0.0,0.0,0.0,0.0,0.0,0.0,0.0,0.0,0.0,0.0,0.0,0.0,0.0,0.0,0.0,0.0,-2.004,2.004,-2.004,0.0,0.0,0.0,0.0,0.0,4779.0,-0.0,7281.0,2.7184312818759872e+23,0.0,-0.0,-107615392.0,0.0,0.0,0.0,0.0,77,0.0,2.718415789493269e+23,0.0,0.0,0.0,0.0,0.0,0.0,0.0,0,0,0,0.0,0.0,0.0,0.0,0.0,0.0,0.0,0.0,0.0,0.0,0.0,0.0,0.0,0.0,0.0,0.0,0,-107875648.0,77,0.0,154,0.0,0.0,ERR,ERR,ERR,ERR,ERR,ERR,ERR,ERR,ERR,ERR,ERR,ERR,ERR,ERR,ERR,ERR,ERR,ERR,ERR,ERR,ERR,ERR,ERR,ERR,ERR,ERR,ERR,ERR,ERR,ERR,ERR,ERR,ERR,ERR,ERR,ERR,ERR,ERR,ERR,ERR,ERR,ERR,ERR,ERR,ERR,ERR,ERR,ERR,ERR,ERR,ERR,ERR,ERR,ERR,ERR,ERR,ERR,ERR,ERR,ERR,ERR,ERR,ERR,ERR,ERR,ERR,ERR,34.0,80.0,35,0.0,0.0,0.0,0.0,0.0,0.0,0.0,0.0,0.0,0.0,0.0,0.0,0.0,0.0,0.0,0.0,65.6,0,120,58,53,65476,0,300,0,0,8,20529,65476,0,0,57672,80.0,0.0,0.0,0.0,0.0,0.0
2026-06-18T02:34:31,ERR,ERR,ERR,ERR,ERR,ERR,ERR,ERR,ERR,ERR,ERR,ERR,ERR,ERR,ERR,ERR,ERR,ERR,ERR,ERR,ERR,ERR,ERR,ERR,ERR,ERR,ERR,ERR,ERR,ERR,ERR,ERR,ERR,ERR,ERR,ERR,ERR,ERR,ERR,ERR,ERR,ERR,ERR,ERR,ERR,ERR,ERR,ERR,ERR,ERR,ERR,ERR,ERR,ERR,ERR,ERR,ERR,ERR,ERR,ERR,ERR,ERR,ERR,ERR,ERR,ERR,ERR,ERR,ERR,ERR,ERR,ERR,ERR,ERR,ERR,ERR,ERR,ERR,ERR,ERR,ERR,ERR,ERR,ERR,ERR,ERR,ERR,ERR,ERR,ERR,ERR,ERR,ERR,ERR,ERR,ERR,ERR,ERR,ERR,ERR,ERR,ERR,ERR,ERR,ERR,ERR,ERR,ERR,ERR,ERR,ERR,ERR,ERR,ERR,ERR,ERR,ERR,ERR,ERR,ERR,ERR,ERR,ERR,ERR,ERR,2.7184312818759872e+23,0.0,-0.0,-0.0,nan,1.3936040501711995e+18,7.805,-0.0,0,0,4,48924,6720,14723890282496.0,100,0.0,0.0,0.0,-0.0,0.0,0,0,0,0,0.0,0,0,0,0,0,0,0,0,0,0,0,0,0,0,0,0,0,0,0,0,0,0,0,0,0,0,0,0,0,0,0,0,0,26,51,50,76,65476,0,300,0,0,8,21553,0.0,-107605600.0,0.0,0.0,0.0,0.0,0.0,0.0,0.0,0.0,0.0,0.0,0.0,0.0,0.0,0.0,0.0,0.0,0.0,0.0,0.0,0.0,-2.004,2.004,-2.004,0.0,0.0,0.0,0.0,0.0,4779.0,-0.0,7281.0,2.7184312818759872e+23,0.0,-0.0,-107615392.0,0.0,0.0,0.0,0.0,77,0.0,2.718415789493269e+23,0.0,0.0,0.0,0.0,0.0,0.0,0.0,0,0,0,0.0,0.0,0.0,0.0,0.0,0.0,0.0,0.0,0.0,0.0,0.0,0.0,0.0,0.0,0.0,0.0,0,-107875648.0,77,0.0,154,0.0,0.0,ERR,ERR,ERR,ERR,ERR,ERR,ERR,ERR,ERR,ERR,ERR,ERR,ERR,ERR,ERR,ERR,ERR,ERR,ERR,ERR,ERR,ERR,ERR,ERR,ERR,ERR,ERR,ERR,ERR,ERR,ERR,ERR,ERR,ERR,ERR,ERR,ERR,ERR,ERR,ERR,ERR,ERR,ERR,ERR,ERR,ERR,ERR,ERR,ERR,ERR,ERR,ERR,ERR,ERR,ERR,ERR,ERR,ERR,ERR,ERR,ERR,ERR,ERR,ERR,ERR,ERR,ERR,34.0,80.0,35,0.0,0.0,0.0,0.0,0.0,0.0,0.0,0.0,0.0,0.0,0.0,0.0,0.0,0.0,0.0,0.0,66.0,0,120,58,53,65476,0,300,0,0,8,20529,65476,0,0,57672,80.0,0.0,0.0,0.0,0.0,0.0
2026-06-18T02:34:32,ERR,ERR,ERR,ERR,ERR,ERR,ERR,ERR,ERR,ERR,ERR,ERR,ERR,ERR,ERR,ERR,ERR,ERR,ERR,ERR,ERR,ERR,ERR,ERR,ERR,ERR,ERR,ERR,ERR,ERR,ERR,ERR,ERR,ERR,ERR,ERR,ERR,ERR,ERR,ERR,ERR,ERR,ERR,ERR,ERR,ERR,ERR,ERR,ERR,ERR,ERR,ERR,ERR,ERR,ERR,ERR,ERR,ERR,ERR,ERR,ERR,ERR,ERR,ERR,ERR,ERR,ERR,ERR,ERR,ERR,ERR,ERR,ERR,ERR,ERR,ERR,ERR,ERR,ERR,ERR,ERR,ERR,ERR,ERR,ERR,ERR,ERR,ERR,ERR,ERR,ERR,ERR,ERR,ERR,ERR,ERR,ERR,ERR,ERR,ERR,ERR,ERR,ERR,ERR,ERR,ERR,ERR,ERR,ERR,ERR,ERR,ERR,ERR,ERR,ERR,ERR,ERR,ERR,ERR,ERR,ERR,ERR,ERR,ERR,ERR,2.7184312818759872e+23,0.0,-0.0,-0.0,nan,1.3936040501711995e+18,7.805,-0.0,0,0,4,48924,6720,14723890282496.0,100,0.0,0.0,0.0,-0.0,0.0,0,0,0,0,0.0,0,0,0,0,0,0,0,0,0,0,0,0,0,0,0,0,0,0,0,0,0,0,0,0,0,0,0,0,0,0,0,0,0,26,51,50,76,65476,0,300,0,0,8,21553,0.0,-107605600.0,0.0,0.0,0.0,0.0,0.0,0.0,0.0,0.0,0.0,0.0,0.0,0.0,0.0,0.0,0.0,0.0,0.0,0.0,0.0,0.0,-2.004,2.004,-2.004,0.0,0.0,0.0,0.0,0.0,4779.0,-0.0,7281.0,2.7184312818759872e+23,0.0,-0.0,-107615392.0,0.0,0.0,0.0,0.0,77,0.0,2.718415789493269e+23,0.0,0.0,0.0,0.0,0.0,0.0,0.0,0,0,0,0.0,0.0,0.0,0.0,0.0,0.0,0.0,0.0,0.0,0.0,0.0,0.0,0.0,0.0,0.0,0.0,0,-107875648.0,77,0.0,154,0.0,0.0,ERR,ERR,ERR,ERR,ERR,ERR,ERR,ERR,ERR,ERR,ERR,ERR,ERR,ERR,ERR,ERR,ERR,ERR,ERR,ERR,ERR,ERR,ERR,ERR,ERR,ERR,ERR,ERR,ERR,ERR,ERR,ERR,ERR,ERR,ERR,ERR,ERR,ERR,ERR,ERR,ERR,ERR,ERR,ERR,ERR,ERR,ERR,ERR,ERR,ERR,ERR,ERR,ERR,ERR,ERR,ERR,ERR,ERR,ERR,ERR,ERR,ERR,ERR,ERR,ERR,ERR,ERR,34.0,80.0,35,0.0,0.0,0.0,0.0,0.0,0.0,0.0,0.0,0.0,0.0,0.0,0.0,0.0,0.0,0.0,0.0,66.0,0,120,58,53,65476,0,300,0,0,8,20529,65476,0,0,57672,80.0,0.0,0.0,0.0,0.0,0.0
2026-06-18T02:34:33,ERR,ERR,ERR,ERR,ERR,ERR,ERR,ERR,ERR,ERR,ERR,ERR,ERR,ERR,ERR,ERR,ERR,ERR,ERR,ERR,ERR,ERR,ERR,ERR,ERR,ERR,ERR,ERR,ERR,ERR,ERR,ERR,ERR,ERR,ERR,ERR,ERR,ERR,ERR,ERR,ERR,ERR,ERR,ERR,ERR,ERR,ERR,ERR,ERR,ERR,ERR,ERR,ERR,ERR,ERR,ERR,ERR,ERR,ERR,ERR,ERR,ERR,ERR,ERR,ERR,ERR,ERR,ERR,ERR,ERR,ERR,ERR,ERR,ERR,ERR,ERR,ERR,ERR,ERR,ERR,ERR,ERR,ERR,ERR,ERR,ERR,ERR,ERR,ERR,ERR,ERR,ERR,ERR,ERR,ERR,ERR,ERR,ERR,ERR,ERR,ERR,ERR,ERR,ERR,ERR,ERR,ERR,ERR,ERR,ERR,ERR,ERR,ERR,ERR,ERR,ERR,ERR,ERR,ERR,ERR,ERR,ERR,ERR,ERR,ERR,2.7184312818759872e+23,0.0,-0.0,-0.0,nan,1.3936040501711995e+18,7.805,-0.0,0,0,4,48924,6720,14723890282496.0,100,0.0,0.0,0.0,-0.0,0.0,0,0,0,0,0.0,0,0,0,0,0,0,0,0,0,0,0,0,0,0,0,0,0,0,0,0,0,0,0,0,0,0,0,0,0,0,0,0,0,26,51,50,76,65476,0,300,0,0,8,21553,0.0,-107605600.0,0.0,0.0,0.0,0.0,0.0,0.0,0.0,0.0,0.0,0.0,0.0,0.0,0.0,0.0,0.0,0.0,0.0,0.0,0.0,0.0,-2.004,2.004,-2.004,0.0,0.0,0.0,0.0,0.0,4779.0,-0.0,7281.0,2.7184312818759872e+23,0.0,-0.0,-107615392.0,0.0,0.0,0.0,0.0,77,0.0,2.718415789493269e+23,0.0,0.0,0.0,0.0,0.0,0.0,0.0,0,0,0,0.0,0.0,0.0,0.0,0.0,0.0,0.0,0.0,0.0,0.0,0.0,0.0,0.0,0.0,0.0,0.0,0,-107875648.0,77,0.0,154,0.0,0.0,ERR,ERR,ERR,ERR,ERR,ERR,ERR,ERR,ERR,ERR,ERR,ERR,ERR,ERR,ERR,ERR,ERR,ERR,ERR,ERR,ERR,ERR,ERR,ERR,ERR,ERR,ERR,ERR,ERR,ERR,ERR,ERR,ERR,ERR,ERR,ERR,ERR,ERR,ERR,ERR,ERR,ERR,ERR,ERR,ERR,ERR,ERR,ERR,ERR,ERR,ERR,ERR,ERR,ERR,ERR,ERR,ERR,ERR,ERR,ERR,ERR,ERR,ERR,ERR,ERR,ERR,ERR,34.0,80.0,35,0.0,0.0,0.0,0.0,0.0,0.0,0.0,0.0,0.0,0.0,0.0,0.0,0.0,0.0,0.0,0.0,66.4,0,120,58,53,65476,0,300,0,0,8,20529,65476,0,0,57672,80.0,0.0,0.0,0.0,0.0,0.0
2026-06-18T02:34:34,ERR,ERR,ERR,ERR,ERR,ERR,ERR,ERR,ERR,ERR,ERR,ERR,ERR,ERR,ERR,ERR,ERR,ERR,ERR,ERR,ERR,ERR,ERR,ERR,ERR,ERR,ERR,ERR,ERR,ERR,ERR,ERR,ERR,ERR,ERR,ERR,ERR,ERR,ERR,ERR,ERR,ERR,ERR,ERR,ERR,ERR,ERR,ERR,ERR,ERR,ERR,ERR,ERR,ERR,ERR,ERR,ERR,ERR,ERR,ERR,ERR,ERR,ERR,ERR,ERR,ERR,ERR,ERR,ERR,ERR,ERR,ERR,ERR,ERR,ERR,ERR,ERR,ERR,ERR,ERR,ERR,ERR,ERR,ERR,ERR,ERR,ERR,ERR,ERR,ERR,ERR,ERR,ERR,ERR,ERR,ERR,ERR,ERR,ERR,ERR,ERR,ERR,ERR,ERR,ERR,ERR,ERR,ERR,ERR,ERR,ERR,ERR,ERR,ERR,ERR,ERR,ERR,ERR,ERR,ERR,ERR,ERR,ERR,ERR,ERR,2.7184312818759872e+23,0.0,-0.0,-0.0,nan,1.3936040501711995e+18,7.805,-0.0,0,0,4,48924,6720,14723890282496.0,100,0.0,0.0,0.0,-0.0,0.0,0,0,0,0,0.0,0,0,0,0,0,0,0,0,0,0,0,0,0,0,0,0,0,0,0,0,0,0,0,0,0,0,0,0,0,0,0,0,0,26,51,50,76,65476,0,300,0,0,8,21553,0.0,-107605600.0,0.0,0.0,0.0,0.0,0.0,0.0,0.0,0.0,0.0,0.0,0.0,0.0,0.0,0.0,0.0,0.0,0.0,0.0,0.0,0.0,-2.004,2.004,-2.004,0.0,0.0,0.0,0.0,0.0,4779.0,-0.0,7281.0,2.7184312818759872e+23,0.0,-0.0,-107615392.0,0.0,0.0,0.0,0.0,77,0.0,2.718415789493269e+23,0.0,0.0,0.0,0.0,0.0,0.0,0.0,0,0,0,0.0,0.0,0.0,0.0,0.0,0.0,0.0,0.0,0.0,0.0,0.0,0.0,0.0,0.0,0.0,0.0,0,-107875648.0,77,0.0,154,0.0,0.0,ERR,ERR,ERR,ERR,ERR,ERR,ERR,ERR,ERR,ERR,ERR,ERR,ERR,ERR,ERR,ERR,ERR,ERR,ERR,ERR,ERR,ERR,ERR,ERR,ERR,ERR,ERR,ERR,ERR,ERR,ERR,ERR,ERR,ERR,ERR,ERR,ERR,ERR,ERR,ERR,ERR,ERR,ERR,ERR,ERR,ERR,ERR,ERR,ERR,ERR,ERR,ERR,ERR,ERR,ERR,ERR,ERR,ERR,ERR,ERR,ERR,ERR,ERR,ERR,ERR,ERR,ERR,34.0,80.0,35,0.0,0.0,0.0,0.0,0.0,0.0,0.0,0.0,0.0,0.0,0.0,0.0,0.0,0.0,0.0,0.0,66.4,0,120,58,53,65476,0,300,0,0,8,20529,65476,0,0,57672,80.0,0.0,0.0,0.0,0.0,0.0
2026-06-18T02:34:35,ERR,ERR,ERR,ERR,ERR,ERR,ERR,ERR,ERR,ERR,ERR,ERR,ERR,ERR,ERR,ERR,ERR,ERR,ERR,ERR,ERR,ERR,ERR,ERR,ERR,ERR,ERR,ERR,ERR,ERR,ERR,ERR,ERR,ERR,ERR,ERR,ERR,ERR,ERR,ERR,ERR,ERR,ERR,ERR,ERR,ERR,ERR,ERR,ERR,ERR,ERR,ERR,ERR,ERR,ERR,ERR,ERR,ERR,ERR,ERR,ERR,ERR,ERR,ERR,ERR,ERR,ERR,ERR,ERR,ERR,ERR,ERR,ERR,ERR,ERR,ERR,ERR,ERR,ERR,ERR,ERR,ERR,ERR,ERR,ERR,ERR,ERR,ERR,ERR,ERR,ERR,ERR,ERR,ERR,ERR,ERR,ERR,ERR,ERR,ERR,ERR,ERR,ERR,ERR,ERR,ERR,ERR,ERR,ERR,ERR,ERR,ERR,ERR,ERR,ERR,ERR,ERR,ERR,ERR,ERR,ERR,ERR,ERR,ERR,ERR,2.7184312818759872e+23,0.0,-0.0,-0.0,nan,1.3936040501711995e+18,7.805,-0.0,0,0,4,48924,6720,14723890282496.0,100,0.0,0.0,0.0,-0.0,0.0,0,0,0,0,0.0,0,0,0,0,0,0,0,0,0,0,0,0,0,0,0,0,0,0,0,0,0,0,0,0,0,0,0,0,0,0,0,0,0,26,51,50,76,65476,0,300,0,0,8,21553,0.0,-107605600.0,0.0,0.0,0.0,0.0,0.0,0.0,0.0,0.0,0.0,0.0,0.0,0.0,0.0,0.0,0.0,0.0,0.0,0.0,0.0,0.0,-2.004,2.004,-2.004,0.0,0.0,0.0,0.0,0.0,4779.0,-0.0,7281.0,2.7184312818759872e+23,0.0,-0.0,-107615392.0,0.0,0.0,0.0,0.0,77,0.0,2.718415789493269e+23,0.0,0.0,0.0,0.0,0.0,0.0,0.0,0,0,0,0.0,0.0,0.0,0.0,0.0,0.0,0.0,0.0,0.0,0.0,0.0,0.0,0.0,0.0,0.0,0.0,0,-107875648.0,77,0.0,154,0.0,0.0,ERR,ERR,ERR,ERR,ERR,ERR,ERR,ERR,ERR,ERR,ERR,ERR,ERR,ERR,ERR,ERR,ERR,ERR,ERR,ERR,ERR,ERR,ERR,ERR,ERR,ERR,ERR,ERR,ERR,ERR,ERR,ERR,ERR,ERR,ERR,ERR,ERR,ERR,ERR,ERR,ERR,ERR,ERR,ERR,ERR,ERR,ERR,ERR,ERR,ERR,ERR,ERR,ERR,ERR,ERR,ERR,ERR,ERR,ERR,ERR,ERR,ERR,ERR,ERR,ERR,ERR,ERR,34.0,80.0,35,0.0,0.0,0.0,0.0,0.0,0.0,0.0,0.0,0.0,0.0,0.0,0.0,0.0,0.0,0.0,0.0,66.4,0,120,58,53,65476,0,300,0,0,8,20529,65476,0,0,57672,80.0,0.0,0.0,0.0,0.0,0.0
2026-06-18T02:34:36,ERR,ERR,ERR,ERR,ERR,ERR,ERR,ERR,ERR,ERR,ERR,ERR,ERR,ERR,ERR,ERR,ERR,ERR,ERR,ERR,ERR,ERR,ERR,ERR,ERR,ERR,ERR,ERR,ERR,ERR,ERR,ERR,ERR,ERR,ERR,ERR,ERR,ERR,ERR,ERR,ERR,ERR,ERR,ERR,ERR,ERR,ERR,ERR,ERR,ERR,ERR,ERR,ERR,ERR,ERR,ERR,ERR,ERR,ERR,ERR,ERR,ERR,ERR,ERR,ERR,ERR,ERR,ERR,ERR,ERR,ERR,ERR,ERR,ERR,ERR,ERR,ERR,ERR,ERR,ERR,ERR,ERR,ERR,ERR,ERR,ERR,ERR,ERR,ERR,ERR,ERR,ERR,ERR,ERR,ERR,ERR,ERR,ERR,ERR,ERR,ERR,ERR,ERR,ERR,ERR,ERR,ERR,ERR,ERR,ERR,ERR,ERR,ERR,ERR,ERR,ERR,ERR,ERR,ERR,ERR,ERR,ERR,ERR,ERR,ERR,2.7184312818759872e+23,0.0,-0.0,-4.9501291711397626e+32,nan,1.3936040501711995e+18,7.805,-0.0,0,0,4,48924,6720,14723890282496.0,100,0.0,0.0,0.0,-4.9501291711397626e+32,0.0,0,0,0,0,0.0,0,0,0,0,0,0,0,0,0,0,0,0,0,0,0,0,0,0,0,0,0,0,0,0,0,0,0,0,0,0,0,0,0,26,51,50,76,65476,0,300,0,0,8,21553,0.0,-107605600.0,0.0,0.0,0.0,0.0,0.0,0.0,0.0,0.0,0.0,0.0,0.0,0.0,0.0,0.0,0.0,0.0,0.0,0.0,0.0,0.0,-2.004,2.004,-2.004,0.0,0.0,0.0,0.0,0.0,4781.0,-0.0,7283.0,2.7184312818759872e+23,0.0,-0.0,-107615392.0,0.0,0.0,0.0,0.0,77,71.63,5.848052117892078e+35,0.0,0.0,0.0,0.0,0.0,0.0,0.0,0,0,0,0.0,0.0,0.0,0.0,0.0,0.0,0.0,0.0,0.0,0.0,0.0,0.0,0.0,0.0,0.0,0.0,0,-107875648.0,77,0.0,154,0.0,0.0,ERR,ERR,ERR,ERR,ERR,ERR,ERR,ERR,ERR,ERR,ERR,ERR,ERR,ERR,ERR,ERR,ERR,ERR,ERR,ERR,ERR,ERR,ERR,ERR,ERR,ERR,ERR,ERR,ERR,ERR,ERR,ERR,ERR,ERR,ERR,ERR,ERR,ERR,ERR,ERR,ERR,ERR,ERR,ERR,ERR,ERR,ERR,ERR,ERR,ERR,ERR,ERR,ERR,ERR,ERR,ERR,ERR,ERR,ERR,ERR,ERR,ERR,ERR,ERR,ERR,ERR,ERR,34.0,80.0,35,0.0,0.0,0.0,0.0,0.0,0.0,0.0,0.0,0.0,0.0,0.0,0.0,0.0,0.0,0.0,0.0,66.0,0,120,58,53,65476,0,300,0,0,8,20529,65476,0,0,57672,80.0,0.0,0.0,0.0,0.0,0.0
2026-06-18T02:34:37,ERR,ERR,ERR,ERR,ERR,ERR,ERR,ERR,ERR,ERR,ERR,ERR,ERR,ERR,ERR,ERR,ERR,ERR,ERR,ERR,ERR,ERR,ERR,ERR,ERR,ERR,ERR,ERR,ERR,ERR,ERR,ERR,ERR,ERR,ERR,ERR,ERR,ERR,ERR,ERR,ERR,ERR,ERR,ERR,ERR,ERR,ERR,ERR,ERR,ERR,ERR,ERR,ERR,ERR,ERR,ERR,ERR,ERR,ERR,ERR,ERR,ERR,ERR,ERR,ERR,ERR,ERR,ERR,ERR,ERR,ERR,ERR,ERR,ERR,ERR,ERR,ERR,ERR,ERR,ERR,ERR,ERR,ERR,ERR,ERR,ERR,ERR,ERR,ERR,ERR,ERR,ERR,ERR,ERR,ERR,ERR,ERR,ERR,ERR,ERR,ERR,ERR,ERR,ERR,ERR,ERR,ERR,ERR,ERR,ERR,ERR,ERR,ERR,ERR,ERR,ERR,ERR,ERR,ERR,ERR,ERR,ERR,ERR,ERR,ERR,2.7184312818759872e+23,0.0,-0.0,-4.9501291711397626e+32,nan,1.3936040501711995e+18,7.805,-0.0,0,0,4,48924,6720,14723890282496.0,100,0.0,0.0,0.0,-4.9501291711397626e+32,0.0,0,0,0,0,0.0,0,0,0,0,0,0,0,0,0,0,0,0,0,0,0,0,0,0,0,0,0,0,0,0,0,0,0,0,0,0,0,0,0,26,51,50,76,65476,0,300,0,0,8,21553,0.0,-107605600.0,0.0,0.0,0.0,0.0,0.0,0.0,0.0,0.0,0.0,0.0,0.0,0.0,0.0,0.0,0.0,0.0,0.0,0.0,0.0,0.0,-2.004,2.004,-2.004,0.0,0.0,0.0,0.0,0.0,4781.0,-0.0,7283.0,2.7184312818759872e+23,0.0,-0.0,-107615392.0,0.0,0.0,0.0,0.0,77,71.63,5.848052117892078e+35,0.0,0.0,0.0,0.0,0.0,0.0,0.0,0,0,0,0.0,0.0,0.0,0.0,0.0,0.0,0.0,0.0,0.0,0.0,0.0,0.0,0.0,0.0,0.0,0.0,0,-107875648.0,77,0.0,154,0.0,0.0,ERR,ERR,ERR,ERR,ERR,ERR,ERR,ERR,ERR,ERR,ERR,ERR,ERR,ERR,ERR,ERR,ERR,ERR,ERR,ERR,ERR,ERR,ERR,ERR,ERR,ERR,ERR,ERR,ERR,ERR,ERR,ERR,ERR,ERR,ERR,ERR,ERR,ERR,ERR,ERR,ERR,ERR,ERR,ERR,ERR,ERR,ERR,ERR,ERR,ERR,ERR,ERR,ERR,ERR,ERR,ERR,ERR,ERR,ERR,ERR,ERR,ERR,ERR,ERR,ERR,ERR,ERR,34.0,80.0,35,0.0,0.0,0.0,0.0,0.0,0.0,0.0,0.0,0.0,0.0,0.0,0.0,0.0,0.0,0.0,0.0,66.0,0,120,58,53,65476,0,300,0,0,8,20529,65476,0,0,57672,80.0,0.0,0.0,0.0,0.0,0.0
2026-06-18T02:34:38,ERR,ERR,ERR,ERR,ERR,ERR,ERR,ERR,ERR,ERR,ERR,ERR,ERR,ERR,ERR,ERR,ERR,ERR,ERR,ERR,ERR,ERR,ERR,ERR,ERR,ERR,ERR,ERR,ERR,ERR,ERR,ERR,ERR,ERR,ERR,ERR,ERR,ERR,ERR,ERR,ERR,ERR,ERR,ERR,ERR,ERR,ERR,ERR,ERR,ERR,ERR,ERR,ERR,ERR,ERR,ERR,ERR,ERR,ERR,ERR,ERR,ERR,ERR,ERR,ERR,ERR,ERR,ERR,ERR,ERR,ERR,ERR,ERR,ERR,ERR,ERR,ERR,ERR,ERR,ERR,ERR,ERR,ERR,ERR,ERR,ERR,ERR,ERR,ERR,ERR,ERR,ERR,ERR,ERR,ERR,ERR,ERR,ERR,ERR,ERR,ERR,ERR,ERR,ERR,ERR,ERR,ERR,ERR,ERR,ERR,ERR,ERR,ERR,ERR,ERR,ERR,ERR,ERR,ERR,ERR,ERR,ERR,ERR,ERR,ERR,2.7184312818759872e+23,0.0,-0.0,-4.9501291711397626e+32,nan,1.3936040501711995e+18,7.805,-0.0,0,0,4,48924,6720,14723890282496.0,100,0.0,0.0,0.0,-4.9501291711397626e+32,0.0,0,0,0,0,0.0,0,0,0,0,0,0,0,0,0,0,0,0,0,0,0,0,0,0,0,0,0,0,0,0,0,0,0,0,0,0,0,0,0,26,51,50,76,65476,0,300,0,0,8,21553,0.0,-107605600.0,0.0,0.0,0.0,0.0,0.0,0.0,0.0,0.0,0.0,0.0,0.0,0.0,0.0,0.0,0.0,0.0,0.0,0.0,0.0,0.0,-2.004,2.004,-2.004,0.0,0.0,0.0,0.0,0.0,4781.0,-0.0,7283.0,2.7184312818759872e+23,0.0,-0.0,-107615392.0,0.0,0.0,0.0,0.0,77,71.63,5.848052117892078e+35,0.0,0.0,0.0,0.0,0.0,0.0,0.0,0,0,0,0.0,0.0,0.0,0.0,0.0,0.0,0.0,0.0,0.0,0.0,0.0,0.0,0.0,0.0,0.0,0.0,0,-107875648.0,77,0.0,154,0.0,0.0,ERR,ERR,ERR,ERR,ERR,ERR,ERR,ERR,ERR,ERR,ERR,ERR,ERR,ERR,ERR,ERR,ERR,ERR,ERR,ERR,ERR,ERR,ERR,ERR,ERR,ERR,ERR,ERR,ERR,ERR,ERR,ERR,ERR,ERR,ERR,ERR,ERR,ERR,ERR,ERR,ERR,ERR,ERR,ERR,ERR,ERR,ERR,ERR,ERR,ERR,ERR,ERR,ERR,ERR,ERR,ERR,ERR,ERR,ERR,ERR,ERR,ERR,ERR,ERR,ERR,ERR,ERR,34.0,80.0,35,0.0,0.0,0.0,0.0,0.0,0.0,0.0,0.0,0.0,0.0,0.0,0.0,0.0,0.0,0.0,0.0,66.0,0,120,58,53,65476,0,300,0,0,8,20529,65476,0,0,57672,80.0,0.0,0.0,0.0,0.0,0.0
2026-06-18T02:34:39,ERR,ERR,ERR,ERR,ERR,ERR,ERR,ERR,ERR,ERR,ERR,ERR,ERR,ERR,ERR,ERR,ERR,ERR,ERR,ERR,ERR,ERR,ERR,ERR,ERR,ERR,ERR,ERR,ERR,ERR,ERR,ERR,ERR,ERR,ERR,ERR,ERR,ERR,ERR,ERR,ERR,ERR,ERR,ERR,ERR,ERR,ERR,ERR,ERR,ERR,ERR,ERR,ERR,ERR,ERR,ERR,ERR,ERR,ERR,ERR,ERR,ERR,ERR,ERR,ERR,ERR,ERR,ERR,ERR,ERR,ERR,ERR,ERR,ERR,ERR,ERR,ERR,ERR,ERR,ERR,ERR,ERR,ERR,ERR,ERR,ERR,ERR,ERR,ERR,ERR,ERR,ERR,ERR,ERR,ERR,ERR,ERR,ERR,ERR,ERR,ERR,ERR,ERR,ERR,ERR,ERR,ERR,ERR,ERR,ERR,ERR,ERR,ERR,ERR,ERR,ERR,ERR,ERR,ERR,ERR,ERR,ERR,ERR,ERR,ERR,2.7184312818759872e+23,0.0,-0.0,-4.9501291711397626e+32,nan,1.3936040501711995e+18,7.805,-0.0,0,0,4,48924,6720,14723890282496.0,100,0.0,0.0,0.0,-4.9501291711397626e+32,0.0,0,0,0,0,0.0,0,0,0,0,0,0,0,0,0,0,0,0,0,0,0,0,0,0,0,0,0,0,0,0,0,0,0,0,0,0,0,0,0,26,51,50,76,65476,0,300,0,0,8,21553,0.0,-107605600.0,0.0,0.0,0.0,0.0,0.0,0.0,0.0,0.0,0.0,0.0,0.0,0.0,0.0,0.0,0.0,0.0,0.0,0.0,0.0,0.0,-2.004,2.004,-2.004,0.0,0.0,0.0,0.0,0.0,4781.0,-0.0,7283.0,2.7184312818759872e+23,0.0,-0.0,-107615392.0,0.0,0.0,0.0,0.0,77,71.63,5.848052117892078e+35,0.0,0.0,0.0,0.0,0.0,0.0,0.0,0,0,0,0.0,0.0,0.0,0.0,0.0,0.0,0.0,0.0,0.0,0.0,0.0,0.0,0.0,0.0,0.0,0.0,0,-107875648.0,77,0.0,154,0.0,0.0,ERR,ERR,ERR,ERR,ERR,ERR,ERR,ERR,ERR,ERR,ERR,ERR,ERR,ERR,ERR,ERR,ERR,ERR,ERR,ERR,ERR,ERR,ERR,ERR,ERR,ERR,ERR,ERR,ERR,ERR,ERR,ERR,ERR,ERR,ERR,ERR,ERR,ERR,ERR,ERR,ERR,ERR,ERR,ERR,ERR,ERR,ERR,ERR,ERR,ERR,ERR,ERR,ERR,ERR,ERR,ERR,ERR,ERR,ERR,ERR,ERR,ERR,ERR,ERR,ERR,ERR,ERR,34.0,80.0,35,0.0,0.0,0.0,0.0,0.0,0.0,0.0,0.0,0.0,0.0,0.0,0.0,0.0,0.0,0.0,0.0,66.0,0,120,58,53,65476,0,300,0,0,8,20529,65476,0,0,57672,80.0,0.0,0.0,0.0,0.0,0.0
2026-06-18T02:34:40,ERR,ERR,ERR,ERR,ERR,ERR,ERR,ERR,ERR,ERR,ERR,ERR,ERR,ERR,ERR,ERR,ERR,ERR,ERR,ERR,ERR,ERR,ERR,ERR,ERR,ERR,ERR,ERR,ERR,ERR,ERR,ERR,ERR,ERR,ERR,ERR,ERR,ERR,ERR,ERR,ERR,ERR,ERR,ERR,ERR,ERR,ERR,ERR,ERR,ERR,ERR,ERR,ERR,ERR,ERR,ERR,ERR,ERR,ERR,ERR,ERR,ERR,ERR,ERR,ERR,ERR,ERR,ERR,ERR,ERR,ERR,ERR,ERR,ERR,ERR,ERR,ERR,ERR,ERR,ERR,ERR,ERR,ERR,ERR,ERR,ERR,ERR,ERR,ERR,ERR,ERR,ERR,ERR,ERR,ERR,ERR,ERR,ERR,ERR,ERR,ERR,ERR,ERR,ERR,ERR,ERR,ERR,ERR,ERR,ERR,ERR,ERR,ERR,ERR,ERR,ERR,ERR,ERR,ERR,ERR,ERR,ERR,ERR,ERR,ERR,2.7184312818759872e+23,0.0,-0.0,-4.9501291711397626e+32,nan,1.3936040501711995e+18,7.805,-0.0,0,0,4,48924,6720,14723890282496.0,100,0.0,0.0,0.0,-4.9501291711397626e+32,0.0,0,0,0,0,0.0,0,0,0,0,0,0,0,0,0,0,0,0,0,0,0,0,0,0,0,0,0,0,0,0,0,0,0,0,0,0,0,0,0,26,51,50,76,65476,0,300,0,0,8,21553,0.0,-107605600.0,0.0,0.0,0.0,0.0,0.0,0.0,0.0,0.0,0.0,0.0,0.0,0.0,0.0,0.0,0.0,0.0,0.0,0.0,0.0,0.0,-2.004,2.004,-2.004,0.0,0.0,0.0,0.0,0.0,4781.0,-0.0,7283.0,2.7184312818759872e+23,0.0,-0.0,-107615392.0,0.0,0.0,0.0,0.0,77,71.63,5.848052117892078e+35,0.0,0.0,0.0,0.0,0.0,0.0,0.0,0,0,0,0.0,0.0,0.0,0.0,0.0,0.0,0.0,0.0,0.0,0.0,0.0,0.0,0.0,0.0,0.0,0.0,0,-107875648.0,77,0.0,154,0.0,0.0,ERR,ERR,ERR,ERR,ERR,ERR,ERR,ERR,ERR,ERR,ERR,ERR,ERR,ERR,ERR,ERR,ERR,ERR,ERR,ERR,ERR,ERR,ERR,ERR,ERR,ERR,ERR,ERR,ERR,ERR,ERR,ERR,ERR,ERR,ERR,ERR,ERR,ERR,ERR,ERR,ERR,ERR,ERR,ERR,ERR,ERR,ERR,ERR,ERR,ERR,ERR,ERR,ERR,ERR,ERR,ERR,ERR,ERR,ERR,ERR,ERR,ERR,ERR,ERR,ERR,ERR,ERR,34.0,80.0,35,0.0,0.0,0.0,0.0,0.0,0.0,0.0,0.0,0.0,0.0,0.0,0.0,0.0,0.0,0.0,0.0,66.0,0,120,58,53,65476,0,300,0,0,8,20529,65476,0,0,57672,80.0,0.0,0.0,0.0,0.0,0.0
2026-06-18T02:34:41,ERR,ERR,ERR,ERR,ERR,ERR,ERR,ERR,ERR,ERR,ERR,ERR,ERR,ERR,ERR,ERR,ERR,ERR,ERR,ERR,ERR,ERR,ERR,ERR,ERR,ERR,ERR,ERR,ERR,ERR,ERR,ERR,ERR,ERR,ERR,ERR,ERR,ERR,ERR,ERR,ERR,ERR,ERR,ERR,ERR,ERR,ERR,ERR,ERR,ERR,ERR,ERR,ERR,ERR,ERR,ERR,ERR,ERR,ERR,ERR,ERR,ERR,ERR,ERR,ERR,ERR,ERR,ERR,ERR,ERR,ERR,ERR,ERR,ERR,ERR,ERR,ERR,ERR,ERR,ERR,ERR,ERR,ERR,ERR,ERR,ERR,ERR,ERR,ERR,ERR,ERR,ERR,ERR,ERR,ERR,ERR,ERR,ERR,ERR,ERR,ERR,ERR,ERR,ERR,ERR,ERR,ERR,ERR,ERR,ERR,ERR,ERR,ERR,ERR,ERR,ERR,ERR,ERR,ERR,ERR,ERR,ERR,ERR,ERR,ERR,2.7184312818759872e+23,0.0,-0.0,0.059,nan,1.3936040501711995e+18,7.805,0.0,0,0,4,48929,6720,14723890282496.0,100,0.0,0.0,0.0,0.059,0.0,0,0,0,0,0.0,0,0,0,0,0,0,0,0,0,0,0,0,0,0,0,0,0,0,0,0,0,0,0,0,0,0,0,0,0,0,0,0,0,26,51,50,76,65476,0,300,0,0,8,21553,0.0,-107605600.0,0.0,0.0,0.0,0.0,0.0,0.0,0.0,0.0,0.0,0.0,0.0,0.0,0.0,0.0,0.0,0.0,0.0,0.0,0.0,0.0,-2.004,2.004,-2.004,0.0,0.0,0.0,0.0,0.0,4780.0,-0.0,7281.0,2.7184312818759872e+23,0.0,-0.0,-107615392.0,0.0,0.0,0.0,0.0,77,0.059,2.718415789493269e+23,0.0,0.0,0.0,0.0,0.0,0.0,0.0,0,0,0,0.0,0.0,0.0,0.0,0.0,0.0,0.0,0.0,0.0,0.0,0.0,0.0,0.0,0.0,0.0,0.0,0,-107875648.0,77,0.0,154,0.0,0.0,ERR,ERR,ERR,ERR,ERR,ERR,ERR,ERR,ERR,ERR,ERR,ERR,ERR,ERR,ERR,ERR,ERR,ERR,ERR,ERR,ERR,ERR,ERR,ERR,ERR,ERR,ERR,ERR,ERR,ERR,ERR,ERR,ERR,ERR,ERR,ERR,ERR,ERR,ERR,ERR,ERR,ERR,ERR,ERR,ERR,ERR,ERR,ERR,ERR,ERR,ERR,ERR,ERR,ERR,ERR,ERR,ERR,ERR,ERR,ERR,ERR,ERR,ERR,ERR,ERR,ERR,ERR,34.0,80.0,35,0.0,0.0,0.0,0.0,0.0,0.0,0.0,0.0,0.0,0.0,0.0,0.0,0.0,0.0,0.0,0.0,66.0,0,120,58,53,65476,0,300,0,0,8,20529,65476,0,0,57672,80.0,0.0,0.0,0.0,0.0,0.0
2026-06-18T02:34:42,ERR,ERR,ERR,ERR,ERR,ERR,ERR,ERR,ERR,ERR,ERR,ERR,ERR,ERR,ERR,ERR,ERR,ERR,ERR,ERR,ERR,ERR,ERR,ERR,ERR,ERR,ERR,ERR,ERR,ERR,ERR,ERR,ERR,ERR,ERR,ERR,ERR,ERR,ERR,ERR,ERR,ERR,ERR,ERR,ERR,ERR,ERR,ERR,ERR,ERR,ERR,ERR,ERR,ERR,ERR,ERR,ERR,ERR,ERR,ERR,ERR,ERR,ERR,ERR,ERR,ERR,ERR,ERR,ERR,ERR,ERR,ERR,ERR,ERR,ERR,ERR,ERR,ERR,ERR,ERR,ERR,ERR,ERR,ERR,ERR,ERR,ERR,ERR,ERR,ERR,ERR,ERR,ERR,ERR,ERR,ERR,ERR,ERR,ERR,ERR,ERR,ERR,ERR,ERR,ERR,ERR,ERR,ERR,ERR,ERR,ERR,ERR,ERR,ERR,ERR,ERR,ERR,ERR,ERR,ERR,ERR,ERR,ERR,ERR,ERR,2.7184312818759872e+23,0.0,-0.0,0.059,nan,1.3936040501711995e+18,7.805,0.0,0,0,4,48929,6720,14723890282496.0,100,0.0,0.0,0.0,0.059,0.0,0,0,0,0,0.0,0,0,0,0,0,0,0,0,0,0,0,0,0,0,0,0,0,0,0,0,0,0,0,0,0,0,0,0,0,0,0,0,0,26,51,50,76,65476,0,300,0,0,8,21553,0.0,-107605600.0,0.0,0.0,0.0,0.0,0.0,0.0,0.0,0.0,0.0,0.0,0.0,0.0,0.0,0.0,0.0,0.0,0.0,0.0,0.0,0.0,-2.004,2.004,-2.004,0.0,0.0,0.0,0.0,0.0,4780.0,-0.0,7281.0,2.7184312818759872e+23,0.0,-0.0,-107615392.0,0.0,0.0,0.0,0.0,77,0.059,2.718415789493269e+23,0.0,0.0,0.0,0.0,0.0,0.0,0.0,0,0,0,0.0,0.0,0.0,0.0,0.0,0.0,0.0,0.0,0.0,0.0,0.0,0.0,0.0,0.0,0.0,0.0,0,-107875648.0,77,0.0,154,0.0,0.0,ERR,ERR,ERR,ERR,ERR,ERR,ERR,ERR,ERR,ERR,ERR,ERR,ERR,ERR,ERR,ERR,ERR,ERR,ERR,ERR,ERR,ERR,ERR,ERR,ERR,ERR,ERR,ERR,ERR,ERR,ERR,ERR,ERR,ERR,ERR,ERR,ERR,ERR,ERR,ERR,ERR,ERR,ERR,ERR,ERR,ERR,ERR,ERR,ERR,ERR,ERR,ERR,ERR,ERR,ERR,ERR,ERR,ERR,ERR,ERR,ERR,ERR,ERR,ERR,ERR,ERR,ERR,34.0,80.0,35,0.0,0.0,0.0,0.0,0.0,0.0,0.0,0.0,0.0,0.0,0.0,0.0,0.0,0.0,0.0,0.0,66.4,0,120,58,53,65476,0,300,0,0,8,20529,65476,0,0,57672,80.0,0.0,0.0,0.0,0.0,0.0
2026-06-18T02:34:43,ERR,ERR,ERR,ERR,ERR,ERR,ERR,ERR,ERR,ERR,ERR,ERR,ERR,ERR,ERR,ERR,ERR,ERR,ERR,ERR,ERR,ERR,ERR,ERR,ERR,ERR,ERR,ERR,ERR,ERR,ERR,ERR,ERR,ERR,ERR,ERR,ERR,ERR,ERR,ERR,ERR,ERR,ERR,ERR,ERR,ERR,ERR,ERR,ERR,ERR,ERR,ERR,ERR,ERR,ERR,ERR,ERR,ERR,ERR,ERR,ERR,ERR,ERR,ERR,ERR,ERR,ERR,ERR,ERR,ERR,ERR,ERR,ERR,ERR,ERR,ERR,ERR,ERR,ERR,ERR,ERR,ERR,ERR,ERR,ERR,ERR,ERR,ERR,ERR,ERR,ERR,ERR,ERR,ERR,ERR,ERR,ERR,ERR,ERR,ERR,ERR,ERR,ERR,ERR,ERR,ERR,ERR,ERR,ERR,ERR,ERR,ERR,ERR,ERR,ERR,ERR,ERR,ERR,ERR,ERR,ERR,ERR,ERR,ERR,ERR,2.7184312818759872e+23,0.0,-0.0,0.059,nan,1.3936040501711995e+18,7.805,0.0,0,0,4,48929,6720,14723890282496.0,100,0.0,0.0,0.0,0.059,0.0,0,0,0,0,0.0,0,0,0,0,0,0,0,0,0,0,0,0,0,0,0,0,0,0,0,0,0,0,0,0,0,0,0,0,0,0,0,0,0,26,51,50,76,65476,0,300,0,0,8,21553,0.0,-107605600.0,0.0,0.0,0.0,0.0,0.0,0.0,0.0,0.0,0.0,0.0,0.0,0.0,0.0,0.0,0.0,0.0,0.0,0.0,0.0,0.0,-2.004,2.004,-2.004,0.0,0.0,0.0,0.0,0.0,4780.0,-0.0,7281.0,2.7184312818759872e+23,0.0,-0.0,-107615392.0,0.0,0.0,0.0,0.0,77,0.059,2.718415789493269e+23,0.0,0.0,0.0,0.0,0.0,0.0,0.0,0,0,0,0.0,0.0,0.0,0.0,0.0,0.0,0.0,0.0,0.0,0.0,0.0,0.0,0.0,0.0,0.0,0.0,0,-107875648.0,77,0.0,154,0.0,0.0,ERR,ERR,ERR,ERR,ERR,ERR,ERR,ERR,ERR,ERR,ERR,ERR,ERR,ERR,ERR,ERR,ERR,ERR,ERR,ERR,ERR,ERR,ERR,ERR,ERR,ERR,ERR,ERR,ERR,ERR,ERR,ERR,ERR,ERR,ERR,ERR,ERR,ERR,ERR,ERR,ERR,ERR,ERR,ERR,ERR,ERR,ERR,ERR,ERR,ERR,ERR,ERR,ERR,ERR,ERR,ERR,ERR,ERR,ERR,ERR,ERR,ERR,ERR,ERR,ERR,ERR,ERR,34.0,80.0,35,0.0,0.0,0.0,0.0,0.0,0.0,0.0,0.0,0.0,0.0,0.0,0.0,0.0,0.0,0.0,0.0,66.4,0,120,58,53,65476,0,300,0,0,8,20529,65476,0,0,57672,80.0,0.0,0.0,0.0,0.0,0.0
2026-06-18T02:34:44,ERR,ERR,ERR,ERR,ERR,ERR,ERR,ERR,ERR,ERR,ERR,ERR,ERR,ERR,ERR,ERR,ERR,ERR,ERR,ERR,ERR,ERR,ERR,ERR,ERR,ERR,ERR,ERR,ERR,ERR,ERR,ERR,ERR,ERR,ERR,ERR,ERR,ERR,ERR,ERR,ERR,ERR,ERR,ERR,ERR,ERR,ERR,ERR,ERR,ERR,ERR,ERR,ERR,ERR,ERR,ERR,ERR,ERR,ERR,ERR,ERR,ERR,ERR,ERR,ERR,ERR,ERR,ERR,ERR,ERR,ERR,ERR,ERR,ERR,ERR,ERR,ERR,ERR,ERR,ERR,ERR,ERR,ERR,ERR,ERR,ERR,ERR,ERR,ERR,ERR,ERR,ERR,ERR,ERR,ERR,ERR,ERR,ERR,ERR,ERR,ERR,ERR,ERR,ERR,ERR,ERR,ERR,ERR,ERR,ERR,ERR,ERR,ERR,ERR,ERR,ERR,ERR,ERR,ERR,ERR,ERR,ERR,ERR,ERR,ERR,2.7184312818759872e+23,0.0,-0.0,0.059,nan,1.3936040501711995e+18,7.805,0.0,0,0,4,48929,6720,14723890282496.0,100,0.0,0.0,0.0,0.059,0.0,0,0,0,0,0.0,0,0,0,0,0,0,0,0,0,0,0,0,0,0,0,0,0,0,0,0,0,0,0,0,0,0,0,0,0,0,0,0,0,26,51,50,76,65476,0,300,0,0,8,21553,0.0,-107605600.0,0.0,0.0,0.0,0.0,0.0,0.0,0.0,0.0,0.0,0.0,0.0,0.0,0.0,0.0,0.0,0.0,0.0,0.0,0.0,0.0,-2.004,2.004,-2.004,0.0,0.0,0.0,0.0,0.0,4780.0,-0.0,7281.0,2.7184312818759872e+23,0.0,-0.0,-107615392.0,0.0,0.0,0.0,0.0,77,0.059,2.718415789493269e+23,0.0,0.0,0.0,0.0,0.0,0.0,0.0,0,0,0,0.0,0.0,0.0,0.0,0.0,0.0,0.0,0.0,0.0,0.0,0.0,0.0,0.0,0.0,0.0,0.0,0,-107875648.0,77,0.0,154,0.0,0.0,ERR,ERR,ERR,ERR,ERR,ERR,ERR,ERR,ERR,ERR,ERR,ERR,ERR,ERR,ERR,ERR,ERR,ERR,ERR,ERR,ERR,ERR,ERR,ERR,ERR,ERR,ERR,ERR,ERR,ERR,ERR,ERR,ERR,ERR,ERR,ERR,ERR,ERR,ERR,ERR,ERR,ERR,ERR,ERR,ERR,ERR,ERR,ERR,ERR,ERR,ERR,ERR,ERR,ERR,ERR,ERR,ERR,ERR,ERR,ERR,ERR,ERR,ERR,ERR,ERR,ERR,ERR,34.0,80.0,35,0.0,0.0,0.0,0.0,0.0,0.0,0.0,0.0,0.0,0.0,0.0,0.0,0.0,0.0,0.0,0.0,66.4,0,120,58,53,65476,0,300,0,0,8,20529,65476,0,0,57672,80.0,0.0,0.0,0.0,0.0,0.0
2026-06-18T02:34:45,ERR,ERR,ERR,ERR,ERR,ERR,ERR,ERR,ERR,ERR,ERR,ERR,ERR,ERR,ERR,ERR,ERR,ERR,ERR,ERR,ERR,ERR,ERR,ERR,ERR,ERR,ERR,ERR,ERR,ERR,ERR,ERR,ERR,ERR,ERR,ERR,ERR,ERR,ERR,ERR,ERR,ERR,ERR,ERR,ERR,ERR,ERR,ERR,ERR,ERR,ERR,ERR,ERR,ERR,ERR,ERR,ERR,ERR,ERR,ERR,ERR,ERR,ERR,ERR,ERR,ERR,ERR,ERR,ERR,ERR,ERR,ERR,ERR,ERR,ERR,ERR,ERR,ERR,ERR,ERR,ERR,ERR,ERR,ERR,ERR,ERR,ERR,ERR,ERR,ERR,ERR,ERR,ERR,ERR,ERR,ERR,ERR,ERR,ERR,ERR,ERR,ERR,ERR,ERR,ERR,ERR,ERR,ERR,ERR,ERR,ERR,ERR,ERR,ERR,ERR,ERR,ERR,ERR,ERR,ERR,ERR,ERR,ERR,ERR,ERR,2.7184312818759872e+23,0.0,-0.0,0.059,nan,1.3936040501711995e+18,7.805,0.0,0,0,4,48929,6720,14723890282496.0,100,0.0,0.0,0.0,0.059,0.0,0,0,0,0,0.0,0,0,0,0,0,0,0,0,0,0,0,0,0,0,0,0,0,0,0,0,0,0,0,0,0,0,0,0,0,0,0,0,0,26,51,50,76,65476,0,300,0,0,8,21553,0.0,-107605600.0,0.0,0.0,0.0,0.0,0.0,0.0,0.0,0.0,0.0,0.0,0.0,0.0,0.0,0.0,0.0,0.0,0.0,0.0,0.0,0.0,-2.004,2.004,-2.004,0.0,0.0,0.0,0.0,0.0,4780.0,-0.0,7281.0,2.7184312818759872e+23,0.0,-0.0,-107615392.0,0.0,0.0,0.0,0.0,77,0.059,2.718415789493269e+23,0.0,0.0,0.0,0.0,0.0,0.0,0.0,0,0,0,0.0,0.0,0.0,0.0,0.0,0.0,0.0,0.0,0.0,0.0,0.0,0.0,0.0,0.0,0.0,0.0,0,-107875648.0,77,0.0,154,0.0,0.0,ERR,ERR,ERR,ERR,ERR,ERR,ERR,ERR,ERR,ERR,ERR,ERR,ERR,ERR,ERR,ERR,ERR,ERR,ERR,ERR,ERR,ERR,ERR,ERR,ERR,ERR,ERR,ERR,ERR,ERR,ERR,ERR,ERR,ERR,ERR,ERR,ERR,ERR,ERR,ERR,ERR,ERR,ERR,ERR,ERR,ERR,ERR,ERR,ERR,ERR,ERR,ERR,ERR,ERR,ERR,ERR,ERR,ERR,ERR,ERR,ERR,ERR,ERR,ERR,ERR,ERR,ERR,34.0,80.0,35,0.0,0.0,0.0,0.0,0.0,0.0,0.0,0.0,0.0,0.0,0.0,0.0,0.0,0.0,0.0,0.0,66.0,0,120,58,53,65476,0,300,0,0,8,20529,65476,0,0,57672,80.0,0.0,0.0,0.0,0.0,0.0
2026-06-18T02:34:46,ERR,ERR,ERR,ERR,ERR,ERR,ERR,ERR,ERR,ERR,ERR,ERR,ERR,ERR,ERR,ERR,ERR,ERR,ERR,ERR,ERR,ERR,ERR,ERR,ERR,ERR,ERR,ERR,ERR,ERR,ERR,ERR,ERR,ERR,ERR,ERR,ERR,ERR,ERR,ERR,ERR,ERR,ERR,ERR,ERR,ERR,ERR,ERR,ERR,ERR,ERR,ERR,ERR,ERR,ERR,ERR,ERR,ERR,ERR,ERR,ERR,ERR,ERR,ERR,ERR,ERR,ERR,ERR,ERR,ERR,ERR,ERR,ERR,ERR,ERR,ERR,ERR,ERR,ERR,ERR,ERR,ERR,ERR,ERR,ERR,ERR,ERR,ERR,ERR,ERR,ERR,ERR,ERR,ERR,ERR,ERR,ERR,ERR,ERR,ERR,ERR,ERR,ERR,ERR,ERR,ERR,ERR,ERR,ERR,ERR,ERR,ERR,ERR,ERR,ERR,ERR,ERR,ERR,ERR,ERR,ERR,ERR,ERR,ERR,ERR,2.7184312818759872e+23,0.0,-0.0,-0.0,nan,1.3936040501711995e+18,7.805,-0.0,0,0,4,48933,6720,14723890282496.0,100,0.0,0.0,0.0,0.0,0.0,0,0,0,0,0.0,0,0,0,0,0,0,0,0,0,0,0,0,0,0,0,0,0,0,0,0,0,0,0,0,0,0,0,0,0,0,0,0,0,26,51,50,76,65476,0,300,0,0,8,21553,0.0,-107605600.0,0.0,0.0,0.0,0.0,0.0,0.0,0.0,0.0,0.0,0.0,0.0,0.0,0.0,0.0,0.0,0.0,0.0,0.0,0.0,0.0,-2.004,2.004,-2.004,0.0,0.0,0.0,0.0,0.0,4780.0,-0.0,7281.0,2.7184312818759872e+23,0.0,-0.0,-107615392.0,0.0,0.0,0.0,0.0,77,0.059,1.905684376578949e+17,0.0,0.0,0.0,0.0,0.0,0.0,0.0,0,0,0,0.0,0.0,0.0,0.0,0.0,0.0,0.0,0.0,0.0,0.0,0.0,0.0,0.0,0.0,0.0,0.0,0,-107875648.0,77,0.0,154,0.0,0.0,ERR,ERR,ERR,ERR,ERR,ERR,ERR,ERR,ERR,ERR,ERR,ERR,ERR,ERR,ERR,ERR,ERR,ERR,ERR,ERR,ERR,ERR,ERR,ERR,ERR,ERR,ERR,ERR,ERR,ERR,ERR,ERR,ERR,ERR,ERR,ERR,ERR,ERR,ERR,ERR,ERR,ERR,ERR,ERR,ERR,ERR,ERR,ERR,ERR,ERR,ERR,ERR,ERR,ERR,ERR,ERR,ERR,ERR,ERR,ERR,ERR,ERR,ERR,ERR,ERR,ERR,ERR,34.0,80.0,35,0.0,0.0,0.0,0.0,0.0,0.0,0.0,0.0,0.0,0.0,0.0,0.0,0.0,0.0,0.0,0.0,66.0,0,120,58,53,65476,0,300,0,0,8,20529,65476,0,0,57672,80.0,0.0,0.0,0.0,0.0,0.0
2026-06-18T02:34:47,ERR,ERR,ERR,ERR,ERR,ERR,ERR,ERR,ERR,ERR,ERR,ERR,ERR,ERR,ERR,ERR,ERR,ERR,ERR,ERR,ERR,ERR,ERR,ERR,ERR,ERR,ERR,ERR,ERR,ERR,ERR,ERR,ERR,ERR,ERR,ERR,ERR,ERR,ERR,ERR,ERR,ERR,ERR,ERR,ERR,ERR,ERR,ERR,ERR,ERR,ERR,ERR,ERR,ERR,ERR,ERR,ERR,ERR,ERR,ERR,ERR,ERR,ERR,ERR,ERR,ERR,ERR,ERR,ERR,ERR,ERR,ERR,ERR,ERR,ERR,ERR,ERR,ERR,ERR,ERR,ERR,ERR,ERR,ERR,ERR,ERR,ERR,ERR,ERR,ERR,ERR,ERR,ERR,ERR,ERR,ERR,ERR,ERR,ERR,ERR,ERR,ERR,ERR,ERR,ERR,ERR,ERR,ERR,ERR,ERR,ERR,ERR,ERR,ERR,ERR,ERR,ERR,ERR,ERR,ERR,ERR,ERR,ERR,ERR,ERR,2.7184312818759872e+23,0.0,-0.0,-0.0,nan,1.3936040501711995e+18,7.805,-0.0,0,0,4,48933,6720,14723890282496.0,100,0.0,0.0,0.0,0.0,0.0,0,0,0,0,0.0,0,0,0,0,0,0,0,0,0,0,0,0,0,0,0,0,0,0,0,0,0,0,0,0,0,0,0,0,0,0,0,0,0,26,51,50,76,65476,0,300,0,0,8,21553,0.0,-107605600.0,0.0,0.0,0.0,0.0,0.0,0.0,0.0,0.0,0.0,0.0,0.0,0.0,0.0,0.0,0.0,0.0,0.0,0.0,0.0,0.0,-2.004,2.004,-2.004,0.0,0.0,0.0,0.0,0.0,4780.0,-0.0,7281.0,2.7184312818759872e+23,0.0,-0.0,-107615392.0,0.0,0.0,0.0,0.0,77,0.059,1.905684376578949e+17,0.0,0.0,0.0,0.0,0.0,0.0,0.0,0,0,0,0.0,0.0,0.0,0.0,0.0,0.0,0.0,0.0,0.0,0.0,0.0,0.0,0.0,0.0,0.0,0.0,0,-107875648.0,77,0.0,154,0.0,0.0,ERR,ERR,ERR,ERR,ERR,ERR,ERR,ERR,ERR,ERR,ERR,ERR,ERR,ERR,ERR,ERR,ERR,ERR,ERR,ERR,ERR,ERR,ERR,ERR,ERR,ERR,ERR,ERR,ERR,ERR,ERR,ERR,ERR,ERR,ERR,ERR,ERR,ERR,ERR,ERR,ERR,ERR,ERR,ERR,ERR,ERR,ERR,ERR,ERR,ERR,ERR,ERR,ERR,ERR,ERR,ERR,ERR,ERR,ERR,ERR,ERR,ERR,ERR,ERR,ERR,ERR,ERR,34.0,80.0,35,0.0,0.0,0.0,0.0,0.0,0.0,0.0,0.0,0.0,0.0,0.0,0.0,0.0,0.0,0.0,0.0,65.6,0,120,58,53,65476,0,300,0,0,8,20529,65476,0,0,57672,80.0,0.0,0.0,0.0,0.0,0.0
2026-06-18T02:34:48,ERR,ERR,ERR,ERR,ERR,ERR,ERR,ERR,ERR,ERR,ERR,ERR,ERR,ERR,ERR,ERR,ERR,ERR,ERR,ERR,ERR,ERR,ERR,ERR,ERR,ERR,ERR,ERR,ERR,ERR,ERR,ERR,ERR,ERR,ERR,ERR,ERR,ERR,ERR,ERR,ERR,ERR,ERR,ERR,ERR,ERR,ERR,ERR,ERR,ERR,ERR,ERR,ERR,ERR,ERR,ERR,ERR,ERR,ERR,ERR,ERR,ERR,ERR,ERR,ERR,ERR,ERR,ERR,ERR,ERR,ERR,ERR,ERR,ERR,ERR,ERR,ERR,ERR,ERR,ERR,ERR,ERR,ERR,ERR,ERR,ERR,ERR,ERR,ERR,ERR,ERR,ERR,ERR,ERR,ERR,ERR,ERR,ERR,ERR,ERR,ERR,ERR,ERR,ERR,ERR,ERR,ERR,ERR,ERR,ERR,ERR,ERR,ERR,ERR,ERR,ERR,ERR,ERR,ERR,ERR,ERR,ERR,ERR,ERR,ERR,2.7184312818759872e+23,0.0,-0.0,-0.0,nan,1.3936040501711995e+18,7.805,-0.0,0,0,4,48933,6720,14723890282496.0,100,0.0,0.0,0.0,0.0,0.0,0,0,0,0,0.0,0,0,0,0,0,0,0,0,0,0,0,0,0,0,0,0,0,0,0,0,0,0,0,0,0,0,0,0,0,0,0,0,0,26,51,50,76,65476,0,300,0,0,8,21553,0.0,-107605600.0,0.0,0.0,0.0,0.0,0.0,0.0,0.0,0.0,0.0,0.0,0.0,0.0,0.0,0.0,0.0,0.0,0.0,0.0,0.0,0.0,-2.004,2.004,-2.004,0.0,0.0,0.0,0.0,0.0,4780.0,-0.0,7281.0,2.7184312818759872e+23,0.0,-0.0,-107615392.0,0.0,0.0,0.0,0.0,77,0.059,1.905684376578949e+17,0.0,0.0,0.0,0.0,0.0,0.0,0.0,0,0,0,0.0,0.0,0.0,0.0,0.0,0.0,0.0,0.0,0.0,0.0,0.0,0.0,0.0,0.0,0.0,0.0,0,-107875648.0,77,0.0,154,0.0,0.0,ERR,ERR,ERR,ERR,ERR,ERR,ERR,ERR,ERR,ERR,ERR,ERR,ERR,ERR,ERR,ERR,ERR,ERR,ERR,ERR,ERR,ERR,ERR,ERR,ERR,ERR,ERR,ERR,ERR,ERR,ERR,ERR,ERR,ERR,ERR,ERR,ERR,ERR,ERR,ERR,ERR,ERR,ERR,ERR,ERR,ERR,ERR,ERR,ERR,ERR,ERR,ERR,ERR,ERR,ERR,ERR,ERR,ERR,ERR,ERR,ERR,ERR,ERR,ERR,ERR,ERR,ERR,34.0,80.0,35,0.0,0.0,0.0,0.0,0.0,0.0,0.0,0.0,0.0,0.0,0.0,0.0,0.0,0.0,0.0,0.0,65.6,0,120,58,53,65476,0,300,0,0,8,20529,65476,0,0,57672,80.0,0.0,0.0,0.0,0.0,0.0
2026-06-18T02:34:49,ERR,ERR,ERR,ERR,ERR,ERR,ERR,ERR,ERR,ERR,ERR,ERR,ERR,ERR,ERR,ERR,ERR,ERR,ERR,ERR,ERR,ERR,ERR,ERR,ERR,ERR,ERR,ERR,ERR,ERR,ERR,ERR,ERR,ERR,ERR,ERR,ERR,ERR,ERR,ERR,ERR,ERR,ERR,ERR,ERR,ERR,ERR,ERR,ERR,ERR,ERR,ERR,ERR,ERR,ERR,ERR,ERR,ERR,ERR,ERR,ERR,ERR,ERR,ERR,ERR,ERR,ERR,ERR,ERR,ERR,ERR,ERR,ERR,ERR,ERR,ERR,ERR,ERR,ERR,ERR,ERR,ERR,ERR,ERR,ERR,ERR,ERR,ERR,ERR,ERR,ERR,ERR,ERR,ERR,ERR,ERR,ERR,ERR,ERR,ERR,ERR,ERR,ERR,ERR,ERR,ERR,ERR,ERR,ERR,ERR,ERR,ERR,ERR,ERR,ERR,ERR,ERR,ERR,ERR,ERR,ERR,ERR,ERR,ERR,ERR,2.7184312818759872e+23,0.0,-0.0,-0.0,nan,1.3936040501711995e+18,7.805,-0.0,0,0,4,48933,6720,14723890282496.0,100,0.0,0.0,0.0,0.0,0.0,0,0,0,0,0.0,0,0,0,0,0,0,0,0,0,0,0,0,0,0,0,0,0,0,0,0,0,0,0,0,0,0,0,0,0,0,0,0,0,26,51,50,76,65476,0,300,0,0,8,21553,0.0,-107605600.0,0.0,0.0,0.0,0.0,0.0,0.0,0.0,0.0,0.0,0.0,0.0,0.0,0.0,0.0,0.0,0.0,0.0,0.0,0.0,0.0,-2.004,2.004,-2.004,0.0,0.0,0.0,0.0,0.0,4780.0,-0.0,7281.0,2.7184312818759872e+23,0.0,-0.0,-107615392.0,0.0,0.0,0.0,0.0,77,0.059,1.905684376578949e+17,0.0,0.0,0.0,0.0,0.0,0.0,0.0,0,0,0,0.0,0.0,0.0,0.0,0.0,0.0,0.0,0.0,0.0,0.0,0.0,0.0,0.0,0.0,0.0,0.0,0,-107875648.0,77,0.0,154,0.0,0.0,ERR,ERR,ERR,ERR,ERR,ERR,ERR,ERR,ERR,ERR,ERR,ERR,ERR,ERR,ERR,ERR,ERR,ERR,ERR,ERR,ERR,ERR,ERR,ERR,ERR,ERR,ERR,ERR,ERR,ERR,ERR,ERR,ERR,ERR,ERR,ERR,ERR,ERR,ERR,ERR,ERR,ERR,ERR,ERR,ERR,ERR,ERR,ERR,ERR,ERR,ERR,ERR,ERR,ERR,ERR,ERR,ERR,ERR,ERR,ERR,ERR,ERR,ERR,ERR,ERR,ERR,ERR,34.0,80.0,35,0.0,0.0,0.0,0.0,0.0,0.0,0.0,0.0,0.0,0.0,0.0,0.0,0.0,0.0,0.0,0.0,66.0,0,120,58,53,65476,0,300,0,0,8,20529,65476,0,0,57672,80.0,0.0,0.0,0.0,0.0,0.0
2026-06-18T02:34:50,ERR,ERR,ERR,ERR,ERR,ERR,ERR,ERR,ERR,ERR,ERR,ERR,ERR,ERR,ERR,ERR,ERR,ERR,ERR,ERR,ERR,ERR,ERR,ERR,ERR,ERR,ERR,ERR,ERR,ERR,ERR,ERR,ERR,ERR,ERR,ERR,ERR,ERR,ERR,ERR,ERR,ERR,ERR,ERR,ERR,ERR,ERR,ERR,ERR,ERR,ERR,ERR,ERR,ERR,ERR,ERR,ERR,ERR,ERR,ERR,ERR,ERR,ERR,ERR,ERR,ERR,ERR,ERR,ERR,ERR,ERR,ERR,ERR,ERR,ERR,ERR,ERR,ERR,ERR,ERR,ERR,ERR,ERR,ERR,ERR,ERR,ERR,ERR,ERR,ERR,ERR,ERR,ERR,ERR,ERR,ERR,ERR,ERR,ERR,ERR,ERR,ERR,ERR,ERR,ERR,ERR,ERR,ERR,ERR,ERR,ERR,ERR,ERR,ERR,ERR,ERR,ERR,ERR,ERR,ERR,ERR,ERR,ERR,ERR,ERR,2.7184312818759872e+23,0.0,-0.0,-0.0,nan,1.3936040501711995e+18,7.805,-0.0,0,0,4,48933,6720,14723890282496.0,100,0.0,0.0,0.0,0.0,0.0,0,0,0,0,0.0,0,0,0,0,0,0,0,0,0,0,0,0,0,0,0,0,0,0,0,0,0,0,0,0,0,0,0,0,0,0,0,0,0,26,51,50,76,65476,0,300,0,0,8,21553,0.0,-107605600.0,0.0,0.0,0.0,0.0,0.0,0.0,0.0,0.0,0.0,0.0,0.0,0.0,0.0,0.0,0.0,0.0,0.0,0.0,0.0,0.0,-2.004,2.004,-2.004,0.0,0.0,0.0,0.0,0.0,4780.0,-0.0,7281.0,2.7184312818759872e+23,0.0,-0.0,-107615392.0,0.0,0.0,0.0,0.0,77,0.059,1.905684376578949e+17,0.0,0.0,0.0,0.0,0.0,0.0,0.0,0,0,0,0.0,0.0,0.0,0.0,0.0,0.0,0.0,0.0,0.0,0.0,0.0,0.0,0.0,0.0,0.0,0.0,0,-107875648.0,77,0.0,154,0.0,0.0,ERR,ERR,ERR,ERR,ERR,ERR,ERR,ERR,ERR,ERR,ERR,ERR,ERR,ERR,ERR,ERR,ERR,ERR,ERR,ERR,ERR,ERR,ERR,ERR,ERR,ERR,ERR,ERR,ERR,ERR,ERR,ERR,ERR,ERR,ERR,ERR,ERR,ERR,ERR,ERR,ERR,ERR,ERR,ERR,ERR,ERR,ERR,ERR,ERR,ERR,ERR,ERR,ERR,ERR,ERR,ERR,ERR,ERR,ERR,ERR,ERR,ERR,ERR,ERR,ERR,ERR,ERR,34.0,80.0,35,0.0,0.0,0.0,0.0,0.0,0.0,0.0,0.0,0.0,0.0,0.0,0.0,0.0,0.0,0.0,0.0,66.0,0,120,58,53,65476,0,300,0,0,8,20529,65476,0,0,57672,80.0,0.0,0.0,0.0,0.0,0.0
2026-06-18T02:34:51,ERR,ERR,ERR,ERR,ERR,ERR,ERR,ERR,ERR,ERR,ERR,ERR,ERR,ERR,ERR,ERR,ERR,ERR,ERR,ERR,ERR,ERR,ERR,ERR,ERR,ERR,ERR,ERR,ERR,ERR,ERR,ERR,ERR,ERR,ERR,ERR,ERR,ERR,ERR,ERR,ERR,ERR,ERR,ERR,ERR,ERR,ERR,ERR,ERR,ERR,ERR,ERR,ERR,ERR,ERR,ERR,ERR,ERR,ERR,ERR,ERR,ERR,ERR,ERR,ERR,ERR,ERR,ERR,ERR,ERR,ERR,ERR,ERR,ERR,ERR,ERR,ERR,ERR,ERR,ERR,ERR,ERR,ERR,ERR,ERR,ERR,ERR,ERR,ERR,ERR,ERR,ERR,ERR,ERR,ERR,ERR,ERR,ERR,ERR,ERR,ERR,ERR,ERR,ERR,ERR,ERR,ERR,ERR,ERR,ERR,ERR,ERR,ERR,ERR,ERR,ERR,ERR,ERR,ERR,ERR,ERR,ERR,ERR,ERR,ERR,2.7184312818759872e+23,0.0,-0.0,-0.0,nan,1.3936040501711995e+18,7.805,1.2122276757504e+16,0,0,4,48933,6720,14723890282496.0,100,0.0,0.0,0.0,-0.0,0.0,0,0,0,0,0.0,0,0,0,0,0,0,0,0,0,0,0,0,0,0,0,0,0,0,0,0,0,0,0,0,0,0,0,0,0,0,0,0,0,26,51,50,76,65476,0,300,0,0,8,21553,0.0,-107605600.0,0.0,0.0,0.0,0.0,0.0,0.0,0.0,0.0,0.0,0.0,0.0,0.0,0.0,0.0,0.0,0.0,0.0,0.0,0.0,0.0,-2.004,2.004,-2.004,0.0,0.0,0.0,0.0,0.0,4780.0,2.422985886919649e+24,7275.0,2.7184312818759872e+23,0.0,-0.0,-107615392.0,0.0,0.0,0.0,0.0,77,0.059,0.0,0.0,0.0,0.0,0.0,0.0,0.0,0.0,0,0,0,0.0,0.0,0.0,0.0,0.0,0.0,0.0,0.0,0.0,0.0,0.0,0.0,0.0,0.0,0.0,0.0,0,-107875648.0,77,0.0,154,0.0,0.0,ERR,ERR,ERR,ERR,ERR,ERR,ERR,ERR,ERR,ERR,ERR,ERR,ERR,ERR,ERR,ERR,ERR,ERR,ERR,ERR,ERR,ERR,ERR,ERR,ERR,ERR,ERR,ERR,ERR,ERR,ERR,ERR,ERR,ERR,ERR,ERR,ERR,ERR,ERR,ERR,ERR,ERR,ERR,ERR,ERR,ERR,ERR,ERR,ERR,ERR,ERR,ERR,ERR,ERR,ERR,ERR,ERR,ERR,ERR,ERR,ERR,ERR,ERR,ERR,ERR,ERR,ERR,34.0,80.0,35,0.0,0.0,0.0,0.0,0.0,0.0,0.0,0.0,0.0,0.0,0.0,0.0,0.0,0.0,0.0,0.0,66.0,0,120,58,53,65476,0,300,0,0,8,20529,65476,0,0,57672,80.0,0.0,0.0,0.0,0.0,0.0
2026-06-18T02:34:52,ERR,ERR,ERR,ERR,ERR,ERR,ERR,ERR,ERR,ERR,ERR,ERR,ERR,ERR,ERR,ERR,ERR,ERR,ERR,ERR,ERR,ERR,ERR,ERR,ERR,ERR,ERR,ERR,ERR,ERR,ERR,ERR,ERR,ERR,ERR,ERR,ERR,ERR,ERR,ERR,ERR,ERR,ERR,ERR,ERR,ERR,ERR,ERR,ERR,ERR,ERR,ERR,ERR,ERR,ERR,ERR,ERR,ERR,ERR,ERR,ERR,ERR,ERR,ERR,ERR,ERR,ERR,ERR,ERR,ERR,ERR,ERR,ERR,ERR,ERR,ERR,ERR,ERR,ERR,ERR,ERR,ERR,ERR,ERR,ERR,ERR,ERR,ERR,ERR,ERR,ERR,ERR,ERR,ERR,ERR,ERR,ERR,ERR,ERR,ERR,ERR,ERR,ERR,ERR,ERR,ERR,ERR,ERR,ERR,ERR,ERR,ERR,ERR,ERR,ERR,ERR,ERR,ERR,ERR,ERR,ERR,ERR,ERR,ERR,ERR,2.7184312818759872e+23,0.0,-0.0,-0.0,nan,1.3936040501711995e+18,7.805,1.2122276757504e+16,0,0,4,48933,6720,14723890282496.0,100,0.0,0.0,0.0,-0.0,0.0,0,0,0,0,0.0,0,0,0,0,0,0,0,0,0,0,0,0,0,0,0,0,0,0,0,0,0,0,0,0,0,0,0,0,0,0,0,0,0,26,51,50,76,65476,0,300,0,0,8,21553,0.0,-107605600.0,0.0,0.0,0.0,0.0,0.0,0.0,0.0,0.0,0.0,0.0,0.0,0.0,0.0,0.0,0.0,0.0,0.0,0.0,0.0,0.0,-2.004,2.004,-2.004,0.0,0.0,0.0,0.0,0.0,4780.0,2.422985886919649e+24,7275.0,2.7184312818759872e+23,0.0,-0.0,-107615392.0,0.0,0.0,0.0,0.0,77,0.059,0.0,0.0,0.0,0.0,0.0,0.0,0.0,0.0,0,0,0,0.0,0.0,0.0,0.0,0.0,0.0,0.0,0.0,0.0,0.0,0.0,0.0,0.0,0.0,0.0,0.0,0,-107875648.0,77,0.0,154,0.0,0.0,ERR,ERR,ERR,ERR,ERR,ERR,ERR,ERR,ERR,ERR,ERR,ERR,ERR,ERR,ERR,ERR,ERR,ERR,ERR,ERR,ERR,ERR,ERR,ERR,ERR,ERR,ERR,ERR,ERR,ERR,ERR,ERR,ERR,ERR,ERR,ERR,ERR,ERR,ERR,ERR,ERR,ERR,ERR,ERR,ERR,ERR,ERR,ERR,ERR,ERR,ERR,ERR,ERR,ERR,ERR,ERR,ERR,ERR,ERR,ERR,ERR,ERR,ERR,ERR,ERR,ERR,ERR,34.0,80.0,35,0.0,0.0,0.0,0.0,0.0,0.0,0.0,0.0,0.0,0.0,0.0,0.0,0.0,0.0,0.0,0.0,66.0,0,120,58,53,65476,0,300,0,0,8,20529,65476,0,0,57672,80.0,0.0,0.0,0.0,0.0,0.0
2026-06-18T02:34:53,ERR,ERR,ERR,ERR,ERR,ERR,ERR,ERR,ERR,ERR,ERR,ERR,ERR,ERR,ERR,ERR,ERR,ERR,ERR,ERR,ERR,ERR,ERR,ERR,ERR,ERR,ERR,ERR,ERR,ERR,ERR,ERR,ERR,ERR,ERR,ERR,ERR,ERR,ERR,ERR,ERR,ERR,ERR,ERR,ERR,ERR,ERR,ERR,ERR,ERR,ERR,ERR,ERR,ERR,ERR,ERR,ERR,ERR,ERR,ERR,ERR,ERR,ERR,ERR,ERR,ERR,ERR,ERR,ERR,ERR,ERR,ERR,ERR,ERR,ERR,ERR,ERR,ERR,ERR,ERR,ERR,ERR,ERR,ERR,ERR,ERR,ERR,ERR,ERR,ERR,ERR,ERR,ERR,ERR,ERR,ERR,ERR,ERR,ERR,ERR,ERR,ERR,ERR,ERR,ERR,ERR,ERR,ERR,ERR,ERR,ERR,ERR,ERR,ERR,ERR,ERR,ERR,ERR,ERR,ERR,ERR,ERR,ERR,ERR,ERR,2.7184312818759872e+23,0.0,-0.0,-0.0,nan,1.3936040501711995e+18,7.805,1.2122276757504e+16,0,0,4,48933,6720,14723890282496.0,100,0.0,0.0,0.0,-0.0,0.0,0,0,0,0,0.0,0,0,0,0,0,0,0,0,0,0,0,0,0,0,0,0,0,0,0,0,0,0,0,0,0,0,0,0,0,0,0,0,0,26,51,50,76,65476,0,300,0,0,8,21553,0.0,-107605600.0,0.0,0.0,0.0,0.0,0.0,0.0,0.0,0.0,0.0,0.0,0.0,0.0,0.0,0.0,0.0,0.0,0.0,0.0,0.0,0.0,-2.004,2.004,-2.004,0.0,0.0,0.0,0.0,0.0,4780.0,2.422985886919649e+24,7275.0,2.7184312818759872e+23,0.0,-0.0,-107615392.0,0.0,0.0,0.0,0.0,77,0.059,0.0,0.0,0.0,0.0,0.0,0.0,0.0,0.0,0,0,0,0.0,0.0,0.0,0.0,0.0,0.0,0.0,0.0,0.0,0.0,0.0,0.0,0.0,0.0,0.0,0.0,0,-107875648.0,77,0.0,154,0.0,0.0,ERR,ERR,ERR,ERR,ERR,ERR,ERR,ERR,ERR,ERR,ERR,ERR,ERR,ERR,ERR,ERR,ERR,ERR,ERR,ERR,ERR,ERR,ERR,ERR,ERR,ERR,ERR,ERR,ERR,ERR,ERR,ERR,ERR,ERR,ERR,ERR,ERR,ERR,ERR,ERR,ERR,ERR,ERR,ERR,ERR,ERR,ERR,ERR,ERR,ERR,ERR,ERR,ERR,ERR,ERR,ERR,ERR,ERR,ERR,ERR,ERR,ERR,ERR,ERR,ERR,ERR,ERR,34.0,80.0,35,0.0,0.0,0.0,0.0,0.0,0.0,0.0,0.0,0.0,0.0,0.0,0.0,0.0,0.0,0.0,0.0,66.0,0,120,58,53,65476,0,300,0,0,8,20529,65476,0,0,57672,80.0,0.0,0.0,0.0,0.0,0.0
2026-06-18T02:34:54,ERR,ERR,ERR,ERR,ERR,ERR,ERR,ERR,ERR,ERR,ERR,ERR,ERR,ERR,ERR,ERR,ERR,ERR,ERR,ERR,ERR,ERR,ERR,ERR,ERR,ERR,ERR,ERR,ERR,ERR,ERR,ERR,ERR,ERR,ERR,ERR,ERR,ERR,ERR,ERR,ERR,ERR,ERR,ERR,ERR,ERR,ERR,ERR,ERR,ERR,ERR,ERR,ERR,ERR,ERR,ERR,ERR,ERR,ERR,ERR,ERR,ERR,ERR,ERR,ERR,ERR,ERR,ERR,ERR,ERR,ERR,ERR,ERR,ERR,ERR,ERR,ERR,ERR,ERR,ERR,ERR,ERR,ERR,ERR,ERR,ERR,ERR,ERR,ERR,ERR,ERR,ERR,ERR,ERR,ERR,ERR,ERR,ERR,ERR,ERR,ERR,ERR,ERR,ERR,ERR,ERR,ERR,ERR,ERR,ERR,ERR,ERR,ERR,ERR,ERR,ERR,ERR,ERR,ERR,ERR,ERR,ERR,ERR,ERR,ERR,2.7184312818759872e+23,0.0,-0.0,-0.0,nan,1.3936040501711995e+18,7.805,1.2122276757504e+16,0,0,4,48933,6720,14723890282496.0,100,0.0,0.0,0.0,-0.0,0.0,0,0,0,0,0.0,0,0,0,0,0,0,0,0,0,0,0,0,0,0,0,0,0,0,0,0,0,0,0,0,0,0,0,0,0,0,0,0,0,26,51,50,76,65476,0,300,0,0,8,21553,0.0,-107605600.0,0.0,0.0,0.0,0.0,0.0,0.0,0.0,0.0,0.0,0.0,0.0,0.0,0.0,0.0,0.0,0.0,0.0,0.0,0.0,0.0,-2.004,2.004,-2.004,0.0,0.0,0.0,0.0,0.0,4780.0,2.422985886919649e+24,7275.0,2.7184312818759872e+23,0.0,-0.0,-107615392.0,0.0,0.0,0.0,0.0,77,0.059,0.0,0.0,0.0,0.0,0.0,0.0,0.0,0.0,0,0,0,0.0,0.0,0.0,0.0,0.0,0.0,0.0,0.0,0.0,0.0,0.0,0.0,0.0,0.0,0.0,0.0,0,-107875648.0,77,0.0,154,0.0,0.0,ERR,ERR,ERR,ERR,ERR,ERR,ERR,ERR,ERR,ERR,ERR,ERR,ERR,ERR,ERR,ERR,ERR,ERR,ERR,ERR,ERR,ERR,ERR,ERR,ERR,ERR,ERR,ERR,ERR,ERR,ERR,ERR,ERR,ERR,ERR,ERR,ERR,ERR,ERR,ERR,ERR,ERR,ERR,ERR,ERR,ERR,ERR,ERR,ERR,ERR,ERR,ERR,ERR,ERR,ERR,ERR,ERR,ERR,ERR,ERR,ERR,ERR,ERR,ERR,ERR,ERR,ERR,34.0,80.0,35,0.0,0.0,0.0,0.0,0.0,0.0,0.0,0.0,0.0,0.0,0.0,0.0,0.0,0.0,0.0,0.0,66.0,0,120,58,53,65476,0,300,0,0,8,20529,65476,0,0,57672,80.0,0.0,0.0,0.0,0.0,0.0
2026-06-18T02:34:55,ERR,ERR,ERR,ERR,ERR,ERR,ERR,ERR,ERR,ERR,ERR,ERR,ERR,ERR,ERR,ERR,ERR,ERR,ERR,ERR,ERR,ERR,ERR,ERR,ERR,ERR,ERR,ERR,ERR,ERR,ERR,ERR,ERR,ERR,ERR,ERR,ERR,ERR,ERR,ERR,ERR,ERR,ERR,ERR,ERR,ERR,ERR,ERR,ERR,ERR,ERR,ERR,ERR,ERR,ERR,ERR,ERR,ERR,ERR,ERR,ERR,ERR,ERR,ERR,ERR,ERR,ERR,ERR,ERR,ERR,ERR,ERR,ERR,ERR,ERR,ERR,ERR,ERR,ERR,ERR,ERR,ERR,ERR,ERR,ERR,ERR,ERR,ERR,ERR,ERR,ERR,ERR,ERR,ERR,ERR,ERR,ERR,ERR,ERR,ERR,ERR,ERR,ERR,ERR,ERR,ERR,ERR,ERR,ERR,ERR,ERR,ERR,ERR,ERR,ERR,ERR,ERR,ERR,ERR,ERR,ERR,ERR,ERR,ERR,ERR,2.7184312818759872e+23,0.0,-0.0,-0.0,nan,1.3936040501711995e+18,7.805,1.2122276757504e+16,0,0,4,48933,6720,14723890282496.0,100,0.0,0.0,0.0,-0.0,0.0,0,0,0,0,0.0,0,0,0,0,0,0,0,0,0,0,0,0,0,0,0,0,0,0,0,0,0,0,0,0,0,0,0,0,0,0,0,0,0,26,51,50,76,65476,0,300,0,0,8,21553,0.0,-107605600.0,0.0,0.0,0.0,0.0,0.0,0.0,0.0,0.0,0.0,0.0,0.0,0.0,0.0,0.0,0.0,0.0,0.0,0.0,0.0,0.0,-2.004,2.004,-2.004,0.0,0.0,0.0,0.0,0.0,4780.0,2.422985886919649e+24,7275.0,2.7184312818759872e+23,0.0,-0.0,-107615392.0,0.0,0.0,0.0,0.0,77,0.059,0.0,0.0,0.0,0.0,0.0,0.0,0.0,0.0,0,0,0,0.0,0.0,0.0,0.0,0.0,0.0,0.0,0.0,0.0,0.0,0.0,0.0,0.0,0.0,0.0,0.0,0,-107875648.0,77,0.0,154,0.0,0.0,ERR,ERR,ERR,ERR,ERR,ERR,ERR,ERR,ERR,ERR,ERR,ERR,ERR,ERR,ERR,ERR,ERR,ERR,ERR,ERR,ERR,ERR,ERR,ERR,ERR,ERR,ERR,ERR,ERR,ERR,ERR,ERR,ERR,ERR,ERR,ERR,ERR,ERR,ERR,ERR,ERR,ERR,ERR,ERR,ERR,ERR,ERR,ERR,ERR,ERR,ERR,ERR,ERR,ERR,ERR,ERR,ERR,ERR,ERR,ERR,ERR,ERR,ERR,ERR,ERR,ERR,ERR,34.0,80.0,35,0.0,0.0,0.0,0.0,0.0,0.0,0.0,0.0,0.0,0.0,0.0,0.0,0.0,0.0,0.0,0.0,66.0,0,120,58,53,65476,0,300,0,0,8,20529,65476,0,0,57672,80.0,0.0,0.0,0.0,0.0,0.0
2026-06-18T02:34:56,ERR,ERR,ERR,ERR,ERR,ERR,ERR,ERR,ERR,ERR,ERR,ERR,ERR,ERR,ERR,ERR,ERR,ERR,ERR,ERR,ERR,ERR,ERR,ERR,ERR,ERR,ERR,ERR,ERR,ERR,ERR,ERR,ERR,ERR,ERR,ERR,ERR,ERR,ERR,ERR,ERR,ERR,ERR,ERR,ERR,ERR,ERR,ERR,ERR,ERR,ERR,ERR,ERR,ERR,ERR,ERR,ERR,ERR,ERR,ERR,ERR,ERR,ERR,ERR,ERR,ERR,ERR,ERR,ERR,ERR,ERR,ERR,ERR,ERR,ERR,ERR,ERR,ERR,ERR,ERR,ERR,ERR,ERR,ERR,ERR,ERR,ERR,ERR,ERR,ERR,ERR,ERR,ERR,ERR,ERR,ERR,ERR,ERR,ERR,ERR,ERR,ERR,ERR,ERR,ERR,ERR,ERR,ERR,ERR,ERR,ERR,ERR,ERR,ERR,ERR,ERR,ERR,ERR,ERR,ERR,ERR,ERR,ERR,ERR,ERR,2.7184312818759872e+23,0.0,-0.0,0.059,nan,1.3936040501711995e+18,7.805,0.0,0,0,4,48932,6720,14723890282496.0,100,0.0,0.0,0.0,-152005385388032.0,0.0,0,0,0,0,0.0,0,0,0,0,0,0,0,0,0,0,0,0,0,0,0,0,0,0,0,0,0,0,0,0,0,0,0,0,0,0,0,0,0,26,51,50,76,65476,0,300,0,0,8,21553,0.0,-107605600.0,0.0,0.0,0.0,0.0,0.0,0.0,0.0,0.0,0.0,0.0,0.0,0.0,0.0,0.0,0.0,0.0,0.0,0.0,0.0,0.0,-2.004,2.004,-2.004,0.0,0.0,0.0,0.0,0.0,4781.0,1.587928030851661e+29,7278.0,2.7184312818759872e+23,0.0,-0.0,-107615392.0,0.0,0.0,0.0,0.0,77,0.0,126840463360.0,0.0,0.0,0.0,0.0,0.0,0.0,0.0,0,0,0,0.0,0.0,0.0,0.0,0.0,0.0,0.0,0.0,0.0,0.0,0.0,0.0,0.0,0.0,0.0,0.0,0,-107875648.0,77,0.0,154,0.0,0.0,ERR,ERR,ERR,ERR,ERR,ERR,ERR,ERR,ERR,ERR,ERR,ERR,ERR,ERR,ERR,ERR,ERR,ERR,ERR,ERR,ERR,ERR,ERR,ERR,ERR,ERR,ERR,ERR,ERR,ERR,ERR,ERR,ERR,ERR,ERR,ERR,ERR,ERR,ERR,ERR,ERR,ERR,ERR,ERR,ERR,ERR,ERR,ERR,ERR,ERR,ERR,ERR,ERR,ERR,ERR,ERR,ERR,ERR,ERR,ERR,ERR,ERR,ERR,ERR,ERR,ERR,ERR,34.0,80.0,35,0.0,0.0,0.0,0.0,0.0,0.0,0.0,0.0,0.0,0.0,0.0,0.0,0.0,0.0,0.0,0.0,66.0,0,120,58,53,65476,0,300,0,0,8,20529,65476,0,0,57672,80.0,0.0,0.0,0.0,0.0,0.0
2026-06-18T02:34:57,ERR,ERR,ERR,ERR,ERR,ERR,ERR,ERR,ERR,ERR,ERR,ERR,ERR,ERR,ERR,ERR,ERR,ERR,ERR,ERR,ERR,ERR,ERR,ERR,ERR,ERR,ERR,ERR,ERR,ERR,ERR,ERR,ERR,ERR,ERR,ERR,ERR,ERR,ERR,ERR,ERR,ERR,ERR,ERR,ERR,ERR,ERR,ERR,ERR,ERR,ERR,ERR,ERR,ERR,ERR,ERR,ERR,ERR,ERR,ERR,ERR,ERR,ERR,ERR,ERR,ERR,ERR,ERR,ERR,ERR,ERR,ERR,ERR,ERR,ERR,ERR,ERR,ERR,ERR,ERR,ERR,ERR,ERR,ERR,ERR,ERR,ERR,ERR,ERR,ERR,ERR,ERR,ERR,ERR,ERR,ERR,ERR,ERR,ERR,ERR,ERR,ERR,ERR,ERR,ERR,ERR,ERR,ERR,ERR,ERR,ERR,ERR,ERR,ERR,ERR,ERR,ERR,ERR,ERR,ERR,ERR,ERR,ERR,ERR,ERR,2.7184312818759872e+23,0.0,-0.0,0.059,nan,1.3936040501711995e+18,7.805,0.0,0,0,4,48932,6720,14723890282496.0,100,0.0,0.0,0.0,-152005385388032.0,0.0,0,0,0,0,0.0,0,0,0,0,0,0,0,0,0,0,0,0,0,0,0,0,0,0,0,0,0,0,0,0,0,0,0,0,0,0,0,0,0,26,51,50,76,65476,0,300,0,0,8,21553,0.0,-107605600.0,0.0,0.0,0.0,0.0,0.0,0.0,0.0,0.0,0.0,0.0,0.0,0.0,0.0,0.0,0.0,0.0,0.0,0.0,0.0,0.0,-2.004,2.004,-2.004,0.0,0.0,0.0,0.0,0.0,4781.0,1.587928030851661e+29,7278.0,2.7184312818759872e+23,0.0,-0.0,-107615392.0,0.0,0.0,0.0,0.0,77,0.0,126840463360.0,0.0,0.0,0.0,0.0,0.0,0.0,0.0,0,0,0,0.0,0.0,0.0,0.0,0.0,0.0,0.0,0.0,0.0,0.0,0.0,0.0,0.0,0.0,0.0,0.0,0,-107875648.0,77,0.0,154,0.0,0.0,ERR,ERR,ERR,ERR,ERR,ERR,ERR,ERR,ERR,ERR,ERR,ERR,ERR,ERR,ERR,ERR,ERR,ERR,ERR,ERR,ERR,ERR,ERR,ERR,ERR,ERR,ERR,ERR,ERR,ERR,ERR,ERR,ERR,ERR,ERR,ERR,ERR,ERR,ERR,ERR,ERR,ERR,ERR,ERR,ERR,ERR,ERR,ERR,ERR,ERR,ERR,ERR,ERR,ERR,ERR,ERR,ERR,ERR,ERR,ERR,ERR,ERR,ERR,ERR,ERR,ERR,ERR,34.0,80.0,35,0.0,0.0,0.0,0.0,0.0,0.0,0.0,0.0,0.0,0.0,0.0,0.0,0.0,0.0,0.0,0.0,66.0,0,120,58,53,65476,0,300,0,0,8,20529,65476,0,0,57672,80.0,0.0,0.0,0.0,0.0,0.0
2026-06-18T02:34:58,ERR,ERR,ERR,ERR,ERR,ERR,ERR,ERR,ERR,ERR,ERR,ERR,ERR,ERR,ERR,ERR,ERR,ERR,ERR,ERR,ERR,ERR,ERR,ERR,ERR,ERR,ERR,ERR,ERR,ERR,ERR,ERR,ERR,ERR,ERR,ERR,ERR,ERR,ERR,ERR,ERR,ERR,ERR,ERR,ERR,ERR,ERR,ERR,ERR,ERR,ERR,ERR,ERR,ERR,ERR,ERR,ERR,ERR,ERR,ERR,ERR,ERR,ERR,ERR,ERR,ERR,ERR,ERR,ERR,ERR,ERR,ERR,ERR,ERR,ERR,ERR,ERR,ERR,ERR,ERR,ERR,ERR,ERR,ERR,ERR,ERR,ERR,ERR,ERR,ERR,ERR,ERR,ERR,ERR,ERR,ERR,ERR,ERR,ERR,ERR,ERR,ERR,ERR,ERR,ERR,ERR,ERR,ERR,ERR,ERR,ERR,ERR,ERR,ERR,ERR,ERR,ERR,ERR,ERR,ERR,ERR,ERR,ERR,ERR,ERR,2.7184312818759872e+23,0.0,-0.0,0.059,nan,1.3936040501711995e+18,7.805,0.0,0,0,4,48932,6720,14723890282496.0,100,0.0,0.0,0.0,-152005385388032.0,0.0,0,0,0,0,0.0,0,0,0,0,0,0,0,0,0,0,0,0,0,0,0,0,0,0,0,0,0,0,0,0,0,0,0,0,0,0,0,0,0,26,51,50,76,65476,0,300,0,0,8,21553,0.0,-107605600.0,0.0,0.0,0.0,0.0,0.0,0.0,0.0,0.0,0.0,0.0,0.0,0.0,0.0,0.0,0.0,0.0,0.0,0.0,0.0,0.0,-2.004,2.004,-2.004,0.0,0.0,0.0,0.0,0.0,4781.0,1.587928030851661e+29,7278.0,2.7184312818759872e+23,0.0,-0.0,-107615392.0,0.0,0.0,0.0,0.0,77,0.0,126840463360.0,0.0,0.0,0.0,0.0,0.0,0.0,0.0,0,0,0,0.0,0.0,0.0,0.0,0.0,0.0,0.0,0.0,0.0,0.0,0.0,0.0,0.0,0.0,0.0,0.0,0,-107875648.0,77,0.0,154,0.0,0.0,ERR,ERR,ERR,ERR,ERR,ERR,ERR,ERR,ERR,ERR,ERR,ERR,ERR,ERR,ERR,ERR,ERR,ERR,ERR,ERR,ERR,ERR,ERR,ERR,ERR,ERR,ERR,ERR,ERR,ERR,ERR,ERR,ERR,ERR,ERR,ERR,ERR,ERR,ERR,ERR,ERR,ERR,ERR,ERR,ERR,ERR,ERR,ERR,ERR,ERR,ERR,ERR,ERR,ERR,ERR,ERR,ERR,ERR,ERR,ERR,ERR,ERR,ERR,ERR,ERR,ERR,ERR,34.0,80.0,35,0.0,0.0,0.0,0.0,0.0,0.0,0.0,0.0,0.0,0.0,0.0,0.0,0.0,0.0,0.0,0.0,66.0,0,120,58,53,65476,0,300,0,0,8,20529,65476,0,0,57672,80.0,0.0,0.0,0.0,0.0,0.0
2026-06-18T02:34:59,ERR,ERR,ERR,ERR,ERR,ERR,ERR,ERR,ERR,ERR,ERR,ERR,ERR,ERR,ERR,ERR,ERR,ERR,ERR,ERR,ERR,ERR,ERR,ERR,ERR,ERR,ERR,ERR,ERR,ERR,ERR,ERR,ERR,ERR,ERR,ERR,ERR,ERR,ERR,ERR,ERR,ERR,ERR,ERR,ERR,ERR,ERR,ERR,ERR,ERR,ERR,ERR,ERR,ERR,ERR,ERR,ERR,ERR,ERR,ERR,ERR,ERR,ERR,ERR,ERR,ERR,ERR,ERR,ERR,ERR,ERR,ERR,ERR,ERR,ERR,ERR,ERR,ERR,ERR,ERR,ERR,ERR,ERR,ERR,ERR,ERR,ERR,ERR,ERR,ERR,ERR,ERR,ERR,ERR,ERR,ERR,ERR,ERR,ERR,ERR,ERR,ERR,ERR,ERR,ERR,ERR,ERR,ERR,ERR,ERR,ERR,ERR,ERR,ERR,ERR,ERR,ERR,ERR,ERR,ERR,ERR,ERR,ERR,ERR,ERR,2.7184312818759872e+23,0.0,-0.0,0.059,nan,1.3936040501711995e+18,7.805,0.0,0,0,4,48932,6720,14723890282496.0,100,0.0,0.0,0.0,-152005385388032.0,0.0,0,0,0,0,0.0,0,0,0,0,0,0,0,0,0,0,0,0,0,0,0,0,0,0,0,0,0,0,0,0,0,0,0,0,0,0,0,0,0,26,51,50,76,65476,0,300,0,0,8,21553,0.0,-107605600.0,0.0,0.0,0.0,0.0,0.0,0.0,0.0,0.0,0.0,0.0,0.0,0.0,0.0,0.0,0.0,0.0,0.0,0.0,0.0,0.0,-2.004,2.004,-2.004,0.0,0.0,0.0,0.0,0.0,4781.0,1.587928030851661e+29,7278.0,2.7184312818759872e+23,0.0,-0.0,-107615392.0,0.0,0.0,0.0,0.0,77,0.0,126840463360.0,0.0,0.0,0.0,0.0,0.0,0.0,0.0,0,0,0,0.0,0.0,0.0,0.0,0.0,0.0,0.0,0.0,0.0,0.0,0.0,0.0,0.0,0.0,0.0,0.0,0,-107875648.0,77,0.0,154,0.0,0.0,ERR,ERR,ERR,ERR,ERR,ERR,ERR,ERR,ERR,ERR,ERR,ERR,ERR,ERR,ERR,ERR,ERR,ERR,ERR,ERR,ERR,ERR,ERR,ERR,ERR,ERR,ERR,ERR,ERR,ERR,ERR,ERR,ERR,ERR,ERR,ERR,ERR,ERR,ERR,ERR,ERR,ERR,ERR,ERR,ERR,ERR,ERR,ERR,ERR,ERR,ERR,ERR,ERR,ERR,ERR,ERR,ERR,ERR,ERR,ERR,ERR,ERR,ERR,ERR,ERR,ERR,ERR,34.0,80.0,35,0.0,0.0,0.0,0.0,0.0,0.0,0.0,0.0,0.0,0.0,0.0,0.0,0.0,0.0,0.0,0.0,66.0,0,120,58,53,65476,0,300,0,0,8,20529,65476,0,0,57672,80.0,0.0,0.0,0.0,0.0,0.0
2026-06-18T02:35:00,ERR,ERR,ERR,ERR,ERR,ERR,ERR,ERR,ERR,ERR,ERR,ERR,ERR,ERR,ERR,ERR,ERR,ERR,ERR,ERR,ERR,ERR,ERR,ERR,ERR,ERR,ERR,ERR,ERR,ERR,ERR,ERR,ERR,ERR,ERR,ERR,ERR,ERR,ERR,ERR,ERR,ERR,ERR,ERR,ERR,ERR,ERR,ERR,ERR,ERR,ERR,ERR,ERR,ERR,ERR,ERR,ERR,ERR,ERR,ERR,ERR,ERR,ERR,ERR,ERR,ERR,ERR,ERR,ERR,ERR,ERR,ERR,ERR,ERR,ERR,ERR,ERR,ERR,ERR,ERR,ERR,ERR,ERR,ERR,ERR,ERR,ERR,ERR,ERR,ERR,ERR,ERR,ERR,ERR,ERR,ERR,ERR,ERR,ERR,ERR,ERR,ERR,ERR,ERR,ERR,ERR,ERR,ERR,ERR,ERR,ERR,ERR,ERR,ERR,ERR,ERR,ERR,ERR,ERR,ERR,ERR,ERR,ERR,ERR,ERR,2.7184312818759872e+23,0.0,-0.0,0.059,nan,1.3936040501711995e+18,7.805,0.0,0,0,4,48932,6720,14723890282496.0,100,0.0,0.0,0.0,-152005385388032.0,0.0,0,0,0,0,0.0,0,0,0,0,0,0,0,0,0,0,0,0,0,0,0,0,0,0,0,0,0,0,0,0,0,0,0,0,0,0,0,0,0,26,51,50,76,65476,0,300,0,0,8,21553,0.0,-107605600.0,0.0,0.0,0.0,0.0,0.0,0.0,0.0,0.0,0.0,0.0,0.0,0.0,0.0,0.0,0.0,0.0,0.0,0.0,0.0,0.0,-2.004,2.004,-2.004,0.0,0.0,0.0,0.0,0.0,4781.0,1.587928030851661e+29,7278.0,2.7184312818759872e+23,0.0,-0.0,-107615392.0,0.0,0.0,0.0,0.0,77,0.0,126840463360.0,0.0,0.0,0.0,0.0,0.0,0.0,0.0,0,0,0,0.0,0.0,0.0,0.0,0.0,0.0,0.0,0.0,0.0,0.0,0.0,0.0,0.0,0.0,0.0,0.0,0,-107875648.0,77,0.0,154,0.0,0.0,ERR,ERR,ERR,ERR,ERR,ERR,ERR,ERR,ERR,ERR,ERR,ERR,ERR,ERR,ERR,ERR,ERR,ERR,ERR,ERR,ERR,ERR,ERR,ERR,ERR,ERR,ERR,ERR,ERR,ERR,ERR,ERR,ERR,ERR,ERR,ERR,ERR,ERR,ERR,ERR,ERR,ERR,ERR,ERR,ERR,ERR,ERR,ERR,ERR,ERR,ERR,ERR,ERR,ERR,ERR,ERR,ERR,ERR,ERR,ERR,ERR,ERR,ERR,ERR,ERR,ERR,ERR,34.0,80.0,35,0.0,0.0,0.0,0.0,0.0,0.0,0.0,0.0,0.0,0.0,0.0,0.0,0.0,0.0,0.0,0.0,66.0,0,120,58,53,65476,0,300,0,0,8,20529,65476,0,0,57672,80.0,0.0,0.0,0.0,0.0,0.0
2026-06-18T02:35:01,ERR,ERR,ERR,ERR,ERR,ERR,ERR,ERR,ERR,ERR,ERR,ERR,ERR,ERR,ERR,ERR,ERR,ERR,ERR,ERR,ERR,ERR,ERR,ERR,ERR,ERR,ERR,ERR,ERR,ERR,ERR,ERR,ERR,ERR,ERR,ERR,ERR,ERR,ERR,ERR,ERR,ERR,ERR,ERR,ERR,ERR,ERR,ERR,ERR,ERR,ERR,ERR,ERR,ERR,ERR,ERR,ERR,ERR,ERR,ERR,ERR,ERR,ERR,ERR,ERR,ERR,ERR,ERR,ERR,ERR,ERR,ERR,ERR,ERR,ERR,ERR,ERR,ERR,ERR,ERR,ERR,ERR,ERR,ERR,ERR,ERR,ERR,ERR,ERR,ERR,ERR,ERR,ERR,ERR,ERR,ERR,ERR,ERR,ERR,ERR,ERR,ERR,ERR,ERR,ERR,ERR,ERR,ERR,ERR,ERR,ERR,ERR,ERR,ERR,ERR,ERR,ERR,ERR,ERR,ERR,ERR,ERR,ERR,ERR,ERR,2.7184312818759872e+23,0.0,-0.0,0.059,nan,1.3936040501711995e+18,7.805,0.0,0,0,4,48932,6720,14723890282496.0,100,0.0,0.0,0.0,-152005385388032.0,0.0,0,0,0,0,0.0,0,0,0,0,0,0,0,0,0,0,0,0,0,0,0,0,0,0,0,0,0,0,0,0,0,0,0,0,0,0,0,0,0,26,51,50,76,65476,0,300,0,0,8,21553,0.0,-107605600.0,0.0,0.0,0.0,0.0,0.0,0.0,0.0,0.0,0.0,0.0,0.0,0.0,0.0,0.0,0.0,0.0,0.0,0.0,0.0,0.0,-2.004,2.004,-2.004,0.0,0.0,0.0,0.0,0.0,4781.0,1.587928030851661e+29,7278.0,2.7184312818759872e+23,0.0,-0.0,-107615392.0,0.0,0.0,0.0,0.0,77,0.0,126840463360.0,0.0,0.0,0.0,0.0,0.0,0.0,0.0,0,0,0,0.0,0.0,0.0,0.0,0.0,0.0,0.0,0.0,0.0,0.0,0.0,0.0,0.0,0.0,0.0,0.0,0,-107875648.0,77,0.0,154,0.0,0.0,ERR,ERR,ERR,ERR,ERR,ERR,ERR,ERR,ERR,ERR,ERR,ERR,ERR,ERR,ERR,ERR,ERR,ERR,ERR,ERR,ERR,ERR,ERR,ERR,ERR,ERR,ERR,ERR,ERR,ERR,ERR,ERR,ERR,ERR,ERR,ERR,ERR,ERR,ERR,ERR,ERR,ERR,ERR,ERR,ERR,ERR,ERR,ERR,ERR,ERR,ERR,ERR,ERR,ERR,ERR,ERR,ERR,ERR,ERR,ERR,ERR,ERR,ERR,ERR,ERR,ERR,ERR,34.0,80.0,35,0.0,0.0,0.0,0.0,0.0,0.0,0.0,0.0,0.0,0.0,0.0,0.0,0.0,0.0,0.0,0.0,66.0,0,120,58,53,65476,0,300,0,0,8,20529,65476,0,0,57672,80.0,0.0,0.0,0.0,0.0,0.0
2026-06-18T02:35:02,ERR,ERR,ERR,ERR,ERR,ERR,ERR,ERR,ERR,ERR,ERR,ERR,ERR,ERR,ERR,ERR,ERR,ERR,ERR,ERR,ERR,ERR,ERR,ERR,ERR,ERR,ERR,ERR,ERR,ERR,ERR,ERR,ERR,ERR,ERR,ERR,ERR,ERR,ERR,ERR,ERR,ERR,ERR,ERR,ERR,ERR,ERR,ERR,ERR,ERR,ERR,ERR,ERR,ERR,ERR,ERR,ERR,ERR,ERR,ERR,ERR,ERR,ERR,ERR,ERR,ERR,ERR,ERR,ERR,ERR,ERR,ERR,ERR,ERR,ERR,ERR,ERR,ERR,ERR,ERR,ERR,ERR,ERR,ERR,ERR,ERR,ERR,ERR,ERR,ERR,ERR,ERR,ERR,ERR,ERR,ERR,ERR,ERR,ERR,ERR,ERR,ERR,ERR,ERR,ERR,ERR,ERR,ERR,ERR,ERR,ERR,ERR,ERR,ERR,ERR,ERR,ERR,ERR,ERR,ERR,ERR,ERR,ERR,ERR,ERR,2.7184312818759872e+23,0.0,-0.0,1.9055661790789632e+17,nan,1.3936040501711995e+18,7.805,0.0,0,0,4,48927,6720,14723890282496.0,100,0.0,0.0,0.0,-4.9501291711397626e+32,0.0,0,0,0,0,0.0,0,0,0,0,0,0,0,0,0,0,0,0,0,0,0,0,0,0,0,0,0,0,0,0,0,0,0,0,0,0,0,0,0,26,51,50,76,65476,0,300,0,0,8,21553,0.0,-107605600.0,0.0,0.0,0.0,0.0,0.0,0.0,0.0,0.0,0.0,0.0,0.0,0.0,0.0,0.0,0.0,0.0,0.0,0.0,0.0,0.0,-2.004,2.004,-2.004,0.0,0.0,0.0,0.0,0.0,4778.0,-0.0,7282.0,2.7184312818759872e+23,0.0,-0.0,-107615392.0,0.0,0.0,0.0,0.0,77,0.0,4.066850257910686e+29,0.0,0.0,0.0,0.0,0.0,0.0,0.0,0,0,0,0.0,0.0,0.0,0.0,0.0,0.0,0.0,0.0,0.0,0.0,0.0,0.0,0.0,0.0,0.0,0.0,0,-107875648.0,77,0.0,154,0.0,0.0,ERR,ERR,ERR,ERR,ERR,ERR,ERR,ERR,ERR,ERR,ERR,ERR,ERR,ERR,ERR,ERR,ERR,ERR,ERR,ERR,ERR,ERR,ERR,ERR,ERR,ERR,ERR,ERR,ERR,ERR,ERR,ERR,ERR,ERR,ERR,ERR,ERR,ERR,ERR,ERR,ERR,ERR,ERR,ERR,ERR,ERR,ERR,ERR,ERR,ERR,ERR,ERR,ERR,ERR,ERR,ERR,ERR,ERR,ERR,ERR,ERR,ERR,ERR,ERR,ERR,ERR,ERR,34.0,80.0,35,0.0,0.0,0.0,0.0,0.0,0.0,0.0,0.0,0.0,0.0,0.0,0.0,0.0,0.0,0.0,0.0,66.0,0,120,58,53,65476,0,300,0,0,8,20529,65476,0,0,57672,80.0,0.0,0.0,0.0,0.0,0.0
2026-06-18T02:35:03,ERR,ERR,ERR,ERR,ERR,ERR,ERR,ERR,ERR,ERR,ERR,ERR,ERR,ERR,ERR,ERR,ERR,ERR,ERR,ERR,ERR,ERR,ERR,ERR,ERR,ERR,ERR,ERR,ERR,ERR,ERR,ERR,ERR,ERR,ERR,ERR,ERR,ERR,ERR,ERR,ERR,ERR,ERR,ERR,ERR,ERR,ERR,ERR,ERR,ERR,ERR,ERR,ERR,ERR,ERR,ERR,ERR,ERR,ERR,ERR,ERR,ERR,ERR,ERR,ERR,ERR,ERR,ERR,ERR,ERR,ERR,ERR,ERR,ERR,ERR,ERR,ERR,ERR,ERR,ERR,ERR,ERR,ERR,ERR,ERR,ERR,ERR,ERR,ERR,ERR,ERR,ERR,ERR,ERR,ERR,ERR,ERR,ERR,ERR,ERR,ERR,ERR,ERR,ERR,ERR,ERR,ERR,ERR,ERR,ERR,ERR,ERR,ERR,ERR,ERR,ERR,ERR,ERR,ERR,ERR,ERR,ERR,ERR,ERR,ERR,2.7184312818759872e+23,0.0,-0.0,1.9055661790789632e+17,nan,1.3936040501711995e+18,7.805,0.0,0,0,4,48927,6720,14723890282496.0,100,0.0,0.0,0.0,-4.9501291711397626e+32,0.0,0,0,0,0,0.0,0,0,0,0,0,0,0,0,0,0,0,0,0,0,0,0,0,0,0,0,0,0,0,0,0,0,0,0,0,0,0,0,0,26,51,50,76,65476,0,300,0,0,8,21553,0.0,-107605600.0,0.0,0.0,0.0,0.0,0.0,0.0,0.0,0.0,0.0,0.0,0.0,0.0,0.0,0.0,0.0,0.0,0.0,0.0,0.0,0.0,-2.004,2.004,-2.004,0.0,0.0,0.0,0.0,0.0,4778.0,-0.0,7282.0,2.7184312818759872e+23,0.0,-0.0,-107615392.0,0.0,0.0,0.0,0.0,77,0.0,4.066850257910686e+29,0.0,0.0,0.0,0.0,0.0,0.0,0.0,0,0,0,0.0,0.0,0.0,0.0,0.0,0.0,0.0,0.0,0.0,0.0,0.0,0.0,0.0,0.0,0.0,0.0,0,-107875648.0,77,0.0,154,0.0,0.0,ERR,ERR,ERR,ERR,ERR,ERR,ERR,ERR,ERR,ERR,ERR,ERR,ERR,ERR,ERR,ERR,ERR,ERR,ERR,ERR,ERR,ERR,ERR,ERR,ERR,ERR,ERR,ERR,ERR,ERR,ERR,ERR,ERR,ERR,ERR,ERR,ERR,ERR,ERR,ERR,ERR,ERR,ERR,ERR,ERR,ERR,ERR,ERR,ERR,ERR,ERR,ERR,ERR,ERR,ERR,ERR,ERR,ERR,ERR,ERR,ERR,ERR,ERR,ERR,ERR,ERR,ERR,34.0,80.0,35,0.0,0.0,0.0,0.0,0.0,0.0,0.0,0.0,0.0,0.0,0.0,0.0,0.0,0.0,0.0,0.0,66.4,0,120,58,53,65476,0,300,0,0,8,20529,65476,0,0,57672,80.0,0.0,0.0,0.0,0.0,0.0
2026-06-18T02:35:04,ERR,ERR,ERR,ERR,ERR,ERR,ERR,ERR,ERR,ERR,ERR,ERR,ERR,ERR,ERR,ERR,ERR,ERR,ERR,ERR,ERR,ERR,ERR,ERR,ERR,ERR,ERR,ERR,ERR,ERR,ERR,ERR,ERR,ERR,ERR,ERR,ERR,ERR,ERR,ERR,ERR,ERR,ERR,ERR,ERR,ERR,ERR,ERR,ERR,ERR,ERR,ERR,ERR,ERR,ERR,ERR,ERR,ERR,ERR,ERR,ERR,ERR,ERR,ERR,ERR,ERR,ERR,ERR,ERR,ERR,ERR,ERR,ERR,ERR,ERR,ERR,ERR,ERR,ERR,ERR,ERR,ERR,ERR,ERR,ERR,ERR,ERR,ERR,ERR,ERR,ERR,ERR,ERR,ERR,ERR,ERR,ERR,ERR,ERR,ERR,ERR,ERR,ERR,ERR,ERR,ERR,ERR,ERR,ERR,ERR,ERR,ERR,ERR,ERR,ERR,ERR,ERR,ERR,ERR,ERR,ERR,ERR,ERR,ERR,ERR,2.7184312818759872e+23,0.0,-0.0,1.9055661790789632e+17,nan,1.3936040501711995e+18,7.805,0.0,0,0,4,48927,6720,14723890282496.0,100,0.0,0.0,0.0,-4.9501291711397626e+32,0.0,0,0,0,0,0.0,0,0,0,0,0,0,0,0,0,0,0,0,0,0,0,0,0,0,0,0,0,0,0,0,0,0,0,0,0,0,0,0,0,26,51,50,76,65476,0,300,0,0,8,21553,0.0,-107605600.0,0.0,0.0,0.0,0.0,0.0,0.0,0.0,0.0,0.0,0.0,0.0,0.0,0.0,0.0,0.0,0.0,0.0,0.0,0.0,0.0,-2.004,2.004,-2.004,0.0,0.0,0.0,0.0,0.0,4778.0,-0.0,7282.0,2.7184312818759872e+23,0.0,-0.0,-107615392.0,0.0,0.0,0.0,0.0,77,0.0,4.066850257910686e+29,0.0,0.0,0.0,0.0,0.0,0.0,0.0,0,0,0,0.0,0.0,0.0,0.0,0.0,0.0,0.0,0.0,0.0,0.0,0.0,0.0,0.0,0.0,0.0,0.0,0,-107875648.0,77,0.0,154,0.0,0.0,ERR,ERR,ERR,ERR,ERR,ERR,ERR,ERR,ERR,ERR,ERR,ERR,ERR,ERR,ERR,ERR,ERR,ERR,ERR,ERR,ERR,ERR,ERR,ERR,ERR,ERR,ERR,ERR,ERR,ERR,ERR,ERR,ERR,ERR,ERR,ERR,ERR,ERR,ERR,ERR,ERR,ERR,ERR,ERR,ERR,ERR,ERR,ERR,ERR,ERR,ERR,ERR,ERR,ERR,ERR,ERR,ERR,ERR,ERR,ERR,ERR,ERR,ERR,ERR,ERR,ERR,ERR,34.0,80.0,35,0.0,0.0,0.0,0.0,0.0,0.0,0.0,0.0,0.0,0.0,0.0,0.0,0.0,0.0,0.0,0.0,66.4,0,120,58,53,65476,0,300,0,0,8,20529,65476,0,0,57672,80.0,0.0,0.0,0.0,0.0,0.0
2026-06-18T02:35:05,ERR,ERR,ERR,ERR,ERR,ERR,ERR,ERR,ERR,ERR,ERR,ERR,ERR,ERR,ERR,ERR,ERR,ERR,ERR,ERR,ERR,ERR,ERR,ERR,ERR,ERR,ERR,ERR,ERR,ERR,ERR,ERR,ERR,ERR,ERR,ERR,ERR,ERR,ERR,ERR,ERR,ERR,ERR,ERR,ERR,ERR,ERR,ERR,ERR,ERR,ERR,ERR,ERR,ERR,ERR,ERR,ERR,ERR,ERR,ERR,ERR,ERR,ERR,ERR,ERR,ERR,ERR,ERR,ERR,ERR,ERR,ERR,ERR,ERR,ERR,ERR,ERR,ERR,ERR,ERR,ERR,ERR,ERR,ERR,ERR,ERR,ERR,ERR,ERR,ERR,ERR,ERR,ERR,ERR,ERR,ERR,ERR,ERR,ERR,ERR,ERR,ERR,ERR,ERR,ERR,ERR,ERR,ERR,ERR,ERR,ERR,ERR,ERR,ERR,ERR,ERR,ERR,ERR,ERR,ERR,ERR,ERR,ERR,ERR,ERR,2.7184312818759872e+23,0.0,-0.0,1.9055661790789632e+17,nan,1.3936040501711995e+18,7.805,0.0,0,0,4,48927,6720,14723890282496.0,100,0.0,0.0,0.0,-4.9501291711397626e+32,0.0,0,0,0,0,0.0,0,0,0,0,0,0,0,0,0,0,0,0,0,0,0,0,0,0,0,0,0,0,0,0,0,0,0,0,0,0,0,0,0,26,51,50,76,65476,0,300,0,0,8,21553,0.0,-107605600.0,0.0,0.0,0.0,0.0,0.0,0.0,0.0,0.0,0.0,0.0,0.0,0.0,0.0,0.0,0.0,0.0,0.0,0.0,0.0,0.0,-2.004,2.004,-2.004,0.0,0.0,0.0,0.0,0.0,4778.0,-0.0,7282.0,2.7184312818759872e+23,0.0,-0.0,-107615392.0,0.0,0.0,0.0,0.0,77,0.0,4.066850257910686e+29,0.0,0.0,0.0,0.0,0.0,0.0,0.0,0,0,0,0.0,0.0,0.0,0.0,0.0,0.0,0.0,0.0,0.0,0.0,0.0,0.0,0.0,0.0,0.0,0.0,0,-107875648.0,77,0.0,154,0.0,0.0,ERR,ERR,ERR,ERR,ERR,ERR,ERR,ERR,ERR,ERR,ERR,ERR,ERR,ERR,ERR,ERR,ERR,ERR,ERR,ERR,ERR,ERR,ERR,ERR,ERR,ERR,ERR,ERR,ERR,ERR,ERR,ERR,ERR,ERR,ERR,ERR,ERR,ERR,ERR,ERR,ERR,ERR,ERR,ERR,ERR,ERR,ERR,ERR,ERR,ERR,ERR,ERR,ERR,ERR,ERR,ERR,ERR,ERR,ERR,ERR,ERR,ERR,ERR,ERR,ERR,ERR,ERR,34.0,80.0,35,0.0,0.0,0.0,0.0,0.0,0.0,0.0,0.0,0.0,0.0,0.0,0.0,0.0,0.0,0.0,0.0,66.0,0,120,58,53,65476,0,300,0,0,8,20529,65476,0,0,57672,80.0,0.0,0.0,0.0,0.0,0.0
2026-06-18T02:35:06,ERR,ERR,ERR,ERR,ERR,ERR,ERR,ERR,ERR,ERR,ERR,ERR,ERR,ERR,ERR,ERR,ERR,ERR,ERR,ERR,ERR,ERR,ERR,ERR,ERR,ERR,ERR,ERR,ERR,ERR,ERR,ERR,ERR,ERR,ERR,ERR,ERR,ERR,ERR,ERR,ERR,ERR,ERR,ERR,ERR,ERR,ERR,ERR,ERR,ERR,ERR,ERR,ERR,ERR,ERR,ERR,ERR,ERR,ERR,ERR,ERR,ERR,ERR,ERR,ERR,ERR,ERR,ERR,ERR,ERR,ERR,ERR,ERR,ERR,ERR,ERR,ERR,ERR,ERR,ERR,ERR,ERR,ERR,ERR,ERR,ERR,ERR,ERR,ERR,ERR,ERR,ERR,ERR,ERR,ERR,ERR,ERR,ERR,ERR,ERR,ERR,ERR,ERR,ERR,ERR,ERR,ERR,ERR,ERR,ERR,ERR,ERR,ERR,ERR,ERR,ERR,ERR,ERR,ERR,ERR,ERR,ERR,ERR,ERR,ERR,2.7184312818759872e+23,0.0,-0.0,1.9055661790789632e+17,nan,1.3936040501711995e+18,7.805,0.0,0,0,4,48927,6720,14723890282496.0,100,0.0,0.0,0.0,-4.9501291711397626e+32,0.0,0,0,0,0,0.0,0,0,0,0,0,0,0,0,0,0,0,0,0,0,0,0,0,0,0,0,0,0,0,0,0,0,0,0,0,0,0,0,0,26,51,50,76,65476,0,300,0,0,8,21553,0.0,-107605600.0,0.0,0.0,0.0,0.0,0.0,0.0,0.0,0.0,0.0,0.0,0.0,0.0,0.0,0.0,0.0,0.0,0.0,0.0,0.0,0.0,-2.004,2.004,-2.004,0.0,0.0,0.0,0.0,0.0,4778.0,-0.0,7282.0,2.7184312818759872e+23,0.0,-0.0,-107615392.0,0.0,0.0,0.0,0.0,77,0.0,4.066850257910686e+29,0.0,0.0,0.0,0.0,0.0,0.0,0.0,0,0,0,0.0,0.0,0.0,0.0,0.0,0.0,0.0,0.0,0.0,0.0,0.0,0.0,0.0,0.0,0.0,0.0,0,-107875648.0,77,0.0,154,0.0,0.0,ERR,ERR,ERR,ERR,ERR,ERR,ERR,ERR,ERR,ERR,ERR,ERR,ERR,ERR,ERR,ERR,ERR,ERR,ERR,ERR,ERR,ERR,ERR,ERR,ERR,ERR,ERR,ERR,ERR,ERR,ERR,ERR,ERR,ERR,ERR,ERR,ERR,ERR,ERR,ERR,ERR,ERR,ERR,ERR,ERR,ERR,ERR,ERR,ERR,ERR,ERR,ERR,ERR,ERR,ERR,ERR,ERR,ERR,ERR,ERR,ERR,ERR,ERR,ERR,ERR,ERR,ERR,34.0,80.0,35,0.0,0.0,0.0,0.0,0.0,0.0,0.0,0.0,0.0,0.0,0.0,0.0,0.0,0.0,0.0,0.0,66.0,0,120,58,53,65476,0,300,0,0,8,20529,65476,0,0,57672,80.0,0.0,0.0,0.0,0.0,0.0
2026-06-18T02:35:07,ERR,ERR,ERR,ERR,ERR,ERR,ERR,ERR,ERR,ERR,ERR,ERR,ERR,ERR,ERR,ERR,ERR,ERR,ERR,ERR,ERR,ERR,ERR,ERR,ERR,ERR,ERR,ERR,ERR,ERR,ERR,ERR,ERR,ERR,ERR,ERR,ERR,ERR,ERR,ERR,ERR,ERR,ERR,ERR,ERR,ERR,ERR,ERR,ERR,ERR,ERR,ERR,ERR,ERR,ERR,ERR,ERR,ERR,ERR,ERR,ERR,ERR,ERR,ERR,ERR,ERR,ERR,ERR,ERR,ERR,ERR,ERR,ERR,ERR,ERR,ERR,ERR,ERR,ERR,ERR,ERR,ERR,ERR,ERR,ERR,ERR,ERR,ERR,ERR,ERR,ERR,ERR,ERR,ERR,ERR,ERR,ERR,ERR,ERR,ERR,ERR,ERR,ERR,ERR,ERR,ERR,ERR,ERR,ERR,ERR,ERR,ERR,ERR,ERR,ERR,ERR,ERR,ERR,ERR,ERR,ERR,ERR,ERR,ERR,ERR,2.7184312818759872e+23,0.0,-0.0,0.059,nan,1.3936040501711995e+18,7.805,0.0,0,0,4,48932,6720,14723890282496.0,100,0.0,0.0,0.0,0.059,0.0,0,0,0,0,0.0,0,0,0,0,0,0,0,0,0,0,0,0,0,0,0,0,0,0,0,0,0,0,0,0,0,0,0,0,0,0,0,0,0,26,51,50,76,65476,0,300,0,0,8,21553,0.0,-107605600.0,0.0,0.0,0.0,0.0,0.0,0.0,0.0,0.0,0.0,0.0,0.0,0.0,0.0,0.0,0.0,0.0,0.0,0.0,0.0,0.0,-2.004,2.004,-2.004,0.0,0.0,0.0,0.0,0.0,4779.0,-0.0,7283.0,2.7184312818759872e+23,0.0,-0.0,-107615392.0,0.0,0.0,0.0,0.0,77,0.0,-0.0,0.0,0.0,0.0,0.0,0.0,0.0,0.0,0,0,0,0.0,0.0,0.0,0.0,0.0,0.0,0.0,0.0,0.0,0.0,0.0,0.0,0.0,0.0,0.0,0.0,0,-107875648.0,77,0.0,154,0.0,0.0,ERR,ERR,ERR,ERR,ERR,ERR,ERR,ERR,ERR,ERR,ERR,ERR,ERR,ERR,ERR,ERR,ERR,ERR,ERR,ERR,ERR,ERR,ERR,ERR,ERR,ERR,ERR,ERR,ERR,ERR,ERR,ERR,ERR,ERR,ERR,ERR,ERR,ERR,ERR,ERR,ERR,ERR,ERR,ERR,ERR,ERR,ERR,ERR,ERR,ERR,ERR,ERR,ERR,ERR,ERR,ERR,ERR,ERR,ERR,ERR,ERR,ERR,ERR,ERR,ERR,ERR,ERR,34.0,80.0,35,0.0,0.0,0.0,0.0,0.0,0.0,0.0,0.0,0.0,0.0,0.0,0.0,0.0,0.0,0.0,0.0,66.4,0,120,58,53,65476,0,300,0,0,8,20529,65476,0,0,57672,80.0,0.0,0.0,0.0,0.0,0.0
2026-06-18T02:35:08,ERR,ERR,ERR,ERR,ERR,ERR,ERR,ERR,ERR,ERR,ERR,ERR,ERR,ERR,ERR,ERR,ERR,ERR,ERR,ERR,ERR,ERR,ERR,ERR,ERR,ERR,ERR,ERR,ERR,ERR,ERR,ERR,ERR,ERR,ERR,ERR,ERR,ERR,ERR,ERR,ERR,ERR,ERR,ERR,ERR,ERR,ERR,ERR,ERR,ERR,ERR,ERR,ERR,ERR,ERR,ERR,ERR,ERR,ERR,ERR,ERR,ERR,ERR,ERR,ERR,ERR,ERR,ERR,ERR,ERR,ERR,ERR,ERR,ERR,ERR,ERR,ERR,ERR,ERR,ERR,ERR,ERR,ERR,ERR,ERR,ERR,ERR,ERR,ERR,ERR,ERR,ERR,ERR,ERR,ERR,ERR,ERR,ERR,ERR,ERR,ERR,ERR,ERR,ERR,ERR,ERR,ERR,ERR,ERR,ERR,ERR,ERR,ERR,ERR,ERR,ERR,ERR,ERR,ERR,ERR,ERR,ERR,ERR,ERR,ERR,2.7184312818759872e+23,0.0,-0.0,0.059,nan,1.3936040501711995e+18,7.805,0.0,0,0,4,48932,6720,14723890282496.0,100,0.0,0.0,0.0,0.059,0.0,0,0,0,0,0.0,0,0,0,0,0,0,0,0,0,0,0,0,0,0,0,0,0,0,0,0,0,0,0,0,0,0,0,0,0,0,0,0,0,26,51,50,76,65476,0,300,0,0,8,21553,0.0,-107605600.0,0.0,0.0,0.0,0.0,0.0,0.0,0.0,0.0,0.0,0.0,0.0,0.0,0.0,0.0,0.0,0.0,0.0,0.0,0.0,0.0,-2.004,2.004,-2.004,0.0,0.0,0.0,0.0,0.0,4779.0,-0.0,7283.0,2.7184312818759872e+23,0.0,-0.0,-107615392.0,0.0,0.0,0.0,0.0,77,0.0,-0.0,0.0,0.0,0.0,0.0,0.0,0.0,0.0,0,0,0,0.0,0.0,0.0,0.0,0.0,0.0,0.0,0.0,0.0,0.0,0.0,0.0,0.0,0.0,0.0,0.0,0,-107875648.0,77,0.0,154,0.0,0.0,ERR,ERR,ERR,ERR,ERR,ERR,ERR,ERR,ERR,ERR,ERR,ERR,ERR,ERR,ERR,ERR,ERR,ERR,ERR,ERR,ERR,ERR,ERR,ERR,ERR,ERR,ERR,ERR,ERR,ERR,ERR,ERR,ERR,ERR,ERR,ERR,ERR,ERR,ERR,ERR,ERR,ERR,ERR,ERR,ERR,ERR,ERR,ERR,ERR,ERR,ERR,ERR,ERR,ERR,ERR,ERR,ERR,ERR,ERR,ERR,ERR,ERR,ERR,ERR,ERR,ERR,ERR,34.0,80.0,35,0.0,0.0,0.0,0.0,0.0,0.0,0.0,0.0,0.0,0.0,0.0,0.0,0.0,0.0,0.0,0.0,66.4,0,120,58,53,65476,0,300,0,0,8,20529,65476,0,0,57672,80.0,0.0,0.0,0.0,0.0,0.0
2026-06-18T02:35:09,ERR,ERR,ERR,ERR,ERR,ERR,ERR,ERR,ERR,ERR,ERR,ERR,ERR,ERR,ERR,ERR,ERR,ERR,ERR,ERR,ERR,ERR,ERR,ERR,ERR,ERR,ERR,ERR,ERR,ERR,ERR,ERR,ERR,ERR,ERR,ERR,ERR,ERR,ERR,ERR,ERR,ERR,ERR,ERR,ERR,ERR,ERR,ERR,ERR,ERR,ERR,ERR,ERR,ERR,ERR,ERR,ERR,ERR,ERR,ERR,ERR,ERR,ERR,ERR,ERR,ERR,ERR,ERR,ERR,ERR,ERR,ERR,ERR,ERR,ERR,ERR,ERR,ERR,ERR,ERR,ERR,ERR,ERR,ERR,ERR,ERR,ERR,ERR,ERR,ERR,ERR,ERR,ERR,ERR,ERR,ERR,ERR,ERR,ERR,ERR,ERR,ERR,ERR,ERR,ERR,ERR,ERR,ERR,ERR,ERR,ERR,ERR,ERR,ERR,ERR,ERR,ERR,ERR,ERR,ERR,ERR,ERR,ERR,ERR,ERR,2.7184312818759872e+23,0.0,-0.0,0.059,nan,1.3936040501711995e+18,7.805,0.0,0,0,4,48932,6720,14723890282496.0,100,0.0,0.0,0.0,0.059,0.0,0,0,0,0,0.0,0,0,0,0,0,0,0,0,0,0,0,0,0,0,0,0,0,0,0,0,0,0,0,0,0,0,0,0,0,0,0,0,0,26,51,50,76,65476,0,300,0,0,8,21553,0.0,-107605600.0,0.0,0.0,0.0,0.0,0.0,0.0,0.0,0.0,0.0,0.0,0.0,0.0,0.0,0.0,0.0,0.0,0.0,0.0,0.0,0.0,-2.004,2.004,-2.004,0.0,0.0,0.0,0.0,0.0,4779.0,-0.0,7283.0,2.7184312818759872e+23,0.0,-0.0,-107615392.0,0.0,0.0,0.0,0.0,77,0.0,-0.0,0.0,0.0,0.0,0.0,0.0,0.0,0.0,0,0,0,0.0,0.0,0.0,0.0,0.0,0.0,0.0,0.0,0.0,0.0,0.0,0.0,0.0,0.0,0.0,0.0,0,-107875648.0,77,0.0,154,0.0,0.0,ERR,ERR,ERR,ERR,ERR,ERR,ERR,ERR,ERR,ERR,ERR,ERR,ERR,ERR,ERR,ERR,ERR,ERR,ERR,ERR,ERR,ERR,ERR,ERR,ERR,ERR,ERR,ERR,ERR,ERR,ERR,ERR,ERR,ERR,ERR,ERR,ERR,ERR,ERR,ERR,ERR,ERR,ERR,ERR,ERR,ERR,ERR,ERR,ERR,ERR,ERR,ERR,ERR,ERR,ERR,ERR,ERR,ERR,ERR,ERR,ERR,ERR,ERR,ERR,ERR,ERR,ERR,34.0,80.0,35,0.0,0.0,0.0,0.0,0.0,0.0,0.0,0.0,0.0,0.0,0.0,0.0,0.0,0.0,0.0,0.0,66.0,0,120,58,53,65476,0,300,0,0,8,20529,65476,0,0,57672,80.0,0.0,0.0,0.0,0.0,0.0
2026-06-18T02:35:10,ERR,ERR,ERR,ERR,ERR,ERR,ERR,ERR,ERR,ERR,ERR,ERR,ERR,ERR,ERR,ERR,ERR,ERR,ERR,ERR,ERR,ERR,ERR,ERR,ERR,ERR,ERR,ERR,ERR,ERR,ERR,ERR,ERR,ERR,ERR,ERR,ERR,ERR,ERR,ERR,ERR,ERR,ERR,ERR,ERR,ERR,ERR,ERR,ERR,ERR,ERR,ERR,ERR,ERR,ERR,ERR,ERR,ERR,ERR,ERR,ERR,ERR,ERR,ERR,ERR,ERR,ERR,ERR,ERR,ERR,ERR,ERR,ERR,ERR,ERR,ERR,ERR,ERR,ERR,ERR,ERR,ERR,ERR,ERR,ERR,ERR,ERR,ERR,ERR,ERR,ERR,ERR,ERR,ERR,ERR,ERR,ERR,ERR,ERR,ERR,ERR,ERR,ERR,ERR,ERR,ERR,ERR,ERR,ERR,ERR,ERR,ERR,ERR,ERR,ERR,ERR,ERR,ERR,ERR,ERR,ERR,ERR,ERR,ERR,ERR,2.7184312818759872e+23,0.0,-0.0,0.059,nan,1.3936040501711995e+18,7.805,0.0,0,0,4,48932,6720,14723890282496.0,100,0.0,0.0,0.0,0.059,0.0,0,0,0,0,0.0,0,0,0,0,0,0,0,0,0,0,0,0,0,0,0,0,0,0,0,0,0,0,0,0,0,0,0,0,0,0,0,0,0,26,51,50,76,65476,0,300,0,0,8,21553,0.0,-107605600.0,0.0,0.0,0.0,0.0,0.0,0.0,0.0,0.0,0.0,0.0,0.0,0.0,0.0,0.0,0.0,0.0,0.0,0.0,0.0,0.0,-2.004,2.004,-2.004,0.0,0.0,0.0,0.0,0.0,4779.0,-0.0,7283.0,2.7184312818759872e+23,0.0,-0.0,-107615392.0,0.0,0.0,0.0,0.0,77,0.0,-0.0,0.0,0.0,0.0,0.0,0.0,0.0,0.0,0,0,0,0.0,0.0,0.0,0.0,0.0,0.0,0.0,0.0,0.0,0.0,0.0,0.0,0.0,0.0,0.0,0.0,0,-107875648.0,77,0.0,154,0.0,0.0,ERR,ERR,ERR,ERR,ERR,ERR,ERR,ERR,ERR,ERR,ERR,ERR,ERR,ERR,ERR,ERR,ERR,ERR,ERR,ERR,ERR,ERR,ERR,ERR,ERR,ERR,ERR,ERR,ERR,ERR,ERR,ERR,ERR,ERR,ERR,ERR,ERR,ERR,ERR,ERR,ERR,ERR,ERR,ERR,ERR,ERR,ERR,ERR,ERR,ERR,ERR,ERR,ERR,ERR,ERR,ERR,ERR,ERR,ERR,ERR,ERR,ERR,ERR,ERR,ERR,ERR,ERR,34.0,80.0,35,0.0,0.0,0.0,0.0,0.0,0.0,0.0,0.0,0.0,0.0,0.0,0.0,0.0,0.0,0.0,0.0,66.0,0,120,58,53,65476,0,300,0,0,8,20529,65476,0,0,57672,80.0,0.0,0.0,0.0,0.0,0.0
2026-06-18T02:35:11,ERR,ERR,ERR,ERR,ERR,ERR,ERR,ERR,ERR,ERR,ERR,ERR,ERR,ERR,ERR,ERR,ERR,ERR,ERR,ERR,ERR,ERR,ERR,ERR,ERR,ERR,ERR,ERR,ERR,ERR,ERR,ERR,ERR,ERR,ERR,ERR,ERR,ERR,ERR,ERR,ERR,ERR,ERR,ERR,ERR,ERR,ERR,ERR,ERR,ERR,ERR,ERR,ERR,ERR,ERR,ERR,ERR,ERR,ERR,ERR,ERR,ERR,ERR,ERR,ERR,ERR,ERR,ERR,ERR,ERR,ERR,ERR,ERR,ERR,ERR,ERR,ERR,ERR,ERR,ERR,ERR,ERR,ERR,ERR,ERR,ERR,ERR,ERR,ERR,ERR,ERR,ERR,ERR,ERR,ERR,ERR,ERR,ERR,ERR,ERR,ERR,ERR,ERR,ERR,ERR,ERR,ERR,ERR,ERR,ERR,ERR,ERR,ERR,ERR,ERR,ERR,ERR,ERR,ERR,ERR,ERR,ERR,ERR,ERR,ERR,2.7184312818759872e+23,0.0,-0.0,0.059,nan,1.3936040501711995e+18,7.805,0.0,0,0,4,48932,6720,14723890282496.0,100,0.0,0.0,0.0,0.059,0.0,0,0,0,0,0.0,0,0,0,0,0,0,0,0,0,0,0,0,0,0,0,0,0,0,0,0,0,0,0,0,0,0,0,0,0,0,0,0,0,26,51,50,76,65476,0,300,0,0,8,21553,0.0,-107605600.0,0.0,0.0,0.0,0.0,0.0,0.0,0.0,0.0,0.0,0.0,0.0,0.0,0.0,0.0,0.0,0.0,0.0,0.0,0.0,0.0,-2.004,2.004,-2.004,0.0,0.0,0.0,0.0,0.0,4779.0,-0.0,7283.0,2.7184312818759872e+23,0.0,-0.0,-107615392.0,0.0,0.0,0.0,0.0,77,0.0,-0.0,0.0,0.0,0.0,0.0,0.0,0.0,0.0,0,0,0,0.0,0.0,0.0,0.0,0.0,0.0,0.0,0.0,0.0,0.0,0.0,0.0,0.0,0.0,0.0,0.0,0,-107875648.0,77,0.0,154,0.0,0.0,ERR,ERR,ERR,ERR,ERR,ERR,ERR,ERR,ERR,ERR,ERR,ERR,ERR,ERR,ERR,ERR,ERR,ERR,ERR,ERR,ERR,ERR,ERR,ERR,ERR,ERR,ERR,ERR,ERR,ERR,ERR,ERR,ERR,ERR,ERR,ERR,ERR,ERR,ERR,ERR,ERR,ERR,ERR,ERR,ERR,ERR,ERR,ERR,ERR,ERR,ERR,ERR,ERR,ERR,ERR,ERR,ERR,ERR,ERR,ERR,ERR,ERR,ERR,ERR,ERR,ERR,ERR,34.0,80.0,35,0.0,0.0,0.0,0.0,0.0,0.0,0.0,0.0,0.0,0.0,0.0,0.0,0.0,0.0,0.0,0.0,66.0,0,120,58,53,65476,0,300,0,0,8,20529,65476,0,0,57672,80.0,0.0,0.0,0.0,0.0,0.0
2026-06-18T02:35:12,ERR,ERR,ERR,ERR,ERR,ERR,ERR,ERR,ERR,ERR,ERR,ERR,ERR,ERR,ERR,ERR,ERR,ERR,ERR,ERR,ERR,ERR,ERR,ERR,ERR,ERR,ERR,ERR,ERR,ERR,ERR,ERR,ERR,ERR,ERR,ERR,ERR,ERR,ERR,ERR,ERR,ERR,ERR,ERR,ERR,ERR,ERR,ERR,ERR,ERR,ERR,ERR,ERR,ERR,ERR,ERR,ERR,ERR,ERR,ERR,ERR,ERR,ERR,ERR,ERR,ERR,ERR,ERR,ERR,ERR,ERR,ERR,ERR,ERR,ERR,ERR,ERR,ERR,ERR,ERR,ERR,ERR,ERR,ERR,ERR,ERR,ERR,ERR,ERR,ERR,ERR,ERR,ERR,ERR,ERR,ERR,ERR,ERR,ERR,ERR,ERR,ERR,ERR,ERR,ERR,ERR,ERR,ERR,ERR,ERR,ERR,ERR,ERR,ERR,ERR,ERR,ERR,ERR,ERR,ERR,ERR,ERR,ERR,ERR,ERR,2.7184312818759872e+23,0.0,-0.0,0.059,nan,1.3936040501711995e+18,7.805,0.0,0,0,4,48927,6720,14723890282496.0,100,0.0,0.0,0.0,-0.0,0.0,0,0,0,0,0.0,0,0,0,0,0,0,0,0,0,0,0,0,0,0,0,0,0,0,0,0,0,0,0,0,0,0,0,0,0,0,0,0,0,26,51,50,76,65476,0,300,0,0,8,21553,0.0,-107605600.0,0.0,0.0,0.0,0.0,0.0,0.0,0.0,0.0,0.0,0.0,0.0,0.0,0.0,0.0,0.0,0.0,0.0,0.0,0.0,0.0,-2.004,2.004,-2.004,0.0,0.0,0.0,0.0,0.0,4777.0,-0.0,7281.0,2.7184312818759872e+23,0.0,-0.0,-107615392.0,0.0,0.0,0.0,0.0,77,0.0,2.718415789493269e+23,0.0,0.0,0.0,0.0,0.0,0.0,0.0,0,0,0,0.0,0.0,0.0,0.0,0.0,0.0,0.0,0.0,0.0,0.0,0.0,0.0,0.0,0.0,0.0,0.0,0,-107875648.0,77,0.0,154,0.0,0.0,ERR,ERR,ERR,ERR,ERR,ERR,ERR,ERR,ERR,ERR,ERR,ERR,ERR,ERR,ERR,ERR,ERR,ERR,ERR,ERR,ERR,ERR,ERR,ERR,ERR,ERR,ERR,ERR,ERR,ERR,ERR,ERR,ERR,ERR,ERR,ERR,ERR,ERR,ERR,ERR,ERR,ERR,ERR,ERR,ERR,ERR,ERR,ERR,ERR,ERR,ERR,ERR,ERR,ERR,ERR,ERR,ERR,ERR,ERR,ERR,ERR,ERR,ERR,ERR,ERR,ERR,ERR,34.0,80.0,35,0.0,0.0,0.0,0.0,0.0,0.0,0.0,0.0,0.0,0.0,0.0,0.0,0.0,0.0,0.0,0.0,66.0,0,120,58,53,65476,0,300,0,0,8,20529,65476,0,0,57672,80.0,0.0,0.0,0.0,0.0,0.0
2026-06-18T02:35:13,ERR,ERR,ERR,ERR,ERR,ERR,ERR,ERR,ERR,ERR,ERR,ERR,ERR,ERR,ERR,ERR,ERR,ERR,ERR,ERR,ERR,ERR,ERR,ERR,ERR,ERR,ERR,ERR,ERR,ERR,ERR,ERR,ERR,ERR,ERR,ERR,ERR,ERR,ERR,ERR,ERR,ERR,ERR,ERR,ERR,ERR,ERR,ERR,ERR,ERR,ERR,ERR,ERR,ERR,ERR,ERR,ERR,ERR,ERR,ERR,ERR,ERR,ERR,ERR,ERR,ERR,ERR,ERR,ERR,ERR,ERR,ERR,ERR,ERR,ERR,ERR,ERR,ERR,ERR,ERR,ERR,ERR,ERR,ERR,ERR,ERR,ERR,ERR,ERR,ERR,ERR,ERR,ERR,ERR,ERR,ERR,ERR,ERR,ERR,ERR,ERR,ERR,ERR,ERR,ERR,ERR,ERR,ERR,ERR,ERR,ERR,ERR,ERR,ERR,ERR,ERR,ERR,ERR,ERR,ERR,ERR,ERR,ERR,ERR,ERR,2.7184312818759872e+23,0.0,-0.0,0.059,nan,1.3936040501711995e+18,7.805,0.0,0,0,4,48927,6720,14723890282496.0,100,0.0,0.0,0.0,-0.0,0.0,0,0,0,0,0.0,0,0,0,0,0,0,0,0,0,0,0,0,0,0,0,0,0,0,0,0,0,0,0,0,0,0,0,0,0,0,0,0,0,26,51,50,76,65476,0,300,0,0,8,21553,0.0,-107605600.0,0.0,0.0,0.0,0.0,0.0,0.0,0.0,0.0,0.0,0.0,0.0,0.0,0.0,0.0,0.0,0.0,0.0,0.0,0.0,0.0,-2.004,2.004,-2.004,0.0,0.0,0.0,0.0,0.0,4777.0,-0.0,7281.0,2.7184312818759872e+23,0.0,-0.0,-107615392.0,0.0,0.0,0.0,0.0,77,0.0,2.718415789493269e+23,0.0,0.0,0.0,0.0,0.0,0.0,0.0,0,0,0,0.0,0.0,0.0,0.0,0.0,0.0,0.0,0.0,0.0,0.0,0.0,0.0,0.0,0.0,0.0,0.0,0,-107875648.0,77,0.0,154,0.0,0.0,ERR,ERR,ERR,ERR,ERR,ERR,ERR,ERR,ERR,ERR,ERR,ERR,ERR,ERR,ERR,ERR,ERR,ERR,ERR,ERR,ERR,ERR,ERR,ERR,ERR,ERR,ERR,ERR,ERR,ERR,ERR,ERR,ERR,ERR,ERR,ERR,ERR,ERR,ERR,ERR,ERR,ERR,ERR,ERR,ERR,ERR,ERR,ERR,ERR,ERR,ERR,ERR,ERR,ERR,ERR,ERR,ERR,ERR,ERR,ERR,ERR,ERR,ERR,ERR,ERR,ERR,ERR,34.0,80.0,35,0.0,0.0,0.0,0.0,0.0,0.0,0.0,0.0,0.0,0.0,0.0,0.0,0.0,0.0,0.0,0.0,66.0,0,120,58,53,65476,0,300,0,0,8,20529,65476,0,0,57672,80.0,0.0,0.0,0.0,0.0,0.0
2026-06-18T02:35:14,ERR,ERR,ERR,ERR,ERR,ERR,ERR,ERR,ERR,ERR,ERR,ERR,ERR,ERR,ERR,ERR,ERR,ERR,ERR,ERR,ERR,ERR,ERR,ERR,ERR,ERR,ERR,ERR,ERR,ERR,ERR,ERR,ERR,ERR,ERR,ERR,ERR,ERR,ERR,ERR,ERR,ERR,ERR,ERR,ERR,ERR,ERR,ERR,ERR,ERR,ERR,ERR,ERR,ERR,ERR,ERR,ERR,ERR,ERR,ERR,ERR,ERR,ERR,ERR,ERR,ERR,ERR,ERR,ERR,ERR,ERR,ERR,ERR,ERR,ERR,ERR,ERR,ERR,ERR,ERR,ERR,ERR,ERR,ERR,ERR,ERR,ERR,ERR,ERR,ERR,ERR,ERR,ERR,ERR,ERR,ERR,ERR,ERR,ERR,ERR,ERR,ERR,ERR,ERR,ERR,ERR,ERR,ERR,ERR,ERR,ERR,ERR,ERR,ERR,ERR,ERR,ERR,ERR,ERR,ERR,ERR,ERR,ERR,ERR,ERR,2.7184312818759872e+23,0.0,-0.0,0.059,nan,1.3936040501711995e+18,7.805,0.0,0,0,4,48927,6720,14723890282496.0,100,0.0,0.0,0.0,-0.0,0.0,0,0,0,0,0.0,0,0,0,0,0,0,0,0,0,0,0,0,0,0,0,0,0,0,0,0,0,0,0,0,0,0,0,0,0,0,0,0,0,26,51,50,76,65476,0,300,0,0,8,21553,0.0,-107605600.0,0.0,0.0,0.0,0.0,0.0,0.0,0.0,0.0,0.0,0.0,0.0,0.0,0.0,0.0,0.0,0.0,0.0,0.0,0.0,0.0,-2.004,2.004,-2.004,0.0,0.0,0.0,0.0,0.0,4777.0,-0.0,7281.0,2.7184312818759872e+23,0.0,-0.0,-107615392.0,0.0,0.0,0.0,0.0,77,0.0,2.718415789493269e+23,0.0,0.0,0.0,0.0,0.0,0.0,0.0,0,0,0,0.0,0.0,0.0,0.0,0.0,0.0,0.0,0.0,0.0,0.0,0.0,0.0,0.0,0.0,0.0,0.0,0,-107875648.0,77,0.0,154,0.0,0.0,ERR,ERR,ERR,ERR,ERR,ERR,ERR,ERR,ERR,ERR,ERR,ERR,ERR,ERR,ERR,ERR,ERR,ERR,ERR,ERR,ERR,ERR,ERR,ERR,ERR,ERR,ERR,ERR,ERR,ERR,ERR,ERR,ERR,ERR,ERR,ERR,ERR,ERR,ERR,ERR,ERR,ERR,ERR,ERR,ERR,ERR,ERR,ERR,ERR,ERR,ERR,ERR,ERR,ERR,ERR,ERR,ERR,ERR,ERR,ERR,ERR,ERR,ERR,ERR,ERR,ERR,ERR,34.0,80.0,35,0.0,0.0,0.0,0.0,0.0,0.0,0.0,0.0,0.0,0.0,0.0,0.0,0.0,0.0,0.0,0.0,66.0,0,120,58,53,65476,0,300,0,0,8,20529,65476,0,0,57672,80.0,0.0,0.0,0.0,0.0,0.0
2026-06-18T02:35:15,ERR,ERR,ERR,ERR,ERR,ERR,ERR,ERR,ERR,ERR,ERR,ERR,ERR,ERR,ERR,ERR,ERR,ERR,ERR,ERR,ERR,ERR,ERR,ERR,ERR,ERR,ERR,ERR,ERR,ERR,ERR,ERR,ERR,ERR,ERR,ERR,ERR,ERR,ERR,ERR,ERR,ERR,ERR,ERR,ERR,ERR,ERR,ERR,ERR,ERR,ERR,ERR,ERR,ERR,ERR,ERR,ERR,ERR,ERR,ERR,ERR,ERR,ERR,ERR,ERR,ERR,ERR,ERR,ERR,ERR,ERR,ERR,ERR,ERR,ERR,ERR,ERR,ERR,ERR,ERR,ERR,ERR,ERR,ERR,ERR,ERR,ERR,ERR,ERR,ERR,ERR,ERR,ERR,ERR,ERR,ERR,ERR,ERR,ERR,ERR,ERR,ERR,ERR,ERR,ERR,ERR,ERR,ERR,ERR,ERR,ERR,ERR,ERR,ERR,ERR,ERR,ERR,ERR,ERR,ERR,ERR,ERR,ERR,ERR,ERR,2.7184312818759872e+23,0.0,-0.0,0.059,nan,1.3936040501711995e+18,7.805,0.0,0,0,4,48927,6720,14723890282496.0,100,0.0,0.0,0.0,-0.0,0.0,0,0,0,0,0.0,0,0,0,0,0,0,0,0,0,0,0,0,0,0,0,0,0,0,0,0,0,0,0,0,0,0,0,0,0,0,0,0,0,26,51,50,76,65476,0,300,0,0,8,21553,0.0,-107605600.0,0.0,0.0,0.0,0.0,0.0,0.0,0.0,0.0,0.0,0.0,0.0,0.0,0.0,0.0,0.0,0.0,0.0,0.0,0.0,0.0,-2.004,2.004,-2.004,0.0,0.0,0.0,0.0,0.0,4777.0,-0.0,7281.0,2.7184312818759872e+23,0.0,-0.0,-107615392.0,0.0,0.0,0.0,0.0,77,0.0,2.718415789493269e+23,0.0,0.0,0.0,0.0,0.0,0.0,0.0,0,0,0,0.0,0.0,0.0,0.0,0.0,0.0,0.0,0.0,0.0,0.0,0.0,0.0,0.0,0.0,0.0,0.0,0,-107875648.0,77,0.0,154,0.0,0.0,ERR,ERR,ERR,ERR,ERR,ERR,ERR,ERR,ERR,ERR,ERR,ERR,ERR,ERR,ERR,ERR,ERR,ERR,ERR,ERR,ERR,ERR,ERR,ERR,ERR,ERR,ERR,ERR,ERR,ERR,ERR,ERR,ERR,ERR,ERR,ERR,ERR,ERR,ERR,ERR,ERR,ERR,ERR,ERR,ERR,ERR,ERR,ERR,ERR,ERR,ERR,ERR,ERR,ERR,ERR,ERR,ERR,ERR,ERR,ERR,ERR,ERR,ERR,ERR,ERR,ERR,ERR,34.0,80.0,35,0.0,0.0,0.0,0.0,0.0,0.0,0.0,0.0,0.0,0.0,0.0,0.0,0.0,0.0,0.0,0.0,66.0,0,120,58,53,65476,0,300,0,0,8,20529,65476,0,0,57672,80.0,0.0,0.0,0.0,0.0,0.0
2026-06-18T02:35:16,ERR,ERR,ERR,ERR,ERR,ERR,ERR,ERR,ERR,ERR,ERR,ERR,ERR,ERR,ERR,ERR,ERR,ERR,ERR,ERR,ERR,ERR,ERR,ERR,ERR,ERR,ERR,ERR,ERR,ERR,ERR,ERR,ERR,ERR,ERR,ERR,ERR,ERR,ERR,ERR,ERR,ERR,ERR,ERR,ERR,ERR,ERR,ERR,ERR,ERR,ERR,ERR,ERR,ERR,ERR,ERR,ERR,ERR,ERR,ERR,ERR,ERR,ERR,ERR,ERR,ERR,ERR,ERR,ERR,ERR,ERR,ERR,ERR,ERR,ERR,ERR,ERR,ERR,ERR,ERR,ERR,ERR,ERR,ERR,ERR,ERR,ERR,ERR,ERR,ERR,ERR,ERR,ERR,ERR,ERR,ERR,ERR,ERR,ERR,ERR,ERR,ERR,ERR,ERR,ERR,ERR,ERR,ERR,ERR,ERR,ERR,ERR,ERR,ERR,ERR,ERR,ERR,ERR,ERR,ERR,ERR,ERR,ERR,ERR,ERR,2.7184312818759872e+23,0.0,-0.0,0.059,nan,1.3936040501711995e+18,7.805,0.0,0,0,4,48927,6720,14723890282496.0,100,0.0,0.0,0.0,-0.0,0.0,0,0,0,0,0.0,0,0,0,0,0,0,0,0,0,0,0,0,0,0,0,0,0,0,0,0,0,0,0,0,0,0,0,0,0,0,0,0,0,26,51,50,76,65476,0,300,0,0,8,21553,0.0,-107605600.0,0.0,0.0,0.0,0.0,0.0,0.0,0.0,0.0,0.0,0.0,0.0,0.0,0.0,0.0,0.0,0.0,0.0,0.0,0.0,0.0,-2.004,2.004,-2.004,0.0,0.0,0.0,0.0,0.0,4777.0,-0.0,7281.0,2.7184312818759872e+23,0.0,-0.0,-107615392.0,0.0,0.0,0.0,0.0,77,0.0,2.718415789493269e+23,0.0,0.0,0.0,0.0,0.0,0.0,0.0,0,0,0,0.0,0.0,0.0,0.0,0.0,0.0,0.0,0.0,0.0,0.0,0.0,0.0,0.0,0.0,0.0,0.0,0,-107875648.0,77,0.0,154,0.0,0.0,ERR,ERR,ERR,ERR,ERR,ERR,ERR,ERR,ERR,ERR,ERR,ERR,ERR,ERR,ERR,ERR,ERR,ERR,ERR,ERR,ERR,ERR,ERR,ERR,ERR,ERR,ERR,ERR,ERR,ERR,ERR,ERR,ERR,ERR,ERR,ERR,ERR,ERR,ERR,ERR,ERR,ERR,ERR,ERR,ERR,ERR,ERR,ERR,ERR,ERR,ERR,ERR,ERR,ERR,ERR,ERR,ERR,ERR,ERR,ERR,ERR,ERR,ERR,ERR,ERR,ERR,ERR,34.0,80.0,35,0.0,0.0,0.0,0.0,0.0,0.0,0.0,0.0,0.0,0.0,0.0,0.0,0.0,0.0,0.0,0.0,66.0,0,120,58,53,65476,0,300,0,0,8,20529,65476,0,0,57672,80.0,0.0,0.0,0.0,0.0,0.0
2026-06-18T02:35:17,ERR,ERR,ERR,ERR,ERR,ERR,ERR,ERR,ERR,ERR,ERR,ERR,ERR,ERR,ERR,ERR,ERR,ERR,ERR,ERR,ERR,ERR,ERR,ERR,ERR,ERR,ERR,ERR,ERR,ERR,ERR,ERR,ERR,ERR,ERR,ERR,ERR,ERR,ERR,ERR,ERR,ERR,ERR,ERR,ERR,ERR,ERR,ERR,ERR,ERR,ERR,ERR,ERR,ERR,ERR,ERR,ERR,ERR,ERR,ERR,ERR,ERR,ERR,ERR,ERR,ERR,ERR,ERR,ERR,ERR,ERR,ERR,ERR,ERR,ERR,ERR,ERR,ERR,ERR,ERR,ERR,ERR,ERR,ERR,ERR,ERR,ERR,ERR,ERR,ERR,ERR,ERR,ERR,ERR,ERR,ERR,ERR,ERR,ERR,ERR,ERR,ERR,ERR,ERR,ERR,ERR,ERR,ERR,ERR,ERR,ERR,ERR,ERR,ERR,ERR,ERR,ERR,ERR,ERR,ERR,ERR,ERR,ERR,ERR,ERR,2.7184312818759872e+23,0.0,-0.0,-0.0,nan,1.3936040501711995e+18,7.805,1.182,0,0,4,48932,6720,14723890282496.0,100,0.0,0.0,0.0,-0.0,0.0,0,0,0,0,0.0,0,0,0,0,0,0,0,0,0,0,0,0,0,0,0,0,0,0,0,0,0,0,0,0,0,0,0,0,0,0,0,0,0,26,51,50,76,65476,0,300,0,0,8,21553,0.0,-107605600.0,0.0,0.0,0.0,0.0,0.0,0.0,0.0,0.0,0.0,0.0,0.0,0.0,0.0,0.0,0.0,0.0,0.0,0.0,0.0,0.0,-2.004,2.004,-2.004,0.0,0.0,0.0,0.0,0.0,4779.0,-0.0,7280.0,2.7184312818759872e+23,0.0,-0.0,-107615392.0,0.0,0.0,0.0,0.0,77,0.0,1.905684376578949e+17,0.0,0.0,0.0,0.0,0.0,0.0,0.0,0,0,0,0.0,0.0,0.0,0.0,0.0,0.0,0.0,0.0,0.0,0.0,0.0,0.0,0.0,0.0,0.0,0.0,0,-107875648.0,77,0.0,154,0.0,0.0,ERR,ERR,ERR,ERR,ERR,ERR,ERR,ERR,ERR,ERR,ERR,ERR,ERR,ERR,ERR,ERR,ERR,ERR,ERR,ERR,ERR,ERR,ERR,ERR,ERR,ERR,ERR,ERR,ERR,ERR,ERR,ERR,ERR,ERR,ERR,ERR,ERR,ERR,ERR,ERR,ERR,ERR,ERR,ERR,ERR,ERR,ERR,ERR,ERR,ERR,ERR,ERR,ERR,ERR,ERR,ERR,ERR,ERR,ERR,ERR,ERR,ERR,ERR,ERR,ERR,ERR,ERR,34.0,80.0,35,0.0,0.0,0.0,0.0,0.0,0.0,0.0,0.0,0.0,0.0,0.0,0.0,0.0,0.0,0.0,0.0,66.0,0,120,58,53,65476,0,300,0,0,8,20529,65476,0,0,57672,80.0,0.0,0.0,0.0,0.0,0.0
2026-06-18T02:35:18,ERR,ERR,ERR,ERR,ERR,ERR,ERR,ERR,ERR,ERR,ERR,ERR,ERR,ERR,ERR,ERR,ERR,ERR,ERR,ERR,ERR,ERR,ERR,ERR,ERR,ERR,ERR,ERR,ERR,ERR,ERR,ERR,ERR,ERR,ERR,ERR,ERR,ERR,ERR,ERR,ERR,ERR,ERR,ERR,ERR,ERR,ERR,ERR,ERR,ERR,ERR,ERR,ERR,ERR,ERR,ERR,ERR,ERR,ERR,ERR,ERR,ERR,ERR,ERR,ERR,ERR,ERR,ERR,ERR,ERR,ERR,ERR,ERR,ERR,ERR,ERR,ERR,ERR,ERR,ERR,ERR,ERR,ERR,ERR,ERR,ERR,ERR,ERR,ERR,ERR,ERR,ERR,ERR,ERR,ERR,ERR,ERR,ERR,ERR,ERR,ERR,ERR,ERR,ERR,ERR,ERR,ERR,ERR,ERR,ERR,ERR,ERR,ERR,ERR,ERR,ERR,ERR,ERR,ERR,ERR,ERR,ERR,ERR,ERR,ERR,2.7184312818759872e+23,0.0,-0.0,-0.0,nan,1.3936040501711995e+18,7.805,1.182,0,0,4,48932,6720,14723890282496.0,100,0.0,0.0,0.0,-0.0,0.0,0,0,0,0,0.0,0,0,0,0,0,0,0,0,0,0,0,0,0,0,0,0,0,0,0,0,0,0,0,0,0,0,0,0,0,0,0,0,0,26,51,50,76,65476,0,300,0,0,8,21553,0.0,-107605600.0,0.0,0.0,0.0,0.0,0.0,0.0,0.0,0.0,0.0,0.0,0.0,0.0,0.0,0.0,0.0,0.0,0.0,0.0,0.0,0.0,-2.004,2.004,-2.004,0.0,0.0,0.0,0.0,0.0,4779.0,-0.0,7280.0,2.7184312818759872e+23,0.0,-0.0,-107615392.0,0.0,0.0,0.0,0.0,77,0.0,1.905684376578949e+17,0.0,0.0,0.0,0.0,0.0,0.0,0.0,0,0,0,0.0,0.0,0.0,0.0,0.0,0.0,0.0,0.0,0.0,0.0,0.0,0.0,0.0,0.0,0.0,0.0,0,-107875648.0,77,0.0,154,0.0,0.0,ERR,ERR,ERR,ERR,ERR,ERR,ERR,ERR,ERR,ERR,ERR,ERR,ERR,ERR,ERR,ERR,ERR,ERR,ERR,ERR,ERR,ERR,ERR,ERR,ERR,ERR,ERR,ERR,ERR,ERR,ERR,ERR,ERR,ERR,ERR,ERR,ERR,ERR,ERR,ERR,ERR,ERR,ERR,ERR,ERR,ERR,ERR,ERR,ERR,ERR,ERR,ERR,ERR,ERR,ERR,ERR,ERR,ERR,ERR,ERR,ERR,ERR,ERR,ERR,ERR,ERR,ERR,34.0,80.0,35,0.0,0.0,0.0,0.0,0.0,0.0,0.0,0.0,0.0,0.0,0.0,0.0,0.0,0.0,0.0,0.0,66.0,0,120,58,53,65476,0,300,0,0,8,20529,65476,0,0,57672,80.0,0.0,0.0,0.0,0.0,0.0
2026-06-18T02:35:19,ERR,ERR,ERR,ERR,ERR,ERR,ERR,ERR,ERR,ERR,ERR,ERR,ERR,ERR,ERR,ERR,ERR,ERR,ERR,ERR,ERR,ERR,ERR,ERR,ERR,ERR,ERR,ERR,ERR,ERR,ERR,ERR,ERR,ERR,ERR,ERR,ERR,ERR,ERR,ERR,ERR,ERR,ERR,ERR,ERR,ERR,ERR,ERR,ERR,ERR,ERR,ERR,ERR,ERR,ERR,ERR,ERR,ERR,ERR,ERR,ERR,ERR,ERR,ERR,ERR,ERR,ERR,ERR,ERR,ERR,ERR,ERR,ERR,ERR,ERR,ERR,ERR,ERR,ERR,ERR,ERR,ERR,ERR,ERR,ERR,ERR,ERR,ERR,ERR,ERR,ERR,ERR,ERR,ERR,ERR,ERR,ERR,ERR,ERR,ERR,ERR,ERR,ERR,ERR,ERR,ERR,ERR,ERR,ERR,ERR,ERR,ERR,ERR,ERR,ERR,ERR,ERR,ERR,ERR,ERR,ERR,ERR,ERR,ERR,ERR,2.7184312818759872e+23,0.0,-0.0,-0.0,nan,1.3936040501711995e+18,7.805,1.182,0,0,4,48932,6720,14723890282496.0,100,0.0,0.0,0.0,-0.0,0.0,0,0,0,0,0.0,0,0,0,0,0,0,0,0,0,0,0,0,0,0,0,0,0,0,0,0,0,0,0,0,0,0,0,0,0,0,0,0,0,26,51,50,76,65476,0,300,0,0,8,21553,0.0,-107605600.0,0.0,0.0,0.0,0.0,0.0,0.0,0.0,0.0,0.0,0.0,0.0,0.0,0.0,0.0,0.0,0.0,0.0,0.0,0.0,0.0,-2.004,2.004,-2.004,0.0,0.0,0.0,0.0,0.0,4779.0,-0.0,7280.0,2.7184312818759872e+23,0.0,-0.0,-107615392.0,0.0,0.0,0.0,0.0,77,0.0,1.905684376578949e+17,0.0,0.0,0.0,0.0,0.0,0.0,0.0,0,0,0,0.0,0.0,0.0,0.0,0.0,0.0,0.0,0.0,0.0,0.0,0.0,0.0,0.0,0.0,0.0,0.0,0,-107875648.0,77,0.0,154,0.0,0.0,ERR,ERR,ERR,ERR,ERR,ERR,ERR,ERR,ERR,ERR,ERR,ERR,ERR,ERR,ERR,ERR,ERR,ERR,ERR,ERR,ERR,ERR,ERR,ERR,ERR,ERR,ERR,ERR,ERR,ERR,ERR,ERR,ERR,ERR,ERR,ERR,ERR,ERR,ERR,ERR,ERR,ERR,ERR,ERR,ERR,ERR,ERR,ERR,ERR,ERR,ERR,ERR,ERR,ERR,ERR,ERR,ERR,ERR,ERR,ERR,ERR,ERR,ERR,ERR,ERR,ERR,ERR,34.0,80.0,35,0.0,0.0,0.0,0.0,0.0,0.0,0.0,0.0,0.0,0.0,0.0,0.0,0.0,0.0,0.0,0.0,66.0,0,120,58,53,65476,0,300,0,0,8,20529,65476,0,0,57672,80.0,0.0,0.0,0.0,0.0,0.0
2026-06-18T02:35:20,ERR,ERR,ERR,ERR,ERR,ERR,ERR,ERR,ERR,ERR,ERR,ERR,ERR,ERR,ERR,ERR,ERR,ERR,ERR,ERR,ERR,ERR,ERR,ERR,ERR,ERR,ERR,ERR,ERR,ERR,ERR,ERR,ERR,ERR,ERR,ERR,ERR,ERR,ERR,ERR,ERR,ERR,ERR,ERR,ERR,ERR,ERR,ERR,ERR,ERR,ERR,ERR,ERR,ERR,ERR,ERR,ERR,ERR,ERR,ERR,ERR,ERR,ERR,ERR,ERR,ERR,ERR,ERR,ERR,ERR,ERR,ERR,ERR,ERR,ERR,ERR,ERR,ERR,ERR,ERR,ERR,ERR,ERR,ERR,ERR,ERR,ERR,ERR,ERR,ERR,ERR,ERR,ERR,ERR,ERR,ERR,ERR,ERR,ERR,ERR,ERR,ERR,ERR,ERR,ERR,ERR,ERR,ERR,ERR,ERR,ERR,ERR,ERR,ERR,ERR,ERR,ERR,ERR,ERR,ERR,ERR,ERR,ERR,ERR,ERR,2.7184312818759872e+23,0.0,-0.0,-0.0,nan,1.3936040501711995e+18,7.805,1.182,0,0,4,48932,6720,14723890282496.0,100,0.0,0.0,0.0,-0.0,0.0,0,0,0,0,0.0,0,0,0,0,0,0,0,0,0,0,0,0,0,0,0,0,0,0,0,0,0,0,0,0,0,0,0,0,0,0,0,0,0,26,51,50,76,65476,0,300,0,0,8,21553,0.0,-107605600.0,0.0,0.0,0.0,0.0,0.0,0.0,0.0,0.0,0.0,0.0,0.0,0.0,0.0,0.0,0.0,0.0,0.0,0.0,0.0,0.0,-2.004,2.004,-2.004,0.0,0.0,0.0,0.0,0.0,4779.0,-0.0,7280.0,2.7184312818759872e+23,0.0,-0.0,-107615392.0,0.0,0.0,0.0,0.0,77,0.0,1.905684376578949e+17,0.0,0.0,0.0,0.0,0.0,0.0,0.0,0,0,0,0.0,0.0,0.0,0.0,0.0,0.0,0.0,0.0,0.0,0.0,0.0,0.0,0.0,0.0,0.0,0.0,0,-107875648.0,77,0.0,154,0.0,0.0,ERR,ERR,ERR,ERR,ERR,ERR,ERR,ERR,ERR,ERR,ERR,ERR,ERR,ERR,ERR,ERR,ERR,ERR,ERR,ERR,ERR,ERR,ERR,ERR,ERR,ERR,ERR,ERR,ERR,ERR,ERR,ERR,ERR,ERR,ERR,ERR,ERR,ERR,ERR,ERR,ERR,ERR,ERR,ERR,ERR,ERR,ERR,ERR,ERR,ERR,ERR,ERR,ERR,ERR,ERR,ERR,ERR,ERR,ERR,ERR,ERR,ERR,ERR,ERR,ERR,ERR,ERR,34.0,80.0,35,0.0,0.0,0.0,0.0,0.0,0.0,0.0,0.0,0.0,0.0,0.0,0.0,0.0,0.0,0.0,0.0,66.0,0,120,58,53,65476,0,300,0,0,8,20529,65476,0,0,57672,80.0,0.0,0.0,0.0,0.0,0.0
2026-06-18T02:35:21,ERR,ERR,ERR,ERR,ERR,ERR,ERR,ERR,ERR,ERR,ERR,ERR,ERR,ERR,ERR,ERR,ERR,ERR,ERR,ERR,ERR,ERR,ERR,ERR,ERR,ERR,ERR,ERR,ERR,ERR,ERR,ERR,ERR,ERR,ERR,ERR,ERR,ERR,ERR,ERR,ERR,ERR,ERR,ERR,ERR,ERR,ERR,ERR,ERR,ERR,ERR,ERR,ERR,ERR,ERR,ERR,ERR,ERR,ERR,ERR,ERR,ERR,ERR,ERR,ERR,ERR,ERR,ERR,ERR,ERR,ERR,ERR,ERR,ERR,ERR,ERR,ERR,ERR,ERR,ERR,ERR,ERR,ERR,ERR,ERR,ERR,ERR,ERR,ERR,ERR,ERR,ERR,ERR,ERR,ERR,ERR,ERR,ERR,ERR,ERR,ERR,ERR,ERR,ERR,ERR,ERR,ERR,ERR,ERR,ERR,ERR,ERR,ERR,ERR,ERR,ERR,ERR,ERR,ERR,ERR,ERR,ERR,ERR,ERR,ERR,2.7184312818759872e+23,0.0,-0.0,-0.0,nan,1.3936040501711995e+18,7.805,1.182,0,0,4,48932,6720,14723890282496.0,100,0.0,0.0,0.0,-0.0,0.0,0,0,0,0,0.0,0,0,0,0,0,0,0,0,0,0,0,0,0,0,0,0,0,0,0,0,0,0,0,0,0,0,0,0,0,0,0,0,0,26,51,50,76,65476,0,300,0,0,8,21553,0.0,-107605600.0,0.0,0.0,0.0,0.0,0.0,0.0,0.0,0.0,0.0,0.0,0.0,0.0,0.0,0.0,0.0,0.0,0.0,0.0,0.0,0.0,-2.004,2.004,-2.004,0.0,0.0,0.0,0.0,0.0,4779.0,-0.0,7280.0,2.7184312818759872e+23,0.0,-0.0,-107615392.0,0.0,0.0,0.0,0.0,77,0.0,1.905684376578949e+17,0.0,0.0,0.0,0.0,0.0,0.0,0.0,0,0,0,0.0,0.0,0.0,0.0,0.0,0.0,0.0,0.0,0.0,0.0,0.0,0.0,0.0,0.0,0.0,0.0,0,-107875648.0,77,0.0,154,0.0,0.0,ERR,ERR,ERR,ERR,ERR,ERR,ERR,ERR,ERR,ERR,ERR,ERR,ERR,ERR,ERR,ERR,ERR,ERR,ERR,ERR,ERR,ERR,ERR,ERR,ERR,ERR,ERR,ERR,ERR,ERR,ERR,ERR,ERR,ERR,ERR,ERR,ERR,ERR,ERR,ERR,ERR,ERR,ERR,ERR,ERR,ERR,ERR,ERR,ERR,ERR,ERR,ERR,ERR,ERR,ERR,ERR,ERR,ERR,ERR,ERR,ERR,ERR,ERR,ERR,ERR,ERR,ERR,34.0,80.0,35,0.0,0.0,0.0,0.0,0.0,0.0,0.0,0.0,0.0,0.0,0.0,0.0,0.0,0.0,0.0,0.0,66.0,0,120,58,53,65476,0,300,0,0,8,20529,65476,0,0,57672,80.0,0.0,0.0,0.0,0.0,0.0
2026-06-18T02:35:22,ERR,ERR,ERR,ERR,ERR,ERR,ERR,ERR,ERR,ERR,ERR,ERR,ERR,ERR,ERR,ERR,ERR,ERR,ERR,ERR,ERR,ERR,ERR,ERR,ERR,ERR,ERR,ERR,ERR,ERR,ERR,ERR,ERR,ERR,ERR,ERR,ERR,ERR,ERR,ERR,ERR,ERR,ERR,ERR,ERR,ERR,ERR,ERR,ERR,ERR,ERR,ERR,ERR,ERR,ERR,ERR,ERR,ERR,ERR,ERR,ERR,ERR,ERR,ERR,ERR,ERR,ERR,ERR,ERR,ERR,ERR,ERR,ERR,ERR,ERR,ERR,ERR,ERR,ERR,ERR,ERR,ERR,ERR,ERR,ERR,ERR,ERR,ERR,ERR,ERR,ERR,ERR,ERR,ERR,ERR,ERR,ERR,ERR,ERR,ERR,ERR,ERR,ERR,ERR,ERR,ERR,ERR,ERR,ERR,ERR,ERR,ERR,ERR,ERR,ERR,ERR,ERR,ERR,ERR,ERR,ERR,ERR,ERR,ERR,ERR,2.7184312818759872e+23,0.0,-0.0,-0.0,nan,1.3936040501711995e+18,7.805,1.182,0,0,4,48932,6720,14723890282496.0,100,0.0,0.0,0.0,-0.0,0.0,0,0,0,0,0.0,0,0,0,0,0,0,0,0,0,0,0,0,0,0,0,0,0,0,0,0,0,0,0,0,0,0,0,0,0,0,0,0,0,26,51,50,76,65476,0,300,0,0,8,21553,0.0,-107605600.0,0.0,0.0,0.0,0.0,0.0,0.0,0.0,0.0,0.0,0.0,0.0,0.0,0.0,0.0,0.0,0.0,0.0,0.0,0.0,0.0,-2.004,2.004,-2.004,0.0,0.0,0.0,0.0,0.0,4779.0,-0.0,7280.0,2.7184312818759872e+23,0.0,-0.0,-107615392.0,0.0,0.0,0.0,0.0,77,0.0,1.905684376578949e+17,0.0,0.0,0.0,0.0,0.0,0.0,0.0,0,0,0,0.0,0.0,0.0,0.0,0.0,0.0,0.0,0.0,0.0,0.0,0.0,0.0,0.0,0.0,0.0,0.0,0,-107875648.0,77,0.0,154,0.0,0.0,ERR,ERR,ERR,ERR,ERR,ERR,ERR,ERR,ERR,ERR,ERR,ERR,ERR,ERR,ERR,ERR,ERR,ERR,ERR,ERR,ERR,ERR,ERR,ERR,ERR,ERR,ERR,ERR,ERR,ERR,ERR,ERR,ERR,ERR,ERR,ERR,ERR,ERR,ERR,ERR,ERR,ERR,ERR,ERR,ERR,ERR,ERR,ERR,ERR,ERR,ERR,ERR,ERR,ERR,ERR,ERR,ERR,ERR,ERR,ERR,ERR,ERR,ERR,ERR,ERR,ERR,ERR,34.0,80.0,35,0.0,0.0,0.0,0.0,0.0,0.0,0.0,0.0,0.0,0.0,0.0,0.0,0.0,0.0,0.0,0.0,66.4,0,120,58,53,65476,0,300,0,0,8,20529,65476,0,0,57672,80.0,0.0,0.0,0.0,0.0,0.0
2026-06-18T02:35:23,ERR,ERR,ERR,ERR,ERR,ERR,ERR,ERR,ERR,ERR,ERR,ERR,ERR,ERR,ERR,ERR,ERR,ERR,ERR,ERR,ERR,ERR,ERR,ERR,ERR,ERR,ERR,ERR,ERR,ERR,ERR,ERR,ERR,ERR,ERR,ERR,ERR,ERR,ERR,ERR,ERR,ERR,ERR,ERR,ERR,ERR,ERR,ERR,ERR,ERR,ERR,ERR,ERR,ERR,ERR,ERR,ERR,ERR,ERR,ERR,ERR,ERR,ERR,ERR,ERR,ERR,ERR,ERR,ERR,ERR,ERR,ERR,ERR,ERR,ERR,ERR,ERR,ERR,ERR,ERR,ERR,ERR,ERR,ERR,ERR,ERR,ERR,ERR,ERR,ERR,ERR,ERR,ERR,ERR,ERR,ERR,ERR,ERR,ERR,ERR,ERR,ERR,ERR,ERR,ERR,ERR,ERR,ERR,ERR,ERR,ERR,ERR,ERR,ERR,ERR,ERR,ERR,ERR,ERR,ERR,ERR,ERR,ERR,ERR,ERR,2.7184312818759872e+23,0.0,-0.0,-4.9501291711397626e+32,nan,1.3936040501711995e+18,7.805,-0.0,0,0,4,48936,6720,14723890282496.0,100,0.0,0.0,0.0,89215.008,0.0,0,0,0,0,0.0,0,0,0,0,0,0,0,0,0,0,0,0,0,0,0,0,0,0,0,0,0,0,0,0,0,0,0,0,0,0,0,0,0,26,51,50,76,65476,0,300,0,0,8,21553,0.0,-107605600.0,0.0,0.0,0.0,0.0,0.0,0.0,0.0,0.0,0.0,0.0,0.0,0.0,0.0,0.0,0.0,0.0,0.0,0.0,0.0,0.0,-2.004,2.004,-2.004,0.0,0.0,0.0,0.0,0.0,4777.0,-0.0,7280.0,2.7184312818759872e+23,0.0,-0.0,-107615392.0,0.0,0.0,0.0,0.0,77,0.0,1.905684376578949e+17,0.0,0.0,0.0,0.0,0.0,0.0,0.0,0,0,0,0.0,0.0,0.0,0.0,0.0,0.0,0.0,0.0,0.0,0.0,0.0,0.0,0.0,0.0,0.0,0.0,0,-107875648.0,77,0.0,154,0.0,0.0,ERR,ERR,ERR,ERR,ERR,ERR,ERR,ERR,ERR,ERR,ERR,ERR,ERR,ERR,ERR,ERR,ERR,ERR,ERR,ERR,ERR,ERR,ERR,ERR,ERR,ERR,ERR,ERR,ERR,ERR,ERR,ERR,ERR,ERR,ERR,ERR,ERR,ERR,ERR,ERR,ERR,ERR,ERR,ERR,ERR,ERR,ERR,ERR,ERR,ERR,ERR,ERR,ERR,ERR,ERR,ERR,ERR,ERR,ERR,ERR,ERR,ERR,ERR,ERR,ERR,ERR,ERR,34.0,80.0,35,0.0,0.0,0.0,0.0,0.0,0.0,0.0,0.0,0.0,0.0,0.0,0.0,0.0,0.0,0.0,0.0,66.0,0,120,58,53,65476,0,300,0,0,8,20529,65476,0,0,57672,80.0,0.0,0.0,0.0,0.0,0.0
2026-06-18T02:35:24,ERR,ERR,ERR,ERR,ERR,ERR,ERR,ERR,ERR,ERR,ERR,ERR,ERR,ERR,ERR,ERR,ERR,ERR,ERR,ERR,ERR,ERR,ERR,ERR,ERR,ERR,ERR,ERR,ERR,ERR,ERR,ERR,ERR,ERR,ERR,ERR,ERR,ERR,ERR,ERR,ERR,ERR,ERR,ERR,ERR,ERR,ERR,ERR,ERR,ERR,ERR,ERR,ERR,ERR,ERR,ERR,ERR,ERR,ERR,ERR,ERR,ERR,ERR,ERR,ERR,ERR,ERR,ERR,ERR,ERR,ERR,ERR,ERR,ERR,ERR,ERR,ERR,ERR,ERR,ERR,ERR,ERR,ERR,ERR,ERR,ERR,ERR,ERR,ERR,ERR,ERR,ERR,ERR,ERR,ERR,ERR,ERR,ERR,ERR,ERR,ERR,ERR,ERR,ERR,ERR,ERR,ERR,ERR,ERR,ERR,ERR,ERR,ERR,ERR,ERR,ERR,ERR,ERR,ERR,ERR,ERR,ERR,ERR,ERR,ERR,2.7184312818759872e+23,0.0,-0.0,-4.9501291711397626e+32,nan,1.3936040501711995e+18,7.805,-0.0,0,0,4,48936,6720,14723890282496.0,100,0.0,0.0,0.0,89215.008,0.0,0,0,0,0,0.0,0,0,0,0,0,0,0,0,0,0,0,0,0,0,0,0,0,0,0,0,0,0,0,0,0,0,0,0,0,0,0,0,0,26,51,50,76,65476,0,300,0,0,8,21553,0.0,-107605600.0,0.0,0.0,0.0,0.0,0.0,0.0,0.0,0.0,0.0,0.0,0.0,0.0,0.0,0.0,0.0,0.0,0.0,0.0,0.0,0.0,-2.004,2.004,-2.004,0.0,0.0,0.0,0.0,0.0,4777.0,-0.0,7280.0,2.7184312818759872e+23,0.0,-0.0,-107615392.0,0.0,0.0,0.0,0.0,77,0.0,1.905684376578949e+17,0.0,0.0,0.0,0.0,0.0,0.0,0.0,0,0,0,0.0,0.0,0.0,0.0,0.0,0.0,0.0,0.0,0.0,0.0,0.0,0.0,0.0,0.0,0.0,0.0,0,-107875648.0,77,0.0,154,0.0,0.0,ERR,ERR,ERR,ERR,ERR,ERR,ERR,ERR,ERR,ERR,ERR,ERR,ERR,ERR,ERR,ERR,ERR,ERR,ERR,ERR,ERR,ERR,ERR,ERR,ERR,ERR,ERR,ERR,ERR,ERR,ERR,ERR,ERR,ERR,ERR,ERR,ERR,ERR,ERR,ERR,ERR,ERR,ERR,ERR,ERR,ERR,ERR,ERR,ERR,ERR,ERR,ERR,ERR,ERR,ERR,ERR,ERR,ERR,ERR,ERR,ERR,ERR,ERR,ERR,ERR,ERR,ERR,34.0,80.0,35,0.0,0.0,0.0,0.0,0.0,0.0,0.0,0.0,0.0,0.0,0.0,0.0,0.0,0.0,0.0,0.0,66.0,0,120,58,53,65476,0,300,0,0,8,20529,65476,0,0,57672,80.0,0.0,0.0,0.0,0.0,0.0
2026-06-18T02:35:25,ERR,ERR,ERR,ERR,ERR,ERR,ERR,ERR,ERR,ERR,ERR,ERR,ERR,ERR,ERR,ERR,ERR,ERR,ERR,ERR,ERR,ERR,ERR,ERR,ERR,ERR,ERR,ERR,ERR,ERR,ERR,ERR,ERR,ERR,ERR,ERR,ERR,ERR,ERR,ERR,ERR,ERR,ERR,ERR,ERR,ERR,ERR,ERR,ERR,ERR,ERR,ERR,ERR,ERR,ERR,ERR,ERR,ERR,ERR,ERR,ERR,ERR,ERR,ERR,ERR,ERR,ERR,ERR,ERR,ERR,ERR,ERR,ERR,ERR,ERR,ERR,ERR,ERR,ERR,ERR,ERR,ERR,ERR,ERR,ERR,ERR,ERR,ERR,ERR,ERR,ERR,ERR,ERR,ERR,ERR,ERR,ERR,ERR,ERR,ERR,ERR,ERR,ERR,ERR,ERR,ERR,ERR,ERR,ERR,ERR,ERR,ERR,ERR,ERR,ERR,ERR,ERR,ERR,ERR,ERR,ERR,ERR,ERR,ERR,ERR,2.7184312818759872e+23,0.0,-0.0,-4.9501291711397626e+32,nan,1.3936040501711995e+18,7.805,-0.0,0,0,4,48936,6720,14723890282496.0,100,0.0,0.0,0.0,89215.008,0.0,0,0,0,0,0.0,0,0,0,0,0,0,0,0,0,0,0,0,0,0,0,0,0,0,0,0,0,0,0,0,0,0,0,0,0,0,0,0,0,26,51,50,76,65476,0,300,0,0,8,21553,0.0,-107605600.0,0.0,0.0,0.0,0.0,0.0,0.0,0.0,0.0,0.0,0.0,0.0,0.0,0.0,0.0,0.0,0.0,0.0,0.0,0.0,0.0,-2.004,2.004,-2.004,0.0,0.0,0.0,0.0,0.0,4777.0,-0.0,7280.0,2.7184312818759872e+23,0.0,-0.0,-107615392.0,0.0,0.0,0.0,0.0,77,0.0,1.905684376578949e+17,0.0,0.0,0.0,0.0,0.0,0.0,0.0,0,0,0,0.0,0.0,0.0,0.0,0.0,0.0,0.0,0.0,0.0,0.0,0.0,0.0,0.0,0.0,0.0,0.0,0,-107875648.0,77,0.0,154,0.0,0.0,ERR,ERR,ERR,ERR,ERR,ERR,ERR,ERR,ERR,ERR,ERR,ERR,ERR,ERR,ERR,ERR,ERR,ERR,ERR,ERR,ERR,ERR,ERR,ERR,ERR,ERR,ERR,ERR,ERR,ERR,ERR,ERR,ERR,ERR,ERR,ERR,ERR,ERR,ERR,ERR,ERR,ERR,ERR,ERR,ERR,ERR,ERR,ERR,ERR,ERR,ERR,ERR,ERR,ERR,ERR,ERR,ERR,ERR,ERR,ERR,ERR,ERR,ERR,ERR,ERR,ERR,ERR,34.0,80.0,35,0.0,0.0,0.0,0.0,0.0,0.0,0.0,0.0,0.0,0.0,0.0,0.0,0.0,0.0,0.0,0.0,66.4,0,120,58,53,65476,0,300,0,0,8,20529,65476,0,0,57672,80.0,0.0,0.0,0.0,0.0,0.0
2026-06-18T02:35:26,ERR,ERR,ERR,ERR,ERR,ERR,ERR,ERR,ERR,ERR,ERR,ERR,ERR,ERR,ERR,ERR,ERR,ERR,ERR,ERR,ERR,ERR,ERR,ERR,ERR,ERR,ERR,ERR,ERR,ERR,ERR,ERR,ERR,ERR,ERR,ERR,ERR,ERR,ERR,ERR,ERR,ERR,ERR,ERR,ERR,ERR,ERR,ERR,ERR,ERR,ERR,ERR,ERR,ERR,ERR,ERR,ERR,ERR,ERR,ERR,ERR,ERR,ERR,ERR,ERR,ERR,ERR,ERR,ERR,ERR,ERR,ERR,ERR,ERR,ERR,ERR,ERR,ERR,ERR,ERR,ERR,ERR,ERR,ERR,ERR,ERR,ERR,ERR,ERR,ERR,ERR,ERR,ERR,ERR,ERR,ERR,ERR,ERR,ERR,ERR,ERR,ERR,ERR,ERR,ERR,ERR,ERR,ERR,ERR,ERR,ERR,ERR,ERR,ERR,ERR,ERR,ERR,ERR,ERR,ERR,ERR,ERR,ERR,ERR,ERR,2.7184312818759872e+23,0.0,-0.0,-4.9501291711397626e+32,nan,1.3936040501711995e+18,7.805,-0.0,0,0,4,48936,6720,14723890282496.0,100,0.0,0.0,0.0,89215.008,0.0,0,0,0,0,0.0,0,0,0,0,0,0,0,0,0,0,0,0,0,0,0,0,0,0,0,0,0,0,0,0,0,0,0,0,0,0,0,0,0,26,51,50,76,65476,0,300,0,0,8,21553,0.0,-107605600.0,0.0,0.0,0.0,0.0,0.0,0.0,0.0,0.0,0.0,0.0,0.0,0.0,0.0,0.0,0.0,0.0,0.0,0.0,0.0,0.0,-2.004,2.004,-2.004,0.0,0.0,0.0,0.0,0.0,4777.0,-0.0,7280.0,2.7184312818759872e+23,0.0,-0.0,-107615392.0,0.0,0.0,0.0,0.0,77,0.0,1.905684376578949e+17,0.0,0.0,0.0,0.0,0.0,0.0,0.0,0,0,0,0.0,0.0,0.0,0.0,0.0,0.0,0.0,0.0,0.0,0.0,0.0,0.0,0.0,0.0,0.0,0.0,0,-107875648.0,77,0.0,154,0.0,0.0,ERR,ERR,ERR,ERR,ERR,ERR,ERR,ERR,ERR,ERR,ERR,ERR,ERR,ERR,ERR,ERR,ERR,ERR,ERR,ERR,ERR,ERR,ERR,ERR,ERR,ERR,ERR,ERR,ERR,ERR,ERR,ERR,ERR,ERR,ERR,ERR,ERR,ERR,ERR,ERR,ERR,ERR,ERR,ERR,ERR,ERR,ERR,ERR,ERR,ERR,ERR,ERR,ERR,ERR,ERR,ERR,ERR,ERR,ERR,ERR,ERR,ERR,ERR,ERR,ERR,ERR,ERR,34.0,80.0,35,0.0,0.0,0.0,0.0,0.0,0.0,0.0,0.0,0.0,0.0,0.0,0.0,0.0,0.0,0.0,0.0,66.4,0,120,58,53,65476,0,300,0,0,8,20529,65476,0,0,57672,80.0,0.0,0.0,0.0,0.0,0.0
2026-06-18T02:35:27,ERR,ERR,ERR,ERR,ERR,ERR,ERR,ERR,ERR,ERR,ERR,ERR,ERR,ERR,ERR,ERR,ERR,ERR,ERR,ERR,ERR,ERR,ERR,ERR,ERR,ERR,ERR,ERR,ERR,ERR,ERR,ERR,ERR,ERR,ERR,ERR,ERR,ERR,ERR,ERR,ERR,ERR,ERR,ERR,ERR,ERR,ERR,ERR,ERR,ERR,ERR,ERR,ERR,ERR,ERR,ERR,ERR,ERR,ERR,ERR,ERR,ERR,ERR,ERR,ERR,ERR,ERR,ERR,ERR,ERR,ERR,ERR,ERR,ERR,ERR,ERR,ERR,ERR,ERR,ERR,ERR,ERR,ERR,ERR,ERR,ERR,ERR,ERR,ERR,ERR,ERR,ERR,ERR,ERR,ERR,ERR,ERR,ERR,ERR,ERR,ERR,ERR,ERR,ERR,ERR,ERR,ERR,ERR,ERR,ERR,ERR,ERR,ERR,ERR,ERR,ERR,ERR,ERR,ERR,ERR,ERR,ERR,ERR,ERR,ERR,2.7184312818759872e+23,0.0,-0.0,-4.9501291711397626e+32,nan,1.3936040501711995e+18,7.805,-0.0,0,0,4,48936,6720,14723890282496.0,100,0.0,0.0,0.0,89215.008,0.0,0,0,0,0,0.0,0,0,0,0,0,0,0,0,0,0,0,0,0,0,0,0,0,0,0,0,0,0,0,0,0,0,0,0,0,0,0,0,0,26,51,50,76,65476,0,300,0,0,8,21553,0.0,-107605600.0,0.0,0.0,0.0,0.0,0.0,0.0,0.0,0.0,0.0,0.0,0.0,0.0,0.0,0.0,0.0,0.0,0.0,0.0,0.0,0.0,-2.004,2.004,-2.004,0.0,0.0,0.0,0.0,0.0,4777.0,-0.0,7280.0,2.7184312818759872e+23,0.0,-0.0,-107615392.0,0.0,0.0,0.0,0.0,77,0.0,1.905684376578949e+17,0.0,0.0,0.0,0.0,0.0,0.0,0.0,0,0,0,0.0,0.0,0.0,0.0,0.0,0.0,0.0,0.0,0.0,0.0,0.0,0.0,0.0,0.0,0.0,0.0,0,-107875648.0,77,0.0,154,0.0,0.0,ERR,ERR,ERR,ERR,ERR,ERR,ERR,ERR,ERR,ERR,ERR,ERR,ERR,ERR,ERR,ERR,ERR,ERR,ERR,ERR,ERR,ERR,ERR,ERR,ERR,ERR,ERR,ERR,ERR,ERR,ERR,ERR,ERR,ERR,ERR,ERR,ERR,ERR,ERR,ERR,ERR,ERR,ERR,ERR,ERR,ERR,ERR,ERR,ERR,ERR,ERR,ERR,ERR,ERR,ERR,ERR,ERR,ERR,ERR,ERR,ERR,ERR,ERR,ERR,ERR,ERR,ERR,34.0,80.0,35,0.0,0.0,0.0,0.0,0.0,0.0,0.0,0.0,0.0,0.0,0.0,0.0,0.0,0.0,0.0,0.0,66.0,0,120,58,53,65476,0,300,0,0,8,20529,65476,0,0,57672,80.0,0.0,0.0,0.0,0.0,0.0
2026-06-18T02:35:28,ERR,ERR,ERR,ERR,ERR,ERR,ERR,ERR,ERR,ERR,ERR,ERR,ERR,ERR,ERR,ERR,ERR,ERR,ERR,ERR,ERR,ERR,ERR,ERR,ERR,ERR,ERR,ERR,ERR,ERR,ERR,ERR,ERR,ERR,ERR,ERR,ERR,ERR,ERR,ERR,ERR,ERR,ERR,ERR,ERR,ERR,ERR,ERR,ERR,ERR,ERR,ERR,ERR,ERR,ERR,ERR,ERR,ERR,ERR,ERR,ERR,ERR,ERR,ERR,ERR,ERR,ERR,ERR,ERR,ERR,ERR,ERR,ERR,ERR,ERR,ERR,ERR,ERR,ERR,ERR,ERR,ERR,ERR,ERR,ERR,ERR,ERR,ERR,ERR,ERR,ERR,ERR,ERR,ERR,ERR,ERR,ERR,ERR,ERR,ERR,ERR,ERR,ERR,ERR,ERR,ERR,ERR,ERR,ERR,ERR,ERR,ERR,ERR,ERR,ERR,ERR,ERR,ERR,ERR,ERR,ERR,ERR,ERR,ERR,ERR,2.7184312818759872e+23,0.0,-0.0,-4.9501291711397626e+32,nan,1.3936040501711995e+18,7.805,-0.0,0,0,4,48930,6720,14723890282496.0,100,0.0,0.0,0.0,89215.008,0.0,0,0,0,0,0.0,0,0,0,0,0,0,0,0,0,0,0,0,0,0,0,0,0,0,0,0,0,0,0,0,0,0,0,0,0,0,0,0,0,26,51,50,76,65476,0,300,0,0,8,21553,0.0,-107605600.0,0.0,0.0,0.0,0.0,0.0,0.0,0.0,0.0,0.0,0.0,0.0,0.0,0.0,0.0,0.0,0.0,0.0,0.0,0.0,0.0,-2.004,2.004,-2.004,0.0,0.0,0.0,0.0,0.0,4778.0,-0.0,7283.0,2.7184312818759872e+23,0.0,-0.0,-107615392.0,0.0,0.0,0.0,0.0,77,0.0,5.848052117892078e+35,0.0,0.0,0.0,0.0,0.0,0.0,0.0,0,0,0,0.0,0.0,0.0,0.0,0.0,0.0,0.0,0.0,0.0,0.0,0.0,0.0,0.0,0.0,0.0,0.0,0,-107875648.0,77,0.0,154,0.0,0.0,ERR,ERR,ERR,ERR,ERR,ERR,ERR,ERR,ERR,ERR,ERR,ERR,ERR,ERR,ERR,ERR,ERR,ERR,ERR,ERR,ERR,ERR,ERR,ERR,ERR,ERR,ERR,ERR,ERR,ERR,ERR,ERR,ERR,ERR,ERR,ERR,ERR,ERR,ERR,ERR,ERR,ERR,ERR,ERR,ERR,ERR,ERR,ERR,ERR,ERR,ERR,ERR,ERR,ERR,ERR,ERR,ERR,ERR,ERR,ERR,ERR,ERR,ERR,ERR,ERR,ERR,ERR,34.0,80.0,35,0.0,0.0,0.0,0.0,0.0,0.0,0.0,0.0,0.0,0.0,0.0,0.0,0.0,0.0,0.0,0.0,66.0,0,120,58,53,65476,0,300,0,0,8,20529,65476,0,0,57672,80.0,0.0,0.0,0.0,0.0,0.0
2026-06-18T02:35:29,ERR,ERR,ERR,ERR,ERR,ERR,ERR,ERR,ERR,ERR,ERR,ERR,ERR,ERR,ERR,ERR,ERR,ERR,ERR,ERR,ERR,ERR,ERR,ERR,ERR,ERR,ERR,ERR,ERR,ERR,ERR,ERR,ERR,ERR,ERR,ERR,ERR,ERR,ERR,ERR,ERR,ERR,ERR,ERR,ERR,ERR,ERR,ERR,ERR,ERR,ERR,ERR,ERR,ERR,ERR,ERR,ERR,ERR,ERR,ERR,ERR,ERR,ERR,ERR,ERR,ERR,ERR,ERR,ERR,ERR,ERR,ERR,ERR,ERR,ERR,ERR,ERR,ERR,ERR,ERR,ERR,ERR,ERR,ERR,ERR,ERR,ERR,ERR,ERR,ERR,ERR,ERR,ERR,ERR,ERR,ERR,ERR,ERR,ERR,ERR,ERR,ERR,ERR,ERR,ERR,ERR,ERR,ERR,ERR,ERR,ERR,ERR,ERR,ERR,ERR,ERR,ERR,ERR,ERR,ERR,ERR,ERR,ERR,ERR,ERR,2.7184312818759872e+23,0.0,-0.0,-4.9501291711397626e+32,nan,1.3936040501711995e+18,7.805,-0.0,0,0,4,48930,6720,14723890282496.0,100,0.0,0.0,0.0,89215.008,0.0,0,0,0,0,0.0,0,0,0,0,0,0,0,0,0,0,0,0,0,0,0,0,0,0,0,0,0,0,0,0,0,0,0,0,0,0,0,0,0,26,51,50,76,65476,0,300,0,0,8,21553,0.0,-107605600.0,0.0,0.0,0.0,0.0,0.0,0.0,0.0,0.0,0.0,0.0,0.0,0.0,0.0,0.0,0.0,0.0,0.0,0.0,0.0,0.0,-2.004,2.004,-2.004,0.0,0.0,0.0,0.0,0.0,4778.0,-0.0,7283.0,2.7184312818759872e+23,0.0,-0.0,-107615392.0,0.0,0.0,0.0,0.0,77,0.0,5.848052117892078e+35,0.0,0.0,0.0,0.0,0.0,0.0,0.0,0,0,0,0.0,0.0,0.0,0.0,0.0,0.0,0.0,0.0,0.0,0.0,0.0,0.0,0.0,0.0,0.0,0.0,0,-107875648.0,77,0.0,154,0.0,0.0,ERR,ERR,ERR,ERR,ERR,ERR,ERR,ERR,ERR,ERR,ERR,ERR,ERR,ERR,ERR,ERR,ERR,ERR,ERR,ERR,ERR,ERR,ERR,ERR,ERR,ERR,ERR,ERR,ERR,ERR,ERR,ERR,ERR,ERR,ERR,ERR,ERR,ERR,ERR,ERR,ERR,ERR,ERR,ERR,ERR,ERR,ERR,ERR,ERR,ERR,ERR,ERR,ERR,ERR,ERR,ERR,ERR,ERR,ERR,ERR,ERR,ERR,ERR,ERR,ERR,ERR,ERR,34.0,80.0,35,0.0,0.0,0.0,0.0,0.0,0.0,0.0,0.0,0.0,0.0,0.0,0.0,0.0,0.0,0.0,0.0,66.0,0,120,58,53,65476,0,300,0,0,8,20529,65476,0,0,57672,80.0,0.0,0.0,0.0,0.0,0.0
2026-06-18T02:35:30,ERR,ERR,ERR,ERR,ERR,ERR,ERR,ERR,ERR,ERR,ERR,ERR,ERR,ERR,ERR,ERR,ERR,ERR,ERR,ERR,ERR,ERR,ERR,ERR,ERR,ERR,ERR,ERR,ERR,ERR,ERR,ERR,ERR,ERR,ERR,ERR,ERR,ERR,ERR,ERR,ERR,ERR,ERR,ERR,ERR,ERR,ERR,ERR,ERR,ERR,ERR,ERR,ERR,ERR,ERR,ERR,ERR,ERR,ERR,ERR,ERR,ERR,ERR,ERR,ERR,ERR,ERR,ERR,ERR,ERR,ERR,ERR,ERR,ERR,ERR,ERR,ERR,ERR,ERR,ERR,ERR,ERR,ERR,ERR,ERR,ERR,ERR,ERR,ERR,ERR,ERR,ERR,ERR,ERR,ERR,ERR,ERR,ERR,ERR,ERR,ERR,ERR,ERR,ERR,ERR,ERR,ERR,ERR,ERR,ERR,ERR,ERR,ERR,ERR,ERR,ERR,ERR,ERR,ERR,ERR,ERR,ERR,ERR,ERR,ERR,2.7184312818759872e+23,0.0,-0.0,-4.9501291711397626e+32,nan,1.3936040501711995e+18,7.805,-0.0,0,0,4,48930,6720,14723890282496.0,100,0.0,0.0,0.0,89215.008,0.0,0,0,0,0,0.0,0,0,0,0,0,0,0,0,0,0,0,0,0,0,0,0,0,0,0,0,0,0,0,0,0,0,0,0,0,0,0,0,0,26,51,50,76,65476,0,300,0,0,8,21553,0.0,-107605600.0,0.0,0.0,0.0,0.0,0.0,0.0,0.0,0.0,0.0,0.0,0.0,0.0,0.0,0.0,0.0,0.0,0.0,0.0,0.0,0.0,-2.004,2.004,-2.004,0.0,0.0,0.0,0.0,0.0,4778.0,-0.0,7283.0,2.7184312818759872e+23,0.0,-0.0,-107615392.0,0.0,0.0,0.0,0.0,77,0.0,5.848052117892078e+35,0.0,0.0,0.0,0.0,0.0,0.0,0.0,0,0,0,0.0,0.0,0.0,0.0,0.0,0.0,0.0,0.0,0.0,0.0,0.0,0.0,0.0,0.0,0.0,0.0,0,-107875648.0,77,0.0,154,0.0,0.0,ERR,ERR,ERR,ERR,ERR,ERR,ERR,ERR,ERR,ERR,ERR,ERR,ERR,ERR,ERR,ERR,ERR,ERR,ERR,ERR,ERR,ERR,ERR,ERR,ERR,ERR,ERR,ERR,ERR,ERR,ERR,ERR,ERR,ERR,ERR,ERR,ERR,ERR,ERR,ERR,ERR,ERR,ERR,ERR,ERR,ERR,ERR,ERR,ERR,ERR,ERR,ERR,ERR,ERR,ERR,ERR,ERR,ERR,ERR,ERR,ERR,ERR,ERR,ERR,ERR,ERR,ERR,34.0,80.0,35,0.0,0.0,0.0,0.0,0.0,0.0,0.0,0.0,0.0,0.0,0.0,0.0,0.0,0.0,0.0,0.0,66.0,0,120,58,53,65476,0,300,0,0,8,20529,65476,0,0,57672,80.0,0.0,0.0,0.0,0.0,0.0
2026-06-18T02:35:31,ERR,ERR,ERR,ERR,ERR,ERR,ERR,ERR,ERR,ERR,ERR,ERR,ERR,ERR,ERR,ERR,ERR,ERR,ERR,ERR,ERR,ERR,ERR,ERR,ERR,ERR,ERR,ERR,ERR,ERR,ERR,ERR,ERR,ERR,ERR,ERR,ERR,ERR,ERR,ERR,ERR,ERR,ERR,ERR,ERR,ERR,ERR,ERR,ERR,ERR,ERR,ERR,ERR,ERR,ERR,ERR,ERR,ERR,ERR,ERR,ERR,ERR,ERR,ERR,ERR,ERR,ERR,ERR,ERR,ERR,ERR,ERR,ERR,ERR,ERR,ERR,ERR,ERR,ERR,ERR,ERR,ERR,ERR,ERR,ERR,ERR,ERR,ERR,ERR,ERR,ERR,ERR,ERR,ERR,ERR,ERR,ERR,ERR,ERR,ERR,ERR,ERR,ERR,ERR,ERR,ERR,ERR,ERR,ERR,ERR,ERR,ERR,ERR,ERR,ERR,ERR,ERR,ERR,ERR,ERR,ERR,ERR,ERR,ERR,ERR,2.7184312818759872e+23,0.0,-0.0,-4.9501291711397626e+32,nan,1.3936040501711995e+18,7.805,-0.0,0,0,4,48930,6720,14723890282496.0,100,0.0,0.0,0.0,89215.008,0.0,0,0,0,0,0.0,0,0,0,0,0,0,0,0,0,0,0,0,0,0,0,0,0,0,0,0,0,0,0,0,0,0,0,0,0,0,0,0,0,26,51,50,76,65476,0,300,0,0,8,21553,0.0,-107605600.0,0.0,0.0,0.0,0.0,0.0,0.0,0.0,0.0,0.0,0.0,0.0,0.0,0.0,0.0,0.0,0.0,0.0,0.0,0.0,0.0,-2.004,2.004,-2.004,0.0,0.0,0.0,0.0,0.0,4778.0,-0.0,7283.0,2.7184312818759872e+23,0.0,-0.0,-107615392.0,0.0,0.0,0.0,0.0,77,0.0,5.848052117892078e+35,0.0,0.0,0.0,0.0,0.0,0.0,0.0,0,0,0,0.0,0.0,0.0,0.0,0.0,0.0,0.0,0.0,0.0,0.0,0.0,0.0,0.0,0.0,0.0,0.0,0,-107875648.0,77,0.0,154,0.0,0.0,ERR,ERR,ERR,ERR,ERR,ERR,ERR,ERR,ERR,ERR,ERR,ERR,ERR,ERR,ERR,ERR,ERR,ERR,ERR,ERR,ERR,ERR,ERR,ERR,ERR,ERR,ERR,ERR,ERR,ERR,ERR,ERR,ERR,ERR,ERR,ERR,ERR,ERR,ERR,ERR,ERR,ERR,ERR,ERR,ERR,ERR,ERR,ERR,ERR,ERR,ERR,ERR,ERR,ERR,ERR,ERR,ERR,ERR,ERR,ERR,ERR,ERR,ERR,ERR,ERR,ERR,ERR,34.0,80.0,35,0.0,0.0,0.0,0.0,0.0,0.0,0.0,0.0,0.0,0.0,0.0,0.0,0.0,0.0,0.0,0.0,66.4,0,120,58,53,65476,0,300,0,0,8,20529,65476,0,0,57672,80.0,0.0,0.0,0.0,0.0,0.0
2026-06-18T02:35:32,ERR,ERR,ERR,ERR,ERR,ERR,ERR,ERR,ERR,ERR,ERR,ERR,ERR,ERR,ERR,ERR,ERR,ERR,ERR,ERR,ERR,ERR,ERR,ERR,ERR,ERR,ERR,ERR,ERR,ERR,ERR,ERR,ERR,ERR,ERR,ERR,ERR,ERR,ERR,ERR,ERR,ERR,ERR,ERR,ERR,ERR,ERR,ERR,ERR,ERR,ERR,ERR,ERR,ERR,ERR,ERR,ERR,ERR,ERR,ERR,ERR,ERR,ERR,ERR,ERR,ERR,ERR,ERR,ERR,ERR,ERR,ERR,ERR,ERR,ERR,ERR,ERR,ERR,ERR,ERR,ERR,ERR,ERR,ERR,ERR,ERR,ERR,ERR,ERR,ERR,ERR,ERR,ERR,ERR,ERR,ERR,ERR,ERR,ERR,ERR,ERR,ERR,ERR,ERR,ERR,ERR,ERR,ERR,ERR,ERR,ERR,ERR,ERR,ERR,ERR,ERR,ERR,ERR,ERR,ERR,ERR,ERR,ERR,ERR,ERR,2.7184312818759872e+23,0.0,-0.0,-4.9501291711397626e+32,nan,1.3936040501711995e+18,7.805,-0.0,0,0,4,48930,6720,14723890282496.0,100,0.0,0.0,0.0,89215.008,0.0,0,0,0,0,0.0,0,0,0,0,0,0,0,0,0,0,0,0,0,0,0,0,0,0,0,0,0,0,0,0,0,0,0,0,0,0,0,0,0,26,51,50,76,65476,0,300,0,0,8,21553,0.0,-107605600.0,0.0,0.0,0.0,0.0,0.0,0.0,0.0,0.0,0.0,0.0,0.0,0.0,0.0,0.0,0.0,0.0,0.0,0.0,0.0,0.0,-2.004,2.004,-2.004,0.0,0.0,0.0,0.0,0.0,4778.0,-0.0,7283.0,2.7184312818759872e+23,0.0,-0.0,-107615392.0,0.0,0.0,0.0,0.0,77,0.0,5.848052117892078e+35,0.0,0.0,0.0,0.0,0.0,0.0,0.0,0,0,0,0.0,0.0,0.0,0.0,0.0,0.0,0.0,0.0,0.0,0.0,0.0,0.0,0.0,0.0,0.0,0.0,0,-107875648.0,77,0.0,154,0.0,0.0,ERR,ERR,ERR,ERR,ERR,ERR,ERR,ERR,ERR,ERR,ERR,ERR,ERR,ERR,ERR,ERR,ERR,ERR,ERR,ERR,ERR,ERR,ERR,ERR,ERR,ERR,ERR,ERR,ERR,ERR,ERR,ERR,ERR,ERR,ERR,ERR,ERR,ERR,ERR,ERR,ERR,ERR,ERR,ERR,ERR,ERR,ERR,ERR,ERR,ERR,ERR,ERR,ERR,ERR,ERR,ERR,ERR,ERR,ERR,ERR,ERR,ERR,ERR,ERR,ERR,ERR,ERR,34.0,80.0,35,0.0,0.0,0.0,0.0,0.0,0.0,0.0,0.0,0.0,0.0,0.0,0.0,0.0,0.0,0.0,0.0,66.4,0,120,58,53,65476,0,300,0,0,8,20529,65476,0,0,57672,80.0,0.0,0.0,0.0,0.0,0.0
2026-06-18T02:35:33,ERR,ERR,ERR,ERR,ERR,ERR,ERR,ERR,ERR,ERR,ERR,ERR,ERR,ERR,ERR,ERR,ERR,ERR,ERR,ERR,ERR,ERR,ERR,ERR,ERR,ERR,ERR,ERR,ERR,ERR,ERR,ERR,ERR,ERR,ERR,ERR,ERR,ERR,ERR,ERR,ERR,ERR,ERR,ERR,ERR,ERR,ERR,ERR,ERR,ERR,ERR,ERR,ERR,ERR,ERR,ERR,ERR,ERR,ERR,ERR,ERR,ERR,ERR,ERR,ERR,ERR,ERR,ERR,ERR,ERR,ERR,ERR,ERR,ERR,ERR,ERR,ERR,ERR,ERR,ERR,ERR,ERR,ERR,ERR,ERR,ERR,ERR,ERR,ERR,ERR,ERR,ERR,ERR,ERR,ERR,ERR,ERR,ERR,ERR,ERR,ERR,ERR,ERR,ERR,ERR,ERR,ERR,ERR,ERR,ERR,ERR,ERR,ERR,ERR,ERR,ERR,ERR,ERR,ERR,ERR,ERR,ERR,ERR,ERR,ERR,2.7184312818759872e+23,0.0,-0.0,-0.0,nan,1.3936040501711995e+18,7.805,-0.0,0,0,4,48927,6720,14723890282496.0,100,0.0,0.0,0.0,-0.0,0.0,0,0,0,0,0.0,0,0,0,0,0,0,0,0,0,0,0,0,0,0,0,0,0,0,0,0,0,0,0,0,0,0,0,0,0,0,0,0,0,26,51,50,76,65476,0,300,0,0,8,21553,0.0,-107605600.0,0.0,0.0,0.0,0.0,0.0,0.0,0.0,0.0,0.0,0.0,0.0,0.0,0.0,0.0,0.0,0.0,0.0,0.0,0.0,0.0,-2.004,2.004,-2.004,0.0,0.0,0.0,0.0,0.0,4775.0,-0.0,7284.0,2.7184312818759872e+23,0.0,-0.0,-107615392.0,0.0,0.0,0.0,0.0,77,0.0,-0.0,0.0,0.0,0.0,0.0,0.0,0.0,0.0,0,0,0,0.0,0.0,0.0,0.0,0.0,0.0,0.0,0.0,0.0,0.0,0.0,0.0,0.0,0.0,0.0,0.0,0,-107875648.0,77,0.0,154,0.0,0.0,ERR,ERR,ERR,ERR,ERR,ERR,ERR,ERR,ERR,ERR,ERR,ERR,ERR,ERR,ERR,ERR,ERR,ERR,ERR,ERR,ERR,ERR,ERR,ERR,ERR,ERR,ERR,ERR,ERR,ERR,ERR,ERR,ERR,ERR,ERR,ERR,ERR,ERR,ERR,ERR,ERR,ERR,ERR,ERR,ERR,ERR,ERR,ERR,ERR,ERR,ERR,ERR,ERR,ERR,ERR,ERR,ERR,ERR,ERR,ERR,ERR,ERR,ERR,ERR,ERR,ERR,ERR,34.0,80.0,35,0.0,0.0,0.0,0.0,0.0,0.0,0.0,0.0,0.0,0.0,0.0,0.0,0.0,0.0,0.0,0.0,66.4,0,120,58,53,65476,0,300,0,0,8,20529,65476,0,0,57672,80.0,0.0,0.0,0.0,0.0,0.0
2026-06-18T02:35:34,ERR,ERR,ERR,ERR,ERR,ERR,ERR,ERR,ERR,ERR,ERR,ERR,ERR,ERR,ERR,ERR,ERR,ERR,ERR,ERR,ERR,ERR,ERR,ERR,ERR,ERR,ERR,ERR,ERR,ERR,ERR,ERR,ERR,ERR,ERR,ERR,ERR,ERR,ERR,ERR,ERR,ERR,ERR,ERR,ERR,ERR,ERR,ERR,ERR,ERR,ERR,ERR,ERR,ERR,ERR,ERR,ERR,ERR,ERR,ERR,ERR,ERR,ERR,ERR,ERR,ERR,ERR,ERR,ERR,ERR,ERR,ERR,ERR,ERR,ERR,ERR,ERR,ERR,ERR,ERR,ERR,ERR,ERR,ERR,ERR,ERR,ERR,ERR,ERR,ERR,ERR,ERR,ERR,ERR,ERR,ERR,ERR,ERR,ERR,ERR,ERR,ERR,ERR,ERR,ERR,ERR,ERR,ERR,ERR,ERR,ERR,ERR,ERR,ERR,ERR,ERR,ERR,ERR,ERR,ERR,ERR,ERR,ERR,ERR,ERR,2.7184312818759872e+23,0.0,-0.0,-0.0,nan,1.3936040501711995e+18,7.805,-0.0,0,0,4,48927,6720,14723890282496.0,100,0.0,0.0,0.0,-0.0,0.0,0,0,0,0,0.0,0,0,0,0,0,0,0,0,0,0,0,0,0,0,0,0,0,0,0,0,0,0,0,0,0,0,0,0,0,0,0,0,0,26,51,50,76,65476,0,300,0,0,8,21553,0.0,-107605600.0,0.0,0.0,0.0,0.0,0.0,0.0,0.0,0.0,0.0,0.0,0.0,0.0,0.0,0.0,0.0,0.0,0.0,0.0,0.0,0.0,-2.004,2.004,-2.004,0.0,0.0,0.0,0.0,0.0,4775.0,-0.0,7284.0,2.7184312818759872e+23,0.0,-0.0,-107615392.0,0.0,0.0,0.0,0.0,77,0.0,-0.0,0.0,0.0,0.0,0.0,0.0,0.0,0.0,0,0,0,0.0,0.0,0.0,0.0,0.0,0.0,0.0,0.0,0.0,0.0,0.0,0.0,0.0,0.0,0.0,0.0,0,-107875648.0,77,0.0,154,0.0,0.0,ERR,ERR,ERR,ERR,ERR,ERR,ERR,ERR,ERR,ERR,ERR,ERR,ERR,ERR,ERR,ERR,ERR,ERR,ERR,ERR,ERR,ERR,ERR,ERR,ERR,ERR,ERR,ERR,ERR,ERR,ERR,ERR,ERR,ERR,ERR,ERR,ERR,ERR,ERR,ERR,ERR,ERR,ERR,ERR,ERR,ERR,ERR,ERR,ERR,ERR,ERR,ERR,ERR,ERR,ERR,ERR,ERR,ERR,ERR,ERR,ERR,ERR,ERR,ERR,ERR,ERR,ERR,34.0,80.0,35,0.0,0.0,0.0,0.0,0.0,0.0,0.0,0.0,0.0,0.0,0.0,0.0,0.0,0.0,0.0,0.0,66.4,0,120,58,53,65476,0,300,0,0,8,20529,65476,0,0,57672,80.0,0.0,0.0,0.0,0.0,0.0
2026-06-18T02:35:35,ERR,ERR,ERR,ERR,ERR,ERR,ERR,ERR,ERR,ERR,ERR,ERR,ERR,ERR,ERR,ERR,ERR,ERR,ERR,ERR,ERR,ERR,ERR,ERR,ERR,ERR,ERR,ERR,ERR,ERR,ERR,ERR,ERR,ERR,ERR,ERR,ERR,ERR,ERR,ERR,ERR,ERR,ERR,ERR,ERR,ERR,ERR,ERR,ERR,ERR,ERR,ERR,ERR,ERR,ERR,ERR,ERR,ERR,ERR,ERR,ERR,ERR,ERR,ERR,ERR,ERR,ERR,ERR,ERR,ERR,ERR,ERR,ERR,ERR,ERR,ERR,ERR,ERR,ERR,ERR,ERR,ERR,ERR,ERR,ERR,ERR,ERR,ERR,ERR,ERR,ERR,ERR,ERR,ERR,ERR,ERR,ERR,ERR,ERR,ERR,ERR,ERR,ERR,ERR,ERR,ERR,ERR,ERR,ERR,ERR,ERR,ERR,ERR,ERR,ERR,ERR,ERR,ERR,ERR,ERR,ERR,ERR,ERR,ERR,ERR,2.7184312818759872e+23,0.0,-0.0,-0.0,nan,1.3936040501711995e+18,7.805,-0.0,0,0,4,48927,6720,14723890282496.0,100,0.0,0.0,0.0,-0.0,0.0,0,0,0,0,0.0,0,0,0,0,0,0,0,0,0,0,0,0,0,0,0,0,0,0,0,0,0,0,0,0,0,0,0,0,0,0,0,0,0,26,51,50,76,65476,0,300,0,0,8,21553,0.0,-107605600.0,0.0,0.0,0.0,0.0,0.0,0.0,0.0,0.0,0.0,0.0,0.0,0.0,0.0,0.0,0.0,0.0,0.0,0.0,0.0,0.0,-2.004,2.004,-2.004,0.0,0.0,0.0,0.0,0.0,4775.0,-0.0,7284.0,2.7184312818759872e+23,0.0,-0.0,-107615392.0,0.0,0.0,0.0,0.0,77,0.0,-0.0,0.0,0.0,0.0,0.0,0.0,0.0,0.0,0,0,0,0.0,0.0,0.0,0.0,0.0,0.0,0.0,0.0,0.0,0.0,0.0,0.0,0.0,0.0,0.0,0.0,0,-107875648.0,77,0.0,154,0.0,0.0,ERR,ERR,ERR,ERR,ERR,ERR,ERR,ERR,ERR,ERR,ERR,ERR,ERR,ERR,ERR,ERR,ERR,ERR,ERR,ERR,ERR,ERR,ERR,ERR,ERR,ERR,ERR,ERR,ERR,ERR,ERR,ERR,ERR,ERR,ERR,ERR,ERR,ERR,ERR,ERR,ERR,ERR,ERR,ERR,ERR,ERR,ERR,ERR,ERR,ERR,ERR,ERR,ERR,ERR,ERR,ERR,ERR,ERR,ERR,ERR,ERR,ERR,ERR,ERR,ERR,ERR,ERR,34.0,80.0,35,0.0,0.0,0.0,0.0,0.0,0.0,0.0,0.0,0.0,0.0,0.0,0.0,0.0,0.0,0.0,0.0,66.4,0,120,58,53,65476,0,300,0,0,8,20529,65476,0,0,57672,80.0,0.0,0.0,0.0,0.0,0.0
2026-06-18T02:35:36,ERR,ERR,ERR,ERR,ERR,ERR,ERR,ERR,ERR,ERR,ERR,ERR,ERR,ERR,ERR,ERR,ERR,ERR,ERR,ERR,ERR,ERR,ERR,ERR,ERR,ERR,ERR,ERR,ERR,ERR,ERR,ERR,ERR,ERR,ERR,ERR,ERR,ERR,ERR,ERR,ERR,ERR,ERR,ERR,ERR,ERR,ERR,ERR,ERR,ERR,ERR,ERR,ERR,ERR,ERR,ERR,ERR,ERR,ERR,ERR,ERR,ERR,ERR,ERR,ERR,ERR,ERR,ERR,ERR,ERR,ERR,ERR,ERR,ERR,ERR,ERR,ERR,ERR,ERR,ERR,ERR,ERR,ERR,ERR,ERR,ERR,ERR,ERR,ERR,ERR,ERR,ERR,ERR,ERR,ERR,ERR,ERR,ERR,ERR,ERR,ERR,ERR,ERR,ERR,ERR,ERR,ERR,ERR,ERR,ERR,ERR,ERR,ERR,ERR,ERR,ERR,ERR,ERR,ERR,ERR,ERR,ERR,ERR,ERR,ERR,2.7184312818759872e+23,0.0,-0.0,-0.0,nan,1.3936040501711995e+18,7.805,-0.0,0,0,4,48927,6720,14723890282496.0,100,0.0,0.0,0.0,-0.0,0.0,0,0,0,0,0.0,0,0,0,0,0,0,0,0,0,0,0,0,0,0,0,0,0,0,0,0,0,0,0,0,0,0,0,0,0,0,0,0,0,26,51,50,76,65476,0,300,0,0,8,21553,0.0,-107605600.0,0.0,0.0,0.0,0.0,0.0,0.0,0.0,0.0,0.0,0.0,0.0,0.0,0.0,0.0,0.0,0.0,0.0,0.0,0.0,0.0,-2.004,2.004,-2.004,0.0,0.0,0.0,0.0,0.0,4775.0,-0.0,7284.0,2.7184312818759872e+23,0.0,-0.0,-107615392.0,0.0,0.0,0.0,0.0,77,0.0,-0.0,0.0,0.0,0.0,0.0,0.0,0.0,0.0,0,0,0,0.0,0.0,0.0,0.0,0.0,0.0,0.0,0.0,0.0,0.0,0.0,0.0,0.0,0.0,0.0,0.0,0,-107875648.0,77,0.0,154,0.0,0.0,ERR,ERR,ERR,ERR,ERR,ERR,ERR,ERR,ERR,ERR,ERR,ERR,ERR,ERR,ERR,ERR,ERR,ERR,ERR,ERR,ERR,ERR,ERR,ERR,ERR,ERR,ERR,ERR,ERR,ERR,ERR,ERR,ERR,ERR,ERR,ERR,ERR,ERR,ERR,ERR,ERR,ERR,ERR,ERR,ERR,ERR,ERR,ERR,ERR,ERR,ERR,ERR,ERR,ERR,ERR,ERR,ERR,ERR,ERR,ERR,ERR,ERR,ERR,ERR,ERR,ERR,ERR,34.0,80.0,35,0.0,0.0,0.0,0.0,0.0,0.0,0.0,0.0,0.0,0.0,0.0,0.0,0.0,0.0,0.0,0.0,66.4,0,120,58,53,65476,0,300,0,0,8,20529,65476,0,0,57672,80.0,0.0,0.0,0.0,0.0,0.0
2026-06-18T02:35:37,ERR,ERR,ERR,ERR,ERR,ERR,ERR,ERR,ERR,ERR,ERR,ERR,ERR,ERR,ERR,ERR,ERR,ERR,ERR,ERR,ERR,ERR,ERR,ERR,ERR,ERR,ERR,ERR,ERR,ERR,ERR,ERR,ERR,ERR,ERR,ERR,ERR,ERR,ERR,ERR,ERR,ERR,ERR,ERR,ERR,ERR,ERR,ERR,ERR,ERR,ERR,ERR,ERR,ERR,ERR,ERR,ERR,ERR,ERR,ERR,ERR,ERR,ERR,ERR,ERR,ERR,ERR,ERR,ERR,ERR,ERR,ERR,ERR,ERR,ERR,ERR,ERR,ERR,ERR,ERR,ERR,ERR,ERR,ERR,ERR,ERR,ERR,ERR,ERR,ERR,ERR,ERR,ERR,ERR,ERR,ERR,ERR,ERR,ERR,ERR,ERR,ERR,ERR,ERR,ERR,ERR,ERR,ERR,ERR,ERR,ERR,ERR,ERR,ERR,ERR,ERR,ERR,ERR,ERR,ERR,ERR,ERR,ERR,ERR,ERR,2.7184312818759872e+23,0.0,-0.0,-0.0,nan,1.3936040501711995e+18,7.805,-0.0,0,0,4,48927,6720,14723890282496.0,100,0.0,0.0,0.0,-0.0,0.0,0,0,0,0,0.0,0,0,0,0,0,0,0,0,0,0,0,0,0,0,0,0,0,0,0,0,0,0,0,0,0,0,0,0,0,0,0,0,0,26,51,50,76,65476,0,300,0,0,8,21553,0.0,-107605600.0,0.0,0.0,0.0,0.0,0.0,0.0,0.0,0.0,0.0,0.0,0.0,0.0,0.0,0.0,0.0,0.0,0.0,0.0,0.0,0.0,-2.004,2.004,-2.004,0.0,0.0,0.0,0.0,0.0,4775.0,-0.0,7284.0,2.7184312818759872e+23,0.0,-0.0,-107615392.0,0.0,0.0,0.0,0.0,77,0.0,-0.0,0.0,0.0,0.0,0.0,0.0,0.0,0.0,0,0,0,0.0,0.0,0.0,0.0,0.0,0.0,0.0,0.0,0.0,0.0,0.0,0.0,0.0,0.0,0.0,0.0,0,-107875648.0,77,0.0,154,0.0,0.0,ERR,ERR,ERR,ERR,ERR,ERR,ERR,ERR,ERR,ERR,ERR,ERR,ERR,ERR,ERR,ERR,ERR,ERR,ERR,ERR,ERR,ERR,ERR,ERR,ERR,ERR,ERR,ERR,ERR,ERR,ERR,ERR,ERR,ERR,ERR,ERR,ERR,ERR,ERR,ERR,ERR,ERR,ERR,ERR,ERR,ERR,ERR,ERR,ERR,ERR,ERR,ERR,ERR,ERR,ERR,ERR,ERR,ERR,ERR,ERR,ERR,ERR,ERR,ERR,ERR,ERR,ERR,34.0,80.0,35,0.0,0.0,0.0,0.0,0.0,0.0,0.0,0.0,0.0,0.0,0.0,0.0,0.0,0.0,0.0,0.0,66.4,0,120,58,53,65476,0,300,0,0,8,20529,65476,0,0,57672,80.0,0.0,0.0,0.0,0.0,0.0
2026-06-18T02:35:38,ERR,ERR,ERR,ERR,ERR,ERR,ERR,ERR,ERR,ERR,ERR,ERR,ERR,ERR,ERR,ERR,ERR,ERR,ERR,ERR,ERR,ERR,ERR,ERR,ERR,ERR,ERR,ERR,ERR,ERR,ERR,ERR,ERR,ERR,ERR,ERR,ERR,ERR,ERR,ERR,ERR,ERR,ERR,ERR,ERR,ERR,ERR,ERR,ERR,ERR,ERR,ERR,ERR,ERR,ERR,ERR,ERR,ERR,ERR,ERR,ERR,ERR,ERR,ERR,ERR,ERR,ERR,ERR,ERR,ERR,ERR,ERR,ERR,ERR,ERR,ERR,ERR,ERR,ERR,ERR,ERR,ERR,ERR,ERR,ERR,ERR,ERR,ERR,ERR,ERR,ERR,ERR,ERR,ERR,ERR,ERR,ERR,ERR,ERR,ERR,ERR,ERR,ERR,ERR,ERR,ERR,ERR,ERR,ERR,ERR,ERR,ERR,ERR,ERR,ERR,ERR,ERR,ERR,ERR,ERR,ERR,ERR,ERR,ERR,ERR,2.7184312818759872e+23,0.0,-0.0,2.718290229135658e+23,nan,1.3936040501711995e+18,7.805,-12113.15,0,0,4,48933,6720,14723890282496.0,100,0.0,0.0,0.0,-107609184.0,0.0,0,0,0,0,0.0,0,0,0,0,0,0,0,0,0,0,0,0,0,0,0,0,0,0,0,0,0,0,0,0,0,0,0,0,0,0,0,0,0,26,51,50,76,65476,0,300,0,0,8,21553,0.0,-107605600.0,0.0,0.0,0.0,0.0,0.0,0.0,0.0,0.0,0.0,0.0,0.0,0.0,0.0,0.0,0.0,0.0,0.0,0.0,0.0,0.0,-2.004,2.004,-2.004,0.0,0.0,0.0,0.0,0.0,4773.0,-0.0,7286.0,2.7184312818759872e+23,0.0,-0.0,-107615392.0,0.0,0.0,0.0,0.0,77,0.0,-0.0,0.0,0.0,0.0,0.0,0.0,0.0,0.0,0,0,0,0.0,0.0,0.0,0.0,0.0,0.0,0.0,0.0,0.0,0.0,0.0,0.0,0.0,0.0,0.0,0.0,0,-107875648.0,77,0.0,154,0.0,0.0,ERR,ERR,ERR,ERR,ERR,ERR,ERR,ERR,ERR,ERR,ERR,ERR,ERR,ERR,ERR,ERR,ERR,ERR,ERR,ERR,ERR,ERR,ERR,ERR,ERR,ERR,ERR,ERR,ERR,ERR,ERR,ERR,ERR,ERR,ERR,ERR,ERR,ERR,ERR,ERR,ERR,ERR,ERR,ERR,ERR,ERR,ERR,ERR,ERR,ERR,ERR,ERR,ERR,ERR,ERR,ERR,ERR,ERR,ERR,ERR,ERR,ERR,ERR,ERR,ERR,ERR,ERR,34.0,80.0,35,0.0,0.0,0.0,0.0,0.0,0.0,0.0,0.0,0.0,0.0,0.0,0.0,0.0,0.0,0.0,0.0,66.0,0,120,58,53,65476,0,300,0,0,8,20529,65476,0,0,57672,80.0,0.0,0.0,0.0,0.0,0.0
2026-06-18T02:35:39,ERR,ERR,ERR,ERR,ERR,ERR,ERR,ERR,ERR,ERR,ERR,ERR,ERR,ERR,ERR,ERR,ERR,ERR,ERR,ERR,ERR,ERR,ERR,ERR,ERR,ERR,ERR,ERR,ERR,ERR,ERR,ERR,ERR,ERR,ERR,ERR,ERR,ERR,ERR,ERR,ERR,ERR,ERR,ERR,ERR,ERR,ERR,ERR,ERR,ERR,ERR,ERR,ERR,ERR,ERR,ERR,ERR,ERR,ERR,ERR,ERR,ERR,ERR,ERR,ERR,ERR,ERR,ERR,ERR,ERR,ERR,ERR,ERR,ERR,ERR,ERR,ERR,ERR,ERR,ERR,ERR,ERR,ERR,ERR,ERR,ERR,ERR,ERR,ERR,ERR,ERR,ERR,ERR,ERR,ERR,ERR,ERR,ERR,ERR,ERR,ERR,ERR,ERR,ERR,ERR,ERR,ERR,ERR,ERR,ERR,ERR,ERR,ERR,ERR,ERR,ERR,ERR,ERR,ERR,ERR,ERR,ERR,ERR,ERR,ERR,2.7184312818759872e+23,0.0,-0.0,2.718290229135658e+23,nan,1.3936040501711995e+18,7.805,-12113.15,0,0,4,48933,6720,14723890282496.0,100,0.0,0.0,0.0,-107609184.0,0.0,0,0,0,0,0.0,0,0,0,0,0,0,0,0,0,0,0,0,0,0,0,0,0,0,0,0,0,0,0,0,0,0,0,0,0,0,0,0,0,26,51,50,76,65476,0,300,0,0,8,21553,0.0,-107605600.0,0.0,0.0,0.0,0.0,0.0,0.0,0.0,0.0,0.0,0.0,0.0,0.0,0.0,0.0,0.0,0.0,0.0,0.0,0.0,0.0,-2.004,2.004,-2.004,0.0,0.0,0.0,0.0,0.0,4773.0,-0.0,7286.0,2.7184312818759872e+23,0.0,-0.0,-107615392.0,0.0,0.0,0.0,0.0,77,0.0,-0.0,0.0,0.0,0.0,0.0,0.0,0.0,0.0,0,0,0,0.0,0.0,0.0,0.0,0.0,0.0,0.0,0.0,0.0,0.0,0.0,0.0,0.0,0.0,0.0,0.0,0,-107875648.0,77,0.0,154,0.0,0.0,ERR,ERR,ERR,ERR,ERR,ERR,ERR,ERR,ERR,ERR,ERR,ERR,ERR,ERR,ERR,ERR,ERR,ERR,ERR,ERR,ERR,ERR,ERR,ERR,ERR,ERR,ERR,ERR,ERR,ERR,ERR,ERR,ERR,ERR,ERR,ERR,ERR,ERR,ERR,ERR,ERR,ERR,ERR,ERR,ERR,ERR,ERR,ERR,ERR,ERR,ERR,ERR,ERR,ERR,ERR,ERR,ERR,ERR,ERR,ERR,ERR,ERR,ERR,ERR,ERR,ERR,ERR,34.0,80.0,35,0.0,0.0,0.0,0.0,0.0,0.0,0.0,0.0,0.0,0.0,0.0,0.0,0.0,0.0,0.0,0.0,66.0,0,120,58,53,65476,0,300,0,0,8,20529,65476,0,0,57672,80.0,0.0,0.0,0.0,0.0,0.0
2026-06-18T02:35:40,ERR,ERR,ERR,ERR,ERR,ERR,ERR,ERR,ERR,ERR,ERR,ERR,ERR,ERR,ERR,ERR,ERR,ERR,ERR,ERR,ERR,ERR,ERR,ERR,ERR,ERR,ERR,ERR,ERR,ERR,ERR,ERR,ERR,ERR,ERR,ERR,ERR,ERR,ERR,ERR,ERR,ERR,ERR,ERR,ERR,ERR,ERR,ERR,ERR,ERR,ERR,ERR,ERR,ERR,ERR,ERR,ERR,ERR,ERR,ERR,ERR,ERR,ERR,ERR,ERR,ERR,ERR,ERR,ERR,ERR,ERR,ERR,ERR,ERR,ERR,ERR,ERR,ERR,ERR,ERR,ERR,ERR,ERR,ERR,ERR,ERR,ERR,ERR,ERR,ERR,ERR,ERR,ERR,ERR,ERR,ERR,ERR,ERR,ERR,ERR,ERR,ERR,ERR,ERR,ERR,ERR,ERR,ERR,ERR,ERR,ERR,ERR,ERR,ERR,ERR,ERR,ERR,ERR,ERR,ERR,ERR,ERR,ERR,ERR,ERR,2.7184312818759872e+23,0.0,-0.0,2.718290229135658e+23,nan,1.3936040501711995e+18,7.805,-12113.15,0,0,4,48933,6720,14723890282496.0,100,0.0,0.0,0.0,-107609184.0,0.0,0,0,0,0,0.0,0,0,0,0,0,0,0,0,0,0,0,0,0,0,0,0,0,0,0,0,0,0,0,0,0,0,0,0,0,0,0,0,0,26,51,50,76,65476,0,300,0,0,8,21553,0.0,-107605600.0,0.0,0.0,0.0,0.0,0.0,0.0,0.0,0.0,0.0,0.0,0.0,0.0,0.0,0.0,0.0,0.0,0.0,0.0,0.0,0.0,-2.004,2.004,-2.004,0.0,0.0,0.0,0.0,0.0,4773.0,-0.0,7286.0,2.7184312818759872e+23,0.0,-0.0,-107615392.0,0.0,0.0,0.0,0.0,77,0.0,-0.0,0.0,0.0,0.0,0.0,0.0,0.0,0.0,0,0,0,0.0,0.0,0.0,0.0,0.0,0.0,0.0,0.0,0.0,0.0,0.0,0.0,0.0,0.0,0.0,0.0,0,-107875648.0,77,0.0,154,0.0,0.0,ERR,ERR,ERR,ERR,ERR,ERR,ERR,ERR,ERR,ERR,ERR,ERR,ERR,ERR,ERR,ERR,ERR,ERR,ERR,ERR,ERR,ERR,ERR,ERR,ERR,ERR,ERR,ERR,ERR,ERR,ERR,ERR,ERR,ERR,ERR,ERR,ERR,ERR,ERR,ERR,ERR,ERR,ERR,ERR,ERR,ERR,ERR,ERR,ERR,ERR,ERR,ERR,ERR,ERR,ERR,ERR,ERR,ERR,ERR,ERR,ERR,ERR,ERR,ERR,ERR,ERR,ERR,34.0,80.0,35,0.0,0.0,0.0,0.0,0.0,0.0,0.0,0.0,0.0,0.0,0.0,0.0,0.0,0.0,0.0,0.0,66.0,0,120,58,53,65476,0,300,0,0,8,20529,65476,0,0,57672,80.0,0.0,0.0,0.0,0.0,0.0
2026-06-18T02:35:41,ERR,ERR,ERR,ERR,ERR,ERR,ERR,ERR,ERR,ERR,ERR,ERR,ERR,ERR,ERR,ERR,ERR,ERR,ERR,ERR,ERR,ERR,ERR,ERR,ERR,ERR,ERR,ERR,ERR,ERR,ERR,ERR,ERR,ERR,ERR,ERR,ERR,ERR,ERR,ERR,ERR,ERR,ERR,ERR,ERR,ERR,ERR,ERR,ERR,ERR,ERR,ERR,ERR,ERR,ERR,ERR,ERR,ERR,ERR,ERR,ERR,ERR,ERR,ERR,ERR,ERR,ERR,ERR,ERR,ERR,ERR,ERR,ERR,ERR,ERR,ERR,ERR,ERR,ERR,ERR,ERR,ERR,ERR,ERR,ERR,ERR,ERR,ERR,ERR,ERR,ERR,ERR,ERR,ERR,ERR,ERR,ERR,ERR,ERR,ERR,ERR,ERR,ERR,ERR,ERR,ERR,ERR,ERR,ERR,ERR,ERR,ERR,ERR,ERR,ERR,ERR,ERR,ERR,ERR,ERR,ERR,ERR,ERR,ERR,ERR,2.7184312818759872e+23,0.0,-0.0,2.718290229135658e+23,nan,1.3936040501711995e+18,7.805,-12113.15,0,0,4,48933,6720,14723890282496.0,100,0.0,0.0,0.0,-107609184.0,0.0,0,0,0,0,0.0,0,0,0,0,0,0,0,0,0,0,0,0,0,0,0,0,0,0,0,0,0,0,0,0,0,0,0,0,0,0,0,0,0,26,51,50,76,65476,0,300,0,0,8,21553,0.0,-107605600.0,0.0,0.0,0.0,0.0,0.0,0.0,0.0,0.0,0.0,0.0,0.0,0.0,0.0,0.0,0.0,0.0,0.0,0.0,0.0,0.0,-2.004,2.004,-2.004,0.0,0.0,0.0,0.0,0.0,4773.0,-0.0,7286.0,2.7184312818759872e+23,0.0,-0.0,-107615392.0,0.0,0.0,0.0,0.0,77,0.0,-0.0,0.0,0.0,0.0,0.0,0.0,0.0,0.0,0,0,0,0.0,0.0,0.0,0.0,0.0,0.0,0.0,0.0,0.0,0.0,0.0,0.0,0.0,0.0,0.0,0.0,0,-107875648.0,77,0.0,154,0.0,0.0,ERR,ERR,ERR,ERR,ERR,ERR,ERR,ERR,ERR,ERR,ERR,ERR,ERR,ERR,ERR,ERR,ERR,ERR,ERR,ERR,ERR,ERR,ERR,ERR,ERR,ERR,ERR,ERR,ERR,ERR,ERR,ERR,ERR,ERR,ERR,ERR,ERR,ERR,ERR,ERR,ERR,ERR,ERR,ERR,ERR,ERR,ERR,ERR,ERR,ERR,ERR,ERR,ERR,ERR,ERR,ERR,ERR,ERR,ERR,ERR,ERR,ERR,ERR,ERR,ERR,ERR,ERR,34.0,80.0,35,0.0,0.0,0.0,0.0,0.0,0.0,0.0,0.0,0.0,0.0,0.0,0.0,0.0,0.0,0.0,0.0,66.4,0,120,58,53,65476,0,300,0,0,8,20529,65476,0,0,57672,80.0,0.0,0.0,0.0,0.0,0.0
2026-06-18T02:35:42,ERR,ERR,ERR,ERR,ERR,ERR,ERR,ERR,ERR,ERR,ERR,ERR,ERR,ERR,ERR,ERR,ERR,ERR,ERR,ERR,ERR,ERR,ERR,ERR,ERR,ERR,ERR,ERR,ERR,ERR,ERR,ERR,ERR,ERR,ERR,ERR,ERR,ERR,ERR,ERR,ERR,ERR,ERR,ERR,ERR,ERR,ERR,ERR,ERR,ERR,ERR,ERR,ERR,ERR,ERR,ERR,ERR,ERR,ERR,ERR,ERR,ERR,ERR,ERR,ERR,ERR,ERR,ERR,ERR,ERR,ERR,ERR,ERR,ERR,ERR,ERR,ERR,ERR,ERR,ERR,ERR,ERR,ERR,ERR,ERR,ERR,ERR,ERR,ERR,ERR,ERR,ERR,ERR,ERR,ERR,ERR,ERR,ERR,ERR,ERR,ERR,ERR,ERR,ERR,ERR,ERR,ERR,ERR,ERR,ERR,ERR,ERR,ERR,ERR,ERR,ERR,ERR,ERR,ERR,ERR,ERR,ERR,ERR,ERR,ERR,2.7184312818759872e+23,0.0,-0.0,2.718290229135658e+23,nan,1.3936040501711995e+18,7.805,-12113.15,0,0,4,48933,6720,14723890282496.0,100,0.0,0.0,0.0,-107609184.0,0.0,0,0,0,0,0.0,0,0,0,0,0,0,0,0,0,0,0,0,0,0,0,0,0,0,0,0,0,0,0,0,0,0,0,0,0,0,0,0,0,26,51,50,76,65476,0,300,0,0,8,21553,0.0,-107605600.0,0.0,0.0,0.0,0.0,0.0,0.0,0.0,0.0,0.0,0.0,0.0,0.0,0.0,0.0,0.0,0.0,0.0,0.0,0.0,0.0,-2.004,2.004,-2.004,0.0,0.0,0.0,0.0,0.0,4773.0,-0.0,7286.0,2.7184312818759872e+23,0.0,-0.0,-107615392.0,0.0,0.0,0.0,0.0,77,0.0,-0.0,0.0,0.0,0.0,0.0,0.0,0.0,0.0,0,0,0,0.0,0.0,0.0,0.0,0.0,0.0,0.0,0.0,0.0,0.0,0.0,0.0,0.0,0.0,0.0,0.0,0,-107875648.0,77,0.0,154,0.0,0.0,ERR,ERR,ERR,ERR,ERR,ERR,ERR,ERR,ERR,ERR,ERR,ERR,ERR,ERR,ERR,ERR,ERR,ERR,ERR,ERR,ERR,ERR,ERR,ERR,ERR,ERR,ERR,ERR,ERR,ERR,ERR,ERR,ERR,ERR,ERR,ERR,ERR,ERR,ERR,ERR,ERR,ERR,ERR,ERR,ERR,ERR,ERR,ERR,ERR,ERR,ERR,ERR,ERR,ERR,ERR,ERR,ERR,ERR,ERR,ERR,ERR,ERR,ERR,ERR,ERR,ERR,ERR,34.0,80.0,35,0.0,0.0,0.0,0.0,0.0,0.0,0.0,0.0,0.0,0.0,0.0,0.0,0.0,0.0,0.0,0.0,66.4,0,120,58,53,65476,0,300,0,0,8,20529,65476,0,0,57672,80.0,0.0,0.0,0.0,0.0,0.0
2026-06-18T02:35:43,ERR,ERR,ERR,ERR,ERR,ERR,ERR,ERR,ERR,ERR,ERR,ERR,ERR,ERR,ERR,ERR,ERR,ERR,ERR,ERR,ERR,ERR,ERR,ERR,ERR,ERR,ERR,ERR,ERR,ERR,ERR,ERR,ERR,ERR,ERR,ERR,ERR,ERR,ERR,ERR,ERR,ERR,ERR,ERR,ERR,ERR,ERR,ERR,ERR,ERR,ERR,ERR,ERR,ERR,ERR,ERR,ERR,ERR,ERR,ERR,ERR,ERR,ERR,ERR,ERR,ERR,ERR,ERR,ERR,ERR,ERR,ERR,ERR,ERR,ERR,ERR,ERR,ERR,ERR,ERR,ERR,ERR,ERR,ERR,ERR,ERR,ERR,ERR,ERR,ERR,ERR,ERR,ERR,ERR,ERR,ERR,ERR,ERR,ERR,ERR,ERR,ERR,ERR,ERR,ERR,ERR,ERR,ERR,ERR,ERR,ERR,ERR,ERR,ERR,ERR,ERR,ERR,ERR,ERR,ERR,ERR,ERR,ERR,ERR,ERR,2.7184312818759872e+23,0.0,-0.0,2.718290229135658e+23,nan,1.3936040501711995e+18,7.805,-12113.15,0,0,4,48933,6720,14723890282496.0,100,0.0,0.0,0.0,-107609184.0,0.0,0,0,0,0,0.0,0,0,0,0,0,0,0,0,0,0,0,0,0,0,0,0,0,0,0,0,0,0,0,0,0,0,0,0,0,0,0,0,0,26,51,50,76,65476,0,300,0,0,8,21553,0.0,-107605600.0,0.0,0.0,0.0,0.0,0.0,0.0,0.0,0.0,0.0,0.0,0.0,0.0,0.0,0.0,0.0,0.0,0.0,0.0,0.0,0.0,-2.004,2.004,-2.004,0.0,0.0,0.0,0.0,0.0,4773.0,-0.0,7286.0,2.7184312818759872e+23,0.0,-0.0,-107615392.0,0.0,0.0,0.0,0.0,77,0.0,-0.0,0.0,0.0,0.0,0.0,0.0,0.0,0.0,0,0,0,0.0,0.0,0.0,0.0,0.0,0.0,0.0,0.0,0.0,0.0,0.0,0.0,0.0,0.0,0.0,0.0,0,-107875648.0,77,0.0,154,0.0,0.0,ERR,ERR,ERR,ERR,ERR,ERR,ERR,ERR,ERR,ERR,ERR,ERR,ERR,ERR,ERR,ERR,ERR,ERR,ERR,ERR,ERR,ERR,ERR,ERR,ERR,ERR,ERR,ERR,ERR,ERR,ERR,ERR,ERR,ERR,ERR,ERR,ERR,ERR,ERR,ERR,ERR,ERR,ERR,ERR,ERR,ERR,ERR,ERR,ERR,ERR,ERR,ERR,ERR,ERR,ERR,ERR,ERR,ERR,ERR,ERR,ERR,ERR,ERR,ERR,ERR,ERR,ERR,34.0,80.0,35,0.0,0.0,0.0,0.0,0.0,0.0,0.0,0.0,0.0,0.0,0.0,0.0,0.0,0.0,0.0,0.0,66.4,0,120,58,53,65476,0,300,0,0,8,20529,65476,0,0,57672,80.0,0.0,0.0,0.0,0.0,0.0
2026-06-18T02:35:44,ERR,ERR,ERR,ERR,ERR,ERR,ERR,ERR,ERR,ERR,ERR,ERR,ERR,ERR,ERR,ERR,ERR,ERR,ERR,ERR,ERR,ERR,ERR,ERR,ERR,ERR,ERR,ERR,ERR,ERR,ERR,ERR,ERR,ERR,ERR,ERR,ERR,ERR,ERR,ERR,ERR,ERR,ERR,ERR,ERR,ERR,ERR,ERR,ERR,ERR,ERR,ERR,ERR,ERR,ERR,ERR,ERR,ERR,ERR,ERR,ERR,ERR,ERR,ERR,ERR,ERR,ERR,ERR,ERR,ERR,ERR,ERR,ERR,ERR,ERR,ERR,ERR,ERR,ERR,ERR,ERR,ERR,ERR,ERR,ERR,ERR,ERR,ERR,ERR,ERR,ERR,ERR,ERR,ERR,ERR,ERR,ERR,ERR,ERR,ERR,ERR,ERR,ERR,ERR,ERR,ERR,ERR,ERR,ERR,ERR,ERR,ERR,ERR,ERR,ERR,ERR,ERR,ERR,ERR,ERR,ERR,ERR,ERR,ERR,ERR,2.7184312818759872e+23,0.0,-0.0,-4.9501291711397626e+32,nan,1.3936040501711995e+18,7.805,-0.0,0,0,4,48926,6720,14723890282496.0,100,0.0,0.0,0.0,-4.9501291711397626e+32,0.0,0,0,0,0,0.0,0,0,0,0,0,0,0,0,0,0,0,0,0,0,0,0,0,0,0,0,0,0,0,0,0,0,0,0,0,0,0,0,0,26,51,50,76,65476,0,300,0,0,8,21553,0.0,-107605600.0,0.0,0.0,0.0,0.0,0.0,0.0,0.0,0.0,0.0,0.0,0.0,0.0,0.0,0.0,0.0,0.0,0.0,0.0,0.0,0.0,-2.004,2.004,-2.004,0.0,0.0,0.0,0.0,0.0,4776.0,-0.0,7286.0,2.7184312818759872e+23,0.0,-0.0,-107615392.0,0.0,0.0,0.0,0.0,77,0.0,-0.0,0.0,0.0,0.0,0.0,0.0,0.0,0.0,0,0,0,0.0,0.0,0.0,0.0,0.0,0.0,0.0,0.0,0.0,0.0,0.0,0.0,0.0,0.0,0.0,0.0,0,-107875648.0,77,0.0,154,0.0,0.0,ERR,ERR,ERR,ERR,ERR,ERR,ERR,ERR,ERR,ERR,ERR,ERR,ERR,ERR,ERR,ERR,ERR,ERR,ERR,ERR,ERR,ERR,ERR,ERR,ERR,ERR,ERR,ERR,ERR,ERR,ERR,ERR,ERR,ERR,ERR,ERR,ERR,ERR,ERR,ERR,ERR,ERR,ERR,ERR,ERR,ERR,ERR,ERR,ERR,ERR,ERR,ERR,ERR,ERR,ERR,ERR,ERR,ERR,ERR,ERR,ERR,ERR,ERR,ERR,ERR,ERR,ERR,34.0,80.0,35,0.0,0.0,0.0,0.0,0.0,0.0,0.0,0.0,0.0,0.0,0.0,0.0,0.0,0.0,0.0,0.0,66.4,0,120,58,53,65476,0,300,0,0,8,20529,65476,0,0,57672,80.0,0.0,0.0,0.0,0.0,0.0
2026-06-18T02:35:45,ERR,ERR,ERR,ERR,ERR,ERR,ERR,ERR,ERR,ERR,ERR,ERR,ERR,ERR,ERR,ERR,ERR,ERR,ERR,ERR,ERR,ERR,ERR,ERR,ERR,ERR,ERR,ERR,ERR,ERR,ERR,ERR,ERR,ERR,ERR,ERR,ERR,ERR,ERR,ERR,ERR,ERR,ERR,ERR,ERR,ERR,ERR,ERR,ERR,ERR,ERR,ERR,ERR,ERR,ERR,ERR,ERR,ERR,ERR,ERR,ERR,ERR,ERR,ERR,ERR,ERR,ERR,ERR,ERR,ERR,ERR,ERR,ERR,ERR,ERR,ERR,ERR,ERR,ERR,ERR,ERR,ERR,ERR,ERR,ERR,ERR,ERR,ERR,ERR,ERR,ERR,ERR,ERR,ERR,ERR,ERR,ERR,ERR,ERR,ERR,ERR,ERR,ERR,ERR,ERR,ERR,ERR,ERR,ERR,ERR,ERR,ERR,ERR,ERR,ERR,ERR,ERR,ERR,ERR,ERR,ERR,ERR,ERR,ERR,ERR,2.7184312818759872e+23,0.0,-0.0,-4.9501291711397626e+32,nan,1.3936040501711995e+18,7.805,-0.0,0,0,4,48926,6720,14723890282496.0,100,0.0,0.0,0.0,-4.9501291711397626e+32,0.0,0,0,0,0,0.0,0,0,0,0,0,0,0,0,0,0,0,0,0,0,0,0,0,0,0,0,0,0,0,0,0,0,0,0,0,0,0,0,0,26,51,50,76,65476,0,300,0,0,8,21553,0.0,-107605600.0,0.0,0.0,0.0,0.0,0.0,0.0,0.0,0.0,0.0,0.0,0.0,0.0,0.0,0.0,0.0,0.0,0.0,0.0,0.0,0.0,-2.004,2.004,-2.004,0.0,0.0,0.0,0.0,0.0,4776.0,-0.0,7286.0,2.7184312818759872e+23,0.0,-0.0,-107615392.0,0.0,0.0,0.0,0.0,77,0.0,-0.0,0.0,0.0,0.0,0.0,0.0,0.0,0.0,0,0,0,0.0,0.0,0.0,0.0,0.0,0.0,0.0,0.0,0.0,0.0,0.0,0.0,0.0,0.0,0.0,0.0,0,-107875648.0,77,0.0,154,0.0,0.0,ERR,ERR,ERR,ERR,ERR,ERR,ERR,ERR,ERR,ERR,ERR,ERR,ERR,ERR,ERR,ERR,ERR,ERR,ERR,ERR,ERR,ERR,ERR,ERR,ERR,ERR,ERR,ERR,ERR,ERR,ERR,ERR,ERR,ERR,ERR,ERR,ERR,ERR,ERR,ERR,ERR,ERR,ERR,ERR,ERR,ERR,ERR,ERR,ERR,ERR,ERR,ERR,ERR,ERR,ERR,ERR,ERR,ERR,ERR,ERR,ERR,ERR,ERR,ERR,ERR,ERR,ERR,34.0,80.0,35,0.0,0.0,0.0,0.0,0.0,0.0,0.0,0.0,0.0,0.0,0.0,0.0,0.0,0.0,0.0,0.0,65.6,0,120,58,53,65476,0,300,0,0,8,20529,65476,0,0,57672,80.0,0.0,0.0,0.0,0.0,0.0
2026-06-18T02:35:46,ERR,ERR,ERR,ERR,ERR,ERR,ERR,ERR,ERR,ERR,ERR,ERR,ERR,ERR,ERR,ERR,ERR,ERR,ERR,ERR,ERR,ERR,ERR,ERR,ERR,ERR,ERR,ERR,ERR,ERR,ERR,ERR,ERR,ERR,ERR,ERR,ERR,ERR,ERR,ERR,ERR,ERR,ERR,ERR,ERR,ERR,ERR,ERR,ERR,ERR,ERR,ERR,ERR,ERR,ERR,ERR,ERR,ERR,ERR,ERR,ERR,ERR,ERR,ERR,ERR,ERR,ERR,ERR,ERR,ERR,ERR,ERR,ERR,ERR,ERR,ERR,ERR,ERR,ERR,ERR,ERR,ERR,ERR,ERR,ERR,ERR,ERR,ERR,ERR,ERR,ERR,ERR,ERR,ERR,ERR,ERR,ERR,ERR,ERR,ERR,ERR,ERR,ERR,ERR,ERR,ERR,ERR,ERR,ERR,ERR,ERR,ERR,ERR,ERR,ERR,ERR,ERR,ERR,ERR,ERR,ERR,ERR,ERR,ERR,ERR,2.7184312818759872e+23,0.0,-0.0,-4.9501291711397626e+32,nan,1.3936040501711995e+18,7.805,-0.0,0,0,4,48926,6720,14723890282496.0,100,0.0,0.0,0.0,-4.9501291711397626e+32,0.0,0,0,0,0,0.0,0,0,0,0,0,0,0,0,0,0,0,0,0,0,0,0,0,0,0,0,0,0,0,0,0,0,0,0,0,0,0,0,0,26,51,50,76,65476,0,300,0,0,8,21553,0.0,-107605600.0,0.0,0.0,0.0,0.0,0.0,0.0,0.0,0.0,0.0,0.0,0.0,0.0,0.0,0.0,0.0,0.0,0.0,0.0,0.0,0.0,-2.004,2.004,-2.004,0.0,0.0,0.0,0.0,0.0,4776.0,-0.0,7286.0,2.7184312818759872e+23,0.0,-0.0,-107615392.0,0.0,0.0,0.0,0.0,77,0.0,-0.0,0.0,0.0,0.0,0.0,0.0,0.0,0.0,0,0,0,0.0,0.0,0.0,0.0,0.0,0.0,0.0,0.0,0.0,0.0,0.0,0.0,0.0,0.0,0.0,0.0,0,-107875648.0,77,0.0,154,0.0,0.0,ERR,ERR,ERR,ERR,ERR,ERR,ERR,ERR,ERR,ERR,ERR,ERR,ERR,ERR,ERR,ERR,ERR,ERR,ERR,ERR,ERR,ERR,ERR,ERR,ERR,ERR,ERR,ERR,ERR,ERR,ERR,ERR,ERR,ERR,ERR,ERR,ERR,ERR,ERR,ERR,ERR,ERR,ERR,ERR,ERR,ERR,ERR,ERR,ERR,ERR,ERR,ERR,ERR,ERR,ERR,ERR,ERR,ERR,ERR,ERR,ERR,ERR,ERR,ERR,ERR,ERR,ERR,34.0,80.0,35,0.0,0.0,0.0,0.0,0.0,0.0,0.0,0.0,0.0,0.0,0.0,0.0,0.0,0.0,0.0,0.0,65.6,0,120,58,53,65476,0,300,0,0,8,20529,65476,0,0,57672,80.0,0.0,0.0,0.0,0.0,0.0
2026-06-18T02:35:47,ERR,ERR,ERR,ERR,ERR,ERR,ERR,ERR,ERR,ERR,ERR,ERR,ERR,ERR,ERR,ERR,ERR,ERR,ERR,ERR,ERR,ERR,ERR,ERR,ERR,ERR,ERR,ERR,ERR,ERR,ERR,ERR,ERR,ERR,ERR,ERR,ERR,ERR,ERR,ERR,ERR,ERR,ERR,ERR,ERR,ERR,ERR,ERR,ERR,ERR,ERR,ERR,ERR,ERR,ERR,ERR,ERR,ERR,ERR,ERR,ERR,ERR,ERR,ERR,ERR,ERR,ERR,ERR,ERR,ERR,ERR,ERR,ERR,ERR,ERR,ERR,ERR,ERR,ERR,ERR,ERR,ERR,ERR,ERR,ERR,ERR,ERR,ERR,ERR,ERR,ERR,ERR,ERR,ERR,ERR,ERR,ERR,ERR,ERR,ERR,ERR,ERR,ERR,ERR,ERR,ERR,ERR,ERR,ERR,ERR,ERR,ERR,ERR,ERR,ERR,ERR,ERR,ERR,ERR,ERR,ERR,ERR,ERR,ERR,ERR,2.7184312818759872e+23,0.0,-0.0,-4.9501291711397626e+32,nan,1.3936040501711995e+18,7.805,-0.0,0,0,4,48926,6720,14723890282496.0,100,0.0,0.0,0.0,-4.9501291711397626e+32,0.0,0,0,0,0,0.0,0,0,0,0,0,0,0,0,0,0,0,0,0,0,0,0,0,0,0,0,0,0,0,0,0,0,0,0,0,0,0,0,0,26,51,50,76,65476,0,300,0,0,8,21553,0.0,-107605600.0,0.0,0.0,0.0,0.0,0.0,0.0,0.0,0.0,0.0,0.0,0.0,0.0,0.0,0.0,0.0,0.0,0.0,0.0,0.0,0.0,-2.004,2.004,-2.004,0.0,0.0,0.0,0.0,0.0,4776.0,-0.0,7286.0,2.7184312818759872e+23,0.0,-0.0,-107615392.0,0.0,0.0,0.0,0.0,77,0.0,-0.0,0.0,0.0,0.0,0.0,0.0,0.0,0.0,0,0,0,0.0,0.0,0.0,0.0,0.0,0.0,0.0,0.0,0.0,0.0,0.0,0.0,0.0,0.0,0.0,0.0,0,-107875648.0,77,0.0,154,0.0,0.0,ERR,ERR,ERR,ERR,ERR,ERR,ERR,ERR,ERR,ERR,ERR,ERR,ERR,ERR,ERR,ERR,ERR,ERR,ERR,ERR,ERR,ERR,ERR,ERR,ERR,ERR,ERR,ERR,ERR,ERR,ERR,ERR,ERR,ERR,ERR,ERR,ERR,ERR,ERR,ERR,ERR,ERR,ERR,ERR,ERR,ERR,ERR,ERR,ERR,ERR,ERR,ERR,ERR,ERR,ERR,ERR,ERR,ERR,ERR,ERR,ERR,ERR,ERR,ERR,ERR,ERR,ERR,34.0,80.0,35,0.0,0.0,0.0,0.0,0.0,0.0,0.0,0.0,0.0,0.0,0.0,0.0,0.0,0.0,0.0,0.0,65.6,0,120,58,53,65476,0,300,0,0,8,20529,65476,0,0,57672,80.0,0.0,0.0,0.0,0.0,0.0
2026-06-18T02:35:48,ERR,ERR,ERR,ERR,ERR,ERR,ERR,ERR,ERR,ERR,ERR,ERR,ERR,ERR,ERR,ERR,ERR,ERR,ERR,ERR,ERR,ERR,ERR,ERR,ERR,ERR,ERR,ERR,ERR,ERR,ERR,ERR,ERR,ERR,ERR,ERR,ERR,ERR,ERR,ERR,ERR,ERR,ERR,ERR,ERR,ERR,ERR,ERR,ERR,ERR,ERR,ERR,ERR,ERR,ERR,ERR,ERR,ERR,ERR,ERR,ERR,ERR,ERR,ERR,ERR,ERR,ERR,ERR,ERR,ERR,ERR,ERR,ERR,ERR,ERR,ERR,ERR,ERR,ERR,ERR,ERR,ERR,ERR,ERR,ERR,ERR,ERR,ERR,ERR,ERR,ERR,ERR,ERR,ERR,ERR,ERR,ERR,ERR,ERR,ERR,ERR,ERR,ERR,ERR,ERR,ERR,ERR,ERR,ERR,ERR,ERR,ERR,ERR,ERR,ERR,ERR,ERR,ERR,ERR,ERR,ERR,ERR,ERR,ERR,ERR,2.7184312818759872e+23,0.0,-0.0,-4.9501291711397626e+32,nan,1.3936040501711995e+18,7.805,-0.0,0,0,4,48926,6720,14723890282496.0,100,0.0,0.0,0.0,-4.9501291711397626e+32,0.0,0,0,0,0,0.0,0,0,0,0,0,0,0,0,0,0,0,0,0,0,0,0,0,0,0,0,0,0,0,0,0,0,0,0,0,0,0,0,0,26,51,50,76,65476,0,300,0,0,8,21553,0.0,-107605600.0,0.0,0.0,0.0,0.0,0.0,0.0,0.0,0.0,0.0,0.0,0.0,0.0,0.0,0.0,0.0,0.0,0.0,0.0,0.0,0.0,-2.004,2.004,-2.004,0.0,0.0,0.0,0.0,0.0,4776.0,-0.0,7286.0,2.7184312818759872e+23,0.0,-0.0,-107615392.0,0.0,0.0,0.0,0.0,77,0.0,-0.0,0.0,0.0,0.0,0.0,0.0,0.0,0.0,0,0,0,0.0,0.0,0.0,0.0,0.0,0.0,0.0,0.0,0.0,0.0,0.0,0.0,0.0,0.0,0.0,0.0,0,-107875648.0,77,0.0,154,0.0,0.0,ERR,ERR,ERR,ERR,ERR,ERR,ERR,ERR,ERR,ERR,ERR,ERR,ERR,ERR,ERR,ERR,ERR,ERR,ERR,ERR,ERR,ERR,ERR,ERR,ERR,ERR,ERR,ERR,ERR,ERR,ERR,ERR,ERR,ERR,ERR,ERR,ERR,ERR,ERR,ERR,ERR,ERR,ERR,ERR,ERR,ERR,ERR,ERR,ERR,ERR,ERR,ERR,ERR,ERR,ERR,ERR,ERR,ERR,ERR,ERR,ERR,ERR,ERR,ERR,ERR,ERR,ERR,34.0,80.0,35,0.0,0.0,0.0,0.0,0.0,0.0,0.0,0.0,0.0,0.0,0.0,0.0,0.0,0.0,0.0,0.0,65.6,0,120,58,53,65476,0,300,0,0,8,20529,65476,0,0,57672,80.0,0.0,0.0,0.0,0.0,0.0
2026-06-18T02:35:49,ERR,ERR,ERR,ERR,ERR,ERR,ERR,ERR,ERR,ERR,ERR,ERR,ERR,ERR,ERR,ERR,ERR,ERR,ERR,ERR,ERR,ERR,ERR,ERR,ERR,ERR,ERR,ERR,ERR,ERR,ERR,ERR,ERR,ERR,ERR,ERR,ERR,ERR,ERR,ERR,ERR,ERR,ERR,ERR,ERR,ERR,ERR,ERR,ERR,ERR,ERR,ERR,ERR,ERR,ERR,ERR,ERR,ERR,ERR,ERR,ERR,ERR,ERR,ERR,ERR,ERR,ERR,ERR,ERR,ERR,ERR,ERR,ERR,ERR,ERR,ERR,ERR,ERR,ERR,ERR,ERR,ERR,ERR,ERR,ERR,ERR,ERR,ERR,ERR,ERR,ERR,ERR,ERR,ERR,ERR,ERR,ERR,ERR,ERR,ERR,ERR,ERR,ERR,ERR,ERR,ERR,ERR,ERR,ERR,ERR,ERR,ERR,ERR,ERR,ERR,ERR,ERR,ERR,ERR,ERR,ERR,ERR,ERR,ERR,ERR,2.7184312818759872e+23,0.0,-0.0,2.718290229135658e+23,nan,1.3936040501711995e+18,7.805,-12113.15,0,0,4,48927,6720,14723890282496.0,100,0.0,0.0,0.0,-0.0,0.0,0,0,0,0,0.0,0,0,0,0,0,0,0,0,0,0,0,0,0,0,0,0,0,0,0,0,0,0,0,0,0,0,0,0,0,0,0,0,0,26,51,50,76,65476,0,300,0,0,8,21553,0.0,-107605600.0,0.0,0.0,0.0,0.0,0.0,0.0,0.0,0.0,0.0,0.0,0.0,0.0,0.0,0.0,0.0,0.0,0.0,0.0,0.0,0.0,-2.004,2.004,-2.004,0.0,0.0,0.0,0.0,0.0,4775.0,-0.0,7284.0,2.7184312818759872e+23,0.0,-0.0,-107615392.0,0.0,0.0,0.0,0.0,77,0.0,-0.0,0.0,0.0,0.0,0.0,0.0,0.0,0.0,0,0,0,0.0,0.0,0.0,0.0,0.0,0.0,0.0,0.0,0.0,0.0,0.0,0.0,0.0,0.0,0.0,0.0,0,-107875648.0,77,0.0,154,0.0,0.0,ERR,ERR,ERR,ERR,ERR,ERR,ERR,ERR,ERR,ERR,ERR,ERR,ERR,ERR,ERR,ERR,ERR,ERR,ERR,ERR,ERR,ERR,ERR,ERR,ERR,ERR,ERR,ERR,ERR,ERR,ERR,ERR,ERR,ERR,ERR,ERR,ERR,ERR,ERR,ERR,ERR,ERR,ERR,ERR,ERR,ERR,ERR,ERR,ERR,ERR,ERR,ERR,ERR,ERR,ERR,ERR,ERR,ERR,ERR,ERR,ERR,ERR,ERR,ERR,ERR,ERR,ERR,34.0,80.0,35,0.0,0.0,0.0,0.0,0.0,0.0,0.0,0.0,0.0,0.0,0.0,0.0,0.0,0.0,0.0,0.0,65.6,0,120,58,53,65476,0,300,0,0,8,20529,65476,0,0,57672,80.0,0.0,0.0,0.0,0.0,0.0
2026-06-18T02:35:50,ERR,ERR,ERR,ERR,ERR,ERR,ERR,ERR,ERR,ERR,ERR,ERR,ERR,ERR,ERR,ERR,ERR,ERR,ERR,ERR,ERR,ERR,ERR,ERR,ERR,ERR,ERR,ERR,ERR,ERR,ERR,ERR,ERR,ERR,ERR,ERR,ERR,ERR,ERR,ERR,ERR,ERR,ERR,ERR,ERR,ERR,ERR,ERR,ERR,ERR,ERR,ERR,ERR,ERR,ERR,ERR,ERR,ERR,ERR,ERR,ERR,ERR,ERR,ERR,ERR,ERR,ERR,ERR,ERR,ERR,ERR,ERR,ERR,ERR,ERR,ERR,ERR,ERR,ERR,ERR,ERR,ERR,ERR,ERR,ERR,ERR,ERR,ERR,ERR,ERR,ERR,ERR,ERR,ERR,ERR,ERR,ERR,ERR,ERR,ERR,ERR,ERR,ERR,ERR,ERR,ERR,ERR,ERR,ERR,ERR,ERR,ERR,ERR,ERR,ERR,ERR,ERR,ERR,ERR,ERR,ERR,ERR,ERR,ERR,ERR,2.7184312818759872e+23,0.0,-0.0,2.718290229135658e+23,nan,1.3936040501711995e+18,7.805,-12113.15,0,0,4,48927,6720,14723890282496.0,100,0.0,0.0,0.0,-0.0,0.0,0,0,0,0,0.0,0,0,0,0,0,0,0,0,0,0,0,0,0,0,0,0,0,0,0,0,0,0,0,0,0,0,0,0,0,0,0,0,0,26,51,50,76,65476,0,300,0,0,8,21553,0.0,-107605600.0,0.0,0.0,0.0,0.0,0.0,0.0,0.0,0.0,0.0,0.0,0.0,0.0,0.0,0.0,0.0,0.0,0.0,0.0,0.0,0.0,-2.004,2.004,-2.004,0.0,0.0,0.0,0.0,0.0,4775.0,-0.0,7284.0,2.7184312818759872e+23,0.0,-0.0,-107615392.0,0.0,0.0,0.0,0.0,77,0.0,-0.0,0.0,0.0,0.0,0.0,0.0,0.0,0.0,0,0,0,0.0,0.0,0.0,0.0,0.0,0.0,0.0,0.0,0.0,0.0,0.0,0.0,0.0,0.0,0.0,0.0,0,-107875648.0,77,0.0,154,0.0,0.0,ERR,ERR,ERR,ERR,ERR,ERR,ERR,ERR,ERR,ERR,ERR,ERR,ERR,ERR,ERR,ERR,ERR,ERR,ERR,ERR,ERR,ERR,ERR,ERR,ERR,ERR,ERR,ERR,ERR,ERR,ERR,ERR,ERR,ERR,ERR,ERR,ERR,ERR,ERR,ERR,ERR,ERR,ERR,ERR,ERR,ERR,ERR,ERR,ERR,ERR,ERR,ERR,ERR,ERR,ERR,ERR,ERR,ERR,ERR,ERR,ERR,ERR,ERR,ERR,ERR,ERR,ERR,34.0,80.0,35,0.0,0.0,0.0,0.0,0.0,0.0,0.0,0.0,0.0,0.0,0.0,0.0,0.0,0.0,0.0,0.0,65.6,0,120,58,53,65476,0,300,0,0,8,20529,65476,0,0,57672,80.0,0.0,0.0,0.0,0.0,0.0
2026-06-18T02:35:51,ERR,ERR,ERR,ERR,ERR,ERR,ERR,ERR,ERR,ERR,ERR,ERR,ERR,ERR,ERR,ERR,ERR,ERR,ERR,ERR,ERR,ERR,ERR,ERR,ERR,ERR,ERR,ERR,ERR,ERR,ERR,ERR,ERR,ERR,ERR,ERR,ERR,ERR,ERR,ERR,ERR,ERR,ERR,ERR,ERR,ERR,ERR,ERR,ERR,ERR,ERR,ERR,ERR,ERR,ERR,ERR,ERR,ERR,ERR,ERR,ERR,ERR,ERR,ERR,ERR,ERR,ERR,ERR,ERR,ERR,ERR,ERR,ERR,ERR,ERR,ERR,ERR,ERR,ERR,ERR,ERR,ERR,ERR,ERR,ERR,ERR,ERR,ERR,ERR,ERR,ERR,ERR,ERR,ERR,ERR,ERR,ERR,ERR,ERR,ERR,ERR,ERR,ERR,ERR,ERR,ERR,ERR,ERR,ERR,ERR,ERR,ERR,ERR,ERR,ERR,ERR,ERR,ERR,ERR,ERR,ERR,ERR,ERR,ERR,ERR,2.7184312818759872e+23,0.0,-0.0,2.718290229135658e+23,nan,1.3936040501711995e+18,7.805,-12113.15,0,0,4,48927,6720,14723890282496.0,100,0.0,0.0,0.0,-0.0,0.0,0,0,0,0,0.0,0,0,0,0,0,0,0,0,0,0,0,0,0,0,0,0,0,0,0,0,0,0,0,0,0,0,0,0,0,0,0,0,0,26,51,50,76,65476,0,300,0,0,8,21553,0.0,-107605600.0,0.0,0.0,0.0,0.0,0.0,0.0,0.0,0.0,0.0,0.0,0.0,0.0,0.0,0.0,0.0,0.0,0.0,0.0,0.0,0.0,-2.004,2.004,-2.004,0.0,0.0,0.0,0.0,0.0,4775.0,-0.0,7284.0,2.7184312818759872e+23,0.0,-0.0,-107615392.0,0.0,0.0,0.0,0.0,77,0.0,-0.0,0.0,0.0,0.0,0.0,0.0,0.0,0.0,0,0,0,0.0,0.0,0.0,0.0,0.0,0.0,0.0,0.0,0.0,0.0,0.0,0.0,0.0,0.0,0.0,0.0,0,-107875648.0,77,0.0,154,0.0,0.0,ERR,ERR,ERR,ERR,ERR,ERR,ERR,ERR,ERR,ERR,ERR,ERR,ERR,ERR,ERR,ERR,ERR,ERR,ERR,ERR,ERR,ERR,ERR,ERR,ERR,ERR,ERR,ERR,ERR,ERR,ERR,ERR,ERR,ERR,ERR,ERR,ERR,ERR,ERR,ERR,ERR,ERR,ERR,ERR,ERR,ERR,ERR,ERR,ERR,ERR,ERR,ERR,ERR,ERR,ERR,ERR,ERR,ERR,ERR,ERR,ERR,ERR,ERR,ERR,ERR,ERR,ERR,34.0,80.0,35,0.0,0.0,0.0,0.0,0.0,0.0,0.0,0.0,0.0,0.0,0.0,0.0,0.0,0.0,0.0,0.0,65.6,0,120,58,53,65476,0,300,0,0,8,20529,65476,0,0,57672,80.0,0.0,0.0,0.0,0.0,0.0
2026-06-18T02:35:52,ERR,ERR,ERR,ERR,ERR,ERR,ERR,ERR,ERR,ERR,ERR,ERR,ERR,ERR,ERR,ERR,ERR,ERR,ERR,ERR,ERR,ERR,ERR,ERR,ERR,ERR,ERR,ERR,ERR,ERR,ERR,ERR,ERR,ERR,ERR,ERR,ERR,ERR,ERR,ERR,ERR,ERR,ERR,ERR,ERR,ERR,ERR,ERR,ERR,ERR,ERR,ERR,ERR,ERR,ERR,ERR,ERR,ERR,ERR,ERR,ERR,ERR,ERR,ERR,ERR,ERR,ERR,ERR,ERR,ERR,ERR,ERR,ERR,ERR,ERR,ERR,ERR,ERR,ERR,ERR,ERR,ERR,ERR,ERR,ERR,ERR,ERR,ERR,ERR,ERR,ERR,ERR,ERR,ERR,ERR,ERR,ERR,ERR,ERR,ERR,ERR,ERR,ERR,ERR,ERR,ERR,ERR,ERR,ERR,ERR,ERR,ERR,ERR,ERR,ERR,ERR,ERR,ERR,ERR,ERR,ERR,ERR,ERR,ERR,ERR,2.7184312818759872e+23,0.0,-0.0,2.718290229135658e+23,nan,1.3936040501711995e+18,7.805,-12113.15,0,0,4,48927,6720,14723890282496.0,100,0.0,0.0,0.0,-0.0,0.0,0,0,0,0,0.0,0,0,0,0,0,0,0,0,0,0,0,0,0,0,0,0,0,0,0,0,0,0,0,0,0,0,0,0,0,0,0,0,0,26,51,50,76,65476,0,300,0,0,8,21553,0.0,-107605600.0,0.0,0.0,0.0,0.0,0.0,0.0,0.0,0.0,0.0,0.0,0.0,0.0,0.0,0.0,0.0,0.0,0.0,0.0,0.0,0.0,-2.004,2.004,-2.004,0.0,0.0,0.0,0.0,0.0,4775.0,-0.0,7284.0,2.7184312818759872e+23,0.0,-0.0,-107615392.0,0.0,0.0,0.0,0.0,77,0.0,-0.0,0.0,0.0,0.0,0.0,0.0,0.0,0.0,0,0,0,0.0,0.0,0.0,0.0,0.0,0.0,0.0,0.0,0.0,0.0,0.0,0.0,0.0,0.0,0.0,0.0,0,-107875648.0,77,0.0,154,0.0,0.0,ERR,ERR,ERR,ERR,ERR,ERR,ERR,ERR,ERR,ERR,ERR,ERR,ERR,ERR,ERR,ERR,ERR,ERR,ERR,ERR,ERR,ERR,ERR,ERR,ERR,ERR,ERR,ERR,ERR,ERR,ERR,ERR,ERR,ERR,ERR,ERR,ERR,ERR,ERR,ERR,ERR,ERR,ERR,ERR,ERR,ERR,ERR,ERR,ERR,ERR,ERR,ERR,ERR,ERR,ERR,ERR,ERR,ERR,ERR,ERR,ERR,ERR,ERR,ERR,ERR,ERR,ERR,34.0,80.0,35,0.0,0.0,0.0,0.0,0.0,0.0,0.0,0.0,0.0,0.0,0.0,0.0,0.0,0.0,0.0,0.0,65.6,0,120,58,53,65476,0,300,0,0,8,20529,65476,0,0,57672,80.0,0.0,0.0,0.0,0.0,0.0
2026-06-18T02:35:53,ERR,ERR,ERR,ERR,ERR,ERR,ERR,ERR,ERR,ERR,ERR,ERR,ERR,ERR,ERR,ERR,ERR,ERR,ERR,ERR,ERR,ERR,ERR,ERR,ERR,ERR,ERR,ERR,ERR,ERR,ERR,ERR,ERR,ERR,ERR,ERR,ERR,ERR,ERR,ERR,ERR,ERR,ERR,ERR,ERR,ERR,ERR,ERR,ERR,ERR,ERR,ERR,ERR,ERR,ERR,ERR,ERR,ERR,ERR,ERR,ERR,ERR,ERR,ERR,ERR,ERR,ERR,ERR,ERR,ERR,ERR,ERR,ERR,ERR,ERR,ERR,ERR,ERR,ERR,ERR,ERR,ERR,ERR,ERR,ERR,ERR,ERR,ERR,ERR,ERR,ERR,ERR,ERR,ERR,ERR,ERR,ERR,ERR,ERR,ERR,ERR,ERR,ERR,ERR,ERR,ERR,ERR,ERR,ERR,ERR,ERR,ERR,ERR,ERR,ERR,ERR,ERR,ERR,ERR,ERR,ERR,ERR,ERR,ERR,ERR,2.7184312818759872e+23,0.0,-0.0,2.718290229135658e+23,nan,1.3936040501711995e+18,7.805,-12113.15,0,0,4,48927,6720,14723890282496.0,100,0.0,0.0,0.0,-0.0,0.0,0,0,0,0,0.0,0,0,0,0,0,0,0,0,0,0,0,0,0,0,0,0,0,0,0,0,0,0,0,0,0,0,0,0,0,0,0,0,0,26,51,50,76,65476,0,300,0,0,8,21553,0.0,-107605600.0,0.0,0.0,0.0,0.0,0.0,0.0,0.0,0.0,0.0,0.0,0.0,0.0,0.0,0.0,0.0,0.0,0.0,0.0,0.0,0.0,-2.004,2.004,-2.004,0.0,0.0,0.0,0.0,0.0,4775.0,-0.0,7284.0,2.7184312818759872e+23,0.0,-0.0,-107615392.0,0.0,0.0,0.0,0.0,77,0.0,-0.0,0.0,0.0,0.0,0.0,0.0,0.0,0.0,0,0,0,0.0,0.0,0.0,0.0,0.0,0.0,0.0,0.0,0.0,0.0,0.0,0.0,0.0,0.0,0.0,0.0,0,-107875648.0,77,0.0,154,0.0,0.0,ERR,ERR,ERR,ERR,ERR,ERR,ERR,ERR,ERR,ERR,ERR,ERR,ERR,ERR,ERR,ERR,ERR,ERR,ERR,ERR,ERR,ERR,ERR,ERR,ERR,ERR,ERR,ERR,ERR,ERR,ERR,ERR,ERR,ERR,ERR,ERR,ERR,ERR,ERR,ERR,ERR,ERR,ERR,ERR,ERR,ERR,ERR,ERR,ERR,ERR,ERR,ERR,ERR,ERR,ERR,ERR,ERR,ERR,ERR,ERR,ERR,ERR,ERR,ERR,ERR,ERR,ERR,34.0,80.0,35,0.0,0.0,0.0,0.0,0.0,0.0,0.0,0.0,0.0,0.0,0.0,0.0,0.0,0.0,0.0,0.0,65.6,0,120,58,53,65476,0,300,0,0,8,20529,65476,0,0,57672,80.0,0.0,0.0,0.0,0.0,0.0
2026-06-18T02:35:54,ERR,ERR,ERR,ERR,ERR,ERR,ERR,ERR,ERR,ERR,ERR,ERR,ERR,ERR,ERR,ERR,ERR,ERR,ERR,ERR,ERR,ERR,ERR,ERR,ERR,ERR,ERR,ERR,ERR,ERR,ERR,ERR,ERR,ERR,ERR,ERR,ERR,ERR,ERR,ERR,ERR,ERR,ERR,ERR,ERR,ERR,ERR,ERR,ERR,ERR,ERR,ERR,ERR,ERR,ERR,ERR,ERR,ERR,ERR,ERR,ERR,ERR,ERR,ERR,ERR,ERR,ERR,ERR,ERR,ERR,ERR,ERR,ERR,ERR,ERR,ERR,ERR,ERR,ERR,ERR,ERR,ERR,ERR,ERR,ERR,ERR,ERR,ERR,ERR,ERR,ERR,ERR,ERR,ERR,ERR,ERR,ERR,ERR,ERR,ERR,ERR,ERR,ERR,ERR,ERR,ERR,ERR,ERR,ERR,ERR,ERR,ERR,ERR,ERR,ERR,ERR,ERR,ERR,ERR,ERR,ERR,ERR,ERR,ERR,ERR,2.7184312818759872e+23,0.0,-0.0,-107609184.0,nan,1.3936040501711995e+18,7.805,0.0,0,0,4,48926,6720,14723890282496.0,100,0.0,0.0,0.0,-107609184.0,0.0,0,0,0,0,0.0,0,0,0,0,0,0,0,0,0,0,0,0,0,0,0,0,0,0,0,0,0,0,0,0,0,0,0,0,0,0,0,0,0,26,51,50,76,65476,0,300,0,0,8,21553,0.0,-107605600.0,0.0,0.0,0.0,0.0,0.0,0.0,0.0,0.0,0.0,0.0,0.0,0.0,0.0,0.0,0.0,0.0,0.0,0.0,0.0,0.0,-2.004,2.004,-2.004,0.0,0.0,0.0,0.0,0.0,4773.0,-0.0,7285.0,2.7184312818759872e+23,0.0,-0.0,-107615392.0,0.0,0.0,0.0,0.0,77,0.0,-0.0,0.0,0.0,0.0,0.0,0.0,0.0,0.0,0,0,0,0.0,0.0,0.0,0.0,0.0,0.0,0.0,0.0,0.0,0.0,0.0,0.0,0.0,0.0,0.0,0.0,0,-107875648.0,77,0.0,154,0.0,0.0,ERR,ERR,ERR,ERR,ERR,ERR,ERR,ERR,ERR,ERR,ERR,ERR,ERR,ERR,ERR,ERR,ERR,ERR,ERR,ERR,ERR,ERR,ERR,ERR,ERR,ERR,ERR,ERR,ERR,ERR,ERR,ERR,ERR,ERR,ERR,ERR,ERR,ERR,ERR,ERR,ERR,ERR,ERR,ERR,ERR,ERR,ERR,ERR,ERR,ERR,ERR,ERR,ERR,ERR,ERR,ERR,ERR,ERR,ERR,ERR,ERR,ERR,ERR,ERR,ERR,ERR,ERR,34.0,80.0,35,0.0,0.0,0.0,0.0,0.0,0.0,0.0,0.0,0.0,0.0,0.0,0.0,0.0,0.0,0.0,0.0,65.6,0,120,58,53,65476,0,300,0,0,8,20529,65476,0,0,57672,80.0,0.0,0.0,0.0,0.0,0.0
2026-06-18T02:35:55,ERR,ERR,ERR,ERR,ERR,ERR,ERR,ERR,ERR,ERR,ERR,ERR,ERR,ERR,ERR,ERR,ERR,ERR,ERR,ERR,ERR,ERR,ERR,ERR,ERR,ERR,ERR,ERR,ERR,ERR,ERR,ERR,ERR,ERR,ERR,ERR,ERR,ERR,ERR,ERR,ERR,ERR,ERR,ERR,ERR,ERR,ERR,ERR,ERR,ERR,ERR,ERR,ERR,ERR,ERR,ERR,ERR,ERR,ERR,ERR,ERR,ERR,ERR,ERR,ERR,ERR,ERR,ERR,ERR,ERR,ERR,ERR,ERR,ERR,ERR,ERR,ERR,ERR,ERR,ERR,ERR,ERR,ERR,ERR,ERR,ERR,ERR,ERR,ERR,ERR,ERR,ERR,ERR,ERR,ERR,ERR,ERR,ERR,ERR,ERR,ERR,ERR,ERR,ERR,ERR,ERR,ERR,ERR,ERR,ERR,ERR,ERR,ERR,ERR,ERR,ERR,ERR,ERR,ERR,ERR,ERR,ERR,ERR,ERR,ERR,2.7184312818759872e+23,0.0,-0.0,-107609184.0,nan,1.3936040501711995e+18,7.805,0.0,0,0,4,48926,6720,14723890282496.0,100,0.0,0.0,0.0,-107609184.0,0.0,0,0,0,0,0.0,0,0,0,0,0,0,0,0,0,0,0,0,0,0,0,0,0,0,0,0,0,0,0,0,0,0,0,0,0,0,0,0,0,26,51,50,76,65476,0,300,0,0,8,21553,0.0,-107605600.0,0.0,0.0,0.0,0.0,0.0,0.0,0.0,0.0,0.0,0.0,0.0,0.0,0.0,0.0,0.0,0.0,0.0,0.0,0.0,0.0,-2.004,2.004,-2.004,0.0,0.0,0.0,0.0,0.0,4773.0,-0.0,7285.0,2.7184312818759872e+23,0.0,-0.0,-107615392.0,0.0,0.0,0.0,0.0,77,0.0,-0.0,0.0,0.0,0.0,0.0,0.0,0.0,0.0,0,0,0,0.0,0.0,0.0,0.0,0.0,0.0,0.0,0.0,0.0,0.0,0.0,0.0,0.0,0.0,0.0,0.0,0,-107875648.0,77,0.0,154,0.0,0.0,ERR,ERR,ERR,ERR,ERR,ERR,ERR,ERR,ERR,ERR,ERR,ERR,ERR,ERR,ERR,ERR,ERR,ERR,ERR,ERR,ERR,ERR,ERR,ERR,ERR,ERR,ERR,ERR,ERR,ERR,ERR,ERR,ERR,ERR,ERR,ERR,ERR,ERR,ERR,ERR,ERR,ERR,ERR,ERR,ERR,ERR,ERR,ERR,ERR,ERR,ERR,ERR,ERR,ERR,ERR,ERR,ERR,ERR,ERR,ERR,ERR,ERR,ERR,ERR,ERR,ERR,ERR,34.0,80.0,35,0.0,0.0,0.0,0.0,0.0,0.0,0.0,0.0,0.0,0.0,0.0,0.0,0.0,0.0,0.0,0.0,65.6,0,120,58,53,65476,0,300,0,0,8,20529,65476,0,0,57672,80.0,0.0,0.0,0.0,0.0,0.0
2026-06-18T02:35:56,ERR,ERR,ERR,ERR,ERR,ERR,ERR,ERR,ERR,ERR,ERR,ERR,ERR,ERR,ERR,ERR,ERR,ERR,ERR,ERR,ERR,ERR,ERR,ERR,ERR,ERR,ERR,ERR,ERR,ERR,ERR,ERR,ERR,ERR,ERR,ERR,ERR,ERR,ERR,ERR,ERR,ERR,ERR,ERR,ERR,ERR,ERR,ERR,ERR,ERR,ERR,ERR,ERR,ERR,ERR,ERR,ERR,ERR,ERR,ERR,ERR,ERR,ERR,ERR,ERR,ERR,ERR,ERR,ERR,ERR,ERR,ERR,ERR,ERR,ERR,ERR,ERR,ERR,ERR,ERR,ERR,ERR,ERR,ERR,ERR,ERR,ERR,ERR,ERR,ERR,ERR,ERR,ERR,ERR,ERR,ERR,ERR,ERR,ERR,ERR,ERR,ERR,ERR,ERR,ERR,ERR,ERR,ERR,ERR,ERR,ERR,ERR,ERR,ERR,ERR,ERR,ERR,ERR,ERR,ERR,ERR,ERR,ERR,ERR,ERR,2.7184312818759872e+23,0.0,-0.0,-107609184.0,nan,1.3936040501711995e+18,7.805,0.0,0,0,4,48926,6720,14723890282496.0,100,0.0,0.0,0.0,-107609184.0,0.0,0,0,0,0,0.0,0,0,0,0,0,0,0,0,0,0,0,0,0,0,0,0,0,0,0,0,0,0,0,0,0,0,0,0,0,0,0,0,0,26,51,50,76,65476,0,300,0,0,8,21553,0.0,-107605600.0,0.0,0.0,0.0,0.0,0.0,0.0,0.0,0.0,0.0,0.0,0.0,0.0,0.0,0.0,0.0,0.0,0.0,0.0,0.0,0.0,-2.004,2.004,-2.004,0.0,0.0,0.0,0.0,0.0,4773.0,-0.0,7285.0,2.7184312818759872e+23,0.0,-0.0,-107615392.0,0.0,0.0,0.0,0.0,77,0.0,-0.0,0.0,0.0,0.0,0.0,0.0,0.0,0.0,0,0,0,0.0,0.0,0.0,0.0,0.0,0.0,0.0,0.0,0.0,0.0,0.0,0.0,0.0,0.0,0.0,0.0,0,-107875648.0,77,0.0,154,0.0,0.0,ERR,ERR,ERR,ERR,ERR,ERR,ERR,ERR,ERR,ERR,ERR,ERR,ERR,ERR,ERR,ERR,ERR,ERR,ERR,ERR,ERR,ERR,ERR,ERR,ERR,ERR,ERR,ERR,ERR,ERR,ERR,ERR,ERR,ERR,ERR,ERR,ERR,ERR,ERR,ERR,ERR,ERR,ERR,ERR,ERR,ERR,ERR,ERR,ERR,ERR,ERR,ERR,ERR,ERR,ERR,ERR,ERR,ERR,ERR,ERR,ERR,ERR,ERR,ERR,ERR,ERR,ERR,34.0,80.0,35,0.0,0.0,0.0,0.0,0.0,0.0,0.0,0.0,0.0,0.0,0.0,0.0,0.0,0.0,0.0,0.0,65.6,0,120,58,53,65476,0,300,0,0,8,20529,65476,0,0,57672,80.0,0.0,0.0,0.0,0.0,0.0
2026-06-18T02:35:57,ERR,ERR,ERR,ERR,ERR,ERR,ERR,ERR,ERR,ERR,ERR,ERR,ERR,ERR,ERR,ERR,ERR,ERR,ERR,ERR,ERR,ERR,ERR,ERR,ERR,ERR,ERR,ERR,ERR,ERR,ERR,ERR,ERR,ERR,ERR,ERR,ERR,ERR,ERR,ERR,ERR,ERR,ERR,ERR,ERR,ERR,ERR,ERR,ERR,ERR,ERR,ERR,ERR,ERR,ERR,ERR,ERR,ERR,ERR,ERR,ERR,ERR,ERR,ERR,ERR,ERR,ERR,ERR,ERR,ERR,ERR,ERR,ERR,ERR,ERR,ERR,ERR,ERR,ERR,ERR,ERR,ERR,ERR,ERR,ERR,ERR,ERR,ERR,ERR,ERR,ERR,ERR,ERR,ERR,ERR,ERR,ERR,ERR,ERR,ERR,ERR,ERR,ERR,ERR,ERR,ERR,ERR,ERR,ERR,ERR,ERR,ERR,ERR,ERR,ERR,ERR,ERR,ERR,ERR,ERR,ERR,ERR,ERR,ERR,ERR,2.7184312818759872e+23,0.0,-0.0,-107609184.0,nan,1.3936040501711995e+18,7.805,0.0,0,0,4,48926,6720,14723890282496.0,100,0.0,0.0,0.0,-107609184.0,0.0,0,0,0,0,0.0,0,0,0,0,0,0,0,0,0,0,0,0,0,0,0,0,0,0,0,0,0,0,0,0,0,0,0,0,0,0,0,0,0,26,51,50,76,65476,0,300,0,0,8,21553,0.0,-107605600.0,0.0,0.0,0.0,0.0,0.0,0.0,0.0,0.0,0.0,0.0,0.0,0.0,0.0,0.0,0.0,0.0,0.0,0.0,0.0,0.0,-2.004,2.004,-2.004,0.0,0.0,0.0,0.0,0.0,4773.0,-0.0,7285.0,2.7184312818759872e+23,0.0,-0.0,-107615392.0,0.0,0.0,0.0,0.0,77,0.0,-0.0,0.0,0.0,0.0,0.0,0.0,0.0,0.0,0,0,0,0.0,0.0,0.0,0.0,0.0,0.0,0.0,0.0,0.0,0.0,0.0,0.0,0.0,0.0,0.0,0.0,0,-107875648.0,77,0.0,154,0.0,0.0,ERR,ERR,ERR,ERR,ERR,ERR,ERR,ERR,ERR,ERR,ERR,ERR,ERR,ERR,ERR,ERR,ERR,ERR,ERR,ERR,ERR,ERR,ERR,ERR,ERR,ERR,ERR,ERR,ERR,ERR,ERR,ERR,ERR,ERR,ERR,ERR,ERR,ERR,ERR,ERR,ERR,ERR,ERR,ERR,ERR,ERR,ERR,ERR,ERR,ERR,ERR,ERR,ERR,ERR,ERR,ERR,ERR,ERR,ERR,ERR,ERR,ERR,ERR,ERR,ERR,ERR,ERR,34.0,80.0,35,0.0,0.0,0.0,0.0,0.0,0.0,0.0,0.0,0.0,0.0,0.0,0.0,0.0,0.0,0.0,0.0,65.6,0,120,58,53,65476,0,300,0,0,8,20529,65476,0,0,57672,80.0,0.0,0.0,0.0,0.0,0.0
2026-06-18T02:35:58,ERR,ERR,ERR,ERR,ERR,ERR,ERR,ERR,ERR,ERR,ERR,ERR,ERR,ERR,ERR,ERR,ERR,ERR,ERR,ERR,ERR,ERR,ERR,ERR,ERR,ERR,ERR,ERR,ERR,ERR,ERR,ERR,ERR,ERR,ERR,ERR,ERR,ERR,ERR,ERR,ERR,ERR,ERR,ERR,ERR,ERR,ERR,ERR,ERR,ERR,ERR,ERR,ERR,ERR,ERR,ERR,ERR,ERR,ERR,ERR,ERR,ERR,ERR,ERR,ERR,ERR,ERR,ERR,ERR,ERR,ERR,ERR,ERR,ERR,ERR,ERR,ERR,ERR,ERR,ERR,ERR,ERR,ERR,ERR,ERR,ERR,ERR,ERR,ERR,ERR,ERR,ERR,ERR,ERR,ERR,ERR,ERR,ERR,ERR,ERR,ERR,ERR,ERR,ERR,ERR,ERR,ERR,ERR,ERR,ERR,ERR,ERR,ERR,ERR,ERR,ERR,ERR,ERR,ERR,ERR,ERR,ERR,ERR,ERR,ERR,2.7184312818759872e+23,0.0,-0.0,-107609184.0,nan,1.3936040501711995e+18,7.805,0.0,0,0,4,48926,6720,14723890282496.0,100,0.0,0.0,0.0,-107609184.0,0.0,0,0,0,0,0.0,0,0,0,0,0,0,0,0,0,0,0,0,0,0,0,0,0,0,0,0,0,0,0,0,0,0,0,0,0,0,0,0,0,26,51,50,76,65476,0,300,0,0,8,21553,0.0,-107605600.0,0.0,0.0,0.0,0.0,0.0,0.0,0.0,0.0,0.0,0.0,0.0,0.0,0.0,0.0,0.0,0.0,0.0,0.0,0.0,0.0,-2.004,2.004,-2.004,0.0,0.0,0.0,0.0,0.0,4773.0,-0.0,7285.0,2.7184312818759872e+23,0.0,-0.0,-107615392.0,0.0,0.0,0.0,0.0,77,0.0,-0.0,0.0,0.0,0.0,0.0,0.0,0.0,0.0,0,0,0,0.0,0.0,0.0,0.0,0.0,0.0,0.0,0.0,0.0,0.0,0.0,0.0,0.0,0.0,0.0,0.0,0,-107875648.0,77,0.0,154,0.0,0.0,ERR,ERR,ERR,ERR,ERR,ERR,ERR,ERR,ERR,ERR,ERR,ERR,ERR,ERR,ERR,ERR,ERR,ERR,ERR,ERR,ERR,ERR,ERR,ERR,ERR,ERR,ERR,ERR,ERR,ERR,ERR,ERR,ERR,ERR,ERR,ERR,ERR,ERR,ERR,ERR,ERR,ERR,ERR,ERR,ERR,ERR,ERR,ERR,ERR,ERR,ERR,ERR,ERR,ERR,ERR,ERR,ERR,ERR,ERR,ERR,ERR,ERR,ERR,ERR,ERR,ERR,ERR,34.0,80.0,35,0.0,0.0,0.0,0.0,0.0,0.0,0.0,0.0,0.0,0.0,0.0,0.0,0.0,0.0,0.0,0.0,65.6,0,120,58,53,65476,0,300,0,0,8,20529,65476,0,0,57672,80.0,0.0,0.0,0.0,0.0,0.0
2026-06-18T02:35:59,ERR,ERR,ERR,ERR,ERR,ERR,ERR,ERR,ERR,ERR,ERR,ERR,ERR,ERR,ERR,ERR,ERR,ERR,ERR,ERR,ERR,ERR,ERR,ERR,ERR,ERR,ERR,ERR,ERR,ERR,ERR,ERR,ERR,ERR,ERR,ERR,ERR,ERR,ERR,ERR,ERR,ERR,ERR,ERR,ERR,ERR,ERR,ERR,ERR,ERR,ERR,ERR,ERR,ERR,ERR,ERR,ERR,ERR,ERR,ERR,ERR,ERR,ERR,ERR,ERR,ERR,ERR,ERR,ERR,ERR,ERR,ERR,ERR,ERR,ERR,ERR,ERR,ERR,ERR,ERR,ERR,ERR,ERR,ERR,ERR,ERR,ERR,ERR,ERR,ERR,ERR,ERR,ERR,ERR,ERR,ERR,ERR,ERR,ERR,ERR,ERR,ERR,ERR,ERR,ERR,ERR,ERR,ERR,ERR,ERR,ERR,ERR,ERR,ERR,ERR,ERR,ERR,ERR,ERR,ERR,ERR,ERR,ERR,ERR,ERR,2.7184312818759872e+23,0.0,-0.0,-0.0,nan,1.3936040501711995e+18,7.805,-0.0,0,0,4,48929,6720,14723890282496.0,100,0.0,0.0,0.0,2.718290229135658e+23,0.0,0,0,0,0,0.0,0,0,0,0,0,0,0,0,0,0,0,0,0,0,0,0,0,0,0,0,0,0,0,0,0,0,0,0,0,0,0,0,0,26,51,50,76,65476,0,300,0,0,8,21553,0.0,-107605600.0,0.0,0.0,0.0,0.0,0.0,0.0,0.0,0.0,0.0,0.0,0.0,0.0,0.0,0.0,0.0,0.0,0.0,0.0,0.0,0.0,-2.004,2.004,-2.004,0.0,0.0,0.0,0.0,0.0,4775.0,-0.0,7284.0,2.7184312818759872e+23,0.0,-0.0,-107615392.0,0.0,0.0,0.0,0.0,77,0.0,-0.0,0.0,0.0,0.0,0.0,0.0,0.0,0.0,0,0,0,0.0,0.0,0.0,0.0,0.0,0.0,0.0,0.0,0.0,0.0,0.0,0.0,0.0,0.0,0.0,0.0,0,-107875648.0,77,0.0,154,0.0,0.0,ERR,ERR,ERR,ERR,ERR,ERR,ERR,ERR,ERR,ERR,ERR,ERR,ERR,ERR,ERR,ERR,ERR,ERR,ERR,ERR,ERR,ERR,ERR,ERR,ERR,ERR,ERR,ERR,ERR,ERR,ERR,ERR,ERR,ERR,ERR,ERR,ERR,ERR,ERR,ERR,ERR,ERR,ERR,ERR,ERR,ERR,ERR,ERR,ERR,ERR,ERR,ERR,ERR,ERR,ERR,ERR,ERR,ERR,ERR,ERR,ERR,ERR,ERR,ERR,ERR,ERR,ERR,34.0,80.0,35,0.0,0.0,0.0,0.0,0.0,0.0,0.0,0.0,0.0,0.0,0.0,0.0,0.0,0.0,0.0,0.0,65.6,0,120,58,53,65476,0,300,0,0,8,20529,65476,0,0,57672,80.0,0.0,0.0,0.0,0.0,0.0
2026-06-18T02:36:00,ERR,ERR,ERR,ERR,ERR,ERR,ERR,ERR,ERR,ERR,ERR,ERR,ERR,ERR,ERR,ERR,ERR,ERR,ERR,ERR,ERR,ERR,ERR,ERR,ERR,ERR,ERR,ERR,ERR,ERR,ERR,ERR,ERR,ERR,ERR,ERR,ERR,ERR,ERR,ERR,ERR,ERR,ERR,ERR,ERR,ERR,ERR,ERR,ERR,ERR,ERR,ERR,ERR,ERR,ERR,ERR,ERR,ERR,ERR,ERR,ERR,ERR,ERR,ERR,ERR,ERR,ERR,ERR,ERR,ERR,ERR,ERR,ERR,ERR,ERR,ERR,ERR,ERR,ERR,ERR,ERR,ERR,ERR,ERR,ERR,ERR,ERR,ERR,ERR,ERR,ERR,ERR,ERR,ERR,ERR,ERR,ERR,ERR,ERR,ERR,ERR,ERR,ERR,ERR,ERR,ERR,ERR,ERR,ERR,ERR,ERR,ERR,ERR,ERR,ERR,ERR,ERR,ERR,ERR,ERR,ERR,ERR,ERR,ERR,ERR,2.7184312818759872e+23,0.0,-0.0,-0.0,nan,1.3936040501711995e+18,7.805,-0.0,0,0,4,48929,6720,14723890282496.0,100,0.0,0.0,0.0,2.718290229135658e+23,0.0,0,0,0,0,0.0,0,0,0,0,0,0,0,0,0,0,0,0,0,0,0,0,0,0,0,0,0,0,0,0,0,0,0,0,0,0,0,0,0,26,51,50,76,65476,0,300,0,0,8,21553,0.0,-107605600.0,0.0,0.0,0.0,0.0,0.0,0.0,0.0,0.0,0.0,0.0,0.0,0.0,0.0,0.0,0.0,0.0,0.0,0.0,0.0,0.0,-2.004,2.004,-2.004,0.0,0.0,0.0,0.0,0.0,4775.0,-0.0,7284.0,2.7184312818759872e+23,0.0,-0.0,-107615392.0,0.0,0.0,0.0,0.0,77,0.0,-0.0,0.0,0.0,0.0,0.0,0.0,0.0,0.0,0,0,0,0.0,0.0,0.0,0.0,0.0,0.0,0.0,0.0,0.0,0.0,0.0,0.0,0.0,0.0,0.0,0.0,0,-107875648.0,77,0.0,154,0.0,0.0,ERR,ERR,ERR,ERR,ERR,ERR,ERR,ERR,ERR,ERR,ERR,ERR,ERR,ERR,ERR,ERR,ERR,ERR,ERR,ERR,ERR,ERR,ERR,ERR,ERR,ERR,ERR,ERR,ERR,ERR,ERR,ERR,ERR,ERR,ERR,ERR,ERR,ERR,ERR,ERR,ERR,ERR,ERR,ERR,ERR,ERR,ERR,ERR,ERR,ERR,ERR,ERR,ERR,ERR,ERR,ERR,ERR,ERR,ERR,ERR,ERR,ERR,ERR,ERR,ERR,ERR,ERR,34.0,80.0,35,0.0,0.0,0.0,0.0,0.0,0.0,0.0,0.0,0.0,0.0,0.0,0.0,0.0,0.0,0.0,0.0,65.6,0,120,58,53,65476,0,300,0,0,8,20529,65476,0,0,57672,80.0,0.0,0.0,0.0,0.0,0.0
2026-06-18T02:36:01,ERR,ERR,ERR,ERR,ERR,ERR,ERR,ERR,ERR,ERR,ERR,ERR,ERR,ERR,ERR,ERR,ERR,ERR,ERR,ERR,ERR,ERR,ERR,ERR,ERR,ERR,ERR,ERR,ERR,ERR,ERR,ERR,ERR,ERR,ERR,ERR,ERR,ERR,ERR,ERR,ERR,ERR,ERR,ERR,ERR,ERR,ERR,ERR,ERR,ERR,ERR,ERR,ERR,ERR,ERR,ERR,ERR,ERR,ERR,ERR,ERR,ERR,ERR,ERR,ERR,ERR,ERR,ERR,ERR,ERR,ERR,ERR,ERR,ERR,ERR,ERR,ERR,ERR,ERR,ERR,ERR,ERR,ERR,ERR,ERR,ERR,ERR,ERR,ERR,ERR,ERR,ERR,ERR,ERR,ERR,ERR,ERR,ERR,ERR,ERR,ERR,ERR,ERR,ERR,ERR,ERR,ERR,ERR,ERR,ERR,ERR,ERR,ERR,ERR,ERR,ERR,ERR,ERR,ERR,ERR,ERR,ERR,ERR,ERR,ERR,2.7184312818759872e+23,0.0,-0.0,-0.0,nan,1.3936040501711995e+18,7.805,-0.0,0,0,4,48929,6720,14723890282496.0,100,0.0,0.0,0.0,2.718290229135658e+23,0.0,0,0,0,0,0.0,0,0,0,0,0,0,0,0,0,0,0,0,0,0,0,0,0,0,0,0,0,0,0,0,0,0,0,0,0,0,0,0,0,26,51,50,76,65476,0,300,0,0,8,21553,0.0,-107605600.0,0.0,0.0,0.0,0.0,0.0,0.0,0.0,0.0,0.0,0.0,0.0,0.0,0.0,0.0,0.0,0.0,0.0,0.0,0.0,0.0,-2.004,2.004,-2.004,0.0,0.0,0.0,0.0,0.0,4775.0,-0.0,7284.0,2.7184312818759872e+23,0.0,-0.0,-107615392.0,0.0,0.0,0.0,0.0,77,0.0,-0.0,0.0,0.0,0.0,0.0,0.0,0.0,0.0,0,0,0,0.0,0.0,0.0,0.0,0.0,0.0,0.0,0.0,0.0,0.0,0.0,0.0,0.0,0.0,0.0,0.0,0,-107875648.0,77,0.0,154,0.0,0.0,ERR,ERR,ERR,ERR,ERR,ERR,ERR,ERR,ERR,ERR,ERR,ERR,ERR,ERR,ERR,ERR,ERR,ERR,ERR,ERR,ERR,ERR,ERR,ERR,ERR,ERR,ERR,ERR,ERR,ERR,ERR,ERR,ERR,ERR,ERR,ERR,ERR,ERR,ERR,ERR,ERR,ERR,ERR,ERR,ERR,ERR,ERR,ERR,ERR,ERR,ERR,ERR,ERR,ERR,ERR,ERR,ERR,ERR,ERR,ERR,ERR,ERR,ERR,ERR,ERR,ERR,ERR,34.0,80.0,35,0.0,0.0,0.0,0.0,0.0,0.0,0.0,0.0,0.0,0.0,0.0,0.0,0.0,0.0,0.0,0.0,65.6,0,120,58,53,65476,0,300,0,0,8,20529,65476,0,0,57672,80.0,0.0,0.0,0.0,0.0,0.0
2026-06-18T02:36:02,ERR,ERR,ERR,ERR,ERR,ERR,ERR,ERR,ERR,ERR,ERR,ERR,ERR,ERR,ERR,ERR,ERR,ERR,ERR,ERR,ERR,ERR,ERR,ERR,ERR,ERR,ERR,ERR,ERR,ERR,ERR,ERR,ERR,ERR,ERR,ERR,ERR,ERR,ERR,ERR,ERR,ERR,ERR,ERR,ERR,ERR,ERR,ERR,ERR,ERR,ERR,ERR,ERR,ERR,ERR,ERR,ERR,ERR,ERR,ERR,ERR,ERR,ERR,ERR,ERR,ERR,ERR,ERR,ERR,ERR,ERR,ERR,ERR,ERR,ERR,ERR,ERR,ERR,ERR,ERR,ERR,ERR,ERR,ERR,ERR,ERR,ERR,ERR,ERR,ERR,ERR,ERR,ERR,ERR,ERR,ERR,ERR,ERR,ERR,ERR,ERR,ERR,ERR,ERR,ERR,ERR,ERR,ERR,ERR,ERR,ERR,ERR,ERR,ERR,ERR,ERR,ERR,ERR,ERR,ERR,ERR,ERR,ERR,ERR,ERR,2.7184312818759872e+23,0.0,-0.0,-0.0,nan,1.3936040501711995e+18,7.805,-0.0,0,0,4,48929,6720,14723890282496.0,100,0.0,0.0,0.0,2.718290229135658e+23,0.0,0,0,0,0,0.0,0,0,0,0,0,0,0,0,0,0,0,0,0,0,0,0,0,0,0,0,0,0,0,0,0,0,0,0,0,0,0,0,0,26,51,50,76,65476,0,300,0,0,8,21553,0.0,-107605600.0,0.0,0.0,0.0,0.0,0.0,0.0,0.0,0.0,0.0,0.0,0.0,0.0,0.0,0.0,0.0,0.0,0.0,0.0,0.0,0.0,-2.004,2.004,-2.004,0.0,0.0,0.0,0.0,0.0,4775.0,-0.0,7284.0,2.7184312818759872e+23,0.0,-0.0,-107615392.0,0.0,0.0,0.0,0.0,77,0.0,-0.0,0.0,0.0,0.0,0.0,0.0,0.0,0.0,0,0,0,0.0,0.0,0.0,0.0,0.0,0.0,0.0,0.0,0.0,0.0,0.0,0.0,0.0,0.0,0.0,0.0,0,-107875648.0,77,0.0,154,0.0,0.0,ERR,ERR,ERR,ERR,ERR,ERR,ERR,ERR,ERR,ERR,ERR,ERR,ERR,ERR,ERR,ERR,ERR,ERR,ERR,ERR,ERR,ERR,ERR,ERR,ERR,ERR,ERR,ERR,ERR,ERR,ERR,ERR,ERR,ERR,ERR,ERR,ERR,ERR,ERR,ERR,ERR,ERR,ERR,ERR,ERR,ERR,ERR,ERR,ERR,ERR,ERR,ERR,ERR,ERR,ERR,ERR,ERR,ERR,ERR,ERR,ERR,ERR,ERR,ERR,ERR,ERR,ERR,34.0,80.0,35,0.0,0.0,0.0,0.0,0.0,0.0,0.0,0.0,0.0,0.0,0.0,0.0,0.0,0.0,0.0,0.0,65.6,0,120,58,53,65476,0,300,0,0,8,20529,65476,0,0,57672,80.0,0.0,0.0,0.0,0.0,0.0
2026-06-18T02:36:03,ERR,ERR,ERR,ERR,ERR,ERR,ERR,ERR,ERR,ERR,ERR,ERR,ERR,ERR,ERR,ERR,ERR,ERR,ERR,ERR,ERR,ERR,ERR,ERR,ERR,ERR,ERR,ERR,ERR,ERR,ERR,ERR,ERR,ERR,ERR,ERR,ERR,ERR,ERR,ERR,ERR,ERR,ERR,ERR,ERR,ERR,ERR,ERR,ERR,ERR,ERR,ERR,ERR,ERR,ERR,ERR,ERR,ERR,ERR,ERR,ERR,ERR,ERR,ERR,ERR,ERR,ERR,ERR,ERR,ERR,ERR,ERR,ERR,ERR,ERR,ERR,ERR,ERR,ERR,ERR,ERR,ERR,ERR,ERR,ERR,ERR,ERR,ERR,ERR,ERR,ERR,ERR,ERR,ERR,ERR,ERR,ERR,ERR,ERR,ERR,ERR,ERR,ERR,ERR,ERR,ERR,ERR,ERR,ERR,ERR,ERR,ERR,ERR,ERR,ERR,ERR,ERR,ERR,ERR,ERR,ERR,ERR,ERR,ERR,ERR,2.7184312818759872e+23,0.0,-0.0,-0.0,nan,1.3936040501711995e+18,7.805,-0.0,0,0,4,48929,6720,14723890282496.0,100,0.0,0.0,0.0,2.718290229135658e+23,0.0,0,0,0,0,0.0,0,0,0,0,0,0,0,0,0,0,0,0,0,0,0,0,0,0,0,0,0,0,0,0,0,0,0,0,0,0,0,0,0,26,51,50,76,65476,0,300,0,0,8,21553,0.0,-107605600.0,0.0,0.0,0.0,0.0,0.0,0.0,0.0,0.0,0.0,0.0,0.0,0.0,0.0,0.0,0.0,0.0,0.0,0.0,0.0,0.0,-2.004,2.004,-2.004,0.0,0.0,0.0,0.0,0.0,4775.0,-0.0,7284.0,2.7184312818759872e+23,0.0,-0.0,-107615392.0,0.0,0.0,0.0,0.0,77,0.0,-0.0,0.0,0.0,0.0,0.0,0.0,0.0,0.0,0,0,0,0.0,0.0,0.0,0.0,0.0,0.0,0.0,0.0,0.0,0.0,0.0,0.0,0.0,0.0,0.0,0.0,0,-107875648.0,77,0.0,154,0.0,0.0,ERR,ERR,ERR,ERR,ERR,ERR,ERR,ERR,ERR,ERR,ERR,ERR,ERR,ERR,ERR,ERR,ERR,ERR,ERR,ERR,ERR,ERR,ERR,ERR,ERR,ERR,ERR,ERR,ERR,ERR,ERR,ERR,ERR,ERR,ERR,ERR,ERR,ERR,ERR,ERR,ERR,ERR,ERR,ERR,ERR,ERR,ERR,ERR,ERR,ERR,ERR,ERR,ERR,ERR,ERR,ERR,ERR,ERR,ERR,ERR,ERR,ERR,ERR,ERR,ERR,ERR,ERR,34.0,80.0,35,0.0,0.0,0.0,0.0,0.0,0.0,0.0,0.0,0.0,0.0,0.0,0.0,0.0,0.0,0.0,0.0,65.6,0,120,58,53,65476,0,300,0,0,8,20529,65476,0,0,57672,80.0,0.0,0.0,0.0,0.0,0.0
2026-06-18T02:36:04,ERR,ERR,ERR,ERR,ERR,ERR,ERR,ERR,ERR,ERR,ERR,ERR,ERR,ERR,ERR,ERR,ERR,ERR,ERR,ERR,ERR,ERR,ERR,ERR,ERR,ERR,ERR,ERR,ERR,ERR,ERR,ERR,ERR,ERR,ERR,ERR,ERR,ERR,ERR,ERR,ERR,ERR,ERR,ERR,ERR,ERR,ERR,ERR,ERR,ERR,ERR,ERR,ERR,ERR,ERR,ERR,ERR,ERR,ERR,ERR,ERR,ERR,ERR,ERR,ERR,ERR,ERR,ERR,ERR,ERR,ERR,ERR,ERR,ERR,ERR,ERR,ERR,ERR,ERR,ERR,ERR,ERR,ERR,ERR,ERR,ERR,ERR,ERR,ERR,ERR,ERR,ERR,ERR,ERR,ERR,ERR,ERR,ERR,ERR,ERR,ERR,ERR,ERR,ERR,ERR,ERR,ERR,ERR,ERR,ERR,ERR,ERR,ERR,ERR,ERR,ERR,ERR,ERR,ERR,ERR,ERR,ERR,ERR,ERR,ERR,2.7184312818759872e+23,0.0,-0.0,0.0,nan,1.3936040501711995e+18,7.805,-0.0,0,0,4,48932,6720,14723890282496.0,100,0.0,0.0,0.0,2.718290229135658e+23,0.0,0,0,0,0,0.0,0,0,0,0,0,0,0,0,0,0,0,0,0,0,0,0,0,0,0,0,0,0,0,0,0,0,0,0,0,0,0,0,0,26,51,50,76,65476,0,300,0,0,8,21553,0.0,-107605600.0,0.0,0.0,0.0,0.0,0.0,0.0,0.0,0.0,0.0,0.0,0.0,0.0,0.0,0.0,0.0,0.0,0.0,0.0,0.0,0.0,-2.004,2.004,-2.004,0.0,0.0,0.0,0.0,0.0,4774.0,-0.0,7284.0,2.7184312818759872e+23,0.0,-0.0,-107615392.0,0.0,0.0,0.0,0.0,77,0.0,2.718415789493269e+23,0.0,0.0,0.0,0.0,0.0,0.0,0.0,0,0,0,0.0,0.0,0.0,0.0,0.0,0.0,0.0,0.0,0.0,0.0,0.0,0.0,0.0,0.0,0.0,0.0,0,-107875648.0,77,0.0,154,0.0,0.0,ERR,ERR,ERR,ERR,ERR,ERR,ERR,ERR,ERR,ERR,ERR,ERR,ERR,ERR,ERR,ERR,ERR,ERR,ERR,ERR,ERR,ERR,ERR,ERR,ERR,ERR,ERR,ERR,ERR,ERR,ERR,ERR,ERR,ERR,ERR,ERR,ERR,ERR,ERR,ERR,ERR,ERR,ERR,ERR,ERR,ERR,ERR,ERR,ERR,ERR,ERR,ERR,ERR,ERR,ERR,ERR,ERR,ERR,ERR,ERR,ERR,ERR,ERR,ERR,ERR,ERR,ERR,34.0,80.0,35,0.0,0.0,0.0,0.0,0.0,0.0,0.0,0.0,0.0,0.0,0.0,0.0,0.0,0.0,0.0,0.0,65.6,0,120,58,53,65476,0,300,0,0,8,20529,65476,0,0,57672,80.0,0.0,0.0,0.0,0.0,0.0
2026-06-18T02:36:05,ERR,ERR,ERR,ERR,ERR,ERR,ERR,ERR,ERR,ERR,ERR,ERR,ERR,ERR,ERR,ERR,ERR,ERR,ERR,ERR,ERR,ERR,ERR,ERR,ERR,ERR,ERR,ERR,ERR,ERR,ERR,ERR,ERR,ERR,ERR,ERR,ERR,ERR,ERR,ERR,ERR,ERR,ERR,ERR,ERR,ERR,ERR,ERR,ERR,ERR,ERR,ERR,ERR,ERR,ERR,ERR,ERR,ERR,ERR,ERR,ERR,ERR,ERR,ERR,ERR,ERR,ERR,ERR,ERR,ERR,ERR,ERR,ERR,ERR,ERR,ERR,ERR,ERR,ERR,ERR,ERR,ERR,ERR,ERR,ERR,ERR,ERR,ERR,ERR,ERR,ERR,ERR,ERR,ERR,ERR,ERR,ERR,ERR,ERR,ERR,ERR,ERR,ERR,ERR,ERR,ERR,ERR,ERR,ERR,ERR,ERR,ERR,ERR,ERR,ERR,ERR,ERR,ERR,ERR,ERR,ERR,ERR,ERR,ERR,ERR,2.7184312818759872e+23,0.0,-0.0,0.0,nan,1.3936040501711995e+18,7.805,-0.0,0,0,4,48932,6720,14723890282496.0,100,0.0,0.0,0.0,2.718290229135658e+23,0.0,0,0,0,0,0.0,0,0,0,0,0,0,0,0,0,0,0,0,0,0,0,0,0,0,0,0,0,0,0,0,0,0,0,0,0,0,0,0,0,26,51,50,76,65476,0,300,0,0,8,21553,0.0,-107605600.0,0.0,0.0,0.0,0.0,0.0,0.0,0.0,0.0,0.0,0.0,0.0,0.0,0.0,0.0,0.0,0.0,0.0,0.0,0.0,0.0,-2.004,2.004,-2.004,0.0,0.0,0.0,0.0,0.0,4774.0,-0.0,7284.0,2.7184312818759872e+23,0.0,-0.0,-107615392.0,0.0,0.0,0.0,0.0,77,0.0,2.718415789493269e+23,0.0,0.0,0.0,0.0,0.0,0.0,0.0,0,0,0,0.0,0.0,0.0,0.0,0.0,0.0,0.0,0.0,0.0,0.0,0.0,0.0,0.0,0.0,0.0,0.0,0,-107875648.0,77,0.0,154,0.0,0.0,ERR,ERR,ERR,ERR,ERR,ERR,ERR,ERR,ERR,ERR,ERR,ERR,ERR,ERR,ERR,ERR,ERR,ERR,ERR,ERR,ERR,ERR,ERR,ERR,ERR,ERR,ERR,ERR,ERR,ERR,ERR,ERR,ERR,ERR,ERR,ERR,ERR,ERR,ERR,ERR,ERR,ERR,ERR,ERR,ERR,ERR,ERR,ERR,ERR,ERR,ERR,ERR,ERR,ERR,ERR,ERR,ERR,ERR,ERR,ERR,ERR,ERR,ERR,ERR,ERR,ERR,ERR,34.0,80.0,35,0.0,0.0,0.0,0.0,0.0,0.0,0.0,0.0,0.0,0.0,0.0,0.0,0.0,0.0,0.0,0.0,66.4,0,120,58,53,65476,0,300,0,0,8,20529,65476,0,0,57672,80.0,0.0,0.0,0.0,0.0,0.0
2026-06-18T02:36:06,ERR,ERR,ERR,ERR,ERR,ERR,ERR,ERR,ERR,ERR,ERR,ERR,ERR,ERR,ERR,ERR,ERR,ERR,ERR,ERR,ERR,ERR,ERR,ERR,ERR,ERR,ERR,ERR,ERR,ERR,ERR,ERR,ERR,ERR,ERR,ERR,ERR,ERR,ERR,ERR,ERR,ERR,ERR,ERR,ERR,ERR,ERR,ERR,ERR,ERR,ERR,ERR,ERR,ERR,ERR,ERR,ERR,ERR,ERR,ERR,ERR,ERR,ERR,ERR,ERR,ERR,ERR,ERR,ERR,ERR,ERR,ERR,ERR,ERR,ERR,ERR,ERR,ERR,ERR,ERR,ERR,ERR,ERR,ERR,ERR,ERR,ERR,ERR,ERR,ERR,ERR,ERR,ERR,ERR,ERR,ERR,ERR,ERR,ERR,ERR,ERR,ERR,ERR,ERR,ERR,ERR,ERR,ERR,ERR,ERR,ERR,ERR,ERR,ERR,ERR,ERR,ERR,ERR,ERR,ERR,ERR,ERR,ERR,ERR,ERR,2.7184312818759872e+23,0.0,-0.0,0.0,nan,1.3936040501711995e+18,7.805,-0.0,0,0,4,48932,6720,14723890282496.0,100,0.0,0.0,0.0,2.718290229135658e+23,0.0,0,0,0,0,0.0,0,0,0,0,0,0,0,0,0,0,0,0,0,0,0,0,0,0,0,0,0,0,0,0,0,0,0,0,0,0,0,0,0,26,51,50,76,65476,0,300,0,0,8,21553,0.0,-107605600.0,0.0,0.0,0.0,0.0,0.0,0.0,0.0,0.0,0.0,0.0,0.0,0.0,0.0,0.0,0.0,0.0,0.0,0.0,0.0,0.0,-2.004,2.004,-2.004,0.0,0.0,0.0,0.0,0.0,4774.0,-0.0,7284.0,2.7184312818759872e+23,0.0,-0.0,-107615392.0,0.0,0.0,0.0,0.0,77,0.0,2.718415789493269e+23,0.0,0.0,0.0,0.0,0.0,0.0,0.0,0,0,0,0.0,0.0,0.0,0.0,0.0,0.0,0.0,0.0,0.0,0.0,0.0,0.0,0.0,0.0,0.0,0.0,0,-107875648.0,77,0.0,154,0.0,0.0,ERR,ERR,ERR,ERR,ERR,ERR,ERR,ERR,ERR,ERR,ERR,ERR,ERR,ERR,ERR,ERR,ERR,ERR,ERR,ERR,ERR,ERR,ERR,ERR,ERR,ERR,ERR,ERR,ERR,ERR,ERR,ERR,ERR,ERR,ERR,ERR,ERR,ERR,ERR,ERR,ERR,ERR,ERR,ERR,ERR,ERR,ERR,ERR,ERR,ERR,ERR,ERR,ERR,ERR,ERR,ERR,ERR,ERR,ERR,ERR,ERR,ERR,ERR,ERR,ERR,ERR,ERR,34.0,80.0,35,0.0,0.0,0.0,0.0,0.0,0.0,0.0,0.0,0.0,0.0,0.0,0.0,0.0,0.0,0.0,0.0,66.4,0,120,58,53,65476,0,300,0,0,8,20529,65476,0,0,57672,80.0,0.0,0.0,0.0,0.0,0.0
2026-06-18T02:36:07,ERR,ERR,ERR,ERR,ERR,ERR,ERR,ERR,ERR,ERR,ERR,ERR,ERR,ERR,ERR,ERR,ERR,ERR,ERR,ERR,ERR,ERR,ERR,ERR,ERR,ERR,ERR,ERR,ERR,ERR,ERR,ERR,ERR,ERR,ERR,ERR,ERR,ERR,ERR,ERR,ERR,ERR,ERR,ERR,ERR,ERR,ERR,ERR,ERR,ERR,ERR,ERR,ERR,ERR,ERR,ERR,ERR,ERR,ERR,ERR,ERR,ERR,ERR,ERR,ERR,ERR,ERR,ERR,ERR,ERR,ERR,ERR,ERR,ERR,ERR,ERR,ERR,ERR,ERR,ERR,ERR,ERR,ERR,ERR,ERR,ERR,ERR,ERR,ERR,ERR,ERR,ERR,ERR,ERR,ERR,ERR,ERR,ERR,ERR,ERR,ERR,ERR,ERR,ERR,ERR,ERR,ERR,ERR,ERR,ERR,ERR,ERR,ERR,ERR,ERR,ERR,ERR,ERR,ERR,ERR,ERR,ERR,ERR,ERR,ERR,2.7184312818759872e+23,0.0,-0.0,0.0,nan,1.3936040501711995e+18,7.805,-0.0,0,0,4,48932,6720,14723890282496.0,100,0.0,0.0,0.0,2.718290229135658e+23,0.0,0,0,0,0,0.0,0,0,0,0,0,0,0,0,0,0,0,0,0,0,0,0,0,0,0,0,0,0,0,0,0,0,0,0,0,0,0,0,0,26,51,50,76,65476,0,300,0,0,8,21553,0.0,-107605600.0,0.0,0.0,0.0,0.0,0.0,0.0,0.0,0.0,0.0,0.0,0.0,0.0,0.0,0.0,0.0,0.0,0.0,0.0,0.0,0.0,-2.004,2.004,-2.004,0.0,0.0,0.0,0.0,0.0,4774.0,-0.0,7284.0,2.7184312818759872e+23,0.0,-0.0,-107615392.0,0.0,0.0,0.0,0.0,77,0.0,2.718415789493269e+23,0.0,0.0,0.0,0.0,0.0,0.0,0.0,0,0,0,0.0,0.0,0.0,0.0,0.0,0.0,0.0,0.0,0.0,0.0,0.0,0.0,0.0,0.0,0.0,0.0,0,-107875648.0,77,0.0,154,0.0,0.0,ERR,ERR,ERR,ERR,ERR,ERR,ERR,ERR,ERR,ERR,ERR,ERR,ERR,ERR,ERR,ERR,ERR,ERR,ERR,ERR,ERR,ERR,ERR,ERR,ERR,ERR,ERR,ERR,ERR,ERR,ERR,ERR,ERR,ERR,ERR,ERR,ERR,ERR,ERR,ERR,ERR,ERR,ERR,ERR,ERR,ERR,ERR,ERR,ERR,ERR,ERR,ERR,ERR,ERR,ERR,ERR,ERR,ERR,ERR,ERR,ERR,ERR,ERR,ERR,ERR,ERR,ERR,34.0,80.0,35,0.0,0.0,0.0,0.0,0.0,0.0,0.0,0.0,0.0,0.0,0.0,0.0,0.0,0.0,0.0,0.0,65.6,0,120,58,53,65476,0,300,0,0,8,20529,65476,0,0,57672,80.0,0.0,0.0,0.0,0.0,0.0
2026-06-18T02:36:08,ERR,ERR,ERR,ERR,ERR,ERR,ERR,ERR,ERR,ERR,ERR,ERR,ERR,ERR,ERR,ERR,ERR,ERR,ERR,ERR,ERR,ERR,ERR,ERR,ERR,ERR,ERR,ERR,ERR,ERR,ERR,ERR,ERR,ERR,ERR,ERR,ERR,ERR,ERR,ERR,ERR,ERR,ERR,ERR,ERR,ERR,ERR,ERR,ERR,ERR,ERR,ERR,ERR,ERR,ERR,ERR,ERR,ERR,ERR,ERR,ERR,ERR,ERR,ERR,ERR,ERR,ERR,ERR,ERR,ERR,ERR,ERR,ERR,ERR,ERR,ERR,ERR,ERR,ERR,ERR,ERR,ERR,ERR,ERR,ERR,ERR,ERR,ERR,ERR,ERR,ERR,ERR,ERR,ERR,ERR,ERR,ERR,ERR,ERR,ERR,ERR,ERR,ERR,ERR,ERR,ERR,ERR,ERR,ERR,ERR,ERR,ERR,ERR,ERR,ERR,ERR,ERR,ERR,ERR,ERR,ERR,ERR,ERR,ERR,ERR,2.7184312818759872e+23,0.0,-0.0,0.0,nan,1.3936040501711995e+18,7.805,-0.0,0,0,4,48932,6720,14723890282496.0,100,0.0,0.0,0.0,2.718290229135658e+23,0.0,0,0,0,0,0.0,0,0,0,0,0,0,0,0,0,0,0,0,0,0,0,0,0,0,0,0,0,0,0,0,0,0,0,0,0,0,0,0,0,26,51,50,76,65476,0,300,0,0,8,21553,0.0,-107605600.0,0.0,0.0,0.0,0.0,0.0,0.0,0.0,0.0,0.0,0.0,0.0,0.0,0.0,0.0,0.0,0.0,0.0,0.0,0.0,0.0,-2.004,2.004,-2.004,0.0,0.0,0.0,0.0,0.0,4774.0,-0.0,7284.0,2.7184312818759872e+23,0.0,-0.0,-107615392.0,0.0,0.0,0.0,0.0,77,0.0,2.718415789493269e+23,0.0,0.0,0.0,0.0,0.0,0.0,0.0,0,0,0,0.0,0.0,0.0,0.0,0.0,0.0,0.0,0.0,0.0,0.0,0.0,0.0,0.0,0.0,0.0,0.0,0,-107875648.0,77,0.0,154,0.0,0.0,ERR,ERR,ERR,ERR,ERR,ERR,ERR,ERR,ERR,ERR,ERR,ERR,ERR,ERR,ERR,ERR,ERR,ERR,ERR,ERR,ERR,ERR,ERR,ERR,ERR,ERR,ERR,ERR,ERR,ERR,ERR,ERR,ERR,ERR,ERR,ERR,ERR,ERR,ERR,ERR,ERR,ERR,ERR,ERR,ERR,ERR,ERR,ERR,ERR,ERR,ERR,ERR,ERR,ERR,ERR,ERR,ERR,ERR,ERR,ERR,ERR,ERR,ERR,ERR,ERR,ERR,ERR,34.0,80.0,35,0.0,0.0,0.0,0.0,0.0,0.0,0.0,0.0,0.0,0.0,0.0,0.0,0.0,0.0,0.0,0.0,65.6,0,120,58,53,65476,0,300,0,0,8,20529,65476,0,0,57672,80.0,0.0,0.0,0.0,0.0,0.0
2026-06-18T02:36:09,ERR,ERR,ERR,ERR,ERR,ERR,ERR,ERR,ERR,ERR,ERR,ERR,ERR,ERR,ERR,ERR,ERR,ERR,ERR,ERR,ERR,ERR,ERR,ERR,ERR,ERR,ERR,ERR,ERR,ERR,ERR,ERR,ERR,ERR,ERR,ERR,ERR,ERR,ERR,ERR,ERR,ERR,ERR,ERR,ERR,ERR,ERR,ERR,ERR,ERR,ERR,ERR,ERR,ERR,ERR,ERR,ERR,ERR,ERR,ERR,ERR,ERR,ERR,ERR,ERR,ERR,ERR,ERR,ERR,ERR,ERR,ERR,ERR,ERR,ERR,ERR,ERR,ERR,ERR,ERR,ERR,ERR,ERR,ERR,ERR,ERR,ERR,ERR,ERR,ERR,ERR,ERR,ERR,ERR,ERR,ERR,ERR,ERR,ERR,ERR,ERR,ERR,ERR,ERR,ERR,ERR,ERR,ERR,ERR,ERR,ERR,ERR,ERR,ERR,ERR,ERR,ERR,ERR,ERR,ERR,ERR,ERR,ERR,ERR,ERR,2.7184312818759872e+23,0.0,-0.0,0.0,nan,1.3936040501711995e+18,7.805,-0.0,0,0,4,48932,6720,14723890282496.0,100,0.0,0.0,0.0,2.718290229135658e+23,0.0,0,0,0,0,0.0,0,0,0,0,0,0,0,0,0,0,0,0,0,0,0,0,0,0,0,0,0,0,0,0,0,0,0,0,0,0,0,0,0,26,51,50,76,65476,0,300,0,0,8,21553,0.0,-107605600.0,0.0,0.0,0.0,0.0,0.0,0.0,0.0,0.0,0.0,0.0,0.0,0.0,0.0,0.0,0.0,0.0,0.0,0.0,0.0,0.0,-2.004,2.004,-2.004,0.0,0.0,0.0,0.0,0.0,4774.0,-0.0,7284.0,2.7184312818759872e+23,0.0,-0.0,-107615392.0,0.0,0.0,0.0,0.0,77,0.0,2.718415789493269e+23,0.0,0.0,0.0,0.0,0.0,0.0,0.0,0,0,0,0.0,0.0,0.0,0.0,0.0,0.0,0.0,0.0,0.0,0.0,0.0,0.0,0.0,0.0,0.0,0.0,0,-107875648.0,77,0.0,154,0.0,0.0,ERR,ERR,ERR,ERR,ERR,ERR,ERR,ERR,ERR,ERR,ERR,ERR,ERR,ERR,ERR,ERR,ERR,ERR,ERR,ERR,ERR,ERR,ERR,ERR,ERR,ERR,ERR,ERR,ERR,ERR,ERR,ERR,ERR,ERR,ERR,ERR,ERR,ERR,ERR,ERR,ERR,ERR,ERR,ERR,ERR,ERR,ERR,ERR,ERR,ERR,ERR,ERR,ERR,ERR,ERR,ERR,ERR,ERR,ERR,ERR,ERR,ERR,ERR,ERR,ERR,ERR,ERR,34.0,80.0,35,0.0,0.0,0.0,0.0,0.0,0.0,0.0,0.0,0.0,0.0,0.0,0.0,0.0,0.0,0.0,0.0,65.6,0,120,58,53,65476,0,300,0,0,8,20529,65476,0,0,57672,80.0,0.0,0.0,0.0,0.0,0.0
2026-06-18T02:36:10,ERR,ERR,ERR,ERR,ERR,ERR,ERR,ERR,ERR,ERR,ERR,ERR,ERR,ERR,ERR,ERR,ERR,ERR,ERR,ERR,ERR,ERR,ERR,ERR,ERR,ERR,ERR,ERR,ERR,ERR,ERR,ERR,ERR,ERR,ERR,ERR,ERR,ERR,ERR,ERR,ERR,ERR,ERR,ERR,ERR,ERR,ERR,ERR,ERR,ERR,ERR,ERR,ERR,ERR,ERR,ERR,ERR,ERR,ERR,ERR,ERR,ERR,ERR,ERR,ERR,ERR,ERR,ERR,ERR,ERR,ERR,ERR,ERR,ERR,ERR,ERR,ERR,ERR,ERR,ERR,ERR,ERR,ERR,ERR,ERR,ERR,ERR,ERR,ERR,ERR,ERR,ERR,ERR,ERR,ERR,ERR,ERR,ERR,ERR,ERR,ERR,ERR,ERR,ERR,ERR,ERR,ERR,ERR,ERR,ERR,ERR,ERR,ERR,ERR,ERR,ERR,ERR,ERR,ERR,ERR,ERR,ERR,ERR,ERR,ERR,2.7184312818759872e+23,0.0,-0.0,-4.9501291711397626e+32,nan,1.3936040501711995e+18,7.805,-0.0,0,0,4,48932,6720,14723890282496.0,100,0.0,0.0,0.0,-4.9501291711397626e+32,0.0,0,0,0,0,0.0,0,0,0,0,0,0,0,0,0,0,0,0,0,0,0,0,0,0,0,0,0,0,0,0,0,0,0,0,0,0,0,0,0,26,51,50,76,65476,0,300,0,0,8,21553,0.0,-107605600.0,0.0,0.0,0.0,0.0,0.0,0.0,0.0,0.0,0.0,0.0,0.0,0.0,0.0,0.0,0.0,0.0,0.0,0.0,0.0,0.0,-2.004,2.004,-2.004,0.0,0.0,0.0,0.0,0.0,4773.0,-0.0,7282.0,2.7184312818759872e+23,0.0,-0.0,-107615392.0,0.0,0.0,0.0,0.0,77,0.0,4.066850257910686e+29,0.0,0.0,0.0,0.0,0.0,0.0,0.0,0,0,0,0.0,0.0,0.0,0.0,0.0,0.0,0.0,0.0,0.0,0.0,0.0,0.0,0.0,0.0,0.0,0.0,0,-107875648.0,77,0.0,154,0.0,0.0,ERR,ERR,ERR,ERR,ERR,ERR,ERR,ERR,ERR,ERR,ERR,ERR,ERR,ERR,ERR,ERR,ERR,ERR,ERR,ERR,ERR,ERR,ERR,ERR,ERR,ERR,ERR,ERR,ERR,ERR,ERR,ERR,ERR,ERR,ERR,ERR,ERR,ERR,ERR,ERR,ERR,ERR,ERR,ERR,ERR,ERR,ERR,ERR,ERR,ERR,ERR,ERR,ERR,ERR,ERR,ERR,ERR,ERR,ERR,ERR,ERR,ERR,ERR,ERR,ERR,ERR,ERR,34.0,80.0,35,0.0,0.0,0.0,0.0,0.0,0.0,0.0,0.0,0.0,0.0,0.0,0.0,0.0,0.0,0.0,0.0,65.6,0,120,58,53,65476,0,300,0,0,8,20529,65476,0,0,57672,80.0,0.0,0.0,0.0,0.0,0.0
2026-06-18T02:36:11,ERR,ERR,ERR,ERR,ERR,ERR,ERR,ERR,ERR,ERR,ERR,ERR,ERR,ERR,ERR,ERR,ERR,ERR,ERR,ERR,ERR,ERR,ERR,ERR,ERR,ERR,ERR,ERR,ERR,ERR,ERR,ERR,ERR,ERR,ERR,ERR,ERR,ERR,ERR,ERR,ERR,ERR,ERR,ERR,ERR,ERR,ERR,ERR,ERR,ERR,ERR,ERR,ERR,ERR,ERR,ERR,ERR,ERR,ERR,ERR,ERR,ERR,ERR,ERR,ERR,ERR,ERR,ERR,ERR,ERR,ERR,ERR,ERR,ERR,ERR,ERR,ERR,ERR,ERR,ERR,ERR,ERR,ERR,ERR,ERR,ERR,ERR,ERR,ERR,ERR,ERR,ERR,ERR,ERR,ERR,ERR,ERR,ERR,ERR,ERR,ERR,ERR,ERR,ERR,ERR,ERR,ERR,ERR,ERR,ERR,ERR,ERR,ERR,ERR,ERR,ERR,ERR,ERR,ERR,ERR,ERR,ERR,ERR,ERR,ERR,2.7184312818759872e+23,0.0,-0.0,-4.9501291711397626e+32,nan,1.3936040501711995e+18,7.805,-0.0,0,0,4,48932,6720,14723890282496.0,100,0.0,0.0,0.0,-4.9501291711397626e+32,0.0,0,0,0,0,0.0,0,0,0,0,0,0,0,0,0,0,0,0,0,0,0,0,0,0,0,0,0,0,0,0,0,0,0,0,0,0,0,0,0,26,51,50,76,65476,0,300,0,0,8,21553,0.0,-107605600.0,0.0,0.0,0.0,0.0,0.0,0.0,0.0,0.0,0.0,0.0,0.0,0.0,0.0,0.0,0.0,0.0,0.0,0.0,0.0,0.0,-2.004,2.004,-2.004,0.0,0.0,0.0,0.0,0.0,4773.0,-0.0,7282.0,2.7184312818759872e+23,0.0,-0.0,-107615392.0,0.0,0.0,0.0,0.0,77,0.0,4.066850257910686e+29,0.0,0.0,0.0,0.0,0.0,0.0,0.0,0,0,0,0.0,0.0,0.0,0.0,0.0,0.0,0.0,0.0,0.0,0.0,0.0,0.0,0.0,0.0,0.0,0.0,0,-107875648.0,77,0.0,154,0.0,0.0,ERR,ERR,ERR,ERR,ERR,ERR,ERR,ERR,ERR,ERR,ERR,ERR,ERR,ERR,ERR,ERR,ERR,ERR,ERR,ERR,ERR,ERR,ERR,ERR,ERR,ERR,ERR,ERR,ERR,ERR,ERR,ERR,ERR,ERR,ERR,ERR,ERR,ERR,ERR,ERR,ERR,ERR,ERR,ERR,ERR,ERR,ERR,ERR,ERR,ERR,ERR,ERR,ERR,ERR,ERR,ERR,ERR,ERR,ERR,ERR,ERR,ERR,ERR,ERR,ERR,ERR,ERR,34.0,80.0,35,0.0,0.0,0.0,0.0,0.0,0.0,0.0,0.0,0.0,0.0,0.0,0.0,0.0,0.0,0.0,0.0,65.6,0,120,58,53,65476,0,300,0,0,8,20529,65476,0,0,57672,80.0,0.0,0.0,0.0,0.0,0.0
2026-06-18T02:36:12,ERR,ERR,ERR,ERR,ERR,ERR,ERR,ERR,ERR,ERR,ERR,ERR,ERR,ERR,ERR,ERR,ERR,ERR,ERR,ERR,ERR,ERR,ERR,ERR,ERR,ERR,ERR,ERR,ERR,ERR,ERR,ERR,ERR,ERR,ERR,ERR,ERR,ERR,ERR,ERR,ERR,ERR,ERR,ERR,ERR,ERR,ERR,ERR,ERR,ERR,ERR,ERR,ERR,ERR,ERR,ERR,ERR,ERR,ERR,ERR,ERR,ERR,ERR,ERR,ERR,ERR,ERR,ERR,ERR,ERR,ERR,ERR,ERR,ERR,ERR,ERR,ERR,ERR,ERR,ERR,ERR,ERR,ERR,ERR,ERR,ERR,ERR,ERR,ERR,ERR,ERR,ERR,ERR,ERR,ERR,ERR,ERR,ERR,ERR,ERR,ERR,ERR,ERR,ERR,ERR,ERR,ERR,ERR,ERR,ERR,ERR,ERR,ERR,ERR,ERR,ERR,ERR,ERR,ERR,ERR,ERR,ERR,ERR,ERR,ERR,2.7184312818759872e+23,0.0,-0.0,-4.9501291711397626e+32,nan,1.3936040501711995e+18,7.805,-0.0,0,0,4,48932,6720,14723890282496.0,100,0.0,0.0,0.0,-4.9501291711397626e+32,0.0,0,0,0,0,0.0,0,0,0,0,0,0,0,0,0,0,0,0,0,0,0,0,0,0,0,0,0,0,0,0,0,0,0,0,0,0,0,0,0,26,51,50,76,65476,0,300,0,0,8,21553,0.0,-107605600.0,0.0,0.0,0.0,0.0,0.0,0.0,0.0,0.0,0.0,0.0,0.0,0.0,0.0,0.0,0.0,0.0,0.0,0.0,0.0,0.0,-2.004,2.004,-2.004,0.0,0.0,0.0,0.0,0.0,4773.0,-0.0,7282.0,2.7184312818759872e+23,0.0,-0.0,-107615392.0,0.0,0.0,0.0,0.0,77,0.0,4.066850257910686e+29,0.0,0.0,0.0,0.0,0.0,0.0,0.0,0,0,0,0.0,0.0,0.0,0.0,0.0,0.0,0.0,0.0,0.0,0.0,0.0,0.0,0.0,0.0,0.0,0.0,0,-107875648.0,77,0.0,154,0.0,0.0,ERR,ERR,ERR,ERR,ERR,ERR,ERR,ERR,ERR,ERR,ERR,ERR,ERR,ERR,ERR,ERR,ERR,ERR,ERR,ERR,ERR,ERR,ERR,ERR,ERR,ERR,ERR,ERR,ERR,ERR,ERR,ERR,ERR,ERR,ERR,ERR,ERR,ERR,ERR,ERR,ERR,ERR,ERR,ERR,ERR,ERR,ERR,ERR,ERR,ERR,ERR,ERR,ERR,ERR,ERR,ERR,ERR,ERR,ERR,ERR,ERR,ERR,ERR,ERR,ERR,ERR,ERR,34.0,80.0,35,0.0,0.0,0.0,0.0,0.0,0.0,0.0,0.0,0.0,0.0,0.0,0.0,0.0,0.0,0.0,0.0,66.4,0,120,58,53,65476,0,300,0,0,8,20529,65476,0,0,57672,80.0,0.0,0.0,0.0,0.0,0.0
2026-06-18T02:36:13,ERR,ERR,ERR,ERR,ERR,ERR,ERR,ERR,ERR,ERR,ERR,ERR,ERR,ERR,ERR,ERR,ERR,ERR,ERR,ERR,ERR,ERR,ERR,ERR,ERR,ERR,ERR,ERR,ERR,ERR,ERR,ERR,ERR,ERR,ERR,ERR,ERR,ERR,ERR,ERR,ERR,ERR,ERR,ERR,ERR,ERR,ERR,ERR,ERR,ERR,ERR,ERR,ERR,ERR,ERR,ERR,ERR,ERR,ERR,ERR,ERR,ERR,ERR,ERR,ERR,ERR,ERR,ERR,ERR,ERR,ERR,ERR,ERR,ERR,ERR,ERR,ERR,ERR,ERR,ERR,ERR,ERR,ERR,ERR,ERR,ERR,ERR,ERR,ERR,ERR,ERR,ERR,ERR,ERR,ERR,ERR,ERR,ERR,ERR,ERR,ERR,ERR,ERR,ERR,ERR,ERR,ERR,ERR,ERR,ERR,ERR,ERR,ERR,ERR,ERR,ERR,ERR,ERR,ERR,ERR,ERR,ERR,ERR,ERR,ERR,2.7184312818759872e+23,0.0,-0.0,-4.9501291711397626e+32,nan,1.3936040501711995e+18,7.805,-0.0,0,0,4,48932,6720,14723890282496.0,100,0.0,0.0,0.0,-4.9501291711397626e+32,0.0,0,0,0,0,0.0,0,0,0,0,0,0,0,0,0,0,0,0,0,0,0,0,0,0,0,0,0,0,0,0,0,0,0,0,0,0,0,0,0,26,51,50,76,65476,0,300,0,0,8,21553,0.0,-107605600.0,0.0,0.0,0.0,0.0,0.0,0.0,0.0,0.0,0.0,0.0,0.0,0.0,0.0,0.0,0.0,0.0,0.0,0.0,0.0,0.0,-2.004,2.004,-2.004,0.0,0.0,0.0,0.0,0.0,4773.0,-0.0,7282.0,2.7184312818759872e+23,0.0,-0.0,-107615392.0,0.0,0.0,0.0,0.0,77,0.0,4.066850257910686e+29,0.0,0.0,0.0,0.0,0.0,0.0,0.0,0,0,0,0.0,0.0,0.0,0.0,0.0,0.0,0.0,0.0,0.0,0.0,0.0,0.0,0.0,0.0,0.0,0.0,0,-107875648.0,77,0.0,154,0.0,0.0,ERR,ERR,ERR,ERR,ERR,ERR,ERR,ERR,ERR,ERR,ERR,ERR,ERR,ERR,ERR,ERR,ERR,ERR,ERR,ERR,ERR,ERR,ERR,ERR,ERR,ERR,ERR,ERR,ERR,ERR,ERR,ERR,ERR,ERR,ERR,ERR,ERR,ERR,ERR,ERR,ERR,ERR,ERR,ERR,ERR,ERR,ERR,ERR,ERR,ERR,ERR,ERR,ERR,ERR,ERR,ERR,ERR,ERR,ERR,ERR,ERR,ERR,ERR,ERR,ERR,ERR,ERR,34.0,80.0,35,0.0,0.0,0.0,0.0,0.0,0.0,0.0,0.0,0.0,0.0,0.0,0.0,0.0,0.0,0.0,0.0,66.4,0,120,58,53,65476,0,300,0,0,8,20529,65476,0,0,57672,80.0,0.0,0.0,0.0,0.0,0.0
2026-06-18T02:36:14,ERR,ERR,ERR,ERR,ERR,ERR,ERR,ERR,ERR,ERR,ERR,ERR,ERR,ERR,ERR,ERR,ERR,ERR,ERR,ERR,ERR,ERR,ERR,ERR,ERR,ERR,ERR,ERR,ERR,ERR,ERR,ERR,ERR,ERR,ERR,ERR,ERR,ERR,ERR,ERR,ERR,ERR,ERR,ERR,ERR,ERR,ERR,ERR,ERR,ERR,ERR,ERR,ERR,ERR,ERR,ERR,ERR,ERR,ERR,ERR,ERR,ERR,ERR,ERR,ERR,ERR,ERR,ERR,ERR,ERR,ERR,ERR,ERR,ERR,ERR,ERR,ERR,ERR,ERR,ERR,ERR,ERR,ERR,ERR,ERR,ERR,ERR,ERR,ERR,ERR,ERR,ERR,ERR,ERR,ERR,ERR,ERR,ERR,ERR,ERR,ERR,ERR,ERR,ERR,ERR,ERR,ERR,ERR,ERR,ERR,ERR,ERR,ERR,ERR,ERR,ERR,ERR,ERR,ERR,ERR,ERR,ERR,ERR,ERR,ERR,2.7184312818759872e+23,0.0,-0.0,-4.9501291711397626e+32,nan,1.3936040501711995e+18,7.805,-0.0,0,0,4,48932,6720,14723890282496.0,100,0.0,0.0,0.0,-4.9501291711397626e+32,0.0,0,0,0,0,0.0,0,0,0,0,0,0,0,0,0,0,0,0,0,0,0,0,0,0,0,0,0,0,0,0,0,0,0,0,0,0,0,0,0,26,51,50,76,65476,0,300,0,0,8,21553,0.0,-107605600.0,0.0,0.0,0.0,0.0,0.0,0.0,0.0,0.0,0.0,0.0,0.0,0.0,0.0,0.0,0.0,0.0,0.0,0.0,0.0,0.0,-2.004,2.004,-2.004,0.0,0.0,0.0,0.0,0.0,4773.0,-0.0,7282.0,2.7184312818759872e+23,0.0,-0.0,-107615392.0,0.0,0.0,0.0,0.0,77,0.0,4.066850257910686e+29,0.0,0.0,0.0,0.0,0.0,0.0,0.0,0,0,0,0.0,0.0,0.0,0.0,0.0,0.0,0.0,0.0,0.0,0.0,0.0,0.0,0.0,0.0,0.0,0.0,0,-107875648.0,77,0.0,154,0.0,0.0,ERR,ERR,ERR,ERR,ERR,ERR,ERR,ERR,ERR,ERR,ERR,ERR,ERR,ERR,ERR,ERR,ERR,ERR,ERR,ERR,ERR,ERR,ERR,ERR,ERR,ERR,ERR,ERR,ERR,ERR,ERR,ERR,ERR,ERR,ERR,ERR,ERR,ERR,ERR,ERR,ERR,ERR,ERR,ERR,ERR,ERR,ERR,ERR,ERR,ERR,ERR,ERR,ERR,ERR,ERR,ERR,ERR,ERR,ERR,ERR,ERR,ERR,ERR,ERR,ERR,ERR,ERR,34.0,80.0,35,0.0,0.0,0.0,0.0,0.0,0.0,0.0,0.0,0.0,0.0,0.0,0.0,0.0,0.0,0.0,0.0,66.4,0,120,58,53,65476,0,300,0,0,8,20529,65476,0,0,57672,80.0,0.0,0.0,0.0,0.0,0.0
2026-06-18T02:36:15,ERR,ERR,ERR,ERR,ERR,ERR,ERR,ERR,ERR,ERR,ERR,ERR,ERR,ERR,ERR,ERR,ERR,ERR,ERR,ERR,ERR,ERR,ERR,ERR,ERR,ERR,ERR,ERR,ERR,ERR,ERR,ERR,ERR,ERR,ERR,ERR,ERR,ERR,ERR,ERR,ERR,ERR,ERR,ERR,ERR,ERR,ERR,ERR,ERR,ERR,ERR,ERR,ERR,ERR,ERR,ERR,ERR,ERR,ERR,ERR,ERR,ERR,ERR,ERR,ERR,ERR,ERR,ERR,ERR,ERR,ERR,ERR,ERR,ERR,ERR,ERR,ERR,ERR,ERR,ERR,ERR,ERR,ERR,ERR,ERR,ERR,ERR,ERR,ERR,ERR,ERR,ERR,ERR,ERR,ERR,ERR,ERR,ERR,ERR,ERR,ERR,ERR,ERR,ERR,ERR,ERR,ERR,ERR,ERR,ERR,ERR,ERR,ERR,ERR,ERR,ERR,ERR,ERR,ERR,ERR,ERR,ERR,ERR,ERR,ERR,2.7184312818759872e+23,0.0,-0.0,-0.0,nan,1.3936040501711995e+18,7.805,1.2122276757504e+16,0,0,4,48935,6720,14723890282496.0,100,0.0,0.0,0.0,-0.0,0.0,0,0,0,0,0.0,0,0,0,0,0,0,0,0,0,0,0,0,0,0,0,0,0,0,0,0,0,0,0,0,0,0,0,0,0,0,0,0,0,26,51,50,76,65476,0,300,0,0,8,21553,0.0,-107605600.0,0.0,0.0,0.0,0.0,0.0,0.0,0.0,0.0,0.0,0.0,0.0,0.0,0.0,0.0,0.0,0.0,0.0,0.0,0.0,0.0,-2.004,2.004,-2.004,0.0,0.0,0.0,0.0,0.0,4777.0,-0.0,7285.0,2.7184312818759872e+23,0.0,-0.0,-107615392.0,0.0,0.0,0.0,0.0,77,0.0,-0.0,0.0,0.0,0.0,0.0,0.0,0.0,0.0,0,0,0,0.0,0.0,0.0,0.0,0.0,0.0,0.0,0.0,0.0,0.0,0.0,0.0,0.0,0.0,0.0,0.0,0,-107875648.0,77,0.0,154,0.0,0.0,ERR,ERR,ERR,ERR,ERR,ERR,ERR,ERR,ERR,ERR,ERR,ERR,ERR,ERR,ERR,ERR,ERR,ERR,ERR,ERR,ERR,ERR,ERR,ERR,ERR,ERR,ERR,ERR,ERR,ERR,ERR,ERR,ERR,ERR,ERR,ERR,ERR,ERR,ERR,ERR,ERR,ERR,ERR,ERR,ERR,ERR,ERR,ERR,ERR,ERR,ERR,ERR,ERR,ERR,ERR,ERR,ERR,ERR,ERR,ERR,ERR,ERR,ERR,ERR,ERR,ERR,ERR,34.0,80.0,35,0.0,0.0,0.0,0.0,0.0,0.0,0.0,0.0,0.0,0.0,0.0,0.0,0.0,0.0,0.0,0.0,66.4,0,120,58,53,65476,0,300,0,0,8,20529,65476,0,0,57672,80.0,0.0,0.0,0.0,0.0,0.0
2026-06-18T02:36:16,ERR,ERR,ERR,ERR,ERR,ERR,ERR,ERR,ERR,ERR,ERR,ERR,ERR,ERR,ERR,ERR,ERR,ERR,ERR,ERR,ERR,ERR,ERR,ERR,ERR,ERR,ERR,ERR,ERR,ERR,ERR,ERR,ERR,ERR,ERR,ERR,ERR,ERR,ERR,ERR,ERR,ERR,ERR,ERR,ERR,ERR,ERR,ERR,ERR,ERR,ERR,ERR,ERR,ERR,ERR,ERR,ERR,ERR,ERR,ERR,ERR,ERR,ERR,ERR,ERR,ERR,ERR,ERR,ERR,ERR,ERR,ERR,ERR,ERR,ERR,ERR,ERR,ERR,ERR,ERR,ERR,ERR,ERR,ERR,ERR,ERR,ERR,ERR,ERR,ERR,ERR,ERR,ERR,ERR,ERR,ERR,ERR,ERR,ERR,ERR,ERR,ERR,ERR,ERR,ERR,ERR,ERR,ERR,ERR,ERR,ERR,ERR,ERR,ERR,ERR,ERR,ERR,ERR,ERR,ERR,ERR,ERR,ERR,ERR,ERR,2.7184312818759872e+23,0.0,-0.0,-0.0,nan,1.3936040501711995e+18,7.805,1.2122276757504e+16,0,0,4,48935,6720,14723890282496.0,100,0.0,0.0,0.0,-0.0,0.0,0,0,0,0,0.0,0,0,0,0,0,0,0,0,0,0,0,0,0,0,0,0,0,0,0,0,0,0,0,0,0,0,0,0,0,0,0,0,0,26,51,50,76,65476,0,300,0,0,8,21553,0.0,-107605600.0,0.0,0.0,0.0,0.0,0.0,0.0,0.0,0.0,0.0,0.0,0.0,0.0,0.0,0.0,0.0,0.0,0.0,0.0,0.0,0.0,-2.004,2.004,-2.004,0.0,0.0,0.0,0.0,0.0,4777.0,-0.0,7285.0,2.7184312818759872e+23,0.0,-0.0,-107615392.0,0.0,0.0,0.0,0.0,77,0.0,-0.0,0.0,0.0,0.0,0.0,0.0,0.0,0.0,0,0,0,0.0,0.0,0.0,0.0,0.0,0.0,0.0,0.0,0.0,0.0,0.0,0.0,0.0,0.0,0.0,0.0,0,-107875648.0,77,0.0,154,0.0,0.0,ERR,ERR,ERR,ERR,ERR,ERR,ERR,ERR,ERR,ERR,ERR,ERR,ERR,ERR,ERR,ERR,ERR,ERR,ERR,ERR,ERR,ERR,ERR,ERR,ERR,ERR,ERR,ERR,ERR,ERR,ERR,ERR,ERR,ERR,ERR,ERR,ERR,ERR,ERR,ERR,ERR,ERR,ERR,ERR,ERR,ERR,ERR,ERR,ERR,ERR,ERR,ERR,ERR,ERR,ERR,ERR,ERR,ERR,ERR,ERR,ERR,ERR,ERR,ERR,ERR,ERR,ERR,34.0,80.0,35,0.0,0.0,0.0,0.0,0.0,0.0,0.0,0.0,0.0,0.0,0.0,0.0,0.0,0.0,0.0,0.0,65.6,0,120,58,53,65476,0,300,0,0,8,20529,65476,0,0,57672,80.0,0.0,0.0,0.0,0.0,0.0
2026-06-18T02:36:17,ERR,ERR,ERR,ERR,ERR,ERR,ERR,ERR,ERR,ERR,ERR,ERR,ERR,ERR,ERR,ERR,ERR,ERR,ERR,ERR,ERR,ERR,ERR,ERR,ERR,ERR,ERR,ERR,ERR,ERR,ERR,ERR,ERR,ERR,ERR,ERR,ERR,ERR,ERR,ERR,ERR,ERR,ERR,ERR,ERR,ERR,ERR,ERR,ERR,ERR,ERR,ERR,ERR,ERR,ERR,ERR,ERR,ERR,ERR,ERR,ERR,ERR,ERR,ERR,ERR,ERR,ERR,ERR,ERR,ERR,ERR,ERR,ERR,ERR,ERR,ERR,ERR,ERR,ERR,ERR,ERR,ERR,ERR,ERR,ERR,ERR,ERR,ERR,ERR,ERR,ERR,ERR,ERR,ERR,ERR,ERR,ERR,ERR,ERR,ERR,ERR,ERR,ERR,ERR,ERR,ERR,ERR,ERR,ERR,ERR,ERR,ERR,ERR,ERR,ERR,ERR,ERR,ERR,ERR,ERR,ERR,ERR,ERR,ERR,ERR,2.7184312818759872e+23,0.0,-0.0,-0.0,nan,1.3936040501711995e+18,7.805,1.2122276757504e+16,0,0,4,48935,6720,14723890282496.0,100,0.0,0.0,0.0,-0.0,0.0,0,0,0,0,0.0,0,0,0,0,0,0,0,0,0,0,0,0,0,0,0,0,0,0,0,0,0,0,0,0,0,0,0,0,0,0,0,0,0,26,51,50,76,65476,0,300,0,0,8,21553,0.0,-107605600.0,0.0,0.0,0.0,0.0,0.0,0.0,0.0,0.0,0.0,0.0,0.0,0.0,0.0,0.0,0.0,0.0,0.0,0.0,0.0,0.0,-2.004,2.004,-2.004,0.0,0.0,0.0,0.0,0.0,4777.0,-0.0,7285.0,2.7184312818759872e+23,0.0,-0.0,-107615392.0,0.0,0.0,0.0,0.0,77,0.0,-0.0,0.0,0.0,0.0,0.0,0.0,0.0,0.0,0,0,0,0.0,0.0,0.0,0.0,0.0,0.0,0.0,0.0,0.0,0.0,0.0,0.0,0.0,0.0,0.0,0.0,0,-107875648.0,77,0.0,154,0.0,0.0,ERR,ERR,ERR,ERR,ERR,ERR,ERR,ERR,ERR,ERR,ERR,ERR,ERR,ERR,ERR,ERR,ERR,ERR,ERR,ERR,ERR,ERR,ERR,ERR,ERR,ERR,ERR,ERR,ERR,ERR,ERR,ERR,ERR,ERR,ERR,ERR,ERR,ERR,ERR,ERR,ERR,ERR,ERR,ERR,ERR,ERR,ERR,ERR,ERR,ERR,ERR,ERR,ERR,ERR,ERR,ERR,ERR,ERR,ERR,ERR,ERR,ERR,ERR,ERR,ERR,ERR,ERR,34.0,80.0,35,0.0,0.0,0.0,0.0,0.0,0.0,0.0,0.0,0.0,0.0,0.0,0.0,0.0,0.0,0.0,0.0,65.6,0,120,58,53,65476,0,300,0,0,8,20529,65476,0,0,57672,80.0,0.0,0.0,0.0,0.0,0.0
2026-06-18T02:36:18,ERR,ERR,ERR,ERR,ERR,ERR,ERR,ERR,ERR,ERR,ERR,ERR,ERR,ERR,ERR,ERR,ERR,ERR,ERR,ERR,ERR,ERR,ERR,ERR,ERR,ERR,ERR,ERR,ERR,ERR,ERR,ERR,ERR,ERR,ERR,ERR,ERR,ERR,ERR,ERR,ERR,ERR,ERR,ERR,ERR,ERR,ERR,ERR,ERR,ERR,ERR,ERR,ERR,ERR,ERR,ERR,ERR,ERR,ERR,ERR,ERR,ERR,ERR,ERR,ERR,ERR,ERR,ERR,ERR,ERR,ERR,ERR,ERR,ERR,ERR,ERR,ERR,ERR,ERR,ERR,ERR,ERR,ERR,ERR,ERR,ERR,ERR,ERR,ERR,ERR,ERR,ERR,ERR,ERR,ERR,ERR,ERR,ERR,ERR,ERR,ERR,ERR,ERR,ERR,ERR,ERR,ERR,ERR,ERR,ERR,ERR,ERR,ERR,ERR,ERR,ERR,ERR,ERR,ERR,ERR,ERR,ERR,ERR,ERR,ERR,2.7184312818759872e+23,0.0,-0.0,-0.0,nan,1.3936040501711995e+18,7.805,1.2122276757504e+16,0,0,4,48935,6720,14723890282496.0,100,0.0,0.0,0.0,-0.0,0.0,0,0,0,0,0.0,0,0,0,0,0,0,0,0,0,0,0,0,0,0,0,0,0,0,0,0,0,0,0,0,0,0,0,0,0,0,0,0,0,26,51,50,76,65476,0,300,0,0,8,21553,0.0,-107605600.0,0.0,0.0,0.0,0.0,0.0,0.0,0.0,0.0,0.0,0.0,0.0,0.0,0.0,0.0,0.0,0.0,0.0,0.0,0.0,0.0,-2.004,2.004,-2.004,0.0,0.0,0.0,0.0,0.0,4777.0,-0.0,7285.0,2.7184312818759872e+23,0.0,-0.0,-107615392.0,0.0,0.0,0.0,0.0,77,0.0,-0.0,0.0,0.0,0.0,0.0,0.0,0.0,0.0,0,0,0,0.0,0.0,0.0,0.0,0.0,0.0,0.0,0.0,0.0,0.0,0.0,0.0,0.0,0.0,0.0,0.0,0,-107875648.0,77,0.0,154,0.0,0.0,ERR,ERR,ERR,ERR,ERR,ERR,ERR,ERR,ERR,ERR,ERR,ERR,ERR,ERR,ERR,ERR,ERR,ERR,ERR,ERR,ERR,ERR,ERR,ERR,ERR,ERR,ERR,ERR,ERR,ERR,ERR,ERR,ERR,ERR,ERR,ERR,ERR,ERR,ERR,ERR,ERR,ERR,ERR,ERR,ERR,ERR,ERR,ERR,ERR,ERR,ERR,ERR,ERR,ERR,ERR,ERR,ERR,ERR,ERR,ERR,ERR,ERR,ERR,ERR,ERR,ERR,ERR,34.0,80.0,35,0.0,0.0,0.0,0.0,0.0,0.0,0.0,0.0,0.0,0.0,0.0,0.0,0.0,0.0,0.0,0.0,65.6,0,120,58,53,65476,0,300,0,0,8,20529,65476,0,0,57672,80.0,0.0,0.0,0.0,0.0,0.0
2026-06-18T02:36:19,ERR,ERR,ERR,ERR,ERR,ERR,ERR,ERR,ERR,ERR,ERR,ERR,ERR,ERR,ERR,ERR,ERR,ERR,ERR,ERR,ERR,ERR,ERR,ERR,ERR,ERR,ERR,ERR,ERR,ERR,ERR,ERR,ERR,ERR,ERR,ERR,ERR,ERR,ERR,ERR,ERR,ERR,ERR,ERR,ERR,ERR,ERR,ERR,ERR,ERR,ERR,ERR,ERR,ERR,ERR,ERR,ERR,ERR,ERR,ERR,ERR,ERR,ERR,ERR,ERR,ERR,ERR,ERR,ERR,ERR,ERR,ERR,ERR,ERR,ERR,ERR,ERR,ERR,ERR,ERR,ERR,ERR,ERR,ERR,ERR,ERR,ERR,ERR,ERR,ERR,ERR,ERR,ERR,ERR,ERR,ERR,ERR,ERR,ERR,ERR,ERR,ERR,ERR,ERR,ERR,ERR,ERR,ERR,ERR,ERR,ERR,ERR,ERR,ERR,ERR,ERR,ERR,ERR,ERR,ERR,ERR,ERR,ERR,ERR,ERR,2.7184312818759872e+23,0.0,-0.0,-0.0,nan,1.3936040501711995e+18,7.805,1.2122276757504e+16,0,0,4,48935,6720,14723890282496.0,100,0.0,0.0,0.0,-0.0,0.0,0,0,0,0,0.0,0,0,0,0,0,0,0,0,0,0,0,0,0,0,0,0,0,0,0,0,0,0,0,0,0,0,0,0,0,0,0,0,0,26,51,50,76,65476,0,300,0,0,8,21553,0.0,-107605600.0,0.0,0.0,0.0,0.0,0.0,0.0,0.0,0.0,0.0,0.0,0.0,0.0,0.0,0.0,0.0,0.0,0.0,0.0,0.0,0.0,-2.004,2.004,-2.004,0.0,0.0,0.0,0.0,0.0,4777.0,-0.0,7285.0,2.7184312818759872e+23,0.0,-0.0,-107615392.0,0.0,0.0,0.0,0.0,77,0.0,-0.0,0.0,0.0,0.0,0.0,0.0,0.0,0.0,0,0,0,0.0,0.0,0.0,0.0,0.0,0.0,0.0,0.0,0.0,0.0,0.0,0.0,0.0,0.0,0.0,0.0,0,-107875648.0,77,0.0,154,0.0,0.0,ERR,ERR,ERR,ERR,ERR,ERR,ERR,ERR,ERR,ERR,ERR,ERR,ERR,ERR,ERR,ERR,ERR,ERR,ERR,ERR,ERR,ERR,ERR,ERR,ERR,ERR,ERR,ERR,ERR,ERR,ERR,ERR,ERR,ERR,ERR,ERR,ERR,ERR,ERR,ERR,ERR,ERR,ERR,ERR,ERR,ERR,ERR,ERR,ERR,ERR,ERR,ERR,ERR,ERR,ERR,ERR,ERR,ERR,ERR,ERR,ERR,ERR,ERR,ERR,ERR,ERR,ERR,34.0,80.0,35,0.0,0.0,0.0,0.0,0.0,0.0,0.0,0.0,0.0,0.0,0.0,0.0,0.0,0.0,0.0,0.0,65.6,0,120,58,53,65476,0,300,0,0,8,20529,65476,0,0,57672,80.0,0.0,0.0,0.0,0.0,0.0
2026-06-18T02:36:20,ERR,ERR,ERR,ERR,ERR,ERR,ERR,ERR,ERR,ERR,ERR,ERR,ERR,ERR,ERR,ERR,ERR,ERR,ERR,ERR,ERR,ERR,ERR,ERR,ERR,ERR,ERR,ERR,ERR,ERR,ERR,ERR,ERR,ERR,ERR,ERR,ERR,ERR,ERR,ERR,ERR,ERR,ERR,ERR,ERR,ERR,ERR,ERR,ERR,ERR,ERR,ERR,ERR,ERR,ERR,ERR,ERR,ERR,ERR,ERR,ERR,ERR,ERR,ERR,ERR,ERR,ERR,ERR,ERR,ERR,ERR,ERR,ERR,ERR,ERR,ERR,ERR,ERR,ERR,ERR,ERR,ERR,ERR,ERR,ERR,ERR,ERR,ERR,ERR,ERR,ERR,ERR,ERR,ERR,ERR,ERR,ERR,ERR,ERR,ERR,ERR,ERR,ERR,ERR,ERR,ERR,ERR,ERR,ERR,ERR,ERR,ERR,ERR,ERR,ERR,ERR,ERR,ERR,ERR,ERR,ERR,ERR,ERR,ERR,ERR,2.7184312818759872e+23,0.0,-0.0,-152005385388032.0,nan,1.3936040501711995e+18,7.805,-1161942663168.0,0,0,4,48927,6720,14723890282496.0,100,0.0,0.0,0.0,0.0,0.0,0,0,0,0,0.0,0,0,0,0,0,0,0,0,0,0,0,0,0,0,0,0,0,0,0,0,0,0,0,0,0,0,0,0,0,0,0,0,0,26,51,50,76,65476,0,300,0,0,8,21553,0.0,-107605600.0,0.0,0.0,0.0,0.0,0.0,0.0,0.0,0.0,0.0,0.0,0.0,0.0,0.0,0.0,0.0,0.0,0.0,0.0,0.0,0.0,-2.004,2.004,-2.004,0.0,0.0,0.0,0.0,0.0,4777.0,-0.0,7285.0,2.7184312818759872e+23,0.0,-0.0,-107615392.0,0.0,0.0,0.0,0.0,77,0.0,-0.0,0.0,0.0,0.0,0.0,0.0,0.0,0.0,0,0,0,0.0,0.0,0.0,0.0,0.0,0.0,0.0,0.0,0.0,0.0,0.0,0.0,0.0,0.0,0.0,0.0,0,-107875648.0,77,0.0,154,0.0,0.0,ERR,ERR,ERR,ERR,ERR,ERR,ERR,ERR,ERR,ERR,ERR,ERR,ERR,ERR,ERR,ERR,ERR,ERR,ERR,ERR,ERR,ERR,ERR,ERR,ERR,ERR,ERR,ERR,ERR,ERR,ERR,ERR,ERR,ERR,ERR,ERR,ERR,ERR,ERR,ERR,ERR,ERR,ERR,ERR,ERR,ERR,ERR,ERR,ERR,ERR,ERR,ERR,ERR,ERR,ERR,ERR,ERR,ERR,ERR,ERR,ERR,ERR,ERR,ERR,ERR,ERR,ERR,34.0,80.0,35,0.0,0.0,0.0,0.0,0.0,0.0,0.0,0.0,0.0,0.0,0.0,0.0,0.0,0.0,0.0,0.0,65.6,0,120,58,53,65476,0,300,0,0,8,20529,65476,0,0,57672,80.0,0.0,0.0,0.0,0.0,0.0
2026-06-18T02:36:21,ERR,ERR,ERR,ERR,ERR,ERR,ERR,ERR,ERR,ERR,ERR,ERR,ERR,ERR,ERR,ERR,ERR,ERR,ERR,ERR,ERR,ERR,ERR,ERR,ERR,ERR,ERR,ERR,ERR,ERR,ERR,ERR,ERR,ERR,ERR,ERR,ERR,ERR,ERR,ERR,ERR,ERR,ERR,ERR,ERR,ERR,ERR,ERR,ERR,ERR,ERR,ERR,ERR,ERR,ERR,ERR,ERR,ERR,ERR,ERR,ERR,ERR,ERR,ERR,ERR,ERR,ERR,ERR,ERR,ERR,ERR,ERR,ERR,ERR,ERR,ERR,ERR,ERR,ERR,ERR,ERR,ERR,ERR,ERR,ERR,ERR,ERR,ERR,ERR,ERR,ERR,ERR,ERR,ERR,ERR,ERR,ERR,ERR,ERR,ERR,ERR,ERR,ERR,ERR,ERR,ERR,ERR,ERR,ERR,ERR,ERR,ERR,ERR,ERR,ERR,ERR,ERR,ERR,ERR,ERR,ERR,ERR,ERR,ERR,ERR,2.7184312818759872e+23,0.0,-0.0,-152005385388032.0,nan,1.3936040501711995e+18,7.805,-1161942663168.0,0,0,4,48927,6720,14723890282496.0,100,0.0,0.0,0.0,0.0,0.0,0,0,0,0,0.0,0,0,0,0,0,0,0,0,0,0,0,0,0,0,0,0,0,0,0,0,0,0,0,0,0,0,0,0,0,0,0,0,0,26,51,50,76,65476,0,300,0,0,8,21553,0.0,-107605600.0,0.0,0.0,0.0,0.0,0.0,0.0,0.0,0.0,0.0,0.0,0.0,0.0,0.0,0.0,0.0,0.0,0.0,0.0,0.0,0.0,-2.004,2.004,-2.004,0.0,0.0,0.0,0.0,0.0,4777.0,-0.0,7285.0,2.7184312818759872e+23,0.0,-0.0,-107615392.0,0.0,0.0,0.0,0.0,77,0.0,-0.0,0.0,0.0,0.0,0.0,0.0,0.0,0.0,0,0,0,0.0,0.0,0.0,0.0,0.0,0.0,0.0,0.0,0.0,0.0,0.0,0.0,0.0,0.0,0.0,0.0,0,-107875648.0,77,0.0,154,0.0,0.0,ERR,ERR,ERR,ERR,ERR,ERR,ERR,ERR,ERR,ERR,ERR,ERR,ERR,ERR,ERR,ERR,ERR,ERR,ERR,ERR,ERR,ERR,ERR,ERR,ERR,ERR,ERR,ERR,ERR,ERR,ERR,ERR,ERR,ERR,ERR,ERR,ERR,ERR,ERR,ERR,ERR,ERR,ERR,ERR,ERR,ERR,ERR,ERR,ERR,ERR,ERR,ERR,ERR,ERR,ERR,ERR,ERR,ERR,ERR,ERR,ERR,ERR,ERR,ERR,ERR,ERR,ERR,34.0,80.0,35,0.0,0.0,0.0,0.0,0.0,0.0,0.0,0.0,0.0,0.0,0.0,0.0,0.0,0.0,0.0,0.0,65.6,0,120,58,53,65476,0,300,0,0,8,20529,65476,0,0,57672,80.0,0.0,0.0,0.0,0.0,0.0
2026-06-18T02:36:22,ERR,ERR,ERR,ERR,ERR,ERR,ERR,ERR,ERR,ERR,ERR,ERR,ERR,ERR,ERR,ERR,ERR,ERR,ERR,ERR,ERR,ERR,ERR,ERR,ERR,ERR,ERR,ERR,ERR,ERR,ERR,ERR,ERR,ERR,ERR,ERR,ERR,ERR,ERR,ERR,ERR,ERR,ERR,ERR,ERR,ERR,ERR,ERR,ERR,ERR,ERR,ERR,ERR,ERR,ERR,ERR,ERR,ERR,ERR,ERR,ERR,ERR,ERR,ERR,ERR,ERR,ERR,ERR,ERR,ERR,ERR,ERR,ERR,ERR,ERR,ERR,ERR,ERR,ERR,ERR,ERR,ERR,ERR,ERR,ERR,ERR,ERR,ERR,ERR,ERR,ERR,ERR,ERR,ERR,ERR,ERR,ERR,ERR,ERR,ERR,ERR,ERR,ERR,ERR,ERR,ERR,ERR,ERR,ERR,ERR,ERR,ERR,ERR,ERR,ERR,ERR,ERR,ERR,ERR,ERR,ERR,ERR,ERR,ERR,ERR,2.7184312818759872e+23,0.0,-0.0,-152005385388032.0,nan,1.3936040501711995e+18,7.805,-1161942663168.0,0,0,4,48927,6720,14723890282496.0,100,0.0,0.0,0.0,0.0,0.0,0,0,0,0,0.0,0,0,0,0,0,0,0,0,0,0,0,0,0,0,0,0,0,0,0,0,0,0,0,0,0,0,0,0,0,0,0,0,0,26,51,50,76,65476,0,300,0,0,8,21553,0.0,-107605600.0,0.0,0.0,0.0,0.0,0.0,0.0,0.0,0.0,0.0,0.0,0.0,0.0,0.0,0.0,0.0,0.0,0.0,0.0,0.0,0.0,-2.004,2.004,-2.004,0.0,0.0,0.0,0.0,0.0,4777.0,-0.0,7285.0,2.7184312818759872e+23,0.0,-0.0,-107615392.0,0.0,0.0,0.0,0.0,77,0.0,-0.0,0.0,0.0,0.0,0.0,0.0,0.0,0.0,0,0,0,0.0,0.0,0.0,0.0,0.0,0.0,0.0,0.0,0.0,0.0,0.0,0.0,0.0,0.0,0.0,0.0,0,-107875648.0,77,0.0,154,0.0,0.0,ERR,ERR,ERR,ERR,ERR,ERR,ERR,ERR,ERR,ERR,ERR,ERR,ERR,ERR,ERR,ERR,ERR,ERR,ERR,ERR,ERR,ERR,ERR,ERR,ERR,ERR,ERR,ERR,ERR,ERR,ERR,ERR,ERR,ERR,ERR,ERR,ERR,ERR,ERR,ERR,ERR,ERR,ERR,ERR,ERR,ERR,ERR,ERR,ERR,ERR,ERR,ERR,ERR,ERR,ERR,ERR,ERR,ERR,ERR,ERR,ERR,ERR,ERR,ERR,ERR,ERR,ERR,34.0,80.0,35,0.0,0.0,0.0,0.0,0.0,0.0,0.0,0.0,0.0,0.0,0.0,0.0,0.0,0.0,0.0,0.0,65.6,0,120,58,53,65476,0,300,0,0,8,20529,65476,0,0,57672,80.0,0.0,0.0,0.0,0.0,0.0
2026-06-18T02:36:23,ERR,ERR,ERR,ERR,ERR,ERR,ERR,ERR,ERR,ERR,ERR,ERR,ERR,ERR,ERR,ERR,ERR,ERR,ERR,ERR,ERR,ERR,ERR,ERR,ERR,ERR,ERR,ERR,ERR,ERR,ERR,ERR,ERR,ERR,ERR,ERR,ERR,ERR,ERR,ERR,ERR,ERR,ERR,ERR,ERR,ERR,ERR,ERR,ERR,ERR,ERR,ERR,ERR,ERR,ERR,ERR,ERR,ERR,ERR,ERR,ERR,ERR,ERR,ERR,ERR,ERR,ERR,ERR,ERR,ERR,ERR,ERR,ERR,ERR,ERR,ERR,ERR,ERR,ERR,ERR,ERR,ERR,ERR,ERR,ERR,ERR,ERR,ERR,ERR,ERR,ERR,ERR,ERR,ERR,ERR,ERR,ERR,ERR,ERR,ERR,ERR,ERR,ERR,ERR,ERR,ERR,ERR,ERR,ERR,ERR,ERR,ERR,ERR,ERR,ERR,ERR,ERR,ERR,ERR,ERR,ERR,ERR,ERR,ERR,ERR,2.7184312818759872e+23,0.0,-0.0,-152005385388032.0,nan,1.3936040501711995e+18,7.805,-1161942663168.0,0,0,4,48927,6720,14723890282496.0,100,0.0,0.0,0.0,0.0,0.0,0,0,0,0,0.0,0,0,0,0,0,0,0,0,0,0,0,0,0,0,0,0,0,0,0,0,0,0,0,0,0,0,0,0,0,0,0,0,0,26,51,50,76,65476,0,300,0,0,8,21553,0.0,-107605600.0,0.0,0.0,0.0,0.0,0.0,0.0,0.0,0.0,0.0,0.0,0.0,0.0,0.0,0.0,0.0,0.0,0.0,0.0,0.0,0.0,-2.004,2.004,-2.004,0.0,0.0,0.0,0.0,0.0,4777.0,-0.0,7285.0,2.7184312818759872e+23,0.0,-0.0,-107615392.0,0.0,0.0,0.0,0.0,77,0.0,-0.0,0.0,0.0,0.0,0.0,0.0,0.0,0.0,0,0,0,0.0,0.0,0.0,0.0,0.0,0.0,0.0,0.0,0.0,0.0,0.0,0.0,0.0,0.0,0.0,0.0,0,-107875648.0,77,0.0,154,0.0,0.0,ERR,ERR,ERR,ERR,ERR,ERR,ERR,ERR,ERR,ERR,ERR,ERR,ERR,ERR,ERR,ERR,ERR,ERR,ERR,ERR,ERR,ERR,ERR,ERR,ERR,ERR,ERR,ERR,ERR,ERR,ERR,ERR,ERR,ERR,ERR,ERR,ERR,ERR,ERR,ERR,ERR,ERR,ERR,ERR,ERR,ERR,ERR,ERR,ERR,ERR,ERR,ERR,ERR,ERR,ERR,ERR,ERR,ERR,ERR,ERR,ERR,ERR,ERR,ERR,ERR,ERR,ERR,34.0,80.0,35,0.0,0.0,0.0,0.0,0.0,0.0,0.0,0.0,0.0,0.0,0.0,0.0,0.0,0.0,0.0,0.0,66.0,0,120,58,53,65476,0,300,0,0,8,20529,65476,0,0,57672,80.0,0.0,0.0,0.0,0.0,0.0
2026-06-18T02:36:24,ERR,ERR,ERR,ERR,ERR,ERR,ERR,ERR,ERR,ERR,ERR,ERR,ERR,ERR,ERR,ERR,ERR,ERR,ERR,ERR,ERR,ERR,ERR,ERR,ERR,ERR,ERR,ERR,ERR,ERR,ERR,ERR,ERR,ERR,ERR,ERR,ERR,ERR,ERR,ERR,ERR,ERR,ERR,ERR,ERR,ERR,ERR,ERR,ERR,ERR,ERR,ERR,ERR,ERR,ERR,ERR,ERR,ERR,ERR,ERR,ERR,ERR,ERR,ERR,ERR,ERR,ERR,ERR,ERR,ERR,ERR,ERR,ERR,ERR,ERR,ERR,ERR,ERR,ERR,ERR,ERR,ERR,ERR,ERR,ERR,ERR,ERR,ERR,ERR,ERR,ERR,ERR,ERR,ERR,ERR,ERR,ERR,ERR,ERR,ERR,ERR,ERR,ERR,ERR,ERR,ERR,ERR,ERR,ERR,ERR,ERR,ERR,ERR,ERR,ERR,ERR,ERR,ERR,ERR,ERR,ERR,ERR,ERR,ERR,ERR,2.7184312818759872e+23,0.0,-0.0,-152005385388032.0,nan,1.3936040501711995e+18,7.805,-1161942663168.0,0,0,4,48927,6720,14723890282496.0,100,0.0,0.0,0.0,0.0,0.0,0,0,0,0,0.0,0,0,0,0,0,0,0,0,0,0,0,0,0,0,0,0,0,0,0,0,0,0,0,0,0,0,0,0,0,0,0,0,0,26,51,50,76,65476,0,300,0,0,8,21553,0.0,-107605600.0,0.0,0.0,0.0,0.0,0.0,0.0,0.0,0.0,0.0,0.0,0.0,0.0,0.0,0.0,0.0,0.0,0.0,0.0,0.0,0.0,-2.004,2.004,-2.004,0.0,0.0,0.0,0.0,0.0,4777.0,-0.0,7285.0,2.7184312818759872e+23,0.0,-0.0,-107615392.0,0.0,0.0,0.0,0.0,77,0.0,-0.0,0.0,0.0,0.0,0.0,0.0,0.0,0.0,0,0,0,0.0,0.0,0.0,0.0,0.0,0.0,0.0,0.0,0.0,0.0,0.0,0.0,0.0,0.0,0.0,0.0,0,-107875648.0,77,0.0,154,0.0,0.0,ERR,ERR,ERR,ERR,ERR,ERR,ERR,ERR,ERR,ERR,ERR,ERR,ERR,ERR,ERR,ERR,ERR,ERR,ERR,ERR,ERR,ERR,ERR,ERR,ERR,ERR,ERR,ERR,ERR,ERR,ERR,ERR,ERR,ERR,ERR,ERR,ERR,ERR,ERR,ERR,ERR,ERR,ERR,ERR,ERR,ERR,ERR,ERR,ERR,ERR,ERR,ERR,ERR,ERR,ERR,ERR,ERR,ERR,ERR,ERR,ERR,ERR,ERR,ERR,ERR,ERR,ERR,34.0,80.0,35,0.0,0.0,0.0,0.0,0.0,0.0,0.0,0.0,0.0,0.0,0.0,0.0,0.0,0.0,0.0,0.0,66.0,0,120,58,53,65476,0,300,0,0,8,20529,65476,0,0,57672,80.0,0.0,0.0,0.0,0.0,0.0
2026-06-18T02:36:25,ERR,ERR,ERR,ERR,ERR,ERR,ERR,ERR,ERR,ERR,ERR,ERR,ERR,ERR,ERR,ERR,ERR,ERR,ERR,ERR,ERR,ERR,ERR,ERR,ERR,ERR,ERR,ERR,ERR,ERR,ERR,ERR,ERR,ERR,ERR,ERR,ERR,ERR,ERR,ERR,ERR,ERR,ERR,ERR,ERR,ERR,ERR,ERR,ERR,ERR,ERR,ERR,ERR,ERR,ERR,ERR,ERR,ERR,ERR,ERR,ERR,ERR,ERR,ERR,ERR,ERR,ERR,ERR,ERR,ERR,ERR,ERR,ERR,ERR,ERR,ERR,ERR,ERR,ERR,ERR,ERR,ERR,ERR,ERR,ERR,ERR,ERR,ERR,ERR,ERR,ERR,ERR,ERR,ERR,ERR,ERR,ERR,ERR,ERR,ERR,ERR,ERR,ERR,ERR,ERR,ERR,ERR,ERR,ERR,ERR,ERR,ERR,ERR,ERR,ERR,ERR,ERR,ERR,ERR,ERR,ERR,ERR,ERR,ERR,ERR,2.7184312818759872e+23,0.0,-0.0,-0.0,nan,1.3936040501711995e+18,7.805,1.2122276757504e+16,0,0,4,48930,6720,14723890282496.0,100,0.0,0.0,0.0,-0.0,0.0,0,0,0,0,0.0,0,0,0,0,0,0,0,0,0,0,0,0,0,0,0,0,0,0,0,0,0,0,0,0,0,0,0,0,0,0,0,0,0,26,51,50,76,65476,0,300,0,0,8,21553,0.0,-107605600.0,0.0,0.0,0.0,0.0,0.0,0.0,0.0,0.0,0.0,0.0,0.0,0.0,0.0,0.0,0.0,0.0,0.0,0.0,0.0,0.0,-2.004,2.004,-2.004,0.0,0.0,0.0,0.0,0.0,4773.0,-0.0,7282.0,2.7184312818759872e+23,0.0,-0.0,-107615392.0,0.0,0.0,0.0,0.0,77,0.0,-0.0,0.0,0.0,0.0,0.0,0.0,0.0,0.0,0,0,0,0.0,0.0,0.0,0.0,0.0,0.0,0.0,0.0,0.0,0.0,0.0,0.0,0.0,0.0,0.0,0.0,0,-107875648.0,77,0.0,154,0.0,0.0,ERR,ERR,ERR,ERR,ERR,ERR,ERR,ERR,ERR,ERR,ERR,ERR,ERR,ERR,ERR,ERR,ERR,ERR,ERR,ERR,ERR,ERR,ERR,ERR,ERR,ERR,ERR,ERR,ERR,ERR,ERR,ERR,ERR,ERR,ERR,ERR,ERR,ERR,ERR,ERR,ERR,ERR,ERR,ERR,ERR,ERR,ERR,ERR,ERR,ERR,ERR,ERR,ERR,ERR,ERR,ERR,ERR,ERR,ERR,ERR,ERR,ERR,ERR,ERR,ERR,ERR,ERR,34.0,80.0,35,0.0,0.0,0.0,0.0,0.0,0.0,0.0,0.0,0.0,0.0,0.0,0.0,0.0,0.0,0.0,0.0,65.6,0,120,58,53,65476,0,300,0,0,8,20529,65476,0,0,57672,80.0,0.0,0.0,0.0,0.0,0.0
2026-06-18T02:36:26,ERR,ERR,ERR,ERR,ERR,ERR,ERR,ERR,ERR,ERR,ERR,ERR,ERR,ERR,ERR,ERR,ERR,ERR,ERR,ERR,ERR,ERR,ERR,ERR,ERR,ERR,ERR,ERR,ERR,ERR,ERR,ERR,ERR,ERR,ERR,ERR,ERR,ERR,ERR,ERR,ERR,ERR,ERR,ERR,ERR,ERR,ERR,ERR,ERR,ERR,ERR,ERR,ERR,ERR,ERR,ERR,ERR,ERR,ERR,ERR,ERR,ERR,ERR,ERR,ERR,ERR,ERR,ERR,ERR,ERR,ERR,ERR,ERR,ERR,ERR,ERR,ERR,ERR,ERR,ERR,ERR,ERR,ERR,ERR,ERR,ERR,ERR,ERR,ERR,ERR,ERR,ERR,ERR,ERR,ERR,ERR,ERR,ERR,ERR,ERR,ERR,ERR,ERR,ERR,ERR,ERR,ERR,ERR,ERR,ERR,ERR,ERR,ERR,ERR,ERR,ERR,ERR,ERR,ERR,ERR,ERR,ERR,ERR,ERR,ERR,2.7184312818759872e+23,0.0,-0.0,-0.0,nan,1.3936040501711995e+18,7.805,1.2122276757504e+16,0,0,4,48930,6720,14723890282496.0,100,0.0,0.0,0.0,-0.0,0.0,0,0,0,0,0.0,0,0,0,0,0,0,0,0,0,0,0,0,0,0,0,0,0,0,0,0,0,0,0,0,0,0,0,0,0,0,0,0,0,26,51,50,76,65476,0,300,0,0,8,21553,0.0,-107605600.0,0.0,0.0,0.0,0.0,0.0,0.0,0.0,0.0,0.0,0.0,0.0,0.0,0.0,0.0,0.0,0.0,0.0,0.0,0.0,0.0,-2.004,2.004,-2.004,0.0,0.0,0.0,0.0,0.0,4773.0,-0.0,7282.0,2.7184312818759872e+23,0.0,-0.0,-107615392.0,0.0,0.0,0.0,0.0,77,0.0,-0.0,0.0,0.0,0.0,0.0,0.0,0.0,0.0,0,0,0,0.0,0.0,0.0,0.0,0.0,0.0,0.0,0.0,0.0,0.0,0.0,0.0,0.0,0.0,0.0,0.0,0,-107875648.0,77,0.0,154,0.0,0.0,ERR,ERR,ERR,ERR,ERR,ERR,ERR,ERR,ERR,ERR,ERR,ERR,ERR,ERR,ERR,ERR,ERR,ERR,ERR,ERR,ERR,ERR,ERR,ERR,ERR,ERR,ERR,ERR,ERR,ERR,ERR,ERR,ERR,ERR,ERR,ERR,ERR,ERR,ERR,ERR,ERR,ERR,ERR,ERR,ERR,ERR,ERR,ERR,ERR,ERR,ERR,ERR,ERR,ERR,ERR,ERR,ERR,ERR,ERR,ERR,ERR,ERR,ERR,ERR,ERR,ERR,ERR,34.0,80.0,35,0.0,0.0,0.0,0.0,0.0,0.0,0.0,0.0,0.0,0.0,0.0,0.0,0.0,0.0,0.0,0.0,65.6,0,120,58,53,65476,0,300,0,0,8,20529,65476,0,0,57672,80.0,0.0,0.0,0.0,0.0,0.0
2026-06-18T02:36:27,ERR,ERR,ERR,ERR,ERR,ERR,ERR,ERR,ERR,ERR,ERR,ERR,ERR,ERR,ERR,ERR,ERR,ERR,ERR,ERR,ERR,ERR,ERR,ERR,ERR,ERR,ERR,ERR,ERR,ERR,ERR,ERR,ERR,ERR,ERR,ERR,ERR,ERR,ERR,ERR,ERR,ERR,ERR,ERR,ERR,ERR,ERR,ERR,ERR,ERR,ERR,ERR,ERR,ERR,ERR,ERR,ERR,ERR,ERR,ERR,ERR,ERR,ERR,ERR,ERR,ERR,ERR,ERR,ERR,ERR,ERR,ERR,ERR,ERR,ERR,ERR,ERR,ERR,ERR,ERR,ERR,ERR,ERR,ERR,ERR,ERR,ERR,ERR,ERR,ERR,ERR,ERR,ERR,ERR,ERR,ERR,ERR,ERR,ERR,ERR,ERR,ERR,ERR,ERR,ERR,ERR,ERR,ERR,ERR,ERR,ERR,ERR,ERR,ERR,ERR,ERR,ERR,ERR,ERR,ERR,ERR,ERR,ERR,ERR,ERR,2.7184312818759872e+23,0.0,-0.0,-0.0,nan,1.3936040501711995e+18,7.805,1.2122276757504e+16,0,0,4,48930,6720,14723890282496.0,100,0.0,0.0,0.0,-0.0,0.0,0,0,0,0,0.0,0,0,0,0,0,0,0,0,0,0,0,0,0,0,0,0,0,0,0,0,0,0,0,0,0,0,0,0,0,0,0,0,0,26,51,50,76,65476,0,300,0,0,8,21553,0.0,-107605600.0,0.0,0.0,0.0,0.0,0.0,0.0,0.0,0.0,0.0,0.0,0.0,0.0,0.0,0.0,0.0,0.0,0.0,0.0,0.0,0.0,-2.004,2.004,-2.004,0.0,0.0,0.0,0.0,0.0,4773.0,-0.0,7282.0,2.7184312818759872e+23,0.0,-0.0,-107615392.0,0.0,0.0,0.0,0.0,77,0.0,-0.0,0.0,0.0,0.0,0.0,0.0,0.0,0.0,0,0,0,0.0,0.0,0.0,0.0,0.0,0.0,0.0,0.0,0.0,0.0,0.0,0.0,0.0,0.0,0.0,0.0,0,-107875648.0,77,0.0,154,0.0,0.0,ERR,ERR,ERR,ERR,ERR,ERR,ERR,ERR,ERR,ERR,ERR,ERR,ERR,ERR,ERR,ERR,ERR,ERR,ERR,ERR,ERR,ERR,ERR,ERR,ERR,ERR,ERR,ERR,ERR,ERR,ERR,ERR,ERR,ERR,ERR,ERR,ERR,ERR,ERR,ERR,ERR,ERR,ERR,ERR,ERR,ERR,ERR,ERR,ERR,ERR,ERR,ERR,ERR,ERR,ERR,ERR,ERR,ERR,ERR,ERR,ERR,ERR,ERR,ERR,ERR,ERR,ERR,34.0,80.0,35,0.0,0.0,0.0,0.0,0.0,0.0,0.0,0.0,0.0,0.0,0.0,0.0,0.0,0.0,0.0,0.0,65.6,0,120,58,53,65476,0,300,0,0,8,20529,65476,0,0,57672,80.0,0.0,0.0,0.0,0.0,0.0
2026-06-18T02:36:28,ERR,ERR,ERR,ERR,ERR,ERR,ERR,ERR,ERR,ERR,ERR,ERR,ERR,ERR,ERR,ERR,ERR,ERR,ERR,ERR,ERR,ERR,ERR,ERR,ERR,ERR,ERR,ERR,ERR,ERR,ERR,ERR,ERR,ERR,ERR,ERR,ERR,ERR,ERR,ERR,ERR,ERR,ERR,ERR,ERR,ERR,ERR,ERR,ERR,ERR,ERR,ERR,ERR,ERR,ERR,ERR,ERR,ERR,ERR,ERR,ERR,ERR,ERR,ERR,ERR,ERR,ERR,ERR,ERR,ERR,ERR,ERR,ERR,ERR,ERR,ERR,ERR,ERR,ERR,ERR,ERR,ERR,ERR,ERR,ERR,ERR,ERR,ERR,ERR,ERR,ERR,ERR,ERR,ERR,ERR,ERR,ERR,ERR,ERR,ERR,ERR,ERR,ERR,ERR,ERR,ERR,ERR,ERR,ERR,ERR,ERR,ERR,ERR,ERR,ERR,ERR,ERR,ERR,ERR,ERR,ERR,ERR,ERR,ERR,ERR,2.7184312818759872e+23,0.0,-0.0,-0.0,nan,1.3936040501711995e+18,7.805,1.2122276757504e+16,0,0,4,48930,6720,14723890282496.0,100,0.0,0.0,0.0,-0.0,0.0,0,0,0,0,0.0,0,0,0,0,0,0,0,0,0,0,0,0,0,0,0,0,0,0,0,0,0,0,0,0,0,0,0,0,0,0,0,0,0,26,51,50,76,65476,0,300,0,0,8,21553,0.0,-107605600.0,0.0,0.0,0.0,0.0,0.0,0.0,0.0,0.0,0.0,0.0,0.0,0.0,0.0,0.0,0.0,0.0,0.0,0.0,0.0,0.0,-2.004,2.004,-2.004,0.0,0.0,0.0,0.0,0.0,4773.0,-0.0,7282.0,2.7184312818759872e+23,0.0,-0.0,-107615392.0,0.0,0.0,0.0,0.0,77,0.0,-0.0,0.0,0.0,0.0,0.0,0.0,0.0,0.0,0,0,0,0.0,0.0,0.0,0.0,0.0,0.0,0.0,0.0,0.0,0.0,0.0,0.0,0.0,0.0,0.0,0.0,0,-107875648.0,77,0.0,154,0.0,0.0,ERR,ERR,ERR,ERR,ERR,ERR,ERR,ERR,ERR,ERR,ERR,ERR,ERR,ERR,ERR,ERR,ERR,ERR,ERR,ERR,ERR,ERR,ERR,ERR,ERR,ERR,ERR,ERR,ERR,ERR,ERR,ERR,ERR,ERR,ERR,ERR,ERR,ERR,ERR,ERR,ERR,ERR,ERR,ERR,ERR,ERR,ERR,ERR,ERR,ERR,ERR,ERR,ERR,ERR,ERR,ERR,ERR,ERR,ERR,ERR,ERR,ERR,ERR,ERR,ERR,ERR,ERR,34.0,80.0,35,0.0,0.0,0.0,0.0,0.0,0.0,0.0,0.0,0.0,0.0,0.0,0.0,0.0,0.0,0.0,0.0,65.6,0,120,58,53,65476,0,300,0,0,8,20529,65476,0,0,57672,80.0,0.0,0.0,0.0,0.0,0.0
2026-06-18T02:36:29,ERR,ERR,ERR,ERR,ERR,ERR,ERR,ERR,ERR,ERR,ERR,ERR,ERR,ERR,ERR,ERR,ERR,ERR,ERR,ERR,ERR,ERR,ERR,ERR,ERR,ERR,ERR,ERR,ERR,ERR,ERR,ERR,ERR,ERR,ERR,ERR,ERR,ERR,ERR,ERR,ERR,ERR,ERR,ERR,ERR,ERR,ERR,ERR,ERR,ERR,ERR,ERR,ERR,ERR,ERR,ERR,ERR,ERR,ERR,ERR,ERR,ERR,ERR,ERR,ERR,ERR,ERR,ERR,ERR,ERR,ERR,ERR,ERR,ERR,ERR,ERR,ERR,ERR,ERR,ERR,ERR,ERR,ERR,ERR,ERR,ERR,ERR,ERR,ERR,ERR,ERR,ERR,ERR,ERR,ERR,ERR,ERR,ERR,ERR,ERR,ERR,ERR,ERR,ERR,ERR,ERR,ERR,ERR,ERR,ERR,ERR,ERR,ERR,ERR,ERR,ERR,ERR,ERR,ERR,ERR,ERR,ERR,ERR,ERR,ERR,2.7184312818759872e+23,0.0,-0.0,-0.0,nan,1.3936040501711995e+18,7.805,1.2122276757504e+16,0,0,4,48930,6720,14723890282496.0,100,0.0,0.0,0.0,-0.0,0.0,0,0,0,0,0.0,0,0,0,0,0,0,0,0,0,0,0,0,0,0,0,0,0,0,0,0,0,0,0,0,0,0,0,0,0,0,0,0,0,26,51,50,76,65476,0,300,0,0,8,21553,0.0,-107605600.0,0.0,0.0,0.0,0.0,0.0,0.0,0.0,0.0,0.0,0.0,0.0,0.0,0.0,0.0,0.0,0.0,0.0,0.0,0.0,0.0,-2.004,2.004,-2.004,0.0,0.0,0.0,0.0,0.0,4773.0,-0.0,7282.0,2.7184312818759872e+23,0.0,-0.0,-107615392.0,0.0,0.0,0.0,0.0,77,0.0,-0.0,0.0,0.0,0.0,0.0,0.0,0.0,0.0,0,0,0,0.0,0.0,0.0,0.0,0.0,0.0,0.0,0.0,0.0,0.0,0.0,0.0,0.0,0.0,0.0,0.0,0,-107875648.0,77,0.0,154,0.0,0.0,ERR,ERR,ERR,ERR,ERR,ERR,ERR,ERR,ERR,ERR,ERR,ERR,ERR,ERR,ERR,ERR,ERR,ERR,ERR,ERR,ERR,ERR,ERR,ERR,ERR,ERR,ERR,ERR,ERR,ERR,ERR,ERR,ERR,ERR,ERR,ERR,ERR,ERR,ERR,ERR,ERR,ERR,ERR,ERR,ERR,ERR,ERR,ERR,ERR,ERR,ERR,ERR,ERR,ERR,ERR,ERR,ERR,ERR,ERR,ERR,ERR,ERR,ERR,ERR,ERR,ERR,ERR,34.0,80.0,35,0.0,0.0,0.0,0.0,0.0,0.0,0.0,0.0,0.0,0.0,0.0,0.0,0.0,0.0,0.0,0.0,65.6,0,120,58,53,65476,0,300,0,0,8,20529,65476,0,0,57672,80.0,0.0,0.0,0.0,0.0,0.0
2026-06-18T02:36:30,ERR,ERR,ERR,ERR,ERR,ERR,ERR,ERR,ERR,ERR,ERR,ERR,ERR,ERR,ERR,ERR,ERR,ERR,ERR,ERR,ERR,ERR,ERR,ERR,ERR,ERR,ERR,ERR,ERR,ERR,ERR,ERR,ERR,ERR,ERR,ERR,ERR,ERR,ERR,ERR,ERR,ERR,ERR,ERR,ERR,ERR,ERR,ERR,ERR,ERR,ERR,ERR,ERR,ERR,ERR,ERR,ERR,ERR,ERR,ERR,ERR,ERR,ERR,ERR,ERR,ERR,ERR,ERR,ERR,ERR,ERR,ERR,ERR,ERR,ERR,ERR,ERR,ERR,ERR,ERR,ERR,ERR,ERR,ERR,ERR,ERR,ERR,ERR,ERR,ERR,ERR,ERR,ERR,ERR,ERR,ERR,ERR,ERR,ERR,ERR,ERR,ERR,ERR,ERR,ERR,ERR,ERR,ERR,ERR,ERR,ERR,ERR,ERR,ERR,ERR,ERR,ERR,ERR,ERR,ERR,ERR,ERR,ERR,ERR,ERR,2.7184312818759872e+23,0.0,-0.0,-0.0,nan,1.3936040501711995e+18,7.805,1.2122276757504e+16,0,0,4,48930,6720,14723890282496.0,100,0.0,0.0,0.0,-0.0,0.0,0,0,0,0,0.0,0,0,0,0,0,0,0,0,0,0,0,0,0,0,0,0,0,0,0,0,0,0,0,0,0,0,0,0,0,0,0,0,0,26,51,50,76,65476,0,300,0,0,8,21553,0.0,-107605600.0,0.0,0.0,0.0,0.0,0.0,0.0,0.0,0.0,0.0,0.0,0.0,0.0,0.0,0.0,0.0,0.0,0.0,0.0,0.0,0.0,-2.004,2.004,-2.004,0.0,0.0,0.0,0.0,0.0,4773.0,-0.0,7282.0,2.7184312818759872e+23,0.0,-0.0,-107615392.0,0.0,0.0,0.0,0.0,77,0.0,-0.0,0.0,0.0,0.0,0.0,0.0,0.0,0.0,0,0,0,0.0,0.0,0.0,0.0,0.0,0.0,0.0,0.0,0.0,0.0,0.0,0.0,0.0,0.0,0.0,0.0,0,-107875648.0,77,0.0,154,0.0,0.0,ERR,ERR,ERR,ERR,ERR,ERR,ERR,ERR,ERR,ERR,ERR,ERR,ERR,ERR,ERR,ERR,ERR,ERR,ERR,ERR,ERR,ERR,ERR,ERR,ERR,ERR,ERR,ERR,ERR,ERR,ERR,ERR,ERR,ERR,ERR,ERR,ERR,ERR,ERR,ERR,ERR,ERR,ERR,ERR,ERR,ERR,ERR,ERR,ERR,ERR,ERR,ERR,ERR,ERR,ERR,ERR,ERR,ERR,ERR,ERR,ERR,ERR,ERR,ERR,ERR,ERR,ERR,34.0,80.0,35,0.0,0.0,0.0,0.0,0.0,0.0,0.0,0.0,0.0,0.0,0.0,0.0,0.0,0.0,0.0,0.0,65.6,0,120,58,53,65476,0,300,0,0,8,20529,65476,0,0,57672,80.0,0.0,0.0,0.0,0.0,0.0
2026-06-18T02:36:31,ERR,ERR,ERR,ERR,ERR,ERR,ERR,ERR,ERR,ERR,ERR,ERR,ERR,ERR,ERR,ERR,ERR,ERR,ERR,ERR,ERR,ERR,ERR,ERR,ERR,ERR,ERR,ERR,ERR,ERR,ERR,ERR,ERR,ERR,ERR,ERR,ERR,ERR,ERR,ERR,ERR,ERR,ERR,ERR,ERR,ERR,ERR,ERR,ERR,ERR,ERR,ERR,ERR,ERR,ERR,ERR,ERR,ERR,ERR,ERR,ERR,ERR,ERR,ERR,ERR,ERR,ERR,ERR,ERR,ERR,ERR,ERR,ERR,ERR,ERR,ERR,ERR,ERR,ERR,ERR,ERR,ERR,ERR,ERR,ERR,ERR,ERR,ERR,ERR,ERR,ERR,ERR,ERR,ERR,ERR,ERR,ERR,ERR,ERR,ERR,ERR,ERR,ERR,ERR,ERR,ERR,ERR,ERR,ERR,ERR,ERR,ERR,ERR,ERR,ERR,ERR,ERR,ERR,ERR,ERR,ERR,ERR,ERR,ERR,ERR,2.7184312818759872e+23,0.0,0.0,2.718290229135658e+23,-1.592,1.3936040501711995e+18,7.805,-0.0,0,0,4,48926,6720,14723890282496.0,100,0.0,0.0,0.0,0.0,0.0,0,0,0,0,0.0,0,0,0,0,0,0,0,0,0,0,0,0,0,0,0,0,0,0,0,0,0,0,0,0,0,0,0,0,0,0,0,0,0,26,51,50,76,65476,0,300,0,0,8,21553,0.0,-107605600.0,0.0,0.0,0.0,0.0,0.0,0.0,0.0,0.0,0.0,0.0,0.0,0.0,0.0,0.0,0.0,0.0,0.0,0.0,0.0,0.0,-2.004,2.004,-2.004,0.0,0.0,0.0,0.0,0.0,4777.0,-0.0,7286.0,2.7184312818759872e+23,0.0,-0.0,-107615392.0,0.0,0.0,0.0,0.0,77,0.0,-0.0,0.0,0.0,0.0,0.0,0.0,0.0,0.0,0,0,0,0.0,0.0,0.0,0.0,0.0,0.0,0.0,0.0,0.0,0.0,0.0,0.0,0.0,0.0,0.0,0.0,0,-107875648.0,77,0.0,154,0.0,0.0,ERR,ERR,ERR,ERR,ERR,ERR,ERR,ERR,ERR,ERR,ERR,ERR,ERR,ERR,ERR,ERR,ERR,ERR,ERR,ERR,ERR,ERR,ERR,ERR,ERR,ERR,ERR,ERR,ERR,ERR,ERR,ERR,ERR,ERR,ERR,ERR,ERR,ERR,ERR,ERR,ERR,ERR,ERR,ERR,ERR,ERR,ERR,ERR,ERR,ERR,ERR,ERR,ERR,ERR,ERR,ERR,ERR,ERR,ERR,ERR,ERR,ERR,ERR,ERR,ERR,ERR,ERR,34.0,80.0,35,0.0,0.0,0.0,0.0,0.0,0.0,0.0,0.0,0.0,0.0,0.0,0.0,0.0,0.0,0.0,0.0,65.6,0,120,58,53,65476,0,300,0,0,8,20529,65476,0,0,57672,80.0,0.0,0.0,0.0,0.0,0.0
2026-06-18T02:36:32,ERR,ERR,ERR,ERR,ERR,ERR,ERR,ERR,ERR,ERR,ERR,ERR,ERR,ERR,ERR,ERR,ERR,ERR,ERR,ERR,ERR,ERR,ERR,ERR,ERR,ERR,ERR,ERR,ERR,ERR,ERR,ERR,ERR,ERR,ERR,ERR,ERR,ERR,ERR,ERR,ERR,ERR,ERR,ERR,ERR,ERR,ERR,ERR,ERR,ERR,ERR,ERR,ERR,ERR,ERR,ERR,ERR,ERR,ERR,ERR,ERR,ERR,ERR,ERR,ERR,ERR,ERR,ERR,ERR,ERR,ERR,ERR,ERR,ERR,ERR,ERR,ERR,ERR,ERR,ERR,ERR,ERR,ERR,ERR,ERR,ERR,ERR,ERR,ERR,ERR,ERR,ERR,ERR,ERR,ERR,ERR,ERR,ERR,ERR,ERR,ERR,ERR,ERR,ERR,ERR,ERR,ERR,ERR,ERR,ERR,ERR,ERR,ERR,ERR,ERR,ERR,ERR,ERR,ERR,ERR,ERR,ERR,ERR,ERR,ERR,2.7184312818759872e+23,0.0,0.0,2.718290229135658e+23,-1.592,1.3936040501711995e+18,7.805,-0.0,0,0,4,48926,6720,14723890282496.0,100,0.0,0.0,0.0,0.0,0.0,0,0,0,0,0.0,0,0,0,0,0,0,0,0,0,0,0,0,0,0,0,0,0,0,0,0,0,0,0,0,0,0,0,0,0,0,0,0,0,26,51,50,76,65476,0,300,0,0,8,21553,0.0,-107605600.0,0.0,0.0,0.0,0.0,0.0,0.0,0.0,0.0,0.0,0.0,0.0,0.0,0.0,0.0,0.0,0.0,0.0,0.0,0.0,0.0,-2.004,2.004,-2.004,0.0,0.0,0.0,0.0,0.0,4777.0,-0.0,7286.0,2.7184312818759872e+23,0.0,-0.0,-107615392.0,0.0,0.0,0.0,0.0,77,0.0,-0.0,0.0,0.0,0.0,0.0,0.0,0.0,0.0,0,0,0,0.0,0.0,0.0,0.0,0.0,0.0,0.0,0.0,0.0,0.0,0.0,0.0,0.0,0.0,0.0,0.0,0,-107875648.0,77,0.0,154,0.0,0.0,ERR,ERR,ERR,ERR,ERR,ERR,ERR,ERR,ERR,ERR,ERR,ERR,ERR,ERR,ERR,ERR,ERR,ERR,ERR,ERR,ERR,ERR,ERR,ERR,ERR,ERR,ERR,ERR,ERR,ERR,ERR,ERR,ERR,ERR,ERR,ERR,ERR,ERR,ERR,ERR,ERR,ERR,ERR,ERR,ERR,ERR,ERR,ERR,ERR,ERR,ERR,ERR,ERR,ERR,ERR,ERR,ERR,ERR,ERR,ERR,ERR,ERR,ERR,ERR,ERR,ERR,ERR,34.0,80.0,35,0.0,0.0,0.0,0.0,0.0,0.0,0.0,0.0,0.0,0.0,0.0,0.0,0.0,0.0,0.0,0.0,65.6,0,120,58,53,65476,0,300,0,0,8,20529,65476,0,0,57672,80.0,0.0,0.0,0.0,0.0,0.0
2026-06-18T02:36:33,ERR,ERR,ERR,ERR,ERR,ERR,ERR,ERR,ERR,ERR,ERR,ERR,ERR,ERR,ERR,ERR,ERR,ERR,ERR,ERR,ERR,ERR,ERR,ERR,ERR,ERR,ERR,ERR,ERR,ERR,ERR,ERR,ERR,ERR,ERR,ERR,ERR,ERR,ERR,ERR,ERR,ERR,ERR,ERR,ERR,ERR,ERR,ERR,ERR,ERR,ERR,ERR,ERR,ERR,ERR,ERR,ERR,ERR,ERR,ERR,ERR,ERR,ERR,ERR,ERR,ERR,ERR,ERR,ERR,ERR,ERR,ERR,ERR,ERR,ERR,ERR,ERR,ERR,ERR,ERR,ERR,ERR,ERR,ERR,ERR,ERR,ERR,ERR,ERR,ERR,ERR,ERR,ERR,ERR,ERR,ERR,ERR,ERR,ERR,ERR,ERR,ERR,ERR,ERR,ERR,ERR,ERR,ERR,ERR,ERR,ERR,ERR,ERR,ERR,ERR,ERR,ERR,ERR,ERR,ERR,ERR,ERR,ERR,ERR,ERR,2.7184312818759872e+23,0.0,0.0,2.718290229135658e+23,-1.592,1.3936040501711995e+18,7.805,-0.0,0,0,4,48926,6720,14723890282496.0,100,0.0,0.0,0.0,0.0,0.0,0,0,0,0,0.0,0,0,0,0,0,0,0,0,0,0,0,0,0,0,0,0,0,0,0,0,0,0,0,0,0,0,0,0,0,0,0,0,0,26,51,50,76,65476,0,300,0,0,8,21553,0.0,-107605600.0,0.0,0.0,0.0,0.0,0.0,0.0,0.0,0.0,0.0,0.0,0.0,0.0,0.0,0.0,0.0,0.0,0.0,0.0,0.0,0.0,-2.004,2.004,-2.004,0.0,0.0,0.0,0.0,0.0,4777.0,-0.0,7286.0,2.7184312818759872e+23,0.0,-0.0,-107615392.0,0.0,0.0,0.0,0.0,77,0.0,-0.0,0.0,0.0,0.0,0.0,0.0,0.0,0.0,0,0,0,0.0,0.0,0.0,0.0,0.0,0.0,0.0,0.0,0.0,0.0,0.0,0.0,0.0,0.0,0.0,0.0,0,-107875648.0,77,0.0,154,0.0,0.0,ERR,ERR,ERR,ERR,ERR,ERR,ERR,ERR,ERR,ERR,ERR,ERR,ERR,ERR,ERR,ERR,ERR,ERR,ERR,ERR,ERR,ERR,ERR,ERR,ERR,ERR,ERR,ERR,ERR,ERR,ERR,ERR,ERR,ERR,ERR,ERR,ERR,ERR,ERR,ERR,ERR,ERR,ERR,ERR,ERR,ERR,ERR,ERR,ERR,ERR,ERR,ERR,ERR,ERR,ERR,ERR,ERR,ERR,ERR,ERR,ERR,ERR,ERR,ERR,ERR,ERR,ERR,34.0,80.0,35,0.0,0.0,0.0,0.0,0.0,0.0,0.0,0.0,0.0,0.0,0.0,0.0,0.0,0.0,0.0,0.0,65.6,0,120,58,53,65476,0,300,0,0,8,20529,65476,0,0,57672,80.0,0.0,0.0,0.0,0.0,0.0
2026-06-18T02:36:34,ERR,ERR,ERR,ERR,ERR,ERR,ERR,ERR,ERR,ERR,ERR,ERR,ERR,ERR,ERR,ERR,ERR,ERR,ERR,ERR,ERR,ERR,ERR,ERR,ERR,ERR,ERR,ERR,ERR,ERR,ERR,ERR,ERR,ERR,ERR,ERR,ERR,ERR,ERR,ERR,ERR,ERR,ERR,ERR,ERR,ERR,ERR,ERR,ERR,ERR,ERR,ERR,ERR,ERR,ERR,ERR,ERR,ERR,ERR,ERR,ERR,ERR,ERR,ERR,ERR,ERR,ERR,ERR,ERR,ERR,ERR,ERR,ERR,ERR,ERR,ERR,ERR,ERR,ERR,ERR,ERR,ERR,ERR,ERR,ERR,ERR,ERR,ERR,ERR,ERR,ERR,ERR,ERR,ERR,ERR,ERR,ERR,ERR,ERR,ERR,ERR,ERR,ERR,ERR,ERR,ERR,ERR,ERR,ERR,ERR,ERR,ERR,ERR,ERR,ERR,ERR,ERR,ERR,ERR,ERR,ERR,ERR,ERR,ERR,ERR,2.7184312818759872e+23,0.0,0.0,2.718290229135658e+23,-1.592,1.3936040501711995e+18,7.805,-0.0,0,0,4,48926,6720,14723890282496.0,100,0.0,0.0,0.0,0.0,0.0,0,0,0,0,0.0,0,0,0,0,0,0,0,0,0,0,0,0,0,0,0,0,0,0,0,0,0,0,0,0,0,0,0,0,0,0,0,0,0,26,51,50,76,65476,0,300,0,0,8,21553,0.0,-107605600.0,0.0,0.0,0.0,0.0,0.0,0.0,0.0,0.0,0.0,0.0,0.0,0.0,0.0,0.0,0.0,0.0,0.0,0.0,0.0,0.0,-2.004,2.004,-2.004,0.0,0.0,0.0,0.0,0.0,4777.0,-0.0,7286.0,2.7184312818759872e+23,0.0,-0.0,-107615392.0,0.0,0.0,0.0,0.0,77,0.0,-0.0,0.0,0.0,0.0,0.0,0.0,0.0,0.0,0,0,0,0.0,0.0,0.0,0.0,0.0,0.0,0.0,0.0,0.0,0.0,0.0,0.0,0.0,0.0,0.0,0.0,0,-107875648.0,77,0.0,154,0.0,0.0,ERR,ERR,ERR,ERR,ERR,ERR,ERR,ERR,ERR,ERR,ERR,ERR,ERR,ERR,ERR,ERR,ERR,ERR,ERR,ERR,ERR,ERR,ERR,ERR,ERR,ERR,ERR,ERR,ERR,ERR,ERR,ERR,ERR,ERR,ERR,ERR,ERR,ERR,ERR,ERR,ERR,ERR,ERR,ERR,ERR,ERR,ERR,ERR,ERR,ERR,ERR,ERR,ERR,ERR,ERR,ERR,ERR,ERR,ERR,ERR,ERR,ERR,ERR,ERR,ERR,ERR,ERR,34.0,80.0,35,0.0,0.0,0.0,0.0,0.0,0.0,0.0,0.0,0.0,0.0,0.0,0.0,0.0,0.0,0.0,0.0,66.4,0,120,58,53,65476,0,300,0,0,8,20529,65476,0,0,57672,80.0,0.0,0.0,0.0,0.0,0.0
2026-06-18T02:36:35,ERR,ERR,ERR,ERR,ERR,ERR,ERR,ERR,ERR,ERR,ERR,ERR,ERR,ERR,ERR,ERR,ERR,ERR,ERR,ERR,ERR,ERR,ERR,ERR,ERR,ERR,ERR,ERR,ERR,ERR,ERR,ERR,ERR,ERR,ERR,ERR,ERR,ERR,ERR,ERR,ERR,ERR,ERR,ERR,ERR,ERR,ERR,ERR,ERR,ERR,ERR,ERR,ERR,ERR,ERR,ERR,ERR,ERR,ERR,ERR,ERR,ERR,ERR,ERR,ERR,ERR,ERR,ERR,ERR,ERR,ERR,ERR,ERR,ERR,ERR,ERR,ERR,ERR,ERR,ERR,ERR,ERR,ERR,ERR,ERR,ERR,ERR,ERR,ERR,ERR,ERR,ERR,ERR,ERR,ERR,ERR,ERR,ERR,ERR,ERR,ERR,ERR,ERR,ERR,ERR,ERR,ERR,ERR,ERR,ERR,ERR,ERR,ERR,ERR,ERR,ERR,ERR,ERR,ERR,ERR,ERR,ERR,ERR,ERR,ERR,2.7184312818759872e+23,0.0,0.0,2.718290229135658e+23,-1.592,1.3936040501711995e+18,7.805,-0.0,0,0,4,48926,6720,14723890282496.0,100,0.0,0.0,0.0,0.0,0.0,0,0,0,0,0.0,0,0,0,0,0,0,0,0,0,0,0,0,0,0,0,0,0,0,0,0,0,0,0,0,0,0,0,0,0,0,0,0,0,26,51,50,76,65476,0,300,0,0,8,21553,0.0,-107605600.0,0.0,0.0,0.0,0.0,0.0,0.0,0.0,0.0,0.0,0.0,0.0,0.0,0.0,0.0,0.0,0.0,0.0,0.0,0.0,0.0,-2.004,2.004,-2.004,0.0,0.0,0.0,0.0,0.0,4777.0,-0.0,7286.0,2.7184312818759872e+23,0.0,-0.0,-107615392.0,0.0,0.0,0.0,0.0,77,0.0,-0.0,0.0,0.0,0.0,0.0,0.0,0.0,0.0,0,0,0,0.0,0.0,0.0,0.0,0.0,0.0,0.0,0.0,0.0,0.0,0.0,0.0,0.0,0.0,0.0,0.0,0,-107875648.0,77,0.0,154,0.0,0.0,ERR,ERR,ERR,ERR,ERR,ERR,ERR,ERR,ERR,ERR,ERR,ERR,ERR,ERR,ERR,ERR,ERR,ERR,ERR,ERR,ERR,ERR,ERR,ERR,ERR,ERR,ERR,ERR,ERR,ERR,ERR,ERR,ERR,ERR,ERR,ERR,ERR,ERR,ERR,ERR,ERR,ERR,ERR,ERR,ERR,ERR,ERR,ERR,ERR,ERR,ERR,ERR,ERR,ERR,ERR,ERR,ERR,ERR,ERR,ERR,ERR,ERR,ERR,ERR,ERR,ERR,ERR,34.0,80.0,35,0.0,0.0,0.0,0.0,0.0,0.0,0.0,0.0,0.0,0.0,0.0,0.0,0.0,0.0,0.0,0.0,66.4,0,120,58,53,65476,0,300,0,0,8,20529,65476,0,0,57672,80.0,0.0,0.0,0.0,0.0,0.0
2026-06-18T02:36:36,ERR,ERR,ERR,ERR,ERR,ERR,ERR,ERR,ERR,ERR,ERR,ERR,ERR,ERR,ERR,ERR,ERR,ERR,ERR,ERR,ERR,ERR,ERR,ERR,ERR,ERR,ERR,ERR,ERR,ERR,ERR,ERR,ERR,ERR,ERR,ERR,ERR,ERR,ERR,ERR,ERR,ERR,ERR,ERR,ERR,ERR,ERR,ERR,ERR,ERR,ERR,ERR,ERR,ERR,ERR,ERR,ERR,ERR,ERR,ERR,ERR,ERR,ERR,ERR,ERR,ERR,ERR,ERR,ERR,ERR,ERR,ERR,ERR,ERR,ERR,ERR,ERR,ERR,ERR,ERR,ERR,ERR,ERR,ERR,ERR,ERR,ERR,ERR,ERR,ERR,ERR,ERR,ERR,ERR,ERR,ERR,ERR,ERR,ERR,ERR,ERR,ERR,ERR,ERR,ERR,ERR,ERR,ERR,ERR,ERR,ERR,ERR,ERR,ERR,ERR,ERR,ERR,ERR,ERR,ERR,ERR,ERR,ERR,ERR,ERR,2.7184312818759872e+23,0.0,-0.0,0.059,nan,1.3936040501711995e+18,7.805,0.0,0,0,4,48932,6720,14723890282496.0,100,0.0,0.0,0.0,0.059,0.0,0,0,0,0,0.0,0,0,0,0,0,0,0,0,0,0,0,0,0,0,0,0,0,0,0,0,0,0,0,0,0,0,0,0,0,0,0,0,0,26,51,50,76,65476,0,300,0,0,8,21553,0.0,-107605600.0,0.0,0.0,0.0,0.0,0.0,0.0,0.0,0.0,0.0,0.0,0.0,0.0,0.0,0.0,0.0,0.0,0.0,0.0,0.0,0.0,-2.004,2.004,-2.004,0.0,0.0,0.0,0.0,0.0,4773.0,-0.0,7285.0,2.7184312818759872e+23,0.0,-0.0,-107615392.0,0.0,0.0,0.0,0.0,77,0.0,-0.0,0.0,0.0,0.0,0.0,0.0,0.0,0.0,0,0,0,0.0,0.0,0.0,0.0,0.0,0.0,0.0,0.0,0.0,0.0,0.0,0.0,0.0,0.0,0.0,0.0,0,-107875648.0,77,0.0,154,0.0,0.0,ERR,ERR,ERR,ERR,ERR,ERR,ERR,ERR,ERR,ERR,ERR,ERR,ERR,ERR,ERR,ERR,ERR,ERR,ERR,ERR,ERR,ERR,ERR,ERR,ERR,ERR,ERR,ERR,ERR,ERR,ERR,ERR,ERR,ERR,ERR,ERR,ERR,ERR,ERR,ERR,ERR,ERR,ERR,ERR,ERR,ERR,ERR,ERR,ERR,ERR,ERR,ERR,ERR,ERR,ERR,ERR,ERR,ERR,ERR,ERR,ERR,ERR,ERR,ERR,ERR,ERR,ERR,34.0,80.0,35,0.0,0.0,0.0,0.0,0.0,0.0,0.0,0.0,0.0,0.0,0.0,0.0,0.0,0.0,0.0,0.0,66.4,0,120,58,53,65476,0,300,0,0,8,20529,65476,0,0,57672,80.0,0.0,0.0,0.0,0.0,0.0
2026-06-18T02:36:37,ERR,ERR,ERR,ERR,ERR,ERR,ERR,ERR,ERR,ERR,ERR,ERR,ERR,ERR,ERR,ERR,ERR,ERR,ERR,ERR,ERR,ERR,ERR,ERR,ERR,ERR,ERR,ERR,ERR,ERR,ERR,ERR,ERR,ERR,ERR,ERR,ERR,ERR,ERR,ERR,ERR,ERR,ERR,ERR,ERR,ERR,ERR,ERR,ERR,ERR,ERR,ERR,ERR,ERR,ERR,ERR,ERR,ERR,ERR,ERR,ERR,ERR,ERR,ERR,ERR,ERR,ERR,ERR,ERR,ERR,ERR,ERR,ERR,ERR,ERR,ERR,ERR,ERR,ERR,ERR,ERR,ERR,ERR,ERR,ERR,ERR,ERR,ERR,ERR,ERR,ERR,ERR,ERR,ERR,ERR,ERR,ERR,ERR,ERR,ERR,ERR,ERR,ERR,ERR,ERR,ERR,ERR,ERR,ERR,ERR,ERR,ERR,ERR,ERR,ERR,ERR,ERR,ERR,ERR,ERR,ERR,ERR,ERR,ERR,ERR,2.7184312818759872e+23,0.0,-0.0,0.059,nan,1.3936040501711995e+18,7.805,0.0,0,0,4,48932,6720,14723890282496.0,100,0.0,0.0,0.0,0.059,0.0,0,0,0,0,0.0,0,0,0,0,0,0,0,0,0,0,0,0,0,0,0,0,0,0,0,0,0,0,0,0,0,0,0,0,0,0,0,0,0,26,51,50,76,65476,0,300,0,0,8,21553,0.0,-107605600.0,0.0,0.0,0.0,0.0,0.0,0.0,0.0,0.0,0.0,0.0,0.0,0.0,0.0,0.0,0.0,0.0,0.0,0.0,0.0,0.0,-2.004,2.004,-2.004,0.0,0.0,0.0,0.0,0.0,4773.0,-0.0,7285.0,2.7184312818759872e+23,0.0,-0.0,-107615392.0,0.0,0.0,0.0,0.0,77,0.0,-0.0,0.0,0.0,0.0,0.0,0.0,0.0,0.0,0,0,0,0.0,0.0,0.0,0.0,0.0,0.0,0.0,0.0,0.0,0.0,0.0,0.0,0.0,0.0,0.0,0.0,0,-107875648.0,77,0.0,154,0.0,0.0,ERR,ERR,ERR,ERR,ERR,ERR,ERR,ERR,ERR,ERR,ERR,ERR,ERR,ERR,ERR,ERR,ERR,ERR,ERR,ERR,ERR,ERR,ERR,ERR,ERR,ERR,ERR,ERR,ERR,ERR,ERR,ERR,ERR,ERR,ERR,ERR,ERR,ERR,ERR,ERR,ERR,ERR,ERR,ERR,ERR,ERR,ERR,ERR,ERR,ERR,ERR,ERR,ERR,ERR,ERR,ERR,ERR,ERR,ERR,ERR,ERR,ERR,ERR,ERR,ERR,ERR,ERR,34.0,80.0,35,0.0,0.0,0.0,0.0,0.0,0.0,0.0,0.0,0.0,0.0,0.0,0.0,0.0,0.0,0.0,0.0,66.0,0,120,58,53,65476,0,300,0,0,8,20529,65476,0,0,57672,80.0,0.0,0.0,0.0,0.0,0.0
2026-06-18T02:36:38,ERR,ERR,ERR,ERR,ERR,ERR,ERR,ERR,ERR,ERR,ERR,ERR,ERR,ERR,ERR,ERR,ERR,ERR,ERR,ERR,ERR,ERR,ERR,ERR,ERR,ERR,ERR,ERR,ERR,ERR,ERR,ERR,ERR,ERR,ERR,ERR,ERR,ERR,ERR,ERR,ERR,ERR,ERR,ERR,ERR,ERR,ERR,ERR,ERR,ERR,ERR,ERR,ERR,ERR,ERR,ERR,ERR,ERR,ERR,ERR,ERR,ERR,ERR,ERR,ERR,ERR,ERR,ERR,ERR,ERR,ERR,ERR,ERR,ERR,ERR,ERR,ERR,ERR,ERR,ERR,ERR,ERR,ERR,ERR,ERR,ERR,ERR,ERR,ERR,ERR,ERR,ERR,ERR,ERR,ERR,ERR,ERR,ERR,ERR,ERR,ERR,ERR,ERR,ERR,ERR,ERR,ERR,ERR,ERR,ERR,ERR,ERR,ERR,ERR,ERR,ERR,ERR,ERR,ERR,ERR,ERR,ERR,ERR,ERR,ERR,2.7184312818759872e+23,0.0,-0.0,0.059,nan,1.3936040501711995e+18,7.805,0.0,0,0,4,48932,6720,14723890282496.0,100,0.0,0.0,0.0,0.059,0.0,0,0,0,0,0.0,0,0,0,0,0,0,0,0,0,0,0,0,0,0,0,0,0,0,0,0,0,0,0,0,0,0,0,0,0,0,0,0,0,26,51,50,76,65476,0,300,0,0,8,21553,0.0,-107605600.0,0.0,0.0,0.0,0.0,0.0,0.0,0.0,0.0,0.0,0.0,0.0,0.0,0.0,0.0,0.0,0.0,0.0,0.0,0.0,0.0,-2.004,2.004,-2.004,0.0,0.0,0.0,0.0,0.0,4773.0,-0.0,7285.0,2.7184312818759872e+23,0.0,-0.0,-107615392.0,0.0,0.0,0.0,0.0,77,0.0,-0.0,0.0,0.0,0.0,0.0,0.0,0.0,0.0,0,0,0,0.0,0.0,0.0,0.0,0.0,0.0,0.0,0.0,0.0,0.0,0.0,0.0,0.0,0.0,0.0,0.0,0,-107875648.0,77,0.0,154,0.0,0.0,ERR,ERR,ERR,ERR,ERR,ERR,ERR,ERR,ERR,ERR,ERR,ERR,ERR,ERR,ERR,ERR,ERR,ERR,ERR,ERR,ERR,ERR,ERR,ERR,ERR,ERR,ERR,ERR,ERR,ERR,ERR,ERR,ERR,ERR,ERR,ERR,ERR,ERR,ERR,ERR,ERR,ERR,ERR,ERR,ERR,ERR,ERR,ERR,ERR,ERR,ERR,ERR,ERR,ERR,ERR,ERR,ERR,ERR,ERR,ERR,ERR,ERR,ERR,ERR,ERR,ERR,ERR,34.0,80.0,35,0.0,0.0,0.0,0.0,0.0,0.0,0.0,0.0,0.0,0.0,0.0,0.0,0.0,0.0,0.0,0.0,66.0,0,120,58,53,65476,0,300,0,0,8,20529,65476,0,0,57672,80.0,0.0,0.0,0.0,0.0,0.0
2026-06-18T02:36:39,ERR,ERR,ERR,ERR,ERR,ERR,ERR,ERR,ERR,ERR,ERR,ERR,ERR,ERR,ERR,ERR,ERR,ERR,ERR,ERR,ERR,ERR,ERR,ERR,ERR,ERR,ERR,ERR,ERR,ERR,ERR,ERR,ERR,ERR,ERR,ERR,ERR,ERR,ERR,ERR,ERR,ERR,ERR,ERR,ERR,ERR,ERR,ERR,ERR,ERR,ERR,ERR,ERR,ERR,ERR,ERR,ERR,ERR,ERR,ERR,ERR,ERR,ERR,ERR,ERR,ERR,ERR,ERR,ERR,ERR,ERR,ERR,ERR,ERR,ERR,ERR,ERR,ERR,ERR,ERR,ERR,ERR,ERR,ERR,ERR,ERR,ERR,ERR,ERR,ERR,ERR,ERR,ERR,ERR,ERR,ERR,ERR,ERR,ERR,ERR,ERR,ERR,ERR,ERR,ERR,ERR,ERR,ERR,ERR,ERR,ERR,ERR,ERR,ERR,ERR,ERR,ERR,ERR,ERR,ERR,ERR,ERR,ERR,ERR,ERR,2.7184312818759872e+23,0.0,-0.0,0.059,nan,1.3936040501711995e+18,7.805,0.0,0,0,4,48932,6720,14723890282496.0,100,0.0,0.0,0.0,0.059,0.0,0,0,0,0,0.0,0,0,0,0,0,0,0,0,0,0,0,0,0,0,0,0,0,0,0,0,0,0,0,0,0,0,0,0,0,0,0,0,0,26,51,50,76,65476,0,300,0,0,8,21553,0.0,-107605600.0,0.0,0.0,0.0,0.0,0.0,0.0,0.0,0.0,0.0,0.0,0.0,0.0,0.0,0.0,0.0,0.0,0.0,0.0,0.0,0.0,-2.004,2.004,-2.004,0.0,0.0,0.0,0.0,0.0,4773.0,-0.0,7285.0,2.7184312818759872e+23,0.0,-0.0,-107615392.0,0.0,0.0,0.0,0.0,77,0.0,-0.0,0.0,0.0,0.0,0.0,0.0,0.0,0.0,0,0,0,0.0,0.0,0.0,0.0,0.0,0.0,0.0,0.0,0.0,0.0,0.0,0.0,0.0,0.0,0.0,0.0,0,-107875648.0,77,0.0,154,0.0,0.0,ERR,ERR,ERR,ERR,ERR,ERR,ERR,ERR,ERR,ERR,ERR,ERR,ERR,ERR,ERR,ERR,ERR,ERR,ERR,ERR,ERR,ERR,ERR,ERR,ERR,ERR,ERR,ERR,ERR,ERR,ERR,ERR,ERR,ERR,ERR,ERR,ERR,ERR,ERR,ERR,ERR,ERR,ERR,ERR,ERR,ERR,ERR,ERR,ERR,ERR,ERR,ERR,ERR,ERR,ERR,ERR,ERR,ERR,ERR,ERR,ERR,ERR,ERR,ERR,ERR,ERR,ERR,34.0,80.0,35,0.0,0.0,0.0,0.0,0.0,0.0,0.0,0.0,0.0,0.0,0.0,0.0,0.0,0.0,0.0,0.0,65.6,0,120,58,53,65476,0,300,0,0,8,20529,65476,0,0,57672,80.0,0.0,0.0,0.0,0.0,0.0
2026-06-18T02:36:40,ERR,ERR,ERR,ERR,ERR,ERR,ERR,ERR,ERR,ERR,ERR,ERR,ERR,ERR,ERR,ERR,ERR,ERR,ERR,ERR,ERR,ERR,ERR,ERR,ERR,ERR,ERR,ERR,ERR,ERR,ERR,ERR,ERR,ERR,ERR,ERR,ERR,ERR,ERR,ERR,ERR,ERR,ERR,ERR,ERR,ERR,ERR,ERR,ERR,ERR,ERR,ERR,ERR,ERR,ERR,ERR,ERR,ERR,ERR,ERR,ERR,ERR,ERR,ERR,ERR,ERR,ERR,ERR,ERR,ERR,ERR,ERR,ERR,ERR,ERR,ERR,ERR,ERR,ERR,ERR,ERR,ERR,ERR,ERR,ERR,ERR,ERR,ERR,ERR,ERR,ERR,ERR,ERR,ERR,ERR,ERR,ERR,ERR,ERR,ERR,ERR,ERR,ERR,ERR,ERR,ERR,ERR,ERR,ERR,ERR,ERR,ERR,ERR,ERR,ERR,ERR,ERR,ERR,ERR,ERR,ERR,ERR,ERR,ERR,ERR,2.7184312818759872e+23,0.0,-0.0,0.059,nan,1.3936040501711995e+18,7.805,0.0,0,0,4,48932,6720,14723890282496.0,100,0.0,0.0,0.0,0.059,0.0,0,0,0,0,0.0,0,0,0,0,0,0,0,0,0,0,0,0,0,0,0,0,0,0,0,0,0,0,0,0,0,0,0,0,0,0,0,0,0,26,51,50,76,65476,0,300,0,0,8,21553,0.0,-107605600.0,0.0,0.0,0.0,0.0,0.0,0.0,0.0,0.0,0.0,0.0,0.0,0.0,0.0,0.0,0.0,0.0,0.0,0.0,0.0,0.0,-2.004,2.004,-2.004,0.0,0.0,0.0,0.0,0.0,4773.0,-0.0,7285.0,2.7184312818759872e+23,0.0,-0.0,-107615392.0,0.0,0.0,0.0,0.0,77,0.0,-0.0,0.0,0.0,0.0,0.0,0.0,0.0,0.0,0,0,0,0.0,0.0,0.0,0.0,0.0,0.0,0.0,0.0,0.0,0.0,0.0,0.0,0.0,0.0,0.0,0.0,0,-107875648.0,77,0.0,154,0.0,0.0,ERR,ERR,ERR,ERR,ERR,ERR,ERR,ERR,ERR,ERR,ERR,ERR,ERR,ERR,ERR,ERR,ERR,ERR,ERR,ERR,ERR,ERR,ERR,ERR,ERR,ERR,ERR,ERR,ERR,ERR,ERR,ERR,ERR,ERR,ERR,ERR,ERR,ERR,ERR,ERR,ERR,ERR,ERR,ERR,ERR,ERR,ERR,ERR,ERR,ERR,ERR,ERR,ERR,ERR,ERR,ERR,ERR,ERR,ERR,ERR,ERR,ERR,ERR,ERR,ERR,ERR,ERR,34.0,80.0,35,0.0,0.0,0.0,0.0,0.0,0.0,0.0,0.0,0.0,0.0,0.0,0.0,0.0,0.0,0.0,0.0,65.6,0,120,58,53,65476,0,300,0,0,8,20529,65476,0,0,57672,80.0,0.0,0.0,0.0,0.0,0.0
2026-06-18T02:36:41,ERR,ERR,ERR,ERR,ERR,ERR,ERR,ERR,ERR,ERR,ERR,ERR,ERR,ERR,ERR,ERR,ERR,ERR,ERR,ERR,ERR,ERR,ERR,ERR,ERR,ERR,ERR,ERR,ERR,ERR,ERR,ERR,ERR,ERR,ERR,ERR,ERR,ERR,ERR,ERR,ERR,ERR,ERR,ERR,ERR,ERR,ERR,ERR,ERR,ERR,ERR,ERR,ERR,ERR,ERR,ERR,ERR,ERR,ERR,ERR,ERR,ERR,ERR,ERR,ERR,ERR,ERR,ERR,ERR,ERR,ERR,ERR,ERR,ERR,ERR,ERR,ERR,ERR,ERR,ERR,ERR,ERR,ERR,ERR,ERR,ERR,ERR,ERR,ERR,ERR,ERR,ERR,ERR,ERR,ERR,ERR,ERR,ERR,ERR,ERR,ERR,ERR,ERR,ERR,ERR,ERR,ERR,ERR,ERR,ERR,ERR,ERR,ERR,ERR,ERR,ERR,ERR,ERR,ERR,ERR,ERR,ERR,ERR,ERR,ERR,2.7184312818759872e+23,0.0,-0.0,-0.0,nan,1.3936040501711995e+18,7.805,1.182,0,0,4,48932,6720,14723890282496.0,100,0.0,0.0,0.0,-0.0,0.0,0,0,0,0,0.0,0,0,0,0,0,0,0,0,0,0,0,0,0,0,0,0,0,0,0,0,0,0,0,0,0,0,0,0,0,0,0,0,0,26,51,50,76,65476,0,300,0,0,8,21553,0.0,-107605600.0,0.0,0.0,0.0,0.0,0.0,0.0,0.0,0.0,0.0,0.0,0.0,0.0,0.0,0.0,0.0,0.0,0.0,0.0,0.0,0.0,-2.004,2.004,-2.004,0.0,0.0,0.0,0.0,0.0,4776.0,-0.0,7287.0,2.7184312818759872e+23,0.0,-0.0,-107615392.0,0.0,0.0,0.0,0.0,77,0.0,-0.0,0.0,0.0,0.0,0.0,0.0,0.0,0.0,0,0,0,0.0,0.0,0.0,0.0,0.0,0.0,0.0,0.0,0.0,0.0,0.0,0.0,0.0,0.0,0.0,0.0,0,-107875648.0,77,0.0,154,0.0,0.0,ERR,ERR,ERR,ERR,ERR,ERR,ERR,ERR,ERR,ERR,ERR,ERR,ERR,ERR,ERR,ERR,ERR,ERR,ERR,ERR,ERR,ERR,ERR,ERR,ERR,ERR,ERR,ERR,ERR,ERR,ERR,ERR,ERR,ERR,ERR,ERR,ERR,ERR,ERR,ERR,ERR,ERR,ERR,ERR,ERR,ERR,ERR,ERR,ERR,ERR,ERR,ERR,ERR,ERR,ERR,ERR,ERR,ERR,ERR,ERR,ERR,ERR,ERR,ERR,ERR,ERR,ERR,34.0,80.0,35,0.0,0.0,0.0,0.0,0.0,0.0,0.0,0.0,0.0,0.0,0.0,0.0,0.0,0.0,0.0,0.0,65.6,0,120,58,53,65476,0,300,0,0,8,20529,65476,0,0,57672,80.0,0.0,0.0,0.0,0.0,0.0
2026-06-18T02:36:42,ERR,ERR,ERR,ERR,ERR,ERR,ERR,ERR,ERR,ERR,ERR,ERR,ERR,ERR,ERR,ERR,ERR,ERR,ERR,ERR,ERR,ERR,ERR,ERR,ERR,ERR,ERR,ERR,ERR,ERR,ERR,ERR,ERR,ERR,ERR,ERR,ERR,ERR,ERR,ERR,ERR,ERR,ERR,ERR,ERR,ERR,ERR,ERR,ERR,ERR,ERR,ERR,ERR,ERR,ERR,ERR,ERR,ERR,ERR,ERR,ERR,ERR,ERR,ERR,ERR,ERR,ERR,ERR,ERR,ERR,ERR,ERR,ERR,ERR,ERR,ERR,ERR,ERR,ERR,ERR,ERR,ERR,ERR,ERR,ERR,ERR,ERR,ERR,ERR,ERR,ERR,ERR,ERR,ERR,ERR,ERR,ERR,ERR,ERR,ERR,ERR,ERR,ERR,ERR,ERR,ERR,ERR,ERR,ERR,ERR,ERR,ERR,ERR,ERR,ERR,ERR,ERR,ERR,ERR,ERR,ERR,ERR,ERR,ERR,ERR,2.7184312818759872e+23,0.0,-0.0,-0.0,nan,1.3936040501711995e+18,7.805,1.182,0,0,4,48932,6720,14723890282496.0,100,0.0,0.0,0.0,-0.0,0.0,0,0,0,0,0.0,0,0,0,0,0,0,0,0,0,0,0,0,0,0,0,0,0,0,0,0,0,0,0,0,0,0,0,0,0,0,0,0,0,26,51,50,76,65476,0,300,0,0,8,21553,0.0,-107605600.0,0.0,0.0,0.0,0.0,0.0,0.0,0.0,0.0,0.0,0.0,0.0,0.0,0.0,0.0,0.0,0.0,0.0,0.0,0.0,0.0,-2.004,2.004,-2.004,0.0,0.0,0.0,0.0,0.0,4776.0,-0.0,7287.0,2.7184312818759872e+23,0.0,-0.0,-107615392.0,0.0,0.0,0.0,0.0,77,0.0,-0.0,0.0,0.0,0.0,0.0,0.0,0.0,0.0,0,0,0,0.0,0.0,0.0,0.0,0.0,0.0,0.0,0.0,0.0,0.0,0.0,0.0,0.0,0.0,0.0,0.0,0,-107875648.0,77,0.0,154,0.0,0.0,ERR,ERR,ERR,ERR,ERR,ERR,ERR,ERR,ERR,ERR,ERR,ERR,ERR,ERR,ERR,ERR,ERR,ERR,ERR,ERR,ERR,ERR,ERR,ERR,ERR,ERR,ERR,ERR,ERR,ERR,ERR,ERR,ERR,ERR,ERR,ERR,ERR,ERR,ERR,ERR,ERR,ERR,ERR,ERR,ERR,ERR,ERR,ERR,ERR,ERR,ERR,ERR,ERR,ERR,ERR,ERR,ERR,ERR,ERR,ERR,ERR,ERR,ERR,ERR,ERR,ERR,ERR,34.0,80.0,35,0.0,0.0,0.0,0.0,0.0,0.0,0.0,0.0,0.0,0.0,0.0,0.0,0.0,0.0,0.0,0.0,65.6,0,120,58,53,65476,0,300,0,0,8,20529,65476,0,0,57672,80.0,0.0,0.0,0.0,0.0,0.0
2026-06-18T02:36:43,ERR,ERR,ERR,ERR,ERR,ERR,ERR,ERR,ERR,ERR,ERR,ERR,ERR,ERR,ERR,ERR,ERR,ERR,ERR,ERR,ERR,ERR,ERR,ERR,ERR,ERR,ERR,ERR,ERR,ERR,ERR,ERR,ERR,ERR,ERR,ERR,ERR,ERR,ERR,ERR,ERR,ERR,ERR,ERR,ERR,ERR,ERR,ERR,ERR,ERR,ERR,ERR,ERR,ERR,ERR,ERR,ERR,ERR,ERR,ERR,ERR,ERR,ERR,ERR,ERR,ERR,ERR,ERR,ERR,ERR,ERR,ERR,ERR,ERR,ERR,ERR,ERR,ERR,ERR,ERR,ERR,ERR,ERR,ERR,ERR,ERR,ERR,ERR,ERR,ERR,ERR,ERR,ERR,ERR,ERR,ERR,ERR,ERR,ERR,ERR,ERR,ERR,ERR,ERR,ERR,ERR,ERR,ERR,ERR,ERR,ERR,ERR,ERR,ERR,ERR,ERR,ERR,ERR,ERR,ERR,ERR,ERR,ERR,ERR,ERR,2.7184312818759872e+23,0.0,-0.0,-0.0,nan,1.3936040501711995e+18,7.805,1.182,0,0,4,48932,6720,14723890282496.0,100,0.0,0.0,0.0,-0.0,0.0,0,0,0,0,0.0,0,0,0,0,0,0,0,0,0,0,0,0,0,0,0,0,0,0,0,0,0,0,0,0,0,0,0,0,0,0,0,0,0,26,51,50,76,65476,0,300,0,0,8,21553,0.0,-107605600.0,0.0,0.0,0.0,0.0,0.0,0.0,0.0,0.0,0.0,0.0,0.0,0.0,0.0,0.0,0.0,0.0,0.0,0.0,0.0,0.0,-2.004,2.004,-2.004,0.0,0.0,0.0,0.0,0.0,4776.0,-0.0,7287.0,2.7184312818759872e+23,0.0,-0.0,-107615392.0,0.0,0.0,0.0,0.0,77,0.0,-0.0,0.0,0.0,0.0,0.0,0.0,0.0,0.0,0,0,0,0.0,0.0,0.0,0.0,0.0,0.0,0.0,0.0,0.0,0.0,0.0,0.0,0.0,0.0,0.0,0.0,0,-107875648.0,77,0.0,154,0.0,0.0,ERR,ERR,ERR,ERR,ERR,ERR,ERR,ERR,ERR,ERR,ERR,ERR,ERR,ERR,ERR,ERR,ERR,ERR,ERR,ERR,ERR,ERR,ERR,ERR,ERR,ERR,ERR,ERR,ERR,ERR,ERR,ERR,ERR,ERR,ERR,ERR,ERR,ERR,ERR,ERR,ERR,ERR,ERR,ERR,ERR,ERR,ERR,ERR,ERR,ERR,ERR,ERR,ERR,ERR,ERR,ERR,ERR,ERR,ERR,ERR,ERR,ERR,ERR,ERR,ERR,ERR,ERR,34.0,80.0,35,0.0,0.0,0.0,0.0,0.0,0.0,0.0,0.0,0.0,0.0,0.0,0.0,0.0,0.0,0.0,0.0,66.0,0,120,58,53,65476,0,300,0,0,8,20529,65476,0,0,57672,80.0,0.0,0.0,0.0,0.0,0.0
2026-06-18T02:36:44,ERR,ERR,ERR,ERR,ERR,ERR,ERR,ERR,ERR,ERR,ERR,ERR,ERR,ERR,ERR,ERR,ERR,ERR,ERR,ERR,ERR,ERR,ERR,ERR,ERR,ERR,ERR,ERR,ERR,ERR,ERR,ERR,ERR,ERR,ERR,ERR,ERR,ERR,ERR,ERR,ERR,ERR,ERR,ERR,ERR,ERR,ERR,ERR,ERR,ERR,ERR,ERR,ERR,ERR,ERR,ERR,ERR,ERR,ERR,ERR,ERR,ERR,ERR,ERR,ERR,ERR,ERR,ERR,ERR,ERR,ERR,ERR,ERR,ERR,ERR,ERR,ERR,ERR,ERR,ERR,ERR,ERR,ERR,ERR,ERR,ERR,ERR,ERR,ERR,ERR,ERR,ERR,ERR,ERR,ERR,ERR,ERR,ERR,ERR,ERR,ERR,ERR,ERR,ERR,ERR,ERR,ERR,ERR,ERR,ERR,ERR,ERR,ERR,ERR,ERR,ERR,ERR,ERR,ERR,ERR,ERR,ERR,ERR,ERR,ERR,2.7184312818759872e+23,0.0,-0.0,-0.0,nan,1.3936040501711995e+18,7.805,1.182,0,0,4,48932,6720,14723890282496.0,100,0.0,0.0,0.0,-0.0,0.0,0,0,0,0,0.0,0,0,0,0,0,0,0,0,0,0,0,0,0,0,0,0,0,0,0,0,0,0,0,0,0,0,0,0,0,0,0,0,0,26,51,50,76,65476,0,300,0,0,8,21553,0.0,-107605600.0,0.0,0.0,0.0,0.0,0.0,0.0,0.0,0.0,0.0,0.0,0.0,0.0,0.0,0.0,0.0,0.0,0.0,0.0,0.0,0.0,-2.004,2.004,-2.004,0.0,0.0,0.0,0.0,0.0,4776.0,-0.0,7287.0,2.7184312818759872e+23,0.0,-0.0,-107615392.0,0.0,0.0,0.0,0.0,77,0.0,-0.0,0.0,0.0,0.0,0.0,0.0,0.0,0.0,0,0,0,0.0,0.0,0.0,0.0,0.0,0.0,0.0,0.0,0.0,0.0,0.0,0.0,0.0,0.0,0.0,0.0,0,-107875648.0,77,0.0,154,0.0,0.0,ERR,ERR,ERR,ERR,ERR,ERR,ERR,ERR,ERR,ERR,ERR,ERR,ERR,ERR,ERR,ERR,ERR,ERR,ERR,ERR,ERR,ERR,ERR,ERR,ERR,ERR,ERR,ERR,ERR,ERR,ERR,ERR,ERR,ERR,ERR,ERR,ERR,ERR,ERR,ERR,ERR,ERR,ERR,ERR,ERR,ERR,ERR,ERR,ERR,ERR,ERR,ERR,ERR,ERR,ERR,ERR,ERR,ERR,ERR,ERR,ERR,ERR,ERR,ERR,ERR,ERR,ERR,34.0,80.0,35,0.0,0.0,0.0,0.0,0.0,0.0,0.0,0.0,0.0,0.0,0.0,0.0,0.0,0.0,0.0,0.0,66.0,0,120,58,53,65476,0,300,0,0,8,20529,65476,0,0,57672,80.0,0.0,0.0,0.0,0.0,0.0
2026-06-18T02:36:45,ERR,ERR,ERR,ERR,ERR,ERR,ERR,ERR,ERR,ERR,ERR,ERR,ERR,ERR,ERR,ERR,ERR,ERR,ERR,ERR,ERR,ERR,ERR,ERR,ERR,ERR,ERR,ERR,ERR,ERR,ERR,ERR,ERR,ERR,ERR,ERR,ERR,ERR,ERR,ERR,ERR,ERR,ERR,ERR,ERR,ERR,ERR,ERR,ERR,ERR,ERR,ERR,ERR,ERR,ERR,ERR,ERR,ERR,ERR,ERR,ERR,ERR,ERR,ERR,ERR,ERR,ERR,ERR,ERR,ERR,ERR,ERR,ERR,ERR,ERR,ERR,ERR,ERR,ERR,ERR,ERR,ERR,ERR,ERR,ERR,ERR,ERR,ERR,ERR,ERR,ERR,ERR,ERR,ERR,ERR,ERR,ERR,ERR,ERR,ERR,ERR,ERR,ERR,ERR,ERR,ERR,ERR,ERR,ERR,ERR,ERR,ERR,ERR,ERR,ERR,ERR,ERR,ERR,ERR,ERR,ERR,ERR,ERR,ERR,ERR,2.7184312818759872e+23,0.0,-0.0,-0.0,nan,1.3936040501711995e+18,7.805,1.182,0,0,4,48932,6720,14723890282496.0,100,0.0,0.0,0.0,-0.0,0.0,0,0,0,0,0.0,0,0,0,0,0,0,0,0,0,0,0,0,0,0,0,0,0,0,0,0,0,0,0,0,0,0,0,0,0,0,0,0,0,26,51,50,76,65476,0,300,0,0,8,21553,0.0,-107605600.0,0.0,0.0,0.0,0.0,0.0,0.0,0.0,0.0,0.0,0.0,0.0,0.0,0.0,0.0,0.0,0.0,0.0,0.0,0.0,0.0,-2.004,2.004,-2.004,0.0,0.0,0.0,0.0,0.0,4776.0,-0.0,7287.0,2.7184312818759872e+23,0.0,-0.0,-107615392.0,0.0,0.0,0.0,0.0,77,0.0,-0.0,0.0,0.0,0.0,0.0,0.0,0.0,0.0,0,0,0,0.0,0.0,0.0,0.0,0.0,0.0,0.0,0.0,0.0,0.0,0.0,0.0,0.0,0.0,0.0,0.0,0,-107875648.0,77,0.0,154,0.0,0.0,ERR,ERR,ERR,ERR,ERR,ERR,ERR,ERR,ERR,ERR,ERR,ERR,ERR,ERR,ERR,ERR,ERR,ERR,ERR,ERR,ERR,ERR,ERR,ERR,ERR,ERR,ERR,ERR,ERR,ERR,ERR,ERR,ERR,ERR,ERR,ERR,ERR,ERR,ERR,ERR,ERR,ERR,ERR,ERR,ERR,ERR,ERR,ERR,ERR,ERR,ERR,ERR,ERR,ERR,ERR,ERR,ERR,ERR,ERR,ERR,ERR,ERR,ERR,ERR,ERR,ERR,ERR,34.0,80.0,35,0.0,0.0,0.0,0.0,0.0,0.0,0.0,0.0,0.0,0.0,0.0,0.0,0.0,0.0,0.0,0.0,66.4,0,120,58,53,65476,0,300,0,0,8,20529,65476,0,0,57672,80.0,0.0,0.0,0.0,0.0,0.0
2026-06-18T02:36:46,ERR,ERR,ERR,ERR,ERR,ERR,ERR,ERR,ERR,ERR,ERR,ERR,ERR,ERR,ERR,ERR,ERR,ERR,ERR,ERR,ERR,ERR,ERR,ERR,ERR,ERR,ERR,ERR,ERR,ERR,ERR,ERR,ERR,ERR,ERR,ERR,ERR,ERR,ERR,ERR,ERR,ERR,ERR,ERR,ERR,ERR,ERR,ERR,ERR,ERR,ERR,ERR,ERR,ERR,ERR,ERR,ERR,ERR,ERR,ERR,ERR,ERR,ERR,ERR,ERR,ERR,ERR,ERR,ERR,ERR,ERR,ERR,ERR,ERR,ERR,ERR,ERR,ERR,ERR,ERR,ERR,ERR,ERR,ERR,ERR,ERR,ERR,ERR,ERR,ERR,ERR,ERR,ERR,ERR,ERR,ERR,ERR,ERR,ERR,ERR,ERR,ERR,ERR,ERR,ERR,ERR,ERR,ERR,ERR,ERR,ERR,ERR,ERR,ERR,ERR,ERR,ERR,ERR,ERR,ERR,ERR,ERR,ERR,ERR,ERR,2.7184312818759872e+23,0.0,-0.0,-4.9501291711397626e+32,nan,1.3936040501711995e+18,7.805,-0.0,0,0,4,48935,6720,14723890282496.0,100,0.0,0.0,0.0,-0.0,0.0,0,0,0,0,0.0,0,0,0,0,0,0,0,0,0,0,0,0,0,0,0,0,0,0,0,0,0,0,0,0,0,0,0,0,0,0,0,0,0,26,51,50,76,65476,0,300,0,0,8,21553,0.0,-107605600.0,0.0,0.0,0.0,0.0,0.0,0.0,0.0,0.0,0.0,0.0,0.0,0.0,0.0,0.0,0.0,0.0,0.0,0.0,0.0,0.0,-2.004,2.004,-2.004,-2.004,0.0,0.0,0.0,0.0,4771.0,-0.0,7285.0,2.7184312818759872e+23,0.0,-0.0,-107615392.0,0.0,0.0,0.0,0.0,77,0.0,-0.0,0.0,0.0,0.0,0.0,0.0,0.0,0.0,0,0,0,0.0,0.0,0.0,0.0,0.0,0.0,0.0,0.0,0.0,0.0,0.0,0.0,0.0,0.0,0.0,0.0,0,-107875648.0,77,0.0,154,0.0,0.0,ERR,ERR,ERR,ERR,ERR,ERR,ERR,ERR,ERR,ERR,ERR,ERR,ERR,ERR,ERR,ERR,ERR,ERR,ERR,ERR,ERR,ERR,ERR,ERR,ERR,ERR,ERR,ERR,ERR,ERR,ERR,ERR,ERR,ERR,ERR,ERR,ERR,ERR,ERR,ERR,ERR,ERR,ERR,ERR,ERR,ERR,ERR,ERR,ERR,ERR,ERR,ERR,ERR,ERR,ERR,ERR,ERR,ERR,ERR,ERR,ERR,ERR,ERR,ERR,ERR,ERR,ERR,34.0,80.0,35,0.0,0.0,0.0,0.0,0.0,0.0,0.0,0.0,0.0,0.0,0.0,0.0,0.0,0.0,0.0,0.0,65.6,0,120,58,53,65476,0,300,0,0,8,20529,65476,0,0,57672,80.0,0.0,0.0,0.0,0.0,0.0
2026-06-18T02:36:47,ERR,ERR,ERR,ERR,ERR,ERR,ERR,ERR,ERR,ERR,ERR,ERR,ERR,ERR,ERR,ERR,ERR,ERR,ERR,ERR,ERR,ERR,ERR,ERR,ERR,ERR,ERR,ERR,ERR,ERR,ERR,ERR,ERR,ERR,ERR,ERR,ERR,ERR,ERR,ERR,ERR,ERR,ERR,ERR,ERR,ERR,ERR,ERR,ERR,ERR,ERR,ERR,ERR,ERR,ERR,ERR,ERR,ERR,ERR,ERR,ERR,ERR,ERR,ERR,ERR,ERR,ERR,ERR,ERR,ERR,ERR,ERR,ERR,ERR,ERR,ERR,ERR,ERR,ERR,ERR,ERR,ERR,ERR,ERR,ERR,ERR,ERR,ERR,ERR,ERR,ERR,ERR,ERR,ERR,ERR,ERR,ERR,ERR,ERR,ERR,ERR,ERR,ERR,ERR,ERR,ERR,ERR,ERR,ERR,ERR,ERR,ERR,ERR,ERR,ERR,ERR,ERR,ERR,ERR,ERR,ERR,ERR,ERR,ERR,ERR,2.7184312818759872e+23,0.0,-0.0,-4.9501291711397626e+32,nan,1.3936040501711995e+18,7.805,-0.0,0,0,4,48935,6720,14723890282496.0,100,0.0,0.0,0.0,-0.0,0.0,0,0,0,0,0.0,0,0,0,0,0,0,0,0,0,0,0,0,0,0,0,0,0,0,0,0,0,0,0,0,0,0,0,0,0,0,0,0,0,26,51,50,76,65476,0,300,0,0,8,21553,0.0,-107605600.0,0.0,0.0,0.0,0.0,0.0,0.0,0.0,0.0,0.0,0.0,0.0,0.0,0.0,0.0,0.0,0.0,0.0,0.0,0.0,0.0,-2.004,2.004,-2.004,-2.004,0.0,0.0,0.0,0.0,4771.0,-0.0,7285.0,2.7184312818759872e+23,0.0,-0.0,-107615392.0,0.0,0.0,0.0,0.0,77,0.0,-0.0,0.0,0.0,0.0,0.0,0.0,0.0,0.0,0,0,0,0.0,0.0,0.0,0.0,0.0,0.0,0.0,0.0,0.0,0.0,0.0,0.0,0.0,0.0,0.0,0.0,0,-107875648.0,77,0.0,154,0.0,0.0,ERR,ERR,ERR,ERR,ERR,ERR,ERR,ERR,ERR,ERR,ERR,ERR,ERR,ERR,ERR,ERR,ERR,ERR,ERR,ERR,ERR,ERR,ERR,ERR,ERR,ERR,ERR,ERR,ERR,ERR,ERR,ERR,ERR,ERR,ERR,ERR,ERR,ERR,ERR,ERR,ERR,ERR,ERR,ERR,ERR,ERR,ERR,ERR,ERR,ERR,ERR,ERR,ERR,ERR,ERR,ERR,ERR,ERR,ERR,ERR,ERR,ERR,ERR,ERR,ERR,ERR,ERR,34.0,80.0,35,0.0,0.0,0.0,0.0,0.0,0.0,0.0,0.0,0.0,0.0,0.0,0.0,0.0,0.0,0.0,0.0,65.6,0,120,58,53,65476,0,300,0,0,8,20529,65476,0,0,57672,80.0,0.0,0.0,0.0,0.0,0.0
2026-06-18T02:36:48,ERR,ERR,ERR,ERR,ERR,ERR,ERR,ERR,ERR,ERR,ERR,ERR,ERR,ERR,ERR,ERR,ERR,ERR,ERR,ERR,ERR,ERR,ERR,ERR,ERR,ERR,ERR,ERR,ERR,ERR,ERR,ERR,ERR,ERR,ERR,ERR,ERR,ERR,ERR,ERR,ERR,ERR,ERR,ERR,ERR,ERR,ERR,ERR,ERR,ERR,ERR,ERR,ERR,ERR,ERR,ERR,ERR,ERR,ERR,ERR,ERR,ERR,ERR,ERR,ERR,ERR,ERR,ERR,ERR,ERR,ERR,ERR,ERR,ERR,ERR,ERR,ERR,ERR,ERR,ERR,ERR,ERR,ERR,ERR,ERR,ERR,ERR,ERR,ERR,ERR,ERR,ERR,ERR,ERR,ERR,ERR,ERR,ERR,ERR,ERR,ERR,ERR,ERR,ERR,ERR,ERR,ERR,ERR,ERR,ERR,ERR,ERR,ERR,ERR,ERR,ERR,ERR,ERR,ERR,ERR,ERR,ERR,ERR,ERR,ERR,2.7184312818759872e+23,0.0,-0.0,-4.9501291711397626e+32,nan,1.3936040501711995e+18,7.805,-0.0,0,0,4,48935,6720,14723890282496.0,100,0.0,0.0,0.0,-0.0,0.0,0,0,0,0,0.0,0,0,0,0,0,0,0,0,0,0,0,0,0,0,0,0,0,0,0,0,0,0,0,0,0,0,0,0,0,0,0,0,0,26,51,50,76,65476,0,300,0,0,8,21553,0.0,-107605600.0,0.0,0.0,0.0,0.0,0.0,0.0,0.0,0.0,0.0,0.0,0.0,0.0,0.0,0.0,0.0,0.0,0.0,0.0,0.0,0.0,-2.004,2.004,-2.004,-2.004,0.0,0.0,0.0,0.0,4771.0,-0.0,7285.0,2.7184312818759872e+23,0.0,-0.0,-107615392.0,0.0,0.0,0.0,0.0,77,0.0,-0.0,0.0,0.0,0.0,0.0,0.0,0.0,0.0,0,0,0,0.0,0.0,0.0,0.0,0.0,0.0,0.0,0.0,0.0,0.0,0.0,0.0,0.0,0.0,0.0,0.0,0,-107875648.0,77,0.0,154,0.0,0.0,ERR,ERR,ERR,ERR,ERR,ERR,ERR,ERR,ERR,ERR,ERR,ERR,ERR,ERR,ERR,ERR,ERR,ERR,ERR,ERR,ERR,ERR,ERR,ERR,ERR,ERR,ERR,ERR,ERR,ERR,ERR,ERR,ERR,ERR,ERR,ERR,ERR,ERR,ERR,ERR,ERR,ERR,ERR,ERR,ERR,ERR,ERR,ERR,ERR,ERR,ERR,ERR,ERR,ERR,ERR,ERR,ERR,ERR,ERR,ERR,ERR,ERR,ERR,ERR,ERR,ERR,ERR,34.0,80.0,35,0.0,0.0,0.0,0.0,0.0,0.0,0.0,0.0,0.0,0.0,0.0,0.0,0.0,0.0,0.0,0.0,65.6,0,120,58,53,65476,0,300,0,0,8,20529,65476,0,0,57672,80.0,0.0,0.0,0.0,0.0,0.0
2026-06-18T02:36:49,ERR,ERR,ERR,ERR,ERR,ERR,ERR,ERR,ERR,ERR,ERR,ERR,ERR,ERR,ERR,ERR,ERR,ERR,ERR,ERR,ERR,ERR,ERR,ERR,ERR,ERR,ERR,ERR,ERR,ERR,ERR,ERR,ERR,ERR,ERR,ERR,ERR,ERR,ERR,ERR,ERR,ERR,ERR,ERR,ERR,ERR,ERR,ERR,ERR,ERR,ERR,ERR,ERR,ERR,ERR,ERR,ERR,ERR,ERR,ERR,ERR,ERR,ERR,ERR,ERR,ERR,ERR,ERR,ERR,ERR,ERR,ERR,ERR,ERR,ERR,ERR,ERR,ERR,ERR,ERR,ERR,ERR,ERR,ERR,ERR,ERR,ERR,ERR,ERR,ERR,ERR,ERR,ERR,ERR,ERR,ERR,ERR,ERR,ERR,ERR,ERR,ERR,ERR,ERR,ERR,ERR,ERR,ERR,ERR,ERR,ERR,ERR,ERR,ERR,ERR,ERR,ERR,ERR,ERR,ERR,ERR,ERR,ERR,ERR,ERR,2.7184312818759872e+23,0.0,-0.0,-4.9501291711397626e+32,nan,1.3936040501711995e+18,7.805,-0.0,0,0,4,48935,6720,14723890282496.0,100,0.0,0.0,0.0,-0.0,0.0,0,0,0,0,0.0,0,0,0,0,0,0,0,0,0,0,0,0,0,0,0,0,0,0,0,0,0,0,0,0,0,0,0,0,0,0,0,0,0,26,51,50,76,65476,0,300,0,0,8,21553,0.0,-107605600.0,0.0,0.0,0.0,0.0,0.0,0.0,0.0,0.0,0.0,0.0,0.0,0.0,0.0,0.0,0.0,0.0,0.0,0.0,0.0,0.0,-2.004,2.004,-2.004,-2.004,0.0,0.0,0.0,0.0,4771.0,-0.0,7285.0,2.7184312818759872e+23,0.0,-0.0,-107615392.0,0.0,0.0,0.0,0.0,77,0.0,-0.0,0.0,0.0,0.0,0.0,0.0,0.0,0.0,0,0,0,0.0,0.0,0.0,0.0,0.0,0.0,0.0,0.0,0.0,0.0,0.0,0.0,0.0,0.0,0.0,0.0,0,-107875648.0,77,0.0,154,0.0,0.0,ERR,ERR,ERR,ERR,ERR,ERR,ERR,ERR,ERR,ERR,ERR,ERR,ERR,ERR,ERR,ERR,ERR,ERR,ERR,ERR,ERR,ERR,ERR,ERR,ERR,ERR,ERR,ERR,ERR,ERR,ERR,ERR,ERR,ERR,ERR,ERR,ERR,ERR,ERR,ERR,ERR,ERR,ERR,ERR,ERR,ERR,ERR,ERR,ERR,ERR,ERR,ERR,ERR,ERR,ERR,ERR,ERR,ERR,ERR,ERR,ERR,ERR,ERR,ERR,ERR,ERR,ERR,34.0,80.0,35,0.0,0.0,0.0,0.0,0.0,0.0,0.0,0.0,0.0,0.0,0.0,0.0,0.0,0.0,0.0,0.0,65.6,0,120,58,53,65476,0,300,0,0,8,20529,65476,0,0,57672,80.0,0.0,0.0,0.0,0.0,0.0
2026-06-18T02:36:50,ERR,ERR,ERR,ERR,ERR,ERR,ERR,ERR,ERR,ERR,ERR,ERR,ERR,ERR,ERR,ERR,ERR,ERR,ERR,ERR,ERR,ERR,ERR,ERR,ERR,ERR,ERR,ERR,ERR,ERR,ERR,ERR,ERR,ERR,ERR,ERR,ERR,ERR,ERR,ERR,ERR,ERR,ERR,ERR,ERR,ERR,ERR,ERR,ERR,ERR,ERR,ERR,ERR,ERR,ERR,ERR,ERR,ERR,ERR,ERR,ERR,ERR,ERR,ERR,ERR,ERR,ERR,ERR,ERR,ERR,ERR,ERR,ERR,ERR,ERR,ERR,ERR,ERR,ERR,ERR,ERR,ERR,ERR,ERR,ERR,ERR,ERR,ERR,ERR,ERR,ERR,ERR,ERR,ERR,ERR,ERR,ERR,ERR,ERR,ERR,ERR,ERR,ERR,ERR,ERR,ERR,ERR,ERR,ERR,ERR,ERR,ERR,ERR,ERR,ERR,ERR,ERR,ERR,ERR,ERR,ERR,ERR,ERR,ERR,ERR,2.7184312818759872e+23,0.0,-0.0,-4.9501291711397626e+32,nan,1.3936040501711995e+18,7.805,-0.0,0,0,4,48935,6720,14723890282496.0,100,0.0,0.0,0.0,-0.0,0.0,0,0,0,0,0.0,0,0,0,0,0,0,0,0,0,0,0,0,0,0,0,0,0,0,0,0,0,0,0,0,0,0,0,0,0,0,0,0,0,26,51,50,76,65476,0,300,0,0,8,21553,0.0,-107605600.0,0.0,0.0,0.0,0.0,0.0,0.0,0.0,0.0,0.0,0.0,0.0,0.0,0.0,0.0,0.0,0.0,0.0,0.0,0.0,0.0,-2.004,2.004,-2.004,-2.004,0.0,0.0,0.0,0.0,4771.0,-0.0,7285.0,2.7184312818759872e+23,0.0,-0.0,-107615392.0,0.0,0.0,0.0,0.0,77,0.0,-0.0,0.0,0.0,0.0,0.0,0.0,0.0,0.0,0,0,0,0.0,0.0,0.0,0.0,0.0,0.0,0.0,0.0,0.0,0.0,0.0,0.0,0.0,0.0,0.0,0.0,0,-107875648.0,77,0.0,154,0.0,0.0,ERR,ERR,ERR,ERR,ERR,ERR,ERR,ERR,ERR,ERR,ERR,ERR,ERR,ERR,ERR,ERR,ERR,ERR,ERR,ERR,ERR,ERR,ERR,ERR,ERR,ERR,ERR,ERR,ERR,ERR,ERR,ERR,ERR,ERR,ERR,ERR,ERR,ERR,ERR,ERR,ERR,ERR,ERR,ERR,ERR,ERR,ERR,ERR,ERR,ERR,ERR,ERR,ERR,ERR,ERR,ERR,ERR,ERR,ERR,ERR,ERR,ERR,ERR,ERR,ERR,ERR,ERR,34.0,80.0,35,0.0,0.0,0.0,0.0,0.0,0.0,0.0,0.0,0.0,0.0,0.0,0.0,0.0,0.0,0.0,0.0,66.0,0,120,58,53,65476,0,300,0,0,8,20529,65476,0,0,57672,80.0,0.0,0.0,0.0,0.0,0.0
2026-06-18T02:36:51,ERR,ERR,ERR,ERR,ERR,ERR,ERR,ERR,ERR,ERR,ERR,ERR,ERR,ERR,ERR,ERR,ERR,ERR,ERR,ERR,ERR,ERR,ERR,ERR,ERR,ERR,ERR,ERR,ERR,ERR,ERR,ERR,ERR,ERR,ERR,ERR,ERR,ERR,ERR,ERR,ERR,ERR,ERR,ERR,ERR,ERR,ERR,ERR,ERR,ERR,ERR,ERR,ERR,ERR,ERR,ERR,ERR,ERR,ERR,ERR,ERR,ERR,ERR,ERR,ERR,ERR,ERR,ERR,ERR,ERR,ERR,ERR,ERR,ERR,ERR,ERR,ERR,ERR,ERR,ERR,ERR,ERR,ERR,ERR,ERR,ERR,ERR,ERR,ERR,ERR,ERR,ERR,ERR,ERR,ERR,ERR,ERR,ERR,ERR,ERR,ERR,ERR,ERR,ERR,ERR,ERR,ERR,ERR,ERR,ERR,ERR,ERR,ERR,ERR,ERR,ERR,ERR,ERR,ERR,ERR,ERR,ERR,ERR,ERR,ERR,2.7184312818759872e+23,0.0,-0.0,-4.9501291711397626e+32,nan,1.3936040501711995e+18,7.805,-0.0,0,0,4,48935,6720,14723890282496.0,100,0.0,0.0,0.0,-0.0,0.0,0,0,0,0,0.0,0,0,0,0,0,0,0,0,0,0,0,0,0,0,0,0,0,0,0,0,0,0,0,0,0,0,0,0,0,0,0,0,0,26,51,50,76,65476,0,300,0,0,8,21553,0.0,-107605600.0,0.0,0.0,0.0,0.0,0.0,0.0,0.0,0.0,0.0,0.0,0.0,0.0,0.0,0.0,0.0,0.0,0.0,0.0,0.0,0.0,-2.004,2.004,-2.004,-2.004,0.0,0.0,0.0,0.0,4771.0,-0.0,7285.0,2.7184312818759872e+23,0.0,-0.0,-107615392.0,0.0,0.0,0.0,0.0,77,0.0,-0.0,0.0,0.0,0.0,0.0,0.0,0.0,0.0,0,0,0,0.0,0.0,0.0,0.0,0.0,0.0,0.0,0.0,0.0,0.0,0.0,0.0,0.0,0.0,0.0,0.0,0,-107875648.0,77,0.0,154,0.0,0.0,ERR,ERR,ERR,ERR,ERR,ERR,ERR,ERR,ERR,ERR,ERR,ERR,ERR,ERR,ERR,ERR,ERR,ERR,ERR,ERR,ERR,ERR,ERR,ERR,ERR,ERR,ERR,ERR,ERR,ERR,ERR,ERR,ERR,ERR,ERR,ERR,ERR,ERR,ERR,ERR,ERR,ERR,ERR,ERR,ERR,ERR,ERR,ERR,ERR,ERR,ERR,ERR,ERR,ERR,ERR,ERR,ERR,ERR,ERR,ERR,ERR,ERR,ERR,ERR,ERR,ERR,ERR,34.0,80.0,35,0.0,0.0,0.0,0.0,0.0,0.0,0.0,0.0,0.0,0.0,0.0,0.0,0.0,0.0,0.0,0.0,66.0,0,120,58,53,65476,0,300,0,0,8,20529,65476,0,0,57672,80.0,0.0,0.0,0.0,0.0,0.0
2026-06-18T02:36:52,ERR,ERR,ERR,ERR,ERR,ERR,ERR,ERR,ERR,ERR,ERR,ERR,ERR,ERR,ERR,ERR,ERR,ERR,ERR,ERR,ERR,ERR,ERR,ERR,ERR,ERR,ERR,ERR,ERR,ERR,ERR,ERR,ERR,ERR,ERR,ERR,ERR,ERR,ERR,ERR,ERR,ERR,ERR,ERR,ERR,ERR,ERR,ERR,ERR,ERR,ERR,ERR,ERR,ERR,ERR,ERR,ERR,ERR,ERR,ERR,ERR,ERR,ERR,ERR,ERR,ERR,ERR,ERR,ERR,ERR,ERR,ERR,ERR,ERR,ERR,ERR,ERR,ERR,ERR,ERR,ERR,ERR,ERR,ERR,ERR,ERR,ERR,ERR,ERR,ERR,ERR,ERR,ERR,ERR,ERR,ERR,ERR,ERR,ERR,ERR,ERR,ERR,ERR,ERR,ERR,ERR,ERR,ERR,ERR,ERR,ERR,ERR,ERR,ERR,ERR,ERR,ERR,ERR,ERR,ERR,ERR,ERR,ERR,ERR,ERR,2.7184312818759872e+23,0.0,0.0,0.0,nan,1.3936040501711995e+18,7.805,-5533387829805056.0,0,0,4,48935,6720,14723890282496.0,100,0.0,0.0,0.0,0.0,0.0,0,0,0,0,0.0,0,0,0,0,0,0,0,0,0,0,0,0,0,0,0,0,0,0,0,0,0,0,0,0,0,0,0,0,0,0,0,0,0,26,51,50,76,65476,0,300,0,0,8,21553,0.0,-107605600.0,0.0,0.0,0.0,0.0,0.0,0.0,0.0,0.0,0.0,0.0,0.0,0.0,0.0,0.0,0.0,0.0,0.0,0.0,0.0,0.0,-2.004,2.004,-2.004,-2.004,0.0,0.0,0.0,0.0,4775.0,-0.0,7286.0,2.7184312818759872e+23,0.0,-0.0,-107615392.0,0.0,0.0,0.0,0.0,77,0.0,-0.0,0.0,0.0,0.0,0.0,0.0,0.0,0.0,0,0,0,0.0,0.0,0.0,0.0,0.0,0.0,0.0,0.0,0.0,0.0,0.0,0.0,0.0,0.0,0.0,0.0,0,-107875648.0,77,0.0,154,0.0,0.0,ERR,ERR,ERR,ERR,ERR,ERR,ERR,ERR,ERR,ERR,ERR,ERR,ERR,ERR,ERR,ERR,ERR,ERR,ERR,ERR,ERR,ERR,ERR,ERR,ERR,ERR,ERR,ERR,ERR,ERR,ERR,ERR,ERR,ERR,ERR,ERR,ERR,ERR,ERR,ERR,ERR,ERR,ERR,ERR,ERR,ERR,ERR,ERR,ERR,ERR,ERR,ERR,ERR,ERR,ERR,ERR,ERR,ERR,ERR,ERR,ERR,ERR,ERR,ERR,ERR,ERR,ERR,34.0,80.0,35,0.0,0.0,0.0,0.0,0.0,0.0,0.0,0.0,0.0,0.0,0.0,0.0,0.0,0.0,0.0,0.0,66.4,0,120,58,53,65476,0,300,0,0,8,20529,65476,0,0,57672,80.0,0.0,0.0,0.0,0.0,0.0
2026-06-18T02:36:53,ERR,ERR,ERR,ERR,ERR,ERR,ERR,ERR,ERR,ERR,ERR,ERR,ERR,ERR,ERR,ERR,ERR,ERR,ERR,ERR,ERR,ERR,ERR,ERR,ERR,ERR,ERR,ERR,ERR,ERR,ERR,ERR,ERR,ERR,ERR,ERR,ERR,ERR,ERR,ERR,ERR,ERR,ERR,ERR,ERR,ERR,ERR,ERR,ERR,ERR,ERR,ERR,ERR,ERR,ERR,ERR,ERR,ERR,ERR,ERR,ERR,ERR,ERR,ERR,ERR,ERR,ERR,ERR,ERR,ERR,ERR,ERR,ERR,ERR,ERR,ERR,ERR,ERR,ERR,ERR,ERR,ERR,ERR,ERR,ERR,ERR,ERR,ERR,ERR,ERR,ERR,ERR,ERR,ERR,ERR,ERR,ERR,ERR,ERR,ERR,ERR,ERR,ERR,ERR,ERR,ERR,ERR,ERR,ERR,ERR,ERR,ERR,ERR,ERR,ERR,ERR,ERR,ERR,ERR,ERR,ERR,ERR,ERR,ERR,ERR,2.7184312818759872e+23,0.0,0.0,0.0,nan,1.3936040501711995e+18,7.805,-5533387829805056.0,0,0,4,48935,6720,14723890282496.0,100,0.0,0.0,0.0,0.0,0.0,0,0,0,0,0.0,0,0,0,0,0,0,0,0,0,0,0,0,0,0,0,0,0,0,0,0,0,0,0,0,0,0,0,0,0,0,0,0,0,26,51,50,76,65476,0,300,0,0,8,21553,0.0,-107605600.0,0.0,0.0,0.0,0.0,0.0,0.0,0.0,0.0,0.0,0.0,0.0,0.0,0.0,0.0,0.0,0.0,0.0,0.0,0.0,0.0,-2.004,2.004,-2.004,-2.004,0.0,0.0,0.0,0.0,4775.0,-0.0,7286.0,2.7184312818759872e+23,0.0,-0.0,-107615392.0,0.0,0.0,0.0,0.0,77,0.0,-0.0,0.0,0.0,0.0,0.0,0.0,0.0,0.0,0,0,0,0.0,0.0,0.0,0.0,0.0,0.0,0.0,0.0,0.0,0.0,0.0,0.0,0.0,0.0,0.0,0.0,0,-107875648.0,77,0.0,154,0.0,0.0,ERR,ERR,ERR,ERR,ERR,ERR,ERR,ERR,ERR,ERR,ERR,ERR,ERR,ERR,ERR,ERR,ERR,ERR,ERR,ERR,ERR,ERR,ERR,ERR,ERR,ERR,ERR,ERR,ERR,ERR,ERR,ERR,ERR,ERR,ERR,ERR,ERR,ERR,ERR,ERR,ERR,ERR,ERR,ERR,ERR,ERR,ERR,ERR,ERR,ERR,ERR,ERR,ERR,ERR,ERR,ERR,ERR,ERR,ERR,ERR,ERR,ERR,ERR,ERR,ERR,ERR,ERR,34.0,80.0,35,0.0,0.0,0.0,0.0,0.0,0.0,0.0,0.0,0.0,0.0,0.0,0.0,0.0,0.0,0.0,0.0,66.4,0,120,58,53,65476,0,300,0,0,8,20529,65476,0,0,57672,80.0,0.0,0.0,0.0,0.0,0.0
2026-06-18T02:36:54,ERR,ERR,ERR,ERR,ERR,ERR,ERR,ERR,ERR,ERR,ERR,ERR,ERR,ERR,ERR,ERR,ERR,ERR,ERR,ERR,ERR,ERR,ERR,ERR,ERR,ERR,ERR,ERR,ERR,ERR,ERR,ERR,ERR,ERR,ERR,ERR,ERR,ERR,ERR,ERR,ERR,ERR,ERR,ERR,ERR,ERR,ERR,ERR,ERR,ERR,ERR,ERR,ERR,ERR,ERR,ERR,ERR,ERR,ERR,ERR,ERR,ERR,ERR,ERR,ERR,ERR,ERR,ERR,ERR,ERR,ERR,ERR,ERR,ERR,ERR,ERR,ERR,ERR,ERR,ERR,ERR,ERR,ERR,ERR,ERR,ERR,ERR,ERR,ERR,ERR,ERR,ERR,ERR,ERR,ERR,ERR,ERR,ERR,ERR,ERR,ERR,ERR,ERR,ERR,ERR,ERR,ERR,ERR,ERR,ERR,ERR,ERR,ERR,ERR,ERR,ERR,ERR,ERR,ERR,ERR,ERR,ERR,ERR,ERR,ERR,2.7184312818759872e+23,0.0,0.0,0.0,nan,1.3936040501711995e+18,7.805,-5533387829805056.0,0,0,4,48935,6720,14723890282496.0,100,0.0,0.0,0.0,0.0,0.0,0,0,0,0,0.0,0,0,0,0,0,0,0,0,0,0,0,0,0,0,0,0,0,0,0,0,0,0,0,0,0,0,0,0,0,0,0,0,0,26,51,50,76,65476,0,300,0,0,8,21553,0.0,-107605600.0,0.0,0.0,0.0,0.0,0.0,0.0,0.0,0.0,0.0,0.0,0.0,0.0,0.0,0.0,0.0,0.0,0.0,0.0,0.0,0.0,-2.004,2.004,-2.004,-2.004,0.0,0.0,0.0,0.0,4775.0,-0.0,7286.0,2.7184312818759872e+23,0.0,-0.0,-107615392.0,0.0,0.0,0.0,0.0,77,0.0,-0.0,0.0,0.0,0.0,0.0,0.0,0.0,0.0,0,0,0,0.0,0.0,0.0,0.0,0.0,0.0,0.0,0.0,0.0,0.0,0.0,0.0,0.0,0.0,0.0,0.0,0,-107875648.0,77,0.0,154,0.0,0.0,ERR,ERR,ERR,ERR,ERR,ERR,ERR,ERR,ERR,ERR,ERR,ERR,ERR,ERR,ERR,ERR,ERR,ERR,ERR,ERR,ERR,ERR,ERR,ERR,ERR,ERR,ERR,ERR,ERR,ERR,ERR,ERR,ERR,ERR,ERR,ERR,ERR,ERR,ERR,ERR,ERR,ERR,ERR,ERR,ERR,ERR,ERR,ERR,ERR,ERR,ERR,ERR,ERR,ERR,ERR,ERR,ERR,ERR,ERR,ERR,ERR,ERR,ERR,ERR,ERR,ERR,ERR,34.0,80.0,35,0.0,0.0,0.0,0.0,0.0,0.0,0.0,0.0,0.0,0.0,0.0,0.0,0.0,0.0,0.0,0.0,66.4,0,120,58,53,65476,0,300,0,0,8,20529,65476,0,0,57672,80.0,0.0,0.0,0.0,0.0,0.0
2026-06-18T02:36:55,ERR,ERR,ERR,ERR,ERR,ERR,ERR,ERR,ERR,ERR,ERR,ERR,ERR,ERR,ERR,ERR,ERR,ERR,ERR,ERR,ERR,ERR,ERR,ERR,ERR,ERR,ERR,ERR,ERR,ERR,ERR,ERR,ERR,ERR,ERR,ERR,ERR,ERR,ERR,ERR,ERR,ERR,ERR,ERR,ERR,ERR,ERR,ERR,ERR,ERR,ERR,ERR,ERR,ERR,ERR,ERR,ERR,ERR,ERR,ERR,ERR,ERR,ERR,ERR,ERR,ERR,ERR,ERR,ERR,ERR,ERR,ERR,ERR,ERR,ERR,ERR,ERR,ERR,ERR,ERR,ERR,ERR,ERR,ERR,ERR,ERR,ERR,ERR,ERR,ERR,ERR,ERR,ERR,ERR,ERR,ERR,ERR,ERR,ERR,ERR,ERR,ERR,ERR,ERR,ERR,ERR,ERR,ERR,ERR,ERR,ERR,ERR,ERR,ERR,ERR,ERR,ERR,ERR,ERR,ERR,ERR,ERR,ERR,ERR,ERR,2.7184312818759872e+23,0.0,0.0,0.0,nan,1.3936040501711995e+18,7.805,-5533387829805056.0,0,0,4,48935,6720,14723890282496.0,100,0.0,0.0,0.0,0.0,0.0,0,0,0,0,0.0,0,0,0,0,0,0,0,0,0,0,0,0,0,0,0,0,0,0,0,0,0,0,0,0,0,0,0,0,0,0,0,0,0,26,51,50,76,65476,0,300,0,0,8,21553,0.0,-107605600.0,0.0,0.0,0.0,0.0,0.0,0.0,0.0,0.0,0.0,0.0,0.0,0.0,0.0,0.0,0.0,0.0,0.0,0.0,0.0,0.0,-2.004,2.004,-2.004,-2.004,0.0,0.0,0.0,0.0,4775.0,-0.0,7286.0,2.7184312818759872e+23,0.0,-0.0,-107615392.0,0.0,0.0,0.0,0.0,77,0.0,-0.0,0.0,0.0,0.0,0.0,0.0,0.0,0.0,0,0,0,0.0,0.0,0.0,0.0,0.0,0.0,0.0,0.0,0.0,0.0,0.0,0.0,0.0,0.0,0.0,0.0,0,-107875648.0,77,0.0,154,0.0,0.0,ERR,ERR,ERR,ERR,ERR,ERR,ERR,ERR,ERR,ERR,ERR,ERR,ERR,ERR,ERR,ERR,ERR,ERR,ERR,ERR,ERR,ERR,ERR,ERR,ERR,ERR,ERR,ERR,ERR,ERR,ERR,ERR,ERR,ERR,ERR,ERR,ERR,ERR,ERR,ERR,ERR,ERR,ERR,ERR,ERR,ERR,ERR,ERR,ERR,ERR,ERR,ERR,ERR,ERR,ERR,ERR,ERR,ERR,ERR,ERR,ERR,ERR,ERR,ERR,ERR,ERR,ERR,34.0,80.0,35,0.0,0.0,0.0,0.0,0.0,0.0,0.0,0.0,0.0,0.0,0.0,0.0,0.0,0.0,0.0,0.0,65.6,0,120,58,53,65476,0,300,0,0,8,20529,65476,0,0,57672,80.0,0.0,0.0,0.0,0.0,0.0
2026-06-18T02:36:56,ERR,ERR,ERR,ERR,ERR,ERR,ERR,ERR,ERR,ERR,ERR,ERR,ERR,ERR,ERR,ERR,ERR,ERR,ERR,ERR,ERR,ERR,ERR,ERR,ERR,ERR,ERR,ERR,ERR,ERR,ERR,ERR,ERR,ERR,ERR,ERR,ERR,ERR,ERR,ERR,ERR,ERR,ERR,ERR,ERR,ERR,ERR,ERR,ERR,ERR,ERR,ERR,ERR,ERR,ERR,ERR,ERR,ERR,ERR,ERR,ERR,ERR,ERR,ERR,ERR,ERR,ERR,ERR,ERR,ERR,ERR,ERR,ERR,ERR,ERR,ERR,ERR,ERR,ERR,ERR,ERR,ERR,ERR,ERR,ERR,ERR,ERR,ERR,ERR,ERR,ERR,ERR,ERR,ERR,ERR,ERR,ERR,ERR,ERR,ERR,ERR,ERR,ERR,ERR,ERR,ERR,ERR,ERR,ERR,ERR,ERR,ERR,ERR,ERR,ERR,ERR,ERR,ERR,ERR,ERR,ERR,ERR,ERR,ERR,ERR,2.7184312818759872e+23,0.0,0.0,0.0,nan,1.3936040501711995e+18,7.805,-5533387829805056.0,0,0,4,48935,6720,14723890282496.0,100,0.0,0.0,0.0,0.0,0.0,0,0,0,0,0.0,0,0,0,0,0,0,0,0,0,0,0,0,0,0,0,0,0,0,0,0,0,0,0,0,0,0,0,0,0,0,0,0,0,26,51,50,76,65476,0,300,0,0,8,21553,0.0,-107605600.0,0.0,0.0,0.0,0.0,0.0,0.0,0.0,0.0,0.0,0.0,0.0,0.0,0.0,0.0,0.0,0.0,0.0,0.0,0.0,0.0,-2.004,2.004,-2.004,-2.004,0.0,0.0,0.0,0.0,4775.0,-0.0,7286.0,2.7184312818759872e+23,0.0,-0.0,-107615392.0,0.0,0.0,0.0,0.0,77,0.0,-0.0,0.0,0.0,0.0,0.0,0.0,0.0,0.0,0,0,0,0.0,0.0,0.0,0.0,0.0,0.0,0.0,0.0,0.0,0.0,0.0,0.0,0.0,0.0,0.0,0.0,0,-107875648.0,77,0.0,154,0.0,0.0,ERR,ERR,ERR,ERR,ERR,ERR,ERR,ERR,ERR,ERR,ERR,ERR,ERR,ERR,ERR,ERR,ERR,ERR,ERR,ERR,ERR,ERR,ERR,ERR,ERR,ERR,ERR,ERR,ERR,ERR,ERR,ERR,ERR,ERR,ERR,ERR,ERR,ERR,ERR,ERR,ERR,ERR,ERR,ERR,ERR,ERR,ERR,ERR,ERR,ERR,ERR,ERR,ERR,ERR,ERR,ERR,ERR,ERR,ERR,ERR,ERR,ERR,ERR,ERR,ERR,ERR,ERR,34.0,80.0,35,0.0,0.0,0.0,0.0,0.0,0.0,0.0,0.0,0.0,0.0,0.0,0.0,0.0,0.0,0.0,0.0,65.6,0,120,58,53,65476,0,300,0,0,8,20529,65476,0,0,57672,80.0,0.0,0.0,0.0,0.0,0.0
2026-06-18T02:36:57,ERR,ERR,ERR,ERR,ERR,ERR,ERR,ERR,ERR,ERR,ERR,ERR,ERR,ERR,ERR,ERR,ERR,ERR,ERR,ERR,ERR,ERR,ERR,ERR,ERR,ERR,ERR,ERR,ERR,ERR,ERR,ERR,ERR,ERR,ERR,ERR,ERR,ERR,ERR,ERR,ERR,ERR,ERR,ERR,ERR,ERR,ERR,ERR,ERR,ERR,ERR,ERR,ERR,ERR,ERR,ERR,ERR,ERR,ERR,ERR,ERR,ERR,ERR,ERR,ERR,ERR,ERR,ERR,ERR,ERR,ERR,ERR,ERR,ERR,ERR,ERR,ERR,ERR,ERR,ERR,ERR,ERR,ERR,ERR,ERR,ERR,ERR,ERR,ERR,ERR,ERR,ERR,ERR,ERR,ERR,ERR,ERR,ERR,ERR,ERR,ERR,ERR,ERR,ERR,ERR,ERR,ERR,ERR,ERR,ERR,ERR,ERR,ERR,ERR,ERR,ERR,ERR,ERR,ERR,ERR,ERR,ERR,ERR,ERR,ERR,2.7184312818759872e+23,0.0,-0.0,-0.0,nan,1.3936040501711995e+18,7.805,1.2122276757504e+16,0,0,4,48927,6720,14723890282496.0,100,0.0,0.0,0.0,-0.0,0.0,0,0,0,0,0.0,0,0,0,0,0,0,0,0,0,0,0,0,0,0,0,0,0,0,0,0,0,0,0,0,0,0,0,0,0,0,0,0,0,26,51,50,76,65476,0,300,0,0,8,21553,0.0,-107605600.0,0.0,0.0,0.0,0.0,0.0,0.0,0.0,0.0,0.0,0.0,0.0,0.0,0.0,0.0,0.0,0.0,0.0,0.0,0.0,0.0,-2.004,2.004,-2.004,0.0,0.0,0.0,0.0,0.0,4771.0,-0.0,7284.0,2.7184312818759872e+23,0.0,-0.0,-107615392.0,0.0,0.0,0.0,0.0,77,0.0,-0.0,0.0,0.0,0.0,0.0,0.0,0.0,0.0,0,0,0,0.0,0.0,0.0,0.0,0.0,0.0,0.0,0.0,0.0,0.0,0.0,0.0,0.0,0.0,0.0,0.0,0,-107875648.0,77,0.0,154,0.0,0.0,ERR,ERR,ERR,ERR,ERR,ERR,ERR,ERR,ERR,ERR,ERR,ERR,ERR,ERR,ERR,ERR,ERR,ERR,ERR,ERR,ERR,ERR,ERR,ERR,ERR,ERR,ERR,ERR,ERR,ERR,ERR,ERR,ERR,ERR,ERR,ERR,ERR,ERR,ERR,ERR,ERR,ERR,ERR,ERR,ERR,ERR,ERR,ERR,ERR,ERR,ERR,ERR,ERR,ERR,ERR,ERR,ERR,ERR,ERR,ERR,ERR,ERR,ERR,ERR,ERR,ERR,ERR,34.0,80.0,35,0.0,0.0,0.0,0.0,0.0,0.0,0.0,0.0,0.0,0.0,0.0,0.0,0.0,0.0,0.0,0.0,66.4,0,120,58,53,65476,0,300,0,0,8,20529,65476,0,0,57672,80.0,0.0,0.0,0.0,0.0,0.0
2026-06-18T02:36:58,ERR,ERR,ERR,ERR,ERR,ERR,ERR,ERR,ERR,ERR,ERR,ERR,ERR,ERR,ERR,ERR,ERR,ERR,ERR,ERR,ERR,ERR,ERR,ERR,ERR,ERR,ERR,ERR,ERR,ERR,ERR,ERR,ERR,ERR,ERR,ERR,ERR,ERR,ERR,ERR,ERR,ERR,ERR,ERR,ERR,ERR,ERR,ERR,ERR,ERR,ERR,ERR,ERR,ERR,ERR,ERR,ERR,ERR,ERR,ERR,ERR,ERR,ERR,ERR,ERR,ERR,ERR,ERR,ERR,ERR,ERR,ERR,ERR,ERR,ERR,ERR,ERR,ERR,ERR,ERR,ERR,ERR,ERR,ERR,ERR,ERR,ERR,ERR,ERR,ERR,ERR,ERR,ERR,ERR,ERR,ERR,ERR,ERR,ERR,ERR,ERR,ERR,ERR,ERR,ERR,ERR,ERR,ERR,ERR,ERR,ERR,ERR,ERR,ERR,ERR,ERR,ERR,ERR,ERR,ERR,ERR,ERR,ERR,ERR,ERR,2.7184312818759872e+23,0.0,-0.0,-0.0,nan,1.3936040501711995e+18,7.805,1.2122276757504e+16,0,0,4,48927,6720,14723890282496.0,100,0.0,0.0,0.0,-0.0,0.0,0,0,0,0,0.0,0,0,0,0,0,0,0,0,0,0,0,0,0,0,0,0,0,0,0,0,0,0,0,0,0,0,0,0,0,0,0,0,0,26,51,50,76,65476,0,300,0,0,8,21553,0.0,-107605600.0,0.0,0.0,0.0,0.0,0.0,0.0,0.0,0.0,0.0,0.0,0.0,0.0,0.0,0.0,0.0,0.0,0.0,0.0,0.0,0.0,-2.004,2.004,-2.004,0.0,0.0,0.0,0.0,0.0,4771.0,-0.0,7284.0,2.7184312818759872e+23,0.0,-0.0,-107615392.0,0.0,0.0,0.0,0.0,77,0.0,-0.0,0.0,0.0,0.0,0.0,0.0,0.0,0.0,0,0,0,0.0,0.0,0.0,0.0,0.0,0.0,0.0,0.0,0.0,0.0,0.0,0.0,0.0,0.0,0.0,0.0,0,-107875648.0,77,0.0,154,0.0,0.0,ERR,ERR,ERR,ERR,ERR,ERR,ERR,ERR,ERR,ERR,ERR,ERR,ERR,ERR,ERR,ERR,ERR,ERR,ERR,ERR,ERR,ERR,ERR,ERR,ERR,ERR,ERR,ERR,ERR,ERR,ERR,ERR,ERR,ERR,ERR,ERR,ERR,ERR,ERR,ERR,ERR,ERR,ERR,ERR,ERR,ERR,ERR,ERR,ERR,ERR,ERR,ERR,ERR,ERR,ERR,ERR,ERR,ERR,ERR,ERR,ERR,ERR,ERR,ERR,ERR,ERR,ERR,34.0,80.0,35,0.0,0.0,0.0,0.0,0.0,0.0,0.0,0.0,0.0,0.0,0.0,0.0,0.0,0.0,0.0,0.0,66.4,0,120,58,53,65476,0,300,0,0,8,20529,65476,0,0,57672,80.0,0.0,0.0,0.0,0.0,0.0
2026-06-18T02:36:59,ERR,ERR,ERR,ERR,ERR,ERR,ERR,ERR,ERR,ERR,ERR,ERR,ERR,ERR,ERR,ERR,ERR,ERR,ERR,ERR,ERR,ERR,ERR,ERR,ERR,ERR,ERR,ERR,ERR,ERR,ERR,ERR,ERR,ERR,ERR,ERR,ERR,ERR,ERR,ERR,ERR,ERR,ERR,ERR,ERR,ERR,ERR,ERR,ERR,ERR,ERR,ERR,ERR,ERR,ERR,ERR,ERR,ERR,ERR,ERR,ERR,ERR,ERR,ERR,ERR,ERR,ERR,ERR,ERR,ERR,ERR,ERR,ERR,ERR,ERR,ERR,ERR,ERR,ERR,ERR,ERR,ERR,ERR,ERR,ERR,ERR,ERR,ERR,ERR,ERR,ERR,ERR,ERR,ERR,ERR,ERR,ERR,ERR,ERR,ERR,ERR,ERR,ERR,ERR,ERR,ERR,ERR,ERR,ERR,ERR,ERR,ERR,ERR,ERR,ERR,ERR,ERR,ERR,ERR,ERR,ERR,ERR,ERR,ERR,ERR,2.7184312818759872e+23,0.0,-0.0,-0.0,nan,1.3936040501711995e+18,7.805,1.2122276757504e+16,0,0,4,48927,6720,14723890282496.0,100,0.0,0.0,0.0,-0.0,0.0,0,0,0,0,0.0,0,0,0,0,0,0,0,0,0,0,0,0,0,0,0,0,0,0,0,0,0,0,0,0,0,0,0,0,0,0,0,0,0,26,51,50,76,65476,0,300,0,0,8,21553,0.0,-107605600.0,0.0,0.0,0.0,0.0,0.0,0.0,0.0,0.0,0.0,0.0,0.0,0.0,0.0,0.0,0.0,0.0,0.0,0.0,0.0,0.0,-2.004,2.004,-2.004,0.0,0.0,0.0,0.0,0.0,4771.0,-0.0,7284.0,2.7184312818759872e+23,0.0,-0.0,-107615392.0,0.0,0.0,0.0,0.0,77,0.0,-0.0,0.0,0.0,0.0,0.0,0.0,0.0,0.0,0,0,0,0.0,0.0,0.0,0.0,0.0,0.0,0.0,0.0,0.0,0.0,0.0,0.0,0.0,0.0,0.0,0.0,0,-107875648.0,77,0.0,154,0.0,0.0,ERR,ERR,ERR,ERR,ERR,ERR,ERR,ERR,ERR,ERR,ERR,ERR,ERR,ERR,ERR,ERR,ERR,ERR,ERR,ERR,ERR,ERR,ERR,ERR,ERR,ERR,ERR,ERR,ERR,ERR,ERR,ERR,ERR,ERR,ERR,ERR,ERR,ERR,ERR,ERR,ERR,ERR,ERR,ERR,ERR,ERR,ERR,ERR,ERR,ERR,ERR,ERR,ERR,ERR,ERR,ERR,ERR,ERR,ERR,ERR,ERR,ERR,ERR,ERR,ERR,ERR,ERR,34.0,80.0,35,0.0,0.0,0.0,0.0,0.0,0.0,0.0,0.0,0.0,0.0,0.0,0.0,0.0,0.0,0.0,0.0,65.6,0,120,58,53,65476,0,300,0,0,8,20529,65476,0,0,57672,80.0,0.0,0.0,0.0,0.0,0.0
2026-06-18T02:37:00,ERR,ERR,ERR,ERR,ERR,ERR,ERR,ERR,ERR,ERR,ERR,ERR,ERR,ERR,ERR,ERR,ERR,ERR,ERR,ERR,ERR,ERR,ERR,ERR,ERR,ERR,ERR,ERR,ERR,ERR,ERR,ERR,ERR,ERR,ERR,ERR,ERR,ERR,ERR,ERR,ERR,ERR,ERR,ERR,ERR,ERR,ERR,ERR,ERR,ERR,ERR,ERR,ERR,ERR,ERR,ERR,ERR,ERR,ERR,ERR,ERR,ERR,ERR,ERR,ERR,ERR,ERR,ERR,ERR,ERR,ERR,ERR,ERR,ERR,ERR,ERR,ERR,ERR,ERR,ERR,ERR,ERR,ERR,ERR,ERR,ERR,ERR,ERR,ERR,ERR,ERR,ERR,ERR,ERR,ERR,ERR,ERR,ERR,ERR,ERR,ERR,ERR,ERR,ERR,ERR,ERR,ERR,ERR,ERR,ERR,ERR,ERR,ERR,ERR,ERR,ERR,ERR,ERR,ERR,ERR,ERR,ERR,ERR,ERR,ERR,2.7184312818759872e+23,0.0,-0.0,-0.0,nan,1.3936040501711995e+18,7.805,1.2122276757504e+16,0,0,4,48927,6720,14723890282496.0,100,0.0,0.0,0.0,-0.0,0.0,0,0,0,0,0.0,0,0,0,0,0,0,0,0,0,0,0,0,0,0,0,0,0,0,0,0,0,0,0,0,0,0,0,0,0,0,0,0,0,26,51,50,76,65476,0,300,0,0,8,21553,0.0,-107605600.0,0.0,0.0,0.0,0.0,0.0,0.0,0.0,0.0,0.0,0.0,0.0,0.0,0.0,0.0,0.0,0.0,0.0,0.0,0.0,0.0,-2.004,2.004,-2.004,0.0,0.0,0.0,0.0,0.0,4771.0,-0.0,7284.0,2.7184312818759872e+23,0.0,-0.0,-107615392.0,0.0,0.0,0.0,0.0,77,0.0,-0.0,0.0,0.0,0.0,0.0,0.0,0.0,0.0,0,0,0,0.0,0.0,0.0,0.0,0.0,0.0,0.0,0.0,0.0,0.0,0.0,0.0,0.0,0.0,0.0,0.0,0,-107875648.0,77,0.0,154,0.0,0.0,ERR,ERR,ERR,ERR,ERR,ERR,ERR,ERR,ERR,ERR,ERR,ERR,ERR,ERR,ERR,ERR,ERR,ERR,ERR,ERR,ERR,ERR,ERR,ERR,ERR,ERR,ERR,ERR,ERR,ERR,ERR,ERR,ERR,ERR,ERR,ERR,ERR,ERR,ERR,ERR,ERR,ERR,ERR,ERR,ERR,ERR,ERR,ERR,ERR,ERR,ERR,ERR,ERR,ERR,ERR,ERR,ERR,ERR,ERR,ERR,ERR,ERR,ERR,ERR,ERR,ERR,ERR,34.0,80.0,35,0.0,0.0,0.0,0.0,0.0,0.0,0.0,0.0,0.0,0.0,0.0,0.0,0.0,0.0,0.0,0.0,65.6,0,120,58,53,65476,0,300,0,0,8,20529,65476,0,0,57672,80.0,0.0,0.0,0.0,0.0,0.0
2026-06-18T02:37:01,ERR,ERR,ERR,ERR,ERR,ERR,ERR,ERR,ERR,ERR,ERR,ERR,ERR,ERR,ERR,ERR,ERR,ERR,ERR,ERR,ERR,ERR,ERR,ERR,ERR,ERR,ERR,ERR,ERR,ERR,ERR,ERR,ERR,ERR,ERR,ERR,ERR,ERR,ERR,ERR,ERR,ERR,ERR,ERR,ERR,ERR,ERR,ERR,ERR,ERR,ERR,ERR,ERR,ERR,ERR,ERR,ERR,ERR,ERR,ERR,ERR,ERR,ERR,ERR,ERR,ERR,ERR,ERR,ERR,ERR,ERR,ERR,ERR,ERR,ERR,ERR,ERR,ERR,ERR,ERR,ERR,ERR,ERR,ERR,ERR,ERR,ERR,ERR,ERR,ERR,ERR,ERR,ERR,ERR,ERR,ERR,ERR,ERR,ERR,ERR,ERR,ERR,ERR,ERR,ERR,ERR,ERR,ERR,ERR,ERR,ERR,ERR,ERR,ERR,ERR,ERR,ERR,ERR,ERR,ERR,ERR,ERR,ERR,ERR,ERR,2.7184312818759872e+23,0.0,-0.0,-0.0,nan,1.3936040501711995e+18,7.805,1.2122276757504e+16,0,0,4,48927,6720,14723890282496.0,100,0.0,0.0,0.0,-0.0,0.0,0,0,0,0,0.0,0,0,0,0,0,0,0,0,0,0,0,0,0,0,0,0,0,0,0,0,0,0,0,0,0,0,0,0,0,0,0,0,0,26,51,50,76,65476,0,300,0,0,8,21553,0.0,-107605600.0,0.0,0.0,0.0,0.0,0.0,0.0,0.0,0.0,0.0,0.0,0.0,0.0,0.0,0.0,0.0,0.0,0.0,0.0,0.0,0.0,-2.004,2.004,-2.004,0.0,0.0,0.0,0.0,0.0,4771.0,-0.0,7284.0,2.7184312818759872e+23,0.0,-0.0,-107615392.0,0.0,0.0,0.0,0.0,77,0.0,-0.0,0.0,0.0,0.0,0.0,0.0,0.0,0.0,0,0,0,0.0,0.0,0.0,0.0,0.0,0.0,0.0,0.0,0.0,0.0,0.0,0.0,0.0,0.0,0.0,0.0,0,-107875648.0,77,0.0,154,0.0,0.0,ERR,ERR,ERR,ERR,ERR,ERR,ERR,ERR,ERR,ERR,ERR,ERR,ERR,ERR,ERR,ERR,ERR,ERR,ERR,ERR,ERR,ERR,ERR,ERR,ERR,ERR,ERR,ERR,ERR,ERR,ERR,ERR,ERR,ERR,ERR,ERR,ERR,ERR,ERR,ERR,ERR,ERR,ERR,ERR,ERR,ERR,ERR,ERR,ERR,ERR,ERR,ERR,ERR,ERR,ERR,ERR,ERR,ERR,ERR,ERR,ERR,ERR,ERR,ERR,ERR,ERR,ERR,34.0,80.0,35,0.0,0.0,0.0,0.0,0.0,0.0,0.0,0.0,0.0,0.0,0.0,0.0,0.0,0.0,0.0,0.0,65.6,0,120,58,53,65476,0,300,0,0,8,20529,65476,0,0,57672,80.0,0.0,0.0,0.0,0.0,0.0
2026-06-18T02:37:02,ERR,ERR,ERR,ERR,ERR,ERR,ERR,ERR,ERR,ERR,ERR,ERR,ERR,ERR,ERR,ERR,ERR,ERR,ERR,ERR,ERR,ERR,ERR,ERR,ERR,ERR,ERR,ERR,ERR,ERR,ERR,ERR,ERR,ERR,ERR,ERR,ERR,ERR,ERR,ERR,ERR,ERR,ERR,ERR,ERR,ERR,ERR,ERR,ERR,ERR,ERR,ERR,ERR,ERR,ERR,ERR,ERR,ERR,ERR,ERR,ERR,ERR,ERR,ERR,ERR,ERR,ERR,ERR,ERR,ERR,ERR,ERR,ERR,ERR,ERR,ERR,ERR,ERR,ERR,ERR,ERR,ERR,ERR,ERR,ERR,ERR,ERR,ERR,ERR,ERR,ERR,ERR,ERR,ERR,ERR,ERR,ERR,ERR,ERR,ERR,ERR,ERR,ERR,ERR,ERR,ERR,ERR,ERR,ERR,ERR,ERR,ERR,ERR,ERR,ERR,ERR,ERR,ERR,ERR,ERR,ERR,ERR,ERR,ERR,ERR,2.7184312818759872e+23,0.0,-0.0,0.0,nan,1.3936040501711995e+18,7.805,118629576.0,0,0,4,48930,6720,14723890282496.0,100,0.0,0.0,0.0,0.0,0.0,0,0,0,0,0.0,0,0,0,0,0,0,0,0,0,0,0,0,0,0,0,0,0,0,0,0,0,0,0,0,0,0,0,0,0,0,0,0,0,26,51,50,76,65476,0,300,0,0,8,21553,0.0,-107605600.0,0.0,0.0,0.0,0.0,0.0,0.0,0.0,0.0,0.0,0.0,0.0,0.0,0.0,0.0,0.0,0.0,0.0,0.0,0.0,0.0,-2.004,2.004,-2.004,-2.004,0.0,0.0,0.0,0.0,4775.0,-2.004,7288.0,2.7184312818759872e+23,0.0,-0.0,-107615392.0,0.0,0.0,0.0,0.0,77,0.0,-0.0,0.0,0.0,0.0,0.0,0.0,0.0,0.0,0,0,0,0.0,0.0,0.0,0.0,0.0,0.0,0.0,0.0,0.0,0.0,0.0,0.0,0.0,0.0,0.0,0.0,0,-107875648.0,77,0.0,154,0.0,0.0,ERR,ERR,ERR,ERR,ERR,ERR,ERR,ERR,ERR,ERR,ERR,ERR,ERR,ERR,ERR,ERR,ERR,ERR,ERR,ERR,ERR,ERR,ERR,ERR,ERR,ERR,ERR,ERR,ERR,ERR,ERR,ERR,ERR,ERR,ERR,ERR,ERR,ERR,ERR,ERR,ERR,ERR,ERR,ERR,ERR,ERR,ERR,ERR,ERR,ERR,ERR,ERR,ERR,ERR,ERR,ERR,ERR,ERR,ERR,ERR,ERR,ERR,ERR,ERR,ERR,ERR,ERR,34.0,80.0,35,0.0,0.0,0.0,0.0,0.0,0.0,0.0,0.0,0.0,0.0,0.0,0.0,0.0,0.0,0.0,0.0,66.4,0,120,58,53,65476,0,300,0,0,8,20529,65476,0,0,57672,80.0,0.0,0.0,0.0,0.0,0.0
2026-06-18T02:37:03,ERR,ERR,ERR,ERR,ERR,ERR,ERR,ERR,ERR,ERR,ERR,ERR,ERR,ERR,ERR,ERR,ERR,ERR,ERR,ERR,ERR,ERR,ERR,ERR,ERR,ERR,ERR,ERR,ERR,ERR,ERR,ERR,ERR,ERR,ERR,ERR,ERR,ERR,ERR,ERR,ERR,ERR,ERR,ERR,ERR,ERR,ERR,ERR,ERR,ERR,ERR,ERR,ERR,ERR,ERR,ERR,ERR,ERR,ERR,ERR,ERR,ERR,ERR,ERR,ERR,ERR,ERR,ERR,ERR,ERR,ERR,ERR,ERR,ERR,ERR,ERR,ERR,ERR,ERR,ERR,ERR,ERR,ERR,ERR,ERR,ERR,ERR,ERR,ERR,ERR,ERR,ERR,ERR,ERR,ERR,ERR,ERR,ERR,ERR,ERR,ERR,ERR,ERR,ERR,ERR,ERR,ERR,ERR,ERR,ERR,ERR,ERR,ERR,ERR,ERR,ERR,ERR,ERR,ERR,ERR,ERR,ERR,ERR,ERR,ERR,2.7184312818759872e+23,0.0,-0.0,0.0,nan,1.3936040501711995e+18,7.805,118629576.0,0,0,4,48930,6720,14723890282496.0,100,0.0,0.0,0.0,0.0,0.0,0,0,0,0,0.0,0,0,0,0,0,0,0,0,0,0,0,0,0,0,0,0,0,0,0,0,0,0,0,0,0,0,0,0,0,0,0,0,0,26,51,50,76,65476,0,300,0,0,8,21553,0.0,-107605600.0,0.0,0.0,0.0,0.0,0.0,0.0,0.0,0.0,0.0,0.0,0.0,0.0,0.0,0.0,0.0,0.0,0.0,0.0,0.0,0.0,-2.004,2.004,-2.004,-2.004,0.0,0.0,0.0,0.0,4775.0,-2.004,7288.0,2.7184312818759872e+23,0.0,-0.0,-107615392.0,0.0,0.0,0.0,0.0,77,0.0,-0.0,0.0,0.0,0.0,0.0,0.0,0.0,0.0,0,0,0,0.0,0.0,0.0,0.0,0.0,0.0,0.0,0.0,0.0,0.0,0.0,0.0,0.0,0.0,0.0,0.0,0,-107875648.0,77,0.0,154,0.0,0.0,ERR,ERR,ERR,ERR,ERR,ERR,ERR,ERR,ERR,ERR,ERR,ERR,ERR,ERR,ERR,ERR,ERR,ERR,ERR,ERR,ERR,ERR,ERR,ERR,ERR,ERR,ERR,ERR,ERR,ERR,ERR,ERR,ERR,ERR,ERR,ERR,ERR,ERR,ERR,ERR,ERR,ERR,ERR,ERR,ERR,ERR,ERR,ERR,ERR,ERR,ERR,ERR,ERR,ERR,ERR,ERR,ERR,ERR,ERR,ERR,ERR,ERR,ERR,ERR,ERR,ERR,ERR,34.0,80.0,35,0.0,0.0,0.0,0.0,0.0,0.0,0.0,0.0,0.0,0.0,0.0,0.0,0.0,0.0,0.0,0.0,66.4,0,120,58,53,65476,0,300,0,0,8,20529,65476,0,0,57672,80.0,0.0,0.0,0.0,0.0,0.0
2026-06-18T02:37:04,ERR,ERR,ERR,ERR,ERR,ERR,ERR,ERR,ERR,ERR,ERR,ERR,ERR,ERR,ERR,ERR,ERR,ERR,ERR,ERR,ERR,ERR,ERR,ERR,ERR,ERR,ERR,ERR,ERR,ERR,ERR,ERR,ERR,ERR,ERR,ERR,ERR,ERR,ERR,ERR,ERR,ERR,ERR,ERR,ERR,ERR,ERR,ERR,ERR,ERR,ERR,ERR,ERR,ERR,ERR,ERR,ERR,ERR,ERR,ERR,ERR,ERR,ERR,ERR,ERR,ERR,ERR,ERR,ERR,ERR,ERR,ERR,ERR,ERR,ERR,ERR,ERR,ERR,ERR,ERR,ERR,ERR,ERR,ERR,ERR,ERR,ERR,ERR,ERR,ERR,ERR,ERR,ERR,ERR,ERR,ERR,ERR,ERR,ERR,ERR,ERR,ERR,ERR,ERR,ERR,ERR,ERR,ERR,ERR,ERR,ERR,ERR,ERR,ERR,ERR,ERR,ERR,ERR,ERR,ERR,ERR,ERR,ERR,ERR,ERR,2.7184312818759872e+23,0.0,-0.0,0.0,nan,1.3936040501711995e+18,7.805,118629576.0,0,0,4,48930,6720,14723890282496.0,100,0.0,0.0,0.0,0.0,0.0,0,0,0,0,0.0,0,0,0,0,0,0,0,0,0,0,0,0,0,0,0,0,0,0,0,0,0,0,0,0,0,0,0,0,0,0,0,0,0,26,51,50,76,65476,0,300,0,0,8,21553,0.0,-107605600.0,0.0,0.0,0.0,0.0,0.0,0.0,0.0,0.0,0.0,0.0,0.0,0.0,0.0,0.0,0.0,0.0,0.0,0.0,0.0,0.0,-2.004,2.004,-2.004,-2.004,0.0,0.0,0.0,0.0,4775.0,-2.004,7288.0,2.7184312818759872e+23,0.0,-0.0,-107615392.0,0.0,0.0,0.0,0.0,77,0.0,-0.0,0.0,0.0,0.0,0.0,0.0,0.0,0.0,0,0,0,0.0,0.0,0.0,0.0,0.0,0.0,0.0,0.0,0.0,0.0,0.0,0.0,0.0,0.0,0.0,0.0,0,-107875648.0,77,0.0,154,0.0,0.0,ERR,ERR,ERR,ERR,ERR,ERR,ERR,ERR,ERR,ERR,ERR,ERR,ERR,ERR,ERR,ERR,ERR,ERR,ERR,ERR,ERR,ERR,ERR,ERR,ERR,ERR,ERR,ERR,ERR,ERR,ERR,ERR,ERR,ERR,ERR,ERR,ERR,ERR,ERR,ERR,ERR,ERR,ERR,ERR,ERR,ERR,ERR,ERR,ERR,ERR,ERR,ERR,ERR,ERR,ERR,ERR,ERR,ERR,ERR,ERR,ERR,ERR,ERR,ERR,ERR,ERR,ERR,34.0,80.0,35,0.0,0.0,0.0,0.0,0.0,0.0,0.0,0.0,0.0,0.0,0.0,0.0,0.0,0.0,0.0,0.0,66.0,0,120,58,53,65476,0,300,0,0,8,20529,65476,0,0,57672,80.0,0.0,0.0,0.0,0.0,0.0
2026-06-18T02:37:05,ERR,ERR,ERR,ERR,ERR,ERR,ERR,ERR,ERR,ERR,ERR,ERR,ERR,ERR,ERR,ERR,ERR,ERR,ERR,ERR,ERR,ERR,ERR,ERR,ERR,ERR,ERR,ERR,ERR,ERR,ERR,ERR,ERR,ERR,ERR,ERR,ERR,ERR,ERR,ERR,ERR,ERR,ERR,ERR,ERR,ERR,ERR,ERR,ERR,ERR,ERR,ERR,ERR,ERR,ERR,ERR,ERR,ERR,ERR,ERR,ERR,ERR,ERR,ERR,ERR,ERR,ERR,ERR,ERR,ERR,ERR,ERR,ERR,ERR,ERR,ERR,ERR,ERR,ERR,ERR,ERR,ERR,ERR,ERR,ERR,ERR,ERR,ERR,ERR,ERR,ERR,ERR,ERR,ERR,ERR,ERR,ERR,ERR,ERR,ERR,ERR,ERR,ERR,ERR,ERR,ERR,ERR,ERR,ERR,ERR,ERR,ERR,ERR,ERR,ERR,ERR,ERR,ERR,ERR,ERR,ERR,ERR,ERR,ERR,ERR,2.7184312818759872e+23,0.0,-0.0,0.0,nan,1.3936040501711995e+18,7.805,118629576.0,0,0,4,48930,6720,14723890282496.0,100,0.0,0.0,0.0,0.0,0.0,0,0,0,0,0.0,0,0,0,0,0,0,0,0,0,0,0,0,0,0,0,0,0,0,0,0,0,0,0,0,0,0,0,0,0,0,0,0,0,26,51,50,76,65476,0,300,0,0,8,21553,0.0,-107605600.0,0.0,0.0,0.0,0.0,0.0,0.0,0.0,0.0,0.0,0.0,0.0,0.0,0.0,0.0,0.0,0.0,0.0,0.0,0.0,0.0,-2.004,2.004,-2.004,-2.004,0.0,0.0,0.0,0.0,4775.0,-2.004,7288.0,2.7184312818759872e+23,0.0,-0.0,-107615392.0,0.0,0.0,0.0,0.0,77,0.0,-0.0,0.0,0.0,0.0,0.0,0.0,0.0,0.0,0,0,0,0.0,0.0,0.0,0.0,0.0,0.0,0.0,0.0,0.0,0.0,0.0,0.0,0.0,0.0,0.0,0.0,0,-107875648.0,77,0.0,154,0.0,0.0,ERR,ERR,ERR,ERR,ERR,ERR,ERR,ERR,ERR,ERR,ERR,ERR,ERR,ERR,ERR,ERR,ERR,ERR,ERR,ERR,ERR,ERR,ERR,ERR,ERR,ERR,ERR,ERR,ERR,ERR,ERR,ERR,ERR,ERR,ERR,ERR,ERR,ERR,ERR,ERR,ERR,ERR,ERR,ERR,ERR,ERR,ERR,ERR,ERR,ERR,ERR,ERR,ERR,ERR,ERR,ERR,ERR,ERR,ERR,ERR,ERR,ERR,ERR,ERR,ERR,ERR,ERR,34.0,80.0,35,0.0,0.0,0.0,0.0,0.0,0.0,0.0,0.0,0.0,0.0,0.0,0.0,0.0,0.0,0.0,0.0,66.0,0,120,58,53,65476,0,300,0,0,8,20529,65476,0,0,57672,80.0,0.0,0.0,0.0,0.0,0.0
2026-06-18T02:37:06,ERR,ERR,ERR,ERR,ERR,ERR,ERR,ERR,ERR,ERR,ERR,ERR,ERR,ERR,ERR,ERR,ERR,ERR,ERR,ERR,ERR,ERR,ERR,ERR,ERR,ERR,ERR,ERR,ERR,ERR,ERR,ERR,ERR,ERR,ERR,ERR,ERR,ERR,ERR,ERR,ERR,ERR,ERR,ERR,ERR,ERR,ERR,ERR,ERR,ERR,ERR,ERR,ERR,ERR,ERR,ERR,ERR,ERR,ERR,ERR,ERR,ERR,ERR,ERR,ERR,ERR,ERR,ERR,ERR,ERR,ERR,ERR,ERR,ERR,ERR,ERR,ERR,ERR,ERR,ERR,ERR,ERR,ERR,ERR,ERR,ERR,ERR,ERR,ERR,ERR,ERR,ERR,ERR,ERR,ERR,ERR,ERR,ERR,ERR,ERR,ERR,ERR,ERR,ERR,ERR,ERR,ERR,ERR,ERR,ERR,ERR,ERR,ERR,ERR,ERR,ERR,ERR,ERR,ERR,ERR,ERR,ERR,ERR,ERR,ERR,2.7184312818759872e+23,0.0,-0.0,0.0,nan,1.3936040501711995e+18,7.805,118629576.0,0,0,4,48930,6720,14723890282496.0,100,0.0,0.0,0.0,0.0,0.0,0,0,0,0,0.0,0,0,0,0,0,0,0,0,0,0,0,0,0,0,0,0,0,0,0,0,0,0,0,0,0,0,0,0,0,0,0,0,0,26,51,50,76,65476,0,300,0,0,8,21553,0.0,-107605600.0,0.0,0.0,0.0,0.0,0.0,0.0,0.0,0.0,0.0,0.0,0.0,0.0,0.0,0.0,0.0,0.0,0.0,0.0,0.0,0.0,-2.004,2.004,-2.004,-2.004,0.0,0.0,0.0,0.0,4775.0,-2.004,7288.0,2.7184312818759872e+23,0.0,-0.0,-107615392.0,0.0,0.0,0.0,0.0,77,0.0,-0.0,0.0,0.0,0.0,0.0,0.0,0.0,0.0,0,0,0,0.0,0.0,0.0,0.0,0.0,0.0,0.0,0.0,0.0,0.0,0.0,0.0,0.0,0.0,0.0,0.0,0,-107875648.0,77,0.0,154,0.0,0.0,ERR,ERR,ERR,ERR,ERR,ERR,ERR,ERR,ERR,ERR,ERR,ERR,ERR,ERR,ERR,ERR,ERR,ERR,ERR,ERR,ERR,ERR,ERR,ERR,ERR,ERR,ERR,ERR,ERR,ERR,ERR,ERR,ERR,ERR,ERR,ERR,ERR,ERR,ERR,ERR,ERR,ERR,ERR,ERR,ERR,ERR,ERR,ERR,ERR,ERR,ERR,ERR,ERR,ERR,ERR,ERR,ERR,ERR,ERR,ERR,ERR,ERR,ERR,ERR,ERR,ERR,ERR,34.0,80.0,35,0.0,0.0,0.0,0.0,0.0,0.0,0.0,0.0,0.0,0.0,0.0,0.0,0.0,0.0,0.0,0.0,66.0,0,120,58,53,65476,0,300,0,0,8,20529,65476,0,0,57672,80.0,0.0,0.0,0.0,0.0,0.0
2026-06-18T02:37:07,ERR,ERR,ERR,ERR,ERR,ERR,ERR,ERR,ERR,ERR,ERR,ERR,ERR,ERR,ERR,ERR,ERR,ERR,ERR,ERR,ERR,ERR,ERR,ERR,ERR,ERR,ERR,ERR,ERR,ERR,ERR,ERR,ERR,ERR,ERR,ERR,ERR,ERR,ERR,ERR,ERR,ERR,ERR,ERR,ERR,ERR,ERR,ERR,ERR,ERR,ERR,ERR,ERR,ERR,ERR,ERR,ERR,ERR,ERR,ERR,ERR,ERR,ERR,ERR,ERR,ERR,ERR,ERR,ERR,ERR,ERR,ERR,ERR,ERR,ERR,ERR,ERR,ERR,ERR,ERR,ERR,ERR,ERR,ERR,ERR,ERR,ERR,ERR,ERR,ERR,ERR,ERR,ERR,ERR,ERR,ERR,ERR,ERR,ERR,ERR,ERR,ERR,ERR,ERR,ERR,ERR,ERR,ERR,ERR,ERR,ERR,ERR,ERR,ERR,ERR,ERR,ERR,ERR,ERR,ERR,ERR,ERR,ERR,ERR,ERR,2.7184312818759872e+23,0.0,-0.0,-0.0,nan,1.3936040501711995e+18,7.805,1.2122276757504e+16,0,0,4,48930,6720,14723890282496.0,100,0.0,0.0,0.0,0.059,0.0,0,0,0,0,0.0,0,0,0,0,0,0,0,0,0,0,0,0,0,0,0,0,0,0,0,0,0,0,0,0,0,0,0,0,0,0,0,0,0,26,51,50,76,65476,0,300,0,0,8,21553,0.0,-107605600.0,0.0,0.0,0.0,0.0,0.0,0.0,0.0,0.0,0.0,0.0,0.0,0.0,0.0,0.0,0.0,0.0,0.0,0.0,0.0,0.0,-2.004,0.0,-2.004,0.0,0.0,0.0,0.0,0.0,4776.0,-8608175104.0,7290.0,2.7184312818759872e+23,0.0,-0.0,-0.0,0.0,0.0,0.0,0.0,77,0.0,-71.629,0.0,0.0,0.0,0.0,0.0,0.0,0.0,0,0,0,0.0,0.0,0.0,0.0,0.0,0.0,0.0,0.0,0.0,0.0,0.0,0.0,0.0,0.0,0.0,0.0,0,-107875648.0,77,0.0,154,0.0,0.0,ERR,ERR,ERR,ERR,ERR,ERR,ERR,ERR,ERR,ERR,ERR,ERR,ERR,ERR,ERR,ERR,ERR,ERR,ERR,ERR,ERR,ERR,ERR,ERR,ERR,ERR,ERR,ERR,ERR,ERR,ERR,ERR,ERR,ERR,ERR,ERR,ERR,ERR,ERR,ERR,ERR,ERR,ERR,ERR,ERR,ERR,ERR,ERR,ERR,ERR,ERR,ERR,ERR,ERR,ERR,ERR,ERR,ERR,ERR,ERR,ERR,ERR,ERR,ERR,ERR,ERR,ERR,34.0,80.0,35,0.0,0.0,0.0,0.0,0.0,0.0,0.0,0.0,0.0,0.0,0.0,0.0,0.0,0.0,0.0,0.0,66.0,0,120,58,53,65476,0,300,0,0,8,20529,65476,0,0,57672,80.0,0.0,0.0,0.0,0.0,0.0
2026-06-18T02:37:08,ERR,ERR,ERR,ERR,ERR,ERR,ERR,ERR,ERR,ERR,ERR,ERR,ERR,ERR,ERR,ERR,ERR,ERR,ERR,ERR,ERR,ERR,ERR,ERR,ERR,ERR,ERR,ERR,ERR,ERR,ERR,ERR,ERR,ERR,ERR,ERR,ERR,ERR,ERR,ERR,ERR,ERR,ERR,ERR,ERR,ERR,ERR,ERR,ERR,ERR,ERR,ERR,ERR,ERR,ERR,ERR,ERR,ERR,ERR,ERR,ERR,ERR,ERR,ERR,ERR,ERR,ERR,ERR,ERR,ERR,ERR,ERR,ERR,ERR,ERR,ERR,ERR,ERR,ERR,ERR,ERR,ERR,ERR,ERR,ERR,ERR,ERR,ERR,ERR,ERR,ERR,ERR,ERR,ERR,ERR,ERR,ERR,ERR,ERR,ERR,ERR,ERR,ERR,ERR,ERR,ERR,ERR,ERR,ERR,ERR,ERR,ERR,ERR,ERR,ERR,ERR,ERR,ERR,ERR,ERR,ERR,ERR,ERR,ERR,ERR,2.7184312818759872e+23,0.0,-0.0,-0.0,nan,1.3936040501711995e+18,7.805,1.2122276757504e+16,0,0,4,48930,6720,14723890282496.0,100,0.0,0.0,0.0,0.059,0.0,0,0,0,0,0.0,0,0,0,0,0,0,0,0,0,0,0,0,0,0,0,0,0,0,0,0,0,0,0,0,0,0,0,0,0,0,0,0,0,26,51,50,76,65476,0,300,0,0,8,21553,0.0,-107605600.0,0.0,0.0,0.0,0.0,0.0,0.0,0.0,0.0,0.0,0.0,0.0,0.0,0.0,0.0,0.0,0.0,0.0,0.0,0.0,0.0,-2.004,0.0,-2.004,0.0,0.0,0.0,0.0,0.0,4776.0,-8608175104.0,7290.0,2.7184312818759872e+23,0.0,-0.0,-0.0,0.0,0.0,0.0,0.0,77,0.0,-71.629,0.0,0.0,0.0,0.0,0.0,0.0,0.0,0,0,0,0.0,0.0,0.0,0.0,0.0,0.0,0.0,0.0,0.0,0.0,0.0,0.0,0.0,0.0,0.0,0.0,0,-107875648.0,77,0.0,154,0.0,0.0,ERR,ERR,ERR,ERR,ERR,ERR,ERR,ERR,ERR,ERR,ERR,ERR,ERR,ERR,ERR,ERR,ERR,ERR,ERR,ERR,ERR,ERR,ERR,ERR,ERR,ERR,ERR,ERR,ERR,ERR,ERR,ERR,ERR,ERR,ERR,ERR,ERR,ERR,ERR,ERR,ERR,ERR,ERR,ERR,ERR,ERR,ERR,ERR,ERR,ERR,ERR,ERR,ERR,ERR,ERR,ERR,ERR,ERR,ERR,ERR,ERR,ERR,ERR,ERR,ERR,ERR,ERR,34.0,80.0,35,0.0,0.0,0.0,0.0,0.0,0.0,0.0,0.0,0.0,0.0,0.0,0.0,0.0,0.0,0.0,0.0,65.6,0,120,58,53,65476,0,300,0,0,8,20529,65476,0,0,57672,80.0,0.0,0.0,0.0,0.0,0.0
2026-06-18T02:37:09,ERR,ERR,ERR,ERR,ERR,ERR,ERR,ERR,ERR,ERR,ERR,ERR,ERR,ERR,ERR,ERR,ERR,ERR,ERR,ERR,ERR,ERR,ERR,ERR,ERR,ERR,ERR,ERR,ERR,ERR,ERR,ERR,ERR,ERR,ERR,ERR,ERR,ERR,ERR,ERR,ERR,ERR,ERR,ERR,ERR,ERR,ERR,ERR,ERR,ERR,ERR,ERR,ERR,ERR,ERR,ERR,ERR,ERR,ERR,ERR,ERR,ERR,ERR,ERR,ERR,ERR,ERR,ERR,ERR,ERR,ERR,ERR,ERR,ERR,ERR,ERR,ERR,ERR,ERR,ERR,ERR,ERR,ERR,ERR,ERR,ERR,ERR,ERR,ERR,ERR,ERR,ERR,ERR,ERR,ERR,ERR,ERR,ERR,ERR,ERR,ERR,ERR,ERR,ERR,ERR,ERR,ERR,ERR,ERR,ERR,ERR,ERR,ERR,ERR,ERR,ERR,ERR,ERR,ERR,ERR,ERR,ERR,ERR,ERR,ERR,2.7184312818759872e+23,0.0,-0.0,-0.0,nan,1.3936040501711995e+18,7.805,1.2122276757504e+16,0,0,4,48930,6720,14723890282496.0,100,0.0,0.0,0.0,0.059,0.0,0,0,0,0,0.0,0,0,0,0,0,0,0,0,0,0,0,0,0,0,0,0,0,0,0,0,0,0,0,0,0,0,0,0,0,0,0,0,0,26,51,50,76,65476,0,300,0,0,8,21553,0.0,-107605600.0,0.0,0.0,0.0,0.0,0.0,0.0,0.0,0.0,0.0,0.0,0.0,0.0,0.0,0.0,0.0,0.0,0.0,0.0,0.0,0.0,-2.004,0.0,-2.004,0.0,0.0,0.0,0.0,0.0,4776.0,-8608175104.0,7290.0,2.7184312818759872e+23,0.0,-0.0,-0.0,0.0,0.0,0.0,0.0,77,0.0,-71.629,0.0,0.0,0.0,0.0,0.0,0.0,0.0,0,0,0,0.0,0.0,0.0,0.0,0.0,0.0,0.0,0.0,0.0,0.0,0.0,0.0,0.0,0.0,0.0,0.0,0,-107875648.0,77,0.0,154,0.0,0.0,ERR,ERR,ERR,ERR,ERR,ERR,ERR,ERR,ERR,ERR,ERR,ERR,ERR,ERR,ERR,ERR,ERR,ERR,ERR,ERR,ERR,ERR,ERR,ERR,ERR,ERR,ERR,ERR,ERR,ERR,ERR,ERR,ERR,ERR,ERR,ERR,ERR,ERR,ERR,ERR,ERR,ERR,ERR,ERR,ERR,ERR,ERR,ERR,ERR,ERR,ERR,ERR,ERR,ERR,ERR,ERR,ERR,ERR,ERR,ERR,ERR,ERR,ERR,ERR,ERR,ERR,ERR,34.0,80.0,35,0.0,0.0,0.0,0.0,0.0,0.0,0.0,0.0,0.0,0.0,0.0,0.0,0.0,0.0,0.0,0.0,65.6,0,120,58,53,65476,0,300,0,0,8,20529,65476,0,0,57672,80.0,0.0,0.0,0.0,0.0,0.0
2026-06-18T02:37:10,ERR,ERR,ERR,ERR,ERR,ERR,ERR,ERR,ERR,ERR,ERR,ERR,ERR,ERR,ERR,ERR,ERR,ERR,ERR,ERR,ERR,ERR,ERR,ERR,ERR,ERR,ERR,ERR,ERR,ERR,ERR,ERR,ERR,ERR,ERR,ERR,ERR,ERR,ERR,ERR,ERR,ERR,ERR,ERR,ERR,ERR,ERR,ERR,ERR,ERR,ERR,ERR,ERR,ERR,ERR,ERR,ERR,ERR,ERR,ERR,ERR,ERR,ERR,ERR,ERR,ERR,ERR,ERR,ERR,ERR,ERR,ERR,ERR,ERR,ERR,ERR,ERR,ERR,ERR,ERR,ERR,ERR,ERR,ERR,ERR,ERR,ERR,ERR,ERR,ERR,ERR,ERR,ERR,ERR,ERR,ERR,ERR,ERR,ERR,ERR,ERR,ERR,ERR,ERR,ERR,ERR,ERR,ERR,ERR,ERR,ERR,ERR,ERR,ERR,ERR,ERR,ERR,ERR,ERR,ERR,ERR,ERR,ERR,ERR,ERR,2.7184312818759872e+23,0.0,-0.0,-0.0,nan,1.3936040501711995e+18,7.805,1.2122276757504e+16,0,0,4,48930,6720,14723890282496.0,100,0.0,0.0,0.0,0.059,0.0,0,0,0,0,0.0,0,0,0,0,0,0,0,0,0,0,0,0,0,0,0,0,0,0,0,0,0,0,0,0,0,0,0,0,0,0,0,0,0,26,51,50,76,65476,0,300,0,0,8,21553,0.0,-107605600.0,0.0,0.0,0.0,0.0,0.0,0.0,0.0,0.0,0.0,0.0,0.0,0.0,0.0,0.0,0.0,0.0,0.0,0.0,0.0,0.0,-2.004,0.0,-2.004,0.0,0.0,0.0,0.0,0.0,4776.0,-8608175104.0,7290.0,2.7184312818759872e+23,0.0,-0.0,-0.0,0.0,0.0,0.0,0.0,77,0.0,-71.629,0.0,0.0,0.0,0.0,0.0,0.0,0.0,0,0,0,0.0,0.0,0.0,0.0,0.0,0.0,0.0,0.0,0.0,0.0,0.0,0.0,0.0,0.0,0.0,0.0,0,-107875648.0,77,0.0,154,0.0,0.0,ERR,ERR,ERR,ERR,ERR,ERR,ERR,ERR,ERR,ERR,ERR,ERR,ERR,ERR,ERR,ERR,ERR,ERR,ERR,ERR,ERR,ERR,ERR,ERR,ERR,ERR,ERR,ERR,ERR,ERR,ERR,ERR,ERR,ERR,ERR,ERR,ERR,ERR,ERR,ERR,ERR,ERR,ERR,ERR,ERR,ERR,ERR,ERR,ERR,ERR,ERR,ERR,ERR,ERR,ERR,ERR,ERR,ERR,ERR,ERR,ERR,ERR,ERR,ERR,ERR,ERR,ERR,34.0,80.0,35,0.0,0.0,0.0,0.0,0.0,0.0,0.0,0.0,0.0,0.0,0.0,0.0,0.0,0.0,0.0,0.0,66.0,0,120,58,53,65476,0,300,0,0,8,20529,65476,0,0,57672,80.0,0.0,0.0,0.0,0.0,0.0
2026-06-18T02:37:11,ERR,ERR,ERR,ERR,ERR,ERR,ERR,ERR,ERR,ERR,ERR,ERR,ERR,ERR,ERR,ERR,ERR,ERR,ERR,ERR,ERR,ERR,ERR,ERR,ERR,ERR,ERR,ERR,ERR,ERR,ERR,ERR,ERR,ERR,ERR,ERR,ERR,ERR,ERR,ERR,ERR,ERR,ERR,ERR,ERR,ERR,ERR,ERR,ERR,ERR,ERR,ERR,ERR,ERR,ERR,ERR,ERR,ERR,ERR,ERR,ERR,ERR,ERR,ERR,ERR,ERR,ERR,ERR,ERR,ERR,ERR,ERR,ERR,ERR,ERR,ERR,ERR,ERR,ERR,ERR,ERR,ERR,ERR,ERR,ERR,ERR,ERR,ERR,ERR,ERR,ERR,ERR,ERR,ERR,ERR,ERR,ERR,ERR,ERR,ERR,ERR,ERR,ERR,ERR,ERR,ERR,ERR,ERR,ERR,ERR,ERR,ERR,ERR,ERR,ERR,ERR,ERR,ERR,ERR,ERR,ERR,ERR,ERR,ERR,ERR,2.7184312818759872e+23,0.0,-0.0,-0.0,nan,1.3936040501711995e+18,7.805,1.2122276757504e+16,0,0,4,48930,6720,14723890282496.0,100,0.0,0.0,0.0,0.059,0.0,0,0,0,0,0.0,0,0,0,0,0,0,0,0,0,0,0,0,0,0,0,0,0,0,0,0,0,0,0,0,0,0,0,0,0,0,0,0,0,26,51,50,76,65476,0,300,0,0,8,21553,0.0,-107605600.0,0.0,0.0,0.0,0.0,0.0,0.0,0.0,0.0,0.0,0.0,0.0,0.0,0.0,0.0,0.0,0.0,0.0,0.0,0.0,0.0,-2.004,0.0,-2.004,0.0,0.0,0.0,0.0,0.0,4776.0,-8608175104.0,7290.0,2.7184312818759872e+23,0.0,-0.0,-0.0,0.0,0.0,0.0,0.0,77,0.0,-71.629,0.0,0.0,0.0,0.0,0.0,0.0,0.0,0,0,0,0.0,0.0,0.0,0.0,0.0,0.0,0.0,0.0,0.0,0.0,0.0,0.0,0.0,0.0,0.0,0.0,0,-107875648.0,77,0.0,154,0.0,0.0,ERR,ERR,ERR,ERR,ERR,ERR,ERR,ERR,ERR,ERR,ERR,ERR,ERR,ERR,ERR,ERR,ERR,ERR,ERR,ERR,ERR,ERR,ERR,ERR,ERR,ERR,ERR,ERR,ERR,ERR,ERR,ERR,ERR,ERR,ERR,ERR,ERR,ERR,ERR,ERR,ERR,ERR,ERR,ERR,ERR,ERR,ERR,ERR,ERR,ERR,ERR,ERR,ERR,ERR,ERR,ERR,ERR,ERR,ERR,ERR,ERR,ERR,ERR,ERR,ERR,ERR,ERR,34.0,80.0,35,0.0,0.0,0.0,0.0,0.0,0.0,0.0,0.0,0.0,0.0,0.0,0.0,0.0,0.0,0.0,0.0,66.0,0,120,58,53,65476,0,300,0,0,8,20529,65476,0,0,57672,80.0,0.0,0.0,0.0,0.0,0.0
2026-06-18T02:37:12,ERR,ERR,ERR,ERR,ERR,ERR,ERR,ERR,ERR,ERR,ERR,ERR,ERR,ERR,ERR,ERR,ERR,ERR,ERR,ERR,ERR,ERR,ERR,ERR,ERR,ERR,ERR,ERR,ERR,ERR,ERR,ERR,ERR,ERR,ERR,ERR,ERR,ERR,ERR,ERR,ERR,ERR,ERR,ERR,ERR,ERR,ERR,ERR,ERR,ERR,ERR,ERR,ERR,ERR,ERR,ERR,ERR,ERR,ERR,ERR,ERR,ERR,ERR,ERR,ERR,ERR,ERR,ERR,ERR,ERR,ERR,ERR,ERR,ERR,ERR,ERR,ERR,ERR,ERR,ERR,ERR,ERR,ERR,ERR,ERR,ERR,ERR,ERR,ERR,ERR,ERR,ERR,ERR,ERR,ERR,ERR,ERR,ERR,ERR,ERR,ERR,ERR,ERR,ERR,ERR,ERR,ERR,ERR,ERR,ERR,ERR,ERR,ERR,ERR,ERR,ERR,ERR,ERR,ERR,ERR,ERR,ERR,ERR,ERR,ERR,2.7184312818759872e+23,0.0,0.0,-0.0,nan,1.3936040501711995e+18,7.805,2527533.5,0,0,4,48933,6720,14723890282496.0,100,0.0,0.0,0.0,-0.0,0.0,0,0,0,0,0.0,0,0,0,0,0,0,0,0,0,0,0,0,0,0,0,0,0,0,0,0,0,0,0,0,0,0,0,0,0,0,0,0,0,26,51,50,76,65476,0,300,0,0,8,21553,0.0,-107605600.0,0.0,0.0,0.0,0.0,0.0,0.0,0.0,0.0,0.0,0.0,0.0,0.0,0.0,0.0,0.0,0.0,0.0,0.0,0.0,0.0,-2.004,2.004,-2.004,0.0,0.0,0.0,0.0,0.0,4775.0,-0.0,7287.0,2.7184312818759872e+23,0.0,-0.0,-0.0,0.0,0.0,0.0,0.0,77,0.0,-0.0,0.0,0.0,0.0,0.0,0.0,0.0,0.0,0,0,0,0.0,0.0,0.0,0.0,0.0,0.0,0.0,0.0,0.0,0.0,0.0,0.0,0.0,0.0,0.0,0.0,0,-107875648.0,77,0.0,154,0.0,0.0,ERR,ERR,ERR,ERR,ERR,ERR,ERR,ERR,ERR,ERR,ERR,ERR,ERR,ERR,ERR,ERR,ERR,ERR,ERR,ERR,ERR,ERR,ERR,ERR,ERR,ERR,ERR,ERR,ERR,ERR,ERR,ERR,ERR,ERR,ERR,ERR,ERR,ERR,ERR,ERR,ERR,ERR,ERR,ERR,ERR,ERR,ERR,ERR,ERR,ERR,ERR,ERR,ERR,ERR,ERR,ERR,ERR,ERR,ERR,ERR,ERR,ERR,ERR,ERR,ERR,ERR,ERR,34.0,80.0,35,0.0,0.0,0.0,0.0,0.0,0.0,0.0,0.0,0.0,0.0,0.0,0.0,0.0,0.0,0.0,0.0,66.0,0,120,58,53,65476,0,300,0,0,8,20529,65476,0,0,57672,80.0,0.0,0.0,0.0,0.0,0.0
2026-06-18T02:37:13,ERR,ERR,ERR,ERR,ERR,ERR,ERR,ERR,ERR,ERR,ERR,ERR,ERR,ERR,ERR,ERR,ERR,ERR,ERR,ERR,ERR,ERR,ERR,ERR,ERR,ERR,ERR,ERR,ERR,ERR,ERR,ERR,ERR,ERR,ERR,ERR,ERR,ERR,ERR,ERR,ERR,ERR,ERR,ERR,ERR,ERR,ERR,ERR,ERR,ERR,ERR,ERR,ERR,ERR,ERR,ERR,ERR,ERR,ERR,ERR,ERR,ERR,ERR,ERR,ERR,ERR,ERR,ERR,ERR,ERR,ERR,ERR,ERR,ERR,ERR,ERR,ERR,ERR,ERR,ERR,ERR,ERR,ERR,ERR,ERR,ERR,ERR,ERR,ERR,ERR,ERR,ERR,ERR,ERR,ERR,ERR,ERR,ERR,ERR,ERR,ERR,ERR,ERR,ERR,ERR,ERR,ERR,ERR,ERR,ERR,ERR,ERR,ERR,ERR,ERR,ERR,ERR,ERR,ERR,ERR,ERR,ERR,ERR,ERR,ERR,2.7184312818759872e+23,0.0,0.0,-0.0,nan,1.3936040501711995e+18,7.805,2527533.5,0,0,4,48933,6720,14723890282496.0,100,0.0,0.0,0.0,-0.0,0.0,0,0,0,0,0.0,0,0,0,0,0,0,0,0,0,0,0,0,0,0,0,0,0,0,0,0,0,0,0,0,0,0,0,0,0,0,0,0,0,26,51,50,76,65476,0,300,0,0,8,21553,0.0,-107605600.0,0.0,0.0,0.0,0.0,0.0,0.0,0.0,0.0,0.0,0.0,0.0,0.0,0.0,0.0,0.0,0.0,0.0,0.0,0.0,0.0,-2.004,2.004,-2.004,0.0,0.0,0.0,0.0,0.0,4775.0,-0.0,7287.0,2.7184312818759872e+23,0.0,-0.0,-0.0,0.0,0.0,0.0,0.0,77,0.0,-0.0,0.0,0.0,0.0,0.0,0.0,0.0,0.0,0,0,0,0.0,0.0,0.0,0.0,0.0,0.0,0.0,0.0,0.0,0.0,0.0,0.0,0.0,0.0,0.0,0.0,0,-107875648.0,77,0.0,154,0.0,0.0,ERR,ERR,ERR,ERR,ERR,ERR,ERR,ERR,ERR,ERR,ERR,ERR,ERR,ERR,ERR,ERR,ERR,ERR,ERR,ERR,ERR,ERR,ERR,ERR,ERR,ERR,ERR,ERR,ERR,ERR,ERR,ERR,ERR,ERR,ERR,ERR,ERR,ERR,ERR,ERR,ERR,ERR,ERR,ERR,ERR,ERR,ERR,ERR,ERR,ERR,ERR,ERR,ERR,ERR,ERR,ERR,ERR,ERR,ERR,ERR,ERR,ERR,ERR,ERR,ERR,ERR,ERR,34.0,80.0,35,0.0,0.0,0.0,0.0,0.0,0.0,0.0,0.0,0.0,0.0,0.0,0.0,0.0,0.0,0.0,0.0,66.4,0,120,58,53,65476,0,300,0,0,8,20529,65476,0,0,57672,80.0,0.0,0.0,0.0,0.0,0.0
2026-06-18T02:37:14,ERR,ERR,ERR,ERR,ERR,ERR,ERR,ERR,ERR,ERR,ERR,ERR,ERR,ERR,ERR,ERR,ERR,ERR,ERR,ERR,ERR,ERR,ERR,ERR,ERR,ERR,ERR,ERR,ERR,ERR,ERR,ERR,ERR,ERR,ERR,ERR,ERR,ERR,ERR,ERR,ERR,ERR,ERR,ERR,ERR,ERR,ERR,ERR,ERR,ERR,ERR,ERR,ERR,ERR,ERR,ERR,ERR,ERR,ERR,ERR,ERR,ERR,ERR,ERR,ERR,ERR,ERR,ERR,ERR,ERR,ERR,ERR,ERR,ERR,ERR,ERR,ERR,ERR,ERR,ERR,ERR,ERR,ERR,ERR,ERR,ERR,ERR,ERR,ERR,ERR,ERR,ERR,ERR,ERR,ERR,ERR,ERR,ERR,ERR,ERR,ERR,ERR,ERR,ERR,ERR,ERR,ERR,ERR,ERR,ERR,ERR,ERR,ERR,ERR,ERR,ERR,ERR,ERR,ERR,ERR,ERR,ERR,ERR,ERR,ERR,2.7184312818759872e+23,0.0,0.0,-0.0,nan,1.3936040501711995e+18,7.805,2527533.5,0,0,4,48933,6720,14723890282496.0,100,0.0,0.0,0.0,-0.0,0.0,0,0,0,0,0.0,0,0,0,0,0,0,0,0,0,0,0,0,0,0,0,0,0,0,0,0,0,0,0,0,0,0,0,0,0,0,0,0,0,26,51,50,76,65476,0,300,0,0,8,21553,0.0,-107605600.0,0.0,0.0,0.0,0.0,0.0,0.0,0.0,0.0,0.0,0.0,0.0,0.0,0.0,0.0,0.0,0.0,0.0,0.0,0.0,0.0,-2.004,2.004,-2.004,0.0,0.0,0.0,0.0,0.0,4775.0,-0.0,7287.0,2.7184312818759872e+23,0.0,-0.0,-0.0,0.0,0.0,0.0,0.0,77,0.0,-0.0,0.0,0.0,0.0,0.0,0.0,0.0,0.0,0,0,0,0.0,0.0,0.0,0.0,0.0,0.0,0.0,0.0,0.0,0.0,0.0,0.0,0.0,0.0,0.0,0.0,0,-107875648.0,77,0.0,154,0.0,0.0,ERR,ERR,ERR,ERR,ERR,ERR,ERR,ERR,ERR,ERR,ERR,ERR,ERR,ERR,ERR,ERR,ERR,ERR,ERR,ERR,ERR,ERR,ERR,ERR,ERR,ERR,ERR,ERR,ERR,ERR,ERR,ERR,ERR,ERR,ERR,ERR,ERR,ERR,ERR,ERR,ERR,ERR,ERR,ERR,ERR,ERR,ERR,ERR,ERR,ERR,ERR,ERR,ERR,ERR,ERR,ERR,ERR,ERR,ERR,ERR,ERR,ERR,ERR,ERR,ERR,ERR,ERR,34.0,80.0,35,0.0,0.0,0.0,0.0,0.0,0.0,0.0,0.0,0.0,0.0,0.0,0.0,0.0,0.0,0.0,0.0,66.4,0,120,58,53,65476,0,300,0,0,8,20529,65476,0,0,57672,80.0,0.0,0.0,0.0,0.0,0.0
2026-06-18T02:37:15,ERR,ERR,ERR,ERR,ERR,ERR,ERR,ERR,ERR,ERR,ERR,ERR,ERR,ERR,ERR,ERR,ERR,ERR,ERR,ERR,ERR,ERR,ERR,ERR,ERR,ERR,ERR,ERR,ERR,ERR,ERR,ERR,ERR,ERR,ERR,ERR,ERR,ERR,ERR,ERR,ERR,ERR,ERR,ERR,ERR,ERR,ERR,ERR,ERR,ERR,ERR,ERR,ERR,ERR,ERR,ERR,ERR,ERR,ERR,ERR,ERR,ERR,ERR,ERR,ERR,ERR,ERR,ERR,ERR,ERR,ERR,ERR,ERR,ERR,ERR,ERR,ERR,ERR,ERR,ERR,ERR,ERR,ERR,ERR,ERR,ERR,ERR,ERR,ERR,ERR,ERR,ERR,ERR,ERR,ERR,ERR,ERR,ERR,ERR,ERR,ERR,ERR,ERR,ERR,ERR,ERR,ERR,ERR,ERR,ERR,ERR,ERR,ERR,ERR,ERR,ERR,ERR,ERR,ERR,ERR,ERR,ERR,ERR,ERR,ERR,2.7184312818759872e+23,0.0,0.0,-0.0,nan,1.3936040501711995e+18,7.805,2527533.5,0,0,4,48933,6720,14723890282496.0,100,0.0,0.0,0.0,-0.0,0.0,0,0,0,0,0.0,0,0,0,0,0,0,0,0,0,0,0,0,0,0,0,0,0,0,0,0,0,0,0,0,0,0,0,0,0,0,0,0,0,26,51,50,76,65476,0,300,0,0,8,21553,0.0,-107605600.0,0.0,0.0,0.0,0.0,0.0,0.0,0.0,0.0,0.0,0.0,0.0,0.0,0.0,0.0,0.0,0.0,0.0,0.0,0.0,0.0,-2.004,2.004,-2.004,0.0,0.0,0.0,0.0,0.0,4775.0,-0.0,7287.0,2.7184312818759872e+23,0.0,-0.0,-0.0,0.0,0.0,0.0,0.0,77,0.0,-0.0,0.0,0.0,0.0,0.0,0.0,0.0,0.0,0,0,0,0.0,0.0,0.0,0.0,0.0,0.0,0.0,0.0,0.0,0.0,0.0,0.0,0.0,0.0,0.0,0.0,0,-107875648.0,77,0.0,154,0.0,0.0,ERR,ERR,ERR,ERR,ERR,ERR,ERR,ERR,ERR,ERR,ERR,ERR,ERR,ERR,ERR,ERR,ERR,ERR,ERR,ERR,ERR,ERR,ERR,ERR,ERR,ERR,ERR,ERR,ERR,ERR,ERR,ERR,ERR,ERR,ERR,ERR,ERR,ERR,ERR,ERR,ERR,ERR,ERR,ERR,ERR,ERR,ERR,ERR,ERR,ERR,ERR,ERR,ERR,ERR,ERR,ERR,ERR,ERR,ERR,ERR,ERR,ERR,ERR,ERR,ERR,ERR,ERR,34.0,80.0,35,0.0,0.0,0.0,0.0,0.0,0.0,0.0,0.0,0.0,0.0,0.0,0.0,0.0,0.0,0.0,0.0,65.6,0,120,58,53,65476,0,300,0,0,8,20529,65476,0,0,57672,80.0,0.0,0.0,0.0,0.0,0.0
2026-06-18T02:37:16,ERR,ERR,ERR,ERR,ERR,ERR,ERR,ERR,ERR,ERR,ERR,ERR,ERR,ERR,ERR,ERR,ERR,ERR,ERR,ERR,ERR,ERR,ERR,ERR,ERR,ERR,ERR,ERR,ERR,ERR,ERR,ERR,ERR,ERR,ERR,ERR,ERR,ERR,ERR,ERR,ERR,ERR,ERR,ERR,ERR,ERR,ERR,ERR,ERR,ERR,ERR,ERR,ERR,ERR,ERR,ERR,ERR,ERR,ERR,ERR,ERR,ERR,ERR,ERR,ERR,ERR,ERR,ERR,ERR,ERR,ERR,ERR,ERR,ERR,ERR,ERR,ERR,ERR,ERR,ERR,ERR,ERR,ERR,ERR,ERR,ERR,ERR,ERR,ERR,ERR,ERR,ERR,ERR,ERR,ERR,ERR,ERR,ERR,ERR,ERR,ERR,ERR,ERR,ERR,ERR,ERR,ERR,ERR,ERR,ERR,ERR,ERR,ERR,ERR,ERR,ERR,ERR,ERR,ERR,ERR,ERR,ERR,ERR,ERR,ERR,2.7184312818759872e+23,0.0,0.0,-0.0,nan,1.3936040501711995e+18,7.805,2527533.5,0,0,4,48933,6720,14723890282496.0,100,0.0,0.0,0.0,-0.0,0.0,0,0,0,0,0.0,0,0,0,0,0,0,0,0,0,0,0,0,0,0,0,0,0,0,0,0,0,0,0,0,0,0,0,0,0,0,0,0,0,26,51,50,76,65476,0,300,0,0,8,21553,0.0,-107605600.0,0.0,0.0,0.0,0.0,0.0,0.0,0.0,0.0,0.0,0.0,0.0,0.0,0.0,0.0,0.0,0.0,0.0,0.0,0.0,0.0,-2.004,2.004,-2.004,0.0,0.0,0.0,0.0,0.0,4775.0,-0.0,7287.0,2.7184312818759872e+23,0.0,-0.0,-0.0,0.0,0.0,0.0,0.0,77,0.0,-0.0,0.0,0.0,0.0,0.0,0.0,0.0,0.0,0,0,0,0.0,0.0,0.0,0.0,0.0,0.0,0.0,0.0,0.0,0.0,0.0,0.0,0.0,0.0,0.0,0.0,0,-107875648.0,77,0.0,154,0.0,0.0,ERR,ERR,ERR,ERR,ERR,ERR,ERR,ERR,ERR,ERR,ERR,ERR,ERR,ERR,ERR,ERR,ERR,ERR,ERR,ERR,ERR,ERR,ERR,ERR,ERR,ERR,ERR,ERR,ERR,ERR,ERR,ERR,ERR,ERR,ERR,ERR,ERR,ERR,ERR,ERR,ERR,ERR,ERR,ERR,ERR,ERR,ERR,ERR,ERR,ERR,ERR,ERR,ERR,ERR,ERR,ERR,ERR,ERR,ERR,ERR,ERR,ERR,ERR,ERR,ERR,ERR,ERR,34.0,80.0,35,0.0,0.0,0.0,0.0,0.0,0.0,0.0,0.0,0.0,0.0,0.0,0.0,0.0,0.0,0.0,0.0,65.6,0,120,58,53,65476,0,300,0,0,8,20529,65476,0,0,57672,80.0,0.0,0.0,0.0,0.0,0.0
2026-06-18T02:37:17,ERR,ERR,ERR,ERR,ERR,ERR,ERR,ERR,ERR,ERR,ERR,ERR,ERR,ERR,ERR,ERR,ERR,ERR,ERR,ERR,ERR,ERR,ERR,ERR,ERR,ERR,ERR,ERR,ERR,ERR,ERR,ERR,ERR,ERR,ERR,ERR,ERR,ERR,ERR,ERR,ERR,ERR,ERR,ERR,ERR,ERR,ERR,ERR,ERR,ERR,ERR,ERR,ERR,ERR,ERR,ERR,ERR,ERR,ERR,ERR,ERR,ERR,ERR,ERR,ERR,ERR,ERR,ERR,ERR,ERR,ERR,ERR,ERR,ERR,ERR,ERR,ERR,ERR,ERR,ERR,ERR,ERR,ERR,ERR,ERR,ERR,ERR,ERR,ERR,ERR,ERR,ERR,ERR,ERR,ERR,ERR,ERR,ERR,ERR,ERR,ERR,ERR,ERR,ERR,ERR,ERR,ERR,ERR,ERR,ERR,ERR,ERR,ERR,ERR,ERR,ERR,ERR,ERR,ERR,ERR,ERR,ERR,ERR,ERR,ERR,2.7184312818759872e+23,0.0,0.0,-0.0,nan,1.3936040501711995e+18,7.805,2527533.5,0,0,4,48933,6720,14723890282496.0,100,0.0,0.0,0.0,-0.0,0.0,0,0,0,0,0.0,0,0,0,0,0,0,0,0,0,0,0,0,0,0,0,0,0,0,0,0,0,0,0,0,0,0,0,0,0,0,0,0,0,26,51,50,76,65476,0,300,0,0,8,21553,0.0,-107605600.0,0.0,0.0,0.0,0.0,0.0,0.0,0.0,0.0,0.0,0.0,0.0,0.0,0.0,0.0,0.0,0.0,0.0,0.0,0.0,0.0,-2.004,2.004,-2.004,0.0,0.0,0.0,0.0,0.0,4775.0,-0.0,7287.0,2.7184312818759872e+23,0.0,-0.0,-0.0,0.0,0.0,0.0,0.0,77,0.0,-0.0,0.0,0.0,0.0,0.0,0.0,0.0,0.0,0,0,0,0.0,0.0,0.0,0.0,0.0,0.0,0.0,0.0,0.0,0.0,0.0,0.0,0.0,0.0,0.0,0.0,0,-107875648.0,77,0.0,154,0.0,0.0,ERR,ERR,ERR,ERR,ERR,ERR,ERR,ERR,ERR,ERR,ERR,ERR,ERR,ERR,ERR,ERR,ERR,ERR,ERR,ERR,ERR,ERR,ERR,ERR,ERR,ERR,ERR,ERR,ERR,ERR,ERR,ERR,ERR,ERR,ERR,ERR,ERR,ERR,ERR,ERR,ERR,ERR,ERR,ERR,ERR,ERR,ERR,ERR,ERR,ERR,ERR,ERR,ERR,ERR,ERR,ERR,ERR,ERR,ERR,ERR,ERR,ERR,ERR,ERR,ERR,ERR,ERR,34.0,80.0,35,0.0,0.0,0.0,0.0,0.0,0.0,0.0,0.0,0.0,0.0,0.0,0.0,0.0,0.0,0.0,0.0,66.4,0,120,58,53,65476,0,300,0,0,8,20529,65476,0,0,57672,80.0,0.0,0.0,0.0,0.0,0.0
2026-06-18T02:37:18,ERR,ERR,ERR,ERR,ERR,ERR,ERR,ERR,ERR,ERR,ERR,ERR,ERR,ERR,ERR,ERR,ERR,ERR,ERR,ERR,ERR,ERR,ERR,ERR,ERR,ERR,ERR,ERR,ERR,ERR,ERR,ERR,ERR,ERR,ERR,ERR,ERR,ERR,ERR,ERR,ERR,ERR,ERR,ERR,ERR,ERR,ERR,ERR,ERR,ERR,ERR,ERR,ERR,ERR,ERR,ERR,ERR,ERR,ERR,ERR,ERR,ERR,ERR,ERR,ERR,ERR,ERR,ERR,ERR,ERR,ERR,ERR,ERR,ERR,ERR,ERR,ERR,ERR,ERR,ERR,ERR,ERR,ERR,ERR,ERR,ERR,ERR,ERR,ERR,ERR,ERR,ERR,ERR,ERR,ERR,ERR,ERR,ERR,ERR,ERR,ERR,ERR,ERR,ERR,ERR,ERR,ERR,ERR,ERR,ERR,ERR,ERR,ERR,ERR,ERR,ERR,ERR,ERR,ERR,ERR,ERR,ERR,ERR,ERR,ERR,2.7184312818759872e+23,0.0,-0.0,-4.9501291711397626e+32,nan,1.3936040501711995e+18,7.805,-0.0,0,0,4,48957,6720,14723890282496.0,100,0.0,0.0,0.0,0.0,0.0,0,0,0,0,0.0,0,0,0,0,0,0,0,0,0,0,0,0,0,0,0,0,0,0,0,0,0,0,0,0,0,0,0,0,0,0,0,0,0,26,51,50,76,65476,0,300,0,0,8,21553,0.0,-107605600.0,0.0,0.0,0.0,0.0,0.0,0.0,0.0,0.0,0.0,0.0,0.0,0.0,0.0,0.0,0.0,0.0,0.0,0.0,0.0,0.0,-2.004,2.004,-2.004,0.0,0.0,0.0,0.0,0.0,4775.0,-0.0,7287.0,2.7184312818759872e+23,0.0,-0.0,-0.0,0.0,0.0,0.0,0.0,77,0.0,-0.0,0.0,0.0,0.0,0.0,0.0,0.0,0.0,0,0,0,0.0,0.0,0.0,0.0,0.0,0.0,0.0,0.0,0.0,0.0,0.0,0.0,0.0,0.0,0.0,0.0,0,-107875648.0,77,0.0,154,0.0,0.0,ERR,ERR,ERR,ERR,ERR,ERR,ERR,ERR,ERR,ERR,ERR,ERR,ERR,ERR,ERR,ERR,ERR,ERR,ERR,ERR,ERR,ERR,ERR,ERR,ERR,ERR,ERR,ERR,ERR,ERR,ERR,ERR,ERR,ERR,ERR,ERR,ERR,ERR,ERR,ERR,ERR,ERR,ERR,ERR,ERR,ERR,ERR,ERR,ERR,ERR,ERR,ERR,ERR,ERR,ERR,ERR,ERR,ERR,ERR,ERR,ERR,ERR,ERR,ERR,ERR,ERR,ERR,34.0,80.0,35,0.0,0.0,0.0,0.0,0.0,0.0,0.0,0.0,0.0,0.0,0.0,0.0,0.0,0.0,0.0,0.0,66.4,0,120,58,53,65476,0,300,0,0,8,20529,65476,0,0,57672,80.0,0.0,0.0,0.0,0.0,0.0
2026-06-18T02:37:19,ERR,ERR,ERR,ERR,ERR,ERR,ERR,ERR,ERR,ERR,ERR,ERR,ERR,ERR,ERR,ERR,ERR,ERR,ERR,ERR,ERR,ERR,ERR,ERR,ERR,ERR,ERR,ERR,ERR,ERR,ERR,ERR,ERR,ERR,ERR,ERR,ERR,ERR,ERR,ERR,ERR,ERR,ERR,ERR,ERR,ERR,ERR,ERR,ERR,ERR,ERR,ERR,ERR,ERR,ERR,ERR,ERR,ERR,ERR,ERR,ERR,ERR,ERR,ERR,ERR,ERR,ERR,ERR,ERR,ERR,ERR,ERR,ERR,ERR,ERR,ERR,ERR,ERR,ERR,ERR,ERR,ERR,ERR,ERR,ERR,ERR,ERR,ERR,ERR,ERR,ERR,ERR,ERR,ERR,ERR,ERR,ERR,ERR,ERR,ERR,ERR,ERR,ERR,ERR,ERR,ERR,ERR,ERR,ERR,ERR,ERR,ERR,ERR,ERR,ERR,ERR,ERR,ERR,ERR,ERR,ERR,ERR,ERR,ERR,ERR,2.7184312818759872e+23,0.0,-0.0,-4.9501291711397626e+32,nan,1.3936040501711995e+18,7.805,-0.0,0,0,4,48957,6720,14723890282496.0,100,0.0,0.0,0.0,0.0,0.0,0,0,0,0,0.0,0,0,0,0,0,0,0,0,0,0,0,0,0,0,0,0,0,0,0,0,0,0,0,0,0,0,0,0,0,0,0,0,0,26,51,50,76,65476,0,300,0,0,8,21553,0.0,-107605600.0,0.0,0.0,0.0,0.0,0.0,0.0,0.0,0.0,0.0,0.0,0.0,0.0,0.0,0.0,0.0,0.0,0.0,0.0,0.0,0.0,-2.004,2.004,-2.004,0.0,0.0,0.0,0.0,0.0,4775.0,-0.0,7287.0,2.7184312818759872e+23,0.0,-0.0,-0.0,0.0,0.0,0.0,0.0,77,0.0,-0.0,0.0,0.0,0.0,0.0,0.0,0.0,0.0,0,0,0,0.0,0.0,0.0,0.0,0.0,0.0,0.0,0.0,0.0,0.0,0.0,0.0,0.0,0.0,0.0,0.0,0,-107875648.0,77,0.0,154,0.0,0.0,ERR,ERR,ERR,ERR,ERR,ERR,ERR,ERR,ERR,ERR,ERR,ERR,ERR,ERR,ERR,ERR,ERR,ERR,ERR,ERR,ERR,ERR,ERR,ERR,ERR,ERR,ERR,ERR,ERR,ERR,ERR,ERR,ERR,ERR,ERR,ERR,ERR,ERR,ERR,ERR,ERR,ERR,ERR,ERR,ERR,ERR,ERR,ERR,ERR,ERR,ERR,ERR,ERR,ERR,ERR,ERR,ERR,ERR,ERR,ERR,ERR,ERR,ERR,ERR,ERR,ERR,ERR,34.0,80.0,35,0.0,0.0,0.0,0.0,0.0,0.0,0.0,0.0,0.0,0.0,0.0,0.0,0.0,0.0,0.0,0.0,66.0,0,120,58,53,65476,0,300,0,0,8,20529,65476,0,0,57672,80.0,0.0,0.0,0.0,0.0,0.0
2026-06-18T02:37:20,ERR,ERR,ERR,ERR,ERR,ERR,ERR,ERR,ERR,ERR,ERR,ERR,ERR,ERR,ERR,ERR,ERR,ERR,ERR,ERR,ERR,ERR,ERR,ERR,ERR,ERR,ERR,ERR,ERR,ERR,ERR,ERR,ERR,ERR,ERR,ERR,ERR,ERR,ERR,ERR,ERR,ERR,ERR,ERR,ERR,ERR,ERR,ERR,ERR,ERR,ERR,ERR,ERR,ERR,ERR,ERR,ERR,ERR,ERR,ERR,ERR,ERR,ERR,ERR,ERR,ERR,ERR,ERR,ERR,ERR,ERR,ERR,ERR,ERR,ERR,ERR,ERR,ERR,ERR,ERR,ERR,ERR,ERR,ERR,ERR,ERR,ERR,ERR,ERR,ERR,ERR,ERR,ERR,ERR,ERR,ERR,ERR,ERR,ERR,ERR,ERR,ERR,ERR,ERR,ERR,ERR,ERR,ERR,ERR,ERR,ERR,ERR,ERR,ERR,ERR,ERR,ERR,ERR,ERR,ERR,ERR,ERR,ERR,ERR,ERR,2.7184312818759872e+23,0.0,-0.0,-4.9501291711397626e+32,nan,1.3936040501711995e+18,7.805,-0.0,0,0,4,48957,6720,14723890282496.0,100,0.0,0.0,0.0,0.0,0.0,0,0,0,0,0.0,0,0,0,0,0,0,0,0,0,0,0,0,0,0,0,0,0,0,0,0,0,0,0,0,0,0,0,0,0,0,0,0,0,26,51,50,76,65476,0,300,0,0,8,21553,0.0,-107605600.0,0.0,0.0,0.0,0.0,0.0,0.0,0.0,0.0,0.0,0.0,0.0,0.0,0.0,0.0,0.0,0.0,0.0,0.0,0.0,0.0,-2.004,2.004,-2.004,0.0,0.0,0.0,0.0,0.0,4775.0,-0.0,7287.0,2.7184312818759872e+23,0.0,-0.0,-0.0,0.0,0.0,0.0,0.0,77,0.0,-0.0,0.0,0.0,0.0,0.0,0.0,0.0,0.0,0,0,0,0.0,0.0,0.0,0.0,0.0,0.0,0.0,0.0,0.0,0.0,0.0,0.0,0.0,0.0,0.0,0.0,0,-107875648.0,77,0.0,154,0.0,0.0,ERR,ERR,ERR,ERR,ERR,ERR,ERR,ERR,ERR,ERR,ERR,ERR,ERR,ERR,ERR,ERR,ERR,ERR,ERR,ERR,ERR,ERR,ERR,ERR,ERR,ERR,ERR,ERR,ERR,ERR,ERR,ERR,ERR,ERR,ERR,ERR,ERR,ERR,ERR,ERR,ERR,ERR,ERR,ERR,ERR,ERR,ERR,ERR,ERR,ERR,ERR,ERR,ERR,ERR,ERR,ERR,ERR,ERR,ERR,ERR,ERR,ERR,ERR,ERR,ERR,ERR,ERR,34.0,80.0,35,0.0,0.0,0.0,0.0,0.0,0.0,0.0,0.0,0.0,0.0,0.0,0.0,0.0,0.0,0.0,0.0,66.0,0,120,58,53,65476,0,300,0,0,8,20529,65476,0,0,57672,80.0,0.0,0.0,0.0,0.0,0.0
2026-06-18T02:37:21,ERR,ERR,ERR,ERR,ERR,ERR,ERR,ERR,ERR,ERR,ERR,ERR,ERR,ERR,ERR,ERR,ERR,ERR,ERR,ERR,ERR,ERR,ERR,ERR,ERR,ERR,ERR,ERR,ERR,ERR,ERR,ERR,ERR,ERR,ERR,ERR,ERR,ERR,ERR,ERR,ERR,ERR,ERR,ERR,ERR,ERR,ERR,ERR,ERR,ERR,ERR,ERR,ERR,ERR,ERR,ERR,ERR,ERR,ERR,ERR,ERR,ERR,ERR,ERR,ERR,ERR,ERR,ERR,ERR,ERR,ERR,ERR,ERR,ERR,ERR,ERR,ERR,ERR,ERR,ERR,ERR,ERR,ERR,ERR,ERR,ERR,ERR,ERR,ERR,ERR,ERR,ERR,ERR,ERR,ERR,ERR,ERR,ERR,ERR,ERR,ERR,ERR,ERR,ERR,ERR,ERR,ERR,ERR,ERR,ERR,ERR,ERR,ERR,ERR,ERR,ERR,ERR,ERR,ERR,ERR,ERR,ERR,ERR,ERR,ERR,2.7184312818759872e+23,0.0,-0.0,-4.9501291711397626e+32,nan,1.3936040501711995e+18,7.805,-0.0,0,0,4,48957,6720,14723890282496.0,100,0.0,0.0,0.0,0.0,0.0,0,0,0,0,0.0,0,0,0,0,0,0,0,0,0,0,0,0,0,0,0,0,0,0,0,0,0,0,0,0,0,0,0,0,0,0,0,0,0,26,51,50,76,65476,0,300,0,0,8,21553,0.0,-107605600.0,0.0,0.0,0.0,0.0,0.0,0.0,0.0,0.0,0.0,0.0,0.0,0.0,0.0,0.0,0.0,0.0,0.0,0.0,0.0,0.0,-2.004,2.004,-2.004,0.0,0.0,0.0,0.0,0.0,4775.0,-0.0,7287.0,2.7184312818759872e+23,0.0,-0.0,-0.0,0.0,0.0,0.0,0.0,77,0.0,-0.0,0.0,0.0,0.0,0.0,0.0,0.0,0.0,0,0,0,0.0,0.0,0.0,0.0,0.0,0.0,0.0,0.0,0.0,0.0,0.0,0.0,0.0,0.0,0.0,0.0,0,-107875648.0,77,0.0,154,0.0,0.0,ERR,ERR,ERR,ERR,ERR,ERR,ERR,ERR,ERR,ERR,ERR,ERR,ERR,ERR,ERR,ERR,ERR,ERR,ERR,ERR,ERR,ERR,ERR,ERR,ERR,ERR,ERR,ERR,ERR,ERR,ERR,ERR,ERR,ERR,ERR,ERR,ERR,ERR,ERR,ERR,ERR,ERR,ERR,ERR,ERR,ERR,ERR,ERR,ERR,ERR,ERR,ERR,ERR,ERR,ERR,ERR,ERR,ERR,ERR,ERR,ERR,ERR,ERR,ERR,ERR,ERR,ERR,34.0,80.0,35,0.0,0.0,0.0,0.0,0.0,0.0,0.0,0.0,0.0,0.0,0.0,0.0,0.0,0.0,0.0,0.0,66.0,0,120,58,53,65476,0,300,0,0,8,20529,65476,0,0,57672,80.0,0.0,0.0,0.0,0.0,0.0
2026-06-18T02:37:22,ERR,ERR,ERR,ERR,ERR,ERR,ERR,ERR,ERR,ERR,ERR,ERR,ERR,ERR,ERR,ERR,ERR,ERR,ERR,ERR,ERR,ERR,ERR,ERR,ERR,ERR,ERR,ERR,ERR,ERR,ERR,ERR,ERR,ERR,ERR,ERR,ERR,ERR,ERR,ERR,ERR,ERR,ERR,ERR,ERR,ERR,ERR,ERR,ERR,ERR,ERR,ERR,ERR,ERR,ERR,ERR,ERR,ERR,ERR,ERR,ERR,ERR,ERR,ERR,ERR,ERR,ERR,ERR,ERR,ERR,ERR,ERR,ERR,ERR,ERR,ERR,ERR,ERR,ERR,ERR,ERR,ERR,ERR,ERR,ERR,ERR,ERR,ERR,ERR,ERR,ERR,ERR,ERR,ERR,ERR,ERR,ERR,ERR,ERR,ERR,ERR,ERR,ERR,ERR,ERR,ERR,ERR,ERR,ERR,ERR,ERR,ERR,ERR,ERR,ERR,ERR,ERR,ERR,ERR,ERR,ERR,ERR,ERR,ERR,ERR,2.7184312818759872e+23,0.0,-0.0,-4.9501291711397626e+32,nan,1.3936040501711995e+18,7.805,-0.0,0,0,4,48957,6720,14723890282496.0,100,0.0,0.0,0.0,0.0,0.0,0,0,0,0,0.0,0,0,0,0,0,0,0,0,0,0,0,0,0,0,0,0,0,0,0,0,0,0,0,0,0,0,0,0,0,0,0,0,0,26,51,50,76,65476,0,300,0,0,8,21553,0.0,-107605600.0,0.0,0.0,0.0,0.0,0.0,0.0,0.0,0.0,0.0,0.0,0.0,0.0,0.0,0.0,0.0,0.0,0.0,0.0,0.0,0.0,-2.004,2.004,-2.004,0.0,0.0,0.0,0.0,0.0,4775.0,-0.0,7287.0,2.7184312818759872e+23,0.0,-0.0,-0.0,0.0,0.0,0.0,0.0,77,0.0,-0.0,0.0,0.0,0.0,0.0,0.0,0.0,0.0,0,0,0,0.0,0.0,0.0,0.0,0.0,0.0,0.0,0.0,0.0,0.0,0.0,0.0,0.0,0.0,0.0,0.0,0,-107875648.0,77,0.0,154,0.0,0.0,ERR,ERR,ERR,ERR,ERR,ERR,ERR,ERR,ERR,ERR,ERR,ERR,ERR,ERR,ERR,ERR,ERR,ERR,ERR,ERR,ERR,ERR,ERR,ERR,ERR,ERR,ERR,ERR,ERR,ERR,ERR,ERR,ERR,ERR,ERR,ERR,ERR,ERR,ERR,ERR,ERR,ERR,ERR,ERR,ERR,ERR,ERR,ERR,ERR,ERR,ERR,ERR,ERR,ERR,ERR,ERR,ERR,ERR,ERR,ERR,ERR,ERR,ERR,ERR,ERR,ERR,ERR,34.0,80.0,35,0.0,0.0,0.0,0.0,0.0,0.0,0.0,0.0,0.0,0.0,0.0,0.0,0.0,0.0,0.0,0.0,65.6,0,120,58,53,65476,0,300,0,0,8,20529,65476,0,0,57672,80.0,0.0,0.0,0.0,0.0,0.0
2026-06-18T02:37:23,ERR,ERR,ERR,ERR,ERR,ERR,ERR,ERR,ERR,ERR,ERR,ERR,ERR,ERR,ERR,ERR,ERR,ERR,ERR,ERR,ERR,ERR,ERR,ERR,ERR,ERR,ERR,ERR,ERR,ERR,ERR,ERR,ERR,ERR,ERR,ERR,ERR,ERR,ERR,ERR,ERR,ERR,ERR,ERR,ERR,ERR,ERR,ERR,ERR,ERR,ERR,ERR,ERR,ERR,ERR,ERR,ERR,ERR,ERR,ERR,ERR,ERR,ERR,ERR,ERR,ERR,ERR,ERR,ERR,ERR,ERR,ERR,ERR,ERR,ERR,ERR,ERR,ERR,ERR,ERR,ERR,ERR,ERR,ERR,ERR,ERR,ERR,ERR,ERR,ERR,ERR,ERR,ERR,ERR,ERR,ERR,ERR,ERR,ERR,ERR,ERR,ERR,ERR,ERR,ERR,ERR,ERR,ERR,ERR,ERR,ERR,ERR,ERR,ERR,ERR,ERR,ERR,ERR,ERR,ERR,ERR,ERR,ERR,ERR,ERR,2.7184312818759872e+23,0.0,-0.0,-0.0,nan,1.3936040501711995e+18,7.805,1.182,0,0,4,48957,6720,14723890282496.0,100,0.0,0.0,0.0,2.718290229135658e+23,0.0,0,0,0,0,0.0,0,0,0,0,0,0,0,0,0,0,0,0,0,0,0,0,0,0,0,0,0,0,0,0,0,0,0,0,0,0,0,0,0,26,51,50,76,65476,0,300,0,0,8,21553,0.0,-107605600.0,0.0,0.0,0.0,0.0,0.0,0.0,0.0,0.0,0.0,0.0,0.0,0.0,0.0,0.0,0.0,0.0,0.0,0.0,0.0,0.0,-2.004,2.004,-2.004,0.0,0.0,0.0,0.0,0.0,4771.0,-8608175104.0,7290.0,2.7184312818759872e+23,0.0,-0.0,-0.0,0.0,0.0,0.0,0.0,77,0.0,-71.629,0.0,0.0,0.0,0.0,0.0,0.0,0.0,0,0,0,0.0,0.0,0.0,0.0,0.0,0.0,0.0,0.0,0.0,0.0,0.0,0.0,0.0,0.0,0.0,0.0,0,-107875648.0,77,0.0,154,0.0,0.0,ERR,ERR,ERR,ERR,ERR,ERR,ERR,ERR,ERR,ERR,ERR,ERR,ERR,ERR,ERR,ERR,ERR,ERR,ERR,ERR,ERR,ERR,ERR,ERR,ERR,ERR,ERR,ERR,ERR,ERR,ERR,ERR,ERR,ERR,ERR,ERR,ERR,ERR,ERR,ERR,ERR,ERR,ERR,ERR,ERR,ERR,ERR,ERR,ERR,ERR,ERR,ERR,ERR,ERR,ERR,ERR,ERR,ERR,ERR,ERR,ERR,ERR,ERR,ERR,ERR,ERR,ERR,34.0,80.0,35,0.0,0.0,0.0,0.0,0.0,0.0,0.0,0.0,0.0,0.0,0.0,0.0,0.0,0.0,0.0,0.0,65.6,0,120,58,53,65476,0,300,0,0,8,20529,65476,0,0,57672,80.0,0.0,0.0,0.0,0.0,0.0
2026-06-18T02:37:24,ERR,ERR,ERR,ERR,ERR,ERR,ERR,ERR,ERR,ERR,ERR,ERR,ERR,ERR,ERR,ERR,ERR,ERR,ERR,ERR,ERR,ERR,ERR,ERR,ERR,ERR,ERR,ERR,ERR,ERR,ERR,ERR,ERR,ERR,ERR,ERR,ERR,ERR,ERR,ERR,ERR,ERR,ERR,ERR,ERR,ERR,ERR,ERR,ERR,ERR,ERR,ERR,ERR,ERR,ERR,ERR,ERR,ERR,ERR,ERR,ERR,ERR,ERR,ERR,ERR,ERR,ERR,ERR,ERR,ERR,ERR,ERR,ERR,ERR,ERR,ERR,ERR,ERR,ERR,ERR,ERR,ERR,ERR,ERR,ERR,ERR,ERR,ERR,ERR,ERR,ERR,ERR,ERR,ERR,ERR,ERR,ERR,ERR,ERR,ERR,ERR,ERR,ERR,ERR,ERR,ERR,ERR,ERR,ERR,ERR,ERR,ERR,ERR,ERR,ERR,ERR,ERR,ERR,ERR,ERR,ERR,ERR,ERR,ERR,ERR,2.7184312818759872e+23,0.0,-0.0,-0.0,nan,1.3936040501711995e+18,7.805,1.182,0,0,4,48957,6720,14723890282496.0,100,0.0,0.0,0.0,2.718290229135658e+23,0.0,0,0,0,0,0.0,0,0,0,0,0,0,0,0,0,0,0,0,0,0,0,0,0,0,0,0,0,0,0,0,0,0,0,0,0,0,0,0,0,26,51,50,76,65476,0,300,0,0,8,21553,0.0,-107605600.0,0.0,0.0,0.0,0.0,0.0,0.0,0.0,0.0,0.0,0.0,0.0,0.0,0.0,0.0,0.0,0.0,0.0,0.0,0.0,0.0,-2.004,2.004,-2.004,0.0,0.0,0.0,0.0,0.0,4771.0,-8608175104.0,7290.0,2.7184312818759872e+23,0.0,-0.0,-0.0,0.0,0.0,0.0,0.0,77,0.0,-71.629,0.0,0.0,0.0,0.0,0.0,0.0,0.0,0,0,0,0.0,0.0,0.0,0.0,0.0,0.0,0.0,0.0,0.0,0.0,0.0,0.0,0.0,0.0,0.0,0.0,0,-107875648.0,77,0.0,154,0.0,0.0,ERR,ERR,ERR,ERR,ERR,ERR,ERR,ERR,ERR,ERR,ERR,ERR,ERR,ERR,ERR,ERR,ERR,ERR,ERR,ERR,ERR,ERR,ERR,ERR,ERR,ERR,ERR,ERR,ERR,ERR,ERR,ERR,ERR,ERR,ERR,ERR,ERR,ERR,ERR,ERR,ERR,ERR,ERR,ERR,ERR,ERR,ERR,ERR,ERR,ERR,ERR,ERR,ERR,ERR,ERR,ERR,ERR,ERR,ERR,ERR,ERR,ERR,ERR,ERR,ERR,ERR,ERR,34.0,80.0,35,0.0,0.0,0.0,0.0,0.0,0.0,0.0,0.0,0.0,0.0,0.0,0.0,0.0,0.0,0.0,0.0,66.0,0,120,58,53,65476,0,300,0,0,8,20529,65476,0,0,57672,80.0,0.0,0.0,0.0,0.0,0.0
2026-06-18T02:37:25,ERR,ERR,ERR,ERR,ERR,ERR,ERR,ERR,ERR,ERR,ERR,ERR,ERR,ERR,ERR,ERR,ERR,ERR,ERR,ERR,ERR,ERR,ERR,ERR,ERR,ERR,ERR,ERR,ERR,ERR,ERR,ERR,ERR,ERR,ERR,ERR,ERR,ERR,ERR,ERR,ERR,ERR,ERR,ERR,ERR,ERR,ERR,ERR,ERR,ERR,ERR,ERR,ERR,ERR,ERR,ERR,ERR,ERR,ERR,ERR,ERR,ERR,ERR,ERR,ERR,ERR,ERR,ERR,ERR,ERR,ERR,ERR,ERR,ERR,ERR,ERR,ERR,ERR,ERR,ERR,ERR,ERR,ERR,ERR,ERR,ERR,ERR,ERR,ERR,ERR,ERR,ERR,ERR,ERR,ERR,ERR,ERR,ERR,ERR,ERR,ERR,ERR,ERR,ERR,ERR,ERR,ERR,ERR,ERR,ERR,ERR,ERR,ERR,ERR,ERR,ERR,ERR,ERR,ERR,ERR,ERR,ERR,ERR,ERR,ERR,2.7184312818759872e+23,0.0,-0.0,-0.0,nan,1.3936040501711995e+18,7.805,1.182,0,0,4,48957,6720,14723890282496.0,100,0.0,0.0,0.0,2.718290229135658e+23,0.0,0,0,0,0,0.0,0,0,0,0,0,0,0,0,0,0,0,0,0,0,0,0,0,0,0,0,0,0,0,0,0,0,0,0,0,0,0,0,0,26,51,50,76,65476,0,300,0,0,8,21553,0.0,-107605600.0,0.0,0.0,0.0,0.0,0.0,0.0,0.0,0.0,0.0,0.0,0.0,0.0,0.0,0.0,0.0,0.0,0.0,0.0,0.0,0.0,-2.004,2.004,-2.004,0.0,0.0,0.0,0.0,0.0,4771.0,-8608175104.0,7290.0,2.7184312818759872e+23,0.0,-0.0,-0.0,0.0,0.0,0.0,0.0,77,0.0,-71.629,0.0,0.0,0.0,0.0,0.0,0.0,0.0,0,0,0,0.0,0.0,0.0,0.0,0.0,0.0,0.0,0.0,0.0,0.0,0.0,0.0,0.0,0.0,0.0,0.0,0,-107875648.0,77,0.0,154,0.0,0.0,ERR,ERR,ERR,ERR,ERR,ERR,ERR,ERR,ERR,ERR,ERR,ERR,ERR,ERR,ERR,ERR,ERR,ERR,ERR,ERR,ERR,ERR,ERR,ERR,ERR,ERR,ERR,ERR,ERR,ERR,ERR,ERR,ERR,ERR,ERR,ERR,ERR,ERR,ERR,ERR,ERR,ERR,ERR,ERR,ERR,ERR,ERR,ERR,ERR,ERR,ERR,ERR,ERR,ERR,ERR,ERR,ERR,ERR,ERR,ERR,ERR,ERR,ERR,ERR,ERR,ERR,ERR,34.0,80.0,35,0.0,0.0,0.0,0.0,0.0,0.0,0.0,0.0,0.0,0.0,0.0,0.0,0.0,0.0,0.0,0.0,66.0,0,120,58,53,65476,0,300,0,0,8,20529,65476,0,0,57672,80.0,0.0,0.0,0.0,0.0,0.0
2026-06-18T02:37:26,ERR,ERR,ERR,ERR,ERR,ERR,ERR,ERR,ERR,ERR,ERR,ERR,ERR,ERR,ERR,ERR,ERR,ERR,ERR,ERR,ERR,ERR,ERR,ERR,ERR,ERR,ERR,ERR,ERR,ERR,ERR,ERR,ERR,ERR,ERR,ERR,ERR,ERR,ERR,ERR,ERR,ERR,ERR,ERR,ERR,ERR,ERR,ERR,ERR,ERR,ERR,ERR,ERR,ERR,ERR,ERR,ERR,ERR,ERR,ERR,ERR,ERR,ERR,ERR,ERR,ERR,ERR,ERR,ERR,ERR,ERR,ERR,ERR,ERR,ERR,ERR,ERR,ERR,ERR,ERR,ERR,ERR,ERR,ERR,ERR,ERR,ERR,ERR,ERR,ERR,ERR,ERR,ERR,ERR,ERR,ERR,ERR,ERR,ERR,ERR,ERR,ERR,ERR,ERR,ERR,ERR,ERR,ERR,ERR,ERR,ERR,ERR,ERR,ERR,ERR,ERR,ERR,ERR,ERR,ERR,ERR,ERR,ERR,ERR,ERR,2.7184312818759872e+23,0.0,-0.0,-0.0,nan,1.3936040501711995e+18,7.805,1.182,0,0,4,48957,6720,14723890282496.0,100,0.0,0.0,0.0,2.718290229135658e+23,0.0,0,0,0,0,0.0,0,0,0,0,0,0,0,0,0,0,0,0,0,0,0,0,0,0,0,0,0,0,0,0,0,0,0,0,0,0,0,0,0,26,51,50,76,65476,0,300,0,0,8,21553,0.0,-107605600.0,0.0,0.0,0.0,0.0,0.0,0.0,0.0,0.0,0.0,0.0,0.0,0.0,0.0,0.0,0.0,0.0,0.0,0.0,0.0,0.0,-2.004,2.004,-2.004,0.0,0.0,0.0,0.0,0.0,4771.0,-8608175104.0,7290.0,2.7184312818759872e+23,0.0,-0.0,-0.0,0.0,0.0,0.0,0.0,77,0.0,-71.629,0.0,0.0,0.0,0.0,0.0,0.0,0.0,0,0,0,0.0,0.0,0.0,0.0,0.0,0.0,0.0,0.0,0.0,0.0,0.0,0.0,0.0,0.0,0.0,0.0,0,-107875648.0,77,0.0,154,0.0,0.0,ERR,ERR,ERR,ERR,ERR,ERR,ERR,ERR,ERR,ERR,ERR,ERR,ERR,ERR,ERR,ERR,ERR,ERR,ERR,ERR,ERR,ERR,ERR,ERR,ERR,ERR,ERR,ERR,ERR,ERR,ERR,ERR,ERR,ERR,ERR,ERR,ERR,ERR,ERR,ERR,ERR,ERR,ERR,ERR,ERR,ERR,ERR,ERR,ERR,ERR,ERR,ERR,ERR,ERR,ERR,ERR,ERR,ERR,ERR,ERR,ERR,ERR,ERR,ERR,ERR,ERR,ERR,34.0,80.0,35,0.0,0.0,0.0,0.0,0.0,0.0,0.0,0.0,0.0,0.0,0.0,0.0,0.0,0.0,0.0,0.0,65.6,0,120,58,53,65476,0,300,0,0,8,20529,65476,0,0,57672,80.0,0.0,0.0,0.0,0.0,0.0
2026-06-18T02:37:27,ERR,ERR,ERR,ERR,ERR,ERR,ERR,ERR,ERR,ERR,ERR,ERR,ERR,ERR,ERR,ERR,ERR,ERR,ERR,ERR,ERR,ERR,ERR,ERR,ERR,ERR,ERR,ERR,ERR,ERR,ERR,ERR,ERR,ERR,ERR,ERR,ERR,ERR,ERR,ERR,ERR,ERR,ERR,ERR,ERR,ERR,ERR,ERR,ERR,ERR,ERR,ERR,ERR,ERR,ERR,ERR,ERR,ERR,ERR,ERR,ERR,ERR,ERR,ERR,ERR,ERR,ERR,ERR,ERR,ERR,ERR,ERR,ERR,ERR,ERR,ERR,ERR,ERR,ERR,ERR,ERR,ERR,ERR,ERR,ERR,ERR,ERR,ERR,ERR,ERR,ERR,ERR,ERR,ERR,ERR,ERR,ERR,ERR,ERR,ERR,ERR,ERR,ERR,ERR,ERR,ERR,ERR,ERR,ERR,ERR,ERR,ERR,ERR,ERR,ERR,ERR,ERR,ERR,ERR,ERR,ERR,ERR,ERR,ERR,ERR,2.7184312818759872e+23,0.0,-0.0,-0.0,nan,1.3936040501711995e+18,7.805,1.182,0,0,4,48957,6720,14723890282496.0,100,0.0,0.0,0.0,2.718290229135658e+23,0.0,0,0,0,0,0.0,0,0,0,0,0,0,0,0,0,0,0,0,0,0,0,0,0,0,0,0,0,0,0,0,0,0,0,0,0,0,0,0,0,26,51,50,76,65476,0,300,0,0,8,21553,0.0,-107605600.0,0.0,0.0,0.0,0.0,0.0,0.0,0.0,0.0,0.0,0.0,0.0,0.0,0.0,0.0,0.0,0.0,0.0,0.0,0.0,0.0,-2.004,2.004,-2.004,0.0,0.0,0.0,0.0,0.0,4771.0,-8608175104.0,7290.0,2.7184312818759872e+23,0.0,-0.0,-0.0,0.0,0.0,0.0,0.0,77,0.0,-71.629,0.0,0.0,0.0,0.0,0.0,0.0,0.0,0,0,0,0.0,0.0,0.0,0.0,0.0,0.0,0.0,0.0,0.0,0.0,0.0,0.0,0.0,0.0,0.0,0.0,0,-107875648.0,77,0.0,154,0.0,0.0,ERR,ERR,ERR,ERR,ERR,ERR,ERR,ERR,ERR,ERR,ERR,ERR,ERR,ERR,ERR,ERR,ERR,ERR,ERR,ERR,ERR,ERR,ERR,ERR,ERR,ERR,ERR,ERR,ERR,ERR,ERR,ERR,ERR,ERR,ERR,ERR,ERR,ERR,ERR,ERR,ERR,ERR,ERR,ERR,ERR,ERR,ERR,ERR,ERR,ERR,ERR,ERR,ERR,ERR,ERR,ERR,ERR,ERR,ERR,ERR,ERR,ERR,ERR,ERR,ERR,ERR,ERR,34.0,80.0,35,0.0,0.0,0.0,0.0,0.0,0.0,0.0,0.0,0.0,0.0,0.0,0.0,0.0,0.0,0.0,0.0,65.6,0,120,58,53,65476,0,300,0,0,8,20529,65476,0,0,57672,80.0,0.0,0.0,0.0,0.0,0.0
2026-06-18T02:37:28,ERR,ERR,ERR,ERR,ERR,ERR,ERR,ERR,ERR,ERR,ERR,ERR,ERR,ERR,ERR,ERR,ERR,ERR,ERR,ERR,ERR,ERR,ERR,ERR,ERR,ERR,ERR,ERR,ERR,ERR,ERR,ERR,ERR,ERR,ERR,ERR,ERR,ERR,ERR,ERR,ERR,ERR,ERR,ERR,ERR,ERR,ERR,ERR,ERR,ERR,ERR,ERR,ERR,ERR,ERR,ERR,ERR,ERR,ERR,ERR,ERR,ERR,ERR,ERR,ERR,ERR,ERR,ERR,ERR,ERR,ERR,ERR,ERR,ERR,ERR,ERR,ERR,ERR,ERR,ERR,ERR,ERR,ERR,ERR,ERR,ERR,ERR,ERR,ERR,ERR,ERR,ERR,ERR,ERR,ERR,ERR,ERR,ERR,ERR,ERR,ERR,ERR,ERR,ERR,ERR,ERR,ERR,ERR,ERR,ERR,ERR,ERR,ERR,ERR,ERR,ERR,ERR,ERR,ERR,ERR,ERR,ERR,ERR,ERR,ERR,2.7184312818759872e+23,0.0,0.0,0.059,nan,1.3936040501711995e+18,7.805,-0.001,0,0,4,48930,6720,14723890282496.0,100,0.0,0.0,0.0,0.059,0.0,0,0,0,0,0.0,0,0,0,0,0,0,0,0,0,0,0,0,0,0,0,0,0,0,0,0,0,0,0,0,0,0,0,0,0,0,0,0,0,26,51,50,76,65476,0,300,0,0,8,21553,0.0,-107605600.0,0.0,0.0,0.0,0.0,0.0,0.0,0.0,0.0,0.0,0.0,0.0,0.0,0.0,0.0,0.0,0.0,0.0,0.0,0.0,0.0,-2.004,2.004,-2.004,-2.004,0.0,0.0,0.0,0.0,4773.0,-8608175104.0,7290.0,2.7184312818759872e+23,0.0,-0.0,-0.0,0.0,0.0,0.0,0.0,77,0.0,-71.629,0.0,0.0,0.0,0.0,0.0,0.0,0.0,0,0,0,0.0,0.0,0.0,0.0,0.0,0.0,0.0,0.0,0.0,0.0,0.0,0.0,0.0,0.0,0.0,0.0,0,-107875648.0,77,0.0,154,0.0,0.0,ERR,ERR,ERR,ERR,ERR,ERR,ERR,ERR,ERR,ERR,ERR,ERR,ERR,ERR,ERR,ERR,ERR,ERR,ERR,ERR,ERR,ERR,ERR,ERR,ERR,ERR,ERR,ERR,ERR,ERR,ERR,ERR,ERR,ERR,ERR,ERR,ERR,ERR,ERR,ERR,ERR,ERR,ERR,ERR,ERR,ERR,ERR,ERR,ERR,ERR,ERR,ERR,ERR,ERR,ERR,ERR,ERR,ERR,ERR,ERR,ERR,ERR,ERR,ERR,ERR,ERR,ERR,34.0,80.0,35,0.0,0.0,0.0,0.0,0.0,0.0,0.0,0.0,0.0,0.0,0.0,0.0,0.0,0.0,0.0,0.0,66.4,0,120,58,53,65476,0,300,0,0,8,20529,65476,0,0,57672,80.0,0.0,0.0,0.0,0.0,0.0
2026-06-18T02:37:29,ERR,ERR,ERR,ERR,ERR,ERR,ERR,ERR,ERR,ERR,ERR,ERR,ERR,ERR,ERR,ERR,ERR,ERR,ERR,ERR,ERR,ERR,ERR,ERR,ERR,ERR,ERR,ERR,ERR,ERR,ERR,ERR,ERR,ERR,ERR,ERR,ERR,ERR,ERR,ERR,ERR,ERR,ERR,ERR,ERR,ERR,ERR,ERR,ERR,ERR,ERR,ERR,ERR,ERR,ERR,ERR,ERR,ERR,ERR,ERR,ERR,ERR,ERR,ERR,ERR,ERR,ERR,ERR,ERR,ERR,ERR,ERR,ERR,ERR,ERR,ERR,ERR,ERR,ERR,ERR,ERR,ERR,ERR,ERR,ERR,ERR,ERR,ERR,ERR,ERR,ERR,ERR,ERR,ERR,ERR,ERR,ERR,ERR,ERR,ERR,ERR,ERR,ERR,ERR,ERR,ERR,ERR,ERR,ERR,ERR,ERR,ERR,ERR,ERR,ERR,ERR,ERR,ERR,ERR,ERR,ERR,ERR,ERR,ERR,ERR,2.7184312818759872e+23,0.0,0.0,0.059,nan,1.3936040501711995e+18,7.805,-0.001,0,0,4,48930,6720,14723890282496.0,100,0.0,0.0,0.0,0.059,0.0,0,0,0,0,0.0,0,0,0,0,0,0,0,0,0,0,0,0,0,0,0,0,0,0,0,0,0,0,0,0,0,0,0,0,0,0,0,0,0,26,51,50,76,65476,0,300,0,0,8,21553,0.0,-107605600.0,0.0,0.0,0.0,0.0,0.0,0.0,0.0,0.0,0.0,0.0,0.0,0.0,0.0,0.0,0.0,0.0,0.0,0.0,0.0,0.0,-2.004,2.004,-2.004,-2.004,0.0,0.0,0.0,0.0,4773.0,-8608175104.0,7290.0,2.7184312818759872e+23,0.0,-0.0,-0.0,0.0,0.0,0.0,0.0,77,0.0,-71.629,0.0,0.0,0.0,0.0,0.0,0.0,0.0,0,0,0,0.0,0.0,0.0,0.0,0.0,0.0,0.0,0.0,0.0,0.0,0.0,0.0,0.0,0.0,0.0,0.0,0,-107875648.0,77,0.0,154,0.0,0.0,ERR,ERR,ERR,ERR,ERR,ERR,ERR,ERR,ERR,ERR,ERR,ERR,ERR,ERR,ERR,ERR,ERR,ERR,ERR,ERR,ERR,ERR,ERR,ERR,ERR,ERR,ERR,ERR,ERR,ERR,ERR,ERR,ERR,ERR,ERR,ERR,ERR,ERR,ERR,ERR,ERR,ERR,ERR,ERR,ERR,ERR,ERR,ERR,ERR,ERR,ERR,ERR,ERR,ERR,ERR,ERR,ERR,ERR,ERR,ERR,ERR,ERR,ERR,ERR,ERR,ERR,ERR,34.0,80.0,35,0.0,0.0,0.0,0.0,0.0,0.0,0.0,0.0,0.0,0.0,0.0,0.0,0.0,0.0,0.0,0.0,66.4,0,120,58,53,65476,0,300,0,0,8,20529,65476,0,0,57672,80.0,0.0,0.0,0.0,0.0,0.0
2026-06-18T02:37:30,ERR,ERR,ERR,ERR,ERR,ERR,ERR,ERR,ERR,ERR,ERR,ERR,ERR,ERR,ERR,ERR,ERR,ERR,ERR,ERR,ERR,ERR,ERR,ERR,ERR,ERR,ERR,ERR,ERR,ERR,ERR,ERR,ERR,ERR,ERR,ERR,ERR,ERR,ERR,ERR,ERR,ERR,ERR,ERR,ERR,ERR,ERR,ERR,ERR,ERR,ERR,ERR,ERR,ERR,ERR,ERR,ERR,ERR,ERR,ERR,ERR,ERR,ERR,ERR,ERR,ERR,ERR,ERR,ERR,ERR,ERR,ERR,ERR,ERR,ERR,ERR,ERR,ERR,ERR,ERR,ERR,ERR,ERR,ERR,ERR,ERR,ERR,ERR,ERR,ERR,ERR,ERR,ERR,ERR,ERR,ERR,ERR,ERR,ERR,ERR,ERR,ERR,ERR,ERR,ERR,ERR,ERR,ERR,ERR,ERR,ERR,ERR,ERR,ERR,ERR,ERR,ERR,ERR,ERR,ERR,ERR,ERR,ERR,ERR,ERR,2.7184312818759872e+23,0.0,0.0,0.059,nan,1.3936040501711995e+18,7.805,-0.001,0,0,4,48930,6720,14723890282496.0,100,0.0,0.0,0.0,0.059,0.0,0,0,0,0,0.0,0,0,0,0,0,0,0,0,0,0,0,0,0,0,0,0,0,0,0,0,0,0,0,0,0,0,0,0,0,0,0,0,0,26,51,50,76,65476,0,300,0,0,8,21553,0.0,-107605600.0,0.0,0.0,0.0,0.0,0.0,0.0,0.0,0.0,0.0,0.0,0.0,0.0,0.0,0.0,0.0,0.0,0.0,0.0,0.0,0.0,-2.004,2.004,-2.004,-2.004,0.0,0.0,0.0,0.0,4773.0,-8608175104.0,7290.0,2.7184312818759872e+23,0.0,-0.0,-0.0,0.0,0.0,0.0,0.0,77,0.0,-71.629,0.0,0.0,0.0,0.0,0.0,0.0,0.0,0,0,0,0.0,0.0,0.0,0.0,0.0,0.0,0.0,0.0,0.0,0.0,0.0,0.0,0.0,0.0,0.0,0.0,0,-107875648.0,77,0.0,154,0.0,0.0,ERR,ERR,ERR,ERR,ERR,ERR,ERR,ERR,ERR,ERR,ERR,ERR,ERR,ERR,ERR,ERR,ERR,ERR,ERR,ERR,ERR,ERR,ERR,ERR,ERR,ERR,ERR,ERR,ERR,ERR,ERR,ERR,ERR,ERR,ERR,ERR,ERR,ERR,ERR,ERR,ERR,ERR,ERR,ERR,ERR,ERR,ERR,ERR,ERR,ERR,ERR,ERR,ERR,ERR,ERR,ERR,ERR,ERR,ERR,ERR,ERR,ERR,ERR,ERR,ERR,ERR,ERR,34.0,80.0,35,0.0,0.0,0.0,0.0,0.0,0.0,0.0,0.0,0.0,0.0,0.0,0.0,0.0,0.0,0.0,0.0,66.0,0,120,58,53,65476,0,300,0,0,8,20529,65476,0,0,57672,80.0,0.0,0.0,0.0,0.0,0.0
2026-06-18T02:37:31,ERR,ERR,ERR,ERR,ERR,ERR,ERR,ERR,ERR,ERR,ERR,ERR,ERR,ERR,ERR,ERR,ERR,ERR,ERR,ERR,ERR,ERR,ERR,ERR,ERR,ERR,ERR,ERR,ERR,ERR,ERR,ERR,ERR,ERR,ERR,ERR,ERR,ERR,ERR,ERR,ERR,ERR,ERR,ERR,ERR,ERR,ERR,ERR,ERR,ERR,ERR,ERR,ERR,ERR,ERR,ERR,ERR,ERR,ERR,ERR,ERR,ERR,ERR,ERR,ERR,ERR,ERR,ERR,ERR,ERR,ERR,ERR,ERR,ERR,ERR,ERR,ERR,ERR,ERR,ERR,ERR,ERR,ERR,ERR,ERR,ERR,ERR,ERR,ERR,ERR,ERR,ERR,ERR,ERR,ERR,ERR,ERR,ERR,ERR,ERR,ERR,ERR,ERR,ERR,ERR,ERR,ERR,ERR,ERR,ERR,ERR,ERR,ERR,ERR,ERR,ERR,ERR,ERR,ERR,ERR,ERR,ERR,ERR,ERR,ERR,2.7184312818759872e+23,0.0,0.0,0.059,nan,1.3936040501711995e+18,7.805,-0.001,0,0,4,48930,6720,14723890282496.0,100,0.0,0.0,0.0,0.059,0.0,0,0,0,0,0.0,0,0,0,0,0,0,0,0,0,0,0,0,0,0,0,0,0,0,0,0,0,0,0,0,0,0,0,0,0,0,0,0,0,26,51,50,76,65476,0,300,0,0,8,21553,0.0,-107605600.0,0.0,0.0,0.0,0.0,0.0,0.0,0.0,0.0,0.0,0.0,0.0,0.0,0.0,0.0,0.0,0.0,0.0,0.0,0.0,0.0,-2.004,2.004,-2.004,-2.004,0.0,0.0,0.0,0.0,4773.0,-8608175104.0,7290.0,2.7184312818759872e+23,0.0,-0.0,-0.0,0.0,0.0,0.0,0.0,77,0.0,-71.629,0.0,0.0,0.0,0.0,0.0,0.0,0.0,0,0,0,0.0,0.0,0.0,0.0,0.0,0.0,0.0,0.0,0.0,0.0,0.0,0.0,0.0,0.0,0.0,0.0,0,-107875648.0,77,0.0,154,0.0,0.0,ERR,ERR,ERR,ERR,ERR,ERR,ERR,ERR,ERR,ERR,ERR,ERR,ERR,ERR,ERR,ERR,ERR,ERR,ERR,ERR,ERR,ERR,ERR,ERR,ERR,ERR,ERR,ERR,ERR,ERR,ERR,ERR,ERR,ERR,ERR,ERR,ERR,ERR,ERR,ERR,ERR,ERR,ERR,ERR,ERR,ERR,ERR,ERR,ERR,ERR,ERR,ERR,ERR,ERR,ERR,ERR,ERR,ERR,ERR,ERR,ERR,ERR,ERR,ERR,ERR,ERR,ERR,34.0,80.0,35,0.0,0.0,0.0,0.0,0.0,0.0,0.0,0.0,0.0,0.0,0.0,0.0,0.0,0.0,0.0,0.0,66.4,0,120,58,53,65476,0,300,0,0,8,20529,65476,0,0,57672,80.0,0.0,0.0,0.0,0.0,0.0
2026-06-18T02:37:32,ERR,ERR,ERR,ERR,ERR,ERR,ERR,ERR,ERR,ERR,ERR,ERR,ERR,ERR,ERR,ERR,ERR,ERR,ERR,ERR,ERR,ERR,ERR,ERR,ERR,ERR,ERR,ERR,ERR,ERR,ERR,ERR,ERR,ERR,ERR,ERR,ERR,ERR,ERR,ERR,ERR,ERR,ERR,ERR,ERR,ERR,ERR,ERR,ERR,ERR,ERR,ERR,ERR,ERR,ERR,ERR,ERR,ERR,ERR,ERR,ERR,ERR,ERR,ERR,ERR,ERR,ERR,ERR,ERR,ERR,ERR,ERR,ERR,ERR,ERR,ERR,ERR,ERR,ERR,ERR,ERR,ERR,ERR,ERR,ERR,ERR,ERR,ERR,ERR,ERR,ERR,ERR,ERR,ERR,ERR,ERR,ERR,ERR,ERR,ERR,ERR,ERR,ERR,ERR,ERR,ERR,ERR,ERR,ERR,ERR,ERR,ERR,ERR,ERR,ERR,ERR,ERR,ERR,ERR,ERR,ERR,ERR,ERR,ERR,ERR,2.7184312818759872e+23,0.0,0.0,0.059,nan,1.3936040501711995e+18,7.805,-0.001,0,0,4,48930,6720,14723890282496.0,100,0.0,0.0,0.0,0.059,0.0,0,0,0,0,0.0,0,0,0,0,0,0,0,0,0,0,0,0,0,0,0,0,0,0,0,0,0,0,0,0,0,0,0,0,0,0,0,0,0,26,51,50,76,65476,0,300,0,0,8,21553,0.0,-107605600.0,0.0,0.0,0.0,0.0,0.0,0.0,0.0,0.0,0.0,0.0,0.0,0.0,0.0,0.0,0.0,0.0,0.0,0.0,0.0,0.0,-2.004,2.004,-2.004,-2.004,0.0,0.0,0.0,0.0,4773.0,-8608175104.0,7290.0,2.7184312818759872e+23,0.0,-0.0,-0.0,0.0,0.0,0.0,0.0,77,0.0,-71.629,0.0,0.0,0.0,0.0,0.0,0.0,0.0,0,0,0,0.0,0.0,0.0,0.0,0.0,0.0,0.0,0.0,0.0,0.0,0.0,0.0,0.0,0.0,0.0,0.0,0,-107875648.0,77,0.0,154,0.0,0.0,ERR,ERR,ERR,ERR,ERR,ERR,ERR,ERR,ERR,ERR,ERR,ERR,ERR,ERR,ERR,ERR,ERR,ERR,ERR,ERR,ERR,ERR,ERR,ERR,ERR,ERR,ERR,ERR,ERR,ERR,ERR,ERR,ERR,ERR,ERR,ERR,ERR,ERR,ERR,ERR,ERR,ERR,ERR,ERR,ERR,ERR,ERR,ERR,ERR,ERR,ERR,ERR,ERR,ERR,ERR,ERR,ERR,ERR,ERR,ERR,ERR,ERR,ERR,ERR,ERR,ERR,ERR,34.0,80.0,35,0.0,0.0,0.0,0.0,0.0,0.0,0.0,0.0,0.0,0.0,0.0,0.0,0.0,0.0,0.0,0.0,66.4,0,120,58,53,65476,0,300,0,0,8,20529,65476,0,0,57672,80.0,0.0,0.0,0.0,0.0,0.0
2026-06-18T02:37:33,ERR,ERR,ERR,ERR,ERR,ERR,ERR,ERR,ERR,ERR,ERR,ERR,ERR,ERR,ERR,ERR,ERR,ERR,ERR,ERR,ERR,ERR,ERR,ERR,ERR,ERR,ERR,ERR,ERR,ERR,ERR,ERR,ERR,ERR,ERR,ERR,ERR,ERR,ERR,ERR,ERR,ERR,ERR,ERR,ERR,ERR,ERR,ERR,ERR,ERR,ERR,ERR,ERR,ERR,ERR,ERR,ERR,ERR,ERR,ERR,ERR,ERR,ERR,ERR,ERR,ERR,ERR,ERR,ERR,ERR,ERR,ERR,ERR,ERR,ERR,ERR,ERR,ERR,ERR,ERR,ERR,ERR,ERR,ERR,ERR,ERR,ERR,ERR,ERR,ERR,ERR,ERR,ERR,ERR,ERR,ERR,ERR,ERR,ERR,ERR,ERR,ERR,ERR,ERR,ERR,ERR,ERR,ERR,ERR,ERR,ERR,ERR,ERR,ERR,ERR,ERR,ERR,ERR,ERR,ERR,ERR,ERR,ERR,ERR,ERR,2.7184312818759872e+23,0.0,-0.0,-0.0,nan,1.3936040501711995e+18,7.805,1.182,0,0,4,48926,6720,14723890282496.0,100,0.0,0.0,0.0,2.718290229135658e+23,0.0,0,0,0,0,0.0,0,0,0,0,0,0,0,0,0,0,0,0,0,0,0,0,0,0,0,0,0,0,0,0,0,0,0,0,0,0,0,0,0,26,51,50,76,65476,0,300,0,0,8,21553,0.0,-107605600.0,0.0,0.0,0.0,0.0,0.0,0.0,0.0,0.0,0.0,0.0,0.0,0.0,0.0,0.0,0.0,0.0,0.0,0.0,0.0,0.0,-2.004,2.004,-2.004,-2.004,0.0,0.0,0.0,0.0,4775.0,-131350.328,7289.0,2.7184312818759872e+23,0.0,-0.0,-0.0,0.0,0.0,0.0,0.0,77,0.0,-0.0,0.0,0.0,0.0,0.0,0.0,0.0,0.0,0,0,0,0.0,0.0,0.0,0.0,0.0,0.0,0.0,0.0,0.0,0.0,0.0,0.0,0.0,0.0,0.0,0.0,0,-107875648.0,77,0.0,154,0.0,0.0,ERR,ERR,ERR,ERR,ERR,ERR,ERR,ERR,ERR,ERR,ERR,ERR,ERR,ERR,ERR,ERR,ERR,ERR,ERR,ERR,ERR,ERR,ERR,ERR,ERR,ERR,ERR,ERR,ERR,ERR,ERR,ERR,ERR,ERR,ERR,ERR,ERR,ERR,ERR,ERR,ERR,ERR,ERR,ERR,ERR,ERR,ERR,ERR,ERR,ERR,ERR,ERR,ERR,ERR,ERR,ERR,ERR,ERR,ERR,ERR,ERR,ERR,ERR,ERR,ERR,ERR,ERR,34.0,80.0,35,0.0,0.0,0.0,0.0,0.0,0.0,0.0,0.0,0.0,0.0,0.0,0.0,0.0,0.0,0.0,0.0,66.4,0,120,58,53,65476,0,300,0,0,8,20529,65476,0,0,57672,80.0,0.0,0.0,0.0,0.0,0.0
2026-06-18T02:37:34,ERR,ERR,ERR,ERR,ERR,ERR,ERR,ERR,ERR,ERR,ERR,ERR,ERR,ERR,ERR,ERR,ERR,ERR,ERR,ERR,ERR,ERR,ERR,ERR,ERR,ERR,ERR,ERR,ERR,ERR,ERR,ERR,ERR,ERR,ERR,ERR,ERR,ERR,ERR,ERR,ERR,ERR,ERR,ERR,ERR,ERR,ERR,ERR,ERR,ERR,ERR,ERR,ERR,ERR,ERR,ERR,ERR,ERR,ERR,ERR,ERR,ERR,ERR,ERR,ERR,ERR,ERR,ERR,ERR,ERR,ERR,ERR,ERR,ERR,ERR,ERR,ERR,ERR,ERR,ERR,ERR,ERR,ERR,ERR,ERR,ERR,ERR,ERR,ERR,ERR,ERR,ERR,ERR,ERR,ERR,ERR,ERR,ERR,ERR,ERR,ERR,ERR,ERR,ERR,ERR,ERR,ERR,ERR,ERR,ERR,ERR,ERR,ERR,ERR,ERR,ERR,ERR,ERR,ERR,ERR,ERR,ERR,ERR,ERR,ERR,2.7184312818759872e+23,0.0,-0.0,-0.0,nan,1.3936040501711995e+18,7.805,1.182,0,0,4,48926,6720,14723890282496.0,100,0.0,0.0,0.0,2.718290229135658e+23,0.0,0,0,0,0,0.0,0,0,0,0,0,0,0,0,0,0,0,0,0,0,0,0,0,0,0,0,0,0,0,0,0,0,0,0,0,0,0,0,0,26,51,50,76,65476,0,300,0,0,8,21553,0.0,-107605600.0,0.0,0.0,0.0,0.0,0.0,0.0,0.0,0.0,0.0,0.0,0.0,0.0,0.0,0.0,0.0,0.0,0.0,0.0,0.0,0.0,-2.004,2.004,-2.004,-2.004,0.0,0.0,0.0,0.0,4775.0,-131350.328,7289.0,2.7184312818759872e+23,0.0,-0.0,-0.0,0.0,0.0,0.0,0.0,77,0.0,-0.0,0.0,0.0,0.0,0.0,0.0,0.0,0.0,0,0,0,0.0,0.0,0.0,0.0,0.0,0.0,0.0,0.0,0.0,0.0,0.0,0.0,0.0,0.0,0.0,0.0,0,-107875648.0,77,0.0,154,0.0,0.0,ERR,ERR,ERR,ERR,ERR,ERR,ERR,ERR,ERR,ERR,ERR,ERR,ERR,ERR,ERR,ERR,ERR,ERR,ERR,ERR,ERR,ERR,ERR,ERR,ERR,ERR,ERR,ERR,ERR,ERR,ERR,ERR,ERR,ERR,ERR,ERR,ERR,ERR,ERR,ERR,ERR,ERR,ERR,ERR,ERR,ERR,ERR,ERR,ERR,ERR,ERR,ERR,ERR,ERR,ERR,ERR,ERR,ERR,ERR,ERR,ERR,ERR,ERR,ERR,ERR,ERR,ERR,34.0,80.0,35,0.0,0.0,0.0,0.0,0.0,0.0,0.0,0.0,0.0,0.0,0.0,0.0,0.0,0.0,0.0,0.0,66.4,0,120,58,53,65476,0,300,0,0,8,20529,65476,0,0,57672,80.0,0.0,0.0,0.0,0.0,0.0
2026-06-18T02:37:35,ERR,ERR,ERR,ERR,ERR,ERR,ERR,ERR,ERR,ERR,ERR,ERR,ERR,ERR,ERR,ERR,ERR,ERR,ERR,ERR,ERR,ERR,ERR,ERR,ERR,ERR,ERR,ERR,ERR,ERR,ERR,ERR,ERR,ERR,ERR,ERR,ERR,ERR,ERR,ERR,ERR,ERR,ERR,ERR,ERR,ERR,ERR,ERR,ERR,ERR,ERR,ERR,ERR,ERR,ERR,ERR,ERR,ERR,ERR,ERR,ERR,ERR,ERR,ERR,ERR,ERR,ERR,ERR,ERR,ERR,ERR,ERR,ERR,ERR,ERR,ERR,ERR,ERR,ERR,ERR,ERR,ERR,ERR,ERR,ERR,ERR,ERR,ERR,ERR,ERR,ERR,ERR,ERR,ERR,ERR,ERR,ERR,ERR,ERR,ERR,ERR,ERR,ERR,ERR,ERR,ERR,ERR,ERR,ERR,ERR,ERR,ERR,ERR,ERR,ERR,ERR,ERR,ERR,ERR,ERR,ERR,ERR,ERR,ERR,ERR,2.7184312818759872e+23,0.0,-0.0,-0.0,nan,1.3936040501711995e+18,7.805,1.182,0,0,4,48926,6720,14723890282496.0,100,0.0,0.0,0.0,2.718290229135658e+23,0.0,0,0,0,0,0.0,0,0,0,0,0,0,0,0,0,0,0,0,0,0,0,0,0,0,0,0,0,0,0,0,0,0,0,0,0,0,0,0,0,26,51,50,76,65476,0,300,0,0,8,21553,0.0,-107605600.0,0.0,0.0,0.0,0.0,0.0,0.0,0.0,0.0,0.0,0.0,0.0,0.0,0.0,0.0,0.0,0.0,0.0,0.0,0.0,0.0,-2.004,2.004,-2.004,-2.004,0.0,0.0,0.0,0.0,4775.0,-131350.328,7289.0,2.7184312818759872e+23,0.0,-0.0,-0.0,0.0,0.0,0.0,0.0,77,0.0,-0.0,0.0,0.0,0.0,0.0,0.0,0.0,0.0,0,0,0,0.0,0.0,0.0,0.0,0.0,0.0,0.0,0.0,0.0,0.0,0.0,0.0,0.0,0.0,0.0,0.0,0,-107875648.0,77,0.0,154,0.0,0.0,ERR,ERR,ERR,ERR,ERR,ERR,ERR,ERR,ERR,ERR,ERR,ERR,ERR,ERR,ERR,ERR,ERR,ERR,ERR,ERR,ERR,ERR,ERR,ERR,ERR,ERR,ERR,ERR,ERR,ERR,ERR,ERR,ERR,ERR,ERR,ERR,ERR,ERR,ERR,ERR,ERR,ERR,ERR,ERR,ERR,ERR,ERR,ERR,ERR,ERR,ERR,ERR,ERR,ERR,ERR,ERR,ERR,ERR,ERR,ERR,ERR,ERR,ERR,ERR,ERR,ERR,ERR,34.0,80.0,35,0.0,0.0,0.0,0.0,0.0,0.0,0.0,0.0,0.0,0.0,0.0,0.0,0.0,0.0,0.0,0.0,66.0,0,120,58,53,65476,0,300,0,0,8,20529,65476,0,0,57672,80.0,0.0,0.0,0.0,0.0,0.0
2026-06-18T02:37:36,ERR,ERR,ERR,ERR,ERR,ERR,ERR,ERR,ERR,ERR,ERR,ERR,ERR,ERR,ERR,ERR,ERR,ERR,ERR,ERR,ERR,ERR,ERR,ERR,ERR,ERR,ERR,ERR,ERR,ERR,ERR,ERR,ERR,ERR,ERR,ERR,ERR,ERR,ERR,ERR,ERR,ERR,ERR,ERR,ERR,ERR,ERR,ERR,ERR,ERR,ERR,ERR,ERR,ERR,ERR,ERR,ERR,ERR,ERR,ERR,ERR,ERR,ERR,ERR,ERR,ERR,ERR,ERR,ERR,ERR,ERR,ERR,ERR,ERR,ERR,ERR,ERR,ERR,ERR,ERR,ERR,ERR,ERR,ERR,ERR,ERR,ERR,ERR,ERR,ERR,ERR,ERR,ERR,ERR,ERR,ERR,ERR,ERR,ERR,ERR,ERR,ERR,ERR,ERR,ERR,ERR,ERR,ERR,ERR,ERR,ERR,ERR,ERR,ERR,ERR,ERR,ERR,ERR,ERR,ERR,ERR,ERR,ERR,ERR,ERR,2.7184312818759872e+23,0.0,-0.0,-0.0,nan,1.3936040501711995e+18,7.805,1.182,0,0,4,48926,6720,14723890282496.0,100,0.0,0.0,0.0,2.718290229135658e+23,0.0,0,0,0,0,0.0,0,0,0,0,0,0,0,0,0,0,0,0,0,0,0,0,0,0,0,0,0,0,0,0,0,0,0,0,0,0,0,0,0,26,51,50,76,65476,0,300,0,0,8,21553,0.0,-107605600.0,0.0,0.0,0.0,0.0,0.0,0.0,0.0,0.0,0.0,0.0,0.0,0.0,0.0,0.0,0.0,0.0,0.0,0.0,0.0,0.0,-2.004,2.004,-2.004,-2.004,0.0,0.0,0.0,0.0,4775.0,-131350.328,7289.0,2.7184312818759872e+23,0.0,-0.0,-0.0,0.0,0.0,0.0,0.0,77,0.0,-0.0,0.0,0.0,0.0,0.0,0.0,0.0,0.0,0,0,0,0.0,0.0,0.0,0.0,0.0,0.0,0.0,0.0,0.0,0.0,0.0,0.0,0.0,0.0,0.0,0.0,0,-107875648.0,77,0.0,154,0.0,0.0,ERR,ERR,ERR,ERR,ERR,ERR,ERR,ERR,ERR,ERR,ERR,ERR,ERR,ERR,ERR,ERR,ERR,ERR,ERR,ERR,ERR,ERR,ERR,ERR,ERR,ERR,ERR,ERR,ERR,ERR,ERR,ERR,ERR,ERR,ERR,ERR,ERR,ERR,ERR,ERR,ERR,ERR,ERR,ERR,ERR,ERR,ERR,ERR,ERR,ERR,ERR,ERR,ERR,ERR,ERR,ERR,ERR,ERR,ERR,ERR,ERR,ERR,ERR,ERR,ERR,ERR,ERR,34.0,80.0,35,0.0,0.0,0.0,0.0,0.0,0.0,0.0,0.0,0.0,0.0,0.0,0.0,0.0,0.0,0.0,0.0,66.0,0,120,58,53,65476,0,300,0,0,8,20529,65476,0,0,57672,80.0,0.0,0.0,0.0,0.0,0.0
2026-06-18T02:37:37,ERR,ERR,ERR,ERR,ERR,ERR,ERR,ERR,ERR,ERR,ERR,ERR,ERR,ERR,ERR,ERR,ERR,ERR,ERR,ERR,ERR,ERR,ERR,ERR,ERR,ERR,ERR,ERR,ERR,ERR,ERR,ERR,ERR,ERR,ERR,ERR,ERR,ERR,ERR,ERR,ERR,ERR,ERR,ERR,ERR,ERR,ERR,ERR,ERR,ERR,ERR,ERR,ERR,ERR,ERR,ERR,ERR,ERR,ERR,ERR,ERR,ERR,ERR,ERR,ERR,ERR,ERR,ERR,ERR,ERR,ERR,ERR,ERR,ERR,ERR,ERR,ERR,ERR,ERR,ERR,ERR,ERR,ERR,ERR,ERR,ERR,ERR,ERR,ERR,ERR,ERR,ERR,ERR,ERR,ERR,ERR,ERR,ERR,ERR,ERR,ERR,ERR,ERR,ERR,ERR,ERR,ERR,ERR,ERR,ERR,ERR,ERR,ERR,ERR,ERR,ERR,ERR,ERR,ERR,ERR,ERR,ERR,ERR,ERR,ERR,2.7184312818759872e+23,0.0,-0.0,-0.0,nan,1.3936040501711995e+18,7.805,1.182,0,0,4,48926,6720,14723890282496.0,100,0.0,0.0,0.0,2.718290229135658e+23,0.0,0,0,0,0,0.0,0,0,0,0,0,0,0,0,0,0,0,0,0,0,0,0,0,0,0,0,0,0,0,0,0,0,0,0,0,0,0,0,0,26,51,50,76,65476,0,300,0,0,8,21553,0.0,-107605600.0,0.0,0.0,0.0,0.0,0.0,0.0,0.0,0.0,0.0,0.0,0.0,0.0,0.0,0.0,0.0,0.0,0.0,0.0,0.0,0.0,-2.004,2.004,-2.004,-2.004,0.0,0.0,0.0,0.0,4775.0,-131350.328,7289.0,2.7184312818759872e+23,0.0,-0.0,-0.0,0.0,0.0,0.0,0.0,77,0.0,-0.0,0.0,0.0,0.0,0.0,0.0,0.0,0.0,0,0,0,0.0,0.0,0.0,0.0,0.0,0.0,0.0,0.0,0.0,0.0,0.0,0.0,0.0,0.0,0.0,0.0,0,-107875648.0,77,0.0,154,0.0,0.0,ERR,ERR,ERR,ERR,ERR,ERR,ERR,ERR,ERR,ERR,ERR,ERR,ERR,ERR,ERR,ERR,ERR,ERR,ERR,ERR,ERR,ERR,ERR,ERR,ERR,ERR,ERR,ERR,ERR,ERR,ERR,ERR,ERR,ERR,ERR,ERR,ERR,ERR,ERR,ERR,ERR,ERR,ERR,ERR,ERR,ERR,ERR,ERR,ERR,ERR,ERR,ERR,ERR,ERR,ERR,ERR,ERR,ERR,ERR,ERR,ERR,ERR,ERR,ERR,ERR,ERR,ERR,34.0,80.0,35,0.0,0.0,0.0,0.0,0.0,0.0,0.0,0.0,0.0,0.0,0.0,0.0,0.0,0.0,0.0,0.0,66.4,0,120,58,53,65476,0,300,0,0,8,20529,65476,0,0,57672,80.0,0.0,0.0,0.0,0.0,0.0
2026-06-18T02:37:38,ERR,ERR,ERR,ERR,ERR,ERR,ERR,ERR,ERR,ERR,ERR,ERR,ERR,ERR,ERR,ERR,ERR,ERR,ERR,ERR,ERR,ERR,ERR,ERR,ERR,ERR,ERR,ERR,ERR,ERR,ERR,ERR,ERR,ERR,ERR,ERR,ERR,ERR,ERR,ERR,ERR,ERR,ERR,ERR,ERR,ERR,ERR,ERR,ERR,ERR,ERR,ERR,ERR,ERR,ERR,ERR,ERR,ERR,ERR,ERR,ERR,ERR,ERR,ERR,ERR,ERR,ERR,ERR,ERR,ERR,ERR,ERR,ERR,ERR,ERR,ERR,ERR,ERR,ERR,ERR,ERR,ERR,ERR,ERR,ERR,ERR,ERR,ERR,ERR,ERR,ERR,ERR,ERR,ERR,ERR,ERR,ERR,ERR,ERR,ERR,ERR,ERR,ERR,ERR,ERR,ERR,ERR,ERR,ERR,ERR,ERR,ERR,ERR,ERR,ERR,ERR,ERR,ERR,ERR,ERR,ERR,ERR,ERR,ERR,ERR,2.7184312818759872e+23,0.0,-0.0,0.059,nan,1.3936040501711995e+18,7.805,0.0,0,0,4,48924,6720,14723890282496.0,100,0.0,0.0,0.0,0.059,0.0,0,0,0,0,0.0,0,0,0,0,0,0,0,0,0,0,0,0,0,0,0,0,0,0,0,0,0,0,0,0,0,0,0,0,0,0,0,0,0,26,51,50,76,65476,0,300,0,0,8,21553,0.0,-107605600.0,0.0,0.0,0.0,0.0,0.0,0.0,0.0,0.0,0.0,0.0,0.0,0.0,0.0,0.0,0.0,0.0,0.0,0.0,0.0,0.0,-2.004,0.0,-2.004,-2.004,0.0,0.0,0.0,0.0,4777.0,-8608175104.0,7290.0,2.7184312818759872e+23,0.0,-0.0,-0.0,0.0,0.0,0.0,0.0,77,0.0,-71.629,0.0,0.0,0.0,0.0,0.0,0.0,0.0,0,0,0,0.0,0.0,0.0,0.0,0.0,0.0,0.0,0.0,0.0,0.0,0.0,0.0,0.0,0.0,0.0,0.0,0,-107875648.0,77,0.0,154,0.0,0.0,ERR,ERR,ERR,ERR,ERR,ERR,ERR,ERR,ERR,ERR,ERR,ERR,ERR,ERR,ERR,ERR,ERR,ERR,ERR,ERR,ERR,ERR,ERR,ERR,ERR,ERR,ERR,ERR,ERR,ERR,ERR,ERR,ERR,ERR,ERR,ERR,ERR,ERR,ERR,ERR,ERR,ERR,ERR,ERR,ERR,ERR,ERR,ERR,ERR,ERR,ERR,ERR,ERR,ERR,ERR,ERR,ERR,ERR,ERR,ERR,ERR,ERR,ERR,ERR,ERR,ERR,ERR,34.0,80.0,35,0.0,0.0,0.0,0.0,0.0,0.0,0.0,0.0,0.0,0.0,0.0,0.0,0.0,0.0,0.0,0.0,66.4,0,120,58,53,65476,0,300,0,0,8,20529,65476,0,0,57672,80.0,0.0,0.0,0.0,0.0,0.0
2026-06-18T02:37:39,ERR,ERR,ERR,ERR,ERR,ERR,ERR,ERR,ERR,ERR,ERR,ERR,ERR,ERR,ERR,ERR,ERR,ERR,ERR,ERR,ERR,ERR,ERR,ERR,ERR,ERR,ERR,ERR,ERR,ERR,ERR,ERR,ERR,ERR,ERR,ERR,ERR,ERR,ERR,ERR,ERR,ERR,ERR,ERR,ERR,ERR,ERR,ERR,ERR,ERR,ERR,ERR,ERR,ERR,ERR,ERR,ERR,ERR,ERR,ERR,ERR,ERR,ERR,ERR,ERR,ERR,ERR,ERR,ERR,ERR,ERR,ERR,ERR,ERR,ERR,ERR,ERR,ERR,ERR,ERR,ERR,ERR,ERR,ERR,ERR,ERR,ERR,ERR,ERR,ERR,ERR,ERR,ERR,ERR,ERR,ERR,ERR,ERR,ERR,ERR,ERR,ERR,ERR,ERR,ERR,ERR,ERR,ERR,ERR,ERR,ERR,ERR,ERR,ERR,ERR,ERR,ERR,ERR,ERR,ERR,ERR,ERR,ERR,ERR,ERR,2.7184312818759872e+23,0.0,-0.0,0.059,nan,1.3936040501711995e+18,7.805,0.0,0,0,4,48924,6720,14723890282496.0,100,0.0,0.0,0.0,0.059,0.0,0,0,0,0,0.0,0,0,0,0,0,0,0,0,0,0,0,0,0,0,0,0,0,0,0,0,0,0,0,0,0,0,0,0,0,0,0,0,0,26,51,50,76,65476,0,300,0,0,8,21553,0.0,-107605600.0,0.0,0.0,0.0,0.0,0.0,0.0,0.0,0.0,0.0,0.0,0.0,0.0,0.0,0.0,0.0,0.0,0.0,0.0,0.0,0.0,-2.004,0.0,-2.004,-2.004,0.0,0.0,0.0,0.0,4777.0,-8608175104.0,7290.0,2.7184312818759872e+23,0.0,-0.0,-0.0,0.0,0.0,0.0,0.0,77,0.0,-71.629,0.0,0.0,0.0,0.0,0.0,0.0,0.0,0,0,0,0.0,0.0,0.0,0.0,0.0,0.0,0.0,0.0,0.0,0.0,0.0,0.0,0.0,0.0,0.0,0.0,0,-107875648.0,77,0.0,154,0.0,0.0,ERR,ERR,ERR,ERR,ERR,ERR,ERR,ERR,ERR,ERR,ERR,ERR,ERR,ERR,ERR,ERR,ERR,ERR,ERR,ERR,ERR,ERR,ERR,ERR,ERR,ERR,ERR,ERR,ERR,ERR,ERR,ERR,ERR,ERR,ERR,ERR,ERR,ERR,ERR,ERR,ERR,ERR,ERR,ERR,ERR,ERR,ERR,ERR,ERR,ERR,ERR,ERR,ERR,ERR,ERR,ERR,ERR,ERR,ERR,ERR,ERR,ERR,ERR,ERR,ERR,ERR,ERR,34.0,80.0,35,0.0,0.0,0.0,0.0,0.0,0.0,0.0,0.0,0.0,0.0,0.0,0.0,0.0,0.0,0.0,0.0,66.4,0,120,58,53,65476,0,300,0,0,8,20529,65476,0,0,57672,80.0,0.0,0.0,0.0,0.0,0.0
2026-06-18T02:37:40,ERR,ERR,ERR,ERR,ERR,ERR,ERR,ERR,ERR,ERR,ERR,ERR,ERR,ERR,ERR,ERR,ERR,ERR,ERR,ERR,ERR,ERR,ERR,ERR,ERR,ERR,ERR,ERR,ERR,ERR,ERR,ERR,ERR,ERR,ERR,ERR,ERR,ERR,ERR,ERR,ERR,ERR,ERR,ERR,ERR,ERR,ERR,ERR,ERR,ERR,ERR,ERR,ERR,ERR,ERR,ERR,ERR,ERR,ERR,ERR,ERR,ERR,ERR,ERR,ERR,ERR,ERR,ERR,ERR,ERR,ERR,ERR,ERR,ERR,ERR,ERR,ERR,ERR,ERR,ERR,ERR,ERR,ERR,ERR,ERR,ERR,ERR,ERR,ERR,ERR,ERR,ERR,ERR,ERR,ERR,ERR,ERR,ERR,ERR,ERR,ERR,ERR,ERR,ERR,ERR,ERR,ERR,ERR,ERR,ERR,ERR,ERR,ERR,ERR,ERR,ERR,ERR,ERR,ERR,ERR,ERR,ERR,ERR,ERR,ERR,2.7184312818759872e+23,0.0,-0.0,0.059,nan,1.3936040501711995e+18,7.805,0.0,0,0,4,48924,6720,14723890282496.0,100,0.0,0.0,0.0,0.059,0.0,0,0,0,0,0.0,0,0,0,0,0,0,0,0,0,0,0,0,0,0,0,0,0,0,0,0,0,0,0,0,0,0,0,0,0,0,0,0,0,26,51,50,76,65476,0,300,0,0,8,21553,0.0,-107605600.0,0.0,0.0,0.0,0.0,0.0,0.0,0.0,0.0,0.0,0.0,0.0,0.0,0.0,0.0,0.0,0.0,0.0,0.0,0.0,0.0,-2.004,0.0,-2.004,-2.004,0.0,0.0,0.0,0.0,4777.0,-8608175104.0,7290.0,2.7184312818759872e+23,0.0,-0.0,-0.0,0.0,0.0,0.0,0.0,77,0.0,-71.629,0.0,0.0,0.0,0.0,0.0,0.0,0.0,0,0,0,0.0,0.0,0.0,0.0,0.0,0.0,0.0,0.0,0.0,0.0,0.0,0.0,0.0,0.0,0.0,0.0,0,-107875648.0,77,0.0,154,0.0,0.0,ERR,ERR,ERR,ERR,ERR,ERR,ERR,ERR,ERR,ERR,ERR,ERR,ERR,ERR,ERR,ERR,ERR,ERR,ERR,ERR,ERR,ERR,ERR,ERR,ERR,ERR,ERR,ERR,ERR,ERR,ERR,ERR,ERR,ERR,ERR,ERR,ERR,ERR,ERR,ERR,ERR,ERR,ERR,ERR,ERR,ERR,ERR,ERR,ERR,ERR,ERR,ERR,ERR,ERR,ERR,ERR,ERR,ERR,ERR,ERR,ERR,ERR,ERR,ERR,ERR,ERR,ERR,34.0,80.0,35,0.0,0.0,0.0,0.0,0.0,0.0,0.0,0.0,0.0,0.0,0.0,0.0,0.0,0.0,0.0,0.0,66.0,0,120,58,53,65476,0,300,0,0,8,20529,65476,0,0,57672,80.0,0.0,0.0,0.0,0.0,0.0
2026-06-18T02:37:41,ERR,ERR,ERR,ERR,ERR,ERR,ERR,ERR,ERR,ERR,ERR,ERR,ERR,ERR,ERR,ERR,ERR,ERR,ERR,ERR,ERR,ERR,ERR,ERR,ERR,ERR,ERR,ERR,ERR,ERR,ERR,ERR,ERR,ERR,ERR,ERR,ERR,ERR,ERR,ERR,ERR,ERR,ERR,ERR,ERR,ERR,ERR,ERR,ERR,ERR,ERR,ERR,ERR,ERR,ERR,ERR,ERR,ERR,ERR,ERR,ERR,ERR,ERR,ERR,ERR,ERR,ERR,ERR,ERR,ERR,ERR,ERR,ERR,ERR,ERR,ERR,ERR,ERR,ERR,ERR,ERR,ERR,ERR,ERR,ERR,ERR,ERR,ERR,ERR,ERR,ERR,ERR,ERR,ERR,ERR,ERR,ERR,ERR,ERR,ERR,ERR,ERR,ERR,ERR,ERR,ERR,ERR,ERR,ERR,ERR,ERR,ERR,ERR,ERR,ERR,ERR,ERR,ERR,ERR,ERR,ERR,ERR,ERR,ERR,ERR,2.7184312818759872e+23,0.0,-0.0,0.059,nan,1.3936040501711995e+18,7.805,0.0,0,0,4,48924,6720,14723890282496.0,100,0.0,0.0,0.0,0.059,0.0,0,0,0,0,0.0,0,0,0,0,0,0,0,0,0,0,0,0,0,0,0,0,0,0,0,0,0,0,0,0,0,0,0,0,0,0,0,0,0,26,51,50,76,65476,0,300,0,0,8,21553,0.0,-107605600.0,0.0,0.0,0.0,0.0,0.0,0.0,0.0,0.0,0.0,0.0,0.0,0.0,0.0,0.0,0.0,0.0,0.0,0.0,0.0,0.0,-2.004,0.0,-2.004,-2.004,0.0,0.0,0.0,0.0,4777.0,-8608175104.0,7290.0,2.7184312818759872e+23,0.0,-0.0,-0.0,0.0,0.0,0.0,0.0,77,0.0,-71.629,0.0,0.0,0.0,0.0,0.0,0.0,0.0,0,0,0,0.0,0.0,0.0,0.0,0.0,0.0,0.0,0.0,0.0,0.0,0.0,0.0,0.0,0.0,0.0,0.0,0,-107875648.0,77,0.0,154,0.0,0.0,ERR,ERR,ERR,ERR,ERR,ERR,ERR,ERR,ERR,ERR,ERR,ERR,ERR,ERR,ERR,ERR,ERR,ERR,ERR,ERR,ERR,ERR,ERR,ERR,ERR,ERR,ERR,ERR,ERR,ERR,ERR,ERR,ERR,ERR,ERR,ERR,ERR,ERR,ERR,ERR,ERR,ERR,ERR,ERR,ERR,ERR,ERR,ERR,ERR,ERR,ERR,ERR,ERR,ERR,ERR,ERR,ERR,ERR,ERR,ERR,ERR,ERR,ERR,ERR,ERR,ERR,ERR,34.0,80.0,35,0.0,0.0,0.0,0.0,0.0,0.0,0.0,0.0,0.0,0.0,0.0,0.0,0.0,0.0,0.0,0.0,66.0,0,120,58,53,65476,0,300,0,0,8,20529,65476,0,0,57672,80.0,0.0,0.0,0.0,0.0,0.0
2026-06-18T02:37:42,ERR,ERR,ERR,ERR,ERR,ERR,ERR,ERR,ERR,ERR,ERR,ERR,ERR,ERR,ERR,ERR,ERR,ERR,ERR,ERR,ERR,ERR,ERR,ERR,ERR,ERR,ERR,ERR,ERR,ERR,ERR,ERR,ERR,ERR,ERR,ERR,ERR,ERR,ERR,ERR,ERR,ERR,ERR,ERR,ERR,ERR,ERR,ERR,ERR,ERR,ERR,ERR,ERR,ERR,ERR,ERR,ERR,ERR,ERR,ERR,ERR,ERR,ERR,ERR,ERR,ERR,ERR,ERR,ERR,ERR,ERR,ERR,ERR,ERR,ERR,ERR,ERR,ERR,ERR,ERR,ERR,ERR,ERR,ERR,ERR,ERR,ERR,ERR,ERR,ERR,ERR,ERR,ERR,ERR,ERR,ERR,ERR,ERR,ERR,ERR,ERR,ERR,ERR,ERR,ERR,ERR,ERR,ERR,ERR,ERR,ERR,ERR,ERR,ERR,ERR,ERR,ERR,ERR,ERR,ERR,ERR,ERR,ERR,ERR,ERR,2.7184312818759872e+23,0.0,-0.0,0.059,nan,1.3936040501711995e+18,7.805,0.0,0,0,4,48924,6720,14723890282496.0,100,0.0,0.0,0.0,0.059,0.0,0,0,0,0,0.0,0,0,0,0,0,0,0,0,0,0,0,0,0,0,0,0,0,0,0,0,0,0,0,0,0,0,0,0,0,0,0,0,0,26,51,50,76,65476,0,300,0,0,8,21553,0.0,-107605600.0,0.0,0.0,0.0,0.0,0.0,0.0,0.0,0.0,0.0,0.0,0.0,0.0,0.0,0.0,0.0,0.0,0.0,0.0,0.0,0.0,-2.004,0.0,-2.004,-2.004,0.0,0.0,0.0,0.0,4777.0,-8608175104.0,7290.0,2.7184312818759872e+23,0.0,-0.0,-0.0,0.0,0.0,0.0,0.0,77,0.0,-71.629,0.0,0.0,0.0,0.0,0.0,0.0,0.0,0,0,0,0.0,0.0,0.0,0.0,0.0,0.0,0.0,0.0,0.0,0.0,0.0,0.0,0.0,0.0,0.0,0.0,0,-107875648.0,77,0.0,154,0.0,0.0,ERR,ERR,ERR,ERR,ERR,ERR,ERR,ERR,ERR,ERR,ERR,ERR,ERR,ERR,ERR,ERR,ERR,ERR,ERR,ERR,ERR,ERR,ERR,ERR,ERR,ERR,ERR,ERR,ERR,ERR,ERR,ERR,ERR,ERR,ERR,ERR,ERR,ERR,ERR,ERR,ERR,ERR,ERR,ERR,ERR,ERR,ERR,ERR,ERR,ERR,ERR,ERR,ERR,ERR,ERR,ERR,ERR,ERR,ERR,ERR,ERR,ERR,ERR,ERR,ERR,ERR,ERR,34.0,80.0,35,0.0,0.0,0.0,0.0,0.0,0.0,0.0,0.0,0.0,0.0,0.0,0.0,0.0,0.0,0.0,0.0,66.4,0,120,58,53,65476,0,300,0,0,8,20529,65476,0,0,57672,80.0,0.0,0.0,0.0,0.0,0.0
2026-06-18T02:37:43,ERR,ERR,ERR,ERR,ERR,ERR,ERR,ERR,ERR,ERR,ERR,ERR,ERR,ERR,ERR,ERR,ERR,ERR,ERR,ERR,ERR,ERR,ERR,ERR,ERR,ERR,ERR,ERR,ERR,ERR,ERR,ERR,ERR,ERR,ERR,ERR,ERR,ERR,ERR,ERR,ERR,ERR,ERR,ERR,ERR,ERR,ERR,ERR,ERR,ERR,ERR,ERR,ERR,ERR,ERR,ERR,ERR,ERR,ERR,ERR,ERR,ERR,ERR,ERR,ERR,ERR,ERR,ERR,ERR,ERR,ERR,ERR,ERR,ERR,ERR,ERR,ERR,ERR,ERR,ERR,ERR,ERR,ERR,ERR,ERR,ERR,ERR,ERR,ERR,ERR,ERR,ERR,ERR,ERR,ERR,ERR,ERR,ERR,ERR,ERR,ERR,ERR,ERR,ERR,ERR,ERR,ERR,ERR,ERR,ERR,ERR,ERR,ERR,ERR,ERR,ERR,ERR,ERR,ERR,ERR,ERR,ERR,ERR,ERR,ERR,2.7184312818759872e+23,0.0,-0.0,0.059,nan,1.3936040501711995e+18,7.805,0.0,0,0,4,48924,6720,14723890282496.0,100,0.0,0.0,0.0,0.059,0.0,0,0,0,0,0.0,0,0,0,0,0,0,0,0,0,0,0,0,0,0,0,0,0,0,0,0,0,0,0,0,0,0,0,0,0,0,0,0,0,26,51,50,76,65476,0,300,0,0,8,21553,0.0,-107605600.0,0.0,0.0,0.0,0.0,0.0,0.0,0.0,0.0,0.0,0.0,0.0,0.0,0.0,0.0,0.0,0.0,0.0,0.0,0.0,0.0,-2.004,0.0,-2.004,-2.004,0.0,0.0,0.0,0.0,4777.0,-8608175104.0,7290.0,2.7184312818759872e+23,0.0,-0.0,-0.0,0.0,0.0,0.0,0.0,77,0.0,-71.629,0.0,0.0,0.0,0.0,0.0,0.0,0.0,0,0,0,0.0,0.0,0.0,0.0,0.0,0.0,0.0,0.0,0.0,0.0,0.0,0.0,0.0,0.0,0.0,0.0,0,-107875648.0,77,0.0,154,0.0,0.0,ERR,ERR,ERR,ERR,ERR,ERR,ERR,ERR,ERR,ERR,ERR,ERR,ERR,ERR,ERR,ERR,ERR,ERR,ERR,ERR,ERR,ERR,ERR,ERR,ERR,ERR,ERR,ERR,ERR,ERR,ERR,ERR,ERR,ERR,ERR,ERR,ERR,ERR,ERR,ERR,ERR,ERR,ERR,ERR,ERR,ERR,ERR,ERR,ERR,ERR,ERR,ERR,ERR,ERR,ERR,ERR,ERR,ERR,ERR,ERR,ERR,ERR,ERR,ERR,ERR,ERR,ERR,34.0,80.0,35,0.0,0.0,0.0,0.0,0.0,0.0,0.0,0.0,0.0,0.0,0.0,0.0,0.0,0.0,0.0,0.0,66.4,0,120,58,53,65476,0,300,0,0,8,20529,65476,0,0,57672,80.0,0.0,0.0,0.0,0.0,0.0
2026-06-18T02:37:44,ERR,ERR,ERR,ERR,ERR,ERR,ERR,ERR,ERR,ERR,ERR,ERR,ERR,ERR,ERR,ERR,ERR,ERR,ERR,ERR,ERR,ERR,ERR,ERR,ERR,ERR,ERR,ERR,ERR,ERR,ERR,ERR,ERR,ERR,ERR,ERR,ERR,ERR,ERR,ERR,ERR,ERR,ERR,ERR,ERR,ERR,ERR,ERR,ERR,ERR,ERR,ERR,ERR,ERR,ERR,ERR,ERR,ERR,ERR,ERR,ERR,ERR,ERR,ERR,ERR,ERR,ERR,ERR,ERR,ERR,ERR,ERR,ERR,ERR,ERR,ERR,ERR,ERR,ERR,ERR,ERR,ERR,ERR,ERR,ERR,ERR,ERR,ERR,ERR,ERR,ERR,ERR,ERR,ERR,ERR,ERR,ERR,ERR,ERR,ERR,ERR,ERR,ERR,ERR,ERR,ERR,ERR,ERR,ERR,ERR,ERR,ERR,ERR,ERR,ERR,ERR,ERR,ERR,ERR,ERR,ERR,ERR,ERR,ERR,ERR,2.7184312818759872e+23,0.0,-0.0,-4.9501291711397626e+32,nan,1.3936040501711995e+18,7.805,-0.0,0,0,4,48957,6720,14723890282496.0,100,0.0,0.0,0.0,-4.9501291711397626e+32,0.0,0,0,0,0,0.0,0,0,0,0,0,0,0,0,0,0,0,0,0,0,0,0,0,0,0,0,0,0,0,0,0,0,0,0,0,0,0,0,0,26,51,50,76,65476,0,300,0,0,8,21553,0.0,-107605600.0,0.0,0.0,0.0,0.0,0.0,0.0,0.0,0.0,0.0,0.0,0.0,0.0,0.0,0.0,0.0,0.0,0.0,0.0,0.0,0.0,-2.004,0.0,-2.004,-2.004,0.0,0.0,0.0,0.0,4776.0,-0.0,7286.0,2.7184312818759872e+23,0.0,-0.0,-0.0,0.0,0.0,0.0,0.0,77,0.0,-0.0,0.0,0.0,0.0,0.0,0.0,0.0,0.0,0,0,0,0.0,0.0,0.0,0.0,0.0,0.0,0.0,0.0,0.0,0.0,0.0,0.0,0.0,0.0,0.0,0.0,0,-107875648.0,77,0.0,154,0.0,0.0,ERR,ERR,ERR,ERR,ERR,ERR,ERR,ERR,ERR,ERR,ERR,ERR,ERR,ERR,ERR,ERR,ERR,ERR,ERR,ERR,ERR,ERR,ERR,ERR,ERR,ERR,ERR,ERR,ERR,ERR,ERR,ERR,ERR,ERR,ERR,ERR,ERR,ERR,ERR,ERR,ERR,ERR,ERR,ERR,ERR,ERR,ERR,ERR,ERR,ERR,ERR,ERR,ERR,ERR,ERR,ERR,ERR,ERR,ERR,ERR,ERR,ERR,ERR,ERR,ERR,ERR,ERR,34.0,80.0,35,0.0,0.0,0.0,0.0,0.0,0.0,0.0,0.0,0.0,0.0,0.0,0.0,0.0,0.0,0.0,0.0,66.0,0,120,58,53,65476,0,300,0,0,8,20529,65476,0,0,57672,80.0,0.0,0.0,0.0,0.0,0.0
2026-06-18T02:37:45,ERR,ERR,ERR,ERR,ERR,ERR,ERR,ERR,ERR,ERR,ERR,ERR,ERR,ERR,ERR,ERR,ERR,ERR,ERR,ERR,ERR,ERR,ERR,ERR,ERR,ERR,ERR,ERR,ERR,ERR,ERR,ERR,ERR,ERR,ERR,ERR,ERR,ERR,ERR,ERR,ERR,ERR,ERR,ERR,ERR,ERR,ERR,ERR,ERR,ERR,ERR,ERR,ERR,ERR,ERR,ERR,ERR,ERR,ERR,ERR,ERR,ERR,ERR,ERR,ERR,ERR,ERR,ERR,ERR,ERR,ERR,ERR,ERR,ERR,ERR,ERR,ERR,ERR,ERR,ERR,ERR,ERR,ERR,ERR,ERR,ERR,ERR,ERR,ERR,ERR,ERR,ERR,ERR,ERR,ERR,ERR,ERR,ERR,ERR,ERR,ERR,ERR,ERR,ERR,ERR,ERR,ERR,ERR,ERR,ERR,ERR,ERR,ERR,ERR,ERR,ERR,ERR,ERR,ERR,ERR,ERR,ERR,ERR,ERR,ERR,2.7184312818759872e+23,0.0,-0.0,-4.9501291711397626e+32,nan,1.3936040501711995e+18,7.805,-0.0,0,0,4,48957,6720,14723890282496.0,100,0.0,0.0,0.0,-4.9501291711397626e+32,0.0,0,0,0,0,0.0,0,0,0,0,0,0,0,0,0,0,0,0,0,0,0,0,0,0,0,0,0,0,0,0,0,0,0,0,0,0,0,0,0,26,51,50,76,65476,0,300,0,0,8,21553,0.0,-107605600.0,0.0,0.0,0.0,0.0,0.0,0.0,0.0,0.0,0.0,0.0,0.0,0.0,0.0,0.0,0.0,0.0,0.0,0.0,0.0,0.0,-2.004,0.0,-2.004,-2.004,0.0,0.0,0.0,0.0,4776.0,-0.0,7286.0,2.7184312818759872e+23,0.0,-0.0,-0.0,0.0,0.0,0.0,0.0,77,0.0,-0.0,0.0,0.0,0.0,0.0,0.0,0.0,0.0,0,0,0,0.0,0.0,0.0,0.0,0.0,0.0,0.0,0.0,0.0,0.0,0.0,0.0,0.0,0.0,0.0,0.0,0,-107875648.0,77,0.0,154,0.0,0.0,ERR,ERR,ERR,ERR,ERR,ERR,ERR,ERR,ERR,ERR,ERR,ERR,ERR,ERR,ERR,ERR,ERR,ERR,ERR,ERR,ERR,ERR,ERR,ERR,ERR,ERR,ERR,ERR,ERR,ERR,ERR,ERR,ERR,ERR,ERR,ERR,ERR,ERR,ERR,ERR,ERR,ERR,ERR,ERR,ERR,ERR,ERR,ERR,ERR,ERR,ERR,ERR,ERR,ERR,ERR,ERR,ERR,ERR,ERR,ERR,ERR,ERR,ERR,ERR,ERR,ERR,ERR,34.0,80.0,35,0.0,0.0,0.0,0.0,0.0,0.0,0.0,0.0,0.0,0.0,0.0,0.0,0.0,0.0,0.0,0.0,66.0,0,120,58,53,65476,0,300,0,0,8,20529,65476,0,0,57672,80.0,0.0,0.0,0.0,0.0,0.0
2026-06-18T02:37:46,ERR,ERR,ERR,ERR,ERR,ERR,ERR,ERR,ERR,ERR,ERR,ERR,ERR,ERR,ERR,ERR,ERR,ERR,ERR,ERR,ERR,ERR,ERR,ERR,ERR,ERR,ERR,ERR,ERR,ERR,ERR,ERR,ERR,ERR,ERR,ERR,ERR,ERR,ERR,ERR,ERR,ERR,ERR,ERR,ERR,ERR,ERR,ERR,ERR,ERR,ERR,ERR,ERR,ERR,ERR,ERR,ERR,ERR,ERR,ERR,ERR,ERR,ERR,ERR,ERR,ERR,ERR,ERR,ERR,ERR,ERR,ERR,ERR,ERR,ERR,ERR,ERR,ERR,ERR,ERR,ERR,ERR,ERR,ERR,ERR,ERR,ERR,ERR,ERR,ERR,ERR,ERR,ERR,ERR,ERR,ERR,ERR,ERR,ERR,ERR,ERR,ERR,ERR,ERR,ERR,ERR,ERR,ERR,ERR,ERR,ERR,ERR,ERR,ERR,ERR,ERR,ERR,ERR,ERR,ERR,ERR,ERR,ERR,ERR,ERR,2.7184312818759872e+23,0.0,-0.0,-4.9501291711397626e+32,nan,1.3936040501711995e+18,7.805,-0.0,0,0,4,48957,6720,14723890282496.0,100,0.0,0.0,0.0,-4.9501291711397626e+32,0.0,0,0,0,0,0.0,0,0,0,0,0,0,0,0,0,0,0,0,0,0,0,0,0,0,0,0,0,0,0,0,0,0,0,0,0,0,0,0,0,26,51,50,76,65476,0,300,0,0,8,21553,0.0,-107605600.0,0.0,0.0,0.0,0.0,0.0,0.0,0.0,0.0,0.0,0.0,0.0,0.0,0.0,0.0,0.0,0.0,0.0,0.0,0.0,0.0,-2.004,0.0,-2.004,-2.004,0.0,0.0,0.0,0.0,4776.0,-0.0,7286.0,2.7184312818759872e+23,0.0,-0.0,-0.0,0.0,0.0,0.0,0.0,77,0.0,-0.0,0.0,0.0,0.0,0.0,0.0,0.0,0.0,0,0,0,0.0,0.0,0.0,0.0,0.0,0.0,0.0,0.0,0.0,0.0,0.0,0.0,0.0,0.0,0.0,0.0,0,-107875648.0,77,0.0,154,0.0,0.0,ERR,ERR,ERR,ERR,ERR,ERR,ERR,ERR,ERR,ERR,ERR,ERR,ERR,ERR,ERR,ERR,ERR,ERR,ERR,ERR,ERR,ERR,ERR,ERR,ERR,ERR,ERR,ERR,ERR,ERR,ERR,ERR,ERR,ERR,ERR,ERR,ERR,ERR,ERR,ERR,ERR,ERR,ERR,ERR,ERR,ERR,ERR,ERR,ERR,ERR,ERR,ERR,ERR,ERR,ERR,ERR,ERR,ERR,ERR,ERR,ERR,ERR,ERR,ERR,ERR,ERR,ERR,34.0,80.0,35,0.0,0.0,0.0,0.0,0.0,0.0,0.0,0.0,0.0,0.0,0.0,0.0,0.0,0.0,0.0,0.0,66.4,0,120,58,53,65476,0,300,0,0,8,20529,65476,0,0,57672,80.0,0.0,0.0,0.0,0.0,0.0
2026-06-18T02:37:47,ERR,ERR,ERR,ERR,ERR,ERR,ERR,ERR,ERR,ERR,ERR,ERR,ERR,ERR,ERR,ERR,ERR,ERR,ERR,ERR,ERR,ERR,ERR,ERR,ERR,ERR,ERR,ERR,ERR,ERR,ERR,ERR,ERR,ERR,ERR,ERR,ERR,ERR,ERR,ERR,ERR,ERR,ERR,ERR,ERR,ERR,ERR,ERR,ERR,ERR,ERR,ERR,ERR,ERR,ERR,ERR,ERR,ERR,ERR,ERR,ERR,ERR,ERR,ERR,ERR,ERR,ERR,ERR,ERR,ERR,ERR,ERR,ERR,ERR,ERR,ERR,ERR,ERR,ERR,ERR,ERR,ERR,ERR,ERR,ERR,ERR,ERR,ERR,ERR,ERR,ERR,ERR,ERR,ERR,ERR,ERR,ERR,ERR,ERR,ERR,ERR,ERR,ERR,ERR,ERR,ERR,ERR,ERR,ERR,ERR,ERR,ERR,ERR,ERR,ERR,ERR,ERR,ERR,ERR,ERR,ERR,ERR,ERR,ERR,ERR,2.7184312818759872e+23,0.0,-0.0,-4.9501291711397626e+32,nan,1.3936040501711995e+18,7.805,-0.0,0,0,4,48957,6720,14723890282496.0,100,0.0,0.0,0.0,-4.9501291711397626e+32,0.0,0,0,0,0,0.0,0,0,0,0,0,0,0,0,0,0,0,0,0,0,0,0,0,0,0,0,0,0,0,0,0,0,0,0,0,0,0,0,0,26,51,50,76,65476,0,300,0,0,8,21553,0.0,-107605600.0,0.0,0.0,0.0,0.0,0.0,0.0,0.0,0.0,0.0,0.0,0.0,0.0,0.0,0.0,0.0,0.0,0.0,0.0,0.0,0.0,-2.004,0.0,-2.004,-2.004,0.0,0.0,0.0,0.0,4776.0,-0.0,7286.0,2.7184312818759872e+23,0.0,-0.0,-0.0,0.0,0.0,0.0,0.0,77,0.0,-0.0,0.0,0.0,0.0,0.0,0.0,0.0,0.0,0,0,0,0.0,0.0,0.0,0.0,0.0,0.0,0.0,0.0,0.0,0.0,0.0,0.0,0.0,0.0,0.0,0.0,0,-107875648.0,77,0.0,154,0.0,0.0,ERR,ERR,ERR,ERR,ERR,ERR,ERR,ERR,ERR,ERR,ERR,ERR,ERR,ERR,ERR,ERR,ERR,ERR,ERR,ERR,ERR,ERR,ERR,ERR,ERR,ERR,ERR,ERR,ERR,ERR,ERR,ERR,ERR,ERR,ERR,ERR,ERR,ERR,ERR,ERR,ERR,ERR,ERR,ERR,ERR,ERR,ERR,ERR,ERR,ERR,ERR,ERR,ERR,ERR,ERR,ERR,ERR,ERR,ERR,ERR,ERR,ERR,ERR,ERR,ERR,ERR,ERR,34.0,80.0,35,0.0,0.0,0.0,0.0,0.0,0.0,0.0,0.0,0.0,0.0,0.0,0.0,0.0,0.0,0.0,0.0,66.4,0,120,58,53,65476,0,300,0,0,8,20529,65476,0,0,57672,80.0,0.0,0.0,0.0,0.0,0.0
2026-06-18T02:37:48,ERR,ERR,ERR,ERR,ERR,ERR,ERR,ERR,ERR,ERR,ERR,ERR,ERR,ERR,ERR,ERR,ERR,ERR,ERR,ERR,ERR,ERR,ERR,ERR,ERR,ERR,ERR,ERR,ERR,ERR,ERR,ERR,ERR,ERR,ERR,ERR,ERR,ERR,ERR,ERR,ERR,ERR,ERR,ERR,ERR,ERR,ERR,ERR,ERR,ERR,ERR,ERR,ERR,ERR,ERR,ERR,ERR,ERR,ERR,ERR,ERR,ERR,ERR,ERR,ERR,ERR,ERR,ERR,ERR,ERR,ERR,ERR,ERR,ERR,ERR,ERR,ERR,ERR,ERR,ERR,ERR,ERR,ERR,ERR,ERR,ERR,ERR,ERR,ERR,ERR,ERR,ERR,ERR,ERR,ERR,ERR,ERR,ERR,ERR,ERR,ERR,ERR,ERR,ERR,ERR,ERR,ERR,ERR,ERR,ERR,ERR,ERR,ERR,ERR,ERR,ERR,ERR,ERR,ERR,ERR,ERR,ERR,ERR,ERR,ERR,2.7184312818759872e+23,0.0,-0.0,-4.9501291711397626e+32,nan,1.3936040501711995e+18,7.805,-0.0,0,0,4,48957,6720,14723890282496.0,100,0.0,0.0,0.0,-4.9501291711397626e+32,0.0,0,0,0,0,0.0,0,0,0,0,0,0,0,0,0,0,0,0,0,0,0,0,0,0,0,0,0,0,0,0,0,0,0,0,0,0,0,0,0,26,51,50,76,65476,0,300,0,0,8,21553,0.0,-107605600.0,0.0,0.0,0.0,0.0,0.0,0.0,0.0,0.0,0.0,0.0,0.0,0.0,0.0,0.0,0.0,0.0,0.0,0.0,0.0,0.0,-2.004,0.0,-2.004,-2.004,0.0,0.0,0.0,0.0,4776.0,-0.0,7286.0,2.7184312818759872e+23,0.0,-0.0,-0.0,0.0,0.0,0.0,0.0,77,0.0,-0.0,0.0,0.0,0.0,0.0,0.0,0.0,0.0,0,0,0,0.0,0.0,0.0,0.0,0.0,0.0,0.0,0.0,0.0,0.0,0.0,0.0,0.0,0.0,0.0,0.0,0,-107875648.0,77,0.0,154,0.0,0.0,ERR,ERR,ERR,ERR,ERR,ERR,ERR,ERR,ERR,ERR,ERR,ERR,ERR,ERR,ERR,ERR,ERR,ERR,ERR,ERR,ERR,ERR,ERR,ERR,ERR,ERR,ERR,ERR,ERR,ERR,ERR,ERR,ERR,ERR,ERR,ERR,ERR,ERR,ERR,ERR,ERR,ERR,ERR,ERR,ERR,ERR,ERR,ERR,ERR,ERR,ERR,ERR,ERR,ERR,ERR,ERR,ERR,ERR,ERR,ERR,ERR,ERR,ERR,ERR,ERR,ERR,ERR,34.0,80.0,35,0.0,0.0,0.0,0.0,0.0,0.0,0.0,0.0,0.0,0.0,0.0,0.0,0.0,0.0,0.0,0.0,66.0,0,120,58,53,65476,0,300,0,0,8,20529,65476,0,0,57672,80.0,0.0,0.0,0.0,0.0,0.0
2026-06-18T02:37:49,ERR,ERR,ERR,ERR,ERR,ERR,ERR,ERR,ERR,ERR,ERR,ERR,ERR,ERR,ERR,ERR,ERR,ERR,ERR,ERR,ERR,ERR,ERR,ERR,ERR,ERR,ERR,ERR,ERR,ERR,ERR,ERR,ERR,ERR,ERR,ERR,ERR,ERR,ERR,ERR,ERR,ERR,ERR,ERR,ERR,ERR,ERR,ERR,ERR,ERR,ERR,ERR,ERR,ERR,ERR,ERR,ERR,ERR,ERR,ERR,ERR,ERR,ERR,ERR,ERR,ERR,ERR,ERR,ERR,ERR,ERR,ERR,ERR,ERR,ERR,ERR,ERR,ERR,ERR,ERR,ERR,ERR,ERR,ERR,ERR,ERR,ERR,ERR,ERR,ERR,ERR,ERR,ERR,ERR,ERR,ERR,ERR,ERR,ERR,ERR,ERR,ERR,ERR,ERR,ERR,ERR,ERR,ERR,ERR,ERR,ERR,ERR,ERR,ERR,ERR,ERR,ERR,ERR,ERR,ERR,ERR,ERR,ERR,ERR,ERR,2.7184312818759872e+23,0.0,-0.0,-0.0,nan,1.3936040501711995e+18,7.805,-0.0,0,0,4,48954,6720,14723890282496.0,100,0.0,0.0,0.0,-152005385388032.0,0.0,0,0,0,0,0.0,0,0,0,0,0,0,0,0,0,0,0,0,0,0,0,0,0,0,0,0,0,0,0,0,0,0,0,0,0,0,0,0,0,26,51,50,76,65476,0,300,0,0,8,21553,0.0,-107605600.0,0.0,0.0,0.0,0.0,0.0,0.0,0.0,0.0,0.0,0.0,0.0,0.0,0.0,0.0,0.0,0.0,0.0,0.0,0.0,0.0,-2.004,0.0,-2.004,-2.004,0.0,0.0,0.0,0.0,4776.0,-0.0,7286.0,2.7184312818759872e+23,0.0,-0.0,-0.0,0.0,0.0,0.0,0.0,77,0.0,5.848052117892078e+35,0.0,0.0,0.0,0.0,0.0,0.0,0.0,0,0,0,0.0,0.0,0.0,0.0,0.0,0.0,0.0,0.0,0.0,0.0,0.0,0.0,0.0,0.0,0.0,0.0,0,-107875648.0,77,0.0,154,0.0,0.0,ERR,ERR,ERR,ERR,ERR,ERR,ERR,ERR,ERR,ERR,ERR,ERR,ERR,ERR,ERR,ERR,ERR,ERR,ERR,ERR,ERR,ERR,ERR,ERR,ERR,ERR,ERR,ERR,ERR,ERR,ERR,ERR,ERR,ERR,ERR,ERR,ERR,ERR,ERR,ERR,ERR,ERR,ERR,ERR,ERR,ERR,ERR,ERR,ERR,ERR,ERR,ERR,ERR,ERR,ERR,ERR,ERR,ERR,ERR,ERR,ERR,ERR,ERR,ERR,ERR,ERR,ERR,34.0,80.0,35,0.0,0.0,0.0,0.0,0.0,0.0,0.0,0.0,0.0,0.0,0.0,0.0,0.0,0.0,0.0,0.0,66.4,0,120,58,53,65476,0,300,0,0,8,20529,65476,0,0,57672,80.0,0.0,0.0,0.0,0.0,0.0
2026-06-18T02:37:50,ERR,ERR,ERR,ERR,ERR,ERR,ERR,ERR,ERR,ERR,ERR,ERR,ERR,ERR,ERR,ERR,ERR,ERR,ERR,ERR,ERR,ERR,ERR,ERR,ERR,ERR,ERR,ERR,ERR,ERR,ERR,ERR,ERR,ERR,ERR,ERR,ERR,ERR,ERR,ERR,ERR,ERR,ERR,ERR,ERR,ERR,ERR,ERR,ERR,ERR,ERR,ERR,ERR,ERR,ERR,ERR,ERR,ERR,ERR,ERR,ERR,ERR,ERR,ERR,ERR,ERR,ERR,ERR,ERR,ERR,ERR,ERR,ERR,ERR,ERR,ERR,ERR,ERR,ERR,ERR,ERR,ERR,ERR,ERR,ERR,ERR,ERR,ERR,ERR,ERR,ERR,ERR,ERR,ERR,ERR,ERR,ERR,ERR,ERR,ERR,ERR,ERR,ERR,ERR,ERR,ERR,ERR,ERR,ERR,ERR,ERR,ERR,ERR,ERR,ERR,ERR,ERR,ERR,ERR,ERR,ERR,ERR,ERR,ERR,ERR,2.7184312818759872e+23,0.0,-0.0,-0.0,nan,1.3936040501711995e+18,7.805,-0.0,0,0,4,48954,6720,14723890282496.0,100,0.0,0.0,0.0,-152005385388032.0,0.0,0,0,0,0,0.0,0,0,0,0,0,0,0,0,0,0,0,0,0,0,0,0,0,0,0,0,0,0,0,0,0,0,0,0,0,0,0,0,0,26,51,50,76,65476,0,300,0,0,8,21553,0.0,-107605600.0,0.0,0.0,0.0,0.0,0.0,0.0,0.0,0.0,0.0,0.0,0.0,0.0,0.0,0.0,0.0,0.0,0.0,0.0,0.0,0.0,-2.004,0.0,-2.004,-2.004,0.0,0.0,0.0,0.0,4776.0,-0.0,7286.0,2.7184312818759872e+23,0.0,-0.0,-0.0,0.0,0.0,0.0,0.0,77,0.0,5.848052117892078e+35,0.0,0.0,0.0,0.0,0.0,0.0,0.0,0,0,0,0.0,0.0,0.0,0.0,0.0,0.0,0.0,0.0,0.0,0.0,0.0,0.0,0.0,0.0,0.0,0.0,0,-107875648.0,77,0.0,154,0.0,0.0,ERR,ERR,ERR,ERR,ERR,ERR,ERR,ERR,ERR,ERR,ERR,ERR,ERR,ERR,ERR,ERR,ERR,ERR,ERR,ERR,ERR,ERR,ERR,ERR,ERR,ERR,ERR,ERR,ERR,ERR,ERR,ERR,ERR,ERR,ERR,ERR,ERR,ERR,ERR,ERR,ERR,ERR,ERR,ERR,ERR,ERR,ERR,ERR,ERR,ERR,ERR,ERR,ERR,ERR,ERR,ERR,ERR,ERR,ERR,ERR,ERR,ERR,ERR,ERR,ERR,ERR,ERR,34.0,80.0,35,0.0,0.0,0.0,0.0,0.0,0.0,0.0,0.0,0.0,0.0,0.0,0.0,0.0,0.0,0.0,0.0,66.4,0,120,58,53,65476,0,300,0,0,8,20529,65476,0,0,57672,80.0,0.0,0.0,0.0,0.0,0.0
2026-06-18T02:37:51,ERR,ERR,ERR,ERR,ERR,ERR,ERR,ERR,ERR,ERR,ERR,ERR,ERR,ERR,ERR,ERR,ERR,ERR,ERR,ERR,ERR,ERR,ERR,ERR,ERR,ERR,ERR,ERR,ERR,ERR,ERR,ERR,ERR,ERR,ERR,ERR,ERR,ERR,ERR,ERR,ERR,ERR,ERR,ERR,ERR,ERR,ERR,ERR,ERR,ERR,ERR,ERR,ERR,ERR,ERR,ERR,ERR,ERR,ERR,ERR,ERR,ERR,ERR,ERR,ERR,ERR,ERR,ERR,ERR,ERR,ERR,ERR,ERR,ERR,ERR,ERR,ERR,ERR,ERR,ERR,ERR,ERR,ERR,ERR,ERR,ERR,ERR,ERR,ERR,ERR,ERR,ERR,ERR,ERR,ERR,ERR,ERR,ERR,ERR,ERR,ERR,ERR,ERR,ERR,ERR,ERR,ERR,ERR,ERR,ERR,ERR,ERR,ERR,ERR,ERR,ERR,ERR,ERR,ERR,ERR,ERR,ERR,ERR,ERR,ERR,2.7184312818759872e+23,0.0,-0.0,-0.0,nan,1.3936040501711995e+18,7.805,-0.0,0,0,4,48954,6720,14723890282496.0,100,0.0,0.0,0.0,-152005385388032.0,0.0,0,0,0,0,0.0,0,0,0,0,0,0,0,0,0,0,0,0,0,0,0,0,0,0,0,0,0,0,0,0,0,0,0,0,0,0,0,0,0,26,51,50,76,65476,0,300,0,0,8,21553,0.0,-107605600.0,0.0,0.0,0.0,0.0,0.0,0.0,0.0,0.0,0.0,0.0,0.0,0.0,0.0,0.0,0.0,0.0,0.0,0.0,0.0,0.0,-2.004,0.0,-2.004,-2.004,0.0,0.0,0.0,0.0,4776.0,-0.0,7286.0,2.7184312818759872e+23,0.0,-0.0,-0.0,0.0,0.0,0.0,0.0,77,0.0,5.848052117892078e+35,0.0,0.0,0.0,0.0,0.0,0.0,0.0,0,0,0,0.0,0.0,0.0,0.0,0.0,0.0,0.0,0.0,0.0,0.0,0.0,0.0,0.0,0.0,0.0,0.0,0,-107875648.0,77,0.0,154,0.0,0.0,ERR,ERR,ERR,ERR,ERR,ERR,ERR,ERR,ERR,ERR,ERR,ERR,ERR,ERR,ERR,ERR,ERR,ERR,ERR,ERR,ERR,ERR,ERR,ERR,ERR,ERR,ERR,ERR,ERR,ERR,ERR,ERR,ERR,ERR,ERR,ERR,ERR,ERR,ERR,ERR,ERR,ERR,ERR,ERR,ERR,ERR,ERR,ERR,ERR,ERR,ERR,ERR,ERR,ERR,ERR,ERR,ERR,ERR,ERR,ERR,ERR,ERR,ERR,ERR,ERR,ERR,ERR,34.0,80.0,35,0.0,0.0,0.0,0.0,0.0,0.0,0.0,0.0,0.0,0.0,0.0,0.0,0.0,0.0,0.0,0.0,66.4,0,120,58,53,65476,0,300,0,0,8,20529,65476,0,0,57672,80.0,0.0,0.0,0.0,0.0,0.0
2026-06-18T02:37:52,ERR,ERR,ERR,ERR,ERR,ERR,ERR,ERR,ERR,ERR,ERR,ERR,ERR,ERR,ERR,ERR,ERR,ERR,ERR,ERR,ERR,ERR,ERR,ERR,ERR,ERR,ERR,ERR,ERR,ERR,ERR,ERR,ERR,ERR,ERR,ERR,ERR,ERR,ERR,ERR,ERR,ERR,ERR,ERR,ERR,ERR,ERR,ERR,ERR,ERR,ERR,ERR,ERR,ERR,ERR,ERR,ERR,ERR,ERR,ERR,ERR,ERR,ERR,ERR,ERR,ERR,ERR,ERR,ERR,ERR,ERR,ERR,ERR,ERR,ERR,ERR,ERR,ERR,ERR,ERR,ERR,ERR,ERR,ERR,ERR,ERR,ERR,ERR,ERR,ERR,ERR,ERR,ERR,ERR,ERR,ERR,ERR,ERR,ERR,ERR,ERR,ERR,ERR,ERR,ERR,ERR,ERR,ERR,ERR,ERR,ERR,ERR,ERR,ERR,ERR,ERR,ERR,ERR,ERR,ERR,ERR,ERR,ERR,ERR,ERR,2.7184312818759872e+23,0.0,-0.0,-0.0,nan,1.3936040501711995e+18,7.805,-0.0,0,0,4,48954,6720,14723890282496.0,100,0.0,0.0,0.0,-152005385388032.0,0.0,0,0,0,0,0.0,0,0,0,0,0,0,0,0,0,0,0,0,0,0,0,0,0,0,0,0,0,0,0,0,0,0,0,0,0,0,0,0,0,26,51,50,76,65476,0,300,0,0,8,21553,0.0,-107605600.0,0.0,0.0,0.0,0.0,0.0,0.0,0.0,0.0,0.0,0.0,0.0,0.0,0.0,0.0,0.0,0.0,0.0,0.0,0.0,0.0,-2.004,0.0,-2.004,-2.004,0.0,0.0,0.0,0.0,4776.0,-0.0,7286.0,2.7184312818759872e+23,0.0,-0.0,-0.0,0.0,0.0,0.0,0.0,77,0.0,5.848052117892078e+35,0.0,0.0,0.0,0.0,0.0,0.0,0.0,0,0,0,0.0,0.0,0.0,0.0,0.0,0.0,0.0,0.0,0.0,0.0,0.0,0.0,0.0,0.0,0.0,0.0,0,-107875648.0,77,0.0,154,0.0,0.0,ERR,ERR,ERR,ERR,ERR,ERR,ERR,ERR,ERR,ERR,ERR,ERR,ERR,ERR,ERR,ERR,ERR,ERR,ERR,ERR,ERR,ERR,ERR,ERR,ERR,ERR,ERR,ERR,ERR,ERR,ERR,ERR,ERR,ERR,ERR,ERR,ERR,ERR,ERR,ERR,ERR,ERR,ERR,ERR,ERR,ERR,ERR,ERR,ERR,ERR,ERR,ERR,ERR,ERR,ERR,ERR,ERR,ERR,ERR,ERR,ERR,ERR,ERR,ERR,ERR,ERR,ERR,34.0,80.0,35,0.0,0.0,0.0,0.0,0.0,0.0,0.0,0.0,0.0,0.0,0.0,0.0,0.0,0.0,0.0,0.0,66.4,0,120,58,53,65476,0,300,0,0,8,20529,65476,0,0,57672,80.0,0.0,0.0,0.0,0.0,0.0
2026-06-18T02:37:53,ERR,ERR,ERR,ERR,ERR,ERR,ERR,ERR,ERR,ERR,ERR,ERR,ERR,ERR,ERR,ERR,ERR,ERR,ERR,ERR,ERR,ERR,ERR,ERR,ERR,ERR,ERR,ERR,ERR,ERR,ERR,ERR,ERR,ERR,ERR,ERR,ERR,ERR,ERR,ERR,ERR,ERR,ERR,ERR,ERR,ERR,ERR,ERR,ERR,ERR,ERR,ERR,ERR,ERR,ERR,ERR,ERR,ERR,ERR,ERR,ERR,ERR,ERR,ERR,ERR,ERR,ERR,ERR,ERR,ERR,ERR,ERR,ERR,ERR,ERR,ERR,ERR,ERR,ERR,ERR,ERR,ERR,ERR,ERR,ERR,ERR,ERR,ERR,ERR,ERR,ERR,ERR,ERR,ERR,ERR,ERR,ERR,ERR,ERR,ERR,ERR,ERR,ERR,ERR,ERR,ERR,ERR,ERR,ERR,ERR,ERR,ERR,ERR,ERR,ERR,ERR,ERR,ERR,ERR,ERR,ERR,ERR,ERR,ERR,ERR,2.7184312818759872e+23,0.0,-0.0,-0.0,nan,1.3936040501711995e+18,7.805,-0.0,0,0,4,48954,6720,14723890282496.0,100,0.0,0.0,0.0,-152005385388032.0,0.0,0,0,0,0,0.0,0,0,0,0,0,0,0,0,0,0,0,0,0,0,0,0,0,0,0,0,0,0,0,0,0,0,0,0,0,0,0,0,0,26,51,50,76,65476,0,300,0,0,8,21553,0.0,-107605600.0,0.0,0.0,0.0,0.0,0.0,0.0,0.0,0.0,0.0,0.0,0.0,0.0,0.0,0.0,0.0,0.0,0.0,0.0,0.0,0.0,-2.004,0.0,-2.004,-2.004,0.0,0.0,0.0,0.0,4776.0,-0.0,7286.0,2.7184312818759872e+23,0.0,-0.0,-0.0,0.0,0.0,0.0,0.0,77,0.0,5.848052117892078e+35,0.0,0.0,0.0,0.0,0.0,0.0,0.0,0,0,0,0.0,0.0,0.0,0.0,0.0,0.0,0.0,0.0,0.0,0.0,0.0,0.0,0.0,0.0,0.0,0.0,0,-107875648.0,77,0.0,154,0.0,0.0,ERR,ERR,ERR,ERR,ERR,ERR,ERR,ERR,ERR,ERR,ERR,ERR,ERR,ERR,ERR,ERR,ERR,ERR,ERR,ERR,ERR,ERR,ERR,ERR,ERR,ERR,ERR,ERR,ERR,ERR,ERR,ERR,ERR,ERR,ERR,ERR,ERR,ERR,ERR,ERR,ERR,ERR,ERR,ERR,ERR,ERR,ERR,ERR,ERR,ERR,ERR,ERR,ERR,ERR,ERR,ERR,ERR,ERR,ERR,ERR,ERR,ERR,ERR,ERR,ERR,ERR,ERR,34.0,80.0,35,0.0,0.0,0.0,0.0,0.0,0.0,0.0,0.0,0.0,0.0,0.0,0.0,0.0,0.0,0.0,0.0,65.6,0,120,58,53,65476,0,300,0,0,8,20529,65476,0,0,57672,80.0,0.0,0.0,0.0,0.0,0.0
2026-06-18T02:37:54,ERR,ERR,ERR,ERR,ERR,ERR,ERR,ERR,ERR,ERR,ERR,ERR,ERR,ERR,ERR,ERR,ERR,ERR,ERR,ERR,ERR,ERR,ERR,ERR,ERR,ERR,ERR,ERR,ERR,ERR,ERR,ERR,ERR,ERR,ERR,ERR,ERR,ERR,ERR,ERR,ERR,ERR,ERR,ERR,ERR,ERR,ERR,ERR,ERR,ERR,ERR,ERR,ERR,ERR,ERR,ERR,ERR,ERR,ERR,ERR,ERR,ERR,ERR,ERR,ERR,ERR,ERR,ERR,ERR,ERR,ERR,ERR,ERR,ERR,ERR,ERR,ERR,ERR,ERR,ERR,ERR,ERR,ERR,ERR,ERR,ERR,ERR,ERR,ERR,ERR,ERR,ERR,ERR,ERR,ERR,ERR,ERR,ERR,ERR,ERR,ERR,ERR,ERR,ERR,ERR,ERR,ERR,ERR,ERR,ERR,ERR,ERR,ERR,ERR,ERR,ERR,ERR,ERR,ERR,ERR,ERR,ERR,ERR,ERR,ERR,2.7184312818759872e+23,0.0,-0.0,0.0,nan,1.3936040501711995e+18,7.805,118629576.0,0,0,4,48954,6720,14723890282496.0,100,0.0,0.0,0.0,0.0,0.0,0,0,0,0,0.0,0,0,0,0,0,0,0,0,0,0,0,0,0,0,0,0,0,0,0,0,0,0,0,0,0,0,0,0,0,0,0,0,0,26,51,50,76,65476,0,300,0,0,8,21553,0.0,-107605600.0,0.0,0.0,0.0,0.0,0.0,0.0,0.0,0.0,0.0,0.0,0.0,0.0,0.0,0.0,0.0,0.0,0.0,0.0,0.0,0.0,-2.004,0.0,-2.004,-2.004,0.0,0.0,0.0,0.0,4774.0,-0.0,7282.0,2.7184312818759872e+23,0.0,-0.0,-0.0,0.0,0.0,0.0,0.0,77,0.0,1.905684376578949e+17,0.0,0.0,0.0,0.0,0.0,0.0,0.0,0,0,0,0.0,0.0,0.0,0.0,0.0,0.0,0.0,0.0,0.0,0.0,0.0,0.0,0.0,0.0,0.0,0.0,0,-107875648.0,77,0.0,154,0.0,0.0,ERR,ERR,ERR,ERR,ERR,ERR,ERR,ERR,ERR,ERR,ERR,ERR,ERR,ERR,ERR,ERR,ERR,ERR,ERR,ERR,ERR,ERR,ERR,ERR,ERR,ERR,ERR,ERR,ERR,ERR,ERR,ERR,ERR,ERR,ERR,ERR,ERR,ERR,ERR,ERR,ERR,ERR,ERR,ERR,ERR,ERR,ERR,ERR,ERR,ERR,ERR,ERR,ERR,ERR,ERR,ERR,ERR,ERR,ERR,ERR,ERR,ERR,ERR,ERR,ERR,ERR,ERR,34.0,80.0,35,0.0,0.0,0.0,0.0,0.0,0.0,0.0,0.0,0.0,0.0,0.0,0.0,0.0,0.0,0.0,0.0,65.6,0,120,58,53,65476,0,300,0,0,8,20529,65476,0,0,57672,80.0,0.0,0.0,0.0,0.0,0.0
2026-06-18T02:37:55,ERR,ERR,ERR,ERR,ERR,ERR,ERR,ERR,ERR,ERR,ERR,ERR,ERR,ERR,ERR,ERR,ERR,ERR,ERR,ERR,ERR,ERR,ERR,ERR,ERR,ERR,ERR,ERR,ERR,ERR,ERR,ERR,ERR,ERR,ERR,ERR,ERR,ERR,ERR,ERR,ERR,ERR,ERR,ERR,ERR,ERR,ERR,ERR,ERR,ERR,ERR,ERR,ERR,ERR,ERR,ERR,ERR,ERR,ERR,ERR,ERR,ERR,ERR,ERR,ERR,ERR,ERR,ERR,ERR,ERR,ERR,ERR,ERR,ERR,ERR,ERR,ERR,ERR,ERR,ERR,ERR,ERR,ERR,ERR,ERR,ERR,ERR,ERR,ERR,ERR,ERR,ERR,ERR,ERR,ERR,ERR,ERR,ERR,ERR,ERR,ERR,ERR,ERR,ERR,ERR,ERR,ERR,ERR,ERR,ERR,ERR,ERR,ERR,ERR,ERR,ERR,ERR,ERR,ERR,ERR,ERR,ERR,ERR,ERR,ERR,2.7184312818759872e+23,0.0,-0.0,0.0,nan,1.3936040501711995e+18,7.805,118629576.0,0,0,4,48954,6720,14723890282496.0,100,0.0,0.0,0.0,0.0,0.0,0,0,0,0,0.0,0,0,0,0,0,0,0,0,0,0,0,0,0,0,0,0,0,0,0,0,0,0,0,0,0,0,0,0,0,0,0,0,0,26,51,50,76,65476,0,300,0,0,8,21553,0.0,-107605600.0,0.0,0.0,0.0,0.0,0.0,0.0,0.0,0.0,0.0,0.0,0.0,0.0,0.0,0.0,0.0,0.0,0.0,0.0,0.0,0.0,-2.004,0.0,-2.004,-2.004,0.0,0.0,0.0,0.0,4774.0,-0.0,7282.0,2.7184312818759872e+23,0.0,-0.0,-0.0,0.0,0.0,0.0,0.0,77,0.0,1.905684376578949e+17,0.0,0.0,0.0,0.0,0.0,0.0,0.0,0,0,0,0.0,0.0,0.0,0.0,0.0,0.0,0.0,0.0,0.0,0.0,0.0,0.0,0.0,0.0,0.0,0.0,0,-107875648.0,77,0.0,154,0.0,0.0,ERR,ERR,ERR,ERR,ERR,ERR,ERR,ERR,ERR,ERR,ERR,ERR,ERR,ERR,ERR,ERR,ERR,ERR,ERR,ERR,ERR,ERR,ERR,ERR,ERR,ERR,ERR,ERR,ERR,ERR,ERR,ERR,ERR,ERR,ERR,ERR,ERR,ERR,ERR,ERR,ERR,ERR,ERR,ERR,ERR,ERR,ERR,ERR,ERR,ERR,ERR,ERR,ERR,ERR,ERR,ERR,ERR,ERR,ERR,ERR,ERR,ERR,ERR,ERR,ERR,ERR,ERR,34.0,80.0,35,0.0,0.0,0.0,0.0,0.0,0.0,0.0,0.0,0.0,0.0,0.0,0.0,0.0,0.0,0.0,0.0,66.4,0,120,58,53,65476,0,300,0,0,8,20529,65476,0,0,57672,80.0,0.0,0.0,0.0,0.0,0.0
2026-06-18T02:37:56,ERR,ERR,ERR,ERR,ERR,ERR,ERR,ERR,ERR,ERR,ERR,ERR,ERR,ERR,ERR,ERR,ERR,ERR,ERR,ERR,ERR,ERR,ERR,ERR,ERR,ERR,ERR,ERR,ERR,ERR,ERR,ERR,ERR,ERR,ERR,ERR,ERR,ERR,ERR,ERR,ERR,ERR,ERR,ERR,ERR,ERR,ERR,ERR,ERR,ERR,ERR,ERR,ERR,ERR,ERR,ERR,ERR,ERR,ERR,ERR,ERR,ERR,ERR,ERR,ERR,ERR,ERR,ERR,ERR,ERR,ERR,ERR,ERR,ERR,ERR,ERR,ERR,ERR,ERR,ERR,ERR,ERR,ERR,ERR,ERR,ERR,ERR,ERR,ERR,ERR,ERR,ERR,ERR,ERR,ERR,ERR,ERR,ERR,ERR,ERR,ERR,ERR,ERR,ERR,ERR,ERR,ERR,ERR,ERR,ERR,ERR,ERR,ERR,ERR,ERR,ERR,ERR,ERR,ERR,ERR,ERR,ERR,ERR,ERR,ERR,2.7184312818759872e+23,0.0,-0.0,0.0,nan,1.3936040501711995e+18,7.805,118629576.0,0,0,4,48954,6720,14723890282496.0,100,0.0,0.0,0.0,0.0,0.0,0,0,0,0,0.0,0,0,0,0,0,0,0,0,0,0,0,0,0,0,0,0,0,0,0,0,0,0,0,0,0,0,0,0,0,0,0,0,0,26,51,50,76,65476,0,300,0,0,8,21553,0.0,-107605600.0,0.0,0.0,0.0,0.0,0.0,0.0,0.0,0.0,0.0,0.0,0.0,0.0,0.0,0.0,0.0,0.0,0.0,0.0,0.0,0.0,-2.004,0.0,-2.004,-2.004,0.0,0.0,0.0,0.0,4774.0,-0.0,7282.0,2.7184312818759872e+23,0.0,-0.0,-0.0,0.0,0.0,0.0,0.0,77,0.0,1.905684376578949e+17,0.0,0.0,0.0,0.0,0.0,0.0,0.0,0,0,0,0.0,0.0,0.0,0.0,0.0,0.0,0.0,0.0,0.0,0.0,0.0,0.0,0.0,0.0,0.0,0.0,0,-107875648.0,77,0.0,154,0.0,0.0,ERR,ERR,ERR,ERR,ERR,ERR,ERR,ERR,ERR,ERR,ERR,ERR,ERR,ERR,ERR,ERR,ERR,ERR,ERR,ERR,ERR,ERR,ERR,ERR,ERR,ERR,ERR,ERR,ERR,ERR,ERR,ERR,ERR,ERR,ERR,ERR,ERR,ERR,ERR,ERR,ERR,ERR,ERR,ERR,ERR,ERR,ERR,ERR,ERR,ERR,ERR,ERR,ERR,ERR,ERR,ERR,ERR,ERR,ERR,ERR,ERR,ERR,ERR,ERR,ERR,ERR,ERR,34.0,80.0,35,0.0,0.0,0.0,0.0,0.0,0.0,0.0,0.0,0.0,0.0,0.0,0.0,0.0,0.0,0.0,0.0,65.6,0,120,58,53,65476,0,300,0,0,8,20529,65476,0,0,57672,80.0,0.0,0.0,0.0,0.0,0.0
2026-06-18T02:37:57,ERR,ERR,ERR,ERR,ERR,ERR,ERR,ERR,ERR,ERR,ERR,ERR,ERR,ERR,ERR,ERR,ERR,ERR,ERR,ERR,ERR,ERR,ERR,ERR,ERR,ERR,ERR,ERR,ERR,ERR,ERR,ERR,ERR,ERR,ERR,ERR,ERR,ERR,ERR,ERR,ERR,ERR,ERR,ERR,ERR,ERR,ERR,ERR,ERR,ERR,ERR,ERR,ERR,ERR,ERR,ERR,ERR,ERR,ERR,ERR,ERR,ERR,ERR,ERR,ERR,ERR,ERR,ERR,ERR,ERR,ERR,ERR,ERR,ERR,ERR,ERR,ERR,ERR,ERR,ERR,ERR,ERR,ERR,ERR,ERR,ERR,ERR,ERR,ERR,ERR,ERR,ERR,ERR,ERR,ERR,ERR,ERR,ERR,ERR,ERR,ERR,ERR,ERR,ERR,ERR,ERR,ERR,ERR,ERR,ERR,ERR,ERR,ERR,ERR,ERR,ERR,ERR,ERR,ERR,ERR,ERR,ERR,ERR,ERR,ERR,2.7184312818759872e+23,0.0,-0.0,0.0,nan,1.3936040501711995e+18,7.805,118629576.0,0,0,4,48954,6720,14723890282496.0,100,0.0,0.0,0.0,0.0,0.0,0,0,0,0,0.0,0,0,0,0,0,0,0,0,0,0,0,0,0,0,0,0,0,0,0,0,0,0,0,0,0,0,0,0,0,0,0,0,0,26,51,50,76,65476,0,300,0,0,8,21553,0.0,-107605600.0,0.0,0.0,0.0,0.0,0.0,0.0,0.0,0.0,0.0,0.0,0.0,0.0,0.0,0.0,0.0,0.0,0.0,0.0,0.0,0.0,-2.004,0.0,-2.004,-2.004,0.0,0.0,0.0,0.0,4774.0,-0.0,7282.0,2.7184312818759872e+23,0.0,-0.0,-0.0,0.0,0.0,0.0,0.0,77,0.0,1.905684376578949e+17,0.0,0.0,0.0,0.0,0.0,0.0,0.0,0,0,0,0.0,0.0,0.0,0.0,0.0,0.0,0.0,0.0,0.0,0.0,0.0,0.0,0.0,0.0,0.0,0.0,0,-107875648.0,77,0.0,154,0.0,0.0,ERR,ERR,ERR,ERR,ERR,ERR,ERR,ERR,ERR,ERR,ERR,ERR,ERR,ERR,ERR,ERR,ERR,ERR,ERR,ERR,ERR,ERR,ERR,ERR,ERR,ERR,ERR,ERR,ERR,ERR,ERR,ERR,ERR,ERR,ERR,ERR,ERR,ERR,ERR,ERR,ERR,ERR,ERR,ERR,ERR,ERR,ERR,ERR,ERR,ERR,ERR,ERR,ERR,ERR,ERR,ERR,ERR,ERR,ERR,ERR,ERR,ERR,ERR,ERR,ERR,ERR,ERR,34.0,80.0,35,0.0,0.0,0.0,0.0,0.0,0.0,0.0,0.0,0.0,0.0,0.0,0.0,0.0,0.0,0.0,0.0,65.6,0,120,58,53,65476,0,300,0,0,8,20529,65476,0,0,57672,80.0,0.0,0.0,0.0,0.0,0.0
2026-06-18T02:37:58,ERR,ERR,ERR,ERR,ERR,ERR,ERR,ERR,ERR,ERR,ERR,ERR,ERR,ERR,ERR,ERR,ERR,ERR,ERR,ERR,ERR,ERR,ERR,ERR,ERR,ERR,ERR,ERR,ERR,ERR,ERR,ERR,ERR,ERR,ERR,ERR,ERR,ERR,ERR,ERR,ERR,ERR,ERR,ERR,ERR,ERR,ERR,ERR,ERR,ERR,ERR,ERR,ERR,ERR,ERR,ERR,ERR,ERR,ERR,ERR,ERR,ERR,ERR,ERR,ERR,ERR,ERR,ERR,ERR,ERR,ERR,ERR,ERR,ERR,ERR,ERR,ERR,ERR,ERR,ERR,ERR,ERR,ERR,ERR,ERR,ERR,ERR,ERR,ERR,ERR,ERR,ERR,ERR,ERR,ERR,ERR,ERR,ERR,ERR,ERR,ERR,ERR,ERR,ERR,ERR,ERR,ERR,ERR,ERR,ERR,ERR,ERR,ERR,ERR,ERR,ERR,ERR,ERR,ERR,ERR,ERR,ERR,ERR,ERR,ERR,2.7184312818759872e+23,0.0,-0.0,0.0,nan,1.3936040501711995e+18,7.805,118629576.0,0,0,4,48954,6720,14723890282496.0,100,0.0,0.0,0.0,0.0,0.0,0,0,0,0,0.0,0,0,0,0,0,0,0,0,0,0,0,0,0,0,0,0,0,0,0,0,0,0,0,0,0,0,0,0,0,0,0,0,0,26,51,50,76,65476,0,300,0,0,8,21553,0.0,-107605600.0,0.0,0.0,0.0,0.0,0.0,0.0,0.0,0.0,0.0,0.0,0.0,0.0,0.0,0.0,0.0,0.0,0.0,0.0,0.0,0.0,-2.004,0.0,-2.004,-2.004,0.0,0.0,0.0,0.0,4774.0,-0.0,7282.0,2.7184312818759872e+23,0.0,-0.0,-0.0,0.0,0.0,0.0,0.0,77,0.0,1.905684376578949e+17,0.0,0.0,0.0,0.0,0.0,0.0,0.0,0,0,0,0.0,0.0,0.0,0.0,0.0,0.0,0.0,0.0,0.0,0.0,0.0,0.0,0.0,0.0,0.0,0.0,0,-107875648.0,77,0.0,154,0.0,0.0,ERR,ERR,ERR,ERR,ERR,ERR,ERR,ERR,ERR,ERR,ERR,ERR,ERR,ERR,ERR,ERR,ERR,ERR,ERR,ERR,ERR,ERR,ERR,ERR,ERR,ERR,ERR,ERR,ERR,ERR,ERR,ERR,ERR,ERR,ERR,ERR,ERR,ERR,ERR,ERR,ERR,ERR,ERR,ERR,ERR,ERR,ERR,ERR,ERR,ERR,ERR,ERR,ERR,ERR,ERR,ERR,ERR,ERR,ERR,ERR,ERR,ERR,ERR,ERR,ERR,ERR,ERR,34.0,80.0,35,0.0,0.0,0.0,0.0,0.0,0.0,0.0,0.0,0.0,0.0,0.0,0.0,0.0,0.0,0.0,0.0,66.4,0,120,58,53,65476,0,300,0,0,8,20529,65476,0,0,57672,80.0,0.0,0.0,0.0,0.0,0.0
2026-06-18T02:37:59,ERR,ERR,ERR,ERR,ERR,ERR,ERR,ERR,ERR,ERR,ERR,ERR,ERR,ERR,ERR,ERR,ERR,ERR,ERR,ERR,ERR,ERR,ERR,ERR,ERR,ERR,ERR,ERR,ERR,ERR,ERR,ERR,ERR,ERR,ERR,ERR,ERR,ERR,ERR,ERR,ERR,ERR,ERR,ERR,ERR,ERR,ERR,ERR,ERR,ERR,ERR,ERR,ERR,ERR,ERR,ERR,ERR,ERR,ERR,ERR,ERR,ERR,ERR,ERR,ERR,ERR,ERR,ERR,ERR,ERR,ERR,ERR,ERR,ERR,ERR,ERR,ERR,ERR,ERR,ERR,ERR,ERR,ERR,ERR,ERR,ERR,ERR,ERR,ERR,ERR,ERR,ERR,ERR,ERR,ERR,ERR,ERR,ERR,ERR,ERR,ERR,ERR,ERR,ERR,ERR,ERR,ERR,ERR,ERR,ERR,ERR,ERR,ERR,ERR,ERR,ERR,ERR,ERR,ERR,ERR,ERR,ERR,ERR,ERR,ERR,2.7184312818759872e+23,0.0,0.0,-0.0,nan,1.3936040501711995e+18,7.805,2527533.5,0,0,4,48947,6720,14723890282496.0,100,0.0,0.0,0.0,2.718290229135658e+23,0.0,0,0,0,0,0.0,0,0,0,0,0,0,0,0,0,0,0,0,0,0,0,0,0,0,0,0,0,0,0,0,0,0,0,0,0,0,0,0,0,26,51,50,76,65476,0,300,0,0,8,21553,0.0,-107605600.0,0.0,0.0,0.0,0.0,0.0,0.0,0.0,0.0,0.0,0.0,0.0,0.0,0.0,0.0,0.0,0.0,0.0,0.0,0.0,0.0,-2.004,0.0,-2.004,-2.004,0.0,0.0,0.0,0.0,4776.0,-0.0,7283.0,2.7184312818759872e+23,0.0,-0.0,-0.0,0.0,0.0,0.0,0.0,77,0.0,-0.0,0.0,0.0,0.0,0.0,0.0,0.0,0.0,0,0,0,0.0,0.0,0.0,0.0,0.0,0.0,0.0,0.0,0.0,0.0,0.0,0.0,0.0,0.0,0.0,0.0,0,-107875648.0,77,0.0,154,0.0,0.0,ERR,ERR,ERR,ERR,ERR,ERR,ERR,ERR,ERR,ERR,ERR,ERR,ERR,ERR,ERR,ERR,ERR,ERR,ERR,ERR,ERR,ERR,ERR,ERR,ERR,ERR,ERR,ERR,ERR,ERR,ERR,ERR,ERR,ERR,ERR,ERR,ERR,ERR,ERR,ERR,ERR,ERR,ERR,ERR,ERR,ERR,ERR,ERR,ERR,ERR,ERR,ERR,ERR,ERR,ERR,ERR,ERR,ERR,ERR,ERR,ERR,ERR,ERR,ERR,ERR,ERR,ERR,34.0,80.0,35,0.0,0.0,0.0,0.0,0.0,0.0,0.0,0.0,0.0,0.0,0.0,0.0,0.0,0.0,0.0,0.0,66.4,0,120,58,53,65476,0,300,0,0,8,20529,65476,0,0,57672,80.0,0.0,0.0,0.0,0.0,0.0
2026-06-18T02:38:00,ERR,ERR,ERR,ERR,ERR,ERR,ERR,ERR,ERR,ERR,ERR,ERR,ERR,ERR,ERR,ERR,ERR,ERR,ERR,ERR,ERR,ERR,ERR,ERR,ERR,ERR,ERR,ERR,ERR,ERR,ERR,ERR,ERR,ERR,ERR,ERR,ERR,ERR,ERR,ERR,ERR,ERR,ERR,ERR,ERR,ERR,ERR,ERR,ERR,ERR,ERR,ERR,ERR,ERR,ERR,ERR,ERR,ERR,ERR,ERR,ERR,ERR,ERR,ERR,ERR,ERR,ERR,ERR,ERR,ERR,ERR,ERR,ERR,ERR,ERR,ERR,ERR,ERR,ERR,ERR,ERR,ERR,ERR,ERR,ERR,ERR,ERR,ERR,ERR,ERR,ERR,ERR,ERR,ERR,ERR,ERR,ERR,ERR,ERR,ERR,ERR,ERR,ERR,ERR,ERR,ERR,ERR,ERR,ERR,ERR,ERR,ERR,ERR,ERR,ERR,ERR,ERR,ERR,ERR,ERR,ERR,ERR,ERR,ERR,ERR,2.7184312818759872e+23,0.0,0.0,-0.0,nan,1.3936040501711995e+18,7.805,2527533.5,0,0,4,48947,6720,14723890282496.0,100,0.0,0.0,0.0,2.718290229135658e+23,0.0,0,0,0,0,0.0,0,0,0,0,0,0,0,0,0,0,0,0,0,0,0,0,0,0,0,0,0,0,0,0,0,0,0,0,0,0,0,0,0,26,51,50,76,65476,0,300,0,0,8,21553,0.0,-107605600.0,0.0,0.0,0.0,0.0,0.0,0.0,0.0,0.0,0.0,0.0,0.0,0.0,0.0,0.0,0.0,0.0,0.0,0.0,0.0,0.0,-2.004,0.0,-2.004,-2.004,0.0,0.0,0.0,0.0,4776.0,-0.0,7283.0,2.7184312818759872e+23,0.0,-0.0,-0.0,0.0,0.0,0.0,0.0,77,0.0,-0.0,0.0,0.0,0.0,0.0,0.0,0.0,0.0,0,0,0,0.0,0.0,0.0,0.0,0.0,0.0,0.0,0.0,0.0,0.0,0.0,0.0,0.0,0.0,0.0,0.0,0,-107875648.0,77,0.0,154,0.0,0.0,ERR,ERR,ERR,ERR,ERR,ERR,ERR,ERR,ERR,ERR,ERR,ERR,ERR,ERR,ERR,ERR,ERR,ERR,ERR,ERR,ERR,ERR,ERR,ERR,ERR,ERR,ERR,ERR,ERR,ERR,ERR,ERR,ERR,ERR,ERR,ERR,ERR,ERR,ERR,ERR,ERR,ERR,ERR,ERR,ERR,ERR,ERR,ERR,ERR,ERR,ERR,ERR,ERR,ERR,ERR,ERR,ERR,ERR,ERR,ERR,ERR,ERR,ERR,ERR,ERR,ERR,ERR,34.0,80.0,35,0.0,0.0,0.0,0.0,0.0,0.0,0.0,0.0,0.0,0.0,0.0,0.0,0.0,0.0,0.0,0.0,65.6,0,120,58,53,65476,0,300,0,0,8,20529,65476,0,0,57672,80.0,0.0,0.0,0.0,0.0,0.0
2026-06-18T02:38:01,ERR,ERR,ERR,ERR,ERR,ERR,ERR,ERR,ERR,ERR,ERR,ERR,ERR,ERR,ERR,ERR,ERR,ERR,ERR,ERR,ERR,ERR,ERR,ERR,ERR,ERR,ERR,ERR,ERR,ERR,ERR,ERR,ERR,ERR,ERR,ERR,ERR,ERR,ERR,ERR,ERR,ERR,ERR,ERR,ERR,ERR,ERR,ERR,ERR,ERR,ERR,ERR,ERR,ERR,ERR,ERR,ERR,ERR,ERR,ERR,ERR,ERR,ERR,ERR,ERR,ERR,ERR,ERR,ERR,ERR,ERR,ERR,ERR,ERR,ERR,ERR,ERR,ERR,ERR,ERR,ERR,ERR,ERR,ERR,ERR,ERR,ERR,ERR,ERR,ERR,ERR,ERR,ERR,ERR,ERR,ERR,ERR,ERR,ERR,ERR,ERR,ERR,ERR,ERR,ERR,ERR,ERR,ERR,ERR,ERR,ERR,ERR,ERR,ERR,ERR,ERR,ERR,ERR,ERR,ERR,ERR,ERR,ERR,ERR,ERR,2.7184312818759872e+23,0.0,0.0,-0.0,nan,1.3936040501711995e+18,7.805,2527533.5,0,0,4,48947,6720,14723890282496.0,100,0.0,0.0,0.0,2.718290229135658e+23,0.0,0,0,0,0,0.0,0,0,0,0,0,0,0,0,0,0,0,0,0,0,0,0,0,0,0,0,0,0,0,0,0,0,0,0,0,0,0,0,0,26,51,50,76,65476,0,300,0,0,8,21553,0.0,-107605600.0,0.0,0.0,0.0,0.0,0.0,0.0,0.0,0.0,0.0,0.0,0.0,0.0,0.0,0.0,0.0,0.0,0.0,0.0,0.0,0.0,-2.004,0.0,-2.004,-2.004,0.0,0.0,0.0,0.0,4776.0,-0.0,7283.0,2.7184312818759872e+23,0.0,-0.0,-0.0,0.0,0.0,0.0,0.0,77,0.0,-0.0,0.0,0.0,0.0,0.0,0.0,0.0,0.0,0,0,0,0.0,0.0,0.0,0.0,0.0,0.0,0.0,0.0,0.0,0.0,0.0,0.0,0.0,0.0,0.0,0.0,0,-107875648.0,77,0.0,154,0.0,0.0,ERR,ERR,ERR,ERR,ERR,ERR,ERR,ERR,ERR,ERR,ERR,ERR,ERR,ERR,ERR,ERR,ERR,ERR,ERR,ERR,ERR,ERR,ERR,ERR,ERR,ERR,ERR,ERR,ERR,ERR,ERR,ERR,ERR,ERR,ERR,ERR,ERR,ERR,ERR,ERR,ERR,ERR,ERR,ERR,ERR,ERR,ERR,ERR,ERR,ERR,ERR,ERR,ERR,ERR,ERR,ERR,ERR,ERR,ERR,ERR,ERR,ERR,ERR,ERR,ERR,ERR,ERR,34.0,80.0,35,0.0,0.0,0.0,0.0,0.0,0.0,0.0,0.0,0.0,0.0,0.0,0.0,0.0,0.0,0.0,0.0,65.6,0,120,58,53,65476,0,300,0,0,8,20529,65476,0,0,57672,80.0,0.0,0.0,0.0,0.0,0.0
2026-06-18T02:38:02,ERR,ERR,ERR,ERR,ERR,ERR,ERR,ERR,ERR,ERR,ERR,ERR,ERR,ERR,ERR,ERR,ERR,ERR,ERR,ERR,ERR,ERR,ERR,ERR,ERR,ERR,ERR,ERR,ERR,ERR,ERR,ERR,ERR,ERR,ERR,ERR,ERR,ERR,ERR,ERR,ERR,ERR,ERR,ERR,ERR,ERR,ERR,ERR,ERR,ERR,ERR,ERR,ERR,ERR,ERR,ERR,ERR,ERR,ERR,ERR,ERR,ERR,ERR,ERR,ERR,ERR,ERR,ERR,ERR,ERR,ERR,ERR,ERR,ERR,ERR,ERR,ERR,ERR,ERR,ERR,ERR,ERR,ERR,ERR,ERR,ERR,ERR,ERR,ERR,ERR,ERR,ERR,ERR,ERR,ERR,ERR,ERR,ERR,ERR,ERR,ERR,ERR,ERR,ERR,ERR,ERR,ERR,ERR,ERR,ERR,ERR,ERR,ERR,ERR,ERR,ERR,ERR,ERR,ERR,ERR,ERR,ERR,ERR,ERR,ERR,2.7184312818759872e+23,0.0,0.0,-0.0,nan,1.3936040501711995e+18,7.805,2527533.5,0,0,4,48947,6720,14723890282496.0,100,0.0,0.0,0.0,2.718290229135658e+23,0.0,0,0,0,0,0.0,0,0,0,0,0,0,0,0,0,0,0,0,0,0,0,0,0,0,0,0,0,0,0,0,0,0,0,0,0,0,0,0,0,26,51,50,76,65476,0,300,0,0,8,21553,0.0,-107605600.0,0.0,0.0,0.0,0.0,0.0,0.0,0.0,0.0,0.0,0.0,0.0,0.0,0.0,0.0,0.0,0.0,0.0,0.0,0.0,0.0,-2.004,0.0,-2.004,-2.004,0.0,0.0,0.0,0.0,4776.0,-0.0,7283.0,2.7184312818759872e+23,0.0,-0.0,-0.0,0.0,0.0,0.0,0.0,77,0.0,-0.0,0.0,0.0,0.0,0.0,0.0,0.0,0.0,0,0,0,0.0,0.0,0.0,0.0,0.0,0.0,0.0,0.0,0.0,0.0,0.0,0.0,0.0,0.0,0.0,0.0,0,-107875648.0,77,0.0,154,0.0,0.0,ERR,ERR,ERR,ERR,ERR,ERR,ERR,ERR,ERR,ERR,ERR,ERR,ERR,ERR,ERR,ERR,ERR,ERR,ERR,ERR,ERR,ERR,ERR,ERR,ERR,ERR,ERR,ERR,ERR,ERR,ERR,ERR,ERR,ERR,ERR,ERR,ERR,ERR,ERR,ERR,ERR,ERR,ERR,ERR,ERR,ERR,ERR,ERR,ERR,ERR,ERR,ERR,ERR,ERR,ERR,ERR,ERR,ERR,ERR,ERR,ERR,ERR,ERR,ERR,ERR,ERR,ERR,34.0,80.0,35,0.0,0.0,0.0,0.0,0.0,0.0,0.0,0.0,0.0,0.0,0.0,0.0,0.0,0.0,0.0,0.0,66.0,0,120,58,53,65476,0,300,0,0,8,20529,65476,0,0,57672,80.0,0.0,0.0,0.0,0.0,0.0
2026-06-18T02:38:03,ERR,ERR,ERR,ERR,ERR,ERR,ERR,ERR,ERR,ERR,ERR,ERR,ERR,ERR,ERR,ERR,ERR,ERR,ERR,ERR,ERR,ERR,ERR,ERR,ERR,ERR,ERR,ERR,ERR,ERR,ERR,ERR,ERR,ERR,ERR,ERR,ERR,ERR,ERR,ERR,ERR,ERR,ERR,ERR,ERR,ERR,ERR,ERR,ERR,ERR,ERR,ERR,ERR,ERR,ERR,ERR,ERR,ERR,ERR,ERR,ERR,ERR,ERR,ERR,ERR,ERR,ERR,ERR,ERR,ERR,ERR,ERR,ERR,ERR,ERR,ERR,ERR,ERR,ERR,ERR,ERR,ERR,ERR,ERR,ERR,ERR,ERR,ERR,ERR,ERR,ERR,ERR,ERR,ERR,ERR,ERR,ERR,ERR,ERR,ERR,ERR,ERR,ERR,ERR,ERR,ERR,ERR,ERR,ERR,ERR,ERR,ERR,ERR,ERR,ERR,ERR,ERR,ERR,ERR,ERR,ERR,ERR,ERR,ERR,ERR,2.7184312818759872e+23,0.0,0.0,-0.0,nan,1.3936040501711995e+18,7.805,2527533.5,0,0,4,48947,6720,14723890282496.0,100,0.0,0.0,0.0,2.718290229135658e+23,0.0,0,0,0,0,0.0,0,0,0,0,0,0,0,0,0,0,0,0,0,0,0,0,0,0,0,0,0,0,0,0,0,0,0,0,0,0,0,0,0,26,51,50,76,65476,0,300,0,0,8,21553,0.0,-107605600.0,0.0,0.0,0.0,0.0,0.0,0.0,0.0,0.0,0.0,0.0,0.0,0.0,0.0,0.0,0.0,0.0,0.0,0.0,0.0,0.0,-2.004,0.0,-2.004,-2.004,0.0,0.0,0.0,0.0,4776.0,-0.0,7283.0,2.7184312818759872e+23,0.0,-0.0,-0.0,0.0,0.0,0.0,0.0,77,0.0,-0.0,0.0,0.0,0.0,0.0,0.0,0.0,0.0,0,0,0,0.0,0.0,0.0,0.0,0.0,0.0,0.0,0.0,0.0,0.0,0.0,0.0,0.0,0.0,0.0,0.0,0,-107875648.0,77,0.0,154,0.0,0.0,ERR,ERR,ERR,ERR,ERR,ERR,ERR,ERR,ERR,ERR,ERR,ERR,ERR,ERR,ERR,ERR,ERR,ERR,ERR,ERR,ERR,ERR,ERR,ERR,ERR,ERR,ERR,ERR,ERR,ERR,ERR,ERR,ERR,ERR,ERR,ERR,ERR,ERR,ERR,ERR,ERR,ERR,ERR,ERR,ERR,ERR,ERR,ERR,ERR,ERR,ERR,ERR,ERR,ERR,ERR,ERR,ERR,ERR,ERR,ERR,ERR,ERR,ERR,ERR,ERR,ERR,ERR,34.0,80.0,35,0.0,0.0,0.0,0.0,0.0,0.0,0.0,0.0,0.0,0.0,0.0,0.0,0.0,0.0,0.0,0.0,66.0,0,120,58,53,65476,0,300,0,0,8,20529,65476,0,0,57672,80.0,0.0,0.0,0.0,0.0,0.0
2026-06-18T02:38:04,ERR,ERR,ERR,ERR,ERR,ERR,ERR,ERR,ERR,ERR,ERR,ERR,ERR,ERR,ERR,ERR,ERR,ERR,ERR,ERR,ERR,ERR,ERR,ERR,ERR,ERR,ERR,ERR,ERR,ERR,ERR,ERR,ERR,ERR,ERR,ERR,ERR,ERR,ERR,ERR,ERR,ERR,ERR,ERR,ERR,ERR,ERR,ERR,ERR,ERR,ERR,ERR,ERR,ERR,ERR,ERR,ERR,ERR,ERR,ERR,ERR,ERR,ERR,ERR,ERR,ERR,ERR,ERR,ERR,ERR,ERR,ERR,ERR,ERR,ERR,ERR,ERR,ERR,ERR,ERR,ERR,ERR,ERR,ERR,ERR,ERR,ERR,ERR,ERR,ERR,ERR,ERR,ERR,ERR,ERR,ERR,ERR,ERR,ERR,ERR,ERR,ERR,ERR,ERR,ERR,ERR,ERR,ERR,ERR,ERR,ERR,ERR,ERR,ERR,ERR,ERR,ERR,ERR,ERR,ERR,ERR,ERR,ERR,ERR,ERR,2.7184312818759872e+23,0.0,0.0,-0.0,nan,1.3936040501711995e+18,7.805,2527533.5,0,0,4,48947,6720,14723890282496.0,100,0.0,0.0,0.0,2.718290229135658e+23,0.0,0,0,0,0,0.0,0,0,0,0,0,0,0,0,0,0,0,0,0,0,0,0,0,0,0,0,0,0,0,0,0,0,0,0,0,0,0,0,0,26,51,50,76,65476,0,300,0,0,8,21553,0.0,-107605600.0,0.0,0.0,0.0,0.0,0.0,0.0,0.0,0.0,0.0,0.0,0.0,0.0,0.0,0.0,0.0,0.0,0.0,0.0,0.0,0.0,-2.004,0.0,-2.004,-2.004,0.0,0.0,0.0,0.0,4776.0,-0.0,7283.0,2.7184312818759872e+23,0.0,-0.0,-0.0,0.0,0.0,0.0,0.0,77,0.0,-0.0,0.0,0.0,0.0,0.0,0.0,0.0,0.0,0,0,0,0.0,0.0,0.0,0.0,0.0,0.0,0.0,0.0,0.0,0.0,0.0,0.0,0.0,0.0,0.0,0.0,0,-107875648.0,77,0.0,154,0.0,0.0,ERR,ERR,ERR,ERR,ERR,ERR,ERR,ERR,ERR,ERR,ERR,ERR,ERR,ERR,ERR,ERR,ERR,ERR,ERR,ERR,ERR,ERR,ERR,ERR,ERR,ERR,ERR,ERR,ERR,ERR,ERR,ERR,ERR,ERR,ERR,ERR,ERR,ERR,ERR,ERR,ERR,ERR,ERR,ERR,ERR,ERR,ERR,ERR,ERR,ERR,ERR,ERR,ERR,ERR,ERR,ERR,ERR,ERR,ERR,ERR,ERR,ERR,ERR,ERR,ERR,ERR,ERR,34.0,80.0,35,0.0,0.0,0.0,0.0,0.0,0.0,0.0,0.0,0.0,0.0,0.0,0.0,0.0,0.0,0.0,0.0,65.6,0,120,58,53,65476,0,300,0,0,8,20529,65476,0,0,57672,80.0,0.0,0.0,0.0,0.0,0.0
2026-06-18T02:38:05,ERR,ERR,ERR,ERR,ERR,ERR,ERR,ERR,ERR,ERR,ERR,ERR,ERR,ERR,ERR,ERR,ERR,ERR,ERR,ERR,ERR,ERR,ERR,ERR,ERR,ERR,ERR,ERR,ERR,ERR,ERR,ERR,ERR,ERR,ERR,ERR,ERR,ERR,ERR,ERR,ERR,ERR,ERR,ERR,ERR,ERR,ERR,ERR,ERR,ERR,ERR,ERR,ERR,ERR,ERR,ERR,ERR,ERR,ERR,ERR,ERR,ERR,ERR,ERR,ERR,ERR,ERR,ERR,ERR,ERR,ERR,ERR,ERR,ERR,ERR,ERR,ERR,ERR,ERR,ERR,ERR,ERR,ERR,ERR,ERR,ERR,ERR,ERR,ERR,ERR,ERR,ERR,ERR,ERR,ERR,ERR,ERR,ERR,ERR,ERR,ERR,ERR,ERR,ERR,ERR,ERR,ERR,ERR,ERR,ERR,ERR,ERR,ERR,ERR,ERR,ERR,ERR,ERR,ERR,ERR,ERR,ERR,ERR,ERR,ERR,2.7184312818759872e+23,0.0,0.0,-4.9501291711397626e+32,1.592,1.3936040501711995e+18,7.805,0.0,0,0,4,48923,6720,14723890282496.0,100,0.0,0.0,0.0,2.718290229135658e+23,0.0,0,0,0,0,0.0,0,0,0,0,0,0,0,0,0,0,0,0,0,0,0,0,0,0,0,0,0,0,0,0,0,0,0,0,0,0,0,0,0,26,51,50,76,65476,0,300,0,0,8,21553,0.0,-107605600.0,0.0,0.0,0.0,0.0,0.0,0.0,0.0,0.0,0.0,0.0,0.0,0.0,0.0,0.0,0.0,0.0,0.0,0.0,0.0,0.0,-2.004,0.0,-2.004,-2.004,0.0,0.0,0.0,0.0,4776.0,-0.0,7283.0,2.7184312818759872e+23,0.0,-0.0,-0.0,0.0,0.0,0.0,0.0,77,0.0,5.848052117892078e+35,0.0,0.0,0.0,0.0,0.0,0.0,0.0,0,0,0,0.0,0.0,0.0,0.0,0.0,0.0,0.0,0.0,0.0,0.0,0.0,0.0,0.0,0.0,0.0,0.0,0,-107875648.0,77,0.0,154,0.0,0.0,ERR,ERR,ERR,ERR,ERR,ERR,ERR,ERR,ERR,ERR,ERR,ERR,ERR,ERR,ERR,ERR,ERR,ERR,ERR,ERR,ERR,ERR,ERR,ERR,ERR,ERR,ERR,ERR,ERR,ERR,ERR,ERR,ERR,ERR,ERR,ERR,ERR,ERR,ERR,ERR,ERR,ERR,ERR,ERR,ERR,ERR,ERR,ERR,ERR,ERR,ERR,ERR,ERR,ERR,ERR,ERR,ERR,ERR,ERR,ERR,ERR,ERR,ERR,ERR,ERR,ERR,ERR,34.0,80.0,35,0.0,0.0,0.0,0.0,0.0,0.0,0.0,0.0,0.0,0.0,0.0,0.0,0.0,0.0,0.0,0.0,65.6,0,120,58,53,65476,0,300,0,0,8,20529,65476,0,0,57672,80.0,0.0,0.0,0.0,0.0,0.0
2026-06-18T02:38:06,ERR,ERR,ERR,ERR,ERR,ERR,ERR,ERR,ERR,ERR,ERR,ERR,ERR,ERR,ERR,ERR,ERR,ERR,ERR,ERR,ERR,ERR,ERR,ERR,ERR,ERR,ERR,ERR,ERR,ERR,ERR,ERR,ERR,ERR,ERR,ERR,ERR,ERR,ERR,ERR,ERR,ERR,ERR,ERR,ERR,ERR,ERR,ERR,ERR,ERR,ERR,ERR,ERR,ERR,ERR,ERR,ERR,ERR,ERR,ERR,ERR,ERR,ERR,ERR,ERR,ERR,ERR,ERR,ERR,ERR,ERR,ERR,ERR,ERR,ERR,ERR,ERR,ERR,ERR,ERR,ERR,ERR,ERR,ERR,ERR,ERR,ERR,ERR,ERR,ERR,ERR,ERR,ERR,ERR,ERR,ERR,ERR,ERR,ERR,ERR,ERR,ERR,ERR,ERR,ERR,ERR,ERR,ERR,ERR,ERR,ERR,ERR,ERR,ERR,ERR,ERR,ERR,ERR,ERR,ERR,ERR,ERR,ERR,ERR,ERR,2.7184312818759872e+23,0.0,0.0,-4.9501291711397626e+32,1.592,1.3936040501711995e+18,7.805,0.0,0,0,4,48923,6720,14723890282496.0,100,0.0,0.0,0.0,2.718290229135658e+23,0.0,0,0,0,0,0.0,0,0,0,0,0,0,0,0,0,0,0,0,0,0,0,0,0,0,0,0,0,0,0,0,0,0,0,0,0,0,0,0,0,26,51,50,76,65476,0,300,0,0,8,21553,0.0,-107605600.0,0.0,0.0,0.0,0.0,0.0,0.0,0.0,0.0,0.0,0.0,0.0,0.0,0.0,0.0,0.0,0.0,0.0,0.0,0.0,0.0,-2.004,0.0,-2.004,-2.004,0.0,0.0,0.0,0.0,4776.0,-0.0,7283.0,2.7184312818759872e+23,0.0,-0.0,-0.0,0.0,0.0,0.0,0.0,77,0.0,5.848052117892078e+35,0.0,0.0,0.0,0.0,0.0,0.0,0.0,0,0,0,0.0,0.0,0.0,0.0,0.0,0.0,0.0,0.0,0.0,0.0,0.0,0.0,0.0,0.0,0.0,0.0,0,-107875648.0,77,0.0,154,0.0,0.0,ERR,ERR,ERR,ERR,ERR,ERR,ERR,ERR,ERR,ERR,ERR,ERR,ERR,ERR,ERR,ERR,ERR,ERR,ERR,ERR,ERR,ERR,ERR,ERR,ERR,ERR,ERR,ERR,ERR,ERR,ERR,ERR,ERR,ERR,ERR,ERR,ERR,ERR,ERR,ERR,ERR,ERR,ERR,ERR,ERR,ERR,ERR,ERR,ERR,ERR,ERR,ERR,ERR,ERR,ERR,ERR,ERR,ERR,ERR,ERR,ERR,ERR,ERR,ERR,ERR,ERR,ERR,34.0,80.0,35,0.0,0.0,0.0,0.0,0.0,0.0,0.0,0.0,0.0,0.0,0.0,0.0,0.0,0.0,0.0,0.0,65.6,0,120,58,53,65476,0,300,0,0,8,20529,65476,0,0,57672,80.0,0.0,0.0,0.0,0.0,0.0
2026-06-18T02:38:07,ERR,ERR,ERR,ERR,ERR,ERR,ERR,ERR,ERR,ERR,ERR,ERR,ERR,ERR,ERR,ERR,ERR,ERR,ERR,ERR,ERR,ERR,ERR,ERR,ERR,ERR,ERR,ERR,ERR,ERR,ERR,ERR,ERR,ERR,ERR,ERR,ERR,ERR,ERR,ERR,ERR,ERR,ERR,ERR,ERR,ERR,ERR,ERR,ERR,ERR,ERR,ERR,ERR,ERR,ERR,ERR,ERR,ERR,ERR,ERR,ERR,ERR,ERR,ERR,ERR,ERR,ERR,ERR,ERR,ERR,ERR,ERR,ERR,ERR,ERR,ERR,ERR,ERR,ERR,ERR,ERR,ERR,ERR,ERR,ERR,ERR,ERR,ERR,ERR,ERR,ERR,ERR,ERR,ERR,ERR,ERR,ERR,ERR,ERR,ERR,ERR,ERR,ERR,ERR,ERR,ERR,ERR,ERR,ERR,ERR,ERR,ERR,ERR,ERR,ERR,ERR,ERR,ERR,ERR,ERR,ERR,ERR,ERR,ERR,ERR,2.7184312818759872e+23,0.0,0.0,-4.9501291711397626e+32,1.592,1.3936040501711995e+18,7.805,0.0,0,0,4,48923,6720,14723890282496.0,100,0.0,0.0,0.0,2.718290229135658e+23,0.0,0,0,0,0,0.0,0,0,0,0,0,0,0,0,0,0,0,0,0,0,0,0,0,0,0,0,0,0,0,0,0,0,0,0,0,0,0,0,0,26,51,50,76,65476,0,300,0,0,8,21553,0.0,-107605600.0,0.0,0.0,0.0,0.0,0.0,0.0,0.0,0.0,0.0,0.0,0.0,0.0,0.0,0.0,0.0,0.0,0.0,0.0,0.0,0.0,-2.004,0.0,-2.004,-2.004,0.0,0.0,0.0,0.0,4776.0,-0.0,7283.0,2.7184312818759872e+23,0.0,-0.0,-0.0,0.0,0.0,0.0,0.0,77,0.0,5.848052117892078e+35,0.0,0.0,0.0,0.0,0.0,0.0,0.0,0,0,0,0.0,0.0,0.0,0.0,0.0,0.0,0.0,0.0,0.0,0.0,0.0,0.0,0.0,0.0,0.0,0.0,0,-107875648.0,77,0.0,154,0.0,0.0,ERR,ERR,ERR,ERR,ERR,ERR,ERR,ERR,ERR,ERR,ERR,ERR,ERR,ERR,ERR,ERR,ERR,ERR,ERR,ERR,ERR,ERR,ERR,ERR,ERR,ERR,ERR,ERR,ERR,ERR,ERR,ERR,ERR,ERR,ERR,ERR,ERR,ERR,ERR,ERR,ERR,ERR,ERR,ERR,ERR,ERR,ERR,ERR,ERR,ERR,ERR,ERR,ERR,ERR,ERR,ERR,ERR,ERR,ERR,ERR,ERR,ERR,ERR,ERR,ERR,ERR,ERR,34.0,80.0,35,0.0,0.0,0.0,0.0,0.0,0.0,0.0,0.0,0.0,0.0,0.0,0.0,0.0,0.0,0.0,0.0,66.4,0,120,58,53,65476,0,300,0,0,8,20529,65476,0,0,57672,80.0,0.0,0.0,0.0,0.0,0.0
2026-06-18T02:38:08,ERR,ERR,ERR,ERR,ERR,ERR,ERR,ERR,ERR,ERR,ERR,ERR,ERR,ERR,ERR,ERR,ERR,ERR,ERR,ERR,ERR,ERR,ERR,ERR,ERR,ERR,ERR,ERR,ERR,ERR,ERR,ERR,ERR,ERR,ERR,ERR,ERR,ERR,ERR,ERR,ERR,ERR,ERR,ERR,ERR,ERR,ERR,ERR,ERR,ERR,ERR,ERR,ERR,ERR,ERR,ERR,ERR,ERR,ERR,ERR,ERR,ERR,ERR,ERR,ERR,ERR,ERR,ERR,ERR,ERR,ERR,ERR,ERR,ERR,ERR,ERR,ERR,ERR,ERR,ERR,ERR,ERR,ERR,ERR,ERR,ERR,ERR,ERR,ERR,ERR,ERR,ERR,ERR,ERR,ERR,ERR,ERR,ERR,ERR,ERR,ERR,ERR,ERR,ERR,ERR,ERR,ERR,ERR,ERR,ERR,ERR,ERR,ERR,ERR,ERR,ERR,ERR,ERR,ERR,ERR,ERR,ERR,ERR,ERR,ERR,2.7184312818759872e+23,0.0,0.0,-4.9501291711397626e+32,1.592,1.3936040501711995e+18,7.805,0.0,0,0,4,48923,6720,14723890282496.0,100,0.0,0.0,0.0,2.718290229135658e+23,0.0,0,0,0,0,0.0,0,0,0,0,0,0,0,0,0,0,0,0,0,0,0,0,0,0,0,0,0,0,0,0,0,0,0,0,0,0,0,0,0,26,51,50,76,65476,0,300,0,0,8,21553,0.0,-107605600.0,0.0,0.0,0.0,0.0,0.0,0.0,0.0,0.0,0.0,0.0,0.0,0.0,0.0,0.0,0.0,0.0,0.0,0.0,0.0,0.0,-2.004,0.0,-2.004,-2.004,0.0,0.0,0.0,0.0,4776.0,-0.0,7283.0,2.7184312818759872e+23,0.0,-0.0,-0.0,0.0,0.0,0.0,0.0,77,0.0,5.848052117892078e+35,0.0,0.0,0.0,0.0,0.0,0.0,0.0,0,0,0,0.0,0.0,0.0,0.0,0.0,0.0,0.0,0.0,0.0,0.0,0.0,0.0,0.0,0.0,0.0,0.0,0,-107875648.0,77,0.0,154,0.0,0.0,ERR,ERR,ERR,ERR,ERR,ERR,ERR,ERR,ERR,ERR,ERR,ERR,ERR,ERR,ERR,ERR,ERR,ERR,ERR,ERR,ERR,ERR,ERR,ERR,ERR,ERR,ERR,ERR,ERR,ERR,ERR,ERR,ERR,ERR,ERR,ERR,ERR,ERR,ERR,ERR,ERR,ERR,ERR,ERR,ERR,ERR,ERR,ERR,ERR,ERR,ERR,ERR,ERR,ERR,ERR,ERR,ERR,ERR,ERR,ERR,ERR,ERR,ERR,ERR,ERR,ERR,ERR,34.0,80.0,35,0.0,0.0,0.0,0.0,0.0,0.0,0.0,0.0,0.0,0.0,0.0,0.0,0.0,0.0,0.0,0.0,66.4,0,120,58,53,65476,0,300,0,0,8,20529,65476,0,0,57672,80.0,0.0,0.0,0.0,0.0,0.0
2026-06-18T02:38:09,ERR,ERR,ERR,ERR,ERR,ERR,ERR,ERR,ERR,ERR,ERR,ERR,ERR,ERR,ERR,ERR,ERR,ERR,ERR,ERR,ERR,ERR,ERR,ERR,ERR,ERR,ERR,ERR,ERR,ERR,ERR,ERR,ERR,ERR,ERR,ERR,ERR,ERR,ERR,ERR,ERR,ERR,ERR,ERR,ERR,ERR,ERR,ERR,ERR,ERR,ERR,ERR,ERR,ERR,ERR,ERR,ERR,ERR,ERR,ERR,ERR,ERR,ERR,ERR,ERR,ERR,ERR,ERR,ERR,ERR,ERR,ERR,ERR,ERR,ERR,ERR,ERR,ERR,ERR,ERR,ERR,ERR,ERR,ERR,ERR,ERR,ERR,ERR,ERR,ERR,ERR,ERR,ERR,ERR,ERR,ERR,ERR,ERR,ERR,ERR,ERR,ERR,ERR,ERR,ERR,ERR,ERR,ERR,ERR,ERR,ERR,ERR,ERR,ERR,ERR,ERR,ERR,ERR,ERR,ERR,ERR,ERR,ERR,ERR,ERR,2.7184312818759872e+23,0.0,0.0,-4.9501291711397626e+32,1.592,1.3936040501711995e+18,7.805,0.0,0,0,4,48923,6720,14723890282496.0,100,0.0,0.0,0.0,2.718290229135658e+23,0.0,0,0,0,0,0.0,0,0,0,0,0,0,0,0,0,0,0,0,0,0,0,0,0,0,0,0,0,0,0,0,0,0,0,0,0,0,0,0,0,26,51,50,76,65476,0,300,0,0,8,21553,0.0,-107605600.0,0.0,0.0,0.0,0.0,0.0,0.0,0.0,0.0,0.0,0.0,0.0,0.0,0.0,0.0,0.0,0.0,0.0,0.0,0.0,0.0,-2.004,0.0,-2.004,-2.004,0.0,0.0,0.0,0.0,4776.0,-0.0,7283.0,2.7184312818759872e+23,0.0,-0.0,-0.0,0.0,0.0,0.0,0.0,77,0.0,5.848052117892078e+35,0.0,0.0,0.0,0.0,0.0,0.0,0.0,0,0,0,0.0,0.0,0.0,0.0,0.0,0.0,0.0,0.0,0.0,0.0,0.0,0.0,0.0,0.0,0.0,0.0,0,-107875648.0,77,0.0,154,0.0,0.0,ERR,ERR,ERR,ERR,ERR,ERR,ERR,ERR,ERR,ERR,ERR,ERR,ERR,ERR,ERR,ERR,ERR,ERR,ERR,ERR,ERR,ERR,ERR,ERR,ERR,ERR,ERR,ERR,ERR,ERR,ERR,ERR,ERR,ERR,ERR,ERR,ERR,ERR,ERR,ERR,ERR,ERR,ERR,ERR,ERR,ERR,ERR,ERR,ERR,ERR,ERR,ERR,ERR,ERR,ERR,ERR,ERR,ERR,ERR,ERR,ERR,ERR,ERR,ERR,ERR,ERR,ERR,34.0,80.0,35,0.0,0.0,0.0,0.0,0.0,0.0,0.0,0.0,0.0,0.0,0.0,0.0,0.0,0.0,0.0,0.0,65.6,0,120,58,53,65476,0,300,0,0,8,20529,65476,0,0,57672,80.0,0.0,0.0,0.0,0.0,0.0
2026-06-18T02:38:10,ERR,ERR,ERR,ERR,ERR,ERR,ERR,ERR,ERR,ERR,ERR,ERR,ERR,ERR,ERR,ERR,ERR,ERR,ERR,ERR,ERR,ERR,ERR,ERR,ERR,ERR,ERR,ERR,ERR,ERR,ERR,ERR,ERR,ERR,ERR,ERR,ERR,ERR,ERR,ERR,ERR,ERR,ERR,ERR,ERR,ERR,ERR,ERR,ERR,ERR,ERR,ERR,ERR,ERR,ERR,ERR,ERR,ERR,ERR,ERR,ERR,ERR,ERR,ERR,ERR,ERR,ERR,ERR,ERR,ERR,ERR,ERR,ERR,ERR,ERR,ERR,ERR,ERR,ERR,ERR,ERR,ERR,ERR,ERR,ERR,ERR,ERR,ERR,ERR,ERR,ERR,ERR,ERR,ERR,ERR,ERR,ERR,ERR,ERR,ERR,ERR,ERR,ERR,ERR,ERR,ERR,ERR,ERR,ERR,ERR,ERR,ERR,ERR,ERR,ERR,ERR,ERR,ERR,ERR,ERR,ERR,ERR,ERR,ERR,ERR,2.7184312818759872e+23,0.0,0.0,0.059,nan,1.3936040501711995e+18,7.805,-0.001,0,0,4,48924,6720,14723890282496.0,100,0.0,0.0,0.0,0.059,0.0,0,0,0,0,0.0,0,0,0,0,0,0,0,0,0,0,0,0,0,0,0,0,0,0,0,0,0,0,0,0,0,0,0,0,0,0,0,0,0,26,51,50,76,65476,0,300,0,0,8,21553,0.0,-107605600.0,0.0,0.0,0.0,0.0,0.0,0.0,0.0,0.0,0.0,0.0,0.0,0.0,0.0,0.0,0.0,0.0,0.0,0.0,0.0,0.0,-2.004,2.004,-2.004,-2.004,0.0,0.0,0.0,0.0,4775.0,-131350.328,7289.0,2.7184312818759872e+23,0.0,-0.0,-0.0,0.0,0.0,0.0,0.0,77,0.0,-0.0,0.0,0.0,0.0,0.0,0.0,0.0,0.0,0,0,0,0.0,0.0,0.0,0.0,0.0,0.0,0.0,0.0,0.0,0.0,0.0,0.0,0.0,0.0,0.0,0.0,0,-107875648.0,77,0.0,154,0.0,0.0,ERR,ERR,ERR,ERR,ERR,ERR,ERR,ERR,ERR,ERR,ERR,ERR,ERR,ERR,ERR,ERR,ERR,ERR,ERR,ERR,ERR,ERR,ERR,ERR,ERR,ERR,ERR,ERR,ERR,ERR,ERR,ERR,ERR,ERR,ERR,ERR,ERR,ERR,ERR,ERR,ERR,ERR,ERR,ERR,ERR,ERR,ERR,ERR,ERR,ERR,ERR,ERR,ERR,ERR,ERR,ERR,ERR,ERR,ERR,ERR,ERR,ERR,ERR,ERR,ERR,ERR,ERR,34.0,80.0,35,0.0,0.0,0.0,0.0,0.0,0.0,0.0,0.0,0.0,0.0,0.0,0.0,0.0,0.0,0.0,0.0,65.6,0,120,58,53,65476,0,300,0,0,8,20529,65476,0,0,57672,80.0,0.0,0.0,0.0,0.0,0.0
2026-06-18T02:38:11,ERR,ERR,ERR,ERR,ERR,ERR,ERR,ERR,ERR,ERR,ERR,ERR,ERR,ERR,ERR,ERR,ERR,ERR,ERR,ERR,ERR,ERR,ERR,ERR,ERR,ERR,ERR,ERR,ERR,ERR,ERR,ERR,ERR,ERR,ERR,ERR,ERR,ERR,ERR,ERR,ERR,ERR,ERR,ERR,ERR,ERR,ERR,ERR,ERR,ERR,ERR,ERR,ERR,ERR,ERR,ERR,ERR,ERR,ERR,ERR,ERR,ERR,ERR,ERR,ERR,ERR,ERR,ERR,ERR,ERR,ERR,ERR,ERR,ERR,ERR,ERR,ERR,ERR,ERR,ERR,ERR,ERR,ERR,ERR,ERR,ERR,ERR,ERR,ERR,ERR,ERR,ERR,ERR,ERR,ERR,ERR,ERR,ERR,ERR,ERR,ERR,ERR,ERR,ERR,ERR,ERR,ERR,ERR,ERR,ERR,ERR,ERR,ERR,ERR,ERR,ERR,ERR,ERR,ERR,ERR,ERR,ERR,ERR,ERR,ERR,2.7184312818759872e+23,0.0,0.0,0.059,nan,1.3936040501711995e+18,7.805,-0.001,0,0,4,48924,6720,14723890282496.0,100,0.0,0.0,0.0,0.059,0.0,0,0,0,0,0.0,0,0,0,0,0,0,0,0,0,0,0,0,0,0,0,0,0,0,0,0,0,0,0,0,0,0,0,0,0,0,0,0,0,26,51,50,76,65476,0,300,0,0,8,21553,0.0,-107605600.0,0.0,0.0,0.0,0.0,0.0,0.0,0.0,0.0,0.0,0.0,0.0,0.0,0.0,0.0,0.0,0.0,0.0,0.0,0.0,0.0,-2.004,2.004,-2.004,-2.004,0.0,0.0,0.0,0.0,4775.0,-131350.328,7289.0,2.7184312818759872e+23,0.0,-0.0,-0.0,0.0,0.0,0.0,0.0,77,0.0,-0.0,0.0,0.0,0.0,0.0,0.0,0.0,0.0,0,0,0,0.0,0.0,0.0,0.0,0.0,0.0,0.0,0.0,0.0,0.0,0.0,0.0,0.0,0.0,0.0,0.0,0,-107875648.0,77,0.0,154,0.0,0.0,ERR,ERR,ERR,ERR,ERR,ERR,ERR,ERR,ERR,ERR,ERR,ERR,ERR,ERR,ERR,ERR,ERR,ERR,ERR,ERR,ERR,ERR,ERR,ERR,ERR,ERR,ERR,ERR,ERR,ERR,ERR,ERR,ERR,ERR,ERR,ERR,ERR,ERR,ERR,ERR,ERR,ERR,ERR,ERR,ERR,ERR,ERR,ERR,ERR,ERR,ERR,ERR,ERR,ERR,ERR,ERR,ERR,ERR,ERR,ERR,ERR,ERR,ERR,ERR,ERR,ERR,ERR,34.0,80.0,35,0.0,0.0,0.0,0.0,0.0,0.0,0.0,0.0,0.0,0.0,0.0,0.0,0.0,0.0,0.0,0.0,65.6,0,120,58,53,65476,0,300,0,0,8,20529,65476,0,0,57672,80.0,0.0,0.0,0.0,0.0,0.0
2026-06-18T02:38:12,ERR,ERR,ERR,ERR,ERR,ERR,ERR,ERR,ERR,ERR,ERR,ERR,ERR,ERR,ERR,ERR,ERR,ERR,ERR,ERR,ERR,ERR,ERR,ERR,ERR,ERR,ERR,ERR,ERR,ERR,ERR,ERR,ERR,ERR,ERR,ERR,ERR,ERR,ERR,ERR,ERR,ERR,ERR,ERR,ERR,ERR,ERR,ERR,ERR,ERR,ERR,ERR,ERR,ERR,ERR,ERR,ERR,ERR,ERR,ERR,ERR,ERR,ERR,ERR,ERR,ERR,ERR,ERR,ERR,ERR,ERR,ERR,ERR,ERR,ERR,ERR,ERR,ERR,ERR,ERR,ERR,ERR,ERR,ERR,ERR,ERR,ERR,ERR,ERR,ERR,ERR,ERR,ERR,ERR,ERR,ERR,ERR,ERR,ERR,ERR,ERR,ERR,ERR,ERR,ERR,ERR,ERR,ERR,ERR,ERR,ERR,ERR,ERR,ERR,ERR,ERR,ERR,ERR,ERR,ERR,ERR,ERR,ERR,ERR,ERR,2.7184312818759872e+23,0.0,0.0,0.059,nan,1.3936040501711995e+18,7.805,-0.001,0,0,4,48924,6720,14723890282496.0,100,0.0,0.0,0.0,0.059,0.0,0,0,0,0,0.0,0,0,0,0,0,0,0,0,0,0,0,0,0,0,0,0,0,0,0,0,0,0,0,0,0,0,0,0,0,0,0,0,0,26,51,50,76,65476,0,300,0,0,8,21553,0.0,-107605600.0,0.0,0.0,0.0,0.0,0.0,0.0,0.0,0.0,0.0,0.0,0.0,0.0,0.0,0.0,0.0,0.0,0.0,0.0,0.0,0.0,-2.004,2.004,-2.004,-2.004,0.0,0.0,0.0,0.0,4775.0,-131350.328,7289.0,2.7184312818759872e+23,0.0,-0.0,-0.0,0.0,0.0,0.0,0.0,77,0.0,-0.0,0.0,0.0,0.0,0.0,0.0,0.0,0.0,0,0,0,0.0,0.0,0.0,0.0,0.0,0.0,0.0,0.0,0.0,0.0,0.0,0.0,0.0,0.0,0.0,0.0,0,-107875648.0,77,0.0,154,0.0,0.0,ERR,ERR,ERR,ERR,ERR,ERR,ERR,ERR,ERR,ERR,ERR,ERR,ERR,ERR,ERR,ERR,ERR,ERR,ERR,ERR,ERR,ERR,ERR,ERR,ERR,ERR,ERR,ERR,ERR,ERR,ERR,ERR,ERR,ERR,ERR,ERR,ERR,ERR,ERR,ERR,ERR,ERR,ERR,ERR,ERR,ERR,ERR,ERR,ERR,ERR,ERR,ERR,ERR,ERR,ERR,ERR,ERR,ERR,ERR,ERR,ERR,ERR,ERR,ERR,ERR,ERR,ERR,34.0,80.0,35,0.0,0.0,0.0,0.0,0.0,0.0,0.0,0.0,0.0,0.0,0.0,0.0,0.0,0.0,0.0,0.0,65.6,0,120,58,53,65476,0,300,0,0,8,20529,65476,0,0,57672,80.0,0.0,0.0,0.0,0.0,0.0
2026-06-18T02:38:13,ERR,ERR,ERR,ERR,ERR,ERR,ERR,ERR,ERR,ERR,ERR,ERR,ERR,ERR,ERR,ERR,ERR,ERR,ERR,ERR,ERR,ERR,ERR,ERR,ERR,ERR,ERR,ERR,ERR,ERR,ERR,ERR,ERR,ERR,ERR,ERR,ERR,ERR,ERR,ERR,ERR,ERR,ERR,ERR,ERR,ERR,ERR,ERR,ERR,ERR,ERR,ERR,ERR,ERR,ERR,ERR,ERR,ERR,ERR,ERR,ERR,ERR,ERR,ERR,ERR,ERR,ERR,ERR,ERR,ERR,ERR,ERR,ERR,ERR,ERR,ERR,ERR,ERR,ERR,ERR,ERR,ERR,ERR,ERR,ERR,ERR,ERR,ERR,ERR,ERR,ERR,ERR,ERR,ERR,ERR,ERR,ERR,ERR,ERR,ERR,ERR,ERR,ERR,ERR,ERR,ERR,ERR,ERR,ERR,ERR,ERR,ERR,ERR,ERR,ERR,ERR,ERR,ERR,ERR,ERR,ERR,ERR,ERR,ERR,ERR,2.7184312818759872e+23,0.0,0.0,0.059,nan,1.3936040501711995e+18,7.805,-0.001,0,0,4,48924,6720,14723890282496.0,100,0.0,0.0,0.0,0.059,0.0,0,0,0,0,0.0,0,0,0,0,0,0,0,0,0,0,0,0,0,0,0,0,0,0,0,0,0,0,0,0,0,0,0,0,0,0,0,0,0,26,51,50,76,65476,0,300,0,0,8,21553,0.0,-107605600.0,0.0,0.0,0.0,0.0,0.0,0.0,0.0,0.0,0.0,0.0,0.0,0.0,0.0,0.0,0.0,0.0,0.0,0.0,0.0,0.0,-2.004,2.004,-2.004,-2.004,0.0,0.0,0.0,0.0,4775.0,-131350.328,7289.0,2.7184312818759872e+23,0.0,-0.0,-0.0,0.0,0.0,0.0,0.0,77,0.0,-0.0,0.0,0.0,0.0,0.0,0.0,0.0,0.0,0,0,0,0.0,0.0,0.0,0.0,0.0,0.0,0.0,0.0,0.0,0.0,0.0,0.0,0.0,0.0,0.0,0.0,0,-107875648.0,77,0.0,154,0.0,0.0,ERR,ERR,ERR,ERR,ERR,ERR,ERR,ERR,ERR,ERR,ERR,ERR,ERR,ERR,ERR,ERR,ERR,ERR,ERR,ERR,ERR,ERR,ERR,ERR,ERR,ERR,ERR,ERR,ERR,ERR,ERR,ERR,ERR,ERR,ERR,ERR,ERR,ERR,ERR,ERR,ERR,ERR,ERR,ERR,ERR,ERR,ERR,ERR,ERR,ERR,ERR,ERR,ERR,ERR,ERR,ERR,ERR,ERR,ERR,ERR,ERR,ERR,ERR,ERR,ERR,ERR,ERR,34.0,80.0,35,0.0,0.0,0.0,0.0,0.0,0.0,0.0,0.0,0.0,0.0,0.0,0.0,0.0,0.0,0.0,0.0,66.4,0,120,58,53,65476,0,300,0,0,8,20529,65476,0,0,57672,80.0,0.0,0.0,0.0,0.0,0.0
2026-06-18T02:38:14,ERR,ERR,ERR,ERR,ERR,ERR,ERR,ERR,ERR,ERR,ERR,ERR,ERR,ERR,ERR,ERR,ERR,ERR,ERR,ERR,ERR,ERR,ERR,ERR,ERR,ERR,ERR,ERR,ERR,ERR,ERR,ERR,ERR,ERR,ERR,ERR,ERR,ERR,ERR,ERR,ERR,ERR,ERR,ERR,ERR,ERR,ERR,ERR,ERR,ERR,ERR,ERR,ERR,ERR,ERR,ERR,ERR,ERR,ERR,ERR,ERR,ERR,ERR,ERR,ERR,ERR,ERR,ERR,ERR,ERR,ERR,ERR,ERR,ERR,ERR,ERR,ERR,ERR,ERR,ERR,ERR,ERR,ERR,ERR,ERR,ERR,ERR,ERR,ERR,ERR,ERR,ERR,ERR,ERR,ERR,ERR,ERR,ERR,ERR,ERR,ERR,ERR,ERR,ERR,ERR,ERR,ERR,ERR,ERR,ERR,ERR,ERR,ERR,ERR,ERR,ERR,ERR,ERR,ERR,ERR,ERR,ERR,ERR,ERR,ERR,2.7184312818759872e+23,0.0,0.0,0.059,nan,1.3936040501711995e+18,7.805,-0.001,0,0,4,48924,6720,14723890282496.0,100,0.0,0.0,0.0,0.059,0.0,0,0,0,0,0.0,0,0,0,0,0,0,0,0,0,0,0,0,0,0,0,0,0,0,0,0,0,0,0,0,0,0,0,0,0,0,0,0,0,26,51,50,76,65476,0,300,0,0,8,21553,0.0,-107605600.0,0.0,0.0,0.0,0.0,0.0,0.0,0.0,0.0,0.0,0.0,0.0,0.0,0.0,0.0,0.0,0.0,0.0,0.0,0.0,0.0,-2.004,2.004,-2.004,-2.004,0.0,0.0,0.0,0.0,4775.0,-131350.328,7289.0,2.7184312818759872e+23,0.0,-0.0,-0.0,0.0,0.0,0.0,0.0,77,0.0,-0.0,0.0,0.0,0.0,0.0,0.0,0.0,0.0,0,0,0,0.0,0.0,0.0,0.0,0.0,0.0,0.0,0.0,0.0,0.0,0.0,0.0,0.0,0.0,0.0,0.0,0,-107875648.0,77,0.0,154,0.0,0.0,ERR,ERR,ERR,ERR,ERR,ERR,ERR,ERR,ERR,ERR,ERR,ERR,ERR,ERR,ERR,ERR,ERR,ERR,ERR,ERR,ERR,ERR,ERR,ERR,ERR,ERR,ERR,ERR,ERR,ERR,ERR,ERR,ERR,ERR,ERR,ERR,ERR,ERR,ERR,ERR,ERR,ERR,ERR,ERR,ERR,ERR,ERR,ERR,ERR,ERR,ERR,ERR,ERR,ERR,ERR,ERR,ERR,ERR,ERR,ERR,ERR,ERR,ERR,ERR,ERR,ERR,ERR,34.0,80.0,35,0.0,0.0,0.0,0.0,0.0,0.0,0.0,0.0,0.0,0.0,0.0,0.0,0.0,0.0,0.0,0.0,66.4,0,120,58,53,65476,0,300,0,0,8,20529,65476,0,0,57672,80.0,0.0,0.0,0.0,0.0,0.0
2026-06-18T02:38:15,ERR,ERR,ERR,ERR,ERR,ERR,ERR,ERR,ERR,ERR,ERR,ERR,ERR,ERR,ERR,ERR,ERR,ERR,ERR,ERR,ERR,ERR,ERR,ERR,ERR,ERR,ERR,ERR,ERR,ERR,ERR,ERR,ERR,ERR,ERR,ERR,ERR,ERR,ERR,ERR,ERR,ERR,ERR,ERR,ERR,ERR,ERR,ERR,ERR,ERR,ERR,ERR,ERR,ERR,ERR,ERR,ERR,ERR,ERR,ERR,ERR,ERR,ERR,ERR,ERR,ERR,ERR,ERR,ERR,ERR,ERR,ERR,ERR,ERR,ERR,ERR,ERR,ERR,ERR,ERR,ERR,ERR,ERR,ERR,ERR,ERR,ERR,ERR,ERR,ERR,ERR,ERR,ERR,ERR,ERR,ERR,ERR,ERR,ERR,ERR,ERR,ERR,ERR,ERR,ERR,ERR,ERR,ERR,ERR,ERR,ERR,ERR,ERR,ERR,ERR,ERR,ERR,ERR,ERR,ERR,ERR,ERR,ERR,ERR,ERR,2.7184312818759872e+23,0.0,0.0,-0.0,nan,1.3936040501711995e+18,7.805,2527533.5,0,0,4,48950,6720,14723890282496.0,100,0.0,0.0,0.0,0.059,0.0,0,0,0,0,0.0,0,0,0,0,0,0,0,0,0,0,0,0,0,0,0,0,0,0,0,0,0,0,0,0,0,0,0,0,0,0,0,0,0,26,51,50,76,65476,0,300,0,0,8,21553,0.0,-107605600.0,0.0,0.0,0.0,0.0,0.0,0.0,0.0,0.0,0.0,0.0,0.0,0.0,0.0,0.0,0.0,0.0,0.0,0.0,0.0,0.0,-2.004,0.0,-2.004,-2.004,0.0,0.0,0.0,0.0,4775.0,-0.0,7282.0,2.7184312818759872e+23,0.0,-0.0,-0.0,0.0,0.0,0.0,0.0,77,0.0,-0.0,0.0,0.0,0.0,0.0,0.0,0.0,0.0,0,0,0,0.0,0.0,0.0,0.0,0.0,0.0,0.0,0.0,0.0,0.0,0.0,0.0,0.0,0.0,0.0,0.0,0,-107875648.0,77,0.0,154,0.0,0.0,ERR,ERR,ERR,ERR,ERR,ERR,ERR,ERR,ERR,ERR,ERR,ERR,ERR,ERR,ERR,ERR,ERR,ERR,ERR,ERR,ERR,ERR,ERR,ERR,ERR,ERR,ERR,ERR,ERR,ERR,ERR,ERR,ERR,ERR,ERR,ERR,ERR,ERR,ERR,ERR,ERR,ERR,ERR,ERR,ERR,ERR,ERR,ERR,ERR,ERR,ERR,ERR,ERR,ERR,ERR,ERR,ERR,ERR,ERR,ERR,ERR,ERR,ERR,ERR,ERR,ERR,ERR,34.0,80.0,35,0.0,0.0,0.0,0.0,0.0,0.0,0.0,0.0,0.0,0.0,0.0,0.0,0.0,0.0,0.0,0.0,65.6,0,120,58,53,65476,0,300,0,0,8,20529,65476,0,0,57672,80.0,0.0,0.0,0.0,0.0,0.0
2026-06-18T02:38:16,ERR,ERR,ERR,ERR,ERR,ERR,ERR,ERR,ERR,ERR,ERR,ERR,ERR,ERR,ERR,ERR,ERR,ERR,ERR,ERR,ERR,ERR,ERR,ERR,ERR,ERR,ERR,ERR,ERR,ERR,ERR,ERR,ERR,ERR,ERR,ERR,ERR,ERR,ERR,ERR,ERR,ERR,ERR,ERR,ERR,ERR,ERR,ERR,ERR,ERR,ERR,ERR,ERR,ERR,ERR,ERR,ERR,ERR,ERR,ERR,ERR,ERR,ERR,ERR,ERR,ERR,ERR,ERR,ERR,ERR,ERR,ERR,ERR,ERR,ERR,ERR,ERR,ERR,ERR,ERR,ERR,ERR,ERR,ERR,ERR,ERR,ERR,ERR,ERR,ERR,ERR,ERR,ERR,ERR,ERR,ERR,ERR,ERR,ERR,ERR,ERR,ERR,ERR,ERR,ERR,ERR,ERR,ERR,ERR,ERR,ERR,ERR,ERR,ERR,ERR,ERR,ERR,ERR,ERR,ERR,ERR,ERR,ERR,ERR,ERR,2.7184312818759872e+23,0.0,0.0,-0.0,nan,1.3936040501711995e+18,7.805,2527533.5,0,0,4,48950,6720,14723890282496.0,100,0.0,0.0,0.0,0.059,0.0,0,0,0,0,0.0,0,0,0,0,0,0,0,0,0,0,0,0,0,0,0,0,0,0,0,0,0,0,0,0,0,0,0,0,0,0,0,0,0,26,51,50,76,65476,0,300,0,0,8,21553,0.0,-107605600.0,0.0,0.0,0.0,0.0,0.0,0.0,0.0,0.0,0.0,0.0,0.0,0.0,0.0,0.0,0.0,0.0,0.0,0.0,0.0,0.0,-2.004,0.0,-2.004,-2.004,0.0,0.0,0.0,0.0,4775.0,-0.0,7282.0,2.7184312818759872e+23,0.0,-0.0,-0.0,0.0,0.0,0.0,0.0,77,0.0,-0.0,0.0,0.0,0.0,0.0,0.0,0.0,0.0,0,0,0,0.0,0.0,0.0,0.0,0.0,0.0,0.0,0.0,0.0,0.0,0.0,0.0,0.0,0.0,0.0,0.0,0,-107875648.0,77,0.0,154,0.0,0.0,ERR,ERR,ERR,ERR,ERR,ERR,ERR,ERR,ERR,ERR,ERR,ERR,ERR,ERR,ERR,ERR,ERR,ERR,ERR,ERR,ERR,ERR,ERR,ERR,ERR,ERR,ERR,ERR,ERR,ERR,ERR,ERR,ERR,ERR,ERR,ERR,ERR,ERR,ERR,ERR,ERR,ERR,ERR,ERR,ERR,ERR,ERR,ERR,ERR,ERR,ERR,ERR,ERR,ERR,ERR,ERR,ERR,ERR,ERR,ERR,ERR,ERR,ERR,ERR,ERR,ERR,ERR,34.0,80.0,35,0.0,0.0,0.0,0.0,0.0,0.0,0.0,0.0,0.0,0.0,0.0,0.0,0.0,0.0,0.0,0.0,65.6,0,120,58,53,65476,0,300,0,0,8,20529,65476,0,0,57672,80.0,0.0,0.0,0.0,0.0,0.0
2026-06-18T02:38:17,ERR,ERR,ERR,ERR,ERR,ERR,ERR,ERR,ERR,ERR,ERR,ERR,ERR,ERR,ERR,ERR,ERR,ERR,ERR,ERR,ERR,ERR,ERR,ERR,ERR,ERR,ERR,ERR,ERR,ERR,ERR,ERR,ERR,ERR,ERR,ERR,ERR,ERR,ERR,ERR,ERR,ERR,ERR,ERR,ERR,ERR,ERR,ERR,ERR,ERR,ERR,ERR,ERR,ERR,ERR,ERR,ERR,ERR,ERR,ERR,ERR,ERR,ERR,ERR,ERR,ERR,ERR,ERR,ERR,ERR,ERR,ERR,ERR,ERR,ERR,ERR,ERR,ERR,ERR,ERR,ERR,ERR,ERR,ERR,ERR,ERR,ERR,ERR,ERR,ERR,ERR,ERR,ERR,ERR,ERR,ERR,ERR,ERR,ERR,ERR,ERR,ERR,ERR,ERR,ERR,ERR,ERR,ERR,ERR,ERR,ERR,ERR,ERR,ERR,ERR,ERR,ERR,ERR,ERR,ERR,ERR,ERR,ERR,ERR,ERR,2.7184312818759872e+23,0.0,0.0,-0.0,nan,1.3936040501711995e+18,7.805,2527533.5,0,0,4,48950,6720,14723890282496.0,100,0.0,0.0,0.0,0.059,0.0,0,0,0,0,0.0,0,0,0,0,0,0,0,0,0,0,0,0,0,0,0,0,0,0,0,0,0,0,0,0,0,0,0,0,0,0,0,0,0,26,51,50,76,65476,0,300,0,0,8,21553,0.0,-107605600.0,0.0,0.0,0.0,0.0,0.0,0.0,0.0,0.0,0.0,0.0,0.0,0.0,0.0,0.0,0.0,0.0,0.0,0.0,0.0,0.0,-2.004,0.0,-2.004,-2.004,0.0,0.0,0.0,0.0,4775.0,-0.0,7282.0,2.7184312818759872e+23,0.0,-0.0,-0.0,0.0,0.0,0.0,0.0,77,0.0,-0.0,0.0,0.0,0.0,0.0,0.0,0.0,0.0,0,0,0,0.0,0.0,0.0,0.0,0.0,0.0,0.0,0.0,0.0,0.0,0.0,0.0,0.0,0.0,0.0,0.0,0,-107875648.0,77,0.0,154,0.0,0.0,ERR,ERR,ERR,ERR,ERR,ERR,ERR,ERR,ERR,ERR,ERR,ERR,ERR,ERR,ERR,ERR,ERR,ERR,ERR,ERR,ERR,ERR,ERR,ERR,ERR,ERR,ERR,ERR,ERR,ERR,ERR,ERR,ERR,ERR,ERR,ERR,ERR,ERR,ERR,ERR,ERR,ERR,ERR,ERR,ERR,ERR,ERR,ERR,ERR,ERR,ERR,ERR,ERR,ERR,ERR,ERR,ERR,ERR,ERR,ERR,ERR,ERR,ERR,ERR,ERR,ERR,ERR,34.0,80.0,35,0.0,0.0,0.0,0.0,0.0,0.0,0.0,0.0,0.0,0.0,0.0,0.0,0.0,0.0,0.0,0.0,65.6,0,120,58,53,65476,0,300,0,0,8,20529,65476,0,0,57672,80.0,0.0,0.0,0.0,0.0,0.0
2026-06-18T02:38:18,ERR,ERR,ERR,ERR,ERR,ERR,ERR,ERR,ERR,ERR,ERR,ERR,ERR,ERR,ERR,ERR,ERR,ERR,ERR,ERR,ERR,ERR,ERR,ERR,ERR,ERR,ERR,ERR,ERR,ERR,ERR,ERR,ERR,ERR,ERR,ERR,ERR,ERR,ERR,ERR,ERR,ERR,ERR,ERR,ERR,ERR,ERR,ERR,ERR,ERR,ERR,ERR,ERR,ERR,ERR,ERR,ERR,ERR,ERR,ERR,ERR,ERR,ERR,ERR,ERR,ERR,ERR,ERR,ERR,ERR,ERR,ERR,ERR,ERR,ERR,ERR,ERR,ERR,ERR,ERR,ERR,ERR,ERR,ERR,ERR,ERR,ERR,ERR,ERR,ERR,ERR,ERR,ERR,ERR,ERR,ERR,ERR,ERR,ERR,ERR,ERR,ERR,ERR,ERR,ERR,ERR,ERR,ERR,ERR,ERR,ERR,ERR,ERR,ERR,ERR,ERR,ERR,ERR,ERR,ERR,ERR,ERR,ERR,ERR,ERR,2.7184312818759872e+23,0.0,0.0,-0.0,nan,1.3936040501711995e+18,7.805,2527533.5,0,0,4,48950,6720,14723890282496.0,100,0.0,0.0,0.0,0.059,0.0,0,0,0,0,0.0,0,0,0,0,0,0,0,0,0,0,0,0,0,0,0,0,0,0,0,0,0,0,0,0,0,0,0,0,0,0,0,0,0,26,51,50,76,65476,0,300,0,0,8,21553,0.0,-107605600.0,0.0,0.0,0.0,0.0,0.0,0.0,0.0,0.0,0.0,0.0,0.0,0.0,0.0,0.0,0.0,0.0,0.0,0.0,0.0,0.0,-2.004,0.0,-2.004,-2.004,0.0,0.0,0.0,0.0,4775.0,-0.0,7282.0,2.7184312818759872e+23,0.0,-0.0,-0.0,0.0,0.0,0.0,0.0,77,0.0,-0.0,0.0,0.0,0.0,0.0,0.0,0.0,0.0,0,0,0,0.0,0.0,0.0,0.0,0.0,0.0,0.0,0.0,0.0,0.0,0.0,0.0,0.0,0.0,0.0,0.0,0,-107875648.0,77,0.0,154,0.0,0.0,ERR,ERR,ERR,ERR,ERR,ERR,ERR,ERR,ERR,ERR,ERR,ERR,ERR,ERR,ERR,ERR,ERR,ERR,ERR,ERR,ERR,ERR,ERR,ERR,ERR,ERR,ERR,ERR,ERR,ERR,ERR,ERR,ERR,ERR,ERR,ERR,ERR,ERR,ERR,ERR,ERR,ERR,ERR,ERR,ERR,ERR,ERR,ERR,ERR,ERR,ERR,ERR,ERR,ERR,ERR,ERR,ERR,ERR,ERR,ERR,ERR,ERR,ERR,ERR,ERR,ERR,ERR,34.0,80.0,35,0.0,0.0,0.0,0.0,0.0,0.0,0.0,0.0,0.0,0.0,0.0,0.0,0.0,0.0,0.0,0.0,65.6,0,120,58,53,65476,0,300,0,0,8,20529,65476,0,0,57672,80.0,0.0,0.0,0.0,0.0,0.0
2026-06-18T02:38:19,ERR,ERR,ERR,ERR,ERR,ERR,ERR,ERR,ERR,ERR,ERR,ERR,ERR,ERR,ERR,ERR,ERR,ERR,ERR,ERR,ERR,ERR,ERR,ERR,ERR,ERR,ERR,ERR,ERR,ERR,ERR,ERR,ERR,ERR,ERR,ERR,ERR,ERR,ERR,ERR,ERR,ERR,ERR,ERR,ERR,ERR,ERR,ERR,ERR,ERR,ERR,ERR,ERR,ERR,ERR,ERR,ERR,ERR,ERR,ERR,ERR,ERR,ERR,ERR,ERR,ERR,ERR,ERR,ERR,ERR,ERR,ERR,ERR,ERR,ERR,ERR,ERR,ERR,ERR,ERR,ERR,ERR,ERR,ERR,ERR,ERR,ERR,ERR,ERR,ERR,ERR,ERR,ERR,ERR,ERR,ERR,ERR,ERR,ERR,ERR,ERR,ERR,ERR,ERR,ERR,ERR,ERR,ERR,ERR,ERR,ERR,ERR,ERR,ERR,ERR,ERR,ERR,ERR,ERR,ERR,ERR,ERR,ERR,ERR,ERR,2.7184312818759872e+23,0.0,0.0,-0.0,nan,1.3936040501711995e+18,7.805,2527533.5,0,0,4,48950,6720,14723890282496.0,100,0.0,0.0,0.0,0.059,0.0,0,0,0,0,0.0,0,0,0,0,0,0,0,0,0,0,0,0,0,0,0,0,0,0,0,0,0,0,0,0,0,0,0,0,0,0,0,0,0,26,51,50,76,65476,0,300,0,0,8,21553,0.0,-107605600.0,0.0,0.0,0.0,0.0,0.0,0.0,0.0,0.0,0.0,0.0,0.0,0.0,0.0,0.0,0.0,0.0,0.0,0.0,0.0,0.0,-2.004,0.0,-2.004,-2.004,0.0,0.0,0.0,0.0,4775.0,-0.0,7282.0,2.7184312818759872e+23,0.0,-0.0,-0.0,0.0,0.0,0.0,0.0,77,0.0,-0.0,0.0,0.0,0.0,0.0,0.0,0.0,0.0,0,0,0,0.0,0.0,0.0,0.0,0.0,0.0,0.0,0.0,0.0,0.0,0.0,0.0,0.0,0.0,0.0,0.0,0,-107875648.0,77,0.0,154,0.0,0.0,ERR,ERR,ERR,ERR,ERR,ERR,ERR,ERR,ERR,ERR,ERR,ERR,ERR,ERR,ERR,ERR,ERR,ERR,ERR,ERR,ERR,ERR,ERR,ERR,ERR,ERR,ERR,ERR,ERR,ERR,ERR,ERR,ERR,ERR,ERR,ERR,ERR,ERR,ERR,ERR,ERR,ERR,ERR,ERR,ERR,ERR,ERR,ERR,ERR,ERR,ERR,ERR,ERR,ERR,ERR,ERR,ERR,ERR,ERR,ERR,ERR,ERR,ERR,ERR,ERR,ERR,ERR,34.0,80.0,35,0.0,0.0,0.0,0.0,0.0,0.0,0.0,0.0,0.0,0.0,0.0,0.0,0.0,0.0,0.0,0.0,65.6,0,120,58,53,65476,0,300,0,0,8,20529,65476,0,0,57672,80.0,0.0,0.0,0.0,0.0,0.0
2026-06-18T02:38:20,ERR,ERR,ERR,ERR,ERR,ERR,ERR,ERR,ERR,ERR,ERR,ERR,ERR,ERR,ERR,ERR,ERR,ERR,ERR,ERR,ERR,ERR,ERR,ERR,ERR,ERR,ERR,ERR,ERR,ERR,ERR,ERR,ERR,ERR,ERR,ERR,ERR,ERR,ERR,ERR,ERR,ERR,ERR,ERR,ERR,ERR,ERR,ERR,ERR,ERR,ERR,ERR,ERR,ERR,ERR,ERR,ERR,ERR,ERR,ERR,ERR,ERR,ERR,ERR,ERR,ERR,ERR,ERR,ERR,ERR,ERR,ERR,ERR,ERR,ERR,ERR,ERR,ERR,ERR,ERR,ERR,ERR,ERR,ERR,ERR,ERR,ERR,ERR,ERR,ERR,ERR,ERR,ERR,ERR,ERR,ERR,ERR,ERR,ERR,ERR,ERR,ERR,ERR,ERR,ERR,ERR,ERR,ERR,ERR,ERR,ERR,ERR,ERR,ERR,ERR,ERR,ERR,ERR,ERR,ERR,ERR,ERR,ERR,ERR,ERR,2.7184312818759872e+23,0.0,-0.0,0.0,nan,1.3936040501711995e+18,7.805,118629576.0,0,0,4,48965,6720,14723890282496.0,100,0.0,0.0,0.0,0.0,0.0,0,0,0,0,0.0,0,0,0,0,0,0,0,0,0,0,0,0,0,0,0,0,0,0,0,0,0,0,0,0,0,0,0,0,0,0,0,0,0,26,51,50,76,65476,0,300,0,0,8,21553,0.0,-107605600.0,0.0,0.0,0.0,0.0,0.0,0.0,0.0,0.0,0.0,0.0,0.0,0.0,0.0,0.0,0.0,0.0,0.0,0.0,0.0,0.0,-2.004,0.0,-2.004,-2.004,0.0,0.0,0.0,0.0,4775.0,-0.0,7281.0,2.7184312818759872e+23,0.0,-0.0,-0.0,0.0,0.0,0.0,0.0,77,0.0,2.718415789493269e+23,0.0,0.0,0.0,0.0,0.0,0.0,0.0,0,0,0,0.0,0.0,0.0,0.0,0.0,0.0,0.0,0.0,0.0,0.0,0.0,0.0,0.0,0.0,0.0,0.0,0,-107875648.0,77,0.0,154,0.0,0.0,ERR,ERR,ERR,ERR,ERR,ERR,ERR,ERR,ERR,ERR,ERR,ERR,ERR,ERR,ERR,ERR,ERR,ERR,ERR,ERR,ERR,ERR,ERR,ERR,ERR,ERR,ERR,ERR,ERR,ERR,ERR,ERR,ERR,ERR,ERR,ERR,ERR,ERR,ERR,ERR,ERR,ERR,ERR,ERR,ERR,ERR,ERR,ERR,ERR,ERR,ERR,ERR,ERR,ERR,ERR,ERR,ERR,ERR,ERR,ERR,ERR,ERR,ERR,ERR,ERR,ERR,ERR,34.0,80.0,35,0.0,0.0,0.0,0.0,0.0,0.0,0.0,0.0,0.0,0.0,0.0,0.0,0.0,0.0,0.0,0.0,65.6,0,120,58,53,65476,0,300,0,0,8,20529,65476,0,0,57672,80.0,0.0,0.0,0.0,0.0,0.0
2026-06-18T02:38:21,ERR,ERR,ERR,ERR,ERR,ERR,ERR,ERR,ERR,ERR,ERR,ERR,ERR,ERR,ERR,ERR,ERR,ERR,ERR,ERR,ERR,ERR,ERR,ERR,ERR,ERR,ERR,ERR,ERR,ERR,ERR,ERR,ERR,ERR,ERR,ERR,ERR,ERR,ERR,ERR,ERR,ERR,ERR,ERR,ERR,ERR,ERR,ERR,ERR,ERR,ERR,ERR,ERR,ERR,ERR,ERR,ERR,ERR,ERR,ERR,ERR,ERR,ERR,ERR,ERR,ERR,ERR,ERR,ERR,ERR,ERR,ERR,ERR,ERR,ERR,ERR,ERR,ERR,ERR,ERR,ERR,ERR,ERR,ERR,ERR,ERR,ERR,ERR,ERR,ERR,ERR,ERR,ERR,ERR,ERR,ERR,ERR,ERR,ERR,ERR,ERR,ERR,ERR,ERR,ERR,ERR,ERR,ERR,ERR,ERR,ERR,ERR,ERR,ERR,ERR,ERR,ERR,ERR,ERR,ERR,ERR,ERR,ERR,ERR,ERR,2.7184312818759872e+23,0.0,-0.0,0.0,nan,1.3936040501711995e+18,7.805,118629576.0,0,0,4,48965,6720,14723890282496.0,100,0.0,0.0,0.0,0.0,0.0,0,0,0,0,0.0,0,0,0,0,0,0,0,0,0,0,0,0,0,0,0,0,0,0,0,0,0,0,0,0,0,0,0,0,0,0,0,0,0,26,51,50,76,65476,0,300,0,0,8,21553,0.0,-107605600.0,0.0,0.0,0.0,0.0,0.0,0.0,0.0,0.0,0.0,0.0,0.0,0.0,0.0,0.0,0.0,0.0,0.0,0.0,0.0,0.0,-2.004,0.0,-2.004,-2.004,0.0,0.0,0.0,0.0,4775.0,-0.0,7281.0,2.7184312818759872e+23,0.0,-0.0,-0.0,0.0,0.0,0.0,0.0,77,0.0,2.718415789493269e+23,0.0,0.0,0.0,0.0,0.0,0.0,0.0,0,0,0,0.0,0.0,0.0,0.0,0.0,0.0,0.0,0.0,0.0,0.0,0.0,0.0,0.0,0.0,0.0,0.0,0,-107875648.0,77,0.0,154,0.0,0.0,ERR,ERR,ERR,ERR,ERR,ERR,ERR,ERR,ERR,ERR,ERR,ERR,ERR,ERR,ERR,ERR,ERR,ERR,ERR,ERR,ERR,ERR,ERR,ERR,ERR,ERR,ERR,ERR,ERR,ERR,ERR,ERR,ERR,ERR,ERR,ERR,ERR,ERR,ERR,ERR,ERR,ERR,ERR,ERR,ERR,ERR,ERR,ERR,ERR,ERR,ERR,ERR,ERR,ERR,ERR,ERR,ERR,ERR,ERR,ERR,ERR,ERR,ERR,ERR,ERR,ERR,ERR,34.0,80.0,35,0.0,0.0,0.0,0.0,0.0,0.0,0.0,0.0,0.0,0.0,0.0,0.0,0.0,0.0,0.0,0.0,65.6,0,120,58,53,65476,0,300,0,0,8,20529,65476,0,0,57672,80.0,0.0,0.0,0.0,0.0,0.0
2026-06-18T02:38:22,ERR,ERR,ERR,ERR,ERR,ERR,ERR,ERR,ERR,ERR,ERR,ERR,ERR,ERR,ERR,ERR,ERR,ERR,ERR,ERR,ERR,ERR,ERR,ERR,ERR,ERR,ERR,ERR,ERR,ERR,ERR,ERR,ERR,ERR,ERR,ERR,ERR,ERR,ERR,ERR,ERR,ERR,ERR,ERR,ERR,ERR,ERR,ERR,ERR,ERR,ERR,ERR,ERR,ERR,ERR,ERR,ERR,ERR,ERR,ERR,ERR,ERR,ERR,ERR,ERR,ERR,ERR,ERR,ERR,ERR,ERR,ERR,ERR,ERR,ERR,ERR,ERR,ERR,ERR,ERR,ERR,ERR,ERR,ERR,ERR,ERR,ERR,ERR,ERR,ERR,ERR,ERR,ERR,ERR,ERR,ERR,ERR,ERR,ERR,ERR,ERR,ERR,ERR,ERR,ERR,ERR,ERR,ERR,ERR,ERR,ERR,ERR,ERR,ERR,ERR,ERR,ERR,ERR,ERR,ERR,ERR,ERR,ERR,ERR,ERR,2.7184312818759872e+23,0.0,-0.0,0.0,nan,1.3936040501711995e+18,7.805,118629576.0,0,0,4,48965,6720,14723890282496.0,100,0.0,0.0,0.0,0.0,0.0,0,0,0,0,0.0,0,0,0,0,0,0,0,0,0,0,0,0,0,0,0,0,0,0,0,0,0,0,0,0,0,0,0,0,0,0,0,0,0,26,51,50,76,65476,0,300,0,0,8,21553,0.0,-107605600.0,0.0,0.0,0.0,0.0,0.0,0.0,0.0,0.0,0.0,0.0,0.0,0.0,0.0,0.0,0.0,0.0,0.0,0.0,0.0,0.0,-2.004,0.0,-2.004,-2.004,0.0,0.0,0.0,0.0,4775.0,-0.0,7281.0,2.7184312818759872e+23,0.0,-0.0,-0.0,0.0,0.0,0.0,0.0,77,0.0,2.718415789493269e+23,0.0,0.0,0.0,0.0,0.0,0.0,0.0,0,0,0,0.0,0.0,0.0,0.0,0.0,0.0,0.0,0.0,0.0,0.0,0.0,0.0,0.0,0.0,0.0,0.0,0,-107875648.0,77,0.0,154,0.0,0.0,ERR,ERR,ERR,ERR,ERR,ERR,ERR,ERR,ERR,ERR,ERR,ERR,ERR,ERR,ERR,ERR,ERR,ERR,ERR,ERR,ERR,ERR,ERR,ERR,ERR,ERR,ERR,ERR,ERR,ERR,ERR,ERR,ERR,ERR,ERR,ERR,ERR,ERR,ERR,ERR,ERR,ERR,ERR,ERR,ERR,ERR,ERR,ERR,ERR,ERR,ERR,ERR,ERR,ERR,ERR,ERR,ERR,ERR,ERR,ERR,ERR,ERR,ERR,ERR,ERR,ERR,ERR,34.0,80.0,35,0.0,0.0,0.0,0.0,0.0,0.0,0.0,0.0,0.0,0.0,0.0,0.0,0.0,0.0,0.0,0.0,66.4,0,120,58,53,65476,0,300,0,0,8,20529,65476,0,0,57672,80.0,0.0,0.0,0.0,0.0,0.0
2026-06-18T02:38:23,ERR,ERR,ERR,ERR,ERR,ERR,ERR,ERR,ERR,ERR,ERR,ERR,ERR,ERR,ERR,ERR,ERR,ERR,ERR,ERR,ERR,ERR,ERR,ERR,ERR,ERR,ERR,ERR,ERR,ERR,ERR,ERR,ERR,ERR,ERR,ERR,ERR,ERR,ERR,ERR,ERR,ERR,ERR,ERR,ERR,ERR,ERR,ERR,ERR,ERR,ERR,ERR,ERR,ERR,ERR,ERR,ERR,ERR,ERR,ERR,ERR,ERR,ERR,ERR,ERR,ERR,ERR,ERR,ERR,ERR,ERR,ERR,ERR,ERR,ERR,ERR,ERR,ERR,ERR,ERR,ERR,ERR,ERR,ERR,ERR,ERR,ERR,ERR,ERR,ERR,ERR,ERR,ERR,ERR,ERR,ERR,ERR,ERR,ERR,ERR,ERR,ERR,ERR,ERR,ERR,ERR,ERR,ERR,ERR,ERR,ERR,ERR,ERR,ERR,ERR,ERR,ERR,ERR,ERR,ERR,ERR,ERR,ERR,ERR,ERR,2.7184312818759872e+23,0.0,-0.0,0.0,nan,1.3936040501711995e+18,7.805,118629576.0,0,0,4,48965,6720,14723890282496.0,100,0.0,0.0,0.0,0.0,0.0,0,0,0,0,0.0,0,0,0,0,0,0,0,0,0,0,0,0,0,0,0,0,0,0,0,0,0,0,0,0,0,0,0,0,0,0,0,0,0,26,51,50,76,65476,0,300,0,0,8,21553,0.0,-107605600.0,0.0,0.0,0.0,0.0,0.0,0.0,0.0,0.0,0.0,0.0,0.0,0.0,0.0,0.0,0.0,0.0,0.0,0.0,0.0,0.0,-2.004,0.0,-2.004,-2.004,0.0,0.0,0.0,0.0,4775.0,-0.0,7281.0,2.7184312818759872e+23,0.0,-0.0,-0.0,0.0,0.0,0.0,0.0,77,0.0,2.718415789493269e+23,0.0,0.0,0.0,0.0,0.0,0.0,0.0,0,0,0,0.0,0.0,0.0,0.0,0.0,0.0,0.0,0.0,0.0,0.0,0.0,0.0,0.0,0.0,0.0,0.0,0,-107875648.0,77,0.0,154,0.0,0.0,ERR,ERR,ERR,ERR,ERR,ERR,ERR,ERR,ERR,ERR,ERR,ERR,ERR,ERR,ERR,ERR,ERR,ERR,ERR,ERR,ERR,ERR,ERR,ERR,ERR,ERR,ERR,ERR,ERR,ERR,ERR,ERR,ERR,ERR,ERR,ERR,ERR,ERR,ERR,ERR,ERR,ERR,ERR,ERR,ERR,ERR,ERR,ERR,ERR,ERR,ERR,ERR,ERR,ERR,ERR,ERR,ERR,ERR,ERR,ERR,ERR,ERR,ERR,ERR,ERR,ERR,ERR,34.0,80.0,35,0.0,0.0,0.0,0.0,0.0,0.0,0.0,0.0,0.0,0.0,0.0,0.0,0.0,0.0,0.0,0.0,66.4,0,120,58,53,65476,0,300,0,0,8,20529,65476,0,0,57672,80.0,0.0,0.0,0.0,0.0,0.0
2026-06-18T02:38:24,ERR,ERR,ERR,ERR,ERR,ERR,ERR,ERR,ERR,ERR,ERR,ERR,ERR,ERR,ERR,ERR,ERR,ERR,ERR,ERR,ERR,ERR,ERR,ERR,ERR,ERR,ERR,ERR,ERR,ERR,ERR,ERR,ERR,ERR,ERR,ERR,ERR,ERR,ERR,ERR,ERR,ERR,ERR,ERR,ERR,ERR,ERR,ERR,ERR,ERR,ERR,ERR,ERR,ERR,ERR,ERR,ERR,ERR,ERR,ERR,ERR,ERR,ERR,ERR,ERR,ERR,ERR,ERR,ERR,ERR,ERR,ERR,ERR,ERR,ERR,ERR,ERR,ERR,ERR,ERR,ERR,ERR,ERR,ERR,ERR,ERR,ERR,ERR,ERR,ERR,ERR,ERR,ERR,ERR,ERR,ERR,ERR,ERR,ERR,ERR,ERR,ERR,ERR,ERR,ERR,ERR,ERR,ERR,ERR,ERR,ERR,ERR,ERR,ERR,ERR,ERR,ERR,ERR,ERR,ERR,ERR,ERR,ERR,ERR,ERR,2.7184312818759872e+23,0.0,-0.0,0.0,nan,1.3936040501711995e+18,7.805,118629576.0,0,0,4,48965,6720,14723890282496.0,100,0.0,0.0,0.0,0.0,0.0,0,0,0,0,0.0,0,0,0,0,0,0,0,0,0,0,0,0,0,0,0,0,0,0,0,0,0,0,0,0,0,0,0,0,0,0,0,0,0,26,51,50,76,65476,0,300,0,0,8,21553,0.0,-107605600.0,0.0,0.0,0.0,0.0,0.0,0.0,0.0,0.0,0.0,0.0,0.0,0.0,0.0,0.0,0.0,0.0,0.0,0.0,0.0,0.0,-2.004,0.0,-2.004,-2.004,0.0,0.0,0.0,0.0,4775.0,-0.0,7281.0,2.7184312818759872e+23,0.0,-0.0,-0.0,0.0,0.0,0.0,0.0,77,0.0,2.718415789493269e+23,0.0,0.0,0.0,0.0,0.0,0.0,0.0,0,0,0,0.0,0.0,0.0,0.0,0.0,0.0,0.0,0.0,0.0,0.0,0.0,0.0,0.0,0.0,0.0,0.0,0,-107875648.0,77,0.0,154,0.0,0.0,ERR,ERR,ERR,ERR,ERR,ERR,ERR,ERR,ERR,ERR,ERR,ERR,ERR,ERR,ERR,ERR,ERR,ERR,ERR,ERR,ERR,ERR,ERR,ERR,ERR,ERR,ERR,ERR,ERR,ERR,ERR,ERR,ERR,ERR,ERR,ERR,ERR,ERR,ERR,ERR,ERR,ERR,ERR,ERR,ERR,ERR,ERR,ERR,ERR,ERR,ERR,ERR,ERR,ERR,ERR,ERR,ERR,ERR,ERR,ERR,ERR,ERR,ERR,ERR,ERR,ERR,ERR,34.0,80.0,35,0.0,0.0,0.0,0.0,0.0,0.0,0.0,0.0,0.0,0.0,0.0,0.0,0.0,0.0,0.0,0.0,65.6,0,120,58,53,65476,0,300,0,0,8,20529,65476,0,0,57672,80.0,0.0,0.0,0.0,0.0,0.0
2026-06-18T02:38:25,ERR,ERR,ERR,ERR,ERR,ERR,ERR,ERR,ERR,ERR,ERR,ERR,ERR,ERR,ERR,ERR,ERR,ERR,ERR,ERR,ERR,ERR,ERR,ERR,ERR,ERR,ERR,ERR,ERR,ERR,ERR,ERR,ERR,ERR,ERR,ERR,ERR,ERR,ERR,ERR,ERR,ERR,ERR,ERR,ERR,ERR,ERR,ERR,ERR,ERR,ERR,ERR,ERR,ERR,ERR,ERR,ERR,ERR,ERR,ERR,ERR,ERR,ERR,ERR,ERR,ERR,ERR,ERR,ERR,ERR,ERR,ERR,ERR,ERR,ERR,ERR,ERR,ERR,ERR,ERR,ERR,ERR,ERR,ERR,ERR,ERR,ERR,ERR,ERR,ERR,ERR,ERR,ERR,ERR,ERR,ERR,ERR,ERR,ERR,ERR,ERR,ERR,ERR,ERR,ERR,ERR,ERR,ERR,ERR,ERR,ERR,ERR,ERR,ERR,ERR,ERR,ERR,ERR,ERR,ERR,ERR,ERR,ERR,ERR,ERR,2.7184312818759872e+23,0.0,-0.0,0.0,nan,1.3936040501711995e+18,7.805,118629576.0,0,0,4,48965,6720,14723890282496.0,100,0.0,0.0,0.0,0.0,0.0,0,0,0,0,0.0,0,0,0,0,0,0,0,0,0,0,0,0,0,0,0,0,0,0,0,0,0,0,0,0,0,0,0,0,0,0,0,0,0,26,51,50,76,65476,0,300,0,0,8,21553,0.0,-107605600.0,0.0,0.0,0.0,0.0,0.0,0.0,0.0,0.0,0.0,0.0,0.0,0.0,0.0,0.0,0.0,0.0,0.0,0.0,0.0,0.0,-2.004,0.0,-2.004,-2.004,0.0,0.0,0.0,0.0,4775.0,-0.0,7281.0,2.7184312818759872e+23,0.0,-0.0,-0.0,0.0,0.0,0.0,0.0,77,0.0,2.718415789493269e+23,0.0,0.0,0.0,0.0,0.0,0.0,0.0,0,0,0,0.0,0.0,0.0,0.0,0.0,0.0,0.0,0.0,0.0,0.0,0.0,0.0,0.0,0.0,0.0,0.0,0,-107875648.0,77,0.0,154,0.0,0.0,ERR,ERR,ERR,ERR,ERR,ERR,ERR,ERR,ERR,ERR,ERR,ERR,ERR,ERR,ERR,ERR,ERR,ERR,ERR,ERR,ERR,ERR,ERR,ERR,ERR,ERR,ERR,ERR,ERR,ERR,ERR,ERR,ERR,ERR,ERR,ERR,ERR,ERR,ERR,ERR,ERR,ERR,ERR,ERR,ERR,ERR,ERR,ERR,ERR,ERR,ERR,ERR,ERR,ERR,ERR,ERR,ERR,ERR,ERR,ERR,ERR,ERR,ERR,ERR,ERR,ERR,ERR,34.0,80.0,35,0.0,0.0,0.0,0.0,0.0,0.0,0.0,0.0,0.0,0.0,0.0,0.0,0.0,0.0,0.0,0.0,65.6,0,120,58,53,65476,0,300,0,0,8,20529,65476,0,0,57672,80.0,0.0,0.0,0.0,0.0,0.0
2026-06-18T02:38:26,ERR,ERR,ERR,ERR,ERR,ERR,ERR,ERR,ERR,ERR,ERR,ERR,ERR,ERR,ERR,ERR,ERR,ERR,ERR,ERR,ERR,ERR,ERR,ERR,ERR,ERR,ERR,ERR,ERR,ERR,ERR,ERR,ERR,ERR,ERR,ERR,ERR,ERR,ERR,ERR,ERR,ERR,ERR,ERR,ERR,ERR,ERR,ERR,ERR,ERR,ERR,ERR,ERR,ERR,ERR,ERR,ERR,ERR,ERR,ERR,ERR,ERR,ERR,ERR,ERR,ERR,ERR,ERR,ERR,ERR,ERR,ERR,ERR,ERR,ERR,ERR,ERR,ERR,ERR,ERR,ERR,ERR,ERR,ERR,ERR,ERR,ERR,ERR,ERR,ERR,ERR,ERR,ERR,ERR,ERR,ERR,ERR,ERR,ERR,ERR,ERR,ERR,ERR,ERR,ERR,ERR,ERR,ERR,ERR,ERR,ERR,ERR,ERR,ERR,ERR,ERR,ERR,ERR,ERR,ERR,ERR,ERR,ERR,ERR,ERR,2.7184312818759872e+23,0.0,0.0,-0.0,nan,1.3936040501711995e+18,7.805,2527533.5,0,0,4,48933,6720,14723890282496.0,100,0.0,0.0,0.0,-152005385388032.0,0.0,0,0,0,0,0.0,0,0,0,0,0,0,0,0,0,0,0,0,0,0,0,0,0,0,0,0,0,0,0,0,0,0,0,0,0,0,0,0,0,26,51,50,76,65476,0,300,0,0,8,21553,0.0,-107605600.0,0.0,0.0,0.0,0.0,0.0,0.0,0.0,0.0,0.0,0.0,0.0,0.0,0.0,0.0,0.0,0.0,0.0,0.0,0.0,0.0,-2.004,0.0,-2.004,-2.004,0.0,0.0,0.0,0.0,4773.0,1.587928030851661e+29,7278.0,2.7184312818759872e+23,0.0,-0.0,-0.0,0.0,0.0,0.0,0.0,77,0.0,89220.492,0.0,0.0,0.0,0.0,0.0,0.0,0.0,0,0,0,0.0,0.0,0.0,0.0,0.0,0.0,0.0,0.0,0.0,0.0,0.0,0.0,0.0,0.0,0.0,0.0,0,-107875648.0,77,0.0,154,0.0,0.0,ERR,ERR,ERR,ERR,ERR,ERR,ERR,ERR,ERR,ERR,ERR,ERR,ERR,ERR,ERR,ERR,ERR,ERR,ERR,ERR,ERR,ERR,ERR,ERR,ERR,ERR,ERR,ERR,ERR,ERR,ERR,ERR,ERR,ERR,ERR,ERR,ERR,ERR,ERR,ERR,ERR,ERR,ERR,ERR,ERR,ERR,ERR,ERR,ERR,ERR,ERR,ERR,ERR,ERR,ERR,ERR,ERR,ERR,ERR,ERR,ERR,ERR,ERR,ERR,ERR,ERR,ERR,34.0,80.0,35,0.0,0.0,0.0,0.0,0.0,0.0,0.0,0.0,0.0,0.0,0.0,0.0,0.0,0.0,0.0,0.0,65.6,0,120,58,53,65476,0,300,0,0,8,20529,65476,0,0,57672,80.0,0.0,0.0,0.0,0.0,0.0
2026-06-18T02:38:27,ERR,ERR,ERR,ERR,ERR,ERR,ERR,ERR,ERR,ERR,ERR,ERR,ERR,ERR,ERR,ERR,ERR,ERR,ERR,ERR,ERR,ERR,ERR,ERR,ERR,ERR,ERR,ERR,ERR,ERR,ERR,ERR,ERR,ERR,ERR,ERR,ERR,ERR,ERR,ERR,ERR,ERR,ERR,ERR,ERR,ERR,ERR,ERR,ERR,ERR,ERR,ERR,ERR,ERR,ERR,ERR,ERR,ERR,ERR,ERR,ERR,ERR,ERR,ERR,ERR,ERR,ERR,ERR,ERR,ERR,ERR,ERR,ERR,ERR,ERR,ERR,ERR,ERR,ERR,ERR,ERR,ERR,ERR,ERR,ERR,ERR,ERR,ERR,ERR,ERR,ERR,ERR,ERR,ERR,ERR,ERR,ERR,ERR,ERR,ERR,ERR,ERR,ERR,ERR,ERR,ERR,ERR,ERR,ERR,ERR,ERR,ERR,ERR,ERR,ERR,ERR,ERR,ERR,ERR,ERR,ERR,ERR,ERR,ERR,ERR,2.7184312818759872e+23,0.0,0.0,-0.0,nan,1.3936040501711995e+18,7.805,2527533.5,0,0,4,48933,6720,14723890282496.0,100,0.0,0.0,0.0,-152005385388032.0,0.0,0,0,0,0,0.0,0,0,0,0,0,0,0,0,0,0,0,0,0,0,0,0,0,0,0,0,0,0,0,0,0,0,0,0,0,0,0,0,0,26,51,50,76,65476,0,300,0,0,8,21553,0.0,-107605600.0,0.0,0.0,0.0,0.0,0.0,0.0,0.0,0.0,0.0,0.0,0.0,0.0,0.0,0.0,0.0,0.0,0.0,0.0,0.0,0.0,-2.004,0.0,-2.004,-2.004,0.0,0.0,0.0,0.0,4773.0,1.587928030851661e+29,7278.0,2.7184312818759872e+23,0.0,-0.0,-0.0,0.0,0.0,0.0,0.0,77,0.0,89220.492,0.0,0.0,0.0,0.0,0.0,0.0,0.0,0,0,0,0.0,0.0,0.0,0.0,0.0,0.0,0.0,0.0,0.0,0.0,0.0,0.0,0.0,0.0,0.0,0.0,0,-107875648.0,77,0.0,154,0.0,0.0,ERR,ERR,ERR,ERR,ERR,ERR,ERR,ERR,ERR,ERR,ERR,ERR,ERR,ERR,ERR,ERR,ERR,ERR,ERR,ERR,ERR,ERR,ERR,ERR,ERR,ERR,ERR,ERR,ERR,ERR,ERR,ERR,ERR,ERR,ERR,ERR,ERR,ERR,ERR,ERR,ERR,ERR,ERR,ERR,ERR,ERR,ERR,ERR,ERR,ERR,ERR,ERR,ERR,ERR,ERR,ERR,ERR,ERR,ERR,ERR,ERR,ERR,ERR,ERR,ERR,ERR,ERR,34.0,80.0,35,0.0,0.0,0.0,0.0,0.0,0.0,0.0,0.0,0.0,0.0,0.0,0.0,0.0,0.0,0.0,0.0,65.6,0,120,58,53,65476,0,300,0,0,8,20529,65476,0,0,57672,80.0,0.0,0.0,0.0,0.0,0.0
2026-06-18T02:38:28,ERR,ERR,ERR,ERR,ERR,ERR,ERR,ERR,ERR,ERR,ERR,ERR,ERR,ERR,ERR,ERR,ERR,ERR,ERR,ERR,ERR,ERR,ERR,ERR,ERR,ERR,ERR,ERR,ERR,ERR,ERR,ERR,ERR,ERR,ERR,ERR,ERR,ERR,ERR,ERR,ERR,ERR,ERR,ERR,ERR,ERR,ERR,ERR,ERR,ERR,ERR,ERR,ERR,ERR,ERR,ERR,ERR,ERR,ERR,ERR,ERR,ERR,ERR,ERR,ERR,ERR,ERR,ERR,ERR,ERR,ERR,ERR,ERR,ERR,ERR,ERR,ERR,ERR,ERR,ERR,ERR,ERR,ERR,ERR,ERR,ERR,ERR,ERR,ERR,ERR,ERR,ERR,ERR,ERR,ERR,ERR,ERR,ERR,ERR,ERR,ERR,ERR,ERR,ERR,ERR,ERR,ERR,ERR,ERR,ERR,ERR,ERR,ERR,ERR,ERR,ERR,ERR,ERR,ERR,ERR,ERR,ERR,ERR,ERR,ERR,2.7184312818759872e+23,0.0,0.0,-0.0,nan,1.3936040501711995e+18,7.805,2527533.5,0,0,4,48933,6720,14723890282496.0,100,0.0,0.0,0.0,-152005385388032.0,0.0,0,0,0,0,0.0,0,0,0,0,0,0,0,0,0,0,0,0,0,0,0,0,0,0,0,0,0,0,0,0,0,0,0,0,0,0,0,0,0,26,51,50,76,65476,0,300,0,0,8,21553,0.0,-107605600.0,0.0,0.0,0.0,0.0,0.0,0.0,0.0,0.0,0.0,0.0,0.0,0.0,0.0,0.0,0.0,0.0,0.0,0.0,0.0,0.0,-2.004,0.0,-2.004,-2.004,0.0,0.0,0.0,0.0,4773.0,1.587928030851661e+29,7278.0,2.7184312818759872e+23,0.0,-0.0,-0.0,0.0,0.0,0.0,0.0,77,0.0,89220.492,0.0,0.0,0.0,0.0,0.0,0.0,0.0,0,0,0,0.0,0.0,0.0,0.0,0.0,0.0,0.0,0.0,0.0,0.0,0.0,0.0,0.0,0.0,0.0,0.0,0,-107875648.0,77,0.0,154,0.0,0.0,ERR,ERR,ERR,ERR,ERR,ERR,ERR,ERR,ERR,ERR,ERR,ERR,ERR,ERR,ERR,ERR,ERR,ERR,ERR,ERR,ERR,ERR,ERR,ERR,ERR,ERR,ERR,ERR,ERR,ERR,ERR,ERR,ERR,ERR,ERR,ERR,ERR,ERR,ERR,ERR,ERR,ERR,ERR,ERR,ERR,ERR,ERR,ERR,ERR,ERR,ERR,ERR,ERR,ERR,ERR,ERR,ERR,ERR,ERR,ERR,ERR,ERR,ERR,ERR,ERR,ERR,ERR,34.0,80.0,35,0.0,0.0,0.0,0.0,0.0,0.0,0.0,0.0,0.0,0.0,0.0,0.0,0.0,0.0,0.0,0.0,65.6,0,120,58,53,65476,0,300,0,0,8,20529,65476,0,0,57672,80.0,0.0,0.0,0.0,0.0,0.0
2026-06-18T02:38:29,ERR,ERR,ERR,ERR,ERR,ERR,ERR,ERR,ERR,ERR,ERR,ERR,ERR,ERR,ERR,ERR,ERR,ERR,ERR,ERR,ERR,ERR,ERR,ERR,ERR,ERR,ERR,ERR,ERR,ERR,ERR,ERR,ERR,ERR,ERR,ERR,ERR,ERR,ERR,ERR,ERR,ERR,ERR,ERR,ERR,ERR,ERR,ERR,ERR,ERR,ERR,ERR,ERR,ERR,ERR,ERR,ERR,ERR,ERR,ERR,ERR,ERR,ERR,ERR,ERR,ERR,ERR,ERR,ERR,ERR,ERR,ERR,ERR,ERR,ERR,ERR,ERR,ERR,ERR,ERR,ERR,ERR,ERR,ERR,ERR,ERR,ERR,ERR,ERR,ERR,ERR,ERR,ERR,ERR,ERR,ERR,ERR,ERR,ERR,ERR,ERR,ERR,ERR,ERR,ERR,ERR,ERR,ERR,ERR,ERR,ERR,ERR,ERR,ERR,ERR,ERR,ERR,ERR,ERR,ERR,ERR,ERR,ERR,ERR,ERR,2.7184312818759872e+23,0.0,0.0,-0.0,nan,1.3936040501711995e+18,7.805,2527533.5,0,0,4,48933,6720,14723890282496.0,100,0.0,0.0,0.0,-152005385388032.0,0.0,0,0,0,0,0.0,0,0,0,0,0,0,0,0,0,0,0,0,0,0,0,0,0,0,0,0,0,0,0,0,0,0,0,0,0,0,0,0,0,26,51,50,76,65476,0,300,0,0,8,21553,0.0,-107605600.0,0.0,0.0,0.0,0.0,0.0,0.0,0.0,0.0,0.0,0.0,0.0,0.0,0.0,0.0,0.0,0.0,0.0,0.0,0.0,0.0,-2.004,0.0,-2.004,-2.004,0.0,0.0,0.0,0.0,4773.0,1.587928030851661e+29,7278.0,2.7184312818759872e+23,0.0,-0.0,-0.0,0.0,0.0,0.0,0.0,77,0.0,89220.492,0.0,0.0,0.0,0.0,0.0,0.0,0.0,0,0,0,0.0,0.0,0.0,0.0,0.0,0.0,0.0,0.0,0.0,0.0,0.0,0.0,0.0,0.0,0.0,0.0,0,-107875648.0,77,0.0,154,0.0,0.0,ERR,ERR,ERR,ERR,ERR,ERR,ERR,ERR,ERR,ERR,ERR,ERR,ERR,ERR,ERR,ERR,ERR,ERR,ERR,ERR,ERR,ERR,ERR,ERR,ERR,ERR,ERR,ERR,ERR,ERR,ERR,ERR,ERR,ERR,ERR,ERR,ERR,ERR,ERR,ERR,ERR,ERR,ERR,ERR,ERR,ERR,ERR,ERR,ERR,ERR,ERR,ERR,ERR,ERR,ERR,ERR,ERR,ERR,ERR,ERR,ERR,ERR,ERR,ERR,ERR,ERR,ERR,34.0,80.0,35,0.0,0.0,0.0,0.0,0.0,0.0,0.0,0.0,0.0,0.0,0.0,0.0,0.0,0.0,0.0,0.0,65.6,0,120,58,53,65476,0,300,0,0,8,20529,65476,0,0,57672,80.0,0.0,0.0,0.0,0.0,0.0
2026-06-18T02:38:30,ERR,ERR,ERR,ERR,ERR,ERR,ERR,ERR,ERR,ERR,ERR,ERR,ERR,ERR,ERR,ERR,ERR,ERR,ERR,ERR,ERR,ERR,ERR,ERR,ERR,ERR,ERR,ERR,ERR,ERR,ERR,ERR,ERR,ERR,ERR,ERR,ERR,ERR,ERR,ERR,ERR,ERR,ERR,ERR,ERR,ERR,ERR,ERR,ERR,ERR,ERR,ERR,ERR,ERR,ERR,ERR,ERR,ERR,ERR,ERR,ERR,ERR,ERR,ERR,ERR,ERR,ERR,ERR,ERR,ERR,ERR,ERR,ERR,ERR,ERR,ERR,ERR,ERR,ERR,ERR,ERR,ERR,ERR,ERR,ERR,ERR,ERR,ERR,ERR,ERR,ERR,ERR,ERR,ERR,ERR,ERR,ERR,ERR,ERR,ERR,ERR,ERR,ERR,ERR,ERR,ERR,ERR,ERR,ERR,ERR,ERR,ERR,ERR,ERR,ERR,ERR,ERR,ERR,ERR,ERR,ERR,ERR,ERR,ERR,ERR,2.7184312818759872e+23,0.0,0.0,-0.0,nan,1.3936040501711995e+18,7.805,2527533.5,0,0,4,48933,6720,14723890282496.0,100,0.0,0.0,0.0,-152005385388032.0,0.0,0,0,0,0,0.0,0,0,0,0,0,0,0,0,0,0,0,0,0,0,0,0,0,0,0,0,0,0,0,0,0,0,0,0,0,0,0,0,0,26,51,50,76,65476,0,300,0,0,8,21553,0.0,-107605600.0,0.0,0.0,0.0,0.0,0.0,0.0,0.0,0.0,0.0,0.0,0.0,0.0,0.0,0.0,0.0,0.0,0.0,0.0,0.0,0.0,-2.004,0.0,-2.004,-2.004,0.0,0.0,0.0,0.0,4773.0,1.587928030851661e+29,7278.0,2.7184312818759872e+23,0.0,-0.0,-0.0,0.0,0.0,0.0,0.0,77,0.0,89220.492,0.0,0.0,0.0,0.0,0.0,0.0,0.0,0,0,0,0.0,0.0,0.0,0.0,0.0,0.0,0.0,0.0,0.0,0.0,0.0,0.0,0.0,0.0,0.0,0.0,0,-107875648.0,77,0.0,154,0.0,0.0,ERR,ERR,ERR,ERR,ERR,ERR,ERR,ERR,ERR,ERR,ERR,ERR,ERR,ERR,ERR,ERR,ERR,ERR,ERR,ERR,ERR,ERR,ERR,ERR,ERR,ERR,ERR,ERR,ERR,ERR,ERR,ERR,ERR,ERR,ERR,ERR,ERR,ERR,ERR,ERR,ERR,ERR,ERR,ERR,ERR,ERR,ERR,ERR,ERR,ERR,ERR,ERR,ERR,ERR,ERR,ERR,ERR,ERR,ERR,ERR,ERR,ERR,ERR,ERR,ERR,ERR,ERR,34.0,80.0,35,0.0,0.0,0.0,0.0,0.0,0.0,0.0,0.0,0.0,0.0,0.0,0.0,0.0,0.0,0.0,0.0,65.6,0,120,58,53,65476,0,300,0,0,8,20529,65476,0,0,57672,80.0,0.0,0.0,0.0,0.0,0.0
2026-06-18T02:38:31,ERR,ERR,ERR,ERR,ERR,ERR,ERR,ERR,ERR,ERR,ERR,ERR,ERR,ERR,ERR,ERR,ERR,ERR,ERR,ERR,ERR,ERR,ERR,ERR,ERR,ERR,ERR,ERR,ERR,ERR,ERR,ERR,ERR,ERR,ERR,ERR,ERR,ERR,ERR,ERR,ERR,ERR,ERR,ERR,ERR,ERR,ERR,ERR,ERR,ERR,ERR,ERR,ERR,ERR,ERR,ERR,ERR,ERR,ERR,ERR,ERR,ERR,ERR,ERR,ERR,ERR,ERR,ERR,ERR,ERR,ERR,ERR,ERR,ERR,ERR,ERR,ERR,ERR,ERR,ERR,ERR,ERR,ERR,ERR,ERR,ERR,ERR,ERR,ERR,ERR,ERR,ERR,ERR,ERR,ERR,ERR,ERR,ERR,ERR,ERR,ERR,ERR,ERR,ERR,ERR,ERR,ERR,ERR,ERR,ERR,ERR,ERR,ERR,ERR,ERR,ERR,ERR,ERR,ERR,ERR,ERR,ERR,ERR,ERR,ERR,2.7184312818759872e+23,0.0,-0.0,-0.0,nan,1.3936040501711995e+18,7.805,1.182,0,0,4,48966,6720,14723890282496.0,100,0.0,0.0,0.0,-0.0,0.0,0,0,0,0,0.0,0,0,0,0,0,0,0,0,0,0,0,0,0,0,0,0,0,0,0,0,0,0,0,0,0,0,0,0,0,0,0,0,0,26,51,50,76,65476,0,300,0,0,8,21553,0.0,-107605600.0,0.0,0.0,0.0,0.0,0.0,0.0,0.0,0.0,0.0,0.0,0.0,0.0,0.0,0.0,0.0,0.0,0.0,0.0,0.0,0.0,-2.004,0.0,-2.004,-2.004,0.0,0.0,0.0,0.0,4771.0,-0.0,7280.0,2.7184312818759872e+23,0.0,-0.0,-0.0,0.0,0.0,0.0,0.0,77,0.0,1.905684376578949e+17,0.0,0.0,0.0,0.0,0.0,0.0,0.0,0,0,0,0.0,0.0,0.0,0.0,0.0,0.0,0.0,0.0,0.0,0.0,0.0,0.0,0.0,0.0,0.0,0.0,0,-107875648.0,77,0.0,154,0.0,0.0,ERR,ERR,ERR,ERR,ERR,ERR,ERR,ERR,ERR,ERR,ERR,ERR,ERR,ERR,ERR,ERR,ERR,ERR,ERR,ERR,ERR,ERR,ERR,ERR,ERR,ERR,ERR,ERR,ERR,ERR,ERR,ERR,ERR,ERR,ERR,ERR,ERR,ERR,ERR,ERR,ERR,ERR,ERR,ERR,ERR,ERR,ERR,ERR,ERR,ERR,ERR,ERR,ERR,ERR,ERR,ERR,ERR,ERR,ERR,ERR,ERR,ERR,ERR,ERR,ERR,ERR,ERR,34.0,80.0,35,0.0,0.0,0.0,0.0,0.0,0.0,0.0,0.0,0.0,0.0,0.0,0.0,0.0,0.0,0.0,0.0,65.6,0,120,58,53,65476,0,300,0,0,8,20529,65476,0,0,57672,80.0,0.0,0.0,0.0,0.0,0.0
2026-06-18T02:38:32,ERR,ERR,ERR,ERR,ERR,ERR,ERR,ERR,ERR,ERR,ERR,ERR,ERR,ERR,ERR,ERR,ERR,ERR,ERR,ERR,ERR,ERR,ERR,ERR,ERR,ERR,ERR,ERR,ERR,ERR,ERR,ERR,ERR,ERR,ERR,ERR,ERR,ERR,ERR,ERR,ERR,ERR,ERR,ERR,ERR,ERR,ERR,ERR,ERR,ERR,ERR,ERR,ERR,ERR,ERR,ERR,ERR,ERR,ERR,ERR,ERR,ERR,ERR,ERR,ERR,ERR,ERR,ERR,ERR,ERR,ERR,ERR,ERR,ERR,ERR,ERR,ERR,ERR,ERR,ERR,ERR,ERR,ERR,ERR,ERR,ERR,ERR,ERR,ERR,ERR,ERR,ERR,ERR,ERR,ERR,ERR,ERR,ERR,ERR,ERR,ERR,ERR,ERR,ERR,ERR,ERR,ERR,ERR,ERR,ERR,ERR,ERR,ERR,ERR,ERR,ERR,ERR,ERR,ERR,ERR,ERR,ERR,ERR,ERR,ERR,2.7184312818759872e+23,0.0,-0.0,-0.0,nan,1.3936040501711995e+18,7.805,1.182,0,0,4,48966,6720,14723890282496.0,100,0.0,0.0,0.0,-0.0,0.0,0,0,0,0,0.0,0,0,0,0,0,0,0,0,0,0,0,0,0,0,0,0,0,0,0,0,0,0,0,0,0,0,0,0,0,0,0,0,0,26,51,50,76,65476,0,300,0,0,8,21553,0.0,-107605600.0,0.0,0.0,0.0,0.0,0.0,0.0,0.0,0.0,0.0,0.0,0.0,0.0,0.0,0.0,0.0,0.0,0.0,0.0,0.0,0.0,-2.004,0.0,-2.004,-2.004,0.0,0.0,0.0,0.0,4771.0,-0.0,7280.0,2.7184312818759872e+23,0.0,-0.0,-0.0,0.0,0.0,0.0,0.0,77,0.0,1.905684376578949e+17,0.0,0.0,0.0,0.0,0.0,0.0,0.0,0,0,0,0.0,0.0,0.0,0.0,0.0,0.0,0.0,0.0,0.0,0.0,0.0,0.0,0.0,0.0,0.0,0.0,0,-107875648.0,77,0.0,154,0.0,0.0,ERR,ERR,ERR,ERR,ERR,ERR,ERR,ERR,ERR,ERR,ERR,ERR,ERR,ERR,ERR,ERR,ERR,ERR,ERR,ERR,ERR,ERR,ERR,ERR,ERR,ERR,ERR,ERR,ERR,ERR,ERR,ERR,ERR,ERR,ERR,ERR,ERR,ERR,ERR,ERR,ERR,ERR,ERR,ERR,ERR,ERR,ERR,ERR,ERR,ERR,ERR,ERR,ERR,ERR,ERR,ERR,ERR,ERR,ERR,ERR,ERR,ERR,ERR,ERR,ERR,ERR,ERR,34.0,80.0,35,0.0,0.0,0.0,0.0,0.0,0.0,0.0,0.0,0.0,0.0,0.0,0.0,0.0,0.0,0.0,0.0,65.6,0,120,58,53,65476,0,300,0,0,8,20529,65476,0,0,57672,80.0,0.0,0.0,0.0,0.0,0.0
2026-06-18T02:38:33,ERR,ERR,ERR,ERR,ERR,ERR,ERR,ERR,ERR,ERR,ERR,ERR,ERR,ERR,ERR,ERR,ERR,ERR,ERR,ERR,ERR,ERR,ERR,ERR,ERR,ERR,ERR,ERR,ERR,ERR,ERR,ERR,ERR,ERR,ERR,ERR,ERR,ERR,ERR,ERR,ERR,ERR,ERR,ERR,ERR,ERR,ERR,ERR,ERR,ERR,ERR,ERR,ERR,ERR,ERR,ERR,ERR,ERR,ERR,ERR,ERR,ERR,ERR,ERR,ERR,ERR,ERR,ERR,ERR,ERR,ERR,ERR,ERR,ERR,ERR,ERR,ERR,ERR,ERR,ERR,ERR,ERR,ERR,ERR,ERR,ERR,ERR,ERR,ERR,ERR,ERR,ERR,ERR,ERR,ERR,ERR,ERR,ERR,ERR,ERR,ERR,ERR,ERR,ERR,ERR,ERR,ERR,ERR,ERR,ERR,ERR,ERR,ERR,ERR,ERR,ERR,ERR,ERR,ERR,ERR,ERR,ERR,ERR,ERR,ERR,2.7184312818759872e+23,0.0,-0.0,-0.0,nan,1.3936040501711995e+18,7.805,1.182,0,0,4,48966,6720,14723890282496.0,100,0.0,0.0,0.0,-0.0,0.0,0,0,0,0,0.0,0,0,0,0,0,0,0,0,0,0,0,0,0,0,0,0,0,0,0,0,0,0,0,0,0,0,0,0,0,0,0,0,0,26,51,50,76,65476,0,300,0,0,8,21553,0.0,-107605600.0,0.0,0.0,0.0,0.0,0.0,0.0,0.0,0.0,0.0,0.0,0.0,0.0,0.0,0.0,0.0,0.0,0.0,0.0,0.0,0.0,-2.004,0.0,-2.004,-2.004,0.0,0.0,0.0,0.0,4771.0,-0.0,7280.0,2.7184312818759872e+23,0.0,-0.0,-0.0,0.0,0.0,0.0,0.0,77,0.0,1.905684376578949e+17,0.0,0.0,0.0,0.0,0.0,0.0,0.0,0,0,0,0.0,0.0,0.0,0.0,0.0,0.0,0.0,0.0,0.0,0.0,0.0,0.0,0.0,0.0,0.0,0.0,0,-107875648.0,77,0.0,154,0.0,0.0,ERR,ERR,ERR,ERR,ERR,ERR,ERR,ERR,ERR,ERR,ERR,ERR,ERR,ERR,ERR,ERR,ERR,ERR,ERR,ERR,ERR,ERR,ERR,ERR,ERR,ERR,ERR,ERR,ERR,ERR,ERR,ERR,ERR,ERR,ERR,ERR,ERR,ERR,ERR,ERR,ERR,ERR,ERR,ERR,ERR,ERR,ERR,ERR,ERR,ERR,ERR,ERR,ERR,ERR,ERR,ERR,ERR,ERR,ERR,ERR,ERR,ERR,ERR,ERR,ERR,ERR,ERR,34.0,80.0,35,0.0,0.0,0.0,0.0,0.0,0.0,0.0,0.0,0.0,0.0,0.0,0.0,0.0,0.0,0.0,0.0,65.6,0,120,58,53,65476,0,300,0,0,8,20529,65476,0,0,57672,80.0,0.0,0.0,0.0,0.0,0.0
2026-06-18T02:38:34,ERR,ERR,ERR,ERR,ERR,ERR,ERR,ERR,ERR,ERR,ERR,ERR,ERR,ERR,ERR,ERR,ERR,ERR,ERR,ERR,ERR,ERR,ERR,ERR,ERR,ERR,ERR,ERR,ERR,ERR,ERR,ERR,ERR,ERR,ERR,ERR,ERR,ERR,ERR,ERR,ERR,ERR,ERR,ERR,ERR,ERR,ERR,ERR,ERR,ERR,ERR,ERR,ERR,ERR,ERR,ERR,ERR,ERR,ERR,ERR,ERR,ERR,ERR,ERR,ERR,ERR,ERR,ERR,ERR,ERR,ERR,ERR,ERR,ERR,ERR,ERR,ERR,ERR,ERR,ERR,ERR,ERR,ERR,ERR,ERR,ERR,ERR,ERR,ERR,ERR,ERR,ERR,ERR,ERR,ERR,ERR,ERR,ERR,ERR,ERR,ERR,ERR,ERR,ERR,ERR,ERR,ERR,ERR,ERR,ERR,ERR,ERR,ERR,ERR,ERR,ERR,ERR,ERR,ERR,ERR,ERR,ERR,ERR,ERR,ERR,2.7184312818759872e+23,0.0,-0.0,-0.0,nan,1.3936040501711995e+18,7.805,1.182,0,0,4,48966,6720,14723890282496.0,100,0.0,0.0,0.0,-0.0,0.0,0,0,0,0,0.0,0,0,0,0,0,0,0,0,0,0,0,0,0,0,0,0,0,0,0,0,0,0,0,0,0,0,0,0,0,0,0,0,0,26,51,50,76,65476,0,300,0,0,8,21553,0.0,-107605600.0,0.0,0.0,0.0,0.0,0.0,0.0,0.0,0.0,0.0,0.0,0.0,0.0,0.0,0.0,0.0,0.0,0.0,0.0,0.0,0.0,-2.004,0.0,-2.004,-2.004,0.0,0.0,0.0,0.0,4771.0,-0.0,7280.0,2.7184312818759872e+23,0.0,-0.0,-0.0,0.0,0.0,0.0,0.0,77,0.0,1.905684376578949e+17,0.0,0.0,0.0,0.0,0.0,0.0,0.0,0,0,0,0.0,0.0,0.0,0.0,0.0,0.0,0.0,0.0,0.0,0.0,0.0,0.0,0.0,0.0,0.0,0.0,0,-107875648.0,77,0.0,154,0.0,0.0,ERR,ERR,ERR,ERR,ERR,ERR,ERR,ERR,ERR,ERR,ERR,ERR,ERR,ERR,ERR,ERR,ERR,ERR,ERR,ERR,ERR,ERR,ERR,ERR,ERR,ERR,ERR,ERR,ERR,ERR,ERR,ERR,ERR,ERR,ERR,ERR,ERR,ERR,ERR,ERR,ERR,ERR,ERR,ERR,ERR,ERR,ERR,ERR,ERR,ERR,ERR,ERR,ERR,ERR,ERR,ERR,ERR,ERR,ERR,ERR,ERR,ERR,ERR,ERR,ERR,ERR,ERR,34.0,80.0,35,0.0,0.0,0.0,0.0,0.0,0.0,0.0,0.0,0.0,0.0,0.0,0.0,0.0,0.0,0.0,0.0,65.6,0,120,58,53,65476,0,300,0,0,8,20529,65476,0,0,57672,80.0,0.0,0.0,0.0,0.0,0.0
2026-06-18T02:38:35,ERR,ERR,ERR,ERR,ERR,ERR,ERR,ERR,ERR,ERR,ERR,ERR,ERR,ERR,ERR,ERR,ERR,ERR,ERR,ERR,ERR,ERR,ERR,ERR,ERR,ERR,ERR,ERR,ERR,ERR,ERR,ERR,ERR,ERR,ERR,ERR,ERR,ERR,ERR,ERR,ERR,ERR,ERR,ERR,ERR,ERR,ERR,ERR,ERR,ERR,ERR,ERR,ERR,ERR,ERR,ERR,ERR,ERR,ERR,ERR,ERR,ERR,ERR,ERR,ERR,ERR,ERR,ERR,ERR,ERR,ERR,ERR,ERR,ERR,ERR,ERR,ERR,ERR,ERR,ERR,ERR,ERR,ERR,ERR,ERR,ERR,ERR,ERR,ERR,ERR,ERR,ERR,ERR,ERR,ERR,ERR,ERR,ERR,ERR,ERR,ERR,ERR,ERR,ERR,ERR,ERR,ERR,ERR,ERR,ERR,ERR,ERR,ERR,ERR,ERR,ERR,ERR,ERR,ERR,ERR,ERR,ERR,ERR,ERR,ERR,2.7184312818759872e+23,0.0,-0.0,-0.0,nan,1.3936040501711995e+18,7.805,1.182,0,0,4,48966,6720,14723890282496.0,100,0.0,0.0,0.0,-0.0,0.0,0,0,0,0,0.0,0,0,0,0,0,0,0,0,0,0,0,0,0,0,0,0,0,0,0,0,0,0,0,0,0,0,0,0,0,0,0,0,0,26,51,50,76,65476,0,300,0,0,8,21553,0.0,-107605600.0,0.0,0.0,0.0,0.0,0.0,0.0,0.0,0.0,0.0,0.0,0.0,0.0,0.0,0.0,0.0,0.0,0.0,0.0,0.0,0.0,-2.004,0.0,-2.004,-2.004,0.0,0.0,0.0,0.0,4771.0,-0.0,7280.0,2.7184312818759872e+23,0.0,-0.0,-0.0,0.0,0.0,0.0,0.0,77,0.0,1.905684376578949e+17,0.0,0.0,0.0,0.0,0.0,0.0,0.0,0,0,0,0.0,0.0,0.0,0.0,0.0,0.0,0.0,0.0,0.0,0.0,0.0,0.0,0.0,0.0,0.0,0.0,0,-107875648.0,77,0.0,154,0.0,0.0,ERR,ERR,ERR,ERR,ERR,ERR,ERR,ERR,ERR,ERR,ERR,ERR,ERR,ERR,ERR,ERR,ERR,ERR,ERR,ERR,ERR,ERR,ERR,ERR,ERR,ERR,ERR,ERR,ERR,ERR,ERR,ERR,ERR,ERR,ERR,ERR,ERR,ERR,ERR,ERR,ERR,ERR,ERR,ERR,ERR,ERR,ERR,ERR,ERR,ERR,ERR,ERR,ERR,ERR,ERR,ERR,ERR,ERR,ERR,ERR,ERR,ERR,ERR,ERR,ERR,ERR,ERR,34.0,80.0,35,0.0,0.0,0.0,0.0,0.0,0.0,0.0,0.0,0.0,0.0,0.0,0.0,0.0,0.0,0.0,0.0,65.6,0,120,58,53,65476,0,300,0,0,8,20529,65476,0,0,57672,80.0,0.0,0.0,0.0,0.0,0.0
2026-06-18T02:38:36,ERR,ERR,ERR,ERR,ERR,ERR,ERR,ERR,ERR,ERR,ERR,ERR,ERR,ERR,ERR,ERR,ERR,ERR,ERR,ERR,ERR,ERR,ERR,ERR,ERR,ERR,ERR,ERR,ERR,ERR,ERR,ERR,ERR,ERR,ERR,ERR,ERR,ERR,ERR,ERR,ERR,ERR,ERR,ERR,ERR,ERR,ERR,ERR,ERR,ERR,ERR,ERR,ERR,ERR,ERR,ERR,ERR,ERR,ERR,ERR,ERR,ERR,ERR,ERR,ERR,ERR,ERR,ERR,ERR,ERR,ERR,ERR,ERR,ERR,ERR,ERR,ERR,ERR,ERR,ERR,ERR,ERR,ERR,ERR,ERR,ERR,ERR,ERR,ERR,ERR,ERR,ERR,ERR,ERR,ERR,ERR,ERR,ERR,ERR,ERR,ERR,ERR,ERR,ERR,ERR,ERR,ERR,ERR,ERR,ERR,ERR,ERR,ERR,ERR,ERR,ERR,ERR,ERR,ERR,ERR,ERR,ERR,ERR,ERR,ERR,2.7184312818759872e+23,0.0,0.0,-4.9501291711397626e+32,1.592,1.3936040501711995e+18,7.805,0.0,0,0,4,48957,6720,14723890282496.0,100,0.0,0.0,0.0,0.0,0.0,0,0,0,0,0.0,0,0,0,0,0,0,0,0,0,0,0,0,0,0,0,0,0,0,0,0,0,0,0,0,0,0,0,0,0,0,0,0,0,26,51,50,76,65476,0,300,0,0,8,21553,0.0,-107605600.0,0.0,0.0,0.0,0.0,0.0,0.0,0.0,0.0,0.0,0.0,0.0,0.0,0.0,0.0,0.0,0.0,0.0,0.0,0.0,0.0,-2.004,0.0,-2.004,-2.004,0.0,0.0,0.0,0.0,4774.0,-2.004,7288.0,2.7184312818759872e+23,0.0,-0.0,-0.0,0.0,0.0,0.0,0.0,77,0.0,-0.0,0.0,0.0,0.0,0.0,0.0,0.0,0.0,0,0,0,0.0,0.0,0.0,0.0,0.0,0.0,0.0,0.0,0.0,0.0,0.0,0.0,0.0,0.0,0.0,0.0,0,-107875648.0,77,0.0,154,0.0,0.0,ERR,ERR,ERR,ERR,ERR,ERR,ERR,ERR,ERR,ERR,ERR,ERR,ERR,ERR,ERR,ERR,ERR,ERR,ERR,ERR,ERR,ERR,ERR,ERR,ERR,ERR,ERR,ERR,ERR,ERR,ERR,ERR,ERR,ERR,ERR,ERR,ERR,ERR,ERR,ERR,ERR,ERR,ERR,ERR,ERR,ERR,ERR,ERR,ERR,ERR,ERR,ERR,ERR,ERR,ERR,ERR,ERR,ERR,ERR,ERR,ERR,ERR,ERR,ERR,ERR,ERR,ERR,34.0,80.0,35,0.0,0.0,0.0,0.0,0.0,0.0,0.0,0.0,0.0,0.0,0.0,0.0,0.0,0.0,0.0,0.0,66.4,0,120,58,53,65476,0,300,0,0,8,20529,65476,0,0,57672,80.0,0.0,0.0,0.0,0.0,0.0
2026-06-18T02:38:37,ERR,ERR,ERR,ERR,ERR,ERR,ERR,ERR,ERR,ERR,ERR,ERR,ERR,ERR,ERR,ERR,ERR,ERR,ERR,ERR,ERR,ERR,ERR,ERR,ERR,ERR,ERR,ERR,ERR,ERR,ERR,ERR,ERR,ERR,ERR,ERR,ERR,ERR,ERR,ERR,ERR,ERR,ERR,ERR,ERR,ERR,ERR,ERR,ERR,ERR,ERR,ERR,ERR,ERR,ERR,ERR,ERR,ERR,ERR,ERR,ERR,ERR,ERR,ERR,ERR,ERR,ERR,ERR,ERR,ERR,ERR,ERR,ERR,ERR,ERR,ERR,ERR,ERR,ERR,ERR,ERR,ERR,ERR,ERR,ERR,ERR,ERR,ERR,ERR,ERR,ERR,ERR,ERR,ERR,ERR,ERR,ERR,ERR,ERR,ERR,ERR,ERR,ERR,ERR,ERR,ERR,ERR,ERR,ERR,ERR,ERR,ERR,ERR,ERR,ERR,ERR,ERR,ERR,ERR,ERR,ERR,ERR,ERR,ERR,ERR,2.7184312818759872e+23,0.0,0.0,-4.9501291711397626e+32,1.592,1.3936040501711995e+18,7.805,0.0,0,0,4,48957,6720,14723890282496.0,100,0.0,0.0,0.0,0.0,0.0,0,0,0,0,0.0,0,0,0,0,0,0,0,0,0,0,0,0,0,0,0,0,0,0,0,0,0,0,0,0,0,0,0,0,0,0,0,0,0,26,51,50,76,65476,0,300,0,0,8,21553,0.0,-107605600.0,0.0,0.0,0.0,0.0,0.0,0.0,0.0,0.0,0.0,0.0,0.0,0.0,0.0,0.0,0.0,0.0,0.0,0.0,0.0,0.0,-2.004,0.0,-2.004,-2.004,0.0,0.0,0.0,0.0,4774.0,-2.004,7288.0,2.7184312818759872e+23,0.0,-0.0,-0.0,0.0,0.0,0.0,0.0,77,0.0,-0.0,0.0,0.0,0.0,0.0,0.0,0.0,0.0,0,0,0,0.0,0.0,0.0,0.0,0.0,0.0,0.0,0.0,0.0,0.0,0.0,0.0,0.0,0.0,0.0,0.0,0,-107875648.0,77,0.0,154,0.0,0.0,ERR,ERR,ERR,ERR,ERR,ERR,ERR,ERR,ERR,ERR,ERR,ERR,ERR,ERR,ERR,ERR,ERR,ERR,ERR,ERR,ERR,ERR,ERR,ERR,ERR,ERR,ERR,ERR,ERR,ERR,ERR,ERR,ERR,ERR,ERR,ERR,ERR,ERR,ERR,ERR,ERR,ERR,ERR,ERR,ERR,ERR,ERR,ERR,ERR,ERR,ERR,ERR,ERR,ERR,ERR,ERR,ERR,ERR,ERR,ERR,ERR,ERR,ERR,ERR,ERR,ERR,ERR,34.0,80.0,35,0.0,0.0,0.0,0.0,0.0,0.0,0.0,0.0,0.0,0.0,0.0,0.0,0.0,0.0,0.0,0.0,66.4,0,120,58,53,65476,0,300,0,0,8,20529,65476,0,0,57672,80.0,0.0,0.0,0.0,0.0,0.0
2026-06-18T02:38:38,ERR,ERR,ERR,ERR,ERR,ERR,ERR,ERR,ERR,ERR,ERR,ERR,ERR,ERR,ERR,ERR,ERR,ERR,ERR,ERR,ERR,ERR,ERR,ERR,ERR,ERR,ERR,ERR,ERR,ERR,ERR,ERR,ERR,ERR,ERR,ERR,ERR,ERR,ERR,ERR,ERR,ERR,ERR,ERR,ERR,ERR,ERR,ERR,ERR,ERR,ERR,ERR,ERR,ERR,ERR,ERR,ERR,ERR,ERR,ERR,ERR,ERR,ERR,ERR,ERR,ERR,ERR,ERR,ERR,ERR,ERR,ERR,ERR,ERR,ERR,ERR,ERR,ERR,ERR,ERR,ERR,ERR,ERR,ERR,ERR,ERR,ERR,ERR,ERR,ERR,ERR,ERR,ERR,ERR,ERR,ERR,ERR,ERR,ERR,ERR,ERR,ERR,ERR,ERR,ERR,ERR,ERR,ERR,ERR,ERR,ERR,ERR,ERR,ERR,ERR,ERR,ERR,ERR,ERR,ERR,ERR,ERR,ERR,ERR,ERR,2.7184312818759872e+23,0.0,0.0,-4.9501291711397626e+32,1.592,1.3936040501711995e+18,7.805,0.0,0,0,4,48957,6720,14723890282496.0,100,0.0,0.0,0.0,0.0,0.0,0,0,0,0,0.0,0,0,0,0,0,0,0,0,0,0,0,0,0,0,0,0,0,0,0,0,0,0,0,0,0,0,0,0,0,0,0,0,0,26,51,50,76,65476,0,300,0,0,8,21553,0.0,-107605600.0,0.0,0.0,0.0,0.0,0.0,0.0,0.0,0.0,0.0,0.0,0.0,0.0,0.0,0.0,0.0,0.0,0.0,0.0,0.0,0.0,-2.004,0.0,-2.004,-2.004,0.0,0.0,0.0,0.0,4774.0,-2.004,7288.0,2.7184312818759872e+23,0.0,-0.0,-0.0,0.0,0.0,0.0,0.0,77,0.0,-0.0,0.0,0.0,0.0,0.0,0.0,0.0,0.0,0,0,0,0.0,0.0,0.0,0.0,0.0,0.0,0.0,0.0,0.0,0.0,0.0,0.0,0.0,0.0,0.0,0.0,0,-107875648.0,77,0.0,154,0.0,0.0,ERR,ERR,ERR,ERR,ERR,ERR,ERR,ERR,ERR,ERR,ERR,ERR,ERR,ERR,ERR,ERR,ERR,ERR,ERR,ERR,ERR,ERR,ERR,ERR,ERR,ERR,ERR,ERR,ERR,ERR,ERR,ERR,ERR,ERR,ERR,ERR,ERR,ERR,ERR,ERR,ERR,ERR,ERR,ERR,ERR,ERR,ERR,ERR,ERR,ERR,ERR,ERR,ERR,ERR,ERR,ERR,ERR,ERR,ERR,ERR,ERR,ERR,ERR,ERR,ERR,ERR,ERR,34.0,80.0,35,0.0,0.0,0.0,0.0,0.0,0.0,0.0,0.0,0.0,0.0,0.0,0.0,0.0,0.0,0.0,0.0,65.6,0,120,58,53,65476,0,300,0,0,8,20529,65476,0,0,57672,80.0,0.0,0.0,0.0,0.0,0.0
2026-06-18T02:38:39,ERR,ERR,ERR,ERR,ERR,ERR,ERR,ERR,ERR,ERR,ERR,ERR,ERR,ERR,ERR,ERR,ERR,ERR,ERR,ERR,ERR,ERR,ERR,ERR,ERR,ERR,ERR,ERR,ERR,ERR,ERR,ERR,ERR,ERR,ERR,ERR,ERR,ERR,ERR,ERR,ERR,ERR,ERR,ERR,ERR,ERR,ERR,ERR,ERR,ERR,ERR,ERR,ERR,ERR,ERR,ERR,ERR,ERR,ERR,ERR,ERR,ERR,ERR,ERR,ERR,ERR,ERR,ERR,ERR,ERR,ERR,ERR,ERR,ERR,ERR,ERR,ERR,ERR,ERR,ERR,ERR,ERR,ERR,ERR,ERR,ERR,ERR,ERR,ERR,ERR,ERR,ERR,ERR,ERR,ERR,ERR,ERR,ERR,ERR,ERR,ERR,ERR,ERR,ERR,ERR,ERR,ERR,ERR,ERR,ERR,ERR,ERR,ERR,ERR,ERR,ERR,ERR,ERR,ERR,ERR,ERR,ERR,ERR,ERR,ERR,2.7184312818759872e+23,0.0,0.0,-4.9501291711397626e+32,1.592,1.3936040501711995e+18,7.805,0.0,0,0,4,48957,6720,14723890282496.0,100,0.0,0.0,0.0,0.0,0.0,0,0,0,0,0.0,0,0,0,0,0,0,0,0,0,0,0,0,0,0,0,0,0,0,0,0,0,0,0,0,0,0,0,0,0,0,0,0,0,26,51,50,76,65476,0,300,0,0,8,21553,0.0,-107605600.0,0.0,0.0,0.0,0.0,0.0,0.0,0.0,0.0,0.0,0.0,0.0,0.0,0.0,0.0,0.0,0.0,0.0,0.0,0.0,0.0,-2.004,0.0,-2.004,-2.004,0.0,0.0,0.0,0.0,4774.0,-2.004,7288.0,2.7184312818759872e+23,0.0,-0.0,-0.0,0.0,0.0,0.0,0.0,77,0.0,-0.0,0.0,0.0,0.0,0.0,0.0,0.0,0.0,0,0,0,0.0,0.0,0.0,0.0,0.0,0.0,0.0,0.0,0.0,0.0,0.0,0.0,0.0,0.0,0.0,0.0,0,-107875648.0,77,0.0,154,0.0,0.0,ERR,ERR,ERR,ERR,ERR,ERR,ERR,ERR,ERR,ERR,ERR,ERR,ERR,ERR,ERR,ERR,ERR,ERR,ERR,ERR,ERR,ERR,ERR,ERR,ERR,ERR,ERR,ERR,ERR,ERR,ERR,ERR,ERR,ERR,ERR,ERR,ERR,ERR,ERR,ERR,ERR,ERR,ERR,ERR,ERR,ERR,ERR,ERR,ERR,ERR,ERR,ERR,ERR,ERR,ERR,ERR,ERR,ERR,ERR,ERR,ERR,ERR,ERR,ERR,ERR,ERR,ERR,34.0,80.0,35,0.0,0.0,0.0,0.0,0.0,0.0,0.0,0.0,0.0,0.0,0.0,0.0,0.0,0.0,0.0,0.0,65.6,0,120,58,53,65476,0,300,0,0,8,20529,65476,0,0,57672,80.0,0.0,0.0,0.0,0.0,0.0
2026-06-18T02:38:40,ERR,ERR,ERR,ERR,ERR,ERR,ERR,ERR,ERR,ERR,ERR,ERR,ERR,ERR,ERR,ERR,ERR,ERR,ERR,ERR,ERR,ERR,ERR,ERR,ERR,ERR,ERR,ERR,ERR,ERR,ERR,ERR,ERR,ERR,ERR,ERR,ERR,ERR,ERR,ERR,ERR,ERR,ERR,ERR,ERR,ERR,ERR,ERR,ERR,ERR,ERR,ERR,ERR,ERR,ERR,ERR,ERR,ERR,ERR,ERR,ERR,ERR,ERR,ERR,ERR,ERR,ERR,ERR,ERR,ERR,ERR,ERR,ERR,ERR,ERR,ERR,ERR,ERR,ERR,ERR,ERR,ERR,ERR,ERR,ERR,ERR,ERR,ERR,ERR,ERR,ERR,ERR,ERR,ERR,ERR,ERR,ERR,ERR,ERR,ERR,ERR,ERR,ERR,ERR,ERR,ERR,ERR,ERR,ERR,ERR,ERR,ERR,ERR,ERR,ERR,ERR,ERR,ERR,ERR,ERR,ERR,ERR,ERR,ERR,ERR,2.7184312818759872e+23,0.0,0.0,-4.9501291711397626e+32,1.592,1.3936040501711995e+18,7.805,0.0,0,0,4,48957,6720,14723890282496.0,100,0.0,0.0,0.0,0.0,0.0,0,0,0,0,0.0,0,0,0,0,0,0,0,0,0,0,0,0,0,0,0,0,0,0,0,0,0,0,0,0,0,0,0,0,0,0,0,0,0,26,51,50,76,65476,0,300,0,0,8,21553,0.0,-107605600.0,0.0,0.0,0.0,0.0,0.0,0.0,0.0,0.0,0.0,0.0,0.0,0.0,0.0,0.0,0.0,0.0,0.0,0.0,0.0,0.0,-2.004,0.0,-2.004,-2.004,0.0,0.0,0.0,0.0,4774.0,-2.004,7288.0,2.7184312818759872e+23,0.0,-0.0,-0.0,0.0,0.0,0.0,0.0,77,0.0,-0.0,0.0,0.0,0.0,0.0,0.0,0.0,0.0,0,0,0,0.0,0.0,0.0,0.0,0.0,0.0,0.0,0.0,0.0,0.0,0.0,0.0,0.0,0.0,0.0,0.0,0,-107875648.0,77,0.0,154,0.0,0.0,ERR,ERR,ERR,ERR,ERR,ERR,ERR,ERR,ERR,ERR,ERR,ERR,ERR,ERR,ERR,ERR,ERR,ERR,ERR,ERR,ERR,ERR,ERR,ERR,ERR,ERR,ERR,ERR,ERR,ERR,ERR,ERR,ERR,ERR,ERR,ERR,ERR,ERR,ERR,ERR,ERR,ERR,ERR,ERR,ERR,ERR,ERR,ERR,ERR,ERR,ERR,ERR,ERR,ERR,ERR,ERR,ERR,ERR,ERR,ERR,ERR,ERR,ERR,ERR,ERR,ERR,ERR,34.0,80.0,35,0.0,0.0,0.0,0.0,0.0,0.0,0.0,0.0,0.0,0.0,0.0,0.0,0.0,0.0,0.0,0.0,65.6,0,120,58,53,65476,0,300,0,0,8,20529,65476,0,0,57672,80.0,0.0,0.0,0.0,0.0,0.0
2026-06-18T02:38:41,ERR,ERR,ERR,ERR,ERR,ERR,ERR,ERR,ERR,ERR,ERR,ERR,ERR,ERR,ERR,ERR,ERR,ERR,ERR,ERR,ERR,ERR,ERR,ERR,ERR,ERR,ERR,ERR,ERR,ERR,ERR,ERR,ERR,ERR,ERR,ERR,ERR,ERR,ERR,ERR,ERR,ERR,ERR,ERR,ERR,ERR,ERR,ERR,ERR,ERR,ERR,ERR,ERR,ERR,ERR,ERR,ERR,ERR,ERR,ERR,ERR,ERR,ERR,ERR,ERR,ERR,ERR,ERR,ERR,ERR,ERR,ERR,ERR,ERR,ERR,ERR,ERR,ERR,ERR,ERR,ERR,ERR,ERR,ERR,ERR,ERR,ERR,ERR,ERR,ERR,ERR,ERR,ERR,ERR,ERR,ERR,ERR,ERR,ERR,ERR,ERR,ERR,ERR,ERR,ERR,ERR,ERR,ERR,ERR,ERR,ERR,ERR,ERR,ERR,ERR,ERR,ERR,ERR,ERR,ERR,ERR,ERR,ERR,ERR,ERR,2.7184312818759872e+23,0.0,0.0,-0.0,nan,1.3936040501711995e+18,7.805,1.203397215123588e+25,0,0,4,48959,6720,14723890282496.0,100,0.0,0.0,0.0,-0.0,0.0,0,0,0,0,0.0,0,0,0,0,0,0,0,0,0,0,0,0,0,0,0,0,0,0,0,0,0,0,0,0,0,0,0,0,0,0,0,0,0,26,51,50,76,65476,0,300,0,0,8,21553,0.0,-107605600.0,0.0,0.0,0.0,0.0,0.0,0.0,0.0,0.0,0.0,0.0,0.0,0.0,0.0,0.0,0.0,0.0,0.0,0.0,0.0,0.0,-2.004,0.0,-2.004,-2.004,0.0,0.0,0.0,0.0,4774.0,-0.0,7287.0,2.7184312818759872e+23,0.0,-0.0,-0.0,0.0,0.0,0.0,0.0,77,0.0,-0.0,0.0,0.0,0.0,0.0,0.0,0.0,0.0,0,0,0,0.0,0.0,0.0,0.0,0.0,0.0,0.0,0.0,0.0,0.0,0.0,0.0,0.0,0.0,0.0,0.0,0,-107875648.0,77,0.0,154,0.0,0.0,ERR,ERR,ERR,ERR,ERR,ERR,ERR,ERR,ERR,ERR,ERR,ERR,ERR,ERR,ERR,ERR,ERR,ERR,ERR,ERR,ERR,ERR,ERR,ERR,ERR,ERR,ERR,ERR,ERR,ERR,ERR,ERR,ERR,ERR,ERR,ERR,ERR,ERR,ERR,ERR,ERR,ERR,ERR,ERR,ERR,ERR,ERR,ERR,ERR,ERR,ERR,ERR,ERR,ERR,ERR,ERR,ERR,ERR,ERR,ERR,ERR,ERR,ERR,ERR,ERR,ERR,ERR,34.0,80.0,35,0.0,0.0,0.0,0.0,0.0,0.0,0.0,0.0,0.0,0.0,0.0,0.0,0.0,0.0,0.0,0.0,65.6,0,120,58,53,65476,0,300,0,0,8,20529,65476,0,0,57672,80.0,0.0,0.0,0.0,0.0,0.0
2026-06-18T02:38:42,ERR,ERR,ERR,ERR,ERR,ERR,ERR,ERR,ERR,ERR,ERR,ERR,ERR,ERR,ERR,ERR,ERR,ERR,ERR,ERR,ERR,ERR,ERR,ERR,ERR,ERR,ERR,ERR,ERR,ERR,ERR,ERR,ERR,ERR,ERR,ERR,ERR,ERR,ERR,ERR,ERR,ERR,ERR,ERR,ERR,ERR,ERR,ERR,ERR,ERR,ERR,ERR,ERR,ERR,ERR,ERR,ERR,ERR,ERR,ERR,ERR,ERR,ERR,ERR,ERR,ERR,ERR,ERR,ERR,ERR,ERR,ERR,ERR,ERR,ERR,ERR,ERR,ERR,ERR,ERR,ERR,ERR,ERR,ERR,ERR,ERR,ERR,ERR,ERR,ERR,ERR,ERR,ERR,ERR,ERR,ERR,ERR,ERR,ERR,ERR,ERR,ERR,ERR,ERR,ERR,ERR,ERR,ERR,ERR,ERR,ERR,ERR,ERR,ERR,ERR,ERR,ERR,ERR,ERR,ERR,ERR,ERR,ERR,ERR,ERR,2.7184312818759872e+23,0.0,0.0,-0.0,nan,1.3936040501711995e+18,7.805,1.203397215123588e+25,0,0,4,48959,6720,14723890282496.0,100,0.0,0.0,0.0,-0.0,0.0,0,0,0,0,0.0,0,0,0,0,0,0,0,0,0,0,0,0,0,0,0,0,0,0,0,0,0,0,0,0,0,0,0,0,0,0,0,0,0,26,51,50,76,65476,0,300,0,0,8,21553,0.0,-107605600.0,0.0,0.0,0.0,0.0,0.0,0.0,0.0,0.0,0.0,0.0,0.0,0.0,0.0,0.0,0.0,0.0,0.0,0.0,0.0,0.0,-2.004,0.0,-2.004,-2.004,0.0,0.0,0.0,0.0,4774.0,-0.0,7287.0,2.7184312818759872e+23,0.0,-0.0,-0.0,0.0,0.0,0.0,0.0,77,0.0,-0.0,0.0,0.0,0.0,0.0,0.0,0.0,0.0,0,0,0,0.0,0.0,0.0,0.0,0.0,0.0,0.0,0.0,0.0,0.0,0.0,0.0,0.0,0.0,0.0,0.0,0,-107875648.0,77,0.0,154,0.0,0.0,ERR,ERR,ERR,ERR,ERR,ERR,ERR,ERR,ERR,ERR,ERR,ERR,ERR,ERR,ERR,ERR,ERR,ERR,ERR,ERR,ERR,ERR,ERR,ERR,ERR,ERR,ERR,ERR,ERR,ERR,ERR,ERR,ERR,ERR,ERR,ERR,ERR,ERR,ERR,ERR,ERR,ERR,ERR,ERR,ERR,ERR,ERR,ERR,ERR,ERR,ERR,ERR,ERR,ERR,ERR,ERR,ERR,ERR,ERR,ERR,ERR,ERR,ERR,ERR,ERR,ERR,ERR,34.0,80.0,35,0.0,0.0,0.0,0.0,0.0,0.0,0.0,0.0,0.0,0.0,0.0,0.0,0.0,0.0,0.0,0.0,65.6,0,120,58,53,65476,0,300,0,0,8,20529,65476,0,0,57672,80.0,0.0,0.0,0.0,0.0,0.0
2026-06-18T02:38:43,ERR,ERR,ERR,ERR,ERR,ERR,ERR,ERR,ERR,ERR,ERR,ERR,ERR,ERR,ERR,ERR,ERR,ERR,ERR,ERR,ERR,ERR,ERR,ERR,ERR,ERR,ERR,ERR,ERR,ERR,ERR,ERR,ERR,ERR,ERR,ERR,ERR,ERR,ERR,ERR,ERR,ERR,ERR,ERR,ERR,ERR,ERR,ERR,ERR,ERR,ERR,ERR,ERR,ERR,ERR,ERR,ERR,ERR,ERR,ERR,ERR,ERR,ERR,ERR,ERR,ERR,ERR,ERR,ERR,ERR,ERR,ERR,ERR,ERR,ERR,ERR,ERR,ERR,ERR,ERR,ERR,ERR,ERR,ERR,ERR,ERR,ERR,ERR,ERR,ERR,ERR,ERR,ERR,ERR,ERR,ERR,ERR,ERR,ERR,ERR,ERR,ERR,ERR,ERR,ERR,ERR,ERR,ERR,ERR,ERR,ERR,ERR,ERR,ERR,ERR,ERR,ERR,ERR,ERR,ERR,ERR,ERR,ERR,ERR,ERR,2.7184312818759872e+23,0.0,0.0,-0.0,nan,1.3936040501711995e+18,7.805,1.203397215123588e+25,0,0,4,48959,6720,14723890282496.0,100,0.0,0.0,0.0,-0.0,0.0,0,0,0,0,0.0,0,0,0,0,0,0,0,0,0,0,0,0,0,0,0,0,0,0,0,0,0,0,0,0,0,0,0,0,0,0,0,0,0,26,51,50,76,65476,0,300,0,0,8,21553,0.0,-107605600.0,0.0,0.0,0.0,0.0,0.0,0.0,0.0,0.0,0.0,0.0,0.0,0.0,0.0,0.0,0.0,0.0,0.0,0.0,0.0,0.0,-2.004,0.0,-2.004,-2.004,0.0,0.0,0.0,0.0,4774.0,-0.0,7287.0,2.7184312818759872e+23,0.0,-0.0,-0.0,0.0,0.0,0.0,0.0,77,0.0,-0.0,0.0,0.0,0.0,0.0,0.0,0.0,0.0,0,0,0,0.0,0.0,0.0,0.0,0.0,0.0,0.0,0.0,0.0,0.0,0.0,0.0,0.0,0.0,0.0,0.0,0,-107875648.0,77,0.0,154,0.0,0.0,ERR,ERR,ERR,ERR,ERR,ERR,ERR,ERR,ERR,ERR,ERR,ERR,ERR,ERR,ERR,ERR,ERR,ERR,ERR,ERR,ERR,ERR,ERR,ERR,ERR,ERR,ERR,ERR,ERR,ERR,ERR,ERR,ERR,ERR,ERR,ERR,ERR,ERR,ERR,ERR,ERR,ERR,ERR,ERR,ERR,ERR,ERR,ERR,ERR,ERR,ERR,ERR,ERR,ERR,ERR,ERR,ERR,ERR,ERR,ERR,ERR,ERR,ERR,ERR,ERR,ERR,ERR,34.0,80.0,35,0.0,0.0,0.0,0.0,0.0,0.0,0.0,0.0,0.0,0.0,0.0,0.0,0.0,0.0,0.0,0.0,65.6,0,120,58,53,65476,0,300,0,0,8,20529,65476,0,0,57672,80.0,0.0,0.0,0.0,0.0,0.0
2026-06-18T02:38:44,ERR,ERR,ERR,ERR,ERR,ERR,ERR,ERR,ERR,ERR,ERR,ERR,ERR,ERR,ERR,ERR,ERR,ERR,ERR,ERR,ERR,ERR,ERR,ERR,ERR,ERR,ERR,ERR,ERR,ERR,ERR,ERR,ERR,ERR,ERR,ERR,ERR,ERR,ERR,ERR,ERR,ERR,ERR,ERR,ERR,ERR,ERR,ERR,ERR,ERR,ERR,ERR,ERR,ERR,ERR,ERR,ERR,ERR,ERR,ERR,ERR,ERR,ERR,ERR,ERR,ERR,ERR,ERR,ERR,ERR,ERR,ERR,ERR,ERR,ERR,ERR,ERR,ERR,ERR,ERR,ERR,ERR,ERR,ERR,ERR,ERR,ERR,ERR,ERR,ERR,ERR,ERR,ERR,ERR,ERR,ERR,ERR,ERR,ERR,ERR,ERR,ERR,ERR,ERR,ERR,ERR,ERR,ERR,ERR,ERR,ERR,ERR,ERR,ERR,ERR,ERR,ERR,ERR,ERR,ERR,ERR,ERR,ERR,ERR,ERR,2.7184312818759872e+23,0.0,0.0,-0.0,nan,1.3936040501711995e+18,7.805,1.203397215123588e+25,0,0,4,48959,6720,14723890282496.0,100,0.0,0.0,0.0,-0.0,0.0,0,0,0,0,0.0,0,0,0,0,0,0,0,0,0,0,0,0,0,0,0,0,0,0,0,0,0,0,0,0,0,0,0,0,0,0,0,0,0,26,51,50,76,65476,0,300,0,0,8,21553,0.0,-107605600.0,0.0,0.0,0.0,0.0,0.0,0.0,0.0,0.0,0.0,0.0,0.0,0.0,0.0,0.0,0.0,0.0,0.0,0.0,0.0,0.0,-2.004,0.0,-2.004,-2.004,0.0,0.0,0.0,0.0,4774.0,-0.0,7287.0,2.7184312818759872e+23,0.0,-0.0,-0.0,0.0,0.0,0.0,0.0,77,0.0,-0.0,0.0,0.0,0.0,0.0,0.0,0.0,0.0,0,0,0,0.0,0.0,0.0,0.0,0.0,0.0,0.0,0.0,0.0,0.0,0.0,0.0,0.0,0.0,0.0,0.0,0,-107875648.0,77,0.0,154,0.0,0.0,ERR,ERR,ERR,ERR,ERR,ERR,ERR,ERR,ERR,ERR,ERR,ERR,ERR,ERR,ERR,ERR,ERR,ERR,ERR,ERR,ERR,ERR,ERR,ERR,ERR,ERR,ERR,ERR,ERR,ERR,ERR,ERR,ERR,ERR,ERR,ERR,ERR,ERR,ERR,ERR,ERR,ERR,ERR,ERR,ERR,ERR,ERR,ERR,ERR,ERR,ERR,ERR,ERR,ERR,ERR,ERR,ERR,ERR,ERR,ERR,ERR,ERR,ERR,ERR,ERR,ERR,ERR,34.0,80.0,35,0.0,0.0,0.0,0.0,0.0,0.0,0.0,0.0,0.0,0.0,0.0,0.0,0.0,0.0,0.0,0.0,65.6,0,120,58,53,65476,0,300,0,0,8,20529,65476,0,0,57672,80.0,0.0,0.0,0.0,0.0,0.0
2026-06-18T02:38:45,ERR,ERR,ERR,ERR,ERR,ERR,ERR,ERR,ERR,ERR,ERR,ERR,ERR,ERR,ERR,ERR,ERR,ERR,ERR,ERR,ERR,ERR,ERR,ERR,ERR,ERR,ERR,ERR,ERR,ERR,ERR,ERR,ERR,ERR,ERR,ERR,ERR,ERR,ERR,ERR,ERR,ERR,ERR,ERR,ERR,ERR,ERR,ERR,ERR,ERR,ERR,ERR,ERR,ERR,ERR,ERR,ERR,ERR,ERR,ERR,ERR,ERR,ERR,ERR,ERR,ERR,ERR,ERR,ERR,ERR,ERR,ERR,ERR,ERR,ERR,ERR,ERR,ERR,ERR,ERR,ERR,ERR,ERR,ERR,ERR,ERR,ERR,ERR,ERR,ERR,ERR,ERR,ERR,ERR,ERR,ERR,ERR,ERR,ERR,ERR,ERR,ERR,ERR,ERR,ERR,ERR,ERR,ERR,ERR,ERR,ERR,ERR,ERR,ERR,ERR,ERR,ERR,ERR,ERR,ERR,ERR,ERR,ERR,ERR,ERR,2.7184312818759872e+23,0.0,0.0,-0.0,nan,1.3936040501711995e+18,7.805,1.203397215123588e+25,0,0,4,48959,6720,14723890282496.0,100,0.0,0.0,0.0,-0.0,0.0,0,0,0,0,0.0,0,0,0,0,0,0,0,0,0,0,0,0,0,0,0,0,0,0,0,0,0,0,0,0,0,0,0,0,0,0,0,0,0,26,51,50,76,65476,0,300,0,0,8,21553,0.0,-107605600.0,0.0,0.0,0.0,0.0,0.0,0.0,0.0,0.0,0.0,0.0,0.0,0.0,0.0,0.0,0.0,0.0,0.0,0.0,0.0,0.0,-2.004,0.0,-2.004,-2.004,0.0,0.0,0.0,0.0,4774.0,-0.0,7287.0,2.7184312818759872e+23,0.0,-0.0,-0.0,0.0,0.0,0.0,0.0,77,0.0,-0.0,0.0,0.0,0.0,0.0,0.0,0.0,0.0,0,0,0,0.0,0.0,0.0,0.0,0.0,0.0,0.0,0.0,0.0,0.0,0.0,0.0,0.0,0.0,0.0,0.0,0,-107875648.0,77,0.0,154,0.0,0.0,ERR,ERR,ERR,ERR,ERR,ERR,ERR,ERR,ERR,ERR,ERR,ERR,ERR,ERR,ERR,ERR,ERR,ERR,ERR,ERR,ERR,ERR,ERR,ERR,ERR,ERR,ERR,ERR,ERR,ERR,ERR,ERR,ERR,ERR,ERR,ERR,ERR,ERR,ERR,ERR,ERR,ERR,ERR,ERR,ERR,ERR,ERR,ERR,ERR,ERR,ERR,ERR,ERR,ERR,ERR,ERR,ERR,ERR,ERR,ERR,ERR,ERR,ERR,ERR,ERR,ERR,ERR,34.0,80.0,35,0.0,0.0,0.0,0.0,0.0,0.0,0.0,0.0,0.0,0.0,0.0,0.0,0.0,0.0,0.0,0.0,65.6,0,120,58,53,65476,0,300,0,0,8,20529,65476,0,0,57672,80.0,0.0,0.0,0.0,0.0,0.0
2026-06-18T02:38:46,ERR,ERR,ERR,ERR,ERR,ERR,ERR,ERR,ERR,ERR,ERR,ERR,ERR,ERR,ERR,ERR,ERR,ERR,ERR,ERR,ERR,ERR,ERR,ERR,ERR,ERR,ERR,ERR,ERR,ERR,ERR,ERR,ERR,ERR,ERR,ERR,ERR,ERR,ERR,ERR,ERR,ERR,ERR,ERR,ERR,ERR,ERR,ERR,ERR,ERR,ERR,ERR,ERR,ERR,ERR,ERR,ERR,ERR,ERR,ERR,ERR,ERR,ERR,ERR,ERR,ERR,ERR,ERR,ERR,ERR,ERR,ERR,ERR,ERR,ERR,ERR,ERR,ERR,ERR,ERR,ERR,ERR,ERR,ERR,ERR,ERR,ERR,ERR,ERR,ERR,ERR,ERR,ERR,ERR,ERR,ERR,ERR,ERR,ERR,ERR,ERR,ERR,ERR,ERR,ERR,ERR,ERR,ERR,ERR,ERR,ERR,ERR,ERR,ERR,ERR,ERR,ERR,ERR,ERR,ERR,ERR,ERR,ERR,ERR,ERR,2.7184312818759872e+23,0.0,-0.0,89215.008,nan,1.3936040501711995e+18,7.805,-1.2121118219281682e+20,0,0,4,48932,6720,14723890282496.0,100,0.0,0.0,0.0,2.718290229135658e+23,0.0,0,0,0,0,0.0,0,0,0,0,0,0,0,0,0,0,0,0,0,0,0,0,0,0,0,0,0,0,0,0,0,0,0,0,0,0,0,0,0,26,51,50,76,65476,0,300,0,0,8,21553,0.0,-107605600.0,0.0,0.0,0.0,0.0,0.0,0.0,0.0,0.0,0.0,0.0,0.0,0.0,0.0,0.0,0.0,0.0,0.0,0.0,0.0,0.0,-2.004,0.0,-2.004,-2.004,0.0,0.0,0.0,0.0,4775.0,-1.0406645142989446e+34,7290.0,2.7184312818759872e+23,0.0,-0.0,-0.0,0.0,0.0,0.0,0.0,77,0.0,-71.629,0.0,0.0,0.0,0.0,0.0,0.0,0.0,0,0,0,0.0,0.0,0.0,0.0,0.0,0.0,0.0,0.0,0.0,0.0,0.0,0.0,0.0,0.0,0.0,0.0,0,-107875648.0,77,0.0,154,0.0,0.0,ERR,ERR,ERR,ERR,ERR,ERR,ERR,ERR,ERR,ERR,ERR,ERR,ERR,ERR,ERR,ERR,ERR,ERR,ERR,ERR,ERR,ERR,ERR,ERR,ERR,ERR,ERR,ERR,ERR,ERR,ERR,ERR,ERR,ERR,ERR,ERR,ERR,ERR,ERR,ERR,ERR,ERR,ERR,ERR,ERR,ERR,ERR,ERR,ERR,ERR,ERR,ERR,ERR,ERR,ERR,ERR,ERR,ERR,ERR,ERR,ERR,ERR,ERR,ERR,ERR,ERR,ERR,34.0,80.0,35,0.0,0.0,0.0,0.0,0.0,0.0,0.0,0.0,0.0,0.0,0.0,0.0,0.0,0.0,0.0,0.0,65.6,0,120,58,53,65476,0,300,0,0,8,20529,65476,0,0,57672,80.0,0.0,0.0,0.0,0.0,0.0
2026-06-18T02:38:47,ERR,ERR,ERR,ERR,ERR,ERR,ERR,ERR,ERR,ERR,ERR,ERR,ERR,ERR,ERR,ERR,ERR,ERR,ERR,ERR,ERR,ERR,ERR,ERR,ERR,ERR,ERR,ERR,ERR,ERR,ERR,ERR,ERR,ERR,ERR,ERR,ERR,ERR,ERR,ERR,ERR,ERR,ERR,ERR,ERR,ERR,ERR,ERR,ERR,ERR,ERR,ERR,ERR,ERR,ERR,ERR,ERR,ERR,ERR,ERR,ERR,ERR,ERR,ERR,ERR,ERR,ERR,ERR,ERR,ERR,ERR,ERR,ERR,ERR,ERR,ERR,ERR,ERR,ERR,ERR,ERR,ERR,ERR,ERR,ERR,ERR,ERR,ERR,ERR,ERR,ERR,ERR,ERR,ERR,ERR,ERR,ERR,ERR,ERR,ERR,ERR,ERR,ERR,ERR,ERR,ERR,ERR,ERR,ERR,ERR,ERR,ERR,ERR,ERR,ERR,ERR,ERR,ERR,ERR,ERR,ERR,ERR,ERR,ERR,ERR,2.7184312818759872e+23,0.0,-0.0,89215.008,nan,1.3936040501711995e+18,7.805,-1.2121118219281682e+20,0,0,4,48932,6720,14723890282496.0,100,0.0,0.0,0.0,2.718290229135658e+23,0.0,0,0,0,0,0.0,0,0,0,0,0,0,0,0,0,0,0,0,0,0,0,0,0,0,0,0,0,0,0,0,0,0,0,0,0,0,0,0,0,26,51,50,76,65476,0,300,0,0,8,21553,0.0,-107605600.0,0.0,0.0,0.0,0.0,0.0,0.0,0.0,0.0,0.0,0.0,0.0,0.0,0.0,0.0,0.0,0.0,0.0,0.0,0.0,0.0,-2.004,0.0,-2.004,-2.004,0.0,0.0,0.0,0.0,4775.0,-1.0406645142989446e+34,7290.0,2.7184312818759872e+23,0.0,-0.0,-0.0,0.0,0.0,0.0,0.0,77,0.0,-71.629,0.0,0.0,0.0,0.0,0.0,0.0,0.0,0,0,0,0.0,0.0,0.0,0.0,0.0,0.0,0.0,0.0,0.0,0.0,0.0,0.0,0.0,0.0,0.0,0.0,0,-107875648.0,77,0.0,154,0.0,0.0,ERR,ERR,ERR,ERR,ERR,ERR,ERR,ERR,ERR,ERR,ERR,ERR,ERR,ERR,ERR,ERR,ERR,ERR,ERR,ERR,ERR,ERR,ERR,ERR,ERR,ERR,ERR,ERR,ERR,ERR,ERR,ERR,ERR,ERR,ERR,ERR,ERR,ERR,ERR,ERR,ERR,ERR,ERR,ERR,ERR,ERR,ERR,ERR,ERR,ERR,ERR,ERR,ERR,ERR,ERR,ERR,ERR,ERR,ERR,ERR,ERR,ERR,ERR,ERR,ERR,ERR,ERR,34.0,80.0,35,0.0,0.0,0.0,0.0,0.0,0.0,0.0,0.0,0.0,0.0,0.0,0.0,0.0,0.0,0.0,0.0,65.6,0,120,58,53,65476,0,300,0,0,8,20529,65476,0,0,57672,80.0,0.0,0.0,0.0,0.0,0.0
2026-06-18T02:38:48,ERR,ERR,ERR,ERR,ERR,ERR,ERR,ERR,ERR,ERR,ERR,ERR,ERR,ERR,ERR,ERR,ERR,ERR,ERR,ERR,ERR,ERR,ERR,ERR,ERR,ERR,ERR,ERR,ERR,ERR,ERR,ERR,ERR,ERR,ERR,ERR,ERR,ERR,ERR,ERR,ERR,ERR,ERR,ERR,ERR,ERR,ERR,ERR,ERR,ERR,ERR,ERR,ERR,ERR,ERR,ERR,ERR,ERR,ERR,ERR,ERR,ERR,ERR,ERR,ERR,ERR,ERR,ERR,ERR,ERR,ERR,ERR,ERR,ERR,ERR,ERR,ERR,ERR,ERR,ERR,ERR,ERR,ERR,ERR,ERR,ERR,ERR,ERR,ERR,ERR,ERR,ERR,ERR,ERR,ERR,ERR,ERR,ERR,ERR,ERR,ERR,ERR,ERR,ERR,ERR,ERR,ERR,ERR,ERR,ERR,ERR,ERR,ERR,ERR,ERR,ERR,ERR,ERR,ERR,ERR,ERR,ERR,ERR,ERR,ERR,2.7184312818759872e+23,0.0,-0.0,89215.008,nan,1.3936040501711995e+18,7.805,-1.2121118219281682e+20,0,0,4,48932,6720,14723890282496.0,100,0.0,0.0,0.0,2.718290229135658e+23,0.0,0,0,0,0,0.0,0,0,0,0,0,0,0,0,0,0,0,0,0,0,0,0,0,0,0,0,0,0,0,0,0,0,0,0,0,0,0,0,0,26,51,50,76,65476,0,300,0,0,8,21553,0.0,-107605600.0,0.0,0.0,0.0,0.0,0.0,0.0,0.0,0.0,0.0,0.0,0.0,0.0,0.0,0.0,0.0,0.0,0.0,0.0,0.0,0.0,-2.004,0.0,-2.004,-2.004,0.0,0.0,0.0,0.0,4775.0,-1.0406645142989446e+34,7290.0,2.7184312818759872e+23,0.0,-0.0,-0.0,0.0,0.0,0.0,0.0,77,0.0,-71.629,0.0,0.0,0.0,0.0,0.0,0.0,0.0,0,0,0,0.0,0.0,0.0,0.0,0.0,0.0,0.0,0.0,0.0,0.0,0.0,0.0,0.0,0.0,0.0,0.0,0,-107875648.0,77,0.0,154,0.0,0.0,ERR,ERR,ERR,ERR,ERR,ERR,ERR,ERR,ERR,ERR,ERR,ERR,ERR,ERR,ERR,ERR,ERR,ERR,ERR,ERR,ERR,ERR,ERR,ERR,ERR,ERR,ERR,ERR,ERR,ERR,ERR,ERR,ERR,ERR,ERR,ERR,ERR,ERR,ERR,ERR,ERR,ERR,ERR,ERR,ERR,ERR,ERR,ERR,ERR,ERR,ERR,ERR,ERR,ERR,ERR,ERR,ERR,ERR,ERR,ERR,ERR,ERR,ERR,ERR,ERR,ERR,ERR,34.0,80.0,35,0.0,0.0,0.0,0.0,0.0,0.0,0.0,0.0,0.0,0.0,0.0,0.0,0.0,0.0,0.0,0.0,65.6,0,120,58,53,65476,0,300,0,0,8,20529,65476,0,0,57672,80.0,0.0,0.0,0.0,0.0,0.0
2026-06-18T02:38:49,ERR,ERR,ERR,ERR,ERR,ERR,ERR,ERR,ERR,ERR,ERR,ERR,ERR,ERR,ERR,ERR,ERR,ERR,ERR,ERR,ERR,ERR,ERR,ERR,ERR,ERR,ERR,ERR,ERR,ERR,ERR,ERR,ERR,ERR,ERR,ERR,ERR,ERR,ERR,ERR,ERR,ERR,ERR,ERR,ERR,ERR,ERR,ERR,ERR,ERR,ERR,ERR,ERR,ERR,ERR,ERR,ERR,ERR,ERR,ERR,ERR,ERR,ERR,ERR,ERR,ERR,ERR,ERR,ERR,ERR,ERR,ERR,ERR,ERR,ERR,ERR,ERR,ERR,ERR,ERR,ERR,ERR,ERR,ERR,ERR,ERR,ERR,ERR,ERR,ERR,ERR,ERR,ERR,ERR,ERR,ERR,ERR,ERR,ERR,ERR,ERR,ERR,ERR,ERR,ERR,ERR,ERR,ERR,ERR,ERR,ERR,ERR,ERR,ERR,ERR,ERR,ERR,ERR,ERR,ERR,ERR,ERR,ERR,ERR,ERR,2.7184312818759872e+23,0.0,-0.0,89215.008,nan,1.3936040501711995e+18,7.805,-1.2121118219281682e+20,0,0,4,48932,6720,14723890282496.0,100,0.0,0.0,0.0,2.718290229135658e+23,0.0,0,0,0,0,0.0,0,0,0,0,0,0,0,0,0,0,0,0,0,0,0,0,0,0,0,0,0,0,0,0,0,0,0,0,0,0,0,0,0,26,51,50,76,65476,0,300,0,0,8,21553,0.0,-107605600.0,0.0,0.0,0.0,0.0,0.0,0.0,0.0,0.0,0.0,0.0,0.0,0.0,0.0,0.0,0.0,0.0,0.0,0.0,0.0,0.0,-2.004,0.0,-2.004,-2.004,0.0,0.0,0.0,0.0,4775.0,-1.0406645142989446e+34,7290.0,2.7184312818759872e+23,0.0,-0.0,-0.0,0.0,0.0,0.0,0.0,77,0.0,-71.629,0.0,0.0,0.0,0.0,0.0,0.0,0.0,0,0,0,0.0,0.0,0.0,0.0,0.0,0.0,0.0,0.0,0.0,0.0,0.0,0.0,0.0,0.0,0.0,0.0,0,-107875648.0,77,0.0,154,0.0,0.0,ERR,ERR,ERR,ERR,ERR,ERR,ERR,ERR,ERR,ERR,ERR,ERR,ERR,ERR,ERR,ERR,ERR,ERR,ERR,ERR,ERR,ERR,ERR,ERR,ERR,ERR,ERR,ERR,ERR,ERR,ERR,ERR,ERR,ERR,ERR,ERR,ERR,ERR,ERR,ERR,ERR,ERR,ERR,ERR,ERR,ERR,ERR,ERR,ERR,ERR,ERR,ERR,ERR,ERR,ERR,ERR,ERR,ERR,ERR,ERR,ERR,ERR,ERR,ERR,ERR,ERR,ERR,34.0,80.0,35,0.0,0.0,0.0,0.0,0.0,0.0,0.0,0.0,0.0,0.0,0.0,0.0,0.0,0.0,0.0,0.0,66.4,0,120,58,53,65476,0,300,0,0,8,20529,65476,0,0,57672,80.0,0.0,0.0,0.0,0.0,0.0
2026-06-18T02:38:50,ERR,ERR,ERR,ERR,ERR,ERR,ERR,ERR,ERR,ERR,ERR,ERR,ERR,ERR,ERR,ERR,ERR,ERR,ERR,ERR,ERR,ERR,ERR,ERR,ERR,ERR,ERR,ERR,ERR,ERR,ERR,ERR,ERR,ERR,ERR,ERR,ERR,ERR,ERR,ERR,ERR,ERR,ERR,ERR,ERR,ERR,ERR,ERR,ERR,ERR,ERR,ERR,ERR,ERR,ERR,ERR,ERR,ERR,ERR,ERR,ERR,ERR,ERR,ERR,ERR,ERR,ERR,ERR,ERR,ERR,ERR,ERR,ERR,ERR,ERR,ERR,ERR,ERR,ERR,ERR,ERR,ERR,ERR,ERR,ERR,ERR,ERR,ERR,ERR,ERR,ERR,ERR,ERR,ERR,ERR,ERR,ERR,ERR,ERR,ERR,ERR,ERR,ERR,ERR,ERR,ERR,ERR,ERR,ERR,ERR,ERR,ERR,ERR,ERR,ERR,ERR,ERR,ERR,ERR,ERR,ERR,ERR,ERR,ERR,ERR,2.7184312818759872e+23,0.0,-0.0,89215.008,nan,1.3936040501711995e+18,7.805,-1.2121118219281682e+20,0,0,4,48932,6720,14723890282496.0,100,0.0,0.0,0.0,2.718290229135658e+23,0.0,0,0,0,0,0.0,0,0,0,0,0,0,0,0,0,0,0,0,0,0,0,0,0,0,0,0,0,0,0,0,0,0,0,0,0,0,0,0,0,26,51,50,76,65476,0,300,0,0,8,21553,0.0,-107605600.0,0.0,0.0,0.0,0.0,0.0,0.0,0.0,0.0,0.0,0.0,0.0,0.0,0.0,0.0,0.0,0.0,0.0,0.0,0.0,0.0,-2.004,0.0,-2.004,-2.004,0.0,0.0,0.0,0.0,4775.0,-1.0406645142989446e+34,7290.0,2.7184312818759872e+23,0.0,-0.0,-0.0,0.0,0.0,0.0,0.0,77,0.0,-71.629,0.0,0.0,0.0,0.0,0.0,0.0,0.0,0,0,0,0.0,0.0,0.0,0.0,0.0,0.0,0.0,0.0,0.0,0.0,0.0,0.0,0.0,0.0,0.0,0.0,0,-107875648.0,77,0.0,154,0.0,0.0,ERR,ERR,ERR,ERR,ERR,ERR,ERR,ERR,ERR,ERR,ERR,ERR,ERR,ERR,ERR,ERR,ERR,ERR,ERR,ERR,ERR,ERR,ERR,ERR,ERR,ERR,ERR,ERR,ERR,ERR,ERR,ERR,ERR,ERR,ERR,ERR,ERR,ERR,ERR,ERR,ERR,ERR,ERR,ERR,ERR,ERR,ERR,ERR,ERR,ERR,ERR,ERR,ERR,ERR,ERR,ERR,ERR,ERR,ERR,ERR,ERR,ERR,ERR,ERR,ERR,ERR,ERR,34.0,80.0,35,0.0,0.0,0.0,0.0,0.0,0.0,0.0,0.0,0.0,0.0,0.0,0.0,0.0,0.0,0.0,0.0,65.6,0,120,58,53,65476,0,300,0,0,8,20529,65476,0,0,57672,80.0,0.0,0.0,0.0,0.0,0.0
2026-06-18T02:38:51,ERR,ERR,ERR,ERR,ERR,ERR,ERR,ERR,ERR,ERR,ERR,ERR,ERR,ERR,ERR,ERR,ERR,ERR,ERR,ERR,ERR,ERR,ERR,ERR,ERR,ERR,ERR,ERR,ERR,ERR,ERR,ERR,ERR,ERR,ERR,ERR,ERR,ERR,ERR,ERR,ERR,ERR,ERR,ERR,ERR,ERR,ERR,ERR,ERR,ERR,ERR,ERR,ERR,ERR,ERR,ERR,ERR,ERR,ERR,ERR,ERR,ERR,ERR,ERR,ERR,ERR,ERR,ERR,ERR,ERR,ERR,ERR,ERR,ERR,ERR,ERR,ERR,ERR,ERR,ERR,ERR,ERR,ERR,ERR,ERR,ERR,ERR,ERR,ERR,ERR,ERR,ERR,ERR,ERR,ERR,ERR,ERR,ERR,ERR,ERR,ERR,ERR,ERR,ERR,ERR,ERR,ERR,ERR,ERR,ERR,ERR,ERR,ERR,ERR,ERR,ERR,ERR,ERR,ERR,ERR,ERR,ERR,ERR,ERR,ERR,2.7184312818759872e+23,0.0,-0.0,89215.008,nan,1.3936040501711995e+18,7.805,-1.2121118219281682e+20,0,0,4,48932,6720,14723890282496.0,100,0.0,0.0,0.0,2.718290229135658e+23,0.0,0,0,0,0,0.0,0,0,0,0,0,0,0,0,0,0,0,0,0,0,0,0,0,0,0,0,0,0,0,0,0,0,0,0,0,0,0,0,0,26,51,50,76,65476,0,300,0,0,8,21553,0.0,-107605600.0,0.0,0.0,0.0,0.0,0.0,0.0,0.0,0.0,0.0,0.0,0.0,0.0,0.0,0.0,0.0,0.0,0.0,0.0,0.0,0.0,-2.004,0.0,-2.004,-2.004,0.0,0.0,0.0,0.0,4775.0,-1.0406645142989446e+34,7290.0,2.7184312818759872e+23,0.0,-0.0,-0.0,0.0,0.0,0.0,0.0,77,0.0,-71.629,0.0,0.0,0.0,0.0,0.0,0.0,0.0,0,0,0,0.0,0.0,0.0,0.0,0.0,0.0,0.0,0.0,0.0,0.0,0.0,0.0,0.0,0.0,0.0,0.0,0,-107875648.0,77,0.0,154,0.0,0.0,ERR,ERR,ERR,ERR,ERR,ERR,ERR,ERR,ERR,ERR,ERR,ERR,ERR,ERR,ERR,ERR,ERR,ERR,ERR,ERR,ERR,ERR,ERR,ERR,ERR,ERR,ERR,ERR,ERR,ERR,ERR,ERR,ERR,ERR,ERR,ERR,ERR,ERR,ERR,ERR,ERR,ERR,ERR,ERR,ERR,ERR,ERR,ERR,ERR,ERR,ERR,ERR,ERR,ERR,ERR,ERR,ERR,ERR,ERR,ERR,ERR,ERR,ERR,ERR,ERR,ERR,ERR,34.0,80.0,35,0.0,0.0,0.0,0.0,0.0,0.0,0.0,0.0,0.0,0.0,0.0,0.0,0.0,0.0,0.0,0.0,65.6,0,120,58,53,65476,0,300,0,0,8,20529,65476,0,0,57672,80.0,0.0,0.0,0.0,0.0,0.0
2026-06-18T02:38:52,ERR,ERR,ERR,ERR,ERR,ERR,ERR,ERR,ERR,ERR,ERR,ERR,ERR,ERR,ERR,ERR,ERR,ERR,ERR,ERR,ERR,ERR,ERR,ERR,ERR,ERR,ERR,ERR,ERR,ERR,ERR,ERR,ERR,ERR,ERR,ERR,ERR,ERR,ERR,ERR,ERR,ERR,ERR,ERR,ERR,ERR,ERR,ERR,ERR,ERR,ERR,ERR,ERR,ERR,ERR,ERR,ERR,ERR,ERR,ERR,ERR,ERR,ERR,ERR,ERR,ERR,ERR,ERR,ERR,ERR,ERR,ERR,ERR,ERR,ERR,ERR,ERR,ERR,ERR,ERR,ERR,ERR,ERR,ERR,ERR,ERR,ERR,ERR,ERR,ERR,ERR,ERR,ERR,ERR,ERR,ERR,ERR,ERR,ERR,ERR,ERR,ERR,ERR,ERR,ERR,ERR,ERR,ERR,ERR,ERR,ERR,ERR,ERR,ERR,ERR,ERR,ERR,ERR,ERR,ERR,ERR,ERR,ERR,ERR,ERR,2.7184312818759872e+23,0.0,0.0,-0.0,nan,1.3936040501711995e+18,7.805,1.203397215123588e+25,0,0,4,48961,6720,14723890282496.0,100,0.0,0.0,0.0,-4.9501291711397626e+32,0.0,0,0,0,0,0.0,0,0,0,0,0,0,0,0,0,0,0,0,0,0,0,0,0,0,0,0,0,0,0,0,0,0,0,0,0,0,0,0,0,26,51,50,76,65476,0,300,0,0,8,21553,0.0,-107605600.0,0.0,0.0,0.0,0.0,0.0,0.0,0.0,0.0,0.0,0.0,0.0,0.0,0.0,0.0,0.0,0.0,0.0,0.0,0.0,0.0,-2.004,0.0,-2.004,-2.004,0.0,0.0,0.0,0.0,4769.0,-8608175104.0,7290.0,2.7184312818759872e+23,0.0,-0.0,-0.0,0.0,0.0,0.0,0.0,77,0.0,-71.629,0.0,0.0,0.0,0.0,0.0,0.0,0.0,0,0,0,0.0,0.0,0.0,0.0,0.0,0.0,0.0,0.0,0.0,0.0,0.0,0.0,0.0,0.0,0.0,0.0,0,-107875648.0,77,0.0,154,0.0,0.0,ERR,ERR,ERR,ERR,ERR,ERR,ERR,ERR,ERR,ERR,ERR,ERR,ERR,ERR,ERR,ERR,ERR,ERR,ERR,ERR,ERR,ERR,ERR,ERR,ERR,ERR,ERR,ERR,ERR,ERR,ERR,ERR,ERR,ERR,ERR,ERR,ERR,ERR,ERR,ERR,ERR,ERR,ERR,ERR,ERR,ERR,ERR,ERR,ERR,ERR,ERR,ERR,ERR,ERR,ERR,ERR,ERR,ERR,ERR,ERR,ERR,ERR,ERR,ERR,ERR,ERR,ERR,34.0,80.0,35,0.0,0.0,0.0,0.0,0.0,0.0,0.0,0.0,0.0,0.0,0.0,0.0,0.0,0.0,0.0,0.0,65.6,0,120,58,53,65476,0,300,0,0,8,20529,65476,0,0,57672,80.0,0.0,0.0,0.0,0.0,0.0
2026-06-18T02:38:53,ERR,ERR,ERR,ERR,ERR,ERR,ERR,ERR,ERR,ERR,ERR,ERR,ERR,ERR,ERR,ERR,ERR,ERR,ERR,ERR,ERR,ERR,ERR,ERR,ERR,ERR,ERR,ERR,ERR,ERR,ERR,ERR,ERR,ERR,ERR,ERR,ERR,ERR,ERR,ERR,ERR,ERR,ERR,ERR,ERR,ERR,ERR,ERR,ERR,ERR,ERR,ERR,ERR,ERR,ERR,ERR,ERR,ERR,ERR,ERR,ERR,ERR,ERR,ERR,ERR,ERR,ERR,ERR,ERR,ERR,ERR,ERR,ERR,ERR,ERR,ERR,ERR,ERR,ERR,ERR,ERR,ERR,ERR,ERR,ERR,ERR,ERR,ERR,ERR,ERR,ERR,ERR,ERR,ERR,ERR,ERR,ERR,ERR,ERR,ERR,ERR,ERR,ERR,ERR,ERR,ERR,ERR,ERR,ERR,ERR,ERR,ERR,ERR,ERR,ERR,ERR,ERR,ERR,ERR,ERR,ERR,ERR,ERR,ERR,ERR,2.7184312818759872e+23,0.0,0.0,-0.0,nan,1.3936040501711995e+18,7.805,1.203397215123588e+25,0,0,4,48961,6720,14723890282496.0,100,0.0,0.0,0.0,-4.9501291711397626e+32,0.0,0,0,0,0,0.0,0,0,0,0,0,0,0,0,0,0,0,0,0,0,0,0,0,0,0,0,0,0,0,0,0,0,0,0,0,0,0,0,0,26,51,50,76,65476,0,300,0,0,8,21553,0.0,-107605600.0,0.0,0.0,0.0,0.0,0.0,0.0,0.0,0.0,0.0,0.0,0.0,0.0,0.0,0.0,0.0,0.0,0.0,0.0,0.0,0.0,-2.004,0.0,-2.004,-2.004,0.0,0.0,0.0,0.0,4769.0,-8608175104.0,7290.0,2.7184312818759872e+23,0.0,-0.0,-0.0,0.0,0.0,0.0,0.0,77,0.0,-71.629,0.0,0.0,0.0,0.0,0.0,0.0,0.0,0,0,0,0.0,0.0,0.0,0.0,0.0,0.0,0.0,0.0,0.0,0.0,0.0,0.0,0.0,0.0,0.0,0.0,0,-107875648.0,77,0.0,154,0.0,0.0,ERR,ERR,ERR,ERR,ERR,ERR,ERR,ERR,ERR,ERR,ERR,ERR,ERR,ERR,ERR,ERR,ERR,ERR,ERR,ERR,ERR,ERR,ERR,ERR,ERR,ERR,ERR,ERR,ERR,ERR,ERR,ERR,ERR,ERR,ERR,ERR,ERR,ERR,ERR,ERR,ERR,ERR,ERR,ERR,ERR,ERR,ERR,ERR,ERR,ERR,ERR,ERR,ERR,ERR,ERR,ERR,ERR,ERR,ERR,ERR,ERR,ERR,ERR,ERR,ERR,ERR,ERR,34.0,80.0,35,0.0,0.0,0.0,0.0,0.0,0.0,0.0,0.0,0.0,0.0,0.0,0.0,0.0,0.0,0.0,0.0,65.6,0,120,58,53,65476,0,300,0,0,8,20529,65476,0,0,57672,80.0,0.0,0.0,0.0,0.0,0.0
2026-06-18T02:38:54,ERR,ERR,ERR,ERR,ERR,ERR,ERR,ERR,ERR,ERR,ERR,ERR,ERR,ERR,ERR,ERR,ERR,ERR,ERR,ERR,ERR,ERR,ERR,ERR,ERR,ERR,ERR,ERR,ERR,ERR,ERR,ERR,ERR,ERR,ERR,ERR,ERR,ERR,ERR,ERR,ERR,ERR,ERR,ERR,ERR,ERR,ERR,ERR,ERR,ERR,ERR,ERR,ERR,ERR,ERR,ERR,ERR,ERR,ERR,ERR,ERR,ERR,ERR,ERR,ERR,ERR,ERR,ERR,ERR,ERR,ERR,ERR,ERR,ERR,ERR,ERR,ERR,ERR,ERR,ERR,ERR,ERR,ERR,ERR,ERR,ERR,ERR,ERR,ERR,ERR,ERR,ERR,ERR,ERR,ERR,ERR,ERR,ERR,ERR,ERR,ERR,ERR,ERR,ERR,ERR,ERR,ERR,ERR,ERR,ERR,ERR,ERR,ERR,ERR,ERR,ERR,ERR,ERR,ERR,ERR,ERR,ERR,ERR,ERR,ERR,2.7184312818759872e+23,0.0,0.0,-0.0,nan,1.3936040501711995e+18,7.805,1.203397215123588e+25,0,0,4,48961,6720,14723890282496.0,100,0.0,0.0,0.0,-4.9501291711397626e+32,0.0,0,0,0,0,0.0,0,0,0,0,0,0,0,0,0,0,0,0,0,0,0,0,0,0,0,0,0,0,0,0,0,0,0,0,0,0,0,0,0,26,51,50,76,65476,0,300,0,0,8,21553,0.0,-107605600.0,0.0,0.0,0.0,0.0,0.0,0.0,0.0,0.0,0.0,0.0,0.0,0.0,0.0,0.0,0.0,0.0,0.0,0.0,0.0,0.0,-2.004,0.0,-2.004,-2.004,0.0,0.0,0.0,0.0,4769.0,-8608175104.0,7290.0,2.7184312818759872e+23,0.0,-0.0,-0.0,0.0,0.0,0.0,0.0,77,0.0,-71.629,0.0,0.0,0.0,0.0,0.0,0.0,0.0,0,0,0,0.0,0.0,0.0,0.0,0.0,0.0,0.0,0.0,0.0,0.0,0.0,0.0,0.0,0.0,0.0,0.0,0,-107875648.0,77,0.0,154,0.0,0.0,ERR,ERR,ERR,ERR,ERR,ERR,ERR,ERR,ERR,ERR,ERR,ERR,ERR,ERR,ERR,ERR,ERR,ERR,ERR,ERR,ERR,ERR,ERR,ERR,ERR,ERR,ERR,ERR,ERR,ERR,ERR,ERR,ERR,ERR,ERR,ERR,ERR,ERR,ERR,ERR,ERR,ERR,ERR,ERR,ERR,ERR,ERR,ERR,ERR,ERR,ERR,ERR,ERR,ERR,ERR,ERR,ERR,ERR,ERR,ERR,ERR,ERR,ERR,ERR,ERR,ERR,ERR,34.0,80.0,35,0.0,0.0,0.0,0.0,0.0,0.0,0.0,0.0,0.0,0.0,0.0,0.0,0.0,0.0,0.0,0.0,65.6,0,120,58,53,65476,0,300,0,0,8,20529,65476,0,0,57672,80.0,0.0,0.0,0.0,0.0,0.0
2026-06-18T02:38:55,ERR,ERR,ERR,ERR,ERR,ERR,ERR,ERR,ERR,ERR,ERR,ERR,ERR,ERR,ERR,ERR,ERR,ERR,ERR,ERR,ERR,ERR,ERR,ERR,ERR,ERR,ERR,ERR,ERR,ERR,ERR,ERR,ERR,ERR,ERR,ERR,ERR,ERR,ERR,ERR,ERR,ERR,ERR,ERR,ERR,ERR,ERR,ERR,ERR,ERR,ERR,ERR,ERR,ERR,ERR,ERR,ERR,ERR,ERR,ERR,ERR,ERR,ERR,ERR,ERR,ERR,ERR,ERR,ERR,ERR,ERR,ERR,ERR,ERR,ERR,ERR,ERR,ERR,ERR,ERR,ERR,ERR,ERR,ERR,ERR,ERR,ERR,ERR,ERR,ERR,ERR,ERR,ERR,ERR,ERR,ERR,ERR,ERR,ERR,ERR,ERR,ERR,ERR,ERR,ERR,ERR,ERR,ERR,ERR,ERR,ERR,ERR,ERR,ERR,ERR,ERR,ERR,ERR,ERR,ERR,ERR,ERR,ERR,ERR,ERR,2.7184312818759872e+23,0.0,0.0,-0.0,nan,1.3936040501711995e+18,7.805,1.203397215123588e+25,0,0,4,48961,6720,14723890282496.0,100,0.0,0.0,0.0,-4.9501291711397626e+32,0.0,0,0,0,0,0.0,0,0,0,0,0,0,0,0,0,0,0,0,0,0,0,0,0,0,0,0,0,0,0,0,0,0,0,0,0,0,0,0,0,26,51,50,76,65476,0,300,0,0,8,21553,0.0,-107605600.0,0.0,0.0,0.0,0.0,0.0,0.0,0.0,0.0,0.0,0.0,0.0,0.0,0.0,0.0,0.0,0.0,0.0,0.0,0.0,0.0,-2.004,0.0,-2.004,-2.004,0.0,0.0,0.0,0.0,4769.0,-8608175104.0,7290.0,2.7184312818759872e+23,0.0,-0.0,-0.0,0.0,0.0,0.0,0.0,77,0.0,-71.629,0.0,0.0,0.0,0.0,0.0,0.0,0.0,0,0,0,0.0,0.0,0.0,0.0,0.0,0.0,0.0,0.0,0.0,0.0,0.0,0.0,0.0,0.0,0.0,0.0,0,-107875648.0,77,0.0,154,0.0,0.0,ERR,ERR,ERR,ERR,ERR,ERR,ERR,ERR,ERR,ERR,ERR,ERR,ERR,ERR,ERR,ERR,ERR,ERR,ERR,ERR,ERR,ERR,ERR,ERR,ERR,ERR,ERR,ERR,ERR,ERR,ERR,ERR,ERR,ERR,ERR,ERR,ERR,ERR,ERR,ERR,ERR,ERR,ERR,ERR,ERR,ERR,ERR,ERR,ERR,ERR,ERR,ERR,ERR,ERR,ERR,ERR,ERR,ERR,ERR,ERR,ERR,ERR,ERR,ERR,ERR,ERR,ERR,34.0,80.0,35,0.0,0.0,0.0,0.0,0.0,0.0,0.0,0.0,0.0,0.0,0.0,0.0,0.0,0.0,0.0,0.0,65.6,0,120,58,53,65476,0,300,0,0,8,20529,65476,0,0,57672,80.0,0.0,0.0,0.0,0.0,0.0
2026-06-18T02:38:56,ERR,ERR,ERR,ERR,ERR,ERR,ERR,ERR,ERR,ERR,ERR,ERR,ERR,ERR,ERR,ERR,ERR,ERR,ERR,ERR,ERR,ERR,ERR,ERR,ERR,ERR,ERR,ERR,ERR,ERR,ERR,ERR,ERR,ERR,ERR,ERR,ERR,ERR,ERR,ERR,ERR,ERR,ERR,ERR,ERR,ERR,ERR,ERR,ERR,ERR,ERR,ERR,ERR,ERR,ERR,ERR,ERR,ERR,ERR,ERR,ERR,ERR,ERR,ERR,ERR,ERR,ERR,ERR,ERR,ERR,ERR,ERR,ERR,ERR,ERR,ERR,ERR,ERR,ERR,ERR,ERR,ERR,ERR,ERR,ERR,ERR,ERR,ERR,ERR,ERR,ERR,ERR,ERR,ERR,ERR,ERR,ERR,ERR,ERR,ERR,ERR,ERR,ERR,ERR,ERR,ERR,ERR,ERR,ERR,ERR,ERR,ERR,ERR,ERR,ERR,ERR,ERR,ERR,ERR,ERR,ERR,ERR,ERR,ERR,ERR,2.7184312818759872e+23,0.0,0.0,-0.0,nan,1.3936040501711995e+18,7.805,1.203397215123588e+25,0,0,4,48961,6720,14723890282496.0,100,0.0,0.0,0.0,-4.9501291711397626e+32,0.0,0,0,0,0,0.0,0,0,0,0,0,0,0,0,0,0,0,0,0,0,0,0,0,0,0,0,0,0,0,0,0,0,0,0,0,0,0,0,0,26,51,50,76,65476,0,300,0,0,8,21553,0.0,-107605600.0,0.0,0.0,0.0,0.0,0.0,0.0,0.0,0.0,0.0,0.0,0.0,0.0,0.0,0.0,0.0,0.0,0.0,0.0,0.0,0.0,-2.004,0.0,-2.004,-2.004,0.0,0.0,0.0,0.0,4769.0,-8608175104.0,7290.0,2.7184312818759872e+23,0.0,-0.0,-0.0,0.0,0.0,0.0,0.0,77,0.0,-71.629,0.0,0.0,0.0,0.0,0.0,0.0,0.0,0,0,0,0.0,0.0,0.0,0.0,0.0,0.0,0.0,0.0,0.0,0.0,0.0,0.0,0.0,0.0,0.0,0.0,0,-107875648.0,77,0.0,154,0.0,0.0,ERR,ERR,ERR,ERR,ERR,ERR,ERR,ERR,ERR,ERR,ERR,ERR,ERR,ERR,ERR,ERR,ERR,ERR,ERR,ERR,ERR,ERR,ERR,ERR,ERR,ERR,ERR,ERR,ERR,ERR,ERR,ERR,ERR,ERR,ERR,ERR,ERR,ERR,ERR,ERR,ERR,ERR,ERR,ERR,ERR,ERR,ERR,ERR,ERR,ERR,ERR,ERR,ERR,ERR,ERR,ERR,ERR,ERR,ERR,ERR,ERR,ERR,ERR,ERR,ERR,ERR,ERR,34.0,80.0,35,0.0,0.0,0.0,0.0,0.0,0.0,0.0,0.0,0.0,0.0,0.0,0.0,0.0,0.0,0.0,0.0,66.4,0,120,58,53,65476,0,300,0,0,8,20529,65476,0,0,57672,80.0,0.0,0.0,0.0,0.0,0.0
2026-06-18T02:38:57,ERR,ERR,ERR,ERR,ERR,ERR,ERR,ERR,ERR,ERR,ERR,ERR,ERR,ERR,ERR,ERR,ERR,ERR,ERR,ERR,ERR,ERR,ERR,ERR,ERR,ERR,ERR,ERR,ERR,ERR,ERR,ERR,ERR,ERR,ERR,ERR,ERR,ERR,ERR,ERR,ERR,ERR,ERR,ERR,ERR,ERR,ERR,ERR,ERR,ERR,ERR,ERR,ERR,ERR,ERR,ERR,ERR,ERR,ERR,ERR,ERR,ERR,ERR,ERR,ERR,ERR,ERR,ERR,ERR,ERR,ERR,ERR,ERR,ERR,ERR,ERR,ERR,ERR,ERR,ERR,ERR,ERR,ERR,ERR,ERR,ERR,ERR,ERR,ERR,ERR,ERR,ERR,ERR,ERR,ERR,ERR,ERR,ERR,ERR,ERR,ERR,ERR,ERR,ERR,ERR,ERR,ERR,ERR,ERR,ERR,ERR,ERR,ERR,ERR,ERR,ERR,ERR,ERR,ERR,ERR,ERR,ERR,ERR,ERR,ERR,2.7184312818759872e+23,0.0,0.0,-152005385388032.0,1.6,1.3936040501711995e+18,7.805,0.0,0,0,4,48957,6720,14723890282496.0,100,0.0,0.0,0.0,-0.0,0.0,0,0,0,0,0.0,0,0,0,0,0,0,0,0,0,0,0,0,0,0,0,0,0,0,0,0,0,0,0,0,0,0,0,0,0,0,0,0,0,26,51,50,76,65476,0,300,0,0,8,21553,0.0,-107605600.0,0.0,0.0,0.0,0.0,0.0,0.0,0.0,0.0,0.0,0.0,0.0,0.0,0.0,0.0,0.0,0.0,0.0,0.0,0.0,0.0,-2.004,0.0,-2.004,-2.004,0.0,0.0,0.0,0.0,4770.0,-0.0,7286.0,2.7184312818759872e+23,0.0,-0.0,-0.0,0.0,0.0,0.0,0.0,77,0.0,-0.0,0.0,0.0,0.0,0.0,0.0,0.0,0.0,0,0,0,0.0,0.0,0.0,0.0,0.0,0.0,0.0,0.0,0.0,0.0,0.0,0.0,0.0,0.0,0.0,0.0,0,-107875648.0,77,0.0,154,0.0,0.0,ERR,ERR,ERR,ERR,ERR,ERR,ERR,ERR,ERR,ERR,ERR,ERR,ERR,ERR,ERR,ERR,ERR,ERR,ERR,ERR,ERR,ERR,ERR,ERR,ERR,ERR,ERR,ERR,ERR,ERR,ERR,ERR,ERR,ERR,ERR,ERR,ERR,ERR,ERR,ERR,ERR,ERR,ERR,ERR,ERR,ERR,ERR,ERR,ERR,ERR,ERR,ERR,ERR,ERR,ERR,ERR,ERR,ERR,ERR,ERR,ERR,ERR,ERR,ERR,ERR,ERR,ERR,34.0,80.0,35,0.0,0.0,0.0,0.0,0.0,0.0,0.0,0.0,0.0,0.0,0.0,0.0,0.0,0.0,0.0,0.0,66.4,0,120,58,53,65476,0,300,0,0,8,20529,65476,0,0,57672,80.0,0.0,0.0,0.0,0.0,0.0
2026-06-18T02:38:58,ERR,ERR,ERR,ERR,ERR,ERR,ERR,ERR,ERR,ERR,ERR,ERR,ERR,ERR,ERR,ERR,ERR,ERR,ERR,ERR,ERR,ERR,ERR,ERR,ERR,ERR,ERR,ERR,ERR,ERR,ERR,ERR,ERR,ERR,ERR,ERR,ERR,ERR,ERR,ERR,ERR,ERR,ERR,ERR,ERR,ERR,ERR,ERR,ERR,ERR,ERR,ERR,ERR,ERR,ERR,ERR,ERR,ERR,ERR,ERR,ERR,ERR,ERR,ERR,ERR,ERR,ERR,ERR,ERR,ERR,ERR,ERR,ERR,ERR,ERR,ERR,ERR,ERR,ERR,ERR,ERR,ERR,ERR,ERR,ERR,ERR,ERR,ERR,ERR,ERR,ERR,ERR,ERR,ERR,ERR,ERR,ERR,ERR,ERR,ERR,ERR,ERR,ERR,ERR,ERR,ERR,ERR,ERR,ERR,ERR,ERR,ERR,ERR,ERR,ERR,ERR,ERR,ERR,ERR,ERR,ERR,ERR,ERR,ERR,ERR,2.7184312818759872e+23,0.0,0.0,-152005385388032.0,1.6,1.3936040501711995e+18,7.805,0.0,0,0,4,48957,6720,14723890282496.0,100,0.0,0.0,0.0,-0.0,0.0,0,0,0,0,0.0,0,0,0,0,0,0,0,0,0,0,0,0,0,0,0,0,0,0,0,0,0,0,0,0,0,0,0,0,0,0,0,0,0,26,51,50,76,65476,0,300,0,0,8,21553,0.0,-107605600.0,0.0,0.0,0.0,0.0,0.0,0.0,0.0,0.0,0.0,0.0,0.0,0.0,0.0,0.0,0.0,0.0,0.0,0.0,0.0,0.0,-2.004,0.0,-2.004,-2.004,0.0,0.0,0.0,0.0,4770.0,-0.0,7286.0,2.7184312818759872e+23,0.0,-0.0,-0.0,0.0,0.0,0.0,0.0,77,0.0,-0.0,0.0,0.0,0.0,0.0,0.0,0.0,0.0,0,0,0,0.0,0.0,0.0,0.0,0.0,0.0,0.0,0.0,0.0,0.0,0.0,0.0,0.0,0.0,0.0,0.0,0,-107875648.0,77,0.0,154,0.0,0.0,ERR,ERR,ERR,ERR,ERR,ERR,ERR,ERR,ERR,ERR,ERR,ERR,ERR,ERR,ERR,ERR,ERR,ERR,ERR,ERR,ERR,ERR,ERR,ERR,ERR,ERR,ERR,ERR,ERR,ERR,ERR,ERR,ERR,ERR,ERR,ERR,ERR,ERR,ERR,ERR,ERR,ERR,ERR,ERR,ERR,ERR,ERR,ERR,ERR,ERR,ERR,ERR,ERR,ERR,ERR,ERR,ERR,ERR,ERR,ERR,ERR,ERR,ERR,ERR,ERR,ERR,ERR,34.0,80.0,35,0.0,0.0,0.0,0.0,0.0,0.0,0.0,0.0,0.0,0.0,0.0,0.0,0.0,0.0,0.0,0.0,65.6,0,120,58,53,65476,0,300,0,0,8,20529,65476,0,0,57672,80.0,0.0,0.0,0.0,0.0,0.0
2026-06-18T02:38:59,ERR,ERR,ERR,ERR,ERR,ERR,ERR,ERR,ERR,ERR,ERR,ERR,ERR,ERR,ERR,ERR,ERR,ERR,ERR,ERR,ERR,ERR,ERR,ERR,ERR,ERR,ERR,ERR,ERR,ERR,ERR,ERR,ERR,ERR,ERR,ERR,ERR,ERR,ERR,ERR,ERR,ERR,ERR,ERR,ERR,ERR,ERR,ERR,ERR,ERR,ERR,ERR,ERR,ERR,ERR,ERR,ERR,ERR,ERR,ERR,ERR,ERR,ERR,ERR,ERR,ERR,ERR,ERR,ERR,ERR,ERR,ERR,ERR,ERR,ERR,ERR,ERR,ERR,ERR,ERR,ERR,ERR,ERR,ERR,ERR,ERR,ERR,ERR,ERR,ERR,ERR,ERR,ERR,ERR,ERR,ERR,ERR,ERR,ERR,ERR,ERR,ERR,ERR,ERR,ERR,ERR,ERR,ERR,ERR,ERR,ERR,ERR,ERR,ERR,ERR,ERR,ERR,ERR,ERR,ERR,ERR,ERR,ERR,ERR,ERR,2.7184312818759872e+23,0.0,0.0,-152005385388032.0,1.6,1.3936040501711995e+18,7.805,0.0,0,0,4,48957,6720,14723890282496.0,100,0.0,0.0,0.0,-0.0,0.0,0,0,0,0,0.0,0,0,0,0,0,0,0,0,0,0,0,0,0,0,0,0,0,0,0,0,0,0,0,0,0,0,0,0,0,0,0,0,0,26,51,50,76,65476,0,300,0,0,8,21553,0.0,-107605600.0,0.0,0.0,0.0,0.0,0.0,0.0,0.0,0.0,0.0,0.0,0.0,0.0,0.0,0.0,0.0,0.0,0.0,0.0,0.0,0.0,-2.004,0.0,-2.004,-2.004,0.0,0.0,0.0,0.0,4770.0,-0.0,7286.0,2.7184312818759872e+23,0.0,-0.0,-0.0,0.0,0.0,0.0,0.0,77,0.0,-0.0,0.0,0.0,0.0,0.0,0.0,0.0,0.0,0,0,0,0.0,0.0,0.0,0.0,0.0,0.0,0.0,0.0,0.0,0.0,0.0,0.0,0.0,0.0,0.0,0.0,0,-107875648.0,77,0.0,154,0.0,0.0,ERR,ERR,ERR,ERR,ERR,ERR,ERR,ERR,ERR,ERR,ERR,ERR,ERR,ERR,ERR,ERR,ERR,ERR,ERR,ERR,ERR,ERR,ERR,ERR,ERR,ERR,ERR,ERR,ERR,ERR,ERR,ERR,ERR,ERR,ERR,ERR,ERR,ERR,ERR,ERR,ERR,ERR,ERR,ERR,ERR,ERR,ERR,ERR,ERR,ERR,ERR,ERR,ERR,ERR,ERR,ERR,ERR,ERR,ERR,ERR,ERR,ERR,ERR,ERR,ERR,ERR,ERR,34.0,80.0,35,0.0,0.0,0.0,0.0,0.0,0.0,0.0,0.0,0.0,0.0,0.0,0.0,0.0,0.0,0.0,0.0,65.6,0,120,58,53,65476,0,300,0,0,8,20529,65476,0,0,57672,80.0,0.0,0.0,0.0,0.0,0.0
2026-06-18T02:39:00,ERR,ERR,ERR,ERR,ERR,ERR,ERR,ERR,ERR,ERR,ERR,ERR,ERR,ERR,ERR,ERR,ERR,ERR,ERR,ERR,ERR,ERR,ERR,ERR,ERR,ERR,ERR,ERR,ERR,ERR,ERR,ERR,ERR,ERR,ERR,ERR,ERR,ERR,ERR,ERR,ERR,ERR,ERR,ERR,ERR,ERR,ERR,ERR,ERR,ERR,ERR,ERR,ERR,ERR,ERR,ERR,ERR,ERR,ERR,ERR,ERR,ERR,ERR,ERR,ERR,ERR,ERR,ERR,ERR,ERR,ERR,ERR,ERR,ERR,ERR,ERR,ERR,ERR,ERR,ERR,ERR,ERR,ERR,ERR,ERR,ERR,ERR,ERR,ERR,ERR,ERR,ERR,ERR,ERR,ERR,ERR,ERR,ERR,ERR,ERR,ERR,ERR,ERR,ERR,ERR,ERR,ERR,ERR,ERR,ERR,ERR,ERR,ERR,ERR,ERR,ERR,ERR,ERR,ERR,ERR,ERR,ERR,ERR,ERR,ERR,2.7184312818759872e+23,0.0,0.0,-152005385388032.0,1.6,1.3936040501711995e+18,7.805,0.0,0,0,4,48957,6720,14723890282496.0,100,0.0,0.0,0.0,-0.0,0.0,0,0,0,0,0.0,0,0,0,0,0,0,0,0,0,0,0,0,0,0,0,0,0,0,0,0,0,0,0,0,0,0,0,0,0,0,0,0,0,26,51,50,76,65476,0,300,0,0,8,21553,0.0,-107605600.0,0.0,0.0,0.0,0.0,0.0,0.0,0.0,0.0,0.0,0.0,0.0,0.0,0.0,0.0,0.0,0.0,0.0,0.0,0.0,0.0,-2.004,0.0,-2.004,-2.004,0.0,0.0,0.0,0.0,4770.0,-0.0,7286.0,2.7184312818759872e+23,0.0,-0.0,-0.0,0.0,0.0,0.0,0.0,77,0.0,-0.0,0.0,0.0,0.0,0.0,0.0,0.0,0.0,0,0,0,0.0,0.0,0.0,0.0,0.0,0.0,0.0,0.0,0.0,0.0,0.0,0.0,0.0,0.0,0.0,0.0,0,-107875648.0,77,0.0,154,0.0,0.0,ERR,ERR,ERR,ERR,ERR,ERR,ERR,ERR,ERR,ERR,ERR,ERR,ERR,ERR,ERR,ERR,ERR,ERR,ERR,ERR,ERR,ERR,ERR,ERR,ERR,ERR,ERR,ERR,ERR,ERR,ERR,ERR,ERR,ERR,ERR,ERR,ERR,ERR,ERR,ERR,ERR,ERR,ERR,ERR,ERR,ERR,ERR,ERR,ERR,ERR,ERR,ERR,ERR,ERR,ERR,ERR,ERR,ERR,ERR,ERR,ERR,ERR,ERR,ERR,ERR,ERR,ERR,34.0,80.0,35,0.0,0.0,0.0,0.0,0.0,0.0,0.0,0.0,0.0,0.0,0.0,0.0,0.0,0.0,0.0,0.0,65.6,0,120,58,53,65476,0,300,0,0,8,20529,65476,0,0,57672,80.0,0.0,0.0,0.0,0.0,0.0
2026-06-18T02:39:01,ERR,ERR,ERR,ERR,ERR,ERR,ERR,ERR,ERR,ERR,ERR,ERR,ERR,ERR,ERR,ERR,ERR,ERR,ERR,ERR,ERR,ERR,ERR,ERR,ERR,ERR,ERR,ERR,ERR,ERR,ERR,ERR,ERR,ERR,ERR,ERR,ERR,ERR,ERR,ERR,ERR,ERR,ERR,ERR,ERR,ERR,ERR,ERR,ERR,ERR,ERR,ERR,ERR,ERR,ERR,ERR,ERR,ERR,ERR,ERR,ERR,ERR,ERR,ERR,ERR,ERR,ERR,ERR,ERR,ERR,ERR,ERR,ERR,ERR,ERR,ERR,ERR,ERR,ERR,ERR,ERR,ERR,ERR,ERR,ERR,ERR,ERR,ERR,ERR,ERR,ERR,ERR,ERR,ERR,ERR,ERR,ERR,ERR,ERR,ERR,ERR,ERR,ERR,ERR,ERR,ERR,ERR,ERR,ERR,ERR,ERR,ERR,ERR,ERR,ERR,ERR,ERR,ERR,ERR,ERR,ERR,ERR,ERR,ERR,ERR,2.7184312818759872e+23,0.0,0.0,-152005385388032.0,1.6,1.3936040501711995e+18,7.805,0.0,0,0,4,48957,6720,14723890282496.0,100,0.0,0.0,0.0,-0.0,0.0,0,0,0,0,0.0,0,0,0,0,0,0,0,0,0,0,0,0,0,0,0,0,0,0,0,0,0,0,0,0,0,0,0,0,0,0,0,0,0,26,51,50,76,65476,0,300,0,0,8,21553,0.0,-107605600.0,0.0,0.0,0.0,0.0,0.0,0.0,0.0,0.0,0.0,0.0,0.0,0.0,0.0,0.0,0.0,0.0,0.0,0.0,0.0,0.0,-2.004,0.0,-2.004,-2.004,0.0,0.0,0.0,0.0,4770.0,-0.0,7286.0,2.7184312818759872e+23,0.0,-0.0,-0.0,0.0,0.0,0.0,0.0,77,0.0,-0.0,0.0,0.0,0.0,0.0,0.0,0.0,0.0,0,0,0,0.0,0.0,0.0,0.0,0.0,0.0,0.0,0.0,0.0,0.0,0.0,0.0,0.0,0.0,0.0,0.0,0,-107875648.0,77,0.0,154,0.0,0.0,ERR,ERR,ERR,ERR,ERR,ERR,ERR,ERR,ERR,ERR,ERR,ERR,ERR,ERR,ERR,ERR,ERR,ERR,ERR,ERR,ERR,ERR,ERR,ERR,ERR,ERR,ERR,ERR,ERR,ERR,ERR,ERR,ERR,ERR,ERR,ERR,ERR,ERR,ERR,ERR,ERR,ERR,ERR,ERR,ERR,ERR,ERR,ERR,ERR,ERR,ERR,ERR,ERR,ERR,ERR,ERR,ERR,ERR,ERR,ERR,ERR,ERR,ERR,ERR,ERR,ERR,ERR,34.0,80.0,35,0.0,0.0,0.0,0.0,0.0,0.0,0.0,0.0,0.0,0.0,0.0,0.0,0.0,0.0,0.0,0.0,65.6,0,120,58,53,65476,0,300,0,0,8,20529,65476,0,0,57672,80.0,0.0,0.0,0.0,0.0,0.0
2026-06-18T02:39:02,ERR,ERR,ERR,ERR,ERR,ERR,ERR,ERR,ERR,ERR,ERR,ERR,ERR,ERR,ERR,ERR,ERR,ERR,ERR,ERR,ERR,ERR,ERR,ERR,ERR,ERR,ERR,ERR,ERR,ERR,ERR,ERR,ERR,ERR,ERR,ERR,ERR,ERR,ERR,ERR,ERR,ERR,ERR,ERR,ERR,ERR,ERR,ERR,ERR,ERR,ERR,ERR,ERR,ERR,ERR,ERR,ERR,ERR,ERR,ERR,ERR,ERR,ERR,ERR,ERR,ERR,ERR,ERR,ERR,ERR,ERR,ERR,ERR,ERR,ERR,ERR,ERR,ERR,ERR,ERR,ERR,ERR,ERR,ERR,ERR,ERR,ERR,ERR,ERR,ERR,ERR,ERR,ERR,ERR,ERR,ERR,ERR,ERR,ERR,ERR,ERR,ERR,ERR,ERR,ERR,ERR,ERR,ERR,ERR,ERR,ERR,ERR,ERR,ERR,ERR,ERR,ERR,ERR,ERR,ERR,ERR,ERR,ERR,ERR,ERR,2.7184312818759872e+23,0.0,0.0,-107609184.0,nan,1.3936040501711995e+18,7.805,0.0,0,0,4,48961,6720,14723890282496.0,100,0.0,0.0,0.0,2.718290229135658e+23,0.0,0,0,0,0,0.0,0,0,0,0,0,0,0,0,0,0,0,0,0,0,0,0,0,0,0,0,0,0,0,0,0,0,0,0,0,0,0,0,0,26,51,50,76,65476,0,300,0,0,8,21553,0.0,-107605600.0,0.0,0.0,0.0,0.0,0.0,0.0,0.0,0.0,0.0,0.0,0.0,0.0,0.0,0.0,0.0,0.0,0.0,0.0,0.0,0.0,-2.004,0.0,-2.004,-2.004,0.0,0.0,0.0,0.0,4770.0,-0.0,7286.0,2.7184312818759872e+23,0.0,-0.0,-0.0,0.0,0.0,0.0,0.0,77,0.0,-0.0,0.0,0.0,0.0,0.0,0.0,0.0,0.0,0,0,0,0.0,0.0,0.0,0.0,0.0,0.0,0.0,0.0,0.0,0.0,0.0,0.0,0.0,0.0,0.0,0.0,0,-107875648.0,77,0.0,154,0.0,0.0,ERR,ERR,ERR,ERR,ERR,ERR,ERR,ERR,ERR,ERR,ERR,ERR,ERR,ERR,ERR,ERR,ERR,ERR,ERR,ERR,ERR,ERR,ERR,ERR,ERR,ERR,ERR,ERR,ERR,ERR,ERR,ERR,ERR,ERR,ERR,ERR,ERR,ERR,ERR,ERR,ERR,ERR,ERR,ERR,ERR,ERR,ERR,ERR,ERR,ERR,ERR,ERR,ERR,ERR,ERR,ERR,ERR,ERR,ERR,ERR,ERR,ERR,ERR,ERR,ERR,ERR,ERR,34.0,80.0,35,0.0,0.0,0.0,0.0,0.0,0.0,0.0,0.0,0.0,0.0,0.0,0.0,0.0,0.0,0.0,0.0,65.6,0,120,58,53,65476,0,300,0,0,8,20529,65476,0,0,57672,80.0,0.0,0.0,0.0,0.0,0.0
2026-06-18T02:39:03,ERR,ERR,ERR,ERR,ERR,ERR,ERR,ERR,ERR,ERR,ERR,ERR,ERR,ERR,ERR,ERR,ERR,ERR,ERR,ERR,ERR,ERR,ERR,ERR,ERR,ERR,ERR,ERR,ERR,ERR,ERR,ERR,ERR,ERR,ERR,ERR,ERR,ERR,ERR,ERR,ERR,ERR,ERR,ERR,ERR,ERR,ERR,ERR,ERR,ERR,ERR,ERR,ERR,ERR,ERR,ERR,ERR,ERR,ERR,ERR,ERR,ERR,ERR,ERR,ERR,ERR,ERR,ERR,ERR,ERR,ERR,ERR,ERR,ERR,ERR,ERR,ERR,ERR,ERR,ERR,ERR,ERR,ERR,ERR,ERR,ERR,ERR,ERR,ERR,ERR,ERR,ERR,ERR,ERR,ERR,ERR,ERR,ERR,ERR,ERR,ERR,ERR,ERR,ERR,ERR,ERR,ERR,ERR,ERR,ERR,ERR,ERR,ERR,ERR,ERR,ERR,ERR,ERR,ERR,ERR,ERR,ERR,ERR,ERR,ERR,2.7184312818759872e+23,0.0,0.0,-107609184.0,nan,1.3936040501711995e+18,7.805,0.0,0,0,4,48961,6720,14723890282496.0,100,0.0,0.0,0.0,2.718290229135658e+23,0.0,0,0,0,0,0.0,0,0,0,0,0,0,0,0,0,0,0,0,0,0,0,0,0,0,0,0,0,0,0,0,0,0,0,0,0,0,0,0,0,26,51,50,76,65476,0,300,0,0,8,21553,0.0,-107605600.0,0.0,0.0,0.0,0.0,0.0,0.0,0.0,0.0,0.0,0.0,0.0,0.0,0.0,0.0,0.0,0.0,0.0,0.0,0.0,0.0,-2.004,0.0,-2.004,-2.004,0.0,0.0,0.0,0.0,4770.0,-0.0,7286.0,2.7184312818759872e+23,0.0,-0.0,-0.0,0.0,0.0,0.0,0.0,77,0.0,-0.0,0.0,0.0,0.0,0.0,0.0,0.0,0.0,0,0,0,0.0,0.0,0.0,0.0,0.0,0.0,0.0,0.0,0.0,0.0,0.0,0.0,0.0,0.0,0.0,0.0,0,-107875648.0,77,0.0,154,0.0,0.0,ERR,ERR,ERR,ERR,ERR,ERR,ERR,ERR,ERR,ERR,ERR,ERR,ERR,ERR,ERR,ERR,ERR,ERR,ERR,ERR,ERR,ERR,ERR,ERR,ERR,ERR,ERR,ERR,ERR,ERR,ERR,ERR,ERR,ERR,ERR,ERR,ERR,ERR,ERR,ERR,ERR,ERR,ERR,ERR,ERR,ERR,ERR,ERR,ERR,ERR,ERR,ERR,ERR,ERR,ERR,ERR,ERR,ERR,ERR,ERR,ERR,ERR,ERR,ERR,ERR,ERR,ERR,34.0,80.0,35,0.0,0.0,0.0,0.0,0.0,0.0,0.0,0.0,0.0,0.0,0.0,0.0,0.0,0.0,0.0,0.0,66.4,0,120,58,53,65476,0,300,0,0,8,20529,65476,0,0,57672,80.0,0.0,0.0,0.0,0.0,0.0
2026-06-18T02:39:04,ERR,ERR,ERR,ERR,ERR,ERR,ERR,ERR,ERR,ERR,ERR,ERR,ERR,ERR,ERR,ERR,ERR,ERR,ERR,ERR,ERR,ERR,ERR,ERR,ERR,ERR,ERR,ERR,ERR,ERR,ERR,ERR,ERR,ERR,ERR,ERR,ERR,ERR,ERR,ERR,ERR,ERR,ERR,ERR,ERR,ERR,ERR,ERR,ERR,ERR,ERR,ERR,ERR,ERR,ERR,ERR,ERR,ERR,ERR,ERR,ERR,ERR,ERR,ERR,ERR,ERR,ERR,ERR,ERR,ERR,ERR,ERR,ERR,ERR,ERR,ERR,ERR,ERR,ERR,ERR,ERR,ERR,ERR,ERR,ERR,ERR,ERR,ERR,ERR,ERR,ERR,ERR,ERR,ERR,ERR,ERR,ERR,ERR,ERR,ERR,ERR,ERR,ERR,ERR,ERR,ERR,ERR,ERR,ERR,ERR,ERR,ERR,ERR,ERR,ERR,ERR,ERR,ERR,ERR,ERR,ERR,ERR,ERR,ERR,ERR,2.7184312818759872e+23,0.0,0.0,-107609184.0,nan,1.3936040501711995e+18,7.805,0.0,0,0,4,48961,6720,14723890282496.0,100,0.0,0.0,0.0,2.718290229135658e+23,0.0,0,0,0,0,0.0,0,0,0,0,0,0,0,0,0,0,0,0,0,0,0,0,0,0,0,0,0,0,0,0,0,0,0,0,0,0,0,0,0,26,51,50,76,65476,0,300,0,0,8,21553,0.0,-107605600.0,0.0,0.0,0.0,0.0,0.0,0.0,0.0,0.0,0.0,0.0,0.0,0.0,0.0,0.0,0.0,0.0,0.0,0.0,0.0,0.0,-2.004,0.0,-2.004,-2.004,0.0,0.0,0.0,0.0,4770.0,-0.0,7286.0,2.7184312818759872e+23,0.0,-0.0,-0.0,0.0,0.0,0.0,0.0,77,0.0,-0.0,0.0,0.0,0.0,0.0,0.0,0.0,0.0,0,0,0,0.0,0.0,0.0,0.0,0.0,0.0,0.0,0.0,0.0,0.0,0.0,0.0,0.0,0.0,0.0,0.0,0,-107875648.0,77,0.0,154,0.0,0.0,ERR,ERR,ERR,ERR,ERR,ERR,ERR,ERR,ERR,ERR,ERR,ERR,ERR,ERR,ERR,ERR,ERR,ERR,ERR,ERR,ERR,ERR,ERR,ERR,ERR,ERR,ERR,ERR,ERR,ERR,ERR,ERR,ERR,ERR,ERR,ERR,ERR,ERR,ERR,ERR,ERR,ERR,ERR,ERR,ERR,ERR,ERR,ERR,ERR,ERR,ERR,ERR,ERR,ERR,ERR,ERR,ERR,ERR,ERR,ERR,ERR,ERR,ERR,ERR,ERR,ERR,ERR,34.0,80.0,35,0.0,0.0,0.0,0.0,0.0,0.0,0.0,0.0,0.0,0.0,0.0,0.0,0.0,0.0,0.0,0.0,66.4,0,120,58,53,65476,0,300,0,0,8,20529,65476,0,0,57672,80.0,0.0,0.0,0.0,0.0,0.0
2026-06-18T02:39:05,ERR,ERR,ERR,ERR,ERR,ERR,ERR,ERR,ERR,ERR,ERR,ERR,ERR,ERR,ERR,ERR,ERR,ERR,ERR,ERR,ERR,ERR,ERR,ERR,ERR,ERR,ERR,ERR,ERR,ERR,ERR,ERR,ERR,ERR,ERR,ERR,ERR,ERR,ERR,ERR,ERR,ERR,ERR,ERR,ERR,ERR,ERR,ERR,ERR,ERR,ERR,ERR,ERR,ERR,ERR,ERR,ERR,ERR,ERR,ERR,ERR,ERR,ERR,ERR,ERR,ERR,ERR,ERR,ERR,ERR,ERR,ERR,ERR,ERR,ERR,ERR,ERR,ERR,ERR,ERR,ERR,ERR,ERR,ERR,ERR,ERR,ERR,ERR,ERR,ERR,ERR,ERR,ERR,ERR,ERR,ERR,ERR,ERR,ERR,ERR,ERR,ERR,ERR,ERR,ERR,ERR,ERR,ERR,ERR,ERR,ERR,ERR,ERR,ERR,ERR,ERR,ERR,ERR,ERR,ERR,ERR,ERR,ERR,ERR,ERR,2.7184312818759872e+23,0.0,0.0,-107609184.0,nan,1.3936040501711995e+18,7.805,0.0,0,0,4,48961,6720,14723890282496.0,100,0.0,0.0,0.0,2.718290229135658e+23,0.0,0,0,0,0,0.0,0,0,0,0,0,0,0,0,0,0,0,0,0,0,0,0,0,0,0,0,0,0,0,0,0,0,0,0,0,0,0,0,0,26,51,50,76,65476,0,300,0,0,8,21553,0.0,-107605600.0,0.0,0.0,0.0,0.0,0.0,0.0,0.0,0.0,0.0,0.0,0.0,0.0,0.0,0.0,0.0,0.0,0.0,0.0,0.0,0.0,-2.004,0.0,-2.004,-2.004,0.0,0.0,0.0,0.0,4770.0,-0.0,7286.0,2.7184312818759872e+23,0.0,-0.0,-0.0,0.0,0.0,0.0,0.0,77,0.0,-0.0,0.0,0.0,0.0,0.0,0.0,0.0,0.0,0,0,0,0.0,0.0,0.0,0.0,0.0,0.0,0.0,0.0,0.0,0.0,0.0,0.0,0.0,0.0,0.0,0.0,0,-107875648.0,77,0.0,154,0.0,0.0,ERR,ERR,ERR,ERR,ERR,ERR,ERR,ERR,ERR,ERR,ERR,ERR,ERR,ERR,ERR,ERR,ERR,ERR,ERR,ERR,ERR,ERR,ERR,ERR,ERR,ERR,ERR,ERR,ERR,ERR,ERR,ERR,ERR,ERR,ERR,ERR,ERR,ERR,ERR,ERR,ERR,ERR,ERR,ERR,ERR,ERR,ERR,ERR,ERR,ERR,ERR,ERR,ERR,ERR,ERR,ERR,ERR,ERR,ERR,ERR,ERR,ERR,ERR,ERR,ERR,ERR,ERR,34.0,80.0,35,0.0,0.0,0.0,0.0,0.0,0.0,0.0,0.0,0.0,0.0,0.0,0.0,0.0,0.0,0.0,0.0,65.6,0,120,58,53,65476,0,300,0,0,8,20529,65476,0,0,57672,80.0,0.0,0.0,0.0,0.0,0.0
2026-06-18T02:39:06,ERR,ERR,ERR,ERR,ERR,ERR,ERR,ERR,ERR,ERR,ERR,ERR,ERR,ERR,ERR,ERR,ERR,ERR,ERR,ERR,ERR,ERR,ERR,ERR,ERR,ERR,ERR,ERR,ERR,ERR,ERR,ERR,ERR,ERR,ERR,ERR,ERR,ERR,ERR,ERR,ERR,ERR,ERR,ERR,ERR,ERR,ERR,ERR,ERR,ERR,ERR,ERR,ERR,ERR,ERR,ERR,ERR,ERR,ERR,ERR,ERR,ERR,ERR,ERR,ERR,ERR,ERR,ERR,ERR,ERR,ERR,ERR,ERR,ERR,ERR,ERR,ERR,ERR,ERR,ERR,ERR,ERR,ERR,ERR,ERR,ERR,ERR,ERR,ERR,ERR,ERR,ERR,ERR,ERR,ERR,ERR,ERR,ERR,ERR,ERR,ERR,ERR,ERR,ERR,ERR,ERR,ERR,ERR,ERR,ERR,ERR,ERR,ERR,ERR,ERR,ERR,ERR,ERR,ERR,ERR,ERR,ERR,ERR,ERR,ERR,2.7184312818759872e+23,0.0,0.0,-107609184.0,nan,1.3936040501711995e+18,7.805,0.0,0,0,4,48961,6720,14723890282496.0,100,0.0,0.0,0.0,2.718290229135658e+23,0.0,0,0,0,0,0.0,0,0,0,0,0,0,0,0,0,0,0,0,0,0,0,0,0,0,0,0,0,0,0,0,0,0,0,0,0,0,0,0,0,26,51,50,76,65476,0,300,0,0,8,21553,0.0,-107605600.0,0.0,0.0,0.0,0.0,0.0,0.0,0.0,0.0,0.0,0.0,0.0,0.0,0.0,0.0,0.0,0.0,0.0,0.0,0.0,0.0,-2.004,0.0,-2.004,-2.004,0.0,0.0,0.0,0.0,4770.0,-0.0,7286.0,2.7184312818759872e+23,0.0,-0.0,-0.0,0.0,0.0,0.0,0.0,77,0.0,-0.0,0.0,0.0,0.0,0.0,0.0,0.0,0.0,0,0,0,0.0,0.0,0.0,0.0,0.0,0.0,0.0,0.0,0.0,0.0,0.0,0.0,0.0,0.0,0.0,0.0,0,-107875648.0,77,0.0,154,0.0,0.0,ERR,ERR,ERR,ERR,ERR,ERR,ERR,ERR,ERR,ERR,ERR,ERR,ERR,ERR,ERR,ERR,ERR,ERR,ERR,ERR,ERR,ERR,ERR,ERR,ERR,ERR,ERR,ERR,ERR,ERR,ERR,ERR,ERR,ERR,ERR,ERR,ERR,ERR,ERR,ERR,ERR,ERR,ERR,ERR,ERR,ERR,ERR,ERR,ERR,ERR,ERR,ERR,ERR,ERR,ERR,ERR,ERR,ERR,ERR,ERR,ERR,ERR,ERR,ERR,ERR,ERR,ERR,34.0,80.0,35,0.0,0.0,0.0,0.0,0.0,0.0,0.0,0.0,0.0,0.0,0.0,0.0,0.0,0.0,0.0,0.0,65.6,0,120,58,53,65476,0,300,0,0,8,20529,65476,0,0,57672,80.0,0.0,0.0,0.0,0.0,0.0
2026-06-18T02:39:07,ERR,ERR,ERR,ERR,ERR,ERR,ERR,ERR,ERR,ERR,ERR,ERR,ERR,ERR,ERR,ERR,ERR,ERR,ERR,ERR,ERR,ERR,ERR,ERR,ERR,ERR,ERR,ERR,ERR,ERR,ERR,ERR,ERR,ERR,ERR,ERR,ERR,ERR,ERR,ERR,ERR,ERR,ERR,ERR,ERR,ERR,ERR,ERR,ERR,ERR,ERR,ERR,ERR,ERR,ERR,ERR,ERR,ERR,ERR,ERR,ERR,ERR,ERR,ERR,ERR,ERR,ERR,ERR,ERR,ERR,ERR,ERR,ERR,ERR,ERR,ERR,ERR,ERR,ERR,ERR,ERR,ERR,ERR,ERR,ERR,ERR,ERR,ERR,ERR,ERR,ERR,ERR,ERR,ERR,ERR,ERR,ERR,ERR,ERR,ERR,ERR,ERR,ERR,ERR,ERR,ERR,ERR,ERR,ERR,ERR,ERR,ERR,ERR,ERR,ERR,ERR,ERR,ERR,ERR,ERR,ERR,ERR,ERR,ERR,ERR,2.7184312818759872e+23,0.0,0.0,-0.0,nan,1.3936040501711995e+18,7.805,1.203397215123588e+25,0,0,4,48956,6720,14723890282496.0,100,0.0,0.0,0.0,-0.0,0.0,0,0,0,0,0.0,0,0,0,0,0,0,0,0,0,0,0,0,0,0,0,0,0,0,0,0,0,0,0,0,0,0,0,0,0,0,0,0,0,26,51,50,76,65476,0,300,0,0,8,21553,0.0,-107605600.0,0.0,0.0,0.0,0.0,0.0,0.0,0.0,0.0,0.0,0.0,0.0,0.0,0.0,0.0,0.0,0.0,0.0,0.0,0.0,0.0,-2.004,0.0,-2.004,-2.004,0.0,0.0,0.0,0.0,4768.0,-2.004,7288.0,2.7184312818759872e+23,0.0,-0.0,-0.0,0.0,0.0,0.0,0.0,77,0.0,-0.0,0.0,0.0,0.0,0.0,0.0,0.0,0.0,0,0,0,0.0,0.0,0.0,0.0,0.0,0.0,0.0,0.0,0.0,0.0,0.0,0.0,0.0,0.0,0.0,0.0,0,-107875648.0,77,0.0,154,0.0,0.0,ERR,ERR,ERR,ERR,ERR,ERR,ERR,ERR,ERR,ERR,ERR,ERR,ERR,ERR,ERR,ERR,ERR,ERR,ERR,ERR,ERR,ERR,ERR,ERR,ERR,ERR,ERR,ERR,ERR,ERR,ERR,ERR,ERR,ERR,ERR,ERR,ERR,ERR,ERR,ERR,ERR,ERR,ERR,ERR,ERR,ERR,ERR,ERR,ERR,ERR,ERR,ERR,ERR,ERR,ERR,ERR,ERR,ERR,ERR,ERR,ERR,ERR,ERR,ERR,ERR,ERR,ERR,34.0,80.0,35,0.0,0.0,0.0,0.0,0.0,0.0,0.0,0.0,0.0,0.0,0.0,0.0,0.0,0.0,0.0,0.0,65.6,0,120,58,53,65476,0,300,0,0,8,20529,65476,0,0,57672,80.0,0.0,0.0,0.0,0.0,0.0
2026-06-18T02:39:08,ERR,ERR,ERR,ERR,ERR,ERR,ERR,ERR,ERR,ERR,ERR,ERR,ERR,ERR,ERR,ERR,ERR,ERR,ERR,ERR,ERR,ERR,ERR,ERR,ERR,ERR,ERR,ERR,ERR,ERR,ERR,ERR,ERR,ERR,ERR,ERR,ERR,ERR,ERR,ERR,ERR,ERR,ERR,ERR,ERR,ERR,ERR,ERR,ERR,ERR,ERR,ERR,ERR,ERR,ERR,ERR,ERR,ERR,ERR,ERR,ERR,ERR,ERR,ERR,ERR,ERR,ERR,ERR,ERR,ERR,ERR,ERR,ERR,ERR,ERR,ERR,ERR,ERR,ERR,ERR,ERR,ERR,ERR,ERR,ERR,ERR,ERR,ERR,ERR,ERR,ERR,ERR,ERR,ERR,ERR,ERR,ERR,ERR,ERR,ERR,ERR,ERR,ERR,ERR,ERR,ERR,ERR,ERR,ERR,ERR,ERR,ERR,ERR,ERR,ERR,ERR,ERR,ERR,ERR,ERR,ERR,ERR,ERR,ERR,ERR,2.7184312818759872e+23,0.0,0.0,-0.0,nan,1.3936040501711995e+18,7.805,1.203397215123588e+25,0,0,4,48956,6720,14723890282496.0,100,0.0,0.0,0.0,-0.0,0.0,0,0,0,0,0.0,0,0,0,0,0,0,0,0,0,0,0,0,0,0,0,0,0,0,0,0,0,0,0,0,0,0,0,0,0,0,0,0,0,26,51,50,76,65476,0,300,0,0,8,21553,0.0,-107605600.0,0.0,0.0,0.0,0.0,0.0,0.0,0.0,0.0,0.0,0.0,0.0,0.0,0.0,0.0,0.0,0.0,0.0,0.0,0.0,0.0,-2.004,0.0,-2.004,-2.004,0.0,0.0,0.0,0.0,4768.0,-2.004,7288.0,2.7184312818759872e+23,0.0,-0.0,-0.0,0.0,0.0,0.0,0.0,77,0.0,-0.0,0.0,0.0,0.0,0.0,0.0,0.0,0.0,0,0,0,0.0,0.0,0.0,0.0,0.0,0.0,0.0,0.0,0.0,0.0,0.0,0.0,0.0,0.0,0.0,0.0,0,-107875648.0,77,0.0,154,0.0,0.0,ERR,ERR,ERR,ERR,ERR,ERR,ERR,ERR,ERR,ERR,ERR,ERR,ERR,ERR,ERR,ERR,ERR,ERR,ERR,ERR,ERR,ERR,ERR,ERR,ERR,ERR,ERR,ERR,ERR,ERR,ERR,ERR,ERR,ERR,ERR,ERR,ERR,ERR,ERR,ERR,ERR,ERR,ERR,ERR,ERR,ERR,ERR,ERR,ERR,ERR,ERR,ERR,ERR,ERR,ERR,ERR,ERR,ERR,ERR,ERR,ERR,ERR,ERR,ERR,ERR,ERR,ERR,34.0,80.0,35,0.0,0.0,0.0,0.0,0.0,0.0,0.0,0.0,0.0,0.0,0.0,0.0,0.0,0.0,0.0,0.0,65.6,0,120,58,53,65476,0,300,0,0,8,20529,65476,0,0,57672,80.0,0.0,0.0,0.0,0.0,0.0
2026-06-18T02:39:09,ERR,ERR,ERR,ERR,ERR,ERR,ERR,ERR,ERR,ERR,ERR,ERR,ERR,ERR,ERR,ERR,ERR,ERR,ERR,ERR,ERR,ERR,ERR,ERR,ERR,ERR,ERR,ERR,ERR,ERR,ERR,ERR,ERR,ERR,ERR,ERR,ERR,ERR,ERR,ERR,ERR,ERR,ERR,ERR,ERR,ERR,ERR,ERR,ERR,ERR,ERR,ERR,ERR,ERR,ERR,ERR,ERR,ERR,ERR,ERR,ERR,ERR,ERR,ERR,ERR,ERR,ERR,ERR,ERR,ERR,ERR,ERR,ERR,ERR,ERR,ERR,ERR,ERR,ERR,ERR,ERR,ERR,ERR,ERR,ERR,ERR,ERR,ERR,ERR,ERR,ERR,ERR,ERR,ERR,ERR,ERR,ERR,ERR,ERR,ERR,ERR,ERR,ERR,ERR,ERR,ERR,ERR,ERR,ERR,ERR,ERR,ERR,ERR,ERR,ERR,ERR,ERR,ERR,ERR,ERR,ERR,ERR,ERR,ERR,ERR,2.7184312818759872e+23,0.0,0.0,-0.0,nan,1.3936040501711995e+18,7.805,1.203397215123588e+25,0,0,4,48956,6720,14723890282496.0,100,0.0,0.0,0.0,-0.0,0.0,0,0,0,0,0.0,0,0,0,0,0,0,0,0,0,0,0,0,0,0,0,0,0,0,0,0,0,0,0,0,0,0,0,0,0,0,0,0,0,26,51,50,76,65476,0,300,0,0,8,21553,0.0,-107605600.0,0.0,0.0,0.0,0.0,0.0,0.0,0.0,0.0,0.0,0.0,0.0,0.0,0.0,0.0,0.0,0.0,0.0,0.0,0.0,0.0,-2.004,0.0,-2.004,-2.004,0.0,0.0,0.0,0.0,4768.0,-2.004,7288.0,2.7184312818759872e+23,0.0,-0.0,-0.0,0.0,0.0,0.0,0.0,77,0.0,-0.0,0.0,0.0,0.0,0.0,0.0,0.0,0.0,0,0,0,0.0,0.0,0.0,0.0,0.0,0.0,0.0,0.0,0.0,0.0,0.0,0.0,0.0,0.0,0.0,0.0,0,-107875648.0,77,0.0,154,0.0,0.0,ERR,ERR,ERR,ERR,ERR,ERR,ERR,ERR,ERR,ERR,ERR,ERR,ERR,ERR,ERR,ERR,ERR,ERR,ERR,ERR,ERR,ERR,ERR,ERR,ERR,ERR,ERR,ERR,ERR,ERR,ERR,ERR,ERR,ERR,ERR,ERR,ERR,ERR,ERR,ERR,ERR,ERR,ERR,ERR,ERR,ERR,ERR,ERR,ERR,ERR,ERR,ERR,ERR,ERR,ERR,ERR,ERR,ERR,ERR,ERR,ERR,ERR,ERR,ERR,ERR,ERR,ERR,34.0,80.0,35,0.0,0.0,0.0,0.0,0.0,0.0,0.0,0.0,0.0,0.0,0.0,0.0,0.0,0.0,0.0,0.0,65.6,0,120,58,53,65476,0,300,0,0,8,20529,65476,0,0,57672,80.0,0.0,0.0,0.0,0.0,0.0
2026-06-18T02:39:10,ERR,ERR,ERR,ERR,ERR,ERR,ERR,ERR,ERR,ERR,ERR,ERR,ERR,ERR,ERR,ERR,ERR,ERR,ERR,ERR,ERR,ERR,ERR,ERR,ERR,ERR,ERR,ERR,ERR,ERR,ERR,ERR,ERR,ERR,ERR,ERR,ERR,ERR,ERR,ERR,ERR,ERR,ERR,ERR,ERR,ERR,ERR,ERR,ERR,ERR,ERR,ERR,ERR,ERR,ERR,ERR,ERR,ERR,ERR,ERR,ERR,ERR,ERR,ERR,ERR,ERR,ERR,ERR,ERR,ERR,ERR,ERR,ERR,ERR,ERR,ERR,ERR,ERR,ERR,ERR,ERR,ERR,ERR,ERR,ERR,ERR,ERR,ERR,ERR,ERR,ERR,ERR,ERR,ERR,ERR,ERR,ERR,ERR,ERR,ERR,ERR,ERR,ERR,ERR,ERR,ERR,ERR,ERR,ERR,ERR,ERR,ERR,ERR,ERR,ERR,ERR,ERR,ERR,ERR,ERR,ERR,ERR,ERR,ERR,ERR,2.7184312818759872e+23,0.0,0.0,-0.0,nan,1.3936040501711995e+18,7.805,1.203397215123588e+25,0,0,4,48956,6720,14723890282496.0,100,0.0,0.0,0.0,-0.0,0.0,0,0,0,0,0.0,0,0,0,0,0,0,0,0,0,0,0,0,0,0,0,0,0,0,0,0,0,0,0,0,0,0,0,0,0,0,0,0,0,26,51,50,76,65476,0,300,0,0,8,21553,0.0,-107605600.0,0.0,0.0,0.0,0.0,0.0,0.0,0.0,0.0,0.0,0.0,0.0,0.0,0.0,0.0,0.0,0.0,0.0,0.0,0.0,0.0,-2.004,0.0,-2.004,-2.004,0.0,0.0,0.0,0.0,4768.0,-2.004,7288.0,2.7184312818759872e+23,0.0,-0.0,-0.0,0.0,0.0,0.0,0.0,77,0.0,-0.0,0.0,0.0,0.0,0.0,0.0,0.0,0.0,0,0,0,0.0,0.0,0.0,0.0,0.0,0.0,0.0,0.0,0.0,0.0,0.0,0.0,0.0,0.0,0.0,0.0,0,-107875648.0,77,0.0,154,0.0,0.0,ERR,ERR,ERR,ERR,ERR,ERR,ERR,ERR,ERR,ERR,ERR,ERR,ERR,ERR,ERR,ERR,ERR,ERR,ERR,ERR,ERR,ERR,ERR,ERR,ERR,ERR,ERR,ERR,ERR,ERR,ERR,ERR,ERR,ERR,ERR,ERR,ERR,ERR,ERR,ERR,ERR,ERR,ERR,ERR,ERR,ERR,ERR,ERR,ERR,ERR,ERR,ERR,ERR,ERR,ERR,ERR,ERR,ERR,ERR,ERR,ERR,ERR,ERR,ERR,ERR,ERR,ERR,34.0,80.0,35,0.0,0.0,0.0,0.0,0.0,0.0,0.0,0.0,0.0,0.0,0.0,0.0,0.0,0.0,0.0,0.0,65.6,0,120,58,53,65476,0,300,0,0,8,20529,65476,0,0,57672,80.0,0.0,0.0,0.0,0.0,0.0
2026-06-18T02:39:11,ERR,ERR,ERR,ERR,ERR,ERR,ERR,ERR,ERR,ERR,ERR,ERR,ERR,ERR,ERR,ERR,ERR,ERR,ERR,ERR,ERR,ERR,ERR,ERR,ERR,ERR,ERR,ERR,ERR,ERR,ERR,ERR,ERR,ERR,ERR,ERR,ERR,ERR,ERR,ERR,ERR,ERR,ERR,ERR,ERR,ERR,ERR,ERR,ERR,ERR,ERR,ERR,ERR,ERR,ERR,ERR,ERR,ERR,ERR,ERR,ERR,ERR,ERR,ERR,ERR,ERR,ERR,ERR,ERR,ERR,ERR,ERR,ERR,ERR,ERR,ERR,ERR,ERR,ERR,ERR,ERR,ERR,ERR,ERR,ERR,ERR,ERR,ERR,ERR,ERR,ERR,ERR,ERR,ERR,ERR,ERR,ERR,ERR,ERR,ERR,ERR,ERR,ERR,ERR,ERR,ERR,ERR,ERR,ERR,ERR,ERR,ERR,ERR,ERR,ERR,ERR,ERR,ERR,ERR,ERR,ERR,ERR,ERR,ERR,ERR,2.7184312818759872e+23,0.0,0.0,-0.0,nan,1.3936040501711995e+18,7.805,1.203397215123588e+25,0,0,4,48956,6720,14723890282496.0,100,0.0,0.0,0.0,-0.0,0.0,0,0,0,0,0.0,0,0,0,0,0,0,0,0,0,0,0,0,0,0,0,0,0,0,0,0,0,0,0,0,0,0,0,0,0,0,0,0,0,26,51,50,76,65476,0,300,0,0,8,21553,0.0,-107605600.0,0.0,0.0,0.0,0.0,0.0,0.0,0.0,0.0,0.0,0.0,0.0,0.0,0.0,0.0,0.0,0.0,0.0,0.0,0.0,0.0,-2.004,0.0,-2.004,-2.004,0.0,0.0,0.0,0.0,4768.0,-2.004,7288.0,2.7184312818759872e+23,0.0,-0.0,-0.0,0.0,0.0,0.0,0.0,77,0.0,-0.0,0.0,0.0,0.0,0.0,0.0,0.0,0.0,0,0,0,0.0,0.0,0.0,0.0,0.0,0.0,0.0,0.0,0.0,0.0,0.0,0.0,0.0,0.0,0.0,0.0,0,-107875648.0,77,0.0,154,0.0,0.0,ERR,ERR,ERR,ERR,ERR,ERR,ERR,ERR,ERR,ERR,ERR,ERR,ERR,ERR,ERR,ERR,ERR,ERR,ERR,ERR,ERR,ERR,ERR,ERR,ERR,ERR,ERR,ERR,ERR,ERR,ERR,ERR,ERR,ERR,ERR,ERR,ERR,ERR,ERR,ERR,ERR,ERR,ERR,ERR,ERR,ERR,ERR,ERR,ERR,ERR,ERR,ERR,ERR,ERR,ERR,ERR,ERR,ERR,ERR,ERR,ERR,ERR,ERR,ERR,ERR,ERR,ERR,34.0,80.0,35,0.0,0.0,0.0,0.0,0.0,0.0,0.0,0.0,0.0,0.0,0.0,0.0,0.0,0.0,0.0,0.0,65.6,0,120,58,53,65476,0,300,0,0,8,20529,65476,0,0,57672,80.0,0.0,0.0,0.0,0.0,0.0
2026-06-18T02:39:12,ERR,ERR,ERR,ERR,ERR,ERR,ERR,ERR,ERR,ERR,ERR,ERR,ERR,ERR,ERR,ERR,ERR,ERR,ERR,ERR,ERR,ERR,ERR,ERR,ERR,ERR,ERR,ERR,ERR,ERR,ERR,ERR,ERR,ERR,ERR,ERR,ERR,ERR,ERR,ERR,ERR,ERR,ERR,ERR,ERR,ERR,ERR,ERR,ERR,ERR,ERR,ERR,ERR,ERR,ERR,ERR,ERR,ERR,ERR,ERR,ERR,ERR,ERR,ERR,ERR,ERR,ERR,ERR,ERR,ERR,ERR,ERR,ERR,ERR,ERR,ERR,ERR,ERR,ERR,ERR,ERR,ERR,ERR,ERR,ERR,ERR,ERR,ERR,ERR,ERR,ERR,ERR,ERR,ERR,ERR,ERR,ERR,ERR,ERR,ERR,ERR,ERR,ERR,ERR,ERR,ERR,ERR,ERR,ERR,ERR,ERR,ERR,ERR,ERR,ERR,ERR,ERR,ERR,ERR,ERR,ERR,ERR,ERR,ERR,ERR,2.7184312818759872e+23,0.0,0.0,2.718290229135658e+23,-1.592,1.3936040501711995e+18,7.805,-0.0,0,0,4,48954,6720,14723890282496.0,100,0.0,0.0,0.0,0.0,0.0,0,0,0,0,0.0,0,0,0,0,0,0,0,0,0,0,0,0,0,0,0,0,0,0,0,0,0,0,0,0,0,0,0,0,0,0,0,0,0,26,51,50,76,65476,0,300,0,0,8,21553,0.0,-107605600.0,0.0,0.0,0.0,0.0,0.0,0.0,0.0,0.0,0.0,0.0,0.0,0.0,0.0,0.0,0.0,0.0,0.0,0.0,0.0,0.0,-2.004,0.0,-2.004,-2.004,0.0,0.0,0.0,0.0,4769.0,-131350.328,7289.0,2.7184312818759872e+23,0.0,-0.0,-0.0,0.0,0.0,0.0,0.0,77,-5.848083809157084e+35,-107614712.0,0.0,0.0,0.0,0.0,0.0,0.0,0.0,0,0,0,0.0,0.0,0.0,0.0,0.0,0.0,0.0,0.0,0.0,0.0,0.0,0.0,0.0,0.0,0.0,0.0,0,-107875648.0,77,0.0,154,0.0,0.0,ERR,ERR,ERR,ERR,ERR,ERR,ERR,ERR,ERR,ERR,ERR,ERR,ERR,ERR,ERR,ERR,ERR,ERR,ERR,ERR,ERR,ERR,ERR,ERR,ERR,ERR,ERR,ERR,ERR,ERR,ERR,ERR,ERR,ERR,ERR,ERR,ERR,ERR,ERR,ERR,ERR,ERR,ERR,ERR,ERR,ERR,ERR,ERR,ERR,ERR,ERR,ERR,ERR,ERR,ERR,ERR,ERR,ERR,ERR,ERR,ERR,ERR,ERR,ERR,ERR,ERR,ERR,34.0,80.0,35,0.0,0.0,0.0,0.0,0.0,0.0,0.0,0.0,0.0,0.0,0.0,0.0,0.0,0.0,0.0,0.0,65.6,0,120,58,53,65476,0,300,0,0,8,20529,65476,0,0,57672,80.0,0.0,0.0,0.0,0.0,0.0
2026-06-18T02:39:13,ERR,ERR,ERR,ERR,ERR,ERR,ERR,ERR,ERR,ERR,ERR,ERR,ERR,ERR,ERR,ERR,ERR,ERR,ERR,ERR,ERR,ERR,ERR,ERR,ERR,ERR,ERR,ERR,ERR,ERR,ERR,ERR,ERR,ERR,ERR,ERR,ERR,ERR,ERR,ERR,ERR,ERR,ERR,ERR,ERR,ERR,ERR,ERR,ERR,ERR,ERR,ERR,ERR,ERR,ERR,ERR,ERR,ERR,ERR,ERR,ERR,ERR,ERR,ERR,ERR,ERR,ERR,ERR,ERR,ERR,ERR,ERR,ERR,ERR,ERR,ERR,ERR,ERR,ERR,ERR,ERR,ERR,ERR,ERR,ERR,ERR,ERR,ERR,ERR,ERR,ERR,ERR,ERR,ERR,ERR,ERR,ERR,ERR,ERR,ERR,ERR,ERR,ERR,ERR,ERR,ERR,ERR,ERR,ERR,ERR,ERR,ERR,ERR,ERR,ERR,ERR,ERR,ERR,ERR,ERR,ERR,ERR,ERR,ERR,ERR,2.7184312818759872e+23,0.0,0.0,2.718290229135658e+23,-1.592,1.3936040501711995e+18,7.805,-0.0,0,0,4,48954,6720,14723890282496.0,100,0.0,0.0,0.0,0.0,0.0,0,0,0,0,0.0,0,0,0,0,0,0,0,0,0,0,0,0,0,0,0,0,0,0,0,0,0,0,0,0,0,0,0,0,0,0,0,0,0,26,51,50,76,65476,0,300,0,0,8,21553,0.0,-107605600.0,0.0,0.0,0.0,0.0,0.0,0.0,0.0,0.0,0.0,0.0,0.0,0.0,0.0,0.0,0.0,0.0,0.0,0.0,0.0,0.0,-2.004,0.0,-2.004,-2.004,0.0,0.0,0.0,0.0,4769.0,-131350.328,7289.0,2.7184312818759872e+23,0.0,-0.0,-0.0,0.0,0.0,0.0,0.0,77,-5.848083809157084e+35,-107614712.0,0.0,0.0,0.0,0.0,0.0,0.0,0.0,0,0,0,0.0,0.0,0.0,0.0,0.0,0.0,0.0,0.0,0.0,0.0,0.0,0.0,0.0,0.0,0.0,0.0,0,-107875648.0,77,0.0,154,0.0,0.0,ERR,ERR,ERR,ERR,ERR,ERR,ERR,ERR,ERR,ERR,ERR,ERR,ERR,ERR,ERR,ERR,ERR,ERR,ERR,ERR,ERR,ERR,ERR,ERR,ERR,ERR,ERR,ERR,ERR,ERR,ERR,ERR,ERR,ERR,ERR,ERR,ERR,ERR,ERR,ERR,ERR,ERR,ERR,ERR,ERR,ERR,ERR,ERR,ERR,ERR,ERR,ERR,ERR,ERR,ERR,ERR,ERR,ERR,ERR,ERR,ERR,ERR,ERR,ERR,ERR,ERR,ERR,34.0,80.0,35,0.0,0.0,0.0,0.0,0.0,0.0,0.0,0.0,0.0,0.0,0.0,0.0,0.0,0.0,0.0,0.0,65.6,0,120,58,53,65476,0,300,0,0,8,20529,65476,0,0,57672,80.0,0.0,0.0,0.0,0.0,0.0
2026-06-18T02:39:14,ERR,ERR,ERR,ERR,ERR,ERR,ERR,ERR,ERR,ERR,ERR,ERR,ERR,ERR,ERR,ERR,ERR,ERR,ERR,ERR,ERR,ERR,ERR,ERR,ERR,ERR,ERR,ERR,ERR,ERR,ERR,ERR,ERR,ERR,ERR,ERR,ERR,ERR,ERR,ERR,ERR,ERR,ERR,ERR,ERR,ERR,ERR,ERR,ERR,ERR,ERR,ERR,ERR,ERR,ERR,ERR,ERR,ERR,ERR,ERR,ERR,ERR,ERR,ERR,ERR,ERR,ERR,ERR,ERR,ERR,ERR,ERR,ERR,ERR,ERR,ERR,ERR,ERR,ERR,ERR,ERR,ERR,ERR,ERR,ERR,ERR,ERR,ERR,ERR,ERR,ERR,ERR,ERR,ERR,ERR,ERR,ERR,ERR,ERR,ERR,ERR,ERR,ERR,ERR,ERR,ERR,ERR,ERR,ERR,ERR,ERR,ERR,ERR,ERR,ERR,ERR,ERR,ERR,ERR,ERR,ERR,ERR,ERR,ERR,ERR,2.7184312818759872e+23,0.0,0.0,2.718290229135658e+23,-1.592,1.3936040501711995e+18,7.805,-0.0,0,0,4,48954,6720,14723890282496.0,100,0.0,0.0,0.0,0.0,0.0,0,0,0,0,0.0,0,0,0,0,0,0,0,0,0,0,0,0,0,0,0,0,0,0,0,0,0,0,0,0,0,0,0,0,0,0,0,0,0,26,51,50,76,65476,0,300,0,0,8,21553,0.0,-107605600.0,0.0,0.0,0.0,0.0,0.0,0.0,0.0,0.0,0.0,0.0,0.0,0.0,0.0,0.0,0.0,0.0,0.0,0.0,0.0,0.0,-2.004,0.0,-2.004,-2.004,0.0,0.0,0.0,0.0,4769.0,-131350.328,7289.0,2.7184312818759872e+23,0.0,-0.0,-0.0,0.0,0.0,0.0,0.0,77,-5.848083809157084e+35,-107614712.0,0.0,0.0,0.0,0.0,0.0,0.0,0.0,0,0,0,0.0,0.0,0.0,0.0,0.0,0.0,0.0,0.0,0.0,0.0,0.0,0.0,0.0,0.0,0.0,0.0,0,-107875648.0,77,0.0,154,0.0,0.0,ERR,ERR,ERR,ERR,ERR,ERR,ERR,ERR,ERR,ERR,ERR,ERR,ERR,ERR,ERR,ERR,ERR,ERR,ERR,ERR,ERR,ERR,ERR,ERR,ERR,ERR,ERR,ERR,ERR,ERR,ERR,ERR,ERR,ERR,ERR,ERR,ERR,ERR,ERR,ERR,ERR,ERR,ERR,ERR,ERR,ERR,ERR,ERR,ERR,ERR,ERR,ERR,ERR,ERR,ERR,ERR,ERR,ERR,ERR,ERR,ERR,ERR,ERR,ERR,ERR,ERR,ERR,34.0,80.0,35,0.0,0.0,0.0,0.0,0.0,0.0,0.0,0.0,0.0,0.0,0.0,0.0,0.0,0.0,0.0,0.0,65.6,0,120,58,53,65476,0,300,0,0,8,20529,65476,0,0,57672,80.0,0.0,0.0,0.0,0.0,0.0
2026-06-18T02:39:15,ERR,ERR,ERR,ERR,ERR,ERR,ERR,ERR,ERR,ERR,ERR,ERR,ERR,ERR,ERR,ERR,ERR,ERR,ERR,ERR,ERR,ERR,ERR,ERR,ERR,ERR,ERR,ERR,ERR,ERR,ERR,ERR,ERR,ERR,ERR,ERR,ERR,ERR,ERR,ERR,ERR,ERR,ERR,ERR,ERR,ERR,ERR,ERR,ERR,ERR,ERR,ERR,ERR,ERR,ERR,ERR,ERR,ERR,ERR,ERR,ERR,ERR,ERR,ERR,ERR,ERR,ERR,ERR,ERR,ERR,ERR,ERR,ERR,ERR,ERR,ERR,ERR,ERR,ERR,ERR,ERR,ERR,ERR,ERR,ERR,ERR,ERR,ERR,ERR,ERR,ERR,ERR,ERR,ERR,ERR,ERR,ERR,ERR,ERR,ERR,ERR,ERR,ERR,ERR,ERR,ERR,ERR,ERR,ERR,ERR,ERR,ERR,ERR,ERR,ERR,ERR,ERR,ERR,ERR,ERR,ERR,ERR,ERR,ERR,ERR,2.7184312818759872e+23,0.0,0.0,2.718290229135658e+23,-1.592,1.3936040501711995e+18,7.805,-0.0,0,0,4,48954,6720,14723890282496.0,100,0.0,0.0,0.0,0.0,0.0,0,0,0,0,0.0,0,0,0,0,0,0,0,0,0,0,0,0,0,0,0,0,0,0,0,0,0,0,0,0,0,0,0,0,0,0,0,0,0,26,51,50,76,65476,0,300,0,0,8,21553,0.0,-107605600.0,0.0,0.0,0.0,0.0,0.0,0.0,0.0,0.0,0.0,0.0,0.0,0.0,0.0,0.0,0.0,0.0,0.0,0.0,0.0,0.0,-2.004,0.0,-2.004,-2.004,0.0,0.0,0.0,0.0,4769.0,-131350.328,7289.0,2.7184312818759872e+23,0.0,-0.0,-0.0,0.0,0.0,0.0,0.0,77,-5.848083809157084e+35,-107614712.0,0.0,0.0,0.0,0.0,0.0,0.0,0.0,0,0,0,0.0,0.0,0.0,0.0,0.0,0.0,0.0,0.0,0.0,0.0,0.0,0.0,0.0,0.0,0.0,0.0,0,-107875648.0,77,0.0,154,0.0,0.0,ERR,ERR,ERR,ERR,ERR,ERR,ERR,ERR,ERR,ERR,ERR,ERR,ERR,ERR,ERR,ERR,ERR,ERR,ERR,ERR,ERR,ERR,ERR,ERR,ERR,ERR,ERR,ERR,ERR,ERR,ERR,ERR,ERR,ERR,ERR,ERR,ERR,ERR,ERR,ERR,ERR,ERR,ERR,ERR,ERR,ERR,ERR,ERR,ERR,ERR,ERR,ERR,ERR,ERR,ERR,ERR,ERR,ERR,ERR,ERR,ERR,ERR,ERR,ERR,ERR,ERR,ERR,34.0,80.0,35,0.0,0.0,0.0,0.0,0.0,0.0,0.0,0.0,0.0,0.0,0.0,0.0,0.0,0.0,0.0,0.0,65.6,0,120,58,53,65476,0,300,0,0,8,20529,65476,0,0,57672,80.0,0.0,0.0,0.0,0.0,0.0
2026-06-18T02:39:16,ERR,ERR,ERR,ERR,ERR,ERR,ERR,ERR,ERR,ERR,ERR,ERR,ERR,ERR,ERR,ERR,ERR,ERR,ERR,ERR,ERR,ERR,ERR,ERR,ERR,ERR,ERR,ERR,ERR,ERR,ERR,ERR,ERR,ERR,ERR,ERR,ERR,ERR,ERR,ERR,ERR,ERR,ERR,ERR,ERR,ERR,ERR,ERR,ERR,ERR,ERR,ERR,ERR,ERR,ERR,ERR,ERR,ERR,ERR,ERR,ERR,ERR,ERR,ERR,ERR,ERR,ERR,ERR,ERR,ERR,ERR,ERR,ERR,ERR,ERR,ERR,ERR,ERR,ERR,ERR,ERR,ERR,ERR,ERR,ERR,ERR,ERR,ERR,ERR,ERR,ERR,ERR,ERR,ERR,ERR,ERR,ERR,ERR,ERR,ERR,ERR,ERR,ERR,ERR,ERR,ERR,ERR,ERR,ERR,ERR,ERR,ERR,ERR,ERR,ERR,ERR,ERR,ERR,ERR,ERR,ERR,ERR,ERR,ERR,ERR,2.7184312818759872e+23,0.0,0.0,2.718290229135658e+23,-1.592,1.3936040501711995e+18,7.805,-0.0,0,0,4,48954,6720,14723890282496.0,100,0.0,0.0,0.0,0.0,0.0,0,0,0,0,0.0,0,0,0,0,0,0,0,0,0,0,0,0,0,0,0,0,0,0,0,0,0,0,0,0,0,0,0,0,0,0,0,0,0,26,51,50,76,65476,0,300,0,0,8,21553,0.0,-107605600.0,0.0,0.0,0.0,0.0,0.0,0.0,0.0,0.0,0.0,0.0,0.0,0.0,0.0,0.0,0.0,0.0,0.0,0.0,0.0,0.0,-2.004,0.0,-2.004,-2.004,0.0,0.0,0.0,0.0,4769.0,-131350.328,7289.0,2.7184312818759872e+23,0.0,-0.0,-0.0,0.0,0.0,0.0,0.0,77,-5.848083809157084e+35,-107614712.0,0.0,0.0,0.0,0.0,0.0,0.0,0.0,0,0,0,0.0,0.0,0.0,0.0,0.0,0.0,0.0,0.0,0.0,0.0,0.0,0.0,0.0,0.0,0.0,0.0,0,-107875648.0,77,0.0,154,0.0,0.0,ERR,ERR,ERR,ERR,ERR,ERR,ERR,ERR,ERR,ERR,ERR,ERR,ERR,ERR,ERR,ERR,ERR,ERR,ERR,ERR,ERR,ERR,ERR,ERR,ERR,ERR,ERR,ERR,ERR,ERR,ERR,ERR,ERR,ERR,ERR,ERR,ERR,ERR,ERR,ERR,ERR,ERR,ERR,ERR,ERR,ERR,ERR,ERR,ERR,ERR,ERR,ERR,ERR,ERR,ERR,ERR,ERR,ERR,ERR,ERR,ERR,ERR,ERR,ERR,ERR,ERR,ERR,34.0,80.0,35,0.0,0.0,0.0,0.0,0.0,0.0,0.0,0.0,0.0,0.0,0.0,0.0,0.0,0.0,0.0,0.0,65.6,0,120,58,53,65476,0,300,0,0,8,20529,65476,0,0,57672,80.0,0.0,0.0,0.0,0.0,0.0
2026-06-18T02:39:17,ERR,ERR,ERR,ERR,ERR,ERR,ERR,ERR,ERR,ERR,ERR,ERR,ERR,ERR,ERR,ERR,ERR,ERR,ERR,ERR,ERR,ERR,ERR,ERR,ERR,ERR,ERR,ERR,ERR,ERR,ERR,ERR,ERR,ERR,ERR,ERR,ERR,ERR,ERR,ERR,ERR,ERR,ERR,ERR,ERR,ERR,ERR,ERR,ERR,ERR,ERR,ERR,ERR,ERR,ERR,ERR,ERR,ERR,ERR,ERR,ERR,ERR,ERR,ERR,ERR,ERR,ERR,ERR,ERR,ERR,ERR,ERR,ERR,ERR,ERR,ERR,ERR,ERR,ERR,ERR,ERR,ERR,ERR,ERR,ERR,ERR,ERR,ERR,ERR,ERR,ERR,ERR,ERR,ERR,ERR,ERR,ERR,ERR,ERR,ERR,ERR,ERR,ERR,ERR,ERR,ERR,ERR,ERR,ERR,ERR,ERR,ERR,ERR,ERR,ERR,ERR,ERR,ERR,ERR,ERR,ERR,ERR,ERR,ERR,ERR,2.7184312818759872e+23,0.0,0.0,2.718290229135658e+23,-1.592,1.3936040501711995e+18,7.805,-0.0,0,0,4,48954,6720,14723890282496.0,100,0.0,0.0,0.0,0.0,0.0,0,0,0,0,0.0,0,0,0,0,0,0,0,0,0,0,0,0,0,0,0,0,0,0,0,0,0,0,0,0,0,0,0,0,0,0,0,0,0,26,51,50,76,65476,0,300,0,0,8,21553,0.0,-107605600.0,0.0,0.0,0.0,0.0,0.0,0.0,0.0,0.0,0.0,0.0,0.0,0.0,0.0,0.0,0.0,0.0,0.0,0.0,0.0,0.0,-2.004,0.0,-2.004,-2.004,0.0,0.0,0.0,0.0,4769.0,-131350.328,7289.0,2.7184312818759872e+23,0.0,-0.0,-0.0,0.0,0.0,0.0,0.0,77,-5.848083809157084e+35,-107614712.0,0.0,0.0,0.0,0.0,0.0,0.0,0.0,0,0,0,0.0,0.0,0.0,0.0,0.0,0.0,0.0,0.0,0.0,0.0,0.0,0.0,0.0,0.0,0.0,0.0,0,-107875648.0,77,0.0,154,0.0,0.0,ERR,ERR,ERR,ERR,ERR,ERR,ERR,ERR,ERR,ERR,ERR,ERR,ERR,ERR,ERR,ERR,ERR,ERR,ERR,ERR,ERR,ERR,ERR,ERR,ERR,ERR,ERR,ERR,ERR,ERR,ERR,ERR,ERR,ERR,ERR,ERR,ERR,ERR,ERR,ERR,ERR,ERR,ERR,ERR,ERR,ERR,ERR,ERR,ERR,ERR,ERR,ERR,ERR,ERR,ERR,ERR,ERR,ERR,ERR,ERR,ERR,ERR,ERR,ERR,ERR,ERR,ERR,34.0,80.0,35,0.0,0.0,0.0,0.0,0.0,0.0,0.0,0.0,0.0,0.0,0.0,0.0,0.0,0.0,0.0,0.0,65.6,0,120,58,53,65476,0,300,0,0,8,20529,65476,0,0,57672,80.0,0.0,0.0,0.0,0.0,0.0
2026-06-18T02:39:18,ERR,ERR,ERR,ERR,ERR,ERR,ERR,ERR,ERR,ERR,ERR,ERR,ERR,ERR,ERR,ERR,ERR,ERR,ERR,ERR,ERR,ERR,ERR,ERR,ERR,ERR,ERR,ERR,ERR,ERR,ERR,ERR,ERR,ERR,ERR,ERR,ERR,ERR,ERR,ERR,ERR,ERR,ERR,ERR,ERR,ERR,ERR,ERR,ERR,ERR,ERR,ERR,ERR,ERR,ERR,ERR,ERR,ERR,ERR,ERR,ERR,ERR,ERR,ERR,ERR,ERR,ERR,ERR,ERR,ERR,ERR,ERR,ERR,ERR,ERR,ERR,ERR,ERR,ERR,ERR,ERR,ERR,ERR,ERR,ERR,ERR,ERR,ERR,ERR,ERR,ERR,ERR,ERR,ERR,ERR,ERR,ERR,ERR,ERR,ERR,ERR,ERR,ERR,ERR,ERR,ERR,ERR,ERR,ERR,ERR,ERR,ERR,ERR,ERR,ERR,ERR,ERR,ERR,ERR,ERR,ERR,ERR,ERR,ERR,ERR,2.7184312818759872e+23,0.0,0.0,-152005385388032.0,1.6,1.3936040501711995e+18,7.805,0.0,0,0,4,48954,6720,14723890282496.0,100,0.0,0.0,0.0,-0.0,0.0,0,0,0,0,0.0,0,0,0,0,0,0,0,0,0,0,0,0,0,0,0,0,0,0,0,0,0,0,0,0,0,0,0,0,0,0,0,0,0,26,51,50,76,65476,0,300,0,0,8,21553,0.0,-107605600.0,0.0,0.0,0.0,0.0,0.0,0.0,0.0,0.0,0.0,0.0,0.0,0.0,0.0,0.0,0.0,0.0,0.0,0.0,0.0,0.0,-2.004,0.0,-2.004,-2.004,0.0,0.0,0.0,0.0,4771.0,-2.422985886919649e+24,7293.0,2.7184312818759872e+23,0.0,-0.0,-0.0,0.0,0.0,0.0,0.0,77,-5.848083809157084e+35,-2.3088264680449665e+20,0.0,0.0,0.0,0.0,0.0,0.0,0.0,0,0,0,0.0,0.0,0.0,0.0,0.0,0.0,0.0,0.0,0.0,0.0,0.0,0.0,0.0,0.0,0.0,0.0,0,-107875648.0,77,0.0,154,0.0,0.0,ERR,ERR,ERR,ERR,ERR,ERR,ERR,ERR,ERR,ERR,ERR,ERR,ERR,ERR,ERR,ERR,ERR,ERR,ERR,ERR,ERR,ERR,ERR,ERR,ERR,ERR,ERR,ERR,ERR,ERR,ERR,ERR,ERR,ERR,ERR,ERR,ERR,ERR,ERR,ERR,ERR,ERR,ERR,ERR,ERR,ERR,ERR,ERR,ERR,ERR,ERR,ERR,ERR,ERR,ERR,ERR,ERR,ERR,ERR,ERR,ERR,ERR,ERR,ERR,ERR,ERR,ERR,34.0,80.0,35,0.0,0.0,0.0,0.0,0.0,0.0,0.0,0.0,0.0,0.0,0.0,0.0,0.0,0.0,0.0,0.0,65.6,0,120,58,53,65476,0,300,0,0,8,20529,65476,0,0,57672,80.0,0.0,0.0,0.0,0.0,0.0
2026-06-18T02:39:19,ERR,ERR,ERR,ERR,ERR,ERR,ERR,ERR,ERR,ERR,ERR,ERR,ERR,ERR,ERR,ERR,ERR,ERR,ERR,ERR,ERR,ERR,ERR,ERR,ERR,ERR,ERR,ERR,ERR,ERR,ERR,ERR,ERR,ERR,ERR,ERR,ERR,ERR,ERR,ERR,ERR,ERR,ERR,ERR,ERR,ERR,ERR,ERR,ERR,ERR,ERR,ERR,ERR,ERR,ERR,ERR,ERR,ERR,ERR,ERR,ERR,ERR,ERR,ERR,ERR,ERR,ERR,ERR,ERR,ERR,ERR,ERR,ERR,ERR,ERR,ERR,ERR,ERR,ERR,ERR,ERR,ERR,ERR,ERR,ERR,ERR,ERR,ERR,ERR,ERR,ERR,ERR,ERR,ERR,ERR,ERR,ERR,ERR,ERR,ERR,ERR,ERR,ERR,ERR,ERR,ERR,ERR,ERR,ERR,ERR,ERR,ERR,ERR,ERR,ERR,ERR,ERR,ERR,ERR,ERR,ERR,ERR,ERR,ERR,ERR,2.7184312818759872e+23,0.0,0.0,-152005385388032.0,1.6,1.3936040501711995e+18,7.805,0.0,0,0,4,48954,6720,14723890282496.0,100,0.0,0.0,0.0,-0.0,0.0,0,0,0,0,0.0,0,0,0,0,0,0,0,0,0,0,0,0,0,0,0,0,0,0,0,0,0,0,0,0,0,0,0,0,0,0,0,0,0,26,51,50,76,65476,0,300,0,0,8,21553,0.0,-107605600.0,0.0,0.0,0.0,0.0,0.0,0.0,0.0,0.0,0.0,0.0,0.0,0.0,0.0,0.0,0.0,0.0,0.0,0.0,0.0,0.0,-2.004,0.0,-2.004,-2.004,0.0,0.0,0.0,0.0,4771.0,-2.422985886919649e+24,7293.0,2.7184312818759872e+23,0.0,-0.0,-0.0,0.0,0.0,0.0,0.0,77,-5.848083809157084e+35,-2.3088264680449665e+20,0.0,0.0,0.0,0.0,0.0,0.0,0.0,0,0,0,0.0,0.0,0.0,0.0,0.0,0.0,0.0,0.0,0.0,0.0,0.0,0.0,0.0,0.0,0.0,0.0,0,-107875648.0,77,0.0,154,0.0,0.0,ERR,ERR,ERR,ERR,ERR,ERR,ERR,ERR,ERR,ERR,ERR,ERR,ERR,ERR,ERR,ERR,ERR,ERR,ERR,ERR,ERR,ERR,ERR,ERR,ERR,ERR,ERR,ERR,ERR,ERR,ERR,ERR,ERR,ERR,ERR,ERR,ERR,ERR,ERR,ERR,ERR,ERR,ERR,ERR,ERR,ERR,ERR,ERR,ERR,ERR,ERR,ERR,ERR,ERR,ERR,ERR,ERR,ERR,ERR,ERR,ERR,ERR,ERR,ERR,ERR,ERR,ERR,34.0,80.0,35,0.0,0.0,0.0,0.0,0.0,0.0,0.0,0.0,0.0,0.0,0.0,0.0,0.0,0.0,0.0,0.0,65.6,0,120,58,53,65476,0,300,0,0,8,20529,65476,0,0,57672,80.0,0.0,0.0,0.0,0.0,0.0
2026-06-18T02:39:20,ERR,ERR,ERR,ERR,ERR,ERR,ERR,ERR,ERR,ERR,ERR,ERR,ERR,ERR,ERR,ERR,ERR,ERR,ERR,ERR,ERR,ERR,ERR,ERR,ERR,ERR,ERR,ERR,ERR,ERR,ERR,ERR,ERR,ERR,ERR,ERR,ERR,ERR,ERR,ERR,ERR,ERR,ERR,ERR,ERR,ERR,ERR,ERR,ERR,ERR,ERR,ERR,ERR,ERR,ERR,ERR,ERR,ERR,ERR,ERR,ERR,ERR,ERR,ERR,ERR,ERR,ERR,ERR,ERR,ERR,ERR,ERR,ERR,ERR,ERR,ERR,ERR,ERR,ERR,ERR,ERR,ERR,ERR,ERR,ERR,ERR,ERR,ERR,ERR,ERR,ERR,ERR,ERR,ERR,ERR,ERR,ERR,ERR,ERR,ERR,ERR,ERR,ERR,ERR,ERR,ERR,ERR,ERR,ERR,ERR,ERR,ERR,ERR,ERR,ERR,ERR,ERR,ERR,ERR,ERR,ERR,ERR,ERR,ERR,ERR,2.7184312818759872e+23,0.0,0.0,-152005385388032.0,1.6,1.3936040501711995e+18,7.805,0.0,0,0,4,48954,6720,14723890282496.0,100,0.0,0.0,0.0,-0.0,0.0,0,0,0,0,0.0,0,0,0,0,0,0,0,0,0,0,0,0,0,0,0,0,0,0,0,0,0,0,0,0,0,0,0,0,0,0,0,0,0,26,51,50,76,65476,0,300,0,0,8,21553,0.0,-107605600.0,0.0,0.0,0.0,0.0,0.0,0.0,0.0,0.0,0.0,0.0,0.0,0.0,0.0,0.0,0.0,0.0,0.0,0.0,0.0,0.0,-2.004,0.0,-2.004,-2.004,0.0,0.0,0.0,0.0,4771.0,-2.422985886919649e+24,7293.0,2.7184312818759872e+23,0.0,-0.0,-0.0,0.0,0.0,0.0,0.0,77,-5.848083809157084e+35,-2.3088264680449665e+20,0.0,0.0,0.0,0.0,0.0,0.0,0.0,0,0,0,0.0,0.0,0.0,0.0,0.0,0.0,0.0,0.0,0.0,0.0,0.0,0.0,0.0,0.0,0.0,0.0,0,-107875648.0,77,0.0,154,0.0,0.0,ERR,ERR,ERR,ERR,ERR,ERR,ERR,ERR,ERR,ERR,ERR,ERR,ERR,ERR,ERR,ERR,ERR,ERR,ERR,ERR,ERR,ERR,ERR,ERR,ERR,ERR,ERR,ERR,ERR,ERR,ERR,ERR,ERR,ERR,ERR,ERR,ERR,ERR,ERR,ERR,ERR,ERR,ERR,ERR,ERR,ERR,ERR,ERR,ERR,ERR,ERR,ERR,ERR,ERR,ERR,ERR,ERR,ERR,ERR,ERR,ERR,ERR,ERR,ERR,ERR,ERR,ERR,34.0,80.0,35,0.0,0.0,0.0,0.0,0.0,0.0,0.0,0.0,0.0,0.0,0.0,0.0,0.0,0.0,0.0,0.0,65.6,0,120,58,53,65476,0,300,0,0,8,20529,65476,0,0,57672,80.0,0.0,0.0,0.0,0.0,0.0
2026-06-18T02:39:21,ERR,ERR,ERR,ERR,ERR,ERR,ERR,ERR,ERR,ERR,ERR,ERR,ERR,ERR,ERR,ERR,ERR,ERR,ERR,ERR,ERR,ERR,ERR,ERR,ERR,ERR,ERR,ERR,ERR,ERR,ERR,ERR,ERR,ERR,ERR,ERR,ERR,ERR,ERR,ERR,ERR,ERR,ERR,ERR,ERR,ERR,ERR,ERR,ERR,ERR,ERR,ERR,ERR,ERR,ERR,ERR,ERR,ERR,ERR,ERR,ERR,ERR,ERR,ERR,ERR,ERR,ERR,ERR,ERR,ERR,ERR,ERR,ERR,ERR,ERR,ERR,ERR,ERR,ERR,ERR,ERR,ERR,ERR,ERR,ERR,ERR,ERR,ERR,ERR,ERR,ERR,ERR,ERR,ERR,ERR,ERR,ERR,ERR,ERR,ERR,ERR,ERR,ERR,ERR,ERR,ERR,ERR,ERR,ERR,ERR,ERR,ERR,ERR,ERR,ERR,ERR,ERR,ERR,ERR,ERR,ERR,ERR,ERR,ERR,ERR,2.7184312818759872e+23,0.0,0.0,-152005385388032.0,1.6,1.3936040501711995e+18,7.805,0.0,0,0,4,48954,6720,14723890282496.0,100,0.0,0.0,0.0,-0.0,0.0,0,0,0,0,0.0,0,0,0,0,0,0,0,0,0,0,0,0,0,0,0,0,0,0,0,0,0,0,0,0,0,0,0,0,0,0,0,0,0,26,51,50,76,65476,0,300,0,0,8,21553,0.0,-107605600.0,0.0,0.0,0.0,0.0,0.0,0.0,0.0,0.0,0.0,0.0,0.0,0.0,0.0,0.0,0.0,0.0,0.0,0.0,0.0,0.0,-2.004,0.0,-2.004,-2.004,0.0,0.0,0.0,0.0,4771.0,-2.422985886919649e+24,7293.0,2.7184312818759872e+23,0.0,-0.0,-0.0,0.0,0.0,0.0,0.0,77,-5.848083809157084e+35,-2.3088264680449665e+20,0.0,0.0,0.0,0.0,0.0,0.0,0.0,0,0,0,0.0,0.0,0.0,0.0,0.0,0.0,0.0,0.0,0.0,0.0,0.0,0.0,0.0,0.0,0.0,0.0,0,-107875648.0,77,0.0,154,0.0,0.0,ERR,ERR,ERR,ERR,ERR,ERR,ERR,ERR,ERR,ERR,ERR,ERR,ERR,ERR,ERR,ERR,ERR,ERR,ERR,ERR,ERR,ERR,ERR,ERR,ERR,ERR,ERR,ERR,ERR,ERR,ERR,ERR,ERR,ERR,ERR,ERR,ERR,ERR,ERR,ERR,ERR,ERR,ERR,ERR,ERR,ERR,ERR,ERR,ERR,ERR,ERR,ERR,ERR,ERR,ERR,ERR,ERR,ERR,ERR,ERR,ERR,ERR,ERR,ERR,ERR,ERR,ERR,34.0,80.0,35,0.0,0.0,0.0,0.0,0.0,0.0,0.0,0.0,0.0,0.0,0.0,0.0,0.0,0.0,0.0,0.0,66.4,0,120,58,53,65476,0,300,0,0,8,20529,65476,0,0,57672,80.0,0.0,0.0,0.0,0.0,0.0
2026-06-18T02:39:22,ERR,ERR,ERR,ERR,ERR,ERR,ERR,ERR,ERR,ERR,ERR,ERR,ERR,ERR,ERR,ERR,ERR,ERR,ERR,ERR,ERR,ERR,ERR,ERR,ERR,ERR,ERR,ERR,ERR,ERR,ERR,ERR,ERR,ERR,ERR,ERR,ERR,ERR,ERR,ERR,ERR,ERR,ERR,ERR,ERR,ERR,ERR,ERR,ERR,ERR,ERR,ERR,ERR,ERR,ERR,ERR,ERR,ERR,ERR,ERR,ERR,ERR,ERR,ERR,ERR,ERR,ERR,ERR,ERR,ERR,ERR,ERR,ERR,ERR,ERR,ERR,ERR,ERR,ERR,ERR,ERR,ERR,ERR,ERR,ERR,ERR,ERR,ERR,ERR,ERR,ERR,ERR,ERR,ERR,ERR,ERR,ERR,ERR,ERR,ERR,ERR,ERR,ERR,ERR,ERR,ERR,ERR,ERR,ERR,ERR,ERR,ERR,ERR,ERR,ERR,ERR,ERR,ERR,ERR,ERR,ERR,ERR,ERR,ERR,ERR,2.7184312818759872e+23,0.0,0.0,-152005385388032.0,1.6,1.3936040501711995e+18,7.805,0.0,0,0,4,48954,6720,14723890282496.0,100,0.0,0.0,0.0,-0.0,0.0,0,0,0,0,0.0,0,0,0,0,0,0,0,0,0,0,0,0,0,0,0,0,0,0,0,0,0,0,0,0,0,0,0,0,0,0,0,0,0,26,51,50,76,65476,0,300,0,0,8,21553,0.0,-107605600.0,0.0,0.0,0.0,0.0,0.0,0.0,0.0,0.0,0.0,0.0,0.0,0.0,0.0,0.0,0.0,0.0,0.0,0.0,0.0,0.0,-2.004,0.0,-2.004,-2.004,0.0,0.0,0.0,0.0,4771.0,-2.422985886919649e+24,7293.0,2.7184312818759872e+23,0.0,-0.0,-0.0,0.0,0.0,0.0,0.0,77,-5.848083809157084e+35,-2.3088264680449665e+20,0.0,0.0,0.0,0.0,0.0,0.0,0.0,0,0,0,0.0,0.0,0.0,0.0,0.0,0.0,0.0,0.0,0.0,0.0,0.0,0.0,0.0,0.0,0.0,0.0,0,-107875648.0,77,0.0,154,0.0,0.0,ERR,ERR,ERR,ERR,ERR,ERR,ERR,ERR,ERR,ERR,ERR,ERR,ERR,ERR,ERR,ERR,ERR,ERR,ERR,ERR,ERR,ERR,ERR,ERR,ERR,ERR,ERR,ERR,ERR,ERR,ERR,ERR,ERR,ERR,ERR,ERR,ERR,ERR,ERR,ERR,ERR,ERR,ERR,ERR,ERR,ERR,ERR,ERR,ERR,ERR,ERR,ERR,ERR,ERR,ERR,ERR,ERR,ERR,ERR,ERR,ERR,ERR,ERR,ERR,ERR,ERR,ERR,34.0,80.0,35,0.0,0.0,0.0,0.0,0.0,0.0,0.0,0.0,0.0,0.0,0.0,0.0,0.0,0.0,0.0,0.0,66.4,0,120,58,53,65476,0,300,0,0,8,20529,65476,0,0,57672,80.0,0.0,0.0,0.0,0.0,0.0
2026-06-18T02:39:23,ERR,ERR,ERR,ERR,ERR,ERR,ERR,ERR,ERR,ERR,ERR,ERR,ERR,ERR,ERR,ERR,ERR,ERR,ERR,ERR,ERR,ERR,ERR,ERR,ERR,ERR,ERR,ERR,ERR,ERR,ERR,ERR,ERR,ERR,ERR,ERR,ERR,ERR,ERR,ERR,ERR,ERR,ERR,ERR,ERR,ERR,ERR,ERR,ERR,ERR,ERR,ERR,ERR,ERR,ERR,ERR,ERR,ERR,ERR,ERR,ERR,ERR,ERR,ERR,ERR,ERR,ERR,ERR,ERR,ERR,ERR,ERR,ERR,ERR,ERR,ERR,ERR,ERR,ERR,ERR,ERR,ERR,ERR,ERR,ERR,ERR,ERR,ERR,ERR,ERR,ERR,ERR,ERR,ERR,ERR,ERR,ERR,ERR,ERR,ERR,ERR,ERR,ERR,ERR,ERR,ERR,ERR,ERR,ERR,ERR,ERR,ERR,ERR,ERR,ERR,ERR,ERR,ERR,ERR,ERR,ERR,ERR,ERR,ERR,ERR,2.7184312818759872e+23,0.0,0.0,-0.0,nan,1.3936040501711995e+18,7.805,2527533.5,0,0,4,48956,6720,14723890282496.0,100,0.0,0.0,0.0,-107609184.0,0.0,0,0,0,0,0.0,0,0,0,0,0,0,0,0,0,0,0,0,0,0,0,0,0,0,0,0,0,0,0,0,0,0,0,0,0,0,0,0,0,26,51,50,76,65476,0,300,0,0,8,21553,0.0,-107605600.0,0.0,0.0,0.0,0.0,0.0,0.0,0.0,0.0,0.0,0.0,0.0,0.0,0.0,0.0,0.0,0.0,0.0,0.0,0.0,0.0,-2.004,0.0,-2.004,-2.004,0.0,0.0,0.0,0.0,4770.0,0.0,7264.0,2.7184312818759872e+23,0.0,-0.0,-0.0,0.0,0.0,0.0,0.0,77,0.0,0.0,0.0,0.0,0.0,0.0,0.0,0.0,0.0,0,0,0,0.0,0.0,0.0,0.0,0.0,0.0,0.0,0.0,0.0,0.0,0.0,0.0,0.0,0.0,0.0,0.0,0,-107875648.0,77,0.0,154,0.0,0.0,ERR,ERR,ERR,ERR,ERR,ERR,ERR,ERR,ERR,ERR,ERR,ERR,ERR,ERR,ERR,ERR,ERR,ERR,ERR,ERR,ERR,ERR,ERR,ERR,ERR,ERR,ERR,ERR,ERR,ERR,ERR,ERR,ERR,ERR,ERR,ERR,ERR,ERR,ERR,ERR,ERR,ERR,ERR,ERR,ERR,ERR,ERR,ERR,ERR,ERR,ERR,ERR,ERR,ERR,ERR,ERR,ERR,ERR,ERR,ERR,ERR,ERR,ERR,ERR,ERR,ERR,ERR,34.0,80.0,35,0.0,0.0,0.0,0.0,0.0,0.0,0.0,0.0,0.0,0.0,0.0,0.0,0.0,0.0,0.0,0.0,66.4,0,120,58,53,65476,0,300,0,0,8,20529,65476,0,0,57672,80.0,0.0,0.0,0.0,0.0,0.0
2026-06-18T02:39:24,ERR,ERR,ERR,ERR,ERR,ERR,ERR,ERR,ERR,ERR,ERR,ERR,ERR,ERR,ERR,ERR,ERR,ERR,ERR,ERR,ERR,ERR,ERR,ERR,ERR,ERR,ERR,ERR,ERR,ERR,ERR,ERR,ERR,ERR,ERR,ERR,ERR,ERR,ERR,ERR,ERR,ERR,ERR,ERR,ERR,ERR,ERR,ERR,ERR,ERR,ERR,ERR,ERR,ERR,ERR,ERR,ERR,ERR,ERR,ERR,ERR,ERR,ERR,ERR,ERR,ERR,ERR,ERR,ERR,ERR,ERR,ERR,ERR,ERR,ERR,ERR,ERR,ERR,ERR,ERR,ERR,ERR,ERR,ERR,ERR,ERR,ERR,ERR,ERR,ERR,ERR,ERR,ERR,ERR,ERR,ERR,ERR,ERR,ERR,ERR,ERR,ERR,ERR,ERR,ERR,ERR,ERR,ERR,ERR,ERR,ERR,ERR,ERR,ERR,ERR,ERR,ERR,ERR,ERR,ERR,ERR,ERR,ERR,ERR,ERR,2.7184312818759872e+23,0.0,0.0,-0.0,nan,1.3936040501711995e+18,7.805,2527533.5,0,0,4,48956,6720,14723890282496.0,100,0.0,0.0,0.0,-107609184.0,0.0,0,0,0,0,0.0,0,0,0,0,0,0,0,0,0,0,0,0,0,0,0,0,0,0,0,0,0,0,0,0,0,0,0,0,0,0,0,0,0,26,51,50,76,65476,0,300,0,0,8,21553,0.0,-107605600.0,0.0,0.0,0.0,0.0,0.0,0.0,0.0,0.0,0.0,0.0,0.0,0.0,0.0,0.0,0.0,0.0,0.0,0.0,0.0,0.0,-2.004,0.0,-2.004,-2.004,0.0,0.0,0.0,0.0,4770.0,0.0,7264.0,2.7184312818759872e+23,0.0,-0.0,-0.0,0.0,0.0,0.0,0.0,77,0.0,0.0,0.0,0.0,0.0,0.0,0.0,0.0,0.0,0,0,0,0.0,0.0,0.0,0.0,0.0,0.0,0.0,0.0,0.0,0.0,0.0,0.0,0.0,0.0,0.0,0.0,0,-107875648.0,77,0.0,154,0.0,0.0,ERR,ERR,ERR,ERR,ERR,ERR,ERR,ERR,ERR,ERR,ERR,ERR,ERR,ERR,ERR,ERR,ERR,ERR,ERR,ERR,ERR,ERR,ERR,ERR,ERR,ERR,ERR,ERR,ERR,ERR,ERR,ERR,ERR,ERR,ERR,ERR,ERR,ERR,ERR,ERR,ERR,ERR,ERR,ERR,ERR,ERR,ERR,ERR,ERR,ERR,ERR,ERR,ERR,ERR,ERR,ERR,ERR,ERR,ERR,ERR,ERR,ERR,ERR,ERR,ERR,ERR,ERR,34.0,80.0,35,0.0,0.0,0.0,0.0,0.0,0.0,0.0,0.0,0.0,0.0,0.0,0.0,0.0,0.0,0.0,0.0,66.4,0,120,58,53,65476,0,300,0,0,8,20529,65476,0,0,57672,80.0,0.0,0.0,0.0,0.0,0.0
2026-06-18T02:39:25,ERR,ERR,ERR,ERR,ERR,ERR,ERR,ERR,ERR,ERR,ERR,ERR,ERR,ERR,ERR,ERR,ERR,ERR,ERR,ERR,ERR,ERR,ERR,ERR,ERR,ERR,ERR,ERR,ERR,ERR,ERR,ERR,ERR,ERR,ERR,ERR,ERR,ERR,ERR,ERR,ERR,ERR,ERR,ERR,ERR,ERR,ERR,ERR,ERR,ERR,ERR,ERR,ERR,ERR,ERR,ERR,ERR,ERR,ERR,ERR,ERR,ERR,ERR,ERR,ERR,ERR,ERR,ERR,ERR,ERR,ERR,ERR,ERR,ERR,ERR,ERR,ERR,ERR,ERR,ERR,ERR,ERR,ERR,ERR,ERR,ERR,ERR,ERR,ERR,ERR,ERR,ERR,ERR,ERR,ERR,ERR,ERR,ERR,ERR,ERR,ERR,ERR,ERR,ERR,ERR,ERR,ERR,ERR,ERR,ERR,ERR,ERR,ERR,ERR,ERR,ERR,ERR,ERR,ERR,ERR,ERR,ERR,ERR,ERR,ERR,2.7184312818759872e+23,0.0,0.0,-0.0,nan,1.3936040501711995e+18,7.805,2527533.5,0,0,4,48956,6720,14723890282496.0,100,0.0,0.0,0.0,-107609184.0,0.0,0,0,0,0,0.0,0,0,0,0,0,0,0,0,0,0,0,0,0,0,0,0,0,0,0,0,0,0,0,0,0,0,0,0,0,0,0,0,0,26,51,50,76,65476,0,300,0,0,8,21553,0.0,-107605600.0,0.0,0.0,0.0,0.0,0.0,0.0,0.0,0.0,0.0,0.0,0.0,0.0,0.0,0.0,0.0,0.0,0.0,0.0,0.0,0.0,-2.004,0.0,-2.004,-2.004,0.0,0.0,0.0,0.0,4770.0,0.0,7264.0,2.7184312818759872e+23,0.0,-0.0,-0.0,0.0,0.0,0.0,0.0,77,0.0,0.0,0.0,0.0,0.0,0.0,0.0,0.0,0.0,0,0,0,0.0,0.0,0.0,0.0,0.0,0.0,0.0,0.0,0.0,0.0,0.0,0.0,0.0,0.0,0.0,0.0,0,-107875648.0,77,0.0,154,0.0,0.0,ERR,ERR,ERR,ERR,ERR,ERR,ERR,ERR,ERR,ERR,ERR,ERR,ERR,ERR,ERR,ERR,ERR,ERR,ERR,ERR,ERR,ERR,ERR,ERR,ERR,ERR,ERR,ERR,ERR,ERR,ERR,ERR,ERR,ERR,ERR,ERR,ERR,ERR,ERR,ERR,ERR,ERR,ERR,ERR,ERR,ERR,ERR,ERR,ERR,ERR,ERR,ERR,ERR,ERR,ERR,ERR,ERR,ERR,ERR,ERR,ERR,ERR,ERR,ERR,ERR,ERR,ERR,34.0,80.0,35,0.0,0.0,0.0,0.0,0.0,0.0,0.0,0.0,0.0,0.0,0.0,0.0,0.0,0.0,0.0,0.0,66.4,0,120,58,53,65476,0,300,0,0,8,20529,65476,0,0,57672,80.0,0.0,0.0,0.0,0.0,0.0
2026-06-18T02:39:26,ERR,ERR,ERR,ERR,ERR,ERR,ERR,ERR,ERR,ERR,ERR,ERR,ERR,ERR,ERR,ERR,ERR,ERR,ERR,ERR,ERR,ERR,ERR,ERR,ERR,ERR,ERR,ERR,ERR,ERR,ERR,ERR,ERR,ERR,ERR,ERR,ERR,ERR,ERR,ERR,ERR,ERR,ERR,ERR,ERR,ERR,ERR,ERR,ERR,ERR,ERR,ERR,ERR,ERR,ERR,ERR,ERR,ERR,ERR,ERR,ERR,ERR,ERR,ERR,ERR,ERR,ERR,ERR,ERR,ERR,ERR,ERR,ERR,ERR,ERR,ERR,ERR,ERR,ERR,ERR,ERR,ERR,ERR,ERR,ERR,ERR,ERR,ERR,ERR,ERR,ERR,ERR,ERR,ERR,ERR,ERR,ERR,ERR,ERR,ERR,ERR,ERR,ERR,ERR,ERR,ERR,ERR,ERR,ERR,ERR,ERR,ERR,ERR,ERR,ERR,ERR,ERR,ERR,ERR,ERR,ERR,ERR,ERR,ERR,ERR,2.7184312818759872e+23,0.0,0.0,-0.0,nan,1.3936040501711995e+18,7.805,2527533.5,0,0,4,48956,6720,14723890282496.0,100,0.0,0.0,0.0,-107609184.0,0.0,0,0,0,0,0.0,0,0,0,0,0,0,0,0,0,0,0,0,0,0,0,0,0,0,0,0,0,0,0,0,0,0,0,0,0,0,0,0,0,26,51,50,76,65476,0,300,0,0,8,21553,0.0,-107605600.0,0.0,0.0,0.0,0.0,0.0,0.0,0.0,0.0,0.0,0.0,0.0,0.0,0.0,0.0,0.0,0.0,0.0,0.0,0.0,0.0,-2.004,0.0,-2.004,-2.004,0.0,0.0,0.0,0.0,4770.0,0.0,7264.0,2.7184312818759872e+23,0.0,-0.0,-0.0,0.0,0.0,0.0,0.0,77,0.0,0.0,0.0,0.0,0.0,0.0,0.0,0.0,0.0,0,0,0,0.0,0.0,0.0,0.0,0.0,0.0,0.0,0.0,0.0,0.0,0.0,0.0,0.0,0.0,0.0,0.0,0,-107875648.0,77,0.0,154,0.0,0.0,ERR,ERR,ERR,ERR,ERR,ERR,ERR,ERR,ERR,ERR,ERR,ERR,ERR,ERR,ERR,ERR,ERR,ERR,ERR,ERR,ERR,ERR,ERR,ERR,ERR,ERR,ERR,ERR,ERR,ERR,ERR,ERR,ERR,ERR,ERR,ERR,ERR,ERR,ERR,ERR,ERR,ERR,ERR,ERR,ERR,ERR,ERR,ERR,ERR,ERR,ERR,ERR,ERR,ERR,ERR,ERR,ERR,ERR,ERR,ERR,ERR,ERR,ERR,ERR,ERR,ERR,ERR,34.0,80.0,35,0.0,0.0,0.0,0.0,0.0,0.0,0.0,0.0,0.0,0.0,0.0,0.0,0.0,0.0,0.0,0.0,66.4,0,120,58,53,65476,0,300,0,0,8,20529,65476,0,0,57672,80.0,0.0,0.0,0.0,0.0,0.0
2026-06-18T02:39:27,ERR,ERR,ERR,ERR,ERR,ERR,ERR,ERR,ERR,ERR,ERR,ERR,ERR,ERR,ERR,ERR,ERR,ERR,ERR,ERR,ERR,ERR,ERR,ERR,ERR,ERR,ERR,ERR,ERR,ERR,ERR,ERR,ERR,ERR,ERR,ERR,ERR,ERR,ERR,ERR,ERR,ERR,ERR,ERR,ERR,ERR,ERR,ERR,ERR,ERR,ERR,ERR,ERR,ERR,ERR,ERR,ERR,ERR,ERR,ERR,ERR,ERR,ERR,ERR,ERR,ERR,ERR,ERR,ERR,ERR,ERR,ERR,ERR,ERR,ERR,ERR,ERR,ERR,ERR,ERR,ERR,ERR,ERR,ERR,ERR,ERR,ERR,ERR,ERR,ERR,ERR,ERR,ERR,ERR,ERR,ERR,ERR,ERR,ERR,ERR,ERR,ERR,ERR,ERR,ERR,ERR,ERR,ERR,ERR,ERR,ERR,ERR,ERR,ERR,ERR,ERR,ERR,ERR,ERR,ERR,ERR,ERR,ERR,ERR,ERR,2.7184312818759872e+23,0.0,0.0,-0.0,nan,1.3936040501711995e+18,7.805,2527533.5,0,0,4,48956,6720,14723890282496.0,100,0.0,0.0,0.0,-107609184.0,0.0,0,0,0,0,0.0,0,0,0,0,0,0,0,0,0,0,0,0,0,0,0,0,0,0,0,0,0,0,0,0,0,0,0,0,0,0,0,0,0,26,51,50,76,65476,0,300,0,0,8,21553,0.0,-107605600.0,0.0,0.0,0.0,0.0,0.0,0.0,0.0,0.0,0.0,0.0,0.0,0.0,0.0,0.0,0.0,0.0,0.0,0.0,0.0,0.0,-2.004,0.0,-2.004,-2.004,0.0,0.0,0.0,0.0,4770.0,0.0,7264.0,2.7184312818759872e+23,0.0,-0.0,-0.0,0.0,0.0,0.0,0.0,77,0.0,0.0,0.0,0.0,0.0,0.0,0.0,0.0,0.0,0,0,0,0.0,0.0,0.0,0.0,0.0,0.0,0.0,0.0,0.0,0.0,0.0,0.0,0.0,0.0,0.0,0.0,0,-107875648.0,77,0.0,154,0.0,0.0,ERR,ERR,ERR,ERR,ERR,ERR,ERR,ERR,ERR,ERR,ERR,ERR,ERR,ERR,ERR,ERR,ERR,ERR,ERR,ERR,ERR,ERR,ERR,ERR,ERR,ERR,ERR,ERR,ERR,ERR,ERR,ERR,ERR,ERR,ERR,ERR,ERR,ERR,ERR,ERR,ERR,ERR,ERR,ERR,ERR,ERR,ERR,ERR,ERR,ERR,ERR,ERR,ERR,ERR,ERR,ERR,ERR,ERR,ERR,ERR,ERR,ERR,ERR,ERR,ERR,ERR,ERR,34.0,80.0,35,0.0,0.0,0.0,0.0,0.0,0.0,0.0,0.0,0.0,0.0,0.0,0.0,0.0,0.0,0.0,0.0,65.6,0,120,58,53,65476,0,300,0,0,8,20529,65476,0,0,57672,80.0,0.0,0.0,0.0,0.0,0.0
2026-06-18T02:39:28,ERR,ERR,ERR,ERR,ERR,ERR,ERR,ERR,ERR,ERR,ERR,ERR,ERR,ERR,ERR,ERR,ERR,ERR,ERR,ERR,ERR,ERR,ERR,ERR,ERR,ERR,ERR,ERR,ERR,ERR,ERR,ERR,ERR,ERR,ERR,ERR,ERR,ERR,ERR,ERR,ERR,ERR,ERR,ERR,ERR,ERR,ERR,ERR,ERR,ERR,ERR,ERR,ERR,ERR,ERR,ERR,ERR,ERR,ERR,ERR,ERR,ERR,ERR,ERR,ERR,ERR,ERR,ERR,ERR,ERR,ERR,ERR,ERR,ERR,ERR,ERR,ERR,ERR,ERR,ERR,ERR,ERR,ERR,ERR,ERR,ERR,ERR,ERR,ERR,ERR,ERR,ERR,ERR,ERR,ERR,ERR,ERR,ERR,ERR,ERR,ERR,ERR,ERR,ERR,ERR,ERR,ERR,ERR,ERR,ERR,ERR,ERR,ERR,ERR,ERR,ERR,ERR,ERR,ERR,ERR,ERR,ERR,ERR,ERR,ERR,2.7184312818759872e+23,0.0,0.0,-0.0,-1.584,1.3936040501711995e+18,7.805,8.60689115769574e+30,0,0,4,48950,6720,14723890282496.0,100,0.0,0.0,0.0,-0.0,0.0,0,0,0,0,0.0,0,0,0,0,0,0,0,0,0,0,0,0,0,0,0,0,0,0,0,0,0,0,0,0,0,0,0,0,0,0,0,0,0,26,51,50,76,65476,0,300,0,0,8,21553,0.0,-107605600.0,0.0,0.0,0.0,0.0,0.0,0.0,0.0,0.0,0.0,0.0,0.0,0.0,0.0,0.0,0.0,0.0,0.0,0.0,0.0,0.0,-2.004,0.0,-2.004,-2.004,0.0,0.0,0.0,0.0,4773.0,-8608175104.0,7290.0,2.7184312818759872e+23,0.0,-0.0,-0.0,0.0,0.0,0.0,0.0,77,0.0,-71.629,0.0,0.0,0.0,0.0,0.0,0.0,0.0,0,0,0,0.0,0.0,0.0,0.0,0.0,0.0,0.0,0.0,0.0,0.0,0.0,0.0,0.0,0.0,0.0,0.0,0,-107875648.0,77,0.0,154,0.0,0.0,ERR,ERR,ERR,ERR,ERR,ERR,ERR,ERR,ERR,ERR,ERR,ERR,ERR,ERR,ERR,ERR,ERR,ERR,ERR,ERR,ERR,ERR,ERR,ERR,ERR,ERR,ERR,ERR,ERR,ERR,ERR,ERR,ERR,ERR,ERR,ERR,ERR,ERR,ERR,ERR,ERR,ERR,ERR,ERR,ERR,ERR,ERR,ERR,ERR,ERR,ERR,ERR,ERR,ERR,ERR,ERR,ERR,ERR,ERR,ERR,ERR,ERR,ERR,ERR,ERR,ERR,ERR,34.0,80.0,35,0.0,0.0,0.0,0.0,0.0,0.0,0.0,0.0,0.0,0.0,0.0,0.0,0.0,0.0,0.0,0.0,65.6,0,120,58,53,65476,0,300,0,0,8,20529,65476,0,0,57672,80.0,0.0,0.0,0.0,0.0,0.0
2026-06-18T02:39:29,ERR,ERR,ERR,ERR,ERR,ERR,ERR,ERR,ERR,ERR,ERR,ERR,ERR,ERR,ERR,ERR,ERR,ERR,ERR,ERR,ERR,ERR,ERR,ERR,ERR,ERR,ERR,ERR,ERR,ERR,ERR,ERR,ERR,ERR,ERR,ERR,ERR,ERR,ERR,ERR,ERR,ERR,ERR,ERR,ERR,ERR,ERR,ERR,ERR,ERR,ERR,ERR,ERR,ERR,ERR,ERR,ERR,ERR,ERR,ERR,ERR,ERR,ERR,ERR,ERR,ERR,ERR,ERR,ERR,ERR,ERR,ERR,ERR,ERR,ERR,ERR,ERR,ERR,ERR,ERR,ERR,ERR,ERR,ERR,ERR,ERR,ERR,ERR,ERR,ERR,ERR,ERR,ERR,ERR,ERR,ERR,ERR,ERR,ERR,ERR,ERR,ERR,ERR,ERR,ERR,ERR,ERR,ERR,ERR,ERR,ERR,ERR,ERR,ERR,ERR,ERR,ERR,ERR,ERR,ERR,ERR,ERR,ERR,ERR,ERR,2.7184312818759872e+23,0.0,0.0,-0.0,-1.584,1.3936040501711995e+18,7.805,8.60689115769574e+30,0,0,4,48950,6720,14723890282496.0,100,0.0,0.0,0.0,-0.0,0.0,0,0,0,0,0.0,0,0,0,0,0,0,0,0,0,0,0,0,0,0,0,0,0,0,0,0,0,0,0,0,0,0,0,0,0,0,0,0,0,26,51,50,76,65476,0,300,0,0,8,21553,0.0,-107605600.0,0.0,0.0,0.0,0.0,0.0,0.0,0.0,0.0,0.0,0.0,0.0,0.0,0.0,0.0,0.0,0.0,0.0,0.0,0.0,0.0,-2.004,0.0,-2.004,-2.004,0.0,0.0,0.0,0.0,4773.0,-8608175104.0,7290.0,2.7184312818759872e+23,0.0,-0.0,-0.0,0.0,0.0,0.0,0.0,77,0.0,-71.629,0.0,0.0,0.0,0.0,0.0,0.0,0.0,0,0,0,0.0,0.0,0.0,0.0,0.0,0.0,0.0,0.0,0.0,0.0,0.0,0.0,0.0,0.0,0.0,0.0,0,-107875648.0,77,0.0,154,0.0,0.0,ERR,ERR,ERR,ERR,ERR,ERR,ERR,ERR,ERR,ERR,ERR,ERR,ERR,ERR,ERR,ERR,ERR,ERR,ERR,ERR,ERR,ERR,ERR,ERR,ERR,ERR,ERR,ERR,ERR,ERR,ERR,ERR,ERR,ERR,ERR,ERR,ERR,ERR,ERR,ERR,ERR,ERR,ERR,ERR,ERR,ERR,ERR,ERR,ERR,ERR,ERR,ERR,ERR,ERR,ERR,ERR,ERR,ERR,ERR,ERR,ERR,ERR,ERR,ERR,ERR,ERR,ERR,34.0,80.0,35,0.0,0.0,0.0,0.0,0.0,0.0,0.0,0.0,0.0,0.0,0.0,0.0,0.0,0.0,0.0,0.0,65.6,0,120,58,53,65476,0,300,0,0,8,20529,65476,0,0,57672,80.0,0.0,0.0,0.0,0.0,0.0
2026-06-18T02:39:30,ERR,ERR,ERR,ERR,ERR,ERR,ERR,ERR,ERR,ERR,ERR,ERR,ERR,ERR,ERR,ERR,ERR,ERR,ERR,ERR,ERR,ERR,ERR,ERR,ERR,ERR,ERR,ERR,ERR,ERR,ERR,ERR,ERR,ERR,ERR,ERR,ERR,ERR,ERR,ERR,ERR,ERR,ERR,ERR,ERR,ERR,ERR,ERR,ERR,ERR,ERR,ERR,ERR,ERR,ERR,ERR,ERR,ERR,ERR,ERR,ERR,ERR,ERR,ERR,ERR,ERR,ERR,ERR,ERR,ERR,ERR,ERR,ERR,ERR,ERR,ERR,ERR,ERR,ERR,ERR,ERR,ERR,ERR,ERR,ERR,ERR,ERR,ERR,ERR,ERR,ERR,ERR,ERR,ERR,ERR,ERR,ERR,ERR,ERR,ERR,ERR,ERR,ERR,ERR,ERR,ERR,ERR,ERR,ERR,ERR,ERR,ERR,ERR,ERR,ERR,ERR,ERR,ERR,ERR,ERR,ERR,ERR,ERR,ERR,ERR,2.7184312818759872e+23,0.0,0.0,-0.0,-1.584,1.3936040501711995e+18,7.805,8.60689115769574e+30,0,0,4,48950,6720,14723890282496.0,100,0.0,0.0,0.0,-0.0,0.0,0,0,0,0,0.0,0,0,0,0,0,0,0,0,0,0,0,0,0,0,0,0,0,0,0,0,0,0,0,0,0,0,0,0,0,0,0,0,0,26,51,50,76,65476,0,300,0,0,8,21553,0.0,-107605600.0,0.0,0.0,0.0,0.0,0.0,0.0,0.0,0.0,0.0,0.0,0.0,0.0,0.0,0.0,0.0,0.0,0.0,0.0,0.0,0.0,-2.004,0.0,-2.004,-2.004,0.0,0.0,0.0,0.0,4773.0,-8608175104.0,7290.0,2.7184312818759872e+23,0.0,-0.0,-0.0,0.0,0.0,0.0,0.0,77,0.0,-71.629,0.0,0.0,0.0,0.0,0.0,0.0,0.0,0,0,0,0.0,0.0,0.0,0.0,0.0,0.0,0.0,0.0,0.0,0.0,0.0,0.0,0.0,0.0,0.0,0.0,0,-107875648.0,77,0.0,154,0.0,0.0,ERR,ERR,ERR,ERR,ERR,ERR,ERR,ERR,ERR,ERR,ERR,ERR,ERR,ERR,ERR,ERR,ERR,ERR,ERR,ERR,ERR,ERR,ERR,ERR,ERR,ERR,ERR,ERR,ERR,ERR,ERR,ERR,ERR,ERR,ERR,ERR,ERR,ERR,ERR,ERR,ERR,ERR,ERR,ERR,ERR,ERR,ERR,ERR,ERR,ERR,ERR,ERR,ERR,ERR,ERR,ERR,ERR,ERR,ERR,ERR,ERR,ERR,ERR,ERR,ERR,ERR,ERR,34.0,80.0,35,0.0,0.0,0.0,0.0,0.0,0.0,0.0,0.0,0.0,0.0,0.0,0.0,0.0,0.0,0.0,0.0,65.6,0,120,58,53,65476,0,300,0,0,8,20529,65476,0,0,57672,80.0,0.0,0.0,0.0,0.0,0.0
2026-06-18T02:39:31,ERR,ERR,ERR,ERR,ERR,ERR,ERR,ERR,ERR,ERR,ERR,ERR,ERR,ERR,ERR,ERR,ERR,ERR,ERR,ERR,ERR,ERR,ERR,ERR,ERR,ERR,ERR,ERR,ERR,ERR,ERR,ERR,ERR,ERR,ERR,ERR,ERR,ERR,ERR,ERR,ERR,ERR,ERR,ERR,ERR,ERR,ERR,ERR,ERR,ERR,ERR,ERR,ERR,ERR,ERR,ERR,ERR,ERR,ERR,ERR,ERR,ERR,ERR,ERR,ERR,ERR,ERR,ERR,ERR,ERR,ERR,ERR,ERR,ERR,ERR,ERR,ERR,ERR,ERR,ERR,ERR,ERR,ERR,ERR,ERR,ERR,ERR,ERR,ERR,ERR,ERR,ERR,ERR,ERR,ERR,ERR,ERR,ERR,ERR,ERR,ERR,ERR,ERR,ERR,ERR,ERR,ERR,ERR,ERR,ERR,ERR,ERR,ERR,ERR,ERR,ERR,ERR,ERR,ERR,ERR,ERR,ERR,ERR,ERR,ERR,2.7184312818759872e+23,0.0,0.0,-0.0,-1.584,1.3936040501711995e+18,7.805,8.60689115769574e+30,0,0,4,48950,6720,14723890282496.0,100,0.0,0.0,0.0,-0.0,0.0,0,0,0,0,0.0,0,0,0,0,0,0,0,0,0,0,0,0,0,0,0,0,0,0,0,0,0,0,0,0,0,0,0,0,0,0,0,0,0,26,51,50,76,65476,0,300,0,0,8,21553,0.0,-107605600.0,0.0,0.0,0.0,0.0,0.0,0.0,0.0,0.0,0.0,0.0,0.0,0.0,0.0,0.0,0.0,0.0,0.0,0.0,0.0,0.0,-2.004,0.0,-2.004,-2.004,0.0,0.0,0.0,0.0,4773.0,-8608175104.0,7290.0,2.7184312818759872e+23,0.0,-0.0,-0.0,0.0,0.0,0.0,0.0,77,0.0,-71.629,0.0,0.0,0.0,0.0,0.0,0.0,0.0,0,0,0,0.0,0.0,0.0,0.0,0.0,0.0,0.0,0.0,0.0,0.0,0.0,0.0,0.0,0.0,0.0,0.0,0,-107875648.0,77,0.0,154,0.0,0.0,ERR,ERR,ERR,ERR,ERR,ERR,ERR,ERR,ERR,ERR,ERR,ERR,ERR,ERR,ERR,ERR,ERR,ERR,ERR,ERR,ERR,ERR,ERR,ERR,ERR,ERR,ERR,ERR,ERR,ERR,ERR,ERR,ERR,ERR,ERR,ERR,ERR,ERR,ERR,ERR,ERR,ERR,ERR,ERR,ERR,ERR,ERR,ERR,ERR,ERR,ERR,ERR,ERR,ERR,ERR,ERR,ERR,ERR,ERR,ERR,ERR,ERR,ERR,ERR,ERR,ERR,ERR,34.0,80.0,35,0.0,0.0,0.0,0.0,0.0,0.0,0.0,0.0,0.0,0.0,0.0,0.0,0.0,0.0,0.0,0.0,65.6,0,120,58,53,65476,0,300,0,0,8,20529,65476,0,0,57672,80.0,0.0,0.0,0.0,0.0,0.0
2026-06-18T02:39:32,ERR,ERR,ERR,ERR,ERR,ERR,ERR,ERR,ERR,ERR,ERR,ERR,ERR,ERR,ERR,ERR,ERR,ERR,ERR,ERR,ERR,ERR,ERR,ERR,ERR,ERR,ERR,ERR,ERR,ERR,ERR,ERR,ERR,ERR,ERR,ERR,ERR,ERR,ERR,ERR,ERR,ERR,ERR,ERR,ERR,ERR,ERR,ERR,ERR,ERR,ERR,ERR,ERR,ERR,ERR,ERR,ERR,ERR,ERR,ERR,ERR,ERR,ERR,ERR,ERR,ERR,ERR,ERR,ERR,ERR,ERR,ERR,ERR,ERR,ERR,ERR,ERR,ERR,ERR,ERR,ERR,ERR,ERR,ERR,ERR,ERR,ERR,ERR,ERR,ERR,ERR,ERR,ERR,ERR,ERR,ERR,ERR,ERR,ERR,ERR,ERR,ERR,ERR,ERR,ERR,ERR,ERR,ERR,ERR,ERR,ERR,ERR,ERR,ERR,ERR,ERR,ERR,ERR,ERR,ERR,ERR,ERR,ERR,ERR,ERR,2.7184312818759872e+23,0.0,0.0,-0.0,-1.584,1.3936040501711995e+18,7.805,8.60689115769574e+30,0,0,4,48950,6720,14723890282496.0,100,0.0,0.0,0.0,-0.0,0.0,0,0,0,0,0.0,0,0,0,0,0,0,0,0,0,0,0,0,0,0,0,0,0,0,0,0,0,0,0,0,0,0,0,0,0,0,0,0,0,26,51,50,76,65476,0,300,0,0,8,21553,0.0,-107605600.0,0.0,0.0,0.0,0.0,0.0,0.0,0.0,0.0,0.0,0.0,0.0,0.0,0.0,0.0,0.0,0.0,0.0,0.0,0.0,0.0,-2.004,0.0,-2.004,-2.004,0.0,0.0,0.0,0.0,4773.0,-8608175104.0,7290.0,2.7184312818759872e+23,0.0,-0.0,-0.0,0.0,0.0,0.0,0.0,77,0.0,-71.629,0.0,0.0,0.0,0.0,0.0,0.0,0.0,0,0,0,0.0,0.0,0.0,0.0,0.0,0.0,0.0,0.0,0.0,0.0,0.0,0.0,0.0,0.0,0.0,0.0,0,-107875648.0,77,0.0,154,0.0,0.0,ERR,ERR,ERR,ERR,ERR,ERR,ERR,ERR,ERR,ERR,ERR,ERR,ERR,ERR,ERR,ERR,ERR,ERR,ERR,ERR,ERR,ERR,ERR,ERR,ERR,ERR,ERR,ERR,ERR,ERR,ERR,ERR,ERR,ERR,ERR,ERR,ERR,ERR,ERR,ERR,ERR,ERR,ERR,ERR,ERR,ERR,ERR,ERR,ERR,ERR,ERR,ERR,ERR,ERR,ERR,ERR,ERR,ERR,ERR,ERR,ERR,ERR,ERR,ERR,ERR,ERR,ERR,34.0,80.0,35,0.0,0.0,0.0,0.0,0.0,0.0,0.0,0.0,0.0,0.0,0.0,0.0,0.0,0.0,0.0,0.0,65.6,0,120,58,53,65476,0,300,0,0,8,20529,65476,0,0,57672,80.0,0.0,0.0,0.0,0.0,0.0
2026-06-18T02:39:33,ERR,ERR,ERR,ERR,ERR,ERR,ERR,ERR,ERR,ERR,ERR,ERR,ERR,ERR,ERR,ERR,ERR,ERR,ERR,ERR,ERR,ERR,ERR,ERR,ERR,ERR,ERR,ERR,ERR,ERR,ERR,ERR,ERR,ERR,ERR,ERR,ERR,ERR,ERR,ERR,ERR,ERR,ERR,ERR,ERR,ERR,ERR,ERR,ERR,ERR,ERR,ERR,ERR,ERR,ERR,ERR,ERR,ERR,ERR,ERR,ERR,ERR,ERR,ERR,ERR,ERR,ERR,ERR,ERR,ERR,ERR,ERR,ERR,ERR,ERR,ERR,ERR,ERR,ERR,ERR,ERR,ERR,ERR,ERR,ERR,ERR,ERR,ERR,ERR,ERR,ERR,ERR,ERR,ERR,ERR,ERR,ERR,ERR,ERR,ERR,ERR,ERR,ERR,ERR,ERR,ERR,ERR,ERR,ERR,ERR,ERR,ERR,ERR,ERR,ERR,ERR,ERR,ERR,ERR,ERR,ERR,ERR,ERR,ERR,ERR,2.7184312818759872e+23,0.0,0.0,-4.9501291711397626e+32,1.592,1.3936040501711995e+18,7.805,0.0,0,0,4,48957,6720,14723890282496.0,100,0.0,0.0,0.0,-4.9501291711397626e+32,0.0,0,0,0,0,0.0,0,0,0,0,0,0,0,0,0,0,0,0,0,0,0,0,0,0,0,0,0,0,0,0,0,0,0,0,0,0,0,0,0,26,51,50,76,65476,0,300,0,0,8,21553,0.0,-107605600.0,0.0,0.0,0.0,0.0,0.0,0.0,0.0,0.0,0.0,0.0,0.0,0.0,0.0,0.0,0.0,0.0,0.0,0.0,0.0,0.0,-2.004,0.0,-2.004,-2.004,0.0,0.0,0.0,0.0,4799.0,-2.422985886919649e+24,7293.0,2.7184312818759872e+23,0.0,-0.0,-0.0,0.0,0.0,0.0,0.0,77,0.0,-2.3088264680449665e+20,0.0,0.0,0.0,0.0,0.0,0.0,0.0,0,0,0,0.0,0.0,0.0,0.0,0.0,0.0,0.0,0.0,0.0,0.0,0.0,0.0,0.0,0.0,0.0,0.0,0,-107875648.0,77,0.0,154,0.0,0.0,ERR,ERR,ERR,ERR,ERR,ERR,ERR,ERR,ERR,ERR,ERR,ERR,ERR,ERR,ERR,ERR,ERR,ERR,ERR,ERR,ERR,ERR,ERR,ERR,ERR,ERR,ERR,ERR,ERR,ERR,ERR,ERR,ERR,ERR,ERR,ERR,ERR,ERR,ERR,ERR,ERR,ERR,ERR,ERR,ERR,ERR,ERR,ERR,ERR,ERR,ERR,ERR,ERR,ERR,ERR,ERR,ERR,ERR,ERR,ERR,ERR,ERR,ERR,ERR,ERR,ERR,ERR,34.0,80.0,35,0.0,0.0,0.0,0.0,0.0,0.0,0.0,0.0,0.0,0.0,0.0,0.0,0.0,0.0,0.0,0.0,65.6,0,120,58,53,65476,0,300,0,0,8,20529,65476,0,0,57672,80.0,0.0,0.0,0.0,0.0,0.0
2026-06-18T02:39:34,ERR,ERR,ERR,ERR,ERR,ERR,ERR,ERR,ERR,ERR,ERR,ERR,ERR,ERR,ERR,ERR,ERR,ERR,ERR,ERR,ERR,ERR,ERR,ERR,ERR,ERR,ERR,ERR,ERR,ERR,ERR,ERR,ERR,ERR,ERR,ERR,ERR,ERR,ERR,ERR,ERR,ERR,ERR,ERR,ERR,ERR,ERR,ERR,ERR,ERR,ERR,ERR,ERR,ERR,ERR,ERR,ERR,ERR,ERR,ERR,ERR,ERR,ERR,ERR,ERR,ERR,ERR,ERR,ERR,ERR,ERR,ERR,ERR,ERR,ERR,ERR,ERR,ERR,ERR,ERR,ERR,ERR,ERR,ERR,ERR,ERR,ERR,ERR,ERR,ERR,ERR,ERR,ERR,ERR,ERR,ERR,ERR,ERR,ERR,ERR,ERR,ERR,ERR,ERR,ERR,ERR,ERR,ERR,ERR,ERR,ERR,ERR,ERR,ERR,ERR,ERR,ERR,ERR,ERR,ERR,ERR,ERR,ERR,ERR,ERR,2.7184312818759872e+23,0.0,0.0,-4.9501291711397626e+32,1.592,1.3936040501711995e+18,7.805,0.0,0,0,4,48957,6720,14723890282496.0,100,0.0,0.0,0.0,-4.9501291711397626e+32,0.0,0,0,0,0,0.0,0,0,0,0,0,0,0,0,0,0,0,0,0,0,0,0,0,0,0,0,0,0,0,0,0,0,0,0,0,0,0,0,0,26,51,50,76,65476,0,300,0,0,8,21553,0.0,-107605600.0,0.0,0.0,0.0,0.0,0.0,0.0,0.0,0.0,0.0,0.0,0.0,0.0,0.0,0.0,0.0,0.0,0.0,0.0,0.0,0.0,-2.004,0.0,-2.004,-2.004,0.0,0.0,0.0,0.0,4799.0,-2.422985886919649e+24,7293.0,2.7184312818759872e+23,0.0,-0.0,-0.0,0.0,0.0,0.0,0.0,77,0.0,-2.3088264680449665e+20,0.0,0.0,0.0,0.0,0.0,0.0,0.0,0,0,0,0.0,0.0,0.0,0.0,0.0,0.0,0.0,0.0,0.0,0.0,0.0,0.0,0.0,0.0,0.0,0.0,0,-107875648.0,77,0.0,154,0.0,0.0,ERR,ERR,ERR,ERR,ERR,ERR,ERR,ERR,ERR,ERR,ERR,ERR,ERR,ERR,ERR,ERR,ERR,ERR,ERR,ERR,ERR,ERR,ERR,ERR,ERR,ERR,ERR,ERR,ERR,ERR,ERR,ERR,ERR,ERR,ERR,ERR,ERR,ERR,ERR,ERR,ERR,ERR,ERR,ERR,ERR,ERR,ERR,ERR,ERR,ERR,ERR,ERR,ERR,ERR,ERR,ERR,ERR,ERR,ERR,ERR,ERR,ERR,ERR,ERR,ERR,ERR,ERR,34.0,80.0,35,0.0,0.0,0.0,0.0,0.0,0.0,0.0,0.0,0.0,0.0,0.0,0.0,0.0,0.0,0.0,0.0,65.6,0,120,58,53,65476,0,300,0,0,8,20529,65476,0,0,57672,80.0,0.0,0.0,0.0,0.0,0.0
2026-06-18T02:39:35,ERR,ERR,ERR,ERR,ERR,ERR,ERR,ERR,ERR,ERR,ERR,ERR,ERR,ERR,ERR,ERR,ERR,ERR,ERR,ERR,ERR,ERR,ERR,ERR,ERR,ERR,ERR,ERR,ERR,ERR,ERR,ERR,ERR,ERR,ERR,ERR,ERR,ERR,ERR,ERR,ERR,ERR,ERR,ERR,ERR,ERR,ERR,ERR,ERR,ERR,ERR,ERR,ERR,ERR,ERR,ERR,ERR,ERR,ERR,ERR,ERR,ERR,ERR,ERR,ERR,ERR,ERR,ERR,ERR,ERR,ERR,ERR,ERR,ERR,ERR,ERR,ERR,ERR,ERR,ERR,ERR,ERR,ERR,ERR,ERR,ERR,ERR,ERR,ERR,ERR,ERR,ERR,ERR,ERR,ERR,ERR,ERR,ERR,ERR,ERR,ERR,ERR,ERR,ERR,ERR,ERR,ERR,ERR,ERR,ERR,ERR,ERR,ERR,ERR,ERR,ERR,ERR,ERR,ERR,ERR,ERR,ERR,ERR,ERR,ERR,2.7184312818759872e+23,0.0,0.0,-4.9501291711397626e+32,1.592,1.3936040501711995e+18,7.805,0.0,0,0,4,48957,6720,14723890282496.0,100,0.0,0.0,0.0,-4.9501291711397626e+32,0.0,0,0,0,0,0.0,0,0,0,0,0,0,0,0,0,0,0,0,0,0,0,0,0,0,0,0,0,0,0,0,0,0,0,0,0,0,0,0,0,26,51,50,76,65476,0,300,0,0,8,21553,0.0,-107605600.0,0.0,0.0,0.0,0.0,0.0,0.0,0.0,0.0,0.0,0.0,0.0,0.0,0.0,0.0,0.0,0.0,0.0,0.0,0.0,0.0,-2.004,0.0,-2.004,-2.004,0.0,0.0,0.0,0.0,4799.0,-2.422985886919649e+24,7293.0,2.7184312818759872e+23,0.0,-0.0,-0.0,0.0,0.0,0.0,0.0,77,0.0,-2.3088264680449665e+20,0.0,0.0,0.0,0.0,0.0,0.0,0.0,0,0,0,0.0,0.0,0.0,0.0,0.0,0.0,0.0,0.0,0.0,0.0,0.0,0.0,0.0,0.0,0.0,0.0,0,-107875648.0,77,0.0,154,0.0,0.0,ERR,ERR,ERR,ERR,ERR,ERR,ERR,ERR,ERR,ERR,ERR,ERR,ERR,ERR,ERR,ERR,ERR,ERR,ERR,ERR,ERR,ERR,ERR,ERR,ERR,ERR,ERR,ERR,ERR,ERR,ERR,ERR,ERR,ERR,ERR,ERR,ERR,ERR,ERR,ERR,ERR,ERR,ERR,ERR,ERR,ERR,ERR,ERR,ERR,ERR,ERR,ERR,ERR,ERR,ERR,ERR,ERR,ERR,ERR,ERR,ERR,ERR,ERR,ERR,ERR,ERR,ERR,34.0,80.0,35,0.0,0.0,0.0,0.0,0.0,0.0,0.0,0.0,0.0,0.0,0.0,0.0,0.0,0.0,0.0,0.0,65.6,0,120,58,53,65476,0,300,0,0,8,20529,65476,0,0,57672,80.0,0.0,0.0,0.0,0.0,0.0
2026-06-18T02:39:36,ERR,ERR,ERR,ERR,ERR,ERR,ERR,ERR,ERR,ERR,ERR,ERR,ERR,ERR,ERR,ERR,ERR,ERR,ERR,ERR,ERR,ERR,ERR,ERR,ERR,ERR,ERR,ERR,ERR,ERR,ERR,ERR,ERR,ERR,ERR,ERR,ERR,ERR,ERR,ERR,ERR,ERR,ERR,ERR,ERR,ERR,ERR,ERR,ERR,ERR,ERR,ERR,ERR,ERR,ERR,ERR,ERR,ERR,ERR,ERR,ERR,ERR,ERR,ERR,ERR,ERR,ERR,ERR,ERR,ERR,ERR,ERR,ERR,ERR,ERR,ERR,ERR,ERR,ERR,ERR,ERR,ERR,ERR,ERR,ERR,ERR,ERR,ERR,ERR,ERR,ERR,ERR,ERR,ERR,ERR,ERR,ERR,ERR,ERR,ERR,ERR,ERR,ERR,ERR,ERR,ERR,ERR,ERR,ERR,ERR,ERR,ERR,ERR,ERR,ERR,ERR,ERR,ERR,ERR,ERR,ERR,ERR,ERR,ERR,ERR,2.7184312818759872e+23,0.0,0.0,-4.9501291711397626e+32,1.592,1.3936040501711995e+18,7.805,0.0,0,0,4,48957,6720,14723890282496.0,100,0.0,0.0,0.0,-4.9501291711397626e+32,0.0,0,0,0,0,0.0,0,0,0,0,0,0,0,0,0,0,0,0,0,0,0,0,0,0,0,0,0,0,0,0,0,0,0,0,0,0,0,0,0,26,51,50,76,65476,0,300,0,0,8,21553,0.0,-107605600.0,0.0,0.0,0.0,0.0,0.0,0.0,0.0,0.0,0.0,0.0,0.0,0.0,0.0,0.0,0.0,0.0,0.0,0.0,0.0,0.0,-2.004,0.0,-2.004,-2.004,0.0,0.0,0.0,0.0,4799.0,-2.422985886919649e+24,7293.0,2.7184312818759872e+23,0.0,-0.0,-0.0,0.0,0.0,0.0,0.0,77,0.0,-2.3088264680449665e+20,0.0,0.0,0.0,0.0,0.0,0.0,0.0,0,0,0,0.0,0.0,0.0,0.0,0.0,0.0,0.0,0.0,0.0,0.0,0.0,0.0,0.0,0.0,0.0,0.0,0,-107875648.0,77,0.0,154,0.0,0.0,ERR,ERR,ERR,ERR,ERR,ERR,ERR,ERR,ERR,ERR,ERR,ERR,ERR,ERR,ERR,ERR,ERR,ERR,ERR,ERR,ERR,ERR,ERR,ERR,ERR,ERR,ERR,ERR,ERR,ERR,ERR,ERR,ERR,ERR,ERR,ERR,ERR,ERR,ERR,ERR,ERR,ERR,ERR,ERR,ERR,ERR,ERR,ERR,ERR,ERR,ERR,ERR,ERR,ERR,ERR,ERR,ERR,ERR,ERR,ERR,ERR,ERR,ERR,ERR,ERR,ERR,ERR,34.0,80.0,35,0.0,0.0,0.0,0.0,0.0,0.0,0.0,0.0,0.0,0.0,0.0,0.0,0.0,0.0,0.0,0.0,65.6,0,120,58,53,65476,0,300,0,0,8,20529,65476,0,0,57672,80.0,0.0,0.0,0.0,0.0,0.0
2026-06-18T02:39:37,ERR,ERR,ERR,ERR,ERR,ERR,ERR,ERR,ERR,ERR,ERR,ERR,ERR,ERR,ERR,ERR,ERR,ERR,ERR,ERR,ERR,ERR,ERR,ERR,ERR,ERR,ERR,ERR,ERR,ERR,ERR,ERR,ERR,ERR,ERR,ERR,ERR,ERR,ERR,ERR,ERR,ERR,ERR,ERR,ERR,ERR,ERR,ERR,ERR,ERR,ERR,ERR,ERR,ERR,ERR,ERR,ERR,ERR,ERR,ERR,ERR,ERR,ERR,ERR,ERR,ERR,ERR,ERR,ERR,ERR,ERR,ERR,ERR,ERR,ERR,ERR,ERR,ERR,ERR,ERR,ERR,ERR,ERR,ERR,ERR,ERR,ERR,ERR,ERR,ERR,ERR,ERR,ERR,ERR,ERR,ERR,ERR,ERR,ERR,ERR,ERR,ERR,ERR,ERR,ERR,ERR,ERR,ERR,ERR,ERR,ERR,ERR,ERR,ERR,ERR,ERR,ERR,ERR,ERR,ERR,ERR,ERR,ERR,ERR,ERR,2.7184312818759872e+23,0.0,0.0,-4.9501291711397626e+32,1.592,1.3936040501711995e+18,7.805,0.0,0,0,4,48957,6720,14723890282496.0,100,0.0,0.0,0.0,-4.9501291711397626e+32,0.0,0,0,0,0,0.0,0,0,0,0,0,0,0,0,0,0,0,0,0,0,0,0,0,0,0,0,0,0,0,0,0,0,0,0,0,0,0,0,0,26,51,50,76,65476,0,300,0,0,8,21553,0.0,-107605600.0,0.0,0.0,0.0,0.0,0.0,0.0,0.0,0.0,0.0,0.0,0.0,0.0,0.0,0.0,0.0,0.0,0.0,0.0,0.0,0.0,-2.004,0.0,-2.004,-2.004,0.0,0.0,0.0,0.0,4799.0,-2.422985886919649e+24,7293.0,2.7184312818759872e+23,0.0,-0.0,-0.0,0.0,0.0,0.0,0.0,77,0.0,-2.3088264680449665e+20,0.0,0.0,0.0,0.0,0.0,0.0,0.0,0,0,0,0.0,0.0,0.0,0.0,0.0,0.0,0.0,0.0,0.0,0.0,0.0,0.0,0.0,0.0,0.0,0.0,0,-107875648.0,77,0.0,154,0.0,0.0,ERR,ERR,ERR,ERR,ERR,ERR,ERR,ERR,ERR,ERR,ERR,ERR,ERR,ERR,ERR,ERR,ERR,ERR,ERR,ERR,ERR,ERR,ERR,ERR,ERR,ERR,ERR,ERR,ERR,ERR,ERR,ERR,ERR,ERR,ERR,ERR,ERR,ERR,ERR,ERR,ERR,ERR,ERR,ERR,ERR,ERR,ERR,ERR,ERR,ERR,ERR,ERR,ERR,ERR,ERR,ERR,ERR,ERR,ERR,ERR,ERR,ERR,ERR,ERR,ERR,ERR,ERR,34.0,80.0,35,0.0,0.0,0.0,0.0,0.0,0.0,0.0,0.0,0.0,0.0,0.0,0.0,0.0,0.0,0.0,0.0,65.6,0,120,58,53,65476,0,300,0,0,8,20529,65476,0,0,57672,80.0,0.0,0.0,0.0,0.0,0.0
2026-06-18T02:39:38,ERR,ERR,ERR,ERR,ERR,ERR,ERR,ERR,ERR,ERR,ERR,ERR,ERR,ERR,ERR,ERR,ERR,ERR,ERR,ERR,ERR,ERR,ERR,ERR,ERR,ERR,ERR,ERR,ERR,ERR,ERR,ERR,ERR,ERR,ERR,ERR,ERR,ERR,ERR,ERR,ERR,ERR,ERR,ERR,ERR,ERR,ERR,ERR,ERR,ERR,ERR,ERR,ERR,ERR,ERR,ERR,ERR,ERR,ERR,ERR,ERR,ERR,ERR,ERR,ERR,ERR,ERR,ERR,ERR,ERR,ERR,ERR,ERR,ERR,ERR,ERR,ERR,ERR,ERR,ERR,ERR,ERR,ERR,ERR,ERR,ERR,ERR,ERR,ERR,ERR,ERR,ERR,ERR,ERR,ERR,ERR,ERR,ERR,ERR,ERR,ERR,ERR,ERR,ERR,ERR,ERR,ERR,ERR,ERR,ERR,ERR,ERR,ERR,ERR,ERR,ERR,ERR,ERR,ERR,ERR,ERR,ERR,ERR,ERR,ERR,2.7184312818759872e+23,0.0,0.0,0.059,nan,1.3936040501711995e+18,7.805,-0.001,0,0,4,48956,6720,14723890282496.0,100,0.0,0.0,0.0,-0.0,0.0,0,0,0,0,0.0,0,0,0,0,0,0,0,0,0,0,0,0,0,0,0,0,0,0,0,0,0,0,0,0,0,0,0,0,0,0,0,0,0,26,51,50,76,65476,0,300,0,0,8,21553,0.0,-107605600.0,0.0,0.0,0.0,0.0,0.0,0.0,0.0,0.0,0.0,0.0,0.0,0.0,0.0,0.0,0.0,0.0,0.0,0.0,0.0,0.0,-2.004,0.0,-2.004,-2.004,0.0,0.0,0.0,0.0,4803.0,0.0,7265.0,2.7184312818759872e+23,0.0,-0.0,-0.0,0.0,0.0,0.0,0.0,77,0.0,-4.950398036242045e+32,0.0,0.0,0.0,0.0,0.0,0.0,0.0,0,0,0,0.0,0.0,0.0,0.0,0.0,0.0,0.0,0.0,0.0,0.0,0.0,0.0,0.0,0.0,0.0,0.0,0,-107875648.0,77,0.0,154,0.0,0.0,ERR,ERR,ERR,ERR,ERR,ERR,ERR,ERR,ERR,ERR,ERR,ERR,ERR,ERR,ERR,ERR,ERR,ERR,ERR,ERR,ERR,ERR,ERR,ERR,ERR,ERR,ERR,ERR,ERR,ERR,ERR,ERR,ERR,ERR,ERR,ERR,ERR,ERR,ERR,ERR,ERR,ERR,ERR,ERR,ERR,ERR,ERR,ERR,ERR,ERR,ERR,ERR,ERR,ERR,ERR,ERR,ERR,ERR,ERR,ERR,ERR,ERR,ERR,ERR,ERR,ERR,ERR,34.0,80.0,35,0.0,0.0,0.0,0.0,0.0,0.0,0.0,0.0,0.0,0.0,0.0,0.0,0.0,0.0,0.0,0.0,66.4,0,120,58,53,65476,0,300,0,0,8,20529,65476,0,0,57672,80.0,0.0,0.0,0.0,0.0,0.0
2026-06-18T02:39:39,ERR,ERR,ERR,ERR,ERR,ERR,ERR,ERR,ERR,ERR,ERR,ERR,ERR,ERR,ERR,ERR,ERR,ERR,ERR,ERR,ERR,ERR,ERR,ERR,ERR,ERR,ERR,ERR,ERR,ERR,ERR,ERR,ERR,ERR,ERR,ERR,ERR,ERR,ERR,ERR,ERR,ERR,ERR,ERR,ERR,ERR,ERR,ERR,ERR,ERR,ERR,ERR,ERR,ERR,ERR,ERR,ERR,ERR,ERR,ERR,ERR,ERR,ERR,ERR,ERR,ERR,ERR,ERR,ERR,ERR,ERR,ERR,ERR,ERR,ERR,ERR,ERR,ERR,ERR,ERR,ERR,ERR,ERR,ERR,ERR,ERR,ERR,ERR,ERR,ERR,ERR,ERR,ERR,ERR,ERR,ERR,ERR,ERR,ERR,ERR,ERR,ERR,ERR,ERR,ERR,ERR,ERR,ERR,ERR,ERR,ERR,ERR,ERR,ERR,ERR,ERR,ERR,ERR,ERR,ERR,ERR,ERR,ERR,ERR,ERR,2.7184312818759872e+23,0.0,0.0,0.059,nan,1.3936040501711995e+18,7.805,-0.001,0,0,4,48956,6720,14723890282496.0,100,0.0,0.0,0.0,-0.0,0.0,0,0,0,0,0.0,0,0,0,0,0,0,0,0,0,0,0,0,0,0,0,0,0,0,0,0,0,0,0,0,0,0,0,0,0,0,0,0,0,26,51,50,76,65476,0,300,0,0,8,21553,0.0,-107605600.0,0.0,0.0,0.0,0.0,0.0,0.0,0.0,0.0,0.0,0.0,0.0,0.0,0.0,0.0,0.0,0.0,0.0,0.0,0.0,0.0,-2.004,0.0,-2.004,-2.004,0.0,0.0,0.0,0.0,4803.0,0.0,7265.0,2.7184312818759872e+23,0.0,-0.0,-0.0,0.0,0.0,0.0,0.0,77,0.0,-4.950398036242045e+32,0.0,0.0,0.0,0.0,0.0,0.0,0.0,0,0,0,0.0,0.0,0.0,0.0,0.0,0.0,0.0,0.0,0.0,0.0,0.0,0.0,0.0,0.0,0.0,0.0,0,-107875648.0,77,0.0,154,0.0,0.0,ERR,ERR,ERR,ERR,ERR,ERR,ERR,ERR,ERR,ERR,ERR,ERR,ERR,ERR,ERR,ERR,ERR,ERR,ERR,ERR,ERR,ERR,ERR,ERR,ERR,ERR,ERR,ERR,ERR,ERR,ERR,ERR,ERR,ERR,ERR,ERR,ERR,ERR,ERR,ERR,ERR,ERR,ERR,ERR,ERR,ERR,ERR,ERR,ERR,ERR,ERR,ERR,ERR,ERR,ERR,ERR,ERR,ERR,ERR,ERR,ERR,ERR,ERR,ERR,ERR,ERR,ERR,34.0,80.0,35,0.0,0.0,0.0,0.0,0.0,0.0,0.0,0.0,0.0,0.0,0.0,0.0,0.0,0.0,0.0,0.0,65.6,0,120,58,53,65476,0,300,0,0,8,20529,65476,0,0,57672,80.0,0.0,0.0,0.0,0.0,0.0
2026-06-18T02:39:40,ERR,ERR,ERR,ERR,ERR,ERR,ERR,ERR,ERR,ERR,ERR,ERR,ERR,ERR,ERR,ERR,ERR,ERR,ERR,ERR,ERR,ERR,ERR,ERR,ERR,ERR,ERR,ERR,ERR,ERR,ERR,ERR,ERR,ERR,ERR,ERR,ERR,ERR,ERR,ERR,ERR,ERR,ERR,ERR,ERR,ERR,ERR,ERR,ERR,ERR,ERR,ERR,ERR,ERR,ERR,ERR,ERR,ERR,ERR,ERR,ERR,ERR,ERR,ERR,ERR,ERR,ERR,ERR,ERR,ERR,ERR,ERR,ERR,ERR,ERR,ERR,ERR,ERR,ERR,ERR,ERR,ERR,ERR,ERR,ERR,ERR,ERR,ERR,ERR,ERR,ERR,ERR,ERR,ERR,ERR,ERR,ERR,ERR,ERR,ERR,ERR,ERR,ERR,ERR,ERR,ERR,ERR,ERR,ERR,ERR,ERR,ERR,ERR,ERR,ERR,ERR,ERR,ERR,ERR,ERR,ERR,ERR,ERR,ERR,ERR,2.7184312818759872e+23,0.0,0.0,0.059,nan,1.3936040501711995e+18,7.805,-0.001,0,0,4,48956,6720,14723890282496.0,100,0.0,0.0,0.0,-0.0,0.0,0,0,0,0,0.0,0,0,0,0,0,0,0,0,0,0,0,0,0,0,0,0,0,0,0,0,0,0,0,0,0,0,0,0,0,0,0,0,0,26,51,50,76,65476,0,300,0,0,8,21553,0.0,-107605600.0,0.0,0.0,0.0,0.0,0.0,0.0,0.0,0.0,0.0,0.0,0.0,0.0,0.0,0.0,0.0,0.0,0.0,0.0,0.0,0.0,-2.004,0.0,-2.004,-2.004,0.0,0.0,0.0,0.0,4803.0,0.0,7265.0,2.7184312818759872e+23,0.0,-0.0,-0.0,0.0,0.0,0.0,0.0,77,0.0,-4.950398036242045e+32,0.0,0.0,0.0,0.0,0.0,0.0,0.0,0,0,0,0.0,0.0,0.0,0.0,0.0,0.0,0.0,0.0,0.0,0.0,0.0,0.0,0.0,0.0,0.0,0.0,0,-107875648.0,77,0.0,154,0.0,0.0,ERR,ERR,ERR,ERR,ERR,ERR,ERR,ERR,ERR,ERR,ERR,ERR,ERR,ERR,ERR,ERR,ERR,ERR,ERR,ERR,ERR,ERR,ERR,ERR,ERR,ERR,ERR,ERR,ERR,ERR,ERR,ERR,ERR,ERR,ERR,ERR,ERR,ERR,ERR,ERR,ERR,ERR,ERR,ERR,ERR,ERR,ERR,ERR,ERR,ERR,ERR,ERR,ERR,ERR,ERR,ERR,ERR,ERR,ERR,ERR,ERR,ERR,ERR,ERR,ERR,ERR,ERR,34.0,80.0,35,0.0,0.0,0.0,0.0,0.0,0.0,0.0,0.0,0.0,0.0,0.0,0.0,0.0,0.0,0.0,0.0,65.6,0,120,58,53,65476,0,300,0,0,8,20529,65476,0,0,57672,80.0,0.0,0.0,0.0,0.0,0.0
2026-06-18T02:39:41,ERR,ERR,ERR,ERR,ERR,ERR,ERR,ERR,ERR,ERR,ERR,ERR,ERR,ERR,ERR,ERR,ERR,ERR,ERR,ERR,ERR,ERR,ERR,ERR,ERR,ERR,ERR,ERR,ERR,ERR,ERR,ERR,ERR,ERR,ERR,ERR,ERR,ERR,ERR,ERR,ERR,ERR,ERR,ERR,ERR,ERR,ERR,ERR,ERR,ERR,ERR,ERR,ERR,ERR,ERR,ERR,ERR,ERR,ERR,ERR,ERR,ERR,ERR,ERR,ERR,ERR,ERR,ERR,ERR,ERR,ERR,ERR,ERR,ERR,ERR,ERR,ERR,ERR,ERR,ERR,ERR,ERR,ERR,ERR,ERR,ERR,ERR,ERR,ERR,ERR,ERR,ERR,ERR,ERR,ERR,ERR,ERR,ERR,ERR,ERR,ERR,ERR,ERR,ERR,ERR,ERR,ERR,ERR,ERR,ERR,ERR,ERR,ERR,ERR,ERR,ERR,ERR,ERR,ERR,ERR,ERR,ERR,ERR,ERR,ERR,2.7184312818759872e+23,0.0,0.0,0.059,nan,1.3936040501711995e+18,7.805,-0.001,0,0,4,48956,6720,14723890282496.0,100,0.0,0.0,0.0,-0.0,0.0,0,0,0,0,0.0,0,0,0,0,0,0,0,0,0,0,0,0,0,0,0,0,0,0,0,0,0,0,0,0,0,0,0,0,0,0,0,0,0,26,51,50,76,65476,0,300,0,0,8,21553,0.0,-107605600.0,0.0,0.0,0.0,0.0,0.0,0.0,0.0,0.0,0.0,0.0,0.0,0.0,0.0,0.0,0.0,0.0,0.0,0.0,0.0,0.0,-2.004,0.0,-2.004,-2.004,0.0,0.0,0.0,0.0,4803.0,0.0,7265.0,2.7184312818759872e+23,0.0,-0.0,-0.0,0.0,0.0,0.0,0.0,77,0.0,-4.950398036242045e+32,0.0,0.0,0.0,0.0,0.0,0.0,0.0,0,0,0,0.0,0.0,0.0,0.0,0.0,0.0,0.0,0.0,0.0,0.0,0.0,0.0,0.0,0.0,0.0,0.0,0,-107875648.0,77,0.0,154,0.0,0.0,ERR,ERR,ERR,ERR,ERR,ERR,ERR,ERR,ERR,ERR,ERR,ERR,ERR,ERR,ERR,ERR,ERR,ERR,ERR,ERR,ERR,ERR,ERR,ERR,ERR,ERR,ERR,ERR,ERR,ERR,ERR,ERR,ERR,ERR,ERR,ERR,ERR,ERR,ERR,ERR,ERR,ERR,ERR,ERR,ERR,ERR,ERR,ERR,ERR,ERR,ERR,ERR,ERR,ERR,ERR,ERR,ERR,ERR,ERR,ERR,ERR,ERR,ERR,ERR,ERR,ERR,ERR,34.0,80.0,35,0.0,0.0,0.0,0.0,0.0,0.0,0.0,0.0,0.0,0.0,0.0,0.0,0.0,0.0,0.0,0.0,65.6,0,120,58,53,65476,0,300,0,0,8,20529,65476,0,0,57672,80.0,0.0,0.0,0.0,0.0,0.0
2026-06-18T02:39:42,ERR,ERR,ERR,ERR,ERR,ERR,ERR,ERR,ERR,ERR,ERR,ERR,ERR,ERR,ERR,ERR,ERR,ERR,ERR,ERR,ERR,ERR,ERR,ERR,ERR,ERR,ERR,ERR,ERR,ERR,ERR,ERR,ERR,ERR,ERR,ERR,ERR,ERR,ERR,ERR,ERR,ERR,ERR,ERR,ERR,ERR,ERR,ERR,ERR,ERR,ERR,ERR,ERR,ERR,ERR,ERR,ERR,ERR,ERR,ERR,ERR,ERR,ERR,ERR,ERR,ERR,ERR,ERR,ERR,ERR,ERR,ERR,ERR,ERR,ERR,ERR,ERR,ERR,ERR,ERR,ERR,ERR,ERR,ERR,ERR,ERR,ERR,ERR,ERR,ERR,ERR,ERR,ERR,ERR,ERR,ERR,ERR,ERR,ERR,ERR,ERR,ERR,ERR,ERR,ERR,ERR,ERR,ERR,ERR,ERR,ERR,ERR,ERR,ERR,ERR,ERR,ERR,ERR,ERR,ERR,ERR,ERR,ERR,ERR,ERR,2.7184312818759872e+23,0.0,0.0,0.059,nan,1.3936040501711995e+18,7.805,-0.001,0,0,4,48956,6720,14723890282496.0,100,0.0,0.0,0.0,-0.0,0.0,0,0,0,0,0.0,0,0,0,0,0,0,0,0,0,0,0,0,0,0,0,0,0,0,0,0,0,0,0,0,0,0,0,0,0,0,0,0,0,26,51,50,76,65476,0,300,0,0,8,21553,0.0,-107605600.0,0.0,0.0,0.0,0.0,0.0,0.0,0.0,0.0,0.0,0.0,0.0,0.0,0.0,0.0,0.0,0.0,0.0,0.0,0.0,0.0,-2.004,0.0,-2.004,-2.004,0.0,0.0,0.0,0.0,4803.0,0.0,7265.0,2.7184312818759872e+23,0.0,-0.0,-0.0,0.0,0.0,0.0,0.0,77,0.0,-4.950398036242045e+32,0.0,0.0,0.0,0.0,0.0,0.0,0.0,0,0,0,0.0,0.0,0.0,0.0,0.0,0.0,0.0,0.0,0.0,0.0,0.0,0.0,0.0,0.0,0.0,0.0,0,-107875648.0,77,0.0,154,0.0,0.0,ERR,ERR,ERR,ERR,ERR,ERR,ERR,ERR,ERR,ERR,ERR,ERR,ERR,ERR,ERR,ERR,ERR,ERR,ERR,ERR,ERR,ERR,ERR,ERR,ERR,ERR,ERR,ERR,ERR,ERR,ERR,ERR,ERR,ERR,ERR,ERR,ERR,ERR,ERR,ERR,ERR,ERR,ERR,ERR,ERR,ERR,ERR,ERR,ERR,ERR,ERR,ERR,ERR,ERR,ERR,ERR,ERR,ERR,ERR,ERR,ERR,ERR,ERR,ERR,ERR,ERR,ERR,34.0,80.0,35,0.0,0.0,0.0,0.0,0.0,0.0,0.0,0.0,0.0,0.0,0.0,0.0,0.0,0.0,0.0,0.0,65.6,0,120,58,53,65476,0,300,0,0,8,20529,65476,0,0,57672,80.0,0.0,0.0,0.0,0.0,0.0
2026-06-18T02:39:43,ERR,ERR,ERR,ERR,ERR,ERR,ERR,ERR,ERR,ERR,ERR,ERR,ERR,ERR,ERR,ERR,ERR,ERR,ERR,ERR,ERR,ERR,ERR,ERR,ERR,ERR,ERR,ERR,ERR,ERR,ERR,ERR,ERR,ERR,ERR,ERR,ERR,ERR,ERR,ERR,ERR,ERR,ERR,ERR,ERR,ERR,ERR,ERR,ERR,ERR,ERR,ERR,ERR,ERR,ERR,ERR,ERR,ERR,ERR,ERR,ERR,ERR,ERR,ERR,ERR,ERR,ERR,ERR,ERR,ERR,ERR,ERR,ERR,ERR,ERR,ERR,ERR,ERR,ERR,ERR,ERR,ERR,ERR,ERR,ERR,ERR,ERR,ERR,ERR,ERR,ERR,ERR,ERR,ERR,ERR,ERR,ERR,ERR,ERR,ERR,ERR,ERR,ERR,ERR,ERR,ERR,ERR,ERR,ERR,ERR,ERR,ERR,ERR,ERR,ERR,ERR,ERR,ERR,ERR,ERR,ERR,ERR,ERR,ERR,ERR,2.7184312818759872e+23,0.0,0.0,0.059,nan,1.3936040501711995e+18,7.805,-0.001,0,0,4,48956,6720,14723890282496.0,100,0.0,0.0,0.0,-0.0,0.0,0,0,0,0,0.0,0,0,0,0,0,0,0,0,0,0,0,0,0,0,0,0,0,0,0,0,0,0,0,0,0,0,0,0,0,0,0,0,0,26,51,50,76,65476,0,300,0,0,8,21553,0.0,-107605600.0,0.0,0.0,0.0,0.0,0.0,0.0,0.0,0.0,0.0,0.0,0.0,0.0,0.0,0.0,0.0,0.0,0.0,0.0,0.0,0.0,-2.004,0.0,-2.004,-2.004,0.0,0.0,0.0,0.0,4803.0,0.0,7265.0,2.7184312818759872e+23,0.0,-0.0,-0.0,0.0,0.0,0.0,0.0,77,0.0,-4.950398036242045e+32,0.0,0.0,0.0,0.0,0.0,0.0,0.0,0,0,0,0.0,0.0,0.0,0.0,0.0,0.0,0.0,0.0,0.0,0.0,0.0,0.0,0.0,0.0,0.0,0.0,0,-107875648.0,77,0.0,154,0.0,0.0,ERR,ERR,ERR,ERR,ERR,ERR,ERR,ERR,ERR,ERR,ERR,ERR,ERR,ERR,ERR,ERR,ERR,ERR,ERR,ERR,ERR,ERR,ERR,ERR,ERR,ERR,ERR,ERR,ERR,ERR,ERR,ERR,ERR,ERR,ERR,ERR,ERR,ERR,ERR,ERR,ERR,ERR,ERR,ERR,ERR,ERR,ERR,ERR,ERR,ERR,ERR,ERR,ERR,ERR,ERR,ERR,ERR,ERR,ERR,ERR,ERR,ERR,ERR,ERR,ERR,ERR,ERR,34.0,80.0,35,0.0,0.0,0.0,0.0,0.0,0.0,0.0,0.0,0.0,0.0,0.0,0.0,0.0,0.0,0.0,0.0,66.4,0,120,58,53,65476,0,300,0,0,8,20529,65476,0,0,57672,80.0,0.0,0.0,0.0,0.0,0.0
2026-06-18T02:39:44,ERR,ERR,ERR,ERR,ERR,ERR,ERR,ERR,ERR,ERR,ERR,ERR,ERR,ERR,ERR,ERR,ERR,ERR,ERR,ERR,ERR,ERR,ERR,ERR,ERR,ERR,ERR,ERR,ERR,ERR,ERR,ERR,ERR,ERR,ERR,ERR,ERR,ERR,ERR,ERR,ERR,ERR,ERR,ERR,ERR,ERR,ERR,ERR,ERR,ERR,ERR,ERR,ERR,ERR,ERR,ERR,ERR,ERR,ERR,ERR,ERR,ERR,ERR,ERR,ERR,ERR,ERR,ERR,ERR,ERR,ERR,ERR,ERR,ERR,ERR,ERR,ERR,ERR,ERR,ERR,ERR,ERR,ERR,ERR,ERR,ERR,ERR,ERR,ERR,ERR,ERR,ERR,ERR,ERR,ERR,ERR,ERR,ERR,ERR,ERR,ERR,ERR,ERR,ERR,ERR,ERR,ERR,ERR,ERR,ERR,ERR,ERR,ERR,ERR,ERR,ERR,ERR,ERR,ERR,ERR,ERR,ERR,ERR,ERR,ERR,2.7184312818759872e+23,0.0,0.0,-0.0,-1.584,1.3936040501711995e+18,7.805,8.60689115769574e+30,0,0,4,48954,6720,14723890282496.0,100,0.0,0.0,0.0,-152005385388032.0,0.0,0,0,0,0,0.0,0,0,0,0,0,0,0,0,0,0,0,0,0,0,0,0,0,0,0,0,0,0,0,0,0,0,0,0,0,0,0,0,0,26,51,50,76,65476,0,300,0,0,8,21553,0.0,-107605600.0,0.0,0.0,0.0,0.0,0.0,0.0,0.0,0.0,0.0,0.0,0.0,0.0,0.0,0.0,0.0,0.0,0.0,0.0,0.0,0.0,-2.004,0.0,-2.004,-2.004,0.0,0.0,0.0,0.0,4771.0,-8608175104.0,7290.0,2.7184312818759872e+23,0.0,-0.0,-0.0,0.0,0.0,0.0,0.0,77,0.0,-2.3088264680449665e+20,0.0,0.0,0.0,0.0,0.0,0.0,0.0,0,0,0,0.0,0.0,0.0,0.0,0.0,0.0,0.0,0.0,0.0,0.0,0.0,0.0,0.0,0.0,0.0,0.0,0,-107875648.0,77,0.0,154,0.0,0.0,ERR,ERR,ERR,ERR,ERR,ERR,ERR,ERR,ERR,ERR,ERR,ERR,ERR,ERR,ERR,ERR,ERR,ERR,ERR,ERR,ERR,ERR,ERR,ERR,ERR,ERR,ERR,ERR,ERR,ERR,ERR,ERR,ERR,ERR,ERR,ERR,ERR,ERR,ERR,ERR,ERR,ERR,ERR,ERR,ERR,ERR,ERR,ERR,ERR,ERR,ERR,ERR,ERR,ERR,ERR,ERR,ERR,ERR,ERR,ERR,ERR,ERR,ERR,ERR,ERR,ERR,ERR,34.0,80.0,35,0.0,0.0,0.0,0.0,0.0,0.0,0.0,0.0,0.0,0.0,0.0,0.0,0.0,0.0,0.0,0.0,66.4,0,120,58,53,65476,0,300,0,0,8,20529,65476,0,0,57672,80.0,0.0,0.0,0.0,0.0,0.0
2026-06-18T02:39:45,ERR,ERR,ERR,ERR,ERR,ERR,ERR,ERR,ERR,ERR,ERR,ERR,ERR,ERR,ERR,ERR,ERR,ERR,ERR,ERR,ERR,ERR,ERR,ERR,ERR,ERR,ERR,ERR,ERR,ERR,ERR,ERR,ERR,ERR,ERR,ERR,ERR,ERR,ERR,ERR,ERR,ERR,ERR,ERR,ERR,ERR,ERR,ERR,ERR,ERR,ERR,ERR,ERR,ERR,ERR,ERR,ERR,ERR,ERR,ERR,ERR,ERR,ERR,ERR,ERR,ERR,ERR,ERR,ERR,ERR,ERR,ERR,ERR,ERR,ERR,ERR,ERR,ERR,ERR,ERR,ERR,ERR,ERR,ERR,ERR,ERR,ERR,ERR,ERR,ERR,ERR,ERR,ERR,ERR,ERR,ERR,ERR,ERR,ERR,ERR,ERR,ERR,ERR,ERR,ERR,ERR,ERR,ERR,ERR,ERR,ERR,ERR,ERR,ERR,ERR,ERR,ERR,ERR,ERR,ERR,ERR,ERR,ERR,ERR,ERR,2.7184312818759872e+23,0.0,0.0,-0.0,-1.584,1.3936040501711995e+18,7.805,8.60689115769574e+30,0,0,4,48954,6720,14723890282496.0,100,0.0,0.0,0.0,-152005385388032.0,0.0,0,0,0,0,0.0,0,0,0,0,0,0,0,0,0,0,0,0,0,0,0,0,0,0,0,0,0,0,0,0,0,0,0,0,0,0,0,0,0,26,51,50,76,65476,0,300,0,0,8,21553,0.0,-107605600.0,0.0,0.0,0.0,0.0,0.0,0.0,0.0,0.0,0.0,0.0,0.0,0.0,0.0,0.0,0.0,0.0,0.0,0.0,0.0,0.0,-2.004,0.0,-2.004,-2.004,0.0,0.0,0.0,0.0,4771.0,-8608175104.0,7290.0,2.7184312818759872e+23,0.0,-0.0,-0.0,0.0,0.0,0.0,0.0,77,0.0,-2.3088264680449665e+20,0.0,0.0,0.0,0.0,0.0,0.0,0.0,0,0,0,0.0,0.0,0.0,0.0,0.0,0.0,0.0,0.0,0.0,0.0,0.0,0.0,0.0,0.0,0.0,0.0,0,-107875648.0,77,0.0,154,0.0,0.0,ERR,ERR,ERR,ERR,ERR,ERR,ERR,ERR,ERR,ERR,ERR,ERR,ERR,ERR,ERR,ERR,ERR,ERR,ERR,ERR,ERR,ERR,ERR,ERR,ERR,ERR,ERR,ERR,ERR,ERR,ERR,ERR,ERR,ERR,ERR,ERR,ERR,ERR,ERR,ERR,ERR,ERR,ERR,ERR,ERR,ERR,ERR,ERR,ERR,ERR,ERR,ERR,ERR,ERR,ERR,ERR,ERR,ERR,ERR,ERR,ERR,ERR,ERR,ERR,ERR,ERR,ERR,34.0,80.0,35,0.0,0.0,0.0,0.0,0.0,0.0,0.0,0.0,0.0,0.0,0.0,0.0,0.0,0.0,0.0,0.0,65.6,0,120,58,53,65476,0,300,0,0,8,20529,65476,0,0,57672,80.0,0.0,0.0,0.0,0.0,0.0
2026-06-18T02:39:46,ERR,ERR,ERR,ERR,ERR,ERR,ERR,ERR,ERR,ERR,ERR,ERR,ERR,ERR,ERR,ERR,ERR,ERR,ERR,ERR,ERR,ERR,ERR,ERR,ERR,ERR,ERR,ERR,ERR,ERR,ERR,ERR,ERR,ERR,ERR,ERR,ERR,ERR,ERR,ERR,ERR,ERR,ERR,ERR,ERR,ERR,ERR,ERR,ERR,ERR,ERR,ERR,ERR,ERR,ERR,ERR,ERR,ERR,ERR,ERR,ERR,ERR,ERR,ERR,ERR,ERR,ERR,ERR,ERR,ERR,ERR,ERR,ERR,ERR,ERR,ERR,ERR,ERR,ERR,ERR,ERR,ERR,ERR,ERR,ERR,ERR,ERR,ERR,ERR,ERR,ERR,ERR,ERR,ERR,ERR,ERR,ERR,ERR,ERR,ERR,ERR,ERR,ERR,ERR,ERR,ERR,ERR,ERR,ERR,ERR,ERR,ERR,ERR,ERR,ERR,ERR,ERR,ERR,ERR,ERR,ERR,ERR,ERR,ERR,ERR,2.7184312818759872e+23,0.0,0.0,-0.0,-1.584,1.3936040501711995e+18,7.805,8.60689115769574e+30,0,0,4,48954,6720,14723890282496.0,100,0.0,0.0,0.0,-152005385388032.0,0.0,0,0,0,0,0.0,0,0,0,0,0,0,0,0,0,0,0,0,0,0,0,0,0,0,0,0,0,0,0,0,0,0,0,0,0,0,0,0,0,26,51,50,76,65476,0,300,0,0,8,21553,0.0,-107605600.0,0.0,0.0,0.0,0.0,0.0,0.0,0.0,0.0,0.0,0.0,0.0,0.0,0.0,0.0,0.0,0.0,0.0,0.0,0.0,0.0,-2.004,0.0,-2.004,-2.004,0.0,0.0,0.0,0.0,4771.0,-8608175104.0,7290.0,2.7184312818759872e+23,0.0,-0.0,-0.0,0.0,0.0,0.0,0.0,77,0.0,-2.3088264680449665e+20,0.0,0.0,0.0,0.0,0.0,0.0,0.0,0,0,0,0.0,0.0,0.0,0.0,0.0,0.0,0.0,0.0,0.0,0.0,0.0,0.0,0.0,0.0,0.0,0.0,0,-107875648.0,77,0.0,154,0.0,0.0,ERR,ERR,ERR,ERR,ERR,ERR,ERR,ERR,ERR,ERR,ERR,ERR,ERR,ERR,ERR,ERR,ERR,ERR,ERR,ERR,ERR,ERR,ERR,ERR,ERR,ERR,ERR,ERR,ERR,ERR,ERR,ERR,ERR,ERR,ERR,ERR,ERR,ERR,ERR,ERR,ERR,ERR,ERR,ERR,ERR,ERR,ERR,ERR,ERR,ERR,ERR,ERR,ERR,ERR,ERR,ERR,ERR,ERR,ERR,ERR,ERR,ERR,ERR,ERR,ERR,ERR,ERR,34.0,80.0,35,0.0,0.0,0.0,0.0,0.0,0.0,0.0,0.0,0.0,0.0,0.0,0.0,0.0,0.0,0.0,0.0,65.6,0,120,58,53,65476,0,300,0,0,8,20529,65476,0,0,57672,80.0,0.0,0.0,0.0,0.0,0.0
2026-06-18T02:39:47,ERR,ERR,ERR,ERR,ERR,ERR,ERR,ERR,ERR,ERR,ERR,ERR,ERR,ERR,ERR,ERR,ERR,ERR,ERR,ERR,ERR,ERR,ERR,ERR,ERR,ERR,ERR,ERR,ERR,ERR,ERR,ERR,ERR,ERR,ERR,ERR,ERR,ERR,ERR,ERR,ERR,ERR,ERR,ERR,ERR,ERR,ERR,ERR,ERR,ERR,ERR,ERR,ERR,ERR,ERR,ERR,ERR,ERR,ERR,ERR,ERR,ERR,ERR,ERR,ERR,ERR,ERR,ERR,ERR,ERR,ERR,ERR,ERR,ERR,ERR,ERR,ERR,ERR,ERR,ERR,ERR,ERR,ERR,ERR,ERR,ERR,ERR,ERR,ERR,ERR,ERR,ERR,ERR,ERR,ERR,ERR,ERR,ERR,ERR,ERR,ERR,ERR,ERR,ERR,ERR,ERR,ERR,ERR,ERR,ERR,ERR,ERR,ERR,ERR,ERR,ERR,ERR,ERR,ERR,ERR,ERR,ERR,ERR,ERR,ERR,2.7184312818759872e+23,0.0,0.0,-0.0,-1.584,1.3936040501711995e+18,7.805,8.60689115769574e+30,0,0,4,48954,6720,14723890282496.0,100,0.0,0.0,0.0,-152005385388032.0,0.0,0,0,0,0,0.0,0,0,0,0,0,0,0,0,0,0,0,0,0,0,0,0,0,0,0,0,0,0,0,0,0,0,0,0,0,0,0,0,0,26,51,50,76,65476,0,300,0,0,8,21553,0.0,-107605600.0,0.0,0.0,0.0,0.0,0.0,0.0,0.0,0.0,0.0,0.0,0.0,0.0,0.0,0.0,0.0,0.0,0.0,0.0,0.0,0.0,-2.004,0.0,-2.004,-2.004,0.0,0.0,0.0,0.0,4771.0,-8608175104.0,7290.0,2.7184312818759872e+23,0.0,-0.0,-0.0,0.0,0.0,0.0,0.0,77,0.0,-2.3088264680449665e+20,0.0,0.0,0.0,0.0,0.0,0.0,0.0,0,0,0,0.0,0.0,0.0,0.0,0.0,0.0,0.0,0.0,0.0,0.0,0.0,0.0,0.0,0.0,0.0,0.0,0,-107875648.0,77,0.0,154,0.0,0.0,ERR,ERR,ERR,ERR,ERR,ERR,ERR,ERR,ERR,ERR,ERR,ERR,ERR,ERR,ERR,ERR,ERR,ERR,ERR,ERR,ERR,ERR,ERR,ERR,ERR,ERR,ERR,ERR,ERR,ERR,ERR,ERR,ERR,ERR,ERR,ERR,ERR,ERR,ERR,ERR,ERR,ERR,ERR,ERR,ERR,ERR,ERR,ERR,ERR,ERR,ERR,ERR,ERR,ERR,ERR,ERR,ERR,ERR,ERR,ERR,ERR,ERR,ERR,ERR,ERR,ERR,ERR,34.0,80.0,35,0.0,0.0,0.0,0.0,0.0,0.0,0.0,0.0,0.0,0.0,0.0,0.0,0.0,0.0,0.0,0.0,65.6,0,120,58,53,65476,0,300,0,0,8,20529,65476,0,0,57672,80.0,0.0,0.0,0.0,0.0,0.0
2026-06-18T02:39:48,ERR,ERR,ERR,ERR,ERR,ERR,ERR,ERR,ERR,ERR,ERR,ERR,ERR,ERR,ERR,ERR,ERR,ERR,ERR,ERR,ERR,ERR,ERR,ERR,ERR,ERR,ERR,ERR,ERR,ERR,ERR,ERR,ERR,ERR,ERR,ERR,ERR,ERR,ERR,ERR,ERR,ERR,ERR,ERR,ERR,ERR,ERR,ERR,ERR,ERR,ERR,ERR,ERR,ERR,ERR,ERR,ERR,ERR,ERR,ERR,ERR,ERR,ERR,ERR,ERR,ERR,ERR,ERR,ERR,ERR,ERR,ERR,ERR,ERR,ERR,ERR,ERR,ERR,ERR,ERR,ERR,ERR,ERR,ERR,ERR,ERR,ERR,ERR,ERR,ERR,ERR,ERR,ERR,ERR,ERR,ERR,ERR,ERR,ERR,ERR,ERR,ERR,ERR,ERR,ERR,ERR,ERR,ERR,ERR,ERR,ERR,ERR,ERR,ERR,ERR,ERR,ERR,ERR,ERR,ERR,ERR,ERR,ERR,ERR,ERR,2.7184312818759872e+23,0.0,0.0,-0.0,-1.584,1.3936040501711995e+18,7.805,8.60689115769574e+30,0,0,4,48954,6720,14723890282496.0,100,0.0,0.0,0.0,-152005385388032.0,0.0,0,0,0,0,0.0,0,0,0,0,0,0,0,0,0,0,0,0,0,0,0,0,0,0,0,0,0,0,0,0,0,0,0,0,0,0,0,0,0,26,51,50,76,65476,0,300,0,0,8,21553,0.0,-107605600.0,0.0,0.0,0.0,0.0,0.0,0.0,0.0,0.0,0.0,0.0,0.0,0.0,0.0,0.0,0.0,0.0,0.0,0.0,0.0,0.0,-2.004,0.0,-2.004,-2.004,0.0,0.0,0.0,0.0,4771.0,-8608175104.0,7290.0,2.7184312818759872e+23,0.0,-0.0,-0.0,0.0,0.0,0.0,0.0,77,0.0,-2.3088264680449665e+20,0.0,0.0,0.0,0.0,0.0,0.0,0.0,0,0,0,0.0,0.0,0.0,0.0,0.0,0.0,0.0,0.0,0.0,0.0,0.0,0.0,0.0,0.0,0.0,0.0,0,-107875648.0,77,0.0,154,0.0,0.0,ERR,ERR,ERR,ERR,ERR,ERR,ERR,ERR,ERR,ERR,ERR,ERR,ERR,ERR,ERR,ERR,ERR,ERR,ERR,ERR,ERR,ERR,ERR,ERR,ERR,ERR,ERR,ERR,ERR,ERR,ERR,ERR,ERR,ERR,ERR,ERR,ERR,ERR,ERR,ERR,ERR,ERR,ERR,ERR,ERR,ERR,ERR,ERR,ERR,ERR,ERR,ERR,ERR,ERR,ERR,ERR,ERR,ERR,ERR,ERR,ERR,ERR,ERR,ERR,ERR,ERR,ERR,34.0,80.0,35,0.0,0.0,0.0,0.0,0.0,0.0,0.0,0.0,0.0,0.0,0.0,0.0,0.0,0.0,0.0,0.0,66.4,0,120,58,53,65476,0,300,0,0,8,20529,65476,0,0,57672,80.0,0.0,0.0,0.0,0.0,0.0
2026-06-18T02:39:49,ERR,ERR,ERR,ERR,ERR,ERR,ERR,ERR,ERR,ERR,ERR,ERR,ERR,ERR,ERR,ERR,ERR,ERR,ERR,ERR,ERR,ERR,ERR,ERR,ERR,ERR,ERR,ERR,ERR,ERR,ERR,ERR,ERR,ERR,ERR,ERR,ERR,ERR,ERR,ERR,ERR,ERR,ERR,ERR,ERR,ERR,ERR,ERR,ERR,ERR,ERR,ERR,ERR,ERR,ERR,ERR,ERR,ERR,ERR,ERR,ERR,ERR,ERR,ERR,ERR,ERR,ERR,ERR,ERR,ERR,ERR,ERR,ERR,ERR,ERR,ERR,ERR,ERR,ERR,ERR,ERR,ERR,ERR,ERR,ERR,ERR,ERR,ERR,ERR,ERR,ERR,ERR,ERR,ERR,ERR,ERR,ERR,ERR,ERR,ERR,ERR,ERR,ERR,ERR,ERR,ERR,ERR,ERR,ERR,ERR,ERR,ERR,ERR,ERR,ERR,ERR,ERR,ERR,ERR,ERR,ERR,ERR,ERR,ERR,ERR,2.7184312818759872e+23,0.0,0.0,-0.0,-1.584,1.3936040501711995e+18,7.805,8.60689115769574e+30,0,0,4,48957,6720,14723890282496.0,100,0.0,0.0,0.0,-152005385388032.0,0.0,0,0,0,0,0.0,0,0,0,0,0,0,0,0,0,0,0,0,0,0,0,0,0,0,0,0,0,0,0,0,0,0,0,0,0,0,0,0,0,26,51,50,76,65476,0,300,0,0,8,21553,0.0,-107605600.0,0.0,0.0,0.0,0.0,0.0,0.0,0.0,0.0,0.0,0.0,0.0,0.0,0.0,0.0,0.0,0.0,0.0,0.0,0.0,0.0,-2.004,0.0,-2.004,-2.004,0.0,0.0,0.0,0.0,4772.0,-1.0406645142989446e+34,7295.0,2.7184312818759872e+23,0.0,-0.0,-0.0,0.0,0.0,0.0,0.0,77,0.0,-4.950398036242045e+32,0.0,0.0,0.0,0.0,0.0,0.0,0.0,0,0,0,0.0,0.0,0.0,0.0,0.0,0.0,0.0,0.0,0.0,0.0,0.0,0.0,0.0,0.0,0.0,0.0,0,-107875648.0,77,0.0,154,0.0,0.0,ERR,ERR,ERR,ERR,ERR,ERR,ERR,ERR,ERR,ERR,ERR,ERR,ERR,ERR,ERR,ERR,ERR,ERR,ERR,ERR,ERR,ERR,ERR,ERR,ERR,ERR,ERR,ERR,ERR,ERR,ERR,ERR,ERR,ERR,ERR,ERR,ERR,ERR,ERR,ERR,ERR,ERR,ERR,ERR,ERR,ERR,ERR,ERR,ERR,ERR,ERR,ERR,ERR,ERR,ERR,ERR,ERR,ERR,ERR,ERR,ERR,ERR,ERR,ERR,ERR,ERR,ERR,34.0,80.0,35,0.0,0.0,0.0,0.0,0.0,0.0,0.0,0.0,0.0,0.0,0.0,0.0,0.0,0.0,0.0,0.0,66.4,0,120,58,53,65476,0,300,0,0,8,20529,65476,0,0,57672,80.0,0.0,0.0,0.0,0.0,0.0
2026-06-18T02:39:50,ERR,ERR,ERR,ERR,ERR,ERR,ERR,ERR,ERR,ERR,ERR,ERR,ERR,ERR,ERR,ERR,ERR,ERR,ERR,ERR,ERR,ERR,ERR,ERR,ERR,ERR,ERR,ERR,ERR,ERR,ERR,ERR,ERR,ERR,ERR,ERR,ERR,ERR,ERR,ERR,ERR,ERR,ERR,ERR,ERR,ERR,ERR,ERR,ERR,ERR,ERR,ERR,ERR,ERR,ERR,ERR,ERR,ERR,ERR,ERR,ERR,ERR,ERR,ERR,ERR,ERR,ERR,ERR,ERR,ERR,ERR,ERR,ERR,ERR,ERR,ERR,ERR,ERR,ERR,ERR,ERR,ERR,ERR,ERR,ERR,ERR,ERR,ERR,ERR,ERR,ERR,ERR,ERR,ERR,ERR,ERR,ERR,ERR,ERR,ERR,ERR,ERR,ERR,ERR,ERR,ERR,ERR,ERR,ERR,ERR,ERR,ERR,ERR,ERR,ERR,ERR,ERR,ERR,ERR,ERR,ERR,ERR,ERR,ERR,ERR,2.7184312818759872e+23,0.0,0.0,-0.0,-1.584,1.3936040501711995e+18,7.805,8.60689115769574e+30,0,0,4,48957,6720,14723890282496.0,100,0.0,0.0,0.0,-152005385388032.0,0.0,0,0,0,0,0.0,0,0,0,0,0,0,0,0,0,0,0,0,0,0,0,0,0,0,0,0,0,0,0,0,0,0,0,0,0,0,0,0,0,26,51,50,76,65476,0,300,0,0,8,21553,0.0,-107605600.0,0.0,0.0,0.0,0.0,0.0,0.0,0.0,0.0,0.0,0.0,0.0,0.0,0.0,0.0,0.0,0.0,0.0,0.0,0.0,0.0,-2.004,0.0,-2.004,-2.004,0.0,0.0,0.0,0.0,4772.0,-1.0406645142989446e+34,7295.0,2.7184312818759872e+23,0.0,-0.0,-0.0,0.0,0.0,0.0,0.0,77,0.0,-4.950398036242045e+32,0.0,0.0,0.0,0.0,0.0,0.0,0.0,0,0,0,0.0,0.0,0.0,0.0,0.0,0.0,0.0,0.0,0.0,0.0,0.0,0.0,0.0,0.0,0.0,0.0,0,-107875648.0,77,0.0,154,0.0,0.0,ERR,ERR,ERR,ERR,ERR,ERR,ERR,ERR,ERR,ERR,ERR,ERR,ERR,ERR,ERR,ERR,ERR,ERR,ERR,ERR,ERR,ERR,ERR,ERR,ERR,ERR,ERR,ERR,ERR,ERR,ERR,ERR,ERR,ERR,ERR,ERR,ERR,ERR,ERR,ERR,ERR,ERR,ERR,ERR,ERR,ERR,ERR,ERR,ERR,ERR,ERR,ERR,ERR,ERR,ERR,ERR,ERR,ERR,ERR,ERR,ERR,ERR,ERR,ERR,ERR,ERR,ERR,34.0,80.0,35,0.0,0.0,0.0,0.0,0.0,0.0,0.0,0.0,0.0,0.0,0.0,0.0,0.0,0.0,0.0,0.0,66.4,0,120,58,53,65476,0,300,0,0,8,20529,65476,0,0,57672,80.0,0.0,0.0,0.0,0.0,0.0
2026-06-18T02:39:51,ERR,ERR,ERR,ERR,ERR,ERR,ERR,ERR,ERR,ERR,ERR,ERR,ERR,ERR,ERR,ERR,ERR,ERR,ERR,ERR,ERR,ERR,ERR,ERR,ERR,ERR,ERR,ERR,ERR,ERR,ERR,ERR,ERR,ERR,ERR,ERR,ERR,ERR,ERR,ERR,ERR,ERR,ERR,ERR,ERR,ERR,ERR,ERR,ERR,ERR,ERR,ERR,ERR,ERR,ERR,ERR,ERR,ERR,ERR,ERR,ERR,ERR,ERR,ERR,ERR,ERR,ERR,ERR,ERR,ERR,ERR,ERR,ERR,ERR,ERR,ERR,ERR,ERR,ERR,ERR,ERR,ERR,ERR,ERR,ERR,ERR,ERR,ERR,ERR,ERR,ERR,ERR,ERR,ERR,ERR,ERR,ERR,ERR,ERR,ERR,ERR,ERR,ERR,ERR,ERR,ERR,ERR,ERR,ERR,ERR,ERR,ERR,ERR,ERR,ERR,ERR,ERR,ERR,ERR,ERR,ERR,ERR,ERR,ERR,ERR,2.7184312818759872e+23,0.0,0.0,-0.0,-1.584,1.3936040501711995e+18,7.805,8.60689115769574e+30,0,0,4,48957,6720,14723890282496.0,100,0.0,0.0,0.0,-152005385388032.0,0.0,0,0,0,0,0.0,0,0,0,0,0,0,0,0,0,0,0,0,0,0,0,0,0,0,0,0,0,0,0,0,0,0,0,0,0,0,0,0,0,26,51,50,76,65476,0,300,0,0,8,21553,0.0,-107605600.0,0.0,0.0,0.0,0.0,0.0,0.0,0.0,0.0,0.0,0.0,0.0,0.0,0.0,0.0,0.0,0.0,0.0,0.0,0.0,0.0,-2.004,0.0,-2.004,-2.004,0.0,0.0,0.0,0.0,4772.0,-1.0406645142989446e+34,7295.0,2.7184312818759872e+23,0.0,-0.0,-0.0,0.0,0.0,0.0,0.0,77,0.0,-4.950398036242045e+32,0.0,0.0,0.0,0.0,0.0,0.0,0.0,0,0,0,0.0,0.0,0.0,0.0,0.0,0.0,0.0,0.0,0.0,0.0,0.0,0.0,0.0,0.0,0.0,0.0,0,-107875648.0,77,0.0,154,0.0,0.0,ERR,ERR,ERR,ERR,ERR,ERR,ERR,ERR,ERR,ERR,ERR,ERR,ERR,ERR,ERR,ERR,ERR,ERR,ERR,ERR,ERR,ERR,ERR,ERR,ERR,ERR,ERR,ERR,ERR,ERR,ERR,ERR,ERR,ERR,ERR,ERR,ERR,ERR,ERR,ERR,ERR,ERR,ERR,ERR,ERR,ERR,ERR,ERR,ERR,ERR,ERR,ERR,ERR,ERR,ERR,ERR,ERR,ERR,ERR,ERR,ERR,ERR,ERR,ERR,ERR,ERR,ERR,34.0,80.0,35,0.0,0.0,0.0,0.0,0.0,0.0,0.0,0.0,0.0,0.0,0.0,0.0,0.0,0.0,0.0,0.0,66.4,0,120,58,53,65476,0,300,0,0,8,20529,65476,0,0,57672,80.0,0.0,0.0,0.0,0.0,0.0
2026-06-18T02:39:52,ERR,ERR,ERR,ERR,ERR,ERR,ERR,ERR,ERR,ERR,ERR,ERR,ERR,ERR,ERR,ERR,ERR,ERR,ERR,ERR,ERR,ERR,ERR,ERR,ERR,ERR,ERR,ERR,ERR,ERR,ERR,ERR,ERR,ERR,ERR,ERR,ERR,ERR,ERR,ERR,ERR,ERR,ERR,ERR,ERR,ERR,ERR,ERR,ERR,ERR,ERR,ERR,ERR,ERR,ERR,ERR,ERR,ERR,ERR,ERR,ERR,ERR,ERR,ERR,ERR,ERR,ERR,ERR,ERR,ERR,ERR,ERR,ERR,ERR,ERR,ERR,ERR,ERR,ERR,ERR,ERR,ERR,ERR,ERR,ERR,ERR,ERR,ERR,ERR,ERR,ERR,ERR,ERR,ERR,ERR,ERR,ERR,ERR,ERR,ERR,ERR,ERR,ERR,ERR,ERR,ERR,ERR,ERR,ERR,ERR,ERR,ERR,ERR,ERR,ERR,ERR,ERR,ERR,ERR,ERR,ERR,ERR,ERR,ERR,ERR,2.7184312818759872e+23,0.0,0.0,-0.0,-1.584,1.3936040501711995e+18,7.805,8.60689115769574e+30,0,0,4,48957,6720,14723890282496.0,100,0.0,0.0,0.0,-152005385388032.0,0.0,0,0,0,0,0.0,0,0,0,0,0,0,0,0,0,0,0,0,0,0,0,0,0,0,0,0,0,0,0,0,0,0,0,0,0,0,0,0,0,26,51,50,76,65476,0,300,0,0,8,21553,0.0,-107605600.0,0.0,0.0,0.0,0.0,0.0,0.0,0.0,0.0,0.0,0.0,0.0,0.0,0.0,0.0,0.0,0.0,0.0,0.0,0.0,0.0,-2.004,0.0,-2.004,-2.004,0.0,0.0,0.0,0.0,4772.0,-1.0406645142989446e+34,7295.0,2.7184312818759872e+23,0.0,-0.0,-0.0,0.0,0.0,0.0,0.0,77,0.0,-4.950398036242045e+32,0.0,0.0,0.0,0.0,0.0,0.0,0.0,0,0,0,0.0,0.0,0.0,0.0,0.0,0.0,0.0,0.0,0.0,0.0,0.0,0.0,0.0,0.0,0.0,0.0,0,-107875648.0,77,0.0,154,0.0,0.0,ERR,ERR,ERR,ERR,ERR,ERR,ERR,ERR,ERR,ERR,ERR,ERR,ERR,ERR,ERR,ERR,ERR,ERR,ERR,ERR,ERR,ERR,ERR,ERR,ERR,ERR,ERR,ERR,ERR,ERR,ERR,ERR,ERR,ERR,ERR,ERR,ERR,ERR,ERR,ERR,ERR,ERR,ERR,ERR,ERR,ERR,ERR,ERR,ERR,ERR,ERR,ERR,ERR,ERR,ERR,ERR,ERR,ERR,ERR,ERR,ERR,ERR,ERR,ERR,ERR,ERR,ERR,34.0,80.0,35,0.0,0.0,0.0,0.0,0.0,0.0,0.0,0.0,0.0,0.0,0.0,0.0,0.0,0.0,0.0,0.0,65.6,0,120,58,53,65476,0,300,0,0,8,20529,65476,0,0,57672,80.0,0.0,0.0,0.0,0.0,0.0
2026-06-18T02:39:53,ERR,ERR,ERR,ERR,ERR,ERR,ERR,ERR,ERR,ERR,ERR,ERR,ERR,ERR,ERR,ERR,ERR,ERR,ERR,ERR,ERR,ERR,ERR,ERR,ERR,ERR,ERR,ERR,ERR,ERR,ERR,ERR,ERR,ERR,ERR,ERR,ERR,ERR,ERR,ERR,ERR,ERR,ERR,ERR,ERR,ERR,ERR,ERR,ERR,ERR,ERR,ERR,ERR,ERR,ERR,ERR,ERR,ERR,ERR,ERR,ERR,ERR,ERR,ERR,ERR,ERR,ERR,ERR,ERR,ERR,ERR,ERR,ERR,ERR,ERR,ERR,ERR,ERR,ERR,ERR,ERR,ERR,ERR,ERR,ERR,ERR,ERR,ERR,ERR,ERR,ERR,ERR,ERR,ERR,ERR,ERR,ERR,ERR,ERR,ERR,ERR,ERR,ERR,ERR,ERR,ERR,ERR,ERR,ERR,ERR,ERR,ERR,ERR,ERR,ERR,ERR,ERR,ERR,ERR,ERR,ERR,ERR,ERR,ERR,ERR,2.7184312818759872e+23,0.0,0.0,-0.0,-1.584,1.3936040501711995e+18,7.805,8.60689115769574e+30,0,0,4,48957,6720,14723890282496.0,100,0.0,0.0,0.0,-152005385388032.0,0.0,0,0,0,0,0.0,0,0,0,0,0,0,0,0,0,0,0,0,0,0,0,0,0,0,0,0,0,0,0,0,0,0,0,0,0,0,0,0,0,26,51,50,76,65476,0,300,0,0,8,21553,0.0,-107605600.0,0.0,0.0,0.0,0.0,0.0,0.0,0.0,0.0,0.0,0.0,0.0,0.0,0.0,0.0,0.0,0.0,0.0,0.0,0.0,0.0,-2.004,0.0,-2.004,-2.004,0.0,0.0,0.0,0.0,4772.0,-1.0406645142989446e+34,7295.0,2.7184312818759872e+23,0.0,-0.0,-0.0,0.0,0.0,0.0,0.0,77,0.0,-4.950398036242045e+32,0.0,0.0,0.0,0.0,0.0,0.0,0.0,0,0,0,0.0,0.0,0.0,0.0,0.0,0.0,0.0,0.0,0.0,0.0,0.0,0.0,0.0,0.0,0.0,0.0,0,-107875648.0,77,0.0,154,0.0,0.0,ERR,ERR,ERR,ERR,ERR,ERR,ERR,ERR,ERR,ERR,ERR,ERR,ERR,ERR,ERR,ERR,ERR,ERR,ERR,ERR,ERR,ERR,ERR,ERR,ERR,ERR,ERR,ERR,ERR,ERR,ERR,ERR,ERR,ERR,ERR,ERR,ERR,ERR,ERR,ERR,ERR,ERR,ERR,ERR,ERR,ERR,ERR,ERR,ERR,ERR,ERR,ERR,ERR,ERR,ERR,ERR,ERR,ERR,ERR,ERR,ERR,ERR,ERR,ERR,ERR,ERR,ERR,34.0,80.0,35,0.0,0.0,0.0,0.0,0.0,0.0,0.0,0.0,0.0,0.0,0.0,0.0,0.0,0.0,0.0,0.0,65.6,0,120,58,53,65476,0,300,0,0,8,20529,65476,0,0,57672,80.0,0.0,0.0,0.0,0.0,0.0
2026-06-18T02:39:54,ERR,ERR,ERR,ERR,ERR,ERR,ERR,ERR,ERR,ERR,ERR,ERR,ERR,ERR,ERR,ERR,ERR,ERR,ERR,ERR,ERR,ERR,ERR,ERR,ERR,ERR,ERR,ERR,ERR,ERR,ERR,ERR,ERR,ERR,ERR,ERR,ERR,ERR,ERR,ERR,ERR,ERR,ERR,ERR,ERR,ERR,ERR,ERR,ERR,ERR,ERR,ERR,ERR,ERR,ERR,ERR,ERR,ERR,ERR,ERR,ERR,ERR,ERR,ERR,ERR,ERR,ERR,ERR,ERR,ERR,ERR,ERR,ERR,ERR,ERR,ERR,ERR,ERR,ERR,ERR,ERR,ERR,ERR,ERR,ERR,ERR,ERR,ERR,ERR,ERR,ERR,ERR,ERR,ERR,ERR,ERR,ERR,ERR,ERR,ERR,ERR,ERR,ERR,ERR,ERR,ERR,ERR,ERR,ERR,ERR,ERR,ERR,ERR,ERR,ERR,ERR,ERR,ERR,ERR,ERR,ERR,ERR,ERR,ERR,ERR,2.7184312818759872e+23,0.0,0.0,-152005385388032.0,1.6,1.3936040501711995e+18,7.805,0.0,0,0,4,48954,6720,14723890282496.0,100,0.0,0.0,0.0,-152005385388032.0,0.0,0,0,0,0,0.0,0,0,0,0,0,0,0,0,0,0,0,0,0,0,0,0,0,0,0,0,0,0,0,0,0,0,0,0,0,0,0,0,0,26,51,50,76,65476,0,300,0,0,8,21553,0.0,-107605600.0,0.0,0.0,0.0,0.0,0.0,0.0,0.0,0.0,0.0,0.0,0.0,0.0,0.0,0.0,0.0,0.0,0.0,0.0,0.0,0.0,-2.004,0.0,-2.004,-2.004,0.0,0.0,0.0,0.0,4769.0,-3.69718305499214e+19,7292.0,2.7184312818759872e+23,0.0,-0.0,-0.0,0.0,0.0,0.0,0.0,77,0.0,-152017129439232.0,0.0,0.0,0.0,0.0,0.0,0.0,0.0,0,0,0,0.0,0.0,0.0,0.0,0.0,0.0,0.0,0.0,0.0,0.0,0.0,0.0,0.0,0.0,0.0,0.0,0,-107875648.0,77,0.0,154,0.0,0.0,ERR,ERR,ERR,ERR,ERR,ERR,ERR,ERR,ERR,ERR,ERR,ERR,ERR,ERR,ERR,ERR,ERR,ERR,ERR,ERR,ERR,ERR,ERR,ERR,ERR,ERR,ERR,ERR,ERR,ERR,ERR,ERR,ERR,ERR,ERR,ERR,ERR,ERR,ERR,ERR,ERR,ERR,ERR,ERR,ERR,ERR,ERR,ERR,ERR,ERR,ERR,ERR,ERR,ERR,ERR,ERR,ERR,ERR,ERR,ERR,ERR,ERR,ERR,ERR,ERR,ERR,ERR,34.0,80.0,35,0.0,0.0,0.0,0.0,0.0,0.0,0.0,0.0,0.0,0.0,0.0,0.0,0.0,0.0,0.0,0.0,66.4,0,120,58,53,65476,0,300,0,0,8,20529,65476,0,0,57672,80.0,0.0,0.0,0.0,0.0,0.0
2026-06-18T02:39:55,ERR,ERR,ERR,ERR,ERR,ERR,ERR,ERR,ERR,ERR,ERR,ERR,ERR,ERR,ERR,ERR,ERR,ERR,ERR,ERR,ERR,ERR,ERR,ERR,ERR,ERR,ERR,ERR,ERR,ERR,ERR,ERR,ERR,ERR,ERR,ERR,ERR,ERR,ERR,ERR,ERR,ERR,ERR,ERR,ERR,ERR,ERR,ERR,ERR,ERR,ERR,ERR,ERR,ERR,ERR,ERR,ERR,ERR,ERR,ERR,ERR,ERR,ERR,ERR,ERR,ERR,ERR,ERR,ERR,ERR,ERR,ERR,ERR,ERR,ERR,ERR,ERR,ERR,ERR,ERR,ERR,ERR,ERR,ERR,ERR,ERR,ERR,ERR,ERR,ERR,ERR,ERR,ERR,ERR,ERR,ERR,ERR,ERR,ERR,ERR,ERR,ERR,ERR,ERR,ERR,ERR,ERR,ERR,ERR,ERR,ERR,ERR,ERR,ERR,ERR,ERR,ERR,ERR,ERR,ERR,ERR,ERR,ERR,ERR,ERR,2.7184312818759872e+23,0.0,0.0,-152005385388032.0,1.6,1.3936040501711995e+18,7.805,0.0,0,0,4,48954,6720,14723890282496.0,100,0.0,0.0,0.0,-152005385388032.0,0.0,0,0,0,0,0.0,0,0,0,0,0,0,0,0,0,0,0,0,0,0,0,0,0,0,0,0,0,0,0,0,0,0,0,0,0,0,0,0,0,26,51,50,76,65476,0,300,0,0,8,21553,0.0,-107605600.0,0.0,0.0,0.0,0.0,0.0,0.0,0.0,0.0,0.0,0.0,0.0,0.0,0.0,0.0,0.0,0.0,0.0,0.0,0.0,0.0,-2.004,0.0,-2.004,-2.004,0.0,0.0,0.0,0.0,4769.0,-3.69718305499214e+19,7292.0,2.7184312818759872e+23,0.0,-0.0,-0.0,0.0,0.0,0.0,0.0,77,0.0,-152017129439232.0,0.0,0.0,0.0,0.0,0.0,0.0,0.0,0,0,0,0.0,0.0,0.0,0.0,0.0,0.0,0.0,0.0,0.0,0.0,0.0,0.0,0.0,0.0,0.0,0.0,0,-107875648.0,77,0.0,154,0.0,0.0,ERR,ERR,ERR,ERR,ERR,ERR,ERR,ERR,ERR,ERR,ERR,ERR,ERR,ERR,ERR,ERR,ERR,ERR,ERR,ERR,ERR,ERR,ERR,ERR,ERR,ERR,ERR,ERR,ERR,ERR,ERR,ERR,ERR,ERR,ERR,ERR,ERR,ERR,ERR,ERR,ERR,ERR,ERR,ERR,ERR,ERR,ERR,ERR,ERR,ERR,ERR,ERR,ERR,ERR,ERR,ERR,ERR,ERR,ERR,ERR,ERR,ERR,ERR,ERR,ERR,ERR,ERR,34.0,80.0,35,0.0,0.0,0.0,0.0,0.0,0.0,0.0,0.0,0.0,0.0,0.0,0.0,0.0,0.0,0.0,0.0,66.4,0,120,58,53,65476,0,300,0,0,8,20529,65476,0,0,57672,80.0,0.0,0.0,0.0,0.0,0.0
2026-06-18T02:39:56,ERR,ERR,ERR,ERR,ERR,ERR,ERR,ERR,ERR,ERR,ERR,ERR,ERR,ERR,ERR,ERR,ERR,ERR,ERR,ERR,ERR,ERR,ERR,ERR,ERR,ERR,ERR,ERR,ERR,ERR,ERR,ERR,ERR,ERR,ERR,ERR,ERR,ERR,ERR,ERR,ERR,ERR,ERR,ERR,ERR,ERR,ERR,ERR,ERR,ERR,ERR,ERR,ERR,ERR,ERR,ERR,ERR,ERR,ERR,ERR,ERR,ERR,ERR,ERR,ERR,ERR,ERR,ERR,ERR,ERR,ERR,ERR,ERR,ERR,ERR,ERR,ERR,ERR,ERR,ERR,ERR,ERR,ERR,ERR,ERR,ERR,ERR,ERR,ERR,ERR,ERR,ERR,ERR,ERR,ERR,ERR,ERR,ERR,ERR,ERR,ERR,ERR,ERR,ERR,ERR,ERR,ERR,ERR,ERR,ERR,ERR,ERR,ERR,ERR,ERR,ERR,ERR,ERR,ERR,ERR,ERR,ERR,ERR,ERR,ERR,2.7184312818759872e+23,0.0,0.0,-152005385388032.0,1.6,1.3936040501711995e+18,7.805,0.0,0,0,4,48954,6720,14723890282496.0,100,0.0,0.0,0.0,-152005385388032.0,0.0,0,0,0,0,0.0,0,0,0,0,0,0,0,0,0,0,0,0,0,0,0,0,0,0,0,0,0,0,0,0,0,0,0,0,0,0,0,0,0,26,51,50,76,65476,0,300,0,0,8,21553,0.0,-107605600.0,0.0,0.0,0.0,0.0,0.0,0.0,0.0,0.0,0.0,0.0,0.0,0.0,0.0,0.0,0.0,0.0,0.0,0.0,0.0,0.0,-2.004,0.0,-2.004,-2.004,0.0,0.0,0.0,0.0,4769.0,-3.69718305499214e+19,7292.0,2.7184312818759872e+23,0.0,-0.0,-0.0,0.0,0.0,0.0,0.0,77,0.0,-152017129439232.0,0.0,0.0,0.0,0.0,0.0,0.0,0.0,0,0,0,0.0,0.0,0.0,0.0,0.0,0.0,0.0,0.0,0.0,0.0,0.0,0.0,0.0,0.0,0.0,0.0,0,-107875648.0,77,0.0,154,0.0,0.0,ERR,ERR,ERR,ERR,ERR,ERR,ERR,ERR,ERR,ERR,ERR,ERR,ERR,ERR,ERR,ERR,ERR,ERR,ERR,ERR,ERR,ERR,ERR,ERR,ERR,ERR,ERR,ERR,ERR,ERR,ERR,ERR,ERR,ERR,ERR,ERR,ERR,ERR,ERR,ERR,ERR,ERR,ERR,ERR,ERR,ERR,ERR,ERR,ERR,ERR,ERR,ERR,ERR,ERR,ERR,ERR,ERR,ERR,ERR,ERR,ERR,ERR,ERR,ERR,ERR,ERR,ERR,34.0,80.0,35,0.0,0.0,0.0,0.0,0.0,0.0,0.0,0.0,0.0,0.0,0.0,0.0,0.0,0.0,0.0,0.0,65.6,0,120,58,53,65476,0,300,0,0,8,20529,65476,0,0,57672,80.0,0.0,0.0,0.0,0.0,0.0
2026-06-18T02:39:57,ERR,ERR,ERR,ERR,ERR,ERR,ERR,ERR,ERR,ERR,ERR,ERR,ERR,ERR,ERR,ERR,ERR,ERR,ERR,ERR,ERR,ERR,ERR,ERR,ERR,ERR,ERR,ERR,ERR,ERR,ERR,ERR,ERR,ERR,ERR,ERR,ERR,ERR,ERR,ERR,ERR,ERR,ERR,ERR,ERR,ERR,ERR,ERR,ERR,ERR,ERR,ERR,ERR,ERR,ERR,ERR,ERR,ERR,ERR,ERR,ERR,ERR,ERR,ERR,ERR,ERR,ERR,ERR,ERR,ERR,ERR,ERR,ERR,ERR,ERR,ERR,ERR,ERR,ERR,ERR,ERR,ERR,ERR,ERR,ERR,ERR,ERR,ERR,ERR,ERR,ERR,ERR,ERR,ERR,ERR,ERR,ERR,ERR,ERR,ERR,ERR,ERR,ERR,ERR,ERR,ERR,ERR,ERR,ERR,ERR,ERR,ERR,ERR,ERR,ERR,ERR,ERR,ERR,ERR,ERR,ERR,ERR,ERR,ERR,ERR,2.7184312818759872e+23,0.0,0.0,-152005385388032.0,1.6,1.3936040501711995e+18,7.805,0.0,0,0,4,48954,6720,14723890282496.0,100,0.0,0.0,0.0,-152005385388032.0,0.0,0,0,0,0,0.0,0,0,0,0,0,0,0,0,0,0,0,0,0,0,0,0,0,0,0,0,0,0,0,0,0,0,0,0,0,0,0,0,0,26,51,50,76,65476,0,300,0,0,8,21553,0.0,-107605600.0,0.0,0.0,0.0,0.0,0.0,0.0,0.0,0.0,0.0,0.0,0.0,0.0,0.0,0.0,0.0,0.0,0.0,0.0,0.0,0.0,-2.004,0.0,-2.004,-2.004,0.0,0.0,0.0,0.0,4769.0,-3.69718305499214e+19,7292.0,2.7184312818759872e+23,0.0,-0.0,-0.0,0.0,0.0,0.0,0.0,77,0.0,-152017129439232.0,0.0,0.0,0.0,0.0,0.0,0.0,0.0,0,0,0,0.0,0.0,0.0,0.0,0.0,0.0,0.0,0.0,0.0,0.0,0.0,0.0,0.0,0.0,0.0,0.0,0,-107875648.0,77,0.0,154,0.0,0.0,ERR,ERR,ERR,ERR,ERR,ERR,ERR,ERR,ERR,ERR,ERR,ERR,ERR,ERR,ERR,ERR,ERR,ERR,ERR,ERR,ERR,ERR,ERR,ERR,ERR,ERR,ERR,ERR,ERR,ERR,ERR,ERR,ERR,ERR,ERR,ERR,ERR,ERR,ERR,ERR,ERR,ERR,ERR,ERR,ERR,ERR,ERR,ERR,ERR,ERR,ERR,ERR,ERR,ERR,ERR,ERR,ERR,ERR,ERR,ERR,ERR,ERR,ERR,ERR,ERR,ERR,ERR,34.0,80.0,35,0.0,0.0,0.0,0.0,0.0,0.0,0.0,0.0,0.0,0.0,0.0,0.0,0.0,0.0,0.0,0.0,65.6,0,120,58,53,65476,0,300,0,0,8,20529,65476,0,0,57672,80.0,0.0,0.0,0.0,0.0,0.0
2026-06-18T02:39:58,ERR,ERR,ERR,ERR,ERR,ERR,ERR,ERR,ERR,ERR,ERR,ERR,ERR,ERR,ERR,ERR,ERR,ERR,ERR,ERR,ERR,ERR,ERR,ERR,ERR,ERR,ERR,ERR,ERR,ERR,ERR,ERR,ERR,ERR,ERR,ERR,ERR,ERR,ERR,ERR,ERR,ERR,ERR,ERR,ERR,ERR,ERR,ERR,ERR,ERR,ERR,ERR,ERR,ERR,ERR,ERR,ERR,ERR,ERR,ERR,ERR,ERR,ERR,ERR,ERR,ERR,ERR,ERR,ERR,ERR,ERR,ERR,ERR,ERR,ERR,ERR,ERR,ERR,ERR,ERR,ERR,ERR,ERR,ERR,ERR,ERR,ERR,ERR,ERR,ERR,ERR,ERR,ERR,ERR,ERR,ERR,ERR,ERR,ERR,ERR,ERR,ERR,ERR,ERR,ERR,ERR,ERR,ERR,ERR,ERR,ERR,ERR,ERR,ERR,ERR,ERR,ERR,ERR,ERR,ERR,ERR,ERR,ERR,ERR,ERR,2.7184312818759872e+23,0.0,0.0,-152005385388032.0,1.6,1.3936040501711995e+18,7.805,0.0,0,0,4,48954,6720,14723890282496.0,100,0.0,0.0,0.0,-152005385388032.0,0.0,0,0,0,0,0.0,0,0,0,0,0,0,0,0,0,0,0,0,0,0,0,0,0,0,0,0,0,0,0,0,0,0,0,0,0,0,0,0,0,26,51,50,76,65476,0,300,0,0,8,21553,0.0,-107605600.0,0.0,0.0,0.0,0.0,0.0,0.0,0.0,0.0,0.0,0.0,0.0,0.0,0.0,0.0,0.0,0.0,0.0,0.0,0.0,0.0,-2.004,0.0,-2.004,-2.004,0.0,0.0,0.0,0.0,4769.0,-3.69718305499214e+19,7292.0,2.7184312818759872e+23,0.0,-0.0,-0.0,0.0,0.0,0.0,0.0,77,0.0,-152017129439232.0,0.0,0.0,0.0,0.0,0.0,0.0,0.0,0,0,0,0.0,0.0,0.0,0.0,0.0,0.0,0.0,0.0,0.0,0.0,0.0,0.0,0.0,0.0,0.0,0.0,0,-107875648.0,77,0.0,154,0.0,0.0,ERR,ERR,ERR,ERR,ERR,ERR,ERR,ERR,ERR,ERR,ERR,ERR,ERR,ERR,ERR,ERR,ERR,ERR,ERR,ERR,ERR,ERR,ERR,ERR,ERR,ERR,ERR,ERR,ERR,ERR,ERR,ERR,ERR,ERR,ERR,ERR,ERR,ERR,ERR,ERR,ERR,ERR,ERR,ERR,ERR,ERR,ERR,ERR,ERR,ERR,ERR,ERR,ERR,ERR,ERR,ERR,ERR,ERR,ERR,ERR,ERR,ERR,ERR,ERR,ERR,ERR,ERR,34.0,80.0,35,0.0,0.0,0.0,0.0,0.0,0.0,0.0,0.0,0.0,0.0,0.0,0.0,0.0,0.0,0.0,0.0,65.6,0,120,58,53,65476,0,300,0,0,8,20529,65476,0,0,57672,80.0,0.0,0.0,0.0,0.0,0.0
2026-06-18T02:39:59,ERR,ERR,ERR,ERR,ERR,ERR,ERR,ERR,ERR,ERR,ERR,ERR,ERR,ERR,ERR,ERR,ERR,ERR,ERR,ERR,ERR,ERR,ERR,ERR,ERR,ERR,ERR,ERR,ERR,ERR,ERR,ERR,ERR,ERR,ERR,ERR,ERR,ERR,ERR,ERR,ERR,ERR,ERR,ERR,ERR,ERR,ERR,ERR,ERR,ERR,ERR,ERR,ERR,ERR,ERR,ERR,ERR,ERR,ERR,ERR,ERR,ERR,ERR,ERR,ERR,ERR,ERR,ERR,ERR,ERR,ERR,ERR,ERR,ERR,ERR,ERR,ERR,ERR,ERR,ERR,ERR,ERR,ERR,ERR,ERR,ERR,ERR,ERR,ERR,ERR,ERR,ERR,ERR,ERR,ERR,ERR,ERR,ERR,ERR,ERR,ERR,ERR,ERR,ERR,ERR,ERR,ERR,ERR,ERR,ERR,ERR,ERR,ERR,ERR,ERR,ERR,ERR,ERR,ERR,ERR,ERR,ERR,ERR,ERR,ERR,2.7184312818759872e+23,0.0,0.0,0.0,nan,1.3936040501711995e+18,7.805,-5533387829805056.0,0,0,4,48956,6720,14723890282496.0,100,0.0,0.0,0.0,-152005385388032.0,0.0,0,0,0,0,0.0,0,0,0,0,0,0,0,0,0,0,0,0,0,0,0,0,0,0,0,0,0,0,0,0,0,0,0,0,0,0,0,0,0,26,51,50,76,65476,0,300,0,0,8,21553,0.0,-107605600.0,0.0,0.0,0.0,0.0,0.0,0.0,0.0,0.0,0.0,0.0,0.0,0.0,0.0,0.0,0.0,0.0,0.0,0.0,0.0,0.0,-2.004,0.0,-2.004,-2.004,0.0,0.0,0.0,0.0,4771.0,-8608175104.0,7290.0,2.7184312818759872e+23,0.0,-0.0,-0.0,0.0,0.0,0.0,0.0,77,0.0,-71.629,0.0,0.0,0.0,0.0,0.0,0.0,0.0,0,0,0,0.0,0.0,0.0,0.0,0.0,0.0,0.0,0.0,0.0,0.0,0.0,0.0,0.0,0.0,0.0,0.0,0,-107875648.0,77,0.0,154,0.0,0.0,ERR,ERR,ERR,ERR,ERR,ERR,ERR,ERR,ERR,ERR,ERR,ERR,ERR,ERR,ERR,ERR,ERR,ERR,ERR,ERR,ERR,ERR,ERR,ERR,ERR,ERR,ERR,ERR,ERR,ERR,ERR,ERR,ERR,ERR,ERR,ERR,ERR,ERR,ERR,ERR,ERR,ERR,ERR,ERR,ERR,ERR,ERR,ERR,ERR,ERR,ERR,ERR,ERR,ERR,ERR,ERR,ERR,ERR,ERR,ERR,ERR,ERR,ERR,ERR,ERR,ERR,ERR,34.0,80.0,35,0.0,0.0,0.0,0.0,0.0,0.0,0.0,0.0,0.0,0.0,0.0,0.0,0.0,0.0,0.0,0.0,65.6,0,120,58,53,65476,0,300,0,0,8,20529,65476,0,0,57672,80.0,0.0,0.0,0.0,0.0,0.0
2026-06-18T02:40:00,ERR,ERR,ERR,ERR,ERR,ERR,ERR,ERR,ERR,ERR,ERR,ERR,ERR,ERR,ERR,ERR,ERR,ERR,ERR,ERR,ERR,ERR,ERR,ERR,ERR,ERR,ERR,ERR,ERR,ERR,ERR,ERR,ERR,ERR,ERR,ERR,ERR,ERR,ERR,ERR,ERR,ERR,ERR,ERR,ERR,ERR,ERR,ERR,ERR,ERR,ERR,ERR,ERR,ERR,ERR,ERR,ERR,ERR,ERR,ERR,ERR,ERR,ERR,ERR,ERR,ERR,ERR,ERR,ERR,ERR,ERR,ERR,ERR,ERR,ERR,ERR,ERR,ERR,ERR,ERR,ERR,ERR,ERR,ERR,ERR,ERR,ERR,ERR,ERR,ERR,ERR,ERR,ERR,ERR,ERR,ERR,ERR,ERR,ERR,ERR,ERR,ERR,ERR,ERR,ERR,ERR,ERR,ERR,ERR,ERR,ERR,ERR,ERR,ERR,ERR,ERR,ERR,ERR,ERR,ERR,ERR,ERR,ERR,ERR,ERR,2.7184312818759872e+23,0.0,0.0,0.0,nan,1.3936040501711995e+18,7.805,-5533387829805056.0,0,0,4,48956,6720,14723890282496.0,100,0.0,0.0,0.0,-152005385388032.0,0.0,0,0,0,0,0.0,0,0,0,0,0,0,0,0,0,0,0,0,0,0,0,0,0,0,0,0,0,0,0,0,0,0,0,0,0,0,0,0,0,26,51,50,76,65476,0,300,0,0,8,21553,0.0,-107605600.0,0.0,0.0,0.0,0.0,0.0,0.0,0.0,0.0,0.0,0.0,0.0,0.0,0.0,0.0,0.0,0.0,0.0,0.0,0.0,0.0,-2.004,0.0,-2.004,-2.004,0.0,0.0,0.0,0.0,4771.0,-8608175104.0,7290.0,2.7184312818759872e+23,0.0,-0.0,-0.0,0.0,0.0,0.0,0.0,77,0.0,-71.629,0.0,0.0,0.0,0.0,0.0,0.0,0.0,0,0,0,0.0,0.0,0.0,0.0,0.0,0.0,0.0,0.0,0.0,0.0,0.0,0.0,0.0,0.0,0.0,0.0,0,-107875648.0,77,0.0,154,0.0,0.0,ERR,ERR,ERR,ERR,ERR,ERR,ERR,ERR,ERR,ERR,ERR,ERR,ERR,ERR,ERR,ERR,ERR,ERR,ERR,ERR,ERR,ERR,ERR,ERR,ERR,ERR,ERR,ERR,ERR,ERR,ERR,ERR,ERR,ERR,ERR,ERR,ERR,ERR,ERR,ERR,ERR,ERR,ERR,ERR,ERR,ERR,ERR,ERR,ERR,ERR,ERR,ERR,ERR,ERR,ERR,ERR,ERR,ERR,ERR,ERR,ERR,ERR,ERR,ERR,ERR,ERR,ERR,34.0,80.0,35,0.0,0.0,0.0,0.0,0.0,0.0,0.0,0.0,0.0,0.0,0.0,0.0,0.0,0.0,0.0,0.0,65.6,0,120,58,53,65476,0,300,0,0,8,20529,65476,0,0,57672,80.0,0.0,0.0,0.0,0.0,0.0
2026-06-18T02:40:01,ERR,ERR,ERR,ERR,ERR,ERR,ERR,ERR,ERR,ERR,ERR,ERR,ERR,ERR,ERR,ERR,ERR,ERR,ERR,ERR,ERR,ERR,ERR,ERR,ERR,ERR,ERR,ERR,ERR,ERR,ERR,ERR,ERR,ERR,ERR,ERR,ERR,ERR,ERR,ERR,ERR,ERR,ERR,ERR,ERR,ERR,ERR,ERR,ERR,ERR,ERR,ERR,ERR,ERR,ERR,ERR,ERR,ERR,ERR,ERR,ERR,ERR,ERR,ERR,ERR,ERR,ERR,ERR,ERR,ERR,ERR,ERR,ERR,ERR,ERR,ERR,ERR,ERR,ERR,ERR,ERR,ERR,ERR,ERR,ERR,ERR,ERR,ERR,ERR,ERR,ERR,ERR,ERR,ERR,ERR,ERR,ERR,ERR,ERR,ERR,ERR,ERR,ERR,ERR,ERR,ERR,ERR,ERR,ERR,ERR,ERR,ERR,ERR,ERR,ERR,ERR,ERR,ERR,ERR,ERR,ERR,ERR,ERR,ERR,ERR,2.7184312818759872e+23,0.0,0.0,0.0,nan,1.3936040501711995e+18,7.805,-5533387829805056.0,0,0,4,48956,6720,14723890282496.0,100,0.0,0.0,0.0,-152005385388032.0,0.0,0,0,0,0,0.0,0,0,0,0,0,0,0,0,0,0,0,0,0,0,0,0,0,0,0,0,0,0,0,0,0,0,0,0,0,0,0,0,0,26,51,50,76,65476,0,300,0,0,8,21553,0.0,-107605600.0,0.0,0.0,0.0,0.0,0.0,0.0,0.0,0.0,0.0,0.0,0.0,0.0,0.0,0.0,0.0,0.0,0.0,0.0,0.0,0.0,-2.004,0.0,-2.004,-2.004,0.0,0.0,0.0,0.0,4771.0,-8608175104.0,7290.0,2.7184312818759872e+23,0.0,-0.0,-0.0,0.0,0.0,0.0,0.0,77,0.0,-71.629,0.0,0.0,0.0,0.0,0.0,0.0,0.0,0,0,0,0.0,0.0,0.0,0.0,0.0,0.0,0.0,0.0,0.0,0.0,0.0,0.0,0.0,0.0,0.0,0.0,0,-107875648.0,77,0.0,154,0.0,0.0,ERR,ERR,ERR,ERR,ERR,ERR,ERR,ERR,ERR,ERR,ERR,ERR,ERR,ERR,ERR,ERR,ERR,ERR,ERR,ERR,ERR,ERR,ERR,ERR,ERR,ERR,ERR,ERR,ERR,ERR,ERR,ERR,ERR,ERR,ERR,ERR,ERR,ERR,ERR,ERR,ERR,ERR,ERR,ERR,ERR,ERR,ERR,ERR,ERR,ERR,ERR,ERR,ERR,ERR,ERR,ERR,ERR,ERR,ERR,ERR,ERR,ERR,ERR,ERR,ERR,ERR,ERR,34.0,80.0,35,0.0,0.0,0.0,0.0,0.0,0.0,0.0,0.0,0.0,0.0,0.0,0.0,0.0,0.0,0.0,0.0,65.6,0,120,58,53,65476,0,300,0,0,8,20529,65476,0,0,57672,80.0,0.0,0.0,0.0,0.0,0.0
2026-06-18T02:40:02,ERR,ERR,ERR,ERR,ERR,ERR,ERR,ERR,ERR,ERR,ERR,ERR,ERR,ERR,ERR,ERR,ERR,ERR,ERR,ERR,ERR,ERR,ERR,ERR,ERR,ERR,ERR,ERR,ERR,ERR,ERR,ERR,ERR,ERR,ERR,ERR,ERR,ERR,ERR,ERR,ERR,ERR,ERR,ERR,ERR,ERR,ERR,ERR,ERR,ERR,ERR,ERR,ERR,ERR,ERR,ERR,ERR,ERR,ERR,ERR,ERR,ERR,ERR,ERR,ERR,ERR,ERR,ERR,ERR,ERR,ERR,ERR,ERR,ERR,ERR,ERR,ERR,ERR,ERR,ERR,ERR,ERR,ERR,ERR,ERR,ERR,ERR,ERR,ERR,ERR,ERR,ERR,ERR,ERR,ERR,ERR,ERR,ERR,ERR,ERR,ERR,ERR,ERR,ERR,ERR,ERR,ERR,ERR,ERR,ERR,ERR,ERR,ERR,ERR,ERR,ERR,ERR,ERR,ERR,ERR,ERR,ERR,ERR,ERR,ERR,2.7184312818759872e+23,0.0,0.0,0.0,nan,1.3936040501711995e+18,7.805,-5533387829805056.0,0,0,4,48956,6720,14723890282496.0,100,0.0,0.0,0.0,-152005385388032.0,0.0,0,0,0,0,0.0,0,0,0,0,0,0,0,0,0,0,0,0,0,0,0,0,0,0,0,0,0,0,0,0,0,0,0,0,0,0,0,0,0,26,51,50,76,65476,0,300,0,0,8,21553,0.0,-107605600.0,0.0,0.0,0.0,0.0,0.0,0.0,0.0,0.0,0.0,0.0,0.0,0.0,0.0,0.0,0.0,0.0,0.0,0.0,0.0,0.0,-2.004,0.0,-2.004,-2.004,0.0,0.0,0.0,0.0,4771.0,-8608175104.0,7290.0,2.7184312818759872e+23,0.0,-0.0,-0.0,0.0,0.0,0.0,0.0,77,0.0,-71.629,0.0,0.0,0.0,0.0,0.0,0.0,0.0,0,0,0,0.0,0.0,0.0,0.0,0.0,0.0,0.0,0.0,0.0,0.0,0.0,0.0,0.0,0.0,0.0,0.0,0,-107875648.0,77,0.0,154,0.0,0.0,ERR,ERR,ERR,ERR,ERR,ERR,ERR,ERR,ERR,ERR,ERR,ERR,ERR,ERR,ERR,ERR,ERR,ERR,ERR,ERR,ERR,ERR,ERR,ERR,ERR,ERR,ERR,ERR,ERR,ERR,ERR,ERR,ERR,ERR,ERR,ERR,ERR,ERR,ERR,ERR,ERR,ERR,ERR,ERR,ERR,ERR,ERR,ERR,ERR,ERR,ERR,ERR,ERR,ERR,ERR,ERR,ERR,ERR,ERR,ERR,ERR,ERR,ERR,ERR,ERR,ERR,ERR,34.0,80.0,35,0.0,0.0,0.0,0.0,0.0,0.0,0.0,0.0,0.0,0.0,0.0,0.0,0.0,0.0,0.0,0.0,65.6,0,120,58,53,65476,0,300,0,0,8,20529,65476,0,0,57672,80.0,0.0,0.0,0.0,0.0,0.0
2026-06-18T02:40:03,ERR,ERR,ERR,ERR,ERR,ERR,ERR,ERR,ERR,ERR,ERR,ERR,ERR,ERR,ERR,ERR,ERR,ERR,ERR,ERR,ERR,ERR,ERR,ERR,ERR,ERR,ERR,ERR,ERR,ERR,ERR,ERR,ERR,ERR,ERR,ERR,ERR,ERR,ERR,ERR,ERR,ERR,ERR,ERR,ERR,ERR,ERR,ERR,ERR,ERR,ERR,ERR,ERR,ERR,ERR,ERR,ERR,ERR,ERR,ERR,ERR,ERR,ERR,ERR,ERR,ERR,ERR,ERR,ERR,ERR,ERR,ERR,ERR,ERR,ERR,ERR,ERR,ERR,ERR,ERR,ERR,ERR,ERR,ERR,ERR,ERR,ERR,ERR,ERR,ERR,ERR,ERR,ERR,ERR,ERR,ERR,ERR,ERR,ERR,ERR,ERR,ERR,ERR,ERR,ERR,ERR,ERR,ERR,ERR,ERR,ERR,ERR,ERR,ERR,ERR,ERR,ERR,ERR,ERR,ERR,ERR,ERR,ERR,ERR,ERR,2.7184312818759872e+23,0.0,0.0,0.0,nan,1.3936040501711995e+18,7.805,-5533387829805056.0,0,0,4,48956,6720,14723890282496.0,100,0.0,0.0,0.0,-152005385388032.0,0.0,0,0,0,0,0.0,0,0,0,0,0,0,0,0,0,0,0,0,0,0,0,0,0,0,0,0,0,0,0,0,0,0,0,0,0,0,0,0,0,26,51,50,76,65476,0,300,0,0,8,21553,0.0,-107605600.0,0.0,0.0,0.0,0.0,0.0,0.0,0.0,0.0,0.0,0.0,0.0,0.0,0.0,0.0,0.0,0.0,0.0,0.0,0.0,0.0,-2.004,0.0,-2.004,-2.004,0.0,0.0,0.0,0.0,4771.0,-8608175104.0,7290.0,2.7184312818759872e+23,0.0,-0.0,-0.0,0.0,0.0,0.0,0.0,77,0.0,-71.629,0.0,0.0,0.0,0.0,0.0,0.0,0.0,0,0,0,0.0,0.0,0.0,0.0,0.0,0.0,0.0,0.0,0.0,0.0,0.0,0.0,0.0,0.0,0.0,0.0,0,-107875648.0,77,0.0,154,0.0,0.0,ERR,ERR,ERR,ERR,ERR,ERR,ERR,ERR,ERR,ERR,ERR,ERR,ERR,ERR,ERR,ERR,ERR,ERR,ERR,ERR,ERR,ERR,ERR,ERR,ERR,ERR,ERR,ERR,ERR,ERR,ERR,ERR,ERR,ERR,ERR,ERR,ERR,ERR,ERR,ERR,ERR,ERR,ERR,ERR,ERR,ERR,ERR,ERR,ERR,ERR,ERR,ERR,ERR,ERR,ERR,ERR,ERR,ERR,ERR,ERR,ERR,ERR,ERR,ERR,ERR,ERR,ERR,34.0,80.0,35,0.0,0.0,0.0,0.0,0.0,0.0,0.0,0.0,0.0,0.0,0.0,0.0,0.0,0.0,0.0,0.0,66.4,0,120,58,53,65476,0,300,0,0,8,20529,65476,0,0,57672,80.0,0.0,0.0,0.0,0.0,0.0
2026-06-18T02:40:04,ERR,ERR,ERR,ERR,ERR,ERR,ERR,ERR,ERR,ERR,ERR,ERR,ERR,ERR,ERR,ERR,ERR,ERR,ERR,ERR,ERR,ERR,ERR,ERR,ERR,ERR,ERR,ERR,ERR,ERR,ERR,ERR,ERR,ERR,ERR,ERR,ERR,ERR,ERR,ERR,ERR,ERR,ERR,ERR,ERR,ERR,ERR,ERR,ERR,ERR,ERR,ERR,ERR,ERR,ERR,ERR,ERR,ERR,ERR,ERR,ERR,ERR,ERR,ERR,ERR,ERR,ERR,ERR,ERR,ERR,ERR,ERR,ERR,ERR,ERR,ERR,ERR,ERR,ERR,ERR,ERR,ERR,ERR,ERR,ERR,ERR,ERR,ERR,ERR,ERR,ERR,ERR,ERR,ERR,ERR,ERR,ERR,ERR,ERR,ERR,ERR,ERR,ERR,ERR,ERR,ERR,ERR,ERR,ERR,ERR,ERR,ERR,ERR,ERR,ERR,ERR,ERR,ERR,ERR,ERR,ERR,ERR,ERR,ERR,ERR,2.7184312818759872e+23,0.0,0.0,0.0,nan,1.3936040501711995e+18,7.805,-5533387829805056.0,0,0,4,48956,6720,14723890282496.0,100,0.0,0.0,0.0,-152005385388032.0,0.0,0,0,0,0,0.0,0,0,0,0,0,0,0,0,0,0,0,0,0,0,0,0,0,0,0,0,0,0,0,0,0,0,0,0,0,0,0,0,0,26,51,50,76,65476,0,300,0,0,8,21553,0.0,-107605600.0,0.0,0.0,0.0,0.0,0.0,0.0,0.0,0.0,0.0,0.0,0.0,0.0,0.0,0.0,0.0,0.0,0.0,0.0,0.0,0.0,-2.004,0.0,-2.004,-2.004,0.0,0.0,0.0,0.0,4771.0,-8608175104.0,7290.0,2.7184312818759872e+23,0.0,-0.0,-0.0,0.0,0.0,0.0,0.0,77,0.0,-71.629,0.0,0.0,0.0,0.0,0.0,0.0,0.0,0,0,0,0.0,0.0,0.0,0.0,0.0,0.0,0.0,0.0,0.0,0.0,0.0,0.0,0.0,0.0,0.0,0.0,0,-107875648.0,77,0.0,154,0.0,0.0,ERR,ERR,ERR,ERR,ERR,ERR,ERR,ERR,ERR,ERR,ERR,ERR,ERR,ERR,ERR,ERR,ERR,ERR,ERR,ERR,ERR,ERR,ERR,ERR,ERR,ERR,ERR,ERR,ERR,ERR,ERR,ERR,ERR,ERR,ERR,ERR,ERR,ERR,ERR,ERR,ERR,ERR,ERR,ERR,ERR,ERR,ERR,ERR,ERR,ERR,ERR,ERR,ERR,ERR,ERR,ERR,ERR,ERR,ERR,ERR,ERR,ERR,ERR,ERR,ERR,ERR,ERR,34.0,80.0,35,0.0,0.0,0.0,0.0,0.0,0.0,0.0,0.0,0.0,0.0,0.0,0.0,0.0,0.0,0.0,0.0,66.4,0,120,58,53,65476,0,300,0,0,8,20529,65476,0,0,57672,80.0,0.0,0.0,0.0,0.0,0.0
2026-06-18T02:40:05,ERR,ERR,ERR,ERR,ERR,ERR,ERR,ERR,ERR,ERR,ERR,ERR,ERR,ERR,ERR,ERR,ERR,ERR,ERR,ERR,ERR,ERR,ERR,ERR,ERR,ERR,ERR,ERR,ERR,ERR,ERR,ERR,ERR,ERR,ERR,ERR,ERR,ERR,ERR,ERR,ERR,ERR,ERR,ERR,ERR,ERR,ERR,ERR,ERR,ERR,ERR,ERR,ERR,ERR,ERR,ERR,ERR,ERR,ERR,ERR,ERR,ERR,ERR,ERR,ERR,ERR,ERR,ERR,ERR,ERR,ERR,ERR,ERR,ERR,ERR,ERR,ERR,ERR,ERR,ERR,ERR,ERR,ERR,ERR,ERR,ERR,ERR,ERR,ERR,ERR,ERR,ERR,ERR,ERR,ERR,ERR,ERR,ERR,ERR,ERR,ERR,ERR,ERR,ERR,ERR,ERR,ERR,ERR,ERR,ERR,ERR,ERR,ERR,ERR,ERR,ERR,ERR,ERR,ERR,ERR,ERR,ERR,ERR,ERR,ERR,2.7184312818759872e+23,0.0,0.0,0.0,1.568,1.3936040501711995e+18,7.805,-3.952556628413998e+21,0,0,4,48954,6720,14723890282496.0,100,0.0,0.0,0.0,0.0,0.0,0,0,0,0,0.0,0,0,0,0,0,0,0,0,0,0,0,0,0,0,0,0,0,0,0,0,0,0,0,0,0,0,0,0,0,0,0,0,0,26,51,50,76,65476,0,300,0,0,8,21553,0.0,-107605600.0,0.0,0.0,0.0,0.0,0.0,0.0,0.0,0.0,0.0,0.0,0.0,0.0,0.0,0.0,0.0,0.0,0.0,0.0,0.0,0.0,-2.004,0.0,-2.004,-2.004,0.0,0.0,0.0,0.0,4804.0,0.0,7266.0,2.7184312818759872e+23,0.0,-0.0,-0.0,0.0,0.0,0.0,0.0,77,0.0,0.0,0.0,0.0,0.0,0.0,0.0,0.0,0.0,0,0,0,0.0,0.0,0.0,0.0,0.0,0.0,0.0,0.0,0.0,0.0,0.0,0.0,0.0,0.0,0.0,0.0,0,-107875648.0,77,0.0,154,0.0,0.0,ERR,ERR,ERR,ERR,ERR,ERR,ERR,ERR,ERR,ERR,ERR,ERR,ERR,ERR,ERR,ERR,ERR,ERR,ERR,ERR,ERR,ERR,ERR,ERR,ERR,ERR,ERR,ERR,ERR,ERR,ERR,ERR,ERR,ERR,ERR,ERR,ERR,ERR,ERR,ERR,ERR,ERR,ERR,ERR,ERR,ERR,ERR,ERR,ERR,ERR,ERR,ERR,ERR,ERR,ERR,ERR,ERR,ERR,ERR,ERR,ERR,ERR,ERR,ERR,ERR,ERR,ERR,34.0,80.0,35,0.0,0.0,0.0,0.0,0.0,0.0,0.0,0.0,0.0,0.0,0.0,0.0,0.0,0.0,0.0,0.0,65.6,0,120,58,53,65476,0,300,0,0,8,20529,65476,0,0,57672,80.0,0.0,0.0,0.0,0.0,0.0
2026-06-18T02:40:06,ERR,ERR,ERR,ERR,ERR,ERR,ERR,ERR,ERR,ERR,ERR,ERR,ERR,ERR,ERR,ERR,ERR,ERR,ERR,ERR,ERR,ERR,ERR,ERR,ERR,ERR,ERR,ERR,ERR,ERR,ERR,ERR,ERR,ERR,ERR,ERR,ERR,ERR,ERR,ERR,ERR,ERR,ERR,ERR,ERR,ERR,ERR,ERR,ERR,ERR,ERR,ERR,ERR,ERR,ERR,ERR,ERR,ERR,ERR,ERR,ERR,ERR,ERR,ERR,ERR,ERR,ERR,ERR,ERR,ERR,ERR,ERR,ERR,ERR,ERR,ERR,ERR,ERR,ERR,ERR,ERR,ERR,ERR,ERR,ERR,ERR,ERR,ERR,ERR,ERR,ERR,ERR,ERR,ERR,ERR,ERR,ERR,ERR,ERR,ERR,ERR,ERR,ERR,ERR,ERR,ERR,ERR,ERR,ERR,ERR,ERR,ERR,ERR,ERR,ERR,ERR,ERR,ERR,ERR,ERR,ERR,ERR,ERR,ERR,ERR,2.7184312818759872e+23,0.0,0.0,0.0,1.568,1.3936040501711995e+18,7.805,-3.952556628413998e+21,0,0,4,48954,6720,14723890282496.0,100,0.0,0.0,0.0,0.0,0.0,0,0,0,0,0.0,0,0,0,0,0,0,0,0,0,0,0,0,0,0,0,0,0,0,0,0,0,0,0,0,0,0,0,0,0,0,0,0,0,26,51,50,76,65476,0,300,0,0,8,21553,0.0,-107605600.0,0.0,0.0,0.0,0.0,0.0,0.0,0.0,0.0,0.0,0.0,0.0,0.0,0.0,0.0,0.0,0.0,0.0,0.0,0.0,0.0,-2.004,0.0,-2.004,-2.004,0.0,0.0,0.0,0.0,4804.0,0.0,7266.0,2.7184312818759872e+23,0.0,-0.0,-0.0,0.0,0.0,0.0,0.0,77,0.0,0.0,0.0,0.0,0.0,0.0,0.0,0.0,0.0,0,0,0,0.0,0.0,0.0,0.0,0.0,0.0,0.0,0.0,0.0,0.0,0.0,0.0,0.0,0.0,0.0,0.0,0,-107875648.0,77,0.0,154,0.0,0.0,ERR,ERR,ERR,ERR,ERR,ERR,ERR,ERR,ERR,ERR,ERR,ERR,ERR,ERR,ERR,ERR,ERR,ERR,ERR,ERR,ERR,ERR,ERR,ERR,ERR,ERR,ERR,ERR,ERR,ERR,ERR,ERR,ERR,ERR,ERR,ERR,ERR,ERR,ERR,ERR,ERR,ERR,ERR,ERR,ERR,ERR,ERR,ERR,ERR,ERR,ERR,ERR,ERR,ERR,ERR,ERR,ERR,ERR,ERR,ERR,ERR,ERR,ERR,ERR,ERR,ERR,ERR,34.0,80.0,35,0.0,0.0,0.0,0.0,0.0,0.0,0.0,0.0,0.0,0.0,0.0,0.0,0.0,0.0,0.0,0.0,66.4,0,120,58,53,65476,0,300,0,0,8,20529,65476,0,0,57672,80.0,0.0,0.0,0.0,0.0,0.0
2026-06-18T02:40:07,ERR,ERR,ERR,ERR,ERR,ERR,ERR,ERR,ERR,ERR,ERR,ERR,ERR,ERR,ERR,ERR,ERR,ERR,ERR,ERR,ERR,ERR,ERR,ERR,ERR,ERR,ERR,ERR,ERR,ERR,ERR,ERR,ERR,ERR,ERR,ERR,ERR,ERR,ERR,ERR,ERR,ERR,ERR,ERR,ERR,ERR,ERR,ERR,ERR,ERR,ERR,ERR,ERR,ERR,ERR,ERR,ERR,ERR,ERR,ERR,ERR,ERR,ERR,ERR,ERR,ERR,ERR,ERR,ERR,ERR,ERR,ERR,ERR,ERR,ERR,ERR,ERR,ERR,ERR,ERR,ERR,ERR,ERR,ERR,ERR,ERR,ERR,ERR,ERR,ERR,ERR,ERR,ERR,ERR,ERR,ERR,ERR,ERR,ERR,ERR,ERR,ERR,ERR,ERR,ERR,ERR,ERR,ERR,ERR,ERR,ERR,ERR,ERR,ERR,ERR,ERR,ERR,ERR,ERR,ERR,ERR,ERR,ERR,ERR,ERR,2.7184312818759872e+23,0.0,0.0,0.0,1.568,1.3936040501711995e+18,7.805,-3.952556628413998e+21,0,0,4,48954,6720,14723890282496.0,100,0.0,0.0,0.0,0.0,0.0,0,0,0,0,0.0,0,0,0,0,0,0,0,0,0,0,0,0,0,0,0,0,0,0,0,0,0,0,0,0,0,0,0,0,0,0,0,0,0,26,51,50,76,65476,0,300,0,0,8,21553,0.0,-107605600.0,0.0,0.0,0.0,0.0,0.0,0.0,0.0,0.0,0.0,0.0,0.0,0.0,0.0,0.0,0.0,0.0,0.0,0.0,0.0,0.0,-2.004,0.0,-2.004,-2.004,0.0,0.0,0.0,0.0,4804.0,0.0,7266.0,2.7184312818759872e+23,0.0,-0.0,-0.0,0.0,0.0,0.0,0.0,77,0.0,0.0,0.0,0.0,0.0,0.0,0.0,0.0,0.0,0,0,0,0.0,0.0,0.0,0.0,0.0,0.0,0.0,0.0,0.0,0.0,0.0,0.0,0.0,0.0,0.0,0.0,0,-107875648.0,77,0.0,154,0.0,0.0,ERR,ERR,ERR,ERR,ERR,ERR,ERR,ERR,ERR,ERR,ERR,ERR,ERR,ERR,ERR,ERR,ERR,ERR,ERR,ERR,ERR,ERR,ERR,ERR,ERR,ERR,ERR,ERR,ERR,ERR,ERR,ERR,ERR,ERR,ERR,ERR,ERR,ERR,ERR,ERR,ERR,ERR,ERR,ERR,ERR,ERR,ERR,ERR,ERR,ERR,ERR,ERR,ERR,ERR,ERR,ERR,ERR,ERR,ERR,ERR,ERR,ERR,ERR,ERR,ERR,ERR,ERR,34.0,80.0,35,0.0,0.0,0.0,0.0,0.0,0.0,0.0,0.0,0.0,0.0,0.0,0.0,0.0,0.0,0.0,0.0,66.4,0,120,58,53,65476,0,300,0,0,8,20529,65476,0,0,57672,80.0,0.0,0.0,0.0,0.0,0.0
2026-06-18T02:40:08,ERR,ERR,ERR,ERR,ERR,ERR,ERR,ERR,ERR,ERR,ERR,ERR,ERR,ERR,ERR,ERR,ERR,ERR,ERR,ERR,ERR,ERR,ERR,ERR,ERR,ERR,ERR,ERR,ERR,ERR,ERR,ERR,ERR,ERR,ERR,ERR,ERR,ERR,ERR,ERR,ERR,ERR,ERR,ERR,ERR,ERR,ERR,ERR,ERR,ERR,ERR,ERR,ERR,ERR,ERR,ERR,ERR,ERR,ERR,ERR,ERR,ERR,ERR,ERR,ERR,ERR,ERR,ERR,ERR,ERR,ERR,ERR,ERR,ERR,ERR,ERR,ERR,ERR,ERR,ERR,ERR,ERR,ERR,ERR,ERR,ERR,ERR,ERR,ERR,ERR,ERR,ERR,ERR,ERR,ERR,ERR,ERR,ERR,ERR,ERR,ERR,ERR,ERR,ERR,ERR,ERR,ERR,ERR,ERR,ERR,ERR,ERR,ERR,ERR,ERR,ERR,ERR,ERR,ERR,ERR,ERR,ERR,ERR,ERR,ERR,2.7184312818759872e+23,0.0,0.0,0.0,1.568,1.3936040501711995e+18,7.805,-3.952556628413998e+21,0,0,4,48954,6720,14723890282496.0,100,0.0,0.0,0.0,0.0,0.0,0,0,0,0,0.0,0,0,0,0,0,0,0,0,0,0,0,0,0,0,0,0,0,0,0,0,0,0,0,0,0,0,0,0,0,0,0,0,0,26,51,50,76,65476,0,300,0,0,8,21553,0.0,-107605600.0,0.0,0.0,0.0,0.0,0.0,0.0,0.0,0.0,0.0,0.0,0.0,0.0,0.0,0.0,0.0,0.0,0.0,0.0,0.0,0.0,-2.004,0.0,-2.004,-2.004,0.0,0.0,0.0,0.0,4804.0,0.0,7266.0,2.7184312818759872e+23,0.0,-0.0,-0.0,0.0,0.0,0.0,0.0,77,0.0,0.0,0.0,0.0,0.0,0.0,0.0,0.0,0.0,0,0,0,0.0,0.0,0.0,0.0,0.0,0.0,0.0,0.0,0.0,0.0,0.0,0.0,0.0,0.0,0.0,0.0,0,-107875648.0,77,0.0,154,0.0,0.0,ERR,ERR,ERR,ERR,ERR,ERR,ERR,ERR,ERR,ERR,ERR,ERR,ERR,ERR,ERR,ERR,ERR,ERR,ERR,ERR,ERR,ERR,ERR,ERR,ERR,ERR,ERR,ERR,ERR,ERR,ERR,ERR,ERR,ERR,ERR,ERR,ERR,ERR,ERR,ERR,ERR,ERR,ERR,ERR,ERR,ERR,ERR,ERR,ERR,ERR,ERR,ERR,ERR,ERR,ERR,ERR,ERR,ERR,ERR,ERR,ERR,ERR,ERR,ERR,ERR,ERR,ERR,34.0,80.0,35,0.0,0.0,0.0,0.0,0.0,0.0,0.0,0.0,0.0,0.0,0.0,0.0,0.0,0.0,0.0,0.0,66.0,0,120,58,53,65476,0,300,0,0,8,20529,65476,0,0,57672,80.0,0.0,0.0,0.0,0.0,0.0
2026-06-18T02:40:09,ERR,ERR,ERR,ERR,ERR,ERR,ERR,ERR,ERR,ERR,ERR,ERR,ERR,ERR,ERR,ERR,ERR,ERR,ERR,ERR,ERR,ERR,ERR,ERR,ERR,ERR,ERR,ERR,ERR,ERR,ERR,ERR,ERR,ERR,ERR,ERR,ERR,ERR,ERR,ERR,ERR,ERR,ERR,ERR,ERR,ERR,ERR,ERR,ERR,ERR,ERR,ERR,ERR,ERR,ERR,ERR,ERR,ERR,ERR,ERR,ERR,ERR,ERR,ERR,ERR,ERR,ERR,ERR,ERR,ERR,ERR,ERR,ERR,ERR,ERR,ERR,ERR,ERR,ERR,ERR,ERR,ERR,ERR,ERR,ERR,ERR,ERR,ERR,ERR,ERR,ERR,ERR,ERR,ERR,ERR,ERR,ERR,ERR,ERR,ERR,ERR,ERR,ERR,ERR,ERR,ERR,ERR,ERR,ERR,ERR,ERR,ERR,ERR,ERR,ERR,ERR,ERR,ERR,ERR,ERR,ERR,ERR,ERR,ERR,ERR,2.7184312818759872e+23,0.0,0.0,0.0,1.568,1.3936040501711995e+18,7.805,-3.952556628413998e+21,0,0,4,48954,6720,14723890282496.0,100,0.0,0.0,0.0,0.0,0.0,0,0,0,0,0.0,0,0,0,0,0,0,0,0,0,0,0,0,0,0,0,0,0,0,0,0,0,0,0,0,0,0,0,0,0,0,0,0,0,26,51,50,76,65476,0,300,0,0,8,21553,0.0,-107605600.0,0.0,0.0,0.0,0.0,0.0,0.0,0.0,0.0,0.0,0.0,0.0,0.0,0.0,0.0,0.0,0.0,0.0,0.0,0.0,0.0,-2.004,0.0,-2.004,-2.004,0.0,0.0,0.0,0.0,4804.0,0.0,7266.0,2.7184312818759872e+23,0.0,-0.0,-0.0,0.0,0.0,0.0,0.0,77,0.0,0.0,0.0,0.0,0.0,0.0,0.0,0.0,0.0,0,0,0,0.0,0.0,0.0,0.0,0.0,0.0,0.0,0.0,0.0,0.0,0.0,0.0,0.0,0.0,0.0,0.0,0,-107875648.0,77,0.0,154,0.0,0.0,ERR,ERR,ERR,ERR,ERR,ERR,ERR,ERR,ERR,ERR,ERR,ERR,ERR,ERR,ERR,ERR,ERR,ERR,ERR,ERR,ERR,ERR,ERR,ERR,ERR,ERR,ERR,ERR,ERR,ERR,ERR,ERR,ERR,ERR,ERR,ERR,ERR,ERR,ERR,ERR,ERR,ERR,ERR,ERR,ERR,ERR,ERR,ERR,ERR,ERR,ERR,ERR,ERR,ERR,ERR,ERR,ERR,ERR,ERR,ERR,ERR,ERR,ERR,ERR,ERR,ERR,ERR,34.0,80.0,35,0.0,0.0,0.0,0.0,0.0,0.0,0.0,0.0,0.0,0.0,0.0,0.0,0.0,0.0,0.0,0.0,66.0,0,120,58,53,65476,0,300,0,0,8,20529,65476,0,0,57672,80.0,0.0,0.0,0.0,0.0,0.0
2026-06-18T02:40:10,ERR,ERR,ERR,ERR,ERR,ERR,ERR,ERR,ERR,ERR,ERR,ERR,ERR,ERR,ERR,ERR,ERR,ERR,ERR,ERR,ERR,ERR,ERR,ERR,ERR,ERR,ERR,ERR,ERR,ERR,ERR,ERR,ERR,ERR,ERR,ERR,ERR,ERR,ERR,ERR,ERR,ERR,ERR,ERR,ERR,ERR,ERR,ERR,ERR,ERR,ERR,ERR,ERR,ERR,ERR,ERR,ERR,ERR,ERR,ERR,ERR,ERR,ERR,ERR,ERR,ERR,ERR,ERR,ERR,ERR,ERR,ERR,ERR,ERR,ERR,ERR,ERR,ERR,ERR,ERR,ERR,ERR,ERR,ERR,ERR,ERR,ERR,ERR,ERR,ERR,ERR,ERR,ERR,ERR,ERR,ERR,ERR,ERR,ERR,ERR,ERR,ERR,ERR,ERR,ERR,ERR,ERR,ERR,ERR,ERR,ERR,ERR,ERR,ERR,ERR,ERR,ERR,ERR,ERR,ERR,ERR,ERR,ERR,ERR,ERR,2.7184312818759872e+23,0.0,0.0,-0.0,-1.584,1.3936040501711995e+18,7.805,8.60689115769574e+30,0,0,4,48956,6720,14723890282496.0,100,0.0,0.0,0.0,0.0,0.0,0,0,0,0,0.0,0,0,0,0,0,0,0,0,0,0,0,0,0,0,0,0,0,0,0,0,0,0,0,0,0,0,0,0,0,0,0,0,0,26,51,50,76,65476,0,300,0,0,8,21553,0.0,-107605600.0,0.0,0.0,0.0,0.0,0.0,0.0,0.0,0.0,0.0,0.0,0.0,0.0,0.0,0.0,0.0,0.0,0.0,0.0,0.0,0.0,-2.004,0.0,-2.004,-2.004,0.0,0.0,0.0,0.0,4803.0,0.0,7264.0,2.7184312818759872e+23,0.0,-0.0,-0.0,0.0,0.0,0.0,0.0,77,0.0,0.0,0.0,0.0,0.0,0.0,0.0,0.0,0.0,0,0,0,0.0,0.0,0.0,0.0,0.0,0.0,0.0,0.0,0.0,0.0,0.0,0.0,0.0,0.0,0.0,0.0,0,-107875648.0,77,0.0,154,0.0,0.0,ERR,ERR,ERR,ERR,ERR,ERR,ERR,ERR,ERR,ERR,ERR,ERR,ERR,ERR,ERR,ERR,ERR,ERR,ERR,ERR,ERR,ERR,ERR,ERR,ERR,ERR,ERR,ERR,ERR,ERR,ERR,ERR,ERR,ERR,ERR,ERR,ERR,ERR,ERR,ERR,ERR,ERR,ERR,ERR,ERR,ERR,ERR,ERR,ERR,ERR,ERR,ERR,ERR,ERR,ERR,ERR,ERR,ERR,ERR,ERR,ERR,ERR,ERR,ERR,ERR,ERR,ERR,34.0,80.0,35,0.0,0.0,0.0,0.0,0.0,0.0,0.0,0.0,0.0,0.0,0.0,0.0,0.0,0.0,0.0,0.0,65.6,0,120,58,53,65476,0,300,0,0,8,20529,65476,0,0,57672,80.0,0.0,0.0,0.0,0.0,0.0
2026-06-18T02:40:11,ERR,ERR,ERR,ERR,ERR,ERR,ERR,ERR,ERR,ERR,ERR,ERR,ERR,ERR,ERR,ERR,ERR,ERR,ERR,ERR,ERR,ERR,ERR,ERR,ERR,ERR,ERR,ERR,ERR,ERR,ERR,ERR,ERR,ERR,ERR,ERR,ERR,ERR,ERR,ERR,ERR,ERR,ERR,ERR,ERR,ERR,ERR,ERR,ERR,ERR,ERR,ERR,ERR,ERR,ERR,ERR,ERR,ERR,ERR,ERR,ERR,ERR,ERR,ERR,ERR,ERR,ERR,ERR,ERR,ERR,ERR,ERR,ERR,ERR,ERR,ERR,ERR,ERR,ERR,ERR,ERR,ERR,ERR,ERR,ERR,ERR,ERR,ERR,ERR,ERR,ERR,ERR,ERR,ERR,ERR,ERR,ERR,ERR,ERR,ERR,ERR,ERR,ERR,ERR,ERR,ERR,ERR,ERR,ERR,ERR,ERR,ERR,ERR,ERR,ERR,ERR,ERR,ERR,ERR,ERR,ERR,ERR,ERR,ERR,ERR,2.7184312818759872e+23,0.0,0.0,-0.0,-1.584,1.3936040501711995e+18,7.805,8.60689115769574e+30,0,0,4,48956,6720,14723890282496.0,100,0.0,0.0,0.0,0.0,0.0,0,0,0,0,0.0,0,0,0,0,0,0,0,0,0,0,0,0,0,0,0,0,0,0,0,0,0,0,0,0,0,0,0,0,0,0,0,0,0,26,51,50,76,65476,0,300,0,0,8,21553,0.0,-107605600.0,0.0,0.0,0.0,0.0,0.0,0.0,0.0,0.0,0.0,0.0,0.0,0.0,0.0,0.0,0.0,0.0,0.0,0.0,0.0,0.0,-2.004,0.0,-2.004,-2.004,0.0,0.0,0.0,0.0,4803.0,0.0,7264.0,2.7184312818759872e+23,0.0,-0.0,-0.0,0.0,0.0,0.0,0.0,77,0.0,0.0,0.0,0.0,0.0,0.0,0.0,0.0,0.0,0,0,0,0.0,0.0,0.0,0.0,0.0,0.0,0.0,0.0,0.0,0.0,0.0,0.0,0.0,0.0,0.0,0.0,0,-107875648.0,77,0.0,154,0.0,0.0,ERR,ERR,ERR,ERR,ERR,ERR,ERR,ERR,ERR,ERR,ERR,ERR,ERR,ERR,ERR,ERR,ERR,ERR,ERR,ERR,ERR,ERR,ERR,ERR,ERR,ERR,ERR,ERR,ERR,ERR,ERR,ERR,ERR,ERR,ERR,ERR,ERR,ERR,ERR,ERR,ERR,ERR,ERR,ERR,ERR,ERR,ERR,ERR,ERR,ERR,ERR,ERR,ERR,ERR,ERR,ERR,ERR,ERR,ERR,ERR,ERR,ERR,ERR,ERR,ERR,ERR,ERR,34.0,80.0,35,0.0,0.0,0.0,0.0,0.0,0.0,0.0,0.0,0.0,0.0,0.0,0.0,0.0,0.0,0.0,0.0,65.6,0,120,58,53,65476,0,300,0,0,8,20529,65476,0,0,57672,80.0,0.0,0.0,0.0,0.0,0.0
2026-06-18T02:40:12,ERR,ERR,ERR,ERR,ERR,ERR,ERR,ERR,ERR,ERR,ERR,ERR,ERR,ERR,ERR,ERR,ERR,ERR,ERR,ERR,ERR,ERR,ERR,ERR,ERR,ERR,ERR,ERR,ERR,ERR,ERR,ERR,ERR,ERR,ERR,ERR,ERR,ERR,ERR,ERR,ERR,ERR,ERR,ERR,ERR,ERR,ERR,ERR,ERR,ERR,ERR,ERR,ERR,ERR,ERR,ERR,ERR,ERR,ERR,ERR,ERR,ERR,ERR,ERR,ERR,ERR,ERR,ERR,ERR,ERR,ERR,ERR,ERR,ERR,ERR,ERR,ERR,ERR,ERR,ERR,ERR,ERR,ERR,ERR,ERR,ERR,ERR,ERR,ERR,ERR,ERR,ERR,ERR,ERR,ERR,ERR,ERR,ERR,ERR,ERR,ERR,ERR,ERR,ERR,ERR,ERR,ERR,ERR,ERR,ERR,ERR,ERR,ERR,ERR,ERR,ERR,ERR,ERR,ERR,ERR,ERR,ERR,ERR,ERR,ERR,2.7184312818759872e+23,0.0,0.0,-0.0,-1.584,1.3936040501711995e+18,7.805,8.60689115769574e+30,0,0,4,48956,6720,14723890282496.0,100,0.0,0.0,0.0,0.0,0.0,0,0,0,0,0.0,0,0,0,0,0,0,0,0,0,0,0,0,0,0,0,0,0,0,0,0,0,0,0,0,0,0,0,0,0,0,0,0,0,26,51,50,76,65476,0,300,0,0,8,21553,0.0,-107605600.0,0.0,0.0,0.0,0.0,0.0,0.0,0.0,0.0,0.0,0.0,0.0,0.0,0.0,0.0,0.0,0.0,0.0,0.0,0.0,0.0,-2.004,0.0,-2.004,-2.004,0.0,0.0,0.0,0.0,4803.0,0.0,7264.0,2.7184312818759872e+23,0.0,-0.0,-0.0,0.0,0.0,0.0,0.0,77,0.0,0.0,0.0,0.0,0.0,0.0,0.0,0.0,0.0,0,0,0,0.0,0.0,0.0,0.0,0.0,0.0,0.0,0.0,0.0,0.0,0.0,0.0,0.0,0.0,0.0,0.0,0,-107875648.0,77,0.0,154,0.0,0.0,ERR,ERR,ERR,ERR,ERR,ERR,ERR,ERR,ERR,ERR,ERR,ERR,ERR,ERR,ERR,ERR,ERR,ERR,ERR,ERR,ERR,ERR,ERR,ERR,ERR,ERR,ERR,ERR,ERR,ERR,ERR,ERR,ERR,ERR,ERR,ERR,ERR,ERR,ERR,ERR,ERR,ERR,ERR,ERR,ERR,ERR,ERR,ERR,ERR,ERR,ERR,ERR,ERR,ERR,ERR,ERR,ERR,ERR,ERR,ERR,ERR,ERR,ERR,ERR,ERR,ERR,ERR,34.0,80.0,35,0.0,0.0,0.0,0.0,0.0,0.0,0.0,0.0,0.0,0.0,0.0,0.0,0.0,0.0,0.0,0.0,66.4,0,120,58,53,65476,0,300,0,0,8,20529,65476,0,0,57672,80.0,0.0,0.0,0.0,0.0,0.0
2026-06-18T02:40:13,ERR,ERR,ERR,ERR,ERR,ERR,ERR,ERR,ERR,ERR,ERR,ERR,ERR,ERR,ERR,ERR,ERR,ERR,ERR,ERR,ERR,ERR,ERR,ERR,ERR,ERR,ERR,ERR,ERR,ERR,ERR,ERR,ERR,ERR,ERR,ERR,ERR,ERR,ERR,ERR,ERR,ERR,ERR,ERR,ERR,ERR,ERR,ERR,ERR,ERR,ERR,ERR,ERR,ERR,ERR,ERR,ERR,ERR,ERR,ERR,ERR,ERR,ERR,ERR,ERR,ERR,ERR,ERR,ERR,ERR,ERR,ERR,ERR,ERR,ERR,ERR,ERR,ERR,ERR,ERR,ERR,ERR,ERR,ERR,ERR,ERR,ERR,ERR,ERR,ERR,ERR,ERR,ERR,ERR,ERR,ERR,ERR,ERR,ERR,ERR,ERR,ERR,ERR,ERR,ERR,ERR,ERR,ERR,ERR,ERR,ERR,ERR,ERR,ERR,ERR,ERR,ERR,ERR,ERR,ERR,ERR,ERR,ERR,ERR,ERR,2.7184312818759872e+23,0.0,0.0,-0.0,-1.584,1.3936040501711995e+18,7.805,8.60689115769574e+30,0,0,4,48956,6720,14723890282496.0,100,0.0,0.0,0.0,0.0,0.0,0,0,0,0,0.0,0,0,0,0,0,0,0,0,0,0,0,0,0,0,0,0,0,0,0,0,0,0,0,0,0,0,0,0,0,0,0,0,0,26,51,50,76,65476,0,300,0,0,8,21553,0.0,-107605600.0,0.0,0.0,0.0,0.0,0.0,0.0,0.0,0.0,0.0,0.0,0.0,0.0,0.0,0.0,0.0,0.0,0.0,0.0,0.0,0.0,-2.004,0.0,-2.004,-2.004,0.0,0.0,0.0,0.0,4803.0,0.0,7264.0,2.7184312818759872e+23,0.0,-0.0,-0.0,0.0,0.0,0.0,0.0,77,0.0,0.0,0.0,0.0,0.0,0.0,0.0,0.0,0.0,0,0,0,0.0,0.0,0.0,0.0,0.0,0.0,0.0,0.0,0.0,0.0,0.0,0.0,0.0,0.0,0.0,0.0,0,-107875648.0,77,0.0,154,0.0,0.0,ERR,ERR,ERR,ERR,ERR,ERR,ERR,ERR,ERR,ERR,ERR,ERR,ERR,ERR,ERR,ERR,ERR,ERR,ERR,ERR,ERR,ERR,ERR,ERR,ERR,ERR,ERR,ERR,ERR,ERR,ERR,ERR,ERR,ERR,ERR,ERR,ERR,ERR,ERR,ERR,ERR,ERR,ERR,ERR,ERR,ERR,ERR,ERR,ERR,ERR,ERR,ERR,ERR,ERR,ERR,ERR,ERR,ERR,ERR,ERR,ERR,ERR,ERR,ERR,ERR,ERR,ERR,34.0,80.0,35,0.0,0.0,0.0,0.0,0.0,0.0,0.0,0.0,0.0,0.0,0.0,0.0,0.0,0.0,0.0,0.0,66.4,0,120,58,53,65476,0,300,0,0,8,20529,65476,0,0,57672,80.0,0.0,0.0,0.0,0.0,0.0
2026-06-18T02:40:14,ERR,ERR,ERR,ERR,ERR,ERR,ERR,ERR,ERR,ERR,ERR,ERR,ERR,ERR,ERR,ERR,ERR,ERR,ERR,ERR,ERR,ERR,ERR,ERR,ERR,ERR,ERR,ERR,ERR,ERR,ERR,ERR,ERR,ERR,ERR,ERR,ERR,ERR,ERR,ERR,ERR,ERR,ERR,ERR,ERR,ERR,ERR,ERR,ERR,ERR,ERR,ERR,ERR,ERR,ERR,ERR,ERR,ERR,ERR,ERR,ERR,ERR,ERR,ERR,ERR,ERR,ERR,ERR,ERR,ERR,ERR,ERR,ERR,ERR,ERR,ERR,ERR,ERR,ERR,ERR,ERR,ERR,ERR,ERR,ERR,ERR,ERR,ERR,ERR,ERR,ERR,ERR,ERR,ERR,ERR,ERR,ERR,ERR,ERR,ERR,ERR,ERR,ERR,ERR,ERR,ERR,ERR,ERR,ERR,ERR,ERR,ERR,ERR,ERR,ERR,ERR,ERR,ERR,ERR,ERR,ERR,ERR,ERR,ERR,ERR,2.7184312818759872e+23,0.0,0.0,-0.0,-1.584,1.3936040501711995e+18,7.805,8.60689115769574e+30,0,0,4,48956,6720,14723890282496.0,100,0.0,0.0,0.0,0.0,0.0,0,0,0,0,0.0,0,0,0,0,0,0,0,0,0,0,0,0,0,0,0,0,0,0,0,0,0,0,0,0,0,0,0,0,0,0,0,0,0,26,51,50,76,65476,0,300,0,0,8,21553,0.0,-107605600.0,0.0,0.0,0.0,0.0,0.0,0.0,0.0,0.0,0.0,0.0,0.0,0.0,0.0,0.0,0.0,0.0,0.0,0.0,0.0,0.0,-2.004,0.0,-2.004,-2.004,0.0,0.0,0.0,0.0,4803.0,0.0,7264.0,2.7184312818759872e+23,0.0,-0.0,-0.0,0.0,0.0,0.0,0.0,77,0.0,0.0,0.0,0.0,0.0,0.0,0.0,0.0,0.0,0,0,0,0.0,0.0,0.0,0.0,0.0,0.0,0.0,0.0,0.0,0.0,0.0,0.0,0.0,0.0,0.0,0.0,0,-107875648.0,77,0.0,154,0.0,0.0,ERR,ERR,ERR,ERR,ERR,ERR,ERR,ERR,ERR,ERR,ERR,ERR,ERR,ERR,ERR,ERR,ERR,ERR,ERR,ERR,ERR,ERR,ERR,ERR,ERR,ERR,ERR,ERR,ERR,ERR,ERR,ERR,ERR,ERR,ERR,ERR,ERR,ERR,ERR,ERR,ERR,ERR,ERR,ERR,ERR,ERR,ERR,ERR,ERR,ERR,ERR,ERR,ERR,ERR,ERR,ERR,ERR,ERR,ERR,ERR,ERR,ERR,ERR,ERR,ERR,ERR,ERR,34.0,80.0,35,0.0,0.0,0.0,0.0,0.0,0.0,0.0,0.0,0.0,0.0,0.0,0.0,0.0,0.0,0.0,0.0,66.0,0,120,58,53,65476,0,300,0,0,8,20529,65476,0,0,57672,80.0,0.0,0.0,0.0,0.0,0.0
2026-06-18T02:40:15,ERR,ERR,ERR,ERR,ERR,ERR,ERR,ERR,ERR,ERR,ERR,ERR,ERR,ERR,ERR,ERR,ERR,ERR,ERR,ERR,ERR,ERR,ERR,ERR,ERR,ERR,ERR,ERR,ERR,ERR,ERR,ERR,ERR,ERR,ERR,ERR,ERR,ERR,ERR,ERR,ERR,ERR,ERR,ERR,ERR,ERR,ERR,ERR,ERR,ERR,ERR,ERR,ERR,ERR,ERR,ERR,ERR,ERR,ERR,ERR,ERR,ERR,ERR,ERR,ERR,ERR,ERR,ERR,ERR,ERR,ERR,ERR,ERR,ERR,ERR,ERR,ERR,ERR,ERR,ERR,ERR,ERR,ERR,ERR,ERR,ERR,ERR,ERR,ERR,ERR,ERR,ERR,ERR,ERR,ERR,ERR,ERR,ERR,ERR,ERR,ERR,ERR,ERR,ERR,ERR,ERR,ERR,ERR,ERR,ERR,ERR,ERR,ERR,ERR,ERR,ERR,ERR,ERR,ERR,ERR,ERR,ERR,ERR,ERR,ERR,2.7184312818759872e+23,0.0,0.0,2.718290229135658e+23,-1.592,1.3936040501711995e+18,7.805,-0.0,0,0,4,48956,6720,14723890282496.0,100,0.0,0.0,0.0,2.718290229135658e+23,0.0,0,0,0,0,0.0,0,0,0,0,0,0,0,0,0,0,0,0,0,0,0,0,0,0,0,0,0,0,0,0,0,0,0,0,0,0,0,0,0,26,51,50,76,65476,0,300,0,0,8,21553,0.0,-107605600.0,0.0,0.0,0.0,0.0,0.0,0.0,0.0,0.0,0.0,0.0,0.0,0.0,0.0,0.0,0.0,0.0,0.0,0.0,0.0,0.0,-2.004,0.0,-2.004,-2.004,0.0,0.0,0.0,0.0,4771.0,-8608175104.0,7290.0,2.7184312818759872e+23,0.0,-0.0,-0.0,0.0,0.0,0.0,0.0,77,0.0,-71.629,0.0,0.0,0.0,0.0,0.0,0.0,0.0,0,0,0,0.0,0.0,0.0,0.0,0.0,0.0,0.0,0.0,0.0,0.0,0.0,0.0,0.0,0.0,0.0,0.0,0,-107875648.0,77,0.0,154,0.0,0.0,ERR,ERR,ERR,ERR,ERR,ERR,ERR,ERR,ERR,ERR,ERR,ERR,ERR,ERR,ERR,ERR,ERR,ERR,ERR,ERR,ERR,ERR,ERR,ERR,ERR,ERR,ERR,ERR,ERR,ERR,ERR,ERR,ERR,ERR,ERR,ERR,ERR,ERR,ERR,ERR,ERR,ERR,ERR,ERR,ERR,ERR,ERR,ERR,ERR,ERR,ERR,ERR,ERR,ERR,ERR,ERR,ERR,ERR,ERR,ERR,ERR,ERR,ERR,ERR,ERR,ERR,ERR,34.0,80.0,35,0.0,0.0,0.0,0.0,0.0,0.0,0.0,0.0,0.0,0.0,0.0,0.0,0.0,0.0,0.0,0.0,65.6,0,120,58,53,65476,0,300,0,0,8,20529,65476,0,0,57672,80.0,0.0,0.0,0.0,0.0,0.0
2026-06-18T02:40:16,ERR,ERR,ERR,ERR,ERR,ERR,ERR,ERR,ERR,ERR,ERR,ERR,ERR,ERR,ERR,ERR,ERR,ERR,ERR,ERR,ERR,ERR,ERR,ERR,ERR,ERR,ERR,ERR,ERR,ERR,ERR,ERR,ERR,ERR,ERR,ERR,ERR,ERR,ERR,ERR,ERR,ERR,ERR,ERR,ERR,ERR,ERR,ERR,ERR,ERR,ERR,ERR,ERR,ERR,ERR,ERR,ERR,ERR,ERR,ERR,ERR,ERR,ERR,ERR,ERR,ERR,ERR,ERR,ERR,ERR,ERR,ERR,ERR,ERR,ERR,ERR,ERR,ERR,ERR,ERR,ERR,ERR,ERR,ERR,ERR,ERR,ERR,ERR,ERR,ERR,ERR,ERR,ERR,ERR,ERR,ERR,ERR,ERR,ERR,ERR,ERR,ERR,ERR,ERR,ERR,ERR,ERR,ERR,ERR,ERR,ERR,ERR,ERR,ERR,ERR,ERR,ERR,ERR,ERR,ERR,ERR,ERR,ERR,ERR,ERR,2.7184312818759872e+23,0.0,0.0,2.718290229135658e+23,-1.592,1.3936040501711995e+18,7.805,-0.0,0,0,4,48956,6720,14723890282496.0,100,0.0,0.0,0.0,2.718290229135658e+23,0.0,0,0,0,0,0.0,0,0,0,0,0,0,0,0,0,0,0,0,0,0,0,0,0,0,0,0,0,0,0,0,0,0,0,0,0,0,0,0,0,26,51,50,76,65476,0,300,0,0,8,21553,0.0,-107605600.0,0.0,0.0,0.0,0.0,0.0,0.0,0.0,0.0,0.0,0.0,0.0,0.0,0.0,0.0,0.0,0.0,0.0,0.0,0.0,0.0,-2.004,0.0,-2.004,-2.004,0.0,0.0,0.0,0.0,4771.0,-8608175104.0,7290.0,2.7184312818759872e+23,0.0,-0.0,-0.0,0.0,0.0,0.0,0.0,77,0.0,-71.629,0.0,0.0,0.0,0.0,0.0,0.0,0.0,0,0,0,0.0,0.0,0.0,0.0,0.0,0.0,0.0,0.0,0.0,0.0,0.0,0.0,0.0,0.0,0.0,0.0,0,-107875648.0,77,0.0,154,0.0,0.0,ERR,ERR,ERR,ERR,ERR,ERR,ERR,ERR,ERR,ERR,ERR,ERR,ERR,ERR,ERR,ERR,ERR,ERR,ERR,ERR,ERR,ERR,ERR,ERR,ERR,ERR,ERR,ERR,ERR,ERR,ERR,ERR,ERR,ERR,ERR,ERR,ERR,ERR,ERR,ERR,ERR,ERR,ERR,ERR,ERR,ERR,ERR,ERR,ERR,ERR,ERR,ERR,ERR,ERR,ERR,ERR,ERR,ERR,ERR,ERR,ERR,ERR,ERR,ERR,ERR,ERR,ERR,34.0,80.0,35,0.0,0.0,0.0,0.0,0.0,0.0,0.0,0.0,0.0,0.0,0.0,0.0,0.0,0.0,0.0,0.0,65.6,0,120,58,53,65476,0,300,0,0,8,20529,65476,0,0,57672,80.0,0.0,0.0,0.0,0.0,0.0
2026-06-18T02:40:17,ERR,ERR,ERR,ERR,ERR,ERR,ERR,ERR,ERR,ERR,ERR,ERR,ERR,ERR,ERR,ERR,ERR,ERR,ERR,ERR,ERR,ERR,ERR,ERR,ERR,ERR,ERR,ERR,ERR,ERR,ERR,ERR,ERR,ERR,ERR,ERR,ERR,ERR,ERR,ERR,ERR,ERR,ERR,ERR,ERR,ERR,ERR,ERR,ERR,ERR,ERR,ERR,ERR,ERR,ERR,ERR,ERR,ERR,ERR,ERR,ERR,ERR,ERR,ERR,ERR,ERR,ERR,ERR,ERR,ERR,ERR,ERR,ERR,ERR,ERR,ERR,ERR,ERR,ERR,ERR,ERR,ERR,ERR,ERR,ERR,ERR,ERR,ERR,ERR,ERR,ERR,ERR,ERR,ERR,ERR,ERR,ERR,ERR,ERR,ERR,ERR,ERR,ERR,ERR,ERR,ERR,ERR,ERR,ERR,ERR,ERR,ERR,ERR,ERR,ERR,ERR,ERR,ERR,ERR,ERR,ERR,ERR,ERR,ERR,ERR,2.7184312818759872e+23,0.0,0.0,2.718290229135658e+23,-1.592,1.3936040501711995e+18,7.805,-0.0,0,0,4,48956,6720,14723890282496.0,100,0.0,0.0,0.0,2.718290229135658e+23,0.0,0,0,0,0,0.0,0,0,0,0,0,0,0,0,0,0,0,0,0,0,0,0,0,0,0,0,0,0,0,0,0,0,0,0,0,0,0,0,0,26,51,50,76,65476,0,300,0,0,8,21553,0.0,-107605600.0,0.0,0.0,0.0,0.0,0.0,0.0,0.0,0.0,0.0,0.0,0.0,0.0,0.0,0.0,0.0,0.0,0.0,0.0,0.0,0.0,-2.004,0.0,-2.004,-2.004,0.0,0.0,0.0,0.0,4771.0,-8608175104.0,7290.0,2.7184312818759872e+23,0.0,-0.0,-0.0,0.0,0.0,0.0,0.0,77,0.0,-71.629,0.0,0.0,0.0,0.0,0.0,0.0,0.0,0,0,0,0.0,0.0,0.0,0.0,0.0,0.0,0.0,0.0,0.0,0.0,0.0,0.0,0.0,0.0,0.0,0.0,0,-107875648.0,77,0.0,154,0.0,0.0,ERR,ERR,ERR,ERR,ERR,ERR,ERR,ERR,ERR,ERR,ERR,ERR,ERR,ERR,ERR,ERR,ERR,ERR,ERR,ERR,ERR,ERR,ERR,ERR,ERR,ERR,ERR,ERR,ERR,ERR,ERR,ERR,ERR,ERR,ERR,ERR,ERR,ERR,ERR,ERR,ERR,ERR,ERR,ERR,ERR,ERR,ERR,ERR,ERR,ERR,ERR,ERR,ERR,ERR,ERR,ERR,ERR,ERR,ERR,ERR,ERR,ERR,ERR,ERR,ERR,ERR,ERR,34.0,80.0,35,0.0,0.0,0.0,0.0,0.0,0.0,0.0,0.0,0.0,0.0,0.0,0.0,0.0,0.0,0.0,0.0,65.6,0,120,58,53,65476,0,300,0,0,8,20529,65476,0,0,57672,80.0,0.0,0.0,0.0,0.0,0.0
2026-06-18T02:40:18,ERR,ERR,ERR,ERR,ERR,ERR,ERR,ERR,ERR,ERR,ERR,ERR,ERR,ERR,ERR,ERR,ERR,ERR,ERR,ERR,ERR,ERR,ERR,ERR,ERR,ERR,ERR,ERR,ERR,ERR,ERR,ERR,ERR,ERR,ERR,ERR,ERR,ERR,ERR,ERR,ERR,ERR,ERR,ERR,ERR,ERR,ERR,ERR,ERR,ERR,ERR,ERR,ERR,ERR,ERR,ERR,ERR,ERR,ERR,ERR,ERR,ERR,ERR,ERR,ERR,ERR,ERR,ERR,ERR,ERR,ERR,ERR,ERR,ERR,ERR,ERR,ERR,ERR,ERR,ERR,ERR,ERR,ERR,ERR,ERR,ERR,ERR,ERR,ERR,ERR,ERR,ERR,ERR,ERR,ERR,ERR,ERR,ERR,ERR,ERR,ERR,ERR,ERR,ERR,ERR,ERR,ERR,ERR,ERR,ERR,ERR,ERR,ERR,ERR,ERR,ERR,ERR,ERR,ERR,ERR,ERR,ERR,ERR,ERR,ERR,2.7184312818759872e+23,0.0,0.0,2.718290229135658e+23,-1.592,1.3936040501711995e+18,7.805,-0.0,0,0,4,48956,6720,14723890282496.0,100,0.0,0.0,0.0,2.718290229135658e+23,0.0,0,0,0,0,0.0,0,0,0,0,0,0,0,0,0,0,0,0,0,0,0,0,0,0,0,0,0,0,0,0,0,0,0,0,0,0,0,0,0,26,51,50,76,65476,0,300,0,0,8,21553,0.0,-107605600.0,0.0,0.0,0.0,0.0,0.0,0.0,0.0,0.0,0.0,0.0,0.0,0.0,0.0,0.0,0.0,0.0,0.0,0.0,0.0,0.0,-2.004,0.0,-2.004,-2.004,0.0,0.0,0.0,0.0,4771.0,-8608175104.0,7290.0,2.7184312818759872e+23,0.0,-0.0,-0.0,0.0,0.0,0.0,0.0,77,0.0,-71.629,0.0,0.0,0.0,0.0,0.0,0.0,0.0,0,0,0,0.0,0.0,0.0,0.0,0.0,0.0,0.0,0.0,0.0,0.0,0.0,0.0,0.0,0.0,0.0,0.0,0,-107875648.0,77,0.0,154,0.0,0.0,ERR,ERR,ERR,ERR,ERR,ERR,ERR,ERR,ERR,ERR,ERR,ERR,ERR,ERR,ERR,ERR,ERR,ERR,ERR,ERR,ERR,ERR,ERR,ERR,ERR,ERR,ERR,ERR,ERR,ERR,ERR,ERR,ERR,ERR,ERR,ERR,ERR,ERR,ERR,ERR,ERR,ERR,ERR,ERR,ERR,ERR,ERR,ERR,ERR,ERR,ERR,ERR,ERR,ERR,ERR,ERR,ERR,ERR,ERR,ERR,ERR,ERR,ERR,ERR,ERR,ERR,ERR,34.0,80.0,35,0.0,0.0,0.0,0.0,0.0,0.0,0.0,0.0,0.0,0.0,0.0,0.0,0.0,0.0,0.0,0.0,65.6,0,120,58,53,65476,0,300,0,0,8,20529,65476,0,0,57672,80.0,0.0,0.0,0.0,0.0,0.0
2026-06-18T02:40:19,ERR,ERR,ERR,ERR,ERR,ERR,ERR,ERR,ERR,ERR,ERR,ERR,ERR,ERR,ERR,ERR,ERR,ERR,ERR,ERR,ERR,ERR,ERR,ERR,ERR,ERR,ERR,ERR,ERR,ERR,ERR,ERR,ERR,ERR,ERR,ERR,ERR,ERR,ERR,ERR,ERR,ERR,ERR,ERR,ERR,ERR,ERR,ERR,ERR,ERR,ERR,ERR,ERR,ERR,ERR,ERR,ERR,ERR,ERR,ERR,ERR,ERR,ERR,ERR,ERR,ERR,ERR,ERR,ERR,ERR,ERR,ERR,ERR,ERR,ERR,ERR,ERR,ERR,ERR,ERR,ERR,ERR,ERR,ERR,ERR,ERR,ERR,ERR,ERR,ERR,ERR,ERR,ERR,ERR,ERR,ERR,ERR,ERR,ERR,ERR,ERR,ERR,ERR,ERR,ERR,ERR,ERR,ERR,ERR,ERR,ERR,ERR,ERR,ERR,ERR,ERR,ERR,ERR,ERR,ERR,ERR,ERR,ERR,ERR,ERR,2.7184312818759872e+23,0.0,0.0,2.718290229135658e+23,-1.592,1.3936040501711995e+18,7.805,-0.0,0,0,4,48956,6720,14723890282496.0,100,0.0,0.0,0.0,2.718290229135658e+23,0.0,0,0,0,0,0.0,0,0,0,0,0,0,0,0,0,0,0,0,0,0,0,0,0,0,0,0,0,0,0,0,0,0,0,0,0,0,0,0,0,26,51,50,76,65476,0,300,0,0,8,21553,0.0,-107605600.0,0.0,0.0,0.0,0.0,0.0,0.0,0.0,0.0,0.0,0.0,0.0,0.0,0.0,0.0,0.0,0.0,0.0,0.0,0.0,0.0,-2.004,0.0,-2.004,-2.004,0.0,0.0,0.0,0.0,4771.0,-8608175104.0,7290.0,2.7184312818759872e+23,0.0,-0.0,-0.0,0.0,0.0,0.0,0.0,77,0.0,-71.629,0.0,0.0,0.0,0.0,0.0,0.0,0.0,0,0,0,0.0,0.0,0.0,0.0,0.0,0.0,0.0,0.0,0.0,0.0,0.0,0.0,0.0,0.0,0.0,0.0,0,-107875648.0,77,0.0,154,0.0,0.0,ERR,ERR,ERR,ERR,ERR,ERR,ERR,ERR,ERR,ERR,ERR,ERR,ERR,ERR,ERR,ERR,ERR,ERR,ERR,ERR,ERR,ERR,ERR,ERR,ERR,ERR,ERR,ERR,ERR,ERR,ERR,ERR,ERR,ERR,ERR,ERR,ERR,ERR,ERR,ERR,ERR,ERR,ERR,ERR,ERR,ERR,ERR,ERR,ERR,ERR,ERR,ERR,ERR,ERR,ERR,ERR,ERR,ERR,ERR,ERR,ERR,ERR,ERR,ERR,ERR,ERR,ERR,34.0,80.0,35,0.0,0.0,0.0,0.0,0.0,0.0,0.0,0.0,0.0,0.0,0.0,0.0,0.0,0.0,0.0,0.0,65.6,0,120,58,53,65476,0,300,0,0,8,20529,65476,0,0,57672,80.0,0.0,0.0,0.0,0.0,0.0
2026-06-18T02:40:20,ERR,ERR,ERR,ERR,ERR,ERR,ERR,ERR,ERR,ERR,ERR,ERR,ERR,ERR,ERR,ERR,ERR,ERR,ERR,ERR,ERR,ERR,ERR,ERR,ERR,ERR,ERR,ERR,ERR,ERR,ERR,ERR,ERR,ERR,ERR,ERR,ERR,ERR,ERR,ERR,ERR,ERR,ERR,ERR,ERR,ERR,ERR,ERR,ERR,ERR,ERR,ERR,ERR,ERR,ERR,ERR,ERR,ERR,ERR,ERR,ERR,ERR,ERR,ERR,ERR,ERR,ERR,ERR,ERR,ERR,ERR,ERR,ERR,ERR,ERR,ERR,ERR,ERR,ERR,ERR,ERR,ERR,ERR,ERR,ERR,ERR,ERR,ERR,ERR,ERR,ERR,ERR,ERR,ERR,ERR,ERR,ERR,ERR,ERR,ERR,ERR,ERR,ERR,ERR,ERR,ERR,ERR,ERR,ERR,ERR,ERR,ERR,ERR,ERR,ERR,ERR,ERR,ERR,ERR,ERR,ERR,ERR,ERR,ERR,ERR,2.7184312818759872e+23,0.0,0.0,2.718290229135658e+23,-1.592,1.3936040501711995e+18,7.805,-0.0,0,0,4,48952,6720,14723890282496.0,100,0.0,0.0,0.0,-107609184.0,0.0,0,0,0,0,0.0,0,0,0,0,0,0,0,0,0,0,0,0,0,0,0,0,0,0,0,0,0,0,0,0,0,0,0,0,0,0,0,0,0,26,51,50,76,65476,0,300,0,0,8,21553,0.0,-107605600.0,0.0,0.0,0.0,0.0,0.0,0.0,0.0,0.0,0.0,0.0,0.0,0.0,0.0,0.0,0.0,0.0,0.0,0.0,0.0,0.0,-2.004,0.0,-2.004,-2.004,0.0,0.0,0.0,0.0,4771.0,-3.69718305499214e+19,7292.0,2.7184312818759872e+23,0.0,-0.0,-0.0,0.0,0.0,0.0,0.0,77,0.0,-152017129439232.0,0.0,0.0,0.0,0.0,0.0,0.0,0.0,0,0,0,0.0,0.0,0.0,0.0,0.0,0.0,0.0,0.0,0.0,0.0,0.0,0.0,0.0,0.0,0.0,0.0,0,-107875648.0,77,0.0,154,0.0,0.0,ERR,ERR,ERR,ERR,ERR,ERR,ERR,ERR,ERR,ERR,ERR,ERR,ERR,ERR,ERR,ERR,ERR,ERR,ERR,ERR,ERR,ERR,ERR,ERR,ERR,ERR,ERR,ERR,ERR,ERR,ERR,ERR,ERR,ERR,ERR,ERR,ERR,ERR,ERR,ERR,ERR,ERR,ERR,ERR,ERR,ERR,ERR,ERR,ERR,ERR,ERR,ERR,ERR,ERR,ERR,ERR,ERR,ERR,ERR,ERR,ERR,ERR,ERR,ERR,ERR,ERR,ERR,34.0,80.0,35,0.0,0.0,0.0,0.0,0.0,0.0,0.0,0.0,0.0,0.0,0.0,0.0,0.0,0.0,0.0,0.0,65.6,0,120,58,53,65476,0,300,0,0,8,20529,65476,0,0,57672,80.0,0.0,0.0,0.0,0.0,0.0
2026-06-18T02:40:21,ERR,ERR,ERR,ERR,ERR,ERR,ERR,ERR,ERR,ERR,ERR,ERR,ERR,ERR,ERR,ERR,ERR,ERR,ERR,ERR,ERR,ERR,ERR,ERR,ERR,ERR,ERR,ERR,ERR,ERR,ERR,ERR,ERR,ERR,ERR,ERR,ERR,ERR,ERR,ERR,ERR,ERR,ERR,ERR,ERR,ERR,ERR,ERR,ERR,ERR,ERR,ERR,ERR,ERR,ERR,ERR,ERR,ERR,ERR,ERR,ERR,ERR,ERR,ERR,ERR,ERR,ERR,ERR,ERR,ERR,ERR,ERR,ERR,ERR,ERR,ERR,ERR,ERR,ERR,ERR,ERR,ERR,ERR,ERR,ERR,ERR,ERR,ERR,ERR,ERR,ERR,ERR,ERR,ERR,ERR,ERR,ERR,ERR,ERR,ERR,ERR,ERR,ERR,ERR,ERR,ERR,ERR,ERR,ERR,ERR,ERR,ERR,ERR,ERR,ERR,ERR,ERR,ERR,ERR,ERR,ERR,ERR,ERR,ERR,ERR,2.7184312818759872e+23,0.0,0.0,2.718290229135658e+23,-1.592,1.3936040501711995e+18,7.805,-0.0,0,0,4,48952,6720,14723890282496.0,100,0.0,0.0,0.0,-107609184.0,0.0,0,0,0,0,0.0,0,0,0,0,0,0,0,0,0,0,0,0,0,0,0,0,0,0,0,0,0,0,0,0,0,0,0,0,0,0,0,0,0,26,51,50,76,65476,0,300,0,0,8,21553,0.0,-107605600.0,0.0,0.0,0.0,0.0,0.0,0.0,0.0,0.0,0.0,0.0,0.0,0.0,0.0,0.0,0.0,0.0,0.0,0.0,0.0,0.0,-2.004,0.0,-2.004,-2.004,0.0,0.0,0.0,0.0,4771.0,-3.69718305499214e+19,7292.0,2.7184312818759872e+23,0.0,-0.0,-0.0,0.0,0.0,0.0,0.0,77,0.0,-152017129439232.0,0.0,0.0,0.0,0.0,0.0,0.0,0.0,0,0,0,0.0,0.0,0.0,0.0,0.0,0.0,0.0,0.0,0.0,0.0,0.0,0.0,0.0,0.0,0.0,0.0,0,-107875648.0,77,0.0,154,0.0,0.0,ERR,ERR,ERR,ERR,ERR,ERR,ERR,ERR,ERR,ERR,ERR,ERR,ERR,ERR,ERR,ERR,ERR,ERR,ERR,ERR,ERR,ERR,ERR,ERR,ERR,ERR,ERR,ERR,ERR,ERR,ERR,ERR,ERR,ERR,ERR,ERR,ERR,ERR,ERR,ERR,ERR,ERR,ERR,ERR,ERR,ERR,ERR,ERR,ERR,ERR,ERR,ERR,ERR,ERR,ERR,ERR,ERR,ERR,ERR,ERR,ERR,ERR,ERR,ERR,ERR,ERR,ERR,34.0,80.0,35,0.0,0.0,0.0,0.0,0.0,0.0,0.0,0.0,0.0,0.0,0.0,0.0,0.0,0.0,0.0,0.0,66.0,0,120,58,53,65476,0,300,0,0,8,20529,65476,0,0,57672,80.0,0.0,0.0,0.0,0.0,0.0
2026-06-18T02:40:22,ERR,ERR,ERR,ERR,ERR,ERR,ERR,ERR,ERR,ERR,ERR,ERR,ERR,ERR,ERR,ERR,ERR,ERR,ERR,ERR,ERR,ERR,ERR,ERR,ERR,ERR,ERR,ERR,ERR,ERR,ERR,ERR,ERR,ERR,ERR,ERR,ERR,ERR,ERR,ERR,ERR,ERR,ERR,ERR,ERR,ERR,ERR,ERR,ERR,ERR,ERR,ERR,ERR,ERR,ERR,ERR,ERR,ERR,ERR,ERR,ERR,ERR,ERR,ERR,ERR,ERR,ERR,ERR,ERR,ERR,ERR,ERR,ERR,ERR,ERR,ERR,ERR,ERR,ERR,ERR,ERR,ERR,ERR,ERR,ERR,ERR,ERR,ERR,ERR,ERR,ERR,ERR,ERR,ERR,ERR,ERR,ERR,ERR,ERR,ERR,ERR,ERR,ERR,ERR,ERR,ERR,ERR,ERR,ERR,ERR,ERR,ERR,ERR,ERR,ERR,ERR,ERR,ERR,ERR,ERR,ERR,ERR,ERR,ERR,ERR,2.7184312818759872e+23,0.0,0.0,2.718290229135658e+23,-1.592,1.3936040501711995e+18,7.805,-0.0,0,0,4,48952,6720,14723890282496.0,100,0.0,0.0,0.0,-107609184.0,0.0,0,0,0,0,0.0,0,0,0,0,0,0,0,0,0,0,0,0,0,0,0,0,0,0,0,0,0,0,0,0,0,0,0,0,0,0,0,0,0,26,51,50,76,65476,0,300,0,0,8,21553,0.0,-107605600.0,0.0,0.0,0.0,0.0,0.0,0.0,0.0,0.0,0.0,0.0,0.0,0.0,0.0,0.0,0.0,0.0,0.0,0.0,0.0,0.0,-2.004,0.0,-2.004,-2.004,0.0,0.0,0.0,0.0,4771.0,-3.69718305499214e+19,7292.0,2.7184312818759872e+23,0.0,-0.0,-0.0,0.0,0.0,0.0,0.0,77,0.0,-152017129439232.0,0.0,0.0,0.0,0.0,0.0,0.0,0.0,0,0,0,0.0,0.0,0.0,0.0,0.0,0.0,0.0,0.0,0.0,0.0,0.0,0.0,0.0,0.0,0.0,0.0,0,-107875648.0,77,0.0,154,0.0,0.0,ERR,ERR,ERR,ERR,ERR,ERR,ERR,ERR,ERR,ERR,ERR,ERR,ERR,ERR,ERR,ERR,ERR,ERR,ERR,ERR,ERR,ERR,ERR,ERR,ERR,ERR,ERR,ERR,ERR,ERR,ERR,ERR,ERR,ERR,ERR,ERR,ERR,ERR,ERR,ERR,ERR,ERR,ERR,ERR,ERR,ERR,ERR,ERR,ERR,ERR,ERR,ERR,ERR,ERR,ERR,ERR,ERR,ERR,ERR,ERR,ERR,ERR,ERR,ERR,ERR,ERR,ERR,34.0,80.0,35,0.0,0.0,0.0,0.0,0.0,0.0,0.0,0.0,0.0,0.0,0.0,0.0,0.0,0.0,0.0,0.0,66.0,0,120,58,53,65476,0,300,0,0,8,20529,65476,0,0,57672,80.0,0.0,0.0,0.0,0.0,0.0
2026-06-18T02:40:23,ERR,ERR,ERR,ERR,ERR,ERR,ERR,ERR,ERR,ERR,ERR,ERR,ERR,ERR,ERR,ERR,ERR,ERR,ERR,ERR,ERR,ERR,ERR,ERR,ERR,ERR,ERR,ERR,ERR,ERR,ERR,ERR,ERR,ERR,ERR,ERR,ERR,ERR,ERR,ERR,ERR,ERR,ERR,ERR,ERR,ERR,ERR,ERR,ERR,ERR,ERR,ERR,ERR,ERR,ERR,ERR,ERR,ERR,ERR,ERR,ERR,ERR,ERR,ERR,ERR,ERR,ERR,ERR,ERR,ERR,ERR,ERR,ERR,ERR,ERR,ERR,ERR,ERR,ERR,ERR,ERR,ERR,ERR,ERR,ERR,ERR,ERR,ERR,ERR,ERR,ERR,ERR,ERR,ERR,ERR,ERR,ERR,ERR,ERR,ERR,ERR,ERR,ERR,ERR,ERR,ERR,ERR,ERR,ERR,ERR,ERR,ERR,ERR,ERR,ERR,ERR,ERR,ERR,ERR,ERR,ERR,ERR,ERR,ERR,ERR,2.7184312818759872e+23,0.0,0.0,2.718290229135658e+23,-1.592,1.3936040501711995e+18,7.805,-0.0,0,0,4,48952,6720,14723890282496.0,100,0.0,0.0,0.0,-107609184.0,0.0,0,0,0,0,0.0,0,0,0,0,0,0,0,0,0,0,0,0,0,0,0,0,0,0,0,0,0,0,0,0,0,0,0,0,0,0,0,0,0,26,51,50,76,65476,0,300,0,0,8,21553,0.0,-107605600.0,0.0,0.0,0.0,0.0,0.0,0.0,0.0,0.0,0.0,0.0,0.0,0.0,0.0,0.0,0.0,0.0,0.0,0.0,0.0,0.0,-2.004,0.0,-2.004,-2.004,0.0,0.0,0.0,0.0,4771.0,-3.69718305499214e+19,7292.0,2.7184312818759872e+23,0.0,-0.0,-0.0,0.0,0.0,0.0,0.0,77,0.0,-152017129439232.0,0.0,0.0,0.0,0.0,0.0,0.0,0.0,0,0,0,0.0,0.0,0.0,0.0,0.0,0.0,0.0,0.0,0.0,0.0,0.0,0.0,0.0,0.0,0.0,0.0,0,-107875648.0,77,0.0,154,0.0,0.0,ERR,ERR,ERR,ERR,ERR,ERR,ERR,ERR,ERR,ERR,ERR,ERR,ERR,ERR,ERR,ERR,ERR,ERR,ERR,ERR,ERR,ERR,ERR,ERR,ERR,ERR,ERR,ERR,ERR,ERR,ERR,ERR,ERR,ERR,ERR,ERR,ERR,ERR,ERR,ERR,ERR,ERR,ERR,ERR,ERR,ERR,ERR,ERR,ERR,ERR,ERR,ERR,ERR,ERR,ERR,ERR,ERR,ERR,ERR,ERR,ERR,ERR,ERR,ERR,ERR,ERR,ERR,34.0,80.0,35,0.0,0.0,0.0,0.0,0.0,0.0,0.0,0.0,0.0,0.0,0.0,0.0,0.0,0.0,0.0,0.0,66.0,0,120,58,53,65476,0,300,0,0,8,20529,65476,0,0,57672,80.0,0.0,0.0,0.0,0.0,0.0
2026-06-18T02:40:24,ERR,ERR,ERR,ERR,ERR,ERR,ERR,ERR,ERR,ERR,ERR,ERR,ERR,ERR,ERR,ERR,ERR,ERR,ERR,ERR,ERR,ERR,ERR,ERR,ERR,ERR,ERR,ERR,ERR,ERR,ERR,ERR,ERR,ERR,ERR,ERR,ERR,ERR,ERR,ERR,ERR,ERR,ERR,ERR,ERR,ERR,ERR,ERR,ERR,ERR,ERR,ERR,ERR,ERR,ERR,ERR,ERR,ERR,ERR,ERR,ERR,ERR,ERR,ERR,ERR,ERR,ERR,ERR,ERR,ERR,ERR,ERR,ERR,ERR,ERR,ERR,ERR,ERR,ERR,ERR,ERR,ERR,ERR,ERR,ERR,ERR,ERR,ERR,ERR,ERR,ERR,ERR,ERR,ERR,ERR,ERR,ERR,ERR,ERR,ERR,ERR,ERR,ERR,ERR,ERR,ERR,ERR,ERR,ERR,ERR,ERR,ERR,ERR,ERR,ERR,ERR,ERR,ERR,ERR,ERR,ERR,ERR,ERR,ERR,ERR,2.7184312818759872e+23,0.0,0.0,2.718290229135658e+23,-1.592,1.3936040501711995e+18,7.805,-0.0,0,0,4,48952,6720,14723890282496.0,100,0.0,0.0,0.0,-107609184.0,0.0,0,0,0,0,0.0,0,0,0,0,0,0,0,0,0,0,0,0,0,0,0,0,0,0,0,0,0,0,0,0,0,0,0,0,0,0,0,0,0,26,51,50,76,65476,0,300,0,0,8,21553,0.0,-107605600.0,0.0,0.0,0.0,0.0,0.0,0.0,0.0,0.0,0.0,0.0,0.0,0.0,0.0,0.0,0.0,0.0,0.0,0.0,0.0,0.0,-2.004,0.0,-2.004,-2.004,0.0,0.0,0.0,0.0,4771.0,-3.69718305499214e+19,7292.0,2.7184312818759872e+23,0.0,-0.0,-0.0,0.0,0.0,0.0,0.0,77,0.0,-152017129439232.0,0.0,0.0,0.0,0.0,0.0,0.0,0.0,0,0,0,0.0,0.0,0.0,0.0,0.0,0.0,0.0,0.0,0.0,0.0,0.0,0.0,0.0,0.0,0.0,0.0,0,-107875648.0,77,0.0,154,0.0,0.0,ERR,ERR,ERR,ERR,ERR,ERR,ERR,ERR,ERR,ERR,ERR,ERR,ERR,ERR,ERR,ERR,ERR,ERR,ERR,ERR,ERR,ERR,ERR,ERR,ERR,ERR,ERR,ERR,ERR,ERR,ERR,ERR,ERR,ERR,ERR,ERR,ERR,ERR,ERR,ERR,ERR,ERR,ERR,ERR,ERR,ERR,ERR,ERR,ERR,ERR,ERR,ERR,ERR,ERR,ERR,ERR,ERR,ERR,ERR,ERR,ERR,ERR,ERR,ERR,ERR,ERR,ERR,34.0,80.0,35,0.0,0.0,0.0,0.0,0.0,0.0,0.0,0.0,0.0,0.0,0.0,0.0,0.0,0.0,0.0,0.0,65.6,0,120,58,53,65476,0,300,0,0,8,20529,65476,0,0,57672,80.0,0.0,0.0,0.0,0.0,0.0
2026-06-18T02:40:25,ERR,ERR,ERR,ERR,ERR,ERR,ERR,ERR,ERR,ERR,ERR,ERR,ERR,ERR,ERR,ERR,ERR,ERR,ERR,ERR,ERR,ERR,ERR,ERR,ERR,ERR,ERR,ERR,ERR,ERR,ERR,ERR,ERR,ERR,ERR,ERR,ERR,ERR,ERR,ERR,ERR,ERR,ERR,ERR,ERR,ERR,ERR,ERR,ERR,ERR,ERR,ERR,ERR,ERR,ERR,ERR,ERR,ERR,ERR,ERR,ERR,ERR,ERR,ERR,ERR,ERR,ERR,ERR,ERR,ERR,ERR,ERR,ERR,ERR,ERR,ERR,ERR,ERR,ERR,ERR,ERR,ERR,ERR,ERR,ERR,ERR,ERR,ERR,ERR,ERR,ERR,ERR,ERR,ERR,ERR,ERR,ERR,ERR,ERR,ERR,ERR,ERR,ERR,ERR,ERR,ERR,ERR,ERR,ERR,ERR,ERR,ERR,ERR,ERR,ERR,ERR,ERR,ERR,ERR,ERR,ERR,ERR,ERR,ERR,ERR,2.7184312818759872e+23,0.0,0.0,0.059,nan,1.3936040501711995e+18,7.805,-0.001,0,0,4,48950,6720,14723890282496.0,100,0.0,0.0,0.0,0.059,0.0,0,0,0,0,0.0,0,0,0,0,0,0,0,0,0,0,0,0,0,0,0,0,0,0,0,0,0,0,0,0,0,0,0,0,0,0,0,0,0,26,51,50,76,65476,0,300,0,0,8,21553,0.0,-107605600.0,0.0,0.0,0.0,0.0,0.0,0.0,0.0,0.0,0.0,0.0,0.0,0.0,0.0,0.0,0.0,0.0,0.0,0.0,0.0,0.0,-2.004,0.0,-2.004,-2.004,0.0,0.0,0.0,0.0,4771.0,-1.587928030851661e+29,7294.0,2.7184312818759872e+23,0.0,-0.0,-0.0,0.0,0.0,0.0,0.0,77,-5.848083809157084e+35,-152017129439232.0,0.0,0.0,0.0,0.0,0.0,0.0,0.0,0,0,0,0.0,0.0,0.0,0.0,0.0,0.0,0.0,0.0,0.0,0.0,0.0,0.0,0.0,0.0,0.0,0.0,0,-107875648.0,77,0.0,154,0.0,0.0,ERR,ERR,ERR,ERR,ERR,ERR,ERR,ERR,ERR,ERR,ERR,ERR,ERR,ERR,ERR,ERR,ERR,ERR,ERR,ERR,ERR,ERR,ERR,ERR,ERR,ERR,ERR,ERR,ERR,ERR,ERR,ERR,ERR,ERR,ERR,ERR,ERR,ERR,ERR,ERR,ERR,ERR,ERR,ERR,ERR,ERR,ERR,ERR,ERR,ERR,ERR,ERR,ERR,ERR,ERR,ERR,ERR,ERR,ERR,ERR,ERR,ERR,ERR,ERR,ERR,ERR,ERR,34.0,80.0,35,0.0,0.0,0.0,0.0,0.0,0.0,0.0,0.0,0.0,0.0,0.0,0.0,0.0,0.0,0.0,0.0,65.6,0,120,58,53,65476,0,300,0,0,8,20529,65476,0,0,57672,80.0,0.0,0.0,0.0,0.0,0.0
2026-06-18T02:40:26,ERR,ERR,ERR,ERR,ERR,ERR,ERR,ERR,ERR,ERR,ERR,ERR,ERR,ERR,ERR,ERR,ERR,ERR,ERR,ERR,ERR,ERR,ERR,ERR,ERR,ERR,ERR,ERR,ERR,ERR,ERR,ERR,ERR,ERR,ERR,ERR,ERR,ERR,ERR,ERR,ERR,ERR,ERR,ERR,ERR,ERR,ERR,ERR,ERR,ERR,ERR,ERR,ERR,ERR,ERR,ERR,ERR,ERR,ERR,ERR,ERR,ERR,ERR,ERR,ERR,ERR,ERR,ERR,ERR,ERR,ERR,ERR,ERR,ERR,ERR,ERR,ERR,ERR,ERR,ERR,ERR,ERR,ERR,ERR,ERR,ERR,ERR,ERR,ERR,ERR,ERR,ERR,ERR,ERR,ERR,ERR,ERR,ERR,ERR,ERR,ERR,ERR,ERR,ERR,ERR,ERR,ERR,ERR,ERR,ERR,ERR,ERR,ERR,ERR,ERR,ERR,ERR,ERR,ERR,ERR,ERR,ERR,ERR,ERR,ERR,2.7184312818759872e+23,0.0,0.0,0.059,nan,1.3936040501711995e+18,7.805,-0.001,0,0,4,48950,6720,14723890282496.0,100,0.0,0.0,0.0,0.059,0.0,0,0,0,0,0.0,0,0,0,0,0,0,0,0,0,0,0,0,0,0,0,0,0,0,0,0,0,0,0,0,0,0,0,0,0,0,0,0,0,26,51,50,76,65476,0,300,0,0,8,21553,0.0,-107605600.0,0.0,0.0,0.0,0.0,0.0,0.0,0.0,0.0,0.0,0.0,0.0,0.0,0.0,0.0,0.0,0.0,0.0,0.0,0.0,0.0,-2.004,0.0,-2.004,-2.004,0.0,0.0,0.0,0.0,4771.0,-1.587928030851661e+29,7294.0,2.7184312818759872e+23,0.0,-0.0,-0.0,0.0,0.0,0.0,0.0,77,-5.848083809157084e+35,-152017129439232.0,0.0,0.0,0.0,0.0,0.0,0.0,0.0,0,0,0,0.0,0.0,0.0,0.0,0.0,0.0,0.0,0.0,0.0,0.0,0.0,0.0,0.0,0.0,0.0,0.0,0,-107875648.0,77,0.0,154,0.0,0.0,ERR,ERR,ERR,ERR,ERR,ERR,ERR,ERR,ERR,ERR,ERR,ERR,ERR,ERR,ERR,ERR,ERR,ERR,ERR,ERR,ERR,ERR,ERR,ERR,ERR,ERR,ERR,ERR,ERR,ERR,ERR,ERR,ERR,ERR,ERR,ERR,ERR,ERR,ERR,ERR,ERR,ERR,ERR,ERR,ERR,ERR,ERR,ERR,ERR,ERR,ERR,ERR,ERR,ERR,ERR,ERR,ERR,ERR,ERR,ERR,ERR,ERR,ERR,ERR,ERR,ERR,ERR,34.0,80.0,35,0.0,0.0,0.0,0.0,0.0,0.0,0.0,0.0,0.0,0.0,0.0,0.0,0.0,0.0,0.0,0.0,66.0,0,120,58,53,65476,0,300,0,0,8,20529,65476,0,0,57672,80.0,0.0,0.0,0.0,0.0,0.0
2026-06-18T02:40:27,ERR,ERR,ERR,ERR,ERR,ERR,ERR,ERR,ERR,ERR,ERR,ERR,ERR,ERR,ERR,ERR,ERR,ERR,ERR,ERR,ERR,ERR,ERR,ERR,ERR,ERR,ERR,ERR,ERR,ERR,ERR,ERR,ERR,ERR,ERR,ERR,ERR,ERR,ERR,ERR,ERR,ERR,ERR,ERR,ERR,ERR,ERR,ERR,ERR,ERR,ERR,ERR,ERR,ERR,ERR,ERR,ERR,ERR,ERR,ERR,ERR,ERR,ERR,ERR,ERR,ERR,ERR,ERR,ERR,ERR,ERR,ERR,ERR,ERR,ERR,ERR,ERR,ERR,ERR,ERR,ERR,ERR,ERR,ERR,ERR,ERR,ERR,ERR,ERR,ERR,ERR,ERR,ERR,ERR,ERR,ERR,ERR,ERR,ERR,ERR,ERR,ERR,ERR,ERR,ERR,ERR,ERR,ERR,ERR,ERR,ERR,ERR,ERR,ERR,ERR,ERR,ERR,ERR,ERR,ERR,ERR,ERR,ERR,ERR,ERR,2.7184312818759872e+23,0.0,0.0,0.059,nan,1.3936040501711995e+18,7.805,-0.001,0,0,4,48950,6720,14723890282496.0,100,0.0,0.0,0.0,0.059,0.0,0,0,0,0,0.0,0,0,0,0,0,0,0,0,0,0,0,0,0,0,0,0,0,0,0,0,0,0,0,0,0,0,0,0,0,0,0,0,0,26,51,50,76,65476,0,300,0,0,8,21553,0.0,-107605600.0,0.0,0.0,0.0,0.0,0.0,0.0,0.0,0.0,0.0,0.0,0.0,0.0,0.0,0.0,0.0,0.0,0.0,0.0,0.0,0.0,-2.004,0.0,-2.004,-2.004,0.0,0.0,0.0,0.0,4771.0,-1.587928030851661e+29,7294.0,2.7184312818759872e+23,0.0,-0.0,-0.0,0.0,0.0,0.0,0.0,77,-5.848083809157084e+35,-152017129439232.0,0.0,0.0,0.0,0.0,0.0,0.0,0.0,0,0,0,0.0,0.0,0.0,0.0,0.0,0.0,0.0,0.0,0.0,0.0,0.0,0.0,0.0,0.0,0.0,0.0,0,-107875648.0,77,0.0,154,0.0,0.0,ERR,ERR,ERR,ERR,ERR,ERR,ERR,ERR,ERR,ERR,ERR,ERR,ERR,ERR,ERR,ERR,ERR,ERR,ERR,ERR,ERR,ERR,ERR,ERR,ERR,ERR,ERR,ERR,ERR,ERR,ERR,ERR,ERR,ERR,ERR,ERR,ERR,ERR,ERR,ERR,ERR,ERR,ERR,ERR,ERR,ERR,ERR,ERR,ERR,ERR,ERR,ERR,ERR,ERR,ERR,ERR,ERR,ERR,ERR,ERR,ERR,ERR,ERR,ERR,ERR,ERR,ERR,34.0,80.0,35,0.0,0.0,0.0,0.0,0.0,0.0,0.0,0.0,0.0,0.0,0.0,0.0,0.0,0.0,0.0,0.0,66.0,0,120,58,53,65476,0,300,0,0,8,20529,65476,0,0,57672,80.0,0.0,0.0,0.0,0.0,0.0
2026-06-18T02:40:28,ERR,ERR,ERR,ERR,ERR,ERR,ERR,ERR,ERR,ERR,ERR,ERR,ERR,ERR,ERR,ERR,ERR,ERR,ERR,ERR,ERR,ERR,ERR,ERR,ERR,ERR,ERR,ERR,ERR,ERR,ERR,ERR,ERR,ERR,ERR,ERR,ERR,ERR,ERR,ERR,ERR,ERR,ERR,ERR,ERR,ERR,ERR,ERR,ERR,ERR,ERR,ERR,ERR,ERR,ERR,ERR,ERR,ERR,ERR,ERR,ERR,ERR,ERR,ERR,ERR,ERR,ERR,ERR,ERR,ERR,ERR,ERR,ERR,ERR,ERR,ERR,ERR,ERR,ERR,ERR,ERR,ERR,ERR,ERR,ERR,ERR,ERR,ERR,ERR,ERR,ERR,ERR,ERR,ERR,ERR,ERR,ERR,ERR,ERR,ERR,ERR,ERR,ERR,ERR,ERR,ERR,ERR,ERR,ERR,ERR,ERR,ERR,ERR,ERR,ERR,ERR,ERR,ERR,ERR,ERR,ERR,ERR,ERR,ERR,ERR,2.7184312818759872e+23,0.0,0.0,0.059,nan,1.3936040501711995e+18,7.805,-0.001,0,0,4,48950,6720,14723890282496.0,100,0.0,0.0,0.0,0.059,0.0,0,0,0,0,0.0,0,0,0,0,0,0,0,0,0,0,0,0,0,0,0,0,0,0,0,0,0,0,0,0,0,0,0,0,0,0,0,0,0,26,51,50,76,65476,0,300,0,0,8,21553,0.0,-107605600.0,0.0,0.0,0.0,0.0,0.0,0.0,0.0,0.0,0.0,0.0,0.0,0.0,0.0,0.0,0.0,0.0,0.0,0.0,0.0,0.0,-2.004,0.0,-2.004,-2.004,0.0,0.0,0.0,0.0,4771.0,-1.587928030851661e+29,7294.0,2.7184312818759872e+23,0.0,-0.0,-0.0,0.0,0.0,0.0,0.0,77,-5.848083809157084e+35,-152017129439232.0,0.0,0.0,0.0,0.0,0.0,0.0,0.0,0,0,0,0.0,0.0,0.0,0.0,0.0,0.0,0.0,0.0,0.0,0.0,0.0,0.0,0.0,0.0,0.0,0.0,0,-107875648.0,77,0.0,154,0.0,0.0,ERR,ERR,ERR,ERR,ERR,ERR,ERR,ERR,ERR,ERR,ERR,ERR,ERR,ERR,ERR,ERR,ERR,ERR,ERR,ERR,ERR,ERR,ERR,ERR,ERR,ERR,ERR,ERR,ERR,ERR,ERR,ERR,ERR,ERR,ERR,ERR,ERR,ERR,ERR,ERR,ERR,ERR,ERR,ERR,ERR,ERR,ERR,ERR,ERR,ERR,ERR,ERR,ERR,ERR,ERR,ERR,ERR,ERR,ERR,ERR,ERR,ERR,ERR,ERR,ERR,ERR,ERR,34.0,80.0,35,0.0,0.0,0.0,0.0,0.0,0.0,0.0,0.0,0.0,0.0,0.0,0.0,0.0,0.0,0.0,0.0,65.6,0,120,58,53,65476,0,300,0,0,8,20529,65476,0,0,57672,80.0,0.0,0.0,0.0,0.0,0.0
2026-06-18T02:40:29,ERR,ERR,ERR,ERR,ERR,ERR,ERR,ERR,ERR,ERR,ERR,ERR,ERR,ERR,ERR,ERR,ERR,ERR,ERR,ERR,ERR,ERR,ERR,ERR,ERR,ERR,ERR,ERR,ERR,ERR,ERR,ERR,ERR,ERR,ERR,ERR,ERR,ERR,ERR,ERR,ERR,ERR,ERR,ERR,ERR,ERR,ERR,ERR,ERR,ERR,ERR,ERR,ERR,ERR,ERR,ERR,ERR,ERR,ERR,ERR,ERR,ERR,ERR,ERR,ERR,ERR,ERR,ERR,ERR,ERR,ERR,ERR,ERR,ERR,ERR,ERR,ERR,ERR,ERR,ERR,ERR,ERR,ERR,ERR,ERR,ERR,ERR,ERR,ERR,ERR,ERR,ERR,ERR,ERR,ERR,ERR,ERR,ERR,ERR,ERR,ERR,ERR,ERR,ERR,ERR,ERR,ERR,ERR,ERR,ERR,ERR,ERR,ERR,ERR,ERR,ERR,ERR,ERR,ERR,ERR,ERR,ERR,ERR,ERR,ERR,2.7184312818759872e+23,0.0,0.0,0.059,nan,1.3936040501711995e+18,7.805,-0.001,0,0,4,48950,6720,14723890282496.0,100,0.0,0.0,0.0,0.059,0.0,0,0,0,0,0.0,0,0,0,0,0,0,0,0,0,0,0,0,0,0,0,0,0,0,0,0,0,0,0,0,0,0,0,0,0,0,0,0,0,26,51,50,76,65476,0,300,0,0,8,21553,0.0,-107605600.0,0.0,0.0,0.0,0.0,0.0,0.0,0.0,0.0,0.0,0.0,0.0,0.0,0.0,0.0,0.0,0.0,0.0,0.0,0.0,0.0,-2.004,0.0,-2.004,-2.004,0.0,0.0,0.0,0.0,4771.0,-1.587928030851661e+29,7294.0,2.7184312818759872e+23,0.0,-0.0,-0.0,0.0,0.0,0.0,0.0,77,-5.848083809157084e+35,-152017129439232.0,0.0,0.0,0.0,0.0,0.0,0.0,0.0,0,0,0,0.0,0.0,0.0,0.0,0.0,0.0,0.0,0.0,0.0,0.0,0.0,0.0,0.0,0.0,0.0,0.0,0,-107875648.0,77,0.0,154,0.0,0.0,ERR,ERR,ERR,ERR,ERR,ERR,ERR,ERR,ERR,ERR,ERR,ERR,ERR,ERR,ERR,ERR,ERR,ERR,ERR,ERR,ERR,ERR,ERR,ERR,ERR,ERR,ERR,ERR,ERR,ERR,ERR,ERR,ERR,ERR,ERR,ERR,ERR,ERR,ERR,ERR,ERR,ERR,ERR,ERR,ERR,ERR,ERR,ERR,ERR,ERR,ERR,ERR,ERR,ERR,ERR,ERR,ERR,ERR,ERR,ERR,ERR,ERR,ERR,ERR,ERR,ERR,ERR,34.0,80.0,35,0.0,0.0,0.0,0.0,0.0,0.0,0.0,0.0,0.0,0.0,0.0,0.0,0.0,0.0,0.0,0.0,65.6,0,120,58,53,65476,0,300,0,0,8,20529,65476,0,0,57672,80.0,0.0,0.0,0.0,0.0,0.0
2026-06-18T02:40:30,ERR,ERR,ERR,ERR,ERR,ERR,ERR,ERR,ERR,ERR,ERR,ERR,ERR,ERR,ERR,ERR,ERR,ERR,ERR,ERR,ERR,ERR,ERR,ERR,ERR,ERR,ERR,ERR,ERR,ERR,ERR,ERR,ERR,ERR,ERR,ERR,ERR,ERR,ERR,ERR,ERR,ERR,ERR,ERR,ERR,ERR,ERR,ERR,ERR,ERR,ERR,ERR,ERR,ERR,ERR,ERR,ERR,ERR,ERR,ERR,ERR,ERR,ERR,ERR,ERR,ERR,ERR,ERR,ERR,ERR,ERR,ERR,ERR,ERR,ERR,ERR,ERR,ERR,ERR,ERR,ERR,ERR,ERR,ERR,ERR,ERR,ERR,ERR,ERR,ERR,ERR,ERR,ERR,ERR,ERR,ERR,ERR,ERR,ERR,ERR,ERR,ERR,ERR,ERR,ERR,ERR,ERR,ERR,ERR,ERR,ERR,ERR,ERR,ERR,ERR,ERR,ERR,ERR,ERR,ERR,ERR,ERR,ERR,ERR,ERR,2.7184312818759872e+23,0.0,0.0,0.059,nan,1.3936040501711995e+18,7.805,-0.001,0,0,4,48950,6720,14723890282496.0,100,0.0,0.0,0.0,0.059,0.0,0,0,0,0,0.0,0,0,0,0,0,0,0,0,0,0,0,0,0,0,0,0,0,0,0,0,0,0,0,0,0,0,0,0,0,0,0,0,0,26,51,50,76,65476,0,300,0,0,8,21553,0.0,-107605600.0,0.0,0.0,0.0,0.0,0.0,0.0,0.0,0.0,0.0,0.0,0.0,0.0,0.0,0.0,0.0,0.0,0.0,0.0,0.0,0.0,-2.004,0.0,-2.004,-2.004,0.0,0.0,0.0,0.0,4771.0,-1.587928030851661e+29,7294.0,2.7184312818759872e+23,0.0,-0.0,-0.0,0.0,0.0,0.0,0.0,77,-5.848083809157084e+35,-152017129439232.0,0.0,0.0,0.0,0.0,0.0,0.0,0.0,0,0,0,0.0,0.0,0.0,0.0,0.0,0.0,0.0,0.0,0.0,0.0,0.0,0.0,0.0,0.0,0.0,0.0,0,-107875648.0,77,0.0,154,0.0,0.0,ERR,ERR,ERR,ERR,ERR,ERR,ERR,ERR,ERR,ERR,ERR,ERR,ERR,ERR,ERR,ERR,ERR,ERR,ERR,ERR,ERR,ERR,ERR,ERR,ERR,ERR,ERR,ERR,ERR,ERR,ERR,ERR,ERR,ERR,ERR,ERR,ERR,ERR,ERR,ERR,ERR,ERR,ERR,ERR,ERR,ERR,ERR,ERR,ERR,ERR,ERR,ERR,ERR,ERR,ERR,ERR,ERR,ERR,ERR,ERR,ERR,ERR,ERR,ERR,ERR,ERR,ERR,34.0,80.0,35,0.0,0.0,0.0,0.0,0.0,0.0,0.0,0.0,0.0,0.0,0.0,0.0,0.0,0.0,0.0,0.0,65.6,0,120,58,53,65476,0,300,0,0,8,20529,65476,0,0,57672,80.0,0.0,0.0,0.0,0.0,0.0
2026-06-18T02:40:31,ERR,ERR,ERR,ERR,ERR,ERR,ERR,ERR,ERR,ERR,ERR,ERR,ERR,ERR,ERR,ERR,ERR,ERR,ERR,ERR,ERR,ERR,ERR,ERR,ERR,ERR,ERR,ERR,ERR,ERR,ERR,ERR,ERR,ERR,ERR,ERR,ERR,ERR,ERR,ERR,ERR,ERR,ERR,ERR,ERR,ERR,ERR,ERR,ERR,ERR,ERR,ERR,ERR,ERR,ERR,ERR,ERR,ERR,ERR,ERR,ERR,ERR,ERR,ERR,ERR,ERR,ERR,ERR,ERR,ERR,ERR,ERR,ERR,ERR,ERR,ERR,ERR,ERR,ERR,ERR,ERR,ERR,ERR,ERR,ERR,ERR,ERR,ERR,ERR,ERR,ERR,ERR,ERR,ERR,ERR,ERR,ERR,ERR,ERR,ERR,ERR,ERR,ERR,ERR,ERR,ERR,ERR,ERR,ERR,ERR,ERR,ERR,ERR,ERR,ERR,ERR,ERR,ERR,ERR,ERR,ERR,ERR,ERR,ERR,ERR,2.7184312818759872e+23,0.0,0.0,-0.0,nan,1.3936040501711995e+18,7.805,2527533.5,0,0,4,48954,6720,14723890282496.0,100,0.0,0.0,0.0,0.059,0.0,0,0,0,0,0.0,0,0,0,0,0,0,0,0,0,0,0,0,0,0,0,0,0,0,0,0,0,0,0,0,0,0,0,0,0,0,0,0,0,26,51,50,76,65476,0,300,0,0,8,21553,0.0,-107605600.0,0.0,0.0,0.0,0.0,0.0,0.0,0.0,0.0,0.0,0.0,0.0,0.0,0.0,0.0,0.0,0.0,0.0,0.0,0.0,0.0,-2.004,0.0,-2.004,-2.004,0.0,0.0,0.0,0.0,4769.0,-3.69718305499214e+19,7292.0,2.7184312818759872e+23,0.0,-0.0,-0.0,0.0,0.0,0.0,0.0,77,0.0,-107614712.0,0.0,0.0,0.0,0.0,0.0,0.0,0.0,0,0,0,0.0,0.0,0.0,0.0,0.0,0.0,0.0,0.0,0.0,0.0,0.0,0.0,0.0,0.0,0.0,0.0,0,-107875648.0,77,0.0,154,0.0,0.0,ERR,ERR,ERR,ERR,ERR,ERR,ERR,ERR,ERR,ERR,ERR,ERR,ERR,ERR,ERR,ERR,ERR,ERR,ERR,ERR,ERR,ERR,ERR,ERR,ERR,ERR,ERR,ERR,ERR,ERR,ERR,ERR,ERR,ERR,ERR,ERR,ERR,ERR,ERR,ERR,ERR,ERR,ERR,ERR,ERR,ERR,ERR,ERR,ERR,ERR,ERR,ERR,ERR,ERR,ERR,ERR,ERR,ERR,ERR,ERR,ERR,ERR,ERR,ERR,ERR,ERR,ERR,34.0,80.0,35,0.0,0.0,0.0,0.0,0.0,0.0,0.0,0.0,0.0,0.0,0.0,0.0,0.0,0.0,0.0,0.0,66.0,0,120,58,53,65476,0,300,0,0,8,20529,65476,0,0,57672,80.0,0.0,0.0,0.0,0.0,0.0
2026-06-18T02:40:32,ERR,ERR,ERR,ERR,ERR,ERR,ERR,ERR,ERR,ERR,ERR,ERR,ERR,ERR,ERR,ERR,ERR,ERR,ERR,ERR,ERR,ERR,ERR,ERR,ERR,ERR,ERR,ERR,ERR,ERR,ERR,ERR,ERR,ERR,ERR,ERR,ERR,ERR,ERR,ERR,ERR,ERR,ERR,ERR,ERR,ERR,ERR,ERR,ERR,ERR,ERR,ERR,ERR,ERR,ERR,ERR,ERR,ERR,ERR,ERR,ERR,ERR,ERR,ERR,ERR,ERR,ERR,ERR,ERR,ERR,ERR,ERR,ERR,ERR,ERR,ERR,ERR,ERR,ERR,ERR,ERR,ERR,ERR,ERR,ERR,ERR,ERR,ERR,ERR,ERR,ERR,ERR,ERR,ERR,ERR,ERR,ERR,ERR,ERR,ERR,ERR,ERR,ERR,ERR,ERR,ERR,ERR,ERR,ERR,ERR,ERR,ERR,ERR,ERR,ERR,ERR,ERR,ERR,ERR,ERR,ERR,ERR,ERR,ERR,ERR,2.7184312818759872e+23,0.0,0.0,-0.0,nan,1.3936040501711995e+18,7.805,2527533.5,0,0,4,48954,6720,14723890282496.0,100,0.0,0.0,0.0,0.059,0.0,0,0,0,0,0.0,0,0,0,0,0,0,0,0,0,0,0,0,0,0,0,0,0,0,0,0,0,0,0,0,0,0,0,0,0,0,0,0,0,26,51,50,76,65476,0,300,0,0,8,21553,0.0,-107605600.0,0.0,0.0,0.0,0.0,0.0,0.0,0.0,0.0,0.0,0.0,0.0,0.0,0.0,0.0,0.0,0.0,0.0,0.0,0.0,0.0,-2.004,0.0,-2.004,-2.004,0.0,0.0,0.0,0.0,4769.0,-3.69718305499214e+19,7292.0,2.7184312818759872e+23,0.0,-0.0,-0.0,0.0,0.0,0.0,0.0,77,0.0,-107614712.0,0.0,0.0,0.0,0.0,0.0,0.0,0.0,0,0,0,0.0,0.0,0.0,0.0,0.0,0.0,0.0,0.0,0.0,0.0,0.0,0.0,0.0,0.0,0.0,0.0,0,-107875648.0,77,0.0,154,0.0,0.0,ERR,ERR,ERR,ERR,ERR,ERR,ERR,ERR,ERR,ERR,ERR,ERR,ERR,ERR,ERR,ERR,ERR,ERR,ERR,ERR,ERR,ERR,ERR,ERR,ERR,ERR,ERR,ERR,ERR,ERR,ERR,ERR,ERR,ERR,ERR,ERR,ERR,ERR,ERR,ERR,ERR,ERR,ERR,ERR,ERR,ERR,ERR,ERR,ERR,ERR,ERR,ERR,ERR,ERR,ERR,ERR,ERR,ERR,ERR,ERR,ERR,ERR,ERR,ERR,ERR,ERR,ERR,34.0,80.0,35,0.0,0.0,0.0,0.0,0.0,0.0,0.0,0.0,0.0,0.0,0.0,0.0,0.0,0.0,0.0,0.0,66.0,0,120,58,53,65476,0,300,0,0,8,20529,65476,0,0,57672,80.0,0.0,0.0,0.0,0.0,0.0
2026-06-18T02:40:33,ERR,ERR,ERR,ERR,ERR,ERR,ERR,ERR,ERR,ERR,ERR,ERR,ERR,ERR,ERR,ERR,ERR,ERR,ERR,ERR,ERR,ERR,ERR,ERR,ERR,ERR,ERR,ERR,ERR,ERR,ERR,ERR,ERR,ERR,ERR,ERR,ERR,ERR,ERR,ERR,ERR,ERR,ERR,ERR,ERR,ERR,ERR,ERR,ERR,ERR,ERR,ERR,ERR,ERR,ERR,ERR,ERR,ERR,ERR,ERR,ERR,ERR,ERR,ERR,ERR,ERR,ERR,ERR,ERR,ERR,ERR,ERR,ERR,ERR,ERR,ERR,ERR,ERR,ERR,ERR,ERR,ERR,ERR,ERR,ERR,ERR,ERR,ERR,ERR,ERR,ERR,ERR,ERR,ERR,ERR,ERR,ERR,ERR,ERR,ERR,ERR,ERR,ERR,ERR,ERR,ERR,ERR,ERR,ERR,ERR,ERR,ERR,ERR,ERR,ERR,ERR,ERR,ERR,ERR,ERR,ERR,ERR,ERR,ERR,ERR,2.7184312818759872e+23,0.0,0.0,-0.0,nan,1.3936040501711995e+18,7.805,2527533.5,0,0,4,48954,6720,14723890282496.0,100,0.0,0.0,0.0,0.059,0.0,0,0,0,0,0.0,0,0,0,0,0,0,0,0,0,0,0,0,0,0,0,0,0,0,0,0,0,0,0,0,0,0,0,0,0,0,0,0,0,26,51,50,76,65476,0,300,0,0,8,21553,0.0,-107605600.0,0.0,0.0,0.0,0.0,0.0,0.0,0.0,0.0,0.0,0.0,0.0,0.0,0.0,0.0,0.0,0.0,0.0,0.0,0.0,0.0,-2.004,0.0,-2.004,-2.004,0.0,0.0,0.0,0.0,4769.0,-3.69718305499214e+19,7292.0,2.7184312818759872e+23,0.0,-0.0,-0.0,0.0,0.0,0.0,0.0,77,0.0,-107614712.0,0.0,0.0,0.0,0.0,0.0,0.0,0.0,0,0,0,0.0,0.0,0.0,0.0,0.0,0.0,0.0,0.0,0.0,0.0,0.0,0.0,0.0,0.0,0.0,0.0,0,-107875648.0,77,0.0,154,0.0,0.0,ERR,ERR,ERR,ERR,ERR,ERR,ERR,ERR,ERR,ERR,ERR,ERR,ERR,ERR,ERR,ERR,ERR,ERR,ERR,ERR,ERR,ERR,ERR,ERR,ERR,ERR,ERR,ERR,ERR,ERR,ERR,ERR,ERR,ERR,ERR,ERR,ERR,ERR,ERR,ERR,ERR,ERR,ERR,ERR,ERR,ERR,ERR,ERR,ERR,ERR,ERR,ERR,ERR,ERR,ERR,ERR,ERR,ERR,ERR,ERR,ERR,ERR,ERR,ERR,ERR,ERR,ERR,34.0,80.0,35,0.0,0.0,0.0,0.0,0.0,0.0,0.0,0.0,0.0,0.0,0.0,0.0,0.0,0.0,0.0,0.0,66.0,0,120,58,53,65476,0,300,0,0,8,20529,65476,0,0,57672,80.0,0.0,0.0,0.0,0.0,0.0
2026-06-18T02:40:34,ERR,ERR,ERR,ERR,ERR,ERR,ERR,ERR,ERR,ERR,ERR,ERR,ERR,ERR,ERR,ERR,ERR,ERR,ERR,ERR,ERR,ERR,ERR,ERR,ERR,ERR,ERR,ERR,ERR,ERR,ERR,ERR,ERR,ERR,ERR,ERR,ERR,ERR,ERR,ERR,ERR,ERR,ERR,ERR,ERR,ERR,ERR,ERR,ERR,ERR,ERR,ERR,ERR,ERR,ERR,ERR,ERR,ERR,ERR,ERR,ERR,ERR,ERR,ERR,ERR,ERR,ERR,ERR,ERR,ERR,ERR,ERR,ERR,ERR,ERR,ERR,ERR,ERR,ERR,ERR,ERR,ERR,ERR,ERR,ERR,ERR,ERR,ERR,ERR,ERR,ERR,ERR,ERR,ERR,ERR,ERR,ERR,ERR,ERR,ERR,ERR,ERR,ERR,ERR,ERR,ERR,ERR,ERR,ERR,ERR,ERR,ERR,ERR,ERR,ERR,ERR,ERR,ERR,ERR,ERR,ERR,ERR,ERR,ERR,ERR,2.7184312818759872e+23,0.0,0.0,-0.0,nan,1.3936040501711995e+18,7.805,2527533.5,0,0,4,48954,6720,14723890282496.0,100,0.0,0.0,0.0,0.059,0.0,0,0,0,0,0.0,0,0,0,0,0,0,0,0,0,0,0,0,0,0,0,0,0,0,0,0,0,0,0,0,0,0,0,0,0,0,0,0,0,26,51,50,76,65476,0,300,0,0,8,21553,0.0,-107605600.0,0.0,0.0,0.0,0.0,0.0,0.0,0.0,0.0,0.0,0.0,0.0,0.0,0.0,0.0,0.0,0.0,0.0,0.0,0.0,0.0,-2.004,0.0,-2.004,-2.004,0.0,0.0,0.0,0.0,4769.0,-3.69718305499214e+19,7292.0,2.7184312818759872e+23,0.0,-0.0,-0.0,0.0,0.0,0.0,0.0,77,0.0,-107614712.0,0.0,0.0,0.0,0.0,0.0,0.0,0.0,0,0,0,0.0,0.0,0.0,0.0,0.0,0.0,0.0,0.0,0.0,0.0,0.0,0.0,0.0,0.0,0.0,0.0,0,-107875648.0,77,0.0,154,0.0,0.0,ERR,ERR,ERR,ERR,ERR,ERR,ERR,ERR,ERR,ERR,ERR,ERR,ERR,ERR,ERR,ERR,ERR,ERR,ERR,ERR,ERR,ERR,ERR,ERR,ERR,ERR,ERR,ERR,ERR,ERR,ERR,ERR,ERR,ERR,ERR,ERR,ERR,ERR,ERR,ERR,ERR,ERR,ERR,ERR,ERR,ERR,ERR,ERR,ERR,ERR,ERR,ERR,ERR,ERR,ERR,ERR,ERR,ERR,ERR,ERR,ERR,ERR,ERR,ERR,ERR,ERR,ERR,34.0,80.0,35,0.0,0.0,0.0,0.0,0.0,0.0,0.0,0.0,0.0,0.0,0.0,0.0,0.0,0.0,0.0,0.0,66.0,0,120,58,53,65476,0,300,0,0,8,20529,65476,0,0,57672,80.0,0.0,0.0,0.0,0.0,0.0
2026-06-18T02:40:35,ERR,ERR,ERR,ERR,ERR,ERR,ERR,ERR,ERR,ERR,ERR,ERR,ERR,ERR,ERR,ERR,ERR,ERR,ERR,ERR,ERR,ERR,ERR,ERR,ERR,ERR,ERR,ERR,ERR,ERR,ERR,ERR,ERR,ERR,ERR,ERR,ERR,ERR,ERR,ERR,ERR,ERR,ERR,ERR,ERR,ERR,ERR,ERR,ERR,ERR,ERR,ERR,ERR,ERR,ERR,ERR,ERR,ERR,ERR,ERR,ERR,ERR,ERR,ERR,ERR,ERR,ERR,ERR,ERR,ERR,ERR,ERR,ERR,ERR,ERR,ERR,ERR,ERR,ERR,ERR,ERR,ERR,ERR,ERR,ERR,ERR,ERR,ERR,ERR,ERR,ERR,ERR,ERR,ERR,ERR,ERR,ERR,ERR,ERR,ERR,ERR,ERR,ERR,ERR,ERR,ERR,ERR,ERR,ERR,ERR,ERR,ERR,ERR,ERR,ERR,ERR,ERR,ERR,ERR,ERR,ERR,ERR,ERR,ERR,ERR,2.7184312818759872e+23,0.0,0.0,-0.0,nan,1.3936040501711995e+18,7.805,2527533.5,0,0,4,48954,6720,14723890282496.0,100,0.0,0.0,0.0,0.059,0.0,0,0,0,0,0.0,0,0,0,0,0,0,0,0,0,0,0,0,0,0,0,0,0,0,0,0,0,0,0,0,0,0,0,0,0,0,0,0,0,26,51,50,76,65476,0,300,0,0,8,21553,0.0,-107605600.0,0.0,0.0,0.0,0.0,0.0,0.0,0.0,0.0,0.0,0.0,0.0,0.0,0.0,0.0,0.0,0.0,0.0,0.0,0.0,0.0,-2.004,0.0,-2.004,-2.004,0.0,0.0,0.0,0.0,4769.0,-3.69718305499214e+19,7292.0,2.7184312818759872e+23,0.0,-0.0,-0.0,0.0,0.0,0.0,0.0,77,0.0,-107614712.0,0.0,0.0,0.0,0.0,0.0,0.0,0.0,0,0,0,0.0,0.0,0.0,0.0,0.0,0.0,0.0,0.0,0.0,0.0,0.0,0.0,0.0,0.0,0.0,0.0,0,-107875648.0,77,0.0,154,0.0,0.0,ERR,ERR,ERR,ERR,ERR,ERR,ERR,ERR,ERR,ERR,ERR,ERR,ERR,ERR,ERR,ERR,ERR,ERR,ERR,ERR,ERR,ERR,ERR,ERR,ERR,ERR,ERR,ERR,ERR,ERR,ERR,ERR,ERR,ERR,ERR,ERR,ERR,ERR,ERR,ERR,ERR,ERR,ERR,ERR,ERR,ERR,ERR,ERR,ERR,ERR,ERR,ERR,ERR,ERR,ERR,ERR,ERR,ERR,ERR,ERR,ERR,ERR,ERR,ERR,ERR,ERR,ERR,34.0,80.0,35,0.0,0.0,0.0,0.0,0.0,0.0,0.0,0.0,0.0,0.0,0.0,0.0,0.0,0.0,0.0,0.0,66.0,0,120,58,53,65476,0,300,0,0,8,20529,65476,0,0,57672,80.0,0.0,0.0,0.0,0.0,0.0
2026-06-18T02:40:36,ERR,ERR,ERR,ERR,ERR,ERR,ERR,ERR,ERR,ERR,ERR,ERR,ERR,ERR,ERR,ERR,ERR,ERR,ERR,ERR,ERR,ERR,ERR,ERR,ERR,ERR,ERR,ERR,ERR,ERR,ERR,ERR,ERR,ERR,ERR,ERR,ERR,ERR,ERR,ERR,ERR,ERR,ERR,ERR,ERR,ERR,ERR,ERR,ERR,ERR,ERR,ERR,ERR,ERR,ERR,ERR,ERR,ERR,ERR,ERR,ERR,ERR,ERR,ERR,ERR,ERR,ERR,ERR,ERR,ERR,ERR,ERR,ERR,ERR,ERR,ERR,ERR,ERR,ERR,ERR,ERR,ERR,ERR,ERR,ERR,ERR,ERR,ERR,ERR,ERR,ERR,ERR,ERR,ERR,ERR,ERR,ERR,ERR,ERR,ERR,ERR,ERR,ERR,ERR,ERR,ERR,ERR,ERR,ERR,ERR,ERR,ERR,ERR,ERR,ERR,ERR,ERR,ERR,ERR,ERR,ERR,ERR,ERR,ERR,ERR,2.7184312818759872e+23,0.0,0.0,0.0,nan,1.3936040501711995e+18,7.805,-5533387829805056.0,0,0,4,48954,6720,14723890282496.0,100,0.0,0.0,0.0,0.059,0.0,0,0,0,0,0.0,0,0,0,0,0,0,0,0,0,0,0,0,0,0,0,0,0,0,0,0,0,0,0,0,0,0,0,0,0,0,0,0,0,26,51,50,76,65476,0,300,0,0,8,21553,0.0,-107605600.0,0.0,0.0,0.0,0.0,0.0,0.0,0.0,0.0,0.0,0.0,0.0,0.0,0.0,0.0,0.0,0.0,0.0,0.0,0.0,0.0,-2.004,0.0,-2.004,-2.004,0.0,0.0,0.0,0.0,4771.0,-2.422985886919649e+24,7293.0,2.7184312818759872e+23,0.0,-0.0,-0.0,0.0,0.0,0.0,0.0,77,0.0,-2.3088264680449665e+20,0.0,0.0,0.0,0.0,0.0,0.0,0.0,0,0,0,0.0,0.0,0.0,0.0,0.0,0.0,0.0,0.0,0.0,0.0,0.0,0.0,0.0,0.0,0.0,0.0,0,-107875648.0,77,0.0,154,0.0,0.0,ERR,ERR,ERR,ERR,ERR,ERR,ERR,ERR,ERR,ERR,ERR,ERR,ERR,ERR,ERR,ERR,ERR,ERR,ERR,ERR,ERR,ERR,ERR,ERR,ERR,ERR,ERR,ERR,ERR,ERR,ERR,ERR,ERR,ERR,ERR,ERR,ERR,ERR,ERR,ERR,ERR,ERR,ERR,ERR,ERR,ERR,ERR,ERR,ERR,ERR,ERR,ERR,ERR,ERR,ERR,ERR,ERR,ERR,ERR,ERR,ERR,ERR,ERR,ERR,ERR,ERR,ERR,34.0,80.0,35,0.0,0.0,0.0,0.0,0.0,0.0,0.0,0.0,0.0,0.0,0.0,0.0,0.0,0.0,0.0,0.0,66.0,0,120,58,53,65476,0,300,0,0,8,20529,65476,0,0,57672,80.0,0.0,0.0,0.0,0.0,0.0
2026-06-18T02:40:37,ERR,ERR,ERR,ERR,ERR,ERR,ERR,ERR,ERR,ERR,ERR,ERR,ERR,ERR,ERR,ERR,ERR,ERR,ERR,ERR,ERR,ERR,ERR,ERR,ERR,ERR,ERR,ERR,ERR,ERR,ERR,ERR,ERR,ERR,ERR,ERR,ERR,ERR,ERR,ERR,ERR,ERR,ERR,ERR,ERR,ERR,ERR,ERR,ERR,ERR,ERR,ERR,ERR,ERR,ERR,ERR,ERR,ERR,ERR,ERR,ERR,ERR,ERR,ERR,ERR,ERR,ERR,ERR,ERR,ERR,ERR,ERR,ERR,ERR,ERR,ERR,ERR,ERR,ERR,ERR,ERR,ERR,ERR,ERR,ERR,ERR,ERR,ERR,ERR,ERR,ERR,ERR,ERR,ERR,ERR,ERR,ERR,ERR,ERR,ERR,ERR,ERR,ERR,ERR,ERR,ERR,ERR,ERR,ERR,ERR,ERR,ERR,ERR,ERR,ERR,ERR,ERR,ERR,ERR,ERR,ERR,ERR,ERR,ERR,ERR,2.7184312818759872e+23,0.0,0.0,0.0,nan,1.3936040501711995e+18,7.805,-5533387829805056.0,0,0,4,48954,6720,14723890282496.0,100,0.0,0.0,0.0,0.059,0.0,0,0,0,0,0.0,0,0,0,0,0,0,0,0,0,0,0,0,0,0,0,0,0,0,0,0,0,0,0,0,0,0,0,0,0,0,0,0,0,26,51,50,76,65476,0,300,0,0,8,21553,0.0,-107605600.0,0.0,0.0,0.0,0.0,0.0,0.0,0.0,0.0,0.0,0.0,0.0,0.0,0.0,0.0,0.0,0.0,0.0,0.0,0.0,0.0,-2.004,0.0,-2.004,-2.004,0.0,0.0,0.0,0.0,4771.0,-2.422985886919649e+24,7293.0,2.7184312818759872e+23,0.0,-0.0,-0.0,0.0,0.0,0.0,0.0,77,0.0,-2.3088264680449665e+20,0.0,0.0,0.0,0.0,0.0,0.0,0.0,0,0,0,0.0,0.0,0.0,0.0,0.0,0.0,0.0,0.0,0.0,0.0,0.0,0.0,0.0,0.0,0.0,0.0,0,-107875648.0,77,0.0,154,0.0,0.0,ERR,ERR,ERR,ERR,ERR,ERR,ERR,ERR,ERR,ERR,ERR,ERR,ERR,ERR,ERR,ERR,ERR,ERR,ERR,ERR,ERR,ERR,ERR,ERR,ERR,ERR,ERR,ERR,ERR,ERR,ERR,ERR,ERR,ERR,ERR,ERR,ERR,ERR,ERR,ERR,ERR,ERR,ERR,ERR,ERR,ERR,ERR,ERR,ERR,ERR,ERR,ERR,ERR,ERR,ERR,ERR,ERR,ERR,ERR,ERR,ERR,ERR,ERR,ERR,ERR,ERR,ERR,34.0,80.0,35,0.0,0.0,0.0,0.0,0.0,0.0,0.0,0.0,0.0,0.0,0.0,0.0,0.0,0.0,0.0,0.0,65.6,0,120,58,53,65476,0,300,0,0,8,20529,65476,0,0,57672,80.0,0.0,0.0,0.0,0.0,0.0
2026-06-18T02:40:38,ERR,ERR,ERR,ERR,ERR,ERR,ERR,ERR,ERR,ERR,ERR,ERR,ERR,ERR,ERR,ERR,ERR,ERR,ERR,ERR,ERR,ERR,ERR,ERR,ERR,ERR,ERR,ERR,ERR,ERR,ERR,ERR,ERR,ERR,ERR,ERR,ERR,ERR,ERR,ERR,ERR,ERR,ERR,ERR,ERR,ERR,ERR,ERR,ERR,ERR,ERR,ERR,ERR,ERR,ERR,ERR,ERR,ERR,ERR,ERR,ERR,ERR,ERR,ERR,ERR,ERR,ERR,ERR,ERR,ERR,ERR,ERR,ERR,ERR,ERR,ERR,ERR,ERR,ERR,ERR,ERR,ERR,ERR,ERR,ERR,ERR,ERR,ERR,ERR,ERR,ERR,ERR,ERR,ERR,ERR,ERR,ERR,ERR,ERR,ERR,ERR,ERR,ERR,ERR,ERR,ERR,ERR,ERR,ERR,ERR,ERR,ERR,ERR,ERR,ERR,ERR,ERR,ERR,ERR,ERR,ERR,ERR,ERR,ERR,ERR,2.7184312818759872e+23,0.0,0.0,0.0,nan,1.3936040501711995e+18,7.805,-5533387829805056.0,0,0,4,48954,6720,14723890282496.0,100,0.0,0.0,0.0,0.059,0.0,0,0,0,0,0.0,0,0,0,0,0,0,0,0,0,0,0,0,0,0,0,0,0,0,0,0,0,0,0,0,0,0,0,0,0,0,0,0,0,26,51,50,76,65476,0,300,0,0,8,21553,0.0,-107605600.0,0.0,0.0,0.0,0.0,0.0,0.0,0.0,0.0,0.0,0.0,0.0,0.0,0.0,0.0,0.0,0.0,0.0,0.0,0.0,0.0,-2.004,0.0,-2.004,-2.004,0.0,0.0,0.0,0.0,4771.0,-2.422985886919649e+24,7293.0,2.7184312818759872e+23,0.0,-0.0,-0.0,0.0,0.0,0.0,0.0,77,0.0,-2.3088264680449665e+20,0.0,0.0,0.0,0.0,0.0,0.0,0.0,0,0,0,0.0,0.0,0.0,0.0,0.0,0.0,0.0,0.0,0.0,0.0,0.0,0.0,0.0,0.0,0.0,0.0,0,-107875648.0,77,0.0,154,0.0,0.0,ERR,ERR,ERR,ERR,ERR,ERR,ERR,ERR,ERR,ERR,ERR,ERR,ERR,ERR,ERR,ERR,ERR,ERR,ERR,ERR,ERR,ERR,ERR,ERR,ERR,ERR,ERR,ERR,ERR,ERR,ERR,ERR,ERR,ERR,ERR,ERR,ERR,ERR,ERR,ERR,ERR,ERR,ERR,ERR,ERR,ERR,ERR,ERR,ERR,ERR,ERR,ERR,ERR,ERR,ERR,ERR,ERR,ERR,ERR,ERR,ERR,ERR,ERR,ERR,ERR,ERR,ERR,34.0,80.0,35,0.0,0.0,0.0,0.0,0.0,0.0,0.0,0.0,0.0,0.0,0.0,0.0,0.0,0.0,0.0,0.0,65.6,0,120,58,53,65476,0,300,0,0,8,20529,65476,0,0,57672,80.0,0.0,0.0,0.0,0.0,0.0
2026-06-18T02:40:39,ERR,ERR,ERR,ERR,ERR,ERR,ERR,ERR,ERR,ERR,ERR,ERR,ERR,ERR,ERR,ERR,ERR,ERR,ERR,ERR,ERR,ERR,ERR,ERR,ERR,ERR,ERR,ERR,ERR,ERR,ERR,ERR,ERR,ERR,ERR,ERR,ERR,ERR,ERR,ERR,ERR,ERR,ERR,ERR,ERR,ERR,ERR,ERR,ERR,ERR,ERR,ERR,ERR,ERR,ERR,ERR,ERR,ERR,ERR,ERR,ERR,ERR,ERR,ERR,ERR,ERR,ERR,ERR,ERR,ERR,ERR,ERR,ERR,ERR,ERR,ERR,ERR,ERR,ERR,ERR,ERR,ERR,ERR,ERR,ERR,ERR,ERR,ERR,ERR,ERR,ERR,ERR,ERR,ERR,ERR,ERR,ERR,ERR,ERR,ERR,ERR,ERR,ERR,ERR,ERR,ERR,ERR,ERR,ERR,ERR,ERR,ERR,ERR,ERR,ERR,ERR,ERR,ERR,ERR,ERR,ERR,ERR,ERR,ERR,ERR,2.7184312818759872e+23,0.0,0.0,0.0,nan,1.3936040501711995e+18,7.805,-5533387829805056.0,0,0,4,48954,6720,14723890282496.0,100,0.0,0.0,0.0,0.059,0.0,0,0,0,0,0.0,0,0,0,0,0,0,0,0,0,0,0,0,0,0,0,0,0,0,0,0,0,0,0,0,0,0,0,0,0,0,0,0,0,26,51,50,76,65476,0,300,0,0,8,21553,0.0,-107605600.0,0.0,0.0,0.0,0.0,0.0,0.0,0.0,0.0,0.0,0.0,0.0,0.0,0.0,0.0,0.0,0.0,0.0,0.0,0.0,0.0,-2.004,0.0,-2.004,-2.004,0.0,0.0,0.0,0.0,4771.0,-2.422985886919649e+24,7293.0,2.7184312818759872e+23,0.0,-0.0,-0.0,0.0,0.0,0.0,0.0,77,0.0,-2.3088264680449665e+20,0.0,0.0,0.0,0.0,0.0,0.0,0.0,0,0,0,0.0,0.0,0.0,0.0,0.0,0.0,0.0,0.0,0.0,0.0,0.0,0.0,0.0,0.0,0.0,0.0,0,-107875648.0,77,0.0,154,0.0,0.0,ERR,ERR,ERR,ERR,ERR,ERR,ERR,ERR,ERR,ERR,ERR,ERR,ERR,ERR,ERR,ERR,ERR,ERR,ERR,ERR,ERR,ERR,ERR,ERR,ERR,ERR,ERR,ERR,ERR,ERR,ERR,ERR,ERR,ERR,ERR,ERR,ERR,ERR,ERR,ERR,ERR,ERR,ERR,ERR,ERR,ERR,ERR,ERR,ERR,ERR,ERR,ERR,ERR,ERR,ERR,ERR,ERR,ERR,ERR,ERR,ERR,ERR,ERR,ERR,ERR,ERR,ERR,34.0,80.0,35,0.0,0.0,0.0,0.0,0.0,0.0,0.0,0.0,0.0,0.0,0.0,0.0,0.0,0.0,0.0,0.0,66.4,0,120,58,53,65476,0,300,0,0,8,20529,65476,0,0,57672,80.0,0.0,0.0,0.0,0.0,0.0
2026-06-18T02:40:40,ERR,ERR,ERR,ERR,ERR,ERR,ERR,ERR,ERR,ERR,ERR,ERR,ERR,ERR,ERR,ERR,ERR,ERR,ERR,ERR,ERR,ERR,ERR,ERR,ERR,ERR,ERR,ERR,ERR,ERR,ERR,ERR,ERR,ERR,ERR,ERR,ERR,ERR,ERR,ERR,ERR,ERR,ERR,ERR,ERR,ERR,ERR,ERR,ERR,ERR,ERR,ERR,ERR,ERR,ERR,ERR,ERR,ERR,ERR,ERR,ERR,ERR,ERR,ERR,ERR,ERR,ERR,ERR,ERR,ERR,ERR,ERR,ERR,ERR,ERR,ERR,ERR,ERR,ERR,ERR,ERR,ERR,ERR,ERR,ERR,ERR,ERR,ERR,ERR,ERR,ERR,ERR,ERR,ERR,ERR,ERR,ERR,ERR,ERR,ERR,ERR,ERR,ERR,ERR,ERR,ERR,ERR,ERR,ERR,ERR,ERR,ERR,ERR,ERR,ERR,ERR,ERR,ERR,ERR,ERR,ERR,ERR,ERR,ERR,ERR,2.7184312818759872e+23,0.0,0.0,0.0,nan,1.3936040501711995e+18,7.805,-5533387829805056.0,0,0,4,48954,6720,14723890282496.0,100,0.0,0.0,0.0,0.059,0.0,0,0,0,0,0.0,0,0,0,0,0,0,0,0,0,0,0,0,0,0,0,0,0,0,0,0,0,0,0,0,0,0,0,0,0,0,0,0,0,26,51,50,76,65476,0,300,0,0,8,21553,0.0,-107605600.0,0.0,0.0,0.0,0.0,0.0,0.0,0.0,0.0,0.0,0.0,0.0,0.0,0.0,0.0,0.0,0.0,0.0,0.0,0.0,0.0,-2.004,0.0,-2.004,-2.004,0.0,0.0,0.0,0.0,4771.0,-2.422985886919649e+24,7293.0,2.7184312818759872e+23,0.0,-0.0,-0.0,0.0,0.0,0.0,0.0,77,0.0,-2.3088264680449665e+20,0.0,0.0,0.0,0.0,0.0,0.0,0.0,0,0,0,0.0,0.0,0.0,0.0,0.0,0.0,0.0,0.0,0.0,0.0,0.0,0.0,0.0,0.0,0.0,0.0,0,-107875648.0,77,0.0,154,0.0,0.0,ERR,ERR,ERR,ERR,ERR,ERR,ERR,ERR,ERR,ERR,ERR,ERR,ERR,ERR,ERR,ERR,ERR,ERR,ERR,ERR,ERR,ERR,ERR,ERR,ERR,ERR,ERR,ERR,ERR,ERR,ERR,ERR,ERR,ERR,ERR,ERR,ERR,ERR,ERR,ERR,ERR,ERR,ERR,ERR,ERR,ERR,ERR,ERR,ERR,ERR,ERR,ERR,ERR,ERR,ERR,ERR,ERR,ERR,ERR,ERR,ERR,ERR,ERR,ERR,ERR,ERR,ERR,34.0,80.0,35,0.0,0.0,0.0,0.0,0.0,0.0,0.0,0.0,0.0,0.0,0.0,0.0,0.0,0.0,0.0,0.0,66.4,0,120,58,53,65476,0,300,0,0,8,20529,65476,0,0,57672,80.0,0.0,0.0,0.0,0.0,0.0
2026-06-18T02:40:41,ERR,ERR,ERR,ERR,ERR,ERR,ERR,ERR,ERR,ERR,ERR,ERR,ERR,ERR,ERR,ERR,ERR,ERR,ERR,ERR,ERR,ERR,ERR,ERR,ERR,ERR,ERR,ERR,ERR,ERR,ERR,ERR,ERR,ERR,ERR,ERR,ERR,ERR,ERR,ERR,ERR,ERR,ERR,ERR,ERR,ERR,ERR,ERR,ERR,ERR,ERR,ERR,ERR,ERR,ERR,ERR,ERR,ERR,ERR,ERR,ERR,ERR,ERR,ERR,ERR,ERR,ERR,ERR,ERR,ERR,ERR,ERR,ERR,ERR,ERR,ERR,ERR,ERR,ERR,ERR,ERR,ERR,ERR,ERR,ERR,ERR,ERR,ERR,ERR,ERR,ERR,ERR,ERR,ERR,ERR,ERR,ERR,ERR,ERR,ERR,ERR,ERR,ERR,ERR,ERR,ERR,ERR,ERR,ERR,ERR,ERR,ERR,ERR,ERR,ERR,ERR,ERR,ERR,ERR,ERR,ERR,ERR,ERR,ERR,ERR,2.7184312818759872e+23,0.0,0.0,0.059,nan,1.3936040501711995e+18,7.805,-0.001,0,0,4,48956,6720,14723890282496.0,100,0.0,0.0,0.0,0.059,0.0,0,0,0,0,0.0,0,0,0,0,0,0,0,0,0,0,0,0,0,0,0,0,0,0,0,0,0,0,0,0,0,0,0,0,0,0,0,0,0,26,51,50,76,65476,0,300,0,0,8,21553,0.0,-107605600.0,0.0,0.0,0.0,0.0,0.0,0.0,0.0,0.0,0.0,0.0,0.0,0.0,0.0,0.0,0.0,0.0,0.0,0.0,0.0,0.0,-2.004,0.0,-2.004,-2.004,0.0,0.0,0.0,0.0,4797.0,-1.0406645142989446e+34,7295.0,2.7184312818759872e+23,0.0,-0.0,-0.0,0.0,0.0,0.0,0.0,77,-4.0668804810561766e+29,-4.950398036242045e+32,0.0,0.0,0.0,0.0,0.0,0.0,0.0,0,0,0,0.0,0.0,0.0,0.0,0.0,0.0,0.0,0.0,0.0,0.0,0.0,0.0,0.0,0.0,0.0,0.0,0,-107875648.0,77,0.0,154,0.0,0.0,ERR,ERR,ERR,ERR,ERR,ERR,ERR,ERR,ERR,ERR,ERR,ERR,ERR,ERR,ERR,ERR,ERR,ERR,ERR,ERR,ERR,ERR,ERR,ERR,ERR,ERR,ERR,ERR,ERR,ERR,ERR,ERR,ERR,ERR,ERR,ERR,ERR,ERR,ERR,ERR,ERR,ERR,ERR,ERR,ERR,ERR,ERR,ERR,ERR,ERR,ERR,ERR,ERR,ERR,ERR,ERR,ERR,ERR,ERR,ERR,ERR,ERR,ERR,ERR,ERR,ERR,ERR,34.0,80.0,35,0.0,0.0,0.0,0.0,0.0,0.0,0.0,0.0,0.0,0.0,0.0,0.0,0.0,0.0,0.0,0.0,66.4,0,120,58,53,65476,0,300,0,0,8,20529,65476,0,0,57672,80.0,0.0,0.0,0.0,0.0,0.0
2026-06-18T02:40:42,ERR,ERR,ERR,ERR,ERR,ERR,ERR,ERR,ERR,ERR,ERR,ERR,ERR,ERR,ERR,ERR,ERR,ERR,ERR,ERR,ERR,ERR,ERR,ERR,ERR,ERR,ERR,ERR,ERR,ERR,ERR,ERR,ERR,ERR,ERR,ERR,ERR,ERR,ERR,ERR,ERR,ERR,ERR,ERR,ERR,ERR,ERR,ERR,ERR,ERR,ERR,ERR,ERR,ERR,ERR,ERR,ERR,ERR,ERR,ERR,ERR,ERR,ERR,ERR,ERR,ERR,ERR,ERR,ERR,ERR,ERR,ERR,ERR,ERR,ERR,ERR,ERR,ERR,ERR,ERR,ERR,ERR,ERR,ERR,ERR,ERR,ERR,ERR,ERR,ERR,ERR,ERR,ERR,ERR,ERR,ERR,ERR,ERR,ERR,ERR,ERR,ERR,ERR,ERR,ERR,ERR,ERR,ERR,ERR,ERR,ERR,ERR,ERR,ERR,ERR,ERR,ERR,ERR,ERR,ERR,ERR,ERR,ERR,ERR,ERR,2.7184312818759872e+23,0.0,0.0,0.059,nan,1.3936040501711995e+18,7.805,-0.001,0,0,4,48956,6720,14723890282496.0,100,0.0,0.0,0.0,0.059,0.0,0,0,0,0,0.0,0,0,0,0,0,0,0,0,0,0,0,0,0,0,0,0,0,0,0,0,0,0,0,0,0,0,0,0,0,0,0,0,0,26,51,50,76,65476,0,300,0,0,8,21553,0.0,-107605600.0,0.0,0.0,0.0,0.0,0.0,0.0,0.0,0.0,0.0,0.0,0.0,0.0,0.0,0.0,0.0,0.0,0.0,0.0,0.0,0.0,-2.004,0.0,-2.004,-2.004,0.0,0.0,0.0,0.0,4797.0,-1.0406645142989446e+34,7295.0,2.7184312818759872e+23,0.0,-0.0,-0.0,0.0,0.0,0.0,0.0,77,-4.0668804810561766e+29,-4.950398036242045e+32,0.0,0.0,0.0,0.0,0.0,0.0,0.0,0,0,0,0.0,0.0,0.0,0.0,0.0,0.0,0.0,0.0,0.0,0.0,0.0,0.0,0.0,0.0,0.0,0.0,0,-107875648.0,77,0.0,154,0.0,0.0,ERR,ERR,ERR,ERR,ERR,ERR,ERR,ERR,ERR,ERR,ERR,ERR,ERR,ERR,ERR,ERR,ERR,ERR,ERR,ERR,ERR,ERR,ERR,ERR,ERR,ERR,ERR,ERR,ERR,ERR,ERR,ERR,ERR,ERR,ERR,ERR,ERR,ERR,ERR,ERR,ERR,ERR,ERR,ERR,ERR,ERR,ERR,ERR,ERR,ERR,ERR,ERR,ERR,ERR,ERR,ERR,ERR,ERR,ERR,ERR,ERR,ERR,ERR,ERR,ERR,ERR,ERR,34.0,80.0,35,0.0,0.0,0.0,0.0,0.0,0.0,0.0,0.0,0.0,0.0,0.0,0.0,0.0,0.0,0.0,0.0,65.6,0,120,58,53,65476,0,300,0,0,8,20529,65476,0,0,57672,80.0,0.0,0.0,0.0,0.0,0.0
2026-06-18T02:40:43,ERR,ERR,ERR,ERR,ERR,ERR,ERR,ERR,ERR,ERR,ERR,ERR,ERR,ERR,ERR,ERR,ERR,ERR,ERR,ERR,ERR,ERR,ERR,ERR,ERR,ERR,ERR,ERR,ERR,ERR,ERR,ERR,ERR,ERR,ERR,ERR,ERR,ERR,ERR,ERR,ERR,ERR,ERR,ERR,ERR,ERR,ERR,ERR,ERR,ERR,ERR,ERR,ERR,ERR,ERR,ERR,ERR,ERR,ERR,ERR,ERR,ERR,ERR,ERR,ERR,ERR,ERR,ERR,ERR,ERR,ERR,ERR,ERR,ERR,ERR,ERR,ERR,ERR,ERR,ERR,ERR,ERR,ERR,ERR,ERR,ERR,ERR,ERR,ERR,ERR,ERR,ERR,ERR,ERR,ERR,ERR,ERR,ERR,ERR,ERR,ERR,ERR,ERR,ERR,ERR,ERR,ERR,ERR,ERR,ERR,ERR,ERR,ERR,ERR,ERR,ERR,ERR,ERR,ERR,ERR,ERR,ERR,ERR,ERR,ERR,2.7184312818759872e+23,0.0,0.0,0.059,nan,1.3936040501711995e+18,7.805,-0.001,0,0,4,48956,6720,14723890282496.0,100,0.0,0.0,0.0,0.059,0.0,0,0,0,0,0.0,0,0,0,0,0,0,0,0,0,0,0,0,0,0,0,0,0,0,0,0,0,0,0,0,0,0,0,0,0,0,0,0,0,26,51,50,76,65476,0,300,0,0,8,21553,0.0,-107605600.0,0.0,0.0,0.0,0.0,0.0,0.0,0.0,0.0,0.0,0.0,0.0,0.0,0.0,0.0,0.0,0.0,0.0,0.0,0.0,0.0,-2.004,0.0,-2.004,-2.004,0.0,0.0,0.0,0.0,4797.0,-1.0406645142989446e+34,7295.0,2.7184312818759872e+23,0.0,-0.0,-0.0,0.0,0.0,0.0,0.0,77,-4.0668804810561766e+29,-4.950398036242045e+32,0.0,0.0,0.0,0.0,0.0,0.0,0.0,0,0,0,0.0,0.0,0.0,0.0,0.0,0.0,0.0,0.0,0.0,0.0,0.0,0.0,0.0,0.0,0.0,0.0,0,-107875648.0,77,0.0,154,0.0,0.0,ERR,ERR,ERR,ERR,ERR,ERR,ERR,ERR,ERR,ERR,ERR,ERR,ERR,ERR,ERR,ERR,ERR,ERR,ERR,ERR,ERR,ERR,ERR,ERR,ERR,ERR,ERR,ERR,ERR,ERR,ERR,ERR,ERR,ERR,ERR,ERR,ERR,ERR,ERR,ERR,ERR,ERR,ERR,ERR,ERR,ERR,ERR,ERR,ERR,ERR,ERR,ERR,ERR,ERR,ERR,ERR,ERR,ERR,ERR,ERR,ERR,ERR,ERR,ERR,ERR,ERR,ERR,34.0,80.0,35,0.0,0.0,0.0,0.0,0.0,0.0,0.0,0.0,0.0,0.0,0.0,0.0,0.0,0.0,0.0,0.0,65.6,0,120,58,53,65476,0,300,0,0,8,20529,65476,0,0,57672,80.0,0.0,0.0,0.0,0.0,0.0
2026-06-18T02:40:44,ERR,ERR,ERR,ERR,ERR,ERR,ERR,ERR,ERR,ERR,ERR,ERR,ERR,ERR,ERR,ERR,ERR,ERR,ERR,ERR,ERR,ERR,ERR,ERR,ERR,ERR,ERR,ERR,ERR,ERR,ERR,ERR,ERR,ERR,ERR,ERR,ERR,ERR,ERR,ERR,ERR,ERR,ERR,ERR,ERR,ERR,ERR,ERR,ERR,ERR,ERR,ERR,ERR,ERR,ERR,ERR,ERR,ERR,ERR,ERR,ERR,ERR,ERR,ERR,ERR,ERR,ERR,ERR,ERR,ERR,ERR,ERR,ERR,ERR,ERR,ERR,ERR,ERR,ERR,ERR,ERR,ERR,ERR,ERR,ERR,ERR,ERR,ERR,ERR,ERR,ERR,ERR,ERR,ERR,ERR,ERR,ERR,ERR,ERR,ERR,ERR,ERR,ERR,ERR,ERR,ERR,ERR,ERR,ERR,ERR,ERR,ERR,ERR,ERR,ERR,ERR,ERR,ERR,ERR,ERR,ERR,ERR,ERR,ERR,ERR,2.7184312818759872e+23,0.0,0.0,0.059,nan,1.3936040501711995e+18,7.805,-0.001,0,0,4,48956,6720,14723890282496.0,100,0.0,0.0,0.0,0.059,0.0,0,0,0,0,0.0,0,0,0,0,0,0,0,0,0,0,0,0,0,0,0,0,0,0,0,0,0,0,0,0,0,0,0,0,0,0,0,0,0,26,51,50,76,65476,0,300,0,0,8,21553,0.0,-107605600.0,0.0,0.0,0.0,0.0,0.0,0.0,0.0,0.0,0.0,0.0,0.0,0.0,0.0,0.0,0.0,0.0,0.0,0.0,0.0,0.0,-2.004,0.0,-2.004,-2.004,0.0,0.0,0.0,0.0,4797.0,-1.0406645142989446e+34,7295.0,2.7184312818759872e+23,0.0,-0.0,-0.0,0.0,0.0,0.0,0.0,77,-4.0668804810561766e+29,-4.950398036242045e+32,0.0,0.0,0.0,0.0,0.0,0.0,0.0,0,0,0,0.0,0.0,0.0,0.0,0.0,0.0,0.0,0.0,0.0,0.0,0.0,0.0,0.0,0.0,0.0,0.0,0,-107875648.0,77,0.0,154,0.0,0.0,ERR,ERR,ERR,ERR,ERR,ERR,ERR,ERR,ERR,ERR,ERR,ERR,ERR,ERR,ERR,ERR,ERR,ERR,ERR,ERR,ERR,ERR,ERR,ERR,ERR,ERR,ERR,ERR,ERR,ERR,ERR,ERR,ERR,ERR,ERR,ERR,ERR,ERR,ERR,ERR,ERR,ERR,ERR,ERR,ERR,ERR,ERR,ERR,ERR,ERR,ERR,ERR,ERR,ERR,ERR,ERR,ERR,ERR,ERR,ERR,ERR,ERR,ERR,ERR,ERR,ERR,ERR,34.0,80.0,35,0.0,0.0,0.0,0.0,0.0,0.0,0.0,0.0,0.0,0.0,0.0,0.0,0.0,0.0,0.0,0.0,66.0,0,120,58,53,65476,0,300,0,0,8,20529,65476,0,0,57672,80.0,0.0,0.0,0.0,0.0,0.0
2026-06-18T02:40:45,ERR,ERR,ERR,ERR,ERR,ERR,ERR,ERR,ERR,ERR,ERR,ERR,ERR,ERR,ERR,ERR,ERR,ERR,ERR,ERR,ERR,ERR,ERR,ERR,ERR,ERR,ERR,ERR,ERR,ERR,ERR,ERR,ERR,ERR,ERR,ERR,ERR,ERR,ERR,ERR,ERR,ERR,ERR,ERR,ERR,ERR,ERR,ERR,ERR,ERR,ERR,ERR,ERR,ERR,ERR,ERR,ERR,ERR,ERR,ERR,ERR,ERR,ERR,ERR,ERR,ERR,ERR,ERR,ERR,ERR,ERR,ERR,ERR,ERR,ERR,ERR,ERR,ERR,ERR,ERR,ERR,ERR,ERR,ERR,ERR,ERR,ERR,ERR,ERR,ERR,ERR,ERR,ERR,ERR,ERR,ERR,ERR,ERR,ERR,ERR,ERR,ERR,ERR,ERR,ERR,ERR,ERR,ERR,ERR,ERR,ERR,ERR,ERR,ERR,ERR,ERR,ERR,ERR,ERR,ERR,ERR,ERR,ERR,ERR,ERR,2.7184312818759872e+23,0.0,0.0,0.059,nan,1.3936040501711995e+18,7.805,-0.001,0,0,4,48956,6720,14723890282496.0,100,0.0,0.0,0.0,0.059,0.0,0,0,0,0,0.0,0,0,0,0,0,0,0,0,0,0,0,0,0,0,0,0,0,0,0,0,0,0,0,0,0,0,0,0,0,0,0,0,0,26,51,50,76,65476,0,300,0,0,8,21553,0.0,-107605600.0,0.0,0.0,0.0,0.0,0.0,0.0,0.0,0.0,0.0,0.0,0.0,0.0,0.0,0.0,0.0,0.0,0.0,0.0,0.0,0.0,-2.004,0.0,-2.004,-2.004,0.0,0.0,0.0,0.0,4797.0,-1.0406645142989446e+34,7295.0,2.7184312818759872e+23,0.0,-0.0,-0.0,0.0,0.0,0.0,0.0,77,-4.0668804810561766e+29,-4.950398036242045e+32,0.0,0.0,0.0,0.0,0.0,0.0,0.0,0,0,0,0.0,0.0,0.0,0.0,0.0,0.0,0.0,0.0,0.0,0.0,0.0,0.0,0.0,0.0,0.0,0.0,0,-107875648.0,77,0.0,154,0.0,0.0,ERR,ERR,ERR,ERR,ERR,ERR,ERR,ERR,ERR,ERR,ERR,ERR,ERR,ERR,ERR,ERR,ERR,ERR,ERR,ERR,ERR,ERR,ERR,ERR,ERR,ERR,ERR,ERR,ERR,ERR,ERR,ERR,ERR,ERR,ERR,ERR,ERR,ERR,ERR,ERR,ERR,ERR,ERR,ERR,ERR,ERR,ERR,ERR,ERR,ERR,ERR,ERR,ERR,ERR,ERR,ERR,ERR,ERR,ERR,ERR,ERR,ERR,ERR,ERR,ERR,ERR,ERR,34.0,80.0,35,0.0,0.0,0.0,0.0,0.0,0.0,0.0,0.0,0.0,0.0,0.0,0.0,0.0,0.0,0.0,0.0,66.0,0,120,58,53,65476,0,300,0,0,8,20529,65476,0,0,57672,80.0,0.0,0.0,0.0,0.0,0.0
2026-06-18T02:40:46,ERR,ERR,ERR,ERR,ERR,ERR,ERR,ERR,ERR,ERR,ERR,ERR,ERR,ERR,ERR,ERR,ERR,ERR,ERR,ERR,ERR,ERR,ERR,ERR,ERR,ERR,ERR,ERR,ERR,ERR,ERR,ERR,ERR,ERR,ERR,ERR,ERR,ERR,ERR,ERR,ERR,ERR,ERR,ERR,ERR,ERR,ERR,ERR,ERR,ERR,ERR,ERR,ERR,ERR,ERR,ERR,ERR,ERR,ERR,ERR,ERR,ERR,ERR,ERR,ERR,ERR,ERR,ERR,ERR,ERR,ERR,ERR,ERR,ERR,ERR,ERR,ERR,ERR,ERR,ERR,ERR,ERR,ERR,ERR,ERR,ERR,ERR,ERR,ERR,ERR,ERR,ERR,ERR,ERR,ERR,ERR,ERR,ERR,ERR,ERR,ERR,ERR,ERR,ERR,ERR,ERR,ERR,ERR,ERR,ERR,ERR,ERR,ERR,ERR,ERR,ERR,ERR,ERR,ERR,ERR,ERR,ERR,ERR,ERR,ERR,2.7184312818759872e+23,0.0,0.0,-0.0,-1.584,1.3936040501711995e+18,7.805,8.60689115769574e+30,0,0,4,48954,6720,14723890282496.0,100,0.0,0.0,0.0,-152005385388032.0,0.0,0,0,0,0,0.0,0,0,0,0,0,0,0,0,0,0,0,0,0,0,0,0,0,0,0,0,0,0,0,0,0,0,0,0,0,0,0,0,0,26,51,50,76,65476,0,300,0,0,8,21553,0.0,-107605600.0,0.0,0.0,0.0,0.0,0.0,0.0,0.0,0.0,0.0,0.0,0.0,0.0,0.0,0.0,0.0,0.0,0.0,0.0,0.0,0.0,-2.004,0.0,-2.004,-2.004,0.0,0.0,0.0,0.0,4768.0,-1.587928030851661e+29,7294.0,2.7184312818759872e+23,0.0,-0.0,-0.0,0.0,0.0,0.0,0.0,77,0.0,-3.2219994468298344e+26,0.0,0.0,0.0,0.0,0.0,0.0,0.0,0,0,0,0.0,0.0,0.0,0.0,0.0,0.0,0.0,0.0,0.0,0.0,0.0,0.0,0.0,0.0,0.0,0.0,0,-107875648.0,77,0.0,154,0.0,0.0,ERR,ERR,ERR,ERR,ERR,ERR,ERR,ERR,ERR,ERR,ERR,ERR,ERR,ERR,ERR,ERR,ERR,ERR,ERR,ERR,ERR,ERR,ERR,ERR,ERR,ERR,ERR,ERR,ERR,ERR,ERR,ERR,ERR,ERR,ERR,ERR,ERR,ERR,ERR,ERR,ERR,ERR,ERR,ERR,ERR,ERR,ERR,ERR,ERR,ERR,ERR,ERR,ERR,ERR,ERR,ERR,ERR,ERR,ERR,ERR,ERR,ERR,ERR,ERR,ERR,ERR,ERR,34.0,80.0,35,0.0,0.0,0.0,0.0,0.0,0.0,0.0,0.0,0.0,0.0,0.0,0.0,0.0,0.0,0.0,0.0,66.0,0,120,58,53,65476,0,300,0,0,8,20529,65476,0,0,57672,80.0,0.0,0.0,0.0,0.0,0.0
2026-06-18T02:40:47,ERR,ERR,ERR,ERR,ERR,ERR,ERR,ERR,ERR,ERR,ERR,ERR,ERR,ERR,ERR,ERR,ERR,ERR,ERR,ERR,ERR,ERR,ERR,ERR,ERR,ERR,ERR,ERR,ERR,ERR,ERR,ERR,ERR,ERR,ERR,ERR,ERR,ERR,ERR,ERR,ERR,ERR,ERR,ERR,ERR,ERR,ERR,ERR,ERR,ERR,ERR,ERR,ERR,ERR,ERR,ERR,ERR,ERR,ERR,ERR,ERR,ERR,ERR,ERR,ERR,ERR,ERR,ERR,ERR,ERR,ERR,ERR,ERR,ERR,ERR,ERR,ERR,ERR,ERR,ERR,ERR,ERR,ERR,ERR,ERR,ERR,ERR,ERR,ERR,ERR,ERR,ERR,ERR,ERR,ERR,ERR,ERR,ERR,ERR,ERR,ERR,ERR,ERR,ERR,ERR,ERR,ERR,ERR,ERR,ERR,ERR,ERR,ERR,ERR,ERR,ERR,ERR,ERR,ERR,ERR,ERR,ERR,ERR,ERR,ERR,2.7184312818759872e+23,0.0,0.0,-0.0,-1.584,1.3936040501711995e+18,7.805,8.60689115769574e+30,0,0,4,48954,6720,14723890282496.0,100,0.0,0.0,0.0,-152005385388032.0,0.0,0,0,0,0,0.0,0,0,0,0,0,0,0,0,0,0,0,0,0,0,0,0,0,0,0,0,0,0,0,0,0,0,0,0,0,0,0,0,0,26,51,50,76,65476,0,300,0,0,8,21553,0.0,-107605600.0,0.0,0.0,0.0,0.0,0.0,0.0,0.0,0.0,0.0,0.0,0.0,0.0,0.0,0.0,0.0,0.0,0.0,0.0,0.0,0.0,-2.004,0.0,-2.004,-2.004,0.0,0.0,0.0,0.0,4768.0,-1.587928030851661e+29,7294.0,2.7184312818759872e+23,0.0,-0.0,-0.0,0.0,0.0,0.0,0.0,77,0.0,-3.2219994468298344e+26,0.0,0.0,0.0,0.0,0.0,0.0,0.0,0,0,0,0.0,0.0,0.0,0.0,0.0,0.0,0.0,0.0,0.0,0.0,0.0,0.0,0.0,0.0,0.0,0.0,0,-107875648.0,77,0.0,154,0.0,0.0,ERR,ERR,ERR,ERR,ERR,ERR,ERR,ERR,ERR,ERR,ERR,ERR,ERR,ERR,ERR,ERR,ERR,ERR,ERR,ERR,ERR,ERR,ERR,ERR,ERR,ERR,ERR,ERR,ERR,ERR,ERR,ERR,ERR,ERR,ERR,ERR,ERR,ERR,ERR,ERR,ERR,ERR,ERR,ERR,ERR,ERR,ERR,ERR,ERR,ERR,ERR,ERR,ERR,ERR,ERR,ERR,ERR,ERR,ERR,ERR,ERR,ERR,ERR,ERR,ERR,ERR,ERR,34.0,80.0,35,0.0,0.0,0.0,0.0,0.0,0.0,0.0,0.0,0.0,0.0,0.0,0.0,0.0,0.0,0.0,0.0,66.0,0,120,58,53,65476,0,300,0,0,8,20529,65476,0,0,57672,80.0,0.0,0.0,0.0,0.0,0.0
2026-06-18T02:40:48,ERR,ERR,ERR,ERR,ERR,ERR,ERR,ERR,ERR,ERR,ERR,ERR,ERR,ERR,ERR,ERR,ERR,ERR,ERR,ERR,ERR,ERR,ERR,ERR,ERR,ERR,ERR,ERR,ERR,ERR,ERR,ERR,ERR,ERR,ERR,ERR,ERR,ERR,ERR,ERR,ERR,ERR,ERR,ERR,ERR,ERR,ERR,ERR,ERR,ERR,ERR,ERR,ERR,ERR,ERR,ERR,ERR,ERR,ERR,ERR,ERR,ERR,ERR,ERR,ERR,ERR,ERR,ERR,ERR,ERR,ERR,ERR,ERR,ERR,ERR,ERR,ERR,ERR,ERR,ERR,ERR,ERR,ERR,ERR,ERR,ERR,ERR,ERR,ERR,ERR,ERR,ERR,ERR,ERR,ERR,ERR,ERR,ERR,ERR,ERR,ERR,ERR,ERR,ERR,ERR,ERR,ERR,ERR,ERR,ERR,ERR,ERR,ERR,ERR,ERR,ERR,ERR,ERR,ERR,ERR,ERR,ERR,ERR,ERR,ERR,2.7184312818759872e+23,0.0,0.0,-0.0,-1.584,1.3936040501711995e+18,7.805,8.60689115769574e+30,0,0,4,48954,6720,14723890282496.0,100,0.0,0.0,0.0,-152005385388032.0,0.0,0,0,0,0,0.0,0,0,0,0,0,0,0,0,0,0,0,0,0,0,0,0,0,0,0,0,0,0,0,0,0,0,0,0,0,0,0,0,0,26,51,50,76,65476,0,300,0,0,8,21553,0.0,-107605600.0,0.0,0.0,0.0,0.0,0.0,0.0,0.0,0.0,0.0,0.0,0.0,0.0,0.0,0.0,0.0,0.0,0.0,0.0,0.0,0.0,-2.004,0.0,-2.004,-2.004,0.0,0.0,0.0,0.0,4768.0,-1.587928030851661e+29,7294.0,2.7184312818759872e+23,0.0,-0.0,-0.0,0.0,0.0,0.0,0.0,77,0.0,-3.2219994468298344e+26,0.0,0.0,0.0,0.0,0.0,0.0,0.0,0,0,0,0.0,0.0,0.0,0.0,0.0,0.0,0.0,0.0,0.0,0.0,0.0,0.0,0.0,0.0,0.0,0.0,0,-107875648.0,77,0.0,154,0.0,0.0,ERR,ERR,ERR,ERR,ERR,ERR,ERR,ERR,ERR,ERR,ERR,ERR,ERR,ERR,ERR,ERR,ERR,ERR,ERR,ERR,ERR,ERR,ERR,ERR,ERR,ERR,ERR,ERR,ERR,ERR,ERR,ERR,ERR,ERR,ERR,ERR,ERR,ERR,ERR,ERR,ERR,ERR,ERR,ERR,ERR,ERR,ERR,ERR,ERR,ERR,ERR,ERR,ERR,ERR,ERR,ERR,ERR,ERR,ERR,ERR,ERR,ERR,ERR,ERR,ERR,ERR,ERR,34.0,80.0,35,0.0,0.0,0.0,0.0,0.0,0.0,0.0,0.0,0.0,0.0,0.0,0.0,0.0,0.0,0.0,0.0,66.0,0,120,58,53,65476,0,300,0,0,8,20529,65476,0,0,57672,80.0,0.0,0.0,0.0,0.0,0.0
2026-06-18T02:40:49,ERR,ERR,ERR,ERR,ERR,ERR,ERR,ERR,ERR,ERR,ERR,ERR,ERR,ERR,ERR,ERR,ERR,ERR,ERR,ERR,ERR,ERR,ERR,ERR,ERR,ERR,ERR,ERR,ERR,ERR,ERR,ERR,ERR,ERR,ERR,ERR,ERR,ERR,ERR,ERR,ERR,ERR,ERR,ERR,ERR,ERR,ERR,ERR,ERR,ERR,ERR,ERR,ERR,ERR,ERR,ERR,ERR,ERR,ERR,ERR,ERR,ERR,ERR,ERR,ERR,ERR,ERR,ERR,ERR,ERR,ERR,ERR,ERR,ERR,ERR,ERR,ERR,ERR,ERR,ERR,ERR,ERR,ERR,ERR,ERR,ERR,ERR,ERR,ERR,ERR,ERR,ERR,ERR,ERR,ERR,ERR,ERR,ERR,ERR,ERR,ERR,ERR,ERR,ERR,ERR,ERR,ERR,ERR,ERR,ERR,ERR,ERR,ERR,ERR,ERR,ERR,ERR,ERR,ERR,ERR,ERR,ERR,ERR,ERR,ERR,2.7184312818759872e+23,0.0,0.0,-0.0,-1.584,1.3936040501711995e+18,7.805,8.60689115769574e+30,0,0,4,48954,6720,14723890282496.0,100,0.0,0.0,0.0,-152005385388032.0,0.0,0,0,0,0,0.0,0,0,0,0,0,0,0,0,0,0,0,0,0,0,0,0,0,0,0,0,0,0,0,0,0,0,0,0,0,0,0,0,0,26,51,50,76,65476,0,300,0,0,8,21553,0.0,-107605600.0,0.0,0.0,0.0,0.0,0.0,0.0,0.0,0.0,0.0,0.0,0.0,0.0,0.0,0.0,0.0,0.0,0.0,0.0,0.0,0.0,-2.004,0.0,-2.004,-2.004,0.0,0.0,0.0,0.0,4768.0,-1.587928030851661e+29,7294.0,2.7184312818759872e+23,0.0,-0.0,-0.0,0.0,0.0,0.0,0.0,77,0.0,-3.2219994468298344e+26,0.0,0.0,0.0,0.0,0.0,0.0,0.0,0,0,0,0.0,0.0,0.0,0.0,0.0,0.0,0.0,0.0,0.0,0.0,0.0,0.0,0.0,0.0,0.0,0.0,0,-107875648.0,77,0.0,154,0.0,0.0,ERR,ERR,ERR,ERR,ERR,ERR,ERR,ERR,ERR,ERR,ERR,ERR,ERR,ERR,ERR,ERR,ERR,ERR,ERR,ERR,ERR,ERR,ERR,ERR,ERR,ERR,ERR,ERR,ERR,ERR,ERR,ERR,ERR,ERR,ERR,ERR,ERR,ERR,ERR,ERR,ERR,ERR,ERR,ERR,ERR,ERR,ERR,ERR,ERR,ERR,ERR,ERR,ERR,ERR,ERR,ERR,ERR,ERR,ERR,ERR,ERR,ERR,ERR,ERR,ERR,ERR,ERR,34.0,80.0,35,0.0,0.0,0.0,0.0,0.0,0.0,0.0,0.0,0.0,0.0,0.0,0.0,0.0,0.0,0.0,0.0,66.0,0,120,58,53,65476,0,300,0,0,8,20529,65476,0,0,57672,80.0,0.0,0.0,0.0,0.0,0.0
2026-06-18T02:40:50,ERR,ERR,ERR,ERR,ERR,ERR,ERR,ERR,ERR,ERR,ERR,ERR,ERR,ERR,ERR,ERR,ERR,ERR,ERR,ERR,ERR,ERR,ERR,ERR,ERR,ERR,ERR,ERR,ERR,ERR,ERR,ERR,ERR,ERR,ERR,ERR,ERR,ERR,ERR,ERR,ERR,ERR,ERR,ERR,ERR,ERR,ERR,ERR,ERR,ERR,ERR,ERR,ERR,ERR,ERR,ERR,ERR,ERR,ERR,ERR,ERR,ERR,ERR,ERR,ERR,ERR,ERR,ERR,ERR,ERR,ERR,ERR,ERR,ERR,ERR,ERR,ERR,ERR,ERR,ERR,ERR,ERR,ERR,ERR,ERR,ERR,ERR,ERR,ERR,ERR,ERR,ERR,ERR,ERR,ERR,ERR,ERR,ERR,ERR,ERR,ERR,ERR,ERR,ERR,ERR,ERR,ERR,ERR,ERR,ERR,ERR,ERR,ERR,ERR,ERR,ERR,ERR,ERR,ERR,ERR,ERR,ERR,ERR,ERR,ERR,2.7184312818759872e+23,0.0,0.0,-0.0,-1.584,1.3936040501711995e+18,7.805,8.60689115769574e+30,0,0,4,48954,6720,14723890282496.0,100,0.0,0.0,0.0,-152005385388032.0,0.0,0,0,0,0,0.0,0,0,0,0,0,0,0,0,0,0,0,0,0,0,0,0,0,0,0,0,0,0,0,0,0,0,0,0,0,0,0,0,0,26,51,50,76,65476,0,300,0,0,8,21553,0.0,-107605600.0,0.0,0.0,0.0,0.0,0.0,0.0,0.0,0.0,0.0,0.0,0.0,0.0,0.0,0.0,0.0,0.0,0.0,0.0,0.0,0.0,-2.004,0.0,-2.004,-2.004,0.0,0.0,0.0,0.0,4768.0,-1.587928030851661e+29,7294.0,2.7184312818759872e+23,0.0,-0.0,-0.0,0.0,0.0,0.0,0.0,77,0.0,-3.2219994468298344e+26,0.0,0.0,0.0,0.0,0.0,0.0,0.0,0,0,0,0.0,0.0,0.0,0.0,0.0,0.0,0.0,0.0,0.0,0.0,0.0,0.0,0.0,0.0,0.0,0.0,0,-107875648.0,77,0.0,154,0.0,0.0,ERR,ERR,ERR,ERR,ERR,ERR,ERR,ERR,ERR,ERR,ERR,ERR,ERR,ERR,ERR,ERR,ERR,ERR,ERR,ERR,ERR,ERR,ERR,ERR,ERR,ERR,ERR,ERR,ERR,ERR,ERR,ERR,ERR,ERR,ERR,ERR,ERR,ERR,ERR,ERR,ERR,ERR,ERR,ERR,ERR,ERR,ERR,ERR,ERR,ERR,ERR,ERR,ERR,ERR,ERR,ERR,ERR,ERR,ERR,ERR,ERR,ERR,ERR,ERR,ERR,ERR,ERR,34.0,80.0,35,0.0,0.0,0.0,0.0,0.0,0.0,0.0,0.0,0.0,0.0,0.0,0.0,0.0,0.0,0.0,0.0,66.0,0,120,58,53,65476,0,300,0,0,8,20529,65476,0,0,57672,80.0,0.0,0.0,0.0,0.0,0.0
2026-06-18T02:40:51,ERR,ERR,ERR,ERR,ERR,ERR,ERR,ERR,ERR,ERR,ERR,ERR,ERR,ERR,ERR,ERR,ERR,ERR,ERR,ERR,ERR,ERR,ERR,ERR,ERR,ERR,ERR,ERR,ERR,ERR,ERR,ERR,ERR,ERR,ERR,ERR,ERR,ERR,ERR,ERR,ERR,ERR,ERR,ERR,ERR,ERR,ERR,ERR,ERR,ERR,ERR,ERR,ERR,ERR,ERR,ERR,ERR,ERR,ERR,ERR,ERR,ERR,ERR,ERR,ERR,ERR,ERR,ERR,ERR,ERR,ERR,ERR,ERR,ERR,ERR,ERR,ERR,ERR,ERR,ERR,ERR,ERR,ERR,ERR,ERR,ERR,ERR,ERR,ERR,ERR,ERR,ERR,ERR,ERR,ERR,ERR,ERR,ERR,ERR,ERR,ERR,ERR,ERR,ERR,ERR,ERR,ERR,ERR,ERR,ERR,ERR,ERR,ERR,ERR,ERR,ERR,ERR,ERR,ERR,ERR,ERR,ERR,ERR,ERR,ERR,2.7184312818759872e+23,0.0,0.0,-107609184.0,nan,1.3936040501711995e+18,7.805,0.0,0,0,4,48961,6720,14723890282496.0,100,0.0,0.0,0.0,2.718290229135658e+23,0.0,0,0,0,0,0.0,0,0,0,0,0,0,0,0,0,0,0,0,0,0,0,0,0,0,0,0,0,0,0,0,0,0,0,0,0,0,0,0,0,26,51,50,76,65476,0,300,0,0,8,21553,0.0,-107605600.0,0.0,0.0,0.0,0.0,0.0,0.0,0.0,0.0,0.0,0.0,0.0,0.0,0.0,0.0,0.0,0.0,0.0,0.0,0.0,0.0,-2.004,0.0,-2.004,-2.004,0.0,0.0,0.0,0.0,4770.0,-2.422985886919649e+24,7293.0,2.7184312818759872e+23,0.0,-0.0,-0.0,0.0,0.0,0.0,0.0,77,0.0,-2.3088264680449665e+20,0.0,0.0,0.0,0.0,0.0,0.0,0.0,0,0,0,0.0,0.0,0.0,0.0,0.0,0.0,0.0,0.0,0.0,0.0,0.0,0.0,0.0,0.0,0.0,0.0,0,-107875648.0,77,0.0,154,0.0,0.0,ERR,ERR,ERR,ERR,ERR,ERR,ERR,ERR,ERR,ERR,ERR,ERR,ERR,ERR,ERR,ERR,ERR,ERR,ERR,ERR,ERR,ERR,ERR,ERR,ERR,ERR,ERR,ERR,ERR,ERR,ERR,ERR,ERR,ERR,ERR,ERR,ERR,ERR,ERR,ERR,ERR,ERR,ERR,ERR,ERR,ERR,ERR,ERR,ERR,ERR,ERR,ERR,ERR,ERR,ERR,ERR,ERR,ERR,ERR,ERR,ERR,ERR,ERR,ERR,ERR,ERR,ERR,34.0,80.0,35,0.0,0.0,0.0,0.0,0.0,0.0,0.0,0.0,0.0,0.0,0.0,0.0,0.0,0.0,0.0,0.0,66.0,0,120,58,53,65476,0,300,0,0,8,20529,65476,0,0,57672,80.0,0.0,0.0,0.0,0.0,0.0
2026-06-18T02:40:52,ERR,ERR,ERR,ERR,ERR,ERR,ERR,ERR,ERR,ERR,ERR,ERR,ERR,ERR,ERR,ERR,ERR,ERR,ERR,ERR,ERR,ERR,ERR,ERR,ERR,ERR,ERR,ERR,ERR,ERR,ERR,ERR,ERR,ERR,ERR,ERR,ERR,ERR,ERR,ERR,ERR,ERR,ERR,ERR,ERR,ERR,ERR,ERR,ERR,ERR,ERR,ERR,ERR,ERR,ERR,ERR,ERR,ERR,ERR,ERR,ERR,ERR,ERR,ERR,ERR,ERR,ERR,ERR,ERR,ERR,ERR,ERR,ERR,ERR,ERR,ERR,ERR,ERR,ERR,ERR,ERR,ERR,ERR,ERR,ERR,ERR,ERR,ERR,ERR,ERR,ERR,ERR,ERR,ERR,ERR,ERR,ERR,ERR,ERR,ERR,ERR,ERR,ERR,ERR,ERR,ERR,ERR,ERR,ERR,ERR,ERR,ERR,ERR,ERR,ERR,ERR,ERR,ERR,ERR,ERR,ERR,ERR,ERR,ERR,ERR,2.7184312818759872e+23,0.0,0.0,-107609184.0,nan,1.3936040501711995e+18,7.805,0.0,0,0,4,48961,6720,14723890282496.0,100,0.0,0.0,0.0,2.718290229135658e+23,0.0,0,0,0,0,0.0,0,0,0,0,0,0,0,0,0,0,0,0,0,0,0,0,0,0,0,0,0,0,0,0,0,0,0,0,0,0,0,0,0,26,51,50,76,65476,0,300,0,0,8,21553,0.0,-107605600.0,0.0,0.0,0.0,0.0,0.0,0.0,0.0,0.0,0.0,0.0,0.0,0.0,0.0,0.0,0.0,0.0,0.0,0.0,0.0,0.0,-2.004,0.0,-2.004,-2.004,0.0,0.0,0.0,0.0,4770.0,-2.422985886919649e+24,7293.0,2.7184312818759872e+23,0.0,-0.0,-0.0,0.0,0.0,0.0,0.0,77,0.0,-2.3088264680449665e+20,0.0,0.0,0.0,0.0,0.0,0.0,0.0,0,0,0,0.0,0.0,0.0,0.0,0.0,0.0,0.0,0.0,0.0,0.0,0.0,0.0,0.0,0.0,0.0,0.0,0,-107875648.0,77,0.0,154,0.0,0.0,ERR,ERR,ERR,ERR,ERR,ERR,ERR,ERR,ERR,ERR,ERR,ERR,ERR,ERR,ERR,ERR,ERR,ERR,ERR,ERR,ERR,ERR,ERR,ERR,ERR,ERR,ERR,ERR,ERR,ERR,ERR,ERR,ERR,ERR,ERR,ERR,ERR,ERR,ERR,ERR,ERR,ERR,ERR,ERR,ERR,ERR,ERR,ERR,ERR,ERR,ERR,ERR,ERR,ERR,ERR,ERR,ERR,ERR,ERR,ERR,ERR,ERR,ERR,ERR,ERR,ERR,ERR,34.0,80.0,35,0.0,0.0,0.0,0.0,0.0,0.0,0.0,0.0,0.0,0.0,0.0,0.0,0.0,0.0,0.0,0.0,66.0,0,120,58,53,65476,0,300,0,0,8,20529,65476,0,0,57672,80.0,0.0,0.0,0.0,0.0,0.0
2026-06-18T02:40:53,ERR,ERR,ERR,ERR,ERR,ERR,ERR,ERR,ERR,ERR,ERR,ERR,ERR,ERR,ERR,ERR,ERR,ERR,ERR,ERR,ERR,ERR,ERR,ERR,ERR,ERR,ERR,ERR,ERR,ERR,ERR,ERR,ERR,ERR,ERR,ERR,ERR,ERR,ERR,ERR,ERR,ERR,ERR,ERR,ERR,ERR,ERR,ERR,ERR,ERR,ERR,ERR,ERR,ERR,ERR,ERR,ERR,ERR,ERR,ERR,ERR,ERR,ERR,ERR,ERR,ERR,ERR,ERR,ERR,ERR,ERR,ERR,ERR,ERR,ERR,ERR,ERR,ERR,ERR,ERR,ERR,ERR,ERR,ERR,ERR,ERR,ERR,ERR,ERR,ERR,ERR,ERR,ERR,ERR,ERR,ERR,ERR,ERR,ERR,ERR,ERR,ERR,ERR,ERR,ERR,ERR,ERR,ERR,ERR,ERR,ERR,ERR,ERR,ERR,ERR,ERR,ERR,ERR,ERR,ERR,ERR,ERR,ERR,ERR,ERR,2.7184312818759872e+23,0.0,0.0,-107609184.0,nan,1.3936040501711995e+18,7.805,0.0,0,0,4,48961,6720,14723890282496.0,100,0.0,0.0,0.0,2.718290229135658e+23,0.0,0,0,0,0,0.0,0,0,0,0,0,0,0,0,0,0,0,0,0,0,0,0,0,0,0,0,0,0,0,0,0,0,0,0,0,0,0,0,0,26,51,50,76,65476,0,300,0,0,8,21553,0.0,-107605600.0,0.0,0.0,0.0,0.0,0.0,0.0,0.0,0.0,0.0,0.0,0.0,0.0,0.0,0.0,0.0,0.0,0.0,0.0,0.0,0.0,-2.004,0.0,-2.004,-2.004,0.0,0.0,0.0,0.0,4770.0,-2.422985886919649e+24,7293.0,2.7184312818759872e+23,0.0,-0.0,-0.0,0.0,0.0,0.0,0.0,77,0.0,-2.3088264680449665e+20,0.0,0.0,0.0,0.0,0.0,0.0,0.0,0,0,0,0.0,0.0,0.0,0.0,0.0,0.0,0.0,0.0,0.0,0.0,0.0,0.0,0.0,0.0,0.0,0.0,0,-107875648.0,77,0.0,154,0.0,0.0,ERR,ERR,ERR,ERR,ERR,ERR,ERR,ERR,ERR,ERR,ERR,ERR,ERR,ERR,ERR,ERR,ERR,ERR,ERR,ERR,ERR,ERR,ERR,ERR,ERR,ERR,ERR,ERR,ERR,ERR,ERR,ERR,ERR,ERR,ERR,ERR,ERR,ERR,ERR,ERR,ERR,ERR,ERR,ERR,ERR,ERR,ERR,ERR,ERR,ERR,ERR,ERR,ERR,ERR,ERR,ERR,ERR,ERR,ERR,ERR,ERR,ERR,ERR,ERR,ERR,ERR,ERR,34.0,80.0,35,0.0,0.0,0.0,0.0,0.0,0.0,0.0,0.0,0.0,0.0,0.0,0.0,0.0,0.0,0.0,0.0,66.0,0,120,58,53,65476,0,300,0,0,8,20529,65476,0,0,57672,80.0,0.0,0.0,0.0,0.0,0.0
2026-06-18T02:40:54,ERR,ERR,ERR,ERR,ERR,ERR,ERR,ERR,ERR,ERR,ERR,ERR,ERR,ERR,ERR,ERR,ERR,ERR,ERR,ERR,ERR,ERR,ERR,ERR,ERR,ERR,ERR,ERR,ERR,ERR,ERR,ERR,ERR,ERR,ERR,ERR,ERR,ERR,ERR,ERR,ERR,ERR,ERR,ERR,ERR,ERR,ERR,ERR,ERR,ERR,ERR,ERR,ERR,ERR,ERR,ERR,ERR,ERR,ERR,ERR,ERR,ERR,ERR,ERR,ERR,ERR,ERR,ERR,ERR,ERR,ERR,ERR,ERR,ERR,ERR,ERR,ERR,ERR,ERR,ERR,ERR,ERR,ERR,ERR,ERR,ERR,ERR,ERR,ERR,ERR,ERR,ERR,ERR,ERR,ERR,ERR,ERR,ERR,ERR,ERR,ERR,ERR,ERR,ERR,ERR,ERR,ERR,ERR,ERR,ERR,ERR,ERR,ERR,ERR,ERR,ERR,ERR,ERR,ERR,ERR,ERR,ERR,ERR,ERR,ERR,2.7184312818759872e+23,0.0,0.0,-107609184.0,nan,1.3936040501711995e+18,7.805,0.0,0,0,4,48961,6720,14723890282496.0,100,0.0,0.0,0.0,2.718290229135658e+23,0.0,0,0,0,0,0.0,0,0,0,0,0,0,0,0,0,0,0,0,0,0,0,0,0,0,0,0,0,0,0,0,0,0,0,0,0,0,0,0,0,26,51,50,76,65476,0,300,0,0,8,21553,0.0,-107605600.0,0.0,0.0,0.0,0.0,0.0,0.0,0.0,0.0,0.0,0.0,0.0,0.0,0.0,0.0,0.0,0.0,0.0,0.0,0.0,0.0,-2.004,0.0,-2.004,-2.004,0.0,0.0,0.0,0.0,4770.0,-2.422985886919649e+24,7293.0,2.7184312818759872e+23,0.0,-0.0,-0.0,0.0,0.0,0.0,0.0,77,0.0,-2.3088264680449665e+20,0.0,0.0,0.0,0.0,0.0,0.0,0.0,0,0,0,0.0,0.0,0.0,0.0,0.0,0.0,0.0,0.0,0.0,0.0,0.0,0.0,0.0,0.0,0.0,0.0,0,-107875648.0,77,0.0,154,0.0,0.0,ERR,ERR,ERR,ERR,ERR,ERR,ERR,ERR,ERR,ERR,ERR,ERR,ERR,ERR,ERR,ERR,ERR,ERR,ERR,ERR,ERR,ERR,ERR,ERR,ERR,ERR,ERR,ERR,ERR,ERR,ERR,ERR,ERR,ERR,ERR,ERR,ERR,ERR,ERR,ERR,ERR,ERR,ERR,ERR,ERR,ERR,ERR,ERR,ERR,ERR,ERR,ERR,ERR,ERR,ERR,ERR,ERR,ERR,ERR,ERR,ERR,ERR,ERR,ERR,ERR,ERR,ERR,34.0,80.0,35,0.0,0.0,0.0,0.0,0.0,0.0,0.0,0.0,0.0,0.0,0.0,0.0,0.0,0.0,0.0,0.0,66.0,0,120,58,53,65476,0,300,0,0,8,20529,65476,0,0,57672,80.0,0.0,0.0,0.0,0.0,0.0
2026-06-18T02:40:55,ERR,ERR,ERR,ERR,ERR,ERR,ERR,ERR,ERR,ERR,ERR,ERR,ERR,ERR,ERR,ERR,ERR,ERR,ERR,ERR,ERR,ERR,ERR,ERR,ERR,ERR,ERR,ERR,ERR,ERR,ERR,ERR,ERR,ERR,ERR,ERR,ERR,ERR,ERR,ERR,ERR,ERR,ERR,ERR,ERR,ERR,ERR,ERR,ERR,ERR,ERR,ERR,ERR,ERR,ERR,ERR,ERR,ERR,ERR,ERR,ERR,ERR,ERR,ERR,ERR,ERR,ERR,ERR,ERR,ERR,ERR,ERR,ERR,ERR,ERR,ERR,ERR,ERR,ERR,ERR,ERR,ERR,ERR,ERR,ERR,ERR,ERR,ERR,ERR,ERR,ERR,ERR,ERR,ERR,ERR,ERR,ERR,ERR,ERR,ERR,ERR,ERR,ERR,ERR,ERR,ERR,ERR,ERR,ERR,ERR,ERR,ERR,ERR,ERR,ERR,ERR,ERR,ERR,ERR,ERR,ERR,ERR,ERR,ERR,ERR,2.7184312818759872e+23,0.0,0.0,-107609184.0,nan,1.3936040501711995e+18,7.805,0.0,0,0,4,48961,6720,14723890282496.0,100,0.0,0.0,0.0,2.718290229135658e+23,0.0,0,0,0,0,0.0,0,0,0,0,0,0,0,0,0,0,0,0,0,0,0,0,0,0,0,0,0,0,0,0,0,0,0,0,0,0,0,0,0,26,51,50,76,65476,0,300,0,0,8,21553,0.0,-107605600.0,0.0,0.0,0.0,0.0,0.0,0.0,0.0,0.0,0.0,0.0,0.0,0.0,0.0,0.0,0.0,0.0,0.0,0.0,0.0,0.0,-2.004,0.0,-2.004,-2.004,0.0,0.0,0.0,0.0,4770.0,-2.422985886919649e+24,7293.0,2.7184312818759872e+23,0.0,-0.0,-0.0,0.0,0.0,0.0,0.0,77,0.0,-2.3088264680449665e+20,0.0,0.0,0.0,0.0,0.0,0.0,0.0,0,0,0,0.0,0.0,0.0,0.0,0.0,0.0,0.0,0.0,0.0,0.0,0.0,0.0,0.0,0.0,0.0,0.0,0,-107875648.0,77,0.0,154,0.0,0.0,ERR,ERR,ERR,ERR,ERR,ERR,ERR,ERR,ERR,ERR,ERR,ERR,ERR,ERR,ERR,ERR,ERR,ERR,ERR,ERR,ERR,ERR,ERR,ERR,ERR,ERR,ERR,ERR,ERR,ERR,ERR,ERR,ERR,ERR,ERR,ERR,ERR,ERR,ERR,ERR,ERR,ERR,ERR,ERR,ERR,ERR,ERR,ERR,ERR,ERR,ERR,ERR,ERR,ERR,ERR,ERR,ERR,ERR,ERR,ERR,ERR,ERR,ERR,ERR,ERR,ERR,ERR,34.0,80.0,35,0.0,0.0,0.0,0.0,0.0,0.0,0.0,0.0,0.0,0.0,0.0,0.0,0.0,0.0,0.0,0.0,66.0,0,120,58,53,65476,0,300,0,0,8,20529,65476,0,0,57672,80.0,0.0,0.0,0.0,0.0,0.0
2026-06-18T02:40:56,ERR,ERR,ERR,ERR,ERR,ERR,ERR,ERR,ERR,ERR,ERR,ERR,ERR,ERR,ERR,ERR,ERR,ERR,ERR,ERR,ERR,ERR,ERR,ERR,ERR,ERR,ERR,ERR,ERR,ERR,ERR,ERR,ERR,ERR,ERR,ERR,ERR,ERR,ERR,ERR,ERR,ERR,ERR,ERR,ERR,ERR,ERR,ERR,ERR,ERR,ERR,ERR,ERR,ERR,ERR,ERR,ERR,ERR,ERR,ERR,ERR,ERR,ERR,ERR,ERR,ERR,ERR,ERR,ERR,ERR,ERR,ERR,ERR,ERR,ERR,ERR,ERR,ERR,ERR,ERR,ERR,ERR,ERR,ERR,ERR,ERR,ERR,ERR,ERR,ERR,ERR,ERR,ERR,ERR,ERR,ERR,ERR,ERR,ERR,ERR,ERR,ERR,ERR,ERR,ERR,ERR,ERR,ERR,ERR,ERR,ERR,ERR,ERR,ERR,ERR,ERR,ERR,ERR,ERR,ERR,ERR,ERR,ERR,ERR,ERR,2.7184312818759872e+23,0.0,0.0,-107609184.0,nan,1.3936040501711995e+18,7.805,0.0,0,0,4,48961,6720,14723890282496.0,100,0.0,0.0,0.0,2.718290229135658e+23,0.0,0,0,0,0,0.0,0,0,0,0,0,0,0,0,0,0,0,0,0,0,0,0,0,0,0,0,0,0,0,0,0,0,0,0,0,0,0,0,0,26,51,50,76,65476,0,300,0,0,8,21553,0.0,-107605600.0,0.0,0.0,0.0,0.0,0.0,0.0,0.0,0.0,0.0,0.0,0.0,0.0,0.0,0.0,0.0,0.0,0.0,0.0,0.0,0.0,-2.004,0.0,-2.004,-2.004,0.0,0.0,0.0,0.0,4770.0,-2.422985886919649e+24,7293.0,2.7184312818759872e+23,0.0,-0.0,-0.0,0.0,0.0,0.0,0.0,77,0.0,-2.3088264680449665e+20,0.0,0.0,0.0,0.0,0.0,0.0,0.0,0,0,0,0.0,0.0,0.0,0.0,0.0,0.0,0.0,0.0,0.0,0.0,0.0,0.0,0.0,0.0,0.0,0.0,0,-107875648.0,77,0.0,154,0.0,0.0,ERR,ERR,ERR,ERR,ERR,ERR,ERR,ERR,ERR,ERR,ERR,ERR,ERR,ERR,ERR,ERR,ERR,ERR,ERR,ERR,ERR,ERR,ERR,ERR,ERR,ERR,ERR,ERR,ERR,ERR,ERR,ERR,ERR,ERR,ERR,ERR,ERR,ERR,ERR,ERR,ERR,ERR,ERR,ERR,ERR,ERR,ERR,ERR,ERR,ERR,ERR,ERR,ERR,ERR,ERR,ERR,ERR,ERR,ERR,ERR,ERR,ERR,ERR,ERR,ERR,ERR,ERR,34.0,80.0,35,0.0,0.0,0.0,0.0,0.0,0.0,0.0,0.0,0.0,0.0,0.0,0.0,0.0,0.0,0.0,0.0,66.0,0,120,58,53,65476,0,300,0,0,8,20529,65476,0,0,57672,80.0,0.0,0.0,0.0,0.0,0.0
2026-06-18T02:40:57,ERR,ERR,ERR,ERR,ERR,ERR,ERR,ERR,ERR,ERR,ERR,ERR,ERR,ERR,ERR,ERR,ERR,ERR,ERR,ERR,ERR,ERR,ERR,ERR,ERR,ERR,ERR,ERR,ERR,ERR,ERR,ERR,ERR,ERR,ERR,ERR,ERR,ERR,ERR,ERR,ERR,ERR,ERR,ERR,ERR,ERR,ERR,ERR,ERR,ERR,ERR,ERR,ERR,ERR,ERR,ERR,ERR,ERR,ERR,ERR,ERR,ERR,ERR,ERR,ERR,ERR,ERR,ERR,ERR,ERR,ERR,ERR,ERR,ERR,ERR,ERR,ERR,ERR,ERR,ERR,ERR,ERR,ERR,ERR,ERR,ERR,ERR,ERR,ERR,ERR,ERR,ERR,ERR,ERR,ERR,ERR,ERR,ERR,ERR,ERR,ERR,ERR,ERR,ERR,ERR,ERR,ERR,ERR,ERR,ERR,ERR,ERR,ERR,ERR,ERR,ERR,ERR,ERR,ERR,ERR,ERR,ERR,ERR,ERR,ERR,2.7184312818759872e+23,0.0,0.0,2.718290229135658e+23,-1.592,1.3936040501711995e+18,7.805,-0.0,0,0,4,48959,6720,14723890282496.0,100,0.0,0.0,0.0,-0.0,0.0,0,0,0,0,0.0,0,0,0,0,0,0,0,0,0,0,0,0,0,0,0,0,0,0,0,0,0,0,0,0,0,0,0,0,0,0,0,0,0,26,51,50,76,65476,0,300,0,0,8,21553,0.0,-107605600.0,0.0,0.0,0.0,0.0,0.0,0.0,0.0,0.0,0.0,0.0,0.0,0.0,0.0,0.0,0.0,0.0,0.0,0.0,0.0,0.0,-2.004,0.0,-2.004,-2.004,0.0,0.0,0.0,0.0,4797.0,-3.69718305499214e+19,7292.0,2.7184312818759872e+23,0.0,-0.0,-0.0,0.0,0.0,0.0,0.0,77,0.0,-107614712.0,0.0,0.0,0.0,0.0,0.0,0.0,0.0,0,0,0,0.0,0.0,0.0,0.0,0.0,0.0,0.0,0.0,0.0,0.0,0.0,0.0,0.0,0.0,0.0,0.0,0,-107875648.0,77,0.0,154,0.0,0.0,ERR,ERR,ERR,ERR,ERR,ERR,ERR,ERR,ERR,ERR,ERR,ERR,ERR,ERR,ERR,ERR,ERR,ERR,ERR,ERR,ERR,ERR,ERR,ERR,ERR,ERR,ERR,ERR,ERR,ERR,ERR,ERR,ERR,ERR,ERR,ERR,ERR,ERR,ERR,ERR,ERR,ERR,ERR,ERR,ERR,ERR,ERR,ERR,ERR,ERR,ERR,ERR,ERR,ERR,ERR,ERR,ERR,ERR,ERR,ERR,ERR,ERR,ERR,ERR,ERR,ERR,ERR,34.0,80.0,35,0.0,0.0,0.0,0.0,0.0,0.0,0.0,0.0,0.0,0.0,0.0,0.0,0.0,0.0,0.0,0.0,66.0,0,120,58,53,65476,0,300,0,0,8,20529,65476,0,0,57672,80.0,0.0,0.0,0.0,0.0,0.0
2026-06-18T02:40:58,ERR,ERR,ERR,ERR,ERR,ERR,ERR,ERR,ERR,ERR,ERR,ERR,ERR,ERR,ERR,ERR,ERR,ERR,ERR,ERR,ERR,ERR,ERR,ERR,ERR,ERR,ERR,ERR,ERR,ERR,ERR,ERR,ERR,ERR,ERR,ERR,ERR,ERR,ERR,ERR,ERR,ERR,ERR,ERR,ERR,ERR,ERR,ERR,ERR,ERR,ERR,ERR,ERR,ERR,ERR,ERR,ERR,ERR,ERR,ERR,ERR,ERR,ERR,ERR,ERR,ERR,ERR,ERR,ERR,ERR,ERR,ERR,ERR,ERR,ERR,ERR,ERR,ERR,ERR,ERR,ERR,ERR,ERR,ERR,ERR,ERR,ERR,ERR,ERR,ERR,ERR,ERR,ERR,ERR,ERR,ERR,ERR,ERR,ERR,ERR,ERR,ERR,ERR,ERR,ERR,ERR,ERR,ERR,ERR,ERR,ERR,ERR,ERR,ERR,ERR,ERR,ERR,ERR,ERR,ERR,ERR,ERR,ERR,ERR,ERR,2.7184312818759872e+23,0.0,0.0,2.718290229135658e+23,-1.592,1.3936040501711995e+18,7.805,-0.0,0,0,4,48959,6720,14723890282496.0,100,0.0,0.0,0.0,-0.0,0.0,0,0,0,0,0.0,0,0,0,0,0,0,0,0,0,0,0,0,0,0,0,0,0,0,0,0,0,0,0,0,0,0,0,0,0,0,0,0,0,26,51,50,76,65476,0,300,0,0,8,21553,0.0,-107605600.0,0.0,0.0,0.0,0.0,0.0,0.0,0.0,0.0,0.0,0.0,0.0,0.0,0.0,0.0,0.0,0.0,0.0,0.0,0.0,0.0,-2.004,0.0,-2.004,-2.004,0.0,0.0,0.0,0.0,4797.0,-3.69718305499214e+19,7292.0,2.7184312818759872e+23,0.0,-0.0,-0.0,0.0,0.0,0.0,0.0,77,0.0,-107614712.0,0.0,0.0,0.0,0.0,0.0,0.0,0.0,0,0,0,0.0,0.0,0.0,0.0,0.0,0.0,0.0,0.0,0.0,0.0,0.0,0.0,0.0,0.0,0.0,0.0,0,-107875648.0,77,0.0,154,0.0,0.0,ERR,ERR,ERR,ERR,ERR,ERR,ERR,ERR,ERR,ERR,ERR,ERR,ERR,ERR,ERR,ERR,ERR,ERR,ERR,ERR,ERR,ERR,ERR,ERR,ERR,ERR,ERR,ERR,ERR,ERR,ERR,ERR,ERR,ERR,ERR,ERR,ERR,ERR,ERR,ERR,ERR,ERR,ERR,ERR,ERR,ERR,ERR,ERR,ERR,ERR,ERR,ERR,ERR,ERR,ERR,ERR,ERR,ERR,ERR,ERR,ERR,ERR,ERR,ERR,ERR,ERR,ERR,34.0,80.0,35,0.0,0.0,0.0,0.0,0.0,0.0,0.0,0.0,0.0,0.0,0.0,0.0,0.0,0.0,0.0,0.0,66.4,0,120,58,53,65476,0,300,0,0,8,20529,65476,0,0,57672,80.0,0.0,0.0,0.0,0.0,0.0
2026-06-18T02:40:59,ERR,ERR,ERR,ERR,ERR,ERR,ERR,ERR,ERR,ERR,ERR,ERR,ERR,ERR,ERR,ERR,ERR,ERR,ERR,ERR,ERR,ERR,ERR,ERR,ERR,ERR,ERR,ERR,ERR,ERR,ERR,ERR,ERR,ERR,ERR,ERR,ERR,ERR,ERR,ERR,ERR,ERR,ERR,ERR,ERR,ERR,ERR,ERR,ERR,ERR,ERR,ERR,ERR,ERR,ERR,ERR,ERR,ERR,ERR,ERR,ERR,ERR,ERR,ERR,ERR,ERR,ERR,ERR,ERR,ERR,ERR,ERR,ERR,ERR,ERR,ERR,ERR,ERR,ERR,ERR,ERR,ERR,ERR,ERR,ERR,ERR,ERR,ERR,ERR,ERR,ERR,ERR,ERR,ERR,ERR,ERR,ERR,ERR,ERR,ERR,ERR,ERR,ERR,ERR,ERR,ERR,ERR,ERR,ERR,ERR,ERR,ERR,ERR,ERR,ERR,ERR,ERR,ERR,ERR,ERR,ERR,ERR,ERR,ERR,ERR,2.7184312818759872e+23,0.0,0.0,2.718290229135658e+23,-1.592,1.3936040501711995e+18,7.805,-0.0,0,0,4,48959,6720,14723890282496.0,100,0.0,0.0,0.0,-0.0,0.0,0,0,0,0,0.0,0,0,0,0,0,0,0,0,0,0,0,0,0,0,0,0,0,0,0,0,0,0,0,0,0,0,0,0,0,0,0,0,0,26,51,50,76,65476,0,300,0,0,8,21553,0.0,-107605600.0,0.0,0.0,0.0,0.0,0.0,0.0,0.0,0.0,0.0,0.0,0.0,0.0,0.0,0.0,0.0,0.0,0.0,0.0,0.0,0.0,-2.004,0.0,-2.004,-2.004,0.0,0.0,0.0,0.0,4797.0,-3.69718305499214e+19,7292.0,2.7184312818759872e+23,0.0,-0.0,-0.0,0.0,0.0,0.0,0.0,77,0.0,-107614712.0,0.0,0.0,0.0,0.0,0.0,0.0,0.0,0,0,0,0.0,0.0,0.0,0.0,0.0,0.0,0.0,0.0,0.0,0.0,0.0,0.0,0.0,0.0,0.0,0.0,0,-107875648.0,77,0.0,154,0.0,0.0,ERR,ERR,ERR,ERR,ERR,ERR,ERR,ERR,ERR,ERR,ERR,ERR,ERR,ERR,ERR,ERR,ERR,ERR,ERR,ERR,ERR,ERR,ERR,ERR,ERR,ERR,ERR,ERR,ERR,ERR,ERR,ERR,ERR,ERR,ERR,ERR,ERR,ERR,ERR,ERR,ERR,ERR,ERR,ERR,ERR,ERR,ERR,ERR,ERR,ERR,ERR,ERR,ERR,ERR,ERR,ERR,ERR,ERR,ERR,ERR,ERR,ERR,ERR,ERR,ERR,ERR,ERR,34.0,80.0,35,0.0,0.0,0.0,0.0,0.0,0.0,0.0,0.0,0.0,0.0,0.0,0.0,0.0,0.0,0.0,0.0,66.4,0,120,58,53,65476,0,300,0,0,8,20529,65476,0,0,57672,80.0,0.0,0.0,0.0,0.0,0.0
2026-06-18T02:41:00,ERR,ERR,ERR,ERR,ERR,ERR,ERR,ERR,ERR,ERR,ERR,ERR,ERR,ERR,ERR,ERR,ERR,ERR,ERR,ERR,ERR,ERR,ERR,ERR,ERR,ERR,ERR,ERR,ERR,ERR,ERR,ERR,ERR,ERR,ERR,ERR,ERR,ERR,ERR,ERR,ERR,ERR,ERR,ERR,ERR,ERR,ERR,ERR,ERR,ERR,ERR,ERR,ERR,ERR,ERR,ERR,ERR,ERR,ERR,ERR,ERR,ERR,ERR,ERR,ERR,ERR,ERR,ERR,ERR,ERR,ERR,ERR,ERR,ERR,ERR,ERR,ERR,ERR,ERR,ERR,ERR,ERR,ERR,ERR,ERR,ERR,ERR,ERR,ERR,ERR,ERR,ERR,ERR,ERR,ERR,ERR,ERR,ERR,ERR,ERR,ERR,ERR,ERR,ERR,ERR,ERR,ERR,ERR,ERR,ERR,ERR,ERR,ERR,ERR,ERR,ERR,ERR,ERR,ERR,ERR,ERR,ERR,ERR,ERR,ERR,2.7184312818759872e+23,0.0,0.0,2.718290229135658e+23,-1.592,1.3936040501711995e+18,7.805,-0.0,0,0,4,48959,6720,14723890282496.0,100,0.0,0.0,0.0,-0.0,0.0,0,0,0,0,0.0,0,0,0,0,0,0,0,0,0,0,0,0,0,0,0,0,0,0,0,0,0,0,0,0,0,0,0,0,0,0,0,0,0,26,51,50,76,65476,0,300,0,0,8,21553,0.0,-107605600.0,0.0,0.0,0.0,0.0,0.0,0.0,0.0,0.0,0.0,0.0,0.0,0.0,0.0,0.0,0.0,0.0,0.0,0.0,0.0,0.0,-2.004,0.0,-2.004,-2.004,0.0,0.0,0.0,0.0,4797.0,-3.69718305499214e+19,7292.0,2.7184312818759872e+23,0.0,-0.0,-0.0,0.0,0.0,0.0,0.0,77,0.0,-107614712.0,0.0,0.0,0.0,0.0,0.0,0.0,0.0,0,0,0,0.0,0.0,0.0,0.0,0.0,0.0,0.0,0.0,0.0,0.0,0.0,0.0,0.0,0.0,0.0,0.0,0,-107875648.0,77,0.0,154,0.0,0.0,ERR,ERR,ERR,ERR,ERR,ERR,ERR,ERR,ERR,ERR,ERR,ERR,ERR,ERR,ERR,ERR,ERR,ERR,ERR,ERR,ERR,ERR,ERR,ERR,ERR,ERR,ERR,ERR,ERR,ERR,ERR,ERR,ERR,ERR,ERR,ERR,ERR,ERR,ERR,ERR,ERR,ERR,ERR,ERR,ERR,ERR,ERR,ERR,ERR,ERR,ERR,ERR,ERR,ERR,ERR,ERR,ERR,ERR,ERR,ERR,ERR,ERR,ERR,ERR,ERR,ERR,ERR,34.0,80.0,35,0.0,0.0,0.0,0.0,0.0,0.0,0.0,0.0,0.0,0.0,0.0,0.0,0.0,0.0,0.0,0.0,66.4,0,120,58,53,65476,0,300,0,0,8,20529,65476,0,0,57672,80.0,0.0,0.0,0.0,0.0,0.0
2026-06-18T02:41:01,ERR,ERR,ERR,ERR,ERR,ERR,ERR,ERR,ERR,ERR,ERR,ERR,ERR,ERR,ERR,ERR,ERR,ERR,ERR,ERR,ERR,ERR,ERR,ERR,ERR,ERR,ERR,ERR,ERR,ERR,ERR,ERR,ERR,ERR,ERR,ERR,ERR,ERR,ERR,ERR,ERR,ERR,ERR,ERR,ERR,ERR,ERR,ERR,ERR,ERR,ERR,ERR,ERR,ERR,ERR,ERR,ERR,ERR,ERR,ERR,ERR,ERR,ERR,ERR,ERR,ERR,ERR,ERR,ERR,ERR,ERR,ERR,ERR,ERR,ERR,ERR,ERR,ERR,ERR,ERR,ERR,ERR,ERR,ERR,ERR,ERR,ERR,ERR,ERR,ERR,ERR,ERR,ERR,ERR,ERR,ERR,ERR,ERR,ERR,ERR,ERR,ERR,ERR,ERR,ERR,ERR,ERR,ERR,ERR,ERR,ERR,ERR,ERR,ERR,ERR,ERR,ERR,ERR,ERR,ERR,ERR,ERR,ERR,ERR,ERR,2.7184312818759872e+23,0.0,0.0,2.718290229135658e+23,-1.592,1.3936040501711995e+18,7.805,-0.0,0,0,4,48959,6720,14723890282496.0,100,0.0,0.0,0.0,-0.0,0.0,0,0,0,0,0.0,0,0,0,0,0,0,0,0,0,0,0,0,0,0,0,0,0,0,0,0,0,0,0,0,0,0,0,0,0,0,0,0,0,26,51,50,76,65476,0,300,0,0,8,21553,0.0,-107605600.0,0.0,0.0,0.0,0.0,0.0,0.0,0.0,0.0,0.0,0.0,0.0,0.0,0.0,0.0,0.0,0.0,0.0,0.0,0.0,0.0,-2.004,0.0,-2.004,-2.004,0.0,0.0,0.0,0.0,4797.0,-3.69718305499214e+19,7292.0,2.7184312818759872e+23,0.0,-0.0,-0.0,0.0,0.0,0.0,0.0,77,0.0,-107614712.0,0.0,0.0,0.0,0.0,0.0,0.0,0.0,0,0,0,0.0,0.0,0.0,0.0,0.0,0.0,0.0,0.0,0.0,0.0,0.0,0.0,0.0,0.0,0.0,0.0,0,-107875648.0,77,0.0,154,0.0,0.0,ERR,ERR,ERR,ERR,ERR,ERR,ERR,ERR,ERR,ERR,ERR,ERR,ERR,ERR,ERR,ERR,ERR,ERR,ERR,ERR,ERR,ERR,ERR,ERR,ERR,ERR,ERR,ERR,ERR,ERR,ERR,ERR,ERR,ERR,ERR,ERR,ERR,ERR,ERR,ERR,ERR,ERR,ERR,ERR,ERR,ERR,ERR,ERR,ERR,ERR,ERR,ERR,ERR,ERR,ERR,ERR,ERR,ERR,ERR,ERR,ERR,ERR,ERR,ERR,ERR,ERR,ERR,34.0,80.0,35,0.0,0.0,0.0,0.0,0.0,0.0,0.0,0.0,0.0,0.0,0.0,0.0,0.0,0.0,0.0,0.0,66.4,0,120,58,53,65476,0,300,0,0,8,20529,65476,0,0,57672,80.0,0.0,0.0,0.0,0.0,0.0
2026-06-18T02:41:02,ERR,ERR,ERR,ERR,ERR,ERR,ERR,ERR,ERR,ERR,ERR,ERR,ERR,ERR,ERR,ERR,ERR,ERR,ERR,ERR,ERR,ERR,ERR,ERR,ERR,ERR,ERR,ERR,ERR,ERR,ERR,ERR,ERR,ERR,ERR,ERR,ERR,ERR,ERR,ERR,ERR,ERR,ERR,ERR,ERR,ERR,ERR,ERR,ERR,ERR,ERR,ERR,ERR,ERR,ERR,ERR,ERR,ERR,ERR,ERR,ERR,ERR,ERR,ERR,ERR,ERR,ERR,ERR,ERR,ERR,ERR,ERR,ERR,ERR,ERR,ERR,ERR,ERR,ERR,ERR,ERR,ERR,ERR,ERR,ERR,ERR,ERR,ERR,ERR,ERR,ERR,ERR,ERR,ERR,ERR,ERR,ERR,ERR,ERR,ERR,ERR,ERR,ERR,ERR,ERR,ERR,ERR,ERR,ERR,ERR,ERR,ERR,ERR,ERR,ERR,ERR,ERR,ERR,ERR,ERR,ERR,ERR,ERR,ERR,ERR,2.7184312818759872e+23,0.0,0.0,-0.0,nan,1.3936040501711995e+18,7.805,1.203397215123588e+25,0,0,4,48968,6720,14723890282496.0,100,0.0,0.0,0.0,-0.0,0.0,0,0,0,0,0.0,0,0,0,0,0,0,0,0,0,0,0,0,0,0,0,0,0,0,0,0,0,0,0,0,0,0,0,0,0,0,0,0,0,26,51,50,76,65476,0,300,0,0,8,21553,0.0,-107605600.0,0.0,0.0,0.0,0.0,0.0,0.0,0.0,0.0,0.0,0.0,0.0,0.0,0.0,0.0,0.0,0.0,0.0,0.0,0.0,0.0,-2.004,0.0,-2.004,-2.004,0.0,0.0,0.0,0.0,4799.0,-1.587928030851661e+29,7294.0,2.7184312818759872e+23,0.0,-0.0,-0.0,0.0,0.0,0.0,0.0,77,-5.848083809157084e+35,-3.2219994468298344e+26,0.0,0.0,0.0,0.0,0.0,0.0,0.0,0,0,0,0.0,0.0,0.0,0.0,0.0,0.0,0.0,0.0,0.0,0.0,0.0,0.0,0.0,0.0,0.0,0.0,0,-107875648.0,77,0.0,154,0.0,0.0,ERR,ERR,ERR,ERR,ERR,ERR,ERR,ERR,ERR,ERR,ERR,ERR,ERR,ERR,ERR,ERR,ERR,ERR,ERR,ERR,ERR,ERR,ERR,ERR,ERR,ERR,ERR,ERR,ERR,ERR,ERR,ERR,ERR,ERR,ERR,ERR,ERR,ERR,ERR,ERR,ERR,ERR,ERR,ERR,ERR,ERR,ERR,ERR,ERR,ERR,ERR,ERR,ERR,ERR,ERR,ERR,ERR,ERR,ERR,ERR,ERR,ERR,ERR,ERR,ERR,ERR,ERR,34.0,80.0,35,0.0,0.0,0.0,0.0,0.0,0.0,0.0,0.0,0.0,0.0,0.0,0.0,0.0,0.0,0.0,0.0,66.4,0,120,58,53,65476,0,300,0,0,8,20529,65476,0,0,57672,80.0,0.0,0.0,0.0,0.0,0.0
2026-06-18T02:41:03,ERR,ERR,ERR,ERR,ERR,ERR,ERR,ERR,ERR,ERR,ERR,ERR,ERR,ERR,ERR,ERR,ERR,ERR,ERR,ERR,ERR,ERR,ERR,ERR,ERR,ERR,ERR,ERR,ERR,ERR,ERR,ERR,ERR,ERR,ERR,ERR,ERR,ERR,ERR,ERR,ERR,ERR,ERR,ERR,ERR,ERR,ERR,ERR,ERR,ERR,ERR,ERR,ERR,ERR,ERR,ERR,ERR,ERR,ERR,ERR,ERR,ERR,ERR,ERR,ERR,ERR,ERR,ERR,ERR,ERR,ERR,ERR,ERR,ERR,ERR,ERR,ERR,ERR,ERR,ERR,ERR,ERR,ERR,ERR,ERR,ERR,ERR,ERR,ERR,ERR,ERR,ERR,ERR,ERR,ERR,ERR,ERR,ERR,ERR,ERR,ERR,ERR,ERR,ERR,ERR,ERR,ERR,ERR,ERR,ERR,ERR,ERR,ERR,ERR,ERR,ERR,ERR,ERR,ERR,ERR,ERR,ERR,ERR,ERR,ERR,2.7184312818759872e+23,0.0,0.0,-0.0,nan,1.3936040501711995e+18,7.805,1.203397215123588e+25,0,0,4,48968,6720,14723890282496.0,100,0.0,0.0,0.0,-0.0,0.0,0,0,0,0,0.0,0,0,0,0,0,0,0,0,0,0,0,0,0,0,0,0,0,0,0,0,0,0,0,0,0,0,0,0,0,0,0,0,0,26,51,50,76,65476,0,300,0,0,8,21553,0.0,-107605600.0,0.0,0.0,0.0,0.0,0.0,0.0,0.0,0.0,0.0,0.0,0.0,0.0,0.0,0.0,0.0,0.0,0.0,0.0,0.0,0.0,-2.004,0.0,-2.004,-2.004,0.0,0.0,0.0,0.0,4799.0,-1.587928030851661e+29,7294.0,2.7184312818759872e+23,0.0,-0.0,-0.0,0.0,0.0,0.0,0.0,77,-5.848083809157084e+35,-3.2219994468298344e+26,0.0,0.0,0.0,0.0,0.0,0.0,0.0,0,0,0,0.0,0.0,0.0,0.0,0.0,0.0,0.0,0.0,0.0,0.0,0.0,0.0,0.0,0.0,0.0,0.0,0,-107875648.0,77,0.0,154,0.0,0.0,ERR,ERR,ERR,ERR,ERR,ERR,ERR,ERR,ERR,ERR,ERR,ERR,ERR,ERR,ERR,ERR,ERR,ERR,ERR,ERR,ERR,ERR,ERR,ERR,ERR,ERR,ERR,ERR,ERR,ERR,ERR,ERR,ERR,ERR,ERR,ERR,ERR,ERR,ERR,ERR,ERR,ERR,ERR,ERR,ERR,ERR,ERR,ERR,ERR,ERR,ERR,ERR,ERR,ERR,ERR,ERR,ERR,ERR,ERR,ERR,ERR,ERR,ERR,ERR,ERR,ERR,ERR,34.0,80.0,35,0.0,0.0,0.0,0.0,0.0,0.0,0.0,0.0,0.0,0.0,0.0,0.0,0.0,0.0,0.0,0.0,66.4,0,120,58,53,65476,0,300,0,0,8,20529,65476,0,0,57672,80.0,0.0,0.0,0.0,0.0,0.0
2026-06-18T02:41:04,ERR,ERR,ERR,ERR,ERR,ERR,ERR,ERR,ERR,ERR,ERR,ERR,ERR,ERR,ERR,ERR,ERR,ERR,ERR,ERR,ERR,ERR,ERR,ERR,ERR,ERR,ERR,ERR,ERR,ERR,ERR,ERR,ERR,ERR,ERR,ERR,ERR,ERR,ERR,ERR,ERR,ERR,ERR,ERR,ERR,ERR,ERR,ERR,ERR,ERR,ERR,ERR,ERR,ERR,ERR,ERR,ERR,ERR,ERR,ERR,ERR,ERR,ERR,ERR,ERR,ERR,ERR,ERR,ERR,ERR,ERR,ERR,ERR,ERR,ERR,ERR,ERR,ERR,ERR,ERR,ERR,ERR,ERR,ERR,ERR,ERR,ERR,ERR,ERR,ERR,ERR,ERR,ERR,ERR,ERR,ERR,ERR,ERR,ERR,ERR,ERR,ERR,ERR,ERR,ERR,ERR,ERR,ERR,ERR,ERR,ERR,ERR,ERR,ERR,ERR,ERR,ERR,ERR,ERR,ERR,ERR,ERR,ERR,ERR,ERR,2.7184312818759872e+23,0.0,0.0,-0.0,nan,1.3936040501711995e+18,7.805,1.203397215123588e+25,0,0,4,48968,6720,14723890282496.0,100,0.0,0.0,0.0,-0.0,0.0,0,0,0,0,0.0,0,0,0,0,0,0,0,0,0,0,0,0,0,0,0,0,0,0,0,0,0,0,0,0,0,0,0,0,0,0,0,0,0,26,51,50,76,65476,0,300,0,0,8,21553,0.0,-107605600.0,0.0,0.0,0.0,0.0,0.0,0.0,0.0,0.0,0.0,0.0,0.0,0.0,0.0,0.0,0.0,0.0,0.0,0.0,0.0,0.0,-2.004,0.0,-2.004,-2.004,0.0,0.0,0.0,0.0,4799.0,-1.587928030851661e+29,7294.0,2.7184312818759872e+23,0.0,-0.0,-0.0,0.0,0.0,0.0,0.0,77,-5.848083809157084e+35,-3.2219994468298344e+26,0.0,0.0,0.0,0.0,0.0,0.0,0.0,0,0,0,0.0,0.0,0.0,0.0,0.0,0.0,0.0,0.0,0.0,0.0,0.0,0.0,0.0,0.0,0.0,0.0,0,-107875648.0,77,0.0,154,0.0,0.0,ERR,ERR,ERR,ERR,ERR,ERR,ERR,ERR,ERR,ERR,ERR,ERR,ERR,ERR,ERR,ERR,ERR,ERR,ERR,ERR,ERR,ERR,ERR,ERR,ERR,ERR,ERR,ERR,ERR,ERR,ERR,ERR,ERR,ERR,ERR,ERR,ERR,ERR,ERR,ERR,ERR,ERR,ERR,ERR,ERR,ERR,ERR,ERR,ERR,ERR,ERR,ERR,ERR,ERR,ERR,ERR,ERR,ERR,ERR,ERR,ERR,ERR,ERR,ERR,ERR,ERR,ERR,34.0,80.0,35,0.0,0.0,0.0,0.0,0.0,0.0,0.0,0.0,0.0,0.0,0.0,0.0,0.0,0.0,0.0,0.0,66.0,0,120,58,53,65476,0,300,0,0,8,20529,65476,0,0,57672,80.0,0.0,0.0,0.0,0.0,0.0
2026-06-18T02:41:05,ERR,ERR,ERR,ERR,ERR,ERR,ERR,ERR,ERR,ERR,ERR,ERR,ERR,ERR,ERR,ERR,ERR,ERR,ERR,ERR,ERR,ERR,ERR,ERR,ERR,ERR,ERR,ERR,ERR,ERR,ERR,ERR,ERR,ERR,ERR,ERR,ERR,ERR,ERR,ERR,ERR,ERR,ERR,ERR,ERR,ERR,ERR,ERR,ERR,ERR,ERR,ERR,ERR,ERR,ERR,ERR,ERR,ERR,ERR,ERR,ERR,ERR,ERR,ERR,ERR,ERR,ERR,ERR,ERR,ERR,ERR,ERR,ERR,ERR,ERR,ERR,ERR,ERR,ERR,ERR,ERR,ERR,ERR,ERR,ERR,ERR,ERR,ERR,ERR,ERR,ERR,ERR,ERR,ERR,ERR,ERR,ERR,ERR,ERR,ERR,ERR,ERR,ERR,ERR,ERR,ERR,ERR,ERR,ERR,ERR,ERR,ERR,ERR,ERR,ERR,ERR,ERR,ERR,ERR,ERR,ERR,ERR,ERR,ERR,ERR,2.7184312818759872e+23,0.0,0.0,-0.0,nan,1.3936040501711995e+18,7.805,1.203397215123588e+25,0,0,4,48968,6720,14723890282496.0,100,0.0,0.0,0.0,-0.0,0.0,0,0,0,0,0.0,0,0,0,0,0,0,0,0,0,0,0,0,0,0,0,0,0,0,0,0,0,0,0,0,0,0,0,0,0,0,0,0,0,26,51,50,76,65476,0,300,0,0,8,21553,0.0,-107605600.0,0.0,0.0,0.0,0.0,0.0,0.0,0.0,0.0,0.0,0.0,0.0,0.0,0.0,0.0,0.0,0.0,0.0,0.0,0.0,0.0,-2.004,0.0,-2.004,-2.004,0.0,0.0,0.0,0.0,4799.0,-1.587928030851661e+29,7294.0,2.7184312818759872e+23,0.0,-0.0,-0.0,0.0,0.0,0.0,0.0,77,-5.848083809157084e+35,-3.2219994468298344e+26,0.0,0.0,0.0,0.0,0.0,0.0,0.0,0,0,0,0.0,0.0,0.0,0.0,0.0,0.0,0.0,0.0,0.0,0.0,0.0,0.0,0.0,0.0,0.0,0.0,0,-107875648.0,77,0.0,154,0.0,0.0,ERR,ERR,ERR,ERR,ERR,ERR,ERR,ERR,ERR,ERR,ERR,ERR,ERR,ERR,ERR,ERR,ERR,ERR,ERR,ERR,ERR,ERR,ERR,ERR,ERR,ERR,ERR,ERR,ERR,ERR,ERR,ERR,ERR,ERR,ERR,ERR,ERR,ERR,ERR,ERR,ERR,ERR,ERR,ERR,ERR,ERR,ERR,ERR,ERR,ERR,ERR,ERR,ERR,ERR,ERR,ERR,ERR,ERR,ERR,ERR,ERR,ERR,ERR,ERR,ERR,ERR,ERR,34.0,80.0,35,0.0,0.0,0.0,0.0,0.0,0.0,0.0,0.0,0.0,0.0,0.0,0.0,0.0,0.0,0.0,0.0,66.0,0,120,58,53,65476,0,300,0,0,8,20529,65476,0,0,57672,80.0,0.0,0.0,0.0,0.0,0.0
2026-06-18T02:41:06,ERR,ERR,ERR,ERR,ERR,ERR,ERR,ERR,ERR,ERR,ERR,ERR,ERR,ERR,ERR,ERR,ERR,ERR,ERR,ERR,ERR,ERR,ERR,ERR,ERR,ERR,ERR,ERR,ERR,ERR,ERR,ERR,ERR,ERR,ERR,ERR,ERR,ERR,ERR,ERR,ERR,ERR,ERR,ERR,ERR,ERR,ERR,ERR,ERR,ERR,ERR,ERR,ERR,ERR,ERR,ERR,ERR,ERR,ERR,ERR,ERR,ERR,ERR,ERR,ERR,ERR,ERR,ERR,ERR,ERR,ERR,ERR,ERR,ERR,ERR,ERR,ERR,ERR,ERR,ERR,ERR,ERR,ERR,ERR,ERR,ERR,ERR,ERR,ERR,ERR,ERR,ERR,ERR,ERR,ERR,ERR,ERR,ERR,ERR,ERR,ERR,ERR,ERR,ERR,ERR,ERR,ERR,ERR,ERR,ERR,ERR,ERR,ERR,ERR,ERR,ERR,ERR,ERR,ERR,ERR,ERR,ERR,ERR,ERR,ERR,2.7184312818759872e+23,0.0,0.0,-0.0,nan,1.3936040501711995e+18,7.805,1.203397215123588e+25,0,0,4,48968,6720,14723890282496.0,100,0.0,0.0,0.0,-0.0,0.0,0,0,0,0,0.0,0,0,0,0,0,0,0,0,0,0,0,0,0,0,0,0,0,0,0,0,0,0,0,0,0,0,0,0,0,0,0,0,0,26,51,50,76,65476,0,300,0,0,8,21553,0.0,-107605600.0,0.0,0.0,0.0,0.0,0.0,0.0,0.0,0.0,0.0,0.0,0.0,0.0,0.0,0.0,0.0,0.0,0.0,0.0,0.0,0.0,-2.004,0.0,-2.004,-2.004,0.0,0.0,0.0,0.0,4799.0,-1.587928030851661e+29,7294.0,2.7184312818759872e+23,0.0,-0.0,-0.0,0.0,0.0,0.0,0.0,77,-5.848083809157084e+35,-3.2219994468298344e+26,0.0,0.0,0.0,0.0,0.0,0.0,0.0,0,0,0,0.0,0.0,0.0,0.0,0.0,0.0,0.0,0.0,0.0,0.0,0.0,0.0,0.0,0.0,0.0,0.0,0,-107875648.0,77,0.0,154,0.0,0.0,ERR,ERR,ERR,ERR,ERR,ERR,ERR,ERR,ERR,ERR,ERR,ERR,ERR,ERR,ERR,ERR,ERR,ERR,ERR,ERR,ERR,ERR,ERR,ERR,ERR,ERR,ERR,ERR,ERR,ERR,ERR,ERR,ERR,ERR,ERR,ERR,ERR,ERR,ERR,ERR,ERR,ERR,ERR,ERR,ERR,ERR,ERR,ERR,ERR,ERR,ERR,ERR,ERR,ERR,ERR,ERR,ERR,ERR,ERR,ERR,ERR,ERR,ERR,ERR,ERR,ERR,ERR,34.0,80.0,35,0.0,0.0,0.0,0.0,0.0,0.0,0.0,0.0,0.0,0.0,0.0,0.0,0.0,0.0,0.0,0.0,66.0,0,120,58,53,65476,0,300,0,0,8,20529,65476,0,0,57672,80.0,0.0,0.0,0.0,0.0,0.0
2026-06-18T02:41:07,ERR,ERR,ERR,ERR,ERR,ERR,ERR,ERR,ERR,ERR,ERR,ERR,ERR,ERR,ERR,ERR,ERR,ERR,ERR,ERR,ERR,ERR,ERR,ERR,ERR,ERR,ERR,ERR,ERR,ERR,ERR,ERR,ERR,ERR,ERR,ERR,ERR,ERR,ERR,ERR,ERR,ERR,ERR,ERR,ERR,ERR,ERR,ERR,ERR,ERR,ERR,ERR,ERR,ERR,ERR,ERR,ERR,ERR,ERR,ERR,ERR,ERR,ERR,ERR,ERR,ERR,ERR,ERR,ERR,ERR,ERR,ERR,ERR,ERR,ERR,ERR,ERR,ERR,ERR,ERR,ERR,ERR,ERR,ERR,ERR,ERR,ERR,ERR,ERR,ERR,ERR,ERR,ERR,ERR,ERR,ERR,ERR,ERR,ERR,ERR,ERR,ERR,ERR,ERR,ERR,ERR,ERR,ERR,ERR,ERR,ERR,ERR,ERR,ERR,ERR,ERR,ERR,ERR,ERR,ERR,ERR,ERR,ERR,ERR,ERR,2.7184312818759872e+23,0.0,0.0,0.0,nan,1.3936040501711995e+18,7.805,-5533387829805056.0,0,0,4,48961,6720,14723890282496.0,100,0.0,0.0,0.0,-4.9501291711397626e+32,0.0,0,0,0,0,0.0,0,0,0,0,0,0,0,0,0,0,0,0,0,0,0,0,0,0,0,0,0,0,0,0,0,0,0,0,0,0,0,0,0,26,51,50,76,65476,0,300,0,0,8,21553,0.0,-107605600.0,0.0,0.0,0.0,0.0,0.0,0.0,0.0,0.0,0.0,0.0,0.0,0.0,0.0,0.0,0.0,0.0,0.0,0.0,0.0,0.0,-2.004,0.0,-2.004,-2.004,0.0,0.0,0.0,0.0,4800.0,0.0,7264.0,2.7184312818759872e+23,0.0,-0.0,-0.0,0.0,0.0,0.0,0.0,77,0.0,0.0,0.0,0.0,0.0,0.0,0.0,0.0,0.0,0,0,0,0.0,0.0,0.0,0.0,0.0,0.0,0.0,0.0,0.0,0.0,0.0,0.0,0.0,0.0,0.0,0.0,0,-107875648.0,77,0.0,154,0.0,0.0,ERR,ERR,ERR,ERR,ERR,ERR,ERR,ERR,ERR,ERR,ERR,ERR,ERR,ERR,ERR,ERR,ERR,ERR,ERR,ERR,ERR,ERR,ERR,ERR,ERR,ERR,ERR,ERR,ERR,ERR,ERR,ERR,ERR,ERR,ERR,ERR,ERR,ERR,ERR,ERR,ERR,ERR,ERR,ERR,ERR,ERR,ERR,ERR,ERR,ERR,ERR,ERR,ERR,ERR,ERR,ERR,ERR,ERR,ERR,ERR,ERR,ERR,ERR,ERR,ERR,ERR,ERR,34.0,80.0,35,0.0,0.0,0.0,0.0,0.0,0.0,0.0,0.0,0.0,0.0,0.0,0.0,0.0,0.0,0.0,0.0,66.0,0,120,58,53,65476,0,300,0,0,8,20529,65476,0,0,57672,80.0,0.0,0.0,0.0,0.0,0.0
2026-06-18T02:41:08,ERR,ERR,ERR,ERR,ERR,ERR,ERR,ERR,ERR,ERR,ERR,ERR,ERR,ERR,ERR,ERR,ERR,ERR,ERR,ERR,ERR,ERR,ERR,ERR,ERR,ERR,ERR,ERR,ERR,ERR,ERR,ERR,ERR,ERR,ERR,ERR,ERR,ERR,ERR,ERR,ERR,ERR,ERR,ERR,ERR,ERR,ERR,ERR,ERR,ERR,ERR,ERR,ERR,ERR,ERR,ERR,ERR,ERR,ERR,ERR,ERR,ERR,ERR,ERR,ERR,ERR,ERR,ERR,ERR,ERR,ERR,ERR,ERR,ERR,ERR,ERR,ERR,ERR,ERR,ERR,ERR,ERR,ERR,ERR,ERR,ERR,ERR,ERR,ERR,ERR,ERR,ERR,ERR,ERR,ERR,ERR,ERR,ERR,ERR,ERR,ERR,ERR,ERR,ERR,ERR,ERR,ERR,ERR,ERR,ERR,ERR,ERR,ERR,ERR,ERR,ERR,ERR,ERR,ERR,ERR,ERR,ERR,ERR,ERR,ERR,2.7184312818759872e+23,0.0,0.0,0.0,nan,1.3936040501711995e+18,7.805,-5533387829805056.0,0,0,4,48961,6720,14723890282496.0,100,0.0,0.0,0.0,-4.9501291711397626e+32,0.0,0,0,0,0,0.0,0,0,0,0,0,0,0,0,0,0,0,0,0,0,0,0,0,0,0,0,0,0,0,0,0,0,0,0,0,0,0,0,0,26,51,50,76,65476,0,300,0,0,8,21553,0.0,-107605600.0,0.0,0.0,0.0,0.0,0.0,0.0,0.0,0.0,0.0,0.0,0.0,0.0,0.0,0.0,0.0,0.0,0.0,0.0,0.0,0.0,-2.004,0.0,-2.004,-2.004,0.0,0.0,0.0,0.0,4800.0,0.0,7264.0,2.7184312818759872e+23,0.0,-0.0,-0.0,0.0,0.0,0.0,0.0,77,0.0,0.0,0.0,0.0,0.0,0.0,0.0,0.0,0.0,0,0,0,0.0,0.0,0.0,0.0,0.0,0.0,0.0,0.0,0.0,0.0,0.0,0.0,0.0,0.0,0.0,0.0,0,-107875648.0,77,0.0,154,0.0,0.0,ERR,ERR,ERR,ERR,ERR,ERR,ERR,ERR,ERR,ERR,ERR,ERR,ERR,ERR,ERR,ERR,ERR,ERR,ERR,ERR,ERR,ERR,ERR,ERR,ERR,ERR,ERR,ERR,ERR,ERR,ERR,ERR,ERR,ERR,ERR,ERR,ERR,ERR,ERR,ERR,ERR,ERR,ERR,ERR,ERR,ERR,ERR,ERR,ERR,ERR,ERR,ERR,ERR,ERR,ERR,ERR,ERR,ERR,ERR,ERR,ERR,ERR,ERR,ERR,ERR,ERR,ERR,34.0,80.0,35,0.0,0.0,0.0,0.0,0.0,0.0,0.0,0.0,0.0,0.0,0.0,0.0,0.0,0.0,0.0,0.0,66.0,0,120,58,53,65476,0,300,0,0,8,20529,65476,0,0,57672,80.0,0.0,0.0,0.0,0.0,0.0
2026-06-18T02:41:09,ERR,ERR,ERR,ERR,ERR,ERR,ERR,ERR,ERR,ERR,ERR,ERR,ERR,ERR,ERR,ERR,ERR,ERR,ERR,ERR,ERR,ERR,ERR,ERR,ERR,ERR,ERR,ERR,ERR,ERR,ERR,ERR,ERR,ERR,ERR,ERR,ERR,ERR,ERR,ERR,ERR,ERR,ERR,ERR,ERR,ERR,ERR,ERR,ERR,ERR,ERR,ERR,ERR,ERR,ERR,ERR,ERR,ERR,ERR,ERR,ERR,ERR,ERR,ERR,ERR,ERR,ERR,ERR,ERR,ERR,ERR,ERR,ERR,ERR,ERR,ERR,ERR,ERR,ERR,ERR,ERR,ERR,ERR,ERR,ERR,ERR,ERR,ERR,ERR,ERR,ERR,ERR,ERR,ERR,ERR,ERR,ERR,ERR,ERR,ERR,ERR,ERR,ERR,ERR,ERR,ERR,ERR,ERR,ERR,ERR,ERR,ERR,ERR,ERR,ERR,ERR,ERR,ERR,ERR,ERR,ERR,ERR,ERR,ERR,ERR,2.7184312818759872e+23,0.0,0.0,0.0,nan,1.3936040501711995e+18,7.805,-5533387829805056.0,0,0,4,48961,6720,14723890282496.0,100,0.0,0.0,0.0,-4.9501291711397626e+32,0.0,0,0,0,0,0.0,0,0,0,0,0,0,0,0,0,0,0,0,0,0,0,0,0,0,0,0,0,0,0,0,0,0,0,0,0,0,0,0,0,26,51,50,76,65476,0,300,0,0,8,21553,0.0,-107605600.0,0.0,0.0,0.0,0.0,0.0,0.0,0.0,0.0,0.0,0.0,0.0,0.0,0.0,0.0,0.0,0.0,0.0,0.0,0.0,0.0,-2.004,0.0,-2.004,-2.004,0.0,0.0,0.0,0.0,4800.0,0.0,7264.0,2.7184312818759872e+23,0.0,-0.0,-0.0,0.0,0.0,0.0,0.0,77,0.0,0.0,0.0,0.0,0.0,0.0,0.0,0.0,0.0,0,0,0,0.0,0.0,0.0,0.0,0.0,0.0,0.0,0.0,0.0,0.0,0.0,0.0,0.0,0.0,0.0,0.0,0,-107875648.0,77,0.0,154,0.0,0.0,ERR,ERR,ERR,ERR,ERR,ERR,ERR,ERR,ERR,ERR,ERR,ERR,ERR,ERR,ERR,ERR,ERR,ERR,ERR,ERR,ERR,ERR,ERR,ERR,ERR,ERR,ERR,ERR,ERR,ERR,ERR,ERR,ERR,ERR,ERR,ERR,ERR,ERR,ERR,ERR,ERR,ERR,ERR,ERR,ERR,ERR,ERR,ERR,ERR,ERR,ERR,ERR,ERR,ERR,ERR,ERR,ERR,ERR,ERR,ERR,ERR,ERR,ERR,ERR,ERR,ERR,ERR,34.0,80.0,35,0.0,0.0,0.0,0.0,0.0,0.0,0.0,0.0,0.0,0.0,0.0,0.0,0.0,0.0,0.0,0.0,66.0,0,120,58,53,65476,0,300,0,0,8,20529,65476,0,0,57672,80.0,0.0,0.0,0.0,0.0,0.0
2026-06-18T02:41:10,ERR,ERR,ERR,ERR,ERR,ERR,ERR,ERR,ERR,ERR,ERR,ERR,ERR,ERR,ERR,ERR,ERR,ERR,ERR,ERR,ERR,ERR,ERR,ERR,ERR,ERR,ERR,ERR,ERR,ERR,ERR,ERR,ERR,ERR,ERR,ERR,ERR,ERR,ERR,ERR,ERR,ERR,ERR,ERR,ERR,ERR,ERR,ERR,ERR,ERR,ERR,ERR,ERR,ERR,ERR,ERR,ERR,ERR,ERR,ERR,ERR,ERR,ERR,ERR,ERR,ERR,ERR,ERR,ERR,ERR,ERR,ERR,ERR,ERR,ERR,ERR,ERR,ERR,ERR,ERR,ERR,ERR,ERR,ERR,ERR,ERR,ERR,ERR,ERR,ERR,ERR,ERR,ERR,ERR,ERR,ERR,ERR,ERR,ERR,ERR,ERR,ERR,ERR,ERR,ERR,ERR,ERR,ERR,ERR,ERR,ERR,ERR,ERR,ERR,ERR,ERR,ERR,ERR,ERR,ERR,ERR,ERR,ERR,ERR,ERR,2.7184312818759872e+23,0.0,0.0,0.0,nan,1.3936040501711995e+18,7.805,-5533387829805056.0,0,0,4,48961,6720,14723890282496.0,100,0.0,0.0,0.0,-4.9501291711397626e+32,0.0,0,0,0,0,0.0,0,0,0,0,0,0,0,0,0,0,0,0,0,0,0,0,0,0,0,0,0,0,0,0,0,0,0,0,0,0,0,0,0,26,51,50,76,65476,0,300,0,0,8,21553,0.0,-107605600.0,0.0,0.0,0.0,0.0,0.0,0.0,0.0,0.0,0.0,0.0,0.0,0.0,0.0,0.0,0.0,0.0,0.0,0.0,0.0,0.0,-2.004,0.0,-2.004,-2.004,0.0,0.0,0.0,0.0,4800.0,0.0,7264.0,2.7184312818759872e+23,0.0,-0.0,-0.0,0.0,0.0,0.0,0.0,77,0.0,0.0,0.0,0.0,0.0,0.0,0.0,0.0,0.0,0,0,0,0.0,0.0,0.0,0.0,0.0,0.0,0.0,0.0,0.0,0.0,0.0,0.0,0.0,0.0,0.0,0.0,0,-107875648.0,77,0.0,154,0.0,0.0,ERR,ERR,ERR,ERR,ERR,ERR,ERR,ERR,ERR,ERR,ERR,ERR,ERR,ERR,ERR,ERR,ERR,ERR,ERR,ERR,ERR,ERR,ERR,ERR,ERR,ERR,ERR,ERR,ERR,ERR,ERR,ERR,ERR,ERR,ERR,ERR,ERR,ERR,ERR,ERR,ERR,ERR,ERR,ERR,ERR,ERR,ERR,ERR,ERR,ERR,ERR,ERR,ERR,ERR,ERR,ERR,ERR,ERR,ERR,ERR,ERR,ERR,ERR,ERR,ERR,ERR,ERR,34.0,80.0,35,0.0,0.0,0.0,0.0,0.0,0.0,0.0,0.0,0.0,0.0,0.0,0.0,0.0,0.0,0.0,0.0,66.0,0,120,58,53,65476,0,300,0,0,8,20529,65476,0,0,57672,80.0,0.0,0.0,0.0,0.0,0.0
2026-06-18T02:41:11,ERR,ERR,ERR,ERR,ERR,ERR,ERR,ERR,ERR,ERR,ERR,ERR,ERR,ERR,ERR,ERR,ERR,ERR,ERR,ERR,ERR,ERR,ERR,ERR,ERR,ERR,ERR,ERR,ERR,ERR,ERR,ERR,ERR,ERR,ERR,ERR,ERR,ERR,ERR,ERR,ERR,ERR,ERR,ERR,ERR,ERR,ERR,ERR,ERR,ERR,ERR,ERR,ERR,ERR,ERR,ERR,ERR,ERR,ERR,ERR,ERR,ERR,ERR,ERR,ERR,ERR,ERR,ERR,ERR,ERR,ERR,ERR,ERR,ERR,ERR,ERR,ERR,ERR,ERR,ERR,ERR,ERR,ERR,ERR,ERR,ERR,ERR,ERR,ERR,ERR,ERR,ERR,ERR,ERR,ERR,ERR,ERR,ERR,ERR,ERR,ERR,ERR,ERR,ERR,ERR,ERR,ERR,ERR,ERR,ERR,ERR,ERR,ERR,ERR,ERR,ERR,ERR,ERR,ERR,ERR,ERR,ERR,ERR,ERR,ERR,2.7184312818759872e+23,0.0,0.0,0.0,nan,1.3936040501711995e+18,7.805,-5533387829805056.0,0,0,4,48961,6720,14723890282496.0,100,0.0,0.0,0.0,-4.9501291711397626e+32,0.0,0,0,0,0,0.0,0,0,0,0,0,0,0,0,0,0,0,0,0,0,0,0,0,0,0,0,0,0,0,0,0,0,0,0,0,0,0,0,0,26,51,50,76,65476,0,300,0,0,8,21553,0.0,-107605600.0,0.0,0.0,0.0,0.0,0.0,0.0,0.0,0.0,0.0,0.0,0.0,0.0,0.0,0.0,0.0,0.0,0.0,0.0,0.0,0.0,-2.004,0.0,-2.004,-2.004,0.0,0.0,0.0,0.0,4800.0,0.0,7264.0,2.7184312818759872e+23,0.0,-0.0,-0.0,0.0,0.0,0.0,0.0,77,0.0,0.0,0.0,0.0,0.0,0.0,0.0,0.0,0.0,0,0,0,0.0,0.0,0.0,0.0,0.0,0.0,0.0,0.0,0.0,0.0,0.0,0.0,0.0,0.0,0.0,0.0,0,-107875648.0,77,0.0,154,0.0,0.0,ERR,ERR,ERR,ERR,ERR,ERR,ERR,ERR,ERR,ERR,ERR,ERR,ERR,ERR,ERR,ERR,ERR,ERR,ERR,ERR,ERR,ERR,ERR,ERR,ERR,ERR,ERR,ERR,ERR,ERR,ERR,ERR,ERR,ERR,ERR,ERR,ERR,ERR,ERR,ERR,ERR,ERR,ERR,ERR,ERR,ERR,ERR,ERR,ERR,ERR,ERR,ERR,ERR,ERR,ERR,ERR,ERR,ERR,ERR,ERR,ERR,ERR,ERR,ERR,ERR,ERR,ERR,34.0,80.0,35,0.0,0.0,0.0,0.0,0.0,0.0,0.0,0.0,0.0,0.0,0.0,0.0,0.0,0.0,0.0,0.0,65.6,0,120,58,53,65476,0,300,0,0,8,20529,65476,0,0,57672,80.0,0.0,0.0,0.0,0.0,0.0
2026-06-18T02:41:12,ERR,ERR,ERR,ERR,ERR,ERR,ERR,ERR,ERR,ERR,ERR,ERR,ERR,ERR,ERR,ERR,ERR,ERR,ERR,ERR,ERR,ERR,ERR,ERR,ERR,ERR,ERR,ERR,ERR,ERR,ERR,ERR,ERR,ERR,ERR,ERR,ERR,ERR,ERR,ERR,ERR,ERR,ERR,ERR,ERR,ERR,ERR,ERR,ERR,ERR,ERR,ERR,ERR,ERR,ERR,ERR,ERR,ERR,ERR,ERR,ERR,ERR,ERR,ERR,ERR,ERR,ERR,ERR,ERR,ERR,ERR,ERR,ERR,ERR,ERR,ERR,ERR,ERR,ERR,ERR,ERR,ERR,ERR,ERR,ERR,ERR,ERR,ERR,ERR,ERR,ERR,ERR,ERR,ERR,ERR,ERR,ERR,ERR,ERR,ERR,ERR,ERR,ERR,ERR,ERR,ERR,ERR,ERR,ERR,ERR,ERR,ERR,ERR,ERR,ERR,ERR,ERR,ERR,ERR,ERR,ERR,ERR,ERR,ERR,ERR,2.7184312818759872e+23,0.0,0.0,0.0,nan,1.3936040501711995e+18,7.805,-5533387829805056.0,0,0,4,48961,6720,14723890282496.0,100,0.0,0.0,0.0,-4.9501291711397626e+32,0.0,0,0,0,0,0.0,0,0,0,0,0,0,0,0,0,0,0,0,0,0,0,0,0,0,0,0,0,0,0,0,0,0,0,0,0,0,0,0,0,26,51,50,76,65476,0,300,0,0,8,21553,0.0,-107605600.0,0.0,0.0,0.0,0.0,0.0,0.0,0.0,0.0,0.0,0.0,0.0,0.0,0.0,0.0,0.0,0.0,0.0,0.0,0.0,0.0,-2.004,0.0,-2.004,-2.004,0.0,0.0,0.0,0.0,4800.0,0.0,7264.0,2.7184312818759872e+23,0.0,-0.0,-0.0,0.0,0.0,0.0,0.0,77,0.0,0.0,0.0,0.0,0.0,0.0,0.0,0.0,0.0,0,0,0,0.0,0.0,0.0,0.0,0.0,0.0,0.0,0.0,0.0,0.0,0.0,0.0,0.0,0.0,0.0,0.0,0,-107875648.0,77,0.0,154,0.0,0.0,ERR,ERR,ERR,ERR,ERR,ERR,ERR,ERR,ERR,ERR,ERR,ERR,ERR,ERR,ERR,ERR,ERR,ERR,ERR,ERR,ERR,ERR,ERR,ERR,ERR,ERR,ERR,ERR,ERR,ERR,ERR,ERR,ERR,ERR,ERR,ERR,ERR,ERR,ERR,ERR,ERR,ERR,ERR,ERR,ERR,ERR,ERR,ERR,ERR,ERR,ERR,ERR,ERR,ERR,ERR,ERR,ERR,ERR,ERR,ERR,ERR,ERR,ERR,ERR,ERR,ERR,ERR,34.0,80.0,35,0.0,0.0,0.0,0.0,0.0,0.0,0.0,0.0,0.0,0.0,0.0,0.0,0.0,0.0,0.0,0.0,65.6,0,120,58,53,65476,0,300,0,0,8,20529,65476,0,0,57672,80.0,0.0,0.0,0.0,0.0,0.0
2026-06-18T02:41:13,ERR,ERR,ERR,ERR,ERR,ERR,ERR,ERR,ERR,ERR,ERR,ERR,ERR,ERR,ERR,ERR,ERR,ERR,ERR,ERR,ERR,ERR,ERR,ERR,ERR,ERR,ERR,ERR,ERR,ERR,ERR,ERR,ERR,ERR,ERR,ERR,ERR,ERR,ERR,ERR,ERR,ERR,ERR,ERR,ERR,ERR,ERR,ERR,ERR,ERR,ERR,ERR,ERR,ERR,ERR,ERR,ERR,ERR,ERR,ERR,ERR,ERR,ERR,ERR,ERR,ERR,ERR,ERR,ERR,ERR,ERR,ERR,ERR,ERR,ERR,ERR,ERR,ERR,ERR,ERR,ERR,ERR,ERR,ERR,ERR,ERR,ERR,ERR,ERR,ERR,ERR,ERR,ERR,ERR,ERR,ERR,ERR,ERR,ERR,ERR,ERR,ERR,ERR,ERR,ERR,ERR,ERR,ERR,ERR,ERR,ERR,ERR,ERR,ERR,ERR,ERR,ERR,ERR,ERR,ERR,ERR,ERR,ERR,ERR,ERR,2.7184312818759872e+23,0.0,0.0,-0.0,nan,1.3936040501711995e+18,7.805,1.203397215123588e+25,0,0,4,48961,6720,14723890282496.0,100,0.0,0.0,0.0,-4.9501291711397626e+32,0.0,0,0,0,0,0.0,0,0,0,0,0,0,0,0,0,0,0,0,0,0,0,0,0,0,0,0,0,0,0,0,0,0,0,0,0,0,0,0,0,26,51,50,76,65476,0,300,0,0,8,21553,0.0,-107605600.0,0.0,0.0,0.0,0.0,0.0,0.0,0.0,0.0,0.0,0.0,0.0,0.0,0.0,0.0,0.0,0.0,0.0,0.0,0.0,0.0,-2.004,0.0,-2.004,-2.004,0.0,0.0,0.0,0.0,4799.0,-1.0406645142989446e+34,7295.0,2.7184312818759872e+23,0.0,-0.0,-0.0,0.0,0.0,0.0,0.0,77,-5.848083809157084e+35,-4.950398036242045e+32,0.0,0.0,0.0,0.0,0.0,0.0,0.0,0,0,0,0.0,0.0,0.0,0.0,0.0,0.0,0.0,0.0,0.0,0.0,0.0,0.0,0.0,0.0,0.0,0.0,0,-107875648.0,77,0.0,154,0.0,0.0,ERR,ERR,ERR,ERR,ERR,ERR,ERR,ERR,ERR,ERR,ERR,ERR,ERR,ERR,ERR,ERR,ERR,ERR,ERR,ERR,ERR,ERR,ERR,ERR,ERR,ERR,ERR,ERR,ERR,ERR,ERR,ERR,ERR,ERR,ERR,ERR,ERR,ERR,ERR,ERR,ERR,ERR,ERR,ERR,ERR,ERR,ERR,ERR,ERR,ERR,ERR,ERR,ERR,ERR,ERR,ERR,ERR,ERR,ERR,ERR,ERR,ERR,ERR,ERR,ERR,ERR,ERR,34.0,80.0,35,0.0,0.0,0.0,0.0,0.0,0.0,0.0,0.0,0.0,0.0,0.0,0.0,0.0,0.0,0.0,0.0,66.0,0,120,58,53,65476,0,300,0,0,8,20529,65476,0,0,57672,80.0,0.0,0.0,0.0,0.0,0.0
2026-06-18T02:41:14,ERR,ERR,ERR,ERR,ERR,ERR,ERR,ERR,ERR,ERR,ERR,ERR,ERR,ERR,ERR,ERR,ERR,ERR,ERR,ERR,ERR,ERR,ERR,ERR,ERR,ERR,ERR,ERR,ERR,ERR,ERR,ERR,ERR,ERR,ERR,ERR,ERR,ERR,ERR,ERR,ERR,ERR,ERR,ERR,ERR,ERR,ERR,ERR,ERR,ERR,ERR,ERR,ERR,ERR,ERR,ERR,ERR,ERR,ERR,ERR,ERR,ERR,ERR,ERR,ERR,ERR,ERR,ERR,ERR,ERR,ERR,ERR,ERR,ERR,ERR,ERR,ERR,ERR,ERR,ERR,ERR,ERR,ERR,ERR,ERR,ERR,ERR,ERR,ERR,ERR,ERR,ERR,ERR,ERR,ERR,ERR,ERR,ERR,ERR,ERR,ERR,ERR,ERR,ERR,ERR,ERR,ERR,ERR,ERR,ERR,ERR,ERR,ERR,ERR,ERR,ERR,ERR,ERR,ERR,ERR,ERR,ERR,ERR,ERR,ERR,2.7184312818759872e+23,0.0,0.0,-0.0,nan,1.3936040501711995e+18,7.805,1.203397215123588e+25,0,0,4,48961,6720,14723890282496.0,100,0.0,0.0,0.0,-4.9501291711397626e+32,0.0,0,0,0,0,0.0,0,0,0,0,0,0,0,0,0,0,0,0,0,0,0,0,0,0,0,0,0,0,0,0,0,0,0,0,0,0,0,0,0,26,51,50,76,65476,0,300,0,0,8,21553,0.0,-107605600.0,0.0,0.0,0.0,0.0,0.0,0.0,0.0,0.0,0.0,0.0,0.0,0.0,0.0,0.0,0.0,0.0,0.0,0.0,0.0,0.0,-2.004,0.0,-2.004,-2.004,0.0,0.0,0.0,0.0,4799.0,-1.0406645142989446e+34,7295.0,2.7184312818759872e+23,0.0,-0.0,-0.0,0.0,0.0,0.0,0.0,77,-5.848083809157084e+35,-4.950398036242045e+32,0.0,0.0,0.0,0.0,0.0,0.0,0.0,0,0,0,0.0,0.0,0.0,0.0,0.0,0.0,0.0,0.0,0.0,0.0,0.0,0.0,0.0,0.0,0.0,0.0,0,-107875648.0,77,0.0,154,0.0,0.0,ERR,ERR,ERR,ERR,ERR,ERR,ERR,ERR,ERR,ERR,ERR,ERR,ERR,ERR,ERR,ERR,ERR,ERR,ERR,ERR,ERR,ERR,ERR,ERR,ERR,ERR,ERR,ERR,ERR,ERR,ERR,ERR,ERR,ERR,ERR,ERR,ERR,ERR,ERR,ERR,ERR,ERR,ERR,ERR,ERR,ERR,ERR,ERR,ERR,ERR,ERR,ERR,ERR,ERR,ERR,ERR,ERR,ERR,ERR,ERR,ERR,ERR,ERR,ERR,ERR,ERR,ERR,34.0,80.0,35,0.0,0.0,0.0,0.0,0.0,0.0,0.0,0.0,0.0,0.0,0.0,0.0,0.0,0.0,0.0,0.0,66.0,0,120,58,53,65476,0,300,0,0,8,20529,65476,0,0,57672,80.0,0.0,0.0,0.0,0.0,0.0
2026-06-18T02:41:15,ERR,ERR,ERR,ERR,ERR,ERR,ERR,ERR,ERR,ERR,ERR,ERR,ERR,ERR,ERR,ERR,ERR,ERR,ERR,ERR,ERR,ERR,ERR,ERR,ERR,ERR,ERR,ERR,ERR,ERR,ERR,ERR,ERR,ERR,ERR,ERR,ERR,ERR,ERR,ERR,ERR,ERR,ERR,ERR,ERR,ERR,ERR,ERR,ERR,ERR,ERR,ERR,ERR,ERR,ERR,ERR,ERR,ERR,ERR,ERR,ERR,ERR,ERR,ERR,ERR,ERR,ERR,ERR,ERR,ERR,ERR,ERR,ERR,ERR,ERR,ERR,ERR,ERR,ERR,ERR,ERR,ERR,ERR,ERR,ERR,ERR,ERR,ERR,ERR,ERR,ERR,ERR,ERR,ERR,ERR,ERR,ERR,ERR,ERR,ERR,ERR,ERR,ERR,ERR,ERR,ERR,ERR,ERR,ERR,ERR,ERR,ERR,ERR,ERR,ERR,ERR,ERR,ERR,ERR,ERR,ERR,ERR,ERR,ERR,ERR,2.7184312818759872e+23,0.0,0.0,-0.0,nan,1.3936040501711995e+18,7.805,1.203397215123588e+25,0,0,4,48961,6720,14723890282496.0,100,0.0,0.0,0.0,-4.9501291711397626e+32,0.0,0,0,0,0,0.0,0,0,0,0,0,0,0,0,0,0,0,0,0,0,0,0,0,0,0,0,0,0,0,0,0,0,0,0,0,0,0,0,0,26,51,50,76,65476,0,300,0,0,8,21553,0.0,-107605600.0,0.0,0.0,0.0,0.0,0.0,0.0,0.0,0.0,0.0,0.0,0.0,0.0,0.0,0.0,0.0,0.0,0.0,0.0,0.0,0.0,-2.004,0.0,-2.004,-2.004,0.0,0.0,0.0,0.0,4799.0,-1.0406645142989446e+34,7295.0,2.7184312818759872e+23,0.0,-0.0,-0.0,0.0,0.0,0.0,0.0,77,-5.848083809157084e+35,-4.950398036242045e+32,0.0,0.0,0.0,0.0,0.0,0.0,0.0,0,0,0,0.0,0.0,0.0,0.0,0.0,0.0,0.0,0.0,0.0,0.0,0.0,0.0,0.0,0.0,0.0,0.0,0,-107875648.0,77,0.0,154,0.0,0.0,ERR,ERR,ERR,ERR,ERR,ERR,ERR,ERR,ERR,ERR,ERR,ERR,ERR,ERR,ERR,ERR,ERR,ERR,ERR,ERR,ERR,ERR,ERR,ERR,ERR,ERR,ERR,ERR,ERR,ERR,ERR,ERR,ERR,ERR,ERR,ERR,ERR,ERR,ERR,ERR,ERR,ERR,ERR,ERR,ERR,ERR,ERR,ERR,ERR,ERR,ERR,ERR,ERR,ERR,ERR,ERR,ERR,ERR,ERR,ERR,ERR,ERR,ERR,ERR,ERR,ERR,ERR,34.0,80.0,35,0.0,0.0,0.0,0.0,0.0,0.0,0.0,0.0,0.0,0.0,0.0,0.0,0.0,0.0,0.0,0.0,66.0,0,120,58,53,65476,0,300,0,0,8,20529,65476,0,0,57672,80.0,0.0,0.0,0.0,0.0,0.0
2026-06-18T02:41:16,ERR,ERR,ERR,ERR,ERR,ERR,ERR,ERR,ERR,ERR,ERR,ERR,ERR,ERR,ERR,ERR,ERR,ERR,ERR,ERR,ERR,ERR,ERR,ERR,ERR,ERR,ERR,ERR,ERR,ERR,ERR,ERR,ERR,ERR,ERR,ERR,ERR,ERR,ERR,ERR,ERR,ERR,ERR,ERR,ERR,ERR,ERR,ERR,ERR,ERR,ERR,ERR,ERR,ERR,ERR,ERR,ERR,ERR,ERR,ERR,ERR,ERR,ERR,ERR,ERR,ERR,ERR,ERR,ERR,ERR,ERR,ERR,ERR,ERR,ERR,ERR,ERR,ERR,ERR,ERR,ERR,ERR,ERR,ERR,ERR,ERR,ERR,ERR,ERR,ERR,ERR,ERR,ERR,ERR,ERR,ERR,ERR,ERR,ERR,ERR,ERR,ERR,ERR,ERR,ERR,ERR,ERR,ERR,ERR,ERR,ERR,ERR,ERR,ERR,ERR,ERR,ERR,ERR,ERR,ERR,ERR,ERR,ERR,ERR,ERR,2.7184312818759872e+23,0.0,0.0,-0.0,nan,1.3936040501711995e+18,7.805,1.203397215123588e+25,0,0,4,48961,6720,14723890282496.0,100,0.0,0.0,0.0,-4.9501291711397626e+32,0.0,0,0,0,0,0.0,0,0,0,0,0,0,0,0,0,0,0,0,0,0,0,0,0,0,0,0,0,0,0,0,0,0,0,0,0,0,0,0,0,26,51,50,76,65476,0,300,0,0,8,21553,0.0,-107605600.0,0.0,0.0,0.0,0.0,0.0,0.0,0.0,0.0,0.0,0.0,0.0,0.0,0.0,0.0,0.0,0.0,0.0,0.0,0.0,0.0,-2.004,0.0,-2.004,-2.004,0.0,0.0,0.0,0.0,4799.0,-1.0406645142989446e+34,7295.0,2.7184312818759872e+23,0.0,-0.0,-0.0,0.0,0.0,0.0,0.0,77,-5.848083809157084e+35,-4.950398036242045e+32,0.0,0.0,0.0,0.0,0.0,0.0,0.0,0,0,0,0.0,0.0,0.0,0.0,0.0,0.0,0.0,0.0,0.0,0.0,0.0,0.0,0.0,0.0,0.0,0.0,0,-107875648.0,77,0.0,154,0.0,0.0,ERR,ERR,ERR,ERR,ERR,ERR,ERR,ERR,ERR,ERR,ERR,ERR,ERR,ERR,ERR,ERR,ERR,ERR,ERR,ERR,ERR,ERR,ERR,ERR,ERR,ERR,ERR,ERR,ERR,ERR,ERR,ERR,ERR,ERR,ERR,ERR,ERR,ERR,ERR,ERR,ERR,ERR,ERR,ERR,ERR,ERR,ERR,ERR,ERR,ERR,ERR,ERR,ERR,ERR,ERR,ERR,ERR,ERR,ERR,ERR,ERR,ERR,ERR,ERR,ERR,ERR,ERR,34.0,80.0,35,0.0,0.0,0.0,0.0,0.0,0.0,0.0,0.0,0.0,0.0,0.0,0.0,0.0,0.0,0.0,0.0,66.0,0,120,58,53,65476,0,300,0,0,8,20529,65476,0,0,57672,80.0,0.0,0.0,0.0,0.0,0.0
2026-06-18T02:41:17,ERR,ERR,ERR,ERR,ERR,ERR,ERR,ERR,ERR,ERR,ERR,ERR,ERR,ERR,ERR,ERR,ERR,ERR,ERR,ERR,ERR,ERR,ERR,ERR,ERR,ERR,ERR,ERR,ERR,ERR,ERR,ERR,ERR,ERR,ERR,ERR,ERR,ERR,ERR,ERR,ERR,ERR,ERR,ERR,ERR,ERR,ERR,ERR,ERR,ERR,ERR,ERR,ERR,ERR,ERR,ERR,ERR,ERR,ERR,ERR,ERR,ERR,ERR,ERR,ERR,ERR,ERR,ERR,ERR,ERR,ERR,ERR,ERR,ERR,ERR,ERR,ERR,ERR,ERR,ERR,ERR,ERR,ERR,ERR,ERR,ERR,ERR,ERR,ERR,ERR,ERR,ERR,ERR,ERR,ERR,ERR,ERR,ERR,ERR,ERR,ERR,ERR,ERR,ERR,ERR,ERR,ERR,ERR,ERR,ERR,ERR,ERR,ERR,ERR,ERR,ERR,ERR,ERR,ERR,ERR,ERR,ERR,ERR,ERR,ERR,2.7184312818759872e+23,0.0,0.0,-0.0,nan,1.3936040501711995e+18,7.805,1.203397215123588e+25,0,0,4,48961,6720,14723890282496.0,100,0.0,0.0,0.0,-4.9501291711397626e+32,0.0,0,0,0,0,0.0,0,0,0,0,0,0,0,0,0,0,0,0,0,0,0,0,0,0,0,0,0,0,0,0,0,0,0,0,0,0,0,0,0,26,51,50,76,65476,0,300,0,0,8,21553,0.0,-107605600.0,0.0,0.0,0.0,0.0,0.0,0.0,0.0,0.0,0.0,0.0,0.0,0.0,0.0,0.0,0.0,0.0,0.0,0.0,0.0,0.0,-2.004,0.0,-2.004,-2.004,0.0,0.0,0.0,0.0,4799.0,-1.0406645142989446e+34,7295.0,2.7184312818759872e+23,0.0,-0.0,-0.0,0.0,0.0,0.0,0.0,77,-5.848083809157084e+35,-4.950398036242045e+32,0.0,0.0,0.0,0.0,0.0,0.0,0.0,0,0,0,0.0,0.0,0.0,0.0,0.0,0.0,0.0,0.0,0.0,0.0,0.0,0.0,0.0,0.0,0.0,0.0,0,-107875648.0,77,0.0,154,0.0,0.0,ERR,ERR,ERR,ERR,ERR,ERR,ERR,ERR,ERR,ERR,ERR,ERR,ERR,ERR,ERR,ERR,ERR,ERR,ERR,ERR,ERR,ERR,ERR,ERR,ERR,ERR,ERR,ERR,ERR,ERR,ERR,ERR,ERR,ERR,ERR,ERR,ERR,ERR,ERR,ERR,ERR,ERR,ERR,ERR,ERR,ERR,ERR,ERR,ERR,ERR,ERR,ERR,ERR,ERR,ERR,ERR,ERR,ERR,ERR,ERR,ERR,ERR,ERR,ERR,ERR,ERR,ERR,34.0,80.0,35,0.0,0.0,0.0,0.0,0.0,0.0,0.0,0.0,0.0,0.0,0.0,0.0,0.0,0.0,0.0,0.0,66.4,0,120,58,53,65476,0,300,0,0,8,20529,65476,0,0,57672,80.0,0.0,0.0,0.0,0.0,0.0
2026-06-18T02:41:18,ERR,ERR,ERR,ERR,ERR,ERR,ERR,ERR,ERR,ERR,ERR,ERR,ERR,ERR,ERR,ERR,ERR,ERR,ERR,ERR,ERR,ERR,ERR,ERR,ERR,ERR,ERR,ERR,ERR,ERR,ERR,ERR,ERR,ERR,ERR,ERR,ERR,ERR,ERR,ERR,ERR,ERR,ERR,ERR,ERR,ERR,ERR,ERR,ERR,ERR,ERR,ERR,ERR,ERR,ERR,ERR,ERR,ERR,ERR,ERR,ERR,ERR,ERR,ERR,ERR,ERR,ERR,ERR,ERR,ERR,ERR,ERR,ERR,ERR,ERR,ERR,ERR,ERR,ERR,ERR,ERR,ERR,ERR,ERR,ERR,ERR,ERR,ERR,ERR,ERR,ERR,ERR,ERR,ERR,ERR,ERR,ERR,ERR,ERR,ERR,ERR,ERR,ERR,ERR,ERR,ERR,ERR,ERR,ERR,ERR,ERR,ERR,ERR,ERR,ERR,ERR,ERR,ERR,ERR,ERR,ERR,ERR,ERR,ERR,ERR,2.7184312818759872e+23,0.0,0.0,0.059,nan,1.3936040501711995e+18,7.805,-0.001,0,0,4,48959,6720,14723890282496.0,100,0.0,0.0,0.0,-152005385388032.0,0.0,0,0,0,0,0.0,0,0,0,0,0,0,0,0,0,0,0,0,0,0,0,0,0,0,0,0,0,0,0,0,0,0,0,0,0,0,0,0,0,26,51,50,76,65476,0,300,0,0,8,21553,0.0,-107605600.0,0.0,0.0,0.0,0.0,0.0,0.0,0.0,0.0,0.0,0.0,0.0,0.0,0.0,0.0,0.0,0.0,0.0,0.0,0.0,0.0,-2.004,0.0,-2.004,-2.004,0.0,0.0,0.0,0.0,4802.0,0.0,7265.0,2.7184312818759872e+23,0.0,-0.0,-0.0,0.0,0.0,0.0,0.0,77,0.0,-4.950398036242045e+32,0.0,0.0,0.0,0.0,0.0,0.0,0.0,0,0,0,0.0,0.0,0.0,0.0,0.0,0.0,0.0,0.0,0.0,0.0,0.0,0.0,0.0,0.0,0.0,0.0,0,-107875648.0,77,0.0,154,0.0,0.0,ERR,ERR,ERR,ERR,ERR,ERR,ERR,ERR,ERR,ERR,ERR,ERR,ERR,ERR,ERR,ERR,ERR,ERR,ERR,ERR,ERR,ERR,ERR,ERR,ERR,ERR,ERR,ERR,ERR,ERR,ERR,ERR,ERR,ERR,ERR,ERR,ERR,ERR,ERR,ERR,ERR,ERR,ERR,ERR,ERR,ERR,ERR,ERR,ERR,ERR,ERR,ERR,ERR,ERR,ERR,ERR,ERR,ERR,ERR,ERR,ERR,ERR,ERR,ERR,ERR,ERR,ERR,34.0,80.0,35,0.0,0.0,0.0,0.0,0.0,0.0,0.0,0.0,0.0,0.0,0.0,0.0,0.0,0.0,0.0,0.0,66.4,0,120,58,53,65476,0,300,0,0,8,20529,65476,0,0,57672,80.0,0.0,0.0,0.0,0.0,0.0
2026-06-18T02:41:19,ERR,ERR,ERR,ERR,ERR,ERR,ERR,ERR,ERR,ERR,ERR,ERR,ERR,ERR,ERR,ERR,ERR,ERR,ERR,ERR,ERR,ERR,ERR,ERR,ERR,ERR,ERR,ERR,ERR,ERR,ERR,ERR,ERR,ERR,ERR,ERR,ERR,ERR,ERR,ERR,ERR,ERR,ERR,ERR,ERR,ERR,ERR,ERR,ERR,ERR,ERR,ERR,ERR,ERR,ERR,ERR,ERR,ERR,ERR,ERR,ERR,ERR,ERR,ERR,ERR,ERR,ERR,ERR,ERR,ERR,ERR,ERR,ERR,ERR,ERR,ERR,ERR,ERR,ERR,ERR,ERR,ERR,ERR,ERR,ERR,ERR,ERR,ERR,ERR,ERR,ERR,ERR,ERR,ERR,ERR,ERR,ERR,ERR,ERR,ERR,ERR,ERR,ERR,ERR,ERR,ERR,ERR,ERR,ERR,ERR,ERR,ERR,ERR,ERR,ERR,ERR,ERR,ERR,ERR,ERR,ERR,ERR,ERR,ERR,ERR,2.7184312818759872e+23,0.0,0.0,0.059,nan,1.3936040501711995e+18,7.805,-0.001,0,0,4,48959,6720,14723890282496.0,100,0.0,0.0,0.0,-152005385388032.0,0.0,0,0,0,0,0.0,0,0,0,0,0,0,0,0,0,0,0,0,0,0,0,0,0,0,0,0,0,0,0,0,0,0,0,0,0,0,0,0,0,26,51,50,76,65476,0,300,0,0,8,21553,0.0,-107605600.0,0.0,0.0,0.0,0.0,0.0,0.0,0.0,0.0,0.0,0.0,0.0,0.0,0.0,0.0,0.0,0.0,0.0,0.0,0.0,0.0,-2.004,0.0,-2.004,-2.004,0.0,0.0,0.0,0.0,4802.0,0.0,7265.0,2.7184312818759872e+23,0.0,-0.0,-0.0,0.0,0.0,0.0,0.0,77,0.0,-4.950398036242045e+32,0.0,0.0,0.0,0.0,0.0,0.0,0.0,0,0,0,0.0,0.0,0.0,0.0,0.0,0.0,0.0,0.0,0.0,0.0,0.0,0.0,0.0,0.0,0.0,0.0,0,-107875648.0,77,0.0,154,0.0,0.0,ERR,ERR,ERR,ERR,ERR,ERR,ERR,ERR,ERR,ERR,ERR,ERR,ERR,ERR,ERR,ERR,ERR,ERR,ERR,ERR,ERR,ERR,ERR,ERR,ERR,ERR,ERR,ERR,ERR,ERR,ERR,ERR,ERR,ERR,ERR,ERR,ERR,ERR,ERR,ERR,ERR,ERR,ERR,ERR,ERR,ERR,ERR,ERR,ERR,ERR,ERR,ERR,ERR,ERR,ERR,ERR,ERR,ERR,ERR,ERR,ERR,ERR,ERR,ERR,ERR,ERR,ERR,34.0,80.0,35,0.0,0.0,0.0,0.0,0.0,0.0,0.0,0.0,0.0,0.0,0.0,0.0,0.0,0.0,0.0,0.0,66.4,0,120,58,53,65476,0,300,0,0,8,20529,65476,0,0,57672,80.0,0.0,0.0,0.0,0.0,0.0
2026-06-18T02:41:20,ERR,ERR,ERR,ERR,ERR,ERR,ERR,ERR,ERR,ERR,ERR,ERR,ERR,ERR,ERR,ERR,ERR,ERR,ERR,ERR,ERR,ERR,ERR,ERR,ERR,ERR,ERR,ERR,ERR,ERR,ERR,ERR,ERR,ERR,ERR,ERR,ERR,ERR,ERR,ERR,ERR,ERR,ERR,ERR,ERR,ERR,ERR,ERR,ERR,ERR,ERR,ERR,ERR,ERR,ERR,ERR,ERR,ERR,ERR,ERR,ERR,ERR,ERR,ERR,ERR,ERR,ERR,ERR,ERR,ERR,ERR,ERR,ERR,ERR,ERR,ERR,ERR,ERR,ERR,ERR,ERR,ERR,ERR,ERR,ERR,ERR,ERR,ERR,ERR,ERR,ERR,ERR,ERR,ERR,ERR,ERR,ERR,ERR,ERR,ERR,ERR,ERR,ERR,ERR,ERR,ERR,ERR,ERR,ERR,ERR,ERR,ERR,ERR,ERR,ERR,ERR,ERR,ERR,ERR,ERR,ERR,ERR,ERR,ERR,ERR,2.7184312818759872e+23,0.0,0.0,0.059,nan,1.3936040501711995e+18,7.805,-0.001,0,0,4,48959,6720,14723890282496.0,100,0.0,0.0,0.0,-152005385388032.0,0.0,0,0,0,0,0.0,0,0,0,0,0,0,0,0,0,0,0,0,0,0,0,0,0,0,0,0,0,0,0,0,0,0,0,0,0,0,0,0,0,26,51,50,76,65476,0,300,0,0,8,21553,0.0,-107605600.0,0.0,0.0,0.0,0.0,0.0,0.0,0.0,0.0,0.0,0.0,0.0,0.0,0.0,0.0,0.0,0.0,0.0,0.0,0.0,0.0,-2.004,0.0,-2.004,-2.004,0.0,0.0,0.0,0.0,4802.0,0.0,7265.0,2.7184312818759872e+23,0.0,-0.0,-0.0,0.0,0.0,0.0,0.0,77,0.0,-4.950398036242045e+32,0.0,0.0,0.0,0.0,0.0,0.0,0.0,0,0,0,0.0,0.0,0.0,0.0,0.0,0.0,0.0,0.0,0.0,0.0,0.0,0.0,0.0,0.0,0.0,0.0,0,-107875648.0,77,0.0,154,0.0,0.0,ERR,ERR,ERR,ERR,ERR,ERR,ERR,ERR,ERR,ERR,ERR,ERR,ERR,ERR,ERR,ERR,ERR,ERR,ERR,ERR,ERR,ERR,ERR,ERR,ERR,ERR,ERR,ERR,ERR,ERR,ERR,ERR,ERR,ERR,ERR,ERR,ERR,ERR,ERR,ERR,ERR,ERR,ERR,ERR,ERR,ERR,ERR,ERR,ERR,ERR,ERR,ERR,ERR,ERR,ERR,ERR,ERR,ERR,ERR,ERR,ERR,ERR,ERR,ERR,ERR,ERR,ERR,34.0,80.0,35,0.0,0.0,0.0,0.0,0.0,0.0,0.0,0.0,0.0,0.0,0.0,0.0,0.0,0.0,0.0,0.0,66.0,0,120,58,53,65476,0,300,0,0,8,20529,65476,0,0,57672,80.0,0.0,0.0,0.0,0.0,0.0
2026-06-18T02:41:21,ERR,ERR,ERR,ERR,ERR,ERR,ERR,ERR,ERR,ERR,ERR,ERR,ERR,ERR,ERR,ERR,ERR,ERR,ERR,ERR,ERR,ERR,ERR,ERR,ERR,ERR,ERR,ERR,ERR,ERR,ERR,ERR,ERR,ERR,ERR,ERR,ERR,ERR,ERR,ERR,ERR,ERR,ERR,ERR,ERR,ERR,ERR,ERR,ERR,ERR,ERR,ERR,ERR,ERR,ERR,ERR,ERR,ERR,ERR,ERR,ERR,ERR,ERR,ERR,ERR,ERR,ERR,ERR,ERR,ERR,ERR,ERR,ERR,ERR,ERR,ERR,ERR,ERR,ERR,ERR,ERR,ERR,ERR,ERR,ERR,ERR,ERR,ERR,ERR,ERR,ERR,ERR,ERR,ERR,ERR,ERR,ERR,ERR,ERR,ERR,ERR,ERR,ERR,ERR,ERR,ERR,ERR,ERR,ERR,ERR,ERR,ERR,ERR,ERR,ERR,ERR,ERR,ERR,ERR,ERR,ERR,ERR,ERR,ERR,ERR,2.7184312818759872e+23,0.0,0.0,0.059,nan,1.3936040501711995e+18,7.805,-0.001,0,0,4,48959,6720,14723890282496.0,100,0.0,0.0,0.0,-152005385388032.0,0.0,0,0,0,0,0.0,0,0,0,0,0,0,0,0,0,0,0,0,0,0,0,0,0,0,0,0,0,0,0,0,0,0,0,0,0,0,0,0,0,26,51,50,76,65476,0,300,0,0,8,21553,0.0,-107605600.0,0.0,0.0,0.0,0.0,0.0,0.0,0.0,0.0,0.0,0.0,0.0,0.0,0.0,0.0,0.0,0.0,0.0,0.0,0.0,0.0,-2.004,0.0,-2.004,-2.004,0.0,0.0,0.0,0.0,4802.0,0.0,7265.0,2.7184312818759872e+23,0.0,-0.0,-0.0,0.0,0.0,0.0,0.0,77,0.0,-4.950398036242045e+32,0.0,0.0,0.0,0.0,0.0,0.0,0.0,0,0,0,0.0,0.0,0.0,0.0,0.0,0.0,0.0,0.0,0.0,0.0,0.0,0.0,0.0,0.0,0.0,0.0,0,-107875648.0,77,0.0,154,0.0,0.0,ERR,ERR,ERR,ERR,ERR,ERR,ERR,ERR,ERR,ERR,ERR,ERR,ERR,ERR,ERR,ERR,ERR,ERR,ERR,ERR,ERR,ERR,ERR,ERR,ERR,ERR,ERR,ERR,ERR,ERR,ERR,ERR,ERR,ERR,ERR,ERR,ERR,ERR,ERR,ERR,ERR,ERR,ERR,ERR,ERR,ERR,ERR,ERR,ERR,ERR,ERR,ERR,ERR,ERR,ERR,ERR,ERR,ERR,ERR,ERR,ERR,ERR,ERR,ERR,ERR,ERR,ERR,34.0,80.0,35,0.0,0.0,0.0,0.0,0.0,0.0,0.0,0.0,0.0,0.0,0.0,0.0,0.0,0.0,0.0,0.0,66.0,0,120,58,53,65476,0,300,0,0,8,20529,65476,0,0,57672,80.0,0.0,0.0,0.0,0.0,0.0
2026-06-18T02:41:22,ERR,ERR,ERR,ERR,ERR,ERR,ERR,ERR,ERR,ERR,ERR,ERR,ERR,ERR,ERR,ERR,ERR,ERR,ERR,ERR,ERR,ERR,ERR,ERR,ERR,ERR,ERR,ERR,ERR,ERR,ERR,ERR,ERR,ERR,ERR,ERR,ERR,ERR,ERR,ERR,ERR,ERR,ERR,ERR,ERR,ERR,ERR,ERR,ERR,ERR,ERR,ERR,ERR,ERR,ERR,ERR,ERR,ERR,ERR,ERR,ERR,ERR,ERR,ERR,ERR,ERR,ERR,ERR,ERR,ERR,ERR,ERR,ERR,ERR,ERR,ERR,ERR,ERR,ERR,ERR,ERR,ERR,ERR,ERR,ERR,ERR,ERR,ERR,ERR,ERR,ERR,ERR,ERR,ERR,ERR,ERR,ERR,ERR,ERR,ERR,ERR,ERR,ERR,ERR,ERR,ERR,ERR,ERR,ERR,ERR,ERR,ERR,ERR,ERR,ERR,ERR,ERR,ERR,ERR,ERR,ERR,ERR,ERR,ERR,ERR,2.7184312818759872e+23,0.0,0.0,0.059,nan,1.3936040501711995e+18,7.805,-0.001,0,0,4,48959,6720,14723890282496.0,100,0.0,0.0,0.0,-152005385388032.0,0.0,0,0,0,0,0.0,0,0,0,0,0,0,0,0,0,0,0,0,0,0,0,0,0,0,0,0,0,0,0,0,0,0,0,0,0,0,0,0,0,26,51,50,76,65476,0,300,0,0,8,21553,0.0,-107605600.0,0.0,0.0,0.0,0.0,0.0,0.0,0.0,0.0,0.0,0.0,0.0,0.0,0.0,0.0,0.0,0.0,0.0,0.0,0.0,0.0,-2.004,0.0,-2.004,-2.004,0.0,0.0,0.0,0.0,4802.0,0.0,7265.0,2.7184312818759872e+23,0.0,-0.0,-0.0,0.0,0.0,0.0,0.0,77,0.0,-4.950398036242045e+32,0.0,0.0,0.0,0.0,0.0,0.0,0.0,0,0,0,0.0,0.0,0.0,0.0,0.0,0.0,0.0,0.0,0.0,0.0,0.0,0.0,0.0,0.0,0.0,0.0,0,-107875648.0,77,0.0,154,0.0,0.0,ERR,ERR,ERR,ERR,ERR,ERR,ERR,ERR,ERR,ERR,ERR,ERR,ERR,ERR,ERR,ERR,ERR,ERR,ERR,ERR,ERR,ERR,ERR,ERR,ERR,ERR,ERR,ERR,ERR,ERR,ERR,ERR,ERR,ERR,ERR,ERR,ERR,ERR,ERR,ERR,ERR,ERR,ERR,ERR,ERR,ERR,ERR,ERR,ERR,ERR,ERR,ERR,ERR,ERR,ERR,ERR,ERR,ERR,ERR,ERR,ERR,ERR,ERR,ERR,ERR,ERR,ERR,34.0,80.0,35,0.0,0.0,0.0,0.0,0.0,0.0,0.0,0.0,0.0,0.0,0.0,0.0,0.0,0.0,0.0,0.0,66.4,0,120,58,53,65476,0,300,0,0,8,20529,65476,0,0,57672,80.0,0.0,0.0,0.0,0.0,0.0
2026-06-18T02:41:23,ERR,ERR,ERR,ERR,ERR,ERR,ERR,ERR,ERR,ERR,ERR,ERR,ERR,ERR,ERR,ERR,ERR,ERR,ERR,ERR,ERR,ERR,ERR,ERR,ERR,ERR,ERR,ERR,ERR,ERR,ERR,ERR,ERR,ERR,ERR,ERR,ERR,ERR,ERR,ERR,ERR,ERR,ERR,ERR,ERR,ERR,ERR,ERR,ERR,ERR,ERR,ERR,ERR,ERR,ERR,ERR,ERR,ERR,ERR,ERR,ERR,ERR,ERR,ERR,ERR,ERR,ERR,ERR,ERR,ERR,ERR,ERR,ERR,ERR,ERR,ERR,ERR,ERR,ERR,ERR,ERR,ERR,ERR,ERR,ERR,ERR,ERR,ERR,ERR,ERR,ERR,ERR,ERR,ERR,ERR,ERR,ERR,ERR,ERR,ERR,ERR,ERR,ERR,ERR,ERR,ERR,ERR,ERR,ERR,ERR,ERR,ERR,ERR,ERR,ERR,ERR,ERR,ERR,ERR,ERR,ERR,ERR,ERR,ERR,ERR,2.7184312818759872e+23,0.0,0.0,-0.0,nan,1.3936040501711995e+18,7.805,1.203397215123588e+25,0,0,4,48965,6720,14723890282496.0,100,0.0,0.0,0.0,-0.0,0.0,0,0,0,0,0.0,0,0,0,0,0,0,0,0,0,0,0,0,0,0,0,0,0,0,0,0,0,0,0,0,0,0,0,0,0,0,0,0,0,26,51,50,76,65476,0,300,0,0,8,21553,0.0,-107605600.0,0.0,0.0,0.0,0.0,0.0,0.0,0.0,0.0,0.0,0.0,0.0,0.0,0.0,0.0,0.0,0.0,0.0,0.0,0.0,0.0,-2.004,0.0,-2.004,-2.004,0.0,0.0,0.0,0.0,4799.0,-1.587928030851661e+29,7294.0,2.7184312818759872e+23,0.0,-0.0,-0.0,0.0,0.0,0.0,0.0,77,0.0,-3.2219994468298344e+26,0.0,0.0,0.0,0.0,0.0,0.0,0.0,0,0,0,0.0,0.0,0.0,0.0,0.0,0.0,0.0,0.0,0.0,0.0,0.0,0.0,0.0,0.0,0.0,0.0,0,-107875648.0,77,0.0,154,0.0,0.0,ERR,ERR,ERR,ERR,ERR,ERR,ERR,ERR,ERR,ERR,ERR,ERR,ERR,ERR,ERR,ERR,ERR,ERR,ERR,ERR,ERR,ERR,ERR,ERR,ERR,ERR,ERR,ERR,ERR,ERR,ERR,ERR,ERR,ERR,ERR,ERR,ERR,ERR,ERR,ERR,ERR,ERR,ERR,ERR,ERR,ERR,ERR,ERR,ERR,ERR,ERR,ERR,ERR,ERR,ERR,ERR,ERR,ERR,ERR,ERR,ERR,ERR,ERR,ERR,ERR,ERR,ERR,34.0,80.0,35,0.0,0.0,0.0,0.0,0.0,0.0,0.0,0.0,0.0,0.0,0.0,0.0,0.0,0.0,0.0,0.0,66.4,0,120,58,53,65476,0,300,0,0,8,20529,65476,0,0,57672,80.0,0.0,0.0,0.0,0.0,0.0
2026-06-18T02:41:24,ERR,ERR,ERR,ERR,ERR,ERR,ERR,ERR,ERR,ERR,ERR,ERR,ERR,ERR,ERR,ERR,ERR,ERR,ERR,ERR,ERR,ERR,ERR,ERR,ERR,ERR,ERR,ERR,ERR,ERR,ERR,ERR,ERR,ERR,ERR,ERR,ERR,ERR,ERR,ERR,ERR,ERR,ERR,ERR,ERR,ERR,ERR,ERR,ERR,ERR,ERR,ERR,ERR,ERR,ERR,ERR,ERR,ERR,ERR,ERR,ERR,ERR,ERR,ERR,ERR,ERR,ERR,ERR,ERR,ERR,ERR,ERR,ERR,ERR,ERR,ERR,ERR,ERR,ERR,ERR,ERR,ERR,ERR,ERR,ERR,ERR,ERR,ERR,ERR,ERR,ERR,ERR,ERR,ERR,ERR,ERR,ERR,ERR,ERR,ERR,ERR,ERR,ERR,ERR,ERR,ERR,ERR,ERR,ERR,ERR,ERR,ERR,ERR,ERR,ERR,ERR,ERR,ERR,ERR,ERR,ERR,ERR,ERR,ERR,ERR,2.7184312818759872e+23,0.0,0.0,-0.0,nan,1.3936040501711995e+18,7.805,1.203397215123588e+25,0,0,4,48965,6720,14723890282496.0,100,0.0,0.0,0.0,-0.0,0.0,0,0,0,0,0.0,0,0,0,0,0,0,0,0,0,0,0,0,0,0,0,0,0,0,0,0,0,0,0,0,0,0,0,0,0,0,0,0,0,26,51,50,76,65476,0,300,0,0,8,21553,0.0,-107605600.0,0.0,0.0,0.0,0.0,0.0,0.0,0.0,0.0,0.0,0.0,0.0,0.0,0.0,0.0,0.0,0.0,0.0,0.0,0.0,0.0,-2.004,0.0,-2.004,-2.004,0.0,0.0,0.0,0.0,4799.0,-1.587928030851661e+29,7294.0,2.7184312818759872e+23,0.0,-0.0,-0.0,0.0,0.0,0.0,0.0,77,0.0,-3.2219994468298344e+26,0.0,0.0,0.0,0.0,0.0,0.0,0.0,0,0,0,0.0,0.0,0.0,0.0,0.0,0.0,0.0,0.0,0.0,0.0,0.0,0.0,0.0,0.0,0.0,0.0,0,-107875648.0,77,0.0,154,0.0,0.0,ERR,ERR,ERR,ERR,ERR,ERR,ERR,ERR,ERR,ERR,ERR,ERR,ERR,ERR,ERR,ERR,ERR,ERR,ERR,ERR,ERR,ERR,ERR,ERR,ERR,ERR,ERR,ERR,ERR,ERR,ERR,ERR,ERR,ERR,ERR,ERR,ERR,ERR,ERR,ERR,ERR,ERR,ERR,ERR,ERR,ERR,ERR,ERR,ERR,ERR,ERR,ERR,ERR,ERR,ERR,ERR,ERR,ERR,ERR,ERR,ERR,ERR,ERR,ERR,ERR,ERR,ERR,34.0,80.0,35,0.0,0.0,0.0,0.0,0.0,0.0,0.0,0.0,0.0,0.0,0.0,0.0,0.0,0.0,0.0,0.0,66.0,0,120,58,53,65476,0,300,0,0,8,20529,65476,0,0,57672,80.0,0.0,0.0,0.0,0.0,0.0
2026-06-18T02:41:25,ERR,ERR,ERR,ERR,ERR,ERR,ERR,ERR,ERR,ERR,ERR,ERR,ERR,ERR,ERR,ERR,ERR,ERR,ERR,ERR,ERR,ERR,ERR,ERR,ERR,ERR,ERR,ERR,ERR,ERR,ERR,ERR,ERR,ERR,ERR,ERR,ERR,ERR,ERR,ERR,ERR,ERR,ERR,ERR,ERR,ERR,ERR,ERR,ERR,ERR,ERR,ERR,ERR,ERR,ERR,ERR,ERR,ERR,ERR,ERR,ERR,ERR,ERR,ERR,ERR,ERR,ERR,ERR,ERR,ERR,ERR,ERR,ERR,ERR,ERR,ERR,ERR,ERR,ERR,ERR,ERR,ERR,ERR,ERR,ERR,ERR,ERR,ERR,ERR,ERR,ERR,ERR,ERR,ERR,ERR,ERR,ERR,ERR,ERR,ERR,ERR,ERR,ERR,ERR,ERR,ERR,ERR,ERR,ERR,ERR,ERR,ERR,ERR,ERR,ERR,ERR,ERR,ERR,ERR,ERR,ERR,ERR,ERR,ERR,ERR,2.7184312818759872e+23,0.0,0.0,-0.0,nan,1.3936040501711995e+18,7.805,1.203397215123588e+25,0,0,4,48965,6720,14723890282496.0,100,0.0,0.0,0.0,-0.0,0.0,0,0,0,0,0.0,0,0,0,0,0,0,0,0,0,0,0,0,0,0,0,0,0,0,0,0,0,0,0,0,0,0,0,0,0,0,0,0,0,26,51,50,76,65476,0,300,0,0,8,21553,0.0,-107605600.0,0.0,0.0,0.0,0.0,0.0,0.0,0.0,0.0,0.0,0.0,0.0,0.0,0.0,0.0,0.0,0.0,0.0,0.0,0.0,0.0,-2.004,0.0,-2.004,-2.004,0.0,0.0,0.0,0.0,4799.0,-1.587928030851661e+29,7294.0,2.7184312818759872e+23,0.0,-0.0,-0.0,0.0,0.0,0.0,0.0,77,0.0,-3.2219994468298344e+26,0.0,0.0,0.0,0.0,0.0,0.0,0.0,0,0,0,0.0,0.0,0.0,0.0,0.0,0.0,0.0,0.0,0.0,0.0,0.0,0.0,0.0,0.0,0.0,0.0,0,-107875648.0,77,0.0,154,0.0,0.0,ERR,ERR,ERR,ERR,ERR,ERR,ERR,ERR,ERR,ERR,ERR,ERR,ERR,ERR,ERR,ERR,ERR,ERR,ERR,ERR,ERR,ERR,ERR,ERR,ERR,ERR,ERR,ERR,ERR,ERR,ERR,ERR,ERR,ERR,ERR,ERR,ERR,ERR,ERR,ERR,ERR,ERR,ERR,ERR,ERR,ERR,ERR,ERR,ERR,ERR,ERR,ERR,ERR,ERR,ERR,ERR,ERR,ERR,ERR,ERR,ERR,ERR,ERR,ERR,ERR,ERR,ERR,34.0,80.0,35,0.0,0.0,0.0,0.0,0.0,0.0,0.0,0.0,0.0,0.0,0.0,0.0,0.0,0.0,0.0,0.0,66.0,0,120,58,53,65476,0,300,0,0,8,20529,65476,0,0,57672,80.0,0.0,0.0,0.0,0.0,0.0
2026-06-18T02:41:26,ERR,ERR,ERR,ERR,ERR,ERR,ERR,ERR,ERR,ERR,ERR,ERR,ERR,ERR,ERR,ERR,ERR,ERR,ERR,ERR,ERR,ERR,ERR,ERR,ERR,ERR,ERR,ERR,ERR,ERR,ERR,ERR,ERR,ERR,ERR,ERR,ERR,ERR,ERR,ERR,ERR,ERR,ERR,ERR,ERR,ERR,ERR,ERR,ERR,ERR,ERR,ERR,ERR,ERR,ERR,ERR,ERR,ERR,ERR,ERR,ERR,ERR,ERR,ERR,ERR,ERR,ERR,ERR,ERR,ERR,ERR,ERR,ERR,ERR,ERR,ERR,ERR,ERR,ERR,ERR,ERR,ERR,ERR,ERR,ERR,ERR,ERR,ERR,ERR,ERR,ERR,ERR,ERR,ERR,ERR,ERR,ERR,ERR,ERR,ERR,ERR,ERR,ERR,ERR,ERR,ERR,ERR,ERR,ERR,ERR,ERR,ERR,ERR,ERR,ERR,ERR,ERR,ERR,ERR,ERR,ERR,ERR,ERR,ERR,ERR,2.7184312818759872e+23,0.0,0.0,-0.0,nan,1.3936040501711995e+18,7.805,1.203397215123588e+25,0,0,4,48965,6720,14723890282496.0,100,0.0,0.0,0.0,-0.0,0.0,0,0,0,0,0.0,0,0,0,0,0,0,0,0,0,0,0,0,0,0,0,0,0,0,0,0,0,0,0,0,0,0,0,0,0,0,0,0,0,26,51,50,76,65476,0,300,0,0,8,21553,0.0,-107605600.0,0.0,0.0,0.0,0.0,0.0,0.0,0.0,0.0,0.0,0.0,0.0,0.0,0.0,0.0,0.0,0.0,0.0,0.0,0.0,0.0,-2.004,0.0,-2.004,-2.004,0.0,0.0,0.0,0.0,4799.0,-1.587928030851661e+29,7294.0,2.7184312818759872e+23,0.0,-0.0,-0.0,0.0,0.0,0.0,0.0,77,0.0,-3.2219994468298344e+26,0.0,0.0,0.0,0.0,0.0,0.0,0.0,0,0,0,0.0,0.0,0.0,0.0,0.0,0.0,0.0,0.0,0.0,0.0,0.0,0.0,0.0,0.0,0.0,0.0,0,-107875648.0,77,0.0,154,0.0,0.0,ERR,ERR,ERR,ERR,ERR,ERR,ERR,ERR,ERR,ERR,ERR,ERR,ERR,ERR,ERR,ERR,ERR,ERR,ERR,ERR,ERR,ERR,ERR,ERR,ERR,ERR,ERR,ERR,ERR,ERR,ERR,ERR,ERR,ERR,ERR,ERR,ERR,ERR,ERR,ERR,ERR,ERR,ERR,ERR,ERR,ERR,ERR,ERR,ERR,ERR,ERR,ERR,ERR,ERR,ERR,ERR,ERR,ERR,ERR,ERR,ERR,ERR,ERR,ERR,ERR,ERR,ERR,34.0,80.0,35,0.0,0.0,0.0,0.0,0.0,0.0,0.0,0.0,0.0,0.0,0.0,0.0,0.0,0.0,0.0,0.0,65.6,0,120,58,53,65476,0,300,0,0,8,20529,65476,0,0,57672,80.0,0.0,0.0,0.0,0.0,0.0
2026-06-18T02:41:27,ERR,ERR,ERR,ERR,ERR,ERR,ERR,ERR,ERR,ERR,ERR,ERR,ERR,ERR,ERR,ERR,ERR,ERR,ERR,ERR,ERR,ERR,ERR,ERR,ERR,ERR,ERR,ERR,ERR,ERR,ERR,ERR,ERR,ERR,ERR,ERR,ERR,ERR,ERR,ERR,ERR,ERR,ERR,ERR,ERR,ERR,ERR,ERR,ERR,ERR,ERR,ERR,ERR,ERR,ERR,ERR,ERR,ERR,ERR,ERR,ERR,ERR,ERR,ERR,ERR,ERR,ERR,ERR,ERR,ERR,ERR,ERR,ERR,ERR,ERR,ERR,ERR,ERR,ERR,ERR,ERR,ERR,ERR,ERR,ERR,ERR,ERR,ERR,ERR,ERR,ERR,ERR,ERR,ERR,ERR,ERR,ERR,ERR,ERR,ERR,ERR,ERR,ERR,ERR,ERR,ERR,ERR,ERR,ERR,ERR,ERR,ERR,ERR,ERR,ERR,ERR,ERR,ERR,ERR,ERR,ERR,ERR,ERR,ERR,ERR,2.7184312818759872e+23,0.0,0.0,-0.0,nan,1.3936040501711995e+18,7.805,1.203397215123588e+25,0,0,4,48965,6720,14723890282496.0,100,0.0,0.0,0.0,-0.0,0.0,0,0,0,0,0.0,0,0,0,0,0,0,0,0,0,0,0,0,0,0,0,0,0,0,0,0,0,0,0,0,0,0,0,0,0,0,0,0,0,26,51,50,76,65476,0,300,0,0,8,21553,0.0,-107605600.0,0.0,0.0,0.0,0.0,0.0,0.0,0.0,0.0,0.0,0.0,0.0,0.0,0.0,0.0,0.0,0.0,0.0,0.0,0.0,0.0,-2.004,0.0,-2.004,-2.004,0.0,0.0,0.0,0.0,4799.0,-1.587928030851661e+29,7294.0,2.7184312818759872e+23,0.0,-0.0,-0.0,0.0,0.0,0.0,0.0,77,0.0,-3.2219994468298344e+26,0.0,0.0,0.0,0.0,0.0,0.0,0.0,0,0,0,0.0,0.0,0.0,0.0,0.0,0.0,0.0,0.0,0.0,0.0,0.0,0.0,0.0,0.0,0.0,0.0,0,-107875648.0,77,0.0,154,0.0,0.0,ERR,ERR,ERR,ERR,ERR,ERR,ERR,ERR,ERR,ERR,ERR,ERR,ERR,ERR,ERR,ERR,ERR,ERR,ERR,ERR,ERR,ERR,ERR,ERR,ERR,ERR,ERR,ERR,ERR,ERR,ERR,ERR,ERR,ERR,ERR,ERR,ERR,ERR,ERR,ERR,ERR,ERR,ERR,ERR,ERR,ERR,ERR,ERR,ERR,ERR,ERR,ERR,ERR,ERR,ERR,ERR,ERR,ERR,ERR,ERR,ERR,ERR,ERR,ERR,ERR,ERR,ERR,34.0,80.0,35,0.0,0.0,0.0,0.0,0.0,0.0,0.0,0.0,0.0,0.0,0.0,0.0,0.0,0.0,0.0,0.0,65.6,0,120,58,53,65476,0,300,0,0,8,20529,65476,0,0,57672,80.0,0.0,0.0,0.0,0.0,0.0
2026-06-18T02:41:28,ERR,ERR,ERR,ERR,ERR,ERR,ERR,ERR,ERR,ERR,ERR,ERR,ERR,ERR,ERR,ERR,ERR,ERR,ERR,ERR,ERR,ERR,ERR,ERR,ERR,ERR,ERR,ERR,ERR,ERR,ERR,ERR,ERR,ERR,ERR,ERR,ERR,ERR,ERR,ERR,ERR,ERR,ERR,ERR,ERR,ERR,ERR,ERR,ERR,ERR,ERR,ERR,ERR,ERR,ERR,ERR,ERR,ERR,ERR,ERR,ERR,ERR,ERR,ERR,ERR,ERR,ERR,ERR,ERR,ERR,ERR,ERR,ERR,ERR,ERR,ERR,ERR,ERR,ERR,ERR,ERR,ERR,ERR,ERR,ERR,ERR,ERR,ERR,ERR,ERR,ERR,ERR,ERR,ERR,ERR,ERR,ERR,ERR,ERR,ERR,ERR,ERR,ERR,ERR,ERR,ERR,ERR,ERR,ERR,ERR,ERR,ERR,ERR,ERR,ERR,ERR,ERR,ERR,ERR,ERR,ERR,ERR,ERR,ERR,ERR,2.7184312818759872e+23,0.0,0.0,-152005385388032.0,1.6,1.3936040501711995e+18,7.805,0.0,0,0,4,48957,6720,14723890282496.0,100,0.0,0.0,0.0,0.059,0.0,0,0,0,0,0.0,0,0,0,0,0,0,0,0,0,0,0,0,0,0,0,0,0,0,0,0,0,0,0,0,0,0,0,0,0,0,0,0,0,26,51,50,76,65476,0,300,0,0,8,21553,0.0,-107605600.0,0.0,0.0,0.0,0.0,0.0,0.0,0.0,0.0,0.0,0.0,0.0,0.0,0.0,0.0,0.0,0.0,0.0,0.0,0.0,0.0,-2.004,0.0,-2.004,-2.004,0.0,0.0,0.0,0.0,4802.0,0.0,7266.0,2.7184312818759872e+23,0.0,-0.0,-0.0,0.0,0.0,0.0,0.0,77,0.0,0.0,0.0,0.0,0.0,0.0,0.0,0.0,0.0,0,0,0,0.0,0.0,0.0,0.0,0.0,0.0,0.0,0.0,0.0,0.0,0.0,0.0,0.0,0.0,0.0,0.0,0,-107875648.0,77,0.0,154,0.0,0.0,ERR,ERR,ERR,ERR,ERR,ERR,ERR,ERR,ERR,ERR,ERR,ERR,ERR,ERR,ERR,ERR,ERR,ERR,ERR,ERR,ERR,ERR,ERR,ERR,ERR,ERR,ERR,ERR,ERR,ERR,ERR,ERR,ERR,ERR,ERR,ERR,ERR,ERR,ERR,ERR,ERR,ERR,ERR,ERR,ERR,ERR,ERR,ERR,ERR,ERR,ERR,ERR,ERR,ERR,ERR,ERR,ERR,ERR,ERR,ERR,ERR,ERR,ERR,ERR,ERR,ERR,ERR,34.0,80.0,35,0.0,0.0,0.0,0.0,0.0,0.0,0.0,0.0,0.0,0.0,0.0,0.0,0.0,0.0,0.0,0.0,66.0,0,120,58,53,65476,0,300,0,0,8,20529,65476,0,0,57672,80.0,0.0,0.0,0.0,0.0,0.0
2026-06-18T02:41:29,ERR,ERR,ERR,ERR,ERR,ERR,ERR,ERR,ERR,ERR,ERR,ERR,ERR,ERR,ERR,ERR,ERR,ERR,ERR,ERR,ERR,ERR,ERR,ERR,ERR,ERR,ERR,ERR,ERR,ERR,ERR,ERR,ERR,ERR,ERR,ERR,ERR,ERR,ERR,ERR,ERR,ERR,ERR,ERR,ERR,ERR,ERR,ERR,ERR,ERR,ERR,ERR,ERR,ERR,ERR,ERR,ERR,ERR,ERR,ERR,ERR,ERR,ERR,ERR,ERR,ERR,ERR,ERR,ERR,ERR,ERR,ERR,ERR,ERR,ERR,ERR,ERR,ERR,ERR,ERR,ERR,ERR,ERR,ERR,ERR,ERR,ERR,ERR,ERR,ERR,ERR,ERR,ERR,ERR,ERR,ERR,ERR,ERR,ERR,ERR,ERR,ERR,ERR,ERR,ERR,ERR,ERR,ERR,ERR,ERR,ERR,ERR,ERR,ERR,ERR,ERR,ERR,ERR,ERR,ERR,ERR,ERR,ERR,ERR,ERR,2.7184312818759872e+23,0.0,0.0,-152005385388032.0,1.6,1.3936040501711995e+18,7.805,0.0,0,0,4,48957,6720,14723890282496.0,100,0.0,0.0,0.0,0.059,0.0,0,0,0,0,0.0,0,0,0,0,0,0,0,0,0,0,0,0,0,0,0,0,0,0,0,0,0,0,0,0,0,0,0,0,0,0,0,0,0,26,51,50,76,65476,0,300,0,0,8,21553,0.0,-107605600.0,0.0,0.0,0.0,0.0,0.0,0.0,0.0,0.0,0.0,0.0,0.0,0.0,0.0,0.0,0.0,0.0,0.0,0.0,0.0,0.0,-2.004,0.0,-2.004,-2.004,0.0,0.0,0.0,0.0,4802.0,0.0,7266.0,2.7184312818759872e+23,0.0,-0.0,-0.0,0.0,0.0,0.0,0.0,77,0.0,0.0,0.0,0.0,0.0,0.0,0.0,0.0,0.0,0,0,0,0.0,0.0,0.0,0.0,0.0,0.0,0.0,0.0,0.0,0.0,0.0,0.0,0.0,0.0,0.0,0.0,0,-107875648.0,77,0.0,154,0.0,0.0,ERR,ERR,ERR,ERR,ERR,ERR,ERR,ERR,ERR,ERR,ERR,ERR,ERR,ERR,ERR,ERR,ERR,ERR,ERR,ERR,ERR,ERR,ERR,ERR,ERR,ERR,ERR,ERR,ERR,ERR,ERR,ERR,ERR,ERR,ERR,ERR,ERR,ERR,ERR,ERR,ERR,ERR,ERR,ERR,ERR,ERR,ERR,ERR,ERR,ERR,ERR,ERR,ERR,ERR,ERR,ERR,ERR,ERR,ERR,ERR,ERR,ERR,ERR,ERR,ERR,ERR,ERR,34.0,80.0,35,0.0,0.0,0.0,0.0,0.0,0.0,0.0,0.0,0.0,0.0,0.0,0.0,0.0,0.0,0.0,0.0,66.4,0,120,58,53,65476,0,300,0,0,8,20529,65476,0,0,57672,80.0,0.0,0.0,0.0,0.0,0.0
2026-06-18T02:41:30,ERR,ERR,ERR,ERR,ERR,ERR,ERR,ERR,ERR,ERR,ERR,ERR,ERR,ERR,ERR,ERR,ERR,ERR,ERR,ERR,ERR,ERR,ERR,ERR,ERR,ERR,ERR,ERR,ERR,ERR,ERR,ERR,ERR,ERR,ERR,ERR,ERR,ERR,ERR,ERR,ERR,ERR,ERR,ERR,ERR,ERR,ERR,ERR,ERR,ERR,ERR,ERR,ERR,ERR,ERR,ERR,ERR,ERR,ERR,ERR,ERR,ERR,ERR,ERR,ERR,ERR,ERR,ERR,ERR,ERR,ERR,ERR,ERR,ERR,ERR,ERR,ERR,ERR,ERR,ERR,ERR,ERR,ERR,ERR,ERR,ERR,ERR,ERR,ERR,ERR,ERR,ERR,ERR,ERR,ERR,ERR,ERR,ERR,ERR,ERR,ERR,ERR,ERR,ERR,ERR,ERR,ERR,ERR,ERR,ERR,ERR,ERR,ERR,ERR,ERR,ERR,ERR,ERR,ERR,ERR,ERR,ERR,ERR,ERR,ERR,2.7184312818759872e+23,0.0,0.0,-152005385388032.0,1.6,1.3936040501711995e+18,7.805,0.0,0,0,4,48957,6720,14723890282496.0,100,0.0,0.0,0.0,0.059,0.0,0,0,0,0,0.0,0,0,0,0,0,0,0,0,0,0,0,0,0,0,0,0,0,0,0,0,0,0,0,0,0,0,0,0,0,0,0,0,0,26,51,50,76,65476,0,300,0,0,8,21553,0.0,-107605600.0,0.0,0.0,0.0,0.0,0.0,0.0,0.0,0.0,0.0,0.0,0.0,0.0,0.0,0.0,0.0,0.0,0.0,0.0,0.0,0.0,-2.004,0.0,-2.004,-2.004,0.0,0.0,0.0,0.0,4802.0,0.0,7266.0,2.7184312818759872e+23,0.0,-0.0,-0.0,0.0,0.0,0.0,0.0,77,0.0,0.0,0.0,0.0,0.0,0.0,0.0,0.0,0.0,0,0,0,0.0,0.0,0.0,0.0,0.0,0.0,0.0,0.0,0.0,0.0,0.0,0.0,0.0,0.0,0.0,0.0,0,-107875648.0,77,0.0,154,0.0,0.0,ERR,ERR,ERR,ERR,ERR,ERR,ERR,ERR,ERR,ERR,ERR,ERR,ERR,ERR,ERR,ERR,ERR,ERR,ERR,ERR,ERR,ERR,ERR,ERR,ERR,ERR,ERR,ERR,ERR,ERR,ERR,ERR,ERR,ERR,ERR,ERR,ERR,ERR,ERR,ERR,ERR,ERR,ERR,ERR,ERR,ERR,ERR,ERR,ERR,ERR,ERR,ERR,ERR,ERR,ERR,ERR,ERR,ERR,ERR,ERR,ERR,ERR,ERR,ERR,ERR,ERR,ERR,34.0,80.0,35,0.0,0.0,0.0,0.0,0.0,0.0,0.0,0.0,0.0,0.0,0.0,0.0,0.0,0.0,0.0,0.0,66.4,0,120,58,53,65476,0,300,0,0,8,20529,65476,0,0,57672,80.0,0.0,0.0,0.0,0.0,0.0
2026-06-18T02:41:31,ERR,ERR,ERR,ERR,ERR,ERR,ERR,ERR,ERR,ERR,ERR,ERR,ERR,ERR,ERR,ERR,ERR,ERR,ERR,ERR,ERR,ERR,ERR,ERR,ERR,ERR,ERR,ERR,ERR,ERR,ERR,ERR,ERR,ERR,ERR,ERR,ERR,ERR,ERR,ERR,ERR,ERR,ERR,ERR,ERR,ERR,ERR,ERR,ERR,ERR,ERR,ERR,ERR,ERR,ERR,ERR,ERR,ERR,ERR,ERR,ERR,ERR,ERR,ERR,ERR,ERR,ERR,ERR,ERR,ERR,ERR,ERR,ERR,ERR,ERR,ERR,ERR,ERR,ERR,ERR,ERR,ERR,ERR,ERR,ERR,ERR,ERR,ERR,ERR,ERR,ERR,ERR,ERR,ERR,ERR,ERR,ERR,ERR,ERR,ERR,ERR,ERR,ERR,ERR,ERR,ERR,ERR,ERR,ERR,ERR,ERR,ERR,ERR,ERR,ERR,ERR,ERR,ERR,ERR,ERR,ERR,ERR,ERR,ERR,ERR,2.7184312818759872e+23,0.0,0.0,-152005385388032.0,1.6,1.3936040501711995e+18,7.805,0.0,0,0,4,48957,6720,14723890282496.0,100,0.0,0.0,0.0,0.059,0.0,0,0,0,0,0.0,0,0,0,0,0,0,0,0,0,0,0,0,0,0,0,0,0,0,0,0,0,0,0,0,0,0,0,0,0,0,0,0,0,26,51,50,76,65476,0,300,0,0,8,21553,0.0,-107605600.0,0.0,0.0,0.0,0.0,0.0,0.0,0.0,0.0,0.0,0.0,0.0,0.0,0.0,0.0,0.0,0.0,0.0,0.0,0.0,0.0,-2.004,0.0,-2.004,-2.004,0.0,0.0,0.0,0.0,4802.0,0.0,7266.0,2.7184312818759872e+23,0.0,-0.0,-0.0,0.0,0.0,0.0,0.0,77,0.0,0.0,0.0,0.0,0.0,0.0,0.0,0.0,0.0,0,0,0,0.0,0.0,0.0,0.0,0.0,0.0,0.0,0.0,0.0,0.0,0.0,0.0,0.0,0.0,0.0,0.0,0,-107875648.0,77,0.0,154,0.0,0.0,ERR,ERR,ERR,ERR,ERR,ERR,ERR,ERR,ERR,ERR,ERR,ERR,ERR,ERR,ERR,ERR,ERR,ERR,ERR,ERR,ERR,ERR,ERR,ERR,ERR,ERR,ERR,ERR,ERR,ERR,ERR,ERR,ERR,ERR,ERR,ERR,ERR,ERR,ERR,ERR,ERR,ERR,ERR,ERR,ERR,ERR,ERR,ERR,ERR,ERR,ERR,ERR,ERR,ERR,ERR,ERR,ERR,ERR,ERR,ERR,ERR,ERR,ERR,ERR,ERR,ERR,ERR,34.0,80.0,35,0.0,0.0,0.0,0.0,0.0,0.0,0.0,0.0,0.0,0.0,0.0,0.0,0.0,0.0,0.0,0.0,65.6,0,120,58,53,65476,0,300,0,0,8,20529,65476,0,0,57672,80.0,0.0,0.0,0.0,0.0,0.0
2026-06-18T02:41:32,ERR,ERR,ERR,ERR,ERR,ERR,ERR,ERR,ERR,ERR,ERR,ERR,ERR,ERR,ERR,ERR,ERR,ERR,ERR,ERR,ERR,ERR,ERR,ERR,ERR,ERR,ERR,ERR,ERR,ERR,ERR,ERR,ERR,ERR,ERR,ERR,ERR,ERR,ERR,ERR,ERR,ERR,ERR,ERR,ERR,ERR,ERR,ERR,ERR,ERR,ERR,ERR,ERR,ERR,ERR,ERR,ERR,ERR,ERR,ERR,ERR,ERR,ERR,ERR,ERR,ERR,ERR,ERR,ERR,ERR,ERR,ERR,ERR,ERR,ERR,ERR,ERR,ERR,ERR,ERR,ERR,ERR,ERR,ERR,ERR,ERR,ERR,ERR,ERR,ERR,ERR,ERR,ERR,ERR,ERR,ERR,ERR,ERR,ERR,ERR,ERR,ERR,ERR,ERR,ERR,ERR,ERR,ERR,ERR,ERR,ERR,ERR,ERR,ERR,ERR,ERR,ERR,ERR,ERR,ERR,ERR,ERR,ERR,ERR,ERR,2.7184312818759872e+23,0.0,0.0,-152005385388032.0,1.6,1.3936040501711995e+18,7.805,0.0,0,0,4,48957,6720,14723890282496.0,100,0.0,0.0,0.0,0.059,0.0,0,0,0,0,0.0,0,0,0,0,0,0,0,0,0,0,0,0,0,0,0,0,0,0,0,0,0,0,0,0,0,0,0,0,0,0,0,0,0,26,51,50,76,65476,0,300,0,0,8,21553,0.0,-107605600.0,0.0,0.0,0.0,0.0,0.0,0.0,0.0,0.0,0.0,0.0,0.0,0.0,0.0,0.0,0.0,0.0,0.0,0.0,0.0,0.0,-2.004,0.0,-2.004,-2.004,0.0,0.0,0.0,0.0,4802.0,0.0,7266.0,2.7184312818759872e+23,0.0,-0.0,-0.0,0.0,0.0,0.0,0.0,77,0.0,0.0,0.0,0.0,0.0,0.0,0.0,0.0,0.0,0,0,0,0.0,0.0,0.0,0.0,0.0,0.0,0.0,0.0,0.0,0.0,0.0,0.0,0.0,0.0,0.0,0.0,0,-107875648.0,77,0.0,154,0.0,0.0,ERR,ERR,ERR,ERR,ERR,ERR,ERR,ERR,ERR,ERR,ERR,ERR,ERR,ERR,ERR,ERR,ERR,ERR,ERR,ERR,ERR,ERR,ERR,ERR,ERR,ERR,ERR,ERR,ERR,ERR,ERR,ERR,ERR,ERR,ERR,ERR,ERR,ERR,ERR,ERR,ERR,ERR,ERR,ERR,ERR,ERR,ERR,ERR,ERR,ERR,ERR,ERR,ERR,ERR,ERR,ERR,ERR,ERR,ERR,ERR,ERR,ERR,ERR,ERR,ERR,ERR,ERR,34.0,80.0,35,0.0,0.0,0.0,0.0,0.0,0.0,0.0,0.0,0.0,0.0,0.0,0.0,0.0,0.0,0.0,0.0,65.6,0,120,58,53,65476,0,300,0,0,8,20529,65476,0,0,57672,80.0,0.0,0.0,0.0,0.0,0.0
2026-06-18T02:41:33,ERR,ERR,ERR,ERR,ERR,ERR,ERR,ERR,ERR,ERR,ERR,ERR,ERR,ERR,ERR,ERR,ERR,ERR,ERR,ERR,ERR,ERR,ERR,ERR,ERR,ERR,ERR,ERR,ERR,ERR,ERR,ERR,ERR,ERR,ERR,ERR,ERR,ERR,ERR,ERR,ERR,ERR,ERR,ERR,ERR,ERR,ERR,ERR,ERR,ERR,ERR,ERR,ERR,ERR,ERR,ERR,ERR,ERR,ERR,ERR,ERR,ERR,ERR,ERR,ERR,ERR,ERR,ERR,ERR,ERR,ERR,ERR,ERR,ERR,ERR,ERR,ERR,ERR,ERR,ERR,ERR,ERR,ERR,ERR,ERR,ERR,ERR,ERR,ERR,ERR,ERR,ERR,ERR,ERR,ERR,ERR,ERR,ERR,ERR,ERR,ERR,ERR,ERR,ERR,ERR,ERR,ERR,ERR,ERR,ERR,ERR,ERR,ERR,ERR,ERR,ERR,ERR,ERR,ERR,ERR,ERR,ERR,ERR,ERR,ERR,2.7184312818759872e+23,0.0,0.0,-152005385388032.0,1.6,1.3936040501711995e+18,7.805,0.0,0,0,4,48957,6720,14723890282496.0,100,0.0,0.0,0.0,0.059,0.0,0,0,0,0,0.0,0,0,0,0,0,0,0,0,0,0,0,0,0,0,0,0,0,0,0,0,0,0,0,0,0,0,0,0,0,0,0,0,0,26,51,50,76,65476,0,300,0,0,8,21553,0.0,-107605600.0,0.0,0.0,0.0,0.0,0.0,0.0,0.0,0.0,0.0,0.0,0.0,0.0,0.0,0.0,0.0,0.0,0.0,0.0,0.0,0.0,-2.004,0.0,-2.004,-2.004,0.0,0.0,0.0,0.0,4802.0,0.0,7266.0,2.7184312818759872e+23,0.0,-0.0,-0.0,0.0,0.0,0.0,0.0,77,0.0,0.0,0.0,0.0,0.0,0.0,0.0,0.0,0.0,0,0,0,0.0,0.0,0.0,0.0,0.0,0.0,0.0,0.0,0.0,0.0,0.0,0.0,0.0,0.0,0.0,0.0,0,-107875648.0,77,0.0,154,0.0,0.0,ERR,ERR,ERR,ERR,ERR,ERR,ERR,ERR,ERR,ERR,ERR,ERR,ERR,ERR,ERR,ERR,ERR,ERR,ERR,ERR,ERR,ERR,ERR,ERR,ERR,ERR,ERR,ERR,ERR,ERR,ERR,ERR,ERR,ERR,ERR,ERR,ERR,ERR,ERR,ERR,ERR,ERR,ERR,ERR,ERR,ERR,ERR,ERR,ERR,ERR,ERR,ERR,ERR,ERR,ERR,ERR,ERR,ERR,ERR,ERR,ERR,ERR,ERR,ERR,ERR,ERR,ERR,34.0,80.0,35,0.0,0.0,0.0,0.0,0.0,0.0,0.0,0.0,0.0,0.0,0.0,0.0,0.0,0.0,0.0,0.0,65.6,0,120,58,53,65476,0,300,0,0,8,20529,65476,0,0,57672,80.0,0.0,0.0,0.0,0.0,0.0
2026-06-18T02:41:34,ERR,ERR,ERR,ERR,ERR,ERR,ERR,ERR,ERR,ERR,ERR,ERR,ERR,ERR,ERR,ERR,ERR,ERR,ERR,ERR,ERR,ERR,ERR,ERR,ERR,ERR,ERR,ERR,ERR,ERR,ERR,ERR,ERR,ERR,ERR,ERR,ERR,ERR,ERR,ERR,ERR,ERR,ERR,ERR,ERR,ERR,ERR,ERR,ERR,ERR,ERR,ERR,ERR,ERR,ERR,ERR,ERR,ERR,ERR,ERR,ERR,ERR,ERR,ERR,ERR,ERR,ERR,ERR,ERR,ERR,ERR,ERR,ERR,ERR,ERR,ERR,ERR,ERR,ERR,ERR,ERR,ERR,ERR,ERR,ERR,ERR,ERR,ERR,ERR,ERR,ERR,ERR,ERR,ERR,ERR,ERR,ERR,ERR,ERR,ERR,ERR,ERR,ERR,ERR,ERR,ERR,ERR,ERR,ERR,ERR,ERR,ERR,ERR,ERR,ERR,ERR,ERR,ERR,ERR,ERR,ERR,ERR,ERR,ERR,ERR,2.7184312818759872e+23,0.0,0.0,0.059,nan,1.3936040501711995e+18,7.805,-0.001,0,0,4,48954,6720,14723890282496.0,100,0.0,0.0,0.0,-152005385388032.0,0.0,0,0,0,0,0.0,0,0,0,0,0,0,0,0,0,0,0,0,0,0,0,0,0,0,0,0,0,0,0,0,0,0,0,0,0,0,0,0,0,26,51,50,76,65476,0,300,0,0,8,21553,0.0,-107605600.0,0.0,0.0,0.0,0.0,0.0,0.0,0.0,0.0,0.0,0.0,0.0,0.0,0.0,0.0,0.0,0.0,0.0,0.0,0.0,0.0,-2.004,0.0,-2.004,-2.004,0.0,0.0,0.0,0.0,4770.0,-1.0406645142989446e+34,7295.0,2.7184312818759872e+23,0.0,-0.0,-0.0,0.0,0.0,0.0,0.0,77,0.0,-4.950398036242045e+32,0.0,0.0,0.0,0.0,0.0,0.0,0.0,0,0,0,0.0,0.0,0.0,0.0,0.0,0.0,0.0,0.0,0.0,0.0,0.0,0.0,0.0,0.0,0.0,0.0,0,-107875648.0,77,0.0,154,0.0,0.0,ERR,ERR,ERR,ERR,ERR,ERR,ERR,ERR,ERR,ERR,ERR,ERR,ERR,ERR,ERR,ERR,ERR,ERR,ERR,ERR,ERR,ERR,ERR,ERR,ERR,ERR,ERR,ERR,ERR,ERR,ERR,ERR,ERR,ERR,ERR,ERR,ERR,ERR,ERR,ERR,ERR,ERR,ERR,ERR,ERR,ERR,ERR,ERR,ERR,ERR,ERR,ERR,ERR,ERR,ERR,ERR,ERR,ERR,ERR,ERR,ERR,ERR,ERR,ERR,ERR,ERR,ERR,34.0,80.0,35,0.0,0.0,0.0,0.0,0.0,0.0,0.0,0.0,0.0,0.0,0.0,0.0,0.0,0.0,0.0,0.0,65.6,0,120,58,53,65476,0,300,0,0,8,20529,65476,0,0,57672,80.0,0.0,0.0,0.0,0.0,0.0
2026-06-18T02:41:35,ERR,ERR,ERR,ERR,ERR,ERR,ERR,ERR,ERR,ERR,ERR,ERR,ERR,ERR,ERR,ERR,ERR,ERR,ERR,ERR,ERR,ERR,ERR,ERR,ERR,ERR,ERR,ERR,ERR,ERR,ERR,ERR,ERR,ERR,ERR,ERR,ERR,ERR,ERR,ERR,ERR,ERR,ERR,ERR,ERR,ERR,ERR,ERR,ERR,ERR,ERR,ERR,ERR,ERR,ERR,ERR,ERR,ERR,ERR,ERR,ERR,ERR,ERR,ERR,ERR,ERR,ERR,ERR,ERR,ERR,ERR,ERR,ERR,ERR,ERR,ERR,ERR,ERR,ERR,ERR,ERR,ERR,ERR,ERR,ERR,ERR,ERR,ERR,ERR,ERR,ERR,ERR,ERR,ERR,ERR,ERR,ERR,ERR,ERR,ERR,ERR,ERR,ERR,ERR,ERR,ERR,ERR,ERR,ERR,ERR,ERR,ERR,ERR,ERR,ERR,ERR,ERR,ERR,ERR,ERR,ERR,ERR,ERR,ERR,ERR,2.7184312818759872e+23,0.0,0.0,0.059,nan,1.3936040501711995e+18,7.805,-0.001,0,0,4,48954,6720,14723890282496.0,100,0.0,0.0,0.0,-152005385388032.0,0.0,0,0,0,0,0.0,0,0,0,0,0,0,0,0,0,0,0,0,0,0,0,0,0,0,0,0,0,0,0,0,0,0,0,0,0,0,0,0,0,26,51,50,76,65476,0,300,0,0,8,21553,0.0,-107605600.0,0.0,0.0,0.0,0.0,0.0,0.0,0.0,0.0,0.0,0.0,0.0,0.0,0.0,0.0,0.0,0.0,0.0,0.0,0.0,0.0,-2.004,0.0,-2.004,-2.004,0.0,0.0,0.0,0.0,4770.0,-1.0406645142989446e+34,7295.0,2.7184312818759872e+23,0.0,-0.0,-0.0,0.0,0.0,0.0,0.0,77,0.0,-4.950398036242045e+32,0.0,0.0,0.0,0.0,0.0,0.0,0.0,0,0,0,0.0,0.0,0.0,0.0,0.0,0.0,0.0,0.0,0.0,0.0,0.0,0.0,0.0,0.0,0.0,0.0,0,-107875648.0,77,0.0,154,0.0,0.0,ERR,ERR,ERR,ERR,ERR,ERR,ERR,ERR,ERR,ERR,ERR,ERR,ERR,ERR,ERR,ERR,ERR,ERR,ERR,ERR,ERR,ERR,ERR,ERR,ERR,ERR,ERR,ERR,ERR,ERR,ERR,ERR,ERR,ERR,ERR,ERR,ERR,ERR,ERR,ERR,ERR,ERR,ERR,ERR,ERR,ERR,ERR,ERR,ERR,ERR,ERR,ERR,ERR,ERR,ERR,ERR,ERR,ERR,ERR,ERR,ERR,ERR,ERR,ERR,ERR,ERR,ERR,34.0,80.0,35,0.0,0.0,0.0,0.0,0.0,0.0,0.0,0.0,0.0,0.0,0.0,0.0,0.0,0.0,0.0,0.0,65.6,0,120,58,53,65476,0,300,0,0,8,20529,65476,0,0,57672,80.0,0.0,0.0,0.0,0.0,0.0
2026-06-18T02:41:36,ERR,ERR,ERR,ERR,ERR,ERR,ERR,ERR,ERR,ERR,ERR,ERR,ERR,ERR,ERR,ERR,ERR,ERR,ERR,ERR,ERR,ERR,ERR,ERR,ERR,ERR,ERR,ERR,ERR,ERR,ERR,ERR,ERR,ERR,ERR,ERR,ERR,ERR,ERR,ERR,ERR,ERR,ERR,ERR,ERR,ERR,ERR,ERR,ERR,ERR,ERR,ERR,ERR,ERR,ERR,ERR,ERR,ERR,ERR,ERR,ERR,ERR,ERR,ERR,ERR,ERR,ERR,ERR,ERR,ERR,ERR,ERR,ERR,ERR,ERR,ERR,ERR,ERR,ERR,ERR,ERR,ERR,ERR,ERR,ERR,ERR,ERR,ERR,ERR,ERR,ERR,ERR,ERR,ERR,ERR,ERR,ERR,ERR,ERR,ERR,ERR,ERR,ERR,ERR,ERR,ERR,ERR,ERR,ERR,ERR,ERR,ERR,ERR,ERR,ERR,ERR,ERR,ERR,ERR,ERR,ERR,ERR,ERR,ERR,ERR,2.7184312818759872e+23,0.0,0.0,0.059,nan,1.3936040501711995e+18,7.805,-0.001,0,0,4,48954,6720,14723890282496.0,100,0.0,0.0,0.0,-152005385388032.0,0.0,0,0,0,0,0.0,0,0,0,0,0,0,0,0,0,0,0,0,0,0,0,0,0,0,0,0,0,0,0,0,0,0,0,0,0,0,0,0,0,26,51,50,76,65476,0,300,0,0,8,21553,0.0,-107605600.0,0.0,0.0,0.0,0.0,0.0,0.0,0.0,0.0,0.0,0.0,0.0,0.0,0.0,0.0,0.0,0.0,0.0,0.0,0.0,0.0,-2.004,0.0,-2.004,-2.004,0.0,0.0,0.0,0.0,4770.0,-1.0406645142989446e+34,7295.0,2.7184312818759872e+23,0.0,-0.0,-0.0,0.0,0.0,0.0,0.0,77,0.0,-4.950398036242045e+32,0.0,0.0,0.0,0.0,0.0,0.0,0.0,0,0,0,0.0,0.0,0.0,0.0,0.0,0.0,0.0,0.0,0.0,0.0,0.0,0.0,0.0,0.0,0.0,0.0,0,-107875648.0,77,0.0,154,0.0,0.0,ERR,ERR,ERR,ERR,ERR,ERR,ERR,ERR,ERR,ERR,ERR,ERR,ERR,ERR,ERR,ERR,ERR,ERR,ERR,ERR,ERR,ERR,ERR,ERR,ERR,ERR,ERR,ERR,ERR,ERR,ERR,ERR,ERR,ERR,ERR,ERR,ERR,ERR,ERR,ERR,ERR,ERR,ERR,ERR,ERR,ERR,ERR,ERR,ERR,ERR,ERR,ERR,ERR,ERR,ERR,ERR,ERR,ERR,ERR,ERR,ERR,ERR,ERR,ERR,ERR,ERR,ERR,34.0,80.0,35,0.0,0.0,0.0,0.0,0.0,0.0,0.0,0.0,0.0,0.0,0.0,0.0,0.0,0.0,0.0,0.0,65.6,0,120,58,53,65476,0,300,0,0,8,20529,65476,0,0,57672,80.0,0.0,0.0,0.0,0.0,0.0
2026-06-18T02:41:37,ERR,ERR,ERR,ERR,ERR,ERR,ERR,ERR,ERR,ERR,ERR,ERR,ERR,ERR,ERR,ERR,ERR,ERR,ERR,ERR,ERR,ERR,ERR,ERR,ERR,ERR,ERR,ERR,ERR,ERR,ERR,ERR,ERR,ERR,ERR,ERR,ERR,ERR,ERR,ERR,ERR,ERR,ERR,ERR,ERR,ERR,ERR,ERR,ERR,ERR,ERR,ERR,ERR,ERR,ERR,ERR,ERR,ERR,ERR,ERR,ERR,ERR,ERR,ERR,ERR,ERR,ERR,ERR,ERR,ERR,ERR,ERR,ERR,ERR,ERR,ERR,ERR,ERR,ERR,ERR,ERR,ERR,ERR,ERR,ERR,ERR,ERR,ERR,ERR,ERR,ERR,ERR,ERR,ERR,ERR,ERR,ERR,ERR,ERR,ERR,ERR,ERR,ERR,ERR,ERR,ERR,ERR,ERR,ERR,ERR,ERR,ERR,ERR,ERR,ERR,ERR,ERR,ERR,ERR,ERR,ERR,ERR,ERR,ERR,ERR,2.7184312818759872e+23,0.0,0.0,0.059,nan,1.3936040501711995e+18,7.805,-0.001,0,0,4,48954,6720,14723890282496.0,100,0.0,0.0,0.0,-152005385388032.0,0.0,0,0,0,0,0.0,0,0,0,0,0,0,0,0,0,0,0,0,0,0,0,0,0,0,0,0,0,0,0,0,0,0,0,0,0,0,0,0,0,26,51,50,76,65476,0,300,0,0,8,21553,0.0,-107605600.0,0.0,0.0,0.0,0.0,0.0,0.0,0.0,0.0,0.0,0.0,0.0,0.0,0.0,0.0,0.0,0.0,0.0,0.0,0.0,0.0,-2.004,0.0,-2.004,-2.004,0.0,0.0,0.0,0.0,4770.0,-1.0406645142989446e+34,7295.0,2.7184312818759872e+23,0.0,-0.0,-0.0,0.0,0.0,0.0,0.0,77,0.0,-4.950398036242045e+32,0.0,0.0,0.0,0.0,0.0,0.0,0.0,0,0,0,0.0,0.0,0.0,0.0,0.0,0.0,0.0,0.0,0.0,0.0,0.0,0.0,0.0,0.0,0.0,0.0,0,-107875648.0,77,0.0,154,0.0,0.0,ERR,ERR,ERR,ERR,ERR,ERR,ERR,ERR,ERR,ERR,ERR,ERR,ERR,ERR,ERR,ERR,ERR,ERR,ERR,ERR,ERR,ERR,ERR,ERR,ERR,ERR,ERR,ERR,ERR,ERR,ERR,ERR,ERR,ERR,ERR,ERR,ERR,ERR,ERR,ERR,ERR,ERR,ERR,ERR,ERR,ERR,ERR,ERR,ERR,ERR,ERR,ERR,ERR,ERR,ERR,ERR,ERR,ERR,ERR,ERR,ERR,ERR,ERR,ERR,ERR,ERR,ERR,34.0,80.0,35,0.0,0.0,0.0,0.0,0.0,0.0,0.0,0.0,0.0,0.0,0.0,0.0,0.0,0.0,0.0,0.0,65.6,0,120,58,53,65476,0,300,0,0,8,20529,65476,0,0,57672,80.0,0.0,0.0,0.0,0.0,0.0
2026-06-18T02:41:38,ERR,ERR,ERR,ERR,ERR,ERR,ERR,ERR,ERR,ERR,ERR,ERR,ERR,ERR,ERR,ERR,ERR,ERR,ERR,ERR,ERR,ERR,ERR,ERR,ERR,ERR,ERR,ERR,ERR,ERR,ERR,ERR,ERR,ERR,ERR,ERR,ERR,ERR,ERR,ERR,ERR,ERR,ERR,ERR,ERR,ERR,ERR,ERR,ERR,ERR,ERR,ERR,ERR,ERR,ERR,ERR,ERR,ERR,ERR,ERR,ERR,ERR,ERR,ERR,ERR,ERR,ERR,ERR,ERR,ERR,ERR,ERR,ERR,ERR,ERR,ERR,ERR,ERR,ERR,ERR,ERR,ERR,ERR,ERR,ERR,ERR,ERR,ERR,ERR,ERR,ERR,ERR,ERR,ERR,ERR,ERR,ERR,ERR,ERR,ERR,ERR,ERR,ERR,ERR,ERR,ERR,ERR,ERR,ERR,ERR,ERR,ERR,ERR,ERR,ERR,ERR,ERR,ERR,ERR,ERR,ERR,ERR,ERR,ERR,ERR,2.7184312818759872e+23,0.0,0.0,0.059,nan,1.3936040501711995e+18,7.805,-0.001,0,0,4,48954,6720,14723890282496.0,100,0.0,0.0,0.0,-152005385388032.0,0.0,0,0,0,0,0.0,0,0,0,0,0,0,0,0,0,0,0,0,0,0,0,0,0,0,0,0,0,0,0,0,0,0,0,0,0,0,0,0,0,26,51,50,76,65476,0,300,0,0,8,21553,0.0,-107605600.0,0.0,0.0,0.0,0.0,0.0,0.0,0.0,0.0,0.0,0.0,0.0,0.0,0.0,0.0,0.0,0.0,0.0,0.0,0.0,0.0,-2.004,0.0,-2.004,-2.004,0.0,0.0,0.0,0.0,4770.0,-1.0406645142989446e+34,7295.0,2.7184312818759872e+23,0.0,-0.0,-0.0,0.0,0.0,0.0,0.0,77,0.0,-4.950398036242045e+32,0.0,0.0,0.0,0.0,0.0,0.0,0.0,0,0,0,0.0,0.0,0.0,0.0,0.0,0.0,0.0,0.0,0.0,0.0,0.0,0.0,0.0,0.0,0.0,0.0,0,-107875648.0,77,0.0,154,0.0,0.0,ERR,ERR,ERR,ERR,ERR,ERR,ERR,ERR,ERR,ERR,ERR,ERR,ERR,ERR,ERR,ERR,ERR,ERR,ERR,ERR,ERR,ERR,ERR,ERR,ERR,ERR,ERR,ERR,ERR,ERR,ERR,ERR,ERR,ERR,ERR,ERR,ERR,ERR,ERR,ERR,ERR,ERR,ERR,ERR,ERR,ERR,ERR,ERR,ERR,ERR,ERR,ERR,ERR,ERR,ERR,ERR,ERR,ERR,ERR,ERR,ERR,ERR,ERR,ERR,ERR,ERR,ERR,34.0,80.0,35,0.0,0.0,0.0,0.0,0.0,0.0,0.0,0.0,0.0,0.0,0.0,0.0,0.0,0.0,0.0,0.0,65.6,0,120,58,53,65476,0,300,0,0,8,20529,65476,0,0,57672,80.0,0.0,0.0,0.0,0.0,0.0
2026-06-18T02:41:39,ERR,ERR,ERR,ERR,ERR,ERR,ERR,ERR,ERR,ERR,ERR,ERR,ERR,ERR,ERR,ERR,ERR,ERR,ERR,ERR,ERR,ERR,ERR,ERR,ERR,ERR,ERR,ERR,ERR,ERR,ERR,ERR,ERR,ERR,ERR,ERR,ERR,ERR,ERR,ERR,ERR,ERR,ERR,ERR,ERR,ERR,ERR,ERR,ERR,ERR,ERR,ERR,ERR,ERR,ERR,ERR,ERR,ERR,ERR,ERR,ERR,ERR,ERR,ERR,ERR,ERR,ERR,ERR,ERR,ERR,ERR,ERR,ERR,ERR,ERR,ERR,ERR,ERR,ERR,ERR,ERR,ERR,ERR,ERR,ERR,ERR,ERR,ERR,ERR,ERR,ERR,ERR,ERR,ERR,ERR,ERR,ERR,ERR,ERR,ERR,ERR,ERR,ERR,ERR,ERR,ERR,ERR,ERR,ERR,ERR,ERR,ERR,ERR,ERR,ERR,ERR,ERR,ERR,ERR,ERR,ERR,ERR,ERR,ERR,ERR,2.7184312818759872e+23,0.0,0.0,-152005385388032.0,1.6,1.3936040501711995e+18,7.805,0.0,0,0,4,48950,6720,14723890282496.0,100,0.0,0.0,0.0,-152005385388032.0,0.0,0,0,0,0,0.0,0,0,0,0,0,0,0,0,0,0,0,0,0,0,0,0,0,0,0,0,0,0,0,0,0,0,0,0,0,0,0,0,0,26,51,50,76,65476,0,300,0,0,8,21553,0.0,-107605600.0,0.0,0.0,0.0,0.0,0.0,0.0,0.0,0.0,0.0,0.0,0.0,0.0,0.0,0.0,0.0,0.0,0.0,0.0,0.0,0.0,-2.004,0.0,-2.004,-2.004,0.0,0.0,0.0,0.0,4768.0,-1.0406645142989446e+34,7295.0,2.7184312818759872e+23,0.0,-0.0,-0.0,0.0,0.0,0.0,0.0,77,-3.2220289616203523e+26,-4.950398036242045e+32,0.0,0.0,0.0,0.0,0.0,0.0,0.0,0,0,0,0.0,0.0,0.0,0.0,0.0,0.0,0.0,0.0,0.0,0.0,0.0,0.0,0.0,0.0,0.0,0.0,0,-107875648.0,77,0.0,154,0.0,0.0,ERR,ERR,ERR,ERR,ERR,ERR,ERR,ERR,ERR,ERR,ERR,ERR,ERR,ERR,ERR,ERR,ERR,ERR,ERR,ERR,ERR,ERR,ERR,ERR,ERR,ERR,ERR,ERR,ERR,ERR,ERR,ERR,ERR,ERR,ERR,ERR,ERR,ERR,ERR,ERR,ERR,ERR,ERR,ERR,ERR,ERR,ERR,ERR,ERR,ERR,ERR,ERR,ERR,ERR,ERR,ERR,ERR,ERR,ERR,ERR,ERR,ERR,ERR,ERR,ERR,ERR,ERR,34.0,80.0,35,0.0,0.0,0.0,0.0,0.0,0.0,0.0,0.0,0.0,0.0,0.0,0.0,0.0,0.0,0.0,0.0,65.6,0,120,58,53,65476,0,300,0,0,8,20529,65476,0,0,57672,80.0,0.0,0.0,0.0,0.0,0.0
2026-06-18T02:41:40,ERR,ERR,ERR,ERR,ERR,ERR,ERR,ERR,ERR,ERR,ERR,ERR,ERR,ERR,ERR,ERR,ERR,ERR,ERR,ERR,ERR,ERR,ERR,ERR,ERR,ERR,ERR,ERR,ERR,ERR,ERR,ERR,ERR,ERR,ERR,ERR,ERR,ERR,ERR,ERR,ERR,ERR,ERR,ERR,ERR,ERR,ERR,ERR,ERR,ERR,ERR,ERR,ERR,ERR,ERR,ERR,ERR,ERR,ERR,ERR,ERR,ERR,ERR,ERR,ERR,ERR,ERR,ERR,ERR,ERR,ERR,ERR,ERR,ERR,ERR,ERR,ERR,ERR,ERR,ERR,ERR,ERR,ERR,ERR,ERR,ERR,ERR,ERR,ERR,ERR,ERR,ERR,ERR,ERR,ERR,ERR,ERR,ERR,ERR,ERR,ERR,ERR,ERR,ERR,ERR,ERR,ERR,ERR,ERR,ERR,ERR,ERR,ERR,ERR,ERR,ERR,ERR,ERR,ERR,ERR,ERR,ERR,ERR,ERR,ERR,2.7184312818759872e+23,0.0,0.0,-152005385388032.0,1.6,1.3936040501711995e+18,7.805,0.0,0,0,4,48950,6720,14723890282496.0,100,0.0,0.0,0.0,-152005385388032.0,0.0,0,0,0,0,0.0,0,0,0,0,0,0,0,0,0,0,0,0,0,0,0,0,0,0,0,0,0,0,0,0,0,0,0,0,0,0,0,0,0,26,51,50,76,65476,0,300,0,0,8,21553,0.0,-107605600.0,0.0,0.0,0.0,0.0,0.0,0.0,0.0,0.0,0.0,0.0,0.0,0.0,0.0,0.0,0.0,0.0,0.0,0.0,0.0,0.0,-2.004,0.0,-2.004,-2.004,0.0,0.0,0.0,0.0,4768.0,-1.0406645142989446e+34,7295.0,2.7184312818759872e+23,0.0,-0.0,-0.0,0.0,0.0,0.0,0.0,77,-3.2220289616203523e+26,-4.950398036242045e+32,0.0,0.0,0.0,0.0,0.0,0.0,0.0,0,0,0,0.0,0.0,0.0,0.0,0.0,0.0,0.0,0.0,0.0,0.0,0.0,0.0,0.0,0.0,0.0,0.0,0,-107875648.0,77,0.0,154,0.0,0.0,ERR,ERR,ERR,ERR,ERR,ERR,ERR,ERR,ERR,ERR,ERR,ERR,ERR,ERR,ERR,ERR,ERR,ERR,ERR,ERR,ERR,ERR,ERR,ERR,ERR,ERR,ERR,ERR,ERR,ERR,ERR,ERR,ERR,ERR,ERR,ERR,ERR,ERR,ERR,ERR,ERR,ERR,ERR,ERR,ERR,ERR,ERR,ERR,ERR,ERR,ERR,ERR,ERR,ERR,ERR,ERR,ERR,ERR,ERR,ERR,ERR,ERR,ERR,ERR,ERR,ERR,ERR,34.0,80.0,35,0.0,0.0,0.0,0.0,0.0,0.0,0.0,0.0,0.0,0.0,0.0,0.0,0.0,0.0,0.0,0.0,66.4,0,120,58,53,65476,0,300,0,0,8,20529,65476,0,0,57672,80.0,0.0,0.0,0.0,0.0,0.0
2026-06-18T02:41:41,ERR,ERR,ERR,ERR,ERR,ERR,ERR,ERR,ERR,ERR,ERR,ERR,ERR,ERR,ERR,ERR,ERR,ERR,ERR,ERR,ERR,ERR,ERR,ERR,ERR,ERR,ERR,ERR,ERR,ERR,ERR,ERR,ERR,ERR,ERR,ERR,ERR,ERR,ERR,ERR,ERR,ERR,ERR,ERR,ERR,ERR,ERR,ERR,ERR,ERR,ERR,ERR,ERR,ERR,ERR,ERR,ERR,ERR,ERR,ERR,ERR,ERR,ERR,ERR,ERR,ERR,ERR,ERR,ERR,ERR,ERR,ERR,ERR,ERR,ERR,ERR,ERR,ERR,ERR,ERR,ERR,ERR,ERR,ERR,ERR,ERR,ERR,ERR,ERR,ERR,ERR,ERR,ERR,ERR,ERR,ERR,ERR,ERR,ERR,ERR,ERR,ERR,ERR,ERR,ERR,ERR,ERR,ERR,ERR,ERR,ERR,ERR,ERR,ERR,ERR,ERR,ERR,ERR,ERR,ERR,ERR,ERR,ERR,ERR,ERR,2.7184312818759872e+23,0.0,0.0,-152005385388032.0,1.6,1.3936040501711995e+18,7.805,0.0,0,0,4,48950,6720,14723890282496.0,100,0.0,0.0,0.0,-152005385388032.0,0.0,0,0,0,0,0.0,0,0,0,0,0,0,0,0,0,0,0,0,0,0,0,0,0,0,0,0,0,0,0,0,0,0,0,0,0,0,0,0,0,26,51,50,76,65476,0,300,0,0,8,21553,0.0,-107605600.0,0.0,0.0,0.0,0.0,0.0,0.0,0.0,0.0,0.0,0.0,0.0,0.0,0.0,0.0,0.0,0.0,0.0,0.0,0.0,0.0,-2.004,0.0,-2.004,-2.004,0.0,0.0,0.0,0.0,4768.0,-1.0406645142989446e+34,7295.0,2.7184312818759872e+23,0.0,-0.0,-0.0,0.0,0.0,0.0,0.0,77,-3.2220289616203523e+26,-4.950398036242045e+32,0.0,0.0,0.0,0.0,0.0,0.0,0.0,0,0,0,0.0,0.0,0.0,0.0,0.0,0.0,0.0,0.0,0.0,0.0,0.0,0.0,0.0,0.0,0.0,0.0,0,-107875648.0,77,0.0,154,0.0,0.0,ERR,ERR,ERR,ERR,ERR,ERR,ERR,ERR,ERR,ERR,ERR,ERR,ERR,ERR,ERR,ERR,ERR,ERR,ERR,ERR,ERR,ERR,ERR,ERR,ERR,ERR,ERR,ERR,ERR,ERR,ERR,ERR,ERR,ERR,ERR,ERR,ERR,ERR,ERR,ERR,ERR,ERR,ERR,ERR,ERR,ERR,ERR,ERR,ERR,ERR,ERR,ERR,ERR,ERR,ERR,ERR,ERR,ERR,ERR,ERR,ERR,ERR,ERR,ERR,ERR,ERR,ERR,34.0,80.0,35,0.0,0.0,0.0,0.0,0.0,0.0,0.0,0.0,0.0,0.0,0.0,0.0,0.0,0.0,0.0,0.0,66.4,0,120,58,53,65476,0,300,0,0,8,20529,65476,0,0,57672,80.0,0.0,0.0,0.0,0.0,0.0
2026-06-18T02:41:42,ERR,ERR,ERR,ERR,ERR,ERR,ERR,ERR,ERR,ERR,ERR,ERR,ERR,ERR,ERR,ERR,ERR,ERR,ERR,ERR,ERR,ERR,ERR,ERR,ERR,ERR,ERR,ERR,ERR,ERR,ERR,ERR,ERR,ERR,ERR,ERR,ERR,ERR,ERR,ERR,ERR,ERR,ERR,ERR,ERR,ERR,ERR,ERR,ERR,ERR,ERR,ERR,ERR,ERR,ERR,ERR,ERR,ERR,ERR,ERR,ERR,ERR,ERR,ERR,ERR,ERR,ERR,ERR,ERR,ERR,ERR,ERR,ERR,ERR,ERR,ERR,ERR,ERR,ERR,ERR,ERR,ERR,ERR,ERR,ERR,ERR,ERR,ERR,ERR,ERR,ERR,ERR,ERR,ERR,ERR,ERR,ERR,ERR,ERR,ERR,ERR,ERR,ERR,ERR,ERR,ERR,ERR,ERR,ERR,ERR,ERR,ERR,ERR,ERR,ERR,ERR,ERR,ERR,ERR,ERR,ERR,ERR,ERR,ERR,ERR,2.7184312818759872e+23,0.0,0.0,-152005385388032.0,1.6,1.3936040501711995e+18,7.805,0.0,0,0,4,48950,6720,14723890282496.0,100,0.0,0.0,0.0,-152005385388032.0,0.0,0,0,0,0,0.0,0,0,0,0,0,0,0,0,0,0,0,0,0,0,0,0,0,0,0,0,0,0,0,0,0,0,0,0,0,0,0,0,0,26,51,50,76,65476,0,300,0,0,8,21553,0.0,-107605600.0,0.0,0.0,0.0,0.0,0.0,0.0,0.0,0.0,0.0,0.0,0.0,0.0,0.0,0.0,0.0,0.0,0.0,0.0,0.0,0.0,-2.004,0.0,-2.004,-2.004,0.0,0.0,0.0,0.0,4768.0,-1.0406645142989446e+34,7295.0,2.7184312818759872e+23,0.0,-0.0,-0.0,0.0,0.0,0.0,0.0,77,-3.2220289616203523e+26,-4.950398036242045e+32,0.0,0.0,0.0,0.0,0.0,0.0,0.0,0,0,0,0.0,0.0,0.0,0.0,0.0,0.0,0.0,0.0,0.0,0.0,0.0,0.0,0.0,0.0,0.0,0.0,0,-107875648.0,77,0.0,154,0.0,0.0,ERR,ERR,ERR,ERR,ERR,ERR,ERR,ERR,ERR,ERR,ERR,ERR,ERR,ERR,ERR,ERR,ERR,ERR,ERR,ERR,ERR,ERR,ERR,ERR,ERR,ERR,ERR,ERR,ERR,ERR,ERR,ERR,ERR,ERR,ERR,ERR,ERR,ERR,ERR,ERR,ERR,ERR,ERR,ERR,ERR,ERR,ERR,ERR,ERR,ERR,ERR,ERR,ERR,ERR,ERR,ERR,ERR,ERR,ERR,ERR,ERR,ERR,ERR,ERR,ERR,ERR,ERR,34.0,80.0,35,0.0,0.0,0.0,0.0,0.0,0.0,0.0,0.0,0.0,0.0,0.0,0.0,0.0,0.0,0.0,0.0,65.6,0,120,58,53,65476,0,300,0,0,8,20529,65476,0,0,57672,80.0,0.0,0.0,0.0,0.0,0.0
2026-06-18T02:41:43,ERR,ERR,ERR,ERR,ERR,ERR,ERR,ERR,ERR,ERR,ERR,ERR,ERR,ERR,ERR,ERR,ERR,ERR,ERR,ERR,ERR,ERR,ERR,ERR,ERR,ERR,ERR,ERR,ERR,ERR,ERR,ERR,ERR,ERR,ERR,ERR,ERR,ERR,ERR,ERR,ERR,ERR,ERR,ERR,ERR,ERR,ERR,ERR,ERR,ERR,ERR,ERR,ERR,ERR,ERR,ERR,ERR,ERR,ERR,ERR,ERR,ERR,ERR,ERR,ERR,ERR,ERR,ERR,ERR,ERR,ERR,ERR,ERR,ERR,ERR,ERR,ERR,ERR,ERR,ERR,ERR,ERR,ERR,ERR,ERR,ERR,ERR,ERR,ERR,ERR,ERR,ERR,ERR,ERR,ERR,ERR,ERR,ERR,ERR,ERR,ERR,ERR,ERR,ERR,ERR,ERR,ERR,ERR,ERR,ERR,ERR,ERR,ERR,ERR,ERR,ERR,ERR,ERR,ERR,ERR,ERR,ERR,ERR,ERR,ERR,2.7184312818759872e+23,0.0,0.0,-152005385388032.0,1.6,1.3936040501711995e+18,7.805,0.0,0,0,4,48950,6720,14723890282496.0,100,0.0,0.0,0.0,-152005385388032.0,0.0,0,0,0,0,0.0,0,0,0,0,0,0,0,0,0,0,0,0,0,0,0,0,0,0,0,0,0,0,0,0,0,0,0,0,0,0,0,0,0,26,51,50,76,65476,0,300,0,0,8,21553,0.0,-107605600.0,0.0,0.0,0.0,0.0,0.0,0.0,0.0,0.0,0.0,0.0,0.0,0.0,0.0,0.0,0.0,0.0,0.0,0.0,0.0,0.0,-2.004,0.0,-2.004,-2.004,0.0,0.0,0.0,0.0,4768.0,-1.0406645142989446e+34,7295.0,2.7184312818759872e+23,0.0,-0.0,-0.0,0.0,0.0,0.0,0.0,77,-3.2220289616203523e+26,-4.950398036242045e+32,0.0,0.0,0.0,0.0,0.0,0.0,0.0,0,0,0,0.0,0.0,0.0,0.0,0.0,0.0,0.0,0.0,0.0,0.0,0.0,0.0,0.0,0.0,0.0,0.0,0,-107875648.0,77,0.0,154,0.0,0.0,ERR,ERR,ERR,ERR,ERR,ERR,ERR,ERR,ERR,ERR,ERR,ERR,ERR,ERR,ERR,ERR,ERR,ERR,ERR,ERR,ERR,ERR,ERR,ERR,ERR,ERR,ERR,ERR,ERR,ERR,ERR,ERR,ERR,ERR,ERR,ERR,ERR,ERR,ERR,ERR,ERR,ERR,ERR,ERR,ERR,ERR,ERR,ERR,ERR,ERR,ERR,ERR,ERR,ERR,ERR,ERR,ERR,ERR,ERR,ERR,ERR,ERR,ERR,ERR,ERR,ERR,ERR,34.0,80.0,35,0.0,0.0,0.0,0.0,0.0,0.0,0.0,0.0,0.0,0.0,0.0,0.0,0.0,0.0,0.0,0.0,65.6,0,120,58,53,65476,0,300,0,0,8,20529,65476,0,0,57672,80.0,0.0,0.0,0.0,0.0,0.0
2026-06-18T02:41:44,ERR,ERR,ERR,ERR,ERR,ERR,ERR,ERR,ERR,ERR,ERR,ERR,ERR,ERR,ERR,ERR,ERR,ERR,ERR,ERR,ERR,ERR,ERR,ERR,ERR,ERR,ERR,ERR,ERR,ERR,ERR,ERR,ERR,ERR,ERR,ERR,ERR,ERR,ERR,ERR,ERR,ERR,ERR,ERR,ERR,ERR,ERR,ERR,ERR,ERR,ERR,ERR,ERR,ERR,ERR,ERR,ERR,ERR,ERR,ERR,ERR,ERR,ERR,ERR,ERR,ERR,ERR,ERR,ERR,ERR,ERR,ERR,ERR,ERR,ERR,ERR,ERR,ERR,ERR,ERR,ERR,ERR,ERR,ERR,ERR,ERR,ERR,ERR,ERR,ERR,ERR,ERR,ERR,ERR,ERR,ERR,ERR,ERR,ERR,ERR,ERR,ERR,ERR,ERR,ERR,ERR,ERR,ERR,ERR,ERR,ERR,ERR,ERR,ERR,ERR,ERR,ERR,ERR,ERR,ERR,ERR,ERR,ERR,ERR,ERR,2.7184312818759872e+23,0.0,0.0,2.718290229135658e+23,-1.592,1.3936040501711995e+18,7.805,-0.0,0,0,4,48952,6720,14723890282496.0,100,0.0,0.0,0.0,-0.0,0.0,0,0,0,0,0.0,0,0,0,0,0,0,0,0,0,0,0,0,0,0,0,0,0,0,0,0,0,0,0,0,0,0,0,0,0,0,0,0,0,26,51,50,76,65476,0,300,0,0,8,21553,0.0,-107605600.0,0.0,0.0,0.0,0.0,0.0,0.0,0.0,0.0,0.0,0.0,0.0,0.0,0.0,0.0,0.0,0.0,0.0,0.0,0.0,0.0,-2.004,0.0,-2.004,-2.004,0.0,0.0,0.0,0.0,4800.0,0.0,7294.0,2.7184312818759872e+23,0.0,-0.0,-0.0,0.0,0.0,0.0,0.0,77,0.0,-3.2219994468298344e+26,0.0,0.0,0.0,0.0,0.0,0.0,0.0,0,0,0,0.0,0.0,0.0,0.0,0.0,0.0,0.0,0.0,0.0,0.0,0.0,0.0,0.0,0.0,0.0,0.0,0,-107875648.0,77,0.0,154,0.0,0.0,ERR,ERR,ERR,ERR,ERR,ERR,ERR,ERR,ERR,ERR,ERR,ERR,ERR,ERR,ERR,ERR,ERR,ERR,ERR,ERR,ERR,ERR,ERR,ERR,ERR,ERR,ERR,ERR,ERR,ERR,ERR,ERR,ERR,ERR,ERR,ERR,ERR,ERR,ERR,ERR,ERR,ERR,ERR,ERR,ERR,ERR,ERR,ERR,ERR,ERR,ERR,ERR,ERR,ERR,ERR,ERR,ERR,ERR,ERR,ERR,ERR,ERR,ERR,ERR,ERR,ERR,ERR,34.0,80.0,35,0.0,0.0,0.0,0.0,0.0,0.0,0.0,0.0,0.0,0.0,0.0,0.0,0.0,0.0,0.0,0.0,65.6,0,120,58,53,65476,0,300,0,0,8,20529,65476,0,0,57672,80.0,0.0,0.0,0.0,0.0,0.0
2026-06-18T02:41:45,ERR,ERR,ERR,ERR,ERR,ERR,ERR,ERR,ERR,ERR,ERR,ERR,ERR,ERR,ERR,ERR,ERR,ERR,ERR,ERR,ERR,ERR,ERR,ERR,ERR,ERR,ERR,ERR,ERR,ERR,ERR,ERR,ERR,ERR,ERR,ERR,ERR,ERR,ERR,ERR,ERR,ERR,ERR,ERR,ERR,ERR,ERR,ERR,ERR,ERR,ERR,ERR,ERR,ERR,ERR,ERR,ERR,ERR,ERR,ERR,ERR,ERR,ERR,ERR,ERR,ERR,ERR,ERR,ERR,ERR,ERR,ERR,ERR,ERR,ERR,ERR,ERR,ERR,ERR,ERR,ERR,ERR,ERR,ERR,ERR,ERR,ERR,ERR,ERR,ERR,ERR,ERR,ERR,ERR,ERR,ERR,ERR,ERR,ERR,ERR,ERR,ERR,ERR,ERR,ERR,ERR,ERR,ERR,ERR,ERR,ERR,ERR,ERR,ERR,ERR,ERR,ERR,ERR,ERR,ERR,ERR,ERR,ERR,ERR,ERR,2.7184312818759872e+23,0.0,0.0,2.718290229135658e+23,-1.592,1.3936040501711995e+18,7.805,-0.0,0,0,4,48952,6720,14723890282496.0,100,0.0,0.0,0.0,-0.0,0.0,0,0,0,0,0.0,0,0,0,0,0,0,0,0,0,0,0,0,0,0,0,0,0,0,0,0,0,0,0,0,0,0,0,0,0,0,0,0,0,26,51,50,76,65476,0,300,0,0,8,21553,0.0,-107605600.0,0.0,0.0,0.0,0.0,0.0,0.0,0.0,0.0,0.0,0.0,0.0,0.0,0.0,0.0,0.0,0.0,0.0,0.0,0.0,0.0,-2.004,0.0,-2.004,-2.004,0.0,0.0,0.0,0.0,4800.0,0.0,7294.0,2.7184312818759872e+23,0.0,-0.0,-0.0,0.0,0.0,0.0,0.0,77,0.0,-3.2219994468298344e+26,0.0,0.0,0.0,0.0,0.0,0.0,0.0,0,0,0,0.0,0.0,0.0,0.0,0.0,0.0,0.0,0.0,0.0,0.0,0.0,0.0,0.0,0.0,0.0,0.0,0,-107875648.0,77,0.0,154,0.0,0.0,ERR,ERR,ERR,ERR,ERR,ERR,ERR,ERR,ERR,ERR,ERR,ERR,ERR,ERR,ERR,ERR,ERR,ERR,ERR,ERR,ERR,ERR,ERR,ERR,ERR,ERR,ERR,ERR,ERR,ERR,ERR,ERR,ERR,ERR,ERR,ERR,ERR,ERR,ERR,ERR,ERR,ERR,ERR,ERR,ERR,ERR,ERR,ERR,ERR,ERR,ERR,ERR,ERR,ERR,ERR,ERR,ERR,ERR,ERR,ERR,ERR,ERR,ERR,ERR,ERR,ERR,ERR,34.0,80.0,35,0.0,0.0,0.0,0.0,0.0,0.0,0.0,0.0,0.0,0.0,0.0,0.0,0.0,0.0,0.0,0.0,65.6,0,120,58,53,65476,0,300,0,0,8,20529,65476,0,0,57672,80.0,0.0,0.0,0.0,0.0,0.0
2026-06-18T02:41:46,ERR,ERR,ERR,ERR,ERR,ERR,ERR,ERR,ERR,ERR,ERR,ERR,ERR,ERR,ERR,ERR,ERR,ERR,ERR,ERR,ERR,ERR,ERR,ERR,ERR,ERR,ERR,ERR,ERR,ERR,ERR,ERR,ERR,ERR,ERR,ERR,ERR,ERR,ERR,ERR,ERR,ERR,ERR,ERR,ERR,ERR,ERR,ERR,ERR,ERR,ERR,ERR,ERR,ERR,ERR,ERR,ERR,ERR,ERR,ERR,ERR,ERR,ERR,ERR,ERR,ERR,ERR,ERR,ERR,ERR,ERR,ERR,ERR,ERR,ERR,ERR,ERR,ERR,ERR,ERR,ERR,ERR,ERR,ERR,ERR,ERR,ERR,ERR,ERR,ERR,ERR,ERR,ERR,ERR,ERR,ERR,ERR,ERR,ERR,ERR,ERR,ERR,ERR,ERR,ERR,ERR,ERR,ERR,ERR,ERR,ERR,ERR,ERR,ERR,ERR,ERR,ERR,ERR,ERR,ERR,ERR,ERR,ERR,ERR,ERR,2.7184312818759872e+23,0.0,0.0,2.718290229135658e+23,-1.592,1.3936040501711995e+18,7.805,-0.0,0,0,4,48952,6720,14723890282496.0,100,0.0,0.0,0.0,-0.0,0.0,0,0,0,0,0.0,0,0,0,0,0,0,0,0,0,0,0,0,0,0,0,0,0,0,0,0,0,0,0,0,0,0,0,0,0,0,0,0,0,26,51,50,76,65476,0,300,0,0,8,21553,0.0,-107605600.0,0.0,0.0,0.0,0.0,0.0,0.0,0.0,0.0,0.0,0.0,0.0,0.0,0.0,0.0,0.0,0.0,0.0,0.0,0.0,0.0,-2.004,0.0,-2.004,-2.004,0.0,0.0,0.0,0.0,4800.0,0.0,7294.0,2.7184312818759872e+23,0.0,-0.0,-0.0,0.0,0.0,0.0,0.0,77,0.0,-3.2219994468298344e+26,0.0,0.0,0.0,0.0,0.0,0.0,0.0,0,0,0,0.0,0.0,0.0,0.0,0.0,0.0,0.0,0.0,0.0,0.0,0.0,0.0,0.0,0.0,0.0,0.0,0,-107875648.0,77,0.0,154,0.0,0.0,ERR,ERR,ERR,ERR,ERR,ERR,ERR,ERR,ERR,ERR,ERR,ERR,ERR,ERR,ERR,ERR,ERR,ERR,ERR,ERR,ERR,ERR,ERR,ERR,ERR,ERR,ERR,ERR,ERR,ERR,ERR,ERR,ERR,ERR,ERR,ERR,ERR,ERR,ERR,ERR,ERR,ERR,ERR,ERR,ERR,ERR,ERR,ERR,ERR,ERR,ERR,ERR,ERR,ERR,ERR,ERR,ERR,ERR,ERR,ERR,ERR,ERR,ERR,ERR,ERR,ERR,ERR,34.0,80.0,35,0.0,0.0,0.0,0.0,0.0,0.0,0.0,0.0,0.0,0.0,0.0,0.0,0.0,0.0,0.0,0.0,65.6,0,120,58,53,65476,0,300,0,0,8,20529,65476,0,0,57672,80.0,0.0,0.0,0.0,0.0,0.0
2026-06-18T02:41:47,ERR,ERR,ERR,ERR,ERR,ERR,ERR,ERR,ERR,ERR,ERR,ERR,ERR,ERR,ERR,ERR,ERR,ERR,ERR,ERR,ERR,ERR,ERR,ERR,ERR,ERR,ERR,ERR,ERR,ERR,ERR,ERR,ERR,ERR,ERR,ERR,ERR,ERR,ERR,ERR,ERR,ERR,ERR,ERR,ERR,ERR,ERR,ERR,ERR,ERR,ERR,ERR,ERR,ERR,ERR,ERR,ERR,ERR,ERR,ERR,ERR,ERR,ERR,ERR,ERR,ERR,ERR,ERR,ERR,ERR,ERR,ERR,ERR,ERR,ERR,ERR,ERR,ERR,ERR,ERR,ERR,ERR,ERR,ERR,ERR,ERR,ERR,ERR,ERR,ERR,ERR,ERR,ERR,ERR,ERR,ERR,ERR,ERR,ERR,ERR,ERR,ERR,ERR,ERR,ERR,ERR,ERR,ERR,ERR,ERR,ERR,ERR,ERR,ERR,ERR,ERR,ERR,ERR,ERR,ERR,ERR,ERR,ERR,ERR,ERR,2.7184312818759872e+23,0.0,0.0,2.718290229135658e+23,-1.592,1.3936040501711995e+18,7.805,-0.0,0,0,4,48952,6720,14723890282496.0,100,0.0,0.0,0.0,-0.0,0.0,0,0,0,0,0.0,0,0,0,0,0,0,0,0,0,0,0,0,0,0,0,0,0,0,0,0,0,0,0,0,0,0,0,0,0,0,0,0,0,26,51,50,76,65476,0,300,0,0,8,21553,0.0,-107605600.0,0.0,0.0,0.0,0.0,0.0,0.0,0.0,0.0,0.0,0.0,0.0,0.0,0.0,0.0,0.0,0.0,0.0,0.0,0.0,0.0,-2.004,0.0,-2.004,-2.004,0.0,0.0,0.0,0.0,4800.0,0.0,7294.0,2.7184312818759872e+23,0.0,-0.0,-0.0,0.0,0.0,0.0,0.0,77,0.0,-3.2219994468298344e+26,0.0,0.0,0.0,0.0,0.0,0.0,0.0,0,0,0,0.0,0.0,0.0,0.0,0.0,0.0,0.0,0.0,0.0,0.0,0.0,0.0,0.0,0.0,0.0,0.0,0,-107875648.0,77,0.0,154,0.0,0.0,ERR,ERR,ERR,ERR,ERR,ERR,ERR,ERR,ERR,ERR,ERR,ERR,ERR,ERR,ERR,ERR,ERR,ERR,ERR,ERR,ERR,ERR,ERR,ERR,ERR,ERR,ERR,ERR,ERR,ERR,ERR,ERR,ERR,ERR,ERR,ERR,ERR,ERR,ERR,ERR,ERR,ERR,ERR,ERR,ERR,ERR,ERR,ERR,ERR,ERR,ERR,ERR,ERR,ERR,ERR,ERR,ERR,ERR,ERR,ERR,ERR,ERR,ERR,ERR,ERR,ERR,ERR,34.0,80.0,35,0.0,0.0,0.0,0.0,0.0,0.0,0.0,0.0,0.0,0.0,0.0,0.0,0.0,0.0,0.0,0.0,65.6,0,120,58,53,65476,0,300,0,0,8,20529,65476,0,0,57672,80.0,0.0,0.0,0.0,0.0,0.0
2026-06-18T02:41:48,ERR,ERR,ERR,ERR,ERR,ERR,ERR,ERR,ERR,ERR,ERR,ERR,ERR,ERR,ERR,ERR,ERR,ERR,ERR,ERR,ERR,ERR,ERR,ERR,ERR,ERR,ERR,ERR,ERR,ERR,ERR,ERR,ERR,ERR,ERR,ERR,ERR,ERR,ERR,ERR,ERR,ERR,ERR,ERR,ERR,ERR,ERR,ERR,ERR,ERR,ERR,ERR,ERR,ERR,ERR,ERR,ERR,ERR,ERR,ERR,ERR,ERR,ERR,ERR,ERR,ERR,ERR,ERR,ERR,ERR,ERR,ERR,ERR,ERR,ERR,ERR,ERR,ERR,ERR,ERR,ERR,ERR,ERR,ERR,ERR,ERR,ERR,ERR,ERR,ERR,ERR,ERR,ERR,ERR,ERR,ERR,ERR,ERR,ERR,ERR,ERR,ERR,ERR,ERR,ERR,ERR,ERR,ERR,ERR,ERR,ERR,ERR,ERR,ERR,ERR,ERR,ERR,ERR,ERR,ERR,ERR,ERR,ERR,ERR,ERR,2.7184312818759872e+23,0.0,0.0,2.718290229135658e+23,-1.592,1.3936040501711995e+18,7.805,-0.0,0,0,4,48952,6720,14723890282496.0,100,0.0,0.0,0.0,-0.0,0.0,0,0,0,0,0.0,0,0,0,0,0,0,0,0,0,0,0,0,0,0,0,0,0,0,0,0,0,0,0,0,0,0,0,0,0,0,0,0,0,26,51,50,76,65476,0,300,0,0,8,21553,0.0,-107605600.0,0.0,0.0,0.0,0.0,0.0,0.0,0.0,0.0,0.0,0.0,0.0,0.0,0.0,0.0,0.0,0.0,0.0,0.0,0.0,0.0,-2.004,0.0,-2.004,-2.004,0.0,0.0,0.0,0.0,4800.0,0.0,7294.0,2.7184312818759872e+23,0.0,-0.0,-0.0,0.0,0.0,0.0,0.0,77,0.0,-3.2219994468298344e+26,0.0,0.0,0.0,0.0,0.0,0.0,0.0,0,0,0,0.0,0.0,0.0,0.0,0.0,0.0,0.0,0.0,0.0,0.0,0.0,0.0,0.0,0.0,0.0,0.0,0,-107875648.0,77,0.0,154,0.0,0.0,ERR,ERR,ERR,ERR,ERR,ERR,ERR,ERR,ERR,ERR,ERR,ERR,ERR,ERR,ERR,ERR,ERR,ERR,ERR,ERR,ERR,ERR,ERR,ERR,ERR,ERR,ERR,ERR,ERR,ERR,ERR,ERR,ERR,ERR,ERR,ERR,ERR,ERR,ERR,ERR,ERR,ERR,ERR,ERR,ERR,ERR,ERR,ERR,ERR,ERR,ERR,ERR,ERR,ERR,ERR,ERR,ERR,ERR,ERR,ERR,ERR,ERR,ERR,ERR,ERR,ERR,ERR,34.0,80.0,35,0.0,0.0,0.0,0.0,0.0,0.0,0.0,0.0,0.0,0.0,0.0,0.0,0.0,0.0,0.0,0.0,65.6,0,120,58,53,65476,0,300,0,0,8,20529,65476,0,0,57672,80.0,0.0,0.0,0.0,0.0,0.0
2026-06-18T02:41:49,ERR,ERR,ERR,ERR,ERR,ERR,ERR,ERR,ERR,ERR,ERR,ERR,ERR,ERR,ERR,ERR,ERR,ERR,ERR,ERR,ERR,ERR,ERR,ERR,ERR,ERR,ERR,ERR,ERR,ERR,ERR,ERR,ERR,ERR,ERR,ERR,ERR,ERR,ERR,ERR,ERR,ERR,ERR,ERR,ERR,ERR,ERR,ERR,ERR,ERR,ERR,ERR,ERR,ERR,ERR,ERR,ERR,ERR,ERR,ERR,ERR,ERR,ERR,ERR,ERR,ERR,ERR,ERR,ERR,ERR,ERR,ERR,ERR,ERR,ERR,ERR,ERR,ERR,ERR,ERR,ERR,ERR,ERR,ERR,ERR,ERR,ERR,ERR,ERR,ERR,ERR,ERR,ERR,ERR,ERR,ERR,ERR,ERR,ERR,ERR,ERR,ERR,ERR,ERR,ERR,ERR,ERR,ERR,ERR,ERR,ERR,ERR,ERR,ERR,ERR,ERR,ERR,ERR,ERR,ERR,ERR,ERR,ERR,ERR,ERR,2.7184312818759872e+23,0.0,0.0,0.059,nan,1.3936040501711995e+18,7.805,-0.001,0,0,4,48963,6720,14723890282496.0,100,0.0,0.0,0.0,0.059,0.0,0,0,0,0,0.0,0,0,0,0,0,0,0,0,0,0,0,0,0,0,0,0,0,0,0,0,0,0,0,0,0,0,0,0,0,0,0,0,0,26,51,50,76,65476,0,300,0,0,8,21553,0.0,-107605600.0,0.0,0.0,0.0,0.0,0.0,0.0,0.0,0.0,0.0,0.0,0.0,0.0,0.0,0.0,0.0,0.0,0.0,0.0,0.0,0.0,-2.004,0.0,-2.004,-0.0,0.0,0.0,0.0,0.0,4793.0,-1.0406645142989446e+34,7295.0,2.7184312818759872e+23,0.0,-0.0,2.718431101732002e+23,0.0,0.0,0.0,0.0,77,-1.9056981204742963e+17,-4.950398036242045e+32,0.0,0.0,0.0,0.0,0.0,0.0,0.0,0,0,0,0.0,0.0,0.0,0.0,0.0,0.0,0.0,0.0,0.0,0.0,0.0,0.0,0.0,0.0,0.0,0.0,0,-107875648.0,77,0.0,154,0.0,0.0,ERR,ERR,ERR,ERR,ERR,ERR,ERR,ERR,ERR,ERR,ERR,ERR,ERR,ERR,ERR,ERR,ERR,ERR,ERR,ERR,ERR,ERR,ERR,ERR,ERR,ERR,ERR,ERR,ERR,ERR,ERR,ERR,ERR,ERR,ERR,ERR,ERR,ERR,ERR,ERR,ERR,ERR,ERR,ERR,ERR,ERR,ERR,ERR,ERR,ERR,ERR,ERR,ERR,ERR,ERR,ERR,ERR,ERR,ERR,ERR,ERR,ERR,ERR,ERR,ERR,ERR,ERR,34.0,80.0,35,0.0,0.0,0.0,0.0,0.0,0.0,0.0,0.0,0.0,0.0,0.0,0.0,0.0,0.0,0.0,0.0,65.6,0,120,58,53,65476,0,300,0,0,8,20529,65476,0,0,57672,80.0,0.0,0.0,0.0,0.0,0.0
2026-06-18T02:41:50,ERR,ERR,ERR,ERR,ERR,ERR,ERR,ERR,ERR,ERR,ERR,ERR,ERR,ERR,ERR,ERR,ERR,ERR,ERR,ERR,ERR,ERR,ERR,ERR,ERR,ERR,ERR,ERR,ERR,ERR,ERR,ERR,ERR,ERR,ERR,ERR,ERR,ERR,ERR,ERR,ERR,ERR,ERR,ERR,ERR,ERR,ERR,ERR,ERR,ERR,ERR,ERR,ERR,ERR,ERR,ERR,ERR,ERR,ERR,ERR,ERR,ERR,ERR,ERR,ERR,ERR,ERR,ERR,ERR,ERR,ERR,ERR,ERR,ERR,ERR,ERR,ERR,ERR,ERR,ERR,ERR,ERR,ERR,ERR,ERR,ERR,ERR,ERR,ERR,ERR,ERR,ERR,ERR,ERR,ERR,ERR,ERR,ERR,ERR,ERR,ERR,ERR,ERR,ERR,ERR,ERR,ERR,ERR,ERR,ERR,ERR,ERR,ERR,ERR,ERR,ERR,ERR,ERR,ERR,ERR,ERR,ERR,ERR,ERR,ERR,2.7184312818759872e+23,0.0,0.0,0.059,nan,1.3936040501711995e+18,7.805,-0.001,0,0,4,48963,6720,14723890282496.0,100,0.0,0.0,0.0,0.059,0.0,0,0,0,0,0.0,0,0,0,0,0,0,0,0,0,0,0,0,0,0,0,0,0,0,0,0,0,0,0,0,0,0,0,0,0,0,0,0,0,26,51,50,76,65476,0,300,0,0,8,21553,0.0,-107605600.0,0.0,0.0,0.0,0.0,0.0,0.0,0.0,0.0,0.0,0.0,0.0,0.0,0.0,0.0,0.0,0.0,0.0,0.0,0.0,0.0,-2.004,0.0,-2.004,-0.0,0.0,0.0,0.0,0.0,4793.0,-1.0406645142989446e+34,7295.0,2.7184312818759872e+23,0.0,-0.0,2.718431101732002e+23,0.0,0.0,0.0,0.0,77,-1.9056981204742963e+17,-4.950398036242045e+32,0.0,0.0,0.0,0.0,0.0,0.0,0.0,0,0,0,0.0,0.0,0.0,0.0,0.0,0.0,0.0,0.0,0.0,0.0,0.0,0.0,0.0,0.0,0.0,0.0,0,-107875648.0,77,0.0,154,0.0,0.0,ERR,ERR,ERR,ERR,ERR,ERR,ERR,ERR,ERR,ERR,ERR,ERR,ERR,ERR,ERR,ERR,ERR,ERR,ERR,ERR,ERR,ERR,ERR,ERR,ERR,ERR,ERR,ERR,ERR,ERR,ERR,ERR,ERR,ERR,ERR,ERR,ERR,ERR,ERR,ERR,ERR,ERR,ERR,ERR,ERR,ERR,ERR,ERR,ERR,ERR,ERR,ERR,ERR,ERR,ERR,ERR,ERR,ERR,ERR,ERR,ERR,ERR,ERR,ERR,ERR,ERR,ERR,34.0,80.0,35,0.0,0.0,0.0,0.0,0.0,0.0,0.0,0.0,0.0,0.0,0.0,0.0,0.0,0.0,0.0,0.0,65.6,0,120,58,53,65476,0,300,0,0,8,20529,65476,0,0,57672,80.0,0.0,0.0,0.0,0.0,0.0
2026-06-18T02:41:51,ERR,ERR,ERR,ERR,ERR,ERR,ERR,ERR,ERR,ERR,ERR,ERR,ERR,ERR,ERR,ERR,ERR,ERR,ERR,ERR,ERR,ERR,ERR,ERR,ERR,ERR,ERR,ERR,ERR,ERR,ERR,ERR,ERR,ERR,ERR,ERR,ERR,ERR,ERR,ERR,ERR,ERR,ERR,ERR,ERR,ERR,ERR,ERR,ERR,ERR,ERR,ERR,ERR,ERR,ERR,ERR,ERR,ERR,ERR,ERR,ERR,ERR,ERR,ERR,ERR,ERR,ERR,ERR,ERR,ERR,ERR,ERR,ERR,ERR,ERR,ERR,ERR,ERR,ERR,ERR,ERR,ERR,ERR,ERR,ERR,ERR,ERR,ERR,ERR,ERR,ERR,ERR,ERR,ERR,ERR,ERR,ERR,ERR,ERR,ERR,ERR,ERR,ERR,ERR,ERR,ERR,ERR,ERR,ERR,ERR,ERR,ERR,ERR,ERR,ERR,ERR,ERR,ERR,ERR,ERR,ERR,ERR,ERR,ERR,ERR,2.7184312818759872e+23,0.0,0.0,0.059,nan,1.3936040501711995e+18,7.805,-0.001,0,0,4,48963,6720,14723890282496.0,100,0.0,0.0,0.0,0.059,0.0,0,0,0,0,0.0,0,0,0,0,0,0,0,0,0,0,0,0,0,0,0,0,0,0,0,0,0,0,0,0,0,0,0,0,0,0,0,0,0,26,51,50,76,65476,0,300,0,0,8,21553,0.0,-107605600.0,0.0,0.0,0.0,0.0,0.0,0.0,0.0,0.0,0.0,0.0,0.0,0.0,0.0,0.0,0.0,0.0,0.0,0.0,0.0,0.0,-2.004,0.0,-2.004,-0.0,0.0,0.0,0.0,0.0,4793.0,-1.0406645142989446e+34,7295.0,2.7184312818759872e+23,0.0,-0.0,2.718431101732002e+23,0.0,0.0,0.0,0.0,77,-1.9056981204742963e+17,-4.950398036242045e+32,0.0,0.0,0.0,0.0,0.0,0.0,0.0,0,0,0,0.0,0.0,0.0,0.0,0.0,0.0,0.0,0.0,0.0,0.0,0.0,0.0,0.0,0.0,0.0,0.0,0,-107875648.0,77,0.0,154,0.0,0.0,ERR,ERR,ERR,ERR,ERR,ERR,ERR,ERR,ERR,ERR,ERR,ERR,ERR,ERR,ERR,ERR,ERR,ERR,ERR,ERR,ERR,ERR,ERR,ERR,ERR,ERR,ERR,ERR,ERR,ERR,ERR,ERR,ERR,ERR,ERR,ERR,ERR,ERR,ERR,ERR,ERR,ERR,ERR,ERR,ERR,ERR,ERR,ERR,ERR,ERR,ERR,ERR,ERR,ERR,ERR,ERR,ERR,ERR,ERR,ERR,ERR,ERR,ERR,ERR,ERR,ERR,ERR,34.0,80.0,35,0.0,0.0,0.0,0.0,0.0,0.0,0.0,0.0,0.0,0.0,0.0,0.0,0.0,0.0,0.0,0.0,66.4,0,120,58,53,65476,0,300,0,0,8,20529,65476,0,0,57672,80.0,0.0,0.0,0.0,0.0,0.0
2026-06-18T02:41:52,ERR,ERR,ERR,ERR,ERR,ERR,ERR,ERR,ERR,ERR,ERR,ERR,ERR,ERR,ERR,ERR,ERR,ERR,ERR,ERR,ERR,ERR,ERR,ERR,ERR,ERR,ERR,ERR,ERR,ERR,ERR,ERR,ERR,ERR,ERR,ERR,ERR,ERR,ERR,ERR,ERR,ERR,ERR,ERR,ERR,ERR,ERR,ERR,ERR,ERR,ERR,ERR,ERR,ERR,ERR,ERR,ERR,ERR,ERR,ERR,ERR,ERR,ERR,ERR,ERR,ERR,ERR,ERR,ERR,ERR,ERR,ERR,ERR,ERR,ERR,ERR,ERR,ERR,ERR,ERR,ERR,ERR,ERR,ERR,ERR,ERR,ERR,ERR,ERR,ERR,ERR,ERR,ERR,ERR,ERR,ERR,ERR,ERR,ERR,ERR,ERR,ERR,ERR,ERR,ERR,ERR,ERR,ERR,ERR,ERR,ERR,ERR,ERR,ERR,ERR,ERR,ERR,ERR,ERR,ERR,ERR,ERR,ERR,ERR,ERR,2.7184312818759872e+23,0.0,0.0,0.059,nan,1.3936040501711995e+18,7.805,-0.001,0,0,4,48963,6720,14723890282496.0,100,0.0,0.0,0.0,0.059,0.0,0,0,0,0,0.0,0,0,0,0,0,0,0,0,0,0,0,0,0,0,0,0,0,0,0,0,0,0,0,0,0,0,0,0,0,0,0,0,0,26,51,50,76,65476,0,300,0,0,8,21553,0.0,-107605600.0,0.0,0.0,0.0,0.0,0.0,0.0,0.0,0.0,0.0,0.0,0.0,0.0,0.0,0.0,0.0,0.0,0.0,0.0,0.0,0.0,-2.004,0.0,-2.004,-0.0,0.0,0.0,0.0,0.0,4793.0,-1.0406645142989446e+34,7295.0,2.7184312818759872e+23,0.0,-0.0,2.718431101732002e+23,0.0,0.0,0.0,0.0,77,-1.9056981204742963e+17,-4.950398036242045e+32,0.0,0.0,0.0,0.0,0.0,0.0,0.0,0,0,0,0.0,0.0,0.0,0.0,0.0,0.0,0.0,0.0,0.0,0.0,0.0,0.0,0.0,0.0,0.0,0.0,0,-107875648.0,77,0.0,154,0.0,0.0,ERR,ERR,ERR,ERR,ERR,ERR,ERR,ERR,ERR,ERR,ERR,ERR,ERR,ERR,ERR,ERR,ERR,ERR,ERR,ERR,ERR,ERR,ERR,ERR,ERR,ERR,ERR,ERR,ERR,ERR,ERR,ERR,ERR,ERR,ERR,ERR,ERR,ERR,ERR,ERR,ERR,ERR,ERR,ERR,ERR,ERR,ERR,ERR,ERR,ERR,ERR,ERR,ERR,ERR,ERR,ERR,ERR,ERR,ERR,ERR,ERR,ERR,ERR,ERR,ERR,ERR,ERR,34.0,80.0,35,0.0,0.0,0.0,0.0,0.0,0.0,0.0,0.0,0.0,0.0,0.0,0.0,0.0,0.0,0.0,0.0,66.4,0,120,58,53,65476,0,300,0,0,8,20529,65476,0,0,57672,80.0,0.0,0.0,0.0,0.0,0.0
2026-06-18T02:41:53,ERR,ERR,ERR,ERR,ERR,ERR,ERR,ERR,ERR,ERR,ERR,ERR,ERR,ERR,ERR,ERR,ERR,ERR,ERR,ERR,ERR,ERR,ERR,ERR,ERR,ERR,ERR,ERR,ERR,ERR,ERR,ERR,ERR,ERR,ERR,ERR,ERR,ERR,ERR,ERR,ERR,ERR,ERR,ERR,ERR,ERR,ERR,ERR,ERR,ERR,ERR,ERR,ERR,ERR,ERR,ERR,ERR,ERR,ERR,ERR,ERR,ERR,ERR,ERR,ERR,ERR,ERR,ERR,ERR,ERR,ERR,ERR,ERR,ERR,ERR,ERR,ERR,ERR,ERR,ERR,ERR,ERR,ERR,ERR,ERR,ERR,ERR,ERR,ERR,ERR,ERR,ERR,ERR,ERR,ERR,ERR,ERR,ERR,ERR,ERR,ERR,ERR,ERR,ERR,ERR,ERR,ERR,ERR,ERR,ERR,ERR,ERR,ERR,ERR,ERR,ERR,ERR,ERR,ERR,ERR,ERR,ERR,ERR,ERR,ERR,2.7184312818759872e+23,0.0,0.0,0.059,nan,1.3936040501711995e+18,7.805,-0.001,0,0,4,48963,6720,14723890282496.0,100,0.0,0.0,0.0,0.059,0.0,0,0,0,0,0.0,0,0,0,0,0,0,0,0,0,0,0,0,0,0,0,0,0,0,0,0,0,0,0,0,0,0,0,0,0,0,0,0,0,26,51,50,76,65476,0,300,0,0,8,21553,0.0,-107605600.0,0.0,0.0,0.0,0.0,0.0,0.0,0.0,0.0,0.0,0.0,0.0,0.0,0.0,0.0,0.0,0.0,0.0,0.0,0.0,0.0,-2.004,0.0,-2.004,-0.0,0.0,0.0,0.0,0.0,4793.0,-1.0406645142989446e+34,7295.0,2.7184312818759872e+23,0.0,-0.0,2.718431101732002e+23,0.0,0.0,0.0,0.0,77,-1.9056981204742963e+17,-4.950398036242045e+32,0.0,0.0,0.0,0.0,0.0,0.0,0.0,0,0,0,0.0,0.0,0.0,0.0,0.0,0.0,0.0,0.0,0.0,0.0,0.0,0.0,0.0,0.0,0.0,0.0,0,-107875648.0,77,0.0,154,0.0,0.0,ERR,ERR,ERR,ERR,ERR,ERR,ERR,ERR,ERR,ERR,ERR,ERR,ERR,ERR,ERR,ERR,ERR,ERR,ERR,ERR,ERR,ERR,ERR,ERR,ERR,ERR,ERR,ERR,ERR,ERR,ERR,ERR,ERR,ERR,ERR,ERR,ERR,ERR,ERR,ERR,ERR,ERR,ERR,ERR,ERR,ERR,ERR,ERR,ERR,ERR,ERR,ERR,ERR,ERR,ERR,ERR,ERR,ERR,ERR,ERR,ERR,ERR,ERR,ERR,ERR,ERR,ERR,34.0,80.0,35,0.0,0.0,0.0,0.0,0.0,0.0,0.0,0.0,0.0,0.0,0.0,0.0,0.0,0.0,0.0,0.0,65.6,0,120,58,53,65476,0,300,0,0,8,20529,65476,0,0,57672,80.0,0.0,0.0,0.0,0.0,0.0
2026-06-18T02:41:54,ERR,ERR,ERR,ERR,ERR,ERR,ERR,ERR,ERR,ERR,ERR,ERR,ERR,ERR,ERR,ERR,ERR,ERR,ERR,ERR,ERR,ERR,ERR,ERR,ERR,ERR,ERR,ERR,ERR,ERR,ERR,ERR,ERR,ERR,ERR,ERR,ERR,ERR,ERR,ERR,ERR,ERR,ERR,ERR,ERR,ERR,ERR,ERR,ERR,ERR,ERR,ERR,ERR,ERR,ERR,ERR,ERR,ERR,ERR,ERR,ERR,ERR,ERR,ERR,ERR,ERR,ERR,ERR,ERR,ERR,ERR,ERR,ERR,ERR,ERR,ERR,ERR,ERR,ERR,ERR,ERR,ERR,ERR,ERR,ERR,ERR,ERR,ERR,ERR,ERR,ERR,ERR,ERR,ERR,ERR,ERR,ERR,ERR,ERR,ERR,ERR,ERR,ERR,ERR,ERR,ERR,ERR,ERR,ERR,ERR,ERR,ERR,ERR,ERR,ERR,ERR,ERR,ERR,ERR,ERR,ERR,ERR,ERR,ERR,ERR,2.7184312818759872e+23,0.0,0.0,2.718290229135658e+23,-1.592,1.3936040501711995e+18,7.805,-0.0,0,0,4,48954,6720,14723890282496.0,100,0.0,0.0,0.0,2.718290229135658e+23,0.0,0,0,0,0,0.0,0,0,0,0,0,0,0,0,0,0,0,0,0,0,0,0,0,0,0,0,0,0,0,0,0,0,0,0,0,0,0,0,0,26,51,50,76,65476,0,300,0,0,8,21553,0.0,-107605600.0,0.0,0.0,0.0,0.0,0.0,0.0,0.0,0.0,0.0,0.0,0.0,0.0,0.0,0.0,0.0,0.0,0.0,0.0,0.0,0.0,-2.004,0.0,-2.004,-0.0,0.0,0.0,0.0,0.0,4793.0,-2.422985886919649e+24,7261.0,2.7184312818759872e+23,0.0,-0.0,-0.0,0.0,0.0,0.0,0.0,77,-1.9056981204742963e+17,-2.3088264680449665e+20,0.0,0.0,0.0,0.0,0.0,0.0,0.0,0,0,0,0.0,0.0,0.0,0.0,0.0,0.0,0.0,0.0,0.0,0.0,0.0,0.0,0.0,0.0,0.0,0.0,0,-107875648.0,77,0.0,154,0.0,0.0,ERR,ERR,ERR,ERR,ERR,ERR,ERR,ERR,ERR,ERR,ERR,ERR,ERR,ERR,ERR,ERR,ERR,ERR,ERR,ERR,ERR,ERR,ERR,ERR,ERR,ERR,ERR,ERR,ERR,ERR,ERR,ERR,ERR,ERR,ERR,ERR,ERR,ERR,ERR,ERR,ERR,ERR,ERR,ERR,ERR,ERR,ERR,ERR,ERR,ERR,ERR,ERR,ERR,ERR,ERR,ERR,ERR,ERR,ERR,ERR,ERR,ERR,ERR,ERR,ERR,ERR,ERR,34.0,80.0,35,0.0,0.0,0.0,0.0,0.0,0.0,0.0,0.0,0.0,0.0,0.0,0.0,0.0,0.0,0.0,0.0,65.6,0,120,58,53,65476,0,300,0,0,8,20529,65476,0,0,57672,80.0,0.0,0.0,0.0,0.0,0.0
2026-06-18T02:41:55,ERR,ERR,ERR,ERR,ERR,ERR,ERR,ERR,ERR,ERR,ERR,ERR,ERR,ERR,ERR,ERR,ERR,ERR,ERR,ERR,ERR,ERR,ERR,ERR,ERR,ERR,ERR,ERR,ERR,ERR,ERR,ERR,ERR,ERR,ERR,ERR,ERR,ERR,ERR,ERR,ERR,ERR,ERR,ERR,ERR,ERR,ERR,ERR,ERR,ERR,ERR,ERR,ERR,ERR,ERR,ERR,ERR,ERR,ERR,ERR,ERR,ERR,ERR,ERR,ERR,ERR,ERR,ERR,ERR,ERR,ERR,ERR,ERR,ERR,ERR,ERR,ERR,ERR,ERR,ERR,ERR,ERR,ERR,ERR,ERR,ERR,ERR,ERR,ERR,ERR,ERR,ERR,ERR,ERR,ERR,ERR,ERR,ERR,ERR,ERR,ERR,ERR,ERR,ERR,ERR,ERR,ERR,ERR,ERR,ERR,ERR,ERR,ERR,ERR,ERR,ERR,ERR,ERR,ERR,ERR,ERR,ERR,ERR,ERR,ERR,2.7184312818759872e+23,0.0,0.0,2.718290229135658e+23,-1.592,1.3936040501711995e+18,7.805,-0.0,0,0,4,48954,6720,14723890282496.0,100,0.0,0.0,0.0,2.718290229135658e+23,0.0,0,0,0,0,0.0,0,0,0,0,0,0,0,0,0,0,0,0,0,0,0,0,0,0,0,0,0,0,0,0,0,0,0,0,0,0,0,0,0,26,51,50,76,65476,0,300,0,0,8,21553,0.0,-107605600.0,0.0,0.0,0.0,0.0,0.0,0.0,0.0,0.0,0.0,0.0,0.0,0.0,0.0,0.0,0.0,0.0,0.0,0.0,0.0,0.0,-2.004,0.0,-2.004,-0.0,0.0,0.0,0.0,0.0,4793.0,-2.422985886919649e+24,7261.0,2.7184312818759872e+23,0.0,-0.0,-0.0,0.0,0.0,0.0,0.0,77,-1.9056981204742963e+17,-2.3088264680449665e+20,0.0,0.0,0.0,0.0,0.0,0.0,0.0,0,0,0,0.0,0.0,0.0,0.0,0.0,0.0,0.0,0.0,0.0,0.0,0.0,0.0,0.0,0.0,0.0,0.0,0,-107875648.0,77,0.0,154,0.0,0.0,ERR,ERR,ERR,ERR,ERR,ERR,ERR,ERR,ERR,ERR,ERR,ERR,ERR,ERR,ERR,ERR,ERR,ERR,ERR,ERR,ERR,ERR,ERR,ERR,ERR,ERR,ERR,ERR,ERR,ERR,ERR,ERR,ERR,ERR,ERR,ERR,ERR,ERR,ERR,ERR,ERR,ERR,ERR,ERR,ERR,ERR,ERR,ERR,ERR,ERR,ERR,ERR,ERR,ERR,ERR,ERR,ERR,ERR,ERR,ERR,ERR,ERR,ERR,ERR,ERR,ERR,ERR,34.0,80.0,35,0.0,0.0,0.0,0.0,0.0,0.0,0.0,0.0,0.0,0.0,0.0,0.0,0.0,0.0,0.0,0.0,65.6,0,120,58,53,65476,0,300,0,0,8,20529,65476,0,0,57672,80.0,0.0,0.0,0.0,0.0,0.0
2026-06-18T02:41:56,ERR,ERR,ERR,ERR,ERR,ERR,ERR,ERR,ERR,ERR,ERR,ERR,ERR,ERR,ERR,ERR,ERR,ERR,ERR,ERR,ERR,ERR,ERR,ERR,ERR,ERR,ERR,ERR,ERR,ERR,ERR,ERR,ERR,ERR,ERR,ERR,ERR,ERR,ERR,ERR,ERR,ERR,ERR,ERR,ERR,ERR,ERR,ERR,ERR,ERR,ERR,ERR,ERR,ERR,ERR,ERR,ERR,ERR,ERR,ERR,ERR,ERR,ERR,ERR,ERR,ERR,ERR,ERR,ERR,ERR,ERR,ERR,ERR,ERR,ERR,ERR,ERR,ERR,ERR,ERR,ERR,ERR,ERR,ERR,ERR,ERR,ERR,ERR,ERR,ERR,ERR,ERR,ERR,ERR,ERR,ERR,ERR,ERR,ERR,ERR,ERR,ERR,ERR,ERR,ERR,ERR,ERR,ERR,ERR,ERR,ERR,ERR,ERR,ERR,ERR,ERR,ERR,ERR,ERR,ERR,ERR,ERR,ERR,ERR,ERR,2.7184312818759872e+23,0.0,0.0,2.718290229135658e+23,-1.592,1.3936040501711995e+18,7.805,-0.0,0,0,4,48954,6720,14723890282496.0,100,0.0,0.0,0.0,2.718290229135658e+23,0.0,0,0,0,0,0.0,0,0,0,0,0,0,0,0,0,0,0,0,0,0,0,0,0,0,0,0,0,0,0,0,0,0,0,0,0,0,0,0,0,26,51,50,76,65476,0,300,0,0,8,21553,0.0,-107605600.0,0.0,0.0,0.0,0.0,0.0,0.0,0.0,0.0,0.0,0.0,0.0,0.0,0.0,0.0,0.0,0.0,0.0,0.0,0.0,0.0,-2.004,0.0,-2.004,-0.0,0.0,0.0,0.0,0.0,4793.0,-2.422985886919649e+24,7261.0,2.7184312818759872e+23,0.0,-0.0,-0.0,0.0,0.0,0.0,0.0,77,-1.9056981204742963e+17,-2.3088264680449665e+20,0.0,0.0,0.0,0.0,0.0,0.0,0.0,0,0,0,0.0,0.0,0.0,0.0,0.0,0.0,0.0,0.0,0.0,0.0,0.0,0.0,0.0,0.0,0.0,0.0,0,-107875648.0,77,0.0,154,0.0,0.0,ERR,ERR,ERR,ERR,ERR,ERR,ERR,ERR,ERR,ERR,ERR,ERR,ERR,ERR,ERR,ERR,ERR,ERR,ERR,ERR,ERR,ERR,ERR,ERR,ERR,ERR,ERR,ERR,ERR,ERR,ERR,ERR,ERR,ERR,ERR,ERR,ERR,ERR,ERR,ERR,ERR,ERR,ERR,ERR,ERR,ERR,ERR,ERR,ERR,ERR,ERR,ERR,ERR,ERR,ERR,ERR,ERR,ERR,ERR,ERR,ERR,ERR,ERR,ERR,ERR,ERR,ERR,34.0,80.0,35,0.0,0.0,0.0,0.0,0.0,0.0,0.0,0.0,0.0,0.0,0.0,0.0,0.0,0.0,0.0,0.0,65.6,0,120,58,53,65476,0,300,0,0,8,20529,65476,0,0,57672,80.0,0.0,0.0,0.0,0.0,0.0
2026-06-18T02:41:57,ERR,ERR,ERR,ERR,ERR,ERR,ERR,ERR,ERR,ERR,ERR,ERR,ERR,ERR,ERR,ERR,ERR,ERR,ERR,ERR,ERR,ERR,ERR,ERR,ERR,ERR,ERR,ERR,ERR,ERR,ERR,ERR,ERR,ERR,ERR,ERR,ERR,ERR,ERR,ERR,ERR,ERR,ERR,ERR,ERR,ERR,ERR,ERR,ERR,ERR,ERR,ERR,ERR,ERR,ERR,ERR,ERR,ERR,ERR,ERR,ERR,ERR,ERR,ERR,ERR,ERR,ERR,ERR,ERR,ERR,ERR,ERR,ERR,ERR,ERR,ERR,ERR,ERR,ERR,ERR,ERR,ERR,ERR,ERR,ERR,ERR,ERR,ERR,ERR,ERR,ERR,ERR,ERR,ERR,ERR,ERR,ERR,ERR,ERR,ERR,ERR,ERR,ERR,ERR,ERR,ERR,ERR,ERR,ERR,ERR,ERR,ERR,ERR,ERR,ERR,ERR,ERR,ERR,ERR,ERR,ERR,ERR,ERR,ERR,ERR,2.7184312818759872e+23,0.0,0.0,2.718290229135658e+23,-1.592,1.3936040501711995e+18,7.805,-0.0,0,0,4,48954,6720,14723890282496.0,100,0.0,0.0,0.0,2.718290229135658e+23,0.0,0,0,0,0,0.0,0,0,0,0,0,0,0,0,0,0,0,0,0,0,0,0,0,0,0,0,0,0,0,0,0,0,0,0,0,0,0,0,0,26,51,50,76,65476,0,300,0,0,8,21553,0.0,-107605600.0,0.0,0.0,0.0,0.0,0.0,0.0,0.0,0.0,0.0,0.0,0.0,0.0,0.0,0.0,0.0,0.0,0.0,0.0,0.0,0.0,-2.004,0.0,-2.004,-0.0,0.0,0.0,0.0,0.0,4793.0,-2.422985886919649e+24,7261.0,2.7184312818759872e+23,0.0,-0.0,-0.0,0.0,0.0,0.0,0.0,77,-1.9056981204742963e+17,-2.3088264680449665e+20,0.0,0.0,0.0,0.0,0.0,0.0,0.0,0,0,0,0.0,0.0,0.0,0.0,0.0,0.0,0.0,0.0,0.0,0.0,0.0,0.0,0.0,0.0,0.0,0.0,0,-107875648.0,77,0.0,154,0.0,0.0,ERR,ERR,ERR,ERR,ERR,ERR,ERR,ERR,ERR,ERR,ERR,ERR,ERR,ERR,ERR,ERR,ERR,ERR,ERR,ERR,ERR,ERR,ERR,ERR,ERR,ERR,ERR,ERR,ERR,ERR,ERR,ERR,ERR,ERR,ERR,ERR,ERR,ERR,ERR,ERR,ERR,ERR,ERR,ERR,ERR,ERR,ERR,ERR,ERR,ERR,ERR,ERR,ERR,ERR,ERR,ERR,ERR,ERR,ERR,ERR,ERR,ERR,ERR,ERR,ERR,ERR,ERR,34.0,80.0,35,0.0,0.0,0.0,0.0,0.0,0.0,0.0,0.0,0.0,0.0,0.0,0.0,0.0,0.0,0.0,0.0,65.6,0,120,58,53,65476,0,300,0,0,8,20529,65476,0,0,57672,80.0,0.0,0.0,0.0,0.0,0.0
2026-06-18T02:41:58,ERR,ERR,ERR,ERR,ERR,ERR,ERR,ERR,ERR,ERR,ERR,ERR,ERR,ERR,ERR,ERR,ERR,ERR,ERR,ERR,ERR,ERR,ERR,ERR,ERR,ERR,ERR,ERR,ERR,ERR,ERR,ERR,ERR,ERR,ERR,ERR,ERR,ERR,ERR,ERR,ERR,ERR,ERR,ERR,ERR,ERR,ERR,ERR,ERR,ERR,ERR,ERR,ERR,ERR,ERR,ERR,ERR,ERR,ERR,ERR,ERR,ERR,ERR,ERR,ERR,ERR,ERR,ERR,ERR,ERR,ERR,ERR,ERR,ERR,ERR,ERR,ERR,ERR,ERR,ERR,ERR,ERR,ERR,ERR,ERR,ERR,ERR,ERR,ERR,ERR,ERR,ERR,ERR,ERR,ERR,ERR,ERR,ERR,ERR,ERR,ERR,ERR,ERR,ERR,ERR,ERR,ERR,ERR,ERR,ERR,ERR,ERR,ERR,ERR,ERR,ERR,ERR,ERR,ERR,ERR,ERR,ERR,ERR,ERR,ERR,2.7184312818759872e+23,0.0,0.0,2.718290229135658e+23,-1.592,1.3936040501711995e+18,7.805,-0.0,0,0,4,48954,6720,14723890282496.0,100,0.0,0.0,0.0,2.718290229135658e+23,0.0,0,0,0,0,0.0,0,0,0,0,0,0,0,0,0,0,0,0,0,0,0,0,0,0,0,0,0,0,0,0,0,0,0,0,0,0,0,0,0,26,51,50,76,65476,0,300,0,0,8,21553,0.0,-107605600.0,0.0,0.0,0.0,0.0,0.0,0.0,0.0,0.0,0.0,0.0,0.0,0.0,0.0,0.0,0.0,0.0,0.0,0.0,0.0,0.0,-2.004,0.0,-2.004,-0.0,0.0,0.0,0.0,0.0,4793.0,-2.422985886919649e+24,7261.0,2.7184312818759872e+23,0.0,-0.0,-0.0,0.0,0.0,0.0,0.0,77,-1.9056981204742963e+17,-2.3088264680449665e+20,0.0,0.0,0.0,0.0,0.0,0.0,0.0,0,0,0,0.0,0.0,0.0,0.0,0.0,0.0,0.0,0.0,0.0,0.0,0.0,0.0,0.0,0.0,0.0,0.0,0,-107875648.0,77,0.0,154,0.0,0.0,ERR,ERR,ERR,ERR,ERR,ERR,ERR,ERR,ERR,ERR,ERR,ERR,ERR,ERR,ERR,ERR,ERR,ERR,ERR,ERR,ERR,ERR,ERR,ERR,ERR,ERR,ERR,ERR,ERR,ERR,ERR,ERR,ERR,ERR,ERR,ERR,ERR,ERR,ERR,ERR,ERR,ERR,ERR,ERR,ERR,ERR,ERR,ERR,ERR,ERR,ERR,ERR,ERR,ERR,ERR,ERR,ERR,ERR,ERR,ERR,ERR,ERR,ERR,ERR,ERR,ERR,ERR,34.0,80.0,35,0.0,0.0,0.0,0.0,0.0,0.0,0.0,0.0,0.0,0.0,0.0,0.0,0.0,0.0,0.0,0.0,65.6,0,120,58,53,65476,0,300,0,0,8,20529,65476,0,0,57672,80.0,0.0,0.0,0.0,0.0,0.0
2026-06-18T02:41:59,ERR,ERR,ERR,ERR,ERR,ERR,ERR,ERR,ERR,ERR,ERR,ERR,ERR,ERR,ERR,ERR,ERR,ERR,ERR,ERR,ERR,ERR,ERR,ERR,ERR,ERR,ERR,ERR,ERR,ERR,ERR,ERR,ERR,ERR,ERR,ERR,ERR,ERR,ERR,ERR,ERR,ERR,ERR,ERR,ERR,ERR,ERR,ERR,ERR,ERR,ERR,ERR,ERR,ERR,ERR,ERR,ERR,ERR,ERR,ERR,ERR,ERR,ERR,ERR,ERR,ERR,ERR,ERR,ERR,ERR,ERR,ERR,ERR,ERR,ERR,ERR,ERR,ERR,ERR,ERR,ERR,ERR,ERR,ERR,ERR,ERR,ERR,ERR,ERR,ERR,ERR,ERR,ERR,ERR,ERR,ERR,ERR,ERR,ERR,ERR,ERR,ERR,ERR,ERR,ERR,ERR,ERR,ERR,ERR,ERR,ERR,ERR,ERR,ERR,ERR,ERR,ERR,ERR,ERR,ERR,ERR,ERR,ERR,ERR,ERR,2.7184312818759872e+23,0.0,0.0,2.718290229135658e+23,-1.592,1.3936040501711995e+18,7.805,-0.0,0,0,4,48954,6720,14723890282496.0,100,0.0,0.0,0.0,2.718290229135658e+23,0.0,0,0,0,0,0.0,0,0,0,0,0,0,0,0,0,0,0,0,0,0,0,0,0,0,0,0,0,0,0,0,0,0,0,0,0,0,0,0,0,26,51,50,76,65476,0,300,0,0,8,21553,0.0,-107605600.0,0.0,0.0,0.0,0.0,0.0,0.0,0.0,0.0,0.0,0.0,0.0,0.0,0.0,0.0,0.0,0.0,0.0,0.0,0.0,0.0,-2.004,0.0,-2.004,-0.0,0.0,0.0,0.0,0.0,4793.0,-2.422985886919649e+24,7261.0,2.7184312818759872e+23,0.0,-0.0,-0.0,0.0,0.0,0.0,0.0,77,-1.9056981204742963e+17,-2.3088264680449665e+20,0.0,0.0,0.0,0.0,0.0,0.0,0.0,0,0,0,0.0,0.0,0.0,0.0,0.0,0.0,0.0,0.0,0.0,0.0,0.0,0.0,0.0,0.0,0.0,0.0,0,-107875648.0,77,0.0,154,0.0,0.0,ERR,ERR,ERR,ERR,ERR,ERR,ERR,ERR,ERR,ERR,ERR,ERR,ERR,ERR,ERR,ERR,ERR,ERR,ERR,ERR,ERR,ERR,ERR,ERR,ERR,ERR,ERR,ERR,ERR,ERR,ERR,ERR,ERR,ERR,ERR,ERR,ERR,ERR,ERR,ERR,ERR,ERR,ERR,ERR,ERR,ERR,ERR,ERR,ERR,ERR,ERR,ERR,ERR,ERR,ERR,ERR,ERR,ERR,ERR,ERR,ERR,ERR,ERR,ERR,ERR,ERR,ERR,34.0,80.0,35,0.0,0.0,0.0,0.0,0.0,0.0,0.0,0.0,0.0,0.0,0.0,0.0,0.0,0.0,0.0,0.0,65.6,0,120,58,53,65476,0,300,0,0,8,20529,65476,0,0,57672,80.0,0.0,0.0,0.0,0.0,0.0
2026-06-18T02:42:00,ERR,ERR,ERR,ERR,ERR,ERR,ERR,ERR,ERR,ERR,ERR,ERR,ERR,ERR,ERR,ERR,ERR,ERR,ERR,ERR,ERR,ERR,ERR,ERR,ERR,ERR,ERR,ERR,ERR,ERR,ERR,ERR,ERR,ERR,ERR,ERR,ERR,ERR,ERR,ERR,ERR,ERR,ERR,ERR,ERR,ERR,ERR,ERR,ERR,ERR,ERR,ERR,ERR,ERR,ERR,ERR,ERR,ERR,ERR,ERR,ERR,ERR,ERR,ERR,ERR,ERR,ERR,ERR,ERR,ERR,ERR,ERR,ERR,ERR,ERR,ERR,ERR,ERR,ERR,ERR,ERR,ERR,ERR,ERR,ERR,ERR,ERR,ERR,ERR,ERR,ERR,ERR,ERR,ERR,ERR,ERR,ERR,ERR,ERR,ERR,ERR,ERR,ERR,ERR,ERR,ERR,ERR,ERR,ERR,ERR,ERR,ERR,ERR,ERR,ERR,ERR,ERR,ERR,ERR,ERR,ERR,ERR,ERR,ERR,ERR,2.7184312818759872e+23,0.0,0.0,2.718290229135658e+23,-1.592,1.3936040501711995e+18,7.805,-0.0,0,0,4,48961,6720,14723890282496.0,100,0.0,0.0,0.0,0.059,0.0,0,0,0,0,0.0,0,0,0,0,0,0,0,0,0,0,0,0,0,0,0,0,0,0,0,0,0,0,0,0,0,0,0,0,0,0,0,0,0,26,51,50,76,65476,0,300,0,0,8,21553,0.0,-107605600.0,0.0,0.0,0.0,0.0,0.0,0.0,0.0,0.0,0.0,0.0,0.0,0.0,0.0,0.0,0.0,0.0,0.0,0.0,0.0,0.0,-2.004,0.0,-2.004,-2.004,0.0,0.0,0.0,0.0,4793.0,-1.587928030851661e+29,7294.0,2.7184312818759872e+23,0.0,-0.0,2.718431101732002e+23,0.0,0.0,0.0,0.0,77,-2.7184302010120766e+23,-3.2219994468298344e+26,0.0,0.0,0.0,0.0,0.0,0.0,0.0,0,0,0,0.0,0.0,0.0,0.0,0.0,0.0,0.0,0.0,0.0,0.0,0.0,0.0,0.0,0.0,0.0,0.0,0,-107875648.0,77,0.0,154,0.0,0.0,ERR,ERR,ERR,ERR,ERR,ERR,ERR,ERR,ERR,ERR,ERR,ERR,ERR,ERR,ERR,ERR,ERR,ERR,ERR,ERR,ERR,ERR,ERR,ERR,ERR,ERR,ERR,ERR,ERR,ERR,ERR,ERR,ERR,ERR,ERR,ERR,ERR,ERR,ERR,ERR,ERR,ERR,ERR,ERR,ERR,ERR,ERR,ERR,ERR,ERR,ERR,ERR,ERR,ERR,ERR,ERR,ERR,ERR,ERR,ERR,ERR,ERR,ERR,ERR,ERR,ERR,ERR,34.0,80.0,35,0.0,0.0,0.0,0.0,0.0,0.0,0.0,0.0,0.0,0.0,0.0,0.0,0.0,0.0,0.0,0.0,65.6,0,120,58,53,65476,0,300,0,0,8,20529,65476,0,0,57672,80.0,0.0,0.0,0.0,0.0,0.0
2026-06-18T02:42:01,ERR,ERR,ERR,ERR,ERR,ERR,ERR,ERR,ERR,ERR,ERR,ERR,ERR,ERR,ERR,ERR,ERR,ERR,ERR,ERR,ERR,ERR,ERR,ERR,ERR,ERR,ERR,ERR,ERR,ERR,ERR,ERR,ERR,ERR,ERR,ERR,ERR,ERR,ERR,ERR,ERR,ERR,ERR,ERR,ERR,ERR,ERR,ERR,ERR,ERR,ERR,ERR,ERR,ERR,ERR,ERR,ERR,ERR,ERR,ERR,ERR,ERR,ERR,ERR,ERR,ERR,ERR,ERR,ERR,ERR,ERR,ERR,ERR,ERR,ERR,ERR,ERR,ERR,ERR,ERR,ERR,ERR,ERR,ERR,ERR,ERR,ERR,ERR,ERR,ERR,ERR,ERR,ERR,ERR,ERR,ERR,ERR,ERR,ERR,ERR,ERR,ERR,ERR,ERR,ERR,ERR,ERR,ERR,ERR,ERR,ERR,ERR,ERR,ERR,ERR,ERR,ERR,ERR,ERR,ERR,ERR,ERR,ERR,ERR,ERR,2.7184312818759872e+23,0.0,0.0,2.718290229135658e+23,-1.592,1.3936040501711995e+18,7.805,-0.0,0,0,4,48961,6720,14723890282496.0,100,0.0,0.0,0.0,0.059,0.0,0,0,0,0,0.0,0,0,0,0,0,0,0,0,0,0,0,0,0,0,0,0,0,0,0,0,0,0,0,0,0,0,0,0,0,0,0,0,0,26,51,50,76,65476,0,300,0,0,8,21553,0.0,-107605600.0,0.0,0.0,0.0,0.0,0.0,0.0,0.0,0.0,0.0,0.0,0.0,0.0,0.0,0.0,0.0,0.0,0.0,0.0,0.0,0.0,-2.004,0.0,-2.004,-2.004,0.0,0.0,0.0,0.0,4793.0,-1.587928030851661e+29,7294.0,2.7184312818759872e+23,0.0,-0.0,2.718431101732002e+23,0.0,0.0,0.0,0.0,77,-2.7184302010120766e+23,-3.2219994468298344e+26,0.0,0.0,0.0,0.0,0.0,0.0,0.0,0,0,0,0.0,0.0,0.0,0.0,0.0,0.0,0.0,0.0,0.0,0.0,0.0,0.0,0.0,0.0,0.0,0.0,0,-107875648.0,77,0.0,154,0.0,0.0,ERR,ERR,ERR,ERR,ERR,ERR,ERR,ERR,ERR,ERR,ERR,ERR,ERR,ERR,ERR,ERR,ERR,ERR,ERR,ERR,ERR,ERR,ERR,ERR,ERR,ERR,ERR,ERR,ERR,ERR,ERR,ERR,ERR,ERR,ERR,ERR,ERR,ERR,ERR,ERR,ERR,ERR,ERR,ERR,ERR,ERR,ERR,ERR,ERR,ERR,ERR,ERR,ERR,ERR,ERR,ERR,ERR,ERR,ERR,ERR,ERR,ERR,ERR,ERR,ERR,ERR,ERR,34.0,80.0,35,0.0,0.0,0.0,0.0,0.0,0.0,0.0,0.0,0.0,0.0,0.0,0.0,0.0,0.0,0.0,0.0,65.6,0,120,58,53,65476,0,300,0,0,8,20529,65476,0,0,57672,80.0,0.0,0.0,0.0,0.0,0.0
2026-06-18T02:42:02,ERR,ERR,ERR,ERR,ERR,ERR,ERR,ERR,ERR,ERR,ERR,ERR,ERR,ERR,ERR,ERR,ERR,ERR,ERR,ERR,ERR,ERR,ERR,ERR,ERR,ERR,ERR,ERR,ERR,ERR,ERR,ERR,ERR,ERR,ERR,ERR,ERR,ERR,ERR,ERR,ERR,ERR,ERR,ERR,ERR,ERR,ERR,ERR,ERR,ERR,ERR,ERR,ERR,ERR,ERR,ERR,ERR,ERR,ERR,ERR,ERR,ERR,ERR,ERR,ERR,ERR,ERR,ERR,ERR,ERR,ERR,ERR,ERR,ERR,ERR,ERR,ERR,ERR,ERR,ERR,ERR,ERR,ERR,ERR,ERR,ERR,ERR,ERR,ERR,ERR,ERR,ERR,ERR,ERR,ERR,ERR,ERR,ERR,ERR,ERR,ERR,ERR,ERR,ERR,ERR,ERR,ERR,ERR,ERR,ERR,ERR,ERR,ERR,ERR,ERR,ERR,ERR,ERR,ERR,ERR,ERR,ERR,ERR,ERR,ERR,2.7184312818759872e+23,0.0,0.0,2.718290229135658e+23,-1.592,1.3936040501711995e+18,7.805,-0.0,0,0,4,48961,6720,14723890282496.0,100,0.0,0.0,0.0,0.059,0.0,0,0,0,0,0.0,0,0,0,0,0,0,0,0,0,0,0,0,0,0,0,0,0,0,0,0,0,0,0,0,0,0,0,0,0,0,0,0,0,26,51,50,76,65476,0,300,0,0,8,21553,0.0,-107605600.0,0.0,0.0,0.0,0.0,0.0,0.0,0.0,0.0,0.0,0.0,0.0,0.0,0.0,0.0,0.0,0.0,0.0,0.0,0.0,0.0,-2.004,0.0,-2.004,-2.004,0.0,0.0,0.0,0.0,4793.0,-1.587928030851661e+29,7294.0,2.7184312818759872e+23,0.0,-0.0,2.718431101732002e+23,0.0,0.0,0.0,0.0,77,-2.7184302010120766e+23,-3.2219994468298344e+26,0.0,0.0,0.0,0.0,0.0,0.0,0.0,0,0,0,0.0,0.0,0.0,0.0,0.0,0.0,0.0,0.0,0.0,0.0,0.0,0.0,0.0,0.0,0.0,0.0,0,-107875648.0,77,0.0,154,0.0,0.0,ERR,ERR,ERR,ERR,ERR,ERR,ERR,ERR,ERR,ERR,ERR,ERR,ERR,ERR,ERR,ERR,ERR,ERR,ERR,ERR,ERR,ERR,ERR,ERR,ERR,ERR,ERR,ERR,ERR,ERR,ERR,ERR,ERR,ERR,ERR,ERR,ERR,ERR,ERR,ERR,ERR,ERR,ERR,ERR,ERR,ERR,ERR,ERR,ERR,ERR,ERR,ERR,ERR,ERR,ERR,ERR,ERR,ERR,ERR,ERR,ERR,ERR,ERR,ERR,ERR,ERR,ERR,34.0,80.0,35,0.0,0.0,0.0,0.0,0.0,0.0,0.0,0.0,0.0,0.0,0.0,0.0,0.0,0.0,0.0,0.0,66.4,0,120,58,53,65476,0,300,0,0,8,20529,65476,0,0,57672,80.0,0.0,0.0,0.0,0.0,0.0
2026-06-18T02:42:03,ERR,ERR,ERR,ERR,ERR,ERR,ERR,ERR,ERR,ERR,ERR,ERR,ERR,ERR,ERR,ERR,ERR,ERR,ERR,ERR,ERR,ERR,ERR,ERR,ERR,ERR,ERR,ERR,ERR,ERR,ERR,ERR,ERR,ERR,ERR,ERR,ERR,ERR,ERR,ERR,ERR,ERR,ERR,ERR,ERR,ERR,ERR,ERR,ERR,ERR,ERR,ERR,ERR,ERR,ERR,ERR,ERR,ERR,ERR,ERR,ERR,ERR,ERR,ERR,ERR,ERR,ERR,ERR,ERR,ERR,ERR,ERR,ERR,ERR,ERR,ERR,ERR,ERR,ERR,ERR,ERR,ERR,ERR,ERR,ERR,ERR,ERR,ERR,ERR,ERR,ERR,ERR,ERR,ERR,ERR,ERR,ERR,ERR,ERR,ERR,ERR,ERR,ERR,ERR,ERR,ERR,ERR,ERR,ERR,ERR,ERR,ERR,ERR,ERR,ERR,ERR,ERR,ERR,ERR,ERR,ERR,ERR,ERR,ERR,ERR,2.7184312818759872e+23,0.0,0.0,2.718290229135658e+23,-1.592,1.3936040501711995e+18,7.805,-0.0,0,0,4,48961,6720,14723890282496.0,100,0.0,0.0,0.0,0.059,0.0,0,0,0,0,0.0,0,0,0,0,0,0,0,0,0,0,0,0,0,0,0,0,0,0,0,0,0,0,0,0,0,0,0,0,0,0,0,0,0,26,51,50,76,65476,0,300,0,0,8,21553,0.0,-107605600.0,0.0,0.0,0.0,0.0,0.0,0.0,0.0,0.0,0.0,0.0,0.0,0.0,0.0,0.0,0.0,0.0,0.0,0.0,0.0,0.0,-2.004,0.0,-2.004,-2.004,0.0,0.0,0.0,0.0,4793.0,-1.587928030851661e+29,7294.0,2.7184312818759872e+23,0.0,-0.0,2.718431101732002e+23,0.0,0.0,0.0,0.0,77,-2.7184302010120766e+23,-3.2219994468298344e+26,0.0,0.0,0.0,0.0,0.0,0.0,0.0,0,0,0,0.0,0.0,0.0,0.0,0.0,0.0,0.0,0.0,0.0,0.0,0.0,0.0,0.0,0.0,0.0,0.0,0,-107875648.0,77,0.0,154,0.0,0.0,ERR,ERR,ERR,ERR,ERR,ERR,ERR,ERR,ERR,ERR,ERR,ERR,ERR,ERR,ERR,ERR,ERR,ERR,ERR,ERR,ERR,ERR,ERR,ERR,ERR,ERR,ERR,ERR,ERR,ERR,ERR,ERR,ERR,ERR,ERR,ERR,ERR,ERR,ERR,ERR,ERR,ERR,ERR,ERR,ERR,ERR,ERR,ERR,ERR,ERR,ERR,ERR,ERR,ERR,ERR,ERR,ERR,ERR,ERR,ERR,ERR,ERR,ERR,ERR,ERR,ERR,ERR,34.0,80.0,35,0.0,0.0,0.0,0.0,0.0,0.0,0.0,0.0,0.0,0.0,0.0,0.0,0.0,0.0,0.0,0.0,66.4,0,120,58,53,65476,0,300,0,0,8,20529,65476,0,0,57672,80.0,0.0,0.0,0.0,0.0,0.0
2026-06-18T02:42:04,ERR,ERR,ERR,ERR,ERR,ERR,ERR,ERR,ERR,ERR,ERR,ERR,ERR,ERR,ERR,ERR,ERR,ERR,ERR,ERR,ERR,ERR,ERR,ERR,ERR,ERR,ERR,ERR,ERR,ERR,ERR,ERR,ERR,ERR,ERR,ERR,ERR,ERR,ERR,ERR,ERR,ERR,ERR,ERR,ERR,ERR,ERR,ERR,ERR,ERR,ERR,ERR,ERR,ERR,ERR,ERR,ERR,ERR,ERR,ERR,ERR,ERR,ERR,ERR,ERR,ERR,ERR,ERR,ERR,ERR,ERR,ERR,ERR,ERR,ERR,ERR,ERR,ERR,ERR,ERR,ERR,ERR,ERR,ERR,ERR,ERR,ERR,ERR,ERR,ERR,ERR,ERR,ERR,ERR,ERR,ERR,ERR,ERR,ERR,ERR,ERR,ERR,ERR,ERR,ERR,ERR,ERR,ERR,ERR,ERR,ERR,ERR,ERR,ERR,ERR,ERR,ERR,ERR,ERR,ERR,ERR,ERR,ERR,ERR,ERR,2.7184312818759872e+23,0.0,0.0,2.718290229135658e+23,-1.592,1.3936040501711995e+18,7.805,-0.0,0,0,4,48961,6720,14723890282496.0,100,0.0,0.0,0.0,0.059,0.0,0,0,0,0,0.0,0,0,0,0,0,0,0,0,0,0,0,0,0,0,0,0,0,0,0,0,0,0,0,0,0,0,0,0,0,0,0,0,0,26,51,50,76,65476,0,300,0,0,8,21553,0.0,-107605600.0,0.0,0.0,0.0,0.0,0.0,0.0,0.0,0.0,0.0,0.0,0.0,0.0,0.0,0.0,0.0,0.0,0.0,0.0,0.0,0.0,-2.004,0.0,-2.004,-2.004,0.0,0.0,0.0,0.0,4793.0,-1.587928030851661e+29,7294.0,2.7184312818759872e+23,0.0,-0.0,2.718431101732002e+23,0.0,0.0,0.0,0.0,77,-2.7184302010120766e+23,-3.2219994468298344e+26,0.0,0.0,0.0,0.0,0.0,0.0,0.0,0,0,0,0.0,0.0,0.0,0.0,0.0,0.0,0.0,0.0,0.0,0.0,0.0,0.0,0.0,0.0,0.0,0.0,0,-107875648.0,77,0.0,154,0.0,0.0,ERR,ERR,ERR,ERR,ERR,ERR,ERR,ERR,ERR,ERR,ERR,ERR,ERR,ERR,ERR,ERR,ERR,ERR,ERR,ERR,ERR,ERR,ERR,ERR,ERR,ERR,ERR,ERR,ERR,ERR,ERR,ERR,ERR,ERR,ERR,ERR,ERR,ERR,ERR,ERR,ERR,ERR,ERR,ERR,ERR,ERR,ERR,ERR,ERR,ERR,ERR,ERR,ERR,ERR,ERR,ERR,ERR,ERR,ERR,ERR,ERR,ERR,ERR,ERR,ERR,ERR,ERR,34.0,80.0,35,0.0,0.0,0.0,0.0,0.0,0.0,0.0,0.0,0.0,0.0,0.0,0.0,0.0,0.0,0.0,0.0,66.0,0,120,58,53,65476,0,300,0,0,8,20529,65476,0,0,57672,80.0,0.0,0.0,0.0,0.0,0.0
2026-06-18T02:42:05,ERR,ERR,ERR,ERR,ERR,ERR,ERR,ERR,ERR,ERR,ERR,ERR,ERR,ERR,ERR,ERR,ERR,ERR,ERR,ERR,ERR,ERR,ERR,ERR,ERR,ERR,ERR,ERR,ERR,ERR,ERR,ERR,ERR,ERR,ERR,ERR,ERR,ERR,ERR,ERR,ERR,ERR,ERR,ERR,ERR,ERR,ERR,ERR,ERR,ERR,ERR,ERR,ERR,ERR,ERR,ERR,ERR,ERR,ERR,ERR,ERR,ERR,ERR,ERR,ERR,ERR,ERR,ERR,ERR,ERR,ERR,ERR,ERR,ERR,ERR,ERR,ERR,ERR,ERR,ERR,ERR,ERR,ERR,ERR,ERR,ERR,ERR,ERR,ERR,ERR,ERR,ERR,ERR,ERR,ERR,ERR,ERR,ERR,ERR,ERR,ERR,ERR,ERR,ERR,ERR,ERR,ERR,ERR,ERR,ERR,ERR,ERR,ERR,ERR,ERR,ERR,ERR,ERR,ERR,ERR,ERR,ERR,ERR,ERR,ERR,2.7184312818759872e+23,0.0,0.0,-0.0,nan,1.3936040501711995e+18,7.805,1.203397215123588e+25,0,0,4,48961,6720,14723890282496.0,100,0.0,0.0,0.0,-0.0,0.0,0,0,0,0,0.0,0,0,0,0,0,0,0,0,0,0,0,0,0,0,0,0,0,0,0,0,0,0,0,0,0,0,0,0,0,0,0,0,0,26,51,50,76,65476,0,300,0,0,8,21553,0.0,-107605600.0,0.0,0.0,0.0,0.0,0.0,0.0,0.0,0.0,0.0,0.0,0.0,0.0,0.0,0.0,0.0,0.0,0.0,0.0,0.0,0.0,-2.004,0.0,-2.004,-2.004,0.0,0.0,0.0,0.0,4829.0,0.0,7236.0,2.7184312818759872e+23,0.0,-0.0,-0.0,0.0,0.0,0.0,0.0,77,-4.0668804810561766e+29,0.0,0.0,0.0,0.0,0.0,0.0,0.0,0.0,0,0,0,0.0,0.0,0.0,0.0,0.0,0.0,0.0,0.0,0.0,0.0,0.0,0.0,0.0,0.0,0.0,0.0,0,-107875648.0,77,0.0,154,0.0,0.0,ERR,ERR,ERR,ERR,ERR,ERR,ERR,ERR,ERR,ERR,ERR,ERR,ERR,ERR,ERR,ERR,ERR,ERR,ERR,ERR,ERR,ERR,ERR,ERR,ERR,ERR,ERR,ERR,ERR,ERR,ERR,ERR,ERR,ERR,ERR,ERR,ERR,ERR,ERR,ERR,ERR,ERR,ERR,ERR,ERR,ERR,ERR,ERR,ERR,ERR,ERR,ERR,ERR,ERR,ERR,ERR,ERR,ERR,ERR,ERR,ERR,ERR,ERR,ERR,ERR,ERR,ERR,34.0,80.0,35,0.0,0.0,0.0,0.0,0.0,0.0,0.0,0.0,0.0,0.0,0.0,0.0,0.0,0.0,0.0,0.0,65.6,0,120,58,53,65476,0,300,0,0,8,20529,65476,0,0,57672,80.0,0.0,0.0,0.0,0.0,0.0
2026-06-18T02:42:06,ERR,ERR,ERR,ERR,ERR,ERR,ERR,ERR,ERR,ERR,ERR,ERR,ERR,ERR,ERR,ERR,ERR,ERR,ERR,ERR,ERR,ERR,ERR,ERR,ERR,ERR,ERR,ERR,ERR,ERR,ERR,ERR,ERR,ERR,ERR,ERR,ERR,ERR,ERR,ERR,ERR,ERR,ERR,ERR,ERR,ERR,ERR,ERR,ERR,ERR,ERR,ERR,ERR,ERR,ERR,ERR,ERR,ERR,ERR,ERR,ERR,ERR,ERR,ERR,ERR,ERR,ERR,ERR,ERR,ERR,ERR,ERR,ERR,ERR,ERR,ERR,ERR,ERR,ERR,ERR,ERR,ERR,ERR,ERR,ERR,ERR,ERR,ERR,ERR,ERR,ERR,ERR,ERR,ERR,ERR,ERR,ERR,ERR,ERR,ERR,ERR,ERR,ERR,ERR,ERR,ERR,ERR,ERR,ERR,ERR,ERR,ERR,ERR,ERR,ERR,ERR,ERR,ERR,ERR,ERR,ERR,ERR,ERR,ERR,ERR,2.7184312818759872e+23,0.0,0.0,-0.0,nan,1.3936040501711995e+18,7.805,1.203397215123588e+25,0,0,4,48961,6720,14723890282496.0,100,0.0,0.0,0.0,-0.0,0.0,0,0,0,0,0.0,0,0,0,0,0,0,0,0,0,0,0,0,0,0,0,0,0,0,0,0,0,0,0,0,0,0,0,0,0,0,0,0,0,26,51,50,76,65476,0,300,0,0,8,21553,0.0,-107605600.0,0.0,0.0,0.0,0.0,0.0,0.0,0.0,0.0,0.0,0.0,0.0,0.0,0.0,0.0,0.0,0.0,0.0,0.0,0.0,0.0,-2.004,0.0,-2.004,-2.004,0.0,0.0,0.0,0.0,4829.0,0.0,7236.0,2.7184312818759872e+23,0.0,-0.0,-0.0,0.0,0.0,0.0,0.0,77,-4.0668804810561766e+29,0.0,0.0,0.0,0.0,0.0,0.0,0.0,0.0,0,0,0,0.0,0.0,0.0,0.0,0.0,0.0,0.0,0.0,0.0,0.0,0.0,0.0,0.0,0.0,0.0,0.0,0,-107875648.0,77,0.0,154,0.0,0.0,ERR,ERR,ERR,ERR,ERR,ERR,ERR,ERR,ERR,ERR,ERR,ERR,ERR,ERR,ERR,ERR,ERR,ERR,ERR,ERR,ERR,ERR,ERR,ERR,ERR,ERR,ERR,ERR,ERR,ERR,ERR,ERR,ERR,ERR,ERR,ERR,ERR,ERR,ERR,ERR,ERR,ERR,ERR,ERR,ERR,ERR,ERR,ERR,ERR,ERR,ERR,ERR,ERR,ERR,ERR,ERR,ERR,ERR,ERR,ERR,ERR,ERR,ERR,ERR,ERR,ERR,ERR,34.0,80.0,35,0.0,0.0,0.0,0.0,0.0,0.0,0.0,0.0,0.0,0.0,0.0,0.0,0.0,0.0,0.0,0.0,65.6,0,120,58,53,65476,0,300,0,0,8,20529,65476,0,0,57672,80.0,0.0,0.0,0.0,0.0,0.0
2026-06-18T02:42:07,ERR,ERR,ERR,ERR,ERR,ERR,ERR,ERR,ERR,ERR,ERR,ERR,ERR,ERR,ERR,ERR,ERR,ERR,ERR,ERR,ERR,ERR,ERR,ERR,ERR,ERR,ERR,ERR,ERR,ERR,ERR,ERR,ERR,ERR,ERR,ERR,ERR,ERR,ERR,ERR,ERR,ERR,ERR,ERR,ERR,ERR,ERR,ERR,ERR,ERR,ERR,ERR,ERR,ERR,ERR,ERR,ERR,ERR,ERR,ERR,ERR,ERR,ERR,ERR,ERR,ERR,ERR,ERR,ERR,ERR,ERR,ERR,ERR,ERR,ERR,ERR,ERR,ERR,ERR,ERR,ERR,ERR,ERR,ERR,ERR,ERR,ERR,ERR,ERR,ERR,ERR,ERR,ERR,ERR,ERR,ERR,ERR,ERR,ERR,ERR,ERR,ERR,ERR,ERR,ERR,ERR,ERR,ERR,ERR,ERR,ERR,ERR,ERR,ERR,ERR,ERR,ERR,ERR,ERR,ERR,ERR,ERR,ERR,ERR,ERR,2.7184312818759872e+23,0.0,0.0,-0.0,nan,1.3936040501711995e+18,7.805,1.203397215123588e+25,0,0,4,48961,6720,14723890282496.0,100,0.0,0.0,0.0,-0.0,0.0,0,0,0,0,0.0,0,0,0,0,0,0,0,0,0,0,0,0,0,0,0,0,0,0,0,0,0,0,0,0,0,0,0,0,0,0,0,0,0,26,51,50,76,65476,0,300,0,0,8,21553,0.0,-107605600.0,0.0,0.0,0.0,0.0,0.0,0.0,0.0,0.0,0.0,0.0,0.0,0.0,0.0,0.0,0.0,0.0,0.0,0.0,0.0,0.0,-2.004,0.0,-2.004,-2.004,0.0,0.0,0.0,0.0,4829.0,0.0,7236.0,2.7184312818759872e+23,0.0,-0.0,-0.0,0.0,0.0,0.0,0.0,77,-4.0668804810561766e+29,0.0,0.0,0.0,0.0,0.0,0.0,0.0,0.0,0,0,0,0.0,0.0,0.0,0.0,0.0,0.0,0.0,0.0,0.0,0.0,0.0,0.0,0.0,0.0,0.0,0.0,0,-107875648.0,77,0.0,154,0.0,0.0,ERR,ERR,ERR,ERR,ERR,ERR,ERR,ERR,ERR,ERR,ERR,ERR,ERR,ERR,ERR,ERR,ERR,ERR,ERR,ERR,ERR,ERR,ERR,ERR,ERR,ERR,ERR,ERR,ERR,ERR,ERR,ERR,ERR,ERR,ERR,ERR,ERR,ERR,ERR,ERR,ERR,ERR,ERR,ERR,ERR,ERR,ERR,ERR,ERR,ERR,ERR,ERR,ERR,ERR,ERR,ERR,ERR,ERR,ERR,ERR,ERR,ERR,ERR,ERR,ERR,ERR,ERR,34.0,80.0,35,0.0,0.0,0.0,0.0,0.0,0.0,0.0,0.0,0.0,0.0,0.0,0.0,0.0,0.0,0.0,0.0,66.4,0,120,58,53,65476,0,300,0,0,8,20529,65476,0,0,57672,80.0,0.0,0.0,0.0,0.0,0.0
2026-06-18T02:42:08,ERR,ERR,ERR,ERR,ERR,ERR,ERR,ERR,ERR,ERR,ERR,ERR,ERR,ERR,ERR,ERR,ERR,ERR,ERR,ERR,ERR,ERR,ERR,ERR,ERR,ERR,ERR,ERR,ERR,ERR,ERR,ERR,ERR,ERR,ERR,ERR,ERR,ERR,ERR,ERR,ERR,ERR,ERR,ERR,ERR,ERR,ERR,ERR,ERR,ERR,ERR,ERR,ERR,ERR,ERR,ERR,ERR,ERR,ERR,ERR,ERR,ERR,ERR,ERR,ERR,ERR,ERR,ERR,ERR,ERR,ERR,ERR,ERR,ERR,ERR,ERR,ERR,ERR,ERR,ERR,ERR,ERR,ERR,ERR,ERR,ERR,ERR,ERR,ERR,ERR,ERR,ERR,ERR,ERR,ERR,ERR,ERR,ERR,ERR,ERR,ERR,ERR,ERR,ERR,ERR,ERR,ERR,ERR,ERR,ERR,ERR,ERR,ERR,ERR,ERR,ERR,ERR,ERR,ERR,ERR,ERR,ERR,ERR,ERR,ERR,2.7184312818759872e+23,0.0,0.0,-0.0,nan,1.3936040501711995e+18,7.805,1.203397215123588e+25,0,0,4,48961,6720,14723890282496.0,100,0.0,0.0,0.0,-0.0,0.0,0,0,0,0,0.0,0,0,0,0,0,0,0,0,0,0,0,0,0,0,0,0,0,0,0,0,0,0,0,0,0,0,0,0,0,0,0,0,0,26,51,50,76,65476,0,300,0,0,8,21553,0.0,-107605600.0,0.0,0.0,0.0,0.0,0.0,0.0,0.0,0.0,0.0,0.0,0.0,0.0,0.0,0.0,0.0,0.0,0.0,0.0,0.0,0.0,-2.004,0.0,-2.004,-2.004,0.0,0.0,0.0,0.0,4829.0,0.0,7236.0,2.7184312818759872e+23,0.0,-0.0,-0.0,0.0,0.0,0.0,0.0,77,-4.0668804810561766e+29,0.0,0.0,0.0,0.0,0.0,0.0,0.0,0.0,0,0,0,0.0,0.0,0.0,0.0,0.0,0.0,0.0,0.0,0.0,0.0,0.0,0.0,0.0,0.0,0.0,0.0,0,-107875648.0,77,0.0,154,0.0,0.0,ERR,ERR,ERR,ERR,ERR,ERR,ERR,ERR,ERR,ERR,ERR,ERR,ERR,ERR,ERR,ERR,ERR,ERR,ERR,ERR,ERR,ERR,ERR,ERR,ERR,ERR,ERR,ERR,ERR,ERR,ERR,ERR,ERR,ERR,ERR,ERR,ERR,ERR,ERR,ERR,ERR,ERR,ERR,ERR,ERR,ERR,ERR,ERR,ERR,ERR,ERR,ERR,ERR,ERR,ERR,ERR,ERR,ERR,ERR,ERR,ERR,ERR,ERR,ERR,ERR,ERR,ERR,34.0,80.0,35,0.0,0.0,0.0,0.0,0.0,0.0,0.0,0.0,0.0,0.0,0.0,0.0,0.0,0.0,0.0,0.0,66.4,0,120,58,53,65476,0,300,0,0,8,20529,65476,0,0,57672,80.0,0.0,0.0,0.0,0.0,0.0
2026-06-18T02:42:09,ERR,ERR,ERR,ERR,ERR,ERR,ERR,ERR,ERR,ERR,ERR,ERR,ERR,ERR,ERR,ERR,ERR,ERR,ERR,ERR,ERR,ERR,ERR,ERR,ERR,ERR,ERR,ERR,ERR,ERR,ERR,ERR,ERR,ERR,ERR,ERR,ERR,ERR,ERR,ERR,ERR,ERR,ERR,ERR,ERR,ERR,ERR,ERR,ERR,ERR,ERR,ERR,ERR,ERR,ERR,ERR,ERR,ERR,ERR,ERR,ERR,ERR,ERR,ERR,ERR,ERR,ERR,ERR,ERR,ERR,ERR,ERR,ERR,ERR,ERR,ERR,ERR,ERR,ERR,ERR,ERR,ERR,ERR,ERR,ERR,ERR,ERR,ERR,ERR,ERR,ERR,ERR,ERR,ERR,ERR,ERR,ERR,ERR,ERR,ERR,ERR,ERR,ERR,ERR,ERR,ERR,ERR,ERR,ERR,ERR,ERR,ERR,ERR,ERR,ERR,ERR,ERR,ERR,ERR,ERR,ERR,ERR,ERR,ERR,ERR,2.7184312818759872e+23,0.0,0.0,-0.0,nan,1.3936040501711995e+18,7.805,1.203397215123588e+25,0,0,4,48961,6720,14723890282496.0,100,0.0,0.0,0.0,-0.0,0.0,0,0,0,0,0.0,0,0,0,0,0,0,0,0,0,0,0,0,0,0,0,0,0,0,0,0,0,0,0,0,0,0,0,0,0,0,0,0,0,26,51,50,76,65476,0,300,0,0,8,21553,0.0,-107605600.0,0.0,0.0,0.0,0.0,0.0,0.0,0.0,0.0,0.0,0.0,0.0,0.0,0.0,0.0,0.0,0.0,0.0,0.0,0.0,0.0,-2.004,0.0,-2.004,-2.004,0.0,0.0,0.0,0.0,4829.0,0.0,7236.0,2.7184312818759872e+23,0.0,-0.0,-0.0,0.0,0.0,0.0,0.0,77,-4.0668804810561766e+29,0.0,0.0,0.0,0.0,0.0,0.0,0.0,0.0,0,0,0,0.0,0.0,0.0,0.0,0.0,0.0,0.0,0.0,0.0,0.0,0.0,0.0,0.0,0.0,0.0,0.0,0,-107875648.0,77,0.0,154,0.0,0.0,ERR,ERR,ERR,ERR,ERR,ERR,ERR,ERR,ERR,ERR,ERR,ERR,ERR,ERR,ERR,ERR,ERR,ERR,ERR,ERR,ERR,ERR,ERR,ERR,ERR,ERR,ERR,ERR,ERR,ERR,ERR,ERR,ERR,ERR,ERR,ERR,ERR,ERR,ERR,ERR,ERR,ERR,ERR,ERR,ERR,ERR,ERR,ERR,ERR,ERR,ERR,ERR,ERR,ERR,ERR,ERR,ERR,ERR,ERR,ERR,ERR,ERR,ERR,ERR,ERR,ERR,ERR,34.0,80.0,35,0.0,0.0,0.0,0.0,0.0,0.0,0.0,0.0,0.0,0.0,0.0,0.0,0.0,0.0,0.0,0.0,65.6,0,120,58,53,65476,0,300,0,0,8,20529,65476,0,0,57672,80.0,0.0,0.0,0.0,0.0,0.0
2026-06-18T02:42:10,ERR,ERR,ERR,ERR,ERR,ERR,ERR,ERR,ERR,ERR,ERR,ERR,ERR,ERR,ERR,ERR,ERR,ERR,ERR,ERR,ERR,ERR,ERR,ERR,ERR,ERR,ERR,ERR,ERR,ERR,ERR,ERR,ERR,ERR,ERR,ERR,ERR,ERR,ERR,ERR,ERR,ERR,ERR,ERR,ERR,ERR,ERR,ERR,ERR,ERR,ERR,ERR,ERR,ERR,ERR,ERR,ERR,ERR,ERR,ERR,ERR,ERR,ERR,ERR,ERR,ERR,ERR,ERR,ERR,ERR,ERR,ERR,ERR,ERR,ERR,ERR,ERR,ERR,ERR,ERR,ERR,ERR,ERR,ERR,ERR,ERR,ERR,ERR,ERR,ERR,ERR,ERR,ERR,ERR,ERR,ERR,ERR,ERR,ERR,ERR,ERR,ERR,ERR,ERR,ERR,ERR,ERR,ERR,ERR,ERR,ERR,ERR,ERR,ERR,ERR,ERR,ERR,ERR,ERR,ERR,ERR,ERR,ERR,ERR,ERR,2.7184312818759872e+23,0.0,0.0,-152005385388032.0,1.6,1.3936040501711995e+18,7.805,0.0,0,0,4,48954,6720,14723890282496.0,100,0.0,0.0,0.0,-0.0,0.0,0,0,0,0,0.0,0,0,0,0,0,0,0,0,0,0,0,0,0,0,0,0,0,0,0,0,0,0,0,0,0,0,0,0,0,0,0,0,0,26,51,50,76,65476,0,300,0,0,8,21553,0.0,-107605600.0,0.0,0.0,0.0,0.0,0.0,0.0,0.0,0.0,0.0,0.0,0.0,0.0,0.0,0.0,0.0,0.0,0.0,0.0,0.0,0.0,-2.004,0.0,-2.004,-0.0,0.0,0.0,0.0,0.0,4830.0,0.0,7264.0,2.7184312818759872e+23,0.0,-0.0,-0.0,0.0,0.0,0.0,0.0,77,-5.848083809157084e+35,0.0,0.0,0.0,0.0,0.0,0.0,0.0,0.0,0,0,0,0.0,0.0,0.0,0.0,0.0,0.0,0.0,0.0,0.0,0.0,0.0,0.0,0.0,0.0,0.0,0.0,0,-107875648.0,77,0.0,154,0.0,0.0,ERR,ERR,ERR,ERR,ERR,ERR,ERR,ERR,ERR,ERR,ERR,ERR,ERR,ERR,ERR,ERR,ERR,ERR,ERR,ERR,ERR,ERR,ERR,ERR,ERR,ERR,ERR,ERR,ERR,ERR,ERR,ERR,ERR,ERR,ERR,ERR,ERR,ERR,ERR,ERR,ERR,ERR,ERR,ERR,ERR,ERR,ERR,ERR,ERR,ERR,ERR,ERR,ERR,ERR,ERR,ERR,ERR,ERR,ERR,ERR,ERR,ERR,ERR,ERR,ERR,ERR,ERR,34.0,80.0,35,0.0,0.0,0.0,0.0,0.0,0.0,0.0,0.0,0.0,0.0,0.0,0.0,0.0,0.0,0.0,0.0,65.6,0,120,58,53,65476,0,300,0,0,8,20529,65476,0,0,57672,80.0,0.0,0.0,0.0,0.0,0.0
2026-06-18T02:42:11,ERR,ERR,ERR,ERR,ERR,ERR,ERR,ERR,ERR,ERR,ERR,ERR,ERR,ERR,ERR,ERR,ERR,ERR,ERR,ERR,ERR,ERR,ERR,ERR,ERR,ERR,ERR,ERR,ERR,ERR,ERR,ERR,ERR,ERR,ERR,ERR,ERR,ERR,ERR,ERR,ERR,ERR,ERR,ERR,ERR,ERR,ERR,ERR,ERR,ERR,ERR,ERR,ERR,ERR,ERR,ERR,ERR,ERR,ERR,ERR,ERR,ERR,ERR,ERR,ERR,ERR,ERR,ERR,ERR,ERR,ERR,ERR,ERR,ERR,ERR,ERR,ERR,ERR,ERR,ERR,ERR,ERR,ERR,ERR,ERR,ERR,ERR,ERR,ERR,ERR,ERR,ERR,ERR,ERR,ERR,ERR,ERR,ERR,ERR,ERR,ERR,ERR,ERR,ERR,ERR,ERR,ERR,ERR,ERR,ERR,ERR,ERR,ERR,ERR,ERR,ERR,ERR,ERR,ERR,ERR,ERR,ERR,ERR,ERR,ERR,2.7184312818759872e+23,0.0,0.0,-152005385388032.0,1.6,1.3936040501711995e+18,7.805,0.0,0,0,4,48954,6720,14723890282496.0,100,0.0,0.0,0.0,-0.0,0.0,0,0,0,0,0.0,0,0,0,0,0,0,0,0,0,0,0,0,0,0,0,0,0,0,0,0,0,0,0,0,0,0,0,0,0,0,0,0,0,26,51,50,76,65476,0,300,0,0,8,21553,0.0,-107605600.0,0.0,0.0,0.0,0.0,0.0,0.0,0.0,0.0,0.0,0.0,0.0,0.0,0.0,0.0,0.0,0.0,0.0,0.0,0.0,0.0,-2.004,0.0,-2.004,-0.0,0.0,0.0,0.0,0.0,4830.0,0.0,7264.0,2.7184312818759872e+23,0.0,-0.0,-0.0,0.0,0.0,0.0,0.0,77,-5.848083809157084e+35,0.0,0.0,0.0,0.0,0.0,0.0,0.0,0.0,0,0,0,0.0,0.0,0.0,0.0,0.0,0.0,0.0,0.0,0.0,0.0,0.0,0.0,0.0,0.0,0.0,0.0,0,-107875648.0,77,0.0,154,0.0,0.0,ERR,ERR,ERR,ERR,ERR,ERR,ERR,ERR,ERR,ERR,ERR,ERR,ERR,ERR,ERR,ERR,ERR,ERR,ERR,ERR,ERR,ERR,ERR,ERR,ERR,ERR,ERR,ERR,ERR,ERR,ERR,ERR,ERR,ERR,ERR,ERR,ERR,ERR,ERR,ERR,ERR,ERR,ERR,ERR,ERR,ERR,ERR,ERR,ERR,ERR,ERR,ERR,ERR,ERR,ERR,ERR,ERR,ERR,ERR,ERR,ERR,ERR,ERR,ERR,ERR,ERR,ERR,34.0,80.0,35,0.0,0.0,0.0,0.0,0.0,0.0,0.0,0.0,0.0,0.0,0.0,0.0,0.0,0.0,0.0,0.0,65.6,0,120,58,53,65476,0,300,0,0,8,20529,65476,0,0,57672,80.0,0.0,0.0,0.0,0.0,0.0
2026-06-18T02:42:12,ERR,ERR,ERR,ERR,ERR,ERR,ERR,ERR,ERR,ERR,ERR,ERR,ERR,ERR,ERR,ERR,ERR,ERR,ERR,ERR,ERR,ERR,ERR,ERR,ERR,ERR,ERR,ERR,ERR,ERR,ERR,ERR,ERR,ERR,ERR,ERR,ERR,ERR,ERR,ERR,ERR,ERR,ERR,ERR,ERR,ERR,ERR,ERR,ERR,ERR,ERR,ERR,ERR,ERR,ERR,ERR,ERR,ERR,ERR,ERR,ERR,ERR,ERR,ERR,ERR,ERR,ERR,ERR,ERR,ERR,ERR,ERR,ERR,ERR,ERR,ERR,ERR,ERR,ERR,ERR,ERR,ERR,ERR,ERR,ERR,ERR,ERR,ERR,ERR,ERR,ERR,ERR,ERR,ERR,ERR,ERR,ERR,ERR,ERR,ERR,ERR,ERR,ERR,ERR,ERR,ERR,ERR,ERR,ERR,ERR,ERR,ERR,ERR,ERR,ERR,ERR,ERR,ERR,ERR,ERR,ERR,ERR,ERR,ERR,ERR,2.7184312818759872e+23,0.0,0.0,-152005385388032.0,1.6,1.3936040501711995e+18,7.805,0.0,0,0,4,48954,6720,14723890282496.0,100,0.0,0.0,0.0,-0.0,0.0,0,0,0,0,0.0,0,0,0,0,0,0,0,0,0,0,0,0,0,0,0,0,0,0,0,0,0,0,0,0,0,0,0,0,0,0,0,0,0,26,51,50,76,65476,0,300,0,0,8,21553,0.0,-107605600.0,0.0,0.0,0.0,0.0,0.0,0.0,0.0,0.0,0.0,0.0,0.0,0.0,0.0,0.0,0.0,0.0,0.0,0.0,0.0,0.0,-2.004,0.0,-2.004,-0.0,0.0,0.0,0.0,0.0,4830.0,0.0,7264.0,2.7184312818759872e+23,0.0,-0.0,-0.0,0.0,0.0,0.0,0.0,77,-5.848083809157084e+35,0.0,0.0,0.0,0.0,0.0,0.0,0.0,0.0,0,0,0,0.0,0.0,0.0,0.0,0.0,0.0,0.0,0.0,0.0,0.0,0.0,0.0,0.0,0.0,0.0,0.0,0,-107875648.0,77,0.0,154,0.0,0.0,ERR,ERR,ERR,ERR,ERR,ERR,ERR,ERR,ERR,ERR,ERR,ERR,ERR,ERR,ERR,ERR,ERR,ERR,ERR,ERR,ERR,ERR,ERR,ERR,ERR,ERR,ERR,ERR,ERR,ERR,ERR,ERR,ERR,ERR,ERR,ERR,ERR,ERR,ERR,ERR,ERR,ERR,ERR,ERR,ERR,ERR,ERR,ERR,ERR,ERR,ERR,ERR,ERR,ERR,ERR,ERR,ERR,ERR,ERR,ERR,ERR,ERR,ERR,ERR,ERR,ERR,ERR,34.0,80.0,35,0.0,0.0,0.0,0.0,0.0,0.0,0.0,0.0,0.0,0.0,0.0,0.0,0.0,0.0,0.0,0.0,65.6,0,120,58,53,65476,0,300,0,0,8,20529,65476,0,0,57672,80.0,0.0,0.0,0.0,0.0,0.0
2026-06-18T02:42:13,ERR,ERR,ERR,ERR,ERR,ERR,ERR,ERR,ERR,ERR,ERR,ERR,ERR,ERR,ERR,ERR,ERR,ERR,ERR,ERR,ERR,ERR,ERR,ERR,ERR,ERR,ERR,ERR,ERR,ERR,ERR,ERR,ERR,ERR,ERR,ERR,ERR,ERR,ERR,ERR,ERR,ERR,ERR,ERR,ERR,ERR,ERR,ERR,ERR,ERR,ERR,ERR,ERR,ERR,ERR,ERR,ERR,ERR,ERR,ERR,ERR,ERR,ERR,ERR,ERR,ERR,ERR,ERR,ERR,ERR,ERR,ERR,ERR,ERR,ERR,ERR,ERR,ERR,ERR,ERR,ERR,ERR,ERR,ERR,ERR,ERR,ERR,ERR,ERR,ERR,ERR,ERR,ERR,ERR,ERR,ERR,ERR,ERR,ERR,ERR,ERR,ERR,ERR,ERR,ERR,ERR,ERR,ERR,ERR,ERR,ERR,ERR,ERR,ERR,ERR,ERR,ERR,ERR,ERR,ERR,ERR,ERR,ERR,ERR,ERR,2.7184312818759872e+23,0.0,0.0,-152005385388032.0,1.6,1.3936040501711995e+18,7.805,0.0,0,0,4,48954,6720,14723890282496.0,100,0.0,0.0,0.0,-0.0,0.0,0,0,0,0,0.0,0,0,0,0,0,0,0,0,0,0,0,0,0,0,0,0,0,0,0,0,0,0,0,0,0,0,0,0,0,0,0,0,0,26,51,50,76,65476,0,300,0,0,8,21553,0.0,-107605600.0,0.0,0.0,0.0,0.0,0.0,0.0,0.0,0.0,0.0,0.0,0.0,0.0,0.0,0.0,0.0,0.0,0.0,0.0,0.0,0.0,-2.004,0.0,-2.004,-0.0,0.0,0.0,0.0,0.0,4830.0,0.0,7264.0,2.7184312818759872e+23,0.0,-0.0,-0.0,0.0,0.0,0.0,0.0,77,-5.848083809157084e+35,0.0,0.0,0.0,0.0,0.0,0.0,0.0,0.0,0,0,0,0.0,0.0,0.0,0.0,0.0,0.0,0.0,0.0,0.0,0.0,0.0,0.0,0.0,0.0,0.0,0.0,0,-107875648.0,77,0.0,154,0.0,0.0,ERR,ERR,ERR,ERR,ERR,ERR,ERR,ERR,ERR,ERR,ERR,ERR,ERR,ERR,ERR,ERR,ERR,ERR,ERR,ERR,ERR,ERR,ERR,ERR,ERR,ERR,ERR,ERR,ERR,ERR,ERR,ERR,ERR,ERR,ERR,ERR,ERR,ERR,ERR,ERR,ERR,ERR,ERR,ERR,ERR,ERR,ERR,ERR,ERR,ERR,ERR,ERR,ERR,ERR,ERR,ERR,ERR,ERR,ERR,ERR,ERR,ERR,ERR,ERR,ERR,ERR,ERR,34.0,80.0,35,0.0,0.0,0.0,0.0,0.0,0.0,0.0,0.0,0.0,0.0,0.0,0.0,0.0,0.0,0.0,0.0,65.6,0,120,58,53,65476,0,300,0,0,8,20529,65476,0,0,57672,80.0,0.0,0.0,0.0,0.0,0.0
2026-06-18T02:42:14,ERR,ERR,ERR,ERR,ERR,ERR,ERR,ERR,ERR,ERR,ERR,ERR,ERR,ERR,ERR,ERR,ERR,ERR,ERR,ERR,ERR,ERR,ERR,ERR,ERR,ERR,ERR,ERR,ERR,ERR,ERR,ERR,ERR,ERR,ERR,ERR,ERR,ERR,ERR,ERR,ERR,ERR,ERR,ERR,ERR,ERR,ERR,ERR,ERR,ERR,ERR,ERR,ERR,ERR,ERR,ERR,ERR,ERR,ERR,ERR,ERR,ERR,ERR,ERR,ERR,ERR,ERR,ERR,ERR,ERR,ERR,ERR,ERR,ERR,ERR,ERR,ERR,ERR,ERR,ERR,ERR,ERR,ERR,ERR,ERR,ERR,ERR,ERR,ERR,ERR,ERR,ERR,ERR,ERR,ERR,ERR,ERR,ERR,ERR,ERR,ERR,ERR,ERR,ERR,ERR,ERR,ERR,ERR,ERR,ERR,ERR,ERR,ERR,ERR,ERR,ERR,ERR,ERR,ERR,ERR,ERR,ERR,ERR,ERR,ERR,2.7184312818759872e+23,0.0,0.0,-152005385388032.0,1.6,1.3936040501711995e+18,7.805,0.0,0,0,4,48954,6720,14723890282496.0,100,0.0,0.0,0.0,-0.0,0.0,0,0,0,0,0.0,0,0,0,0,0,0,0,0,0,0,0,0,0,0,0,0,0,0,0,0,0,0,0,0,0,0,0,0,0,0,0,0,0,26,51,50,76,65476,0,300,0,0,8,21553,0.0,-107605600.0,0.0,0.0,0.0,0.0,0.0,0.0,0.0,0.0,0.0,0.0,0.0,0.0,0.0,0.0,0.0,0.0,0.0,0.0,0.0,0.0,-2.004,0.0,-2.004,-0.0,0.0,0.0,0.0,0.0,4830.0,0.0,7264.0,2.7184312818759872e+23,0.0,-0.0,-0.0,0.0,0.0,0.0,0.0,77,-5.848083809157084e+35,0.0,0.0,0.0,0.0,0.0,0.0,0.0,0.0,0,0,0,0.0,0.0,0.0,0.0,0.0,0.0,0.0,0.0,0.0,0.0,0.0,0.0,0.0,0.0,0.0,0.0,0,-107875648.0,77,0.0,154,0.0,0.0,ERR,ERR,ERR,ERR,ERR,ERR,ERR,ERR,ERR,ERR,ERR,ERR,ERR,ERR,ERR,ERR,ERR,ERR,ERR,ERR,ERR,ERR,ERR,ERR,ERR,ERR,ERR,ERR,ERR,ERR,ERR,ERR,ERR,ERR,ERR,ERR,ERR,ERR,ERR,ERR,ERR,ERR,ERR,ERR,ERR,ERR,ERR,ERR,ERR,ERR,ERR,ERR,ERR,ERR,ERR,ERR,ERR,ERR,ERR,ERR,ERR,ERR,ERR,ERR,ERR,ERR,ERR,34.0,80.0,35,0.0,0.0,0.0,0.0,0.0,0.0,0.0,0.0,0.0,0.0,0.0,0.0,0.0,0.0,0.0,0.0,66.4,0,120,58,53,65476,0,300,0,0,8,20529,65476,0,0,57672,80.0,0.0,0.0,0.0,0.0,0.0
2026-06-18T02:42:15,ERR,ERR,ERR,ERR,ERR,ERR,ERR,ERR,ERR,ERR,ERR,ERR,ERR,ERR,ERR,ERR,ERR,ERR,ERR,ERR,ERR,ERR,ERR,ERR,ERR,ERR,ERR,ERR,ERR,ERR,ERR,ERR,ERR,ERR,ERR,ERR,ERR,ERR,ERR,ERR,ERR,ERR,ERR,ERR,ERR,ERR,ERR,ERR,ERR,ERR,ERR,ERR,ERR,ERR,ERR,ERR,ERR,ERR,ERR,ERR,ERR,ERR,ERR,ERR,ERR,ERR,ERR,ERR,ERR,ERR,ERR,ERR,ERR,ERR,ERR,ERR,ERR,ERR,ERR,ERR,ERR,ERR,ERR,ERR,ERR,ERR,ERR,ERR,ERR,ERR,ERR,ERR,ERR,ERR,ERR,ERR,ERR,ERR,ERR,ERR,ERR,ERR,ERR,ERR,ERR,ERR,ERR,ERR,ERR,ERR,ERR,ERR,ERR,ERR,ERR,ERR,ERR,ERR,ERR,ERR,ERR,ERR,ERR,ERR,ERR,2.7184312818759872e+23,0.0,0.0,2.718290229135658e+23,-1.592,1.3936040501711995e+18,7.805,-0.0,0,0,4,48956,6720,14723890282496.0,100,0.0,0.0,0.0,-107609184.0,0.0,0,0,0,0,0.0,0,0,0,0,0,0,0,0,0,0,0,0,0,0,0,0,0,0,0,0,0,0,0,0,0,0,0,0,0,0,0,0,0,26,51,50,76,65476,0,300,0,0,8,21553,0.0,-107605600.0,0.0,0.0,0.0,0.0,0.0,0.0,0.0,0.0,0.0,0.0,0.0,0.0,0.0,0.0,0.0,0.0,0.0,0.0,0.0,0.0,-0.0,0.0,-2.004,-2.004,0.0,0.0,0.0,0.0,4768.0,-2.422985886919649e+24,7293.0,2.7184312818759872e+23,0.0,-0.0,2.718431101732002e+23,0.0,0.0,0.0,0.0,77,0.0,-2.3088264680449665e+20,0.0,0.0,0.0,0.0,0.0,0.0,0.0,0,0,0,0.0,0.0,0.0,0.0,0.0,0.0,0.0,0.0,0.0,0.0,0.0,0.0,0.0,0.0,0.0,0.0,0,-107875648.0,77,0.0,154,0.0,0.0,ERR,ERR,ERR,ERR,ERR,ERR,ERR,ERR,ERR,ERR,ERR,ERR,ERR,ERR,ERR,ERR,ERR,ERR,ERR,ERR,ERR,ERR,ERR,ERR,ERR,ERR,ERR,ERR,ERR,ERR,ERR,ERR,ERR,ERR,ERR,ERR,ERR,ERR,ERR,ERR,ERR,ERR,ERR,ERR,ERR,ERR,ERR,ERR,ERR,ERR,ERR,ERR,ERR,ERR,ERR,ERR,ERR,ERR,ERR,ERR,ERR,ERR,ERR,ERR,ERR,ERR,ERR,34.0,80.0,35,0.0,0.0,0.0,0.0,0.0,0.0,0.0,0.0,0.0,0.0,0.0,0.0,0.0,0.0,0.0,0.0,66.4,0,120,58,53,65476,0,300,0,0,8,20529,65476,0,0,57672,80.0,0.0,0.0,0.0,0.0,0.0
2026-06-18T02:42:16,ERR,ERR,ERR,ERR,ERR,ERR,ERR,ERR,ERR,ERR,ERR,ERR,ERR,ERR,ERR,ERR,ERR,ERR,ERR,ERR,ERR,ERR,ERR,ERR,ERR,ERR,ERR,ERR,ERR,ERR,ERR,ERR,ERR,ERR,ERR,ERR,ERR,ERR,ERR,ERR,ERR,ERR,ERR,ERR,ERR,ERR,ERR,ERR,ERR,ERR,ERR,ERR,ERR,ERR,ERR,ERR,ERR,ERR,ERR,ERR,ERR,ERR,ERR,ERR,ERR,ERR,ERR,ERR,ERR,ERR,ERR,ERR,ERR,ERR,ERR,ERR,ERR,ERR,ERR,ERR,ERR,ERR,ERR,ERR,ERR,ERR,ERR,ERR,ERR,ERR,ERR,ERR,ERR,ERR,ERR,ERR,ERR,ERR,ERR,ERR,ERR,ERR,ERR,ERR,ERR,ERR,ERR,ERR,ERR,ERR,ERR,ERR,ERR,ERR,ERR,ERR,ERR,ERR,ERR,ERR,ERR,ERR,ERR,ERR,ERR,2.7184312818759872e+23,0.0,0.0,2.718290229135658e+23,-1.592,1.3936040501711995e+18,7.805,-0.0,0,0,4,48956,6720,14723890282496.0,100,0.0,0.0,0.0,-107609184.0,0.0,0,0,0,0,0.0,0,0,0,0,0,0,0,0,0,0,0,0,0,0,0,0,0,0,0,0,0,0,0,0,0,0,0,0,0,0,0,0,0,26,51,50,76,65476,0,300,0,0,8,21553,0.0,-107605600.0,0.0,0.0,0.0,0.0,0.0,0.0,0.0,0.0,0.0,0.0,0.0,0.0,0.0,0.0,0.0,0.0,0.0,0.0,0.0,0.0,-0.0,0.0,-2.004,-2.004,0.0,0.0,0.0,0.0,4768.0,-2.422985886919649e+24,7293.0,2.7184312818759872e+23,0.0,-0.0,2.718431101732002e+23,0.0,0.0,0.0,0.0,77,0.0,-2.3088264680449665e+20,0.0,0.0,0.0,0.0,0.0,0.0,0.0,0,0,0,0.0,0.0,0.0,0.0,0.0,0.0,0.0,0.0,0.0,0.0,0.0,0.0,0.0,0.0,0.0,0.0,0,-107875648.0,77,0.0,154,0.0,0.0,ERR,ERR,ERR,ERR,ERR,ERR,ERR,ERR,ERR,ERR,ERR,ERR,ERR,ERR,ERR,ERR,ERR,ERR,ERR,ERR,ERR,ERR,ERR,ERR,ERR,ERR,ERR,ERR,ERR,ERR,ERR,ERR,ERR,ERR,ERR,ERR,ERR,ERR,ERR,ERR,ERR,ERR,ERR,ERR,ERR,ERR,ERR,ERR,ERR,ERR,ERR,ERR,ERR,ERR,ERR,ERR,ERR,ERR,ERR,ERR,ERR,ERR,ERR,ERR,ERR,ERR,ERR,34.0,80.0,35,0.0,0.0,0.0,0.0,0.0,0.0,0.0,0.0,0.0,0.0,0.0,0.0,0.0,0.0,0.0,0.0,65.6,0,120,58,53,65476,0,300,0,0,8,20529,65476,0,0,57672,80.0,0.0,0.0,0.0,0.0,0.0
2026-06-18T02:42:17,ERR,ERR,ERR,ERR,ERR,ERR,ERR,ERR,ERR,ERR,ERR,ERR,ERR,ERR,ERR,ERR,ERR,ERR,ERR,ERR,ERR,ERR,ERR,ERR,ERR,ERR,ERR,ERR,ERR,ERR,ERR,ERR,ERR,ERR,ERR,ERR,ERR,ERR,ERR,ERR,ERR,ERR,ERR,ERR,ERR,ERR,ERR,ERR,ERR,ERR,ERR,ERR,ERR,ERR,ERR,ERR,ERR,ERR,ERR,ERR,ERR,ERR,ERR,ERR,ERR,ERR,ERR,ERR,ERR,ERR,ERR,ERR,ERR,ERR,ERR,ERR,ERR,ERR,ERR,ERR,ERR,ERR,ERR,ERR,ERR,ERR,ERR,ERR,ERR,ERR,ERR,ERR,ERR,ERR,ERR,ERR,ERR,ERR,ERR,ERR,ERR,ERR,ERR,ERR,ERR,ERR,ERR,ERR,ERR,ERR,ERR,ERR,ERR,ERR,ERR,ERR,ERR,ERR,ERR,ERR,ERR,ERR,ERR,ERR,ERR,2.7184312818759872e+23,0.0,0.0,2.718290229135658e+23,-1.592,1.3936040501711995e+18,7.805,-0.0,0,0,4,48956,6720,14723890282496.0,100,0.0,0.0,0.0,-107609184.0,0.0,0,0,0,0,0.0,0,0,0,0,0,0,0,0,0,0,0,0,0,0,0,0,0,0,0,0,0,0,0,0,0,0,0,0,0,0,0,0,0,26,51,50,76,65476,0,300,0,0,8,21553,0.0,-107605600.0,0.0,0.0,0.0,0.0,0.0,0.0,0.0,0.0,0.0,0.0,0.0,0.0,0.0,0.0,0.0,0.0,0.0,0.0,0.0,0.0,-0.0,0.0,-2.004,-2.004,0.0,0.0,0.0,0.0,4768.0,-2.422985886919649e+24,7293.0,2.7184312818759872e+23,0.0,-0.0,2.718431101732002e+23,0.0,0.0,0.0,0.0,77,0.0,-2.3088264680449665e+20,0.0,0.0,0.0,0.0,0.0,0.0,0.0,0,0,0,0.0,0.0,0.0,0.0,0.0,0.0,0.0,0.0,0.0,0.0,0.0,0.0,0.0,0.0,0.0,0.0,0,-107875648.0,77,0.0,154,0.0,0.0,ERR,ERR,ERR,ERR,ERR,ERR,ERR,ERR,ERR,ERR,ERR,ERR,ERR,ERR,ERR,ERR,ERR,ERR,ERR,ERR,ERR,ERR,ERR,ERR,ERR,ERR,ERR,ERR,ERR,ERR,ERR,ERR,ERR,ERR,ERR,ERR,ERR,ERR,ERR,ERR,ERR,ERR,ERR,ERR,ERR,ERR,ERR,ERR,ERR,ERR,ERR,ERR,ERR,ERR,ERR,ERR,ERR,ERR,ERR,ERR,ERR,ERR,ERR,ERR,ERR,ERR,ERR,34.0,80.0,35,0.0,0.0,0.0,0.0,0.0,0.0,0.0,0.0,0.0,0.0,0.0,0.0,0.0,0.0,0.0,0.0,65.6,0,120,58,53,65476,0,300,0,0,8,20529,65476,0,0,57672,80.0,0.0,0.0,0.0,0.0,0.0
2026-06-18T02:42:18,ERR,ERR,ERR,ERR,ERR,ERR,ERR,ERR,ERR,ERR,ERR,ERR,ERR,ERR,ERR,ERR,ERR,ERR,ERR,ERR,ERR,ERR,ERR,ERR,ERR,ERR,ERR,ERR,ERR,ERR,ERR,ERR,ERR,ERR,ERR,ERR,ERR,ERR,ERR,ERR,ERR,ERR,ERR,ERR,ERR,ERR,ERR,ERR,ERR,ERR,ERR,ERR,ERR,ERR,ERR,ERR,ERR,ERR,ERR,ERR,ERR,ERR,ERR,ERR,ERR,ERR,ERR,ERR,ERR,ERR,ERR,ERR,ERR,ERR,ERR,ERR,ERR,ERR,ERR,ERR,ERR,ERR,ERR,ERR,ERR,ERR,ERR,ERR,ERR,ERR,ERR,ERR,ERR,ERR,ERR,ERR,ERR,ERR,ERR,ERR,ERR,ERR,ERR,ERR,ERR,ERR,ERR,ERR,ERR,ERR,ERR,ERR,ERR,ERR,ERR,ERR,ERR,ERR,ERR,ERR,ERR,ERR,ERR,ERR,ERR,2.7184312818759872e+23,0.0,0.0,2.718290229135658e+23,-1.592,1.3936040501711995e+18,7.805,-0.0,0,0,4,48956,6720,14723890282496.0,100,0.0,0.0,0.0,-107609184.0,0.0,0,0,0,0,0.0,0,0,0,0,0,0,0,0,0,0,0,0,0,0,0,0,0,0,0,0,0,0,0,0,0,0,0,0,0,0,0,0,0,26,51,50,76,65476,0,300,0,0,8,21553,0.0,-107605600.0,0.0,0.0,0.0,0.0,0.0,0.0,0.0,0.0,0.0,0.0,0.0,0.0,0.0,0.0,0.0,0.0,0.0,0.0,0.0,0.0,-0.0,0.0,-2.004,-2.004,0.0,0.0,0.0,0.0,4768.0,-2.422985886919649e+24,7293.0,2.7184312818759872e+23,0.0,-0.0,2.718431101732002e+23,0.0,0.0,0.0,0.0,77,0.0,-2.3088264680449665e+20,0.0,0.0,0.0,0.0,0.0,0.0,0.0,0,0,0,0.0,0.0,0.0,0.0,0.0,0.0,0.0,0.0,0.0,0.0,0.0,0.0,0.0,0.0,0.0,0.0,0,-107875648.0,77,0.0,154,0.0,0.0,ERR,ERR,ERR,ERR,ERR,ERR,ERR,ERR,ERR,ERR,ERR,ERR,ERR,ERR,ERR,ERR,ERR,ERR,ERR,ERR,ERR,ERR,ERR,ERR,ERR,ERR,ERR,ERR,ERR,ERR,ERR,ERR,ERR,ERR,ERR,ERR,ERR,ERR,ERR,ERR,ERR,ERR,ERR,ERR,ERR,ERR,ERR,ERR,ERR,ERR,ERR,ERR,ERR,ERR,ERR,ERR,ERR,ERR,ERR,ERR,ERR,ERR,ERR,ERR,ERR,ERR,ERR,34.0,80.0,35,0.0,0.0,0.0,0.0,0.0,0.0,0.0,0.0,0.0,0.0,0.0,0.0,0.0,0.0,0.0,0.0,65.6,0,120,58,53,65476,0,300,0,0,8,20529,65476,0,0,57672,80.0,0.0,0.0,0.0,0.0,0.0
2026-06-18T02:42:19,ERR,ERR,ERR,ERR,ERR,ERR,ERR,ERR,ERR,ERR,ERR,ERR,ERR,ERR,ERR,ERR,ERR,ERR,ERR,ERR,ERR,ERR,ERR,ERR,ERR,ERR,ERR,ERR,ERR,ERR,ERR,ERR,ERR,ERR,ERR,ERR,ERR,ERR,ERR,ERR,ERR,ERR,ERR,ERR,ERR,ERR,ERR,ERR,ERR,ERR,ERR,ERR,ERR,ERR,ERR,ERR,ERR,ERR,ERR,ERR,ERR,ERR,ERR,ERR,ERR,ERR,ERR,ERR,ERR,ERR,ERR,ERR,ERR,ERR,ERR,ERR,ERR,ERR,ERR,ERR,ERR,ERR,ERR,ERR,ERR,ERR,ERR,ERR,ERR,ERR,ERR,ERR,ERR,ERR,ERR,ERR,ERR,ERR,ERR,ERR,ERR,ERR,ERR,ERR,ERR,ERR,ERR,ERR,ERR,ERR,ERR,ERR,ERR,ERR,ERR,ERR,ERR,ERR,ERR,ERR,ERR,ERR,ERR,ERR,ERR,2.7184312818759872e+23,0.0,0.0,2.718290229135658e+23,-1.592,1.3936040501711995e+18,7.805,-0.0,0,0,4,48956,6720,14723890282496.0,100,0.0,0.0,0.0,-107609184.0,0.0,0,0,0,0,0.0,0,0,0,0,0,0,0,0,0,0,0,0,0,0,0,0,0,0,0,0,0,0,0,0,0,0,0,0,0,0,0,0,0,26,51,50,76,65476,0,300,0,0,8,21553,0.0,-107605600.0,0.0,0.0,0.0,0.0,0.0,0.0,0.0,0.0,0.0,0.0,0.0,0.0,0.0,0.0,0.0,0.0,0.0,0.0,0.0,0.0,-0.0,0.0,-2.004,-2.004,0.0,0.0,0.0,0.0,4768.0,-2.422985886919649e+24,7293.0,2.7184312818759872e+23,0.0,-0.0,2.718431101732002e+23,0.0,0.0,0.0,0.0,77,0.0,-2.3088264680449665e+20,0.0,0.0,0.0,0.0,0.0,0.0,0.0,0,0,0,0.0,0.0,0.0,0.0,0.0,0.0,0.0,0.0,0.0,0.0,0.0,0.0,0.0,0.0,0.0,0.0,0,-107875648.0,77,0.0,154,0.0,0.0,ERR,ERR,ERR,ERR,ERR,ERR,ERR,ERR,ERR,ERR,ERR,ERR,ERR,ERR,ERR,ERR,ERR,ERR,ERR,ERR,ERR,ERR,ERR,ERR,ERR,ERR,ERR,ERR,ERR,ERR,ERR,ERR,ERR,ERR,ERR,ERR,ERR,ERR,ERR,ERR,ERR,ERR,ERR,ERR,ERR,ERR,ERR,ERR,ERR,ERR,ERR,ERR,ERR,ERR,ERR,ERR,ERR,ERR,ERR,ERR,ERR,ERR,ERR,ERR,ERR,ERR,ERR,34.0,80.0,35,0.0,0.0,0.0,0.0,0.0,0.0,0.0,0.0,0.0,0.0,0.0,0.0,0.0,0.0,0.0,0.0,65.6,0,120,58,53,65476,0,300,0,0,8,20529,65476,0,0,57672,80.0,0.0,0.0,0.0,0.0,0.0
2026-06-18T02:42:20,ERR,ERR,ERR,ERR,ERR,ERR,ERR,ERR,ERR,ERR,ERR,ERR,ERR,ERR,ERR,ERR,ERR,ERR,ERR,ERR,ERR,ERR,ERR,ERR,ERR,ERR,ERR,ERR,ERR,ERR,ERR,ERR,ERR,ERR,ERR,ERR,ERR,ERR,ERR,ERR,ERR,ERR,ERR,ERR,ERR,ERR,ERR,ERR,ERR,ERR,ERR,ERR,ERR,ERR,ERR,ERR,ERR,ERR,ERR,ERR,ERR,ERR,ERR,ERR,ERR,ERR,ERR,ERR,ERR,ERR,ERR,ERR,ERR,ERR,ERR,ERR,ERR,ERR,ERR,ERR,ERR,ERR,ERR,ERR,ERR,ERR,ERR,ERR,ERR,ERR,ERR,ERR,ERR,ERR,ERR,ERR,ERR,ERR,ERR,ERR,ERR,ERR,ERR,ERR,ERR,ERR,ERR,ERR,ERR,ERR,ERR,ERR,ERR,ERR,ERR,ERR,ERR,ERR,ERR,ERR,ERR,ERR,ERR,ERR,ERR,2.7184312818759872e+23,0.0,0.0,2.718290229135658e+23,-1.592,1.3936040501711995e+18,7.805,-0.0,0,0,4,48956,6720,14723890282496.0,100,0.0,0.0,0.0,-107609184.0,0.0,0,0,0,0,0.0,0,0,0,0,0,0,0,0,0,0,0,0,0,0,0,0,0,0,0,0,0,0,0,0,0,0,0,0,0,0,0,0,0,26,51,50,76,65476,0,300,0,0,8,21553,0.0,-107605600.0,0.0,0.0,0.0,0.0,0.0,0.0,0.0,0.0,0.0,0.0,0.0,0.0,0.0,0.0,0.0,0.0,0.0,0.0,0.0,0.0,-0.0,0.0,-2.004,-2.004,0.0,0.0,0.0,0.0,4768.0,-2.422985886919649e+24,7293.0,2.7184312818759872e+23,0.0,-0.0,2.718431101732002e+23,0.0,0.0,0.0,0.0,77,0.0,-2.3088264680449665e+20,0.0,0.0,0.0,0.0,0.0,0.0,0.0,0,0,0,0.0,0.0,0.0,0.0,0.0,0.0,0.0,0.0,0.0,0.0,0.0,0.0,0.0,0.0,0.0,0.0,0,-107875648.0,77,0.0,154,0.0,0.0,ERR,ERR,ERR,ERR,ERR,ERR,ERR,ERR,ERR,ERR,ERR,ERR,ERR,ERR,ERR,ERR,ERR,ERR,ERR,ERR,ERR,ERR,ERR,ERR,ERR,ERR,ERR,ERR,ERR,ERR,ERR,ERR,ERR,ERR,ERR,ERR,ERR,ERR,ERR,ERR,ERR,ERR,ERR,ERR,ERR,ERR,ERR,ERR,ERR,ERR,ERR,ERR,ERR,ERR,ERR,ERR,ERR,ERR,ERR,ERR,ERR,ERR,ERR,ERR,ERR,ERR,ERR,34.0,80.0,35,0.0,0.0,0.0,0.0,0.0,0.0,0.0,0.0,0.0,0.0,0.0,0.0,0.0,0.0,0.0,0.0,66.4,0,120,58,53,65476,0,300,0,0,8,20529,65476,0,0,57672,80.0,0.0,0.0,0.0,0.0,0.0
2026-06-18T02:42:21,ERR,ERR,ERR,ERR,ERR,ERR,ERR,ERR,ERR,ERR,ERR,ERR,ERR,ERR,ERR,ERR,ERR,ERR,ERR,ERR,ERR,ERR,ERR,ERR,ERR,ERR,ERR,ERR,ERR,ERR,ERR,ERR,ERR,ERR,ERR,ERR,ERR,ERR,ERR,ERR,ERR,ERR,ERR,ERR,ERR,ERR,ERR,ERR,ERR,ERR,ERR,ERR,ERR,ERR,ERR,ERR,ERR,ERR,ERR,ERR,ERR,ERR,ERR,ERR,ERR,ERR,ERR,ERR,ERR,ERR,ERR,ERR,ERR,ERR,ERR,ERR,ERR,ERR,ERR,ERR,ERR,ERR,ERR,ERR,ERR,ERR,ERR,ERR,ERR,ERR,ERR,ERR,ERR,ERR,ERR,ERR,ERR,ERR,ERR,ERR,ERR,ERR,ERR,ERR,ERR,ERR,ERR,ERR,ERR,ERR,ERR,ERR,ERR,ERR,ERR,ERR,ERR,ERR,ERR,ERR,ERR,ERR,ERR,ERR,ERR,2.7184312818759872e+23,0.0,0.0,0.0,nan,1.3936040501711995e+18,7.805,-5533387829805056.0,0,0,4,48961,6720,14723890282496.0,100,0.0,0.0,0.0,0.0,0.0,0,0,0,0,0.0,0,0,0,0,0,0,0,0,0,0,0,0,0,0,0,0,0,0,0,0,0,0,0,0,0,0,0,0,0,0,0,0,0,26,51,50,76,65476,0,300,0,0,8,21553,0.0,-107605600.0,0.0,0.0,0.0,0.0,0.0,0.0,0.0,0.0,0.0,0.0,0.0,0.0,0.0,0.0,0.0,0.0,0.0,0.0,0.0,0.0,-2.004,0.0,-2.004,-2.004,0.0,0.0,0.0,0.0,4769.0,-564145363615744.0,7260.0,2.7184312818759872e+23,0.0,-0.0,-0.0,0.0,0.0,0.0,0.0,77,-3.2220289616203523e+26,-152017129439232.0,0.0,0.0,0.0,0.0,0.0,0.0,0.0,0,0,0,0.0,0.0,0.0,0.0,0.0,0.0,0.0,0.0,0.0,0.0,0.0,0.0,0.0,0.0,0.0,0.0,0,-107875648.0,77,0.0,154,0.0,0.0,ERR,ERR,ERR,ERR,ERR,ERR,ERR,ERR,ERR,ERR,ERR,ERR,ERR,ERR,ERR,ERR,ERR,ERR,ERR,ERR,ERR,ERR,ERR,ERR,ERR,ERR,ERR,ERR,ERR,ERR,ERR,ERR,ERR,ERR,ERR,ERR,ERR,ERR,ERR,ERR,ERR,ERR,ERR,ERR,ERR,ERR,ERR,ERR,ERR,ERR,ERR,ERR,ERR,ERR,ERR,ERR,ERR,ERR,ERR,ERR,ERR,ERR,ERR,ERR,ERR,ERR,ERR,34.0,80.0,35,0.0,0.0,0.0,0.0,0.0,0.0,0.0,0.0,0.0,0.0,0.0,0.0,0.0,0.0,0.0,0.0,66.4,0,120,58,53,65476,0,300,0,0,8,20529,65476,0,0,57672,80.0,0.0,0.0,0.0,0.0,0.0
2026-06-18T02:42:22,ERR,ERR,ERR,ERR,ERR,ERR,ERR,ERR,ERR,ERR,ERR,ERR,ERR,ERR,ERR,ERR,ERR,ERR,ERR,ERR,ERR,ERR,ERR,ERR,ERR,ERR,ERR,ERR,ERR,ERR,ERR,ERR,ERR,ERR,ERR,ERR,ERR,ERR,ERR,ERR,ERR,ERR,ERR,ERR,ERR,ERR,ERR,ERR,ERR,ERR,ERR,ERR,ERR,ERR,ERR,ERR,ERR,ERR,ERR,ERR,ERR,ERR,ERR,ERR,ERR,ERR,ERR,ERR,ERR,ERR,ERR,ERR,ERR,ERR,ERR,ERR,ERR,ERR,ERR,ERR,ERR,ERR,ERR,ERR,ERR,ERR,ERR,ERR,ERR,ERR,ERR,ERR,ERR,ERR,ERR,ERR,ERR,ERR,ERR,ERR,ERR,ERR,ERR,ERR,ERR,ERR,ERR,ERR,ERR,ERR,ERR,ERR,ERR,ERR,ERR,ERR,ERR,ERR,ERR,ERR,ERR,ERR,ERR,ERR,ERR,2.7184312818759872e+23,0.0,0.0,0.0,nan,1.3936040501711995e+18,7.805,-5533387829805056.0,0,0,4,48961,6720,14723890282496.0,100,0.0,0.0,0.0,0.0,0.0,0,0,0,0,0.0,0,0,0,0,0,0,0,0,0,0,0,0,0,0,0,0,0,0,0,0,0,0,0,0,0,0,0,0,0,0,0,0,0,26,51,50,76,65476,0,300,0,0,8,21553,0.0,-107605600.0,0.0,0.0,0.0,0.0,0.0,0.0,0.0,0.0,0.0,0.0,0.0,0.0,0.0,0.0,0.0,0.0,0.0,0.0,0.0,0.0,-2.004,0.0,-2.004,-2.004,0.0,0.0,0.0,0.0,4769.0,-564145363615744.0,7260.0,2.7184312818759872e+23,0.0,-0.0,-0.0,0.0,0.0,0.0,0.0,77,-3.2220289616203523e+26,-152017129439232.0,0.0,0.0,0.0,0.0,0.0,0.0,0.0,0,0,0,0.0,0.0,0.0,0.0,0.0,0.0,0.0,0.0,0.0,0.0,0.0,0.0,0.0,0.0,0.0,0.0,0,-107875648.0,77,0.0,154,0.0,0.0,ERR,ERR,ERR,ERR,ERR,ERR,ERR,ERR,ERR,ERR,ERR,ERR,ERR,ERR,ERR,ERR,ERR,ERR,ERR,ERR,ERR,ERR,ERR,ERR,ERR,ERR,ERR,ERR,ERR,ERR,ERR,ERR,ERR,ERR,ERR,ERR,ERR,ERR,ERR,ERR,ERR,ERR,ERR,ERR,ERR,ERR,ERR,ERR,ERR,ERR,ERR,ERR,ERR,ERR,ERR,ERR,ERR,ERR,ERR,ERR,ERR,ERR,ERR,ERR,ERR,ERR,ERR,34.0,80.0,35,0.0,0.0,0.0,0.0,0.0,0.0,0.0,0.0,0.0,0.0,0.0,0.0,0.0,0.0,0.0,0.0,65.6,0,120,58,53,65476,0,300,0,0,8,20529,65476,0,0,57672,80.0,0.0,0.0,0.0,0.0,0.0
2026-06-18T02:42:23,ERR,ERR,ERR,ERR,ERR,ERR,ERR,ERR,ERR,ERR,ERR,ERR,ERR,ERR,ERR,ERR,ERR,ERR,ERR,ERR,ERR,ERR,ERR,ERR,ERR,ERR,ERR,ERR,ERR,ERR,ERR,ERR,ERR,ERR,ERR,ERR,ERR,ERR,ERR,ERR,ERR,ERR,ERR,ERR,ERR,ERR,ERR,ERR,ERR,ERR,ERR,ERR,ERR,ERR,ERR,ERR,ERR,ERR,ERR,ERR,ERR,ERR,ERR,ERR,ERR,ERR,ERR,ERR,ERR,ERR,ERR,ERR,ERR,ERR,ERR,ERR,ERR,ERR,ERR,ERR,ERR,ERR,ERR,ERR,ERR,ERR,ERR,ERR,ERR,ERR,ERR,ERR,ERR,ERR,ERR,ERR,ERR,ERR,ERR,ERR,ERR,ERR,ERR,ERR,ERR,ERR,ERR,ERR,ERR,ERR,ERR,ERR,ERR,ERR,ERR,ERR,ERR,ERR,ERR,ERR,ERR,ERR,ERR,ERR,ERR,2.7184312818759872e+23,0.0,0.0,0.0,nan,1.3936040501711995e+18,7.805,-5533387829805056.0,0,0,4,48961,6720,14723890282496.0,100,0.0,0.0,0.0,0.0,0.0,0,0,0,0,0.0,0,0,0,0,0,0,0,0,0,0,0,0,0,0,0,0,0,0,0,0,0,0,0,0,0,0,0,0,0,0,0,0,0,26,51,50,76,65476,0,300,0,0,8,21553,0.0,-107605600.0,0.0,0.0,0.0,0.0,0.0,0.0,0.0,0.0,0.0,0.0,0.0,0.0,0.0,0.0,0.0,0.0,0.0,0.0,0.0,0.0,-2.004,0.0,-2.004,-2.004,0.0,0.0,0.0,0.0,4769.0,-564145363615744.0,7260.0,2.7184312818759872e+23,0.0,-0.0,-0.0,0.0,0.0,0.0,0.0,77,-3.2220289616203523e+26,-152017129439232.0,0.0,0.0,0.0,0.0,0.0,0.0,0.0,0,0,0,0.0,0.0,0.0,0.0,0.0,0.0,0.0,0.0,0.0,0.0,0.0,0.0,0.0,0.0,0.0,0.0,0,-107875648.0,77,0.0,154,0.0,0.0,ERR,ERR,ERR,ERR,ERR,ERR,ERR,ERR,ERR,ERR,ERR,ERR,ERR,ERR,ERR,ERR,ERR,ERR,ERR,ERR,ERR,ERR,ERR,ERR,ERR,ERR,ERR,ERR,ERR,ERR,ERR,ERR,ERR,ERR,ERR,ERR,ERR,ERR,ERR,ERR,ERR,ERR,ERR,ERR,ERR,ERR,ERR,ERR,ERR,ERR,ERR,ERR,ERR,ERR,ERR,ERR,ERR,ERR,ERR,ERR,ERR,ERR,ERR,ERR,ERR,ERR,ERR,34.0,80.0,35,0.0,0.0,0.0,0.0,0.0,0.0,0.0,0.0,0.0,0.0,0.0,0.0,0.0,0.0,0.0,0.0,65.6,0,120,58,53,65476,0,300,0,0,8,20529,65476,0,0,57672,80.0,0.0,0.0,0.0,0.0,0.0
2026-06-18T02:42:24,ERR,ERR,ERR,ERR,ERR,ERR,ERR,ERR,ERR,ERR,ERR,ERR,ERR,ERR,ERR,ERR,ERR,ERR,ERR,ERR,ERR,ERR,ERR,ERR,ERR,ERR,ERR,ERR,ERR,ERR,ERR,ERR,ERR,ERR,ERR,ERR,ERR,ERR,ERR,ERR,ERR,ERR,ERR,ERR,ERR,ERR,ERR,ERR,ERR,ERR,ERR,ERR,ERR,ERR,ERR,ERR,ERR,ERR,ERR,ERR,ERR,ERR,ERR,ERR,ERR,ERR,ERR,ERR,ERR,ERR,ERR,ERR,ERR,ERR,ERR,ERR,ERR,ERR,ERR,ERR,ERR,ERR,ERR,ERR,ERR,ERR,ERR,ERR,ERR,ERR,ERR,ERR,ERR,ERR,ERR,ERR,ERR,ERR,ERR,ERR,ERR,ERR,ERR,ERR,ERR,ERR,ERR,ERR,ERR,ERR,ERR,ERR,ERR,ERR,ERR,ERR,ERR,ERR,ERR,ERR,ERR,ERR,ERR,ERR,ERR,2.7184312818759872e+23,0.0,0.0,0.0,nan,1.3936040501711995e+18,7.805,-5533387829805056.0,0,0,4,48961,6720,14723890282496.0,100,0.0,0.0,0.0,0.0,0.0,0,0,0,0,0.0,0,0,0,0,0,0,0,0,0,0,0,0,0,0,0,0,0,0,0,0,0,0,0,0,0,0,0,0,0,0,0,0,0,26,51,50,76,65476,0,300,0,0,8,21553,0.0,-107605600.0,0.0,0.0,0.0,0.0,0.0,0.0,0.0,0.0,0.0,0.0,0.0,0.0,0.0,0.0,0.0,0.0,0.0,0.0,0.0,0.0,-2.004,0.0,-2.004,-2.004,0.0,0.0,0.0,0.0,4769.0,-564145363615744.0,7260.0,2.7184312818759872e+23,0.0,-0.0,-0.0,0.0,0.0,0.0,0.0,77,-3.2220289616203523e+26,-152017129439232.0,0.0,0.0,0.0,0.0,0.0,0.0,0.0,0,0,0,0.0,0.0,0.0,0.0,0.0,0.0,0.0,0.0,0.0,0.0,0.0,0.0,0.0,0.0,0.0,0.0,0,-107875648.0,77,0.0,154,0.0,0.0,ERR,ERR,ERR,ERR,ERR,ERR,ERR,ERR,ERR,ERR,ERR,ERR,ERR,ERR,ERR,ERR,ERR,ERR,ERR,ERR,ERR,ERR,ERR,ERR,ERR,ERR,ERR,ERR,ERR,ERR,ERR,ERR,ERR,ERR,ERR,ERR,ERR,ERR,ERR,ERR,ERR,ERR,ERR,ERR,ERR,ERR,ERR,ERR,ERR,ERR,ERR,ERR,ERR,ERR,ERR,ERR,ERR,ERR,ERR,ERR,ERR,ERR,ERR,ERR,ERR,ERR,ERR,34.0,80.0,35,0.0,0.0,0.0,0.0,0.0,0.0,0.0,0.0,0.0,0.0,0.0,0.0,0.0,0.0,0.0,0.0,65.6,0,120,58,53,65476,0,300,0,0,8,20529,65476,0,0,57672,80.0,0.0,0.0,0.0,0.0,0.0
2026-06-18T02:42:25,ERR,ERR,ERR,ERR,ERR,ERR,ERR,ERR,ERR,ERR,ERR,ERR,ERR,ERR,ERR,ERR,ERR,ERR,ERR,ERR,ERR,ERR,ERR,ERR,ERR,ERR,ERR,ERR,ERR,ERR,ERR,ERR,ERR,ERR,ERR,ERR,ERR,ERR,ERR,ERR,ERR,ERR,ERR,ERR,ERR,ERR,ERR,ERR,ERR,ERR,ERR,ERR,ERR,ERR,ERR,ERR,ERR,ERR,ERR,ERR,ERR,ERR,ERR,ERR,ERR,ERR,ERR,ERR,ERR,ERR,ERR,ERR,ERR,ERR,ERR,ERR,ERR,ERR,ERR,ERR,ERR,ERR,ERR,ERR,ERR,ERR,ERR,ERR,ERR,ERR,ERR,ERR,ERR,ERR,ERR,ERR,ERR,ERR,ERR,ERR,ERR,ERR,ERR,ERR,ERR,ERR,ERR,ERR,ERR,ERR,ERR,ERR,ERR,ERR,ERR,ERR,ERR,ERR,ERR,ERR,ERR,ERR,ERR,ERR,ERR,2.7184312818759872e+23,0.0,0.0,0.0,nan,1.3936040501711995e+18,7.805,-5533387829805056.0,0,0,4,48961,6720,14723890282496.0,100,0.0,0.0,0.0,0.0,0.0,0,0,0,0,0.0,0,0,0,0,0,0,0,0,0,0,0,0,0,0,0,0,0,0,0,0,0,0,0,0,0,0,0,0,0,0,0,0,0,26,51,50,76,65476,0,300,0,0,8,21553,0.0,-107605600.0,0.0,0.0,0.0,0.0,0.0,0.0,0.0,0.0,0.0,0.0,0.0,0.0,0.0,0.0,0.0,0.0,0.0,0.0,0.0,0.0,-2.004,0.0,-2.004,-2.004,0.0,0.0,0.0,0.0,4769.0,-564145363615744.0,7260.0,2.7184312818759872e+23,0.0,-0.0,-0.0,0.0,0.0,0.0,0.0,77,-3.2220289616203523e+26,-152017129439232.0,0.0,0.0,0.0,0.0,0.0,0.0,0.0,0,0,0,0.0,0.0,0.0,0.0,0.0,0.0,0.0,0.0,0.0,0.0,0.0,0.0,0.0,0.0,0.0,0.0,0,-107875648.0,77,0.0,154,0.0,0.0,ERR,ERR,ERR,ERR,ERR,ERR,ERR,ERR,ERR,ERR,ERR,ERR,ERR,ERR,ERR,ERR,ERR,ERR,ERR,ERR,ERR,ERR,ERR,ERR,ERR,ERR,ERR,ERR,ERR,ERR,ERR,ERR,ERR,ERR,ERR,ERR,ERR,ERR,ERR,ERR,ERR,ERR,ERR,ERR,ERR,ERR,ERR,ERR,ERR,ERR,ERR,ERR,ERR,ERR,ERR,ERR,ERR,ERR,ERR,ERR,ERR,ERR,ERR,ERR,ERR,ERR,ERR,34.0,80.0,35,0.0,0.0,0.0,0.0,0.0,0.0,0.0,0.0,0.0,0.0,0.0,0.0,0.0,0.0,0.0,0.0,65.6,0,120,58,53,65476,0,300,0,0,8,20529,65476,0,0,57672,80.0,0.0,0.0,0.0,0.0,0.0
2026-06-18T02:42:26,ERR,ERR,ERR,ERR,ERR,ERR,ERR,ERR,ERR,ERR,ERR,ERR,ERR,ERR,ERR,ERR,ERR,ERR,ERR,ERR,ERR,ERR,ERR,ERR,ERR,ERR,ERR,ERR,ERR,ERR,ERR,ERR,ERR,ERR,ERR,ERR,ERR,ERR,ERR,ERR,ERR,ERR,ERR,ERR,ERR,ERR,ERR,ERR,ERR,ERR,ERR,ERR,ERR,ERR,ERR,ERR,ERR,ERR,ERR,ERR,ERR,ERR,ERR,ERR,ERR,ERR,ERR,ERR,ERR,ERR,ERR,ERR,ERR,ERR,ERR,ERR,ERR,ERR,ERR,ERR,ERR,ERR,ERR,ERR,ERR,ERR,ERR,ERR,ERR,ERR,ERR,ERR,ERR,ERR,ERR,ERR,ERR,ERR,ERR,ERR,ERR,ERR,ERR,ERR,ERR,ERR,ERR,ERR,ERR,ERR,ERR,ERR,ERR,ERR,ERR,ERR,ERR,ERR,ERR,ERR,ERR,ERR,ERR,ERR,ERR,2.7184312818759872e+23,0.0,0.0,-0.0,nan,1.3936040501711995e+18,7.805,1.203397215123588e+25,0,0,4,48961,6720,14723890282496.0,100,0.0,0.0,0.0,-4.9501291711397626e+32,0.0,0,0,0,0,0.0,0,0,0,0,0,0,0,0,0,0,0,0,0,0,0,0,0,0,0,0,0,0,0,0,0,0,0,0,0,0,0,0,0,26,51,50,76,65476,0,300,0,0,8,21553,0.0,-107605600.0,0.0,0.0,0.0,0.0,0.0,0.0,0.0,0.0,0.0,0.0,0.0,0.0,0.0,0.0,0.0,0.0,0.0,0.0,0.0,0.0,-2.004,0.0,-2.004,-2.004,0.0,0.0,0.0,0.0,4799.0,-1.0406645142989446e+34,7263.0,2.7184312818759872e+23,0.0,-0.0,2.718431101732002e+23,0.0,0.0,0.0,0.0,77,-5.848083809157084e+35,-4.950398036242045e+32,0.0,0.0,0.0,0.0,0.0,0.0,0.0,0,0,0,0.0,0.0,0.0,0.0,0.0,0.0,0.0,0.0,0.0,0.0,0.0,0.0,0.0,0.0,0.0,0.0,0,-107875648.0,77,0.0,154,0.0,0.0,ERR,ERR,ERR,ERR,ERR,ERR,ERR,ERR,ERR,ERR,ERR,ERR,ERR,ERR,ERR,ERR,ERR,ERR,ERR,ERR,ERR,ERR,ERR,ERR,ERR,ERR,ERR,ERR,ERR,ERR,ERR,ERR,ERR,ERR,ERR,ERR,ERR,ERR,ERR,ERR,ERR,ERR,ERR,ERR,ERR,ERR,ERR,ERR,ERR,ERR,ERR,ERR,ERR,ERR,ERR,ERR,ERR,ERR,ERR,ERR,ERR,ERR,ERR,ERR,ERR,ERR,ERR,34.0,80.0,35,0.0,0.0,0.0,0.0,0.0,0.0,0.0,0.0,0.0,0.0,0.0,0.0,0.0,0.0,0.0,0.0,65.6,0,120,58,53,65476,0,300,0,0,8,20529,65476,0,0,57672,80.0,0.0,0.0,0.0,0.0,0.0
2026-06-18T02:42:27,ERR,ERR,ERR,ERR,ERR,ERR,ERR,ERR,ERR,ERR,ERR,ERR,ERR,ERR,ERR,ERR,ERR,ERR,ERR,ERR,ERR,ERR,ERR,ERR,ERR,ERR,ERR,ERR,ERR,ERR,ERR,ERR,ERR,ERR,ERR,ERR,ERR,ERR,ERR,ERR,ERR,ERR,ERR,ERR,ERR,ERR,ERR,ERR,ERR,ERR,ERR,ERR,ERR,ERR,ERR,ERR,ERR,ERR,ERR,ERR,ERR,ERR,ERR,ERR,ERR,ERR,ERR,ERR,ERR,ERR,ERR,ERR,ERR,ERR,ERR,ERR,ERR,ERR,ERR,ERR,ERR,ERR,ERR,ERR,ERR,ERR,ERR,ERR,ERR,ERR,ERR,ERR,ERR,ERR,ERR,ERR,ERR,ERR,ERR,ERR,ERR,ERR,ERR,ERR,ERR,ERR,ERR,ERR,ERR,ERR,ERR,ERR,ERR,ERR,ERR,ERR,ERR,ERR,ERR,ERR,ERR,ERR,ERR,ERR,ERR,2.7184312818759872e+23,0.0,0.0,-0.0,nan,1.3936040501711995e+18,7.805,1.203397215123588e+25,0,0,4,48961,6720,14723890282496.0,100,0.0,0.0,0.0,-4.9501291711397626e+32,0.0,0,0,0,0,0.0,0,0,0,0,0,0,0,0,0,0,0,0,0,0,0,0,0,0,0,0,0,0,0,0,0,0,0,0,0,0,0,0,0,26,51,50,76,65476,0,300,0,0,8,21553,0.0,-107605600.0,0.0,0.0,0.0,0.0,0.0,0.0,0.0,0.0,0.0,0.0,0.0,0.0,0.0,0.0,0.0,0.0,0.0,0.0,0.0,0.0,-2.004,0.0,-2.004,-2.004,0.0,0.0,0.0,0.0,4799.0,-1.0406645142989446e+34,7263.0,2.7184312818759872e+23,0.0,-0.0,2.718431101732002e+23,0.0,0.0,0.0,0.0,77,-5.848083809157084e+35,-4.950398036242045e+32,0.0,0.0,0.0,0.0,0.0,0.0,0.0,0,0,0,0.0,0.0,0.0,0.0,0.0,0.0,0.0,0.0,0.0,0.0,0.0,0.0,0.0,0.0,0.0,0.0,0,-107875648.0,77,0.0,154,0.0,0.0,ERR,ERR,ERR,ERR,ERR,ERR,ERR,ERR,ERR,ERR,ERR,ERR,ERR,ERR,ERR,ERR,ERR,ERR,ERR,ERR,ERR,ERR,ERR,ERR,ERR,ERR,ERR,ERR,ERR,ERR,ERR,ERR,ERR,ERR,ERR,ERR,ERR,ERR,ERR,ERR,ERR,ERR,ERR,ERR,ERR,ERR,ERR,ERR,ERR,ERR,ERR,ERR,ERR,ERR,ERR,ERR,ERR,ERR,ERR,ERR,ERR,ERR,ERR,ERR,ERR,ERR,ERR,34.0,80.0,35,0.0,0.0,0.0,0.0,0.0,0.0,0.0,0.0,0.0,0.0,0.0,0.0,0.0,0.0,0.0,0.0,66.0,0,120,58,53,65476,0,300,0,0,8,20529,65476,0,0,57672,80.0,0.0,0.0,0.0,0.0,0.0
2026-06-18T02:42:28,ERR,ERR,ERR,ERR,ERR,ERR,ERR,ERR,ERR,ERR,ERR,ERR,ERR,ERR,ERR,ERR,ERR,ERR,ERR,ERR,ERR,ERR,ERR,ERR,ERR,ERR,ERR,ERR,ERR,ERR,ERR,ERR,ERR,ERR,ERR,ERR,ERR,ERR,ERR,ERR,ERR,ERR,ERR,ERR,ERR,ERR,ERR,ERR,ERR,ERR,ERR,ERR,ERR,ERR,ERR,ERR,ERR,ERR,ERR,ERR,ERR,ERR,ERR,ERR,ERR,ERR,ERR,ERR,ERR,ERR,ERR,ERR,ERR,ERR,ERR,ERR,ERR,ERR,ERR,ERR,ERR,ERR,ERR,ERR,ERR,ERR,ERR,ERR,ERR,ERR,ERR,ERR,ERR,ERR,ERR,ERR,ERR,ERR,ERR,ERR,ERR,ERR,ERR,ERR,ERR,ERR,ERR,ERR,ERR,ERR,ERR,ERR,ERR,ERR,ERR,ERR,ERR,ERR,ERR,ERR,ERR,ERR,ERR,ERR,ERR,2.7184312818759872e+23,0.0,0.0,-0.0,nan,1.3936040501711995e+18,7.805,1.203397215123588e+25,0,0,4,48961,6720,14723890282496.0,100,0.0,0.0,0.0,-4.9501291711397626e+32,0.0,0,0,0,0,0.0,0,0,0,0,0,0,0,0,0,0,0,0,0,0,0,0,0,0,0,0,0,0,0,0,0,0,0,0,0,0,0,0,0,26,51,50,76,65476,0,300,0,0,8,21553,0.0,-107605600.0,0.0,0.0,0.0,0.0,0.0,0.0,0.0,0.0,0.0,0.0,0.0,0.0,0.0,0.0,0.0,0.0,0.0,0.0,0.0,0.0,-2.004,0.0,-2.004,-2.004,0.0,0.0,0.0,0.0,4799.0,-1.0406645142989446e+34,7263.0,2.7184312818759872e+23,0.0,-0.0,2.718431101732002e+23,0.0,0.0,0.0,0.0,77,-5.848083809157084e+35,-4.950398036242045e+32,0.0,0.0,0.0,0.0,0.0,0.0,0.0,0,0,0,0.0,0.0,0.0,0.0,0.0,0.0,0.0,0.0,0.0,0.0,0.0,0.0,0.0,0.0,0.0,0.0,0,-107875648.0,77,0.0,154,0.0,0.0,ERR,ERR,ERR,ERR,ERR,ERR,ERR,ERR,ERR,ERR,ERR,ERR,ERR,ERR,ERR,ERR,ERR,ERR,ERR,ERR,ERR,ERR,ERR,ERR,ERR,ERR,ERR,ERR,ERR,ERR,ERR,ERR,ERR,ERR,ERR,ERR,ERR,ERR,ERR,ERR,ERR,ERR,ERR,ERR,ERR,ERR,ERR,ERR,ERR,ERR,ERR,ERR,ERR,ERR,ERR,ERR,ERR,ERR,ERR,ERR,ERR,ERR,ERR,ERR,ERR,ERR,ERR,34.0,80.0,35,0.0,0.0,0.0,0.0,0.0,0.0,0.0,0.0,0.0,0.0,0.0,0.0,0.0,0.0,0.0,0.0,66.0,0,120,58,53,65476,0,300,0,0,8,20529,65476,0,0,57672,80.0,0.0,0.0,0.0,0.0,0.0
2026-06-18T02:42:29,ERR,ERR,ERR,ERR,ERR,ERR,ERR,ERR,ERR,ERR,ERR,ERR,ERR,ERR,ERR,ERR,ERR,ERR,ERR,ERR,ERR,ERR,ERR,ERR,ERR,ERR,ERR,ERR,ERR,ERR,ERR,ERR,ERR,ERR,ERR,ERR,ERR,ERR,ERR,ERR,ERR,ERR,ERR,ERR,ERR,ERR,ERR,ERR,ERR,ERR,ERR,ERR,ERR,ERR,ERR,ERR,ERR,ERR,ERR,ERR,ERR,ERR,ERR,ERR,ERR,ERR,ERR,ERR,ERR,ERR,ERR,ERR,ERR,ERR,ERR,ERR,ERR,ERR,ERR,ERR,ERR,ERR,ERR,ERR,ERR,ERR,ERR,ERR,ERR,ERR,ERR,ERR,ERR,ERR,ERR,ERR,ERR,ERR,ERR,ERR,ERR,ERR,ERR,ERR,ERR,ERR,ERR,ERR,ERR,ERR,ERR,ERR,ERR,ERR,ERR,ERR,ERR,ERR,ERR,ERR,ERR,ERR,ERR,ERR,ERR,2.7184312818759872e+23,0.0,0.0,-0.0,nan,1.3936040501711995e+18,7.805,1.203397215123588e+25,0,0,4,48961,6720,14723890282496.0,100,0.0,0.0,0.0,-4.9501291711397626e+32,0.0,0,0,0,0,0.0,0,0,0,0,0,0,0,0,0,0,0,0,0,0,0,0,0,0,0,0,0,0,0,0,0,0,0,0,0,0,0,0,0,26,51,50,76,65476,0,300,0,0,8,21553,0.0,-107605600.0,0.0,0.0,0.0,0.0,0.0,0.0,0.0,0.0,0.0,0.0,0.0,0.0,0.0,0.0,0.0,0.0,0.0,0.0,0.0,0.0,-2.004,0.0,-2.004,-2.004,0.0,0.0,0.0,0.0,4799.0,-1.0406645142989446e+34,7263.0,2.7184312818759872e+23,0.0,-0.0,2.718431101732002e+23,0.0,0.0,0.0,0.0,77,-5.848083809157084e+35,-4.950398036242045e+32,0.0,0.0,0.0,0.0,0.0,0.0,0.0,0,0,0,0.0,0.0,0.0,0.0,0.0,0.0,0.0,0.0,0.0,0.0,0.0,0.0,0.0,0.0,0.0,0.0,0,-107875648.0,77,0.0,154,0.0,0.0,ERR,ERR,ERR,ERR,ERR,ERR,ERR,ERR,ERR,ERR,ERR,ERR,ERR,ERR,ERR,ERR,ERR,ERR,ERR,ERR,ERR,ERR,ERR,ERR,ERR,ERR,ERR,ERR,ERR,ERR,ERR,ERR,ERR,ERR,ERR,ERR,ERR,ERR,ERR,ERR,ERR,ERR,ERR,ERR,ERR,ERR,ERR,ERR,ERR,ERR,ERR,ERR,ERR,ERR,ERR,ERR,ERR,ERR,ERR,ERR,ERR,ERR,ERR,ERR,ERR,ERR,ERR,34.0,80.0,35,0.0,0.0,0.0,0.0,0.0,0.0,0.0,0.0,0.0,0.0,0.0,0.0,0.0,0.0,0.0,0.0,66.4,0,120,58,53,65476,0,300,0,0,8,20529,65476,0,0,57672,80.0,0.0,0.0,0.0,0.0,0.0
2026-06-18T02:42:30,ERR,ERR,ERR,ERR,ERR,ERR,ERR,ERR,ERR,ERR,ERR,ERR,ERR,ERR,ERR,ERR,ERR,ERR,ERR,ERR,ERR,ERR,ERR,ERR,ERR,ERR,ERR,ERR,ERR,ERR,ERR,ERR,ERR,ERR,ERR,ERR,ERR,ERR,ERR,ERR,ERR,ERR,ERR,ERR,ERR,ERR,ERR,ERR,ERR,ERR,ERR,ERR,ERR,ERR,ERR,ERR,ERR,ERR,ERR,ERR,ERR,ERR,ERR,ERR,ERR,ERR,ERR,ERR,ERR,ERR,ERR,ERR,ERR,ERR,ERR,ERR,ERR,ERR,ERR,ERR,ERR,ERR,ERR,ERR,ERR,ERR,ERR,ERR,ERR,ERR,ERR,ERR,ERR,ERR,ERR,ERR,ERR,ERR,ERR,ERR,ERR,ERR,ERR,ERR,ERR,ERR,ERR,ERR,ERR,ERR,ERR,ERR,ERR,ERR,ERR,ERR,ERR,ERR,ERR,ERR,ERR,ERR,ERR,ERR,ERR,2.7184312818759872e+23,0.0,0.0,-0.0,nan,1.3936040501711995e+18,7.805,1.203397215123588e+25,0,0,4,48961,6720,14723890282496.0,100,0.0,0.0,0.0,-4.9501291711397626e+32,0.0,0,0,0,0,0.0,0,0,0,0,0,0,0,0,0,0,0,0,0,0,0,0,0,0,0,0,0,0,0,0,0,0,0,0,0,0,0,0,0,26,51,50,76,65476,0,300,0,0,8,21553,0.0,-107605600.0,0.0,0.0,0.0,0.0,0.0,0.0,0.0,0.0,0.0,0.0,0.0,0.0,0.0,0.0,0.0,0.0,0.0,0.0,0.0,0.0,-2.004,0.0,-2.004,-2.004,0.0,0.0,0.0,0.0,4799.0,-1.0406645142989446e+34,7263.0,2.7184312818759872e+23,0.0,-0.0,2.718431101732002e+23,0.0,0.0,0.0,0.0,77,-5.848083809157084e+35,-4.950398036242045e+32,0.0,0.0,0.0,0.0,0.0,0.0,0.0,0,0,0,0.0,0.0,0.0,0.0,0.0,0.0,0.0,0.0,0.0,0.0,0.0,0.0,0.0,0.0,0.0,0.0,0,-107875648.0,77,0.0,154,0.0,0.0,ERR,ERR,ERR,ERR,ERR,ERR,ERR,ERR,ERR,ERR,ERR,ERR,ERR,ERR,ERR,ERR,ERR,ERR,ERR,ERR,ERR,ERR,ERR,ERR,ERR,ERR,ERR,ERR,ERR,ERR,ERR,ERR,ERR,ERR,ERR,ERR,ERR,ERR,ERR,ERR,ERR,ERR,ERR,ERR,ERR,ERR,ERR,ERR,ERR,ERR,ERR,ERR,ERR,ERR,ERR,ERR,ERR,ERR,ERR,ERR,ERR,ERR,ERR,ERR,ERR,ERR,ERR,34.0,80.0,35,0.0,0.0,0.0,0.0,0.0,0.0,0.0,0.0,0.0,0.0,0.0,0.0,0.0,0.0,0.0,0.0,66.4,0,120,58,53,65476,0,300,0,0,8,20529,65476,0,0,57672,80.0,0.0,0.0,0.0,0.0,0.0
2026-06-18T02:42:31,ERR,ERR,ERR,ERR,ERR,ERR,ERR,ERR,ERR,ERR,ERR,ERR,ERR,ERR,ERR,ERR,ERR,ERR,ERR,ERR,ERR,ERR,ERR,ERR,ERR,ERR,ERR,ERR,ERR,ERR,ERR,ERR,ERR,ERR,ERR,ERR,ERR,ERR,ERR,ERR,ERR,ERR,ERR,ERR,ERR,ERR,ERR,ERR,ERR,ERR,ERR,ERR,ERR,ERR,ERR,ERR,ERR,ERR,ERR,ERR,ERR,ERR,ERR,ERR,ERR,ERR,ERR,ERR,ERR,ERR,ERR,ERR,ERR,ERR,ERR,ERR,ERR,ERR,ERR,ERR,ERR,ERR,ERR,ERR,ERR,ERR,ERR,ERR,ERR,ERR,ERR,ERR,ERR,ERR,ERR,ERR,ERR,ERR,ERR,ERR,ERR,ERR,ERR,ERR,ERR,ERR,ERR,ERR,ERR,ERR,ERR,ERR,ERR,ERR,ERR,ERR,ERR,ERR,ERR,ERR,ERR,ERR,ERR,ERR,ERR,2.7184312818759872e+23,0.0,0.0,2.718290229135658e+23,-1.592,1.3936040501711995e+18,7.805,-0.0,0,0,4,48927,6720,14723890282496.0,100,0.0,0.0,0.0,2.718290229135658e+23,0.0,0,0,0,0,0.0,0,0,0,0,0,0,0,0,0,0,0,0,0,0,0,0,0,0,0,0,0,0,0,0,0,0,0,0,0,0,0,0,0,26,51,50,76,65476,0,300,0,0,8,21553,0.0,-107605600.0,0.0,0.0,0.0,0.0,0.0,0.0,0.0,0.0,0.0,0.0,0.0,0.0,-2.596148429267414e+33,0.0,0.0,0.0,0.0,0.0,0.0,0.0,-2.004,0.0,-2.004,-2.004,0.0,0.0,0.0,0.0,4831.0,0.0,7265.0,2.7184312818759872e+23,0.0,-0.0,2.718431101732002e+23,0.0,0.0,0.0,0.0,77,0.0,0.0,0.0,0.0,0.0,0.0,0.0,0.0,0.0,0,0,0,0.0,0.0,0.0,0.0,0.0,0.0,0.0,0.0,0.0,0.0,0.0,0.0,0.0,0.0,0.0,0.0,0,-107875648.0,77,0.0,154,0.0,0.0,ERR,ERR,ERR,ERR,ERR,ERR,ERR,ERR,ERR,ERR,ERR,ERR,ERR,ERR,ERR,ERR,ERR,ERR,ERR,ERR,ERR,ERR,ERR,ERR,ERR,ERR,ERR,ERR,ERR,ERR,ERR,ERR,ERR,ERR,ERR,ERR,ERR,ERR,ERR,ERR,ERR,ERR,ERR,ERR,ERR,ERR,ERR,ERR,ERR,ERR,ERR,ERR,ERR,ERR,ERR,ERR,ERR,ERR,ERR,ERR,ERR,ERR,ERR,ERR,ERR,ERR,ERR,34.0,80.0,35,0.0,0.0,0.0,0.0,0.0,0.0,0.0,0.0,0.0,0.0,0.0,0.0,0.0,0.0,0.0,0.0,65.6,0,120,58,53,65476,0,300,0,0,8,20529,65476,0,0,57672,80.0,0.0,0.0,0.0,0.0,0.0
2026-06-18T02:42:32,ERR,ERR,ERR,ERR,ERR,ERR,ERR,ERR,ERR,ERR,ERR,ERR,ERR,ERR,ERR,ERR,ERR,ERR,ERR,ERR,ERR,ERR,ERR,ERR,ERR,ERR,ERR,ERR,ERR,ERR,ERR,ERR,ERR,ERR,ERR,ERR,ERR,ERR,ERR,ERR,ERR,ERR,ERR,ERR,ERR,ERR,ERR,ERR,ERR,ERR,ERR,ERR,ERR,ERR,ERR,ERR,ERR,ERR,ERR,ERR,ERR,ERR,ERR,ERR,ERR,ERR,ERR,ERR,ERR,ERR,ERR,ERR,ERR,ERR,ERR,ERR,ERR,ERR,ERR,ERR,ERR,ERR,ERR,ERR,ERR,ERR,ERR,ERR,ERR,ERR,ERR,ERR,ERR,ERR,ERR,ERR,ERR,ERR,ERR,ERR,ERR,ERR,ERR,ERR,ERR,ERR,ERR,ERR,ERR,ERR,ERR,ERR,ERR,ERR,ERR,ERR,ERR,ERR,ERR,ERR,ERR,ERR,ERR,ERR,ERR,2.7184312818759872e+23,0.0,0.0,2.718290229135658e+23,-1.592,1.3936040501711995e+18,7.805,-0.0,0,0,4,48927,6720,14723890282496.0,100,0.0,0.0,0.0,2.718290229135658e+23,0.0,0,0,0,0,0.0,0,0,0,0,0,0,0,0,0,0,0,0,0,0,0,0,0,0,0,0,0,0,0,0,0,0,0,0,0,0,0,0,0,26,51,50,76,65476,0,300,0,0,8,21553,0.0,-107605600.0,0.0,0.0,0.0,0.0,0.0,0.0,0.0,0.0,0.0,0.0,0.0,0.0,-2.596148429267414e+33,0.0,0.0,0.0,0.0,0.0,0.0,0.0,-2.004,0.0,-2.004,-2.004,0.0,0.0,0.0,0.0,4831.0,0.0,7265.0,2.7184312818759872e+23,0.0,-0.0,2.718431101732002e+23,0.0,0.0,0.0,0.0,77,0.0,0.0,0.0,0.0,0.0,0.0,0.0,0.0,0.0,0,0,0,0.0,0.0,0.0,0.0,0.0,0.0,0.0,0.0,0.0,0.0,0.0,0.0,0.0,0.0,0.0,0.0,0,-107875648.0,77,0.0,154,0.0,0.0,ERR,ERR,ERR,ERR,ERR,ERR,ERR,ERR,ERR,ERR,ERR,ERR,ERR,ERR,ERR,ERR,ERR,ERR,ERR,ERR,ERR,ERR,ERR,ERR,ERR,ERR,ERR,ERR,ERR,ERR,ERR,ERR,ERR,ERR,ERR,ERR,ERR,ERR,ERR,ERR,ERR,ERR,ERR,ERR,ERR,ERR,ERR,ERR,ERR,ERR,ERR,ERR,ERR,ERR,ERR,ERR,ERR,ERR,ERR,ERR,ERR,ERR,ERR,ERR,ERR,ERR,ERR,34.0,80.0,35,0.0,0.0,0.0,0.0,0.0,0.0,0.0,0.0,0.0,0.0,0.0,0.0,0.0,0.0,0.0,0.0,65.6,0,120,58,53,65476,0,300,0,0,8,20529,65476,0,0,57672,80.0,0.0,0.0,0.0,0.0,0.0
2026-06-18T02:42:33,ERR,ERR,ERR,ERR,ERR,ERR,ERR,ERR,ERR,ERR,ERR,ERR,ERR,ERR,ERR,ERR,ERR,ERR,ERR,ERR,ERR,ERR,ERR,ERR,ERR,ERR,ERR,ERR,ERR,ERR,ERR,ERR,ERR,ERR,ERR,ERR,ERR,ERR,ERR,ERR,ERR,ERR,ERR,ERR,ERR,ERR,ERR,ERR,ERR,ERR,ERR,ERR,ERR,ERR,ERR,ERR,ERR,ERR,ERR,ERR,ERR,ERR,ERR,ERR,ERR,ERR,ERR,ERR,ERR,ERR,ERR,ERR,ERR,ERR,ERR,ERR,ERR,ERR,ERR,ERR,ERR,ERR,ERR,ERR,ERR,ERR,ERR,ERR,ERR,ERR,ERR,ERR,ERR,ERR,ERR,ERR,ERR,ERR,ERR,ERR,ERR,ERR,ERR,ERR,ERR,ERR,ERR,ERR,ERR,ERR,ERR,ERR,ERR,ERR,ERR,ERR,ERR,ERR,ERR,ERR,ERR,ERR,ERR,ERR,ERR,2.7184312818759872e+23,0.0,0.0,2.718290229135658e+23,-1.592,1.3936040501711995e+18,7.805,-0.0,0,0,4,48927,6720,14723890282496.0,100,0.0,0.0,0.0,2.718290229135658e+23,0.0,0,0,0,0,0.0,0,0,0,0,0,0,0,0,0,0,0,0,0,0,0,0,0,0,0,0,0,0,0,0,0,0,0,0,0,0,0,0,0,26,51,50,76,65476,0,300,0,0,8,21553,0.0,-107605600.0,0.0,0.0,0.0,0.0,0.0,0.0,0.0,0.0,0.0,0.0,0.0,0.0,-2.596148429267414e+33,0.0,0.0,0.0,0.0,0.0,0.0,0.0,-2.004,0.0,-2.004,-2.004,0.0,0.0,0.0,0.0,4831.0,0.0,7265.0,2.7184312818759872e+23,0.0,-0.0,2.718431101732002e+23,0.0,0.0,0.0,0.0,77,0.0,0.0,0.0,0.0,0.0,0.0,0.0,0.0,0.0,0,0,0,0.0,0.0,0.0,0.0,0.0,0.0,0.0,0.0,0.0,0.0,0.0,0.0,0.0,0.0,0.0,0.0,0,-107875648.0,77,0.0,154,0.0,0.0,ERR,ERR,ERR,ERR,ERR,ERR,ERR,ERR,ERR,ERR,ERR,ERR,ERR,ERR,ERR,ERR,ERR,ERR,ERR,ERR,ERR,ERR,ERR,ERR,ERR,ERR,ERR,ERR,ERR,ERR,ERR,ERR,ERR,ERR,ERR,ERR,ERR,ERR,ERR,ERR,ERR,ERR,ERR,ERR,ERR,ERR,ERR,ERR,ERR,ERR,ERR,ERR,ERR,ERR,ERR,ERR,ERR,ERR,ERR,ERR,ERR,ERR,ERR,ERR,ERR,ERR,ERR,34.0,80.0,35,0.0,0.0,0.0,0.0,0.0,0.0,0.0,0.0,0.0,0.0,0.0,0.0,0.0,0.0,0.0,0.0,65.6,0,120,58,53,65476,0,300,0,0,8,20529,65476,0,0,57672,80.0,0.0,0.0,0.0,0.0,0.0
2026-06-18T02:42:34,ERR,ERR,ERR,ERR,ERR,ERR,ERR,ERR,ERR,ERR,ERR,ERR,ERR,ERR,ERR,ERR,ERR,ERR,ERR,ERR,ERR,ERR,ERR,ERR,ERR,ERR,ERR,ERR,ERR,ERR,ERR,ERR,ERR,ERR,ERR,ERR,ERR,ERR,ERR,ERR,ERR,ERR,ERR,ERR,ERR,ERR,ERR,ERR,ERR,ERR,ERR,ERR,ERR,ERR,ERR,ERR,ERR,ERR,ERR,ERR,ERR,ERR,ERR,ERR,ERR,ERR,ERR,ERR,ERR,ERR,ERR,ERR,ERR,ERR,ERR,ERR,ERR,ERR,ERR,ERR,ERR,ERR,ERR,ERR,ERR,ERR,ERR,ERR,ERR,ERR,ERR,ERR,ERR,ERR,ERR,ERR,ERR,ERR,ERR,ERR,ERR,ERR,ERR,ERR,ERR,ERR,ERR,ERR,ERR,ERR,ERR,ERR,ERR,ERR,ERR,ERR,ERR,ERR,ERR,ERR,ERR,ERR,ERR,ERR,ERR,2.7184312818759872e+23,0.0,0.0,2.718290229135658e+23,-1.592,1.3936040501711995e+18,7.805,-0.0,0,0,4,48927,6720,14723890282496.0,100,0.0,0.0,0.0,2.718290229135658e+23,0.0,0,0,0,0,0.0,0,0,0,0,0,0,0,0,0,0,0,0,0,0,0,0,0,0,0,0,0,0,0,0,0,0,0,0,0,0,0,0,0,26,51,50,76,65476,0,300,0,0,8,21553,0.0,-107605600.0,0.0,0.0,0.0,0.0,0.0,0.0,0.0,0.0,0.0,0.0,0.0,0.0,-2.596148429267414e+33,0.0,0.0,0.0,0.0,0.0,0.0,0.0,-2.004,0.0,-2.004,-2.004,0.0,0.0,0.0,0.0,4831.0,0.0,7265.0,2.7184312818759872e+23,0.0,-0.0,2.718431101732002e+23,0.0,0.0,0.0,0.0,77,0.0,0.0,0.0,0.0,0.0,0.0,0.0,0.0,0.0,0,0,0,0.0,0.0,0.0,0.0,0.0,0.0,0.0,0.0,0.0,0.0,0.0,0.0,0.0,0.0,0.0,0.0,0,-107875648.0,77,0.0,154,0.0,0.0,ERR,ERR,ERR,ERR,ERR,ERR,ERR,ERR,ERR,ERR,ERR,ERR,ERR,ERR,ERR,ERR,ERR,ERR,ERR,ERR,ERR,ERR,ERR,ERR,ERR,ERR,ERR,ERR,ERR,ERR,ERR,ERR,ERR,ERR,ERR,ERR,ERR,ERR,ERR,ERR,ERR,ERR,ERR,ERR,ERR,ERR,ERR,ERR,ERR,ERR,ERR,ERR,ERR,ERR,ERR,ERR,ERR,ERR,ERR,ERR,ERR,ERR,ERR,ERR,ERR,ERR,ERR,34.0,80.0,35,0.0,0.0,0.0,0.0,0.0,0.0,0.0,0.0,0.0,0.0,0.0,0.0,0.0,0.0,0.0,0.0,65.6,0,120,58,53,65476,0,300,0,0,8,20529,65476,0,0,57672,80.0,0.0,0.0,0.0,0.0,0.0
2026-06-18T02:42:35,ERR,ERR,ERR,ERR,ERR,ERR,ERR,ERR,ERR,ERR,ERR,ERR,ERR,ERR,ERR,ERR,ERR,ERR,ERR,ERR,ERR,ERR,ERR,ERR,ERR,ERR,ERR,ERR,ERR,ERR,ERR,ERR,ERR,ERR,ERR,ERR,ERR,ERR,ERR,ERR,ERR,ERR,ERR,ERR,ERR,ERR,ERR,ERR,ERR,ERR,ERR,ERR,ERR,ERR,ERR,ERR,ERR,ERR,ERR,ERR,ERR,ERR,ERR,ERR,ERR,ERR,ERR,ERR,ERR,ERR,ERR,ERR,ERR,ERR,ERR,ERR,ERR,ERR,ERR,ERR,ERR,ERR,ERR,ERR,ERR,ERR,ERR,ERR,ERR,ERR,ERR,ERR,ERR,ERR,ERR,ERR,ERR,ERR,ERR,ERR,ERR,ERR,ERR,ERR,ERR,ERR,ERR,ERR,ERR,ERR,ERR,ERR,ERR,ERR,ERR,ERR,ERR,ERR,ERR,ERR,ERR,ERR,ERR,ERR,ERR,2.7184312818759872e+23,0.0,0.0,2.718290229135658e+23,-1.592,1.3936040501711995e+18,7.805,-0.0,0,0,4,48927,6720,14723890282496.0,100,0.0,0.0,0.0,2.718290229135658e+23,0.0,0,0,0,0,0.0,0,0,0,0,0,0,0,0,0,0,0,0,0,0,0,0,0,0,0,0,0,0,0,0,0,0,0,0,0,0,0,0,0,26,51,50,76,65476,0,300,0,0,8,21553,0.0,-107605600.0,0.0,0.0,0.0,0.0,0.0,0.0,0.0,0.0,0.0,0.0,0.0,0.0,-2.596148429267414e+33,0.0,0.0,0.0,0.0,0.0,0.0,0.0,-2.004,0.0,-2.004,-2.004,0.0,0.0,0.0,0.0,4831.0,0.0,7265.0,2.7184312818759872e+23,0.0,-0.0,2.718431101732002e+23,0.0,0.0,0.0,0.0,77,0.0,0.0,0.0,0.0,0.0,0.0,0.0,0.0,0.0,0,0,0,0.0,0.0,0.0,0.0,0.0,0.0,0.0,0.0,0.0,0.0,0.0,0.0,0.0,0.0,0.0,0.0,0,-107875648.0,77,0.0,154,0.0,0.0,ERR,ERR,ERR,ERR,ERR,ERR,ERR,ERR,ERR,ERR,ERR,ERR,ERR,ERR,ERR,ERR,ERR,ERR,ERR,ERR,ERR,ERR,ERR,ERR,ERR,ERR,ERR,ERR,ERR,ERR,ERR,ERR,ERR,ERR,ERR,ERR,ERR,ERR,ERR,ERR,ERR,ERR,ERR,ERR,ERR,ERR,ERR,ERR,ERR,ERR,ERR,ERR,ERR,ERR,ERR,ERR,ERR,ERR,ERR,ERR,ERR,ERR,ERR,ERR,ERR,ERR,ERR,34.0,80.0,35,0.0,0.0,0.0,0.0,0.0,0.0,0.0,0.0,0.0,0.0,0.0,0.0,0.0,0.0,0.0,0.0,65.6,0,120,58,53,65476,0,300,0,0,8,20529,65476,0,0,57672,80.0,0.0,0.0,0.0,0.0,0.0
2026-06-18T02:42:36,ERR,ERR,ERR,ERR,ERR,ERR,ERR,ERR,ERR,ERR,ERR,ERR,ERR,ERR,ERR,ERR,ERR,ERR,ERR,ERR,ERR,ERR,ERR,ERR,ERR,ERR,ERR,ERR,ERR,ERR,ERR,ERR,ERR,ERR,ERR,ERR,ERR,ERR,ERR,ERR,ERR,ERR,ERR,ERR,ERR,ERR,ERR,ERR,ERR,ERR,ERR,ERR,ERR,ERR,ERR,ERR,ERR,ERR,ERR,ERR,ERR,ERR,ERR,ERR,ERR,ERR,ERR,ERR,ERR,ERR,ERR,ERR,ERR,ERR,ERR,ERR,ERR,ERR,ERR,ERR,ERR,ERR,ERR,ERR,ERR,ERR,ERR,ERR,ERR,ERR,ERR,ERR,ERR,ERR,ERR,ERR,ERR,ERR,ERR,ERR,ERR,ERR,ERR,ERR,ERR,ERR,ERR,ERR,ERR,ERR,ERR,ERR,ERR,ERR,ERR,ERR,ERR,ERR,ERR,ERR,ERR,ERR,ERR,ERR,ERR,0.0,0.0,-0.0,0.0,nan,1.3936040501711995e+18,7.805,118629576.0,0,0,4,48952,6720,14723890282496.0,100,0.0,0.0,0.0,-107609184.0,0.0,0,0,0,0,0.0,0,0,0,0,0,0,0,0,0,0,0,0,0,0,0,0,0,0,0,0,0,0,0,0,0,0,0,0,0,0,0,0,0,26,51,50,76,65476,0,300,0,0,8,21553,0.0,-107605600.0,0.0,0.0,0.0,0.0,0.0,0.0,0.0,0.0,0.0,0.0,0.0,0.0,0.0,0.0,0.0,0.0,0.0,0.0,0.0,0.0,-2.004,0.0,-2.004,-2.004,0.0,0.0,0.0,0.0,4831.0,0.0,7266.0,2.7184312818759872e+23,0.0,-0.0,2.718431101732002e+23,0.0,0.0,0.0,0.0,77,-5.848083809157084e+35,0.0,0.0,0.0,0.0,0.0,0.0,0.0,0.0,0,0,0,0.0,0.0,0.0,0.0,0.0,0.0,0.0,0.0,0.0,0.0,0.0,0.0,0.0,0.0,0.0,0.0,0,-107875648.0,77,0.0,154,0.0,0.0,ERR,ERR,ERR,ERR,ERR,ERR,ERR,ERR,ERR,ERR,ERR,ERR,ERR,ERR,ERR,ERR,ERR,ERR,ERR,ERR,ERR,ERR,ERR,ERR,ERR,ERR,ERR,ERR,ERR,ERR,ERR,ERR,ERR,ERR,ERR,ERR,ERR,ERR,ERR,ERR,ERR,ERR,ERR,ERR,ERR,ERR,ERR,ERR,ERR,ERR,ERR,ERR,ERR,ERR,ERR,ERR,ERR,ERR,ERR,ERR,ERR,ERR,ERR,ERR,ERR,ERR,ERR,34.0,80.0,35,0.0,0.0,0.0,0.0,0.0,0.0,0.0,0.0,0.0,0.0,0.0,0.0,0.0,0.0,0.0,0.0,65.6,0,120,58,53,65476,0,300,0,0,8,20529,65476,0,0,57672,80.0,0.0,0.0,0.0,0.0,0.0
2026-06-18T02:42:37,ERR,ERR,ERR,ERR,ERR,ERR,ERR,ERR,ERR,ERR,ERR,ERR,ERR,ERR,ERR,ERR,ERR,ERR,ERR,ERR,ERR,ERR,ERR,ERR,ERR,ERR,ERR,ERR,ERR,ERR,ERR,ERR,ERR,ERR,ERR,ERR,ERR,ERR,ERR,ERR,ERR,ERR,ERR,ERR,ERR,ERR,ERR,ERR,ERR,ERR,ERR,ERR,ERR,ERR,ERR,ERR,ERR,ERR,ERR,ERR,ERR,ERR,ERR,ERR,ERR,ERR,ERR,ERR,ERR,ERR,ERR,ERR,ERR,ERR,ERR,ERR,ERR,ERR,ERR,ERR,ERR,ERR,ERR,ERR,ERR,ERR,ERR,ERR,ERR,ERR,ERR,ERR,ERR,ERR,ERR,ERR,ERR,ERR,ERR,ERR,ERR,ERR,ERR,ERR,ERR,ERR,ERR,ERR,ERR,ERR,ERR,ERR,ERR,ERR,ERR,ERR,ERR,ERR,ERR,ERR,ERR,ERR,ERR,ERR,ERR,0.0,0.0,-0.0,0.0,nan,1.3936040501711995e+18,7.805,118629576.0,0,0,4,48952,6720,14723890282496.0,100,0.0,0.0,0.0,-107609184.0,0.0,0,0,0,0,0.0,0,0,0,0,0,0,0,0,0,0,0,0,0,0,0,0,0,0,0,0,0,0,0,0,0,0,0,0,0,0,0,0,0,26,51,50,76,65476,0,300,0,0,8,21553,0.0,-107605600.0,0.0,0.0,0.0,0.0,0.0,0.0,0.0,0.0,0.0,0.0,0.0,0.0,0.0,0.0,0.0,0.0,0.0,0.0,0.0,0.0,-2.004,0.0,-2.004,-2.004,0.0,0.0,0.0,0.0,4831.0,0.0,7266.0,2.7184312818759872e+23,0.0,-0.0,2.718431101732002e+23,0.0,0.0,0.0,0.0,77,-5.848083809157084e+35,0.0,0.0,0.0,0.0,0.0,0.0,0.0,0.0,0,0,0,0.0,0.0,0.0,0.0,0.0,0.0,0.0,0.0,0.0,0.0,0.0,0.0,0.0,0.0,0.0,0.0,0,-107875648.0,77,0.0,154,0.0,0.0,ERR,ERR,ERR,ERR,ERR,ERR,ERR,ERR,ERR,ERR,ERR,ERR,ERR,ERR,ERR,ERR,ERR,ERR,ERR,ERR,ERR,ERR,ERR,ERR,ERR,ERR,ERR,ERR,ERR,ERR,ERR,ERR,ERR,ERR,ERR,ERR,ERR,ERR,ERR,ERR,ERR,ERR,ERR,ERR,ERR,ERR,ERR,ERR,ERR,ERR,ERR,ERR,ERR,ERR,ERR,ERR,ERR,ERR,ERR,ERR,ERR,ERR,ERR,ERR,ERR,ERR,ERR,34.0,80.0,35,0.0,0.0,0.0,0.0,0.0,0.0,0.0,0.0,0.0,0.0,0.0,0.0,0.0,0.0,0.0,0.0,65.6,0,120,58,53,65476,0,300,0,0,8,20529,65476,0,0,57672,80.0,0.0,0.0,0.0,0.0,0.0
2026-06-18T02:42:38,ERR,ERR,ERR,ERR,ERR,ERR,ERR,ERR,ERR,ERR,ERR,ERR,ERR,ERR,ERR,ERR,ERR,ERR,ERR,ERR,ERR,ERR,ERR,ERR,ERR,ERR,ERR,ERR,ERR,ERR,ERR,ERR,ERR,ERR,ERR,ERR,ERR,ERR,ERR,ERR,ERR,ERR,ERR,ERR,ERR,ERR,ERR,ERR,ERR,ERR,ERR,ERR,ERR,ERR,ERR,ERR,ERR,ERR,ERR,ERR,ERR,ERR,ERR,ERR,ERR,ERR,ERR,ERR,ERR,ERR,ERR,ERR,ERR,ERR,ERR,ERR,ERR,ERR,ERR,ERR,ERR,ERR,ERR,ERR,ERR,ERR,ERR,ERR,ERR,ERR,ERR,ERR,ERR,ERR,ERR,ERR,ERR,ERR,ERR,ERR,ERR,ERR,ERR,ERR,ERR,ERR,ERR,ERR,ERR,ERR,ERR,ERR,ERR,ERR,ERR,ERR,ERR,ERR,ERR,ERR,ERR,ERR,ERR,ERR,ERR,0.0,0.0,-0.0,0.0,nan,1.3936040501711995e+18,7.805,118629576.0,0,0,4,48952,6720,14723890282496.0,100,0.0,0.0,0.0,-107609184.0,0.0,0,0,0,0,0.0,0,0,0,0,0,0,0,0,0,0,0,0,0,0,0,0,0,0,0,0,0,0,0,0,0,0,0,0,0,0,0,0,0,26,51,50,76,65476,0,300,0,0,8,21553,0.0,-107605600.0,0.0,0.0,0.0,0.0,0.0,0.0,0.0,0.0,0.0,0.0,0.0,0.0,0.0,0.0,0.0,0.0,0.0,0.0,0.0,0.0,-2.004,0.0,-2.004,-2.004,0.0,0.0,0.0,0.0,4831.0,0.0,7266.0,2.7184312818759872e+23,0.0,-0.0,2.718431101732002e+23,0.0,0.0,0.0,0.0,77,-5.848083809157084e+35,0.0,0.0,0.0,0.0,0.0,0.0,0.0,0.0,0,0,0,0.0,0.0,0.0,0.0,0.0,0.0,0.0,0.0,0.0,0.0,0.0,0.0,0.0,0.0,0.0,0.0,0,-107875648.0,77,0.0,154,0.0,0.0,ERR,ERR,ERR,ERR,ERR,ERR,ERR,ERR,ERR,ERR,ERR,ERR,ERR,ERR,ERR,ERR,ERR,ERR,ERR,ERR,ERR,ERR,ERR,ERR,ERR,ERR,ERR,ERR,ERR,ERR,ERR,ERR,ERR,ERR,ERR,ERR,ERR,ERR,ERR,ERR,ERR,ERR,ERR,ERR,ERR,ERR,ERR,ERR,ERR,ERR,ERR,ERR,ERR,ERR,ERR,ERR,ERR,ERR,ERR,ERR,ERR,ERR,ERR,ERR,ERR,ERR,ERR,34.0,80.0,35,0.0,0.0,0.0,0.0,0.0,0.0,0.0,0.0,0.0,0.0,0.0,0.0,0.0,0.0,0.0,0.0,65.6,0,120,58,53,65476,0,300,0,0,8,20529,65476,0,0,57672,80.0,0.0,0.0,0.0,0.0,0.0
2026-06-18T02:42:39,ERR,ERR,ERR,ERR,ERR,ERR,ERR,ERR,ERR,ERR,ERR,ERR,ERR,ERR,ERR,ERR,ERR,ERR,ERR,ERR,ERR,ERR,ERR,ERR,ERR,ERR,ERR,ERR,ERR,ERR,ERR,ERR,ERR,ERR,ERR,ERR,ERR,ERR,ERR,ERR,ERR,ERR,ERR,ERR,ERR,ERR,ERR,ERR,ERR,ERR,ERR,ERR,ERR,ERR,ERR,ERR,ERR,ERR,ERR,ERR,ERR,ERR,ERR,ERR,ERR,ERR,ERR,ERR,ERR,ERR,ERR,ERR,ERR,ERR,ERR,ERR,ERR,ERR,ERR,ERR,ERR,ERR,ERR,ERR,ERR,ERR,ERR,ERR,ERR,ERR,ERR,ERR,ERR,ERR,ERR,ERR,ERR,ERR,ERR,ERR,ERR,ERR,ERR,ERR,ERR,ERR,ERR,ERR,ERR,ERR,ERR,ERR,ERR,ERR,ERR,ERR,ERR,ERR,ERR,ERR,ERR,ERR,ERR,ERR,ERR,0.0,0.0,-0.0,0.0,nan,1.3936040501711995e+18,7.805,118629576.0,0,0,4,48952,6720,14723890282496.0,100,0.0,0.0,0.0,-107609184.0,0.0,0,0,0,0,0.0,0,0,0,0,0,0,0,0,0,0,0,0,0,0,0,0,0,0,0,0,0,0,0,0,0,0,0,0,0,0,0,0,0,26,51,50,76,65476,0,300,0,0,8,21553,0.0,-107605600.0,0.0,0.0,0.0,0.0,0.0,0.0,0.0,0.0,0.0,0.0,0.0,0.0,0.0,0.0,0.0,0.0,0.0,0.0,0.0,0.0,-2.004,0.0,-2.004,-2.004,0.0,0.0,0.0,0.0,4831.0,0.0,7266.0,2.7184312818759872e+23,0.0,-0.0,2.718431101732002e+23,0.0,0.0,0.0,0.0,77,-5.848083809157084e+35,0.0,0.0,0.0,0.0,0.0,0.0,0.0,0.0,0,0,0,0.0,0.0,0.0,0.0,0.0,0.0,0.0,0.0,0.0,0.0,0.0,0.0,0.0,0.0,0.0,0.0,0,-107875648.0,77,0.0,154,0.0,0.0,ERR,ERR,ERR,ERR,ERR,ERR,ERR,ERR,ERR,ERR,ERR,ERR,ERR,ERR,ERR,ERR,ERR,ERR,ERR,ERR,ERR,ERR,ERR,ERR,ERR,ERR,ERR,ERR,ERR,ERR,ERR,ERR,ERR,ERR,ERR,ERR,ERR,ERR,ERR,ERR,ERR,ERR,ERR,ERR,ERR,ERR,ERR,ERR,ERR,ERR,ERR,ERR,ERR,ERR,ERR,ERR,ERR,ERR,ERR,ERR,ERR,ERR,ERR,ERR,ERR,ERR,ERR,34.0,80.0,35,0.0,0.0,0.0,0.0,0.0,0.0,0.0,0.0,0.0,0.0,0.0,0.0,0.0,0.0,0.0,0.0,65.6,0,120,58,53,65476,0,300,0,0,8,20529,65476,0,0,57672,80.0,0.0,0.0,0.0,0.0,0.0
2026-06-18T02:42:40,ERR,ERR,ERR,ERR,ERR,ERR,ERR,ERR,ERR,ERR,ERR,ERR,ERR,ERR,ERR,ERR,ERR,ERR,ERR,ERR,ERR,ERR,ERR,ERR,ERR,ERR,ERR,ERR,ERR,ERR,ERR,ERR,ERR,ERR,ERR,ERR,ERR,ERR,ERR,ERR,ERR,ERR,ERR,ERR,ERR,ERR,ERR,ERR,ERR,ERR,ERR,ERR,ERR,ERR,ERR,ERR,ERR,ERR,ERR,ERR,ERR,ERR,ERR,ERR,ERR,ERR,ERR,ERR,ERR,ERR,ERR,ERR,ERR,ERR,ERR,ERR,ERR,ERR,ERR,ERR,ERR,ERR,ERR,ERR,ERR,ERR,ERR,ERR,ERR,ERR,ERR,ERR,ERR,ERR,ERR,ERR,ERR,ERR,ERR,ERR,ERR,ERR,ERR,ERR,ERR,ERR,ERR,ERR,ERR,ERR,ERR,ERR,ERR,ERR,ERR,ERR,ERR,ERR,ERR,ERR,ERR,ERR,ERR,ERR,ERR,0.0,0.0,-0.0,0.0,nan,1.3936040501711995e+18,7.805,118629576.0,0,0,4,48952,6720,14723890282496.0,100,0.0,0.0,0.0,-107609184.0,0.0,0,0,0,0,0.0,0,0,0,0,0,0,0,0,0,0,0,0,0,0,0,0,0,0,0,0,0,0,0,0,0,0,0,0,0,0,0,0,0,26,51,50,76,65476,0,300,0,0,8,21553,0.0,-107605600.0,0.0,0.0,0.0,0.0,0.0,0.0,0.0,0.0,0.0,0.0,0.0,0.0,0.0,0.0,0.0,0.0,0.0,0.0,0.0,0.0,-2.004,0.0,-2.004,-2.004,0.0,0.0,0.0,0.0,4831.0,0.0,7266.0,2.7184312818759872e+23,0.0,-0.0,2.718431101732002e+23,0.0,0.0,0.0,0.0,77,-5.848083809157084e+35,0.0,0.0,0.0,0.0,0.0,0.0,0.0,0.0,0,0,0,0.0,0.0,0.0,0.0,0.0,0.0,0.0,0.0,0.0,0.0,0.0,0.0,0.0,0.0,0.0,0.0,0,-107875648.0,77,0.0,154,0.0,0.0,ERR,ERR,ERR,ERR,ERR,ERR,ERR,ERR,ERR,ERR,ERR,ERR,ERR,ERR,ERR,ERR,ERR,ERR,ERR,ERR,ERR,ERR,ERR,ERR,ERR,ERR,ERR,ERR,ERR,ERR,ERR,ERR,ERR,ERR,ERR,ERR,ERR,ERR,ERR,ERR,ERR,ERR,ERR,ERR,ERR,ERR,ERR,ERR,ERR,ERR,ERR,ERR,ERR,ERR,ERR,ERR,ERR,ERR,ERR,ERR,ERR,ERR,ERR,ERR,ERR,ERR,ERR,34.0,80.0,35,0.0,0.0,0.0,0.0,0.0,0.0,0.0,0.0,0.0,0.0,0.0,0.0,0.0,0.0,0.0,0.0,66.4,0,120,58,53,65476,0,300,0,0,8,20529,65476,0,0,57672,80.0,0.0,0.0,0.0,0.0,0.0
2026-06-18T02:42:41,ERR,ERR,ERR,ERR,ERR,ERR,ERR,ERR,ERR,ERR,ERR,ERR,ERR,ERR,ERR,ERR,ERR,ERR,ERR,ERR,ERR,ERR,ERR,ERR,ERR,ERR,ERR,ERR,ERR,ERR,ERR,ERR,ERR,ERR,ERR,ERR,ERR,ERR,ERR,ERR,ERR,ERR,ERR,ERR,ERR,ERR,ERR,ERR,ERR,ERR,ERR,ERR,ERR,ERR,ERR,ERR,ERR,ERR,ERR,ERR,ERR,ERR,ERR,ERR,ERR,ERR,ERR,ERR,ERR,ERR,ERR,ERR,ERR,ERR,ERR,ERR,ERR,ERR,ERR,ERR,ERR,ERR,ERR,ERR,ERR,ERR,ERR,ERR,ERR,ERR,ERR,ERR,ERR,ERR,ERR,ERR,ERR,ERR,ERR,ERR,ERR,ERR,ERR,ERR,ERR,ERR,ERR,ERR,ERR,ERR,ERR,ERR,ERR,ERR,ERR,ERR,ERR,ERR,ERR,ERR,ERR,ERR,ERR,ERR,ERR,0.0,0.0,-0.0,0.0,nan,1.3936040501711995e+18,7.805,118629576.0,0,0,4,48952,6720,14723890282496.0,100,0.0,0.0,0.0,-107609184.0,0.0,0,0,0,0,0.0,0,0,0,0,0,0,0,0,0,0,0,0,0,0,0,0,0,0,0,0,0,0,0,0,0,0,0,0,0,0,0,0,0,26,51,50,76,65476,0,300,0,0,8,21553,0.0,-107605600.0,0.0,0.0,0.0,0.0,0.0,0.0,0.0,0.0,0.0,0.0,0.0,0.0,0.0,0.0,0.0,0.0,0.0,0.0,0.0,0.0,-2.004,0.0,-2.004,-2.004,0.0,0.0,0.0,0.0,4831.0,0.0,7266.0,2.7184312818759872e+23,0.0,-0.0,2.718431101732002e+23,0.0,0.0,0.0,0.0,77,-5.848083809157084e+35,0.0,0.0,0.0,0.0,0.0,0.0,0.0,0.0,0,0,0,0.0,0.0,0.0,0.0,0.0,0.0,0.0,0.0,0.0,0.0,0.0,0.0,0.0,0.0,0.0,0.0,0,-107875648.0,77,0.0,154,0.0,0.0,ERR,ERR,ERR,ERR,ERR,ERR,ERR,ERR,ERR,ERR,ERR,ERR,ERR,ERR,ERR,ERR,ERR,ERR,ERR,ERR,ERR,ERR,ERR,ERR,ERR,ERR,ERR,ERR,ERR,ERR,ERR,ERR,ERR,ERR,ERR,ERR,ERR,ERR,ERR,ERR,ERR,ERR,ERR,ERR,ERR,ERR,ERR,ERR,ERR,ERR,ERR,ERR,ERR,ERR,ERR,ERR,ERR,ERR,ERR,ERR,ERR,ERR,ERR,ERR,ERR,ERR,ERR,34.0,80.0,35,0.0,0.0,0.0,0.0,0.0,0.0,0.0,0.0,0.0,0.0,0.0,0.0,0.0,0.0,0.0,0.0,66.0,0,120,58,53,65476,0,300,0,0,8,20529,65476,0,0,57672,80.0,0.0,0.0,0.0,0.0,0.0
2026-06-18T02:42:42,ERR,ERR,ERR,ERR,ERR,ERR,ERR,ERR,ERR,ERR,ERR,ERR,ERR,ERR,ERR,ERR,ERR,ERR,ERR,ERR,ERR,ERR,ERR,ERR,ERR,ERR,ERR,ERR,ERR,ERR,ERR,ERR,ERR,ERR,ERR,ERR,ERR,ERR,ERR,ERR,ERR,ERR,ERR,ERR,ERR,ERR,ERR,ERR,ERR,ERR,ERR,ERR,ERR,ERR,ERR,ERR,ERR,ERR,ERR,ERR,ERR,ERR,ERR,ERR,ERR,ERR,ERR,ERR,ERR,ERR,ERR,ERR,ERR,ERR,ERR,ERR,ERR,ERR,ERR,ERR,ERR,ERR,ERR,ERR,ERR,ERR,ERR,ERR,ERR,ERR,ERR,ERR,ERR,ERR,ERR,ERR,ERR,ERR,ERR,ERR,ERR,ERR,ERR,ERR,ERR,ERR,ERR,ERR,ERR,ERR,ERR,ERR,ERR,ERR,ERR,ERR,ERR,ERR,ERR,ERR,ERR,ERR,ERR,ERR,ERR,0.0,0.0,-0.0,0.059,nan,1.3936040501711995e+18,7.805,0.0,0,0,4,48956,6720,14723890282496.0,100,0.0,0.0,0.0,0.0,0.0,0,0,0,0,0.0,0,0,0,0,0,0,0,0,0,0,0,0,0,0,0,0,0,0,0,0,0,0,0,0,0,0,0,0,0,0,0,0,0,26,51,50,76,65476,0,300,0,0,8,21553,0.0,-107605600.0,0.0,0.0,0.0,0.0,0.0,0.0,0.0,0.0,0.0,0.0,0.0,0.0,0.0,0.0,0.0,0.0,0.0,0.0,0.0,0.0,-0.0,0.0,-2.004,-2.004,0.0,0.0,0.0,0.0,4830.0,0.0,7264.0,2.7184312818759872e+23,0.0,-0.0,2.718431101732002e+23,0.0,0.0,0.0,0.0,77,-4.950428984743027e+32,0.0,0.0,0.0,0.0,0.0,0.0,0.0,0.0,0,0,0,0.0,0.0,0.0,0.0,0.0,0.0,0.0,0.0,0.0,0.0,0.0,0.0,0.0,0.0,0.0,0.0,0,-107875648.0,77,0.0,154,0.0,0.0,ERR,ERR,ERR,ERR,ERR,ERR,ERR,ERR,ERR,ERR,ERR,ERR,ERR,ERR,ERR,ERR,ERR,ERR,ERR,ERR,ERR,ERR,ERR,ERR,ERR,ERR,ERR,ERR,ERR,ERR,ERR,ERR,ERR,ERR,ERR,ERR,ERR,ERR,ERR,ERR,ERR,ERR,ERR,ERR,ERR,ERR,ERR,ERR,ERR,ERR,ERR,ERR,ERR,ERR,ERR,ERR,ERR,ERR,ERR,ERR,ERR,ERR,ERR,ERR,ERR,ERR,ERR,34.0,80.0,35,0.0,0.0,0.0,0.0,0.0,0.0,0.0,0.0,0.0,0.0,0.0,0.0,0.0,0.0,0.0,0.0,66.0,0,120,58,53,65476,0,300,0,0,8,20529,65476,0,0,57672,80.0,0.0,0.0,0.0,0.0,0.0
2026-06-18T02:42:43,ERR,ERR,ERR,ERR,ERR,ERR,ERR,ERR,ERR,ERR,ERR,ERR,ERR,ERR,ERR,ERR,ERR,ERR,ERR,ERR,ERR,ERR,ERR,ERR,ERR,ERR,ERR,ERR,ERR,ERR,ERR,ERR,ERR,ERR,ERR,ERR,ERR,ERR,ERR,ERR,ERR,ERR,ERR,ERR,ERR,ERR,ERR,ERR,ERR,ERR,ERR,ERR,ERR,ERR,ERR,ERR,ERR,ERR,ERR,ERR,ERR,ERR,ERR,ERR,ERR,ERR,ERR,ERR,ERR,ERR,ERR,ERR,ERR,ERR,ERR,ERR,ERR,ERR,ERR,ERR,ERR,ERR,ERR,ERR,ERR,ERR,ERR,ERR,ERR,ERR,ERR,ERR,ERR,ERR,ERR,ERR,ERR,ERR,ERR,ERR,ERR,ERR,ERR,ERR,ERR,ERR,ERR,ERR,ERR,ERR,ERR,ERR,ERR,ERR,ERR,ERR,ERR,ERR,ERR,ERR,ERR,ERR,ERR,ERR,ERR,0.0,0.0,-0.0,0.059,nan,1.3936040501711995e+18,7.805,0.0,0,0,4,48956,6720,14723890282496.0,100,0.0,0.0,0.0,0.0,0.0,0,0,0,0,0.0,0,0,0,0,0,0,0,0,0,0,0,0,0,0,0,0,0,0,0,0,0,0,0,0,0,0,0,0,0,0,0,0,0,26,51,50,76,65476,0,300,0,0,8,21553,0.0,-107605600.0,0.0,0.0,0.0,0.0,0.0,0.0,0.0,0.0,0.0,0.0,0.0,0.0,0.0,0.0,0.0,0.0,0.0,0.0,0.0,0.0,-0.0,0.0,-2.004,-2.004,0.0,0.0,0.0,0.0,4830.0,0.0,7264.0,2.7184312818759872e+23,0.0,-0.0,2.718431101732002e+23,0.0,0.0,0.0,0.0,77,-4.950428984743027e+32,0.0,0.0,0.0,0.0,0.0,0.0,0.0,0.0,0,0,0,0.0,0.0,0.0,0.0,0.0,0.0,0.0,0.0,0.0,0.0,0.0,0.0,0.0,0.0,0.0,0.0,0,-107875648.0,77,0.0,154,0.0,0.0,ERR,ERR,ERR,ERR,ERR,ERR,ERR,ERR,ERR,ERR,ERR,ERR,ERR,ERR,ERR,ERR,ERR,ERR,ERR,ERR,ERR,ERR,ERR,ERR,ERR,ERR,ERR,ERR,ERR,ERR,ERR,ERR,ERR,ERR,ERR,ERR,ERR,ERR,ERR,ERR,ERR,ERR,ERR,ERR,ERR,ERR,ERR,ERR,ERR,ERR,ERR,ERR,ERR,ERR,ERR,ERR,ERR,ERR,ERR,ERR,ERR,ERR,ERR,ERR,ERR,ERR,ERR,34.0,80.0,35,0.0,0.0,0.0,0.0,0.0,0.0,0.0,0.0,0.0,0.0,0.0,0.0,0.0,0.0,0.0,0.0,66.0,0,120,58,53,65476,0,300,0,0,8,20529,65476,0,0,57672,80.0,0.0,0.0,0.0,0.0,0.0
2026-06-18T02:42:44,ERR,ERR,ERR,ERR,ERR,ERR,ERR,ERR,ERR,ERR,ERR,ERR,ERR,ERR,ERR,ERR,ERR,ERR,ERR,ERR,ERR,ERR,ERR,ERR,ERR,ERR,ERR,ERR,ERR,ERR,ERR,ERR,ERR,ERR,ERR,ERR,ERR,ERR,ERR,ERR,ERR,ERR,ERR,ERR,ERR,ERR,ERR,ERR,ERR,ERR,ERR,ERR,ERR,ERR,ERR,ERR,ERR,ERR,ERR,ERR,ERR,ERR,ERR,ERR,ERR,ERR,ERR,ERR,ERR,ERR,ERR,ERR,ERR,ERR,ERR,ERR,ERR,ERR,ERR,ERR,ERR,ERR,ERR,ERR,ERR,ERR,ERR,ERR,ERR,ERR,ERR,ERR,ERR,ERR,ERR,ERR,ERR,ERR,ERR,ERR,ERR,ERR,ERR,ERR,ERR,ERR,ERR,ERR,ERR,ERR,ERR,ERR,ERR,ERR,ERR,ERR,ERR,ERR,ERR,ERR,ERR,ERR,ERR,ERR,ERR,0.0,0.0,-0.0,0.059,nan,1.3936040501711995e+18,7.805,0.0,0,0,4,48956,6720,14723890282496.0,100,0.0,0.0,0.0,0.0,0.0,0,0,0,0,0.0,0,0,0,0,0,0,0,0,0,0,0,0,0,0,0,0,0,0,0,0,0,0,0,0,0,0,0,0,0,0,0,0,0,26,51,50,76,65476,0,300,0,0,8,21553,0.0,-107605600.0,0.0,0.0,0.0,0.0,0.0,0.0,0.0,0.0,0.0,0.0,0.0,0.0,0.0,0.0,0.0,0.0,0.0,0.0,0.0,0.0,-0.0,0.0,-2.004,-2.004,0.0,0.0,0.0,0.0,4830.0,0.0,7264.0,2.7184312818759872e+23,0.0,-0.0,2.718431101732002e+23,0.0,0.0,0.0,0.0,77,-4.950428984743027e+32,0.0,0.0,0.0,0.0,0.0,0.0,0.0,0.0,0,0,0,0.0,0.0,0.0,0.0,0.0,0.0,0.0,0.0,0.0,0.0,0.0,0.0,0.0,0.0,0.0,0.0,0,-107875648.0,77,0.0,154,0.0,0.0,ERR,ERR,ERR,ERR,ERR,ERR,ERR,ERR,ERR,ERR,ERR,ERR,ERR,ERR,ERR,ERR,ERR,ERR,ERR,ERR,ERR,ERR,ERR,ERR,ERR,ERR,ERR,ERR,ERR,ERR,ERR,ERR,ERR,ERR,ERR,ERR,ERR,ERR,ERR,ERR,ERR,ERR,ERR,ERR,ERR,ERR,ERR,ERR,ERR,ERR,ERR,ERR,ERR,ERR,ERR,ERR,ERR,ERR,ERR,ERR,ERR,ERR,ERR,ERR,ERR,ERR,ERR,34.0,80.0,35,0.0,0.0,0.0,0.0,0.0,0.0,0.0,0.0,0.0,0.0,0.0,0.0,0.0,0.0,0.0,0.0,66.0,0,120,58,53,65476,0,300,0,0,8,20529,65476,0,0,57672,80.0,0.0,0.0,0.0,0.0,0.0
2026-06-18T02:42:45,ERR,ERR,ERR,ERR,ERR,ERR,ERR,ERR,ERR,ERR,ERR,ERR,ERR,ERR,ERR,ERR,ERR,ERR,ERR,ERR,ERR,ERR,ERR,ERR,ERR,ERR,ERR,ERR,ERR,ERR,ERR,ERR,ERR,ERR,ERR,ERR,ERR,ERR,ERR,ERR,ERR,ERR,ERR,ERR,ERR,ERR,ERR,ERR,ERR,ERR,ERR,ERR,ERR,ERR,ERR,ERR,ERR,ERR,ERR,ERR,ERR,ERR,ERR,ERR,ERR,ERR,ERR,ERR,ERR,ERR,ERR,ERR,ERR,ERR,ERR,ERR,ERR,ERR,ERR,ERR,ERR,ERR,ERR,ERR,ERR,ERR,ERR,ERR,ERR,ERR,ERR,ERR,ERR,ERR,ERR,ERR,ERR,ERR,ERR,ERR,ERR,ERR,ERR,ERR,ERR,ERR,ERR,ERR,ERR,ERR,ERR,ERR,ERR,ERR,ERR,ERR,ERR,ERR,ERR,ERR,ERR,ERR,ERR,ERR,ERR,0.0,0.0,-0.0,0.059,nan,1.3936040501711995e+18,7.805,0.0,0,0,4,48956,6720,14723890282496.0,100,0.0,0.0,0.0,0.0,0.0,0,0,0,0,0.0,0,0,0,0,0,0,0,0,0,0,0,0,0,0,0,0,0,0,0,0,0,0,0,0,0,0,0,0,0,0,0,0,0,26,51,50,76,65476,0,300,0,0,8,21553,0.0,-107605600.0,0.0,0.0,0.0,0.0,0.0,0.0,0.0,0.0,0.0,0.0,0.0,0.0,0.0,0.0,0.0,0.0,0.0,0.0,0.0,0.0,-0.0,0.0,-2.004,-2.004,0.0,0.0,0.0,0.0,4830.0,0.0,7264.0,2.7184312818759872e+23,0.0,-0.0,2.718431101732002e+23,0.0,0.0,0.0,0.0,77,-4.950428984743027e+32,0.0,0.0,0.0,0.0,0.0,0.0,0.0,0.0,0,0,0,0.0,0.0,0.0,0.0,0.0,0.0,0.0,0.0,0.0,0.0,0.0,0.0,0.0,0.0,0.0,0.0,0,-107875648.0,77,0.0,154,0.0,0.0,ERR,ERR,ERR,ERR,ERR,ERR,ERR,ERR,ERR,ERR,ERR,ERR,ERR,ERR,ERR,ERR,ERR,ERR,ERR,ERR,ERR,ERR,ERR,ERR,ERR,ERR,ERR,ERR,ERR,ERR,ERR,ERR,ERR,ERR,ERR,ERR,ERR,ERR,ERR,ERR,ERR,ERR,ERR,ERR,ERR,ERR,ERR,ERR,ERR,ERR,ERR,ERR,ERR,ERR,ERR,ERR,ERR,ERR,ERR,ERR,ERR,ERR,ERR,ERR,ERR,ERR,ERR,34.0,80.0,35,0.0,0.0,0.0,0.0,0.0,0.0,0.0,0.0,0.0,0.0,0.0,0.0,0.0,0.0,0.0,0.0,65.6,0,120,58,53,65476,0,300,0,0,8,20529,65476,0,0,57672,80.0,0.0,0.0,0.0,0.0,0.0
2026-06-18T02:42:46,ERR,ERR,ERR,ERR,ERR,ERR,ERR,ERR,ERR,ERR,ERR,ERR,ERR,ERR,ERR,ERR,ERR,ERR,ERR,ERR,ERR,ERR,ERR,ERR,ERR,ERR,ERR,ERR,ERR,ERR,ERR,ERR,ERR,ERR,ERR,ERR,ERR,ERR,ERR,ERR,ERR,ERR,ERR,ERR,ERR,ERR,ERR,ERR,ERR,ERR,ERR,ERR,ERR,ERR,ERR,ERR,ERR,ERR,ERR,ERR,ERR,ERR,ERR,ERR,ERR,ERR,ERR,ERR,ERR,ERR,ERR,ERR,ERR,ERR,ERR,ERR,ERR,ERR,ERR,ERR,ERR,ERR,ERR,ERR,ERR,ERR,ERR,ERR,ERR,ERR,ERR,ERR,ERR,ERR,ERR,ERR,ERR,ERR,ERR,ERR,ERR,ERR,ERR,ERR,ERR,ERR,ERR,ERR,ERR,ERR,ERR,ERR,ERR,ERR,ERR,ERR,ERR,ERR,ERR,ERR,ERR,ERR,ERR,ERR,ERR,0.0,0.0,-0.0,0.059,nan,1.3936040501711995e+18,7.805,0.0,0,0,4,48956,6720,14723890282496.0,100,0.0,0.0,0.0,0.0,0.0,0,0,0,0,0.0,0,0,0,0,0,0,0,0,0,0,0,0,0,0,0,0,0,0,0,0,0,0,0,0,0,0,0,0,0,0,0,0,0,26,51,50,76,65476,0,300,0,0,8,21553,0.0,-107605600.0,0.0,0.0,0.0,0.0,0.0,0.0,0.0,0.0,0.0,0.0,0.0,0.0,0.0,0.0,0.0,0.0,0.0,0.0,0.0,0.0,-0.0,0.0,-2.004,-2.004,0.0,0.0,0.0,0.0,4830.0,0.0,7264.0,2.7184312818759872e+23,0.0,-0.0,2.718431101732002e+23,0.0,0.0,0.0,0.0,77,-4.950428984743027e+32,0.0,0.0,0.0,0.0,0.0,0.0,0.0,0.0,0,0,0,0.0,0.0,0.0,0.0,0.0,0.0,0.0,0.0,0.0,0.0,0.0,0.0,0.0,0.0,0.0,0.0,0,-107875648.0,77,0.0,154,0.0,0.0,ERR,ERR,ERR,ERR,ERR,ERR,ERR,ERR,ERR,ERR,ERR,ERR,ERR,ERR,ERR,ERR,ERR,ERR,ERR,ERR,ERR,ERR,ERR,ERR,ERR,ERR,ERR,ERR,ERR,ERR,ERR,ERR,ERR,ERR,ERR,ERR,ERR,ERR,ERR,ERR,ERR,ERR,ERR,ERR,ERR,ERR,ERR,ERR,ERR,ERR,ERR,ERR,ERR,ERR,ERR,ERR,ERR,ERR,ERR,ERR,ERR,ERR,ERR,ERR,ERR,ERR,ERR,34.0,80.0,35,0.0,0.0,0.0,0.0,0.0,0.0,0.0,0.0,0.0,0.0,0.0,0.0,0.0,0.0,0.0,0.0,65.6,0,120,58,53,65476,0,300,0,0,8,20529,65476,0,0,57672,80.0,0.0,0.0,0.0,0.0,0.0
2026-06-18T02:42:47,ERR,ERR,ERR,ERR,ERR,ERR,ERR,ERR,ERR,ERR,ERR,ERR,ERR,ERR,ERR,ERR,ERR,ERR,ERR,ERR,ERR,ERR,ERR,ERR,ERR,ERR,ERR,ERR,ERR,ERR,ERR,ERR,ERR,ERR,ERR,ERR,ERR,ERR,ERR,ERR,ERR,ERR,ERR,ERR,ERR,ERR,ERR,ERR,ERR,ERR,ERR,ERR,ERR,ERR,ERR,ERR,ERR,ERR,ERR,ERR,ERR,ERR,ERR,ERR,ERR,ERR,ERR,ERR,ERR,ERR,ERR,ERR,ERR,ERR,ERR,ERR,ERR,ERR,ERR,ERR,ERR,ERR,ERR,ERR,ERR,ERR,ERR,ERR,ERR,ERR,ERR,ERR,ERR,ERR,ERR,ERR,ERR,ERR,ERR,ERR,ERR,ERR,ERR,ERR,ERR,ERR,ERR,ERR,ERR,ERR,ERR,ERR,ERR,ERR,ERR,ERR,ERR,ERR,ERR,ERR,ERR,ERR,ERR,ERR,ERR,2.7184312818759872e+23,0.0,0.0,2.718290229135658e+23,-1.592,1.3936040501711995e+18,7.805,-0.0,0,0,4,48954,6720,14723890282496.0,100,0.0,0.0,0.0,2.718290229135658e+23,0.0,0,0,0,0,0.0,0,0,0,0,0,0,0,0,0,0,0,0,0,0,0,0,0,0,0,0,0,0,0,0,0,0,0,0,0,0,0,0,0,26,51,50,76,65476,0,300,0,0,8,21553,0.0,-107605600.0,0.0,0.0,0.0,0.0,0.0,0.0,0.0,0.0,0.0,0.0,0.0,0.0,0.0,0.0,0.0,0.0,0.0,0.0,0.0,0.0,-2.004,0.0,-2.004,-2.004,0.0,0.0,0.0,0.0,4801.0,0.0,7233.0,2.7184312818759872e+23,0.0,-0.0,2.718431101732002e+23,0.0,0.0,0.0,0.0,77,0.0,0.0,0.0,0.0,0.0,0.0,0.0,0.0,0.0,0,0,0,0.0,0.0,0.0,0.0,0.0,0.0,0.0,0.0,0.0,0.0,0.0,0.0,0.0,0.0,0.0,0.0,0,-107875648.0,77,0.0,154,0.0,0.0,ERR,ERR,ERR,ERR,ERR,ERR,ERR,ERR,ERR,ERR,ERR,ERR,ERR,ERR,ERR,ERR,ERR,ERR,ERR,ERR,ERR,ERR,ERR,ERR,ERR,ERR,ERR,ERR,ERR,ERR,ERR,ERR,ERR,ERR,ERR,ERR,ERR,ERR,ERR,ERR,ERR,ERR,ERR,ERR,ERR,ERR,ERR,ERR,ERR,ERR,ERR,ERR,ERR,ERR,ERR,ERR,ERR,ERR,ERR,ERR,ERR,ERR,ERR,ERR,ERR,ERR,ERR,34.0,80.0,35,0.0,0.0,0.0,0.0,0.0,0.0,0.0,0.0,0.0,0.0,0.0,0.0,0.0,0.0,0.0,0.0,66.0,0,120,58,53,65476,0,300,0,0,8,20529,65476,0,0,57672,80.0,0.0,0.0,0.0,0.0,0.0
2026-06-18T02:42:48,ERR,ERR,ERR,ERR,ERR,ERR,ERR,ERR,ERR,ERR,ERR,ERR,ERR,ERR,ERR,ERR,ERR,ERR,ERR,ERR,ERR,ERR,ERR,ERR,ERR,ERR,ERR,ERR,ERR,ERR,ERR,ERR,ERR,ERR,ERR,ERR,ERR,ERR,ERR,ERR,ERR,ERR,ERR,ERR,ERR,ERR,ERR,ERR,ERR,ERR,ERR,ERR,ERR,ERR,ERR,ERR,ERR,ERR,ERR,ERR,ERR,ERR,ERR,ERR,ERR,ERR,ERR,ERR,ERR,ERR,ERR,ERR,ERR,ERR,ERR,ERR,ERR,ERR,ERR,ERR,ERR,ERR,ERR,ERR,ERR,ERR,ERR,ERR,ERR,ERR,ERR,ERR,ERR,ERR,ERR,ERR,ERR,ERR,ERR,ERR,ERR,ERR,ERR,ERR,ERR,ERR,ERR,ERR,ERR,ERR,ERR,ERR,ERR,ERR,ERR,ERR,ERR,ERR,ERR,ERR,ERR,ERR,ERR,ERR,ERR,2.7184312818759872e+23,0.0,0.0,2.718290229135658e+23,-1.592,1.3936040501711995e+18,7.805,-0.0,0,0,4,48954,6720,14723890282496.0,100,0.0,0.0,0.0,2.718290229135658e+23,0.0,0,0,0,0,0.0,0,0,0,0,0,0,0,0,0,0,0,0,0,0,0,0,0,0,0,0,0,0,0,0,0,0,0,0,0,0,0,0,0,26,51,50,76,65476,0,300,0,0,8,21553,0.0,-107605600.0,0.0,0.0,0.0,0.0,0.0,0.0,0.0,0.0,0.0,0.0,0.0,0.0,0.0,0.0,0.0,0.0,0.0,0.0,0.0,0.0,-2.004,0.0,-2.004,-2.004,0.0,0.0,0.0,0.0,4801.0,0.0,7233.0,2.7184312818759872e+23,0.0,-0.0,2.718431101732002e+23,0.0,0.0,0.0,0.0,77,0.0,0.0,0.0,0.0,0.0,0.0,0.0,0.0,0.0,0,0,0,0.0,0.0,0.0,0.0,0.0,0.0,0.0,0.0,0.0,0.0,0.0,0.0,0.0,0.0,0.0,0.0,0,-107875648.0,77,0.0,154,0.0,0.0,ERR,ERR,ERR,ERR,ERR,ERR,ERR,ERR,ERR,ERR,ERR,ERR,ERR,ERR,ERR,ERR,ERR,ERR,ERR,ERR,ERR,ERR,ERR,ERR,ERR,ERR,ERR,ERR,ERR,ERR,ERR,ERR,ERR,ERR,ERR,ERR,ERR,ERR,ERR,ERR,ERR,ERR,ERR,ERR,ERR,ERR,ERR,ERR,ERR,ERR,ERR,ERR,ERR,ERR,ERR,ERR,ERR,ERR,ERR,ERR,ERR,ERR,ERR,ERR,ERR,ERR,ERR,34.0,80.0,35,0.0,0.0,0.0,0.0,0.0,0.0,0.0,0.0,0.0,0.0,0.0,0.0,0.0,0.0,0.0,0.0,66.0,0,120,58,53,65476,0,300,0,0,8,20529,65476,0,0,57672,80.0,0.0,0.0,0.0,0.0,0.0
2026-06-18T02:42:49,ERR,ERR,ERR,ERR,ERR,ERR,ERR,ERR,ERR,ERR,ERR,ERR,ERR,ERR,ERR,ERR,ERR,ERR,ERR,ERR,ERR,ERR,ERR,ERR,ERR,ERR,ERR,ERR,ERR,ERR,ERR,ERR,ERR,ERR,ERR,ERR,ERR,ERR,ERR,ERR,ERR,ERR,ERR,ERR,ERR,ERR,ERR,ERR,ERR,ERR,ERR,ERR,ERR,ERR,ERR,ERR,ERR,ERR,ERR,ERR,ERR,ERR,ERR,ERR,ERR,ERR,ERR,ERR,ERR,ERR,ERR,ERR,ERR,ERR,ERR,ERR,ERR,ERR,ERR,ERR,ERR,ERR,ERR,ERR,ERR,ERR,ERR,ERR,ERR,ERR,ERR,ERR,ERR,ERR,ERR,ERR,ERR,ERR,ERR,ERR,ERR,ERR,ERR,ERR,ERR,ERR,ERR,ERR,ERR,ERR,ERR,ERR,ERR,ERR,ERR,ERR,ERR,ERR,ERR,ERR,ERR,ERR,ERR,ERR,ERR,2.7184312818759872e+23,0.0,0.0,2.718290229135658e+23,-1.592,1.3936040501711995e+18,7.805,-0.0,0,0,4,48954,6720,14723890282496.0,100,0.0,0.0,0.0,2.718290229135658e+23,0.0,0,0,0,0,0.0,0,0,0,0,0,0,0,0,0,0,0,0,0,0,0,0,0,0,0,0,0,0,0,0,0,0,0,0,0,0,0,0,0,26,51,50,76,65476,0,300,0,0,8,21553,0.0,-107605600.0,0.0,0.0,0.0,0.0,0.0,0.0,0.0,0.0,0.0,0.0,0.0,0.0,0.0,0.0,0.0,0.0,0.0,0.0,0.0,0.0,-2.004,0.0,-2.004,-2.004,0.0,0.0,0.0,0.0,4801.0,0.0,7233.0,2.7184312818759872e+23,0.0,-0.0,2.718431101732002e+23,0.0,0.0,0.0,0.0,77,0.0,0.0,0.0,0.0,0.0,0.0,0.0,0.0,0.0,0,0,0,0.0,0.0,0.0,0.0,0.0,0.0,0.0,0.0,0.0,0.0,0.0,0.0,0.0,0.0,0.0,0.0,0,-107875648.0,77,0.0,154,0.0,0.0,ERR,ERR,ERR,ERR,ERR,ERR,ERR,ERR,ERR,ERR,ERR,ERR,ERR,ERR,ERR,ERR,ERR,ERR,ERR,ERR,ERR,ERR,ERR,ERR,ERR,ERR,ERR,ERR,ERR,ERR,ERR,ERR,ERR,ERR,ERR,ERR,ERR,ERR,ERR,ERR,ERR,ERR,ERR,ERR,ERR,ERR,ERR,ERR,ERR,ERR,ERR,ERR,ERR,ERR,ERR,ERR,ERR,ERR,ERR,ERR,ERR,ERR,ERR,ERR,ERR,ERR,ERR,34.0,80.0,35,0.0,0.0,0.0,0.0,0.0,0.0,0.0,0.0,0.0,0.0,0.0,0.0,0.0,0.0,0.0,0.0,65.6,0,120,58,53,65476,0,300,0,0,8,20529,65476,0,0,57672,80.0,0.0,0.0,0.0,0.0,0.0
2026-06-18T02:42:50,ERR,ERR,ERR,ERR,ERR,ERR,ERR,ERR,ERR,ERR,ERR,ERR,ERR,ERR,ERR,ERR,ERR,ERR,ERR,ERR,ERR,ERR,ERR,ERR,ERR,ERR,ERR,ERR,ERR,ERR,ERR,ERR,ERR,ERR,ERR,ERR,ERR,ERR,ERR,ERR,ERR,ERR,ERR,ERR,ERR,ERR,ERR,ERR,ERR,ERR,ERR,ERR,ERR,ERR,ERR,ERR,ERR,ERR,ERR,ERR,ERR,ERR,ERR,ERR,ERR,ERR,ERR,ERR,ERR,ERR,ERR,ERR,ERR,ERR,ERR,ERR,ERR,ERR,ERR,ERR,ERR,ERR,ERR,ERR,ERR,ERR,ERR,ERR,ERR,ERR,ERR,ERR,ERR,ERR,ERR,ERR,ERR,ERR,ERR,ERR,ERR,ERR,ERR,ERR,ERR,ERR,ERR,ERR,ERR,ERR,ERR,ERR,ERR,ERR,ERR,ERR,ERR,ERR,ERR,ERR,ERR,ERR,ERR,ERR,ERR,2.7184312818759872e+23,0.0,0.0,2.718290229135658e+23,-1.592,1.3936040501711995e+18,7.805,-0.0,0,0,4,48954,6720,14723890282496.0,100,0.0,0.0,0.0,2.718290229135658e+23,0.0,0,0,0,0,0.0,0,0,0,0,0,0,0,0,0,0,0,0,0,0,0,0,0,0,0,0,0,0,0,0,0,0,0,0,0,0,0,0,0,26,51,50,76,65476,0,300,0,0,8,21553,0.0,-107605600.0,0.0,0.0,0.0,0.0,0.0,0.0,0.0,0.0,0.0,0.0,0.0,0.0,0.0,0.0,0.0,0.0,0.0,0.0,0.0,0.0,-2.004,0.0,-2.004,-2.004,0.0,0.0,0.0,0.0,4801.0,0.0,7233.0,2.7184312818759872e+23,0.0,-0.0,2.718431101732002e+23,0.0,0.0,0.0,0.0,77,0.0,0.0,0.0,0.0,0.0,0.0,0.0,0.0,0.0,0,0,0,0.0,0.0,0.0,0.0,0.0,0.0,0.0,0.0,0.0,0.0,0.0,0.0,0.0,0.0,0.0,0.0,0,-107875648.0,77,0.0,154,0.0,0.0,ERR,ERR,ERR,ERR,ERR,ERR,ERR,ERR,ERR,ERR,ERR,ERR,ERR,ERR,ERR,ERR,ERR,ERR,ERR,ERR,ERR,ERR,ERR,ERR,ERR,ERR,ERR,ERR,ERR,ERR,ERR,ERR,ERR,ERR,ERR,ERR,ERR,ERR,ERR,ERR,ERR,ERR,ERR,ERR,ERR,ERR,ERR,ERR,ERR,ERR,ERR,ERR,ERR,ERR,ERR,ERR,ERR,ERR,ERR,ERR,ERR,ERR,ERR,ERR,ERR,ERR,ERR,34.0,80.0,35,0.0,0.0,0.0,0.0,0.0,0.0,0.0,0.0,0.0,0.0,0.0,0.0,0.0,0.0,0.0,0.0,65.6,0,120,58,53,65476,0,300,0,0,8,20529,65476,0,0,57672,80.0,0.0,0.0,0.0,0.0,0.0
2026-06-18T02:42:51,ERR,ERR,ERR,ERR,ERR,ERR,ERR,ERR,ERR,ERR,ERR,ERR,ERR,ERR,ERR,ERR,ERR,ERR,ERR,ERR,ERR,ERR,ERR,ERR,ERR,ERR,ERR,ERR,ERR,ERR,ERR,ERR,ERR,ERR,ERR,ERR,ERR,ERR,ERR,ERR,ERR,ERR,ERR,ERR,ERR,ERR,ERR,ERR,ERR,ERR,ERR,ERR,ERR,ERR,ERR,ERR,ERR,ERR,ERR,ERR,ERR,ERR,ERR,ERR,ERR,ERR,ERR,ERR,ERR,ERR,ERR,ERR,ERR,ERR,ERR,ERR,ERR,ERR,ERR,ERR,ERR,ERR,ERR,ERR,ERR,ERR,ERR,ERR,ERR,ERR,ERR,ERR,ERR,ERR,ERR,ERR,ERR,ERR,ERR,ERR,ERR,ERR,ERR,ERR,ERR,ERR,ERR,ERR,ERR,ERR,ERR,ERR,ERR,ERR,ERR,ERR,ERR,ERR,ERR,ERR,ERR,ERR,ERR,ERR,ERR,2.7184312818759872e+23,0.0,0.0,2.718290229135658e+23,-1.592,1.3936040501711995e+18,7.805,-0.0,0,0,4,48954,6720,14723890282496.0,100,0.0,0.0,0.0,2.718290229135658e+23,0.0,0,0,0,0,0.0,0,0,0,0,0,0,0,0,0,0,0,0,0,0,0,0,0,0,0,0,0,0,0,0,0,0,0,0,0,0,0,0,0,26,51,50,76,65476,0,300,0,0,8,21553,0.0,-107605600.0,0.0,0.0,0.0,0.0,0.0,0.0,0.0,0.0,0.0,0.0,0.0,0.0,0.0,0.0,0.0,0.0,0.0,0.0,0.0,0.0,-2.004,0.0,-2.004,-2.004,0.0,0.0,0.0,0.0,4801.0,0.0,7233.0,2.7184312818759872e+23,0.0,-0.0,2.718431101732002e+23,0.0,0.0,0.0,0.0,77,0.0,0.0,0.0,0.0,0.0,0.0,0.0,0.0,0.0,0,0,0,0.0,0.0,0.0,0.0,0.0,0.0,0.0,0.0,0.0,0.0,0.0,0.0,0.0,0.0,0.0,0.0,0,-107875648.0,77,0.0,154,0.0,0.0,ERR,ERR,ERR,ERR,ERR,ERR,ERR,ERR,ERR,ERR,ERR,ERR,ERR,ERR,ERR,ERR,ERR,ERR,ERR,ERR,ERR,ERR,ERR,ERR,ERR,ERR,ERR,ERR,ERR,ERR,ERR,ERR,ERR,ERR,ERR,ERR,ERR,ERR,ERR,ERR,ERR,ERR,ERR,ERR,ERR,ERR,ERR,ERR,ERR,ERR,ERR,ERR,ERR,ERR,ERR,ERR,ERR,ERR,ERR,ERR,ERR,ERR,ERR,ERR,ERR,ERR,ERR,34.0,80.0,35,0.0,0.0,0.0,0.0,0.0,0.0,0.0,0.0,0.0,0.0,0.0,0.0,0.0,0.0,0.0,0.0,66.0,0,120,58,53,65476,0,300,0,0,8,20529,65476,0,0,57672,80.0,0.0,0.0,0.0,0.0,0.0
2026-06-18T02:42:52,ERR,ERR,ERR,ERR,ERR,ERR,ERR,ERR,ERR,ERR,ERR,ERR,ERR,ERR,ERR,ERR,ERR,ERR,ERR,ERR,ERR,ERR,ERR,ERR,ERR,ERR,ERR,ERR,ERR,ERR,ERR,ERR,ERR,ERR,ERR,ERR,ERR,ERR,ERR,ERR,ERR,ERR,ERR,ERR,ERR,ERR,ERR,ERR,ERR,ERR,ERR,ERR,ERR,ERR,ERR,ERR,ERR,ERR,ERR,ERR,ERR,ERR,ERR,ERR,ERR,ERR,ERR,ERR,ERR,ERR,ERR,ERR,ERR,ERR,ERR,ERR,ERR,ERR,ERR,ERR,ERR,ERR,ERR,ERR,ERR,ERR,ERR,ERR,ERR,ERR,ERR,ERR,ERR,ERR,ERR,ERR,ERR,ERR,ERR,ERR,ERR,ERR,ERR,ERR,ERR,ERR,ERR,ERR,ERR,ERR,ERR,ERR,ERR,ERR,ERR,ERR,ERR,ERR,ERR,ERR,ERR,ERR,ERR,ERR,ERR,2.7184312818759872e+23,0.0,0.0,-0.0,-1.584,1.3936040501711995e+18,7.805,8.60689115769574e+30,0,0,4,48961,6720,14723890282496.0,100,0.0,0.0,0.0,-4.9501291711397626e+32,0.0,0,0,0,0,0.0,0,0,0,0,0,0,0,0,0,0,0,0,0,0,0,0,0,0,0,0,0,0,0,0,0,0,0,0,0,0,0,0,0,26,51,50,76,65476,0,300,0,0,8,21553,0.0,-107605600.0,0.0,0.0,0.0,0.0,0.0,0.0,0.0,0.0,0.0,0.0,0.0,0.0,0.0,0.0,0.0,0.0,0.0,0.0,0.0,0.0,-2.004,0.0,-2.004,-0.0,0.0,0.0,0.0,0.0,4800.0,0.0,7264.0,2.7184312818759872e+23,0.0,-0.0,-0.0,0.0,0.0,0.0,0.0,77,0.0,0.0,0.0,0.0,0.0,0.0,0.0,0.0,0.0,0,0,0,0.0,0.0,0.0,0.0,0.0,0.0,0.0,0.0,0.0,0.0,0.0,0.0,0.0,0.0,0.0,0.0,0,-107875648.0,77,0.0,154,0.0,0.0,ERR,ERR,ERR,ERR,ERR,ERR,ERR,ERR,ERR,ERR,ERR,ERR,ERR,ERR,ERR,ERR,ERR,ERR,ERR,ERR,ERR,ERR,ERR,ERR,ERR,ERR,ERR,ERR,ERR,ERR,ERR,ERR,ERR,ERR,ERR,ERR,ERR,ERR,ERR,ERR,ERR,ERR,ERR,ERR,ERR,ERR,ERR,ERR,ERR,ERR,ERR,ERR,ERR,ERR,ERR,ERR,ERR,ERR,ERR,ERR,ERR,ERR,ERR,ERR,ERR,ERR,ERR,34.0,80.0,35,0.0,0.0,0.0,0.0,0.0,0.0,0.0,0.0,0.0,0.0,0.0,0.0,0.0,0.0,0.0,0.0,65.6,0,120,58,53,65476,0,300,0,0,8,20529,65476,0,0,57672,80.0,0.0,0.0,0.0,0.0,0.0
2026-06-18T02:42:53,ERR,ERR,ERR,ERR,ERR,ERR,ERR,ERR,ERR,ERR,ERR,ERR,ERR,ERR,ERR,ERR,ERR,ERR,ERR,ERR,ERR,ERR,ERR,ERR,ERR,ERR,ERR,ERR,ERR,ERR,ERR,ERR,ERR,ERR,ERR,ERR,ERR,ERR,ERR,ERR,ERR,ERR,ERR,ERR,ERR,ERR,ERR,ERR,ERR,ERR,ERR,ERR,ERR,ERR,ERR,ERR,ERR,ERR,ERR,ERR,ERR,ERR,ERR,ERR,ERR,ERR,ERR,ERR,ERR,ERR,ERR,ERR,ERR,ERR,ERR,ERR,ERR,ERR,ERR,ERR,ERR,ERR,ERR,ERR,ERR,ERR,ERR,ERR,ERR,ERR,ERR,ERR,ERR,ERR,ERR,ERR,ERR,ERR,ERR,ERR,ERR,ERR,ERR,ERR,ERR,ERR,ERR,ERR,ERR,ERR,ERR,ERR,ERR,ERR,ERR,ERR,ERR,ERR,ERR,ERR,ERR,ERR,ERR,ERR,ERR,2.7184312818759872e+23,0.0,0.0,-0.0,-1.584,1.3936040501711995e+18,7.805,8.60689115769574e+30,0,0,4,48961,6720,14723890282496.0,100,0.0,0.0,0.0,-4.9501291711397626e+32,0.0,0,0,0,0,0.0,0,0,0,0,0,0,0,0,0,0,0,0,0,0,0,0,0,0,0,0,0,0,0,0,0,0,0,0,0,0,0,0,0,26,51,50,76,65476,0,300,0,0,8,21553,0.0,-107605600.0,0.0,0.0,0.0,0.0,0.0,0.0,0.0,0.0,0.0,0.0,0.0,0.0,0.0,0.0,0.0,0.0,0.0,0.0,0.0,0.0,-2.004,0.0,-2.004,-0.0,0.0,0.0,0.0,0.0,4800.0,0.0,7264.0,2.7184312818759872e+23,0.0,-0.0,-0.0,0.0,0.0,0.0,0.0,77,0.0,0.0,0.0,0.0,0.0,0.0,0.0,0.0,0.0,0,0,0,0.0,0.0,0.0,0.0,0.0,0.0,0.0,0.0,0.0,0.0,0.0,0.0,0.0,0.0,0.0,0.0,0,-107875648.0,77,0.0,154,0.0,0.0,ERR,ERR,ERR,ERR,ERR,ERR,ERR,ERR,ERR,ERR,ERR,ERR,ERR,ERR,ERR,ERR,ERR,ERR,ERR,ERR,ERR,ERR,ERR,ERR,ERR,ERR,ERR,ERR,ERR,ERR,ERR,ERR,ERR,ERR,ERR,ERR,ERR,ERR,ERR,ERR,ERR,ERR,ERR,ERR,ERR,ERR,ERR,ERR,ERR,ERR,ERR,ERR,ERR,ERR,ERR,ERR,ERR,ERR,ERR,ERR,ERR,ERR,ERR,ERR,ERR,ERR,ERR,34.0,80.0,35,0.0,0.0,0.0,0.0,0.0,0.0,0.0,0.0,0.0,0.0,0.0,0.0,0.0,0.0,0.0,0.0,65.6,0,120,58,53,65476,0,300,0,0,8,20529,65476,0,0,57672,80.0,0.0,0.0,0.0,0.0,0.0
2026-06-18T02:42:54,ERR,ERR,ERR,ERR,ERR,ERR,ERR,ERR,ERR,ERR,ERR,ERR,ERR,ERR,ERR,ERR,ERR,ERR,ERR,ERR,ERR,ERR,ERR,ERR,ERR,ERR,ERR,ERR,ERR,ERR,ERR,ERR,ERR,ERR,ERR,ERR,ERR,ERR,ERR,ERR,ERR,ERR,ERR,ERR,ERR,ERR,ERR,ERR,ERR,ERR,ERR,ERR,ERR,ERR,ERR,ERR,ERR,ERR,ERR,ERR,ERR,ERR,ERR,ERR,ERR,ERR,ERR,ERR,ERR,ERR,ERR,ERR,ERR,ERR,ERR,ERR,ERR,ERR,ERR,ERR,ERR,ERR,ERR,ERR,ERR,ERR,ERR,ERR,ERR,ERR,ERR,ERR,ERR,ERR,ERR,ERR,ERR,ERR,ERR,ERR,ERR,ERR,ERR,ERR,ERR,ERR,ERR,ERR,ERR,ERR,ERR,ERR,ERR,ERR,ERR,ERR,ERR,ERR,ERR,ERR,ERR,ERR,ERR,ERR,ERR,2.7184312818759872e+23,0.0,0.0,-0.0,-1.584,1.3936040501711995e+18,7.805,8.60689115769574e+30,0,0,4,48961,6720,14723890282496.0,100,0.0,0.0,0.0,-4.9501291711397626e+32,0.0,0,0,0,0,0.0,0,0,0,0,0,0,0,0,0,0,0,0,0,0,0,0,0,0,0,0,0,0,0,0,0,0,0,0,0,0,0,0,0,26,51,50,76,65476,0,300,0,0,8,21553,0.0,-107605600.0,0.0,0.0,0.0,0.0,0.0,0.0,0.0,0.0,0.0,0.0,0.0,0.0,0.0,0.0,0.0,0.0,0.0,0.0,0.0,0.0,-2.004,0.0,-2.004,-0.0,0.0,0.0,0.0,0.0,4800.0,0.0,7264.0,2.7184312818759872e+23,0.0,-0.0,-0.0,0.0,0.0,0.0,0.0,77,0.0,0.0,0.0,0.0,0.0,0.0,0.0,0.0,0.0,0,0,0,0.0,0.0,0.0,0.0,0.0,0.0,0.0,0.0,0.0,0.0,0.0,0.0,0.0,0.0,0.0,0.0,0,-107875648.0,77,0.0,154,0.0,0.0,ERR,ERR,ERR,ERR,ERR,ERR,ERR,ERR,ERR,ERR,ERR,ERR,ERR,ERR,ERR,ERR,ERR,ERR,ERR,ERR,ERR,ERR,ERR,ERR,ERR,ERR,ERR,ERR,ERR,ERR,ERR,ERR,ERR,ERR,ERR,ERR,ERR,ERR,ERR,ERR,ERR,ERR,ERR,ERR,ERR,ERR,ERR,ERR,ERR,ERR,ERR,ERR,ERR,ERR,ERR,ERR,ERR,ERR,ERR,ERR,ERR,ERR,ERR,ERR,ERR,ERR,ERR,34.0,80.0,35,0.0,0.0,0.0,0.0,0.0,0.0,0.0,0.0,0.0,0.0,0.0,0.0,0.0,0.0,0.0,0.0,65.6,0,120,58,53,65476,0,300,0,0,8,20529,65476,0,0,57672,80.0,0.0,0.0,0.0,0.0,0.0
2026-06-18T02:42:55,ERR,ERR,ERR,ERR,ERR,ERR,ERR,ERR,ERR,ERR,ERR,ERR,ERR,ERR,ERR,ERR,ERR,ERR,ERR,ERR,ERR,ERR,ERR,ERR,ERR,ERR,ERR,ERR,ERR,ERR,ERR,ERR,ERR,ERR,ERR,ERR,ERR,ERR,ERR,ERR,ERR,ERR,ERR,ERR,ERR,ERR,ERR,ERR,ERR,ERR,ERR,ERR,ERR,ERR,ERR,ERR,ERR,ERR,ERR,ERR,ERR,ERR,ERR,ERR,ERR,ERR,ERR,ERR,ERR,ERR,ERR,ERR,ERR,ERR,ERR,ERR,ERR,ERR,ERR,ERR,ERR,ERR,ERR,ERR,ERR,ERR,ERR,ERR,ERR,ERR,ERR,ERR,ERR,ERR,ERR,ERR,ERR,ERR,ERR,ERR,ERR,ERR,ERR,ERR,ERR,ERR,ERR,ERR,ERR,ERR,ERR,ERR,ERR,ERR,ERR,ERR,ERR,ERR,ERR,ERR,ERR,ERR,ERR,ERR,ERR,2.7184312818759872e+23,0.0,0.0,-0.0,-1.584,1.3936040501711995e+18,7.805,8.60689115769574e+30,0,0,4,48961,6720,14723890282496.0,100,0.0,0.0,0.0,-4.9501291711397626e+32,0.0,0,0,0,0,0.0,0,0,0,0,0,0,0,0,0,0,0,0,0,0,0,0,0,0,0,0,0,0,0,0,0,0,0,0,0,0,0,0,0,26,51,50,76,65476,0,300,0,0,8,21553,0.0,-107605600.0,0.0,0.0,0.0,0.0,0.0,0.0,0.0,0.0,0.0,0.0,0.0,0.0,0.0,0.0,0.0,0.0,0.0,0.0,0.0,0.0,-2.004,0.0,-2.004,-0.0,0.0,0.0,0.0,0.0,4800.0,0.0,7264.0,2.7184312818759872e+23,0.0,-0.0,-0.0,0.0,0.0,0.0,0.0,77,0.0,0.0,0.0,0.0,0.0,0.0,0.0,0.0,0.0,0,0,0,0.0,0.0,0.0,0.0,0.0,0.0,0.0,0.0,0.0,0.0,0.0,0.0,0.0,0.0,0.0,0.0,0,-107875648.0,77,0.0,154,0.0,0.0,ERR,ERR,ERR,ERR,ERR,ERR,ERR,ERR,ERR,ERR,ERR,ERR,ERR,ERR,ERR,ERR,ERR,ERR,ERR,ERR,ERR,ERR,ERR,ERR,ERR,ERR,ERR,ERR,ERR,ERR,ERR,ERR,ERR,ERR,ERR,ERR,ERR,ERR,ERR,ERR,ERR,ERR,ERR,ERR,ERR,ERR,ERR,ERR,ERR,ERR,ERR,ERR,ERR,ERR,ERR,ERR,ERR,ERR,ERR,ERR,ERR,ERR,ERR,ERR,ERR,ERR,ERR,34.0,80.0,35,0.0,0.0,0.0,0.0,0.0,0.0,0.0,0.0,0.0,0.0,0.0,0.0,0.0,0.0,0.0,0.0,65.6,0,120,58,53,65476,0,300,0,0,8,20529,65476,0,0,57672,80.0,0.0,0.0,0.0,0.0,0.0
2026-06-18T02:42:56,ERR,ERR,ERR,ERR,ERR,ERR,ERR,ERR,ERR,ERR,ERR,ERR,ERR,ERR,ERR,ERR,ERR,ERR,ERR,ERR,ERR,ERR,ERR,ERR,ERR,ERR,ERR,ERR,ERR,ERR,ERR,ERR,ERR,ERR,ERR,ERR,ERR,ERR,ERR,ERR,ERR,ERR,ERR,ERR,ERR,ERR,ERR,ERR,ERR,ERR,ERR,ERR,ERR,ERR,ERR,ERR,ERR,ERR,ERR,ERR,ERR,ERR,ERR,ERR,ERR,ERR,ERR,ERR,ERR,ERR,ERR,ERR,ERR,ERR,ERR,ERR,ERR,ERR,ERR,ERR,ERR,ERR,ERR,ERR,ERR,ERR,ERR,ERR,ERR,ERR,ERR,ERR,ERR,ERR,ERR,ERR,ERR,ERR,ERR,ERR,ERR,ERR,ERR,ERR,ERR,ERR,ERR,ERR,ERR,ERR,ERR,ERR,ERR,ERR,ERR,ERR,ERR,ERR,ERR,ERR,ERR,ERR,ERR,ERR,ERR,2.7184312818759872e+23,0.0,0.0,-0.0,-1.584,1.3936040501711995e+18,7.805,8.60689115769574e+30,0,0,4,48961,6720,14723890282496.0,100,0.0,0.0,0.0,-4.9501291711397626e+32,0.0,0,0,0,0,0.0,0,0,0,0,0,0,0,0,0,0,0,0,0,0,0,0,0,0,0,0,0,0,0,0,0,0,0,0,0,0,0,0,0,26,51,50,76,65476,0,300,0,0,8,21553,0.0,-107605600.0,0.0,0.0,0.0,0.0,0.0,0.0,0.0,0.0,0.0,0.0,0.0,0.0,0.0,0.0,0.0,0.0,0.0,0.0,0.0,0.0,-2.004,0.0,-2.004,-0.0,0.0,0.0,0.0,0.0,4800.0,0.0,7264.0,2.7184312818759872e+23,0.0,-0.0,-0.0,0.0,0.0,0.0,0.0,77,0.0,0.0,0.0,0.0,0.0,0.0,0.0,0.0,0.0,0,0,0,0.0,0.0,0.0,0.0,0.0,0.0,0.0,0.0,0.0,0.0,0.0,0.0,0.0,0.0,0.0,0.0,0,-107875648.0,77,0.0,154,0.0,0.0,ERR,ERR,ERR,ERR,ERR,ERR,ERR,ERR,ERR,ERR,ERR,ERR,ERR,ERR,ERR,ERR,ERR,ERR,ERR,ERR,ERR,ERR,ERR,ERR,ERR,ERR,ERR,ERR,ERR,ERR,ERR,ERR,ERR,ERR,ERR,ERR,ERR,ERR,ERR,ERR,ERR,ERR,ERR,ERR,ERR,ERR,ERR,ERR,ERR,ERR,ERR,ERR,ERR,ERR,ERR,ERR,ERR,ERR,ERR,ERR,ERR,ERR,ERR,ERR,ERR,ERR,ERR,34.0,80.0,35,0.0,0.0,0.0,0.0,0.0,0.0,0.0,0.0,0.0,0.0,0.0,0.0,0.0,0.0,0.0,0.0,65.6,0,120,58,53,65476,0,300,0,0,8,20529,65476,0,0,57672,80.0,0.0,0.0,0.0,0.0,0.0
2026-06-18T02:42:57,ERR,ERR,ERR,ERR,ERR,ERR,ERR,ERR,ERR,ERR,ERR,ERR,ERR,ERR,ERR,ERR,ERR,ERR,ERR,ERR,ERR,ERR,ERR,ERR,ERR,ERR,ERR,ERR,ERR,ERR,ERR,ERR,ERR,ERR,ERR,ERR,ERR,ERR,ERR,ERR,ERR,ERR,ERR,ERR,ERR,ERR,ERR,ERR,ERR,ERR,ERR,ERR,ERR,ERR,ERR,ERR,ERR,ERR,ERR,ERR,ERR,ERR,ERR,ERR,ERR,ERR,ERR,ERR,ERR,ERR,ERR,ERR,ERR,ERR,ERR,ERR,ERR,ERR,ERR,ERR,ERR,ERR,ERR,ERR,ERR,ERR,ERR,ERR,ERR,ERR,ERR,ERR,ERR,ERR,ERR,ERR,ERR,ERR,ERR,ERR,ERR,ERR,ERR,ERR,ERR,ERR,ERR,ERR,ERR,ERR,ERR,ERR,ERR,ERR,ERR,ERR,ERR,ERR,ERR,ERR,ERR,ERR,ERR,ERR,ERR,2.7184312818759872e+23,0.0,0.0,0.059,nan,1.3936040501711995e+18,7.805,-0.001,0,0,4,48963,6720,14723890282496.0,100,0.0,0.0,0.0,-0.0,0.0,0,0,0,0,0.0,0,0,0,0,0,0,0,0,0,0,0,0,0,0,0,0,0,0,0,0,0,0,0,0,0,0,0,0,0,0,0,0,0,26,51,50,76,65476,0,300,0,0,8,21553,0.0,-107605600.0,0.0,0.0,0.0,0.0,0.0,0.0,0.0,0.0,0.0,0.0,0.0,0.0,0.0,0.0,0.0,0.0,0.0,0.0,0.0,0.0,-2.004,0.0,-2.004,-2.004,0.0,0.0,0.0,0.0,4799.0,-2.422985886919649e+24,7293.0,2.7184312818759872e+23,0.0,-0.0,-0.0,0.0,0.0,0.0,0.0,77,-5.848083809157084e+35,-2.3088264680449665e+20,0.0,0.0,0.0,0.0,0.0,0.0,0.0,0,0,0,0.0,0.0,0.0,0.0,0.0,0.0,0.0,0.0,0.0,0.0,0.0,0.0,0.0,0.0,0.0,0.0,0,-107875648.0,77,0.0,154,0.0,0.0,ERR,ERR,ERR,ERR,ERR,ERR,ERR,ERR,ERR,ERR,ERR,ERR,ERR,ERR,ERR,ERR,ERR,ERR,ERR,ERR,ERR,ERR,ERR,ERR,ERR,ERR,ERR,ERR,ERR,ERR,ERR,ERR,ERR,ERR,ERR,ERR,ERR,ERR,ERR,ERR,ERR,ERR,ERR,ERR,ERR,ERR,ERR,ERR,ERR,ERR,ERR,ERR,ERR,ERR,ERR,ERR,ERR,ERR,ERR,ERR,ERR,ERR,ERR,ERR,ERR,ERR,ERR,34.0,80.0,35,0.0,0.0,0.0,0.0,0.0,0.0,0.0,0.0,0.0,0.0,0.0,0.0,0.0,0.0,0.0,0.0,65.6,0,120,58,53,65476,0,300,0,0,8,20529,65476,0,0,57672,80.0,0.0,0.0,0.0,0.0,0.0
2026-06-18T02:42:58,ERR,ERR,ERR,ERR,ERR,ERR,ERR,ERR,ERR,ERR,ERR,ERR,ERR,ERR,ERR,ERR,ERR,ERR,ERR,ERR,ERR,ERR,ERR,ERR,ERR,ERR,ERR,ERR,ERR,ERR,ERR,ERR,ERR,ERR,ERR,ERR,ERR,ERR,ERR,ERR,ERR,ERR,ERR,ERR,ERR,ERR,ERR,ERR,ERR,ERR,ERR,ERR,ERR,ERR,ERR,ERR,ERR,ERR,ERR,ERR,ERR,ERR,ERR,ERR,ERR,ERR,ERR,ERR,ERR,ERR,ERR,ERR,ERR,ERR,ERR,ERR,ERR,ERR,ERR,ERR,ERR,ERR,ERR,ERR,ERR,ERR,ERR,ERR,ERR,ERR,ERR,ERR,ERR,ERR,ERR,ERR,ERR,ERR,ERR,ERR,ERR,ERR,ERR,ERR,ERR,ERR,ERR,ERR,ERR,ERR,ERR,ERR,ERR,ERR,ERR,ERR,ERR,ERR,ERR,ERR,ERR,ERR,ERR,ERR,ERR,2.7184312818759872e+23,0.0,0.0,0.059,nan,1.3936040501711995e+18,7.805,-0.001,0,0,4,48963,6720,14723890282496.0,100,0.0,0.0,0.0,-0.0,0.0,0,0,0,0,0.0,0,0,0,0,0,0,0,0,0,0,0,0,0,0,0,0,0,0,0,0,0,0,0,0,0,0,0,0,0,0,0,0,0,26,51,50,76,65476,0,300,0,0,8,21553,0.0,-107605600.0,0.0,0.0,0.0,0.0,0.0,0.0,0.0,0.0,0.0,0.0,0.0,0.0,0.0,0.0,0.0,0.0,0.0,0.0,0.0,0.0,-2.004,0.0,-2.004,-2.004,0.0,0.0,0.0,0.0,4799.0,-2.422985886919649e+24,7293.0,2.7184312818759872e+23,0.0,-0.0,-0.0,0.0,0.0,0.0,0.0,77,-5.848083809157084e+35,-2.3088264680449665e+20,0.0,0.0,0.0,0.0,0.0,0.0,0.0,0,0,0,0.0,0.0,0.0,0.0,0.0,0.0,0.0,0.0,0.0,0.0,0.0,0.0,0.0,0.0,0.0,0.0,0,-107875648.0,77,0.0,154,0.0,0.0,ERR,ERR,ERR,ERR,ERR,ERR,ERR,ERR,ERR,ERR,ERR,ERR,ERR,ERR,ERR,ERR,ERR,ERR,ERR,ERR,ERR,ERR,ERR,ERR,ERR,ERR,ERR,ERR,ERR,ERR,ERR,ERR,ERR,ERR,ERR,ERR,ERR,ERR,ERR,ERR,ERR,ERR,ERR,ERR,ERR,ERR,ERR,ERR,ERR,ERR,ERR,ERR,ERR,ERR,ERR,ERR,ERR,ERR,ERR,ERR,ERR,ERR,ERR,ERR,ERR,ERR,ERR,34.0,80.0,35,0.0,0.0,0.0,0.0,0.0,0.0,0.0,0.0,0.0,0.0,0.0,0.0,0.0,0.0,0.0,0.0,65.6,0,120,58,53,65476,0,300,0,0,8,20529,65476,0,0,57672,80.0,0.0,0.0,0.0,0.0,0.0
2026-06-18T02:42:59,ERR,ERR,ERR,ERR,ERR,ERR,ERR,ERR,ERR,ERR,ERR,ERR,ERR,ERR,ERR,ERR,ERR,ERR,ERR,ERR,ERR,ERR,ERR,ERR,ERR,ERR,ERR,ERR,ERR,ERR,ERR,ERR,ERR,ERR,ERR,ERR,ERR,ERR,ERR,ERR,ERR,ERR,ERR,ERR,ERR,ERR,ERR,ERR,ERR,ERR,ERR,ERR,ERR,ERR,ERR,ERR,ERR,ERR,ERR,ERR,ERR,ERR,ERR,ERR,ERR,ERR,ERR,ERR,ERR,ERR,ERR,ERR,ERR,ERR,ERR,ERR,ERR,ERR,ERR,ERR,ERR,ERR,ERR,ERR,ERR,ERR,ERR,ERR,ERR,ERR,ERR,ERR,ERR,ERR,ERR,ERR,ERR,ERR,ERR,ERR,ERR,ERR,ERR,ERR,ERR,ERR,ERR,ERR,ERR,ERR,ERR,ERR,ERR,ERR,ERR,ERR,ERR,ERR,ERR,ERR,ERR,ERR,ERR,ERR,ERR,2.7184312818759872e+23,0.0,0.0,0.059,nan,1.3936040501711995e+18,7.805,-0.001,0,0,4,48963,6720,14723890282496.0,100,0.0,0.0,0.0,-0.0,0.0,0,0,0,0,0.0,0,0,0,0,0,0,0,0,0,0,0,0,0,0,0,0,0,0,0,0,0,0,0,0,0,0,0,0,0,0,0,0,0,26,51,50,76,65476,0,300,0,0,8,21553,0.0,-107605600.0,0.0,0.0,0.0,0.0,0.0,0.0,0.0,0.0,0.0,0.0,0.0,0.0,0.0,0.0,0.0,0.0,0.0,0.0,0.0,0.0,-2.004,0.0,-2.004,-2.004,0.0,0.0,0.0,0.0,4799.0,-2.422985886919649e+24,7293.0,2.7184312818759872e+23,0.0,-0.0,-0.0,0.0,0.0,0.0,0.0,77,-5.848083809157084e+35,-2.3088264680449665e+20,0.0,0.0,0.0,0.0,0.0,0.0,0.0,0,0,0,0.0,0.0,0.0,0.0,0.0,0.0,0.0,0.0,0.0,0.0,0.0,0.0,0.0,0.0,0.0,0.0,0,-107875648.0,77,0.0,154,0.0,0.0,ERR,ERR,ERR,ERR,ERR,ERR,ERR,ERR,ERR,ERR,ERR,ERR,ERR,ERR,ERR,ERR,ERR,ERR,ERR,ERR,ERR,ERR,ERR,ERR,ERR,ERR,ERR,ERR,ERR,ERR,ERR,ERR,ERR,ERR,ERR,ERR,ERR,ERR,ERR,ERR,ERR,ERR,ERR,ERR,ERR,ERR,ERR,ERR,ERR,ERR,ERR,ERR,ERR,ERR,ERR,ERR,ERR,ERR,ERR,ERR,ERR,ERR,ERR,ERR,ERR,ERR,ERR,34.0,80.0,35,0.0,0.0,0.0,0.0,0.0,0.0,0.0,0.0,0.0,0.0,0.0,0.0,0.0,0.0,0.0,0.0,65.6,0,120,58,53,65476,0,300,0,0,8,20529,65476,0,0,57672,80.0,0.0,0.0,0.0,0.0,0.0
2026-06-18T02:43:00,ERR,ERR,ERR,ERR,ERR,ERR,ERR,ERR,ERR,ERR,ERR,ERR,ERR,ERR,ERR,ERR,ERR,ERR,ERR,ERR,ERR,ERR,ERR,ERR,ERR,ERR,ERR,ERR,ERR,ERR,ERR,ERR,ERR,ERR,ERR,ERR,ERR,ERR,ERR,ERR,ERR,ERR,ERR,ERR,ERR,ERR,ERR,ERR,ERR,ERR,ERR,ERR,ERR,ERR,ERR,ERR,ERR,ERR,ERR,ERR,ERR,ERR,ERR,ERR,ERR,ERR,ERR,ERR,ERR,ERR,ERR,ERR,ERR,ERR,ERR,ERR,ERR,ERR,ERR,ERR,ERR,ERR,ERR,ERR,ERR,ERR,ERR,ERR,ERR,ERR,ERR,ERR,ERR,ERR,ERR,ERR,ERR,ERR,ERR,ERR,ERR,ERR,ERR,ERR,ERR,ERR,ERR,ERR,ERR,ERR,ERR,ERR,ERR,ERR,ERR,ERR,ERR,ERR,ERR,ERR,ERR,ERR,ERR,ERR,ERR,2.7184312818759872e+23,0.0,0.0,0.059,nan,1.3936040501711995e+18,7.805,-0.001,0,0,4,48963,6720,14723890282496.0,100,0.0,0.0,0.0,-0.0,0.0,0,0,0,0,0.0,0,0,0,0,0,0,0,0,0,0,0,0,0,0,0,0,0,0,0,0,0,0,0,0,0,0,0,0,0,0,0,0,0,26,51,50,76,65476,0,300,0,0,8,21553,0.0,-107605600.0,0.0,0.0,0.0,0.0,0.0,0.0,0.0,0.0,0.0,0.0,0.0,0.0,0.0,0.0,0.0,0.0,0.0,0.0,0.0,0.0,-2.004,0.0,-2.004,-2.004,0.0,0.0,0.0,0.0,4799.0,-2.422985886919649e+24,7293.0,2.7184312818759872e+23,0.0,-0.0,-0.0,0.0,0.0,0.0,0.0,77,-5.848083809157084e+35,-2.3088264680449665e+20,0.0,0.0,0.0,0.0,0.0,0.0,0.0,0,0,0,0.0,0.0,0.0,0.0,0.0,0.0,0.0,0.0,0.0,0.0,0.0,0.0,0.0,0.0,0.0,0.0,0,-107875648.0,77,0.0,154,0.0,0.0,ERR,ERR,ERR,ERR,ERR,ERR,ERR,ERR,ERR,ERR,ERR,ERR,ERR,ERR,ERR,ERR,ERR,ERR,ERR,ERR,ERR,ERR,ERR,ERR,ERR,ERR,ERR,ERR,ERR,ERR,ERR,ERR,ERR,ERR,ERR,ERR,ERR,ERR,ERR,ERR,ERR,ERR,ERR,ERR,ERR,ERR,ERR,ERR,ERR,ERR,ERR,ERR,ERR,ERR,ERR,ERR,ERR,ERR,ERR,ERR,ERR,ERR,ERR,ERR,ERR,ERR,ERR,34.0,80.0,35,0.0,0.0,0.0,0.0,0.0,0.0,0.0,0.0,0.0,0.0,0.0,0.0,0.0,0.0,0.0,0.0,65.6,0,120,58,53,65476,0,300,0,0,8,20529,65476,0,0,57672,80.0,0.0,0.0,0.0,0.0,0.0
2026-06-18T02:43:01,ERR,ERR,ERR,ERR,ERR,ERR,ERR,ERR,ERR,ERR,ERR,ERR,ERR,ERR,ERR,ERR,ERR,ERR,ERR,ERR,ERR,ERR,ERR,ERR,ERR,ERR,ERR,ERR,ERR,ERR,ERR,ERR,ERR,ERR,ERR,ERR,ERR,ERR,ERR,ERR,ERR,ERR,ERR,ERR,ERR,ERR,ERR,ERR,ERR,ERR,ERR,ERR,ERR,ERR,ERR,ERR,ERR,ERR,ERR,ERR,ERR,ERR,ERR,ERR,ERR,ERR,ERR,ERR,ERR,ERR,ERR,ERR,ERR,ERR,ERR,ERR,ERR,ERR,ERR,ERR,ERR,ERR,ERR,ERR,ERR,ERR,ERR,ERR,ERR,ERR,ERR,ERR,ERR,ERR,ERR,ERR,ERR,ERR,ERR,ERR,ERR,ERR,ERR,ERR,ERR,ERR,ERR,ERR,ERR,ERR,ERR,ERR,ERR,ERR,ERR,ERR,ERR,ERR,ERR,ERR,ERR,ERR,ERR,ERR,ERR,2.7184312818759872e+23,0.0,0.0,0.059,nan,1.3936040501711995e+18,7.805,-0.001,0,0,4,48963,6720,14723890282496.0,100,0.0,0.0,0.0,-0.0,0.0,0,0,0,0,0.0,0,0,0,0,0,0,0,0,0,0,0,0,0,0,0,0,0,0,0,0,0,0,0,0,0,0,0,0,0,0,0,0,0,26,51,50,76,65476,0,300,0,0,8,21553,0.0,-107605600.0,0.0,0.0,0.0,0.0,0.0,0.0,0.0,0.0,0.0,0.0,0.0,0.0,0.0,0.0,0.0,0.0,0.0,0.0,0.0,0.0,-2.004,0.0,-2.004,-2.004,0.0,0.0,0.0,0.0,4799.0,-2.422985886919649e+24,7293.0,2.7184312818759872e+23,0.0,-0.0,-0.0,0.0,0.0,0.0,0.0,77,-5.848083809157084e+35,-2.3088264680449665e+20,0.0,0.0,0.0,0.0,0.0,0.0,0.0,0,0,0,0.0,0.0,0.0,0.0,0.0,0.0,0.0,0.0,0.0,0.0,0.0,0.0,0.0,0.0,0.0,0.0,0,-107875648.0,77,0.0,154,0.0,0.0,ERR,ERR,ERR,ERR,ERR,ERR,ERR,ERR,ERR,ERR,ERR,ERR,ERR,ERR,ERR,ERR,ERR,ERR,ERR,ERR,ERR,ERR,ERR,ERR,ERR,ERR,ERR,ERR,ERR,ERR,ERR,ERR,ERR,ERR,ERR,ERR,ERR,ERR,ERR,ERR,ERR,ERR,ERR,ERR,ERR,ERR,ERR,ERR,ERR,ERR,ERR,ERR,ERR,ERR,ERR,ERR,ERR,ERR,ERR,ERR,ERR,ERR,ERR,ERR,ERR,ERR,ERR,34.0,80.0,35,0.0,0.0,0.0,0.0,0.0,0.0,0.0,0.0,0.0,0.0,0.0,0.0,0.0,0.0,0.0,0.0,65.6,0,120,58,53,65476,0,300,0,0,8,20529,65476,0,0,57672,80.0,0.0,0.0,0.0,0.0,0.0
2026-06-18T02:43:02,ERR,ERR,ERR,ERR,ERR,ERR,ERR,ERR,ERR,ERR,ERR,ERR,ERR,ERR,ERR,ERR,ERR,ERR,ERR,ERR,ERR,ERR,ERR,ERR,ERR,ERR,ERR,ERR,ERR,ERR,ERR,ERR,ERR,ERR,ERR,ERR,ERR,ERR,ERR,ERR,ERR,ERR,ERR,ERR,ERR,ERR,ERR,ERR,ERR,ERR,ERR,ERR,ERR,ERR,ERR,ERR,ERR,ERR,ERR,ERR,ERR,ERR,ERR,ERR,ERR,ERR,ERR,ERR,ERR,ERR,ERR,ERR,ERR,ERR,ERR,ERR,ERR,ERR,ERR,ERR,ERR,ERR,ERR,ERR,ERR,ERR,ERR,ERR,ERR,ERR,ERR,ERR,ERR,ERR,ERR,ERR,ERR,ERR,ERR,ERR,ERR,ERR,ERR,ERR,ERR,ERR,ERR,ERR,ERR,ERR,ERR,ERR,ERR,ERR,ERR,ERR,ERR,ERR,ERR,ERR,ERR,ERR,ERR,ERR,ERR,2.7184312818759872e+23,0.0,0.0,0.059,nan,1.3936040501711995e+18,7.805,-0.001,0,0,4,48963,6720,14723890282496.0,100,0.0,0.0,0.0,-0.0,0.0,0,0,0,0,0.0,0,0,0,0,0,0,0,0,0,0,0,0,0,0,0,0,0,0,0,0,0,0,0,0,0,0,0,0,0,0,0,0,0,26,51,50,76,65476,0,300,0,0,8,21553,0.0,-107605600.0,0.0,0.0,0.0,0.0,0.0,0.0,0.0,0.0,0.0,0.0,0.0,0.0,0.0,0.0,0.0,0.0,0.0,0.0,0.0,0.0,-2.004,0.0,-2.004,-2.004,0.0,0.0,0.0,0.0,4799.0,-2.422985886919649e+24,7293.0,2.7184312818759872e+23,0.0,-0.0,-0.0,0.0,0.0,0.0,0.0,77,-5.848083809157084e+35,-2.3088264680449665e+20,0.0,0.0,0.0,0.0,0.0,0.0,0.0,0,0,0,0.0,0.0,0.0,0.0,0.0,0.0,0.0,0.0,0.0,0.0,0.0,0.0,0.0,0.0,0.0,0.0,0,-107875648.0,77,0.0,154,0.0,0.0,ERR,ERR,ERR,ERR,ERR,ERR,ERR,ERR,ERR,ERR,ERR,ERR,ERR,ERR,ERR,ERR,ERR,ERR,ERR,ERR,ERR,ERR,ERR,ERR,ERR,ERR,ERR,ERR,ERR,ERR,ERR,ERR,ERR,ERR,ERR,ERR,ERR,ERR,ERR,ERR,ERR,ERR,ERR,ERR,ERR,ERR,ERR,ERR,ERR,ERR,ERR,ERR,ERR,ERR,ERR,ERR,ERR,ERR,ERR,ERR,ERR,ERR,ERR,ERR,ERR,ERR,ERR,34.0,80.0,35,0.0,0.0,0.0,0.0,0.0,0.0,0.0,0.0,0.0,0.0,0.0,0.0,0.0,0.0,0.0,0.0,66.4,0,120,58,53,65476,0,300,0,0,8,20529,65476,0,0,57672,80.0,0.0,0.0,0.0,0.0,0.0
2026-06-18T02:43:03,ERR,ERR,ERR,ERR,ERR,ERR,ERR,ERR,ERR,ERR,ERR,ERR,ERR,ERR,ERR,ERR,ERR,ERR,ERR,ERR,ERR,ERR,ERR,ERR,ERR,ERR,ERR,ERR,ERR,ERR,ERR,ERR,ERR,ERR,ERR,ERR,ERR,ERR,ERR,ERR,ERR,ERR,ERR,ERR,ERR,ERR,ERR,ERR,ERR,ERR,ERR,ERR,ERR,ERR,ERR,ERR,ERR,ERR,ERR,ERR,ERR,ERR,ERR,ERR,ERR,ERR,ERR,ERR,ERR,ERR,ERR,ERR,ERR,ERR,ERR,ERR,ERR,ERR,ERR,ERR,ERR,ERR,ERR,ERR,ERR,ERR,ERR,ERR,ERR,ERR,ERR,ERR,ERR,ERR,ERR,ERR,ERR,ERR,ERR,ERR,ERR,ERR,ERR,ERR,ERR,ERR,ERR,ERR,ERR,ERR,ERR,ERR,ERR,ERR,ERR,ERR,ERR,ERR,ERR,ERR,ERR,ERR,ERR,ERR,ERR,2.7184312818759872e+23,0.0,0.0,-152005385388032.0,1.6,1.3936040501711995e+18,7.805,0.0,0,0,4,48965,6720,14723890282496.0,100,0.0,0.0,0.0,-152005385388032.0,0.0,0,0,0,0,0.0,0,0,0,0,0,0,0,0,0,0,0,0,0,0,0,0,0,0,0,0,0,0,0,0,0,0,0,0,0,0,0,0,0,26,51,50,76,65476,0,300,0,0,8,21553,0.0,-107605600.0,0.0,0.0,0.0,0.0,0.0,0.0,0.0,0.0,0.0,0.0,0.0,0.0,0.0,0.0,0.0,0.0,0.0,0.0,0.0,0.0,-2.004,0.0,-2.004,-2.004,0.0,0.0,0.0,0.0,4768.0,-1.587928030851661e+29,7294.0,2.7184312818759872e+23,0.0,-0.0,2.718431101732002e+23,0.0,0.0,0.0,0.0,77,0.0,-3.2219994468298344e+26,0.0,0.0,0.0,0.0,0.0,0.0,0.0,0,0,0,0.0,0.0,0.0,0.0,0.0,0.0,0.0,0.0,0.0,0.0,0.0,0.0,0.0,0.0,0.0,0.0,0,-107875648.0,77,0.0,154,0.0,0.0,ERR,ERR,ERR,ERR,ERR,ERR,ERR,ERR,ERR,ERR,ERR,ERR,ERR,ERR,ERR,ERR,ERR,ERR,ERR,ERR,ERR,ERR,ERR,ERR,ERR,ERR,ERR,ERR,ERR,ERR,ERR,ERR,ERR,ERR,ERR,ERR,ERR,ERR,ERR,ERR,ERR,ERR,ERR,ERR,ERR,ERR,ERR,ERR,ERR,ERR,ERR,ERR,ERR,ERR,ERR,ERR,ERR,ERR,ERR,ERR,ERR,ERR,ERR,ERR,ERR,ERR,ERR,34.0,80.0,35,0.0,0.0,0.0,0.0,0.0,0.0,0.0,0.0,0.0,0.0,0.0,0.0,0.0,0.0,0.0,0.0,66.0,0,120,58,53,65476,0,300,0,0,8,20529,65476,0,0,57672,80.0,0.0,0.0,0.0,0.0,0.0
2026-06-18T02:43:04,ERR,ERR,ERR,ERR,ERR,ERR,ERR,ERR,ERR,ERR,ERR,ERR,ERR,ERR,ERR,ERR,ERR,ERR,ERR,ERR,ERR,ERR,ERR,ERR,ERR,ERR,ERR,ERR,ERR,ERR,ERR,ERR,ERR,ERR,ERR,ERR,ERR,ERR,ERR,ERR,ERR,ERR,ERR,ERR,ERR,ERR,ERR,ERR,ERR,ERR,ERR,ERR,ERR,ERR,ERR,ERR,ERR,ERR,ERR,ERR,ERR,ERR,ERR,ERR,ERR,ERR,ERR,ERR,ERR,ERR,ERR,ERR,ERR,ERR,ERR,ERR,ERR,ERR,ERR,ERR,ERR,ERR,ERR,ERR,ERR,ERR,ERR,ERR,ERR,ERR,ERR,ERR,ERR,ERR,ERR,ERR,ERR,ERR,ERR,ERR,ERR,ERR,ERR,ERR,ERR,ERR,ERR,ERR,ERR,ERR,ERR,ERR,ERR,ERR,ERR,ERR,ERR,ERR,ERR,ERR,ERR,ERR,ERR,ERR,ERR,2.7184312818759872e+23,0.0,0.0,-152005385388032.0,1.6,1.3936040501711995e+18,7.805,0.0,0,0,4,48965,6720,14723890282496.0,100,0.0,0.0,0.0,-152005385388032.0,0.0,0,0,0,0,0.0,0,0,0,0,0,0,0,0,0,0,0,0,0,0,0,0,0,0,0,0,0,0,0,0,0,0,0,0,0,0,0,0,0,26,51,50,76,65476,0,300,0,0,8,21553,0.0,-107605600.0,0.0,0.0,0.0,0.0,0.0,0.0,0.0,0.0,0.0,0.0,0.0,0.0,0.0,0.0,0.0,0.0,0.0,0.0,0.0,0.0,-2.004,0.0,-2.004,-2.004,0.0,0.0,0.0,0.0,4768.0,-1.587928030851661e+29,7294.0,2.7184312818759872e+23,0.0,-0.0,2.718431101732002e+23,0.0,0.0,0.0,0.0,77,0.0,-3.2219994468298344e+26,0.0,0.0,0.0,0.0,0.0,0.0,0.0,0,0,0,0.0,0.0,0.0,0.0,0.0,0.0,0.0,0.0,0.0,0.0,0.0,0.0,0.0,0.0,0.0,0.0,0,-107875648.0,77,0.0,154,0.0,0.0,ERR,ERR,ERR,ERR,ERR,ERR,ERR,ERR,ERR,ERR,ERR,ERR,ERR,ERR,ERR,ERR,ERR,ERR,ERR,ERR,ERR,ERR,ERR,ERR,ERR,ERR,ERR,ERR,ERR,ERR,ERR,ERR,ERR,ERR,ERR,ERR,ERR,ERR,ERR,ERR,ERR,ERR,ERR,ERR,ERR,ERR,ERR,ERR,ERR,ERR,ERR,ERR,ERR,ERR,ERR,ERR,ERR,ERR,ERR,ERR,ERR,ERR,ERR,ERR,ERR,ERR,ERR,34.0,80.0,35,0.0,0.0,0.0,0.0,0.0,0.0,0.0,0.0,0.0,0.0,0.0,0.0,0.0,0.0,0.0,0.0,66.0,0,120,58,53,65476,0,300,0,0,8,20529,65476,0,0,57672,80.0,0.0,0.0,0.0,0.0,0.0
2026-06-18T02:43:05,ERR,ERR,ERR,ERR,ERR,ERR,ERR,ERR,ERR,ERR,ERR,ERR,ERR,ERR,ERR,ERR,ERR,ERR,ERR,ERR,ERR,ERR,ERR,ERR,ERR,ERR,ERR,ERR,ERR,ERR,ERR,ERR,ERR,ERR,ERR,ERR,ERR,ERR,ERR,ERR,ERR,ERR,ERR,ERR,ERR,ERR,ERR,ERR,ERR,ERR,ERR,ERR,ERR,ERR,ERR,ERR,ERR,ERR,ERR,ERR,ERR,ERR,ERR,ERR,ERR,ERR,ERR,ERR,ERR,ERR,ERR,ERR,ERR,ERR,ERR,ERR,ERR,ERR,ERR,ERR,ERR,ERR,ERR,ERR,ERR,ERR,ERR,ERR,ERR,ERR,ERR,ERR,ERR,ERR,ERR,ERR,ERR,ERR,ERR,ERR,ERR,ERR,ERR,ERR,ERR,ERR,ERR,ERR,ERR,ERR,ERR,ERR,ERR,ERR,ERR,ERR,ERR,ERR,ERR,ERR,ERR,ERR,ERR,ERR,ERR,2.7184312818759872e+23,0.0,0.0,-152005385388032.0,1.6,1.3936040501711995e+18,7.805,0.0,0,0,4,48965,6720,14723890282496.0,100,0.0,0.0,0.0,-152005385388032.0,0.0,0,0,0,0,0.0,0,0,0,0,0,0,0,0,0,0,0,0,0,0,0,0,0,0,0,0,0,0,0,0,0,0,0,0,0,0,0,0,0,26,51,50,76,65476,0,300,0,0,8,21553,0.0,-107605600.0,0.0,0.0,0.0,0.0,0.0,0.0,0.0,0.0,0.0,0.0,0.0,0.0,0.0,0.0,0.0,0.0,0.0,0.0,0.0,0.0,-2.004,0.0,-2.004,-2.004,0.0,0.0,0.0,0.0,4768.0,-1.587928030851661e+29,7294.0,2.7184312818759872e+23,0.0,-0.0,2.718431101732002e+23,0.0,0.0,0.0,0.0,77,0.0,-3.2219994468298344e+26,0.0,0.0,0.0,0.0,0.0,0.0,0.0,0,0,0,0.0,0.0,0.0,0.0,0.0,0.0,0.0,0.0,0.0,0.0,0.0,0.0,0.0,0.0,0.0,0.0,0,-107875648.0,77,0.0,154,0.0,0.0,ERR,ERR,ERR,ERR,ERR,ERR,ERR,ERR,ERR,ERR,ERR,ERR,ERR,ERR,ERR,ERR,ERR,ERR,ERR,ERR,ERR,ERR,ERR,ERR,ERR,ERR,ERR,ERR,ERR,ERR,ERR,ERR,ERR,ERR,ERR,ERR,ERR,ERR,ERR,ERR,ERR,ERR,ERR,ERR,ERR,ERR,ERR,ERR,ERR,ERR,ERR,ERR,ERR,ERR,ERR,ERR,ERR,ERR,ERR,ERR,ERR,ERR,ERR,ERR,ERR,ERR,ERR,34.0,80.0,35,0.0,0.0,0.0,0.0,0.0,0.0,0.0,0.0,0.0,0.0,0.0,0.0,0.0,0.0,0.0,0.0,65.6,0,120,58,53,65476,0,300,0,0,8,20529,65476,0,0,57672,80.0,0.0,0.0,0.0,0.0,0.0
2026-06-18T02:43:06,ERR,ERR,ERR,ERR,ERR,ERR,ERR,ERR,ERR,ERR,ERR,ERR,ERR,ERR,ERR,ERR,ERR,ERR,ERR,ERR,ERR,ERR,ERR,ERR,ERR,ERR,ERR,ERR,ERR,ERR,ERR,ERR,ERR,ERR,ERR,ERR,ERR,ERR,ERR,ERR,ERR,ERR,ERR,ERR,ERR,ERR,ERR,ERR,ERR,ERR,ERR,ERR,ERR,ERR,ERR,ERR,ERR,ERR,ERR,ERR,ERR,ERR,ERR,ERR,ERR,ERR,ERR,ERR,ERR,ERR,ERR,ERR,ERR,ERR,ERR,ERR,ERR,ERR,ERR,ERR,ERR,ERR,ERR,ERR,ERR,ERR,ERR,ERR,ERR,ERR,ERR,ERR,ERR,ERR,ERR,ERR,ERR,ERR,ERR,ERR,ERR,ERR,ERR,ERR,ERR,ERR,ERR,ERR,ERR,ERR,ERR,ERR,ERR,ERR,ERR,ERR,ERR,ERR,ERR,ERR,ERR,ERR,ERR,ERR,ERR,2.7184312818759872e+23,0.0,0.0,-152005385388032.0,1.6,1.3936040501711995e+18,7.805,0.0,0,0,4,48965,6720,14723890282496.0,100,0.0,0.0,0.0,-152005385388032.0,0.0,0,0,0,0,0.0,0,0,0,0,0,0,0,0,0,0,0,0,0,0,0,0,0,0,0,0,0,0,0,0,0,0,0,0,0,0,0,0,0,26,51,50,76,65476,0,300,0,0,8,21553,0.0,-107605600.0,0.0,0.0,0.0,0.0,0.0,0.0,0.0,0.0,0.0,0.0,0.0,0.0,0.0,0.0,0.0,0.0,0.0,0.0,0.0,0.0,-2.004,0.0,-2.004,-2.004,0.0,0.0,0.0,0.0,4768.0,-1.587928030851661e+29,7294.0,2.7184312818759872e+23,0.0,-0.0,2.718431101732002e+23,0.0,0.0,0.0,0.0,77,0.0,-3.2219994468298344e+26,0.0,0.0,0.0,0.0,0.0,0.0,0.0,0,0,0,0.0,0.0,0.0,0.0,0.0,0.0,0.0,0.0,0.0,0.0,0.0,0.0,0.0,0.0,0.0,0.0,0,-107875648.0,77,0.0,154,0.0,0.0,ERR,ERR,ERR,ERR,ERR,ERR,ERR,ERR,ERR,ERR,ERR,ERR,ERR,ERR,ERR,ERR,ERR,ERR,ERR,ERR,ERR,ERR,ERR,ERR,ERR,ERR,ERR,ERR,ERR,ERR,ERR,ERR,ERR,ERR,ERR,ERR,ERR,ERR,ERR,ERR,ERR,ERR,ERR,ERR,ERR,ERR,ERR,ERR,ERR,ERR,ERR,ERR,ERR,ERR,ERR,ERR,ERR,ERR,ERR,ERR,ERR,ERR,ERR,ERR,ERR,ERR,ERR,34.0,80.0,35,0.0,0.0,0.0,0.0,0.0,0.0,0.0,0.0,0.0,0.0,0.0,0.0,0.0,0.0,0.0,0.0,65.6,0,120,58,53,65476,0,300,0,0,8,20529,65476,0,0,57672,80.0,0.0,0.0,0.0,0.0,0.0
2026-06-18T02:43:07,ERR,ERR,ERR,ERR,ERR,ERR,ERR,ERR,ERR,ERR,ERR,ERR,ERR,ERR,ERR,ERR,ERR,ERR,ERR,ERR,ERR,ERR,ERR,ERR,ERR,ERR,ERR,ERR,ERR,ERR,ERR,ERR,ERR,ERR,ERR,ERR,ERR,ERR,ERR,ERR,ERR,ERR,ERR,ERR,ERR,ERR,ERR,ERR,ERR,ERR,ERR,ERR,ERR,ERR,ERR,ERR,ERR,ERR,ERR,ERR,ERR,ERR,ERR,ERR,ERR,ERR,ERR,ERR,ERR,ERR,ERR,ERR,ERR,ERR,ERR,ERR,ERR,ERR,ERR,ERR,ERR,ERR,ERR,ERR,ERR,ERR,ERR,ERR,ERR,ERR,ERR,ERR,ERR,ERR,ERR,ERR,ERR,ERR,ERR,ERR,ERR,ERR,ERR,ERR,ERR,ERR,ERR,ERR,ERR,ERR,ERR,ERR,ERR,ERR,ERR,ERR,ERR,ERR,ERR,ERR,ERR,ERR,ERR,ERR,ERR,2.7184312818759872e+23,0.0,0.0,-152005385388032.0,1.6,1.3936040501711995e+18,7.805,0.0,0,0,4,48965,6720,14723890282496.0,100,0.0,0.0,0.0,-152005385388032.0,0.0,0,0,0,0,0.0,0,0,0,0,0,0,0,0,0,0,0,0,0,0,0,0,0,0,0,0,0,0,0,0,0,0,0,0,0,0,0,0,0,26,51,50,76,65476,0,300,0,0,8,21553,0.0,-107605600.0,0.0,0.0,0.0,0.0,0.0,0.0,0.0,0.0,0.0,0.0,0.0,0.0,0.0,0.0,0.0,0.0,0.0,0.0,0.0,0.0,-2.004,0.0,-2.004,-2.004,0.0,0.0,0.0,0.0,4768.0,-1.587928030851661e+29,7294.0,2.7184312818759872e+23,0.0,-0.0,2.718431101732002e+23,0.0,0.0,0.0,0.0,77,0.0,-3.2219994468298344e+26,0.0,0.0,0.0,0.0,0.0,0.0,0.0,0,0,0,0.0,0.0,0.0,0.0,0.0,0.0,0.0,0.0,0.0,0.0,0.0,0.0,0.0,0.0,0.0,0.0,0,-107875648.0,77,0.0,154,0.0,0.0,ERR,ERR,ERR,ERR,ERR,ERR,ERR,ERR,ERR,ERR,ERR,ERR,ERR,ERR,ERR,ERR,ERR,ERR,ERR,ERR,ERR,ERR,ERR,ERR,ERR,ERR,ERR,ERR,ERR,ERR,ERR,ERR,ERR,ERR,ERR,ERR,ERR,ERR,ERR,ERR,ERR,ERR,ERR,ERR,ERR,ERR,ERR,ERR,ERR,ERR,ERR,ERR,ERR,ERR,ERR,ERR,ERR,ERR,ERR,ERR,ERR,ERR,ERR,ERR,ERR,ERR,ERR,34.0,80.0,35,0.0,0.0,0.0,0.0,0.0,0.0,0.0,0.0,0.0,0.0,0.0,0.0,0.0,0.0,0.0,0.0,65.6,0,120,58,53,65476,0,300,0,0,8,20529,65476,0,0,57672,80.0,0.0,0.0,0.0,0.0,0.0
2026-06-18T02:43:08,ERR,ERR,ERR,ERR,ERR,ERR,ERR,ERR,ERR,ERR,ERR,ERR,ERR,ERR,ERR,ERR,ERR,ERR,ERR,ERR,ERR,ERR,ERR,ERR,ERR,ERR,ERR,ERR,ERR,ERR,ERR,ERR,ERR,ERR,ERR,ERR,ERR,ERR,ERR,ERR,ERR,ERR,ERR,ERR,ERR,ERR,ERR,ERR,ERR,ERR,ERR,ERR,ERR,ERR,ERR,ERR,ERR,ERR,ERR,ERR,ERR,ERR,ERR,ERR,ERR,ERR,ERR,ERR,ERR,ERR,ERR,ERR,ERR,ERR,ERR,ERR,ERR,ERR,ERR,ERR,ERR,ERR,ERR,ERR,ERR,ERR,ERR,ERR,ERR,ERR,ERR,ERR,ERR,ERR,ERR,ERR,ERR,ERR,ERR,ERR,ERR,ERR,ERR,ERR,ERR,ERR,ERR,ERR,ERR,ERR,ERR,ERR,ERR,ERR,ERR,ERR,ERR,ERR,ERR,ERR,ERR,ERR,ERR,ERR,ERR,2.7184312818759872e+23,0.0,0.0,2.718290229135658e+23,-1.592,1.3936040501711995e+18,7.805,-0.0,0,0,4,48957,6720,14723890282496.0,100,0.0,0.0,0.0,-152005385388032.0,0.0,0,0,0,0,0.0,0,0,0,0,0,0,0,0,0,0,0,0,0,0,0,0,0,0,0,0,0,0,0,0,0,0,0,0,0,0,0,0,0,26,51,50,76,65476,0,300,0,0,8,21553,0.0,-107605600.0,0.0,0.0,0.0,0.0,0.0,0.0,0.0,0.0,0.0,0.0,0.0,0.0,0.0,0.0,0.0,0.0,0.0,0.0,0.0,0.0,-0.0,0.0,-2.004,-0.0,0.0,0.0,0.0,0.0,4800.0,2.004,7269.0,2.7184312818759872e+23,0.0,-0.0,2.718431101732002e+23,0.0,0.0,0.0,0.0,77,-4.0668804810561766e+29,0.0,0.0,0.0,0.0,0.0,0.0,0.0,0.0,0,0,0,0.0,0.0,0.0,0.0,0.0,0.0,0.0,0.0,0.0,0.0,0.0,0.0,0.0,0.0,0.0,0.0,0,-107875648.0,77,0.0,154,0.0,0.0,ERR,ERR,ERR,ERR,ERR,ERR,ERR,ERR,ERR,ERR,ERR,ERR,ERR,ERR,ERR,ERR,ERR,ERR,ERR,ERR,ERR,ERR,ERR,ERR,ERR,ERR,ERR,ERR,ERR,ERR,ERR,ERR,ERR,ERR,ERR,ERR,ERR,ERR,ERR,ERR,ERR,ERR,ERR,ERR,ERR,ERR,ERR,ERR,ERR,ERR,ERR,ERR,ERR,ERR,ERR,ERR,ERR,ERR,ERR,ERR,ERR,ERR,ERR,ERR,ERR,ERR,ERR,34.0,80.0,35,0.0,0.0,0.0,0.0,0.0,0.0,0.0,0.0,0.0,0.0,0.0,0.0,0.0,0.0,0.0,0.0,65.6,0,120,58,53,65476,0,300,0,0,8,20529,65476,0,0,57672,80.0,0.0,0.0,0.0,0.0,0.0
2026-06-18T02:43:09,ERR,ERR,ERR,ERR,ERR,ERR,ERR,ERR,ERR,ERR,ERR,ERR,ERR,ERR,ERR,ERR,ERR,ERR,ERR,ERR,ERR,ERR,ERR,ERR,ERR,ERR,ERR,ERR,ERR,ERR,ERR,ERR,ERR,ERR,ERR,ERR,ERR,ERR,ERR,ERR,ERR,ERR,ERR,ERR,ERR,ERR,ERR,ERR,ERR,ERR,ERR,ERR,ERR,ERR,ERR,ERR,ERR,ERR,ERR,ERR,ERR,ERR,ERR,ERR,ERR,ERR,ERR,ERR,ERR,ERR,ERR,ERR,ERR,ERR,ERR,ERR,ERR,ERR,ERR,ERR,ERR,ERR,ERR,ERR,ERR,ERR,ERR,ERR,ERR,ERR,ERR,ERR,ERR,ERR,ERR,ERR,ERR,ERR,ERR,ERR,ERR,ERR,ERR,ERR,ERR,ERR,ERR,ERR,ERR,ERR,ERR,ERR,ERR,ERR,ERR,ERR,ERR,ERR,ERR,ERR,ERR,ERR,ERR,ERR,ERR,2.7184312818759872e+23,0.0,0.0,2.718290229135658e+23,-1.592,1.3936040501711995e+18,7.805,-0.0,0,0,4,48957,6720,14723890282496.0,100,0.0,0.0,0.0,-152005385388032.0,0.0,0,0,0,0,0.0,0,0,0,0,0,0,0,0,0,0,0,0,0,0,0,0,0,0,0,0,0,0,0,0,0,0,0,0,0,0,0,0,0,26,51,50,76,65476,0,300,0,0,8,21553,0.0,-107605600.0,0.0,0.0,0.0,0.0,0.0,0.0,0.0,0.0,0.0,0.0,0.0,0.0,0.0,0.0,0.0,0.0,0.0,0.0,0.0,0.0,-0.0,0.0,-2.004,-0.0,0.0,0.0,0.0,0.0,4800.0,2.004,7269.0,2.7184312818759872e+23,0.0,-0.0,2.718431101732002e+23,0.0,0.0,0.0,0.0,77,-4.0668804810561766e+29,0.0,0.0,0.0,0.0,0.0,0.0,0.0,0.0,0,0,0,0.0,0.0,0.0,0.0,0.0,0.0,0.0,0.0,0.0,0.0,0.0,0.0,0.0,0.0,0.0,0.0,0,-107875648.0,77,0.0,154,0.0,0.0,ERR,ERR,ERR,ERR,ERR,ERR,ERR,ERR,ERR,ERR,ERR,ERR,ERR,ERR,ERR,ERR,ERR,ERR,ERR,ERR,ERR,ERR,ERR,ERR,ERR,ERR,ERR,ERR,ERR,ERR,ERR,ERR,ERR,ERR,ERR,ERR,ERR,ERR,ERR,ERR,ERR,ERR,ERR,ERR,ERR,ERR,ERR,ERR,ERR,ERR,ERR,ERR,ERR,ERR,ERR,ERR,ERR,ERR,ERR,ERR,ERR,ERR,ERR,ERR,ERR,ERR,ERR,34.0,80.0,35,0.0,0.0,0.0,0.0,0.0,0.0,0.0,0.0,0.0,0.0,0.0,0.0,0.0,0.0,0.0,0.0,65.6,0,120,58,53,65476,0,300,0,0,8,20529,65476,0,0,57672,80.0,0.0,0.0,0.0,0.0,0.0
2026-06-18T02:43:10,ERR,ERR,ERR,ERR,ERR,ERR,ERR,ERR,ERR,ERR,ERR,ERR,ERR,ERR,ERR,ERR,ERR,ERR,ERR,ERR,ERR,ERR,ERR,ERR,ERR,ERR,ERR,ERR,ERR,ERR,ERR,ERR,ERR,ERR,ERR,ERR,ERR,ERR,ERR,ERR,ERR,ERR,ERR,ERR,ERR,ERR,ERR,ERR,ERR,ERR,ERR,ERR,ERR,ERR,ERR,ERR,ERR,ERR,ERR,ERR,ERR,ERR,ERR,ERR,ERR,ERR,ERR,ERR,ERR,ERR,ERR,ERR,ERR,ERR,ERR,ERR,ERR,ERR,ERR,ERR,ERR,ERR,ERR,ERR,ERR,ERR,ERR,ERR,ERR,ERR,ERR,ERR,ERR,ERR,ERR,ERR,ERR,ERR,ERR,ERR,ERR,ERR,ERR,ERR,ERR,ERR,ERR,ERR,ERR,ERR,ERR,ERR,ERR,ERR,ERR,ERR,ERR,ERR,ERR,ERR,ERR,ERR,ERR,ERR,ERR,2.7184312818759872e+23,0.0,0.0,2.718290229135658e+23,-1.592,1.3936040501711995e+18,7.805,-0.0,0,0,4,48957,6720,14723890282496.0,100,0.0,0.0,0.0,-152005385388032.0,0.0,0,0,0,0,0.0,0,0,0,0,0,0,0,0,0,0,0,0,0,0,0,0,0,0,0,0,0,0,0,0,0,0,0,0,0,0,0,0,0,26,51,50,76,65476,0,300,0,0,8,21553,0.0,-107605600.0,0.0,0.0,0.0,0.0,0.0,0.0,0.0,0.0,0.0,0.0,0.0,0.0,0.0,0.0,0.0,0.0,0.0,0.0,0.0,0.0,-0.0,0.0,-2.004,-0.0,0.0,0.0,0.0,0.0,4800.0,2.004,7269.0,2.7184312818759872e+23,0.0,-0.0,2.718431101732002e+23,0.0,0.0,0.0,0.0,77,-4.0668804810561766e+29,0.0,0.0,0.0,0.0,0.0,0.0,0.0,0.0,0,0,0,0.0,0.0,0.0,0.0,0.0,0.0,0.0,0.0,0.0,0.0,0.0,0.0,0.0,0.0,0.0,0.0,0,-107875648.0,77,0.0,154,0.0,0.0,ERR,ERR,ERR,ERR,ERR,ERR,ERR,ERR,ERR,ERR,ERR,ERR,ERR,ERR,ERR,ERR,ERR,ERR,ERR,ERR,ERR,ERR,ERR,ERR,ERR,ERR,ERR,ERR,ERR,ERR,ERR,ERR,ERR,ERR,ERR,ERR,ERR,ERR,ERR,ERR,ERR,ERR,ERR,ERR,ERR,ERR,ERR,ERR,ERR,ERR,ERR,ERR,ERR,ERR,ERR,ERR,ERR,ERR,ERR,ERR,ERR,ERR,ERR,ERR,ERR,ERR,ERR,34.0,80.0,35,0.0,0.0,0.0,0.0,0.0,0.0,0.0,0.0,0.0,0.0,0.0,0.0,0.0,0.0,0.0,0.0,65.6,0,120,58,53,65476,0,300,0,0,8,20529,65476,0,0,57672,80.0,0.0,0.0,0.0,0.0,0.0
2026-06-18T02:43:11,ERR,ERR,ERR,ERR,ERR,ERR,ERR,ERR,ERR,ERR,ERR,ERR,ERR,ERR,ERR,ERR,ERR,ERR,ERR,ERR,ERR,ERR,ERR,ERR,ERR,ERR,ERR,ERR,ERR,ERR,ERR,ERR,ERR,ERR,ERR,ERR,ERR,ERR,ERR,ERR,ERR,ERR,ERR,ERR,ERR,ERR,ERR,ERR,ERR,ERR,ERR,ERR,ERR,ERR,ERR,ERR,ERR,ERR,ERR,ERR,ERR,ERR,ERR,ERR,ERR,ERR,ERR,ERR,ERR,ERR,ERR,ERR,ERR,ERR,ERR,ERR,ERR,ERR,ERR,ERR,ERR,ERR,ERR,ERR,ERR,ERR,ERR,ERR,ERR,ERR,ERR,ERR,ERR,ERR,ERR,ERR,ERR,ERR,ERR,ERR,ERR,ERR,ERR,ERR,ERR,ERR,ERR,ERR,ERR,ERR,ERR,ERR,ERR,ERR,ERR,ERR,ERR,ERR,ERR,ERR,ERR,ERR,ERR,ERR,ERR,2.7184312818759872e+23,0.0,0.0,2.718290229135658e+23,-1.592,1.3936040501711995e+18,7.805,-0.0,0,0,4,48957,6720,14723890282496.0,100,0.0,0.0,0.0,-152005385388032.0,0.0,0,0,0,0,0.0,0,0,0,0,0,0,0,0,0,0,0,0,0,0,0,0,0,0,0,0,0,0,0,0,0,0,0,0,0,0,0,0,0,26,51,50,76,65476,0,300,0,0,8,21553,0.0,-107605600.0,0.0,0.0,0.0,0.0,0.0,0.0,0.0,0.0,0.0,0.0,0.0,0.0,0.0,0.0,0.0,0.0,0.0,0.0,0.0,0.0,-0.0,0.0,-2.004,-0.0,0.0,0.0,0.0,0.0,4800.0,2.004,7269.0,2.7184312818759872e+23,0.0,-0.0,2.718431101732002e+23,0.0,0.0,0.0,0.0,77,-4.0668804810561766e+29,0.0,0.0,0.0,0.0,0.0,0.0,0.0,0.0,0,0,0,0.0,0.0,0.0,0.0,0.0,0.0,0.0,0.0,0.0,0.0,0.0,0.0,0.0,0.0,0.0,0.0,0,-107875648.0,77,0.0,154,0.0,0.0,ERR,ERR,ERR,ERR,ERR,ERR,ERR,ERR,ERR,ERR,ERR,ERR,ERR,ERR,ERR,ERR,ERR,ERR,ERR,ERR,ERR,ERR,ERR,ERR,ERR,ERR,ERR,ERR,ERR,ERR,ERR,ERR,ERR,ERR,ERR,ERR,ERR,ERR,ERR,ERR,ERR,ERR,ERR,ERR,ERR,ERR,ERR,ERR,ERR,ERR,ERR,ERR,ERR,ERR,ERR,ERR,ERR,ERR,ERR,ERR,ERR,ERR,ERR,ERR,ERR,ERR,ERR,34.0,80.0,35,0.0,0.0,0.0,0.0,0.0,0.0,0.0,0.0,0.0,0.0,0.0,0.0,0.0,0.0,0.0,0.0,66.4,0,120,58,53,65476,0,300,0,0,8,20529,65476,0,0,57672,80.0,0.0,0.0,0.0,0.0,0.0
2026-06-18T02:43:12,ERR,ERR,ERR,ERR,ERR,ERR,ERR,ERR,ERR,ERR,ERR,ERR,ERR,ERR,ERR,ERR,ERR,ERR,ERR,ERR,ERR,ERR,ERR,ERR,ERR,ERR,ERR,ERR,ERR,ERR,ERR,ERR,ERR,ERR,ERR,ERR,ERR,ERR,ERR,ERR,ERR,ERR,ERR,ERR,ERR,ERR,ERR,ERR,ERR,ERR,ERR,ERR,ERR,ERR,ERR,ERR,ERR,ERR,ERR,ERR,ERR,ERR,ERR,ERR,ERR,ERR,ERR,ERR,ERR,ERR,ERR,ERR,ERR,ERR,ERR,ERR,ERR,ERR,ERR,ERR,ERR,ERR,ERR,ERR,ERR,ERR,ERR,ERR,ERR,ERR,ERR,ERR,ERR,ERR,ERR,ERR,ERR,ERR,ERR,ERR,ERR,ERR,ERR,ERR,ERR,ERR,ERR,ERR,ERR,ERR,ERR,ERR,ERR,ERR,ERR,ERR,ERR,ERR,ERR,ERR,ERR,ERR,ERR,ERR,ERR,2.7184312818759872e+23,0.0,0.0,2.718290229135658e+23,-1.592,1.3936040501711995e+18,7.805,-0.0,0,0,4,48957,6720,14723890282496.0,100,0.0,0.0,0.0,-152005385388032.0,0.0,0,0,0,0,0.0,0,0,0,0,0,0,0,0,0,0,0,0,0,0,0,0,0,0,0,0,0,0,0,0,0,0,0,0,0,0,0,0,0,26,51,50,76,65476,0,300,0,0,8,21553,0.0,-107605600.0,0.0,0.0,0.0,0.0,0.0,0.0,0.0,0.0,0.0,0.0,0.0,0.0,0.0,0.0,0.0,0.0,0.0,0.0,0.0,0.0,-0.0,0.0,-2.004,-0.0,0.0,0.0,0.0,0.0,4800.0,2.004,7269.0,2.7184312818759872e+23,0.0,-0.0,2.718431101732002e+23,0.0,0.0,0.0,0.0,77,-4.0668804810561766e+29,0.0,0.0,0.0,0.0,0.0,0.0,0.0,0.0,0,0,0,0.0,0.0,0.0,0.0,0.0,0.0,0.0,0.0,0.0,0.0,0.0,0.0,0.0,0.0,0.0,0.0,0,-107875648.0,77,0.0,154,0.0,0.0,ERR,ERR,ERR,ERR,ERR,ERR,ERR,ERR,ERR,ERR,ERR,ERR,ERR,ERR,ERR,ERR,ERR,ERR,ERR,ERR,ERR,ERR,ERR,ERR,ERR,ERR,ERR,ERR,ERR,ERR,ERR,ERR,ERR,ERR,ERR,ERR,ERR,ERR,ERR,ERR,ERR,ERR,ERR,ERR,ERR,ERR,ERR,ERR,ERR,ERR,ERR,ERR,ERR,ERR,ERR,ERR,ERR,ERR,ERR,ERR,ERR,ERR,ERR,ERR,ERR,ERR,ERR,34.0,80.0,35,0.0,0.0,0.0,0.0,0.0,0.0,0.0,0.0,0.0,0.0,0.0,0.0,0.0,0.0,0.0,0.0,65.6,0,120,58,53,65476,0,300,0,0,8,20529,65476,0,0,57672,80.0,0.0,0.0,0.0,0.0,0.0
2026-06-18T02:43:13,ERR,ERR,ERR,ERR,ERR,ERR,ERR,ERR,ERR,ERR,ERR,ERR,ERR,ERR,ERR,ERR,ERR,ERR,ERR,ERR,ERR,ERR,ERR,ERR,ERR,ERR,ERR,ERR,ERR,ERR,ERR,ERR,ERR,ERR,ERR,ERR,ERR,ERR,ERR,ERR,ERR,ERR,ERR,ERR,ERR,ERR,ERR,ERR,ERR,ERR,ERR,ERR,ERR,ERR,ERR,ERR,ERR,ERR,ERR,ERR,ERR,ERR,ERR,ERR,ERR,ERR,ERR,ERR,ERR,ERR,ERR,ERR,ERR,ERR,ERR,ERR,ERR,ERR,ERR,ERR,ERR,ERR,ERR,ERR,ERR,ERR,ERR,ERR,ERR,ERR,ERR,ERR,ERR,ERR,ERR,ERR,ERR,ERR,ERR,ERR,ERR,ERR,ERR,ERR,ERR,ERR,ERR,ERR,ERR,ERR,ERR,ERR,ERR,ERR,ERR,ERR,ERR,ERR,ERR,ERR,ERR,ERR,ERR,ERR,ERR,2.7184312818759872e+23,0.0,0.0,89215.008,-1.615,1.3936040501711995e+18,7.805,-0.0,0,0,4,48959,6720,14723890282496.0,100,0.0,0.0,0.0,-4.9501291711397626e+32,0.0,0,0,0,0,0.0,0,0,0,0,0,0,0,0,0,0,0,0,0,0,0,0,0,0,0,0,0,0,0,0,0,0,0,0,0,0,0,0,0,26,51,50,76,65476,0,300,0,0,8,21553,0.0,-107605600.0,0.0,0.0,0.0,0.0,0.0,0.0,0.0,0.0,0.0,0.0,0.0,0.0,0.0,0.0,0.0,0.0,0.0,0.0,0.0,0.0,-2.004,0.0,-2.004,-0.0,0.0,0.0,0.0,0.0,4828.0,0.0,7266.0,2.7184312818759872e+23,0.0,-0.0,2.718431101732002e+23,0.0,0.0,0.0,0.0,77,-3.2220289616203523e+26,0.0,0.0,0.0,0.0,0.0,0.0,0.0,0.0,0,0,0,0.0,0.0,0.0,0.0,0.0,0.0,0.0,0.0,0.0,0.0,0.0,0.0,0.0,0.0,0.0,0.0,0,-107875648.0,77,0.0,154,0.0,0.0,ERR,ERR,ERR,ERR,ERR,ERR,ERR,ERR,ERR,ERR,ERR,ERR,ERR,ERR,ERR,ERR,ERR,ERR,ERR,ERR,ERR,ERR,ERR,ERR,ERR,ERR,ERR,ERR,ERR,ERR,ERR,ERR,ERR,ERR,ERR,ERR,ERR,ERR,ERR,ERR,ERR,ERR,ERR,ERR,ERR,ERR,ERR,ERR,ERR,ERR,ERR,ERR,ERR,ERR,ERR,ERR,ERR,ERR,ERR,ERR,ERR,ERR,ERR,ERR,ERR,ERR,ERR,34.0,80.0,35,0.0,0.0,0.0,0.0,0.0,0.0,0.0,0.0,0.0,0.0,0.0,0.0,0.0,0.0,0.0,0.0,65.6,0,120,58,53,65476,0,300,0,0,8,20529,65476,0,0,57672,80.0,0.0,0.0,0.0,0.0,0.0
2026-06-18T02:43:14,ERR,ERR,ERR,ERR,ERR,ERR,ERR,ERR,ERR,ERR,ERR,ERR,ERR,ERR,ERR,ERR,ERR,ERR,ERR,ERR,ERR,ERR,ERR,ERR,ERR,ERR,ERR,ERR,ERR,ERR,ERR,ERR,ERR,ERR,ERR,ERR,ERR,ERR,ERR,ERR,ERR,ERR,ERR,ERR,ERR,ERR,ERR,ERR,ERR,ERR,ERR,ERR,ERR,ERR,ERR,ERR,ERR,ERR,ERR,ERR,ERR,ERR,ERR,ERR,ERR,ERR,ERR,ERR,ERR,ERR,ERR,ERR,ERR,ERR,ERR,ERR,ERR,ERR,ERR,ERR,ERR,ERR,ERR,ERR,ERR,ERR,ERR,ERR,ERR,ERR,ERR,ERR,ERR,ERR,ERR,ERR,ERR,ERR,ERR,ERR,ERR,ERR,ERR,ERR,ERR,ERR,ERR,ERR,ERR,ERR,ERR,ERR,ERR,ERR,ERR,ERR,ERR,ERR,ERR,ERR,ERR,ERR,ERR,ERR,ERR,2.7184312818759872e+23,0.0,0.0,89215.008,-1.615,1.3936040501711995e+18,7.805,-0.0,0,0,4,48959,6720,14723890282496.0,100,0.0,0.0,0.0,-4.9501291711397626e+32,0.0,0,0,0,0,0.0,0,0,0,0,0,0,0,0,0,0,0,0,0,0,0,0,0,0,0,0,0,0,0,0,0,0,0,0,0,0,0,0,0,26,51,50,76,65476,0,300,0,0,8,21553,0.0,-107605600.0,0.0,0.0,0.0,0.0,0.0,0.0,0.0,0.0,0.0,0.0,0.0,0.0,0.0,0.0,0.0,0.0,0.0,0.0,0.0,0.0,-2.004,0.0,-2.004,-0.0,0.0,0.0,0.0,0.0,4828.0,0.0,7266.0,2.7184312818759872e+23,0.0,-0.0,2.718431101732002e+23,0.0,0.0,0.0,0.0,77,-3.2220289616203523e+26,0.0,0.0,0.0,0.0,0.0,0.0,0.0,0.0,0,0,0,0.0,0.0,0.0,0.0,0.0,0.0,0.0,0.0,0.0,0.0,0.0,0.0,0.0,0.0,0.0,0.0,0,-107875648.0,77,0.0,154,0.0,0.0,ERR,ERR,ERR,ERR,ERR,ERR,ERR,ERR,ERR,ERR,ERR,ERR,ERR,ERR,ERR,ERR,ERR,ERR,ERR,ERR,ERR,ERR,ERR,ERR,ERR,ERR,ERR,ERR,ERR,ERR,ERR,ERR,ERR,ERR,ERR,ERR,ERR,ERR,ERR,ERR,ERR,ERR,ERR,ERR,ERR,ERR,ERR,ERR,ERR,ERR,ERR,ERR,ERR,ERR,ERR,ERR,ERR,ERR,ERR,ERR,ERR,ERR,ERR,ERR,ERR,ERR,ERR,34.0,80.0,35,0.0,0.0,0.0,0.0,0.0,0.0,0.0,0.0,0.0,0.0,0.0,0.0,0.0,0.0,0.0,0.0,65.6,0,120,58,53,65476,0,300,0,0,8,20529,65476,0,0,57672,80.0,0.0,0.0,0.0,0.0,0.0
2026-06-18T02:43:15,ERR,ERR,ERR,ERR,ERR,ERR,ERR,ERR,ERR,ERR,ERR,ERR,ERR,ERR,ERR,ERR,ERR,ERR,ERR,ERR,ERR,ERR,ERR,ERR,ERR,ERR,ERR,ERR,ERR,ERR,ERR,ERR,ERR,ERR,ERR,ERR,ERR,ERR,ERR,ERR,ERR,ERR,ERR,ERR,ERR,ERR,ERR,ERR,ERR,ERR,ERR,ERR,ERR,ERR,ERR,ERR,ERR,ERR,ERR,ERR,ERR,ERR,ERR,ERR,ERR,ERR,ERR,ERR,ERR,ERR,ERR,ERR,ERR,ERR,ERR,ERR,ERR,ERR,ERR,ERR,ERR,ERR,ERR,ERR,ERR,ERR,ERR,ERR,ERR,ERR,ERR,ERR,ERR,ERR,ERR,ERR,ERR,ERR,ERR,ERR,ERR,ERR,ERR,ERR,ERR,ERR,ERR,ERR,ERR,ERR,ERR,ERR,ERR,ERR,ERR,ERR,ERR,ERR,ERR,ERR,ERR,ERR,ERR,ERR,ERR,2.7184312818759872e+23,0.0,0.0,89215.008,-1.615,1.3936040501711995e+18,7.805,-0.0,0,0,4,48959,6720,14723890282496.0,100,0.0,0.0,0.0,-4.9501291711397626e+32,0.0,0,0,0,0,0.0,0,0,0,0,0,0,0,0,0,0,0,0,0,0,0,0,0,0,0,0,0,0,0,0,0,0,0,0,0,0,0,0,0,26,51,50,76,65476,0,300,0,0,8,21553,0.0,-107605600.0,0.0,0.0,0.0,0.0,0.0,0.0,0.0,0.0,0.0,0.0,0.0,0.0,0.0,0.0,0.0,0.0,0.0,0.0,0.0,0.0,-2.004,0.0,-2.004,-0.0,0.0,0.0,0.0,0.0,4828.0,0.0,7266.0,2.7184312818759872e+23,0.0,-0.0,2.718431101732002e+23,0.0,0.0,0.0,0.0,77,-3.2220289616203523e+26,0.0,0.0,0.0,0.0,0.0,0.0,0.0,0.0,0,0,0,0.0,0.0,0.0,0.0,0.0,0.0,0.0,0.0,0.0,0.0,0.0,0.0,0.0,0.0,0.0,0.0,0,-107875648.0,77,0.0,154,0.0,0.0,ERR,ERR,ERR,ERR,ERR,ERR,ERR,ERR,ERR,ERR,ERR,ERR,ERR,ERR,ERR,ERR,ERR,ERR,ERR,ERR,ERR,ERR,ERR,ERR,ERR,ERR,ERR,ERR,ERR,ERR,ERR,ERR,ERR,ERR,ERR,ERR,ERR,ERR,ERR,ERR,ERR,ERR,ERR,ERR,ERR,ERR,ERR,ERR,ERR,ERR,ERR,ERR,ERR,ERR,ERR,ERR,ERR,ERR,ERR,ERR,ERR,ERR,ERR,ERR,ERR,ERR,ERR,34.0,80.0,35,0.0,0.0,0.0,0.0,0.0,0.0,0.0,0.0,0.0,0.0,0.0,0.0,0.0,0.0,0.0,0.0,65.6,0,120,58,53,65476,0,300,0,0,8,20529,65476,0,0,57672,80.0,0.0,0.0,0.0,0.0,0.0
2026-06-18T02:43:16,ERR,ERR,ERR,ERR,ERR,ERR,ERR,ERR,ERR,ERR,ERR,ERR,ERR,ERR,ERR,ERR,ERR,ERR,ERR,ERR,ERR,ERR,ERR,ERR,ERR,ERR,ERR,ERR,ERR,ERR,ERR,ERR,ERR,ERR,ERR,ERR,ERR,ERR,ERR,ERR,ERR,ERR,ERR,ERR,ERR,ERR,ERR,ERR,ERR,ERR,ERR,ERR,ERR,ERR,ERR,ERR,ERR,ERR,ERR,ERR,ERR,ERR,ERR,ERR,ERR,ERR,ERR,ERR,ERR,ERR,ERR,ERR,ERR,ERR,ERR,ERR,ERR,ERR,ERR,ERR,ERR,ERR,ERR,ERR,ERR,ERR,ERR,ERR,ERR,ERR,ERR,ERR,ERR,ERR,ERR,ERR,ERR,ERR,ERR,ERR,ERR,ERR,ERR,ERR,ERR,ERR,ERR,ERR,ERR,ERR,ERR,ERR,ERR,ERR,ERR,ERR,ERR,ERR,ERR,ERR,ERR,ERR,ERR,ERR,ERR,2.7184312818759872e+23,0.0,0.0,89215.008,-1.615,1.3936040501711995e+18,7.805,-0.0,0,0,4,48959,6720,14723890282496.0,100,0.0,0.0,0.0,-4.9501291711397626e+32,0.0,0,0,0,0,0.0,0,0,0,0,0,0,0,0,0,0,0,0,0,0,0,0,0,0,0,0,0,0,0,0,0,0,0,0,0,0,0,0,0,26,51,50,76,65476,0,300,0,0,8,21553,0.0,-107605600.0,0.0,0.0,0.0,0.0,0.0,0.0,0.0,0.0,0.0,0.0,0.0,0.0,0.0,0.0,0.0,0.0,0.0,0.0,0.0,0.0,-2.004,0.0,-2.004,-0.0,0.0,0.0,0.0,0.0,4828.0,0.0,7266.0,2.7184312818759872e+23,0.0,-0.0,2.718431101732002e+23,0.0,0.0,0.0,0.0,77,-3.2220289616203523e+26,0.0,0.0,0.0,0.0,0.0,0.0,0.0,0.0,0,0,0,0.0,0.0,0.0,0.0,0.0,0.0,0.0,0.0,0.0,0.0,0.0,0.0,0.0,0.0,0.0,0.0,0,-107875648.0,77,0.0,154,0.0,0.0,ERR,ERR,ERR,ERR,ERR,ERR,ERR,ERR,ERR,ERR,ERR,ERR,ERR,ERR,ERR,ERR,ERR,ERR,ERR,ERR,ERR,ERR,ERR,ERR,ERR,ERR,ERR,ERR,ERR,ERR,ERR,ERR,ERR,ERR,ERR,ERR,ERR,ERR,ERR,ERR,ERR,ERR,ERR,ERR,ERR,ERR,ERR,ERR,ERR,ERR,ERR,ERR,ERR,ERR,ERR,ERR,ERR,ERR,ERR,ERR,ERR,ERR,ERR,ERR,ERR,ERR,ERR,34.0,80.0,35,0.0,0.0,0.0,0.0,0.0,0.0,0.0,0.0,0.0,0.0,0.0,0.0,0.0,0.0,0.0,0.0,66.4,0,120,58,53,65476,0,300,0,0,8,20529,65476,0,0,57672,80.0,0.0,0.0,0.0,0.0,0.0
2026-06-18T02:43:17,ERR,ERR,ERR,ERR,ERR,ERR,ERR,ERR,ERR,ERR,ERR,ERR,ERR,ERR,ERR,ERR,ERR,ERR,ERR,ERR,ERR,ERR,ERR,ERR,ERR,ERR,ERR,ERR,ERR,ERR,ERR,ERR,ERR,ERR,ERR,ERR,ERR,ERR,ERR,ERR,ERR,ERR,ERR,ERR,ERR,ERR,ERR,ERR,ERR,ERR,ERR,ERR,ERR,ERR,ERR,ERR,ERR,ERR,ERR,ERR,ERR,ERR,ERR,ERR,ERR,ERR,ERR,ERR,ERR,ERR,ERR,ERR,ERR,ERR,ERR,ERR,ERR,ERR,ERR,ERR,ERR,ERR,ERR,ERR,ERR,ERR,ERR,ERR,ERR,ERR,ERR,ERR,ERR,ERR,ERR,ERR,ERR,ERR,ERR,ERR,ERR,ERR,ERR,ERR,ERR,ERR,ERR,ERR,ERR,ERR,ERR,ERR,ERR,ERR,ERR,ERR,ERR,ERR,ERR,ERR,ERR,ERR,ERR,ERR,ERR,2.7184312818759872e+23,0.0,0.0,89215.008,-1.615,1.3936040501711995e+18,7.805,-0.0,0,0,4,48959,6720,14723890282496.0,100,0.0,0.0,0.0,-4.9501291711397626e+32,0.0,0,0,0,0,0.0,0,0,0,0,0,0,0,0,0,0,0,0,0,0,0,0,0,0,0,0,0,0,0,0,0,0,0,0,0,0,0,0,0,26,51,50,76,65476,0,300,0,0,8,21553,0.0,-107605600.0,0.0,0.0,0.0,0.0,0.0,0.0,0.0,0.0,0.0,0.0,0.0,0.0,0.0,0.0,0.0,0.0,0.0,0.0,0.0,0.0,-2.004,0.0,-2.004,-0.0,0.0,0.0,0.0,0.0,4828.0,0.0,7266.0,2.7184312818759872e+23,0.0,-0.0,2.718431101732002e+23,0.0,0.0,0.0,0.0,77,-3.2220289616203523e+26,0.0,0.0,0.0,0.0,0.0,0.0,0.0,0.0,0,0,0,0.0,0.0,0.0,0.0,0.0,0.0,0.0,0.0,0.0,0.0,0.0,0.0,0.0,0.0,0.0,0.0,0,-107875648.0,77,0.0,154,0.0,0.0,ERR,ERR,ERR,ERR,ERR,ERR,ERR,ERR,ERR,ERR,ERR,ERR,ERR,ERR,ERR,ERR,ERR,ERR,ERR,ERR,ERR,ERR,ERR,ERR,ERR,ERR,ERR,ERR,ERR,ERR,ERR,ERR,ERR,ERR,ERR,ERR,ERR,ERR,ERR,ERR,ERR,ERR,ERR,ERR,ERR,ERR,ERR,ERR,ERR,ERR,ERR,ERR,ERR,ERR,ERR,ERR,ERR,ERR,ERR,ERR,ERR,ERR,ERR,ERR,ERR,ERR,ERR,34.0,80.0,35,0.0,0.0,0.0,0.0,0.0,0.0,0.0,0.0,0.0,0.0,0.0,0.0,0.0,0.0,0.0,0.0,66.4,0,120,58,53,65476,0,300,0,0,8,20529,65476,0,0,57672,80.0,0.0,0.0,0.0,0.0,0.0
2026-06-18T02:43:18,ERR,ERR,ERR,ERR,ERR,ERR,ERR,ERR,ERR,ERR,ERR,ERR,ERR,ERR,ERR,ERR,ERR,ERR,ERR,ERR,ERR,ERR,ERR,ERR,ERR,ERR,ERR,ERR,ERR,ERR,ERR,ERR,ERR,ERR,ERR,ERR,ERR,ERR,ERR,ERR,ERR,ERR,ERR,ERR,ERR,ERR,ERR,ERR,ERR,ERR,ERR,ERR,ERR,ERR,ERR,ERR,ERR,ERR,ERR,ERR,ERR,ERR,ERR,ERR,ERR,ERR,ERR,ERR,ERR,ERR,ERR,ERR,ERR,ERR,ERR,ERR,ERR,ERR,ERR,ERR,ERR,ERR,ERR,ERR,ERR,ERR,ERR,ERR,ERR,ERR,ERR,ERR,ERR,ERR,ERR,ERR,ERR,ERR,ERR,ERR,ERR,ERR,ERR,ERR,ERR,ERR,ERR,ERR,ERR,ERR,ERR,ERR,ERR,ERR,ERR,ERR,ERR,ERR,ERR,ERR,ERR,ERR,ERR,ERR,ERR,2.7184312818759872e+23,0.0,0.0,-0.0,nan,1.3936040501711995e+18,7.805,2527533.5,0,0,4,48927,6720,14723890282496.0,100,0.0,0.0,0.0,-0.0,0.0,0,0,0,0,0.0,0,0,0,0,0,0,0,0,0,0,0,0,0,0,0,0,0,0,0,0,0,0,0,0,0,0,0,0,0,0,0,0,0,26,51,50,76,65476,0,300,0,0,8,21553,0.0,-107605600.0,0.0,0.0,0.0,0.0,0.0,0.0,0.0,0.0,0.0,0.0,0.0,0.0,0.0,0.0,0.0,0.0,0.0,0.0,0.0,0.0,-2.004,0.0,-2.004,-0.0,0.0,0.0,0.0,0.0,4830.0,0.0,7265.0,2.7184312818759872e+23,0.0,-0.0,2.718431101732002e+23,0.0,0.0,0.0,0.0,77,-4.950428984743027e+32,0.0,0.0,0.0,0.0,0.0,0.0,0.0,0.0,0,0,0,0.0,0.0,0.0,0.0,0.0,0.0,0.0,0.0,0.0,0.0,0.0,0.0,0.0,0.0,0.0,0.0,0,-107875648.0,77,0.0,154,0.0,0.0,ERR,ERR,ERR,ERR,ERR,ERR,ERR,ERR,ERR,ERR,ERR,ERR,ERR,ERR,ERR,ERR,ERR,ERR,ERR,ERR,ERR,ERR,ERR,ERR,ERR,ERR,ERR,ERR,ERR,ERR,ERR,ERR,ERR,ERR,ERR,ERR,ERR,ERR,ERR,ERR,ERR,ERR,ERR,ERR,ERR,ERR,ERR,ERR,ERR,ERR,ERR,ERR,ERR,ERR,ERR,ERR,ERR,ERR,ERR,ERR,ERR,ERR,ERR,ERR,ERR,ERR,ERR,34.0,80.0,35,0.0,0.0,0.0,0.0,0.0,0.0,0.0,0.0,0.0,0.0,0.0,0.0,0.0,0.0,0.0,0.0,65.6,0,120,58,53,65476,0,300,0,0,8,20529,65476,0,0,57672,80.0,0.0,0.0,0.0,0.0,0.0
2026-06-18T02:43:19,ERR,ERR,ERR,ERR,ERR,ERR,ERR,ERR,ERR,ERR,ERR,ERR,ERR,ERR,ERR,ERR,ERR,ERR,ERR,ERR,ERR,ERR,ERR,ERR,ERR,ERR,ERR,ERR,ERR,ERR,ERR,ERR,ERR,ERR,ERR,ERR,ERR,ERR,ERR,ERR,ERR,ERR,ERR,ERR,ERR,ERR,ERR,ERR,ERR,ERR,ERR,ERR,ERR,ERR,ERR,ERR,ERR,ERR,ERR,ERR,ERR,ERR,ERR,ERR,ERR,ERR,ERR,ERR,ERR,ERR,ERR,ERR,ERR,ERR,ERR,ERR,ERR,ERR,ERR,ERR,ERR,ERR,ERR,ERR,ERR,ERR,ERR,ERR,ERR,ERR,ERR,ERR,ERR,ERR,ERR,ERR,ERR,ERR,ERR,ERR,ERR,ERR,ERR,ERR,ERR,ERR,ERR,ERR,ERR,ERR,ERR,ERR,ERR,ERR,ERR,ERR,ERR,ERR,ERR,ERR,ERR,ERR,ERR,ERR,ERR,2.7184312818759872e+23,0.0,0.0,-0.0,nan,1.3936040501711995e+18,7.805,2527533.5,0,0,4,48927,6720,14723890282496.0,100,0.0,0.0,0.0,-0.0,0.0,0,0,0,0,0.0,0,0,0,0,0,0,0,0,0,0,0,0,0,0,0,0,0,0,0,0,0,0,0,0,0,0,0,0,0,0,0,0,0,26,51,50,76,65476,0,300,0,0,8,21553,0.0,-107605600.0,0.0,0.0,0.0,0.0,0.0,0.0,0.0,0.0,0.0,0.0,0.0,0.0,0.0,0.0,0.0,0.0,0.0,0.0,0.0,0.0,-2.004,0.0,-2.004,-0.0,0.0,0.0,0.0,0.0,4830.0,0.0,7265.0,2.7184312818759872e+23,0.0,-0.0,2.718431101732002e+23,0.0,0.0,0.0,0.0,77,-4.950428984743027e+32,0.0,0.0,0.0,0.0,0.0,0.0,0.0,0.0,0,0,0,0.0,0.0,0.0,0.0,0.0,0.0,0.0,0.0,0.0,0.0,0.0,0.0,0.0,0.0,0.0,0.0,0,-107875648.0,77,0.0,154,0.0,0.0,ERR,ERR,ERR,ERR,ERR,ERR,ERR,ERR,ERR,ERR,ERR,ERR,ERR,ERR,ERR,ERR,ERR,ERR,ERR,ERR,ERR,ERR,ERR,ERR,ERR,ERR,ERR,ERR,ERR,ERR,ERR,ERR,ERR,ERR,ERR,ERR,ERR,ERR,ERR,ERR,ERR,ERR,ERR,ERR,ERR,ERR,ERR,ERR,ERR,ERR,ERR,ERR,ERR,ERR,ERR,ERR,ERR,ERR,ERR,ERR,ERR,ERR,ERR,ERR,ERR,ERR,ERR,34.0,80.0,35,0.0,0.0,0.0,0.0,0.0,0.0,0.0,0.0,0.0,0.0,0.0,0.0,0.0,0.0,0.0,0.0,65.6,0,120,58,53,65476,0,300,0,0,8,20529,65476,0,0,57672,80.0,0.0,0.0,0.0,0.0,0.0
2026-06-18T02:43:20,ERR,ERR,ERR,ERR,ERR,ERR,ERR,ERR,ERR,ERR,ERR,ERR,ERR,ERR,ERR,ERR,ERR,ERR,ERR,ERR,ERR,ERR,ERR,ERR,ERR,ERR,ERR,ERR,ERR,ERR,ERR,ERR,ERR,ERR,ERR,ERR,ERR,ERR,ERR,ERR,ERR,ERR,ERR,ERR,ERR,ERR,ERR,ERR,ERR,ERR,ERR,ERR,ERR,ERR,ERR,ERR,ERR,ERR,ERR,ERR,ERR,ERR,ERR,ERR,ERR,ERR,ERR,ERR,ERR,ERR,ERR,ERR,ERR,ERR,ERR,ERR,ERR,ERR,ERR,ERR,ERR,ERR,ERR,ERR,ERR,ERR,ERR,ERR,ERR,ERR,ERR,ERR,ERR,ERR,ERR,ERR,ERR,ERR,ERR,ERR,ERR,ERR,ERR,ERR,ERR,ERR,ERR,ERR,ERR,ERR,ERR,ERR,ERR,ERR,ERR,ERR,ERR,ERR,ERR,ERR,ERR,ERR,ERR,ERR,ERR,2.7184312818759872e+23,0.0,0.0,-0.0,nan,1.3936040501711995e+18,7.805,2527533.5,0,0,4,48927,6720,14723890282496.0,100,0.0,0.0,0.0,-0.0,0.0,0,0,0,0,0.0,0,0,0,0,0,0,0,0,0,0,0,0,0,0,0,0,0,0,0,0,0,0,0,0,0,0,0,0,0,0,0,0,0,26,51,50,76,65476,0,300,0,0,8,21553,0.0,-107605600.0,0.0,0.0,0.0,0.0,0.0,0.0,0.0,0.0,0.0,0.0,0.0,0.0,0.0,0.0,0.0,0.0,0.0,0.0,0.0,0.0,-2.004,0.0,-2.004,-0.0,0.0,0.0,0.0,0.0,4830.0,0.0,7265.0,2.7184312818759872e+23,0.0,-0.0,2.718431101732002e+23,0.0,0.0,0.0,0.0,77,-4.950428984743027e+32,0.0,0.0,0.0,0.0,0.0,0.0,0.0,0.0,0,0,0,0.0,0.0,0.0,0.0,0.0,0.0,0.0,0.0,0.0,0.0,0.0,0.0,0.0,0.0,0.0,0.0,0,-107875648.0,77,0.0,154,0.0,0.0,ERR,ERR,ERR,ERR,ERR,ERR,ERR,ERR,ERR,ERR,ERR,ERR,ERR,ERR,ERR,ERR,ERR,ERR,ERR,ERR,ERR,ERR,ERR,ERR,ERR,ERR,ERR,ERR,ERR,ERR,ERR,ERR,ERR,ERR,ERR,ERR,ERR,ERR,ERR,ERR,ERR,ERR,ERR,ERR,ERR,ERR,ERR,ERR,ERR,ERR,ERR,ERR,ERR,ERR,ERR,ERR,ERR,ERR,ERR,ERR,ERR,ERR,ERR,ERR,ERR,ERR,ERR,34.0,80.0,35,0.0,0.0,0.0,0.0,0.0,0.0,0.0,0.0,0.0,0.0,0.0,0.0,0.0,0.0,0.0,0.0,65.6,0,120,58,53,65476,0,300,0,0,8,20529,65476,0,0,57672,80.0,0.0,0.0,0.0,0.0,0.0
2026-06-18T02:43:21,ERR,ERR,ERR,ERR,ERR,ERR,ERR,ERR,ERR,ERR,ERR,ERR,ERR,ERR,ERR,ERR,ERR,ERR,ERR,ERR,ERR,ERR,ERR,ERR,ERR,ERR,ERR,ERR,ERR,ERR,ERR,ERR,ERR,ERR,ERR,ERR,ERR,ERR,ERR,ERR,ERR,ERR,ERR,ERR,ERR,ERR,ERR,ERR,ERR,ERR,ERR,ERR,ERR,ERR,ERR,ERR,ERR,ERR,ERR,ERR,ERR,ERR,ERR,ERR,ERR,ERR,ERR,ERR,ERR,ERR,ERR,ERR,ERR,ERR,ERR,ERR,ERR,ERR,ERR,ERR,ERR,ERR,ERR,ERR,ERR,ERR,ERR,ERR,ERR,ERR,ERR,ERR,ERR,ERR,ERR,ERR,ERR,ERR,ERR,ERR,ERR,ERR,ERR,ERR,ERR,ERR,ERR,ERR,ERR,ERR,ERR,ERR,ERR,ERR,ERR,ERR,ERR,ERR,ERR,ERR,ERR,ERR,ERR,ERR,ERR,2.7184312818759872e+23,0.0,0.0,-0.0,nan,1.3936040501711995e+18,7.805,2527533.5,0,0,4,48927,6720,14723890282496.0,100,0.0,0.0,0.0,-0.0,0.0,0,0,0,0,0.0,0,0,0,0,0,0,0,0,0,0,0,0,0,0,0,0,0,0,0,0,0,0,0,0,0,0,0,0,0,0,0,0,0,26,51,50,76,65476,0,300,0,0,8,21553,0.0,-107605600.0,0.0,0.0,0.0,0.0,0.0,0.0,0.0,0.0,0.0,0.0,0.0,0.0,0.0,0.0,0.0,0.0,0.0,0.0,0.0,0.0,-2.004,0.0,-2.004,-0.0,0.0,0.0,0.0,0.0,4830.0,0.0,7265.0,2.7184312818759872e+23,0.0,-0.0,2.718431101732002e+23,0.0,0.0,0.0,0.0,77,-4.950428984743027e+32,0.0,0.0,0.0,0.0,0.0,0.0,0.0,0.0,0,0,0,0.0,0.0,0.0,0.0,0.0,0.0,0.0,0.0,0.0,0.0,0.0,0.0,0.0,0.0,0.0,0.0,0,-107875648.0,77,0.0,154,0.0,0.0,ERR,ERR,ERR,ERR,ERR,ERR,ERR,ERR,ERR,ERR,ERR,ERR,ERR,ERR,ERR,ERR,ERR,ERR,ERR,ERR,ERR,ERR,ERR,ERR,ERR,ERR,ERR,ERR,ERR,ERR,ERR,ERR,ERR,ERR,ERR,ERR,ERR,ERR,ERR,ERR,ERR,ERR,ERR,ERR,ERR,ERR,ERR,ERR,ERR,ERR,ERR,ERR,ERR,ERR,ERR,ERR,ERR,ERR,ERR,ERR,ERR,ERR,ERR,ERR,ERR,ERR,ERR,34.0,80.0,35,0.0,0.0,0.0,0.0,0.0,0.0,0.0,0.0,0.0,0.0,0.0,0.0,0.0,0.0,0.0,0.0,66.0,0,120,58,53,65476,0,300,0,0,8,20529,65476,0,0,57672,80.0,0.0,0.0,0.0,0.0,0.0
2026-06-18T02:43:22,ERR,ERR,ERR,ERR,ERR,ERR,ERR,ERR,ERR,ERR,ERR,ERR,ERR,ERR,ERR,ERR,ERR,ERR,ERR,ERR,ERR,ERR,ERR,ERR,ERR,ERR,ERR,ERR,ERR,ERR,ERR,ERR,ERR,ERR,ERR,ERR,ERR,ERR,ERR,ERR,ERR,ERR,ERR,ERR,ERR,ERR,ERR,ERR,ERR,ERR,ERR,ERR,ERR,ERR,ERR,ERR,ERR,ERR,ERR,ERR,ERR,ERR,ERR,ERR,ERR,ERR,ERR,ERR,ERR,ERR,ERR,ERR,ERR,ERR,ERR,ERR,ERR,ERR,ERR,ERR,ERR,ERR,ERR,ERR,ERR,ERR,ERR,ERR,ERR,ERR,ERR,ERR,ERR,ERR,ERR,ERR,ERR,ERR,ERR,ERR,ERR,ERR,ERR,ERR,ERR,ERR,ERR,ERR,ERR,ERR,ERR,ERR,ERR,ERR,ERR,ERR,ERR,ERR,ERR,ERR,ERR,ERR,ERR,ERR,ERR,2.7184312818759872e+23,0.0,0.0,-0.0,nan,1.3936040501711995e+18,7.805,2527533.5,0,0,4,48927,6720,14723890282496.0,100,0.0,0.0,0.0,-0.0,0.0,0,0,0,0,0.0,0,0,0,0,0,0,0,0,0,0,0,0,0,0,0,0,0,0,0,0,0,0,0,0,0,0,0,0,0,0,0,0,0,26,51,50,76,65476,0,300,0,0,8,21553,0.0,-107605600.0,0.0,0.0,0.0,0.0,0.0,0.0,0.0,0.0,0.0,0.0,0.0,0.0,0.0,0.0,0.0,0.0,0.0,0.0,0.0,0.0,-2.004,0.0,-2.004,-0.0,0.0,0.0,0.0,0.0,4830.0,0.0,7265.0,2.7184312818759872e+23,0.0,-0.0,2.718431101732002e+23,0.0,0.0,0.0,0.0,77,-4.950428984743027e+32,0.0,0.0,0.0,0.0,0.0,0.0,0.0,0.0,0,0,0,0.0,0.0,0.0,0.0,0.0,0.0,0.0,0.0,0.0,0.0,0.0,0.0,0.0,0.0,0.0,0.0,0,-107875648.0,77,0.0,154,0.0,0.0,ERR,ERR,ERR,ERR,ERR,ERR,ERR,ERR,ERR,ERR,ERR,ERR,ERR,ERR,ERR,ERR,ERR,ERR,ERR,ERR,ERR,ERR,ERR,ERR,ERR,ERR,ERR,ERR,ERR,ERR,ERR,ERR,ERR,ERR,ERR,ERR,ERR,ERR,ERR,ERR,ERR,ERR,ERR,ERR,ERR,ERR,ERR,ERR,ERR,ERR,ERR,ERR,ERR,ERR,ERR,ERR,ERR,ERR,ERR,ERR,ERR,ERR,ERR,ERR,ERR,ERR,ERR,34.0,80.0,35,0.0,0.0,0.0,0.0,0.0,0.0,0.0,0.0,0.0,0.0,0.0,0.0,0.0,0.0,0.0,0.0,66.0,0,120,58,53,65476,0,300,0,0,8,20529,65476,0,0,57672,80.0,0.0,0.0,0.0,0.0,0.0
2026-06-18T02:43:23,ERR,ERR,ERR,ERR,ERR,ERR,ERR,ERR,ERR,ERR,ERR,ERR,ERR,ERR,ERR,ERR,ERR,ERR,ERR,ERR,ERR,ERR,ERR,ERR,ERR,ERR,ERR,ERR,ERR,ERR,ERR,ERR,ERR,ERR,ERR,ERR,ERR,ERR,ERR,ERR,ERR,ERR,ERR,ERR,ERR,ERR,ERR,ERR,ERR,ERR,ERR,ERR,ERR,ERR,ERR,ERR,ERR,ERR,ERR,ERR,ERR,ERR,ERR,ERR,ERR,ERR,ERR,ERR,ERR,ERR,ERR,ERR,ERR,ERR,ERR,ERR,ERR,ERR,ERR,ERR,ERR,ERR,ERR,ERR,ERR,ERR,ERR,ERR,ERR,ERR,ERR,ERR,ERR,ERR,ERR,ERR,ERR,ERR,ERR,ERR,ERR,ERR,ERR,ERR,ERR,ERR,ERR,ERR,ERR,ERR,ERR,ERR,ERR,ERR,ERR,ERR,ERR,ERR,ERR,ERR,ERR,ERR,ERR,ERR,ERR,2.7184312818759872e+23,0.0,0.0,-0.0,nan,1.3936040501711995e+18,7.805,2527533.5,0,0,4,48927,6720,14723890282496.0,100,0.0,0.0,0.0,-0.0,0.0,0,0,0,0,0.0,0,0,0,0,0,0,0,0,0,0,0,0,0,0,0,0,0,0,0,0,0,0,0,0,0,0,0,0,0,0,0,0,0,26,51,50,76,65476,0,300,0,0,8,21553,0.0,-107605600.0,0.0,0.0,0.0,0.0,0.0,0.0,0.0,0.0,0.0,0.0,0.0,0.0,0.0,0.0,0.0,0.0,0.0,0.0,0.0,0.0,-2.004,0.0,-2.004,-0.0,0.0,0.0,0.0,0.0,4830.0,0.0,7265.0,2.7184312818759872e+23,0.0,-0.0,2.718431101732002e+23,0.0,0.0,0.0,0.0,77,-4.950428984743027e+32,0.0,0.0,0.0,0.0,0.0,0.0,0.0,0.0,0,0,0,0.0,0.0,0.0,0.0,0.0,0.0,0.0,0.0,0.0,0.0,0.0,0.0,0.0,0.0,0.0,0.0,0,-107875648.0,77,0.0,154,0.0,0.0,ERR,ERR,ERR,ERR,ERR,ERR,ERR,ERR,ERR,ERR,ERR,ERR,ERR,ERR,ERR,ERR,ERR,ERR,ERR,ERR,ERR,ERR,ERR,ERR,ERR,ERR,ERR,ERR,ERR,ERR,ERR,ERR,ERR,ERR,ERR,ERR,ERR,ERR,ERR,ERR,ERR,ERR,ERR,ERR,ERR,ERR,ERR,ERR,ERR,ERR,ERR,ERR,ERR,ERR,ERR,ERR,ERR,ERR,ERR,ERR,ERR,ERR,ERR,ERR,ERR,ERR,ERR,34.0,80.0,35,0.0,0.0,0.0,0.0,0.0,0.0,0.0,0.0,0.0,0.0,0.0,0.0,0.0,0.0,0.0,0.0,66.0,0,120,58,53,65476,0,300,0,0,8,20529,65476,0,0,57672,80.0,0.0,0.0,0.0,0.0,0.0
2026-06-18T02:43:24,ERR,ERR,ERR,ERR,ERR,ERR,ERR,ERR,ERR,ERR,ERR,ERR,ERR,ERR,ERR,ERR,ERR,ERR,ERR,ERR,ERR,ERR,ERR,ERR,ERR,ERR,ERR,ERR,ERR,ERR,ERR,ERR,ERR,ERR,ERR,ERR,ERR,ERR,ERR,ERR,ERR,ERR,ERR,ERR,ERR,ERR,ERR,ERR,ERR,ERR,ERR,ERR,ERR,ERR,ERR,ERR,ERR,ERR,ERR,ERR,ERR,ERR,ERR,ERR,ERR,ERR,ERR,ERR,ERR,ERR,ERR,ERR,ERR,ERR,ERR,ERR,ERR,ERR,ERR,ERR,ERR,ERR,ERR,ERR,ERR,ERR,ERR,ERR,ERR,ERR,ERR,ERR,ERR,ERR,ERR,ERR,ERR,ERR,ERR,ERR,ERR,ERR,ERR,ERR,ERR,ERR,ERR,ERR,ERR,ERR,ERR,ERR,ERR,ERR,ERR,ERR,ERR,ERR,ERR,ERR,ERR,ERR,ERR,ERR,ERR,2.7184312818759872e+23,0.0,0.0,-0.0,-1.584,1.3936040501711995e+18,7.805,8.60689115769574e+30,0,0,4,48929,6720,14723890282496.0,100,0.0,0.0,0.0,0.0,0.0,0,0,0,0,0.0,0,0,0,0,0,0,0,0,0,0,0,0,0,0,0,0,0,0,0,0,0,0,0,0,0,0,0,0,0,0,0,0,0,26,51,50,76,65476,0,300,0,0,8,21553,0.0,-107605600.0,0.0,0.0,0.0,0.0,0.0,0.0,0.0,0.0,0.0,0.0,0.0,0.0,0.0,0.0,0.0,0.0,0.0,0.0,0.0,0.0,-2.004,0.0,-2.004,-0.0,0.0,0.0,0.0,0.0,4828.0,0.0,7265.0,0.0,0.0,-0.0,2.718431101732002e+23,0.0,0.0,0.0,0.0,77,-1.9056981204742963e+17,0.0,0.0,0.0,0.0,0.0,0.0,0.0,0.0,0,0,0,0.0,0.0,0.0,0.0,0.0,0.0,0.0,0.0,0.0,0.0,0.0,0.0,0.0,0.0,0.0,0.0,0,-107875648.0,77,0.0,154,0.0,-101056864.0,ERR,ERR,ERR,ERR,ERR,ERR,ERR,ERR,ERR,ERR,ERR,ERR,ERR,ERR,ERR,ERR,ERR,ERR,ERR,ERR,ERR,ERR,ERR,ERR,ERR,ERR,ERR,ERR,ERR,ERR,ERR,ERR,ERR,ERR,ERR,ERR,ERR,ERR,ERR,ERR,ERR,ERR,ERR,ERR,ERR,ERR,ERR,ERR,ERR,ERR,ERR,ERR,ERR,ERR,ERR,ERR,ERR,ERR,ERR,ERR,ERR,ERR,ERR,ERR,ERR,ERR,ERR,34.0,80.0,35,0.0,0.0,0.0,0.0,0.0,0.0,0.0,0.0,0.0,0.0,0.0,0.0,0.0,0.0,0.0,0.0,66.0,0,120,58,53,65476,0,300,0,0,8,20529,65476,0,0,57672,80.0,0.0,0.0,0.0,0.0,0.0
2026-06-18T02:43:25,ERR,ERR,ERR,ERR,ERR,ERR,ERR,ERR,ERR,ERR,ERR,ERR,ERR,ERR,ERR,ERR,ERR,ERR,ERR,ERR,ERR,ERR,ERR,ERR,ERR,ERR,ERR,ERR,ERR,ERR,ERR,ERR,ERR,ERR,ERR,ERR,ERR,ERR,ERR,ERR,ERR,ERR,ERR,ERR,ERR,ERR,ERR,ERR,ERR,ERR,ERR,ERR,ERR,ERR,ERR,ERR,ERR,ERR,ERR,ERR,ERR,ERR,ERR,ERR,ERR,ERR,ERR,ERR,ERR,ERR,ERR,ERR,ERR,ERR,ERR,ERR,ERR,ERR,ERR,ERR,ERR,ERR,ERR,ERR,ERR,ERR,ERR,ERR,ERR,ERR,ERR,ERR,ERR,ERR,ERR,ERR,ERR,ERR,ERR,ERR,ERR,ERR,ERR,ERR,ERR,ERR,ERR,ERR,ERR,ERR,ERR,ERR,ERR,ERR,ERR,ERR,ERR,ERR,ERR,ERR,ERR,ERR,ERR,ERR,ERR,2.7184312818759872e+23,0.0,0.0,-0.0,-1.584,1.3936040501711995e+18,7.805,8.60689115769574e+30,0,0,4,48929,6720,14723890282496.0,100,0.0,0.0,0.0,0.0,0.0,0,0,0,0,0.0,0,0,0,0,0,0,0,0,0,0,0,0,0,0,0,0,0,0,0,0,0,0,0,0,0,0,0,0,0,0,0,0,0,26,51,50,76,65476,0,300,0,0,8,21553,0.0,-107605600.0,0.0,0.0,0.0,0.0,0.0,0.0,0.0,0.0,0.0,0.0,0.0,0.0,0.0,0.0,0.0,0.0,0.0,0.0,0.0,0.0,-2.004,0.0,-2.004,-0.0,0.0,0.0,0.0,0.0,4828.0,0.0,7265.0,0.0,0.0,-0.0,2.718431101732002e+23,0.0,0.0,0.0,0.0,77,-1.9056981204742963e+17,0.0,0.0,0.0,0.0,0.0,0.0,0.0,0.0,0,0,0,0.0,0.0,0.0,0.0,0.0,0.0,0.0,0.0,0.0,0.0,0.0,0.0,0.0,0.0,0.0,0.0,0,-107875648.0,77,0.0,154,0.0,-101056864.0,ERR,ERR,ERR,ERR,ERR,ERR,ERR,ERR,ERR,ERR,ERR,ERR,ERR,ERR,ERR,ERR,ERR,ERR,ERR,ERR,ERR,ERR,ERR,ERR,ERR,ERR,ERR,ERR,ERR,ERR,ERR,ERR,ERR,ERR,ERR,ERR,ERR,ERR,ERR,ERR,ERR,ERR,ERR,ERR,ERR,ERR,ERR,ERR,ERR,ERR,ERR,ERR,ERR,ERR,ERR,ERR,ERR,ERR,ERR,ERR,ERR,ERR,ERR,ERR,ERR,ERR,ERR,34.0,80.0,35,0.0,0.0,0.0,0.0,0.0,0.0,0.0,0.0,0.0,0.0,0.0,0.0,0.0,0.0,0.0,0.0,65.6,0,120,58,53,65476,0,300,0,0,8,20529,65476,0,0,57672,80.0,0.0,0.0,0.0,0.0,0.0
2026-06-18T02:43:26,ERR,ERR,ERR,ERR,ERR,ERR,ERR,ERR,ERR,ERR,ERR,ERR,ERR,ERR,ERR,ERR,ERR,ERR,ERR,ERR,ERR,ERR,ERR,ERR,ERR,ERR,ERR,ERR,ERR,ERR,ERR,ERR,ERR,ERR,ERR,ERR,ERR,ERR,ERR,ERR,ERR,ERR,ERR,ERR,ERR,ERR,ERR,ERR,ERR,ERR,ERR,ERR,ERR,ERR,ERR,ERR,ERR,ERR,ERR,ERR,ERR,ERR,ERR,ERR,ERR,ERR,ERR,ERR,ERR,ERR,ERR,ERR,ERR,ERR,ERR,ERR,ERR,ERR,ERR,ERR,ERR,ERR,ERR,ERR,ERR,ERR,ERR,ERR,ERR,ERR,ERR,ERR,ERR,ERR,ERR,ERR,ERR,ERR,ERR,ERR,ERR,ERR,ERR,ERR,ERR,ERR,ERR,ERR,ERR,ERR,ERR,ERR,ERR,ERR,ERR,ERR,ERR,ERR,ERR,ERR,ERR,ERR,ERR,ERR,ERR,2.7184312818759872e+23,0.0,0.0,-0.0,-1.584,1.3936040501711995e+18,7.805,8.60689115769574e+30,0,0,4,48929,6720,14723890282496.0,100,0.0,0.0,0.0,0.0,0.0,0,0,0,0,0.0,0,0,0,0,0,0,0,0,0,0,0,0,0,0,0,0,0,0,0,0,0,0,0,0,0,0,0,0,0,0,0,0,0,26,51,50,76,65476,0,300,0,0,8,21553,0.0,-107605600.0,0.0,0.0,0.0,0.0,0.0,0.0,0.0,0.0,0.0,0.0,0.0,0.0,0.0,0.0,0.0,0.0,0.0,0.0,0.0,0.0,-2.004,0.0,-2.004,-0.0,0.0,0.0,0.0,0.0,4828.0,0.0,7265.0,0.0,0.0,-0.0,2.718431101732002e+23,0.0,0.0,0.0,0.0,77,-1.9056981204742963e+17,0.0,0.0,0.0,0.0,0.0,0.0,0.0,0.0,0,0,0,0.0,0.0,0.0,0.0,0.0,0.0,0.0,0.0,0.0,0.0,0.0,0.0,0.0,0.0,0.0,0.0,0,-107875648.0,77,0.0,154,0.0,-101056864.0,ERR,ERR,ERR,ERR,ERR,ERR,ERR,ERR,ERR,ERR,ERR,ERR,ERR,ERR,ERR,ERR,ERR,ERR,ERR,ERR,ERR,ERR,ERR,ERR,ERR,ERR,ERR,ERR,ERR,ERR,ERR,ERR,ERR,ERR,ERR,ERR,ERR,ERR,ERR,ERR,ERR,ERR,ERR,ERR,ERR,ERR,ERR,ERR,ERR,ERR,ERR,ERR,ERR,ERR,ERR,ERR,ERR,ERR,ERR,ERR,ERR,ERR,ERR,ERR,ERR,ERR,ERR,34.0,80.0,35,0.0,0.0,0.0,0.0,0.0,0.0,0.0,0.0,0.0,0.0,0.0,0.0,0.0,0.0,0.0,0.0,65.6,0,120,58,53,65476,0,300,0,0,8,20529,65476,0,0,57672,80.0,0.0,0.0,0.0,0.0,0.0
2026-06-18T02:43:27,ERR,ERR,ERR,ERR,ERR,ERR,ERR,ERR,ERR,ERR,ERR,ERR,ERR,ERR,ERR,ERR,ERR,ERR,ERR,ERR,ERR,ERR,ERR,ERR,ERR,ERR,ERR,ERR,ERR,ERR,ERR,ERR,ERR,ERR,ERR,ERR,ERR,ERR,ERR,ERR,ERR,ERR,ERR,ERR,ERR,ERR,ERR,ERR,ERR,ERR,ERR,ERR,ERR,ERR,ERR,ERR,ERR,ERR,ERR,ERR,ERR,ERR,ERR,ERR,ERR,ERR,ERR,ERR,ERR,ERR,ERR,ERR,ERR,ERR,ERR,ERR,ERR,ERR,ERR,ERR,ERR,ERR,ERR,ERR,ERR,ERR,ERR,ERR,ERR,ERR,ERR,ERR,ERR,ERR,ERR,ERR,ERR,ERR,ERR,ERR,ERR,ERR,ERR,ERR,ERR,ERR,ERR,ERR,ERR,ERR,ERR,ERR,ERR,ERR,ERR,ERR,ERR,ERR,ERR,ERR,ERR,ERR,ERR,ERR,ERR,2.7184312818759872e+23,0.0,0.0,-0.0,-1.584,1.3936040501711995e+18,7.805,8.60689115769574e+30,0,0,4,48929,6720,14723890282496.0,100,0.0,0.0,0.0,0.0,0.0,0,0,0,0,0.0,0,0,0,0,0,0,0,0,0,0,0,0,0,0,0,0,0,0,0,0,0,0,0,0,0,0,0,0,0,0,0,0,0,26,51,50,76,65476,0,300,0,0,8,21553,0.0,-107605600.0,0.0,0.0,0.0,0.0,0.0,0.0,0.0,0.0,0.0,0.0,0.0,0.0,0.0,0.0,0.0,0.0,0.0,0.0,0.0,0.0,-2.004,0.0,-2.004,-0.0,0.0,0.0,0.0,0.0,4828.0,0.0,7265.0,0.0,0.0,-0.0,2.718431101732002e+23,0.0,0.0,0.0,0.0,77,-1.9056981204742963e+17,0.0,0.0,0.0,0.0,0.0,0.0,0.0,0.0,0,0,0,0.0,0.0,0.0,0.0,0.0,0.0,0.0,0.0,0.0,0.0,0.0,0.0,0.0,0.0,0.0,0.0,0,-107875648.0,77,0.0,154,0.0,-101056864.0,ERR,ERR,ERR,ERR,ERR,ERR,ERR,ERR,ERR,ERR,ERR,ERR,ERR,ERR,ERR,ERR,ERR,ERR,ERR,ERR,ERR,ERR,ERR,ERR,ERR,ERR,ERR,ERR,ERR,ERR,ERR,ERR,ERR,ERR,ERR,ERR,ERR,ERR,ERR,ERR,ERR,ERR,ERR,ERR,ERR,ERR,ERR,ERR,ERR,ERR,ERR,ERR,ERR,ERR,ERR,ERR,ERR,ERR,ERR,ERR,ERR,ERR,ERR,ERR,ERR,ERR,ERR,34.0,80.0,35,0.0,0.0,0.0,0.0,0.0,0.0,0.0,0.0,0.0,0.0,0.0,0.0,0.0,0.0,0.0,0.0,66.0,0,120,58,53,65476,0,300,0,0,8,20529,65476,0,0,57672,80.0,0.0,0.0,0.0,0.0,0.0
2026-06-18T02:43:28,ERR,ERR,ERR,ERR,ERR,ERR,ERR,ERR,ERR,ERR,ERR,ERR,ERR,ERR,ERR,ERR,ERR,ERR,ERR,ERR,ERR,ERR,ERR,ERR,ERR,ERR,ERR,ERR,ERR,ERR,ERR,ERR,ERR,ERR,ERR,ERR,ERR,ERR,ERR,ERR,ERR,ERR,ERR,ERR,ERR,ERR,ERR,ERR,ERR,ERR,ERR,ERR,ERR,ERR,ERR,ERR,ERR,ERR,ERR,ERR,ERR,ERR,ERR,ERR,ERR,ERR,ERR,ERR,ERR,ERR,ERR,ERR,ERR,ERR,ERR,ERR,ERR,ERR,ERR,ERR,ERR,ERR,ERR,ERR,ERR,ERR,ERR,ERR,ERR,ERR,ERR,ERR,ERR,ERR,ERR,ERR,ERR,ERR,ERR,ERR,ERR,ERR,ERR,ERR,ERR,ERR,ERR,ERR,ERR,ERR,ERR,ERR,ERR,ERR,ERR,ERR,ERR,ERR,ERR,ERR,ERR,ERR,ERR,ERR,ERR,2.7184312818759872e+23,0.0,0.0,-0.0,-1.584,1.3936040501711995e+18,7.805,8.60689115769574e+30,0,0,4,48929,6720,14723890282496.0,100,0.0,0.0,0.0,0.0,0.0,0,0,0,0,0.0,0,0,0,0,0,0,0,0,0,0,0,0,0,0,0,0,0,0,0,0,0,0,0,0,0,0,0,0,0,0,0,0,0,26,51,50,76,65476,0,300,0,0,8,21553,0.0,-107605600.0,0.0,0.0,0.0,0.0,0.0,0.0,0.0,0.0,0.0,0.0,0.0,0.0,0.0,0.0,0.0,0.0,0.0,0.0,0.0,0.0,-2.004,0.0,-2.004,-0.0,0.0,0.0,0.0,0.0,4828.0,0.0,7265.0,0.0,0.0,-0.0,2.718431101732002e+23,0.0,0.0,0.0,0.0,77,-1.9056981204742963e+17,0.0,0.0,0.0,0.0,0.0,0.0,0.0,0.0,0,0,0,0.0,0.0,0.0,0.0,0.0,0.0,0.0,0.0,0.0,0.0,0.0,0.0,0.0,0.0,0.0,0.0,0,-107875648.0,77,0.0,154,0.0,-101056864.0,ERR,ERR,ERR,ERR,ERR,ERR,ERR,ERR,ERR,ERR,ERR,ERR,ERR,ERR,ERR,ERR,ERR,ERR,ERR,ERR,ERR,ERR,ERR,ERR,ERR,ERR,ERR,ERR,ERR,ERR,ERR,ERR,ERR,ERR,ERR,ERR,ERR,ERR,ERR,ERR,ERR,ERR,ERR,ERR,ERR,ERR,ERR,ERR,ERR,ERR,ERR,ERR,ERR,ERR,ERR,ERR,ERR,ERR,ERR,ERR,ERR,ERR,ERR,ERR,ERR,ERR,ERR,34.0,80.0,35,0.0,0.0,0.0,0.0,0.0,0.0,0.0,0.0,0.0,0.0,0.0,0.0,0.0,0.0,0.0,0.0,66.0,0,120,58,53,65476,0,300,0,0,8,20529,65476,0,0,57672,80.0,0.0,0.0,0.0,0.0,0.0
2026-06-18T02:43:29,ERR,ERR,ERR,ERR,ERR,ERR,ERR,ERR,ERR,ERR,ERR,ERR,ERR,ERR,ERR,ERR,ERR,ERR,ERR,ERR,ERR,ERR,ERR,ERR,ERR,ERR,ERR,ERR,ERR,ERR,ERR,ERR,ERR,ERR,ERR,ERR,ERR,ERR,ERR,ERR,ERR,ERR,ERR,ERR,ERR,ERR,ERR,ERR,ERR,ERR,ERR,ERR,ERR,ERR,ERR,ERR,ERR,ERR,ERR,ERR,ERR,ERR,ERR,ERR,ERR,ERR,ERR,ERR,ERR,ERR,ERR,ERR,ERR,ERR,ERR,ERR,ERR,ERR,ERR,ERR,ERR,ERR,ERR,ERR,ERR,ERR,ERR,ERR,ERR,ERR,ERR,ERR,ERR,ERR,ERR,ERR,ERR,ERR,ERR,ERR,ERR,ERR,ERR,ERR,ERR,ERR,ERR,ERR,ERR,ERR,ERR,ERR,ERR,ERR,ERR,ERR,ERR,ERR,ERR,ERR,ERR,ERR,ERR,ERR,ERR,2.7184312818759872e+23,0.0,0.0,-0.0,nan,1.3936040501711995e+18,7.805,1.203397215123588e+25,0,0,4,48950,6720,14723890282496.0,100,0.0,0.0,0.0,0.059,0.0,0,0,0,0,0.0,0,0,0,0,0,0,0,0,0,0,0,0,0,0,0,0,0,0,0,0,0,0,0,0,0,0,0,0,0,0,0,0,0,26,51,50,76,65476,0,300,0,0,8,21553,0.0,-107605600.0,0.0,0.0,0.0,0.0,0.0,0.0,0.0,0.0,0.0,0.0,0.0,0.0,0.0,0.0,0.0,0.0,0.0,0.0,0.0,0.0,-2.004,0.0,-2.004,-0.0,0.0,0.0,0.0,0.0,4827.0,0.0,7264.0,2.7184312818759872e+23,0.0,-0.0,2.718431101732002e+23,0.0,0.0,0.0,0.0,77,-1.9056981204742963e+17,-4.950398036242045e+32,0.0,0.0,0.0,0.0,0.0,0.0,0.0,0,0,0,0.0,0.0,0.0,0.0,0.0,0.0,0.0,0.0,0.0,0.0,0.0,0.0,0.0,0.0,0.0,0.0,0,-107875648.0,77,0.0,154,0.0,0.0,ERR,ERR,ERR,ERR,ERR,ERR,ERR,ERR,ERR,ERR,ERR,ERR,ERR,ERR,ERR,ERR,ERR,ERR,ERR,ERR,ERR,ERR,ERR,ERR,ERR,ERR,ERR,ERR,ERR,ERR,ERR,ERR,ERR,ERR,ERR,ERR,ERR,ERR,ERR,ERR,ERR,ERR,ERR,ERR,ERR,ERR,ERR,ERR,ERR,ERR,ERR,ERR,ERR,ERR,ERR,ERR,ERR,ERR,ERR,ERR,ERR,ERR,ERR,ERR,ERR,ERR,ERR,34.0,80.0,35,0.0,0.0,0.0,0.0,0.0,0.0,0.0,0.0,0.0,0.0,0.0,0.0,0.0,0.0,0.0,0.0,65.6,0,120,58,53,65476,0,300,0,0,8,20529,65476,0,0,57672,80.0,0.0,0.0,0.0,0.0,0.0
2026-06-18T02:43:30,ERR,ERR,ERR,ERR,ERR,ERR,ERR,ERR,ERR,ERR,ERR,ERR,ERR,ERR,ERR,ERR,ERR,ERR,ERR,ERR,ERR,ERR,ERR,ERR,ERR,ERR,ERR,ERR,ERR,ERR,ERR,ERR,ERR,ERR,ERR,ERR,ERR,ERR,ERR,ERR,ERR,ERR,ERR,ERR,ERR,ERR,ERR,ERR,ERR,ERR,ERR,ERR,ERR,ERR,ERR,ERR,ERR,ERR,ERR,ERR,ERR,ERR,ERR,ERR,ERR,ERR,ERR,ERR,ERR,ERR,ERR,ERR,ERR,ERR,ERR,ERR,ERR,ERR,ERR,ERR,ERR,ERR,ERR,ERR,ERR,ERR,ERR,ERR,ERR,ERR,ERR,ERR,ERR,ERR,ERR,ERR,ERR,ERR,ERR,ERR,ERR,ERR,ERR,ERR,ERR,ERR,ERR,ERR,ERR,ERR,ERR,ERR,ERR,ERR,ERR,ERR,ERR,ERR,ERR,ERR,ERR,ERR,ERR,ERR,ERR,2.7184312818759872e+23,0.0,0.0,-0.0,nan,1.3936040501711995e+18,7.805,1.203397215123588e+25,0,0,4,48950,6720,14723890282496.0,100,0.0,0.0,0.0,0.059,0.0,0,0,0,0,0.0,0,0,0,0,0,0,0,0,0,0,0,0,0,0,0,0,0,0,0,0,0,0,0,0,0,0,0,0,0,0,0,0,0,26,51,50,76,65476,0,300,0,0,8,21553,0.0,-107605600.0,0.0,0.0,0.0,0.0,0.0,0.0,0.0,0.0,0.0,0.0,0.0,0.0,0.0,0.0,0.0,0.0,0.0,0.0,0.0,0.0,-2.004,0.0,-2.004,-0.0,0.0,0.0,0.0,0.0,4827.0,0.0,7264.0,2.7184312818759872e+23,0.0,-0.0,2.718431101732002e+23,0.0,0.0,0.0,0.0,77,-1.9056981204742963e+17,-4.950398036242045e+32,0.0,0.0,0.0,0.0,0.0,0.0,0.0,0,0,0,0.0,0.0,0.0,0.0,0.0,0.0,0.0,0.0,0.0,0.0,0.0,0.0,0.0,0.0,0.0,0.0,0,-107875648.0,77,0.0,154,0.0,0.0,ERR,ERR,ERR,ERR,ERR,ERR,ERR,ERR,ERR,ERR,ERR,ERR,ERR,ERR,ERR,ERR,ERR,ERR,ERR,ERR,ERR,ERR,ERR,ERR,ERR,ERR,ERR,ERR,ERR,ERR,ERR,ERR,ERR,ERR,ERR,ERR,ERR,ERR,ERR,ERR,ERR,ERR,ERR,ERR,ERR,ERR,ERR,ERR,ERR,ERR,ERR,ERR,ERR,ERR,ERR,ERR,ERR,ERR,ERR,ERR,ERR,ERR,ERR,ERR,ERR,ERR,ERR,34.0,80.0,35,0.0,0.0,0.0,0.0,0.0,0.0,0.0,0.0,0.0,0.0,0.0,0.0,0.0,0.0,0.0,0.0,65.6,0,120,58,53,65476,0,300,0,0,8,20529,65476,0,0,57672,80.0,0.0,0.0,0.0,0.0,0.0
2026-06-18T02:43:31,ERR,ERR,ERR,ERR,ERR,ERR,ERR,ERR,ERR,ERR,ERR,ERR,ERR,ERR,ERR,ERR,ERR,ERR,ERR,ERR,ERR,ERR,ERR,ERR,ERR,ERR,ERR,ERR,ERR,ERR,ERR,ERR,ERR,ERR,ERR,ERR,ERR,ERR,ERR,ERR,ERR,ERR,ERR,ERR,ERR,ERR,ERR,ERR,ERR,ERR,ERR,ERR,ERR,ERR,ERR,ERR,ERR,ERR,ERR,ERR,ERR,ERR,ERR,ERR,ERR,ERR,ERR,ERR,ERR,ERR,ERR,ERR,ERR,ERR,ERR,ERR,ERR,ERR,ERR,ERR,ERR,ERR,ERR,ERR,ERR,ERR,ERR,ERR,ERR,ERR,ERR,ERR,ERR,ERR,ERR,ERR,ERR,ERR,ERR,ERR,ERR,ERR,ERR,ERR,ERR,ERR,ERR,ERR,ERR,ERR,ERR,ERR,ERR,ERR,ERR,ERR,ERR,ERR,ERR,ERR,ERR,ERR,ERR,ERR,ERR,2.7184312818759872e+23,0.0,0.0,-0.0,nan,1.3936040501711995e+18,7.805,1.203397215123588e+25,0,0,4,48950,6720,14723890282496.0,100,0.0,0.0,0.0,0.059,0.0,0,0,0,0,0.0,0,0,0,0,0,0,0,0,0,0,0,0,0,0,0,0,0,0,0,0,0,0,0,0,0,0,0,0,0,0,0,0,0,26,51,50,76,65476,0,300,0,0,8,21553,0.0,-107605600.0,0.0,0.0,0.0,0.0,0.0,0.0,0.0,0.0,0.0,0.0,0.0,0.0,0.0,0.0,0.0,0.0,0.0,0.0,0.0,0.0,-2.004,0.0,-2.004,-0.0,0.0,0.0,0.0,0.0,4827.0,0.0,7264.0,2.7184312818759872e+23,0.0,-0.0,2.718431101732002e+23,0.0,0.0,0.0,0.0,77,-1.9056981204742963e+17,-4.950398036242045e+32,0.0,0.0,0.0,0.0,0.0,0.0,0.0,0,0,0,0.0,0.0,0.0,0.0,0.0,0.0,0.0,0.0,0.0,0.0,0.0,0.0,0.0,0.0,0.0,0.0,0,-107875648.0,77,0.0,154,0.0,0.0,ERR,ERR,ERR,ERR,ERR,ERR,ERR,ERR,ERR,ERR,ERR,ERR,ERR,ERR,ERR,ERR,ERR,ERR,ERR,ERR,ERR,ERR,ERR,ERR,ERR,ERR,ERR,ERR,ERR,ERR,ERR,ERR,ERR,ERR,ERR,ERR,ERR,ERR,ERR,ERR,ERR,ERR,ERR,ERR,ERR,ERR,ERR,ERR,ERR,ERR,ERR,ERR,ERR,ERR,ERR,ERR,ERR,ERR,ERR,ERR,ERR,ERR,ERR,ERR,ERR,ERR,ERR,34.0,80.0,35,0.0,0.0,0.0,0.0,0.0,0.0,0.0,0.0,0.0,0.0,0.0,0.0,0.0,0.0,0.0,0.0,65.6,0,120,58,53,65476,0,300,0,0,8,20529,65476,0,0,57672,80.0,0.0,0.0,0.0,0.0,0.0
2026-06-18T02:43:32,ERR,ERR,ERR,ERR,ERR,ERR,ERR,ERR,ERR,ERR,ERR,ERR,ERR,ERR,ERR,ERR,ERR,ERR,ERR,ERR,ERR,ERR,ERR,ERR,ERR,ERR,ERR,ERR,ERR,ERR,ERR,ERR,ERR,ERR,ERR,ERR,ERR,ERR,ERR,ERR,ERR,ERR,ERR,ERR,ERR,ERR,ERR,ERR,ERR,ERR,ERR,ERR,ERR,ERR,ERR,ERR,ERR,ERR,ERR,ERR,ERR,ERR,ERR,ERR,ERR,ERR,ERR,ERR,ERR,ERR,ERR,ERR,ERR,ERR,ERR,ERR,ERR,ERR,ERR,ERR,ERR,ERR,ERR,ERR,ERR,ERR,ERR,ERR,ERR,ERR,ERR,ERR,ERR,ERR,ERR,ERR,ERR,ERR,ERR,ERR,ERR,ERR,ERR,ERR,ERR,ERR,ERR,ERR,ERR,ERR,ERR,ERR,ERR,ERR,ERR,ERR,ERR,ERR,ERR,ERR,ERR,ERR,ERR,ERR,ERR,2.7184312818759872e+23,0.0,0.0,-0.0,nan,1.3936040501711995e+18,7.805,1.203397215123588e+25,0,0,4,48950,6720,14723890282496.0,100,0.0,0.0,0.0,0.059,0.0,0,0,0,0,0.0,0,0,0,0,0,0,0,0,0,0,0,0,0,0,0,0,0,0,0,0,0,0,0,0,0,0,0,0,0,0,0,0,0,26,51,50,76,65476,0,300,0,0,8,21553,0.0,-107605600.0,0.0,0.0,0.0,0.0,0.0,0.0,0.0,0.0,0.0,0.0,0.0,0.0,0.0,0.0,0.0,0.0,0.0,0.0,0.0,0.0,-2.004,0.0,-2.004,-0.0,0.0,0.0,0.0,0.0,4827.0,0.0,7264.0,2.7184312818759872e+23,0.0,-0.0,2.718431101732002e+23,0.0,0.0,0.0,0.0,77,-1.9056981204742963e+17,-4.950398036242045e+32,0.0,0.0,0.0,0.0,0.0,0.0,0.0,0,0,0,0.0,0.0,0.0,0.0,0.0,0.0,0.0,0.0,0.0,0.0,0.0,0.0,0.0,0.0,0.0,0.0,0,-107875648.0,77,0.0,154,0.0,0.0,ERR,ERR,ERR,ERR,ERR,ERR,ERR,ERR,ERR,ERR,ERR,ERR,ERR,ERR,ERR,ERR,ERR,ERR,ERR,ERR,ERR,ERR,ERR,ERR,ERR,ERR,ERR,ERR,ERR,ERR,ERR,ERR,ERR,ERR,ERR,ERR,ERR,ERR,ERR,ERR,ERR,ERR,ERR,ERR,ERR,ERR,ERR,ERR,ERR,ERR,ERR,ERR,ERR,ERR,ERR,ERR,ERR,ERR,ERR,ERR,ERR,ERR,ERR,ERR,ERR,ERR,ERR,34.0,80.0,35,0.0,0.0,0.0,0.0,0.0,0.0,0.0,0.0,0.0,0.0,0.0,0.0,0.0,0.0,0.0,0.0,65.6,0,120,58,53,65476,0,300,0,0,8,20529,65476,0,0,57672,80.0,0.0,0.0,0.0,0.0,0.0
2026-06-18T02:43:33,ERR,ERR,ERR,ERR,ERR,ERR,ERR,ERR,ERR,ERR,ERR,ERR,ERR,ERR,ERR,ERR,ERR,ERR,ERR,ERR,ERR,ERR,ERR,ERR,ERR,ERR,ERR,ERR,ERR,ERR,ERR,ERR,ERR,ERR,ERR,ERR,ERR,ERR,ERR,ERR,ERR,ERR,ERR,ERR,ERR,ERR,ERR,ERR,ERR,ERR,ERR,ERR,ERR,ERR,ERR,ERR,ERR,ERR,ERR,ERR,ERR,ERR,ERR,ERR,ERR,ERR,ERR,ERR,ERR,ERR,ERR,ERR,ERR,ERR,ERR,ERR,ERR,ERR,ERR,ERR,ERR,ERR,ERR,ERR,ERR,ERR,ERR,ERR,ERR,ERR,ERR,ERR,ERR,ERR,ERR,ERR,ERR,ERR,ERR,ERR,ERR,ERR,ERR,ERR,ERR,ERR,ERR,ERR,ERR,ERR,ERR,ERR,ERR,ERR,ERR,ERR,ERR,ERR,ERR,ERR,ERR,ERR,ERR,ERR,ERR,2.7184312818759872e+23,0.0,0.0,-0.0,nan,1.3936040501711995e+18,7.805,1.203397215123588e+25,0,0,4,48950,6720,14723890282496.0,100,0.0,0.0,0.0,0.059,0.0,0,0,0,0,0.0,0,0,0,0,0,0,0,0,0,0,0,0,0,0,0,0,0,0,0,0,0,0,0,0,0,0,0,0,0,0,0,0,0,26,51,50,76,65476,0,300,0,0,8,21553,0.0,-107605600.0,0.0,0.0,0.0,0.0,0.0,0.0,0.0,0.0,0.0,0.0,0.0,0.0,0.0,0.0,0.0,0.0,0.0,0.0,0.0,0.0,-2.004,0.0,-2.004,-0.0,0.0,0.0,0.0,0.0,4827.0,0.0,7264.0,2.7184312818759872e+23,0.0,-0.0,2.718431101732002e+23,0.0,0.0,0.0,0.0,77,-1.9056981204742963e+17,-4.950398036242045e+32,0.0,0.0,0.0,0.0,0.0,0.0,0.0,0,0,0,0.0,0.0,0.0,0.0,0.0,0.0,0.0,0.0,0.0,0.0,0.0,0.0,0.0,0.0,0.0,0.0,0,-107875648.0,77,0.0,154,0.0,0.0,ERR,ERR,ERR,ERR,ERR,ERR,ERR,ERR,ERR,ERR,ERR,ERR,ERR,ERR,ERR,ERR,ERR,ERR,ERR,ERR,ERR,ERR,ERR,ERR,ERR,ERR,ERR,ERR,ERR,ERR,ERR,ERR,ERR,ERR,ERR,ERR,ERR,ERR,ERR,ERR,ERR,ERR,ERR,ERR,ERR,ERR,ERR,ERR,ERR,ERR,ERR,ERR,ERR,ERR,ERR,ERR,ERR,ERR,ERR,ERR,ERR,ERR,ERR,ERR,ERR,ERR,ERR,34.0,80.0,35,0.0,0.0,0.0,0.0,0.0,0.0,0.0,0.0,0.0,0.0,0.0,0.0,0.0,0.0,0.0,0.0,65.6,0,120,58,53,65476,0,300,0,0,8,20529,65476,0,0,57672,80.0,0.0,0.0,0.0,0.0,0.0
2026-06-18T02:43:34,ERR,ERR,ERR,ERR,ERR,ERR,ERR,ERR,ERR,ERR,ERR,ERR,ERR,ERR,ERR,ERR,ERR,ERR,ERR,ERR,ERR,ERR,ERR,ERR,ERR,ERR,ERR,ERR,ERR,ERR,ERR,ERR,ERR,ERR,ERR,ERR,ERR,ERR,ERR,ERR,ERR,ERR,ERR,ERR,ERR,ERR,ERR,ERR,ERR,ERR,ERR,ERR,ERR,ERR,ERR,ERR,ERR,ERR,ERR,ERR,ERR,ERR,ERR,ERR,ERR,ERR,ERR,ERR,ERR,ERR,ERR,ERR,ERR,ERR,ERR,ERR,ERR,ERR,ERR,ERR,ERR,ERR,ERR,ERR,ERR,ERR,ERR,ERR,ERR,ERR,ERR,ERR,ERR,ERR,ERR,ERR,ERR,ERR,ERR,ERR,ERR,ERR,ERR,ERR,ERR,ERR,ERR,ERR,ERR,ERR,ERR,ERR,ERR,ERR,ERR,ERR,ERR,ERR,ERR,ERR,ERR,ERR,ERR,ERR,ERR,2.7184312818759872e+23,0.0,0.0,-4.9501291711397626e+32,1.592,1.3936040501711995e+18,7.805,0.0,0,0,4,48932,6720,14723890282496.0,100,0.0,0.0,0.0,-4.9501291711397626e+32,0.0,0,0,0,0,0.0,0,0,0,0,0,0,0,0,0,0,0,0,0,0,0,0,0,0,0,0,0,0,0,0,0,0,0,0,0,0,0,0,0,26,51,50,76,65476,0,300,0,0,8,21553,0.0,-107605600.0,0.0,0.0,0.0,0.0,0.0,0.0,0.0,0.0,0.0,0.0,0.0,0.0,0.0,0.0,0.0,0.0,0.0,0.0,0.0,0.0,-2.004,0.0,-2.004,-0.0,0.0,0.0,0.0,0.0,4826.0,0.0,7234.0,2.7184312818759872e+23,0.0,-0.0,2.718431101732002e+23,0.0,0.0,0.0,0.0,77,-2.308840541793802e+20,0.0,0.0,0.0,0.0,0.0,0.0,0.0,0.0,0,0,0,0.0,0.0,0.0,0.0,0.0,0.0,0.0,0.0,0.0,0.0,0.0,0.0,0.0,0.0,0.0,0.0,0,-107875648.0,77,0.0,154,0.0,0.0,ERR,ERR,ERR,ERR,ERR,ERR,ERR,ERR,ERR,ERR,ERR,ERR,ERR,ERR,ERR,ERR,ERR,ERR,ERR,ERR,ERR,ERR,ERR,ERR,ERR,ERR,ERR,ERR,ERR,ERR,ERR,ERR,ERR,ERR,ERR,ERR,ERR,ERR,ERR,ERR,ERR,ERR,ERR,ERR,ERR,ERR,ERR,ERR,ERR,ERR,ERR,ERR,ERR,ERR,ERR,ERR,ERR,ERR,ERR,ERR,ERR,ERR,ERR,ERR,ERR,ERR,ERR,34.0,80.0,35,0.0,0.0,0.0,0.0,0.0,0.0,0.0,0.0,0.0,0.0,0.0,0.0,0.0,0.0,0.0,0.0,66.4,0,120,58,53,65476,0,300,0,0,8,20529,65476,0,0,57672,80.0,0.0,0.0,0.0,0.0,0.0
2026-06-18T02:43:35,ERR,ERR,ERR,ERR,ERR,ERR,ERR,ERR,ERR,ERR,ERR,ERR,ERR,ERR,ERR,ERR,ERR,ERR,ERR,ERR,ERR,ERR,ERR,ERR,ERR,ERR,ERR,ERR,ERR,ERR,ERR,ERR,ERR,ERR,ERR,ERR,ERR,ERR,ERR,ERR,ERR,ERR,ERR,ERR,ERR,ERR,ERR,ERR,ERR,ERR,ERR,ERR,ERR,ERR,ERR,ERR,ERR,ERR,ERR,ERR,ERR,ERR,ERR,ERR,ERR,ERR,ERR,ERR,ERR,ERR,ERR,ERR,ERR,ERR,ERR,ERR,ERR,ERR,ERR,ERR,ERR,ERR,ERR,ERR,ERR,ERR,ERR,ERR,ERR,ERR,ERR,ERR,ERR,ERR,ERR,ERR,ERR,ERR,ERR,ERR,ERR,ERR,ERR,ERR,ERR,ERR,ERR,ERR,ERR,ERR,ERR,ERR,ERR,ERR,ERR,ERR,ERR,ERR,ERR,ERR,ERR,ERR,ERR,ERR,ERR,2.7184312818759872e+23,0.0,0.0,-4.9501291711397626e+32,1.592,1.3936040501711995e+18,7.805,0.0,0,0,4,48932,6720,14723890282496.0,100,0.0,0.0,0.0,-4.9501291711397626e+32,0.0,0,0,0,0,0.0,0,0,0,0,0,0,0,0,0,0,0,0,0,0,0,0,0,0,0,0,0,0,0,0,0,0,0,0,0,0,0,0,0,26,51,50,76,65476,0,300,0,0,8,21553,0.0,-107605600.0,0.0,0.0,0.0,0.0,0.0,0.0,0.0,0.0,0.0,0.0,0.0,0.0,0.0,0.0,0.0,0.0,0.0,0.0,0.0,0.0,-2.004,0.0,-2.004,-0.0,0.0,0.0,0.0,0.0,4826.0,0.0,7234.0,2.7184312818759872e+23,0.0,-0.0,2.718431101732002e+23,0.0,0.0,0.0,0.0,77,-2.308840541793802e+20,0.0,0.0,0.0,0.0,0.0,0.0,0.0,0.0,0,0,0,0.0,0.0,0.0,0.0,0.0,0.0,0.0,0.0,0.0,0.0,0.0,0.0,0.0,0.0,0.0,0.0,0,-107875648.0,77,0.0,154,0.0,0.0,ERR,ERR,ERR,ERR,ERR,ERR,ERR,ERR,ERR,ERR,ERR,ERR,ERR,ERR,ERR,ERR,ERR,ERR,ERR,ERR,ERR,ERR,ERR,ERR,ERR,ERR,ERR,ERR,ERR,ERR,ERR,ERR,ERR,ERR,ERR,ERR,ERR,ERR,ERR,ERR,ERR,ERR,ERR,ERR,ERR,ERR,ERR,ERR,ERR,ERR,ERR,ERR,ERR,ERR,ERR,ERR,ERR,ERR,ERR,ERR,ERR,ERR,ERR,ERR,ERR,ERR,ERR,34.0,80.0,35,0.0,0.0,0.0,0.0,0.0,0.0,0.0,0.0,0.0,0.0,0.0,0.0,0.0,0.0,0.0,0.0,66.4,0,120,58,53,65476,0,300,0,0,8,20529,65476,0,0,57672,80.0,0.0,0.0,0.0,0.0,0.0
2026-06-18T02:43:36,ERR,ERR,ERR,ERR,ERR,ERR,ERR,ERR,ERR,ERR,ERR,ERR,ERR,ERR,ERR,ERR,ERR,ERR,ERR,ERR,ERR,ERR,ERR,ERR,ERR,ERR,ERR,ERR,ERR,ERR,ERR,ERR,ERR,ERR,ERR,ERR,ERR,ERR,ERR,ERR,ERR,ERR,ERR,ERR,ERR,ERR,ERR,ERR,ERR,ERR,ERR,ERR,ERR,ERR,ERR,ERR,ERR,ERR,ERR,ERR,ERR,ERR,ERR,ERR,ERR,ERR,ERR,ERR,ERR,ERR,ERR,ERR,ERR,ERR,ERR,ERR,ERR,ERR,ERR,ERR,ERR,ERR,ERR,ERR,ERR,ERR,ERR,ERR,ERR,ERR,ERR,ERR,ERR,ERR,ERR,ERR,ERR,ERR,ERR,ERR,ERR,ERR,ERR,ERR,ERR,ERR,ERR,ERR,ERR,ERR,ERR,ERR,ERR,ERR,ERR,ERR,ERR,ERR,ERR,ERR,ERR,ERR,ERR,ERR,ERR,2.7184312818759872e+23,0.0,0.0,-4.9501291711397626e+32,1.592,1.3936040501711995e+18,7.805,0.0,0,0,4,48932,6720,14723890282496.0,100,0.0,0.0,0.0,-4.9501291711397626e+32,0.0,0,0,0,0,0.0,0,0,0,0,0,0,0,0,0,0,0,0,0,0,0,0,0,0,0,0,0,0,0,0,0,0,0,0,0,0,0,0,0,26,51,50,76,65476,0,300,0,0,8,21553,0.0,-107605600.0,0.0,0.0,0.0,0.0,0.0,0.0,0.0,0.0,0.0,0.0,0.0,0.0,0.0,0.0,0.0,0.0,0.0,0.0,0.0,0.0,-2.004,0.0,-2.004,-0.0,0.0,0.0,0.0,0.0,4826.0,0.0,7234.0,2.7184312818759872e+23,0.0,-0.0,2.718431101732002e+23,0.0,0.0,0.0,0.0,77,-2.308840541793802e+20,0.0,0.0,0.0,0.0,0.0,0.0,0.0,0.0,0,0,0,0.0,0.0,0.0,0.0,0.0,0.0,0.0,0.0,0.0,0.0,0.0,0.0,0.0,0.0,0.0,0.0,0,-107875648.0,77,0.0,154,0.0,0.0,ERR,ERR,ERR,ERR,ERR,ERR,ERR,ERR,ERR,ERR,ERR,ERR,ERR,ERR,ERR,ERR,ERR,ERR,ERR,ERR,ERR,ERR,ERR,ERR,ERR,ERR,ERR,ERR,ERR,ERR,ERR,ERR,ERR,ERR,ERR,ERR,ERR,ERR,ERR,ERR,ERR,ERR,ERR,ERR,ERR,ERR,ERR,ERR,ERR,ERR,ERR,ERR,ERR,ERR,ERR,ERR,ERR,ERR,ERR,ERR,ERR,ERR,ERR,ERR,ERR,ERR,ERR,34.0,80.0,35,0.0,0.0,0.0,0.0,0.0,0.0,0.0,0.0,0.0,0.0,0.0,0.0,0.0,0.0,0.0,0.0,65.6,0,120,58,53,65476,0,300,0,0,8,20529,65476,0,0,57672,80.0,0.0,0.0,0.0,0.0,0.0
2026-06-18T02:43:37,ERR,ERR,ERR,ERR,ERR,ERR,ERR,ERR,ERR,ERR,ERR,ERR,ERR,ERR,ERR,ERR,ERR,ERR,ERR,ERR,ERR,ERR,ERR,ERR,ERR,ERR,ERR,ERR,ERR,ERR,ERR,ERR,ERR,ERR,ERR,ERR,ERR,ERR,ERR,ERR,ERR,ERR,ERR,ERR,ERR,ERR,ERR,ERR,ERR,ERR,ERR,ERR,ERR,ERR,ERR,ERR,ERR,ERR,ERR,ERR,ERR,ERR,ERR,ERR,ERR,ERR,ERR,ERR,ERR,ERR,ERR,ERR,ERR,ERR,ERR,ERR,ERR,ERR,ERR,ERR,ERR,ERR,ERR,ERR,ERR,ERR,ERR,ERR,ERR,ERR,ERR,ERR,ERR,ERR,ERR,ERR,ERR,ERR,ERR,ERR,ERR,ERR,ERR,ERR,ERR,ERR,ERR,ERR,ERR,ERR,ERR,ERR,ERR,ERR,ERR,ERR,ERR,ERR,ERR,ERR,ERR,ERR,ERR,ERR,ERR,2.7184312818759872e+23,0.0,0.0,-4.9501291711397626e+32,1.592,1.3936040501711995e+18,7.805,0.0,0,0,4,48932,6720,14723890282496.0,100,0.0,0.0,0.0,-4.9501291711397626e+32,0.0,0,0,0,0,0.0,0,0,0,0,0,0,0,0,0,0,0,0,0,0,0,0,0,0,0,0,0,0,0,0,0,0,0,0,0,0,0,0,0,26,51,50,76,65476,0,300,0,0,8,21553,0.0,-107605600.0,0.0,0.0,0.0,0.0,0.0,0.0,0.0,0.0,0.0,0.0,0.0,0.0,0.0,0.0,0.0,0.0,0.0,0.0,0.0,0.0,-2.004,0.0,-2.004,-0.0,0.0,0.0,0.0,0.0,4826.0,0.0,7234.0,2.7184312818759872e+23,0.0,-0.0,2.718431101732002e+23,0.0,0.0,0.0,0.0,77,-2.308840541793802e+20,0.0,0.0,0.0,0.0,0.0,0.0,0.0,0.0,0,0,0,0.0,0.0,0.0,0.0,0.0,0.0,0.0,0.0,0.0,0.0,0.0,0.0,0.0,0.0,0.0,0.0,0,-107875648.0,77,0.0,154,0.0,0.0,ERR,ERR,ERR,ERR,ERR,ERR,ERR,ERR,ERR,ERR,ERR,ERR,ERR,ERR,ERR,ERR,ERR,ERR,ERR,ERR,ERR,ERR,ERR,ERR,ERR,ERR,ERR,ERR,ERR,ERR,ERR,ERR,ERR,ERR,ERR,ERR,ERR,ERR,ERR,ERR,ERR,ERR,ERR,ERR,ERR,ERR,ERR,ERR,ERR,ERR,ERR,ERR,ERR,ERR,ERR,ERR,ERR,ERR,ERR,ERR,ERR,ERR,ERR,ERR,ERR,ERR,ERR,34.0,80.0,35,0.0,0.0,0.0,0.0,0.0,0.0,0.0,0.0,0.0,0.0,0.0,0.0,0.0,0.0,0.0,0.0,65.6,0,120,58,53,65476,0,300,0,0,8,20529,65476,0,0,57672,80.0,0.0,0.0,0.0,0.0,0.0
2026-06-18T02:43:38,ERR,ERR,ERR,ERR,ERR,ERR,ERR,ERR,ERR,ERR,ERR,ERR,ERR,ERR,ERR,ERR,ERR,ERR,ERR,ERR,ERR,ERR,ERR,ERR,ERR,ERR,ERR,ERR,ERR,ERR,ERR,ERR,ERR,ERR,ERR,ERR,ERR,ERR,ERR,ERR,ERR,ERR,ERR,ERR,ERR,ERR,ERR,ERR,ERR,ERR,ERR,ERR,ERR,ERR,ERR,ERR,ERR,ERR,ERR,ERR,ERR,ERR,ERR,ERR,ERR,ERR,ERR,ERR,ERR,ERR,ERR,ERR,ERR,ERR,ERR,ERR,ERR,ERR,ERR,ERR,ERR,ERR,ERR,ERR,ERR,ERR,ERR,ERR,ERR,ERR,ERR,ERR,ERR,ERR,ERR,ERR,ERR,ERR,ERR,ERR,ERR,ERR,ERR,ERR,ERR,ERR,ERR,ERR,ERR,ERR,ERR,ERR,ERR,ERR,ERR,ERR,ERR,ERR,ERR,ERR,ERR,ERR,ERR,ERR,ERR,2.7184312818759872e+23,0.0,0.0,-4.9501291711397626e+32,1.592,1.3936040501711995e+18,7.805,0.0,0,0,4,48932,6720,14723890282496.0,100,0.0,0.0,0.0,-4.9501291711397626e+32,0.0,0,0,0,0,0.0,0,0,0,0,0,0,0,0,0,0,0,0,0,0,0,0,0,0,0,0,0,0,0,0,0,0,0,0,0,0,0,0,0,26,51,50,76,65476,0,300,0,0,8,21553,0.0,-107605600.0,0.0,0.0,0.0,0.0,0.0,0.0,0.0,0.0,0.0,0.0,0.0,0.0,0.0,0.0,0.0,0.0,0.0,0.0,0.0,0.0,-2.004,0.0,-2.004,-0.0,0.0,0.0,0.0,0.0,4826.0,0.0,7234.0,2.7184312818759872e+23,0.0,-0.0,2.718431101732002e+23,0.0,0.0,0.0,0.0,77,-2.308840541793802e+20,0.0,0.0,0.0,0.0,0.0,0.0,0.0,0.0,0,0,0,0.0,0.0,0.0,0.0,0.0,0.0,0.0,0.0,0.0,0.0,0.0,0.0,0.0,0.0,0.0,0.0,0,-107875648.0,77,0.0,154,0.0,0.0,ERR,ERR,ERR,ERR,ERR,ERR,ERR,ERR,ERR,ERR,ERR,ERR,ERR,ERR,ERR,ERR,ERR,ERR,ERR,ERR,ERR,ERR,ERR,ERR,ERR,ERR,ERR,ERR,ERR,ERR,ERR,ERR,ERR,ERR,ERR,ERR,ERR,ERR,ERR,ERR,ERR,ERR,ERR,ERR,ERR,ERR,ERR,ERR,ERR,ERR,ERR,ERR,ERR,ERR,ERR,ERR,ERR,ERR,ERR,ERR,ERR,ERR,ERR,ERR,ERR,ERR,ERR,34.0,80.0,35,0.0,0.0,0.0,0.0,0.0,0.0,0.0,0.0,0.0,0.0,0.0,0.0,0.0,0.0,0.0,0.0,66.0,0,120,58,53,65476,0,300,0,0,8,20529,65476,0,0,57672,80.0,0.0,0.0,0.0,0.0,0.0
2026-06-18T02:43:39,ERR,ERR,ERR,ERR,ERR,ERR,ERR,ERR,ERR,ERR,ERR,ERR,ERR,ERR,ERR,ERR,ERR,ERR,ERR,ERR,ERR,ERR,ERR,ERR,ERR,ERR,ERR,ERR,ERR,ERR,ERR,ERR,ERR,ERR,ERR,ERR,ERR,ERR,ERR,ERR,ERR,ERR,ERR,ERR,ERR,ERR,ERR,ERR,ERR,ERR,ERR,ERR,ERR,ERR,ERR,ERR,ERR,ERR,ERR,ERR,ERR,ERR,ERR,ERR,ERR,ERR,ERR,ERR,ERR,ERR,ERR,ERR,ERR,ERR,ERR,ERR,ERR,ERR,ERR,ERR,ERR,ERR,ERR,ERR,ERR,ERR,ERR,ERR,ERR,ERR,ERR,ERR,ERR,ERR,ERR,ERR,ERR,ERR,ERR,ERR,ERR,ERR,ERR,ERR,ERR,ERR,ERR,ERR,ERR,ERR,ERR,ERR,ERR,ERR,ERR,ERR,ERR,ERR,ERR,ERR,ERR,ERR,ERR,ERR,ERR,2.7184312818759872e+23,0.0,0.0,-0.0,-1.584,1.3936040501711995e+18,7.805,8.60689115769574e+30,0,0,4,48935,6720,14723890282496.0,100,0.0,0.0,0.0,-152005385388032.0,0.0,0,0,0,0,0.0,0,0,0,0,0,0,0,0,0,0,0,0,0,0,0,0,0,0,0,0,0,0,0,0,0,0,0,0,0,0,0,0,0,26,51,50,76,65476,0,300,0,0,8,21553,0.0,-107605600.0,0.0,0.0,0.0,0.0,0.0,0.0,0.0,0.0,0.0,0.0,0.0,0.0,-2.596148429267414e+33,0.0,0.0,0.0,0.0,0.0,0.0,0.0,-2.004,0.0,-2.004,-0.0,0.0,0.0,0.0,0.0,4829.0,0.0,7269.0,0.0,0.0,-0.0,2.718431101732002e+23,0.0,0.0,0.0,0.0,77,-1.9056981204742963e+17,0.0,0.0,0.0,0.0,0.0,0.0,0.0,0.0,0,0,0,0.0,0.0,0.0,0.0,0.0,0.0,0.0,0.0,0.0,0.0,0.0,0.0,0.0,0.0,0.0,0.0,0,-107875648.0,77,0.0,154,0.0,0.0,ERR,ERR,ERR,ERR,ERR,ERR,ERR,ERR,ERR,ERR,ERR,ERR,ERR,ERR,ERR,ERR,ERR,ERR,ERR,ERR,ERR,ERR,ERR,ERR,ERR,ERR,ERR,ERR,ERR,ERR,ERR,ERR,ERR,ERR,ERR,ERR,ERR,ERR,ERR,ERR,ERR,ERR,ERR,ERR,ERR,ERR,ERR,ERR,ERR,ERR,ERR,ERR,ERR,ERR,ERR,ERR,ERR,ERR,ERR,ERR,ERR,ERR,ERR,ERR,ERR,ERR,ERR,34.0,80.0,35,0.0,0.0,0.0,0.0,0.0,0.0,0.0,0.0,0.0,0.0,0.0,0.0,0.0,0.0,0.0,0.0,66.0,0,120,58,53,65476,0,300,0,0,8,20529,65476,0,0,57672,80.0,0.0,0.0,0.0,0.0,0.0
2026-06-18T02:43:40,ERR,ERR,ERR,ERR,ERR,ERR,ERR,ERR,ERR,ERR,ERR,ERR,ERR,ERR,ERR,ERR,ERR,ERR,ERR,ERR,ERR,ERR,ERR,ERR,ERR,ERR,ERR,ERR,ERR,ERR,ERR,ERR,ERR,ERR,ERR,ERR,ERR,ERR,ERR,ERR,ERR,ERR,ERR,ERR,ERR,ERR,ERR,ERR,ERR,ERR,ERR,ERR,ERR,ERR,ERR,ERR,ERR,ERR,ERR,ERR,ERR,ERR,ERR,ERR,ERR,ERR,ERR,ERR,ERR,ERR,ERR,ERR,ERR,ERR,ERR,ERR,ERR,ERR,ERR,ERR,ERR,ERR,ERR,ERR,ERR,ERR,ERR,ERR,ERR,ERR,ERR,ERR,ERR,ERR,ERR,ERR,ERR,ERR,ERR,ERR,ERR,ERR,ERR,ERR,ERR,ERR,ERR,ERR,ERR,ERR,ERR,ERR,ERR,ERR,ERR,ERR,ERR,ERR,ERR,ERR,ERR,ERR,ERR,ERR,ERR,2.7184312818759872e+23,0.0,0.0,-0.0,-1.584,1.3936040501711995e+18,7.805,8.60689115769574e+30,0,0,4,48935,6720,14723890282496.0,100,0.0,0.0,0.0,-152005385388032.0,0.0,0,0,0,0,0.0,0,0,0,0,0,0,0,0,0,0,0,0,0,0,0,0,0,0,0,0,0,0,0,0,0,0,0,0,0,0,0,0,0,26,51,50,76,65476,0,300,0,0,8,21553,0.0,-107605600.0,0.0,0.0,0.0,0.0,0.0,0.0,0.0,0.0,0.0,0.0,0.0,0.0,-2.596148429267414e+33,0.0,0.0,0.0,0.0,0.0,0.0,0.0,-2.004,0.0,-2.004,-0.0,0.0,0.0,0.0,0.0,4829.0,0.0,7269.0,0.0,0.0,-0.0,2.718431101732002e+23,0.0,0.0,0.0,0.0,77,-1.9056981204742963e+17,0.0,0.0,0.0,0.0,0.0,0.0,0.0,0.0,0,0,0,0.0,0.0,0.0,0.0,0.0,0.0,0.0,0.0,0.0,0.0,0.0,0.0,0.0,0.0,0.0,0.0,0,-107875648.0,77,0.0,154,0.0,0.0,ERR,ERR,ERR,ERR,ERR,ERR,ERR,ERR,ERR,ERR,ERR,ERR,ERR,ERR,ERR,ERR,ERR,ERR,ERR,ERR,ERR,ERR,ERR,ERR,ERR,ERR,ERR,ERR,ERR,ERR,ERR,ERR,ERR,ERR,ERR,ERR,ERR,ERR,ERR,ERR,ERR,ERR,ERR,ERR,ERR,ERR,ERR,ERR,ERR,ERR,ERR,ERR,ERR,ERR,ERR,ERR,ERR,ERR,ERR,ERR,ERR,ERR,ERR,ERR,ERR,ERR,ERR,34.0,80.0,35,0.0,0.0,0.0,0.0,0.0,0.0,0.0,0.0,0.0,0.0,0.0,0.0,0.0,0.0,0.0,0.0,66.0,0,120,58,53,65476,0,300,0,0,8,20529,65476,0,0,57672,80.0,0.0,0.0,0.0,0.0,0.0
2026-06-18T02:43:41,ERR,ERR,ERR,ERR,ERR,ERR,ERR,ERR,ERR,ERR,ERR,ERR,ERR,ERR,ERR,ERR,ERR,ERR,ERR,ERR,ERR,ERR,ERR,ERR,ERR,ERR,ERR,ERR,ERR,ERR,ERR,ERR,ERR,ERR,ERR,ERR,ERR,ERR,ERR,ERR,ERR,ERR,ERR,ERR,ERR,ERR,ERR,ERR,ERR,ERR,ERR,ERR,ERR,ERR,ERR,ERR,ERR,ERR,ERR,ERR,ERR,ERR,ERR,ERR,ERR,ERR,ERR,ERR,ERR,ERR,ERR,ERR,ERR,ERR,ERR,ERR,ERR,ERR,ERR,ERR,ERR,ERR,ERR,ERR,ERR,ERR,ERR,ERR,ERR,ERR,ERR,ERR,ERR,ERR,ERR,ERR,ERR,ERR,ERR,ERR,ERR,ERR,ERR,ERR,ERR,ERR,ERR,ERR,ERR,ERR,ERR,ERR,ERR,ERR,ERR,ERR,ERR,ERR,ERR,ERR,ERR,ERR,ERR,ERR,ERR,2.7184312818759872e+23,0.0,0.0,-0.0,-1.584,1.3936040501711995e+18,7.805,8.60689115769574e+30,0,0,4,48935,6720,14723890282496.0,100,0.0,0.0,0.0,-152005385388032.0,0.0,0,0,0,0,0.0,0,0,0,0,0,0,0,0,0,0,0,0,0,0,0,0,0,0,0,0,0,0,0,0,0,0,0,0,0,0,0,0,0,26,51,50,76,65476,0,300,0,0,8,21553,0.0,-107605600.0,0.0,0.0,0.0,0.0,0.0,0.0,0.0,0.0,0.0,0.0,0.0,0.0,-2.596148429267414e+33,0.0,0.0,0.0,0.0,0.0,0.0,0.0,-2.004,0.0,-2.004,-0.0,0.0,0.0,0.0,0.0,4829.0,0.0,7269.0,0.0,0.0,-0.0,2.718431101732002e+23,0.0,0.0,0.0,0.0,77,-1.9056981204742963e+17,0.0,0.0,0.0,0.0,0.0,0.0,0.0,0.0,0,0,0,0.0,0.0,0.0,0.0,0.0,0.0,0.0,0.0,0.0,0.0,0.0,0.0,0.0,0.0,0.0,0.0,0,-107875648.0,77,0.0,154,0.0,0.0,ERR,ERR,ERR,ERR,ERR,ERR,ERR,ERR,ERR,ERR,ERR,ERR,ERR,ERR,ERR,ERR,ERR,ERR,ERR,ERR,ERR,ERR,ERR,ERR,ERR,ERR,ERR,ERR,ERR,ERR,ERR,ERR,ERR,ERR,ERR,ERR,ERR,ERR,ERR,ERR,ERR,ERR,ERR,ERR,ERR,ERR,ERR,ERR,ERR,ERR,ERR,ERR,ERR,ERR,ERR,ERR,ERR,ERR,ERR,ERR,ERR,ERR,ERR,ERR,ERR,ERR,ERR,34.0,80.0,35,0.0,0.0,0.0,0.0,0.0,0.0,0.0,0.0,0.0,0.0,0.0,0.0,0.0,0.0,0.0,0.0,65.6,0,120,58,53,65476,0,300,0,0,8,20529,65476,0,0,57672,80.0,0.0,0.0,0.0,0.0,0.0
2026-06-18T02:43:42,ERR,ERR,ERR,ERR,ERR,ERR,ERR,ERR,ERR,ERR,ERR,ERR,ERR,ERR,ERR,ERR,ERR,ERR,ERR,ERR,ERR,ERR,ERR,ERR,ERR,ERR,ERR,ERR,ERR,ERR,ERR,ERR,ERR,ERR,ERR,ERR,ERR,ERR,ERR,ERR,ERR,ERR,ERR,ERR,ERR,ERR,ERR,ERR,ERR,ERR,ERR,ERR,ERR,ERR,ERR,ERR,ERR,ERR,ERR,ERR,ERR,ERR,ERR,ERR,ERR,ERR,ERR,ERR,ERR,ERR,ERR,ERR,ERR,ERR,ERR,ERR,ERR,ERR,ERR,ERR,ERR,ERR,ERR,ERR,ERR,ERR,ERR,ERR,ERR,ERR,ERR,ERR,ERR,ERR,ERR,ERR,ERR,ERR,ERR,ERR,ERR,ERR,ERR,ERR,ERR,ERR,ERR,ERR,ERR,ERR,ERR,ERR,ERR,ERR,ERR,ERR,ERR,ERR,ERR,ERR,ERR,ERR,ERR,ERR,ERR,2.7184312818759872e+23,0.0,0.0,-0.0,-1.584,1.3936040501711995e+18,7.805,8.60689115769574e+30,0,0,4,48935,6720,14723890282496.0,100,0.0,0.0,0.0,-152005385388032.0,0.0,0,0,0,0,0.0,0,0,0,0,0,0,0,0,0,0,0,0,0,0,0,0,0,0,0,0,0,0,0,0,0,0,0,0,0,0,0,0,0,26,51,50,76,65476,0,300,0,0,8,21553,0.0,-107605600.0,0.0,0.0,0.0,0.0,0.0,0.0,0.0,0.0,0.0,0.0,0.0,0.0,-2.596148429267414e+33,0.0,0.0,0.0,0.0,0.0,0.0,0.0,-2.004,0.0,-2.004,-0.0,0.0,0.0,0.0,0.0,4829.0,0.0,7269.0,0.0,0.0,-0.0,2.718431101732002e+23,0.0,0.0,0.0,0.0,77,-1.9056981204742963e+17,0.0,0.0,0.0,0.0,0.0,0.0,0.0,0.0,0,0,0,0.0,0.0,0.0,0.0,0.0,0.0,0.0,0.0,0.0,0.0,0.0,0.0,0.0,0.0,0.0,0.0,0,-107875648.0,77,0.0,154,0.0,0.0,ERR,ERR,ERR,ERR,ERR,ERR,ERR,ERR,ERR,ERR,ERR,ERR,ERR,ERR,ERR,ERR,ERR,ERR,ERR,ERR,ERR,ERR,ERR,ERR,ERR,ERR,ERR,ERR,ERR,ERR,ERR,ERR,ERR,ERR,ERR,ERR,ERR,ERR,ERR,ERR,ERR,ERR,ERR,ERR,ERR,ERR,ERR,ERR,ERR,ERR,ERR,ERR,ERR,ERR,ERR,ERR,ERR,ERR,ERR,ERR,ERR,ERR,ERR,ERR,ERR,ERR,ERR,34.0,80.0,35,0.0,0.0,0.0,0.0,0.0,0.0,0.0,0.0,0.0,0.0,0.0,0.0,0.0,0.0,0.0,0.0,65.6,0,120,58,53,65476,0,300,0,0,8,20529,65476,0,0,57672,80.0,0.0,0.0,0.0,0.0,0.0
2026-06-18T02:43:43,ERR,ERR,ERR,ERR,ERR,ERR,ERR,ERR,ERR,ERR,ERR,ERR,ERR,ERR,ERR,ERR,ERR,ERR,ERR,ERR,ERR,ERR,ERR,ERR,ERR,ERR,ERR,ERR,ERR,ERR,ERR,ERR,ERR,ERR,ERR,ERR,ERR,ERR,ERR,ERR,ERR,ERR,ERR,ERR,ERR,ERR,ERR,ERR,ERR,ERR,ERR,ERR,ERR,ERR,ERR,ERR,ERR,ERR,ERR,ERR,ERR,ERR,ERR,ERR,ERR,ERR,ERR,ERR,ERR,ERR,ERR,ERR,ERR,ERR,ERR,ERR,ERR,ERR,ERR,ERR,ERR,ERR,ERR,ERR,ERR,ERR,ERR,ERR,ERR,ERR,ERR,ERR,ERR,ERR,ERR,ERR,ERR,ERR,ERR,ERR,ERR,ERR,ERR,ERR,ERR,ERR,ERR,ERR,ERR,ERR,ERR,ERR,ERR,ERR,ERR,ERR,ERR,ERR,ERR,ERR,ERR,ERR,ERR,ERR,ERR,2.7184312818759872e+23,0.0,0.0,-0.0,-1.584,1.3936040501711995e+18,7.805,8.60689115769574e+30,0,0,4,48935,6720,14723890282496.0,100,0.0,0.0,0.0,-152005385388032.0,0.0,0,0,0,0,0.0,0,0,0,0,0,0,0,0,0,0,0,0,0,0,0,0,0,0,0,0,0,0,0,0,0,0,0,0,0,0,0,0,0,26,51,50,76,65476,0,300,0,0,8,21553,0.0,-107605600.0,0.0,0.0,0.0,0.0,0.0,0.0,0.0,0.0,0.0,0.0,0.0,0.0,-2.596148429267414e+33,0.0,0.0,0.0,0.0,0.0,0.0,0.0,-2.004,0.0,-2.004,-0.0,0.0,0.0,0.0,0.0,4829.0,0.0,7269.0,0.0,0.0,-0.0,2.718431101732002e+23,0.0,0.0,0.0,0.0,77,-1.9056981204742963e+17,0.0,0.0,0.0,0.0,0.0,0.0,0.0,0.0,0,0,0,0.0,0.0,0.0,0.0,0.0,0.0,0.0,0.0,0.0,0.0,0.0,0.0,0.0,0.0,0.0,0.0,0,-107875648.0,77,0.0,154,0.0,0.0,ERR,ERR,ERR,ERR,ERR,ERR,ERR,ERR,ERR,ERR,ERR,ERR,ERR,ERR,ERR,ERR,ERR,ERR,ERR,ERR,ERR,ERR,ERR,ERR,ERR,ERR,ERR,ERR,ERR,ERR,ERR,ERR,ERR,ERR,ERR,ERR,ERR,ERR,ERR,ERR,ERR,ERR,ERR,ERR,ERR,ERR,ERR,ERR,ERR,ERR,ERR,ERR,ERR,ERR,ERR,ERR,ERR,ERR,ERR,ERR,ERR,ERR,ERR,ERR,ERR,ERR,ERR,34.0,80.0,35,0.0,0.0,0.0,0.0,0.0,0.0,0.0,0.0,0.0,0.0,0.0,0.0,0.0,0.0,0.0,0.0,66.0,0,120,58,53,65476,0,300,0,0,8,20529,65476,0,0,57672,80.0,0.0,0.0,0.0,0.0,0.0
2026-06-18T02:43:44,ERR,ERR,ERR,ERR,ERR,ERR,ERR,ERR,ERR,ERR,ERR,ERR,ERR,ERR,ERR,ERR,ERR,ERR,ERR,ERR,ERR,ERR,ERR,ERR,ERR,ERR,ERR,ERR,ERR,ERR,ERR,ERR,ERR,ERR,ERR,ERR,ERR,ERR,ERR,ERR,ERR,ERR,ERR,ERR,ERR,ERR,ERR,ERR,ERR,ERR,ERR,ERR,ERR,ERR,ERR,ERR,ERR,ERR,ERR,ERR,ERR,ERR,ERR,ERR,ERR,ERR,ERR,ERR,ERR,ERR,ERR,ERR,ERR,ERR,ERR,ERR,ERR,ERR,ERR,ERR,ERR,ERR,ERR,ERR,ERR,ERR,ERR,ERR,ERR,ERR,ERR,ERR,ERR,ERR,ERR,ERR,ERR,ERR,ERR,ERR,ERR,ERR,ERR,ERR,ERR,ERR,ERR,ERR,ERR,ERR,ERR,ERR,ERR,ERR,ERR,ERR,ERR,ERR,ERR,ERR,ERR,ERR,ERR,ERR,ERR,2.7184312818759872e+23,0.0,0.0,-0.0,-1.584,1.3936040501711995e+18,7.805,8.60689115769574e+30,0,0,4,48935,6720,14723890282496.0,100,0.0,0.0,0.0,-152005385388032.0,0.0,0,0,0,0,0.0,0,0,0,0,0,0,0,0,0,0,0,0,0,0,0,0,0,0,0,0,0,0,0,0,0,0,0,0,0,0,0,0,0,26,51,50,76,65476,0,300,0,0,8,21553,0.0,-107605600.0,0.0,0.0,0.0,0.0,0.0,0.0,0.0,0.0,0.0,0.0,0.0,0.0,-2.596148429267414e+33,0.0,0.0,0.0,0.0,0.0,0.0,0.0,-2.004,0.0,-2.004,-0.0,0.0,0.0,0.0,0.0,4829.0,0.0,7269.0,0.0,0.0,-0.0,2.718431101732002e+23,0.0,0.0,0.0,0.0,77,-1.9056981204742963e+17,0.0,0.0,0.0,0.0,0.0,0.0,0.0,0.0,0,0,0,0.0,0.0,0.0,0.0,0.0,0.0,0.0,0.0,0.0,0.0,0.0,0.0,0.0,0.0,0.0,0.0,0,-107875648.0,77,0.0,154,0.0,0.0,ERR,ERR,ERR,ERR,ERR,ERR,ERR,ERR,ERR,ERR,ERR,ERR,ERR,ERR,ERR,ERR,ERR,ERR,ERR,ERR,ERR,ERR,ERR,ERR,ERR,ERR,ERR,ERR,ERR,ERR,ERR,ERR,ERR,ERR,ERR,ERR,ERR,ERR,ERR,ERR,ERR,ERR,ERR,ERR,ERR,ERR,ERR,ERR,ERR,ERR,ERR,ERR,ERR,ERR,ERR,ERR,ERR,ERR,ERR,ERR,ERR,ERR,ERR,ERR,ERR,ERR,ERR,34.0,80.0,35,0.0,0.0,0.0,0.0,0.0,0.0,0.0,0.0,0.0,0.0,0.0,0.0,0.0,0.0,0.0,0.0,66.0,0,120,58,53,65476,0,300,0,0,8,20529,65476,0,0,57672,80.0,0.0,0.0,0.0,0.0,0.0
2026-06-18T02:43:45,ERR,ERR,ERR,ERR,ERR,ERR,ERR,ERR,ERR,ERR,ERR,ERR,ERR,ERR,ERR,ERR,ERR,ERR,ERR,ERR,ERR,ERR,ERR,ERR,ERR,ERR,ERR,ERR,ERR,ERR,ERR,ERR,ERR,ERR,ERR,ERR,ERR,ERR,ERR,ERR,ERR,ERR,ERR,ERR,ERR,ERR,ERR,ERR,ERR,ERR,ERR,ERR,ERR,ERR,ERR,ERR,ERR,ERR,ERR,ERR,ERR,ERR,ERR,ERR,ERR,ERR,ERR,ERR,ERR,ERR,ERR,ERR,ERR,ERR,ERR,ERR,ERR,ERR,ERR,ERR,ERR,ERR,ERR,ERR,ERR,ERR,ERR,ERR,ERR,ERR,ERR,ERR,ERR,ERR,ERR,ERR,ERR,ERR,ERR,ERR,ERR,ERR,ERR,ERR,ERR,ERR,ERR,ERR,ERR,ERR,ERR,ERR,ERR,ERR,ERR,ERR,ERR,ERR,ERR,ERR,ERR,ERR,ERR,ERR,ERR,2.7184312818759872e+23,0.0,0.0,0.0,nan,1.3936040501711995e+18,7.805,-5533387829805056.0,0,0,4,48935,6720,14723890282496.0,100,0.0,0.0,0.0,-152005385388032.0,0.0,0,0,0,0,0.0,0,0,0,0,0,0,0,0,0,0,0,0,0,0,0,0,0,0,0,0,0,0,0,0,0,0,0,0,0,0,0,0,0,26,51,50,76,65476,0,300,0,0,8,21553,0.0,-107605600.0,0.0,0.0,0.0,0.0,0.0,0.0,0.0,0.0,0.0,0.0,0.0,0.0,0.0,0.0,0.0,0.0,0.0,0.0,0.0,0.0,-0.0,0.0,-2.004,-0.0,0.0,0.0,0.0,0.0,4825.0,131350.344,7273.0,2.7184312818759872e+23,0.0,-0.0,2.718431101732002e+23,0.0,0.0,0.0,0.0,77,-3.2220289616203523e+26,1.905684548377641e+17,0.0,0.0,0.0,0.0,0.0,0.0,0.0,0,0,0,0.0,0.0,0.0,0.0,0.0,0.0,0.0,0.0,0.0,0.0,0.0,0.0,0.0,0.0,0.0,0.0,0,-107875648.0,77,0.0,154,0.0,0.0,ERR,ERR,ERR,ERR,ERR,ERR,ERR,ERR,ERR,ERR,ERR,ERR,ERR,ERR,ERR,ERR,ERR,ERR,ERR,ERR,ERR,ERR,ERR,ERR,ERR,ERR,ERR,ERR,ERR,ERR,ERR,ERR,ERR,ERR,ERR,ERR,ERR,ERR,ERR,ERR,ERR,ERR,ERR,ERR,ERR,ERR,ERR,ERR,ERR,ERR,ERR,ERR,ERR,ERR,ERR,ERR,ERR,ERR,ERR,ERR,ERR,ERR,ERR,ERR,ERR,ERR,ERR,34.0,80.0,35,0.0,0.0,0.0,0.0,0.0,0.0,0.0,0.0,0.0,0.0,0.0,0.0,0.0,0.0,0.0,0.0,65.6,0,120,58,53,65476,0,300,0,0,8,20529,65476,0,0,57672,80.0,0.0,0.0,0.0,0.0,0.0
2026-06-18T02:43:46,ERR,ERR,ERR,ERR,ERR,ERR,ERR,ERR,ERR,ERR,ERR,ERR,ERR,ERR,ERR,ERR,ERR,ERR,ERR,ERR,ERR,ERR,ERR,ERR,ERR,ERR,ERR,ERR,ERR,ERR,ERR,ERR,ERR,ERR,ERR,ERR,ERR,ERR,ERR,ERR,ERR,ERR,ERR,ERR,ERR,ERR,ERR,ERR,ERR,ERR,ERR,ERR,ERR,ERR,ERR,ERR,ERR,ERR,ERR,ERR,ERR,ERR,ERR,ERR,ERR,ERR,ERR,ERR,ERR,ERR,ERR,ERR,ERR,ERR,ERR,ERR,ERR,ERR,ERR,ERR,ERR,ERR,ERR,ERR,ERR,ERR,ERR,ERR,ERR,ERR,ERR,ERR,ERR,ERR,ERR,ERR,ERR,ERR,ERR,ERR,ERR,ERR,ERR,ERR,ERR,ERR,ERR,ERR,ERR,ERR,ERR,ERR,ERR,ERR,ERR,ERR,ERR,ERR,ERR,ERR,ERR,ERR,ERR,ERR,ERR,2.7184312818759872e+23,0.0,0.0,0.0,nan,1.3936040501711995e+18,7.805,-5533387829805056.0,0,0,4,48935,6720,14723890282496.0,100,0.0,0.0,0.0,-152005385388032.0,0.0,0,0,0,0,0.0,0,0,0,0,0,0,0,0,0,0,0,0,0,0,0,0,0,0,0,0,0,0,0,0,0,0,0,0,0,0,0,0,0,26,51,50,76,65476,0,300,0,0,8,21553,0.0,-107605600.0,0.0,0.0,0.0,0.0,0.0,0.0,0.0,0.0,0.0,0.0,0.0,0.0,0.0,0.0,0.0,0.0,0.0,0.0,0.0,0.0,-0.0,0.0,-2.004,-0.0,0.0,0.0,0.0,0.0,4825.0,131350.344,7273.0,2.7184312818759872e+23,0.0,-0.0,2.718431101732002e+23,0.0,0.0,0.0,0.0,77,-3.2220289616203523e+26,1.905684548377641e+17,0.0,0.0,0.0,0.0,0.0,0.0,0.0,0,0,0,0.0,0.0,0.0,0.0,0.0,0.0,0.0,0.0,0.0,0.0,0.0,0.0,0.0,0.0,0.0,0.0,0,-107875648.0,77,0.0,154,0.0,0.0,ERR,ERR,ERR,ERR,ERR,ERR,ERR,ERR,ERR,ERR,ERR,ERR,ERR,ERR,ERR,ERR,ERR,ERR,ERR,ERR,ERR,ERR,ERR,ERR,ERR,ERR,ERR,ERR,ERR,ERR,ERR,ERR,ERR,ERR,ERR,ERR,ERR,ERR,ERR,ERR,ERR,ERR,ERR,ERR,ERR,ERR,ERR,ERR,ERR,ERR,ERR,ERR,ERR,ERR,ERR,ERR,ERR,ERR,ERR,ERR,ERR,ERR,ERR,ERR,ERR,ERR,ERR,34.0,80.0,35,0.0,0.0,0.0,0.0,0.0,0.0,0.0,0.0,0.0,0.0,0.0,0.0,0.0,0.0,0.0,0.0,65.6,0,120,58,53,65476,0,300,0,0,8,20529,65476,0,0,57672,80.0,0.0,0.0,0.0,0.0,0.0
2026-06-18T02:43:47,ERR,ERR,ERR,ERR,ERR,ERR,ERR,ERR,ERR,ERR,ERR,ERR,ERR,ERR,ERR,ERR,ERR,ERR,ERR,ERR,ERR,ERR,ERR,ERR,ERR,ERR,ERR,ERR,ERR,ERR,ERR,ERR,ERR,ERR,ERR,ERR,ERR,ERR,ERR,ERR,ERR,ERR,ERR,ERR,ERR,ERR,ERR,ERR,ERR,ERR,ERR,ERR,ERR,ERR,ERR,ERR,ERR,ERR,ERR,ERR,ERR,ERR,ERR,ERR,ERR,ERR,ERR,ERR,ERR,ERR,ERR,ERR,ERR,ERR,ERR,ERR,ERR,ERR,ERR,ERR,ERR,ERR,ERR,ERR,ERR,ERR,ERR,ERR,ERR,ERR,ERR,ERR,ERR,ERR,ERR,ERR,ERR,ERR,ERR,ERR,ERR,ERR,ERR,ERR,ERR,ERR,ERR,ERR,ERR,ERR,ERR,ERR,ERR,ERR,ERR,ERR,ERR,ERR,ERR,ERR,ERR,ERR,ERR,ERR,ERR,2.7184312818759872e+23,0.0,0.0,0.0,nan,1.3936040501711995e+18,7.805,-5533387829805056.0,0,0,4,48935,6720,14723890282496.0,100,0.0,0.0,0.0,-152005385388032.0,0.0,0,0,0,0,0.0,0,0,0,0,0,0,0,0,0,0,0,0,0,0,0,0,0,0,0,0,0,0,0,0,0,0,0,0,0,0,0,0,0,26,51,50,76,65476,0,300,0,0,8,21553,0.0,-107605600.0,0.0,0.0,0.0,0.0,0.0,0.0,0.0,0.0,0.0,0.0,0.0,0.0,0.0,0.0,0.0,0.0,0.0,0.0,0.0,0.0,-0.0,0.0,-2.004,-0.0,0.0,0.0,0.0,0.0,4825.0,131350.344,7273.0,2.7184312818759872e+23,0.0,-0.0,2.718431101732002e+23,0.0,0.0,0.0,0.0,77,-3.2220289616203523e+26,1.905684548377641e+17,0.0,0.0,0.0,0.0,0.0,0.0,0.0,0,0,0,0.0,0.0,0.0,0.0,0.0,0.0,0.0,0.0,0.0,0.0,0.0,0.0,0.0,0.0,0.0,0.0,0,-107875648.0,77,0.0,154,0.0,0.0,ERR,ERR,ERR,ERR,ERR,ERR,ERR,ERR,ERR,ERR,ERR,ERR,ERR,ERR,ERR,ERR,ERR,ERR,ERR,ERR,ERR,ERR,ERR,ERR,ERR,ERR,ERR,ERR,ERR,ERR,ERR,ERR,ERR,ERR,ERR,ERR,ERR,ERR,ERR,ERR,ERR,ERR,ERR,ERR,ERR,ERR,ERR,ERR,ERR,ERR,ERR,ERR,ERR,ERR,ERR,ERR,ERR,ERR,ERR,ERR,ERR,ERR,ERR,ERR,ERR,ERR,ERR,34.0,80.0,35,0.0,0.0,0.0,0.0,0.0,0.0,0.0,0.0,0.0,0.0,0.0,0.0,0.0,0.0,0.0,0.0,66.4,0,120,58,53,65476,0,300,0,0,8,20529,65476,0,0,57672,80.0,0.0,0.0,0.0,0.0,0.0
2026-06-18T02:43:48,ERR,ERR,ERR,ERR,ERR,ERR,ERR,ERR,ERR,ERR,ERR,ERR,ERR,ERR,ERR,ERR,ERR,ERR,ERR,ERR,ERR,ERR,ERR,ERR,ERR,ERR,ERR,ERR,ERR,ERR,ERR,ERR,ERR,ERR,ERR,ERR,ERR,ERR,ERR,ERR,ERR,ERR,ERR,ERR,ERR,ERR,ERR,ERR,ERR,ERR,ERR,ERR,ERR,ERR,ERR,ERR,ERR,ERR,ERR,ERR,ERR,ERR,ERR,ERR,ERR,ERR,ERR,ERR,ERR,ERR,ERR,ERR,ERR,ERR,ERR,ERR,ERR,ERR,ERR,ERR,ERR,ERR,ERR,ERR,ERR,ERR,ERR,ERR,ERR,ERR,ERR,ERR,ERR,ERR,ERR,ERR,ERR,ERR,ERR,ERR,ERR,ERR,ERR,ERR,ERR,ERR,ERR,ERR,ERR,ERR,ERR,ERR,ERR,ERR,ERR,ERR,ERR,ERR,ERR,ERR,ERR,ERR,ERR,ERR,ERR,2.7184312818759872e+23,0.0,0.0,0.0,nan,1.3936040501711995e+18,7.805,-5533387829805056.0,0,0,4,48935,6720,14723890282496.0,100,0.0,0.0,0.0,-152005385388032.0,0.0,0,0,0,0,0.0,0,0,0,0,0,0,0,0,0,0,0,0,0,0,0,0,0,0,0,0,0,0,0,0,0,0,0,0,0,0,0,0,0,26,51,50,76,65476,0,300,0,0,8,21553,0.0,-107605600.0,0.0,0.0,0.0,0.0,0.0,0.0,0.0,0.0,0.0,0.0,0.0,0.0,0.0,0.0,0.0,0.0,0.0,0.0,0.0,0.0,-0.0,0.0,-2.004,-0.0,0.0,0.0,0.0,0.0,4825.0,131350.344,7273.0,2.7184312818759872e+23,0.0,-0.0,2.718431101732002e+23,0.0,0.0,0.0,0.0,77,-3.2220289616203523e+26,1.905684548377641e+17,0.0,0.0,0.0,0.0,0.0,0.0,0.0,0,0,0,0.0,0.0,0.0,0.0,0.0,0.0,0.0,0.0,0.0,0.0,0.0,0.0,0.0,0.0,0.0,0.0,0,-107875648.0,77,0.0,154,0.0,0.0,ERR,ERR,ERR,ERR,ERR,ERR,ERR,ERR,ERR,ERR,ERR,ERR,ERR,ERR,ERR,ERR,ERR,ERR,ERR,ERR,ERR,ERR,ERR,ERR,ERR,ERR,ERR,ERR,ERR,ERR,ERR,ERR,ERR,ERR,ERR,ERR,ERR,ERR,ERR,ERR,ERR,ERR,ERR,ERR,ERR,ERR,ERR,ERR,ERR,ERR,ERR,ERR,ERR,ERR,ERR,ERR,ERR,ERR,ERR,ERR,ERR,ERR,ERR,ERR,ERR,ERR,ERR,34.0,80.0,35,0.0,0.0,0.0,0.0,0.0,0.0,0.0,0.0,0.0,0.0,0.0,0.0,0.0,0.0,0.0,0.0,66.4,0,120,58,53,65476,0,300,0,0,8,20529,65476,0,0,57672,80.0,0.0,0.0,0.0,0.0,0.0
2026-06-18T02:43:49,ERR,ERR,ERR,ERR,ERR,ERR,ERR,ERR,ERR,ERR,ERR,ERR,ERR,ERR,ERR,ERR,ERR,ERR,ERR,ERR,ERR,ERR,ERR,ERR,ERR,ERR,ERR,ERR,ERR,ERR,ERR,ERR,ERR,ERR,ERR,ERR,ERR,ERR,ERR,ERR,ERR,ERR,ERR,ERR,ERR,ERR,ERR,ERR,ERR,ERR,ERR,ERR,ERR,ERR,ERR,ERR,ERR,ERR,ERR,ERR,ERR,ERR,ERR,ERR,ERR,ERR,ERR,ERR,ERR,ERR,ERR,ERR,ERR,ERR,ERR,ERR,ERR,ERR,ERR,ERR,ERR,ERR,ERR,ERR,ERR,ERR,ERR,ERR,ERR,ERR,ERR,ERR,ERR,ERR,ERR,ERR,ERR,ERR,ERR,ERR,ERR,ERR,ERR,ERR,ERR,ERR,ERR,ERR,ERR,ERR,ERR,ERR,ERR,ERR,ERR,ERR,ERR,ERR,ERR,ERR,ERR,ERR,ERR,ERR,ERR,2.7184312818759872e+23,0.0,0.0,0.0,nan,1.3936040501711995e+18,7.805,-5533387829805056.0,0,0,4,48935,6720,14723890282496.0,100,0.0,0.0,0.0,-152005385388032.0,0.0,0,0,0,0,0.0,0,0,0,0,0,0,0,0,0,0,0,0,0,0,0,0,0,0,0,0,0,0,0,0,0,0,0,0,0,0,0,0,0,26,51,50,76,65476,0,300,0,0,8,21553,0.0,-107605600.0,0.0,0.0,0.0,0.0,0.0,0.0,0.0,0.0,0.0,0.0,0.0,0.0,0.0,0.0,0.0,0.0,0.0,0.0,0.0,0.0,-0.0,0.0,-2.004,-0.0,0.0,0.0,0.0,0.0,4825.0,131350.344,7273.0,2.7184312818759872e+23,0.0,-0.0,2.718431101732002e+23,0.0,0.0,0.0,0.0,77,-3.2220289616203523e+26,1.905684548377641e+17,0.0,0.0,0.0,0.0,0.0,0.0,0.0,0,0,0,0.0,0.0,0.0,0.0,0.0,0.0,0.0,0.0,0.0,0.0,0.0,0.0,0.0,0.0,0.0,0.0,0,-107875648.0,77,0.0,154,0.0,0.0,ERR,ERR,ERR,ERR,ERR,ERR,ERR,ERR,ERR,ERR,ERR,ERR,ERR,ERR,ERR,ERR,ERR,ERR,ERR,ERR,ERR,ERR,ERR,ERR,ERR,ERR,ERR,ERR,ERR,ERR,ERR,ERR,ERR,ERR,ERR,ERR,ERR,ERR,ERR,ERR,ERR,ERR,ERR,ERR,ERR,ERR,ERR,ERR,ERR,ERR,ERR,ERR,ERR,ERR,ERR,ERR,ERR,ERR,ERR,ERR,ERR,ERR,ERR,ERR,ERR,ERR,ERR,34.0,80.0,35,0.0,0.0,0.0,0.0,0.0,0.0,0.0,0.0,0.0,0.0,0.0,0.0,0.0,0.0,0.0,0.0,65.6,0,120,58,53,65476,0,300,0,0,8,20529,65476,0,0,57672,80.0,0.0,0.0,0.0,0.0,0.0
2026-06-18T02:43:50,ERR,ERR,ERR,ERR,ERR,ERR,ERR,ERR,ERR,ERR,ERR,ERR,ERR,ERR,ERR,ERR,ERR,ERR,ERR,ERR,ERR,ERR,ERR,ERR,ERR,ERR,ERR,ERR,ERR,ERR,ERR,ERR,ERR,ERR,ERR,ERR,ERR,ERR,ERR,ERR,ERR,ERR,ERR,ERR,ERR,ERR,ERR,ERR,ERR,ERR,ERR,ERR,ERR,ERR,ERR,ERR,ERR,ERR,ERR,ERR,ERR,ERR,ERR,ERR,ERR,ERR,ERR,ERR,ERR,ERR,ERR,ERR,ERR,ERR,ERR,ERR,ERR,ERR,ERR,ERR,ERR,ERR,ERR,ERR,ERR,ERR,ERR,ERR,ERR,ERR,ERR,ERR,ERR,ERR,ERR,ERR,ERR,ERR,ERR,ERR,ERR,ERR,ERR,ERR,ERR,ERR,ERR,ERR,ERR,ERR,ERR,ERR,ERR,ERR,ERR,ERR,ERR,ERR,ERR,ERR,ERR,ERR,ERR,ERR,ERR,2.7184312818759872e+23,0.0,0.0,-0.0,nan,1.3936040501711995e+18,7.805,1.203397215123588e+25,0,0,4,48957,6720,14723890282496.0,100,0.0,0.0,0.0,-0.0,0.0,0,0,0,0,0.0,0,0,0,0,0,0,0,0,0,0,0,0,0,0,0,0,0,0,0,0,0,0,0,0,0,0,0,0,0,0,0,0,0,26,51,50,76,65476,0,300,0,0,8,21553,0.0,-107605600.0,0.0,0.0,0.0,0.0,0.0,0.0,0.0,0.0,0.0,0.0,0.0,0.0,0.0,0.0,0.0,0.0,0.0,0.0,0.0,0.0,-0.0,0.0,-2.004,-0.0,0.0,0.0,0.0,0.0,4827.0,131350.344,7273.0,2.7184312818759872e+23,0.0,-0.0,2.718431101732002e+23,0.0,0.0,0.0,0.0,77,-2.7184302010120766e+23,1.905684548377641e+17,0.0,0.0,0.0,0.0,0.0,0.0,0.0,0,0,0,0.0,0.0,0.0,0.0,0.0,0.0,0.0,0.0,0.0,0.0,0.0,0.0,0.0,0.0,0.0,0.0,0,-107875648.0,77,0.0,154,0.0,0.0,ERR,ERR,ERR,ERR,ERR,ERR,ERR,ERR,ERR,ERR,ERR,ERR,ERR,ERR,ERR,ERR,ERR,ERR,ERR,ERR,ERR,ERR,ERR,ERR,ERR,ERR,ERR,ERR,ERR,ERR,ERR,ERR,ERR,ERR,ERR,ERR,ERR,ERR,ERR,ERR,ERR,ERR,ERR,ERR,ERR,ERR,ERR,ERR,ERR,ERR,ERR,ERR,ERR,ERR,ERR,ERR,ERR,ERR,ERR,ERR,ERR,ERR,ERR,ERR,ERR,ERR,ERR,34.0,80.0,35,0.0,0.0,0.0,0.0,0.0,0.0,0.0,0.0,0.0,0.0,0.0,0.0,0.0,0.0,0.0,0.0,65.6,0,120,58,53,65476,0,300,0,0,8,20529,65476,0,0,57672,80.0,0.0,0.0,0.0,0.0,0.0
2026-06-18T02:43:51,ERR,ERR,ERR,ERR,ERR,ERR,ERR,ERR,ERR,ERR,ERR,ERR,ERR,ERR,ERR,ERR,ERR,ERR,ERR,ERR,ERR,ERR,ERR,ERR,ERR,ERR,ERR,ERR,ERR,ERR,ERR,ERR,ERR,ERR,ERR,ERR,ERR,ERR,ERR,ERR,ERR,ERR,ERR,ERR,ERR,ERR,ERR,ERR,ERR,ERR,ERR,ERR,ERR,ERR,ERR,ERR,ERR,ERR,ERR,ERR,ERR,ERR,ERR,ERR,ERR,ERR,ERR,ERR,ERR,ERR,ERR,ERR,ERR,ERR,ERR,ERR,ERR,ERR,ERR,ERR,ERR,ERR,ERR,ERR,ERR,ERR,ERR,ERR,ERR,ERR,ERR,ERR,ERR,ERR,ERR,ERR,ERR,ERR,ERR,ERR,ERR,ERR,ERR,ERR,ERR,ERR,ERR,ERR,ERR,ERR,ERR,ERR,ERR,ERR,ERR,ERR,ERR,ERR,ERR,ERR,ERR,ERR,ERR,ERR,ERR,2.7184312818759872e+23,0.0,0.0,-0.0,nan,1.3936040501711995e+18,7.805,1.203397215123588e+25,0,0,4,48957,6720,14723890282496.0,100,0.0,0.0,0.0,-0.0,0.0,0,0,0,0,0.0,0,0,0,0,0,0,0,0,0,0,0,0,0,0,0,0,0,0,0,0,0,0,0,0,0,0,0,0,0,0,0,0,0,26,51,50,76,65476,0,300,0,0,8,21553,0.0,-107605600.0,0.0,0.0,0.0,0.0,0.0,0.0,0.0,0.0,0.0,0.0,0.0,0.0,0.0,0.0,0.0,0.0,0.0,0.0,0.0,0.0,-0.0,0.0,-2.004,-0.0,0.0,0.0,0.0,0.0,4827.0,131350.344,7273.0,2.7184312818759872e+23,0.0,-0.0,2.718431101732002e+23,0.0,0.0,0.0,0.0,77,-2.7184302010120766e+23,1.905684548377641e+17,0.0,0.0,0.0,0.0,0.0,0.0,0.0,0,0,0,0.0,0.0,0.0,0.0,0.0,0.0,0.0,0.0,0.0,0.0,0.0,0.0,0.0,0.0,0.0,0.0,0,-107875648.0,77,0.0,154,0.0,0.0,ERR,ERR,ERR,ERR,ERR,ERR,ERR,ERR,ERR,ERR,ERR,ERR,ERR,ERR,ERR,ERR,ERR,ERR,ERR,ERR,ERR,ERR,ERR,ERR,ERR,ERR,ERR,ERR,ERR,ERR,ERR,ERR,ERR,ERR,ERR,ERR,ERR,ERR,ERR,ERR,ERR,ERR,ERR,ERR,ERR,ERR,ERR,ERR,ERR,ERR,ERR,ERR,ERR,ERR,ERR,ERR,ERR,ERR,ERR,ERR,ERR,ERR,ERR,ERR,ERR,ERR,ERR,34.0,80.0,35,0.0,0.0,0.0,0.0,0.0,0.0,0.0,0.0,0.0,0.0,0.0,0.0,0.0,0.0,0.0,0.0,65.6,0,120,58,53,65476,0,300,0,0,8,20529,65476,0,0,57672,80.0,0.0,0.0,0.0,0.0,0.0
2026-06-18T02:43:52,ERR,ERR,ERR,ERR,ERR,ERR,ERR,ERR,ERR,ERR,ERR,ERR,ERR,ERR,ERR,ERR,ERR,ERR,ERR,ERR,ERR,ERR,ERR,ERR,ERR,ERR,ERR,ERR,ERR,ERR,ERR,ERR,ERR,ERR,ERR,ERR,ERR,ERR,ERR,ERR,ERR,ERR,ERR,ERR,ERR,ERR,ERR,ERR,ERR,ERR,ERR,ERR,ERR,ERR,ERR,ERR,ERR,ERR,ERR,ERR,ERR,ERR,ERR,ERR,ERR,ERR,ERR,ERR,ERR,ERR,ERR,ERR,ERR,ERR,ERR,ERR,ERR,ERR,ERR,ERR,ERR,ERR,ERR,ERR,ERR,ERR,ERR,ERR,ERR,ERR,ERR,ERR,ERR,ERR,ERR,ERR,ERR,ERR,ERR,ERR,ERR,ERR,ERR,ERR,ERR,ERR,ERR,ERR,ERR,ERR,ERR,ERR,ERR,ERR,ERR,ERR,ERR,ERR,ERR,ERR,ERR,ERR,ERR,ERR,ERR,2.7184312818759872e+23,0.0,0.0,-0.0,nan,1.3936040501711995e+18,7.805,1.203397215123588e+25,0,0,4,48957,6720,14723890282496.0,100,0.0,0.0,0.0,-0.0,0.0,0,0,0,0,0.0,0,0,0,0,0,0,0,0,0,0,0,0,0,0,0,0,0,0,0,0,0,0,0,0,0,0,0,0,0,0,0,0,0,26,51,50,76,65476,0,300,0,0,8,21553,0.0,-107605600.0,0.0,0.0,0.0,0.0,0.0,0.0,0.0,0.0,0.0,0.0,0.0,0.0,0.0,0.0,0.0,0.0,0.0,0.0,0.0,0.0,-0.0,0.0,-2.004,-0.0,0.0,0.0,0.0,0.0,4827.0,131350.344,7273.0,2.7184312818759872e+23,0.0,-0.0,2.718431101732002e+23,0.0,0.0,0.0,0.0,77,-2.7184302010120766e+23,1.905684548377641e+17,0.0,0.0,0.0,0.0,0.0,0.0,0.0,0,0,0,0.0,0.0,0.0,0.0,0.0,0.0,0.0,0.0,0.0,0.0,0.0,0.0,0.0,0.0,0.0,0.0,0,-107875648.0,77,0.0,154,0.0,0.0,ERR,ERR,ERR,ERR,ERR,ERR,ERR,ERR,ERR,ERR,ERR,ERR,ERR,ERR,ERR,ERR,ERR,ERR,ERR,ERR,ERR,ERR,ERR,ERR,ERR,ERR,ERR,ERR,ERR,ERR,ERR,ERR,ERR,ERR,ERR,ERR,ERR,ERR,ERR,ERR,ERR,ERR,ERR,ERR,ERR,ERR,ERR,ERR,ERR,ERR,ERR,ERR,ERR,ERR,ERR,ERR,ERR,ERR,ERR,ERR,ERR,ERR,ERR,ERR,ERR,ERR,ERR,34.0,80.0,35,0.0,0.0,0.0,0.0,0.0,0.0,0.0,0.0,0.0,0.0,0.0,0.0,0.0,0.0,0.0,0.0,65.6,0,120,58,53,65476,0,300,0,0,8,20529,65476,0,0,57672,80.0,0.0,0.0,0.0,0.0,0.0
2026-06-18T02:43:53,ERR,ERR,ERR,ERR,ERR,ERR,ERR,ERR,ERR,ERR,ERR,ERR,ERR,ERR,ERR,ERR,ERR,ERR,ERR,ERR,ERR,ERR,ERR,ERR,ERR,ERR,ERR,ERR,ERR,ERR,ERR,ERR,ERR,ERR,ERR,ERR,ERR,ERR,ERR,ERR,ERR,ERR,ERR,ERR,ERR,ERR,ERR,ERR,ERR,ERR,ERR,ERR,ERR,ERR,ERR,ERR,ERR,ERR,ERR,ERR,ERR,ERR,ERR,ERR,ERR,ERR,ERR,ERR,ERR,ERR,ERR,ERR,ERR,ERR,ERR,ERR,ERR,ERR,ERR,ERR,ERR,ERR,ERR,ERR,ERR,ERR,ERR,ERR,ERR,ERR,ERR,ERR,ERR,ERR,ERR,ERR,ERR,ERR,ERR,ERR,ERR,ERR,ERR,ERR,ERR,ERR,ERR,ERR,ERR,ERR,ERR,ERR,ERR,ERR,ERR,ERR,ERR,ERR,ERR,ERR,ERR,ERR,ERR,ERR,ERR,2.7184312818759872e+23,0.0,0.0,-0.0,nan,1.3936040501711995e+18,7.805,1.203397215123588e+25,0,0,4,48957,6720,14723890282496.0,100,0.0,0.0,0.0,-0.0,0.0,0,0,0,0,0.0,0,0,0,0,0,0,0,0,0,0,0,0,0,0,0,0,0,0,0,0,0,0,0,0,0,0,0,0,0,0,0,0,0,26,51,50,76,65476,0,300,0,0,8,21553,0.0,-107605600.0,0.0,0.0,0.0,0.0,0.0,0.0,0.0,0.0,0.0,0.0,0.0,0.0,0.0,0.0,0.0,0.0,0.0,0.0,0.0,0.0,-0.0,0.0,-2.004,-0.0,0.0,0.0,0.0,0.0,4827.0,131350.344,7273.0,2.7184312818759872e+23,0.0,-0.0,2.718431101732002e+23,0.0,0.0,0.0,0.0,77,-2.7184302010120766e+23,1.905684548377641e+17,0.0,0.0,0.0,0.0,0.0,0.0,0.0,0,0,0,0.0,0.0,0.0,0.0,0.0,0.0,0.0,0.0,0.0,0.0,0.0,0.0,0.0,0.0,0.0,0.0,0,-107875648.0,77,0.0,154,0.0,0.0,ERR,ERR,ERR,ERR,ERR,ERR,ERR,ERR,ERR,ERR,ERR,ERR,ERR,ERR,ERR,ERR,ERR,ERR,ERR,ERR,ERR,ERR,ERR,ERR,ERR,ERR,ERR,ERR,ERR,ERR,ERR,ERR,ERR,ERR,ERR,ERR,ERR,ERR,ERR,ERR,ERR,ERR,ERR,ERR,ERR,ERR,ERR,ERR,ERR,ERR,ERR,ERR,ERR,ERR,ERR,ERR,ERR,ERR,ERR,ERR,ERR,ERR,ERR,ERR,ERR,ERR,ERR,34.0,80.0,35,0.0,0.0,0.0,0.0,0.0,0.0,0.0,0.0,0.0,0.0,0.0,0.0,0.0,0.0,0.0,0.0,65.6,0,120,58,53,65476,0,300,0,0,8,20529,65476,0,0,57672,80.0,0.0,0.0,0.0,0.0,0.0
2026-06-18T02:43:54,ERR,ERR,ERR,ERR,ERR,ERR,ERR,ERR,ERR,ERR,ERR,ERR,ERR,ERR,ERR,ERR,ERR,ERR,ERR,ERR,ERR,ERR,ERR,ERR,ERR,ERR,ERR,ERR,ERR,ERR,ERR,ERR,ERR,ERR,ERR,ERR,ERR,ERR,ERR,ERR,ERR,ERR,ERR,ERR,ERR,ERR,ERR,ERR,ERR,ERR,ERR,ERR,ERR,ERR,ERR,ERR,ERR,ERR,ERR,ERR,ERR,ERR,ERR,ERR,ERR,ERR,ERR,ERR,ERR,ERR,ERR,ERR,ERR,ERR,ERR,ERR,ERR,ERR,ERR,ERR,ERR,ERR,ERR,ERR,ERR,ERR,ERR,ERR,ERR,ERR,ERR,ERR,ERR,ERR,ERR,ERR,ERR,ERR,ERR,ERR,ERR,ERR,ERR,ERR,ERR,ERR,ERR,ERR,ERR,ERR,ERR,ERR,ERR,ERR,ERR,ERR,ERR,ERR,ERR,ERR,ERR,ERR,ERR,ERR,ERR,2.7184312818759872e+23,0.0,0.0,-0.0,nan,1.3936040501711995e+18,7.805,1.203397215123588e+25,0,0,4,48957,6720,14723890282496.0,100,0.0,0.0,0.0,-0.0,0.0,0,0,0,0,0.0,0,0,0,0,0,0,0,0,0,0,0,0,0,0,0,0,0,0,0,0,0,0,0,0,0,0,0,0,0,0,0,0,0,26,51,50,76,65476,0,300,0,0,8,21553,0.0,-107605600.0,0.0,0.0,0.0,0.0,0.0,0.0,0.0,0.0,0.0,0.0,0.0,0.0,0.0,0.0,0.0,0.0,0.0,0.0,0.0,0.0,-0.0,0.0,-2.004,-0.0,0.0,0.0,0.0,0.0,4827.0,131350.344,7273.0,2.7184312818759872e+23,0.0,-0.0,2.718431101732002e+23,0.0,0.0,0.0,0.0,77,-2.7184302010120766e+23,1.905684548377641e+17,0.0,0.0,0.0,0.0,0.0,0.0,0.0,0,0,0,0.0,0.0,0.0,0.0,0.0,0.0,0.0,0.0,0.0,0.0,0.0,0.0,0.0,0.0,0.0,0.0,0,-107875648.0,77,0.0,154,0.0,0.0,ERR,ERR,ERR,ERR,ERR,ERR,ERR,ERR,ERR,ERR,ERR,ERR,ERR,ERR,ERR,ERR,ERR,ERR,ERR,ERR,ERR,ERR,ERR,ERR,ERR,ERR,ERR,ERR,ERR,ERR,ERR,ERR,ERR,ERR,ERR,ERR,ERR,ERR,ERR,ERR,ERR,ERR,ERR,ERR,ERR,ERR,ERR,ERR,ERR,ERR,ERR,ERR,ERR,ERR,ERR,ERR,ERR,ERR,ERR,ERR,ERR,ERR,ERR,ERR,ERR,ERR,ERR,34.0,80.0,35,0.0,0.0,0.0,0.0,0.0,0.0,0.0,0.0,0.0,0.0,0.0,0.0,0.0,0.0,0.0,0.0,65.6,0,120,58,53,65476,0,300,0,0,8,20529,65476,0,0,57672,80.0,0.0,0.0,0.0,0.0,0.0
2026-06-18T02:43:55,ERR,ERR,ERR,ERR,ERR,ERR,ERR,ERR,ERR,ERR,ERR,ERR,ERR,ERR,ERR,ERR,ERR,ERR,ERR,ERR,ERR,ERR,ERR,ERR,ERR,ERR,ERR,ERR,ERR,ERR,ERR,ERR,ERR,ERR,ERR,ERR,ERR,ERR,ERR,ERR,ERR,ERR,ERR,ERR,ERR,ERR,ERR,ERR,ERR,ERR,ERR,ERR,ERR,ERR,ERR,ERR,ERR,ERR,ERR,ERR,ERR,ERR,ERR,ERR,ERR,ERR,ERR,ERR,ERR,ERR,ERR,ERR,ERR,ERR,ERR,ERR,ERR,ERR,ERR,ERR,ERR,ERR,ERR,ERR,ERR,ERR,ERR,ERR,ERR,ERR,ERR,ERR,ERR,ERR,ERR,ERR,ERR,ERR,ERR,ERR,ERR,ERR,ERR,ERR,ERR,ERR,ERR,ERR,ERR,ERR,ERR,ERR,ERR,ERR,ERR,ERR,ERR,ERR,ERR,ERR,ERR,ERR,ERR,ERR,ERR,2.7184312818759872e+23,0.0,0.0,-0.0,nan,1.3936040501711995e+18,7.805,1.203397215123588e+25,0,0,4,48924,6720,14723890282496.0,100,0.0,0.0,0.0,-4.9501291711397626e+32,0.0,0,0,0,0,0.0,0,0,0,0,0,0,0,0,0,0,0,0,0,0,0,0,0,0,0,0,0,0,0,0,0,0,0,0,0,0,0,0,0,26,51,50,76,65476,0,300,0,0,8,21553,0.0,-107605600.0,0.0,0.0,0.0,0.0,0.0,0.0,0.0,0.0,0.0,0.0,0.0,0.0,0.0,0.0,0.0,0.0,0.0,0.0,0.0,0.0,-0.0,0.0,-2.004,-0.0,0.0,0.0,0.0,0.0,4800.0,0.0,7270.0,0.0,0.0,-0.0,2.718431101732002e+23,0.0,0.0,0.0,0.0,77,0.0,0.059,0.0,0.0,0.0,0.0,0.0,0.0,0.0,0,0,0,0.0,0.0,0.0,0.0,0.0,0.0,0.0,0.0,0.0,0.0,0.0,0.0,0.0,0.0,0.0,0.0,0,-107875648.0,77,0.0,154,0.0,0.0,ERR,ERR,ERR,ERR,ERR,ERR,ERR,ERR,ERR,ERR,ERR,ERR,ERR,ERR,ERR,ERR,ERR,ERR,ERR,ERR,ERR,ERR,ERR,ERR,ERR,ERR,ERR,ERR,ERR,ERR,ERR,ERR,ERR,ERR,ERR,ERR,ERR,ERR,ERR,ERR,ERR,ERR,ERR,ERR,ERR,ERR,ERR,ERR,ERR,ERR,ERR,ERR,ERR,ERR,ERR,ERR,ERR,ERR,ERR,ERR,ERR,ERR,ERR,ERR,ERR,ERR,ERR,34.0,80.0,35,0.0,0.0,0.0,0.0,0.0,0.0,0.0,0.0,0.0,0.0,0.0,0.0,0.0,0.0,0.0,0.0,65.6,0,120,58,53,65476,0,300,0,0,8,20529,65476,0,0,57672,80.0,0.0,0.0,0.0,0.0,0.0
2026-06-18T02:43:56,ERR,ERR,ERR,ERR,ERR,ERR,ERR,ERR,ERR,ERR,ERR,ERR,ERR,ERR,ERR,ERR,ERR,ERR,ERR,ERR,ERR,ERR,ERR,ERR,ERR,ERR,ERR,ERR,ERR,ERR,ERR,ERR,ERR,ERR,ERR,ERR,ERR,ERR,ERR,ERR,ERR,ERR,ERR,ERR,ERR,ERR,ERR,ERR,ERR,ERR,ERR,ERR,ERR,ERR,ERR,ERR,ERR,ERR,ERR,ERR,ERR,ERR,ERR,ERR,ERR,ERR,ERR,ERR,ERR,ERR,ERR,ERR,ERR,ERR,ERR,ERR,ERR,ERR,ERR,ERR,ERR,ERR,ERR,ERR,ERR,ERR,ERR,ERR,ERR,ERR,ERR,ERR,ERR,ERR,ERR,ERR,ERR,ERR,ERR,ERR,ERR,ERR,ERR,ERR,ERR,ERR,ERR,ERR,ERR,ERR,ERR,ERR,ERR,ERR,ERR,ERR,ERR,ERR,ERR,ERR,ERR,ERR,ERR,ERR,ERR,2.7184312818759872e+23,0.0,0.0,-0.0,nan,1.3936040501711995e+18,7.805,1.203397215123588e+25,0,0,4,48924,6720,14723890282496.0,100,0.0,0.0,0.0,-4.9501291711397626e+32,0.0,0,0,0,0,0.0,0,0,0,0,0,0,0,0,0,0,0,0,0,0,0,0,0,0,0,0,0,0,0,0,0,0,0,0,0,0,0,0,0,26,51,50,76,65476,0,300,0,0,8,21553,0.0,-107605600.0,0.0,0.0,0.0,0.0,0.0,0.0,0.0,0.0,0.0,0.0,0.0,0.0,0.0,0.0,0.0,0.0,0.0,0.0,0.0,0.0,-0.0,0.0,-2.004,-0.0,0.0,0.0,0.0,0.0,4800.0,0.0,7270.0,0.0,0.0,-0.0,2.718431101732002e+23,0.0,0.0,0.0,0.0,77,0.0,0.059,0.0,0.0,0.0,0.0,0.0,0.0,0.0,0,0,0,0.0,0.0,0.0,0.0,0.0,0.0,0.0,0.0,0.0,0.0,0.0,0.0,0.0,0.0,0.0,0.0,0,-107875648.0,77,0.0,154,0.0,0.0,ERR,ERR,ERR,ERR,ERR,ERR,ERR,ERR,ERR,ERR,ERR,ERR,ERR,ERR,ERR,ERR,ERR,ERR,ERR,ERR,ERR,ERR,ERR,ERR,ERR,ERR,ERR,ERR,ERR,ERR,ERR,ERR,ERR,ERR,ERR,ERR,ERR,ERR,ERR,ERR,ERR,ERR,ERR,ERR,ERR,ERR,ERR,ERR,ERR,ERR,ERR,ERR,ERR,ERR,ERR,ERR,ERR,ERR,ERR,ERR,ERR,ERR,ERR,ERR,ERR,ERR,ERR,34.0,80.0,35,0.0,0.0,0.0,0.0,0.0,0.0,0.0,0.0,0.0,0.0,0.0,0.0,0.0,0.0,0.0,0.0,66.0,0,120,58,53,65476,0,300,0,0,8,20529,65476,0,0,57672,80.0,0.0,0.0,0.0,0.0,0.0
2026-06-18T02:43:57,ERR,ERR,ERR,ERR,ERR,ERR,ERR,ERR,ERR,ERR,ERR,ERR,ERR,ERR,ERR,ERR,ERR,ERR,ERR,ERR,ERR,ERR,ERR,ERR,ERR,ERR,ERR,ERR,ERR,ERR,ERR,ERR,ERR,ERR,ERR,ERR,ERR,ERR,ERR,ERR,ERR,ERR,ERR,ERR,ERR,ERR,ERR,ERR,ERR,ERR,ERR,ERR,ERR,ERR,ERR,ERR,ERR,ERR,ERR,ERR,ERR,ERR,ERR,ERR,ERR,ERR,ERR,ERR,ERR,ERR,ERR,ERR,ERR,ERR,ERR,ERR,ERR,ERR,ERR,ERR,ERR,ERR,ERR,ERR,ERR,ERR,ERR,ERR,ERR,ERR,ERR,ERR,ERR,ERR,ERR,ERR,ERR,ERR,ERR,ERR,ERR,ERR,ERR,ERR,ERR,ERR,ERR,ERR,ERR,ERR,ERR,ERR,ERR,ERR,ERR,ERR,ERR,ERR,ERR,ERR,ERR,ERR,ERR,ERR,ERR,2.7184312818759872e+23,0.0,0.0,-0.0,nan,1.3936040501711995e+18,7.805,1.203397215123588e+25,0,0,4,48924,6720,14723890282496.0,100,0.0,0.0,0.0,-4.9501291711397626e+32,0.0,0,0,0,0,0.0,0,0,0,0,0,0,0,0,0,0,0,0,0,0,0,0,0,0,0,0,0,0,0,0,0,0,0,0,0,0,0,0,0,26,51,50,76,65476,0,300,0,0,8,21553,0.0,-107605600.0,0.0,0.0,0.0,0.0,0.0,0.0,0.0,0.0,0.0,0.0,0.0,0.0,0.0,0.0,0.0,0.0,0.0,0.0,0.0,0.0,-0.0,0.0,-2.004,-0.0,0.0,0.0,0.0,0.0,4800.0,0.0,7270.0,0.0,0.0,-0.0,2.718431101732002e+23,0.0,0.0,0.0,0.0,77,0.0,0.059,0.0,0.0,0.0,0.0,0.0,0.0,0.0,0,0,0,0.0,0.0,0.0,0.0,0.0,0.0,0.0,0.0,0.0,0.0,0.0,0.0,0.0,0.0,0.0,0.0,0,-107875648.0,77,0.0,154,0.0,0.0,ERR,ERR,ERR,ERR,ERR,ERR,ERR,ERR,ERR,ERR,ERR,ERR,ERR,ERR,ERR,ERR,ERR,ERR,ERR,ERR,ERR,ERR,ERR,ERR,ERR,ERR,ERR,ERR,ERR,ERR,ERR,ERR,ERR,ERR,ERR,ERR,ERR,ERR,ERR,ERR,ERR,ERR,ERR,ERR,ERR,ERR,ERR,ERR,ERR,ERR,ERR,ERR,ERR,ERR,ERR,ERR,ERR,ERR,ERR,ERR,ERR,ERR,ERR,ERR,ERR,ERR,ERR,34.0,80.0,35,0.0,0.0,0.0,0.0,0.0,0.0,0.0,0.0,0.0,0.0,0.0,0.0,0.0,0.0,0.0,0.0,66.0,0,120,58,53,65476,0,300,0,0,8,20529,65476,0,0,57672,80.0,0.0,0.0,0.0,0.0,0.0
2026-06-18T02:43:58,ERR,ERR,ERR,ERR,ERR,ERR,ERR,ERR,ERR,ERR,ERR,ERR,ERR,ERR,ERR,ERR,ERR,ERR,ERR,ERR,ERR,ERR,ERR,ERR,ERR,ERR,ERR,ERR,ERR,ERR,ERR,ERR,ERR,ERR,ERR,ERR,ERR,ERR,ERR,ERR,ERR,ERR,ERR,ERR,ERR,ERR,ERR,ERR,ERR,ERR,ERR,ERR,ERR,ERR,ERR,ERR,ERR,ERR,ERR,ERR,ERR,ERR,ERR,ERR,ERR,ERR,ERR,ERR,ERR,ERR,ERR,ERR,ERR,ERR,ERR,ERR,ERR,ERR,ERR,ERR,ERR,ERR,ERR,ERR,ERR,ERR,ERR,ERR,ERR,ERR,ERR,ERR,ERR,ERR,ERR,ERR,ERR,ERR,ERR,ERR,ERR,ERR,ERR,ERR,ERR,ERR,ERR,ERR,ERR,ERR,ERR,ERR,ERR,ERR,ERR,ERR,ERR,ERR,ERR,ERR,ERR,ERR,ERR,ERR,ERR,2.7184312818759872e+23,0.0,0.0,-0.0,nan,1.3936040501711995e+18,7.805,1.203397215123588e+25,0,0,4,48924,6720,14723890282496.0,100,0.0,0.0,0.0,-4.9501291711397626e+32,0.0,0,0,0,0,0.0,0,0,0,0,0,0,0,0,0,0,0,0,0,0,0,0,0,0,0,0,0,0,0,0,0,0,0,0,0,0,0,0,0,26,51,50,76,65476,0,300,0,0,8,21553,0.0,-107605600.0,0.0,0.0,0.0,0.0,0.0,0.0,0.0,0.0,0.0,0.0,0.0,0.0,0.0,0.0,0.0,0.0,0.0,0.0,0.0,0.0,-0.0,0.0,-2.004,-0.0,0.0,0.0,0.0,0.0,4800.0,0.0,7270.0,0.0,0.0,-0.0,2.718431101732002e+23,0.0,0.0,0.0,0.0,77,0.0,0.059,0.0,0.0,0.0,0.0,0.0,0.0,0.0,0,0,0,0.0,0.0,0.0,0.0,0.0,0.0,0.0,0.0,0.0,0.0,0.0,0.0,0.0,0.0,0.0,0.0,0,-107875648.0,77,0.0,154,0.0,0.0,ERR,ERR,ERR,ERR,ERR,ERR,ERR,ERR,ERR,ERR,ERR,ERR,ERR,ERR,ERR,ERR,ERR,ERR,ERR,ERR,ERR,ERR,ERR,ERR,ERR,ERR,ERR,ERR,ERR,ERR,ERR,ERR,ERR,ERR,ERR,ERR,ERR,ERR,ERR,ERR,ERR,ERR,ERR,ERR,ERR,ERR,ERR,ERR,ERR,ERR,ERR,ERR,ERR,ERR,ERR,ERR,ERR,ERR,ERR,ERR,ERR,ERR,ERR,ERR,ERR,ERR,ERR,34.0,80.0,35,0.0,0.0,0.0,0.0,0.0,0.0,0.0,0.0,0.0,0.0,0.0,0.0,0.0,0.0,0.0,0.0,65.6,0,120,58,53,65476,0,300,0,0,8,20529,65476,0,0,57672,80.0,0.0,0.0,0.0,0.0,0.0
2026-06-18T02:43:59,ERR,ERR,ERR,ERR,ERR,ERR,ERR,ERR,ERR,ERR,ERR,ERR,ERR,ERR,ERR,ERR,ERR,ERR,ERR,ERR,ERR,ERR,ERR,ERR,ERR,ERR,ERR,ERR,ERR,ERR,ERR,ERR,ERR,ERR,ERR,ERR,ERR,ERR,ERR,ERR,ERR,ERR,ERR,ERR,ERR,ERR,ERR,ERR,ERR,ERR,ERR,ERR,ERR,ERR,ERR,ERR,ERR,ERR,ERR,ERR,ERR,ERR,ERR,ERR,ERR,ERR,ERR,ERR,ERR,ERR,ERR,ERR,ERR,ERR,ERR,ERR,ERR,ERR,ERR,ERR,ERR,ERR,ERR,ERR,ERR,ERR,ERR,ERR,ERR,ERR,ERR,ERR,ERR,ERR,ERR,ERR,ERR,ERR,ERR,ERR,ERR,ERR,ERR,ERR,ERR,ERR,ERR,ERR,ERR,ERR,ERR,ERR,ERR,ERR,ERR,ERR,ERR,ERR,ERR,ERR,ERR,ERR,ERR,ERR,ERR,2.7184312818759872e+23,0.0,0.0,-0.0,nan,1.3936040501711995e+18,7.805,1.203397215123588e+25,0,0,4,48924,6720,14723890282496.0,100,0.0,0.0,0.0,-4.9501291711397626e+32,0.0,0,0,0,0,0.0,0,0,0,0,0,0,0,0,0,0,0,0,0,0,0,0,0,0,0,0,0,0,0,0,0,0,0,0,0,0,0,0,0,26,51,50,76,65476,0,300,0,0,8,21553,0.0,-107605600.0,0.0,0.0,0.0,0.0,0.0,0.0,0.0,0.0,0.0,0.0,0.0,0.0,0.0,0.0,0.0,0.0,0.0,0.0,0.0,0.0,-0.0,0.0,-2.004,-0.0,0.0,0.0,0.0,0.0,4800.0,0.0,7270.0,0.0,0.0,-0.0,2.718431101732002e+23,0.0,0.0,0.0,0.0,77,0.0,0.059,0.0,0.0,0.0,0.0,0.0,0.0,0.0,0,0,0,0.0,0.0,0.0,0.0,0.0,0.0,0.0,0.0,0.0,0.0,0.0,0.0,0.0,0.0,0.0,0.0,0,-107875648.0,77,0.0,154,0.0,0.0,ERR,ERR,ERR,ERR,ERR,ERR,ERR,ERR,ERR,ERR,ERR,ERR,ERR,ERR,ERR,ERR,ERR,ERR,ERR,ERR,ERR,ERR,ERR,ERR,ERR,ERR,ERR,ERR,ERR,ERR,ERR,ERR,ERR,ERR,ERR,ERR,ERR,ERR,ERR,ERR,ERR,ERR,ERR,ERR,ERR,ERR,ERR,ERR,ERR,ERR,ERR,ERR,ERR,ERR,ERR,ERR,ERR,ERR,ERR,ERR,ERR,ERR,ERR,ERR,ERR,ERR,ERR,34.0,80.0,35,0.0,0.0,0.0,0.0,0.0,0.0,0.0,0.0,0.0,0.0,0.0,0.0,0.0,0.0,0.0,0.0,65.6,0,120,58,53,65476,0,300,0,0,8,20529,65476,0,0,57672,80.0,0.0,0.0,0.0,0.0,0.0
2026-06-18T02:44:00,ERR,ERR,ERR,ERR,ERR,ERR,ERR,ERR,ERR,ERR,ERR,ERR,ERR,ERR,ERR,ERR,ERR,ERR,ERR,ERR,ERR,ERR,ERR,ERR,ERR,ERR,ERR,ERR,ERR,ERR,ERR,ERR,ERR,ERR,ERR,ERR,ERR,ERR,ERR,ERR,ERR,ERR,ERR,ERR,ERR,ERR,ERR,ERR,ERR,ERR,ERR,ERR,ERR,ERR,ERR,ERR,ERR,ERR,ERR,ERR,ERR,ERR,ERR,ERR,ERR,ERR,ERR,ERR,ERR,ERR,ERR,ERR,ERR,ERR,ERR,ERR,ERR,ERR,ERR,ERR,ERR,ERR,ERR,ERR,ERR,ERR,ERR,ERR,ERR,ERR,ERR,ERR,ERR,ERR,ERR,ERR,ERR,ERR,ERR,ERR,ERR,ERR,ERR,ERR,ERR,ERR,ERR,ERR,ERR,ERR,ERR,ERR,ERR,ERR,ERR,ERR,ERR,ERR,ERR,ERR,ERR,ERR,ERR,ERR,ERR,2.7184312818759872e+23,0.0,0.0,2.718290229135658e+23,-1.592,1.3936040501711995e+18,7.805,-0.0,0,0,4,48954,6720,14723890282496.0,100,0.0,0.0,0.0,-0.0,0.0,0,0,0,0,0.0,0,0,0,0,0,0,0,0,0,0,0,0,0,0,0,0,0,0,0,0,0,0,0,0,0,0,0,0,0,0,0,0,0,26,51,50,76,65476,0,300,0,0,8,21553,0.0,-107605600.0,0.0,0.0,0.0,0.0,0.0,0.0,0.0,0.0,0.0,0.0,0.0,0.0,0.0,0.0,0.0,0.0,0.0,0.0,0.0,0.0,-2.004,0.0,-0.0,-0.0,0.0,0.0,0.0,0.0,4800.0,0.0,7269.0,2.7184312818759872e+23,0.0,2.7184303811560617e+23,2.718431101732002e+23,0.0,0.0,0.0,0.0,77,-4.0668804810561766e+29,0.0,0.0,0.0,0.0,0.0,0.0,0.0,0.0,0,0,0,0.0,0.0,0.0,0.0,0.0,0.0,0.0,0.0,0.0,0.0,0.0,0.0,0.0,0.0,0.0,0.0,0,-107875648.0,77,0.0,154,0.0,-101056864.0,ERR,ERR,ERR,ERR,ERR,ERR,ERR,ERR,ERR,ERR,ERR,ERR,ERR,ERR,ERR,ERR,ERR,ERR,ERR,ERR,ERR,ERR,ERR,ERR,ERR,ERR,ERR,ERR,ERR,ERR,ERR,ERR,ERR,ERR,ERR,ERR,ERR,ERR,ERR,ERR,ERR,ERR,ERR,ERR,ERR,ERR,ERR,ERR,ERR,ERR,ERR,ERR,ERR,ERR,ERR,ERR,ERR,ERR,ERR,ERR,ERR,ERR,ERR,ERR,ERR,ERR,ERR,34.0,80.0,35,0.0,0.0,0.0,0.0,0.0,0.0,0.0,0.0,0.0,0.0,0.0,0.0,0.0,0.0,0.0,0.0,65.6,0,120,58,53,65476,0,300,0,0,8,20529,65476,0,0,57672,80.0,0.0,0.0,0.0,0.0,0.0
2026-06-18T02:44:01,ERR,ERR,ERR,ERR,ERR,ERR,ERR,ERR,ERR,ERR,ERR,ERR,ERR,ERR,ERR,ERR,ERR,ERR,ERR,ERR,ERR,ERR,ERR,ERR,ERR,ERR,ERR,ERR,ERR,ERR,ERR,ERR,ERR,ERR,ERR,ERR,ERR,ERR,ERR,ERR,ERR,ERR,ERR,ERR,ERR,ERR,ERR,ERR,ERR,ERR,ERR,ERR,ERR,ERR,ERR,ERR,ERR,ERR,ERR,ERR,ERR,ERR,ERR,ERR,ERR,ERR,ERR,ERR,ERR,ERR,ERR,ERR,ERR,ERR,ERR,ERR,ERR,ERR,ERR,ERR,ERR,ERR,ERR,ERR,ERR,ERR,ERR,ERR,ERR,ERR,ERR,ERR,ERR,ERR,ERR,ERR,ERR,ERR,ERR,ERR,ERR,ERR,ERR,ERR,ERR,ERR,ERR,ERR,ERR,ERR,ERR,ERR,ERR,ERR,ERR,ERR,ERR,ERR,ERR,ERR,ERR,ERR,ERR,ERR,ERR,2.7184312818759872e+23,0.0,0.0,2.718290229135658e+23,-1.592,1.3936040501711995e+18,7.805,-0.0,0,0,4,48954,6720,14723890282496.0,100,0.0,0.0,0.0,-0.0,0.0,0,0,0,0,0.0,0,0,0,0,0,0,0,0,0,0,0,0,0,0,0,0,0,0,0,0,0,0,0,0,0,0,0,0,0,0,0,0,0,26,51,50,76,65476,0,300,0,0,8,21553,0.0,-107605600.0,0.0,0.0,0.0,0.0,0.0,0.0,0.0,0.0,0.0,0.0,0.0,0.0,0.0,0.0,0.0,0.0,0.0,0.0,0.0,0.0,-2.004,0.0,-0.0,-0.0,0.0,0.0,0.0,0.0,4800.0,0.0,7269.0,2.7184312818759872e+23,0.0,2.7184303811560617e+23,2.718431101732002e+23,0.0,0.0,0.0,0.0,77,-4.0668804810561766e+29,0.0,0.0,0.0,0.0,0.0,0.0,0.0,0.0,0,0,0,0.0,0.0,0.0,0.0,0.0,0.0,0.0,0.0,0.0,0.0,0.0,0.0,0.0,0.0,0.0,0.0,0,-107875648.0,77,0.0,154,0.0,-101056864.0,ERR,ERR,ERR,ERR,ERR,ERR,ERR,ERR,ERR,ERR,ERR,ERR,ERR,ERR,ERR,ERR,ERR,ERR,ERR,ERR,ERR,ERR,ERR,ERR,ERR,ERR,ERR,ERR,ERR,ERR,ERR,ERR,ERR,ERR,ERR,ERR,ERR,ERR,ERR,ERR,ERR,ERR,ERR,ERR,ERR,ERR,ERR,ERR,ERR,ERR,ERR,ERR,ERR,ERR,ERR,ERR,ERR,ERR,ERR,ERR,ERR,ERR,ERR,ERR,ERR,ERR,ERR,34.0,80.0,35,0.0,0.0,0.0,0.0,0.0,0.0,0.0,0.0,0.0,0.0,0.0,0.0,0.0,0.0,0.0,0.0,66.0,0,120,58,53,65476,0,300,0,0,8,20529,65476,0,0,57672,80.0,0.0,0.0,0.0,0.0,0.0
2026-06-18T02:44:02,ERR,ERR,ERR,ERR,ERR,ERR,ERR,ERR,ERR,ERR,ERR,ERR,ERR,ERR,ERR,ERR,ERR,ERR,ERR,ERR,ERR,ERR,ERR,ERR,ERR,ERR,ERR,ERR,ERR,ERR,ERR,ERR,ERR,ERR,ERR,ERR,ERR,ERR,ERR,ERR,ERR,ERR,ERR,ERR,ERR,ERR,ERR,ERR,ERR,ERR,ERR,ERR,ERR,ERR,ERR,ERR,ERR,ERR,ERR,ERR,ERR,ERR,ERR,ERR,ERR,ERR,ERR,ERR,ERR,ERR,ERR,ERR,ERR,ERR,ERR,ERR,ERR,ERR,ERR,ERR,ERR,ERR,ERR,ERR,ERR,ERR,ERR,ERR,ERR,ERR,ERR,ERR,ERR,ERR,ERR,ERR,ERR,ERR,ERR,ERR,ERR,ERR,ERR,ERR,ERR,ERR,ERR,ERR,ERR,ERR,ERR,ERR,ERR,ERR,ERR,ERR,ERR,ERR,ERR,ERR,ERR,ERR,ERR,ERR,ERR,2.7184312818759872e+23,0.0,0.0,2.718290229135658e+23,-1.592,1.3936040501711995e+18,7.805,-0.0,0,0,4,48954,6720,14723890282496.0,100,0.0,0.0,0.0,-0.0,0.0,0,0,0,0,0.0,0,0,0,0,0,0,0,0,0,0,0,0,0,0,0,0,0,0,0,0,0,0,0,0,0,0,0,0,0,0,0,0,0,26,51,50,76,65476,0,300,0,0,8,21553,0.0,-107605600.0,0.0,0.0,0.0,0.0,0.0,0.0,0.0,0.0,0.0,0.0,0.0,0.0,0.0,0.0,0.0,0.0,0.0,0.0,0.0,0.0,-2.004,0.0,-0.0,-0.0,0.0,0.0,0.0,0.0,4800.0,0.0,7269.0,2.7184312818759872e+23,0.0,2.7184303811560617e+23,2.718431101732002e+23,0.0,0.0,0.0,0.0,77,-4.0668804810561766e+29,0.0,0.0,0.0,0.0,0.0,0.0,0.0,0.0,0,0,0,0.0,0.0,0.0,0.0,0.0,0.0,0.0,0.0,0.0,0.0,0.0,0.0,0.0,0.0,0.0,0.0,0,-107875648.0,77,0.0,154,0.0,-101056864.0,ERR,ERR,ERR,ERR,ERR,ERR,ERR,ERR,ERR,ERR,ERR,ERR,ERR,ERR,ERR,ERR,ERR,ERR,ERR,ERR,ERR,ERR,ERR,ERR,ERR,ERR,ERR,ERR,ERR,ERR,ERR,ERR,ERR,ERR,ERR,ERR,ERR,ERR,ERR,ERR,ERR,ERR,ERR,ERR,ERR,ERR,ERR,ERR,ERR,ERR,ERR,ERR,ERR,ERR,ERR,ERR,ERR,ERR,ERR,ERR,ERR,ERR,ERR,ERR,ERR,ERR,ERR,34.0,80.0,35,0.0,0.0,0.0,0.0,0.0,0.0,0.0,0.0,0.0,0.0,0.0,0.0,0.0,0.0,0.0,0.0,66.0,0,120,58,53,65476,0,300,0,0,8,20529,65476,0,0,57672,80.0,0.0,0.0,0.0,0.0,0.0
2026-06-18T02:44:03,ERR,ERR,ERR,ERR,ERR,ERR,ERR,ERR,ERR,ERR,ERR,ERR,ERR,ERR,ERR,ERR,ERR,ERR,ERR,ERR,ERR,ERR,ERR,ERR,ERR,ERR,ERR,ERR,ERR,ERR,ERR,ERR,ERR,ERR,ERR,ERR,ERR,ERR,ERR,ERR,ERR,ERR,ERR,ERR,ERR,ERR,ERR,ERR,ERR,ERR,ERR,ERR,ERR,ERR,ERR,ERR,ERR,ERR,ERR,ERR,ERR,ERR,ERR,ERR,ERR,ERR,ERR,ERR,ERR,ERR,ERR,ERR,ERR,ERR,ERR,ERR,ERR,ERR,ERR,ERR,ERR,ERR,ERR,ERR,ERR,ERR,ERR,ERR,ERR,ERR,ERR,ERR,ERR,ERR,ERR,ERR,ERR,ERR,ERR,ERR,ERR,ERR,ERR,ERR,ERR,ERR,ERR,ERR,ERR,ERR,ERR,ERR,ERR,ERR,ERR,ERR,ERR,ERR,ERR,ERR,ERR,ERR,ERR,ERR,ERR,2.7184312818759872e+23,0.0,0.0,2.718290229135658e+23,-1.592,1.3936040501711995e+18,7.805,-0.0,0,0,4,48954,6720,14723890282496.0,100,0.0,0.0,0.0,-0.0,0.0,0,0,0,0,0.0,0,0,0,0,0,0,0,0,0,0,0,0,0,0,0,0,0,0,0,0,0,0,0,0,0,0,0,0,0,0,0,0,0,26,51,50,76,65476,0,300,0,0,8,21553,0.0,-107605600.0,0.0,0.0,0.0,0.0,0.0,0.0,0.0,0.0,0.0,0.0,0.0,0.0,0.0,0.0,0.0,0.0,0.0,0.0,0.0,0.0,-2.004,0.0,-0.0,-0.0,0.0,0.0,0.0,0.0,4800.0,0.0,7269.0,2.7184312818759872e+23,0.0,2.7184303811560617e+23,2.718431101732002e+23,0.0,0.0,0.0,0.0,77,-4.0668804810561766e+29,0.0,0.0,0.0,0.0,0.0,0.0,0.0,0.0,0,0,0,0.0,0.0,0.0,0.0,0.0,0.0,0.0,0.0,0.0,0.0,0.0,0.0,0.0,0.0,0.0,0.0,0,-107875648.0,77,0.0,154,0.0,-101056864.0,ERR,ERR,ERR,ERR,ERR,ERR,ERR,ERR,ERR,ERR,ERR,ERR,ERR,ERR,ERR,ERR,ERR,ERR,ERR,ERR,ERR,ERR,ERR,ERR,ERR,ERR,ERR,ERR,ERR,ERR,ERR,ERR,ERR,ERR,ERR,ERR,ERR,ERR,ERR,ERR,ERR,ERR,ERR,ERR,ERR,ERR,ERR,ERR,ERR,ERR,ERR,ERR,ERR,ERR,ERR,ERR,ERR,ERR,ERR,ERR,ERR,ERR,ERR,ERR,ERR,ERR,ERR,34.0,80.0,35,0.0,0.0,0.0,0.0,0.0,0.0,0.0,0.0,0.0,0.0,0.0,0.0,0.0,0.0,0.0,0.0,66.4,0,120,58,53,65476,0,300,0,0,8,20529,65476,0,0,57672,80.0,0.0,0.0,0.0,0.0,0.0
2026-06-18T02:44:04,ERR,ERR,ERR,ERR,ERR,ERR,ERR,ERR,ERR,ERR,ERR,ERR,ERR,ERR,ERR,ERR,ERR,ERR,ERR,ERR,ERR,ERR,ERR,ERR,ERR,ERR,ERR,ERR,ERR,ERR,ERR,ERR,ERR,ERR,ERR,ERR,ERR,ERR,ERR,ERR,ERR,ERR,ERR,ERR,ERR,ERR,ERR,ERR,ERR,ERR,ERR,ERR,ERR,ERR,ERR,ERR,ERR,ERR,ERR,ERR,ERR,ERR,ERR,ERR,ERR,ERR,ERR,ERR,ERR,ERR,ERR,ERR,ERR,ERR,ERR,ERR,ERR,ERR,ERR,ERR,ERR,ERR,ERR,ERR,ERR,ERR,ERR,ERR,ERR,ERR,ERR,ERR,ERR,ERR,ERR,ERR,ERR,ERR,ERR,ERR,ERR,ERR,ERR,ERR,ERR,ERR,ERR,ERR,ERR,ERR,ERR,ERR,ERR,ERR,ERR,ERR,ERR,ERR,ERR,ERR,ERR,ERR,ERR,ERR,ERR,2.7184312818759872e+23,0.0,0.0,2.718290229135658e+23,-1.592,1.3936040501711995e+18,7.805,-0.0,0,0,4,48954,6720,14723890282496.0,100,0.0,0.0,0.0,-0.0,0.0,0,0,0,0,0.0,0,0,0,0,0,0,0,0,0,0,0,0,0,0,0,0,0,0,0,0,0,0,0,0,0,0,0,0,0,0,0,0,0,26,51,50,76,65476,0,300,0,0,8,21553,0.0,-107605600.0,0.0,0.0,0.0,0.0,0.0,0.0,0.0,0.0,0.0,0.0,0.0,0.0,0.0,0.0,0.0,0.0,0.0,0.0,0.0,0.0,-2.004,0.0,-0.0,-0.0,0.0,0.0,0.0,0.0,4800.0,0.0,7269.0,2.7184312818759872e+23,0.0,2.7184303811560617e+23,2.718431101732002e+23,0.0,0.0,0.0,0.0,77,-4.0668804810561766e+29,0.0,0.0,0.0,0.0,0.0,0.0,0.0,0.0,0,0,0,0.0,0.0,0.0,0.0,0.0,0.0,0.0,0.0,0.0,0.0,0.0,0.0,0.0,0.0,0.0,0.0,0,-107875648.0,77,0.0,154,0.0,-101056864.0,ERR,ERR,ERR,ERR,ERR,ERR,ERR,ERR,ERR,ERR,ERR,ERR,ERR,ERR,ERR,ERR,ERR,ERR,ERR,ERR,ERR,ERR,ERR,ERR,ERR,ERR,ERR,ERR,ERR,ERR,ERR,ERR,ERR,ERR,ERR,ERR,ERR,ERR,ERR,ERR,ERR,ERR,ERR,ERR,ERR,ERR,ERR,ERR,ERR,ERR,ERR,ERR,ERR,ERR,ERR,ERR,ERR,ERR,ERR,ERR,ERR,ERR,ERR,ERR,ERR,ERR,ERR,34.0,80.0,35,0.0,0.0,0.0,0.0,0.0,0.0,0.0,0.0,0.0,0.0,0.0,0.0,0.0,0.0,0.0,0.0,66.4,0,120,58,53,65476,0,300,0,0,8,20529,65476,0,0,57672,80.0,0.0,0.0,0.0,0.0,0.0
2026-06-18T02:44:05,ERR,ERR,ERR,ERR,ERR,ERR,ERR,ERR,ERR,ERR,ERR,ERR,ERR,ERR,ERR,ERR,ERR,ERR,ERR,ERR,ERR,ERR,ERR,ERR,ERR,ERR,ERR,ERR,ERR,ERR,ERR,ERR,ERR,ERR,ERR,ERR,ERR,ERR,ERR,ERR,ERR,ERR,ERR,ERR,ERR,ERR,ERR,ERR,ERR,ERR,ERR,ERR,ERR,ERR,ERR,ERR,ERR,ERR,ERR,ERR,ERR,ERR,ERR,ERR,ERR,ERR,ERR,ERR,ERR,ERR,ERR,ERR,ERR,ERR,ERR,ERR,ERR,ERR,ERR,ERR,ERR,ERR,ERR,ERR,ERR,ERR,ERR,ERR,ERR,ERR,ERR,ERR,ERR,ERR,ERR,ERR,ERR,ERR,ERR,ERR,ERR,ERR,ERR,ERR,ERR,ERR,ERR,ERR,ERR,ERR,ERR,ERR,ERR,ERR,ERR,ERR,ERR,ERR,ERR,ERR,ERR,ERR,ERR,ERR,ERR,2.7184312818759872e+23,0.0,0.0,2.718290229135658e+23,-1.592,1.3936040501711995e+18,7.805,-0.0,0,0,4,48954,6720,14723890282496.0,100,0.0,0.0,0.0,-0.0,0.0,0,0,0,0,0.0,0,0,0,0,0,0,0,0,0,0,0,0,0,0,0,0,0,0,0,0,0,0,0,0,0,0,0,0,0,0,0,0,0,26,51,50,76,65476,0,300,0,0,8,21553,0.0,-107605600.0,0.0,0.0,0.0,0.0,0.0,0.0,0.0,0.0,0.0,0.0,0.0,0.0,0.0,0.0,0.0,0.0,0.0,0.0,0.0,0.0,-2.004,0.0,-0.0,-0.0,0.0,0.0,0.0,0.0,4800.0,0.0,7269.0,2.7184312818759872e+23,0.0,2.7184303811560617e+23,2.718431101732002e+23,0.0,0.0,0.0,0.0,77,-4.0668804810561766e+29,0.0,0.0,0.0,0.0,0.0,0.0,0.0,0.0,0,0,0,0.0,0.0,0.0,0.0,0.0,0.0,0.0,0.0,0.0,0.0,0.0,0.0,0.0,0.0,0.0,0.0,0,-107875648.0,77,0.0,154,0.0,-101056864.0,ERR,ERR,ERR,ERR,ERR,ERR,ERR,ERR,ERR,ERR,ERR,ERR,ERR,ERR,ERR,ERR,ERR,ERR,ERR,ERR,ERR,ERR,ERR,ERR,ERR,ERR,ERR,ERR,ERR,ERR,ERR,ERR,ERR,ERR,ERR,ERR,ERR,ERR,ERR,ERR,ERR,ERR,ERR,ERR,ERR,ERR,ERR,ERR,ERR,ERR,ERR,ERR,ERR,ERR,ERR,ERR,ERR,ERR,ERR,ERR,ERR,ERR,ERR,ERR,ERR,ERR,ERR,34.0,80.0,35,0.0,0.0,0.0,0.0,0.0,0.0,0.0,0.0,0.0,0.0,0.0,0.0,0.0,0.0,0.0,0.0,65.6,0,120,58,53,65476,0,300,0,0,8,20529,65476,0,0,57672,80.0,0.0,0.0,0.0,0.0,0.0
2026-06-18T02:44:06,ERR,ERR,ERR,ERR,ERR,ERR,ERR,ERR,ERR,ERR,ERR,ERR,ERR,ERR,ERR,ERR,ERR,ERR,ERR,ERR,ERR,ERR,ERR,ERR,ERR,ERR,ERR,ERR,ERR,ERR,ERR,ERR,ERR,ERR,ERR,ERR,ERR,ERR,ERR,ERR,ERR,ERR,ERR,ERR,ERR,ERR,ERR,ERR,ERR,ERR,ERR,ERR,ERR,ERR,ERR,ERR,ERR,ERR,ERR,ERR,ERR,ERR,ERR,ERR,ERR,ERR,ERR,ERR,ERR,ERR,ERR,ERR,ERR,ERR,ERR,ERR,ERR,ERR,ERR,ERR,ERR,ERR,ERR,ERR,ERR,ERR,ERR,ERR,ERR,ERR,ERR,ERR,ERR,ERR,ERR,ERR,ERR,ERR,ERR,ERR,ERR,ERR,ERR,ERR,ERR,ERR,ERR,ERR,ERR,ERR,ERR,ERR,ERR,ERR,ERR,ERR,ERR,ERR,ERR,ERR,ERR,ERR,ERR,ERR,ERR,0.0,0.0,-0.0,-0.0,nan,1.3936040501711995e+18,7.805,-0.0,0,0,4,48932,6720,14723890282496.0,100,0.0,0.0,0.0,-0.0,0.0,0,0,0,0,0.0,0,0,0,0,0,0,0,0,0,0,0,0,0,0,0,0,0,0,0,0,0,0,0,0,0,0,0,0,0,0,0,0,0,26,51,50,76,65476,0,300,0,0,8,21553,0.0,-107605600.0,0.0,0.0,0.0,0.0,0.0,0.0,0.0,0.0,0.0,0.0,0.0,0.0,0.0,0.0,0.0,0.0,0.0,0.0,0.0,0.0,-0.0,0.0,-0.0,-0.0,0.0,0.0,0.0,0.0,4831.0,0.0,7264.0,2.7184312818759872e+23,0.0,2.7184303811560617e+23,2.718431101732002e+23,0.0,0.0,0.0,0.0,77,-5.848083809157084e+35,0.0,0.0,0.0,0.0,0.0,0.0,0.0,0.0,0,0,0,0.0,0.0,0.0,0.0,0.0,0.0,0.0,0.0,0.0,0.0,0.0,0.0,0.0,0.0,0.0,0.0,0,-107875648.0,77,0.0,154,0.0,-101056864.0,ERR,ERR,ERR,ERR,ERR,ERR,ERR,ERR,ERR,ERR,ERR,ERR,ERR,ERR,ERR,ERR,ERR,ERR,ERR,ERR,ERR,ERR,ERR,ERR,ERR,ERR,ERR,ERR,ERR,ERR,ERR,ERR,ERR,ERR,ERR,ERR,ERR,ERR,ERR,ERR,ERR,ERR,ERR,ERR,ERR,ERR,ERR,ERR,ERR,ERR,ERR,ERR,ERR,ERR,ERR,ERR,ERR,ERR,ERR,ERR,ERR,ERR,ERR,ERR,ERR,ERR,ERR,34.0,80.0,35,0.0,0.0,0.0,0.0,0.0,0.0,0.0,0.0,0.0,0.0,0.0,0.0,0.0,0.0,0.0,0.0,65.6,0,120,58,53,65476,0,300,0,0,8,20529,65476,0,0,57672,80.0,0.0,0.0,0.0,0.0,0.0
2026-06-18T02:44:07,ERR,ERR,ERR,ERR,ERR,ERR,ERR,ERR,ERR,ERR,ERR,ERR,ERR,ERR,ERR,ERR,ERR,ERR,ERR,ERR,ERR,ERR,ERR,ERR,ERR,ERR,ERR,ERR,ERR,ERR,ERR,ERR,ERR,ERR,ERR,ERR,ERR,ERR,ERR,ERR,ERR,ERR,ERR,ERR,ERR,ERR,ERR,ERR,ERR,ERR,ERR,ERR,ERR,ERR,ERR,ERR,ERR,ERR,ERR,ERR,ERR,ERR,ERR,ERR,ERR,ERR,ERR,ERR,ERR,ERR,ERR,ERR,ERR,ERR,ERR,ERR,ERR,ERR,ERR,ERR,ERR,ERR,ERR,ERR,ERR,ERR,ERR,ERR,ERR,ERR,ERR,ERR,ERR,ERR,ERR,ERR,ERR,ERR,ERR,ERR,ERR,ERR,ERR,ERR,ERR,ERR,ERR,ERR,ERR,ERR,ERR,ERR,ERR,ERR,ERR,ERR,ERR,ERR,ERR,ERR,ERR,ERR,ERR,ERR,ERR,0.0,0.0,-0.0,-0.0,nan,1.3936040501711995e+18,7.805,-0.0,0,0,4,48932,6720,14723890282496.0,100,0.0,0.0,0.0,-0.0,0.0,0,0,0,0,0.0,0,0,0,0,0,0,0,0,0,0,0,0,0,0,0,0,0,0,0,0,0,0,0,0,0,0,0,0,0,0,0,0,0,26,51,50,76,65476,0,300,0,0,8,21553,0.0,-107605600.0,0.0,0.0,0.0,0.0,0.0,0.0,0.0,0.0,0.0,0.0,0.0,0.0,0.0,0.0,0.0,0.0,0.0,0.0,0.0,0.0,-0.0,0.0,-0.0,-0.0,0.0,0.0,0.0,0.0,4831.0,0.0,7264.0,2.7184312818759872e+23,0.0,2.7184303811560617e+23,2.718431101732002e+23,0.0,0.0,0.0,0.0,77,-5.848083809157084e+35,0.0,0.0,0.0,0.0,0.0,0.0,0.0,0.0,0,0,0,0.0,0.0,0.0,0.0,0.0,0.0,0.0,0.0,0.0,0.0,0.0,0.0,0.0,0.0,0.0,0.0,0,-107875648.0,77,0.0,154,0.0,-101056864.0,ERR,ERR,ERR,ERR,ERR,ERR,ERR,ERR,ERR,ERR,ERR,ERR,ERR,ERR,ERR,ERR,ERR,ERR,ERR,ERR,ERR,ERR,ERR,ERR,ERR,ERR,ERR,ERR,ERR,ERR,ERR,ERR,ERR,ERR,ERR,ERR,ERR,ERR,ERR,ERR,ERR,ERR,ERR,ERR,ERR,ERR,ERR,ERR,ERR,ERR,ERR,ERR,ERR,ERR,ERR,ERR,ERR,ERR,ERR,ERR,ERR,ERR,ERR,ERR,ERR,ERR,ERR,34.0,80.0,35,0.0,0.0,0.0,0.0,0.0,0.0,0.0,0.0,0.0,0.0,0.0,0.0,0.0,0.0,0.0,0.0,66.0,0,120,58,53,65476,0,300,0,0,8,20529,65476,0,0,57672,80.0,0.0,0.0,0.0,0.0,0.0
2026-06-18T02:44:08,ERR,ERR,ERR,ERR,ERR,ERR,ERR,ERR,ERR,ERR,ERR,ERR,ERR,ERR,ERR,ERR,ERR,ERR,ERR,ERR,ERR,ERR,ERR,ERR,ERR,ERR,ERR,ERR,ERR,ERR,ERR,ERR,ERR,ERR,ERR,ERR,ERR,ERR,ERR,ERR,ERR,ERR,ERR,ERR,ERR,ERR,ERR,ERR,ERR,ERR,ERR,ERR,ERR,ERR,ERR,ERR,ERR,ERR,ERR,ERR,ERR,ERR,ERR,ERR,ERR,ERR,ERR,ERR,ERR,ERR,ERR,ERR,ERR,ERR,ERR,ERR,ERR,ERR,ERR,ERR,ERR,ERR,ERR,ERR,ERR,ERR,ERR,ERR,ERR,ERR,ERR,ERR,ERR,ERR,ERR,ERR,ERR,ERR,ERR,ERR,ERR,ERR,ERR,ERR,ERR,ERR,ERR,ERR,ERR,ERR,ERR,ERR,ERR,ERR,ERR,ERR,ERR,ERR,ERR,ERR,ERR,ERR,ERR,ERR,ERR,0.0,0.0,-0.0,-0.0,nan,1.3936040501711995e+18,7.805,-0.0,0,0,4,48932,6720,14723890282496.0,100,0.0,0.0,0.0,-0.0,0.0,0,0,0,0,0.0,0,0,0,0,0,0,0,0,0,0,0,0,0,0,0,0,0,0,0,0,0,0,0,0,0,0,0,0,0,0,0,0,0,26,51,50,76,65476,0,300,0,0,8,21553,0.0,-107605600.0,0.0,0.0,0.0,0.0,0.0,0.0,0.0,0.0,0.0,0.0,0.0,0.0,0.0,0.0,0.0,0.0,0.0,0.0,0.0,0.0,-0.0,0.0,-0.0,-0.0,0.0,0.0,0.0,0.0,4831.0,0.0,7264.0,2.7184312818759872e+23,0.0,2.7184303811560617e+23,2.718431101732002e+23,0.0,0.0,0.0,0.0,77,-5.848083809157084e+35,0.0,0.0,0.0,0.0,0.0,0.0,0.0,0.0,0,0,0,0.0,0.0,0.0,0.0,0.0,0.0,0.0,0.0,0.0,0.0,0.0,0.0,0.0,0.0,0.0,0.0,0,-107875648.0,77,0.0,154,0.0,-101056864.0,ERR,ERR,ERR,ERR,ERR,ERR,ERR,ERR,ERR,ERR,ERR,ERR,ERR,ERR,ERR,ERR,ERR,ERR,ERR,ERR,ERR,ERR,ERR,ERR,ERR,ERR,ERR,ERR,ERR,ERR,ERR,ERR,ERR,ERR,ERR,ERR,ERR,ERR,ERR,ERR,ERR,ERR,ERR,ERR,ERR,ERR,ERR,ERR,ERR,ERR,ERR,ERR,ERR,ERR,ERR,ERR,ERR,ERR,ERR,ERR,ERR,ERR,ERR,ERR,ERR,ERR,ERR,34.0,80.0,35,0.0,0.0,0.0,0.0,0.0,0.0,0.0,0.0,0.0,0.0,0.0,0.0,0.0,0.0,0.0,0.0,65.6,0,120,58,53,65476,0,300,0,0,8,20529,65476,0,0,57672,80.0,0.0,0.0,0.0,0.0,0.0
2026-06-18T02:44:09,ERR,ERR,ERR,ERR,ERR,ERR,ERR,ERR,ERR,ERR,ERR,ERR,ERR,ERR,ERR,ERR,ERR,ERR,ERR,ERR,ERR,ERR,ERR,ERR,ERR,ERR,ERR,ERR,ERR,ERR,ERR,ERR,ERR,ERR,ERR,ERR,ERR,ERR,ERR,ERR,ERR,ERR,ERR,ERR,ERR,ERR,ERR,ERR,ERR,ERR,ERR,ERR,ERR,ERR,ERR,ERR,ERR,ERR,ERR,ERR,ERR,ERR,ERR,ERR,ERR,ERR,ERR,ERR,ERR,ERR,ERR,ERR,ERR,ERR,ERR,ERR,ERR,ERR,ERR,ERR,ERR,ERR,ERR,ERR,ERR,ERR,ERR,ERR,ERR,ERR,ERR,ERR,ERR,ERR,ERR,ERR,ERR,ERR,ERR,ERR,ERR,ERR,ERR,ERR,ERR,ERR,ERR,ERR,ERR,ERR,ERR,ERR,ERR,ERR,ERR,ERR,ERR,ERR,ERR,ERR,ERR,ERR,ERR,ERR,ERR,0.0,0.0,-0.0,-0.0,nan,1.3936040501711995e+18,7.805,-0.0,0,0,4,48932,6720,14723890282496.0,100,0.0,0.0,0.0,-0.0,0.0,0,0,0,0,0.0,0,0,0,0,0,0,0,0,0,0,0,0,0,0,0,0,0,0,0,0,0,0,0,0,0,0,0,0,0,0,0,0,0,26,51,50,76,65476,0,300,0,0,8,21553,0.0,-107605600.0,0.0,0.0,0.0,0.0,0.0,0.0,0.0,0.0,0.0,0.0,0.0,0.0,0.0,0.0,0.0,0.0,0.0,0.0,0.0,0.0,-0.0,0.0,-0.0,-0.0,0.0,0.0,0.0,0.0,4831.0,0.0,7264.0,2.7184312818759872e+23,0.0,2.7184303811560617e+23,2.718431101732002e+23,0.0,0.0,0.0,0.0,77,-5.848083809157084e+35,0.0,0.0,0.0,0.0,0.0,0.0,0.0,0.0,0,0,0,0.0,0.0,0.0,0.0,0.0,0.0,0.0,0.0,0.0,0.0,0.0,0.0,0.0,0.0,0.0,0.0,0,-107875648.0,77,0.0,154,0.0,-101056864.0,ERR,ERR,ERR,ERR,ERR,ERR,ERR,ERR,ERR,ERR,ERR,ERR,ERR,ERR,ERR,ERR,ERR,ERR,ERR,ERR,ERR,ERR,ERR,ERR,ERR,ERR,ERR,ERR,ERR,ERR,ERR,ERR,ERR,ERR,ERR,ERR,ERR,ERR,ERR,ERR,ERR,ERR,ERR,ERR,ERR,ERR,ERR,ERR,ERR,ERR,ERR,ERR,ERR,ERR,ERR,ERR,ERR,ERR,ERR,ERR,ERR,ERR,ERR,ERR,ERR,ERR,ERR,34.0,80.0,35,0.0,0.0,0.0,0.0,0.0,0.0,0.0,0.0,0.0,0.0,0.0,0.0,0.0,0.0,0.0,0.0,65.6,0,120,58,53,65476,0,300,0,0,8,20529,65476,0,0,57672,80.0,0.0,0.0,0.0,0.0,0.0
2026-06-18T02:44:10,ERR,ERR,ERR,ERR,ERR,ERR,ERR,ERR,ERR,ERR,ERR,ERR,ERR,ERR,ERR,ERR,ERR,ERR,ERR,ERR,ERR,ERR,ERR,ERR,ERR,ERR,ERR,ERR,ERR,ERR,ERR,ERR,ERR,ERR,ERR,ERR,ERR,ERR,ERR,ERR,ERR,ERR,ERR,ERR,ERR,ERR,ERR,ERR,ERR,ERR,ERR,ERR,ERR,ERR,ERR,ERR,ERR,ERR,ERR,ERR,ERR,ERR,ERR,ERR,ERR,ERR,ERR,ERR,ERR,ERR,ERR,ERR,ERR,ERR,ERR,ERR,ERR,ERR,ERR,ERR,ERR,ERR,ERR,ERR,ERR,ERR,ERR,ERR,ERR,ERR,ERR,ERR,ERR,ERR,ERR,ERR,ERR,ERR,ERR,ERR,ERR,ERR,ERR,ERR,ERR,ERR,ERR,ERR,ERR,ERR,ERR,ERR,ERR,ERR,ERR,ERR,ERR,ERR,ERR,ERR,ERR,ERR,ERR,ERR,ERR,0.0,0.0,-0.0,-0.0,nan,1.3936040501711995e+18,7.805,-0.0,0,0,4,48932,6720,14723890282496.0,100,0.0,0.0,0.0,-0.0,0.0,0,0,0,0,0.0,0,0,0,0,0,0,0,0,0,0,0,0,0,0,0,0,0,0,0,0,0,0,0,0,0,0,0,0,0,0,0,0,0,26,51,50,76,65476,0,300,0,0,8,21553,0.0,-107605600.0,0.0,0.0,0.0,0.0,0.0,0.0,0.0,0.0,0.0,0.0,0.0,0.0,0.0,0.0,0.0,0.0,0.0,0.0,0.0,0.0,-0.0,0.0,-0.0,-0.0,0.0,0.0,0.0,0.0,4831.0,0.0,7264.0,2.7184312818759872e+23,0.0,2.7184303811560617e+23,2.718431101732002e+23,0.0,0.0,0.0,0.0,77,-5.848083809157084e+35,0.0,0.0,0.0,0.0,0.0,0.0,0.0,0.0,0,0,0,0.0,0.0,0.0,0.0,0.0,0.0,0.0,0.0,0.0,0.0,0.0,0.0,0.0,0.0,0.0,0.0,0,-107875648.0,77,0.0,154,0.0,-101056864.0,ERR,ERR,ERR,ERR,ERR,ERR,ERR,ERR,ERR,ERR,ERR,ERR,ERR,ERR,ERR,ERR,ERR,ERR,ERR,ERR,ERR,ERR,ERR,ERR,ERR,ERR,ERR,ERR,ERR,ERR,ERR,ERR,ERR,ERR,ERR,ERR,ERR,ERR,ERR,ERR,ERR,ERR,ERR,ERR,ERR,ERR,ERR,ERR,ERR,ERR,ERR,ERR,ERR,ERR,ERR,ERR,ERR,ERR,ERR,ERR,ERR,ERR,ERR,ERR,ERR,ERR,ERR,34.0,80.0,35,0.0,0.0,0.0,0.0,0.0,0.0,0.0,0.0,0.0,0.0,0.0,0.0,0.0,0.0,0.0,0.0,65.6,0,120,58,53,65476,0,300,0,0,8,20529,65476,0,0,57672,80.0,0.0,0.0,0.0,0.0,0.0
2026-06-18T02:44:11,ERR,ERR,ERR,ERR,ERR,ERR,ERR,ERR,ERR,ERR,ERR,ERR,ERR,ERR,ERR,ERR,ERR,ERR,ERR,ERR,ERR,ERR,ERR,ERR,ERR,ERR,ERR,ERR,ERR,ERR,ERR,ERR,ERR,ERR,ERR,ERR,ERR,ERR,ERR,ERR,ERR,ERR,ERR,ERR,ERR,ERR,ERR,ERR,ERR,ERR,ERR,ERR,ERR,ERR,ERR,ERR,ERR,ERR,ERR,ERR,ERR,ERR,ERR,ERR,ERR,ERR,ERR,ERR,ERR,ERR,ERR,ERR,ERR,ERR,ERR,ERR,ERR,ERR,ERR,ERR,ERR,ERR,ERR,ERR,ERR,ERR,ERR,ERR,ERR,ERR,ERR,ERR,ERR,ERR,ERR,ERR,ERR,ERR,ERR,ERR,ERR,ERR,ERR,ERR,ERR,ERR,ERR,ERR,ERR,ERR,ERR,ERR,ERR,ERR,ERR,ERR,ERR,ERR,ERR,ERR,ERR,ERR,ERR,ERR,ERR,0.0,0.0,-0.0,-4.9501291711397626e+32,nan,1.3936040501711995e+18,7.805,-0.0,0,0,4,48927,6720,14723890282496.0,100,0.0,0.0,0.0,-107609184.0,0.0,0,0,0,0,0.0,0,0,0,0,0,0,0,0,0,0,0,0,0,0,0,0,0,0,0,0,0,0,0,0,0,0,0,0,0,0,0,0,0,26,51,50,76,65476,0,300,0,0,8,21553,0.0,-107605600.0,0.0,0.0,0.0,0.0,0.0,0.0,0.0,0.0,0.0,0.0,0.0,0.0,0.0,0.0,0.0,0.0,0.0,0.0,0.0,0.0,-0.0,0.0,-0.0,-0.0,0.0,0.0,0.0,0.0,4800.0,0.0,7264.0,0.0,0.0,-0.0,2.718431101732002e+23,0.0,0.0,0.0,0.0,77,0.0,0.0,0.0,0.0,0.0,0.0,0.0,0.0,0.0,0,0,0,0.0,0.0,0.0,0.0,0.0,0.0,0.0,0.0,0.0,0.0,0.0,0.0,0.0,0.0,0.0,0.0,0,-107875648.0,77,0.0,154,0.0,-101056864.0,ERR,ERR,ERR,ERR,ERR,ERR,ERR,ERR,ERR,ERR,ERR,ERR,ERR,ERR,ERR,ERR,ERR,ERR,ERR,ERR,ERR,ERR,ERR,ERR,ERR,ERR,ERR,ERR,ERR,ERR,ERR,ERR,ERR,ERR,ERR,ERR,ERR,ERR,ERR,ERR,ERR,ERR,ERR,ERR,ERR,ERR,ERR,ERR,ERR,ERR,ERR,ERR,ERR,ERR,ERR,ERR,ERR,ERR,ERR,ERR,ERR,ERR,ERR,ERR,ERR,ERR,ERR,34.0,80.0,35,0.0,0.0,0.0,0.0,0.0,0.0,0.0,0.0,0.0,0.0,0.0,0.0,0.0,0.0,0.0,0.0,65.6,0,120,58,53,65476,0,300,0,0,8,20529,65476,0,0,57672,80.0,0.0,0.0,0.0,0.0,0.0
2026-06-18T02:44:12,ERR,ERR,ERR,ERR,ERR,ERR,ERR,ERR,ERR,ERR,ERR,ERR,ERR,ERR,ERR,ERR,ERR,ERR,ERR,ERR,ERR,ERR,ERR,ERR,ERR,ERR,ERR,ERR,ERR,ERR,ERR,ERR,ERR,ERR,ERR,ERR,ERR,ERR,ERR,ERR,ERR,ERR,ERR,ERR,ERR,ERR,ERR,ERR,ERR,ERR,ERR,ERR,ERR,ERR,ERR,ERR,ERR,ERR,ERR,ERR,ERR,ERR,ERR,ERR,ERR,ERR,ERR,ERR,ERR,ERR,ERR,ERR,ERR,ERR,ERR,ERR,ERR,ERR,ERR,ERR,ERR,ERR,ERR,ERR,ERR,ERR,ERR,ERR,ERR,ERR,ERR,ERR,ERR,ERR,ERR,ERR,ERR,ERR,ERR,ERR,ERR,ERR,ERR,ERR,ERR,ERR,ERR,ERR,ERR,ERR,ERR,ERR,ERR,ERR,ERR,ERR,ERR,ERR,ERR,ERR,ERR,ERR,ERR,ERR,ERR,0.0,0.0,-0.0,-4.9501291711397626e+32,nan,1.3936040501711995e+18,7.805,-0.0,0,0,4,48927,6720,14723890282496.0,100,0.0,0.0,0.0,-107609184.0,0.0,0,0,0,0,0.0,0,0,0,0,0,0,0,0,0,0,0,0,0,0,0,0,0,0,0,0,0,0,0,0,0,0,0,0,0,0,0,0,0,26,51,50,76,65476,0,300,0,0,8,21553,0.0,-107605600.0,0.0,0.0,0.0,0.0,0.0,0.0,0.0,0.0,0.0,0.0,0.0,0.0,0.0,0.0,0.0,0.0,0.0,0.0,0.0,0.0,-0.0,0.0,-0.0,-0.0,0.0,0.0,0.0,0.0,4800.0,0.0,7264.0,0.0,0.0,-0.0,2.718431101732002e+23,0.0,0.0,0.0,0.0,77,0.0,0.0,0.0,0.0,0.0,0.0,0.0,0.0,0.0,0,0,0,0.0,0.0,0.0,0.0,0.0,0.0,0.0,0.0,0.0,0.0,0.0,0.0,0.0,0.0,0.0,0.0,0,-107875648.0,77,0.0,154,0.0,-101056864.0,ERR,ERR,ERR,ERR,ERR,ERR,ERR,ERR,ERR,ERR,ERR,ERR,ERR,ERR,ERR,ERR,ERR,ERR,ERR,ERR,ERR,ERR,ERR,ERR,ERR,ERR,ERR,ERR,ERR,ERR,ERR,ERR,ERR,ERR,ERR,ERR,ERR,ERR,ERR,ERR,ERR,ERR,ERR,ERR,ERR,ERR,ERR,ERR,ERR,ERR,ERR,ERR,ERR,ERR,ERR,ERR,ERR,ERR,ERR,ERR,ERR,ERR,ERR,ERR,ERR,ERR,ERR,34.0,80.0,35,0.0,0.0,0.0,0.0,0.0,0.0,0.0,0.0,0.0,0.0,0.0,0.0,0.0,0.0,0.0,0.0,66.4,0,120,58,53,65476,0,300,0,0,8,20529,65476,0,0,57672,80.0,0.0,0.0,0.0,0.0,0.0
2026-06-18T02:44:13,ERR,ERR,ERR,ERR,ERR,ERR,ERR,ERR,ERR,ERR,ERR,ERR,ERR,ERR,ERR,ERR,ERR,ERR,ERR,ERR,ERR,ERR,ERR,ERR,ERR,ERR,ERR,ERR,ERR,ERR,ERR,ERR,ERR,ERR,ERR,ERR,ERR,ERR,ERR,ERR,ERR,ERR,ERR,ERR,ERR,ERR,ERR,ERR,ERR,ERR,ERR,ERR,ERR,ERR,ERR,ERR,ERR,ERR,ERR,ERR,ERR,ERR,ERR,ERR,ERR,ERR,ERR,ERR,ERR,ERR,ERR,ERR,ERR,ERR,ERR,ERR,ERR,ERR,ERR,ERR,ERR,ERR,ERR,ERR,ERR,ERR,ERR,ERR,ERR,ERR,ERR,ERR,ERR,ERR,ERR,ERR,ERR,ERR,ERR,ERR,ERR,ERR,ERR,ERR,ERR,ERR,ERR,ERR,ERR,ERR,ERR,ERR,ERR,ERR,ERR,ERR,ERR,ERR,ERR,ERR,ERR,ERR,ERR,ERR,ERR,0.0,0.0,-0.0,-4.9501291711397626e+32,nan,1.3936040501711995e+18,7.805,-0.0,0,0,4,48927,6720,14723890282496.0,100,0.0,0.0,0.0,-107609184.0,0.0,0,0,0,0,0.0,0,0,0,0,0,0,0,0,0,0,0,0,0,0,0,0,0,0,0,0,0,0,0,0,0,0,0,0,0,0,0,0,0,26,51,50,76,65476,0,300,0,0,8,21553,0.0,-107605600.0,0.0,0.0,0.0,0.0,0.0,0.0,0.0,0.0,0.0,0.0,0.0,0.0,0.0,0.0,0.0,0.0,0.0,0.0,0.0,0.0,-0.0,0.0,-0.0,-0.0,0.0,0.0,0.0,0.0,4800.0,0.0,7264.0,0.0,0.0,-0.0,2.718431101732002e+23,0.0,0.0,0.0,0.0,77,0.0,0.0,0.0,0.0,0.0,0.0,0.0,0.0,0.0,0,0,0,0.0,0.0,0.0,0.0,0.0,0.0,0.0,0.0,0.0,0.0,0.0,0.0,0.0,0.0,0.0,0.0,0,-107875648.0,77,0.0,154,0.0,-101056864.0,ERR,ERR,ERR,ERR,ERR,ERR,ERR,ERR,ERR,ERR,ERR,ERR,ERR,ERR,ERR,ERR,ERR,ERR,ERR,ERR,ERR,ERR,ERR,ERR,ERR,ERR,ERR,ERR,ERR,ERR,ERR,ERR,ERR,ERR,ERR,ERR,ERR,ERR,ERR,ERR,ERR,ERR,ERR,ERR,ERR,ERR,ERR,ERR,ERR,ERR,ERR,ERR,ERR,ERR,ERR,ERR,ERR,ERR,ERR,ERR,ERR,ERR,ERR,ERR,ERR,ERR,ERR,34.0,80.0,35,0.0,0.0,0.0,0.0,0.0,0.0,0.0,0.0,0.0,0.0,0.0,0.0,0.0,0.0,0.0,0.0,66.4,0,120,58,53,65476,0,300,0,0,8,20529,65476,0,0,57672,80.0,0.0,0.0,0.0,0.0,0.0
2026-06-18T02:44:14,ERR,ERR,ERR,ERR,ERR,ERR,ERR,ERR,ERR,ERR,ERR,ERR,ERR,ERR,ERR,ERR,ERR,ERR,ERR,ERR,ERR,ERR,ERR,ERR,ERR,ERR,ERR,ERR,ERR,ERR,ERR,ERR,ERR,ERR,ERR,ERR,ERR,ERR,ERR,ERR,ERR,ERR,ERR,ERR,ERR,ERR,ERR,ERR,ERR,ERR,ERR,ERR,ERR,ERR,ERR,ERR,ERR,ERR,ERR,ERR,ERR,ERR,ERR,ERR,ERR,ERR,ERR,ERR,ERR,ERR,ERR,ERR,ERR,ERR,ERR,ERR,ERR,ERR,ERR,ERR,ERR,ERR,ERR,ERR,ERR,ERR,ERR,ERR,ERR,ERR,ERR,ERR,ERR,ERR,ERR,ERR,ERR,ERR,ERR,ERR,ERR,ERR,ERR,ERR,ERR,ERR,ERR,ERR,ERR,ERR,ERR,ERR,ERR,ERR,ERR,ERR,ERR,ERR,ERR,ERR,ERR,ERR,ERR,ERR,ERR,0.0,0.0,-0.0,-4.9501291711397626e+32,nan,1.3936040501711995e+18,7.805,-0.0,0,0,4,48927,6720,14723890282496.0,100,0.0,0.0,0.0,-107609184.0,0.0,0,0,0,0,0.0,0,0,0,0,0,0,0,0,0,0,0,0,0,0,0,0,0,0,0,0,0,0,0,0,0,0,0,0,0,0,0,0,0,26,51,50,76,65476,0,300,0,0,8,21553,0.0,-107605600.0,0.0,0.0,0.0,0.0,0.0,0.0,0.0,0.0,0.0,0.0,0.0,0.0,0.0,0.0,0.0,0.0,0.0,0.0,0.0,0.0,-0.0,0.0,-0.0,-0.0,0.0,0.0,0.0,0.0,4800.0,0.0,7264.0,0.0,0.0,-0.0,2.718431101732002e+23,0.0,0.0,0.0,0.0,77,0.0,0.0,0.0,0.0,0.0,0.0,0.0,0.0,0.0,0,0,0,0.0,0.0,0.0,0.0,0.0,0.0,0.0,0.0,0.0,0.0,0.0,0.0,0.0,0.0,0.0,0.0,0,-107875648.0,77,0.0,154,0.0,-101056864.0,ERR,ERR,ERR,ERR,ERR,ERR,ERR,ERR,ERR,ERR,ERR,ERR,ERR,ERR,ERR,ERR,ERR,ERR,ERR,ERR,ERR,ERR,ERR,ERR,ERR,ERR,ERR,ERR,ERR,ERR,ERR,ERR,ERR,ERR,ERR,ERR,ERR,ERR,ERR,ERR,ERR,ERR,ERR,ERR,ERR,ERR,ERR,ERR,ERR,ERR,ERR,ERR,ERR,ERR,ERR,ERR,ERR,ERR,ERR,ERR,ERR,ERR,ERR,ERR,ERR,ERR,ERR,34.0,80.0,35,0.0,0.0,0.0,0.0,0.0,0.0,0.0,0.0,0.0,0.0,0.0,0.0,0.0,0.0,0.0,0.0,65.6,0,120,58,53,65476,0,300,0,0,8,20529,65476,0,0,57672,80.0,0.0,0.0,0.0,0.0,0.0
2026-06-18T02:44:15,ERR,ERR,ERR,ERR,ERR,ERR,ERR,ERR,ERR,ERR,ERR,ERR,ERR,ERR,ERR,ERR,ERR,ERR,ERR,ERR,ERR,ERR,ERR,ERR,ERR,ERR,ERR,ERR,ERR,ERR,ERR,ERR,ERR,ERR,ERR,ERR,ERR,ERR,ERR,ERR,ERR,ERR,ERR,ERR,ERR,ERR,ERR,ERR,ERR,ERR,ERR,ERR,ERR,ERR,ERR,ERR,ERR,ERR,ERR,ERR,ERR,ERR,ERR,ERR,ERR,ERR,ERR,ERR,ERR,ERR,ERR,ERR,ERR,ERR,ERR,ERR,ERR,ERR,ERR,ERR,ERR,ERR,ERR,ERR,ERR,ERR,ERR,ERR,ERR,ERR,ERR,ERR,ERR,ERR,ERR,ERR,ERR,ERR,ERR,ERR,ERR,ERR,ERR,ERR,ERR,ERR,ERR,ERR,ERR,ERR,ERR,ERR,ERR,ERR,ERR,ERR,ERR,ERR,ERR,ERR,ERR,ERR,ERR,ERR,ERR,0.0,0.0,-0.0,-4.9501291711397626e+32,nan,1.3936040501711995e+18,7.805,-0.0,0,0,4,48927,6720,14723890282496.0,100,0.0,0.0,0.0,-107609184.0,0.0,0,0,0,0,0.0,0,0,0,0,0,0,0,0,0,0,0,0,0,0,0,0,0,0,0,0,0,0,0,0,0,0,0,0,0,0,0,0,0,26,51,50,76,65476,0,300,0,0,8,21553,0.0,-107605600.0,0.0,0.0,0.0,0.0,0.0,0.0,0.0,0.0,0.0,0.0,0.0,0.0,0.0,0.0,0.0,0.0,0.0,0.0,0.0,0.0,-0.0,0.0,-0.0,-0.0,0.0,0.0,0.0,0.0,4800.0,0.0,7264.0,0.0,0.0,-0.0,2.718431101732002e+23,0.0,0.0,0.0,0.0,77,0.0,0.0,0.0,0.0,0.0,0.0,0.0,0.0,0.0,0,0,0,0.0,0.0,0.0,0.0,0.0,0.0,0.0,0.0,0.0,0.0,0.0,0.0,0.0,0.0,0.0,0.0,0,-107875648.0,77,0.0,154,0.0,-101056864.0,ERR,ERR,ERR,ERR,ERR,ERR,ERR,ERR,ERR,ERR,ERR,ERR,ERR,ERR,ERR,ERR,ERR,ERR,ERR,ERR,ERR,ERR,ERR,ERR,ERR,ERR,ERR,ERR,ERR,ERR,ERR,ERR,ERR,ERR,ERR,ERR,ERR,ERR,ERR,ERR,ERR,ERR,ERR,ERR,ERR,ERR,ERR,ERR,ERR,ERR,ERR,ERR,ERR,ERR,ERR,ERR,ERR,ERR,ERR,ERR,ERR,ERR,ERR,ERR,ERR,ERR,ERR,34.0,80.0,35,0.0,0.0,0.0,0.0,0.0,0.0,0.0,0.0,0.0,0.0,0.0,0.0,0.0,0.0,0.0,0.0,65.6,0,120,58,53,65476,0,300,0,0,8,20529,65476,0,0,57672,80.0,0.0,0.0,0.0,0.0,0.0
2026-06-18T02:44:16,ERR,ERR,ERR,ERR,ERR,ERR,ERR,ERR,ERR,ERR,ERR,ERR,ERR,ERR,ERR,ERR,ERR,ERR,ERR,ERR,ERR,ERR,ERR,ERR,ERR,ERR,ERR,ERR,ERR,ERR,ERR,ERR,ERR,ERR,ERR,ERR,ERR,ERR,ERR,ERR,ERR,ERR,ERR,ERR,ERR,ERR,ERR,ERR,ERR,ERR,ERR,ERR,ERR,ERR,ERR,ERR,ERR,ERR,ERR,ERR,ERR,ERR,ERR,ERR,ERR,ERR,ERR,ERR,ERR,ERR,ERR,ERR,ERR,ERR,ERR,ERR,ERR,ERR,ERR,ERR,ERR,ERR,ERR,ERR,ERR,ERR,ERR,ERR,ERR,ERR,ERR,ERR,ERR,ERR,ERR,ERR,ERR,ERR,ERR,ERR,ERR,ERR,ERR,ERR,ERR,ERR,ERR,ERR,ERR,ERR,ERR,ERR,ERR,ERR,ERR,ERR,ERR,ERR,ERR,ERR,ERR,ERR,ERR,ERR,ERR,0.0,0.0,-0.0,-0.0,nan,1.3936040501711995e+18,7.805,-0.0,0,0,4,48952,6720,14723890282496.0,100,0.0,0.0,0.0,-0.0,0.0,0,0,0,0,0.0,0,0,0,0,0,0,0,0,0,0,0,0,0,0,0,0,0,0,0,0,0,0,0,0,0,0,0,0,0,0,0,0,0,26,51,50,76,65476,0,300,0,0,8,21553,0.0,-107605600.0,0.0,0.0,0.0,0.0,0.0,0.0,0.0,0.0,0.0,0.0,0.0,0.0,0.0,0.0,0.0,0.0,0.0,0.0,0.0,0.0,-0.0,0.0,-2.004,-0.0,0.0,0.0,0.0,0.0,4799.0,-1.0406645142989446e+34,7295.0,0.0,0.0,-0.0,2.718431101732002e+23,0.0,0.0,0.0,0.0,77,-3.2220289616203523e+26,-4.950398036242045e+32,0.0,0.0,0.0,0.0,0.0,0.0,0.0,0,0,0,0.0,0.0,0.0,0.0,0.0,0.0,0.0,0.0,0.0,0.0,0.0,0.0,0.0,0.0,0.0,0.0,0,-107875648.0,77,0.0,154,0.0,0.0,ERR,ERR,ERR,ERR,ERR,ERR,ERR,ERR,ERR,ERR,ERR,ERR,ERR,ERR,ERR,ERR,ERR,ERR,ERR,ERR,ERR,ERR,ERR,ERR,ERR,ERR,ERR,ERR,ERR,ERR,ERR,ERR,ERR,ERR,ERR,ERR,ERR,ERR,ERR,ERR,ERR,ERR,ERR,ERR,ERR,ERR,ERR,ERR,ERR,ERR,ERR,ERR,ERR,ERR,ERR,ERR,ERR,ERR,ERR,ERR,ERR,ERR,ERR,ERR,ERR,ERR,ERR,34.0,80.0,35,0.0,0.0,0.0,0.0,0.0,0.0,0.0,0.0,0.0,0.0,0.0,0.0,0.0,0.0,0.0,0.0,65.6,0,120,58,53,65476,0,300,0,0,8,20529,65476,0,0,57672,80.0,0.0,0.0,0.0,0.0,0.0
2026-06-18T02:44:17,ERR,ERR,ERR,ERR,ERR,ERR,ERR,ERR,ERR,ERR,ERR,ERR,ERR,ERR,ERR,ERR,ERR,ERR,ERR,ERR,ERR,ERR,ERR,ERR,ERR,ERR,ERR,ERR,ERR,ERR,ERR,ERR,ERR,ERR,ERR,ERR,ERR,ERR,ERR,ERR,ERR,ERR,ERR,ERR,ERR,ERR,ERR,ERR,ERR,ERR,ERR,ERR,ERR,ERR,ERR,ERR,ERR,ERR,ERR,ERR,ERR,ERR,ERR,ERR,ERR,ERR,ERR,ERR,ERR,ERR,ERR,ERR,ERR,ERR,ERR,ERR,ERR,ERR,ERR,ERR,ERR,ERR,ERR,ERR,ERR,ERR,ERR,ERR,ERR,ERR,ERR,ERR,ERR,ERR,ERR,ERR,ERR,ERR,ERR,ERR,ERR,ERR,ERR,ERR,ERR,ERR,ERR,ERR,ERR,ERR,ERR,ERR,ERR,ERR,ERR,ERR,ERR,ERR,ERR,ERR,ERR,ERR,ERR,ERR,ERR,0.0,0.0,-0.0,-0.0,nan,1.3936040501711995e+18,7.805,-0.0,0,0,4,48952,6720,14723890282496.0,100,0.0,0.0,0.0,-0.0,0.0,0,0,0,0,0.0,0,0,0,0,0,0,0,0,0,0,0,0,0,0,0,0,0,0,0,0,0,0,0,0,0,0,0,0,0,0,0,0,0,26,51,50,76,65476,0,300,0,0,8,21553,0.0,-107605600.0,0.0,0.0,0.0,0.0,0.0,0.0,0.0,0.0,0.0,0.0,0.0,0.0,0.0,0.0,0.0,0.0,0.0,0.0,0.0,0.0,-0.0,0.0,-2.004,-0.0,0.0,0.0,0.0,0.0,4799.0,-1.0406645142989446e+34,7295.0,0.0,0.0,-0.0,2.718431101732002e+23,0.0,0.0,0.0,0.0,77,-3.2220289616203523e+26,-4.950398036242045e+32,0.0,0.0,0.0,0.0,0.0,0.0,0.0,0,0,0,0.0,0.0,0.0,0.0,0.0,0.0,0.0,0.0,0.0,0.0,0.0,0.0,0.0,0.0,0.0,0.0,0,-107875648.0,77,0.0,154,0.0,0.0,ERR,ERR,ERR,ERR,ERR,ERR,ERR,ERR,ERR,ERR,ERR,ERR,ERR,ERR,ERR,ERR,ERR,ERR,ERR,ERR,ERR,ERR,ERR,ERR,ERR,ERR,ERR,ERR,ERR,ERR,ERR,ERR,ERR,ERR,ERR,ERR,ERR,ERR,ERR,ERR,ERR,ERR,ERR,ERR,ERR,ERR,ERR,ERR,ERR,ERR,ERR,ERR,ERR,ERR,ERR,ERR,ERR,ERR,ERR,ERR,ERR,ERR,ERR,ERR,ERR,ERR,ERR,34.0,80.0,35,0.0,0.0,0.0,0.0,0.0,0.0,0.0,0.0,0.0,0.0,0.0,0.0,0.0,0.0,0.0,0.0,65.6,0,120,58,53,65476,0,300,0,0,8,20529,65476,0,0,57672,80.0,0.0,0.0,0.0,0.0,0.0
2026-06-18T02:44:18,ERR,ERR,ERR,ERR,ERR,ERR,ERR,ERR,ERR,ERR,ERR,ERR,ERR,ERR,ERR,ERR,ERR,ERR,ERR,ERR,ERR,ERR,ERR,ERR,ERR,ERR,ERR,ERR,ERR,ERR,ERR,ERR,ERR,ERR,ERR,ERR,ERR,ERR,ERR,ERR,ERR,ERR,ERR,ERR,ERR,ERR,ERR,ERR,ERR,ERR,ERR,ERR,ERR,ERR,ERR,ERR,ERR,ERR,ERR,ERR,ERR,ERR,ERR,ERR,ERR,ERR,ERR,ERR,ERR,ERR,ERR,ERR,ERR,ERR,ERR,ERR,ERR,ERR,ERR,ERR,ERR,ERR,ERR,ERR,ERR,ERR,ERR,ERR,ERR,ERR,ERR,ERR,ERR,ERR,ERR,ERR,ERR,ERR,ERR,ERR,ERR,ERR,ERR,ERR,ERR,ERR,ERR,ERR,ERR,ERR,ERR,ERR,ERR,ERR,ERR,ERR,ERR,ERR,ERR,ERR,ERR,ERR,ERR,ERR,ERR,0.0,0.0,-0.0,-0.0,nan,1.3936040501711995e+18,7.805,-0.0,0,0,4,48952,6720,14723890282496.0,100,0.0,0.0,0.0,-0.0,0.0,0,0,0,0,0.0,0,0,0,0,0,0,0,0,0,0,0,0,0,0,0,0,0,0,0,0,0,0,0,0,0,0,0,0,0,0,0,0,0,26,51,50,76,65476,0,300,0,0,8,21553,0.0,-107605600.0,0.0,0.0,0.0,0.0,0.0,0.0,0.0,0.0,0.0,0.0,0.0,0.0,0.0,0.0,0.0,0.0,0.0,0.0,0.0,0.0,-0.0,0.0,-2.004,-0.0,0.0,0.0,0.0,0.0,4799.0,-1.0406645142989446e+34,7295.0,0.0,0.0,-0.0,2.718431101732002e+23,0.0,0.0,0.0,0.0,77,-3.2220289616203523e+26,-4.950398036242045e+32,0.0,0.0,0.0,0.0,0.0,0.0,0.0,0,0,0,0.0,0.0,0.0,0.0,0.0,0.0,0.0,0.0,0.0,0.0,0.0,0.0,0.0,0.0,0.0,0.0,0,-107875648.0,77,0.0,154,0.0,0.0,ERR,ERR,ERR,ERR,ERR,ERR,ERR,ERR,ERR,ERR,ERR,ERR,ERR,ERR,ERR,ERR,ERR,ERR,ERR,ERR,ERR,ERR,ERR,ERR,ERR,ERR,ERR,ERR,ERR,ERR,ERR,ERR,ERR,ERR,ERR,ERR,ERR,ERR,ERR,ERR,ERR,ERR,ERR,ERR,ERR,ERR,ERR,ERR,ERR,ERR,ERR,ERR,ERR,ERR,ERR,ERR,ERR,ERR,ERR,ERR,ERR,ERR,ERR,ERR,ERR,ERR,ERR,34.0,80.0,35,0.0,0.0,0.0,0.0,0.0,0.0,0.0,0.0,0.0,0.0,0.0,0.0,0.0,0.0,0.0,0.0,65.6,0,120,58,53,65476,0,300,0,0,8,20529,65476,0,0,57672,80.0,0.0,0.0,0.0,0.0,0.0
2026-06-18T02:44:19,ERR,ERR,ERR,ERR,ERR,ERR,ERR,ERR,ERR,ERR,ERR,ERR,ERR,ERR,ERR,ERR,ERR,ERR,ERR,ERR,ERR,ERR,ERR,ERR,ERR,ERR,ERR,ERR,ERR,ERR,ERR,ERR,ERR,ERR,ERR,ERR,ERR,ERR,ERR,ERR,ERR,ERR,ERR,ERR,ERR,ERR,ERR,ERR,ERR,ERR,ERR,ERR,ERR,ERR,ERR,ERR,ERR,ERR,ERR,ERR,ERR,ERR,ERR,ERR,ERR,ERR,ERR,ERR,ERR,ERR,ERR,ERR,ERR,ERR,ERR,ERR,ERR,ERR,ERR,ERR,ERR,ERR,ERR,ERR,ERR,ERR,ERR,ERR,ERR,ERR,ERR,ERR,ERR,ERR,ERR,ERR,ERR,ERR,ERR,ERR,ERR,ERR,ERR,ERR,ERR,ERR,ERR,ERR,ERR,ERR,ERR,ERR,ERR,ERR,ERR,ERR,ERR,ERR,ERR,ERR,ERR,ERR,ERR,ERR,ERR,0.0,0.0,-0.0,-0.0,nan,1.3936040501711995e+18,7.805,-0.0,0,0,4,48952,6720,14723890282496.0,100,0.0,0.0,0.0,-0.0,0.0,0,0,0,0,0.0,0,0,0,0,0,0,0,0,0,0,0,0,0,0,0,0,0,0,0,0,0,0,0,0,0,0,0,0,0,0,0,0,0,26,51,50,76,65476,0,300,0,0,8,21553,0.0,-107605600.0,0.0,0.0,0.0,0.0,0.0,0.0,0.0,0.0,0.0,0.0,0.0,0.0,0.0,0.0,0.0,0.0,0.0,0.0,0.0,0.0,-0.0,0.0,-2.004,-0.0,0.0,0.0,0.0,0.0,4799.0,-1.0406645142989446e+34,7295.0,0.0,0.0,-0.0,2.718431101732002e+23,0.0,0.0,0.0,0.0,77,-3.2220289616203523e+26,-4.950398036242045e+32,0.0,0.0,0.0,0.0,0.0,0.0,0.0,0,0,0,0.0,0.0,0.0,0.0,0.0,0.0,0.0,0.0,0.0,0.0,0.0,0.0,0.0,0.0,0.0,0.0,0,-107875648.0,77,0.0,154,0.0,0.0,ERR,ERR,ERR,ERR,ERR,ERR,ERR,ERR,ERR,ERR,ERR,ERR,ERR,ERR,ERR,ERR,ERR,ERR,ERR,ERR,ERR,ERR,ERR,ERR,ERR,ERR,ERR,ERR,ERR,ERR,ERR,ERR,ERR,ERR,ERR,ERR,ERR,ERR,ERR,ERR,ERR,ERR,ERR,ERR,ERR,ERR,ERR,ERR,ERR,ERR,ERR,ERR,ERR,ERR,ERR,ERR,ERR,ERR,ERR,ERR,ERR,ERR,ERR,ERR,ERR,ERR,ERR,34.0,80.0,35,0.0,0.0,0.0,0.0,0.0,0.0,0.0,0.0,0.0,0.0,0.0,0.0,0.0,0.0,0.0,0.0,65.6,0,120,58,53,65476,0,300,0,0,8,20529,65476,0,0,57672,80.0,0.0,0.0,0.0,0.0,0.0
2026-06-18T02:44:20,ERR,ERR,ERR,ERR,ERR,ERR,ERR,ERR,ERR,ERR,ERR,ERR,ERR,ERR,ERR,ERR,ERR,ERR,ERR,ERR,ERR,ERR,ERR,ERR,ERR,ERR,ERR,ERR,ERR,ERR,ERR,ERR,ERR,ERR,ERR,ERR,ERR,ERR,ERR,ERR,ERR,ERR,ERR,ERR,ERR,ERR,ERR,ERR,ERR,ERR,ERR,ERR,ERR,ERR,ERR,ERR,ERR,ERR,ERR,ERR,ERR,ERR,ERR,ERR,ERR,ERR,ERR,ERR,ERR,ERR,ERR,ERR,ERR,ERR,ERR,ERR,ERR,ERR,ERR,ERR,ERR,ERR,ERR,ERR,ERR,ERR,ERR,ERR,ERR,ERR,ERR,ERR,ERR,ERR,ERR,ERR,ERR,ERR,ERR,ERR,ERR,ERR,ERR,ERR,ERR,ERR,ERR,ERR,ERR,ERR,ERR,ERR,ERR,ERR,ERR,ERR,ERR,ERR,ERR,ERR,ERR,ERR,ERR,ERR,ERR,0.0,0.0,-0.0,-0.0,nan,1.3936040501711995e+18,7.805,-0.0,0,0,4,48952,6720,14723890282496.0,100,0.0,0.0,0.0,-0.0,0.0,0,0,0,0,0.0,0,0,0,0,0,0,0,0,0,0,0,0,0,0,0,0,0,0,0,0,0,0,0,0,0,0,0,0,0,0,0,0,0,26,51,50,76,65476,0,300,0,0,8,21553,0.0,-107605600.0,0.0,0.0,0.0,0.0,0.0,0.0,0.0,0.0,0.0,0.0,0.0,0.0,0.0,0.0,0.0,0.0,0.0,0.0,0.0,0.0,-0.0,0.0,-2.004,-0.0,0.0,0.0,0.0,0.0,4799.0,-1.0406645142989446e+34,7295.0,0.0,0.0,-0.0,2.718431101732002e+23,0.0,0.0,0.0,0.0,77,-3.2220289616203523e+26,-4.950398036242045e+32,0.0,0.0,0.0,0.0,0.0,0.0,0.0,0,0,0,0.0,0.0,0.0,0.0,0.0,0.0,0.0,0.0,0.0,0.0,0.0,0.0,0.0,0.0,0.0,0.0,0,-107875648.0,77,0.0,154,0.0,0.0,ERR,ERR,ERR,ERR,ERR,ERR,ERR,ERR,ERR,ERR,ERR,ERR,ERR,ERR,ERR,ERR,ERR,ERR,ERR,ERR,ERR,ERR,ERR,ERR,ERR,ERR,ERR,ERR,ERR,ERR,ERR,ERR,ERR,ERR,ERR,ERR,ERR,ERR,ERR,ERR,ERR,ERR,ERR,ERR,ERR,ERR,ERR,ERR,ERR,ERR,ERR,ERR,ERR,ERR,ERR,ERR,ERR,ERR,ERR,ERR,ERR,ERR,ERR,ERR,ERR,ERR,ERR,34.0,80.0,35,0.0,0.0,0.0,0.0,0.0,0.0,0.0,0.0,0.0,0.0,0.0,0.0,0.0,0.0,0.0,0.0,65.6,0,120,58,53,65476,0,300,0,0,8,20529,65476,0,0,57672,80.0,0.0,0.0,0.0,0.0,0.0
2026-06-18T02:44:21,ERR,ERR,ERR,ERR,ERR,ERR,ERR,ERR,ERR,ERR,ERR,ERR,ERR,ERR,ERR,ERR,ERR,ERR,ERR,ERR,ERR,ERR,ERR,ERR,ERR,ERR,ERR,ERR,ERR,ERR,ERR,ERR,ERR,ERR,ERR,ERR,ERR,ERR,ERR,ERR,ERR,ERR,ERR,ERR,ERR,ERR,ERR,ERR,ERR,ERR,ERR,ERR,ERR,ERR,ERR,ERR,ERR,ERR,ERR,ERR,ERR,ERR,ERR,ERR,ERR,ERR,ERR,ERR,ERR,ERR,ERR,ERR,ERR,ERR,ERR,ERR,ERR,ERR,ERR,ERR,ERR,ERR,ERR,ERR,ERR,ERR,ERR,ERR,ERR,ERR,ERR,ERR,ERR,ERR,ERR,ERR,ERR,ERR,ERR,ERR,ERR,ERR,ERR,ERR,ERR,ERR,ERR,ERR,ERR,ERR,ERR,ERR,ERR,ERR,ERR,ERR,ERR,ERR,ERR,ERR,ERR,ERR,ERR,ERR,ERR,0.0,0.0,-0.0,-0.0,nan,1.3936040501711995e+18,7.805,-0.0,0,0,4,48950,6720,14723890282496.0,100,0.0,0.0,0.0,-0.0,0.0,0,0,0,0,0.0,0,0,0,0,0,0,0,0,0,0,0,0,0,0,0,0,0,0,0,0,0,0,0,0,0,0,0,0,0,0,0,0,0,26,51,50,76,65476,0,300,0,0,8,21553,0.0,-107605600.0,0.0,0.0,0.0,0.0,0.0,0.0,0.0,0.0,0.0,0.0,0.0,0.0,0.0,0.0,0.0,0.0,0.0,0.0,0.0,0.0,-0.0,0.0,-2.004,-0.0,0.0,0.0,0.0,0.0,4829.0,0.0,7268.0,0.0,0.0,-0.0,2.718431101732002e+23,0.0,0.0,0.0,0.0,77,-4.0668804810561766e+29,0.0,0.0,0.0,0.0,0.0,0.0,0.0,0.0,0,0,0,0.0,0.0,0.0,0.0,0.0,0.0,0.0,0.0,0.0,0.0,0.0,0.0,0.0,0.0,0.0,0.0,0,-107875648.0,77,0.0,154,0.0,0.0,ERR,ERR,ERR,ERR,ERR,ERR,ERR,ERR,ERR,ERR,ERR,ERR,ERR,ERR,ERR,ERR,ERR,ERR,ERR,ERR,ERR,ERR,ERR,ERR,ERR,ERR,ERR,ERR,ERR,ERR,ERR,ERR,ERR,ERR,ERR,ERR,ERR,ERR,ERR,ERR,ERR,ERR,ERR,ERR,ERR,ERR,ERR,ERR,ERR,ERR,ERR,ERR,ERR,ERR,ERR,ERR,ERR,ERR,ERR,ERR,ERR,ERR,ERR,ERR,ERR,ERR,ERR,34.0,80.0,35,0.0,0.0,0.0,0.0,0.0,0.0,0.0,0.0,0.0,0.0,0.0,0.0,0.0,0.0,0.0,0.0,66.4,0,120,58,53,65476,0,300,0,0,8,20529,65476,0,0,57672,80.0,0.0,0.0,0.0,0.0,0.0
2026-06-18T02:44:22,ERR,ERR,ERR,ERR,ERR,ERR,ERR,ERR,ERR,ERR,ERR,ERR,ERR,ERR,ERR,ERR,ERR,ERR,ERR,ERR,ERR,ERR,ERR,ERR,ERR,ERR,ERR,ERR,ERR,ERR,ERR,ERR,ERR,ERR,ERR,ERR,ERR,ERR,ERR,ERR,ERR,ERR,ERR,ERR,ERR,ERR,ERR,ERR,ERR,ERR,ERR,ERR,ERR,ERR,ERR,ERR,ERR,ERR,ERR,ERR,ERR,ERR,ERR,ERR,ERR,ERR,ERR,ERR,ERR,ERR,ERR,ERR,ERR,ERR,ERR,ERR,ERR,ERR,ERR,ERR,ERR,ERR,ERR,ERR,ERR,ERR,ERR,ERR,ERR,ERR,ERR,ERR,ERR,ERR,ERR,ERR,ERR,ERR,ERR,ERR,ERR,ERR,ERR,ERR,ERR,ERR,ERR,ERR,ERR,ERR,ERR,ERR,ERR,ERR,ERR,ERR,ERR,ERR,ERR,ERR,ERR,ERR,ERR,ERR,ERR,0.0,0.0,-0.0,-0.0,nan,1.3936040501711995e+18,7.805,-0.0,0,0,4,48950,6720,14723890282496.0,100,0.0,0.0,0.0,-0.0,0.0,0,0,0,0,0.0,0,0,0,0,0,0,0,0,0,0,0,0,0,0,0,0,0,0,0,0,0,0,0,0,0,0,0,0,0,0,0,0,0,26,51,50,76,65476,0,300,0,0,8,21553,0.0,-107605600.0,0.0,0.0,0.0,0.0,0.0,0.0,0.0,0.0,0.0,0.0,0.0,0.0,0.0,0.0,0.0,0.0,0.0,0.0,0.0,0.0,-0.0,0.0,-2.004,-0.0,0.0,0.0,0.0,0.0,4829.0,0.0,7268.0,0.0,0.0,-0.0,2.718431101732002e+23,0.0,0.0,0.0,0.0,77,-4.0668804810561766e+29,0.0,0.0,0.0,0.0,0.0,0.0,0.0,0.0,0,0,0,0.0,0.0,0.0,0.0,0.0,0.0,0.0,0.0,0.0,0.0,0.0,0.0,0.0,0.0,0.0,0.0,0,-107875648.0,77,0.0,154,0.0,0.0,ERR,ERR,ERR,ERR,ERR,ERR,ERR,ERR,ERR,ERR,ERR,ERR,ERR,ERR,ERR,ERR,ERR,ERR,ERR,ERR,ERR,ERR,ERR,ERR,ERR,ERR,ERR,ERR,ERR,ERR,ERR,ERR,ERR,ERR,ERR,ERR,ERR,ERR,ERR,ERR,ERR,ERR,ERR,ERR,ERR,ERR,ERR,ERR,ERR,ERR,ERR,ERR,ERR,ERR,ERR,ERR,ERR,ERR,ERR,ERR,ERR,ERR,ERR,ERR,ERR,ERR,ERR,34.0,80.0,35,0.0,0.0,0.0,0.0,0.0,0.0,0.0,0.0,0.0,0.0,0.0,0.0,0.0,0.0,0.0,0.0,66.4,0,120,58,53,65476,0,300,0,0,8,20529,65476,0,0,57672,80.0,0.0,0.0,0.0,0.0,0.0
2026-06-18T02:44:23,ERR,ERR,ERR,ERR,ERR,ERR,ERR,ERR,ERR,ERR,ERR,ERR,ERR,ERR,ERR,ERR,ERR,ERR,ERR,ERR,ERR,ERR,ERR,ERR,ERR,ERR,ERR,ERR,ERR,ERR,ERR,ERR,ERR,ERR,ERR,ERR,ERR,ERR,ERR,ERR,ERR,ERR,ERR,ERR,ERR,ERR,ERR,ERR,ERR,ERR,ERR,ERR,ERR,ERR,ERR,ERR,ERR,ERR,ERR,ERR,ERR,ERR,ERR,ERR,ERR,ERR,ERR,ERR,ERR,ERR,ERR,ERR,ERR,ERR,ERR,ERR,ERR,ERR,ERR,ERR,ERR,ERR,ERR,ERR,ERR,ERR,ERR,ERR,ERR,ERR,ERR,ERR,ERR,ERR,ERR,ERR,ERR,ERR,ERR,ERR,ERR,ERR,ERR,ERR,ERR,ERR,ERR,ERR,ERR,ERR,ERR,ERR,ERR,ERR,ERR,ERR,ERR,ERR,ERR,ERR,ERR,ERR,ERR,ERR,ERR,0.0,0.0,-0.0,-0.0,nan,1.3936040501711995e+18,7.805,-0.0,0,0,4,48950,6720,14723890282496.0,100,0.0,0.0,0.0,-0.0,0.0,0,0,0,0,0.0,0,0,0,0,0,0,0,0,0,0,0,0,0,0,0,0,0,0,0,0,0,0,0,0,0,0,0,0,0,0,0,0,0,26,51,50,76,65476,0,300,0,0,8,21553,0.0,-107605600.0,0.0,0.0,0.0,0.0,0.0,0.0,0.0,0.0,0.0,0.0,0.0,0.0,0.0,0.0,0.0,0.0,0.0,0.0,0.0,0.0,-0.0,0.0,-2.004,-0.0,0.0,0.0,0.0,0.0,4829.0,0.0,7268.0,0.0,0.0,-0.0,2.718431101732002e+23,0.0,0.0,0.0,0.0,77,-4.0668804810561766e+29,0.0,0.0,0.0,0.0,0.0,0.0,0.0,0.0,0,0,0,0.0,0.0,0.0,0.0,0.0,0.0,0.0,0.0,0.0,0.0,0.0,0.0,0.0,0.0,0.0,0.0,0,-107875648.0,77,0.0,154,0.0,0.0,ERR,ERR,ERR,ERR,ERR,ERR,ERR,ERR,ERR,ERR,ERR,ERR,ERR,ERR,ERR,ERR,ERR,ERR,ERR,ERR,ERR,ERR,ERR,ERR,ERR,ERR,ERR,ERR,ERR,ERR,ERR,ERR,ERR,ERR,ERR,ERR,ERR,ERR,ERR,ERR,ERR,ERR,ERR,ERR,ERR,ERR,ERR,ERR,ERR,ERR,ERR,ERR,ERR,ERR,ERR,ERR,ERR,ERR,ERR,ERR,ERR,ERR,ERR,ERR,ERR,ERR,ERR,34.0,80.0,35,0.0,0.0,0.0,0.0,0.0,0.0,0.0,0.0,0.0,0.0,0.0,0.0,0.0,0.0,0.0,0.0,65.6,0,120,58,53,65476,0,300,0,0,8,20529,65476,0,0,57672,80.0,0.0,0.0,0.0,0.0,0.0
2026-06-18T02:44:24,ERR,ERR,ERR,ERR,ERR,ERR,ERR,ERR,ERR,ERR,ERR,ERR,ERR,ERR,ERR,ERR,ERR,ERR,ERR,ERR,ERR,ERR,ERR,ERR,ERR,ERR,ERR,ERR,ERR,ERR,ERR,ERR,ERR,ERR,ERR,ERR,ERR,ERR,ERR,ERR,ERR,ERR,ERR,ERR,ERR,ERR,ERR,ERR,ERR,ERR,ERR,ERR,ERR,ERR,ERR,ERR,ERR,ERR,ERR,ERR,ERR,ERR,ERR,ERR,ERR,ERR,ERR,ERR,ERR,ERR,ERR,ERR,ERR,ERR,ERR,ERR,ERR,ERR,ERR,ERR,ERR,ERR,ERR,ERR,ERR,ERR,ERR,ERR,ERR,ERR,ERR,ERR,ERR,ERR,ERR,ERR,ERR,ERR,ERR,ERR,ERR,ERR,ERR,ERR,ERR,ERR,ERR,ERR,ERR,ERR,ERR,ERR,ERR,ERR,ERR,ERR,ERR,ERR,ERR,ERR,ERR,ERR,ERR,ERR,ERR,0.0,0.0,-0.0,-0.0,nan,1.3936040501711995e+18,7.805,-0.0,0,0,4,48950,6720,14723890282496.0,100,0.0,0.0,0.0,-0.0,0.0,0,0,0,0,0.0,0,0,0,0,0,0,0,0,0,0,0,0,0,0,0,0,0,0,0,0,0,0,0,0,0,0,0,0,0,0,0,0,0,26,51,50,76,65476,0,300,0,0,8,21553,0.0,-107605600.0,0.0,0.0,0.0,0.0,0.0,0.0,0.0,0.0,0.0,0.0,0.0,0.0,0.0,0.0,0.0,0.0,0.0,0.0,0.0,0.0,-0.0,0.0,-2.004,-0.0,0.0,0.0,0.0,0.0,4829.0,0.0,7268.0,0.0,0.0,-0.0,2.718431101732002e+23,0.0,0.0,0.0,0.0,77,-4.0668804810561766e+29,0.0,0.0,0.0,0.0,0.0,0.0,0.0,0.0,0,0,0,0.0,0.0,0.0,0.0,0.0,0.0,0.0,0.0,0.0,0.0,0.0,0.0,0.0,0.0,0.0,0.0,0,-107875648.0,77,0.0,154,0.0,0.0,ERR,ERR,ERR,ERR,ERR,ERR,ERR,ERR,ERR,ERR,ERR,ERR,ERR,ERR,ERR,ERR,ERR,ERR,ERR,ERR,ERR,ERR,ERR,ERR,ERR,ERR,ERR,ERR,ERR,ERR,ERR,ERR,ERR,ERR,ERR,ERR,ERR,ERR,ERR,ERR,ERR,ERR,ERR,ERR,ERR,ERR,ERR,ERR,ERR,ERR,ERR,ERR,ERR,ERR,ERR,ERR,ERR,ERR,ERR,ERR,ERR,ERR,ERR,ERR,ERR,ERR,ERR,34.0,80.0,35,0.0,0.0,0.0,0.0,0.0,0.0,0.0,0.0,0.0,0.0,0.0,0.0,0.0,0.0,0.0,0.0,65.6,0,120,58,53,65476,0,300,0,0,8,20529,65476,0,0,57672,80.0,0.0,0.0,0.0,0.0,0.0
2026-06-18T02:44:25,ERR,ERR,ERR,ERR,ERR,ERR,ERR,ERR,ERR,ERR,ERR,ERR,ERR,ERR,ERR,ERR,ERR,ERR,ERR,ERR,ERR,ERR,ERR,ERR,ERR,ERR,ERR,ERR,ERR,ERR,ERR,ERR,ERR,ERR,ERR,ERR,ERR,ERR,ERR,ERR,ERR,ERR,ERR,ERR,ERR,ERR,ERR,ERR,ERR,ERR,ERR,ERR,ERR,ERR,ERR,ERR,ERR,ERR,ERR,ERR,ERR,ERR,ERR,ERR,ERR,ERR,ERR,ERR,ERR,ERR,ERR,ERR,ERR,ERR,ERR,ERR,ERR,ERR,ERR,ERR,ERR,ERR,ERR,ERR,ERR,ERR,ERR,ERR,ERR,ERR,ERR,ERR,ERR,ERR,ERR,ERR,ERR,ERR,ERR,ERR,ERR,ERR,ERR,ERR,ERR,ERR,ERR,ERR,ERR,ERR,ERR,ERR,ERR,ERR,ERR,ERR,ERR,ERR,ERR,ERR,ERR,ERR,ERR,ERR,ERR,0.0,0.0,-0.0,-0.0,nan,1.3936040501711995e+18,7.805,-0.0,0,0,4,48950,6720,14723890282496.0,100,0.0,0.0,0.0,-0.0,0.0,0,0,0,0,0.0,0,0,0,0,0,0,0,0,0,0,0,0,0,0,0,0,0,0,0,0,0,0,0,0,0,0,0,0,0,0,0,0,0,26,51,50,76,65476,0,300,0,0,8,21553,0.0,-107605600.0,0.0,0.0,0.0,0.0,0.0,0.0,0.0,0.0,0.0,0.0,0.0,0.0,0.0,0.0,0.0,0.0,0.0,0.0,0.0,0.0,-0.0,0.0,-2.004,-0.0,0.0,0.0,0.0,0.0,4829.0,0.0,7268.0,0.0,0.0,-0.0,2.718431101732002e+23,0.0,0.0,0.0,0.0,77,-4.0668804810561766e+29,0.0,0.0,0.0,0.0,0.0,0.0,0.0,0.0,0,0,0,0.0,0.0,0.0,0.0,0.0,0.0,0.0,0.0,0.0,0.0,0.0,0.0,0.0,0.0,0.0,0.0,0,-107875648.0,77,0.0,154,0.0,0.0,ERR,ERR,ERR,ERR,ERR,ERR,ERR,ERR,ERR,ERR,ERR,ERR,ERR,ERR,ERR,ERR,ERR,ERR,ERR,ERR,ERR,ERR,ERR,ERR,ERR,ERR,ERR,ERR,ERR,ERR,ERR,ERR,ERR,ERR,ERR,ERR,ERR,ERR,ERR,ERR,ERR,ERR,ERR,ERR,ERR,ERR,ERR,ERR,ERR,ERR,ERR,ERR,ERR,ERR,ERR,ERR,ERR,ERR,ERR,ERR,ERR,ERR,ERR,ERR,ERR,ERR,ERR,34.0,80.0,35,0.0,0.0,0.0,0.0,0.0,0.0,0.0,0.0,0.0,0.0,0.0,0.0,0.0,0.0,0.0,0.0,65.6,0,120,58,53,65476,0,300,0,0,8,20529,65476,0,0,57672,80.0,0.0,0.0,0.0,0.0,0.0
2026-06-18T02:44:26,ERR,ERR,ERR,ERR,ERR,ERR,ERR,ERR,ERR,ERR,ERR,ERR,ERR,ERR,ERR,ERR,ERR,ERR,ERR,ERR,ERR,ERR,ERR,ERR,ERR,ERR,ERR,ERR,ERR,ERR,ERR,ERR,ERR,ERR,ERR,ERR,ERR,ERR,ERR,ERR,ERR,ERR,ERR,ERR,ERR,ERR,ERR,ERR,ERR,ERR,ERR,ERR,ERR,ERR,ERR,ERR,ERR,ERR,ERR,ERR,ERR,ERR,ERR,ERR,ERR,ERR,ERR,ERR,ERR,ERR,ERR,ERR,ERR,ERR,ERR,ERR,ERR,ERR,ERR,ERR,ERR,ERR,ERR,ERR,ERR,ERR,ERR,ERR,ERR,ERR,ERR,ERR,ERR,ERR,ERR,ERR,ERR,ERR,ERR,ERR,ERR,ERR,ERR,ERR,ERR,ERR,ERR,ERR,ERR,ERR,ERR,ERR,ERR,ERR,ERR,ERR,ERR,ERR,ERR,ERR,ERR,ERR,ERR,ERR,ERR,2.7184312818759872e+23,0.0,0.0,-4.9501291711397626e+32,1.592,1.3936040501711995e+18,7.805,0.0,0,0,4,48932,6720,14723890282496.0,100,0.0,0.0,0.0,-4.9501291711397626e+32,0.0,0,0,0,0,0.0,0,0,0,0,0,0,0,0,0,0,0,0,0,0,0,0,0,0,0,0,0,0,0,0,0,0,0,0,0,0,0,0,0,26,51,50,76,65476,0,300,0,0,8,21553,0.0,-107605600.0,0.0,0.0,0.0,0.0,0.0,0.0,0.0,0.0,0.0,0.0,0.0,0.0,0.0,0.0,0.0,0.0,0.0,0.0,0.0,0.0,-2.004,0.0,-0.0,-0.0,0.0,0.0,0.0,0.0,4831.0,0.0,7270.0,2.7184312818759872e+23,0.0,-0.0,2.718431101732002e+23,0.0,0.0,0.0,0.0,77,-5.848083809157084e+35,0.059,0.0,0.0,0.0,0.0,0.0,0.0,0.0,0,0,0,0.0,0.0,0.0,0.0,0.0,0.0,0.0,0.0,0.0,0.0,0.0,0.0,0.0,0.0,0.0,0.0,0,-107875648.0,77,0.0,154,0.0,0.0,ERR,ERR,ERR,ERR,ERR,ERR,ERR,ERR,ERR,ERR,ERR,ERR,ERR,ERR,ERR,ERR,ERR,ERR,ERR,ERR,ERR,ERR,ERR,ERR,ERR,ERR,ERR,ERR,ERR,ERR,ERR,ERR,ERR,ERR,ERR,ERR,ERR,ERR,ERR,ERR,ERR,ERR,ERR,ERR,ERR,ERR,ERR,ERR,ERR,ERR,ERR,ERR,ERR,ERR,ERR,ERR,ERR,ERR,ERR,ERR,ERR,ERR,ERR,ERR,ERR,ERR,ERR,34.0,80.0,35,0.0,0.0,0.0,0.0,0.0,0.0,0.0,0.0,0.0,0.0,0.0,0.0,0.0,0.0,0.0,0.0,66.0,0,120,58,53,65476,0,300,0,0,8,20529,65476,0,0,57672,80.0,0.0,0.0,0.0,0.0,0.0
2026-06-18T02:44:27,ERR,ERR,ERR,ERR,ERR,ERR,ERR,ERR,ERR,ERR,ERR,ERR,ERR,ERR,ERR,ERR,ERR,ERR,ERR,ERR,ERR,ERR,ERR,ERR,ERR,ERR,ERR,ERR,ERR,ERR,ERR,ERR,ERR,ERR,ERR,ERR,ERR,ERR,ERR,ERR,ERR,ERR,ERR,ERR,ERR,ERR,ERR,ERR,ERR,ERR,ERR,ERR,ERR,ERR,ERR,ERR,ERR,ERR,ERR,ERR,ERR,ERR,ERR,ERR,ERR,ERR,ERR,ERR,ERR,ERR,ERR,ERR,ERR,ERR,ERR,ERR,ERR,ERR,ERR,ERR,ERR,ERR,ERR,ERR,ERR,ERR,ERR,ERR,ERR,ERR,ERR,ERR,ERR,ERR,ERR,ERR,ERR,ERR,ERR,ERR,ERR,ERR,ERR,ERR,ERR,ERR,ERR,ERR,ERR,ERR,ERR,ERR,ERR,ERR,ERR,ERR,ERR,ERR,ERR,ERR,ERR,ERR,ERR,ERR,ERR,2.7184312818759872e+23,0.0,0.0,-4.9501291711397626e+32,1.592,1.3936040501711995e+18,7.805,0.0,0,0,4,48932,6720,14723890282496.0,100,0.0,0.0,0.0,-4.9501291711397626e+32,0.0,0,0,0,0,0.0,0,0,0,0,0,0,0,0,0,0,0,0,0,0,0,0,0,0,0,0,0,0,0,0,0,0,0,0,0,0,0,0,0,26,51,50,76,65476,0,300,0,0,8,21553,0.0,-107605600.0,0.0,0.0,0.0,0.0,0.0,0.0,0.0,0.0,0.0,0.0,0.0,0.0,0.0,0.0,0.0,0.0,0.0,0.0,0.0,0.0,-2.004,0.0,-0.0,-0.0,0.0,0.0,0.0,0.0,4831.0,0.0,7270.0,2.7184312818759872e+23,0.0,-0.0,2.718431101732002e+23,0.0,0.0,0.0,0.0,77,-5.848083809157084e+35,0.059,0.0,0.0,0.0,0.0,0.0,0.0,0.0,0,0,0,0.0,0.0,0.0,0.0,0.0,0.0,0.0,0.0,0.0,0.0,0.0,0.0,0.0,0.0,0.0,0.0,0,-107875648.0,77,0.0,154,0.0,0.0,ERR,ERR,ERR,ERR,ERR,ERR,ERR,ERR,ERR,ERR,ERR,ERR,ERR,ERR,ERR,ERR,ERR,ERR,ERR,ERR,ERR,ERR,ERR,ERR,ERR,ERR,ERR,ERR,ERR,ERR,ERR,ERR,ERR,ERR,ERR,ERR,ERR,ERR,ERR,ERR,ERR,ERR,ERR,ERR,ERR,ERR,ERR,ERR,ERR,ERR,ERR,ERR,ERR,ERR,ERR,ERR,ERR,ERR,ERR,ERR,ERR,ERR,ERR,ERR,ERR,ERR,ERR,34.0,80.0,35,0.0,0.0,0.0,0.0,0.0,0.0,0.0,0.0,0.0,0.0,0.0,0.0,0.0,0.0,0.0,0.0,66.0,0,120,58,53,65476,0,300,0,0,8,20529,65476,0,0,57672,80.0,0.0,0.0,0.0,0.0,0.0
2026-06-18T02:44:28,ERR,ERR,ERR,ERR,ERR,ERR,ERR,ERR,ERR,ERR,ERR,ERR,ERR,ERR,ERR,ERR,ERR,ERR,ERR,ERR,ERR,ERR,ERR,ERR,ERR,ERR,ERR,ERR,ERR,ERR,ERR,ERR,ERR,ERR,ERR,ERR,ERR,ERR,ERR,ERR,ERR,ERR,ERR,ERR,ERR,ERR,ERR,ERR,ERR,ERR,ERR,ERR,ERR,ERR,ERR,ERR,ERR,ERR,ERR,ERR,ERR,ERR,ERR,ERR,ERR,ERR,ERR,ERR,ERR,ERR,ERR,ERR,ERR,ERR,ERR,ERR,ERR,ERR,ERR,ERR,ERR,ERR,ERR,ERR,ERR,ERR,ERR,ERR,ERR,ERR,ERR,ERR,ERR,ERR,ERR,ERR,ERR,ERR,ERR,ERR,ERR,ERR,ERR,ERR,ERR,ERR,ERR,ERR,ERR,ERR,ERR,ERR,ERR,ERR,ERR,ERR,ERR,ERR,ERR,ERR,ERR,ERR,ERR,ERR,ERR,2.7184312818759872e+23,0.0,0.0,-4.9501291711397626e+32,1.592,1.3936040501711995e+18,7.805,0.0,0,0,4,48932,6720,14723890282496.0,100,0.0,0.0,0.0,-4.9501291711397626e+32,0.0,0,0,0,0,0.0,0,0,0,0,0,0,0,0,0,0,0,0,0,0,0,0,0,0,0,0,0,0,0,0,0,0,0,0,0,0,0,0,0,26,51,50,76,65476,0,300,0,0,8,21553,0.0,-107605600.0,0.0,0.0,0.0,0.0,0.0,0.0,0.0,0.0,0.0,0.0,0.0,0.0,0.0,0.0,0.0,0.0,0.0,0.0,0.0,0.0,-2.004,0.0,-0.0,-0.0,0.0,0.0,0.0,0.0,4831.0,0.0,7270.0,2.7184312818759872e+23,0.0,-0.0,2.718431101732002e+23,0.0,0.0,0.0,0.0,77,-5.848083809157084e+35,0.059,0.0,0.0,0.0,0.0,0.0,0.0,0.0,0,0,0,0.0,0.0,0.0,0.0,0.0,0.0,0.0,0.0,0.0,0.0,0.0,0.0,0.0,0.0,0.0,0.0,0,-107875648.0,77,0.0,154,0.0,0.0,ERR,ERR,ERR,ERR,ERR,ERR,ERR,ERR,ERR,ERR,ERR,ERR,ERR,ERR,ERR,ERR,ERR,ERR,ERR,ERR,ERR,ERR,ERR,ERR,ERR,ERR,ERR,ERR,ERR,ERR,ERR,ERR,ERR,ERR,ERR,ERR,ERR,ERR,ERR,ERR,ERR,ERR,ERR,ERR,ERR,ERR,ERR,ERR,ERR,ERR,ERR,ERR,ERR,ERR,ERR,ERR,ERR,ERR,ERR,ERR,ERR,ERR,ERR,ERR,ERR,ERR,ERR,34.0,80.0,35,0.0,0.0,0.0,0.0,0.0,0.0,0.0,0.0,0.0,0.0,0.0,0.0,0.0,0.0,0.0,0.0,65.6,0,120,58,53,65476,0,300,0,0,8,20529,65476,0,0,57672,80.0,0.0,0.0,0.0,0.0,0.0
2026-06-18T02:44:29,ERR,ERR,ERR,ERR,ERR,ERR,ERR,ERR,ERR,ERR,ERR,ERR,ERR,ERR,ERR,ERR,ERR,ERR,ERR,ERR,ERR,ERR,ERR,ERR,ERR,ERR,ERR,ERR,ERR,ERR,ERR,ERR,ERR,ERR,ERR,ERR,ERR,ERR,ERR,ERR,ERR,ERR,ERR,ERR,ERR,ERR,ERR,ERR,ERR,ERR,ERR,ERR,ERR,ERR,ERR,ERR,ERR,ERR,ERR,ERR,ERR,ERR,ERR,ERR,ERR,ERR,ERR,ERR,ERR,ERR,ERR,ERR,ERR,ERR,ERR,ERR,ERR,ERR,ERR,ERR,ERR,ERR,ERR,ERR,ERR,ERR,ERR,ERR,ERR,ERR,ERR,ERR,ERR,ERR,ERR,ERR,ERR,ERR,ERR,ERR,ERR,ERR,ERR,ERR,ERR,ERR,ERR,ERR,ERR,ERR,ERR,ERR,ERR,ERR,ERR,ERR,ERR,ERR,ERR,ERR,ERR,ERR,ERR,ERR,ERR,2.7184312818759872e+23,0.0,0.0,-4.9501291711397626e+32,1.592,1.3936040501711995e+18,7.805,0.0,0,0,4,48932,6720,14723890282496.0,100,0.0,0.0,0.0,-4.9501291711397626e+32,0.0,0,0,0,0,0.0,0,0,0,0,0,0,0,0,0,0,0,0,0,0,0,0,0,0,0,0,0,0,0,0,0,0,0,0,0,0,0,0,0,26,51,50,76,65476,0,300,0,0,8,21553,0.0,-107605600.0,0.0,0.0,0.0,0.0,0.0,0.0,0.0,0.0,0.0,0.0,0.0,0.0,0.0,0.0,0.0,0.0,0.0,0.0,0.0,0.0,-2.004,0.0,-0.0,-0.0,0.0,0.0,0.0,0.0,4831.0,0.0,7270.0,2.7184312818759872e+23,0.0,-0.0,2.718431101732002e+23,0.0,0.0,0.0,0.0,77,-5.848083809157084e+35,0.059,0.0,0.0,0.0,0.0,0.0,0.0,0.0,0,0,0,0.0,0.0,0.0,0.0,0.0,0.0,0.0,0.0,0.0,0.0,0.0,0.0,0.0,0.0,0.0,0.0,0,-107875648.0,77,0.0,154,0.0,0.0,ERR,ERR,ERR,ERR,ERR,ERR,ERR,ERR,ERR,ERR,ERR,ERR,ERR,ERR,ERR,ERR,ERR,ERR,ERR,ERR,ERR,ERR,ERR,ERR,ERR,ERR,ERR,ERR,ERR,ERR,ERR,ERR,ERR,ERR,ERR,ERR,ERR,ERR,ERR,ERR,ERR,ERR,ERR,ERR,ERR,ERR,ERR,ERR,ERR,ERR,ERR,ERR,ERR,ERR,ERR,ERR,ERR,ERR,ERR,ERR,ERR,ERR,ERR,ERR,ERR,ERR,ERR,34.0,80.0,35,0.0,0.0,0.0,0.0,0.0,0.0,0.0,0.0,0.0,0.0,0.0,0.0,0.0,0.0,0.0,0.0,65.6,0,120,58,53,65476,0,300,0,0,8,20529,65476,0,0,57672,80.0,0.0,0.0,0.0,0.0,0.0
2026-06-18T02:44:30,ERR,ERR,ERR,ERR,ERR,ERR,ERR,ERR,ERR,ERR,ERR,ERR,ERR,ERR,ERR,ERR,ERR,ERR,ERR,ERR,ERR,ERR,ERR,ERR,ERR,ERR,ERR,ERR,ERR,ERR,ERR,ERR,ERR,ERR,ERR,ERR,ERR,ERR,ERR,ERR,ERR,ERR,ERR,ERR,ERR,ERR,ERR,ERR,ERR,ERR,ERR,ERR,ERR,ERR,ERR,ERR,ERR,ERR,ERR,ERR,ERR,ERR,ERR,ERR,ERR,ERR,ERR,ERR,ERR,ERR,ERR,ERR,ERR,ERR,ERR,ERR,ERR,ERR,ERR,ERR,ERR,ERR,ERR,ERR,ERR,ERR,ERR,ERR,ERR,ERR,ERR,ERR,ERR,ERR,ERR,ERR,ERR,ERR,ERR,ERR,ERR,ERR,ERR,ERR,ERR,ERR,ERR,ERR,ERR,ERR,ERR,ERR,ERR,ERR,ERR,ERR,ERR,ERR,ERR,ERR,ERR,ERR,ERR,ERR,ERR,2.7184312818759872e+23,0.0,0.0,-4.9501291711397626e+32,1.592,1.3936040501711995e+18,7.805,0.0,0,0,4,48932,6720,14723890282496.0,100,0.0,0.0,0.0,-4.9501291711397626e+32,0.0,0,0,0,0,0.0,0,0,0,0,0,0,0,0,0,0,0,0,0,0,0,0,0,0,0,0,0,0,0,0,0,0,0,0,0,0,0,0,0,26,51,50,76,65476,0,300,0,0,8,21553,0.0,-107605600.0,0.0,0.0,0.0,0.0,0.0,0.0,0.0,0.0,0.0,0.0,0.0,0.0,0.0,0.0,0.0,0.0,0.0,0.0,0.0,0.0,-2.004,0.0,-0.0,-0.0,0.0,0.0,0.0,0.0,4831.0,0.0,7270.0,2.7184312818759872e+23,0.0,-0.0,2.718431101732002e+23,0.0,0.0,0.0,0.0,77,-5.848083809157084e+35,0.059,0.0,0.0,0.0,0.0,0.0,0.0,0.0,0,0,0,0.0,0.0,0.0,0.0,0.0,0.0,0.0,0.0,0.0,0.0,0.0,0.0,0.0,0.0,0.0,0.0,0,-107875648.0,77,0.0,154,0.0,0.0,ERR,ERR,ERR,ERR,ERR,ERR,ERR,ERR,ERR,ERR,ERR,ERR,ERR,ERR,ERR,ERR,ERR,ERR,ERR,ERR,ERR,ERR,ERR,ERR,ERR,ERR,ERR,ERR,ERR,ERR,ERR,ERR,ERR,ERR,ERR,ERR,ERR,ERR,ERR,ERR,ERR,ERR,ERR,ERR,ERR,ERR,ERR,ERR,ERR,ERR,ERR,ERR,ERR,ERR,ERR,ERR,ERR,ERR,ERR,ERR,ERR,ERR,ERR,ERR,ERR,ERR,ERR,34.0,80.0,35,0.0,0.0,0.0,0.0,0.0,0.0,0.0,0.0,0.0,0.0,0.0,0.0,0.0,0.0,0.0,0.0,65.6,0,120,58,53,65476,0,300,0,0,8,20529,65476,0,0,57672,80.0,0.0,0.0,0.0,0.0,0.0
2026-06-18T02:44:31,ERR,ERR,ERR,ERR,ERR,ERR,ERR,ERR,ERR,ERR,ERR,ERR,ERR,ERR,ERR,ERR,ERR,ERR,ERR,ERR,ERR,ERR,ERR,ERR,ERR,ERR,ERR,ERR,ERR,ERR,ERR,ERR,ERR,ERR,ERR,ERR,ERR,ERR,ERR,ERR,ERR,ERR,ERR,ERR,ERR,ERR,ERR,ERR,ERR,ERR,ERR,ERR,ERR,ERR,ERR,ERR,ERR,ERR,ERR,ERR,ERR,ERR,ERR,ERR,ERR,ERR,ERR,ERR,ERR,ERR,ERR,ERR,ERR,ERR,ERR,ERR,ERR,ERR,ERR,ERR,ERR,ERR,ERR,ERR,ERR,ERR,ERR,ERR,ERR,ERR,ERR,ERR,ERR,ERR,ERR,ERR,ERR,ERR,ERR,ERR,ERR,ERR,ERR,ERR,ERR,ERR,ERR,ERR,ERR,ERR,ERR,ERR,ERR,ERR,ERR,ERR,ERR,ERR,ERR,ERR,ERR,ERR,ERR,ERR,ERR,2.7184312818759872e+23,0.0,0.0,-4.9501291711397626e+32,1.592,1.3936040501711995e+18,7.805,0.0,0,0,4,48932,6720,14723890282496.0,100,0.0,0.0,0.0,-4.9501291711397626e+32,0.0,0,0,0,0,0.0,0,0,0,0,0,0,0,0,0,0,0,0,0,0,0,0,0,0,0,0,0,0,0,0,0,0,0,0,0,0,0,0,0,26,51,50,76,65476,0,300,0,0,8,21553,0.0,-107605600.0,0.0,0.0,0.0,0.0,0.0,0.0,0.0,0.0,0.0,0.0,0.0,0.0,0.0,0.0,0.0,0.0,0.0,0.0,0.0,0.0,-2.004,0.0,-0.0,-0.0,0.0,0.0,0.0,0.0,4831.0,0.0,7270.0,2.7184312818759872e+23,0.0,-0.0,2.718431101732002e+23,0.0,0.0,0.0,0.0,77,-5.848083809157084e+35,0.059,0.0,0.0,0.0,0.0,0.0,0.0,0.0,0,0,0,0.0,0.0,0.0,0.0,0.0,0.0,0.0,0.0,0.0,0.0,0.0,0.0,0.0,0.0,0.0,0.0,0,-107875648.0,77,0.0,154,0.0,0.0,ERR,ERR,ERR,ERR,ERR,ERR,ERR,ERR,ERR,ERR,ERR,ERR,ERR,ERR,ERR,ERR,ERR,ERR,ERR,ERR,ERR,ERR,ERR,ERR,ERR,ERR,ERR,ERR,ERR,ERR,ERR,ERR,ERR,ERR,ERR,ERR,ERR,ERR,ERR,ERR,ERR,ERR,ERR,ERR,ERR,ERR,ERR,ERR,ERR,ERR,ERR,ERR,ERR,ERR,ERR,ERR,ERR,ERR,ERR,ERR,ERR,ERR,ERR,ERR,ERR,ERR,ERR,34.0,80.0,35,0.0,0.0,0.0,0.0,0.0,0.0,0.0,0.0,0.0,0.0,0.0,0.0,0.0,0.0,0.0,0.0,65.6,0,120,58,53,65476,0,300,0,0,8,20529,65476,0,0,57672,80.0,0.0,0.0,0.0,0.0,0.0
2026-06-18T02:44:32,ERR,ERR,ERR,ERR,ERR,ERR,ERR,ERR,ERR,ERR,ERR,ERR,ERR,ERR,ERR,ERR,ERR,ERR,ERR,ERR,ERR,ERR,ERR,ERR,ERR,ERR,ERR,ERR,ERR,ERR,ERR,ERR,ERR,ERR,ERR,ERR,ERR,ERR,ERR,ERR,ERR,ERR,ERR,ERR,ERR,ERR,ERR,ERR,ERR,ERR,ERR,ERR,ERR,ERR,ERR,ERR,ERR,ERR,ERR,ERR,ERR,ERR,ERR,ERR,ERR,ERR,ERR,ERR,ERR,ERR,ERR,ERR,ERR,ERR,ERR,ERR,ERR,ERR,ERR,ERR,ERR,ERR,ERR,ERR,ERR,ERR,ERR,ERR,ERR,ERR,ERR,ERR,ERR,ERR,ERR,ERR,ERR,ERR,ERR,ERR,ERR,ERR,ERR,ERR,ERR,ERR,ERR,ERR,ERR,ERR,ERR,ERR,ERR,ERR,ERR,ERR,ERR,ERR,ERR,ERR,ERR,ERR,ERR,ERR,ERR,0.0,0.0,-0.0,0.059,nan,1.3936040501711995e+18,7.805,0.0,0,0,4,48956,6720,14723890282496.0,100,0.0,0.0,0.0,-0.0,0.0,0,0,0,0,0.0,0,0,0,0,0,0,0,0,0,0,0,0,0,0,0,0,0,0,0,0,0,0,0,0,0,0,0,0,0,0,0,0,0,26,51,50,76,65476,0,300,0,0,8,21553,0.0,-107605600.0,0.0,0.0,0.0,0.0,0.0,0.0,0.0,0.0,0.0,0.0,0.0,0.0,0.0,0.0,0.0,0.0,0.0,0.0,0.0,0.0,-0.0,0.0,-2.004,-0.0,0.0,0.0,0.0,0.0,4828.0,0.0,7270.0,0.0,0.0,-0.0,2.718431101732002e+23,0.0,0.0,0.0,0.0,77,-4.0668804810561766e+29,0.059,0.0,0.0,0.0,0.0,0.0,0.0,0.0,0,0,0,0.0,0.0,0.0,0.0,0.0,0.0,0.0,0.0,0.0,0.0,0.0,0.0,0.0,0.0,0.0,0.0,0,-107875648.0,77,0.0,154,0.0,-101056864.0,ERR,ERR,ERR,ERR,ERR,ERR,ERR,ERR,ERR,ERR,ERR,ERR,ERR,ERR,ERR,ERR,ERR,ERR,ERR,ERR,ERR,ERR,ERR,ERR,ERR,ERR,ERR,ERR,ERR,ERR,ERR,ERR,ERR,ERR,ERR,ERR,ERR,ERR,ERR,ERR,ERR,ERR,ERR,ERR,ERR,ERR,ERR,ERR,ERR,ERR,ERR,ERR,ERR,ERR,ERR,ERR,ERR,ERR,ERR,ERR,ERR,ERR,ERR,ERR,ERR,ERR,ERR,34.0,80.0,35,0.0,0.0,0.0,0.0,0.0,0.0,0.0,0.0,0.0,0.0,0.0,0.0,0.0,0.0,0.0,0.0,65.6,0,120,58,53,65476,0,300,0,0,8,20529,65476,0,0,57672,80.0,0.0,0.0,0.0,0.0,0.0
2026-06-18T02:44:33,ERR,ERR,ERR,ERR,ERR,ERR,ERR,ERR,ERR,ERR,ERR,ERR,ERR,ERR,ERR,ERR,ERR,ERR,ERR,ERR,ERR,ERR,ERR,ERR,ERR,ERR,ERR,ERR,ERR,ERR,ERR,ERR,ERR,ERR,ERR,ERR,ERR,ERR,ERR,ERR,ERR,ERR,ERR,ERR,ERR,ERR,ERR,ERR,ERR,ERR,ERR,ERR,ERR,ERR,ERR,ERR,ERR,ERR,ERR,ERR,ERR,ERR,ERR,ERR,ERR,ERR,ERR,ERR,ERR,ERR,ERR,ERR,ERR,ERR,ERR,ERR,ERR,ERR,ERR,ERR,ERR,ERR,ERR,ERR,ERR,ERR,ERR,ERR,ERR,ERR,ERR,ERR,ERR,ERR,ERR,ERR,ERR,ERR,ERR,ERR,ERR,ERR,ERR,ERR,ERR,ERR,ERR,ERR,ERR,ERR,ERR,ERR,ERR,ERR,ERR,ERR,ERR,ERR,ERR,ERR,ERR,ERR,ERR,ERR,ERR,0.0,0.0,-0.0,0.059,nan,1.3936040501711995e+18,7.805,0.0,0,0,4,48956,6720,14723890282496.0,100,0.0,0.0,0.0,-0.0,0.0,0,0,0,0,0.0,0,0,0,0,0,0,0,0,0,0,0,0,0,0,0,0,0,0,0,0,0,0,0,0,0,0,0,0,0,0,0,0,0,26,51,50,76,65476,0,300,0,0,8,21553,0.0,-107605600.0,0.0,0.0,0.0,0.0,0.0,0.0,0.0,0.0,0.0,0.0,0.0,0.0,0.0,0.0,0.0,0.0,0.0,0.0,0.0,0.0,-0.0,0.0,-2.004,-0.0,0.0,0.0,0.0,0.0,4828.0,0.0,7270.0,0.0,0.0,-0.0,2.718431101732002e+23,0.0,0.0,0.0,0.0,77,-4.0668804810561766e+29,0.059,0.0,0.0,0.0,0.0,0.0,0.0,0.0,0,0,0,0.0,0.0,0.0,0.0,0.0,0.0,0.0,0.0,0.0,0.0,0.0,0.0,0.0,0.0,0.0,0.0,0,-107875648.0,77,0.0,154,0.0,-101056864.0,ERR,ERR,ERR,ERR,ERR,ERR,ERR,ERR,ERR,ERR,ERR,ERR,ERR,ERR,ERR,ERR,ERR,ERR,ERR,ERR,ERR,ERR,ERR,ERR,ERR,ERR,ERR,ERR,ERR,ERR,ERR,ERR,ERR,ERR,ERR,ERR,ERR,ERR,ERR,ERR,ERR,ERR,ERR,ERR,ERR,ERR,ERR,ERR,ERR,ERR,ERR,ERR,ERR,ERR,ERR,ERR,ERR,ERR,ERR,ERR,ERR,ERR,ERR,ERR,ERR,ERR,ERR,34.0,80.0,35,0.0,0.0,0.0,0.0,0.0,0.0,0.0,0.0,0.0,0.0,0.0,0.0,0.0,0.0,0.0,0.0,65.6,0,120,58,53,65476,0,300,0,0,8,20529,65476,0,0,57672,80.0,0.0,0.0,0.0,0.0,0.0
2026-06-18T02:44:34,ERR,ERR,ERR,ERR,ERR,ERR,ERR,ERR,ERR,ERR,ERR,ERR,ERR,ERR,ERR,ERR,ERR,ERR,ERR,ERR,ERR,ERR,ERR,ERR,ERR,ERR,ERR,ERR,ERR,ERR,ERR,ERR,ERR,ERR,ERR,ERR,ERR,ERR,ERR,ERR,ERR,ERR,ERR,ERR,ERR,ERR,ERR,ERR,ERR,ERR,ERR,ERR,ERR,ERR,ERR,ERR,ERR,ERR,ERR,ERR,ERR,ERR,ERR,ERR,ERR,ERR,ERR,ERR,ERR,ERR,ERR,ERR,ERR,ERR,ERR,ERR,ERR,ERR,ERR,ERR,ERR,ERR,ERR,ERR,ERR,ERR,ERR,ERR,ERR,ERR,ERR,ERR,ERR,ERR,ERR,ERR,ERR,ERR,ERR,ERR,ERR,ERR,ERR,ERR,ERR,ERR,ERR,ERR,ERR,ERR,ERR,ERR,ERR,ERR,ERR,ERR,ERR,ERR,ERR,ERR,ERR,ERR,ERR,ERR,ERR,0.0,0.0,-0.0,0.059,nan,1.3936040501711995e+18,7.805,0.0,0,0,4,48956,6720,14723890282496.0,100,0.0,0.0,0.0,-0.0,0.0,0,0,0,0,0.0,0,0,0,0,0,0,0,0,0,0,0,0,0,0,0,0,0,0,0,0,0,0,0,0,0,0,0,0,0,0,0,0,0,26,51,50,76,65476,0,300,0,0,8,21553,0.0,-107605600.0,0.0,0.0,0.0,0.0,0.0,0.0,0.0,0.0,0.0,0.0,0.0,0.0,0.0,0.0,0.0,0.0,0.0,0.0,0.0,0.0,-0.0,0.0,-2.004,-0.0,0.0,0.0,0.0,0.0,4828.0,0.0,7270.0,0.0,0.0,-0.0,2.718431101732002e+23,0.0,0.0,0.0,0.0,77,-4.0668804810561766e+29,0.059,0.0,0.0,0.0,0.0,0.0,0.0,0.0,0,0,0,0.0,0.0,0.0,0.0,0.0,0.0,0.0,0.0,0.0,0.0,0.0,0.0,0.0,0.0,0.0,0.0,0,-107875648.0,77,0.0,154,0.0,-101056864.0,ERR,ERR,ERR,ERR,ERR,ERR,ERR,ERR,ERR,ERR,ERR,ERR,ERR,ERR,ERR,ERR,ERR,ERR,ERR,ERR,ERR,ERR,ERR,ERR,ERR,ERR,ERR,ERR,ERR,ERR,ERR,ERR,ERR,ERR,ERR,ERR,ERR,ERR,ERR,ERR,ERR,ERR,ERR,ERR,ERR,ERR,ERR,ERR,ERR,ERR,ERR,ERR,ERR,ERR,ERR,ERR,ERR,ERR,ERR,ERR,ERR,ERR,ERR,ERR,ERR,ERR,ERR,34.0,80.0,35,0.0,0.0,0.0,0.0,0.0,0.0,0.0,0.0,0.0,0.0,0.0,0.0,0.0,0.0,0.0,0.0,66.4,0,120,58,53,65476,0,300,0,0,8,20529,65476,0,0,57672,80.0,0.0,0.0,0.0,0.0,0.0
2026-06-18T02:44:35,ERR,ERR,ERR,ERR,ERR,ERR,ERR,ERR,ERR,ERR,ERR,ERR,ERR,ERR,ERR,ERR,ERR,ERR,ERR,ERR,ERR,ERR,ERR,ERR,ERR,ERR,ERR,ERR,ERR,ERR,ERR,ERR,ERR,ERR,ERR,ERR,ERR,ERR,ERR,ERR,ERR,ERR,ERR,ERR,ERR,ERR,ERR,ERR,ERR,ERR,ERR,ERR,ERR,ERR,ERR,ERR,ERR,ERR,ERR,ERR,ERR,ERR,ERR,ERR,ERR,ERR,ERR,ERR,ERR,ERR,ERR,ERR,ERR,ERR,ERR,ERR,ERR,ERR,ERR,ERR,ERR,ERR,ERR,ERR,ERR,ERR,ERR,ERR,ERR,ERR,ERR,ERR,ERR,ERR,ERR,ERR,ERR,ERR,ERR,ERR,ERR,ERR,ERR,ERR,ERR,ERR,ERR,ERR,ERR,ERR,ERR,ERR,ERR,ERR,ERR,ERR,ERR,ERR,ERR,ERR,ERR,ERR,ERR,ERR,ERR,0.0,0.0,-0.0,0.059,nan,1.3936040501711995e+18,7.805,0.0,0,0,4,48956,6720,14723890282496.0,100,0.0,0.0,0.0,-0.0,0.0,0,0,0,0,0.0,0,0,0,0,0,0,0,0,0,0,0,0,0,0,0,0,0,0,0,0,0,0,0,0,0,0,0,0,0,0,0,0,0,26,51,50,76,65476,0,300,0,0,8,21553,0.0,-107605600.0,0.0,0.0,0.0,0.0,0.0,0.0,0.0,0.0,0.0,0.0,0.0,0.0,0.0,0.0,0.0,0.0,0.0,0.0,0.0,0.0,-0.0,0.0,-2.004,-0.0,0.0,0.0,0.0,0.0,4828.0,0.0,7270.0,0.0,0.0,-0.0,2.718431101732002e+23,0.0,0.0,0.0,0.0,77,-4.0668804810561766e+29,0.059,0.0,0.0,0.0,0.0,0.0,0.0,0.0,0,0,0,0.0,0.0,0.0,0.0,0.0,0.0,0.0,0.0,0.0,0.0,0.0,0.0,0.0,0.0,0.0,0.0,0,-107875648.0,77,0.0,154,0.0,-101056864.0,ERR,ERR,ERR,ERR,ERR,ERR,ERR,ERR,ERR,ERR,ERR,ERR,ERR,ERR,ERR,ERR,ERR,ERR,ERR,ERR,ERR,ERR,ERR,ERR,ERR,ERR,ERR,ERR,ERR,ERR,ERR,ERR,ERR,ERR,ERR,ERR,ERR,ERR,ERR,ERR,ERR,ERR,ERR,ERR,ERR,ERR,ERR,ERR,ERR,ERR,ERR,ERR,ERR,ERR,ERR,ERR,ERR,ERR,ERR,ERR,ERR,ERR,ERR,ERR,ERR,ERR,ERR,34.0,80.0,35,0.0,0.0,0.0,0.0,0.0,0.0,0.0,0.0,0.0,0.0,0.0,0.0,0.0,0.0,0.0,0.0,65.6,0,120,58,53,65476,0,300,0,0,8,20529,65476,0,0,57672,80.0,0.0,0.0,0.0,0.0,0.0
2026-06-18T02:44:36,ERR,ERR,ERR,ERR,ERR,ERR,ERR,ERR,ERR,ERR,ERR,ERR,ERR,ERR,ERR,ERR,ERR,ERR,ERR,ERR,ERR,ERR,ERR,ERR,ERR,ERR,ERR,ERR,ERR,ERR,ERR,ERR,ERR,ERR,ERR,ERR,ERR,ERR,ERR,ERR,ERR,ERR,ERR,ERR,ERR,ERR,ERR,ERR,ERR,ERR,ERR,ERR,ERR,ERR,ERR,ERR,ERR,ERR,ERR,ERR,ERR,ERR,ERR,ERR,ERR,ERR,ERR,ERR,ERR,ERR,ERR,ERR,ERR,ERR,ERR,ERR,ERR,ERR,ERR,ERR,ERR,ERR,ERR,ERR,ERR,ERR,ERR,ERR,ERR,ERR,ERR,ERR,ERR,ERR,ERR,ERR,ERR,ERR,ERR,ERR,ERR,ERR,ERR,ERR,ERR,ERR,ERR,ERR,ERR,ERR,ERR,ERR,ERR,ERR,ERR,ERR,ERR,ERR,ERR,ERR,ERR,ERR,ERR,ERR,ERR,0.0,0.0,-0.0,0.059,nan,1.3936040501711995e+18,7.805,0.0,0,0,4,48956,6720,14723890282496.0,100,0.0,0.0,0.0,-0.0,0.0,0,0,0,0,0.0,0,0,0,0,0,0,0,0,0,0,0,0,0,0,0,0,0,0,0,0,0,0,0,0,0,0,0,0,0,0,0,0,0,26,51,50,76,65476,0,300,0,0,8,21553,0.0,-107605600.0,0.0,0.0,0.0,0.0,0.0,0.0,0.0,0.0,0.0,0.0,0.0,0.0,0.0,0.0,0.0,0.0,0.0,0.0,0.0,0.0,-0.0,0.0,-2.004,-0.0,0.0,0.0,0.0,0.0,4828.0,0.0,7270.0,0.0,0.0,-0.0,2.718431101732002e+23,0.0,0.0,0.0,0.0,77,-4.0668804810561766e+29,0.059,0.0,0.0,0.0,0.0,0.0,0.0,0.0,0,0,0,0.0,0.0,0.0,0.0,0.0,0.0,0.0,0.0,0.0,0.0,0.0,0.0,0.0,0.0,0.0,0.0,0,-107875648.0,77,0.0,154,0.0,-101056864.0,ERR,ERR,ERR,ERR,ERR,ERR,ERR,ERR,ERR,ERR,ERR,ERR,ERR,ERR,ERR,ERR,ERR,ERR,ERR,ERR,ERR,ERR,ERR,ERR,ERR,ERR,ERR,ERR,ERR,ERR,ERR,ERR,ERR,ERR,ERR,ERR,ERR,ERR,ERR,ERR,ERR,ERR,ERR,ERR,ERR,ERR,ERR,ERR,ERR,ERR,ERR,ERR,ERR,ERR,ERR,ERR,ERR,ERR,ERR,ERR,ERR,ERR,ERR,ERR,ERR,ERR,ERR,34.0,80.0,35,0.0,0.0,0.0,0.0,0.0,0.0,0.0,0.0,0.0,0.0,0.0,0.0,0.0,0.0,0.0,0.0,65.6,0,120,58,53,65476,0,300,0,0,8,20529,65476,0,0,57672,80.0,0.0,0.0,0.0,0.0,0.0
2026-06-18T02:44:37,ERR,ERR,ERR,ERR,ERR,ERR,ERR,ERR,ERR,ERR,ERR,ERR,ERR,ERR,ERR,ERR,ERR,ERR,ERR,ERR,ERR,ERR,ERR,ERR,ERR,ERR,ERR,ERR,ERR,ERR,ERR,ERR,ERR,ERR,ERR,ERR,ERR,ERR,ERR,ERR,ERR,ERR,ERR,ERR,ERR,ERR,ERR,ERR,ERR,ERR,ERR,ERR,ERR,ERR,ERR,ERR,ERR,ERR,ERR,ERR,ERR,ERR,ERR,ERR,ERR,ERR,ERR,ERR,ERR,ERR,ERR,ERR,ERR,ERR,ERR,ERR,ERR,ERR,ERR,ERR,ERR,ERR,ERR,ERR,ERR,ERR,ERR,ERR,ERR,ERR,ERR,ERR,ERR,ERR,ERR,ERR,ERR,ERR,ERR,ERR,ERR,ERR,ERR,ERR,ERR,ERR,ERR,ERR,ERR,ERR,ERR,ERR,ERR,ERR,ERR,ERR,ERR,ERR,ERR,ERR,ERR,ERR,ERR,ERR,ERR,2.7184312818759872e+23,0.0,0.0,-152005385388032.0,1.6,1.3936040501711995e+18,7.805,0.0,0,0,4,48954,6720,14723890282496.0,100,0.0,0.0,0.0,-152005385388032.0,0.0,0,0,0,0,0.0,0,0,0,0,0,0,0,0,0,0,0,0,0,0,0,0,0,0,0,0,0,0,0,0,0,0,0,0,0,0,0,0,0,26,51,50,76,65476,0,300,0,0,8,21553,0.0,-107605600.0,0.0,0.0,0.0,0.0,0.0,0.0,0.0,0.0,0.0,0.0,0.0,0.0,0.0,0.0,0.0,0.0,0.0,0.0,0.0,0.0,-0.0,0.0,-2.004,-0.0,0.0,0.0,0.0,0.0,4828.0,0.0,7269.0,0.0,0.0,2.7184303811560617e+23,2.718431101732002e+23,0.0,0.0,0.0,0.0,77,-3.2220289616203523e+26,0.0,0.0,0.0,0.0,0.0,0.0,0.0,0.0,0,0,0,0.0,0.0,0.0,0.0,0.0,0.0,0.0,0.0,0.0,0.0,0.0,0.0,0.0,0.0,0.0,0.0,0,-107875648.0,77,0.0,154,0.0,0.0,ERR,ERR,ERR,ERR,ERR,ERR,ERR,ERR,ERR,ERR,ERR,ERR,ERR,ERR,ERR,ERR,ERR,ERR,ERR,ERR,ERR,ERR,ERR,ERR,ERR,ERR,ERR,ERR,ERR,ERR,ERR,ERR,ERR,ERR,ERR,ERR,ERR,ERR,ERR,ERR,ERR,ERR,ERR,ERR,ERR,ERR,ERR,ERR,ERR,ERR,ERR,ERR,ERR,ERR,ERR,ERR,ERR,ERR,ERR,ERR,ERR,ERR,ERR,ERR,ERR,ERR,ERR,34.0,80.0,35,0.0,0.0,0.0,0.0,0.0,0.0,0.0,0.0,0.0,0.0,0.0,0.0,0.0,0.0,0.0,0.0,65.6,0,120,58,53,65476,0,300,0,0,8,20529,65476,0,0,57672,80.0,0.0,0.0,0.0,0.0,0.0
2026-06-18T02:44:38,ERR,ERR,ERR,ERR,ERR,ERR,ERR,ERR,ERR,ERR,ERR,ERR,ERR,ERR,ERR,ERR,ERR,ERR,ERR,ERR,ERR,ERR,ERR,ERR,ERR,ERR,ERR,ERR,ERR,ERR,ERR,ERR,ERR,ERR,ERR,ERR,ERR,ERR,ERR,ERR,ERR,ERR,ERR,ERR,ERR,ERR,ERR,ERR,ERR,ERR,ERR,ERR,ERR,ERR,ERR,ERR,ERR,ERR,ERR,ERR,ERR,ERR,ERR,ERR,ERR,ERR,ERR,ERR,ERR,ERR,ERR,ERR,ERR,ERR,ERR,ERR,ERR,ERR,ERR,ERR,ERR,ERR,ERR,ERR,ERR,ERR,ERR,ERR,ERR,ERR,ERR,ERR,ERR,ERR,ERR,ERR,ERR,ERR,ERR,ERR,ERR,ERR,ERR,ERR,ERR,ERR,ERR,ERR,ERR,ERR,ERR,ERR,ERR,ERR,ERR,ERR,ERR,ERR,ERR,ERR,ERR,ERR,ERR,ERR,ERR,2.7184312818759872e+23,0.0,0.0,-152005385388032.0,1.6,1.3936040501711995e+18,7.805,0.0,0,0,4,48954,6720,14723890282496.0,100,0.0,0.0,0.0,-152005385388032.0,0.0,0,0,0,0,0.0,0,0,0,0,0,0,0,0,0,0,0,0,0,0,0,0,0,0,0,0,0,0,0,0,0,0,0,0,0,0,0,0,0,26,51,50,76,65476,0,300,0,0,8,21553,0.0,-107605600.0,0.0,0.0,0.0,0.0,0.0,0.0,0.0,0.0,0.0,0.0,0.0,0.0,0.0,0.0,0.0,0.0,0.0,0.0,0.0,0.0,-0.0,0.0,-2.004,-0.0,0.0,0.0,0.0,0.0,4828.0,0.0,7269.0,0.0,0.0,2.7184303811560617e+23,2.718431101732002e+23,0.0,0.0,0.0,0.0,77,-3.2220289616203523e+26,0.0,0.0,0.0,0.0,0.0,0.0,0.0,0.0,0,0,0,0.0,0.0,0.0,0.0,0.0,0.0,0.0,0.0,0.0,0.0,0.0,0.0,0.0,0.0,0.0,0.0,0,-107875648.0,77,0.0,154,0.0,0.0,ERR,ERR,ERR,ERR,ERR,ERR,ERR,ERR,ERR,ERR,ERR,ERR,ERR,ERR,ERR,ERR,ERR,ERR,ERR,ERR,ERR,ERR,ERR,ERR,ERR,ERR,ERR,ERR,ERR,ERR,ERR,ERR,ERR,ERR,ERR,ERR,ERR,ERR,ERR,ERR,ERR,ERR,ERR,ERR,ERR,ERR,ERR,ERR,ERR,ERR,ERR,ERR,ERR,ERR,ERR,ERR,ERR,ERR,ERR,ERR,ERR,ERR,ERR,ERR,ERR,ERR,ERR,34.0,80.0,35,0.0,0.0,0.0,0.0,0.0,0.0,0.0,0.0,0.0,0.0,0.0,0.0,0.0,0.0,0.0,0.0,65.6,0,120,58,53,65476,0,300,0,0,8,20529,65476,0,0,57672,80.0,0.0,0.0,0.0,0.0,0.0
2026-06-18T02:44:39,ERR,ERR,ERR,ERR,ERR,ERR,ERR,ERR,ERR,ERR,ERR,ERR,ERR,ERR,ERR,ERR,ERR,ERR,ERR,ERR,ERR,ERR,ERR,ERR,ERR,ERR,ERR,ERR,ERR,ERR,ERR,ERR,ERR,ERR,ERR,ERR,ERR,ERR,ERR,ERR,ERR,ERR,ERR,ERR,ERR,ERR,ERR,ERR,ERR,ERR,ERR,ERR,ERR,ERR,ERR,ERR,ERR,ERR,ERR,ERR,ERR,ERR,ERR,ERR,ERR,ERR,ERR,ERR,ERR,ERR,ERR,ERR,ERR,ERR,ERR,ERR,ERR,ERR,ERR,ERR,ERR,ERR,ERR,ERR,ERR,ERR,ERR,ERR,ERR,ERR,ERR,ERR,ERR,ERR,ERR,ERR,ERR,ERR,ERR,ERR,ERR,ERR,ERR,ERR,ERR,ERR,ERR,ERR,ERR,ERR,ERR,ERR,ERR,ERR,ERR,ERR,ERR,ERR,ERR,ERR,ERR,ERR,ERR,ERR,ERR,2.7184312818759872e+23,0.0,0.0,-152005385388032.0,1.6,1.3936040501711995e+18,7.805,0.0,0,0,4,48954,6720,14723890282496.0,100,0.0,0.0,0.0,-152005385388032.0,0.0,0,0,0,0,0.0,0,0,0,0,0,0,0,0,0,0,0,0,0,0,0,0,0,0,0,0,0,0,0,0,0,0,0,0,0,0,0,0,0,26,51,50,76,65476,0,300,0,0,8,21553,0.0,-107605600.0,0.0,0.0,0.0,0.0,0.0,0.0,0.0,0.0,0.0,0.0,0.0,0.0,0.0,0.0,0.0,0.0,0.0,0.0,0.0,0.0,-0.0,0.0,-2.004,-0.0,0.0,0.0,0.0,0.0,4828.0,0.0,7269.0,0.0,0.0,2.7184303811560617e+23,2.718431101732002e+23,0.0,0.0,0.0,0.0,77,-3.2220289616203523e+26,0.0,0.0,0.0,0.0,0.0,0.0,0.0,0.0,0,0,0,0.0,0.0,0.0,0.0,0.0,0.0,0.0,0.0,0.0,0.0,0.0,0.0,0.0,0.0,0.0,0.0,0,-107875648.0,77,0.0,154,0.0,0.0,ERR,ERR,ERR,ERR,ERR,ERR,ERR,ERR,ERR,ERR,ERR,ERR,ERR,ERR,ERR,ERR,ERR,ERR,ERR,ERR,ERR,ERR,ERR,ERR,ERR,ERR,ERR,ERR,ERR,ERR,ERR,ERR,ERR,ERR,ERR,ERR,ERR,ERR,ERR,ERR,ERR,ERR,ERR,ERR,ERR,ERR,ERR,ERR,ERR,ERR,ERR,ERR,ERR,ERR,ERR,ERR,ERR,ERR,ERR,ERR,ERR,ERR,ERR,ERR,ERR,ERR,ERR,34.0,80.0,35,0.0,0.0,0.0,0.0,0.0,0.0,0.0,0.0,0.0,0.0,0.0,0.0,0.0,0.0,0.0,0.0,66.4,0,120,58,53,65476,0,300,0,0,8,20529,65476,0,0,57672,80.0,0.0,0.0,0.0,0.0,0.0
2026-06-18T02:44:40,ERR,ERR,ERR,ERR,ERR,ERR,ERR,ERR,ERR,ERR,ERR,ERR,ERR,ERR,ERR,ERR,ERR,ERR,ERR,ERR,ERR,ERR,ERR,ERR,ERR,ERR,ERR,ERR,ERR,ERR,ERR,ERR,ERR,ERR,ERR,ERR,ERR,ERR,ERR,ERR,ERR,ERR,ERR,ERR,ERR,ERR,ERR,ERR,ERR,ERR,ERR,ERR,ERR,ERR,ERR,ERR,ERR,ERR,ERR,ERR,ERR,ERR,ERR,ERR,ERR,ERR,ERR,ERR,ERR,ERR,ERR,ERR,ERR,ERR,ERR,ERR,ERR,ERR,ERR,ERR,ERR,ERR,ERR,ERR,ERR,ERR,ERR,ERR,ERR,ERR,ERR,ERR,ERR,ERR,ERR,ERR,ERR,ERR,ERR,ERR,ERR,ERR,ERR,ERR,ERR,ERR,ERR,ERR,ERR,ERR,ERR,ERR,ERR,ERR,ERR,ERR,ERR,ERR,ERR,ERR,ERR,ERR,ERR,ERR,ERR,2.7184312818759872e+23,0.0,0.0,-152005385388032.0,1.6,1.3936040501711995e+18,7.805,0.0,0,0,4,48954,6720,14723890282496.0,100,0.0,0.0,0.0,-152005385388032.0,0.0,0,0,0,0,0.0,0,0,0,0,0,0,0,0,0,0,0,0,0,0,0,0,0,0,0,0,0,0,0,0,0,0,0,0,0,0,0,0,0,26,51,50,76,65476,0,300,0,0,8,21553,0.0,-107605600.0,0.0,0.0,0.0,0.0,0.0,0.0,0.0,0.0,0.0,0.0,0.0,0.0,0.0,0.0,0.0,0.0,0.0,0.0,0.0,0.0,-0.0,0.0,-2.004,-0.0,0.0,0.0,0.0,0.0,4828.0,0.0,7269.0,0.0,0.0,2.7184303811560617e+23,2.718431101732002e+23,0.0,0.0,0.0,0.0,77,-3.2220289616203523e+26,0.0,0.0,0.0,0.0,0.0,0.0,0.0,0.0,0,0,0,0.0,0.0,0.0,0.0,0.0,0.0,0.0,0.0,0.0,0.0,0.0,0.0,0.0,0.0,0.0,0.0,0,-107875648.0,77,0.0,154,0.0,0.0,ERR,ERR,ERR,ERR,ERR,ERR,ERR,ERR,ERR,ERR,ERR,ERR,ERR,ERR,ERR,ERR,ERR,ERR,ERR,ERR,ERR,ERR,ERR,ERR,ERR,ERR,ERR,ERR,ERR,ERR,ERR,ERR,ERR,ERR,ERR,ERR,ERR,ERR,ERR,ERR,ERR,ERR,ERR,ERR,ERR,ERR,ERR,ERR,ERR,ERR,ERR,ERR,ERR,ERR,ERR,ERR,ERR,ERR,ERR,ERR,ERR,ERR,ERR,ERR,ERR,ERR,ERR,34.0,80.0,35,0.0,0.0,0.0,0.0,0.0,0.0,0.0,0.0,0.0,0.0,0.0,0.0,0.0,0.0,0.0,0.0,66.4,0,120,58,53,65476,0,300,0,0,8,20529,65476,0,0,57672,80.0,0.0,0.0,0.0,0.0,0.0
2026-06-18T02:44:41,ERR,ERR,ERR,ERR,ERR,ERR,ERR,ERR,ERR,ERR,ERR,ERR,ERR,ERR,ERR,ERR,ERR,ERR,ERR,ERR,ERR,ERR,ERR,ERR,ERR,ERR,ERR,ERR,ERR,ERR,ERR,ERR,ERR,ERR,ERR,ERR,ERR,ERR,ERR,ERR,ERR,ERR,ERR,ERR,ERR,ERR,ERR,ERR,ERR,ERR,ERR,ERR,ERR,ERR,ERR,ERR,ERR,ERR,ERR,ERR,ERR,ERR,ERR,ERR,ERR,ERR,ERR,ERR,ERR,ERR,ERR,ERR,ERR,ERR,ERR,ERR,ERR,ERR,ERR,ERR,ERR,ERR,ERR,ERR,ERR,ERR,ERR,ERR,ERR,ERR,ERR,ERR,ERR,ERR,ERR,ERR,ERR,ERR,ERR,ERR,ERR,ERR,ERR,ERR,ERR,ERR,ERR,ERR,ERR,ERR,ERR,ERR,ERR,ERR,ERR,ERR,ERR,ERR,ERR,ERR,ERR,ERR,ERR,ERR,ERR,2.7184312818759872e+23,0.0,0.0,-152005385388032.0,1.6,1.3936040501711995e+18,7.805,0.0,0,0,4,48954,6720,14723890282496.0,100,0.0,0.0,0.0,-152005385388032.0,0.0,0,0,0,0,0.0,0,0,0,0,0,0,0,0,0,0,0,0,0,0,0,0,0,0,0,0,0,0,0,0,0,0,0,0,0,0,0,0,0,26,51,50,76,65476,0,300,0,0,8,21553,0.0,-107605600.0,0.0,0.0,0.0,0.0,0.0,0.0,0.0,0.0,0.0,0.0,0.0,0.0,0.0,0.0,0.0,0.0,0.0,0.0,0.0,0.0,-0.0,0.0,-2.004,-0.0,0.0,0.0,0.0,0.0,4828.0,0.0,7269.0,0.0,0.0,2.7184303811560617e+23,2.718431101732002e+23,0.0,0.0,0.0,0.0,77,-3.2220289616203523e+26,0.0,0.0,0.0,0.0,0.0,0.0,0.0,0.0,0,0,0,0.0,0.0,0.0,0.0,0.0,0.0,0.0,0.0,0.0,0.0,0.0,0.0,0.0,0.0,0.0,0.0,0,-107875648.0,77,0.0,154,0.0,0.0,ERR,ERR,ERR,ERR,ERR,ERR,ERR,ERR,ERR,ERR,ERR,ERR,ERR,ERR,ERR,ERR,ERR,ERR,ERR,ERR,ERR,ERR,ERR,ERR,ERR,ERR,ERR,ERR,ERR,ERR,ERR,ERR,ERR,ERR,ERR,ERR,ERR,ERR,ERR,ERR,ERR,ERR,ERR,ERR,ERR,ERR,ERR,ERR,ERR,ERR,ERR,ERR,ERR,ERR,ERR,ERR,ERR,ERR,ERR,ERR,ERR,ERR,ERR,ERR,ERR,ERR,ERR,34.0,80.0,35,0.0,0.0,0.0,0.0,0.0,0.0,0.0,0.0,0.0,0.0,0.0,0.0,0.0,0.0,0.0,0.0,65.6,0,120,58,53,65476,0,300,0,0,8,20529,65476,0,0,57672,80.0,0.0,0.0,0.0,0.0,0.0
2026-06-18T02:44:42,ERR,ERR,ERR,ERR,ERR,ERR,ERR,ERR,ERR,ERR,ERR,ERR,ERR,ERR,ERR,ERR,ERR,ERR,ERR,ERR,ERR,ERR,ERR,ERR,ERR,ERR,ERR,ERR,ERR,ERR,ERR,ERR,ERR,ERR,ERR,ERR,ERR,ERR,ERR,ERR,ERR,ERR,ERR,ERR,ERR,ERR,ERR,ERR,ERR,ERR,ERR,ERR,ERR,ERR,ERR,ERR,ERR,ERR,ERR,ERR,ERR,ERR,ERR,ERR,ERR,ERR,ERR,ERR,ERR,ERR,ERR,ERR,ERR,ERR,ERR,ERR,ERR,ERR,ERR,ERR,ERR,ERR,ERR,ERR,ERR,ERR,ERR,ERR,ERR,ERR,ERR,ERR,ERR,ERR,ERR,ERR,ERR,ERR,ERR,ERR,ERR,ERR,ERR,ERR,ERR,ERR,ERR,ERR,ERR,ERR,ERR,ERR,ERR,ERR,ERR,ERR,ERR,ERR,ERR,ERR,ERR,ERR,ERR,ERR,ERR,2.7184312818759872e+23,0.0,0.0,0.0,nan,1.3936040501711995e+18,7.805,-5533387829805056.0,0,0,4,48950,6720,14723890282496.0,100,0.0,0.0,0.0,-107609184.0,0.0,0,0,0,0,0.0,0,0,0,0,0,0,0,0,0,0,0,0,0,0,0,0,0,0,0,0,0,0,0,0,0,0,0,0,0,0,0,0,0,26,51,50,76,65476,0,300,0,0,8,21553,0.0,-107605600.0,0.0,0.0,0.0,0.0,0.0,0.0,0.0,0.0,0.0,0.0,0.0,0.0,0.0,0.0,0.0,0.0,0.0,0.0,0.0,0.0,-2.004,0.0,-0.0,-0.0,0.0,0.0,0.0,0.0,4828.0,0.0,7267.0,0.0,0.0,-0.0,2.718431101732002e+23,0.0,0.0,0.0,0.0,77,-3.2220289616203523e+26,0.0,0.0,0.0,0.0,0.0,0.0,0.0,0.0,0,0,0,0.0,0.0,0.0,0.0,0.0,0.0,0.0,0.0,0.0,0.0,0.0,0.0,0.0,0.0,0.0,0.0,0,-107875648.0,77,0.0,154,0.0,0.0,ERR,ERR,ERR,ERR,ERR,ERR,ERR,ERR,ERR,ERR,ERR,ERR,ERR,ERR,ERR,ERR,ERR,ERR,ERR,ERR,ERR,ERR,ERR,ERR,ERR,ERR,ERR,ERR,ERR,ERR,ERR,ERR,ERR,ERR,ERR,ERR,ERR,ERR,ERR,ERR,ERR,ERR,ERR,ERR,ERR,ERR,ERR,ERR,ERR,ERR,ERR,ERR,ERR,ERR,ERR,ERR,ERR,ERR,ERR,ERR,ERR,ERR,ERR,ERR,ERR,ERR,ERR,34.0,80.0,35,0.0,0.0,0.0,0.0,0.0,0.0,0.0,0.0,0.0,0.0,0.0,0.0,0.0,0.0,0.0,0.0,65.6,0,120,58,53,65476,0,300,0,0,8,20529,65476,0,0,57672,80.0,0.0,0.0,0.0,0.0,0.0
2026-06-18T02:44:43,ERR,ERR,ERR,ERR,ERR,ERR,ERR,ERR,ERR,ERR,ERR,ERR,ERR,ERR,ERR,ERR,ERR,ERR,ERR,ERR,ERR,ERR,ERR,ERR,ERR,ERR,ERR,ERR,ERR,ERR,ERR,ERR,ERR,ERR,ERR,ERR,ERR,ERR,ERR,ERR,ERR,ERR,ERR,ERR,ERR,ERR,ERR,ERR,ERR,ERR,ERR,ERR,ERR,ERR,ERR,ERR,ERR,ERR,ERR,ERR,ERR,ERR,ERR,ERR,ERR,ERR,ERR,ERR,ERR,ERR,ERR,ERR,ERR,ERR,ERR,ERR,ERR,ERR,ERR,ERR,ERR,ERR,ERR,ERR,ERR,ERR,ERR,ERR,ERR,ERR,ERR,ERR,ERR,ERR,ERR,ERR,ERR,ERR,ERR,ERR,ERR,ERR,ERR,ERR,ERR,ERR,ERR,ERR,ERR,ERR,ERR,ERR,ERR,ERR,ERR,ERR,ERR,ERR,ERR,ERR,ERR,ERR,ERR,ERR,ERR,2.7184312818759872e+23,0.0,0.0,0.0,nan,1.3936040501711995e+18,7.805,-5533387829805056.0,0,0,4,48950,6720,14723890282496.0,100,0.0,0.0,0.0,-107609184.0,0.0,0,0,0,0,0.0,0,0,0,0,0,0,0,0,0,0,0,0,0,0,0,0,0,0,0,0,0,0,0,0,0,0,0,0,0,0,0,0,0,26,51,50,76,65476,0,300,0,0,8,21553,0.0,-107605600.0,0.0,0.0,0.0,0.0,0.0,0.0,0.0,0.0,0.0,0.0,0.0,0.0,0.0,0.0,0.0,0.0,0.0,0.0,0.0,0.0,-2.004,0.0,-0.0,-0.0,0.0,0.0,0.0,0.0,4828.0,0.0,7267.0,0.0,0.0,-0.0,2.718431101732002e+23,0.0,0.0,0.0,0.0,77,-3.2220289616203523e+26,0.0,0.0,0.0,0.0,0.0,0.0,0.0,0.0,0,0,0,0.0,0.0,0.0,0.0,0.0,0.0,0.0,0.0,0.0,0.0,0.0,0.0,0.0,0.0,0.0,0.0,0,-107875648.0,77,0.0,154,0.0,0.0,ERR,ERR,ERR,ERR,ERR,ERR,ERR,ERR,ERR,ERR,ERR,ERR,ERR,ERR,ERR,ERR,ERR,ERR,ERR,ERR,ERR,ERR,ERR,ERR,ERR,ERR,ERR,ERR,ERR,ERR,ERR,ERR,ERR,ERR,ERR,ERR,ERR,ERR,ERR,ERR,ERR,ERR,ERR,ERR,ERR,ERR,ERR,ERR,ERR,ERR,ERR,ERR,ERR,ERR,ERR,ERR,ERR,ERR,ERR,ERR,ERR,ERR,ERR,ERR,ERR,ERR,ERR,34.0,80.0,35,0.0,0.0,0.0,0.0,0.0,0.0,0.0,0.0,0.0,0.0,0.0,0.0,0.0,0.0,0.0,0.0,65.6,0,120,58,53,65476,0,300,0,0,8,20529,65476,0,0,57672,80.0,0.0,0.0,0.0,0.0,0.0
2026-06-18T02:44:44,ERR,ERR,ERR,ERR,ERR,ERR,ERR,ERR,ERR,ERR,ERR,ERR,ERR,ERR,ERR,ERR,ERR,ERR,ERR,ERR,ERR,ERR,ERR,ERR,ERR,ERR,ERR,ERR,ERR,ERR,ERR,ERR,ERR,ERR,ERR,ERR,ERR,ERR,ERR,ERR,ERR,ERR,ERR,ERR,ERR,ERR,ERR,ERR,ERR,ERR,ERR,ERR,ERR,ERR,ERR,ERR,ERR,ERR,ERR,ERR,ERR,ERR,ERR,ERR,ERR,ERR,ERR,ERR,ERR,ERR,ERR,ERR,ERR,ERR,ERR,ERR,ERR,ERR,ERR,ERR,ERR,ERR,ERR,ERR,ERR,ERR,ERR,ERR,ERR,ERR,ERR,ERR,ERR,ERR,ERR,ERR,ERR,ERR,ERR,ERR,ERR,ERR,ERR,ERR,ERR,ERR,ERR,ERR,ERR,ERR,ERR,ERR,ERR,ERR,ERR,ERR,ERR,ERR,ERR,ERR,ERR,ERR,ERR,ERR,ERR,2.7184312818759872e+23,0.0,0.0,0.0,nan,1.3936040501711995e+18,7.805,-5533387829805056.0,0,0,4,48950,6720,14723890282496.0,100,0.0,0.0,0.0,-107609184.0,0.0,0,0,0,0,0.0,0,0,0,0,0,0,0,0,0,0,0,0,0,0,0,0,0,0,0,0,0,0,0,0,0,0,0,0,0,0,0,0,0,26,51,50,76,65476,0,300,0,0,8,21553,0.0,-107605600.0,0.0,0.0,0.0,0.0,0.0,0.0,0.0,0.0,0.0,0.0,0.0,0.0,0.0,0.0,0.0,0.0,0.0,0.0,0.0,0.0,-2.004,0.0,-0.0,-0.0,0.0,0.0,0.0,0.0,4828.0,0.0,7267.0,0.0,0.0,-0.0,2.718431101732002e+23,0.0,0.0,0.0,0.0,77,-3.2220289616203523e+26,0.0,0.0,0.0,0.0,0.0,0.0,0.0,0.0,0,0,0,0.0,0.0,0.0,0.0,0.0,0.0,0.0,0.0,0.0,0.0,0.0,0.0,0.0,0.0,0.0,0.0,0,-107875648.0,77,0.0,154,0.0,0.0,ERR,ERR,ERR,ERR,ERR,ERR,ERR,ERR,ERR,ERR,ERR,ERR,ERR,ERR,ERR,ERR,ERR,ERR,ERR,ERR,ERR,ERR,ERR,ERR,ERR,ERR,ERR,ERR,ERR,ERR,ERR,ERR,ERR,ERR,ERR,ERR,ERR,ERR,ERR,ERR,ERR,ERR,ERR,ERR,ERR,ERR,ERR,ERR,ERR,ERR,ERR,ERR,ERR,ERR,ERR,ERR,ERR,ERR,ERR,ERR,ERR,ERR,ERR,ERR,ERR,ERR,ERR,34.0,80.0,35,0.0,0.0,0.0,0.0,0.0,0.0,0.0,0.0,0.0,0.0,0.0,0.0,0.0,0.0,0.0,0.0,65.6,0,120,58,53,65476,0,300,0,0,8,20529,65476,0,0,57672,80.0,0.0,0.0,0.0,0.0,0.0
2026-06-18T02:44:45,ERR,ERR,ERR,ERR,ERR,ERR,ERR,ERR,ERR,ERR,ERR,ERR,ERR,ERR,ERR,ERR,ERR,ERR,ERR,ERR,ERR,ERR,ERR,ERR,ERR,ERR,ERR,ERR,ERR,ERR,ERR,ERR,ERR,ERR,ERR,ERR,ERR,ERR,ERR,ERR,ERR,ERR,ERR,ERR,ERR,ERR,ERR,ERR,ERR,ERR,ERR,ERR,ERR,ERR,ERR,ERR,ERR,ERR,ERR,ERR,ERR,ERR,ERR,ERR,ERR,ERR,ERR,ERR,ERR,ERR,ERR,ERR,ERR,ERR,ERR,ERR,ERR,ERR,ERR,ERR,ERR,ERR,ERR,ERR,ERR,ERR,ERR,ERR,ERR,ERR,ERR,ERR,ERR,ERR,ERR,ERR,ERR,ERR,ERR,ERR,ERR,ERR,ERR,ERR,ERR,ERR,ERR,ERR,ERR,ERR,ERR,ERR,ERR,ERR,ERR,ERR,ERR,ERR,ERR,ERR,ERR,ERR,ERR,ERR,ERR,2.7184312818759872e+23,0.0,0.0,0.0,nan,1.3936040501711995e+18,7.805,-5533387829805056.0,0,0,4,48950,6720,14723890282496.0,100,0.0,0.0,0.0,-107609184.0,0.0,0,0,0,0,0.0,0,0,0,0,0,0,0,0,0,0,0,0,0,0,0,0,0,0,0,0,0,0,0,0,0,0,0,0,0,0,0,0,0,26,51,50,76,65476,0,300,0,0,8,21553,0.0,-107605600.0,0.0,0.0,0.0,0.0,0.0,0.0,0.0,0.0,0.0,0.0,0.0,0.0,0.0,0.0,0.0,0.0,0.0,0.0,0.0,0.0,-2.004,0.0,-0.0,-0.0,0.0,0.0,0.0,0.0,4828.0,0.0,7267.0,0.0,0.0,-0.0,2.718431101732002e+23,0.0,0.0,0.0,0.0,77,-3.2220289616203523e+26,0.0,0.0,0.0,0.0,0.0,0.0,0.0,0.0,0,0,0,0.0,0.0,0.0,0.0,0.0,0.0,0.0,0.0,0.0,0.0,0.0,0.0,0.0,0.0,0.0,0.0,0,-107875648.0,77,0.0,154,0.0,0.0,ERR,ERR,ERR,ERR,ERR,ERR,ERR,ERR,ERR,ERR,ERR,ERR,ERR,ERR,ERR,ERR,ERR,ERR,ERR,ERR,ERR,ERR,ERR,ERR,ERR,ERR,ERR,ERR,ERR,ERR,ERR,ERR,ERR,ERR,ERR,ERR,ERR,ERR,ERR,ERR,ERR,ERR,ERR,ERR,ERR,ERR,ERR,ERR,ERR,ERR,ERR,ERR,ERR,ERR,ERR,ERR,ERR,ERR,ERR,ERR,ERR,ERR,ERR,ERR,ERR,ERR,ERR,34.0,80.0,35,0.0,0.0,0.0,0.0,0.0,0.0,0.0,0.0,0.0,0.0,0.0,0.0,0.0,0.0,0.0,0.0,65.6,0,120,58,53,65476,0,300,0,0,8,20529,65476,0,0,57672,80.0,0.0,0.0,0.0,0.0,0.0
2026-06-18T02:44:46,ERR,ERR,ERR,ERR,ERR,ERR,ERR,ERR,ERR,ERR,ERR,ERR,ERR,ERR,ERR,ERR,ERR,ERR,ERR,ERR,ERR,ERR,ERR,ERR,ERR,ERR,ERR,ERR,ERR,ERR,ERR,ERR,ERR,ERR,ERR,ERR,ERR,ERR,ERR,ERR,ERR,ERR,ERR,ERR,ERR,ERR,ERR,ERR,ERR,ERR,ERR,ERR,ERR,ERR,ERR,ERR,ERR,ERR,ERR,ERR,ERR,ERR,ERR,ERR,ERR,ERR,ERR,ERR,ERR,ERR,ERR,ERR,ERR,ERR,ERR,ERR,ERR,ERR,ERR,ERR,ERR,ERR,ERR,ERR,ERR,ERR,ERR,ERR,ERR,ERR,ERR,ERR,ERR,ERR,ERR,ERR,ERR,ERR,ERR,ERR,ERR,ERR,ERR,ERR,ERR,ERR,ERR,ERR,ERR,ERR,ERR,ERR,ERR,ERR,ERR,ERR,ERR,ERR,ERR,ERR,ERR,ERR,ERR,ERR,ERR,2.7184312818759872e+23,0.0,0.0,0.0,nan,1.3936040501711995e+18,7.805,-5533387829805056.0,0,0,4,48950,6720,14723890282496.0,100,0.0,0.0,0.0,-107609184.0,0.0,0,0,0,0,0.0,0,0,0,0,0,0,0,0,0,0,0,0,0,0,0,0,0,0,0,0,0,0,0,0,0,0,0,0,0,0,0,0,0,26,51,50,76,65476,0,300,0,0,8,21553,0.0,-107605600.0,0.0,0.0,0.0,0.0,0.0,0.0,0.0,0.0,0.0,0.0,0.0,0.0,0.0,0.0,0.0,0.0,0.0,0.0,0.0,0.0,-2.004,0.0,-0.0,-0.0,0.0,0.0,0.0,0.0,4828.0,0.0,7267.0,0.0,0.0,-0.0,2.718431101732002e+23,0.0,0.0,0.0,0.0,77,-3.2220289616203523e+26,0.0,0.0,0.0,0.0,0.0,0.0,0.0,0.0,0,0,0,0.0,0.0,0.0,0.0,0.0,0.0,0.0,0.0,0.0,0.0,0.0,0.0,0.0,0.0,0.0,0.0,0,-107875648.0,77,0.0,154,0.0,0.0,ERR,ERR,ERR,ERR,ERR,ERR,ERR,ERR,ERR,ERR,ERR,ERR,ERR,ERR,ERR,ERR,ERR,ERR,ERR,ERR,ERR,ERR,ERR,ERR,ERR,ERR,ERR,ERR,ERR,ERR,ERR,ERR,ERR,ERR,ERR,ERR,ERR,ERR,ERR,ERR,ERR,ERR,ERR,ERR,ERR,ERR,ERR,ERR,ERR,ERR,ERR,ERR,ERR,ERR,ERR,ERR,ERR,ERR,ERR,ERR,ERR,ERR,ERR,ERR,ERR,ERR,ERR,34.0,80.0,35,0.0,0.0,0.0,0.0,0.0,0.0,0.0,0.0,0.0,0.0,0.0,0.0,0.0,0.0,0.0,0.0,65.6,0,120,58,53,65476,0,300,0,0,8,20529,65476,0,0,57672,80.0,0.0,0.0,0.0,0.0,0.0
2026-06-18T02:44:47,ERR,ERR,ERR,ERR,ERR,ERR,ERR,ERR,ERR,ERR,ERR,ERR,ERR,ERR,ERR,ERR,ERR,ERR,ERR,ERR,ERR,ERR,ERR,ERR,ERR,ERR,ERR,ERR,ERR,ERR,ERR,ERR,ERR,ERR,ERR,ERR,ERR,ERR,ERR,ERR,ERR,ERR,ERR,ERR,ERR,ERR,ERR,ERR,ERR,ERR,ERR,ERR,ERR,ERR,ERR,ERR,ERR,ERR,ERR,ERR,ERR,ERR,ERR,ERR,ERR,ERR,ERR,ERR,ERR,ERR,ERR,ERR,ERR,ERR,ERR,ERR,ERR,ERR,ERR,ERR,ERR,ERR,ERR,ERR,ERR,ERR,ERR,ERR,ERR,ERR,ERR,ERR,ERR,ERR,ERR,ERR,ERR,ERR,ERR,ERR,ERR,ERR,ERR,ERR,ERR,ERR,ERR,ERR,ERR,ERR,ERR,ERR,ERR,ERR,ERR,ERR,ERR,ERR,ERR,ERR,ERR,ERR,ERR,ERR,ERR,0.0,0.0,-0.0,0.059,nan,1.3936040501711995e+18,7.805,0.0,0,0,4,48950,6720,14723890282496.0,100,0.0,0.0,0.0,-0.0,0.0,0,0,0,0,0.0,0,0,0,0,0,0,0,0,0,0,0,0,0,0,0,0,0,0,0,0,0,0,0,0,0,0,0,0,0,0,0,0,0,26,51,50,76,65476,0,300,0,0,8,21553,0.0,-107605600.0,0.0,0.0,0.0,0.0,0.0,0.0,0.0,0.0,0.0,0.0,0.0,0.0,0.0,0.0,0.0,0.0,0.0,0.0,0.0,0.0,-2.004,0.0,-2.004,-0.0,0.0,0.0,0.0,0.0,4826.0,131350.344,7273.0,0.0,0.0,2.7184303811560617e+23,2.718431101732002e+23,0.0,0.0,0.0,0.0,77,-2.7184302010120766e+23,2.718415969637254e+23,0.0,0.0,0.0,0.0,0.0,0.0,0.0,0,0,0,0.0,0.0,0.0,0.0,0.0,0.0,0.0,0.0,0.0,0.0,0.0,0.0,0.0,0.0,0.0,0.0,0,-107875648.0,77,0.0,154,0.0,0.0,ERR,ERR,ERR,ERR,ERR,ERR,ERR,ERR,ERR,ERR,ERR,ERR,ERR,ERR,ERR,ERR,ERR,ERR,ERR,ERR,ERR,ERR,ERR,ERR,ERR,ERR,ERR,ERR,ERR,ERR,ERR,ERR,ERR,ERR,ERR,ERR,ERR,ERR,ERR,ERR,ERR,ERR,ERR,ERR,ERR,ERR,ERR,ERR,ERR,ERR,ERR,ERR,ERR,ERR,ERR,ERR,ERR,ERR,ERR,ERR,ERR,ERR,ERR,ERR,ERR,ERR,ERR,34.0,80.0,35,0.0,0.0,0.0,0.0,0.0,0.0,0.0,0.0,0.0,0.0,0.0,0.0,0.0,0.0,0.0,0.0,65.6,0,120,58,53,65476,0,300,0,0,8,20529,65476,0,0,57672,80.0,0.0,0.0,0.0,0.0,0.0
2026-06-18T02:44:48,ERR,ERR,ERR,ERR,ERR,ERR,ERR,ERR,ERR,ERR,ERR,ERR,ERR,ERR,ERR,ERR,ERR,ERR,ERR,ERR,ERR,ERR,ERR,ERR,ERR,ERR,ERR,ERR,ERR,ERR,ERR,ERR,ERR,ERR,ERR,ERR,ERR,ERR,ERR,ERR,ERR,ERR,ERR,ERR,ERR,ERR,ERR,ERR,ERR,ERR,ERR,ERR,ERR,ERR,ERR,ERR,ERR,ERR,ERR,ERR,ERR,ERR,ERR,ERR,ERR,ERR,ERR,ERR,ERR,ERR,ERR,ERR,ERR,ERR,ERR,ERR,ERR,ERR,ERR,ERR,ERR,ERR,ERR,ERR,ERR,ERR,ERR,ERR,ERR,ERR,ERR,ERR,ERR,ERR,ERR,ERR,ERR,ERR,ERR,ERR,ERR,ERR,ERR,ERR,ERR,ERR,ERR,ERR,ERR,ERR,ERR,ERR,ERR,ERR,ERR,ERR,ERR,ERR,ERR,ERR,ERR,ERR,ERR,ERR,ERR,0.0,0.0,-0.0,0.059,nan,1.3936040501711995e+18,7.805,0.0,0,0,4,48950,6720,14723890282496.0,100,0.0,0.0,0.0,-0.0,0.0,0,0,0,0,0.0,0,0,0,0,0,0,0,0,0,0,0,0,0,0,0,0,0,0,0,0,0,0,0,0,0,0,0,0,0,0,0,0,0,26,51,50,76,65476,0,300,0,0,8,21553,0.0,-107605600.0,0.0,0.0,0.0,0.0,0.0,0.0,0.0,0.0,0.0,0.0,0.0,0.0,0.0,0.0,0.0,0.0,0.0,0.0,0.0,0.0,-2.004,0.0,-2.004,-0.0,0.0,0.0,0.0,0.0,4826.0,131350.344,7273.0,0.0,0.0,2.7184303811560617e+23,2.718431101732002e+23,0.0,0.0,0.0,0.0,77,-2.7184302010120766e+23,2.718415969637254e+23,0.0,0.0,0.0,0.0,0.0,0.0,0.0,0,0,0,0.0,0.0,0.0,0.0,0.0,0.0,0.0,0.0,0.0,0.0,0.0,0.0,0.0,0.0,0.0,0.0,0,-107875648.0,77,0.0,154,0.0,0.0,ERR,ERR,ERR,ERR,ERR,ERR,ERR,ERR,ERR,ERR,ERR,ERR,ERR,ERR,ERR,ERR,ERR,ERR,ERR,ERR,ERR,ERR,ERR,ERR,ERR,ERR,ERR,ERR,ERR,ERR,ERR,ERR,ERR,ERR,ERR,ERR,ERR,ERR,ERR,ERR,ERR,ERR,ERR,ERR,ERR,ERR,ERR,ERR,ERR,ERR,ERR,ERR,ERR,ERR,ERR,ERR,ERR,ERR,ERR,ERR,ERR,ERR,ERR,ERR,ERR,ERR,ERR,34.0,80.0,35,0.0,0.0,0.0,0.0,0.0,0.0,0.0,0.0,0.0,0.0,0.0,0.0,0.0,0.0,0.0,0.0,66.4,0,120,58,53,65476,0,300,0,0,8,20529,65476,0,0,57672,80.0,0.0,0.0,0.0,0.0,0.0
2026-06-18T02:44:49,ERR,ERR,ERR,ERR,ERR,ERR,ERR,ERR,ERR,ERR,ERR,ERR,ERR,ERR,ERR,ERR,ERR,ERR,ERR,ERR,ERR,ERR,ERR,ERR,ERR,ERR,ERR,ERR,ERR,ERR,ERR,ERR,ERR,ERR,ERR,ERR,ERR,ERR,ERR,ERR,ERR,ERR,ERR,ERR,ERR,ERR,ERR,ERR,ERR,ERR,ERR,ERR,ERR,ERR,ERR,ERR,ERR,ERR,ERR,ERR,ERR,ERR,ERR,ERR,ERR,ERR,ERR,ERR,ERR,ERR,ERR,ERR,ERR,ERR,ERR,ERR,ERR,ERR,ERR,ERR,ERR,ERR,ERR,ERR,ERR,ERR,ERR,ERR,ERR,ERR,ERR,ERR,ERR,ERR,ERR,ERR,ERR,ERR,ERR,ERR,ERR,ERR,ERR,ERR,ERR,ERR,ERR,ERR,ERR,ERR,ERR,ERR,ERR,ERR,ERR,ERR,ERR,ERR,ERR,ERR,ERR,ERR,ERR,ERR,ERR,0.0,0.0,-0.0,0.059,nan,1.3936040501711995e+18,7.805,0.0,0,0,4,48950,6720,14723890282496.0,100,0.0,0.0,0.0,-0.0,0.0,0,0,0,0,0.0,0,0,0,0,0,0,0,0,0,0,0,0,0,0,0,0,0,0,0,0,0,0,0,0,0,0,0,0,0,0,0,0,0,26,51,50,76,65476,0,300,0,0,8,21553,0.0,-107605600.0,0.0,0.0,0.0,0.0,0.0,0.0,0.0,0.0,0.0,0.0,0.0,0.0,0.0,0.0,0.0,0.0,0.0,0.0,0.0,0.0,-2.004,0.0,-2.004,-0.0,0.0,0.0,0.0,0.0,4826.0,131350.344,7273.0,0.0,0.0,2.7184303811560617e+23,2.718431101732002e+23,0.0,0.0,0.0,0.0,77,-2.7184302010120766e+23,2.718415969637254e+23,0.0,0.0,0.0,0.0,0.0,0.0,0.0,0,0,0,0.0,0.0,0.0,0.0,0.0,0.0,0.0,0.0,0.0,0.0,0.0,0.0,0.0,0.0,0.0,0.0,0,-107875648.0,77,0.0,154,0.0,0.0,ERR,ERR,ERR,ERR,ERR,ERR,ERR,ERR,ERR,ERR,ERR,ERR,ERR,ERR,ERR,ERR,ERR,ERR,ERR,ERR,ERR,ERR,ERR,ERR,ERR,ERR,ERR,ERR,ERR,ERR,ERR,ERR,ERR,ERR,ERR,ERR,ERR,ERR,ERR,ERR,ERR,ERR,ERR,ERR,ERR,ERR,ERR,ERR,ERR,ERR,ERR,ERR,ERR,ERR,ERR,ERR,ERR,ERR,ERR,ERR,ERR,ERR,ERR,ERR,ERR,ERR,ERR,34.0,80.0,35,0.0,0.0,0.0,0.0,0.0,0.0,0.0,0.0,0.0,0.0,0.0,0.0,0.0,0.0,0.0,0.0,66.4,0,120,58,53,65476,0,300,0,0,8,20529,65476,0,0,57672,80.0,0.0,0.0,0.0,0.0,0.0
2026-06-18T02:44:50,ERR,ERR,ERR,ERR,ERR,ERR,ERR,ERR,ERR,ERR,ERR,ERR,ERR,ERR,ERR,ERR,ERR,ERR,ERR,ERR,ERR,ERR,ERR,ERR,ERR,ERR,ERR,ERR,ERR,ERR,ERR,ERR,ERR,ERR,ERR,ERR,ERR,ERR,ERR,ERR,ERR,ERR,ERR,ERR,ERR,ERR,ERR,ERR,ERR,ERR,ERR,ERR,ERR,ERR,ERR,ERR,ERR,ERR,ERR,ERR,ERR,ERR,ERR,ERR,ERR,ERR,ERR,ERR,ERR,ERR,ERR,ERR,ERR,ERR,ERR,ERR,ERR,ERR,ERR,ERR,ERR,ERR,ERR,ERR,ERR,ERR,ERR,ERR,ERR,ERR,ERR,ERR,ERR,ERR,ERR,ERR,ERR,ERR,ERR,ERR,ERR,ERR,ERR,ERR,ERR,ERR,ERR,ERR,ERR,ERR,ERR,ERR,ERR,ERR,ERR,ERR,ERR,ERR,ERR,ERR,ERR,ERR,ERR,ERR,ERR,0.0,0.0,-0.0,0.059,nan,1.3936040501711995e+18,7.805,0.0,0,0,4,48950,6720,14723890282496.0,100,0.0,0.0,0.0,-0.0,0.0,0,0,0,0,0.0,0,0,0,0,0,0,0,0,0,0,0,0,0,0,0,0,0,0,0,0,0,0,0,0,0,0,0,0,0,0,0,0,0,26,51,50,76,65476,0,300,0,0,8,21553,0.0,-107605600.0,0.0,0.0,0.0,0.0,0.0,0.0,0.0,0.0,0.0,0.0,0.0,0.0,0.0,0.0,0.0,0.0,0.0,0.0,0.0,0.0,-2.004,0.0,-2.004,-0.0,0.0,0.0,0.0,0.0,4826.0,131350.344,7273.0,0.0,0.0,2.7184303811560617e+23,2.718431101732002e+23,0.0,0.0,0.0,0.0,77,-2.7184302010120766e+23,2.718415969637254e+23,0.0,0.0,0.0,0.0,0.0,0.0,0.0,0,0,0,0.0,0.0,0.0,0.0,0.0,0.0,0.0,0.0,0.0,0.0,0.0,0.0,0.0,0.0,0.0,0.0,0,-107875648.0,77,0.0,154,0.0,0.0,ERR,ERR,ERR,ERR,ERR,ERR,ERR,ERR,ERR,ERR,ERR,ERR,ERR,ERR,ERR,ERR,ERR,ERR,ERR,ERR,ERR,ERR,ERR,ERR,ERR,ERR,ERR,ERR,ERR,ERR,ERR,ERR,ERR,ERR,ERR,ERR,ERR,ERR,ERR,ERR,ERR,ERR,ERR,ERR,ERR,ERR,ERR,ERR,ERR,ERR,ERR,ERR,ERR,ERR,ERR,ERR,ERR,ERR,ERR,ERR,ERR,ERR,ERR,ERR,ERR,ERR,ERR,34.0,80.0,35,0.0,0.0,0.0,0.0,0.0,0.0,0.0,0.0,0.0,0.0,0.0,0.0,0.0,0.0,0.0,0.0,65.6,0,120,58,53,65476,0,300,0,0,8,20529,65476,0,0,57672,80.0,0.0,0.0,0.0,0.0,0.0
2026-06-18T02:44:51,ERR,ERR,ERR,ERR,ERR,ERR,ERR,ERR,ERR,ERR,ERR,ERR,ERR,ERR,ERR,ERR,ERR,ERR,ERR,ERR,ERR,ERR,ERR,ERR,ERR,ERR,ERR,ERR,ERR,ERR,ERR,ERR,ERR,ERR,ERR,ERR,ERR,ERR,ERR,ERR,ERR,ERR,ERR,ERR,ERR,ERR,ERR,ERR,ERR,ERR,ERR,ERR,ERR,ERR,ERR,ERR,ERR,ERR,ERR,ERR,ERR,ERR,ERR,ERR,ERR,ERR,ERR,ERR,ERR,ERR,ERR,ERR,ERR,ERR,ERR,ERR,ERR,ERR,ERR,ERR,ERR,ERR,ERR,ERR,ERR,ERR,ERR,ERR,ERR,ERR,ERR,ERR,ERR,ERR,ERR,ERR,ERR,ERR,ERR,ERR,ERR,ERR,ERR,ERR,ERR,ERR,ERR,ERR,ERR,ERR,ERR,ERR,ERR,ERR,ERR,ERR,ERR,ERR,ERR,ERR,ERR,ERR,ERR,ERR,ERR,0.0,0.0,-0.0,0.059,nan,1.3936040501711995e+18,7.805,0.0,0,0,4,48950,6720,14723890282496.0,100,0.0,0.0,0.0,-0.0,0.0,0,0,0,0,0.0,0,0,0,0,0,0,0,0,0,0,0,0,0,0,0,0,0,0,0,0,0,0,0,0,0,0,0,0,0,0,0,0,0,26,51,50,76,65476,0,300,0,0,8,21553,0.0,-107605600.0,0.0,0.0,0.0,0.0,0.0,0.0,0.0,0.0,0.0,0.0,0.0,0.0,0.0,0.0,0.0,0.0,0.0,0.0,0.0,0.0,-2.004,0.0,-2.004,-0.0,0.0,0.0,0.0,0.0,4826.0,131350.344,7273.0,0.0,0.0,2.7184303811560617e+23,2.718431101732002e+23,0.0,0.0,0.0,0.0,77,-2.7184302010120766e+23,2.718415969637254e+23,0.0,0.0,0.0,0.0,0.0,0.0,0.0,0,0,0,0.0,0.0,0.0,0.0,0.0,0.0,0.0,0.0,0.0,0.0,0.0,0.0,0.0,0.0,0.0,0.0,0,-107875648.0,77,0.0,154,0.0,0.0,ERR,ERR,ERR,ERR,ERR,ERR,ERR,ERR,ERR,ERR,ERR,ERR,ERR,ERR,ERR,ERR,ERR,ERR,ERR,ERR,ERR,ERR,ERR,ERR,ERR,ERR,ERR,ERR,ERR,ERR,ERR,ERR,ERR,ERR,ERR,ERR,ERR,ERR,ERR,ERR,ERR,ERR,ERR,ERR,ERR,ERR,ERR,ERR,ERR,ERR,ERR,ERR,ERR,ERR,ERR,ERR,ERR,ERR,ERR,ERR,ERR,ERR,ERR,ERR,ERR,ERR,ERR,34.0,80.0,35,0.0,0.0,0.0,0.0,0.0,0.0,0.0,0.0,0.0,0.0,0.0,0.0,0.0,0.0,0.0,0.0,65.6,0,120,58,53,65476,0,300,0,0,8,20529,65476,0,0,57672,80.0,0.0,0.0,0.0,0.0,0.0
2026-06-18T02:44:52,ERR,ERR,ERR,ERR,ERR,ERR,ERR,ERR,ERR,ERR,ERR,ERR,ERR,ERR,ERR,ERR,ERR,ERR,ERR,ERR,ERR,ERR,ERR,ERR,ERR,ERR,ERR,ERR,ERR,ERR,ERR,ERR,ERR,ERR,ERR,ERR,ERR,ERR,ERR,ERR,ERR,ERR,ERR,ERR,ERR,ERR,ERR,ERR,ERR,ERR,ERR,ERR,ERR,ERR,ERR,ERR,ERR,ERR,ERR,ERR,ERR,ERR,ERR,ERR,ERR,ERR,ERR,ERR,ERR,ERR,ERR,ERR,ERR,ERR,ERR,ERR,ERR,ERR,ERR,ERR,ERR,ERR,ERR,ERR,ERR,ERR,ERR,ERR,ERR,ERR,ERR,ERR,ERR,ERR,ERR,ERR,ERR,ERR,ERR,ERR,ERR,ERR,ERR,ERR,ERR,ERR,ERR,ERR,ERR,ERR,ERR,ERR,ERR,ERR,ERR,ERR,ERR,ERR,ERR,ERR,ERR,ERR,ERR,ERR,ERR,0.0,0.0,-0.0,0.059,nan,1.3936040501711995e+18,7.805,0.0,0,0,4,48950,6720,14723890282496.0,100,0.0,0.0,0.0,-0.0,0.0,0,0,0,0,0.0,0,0,0,0,0,0,0,0,0,0,0,0,0,0,0,0,0,0,0,0,0,0,0,0,0,0,0,0,0,0,0,0,0,26,51,50,76,65476,0,300,0,0,8,21553,0.0,-107605600.0,0.0,0.0,0.0,0.0,0.0,0.0,0.0,0.0,0.0,0.0,0.0,0.0,0.0,0.0,0.0,0.0,0.0,0.0,0.0,0.0,-2.004,0.0,-2.004,-0.0,0.0,0.0,0.0,0.0,4826.0,131350.344,7273.0,0.0,0.0,2.7184303811560617e+23,2.718431101732002e+23,0.0,0.0,0.0,0.0,77,-2.7184302010120766e+23,2.718415969637254e+23,0.0,0.0,0.0,0.0,0.0,0.0,0.0,0,0,0,0.0,0.0,0.0,0.0,0.0,0.0,0.0,0.0,0.0,0.0,0.0,0.0,0.0,0.0,0.0,0.0,0,-107875648.0,77,0.0,154,0.0,0.0,ERR,ERR,ERR,ERR,ERR,ERR,ERR,ERR,ERR,ERR,ERR,ERR,ERR,ERR,ERR,ERR,ERR,ERR,ERR,ERR,ERR,ERR,ERR,ERR,ERR,ERR,ERR,ERR,ERR,ERR,ERR,ERR,ERR,ERR,ERR,ERR,ERR,ERR,ERR,ERR,ERR,ERR,ERR,ERR,ERR,ERR,ERR,ERR,ERR,ERR,ERR,ERR,ERR,ERR,ERR,ERR,ERR,ERR,ERR,ERR,ERR,ERR,ERR,ERR,ERR,ERR,ERR,34.0,80.0,35,0.0,0.0,0.0,0.0,0.0,0.0,0.0,0.0,0.0,0.0,0.0,0.0,0.0,0.0,0.0,0.0,66.4,0,120,58,53,65476,0,300,0,0,8,20529,65476,0,0,57672,80.0,0.0,0.0,0.0,0.0,0.0
2026-06-18T02:44:53,ERR,ERR,ERR,ERR,ERR,ERR,ERR,ERR,ERR,ERR,ERR,ERR,ERR,ERR,ERR,ERR,ERR,ERR,ERR,ERR,ERR,ERR,ERR,ERR,ERR,ERR,ERR,ERR,ERR,ERR,ERR,ERR,ERR,ERR,ERR,ERR,ERR,ERR,ERR,ERR,ERR,ERR,ERR,ERR,ERR,ERR,ERR,ERR,ERR,ERR,ERR,ERR,ERR,ERR,ERR,ERR,ERR,ERR,ERR,ERR,ERR,ERR,ERR,ERR,ERR,ERR,ERR,ERR,ERR,ERR,ERR,ERR,ERR,ERR,ERR,ERR,ERR,ERR,ERR,ERR,ERR,ERR,ERR,ERR,ERR,ERR,ERR,ERR,ERR,ERR,ERR,ERR,ERR,ERR,ERR,ERR,ERR,ERR,ERR,ERR,ERR,ERR,ERR,ERR,ERR,ERR,ERR,ERR,ERR,ERR,ERR,ERR,ERR,ERR,ERR,ERR,ERR,ERR,ERR,ERR,ERR,ERR,ERR,ERR,ERR,2.7184312818759872e+23,0.0,0.0,0.059,nan,1.3936040501711995e+18,7.805,-0.001,0,0,4,48935,6720,14723890282496.0,100,0.0,0.0,0.0,0.059,0.0,0,0,0,0,0.0,0,0,0,0,0,0,0,0,0,0,0,0,0,0,0,0,0,0,0,0,0,0,0,0,0,0,0,0,0,0,0,0,0,26,51,50,76,65476,0,300,0,0,8,21553,0.0,-107605600.0,0.0,0.0,0.0,0.0,0.0,0.0,0.0,0.0,0.0,0.0,0.0,0.0,0.0,0.0,0.0,0.0,0.0,0.0,0.0,0.0,-0.0,0.0,-2.004,-0.0,0.0,0.0,0.0,0.0,4830.0,131350.344,7273.0,2.7184312818759872e+23,0.0,2.7184303811560617e+23,2.718431101732002e+23,0.0,0.0,0.0,0.0,77,-4.950428984743027e+32,1.905684548377641e+17,0.0,0.0,0.0,0.0,0.0,0.0,0.0,0,0,0,0.0,0.0,0.0,0.0,0.0,0.0,0.0,0.0,0.0,0.0,0.0,0.0,0.0,0.0,0.0,0.0,0,-107875648.0,77,0.0,154,0.0,-101056864.0,ERR,ERR,ERR,ERR,ERR,ERR,ERR,ERR,ERR,ERR,ERR,ERR,ERR,ERR,ERR,ERR,ERR,ERR,ERR,ERR,ERR,ERR,ERR,ERR,ERR,ERR,ERR,ERR,ERR,ERR,ERR,ERR,ERR,ERR,ERR,ERR,ERR,ERR,ERR,ERR,ERR,ERR,ERR,ERR,ERR,ERR,ERR,ERR,ERR,ERR,ERR,ERR,ERR,ERR,ERR,ERR,ERR,ERR,ERR,ERR,ERR,ERR,ERR,ERR,ERR,ERR,ERR,34.0,80.0,35,0.0,0.0,0.0,0.0,0.0,0.0,0.0,0.0,0.0,0.0,0.0,0.0,0.0,0.0,0.0,0.0,66.4,0,120,58,53,65476,0,300,0,0,8,20529,65476,0,0,57672,80.0,0.0,0.0,0.0,0.0,0.0
2026-06-18T02:44:54,ERR,ERR,ERR,ERR,ERR,ERR,ERR,ERR,ERR,ERR,ERR,ERR,ERR,ERR,ERR,ERR,ERR,ERR,ERR,ERR,ERR,ERR,ERR,ERR,ERR,ERR,ERR,ERR,ERR,ERR,ERR,ERR,ERR,ERR,ERR,ERR,ERR,ERR,ERR,ERR,ERR,ERR,ERR,ERR,ERR,ERR,ERR,ERR,ERR,ERR,ERR,ERR,ERR,ERR,ERR,ERR,ERR,ERR,ERR,ERR,ERR,ERR,ERR,ERR,ERR,ERR,ERR,ERR,ERR,ERR,ERR,ERR,ERR,ERR,ERR,ERR,ERR,ERR,ERR,ERR,ERR,ERR,ERR,ERR,ERR,ERR,ERR,ERR,ERR,ERR,ERR,ERR,ERR,ERR,ERR,ERR,ERR,ERR,ERR,ERR,ERR,ERR,ERR,ERR,ERR,ERR,ERR,ERR,ERR,ERR,ERR,ERR,ERR,ERR,ERR,ERR,ERR,ERR,ERR,ERR,ERR,ERR,ERR,ERR,ERR,2.7184312818759872e+23,0.0,0.0,0.059,nan,1.3936040501711995e+18,7.805,-0.001,0,0,4,48935,6720,14723890282496.0,100,0.0,0.0,0.0,0.059,0.0,0,0,0,0,0.0,0,0,0,0,0,0,0,0,0,0,0,0,0,0,0,0,0,0,0,0,0,0,0,0,0,0,0,0,0,0,0,0,0,26,51,50,76,65476,0,300,0,0,8,21553,0.0,-107605600.0,0.0,0.0,0.0,0.0,0.0,0.0,0.0,0.0,0.0,0.0,0.0,0.0,0.0,0.0,0.0,0.0,0.0,0.0,0.0,0.0,-0.0,0.0,-2.004,-0.0,0.0,0.0,0.0,0.0,4830.0,131350.344,7273.0,2.7184312818759872e+23,0.0,2.7184303811560617e+23,2.718431101732002e+23,0.0,0.0,0.0,0.0,77,-4.950428984743027e+32,1.905684548377641e+17,0.0,0.0,0.0,0.0,0.0,0.0,0.0,0,0,0,0.0,0.0,0.0,0.0,0.0,0.0,0.0,0.0,0.0,0.0,0.0,0.0,0.0,0.0,0.0,0.0,0,-107875648.0,77,0.0,154,0.0,-101056864.0,ERR,ERR,ERR,ERR,ERR,ERR,ERR,ERR,ERR,ERR,ERR,ERR,ERR,ERR,ERR,ERR,ERR,ERR,ERR,ERR,ERR,ERR,ERR,ERR,ERR,ERR,ERR,ERR,ERR,ERR,ERR,ERR,ERR,ERR,ERR,ERR,ERR,ERR,ERR,ERR,ERR,ERR,ERR,ERR,ERR,ERR,ERR,ERR,ERR,ERR,ERR,ERR,ERR,ERR,ERR,ERR,ERR,ERR,ERR,ERR,ERR,ERR,ERR,ERR,ERR,ERR,ERR,34.0,80.0,35,0.0,0.0,0.0,0.0,0.0,0.0,0.0,0.0,0.0,0.0,0.0,0.0,0.0,0.0,0.0,0.0,66.4,0,120,58,53,65476,0,300,0,0,8,20529,65476,0,0,57672,80.0,0.0,0.0,0.0,0.0,0.0
2026-06-18T02:44:55,ERR,ERR,ERR,ERR,ERR,ERR,ERR,ERR,ERR,ERR,ERR,ERR,ERR,ERR,ERR,ERR,ERR,ERR,ERR,ERR,ERR,ERR,ERR,ERR,ERR,ERR,ERR,ERR,ERR,ERR,ERR,ERR,ERR,ERR,ERR,ERR,ERR,ERR,ERR,ERR,ERR,ERR,ERR,ERR,ERR,ERR,ERR,ERR,ERR,ERR,ERR,ERR,ERR,ERR,ERR,ERR,ERR,ERR,ERR,ERR,ERR,ERR,ERR,ERR,ERR,ERR,ERR,ERR,ERR,ERR,ERR,ERR,ERR,ERR,ERR,ERR,ERR,ERR,ERR,ERR,ERR,ERR,ERR,ERR,ERR,ERR,ERR,ERR,ERR,ERR,ERR,ERR,ERR,ERR,ERR,ERR,ERR,ERR,ERR,ERR,ERR,ERR,ERR,ERR,ERR,ERR,ERR,ERR,ERR,ERR,ERR,ERR,ERR,ERR,ERR,ERR,ERR,ERR,ERR,ERR,ERR,ERR,ERR,ERR,ERR,2.7184312818759872e+23,0.0,0.0,0.059,nan,1.3936040501711995e+18,7.805,-0.001,0,0,4,48935,6720,14723890282496.0,100,0.0,0.0,0.0,0.059,0.0,0,0,0,0,0.0,0,0,0,0,0,0,0,0,0,0,0,0,0,0,0,0,0,0,0,0,0,0,0,0,0,0,0,0,0,0,0,0,0,26,51,50,76,65476,0,300,0,0,8,21553,0.0,-107605600.0,0.0,0.0,0.0,0.0,0.0,0.0,0.0,0.0,0.0,0.0,0.0,0.0,0.0,0.0,0.0,0.0,0.0,0.0,0.0,0.0,-0.0,0.0,-2.004,-0.0,0.0,0.0,0.0,0.0,4830.0,131350.344,7273.0,2.7184312818759872e+23,0.0,2.7184303811560617e+23,2.718431101732002e+23,0.0,0.0,0.0,0.0,77,-4.950428984743027e+32,1.905684548377641e+17,0.0,0.0,0.0,0.0,0.0,0.0,0.0,0,0,0,0.0,0.0,0.0,0.0,0.0,0.0,0.0,0.0,0.0,0.0,0.0,0.0,0.0,0.0,0.0,0.0,0,-107875648.0,77,0.0,154,0.0,-101056864.0,ERR,ERR,ERR,ERR,ERR,ERR,ERR,ERR,ERR,ERR,ERR,ERR,ERR,ERR,ERR,ERR,ERR,ERR,ERR,ERR,ERR,ERR,ERR,ERR,ERR,ERR,ERR,ERR,ERR,ERR,ERR,ERR,ERR,ERR,ERR,ERR,ERR,ERR,ERR,ERR,ERR,ERR,ERR,ERR,ERR,ERR,ERR,ERR,ERR,ERR,ERR,ERR,ERR,ERR,ERR,ERR,ERR,ERR,ERR,ERR,ERR,ERR,ERR,ERR,ERR,ERR,ERR,34.0,80.0,35,0.0,0.0,0.0,0.0,0.0,0.0,0.0,0.0,0.0,0.0,0.0,0.0,0.0,0.0,0.0,0.0,66.4,0,120,58,53,65476,0,300,0,0,8,20529,65476,0,0,57672,80.0,0.0,0.0,0.0,0.0,0.0
2026-06-18T02:44:56,ERR,ERR,ERR,ERR,ERR,ERR,ERR,ERR,ERR,ERR,ERR,ERR,ERR,ERR,ERR,ERR,ERR,ERR,ERR,ERR,ERR,ERR,ERR,ERR,ERR,ERR,ERR,ERR,ERR,ERR,ERR,ERR,ERR,ERR,ERR,ERR,ERR,ERR,ERR,ERR,ERR,ERR,ERR,ERR,ERR,ERR,ERR,ERR,ERR,ERR,ERR,ERR,ERR,ERR,ERR,ERR,ERR,ERR,ERR,ERR,ERR,ERR,ERR,ERR,ERR,ERR,ERR,ERR,ERR,ERR,ERR,ERR,ERR,ERR,ERR,ERR,ERR,ERR,ERR,ERR,ERR,ERR,ERR,ERR,ERR,ERR,ERR,ERR,ERR,ERR,ERR,ERR,ERR,ERR,ERR,ERR,ERR,ERR,ERR,ERR,ERR,ERR,ERR,ERR,ERR,ERR,ERR,ERR,ERR,ERR,ERR,ERR,ERR,ERR,ERR,ERR,ERR,ERR,ERR,ERR,ERR,ERR,ERR,ERR,ERR,2.7184312818759872e+23,0.0,0.0,0.059,nan,1.3936040501711995e+18,7.805,-0.001,0,0,4,48935,6720,14723890282496.0,100,0.0,0.0,0.0,0.059,0.0,0,0,0,0,0.0,0,0,0,0,0,0,0,0,0,0,0,0,0,0,0,0,0,0,0,0,0,0,0,0,0,0,0,0,0,0,0,0,0,26,51,50,76,65476,0,300,0,0,8,21553,0.0,-107605600.0,0.0,0.0,0.0,0.0,0.0,0.0,0.0,0.0,0.0,0.0,0.0,0.0,0.0,0.0,0.0,0.0,0.0,0.0,0.0,0.0,-0.0,0.0,-2.004,-0.0,0.0,0.0,0.0,0.0,4830.0,131350.344,7273.0,2.7184312818759872e+23,0.0,2.7184303811560617e+23,2.718431101732002e+23,0.0,0.0,0.0,0.0,77,-4.950428984743027e+32,1.905684548377641e+17,0.0,0.0,0.0,0.0,0.0,0.0,0.0,0,0,0,0.0,0.0,0.0,0.0,0.0,0.0,0.0,0.0,0.0,0.0,0.0,0.0,0.0,0.0,0.0,0.0,0,-107875648.0,77,0.0,154,0.0,-101056864.0,ERR,ERR,ERR,ERR,ERR,ERR,ERR,ERR,ERR,ERR,ERR,ERR,ERR,ERR,ERR,ERR,ERR,ERR,ERR,ERR,ERR,ERR,ERR,ERR,ERR,ERR,ERR,ERR,ERR,ERR,ERR,ERR,ERR,ERR,ERR,ERR,ERR,ERR,ERR,ERR,ERR,ERR,ERR,ERR,ERR,ERR,ERR,ERR,ERR,ERR,ERR,ERR,ERR,ERR,ERR,ERR,ERR,ERR,ERR,ERR,ERR,ERR,ERR,ERR,ERR,ERR,ERR,34.0,80.0,35,0.0,0.0,0.0,0.0,0.0,0.0,0.0,0.0,0.0,0.0,0.0,0.0,0.0,0.0,0.0,0.0,65.6,0,120,58,53,65476,0,300,0,0,8,20529,65476,0,0,57672,80.0,0.0,0.0,0.0,0.0,0.0
2026-06-18T02:44:57,ERR,ERR,ERR,ERR,ERR,ERR,ERR,ERR,ERR,ERR,ERR,ERR,ERR,ERR,ERR,ERR,ERR,ERR,ERR,ERR,ERR,ERR,ERR,ERR,ERR,ERR,ERR,ERR,ERR,ERR,ERR,ERR,ERR,ERR,ERR,ERR,ERR,ERR,ERR,ERR,ERR,ERR,ERR,ERR,ERR,ERR,ERR,ERR,ERR,ERR,ERR,ERR,ERR,ERR,ERR,ERR,ERR,ERR,ERR,ERR,ERR,ERR,ERR,ERR,ERR,ERR,ERR,ERR,ERR,ERR,ERR,ERR,ERR,ERR,ERR,ERR,ERR,ERR,ERR,ERR,ERR,ERR,ERR,ERR,ERR,ERR,ERR,ERR,ERR,ERR,ERR,ERR,ERR,ERR,ERR,ERR,ERR,ERR,ERR,ERR,ERR,ERR,ERR,ERR,ERR,ERR,ERR,ERR,ERR,ERR,ERR,ERR,ERR,ERR,ERR,ERR,ERR,ERR,ERR,ERR,ERR,ERR,ERR,ERR,ERR,2.7184312818759872e+23,0.0,0.0,0.059,nan,1.3936040501711995e+18,7.805,-0.001,0,0,4,48935,6720,14723890282496.0,100,0.0,0.0,0.0,0.059,0.0,0,0,0,0,0.0,0,0,0,0,0,0,0,0,0,0,0,0,0,0,0,0,0,0,0,0,0,0,0,0,0,0,0,0,0,0,0,0,0,26,51,50,76,65476,0,300,0,0,8,21553,0.0,-107605600.0,0.0,0.0,0.0,0.0,0.0,0.0,0.0,0.0,0.0,0.0,0.0,0.0,0.0,0.0,0.0,0.0,0.0,0.0,0.0,0.0,-0.0,0.0,-2.004,-0.0,0.0,0.0,0.0,0.0,4830.0,131350.344,7273.0,2.7184312818759872e+23,0.0,2.7184303811560617e+23,2.718431101732002e+23,0.0,0.0,0.0,0.0,77,-4.950428984743027e+32,1.905684548377641e+17,0.0,0.0,0.0,0.0,0.0,0.0,0.0,0,0,0,0.0,0.0,0.0,0.0,0.0,0.0,0.0,0.0,0.0,0.0,0.0,0.0,0.0,0.0,0.0,0.0,0,-107875648.0,77,0.0,154,0.0,-101056864.0,ERR,ERR,ERR,ERR,ERR,ERR,ERR,ERR,ERR,ERR,ERR,ERR,ERR,ERR,ERR,ERR,ERR,ERR,ERR,ERR,ERR,ERR,ERR,ERR,ERR,ERR,ERR,ERR,ERR,ERR,ERR,ERR,ERR,ERR,ERR,ERR,ERR,ERR,ERR,ERR,ERR,ERR,ERR,ERR,ERR,ERR,ERR,ERR,ERR,ERR,ERR,ERR,ERR,ERR,ERR,ERR,ERR,ERR,ERR,ERR,ERR,ERR,ERR,ERR,ERR,ERR,ERR,34.0,80.0,35,0.0,0.0,0.0,0.0,0.0,0.0,0.0,0.0,0.0,0.0,0.0,0.0,0.0,0.0,0.0,0.0,66.4,0,120,58,53,65476,0,300,0,0,8,20529,65476,0,0,57672,80.0,0.0,0.0,0.0,0.0,0.0
2026-06-18T02:44:58,ERR,ERR,ERR,ERR,ERR,ERR,ERR,ERR,ERR,ERR,ERR,ERR,ERR,ERR,ERR,ERR,ERR,ERR,ERR,ERR,ERR,ERR,ERR,ERR,ERR,ERR,ERR,ERR,ERR,ERR,ERR,ERR,ERR,ERR,ERR,ERR,ERR,ERR,ERR,ERR,ERR,ERR,ERR,ERR,ERR,ERR,ERR,ERR,ERR,ERR,ERR,ERR,ERR,ERR,ERR,ERR,ERR,ERR,ERR,ERR,ERR,ERR,ERR,ERR,ERR,ERR,ERR,ERR,ERR,ERR,ERR,ERR,ERR,ERR,ERR,ERR,ERR,ERR,ERR,ERR,ERR,ERR,ERR,ERR,ERR,ERR,ERR,ERR,ERR,ERR,ERR,ERR,ERR,ERR,ERR,ERR,ERR,ERR,ERR,ERR,ERR,ERR,ERR,ERR,ERR,ERR,ERR,ERR,ERR,ERR,ERR,ERR,ERR,ERR,ERR,ERR,ERR,ERR,ERR,ERR,ERR,ERR,ERR,ERR,ERR,2.7184312818759872e+23,0.0,0.0,-152005385388032.0,1.6,1.3936040501711995e+18,7.805,0.0,0,0,4,48927,6720,14723890282496.0,100,0.0,0.0,0.0,2.718290229135658e+23,0.0,0,0,0,0,0.0,0,0,0,0,0,0,0,0,0,0,0,0,0,0,0,0,0,0,0,0,0,0,0,0,0,0,0,0,0,0,0,0,0,26,51,50,76,65476,0,300,0,0,8,21553,0.0,-107605600.0,0.0,0.0,0.0,0.0,0.0,0.0,0.0,0.0,0.0,0.0,0.0,0.0,0.0,0.0,0.0,0.0,0.0,0.0,0.0,0.0,-0.0,0.0,-0.0,-0.0,0.0,0.0,0.0,0.0,4828.0,0.0,7267.0,0.0,0.0,-0.0,2.718431101732002e+23,0.0,0.0,0.0,0.0,77,-3.2220289616203523e+26,0.0,0.0,0.0,0.0,0.0,0.0,0.0,0.0,0,0,0,0.0,0.0,0.0,0.0,0.0,0.0,0.0,0.0,0.0,0.0,0.0,0.0,0.0,0.0,0.0,0.0,0,-107875648.0,77,0.0,154,0.0,0.0,ERR,ERR,ERR,ERR,ERR,ERR,ERR,ERR,ERR,ERR,ERR,ERR,ERR,ERR,ERR,ERR,ERR,ERR,ERR,ERR,ERR,ERR,ERR,ERR,ERR,ERR,ERR,ERR,ERR,ERR,ERR,ERR,ERR,ERR,ERR,ERR,ERR,ERR,ERR,ERR,ERR,ERR,ERR,ERR,ERR,ERR,ERR,ERR,ERR,ERR,ERR,ERR,ERR,ERR,ERR,ERR,ERR,ERR,ERR,ERR,ERR,ERR,ERR,ERR,ERR,ERR,ERR,34.0,80.0,35,0.0,0.0,0.0,0.0,0.0,0.0,0.0,0.0,0.0,0.0,0.0,0.0,0.0,0.0,0.0,0.0,66.4,0,120,58,53,65476,0,300,0,0,8,20529,65476,0,0,57672,80.0,0.0,0.0,0.0,0.0,0.0
2026-06-18T02:44:59,ERR,ERR,ERR,ERR,ERR,ERR,ERR,ERR,ERR,ERR,ERR,ERR,ERR,ERR,ERR,ERR,ERR,ERR,ERR,ERR,ERR,ERR,ERR,ERR,ERR,ERR,ERR,ERR,ERR,ERR,ERR,ERR,ERR,ERR,ERR,ERR,ERR,ERR,ERR,ERR,ERR,ERR,ERR,ERR,ERR,ERR,ERR,ERR,ERR,ERR,ERR,ERR,ERR,ERR,ERR,ERR,ERR,ERR,ERR,ERR,ERR,ERR,ERR,ERR,ERR,ERR,ERR,ERR,ERR,ERR,ERR,ERR,ERR,ERR,ERR,ERR,ERR,ERR,ERR,ERR,ERR,ERR,ERR,ERR,ERR,ERR,ERR,ERR,ERR,ERR,ERR,ERR,ERR,ERR,ERR,ERR,ERR,ERR,ERR,ERR,ERR,ERR,ERR,ERR,ERR,ERR,ERR,ERR,ERR,ERR,ERR,ERR,ERR,ERR,ERR,ERR,ERR,ERR,ERR,ERR,ERR,ERR,ERR,ERR,ERR,2.7184312818759872e+23,0.0,0.0,-152005385388032.0,1.6,1.3936040501711995e+18,7.805,0.0,0,0,4,48927,6720,14723890282496.0,100,0.0,0.0,0.0,2.718290229135658e+23,0.0,0,0,0,0,0.0,0,0,0,0,0,0,0,0,0,0,0,0,0,0,0,0,0,0,0,0,0,0,0,0,0,0,0,0,0,0,0,0,0,26,51,50,76,65476,0,300,0,0,8,21553,0.0,-107605600.0,0.0,0.0,0.0,0.0,0.0,0.0,0.0,0.0,0.0,0.0,0.0,0.0,0.0,0.0,0.0,0.0,0.0,0.0,0.0,0.0,-0.0,0.0,-0.0,-0.0,0.0,0.0,0.0,0.0,4828.0,0.0,7267.0,0.0,0.0,-0.0,2.718431101732002e+23,0.0,0.0,0.0,0.0,77,-3.2220289616203523e+26,0.0,0.0,0.0,0.0,0.0,0.0,0.0,0.0,0,0,0,0.0,0.0,0.0,0.0,0.0,0.0,0.0,0.0,0.0,0.0,0.0,0.0,0.0,0.0,0.0,0.0,0,-107875648.0,77,0.0,154,0.0,0.0,ERR,ERR,ERR,ERR,ERR,ERR,ERR,ERR,ERR,ERR,ERR,ERR,ERR,ERR,ERR,ERR,ERR,ERR,ERR,ERR,ERR,ERR,ERR,ERR,ERR,ERR,ERR,ERR,ERR,ERR,ERR,ERR,ERR,ERR,ERR,ERR,ERR,ERR,ERR,ERR,ERR,ERR,ERR,ERR,ERR,ERR,ERR,ERR,ERR,ERR,ERR,ERR,ERR,ERR,ERR,ERR,ERR,ERR,ERR,ERR,ERR,ERR,ERR,ERR,ERR,ERR,ERR,34.0,80.0,35,0.0,0.0,0.0,0.0,0.0,0.0,0.0,0.0,0.0,0.0,0.0,0.0,0.0,0.0,0.0,0.0,65.6,0,120,58,53,65476,0,300,0,0,8,20529,65476,0,0,57672,80.0,0.0,0.0,0.0,0.0,0.0
2026-06-18T02:45:00,ERR,ERR,ERR,ERR,ERR,ERR,ERR,ERR,ERR,ERR,ERR,ERR,ERR,ERR,ERR,ERR,ERR,ERR,ERR,ERR,ERR,ERR,ERR,ERR,ERR,ERR,ERR,ERR,ERR,ERR,ERR,ERR,ERR,ERR,ERR,ERR,ERR,ERR,ERR,ERR,ERR,ERR,ERR,ERR,ERR,ERR,ERR,ERR,ERR,ERR,ERR,ERR,ERR,ERR,ERR,ERR,ERR,ERR,ERR,ERR,ERR,ERR,ERR,ERR,ERR,ERR,ERR,ERR,ERR,ERR,ERR,ERR,ERR,ERR,ERR,ERR,ERR,ERR,ERR,ERR,ERR,ERR,ERR,ERR,ERR,ERR,ERR,ERR,ERR,ERR,ERR,ERR,ERR,ERR,ERR,ERR,ERR,ERR,ERR,ERR,ERR,ERR,ERR,ERR,ERR,ERR,ERR,ERR,ERR,ERR,ERR,ERR,ERR,ERR,ERR,ERR,ERR,ERR,ERR,ERR,ERR,ERR,ERR,ERR,ERR,2.7184312818759872e+23,0.0,0.0,-152005385388032.0,1.6,1.3936040501711995e+18,7.805,0.0,0,0,4,48927,6720,14723890282496.0,100,0.0,0.0,0.0,2.718290229135658e+23,0.0,0,0,0,0,0.0,0,0,0,0,0,0,0,0,0,0,0,0,0,0,0,0,0,0,0,0,0,0,0,0,0,0,0,0,0,0,0,0,0,26,51,50,76,65476,0,300,0,0,8,21553,0.0,-107605600.0,0.0,0.0,0.0,0.0,0.0,0.0,0.0,0.0,0.0,0.0,0.0,0.0,0.0,0.0,0.0,0.0,0.0,0.0,0.0,0.0,-0.0,0.0,-0.0,-0.0,0.0,0.0,0.0,0.0,4828.0,0.0,7267.0,0.0,0.0,-0.0,2.718431101732002e+23,0.0,0.0,0.0,0.0,77,-3.2220289616203523e+26,0.0,0.0,0.0,0.0,0.0,0.0,0.0,0.0,0,0,0,0.0,0.0,0.0,0.0,0.0,0.0,0.0,0.0,0.0,0.0,0.0,0.0,0.0,0.0,0.0,0.0,0,-107875648.0,77,0.0,154,0.0,0.0,ERR,ERR,ERR,ERR,ERR,ERR,ERR,ERR,ERR,ERR,ERR,ERR,ERR,ERR,ERR,ERR,ERR,ERR,ERR,ERR,ERR,ERR,ERR,ERR,ERR,ERR,ERR,ERR,ERR,ERR,ERR,ERR,ERR,ERR,ERR,ERR,ERR,ERR,ERR,ERR,ERR,ERR,ERR,ERR,ERR,ERR,ERR,ERR,ERR,ERR,ERR,ERR,ERR,ERR,ERR,ERR,ERR,ERR,ERR,ERR,ERR,ERR,ERR,ERR,ERR,ERR,ERR,34.0,80.0,35,0.0,0.0,0.0,0.0,0.0,0.0,0.0,0.0,0.0,0.0,0.0,0.0,0.0,0.0,0.0,0.0,65.6,0,120,58,53,65476,0,300,0,0,8,20529,65476,0,0,57672,80.0,0.0,0.0,0.0,0.0,0.0
2026-06-18T02:45:01,ERR,ERR,ERR,ERR,ERR,ERR,ERR,ERR,ERR,ERR,ERR,ERR,ERR,ERR,ERR,ERR,ERR,ERR,ERR,ERR,ERR,ERR,ERR,ERR,ERR,ERR,ERR,ERR,ERR,ERR,ERR,ERR,ERR,ERR,ERR,ERR,ERR,ERR,ERR,ERR,ERR,ERR,ERR,ERR,ERR,ERR,ERR,ERR,ERR,ERR,ERR,ERR,ERR,ERR,ERR,ERR,ERR,ERR,ERR,ERR,ERR,ERR,ERR,ERR,ERR,ERR,ERR,ERR,ERR,ERR,ERR,ERR,ERR,ERR,ERR,ERR,ERR,ERR,ERR,ERR,ERR,ERR,ERR,ERR,ERR,ERR,ERR,ERR,ERR,ERR,ERR,ERR,ERR,ERR,ERR,ERR,ERR,ERR,ERR,ERR,ERR,ERR,ERR,ERR,ERR,ERR,ERR,ERR,ERR,ERR,ERR,ERR,ERR,ERR,ERR,ERR,ERR,ERR,ERR,ERR,ERR,ERR,ERR,ERR,ERR,2.7184312818759872e+23,0.0,0.0,-152005385388032.0,1.6,1.3936040501711995e+18,7.805,0.0,0,0,4,48927,6720,14723890282496.0,100,0.0,0.0,0.0,2.718290229135658e+23,0.0,0,0,0,0,0.0,0,0,0,0,0,0,0,0,0,0,0,0,0,0,0,0,0,0,0,0,0,0,0,0,0,0,0,0,0,0,0,0,0,26,51,50,76,65476,0,300,0,0,8,21553,0.0,-107605600.0,0.0,0.0,0.0,0.0,0.0,0.0,0.0,0.0,0.0,0.0,0.0,0.0,0.0,0.0,0.0,0.0,0.0,0.0,0.0,0.0,-0.0,0.0,-0.0,-0.0,0.0,0.0,0.0,0.0,4828.0,0.0,7267.0,0.0,0.0,-0.0,2.718431101732002e+23,0.0,0.0,0.0,0.0,77,-3.2220289616203523e+26,0.0,0.0,0.0,0.0,0.0,0.0,0.0,0.0,0,0,0,0.0,0.0,0.0,0.0,0.0,0.0,0.0,0.0,0.0,0.0,0.0,0.0,0.0,0.0,0.0,0.0,0,-107875648.0,77,0.0,154,0.0,0.0,ERR,ERR,ERR,ERR,ERR,ERR,ERR,ERR,ERR,ERR,ERR,ERR,ERR,ERR,ERR,ERR,ERR,ERR,ERR,ERR,ERR,ERR,ERR,ERR,ERR,ERR,ERR,ERR,ERR,ERR,ERR,ERR,ERR,ERR,ERR,ERR,ERR,ERR,ERR,ERR,ERR,ERR,ERR,ERR,ERR,ERR,ERR,ERR,ERR,ERR,ERR,ERR,ERR,ERR,ERR,ERR,ERR,ERR,ERR,ERR,ERR,ERR,ERR,ERR,ERR,ERR,ERR,34.0,80.0,35,0.0,0.0,0.0,0.0,0.0,0.0,0.0,0.0,0.0,0.0,0.0,0.0,0.0,0.0,0.0,0.0,65.6,0,120,58,53,65476,0,300,0,0,8,20529,65476,0,0,57672,80.0,0.0,0.0,0.0,0.0,0.0
2026-06-18T02:45:02,ERR,ERR,ERR,ERR,ERR,ERR,ERR,ERR,ERR,ERR,ERR,ERR,ERR,ERR,ERR,ERR,ERR,ERR,ERR,ERR,ERR,ERR,ERR,ERR,ERR,ERR,ERR,ERR,ERR,ERR,ERR,ERR,ERR,ERR,ERR,ERR,ERR,ERR,ERR,ERR,ERR,ERR,ERR,ERR,ERR,ERR,ERR,ERR,ERR,ERR,ERR,ERR,ERR,ERR,ERR,ERR,ERR,ERR,ERR,ERR,ERR,ERR,ERR,ERR,ERR,ERR,ERR,ERR,ERR,ERR,ERR,ERR,ERR,ERR,ERR,ERR,ERR,ERR,ERR,ERR,ERR,ERR,ERR,ERR,ERR,ERR,ERR,ERR,ERR,ERR,ERR,ERR,ERR,ERR,ERR,ERR,ERR,ERR,ERR,ERR,ERR,ERR,ERR,ERR,ERR,ERR,ERR,ERR,ERR,ERR,ERR,ERR,ERR,ERR,ERR,ERR,ERR,ERR,ERR,ERR,ERR,ERR,ERR,ERR,ERR,2.7184312818759872e+23,0.0,0.0,-152005385388032.0,1.6,1.3936040501711995e+18,7.805,0.0,0,0,4,48927,6720,14723890282496.0,100,0.0,0.0,0.0,2.718290229135658e+23,0.0,0,0,0,0,0.0,0,0,0,0,0,0,0,0,0,0,0,0,0,0,0,0,0,0,0,0,0,0,0,0,0,0,0,0,0,0,0,0,0,26,51,50,76,65476,0,300,0,0,8,21553,0.0,-107605600.0,0.0,0.0,0.0,0.0,0.0,0.0,0.0,0.0,0.0,0.0,0.0,0.0,0.0,0.0,0.0,0.0,0.0,0.0,0.0,0.0,-0.0,0.0,-0.0,-0.0,0.0,0.0,0.0,0.0,4828.0,0.0,7267.0,0.0,0.0,-0.0,2.718431101732002e+23,0.0,0.0,0.0,0.0,77,-3.2220289616203523e+26,0.0,0.0,0.0,0.0,0.0,0.0,0.0,0.0,0,0,0,0.0,0.0,0.0,0.0,0.0,0.0,0.0,0.0,0.0,0.0,0.0,0.0,0.0,0.0,0.0,0.0,0,-107875648.0,77,0.0,154,0.0,0.0,ERR,ERR,ERR,ERR,ERR,ERR,ERR,ERR,ERR,ERR,ERR,ERR,ERR,ERR,ERR,ERR,ERR,ERR,ERR,ERR,ERR,ERR,ERR,ERR,ERR,ERR,ERR,ERR,ERR,ERR,ERR,ERR,ERR,ERR,ERR,ERR,ERR,ERR,ERR,ERR,ERR,ERR,ERR,ERR,ERR,ERR,ERR,ERR,ERR,ERR,ERR,ERR,ERR,ERR,ERR,ERR,ERR,ERR,ERR,ERR,ERR,ERR,ERR,ERR,ERR,ERR,ERR,34.0,80.0,35,0.0,0.0,0.0,0.0,0.0,0.0,0.0,0.0,0.0,0.0,0.0,0.0,0.0,0.0,0.0,0.0,65.6,0,120,58,53,65476,0,300,0,0,8,20529,65476,0,0,57672,80.0,0.0,0.0,0.0,0.0,0.0
2026-06-18T02:45:03,ERR,ERR,ERR,ERR,ERR,ERR,ERR,ERR,ERR,ERR,ERR,ERR,ERR,ERR,ERR,ERR,ERR,ERR,ERR,ERR,ERR,ERR,ERR,ERR,ERR,ERR,ERR,ERR,ERR,ERR,ERR,ERR,ERR,ERR,ERR,ERR,ERR,ERR,ERR,ERR,ERR,ERR,ERR,ERR,ERR,ERR,ERR,ERR,ERR,ERR,ERR,ERR,ERR,ERR,ERR,ERR,ERR,ERR,ERR,ERR,ERR,ERR,ERR,ERR,ERR,ERR,ERR,ERR,ERR,ERR,ERR,ERR,ERR,ERR,ERR,ERR,ERR,ERR,ERR,ERR,ERR,ERR,ERR,ERR,ERR,ERR,ERR,ERR,ERR,ERR,ERR,ERR,ERR,ERR,ERR,ERR,ERR,ERR,ERR,ERR,ERR,ERR,ERR,ERR,ERR,ERR,ERR,ERR,ERR,ERR,ERR,ERR,ERR,ERR,ERR,ERR,ERR,ERR,ERR,ERR,ERR,ERR,ERR,ERR,ERR,0.0,0.0,-0.0,0.0,nan,1.3936040501711995e+18,7.805,118629576.0,0,0,4,48927,6720,14723890282496.0,100,0.0,0.0,0.0,0.0,0.0,0,0,0,0,0.0,0,0,0,0,0,0,0,0,0,0,0,0,0,0,0,0,0,0,0,0,0,0,0,0,0,0,0,0,0,0,0,0,0,26,51,50,76,65476,0,300,0,0,8,21553,0.0,-107605600.0,0.0,0.0,0.0,0.0,0.0,0.0,0.0,0.0,0.0,0.0,0.0,0.0,0.0,0.0,0.0,0.0,0.0,0.0,0.0,0.0,-2.004,0.0,-2.004,-0.0,0.0,0.0,0.0,0.0,4828.0,0.0,7234.0,0.0,0.0,-0.0,2.718431101732002e+23,0.0,0.0,0.0,0.0,77,-3.2220289616203523e+26,0.0,0.0,0.0,0.0,0.0,0.0,0.0,0.0,0,0,0,0.0,0.0,0.0,0.0,0.0,0.0,0.0,0.0,0.0,0.0,0.0,0.0,0.0,0.0,0.0,0.0,0,-107875648.0,77,0.0,154,0.0,0.0,ERR,ERR,ERR,ERR,ERR,ERR,ERR,ERR,ERR,ERR,ERR,ERR,ERR,ERR,ERR,ERR,ERR,ERR,ERR,ERR,ERR,ERR,ERR,ERR,ERR,ERR,ERR,ERR,ERR,ERR,ERR,ERR,ERR,ERR,ERR,ERR,ERR,ERR,ERR,ERR,ERR,ERR,ERR,ERR,ERR,ERR,ERR,ERR,ERR,ERR,ERR,ERR,ERR,ERR,ERR,ERR,ERR,ERR,ERR,ERR,ERR,ERR,ERR,ERR,ERR,ERR,ERR,34.0,80.0,35,0.0,0.0,0.0,0.0,0.0,0.0,0.0,0.0,0.0,0.0,0.0,0.0,0.0,0.0,0.0,0.0,65.6,0,120,58,53,65476,0,300,0,0,8,20529,65476,0,0,57672,80.0,0.0,0.0,0.0,0.0,0.0
2026-06-18T02:45:04,ERR,ERR,ERR,ERR,ERR,ERR,ERR,ERR,ERR,ERR,ERR,ERR,ERR,ERR,ERR,ERR,ERR,ERR,ERR,ERR,ERR,ERR,ERR,ERR,ERR,ERR,ERR,ERR,ERR,ERR,ERR,ERR,ERR,ERR,ERR,ERR,ERR,ERR,ERR,ERR,ERR,ERR,ERR,ERR,ERR,ERR,ERR,ERR,ERR,ERR,ERR,ERR,ERR,ERR,ERR,ERR,ERR,ERR,ERR,ERR,ERR,ERR,ERR,ERR,ERR,ERR,ERR,ERR,ERR,ERR,ERR,ERR,ERR,ERR,ERR,ERR,ERR,ERR,ERR,ERR,ERR,ERR,ERR,ERR,ERR,ERR,ERR,ERR,ERR,ERR,ERR,ERR,ERR,ERR,ERR,ERR,ERR,ERR,ERR,ERR,ERR,ERR,ERR,ERR,ERR,ERR,ERR,ERR,ERR,ERR,ERR,ERR,ERR,ERR,ERR,ERR,ERR,ERR,ERR,ERR,ERR,ERR,ERR,ERR,ERR,0.0,0.0,-0.0,0.0,nan,1.3936040501711995e+18,7.805,118629576.0,0,0,4,48927,6720,14723890282496.0,100,0.0,0.0,0.0,0.0,0.0,0,0,0,0,0.0,0,0,0,0,0,0,0,0,0,0,0,0,0,0,0,0,0,0,0,0,0,0,0,0,0,0,0,0,0,0,0,0,0,26,51,50,76,65476,0,300,0,0,8,21553,0.0,-107605600.0,0.0,0.0,0.0,0.0,0.0,0.0,0.0,0.0,0.0,0.0,0.0,0.0,0.0,0.0,0.0,0.0,0.0,0.0,0.0,0.0,-2.004,0.0,-2.004,-0.0,0.0,0.0,0.0,0.0,4828.0,0.0,7234.0,0.0,0.0,-0.0,2.718431101732002e+23,0.0,0.0,0.0,0.0,77,-3.2220289616203523e+26,0.0,0.0,0.0,0.0,0.0,0.0,0.0,0.0,0,0,0,0.0,0.0,0.0,0.0,0.0,0.0,0.0,0.0,0.0,0.0,0.0,0.0,0.0,0.0,0.0,0.0,0,-107875648.0,77,0.0,154,0.0,0.0,ERR,ERR,ERR,ERR,ERR,ERR,ERR,ERR,ERR,ERR,ERR,ERR,ERR,ERR,ERR,ERR,ERR,ERR,ERR,ERR,ERR,ERR,ERR,ERR,ERR,ERR,ERR,ERR,ERR,ERR,ERR,ERR,ERR,ERR,ERR,ERR,ERR,ERR,ERR,ERR,ERR,ERR,ERR,ERR,ERR,ERR,ERR,ERR,ERR,ERR,ERR,ERR,ERR,ERR,ERR,ERR,ERR,ERR,ERR,ERR,ERR,ERR,ERR,ERR,ERR,ERR,ERR,34.0,80.0,35,0.0,0.0,0.0,0.0,0.0,0.0,0.0,0.0,0.0,0.0,0.0,0.0,0.0,0.0,0.0,0.0,65.6,0,120,58,53,65476,0,300,0,0,8,20529,65476,0,0,57672,80.0,0.0,0.0,0.0,0.0,0.0
2026-06-18T02:45:05,ERR,ERR,ERR,ERR,ERR,ERR,ERR,ERR,ERR,ERR,ERR,ERR,ERR,ERR,ERR,ERR,ERR,ERR,ERR,ERR,ERR,ERR,ERR,ERR,ERR,ERR,ERR,ERR,ERR,ERR,ERR,ERR,ERR,ERR,ERR,ERR,ERR,ERR,ERR,ERR,ERR,ERR,ERR,ERR,ERR,ERR,ERR,ERR,ERR,ERR,ERR,ERR,ERR,ERR,ERR,ERR,ERR,ERR,ERR,ERR,ERR,ERR,ERR,ERR,ERR,ERR,ERR,ERR,ERR,ERR,ERR,ERR,ERR,ERR,ERR,ERR,ERR,ERR,ERR,ERR,ERR,ERR,ERR,ERR,ERR,ERR,ERR,ERR,ERR,ERR,ERR,ERR,ERR,ERR,ERR,ERR,ERR,ERR,ERR,ERR,ERR,ERR,ERR,ERR,ERR,ERR,ERR,ERR,ERR,ERR,ERR,ERR,ERR,ERR,ERR,ERR,ERR,ERR,ERR,ERR,ERR,ERR,ERR,ERR,ERR,0.0,0.0,-0.0,0.0,nan,1.3936040501711995e+18,7.805,118629576.0,0,0,4,48927,6720,14723890282496.0,100,0.0,0.0,0.0,0.0,0.0,0,0,0,0,0.0,0,0,0,0,0,0,0,0,0,0,0,0,0,0,0,0,0,0,0,0,0,0,0,0,0,0,0,0,0,0,0,0,0,26,51,50,76,65476,0,300,0,0,8,21553,0.0,-107605600.0,0.0,0.0,0.0,0.0,0.0,0.0,0.0,0.0,0.0,0.0,0.0,0.0,0.0,0.0,0.0,0.0,0.0,0.0,0.0,0.0,-2.004,0.0,-2.004,-0.0,0.0,0.0,0.0,0.0,4828.0,0.0,7234.0,0.0,0.0,-0.0,2.718431101732002e+23,0.0,0.0,0.0,0.0,77,-3.2220289616203523e+26,0.0,0.0,0.0,0.0,0.0,0.0,0.0,0.0,0,0,0,0.0,0.0,0.0,0.0,0.0,0.0,0.0,0.0,0.0,0.0,0.0,0.0,0.0,0.0,0.0,0.0,0,-107875648.0,77,0.0,154,0.0,0.0,ERR,ERR,ERR,ERR,ERR,ERR,ERR,ERR,ERR,ERR,ERR,ERR,ERR,ERR,ERR,ERR,ERR,ERR,ERR,ERR,ERR,ERR,ERR,ERR,ERR,ERR,ERR,ERR,ERR,ERR,ERR,ERR,ERR,ERR,ERR,ERR,ERR,ERR,ERR,ERR,ERR,ERR,ERR,ERR,ERR,ERR,ERR,ERR,ERR,ERR,ERR,ERR,ERR,ERR,ERR,ERR,ERR,ERR,ERR,ERR,ERR,ERR,ERR,ERR,ERR,ERR,ERR,34.0,80.0,35,0.0,0.0,0.0,0.0,0.0,0.0,0.0,0.0,0.0,0.0,0.0,0.0,0.0,0.0,0.0,0.0,66.4,0,120,58,53,65476,0,300,0,0,8,20529,65476,0,0,57672,80.0,0.0,0.0,0.0,0.0,0.0
2026-06-18T02:45:06,ERR,ERR,ERR,ERR,ERR,ERR,ERR,ERR,ERR,ERR,ERR,ERR,ERR,ERR,ERR,ERR,ERR,ERR,ERR,ERR,ERR,ERR,ERR,ERR,ERR,ERR,ERR,ERR,ERR,ERR,ERR,ERR,ERR,ERR,ERR,ERR,ERR,ERR,ERR,ERR,ERR,ERR,ERR,ERR,ERR,ERR,ERR,ERR,ERR,ERR,ERR,ERR,ERR,ERR,ERR,ERR,ERR,ERR,ERR,ERR,ERR,ERR,ERR,ERR,ERR,ERR,ERR,ERR,ERR,ERR,ERR,ERR,ERR,ERR,ERR,ERR,ERR,ERR,ERR,ERR,ERR,ERR,ERR,ERR,ERR,ERR,ERR,ERR,ERR,ERR,ERR,ERR,ERR,ERR,ERR,ERR,ERR,ERR,ERR,ERR,ERR,ERR,ERR,ERR,ERR,ERR,ERR,ERR,ERR,ERR,ERR,ERR,ERR,ERR,ERR,ERR,ERR,ERR,ERR,ERR,ERR,ERR,ERR,ERR,ERR,0.0,0.0,-0.0,0.0,nan,1.3936040501711995e+18,7.805,118629576.0,0,0,4,48927,6720,14723890282496.0,100,0.0,0.0,0.0,0.0,0.0,0,0,0,0,0.0,0,0,0,0,0,0,0,0,0,0,0,0,0,0,0,0,0,0,0,0,0,0,0,0,0,0,0,0,0,0,0,0,0,26,51,50,76,65476,0,300,0,0,8,21553,0.0,-107605600.0,0.0,0.0,0.0,0.0,0.0,0.0,0.0,0.0,0.0,0.0,0.0,0.0,0.0,0.0,0.0,0.0,0.0,0.0,0.0,0.0,-2.004,0.0,-2.004,-0.0,0.0,0.0,0.0,0.0,4828.0,0.0,7234.0,0.0,0.0,-0.0,2.718431101732002e+23,0.0,0.0,0.0,0.0,77,-3.2220289616203523e+26,0.0,0.0,0.0,0.0,0.0,0.0,0.0,0.0,0,0,0,0.0,0.0,0.0,0.0,0.0,0.0,0.0,0.0,0.0,0.0,0.0,0.0,0.0,0.0,0.0,0.0,0,-107875648.0,77,0.0,154,0.0,0.0,ERR,ERR,ERR,ERR,ERR,ERR,ERR,ERR,ERR,ERR,ERR,ERR,ERR,ERR,ERR,ERR,ERR,ERR,ERR,ERR,ERR,ERR,ERR,ERR,ERR,ERR,ERR,ERR,ERR,ERR,ERR,ERR,ERR,ERR,ERR,ERR,ERR,ERR,ERR,ERR,ERR,ERR,ERR,ERR,ERR,ERR,ERR,ERR,ERR,ERR,ERR,ERR,ERR,ERR,ERR,ERR,ERR,ERR,ERR,ERR,ERR,ERR,ERR,ERR,ERR,ERR,ERR,34.0,80.0,35,0.0,0.0,0.0,0.0,0.0,0.0,0.0,0.0,0.0,0.0,0.0,0.0,0.0,0.0,0.0,0.0,66.4,0,120,58,53,65476,0,300,0,0,8,20529,65476,0,0,57672,80.0,0.0,0.0,0.0,0.0,0.0
2026-06-18T02:45:07,ERR,ERR,ERR,ERR,ERR,ERR,ERR,ERR,ERR,ERR,ERR,ERR,ERR,ERR,ERR,ERR,ERR,ERR,ERR,ERR,ERR,ERR,ERR,ERR,ERR,ERR,ERR,ERR,ERR,ERR,ERR,ERR,ERR,ERR,ERR,ERR,ERR,ERR,ERR,ERR,ERR,ERR,ERR,ERR,ERR,ERR,ERR,ERR,ERR,ERR,ERR,ERR,ERR,ERR,ERR,ERR,ERR,ERR,ERR,ERR,ERR,ERR,ERR,ERR,ERR,ERR,ERR,ERR,ERR,ERR,ERR,ERR,ERR,ERR,ERR,ERR,ERR,ERR,ERR,ERR,ERR,ERR,ERR,ERR,ERR,ERR,ERR,ERR,ERR,ERR,ERR,ERR,ERR,ERR,ERR,ERR,ERR,ERR,ERR,ERR,ERR,ERR,ERR,ERR,ERR,ERR,ERR,ERR,ERR,ERR,ERR,ERR,ERR,ERR,ERR,ERR,ERR,ERR,ERR,ERR,ERR,ERR,ERR,ERR,ERR,0.0,0.0,-0.0,0.0,nan,1.3936040501711995e+18,7.805,118629576.0,0,0,4,48927,6720,14723890282496.0,100,0.0,0.0,0.0,0.0,0.0,0,0,0,0,0.0,0,0,0,0,0,0,0,0,0,0,0,0,0,0,0,0,0,0,0,0,0,0,0,0,0,0,0,0,0,0,0,0,0,26,51,50,76,65476,0,300,0,0,8,21553,0.0,-107605600.0,0.0,0.0,0.0,0.0,0.0,0.0,0.0,0.0,0.0,0.0,0.0,0.0,0.0,0.0,0.0,0.0,0.0,0.0,0.0,0.0,-2.004,0.0,-2.004,-0.0,0.0,0.0,0.0,0.0,4828.0,0.0,7234.0,0.0,0.0,-0.0,2.718431101732002e+23,0.0,0.0,0.0,0.0,77,-3.2220289616203523e+26,0.0,0.0,0.0,0.0,0.0,0.0,0.0,0.0,0,0,0,0.0,0.0,0.0,0.0,0.0,0.0,0.0,0.0,0.0,0.0,0.0,0.0,0.0,0.0,0.0,0.0,0,-107875648.0,77,0.0,154,0.0,0.0,ERR,ERR,ERR,ERR,ERR,ERR,ERR,ERR,ERR,ERR,ERR,ERR,ERR,ERR,ERR,ERR,ERR,ERR,ERR,ERR,ERR,ERR,ERR,ERR,ERR,ERR,ERR,ERR,ERR,ERR,ERR,ERR,ERR,ERR,ERR,ERR,ERR,ERR,ERR,ERR,ERR,ERR,ERR,ERR,ERR,ERR,ERR,ERR,ERR,ERR,ERR,ERR,ERR,ERR,ERR,ERR,ERR,ERR,ERR,ERR,ERR,ERR,ERR,ERR,ERR,ERR,ERR,34.0,80.0,35,0.0,0.0,0.0,0.0,0.0,0.0,0.0,0.0,0.0,0.0,0.0,0.0,0.0,0.0,0.0,0.0,65.6,0,120,58,53,65476,0,300,0,0,8,20529,65476,0,0,57672,80.0,0.0,0.0,0.0,0.0,0.0
2026-06-18T02:45:08,ERR,ERR,ERR,ERR,ERR,ERR,ERR,ERR,ERR,ERR,ERR,ERR,ERR,ERR,ERR,ERR,ERR,ERR,ERR,ERR,ERR,ERR,ERR,ERR,ERR,ERR,ERR,ERR,ERR,ERR,ERR,ERR,ERR,ERR,ERR,ERR,ERR,ERR,ERR,ERR,ERR,ERR,ERR,ERR,ERR,ERR,ERR,ERR,ERR,ERR,ERR,ERR,ERR,ERR,ERR,ERR,ERR,ERR,ERR,ERR,ERR,ERR,ERR,ERR,ERR,ERR,ERR,ERR,ERR,ERR,ERR,ERR,ERR,ERR,ERR,ERR,ERR,ERR,ERR,ERR,ERR,ERR,ERR,ERR,ERR,ERR,ERR,ERR,ERR,ERR,ERR,ERR,ERR,ERR,ERR,ERR,ERR,ERR,ERR,ERR,ERR,ERR,ERR,ERR,ERR,ERR,ERR,ERR,ERR,ERR,ERR,ERR,ERR,ERR,ERR,ERR,ERR,ERR,ERR,ERR,ERR,ERR,ERR,ERR,ERR,0.0,0.0,-0.0,-4.9501291711397626e+32,nan,1.3936040501711995e+18,7.805,-0.0,0,0,4,48927,6720,14723890282496.0,100,0.0,0.0,0.0,-4.9501291711397626e+32,0.0,0,0,0,0,0.0,0,0,0,0,0,0,0,0,0,0,0,0,0,0,0,0,0,0,0,0,0,0,0,0,0,0,0,0,0,0,0,0,0,26,51,50,76,65476,0,300,0,0,8,21553,0.0,-107605600.0,0.0,0.0,0.0,0.0,0.0,0.0,0.0,0.0,0.0,0.0,0.0,0.0,0.0,0.0,0.0,0.0,0.0,0.0,0.0,0.0,-0.0,0.0,-0.0,-0.0,0.0,0.0,0.0,0.0,4826.0,0.0,7264.0,0.0,0.0,-0.0,2.718431101732002e+23,0.0,0.0,0.0,0.0,77,-2.308840541793802e+20,0.0,0.0,0.0,0.0,0.0,0.0,0.0,0.0,0,0,0,0.0,0.0,0.0,0.0,0.0,0.0,0.0,0.0,0.0,0.0,0.0,0.0,0.0,0.0,0.0,0.0,0,-107875648.0,77,0.0,154,0.0,-101056864.0,ERR,ERR,ERR,ERR,ERR,ERR,ERR,ERR,ERR,ERR,ERR,ERR,ERR,ERR,ERR,ERR,ERR,ERR,ERR,ERR,ERR,ERR,ERR,ERR,ERR,ERR,ERR,ERR,ERR,ERR,ERR,ERR,ERR,ERR,ERR,ERR,ERR,ERR,ERR,ERR,ERR,ERR,ERR,ERR,ERR,ERR,ERR,ERR,ERR,ERR,ERR,ERR,ERR,ERR,ERR,ERR,ERR,ERR,ERR,ERR,ERR,ERR,ERR,ERR,ERR,ERR,ERR,34.0,80.0,35,0.0,0.0,0.0,0.0,0.0,0.0,0.0,0.0,0.0,0.0,0.0,0.0,0.0,0.0,0.0,0.0,65.6,0,120,58,53,65476,0,300,0,0,8,20529,65476,0,0,57672,80.0,0.0,0.0,0.0,0.0,0.0
2026-06-18T02:45:09,ERR,ERR,ERR,ERR,ERR,ERR,ERR,ERR,ERR,ERR,ERR,ERR,ERR,ERR,ERR,ERR,ERR,ERR,ERR,ERR,ERR,ERR,ERR,ERR,ERR,ERR,ERR,ERR,ERR,ERR,ERR,ERR,ERR,ERR,ERR,ERR,ERR,ERR,ERR,ERR,ERR,ERR,ERR,ERR,ERR,ERR,ERR,ERR,ERR,ERR,ERR,ERR,ERR,ERR,ERR,ERR,ERR,ERR,ERR,ERR,ERR,ERR,ERR,ERR,ERR,ERR,ERR,ERR,ERR,ERR,ERR,ERR,ERR,ERR,ERR,ERR,ERR,ERR,ERR,ERR,ERR,ERR,ERR,ERR,ERR,ERR,ERR,ERR,ERR,ERR,ERR,ERR,ERR,ERR,ERR,ERR,ERR,ERR,ERR,ERR,ERR,ERR,ERR,ERR,ERR,ERR,ERR,ERR,ERR,ERR,ERR,ERR,ERR,ERR,ERR,ERR,ERR,ERR,ERR,ERR,ERR,ERR,ERR,ERR,ERR,0.0,0.0,-0.0,-4.9501291711397626e+32,nan,1.3936040501711995e+18,7.805,-0.0,0,0,4,48927,6720,14723890282496.0,100,0.0,0.0,0.0,-4.9501291711397626e+32,0.0,0,0,0,0,0.0,0,0,0,0,0,0,0,0,0,0,0,0,0,0,0,0,0,0,0,0,0,0,0,0,0,0,0,0,0,0,0,0,0,26,51,50,76,65476,0,300,0,0,8,21553,0.0,-107605600.0,0.0,0.0,0.0,0.0,0.0,0.0,0.0,0.0,0.0,0.0,0.0,0.0,0.0,0.0,0.0,0.0,0.0,0.0,0.0,0.0,-0.0,0.0,-0.0,-0.0,0.0,0.0,0.0,0.0,4826.0,0.0,7264.0,0.0,0.0,-0.0,2.718431101732002e+23,0.0,0.0,0.0,0.0,77,-2.308840541793802e+20,0.0,0.0,0.0,0.0,0.0,0.0,0.0,0.0,0,0,0,0.0,0.0,0.0,0.0,0.0,0.0,0.0,0.0,0.0,0.0,0.0,0.0,0.0,0.0,0.0,0.0,0,-107875648.0,77,0.0,154,0.0,-101056864.0,ERR,ERR,ERR,ERR,ERR,ERR,ERR,ERR,ERR,ERR,ERR,ERR,ERR,ERR,ERR,ERR,ERR,ERR,ERR,ERR,ERR,ERR,ERR,ERR,ERR,ERR,ERR,ERR,ERR,ERR,ERR,ERR,ERR,ERR,ERR,ERR,ERR,ERR,ERR,ERR,ERR,ERR,ERR,ERR,ERR,ERR,ERR,ERR,ERR,ERR,ERR,ERR,ERR,ERR,ERR,ERR,ERR,ERR,ERR,ERR,ERR,ERR,ERR,ERR,ERR,ERR,ERR,34.0,80.0,35,0.0,0.0,0.0,0.0,0.0,0.0,0.0,0.0,0.0,0.0,0.0,0.0,0.0,0.0,0.0,0.0,65.6,0,120,58,53,65476,0,300,0,0,8,20529,65476,0,0,57672,80.0,0.0,0.0,0.0,0.0,0.0
2026-06-18T02:45:10,ERR,ERR,ERR,ERR,ERR,ERR,ERR,ERR,ERR,ERR,ERR,ERR,ERR,ERR,ERR,ERR,ERR,ERR,ERR,ERR,ERR,ERR,ERR,ERR,ERR,ERR,ERR,ERR,ERR,ERR,ERR,ERR,ERR,ERR,ERR,ERR,ERR,ERR,ERR,ERR,ERR,ERR,ERR,ERR,ERR,ERR,ERR,ERR,ERR,ERR,ERR,ERR,ERR,ERR,ERR,ERR,ERR,ERR,ERR,ERR,ERR,ERR,ERR,ERR,ERR,ERR,ERR,ERR,ERR,ERR,ERR,ERR,ERR,ERR,ERR,ERR,ERR,ERR,ERR,ERR,ERR,ERR,ERR,ERR,ERR,ERR,ERR,ERR,ERR,ERR,ERR,ERR,ERR,ERR,ERR,ERR,ERR,ERR,ERR,ERR,ERR,ERR,ERR,ERR,ERR,ERR,ERR,ERR,ERR,ERR,ERR,ERR,ERR,ERR,ERR,ERR,ERR,ERR,ERR,ERR,ERR,ERR,ERR,ERR,ERR,0.0,0.0,-0.0,-4.9501291711397626e+32,nan,1.3936040501711995e+18,7.805,-0.0,0,0,4,48927,6720,14723890282496.0,100,0.0,0.0,0.0,-4.9501291711397626e+32,0.0,0,0,0,0,0.0,0,0,0,0,0,0,0,0,0,0,0,0,0,0,0,0,0,0,0,0,0,0,0,0,0,0,0,0,0,0,0,0,0,26,51,50,76,65476,0,300,0,0,8,21553,0.0,-107605600.0,0.0,0.0,0.0,0.0,0.0,0.0,0.0,0.0,0.0,0.0,0.0,0.0,0.0,0.0,0.0,0.0,0.0,0.0,0.0,0.0,-0.0,0.0,-0.0,-0.0,0.0,0.0,0.0,0.0,4826.0,0.0,7264.0,0.0,0.0,-0.0,2.718431101732002e+23,0.0,0.0,0.0,0.0,77,-2.308840541793802e+20,0.0,0.0,0.0,0.0,0.0,0.0,0.0,0.0,0,0,0,0.0,0.0,0.0,0.0,0.0,0.0,0.0,0.0,0.0,0.0,0.0,0.0,0.0,0.0,0.0,0.0,0,-107875648.0,77,0.0,154,0.0,-101056864.0,ERR,ERR,ERR,ERR,ERR,ERR,ERR,ERR,ERR,ERR,ERR,ERR,ERR,ERR,ERR,ERR,ERR,ERR,ERR,ERR,ERR,ERR,ERR,ERR,ERR,ERR,ERR,ERR,ERR,ERR,ERR,ERR,ERR,ERR,ERR,ERR,ERR,ERR,ERR,ERR,ERR,ERR,ERR,ERR,ERR,ERR,ERR,ERR,ERR,ERR,ERR,ERR,ERR,ERR,ERR,ERR,ERR,ERR,ERR,ERR,ERR,ERR,ERR,ERR,ERR,ERR,ERR,34.0,80.0,35,0.0,0.0,0.0,0.0,0.0,0.0,0.0,0.0,0.0,0.0,0.0,0.0,0.0,0.0,0.0,0.0,66.4,0,120,58,53,65476,0,300,0,0,8,20529,65476,0,0,57672,80.0,0.0,0.0,0.0,0.0,0.0
2026-06-18T02:45:11,ERR,ERR,ERR,ERR,ERR,ERR,ERR,ERR,ERR,ERR,ERR,ERR,ERR,ERR,ERR,ERR,ERR,ERR,ERR,ERR,ERR,ERR,ERR,ERR,ERR,ERR,ERR,ERR,ERR,ERR,ERR,ERR,ERR,ERR,ERR,ERR,ERR,ERR,ERR,ERR,ERR,ERR,ERR,ERR,ERR,ERR,ERR,ERR,ERR,ERR,ERR,ERR,ERR,ERR,ERR,ERR,ERR,ERR,ERR,ERR,ERR,ERR,ERR,ERR,ERR,ERR,ERR,ERR,ERR,ERR,ERR,ERR,ERR,ERR,ERR,ERR,ERR,ERR,ERR,ERR,ERR,ERR,ERR,ERR,ERR,ERR,ERR,ERR,ERR,ERR,ERR,ERR,ERR,ERR,ERR,ERR,ERR,ERR,ERR,ERR,ERR,ERR,ERR,ERR,ERR,ERR,ERR,ERR,ERR,ERR,ERR,ERR,ERR,ERR,ERR,ERR,ERR,ERR,ERR,ERR,ERR,ERR,ERR,ERR,ERR,0.0,0.0,-0.0,-4.9501291711397626e+32,nan,1.3936040501711995e+18,7.805,-0.0,0,0,4,48927,6720,14723890282496.0,100,0.0,0.0,0.0,-4.9501291711397626e+32,0.0,0,0,0,0,0.0,0,0,0,0,0,0,0,0,0,0,0,0,0,0,0,0,0,0,0,0,0,0,0,0,0,0,0,0,0,0,0,0,0,26,51,50,76,65476,0,300,0,0,8,21553,0.0,-107605600.0,0.0,0.0,0.0,0.0,0.0,0.0,0.0,0.0,0.0,0.0,0.0,0.0,0.0,0.0,0.0,0.0,0.0,0.0,0.0,0.0,-0.0,0.0,-0.0,-0.0,0.0,0.0,0.0,0.0,4826.0,0.0,7264.0,0.0,0.0,-0.0,2.718431101732002e+23,0.0,0.0,0.0,0.0,77,-2.308840541793802e+20,0.0,0.0,0.0,0.0,0.0,0.0,0.0,0.0,0,0,0,0.0,0.0,0.0,0.0,0.0,0.0,0.0,0.0,0.0,0.0,0.0,0.0,0.0,0.0,0.0,0.0,0,-107875648.0,77,0.0,154,0.0,-101056864.0,ERR,ERR,ERR,ERR,ERR,ERR,ERR,ERR,ERR,ERR,ERR,ERR,ERR,ERR,ERR,ERR,ERR,ERR,ERR,ERR,ERR,ERR,ERR,ERR,ERR,ERR,ERR,ERR,ERR,ERR,ERR,ERR,ERR,ERR,ERR,ERR,ERR,ERR,ERR,ERR,ERR,ERR,ERR,ERR,ERR,ERR,ERR,ERR,ERR,ERR,ERR,ERR,ERR,ERR,ERR,ERR,ERR,ERR,ERR,ERR,ERR,ERR,ERR,ERR,ERR,ERR,ERR,34.0,80.0,35,0.0,0.0,0.0,0.0,0.0,0.0,0.0,0.0,0.0,0.0,0.0,0.0,0.0,0.0,0.0,0.0,66.4,0,120,58,53,65476,0,300,0,0,8,20529,65476,0,0,57672,80.0,0.0,0.0,0.0,0.0,0.0
2026-06-18T02:45:12,ERR,ERR,ERR,ERR,ERR,ERR,ERR,ERR,ERR,ERR,ERR,ERR,ERR,ERR,ERR,ERR,ERR,ERR,ERR,ERR,ERR,ERR,ERR,ERR,ERR,ERR,ERR,ERR,ERR,ERR,ERR,ERR,ERR,ERR,ERR,ERR,ERR,ERR,ERR,ERR,ERR,ERR,ERR,ERR,ERR,ERR,ERR,ERR,ERR,ERR,ERR,ERR,ERR,ERR,ERR,ERR,ERR,ERR,ERR,ERR,ERR,ERR,ERR,ERR,ERR,ERR,ERR,ERR,ERR,ERR,ERR,ERR,ERR,ERR,ERR,ERR,ERR,ERR,ERR,ERR,ERR,ERR,ERR,ERR,ERR,ERR,ERR,ERR,ERR,ERR,ERR,ERR,ERR,ERR,ERR,ERR,ERR,ERR,ERR,ERR,ERR,ERR,ERR,ERR,ERR,ERR,ERR,ERR,ERR,ERR,ERR,ERR,ERR,ERR,ERR,ERR,ERR,ERR,ERR,ERR,ERR,ERR,ERR,ERR,ERR,0.0,0.0,-0.0,-4.9501291711397626e+32,nan,1.3936040501711995e+18,7.805,-0.0,0,0,4,48927,6720,14723890282496.0,100,0.0,0.0,0.0,-4.9501291711397626e+32,0.0,0,0,0,0,0.0,0,0,0,0,0,0,0,0,0,0,0,0,0,0,0,0,0,0,0,0,0,0,0,0,0,0,0,0,0,0,0,0,0,26,51,50,76,65476,0,300,0,0,8,21553,0.0,-107605600.0,0.0,0.0,0.0,0.0,0.0,0.0,0.0,0.0,0.0,0.0,0.0,0.0,0.0,0.0,0.0,0.0,0.0,0.0,0.0,0.0,-0.0,0.0,-0.0,-0.0,0.0,0.0,0.0,0.0,4826.0,0.0,7264.0,0.0,0.0,-0.0,2.718431101732002e+23,0.0,0.0,0.0,0.0,77,-2.308840541793802e+20,0.0,0.0,0.0,0.0,0.0,0.0,0.0,0.0,0,0,0,0.0,0.0,0.0,0.0,0.0,0.0,0.0,0.0,0.0,0.0,0.0,0.0,0.0,0.0,0.0,0.0,0,-107875648.0,77,0.0,154,0.0,-101056864.0,ERR,ERR,ERR,ERR,ERR,ERR,ERR,ERR,ERR,ERR,ERR,ERR,ERR,ERR,ERR,ERR,ERR,ERR,ERR,ERR,ERR,ERR,ERR,ERR,ERR,ERR,ERR,ERR,ERR,ERR,ERR,ERR,ERR,ERR,ERR,ERR,ERR,ERR,ERR,ERR,ERR,ERR,ERR,ERR,ERR,ERR,ERR,ERR,ERR,ERR,ERR,ERR,ERR,ERR,ERR,ERR,ERR,ERR,ERR,ERR,ERR,ERR,ERR,ERR,ERR,ERR,ERR,34.0,80.0,35,0.0,0.0,0.0,0.0,0.0,0.0,0.0,0.0,0.0,0.0,0.0,0.0,0.0,0.0,0.0,0.0,65.6,0,120,58,53,65476,0,300,0,0,8,20529,65476,0,0,57672,80.0,0.0,0.0,0.0,0.0,0.0
2026-06-18T02:45:13,ERR,ERR,ERR,ERR,ERR,ERR,ERR,ERR,ERR,ERR,ERR,ERR,ERR,ERR,ERR,ERR,ERR,ERR,ERR,ERR,ERR,ERR,ERR,ERR,ERR,ERR,ERR,ERR,ERR,ERR,ERR,ERR,ERR,ERR,ERR,ERR,ERR,ERR,ERR,ERR,ERR,ERR,ERR,ERR,ERR,ERR,ERR,ERR,ERR,ERR,ERR,ERR,ERR,ERR,ERR,ERR,ERR,ERR,ERR,ERR,ERR,ERR,ERR,ERR,ERR,ERR,ERR,ERR,ERR,ERR,ERR,ERR,ERR,ERR,ERR,ERR,ERR,ERR,ERR,ERR,ERR,ERR,ERR,ERR,ERR,ERR,ERR,ERR,ERR,ERR,ERR,ERR,ERR,ERR,ERR,ERR,ERR,ERR,ERR,ERR,ERR,ERR,ERR,ERR,ERR,ERR,ERR,ERR,ERR,ERR,ERR,ERR,ERR,ERR,ERR,ERR,ERR,ERR,ERR,ERR,ERR,ERR,ERR,ERR,ERR,0.0,0.0,-0.0,-4.9501291711397626e+32,nan,1.3936040501711995e+18,7.805,-0.0,0,0,4,48927,6720,14723890282496.0,100,0.0,0.0,0.0,-4.9501291711397626e+32,0.0,0,0,0,0,0.0,0,0,0,0,0,0,0,0,0,0,0,0,0,0,0,0,0,0,0,0,0,0,0,0,0,0,0,0,0,0,0,0,0,26,51,50,76,65476,0,300,0,0,8,21553,0.0,-107605600.0,0.0,0.0,0.0,0.0,0.0,0.0,0.0,0.0,0.0,0.0,0.0,0.0,0.0,0.0,0.0,0.0,0.0,0.0,0.0,0.0,-0.0,0.0,-0.0,-0.0,0.0,0.0,0.0,0.0,4826.0,0.0,7264.0,0.0,0.0,-0.0,2.718431101732002e+23,0.0,0.0,0.0,0.0,77,-2.308840541793802e+20,0.0,0.0,0.0,0.0,0.0,0.0,0.0,0.0,0,0,0,0.0,0.0,0.0,0.0,0.0,0.0,0.0,0.0,0.0,0.0,0.0,0.0,0.0,0.0,0.0,0.0,0,-107875648.0,77,0.0,154,0.0,-101056864.0,ERR,ERR,ERR,ERR,ERR,ERR,ERR,ERR,ERR,ERR,ERR,ERR,ERR,ERR,ERR,ERR,ERR,ERR,ERR,ERR,ERR,ERR,ERR,ERR,ERR,ERR,ERR,ERR,ERR,ERR,ERR,ERR,ERR,ERR,ERR,ERR,ERR,ERR,ERR,ERR,ERR,ERR,ERR,ERR,ERR,ERR,ERR,ERR,ERR,ERR,ERR,ERR,ERR,ERR,ERR,ERR,ERR,ERR,ERR,ERR,ERR,ERR,ERR,ERR,ERR,ERR,ERR,34.0,80.0,35,0.0,0.0,0.0,0.0,0.0,0.0,0.0,0.0,0.0,0.0,0.0,0.0,0.0,0.0,0.0,0.0,65.6,0,120,58,53,65476,0,300,0,0,8,20529,65476,0,0,57672,80.0,0.0,0.0,0.0,0.0,0.0
2026-06-18T02:45:14,ERR,ERR,ERR,ERR,ERR,ERR,ERR,ERR,ERR,ERR,ERR,ERR,ERR,ERR,ERR,ERR,ERR,ERR,ERR,ERR,ERR,ERR,ERR,ERR,ERR,ERR,ERR,ERR,ERR,ERR,ERR,ERR,ERR,ERR,ERR,ERR,ERR,ERR,ERR,ERR,ERR,ERR,ERR,ERR,ERR,ERR,ERR,ERR,ERR,ERR,ERR,ERR,ERR,ERR,ERR,ERR,ERR,ERR,ERR,ERR,ERR,ERR,ERR,ERR,ERR,ERR,ERR,ERR,ERR,ERR,ERR,ERR,ERR,ERR,ERR,ERR,ERR,ERR,ERR,ERR,ERR,ERR,ERR,ERR,ERR,ERR,ERR,ERR,ERR,ERR,ERR,ERR,ERR,ERR,ERR,ERR,ERR,ERR,ERR,ERR,ERR,ERR,ERR,ERR,ERR,ERR,ERR,ERR,ERR,ERR,ERR,ERR,ERR,ERR,ERR,ERR,ERR,ERR,ERR,ERR,ERR,ERR,ERR,ERR,ERR,0.0,0.0,-0.0,-0.0,nan,1.3936040501711995e+18,7.805,-0.0,0,0,4,48924,6720,14723890282496.0,100,0.0,0.0,0.0,0.0,0.0,0,0,0,0,0.0,0,0,0,0,0,0,0,0,0,0,0,0,0,0,0,0,0,0,0,0,0,0,0,0,0,0,0,0,0,0,0,0,0,26,51,50,76,65476,0,300,0,0,8,21553,0.0,-107605600.0,0.0,0.0,0.0,0.0,0.0,0.0,0.0,0.0,0.0,0.0,0.0,0.0,0.0,0.0,0.0,0.0,0.0,0.0,0.0,0.0,-0.0,0.0,-0.0,-0.0,0.0,0.0,0.0,0.0,4795.0,-1.587928030851661e+29,7294.0,0.0,0.0,2.7184303811560617e+23,2.718431101732002e+23,0.0,0.0,0.0,0.0,77,-2.7184302010120766e+23,-3.2219994468298344e+26,0.0,0.0,0.0,0.0,0.0,0.0,0.0,0,0,0,0.0,0.0,0.0,0.0,0.0,0.0,0.0,0.0,0.0,0.0,0.0,0.0,0.0,0.0,0.0,0.0,0,-107875648.0,77,0.0,154,0.0,-101056864.0,ERR,ERR,ERR,ERR,ERR,ERR,ERR,ERR,ERR,ERR,ERR,ERR,ERR,ERR,ERR,ERR,ERR,ERR,ERR,ERR,ERR,ERR,ERR,ERR,ERR,ERR,ERR,ERR,ERR,ERR,ERR,ERR,ERR,ERR,ERR,ERR,ERR,ERR,ERR,ERR,ERR,ERR,ERR,ERR,ERR,ERR,ERR,ERR,ERR,ERR,ERR,ERR,ERR,ERR,ERR,ERR,ERR,ERR,ERR,ERR,ERR,ERR,ERR,ERR,ERR,ERR,ERR,34.0,80.0,35,0.0,0.0,0.0,0.0,0.0,0.0,0.0,0.0,0.0,0.0,0.0,0.0,0.0,0.0,0.0,0.0,65.6,0,120,58,53,65476,0,300,0,0,8,20529,65476,0,0,57672,80.0,0.0,0.0,0.0,0.0,0.0
2026-06-18T02:45:15,ERR,ERR,ERR,ERR,ERR,ERR,ERR,ERR,ERR,ERR,ERR,ERR,ERR,ERR,ERR,ERR,ERR,ERR,ERR,ERR,ERR,ERR,ERR,ERR,ERR,ERR,ERR,ERR,ERR,ERR,ERR,ERR,ERR,ERR,ERR,ERR,ERR,ERR,ERR,ERR,ERR,ERR,ERR,ERR,ERR,ERR,ERR,ERR,ERR,ERR,ERR,ERR,ERR,ERR,ERR,ERR,ERR,ERR,ERR,ERR,ERR,ERR,ERR,ERR,ERR,ERR,ERR,ERR,ERR,ERR,ERR,ERR,ERR,ERR,ERR,ERR,ERR,ERR,ERR,ERR,ERR,ERR,ERR,ERR,ERR,ERR,ERR,ERR,ERR,ERR,ERR,ERR,ERR,ERR,ERR,ERR,ERR,ERR,ERR,ERR,ERR,ERR,ERR,ERR,ERR,ERR,ERR,ERR,ERR,ERR,ERR,ERR,ERR,ERR,ERR,ERR,ERR,ERR,ERR,ERR,ERR,ERR,ERR,ERR,ERR,0.0,0.0,-0.0,-0.0,nan,1.3936040501711995e+18,7.805,-0.0,0,0,4,48924,6720,14723890282496.0,100,0.0,0.0,0.0,0.0,0.0,0,0,0,0,0.0,0,0,0,0,0,0,0,0,0,0,0,0,0,0,0,0,0,0,0,0,0,0,0,0,0,0,0,0,0,0,0,0,0,26,51,50,76,65476,0,300,0,0,8,21553,0.0,-107605600.0,0.0,0.0,0.0,0.0,0.0,0.0,0.0,0.0,0.0,0.0,0.0,0.0,0.0,0.0,0.0,0.0,0.0,0.0,0.0,0.0,-0.0,0.0,-0.0,-0.0,0.0,0.0,0.0,0.0,4795.0,-1.587928030851661e+29,7294.0,0.0,0.0,2.7184303811560617e+23,2.718431101732002e+23,0.0,0.0,0.0,0.0,77,-2.7184302010120766e+23,-3.2219994468298344e+26,0.0,0.0,0.0,0.0,0.0,0.0,0.0,0,0,0,0.0,0.0,0.0,0.0,0.0,0.0,0.0,0.0,0.0,0.0,0.0,0.0,0.0,0.0,0.0,0.0,0,-107875648.0,77,0.0,154,0.0,-101056864.0,ERR,ERR,ERR,ERR,ERR,ERR,ERR,ERR,ERR,ERR,ERR,ERR,ERR,ERR,ERR,ERR,ERR,ERR,ERR,ERR,ERR,ERR,ERR,ERR,ERR,ERR,ERR,ERR,ERR,ERR,ERR,ERR,ERR,ERR,ERR,ERR,ERR,ERR,ERR,ERR,ERR,ERR,ERR,ERR,ERR,ERR,ERR,ERR,ERR,ERR,ERR,ERR,ERR,ERR,ERR,ERR,ERR,ERR,ERR,ERR,ERR,ERR,ERR,ERR,ERR,ERR,ERR,34.0,80.0,35,0.0,0.0,0.0,0.0,0.0,0.0,0.0,0.0,0.0,0.0,0.0,0.0,0.0,0.0,0.0,0.0,65.6,0,120,58,53,65476,0,300,0,0,8,20529,65476,0,0,57672,80.0,0.0,0.0,0.0,0.0,0.0
2026-06-18T02:45:16,ERR,ERR,ERR,ERR,ERR,ERR,ERR,ERR,ERR,ERR,ERR,ERR,ERR,ERR,ERR,ERR,ERR,ERR,ERR,ERR,ERR,ERR,ERR,ERR,ERR,ERR,ERR,ERR,ERR,ERR,ERR,ERR,ERR,ERR,ERR,ERR,ERR,ERR,ERR,ERR,ERR,ERR,ERR,ERR,ERR,ERR,ERR,ERR,ERR,ERR,ERR,ERR,ERR,ERR,ERR,ERR,ERR,ERR,ERR,ERR,ERR,ERR,ERR,ERR,ERR,ERR,ERR,ERR,ERR,ERR,ERR,ERR,ERR,ERR,ERR,ERR,ERR,ERR,ERR,ERR,ERR,ERR,ERR,ERR,ERR,ERR,ERR,ERR,ERR,ERR,ERR,ERR,ERR,ERR,ERR,ERR,ERR,ERR,ERR,ERR,ERR,ERR,ERR,ERR,ERR,ERR,ERR,ERR,ERR,ERR,ERR,ERR,ERR,ERR,ERR,ERR,ERR,ERR,ERR,ERR,ERR,ERR,ERR,ERR,ERR,0.0,0.0,-0.0,-0.0,nan,1.3936040501711995e+18,7.805,-0.0,0,0,4,48924,6720,14723890282496.0,100,0.0,0.0,0.0,0.0,0.0,0,0,0,0,0.0,0,0,0,0,0,0,0,0,0,0,0,0,0,0,0,0,0,0,0,0,0,0,0,0,0,0,0,0,0,0,0,0,0,26,51,50,76,65476,0,300,0,0,8,21553,0.0,-107605600.0,0.0,0.0,0.0,0.0,0.0,0.0,0.0,0.0,0.0,0.0,0.0,0.0,0.0,0.0,0.0,0.0,0.0,0.0,0.0,0.0,-0.0,0.0,-0.0,-0.0,0.0,0.0,0.0,0.0,4795.0,-1.587928030851661e+29,7294.0,0.0,0.0,2.7184303811560617e+23,2.718431101732002e+23,0.0,0.0,0.0,0.0,77,-2.7184302010120766e+23,-3.2219994468298344e+26,0.0,0.0,0.0,0.0,0.0,0.0,0.0,0,0,0,0.0,0.0,0.0,0.0,0.0,0.0,0.0,0.0,0.0,0.0,0.0,0.0,0.0,0.0,0.0,0.0,0,-107875648.0,77,0.0,154,0.0,-101056864.0,ERR,ERR,ERR,ERR,ERR,ERR,ERR,ERR,ERR,ERR,ERR,ERR,ERR,ERR,ERR,ERR,ERR,ERR,ERR,ERR,ERR,ERR,ERR,ERR,ERR,ERR,ERR,ERR,ERR,ERR,ERR,ERR,ERR,ERR,ERR,ERR,ERR,ERR,ERR,ERR,ERR,ERR,ERR,ERR,ERR,ERR,ERR,ERR,ERR,ERR,ERR,ERR,ERR,ERR,ERR,ERR,ERR,ERR,ERR,ERR,ERR,ERR,ERR,ERR,ERR,ERR,ERR,34.0,80.0,35,0.0,0.0,0.0,0.0,0.0,0.0,0.0,0.0,0.0,0.0,0.0,0.0,0.0,0.0,0.0,0.0,65.6,0,120,58,53,65476,0,300,0,0,8,20529,65476,0,0,57672,80.0,0.0,0.0,0.0,0.0,0.0
2026-06-18T02:45:17,ERR,ERR,ERR,ERR,ERR,ERR,ERR,ERR,ERR,ERR,ERR,ERR,ERR,ERR,ERR,ERR,ERR,ERR,ERR,ERR,ERR,ERR,ERR,ERR,ERR,ERR,ERR,ERR,ERR,ERR,ERR,ERR,ERR,ERR,ERR,ERR,ERR,ERR,ERR,ERR,ERR,ERR,ERR,ERR,ERR,ERR,ERR,ERR,ERR,ERR,ERR,ERR,ERR,ERR,ERR,ERR,ERR,ERR,ERR,ERR,ERR,ERR,ERR,ERR,ERR,ERR,ERR,ERR,ERR,ERR,ERR,ERR,ERR,ERR,ERR,ERR,ERR,ERR,ERR,ERR,ERR,ERR,ERR,ERR,ERR,ERR,ERR,ERR,ERR,ERR,ERR,ERR,ERR,ERR,ERR,ERR,ERR,ERR,ERR,ERR,ERR,ERR,ERR,ERR,ERR,ERR,ERR,ERR,ERR,ERR,ERR,ERR,ERR,ERR,ERR,ERR,ERR,ERR,ERR,ERR,ERR,ERR,ERR,ERR,ERR,0.0,0.0,-0.0,-0.0,nan,1.3936040501711995e+18,7.805,-0.0,0,0,4,48924,6720,14723890282496.0,100,0.0,0.0,0.0,0.0,0.0,0,0,0,0,0.0,0,0,0,0,0,0,0,0,0,0,0,0,0,0,0,0,0,0,0,0,0,0,0,0,0,0,0,0,0,0,0,0,0,26,51,50,76,65476,0,300,0,0,8,21553,0.0,-107605600.0,0.0,0.0,0.0,0.0,0.0,0.0,0.0,0.0,0.0,0.0,0.0,0.0,0.0,0.0,0.0,0.0,0.0,0.0,0.0,0.0,-0.0,0.0,-0.0,-0.0,0.0,0.0,0.0,0.0,4795.0,-1.587928030851661e+29,7294.0,0.0,0.0,2.7184303811560617e+23,2.718431101732002e+23,0.0,0.0,0.0,0.0,77,-2.7184302010120766e+23,-3.2219994468298344e+26,0.0,0.0,0.0,0.0,0.0,0.0,0.0,0,0,0,0.0,0.0,0.0,0.0,0.0,0.0,0.0,0.0,0.0,0.0,0.0,0.0,0.0,0.0,0.0,0.0,0,-107875648.0,77,0.0,154,0.0,-101056864.0,ERR,ERR,ERR,ERR,ERR,ERR,ERR,ERR,ERR,ERR,ERR,ERR,ERR,ERR,ERR,ERR,ERR,ERR,ERR,ERR,ERR,ERR,ERR,ERR,ERR,ERR,ERR,ERR,ERR,ERR,ERR,ERR,ERR,ERR,ERR,ERR,ERR,ERR,ERR,ERR,ERR,ERR,ERR,ERR,ERR,ERR,ERR,ERR,ERR,ERR,ERR,ERR,ERR,ERR,ERR,ERR,ERR,ERR,ERR,ERR,ERR,ERR,ERR,ERR,ERR,ERR,ERR,34.0,80.0,35,0.0,0.0,0.0,0.0,0.0,0.0,0.0,0.0,0.0,0.0,0.0,0.0,0.0,0.0,0.0,0.0,65.6,0,120,58,53,65476,0,300,0,0,8,20529,65476,0,0,57672,80.0,0.0,0.0,0.0,0.0,0.0
2026-06-18T02:45:18,ERR,ERR,ERR,ERR,ERR,ERR,ERR,ERR,ERR,ERR,ERR,ERR,ERR,ERR,ERR,ERR,ERR,ERR,ERR,ERR,ERR,ERR,ERR,ERR,ERR,ERR,ERR,ERR,ERR,ERR,ERR,ERR,ERR,ERR,ERR,ERR,ERR,ERR,ERR,ERR,ERR,ERR,ERR,ERR,ERR,ERR,ERR,ERR,ERR,ERR,ERR,ERR,ERR,ERR,ERR,ERR,ERR,ERR,ERR,ERR,ERR,ERR,ERR,ERR,ERR,ERR,ERR,ERR,ERR,ERR,ERR,ERR,ERR,ERR,ERR,ERR,ERR,ERR,ERR,ERR,ERR,ERR,ERR,ERR,ERR,ERR,ERR,ERR,ERR,ERR,ERR,ERR,ERR,ERR,ERR,ERR,ERR,ERR,ERR,ERR,ERR,ERR,ERR,ERR,ERR,ERR,ERR,ERR,ERR,ERR,ERR,ERR,ERR,ERR,ERR,ERR,ERR,ERR,ERR,ERR,ERR,ERR,ERR,ERR,ERR,0.0,0.0,-0.0,-0.0,nan,1.3936040501711995e+18,7.805,-0.0,0,0,4,48924,6720,14723890282496.0,100,0.0,0.0,0.0,0.0,0.0,0,0,0,0,0.0,0,0,0,0,0,0,0,0,0,0,0,0,0,0,0,0,0,0,0,0,0,0,0,0,0,0,0,0,0,0,0,0,0,26,51,50,76,65476,0,300,0,0,8,21553,0.0,-107605600.0,0.0,0.0,0.0,0.0,0.0,0.0,0.0,0.0,0.0,0.0,0.0,0.0,0.0,0.0,0.0,0.0,0.0,0.0,0.0,0.0,-0.0,0.0,-0.0,-0.0,0.0,0.0,0.0,0.0,4795.0,-1.587928030851661e+29,7294.0,0.0,0.0,2.7184303811560617e+23,2.718431101732002e+23,0.0,0.0,0.0,0.0,77,-2.7184302010120766e+23,-3.2219994468298344e+26,0.0,0.0,0.0,0.0,0.0,0.0,0.0,0,0,0,0.0,0.0,0.0,0.0,0.0,0.0,0.0,0.0,0.0,0.0,0.0,0.0,0.0,0.0,0.0,0.0,0,-107875648.0,77,0.0,154,0.0,-101056864.0,ERR,ERR,ERR,ERR,ERR,ERR,ERR,ERR,ERR,ERR,ERR,ERR,ERR,ERR,ERR,ERR,ERR,ERR,ERR,ERR,ERR,ERR,ERR,ERR,ERR,ERR,ERR,ERR,ERR,ERR,ERR,ERR,ERR,ERR,ERR,ERR,ERR,ERR,ERR,ERR,ERR,ERR,ERR,ERR,ERR,ERR,ERR,ERR,ERR,ERR,ERR,ERR,ERR,ERR,ERR,ERR,ERR,ERR,ERR,ERR,ERR,ERR,ERR,ERR,ERR,ERR,ERR,34.0,80.0,35,0.0,0.0,0.0,0.0,0.0,0.0,0.0,0.0,0.0,0.0,0.0,0.0,0.0,0.0,0.0,0.0,65.6,0,120,58,53,65476,0,300,0,0,8,20529,65476,0,0,57672,80.0,0.0,0.0,0.0,0.0,0.0
2026-06-18T02:45:19,ERR,ERR,ERR,ERR,ERR,ERR,ERR,ERR,ERR,ERR,ERR,ERR,ERR,ERR,ERR,ERR,ERR,ERR,ERR,ERR,ERR,ERR,ERR,ERR,ERR,ERR,ERR,ERR,ERR,ERR,ERR,ERR,ERR,ERR,ERR,ERR,ERR,ERR,ERR,ERR,ERR,ERR,ERR,ERR,ERR,ERR,ERR,ERR,ERR,ERR,ERR,ERR,ERR,ERR,ERR,ERR,ERR,ERR,ERR,ERR,ERR,ERR,ERR,ERR,ERR,ERR,ERR,ERR,ERR,ERR,ERR,ERR,ERR,ERR,ERR,ERR,ERR,ERR,ERR,ERR,ERR,ERR,ERR,ERR,ERR,ERR,ERR,ERR,ERR,ERR,ERR,ERR,ERR,ERR,ERR,ERR,ERR,ERR,ERR,ERR,ERR,ERR,ERR,ERR,ERR,ERR,ERR,ERR,ERR,ERR,ERR,ERR,ERR,ERR,ERR,ERR,ERR,ERR,ERR,ERR,ERR,ERR,ERR,ERR,ERR,2.7184312818759872e+23,0.0,0.0,2.718290229135658e+23,-1.592,1.3936040501711995e+18,7.805,-0.0,0,0,4,48959,6720,14723890282496.0,100,0.0,0.0,0.0,2.718290229135658e+23,0.0,0,0,0,0,0.0,0,0,0,0,0,0,0,0,0,0,0,0,0,0,0,0,0,0,0,0,0,0,0,0,0,0,0,0,0,0,0,0,0,26,51,50,76,65476,0,300,0,0,8,21553,0.0,-107605600.0,0.0,0.0,0.0,0.0,0.0,0.0,0.0,0.0,0.0,0.0,0.0,0.0,0.0,0.0,0.0,0.0,0.0,0.0,0.0,0.0,-0.0,0.0,-0.0,-0.0,0.0,0.0,0.0,0.0,4830.0,0.0,7265.0,0.0,0.0,-0.0,2.718431101732002e+23,0.0,0.0,0.0,0.0,77,-5.848083809157084e+35,0.0,0.0,0.0,0.0,0.0,0.0,0.0,0.0,0,0,0,0.0,0.0,0.0,0.0,0.0,0.0,0.0,0.0,0.0,0.0,0.0,0.0,0.0,0.0,0.0,0.0,0,-107875648.0,77,0.0,154,0.0,-101056864.0,ERR,ERR,ERR,ERR,ERR,ERR,ERR,ERR,ERR,ERR,ERR,ERR,ERR,ERR,ERR,ERR,ERR,ERR,ERR,ERR,ERR,ERR,ERR,ERR,ERR,ERR,ERR,ERR,ERR,ERR,ERR,ERR,ERR,ERR,ERR,ERR,ERR,ERR,ERR,ERR,ERR,ERR,ERR,ERR,ERR,ERR,ERR,ERR,ERR,ERR,ERR,ERR,ERR,ERR,ERR,ERR,ERR,ERR,ERR,ERR,ERR,ERR,ERR,ERR,ERR,ERR,ERR,34.0,80.0,35,0.0,0.0,0.0,0.0,0.0,0.0,0.0,0.0,0.0,0.0,0.0,0.0,0.0,0.0,0.0,0.0,65.6,0,120,58,53,65476,0,300,0,0,8,20529,65476,0,0,57672,80.0,0.0,0.0,0.0,0.0,0.0
2026-06-18T02:45:20,ERR,ERR,ERR,ERR,ERR,ERR,ERR,ERR,ERR,ERR,ERR,ERR,ERR,ERR,ERR,ERR,ERR,ERR,ERR,ERR,ERR,ERR,ERR,ERR,ERR,ERR,ERR,ERR,ERR,ERR,ERR,ERR,ERR,ERR,ERR,ERR,ERR,ERR,ERR,ERR,ERR,ERR,ERR,ERR,ERR,ERR,ERR,ERR,ERR,ERR,ERR,ERR,ERR,ERR,ERR,ERR,ERR,ERR,ERR,ERR,ERR,ERR,ERR,ERR,ERR,ERR,ERR,ERR,ERR,ERR,ERR,ERR,ERR,ERR,ERR,ERR,ERR,ERR,ERR,ERR,ERR,ERR,ERR,ERR,ERR,ERR,ERR,ERR,ERR,ERR,ERR,ERR,ERR,ERR,ERR,ERR,ERR,ERR,ERR,ERR,ERR,ERR,ERR,ERR,ERR,ERR,ERR,ERR,ERR,ERR,ERR,ERR,ERR,ERR,ERR,ERR,ERR,ERR,ERR,ERR,ERR,ERR,ERR,ERR,ERR,2.7184312818759872e+23,0.0,0.0,2.718290229135658e+23,-1.592,1.3936040501711995e+18,7.805,-0.0,0,0,4,48959,6720,14723890282496.0,100,0.0,0.0,0.0,2.718290229135658e+23,0.0,0,0,0,0,0.0,0,0,0,0,0,0,0,0,0,0,0,0,0,0,0,0,0,0,0,0,0,0,0,0,0,0,0,0,0,0,0,0,0,26,51,50,76,65476,0,300,0,0,8,21553,0.0,-107605600.0,0.0,0.0,0.0,0.0,0.0,0.0,0.0,0.0,0.0,0.0,0.0,0.0,0.0,0.0,0.0,0.0,0.0,0.0,0.0,0.0,-0.0,0.0,-0.0,-0.0,0.0,0.0,0.0,0.0,4830.0,0.0,7265.0,0.0,0.0,-0.0,2.718431101732002e+23,0.0,0.0,0.0,0.0,77,-5.848083809157084e+35,0.0,0.0,0.0,0.0,0.0,0.0,0.0,0.0,0,0,0,0.0,0.0,0.0,0.0,0.0,0.0,0.0,0.0,0.0,0.0,0.0,0.0,0.0,0.0,0.0,0.0,0,-107875648.0,77,0.0,154,0.0,-101056864.0,ERR,ERR,ERR,ERR,ERR,ERR,ERR,ERR,ERR,ERR,ERR,ERR,ERR,ERR,ERR,ERR,ERR,ERR,ERR,ERR,ERR,ERR,ERR,ERR,ERR,ERR,ERR,ERR,ERR,ERR,ERR,ERR,ERR,ERR,ERR,ERR,ERR,ERR,ERR,ERR,ERR,ERR,ERR,ERR,ERR,ERR,ERR,ERR,ERR,ERR,ERR,ERR,ERR,ERR,ERR,ERR,ERR,ERR,ERR,ERR,ERR,ERR,ERR,ERR,ERR,ERR,ERR,34.0,80.0,35,0.0,0.0,0.0,0.0,0.0,0.0,0.0,0.0,0.0,0.0,0.0,0.0,0.0,0.0,0.0,0.0,65.6,0,120,58,53,65476,0,300,0,0,8,20529,65476,0,0,57672,80.0,0.0,0.0,0.0,0.0,0.0
2026-06-18T02:45:21,ERR,ERR,ERR,ERR,ERR,ERR,ERR,ERR,ERR,ERR,ERR,ERR,ERR,ERR,ERR,ERR,ERR,ERR,ERR,ERR,ERR,ERR,ERR,ERR,ERR,ERR,ERR,ERR,ERR,ERR,ERR,ERR,ERR,ERR,ERR,ERR,ERR,ERR,ERR,ERR,ERR,ERR,ERR,ERR,ERR,ERR,ERR,ERR,ERR,ERR,ERR,ERR,ERR,ERR,ERR,ERR,ERR,ERR,ERR,ERR,ERR,ERR,ERR,ERR,ERR,ERR,ERR,ERR,ERR,ERR,ERR,ERR,ERR,ERR,ERR,ERR,ERR,ERR,ERR,ERR,ERR,ERR,ERR,ERR,ERR,ERR,ERR,ERR,ERR,ERR,ERR,ERR,ERR,ERR,ERR,ERR,ERR,ERR,ERR,ERR,ERR,ERR,ERR,ERR,ERR,ERR,ERR,ERR,ERR,ERR,ERR,ERR,ERR,ERR,ERR,ERR,ERR,ERR,ERR,ERR,ERR,ERR,ERR,ERR,ERR,2.7184312818759872e+23,0.0,0.0,2.718290229135658e+23,-1.592,1.3936040501711995e+18,7.805,-0.0,0,0,4,48959,6720,14723890282496.0,100,0.0,0.0,0.0,2.718290229135658e+23,0.0,0,0,0,0,0.0,0,0,0,0,0,0,0,0,0,0,0,0,0,0,0,0,0,0,0,0,0,0,0,0,0,0,0,0,0,0,0,0,0,26,51,50,76,65476,0,300,0,0,8,21553,0.0,-107605600.0,0.0,0.0,0.0,0.0,0.0,0.0,0.0,0.0,0.0,0.0,0.0,0.0,0.0,0.0,0.0,0.0,0.0,0.0,0.0,0.0,-0.0,0.0,-0.0,-0.0,0.0,0.0,0.0,0.0,4830.0,0.0,7265.0,0.0,0.0,-0.0,2.718431101732002e+23,0.0,0.0,0.0,0.0,77,-5.848083809157084e+35,0.0,0.0,0.0,0.0,0.0,0.0,0.0,0.0,0,0,0,0.0,0.0,0.0,0.0,0.0,0.0,0.0,0.0,0.0,0.0,0.0,0.0,0.0,0.0,0.0,0.0,0,-107875648.0,77,0.0,154,0.0,-101056864.0,ERR,ERR,ERR,ERR,ERR,ERR,ERR,ERR,ERR,ERR,ERR,ERR,ERR,ERR,ERR,ERR,ERR,ERR,ERR,ERR,ERR,ERR,ERR,ERR,ERR,ERR,ERR,ERR,ERR,ERR,ERR,ERR,ERR,ERR,ERR,ERR,ERR,ERR,ERR,ERR,ERR,ERR,ERR,ERR,ERR,ERR,ERR,ERR,ERR,ERR,ERR,ERR,ERR,ERR,ERR,ERR,ERR,ERR,ERR,ERR,ERR,ERR,ERR,ERR,ERR,ERR,ERR,34.0,80.0,35,0.0,0.0,0.0,0.0,0.0,0.0,0.0,0.0,0.0,0.0,0.0,0.0,0.0,0.0,0.0,0.0,66.4,0,120,58,53,65476,0,300,0,0,8,20529,65476,0,0,57672,80.0,0.0,0.0,0.0,0.0,0.0
2026-06-18T02:45:22,ERR,ERR,ERR,ERR,ERR,ERR,ERR,ERR,ERR,ERR,ERR,ERR,ERR,ERR,ERR,ERR,ERR,ERR,ERR,ERR,ERR,ERR,ERR,ERR,ERR,ERR,ERR,ERR,ERR,ERR,ERR,ERR,ERR,ERR,ERR,ERR,ERR,ERR,ERR,ERR,ERR,ERR,ERR,ERR,ERR,ERR,ERR,ERR,ERR,ERR,ERR,ERR,ERR,ERR,ERR,ERR,ERR,ERR,ERR,ERR,ERR,ERR,ERR,ERR,ERR,ERR,ERR,ERR,ERR,ERR,ERR,ERR,ERR,ERR,ERR,ERR,ERR,ERR,ERR,ERR,ERR,ERR,ERR,ERR,ERR,ERR,ERR,ERR,ERR,ERR,ERR,ERR,ERR,ERR,ERR,ERR,ERR,ERR,ERR,ERR,ERR,ERR,ERR,ERR,ERR,ERR,ERR,ERR,ERR,ERR,ERR,ERR,ERR,ERR,ERR,ERR,ERR,ERR,ERR,ERR,ERR,ERR,ERR,ERR,ERR,2.7184312818759872e+23,0.0,0.0,2.718290229135658e+23,-1.592,1.3936040501711995e+18,7.805,-0.0,0,0,4,48959,6720,14723890282496.0,100,0.0,0.0,0.0,2.718290229135658e+23,0.0,0,0,0,0,0.0,0,0,0,0,0,0,0,0,0,0,0,0,0,0,0,0,0,0,0,0,0,0,0,0,0,0,0,0,0,0,0,0,0,26,51,50,76,65476,0,300,0,0,8,21553,0.0,-107605600.0,0.0,0.0,0.0,0.0,0.0,0.0,0.0,0.0,0.0,0.0,0.0,0.0,0.0,0.0,0.0,0.0,0.0,0.0,0.0,0.0,-0.0,0.0,-0.0,-0.0,0.0,0.0,0.0,0.0,4830.0,0.0,7265.0,0.0,0.0,-0.0,2.718431101732002e+23,0.0,0.0,0.0,0.0,77,-5.848083809157084e+35,0.0,0.0,0.0,0.0,0.0,0.0,0.0,0.0,0,0,0,0.0,0.0,0.0,0.0,0.0,0.0,0.0,0.0,0.0,0.0,0.0,0.0,0.0,0.0,0.0,0.0,0,-107875648.0,77,0.0,154,0.0,-101056864.0,ERR,ERR,ERR,ERR,ERR,ERR,ERR,ERR,ERR,ERR,ERR,ERR,ERR,ERR,ERR,ERR,ERR,ERR,ERR,ERR,ERR,ERR,ERR,ERR,ERR,ERR,ERR,ERR,ERR,ERR,ERR,ERR,ERR,ERR,ERR,ERR,ERR,ERR,ERR,ERR,ERR,ERR,ERR,ERR,ERR,ERR,ERR,ERR,ERR,ERR,ERR,ERR,ERR,ERR,ERR,ERR,ERR,ERR,ERR,ERR,ERR,ERR,ERR,ERR,ERR,ERR,ERR,34.0,80.0,35,0.0,0.0,0.0,0.0,0.0,0.0,0.0,0.0,0.0,0.0,0.0,0.0,0.0,0.0,0.0,0.0,66.4,0,120,58,53,65476,0,300,0,0,8,20529,65476,0,0,57672,80.0,0.0,0.0,0.0,0.0,0.0
2026-06-18T02:45:23,ERR,ERR,ERR,ERR,ERR,ERR,ERR,ERR,ERR,ERR,ERR,ERR,ERR,ERR,ERR,ERR,ERR,ERR,ERR,ERR,ERR,ERR,ERR,ERR,ERR,ERR,ERR,ERR,ERR,ERR,ERR,ERR,ERR,ERR,ERR,ERR,ERR,ERR,ERR,ERR,ERR,ERR,ERR,ERR,ERR,ERR,ERR,ERR,ERR,ERR,ERR,ERR,ERR,ERR,ERR,ERR,ERR,ERR,ERR,ERR,ERR,ERR,ERR,ERR,ERR,ERR,ERR,ERR,ERR,ERR,ERR,ERR,ERR,ERR,ERR,ERR,ERR,ERR,ERR,ERR,ERR,ERR,ERR,ERR,ERR,ERR,ERR,ERR,ERR,ERR,ERR,ERR,ERR,ERR,ERR,ERR,ERR,ERR,ERR,ERR,ERR,ERR,ERR,ERR,ERR,ERR,ERR,ERR,ERR,ERR,ERR,ERR,ERR,ERR,ERR,ERR,ERR,ERR,ERR,ERR,ERR,ERR,ERR,ERR,ERR,2.7184312818759872e+23,0.0,0.0,2.718290229135658e+23,-1.592,1.3936040501711995e+18,7.805,-0.0,0,0,4,48959,6720,14723890282496.0,100,0.0,0.0,0.0,2.718290229135658e+23,0.0,0,0,0,0,0.0,0,0,0,0,0,0,0,0,0,0,0,0,0,0,0,0,0,0,0,0,0,0,0,0,0,0,0,0,0,0,0,0,0,26,51,50,76,65476,0,300,0,0,8,21553,0.0,-107605600.0,0.0,0.0,0.0,0.0,0.0,0.0,0.0,0.0,0.0,0.0,0.0,0.0,0.0,0.0,0.0,0.0,0.0,0.0,0.0,0.0,-0.0,0.0,-0.0,-0.0,0.0,0.0,0.0,0.0,4830.0,0.0,7265.0,0.0,0.0,-0.0,2.718431101732002e+23,0.0,0.0,0.0,0.0,77,-5.848083809157084e+35,0.0,0.0,0.0,0.0,0.0,0.0,0.0,0.0,0,0,0,0.0,0.0,0.0,0.0,0.0,0.0,0.0,0.0,0.0,0.0,0.0,0.0,0.0,0.0,0.0,0.0,0,-107875648.0,77,0.0,154,0.0,-101056864.0,ERR,ERR,ERR,ERR,ERR,ERR,ERR,ERR,ERR,ERR,ERR,ERR,ERR,ERR,ERR,ERR,ERR,ERR,ERR,ERR,ERR,ERR,ERR,ERR,ERR,ERR,ERR,ERR,ERR,ERR,ERR,ERR,ERR,ERR,ERR,ERR,ERR,ERR,ERR,ERR,ERR,ERR,ERR,ERR,ERR,ERR,ERR,ERR,ERR,ERR,ERR,ERR,ERR,ERR,ERR,ERR,ERR,ERR,ERR,ERR,ERR,ERR,ERR,ERR,ERR,ERR,ERR,34.0,80.0,35,0.0,0.0,0.0,0.0,0.0,0.0,0.0,0.0,0.0,0.0,0.0,0.0,0.0,0.0,0.0,0.0,65.6,0,120,58,53,65476,0,300,0,0,8,20529,65476,0,0,57672,80.0,0.0,0.0,0.0,0.0,0.0
2026-06-18T02:45:24,ERR,ERR,ERR,ERR,ERR,ERR,ERR,ERR,ERR,ERR,ERR,ERR,ERR,ERR,ERR,ERR,ERR,ERR,ERR,ERR,ERR,ERR,ERR,ERR,ERR,ERR,ERR,ERR,ERR,ERR,ERR,ERR,ERR,ERR,ERR,ERR,ERR,ERR,ERR,ERR,ERR,ERR,ERR,ERR,ERR,ERR,ERR,ERR,ERR,ERR,ERR,ERR,ERR,ERR,ERR,ERR,ERR,ERR,ERR,ERR,ERR,ERR,ERR,ERR,ERR,ERR,ERR,ERR,ERR,ERR,ERR,ERR,ERR,ERR,ERR,ERR,ERR,ERR,ERR,ERR,ERR,ERR,ERR,ERR,ERR,ERR,ERR,ERR,ERR,ERR,ERR,ERR,ERR,ERR,ERR,ERR,ERR,ERR,ERR,ERR,ERR,ERR,ERR,ERR,ERR,ERR,ERR,ERR,ERR,ERR,ERR,ERR,ERR,ERR,ERR,ERR,ERR,ERR,ERR,ERR,ERR,ERR,ERR,ERR,ERR,0.0,0.0,-0.0,-4.9501291711397626e+32,nan,1.3936040501711995e+18,7.805,-0.0,0,0,4,48935,6720,14723890282496.0,100,0.0,0.0,0.0,-0.0,0.0,0,0,0,0,0.0,0,0,0,0,0,0,0,0,0,0,0,0,0,0,0,0,0,0,0,0,0,0,0,0,0,0,0,0,0,0,0,0,0,26,51,50,76,65476,0,300,0,0,8,21553,0.0,-107605600.0,0.0,0.0,0.0,0.0,0.0,0.0,0.0,0.0,0.0,0.0,0.0,0.0,0.0,0.0,0.0,0.0,0.0,0.0,0.0,0.0,-2.004,0.0,-2.004,-0.0,0.0,0.0,0.0,0.0,4831.0,0.0,7295.0,0.0,0.0,2.7184303811560617e+23,2.718431101732002e+23,0.0,0.0,0.0,0.0,77,-5.848083809157084e+35,-4.950398036242045e+32,0.0,0.0,0.0,0.0,0.0,0.0,0.0,0,0,0,0.0,0.0,0.0,0.0,0.0,0.0,0.0,0.0,0.0,0.0,0.0,0.0,0.0,0.0,0.0,0.0,0,-107875648.0,77,0.0,154,0.0,-101056864.0,ERR,ERR,ERR,ERR,ERR,ERR,ERR,ERR,ERR,ERR,ERR,ERR,ERR,ERR,ERR,ERR,ERR,ERR,ERR,ERR,ERR,ERR,ERR,ERR,ERR,ERR,ERR,ERR,ERR,ERR,ERR,ERR,ERR,ERR,ERR,ERR,ERR,ERR,ERR,ERR,ERR,ERR,ERR,ERR,ERR,ERR,ERR,ERR,ERR,ERR,ERR,ERR,ERR,ERR,ERR,ERR,ERR,ERR,ERR,ERR,ERR,ERR,ERR,ERR,ERR,ERR,ERR,34.0,80.0,35,0.0,0.0,0.0,0.0,0.0,0.0,0.0,0.0,0.0,0.0,0.0,0.0,0.0,0.0,0.0,0.0,65.6,0,120,58,53,65476,0,300,0,0,8,20529,65476,0,0,57672,80.0,0.0,0.0,0.0,0.0,0.0
2026-06-18T02:45:25,ERR,ERR,ERR,ERR,ERR,ERR,ERR,ERR,ERR,ERR,ERR,ERR,ERR,ERR,ERR,ERR,ERR,ERR,ERR,ERR,ERR,ERR,ERR,ERR,ERR,ERR,ERR,ERR,ERR,ERR,ERR,ERR,ERR,ERR,ERR,ERR,ERR,ERR,ERR,ERR,ERR,ERR,ERR,ERR,ERR,ERR,ERR,ERR,ERR,ERR,ERR,ERR,ERR,ERR,ERR,ERR,ERR,ERR,ERR,ERR,ERR,ERR,ERR,ERR,ERR,ERR,ERR,ERR,ERR,ERR,ERR,ERR,ERR,ERR,ERR,ERR,ERR,ERR,ERR,ERR,ERR,ERR,ERR,ERR,ERR,ERR,ERR,ERR,ERR,ERR,ERR,ERR,ERR,ERR,ERR,ERR,ERR,ERR,ERR,ERR,ERR,ERR,ERR,ERR,ERR,ERR,ERR,ERR,ERR,ERR,ERR,ERR,ERR,ERR,ERR,ERR,ERR,ERR,ERR,ERR,ERR,ERR,ERR,ERR,ERR,0.0,0.0,-0.0,-4.9501291711397626e+32,nan,1.3936040501711995e+18,7.805,-0.0,0,0,4,48935,6720,14723890282496.0,100,0.0,0.0,0.0,-0.0,0.0,0,0,0,0,0.0,0,0,0,0,0,0,0,0,0,0,0,0,0,0,0,0,0,0,0,0,0,0,0,0,0,0,0,0,0,0,0,0,0,26,51,50,76,65476,0,300,0,0,8,21553,0.0,-107605600.0,0.0,0.0,0.0,0.0,0.0,0.0,0.0,0.0,0.0,0.0,0.0,0.0,0.0,0.0,0.0,0.0,0.0,0.0,0.0,0.0,-2.004,0.0,-2.004,-0.0,0.0,0.0,0.0,0.0,4831.0,0.0,7295.0,0.0,0.0,2.7184303811560617e+23,2.718431101732002e+23,0.0,0.0,0.0,0.0,77,-5.848083809157084e+35,-4.950398036242045e+32,0.0,0.0,0.0,0.0,0.0,0.0,0.0,0,0,0,0.0,0.0,0.0,0.0,0.0,0.0,0.0,0.0,0.0,0.0,0.0,0.0,0.0,0.0,0.0,0.0,0,-107875648.0,77,0.0,154,0.0,-101056864.0,ERR,ERR,ERR,ERR,ERR,ERR,ERR,ERR,ERR,ERR,ERR,ERR,ERR,ERR,ERR,ERR,ERR,ERR,ERR,ERR,ERR,ERR,ERR,ERR,ERR,ERR,ERR,ERR,ERR,ERR,ERR,ERR,ERR,ERR,ERR,ERR,ERR,ERR,ERR,ERR,ERR,ERR,ERR,ERR,ERR,ERR,ERR,ERR,ERR,ERR,ERR,ERR,ERR,ERR,ERR,ERR,ERR,ERR,ERR,ERR,ERR,ERR,ERR,ERR,ERR,ERR,ERR,34.0,80.0,35,0.0,0.0,0.0,0.0,0.0,0.0,0.0,0.0,0.0,0.0,0.0,0.0,0.0,0.0,0.0,0.0,65.6,0,120,58,53,65476,0,300,0,0,8,20529,65476,0,0,57672,80.0,0.0,0.0,0.0,0.0,0.0
2026-06-18T02:45:26,ERR,ERR,ERR,ERR,ERR,ERR,ERR,ERR,ERR,ERR,ERR,ERR,ERR,ERR,ERR,ERR,ERR,ERR,ERR,ERR,ERR,ERR,ERR,ERR,ERR,ERR,ERR,ERR,ERR,ERR,ERR,ERR,ERR,ERR,ERR,ERR,ERR,ERR,ERR,ERR,ERR,ERR,ERR,ERR,ERR,ERR,ERR,ERR,ERR,ERR,ERR,ERR,ERR,ERR,ERR,ERR,ERR,ERR,ERR,ERR,ERR,ERR,ERR,ERR,ERR,ERR,ERR,ERR,ERR,ERR,ERR,ERR,ERR,ERR,ERR,ERR,ERR,ERR,ERR,ERR,ERR,ERR,ERR,ERR,ERR,ERR,ERR,ERR,ERR,ERR,ERR,ERR,ERR,ERR,ERR,ERR,ERR,ERR,ERR,ERR,ERR,ERR,ERR,ERR,ERR,ERR,ERR,ERR,ERR,ERR,ERR,ERR,ERR,ERR,ERR,ERR,ERR,ERR,ERR,ERR,ERR,ERR,ERR,ERR,ERR,0.0,0.0,-0.0,-4.9501291711397626e+32,nan,1.3936040501711995e+18,7.805,-0.0,0,0,4,48935,6720,14723890282496.0,100,0.0,0.0,0.0,-0.0,0.0,0,0,0,0,0.0,0,0,0,0,0,0,0,0,0,0,0,0,0,0,0,0,0,0,0,0,0,0,0,0,0,0,0,0,0,0,0,0,0,26,51,50,76,65476,0,300,0,0,8,21553,0.0,-107605600.0,0.0,0.0,0.0,0.0,0.0,0.0,0.0,0.0,0.0,0.0,0.0,0.0,0.0,0.0,0.0,0.0,0.0,0.0,0.0,0.0,-2.004,0.0,-2.004,-0.0,0.0,0.0,0.0,0.0,4831.0,0.0,7295.0,0.0,0.0,2.7184303811560617e+23,2.718431101732002e+23,0.0,0.0,0.0,0.0,77,-5.848083809157084e+35,-4.950398036242045e+32,0.0,0.0,0.0,0.0,0.0,0.0,0.0,0,0,0,0.0,0.0,0.0,0.0,0.0,0.0,0.0,0.0,0.0,0.0,0.0,0.0,0.0,0.0,0.0,0.0,0,-107875648.0,77,0.0,154,0.0,-101056864.0,ERR,ERR,ERR,ERR,ERR,ERR,ERR,ERR,ERR,ERR,ERR,ERR,ERR,ERR,ERR,ERR,ERR,ERR,ERR,ERR,ERR,ERR,ERR,ERR,ERR,ERR,ERR,ERR,ERR,ERR,ERR,ERR,ERR,ERR,ERR,ERR,ERR,ERR,ERR,ERR,ERR,ERR,ERR,ERR,ERR,ERR,ERR,ERR,ERR,ERR,ERR,ERR,ERR,ERR,ERR,ERR,ERR,ERR,ERR,ERR,ERR,ERR,ERR,ERR,ERR,ERR,ERR,34.0,80.0,35,0.0,0.0,0.0,0.0,0.0,0.0,0.0,0.0,0.0,0.0,0.0,0.0,0.0,0.0,0.0,0.0,65.6,0,120,58,53,65476,0,300,0,0,8,20529,65476,0,0,57672,80.0,0.0,0.0,0.0,0.0,0.0
2026-06-18T02:45:27,ERR,ERR,ERR,ERR,ERR,ERR,ERR,ERR,ERR,ERR,ERR,ERR,ERR,ERR,ERR,ERR,ERR,ERR,ERR,ERR,ERR,ERR,ERR,ERR,ERR,ERR,ERR,ERR,ERR,ERR,ERR,ERR,ERR,ERR,ERR,ERR,ERR,ERR,ERR,ERR,ERR,ERR,ERR,ERR,ERR,ERR,ERR,ERR,ERR,ERR,ERR,ERR,ERR,ERR,ERR,ERR,ERR,ERR,ERR,ERR,ERR,ERR,ERR,ERR,ERR,ERR,ERR,ERR,ERR,ERR,ERR,ERR,ERR,ERR,ERR,ERR,ERR,ERR,ERR,ERR,ERR,ERR,ERR,ERR,ERR,ERR,ERR,ERR,ERR,ERR,ERR,ERR,ERR,ERR,ERR,ERR,ERR,ERR,ERR,ERR,ERR,ERR,ERR,ERR,ERR,ERR,ERR,ERR,ERR,ERR,ERR,ERR,ERR,ERR,ERR,ERR,ERR,ERR,ERR,ERR,ERR,ERR,ERR,ERR,ERR,0.0,0.0,-0.0,-4.9501291711397626e+32,nan,1.3936040501711995e+18,7.805,-0.0,0,0,4,48935,6720,14723890282496.0,100,0.0,0.0,0.0,-0.0,0.0,0,0,0,0,0.0,0,0,0,0,0,0,0,0,0,0,0,0,0,0,0,0,0,0,0,0,0,0,0,0,0,0,0,0,0,0,0,0,0,26,51,50,76,65476,0,300,0,0,8,21553,0.0,-107605600.0,0.0,0.0,0.0,0.0,0.0,0.0,0.0,0.0,0.0,0.0,0.0,0.0,0.0,0.0,0.0,0.0,0.0,0.0,0.0,0.0,-2.004,0.0,-2.004,-0.0,0.0,0.0,0.0,0.0,4831.0,0.0,7295.0,0.0,0.0,2.7184303811560617e+23,2.718431101732002e+23,0.0,0.0,0.0,0.0,77,-5.848083809157084e+35,-4.950398036242045e+32,0.0,0.0,0.0,0.0,0.0,0.0,0.0,0,0,0,0.0,0.0,0.0,0.0,0.0,0.0,0.0,0.0,0.0,0.0,0.0,0.0,0.0,0.0,0.0,0.0,0,-107875648.0,77,0.0,154,0.0,-101056864.0,ERR,ERR,ERR,ERR,ERR,ERR,ERR,ERR,ERR,ERR,ERR,ERR,ERR,ERR,ERR,ERR,ERR,ERR,ERR,ERR,ERR,ERR,ERR,ERR,ERR,ERR,ERR,ERR,ERR,ERR,ERR,ERR,ERR,ERR,ERR,ERR,ERR,ERR,ERR,ERR,ERR,ERR,ERR,ERR,ERR,ERR,ERR,ERR,ERR,ERR,ERR,ERR,ERR,ERR,ERR,ERR,ERR,ERR,ERR,ERR,ERR,ERR,ERR,ERR,ERR,ERR,ERR,34.0,80.0,35,0.0,0.0,0.0,0.0,0.0,0.0,0.0,0.0,0.0,0.0,0.0,0.0,0.0,0.0,0.0,0.0,66.4,0,120,58,53,65476,0,300,0,0,8,20529,65476,0,0,57672,80.0,0.0,0.0,0.0,0.0,0.0
2026-06-18T02:45:28,ERR,ERR,ERR,ERR,ERR,ERR,ERR,ERR,ERR,ERR,ERR,ERR,ERR,ERR,ERR,ERR,ERR,ERR,ERR,ERR,ERR,ERR,ERR,ERR,ERR,ERR,ERR,ERR,ERR,ERR,ERR,ERR,ERR,ERR,ERR,ERR,ERR,ERR,ERR,ERR,ERR,ERR,ERR,ERR,ERR,ERR,ERR,ERR,ERR,ERR,ERR,ERR,ERR,ERR,ERR,ERR,ERR,ERR,ERR,ERR,ERR,ERR,ERR,ERR,ERR,ERR,ERR,ERR,ERR,ERR,ERR,ERR,ERR,ERR,ERR,ERR,ERR,ERR,ERR,ERR,ERR,ERR,ERR,ERR,ERR,ERR,ERR,ERR,ERR,ERR,ERR,ERR,ERR,ERR,ERR,ERR,ERR,ERR,ERR,ERR,ERR,ERR,ERR,ERR,ERR,ERR,ERR,ERR,ERR,ERR,ERR,ERR,ERR,ERR,ERR,ERR,ERR,ERR,ERR,ERR,ERR,ERR,ERR,ERR,ERR,0.0,0.0,-0.0,-4.9501291711397626e+32,nan,1.3936040501711995e+18,7.805,-0.0,0,0,4,48935,6720,14723890282496.0,100,0.0,0.0,0.0,-0.0,0.0,0,0,0,0,0.0,0,0,0,0,0,0,0,0,0,0,0,0,0,0,0,0,0,0,0,0,0,0,0,0,0,0,0,0,0,0,0,0,0,26,51,50,76,65476,0,300,0,0,8,21553,0.0,-107605600.0,0.0,0.0,0.0,0.0,0.0,0.0,0.0,0.0,0.0,0.0,0.0,0.0,0.0,0.0,0.0,0.0,0.0,0.0,0.0,0.0,-2.004,0.0,-2.004,-0.0,0.0,0.0,0.0,0.0,4831.0,0.0,7295.0,0.0,0.0,2.7184303811560617e+23,2.718431101732002e+23,0.0,0.0,0.0,0.0,77,-5.848083809157084e+35,-4.950398036242045e+32,0.0,0.0,0.0,0.0,0.0,0.0,0.0,0,0,0,0.0,0.0,0.0,0.0,0.0,0.0,0.0,0.0,0.0,0.0,0.0,0.0,0.0,0.0,0.0,0.0,0,-107875648.0,77,0.0,154,0.0,-101056864.0,ERR,ERR,ERR,ERR,ERR,ERR,ERR,ERR,ERR,ERR,ERR,ERR,ERR,ERR,ERR,ERR,ERR,ERR,ERR,ERR,ERR,ERR,ERR,ERR,ERR,ERR,ERR,ERR,ERR,ERR,ERR,ERR,ERR,ERR,ERR,ERR,ERR,ERR,ERR,ERR,ERR,ERR,ERR,ERR,ERR,ERR,ERR,ERR,ERR,ERR,ERR,ERR,ERR,ERR,ERR,ERR,ERR,ERR,ERR,ERR,ERR,ERR,ERR,ERR,ERR,ERR,ERR,34.0,80.0,35,0.0,0.0,0.0,0.0,0.0,0.0,0.0,0.0,0.0,0.0,0.0,0.0,0.0,0.0,0.0,0.0,65.6,0,120,58,53,65476,0,300,0,0,8,20529,65476,0,0,57672,80.0,0.0,0.0,0.0,0.0,0.0
2026-06-18T02:45:29,ERR,ERR,ERR,ERR,ERR,ERR,ERR,ERR,ERR,ERR,ERR,ERR,ERR,ERR,ERR,ERR,ERR,ERR,ERR,ERR,ERR,ERR,ERR,ERR,ERR,ERR,ERR,ERR,ERR,ERR,ERR,ERR,ERR,ERR,ERR,ERR,ERR,ERR,ERR,ERR,ERR,ERR,ERR,ERR,ERR,ERR,ERR,ERR,ERR,ERR,ERR,ERR,ERR,ERR,ERR,ERR,ERR,ERR,ERR,ERR,ERR,ERR,ERR,ERR,ERR,ERR,ERR,ERR,ERR,ERR,ERR,ERR,ERR,ERR,ERR,ERR,ERR,ERR,ERR,ERR,ERR,ERR,ERR,ERR,ERR,ERR,ERR,ERR,ERR,ERR,ERR,ERR,ERR,ERR,ERR,ERR,ERR,ERR,ERR,ERR,ERR,ERR,ERR,ERR,ERR,ERR,ERR,ERR,ERR,ERR,ERR,ERR,ERR,ERR,ERR,ERR,ERR,ERR,ERR,ERR,ERR,ERR,ERR,ERR,ERR,0.0,0.0,-0.0,0.059,nan,1.3936040501711995e+18,7.805,0.0,0,0,4,48927,6720,14723890282496.0,100,0.0,0.0,0.0,0.059,0.0,0,0,0,0,0.0,0,0,0,0,0,0,0,0,0,0,0,0,0,0,0,0,0,0,0,0,0,0,0,0,0,0,0,0,0,0,0,0,0,26,51,50,76,65476,0,300,0,0,8,21553,0.0,-107605600.0,0.0,0.0,0.0,0.0,0.0,0.0,0.0,0.0,0.0,0.0,0.0,0.0,0.0,0.0,0.0,0.0,0.0,0.0,0.0,0.0,-0.0,0.0,-2.004,-0.0,0.0,0.0,0.0,0.0,4831.0,0.0,7265.0,0.0,0.0,2.7184303811560617e+23,2.718431101732002e+23,0.0,0.0,0.0,0.0,77,-5.848083809157084e+35,0.0,0.0,0.0,0.0,0.0,0.0,0.0,0.0,0,0,0,0.0,0.0,0.0,0.0,0.0,0.0,0.0,0.0,0.0,0.0,0.0,0.0,0.0,0.0,0.0,0.0,0,-107875648.0,77,0.0,154,0.0,-101056864.0,ERR,ERR,ERR,ERR,ERR,ERR,ERR,ERR,ERR,ERR,ERR,ERR,ERR,ERR,ERR,ERR,ERR,ERR,ERR,ERR,ERR,ERR,ERR,ERR,ERR,ERR,ERR,ERR,ERR,ERR,ERR,ERR,ERR,ERR,ERR,ERR,ERR,ERR,ERR,ERR,ERR,ERR,ERR,ERR,ERR,ERR,ERR,ERR,ERR,ERR,ERR,ERR,ERR,ERR,ERR,ERR,ERR,ERR,ERR,ERR,ERR,ERR,ERR,ERR,ERR,ERR,ERR,34.0,80.0,35,0.0,0.0,0.0,0.0,0.0,0.0,0.0,0.0,0.0,0.0,0.0,0.0,0.0,0.0,0.0,0.0,65.6,0,120,58,53,65476,0,300,0,0,8,20529,65476,0,0,57672,80.0,0.0,0.0,0.0,0.0,0.0
2026-06-18T02:45:30,ERR,ERR,ERR,ERR,ERR,ERR,ERR,ERR,ERR,ERR,ERR,ERR,ERR,ERR,ERR,ERR,ERR,ERR,ERR,ERR,ERR,ERR,ERR,ERR,ERR,ERR,ERR,ERR,ERR,ERR,ERR,ERR,ERR,ERR,ERR,ERR,ERR,ERR,ERR,ERR,ERR,ERR,ERR,ERR,ERR,ERR,ERR,ERR,ERR,ERR,ERR,ERR,ERR,ERR,ERR,ERR,ERR,ERR,ERR,ERR,ERR,ERR,ERR,ERR,ERR,ERR,ERR,ERR,ERR,ERR,ERR,ERR,ERR,ERR,ERR,ERR,ERR,ERR,ERR,ERR,ERR,ERR,ERR,ERR,ERR,ERR,ERR,ERR,ERR,ERR,ERR,ERR,ERR,ERR,ERR,ERR,ERR,ERR,ERR,ERR,ERR,ERR,ERR,ERR,ERR,ERR,ERR,ERR,ERR,ERR,ERR,ERR,ERR,ERR,ERR,ERR,ERR,ERR,ERR,ERR,ERR,ERR,ERR,ERR,ERR,0.0,0.0,-0.0,0.059,nan,1.3936040501711995e+18,7.805,0.0,0,0,4,48927,6720,14723890282496.0,100,0.0,0.0,0.0,0.059,0.0,0,0,0,0,0.0,0,0,0,0,0,0,0,0,0,0,0,0,0,0,0,0,0,0,0,0,0,0,0,0,0,0,0,0,0,0,0,0,0,26,51,50,76,65476,0,300,0,0,8,21553,0.0,-107605600.0,0.0,0.0,0.0,0.0,0.0,0.0,0.0,0.0,0.0,0.0,0.0,0.0,0.0,0.0,0.0,0.0,0.0,0.0,0.0,0.0,-0.0,0.0,-2.004,-0.0,0.0,0.0,0.0,0.0,4831.0,0.0,7265.0,0.0,0.0,2.7184303811560617e+23,2.718431101732002e+23,0.0,0.0,0.0,0.0,77,-5.848083809157084e+35,0.0,0.0,0.0,0.0,0.0,0.0,0.0,0.0,0,0,0,0.0,0.0,0.0,0.0,0.0,0.0,0.0,0.0,0.0,0.0,0.0,0.0,0.0,0.0,0.0,0.0,0,-107875648.0,77,0.0,154,0.0,-101056864.0,ERR,ERR,ERR,ERR,ERR,ERR,ERR,ERR,ERR,ERR,ERR,ERR,ERR,ERR,ERR,ERR,ERR,ERR,ERR,ERR,ERR,ERR,ERR,ERR,ERR,ERR,ERR,ERR,ERR,ERR,ERR,ERR,ERR,ERR,ERR,ERR,ERR,ERR,ERR,ERR,ERR,ERR,ERR,ERR,ERR,ERR,ERR,ERR,ERR,ERR,ERR,ERR,ERR,ERR,ERR,ERR,ERR,ERR,ERR,ERR,ERR,ERR,ERR,ERR,ERR,ERR,ERR,34.0,80.0,35,0.0,0.0,0.0,0.0,0.0,0.0,0.0,0.0,0.0,0.0,0.0,0.0,0.0,0.0,0.0,0.0,65.6,0,120,58,53,65476,0,300,0,0,8,20529,65476,0,0,57672,80.0,0.0,0.0,0.0,0.0,0.0
2026-06-18T02:45:31,ERR,ERR,ERR,ERR,ERR,ERR,ERR,ERR,ERR,ERR,ERR,ERR,ERR,ERR,ERR,ERR,ERR,ERR,ERR,ERR,ERR,ERR,ERR,ERR,ERR,ERR,ERR,ERR,ERR,ERR,ERR,ERR,ERR,ERR,ERR,ERR,ERR,ERR,ERR,ERR,ERR,ERR,ERR,ERR,ERR,ERR,ERR,ERR,ERR,ERR,ERR,ERR,ERR,ERR,ERR,ERR,ERR,ERR,ERR,ERR,ERR,ERR,ERR,ERR,ERR,ERR,ERR,ERR,ERR,ERR,ERR,ERR,ERR,ERR,ERR,ERR,ERR,ERR,ERR,ERR,ERR,ERR,ERR,ERR,ERR,ERR,ERR,ERR,ERR,ERR,ERR,ERR,ERR,ERR,ERR,ERR,ERR,ERR,ERR,ERR,ERR,ERR,ERR,ERR,ERR,ERR,ERR,ERR,ERR,ERR,ERR,ERR,ERR,ERR,ERR,ERR,ERR,ERR,ERR,ERR,ERR,ERR,ERR,ERR,ERR,0.0,0.0,-0.0,0.059,nan,1.3936040501711995e+18,7.805,0.0,0,0,4,48927,6720,14723890282496.0,100,0.0,0.0,0.0,0.059,0.0,0,0,0,0,0.0,0,0,0,0,0,0,0,0,0,0,0,0,0,0,0,0,0,0,0,0,0,0,0,0,0,0,0,0,0,0,0,0,0,26,51,50,76,65476,0,300,0,0,8,21553,0.0,-107605600.0,0.0,0.0,0.0,0.0,0.0,0.0,0.0,0.0,0.0,0.0,0.0,0.0,0.0,0.0,0.0,0.0,0.0,0.0,0.0,0.0,-0.0,0.0,-2.004,-0.0,0.0,0.0,0.0,0.0,4831.0,0.0,7265.0,0.0,0.0,2.7184303811560617e+23,2.718431101732002e+23,0.0,0.0,0.0,0.0,77,-5.848083809157084e+35,0.0,0.0,0.0,0.0,0.0,0.0,0.0,0.0,0,0,0,0.0,0.0,0.0,0.0,0.0,0.0,0.0,0.0,0.0,0.0,0.0,0.0,0.0,0.0,0.0,0.0,0,-107875648.0,77,0.0,154,0.0,-101056864.0,ERR,ERR,ERR,ERR,ERR,ERR,ERR,ERR,ERR,ERR,ERR,ERR,ERR,ERR,ERR,ERR,ERR,ERR,ERR,ERR,ERR,ERR,ERR,ERR,ERR,ERR,ERR,ERR,ERR,ERR,ERR,ERR,ERR,ERR,ERR,ERR,ERR,ERR,ERR,ERR,ERR,ERR,ERR,ERR,ERR,ERR,ERR,ERR,ERR,ERR,ERR,ERR,ERR,ERR,ERR,ERR,ERR,ERR,ERR,ERR,ERR,ERR,ERR,ERR,ERR,ERR,ERR,34.0,80.0,35,0.0,0.0,0.0,0.0,0.0,0.0,0.0,0.0,0.0,0.0,0.0,0.0,0.0,0.0,0.0,0.0,65.6,0,120,58,53,65476,0,300,0,0,8,20529,65476,0,0,57672,80.0,0.0,0.0,0.0,0.0,0.0
2026-06-18T02:45:32,ERR,ERR,ERR,ERR,ERR,ERR,ERR,ERR,ERR,ERR,ERR,ERR,ERR,ERR,ERR,ERR,ERR,ERR,ERR,ERR,ERR,ERR,ERR,ERR,ERR,ERR,ERR,ERR,ERR,ERR,ERR,ERR,ERR,ERR,ERR,ERR,ERR,ERR,ERR,ERR,ERR,ERR,ERR,ERR,ERR,ERR,ERR,ERR,ERR,ERR,ERR,ERR,ERR,ERR,ERR,ERR,ERR,ERR,ERR,ERR,ERR,ERR,ERR,ERR,ERR,ERR,ERR,ERR,ERR,ERR,ERR,ERR,ERR,ERR,ERR,ERR,ERR,ERR,ERR,ERR,ERR,ERR,ERR,ERR,ERR,ERR,ERR,ERR,ERR,ERR,ERR,ERR,ERR,ERR,ERR,ERR,ERR,ERR,ERR,ERR,ERR,ERR,ERR,ERR,ERR,ERR,ERR,ERR,ERR,ERR,ERR,ERR,ERR,ERR,ERR,ERR,ERR,ERR,ERR,ERR,ERR,ERR,ERR,ERR,ERR,0.0,0.0,-0.0,0.059,nan,1.3936040501711995e+18,7.805,0.0,0,0,4,48927,6720,14723890282496.0,100,0.0,0.0,0.0,0.059,0.0,0,0,0,0,0.0,0,0,0,0,0,0,0,0,0,0,0,0,0,0,0,0,0,0,0,0,0,0,0,0,0,0,0,0,0,0,0,0,0,26,51,50,76,65476,0,300,0,0,8,21553,0.0,-107605600.0,0.0,0.0,0.0,0.0,0.0,0.0,0.0,0.0,0.0,0.0,0.0,0.0,0.0,0.0,0.0,0.0,0.0,0.0,0.0,0.0,-0.0,0.0,-2.004,-0.0,0.0,0.0,0.0,0.0,4831.0,0.0,7265.0,0.0,0.0,2.7184303811560617e+23,2.718431101732002e+23,0.0,0.0,0.0,0.0,77,-5.848083809157084e+35,0.0,0.0,0.0,0.0,0.0,0.0,0.0,0.0,0,0,0,0.0,0.0,0.0,0.0,0.0,0.0,0.0,0.0,0.0,0.0,0.0,0.0,0.0,0.0,0.0,0.0,0,-107875648.0,77,0.0,154,0.0,-101056864.0,ERR,ERR,ERR,ERR,ERR,ERR,ERR,ERR,ERR,ERR,ERR,ERR,ERR,ERR,ERR,ERR,ERR,ERR,ERR,ERR,ERR,ERR,ERR,ERR,ERR,ERR,ERR,ERR,ERR,ERR,ERR,ERR,ERR,ERR,ERR,ERR,ERR,ERR,ERR,ERR,ERR,ERR,ERR,ERR,ERR,ERR,ERR,ERR,ERR,ERR,ERR,ERR,ERR,ERR,ERR,ERR,ERR,ERR,ERR,ERR,ERR,ERR,ERR,ERR,ERR,ERR,ERR,34.0,80.0,35,0.0,0.0,0.0,0.0,0.0,0.0,0.0,0.0,0.0,0.0,0.0,0.0,0.0,0.0,0.0,0.0,65.6,0,120,58,53,65476,0,300,0,0,8,20529,65476,0,0,57672,80.0,0.0,0.0,0.0,0.0,0.0
2026-06-18T02:45:33,ERR,ERR,ERR,ERR,ERR,ERR,ERR,ERR,ERR,ERR,ERR,ERR,ERR,ERR,ERR,ERR,ERR,ERR,ERR,ERR,ERR,ERR,ERR,ERR,ERR,ERR,ERR,ERR,ERR,ERR,ERR,ERR,ERR,ERR,ERR,ERR,ERR,ERR,ERR,ERR,ERR,ERR,ERR,ERR,ERR,ERR,ERR,ERR,ERR,ERR,ERR,ERR,ERR,ERR,ERR,ERR,ERR,ERR,ERR,ERR,ERR,ERR,ERR,ERR,ERR,ERR,ERR,ERR,ERR,ERR,ERR,ERR,ERR,ERR,ERR,ERR,ERR,ERR,ERR,ERR,ERR,ERR,ERR,ERR,ERR,ERR,ERR,ERR,ERR,ERR,ERR,ERR,ERR,ERR,ERR,ERR,ERR,ERR,ERR,ERR,ERR,ERR,ERR,ERR,ERR,ERR,ERR,ERR,ERR,ERR,ERR,ERR,ERR,ERR,ERR,ERR,ERR,ERR,ERR,ERR,ERR,ERR,ERR,ERR,ERR,0.0,0.0,-0.0,0.059,nan,1.3936040501711995e+18,7.805,0.0,0,0,4,48927,6720,14723890282496.0,100,0.0,0.0,0.0,0.059,0.0,0,0,0,0,0.0,0,0,0,0,0,0,0,0,0,0,0,0,0,0,0,0,0,0,0,0,0,0,0,0,0,0,0,0,0,0,0,0,0,26,51,50,76,65476,0,300,0,0,8,21553,0.0,-107605600.0,0.0,0.0,0.0,0.0,0.0,0.0,0.0,0.0,0.0,0.0,0.0,0.0,0.0,0.0,0.0,0.0,0.0,0.0,0.0,0.0,-0.0,0.0,-2.004,-0.0,0.0,0.0,0.0,0.0,4831.0,0.0,7265.0,0.0,0.0,2.7184303811560617e+23,2.718431101732002e+23,0.0,0.0,0.0,0.0,77,-5.848083809157084e+35,0.0,0.0,0.0,0.0,0.0,0.0,0.0,0.0,0,0,0,0.0,0.0,0.0,0.0,0.0,0.0,0.0,0.0,0.0,0.0,0.0,0.0,0.0,0.0,0.0,0.0,0,-107875648.0,77,0.0,154,0.0,-101056864.0,ERR,ERR,ERR,ERR,ERR,ERR,ERR,ERR,ERR,ERR,ERR,ERR,ERR,ERR,ERR,ERR,ERR,ERR,ERR,ERR,ERR,ERR,ERR,ERR,ERR,ERR,ERR,ERR,ERR,ERR,ERR,ERR,ERR,ERR,ERR,ERR,ERR,ERR,ERR,ERR,ERR,ERR,ERR,ERR,ERR,ERR,ERR,ERR,ERR,ERR,ERR,ERR,ERR,ERR,ERR,ERR,ERR,ERR,ERR,ERR,ERR,ERR,ERR,ERR,ERR,ERR,ERR,34.0,80.0,35,0.0,0.0,0.0,0.0,0.0,0.0,0.0,0.0,0.0,0.0,0.0,0.0,0.0,0.0,0.0,0.0,65.6,0,120,58,53,65476,0,300,0,0,8,20529,65476,0,0,57672,80.0,0.0,0.0,0.0,0.0,0.0
2026-06-18T02:45:34,ERR,ERR,ERR,ERR,ERR,ERR,ERR,ERR,ERR,ERR,ERR,ERR,ERR,ERR,ERR,ERR,ERR,ERR,ERR,ERR,ERR,ERR,ERR,ERR,ERR,ERR,ERR,ERR,ERR,ERR,ERR,ERR,ERR,ERR,ERR,ERR,ERR,ERR,ERR,ERR,ERR,ERR,ERR,ERR,ERR,ERR,ERR,ERR,ERR,ERR,ERR,ERR,ERR,ERR,ERR,ERR,ERR,ERR,ERR,ERR,ERR,ERR,ERR,ERR,ERR,ERR,ERR,ERR,ERR,ERR,ERR,ERR,ERR,ERR,ERR,ERR,ERR,ERR,ERR,ERR,ERR,ERR,ERR,ERR,ERR,ERR,ERR,ERR,ERR,ERR,ERR,ERR,ERR,ERR,ERR,ERR,ERR,ERR,ERR,ERR,ERR,ERR,ERR,ERR,ERR,ERR,ERR,ERR,ERR,ERR,ERR,ERR,ERR,ERR,ERR,ERR,ERR,ERR,ERR,ERR,ERR,ERR,ERR,ERR,ERR,0.0,0.0,-0.0,2.718290229135658e+23,nan,1.3936040501711995e+18,7.805,-12113.15,0,0,4,48933,6720,14723890282496.0,100,0.0,0.0,0.0,2.718290229135658e+23,0.0,0,0,0,0,0.0,0,0,0,0,0,0,0,0,0,0,0,0,0,0,0,0,0,0,0,0,0,0,0,0,0,0,0,0,0,0,0,0,0,26,51,50,76,65476,0,300,0,0,8,21553,0.0,-107605600.0,0.0,0.0,0.0,0.0,0.0,0.0,0.0,0.0,0.0,0.0,0.0,0.0,0.0,0.0,0.0,0.0,0.0,0.0,0.0,0.0,-0.0,0.0,-0.0,-0.0,0.0,0.0,0.0,0.0,4831.0,0.0,7268.0,2.7184312818759872e+23,0.0,-0.0,2.718431101732002e+23,0.0,0.0,0.0,0.0,77,-5.848083809157084e+35,0.0,0.0,0.0,0.0,0.0,0.0,0.0,0.0,0,0,0,0.0,0.0,0.0,0.0,0.0,0.0,0.0,0.0,0.0,0.0,0.0,0.0,0.0,0.0,0.0,0.0,0,-107875648.0,77,0.0,154,0.0,0.0,ERR,ERR,ERR,ERR,ERR,ERR,ERR,ERR,ERR,ERR,ERR,ERR,ERR,ERR,ERR,ERR,ERR,ERR,ERR,ERR,ERR,ERR,ERR,ERR,ERR,ERR,ERR,ERR,ERR,ERR,ERR,ERR,ERR,ERR,ERR,ERR,ERR,ERR,ERR,ERR,ERR,ERR,ERR,ERR,ERR,ERR,ERR,ERR,ERR,ERR,ERR,ERR,ERR,ERR,ERR,ERR,ERR,ERR,ERR,ERR,ERR,ERR,ERR,ERR,ERR,ERR,ERR,34.0,80.0,35,0.0,0.0,0.0,0.0,0.0,0.0,0.0,0.0,0.0,0.0,0.0,0.0,0.0,0.0,0.0,0.0,65.6,0,120,58,53,65476,0,300,0,0,8,20529,65476,0,0,57672,80.0,0.0,0.0,0.0,0.0,0.0
2026-06-18T02:45:35,ERR,ERR,ERR,ERR,ERR,ERR,ERR,ERR,ERR,ERR,ERR,ERR,ERR,ERR,ERR,ERR,ERR,ERR,ERR,ERR,ERR,ERR,ERR,ERR,ERR,ERR,ERR,ERR,ERR,ERR,ERR,ERR,ERR,ERR,ERR,ERR,ERR,ERR,ERR,ERR,ERR,ERR,ERR,ERR,ERR,ERR,ERR,ERR,ERR,ERR,ERR,ERR,ERR,ERR,ERR,ERR,ERR,ERR,ERR,ERR,ERR,ERR,ERR,ERR,ERR,ERR,ERR,ERR,ERR,ERR,ERR,ERR,ERR,ERR,ERR,ERR,ERR,ERR,ERR,ERR,ERR,ERR,ERR,ERR,ERR,ERR,ERR,ERR,ERR,ERR,ERR,ERR,ERR,ERR,ERR,ERR,ERR,ERR,ERR,ERR,ERR,ERR,ERR,ERR,ERR,ERR,ERR,ERR,ERR,ERR,ERR,ERR,ERR,ERR,ERR,ERR,ERR,ERR,ERR,ERR,ERR,ERR,ERR,ERR,ERR,0.0,0.0,-0.0,2.718290229135658e+23,nan,1.3936040501711995e+18,7.805,-12113.15,0,0,4,48933,6720,14723890282496.0,100,0.0,0.0,0.0,2.718290229135658e+23,0.0,0,0,0,0,0.0,0,0,0,0,0,0,0,0,0,0,0,0,0,0,0,0,0,0,0,0,0,0,0,0,0,0,0,0,0,0,0,0,0,26,51,50,76,65476,0,300,0,0,8,21553,0.0,-107605600.0,0.0,0.0,0.0,0.0,0.0,0.0,0.0,0.0,0.0,0.0,0.0,0.0,0.0,0.0,0.0,0.0,0.0,0.0,0.0,0.0,-0.0,0.0,-0.0,-0.0,0.0,0.0,0.0,0.0,4831.0,0.0,7268.0,2.7184312818759872e+23,0.0,-0.0,2.718431101732002e+23,0.0,0.0,0.0,0.0,77,-5.848083809157084e+35,0.0,0.0,0.0,0.0,0.0,0.0,0.0,0.0,0,0,0,0.0,0.0,0.0,0.0,0.0,0.0,0.0,0.0,0.0,0.0,0.0,0.0,0.0,0.0,0.0,0.0,0,-107875648.0,77,0.0,154,0.0,0.0,ERR,ERR,ERR,ERR,ERR,ERR,ERR,ERR,ERR,ERR,ERR,ERR,ERR,ERR,ERR,ERR,ERR,ERR,ERR,ERR,ERR,ERR,ERR,ERR,ERR,ERR,ERR,ERR,ERR,ERR,ERR,ERR,ERR,ERR,ERR,ERR,ERR,ERR,ERR,ERR,ERR,ERR,ERR,ERR,ERR,ERR,ERR,ERR,ERR,ERR,ERR,ERR,ERR,ERR,ERR,ERR,ERR,ERR,ERR,ERR,ERR,ERR,ERR,ERR,ERR,ERR,ERR,34.0,80.0,35,0.0,0.0,0.0,0.0,0.0,0.0,0.0,0.0,0.0,0.0,0.0,0.0,0.0,0.0,0.0,0.0,65.6,0,120,58,53,65476,0,300,0,0,8,20529,65476,0,0,57672,80.0,0.0,0.0,0.0,0.0,0.0
2026-06-18T02:45:36,ERR,ERR,ERR,ERR,ERR,ERR,ERR,ERR,ERR,ERR,ERR,ERR,ERR,ERR,ERR,ERR,ERR,ERR,ERR,ERR,ERR,ERR,ERR,ERR,ERR,ERR,ERR,ERR,ERR,ERR,ERR,ERR,ERR,ERR,ERR,ERR,ERR,ERR,ERR,ERR,ERR,ERR,ERR,ERR,ERR,ERR,ERR,ERR,ERR,ERR,ERR,ERR,ERR,ERR,ERR,ERR,ERR,ERR,ERR,ERR,ERR,ERR,ERR,ERR,ERR,ERR,ERR,ERR,ERR,ERR,ERR,ERR,ERR,ERR,ERR,ERR,ERR,ERR,ERR,ERR,ERR,ERR,ERR,ERR,ERR,ERR,ERR,ERR,ERR,ERR,ERR,ERR,ERR,ERR,ERR,ERR,ERR,ERR,ERR,ERR,ERR,ERR,ERR,ERR,ERR,ERR,ERR,ERR,ERR,ERR,ERR,ERR,ERR,ERR,ERR,ERR,ERR,ERR,ERR,ERR,ERR,ERR,ERR,ERR,ERR,0.0,0.0,-0.0,2.718290229135658e+23,nan,1.3936040501711995e+18,7.805,-12113.15,0,0,4,48933,6720,14723890282496.0,100,0.0,0.0,0.0,2.718290229135658e+23,0.0,0,0,0,0,0.0,0,0,0,0,0,0,0,0,0,0,0,0,0,0,0,0,0,0,0,0,0,0,0,0,0,0,0,0,0,0,0,0,0,26,51,50,76,65476,0,300,0,0,8,21553,0.0,-107605600.0,0.0,0.0,0.0,0.0,0.0,0.0,0.0,0.0,0.0,0.0,0.0,0.0,0.0,0.0,0.0,0.0,0.0,0.0,0.0,0.0,-0.0,0.0,-0.0,-0.0,0.0,0.0,0.0,0.0,4831.0,0.0,7268.0,2.7184312818759872e+23,0.0,-0.0,2.718431101732002e+23,0.0,0.0,0.0,0.0,77,-5.848083809157084e+35,0.0,0.0,0.0,0.0,0.0,0.0,0.0,0.0,0,0,0,0.0,0.0,0.0,0.0,0.0,0.0,0.0,0.0,0.0,0.0,0.0,0.0,0.0,0.0,0.0,0.0,0,-107875648.0,77,0.0,154,0.0,0.0,ERR,ERR,ERR,ERR,ERR,ERR,ERR,ERR,ERR,ERR,ERR,ERR,ERR,ERR,ERR,ERR,ERR,ERR,ERR,ERR,ERR,ERR,ERR,ERR,ERR,ERR,ERR,ERR,ERR,ERR,ERR,ERR,ERR,ERR,ERR,ERR,ERR,ERR,ERR,ERR,ERR,ERR,ERR,ERR,ERR,ERR,ERR,ERR,ERR,ERR,ERR,ERR,ERR,ERR,ERR,ERR,ERR,ERR,ERR,ERR,ERR,ERR,ERR,ERR,ERR,ERR,ERR,34.0,80.0,35,0.0,0.0,0.0,0.0,0.0,0.0,0.0,0.0,0.0,0.0,0.0,0.0,0.0,0.0,0.0,0.0,65.6,0,120,58,53,65476,0,300,0,0,8,20529,65476,0,0,57672,80.0,0.0,0.0,0.0,0.0,0.0
2026-06-18T02:45:37,ERR,ERR,ERR,ERR,ERR,ERR,ERR,ERR,ERR,ERR,ERR,ERR,ERR,ERR,ERR,ERR,ERR,ERR,ERR,ERR,ERR,ERR,ERR,ERR,ERR,ERR,ERR,ERR,ERR,ERR,ERR,ERR,ERR,ERR,ERR,ERR,ERR,ERR,ERR,ERR,ERR,ERR,ERR,ERR,ERR,ERR,ERR,ERR,ERR,ERR,ERR,ERR,ERR,ERR,ERR,ERR,ERR,ERR,ERR,ERR,ERR,ERR,ERR,ERR,ERR,ERR,ERR,ERR,ERR,ERR,ERR,ERR,ERR,ERR,ERR,ERR,ERR,ERR,ERR,ERR,ERR,ERR,ERR,ERR,ERR,ERR,ERR,ERR,ERR,ERR,ERR,ERR,ERR,ERR,ERR,ERR,ERR,ERR,ERR,ERR,ERR,ERR,ERR,ERR,ERR,ERR,ERR,ERR,ERR,ERR,ERR,ERR,ERR,ERR,ERR,ERR,ERR,ERR,ERR,ERR,ERR,ERR,ERR,ERR,ERR,0.0,0.0,-0.0,2.718290229135658e+23,nan,1.3936040501711995e+18,7.805,-12113.15,0,0,4,48933,6720,14723890282496.0,100,0.0,0.0,0.0,2.718290229135658e+23,0.0,0,0,0,0,0.0,0,0,0,0,0,0,0,0,0,0,0,0,0,0,0,0,0,0,0,0,0,0,0,0,0,0,0,0,0,0,0,0,0,26,51,50,76,65476,0,300,0,0,8,21553,0.0,-107605600.0,0.0,0.0,0.0,0.0,0.0,0.0,0.0,0.0,0.0,0.0,0.0,0.0,0.0,0.0,0.0,0.0,0.0,0.0,0.0,0.0,-0.0,0.0,-0.0,-0.0,0.0,0.0,0.0,0.0,4831.0,0.0,7268.0,2.7184312818759872e+23,0.0,-0.0,2.718431101732002e+23,0.0,0.0,0.0,0.0,77,-5.848083809157084e+35,0.0,0.0,0.0,0.0,0.0,0.0,0.0,0.0,0,0,0,0.0,0.0,0.0,0.0,0.0,0.0,0.0,0.0,0.0,0.0,0.0,0.0,0.0,0.0,0.0,0.0,0,-107875648.0,77,0.0,154,0.0,0.0,ERR,ERR,ERR,ERR,ERR,ERR,ERR,ERR,ERR,ERR,ERR,ERR,ERR,ERR,ERR,ERR,ERR,ERR,ERR,ERR,ERR,ERR,ERR,ERR,ERR,ERR,ERR,ERR,ERR,ERR,ERR,ERR,ERR,ERR,ERR,ERR,ERR,ERR,ERR,ERR,ERR,ERR,ERR,ERR,ERR,ERR,ERR,ERR,ERR,ERR,ERR,ERR,ERR,ERR,ERR,ERR,ERR,ERR,ERR,ERR,ERR,ERR,ERR,ERR,ERR,ERR,ERR,34.0,80.0,35,0.0,0.0,0.0,0.0,0.0,0.0,0.0,0.0,0.0,0.0,0.0,0.0,0.0,0.0,0.0,0.0,65.6,0,120,58,53,65476,0,300,0,0,8,20529,65476,0,0,57672,80.0,0.0,0.0,0.0,0.0,0.0
2026-06-18T02:45:38,ERR,ERR,ERR,ERR,ERR,ERR,ERR,ERR,ERR,ERR,ERR,ERR,ERR,ERR,ERR,ERR,ERR,ERR,ERR,ERR,ERR,ERR,ERR,ERR,ERR,ERR,ERR,ERR,ERR,ERR,ERR,ERR,ERR,ERR,ERR,ERR,ERR,ERR,ERR,ERR,ERR,ERR,ERR,ERR,ERR,ERR,ERR,ERR,ERR,ERR,ERR,ERR,ERR,ERR,ERR,ERR,ERR,ERR,ERR,ERR,ERR,ERR,ERR,ERR,ERR,ERR,ERR,ERR,ERR,ERR,ERR,ERR,ERR,ERR,ERR,ERR,ERR,ERR,ERR,ERR,ERR,ERR,ERR,ERR,ERR,ERR,ERR,ERR,ERR,ERR,ERR,ERR,ERR,ERR,ERR,ERR,ERR,ERR,ERR,ERR,ERR,ERR,ERR,ERR,ERR,ERR,ERR,ERR,ERR,ERR,ERR,ERR,ERR,ERR,ERR,ERR,ERR,ERR,ERR,ERR,ERR,ERR,ERR,ERR,ERR,0.0,0.0,-0.0,2.718290229135658e+23,nan,1.3936040501711995e+18,7.805,-12113.15,0,0,4,48933,6720,14723890282496.0,100,0.0,0.0,0.0,2.718290229135658e+23,0.0,0,0,0,0,0.0,0,0,0,0,0,0,0,0,0,0,0,0,0,0,0,0,0,0,0,0,0,0,0,0,0,0,0,0,0,0,0,0,0,26,51,50,76,65476,0,300,0,0,8,21553,0.0,-107605600.0,0.0,0.0,0.0,0.0,0.0,0.0,0.0,0.0,0.0,0.0,0.0,0.0,0.0,0.0,0.0,0.0,0.0,0.0,0.0,0.0,-0.0,0.0,-0.0,-0.0,0.0,0.0,0.0,0.0,4831.0,0.0,7268.0,2.7184312818759872e+23,0.0,-0.0,2.718431101732002e+23,0.0,0.0,0.0,0.0,77,-5.848083809157084e+35,0.0,0.0,0.0,0.0,0.0,0.0,0.0,0.0,0,0,0,0.0,0.0,0.0,0.0,0.0,0.0,0.0,0.0,0.0,0.0,0.0,0.0,0.0,0.0,0.0,0.0,0,-107875648.0,77,0.0,154,0.0,0.0,ERR,ERR,ERR,ERR,ERR,ERR,ERR,ERR,ERR,ERR,ERR,ERR,ERR,ERR,ERR,ERR,ERR,ERR,ERR,ERR,ERR,ERR,ERR,ERR,ERR,ERR,ERR,ERR,ERR,ERR,ERR,ERR,ERR,ERR,ERR,ERR,ERR,ERR,ERR,ERR,ERR,ERR,ERR,ERR,ERR,ERR,ERR,ERR,ERR,ERR,ERR,ERR,ERR,ERR,ERR,ERR,ERR,ERR,ERR,ERR,ERR,ERR,ERR,ERR,ERR,ERR,ERR,34.0,80.0,35,0.0,0.0,0.0,0.0,0.0,0.0,0.0,0.0,0.0,0.0,0.0,0.0,0.0,0.0,0.0,0.0,65.6,0,120,58,53,65476,0,300,0,0,8,20529,65476,0,0,57672,80.0,0.0,0.0,0.0,0.0,0.0
2026-06-18T02:45:39,ERR,ERR,ERR,ERR,ERR,ERR,ERR,ERR,ERR,ERR,ERR,ERR,ERR,ERR,ERR,ERR,ERR,ERR,ERR,ERR,ERR,ERR,ERR,ERR,ERR,ERR,ERR,ERR,ERR,ERR,ERR,ERR,ERR,ERR,ERR,ERR,ERR,ERR,ERR,ERR,ERR,ERR,ERR,ERR,ERR,ERR,ERR,ERR,ERR,ERR,ERR,ERR,ERR,ERR,ERR,ERR,ERR,ERR,ERR,ERR,ERR,ERR,ERR,ERR,ERR,ERR,ERR,ERR,ERR,ERR,ERR,ERR,ERR,ERR,ERR,ERR,ERR,ERR,ERR,ERR,ERR,ERR,ERR,ERR,ERR,ERR,ERR,ERR,ERR,ERR,ERR,ERR,ERR,ERR,ERR,ERR,ERR,ERR,ERR,ERR,ERR,ERR,ERR,ERR,ERR,ERR,ERR,ERR,ERR,ERR,ERR,ERR,ERR,ERR,ERR,ERR,ERR,ERR,ERR,ERR,ERR,ERR,ERR,ERR,ERR,0.0,0.0,-0.0,2.718290229135658e+23,nan,1.3936040501711995e+18,7.805,-12113.15,0,0,4,48933,6720,14723890282496.0,100,0.0,0.0,0.0,2.718290229135658e+23,0.0,0,0,0,0,0.0,0,0,0,0,0,0,0,0,0,0,0,0,0,0,0,0,0,0,0,0,0,0,0,0,0,0,0,0,0,0,0,0,0,26,51,50,76,65476,0,300,0,0,8,21553,0.0,-107605600.0,0.0,0.0,0.0,0.0,0.0,0.0,0.0,0.0,0.0,0.0,0.0,0.0,0.0,0.0,0.0,0.0,0.0,0.0,0.0,0.0,-0.0,0.0,-0.0,-0.0,0.0,0.0,0.0,0.0,4831.0,0.0,7268.0,2.7184312818759872e+23,0.0,-0.0,2.718431101732002e+23,0.0,0.0,0.0,0.0,77,-5.848083809157084e+35,0.0,0.0,0.0,0.0,0.0,0.0,0.0,0.0,0,0,0,0.0,0.0,0.0,0.0,0.0,0.0,0.0,0.0,0.0,0.0,0.0,0.0,0.0,0.0,0.0,0.0,0,-107875648.0,77,0.0,154,0.0,0.0,ERR,ERR,ERR,ERR,ERR,ERR,ERR,ERR,ERR,ERR,ERR,ERR,ERR,ERR,ERR,ERR,ERR,ERR,ERR,ERR,ERR,ERR,ERR,ERR,ERR,ERR,ERR,ERR,ERR,ERR,ERR,ERR,ERR,ERR,ERR,ERR,ERR,ERR,ERR,ERR,ERR,ERR,ERR,ERR,ERR,ERR,ERR,ERR,ERR,ERR,ERR,ERR,ERR,ERR,ERR,ERR,ERR,ERR,ERR,ERR,ERR,ERR,ERR,ERR,ERR,ERR,ERR,34.0,80.0,35,0.0,0.0,0.0,0.0,0.0,0.0,0.0,0.0,0.0,0.0,0.0,0.0,0.0,0.0,0.0,0.0,65.6,0,120,58,53,65476,0,300,0,0,8,20529,65476,0,0,57672,80.0,0.0,0.0,0.0,0.0,0.0
2026-06-18T02:45:40,ERR,ERR,ERR,ERR,ERR,ERR,ERR,ERR,ERR,ERR,ERR,ERR,ERR,ERR,ERR,ERR,ERR,ERR,ERR,ERR,ERR,ERR,ERR,ERR,ERR,ERR,ERR,ERR,ERR,ERR,ERR,ERR,ERR,ERR,ERR,ERR,ERR,ERR,ERR,ERR,ERR,ERR,ERR,ERR,ERR,ERR,ERR,ERR,ERR,ERR,ERR,ERR,ERR,ERR,ERR,ERR,ERR,ERR,ERR,ERR,ERR,ERR,ERR,ERR,ERR,ERR,ERR,ERR,ERR,ERR,ERR,ERR,ERR,ERR,ERR,ERR,ERR,ERR,ERR,ERR,ERR,ERR,ERR,ERR,ERR,ERR,ERR,ERR,ERR,ERR,ERR,ERR,ERR,ERR,ERR,ERR,ERR,ERR,ERR,ERR,ERR,ERR,ERR,ERR,ERR,ERR,ERR,ERR,ERR,ERR,ERR,ERR,ERR,ERR,ERR,ERR,ERR,ERR,ERR,ERR,ERR,ERR,ERR,ERR,ERR,0.0,0.0,-0.0,-0.0,nan,1.3936040501711995e+18,7.805,1.182,0,0,4,48923,6720,14723890282496.0,100,0.0,0.0,0.0,-0.0,0.0,0,0,0,0,0.0,0,0,0,0,0,0,0,0,0,0,0,0,0,0,0,0,0,0,0,0,0,0,0,0,0,0,0,0,0,0,0,0,0,26,51,50,76,65476,0,300,0,0,8,21553,0.0,-107605600.0,0.0,0.0,0.0,0.0,0.0,0.0,0.0,0.0,0.0,0.0,0.0,0.0,0.0,0.0,0.0,0.0,0.0,0.0,0.0,0.0,-0.0,0.0,-0.0,-0.0,0.0,0.0,0.0,0.0,4829.0,131350.344,7273.0,0.0,0.0,2.7184303811560617e+23,2.718431101732002e+23,0.0,0.0,0.0,0.0,77,-4.0668804810561766e+29,1.905684548377641e+17,0.0,0.0,0.0,0.0,0.0,0.0,0.0,0,0,0,0.0,0.0,0.0,0.0,0.0,0.0,0.0,0.0,0.0,0.0,0.0,0.0,0.0,0.0,0.0,0.0,0,-107875648.0,77,0.0,154,0.0,-101056864.0,ERR,ERR,ERR,ERR,ERR,ERR,ERR,ERR,ERR,ERR,ERR,ERR,ERR,ERR,ERR,ERR,ERR,ERR,ERR,ERR,ERR,ERR,ERR,ERR,ERR,ERR,ERR,ERR,ERR,ERR,ERR,ERR,ERR,ERR,ERR,ERR,ERR,ERR,ERR,ERR,ERR,ERR,ERR,ERR,ERR,ERR,ERR,ERR,ERR,ERR,ERR,ERR,ERR,ERR,ERR,ERR,ERR,ERR,ERR,ERR,ERR,ERR,ERR,ERR,ERR,ERR,ERR,34.0,80.0,35,0.0,0.0,0.0,0.0,0.0,0.0,0.0,0.0,0.0,0.0,0.0,0.0,0.0,0.0,0.0,0.0,65.6,0,120,58,53,65476,0,300,0,0,8,20529,65476,0,0,57672,80.0,0.0,0.0,0.0,0.0,0.0
2026-06-18T02:45:41,ERR,ERR,ERR,ERR,ERR,ERR,ERR,ERR,ERR,ERR,ERR,ERR,ERR,ERR,ERR,ERR,ERR,ERR,ERR,ERR,ERR,ERR,ERR,ERR,ERR,ERR,ERR,ERR,ERR,ERR,ERR,ERR,ERR,ERR,ERR,ERR,ERR,ERR,ERR,ERR,ERR,ERR,ERR,ERR,ERR,ERR,ERR,ERR,ERR,ERR,ERR,ERR,ERR,ERR,ERR,ERR,ERR,ERR,ERR,ERR,ERR,ERR,ERR,ERR,ERR,ERR,ERR,ERR,ERR,ERR,ERR,ERR,ERR,ERR,ERR,ERR,ERR,ERR,ERR,ERR,ERR,ERR,ERR,ERR,ERR,ERR,ERR,ERR,ERR,ERR,ERR,ERR,ERR,ERR,ERR,ERR,ERR,ERR,ERR,ERR,ERR,ERR,ERR,ERR,ERR,ERR,ERR,ERR,ERR,ERR,ERR,ERR,ERR,ERR,ERR,ERR,ERR,ERR,ERR,ERR,ERR,ERR,ERR,ERR,ERR,0.0,0.0,-0.0,-0.0,nan,1.3936040501711995e+18,7.805,1.182,0,0,4,48923,6720,14723890282496.0,100,0.0,0.0,0.0,-0.0,0.0,0,0,0,0,0.0,0,0,0,0,0,0,0,0,0,0,0,0,0,0,0,0,0,0,0,0,0,0,0,0,0,0,0,0,0,0,0,0,0,26,51,50,76,65476,0,300,0,0,8,21553,0.0,-107605600.0,0.0,0.0,0.0,0.0,0.0,0.0,0.0,0.0,0.0,0.0,0.0,0.0,0.0,0.0,0.0,0.0,0.0,0.0,0.0,0.0,-0.0,0.0,-0.0,-0.0,0.0,0.0,0.0,0.0,4829.0,131350.344,7273.0,0.0,0.0,2.7184303811560617e+23,2.718431101732002e+23,0.0,0.0,0.0,0.0,77,-4.0668804810561766e+29,1.905684548377641e+17,0.0,0.0,0.0,0.0,0.0,0.0,0.0,0,0,0,0.0,0.0,0.0,0.0,0.0,0.0,0.0,0.0,0.0,0.0,0.0,0.0,0.0,0.0,0.0,0.0,0,-107875648.0,77,0.0,154,0.0,-101056864.0,ERR,ERR,ERR,ERR,ERR,ERR,ERR,ERR,ERR,ERR,ERR,ERR,ERR,ERR,ERR,ERR,ERR,ERR,ERR,ERR,ERR,ERR,ERR,ERR,ERR,ERR,ERR,ERR,ERR,ERR,ERR,ERR,ERR,ERR,ERR,ERR,ERR,ERR,ERR,ERR,ERR,ERR,ERR,ERR,ERR,ERR,ERR,ERR,ERR,ERR,ERR,ERR,ERR,ERR,ERR,ERR,ERR,ERR,ERR,ERR,ERR,ERR,ERR,ERR,ERR,ERR,ERR,34.0,80.0,35,0.0,0.0,0.0,0.0,0.0,0.0,0.0,0.0,0.0,0.0,0.0,0.0,0.0,0.0,0.0,0.0,65.6,0,120,58,53,65476,0,300,0,0,8,20529,65476,0,0,57672,80.0,0.0,0.0,0.0,0.0,0.0
2026-06-18T02:45:42,ERR,ERR,ERR,ERR,ERR,ERR,ERR,ERR,ERR,ERR,ERR,ERR,ERR,ERR,ERR,ERR,ERR,ERR,ERR,ERR,ERR,ERR,ERR,ERR,ERR,ERR,ERR,ERR,ERR,ERR,ERR,ERR,ERR,ERR,ERR,ERR,ERR,ERR,ERR,ERR,ERR,ERR,ERR,ERR,ERR,ERR,ERR,ERR,ERR,ERR,ERR,ERR,ERR,ERR,ERR,ERR,ERR,ERR,ERR,ERR,ERR,ERR,ERR,ERR,ERR,ERR,ERR,ERR,ERR,ERR,ERR,ERR,ERR,ERR,ERR,ERR,ERR,ERR,ERR,ERR,ERR,ERR,ERR,ERR,ERR,ERR,ERR,ERR,ERR,ERR,ERR,ERR,ERR,ERR,ERR,ERR,ERR,ERR,ERR,ERR,ERR,ERR,ERR,ERR,ERR,ERR,ERR,ERR,ERR,ERR,ERR,ERR,ERR,ERR,ERR,ERR,ERR,ERR,ERR,ERR,ERR,ERR,ERR,ERR,ERR,0.0,0.0,-0.0,-0.0,nan,1.3936040501711995e+18,7.805,1.182,0,0,4,48923,6720,14723890282496.0,100,0.0,0.0,0.0,-0.0,0.0,0,0,0,0,0.0,0,0,0,0,0,0,0,0,0,0,0,0,0,0,0,0,0,0,0,0,0,0,0,0,0,0,0,0,0,0,0,0,0,26,51,50,76,65476,0,300,0,0,8,21553,0.0,-107605600.0,0.0,0.0,0.0,0.0,0.0,0.0,0.0,0.0,0.0,0.0,0.0,0.0,0.0,0.0,0.0,0.0,0.0,0.0,0.0,0.0,-0.0,0.0,-0.0,-0.0,0.0,0.0,0.0,0.0,4829.0,131350.344,7273.0,0.0,0.0,2.7184303811560617e+23,2.718431101732002e+23,0.0,0.0,0.0,0.0,77,-4.0668804810561766e+29,1.905684548377641e+17,0.0,0.0,0.0,0.0,0.0,0.0,0.0,0,0,0,0.0,0.0,0.0,0.0,0.0,0.0,0.0,0.0,0.0,0.0,0.0,0.0,0.0,0.0,0.0,0.0,0,-107875648.0,77,0.0,154,0.0,-101056864.0,ERR,ERR,ERR,ERR,ERR,ERR,ERR,ERR,ERR,ERR,ERR,ERR,ERR,ERR,ERR,ERR,ERR,ERR,ERR,ERR,ERR,ERR,ERR,ERR,ERR,ERR,ERR,ERR,ERR,ERR,ERR,ERR,ERR,ERR,ERR,ERR,ERR,ERR,ERR,ERR,ERR,ERR,ERR,ERR,ERR,ERR,ERR,ERR,ERR,ERR,ERR,ERR,ERR,ERR,ERR,ERR,ERR,ERR,ERR,ERR,ERR,ERR,ERR,ERR,ERR,ERR,ERR,34.0,80.0,35,0.0,0.0,0.0,0.0,0.0,0.0,0.0,0.0,0.0,0.0,0.0,0.0,0.0,0.0,0.0,0.0,65.6,0,120,58,53,65476,0,300,0,0,8,20529,65476,0,0,57672,80.0,0.0,0.0,0.0,0.0,0.0
2026-06-18T02:45:43,ERR,ERR,ERR,ERR,ERR,ERR,ERR,ERR,ERR,ERR,ERR,ERR,ERR,ERR,ERR,ERR,ERR,ERR,ERR,ERR,ERR,ERR,ERR,ERR,ERR,ERR,ERR,ERR,ERR,ERR,ERR,ERR,ERR,ERR,ERR,ERR,ERR,ERR,ERR,ERR,ERR,ERR,ERR,ERR,ERR,ERR,ERR,ERR,ERR,ERR,ERR,ERR,ERR,ERR,ERR,ERR,ERR,ERR,ERR,ERR,ERR,ERR,ERR,ERR,ERR,ERR,ERR,ERR,ERR,ERR,ERR,ERR,ERR,ERR,ERR,ERR,ERR,ERR,ERR,ERR,ERR,ERR,ERR,ERR,ERR,ERR,ERR,ERR,ERR,ERR,ERR,ERR,ERR,ERR,ERR,ERR,ERR,ERR,ERR,ERR,ERR,ERR,ERR,ERR,ERR,ERR,ERR,ERR,ERR,ERR,ERR,ERR,ERR,ERR,ERR,ERR,ERR,ERR,ERR,ERR,ERR,ERR,ERR,ERR,ERR,0.0,0.0,-0.0,-0.0,nan,1.3936040501711995e+18,7.805,1.182,0,0,4,48923,6720,14723890282496.0,100,0.0,0.0,0.0,-0.0,0.0,0,0,0,0,0.0,0,0,0,0,0,0,0,0,0,0,0,0,0,0,0,0,0,0,0,0,0,0,0,0,0,0,0,0,0,0,0,0,0,26,51,50,76,65476,0,300,0,0,8,21553,0.0,-107605600.0,0.0,0.0,0.0,0.0,0.0,0.0,0.0,0.0,0.0,0.0,0.0,0.0,0.0,0.0,0.0,0.0,0.0,0.0,0.0,0.0,-0.0,0.0,-0.0,-0.0,0.0,0.0,0.0,0.0,4829.0,131350.344,7273.0,0.0,0.0,2.7184303811560617e+23,2.718431101732002e+23,0.0,0.0,0.0,0.0,77,-4.0668804810561766e+29,1.905684548377641e+17,0.0,0.0,0.0,0.0,0.0,0.0,0.0,0,0,0,0.0,0.0,0.0,0.0,0.0,0.0,0.0,0.0,0.0,0.0,0.0,0.0,0.0,0.0,0.0,0.0,0,-107875648.0,77,0.0,154,0.0,-101056864.0,ERR,ERR,ERR,ERR,ERR,ERR,ERR,ERR,ERR,ERR,ERR,ERR,ERR,ERR,ERR,ERR,ERR,ERR,ERR,ERR,ERR,ERR,ERR,ERR,ERR,ERR,ERR,ERR,ERR,ERR,ERR,ERR,ERR,ERR,ERR,ERR,ERR,ERR,ERR,ERR,ERR,ERR,ERR,ERR,ERR,ERR,ERR,ERR,ERR,ERR,ERR,ERR,ERR,ERR,ERR,ERR,ERR,ERR,ERR,ERR,ERR,ERR,ERR,ERR,ERR,ERR,ERR,34.0,80.0,35,0.0,0.0,0.0,0.0,0.0,0.0,0.0,0.0,0.0,0.0,0.0,0.0,0.0,0.0,0.0,0.0,66.4,0,120,58,53,65476,0,300,0,0,8,20529,65476,0,0,57672,80.0,0.0,0.0,0.0,0.0,0.0
2026-06-18T02:45:44,ERR,ERR,ERR,ERR,ERR,ERR,ERR,ERR,ERR,ERR,ERR,ERR,ERR,ERR,ERR,ERR,ERR,ERR,ERR,ERR,ERR,ERR,ERR,ERR,ERR,ERR,ERR,ERR,ERR,ERR,ERR,ERR,ERR,ERR,ERR,ERR,ERR,ERR,ERR,ERR,ERR,ERR,ERR,ERR,ERR,ERR,ERR,ERR,ERR,ERR,ERR,ERR,ERR,ERR,ERR,ERR,ERR,ERR,ERR,ERR,ERR,ERR,ERR,ERR,ERR,ERR,ERR,ERR,ERR,ERR,ERR,ERR,ERR,ERR,ERR,ERR,ERR,ERR,ERR,ERR,ERR,ERR,ERR,ERR,ERR,ERR,ERR,ERR,ERR,ERR,ERR,ERR,ERR,ERR,ERR,ERR,ERR,ERR,ERR,ERR,ERR,ERR,ERR,ERR,ERR,ERR,ERR,ERR,ERR,ERR,ERR,ERR,ERR,ERR,ERR,ERR,ERR,ERR,ERR,ERR,ERR,ERR,ERR,ERR,ERR,0.0,0.0,-0.0,-0.0,nan,1.3936040501711995e+18,7.805,1.182,0,0,4,48923,6720,14723890282496.0,100,0.0,0.0,0.0,-0.0,0.0,0,0,0,0,0.0,0,0,0,0,0,0,0,0,0,0,0,0,0,0,0,0,0,0,0,0,0,0,0,0,0,0,0,0,0,0,0,0,0,26,51,50,76,65476,0,300,0,0,8,21553,0.0,-107605600.0,0.0,0.0,0.0,0.0,0.0,0.0,0.0,0.0,0.0,0.0,0.0,0.0,0.0,0.0,0.0,0.0,0.0,0.0,0.0,0.0,-0.0,0.0,-0.0,-0.0,0.0,0.0,0.0,0.0,4829.0,131350.344,7273.0,0.0,0.0,2.7184303811560617e+23,2.718431101732002e+23,0.0,0.0,0.0,0.0,77,-4.0668804810561766e+29,1.905684548377641e+17,0.0,0.0,0.0,0.0,0.0,0.0,0.0,0,0,0,0.0,0.0,0.0,0.0,0.0,0.0,0.0,0.0,0.0,0.0,0.0,0.0,0.0,0.0,0.0,0.0,0,-107875648.0,77,0.0,154,0.0,-101056864.0,ERR,ERR,ERR,ERR,ERR,ERR,ERR,ERR,ERR,ERR,ERR,ERR,ERR,ERR,ERR,ERR,ERR,ERR,ERR,ERR,ERR,ERR,ERR,ERR,ERR,ERR,ERR,ERR,ERR,ERR,ERR,ERR,ERR,ERR,ERR,ERR,ERR,ERR,ERR,ERR,ERR,ERR,ERR,ERR,ERR,ERR,ERR,ERR,ERR,ERR,ERR,ERR,ERR,ERR,ERR,ERR,ERR,ERR,ERR,ERR,ERR,ERR,ERR,ERR,ERR,ERR,ERR,34.0,80.0,35,0.0,0.0,0.0,0.0,0.0,0.0,0.0,0.0,0.0,0.0,0.0,0.0,0.0,0.0,0.0,0.0,65.6,0,120,58,53,65476,0,300,0,0,8,20529,65476,0,0,57672,80.0,0.0,0.0,0.0,0.0,0.0
2026-06-18T02:45:45,ERR,ERR,ERR,ERR,ERR,ERR,ERR,ERR,ERR,ERR,ERR,ERR,ERR,ERR,ERR,ERR,ERR,ERR,ERR,ERR,ERR,ERR,ERR,ERR,ERR,ERR,ERR,ERR,ERR,ERR,ERR,ERR,ERR,ERR,ERR,ERR,ERR,ERR,ERR,ERR,ERR,ERR,ERR,ERR,ERR,ERR,ERR,ERR,ERR,ERR,ERR,ERR,ERR,ERR,ERR,ERR,ERR,ERR,ERR,ERR,ERR,ERR,ERR,ERR,ERR,ERR,ERR,ERR,ERR,ERR,ERR,ERR,ERR,ERR,ERR,ERR,ERR,ERR,ERR,ERR,ERR,ERR,ERR,ERR,ERR,ERR,ERR,ERR,ERR,ERR,ERR,ERR,ERR,ERR,ERR,ERR,ERR,ERR,ERR,ERR,ERR,ERR,ERR,ERR,ERR,ERR,ERR,ERR,ERR,ERR,ERR,ERR,ERR,ERR,ERR,ERR,ERR,ERR,ERR,ERR,ERR,ERR,ERR,ERR,ERR,0.0,0.0,-0.0,0.059,nan,1.3936040501711995e+18,7.805,0.0,0,0,4,48956,6720,14723890282496.0,100,0.0,0.0,0.0,0.059,0.0,0,0,0,0,0.0,0,0,0,0,0,0,0,0,0,0,0,0,0,0,0,0,0,0,0,0,0,0,0,0,0,0,0,0,0,0,0,0,0,26,51,50,76,65476,0,300,0,0,8,21553,0.0,-107605600.0,0.0,0.0,0.0,0.0,0.0,0.0,0.0,0.0,0.0,0.0,0.0,0.0,0.0,0.0,0.0,0.0,0.0,0.0,0.0,0.0,-0.0,0.0,-0.0,-0.0,0.0,0.0,0.0,0.0,4831.0,2.004,7272.0,2.7184312818759872e+23,0.0,2.7184303811560617e+23,2.718431101732002e+23,0.0,0.0,0.0,0.0,77,-5.848083809157084e+35,126840471552.0,0.0,0.0,0.0,0.0,0.0,0.0,0.0,0,0,0,0.0,0.0,0.0,0.0,0.0,0.0,0.0,0.0,0.0,0.0,0.0,0.0,0.0,0.0,0.0,0.0,0,-107875648.0,77,0.0,154,0.0,0.0,ERR,ERR,ERR,ERR,ERR,ERR,ERR,ERR,ERR,ERR,ERR,ERR,ERR,ERR,ERR,ERR,ERR,ERR,ERR,ERR,ERR,ERR,ERR,ERR,ERR,ERR,ERR,ERR,ERR,ERR,ERR,ERR,ERR,ERR,ERR,ERR,ERR,ERR,ERR,ERR,ERR,ERR,ERR,ERR,ERR,ERR,ERR,ERR,ERR,ERR,ERR,ERR,ERR,ERR,ERR,ERR,ERR,ERR,ERR,ERR,ERR,ERR,ERR,ERR,ERR,ERR,ERR,34.0,80.0,35,0.0,0.0,0.0,0.0,0.0,0.0,0.0,0.0,0.0,0.0,0.0,0.0,0.0,0.0,0.0,0.0,65.6,0,120,58,53,65476,0,300,0,0,8,20529,65476,0,0,57672,80.0,0.0,0.0,0.0,0.0,0.0
2026-06-18T02:45:46,ERR,ERR,ERR,ERR,ERR,ERR,ERR,ERR,ERR,ERR,ERR,ERR,ERR,ERR,ERR,ERR,ERR,ERR,ERR,ERR,ERR,ERR,ERR,ERR,ERR,ERR,ERR,ERR,ERR,ERR,ERR,ERR,ERR,ERR,ERR,ERR,ERR,ERR,ERR,ERR,ERR,ERR,ERR,ERR,ERR,ERR,ERR,ERR,ERR,ERR,ERR,ERR,ERR,ERR,ERR,ERR,ERR,ERR,ERR,ERR,ERR,ERR,ERR,ERR,ERR,ERR,ERR,ERR,ERR,ERR,ERR,ERR,ERR,ERR,ERR,ERR,ERR,ERR,ERR,ERR,ERR,ERR,ERR,ERR,ERR,ERR,ERR,ERR,ERR,ERR,ERR,ERR,ERR,ERR,ERR,ERR,ERR,ERR,ERR,ERR,ERR,ERR,ERR,ERR,ERR,ERR,ERR,ERR,ERR,ERR,ERR,ERR,ERR,ERR,ERR,ERR,ERR,ERR,ERR,ERR,ERR,ERR,ERR,ERR,ERR,0.0,0.0,-0.0,0.059,nan,1.3936040501711995e+18,7.805,0.0,0,0,4,48956,6720,14723890282496.0,100,0.0,0.0,0.0,0.059,0.0,0,0,0,0,0.0,0,0,0,0,0,0,0,0,0,0,0,0,0,0,0,0,0,0,0,0,0,0,0,0,0,0,0,0,0,0,0,0,0,26,51,50,76,65476,0,300,0,0,8,21553,0.0,-107605600.0,0.0,0.0,0.0,0.0,0.0,0.0,0.0,0.0,0.0,0.0,0.0,0.0,0.0,0.0,0.0,0.0,0.0,0.0,0.0,0.0,-0.0,0.0,-0.0,-0.0,0.0,0.0,0.0,0.0,4831.0,2.004,7272.0,2.7184312818759872e+23,0.0,2.7184303811560617e+23,2.718431101732002e+23,0.0,0.0,0.0,0.0,77,-5.848083809157084e+35,126840471552.0,0.0,0.0,0.0,0.0,0.0,0.0,0.0,0,0,0,0.0,0.0,0.0,0.0,0.0,0.0,0.0,0.0,0.0,0.0,0.0,0.0,0.0,0.0,0.0,0.0,0,-107875648.0,77,0.0,154,0.0,0.0,ERR,ERR,ERR,ERR,ERR,ERR,ERR,ERR,ERR,ERR,ERR,ERR,ERR,ERR,ERR,ERR,ERR,ERR,ERR,ERR,ERR,ERR,ERR,ERR,ERR,ERR,ERR,ERR,ERR,ERR,ERR,ERR,ERR,ERR,ERR,ERR,ERR,ERR,ERR,ERR,ERR,ERR,ERR,ERR,ERR,ERR,ERR,ERR,ERR,ERR,ERR,ERR,ERR,ERR,ERR,ERR,ERR,ERR,ERR,ERR,ERR,ERR,ERR,ERR,ERR,ERR,ERR,34.0,80.0,35,0.0,0.0,0.0,0.0,0.0,0.0,0.0,0.0,0.0,0.0,0.0,0.0,0.0,0.0,0.0,0.0,66.4,0,120,58,53,65476,0,300,0,0,8,20529,65476,0,0,57672,80.0,0.0,0.0,0.0,0.0,0.0
2026-06-18T02:45:47,ERR,ERR,ERR,ERR,ERR,ERR,ERR,ERR,ERR,ERR,ERR,ERR,ERR,ERR,ERR,ERR,ERR,ERR,ERR,ERR,ERR,ERR,ERR,ERR,ERR,ERR,ERR,ERR,ERR,ERR,ERR,ERR,ERR,ERR,ERR,ERR,ERR,ERR,ERR,ERR,ERR,ERR,ERR,ERR,ERR,ERR,ERR,ERR,ERR,ERR,ERR,ERR,ERR,ERR,ERR,ERR,ERR,ERR,ERR,ERR,ERR,ERR,ERR,ERR,ERR,ERR,ERR,ERR,ERR,ERR,ERR,ERR,ERR,ERR,ERR,ERR,ERR,ERR,ERR,ERR,ERR,ERR,ERR,ERR,ERR,ERR,ERR,ERR,ERR,ERR,ERR,ERR,ERR,ERR,ERR,ERR,ERR,ERR,ERR,ERR,ERR,ERR,ERR,ERR,ERR,ERR,ERR,ERR,ERR,ERR,ERR,ERR,ERR,ERR,ERR,ERR,ERR,ERR,ERR,ERR,ERR,ERR,ERR,ERR,ERR,0.0,0.0,-0.0,0.059,nan,1.3936040501711995e+18,7.805,0.0,0,0,4,48956,6720,14723890282496.0,100,0.0,0.0,0.0,0.059,0.0,0,0,0,0,0.0,0,0,0,0,0,0,0,0,0,0,0,0,0,0,0,0,0,0,0,0,0,0,0,0,0,0,0,0,0,0,0,0,0,26,51,50,76,65476,0,300,0,0,8,21553,0.0,-107605600.0,0.0,0.0,0.0,0.0,0.0,0.0,0.0,0.0,0.0,0.0,0.0,0.0,0.0,0.0,0.0,0.0,0.0,0.0,0.0,0.0,-0.0,0.0,-0.0,-0.0,0.0,0.0,0.0,0.0,4831.0,2.004,7272.0,2.7184312818759872e+23,0.0,2.7184303811560617e+23,2.718431101732002e+23,0.0,0.0,0.0,0.0,77,-5.848083809157084e+35,126840471552.0,0.0,0.0,0.0,0.0,0.0,0.0,0.0,0,0,0,0.0,0.0,0.0,0.0,0.0,0.0,0.0,0.0,0.0,0.0,0.0,0.0,0.0,0.0,0.0,0.0,0,-107875648.0,77,0.0,154,0.0,0.0,ERR,ERR,ERR,ERR,ERR,ERR,ERR,ERR,ERR,ERR,ERR,ERR,ERR,ERR,ERR,ERR,ERR,ERR,ERR,ERR,ERR,ERR,ERR,ERR,ERR,ERR,ERR,ERR,ERR,ERR,ERR,ERR,ERR,ERR,ERR,ERR,ERR,ERR,ERR,ERR,ERR,ERR,ERR,ERR,ERR,ERR,ERR,ERR,ERR,ERR,ERR,ERR,ERR,ERR,ERR,ERR,ERR,ERR,ERR,ERR,ERR,ERR,ERR,ERR,ERR,ERR,ERR,34.0,80.0,35,0.0,0.0,0.0,0.0,0.0,0.0,0.0,0.0,0.0,0.0,0.0,0.0,0.0,0.0,0.0,0.0,66.4,0,120,58,53,65476,0,300,0,0,8,20529,65476,0,0,57672,80.0,0.0,0.0,0.0,0.0,0.0
2026-06-18T02:45:48,ERR,ERR,ERR,ERR,ERR,ERR,ERR,ERR,ERR,ERR,ERR,ERR,ERR,ERR,ERR,ERR,ERR,ERR,ERR,ERR,ERR,ERR,ERR,ERR,ERR,ERR,ERR,ERR,ERR,ERR,ERR,ERR,ERR,ERR,ERR,ERR,ERR,ERR,ERR,ERR,ERR,ERR,ERR,ERR,ERR,ERR,ERR,ERR,ERR,ERR,ERR,ERR,ERR,ERR,ERR,ERR,ERR,ERR,ERR,ERR,ERR,ERR,ERR,ERR,ERR,ERR,ERR,ERR,ERR,ERR,ERR,ERR,ERR,ERR,ERR,ERR,ERR,ERR,ERR,ERR,ERR,ERR,ERR,ERR,ERR,ERR,ERR,ERR,ERR,ERR,ERR,ERR,ERR,ERR,ERR,ERR,ERR,ERR,ERR,ERR,ERR,ERR,ERR,ERR,ERR,ERR,ERR,ERR,ERR,ERR,ERR,ERR,ERR,ERR,ERR,ERR,ERR,ERR,ERR,ERR,ERR,ERR,ERR,ERR,ERR,0.0,0.0,-0.0,0.059,nan,1.3936040501711995e+18,7.805,0.0,0,0,4,48956,6720,14723890282496.0,100,0.0,0.0,0.0,0.059,0.0,0,0,0,0,0.0,0,0,0,0,0,0,0,0,0,0,0,0,0,0,0,0,0,0,0,0,0,0,0,0,0,0,0,0,0,0,0,0,0,26,51,50,76,65476,0,300,0,0,8,21553,0.0,-107605600.0,0.0,0.0,0.0,0.0,0.0,0.0,0.0,0.0,0.0,0.0,0.0,0.0,0.0,0.0,0.0,0.0,0.0,0.0,0.0,0.0,-0.0,0.0,-0.0,-0.0,0.0,0.0,0.0,0.0,4831.0,2.004,7272.0,2.7184312818759872e+23,0.0,2.7184303811560617e+23,2.718431101732002e+23,0.0,0.0,0.0,0.0,77,-5.848083809157084e+35,126840471552.0,0.0,0.0,0.0,0.0,0.0,0.0,0.0,0,0,0,0.0,0.0,0.0,0.0,0.0,0.0,0.0,0.0,0.0,0.0,0.0,0.0,0.0,0.0,0.0,0.0,0,-107875648.0,77,0.0,154,0.0,0.0,ERR,ERR,ERR,ERR,ERR,ERR,ERR,ERR,ERR,ERR,ERR,ERR,ERR,ERR,ERR,ERR,ERR,ERR,ERR,ERR,ERR,ERR,ERR,ERR,ERR,ERR,ERR,ERR,ERR,ERR,ERR,ERR,ERR,ERR,ERR,ERR,ERR,ERR,ERR,ERR,ERR,ERR,ERR,ERR,ERR,ERR,ERR,ERR,ERR,ERR,ERR,ERR,ERR,ERR,ERR,ERR,ERR,ERR,ERR,ERR,ERR,ERR,ERR,ERR,ERR,ERR,ERR,34.0,80.0,35,0.0,0.0,0.0,0.0,0.0,0.0,0.0,0.0,0.0,0.0,0.0,0.0,0.0,0.0,0.0,0.0,65.6,0,120,58,53,65476,0,300,0,0,8,20529,65476,0,0,57672,80.0,0.0,0.0,0.0,0.0,0.0
2026-06-18T02:45:49,ERR,ERR,ERR,ERR,ERR,ERR,ERR,ERR,ERR,ERR,ERR,ERR,ERR,ERR,ERR,ERR,ERR,ERR,ERR,ERR,ERR,ERR,ERR,ERR,ERR,ERR,ERR,ERR,ERR,ERR,ERR,ERR,ERR,ERR,ERR,ERR,ERR,ERR,ERR,ERR,ERR,ERR,ERR,ERR,ERR,ERR,ERR,ERR,ERR,ERR,ERR,ERR,ERR,ERR,ERR,ERR,ERR,ERR,ERR,ERR,ERR,ERR,ERR,ERR,ERR,ERR,ERR,ERR,ERR,ERR,ERR,ERR,ERR,ERR,ERR,ERR,ERR,ERR,ERR,ERR,ERR,ERR,ERR,ERR,ERR,ERR,ERR,ERR,ERR,ERR,ERR,ERR,ERR,ERR,ERR,ERR,ERR,ERR,ERR,ERR,ERR,ERR,ERR,ERR,ERR,ERR,ERR,ERR,ERR,ERR,ERR,ERR,ERR,ERR,ERR,ERR,ERR,ERR,ERR,ERR,ERR,ERR,ERR,ERR,ERR,0.0,0.0,-0.0,0.059,nan,1.3936040501711995e+18,7.805,0.0,0,0,4,48956,6720,14723890282496.0,100,0.0,0.0,0.0,0.059,0.0,0,0,0,0,0.0,0,0,0,0,0,0,0,0,0,0,0,0,0,0,0,0,0,0,0,0,0,0,0,0,0,0,0,0,0,0,0,0,0,26,51,50,76,65476,0,300,0,0,8,21553,0.0,-107605600.0,0.0,0.0,0.0,0.0,0.0,0.0,0.0,0.0,0.0,0.0,0.0,0.0,0.0,0.0,0.0,0.0,0.0,0.0,0.0,0.0,-0.0,0.0,-0.0,-0.0,0.0,0.0,0.0,0.0,4831.0,2.004,7272.0,2.7184312818759872e+23,0.0,2.7184303811560617e+23,2.718431101732002e+23,0.0,0.0,0.0,0.0,77,-5.848083809157084e+35,126840471552.0,0.0,0.0,0.0,0.0,0.0,0.0,0.0,0,0,0,0.0,0.0,0.0,0.0,0.0,0.0,0.0,0.0,0.0,0.0,0.0,0.0,0.0,0.0,0.0,0.0,0,-107875648.0,77,0.0,154,0.0,0.0,ERR,ERR,ERR,ERR,ERR,ERR,ERR,ERR,ERR,ERR,ERR,ERR,ERR,ERR,ERR,ERR,ERR,ERR,ERR,ERR,ERR,ERR,ERR,ERR,ERR,ERR,ERR,ERR,ERR,ERR,ERR,ERR,ERR,ERR,ERR,ERR,ERR,ERR,ERR,ERR,ERR,ERR,ERR,ERR,ERR,ERR,ERR,ERR,ERR,ERR,ERR,ERR,ERR,ERR,ERR,ERR,ERR,ERR,ERR,ERR,ERR,ERR,ERR,ERR,ERR,ERR,ERR,34.0,80.0,35,0.0,0.0,0.0,0.0,0.0,0.0,0.0,0.0,0.0,0.0,0.0,0.0,0.0,0.0,0.0,0.0,65.6,0,120,58,53,65476,0,300,0,0,8,20529,65476,0,0,57672,80.0,0.0,0.0,0.0,0.0,0.0
2026-06-18T02:45:50,ERR,ERR,ERR,ERR,ERR,ERR,ERR,ERR,ERR,ERR,ERR,ERR,ERR,ERR,ERR,ERR,ERR,ERR,ERR,ERR,ERR,ERR,ERR,ERR,ERR,ERR,ERR,ERR,ERR,ERR,ERR,ERR,ERR,ERR,ERR,ERR,ERR,ERR,ERR,ERR,ERR,ERR,ERR,ERR,ERR,ERR,ERR,ERR,ERR,ERR,ERR,ERR,ERR,ERR,ERR,ERR,ERR,ERR,ERR,ERR,ERR,ERR,ERR,ERR,ERR,ERR,ERR,ERR,ERR,ERR,ERR,ERR,ERR,ERR,ERR,ERR,ERR,ERR,ERR,ERR,ERR,ERR,ERR,ERR,ERR,ERR,ERR,ERR,ERR,ERR,ERR,ERR,ERR,ERR,ERR,ERR,ERR,ERR,ERR,ERR,ERR,ERR,ERR,ERR,ERR,ERR,ERR,ERR,ERR,ERR,ERR,ERR,ERR,ERR,ERR,ERR,ERR,ERR,ERR,ERR,ERR,ERR,ERR,ERR,ERR,2.7184312818759872e+23,0.0,0.0,-152005385388032.0,1.6,1.3936040501711995e+18,7.805,0.0,0,0,4,48929,6720,14723890282496.0,100,0.0,0.0,0.0,0.0,0.0,0,0,0,0,0.0,0,0,0,0,0,0,0,0,0,0,0,0,0,0,0,0,0,0,0,0,0,0,0,0,0,0,0,0,0,0,0,0,0,26,51,50,76,65476,0,300,0,0,8,21553,0.0,-107605600.0,0.0,0.0,0.0,0.0,0.0,0.0,0.0,0.0,0.0,0.0,0.0,0.0,0.0,0.0,0.0,0.0,0.0,0.0,0.0,0.0,-0.0,0.0,-0.0,-0.0,0.0,0.0,0.0,0.0,4831.0,0.0,7270.0,0.0,0.0,2.7184303811560617e+23,2.718431101732002e+23,0.0,0.0,0.0,0.0,77,-5.848083809157084e+35,0.059,0.0,0.0,0.0,0.0,0.0,0.0,0.0,0,0,0,0.0,0.0,0.0,0.0,0.0,0.0,0.0,0.0,0.0,0.0,0.0,0.0,0.0,0.0,0.0,0.0,0,-107875648.0,77,0.0,154,0.0,-101056864.0,ERR,ERR,ERR,ERR,ERR,ERR,ERR,ERR,ERR,ERR,ERR,ERR,ERR,ERR,ERR,ERR,ERR,ERR,ERR,ERR,ERR,ERR,ERR,ERR,ERR,ERR,ERR,ERR,ERR,ERR,ERR,ERR,ERR,ERR,ERR,ERR,ERR,ERR,ERR,ERR,ERR,ERR,ERR,ERR,ERR,ERR,ERR,ERR,ERR,ERR,ERR,ERR,ERR,ERR,ERR,ERR,ERR,ERR,ERR,ERR,ERR,ERR,ERR,ERR,ERR,ERR,ERR,34.0,80.0,35,0.0,0.0,0.0,0.0,0.0,0.0,0.0,0.0,0.0,0.0,0.0,0.0,0.0,0.0,0.0,0.0,65.6,0,120,58,53,65476,0,300,0,0,8,20529,65476,0,0,57672,80.0,0.0,0.0,0.0,0.0,0.0
2026-06-18T02:45:51,ERR,ERR,ERR,ERR,ERR,ERR,ERR,ERR,ERR,ERR,ERR,ERR,ERR,ERR,ERR,ERR,ERR,ERR,ERR,ERR,ERR,ERR,ERR,ERR,ERR,ERR,ERR,ERR,ERR,ERR,ERR,ERR,ERR,ERR,ERR,ERR,ERR,ERR,ERR,ERR,ERR,ERR,ERR,ERR,ERR,ERR,ERR,ERR,ERR,ERR,ERR,ERR,ERR,ERR,ERR,ERR,ERR,ERR,ERR,ERR,ERR,ERR,ERR,ERR,ERR,ERR,ERR,ERR,ERR,ERR,ERR,ERR,ERR,ERR,ERR,ERR,ERR,ERR,ERR,ERR,ERR,ERR,ERR,ERR,ERR,ERR,ERR,ERR,ERR,ERR,ERR,ERR,ERR,ERR,ERR,ERR,ERR,ERR,ERR,ERR,ERR,ERR,ERR,ERR,ERR,ERR,ERR,ERR,ERR,ERR,ERR,ERR,ERR,ERR,ERR,ERR,ERR,ERR,ERR,ERR,ERR,ERR,ERR,ERR,ERR,2.7184312818759872e+23,0.0,0.0,-152005385388032.0,1.6,1.3936040501711995e+18,7.805,0.0,0,0,4,48929,6720,14723890282496.0,100,0.0,0.0,0.0,0.0,0.0,0,0,0,0,0.0,0,0,0,0,0,0,0,0,0,0,0,0,0,0,0,0,0,0,0,0,0,0,0,0,0,0,0,0,0,0,0,0,0,26,51,50,76,65476,0,300,0,0,8,21553,0.0,-107605600.0,0.0,0.0,0.0,0.0,0.0,0.0,0.0,0.0,0.0,0.0,0.0,0.0,0.0,0.0,0.0,0.0,0.0,0.0,0.0,0.0,-0.0,0.0,-0.0,-0.0,0.0,0.0,0.0,0.0,4831.0,0.0,7270.0,0.0,0.0,2.7184303811560617e+23,2.718431101732002e+23,0.0,0.0,0.0,0.0,77,-5.848083809157084e+35,0.059,0.0,0.0,0.0,0.0,0.0,0.0,0.0,0,0,0,0.0,0.0,0.0,0.0,0.0,0.0,0.0,0.0,0.0,0.0,0.0,0.0,0.0,0.0,0.0,0.0,0,-107875648.0,77,0.0,154,0.0,-101056864.0,ERR,ERR,ERR,ERR,ERR,ERR,ERR,ERR,ERR,ERR,ERR,ERR,ERR,ERR,ERR,ERR,ERR,ERR,ERR,ERR,ERR,ERR,ERR,ERR,ERR,ERR,ERR,ERR,ERR,ERR,ERR,ERR,ERR,ERR,ERR,ERR,ERR,ERR,ERR,ERR,ERR,ERR,ERR,ERR,ERR,ERR,ERR,ERR,ERR,ERR,ERR,ERR,ERR,ERR,ERR,ERR,ERR,ERR,ERR,ERR,ERR,ERR,ERR,ERR,ERR,ERR,ERR,34.0,80.0,35,0.0,0.0,0.0,0.0,0.0,0.0,0.0,0.0,0.0,0.0,0.0,0.0,0.0,0.0,0.0,0.0,65.6,0,120,58,53,65476,0,300,0,0,8,20529,65476,0,0,57672,80.0,0.0,0.0,0.0,0.0,0.0
2026-06-18T02:45:52,ERR,ERR,ERR,ERR,ERR,ERR,ERR,ERR,ERR,ERR,ERR,ERR,ERR,ERR,ERR,ERR,ERR,ERR,ERR,ERR,ERR,ERR,ERR,ERR,ERR,ERR,ERR,ERR,ERR,ERR,ERR,ERR,ERR,ERR,ERR,ERR,ERR,ERR,ERR,ERR,ERR,ERR,ERR,ERR,ERR,ERR,ERR,ERR,ERR,ERR,ERR,ERR,ERR,ERR,ERR,ERR,ERR,ERR,ERR,ERR,ERR,ERR,ERR,ERR,ERR,ERR,ERR,ERR,ERR,ERR,ERR,ERR,ERR,ERR,ERR,ERR,ERR,ERR,ERR,ERR,ERR,ERR,ERR,ERR,ERR,ERR,ERR,ERR,ERR,ERR,ERR,ERR,ERR,ERR,ERR,ERR,ERR,ERR,ERR,ERR,ERR,ERR,ERR,ERR,ERR,ERR,ERR,ERR,ERR,ERR,ERR,ERR,ERR,ERR,ERR,ERR,ERR,ERR,ERR,ERR,ERR,ERR,ERR,ERR,ERR,2.7184312818759872e+23,0.0,0.0,-152005385388032.0,1.6,1.3936040501711995e+18,7.805,0.0,0,0,4,48929,6720,14723890282496.0,100,0.0,0.0,0.0,0.0,0.0,0,0,0,0,0.0,0,0,0,0,0,0,0,0,0,0,0,0,0,0,0,0,0,0,0,0,0,0,0,0,0,0,0,0,0,0,0,0,0,26,51,50,76,65476,0,300,0,0,8,21553,0.0,-107605600.0,0.0,0.0,0.0,0.0,0.0,0.0,0.0,0.0,0.0,0.0,0.0,0.0,0.0,0.0,0.0,0.0,0.0,0.0,0.0,0.0,-0.0,0.0,-0.0,-0.0,0.0,0.0,0.0,0.0,4831.0,0.0,7270.0,0.0,0.0,2.7184303811560617e+23,2.718431101732002e+23,0.0,0.0,0.0,0.0,77,-5.848083809157084e+35,0.059,0.0,0.0,0.0,0.0,0.0,0.0,0.0,0,0,0,0.0,0.0,0.0,0.0,0.0,0.0,0.0,0.0,0.0,0.0,0.0,0.0,0.0,0.0,0.0,0.0,0,-107875648.0,77,0.0,154,0.0,-101056864.0,ERR,ERR,ERR,ERR,ERR,ERR,ERR,ERR,ERR,ERR,ERR,ERR,ERR,ERR,ERR,ERR,ERR,ERR,ERR,ERR,ERR,ERR,ERR,ERR,ERR,ERR,ERR,ERR,ERR,ERR,ERR,ERR,ERR,ERR,ERR,ERR,ERR,ERR,ERR,ERR,ERR,ERR,ERR,ERR,ERR,ERR,ERR,ERR,ERR,ERR,ERR,ERR,ERR,ERR,ERR,ERR,ERR,ERR,ERR,ERR,ERR,ERR,ERR,ERR,ERR,ERR,ERR,34.0,80.0,35,0.0,0.0,0.0,0.0,0.0,0.0,0.0,0.0,0.0,0.0,0.0,0.0,0.0,0.0,0.0,0.0,65.6,0,120,58,53,65476,0,300,0,0,8,20529,65476,0,0,57672,80.0,0.0,0.0,0.0,0.0,0.0
2026-06-18T02:45:53,ERR,ERR,ERR,ERR,ERR,ERR,ERR,ERR,ERR,ERR,ERR,ERR,ERR,ERR,ERR,ERR,ERR,ERR,ERR,ERR,ERR,ERR,ERR,ERR,ERR,ERR,ERR,ERR,ERR,ERR,ERR,ERR,ERR,ERR,ERR,ERR,ERR,ERR,ERR,ERR,ERR,ERR,ERR,ERR,ERR,ERR,ERR,ERR,ERR,ERR,ERR,ERR,ERR,ERR,ERR,ERR,ERR,ERR,ERR,ERR,ERR,ERR,ERR,ERR,ERR,ERR,ERR,ERR,ERR,ERR,ERR,ERR,ERR,ERR,ERR,ERR,ERR,ERR,ERR,ERR,ERR,ERR,ERR,ERR,ERR,ERR,ERR,ERR,ERR,ERR,ERR,ERR,ERR,ERR,ERR,ERR,ERR,ERR,ERR,ERR,ERR,ERR,ERR,ERR,ERR,ERR,ERR,ERR,ERR,ERR,ERR,ERR,ERR,ERR,ERR,ERR,ERR,ERR,ERR,ERR,ERR,ERR,ERR,ERR,ERR,2.7184312818759872e+23,0.0,0.0,-152005385388032.0,1.6,1.3936040501711995e+18,7.805,0.0,0,0,4,48929,6720,14723890282496.0,100,0.0,0.0,0.0,0.0,0.0,0,0,0,0,0.0,0,0,0,0,0,0,0,0,0,0,0,0,0,0,0,0,0,0,0,0,0,0,0,0,0,0,0,0,0,0,0,0,0,26,51,50,76,65476,0,300,0,0,8,21553,0.0,-107605600.0,0.0,0.0,0.0,0.0,0.0,0.0,0.0,0.0,0.0,0.0,0.0,0.0,0.0,0.0,0.0,0.0,0.0,0.0,0.0,0.0,-0.0,0.0,-0.0,-0.0,0.0,0.0,0.0,0.0,4831.0,0.0,7270.0,0.0,0.0,2.7184303811560617e+23,2.718431101732002e+23,0.0,0.0,0.0,0.0,77,-5.848083809157084e+35,0.059,0.0,0.0,0.0,0.0,0.0,0.0,0.0,0,0,0,0.0,0.0,0.0,0.0,0.0,0.0,0.0,0.0,0.0,0.0,0.0,0.0,0.0,0.0,0.0,0.0,0,-107875648.0,77,0.0,154,0.0,-101056864.0,ERR,ERR,ERR,ERR,ERR,ERR,ERR,ERR,ERR,ERR,ERR,ERR,ERR,ERR,ERR,ERR,ERR,ERR,ERR,ERR,ERR,ERR,ERR,ERR,ERR,ERR,ERR,ERR,ERR,ERR,ERR,ERR,ERR,ERR,ERR,ERR,ERR,ERR,ERR,ERR,ERR,ERR,ERR,ERR,ERR,ERR,ERR,ERR,ERR,ERR,ERR,ERR,ERR,ERR,ERR,ERR,ERR,ERR,ERR,ERR,ERR,ERR,ERR,ERR,ERR,ERR,ERR,34.0,80.0,35,0.0,0.0,0.0,0.0,0.0,0.0,0.0,0.0,0.0,0.0,0.0,0.0,0.0,0.0,0.0,0.0,65.6,0,120,58,53,65476,0,300,0,0,8,20529,65476,0,0,57672,80.0,0.0,0.0,0.0,0.0,0.0
2026-06-18T02:45:54,ERR,ERR,ERR,ERR,ERR,ERR,ERR,ERR,ERR,ERR,ERR,ERR,ERR,ERR,ERR,ERR,ERR,ERR,ERR,ERR,ERR,ERR,ERR,ERR,ERR,ERR,ERR,ERR,ERR,ERR,ERR,ERR,ERR,ERR,ERR,ERR,ERR,ERR,ERR,ERR,ERR,ERR,ERR,ERR,ERR,ERR,ERR,ERR,ERR,ERR,ERR,ERR,ERR,ERR,ERR,ERR,ERR,ERR,ERR,ERR,ERR,ERR,ERR,ERR,ERR,ERR,ERR,ERR,ERR,ERR,ERR,ERR,ERR,ERR,ERR,ERR,ERR,ERR,ERR,ERR,ERR,ERR,ERR,ERR,ERR,ERR,ERR,ERR,ERR,ERR,ERR,ERR,ERR,ERR,ERR,ERR,ERR,ERR,ERR,ERR,ERR,ERR,ERR,ERR,ERR,ERR,ERR,ERR,ERR,ERR,ERR,ERR,ERR,ERR,ERR,ERR,ERR,ERR,ERR,ERR,ERR,ERR,ERR,ERR,ERR,2.7184312818759872e+23,0.0,0.0,-152005385388032.0,1.6,1.3936040501711995e+18,7.805,0.0,0,0,4,48929,6720,14723890282496.0,100,0.0,0.0,0.0,0.0,0.0,0,0,0,0,0.0,0,0,0,0,0,0,0,0,0,0,0,0,0,0,0,0,0,0,0,0,0,0,0,0,0,0,0,0,0,0,0,0,0,26,51,50,76,65476,0,300,0,0,8,21553,0.0,-107605600.0,0.0,0.0,0.0,0.0,0.0,0.0,0.0,0.0,0.0,0.0,0.0,0.0,0.0,0.0,0.0,0.0,0.0,0.0,0.0,0.0,-0.0,0.0,-0.0,-0.0,0.0,0.0,0.0,0.0,4831.0,0.0,7270.0,0.0,0.0,2.7184303811560617e+23,2.718431101732002e+23,0.0,0.0,0.0,0.0,77,-5.848083809157084e+35,0.059,0.0,0.0,0.0,0.0,0.0,0.0,0.0,0,0,0,0.0,0.0,0.0,0.0,0.0,0.0,0.0,0.0,0.0,0.0,0.0,0.0,0.0,0.0,0.0,0.0,0,-107875648.0,77,0.0,154,0.0,-101056864.0,ERR,ERR,ERR,ERR,ERR,ERR,ERR,ERR,ERR,ERR,ERR,ERR,ERR,ERR,ERR,ERR,ERR,ERR,ERR,ERR,ERR,ERR,ERR,ERR,ERR,ERR,ERR,ERR,ERR,ERR,ERR,ERR,ERR,ERR,ERR,ERR,ERR,ERR,ERR,ERR,ERR,ERR,ERR,ERR,ERR,ERR,ERR,ERR,ERR,ERR,ERR,ERR,ERR,ERR,ERR,ERR,ERR,ERR,ERR,ERR,ERR,ERR,ERR,ERR,ERR,ERR,ERR,34.0,80.0,35,0.0,0.0,0.0,0.0,0.0,0.0,0.0,0.0,0.0,0.0,0.0,0.0,0.0,0.0,0.0,0.0,65.6,0,120,58,53,65476,0,300,0,0,8,20529,65476,0,0,57672,80.0,0.0,0.0,0.0,0.0,0.0
2026-06-18T02:45:55,ERR,ERR,ERR,ERR,ERR,ERR,ERR,ERR,ERR,ERR,ERR,ERR,ERR,ERR,ERR,ERR,ERR,ERR,ERR,ERR,ERR,ERR,ERR,ERR,ERR,ERR,ERR,ERR,ERR,ERR,ERR,ERR,ERR,ERR,ERR,ERR,ERR,ERR,ERR,ERR,ERR,ERR,ERR,ERR,ERR,ERR,ERR,ERR,ERR,ERR,ERR,ERR,ERR,ERR,ERR,ERR,ERR,ERR,ERR,ERR,ERR,ERR,ERR,ERR,ERR,ERR,ERR,ERR,ERR,ERR,ERR,ERR,ERR,ERR,ERR,ERR,ERR,ERR,ERR,ERR,ERR,ERR,ERR,ERR,ERR,ERR,ERR,ERR,ERR,ERR,ERR,ERR,ERR,ERR,ERR,ERR,ERR,ERR,ERR,ERR,ERR,ERR,ERR,ERR,ERR,ERR,ERR,ERR,ERR,ERR,ERR,ERR,ERR,ERR,ERR,ERR,ERR,ERR,ERR,ERR,ERR,ERR,ERR,ERR,ERR,0.0,0.0,-0.0,-152005385388032.0,nan,1.3936040501711995e+18,7.805,-1161942663168.0,0,0,4,48932,6720,14723890282496.0,100,0.0,0.0,0.0,-0.0,0.0,0,0,0,0,0.0,0,0,0,0,0,0,0,0,0,0,0,0,0,0,0,0,0,0,0,0,0,0,0,0,0,0,0,0,0,0,0,0,0,26,51,50,76,65476,0,300,0,0,8,21553,0.0,-107605600.0,0.0,0.0,0.0,0.0,0.0,0.0,0.0,0.0,0.0,0.0,0.0,0.0,0.0,0.0,0.0,0.0,0.0,0.0,0.0,0.0,-2.004,0.0,-2.004,-0.0,0.0,0.0,0.0,0.0,4828.0,0.0,7269.0,0.0,0.0,-0.0,2.718431101732002e+23,0.0,0.0,0.0,0.0,77,-3.2220289616203523e+26,0.0,0.0,0.0,0.0,0.0,0.0,0.0,0.0,0,0,0,0.0,0.0,0.0,0.0,0.0,0.0,0.0,0.0,0.0,0.0,0.0,0.0,0.0,0.0,0.0,0.0,0,-107875648.0,77,0.0,154,0.0,-101056864.0,ERR,ERR,ERR,ERR,ERR,ERR,ERR,ERR,ERR,ERR,ERR,ERR,ERR,ERR,ERR,ERR,ERR,ERR,ERR,ERR,ERR,ERR,ERR,ERR,ERR,ERR,ERR,ERR,ERR,ERR,ERR,ERR,ERR,ERR,ERR,ERR,ERR,ERR,ERR,ERR,ERR,ERR,ERR,ERR,ERR,ERR,ERR,ERR,ERR,ERR,ERR,ERR,ERR,ERR,ERR,ERR,ERR,ERR,ERR,ERR,ERR,ERR,ERR,ERR,ERR,ERR,ERR,34.0,80.0,35,0.0,0.0,0.0,0.0,0.0,0.0,0.0,0.0,0.0,0.0,0.0,0.0,0.0,0.0,0.0,0.0,65.6,0,120,58,53,65476,0,300,0,0,8,20529,65476,0,0,57672,80.0,0.0,0.0,0.0,0.0,0.0
2026-06-18T02:45:56,ERR,ERR,ERR,ERR,ERR,ERR,ERR,ERR,ERR,ERR,ERR,ERR,ERR,ERR,ERR,ERR,ERR,ERR,ERR,ERR,ERR,ERR,ERR,ERR,ERR,ERR,ERR,ERR,ERR,ERR,ERR,ERR,ERR,ERR,ERR,ERR,ERR,ERR,ERR,ERR,ERR,ERR,ERR,ERR,ERR,ERR,ERR,ERR,ERR,ERR,ERR,ERR,ERR,ERR,ERR,ERR,ERR,ERR,ERR,ERR,ERR,ERR,ERR,ERR,ERR,ERR,ERR,ERR,ERR,ERR,ERR,ERR,ERR,ERR,ERR,ERR,ERR,ERR,ERR,ERR,ERR,ERR,ERR,ERR,ERR,ERR,ERR,ERR,ERR,ERR,ERR,ERR,ERR,ERR,ERR,ERR,ERR,ERR,ERR,ERR,ERR,ERR,ERR,ERR,ERR,ERR,ERR,ERR,ERR,ERR,ERR,ERR,ERR,ERR,ERR,ERR,ERR,ERR,ERR,ERR,ERR,ERR,ERR,ERR,ERR,0.0,0.0,-0.0,-152005385388032.0,nan,1.3936040501711995e+18,7.805,-1161942663168.0,0,0,4,48932,6720,14723890282496.0,100,0.0,0.0,0.0,-0.0,0.0,0,0,0,0,0.0,0,0,0,0,0,0,0,0,0,0,0,0,0,0,0,0,0,0,0,0,0,0,0,0,0,0,0,0,0,0,0,0,0,26,51,50,76,65476,0,300,0,0,8,21553,0.0,-107605600.0,0.0,0.0,0.0,0.0,0.0,0.0,0.0,0.0,0.0,0.0,0.0,0.0,0.0,0.0,0.0,0.0,0.0,0.0,0.0,0.0,-2.004,0.0,-2.004,-0.0,0.0,0.0,0.0,0.0,4828.0,0.0,7269.0,0.0,0.0,-0.0,2.718431101732002e+23,0.0,0.0,0.0,0.0,77,-3.2220289616203523e+26,0.0,0.0,0.0,0.0,0.0,0.0,0.0,0.0,0,0,0,0.0,0.0,0.0,0.0,0.0,0.0,0.0,0.0,0.0,0.0,0.0,0.0,0.0,0.0,0.0,0.0,0,-107875648.0,77,0.0,154,0.0,-101056864.0,ERR,ERR,ERR,ERR,ERR,ERR,ERR,ERR,ERR,ERR,ERR,ERR,ERR,ERR,ERR,ERR,ERR,ERR,ERR,ERR,ERR,ERR,ERR,ERR,ERR,ERR,ERR,ERR,ERR,ERR,ERR,ERR,ERR,ERR,ERR,ERR,ERR,ERR,ERR,ERR,ERR,ERR,ERR,ERR,ERR,ERR,ERR,ERR,ERR,ERR,ERR,ERR,ERR,ERR,ERR,ERR,ERR,ERR,ERR,ERR,ERR,ERR,ERR,ERR,ERR,ERR,ERR,34.0,80.0,35,0.0,0.0,0.0,0.0,0.0,0.0,0.0,0.0,0.0,0.0,0.0,0.0,0.0,0.0,0.0,0.0,65.6,0,120,58,53,65476,0,300,0,0,8,20529,65476,0,0,57672,80.0,0.0,0.0,0.0,0.0,0.0
2026-06-18T02:45:57,ERR,ERR,ERR,ERR,ERR,ERR,ERR,ERR,ERR,ERR,ERR,ERR,ERR,ERR,ERR,ERR,ERR,ERR,ERR,ERR,ERR,ERR,ERR,ERR,ERR,ERR,ERR,ERR,ERR,ERR,ERR,ERR,ERR,ERR,ERR,ERR,ERR,ERR,ERR,ERR,ERR,ERR,ERR,ERR,ERR,ERR,ERR,ERR,ERR,ERR,ERR,ERR,ERR,ERR,ERR,ERR,ERR,ERR,ERR,ERR,ERR,ERR,ERR,ERR,ERR,ERR,ERR,ERR,ERR,ERR,ERR,ERR,ERR,ERR,ERR,ERR,ERR,ERR,ERR,ERR,ERR,ERR,ERR,ERR,ERR,ERR,ERR,ERR,ERR,ERR,ERR,ERR,ERR,ERR,ERR,ERR,ERR,ERR,ERR,ERR,ERR,ERR,ERR,ERR,ERR,ERR,ERR,ERR,ERR,ERR,ERR,ERR,ERR,ERR,ERR,ERR,ERR,ERR,ERR,ERR,ERR,ERR,ERR,ERR,ERR,0.0,0.0,-0.0,-152005385388032.0,nan,1.3936040501711995e+18,7.805,-1161942663168.0,0,0,4,48932,6720,14723890282496.0,100,0.0,0.0,0.0,-0.0,0.0,0,0,0,0,0.0,0,0,0,0,0,0,0,0,0,0,0,0,0,0,0,0,0,0,0,0,0,0,0,0,0,0,0,0,0,0,0,0,0,26,51,50,76,65476,0,300,0,0,8,21553,0.0,-107605600.0,0.0,0.0,0.0,0.0,0.0,0.0,0.0,0.0,0.0,0.0,0.0,0.0,0.0,0.0,0.0,0.0,0.0,0.0,0.0,0.0,-2.004,0.0,-2.004,-0.0,0.0,0.0,0.0,0.0,4828.0,0.0,7269.0,0.0,0.0,-0.0,2.718431101732002e+23,0.0,0.0,0.0,0.0,77,-3.2220289616203523e+26,0.0,0.0,0.0,0.0,0.0,0.0,0.0,0.0,0,0,0,0.0,0.0,0.0,0.0,0.0,0.0,0.0,0.0,0.0,0.0,0.0,0.0,0.0,0.0,0.0,0.0,0,-107875648.0,77,0.0,154,0.0,-101056864.0,ERR,ERR,ERR,ERR,ERR,ERR,ERR,ERR,ERR,ERR,ERR,ERR,ERR,ERR,ERR,ERR,ERR,ERR,ERR,ERR,ERR,ERR,ERR,ERR,ERR,ERR,ERR,ERR,ERR,ERR,ERR,ERR,ERR,ERR,ERR,ERR,ERR,ERR,ERR,ERR,ERR,ERR,ERR,ERR,ERR,ERR,ERR,ERR,ERR,ERR,ERR,ERR,ERR,ERR,ERR,ERR,ERR,ERR,ERR,ERR,ERR,ERR,ERR,ERR,ERR,ERR,ERR,34.0,80.0,35,0.0,0.0,0.0,0.0,0.0,0.0,0.0,0.0,0.0,0.0,0.0,0.0,0.0,0.0,0.0,0.0,65.6,0,120,58,53,65476,0,300,0,0,8,20529,65476,0,0,57672,80.0,0.0,0.0,0.0,0.0,0.0
2026-06-18T02:45:58,ERR,ERR,ERR,ERR,ERR,ERR,ERR,ERR,ERR,ERR,ERR,ERR,ERR,ERR,ERR,ERR,ERR,ERR,ERR,ERR,ERR,ERR,ERR,ERR,ERR,ERR,ERR,ERR,ERR,ERR,ERR,ERR,ERR,ERR,ERR,ERR,ERR,ERR,ERR,ERR,ERR,ERR,ERR,ERR,ERR,ERR,ERR,ERR,ERR,ERR,ERR,ERR,ERR,ERR,ERR,ERR,ERR,ERR,ERR,ERR,ERR,ERR,ERR,ERR,ERR,ERR,ERR,ERR,ERR,ERR,ERR,ERR,ERR,ERR,ERR,ERR,ERR,ERR,ERR,ERR,ERR,ERR,ERR,ERR,ERR,ERR,ERR,ERR,ERR,ERR,ERR,ERR,ERR,ERR,ERR,ERR,ERR,ERR,ERR,ERR,ERR,ERR,ERR,ERR,ERR,ERR,ERR,ERR,ERR,ERR,ERR,ERR,ERR,ERR,ERR,ERR,ERR,ERR,ERR,ERR,ERR,ERR,ERR,ERR,ERR,0.0,0.0,-0.0,-152005385388032.0,nan,1.3936040501711995e+18,7.805,-1161942663168.0,0,0,4,48932,6720,14723890282496.0,100,0.0,0.0,0.0,-0.0,0.0,0,0,0,0,0.0,0,0,0,0,0,0,0,0,0,0,0,0,0,0,0,0,0,0,0,0,0,0,0,0,0,0,0,0,0,0,0,0,0,26,51,50,76,65476,0,300,0,0,8,21553,0.0,-107605600.0,0.0,0.0,0.0,0.0,0.0,0.0,0.0,0.0,0.0,0.0,0.0,0.0,0.0,0.0,0.0,0.0,0.0,0.0,0.0,0.0,-2.004,0.0,-2.004,-0.0,0.0,0.0,0.0,0.0,4828.0,0.0,7269.0,0.0,0.0,-0.0,2.718431101732002e+23,0.0,0.0,0.0,0.0,77,-3.2220289616203523e+26,0.0,0.0,0.0,0.0,0.0,0.0,0.0,0.0,0,0,0,0.0,0.0,0.0,0.0,0.0,0.0,0.0,0.0,0.0,0.0,0.0,0.0,0.0,0.0,0.0,0.0,0,-107875648.0,77,0.0,154,0.0,-101056864.0,ERR,ERR,ERR,ERR,ERR,ERR,ERR,ERR,ERR,ERR,ERR,ERR,ERR,ERR,ERR,ERR,ERR,ERR,ERR,ERR,ERR,ERR,ERR,ERR,ERR,ERR,ERR,ERR,ERR,ERR,ERR,ERR,ERR,ERR,ERR,ERR,ERR,ERR,ERR,ERR,ERR,ERR,ERR,ERR,ERR,ERR,ERR,ERR,ERR,ERR,ERR,ERR,ERR,ERR,ERR,ERR,ERR,ERR,ERR,ERR,ERR,ERR,ERR,ERR,ERR,ERR,ERR,34.0,80.0,35,0.0,0.0,0.0,0.0,0.0,0.0,0.0,0.0,0.0,0.0,0.0,0.0,0.0,0.0,0.0,0.0,65.6,0,120,58,53,65476,0,300,0,0,8,20529,65476,0,0,57672,80.0,0.0,0.0,0.0,0.0,0.0
2026-06-18T02:45:59,ERR,ERR,ERR,ERR,ERR,ERR,ERR,ERR,ERR,ERR,ERR,ERR,ERR,ERR,ERR,ERR,ERR,ERR,ERR,ERR,ERR,ERR,ERR,ERR,ERR,ERR,ERR,ERR,ERR,ERR,ERR,ERR,ERR,ERR,ERR,ERR,ERR,ERR,ERR,ERR,ERR,ERR,ERR,ERR,ERR,ERR,ERR,ERR,ERR,ERR,ERR,ERR,ERR,ERR,ERR,ERR,ERR,ERR,ERR,ERR,ERR,ERR,ERR,ERR,ERR,ERR,ERR,ERR,ERR,ERR,ERR,ERR,ERR,ERR,ERR,ERR,ERR,ERR,ERR,ERR,ERR,ERR,ERR,ERR,ERR,ERR,ERR,ERR,ERR,ERR,ERR,ERR,ERR,ERR,ERR,ERR,ERR,ERR,ERR,ERR,ERR,ERR,ERR,ERR,ERR,ERR,ERR,ERR,ERR,ERR,ERR,ERR,ERR,ERR,ERR,ERR,ERR,ERR,ERR,ERR,ERR,ERR,ERR,ERR,ERR,0.0,0.0,-0.0,-152005385388032.0,nan,1.3936040501711995e+18,7.805,-1161942663168.0,0,0,4,48932,6720,14723890282496.0,100,0.0,0.0,0.0,-0.0,0.0,0,0,0,0,0.0,0,0,0,0,0,0,0,0,0,0,0,0,0,0,0,0,0,0,0,0,0,0,0,0,0,0,0,0,0,0,0,0,0,26,51,50,76,65476,0,300,0,0,8,21553,0.0,-107605600.0,0.0,0.0,0.0,0.0,0.0,0.0,0.0,0.0,0.0,0.0,0.0,0.0,0.0,0.0,0.0,0.0,0.0,0.0,0.0,0.0,-2.004,0.0,-2.004,-0.0,0.0,0.0,0.0,0.0,4828.0,0.0,7269.0,0.0,0.0,-0.0,2.718431101732002e+23,0.0,0.0,0.0,0.0,77,-3.2220289616203523e+26,0.0,0.0,0.0,0.0,0.0,0.0,0.0,0.0,0,0,0,0.0,0.0,0.0,0.0,0.0,0.0,0.0,0.0,0.0,0.0,0.0,0.0,0.0,0.0,0.0,0.0,0,-107875648.0,77,0.0,154,0.0,-101056864.0,ERR,ERR,ERR,ERR,ERR,ERR,ERR,ERR,ERR,ERR,ERR,ERR,ERR,ERR,ERR,ERR,ERR,ERR,ERR,ERR,ERR,ERR,ERR,ERR,ERR,ERR,ERR,ERR,ERR,ERR,ERR,ERR,ERR,ERR,ERR,ERR,ERR,ERR,ERR,ERR,ERR,ERR,ERR,ERR,ERR,ERR,ERR,ERR,ERR,ERR,ERR,ERR,ERR,ERR,ERR,ERR,ERR,ERR,ERR,ERR,ERR,ERR,ERR,ERR,ERR,ERR,ERR,34.0,80.0,35,0.0,0.0,0.0,0.0,0.0,0.0,0.0,0.0,0.0,0.0,0.0,0.0,0.0,0.0,0.0,0.0,66.0,0,120,58,53,65476,0,300,0,0,8,20529,65476,0,0,57672,80.0,0.0,0.0,0.0,0.0,0.0
2026-06-18T02:46:00,ERR,ERR,ERR,ERR,ERR,ERR,ERR,ERR,ERR,ERR,ERR,ERR,ERR,ERR,ERR,ERR,ERR,ERR,ERR,ERR,ERR,ERR,ERR,ERR,ERR,ERR,ERR,ERR,ERR,ERR,ERR,ERR,ERR,ERR,ERR,ERR,ERR,ERR,ERR,ERR,ERR,ERR,ERR,ERR,ERR,ERR,ERR,ERR,ERR,ERR,ERR,ERR,ERR,ERR,ERR,ERR,ERR,ERR,ERR,ERR,ERR,ERR,ERR,ERR,ERR,ERR,ERR,ERR,ERR,ERR,ERR,ERR,ERR,ERR,ERR,ERR,ERR,ERR,ERR,ERR,ERR,ERR,ERR,ERR,ERR,ERR,ERR,ERR,ERR,ERR,ERR,ERR,ERR,ERR,ERR,ERR,ERR,ERR,ERR,ERR,ERR,ERR,ERR,ERR,ERR,ERR,ERR,ERR,ERR,ERR,ERR,ERR,ERR,ERR,ERR,ERR,ERR,ERR,ERR,ERR,ERR,ERR,ERR,ERR,ERR,0.0,0.0,-0.0,-152005385388032.0,nan,1.3936040501711995e+18,7.805,-1161942663168.0,0,0,4,48932,6720,14723890282496.0,100,0.0,0.0,0.0,-0.0,0.0,0,0,0,0,0.0,0,0,0,0,0,0,0,0,0,0,0,0,0,0,0,0,0,0,0,0,0,0,0,0,0,0,0,0,0,0,0,0,0,26,51,50,76,65476,0,300,0,0,8,21553,0.0,-107605600.0,0.0,0.0,0.0,0.0,0.0,0.0,0.0,0.0,0.0,0.0,0.0,0.0,0.0,0.0,0.0,0.0,0.0,0.0,0.0,0.0,-2.004,0.0,-2.004,-0.0,0.0,0.0,0.0,0.0,4828.0,0.0,7269.0,0.0,0.0,-0.0,2.718431101732002e+23,0.0,0.0,0.0,0.0,77,-3.2220289616203523e+26,0.0,0.0,0.0,0.0,0.0,0.0,0.0,0.0,0,0,0,0.0,0.0,0.0,0.0,0.0,0.0,0.0,0.0,0.0,0.0,0.0,0.0,0.0,0.0,0.0,0.0,0,-107875648.0,77,0.0,154,0.0,-101056864.0,ERR,ERR,ERR,ERR,ERR,ERR,ERR,ERR,ERR,ERR,ERR,ERR,ERR,ERR,ERR,ERR,ERR,ERR,ERR,ERR,ERR,ERR,ERR,ERR,ERR,ERR,ERR,ERR,ERR,ERR,ERR,ERR,ERR,ERR,ERR,ERR,ERR,ERR,ERR,ERR,ERR,ERR,ERR,ERR,ERR,ERR,ERR,ERR,ERR,ERR,ERR,ERR,ERR,ERR,ERR,ERR,ERR,ERR,ERR,ERR,ERR,ERR,ERR,ERR,ERR,ERR,ERR,34.0,80.0,35,0.0,0.0,0.0,0.0,0.0,0.0,0.0,0.0,0.0,0.0,0.0,0.0,0.0,0.0,0.0,0.0,66.0,0,120,58,53,65476,0,300,0,0,8,20529,65476,0,0,57672,80.0,0.0,0.0,0.0,0.0,0.0
2026-06-18T02:46:01,ERR,ERR,ERR,ERR,ERR,ERR,ERR,ERR,ERR,ERR,ERR,ERR,ERR,ERR,ERR,ERR,ERR,ERR,ERR,ERR,ERR,ERR,ERR,ERR,ERR,ERR,ERR,ERR,ERR,ERR,ERR,ERR,ERR,ERR,ERR,ERR,ERR,ERR,ERR,ERR,ERR,ERR,ERR,ERR,ERR,ERR,ERR,ERR,ERR,ERR,ERR,ERR,ERR,ERR,ERR,ERR,ERR,ERR,ERR,ERR,ERR,ERR,ERR,ERR,ERR,ERR,ERR,ERR,ERR,ERR,ERR,ERR,ERR,ERR,ERR,ERR,ERR,ERR,ERR,ERR,ERR,ERR,ERR,ERR,ERR,ERR,ERR,ERR,ERR,ERR,ERR,ERR,ERR,ERR,ERR,ERR,ERR,ERR,ERR,ERR,ERR,ERR,ERR,ERR,ERR,ERR,ERR,ERR,ERR,ERR,ERR,ERR,ERR,ERR,ERR,ERR,ERR,ERR,ERR,ERR,ERR,ERR,ERR,ERR,ERR,0.0,0.0,-0.0,0.059,nan,1.3936040501711995e+18,7.805,0.0,0,0,4,48924,6720,14723890282496.0,100,0.0,0.0,0.0,0.059,0.0,0,0,0,0,0.0,0,0,0,0,0,0,0,0,0,0,0,0,0,0,0,0,0,0,0,0,0,0,0,0,0,0,0,0,0,0,0,0,0,26,51,50,76,65476,0,300,0,0,8,21553,0.0,-107605600.0,0.0,0.0,0.0,0.0,0.0,0.0,0.0,0.0,0.0,0.0,0.0,0.0,0.0,0.0,0.0,0.0,0.0,0.0,0.0,0.0,-0.0,0.0,-0.0,-0.0,0.0,0.0,0.0,0.0,4830.0,0.0,7267.0,0.0,0.0,2.7184303811560617e+23,2.718431101732002e+23,0.0,0.0,0.0,0.0,77,-4.950428984743027e+32,0.0,0.0,0.0,0.0,0.0,0.0,0.0,0.0,0,0,0,0.0,0.0,0.0,0.0,0.0,0.0,0.0,0.0,0.0,0.0,0.0,0.0,0.0,0.0,0.0,0.0,0,-107875648.0,77,0.0,154,0.0,0.0,ERR,ERR,ERR,ERR,ERR,ERR,ERR,ERR,ERR,ERR,ERR,ERR,ERR,ERR,ERR,ERR,ERR,ERR,ERR,ERR,ERR,ERR,ERR,ERR,ERR,ERR,ERR,ERR,ERR,ERR,ERR,ERR,ERR,ERR,ERR,ERR,ERR,ERR,ERR,ERR,ERR,ERR,ERR,ERR,ERR,ERR,ERR,ERR,ERR,ERR,ERR,ERR,ERR,ERR,ERR,ERR,ERR,ERR,ERR,ERR,ERR,ERR,ERR,ERR,ERR,ERR,ERR,34.0,80.0,35,0.0,0.0,0.0,0.0,0.0,0.0,0.0,0.0,0.0,0.0,0.0,0.0,0.0,0.0,0.0,0.0,65.6,0,120,58,53,65476,0,300,0,0,8,20529,65476,0,0,57672,80.0,0.0,0.0,0.0,0.0,0.0
2026-06-18T02:46:02,ERR,ERR,ERR,ERR,ERR,ERR,ERR,ERR,ERR,ERR,ERR,ERR,ERR,ERR,ERR,ERR,ERR,ERR,ERR,ERR,ERR,ERR,ERR,ERR,ERR,ERR,ERR,ERR,ERR,ERR,ERR,ERR,ERR,ERR,ERR,ERR,ERR,ERR,ERR,ERR,ERR,ERR,ERR,ERR,ERR,ERR,ERR,ERR,ERR,ERR,ERR,ERR,ERR,ERR,ERR,ERR,ERR,ERR,ERR,ERR,ERR,ERR,ERR,ERR,ERR,ERR,ERR,ERR,ERR,ERR,ERR,ERR,ERR,ERR,ERR,ERR,ERR,ERR,ERR,ERR,ERR,ERR,ERR,ERR,ERR,ERR,ERR,ERR,ERR,ERR,ERR,ERR,ERR,ERR,ERR,ERR,ERR,ERR,ERR,ERR,ERR,ERR,ERR,ERR,ERR,ERR,ERR,ERR,ERR,ERR,ERR,ERR,ERR,ERR,ERR,ERR,ERR,ERR,ERR,ERR,ERR,ERR,ERR,ERR,ERR,0.0,0.0,-0.0,0.059,nan,1.3936040501711995e+18,7.805,0.0,0,0,4,48924,6720,14723890282496.0,100,0.0,0.0,0.0,0.059,0.0,0,0,0,0,0.0,0,0,0,0,0,0,0,0,0,0,0,0,0,0,0,0,0,0,0,0,0,0,0,0,0,0,0,0,0,0,0,0,0,26,51,50,76,65476,0,300,0,0,8,21553,0.0,-107605600.0,0.0,0.0,0.0,0.0,0.0,0.0,0.0,0.0,0.0,0.0,0.0,0.0,0.0,0.0,0.0,0.0,0.0,0.0,0.0,0.0,-0.0,0.0,-0.0,-0.0,0.0,0.0,0.0,0.0,4830.0,0.0,7267.0,0.0,0.0,2.7184303811560617e+23,2.718431101732002e+23,0.0,0.0,0.0,0.0,77,-4.950428984743027e+32,0.0,0.0,0.0,0.0,0.0,0.0,0.0,0.0,0,0,0,0.0,0.0,0.0,0.0,0.0,0.0,0.0,0.0,0.0,0.0,0.0,0.0,0.0,0.0,0.0,0.0,0,-107875648.0,77,0.0,154,0.0,0.0,ERR,ERR,ERR,ERR,ERR,ERR,ERR,ERR,ERR,ERR,ERR,ERR,ERR,ERR,ERR,ERR,ERR,ERR,ERR,ERR,ERR,ERR,ERR,ERR,ERR,ERR,ERR,ERR,ERR,ERR,ERR,ERR,ERR,ERR,ERR,ERR,ERR,ERR,ERR,ERR,ERR,ERR,ERR,ERR,ERR,ERR,ERR,ERR,ERR,ERR,ERR,ERR,ERR,ERR,ERR,ERR,ERR,ERR,ERR,ERR,ERR,ERR,ERR,ERR,ERR,ERR,ERR,34.0,80.0,35,0.0,0.0,0.0,0.0,0.0,0.0,0.0,0.0,0.0,0.0,0.0,0.0,0.0,0.0,0.0,0.0,65.6,0,120,58,53,65476,0,300,0,0,8,20529,65476,0,0,57672,80.0,0.0,0.0,0.0,0.0,0.0
2026-06-18T02:46:03,ERR,ERR,ERR,ERR,ERR,ERR,ERR,ERR,ERR,ERR,ERR,ERR,ERR,ERR,ERR,ERR,ERR,ERR,ERR,ERR,ERR,ERR,ERR,ERR,ERR,ERR,ERR,ERR,ERR,ERR,ERR,ERR,ERR,ERR,ERR,ERR,ERR,ERR,ERR,ERR,ERR,ERR,ERR,ERR,ERR,ERR,ERR,ERR,ERR,ERR,ERR,ERR,ERR,ERR,ERR,ERR,ERR,ERR,ERR,ERR,ERR,ERR,ERR,ERR,ERR,ERR,ERR,ERR,ERR,ERR,ERR,ERR,ERR,ERR,ERR,ERR,ERR,ERR,ERR,ERR,ERR,ERR,ERR,ERR,ERR,ERR,ERR,ERR,ERR,ERR,ERR,ERR,ERR,ERR,ERR,ERR,ERR,ERR,ERR,ERR,ERR,ERR,ERR,ERR,ERR,ERR,ERR,ERR,ERR,ERR,ERR,ERR,ERR,ERR,ERR,ERR,ERR,ERR,ERR,ERR,ERR,ERR,ERR,ERR,ERR,0.0,0.0,-0.0,0.059,nan,1.3936040501711995e+18,7.805,0.0,0,0,4,48924,6720,14723890282496.0,100,0.0,0.0,0.0,0.059,0.0,0,0,0,0,0.0,0,0,0,0,0,0,0,0,0,0,0,0,0,0,0,0,0,0,0,0,0,0,0,0,0,0,0,0,0,0,0,0,0,26,51,50,76,65476,0,300,0,0,8,21553,0.0,-107605600.0,0.0,0.0,0.0,0.0,0.0,0.0,0.0,0.0,0.0,0.0,0.0,0.0,0.0,0.0,0.0,0.0,0.0,0.0,0.0,0.0,-0.0,0.0,-0.0,-0.0,0.0,0.0,0.0,0.0,4830.0,0.0,7267.0,0.0,0.0,2.7184303811560617e+23,2.718431101732002e+23,0.0,0.0,0.0,0.0,77,-4.950428984743027e+32,0.0,0.0,0.0,0.0,0.0,0.0,0.0,0.0,0,0,0,0.0,0.0,0.0,0.0,0.0,0.0,0.0,0.0,0.0,0.0,0.0,0.0,0.0,0.0,0.0,0.0,0,-107875648.0,77,0.0,154,0.0,0.0,ERR,ERR,ERR,ERR,ERR,ERR,ERR,ERR,ERR,ERR,ERR,ERR,ERR,ERR,ERR,ERR,ERR,ERR,ERR,ERR,ERR,ERR,ERR,ERR,ERR,ERR,ERR,ERR,ERR,ERR,ERR,ERR,ERR,ERR,ERR,ERR,ERR,ERR,ERR,ERR,ERR,ERR,ERR,ERR,ERR,ERR,ERR,ERR,ERR,ERR,ERR,ERR,ERR,ERR,ERR,ERR,ERR,ERR,ERR,ERR,ERR,ERR,ERR,ERR,ERR,ERR,ERR,34.0,80.0,35,0.0,0.0,0.0,0.0,0.0,0.0,0.0,0.0,0.0,0.0,0.0,0.0,0.0,0.0,0.0,0.0,65.6,0,120,58,53,65476,0,300,0,0,8,20529,65476,0,0,57672,80.0,0.0,0.0,0.0,0.0,0.0
2026-06-18T02:46:04,ERR,ERR,ERR,ERR,ERR,ERR,ERR,ERR,ERR,ERR,ERR,ERR,ERR,ERR,ERR,ERR,ERR,ERR,ERR,ERR,ERR,ERR,ERR,ERR,ERR,ERR,ERR,ERR,ERR,ERR,ERR,ERR,ERR,ERR,ERR,ERR,ERR,ERR,ERR,ERR,ERR,ERR,ERR,ERR,ERR,ERR,ERR,ERR,ERR,ERR,ERR,ERR,ERR,ERR,ERR,ERR,ERR,ERR,ERR,ERR,ERR,ERR,ERR,ERR,ERR,ERR,ERR,ERR,ERR,ERR,ERR,ERR,ERR,ERR,ERR,ERR,ERR,ERR,ERR,ERR,ERR,ERR,ERR,ERR,ERR,ERR,ERR,ERR,ERR,ERR,ERR,ERR,ERR,ERR,ERR,ERR,ERR,ERR,ERR,ERR,ERR,ERR,ERR,ERR,ERR,ERR,ERR,ERR,ERR,ERR,ERR,ERR,ERR,ERR,ERR,ERR,ERR,ERR,ERR,ERR,ERR,ERR,ERR,ERR,ERR,0.0,0.0,-0.0,0.059,nan,1.3936040501711995e+18,7.805,0.0,0,0,4,48924,6720,14723890282496.0,100,0.0,0.0,0.0,0.059,0.0,0,0,0,0,0.0,0,0,0,0,0,0,0,0,0,0,0,0,0,0,0,0,0,0,0,0,0,0,0,0,0,0,0,0,0,0,0,0,0,26,51,50,76,65476,0,300,0,0,8,21553,0.0,-107605600.0,0.0,0.0,0.0,0.0,0.0,0.0,0.0,0.0,0.0,0.0,0.0,0.0,0.0,0.0,0.0,0.0,0.0,0.0,0.0,0.0,-0.0,0.0,-0.0,-0.0,0.0,0.0,0.0,0.0,4830.0,0.0,7267.0,0.0,0.0,2.7184303811560617e+23,2.718431101732002e+23,0.0,0.0,0.0,0.0,77,-4.950428984743027e+32,0.0,0.0,0.0,0.0,0.0,0.0,0.0,0.0,0,0,0,0.0,0.0,0.0,0.0,0.0,0.0,0.0,0.0,0.0,0.0,0.0,0.0,0.0,0.0,0.0,0.0,0,-107875648.0,77,0.0,154,0.0,0.0,ERR,ERR,ERR,ERR,ERR,ERR,ERR,ERR,ERR,ERR,ERR,ERR,ERR,ERR,ERR,ERR,ERR,ERR,ERR,ERR,ERR,ERR,ERR,ERR,ERR,ERR,ERR,ERR,ERR,ERR,ERR,ERR,ERR,ERR,ERR,ERR,ERR,ERR,ERR,ERR,ERR,ERR,ERR,ERR,ERR,ERR,ERR,ERR,ERR,ERR,ERR,ERR,ERR,ERR,ERR,ERR,ERR,ERR,ERR,ERR,ERR,ERR,ERR,ERR,ERR,ERR,ERR,34.0,80.0,35,0.0,0.0,0.0,0.0,0.0,0.0,0.0,0.0,0.0,0.0,0.0,0.0,0.0,0.0,0.0,0.0,65.6,0,120,58,53,65476,0,300,0,0,8,20529,65476,0,0,57672,80.0,0.0,0.0,0.0,0.0,0.0
2026-06-18T02:46:05,ERR,ERR,ERR,ERR,ERR,ERR,ERR,ERR,ERR,ERR,ERR,ERR,ERR,ERR,ERR,ERR,ERR,ERR,ERR,ERR,ERR,ERR,ERR,ERR,ERR,ERR,ERR,ERR,ERR,ERR,ERR,ERR,ERR,ERR,ERR,ERR,ERR,ERR,ERR,ERR,ERR,ERR,ERR,ERR,ERR,ERR,ERR,ERR,ERR,ERR,ERR,ERR,ERR,ERR,ERR,ERR,ERR,ERR,ERR,ERR,ERR,ERR,ERR,ERR,ERR,ERR,ERR,ERR,ERR,ERR,ERR,ERR,ERR,ERR,ERR,ERR,ERR,ERR,ERR,ERR,ERR,ERR,ERR,ERR,ERR,ERR,ERR,ERR,ERR,ERR,ERR,ERR,ERR,ERR,ERR,ERR,ERR,ERR,ERR,ERR,ERR,ERR,ERR,ERR,ERR,ERR,ERR,ERR,ERR,ERR,ERR,ERR,ERR,ERR,ERR,ERR,ERR,ERR,ERR,ERR,ERR,ERR,ERR,ERR,ERR,0.0,0.0,-0.0,0.059,nan,1.3936040501711995e+18,7.805,0.0,0,0,4,48924,6720,14723890282496.0,100,0.0,0.0,0.0,0.059,0.0,0,0,0,0,0.0,0,0,0,0,0,0,0,0,0,0,0,0,0,0,0,0,0,0,0,0,0,0,0,0,0,0,0,0,0,0,0,0,0,26,51,50,76,65476,0,300,0,0,8,21553,0.0,-107605600.0,0.0,0.0,0.0,0.0,0.0,0.0,0.0,0.0,0.0,0.0,0.0,0.0,0.0,0.0,0.0,0.0,0.0,0.0,0.0,0.0,-0.0,0.0,-0.0,-0.0,0.0,0.0,0.0,0.0,4830.0,0.0,7267.0,0.0,0.0,2.7184303811560617e+23,2.718431101732002e+23,0.0,0.0,0.0,0.0,77,-4.950428984743027e+32,0.0,0.0,0.0,0.0,0.0,0.0,0.0,0.0,0,0,0,0.0,0.0,0.0,0.0,0.0,0.0,0.0,0.0,0.0,0.0,0.0,0.0,0.0,0.0,0.0,0.0,0,-107875648.0,77,0.0,154,0.0,0.0,ERR,ERR,ERR,ERR,ERR,ERR,ERR,ERR,ERR,ERR,ERR,ERR,ERR,ERR,ERR,ERR,ERR,ERR,ERR,ERR,ERR,ERR,ERR,ERR,ERR,ERR,ERR,ERR,ERR,ERR,ERR,ERR,ERR,ERR,ERR,ERR,ERR,ERR,ERR,ERR,ERR,ERR,ERR,ERR,ERR,ERR,ERR,ERR,ERR,ERR,ERR,ERR,ERR,ERR,ERR,ERR,ERR,ERR,ERR,ERR,ERR,ERR,ERR,ERR,ERR,ERR,ERR,34.0,80.0,35,0.0,0.0,0.0,0.0,0.0,0.0,0.0,0.0,0.0,0.0,0.0,0.0,0.0,0.0,0.0,0.0,65.6,0,120,58,53,65476,0,300,0,0,8,20529,65476,0,0,57672,80.0,0.0,0.0,0.0,0.0,0.0
2026-06-18T02:46:06,ERR,ERR,ERR,ERR,ERR,ERR,ERR,ERR,ERR,ERR,ERR,ERR,ERR,ERR,ERR,ERR,ERR,ERR,ERR,ERR,ERR,ERR,ERR,ERR,ERR,ERR,ERR,ERR,ERR,ERR,ERR,ERR,ERR,ERR,ERR,ERR,ERR,ERR,ERR,ERR,ERR,ERR,ERR,ERR,ERR,ERR,ERR,ERR,ERR,ERR,ERR,ERR,ERR,ERR,ERR,ERR,ERR,ERR,ERR,ERR,ERR,ERR,ERR,ERR,ERR,ERR,ERR,ERR,ERR,ERR,ERR,ERR,ERR,ERR,ERR,ERR,ERR,ERR,ERR,ERR,ERR,ERR,ERR,ERR,ERR,ERR,ERR,ERR,ERR,ERR,ERR,ERR,ERR,ERR,ERR,ERR,ERR,ERR,ERR,ERR,ERR,ERR,ERR,ERR,ERR,ERR,ERR,ERR,ERR,ERR,ERR,ERR,ERR,ERR,ERR,ERR,ERR,ERR,ERR,ERR,ERR,ERR,ERR,ERR,ERR,0.0,0.0,-0.0,-0.0,nan,1.3936040501711995e+18,7.805,1.182,0,0,4,48929,6720,14723890282496.0,100,0.0,0.0,0.0,-0.0,0.0,0,0,0,0,0.0,0,0,0,0,0,0,0,0,0,0,0,0,0,0,0,0,0,0,0,0,0,0,0,0,0,0,0,0,0,0,0,0,0,26,51,50,76,65476,0,300,0,0,8,21553,0.0,-107605600.0,0.0,0.0,0.0,0.0,0.0,0.0,0.0,0.0,0.0,0.0,0.0,0.0,0.0,0.0,0.0,0.0,0.0,0.0,0.0,0.0,-0.0,0.0,-0.0,-0.0,0.0,0.0,0.0,0.0,4831.0,0.0,7266.0,0.0,0.0,-0.0,2.718431101732002e+23,0.0,0.0,0.0,0.0,77,-2.308840541793802e+20,0.0,0.0,0.0,0.0,0.0,0.0,0.0,0.0,0,0,0,0.0,0.0,0.0,0.0,0.0,0.0,0.0,0.0,0.0,0.0,0.0,0.0,0.0,0.0,0.0,0.0,0,-107875648.0,77,0.0,154,0.0,-101056864.0,ERR,ERR,ERR,ERR,ERR,ERR,ERR,ERR,ERR,ERR,ERR,ERR,ERR,ERR,ERR,ERR,ERR,ERR,ERR,ERR,ERR,ERR,ERR,ERR,ERR,ERR,ERR,ERR,ERR,ERR,ERR,ERR,ERR,ERR,ERR,ERR,ERR,ERR,ERR,ERR,ERR,ERR,ERR,ERR,ERR,ERR,ERR,ERR,ERR,ERR,ERR,ERR,ERR,ERR,ERR,ERR,ERR,ERR,ERR,ERR,ERR,ERR,ERR,ERR,ERR,ERR,ERR,34.0,80.0,35,0.0,0.0,0.0,0.0,0.0,0.0,0.0,0.0,0.0,0.0,0.0,0.0,0.0,0.0,0.0,0.0,65.6,0,120,58,53,65476,0,300,0,0,8,20529,65476,0,0,57672,80.0,0.0,0.0,0.0,0.0,0.0
2026-06-18T02:46:07,ERR,ERR,ERR,ERR,ERR,ERR,ERR,ERR,ERR,ERR,ERR,ERR,ERR,ERR,ERR,ERR,ERR,ERR,ERR,ERR,ERR,ERR,ERR,ERR,ERR,ERR,ERR,ERR,ERR,ERR,ERR,ERR,ERR,ERR,ERR,ERR,ERR,ERR,ERR,ERR,ERR,ERR,ERR,ERR,ERR,ERR,ERR,ERR,ERR,ERR,ERR,ERR,ERR,ERR,ERR,ERR,ERR,ERR,ERR,ERR,ERR,ERR,ERR,ERR,ERR,ERR,ERR,ERR,ERR,ERR,ERR,ERR,ERR,ERR,ERR,ERR,ERR,ERR,ERR,ERR,ERR,ERR,ERR,ERR,ERR,ERR,ERR,ERR,ERR,ERR,ERR,ERR,ERR,ERR,ERR,ERR,ERR,ERR,ERR,ERR,ERR,ERR,ERR,ERR,ERR,ERR,ERR,ERR,ERR,ERR,ERR,ERR,ERR,ERR,ERR,ERR,ERR,ERR,ERR,ERR,ERR,ERR,ERR,ERR,ERR,0.0,0.0,-0.0,-0.0,nan,1.3936040501711995e+18,7.805,1.182,0,0,4,48929,6720,14723890282496.0,100,0.0,0.0,0.0,-0.0,0.0,0,0,0,0,0.0,0,0,0,0,0,0,0,0,0,0,0,0,0,0,0,0,0,0,0,0,0,0,0,0,0,0,0,0,0,0,0,0,0,26,51,50,76,65476,0,300,0,0,8,21553,0.0,-107605600.0,0.0,0.0,0.0,0.0,0.0,0.0,0.0,0.0,0.0,0.0,0.0,0.0,0.0,0.0,0.0,0.0,0.0,0.0,0.0,0.0,-0.0,0.0,-0.0,-0.0,0.0,0.0,0.0,0.0,4831.0,0.0,7266.0,0.0,0.0,-0.0,2.718431101732002e+23,0.0,0.0,0.0,0.0,77,-2.308840541793802e+20,0.0,0.0,0.0,0.0,0.0,0.0,0.0,0.0,0,0,0,0.0,0.0,0.0,0.0,0.0,0.0,0.0,0.0,0.0,0.0,0.0,0.0,0.0,0.0,0.0,0.0,0,-107875648.0,77,0.0,154,0.0,-101056864.0,ERR,ERR,ERR,ERR,ERR,ERR,ERR,ERR,ERR,ERR,ERR,ERR,ERR,ERR,ERR,ERR,ERR,ERR,ERR,ERR,ERR,ERR,ERR,ERR,ERR,ERR,ERR,ERR,ERR,ERR,ERR,ERR,ERR,ERR,ERR,ERR,ERR,ERR,ERR,ERR,ERR,ERR,ERR,ERR,ERR,ERR,ERR,ERR,ERR,ERR,ERR,ERR,ERR,ERR,ERR,ERR,ERR,ERR,ERR,ERR,ERR,ERR,ERR,ERR,ERR,ERR,ERR,34.0,80.0,35,0.0,0.0,0.0,0.0,0.0,0.0,0.0,0.0,0.0,0.0,0.0,0.0,0.0,0.0,0.0,0.0,65.6,0,120,58,53,65476,0,300,0,0,8,20529,65476,0,0,57672,80.0,0.0,0.0,0.0,0.0,0.0
2026-06-18T02:46:08,ERR,ERR,ERR,ERR,ERR,ERR,ERR,ERR,ERR,ERR,ERR,ERR,ERR,ERR,ERR,ERR,ERR,ERR,ERR,ERR,ERR,ERR,ERR,ERR,ERR,ERR,ERR,ERR,ERR,ERR,ERR,ERR,ERR,ERR,ERR,ERR,ERR,ERR,ERR,ERR,ERR,ERR,ERR,ERR,ERR,ERR,ERR,ERR,ERR,ERR,ERR,ERR,ERR,ERR,ERR,ERR,ERR,ERR,ERR,ERR,ERR,ERR,ERR,ERR,ERR,ERR,ERR,ERR,ERR,ERR,ERR,ERR,ERR,ERR,ERR,ERR,ERR,ERR,ERR,ERR,ERR,ERR,ERR,ERR,ERR,ERR,ERR,ERR,ERR,ERR,ERR,ERR,ERR,ERR,ERR,ERR,ERR,ERR,ERR,ERR,ERR,ERR,ERR,ERR,ERR,ERR,ERR,ERR,ERR,ERR,ERR,ERR,ERR,ERR,ERR,ERR,ERR,ERR,ERR,ERR,ERR,ERR,ERR,ERR,ERR,0.0,0.0,-0.0,-0.0,nan,1.3936040501711995e+18,7.805,1.182,0,0,4,48929,6720,14723890282496.0,100,0.0,0.0,0.0,-0.0,0.0,0,0,0,0,0.0,0,0,0,0,0,0,0,0,0,0,0,0,0,0,0,0,0,0,0,0,0,0,0,0,0,0,0,0,0,0,0,0,0,26,51,50,76,65476,0,300,0,0,8,21553,0.0,-107605600.0,0.0,0.0,0.0,0.0,0.0,0.0,0.0,0.0,0.0,0.0,0.0,0.0,0.0,0.0,0.0,0.0,0.0,0.0,0.0,0.0,-0.0,0.0,-0.0,-0.0,0.0,0.0,0.0,0.0,4831.0,0.0,7266.0,0.0,0.0,-0.0,2.718431101732002e+23,0.0,0.0,0.0,0.0,77,-2.308840541793802e+20,0.0,0.0,0.0,0.0,0.0,0.0,0.0,0.0,0,0,0,0.0,0.0,0.0,0.0,0.0,0.0,0.0,0.0,0.0,0.0,0.0,0.0,0.0,0.0,0.0,0.0,0,-107875648.0,77,0.0,154,0.0,-101056864.0,ERR,ERR,ERR,ERR,ERR,ERR,ERR,ERR,ERR,ERR,ERR,ERR,ERR,ERR,ERR,ERR,ERR,ERR,ERR,ERR,ERR,ERR,ERR,ERR,ERR,ERR,ERR,ERR,ERR,ERR,ERR,ERR,ERR,ERR,ERR,ERR,ERR,ERR,ERR,ERR,ERR,ERR,ERR,ERR,ERR,ERR,ERR,ERR,ERR,ERR,ERR,ERR,ERR,ERR,ERR,ERR,ERR,ERR,ERR,ERR,ERR,ERR,ERR,ERR,ERR,ERR,ERR,34.0,80.0,35,0.0,0.0,0.0,0.0,0.0,0.0,0.0,0.0,0.0,0.0,0.0,0.0,0.0,0.0,0.0,0.0,66.0,0,120,58,53,65476,0,300,0,0,8,20529,65476,0,0,57672,80.0,0.0,0.0,0.0,0.0,0.0
2026-06-18T02:46:09,ERR,ERR,ERR,ERR,ERR,ERR,ERR,ERR,ERR,ERR,ERR,ERR,ERR,ERR,ERR,ERR,ERR,ERR,ERR,ERR,ERR,ERR,ERR,ERR,ERR,ERR,ERR,ERR,ERR,ERR,ERR,ERR,ERR,ERR,ERR,ERR,ERR,ERR,ERR,ERR,ERR,ERR,ERR,ERR,ERR,ERR,ERR,ERR,ERR,ERR,ERR,ERR,ERR,ERR,ERR,ERR,ERR,ERR,ERR,ERR,ERR,ERR,ERR,ERR,ERR,ERR,ERR,ERR,ERR,ERR,ERR,ERR,ERR,ERR,ERR,ERR,ERR,ERR,ERR,ERR,ERR,ERR,ERR,ERR,ERR,ERR,ERR,ERR,ERR,ERR,ERR,ERR,ERR,ERR,ERR,ERR,ERR,ERR,ERR,ERR,ERR,ERR,ERR,ERR,ERR,ERR,ERR,ERR,ERR,ERR,ERR,ERR,ERR,ERR,ERR,ERR,ERR,ERR,ERR,ERR,ERR,ERR,ERR,ERR,ERR,0.0,0.0,-0.0,-0.0,nan,1.3936040501711995e+18,7.805,1.182,0,0,4,48929,6720,14723890282496.0,100,0.0,0.0,0.0,-0.0,0.0,0,0,0,0,0.0,0,0,0,0,0,0,0,0,0,0,0,0,0,0,0,0,0,0,0,0,0,0,0,0,0,0,0,0,0,0,0,0,0,26,51,50,76,65476,0,300,0,0,8,21553,0.0,-107605600.0,0.0,0.0,0.0,0.0,0.0,0.0,0.0,0.0,0.0,0.0,0.0,0.0,0.0,0.0,0.0,0.0,0.0,0.0,0.0,0.0,-0.0,0.0,-0.0,-0.0,0.0,0.0,0.0,0.0,4831.0,0.0,7266.0,0.0,0.0,-0.0,2.718431101732002e+23,0.0,0.0,0.0,0.0,77,-2.308840541793802e+20,0.0,0.0,0.0,0.0,0.0,0.0,0.0,0.0,0,0,0,0.0,0.0,0.0,0.0,0.0,0.0,0.0,0.0,0.0,0.0,0.0,0.0,0.0,0.0,0.0,0.0,0,-107875648.0,77,0.0,154,0.0,-101056864.0,ERR,ERR,ERR,ERR,ERR,ERR,ERR,ERR,ERR,ERR,ERR,ERR,ERR,ERR,ERR,ERR,ERR,ERR,ERR,ERR,ERR,ERR,ERR,ERR,ERR,ERR,ERR,ERR,ERR,ERR,ERR,ERR,ERR,ERR,ERR,ERR,ERR,ERR,ERR,ERR,ERR,ERR,ERR,ERR,ERR,ERR,ERR,ERR,ERR,ERR,ERR,ERR,ERR,ERR,ERR,ERR,ERR,ERR,ERR,ERR,ERR,ERR,ERR,ERR,ERR,ERR,ERR,34.0,80.0,35,0.0,0.0,0.0,0.0,0.0,0.0,0.0,0.0,0.0,0.0,0.0,0.0,0.0,0.0,0.0,0.0,66.0,0,120,58,53,65476,0,300,0,0,8,20529,65476,0,0,57672,80.0,0.0,0.0,0.0,0.0,0.0
2026-06-18T02:46:10,ERR,ERR,ERR,ERR,ERR,ERR,ERR,ERR,ERR,ERR,ERR,ERR,ERR,ERR,ERR,ERR,ERR,ERR,ERR,ERR,ERR,ERR,ERR,ERR,ERR,ERR,ERR,ERR,ERR,ERR,ERR,ERR,ERR,ERR,ERR,ERR,ERR,ERR,ERR,ERR,ERR,ERR,ERR,ERR,ERR,ERR,ERR,ERR,ERR,ERR,ERR,ERR,ERR,ERR,ERR,ERR,ERR,ERR,ERR,ERR,ERR,ERR,ERR,ERR,ERR,ERR,ERR,ERR,ERR,ERR,ERR,ERR,ERR,ERR,ERR,ERR,ERR,ERR,ERR,ERR,ERR,ERR,ERR,ERR,ERR,ERR,ERR,ERR,ERR,ERR,ERR,ERR,ERR,ERR,ERR,ERR,ERR,ERR,ERR,ERR,ERR,ERR,ERR,ERR,ERR,ERR,ERR,ERR,ERR,ERR,ERR,ERR,ERR,ERR,ERR,ERR,ERR,ERR,ERR,ERR,ERR,ERR,ERR,ERR,ERR,0.0,0.0,-0.0,-0.0,nan,1.3936040501711995e+18,7.805,1.182,0,0,4,48929,6720,14723890282496.0,100,0.0,0.0,0.0,-0.0,0.0,0,0,0,0,0.0,0,0,0,0,0,0,0,0,0,0,0,0,0,0,0,0,0,0,0,0,0,0,0,0,0,0,0,0,0,0,0,0,0,26,51,50,76,65476,0,300,0,0,8,21553,0.0,-107605600.0,0.0,0.0,0.0,0.0,0.0,0.0,0.0,0.0,0.0,0.0,0.0,0.0,0.0,0.0,0.0,0.0,0.0,0.0,0.0,0.0,-0.0,0.0,-0.0,-0.0,0.0,0.0,0.0,0.0,4831.0,0.0,7266.0,0.0,0.0,-0.0,2.718431101732002e+23,0.0,0.0,0.0,0.0,77,-2.308840541793802e+20,0.0,0.0,0.0,0.0,0.0,0.0,0.0,0.0,0,0,0,0.0,0.0,0.0,0.0,0.0,0.0,0.0,0.0,0.0,0.0,0.0,0.0,0.0,0.0,0.0,0.0,0,-107875648.0,77,0.0,154,0.0,-101056864.0,ERR,ERR,ERR,ERR,ERR,ERR,ERR,ERR,ERR,ERR,ERR,ERR,ERR,ERR,ERR,ERR,ERR,ERR,ERR,ERR,ERR,ERR,ERR,ERR,ERR,ERR,ERR,ERR,ERR,ERR,ERR,ERR,ERR,ERR,ERR,ERR,ERR,ERR,ERR,ERR,ERR,ERR,ERR,ERR,ERR,ERR,ERR,ERR,ERR,ERR,ERR,ERR,ERR,ERR,ERR,ERR,ERR,ERR,ERR,ERR,ERR,ERR,ERR,ERR,ERR,ERR,ERR,34.0,80.0,35,0.0,0.0,0.0,0.0,0.0,0.0,0.0,0.0,0.0,0.0,0.0,0.0,0.0,0.0,0.0,0.0,65.6,0,120,58,53,65476,0,300,0,0,8,20529,65476,0,0,57672,80.0,0.0,0.0,0.0,0.0,0.0
2026-06-18T02:46:11,ERR,ERR,ERR,ERR,ERR,ERR,ERR,ERR,ERR,ERR,ERR,ERR,ERR,ERR,ERR,ERR,ERR,ERR,ERR,ERR,ERR,ERR,ERR,ERR,ERR,ERR,ERR,ERR,ERR,ERR,ERR,ERR,ERR,ERR,ERR,ERR,ERR,ERR,ERR,ERR,ERR,ERR,ERR,ERR,ERR,ERR,ERR,ERR,ERR,ERR,ERR,ERR,ERR,ERR,ERR,ERR,ERR,ERR,ERR,ERR,ERR,ERR,ERR,ERR,ERR,ERR,ERR,ERR,ERR,ERR,ERR,ERR,ERR,ERR,ERR,ERR,ERR,ERR,ERR,ERR,ERR,ERR,ERR,ERR,ERR,ERR,ERR,ERR,ERR,ERR,ERR,ERR,ERR,ERR,ERR,ERR,ERR,ERR,ERR,ERR,ERR,ERR,ERR,ERR,ERR,ERR,ERR,ERR,ERR,ERR,ERR,ERR,ERR,ERR,ERR,ERR,ERR,ERR,ERR,ERR,ERR,ERR,ERR,ERR,ERR,0.0,0.0,-0.0,-107609184.0,nan,1.3936040501711995e+18,7.805,0.0,0,0,4,48936,6720,14723890282496.0,100,0.0,0.0,0.0,2.718290229135658e+23,0.0,0,0,0,0,0.0,0,0,0,0,0,0,0,0,0,0,0,0,0,0,0,0,0,0,0,0,0,0,0,0,0,0,0,0,0,0,0,0,0,26,51,50,76,65476,0,300,0,0,8,21553,0.0,-107605600.0,0.0,0.0,0.0,0.0,0.0,0.0,0.0,0.0,0.0,0.0,0.0,0.0,0.0,0.0,0.0,0.0,0.0,0.0,0.0,0.0,-0.0,0.0,-0.0,-0.0,0.0,0.0,0.0,0.0,4826.0,0.0,7267.0,0.0,0.0,2.7184303811560617e+23,2.718431101732002e+23,0.0,0.0,0.0,0.0,77,-2.308840541793802e+20,0.0,0.0,0.0,0.0,0.0,0.0,0.0,0.0,0,0,0,0.0,0.0,0.0,0.0,0.0,0.0,0.0,0.0,0.0,0.0,0.0,0.0,0.0,0.0,0.0,0.0,0,-107875648.0,77,0.0,154,0.0,-101056864.0,ERR,ERR,ERR,ERR,ERR,ERR,ERR,ERR,ERR,ERR,ERR,ERR,ERR,ERR,ERR,ERR,ERR,ERR,ERR,ERR,ERR,ERR,ERR,ERR,ERR,ERR,ERR,ERR,ERR,ERR,ERR,ERR,ERR,ERR,ERR,ERR,ERR,ERR,ERR,ERR,ERR,ERR,ERR,ERR,ERR,ERR,ERR,ERR,ERR,ERR,ERR,ERR,ERR,ERR,ERR,ERR,ERR,ERR,ERR,ERR,ERR,ERR,ERR,ERR,ERR,ERR,ERR,34.0,80.0,35,0.0,0.0,0.0,0.0,0.0,0.0,0.0,0.0,0.0,0.0,0.0,0.0,0.0,0.0,0.0,0.0,65.6,0,120,58,53,65476,0,300,0,0,8,20529,65476,0,0,57672,80.0,0.0,0.0,0.0,0.0,0.0
2026-06-18T02:46:12,ERR,ERR,ERR,ERR,ERR,ERR,ERR,ERR,ERR,ERR,ERR,ERR,ERR,ERR,ERR,ERR,ERR,ERR,ERR,ERR,ERR,ERR,ERR,ERR,ERR,ERR,ERR,ERR,ERR,ERR,ERR,ERR,ERR,ERR,ERR,ERR,ERR,ERR,ERR,ERR,ERR,ERR,ERR,ERR,ERR,ERR,ERR,ERR,ERR,ERR,ERR,ERR,ERR,ERR,ERR,ERR,ERR,ERR,ERR,ERR,ERR,ERR,ERR,ERR,ERR,ERR,ERR,ERR,ERR,ERR,ERR,ERR,ERR,ERR,ERR,ERR,ERR,ERR,ERR,ERR,ERR,ERR,ERR,ERR,ERR,ERR,ERR,ERR,ERR,ERR,ERR,ERR,ERR,ERR,ERR,ERR,ERR,ERR,ERR,ERR,ERR,ERR,ERR,ERR,ERR,ERR,ERR,ERR,ERR,ERR,ERR,ERR,ERR,ERR,ERR,ERR,ERR,ERR,ERR,ERR,ERR,ERR,ERR,ERR,ERR,0.0,0.0,-0.0,-107609184.0,nan,1.3936040501711995e+18,7.805,0.0,0,0,4,48936,6720,14723890282496.0,100,0.0,0.0,0.0,2.718290229135658e+23,0.0,0,0,0,0,0.0,0,0,0,0,0,0,0,0,0,0,0,0,0,0,0,0,0,0,0,0,0,0,0,0,0,0,0,0,0,0,0,0,0,26,51,50,76,65476,0,300,0,0,8,21553,0.0,-107605600.0,0.0,0.0,0.0,0.0,0.0,0.0,0.0,0.0,0.0,0.0,0.0,0.0,0.0,0.0,0.0,0.0,0.0,0.0,0.0,0.0,-0.0,0.0,-0.0,-0.0,0.0,0.0,0.0,0.0,4826.0,0.0,7267.0,0.0,0.0,2.7184303811560617e+23,2.718431101732002e+23,0.0,0.0,0.0,0.0,77,-2.308840541793802e+20,0.0,0.0,0.0,0.0,0.0,0.0,0.0,0.0,0,0,0,0.0,0.0,0.0,0.0,0.0,0.0,0.0,0.0,0.0,0.0,0.0,0.0,0.0,0.0,0.0,0.0,0,-107875648.0,77,0.0,154,0.0,-101056864.0,ERR,ERR,ERR,ERR,ERR,ERR,ERR,ERR,ERR,ERR,ERR,ERR,ERR,ERR,ERR,ERR,ERR,ERR,ERR,ERR,ERR,ERR,ERR,ERR,ERR,ERR,ERR,ERR,ERR,ERR,ERR,ERR,ERR,ERR,ERR,ERR,ERR,ERR,ERR,ERR,ERR,ERR,ERR,ERR,ERR,ERR,ERR,ERR,ERR,ERR,ERR,ERR,ERR,ERR,ERR,ERR,ERR,ERR,ERR,ERR,ERR,ERR,ERR,ERR,ERR,ERR,ERR,34.0,80.0,35,0.0,0.0,0.0,0.0,0.0,0.0,0.0,0.0,0.0,0.0,0.0,0.0,0.0,0.0,0.0,0.0,65.6,0,120,58,53,65476,0,300,0,0,8,20529,65476,0,0,57672,80.0,0.0,0.0,0.0,0.0,0.0
2026-06-18T02:46:13,ERR,ERR,ERR,ERR,ERR,ERR,ERR,ERR,ERR,ERR,ERR,ERR,ERR,ERR,ERR,ERR,ERR,ERR,ERR,ERR,ERR,ERR,ERR,ERR,ERR,ERR,ERR,ERR,ERR,ERR,ERR,ERR,ERR,ERR,ERR,ERR,ERR,ERR,ERR,ERR,ERR,ERR,ERR,ERR,ERR,ERR,ERR,ERR,ERR,ERR,ERR,ERR,ERR,ERR,ERR,ERR,ERR,ERR,ERR,ERR,ERR,ERR,ERR,ERR,ERR,ERR,ERR,ERR,ERR,ERR,ERR,ERR,ERR,ERR,ERR,ERR,ERR,ERR,ERR,ERR,ERR,ERR,ERR,ERR,ERR,ERR,ERR,ERR,ERR,ERR,ERR,ERR,ERR,ERR,ERR,ERR,ERR,ERR,ERR,ERR,ERR,ERR,ERR,ERR,ERR,ERR,ERR,ERR,ERR,ERR,ERR,ERR,ERR,ERR,ERR,ERR,ERR,ERR,ERR,ERR,ERR,ERR,ERR,ERR,ERR,0.0,0.0,-0.0,-107609184.0,nan,1.3936040501711995e+18,7.805,0.0,0,0,4,48936,6720,14723890282496.0,100,0.0,0.0,0.0,2.718290229135658e+23,0.0,0,0,0,0,0.0,0,0,0,0,0,0,0,0,0,0,0,0,0,0,0,0,0,0,0,0,0,0,0,0,0,0,0,0,0,0,0,0,0,26,51,50,76,65476,0,300,0,0,8,21553,0.0,-107605600.0,0.0,0.0,0.0,0.0,0.0,0.0,0.0,0.0,0.0,0.0,0.0,0.0,0.0,0.0,0.0,0.0,0.0,0.0,0.0,0.0,-0.0,0.0,-0.0,-0.0,0.0,0.0,0.0,0.0,4826.0,0.0,7267.0,0.0,0.0,2.7184303811560617e+23,2.718431101732002e+23,0.0,0.0,0.0,0.0,77,-2.308840541793802e+20,0.0,0.0,0.0,0.0,0.0,0.0,0.0,0.0,0,0,0,0.0,0.0,0.0,0.0,0.0,0.0,0.0,0.0,0.0,0.0,0.0,0.0,0.0,0.0,0.0,0.0,0,-107875648.0,77,0.0,154,0.0,-101056864.0,ERR,ERR,ERR,ERR,ERR,ERR,ERR,ERR,ERR,ERR,ERR,ERR,ERR,ERR,ERR,ERR,ERR,ERR,ERR,ERR,ERR,ERR,ERR,ERR,ERR,ERR,ERR,ERR,ERR,ERR,ERR,ERR,ERR,ERR,ERR,ERR,ERR,ERR,ERR,ERR,ERR,ERR,ERR,ERR,ERR,ERR,ERR,ERR,ERR,ERR,ERR,ERR,ERR,ERR,ERR,ERR,ERR,ERR,ERR,ERR,ERR,ERR,ERR,ERR,ERR,ERR,ERR,34.0,80.0,35,0.0,0.0,0.0,0.0,0.0,0.0,0.0,0.0,0.0,0.0,0.0,0.0,0.0,0.0,0.0,0.0,66.4,0,120,58,53,65476,0,300,0,0,8,20529,65476,0,0,57672,80.0,0.0,0.0,0.0,0.0,0.0
2026-06-18T02:46:14,ERR,ERR,ERR,ERR,ERR,ERR,ERR,ERR,ERR,ERR,ERR,ERR,ERR,ERR,ERR,ERR,ERR,ERR,ERR,ERR,ERR,ERR,ERR,ERR,ERR,ERR,ERR,ERR,ERR,ERR,ERR,ERR,ERR,ERR,ERR,ERR,ERR,ERR,ERR,ERR,ERR,ERR,ERR,ERR,ERR,ERR,ERR,ERR,ERR,ERR,ERR,ERR,ERR,ERR,ERR,ERR,ERR,ERR,ERR,ERR,ERR,ERR,ERR,ERR,ERR,ERR,ERR,ERR,ERR,ERR,ERR,ERR,ERR,ERR,ERR,ERR,ERR,ERR,ERR,ERR,ERR,ERR,ERR,ERR,ERR,ERR,ERR,ERR,ERR,ERR,ERR,ERR,ERR,ERR,ERR,ERR,ERR,ERR,ERR,ERR,ERR,ERR,ERR,ERR,ERR,ERR,ERR,ERR,ERR,ERR,ERR,ERR,ERR,ERR,ERR,ERR,ERR,ERR,ERR,ERR,ERR,ERR,ERR,ERR,ERR,0.0,0.0,-0.0,-107609184.0,nan,1.3936040501711995e+18,7.805,0.0,0,0,4,48936,6720,14723890282496.0,100,0.0,0.0,0.0,2.718290229135658e+23,0.0,0,0,0,0,0.0,0,0,0,0,0,0,0,0,0,0,0,0,0,0,0,0,0,0,0,0,0,0,0,0,0,0,0,0,0,0,0,0,0,26,51,50,76,65476,0,300,0,0,8,21553,0.0,-107605600.0,0.0,0.0,0.0,0.0,0.0,0.0,0.0,0.0,0.0,0.0,0.0,0.0,0.0,0.0,0.0,0.0,0.0,0.0,0.0,0.0,-0.0,0.0,-0.0,-0.0,0.0,0.0,0.0,0.0,4826.0,0.0,7267.0,0.0,0.0,2.7184303811560617e+23,2.718431101732002e+23,0.0,0.0,0.0,0.0,77,-2.308840541793802e+20,0.0,0.0,0.0,0.0,0.0,0.0,0.0,0.0,0,0,0,0.0,0.0,0.0,0.0,0.0,0.0,0.0,0.0,0.0,0.0,0.0,0.0,0.0,0.0,0.0,0.0,0,-107875648.0,77,0.0,154,0.0,-101056864.0,ERR,ERR,ERR,ERR,ERR,ERR,ERR,ERR,ERR,ERR,ERR,ERR,ERR,ERR,ERR,ERR,ERR,ERR,ERR,ERR,ERR,ERR,ERR,ERR,ERR,ERR,ERR,ERR,ERR,ERR,ERR,ERR,ERR,ERR,ERR,ERR,ERR,ERR,ERR,ERR,ERR,ERR,ERR,ERR,ERR,ERR,ERR,ERR,ERR,ERR,ERR,ERR,ERR,ERR,ERR,ERR,ERR,ERR,ERR,ERR,ERR,ERR,ERR,ERR,ERR,ERR,ERR,34.0,80.0,35,0.0,0.0,0.0,0.0,0.0,0.0,0.0,0.0,0.0,0.0,0.0,0.0,0.0,0.0,0.0,0.0,66.4,0,120,58,53,65476,0,300,0,0,8,20529,65476,0,0,57672,80.0,0.0,0.0,0.0,0.0,0.0
2026-06-18T02:46:15,ERR,ERR,ERR,ERR,ERR,ERR,ERR,ERR,ERR,ERR,ERR,ERR,ERR,ERR,ERR,ERR,ERR,ERR,ERR,ERR,ERR,ERR,ERR,ERR,ERR,ERR,ERR,ERR,ERR,ERR,ERR,ERR,ERR,ERR,ERR,ERR,ERR,ERR,ERR,ERR,ERR,ERR,ERR,ERR,ERR,ERR,ERR,ERR,ERR,ERR,ERR,ERR,ERR,ERR,ERR,ERR,ERR,ERR,ERR,ERR,ERR,ERR,ERR,ERR,ERR,ERR,ERR,ERR,ERR,ERR,ERR,ERR,ERR,ERR,ERR,ERR,ERR,ERR,ERR,ERR,ERR,ERR,ERR,ERR,ERR,ERR,ERR,ERR,ERR,ERR,ERR,ERR,ERR,ERR,ERR,ERR,ERR,ERR,ERR,ERR,ERR,ERR,ERR,ERR,ERR,ERR,ERR,ERR,ERR,ERR,ERR,ERR,ERR,ERR,ERR,ERR,ERR,ERR,ERR,ERR,ERR,ERR,ERR,ERR,ERR,0.0,0.0,-0.0,-107609184.0,nan,1.3936040501711995e+18,7.805,0.0,0,0,4,48936,6720,14723890282496.0,100,0.0,0.0,0.0,2.718290229135658e+23,0.0,0,0,0,0,0.0,0,0,0,0,0,0,0,0,0,0,0,0,0,0,0,0,0,0,0,0,0,0,0,0,0,0,0,0,0,0,0,0,0,26,51,50,76,65476,0,300,0,0,8,21553,0.0,-107605600.0,0.0,0.0,0.0,0.0,0.0,0.0,0.0,0.0,0.0,0.0,0.0,0.0,0.0,0.0,0.0,0.0,0.0,0.0,0.0,0.0,-0.0,0.0,-0.0,-0.0,0.0,0.0,0.0,0.0,4826.0,0.0,7267.0,0.0,0.0,2.7184303811560617e+23,2.718431101732002e+23,0.0,0.0,0.0,0.0,77,-2.308840541793802e+20,0.0,0.0,0.0,0.0,0.0,0.0,0.0,0.0,0,0,0,0.0,0.0,0.0,0.0,0.0,0.0,0.0,0.0,0.0,0.0,0.0,0.0,0.0,0.0,0.0,0.0,0,-107875648.0,77,0.0,154,0.0,-101056864.0,ERR,ERR,ERR,ERR,ERR,ERR,ERR,ERR,ERR,ERR,ERR,ERR,ERR,ERR,ERR,ERR,ERR,ERR,ERR,ERR,ERR,ERR,ERR,ERR,ERR,ERR,ERR,ERR,ERR,ERR,ERR,ERR,ERR,ERR,ERR,ERR,ERR,ERR,ERR,ERR,ERR,ERR,ERR,ERR,ERR,ERR,ERR,ERR,ERR,ERR,ERR,ERR,ERR,ERR,ERR,ERR,ERR,ERR,ERR,ERR,ERR,ERR,ERR,ERR,ERR,ERR,ERR,34.0,80.0,35,0.0,0.0,0.0,0.0,0.0,0.0,0.0,0.0,0.0,0.0,0.0,0.0,0.0,0.0,0.0,0.0,65.6,0,120,58,53,65476,0,300,0,0,8,20529,65476,0,0,57672,80.0,0.0,0.0,0.0,0.0,0.0
2026-06-18T02:46:16,ERR,ERR,ERR,ERR,ERR,ERR,ERR,ERR,ERR,ERR,ERR,ERR,ERR,ERR,ERR,ERR,ERR,ERR,ERR,ERR,ERR,ERR,ERR,ERR,ERR,ERR,ERR,ERR,ERR,ERR,ERR,ERR,ERR,ERR,ERR,ERR,ERR,ERR,ERR,ERR,ERR,ERR,ERR,ERR,ERR,ERR,ERR,ERR,ERR,ERR,ERR,ERR,ERR,ERR,ERR,ERR,ERR,ERR,ERR,ERR,ERR,ERR,ERR,ERR,ERR,ERR,ERR,ERR,ERR,ERR,ERR,ERR,ERR,ERR,ERR,ERR,ERR,ERR,ERR,ERR,ERR,ERR,ERR,ERR,ERR,ERR,ERR,ERR,ERR,ERR,ERR,ERR,ERR,ERR,ERR,ERR,ERR,ERR,ERR,ERR,ERR,ERR,ERR,ERR,ERR,ERR,ERR,ERR,ERR,ERR,ERR,ERR,ERR,ERR,ERR,ERR,ERR,ERR,ERR,ERR,ERR,ERR,ERR,ERR,ERR,0.0,0.0,-0.0,-107609184.0,nan,1.3936040501711995e+18,7.805,0.0,0,0,4,48936,6720,14723890282496.0,100,0.0,0.0,0.0,2.718290229135658e+23,0.0,0,0,0,0,0.0,0,0,0,0,0,0,0,0,0,0,0,0,0,0,0,0,0,0,0,0,0,0,0,0,0,0,0,0,0,0,0,0,0,26,51,50,76,65476,0,300,0,0,8,21553,0.0,-107605600.0,0.0,0.0,0.0,0.0,0.0,0.0,0.0,0.0,0.0,0.0,0.0,0.0,0.0,0.0,0.0,0.0,0.0,0.0,0.0,0.0,-0.0,0.0,-0.0,-0.0,0.0,0.0,0.0,0.0,4826.0,0.0,7267.0,0.0,0.0,2.7184303811560617e+23,2.718431101732002e+23,0.0,0.0,0.0,0.0,77,-2.308840541793802e+20,0.0,0.0,0.0,0.0,0.0,0.0,0.0,0.0,0,0,0,0.0,0.0,0.0,0.0,0.0,0.0,0.0,0.0,0.0,0.0,0.0,0.0,0.0,0.0,0.0,0.0,0,-107875648.0,77,0.0,154,0.0,-101056864.0,ERR,ERR,ERR,ERR,ERR,ERR,ERR,ERR,ERR,ERR,ERR,ERR,ERR,ERR,ERR,ERR,ERR,ERR,ERR,ERR,ERR,ERR,ERR,ERR,ERR,ERR,ERR,ERR,ERR,ERR,ERR,ERR,ERR,ERR,ERR,ERR,ERR,ERR,ERR,ERR,ERR,ERR,ERR,ERR,ERR,ERR,ERR,ERR,ERR,ERR,ERR,ERR,ERR,ERR,ERR,ERR,ERR,ERR,ERR,ERR,ERR,ERR,ERR,ERR,ERR,ERR,ERR,34.0,80.0,35,0.0,0.0,0.0,0.0,0.0,0.0,0.0,0.0,0.0,0.0,0.0,0.0,0.0,0.0,0.0,0.0,65.6,0,120,58,53,65476,0,300,0,0,8,20529,65476,0,0,57672,80.0,0.0,0.0,0.0,0.0,0.0
2026-06-18T02:46:17,ERR,ERR,ERR,ERR,ERR,ERR,ERR,ERR,ERR,ERR,ERR,ERR,ERR,ERR,ERR,ERR,ERR,ERR,ERR,ERR,ERR,ERR,ERR,ERR,ERR,ERR,ERR,ERR,ERR,ERR,ERR,ERR,ERR,ERR,ERR,ERR,ERR,ERR,ERR,ERR,ERR,ERR,ERR,ERR,ERR,ERR,ERR,ERR,ERR,ERR,ERR,ERR,ERR,ERR,ERR,ERR,ERR,ERR,ERR,ERR,ERR,ERR,ERR,ERR,ERR,ERR,ERR,ERR,ERR,ERR,ERR,ERR,ERR,ERR,ERR,ERR,ERR,ERR,ERR,ERR,ERR,ERR,ERR,ERR,ERR,ERR,ERR,ERR,ERR,ERR,ERR,ERR,ERR,ERR,ERR,ERR,ERR,ERR,ERR,ERR,ERR,ERR,ERR,ERR,ERR,ERR,ERR,ERR,ERR,ERR,ERR,ERR,ERR,ERR,ERR,ERR,ERR,ERR,ERR,ERR,ERR,ERR,ERR,ERR,ERR,0.0,0.0,-0.0,0.059,nan,1.3936040501711995e+18,7.805,0.0,0,0,4,48927,6720,14723890282496.0,100,0.0,0.0,0.0,0.0,0.0,0,0,0,0,0.0,0,0,0,0,0,0,0,0,0,0,0,0,0,0,0,0,0,0,0,0,0,0,0,0,0,0,0,0,0,0,0,0,0,26,51,50,76,65476,0,300,0,0,8,21553,0.0,-107605600.0,0.0,0.0,0.0,0.0,0.0,0.0,0.0,0.0,0.0,0.0,0.0,0.0,0.0,0.0,0.0,0.0,0.0,0.0,0.0,0.0,-0.0,0.0,-0.0,-0.0,0.0,0.0,0.0,0.0,4829.0,0.0,7270.0,0.0,0.0,2.7184303811560617e+23,2.718431101732002e+23,0.0,0.0,0.0,0.0,77,-4.0668804810561766e+29,0.059,0.0,0.0,0.0,0.0,0.0,0.0,0.0,0,0,0,0.0,0.0,0.0,0.0,0.0,0.0,0.0,0.0,0.0,0.0,0.0,0.0,0.0,0.0,0.0,0.0,0,-107875648.0,77,0.0,154,0.0,-101056864.0,ERR,ERR,ERR,ERR,ERR,ERR,ERR,ERR,ERR,ERR,ERR,ERR,ERR,ERR,ERR,ERR,ERR,ERR,ERR,ERR,ERR,ERR,ERR,ERR,ERR,ERR,ERR,ERR,ERR,ERR,ERR,ERR,ERR,ERR,ERR,ERR,ERR,ERR,ERR,ERR,ERR,ERR,ERR,ERR,ERR,ERR,ERR,ERR,ERR,ERR,ERR,ERR,ERR,ERR,ERR,ERR,ERR,ERR,ERR,ERR,ERR,ERR,ERR,ERR,ERR,ERR,ERR,34.0,80.0,35,0.0,0.0,0.0,0.0,0.0,0.0,0.0,0.0,0.0,0.0,0.0,0.0,0.0,0.0,0.0,0.0,66.0,0,120,58,53,65476,0,300,0,0,8,20529,65476,0,0,57672,80.0,0.0,0.0,0.0,0.0,0.0
2026-06-18T02:46:18,ERR,ERR,ERR,ERR,ERR,ERR,ERR,ERR,ERR,ERR,ERR,ERR,ERR,ERR,ERR,ERR,ERR,ERR,ERR,ERR,ERR,ERR,ERR,ERR,ERR,ERR,ERR,ERR,ERR,ERR,ERR,ERR,ERR,ERR,ERR,ERR,ERR,ERR,ERR,ERR,ERR,ERR,ERR,ERR,ERR,ERR,ERR,ERR,ERR,ERR,ERR,ERR,ERR,ERR,ERR,ERR,ERR,ERR,ERR,ERR,ERR,ERR,ERR,ERR,ERR,ERR,ERR,ERR,ERR,ERR,ERR,ERR,ERR,ERR,ERR,ERR,ERR,ERR,ERR,ERR,ERR,ERR,ERR,ERR,ERR,ERR,ERR,ERR,ERR,ERR,ERR,ERR,ERR,ERR,ERR,ERR,ERR,ERR,ERR,ERR,ERR,ERR,ERR,ERR,ERR,ERR,ERR,ERR,ERR,ERR,ERR,ERR,ERR,ERR,ERR,ERR,ERR,ERR,ERR,ERR,ERR,ERR,ERR,ERR,ERR,0.0,0.0,-0.0,0.059,nan,1.3936040501711995e+18,7.805,0.0,0,0,4,48927,6720,14723890282496.0,100,0.0,0.0,0.0,0.0,0.0,0,0,0,0,0.0,0,0,0,0,0,0,0,0,0,0,0,0,0,0,0,0,0,0,0,0,0,0,0,0,0,0,0,0,0,0,0,0,0,26,51,50,76,65476,0,300,0,0,8,21553,0.0,-107605600.0,0.0,0.0,0.0,0.0,0.0,0.0,0.0,0.0,0.0,0.0,0.0,0.0,0.0,0.0,0.0,0.0,0.0,0.0,0.0,0.0,-0.0,0.0,-0.0,-0.0,0.0,0.0,0.0,0.0,4829.0,0.0,7270.0,0.0,0.0,2.7184303811560617e+23,2.718431101732002e+23,0.0,0.0,0.0,0.0,77,-4.0668804810561766e+29,0.059,0.0,0.0,0.0,0.0,0.0,0.0,0.0,0,0,0,0.0,0.0,0.0,0.0,0.0,0.0,0.0,0.0,0.0,0.0,0.0,0.0,0.0,0.0,0.0,0.0,0,-107875648.0,77,0.0,154,0.0,-101056864.0,ERR,ERR,ERR,ERR,ERR,ERR,ERR,ERR,ERR,ERR,ERR,ERR,ERR,ERR,ERR,ERR,ERR,ERR,ERR,ERR,ERR,ERR,ERR,ERR,ERR,ERR,ERR,ERR,ERR,ERR,ERR,ERR,ERR,ERR,ERR,ERR,ERR,ERR,ERR,ERR,ERR,ERR,ERR,ERR,ERR,ERR,ERR,ERR,ERR,ERR,ERR,ERR,ERR,ERR,ERR,ERR,ERR,ERR,ERR,ERR,ERR,ERR,ERR,ERR,ERR,ERR,ERR,34.0,80.0,35,0.0,0.0,0.0,0.0,0.0,0.0,0.0,0.0,0.0,0.0,0.0,0.0,0.0,0.0,0.0,0.0,66.0,0,120,58,53,65476,0,300,0,0,8,20529,65476,0,0,57672,80.0,0.0,0.0,0.0,0.0,0.0
2026-06-18T02:46:19,ERR,ERR,ERR,ERR,ERR,ERR,ERR,ERR,ERR,ERR,ERR,ERR,ERR,ERR,ERR,ERR,ERR,ERR,ERR,ERR,ERR,ERR,ERR,ERR,ERR,ERR,ERR,ERR,ERR,ERR,ERR,ERR,ERR,ERR,ERR,ERR,ERR,ERR,ERR,ERR,ERR,ERR,ERR,ERR,ERR,ERR,ERR,ERR,ERR,ERR,ERR,ERR,ERR,ERR,ERR,ERR,ERR,ERR,ERR,ERR,ERR,ERR,ERR,ERR,ERR,ERR,ERR,ERR,ERR,ERR,ERR,ERR,ERR,ERR,ERR,ERR,ERR,ERR,ERR,ERR,ERR,ERR,ERR,ERR,ERR,ERR,ERR,ERR,ERR,ERR,ERR,ERR,ERR,ERR,ERR,ERR,ERR,ERR,ERR,ERR,ERR,ERR,ERR,ERR,ERR,ERR,ERR,ERR,ERR,ERR,ERR,ERR,ERR,ERR,ERR,ERR,ERR,ERR,ERR,ERR,ERR,ERR,ERR,ERR,ERR,0.0,0.0,-0.0,0.059,nan,1.3936040501711995e+18,7.805,0.0,0,0,4,48927,6720,14723890282496.0,100,0.0,0.0,0.0,0.0,0.0,0,0,0,0,0.0,0,0,0,0,0,0,0,0,0,0,0,0,0,0,0,0,0,0,0,0,0,0,0,0,0,0,0,0,0,0,0,0,0,26,51,50,76,65476,0,300,0,0,8,21553,0.0,-107605600.0,0.0,0.0,0.0,0.0,0.0,0.0,0.0,0.0,0.0,0.0,0.0,0.0,0.0,0.0,0.0,0.0,0.0,0.0,0.0,0.0,-0.0,0.0,-0.0,-0.0,0.0,0.0,0.0,0.0,4829.0,0.0,7270.0,0.0,0.0,2.7184303811560617e+23,2.718431101732002e+23,0.0,0.0,0.0,0.0,77,-4.0668804810561766e+29,0.059,0.0,0.0,0.0,0.0,0.0,0.0,0.0,0,0,0,0.0,0.0,0.0,0.0,0.0,0.0,0.0,0.0,0.0,0.0,0.0,0.0,0.0,0.0,0.0,0.0,0,-107875648.0,77,0.0,154,0.0,-101056864.0,ERR,ERR,ERR,ERR,ERR,ERR,ERR,ERR,ERR,ERR,ERR,ERR,ERR,ERR,ERR,ERR,ERR,ERR,ERR,ERR,ERR,ERR,ERR,ERR,ERR,ERR,ERR,ERR,ERR,ERR,ERR,ERR,ERR,ERR,ERR,ERR,ERR,ERR,ERR,ERR,ERR,ERR,ERR,ERR,ERR,ERR,ERR,ERR,ERR,ERR,ERR,ERR,ERR,ERR,ERR,ERR,ERR,ERR,ERR,ERR,ERR,ERR,ERR,ERR,ERR,ERR,ERR,34.0,80.0,35,0.0,0.0,0.0,0.0,0.0,0.0,0.0,0.0,0.0,0.0,0.0,0.0,0.0,0.0,0.0,0.0,66.0,0,120,58,53,65476,0,300,0,0,8,20529,65476,0,0,57672,80.0,0.0,0.0,0.0,0.0,0.0
2026-06-18T02:46:20,ERR,ERR,ERR,ERR,ERR,ERR,ERR,ERR,ERR,ERR,ERR,ERR,ERR,ERR,ERR,ERR,ERR,ERR,ERR,ERR,ERR,ERR,ERR,ERR,ERR,ERR,ERR,ERR,ERR,ERR,ERR,ERR,ERR,ERR,ERR,ERR,ERR,ERR,ERR,ERR,ERR,ERR,ERR,ERR,ERR,ERR,ERR,ERR,ERR,ERR,ERR,ERR,ERR,ERR,ERR,ERR,ERR,ERR,ERR,ERR,ERR,ERR,ERR,ERR,ERR,ERR,ERR,ERR,ERR,ERR,ERR,ERR,ERR,ERR,ERR,ERR,ERR,ERR,ERR,ERR,ERR,ERR,ERR,ERR,ERR,ERR,ERR,ERR,ERR,ERR,ERR,ERR,ERR,ERR,ERR,ERR,ERR,ERR,ERR,ERR,ERR,ERR,ERR,ERR,ERR,ERR,ERR,ERR,ERR,ERR,ERR,ERR,ERR,ERR,ERR,ERR,ERR,ERR,ERR,ERR,ERR,ERR,ERR,ERR,ERR,0.0,0.0,-0.0,0.059,nan,1.3936040501711995e+18,7.805,0.0,0,0,4,48927,6720,14723890282496.0,100,0.0,0.0,0.0,0.0,0.0,0,0,0,0,0.0,0,0,0,0,0,0,0,0,0,0,0,0,0,0,0,0,0,0,0,0,0,0,0,0,0,0,0,0,0,0,0,0,0,26,51,50,76,65476,0,300,0,0,8,21553,0.0,-107605600.0,0.0,0.0,0.0,0.0,0.0,0.0,0.0,0.0,0.0,0.0,0.0,0.0,0.0,0.0,0.0,0.0,0.0,0.0,0.0,0.0,-0.0,0.0,-0.0,-0.0,0.0,0.0,0.0,0.0,4829.0,0.0,7270.0,0.0,0.0,2.7184303811560617e+23,2.718431101732002e+23,0.0,0.0,0.0,0.0,77,-4.0668804810561766e+29,0.059,0.0,0.0,0.0,0.0,0.0,0.0,0.0,0,0,0,0.0,0.0,0.0,0.0,0.0,0.0,0.0,0.0,0.0,0.0,0.0,0.0,0.0,0.0,0.0,0.0,0,-107875648.0,77,0.0,154,0.0,-101056864.0,ERR,ERR,ERR,ERR,ERR,ERR,ERR,ERR,ERR,ERR,ERR,ERR,ERR,ERR,ERR,ERR,ERR,ERR,ERR,ERR,ERR,ERR,ERR,ERR,ERR,ERR,ERR,ERR,ERR,ERR,ERR,ERR,ERR,ERR,ERR,ERR,ERR,ERR,ERR,ERR,ERR,ERR,ERR,ERR,ERR,ERR,ERR,ERR,ERR,ERR,ERR,ERR,ERR,ERR,ERR,ERR,ERR,ERR,ERR,ERR,ERR,ERR,ERR,ERR,ERR,ERR,ERR,34.0,80.0,35,0.0,0.0,0.0,0.0,0.0,0.0,0.0,0.0,0.0,0.0,0.0,0.0,0.0,0.0,0.0,0.0,66.0,0,120,58,53,65476,0,300,0,0,8,20529,65476,0,0,57672,80.0,0.0,0.0,0.0,0.0,0.0
2026-06-18T02:46:21,ERR,ERR,ERR,ERR,ERR,ERR,ERR,ERR,ERR,ERR,ERR,ERR,ERR,ERR,ERR,ERR,ERR,ERR,ERR,ERR,ERR,ERR,ERR,ERR,ERR,ERR,ERR,ERR,ERR,ERR,ERR,ERR,ERR,ERR,ERR,ERR,ERR,ERR,ERR,ERR,ERR,ERR,ERR,ERR,ERR,ERR,ERR,ERR,ERR,ERR,ERR,ERR,ERR,ERR,ERR,ERR,ERR,ERR,ERR,ERR,ERR,ERR,ERR,ERR,ERR,ERR,ERR,ERR,ERR,ERR,ERR,ERR,ERR,ERR,ERR,ERR,ERR,ERR,ERR,ERR,ERR,ERR,ERR,ERR,ERR,ERR,ERR,ERR,ERR,ERR,ERR,ERR,ERR,ERR,ERR,ERR,ERR,ERR,ERR,ERR,ERR,ERR,ERR,ERR,ERR,ERR,ERR,ERR,ERR,ERR,ERR,ERR,ERR,ERR,ERR,ERR,ERR,ERR,ERR,ERR,ERR,ERR,ERR,ERR,ERR,0.0,0.0,-0.0,0.059,nan,1.3936040501711995e+18,7.805,0.0,0,0,4,48927,6720,14723890282496.0,100,0.0,0.0,0.0,0.0,0.0,0,0,0,0,0.0,0,0,0,0,0,0,0,0,0,0,0,0,0,0,0,0,0,0,0,0,0,0,0,0,0,0,0,0,0,0,0,0,0,26,51,50,76,65476,0,300,0,0,8,21553,0.0,-107605600.0,0.0,0.0,0.0,0.0,0.0,0.0,0.0,0.0,0.0,0.0,0.0,0.0,0.0,0.0,0.0,0.0,0.0,0.0,0.0,0.0,-0.0,0.0,-0.0,-0.0,0.0,0.0,0.0,0.0,4829.0,0.0,7270.0,0.0,0.0,2.7184303811560617e+23,2.718431101732002e+23,0.0,0.0,0.0,0.0,77,-4.0668804810561766e+29,0.059,0.0,0.0,0.0,0.0,0.0,0.0,0.0,0,0,0,0.0,0.0,0.0,0.0,0.0,0.0,0.0,0.0,0.0,0.0,0.0,0.0,0.0,0.0,0.0,0.0,0,-107875648.0,77,0.0,154,0.0,-101056864.0,ERR,ERR,ERR,ERR,ERR,ERR,ERR,ERR,ERR,ERR,ERR,ERR,ERR,ERR,ERR,ERR,ERR,ERR,ERR,ERR,ERR,ERR,ERR,ERR,ERR,ERR,ERR,ERR,ERR,ERR,ERR,ERR,ERR,ERR,ERR,ERR,ERR,ERR,ERR,ERR,ERR,ERR,ERR,ERR,ERR,ERR,ERR,ERR,ERR,ERR,ERR,ERR,ERR,ERR,ERR,ERR,ERR,ERR,ERR,ERR,ERR,ERR,ERR,ERR,ERR,ERR,ERR,34.0,80.0,35,0.0,0.0,0.0,0.0,0.0,0.0,0.0,0.0,0.0,0.0,0.0,0.0,0.0,0.0,0.0,0.0,66.4,0,120,58,53,65476,0,300,0,0,8,20529,65476,0,0,57672,80.0,0.0,0.0,0.0,0.0,0.0
2026-06-18T02:46:22,ERR,ERR,ERR,ERR,ERR,ERR,ERR,ERR,ERR,ERR,ERR,ERR,ERR,ERR,ERR,ERR,ERR,ERR,ERR,ERR,ERR,ERR,ERR,ERR,ERR,ERR,ERR,ERR,ERR,ERR,ERR,ERR,ERR,ERR,ERR,ERR,ERR,ERR,ERR,ERR,ERR,ERR,ERR,ERR,ERR,ERR,ERR,ERR,ERR,ERR,ERR,ERR,ERR,ERR,ERR,ERR,ERR,ERR,ERR,ERR,ERR,ERR,ERR,ERR,ERR,ERR,ERR,ERR,ERR,ERR,ERR,ERR,ERR,ERR,ERR,ERR,ERR,ERR,ERR,ERR,ERR,ERR,ERR,ERR,ERR,ERR,ERR,ERR,ERR,ERR,ERR,ERR,ERR,ERR,ERR,ERR,ERR,ERR,ERR,ERR,ERR,ERR,ERR,ERR,ERR,ERR,ERR,ERR,ERR,ERR,ERR,ERR,ERR,ERR,ERR,ERR,ERR,ERR,ERR,ERR,ERR,ERR,ERR,ERR,ERR,0.0,0.0,-0.0,0.0,nan,1.3936040501711995e+18,7.805,118629576.0,0,0,4,48935,6720,14723890282496.0,100,0.0,0.0,0.0,0.0,0.0,0,0,0,0,0.0,0,0,0,0,0,0,0,0,0,0,0,0,0,0,0,0,0,0,0,0,0,0,0,0,0,0,0,0,0,0,0,0,0,26,51,50,76,65476,0,300,0,0,8,21553,0.0,-107605600.0,0.0,0.0,0.0,0.0,0.0,0.0,0.0,0.0,0.0,0.0,0.0,0.0,0.0,0.0,0.0,0.0,0.0,0.0,0.0,0.0,-0.0,0.0,-0.0,-0.0,0.0,0.0,0.0,0.0,4830.0,0.0,7269.0,0.0,0.0,2.7184303811560617e+23,2.718431101732002e+23,0.0,0.0,0.0,0.0,77,-4.950428984743027e+32,0.0,0.0,0.0,0.0,0.0,0.0,0.0,0.0,0,0,0,0.0,0.0,0.0,0.0,0.0,0.0,0.0,0.0,0.0,0.0,0.0,0.0,0.0,0.0,0.0,0.0,0,-107875648.0,77,0.0,154,0.0,-101056864.0,ERR,ERR,ERR,ERR,ERR,ERR,ERR,ERR,ERR,ERR,ERR,ERR,ERR,ERR,ERR,ERR,ERR,ERR,ERR,ERR,ERR,ERR,ERR,ERR,ERR,ERR,ERR,ERR,ERR,ERR,ERR,ERR,ERR,ERR,ERR,ERR,ERR,ERR,ERR,ERR,ERR,ERR,ERR,ERR,ERR,ERR,ERR,ERR,ERR,ERR,ERR,ERR,ERR,ERR,ERR,ERR,ERR,ERR,ERR,ERR,ERR,ERR,ERR,ERR,ERR,ERR,ERR,34.0,80.0,35,0.0,0.0,0.0,0.0,0.0,0.0,0.0,0.0,0.0,0.0,0.0,0.0,0.0,0.0,0.0,0.0,66.4,0,120,58,53,65476,0,300,0,0,8,20529,65476,0,0,57672,80.0,0.0,0.0,0.0,0.0,0.0
2026-06-18T02:46:23,ERR,ERR,ERR,ERR,ERR,ERR,ERR,ERR,ERR,ERR,ERR,ERR,ERR,ERR,ERR,ERR,ERR,ERR,ERR,ERR,ERR,ERR,ERR,ERR,ERR,ERR,ERR,ERR,ERR,ERR,ERR,ERR,ERR,ERR,ERR,ERR,ERR,ERR,ERR,ERR,ERR,ERR,ERR,ERR,ERR,ERR,ERR,ERR,ERR,ERR,ERR,ERR,ERR,ERR,ERR,ERR,ERR,ERR,ERR,ERR,ERR,ERR,ERR,ERR,ERR,ERR,ERR,ERR,ERR,ERR,ERR,ERR,ERR,ERR,ERR,ERR,ERR,ERR,ERR,ERR,ERR,ERR,ERR,ERR,ERR,ERR,ERR,ERR,ERR,ERR,ERR,ERR,ERR,ERR,ERR,ERR,ERR,ERR,ERR,ERR,ERR,ERR,ERR,ERR,ERR,ERR,ERR,ERR,ERR,ERR,ERR,ERR,ERR,ERR,ERR,ERR,ERR,ERR,ERR,ERR,ERR,ERR,ERR,ERR,ERR,0.0,0.0,-0.0,0.0,nan,1.3936040501711995e+18,7.805,118629576.0,0,0,4,48935,6720,14723890282496.0,100,0.0,0.0,0.0,0.0,0.0,0,0,0,0,0.0,0,0,0,0,0,0,0,0,0,0,0,0,0,0,0,0,0,0,0,0,0,0,0,0,0,0,0,0,0,0,0,0,0,26,51,50,76,65476,0,300,0,0,8,21553,0.0,-107605600.0,0.0,0.0,0.0,0.0,0.0,0.0,0.0,0.0,0.0,0.0,0.0,0.0,0.0,0.0,0.0,0.0,0.0,0.0,0.0,0.0,-0.0,0.0,-0.0,-0.0,0.0,0.0,0.0,0.0,4830.0,0.0,7269.0,0.0,0.0,2.7184303811560617e+23,2.718431101732002e+23,0.0,0.0,0.0,0.0,77,-4.950428984743027e+32,0.0,0.0,0.0,0.0,0.0,0.0,0.0,0.0,0,0,0,0.0,0.0,0.0,0.0,0.0,0.0,0.0,0.0,0.0,0.0,0.0,0.0,0.0,0.0,0.0,0.0,0,-107875648.0,77,0.0,154,0.0,-101056864.0,ERR,ERR,ERR,ERR,ERR,ERR,ERR,ERR,ERR,ERR,ERR,ERR,ERR,ERR,ERR,ERR,ERR,ERR,ERR,ERR,ERR,ERR,ERR,ERR,ERR,ERR,ERR,ERR,ERR,ERR,ERR,ERR,ERR,ERR,ERR,ERR,ERR,ERR,ERR,ERR,ERR,ERR,ERR,ERR,ERR,ERR,ERR,ERR,ERR,ERR,ERR,ERR,ERR,ERR,ERR,ERR,ERR,ERR,ERR,ERR,ERR,ERR,ERR,ERR,ERR,ERR,ERR,34.0,80.0,35,0.0,0.0,0.0,0.0,0.0,0.0,0.0,0.0,0.0,0.0,0.0,0.0,0.0,0.0,0.0,0.0,65.6,0,120,58,53,65476,0,300,0,0,8,20529,65476,0,0,57672,80.0,0.0,0.0,0.0,0.0,0.0
2026-06-18T02:46:24,ERR,ERR,ERR,ERR,ERR,ERR,ERR,ERR,ERR,ERR,ERR,ERR,ERR,ERR,ERR,ERR,ERR,ERR,ERR,ERR,ERR,ERR,ERR,ERR,ERR,ERR,ERR,ERR,ERR,ERR,ERR,ERR,ERR,ERR,ERR,ERR,ERR,ERR,ERR,ERR,ERR,ERR,ERR,ERR,ERR,ERR,ERR,ERR,ERR,ERR,ERR,ERR,ERR,ERR,ERR,ERR,ERR,ERR,ERR,ERR,ERR,ERR,ERR,ERR,ERR,ERR,ERR,ERR,ERR,ERR,ERR,ERR,ERR,ERR,ERR,ERR,ERR,ERR,ERR,ERR,ERR,ERR,ERR,ERR,ERR,ERR,ERR,ERR,ERR,ERR,ERR,ERR,ERR,ERR,ERR,ERR,ERR,ERR,ERR,ERR,ERR,ERR,ERR,ERR,ERR,ERR,ERR,ERR,ERR,ERR,ERR,ERR,ERR,ERR,ERR,ERR,ERR,ERR,ERR,ERR,ERR,ERR,ERR,ERR,ERR,0.0,0.0,-0.0,0.0,nan,1.3936040501711995e+18,7.805,118629576.0,0,0,4,48935,6720,14723890282496.0,100,0.0,0.0,0.0,0.0,0.0,0,0,0,0,0.0,0,0,0,0,0,0,0,0,0,0,0,0,0,0,0,0,0,0,0,0,0,0,0,0,0,0,0,0,0,0,0,0,0,26,51,50,76,65476,0,300,0,0,8,21553,0.0,-107605600.0,0.0,0.0,0.0,0.0,0.0,0.0,0.0,0.0,0.0,0.0,0.0,0.0,0.0,0.0,0.0,0.0,0.0,0.0,0.0,0.0,-0.0,0.0,-0.0,-0.0,0.0,0.0,0.0,0.0,4830.0,0.0,7269.0,0.0,0.0,2.7184303811560617e+23,2.718431101732002e+23,0.0,0.0,0.0,0.0,77,-4.950428984743027e+32,0.0,0.0,0.0,0.0,0.0,0.0,0.0,0.0,0,0,0,0.0,0.0,0.0,0.0,0.0,0.0,0.0,0.0,0.0,0.0,0.0,0.0,0.0,0.0,0.0,0.0,0,-107875648.0,77,0.0,154,0.0,-101056864.0,ERR,ERR,ERR,ERR,ERR,ERR,ERR,ERR,ERR,ERR,ERR,ERR,ERR,ERR,ERR,ERR,ERR,ERR,ERR,ERR,ERR,ERR,ERR,ERR,ERR,ERR,ERR,ERR,ERR,ERR,ERR,ERR,ERR,ERR,ERR,ERR,ERR,ERR,ERR,ERR,ERR,ERR,ERR,ERR,ERR,ERR,ERR,ERR,ERR,ERR,ERR,ERR,ERR,ERR,ERR,ERR,ERR,ERR,ERR,ERR,ERR,ERR,ERR,ERR,ERR,ERR,ERR,34.0,80.0,35,0.0,0.0,0.0,0.0,0.0,0.0,0.0,0.0,0.0,0.0,0.0,0.0,0.0,0.0,0.0,0.0,65.6,0,120,58,53,65476,0,300,0,0,8,20529,65476,0,0,57672,80.0,0.0,0.0,0.0,0.0,0.0
2026-06-18T02:46:25,ERR,ERR,ERR,ERR,ERR,ERR,ERR,ERR,ERR,ERR,ERR,ERR,ERR,ERR,ERR,ERR,ERR,ERR,ERR,ERR,ERR,ERR,ERR,ERR,ERR,ERR,ERR,ERR,ERR,ERR,ERR,ERR,ERR,ERR,ERR,ERR,ERR,ERR,ERR,ERR,ERR,ERR,ERR,ERR,ERR,ERR,ERR,ERR,ERR,ERR,ERR,ERR,ERR,ERR,ERR,ERR,ERR,ERR,ERR,ERR,ERR,ERR,ERR,ERR,ERR,ERR,ERR,ERR,ERR,ERR,ERR,ERR,ERR,ERR,ERR,ERR,ERR,ERR,ERR,ERR,ERR,ERR,ERR,ERR,ERR,ERR,ERR,ERR,ERR,ERR,ERR,ERR,ERR,ERR,ERR,ERR,ERR,ERR,ERR,ERR,ERR,ERR,ERR,ERR,ERR,ERR,ERR,ERR,ERR,ERR,ERR,ERR,ERR,ERR,ERR,ERR,ERR,ERR,ERR,ERR,ERR,ERR,ERR,ERR,ERR,0.0,0.0,-0.0,0.0,nan,1.3936040501711995e+18,7.805,118629576.0,0,0,4,48935,6720,14723890282496.0,100,0.0,0.0,0.0,0.0,0.0,0,0,0,0,0.0,0,0,0,0,0,0,0,0,0,0,0,0,0,0,0,0,0,0,0,0,0,0,0,0,0,0,0,0,0,0,0,0,0,26,51,50,76,65476,0,300,0,0,8,21553,0.0,-107605600.0,0.0,0.0,0.0,0.0,0.0,0.0,0.0,0.0,0.0,0.0,0.0,0.0,0.0,0.0,0.0,0.0,0.0,0.0,0.0,0.0,-0.0,0.0,-0.0,-0.0,0.0,0.0,0.0,0.0,4830.0,0.0,7269.0,0.0,0.0,2.7184303811560617e+23,2.718431101732002e+23,0.0,0.0,0.0,0.0,77,-4.950428984743027e+32,0.0,0.0,0.0,0.0,0.0,0.0,0.0,0.0,0,0,0,0.0,0.0,0.0,0.0,0.0,0.0,0.0,0.0,0.0,0.0,0.0,0.0,0.0,0.0,0.0,0.0,0,-107875648.0,77,0.0,154,0.0,-101056864.0,ERR,ERR,ERR,ERR,ERR,ERR,ERR,ERR,ERR,ERR,ERR,ERR,ERR,ERR,ERR,ERR,ERR,ERR,ERR,ERR,ERR,ERR,ERR,ERR,ERR,ERR,ERR,ERR,ERR,ERR,ERR,ERR,ERR,ERR,ERR,ERR,ERR,ERR,ERR,ERR,ERR,ERR,ERR,ERR,ERR,ERR,ERR,ERR,ERR,ERR,ERR,ERR,ERR,ERR,ERR,ERR,ERR,ERR,ERR,ERR,ERR,ERR,ERR,ERR,ERR,ERR,ERR,34.0,80.0,35,0.0,0.0,0.0,0.0,0.0,0.0,0.0,0.0,0.0,0.0,0.0,0.0,0.0,0.0,0.0,0.0,65.6,0,120,58,53,65476,0,300,0,0,8,20529,65476,0,0,57672,80.0,0.0,0.0,0.0,0.0,0.0
2026-06-18T02:46:26,ERR,ERR,ERR,ERR,ERR,ERR,ERR,ERR,ERR,ERR,ERR,ERR,ERR,ERR,ERR,ERR,ERR,ERR,ERR,ERR,ERR,ERR,ERR,ERR,ERR,ERR,ERR,ERR,ERR,ERR,ERR,ERR,ERR,ERR,ERR,ERR,ERR,ERR,ERR,ERR,ERR,ERR,ERR,ERR,ERR,ERR,ERR,ERR,ERR,ERR,ERR,ERR,ERR,ERR,ERR,ERR,ERR,ERR,ERR,ERR,ERR,ERR,ERR,ERR,ERR,ERR,ERR,ERR,ERR,ERR,ERR,ERR,ERR,ERR,ERR,ERR,ERR,ERR,ERR,ERR,ERR,ERR,ERR,ERR,ERR,ERR,ERR,ERR,ERR,ERR,ERR,ERR,ERR,ERR,ERR,ERR,ERR,ERR,ERR,ERR,ERR,ERR,ERR,ERR,ERR,ERR,ERR,ERR,ERR,ERR,ERR,ERR,ERR,ERR,ERR,ERR,ERR,ERR,ERR,ERR,ERR,ERR,ERR,ERR,ERR,0.0,0.0,-0.0,0.0,nan,1.3936040501711995e+18,7.805,118629576.0,0,0,4,48935,6720,14723890282496.0,100,0.0,0.0,0.0,0.0,0.0,0,0,0,0,0.0,0,0,0,0,0,0,0,0,0,0,0,0,0,0,0,0,0,0,0,0,0,0,0,0,0,0,0,0,0,0,0,0,0,26,51,50,76,65476,0,300,0,0,8,21553,0.0,-107605600.0,0.0,0.0,0.0,0.0,0.0,0.0,0.0,0.0,0.0,0.0,0.0,0.0,0.0,0.0,0.0,0.0,0.0,0.0,0.0,0.0,-0.0,0.0,-0.0,-0.0,0.0,0.0,0.0,0.0,4830.0,0.0,7269.0,0.0,0.0,2.7184303811560617e+23,2.718431101732002e+23,0.0,0.0,0.0,0.0,77,-4.950428984743027e+32,0.0,0.0,0.0,0.0,0.0,0.0,0.0,0.0,0,0,0,0.0,0.0,0.0,0.0,0.0,0.0,0.0,0.0,0.0,0.0,0.0,0.0,0.0,0.0,0.0,0.0,0,-107875648.0,77,0.0,154,0.0,-101056864.0,ERR,ERR,ERR,ERR,ERR,ERR,ERR,ERR,ERR,ERR,ERR,ERR,ERR,ERR,ERR,ERR,ERR,ERR,ERR,ERR,ERR,ERR,ERR,ERR,ERR,ERR,ERR,ERR,ERR,ERR,ERR,ERR,ERR,ERR,ERR,ERR,ERR,ERR,ERR,ERR,ERR,ERR,ERR,ERR,ERR,ERR,ERR,ERR,ERR,ERR,ERR,ERR,ERR,ERR,ERR,ERR,ERR,ERR,ERR,ERR,ERR,ERR,ERR,ERR,ERR,ERR,ERR,34.0,80.0,35,0.0,0.0,0.0,0.0,0.0,0.0,0.0,0.0,0.0,0.0,0.0,0.0,0.0,0.0,0.0,0.0,66.0,0,120,58,53,65476,0,300,0,0,8,20529,65476,0,0,57672,80.0,0.0,0.0,0.0,0.0,0.0
2026-06-18T02:46:27,ERR,ERR,ERR,ERR,ERR,ERR,ERR,ERR,ERR,ERR,ERR,ERR,ERR,ERR,ERR,ERR,ERR,ERR,ERR,ERR,ERR,ERR,ERR,ERR,ERR,ERR,ERR,ERR,ERR,ERR,ERR,ERR,ERR,ERR,ERR,ERR,ERR,ERR,ERR,ERR,ERR,ERR,ERR,ERR,ERR,ERR,ERR,ERR,ERR,ERR,ERR,ERR,ERR,ERR,ERR,ERR,ERR,ERR,ERR,ERR,ERR,ERR,ERR,ERR,ERR,ERR,ERR,ERR,ERR,ERR,ERR,ERR,ERR,ERR,ERR,ERR,ERR,ERR,ERR,ERR,ERR,ERR,ERR,ERR,ERR,ERR,ERR,ERR,ERR,ERR,ERR,ERR,ERR,ERR,ERR,ERR,ERR,ERR,ERR,ERR,ERR,ERR,ERR,ERR,ERR,ERR,ERR,ERR,ERR,ERR,ERR,ERR,ERR,ERR,ERR,ERR,ERR,ERR,ERR,ERR,ERR,ERR,ERR,ERR,ERR,0.0,0.0,-0.0,-0.0,nan,1.3936040501711995e+18,7.805,1.182,0,0,4,48933,6720,14723890282496.0,100,0.0,0.0,0.0,-0.0,0.0,0,0,0,0,0.0,0,0,0,0,0,0,0,0,0,0,0,0,0,0,0,0,0,0,0,0,0,0,0,0,0,0,0,0,0,0,0,0,0,26,51,50,76,65476,0,300,0,0,8,21553,0.0,-107605600.0,0.0,0.0,0.0,0.0,0.0,0.0,0.0,0.0,0.0,0.0,0.0,0.0,0.0,0.0,0.0,0.0,0.0,0.0,0.0,0.0,-0.0,0.0,-0.0,-0.0,0.0,0.0,0.0,0.0,4830.0,0.0,7235.0,0.0,0.0,2.7184303811560617e+23,2.718431101732002e+23,0.0,0.0,0.0,0.0,77,-4.950428984743027e+32,0.0,0.0,0.0,0.0,0.0,0.0,0.0,0.0,0,0,0,0.0,0.0,0.0,0.0,0.0,0.0,0.0,0.0,0.0,0.0,0.0,0.0,0.0,0.0,0.0,0.0,0,-107875648.0,77,0.0,154,0.0,-101056864.0,ERR,ERR,ERR,ERR,ERR,ERR,ERR,ERR,ERR,ERR,ERR,ERR,ERR,ERR,ERR,ERR,ERR,ERR,ERR,ERR,ERR,ERR,ERR,ERR,ERR,ERR,ERR,ERR,ERR,ERR,ERR,ERR,ERR,ERR,ERR,ERR,ERR,ERR,ERR,ERR,ERR,ERR,ERR,ERR,ERR,ERR,ERR,ERR,ERR,ERR,ERR,ERR,ERR,ERR,ERR,ERR,ERR,ERR,ERR,ERR,ERR,ERR,ERR,ERR,ERR,ERR,ERR,34.0,80.0,35,0.0,0.0,0.0,0.0,0.0,0.0,0.0,0.0,0.0,0.0,0.0,0.0,0.0,0.0,0.0,0.0,66.0,0,120,58,53,65476,0,300,0,0,8,20529,65476,0,0,57672,80.0,0.0,0.0,0.0,0.0,0.0
2026-06-18T02:46:28,ERR,ERR,ERR,ERR,ERR,ERR,ERR,ERR,ERR,ERR,ERR,ERR,ERR,ERR,ERR,ERR,ERR,ERR,ERR,ERR,ERR,ERR,ERR,ERR,ERR,ERR,ERR,ERR,ERR,ERR,ERR,ERR,ERR,ERR,ERR,ERR,ERR,ERR,ERR,ERR,ERR,ERR,ERR,ERR,ERR,ERR,ERR,ERR,ERR,ERR,ERR,ERR,ERR,ERR,ERR,ERR,ERR,ERR,ERR,ERR,ERR,ERR,ERR,ERR,ERR,ERR,ERR,ERR,ERR,ERR,ERR,ERR,ERR,ERR,ERR,ERR,ERR,ERR,ERR,ERR,ERR,ERR,ERR,ERR,ERR,ERR,ERR,ERR,ERR,ERR,ERR,ERR,ERR,ERR,ERR,ERR,ERR,ERR,ERR,ERR,ERR,ERR,ERR,ERR,ERR,ERR,ERR,ERR,ERR,ERR,ERR,ERR,ERR,ERR,ERR,ERR,ERR,ERR,ERR,ERR,ERR,ERR,ERR,ERR,ERR,0.0,0.0,-0.0,-0.0,nan,1.3936040501711995e+18,7.805,1.182,0,0,4,48933,6720,14723890282496.0,100,0.0,0.0,0.0,-0.0,0.0,0,0,0,0,0.0,0,0,0,0,0,0,0,0,0,0,0,0,0,0,0,0,0,0,0,0,0,0,0,0,0,0,0,0,0,0,0,0,0,26,51,50,76,65476,0,300,0,0,8,21553,0.0,-107605600.0,0.0,0.0,0.0,0.0,0.0,0.0,0.0,0.0,0.0,0.0,0.0,0.0,0.0,0.0,0.0,0.0,0.0,0.0,0.0,0.0,-0.0,0.0,-0.0,-0.0,0.0,0.0,0.0,0.0,4830.0,0.0,7235.0,0.0,0.0,2.7184303811560617e+23,2.718431101732002e+23,0.0,0.0,0.0,0.0,77,-4.950428984743027e+32,0.0,0.0,0.0,0.0,0.0,0.0,0.0,0.0,0,0,0,0.0,0.0,0.0,0.0,0.0,0.0,0.0,0.0,0.0,0.0,0.0,0.0,0.0,0.0,0.0,0.0,0,-107875648.0,77,0.0,154,0.0,-101056864.0,ERR,ERR,ERR,ERR,ERR,ERR,ERR,ERR,ERR,ERR,ERR,ERR,ERR,ERR,ERR,ERR,ERR,ERR,ERR,ERR,ERR,ERR,ERR,ERR,ERR,ERR,ERR,ERR,ERR,ERR,ERR,ERR,ERR,ERR,ERR,ERR,ERR,ERR,ERR,ERR,ERR,ERR,ERR,ERR,ERR,ERR,ERR,ERR,ERR,ERR,ERR,ERR,ERR,ERR,ERR,ERR,ERR,ERR,ERR,ERR,ERR,ERR,ERR,ERR,ERR,ERR,ERR,34.0,80.0,35,0.0,0.0,0.0,0.0,0.0,0.0,0.0,0.0,0.0,0.0,0.0,0.0,0.0,0.0,0.0,0.0,65.6,0,120,58,53,65476,0,300,0,0,8,20529,65476,0,0,57672,80.0,0.0,0.0,0.0,0.0,0.0
2026-06-18T02:46:29,ERR,ERR,ERR,ERR,ERR,ERR,ERR,ERR,ERR,ERR,ERR,ERR,ERR,ERR,ERR,ERR,ERR,ERR,ERR,ERR,ERR,ERR,ERR,ERR,ERR,ERR,ERR,ERR,ERR,ERR,ERR,ERR,ERR,ERR,ERR,ERR,ERR,ERR,ERR,ERR,ERR,ERR,ERR,ERR,ERR,ERR,ERR,ERR,ERR,ERR,ERR,ERR,ERR,ERR,ERR,ERR,ERR,ERR,ERR,ERR,ERR,ERR,ERR,ERR,ERR,ERR,ERR,ERR,ERR,ERR,ERR,ERR,ERR,ERR,ERR,ERR,ERR,ERR,ERR,ERR,ERR,ERR,ERR,ERR,ERR,ERR,ERR,ERR,ERR,ERR,ERR,ERR,ERR,ERR,ERR,ERR,ERR,ERR,ERR,ERR,ERR,ERR,ERR,ERR,ERR,ERR,ERR,ERR,ERR,ERR,ERR,ERR,ERR,ERR,ERR,ERR,ERR,ERR,ERR,ERR,ERR,ERR,ERR,ERR,ERR,0.0,0.0,-0.0,-0.0,nan,1.3936040501711995e+18,7.805,1.182,0,0,4,48933,6720,14723890282496.0,100,0.0,0.0,0.0,-0.0,0.0,0,0,0,0,0.0,0,0,0,0,0,0,0,0,0,0,0,0,0,0,0,0,0,0,0,0,0,0,0,0,0,0,0,0,0,0,0,0,0,26,51,50,76,65476,0,300,0,0,8,21553,0.0,-107605600.0,0.0,0.0,0.0,0.0,0.0,0.0,0.0,0.0,0.0,0.0,0.0,0.0,0.0,0.0,0.0,0.0,0.0,0.0,0.0,0.0,-0.0,0.0,-0.0,-0.0,0.0,0.0,0.0,0.0,4830.0,0.0,7235.0,0.0,0.0,2.7184303811560617e+23,2.718431101732002e+23,0.0,0.0,0.0,0.0,77,-4.950428984743027e+32,0.0,0.0,0.0,0.0,0.0,0.0,0.0,0.0,0,0,0,0.0,0.0,0.0,0.0,0.0,0.0,0.0,0.0,0.0,0.0,0.0,0.0,0.0,0.0,0.0,0.0,0,-107875648.0,77,0.0,154,0.0,-101056864.0,ERR,ERR,ERR,ERR,ERR,ERR,ERR,ERR,ERR,ERR,ERR,ERR,ERR,ERR,ERR,ERR,ERR,ERR,ERR,ERR,ERR,ERR,ERR,ERR,ERR,ERR,ERR,ERR,ERR,ERR,ERR,ERR,ERR,ERR,ERR,ERR,ERR,ERR,ERR,ERR,ERR,ERR,ERR,ERR,ERR,ERR,ERR,ERR,ERR,ERR,ERR,ERR,ERR,ERR,ERR,ERR,ERR,ERR,ERR,ERR,ERR,ERR,ERR,ERR,ERR,ERR,ERR,34.0,80.0,35,0.0,0.0,0.0,0.0,0.0,0.0,0.0,0.0,0.0,0.0,0.0,0.0,0.0,0.0,0.0,0.0,65.6,0,120,58,53,65476,0,300,0,0,8,20529,65476,0,0,57672,80.0,0.0,0.0,0.0,0.0,0.0
2026-06-18T02:46:30,ERR,ERR,ERR,ERR,ERR,ERR,ERR,ERR,ERR,ERR,ERR,ERR,ERR,ERR,ERR,ERR,ERR,ERR,ERR,ERR,ERR,ERR,ERR,ERR,ERR,ERR,ERR,ERR,ERR,ERR,ERR,ERR,ERR,ERR,ERR,ERR,ERR,ERR,ERR,ERR,ERR,ERR,ERR,ERR,ERR,ERR,ERR,ERR,ERR,ERR,ERR,ERR,ERR,ERR,ERR,ERR,ERR,ERR,ERR,ERR,ERR,ERR,ERR,ERR,ERR,ERR,ERR,ERR,ERR,ERR,ERR,ERR,ERR,ERR,ERR,ERR,ERR,ERR,ERR,ERR,ERR,ERR,ERR,ERR,ERR,ERR,ERR,ERR,ERR,ERR,ERR,ERR,ERR,ERR,ERR,ERR,ERR,ERR,ERR,ERR,ERR,ERR,ERR,ERR,ERR,ERR,ERR,ERR,ERR,ERR,ERR,ERR,ERR,ERR,ERR,ERR,ERR,ERR,ERR,ERR,ERR,ERR,ERR,ERR,ERR,0.0,0.0,-0.0,-0.0,nan,1.3936040501711995e+18,7.805,1.182,0,0,4,48933,6720,14723890282496.0,100,0.0,0.0,0.0,-0.0,0.0,0,0,0,0,0.0,0,0,0,0,0,0,0,0,0,0,0,0,0,0,0,0,0,0,0,0,0,0,0,0,0,0,0,0,0,0,0,0,0,26,51,50,76,65476,0,300,0,0,8,21553,0.0,-107605600.0,0.0,0.0,0.0,0.0,0.0,0.0,0.0,0.0,0.0,0.0,0.0,0.0,0.0,0.0,0.0,0.0,0.0,0.0,0.0,0.0,-0.0,0.0,-0.0,-0.0,0.0,0.0,0.0,0.0,4830.0,0.0,7235.0,0.0,0.0,2.7184303811560617e+23,2.718431101732002e+23,0.0,0.0,0.0,0.0,77,-4.950428984743027e+32,0.0,0.0,0.0,0.0,0.0,0.0,0.0,0.0,0,0,0,0.0,0.0,0.0,0.0,0.0,0.0,0.0,0.0,0.0,0.0,0.0,0.0,0.0,0.0,0.0,0.0,0,-107875648.0,77,0.0,154,0.0,-101056864.0,ERR,ERR,ERR,ERR,ERR,ERR,ERR,ERR,ERR,ERR,ERR,ERR,ERR,ERR,ERR,ERR,ERR,ERR,ERR,ERR,ERR,ERR,ERR,ERR,ERR,ERR,ERR,ERR,ERR,ERR,ERR,ERR,ERR,ERR,ERR,ERR,ERR,ERR,ERR,ERR,ERR,ERR,ERR,ERR,ERR,ERR,ERR,ERR,ERR,ERR,ERR,ERR,ERR,ERR,ERR,ERR,ERR,ERR,ERR,ERR,ERR,ERR,ERR,ERR,ERR,ERR,ERR,34.0,80.0,35,0.0,0.0,0.0,0.0,0.0,0.0,0.0,0.0,0.0,0.0,0.0,0.0,0.0,0.0,0.0,0.0,66.0,0,120,58,53,65476,0,300,0,0,8,20529,65476,0,0,57672,80.0,0.0,0.0,0.0,0.0,0.0
2026-06-18T02:46:31,ERR,ERR,ERR,ERR,ERR,ERR,ERR,ERR,ERR,ERR,ERR,ERR,ERR,ERR,ERR,ERR,ERR,ERR,ERR,ERR,ERR,ERR,ERR,ERR,ERR,ERR,ERR,ERR,ERR,ERR,ERR,ERR,ERR,ERR,ERR,ERR,ERR,ERR,ERR,ERR,ERR,ERR,ERR,ERR,ERR,ERR,ERR,ERR,ERR,ERR,ERR,ERR,ERR,ERR,ERR,ERR,ERR,ERR,ERR,ERR,ERR,ERR,ERR,ERR,ERR,ERR,ERR,ERR,ERR,ERR,ERR,ERR,ERR,ERR,ERR,ERR,ERR,ERR,ERR,ERR,ERR,ERR,ERR,ERR,ERR,ERR,ERR,ERR,ERR,ERR,ERR,ERR,ERR,ERR,ERR,ERR,ERR,ERR,ERR,ERR,ERR,ERR,ERR,ERR,ERR,ERR,ERR,ERR,ERR,ERR,ERR,ERR,ERR,ERR,ERR,ERR,ERR,ERR,ERR,ERR,ERR,ERR,ERR,ERR,ERR,0.0,0.0,-0.0,-0.0,nan,1.3936040501711995e+18,7.805,1.182,0,0,4,48933,6720,14723890282496.0,100,0.0,0.0,0.0,-0.0,0.0,0,0,0,0,0.0,0,0,0,0,0,0,0,0,0,0,0,0,0,0,0,0,0,0,0,0,0,0,0,0,0,0,0,0,0,0,0,0,0,26,51,50,76,65476,0,300,0,0,8,21553,0.0,-107605600.0,0.0,0.0,0.0,0.0,0.0,0.0,0.0,0.0,0.0,0.0,0.0,0.0,0.0,0.0,0.0,0.0,0.0,0.0,0.0,0.0,-0.0,0.0,-0.0,-0.0,0.0,0.0,0.0,0.0,4830.0,0.0,7235.0,0.0,0.0,2.7184303811560617e+23,2.718431101732002e+23,0.0,0.0,0.0,0.0,77,-4.950428984743027e+32,0.0,0.0,0.0,0.0,0.0,0.0,0.0,0.0,0,0,0,0.0,0.0,0.0,0.0,0.0,0.0,0.0,0.0,0.0,0.0,0.0,0.0,0.0,0.0,0.0,0.0,0,-107875648.0,77,0.0,154,0.0,-101056864.0,ERR,ERR,ERR,ERR,ERR,ERR,ERR,ERR,ERR,ERR,ERR,ERR,ERR,ERR,ERR,ERR,ERR,ERR,ERR,ERR,ERR,ERR,ERR,ERR,ERR,ERR,ERR,ERR,ERR,ERR,ERR,ERR,ERR,ERR,ERR,ERR,ERR,ERR,ERR,ERR,ERR,ERR,ERR,ERR,ERR,ERR,ERR,ERR,ERR,ERR,ERR,ERR,ERR,ERR,ERR,ERR,ERR,ERR,ERR,ERR,ERR,ERR,ERR,ERR,ERR,ERR,ERR,34.0,80.0,35,0.0,0.0,0.0,0.0,0.0,0.0,0.0,0.0,0.0,0.0,0.0,0.0,0.0,0.0,0.0,0.0,66.0,0,120,58,53,65476,0,300,0,0,8,20529,65476,0,0,57672,80.0,0.0,0.0,0.0,0.0,0.0
2026-06-18T02:46:32,ERR,ERR,ERR,ERR,ERR,ERR,ERR,ERR,ERR,ERR,ERR,ERR,ERR,ERR,ERR,ERR,ERR,ERR,ERR,ERR,ERR,ERR,ERR,ERR,ERR,ERR,ERR,ERR,ERR,ERR,ERR,ERR,ERR,ERR,ERR,ERR,ERR,ERR,ERR,ERR,ERR,ERR,ERR,ERR,ERR,ERR,ERR,ERR,ERR,ERR,ERR,ERR,ERR,ERR,ERR,ERR,ERR,ERR,ERR,ERR,ERR,ERR,ERR,ERR,ERR,ERR,ERR,ERR,ERR,ERR,ERR,ERR,ERR,ERR,ERR,ERR,ERR,ERR,ERR,ERR,ERR,ERR,ERR,ERR,ERR,ERR,ERR,ERR,ERR,ERR,ERR,ERR,ERR,ERR,ERR,ERR,ERR,ERR,ERR,ERR,ERR,ERR,ERR,ERR,ERR,ERR,ERR,ERR,ERR,ERR,ERR,ERR,ERR,ERR,ERR,ERR,ERR,ERR,ERR,ERR,ERR,ERR,ERR,ERR,ERR,0.0,0.0,-0.0,-0.0,nan,1.3936040501711995e+18,7.805,1.2122276757504e+16,0,0,4,48935,6720,14723890282496.0,100,0.0,0.0,0.0,-0.0,0.0,0,0,0,0,0.0,0,0,0,0,0,0,0,0,0,0,0,0,0,0,0,0,0,0,0,0,0,0,0,0,0,0,0,0,0,0,0,0,0,26,51,50,76,65476,0,300,0,0,8,21553,0.0,-107605600.0,0.0,0.0,0.0,0.0,0.0,0.0,0.0,0.0,0.0,0.0,0.0,0.0,0.0,0.0,0.0,0.0,0.0,0.0,0.0,0.0,-0.0,0.0,-0.0,-0.0,0.0,0.0,0.0,0.0,4828.0,0.0,7265.0,0.0,0.0,2.7184303811560617e+23,2.718431101732002e+23,0.0,0.0,0.0,0.0,77,-3.2220289616203523e+26,0.0,0.0,0.0,0.0,0.0,0.0,0.0,0.0,0,0,0,0.0,0.0,0.0,0.0,0.0,0.0,0.0,0.0,0.0,0.0,0.0,0.0,0.0,0.0,0.0,0.0,0,-107875648.0,77,0.0,154,0.0,-101056864.0,ERR,ERR,ERR,ERR,ERR,ERR,ERR,ERR,ERR,ERR,ERR,ERR,ERR,ERR,ERR,ERR,ERR,ERR,ERR,ERR,ERR,ERR,ERR,ERR,ERR,ERR,ERR,ERR,ERR,ERR,ERR,ERR,ERR,ERR,ERR,ERR,ERR,ERR,ERR,ERR,ERR,ERR,ERR,ERR,ERR,ERR,ERR,ERR,ERR,ERR,ERR,ERR,ERR,ERR,ERR,ERR,ERR,ERR,ERR,ERR,ERR,ERR,ERR,ERR,ERR,ERR,ERR,34.0,80.0,35,0.0,0.0,0.0,0.0,0.0,0.0,0.0,0.0,0.0,0.0,0.0,0.0,0.0,0.0,0.0,0.0,66.0,0,120,58,53,65476,0,300,0,0,8,20529,65476,0,0,57672,80.0,0.0,0.0,0.0,0.0,0.0
2026-06-18T02:46:33,ERR,ERR,ERR,ERR,ERR,ERR,ERR,ERR,ERR,ERR,ERR,ERR,ERR,ERR,ERR,ERR,ERR,ERR,ERR,ERR,ERR,ERR,ERR,ERR,ERR,ERR,ERR,ERR,ERR,ERR,ERR,ERR,ERR,ERR,ERR,ERR,ERR,ERR,ERR,ERR,ERR,ERR,ERR,ERR,ERR,ERR,ERR,ERR,ERR,ERR,ERR,ERR,ERR,ERR,ERR,ERR,ERR,ERR,ERR,ERR,ERR,ERR,ERR,ERR,ERR,ERR,ERR,ERR,ERR,ERR,ERR,ERR,ERR,ERR,ERR,ERR,ERR,ERR,ERR,ERR,ERR,ERR,ERR,ERR,ERR,ERR,ERR,ERR,ERR,ERR,ERR,ERR,ERR,ERR,ERR,ERR,ERR,ERR,ERR,ERR,ERR,ERR,ERR,ERR,ERR,ERR,ERR,ERR,ERR,ERR,ERR,ERR,ERR,ERR,ERR,ERR,ERR,ERR,ERR,ERR,ERR,ERR,ERR,ERR,ERR,0.0,0.0,-0.0,-0.0,nan,1.3936040501711995e+18,7.805,1.2122276757504e+16,0,0,4,48935,6720,14723890282496.0,100,0.0,0.0,0.0,-0.0,0.0,0,0,0,0,0.0,0,0,0,0,0,0,0,0,0,0,0,0,0,0,0,0,0,0,0,0,0,0,0,0,0,0,0,0,0,0,0,0,0,26,51,50,76,65476,0,300,0,0,8,21553,0.0,-107605600.0,0.0,0.0,0.0,0.0,0.0,0.0,0.0,0.0,0.0,0.0,0.0,0.0,0.0,0.0,0.0,0.0,0.0,0.0,0.0,0.0,-0.0,0.0,-0.0,-0.0,0.0,0.0,0.0,0.0,4828.0,0.0,7265.0,0.0,0.0,2.7184303811560617e+23,2.718431101732002e+23,0.0,0.0,0.0,0.0,77,-3.2220289616203523e+26,0.0,0.0,0.0,0.0,0.0,0.0,0.0,0.0,0,0,0,0.0,0.0,0.0,0.0,0.0,0.0,0.0,0.0,0.0,0.0,0.0,0.0,0.0,0.0,0.0,0.0,0,-107875648.0,77,0.0,154,0.0,-101056864.0,ERR,ERR,ERR,ERR,ERR,ERR,ERR,ERR,ERR,ERR,ERR,ERR,ERR,ERR,ERR,ERR,ERR,ERR,ERR,ERR,ERR,ERR,ERR,ERR,ERR,ERR,ERR,ERR,ERR,ERR,ERR,ERR,ERR,ERR,ERR,ERR,ERR,ERR,ERR,ERR,ERR,ERR,ERR,ERR,ERR,ERR,ERR,ERR,ERR,ERR,ERR,ERR,ERR,ERR,ERR,ERR,ERR,ERR,ERR,ERR,ERR,ERR,ERR,ERR,ERR,ERR,ERR,34.0,80.0,35,0.0,0.0,0.0,0.0,0.0,0.0,0.0,0.0,0.0,0.0,0.0,0.0,0.0,0.0,0.0,0.0,65.6,0,120,58,53,65476,0,300,0,0,8,20529,65476,0,0,57672,80.0,0.0,0.0,0.0,0.0,0.0
2026-06-18T02:46:34,ERR,ERR,ERR,ERR,ERR,ERR,ERR,ERR,ERR,ERR,ERR,ERR,ERR,ERR,ERR,ERR,ERR,ERR,ERR,ERR,ERR,ERR,ERR,ERR,ERR,ERR,ERR,ERR,ERR,ERR,ERR,ERR,ERR,ERR,ERR,ERR,ERR,ERR,ERR,ERR,ERR,ERR,ERR,ERR,ERR,ERR,ERR,ERR,ERR,ERR,ERR,ERR,ERR,ERR,ERR,ERR,ERR,ERR,ERR,ERR,ERR,ERR,ERR,ERR,ERR,ERR,ERR,ERR,ERR,ERR,ERR,ERR,ERR,ERR,ERR,ERR,ERR,ERR,ERR,ERR,ERR,ERR,ERR,ERR,ERR,ERR,ERR,ERR,ERR,ERR,ERR,ERR,ERR,ERR,ERR,ERR,ERR,ERR,ERR,ERR,ERR,ERR,ERR,ERR,ERR,ERR,ERR,ERR,ERR,ERR,ERR,ERR,ERR,ERR,ERR,ERR,ERR,ERR,ERR,ERR,ERR,ERR,ERR,ERR,ERR,0.0,0.0,-0.0,-0.0,nan,1.3936040501711995e+18,7.805,1.2122276757504e+16,0,0,4,48935,6720,14723890282496.0,100,0.0,0.0,0.0,-0.0,0.0,0,0,0,0,0.0,0,0,0,0,0,0,0,0,0,0,0,0,0,0,0,0,0,0,0,0,0,0,0,0,0,0,0,0,0,0,0,0,0,26,51,50,76,65476,0,300,0,0,8,21553,0.0,-107605600.0,0.0,0.0,0.0,0.0,0.0,0.0,0.0,0.0,0.0,0.0,0.0,0.0,0.0,0.0,0.0,0.0,0.0,0.0,0.0,0.0,-0.0,0.0,-0.0,-0.0,0.0,0.0,0.0,0.0,4828.0,0.0,7265.0,0.0,0.0,2.7184303811560617e+23,2.718431101732002e+23,0.0,0.0,0.0,0.0,77,-3.2220289616203523e+26,0.0,0.0,0.0,0.0,0.0,0.0,0.0,0.0,0,0,0,0.0,0.0,0.0,0.0,0.0,0.0,0.0,0.0,0.0,0.0,0.0,0.0,0.0,0.0,0.0,0.0,0,-107875648.0,77,0.0,154,0.0,-101056864.0,ERR,ERR,ERR,ERR,ERR,ERR,ERR,ERR,ERR,ERR,ERR,ERR,ERR,ERR,ERR,ERR,ERR,ERR,ERR,ERR,ERR,ERR,ERR,ERR,ERR,ERR,ERR,ERR,ERR,ERR,ERR,ERR,ERR,ERR,ERR,ERR,ERR,ERR,ERR,ERR,ERR,ERR,ERR,ERR,ERR,ERR,ERR,ERR,ERR,ERR,ERR,ERR,ERR,ERR,ERR,ERR,ERR,ERR,ERR,ERR,ERR,ERR,ERR,ERR,ERR,ERR,ERR,34.0,80.0,35,0.0,0.0,0.0,0.0,0.0,0.0,0.0,0.0,0.0,0.0,0.0,0.0,0.0,0.0,0.0,0.0,65.6,0,120,58,53,65476,0,300,0,0,8,20529,65476,0,0,57672,80.0,0.0,0.0,0.0,0.0,0.0
2026-06-18T02:46:35,ERR,ERR,ERR,ERR,ERR,ERR,ERR,ERR,ERR,ERR,ERR,ERR,ERR,ERR,ERR,ERR,ERR,ERR,ERR,ERR,ERR,ERR,ERR,ERR,ERR,ERR,ERR,ERR,ERR,ERR,ERR,ERR,ERR,ERR,ERR,ERR,ERR,ERR,ERR,ERR,ERR,ERR,ERR,ERR,ERR,ERR,ERR,ERR,ERR,ERR,ERR,ERR,ERR,ERR,ERR,ERR,ERR,ERR,ERR,ERR,ERR,ERR,ERR,ERR,ERR,ERR,ERR,ERR,ERR,ERR,ERR,ERR,ERR,ERR,ERR,ERR,ERR,ERR,ERR,ERR,ERR,ERR,ERR,ERR,ERR,ERR,ERR,ERR,ERR,ERR,ERR,ERR,ERR,ERR,ERR,ERR,ERR,ERR,ERR,ERR,ERR,ERR,ERR,ERR,ERR,ERR,ERR,ERR,ERR,ERR,ERR,ERR,ERR,ERR,ERR,ERR,ERR,ERR,ERR,ERR,ERR,ERR,ERR,ERR,ERR,0.0,0.0,-0.0,-0.0,nan,1.3936040501711995e+18,7.805,1.2122276757504e+16,0,0,4,48935,6720,14723890282496.0,100,0.0,0.0,0.0,-0.0,0.0,0,0,0,0,0.0,0,0,0,0,0,0,0,0,0,0,0,0,0,0,0,0,0,0,0,0,0,0,0,0,0,0,0,0,0,0,0,0,0,26,51,50,76,65476,0,300,0,0,8,21553,0.0,-107605600.0,0.0,0.0,0.0,0.0,0.0,0.0,0.0,0.0,0.0,0.0,0.0,0.0,0.0,0.0,0.0,0.0,0.0,0.0,0.0,0.0,-0.0,0.0,-0.0,-0.0,0.0,0.0,0.0,0.0,4828.0,0.0,7265.0,0.0,0.0,2.7184303811560617e+23,2.718431101732002e+23,0.0,0.0,0.0,0.0,77,-3.2220289616203523e+26,0.0,0.0,0.0,0.0,0.0,0.0,0.0,0.0,0,0,0,0.0,0.0,0.0,0.0,0.0,0.0,0.0,0.0,0.0,0.0,0.0,0.0,0.0,0.0,0.0,0.0,0,-107875648.0,77,0.0,154,0.0,-101056864.0,ERR,ERR,ERR,ERR,ERR,ERR,ERR,ERR,ERR,ERR,ERR,ERR,ERR,ERR,ERR,ERR,ERR,ERR,ERR,ERR,ERR,ERR,ERR,ERR,ERR,ERR,ERR,ERR,ERR,ERR,ERR,ERR,ERR,ERR,ERR,ERR,ERR,ERR,ERR,ERR,ERR,ERR,ERR,ERR,ERR,ERR,ERR,ERR,ERR,ERR,ERR,ERR,ERR,ERR,ERR,ERR,ERR,ERR,ERR,ERR,ERR,ERR,ERR,ERR,ERR,ERR,ERR,34.0,80.0,35,0.0,0.0,0.0,0.0,0.0,0.0,0.0,0.0,0.0,0.0,0.0,0.0,0.0,0.0,0.0,0.0,65.6,0,120,58,53,65476,0,300,0,0,8,20529,65476,0,0,57672,80.0,0.0,0.0,0.0,0.0,0.0
2026-06-18T02:46:36,ERR,ERR,ERR,ERR,ERR,ERR,ERR,ERR,ERR,ERR,ERR,ERR,ERR,ERR,ERR,ERR,ERR,ERR,ERR,ERR,ERR,ERR,ERR,ERR,ERR,ERR,ERR,ERR,ERR,ERR,ERR,ERR,ERR,ERR,ERR,ERR,ERR,ERR,ERR,ERR,ERR,ERR,ERR,ERR,ERR,ERR,ERR,ERR,ERR,ERR,ERR,ERR,ERR,ERR,ERR,ERR,ERR,ERR,ERR,ERR,ERR,ERR,ERR,ERR,ERR,ERR,ERR,ERR,ERR,ERR,ERR,ERR,ERR,ERR,ERR,ERR,ERR,ERR,ERR,ERR,ERR,ERR,ERR,ERR,ERR,ERR,ERR,ERR,ERR,ERR,ERR,ERR,ERR,ERR,ERR,ERR,ERR,ERR,ERR,ERR,ERR,ERR,ERR,ERR,ERR,ERR,ERR,ERR,ERR,ERR,ERR,ERR,ERR,ERR,ERR,ERR,ERR,ERR,ERR,ERR,ERR,ERR,ERR,ERR,ERR,0.0,0.0,-0.0,-0.0,nan,1.3936040501711995e+18,7.805,1.2122276757504e+16,0,0,4,48935,6720,14723890282496.0,100,0.0,0.0,0.0,-0.0,0.0,0,0,0,0,0.0,0,0,0,0,0,0,0,0,0,0,0,0,0,0,0,0,0,0,0,0,0,0,0,0,0,0,0,0,0,0,0,0,0,26,51,50,76,65476,0,300,0,0,8,21553,0.0,-107605600.0,0.0,0.0,0.0,0.0,0.0,0.0,0.0,0.0,0.0,0.0,0.0,0.0,0.0,0.0,0.0,0.0,0.0,0.0,0.0,0.0,-0.0,0.0,-0.0,-0.0,0.0,0.0,0.0,0.0,4828.0,0.0,7265.0,0.0,0.0,2.7184303811560617e+23,2.718431101732002e+23,0.0,0.0,0.0,0.0,77,-3.2220289616203523e+26,0.0,0.0,0.0,0.0,0.0,0.0,0.0,0.0,0,0,0,0.0,0.0,0.0,0.0,0.0,0.0,0.0,0.0,0.0,0.0,0.0,0.0,0.0,0.0,0.0,0.0,0,-107875648.0,77,0.0,154,0.0,-101056864.0,ERR,ERR,ERR,ERR,ERR,ERR,ERR,ERR,ERR,ERR,ERR,ERR,ERR,ERR,ERR,ERR,ERR,ERR,ERR,ERR,ERR,ERR,ERR,ERR,ERR,ERR,ERR,ERR,ERR,ERR,ERR,ERR,ERR,ERR,ERR,ERR,ERR,ERR,ERR,ERR,ERR,ERR,ERR,ERR,ERR,ERR,ERR,ERR,ERR,ERR,ERR,ERR,ERR,ERR,ERR,ERR,ERR,ERR,ERR,ERR,ERR,ERR,ERR,ERR,ERR,ERR,ERR,34.0,80.0,35,0.0,0.0,0.0,0.0,0.0,0.0,0.0,0.0,0.0,0.0,0.0,0.0,0.0,0.0,0.0,0.0,65.6,0,120,58,53,65476,0,300,0,0,8,20529,65476,0,0,57672,80.0,0.0,0.0,0.0,0.0,0.0
2026-06-18T02:46:37,ERR,ERR,ERR,ERR,ERR,ERR,ERR,ERR,ERR,ERR,ERR,ERR,ERR,ERR,ERR,ERR,ERR,ERR,ERR,ERR,ERR,ERR,ERR,ERR,ERR,ERR,ERR,ERR,ERR,ERR,ERR,ERR,ERR,ERR,ERR,ERR,ERR,ERR,ERR,ERR,ERR,ERR,ERR,ERR,ERR,ERR,ERR,ERR,ERR,ERR,ERR,ERR,ERR,ERR,ERR,ERR,ERR,ERR,ERR,ERR,ERR,ERR,ERR,ERR,ERR,ERR,ERR,ERR,ERR,ERR,ERR,ERR,ERR,ERR,ERR,ERR,ERR,ERR,ERR,ERR,ERR,ERR,ERR,ERR,ERR,ERR,ERR,ERR,ERR,ERR,ERR,ERR,ERR,ERR,ERR,ERR,ERR,ERR,ERR,ERR,ERR,ERR,ERR,ERR,ERR,ERR,ERR,ERR,ERR,ERR,ERR,ERR,ERR,ERR,ERR,ERR,ERR,ERR,ERR,ERR,ERR,ERR,ERR,ERR,ERR,0.0,0.0,-0.0,0.0,nan,1.3936040501711995e+18,7.805,118629576.0,0,0,4,48936,6720,14723890282496.0,100,0.0,0.0,0.0,2.718290229135658e+23,0.0,0,0,0,0,0.0,0,0,0,0,0,0,0,0,0,0,0,0,0,0,0,0,0,0,0,0,0,0,0,0,0,0,0,0,0,0,0,0,0,26,51,50,76,65476,0,300,0,0,8,21553,0.0,-107605600.0,0.0,0.0,0.0,0.0,0.0,0.0,0.0,0.0,0.0,0.0,0.0,0.0,0.0,0.0,0.0,0.0,0.0,0.0,0.0,0.0,-0.0,0.0,-0.0,-0.0,0.0,0.0,0.0,0.0,4828.0,0.0,7236.0,0.0,0.0,2.7184303811560617e+23,2.718431101732002e+23,0.0,0.0,0.0,0.0,77,-3.2220289616203523e+26,0.0,0.0,0.0,0.0,0.0,0.0,0.0,0.0,0,0,0,0.0,0.0,0.0,0.0,0.0,0.0,0.0,0.0,0.0,0.0,0.0,0.0,0.0,0.0,0.0,0.0,0,-107875648.0,77,0.0,154,0.0,-101056864.0,ERR,ERR,ERR,ERR,ERR,ERR,ERR,ERR,ERR,ERR,ERR,ERR,ERR,ERR,ERR,ERR,ERR,ERR,ERR,ERR,ERR,ERR,ERR,ERR,ERR,ERR,ERR,ERR,ERR,ERR,ERR,ERR,ERR,ERR,ERR,ERR,ERR,ERR,ERR,ERR,ERR,ERR,ERR,ERR,ERR,ERR,ERR,ERR,ERR,ERR,ERR,ERR,ERR,ERR,ERR,ERR,ERR,ERR,ERR,ERR,ERR,ERR,ERR,ERR,ERR,ERR,ERR,34.0,80.0,35,0.0,0.0,0.0,0.0,0.0,0.0,0.0,0.0,0.0,0.0,0.0,0.0,0.0,0.0,0.0,0.0,66.0,0,120,58,53,65476,0,300,0,0,8,20529,65476,0,0,57672,80.0,0.0,0.0,0.0,0.0,0.0
2026-06-18T02:46:38,ERR,ERR,ERR,ERR,ERR,ERR,ERR,ERR,ERR,ERR,ERR,ERR,ERR,ERR,ERR,ERR,ERR,ERR,ERR,ERR,ERR,ERR,ERR,ERR,ERR,ERR,ERR,ERR,ERR,ERR,ERR,ERR,ERR,ERR,ERR,ERR,ERR,ERR,ERR,ERR,ERR,ERR,ERR,ERR,ERR,ERR,ERR,ERR,ERR,ERR,ERR,ERR,ERR,ERR,ERR,ERR,ERR,ERR,ERR,ERR,ERR,ERR,ERR,ERR,ERR,ERR,ERR,ERR,ERR,ERR,ERR,ERR,ERR,ERR,ERR,ERR,ERR,ERR,ERR,ERR,ERR,ERR,ERR,ERR,ERR,ERR,ERR,ERR,ERR,ERR,ERR,ERR,ERR,ERR,ERR,ERR,ERR,ERR,ERR,ERR,ERR,ERR,ERR,ERR,ERR,ERR,ERR,ERR,ERR,ERR,ERR,ERR,ERR,ERR,ERR,ERR,ERR,ERR,ERR,ERR,ERR,ERR,ERR,ERR,ERR,0.0,0.0,-0.0,0.0,nan,1.3936040501711995e+18,7.805,118629576.0,0,0,4,48936,6720,14723890282496.0,100,0.0,0.0,0.0,2.718290229135658e+23,0.0,0,0,0,0,0.0,0,0,0,0,0,0,0,0,0,0,0,0,0,0,0,0,0,0,0,0,0,0,0,0,0,0,0,0,0,0,0,0,0,26,51,50,76,65476,0,300,0,0,8,21553,0.0,-107605600.0,0.0,0.0,0.0,0.0,0.0,0.0,0.0,0.0,0.0,0.0,0.0,0.0,0.0,0.0,0.0,0.0,0.0,0.0,0.0,0.0,-0.0,0.0,-0.0,-0.0,0.0,0.0,0.0,0.0,4828.0,0.0,7236.0,0.0,0.0,2.7184303811560617e+23,2.718431101732002e+23,0.0,0.0,0.0,0.0,77,-3.2220289616203523e+26,0.0,0.0,0.0,0.0,0.0,0.0,0.0,0.0,0,0,0,0.0,0.0,0.0,0.0,0.0,0.0,0.0,0.0,0.0,0.0,0.0,0.0,0.0,0.0,0.0,0.0,0,-107875648.0,77,0.0,154,0.0,-101056864.0,ERR,ERR,ERR,ERR,ERR,ERR,ERR,ERR,ERR,ERR,ERR,ERR,ERR,ERR,ERR,ERR,ERR,ERR,ERR,ERR,ERR,ERR,ERR,ERR,ERR,ERR,ERR,ERR,ERR,ERR,ERR,ERR,ERR,ERR,ERR,ERR,ERR,ERR,ERR,ERR,ERR,ERR,ERR,ERR,ERR,ERR,ERR,ERR,ERR,ERR,ERR,ERR,ERR,ERR,ERR,ERR,ERR,ERR,ERR,ERR,ERR,ERR,ERR,ERR,ERR,ERR,ERR,34.0,80.0,35,0.0,0.0,0.0,0.0,0.0,0.0,0.0,0.0,0.0,0.0,0.0,0.0,0.0,0.0,0.0,0.0,66.0,0,120,58,53,65476,0,300,0,0,8,20529,65476,0,0,57672,80.0,0.0,0.0,0.0,0.0,0.0
2026-06-18T02:46:39,ERR,ERR,ERR,ERR,ERR,ERR,ERR,ERR,ERR,ERR,ERR,ERR,ERR,ERR,ERR,ERR,ERR,ERR,ERR,ERR,ERR,ERR,ERR,ERR,ERR,ERR,ERR,ERR,ERR,ERR,ERR,ERR,ERR,ERR,ERR,ERR,ERR,ERR,ERR,ERR,ERR,ERR,ERR,ERR,ERR,ERR,ERR,ERR,ERR,ERR,ERR,ERR,ERR,ERR,ERR,ERR,ERR,ERR,ERR,ERR,ERR,ERR,ERR,ERR,ERR,ERR,ERR,ERR,ERR,ERR,ERR,ERR,ERR,ERR,ERR,ERR,ERR,ERR,ERR,ERR,ERR,ERR,ERR,ERR,ERR,ERR,ERR,ERR,ERR,ERR,ERR,ERR,ERR,ERR,ERR,ERR,ERR,ERR,ERR,ERR,ERR,ERR,ERR,ERR,ERR,ERR,ERR,ERR,ERR,ERR,ERR,ERR,ERR,ERR,ERR,ERR,ERR,ERR,ERR,ERR,ERR,ERR,ERR,ERR,ERR,0.0,0.0,-0.0,0.0,nan,1.3936040501711995e+18,7.805,118629576.0,0,0,4,48936,6720,14723890282496.0,100,0.0,0.0,0.0,2.718290229135658e+23,0.0,0,0,0,0,0.0,0,0,0,0,0,0,0,0,0,0,0,0,0,0,0,0,0,0,0,0,0,0,0,0,0,0,0,0,0,0,0,0,0,26,51,50,76,65476,0,300,0,0,8,21553,0.0,-107605600.0,0.0,0.0,0.0,0.0,0.0,0.0,0.0,0.0,0.0,0.0,0.0,0.0,0.0,0.0,0.0,0.0,0.0,0.0,0.0,0.0,-0.0,0.0,-0.0,-0.0,0.0,0.0,0.0,0.0,4828.0,0.0,7236.0,0.0,0.0,2.7184303811560617e+23,2.718431101732002e+23,0.0,0.0,0.0,0.0,77,-3.2220289616203523e+26,0.0,0.0,0.0,0.0,0.0,0.0,0.0,0.0,0,0,0,0.0,0.0,0.0,0.0,0.0,0.0,0.0,0.0,0.0,0.0,0.0,0.0,0.0,0.0,0.0,0.0,0,-107875648.0,77,0.0,154,0.0,-101056864.0,ERR,ERR,ERR,ERR,ERR,ERR,ERR,ERR,ERR,ERR,ERR,ERR,ERR,ERR,ERR,ERR,ERR,ERR,ERR,ERR,ERR,ERR,ERR,ERR,ERR,ERR,ERR,ERR,ERR,ERR,ERR,ERR,ERR,ERR,ERR,ERR,ERR,ERR,ERR,ERR,ERR,ERR,ERR,ERR,ERR,ERR,ERR,ERR,ERR,ERR,ERR,ERR,ERR,ERR,ERR,ERR,ERR,ERR,ERR,ERR,ERR,ERR,ERR,ERR,ERR,ERR,ERR,34.0,80.0,35,0.0,0.0,0.0,0.0,0.0,0.0,0.0,0.0,0.0,0.0,0.0,0.0,0.0,0.0,0.0,0.0,65.6,0,120,58,53,65476,0,300,0,0,8,20529,65476,0,0,57672,80.0,0.0,0.0,0.0,0.0,0.0
2026-06-18T02:46:40,ERR,ERR,ERR,ERR,ERR,ERR,ERR,ERR,ERR,ERR,ERR,ERR,ERR,ERR,ERR,ERR,ERR,ERR,ERR,ERR,ERR,ERR,ERR,ERR,ERR,ERR,ERR,ERR,ERR,ERR,ERR,ERR,ERR,ERR,ERR,ERR,ERR,ERR,ERR,ERR,ERR,ERR,ERR,ERR,ERR,ERR,ERR,ERR,ERR,ERR,ERR,ERR,ERR,ERR,ERR,ERR,ERR,ERR,ERR,ERR,ERR,ERR,ERR,ERR,ERR,ERR,ERR,ERR,ERR,ERR,ERR,ERR,ERR,ERR,ERR,ERR,ERR,ERR,ERR,ERR,ERR,ERR,ERR,ERR,ERR,ERR,ERR,ERR,ERR,ERR,ERR,ERR,ERR,ERR,ERR,ERR,ERR,ERR,ERR,ERR,ERR,ERR,ERR,ERR,ERR,ERR,ERR,ERR,ERR,ERR,ERR,ERR,ERR,ERR,ERR,ERR,ERR,ERR,ERR,ERR,ERR,ERR,ERR,ERR,ERR,0.0,0.0,-0.0,0.0,nan,1.3936040501711995e+18,7.805,118629576.0,0,0,4,48936,6720,14723890282496.0,100,0.0,0.0,0.0,2.718290229135658e+23,0.0,0,0,0,0,0.0,0,0,0,0,0,0,0,0,0,0,0,0,0,0,0,0,0,0,0,0,0,0,0,0,0,0,0,0,0,0,0,0,0,26,51,50,76,65476,0,300,0,0,8,21553,0.0,-107605600.0,0.0,0.0,0.0,0.0,0.0,0.0,0.0,0.0,0.0,0.0,0.0,0.0,0.0,0.0,0.0,0.0,0.0,0.0,0.0,0.0,-0.0,0.0,-0.0,-0.0,0.0,0.0,0.0,0.0,4828.0,0.0,7236.0,0.0,0.0,2.7184303811560617e+23,2.718431101732002e+23,0.0,0.0,0.0,0.0,77,-3.2220289616203523e+26,0.0,0.0,0.0,0.0,0.0,0.0,0.0,0.0,0,0,0,0.0,0.0,0.0,0.0,0.0,0.0,0.0,0.0,0.0,0.0,0.0,0.0,0.0,0.0,0.0,0.0,0,-107875648.0,77,0.0,154,0.0,-101056864.0,ERR,ERR,ERR,ERR,ERR,ERR,ERR,ERR,ERR,ERR,ERR,ERR,ERR,ERR,ERR,ERR,ERR,ERR,ERR,ERR,ERR,ERR,ERR,ERR,ERR,ERR,ERR,ERR,ERR,ERR,ERR,ERR,ERR,ERR,ERR,ERR,ERR,ERR,ERR,ERR,ERR,ERR,ERR,ERR,ERR,ERR,ERR,ERR,ERR,ERR,ERR,ERR,ERR,ERR,ERR,ERR,ERR,ERR,ERR,ERR,ERR,ERR,ERR,ERR,ERR,ERR,ERR,34.0,80.0,35,0.0,0.0,0.0,0.0,0.0,0.0,0.0,0.0,0.0,0.0,0.0,0.0,0.0,0.0,0.0,0.0,65.6,0,120,58,53,65476,0,300,0,0,8,20529,65476,0,0,57672,80.0,0.0,0.0,0.0,0.0,0.0
2026-06-18T02:46:41,ERR,ERR,ERR,ERR,ERR,ERR,ERR,ERR,ERR,ERR,ERR,ERR,ERR,ERR,ERR,ERR,ERR,ERR,ERR,ERR,ERR,ERR,ERR,ERR,ERR,ERR,ERR,ERR,ERR,ERR,ERR,ERR,ERR,ERR,ERR,ERR,ERR,ERR,ERR,ERR,ERR,ERR,ERR,ERR,ERR,ERR,ERR,ERR,ERR,ERR,ERR,ERR,ERR,ERR,ERR,ERR,ERR,ERR,ERR,ERR,ERR,ERR,ERR,ERR,ERR,ERR,ERR,ERR,ERR,ERR,ERR,ERR,ERR,ERR,ERR,ERR,ERR,ERR,ERR,ERR,ERR,ERR,ERR,ERR,ERR,ERR,ERR,ERR,ERR,ERR,ERR,ERR,ERR,ERR,ERR,ERR,ERR,ERR,ERR,ERR,ERR,ERR,ERR,ERR,ERR,ERR,ERR,ERR,ERR,ERR,ERR,ERR,ERR,ERR,ERR,ERR,ERR,ERR,ERR,ERR,ERR,ERR,ERR,ERR,ERR,0.0,0.0,-0.0,0.0,nan,1.3936040501711995e+18,7.805,118629576.0,0,0,4,48936,6720,14723890282496.0,100,0.0,0.0,0.0,2.718290229135658e+23,0.0,0,0,0,0,0.0,0,0,0,0,0,0,0,0,0,0,0,0,0,0,0,0,0,0,0,0,0,0,0,0,0,0,0,0,0,0,0,0,0,26,51,50,76,65476,0,300,0,0,8,21553,0.0,-107605600.0,0.0,0.0,0.0,0.0,0.0,0.0,0.0,0.0,0.0,0.0,0.0,0.0,0.0,0.0,0.0,0.0,0.0,0.0,0.0,0.0,-0.0,0.0,-0.0,-0.0,0.0,0.0,0.0,0.0,4828.0,0.0,7236.0,0.0,0.0,2.7184303811560617e+23,2.718431101732002e+23,0.0,0.0,0.0,0.0,77,-3.2220289616203523e+26,0.0,0.0,0.0,0.0,0.0,0.0,0.0,0.0,0,0,0,0.0,0.0,0.0,0.0,0.0,0.0,0.0,0.0,0.0,0.0,0.0,0.0,0.0,0.0,0.0,0.0,0,-107875648.0,77,0.0,154,0.0,-101056864.0,ERR,ERR,ERR,ERR,ERR,ERR,ERR,ERR,ERR,ERR,ERR,ERR,ERR,ERR,ERR,ERR,ERR,ERR,ERR,ERR,ERR,ERR,ERR,ERR,ERR,ERR,ERR,ERR,ERR,ERR,ERR,ERR,ERR,ERR,ERR,ERR,ERR,ERR,ERR,ERR,ERR,ERR,ERR,ERR,ERR,ERR,ERR,ERR,ERR,ERR,ERR,ERR,ERR,ERR,ERR,ERR,ERR,ERR,ERR,ERR,ERR,ERR,ERR,ERR,ERR,ERR,ERR,34.0,80.0,35,0.0,0.0,0.0,0.0,0.0,0.0,0.0,0.0,0.0,0.0,0.0,0.0,0.0,0.0,0.0,0.0,65.6,0,120,58,53,65476,0,300,0,0,8,20529,65476,0,0,57672,80.0,0.0,0.0,0.0,0.0,0.0
2026-06-18T02:46:42,ERR,ERR,ERR,ERR,ERR,ERR,ERR,ERR,ERR,ERR,ERR,ERR,ERR,ERR,ERR,ERR,ERR,ERR,ERR,ERR,ERR,ERR,ERR,ERR,ERR,ERR,ERR,ERR,ERR,ERR,ERR,ERR,ERR,ERR,ERR,ERR,ERR,ERR,ERR,ERR,ERR,ERR,ERR,ERR,ERR,ERR,ERR,ERR,ERR,ERR,ERR,ERR,ERR,ERR,ERR,ERR,ERR,ERR,ERR,ERR,ERR,ERR,ERR,ERR,ERR,ERR,ERR,ERR,ERR,ERR,ERR,ERR,ERR,ERR,ERR,ERR,ERR,ERR,ERR,ERR,ERR,ERR,ERR,ERR,ERR,ERR,ERR,ERR,ERR,ERR,ERR,ERR,ERR,ERR,ERR,ERR,ERR,ERR,ERR,ERR,ERR,ERR,ERR,ERR,ERR,ERR,ERR,ERR,ERR,ERR,ERR,ERR,ERR,ERR,ERR,ERR,ERR,ERR,ERR,ERR,ERR,ERR,ERR,ERR,ERR,0.0,0.0,-0.0,0.0,nan,1.3936040501711995e+18,7.805,118629576.0,0,0,4,48936,6720,14723890282496.0,100,0.0,0.0,0.0,2.718290229135658e+23,0.0,0,0,0,0,0.0,0,0,0,0,0,0,0,0,0,0,0,0,0,0,0,0,0,0,0,0,0,0,0,0,0,0,0,0,0,0,0,0,0,26,51,50,76,65476,0,300,0,0,8,21553,0.0,-107605600.0,0.0,0.0,0.0,0.0,0.0,0.0,0.0,0.0,0.0,0.0,0.0,0.0,0.0,0.0,0.0,0.0,0.0,0.0,0.0,0.0,-0.0,0.0,-0.0,-0.0,0.0,0.0,0.0,0.0,4828.0,0.0,7236.0,0.0,0.0,2.7184303811560617e+23,2.718431101732002e+23,0.0,0.0,0.0,0.0,77,-3.2220289616203523e+26,0.0,0.0,0.0,0.0,0.0,0.0,0.0,0.0,0,0,0,0.0,0.0,0.0,0.0,0.0,0.0,0.0,0.0,0.0,0.0,0.0,0.0,0.0,0.0,0.0,0.0,0,-107875648.0,77,0.0,154,0.0,-101056864.0,ERR,ERR,ERR,ERR,ERR,ERR,ERR,ERR,ERR,ERR,ERR,ERR,ERR,ERR,ERR,ERR,ERR,ERR,ERR,ERR,ERR,ERR,ERR,ERR,ERR,ERR,ERR,ERR,ERR,ERR,ERR,ERR,ERR,ERR,ERR,ERR,ERR,ERR,ERR,ERR,ERR,ERR,ERR,ERR,ERR,ERR,ERR,ERR,ERR,ERR,ERR,ERR,ERR,ERR,ERR,ERR,ERR,ERR,ERR,ERR,ERR,ERR,ERR,ERR,ERR,ERR,ERR,34.0,80.0,35,0.0,0.0,0.0,0.0,0.0,0.0,0.0,0.0,0.0,0.0,0.0,0.0,0.0,0.0,0.0,0.0,65.6,0,120,58,53,65476,0,300,0,0,8,20529,65476,0,0,57672,80.0,0.0,0.0,0.0,0.0,0.0
2026-06-18T02:46:43,ERR,ERR,ERR,ERR,ERR,ERR,ERR,ERR,ERR,ERR,ERR,ERR,ERR,ERR,ERR,ERR,ERR,ERR,ERR,ERR,ERR,ERR,ERR,ERR,ERR,ERR,ERR,ERR,ERR,ERR,ERR,ERR,ERR,ERR,ERR,ERR,ERR,ERR,ERR,ERR,ERR,ERR,ERR,ERR,ERR,ERR,ERR,ERR,ERR,ERR,ERR,ERR,ERR,ERR,ERR,ERR,ERR,ERR,ERR,ERR,ERR,ERR,ERR,ERR,ERR,ERR,ERR,ERR,ERR,ERR,ERR,ERR,ERR,ERR,ERR,ERR,ERR,ERR,ERR,ERR,ERR,ERR,ERR,ERR,ERR,ERR,ERR,ERR,ERR,ERR,ERR,ERR,ERR,ERR,ERR,ERR,ERR,ERR,ERR,ERR,ERR,ERR,ERR,ERR,ERR,ERR,ERR,ERR,ERR,ERR,ERR,ERR,ERR,ERR,ERR,ERR,ERR,ERR,ERR,ERR,ERR,ERR,ERR,ERR,ERR,0.0,0.0,-0.0,0.0,nan,1.3936040501711995e+18,7.805,118629576.0,0,0,4,48930,6720,14723890282496.0,100,0.0,0.0,0.0,0.0,0.0,0,0,0,0,0.0,0,0,0,0,0,0,0,0,0,0,0,0,0,0,0,0,0,0,0,0,0,0,0,0,0,0,0,0,0,0,0,0,0,26,51,50,76,65476,0,300,0,0,8,21553,0.0,-107605600.0,0.0,0.0,0.0,0.0,0.0,0.0,0.0,0.0,0.0,0.0,0.0,0.0,0.0,0.0,0.0,0.0,0.0,0.0,0.0,0.0,-0.0,0.0,-0.0,-0.0,0.0,0.0,0.0,0.0,4829.0,8608176128.0,7274.0,2.7184312818759872e+23,0.0,-0.0,2.718431101732002e+23,0.0,0.0,0.0,0.0,77,-4.0668804810561766e+29,2.718415969637254e+23,0.0,0.0,0.0,0.0,0.0,0.0,0.0,0,0,0,0.0,0.0,0.0,0.0,0.0,0.0,0.0,0.0,0.0,0.0,0.0,0.0,0.0,0.0,0.0,0.0,0,-107875648.0,77,0.0,154,0.0,-101056864.0,ERR,ERR,ERR,ERR,ERR,ERR,ERR,ERR,ERR,ERR,ERR,ERR,ERR,ERR,ERR,ERR,ERR,ERR,ERR,ERR,ERR,ERR,ERR,ERR,ERR,ERR,ERR,ERR,ERR,ERR,ERR,ERR,ERR,ERR,ERR,ERR,ERR,ERR,ERR,ERR,ERR,ERR,ERR,ERR,ERR,ERR,ERR,ERR,ERR,ERR,ERR,ERR,ERR,ERR,ERR,ERR,ERR,ERR,ERR,ERR,ERR,ERR,ERR,ERR,ERR,ERR,ERR,34.0,80.0,35,0.0,0.0,0.0,0.0,0.0,0.0,0.0,0.0,0.0,0.0,0.0,0.0,0.0,0.0,0.0,0.0,65.6,0,120,58,53,65476,0,300,0,0,8,20529,65476,0,0,57672,80.0,0.0,0.0,0.0,0.0,0.0
2026-06-18T02:46:44,ERR,ERR,ERR,ERR,ERR,ERR,ERR,ERR,ERR,ERR,ERR,ERR,ERR,ERR,ERR,ERR,ERR,ERR,ERR,ERR,ERR,ERR,ERR,ERR,ERR,ERR,ERR,ERR,ERR,ERR,ERR,ERR,ERR,ERR,ERR,ERR,ERR,ERR,ERR,ERR,ERR,ERR,ERR,ERR,ERR,ERR,ERR,ERR,ERR,ERR,ERR,ERR,ERR,ERR,ERR,ERR,ERR,ERR,ERR,ERR,ERR,ERR,ERR,ERR,ERR,ERR,ERR,ERR,ERR,ERR,ERR,ERR,ERR,ERR,ERR,ERR,ERR,ERR,ERR,ERR,ERR,ERR,ERR,ERR,ERR,ERR,ERR,ERR,ERR,ERR,ERR,ERR,ERR,ERR,ERR,ERR,ERR,ERR,ERR,ERR,ERR,ERR,ERR,ERR,ERR,ERR,ERR,ERR,ERR,ERR,ERR,ERR,ERR,ERR,ERR,ERR,ERR,ERR,ERR,ERR,ERR,ERR,ERR,ERR,ERR,0.0,0.0,-0.0,0.0,nan,1.3936040501711995e+18,7.805,118629576.0,0,0,4,48930,6720,14723890282496.0,100,0.0,0.0,0.0,0.0,0.0,0,0,0,0,0.0,0,0,0,0,0,0,0,0,0,0,0,0,0,0,0,0,0,0,0,0,0,0,0,0,0,0,0,0,0,0,0,0,0,26,51,50,76,65476,0,300,0,0,8,21553,0.0,-107605600.0,0.0,0.0,0.0,0.0,0.0,0.0,0.0,0.0,0.0,0.0,0.0,0.0,0.0,0.0,0.0,0.0,0.0,0.0,0.0,0.0,-0.0,0.0,-0.0,-0.0,0.0,0.0,0.0,0.0,4829.0,8608176128.0,7274.0,2.7184312818759872e+23,0.0,-0.0,2.718431101732002e+23,0.0,0.0,0.0,0.0,77,-4.0668804810561766e+29,2.718415969637254e+23,0.0,0.0,0.0,0.0,0.0,0.0,0.0,0,0,0,0.0,0.0,0.0,0.0,0.0,0.0,0.0,0.0,0.0,0.0,0.0,0.0,0.0,0.0,0.0,0.0,0,-107875648.0,77,0.0,154,0.0,-101056864.0,ERR,ERR,ERR,ERR,ERR,ERR,ERR,ERR,ERR,ERR,ERR,ERR,ERR,ERR,ERR,ERR,ERR,ERR,ERR,ERR,ERR,ERR,ERR,ERR,ERR,ERR,ERR,ERR,ERR,ERR,ERR,ERR,ERR,ERR,ERR,ERR,ERR,ERR,ERR,ERR,ERR,ERR,ERR,ERR,ERR,ERR,ERR,ERR,ERR,ERR,ERR,ERR,ERR,ERR,ERR,ERR,ERR,ERR,ERR,ERR,ERR,ERR,ERR,ERR,ERR,ERR,ERR,34.0,80.0,35,0.0,0.0,0.0,0.0,0.0,0.0,0.0,0.0,0.0,0.0,0.0,0.0,0.0,0.0,0.0,0.0,66.0,0,120,58,53,65476,0,300,0,0,8,20529,65476,0,0,57672,80.0,0.0,0.0,0.0,0.0,0.0
2026-06-18T02:46:45,ERR,ERR,ERR,ERR,ERR,ERR,ERR,ERR,ERR,ERR,ERR,ERR,ERR,ERR,ERR,ERR,ERR,ERR,ERR,ERR,ERR,ERR,ERR,ERR,ERR,ERR,ERR,ERR,ERR,ERR,ERR,ERR,ERR,ERR,ERR,ERR,ERR,ERR,ERR,ERR,ERR,ERR,ERR,ERR,ERR,ERR,ERR,ERR,ERR,ERR,ERR,ERR,ERR,ERR,ERR,ERR,ERR,ERR,ERR,ERR,ERR,ERR,ERR,ERR,ERR,ERR,ERR,ERR,ERR,ERR,ERR,ERR,ERR,ERR,ERR,ERR,ERR,ERR,ERR,ERR,ERR,ERR,ERR,ERR,ERR,ERR,ERR,ERR,ERR,ERR,ERR,ERR,ERR,ERR,ERR,ERR,ERR,ERR,ERR,ERR,ERR,ERR,ERR,ERR,ERR,ERR,ERR,ERR,ERR,ERR,ERR,ERR,ERR,ERR,ERR,ERR,ERR,ERR,ERR,ERR,ERR,ERR,ERR,ERR,ERR,0.0,0.0,-0.0,0.0,nan,1.3936040501711995e+18,7.805,118629576.0,0,0,4,48930,6720,14723890282496.0,100,0.0,0.0,0.0,0.0,0.0,0,0,0,0,0.0,0,0,0,0,0,0,0,0,0,0,0,0,0,0,0,0,0,0,0,0,0,0,0,0,0,0,0,0,0,0,0,0,0,26,51,50,76,65476,0,300,0,0,8,21553,0.0,-107605600.0,0.0,0.0,0.0,0.0,0.0,0.0,0.0,0.0,0.0,0.0,0.0,0.0,0.0,0.0,0.0,0.0,0.0,0.0,0.0,0.0,-0.0,0.0,-0.0,-0.0,0.0,0.0,0.0,0.0,4829.0,8608176128.0,7274.0,2.7184312818759872e+23,0.0,-0.0,2.718431101732002e+23,0.0,0.0,0.0,0.0,77,-4.0668804810561766e+29,2.718415969637254e+23,0.0,0.0,0.0,0.0,0.0,0.0,0.0,0,0,0,0.0,0.0,0.0,0.0,0.0,0.0,0.0,0.0,0.0,0.0,0.0,0.0,0.0,0.0,0.0,0.0,0,-107875648.0,77,0.0,154,0.0,-101056864.0,ERR,ERR,ERR,ERR,ERR,ERR,ERR,ERR,ERR,ERR,ERR,ERR,ERR,ERR,ERR,ERR,ERR,ERR,ERR,ERR,ERR,ERR,ERR,ERR,ERR,ERR,ERR,ERR,ERR,ERR,ERR,ERR,ERR,ERR,ERR,ERR,ERR,ERR,ERR,ERR,ERR,ERR,ERR,ERR,ERR,ERR,ERR,ERR,ERR,ERR,ERR,ERR,ERR,ERR,ERR,ERR,ERR,ERR,ERR,ERR,ERR,ERR,ERR,ERR,ERR,ERR,ERR,34.0,80.0,35,0.0,0.0,0.0,0.0,0.0,0.0,0.0,0.0,0.0,0.0,0.0,0.0,0.0,0.0,0.0,0.0,66.0,0,120,58,53,65476,0,300,0,0,8,20529,65476,0,0,57672,80.0,0.0,0.0,0.0,0.0,0.0
2026-06-18T02:46:46,ERR,ERR,ERR,ERR,ERR,ERR,ERR,ERR,ERR,ERR,ERR,ERR,ERR,ERR,ERR,ERR,ERR,ERR,ERR,ERR,ERR,ERR,ERR,ERR,ERR,ERR,ERR,ERR,ERR,ERR,ERR,ERR,ERR,ERR,ERR,ERR,ERR,ERR,ERR,ERR,ERR,ERR,ERR,ERR,ERR,ERR,ERR,ERR,ERR,ERR,ERR,ERR,ERR,ERR,ERR,ERR,ERR,ERR,ERR,ERR,ERR,ERR,ERR,ERR,ERR,ERR,ERR,ERR,ERR,ERR,ERR,ERR,ERR,ERR,ERR,ERR,ERR,ERR,ERR,ERR,ERR,ERR,ERR,ERR,ERR,ERR,ERR,ERR,ERR,ERR,ERR,ERR,ERR,ERR,ERR,ERR,ERR,ERR,ERR,ERR,ERR,ERR,ERR,ERR,ERR,ERR,ERR,ERR,ERR,ERR,ERR,ERR,ERR,ERR,ERR,ERR,ERR,ERR,ERR,ERR,ERR,ERR,ERR,ERR,ERR,0.0,0.0,-0.0,0.0,nan,1.3936040501711995e+18,7.805,118629576.0,0,0,4,48930,6720,14723890282496.0,100,0.0,0.0,0.0,0.0,0.0,0,0,0,0,0.0,0,0,0,0,0,0,0,0,0,0,0,0,0,0,0,0,0,0,0,0,0,0,0,0,0,0,0,0,0,0,0,0,0,26,51,50,76,65476,0,300,0,0,8,21553,0.0,-107605600.0,0.0,0.0,0.0,0.0,0.0,0.0,0.0,0.0,0.0,0.0,0.0,0.0,0.0,0.0,0.0,0.0,0.0,0.0,0.0,0.0,-0.0,0.0,-0.0,-0.0,0.0,0.0,0.0,0.0,4829.0,8608176128.0,7274.0,2.7184312818759872e+23,0.0,-0.0,2.718431101732002e+23,0.0,0.0,0.0,0.0,77,-4.0668804810561766e+29,2.718415969637254e+23,0.0,0.0,0.0,0.0,0.0,0.0,0.0,0,0,0,0.0,0.0,0.0,0.0,0.0,0.0,0.0,0.0,0.0,0.0,0.0,0.0,0.0,0.0,0.0,0.0,0,-107875648.0,77,0.0,154,0.0,-101056864.0,ERR,ERR,ERR,ERR,ERR,ERR,ERR,ERR,ERR,ERR,ERR,ERR,ERR,ERR,ERR,ERR,ERR,ERR,ERR,ERR,ERR,ERR,ERR,ERR,ERR,ERR,ERR,ERR,ERR,ERR,ERR,ERR,ERR,ERR,ERR,ERR,ERR,ERR,ERR,ERR,ERR,ERR,ERR,ERR,ERR,ERR,ERR,ERR,ERR,ERR,ERR,ERR,ERR,ERR,ERR,ERR,ERR,ERR,ERR,ERR,ERR,ERR,ERR,ERR,ERR,ERR,ERR,34.0,80.0,35,0.0,0.0,0.0,0.0,0.0,0.0,0.0,0.0,0.0,0.0,0.0,0.0,0.0,0.0,0.0,0.0,66.0,0,120,58,53,65476,0,300,0,0,8,20529,65476,0,0,57672,80.0,0.0,0.0,0.0,0.0,0.0
2026-06-18T02:46:47,ERR,ERR,ERR,ERR,ERR,ERR,ERR,ERR,ERR,ERR,ERR,ERR,ERR,ERR,ERR,ERR,ERR,ERR,ERR,ERR,ERR,ERR,ERR,ERR,ERR,ERR,ERR,ERR,ERR,ERR,ERR,ERR,ERR,ERR,ERR,ERR,ERR,ERR,ERR,ERR,ERR,ERR,ERR,ERR,ERR,ERR,ERR,ERR,ERR,ERR,ERR,ERR,ERR,ERR,ERR,ERR,ERR,ERR,ERR,ERR,ERR,ERR,ERR,ERR,ERR,ERR,ERR,ERR,ERR,ERR,ERR,ERR,ERR,ERR,ERR,ERR,ERR,ERR,ERR,ERR,ERR,ERR,ERR,ERR,ERR,ERR,ERR,ERR,ERR,ERR,ERR,ERR,ERR,ERR,ERR,ERR,ERR,ERR,ERR,ERR,ERR,ERR,ERR,ERR,ERR,ERR,ERR,ERR,ERR,ERR,ERR,ERR,ERR,ERR,ERR,ERR,ERR,ERR,ERR,ERR,ERR,ERR,ERR,ERR,ERR,0.0,0.0,-0.0,0.0,nan,1.3936040501711995e+18,7.805,118629576.0,0,0,4,48930,6720,14723890282496.0,100,0.0,0.0,0.0,0.0,0.0,0,0,0,0,0.0,0,0,0,0,0,0,0,0,0,0,0,0,0,0,0,0,0,0,0,0,0,0,0,0,0,0,0,0,0,0,0,0,0,26,51,50,76,65476,0,300,0,0,8,21553,0.0,-107605600.0,0.0,0.0,0.0,0.0,0.0,0.0,0.0,0.0,0.0,0.0,0.0,0.0,0.0,0.0,0.0,0.0,0.0,0.0,0.0,0.0,-0.0,0.0,-0.0,-0.0,0.0,0.0,0.0,0.0,4829.0,8608176128.0,7274.0,2.7184312818759872e+23,0.0,-0.0,2.718431101732002e+23,0.0,0.0,0.0,0.0,77,-4.0668804810561766e+29,2.718415969637254e+23,0.0,0.0,0.0,0.0,0.0,0.0,0.0,0,0,0,0.0,0.0,0.0,0.0,0.0,0.0,0.0,0.0,0.0,0.0,0.0,0.0,0.0,0.0,0.0,0.0,0,-107875648.0,77,0.0,154,0.0,-101056864.0,ERR,ERR,ERR,ERR,ERR,ERR,ERR,ERR,ERR,ERR,ERR,ERR,ERR,ERR,ERR,ERR,ERR,ERR,ERR,ERR,ERR,ERR,ERR,ERR,ERR,ERR,ERR,ERR,ERR,ERR,ERR,ERR,ERR,ERR,ERR,ERR,ERR,ERR,ERR,ERR,ERR,ERR,ERR,ERR,ERR,ERR,ERR,ERR,ERR,ERR,ERR,ERR,ERR,ERR,ERR,ERR,ERR,ERR,ERR,ERR,ERR,ERR,ERR,ERR,ERR,ERR,ERR,34.0,80.0,35,0.0,0.0,0.0,0.0,0.0,0.0,0.0,0.0,0.0,0.0,0.0,0.0,0.0,0.0,0.0,0.0,66.0,0,120,58,53,65476,0,300,0,0,8,20529,65476,0,0,57672,80.0,0.0,0.0,0.0,0.0,0.0
2026-06-18T02:46:48,ERR,ERR,ERR,ERR,ERR,ERR,ERR,ERR,ERR,ERR,ERR,ERR,ERR,ERR,ERR,ERR,ERR,ERR,ERR,ERR,ERR,ERR,ERR,ERR,ERR,ERR,ERR,ERR,ERR,ERR,ERR,ERR,ERR,ERR,ERR,ERR,ERR,ERR,ERR,ERR,ERR,ERR,ERR,ERR,ERR,ERR,ERR,ERR,ERR,ERR,ERR,ERR,ERR,ERR,ERR,ERR,ERR,ERR,ERR,ERR,ERR,ERR,ERR,ERR,ERR,ERR,ERR,ERR,ERR,ERR,ERR,ERR,ERR,ERR,ERR,ERR,ERR,ERR,ERR,ERR,ERR,ERR,ERR,ERR,ERR,ERR,ERR,ERR,ERR,ERR,ERR,ERR,ERR,ERR,ERR,ERR,ERR,ERR,ERR,ERR,ERR,ERR,ERR,ERR,ERR,ERR,ERR,ERR,ERR,ERR,ERR,ERR,ERR,ERR,ERR,ERR,ERR,ERR,ERR,ERR,ERR,ERR,ERR,ERR,ERR,0.0,0.0,-0.0,89215.008,nan,1.3936040501711995e+18,7.805,-1.2121118219281682e+20,0,0,4,48933,6720,14723890282496.0,100,0.0,0.0,0.0,-152005385388032.0,0.0,0,0,0,0,0.0,0,0,0,0,0,0,0,0,0,0,0,0,0,0,0,0,0,0,0,0,0,0,0,0,0,0,0,0,0,0,0,0,0,26,51,50,76,65476,0,300,0,0,8,21553,0.0,-107605600.0,0.0,0.0,0.0,0.0,0.0,0.0,0.0,0.0,0.0,0.0,0.0,0.0,0.0,0.0,0.0,0.0,0.0,0.0,0.0,0.0,-0.0,0.0,-0.0,-0.0,0.0,0.0,0.0,0.0,4829.0,0.0,7233.0,0.0,0.0,2.7184303811560617e+23,2.718431101732002e+23,0.0,0.0,0.0,0.0,77,-4.0668804810561766e+29,0.0,0.0,0.0,0.0,0.0,0.0,0.0,0.0,0,0,0,0.0,0.0,0.0,0.0,0.0,0.0,0.0,0.0,0.0,0.0,0.0,0.0,0.0,0.0,0.0,0.0,0,-107875648.0,77,0.0,154,0.0,-101056864.0,ERR,ERR,ERR,ERR,ERR,ERR,ERR,ERR,ERR,ERR,ERR,ERR,ERR,ERR,ERR,ERR,ERR,ERR,ERR,ERR,ERR,ERR,ERR,ERR,ERR,ERR,ERR,ERR,ERR,ERR,ERR,ERR,ERR,ERR,ERR,ERR,ERR,ERR,ERR,ERR,ERR,ERR,ERR,ERR,ERR,ERR,ERR,ERR,ERR,ERR,ERR,ERR,ERR,ERR,ERR,ERR,ERR,ERR,ERR,ERR,ERR,ERR,ERR,ERR,ERR,ERR,ERR,34.0,80.0,35,0.0,0.0,0.0,0.0,0.0,0.0,0.0,0.0,0.0,0.0,0.0,0.0,0.0,0.0,0.0,0.0,66.4,0,120,58,53,65476,0,300,0,0,8,20529,65476,0,0,57672,80.0,0.0,0.0,0.0,0.0,0.0
2026-06-18T02:46:49,ERR,ERR,ERR,ERR,ERR,ERR,ERR,ERR,ERR,ERR,ERR,ERR,ERR,ERR,ERR,ERR,ERR,ERR,ERR,ERR,ERR,ERR,ERR,ERR,ERR,ERR,ERR,ERR,ERR,ERR,ERR,ERR,ERR,ERR,ERR,ERR,ERR,ERR,ERR,ERR,ERR,ERR,ERR,ERR,ERR,ERR,ERR,ERR,ERR,ERR,ERR,ERR,ERR,ERR,ERR,ERR,ERR,ERR,ERR,ERR,ERR,ERR,ERR,ERR,ERR,ERR,ERR,ERR,ERR,ERR,ERR,ERR,ERR,ERR,ERR,ERR,ERR,ERR,ERR,ERR,ERR,ERR,ERR,ERR,ERR,ERR,ERR,ERR,ERR,ERR,ERR,ERR,ERR,ERR,ERR,ERR,ERR,ERR,ERR,ERR,ERR,ERR,ERR,ERR,ERR,ERR,ERR,ERR,ERR,ERR,ERR,ERR,ERR,ERR,ERR,ERR,ERR,ERR,ERR,ERR,ERR,ERR,ERR,ERR,ERR,0.0,0.0,-0.0,89215.008,nan,1.3936040501711995e+18,7.805,-1.2121118219281682e+20,0,0,4,48933,6720,14723890282496.0,100,0.0,0.0,0.0,-152005385388032.0,0.0,0,0,0,0,0.0,0,0,0,0,0,0,0,0,0,0,0,0,0,0,0,0,0,0,0,0,0,0,0,0,0,0,0,0,0,0,0,0,0,26,51,50,76,65476,0,300,0,0,8,21553,0.0,-107605600.0,0.0,0.0,0.0,0.0,0.0,0.0,0.0,0.0,0.0,0.0,0.0,0.0,0.0,0.0,0.0,0.0,0.0,0.0,0.0,0.0,-0.0,0.0,-0.0,-0.0,0.0,0.0,0.0,0.0,4829.0,0.0,7233.0,0.0,0.0,2.7184303811560617e+23,2.718431101732002e+23,0.0,0.0,0.0,0.0,77,-4.0668804810561766e+29,0.0,0.0,0.0,0.0,0.0,0.0,0.0,0.0,0,0,0,0.0,0.0,0.0,0.0,0.0,0.0,0.0,0.0,0.0,0.0,0.0,0.0,0.0,0.0,0.0,0.0,0,-107875648.0,77,0.0,154,0.0,-101056864.0,ERR,ERR,ERR,ERR,ERR,ERR,ERR,ERR,ERR,ERR,ERR,ERR,ERR,ERR,ERR,ERR,ERR,ERR,ERR,ERR,ERR,ERR,ERR,ERR,ERR,ERR,ERR,ERR,ERR,ERR,ERR,ERR,ERR,ERR,ERR,ERR,ERR,ERR,ERR,ERR,ERR,ERR,ERR,ERR,ERR,ERR,ERR,ERR,ERR,ERR,ERR,ERR,ERR,ERR,ERR,ERR,ERR,ERR,ERR,ERR,ERR,ERR,ERR,ERR,ERR,ERR,ERR,34.0,80.0,35,0.0,0.0,0.0,0.0,0.0,0.0,0.0,0.0,0.0,0.0,0.0,0.0,0.0,0.0,0.0,0.0,66.4,0,120,58,53,65476,0,300,0,0,8,20529,65476,0,0,57672,80.0,0.0,0.0,0.0,0.0,0.0
2026-06-18T02:46:50,ERR,ERR,ERR,ERR,ERR,ERR,ERR,ERR,ERR,ERR,ERR,ERR,ERR,ERR,ERR,ERR,ERR,ERR,ERR,ERR,ERR,ERR,ERR,ERR,ERR,ERR,ERR,ERR,ERR,ERR,ERR,ERR,ERR,ERR,ERR,ERR,ERR,ERR,ERR,ERR,ERR,ERR,ERR,ERR,ERR,ERR,ERR,ERR,ERR,ERR,ERR,ERR,ERR,ERR,ERR,ERR,ERR,ERR,ERR,ERR,ERR,ERR,ERR,ERR,ERR,ERR,ERR,ERR,ERR,ERR,ERR,ERR,ERR,ERR,ERR,ERR,ERR,ERR,ERR,ERR,ERR,ERR,ERR,ERR,ERR,ERR,ERR,ERR,ERR,ERR,ERR,ERR,ERR,ERR,ERR,ERR,ERR,ERR,ERR,ERR,ERR,ERR,ERR,ERR,ERR,ERR,ERR,ERR,ERR,ERR,ERR,ERR,ERR,ERR,ERR,ERR,ERR,ERR,ERR,ERR,ERR,ERR,ERR,ERR,ERR,0.0,0.0,-0.0,89215.008,nan,1.3936040501711995e+18,7.805,-1.2121118219281682e+20,0,0,4,48933,6720,14723890282496.0,100,0.0,0.0,0.0,-152005385388032.0,0.0,0,0,0,0,0.0,0,0,0,0,0,0,0,0,0,0,0,0,0,0,0,0,0,0,0,0,0,0,0,0,0,0,0,0,0,0,0,0,0,26,51,50,76,65476,0,300,0,0,8,21553,0.0,-107605600.0,0.0,0.0,0.0,0.0,0.0,0.0,0.0,0.0,0.0,0.0,0.0,0.0,0.0,0.0,0.0,0.0,0.0,0.0,0.0,0.0,-0.0,0.0,-0.0,-0.0,0.0,0.0,0.0,0.0,4829.0,0.0,7233.0,0.0,0.0,2.7184303811560617e+23,2.718431101732002e+23,0.0,0.0,0.0,0.0,77,-4.0668804810561766e+29,0.0,0.0,0.0,0.0,0.0,0.0,0.0,0.0,0,0,0,0.0,0.0,0.0,0.0,0.0,0.0,0.0,0.0,0.0,0.0,0.0,0.0,0.0,0.0,0.0,0.0,0,-107875648.0,77,0.0,154,0.0,-101056864.0,ERR,ERR,ERR,ERR,ERR,ERR,ERR,ERR,ERR,ERR,ERR,ERR,ERR,ERR,ERR,ERR,ERR,ERR,ERR,ERR,ERR,ERR,ERR,ERR,ERR,ERR,ERR,ERR,ERR,ERR,ERR,ERR,ERR,ERR,ERR,ERR,ERR,ERR,ERR,ERR,ERR,ERR,ERR,ERR,ERR,ERR,ERR,ERR,ERR,ERR,ERR,ERR,ERR,ERR,ERR,ERR,ERR,ERR,ERR,ERR,ERR,ERR,ERR,ERR,ERR,ERR,ERR,34.0,80.0,35,0.0,0.0,0.0,0.0,0.0,0.0,0.0,0.0,0.0,0.0,0.0,0.0,0.0,0.0,0.0,0.0,65.6,0,120,58,53,65476,0,300,0,0,8,20529,65476,0,0,57672,80.0,0.0,0.0,0.0,0.0,0.0
2026-06-18T02:46:51,ERR,ERR,ERR,ERR,ERR,ERR,ERR,ERR,ERR,ERR,ERR,ERR,ERR,ERR,ERR,ERR,ERR,ERR,ERR,ERR,ERR,ERR,ERR,ERR,ERR,ERR,ERR,ERR,ERR,ERR,ERR,ERR,ERR,ERR,ERR,ERR,ERR,ERR,ERR,ERR,ERR,ERR,ERR,ERR,ERR,ERR,ERR,ERR,ERR,ERR,ERR,ERR,ERR,ERR,ERR,ERR,ERR,ERR,ERR,ERR,ERR,ERR,ERR,ERR,ERR,ERR,ERR,ERR,ERR,ERR,ERR,ERR,ERR,ERR,ERR,ERR,ERR,ERR,ERR,ERR,ERR,ERR,ERR,ERR,ERR,ERR,ERR,ERR,ERR,ERR,ERR,ERR,ERR,ERR,ERR,ERR,ERR,ERR,ERR,ERR,ERR,ERR,ERR,ERR,ERR,ERR,ERR,ERR,ERR,ERR,ERR,ERR,ERR,ERR,ERR,ERR,ERR,ERR,ERR,ERR,ERR,ERR,ERR,ERR,ERR,0.0,0.0,-0.0,89215.008,nan,1.3936040501711995e+18,7.805,-1.2121118219281682e+20,0,0,4,48933,6720,14723890282496.0,100,0.0,0.0,0.0,-152005385388032.0,0.0,0,0,0,0,0.0,0,0,0,0,0,0,0,0,0,0,0,0,0,0,0,0,0,0,0,0,0,0,0,0,0,0,0,0,0,0,0,0,0,26,51,50,76,65476,0,300,0,0,8,21553,0.0,-107605600.0,0.0,0.0,0.0,0.0,0.0,0.0,0.0,0.0,0.0,0.0,0.0,0.0,0.0,0.0,0.0,0.0,0.0,0.0,0.0,0.0,-0.0,0.0,-0.0,-0.0,0.0,0.0,0.0,0.0,4829.0,0.0,7233.0,0.0,0.0,2.7184303811560617e+23,2.718431101732002e+23,0.0,0.0,0.0,0.0,77,-4.0668804810561766e+29,0.0,0.0,0.0,0.0,0.0,0.0,0.0,0.0,0,0,0,0.0,0.0,0.0,0.0,0.0,0.0,0.0,0.0,0.0,0.0,0.0,0.0,0.0,0.0,0.0,0.0,0,-107875648.0,77,0.0,154,0.0,-101056864.0,ERR,ERR,ERR,ERR,ERR,ERR,ERR,ERR,ERR,ERR,ERR,ERR,ERR,ERR,ERR,ERR,ERR,ERR,ERR,ERR,ERR,ERR,ERR,ERR,ERR,ERR,ERR,ERR,ERR,ERR,ERR,ERR,ERR,ERR,ERR,ERR,ERR,ERR,ERR,ERR,ERR,ERR,ERR,ERR,ERR,ERR,ERR,ERR,ERR,ERR,ERR,ERR,ERR,ERR,ERR,ERR,ERR,ERR,ERR,ERR,ERR,ERR,ERR,ERR,ERR,ERR,ERR,34.0,80.0,35,0.0,0.0,0.0,0.0,0.0,0.0,0.0,0.0,0.0,0.0,0.0,0.0,0.0,0.0,0.0,0.0,66.0,0,120,58,53,65476,0,300,0,0,8,20529,65476,0,0,57672,80.0,0.0,0.0,0.0,0.0,0.0
2026-06-18T02:46:52,ERR,ERR,ERR,ERR,ERR,ERR,ERR,ERR,ERR,ERR,ERR,ERR,ERR,ERR,ERR,ERR,ERR,ERR,ERR,ERR,ERR,ERR,ERR,ERR,ERR,ERR,ERR,ERR,ERR,ERR,ERR,ERR,ERR,ERR,ERR,ERR,ERR,ERR,ERR,ERR,ERR,ERR,ERR,ERR,ERR,ERR,ERR,ERR,ERR,ERR,ERR,ERR,ERR,ERR,ERR,ERR,ERR,ERR,ERR,ERR,ERR,ERR,ERR,ERR,ERR,ERR,ERR,ERR,ERR,ERR,ERR,ERR,ERR,ERR,ERR,ERR,ERR,ERR,ERR,ERR,ERR,ERR,ERR,ERR,ERR,ERR,ERR,ERR,ERR,ERR,ERR,ERR,ERR,ERR,ERR,ERR,ERR,ERR,ERR,ERR,ERR,ERR,ERR,ERR,ERR,ERR,ERR,ERR,ERR,ERR,ERR,ERR,ERR,ERR,ERR,ERR,ERR,ERR,ERR,ERR,ERR,ERR,ERR,ERR,ERR,0.0,0.0,-0.0,89215.008,nan,1.3936040501711995e+18,7.805,-1.2121118219281682e+20,0,0,4,48933,6720,14723890282496.0,100,0.0,0.0,0.0,-152005385388032.0,0.0,0,0,0,0,0.0,0,0,0,0,0,0,0,0,0,0,0,0,0,0,0,0,0,0,0,0,0,0,0,0,0,0,0,0,0,0,0,0,0,26,51,50,76,65476,0,300,0,0,8,21553,0.0,-107605600.0,0.0,0.0,0.0,0.0,0.0,0.0,0.0,0.0,0.0,0.0,0.0,0.0,0.0,0.0,0.0,0.0,0.0,0.0,0.0,0.0,-0.0,0.0,-0.0,-0.0,0.0,0.0,0.0,0.0,4829.0,0.0,7233.0,0.0,0.0,2.7184303811560617e+23,2.718431101732002e+23,0.0,0.0,0.0,0.0,77,-4.0668804810561766e+29,0.0,0.0,0.0,0.0,0.0,0.0,0.0,0.0,0,0,0,0.0,0.0,0.0,0.0,0.0,0.0,0.0,0.0,0.0,0.0,0.0,0.0,0.0,0.0,0.0,0.0,0,-107875648.0,77,0.0,154,0.0,-101056864.0,ERR,ERR,ERR,ERR,ERR,ERR,ERR,ERR,ERR,ERR,ERR,ERR,ERR,ERR,ERR,ERR,ERR,ERR,ERR,ERR,ERR,ERR,ERR,ERR,ERR,ERR,ERR,ERR,ERR,ERR,ERR,ERR,ERR,ERR,ERR,ERR,ERR,ERR,ERR,ERR,ERR,ERR,ERR,ERR,ERR,ERR,ERR,ERR,ERR,ERR,ERR,ERR,ERR,ERR,ERR,ERR,ERR,ERR,ERR,ERR,ERR,ERR,ERR,ERR,ERR,ERR,ERR,34.0,80.0,35,0.0,0.0,0.0,0.0,0.0,0.0,0.0,0.0,0.0,0.0,0.0,0.0,0.0,0.0,0.0,0.0,66.0,0,120,58,53,65476,0,300,0,0,8,20529,65476,0,0,57672,80.0,0.0,0.0,0.0,0.0,0.0
2026-06-18T02:46:53,ERR,ERR,ERR,ERR,ERR,ERR,ERR,ERR,ERR,ERR,ERR,ERR,ERR,ERR,ERR,ERR,ERR,ERR,ERR,ERR,ERR,ERR,ERR,ERR,ERR,ERR,ERR,ERR,ERR,ERR,ERR,ERR,ERR,ERR,ERR,ERR,ERR,ERR,ERR,ERR,ERR,ERR,ERR,ERR,ERR,ERR,ERR,ERR,ERR,ERR,ERR,ERR,ERR,ERR,ERR,ERR,ERR,ERR,ERR,ERR,ERR,ERR,ERR,ERR,ERR,ERR,ERR,ERR,ERR,ERR,ERR,ERR,ERR,ERR,ERR,ERR,ERR,ERR,ERR,ERR,ERR,ERR,ERR,ERR,ERR,ERR,ERR,ERR,ERR,ERR,ERR,ERR,ERR,ERR,ERR,ERR,ERR,ERR,ERR,ERR,ERR,ERR,ERR,ERR,ERR,ERR,ERR,ERR,ERR,ERR,ERR,ERR,ERR,ERR,ERR,ERR,ERR,ERR,ERR,ERR,ERR,ERR,ERR,ERR,ERR,0.0,0.0,-0.0,0.0,nan,1.3936040501711995e+18,7.805,118629576.0,0,0,4,48929,6720,14723890282496.0,100,0.0,0.0,0.0,0.0,0.0,0,0,0,0,0.0,0,0,0,0,0,0,0,0,0,0,0,0,0,0,0,0,0,0,0,0,0,0,0,0,0,0,0,0,0,0,0,0,0,26,51,50,76,65476,0,300,0,0,8,21553,0.0,-107605600.0,0.0,0.0,0.0,0.0,0.0,0.0,0.0,0.0,0.0,0.0,0.0,0.0,0.0,0.0,0.0,0.0,0.0,0.0,0.0,0.0,-0.0,0.0,-0.0,-0.0,0.0,0.0,0.0,0.0,4829.0,0.0,7237.0,0.0,0.0,2.7184303811560617e+23,2.718431101732002e+23,0.0,0.0,0.0,0.0,77,-4.0668804810561766e+29,0.0,0.0,0.0,0.0,0.0,0.0,0.0,0.0,0,0,0,0.0,0.0,0.0,0.0,0.0,0.0,0.0,0.0,0.0,0.0,0.0,0.0,0.0,0.0,0.0,0.0,0,-107875648.0,77,0.0,154,0.0,-101056864.0,ERR,ERR,ERR,ERR,ERR,ERR,ERR,ERR,ERR,ERR,ERR,ERR,ERR,ERR,ERR,ERR,ERR,ERR,ERR,ERR,ERR,ERR,ERR,ERR,ERR,ERR,ERR,ERR,ERR,ERR,ERR,ERR,ERR,ERR,ERR,ERR,ERR,ERR,ERR,ERR,ERR,ERR,ERR,ERR,ERR,ERR,ERR,ERR,ERR,ERR,ERR,ERR,ERR,ERR,ERR,ERR,ERR,ERR,ERR,ERR,ERR,ERR,ERR,ERR,ERR,ERR,ERR,34.0,80.0,35,0.0,0.0,0.0,0.0,0.0,0.0,0.0,0.0,0.0,0.0,0.0,0.0,0.0,0.0,0.0,0.0,66.4,0,120,58,53,65476,0,300,0,0,8,20529,65476,0,0,57672,80.0,0.0,0.0,0.0,0.0,0.0
2026-06-18T02:46:54,ERR,ERR,ERR,ERR,ERR,ERR,ERR,ERR,ERR,ERR,ERR,ERR,ERR,ERR,ERR,ERR,ERR,ERR,ERR,ERR,ERR,ERR,ERR,ERR,ERR,ERR,ERR,ERR,ERR,ERR,ERR,ERR,ERR,ERR,ERR,ERR,ERR,ERR,ERR,ERR,ERR,ERR,ERR,ERR,ERR,ERR,ERR,ERR,ERR,ERR,ERR,ERR,ERR,ERR,ERR,ERR,ERR,ERR,ERR,ERR,ERR,ERR,ERR,ERR,ERR,ERR,ERR,ERR,ERR,ERR,ERR,ERR,ERR,ERR,ERR,ERR,ERR,ERR,ERR,ERR,ERR,ERR,ERR,ERR,ERR,ERR,ERR,ERR,ERR,ERR,ERR,ERR,ERR,ERR,ERR,ERR,ERR,ERR,ERR,ERR,ERR,ERR,ERR,ERR,ERR,ERR,ERR,ERR,ERR,ERR,ERR,ERR,ERR,ERR,ERR,ERR,ERR,ERR,ERR,ERR,ERR,ERR,ERR,ERR,ERR,0.0,0.0,-0.0,0.0,nan,1.3936040501711995e+18,7.805,118629576.0,0,0,4,48929,6720,14723890282496.0,100,0.0,0.0,0.0,0.0,0.0,0,0,0,0,0.0,0,0,0,0,0,0,0,0,0,0,0,0,0,0,0,0,0,0,0,0,0,0,0,0,0,0,0,0,0,0,0,0,0,26,51,50,76,65476,0,300,0,0,8,21553,0.0,-107605600.0,0.0,0.0,0.0,0.0,0.0,0.0,0.0,0.0,0.0,0.0,0.0,0.0,0.0,0.0,0.0,0.0,0.0,0.0,0.0,0.0,-0.0,0.0,-0.0,-0.0,0.0,0.0,0.0,0.0,4829.0,0.0,7237.0,0.0,0.0,2.7184303811560617e+23,2.718431101732002e+23,0.0,0.0,0.0,0.0,77,-4.0668804810561766e+29,0.0,0.0,0.0,0.0,0.0,0.0,0.0,0.0,0,0,0,0.0,0.0,0.0,0.0,0.0,0.0,0.0,0.0,0.0,0.0,0.0,0.0,0.0,0.0,0.0,0.0,0,-107875648.0,77,0.0,154,0.0,-101056864.0,ERR,ERR,ERR,ERR,ERR,ERR,ERR,ERR,ERR,ERR,ERR,ERR,ERR,ERR,ERR,ERR,ERR,ERR,ERR,ERR,ERR,ERR,ERR,ERR,ERR,ERR,ERR,ERR,ERR,ERR,ERR,ERR,ERR,ERR,ERR,ERR,ERR,ERR,ERR,ERR,ERR,ERR,ERR,ERR,ERR,ERR,ERR,ERR,ERR,ERR,ERR,ERR,ERR,ERR,ERR,ERR,ERR,ERR,ERR,ERR,ERR,ERR,ERR,ERR,ERR,ERR,ERR,34.0,80.0,35,0.0,0.0,0.0,0.0,0.0,0.0,0.0,0.0,0.0,0.0,0.0,0.0,0.0,0.0,0.0,0.0,66.4,0,120,58,53,65476,0,300,0,0,8,20529,65476,0,0,57672,80.0,0.0,0.0,0.0,0.0,0.0
2026-06-18T02:46:55,ERR,ERR,ERR,ERR,ERR,ERR,ERR,ERR,ERR,ERR,ERR,ERR,ERR,ERR,ERR,ERR,ERR,ERR,ERR,ERR,ERR,ERR,ERR,ERR,ERR,ERR,ERR,ERR,ERR,ERR,ERR,ERR,ERR,ERR,ERR,ERR,ERR,ERR,ERR,ERR,ERR,ERR,ERR,ERR,ERR,ERR,ERR,ERR,ERR,ERR,ERR,ERR,ERR,ERR,ERR,ERR,ERR,ERR,ERR,ERR,ERR,ERR,ERR,ERR,ERR,ERR,ERR,ERR,ERR,ERR,ERR,ERR,ERR,ERR,ERR,ERR,ERR,ERR,ERR,ERR,ERR,ERR,ERR,ERR,ERR,ERR,ERR,ERR,ERR,ERR,ERR,ERR,ERR,ERR,ERR,ERR,ERR,ERR,ERR,ERR,ERR,ERR,ERR,ERR,ERR,ERR,ERR,ERR,ERR,ERR,ERR,ERR,ERR,ERR,ERR,ERR,ERR,ERR,ERR,ERR,ERR,ERR,ERR,ERR,ERR,0.0,0.0,-0.0,0.0,nan,1.3936040501711995e+18,7.805,118629576.0,0,0,4,48929,6720,14723890282496.0,100,0.0,0.0,0.0,0.0,0.0,0,0,0,0,0.0,0,0,0,0,0,0,0,0,0,0,0,0,0,0,0,0,0,0,0,0,0,0,0,0,0,0,0,0,0,0,0,0,0,26,51,50,76,65476,0,300,0,0,8,21553,0.0,-107605600.0,0.0,0.0,0.0,0.0,0.0,0.0,0.0,0.0,0.0,0.0,0.0,0.0,0.0,0.0,0.0,0.0,0.0,0.0,0.0,0.0,-0.0,0.0,-0.0,-0.0,0.0,0.0,0.0,0.0,4829.0,0.0,7237.0,0.0,0.0,2.7184303811560617e+23,2.718431101732002e+23,0.0,0.0,0.0,0.0,77,-4.0668804810561766e+29,0.0,0.0,0.0,0.0,0.0,0.0,0.0,0.0,0,0,0,0.0,0.0,0.0,0.0,0.0,0.0,0.0,0.0,0.0,0.0,0.0,0.0,0.0,0.0,0.0,0.0,0,-107875648.0,77,0.0,154,0.0,-101056864.0,ERR,ERR,ERR,ERR,ERR,ERR,ERR,ERR,ERR,ERR,ERR,ERR,ERR,ERR,ERR,ERR,ERR,ERR,ERR,ERR,ERR,ERR,ERR,ERR,ERR,ERR,ERR,ERR,ERR,ERR,ERR,ERR,ERR,ERR,ERR,ERR,ERR,ERR,ERR,ERR,ERR,ERR,ERR,ERR,ERR,ERR,ERR,ERR,ERR,ERR,ERR,ERR,ERR,ERR,ERR,ERR,ERR,ERR,ERR,ERR,ERR,ERR,ERR,ERR,ERR,ERR,ERR,34.0,80.0,35,0.0,0.0,0.0,0.0,0.0,0.0,0.0,0.0,0.0,0.0,0.0,0.0,0.0,0.0,0.0,0.0,65.6,0,120,58,53,65476,0,300,0,0,8,20529,65476,0,0,57672,80.0,0.0,0.0,0.0,0.0,0.0
2026-06-18T02:46:56,ERR,ERR,ERR,ERR,ERR,ERR,ERR,ERR,ERR,ERR,ERR,ERR,ERR,ERR,ERR,ERR,ERR,ERR,ERR,ERR,ERR,ERR,ERR,ERR,ERR,ERR,ERR,ERR,ERR,ERR,ERR,ERR,ERR,ERR,ERR,ERR,ERR,ERR,ERR,ERR,ERR,ERR,ERR,ERR,ERR,ERR,ERR,ERR,ERR,ERR,ERR,ERR,ERR,ERR,ERR,ERR,ERR,ERR,ERR,ERR,ERR,ERR,ERR,ERR,ERR,ERR,ERR,ERR,ERR,ERR,ERR,ERR,ERR,ERR,ERR,ERR,ERR,ERR,ERR,ERR,ERR,ERR,ERR,ERR,ERR,ERR,ERR,ERR,ERR,ERR,ERR,ERR,ERR,ERR,ERR,ERR,ERR,ERR,ERR,ERR,ERR,ERR,ERR,ERR,ERR,ERR,ERR,ERR,ERR,ERR,ERR,ERR,ERR,ERR,ERR,ERR,ERR,ERR,ERR,ERR,ERR,ERR,ERR,ERR,ERR,0.0,0.0,-0.0,0.0,nan,1.3936040501711995e+18,7.805,118629576.0,0,0,4,48929,6720,14723890282496.0,100,0.0,0.0,0.0,0.0,0.0,0,0,0,0,0.0,0,0,0,0,0,0,0,0,0,0,0,0,0,0,0,0,0,0,0,0,0,0,0,0,0,0,0,0,0,0,0,0,0,26,51,50,76,65476,0,300,0,0,8,21553,0.0,-107605600.0,0.0,0.0,0.0,0.0,0.0,0.0,0.0,0.0,0.0,0.0,0.0,0.0,0.0,0.0,0.0,0.0,0.0,0.0,0.0,0.0,-0.0,0.0,-0.0,-0.0,0.0,0.0,0.0,0.0,4829.0,0.0,7237.0,0.0,0.0,2.7184303811560617e+23,2.718431101732002e+23,0.0,0.0,0.0,0.0,77,-4.0668804810561766e+29,0.0,0.0,0.0,0.0,0.0,0.0,0.0,0.0,0,0,0,0.0,0.0,0.0,0.0,0.0,0.0,0.0,0.0,0.0,0.0,0.0,0.0,0.0,0.0,0.0,0.0,0,-107875648.0,77,0.0,154,0.0,-101056864.0,ERR,ERR,ERR,ERR,ERR,ERR,ERR,ERR,ERR,ERR,ERR,ERR,ERR,ERR,ERR,ERR,ERR,ERR,ERR,ERR,ERR,ERR,ERR,ERR,ERR,ERR,ERR,ERR,ERR,ERR,ERR,ERR,ERR,ERR,ERR,ERR,ERR,ERR,ERR,ERR,ERR,ERR,ERR,ERR,ERR,ERR,ERR,ERR,ERR,ERR,ERR,ERR,ERR,ERR,ERR,ERR,ERR,ERR,ERR,ERR,ERR,ERR,ERR,ERR,ERR,ERR,ERR,34.0,80.0,35,0.0,0.0,0.0,0.0,0.0,0.0,0.0,0.0,0.0,0.0,0.0,0.0,0.0,0.0,0.0,0.0,65.6,0,120,58,53,65476,0,300,0,0,8,20529,65476,0,0,57672,80.0,0.0,0.0,0.0,0.0,0.0
2026-06-18T02:46:57,ERR,ERR,ERR,ERR,ERR,ERR,ERR,ERR,ERR,ERR,ERR,ERR,ERR,ERR,ERR,ERR,ERR,ERR,ERR,ERR,ERR,ERR,ERR,ERR,ERR,ERR,ERR,ERR,ERR,ERR,ERR,ERR,ERR,ERR,ERR,ERR,ERR,ERR,ERR,ERR,ERR,ERR,ERR,ERR,ERR,ERR,ERR,ERR,ERR,ERR,ERR,ERR,ERR,ERR,ERR,ERR,ERR,ERR,ERR,ERR,ERR,ERR,ERR,ERR,ERR,ERR,ERR,ERR,ERR,ERR,ERR,ERR,ERR,ERR,ERR,ERR,ERR,ERR,ERR,ERR,ERR,ERR,ERR,ERR,ERR,ERR,ERR,ERR,ERR,ERR,ERR,ERR,ERR,ERR,ERR,ERR,ERR,ERR,ERR,ERR,ERR,ERR,ERR,ERR,ERR,ERR,ERR,ERR,ERR,ERR,ERR,ERR,ERR,ERR,ERR,ERR,ERR,ERR,ERR,ERR,ERR,ERR,ERR,ERR,ERR,0.0,0.0,-0.0,0.0,nan,1.3936040501711995e+18,7.805,118629576.0,0,0,4,48929,6720,14723890282496.0,100,0.0,0.0,0.0,0.0,0.0,0,0,0,0,0.0,0,0,0,0,0,0,0,0,0,0,0,0,0,0,0,0,0,0,0,0,0,0,0,0,0,0,0,0,0,0,0,0,0,26,51,50,76,65476,0,300,0,0,8,21553,0.0,-107605600.0,0.0,0.0,0.0,0.0,0.0,0.0,0.0,0.0,0.0,0.0,0.0,0.0,0.0,0.0,0.0,0.0,0.0,0.0,0.0,0.0,-0.0,0.0,-0.0,-0.0,0.0,0.0,0.0,0.0,4829.0,0.0,7237.0,0.0,0.0,2.7184303811560617e+23,2.718431101732002e+23,0.0,0.0,0.0,0.0,77,-4.0668804810561766e+29,0.0,0.0,0.0,0.0,0.0,0.0,0.0,0.0,0,0,0,0.0,0.0,0.0,0.0,0.0,0.0,0.0,0.0,0.0,0.0,0.0,0.0,0.0,0.0,0.0,0.0,0,-107875648.0,77,0.0,154,0.0,-101056864.0,ERR,ERR,ERR,ERR,ERR,ERR,ERR,ERR,ERR,ERR,ERR,ERR,ERR,ERR,ERR,ERR,ERR,ERR,ERR,ERR,ERR,ERR,ERR,ERR,ERR,ERR,ERR,ERR,ERR,ERR,ERR,ERR,ERR,ERR,ERR,ERR,ERR,ERR,ERR,ERR,ERR,ERR,ERR,ERR,ERR,ERR,ERR,ERR,ERR,ERR,ERR,ERR,ERR,ERR,ERR,ERR,ERR,ERR,ERR,ERR,ERR,ERR,ERR,ERR,ERR,ERR,ERR,34.0,80.0,35,0.0,0.0,0.0,0.0,0.0,0.0,0.0,0.0,0.0,0.0,0.0,0.0,0.0,0.0,0.0,0.0,66.4,0,120,58,53,65476,0,300,0,0,8,20529,65476,0,0,57672,80.0,0.0,0.0,0.0,0.0,0.0
2026-06-18T02:46:58,ERR,ERR,ERR,ERR,ERR,ERR,ERR,ERR,ERR,ERR,ERR,ERR,ERR,ERR,ERR,ERR,ERR,ERR,ERR,ERR,ERR,ERR,ERR,ERR,ERR,ERR,ERR,ERR,ERR,ERR,ERR,ERR,ERR,ERR,ERR,ERR,ERR,ERR,ERR,ERR,ERR,ERR,ERR,ERR,ERR,ERR,ERR,ERR,ERR,ERR,ERR,ERR,ERR,ERR,ERR,ERR,ERR,ERR,ERR,ERR,ERR,ERR,ERR,ERR,ERR,ERR,ERR,ERR,ERR,ERR,ERR,ERR,ERR,ERR,ERR,ERR,ERR,ERR,ERR,ERR,ERR,ERR,ERR,ERR,ERR,ERR,ERR,ERR,ERR,ERR,ERR,ERR,ERR,ERR,ERR,ERR,ERR,ERR,ERR,ERR,ERR,ERR,ERR,ERR,ERR,ERR,ERR,ERR,ERR,ERR,ERR,ERR,ERR,ERR,ERR,ERR,ERR,ERR,ERR,ERR,ERR,ERR,ERR,ERR,ERR,0.0,0.0,-0.0,89215.008,nan,1.3936040501711995e+18,7.805,-1.2121118219281682e+20,0,0,4,48935,6720,14723890282496.0,100,0.0,0.0,0.0,0.0,0.0,0,0,0,0,0.0,0,0,0,0,0,0,0,0,0,0,0,0,0,0,0,0,0,0,0,0,0,0,0,0,0,0,0,0,0,0,0,0,0,26,51,50,76,65476,0,300,0,0,8,21553,0.0,-107605600.0,0.0,0.0,0.0,0.0,0.0,0.0,0.0,0.0,0.0,0.0,0.0,0.0,0.0,0.0,0.0,0.0,0.0,0.0,0.0,0.0,-0.0,0.0,-0.0,-0.0,0.0,0.0,0.0,0.0,4823.0,0.0,7235.0,0.0,0.0,2.7184303811560617e+23,2.718431101732002e+23,0.0,0.0,0.0,0.0,77,-126841118720.0,0.0,0.0,0.0,0.0,0.0,0.0,0.0,0.0,0,0,0,0.0,0.0,0.0,0.0,0.0,0.0,0.0,0.0,0.0,0.0,0.0,0.0,0.0,0.0,0.0,0.0,0,-107875648.0,77,0.0,154,0.0,-101056864.0,ERR,ERR,ERR,ERR,ERR,ERR,ERR,ERR,ERR,ERR,ERR,ERR,ERR,ERR,ERR,ERR,ERR,ERR,ERR,ERR,ERR,ERR,ERR,ERR,ERR,ERR,ERR,ERR,ERR,ERR,ERR,ERR,ERR,ERR,ERR,ERR,ERR,ERR,ERR,ERR,ERR,ERR,ERR,ERR,ERR,ERR,ERR,ERR,ERR,ERR,ERR,ERR,ERR,ERR,ERR,ERR,ERR,ERR,ERR,ERR,ERR,ERR,ERR,ERR,ERR,ERR,ERR,34.0,80.0,35,0.0,0.0,0.0,0.0,0.0,0.0,0.0,0.0,0.0,0.0,0.0,0.0,0.0,0.0,0.0,0.0,66.4,0,120,58,53,65476,0,300,0,0,8,20529,65476,0,0,57672,80.0,0.0,0.0,0.0,0.0,0.0
2026-06-18T02:46:59,ERR,ERR,ERR,ERR,ERR,ERR,ERR,ERR,ERR,ERR,ERR,ERR,ERR,ERR,ERR,ERR,ERR,ERR,ERR,ERR,ERR,ERR,ERR,ERR,ERR,ERR,ERR,ERR,ERR,ERR,ERR,ERR,ERR,ERR,ERR,ERR,ERR,ERR,ERR,ERR,ERR,ERR,ERR,ERR,ERR,ERR,ERR,ERR,ERR,ERR,ERR,ERR,ERR,ERR,ERR,ERR,ERR,ERR,ERR,ERR,ERR,ERR,ERR,ERR,ERR,ERR,ERR,ERR,ERR,ERR,ERR,ERR,ERR,ERR,ERR,ERR,ERR,ERR,ERR,ERR,ERR,ERR,ERR,ERR,ERR,ERR,ERR,ERR,ERR,ERR,ERR,ERR,ERR,ERR,ERR,ERR,ERR,ERR,ERR,ERR,ERR,ERR,ERR,ERR,ERR,ERR,ERR,ERR,ERR,ERR,ERR,ERR,ERR,ERR,ERR,ERR,ERR,ERR,ERR,ERR,ERR,ERR,ERR,ERR,ERR,0.0,0.0,-0.0,89215.008,nan,1.3936040501711995e+18,7.805,-1.2121118219281682e+20,0,0,4,48935,6720,14723890282496.0,100,0.0,0.0,0.0,0.0,0.0,0,0,0,0,0.0,0,0,0,0,0,0,0,0,0,0,0,0,0,0,0,0,0,0,0,0,0,0,0,0,0,0,0,0,0,0,0,0,0,26,51,50,76,65476,0,300,0,0,8,21553,0.0,-107605600.0,0.0,0.0,0.0,0.0,0.0,0.0,0.0,0.0,0.0,0.0,0.0,0.0,0.0,0.0,0.0,0.0,0.0,0.0,0.0,0.0,-0.0,0.0,-0.0,-0.0,0.0,0.0,0.0,0.0,4823.0,0.0,7235.0,0.0,0.0,2.7184303811560617e+23,2.718431101732002e+23,0.0,0.0,0.0,0.0,77,-126841118720.0,0.0,0.0,0.0,0.0,0.0,0.0,0.0,0.0,0,0,0,0.0,0.0,0.0,0.0,0.0,0.0,0.0,0.0,0.0,0.0,0.0,0.0,0.0,0.0,0.0,0.0,0,-107875648.0,77,0.0,154,0.0,-101056864.0,ERR,ERR,ERR,ERR,ERR,ERR,ERR,ERR,ERR,ERR,ERR,ERR,ERR,ERR,ERR,ERR,ERR,ERR,ERR,ERR,ERR,ERR,ERR,ERR,ERR,ERR,ERR,ERR,ERR,ERR,ERR,ERR,ERR,ERR,ERR,ERR,ERR,ERR,ERR,ERR,ERR,ERR,ERR,ERR,ERR,ERR,ERR,ERR,ERR,ERR,ERR,ERR,ERR,ERR,ERR,ERR,ERR,ERR,ERR,ERR,ERR,ERR,ERR,ERR,ERR,ERR,ERR,34.0,80.0,35,0.0,0.0,0.0,0.0,0.0,0.0,0.0,0.0,0.0,0.0,0.0,0.0,0.0,0.0,0.0,0.0,66.0,0,120,58,53,65476,0,300,0,0,8,20529,65476,0,0,57672,80.0,0.0,0.0,0.0,0.0,0.0
2026-06-18T02:47:00,ERR,ERR,ERR,ERR,ERR,ERR,ERR,ERR,ERR,ERR,ERR,ERR,ERR,ERR,ERR,ERR,ERR,ERR,ERR,ERR,ERR,ERR,ERR,ERR,ERR,ERR,ERR,ERR,ERR,ERR,ERR,ERR,ERR,ERR,ERR,ERR,ERR,ERR,ERR,ERR,ERR,ERR,ERR,ERR,ERR,ERR,ERR,ERR,ERR,ERR,ERR,ERR,ERR,ERR,ERR,ERR,ERR,ERR,ERR,ERR,ERR,ERR,ERR,ERR,ERR,ERR,ERR,ERR,ERR,ERR,ERR,ERR,ERR,ERR,ERR,ERR,ERR,ERR,ERR,ERR,ERR,ERR,ERR,ERR,ERR,ERR,ERR,ERR,ERR,ERR,ERR,ERR,ERR,ERR,ERR,ERR,ERR,ERR,ERR,ERR,ERR,ERR,ERR,ERR,ERR,ERR,ERR,ERR,ERR,ERR,ERR,ERR,ERR,ERR,ERR,ERR,ERR,ERR,ERR,ERR,ERR,ERR,ERR,ERR,ERR,0.0,0.0,-0.0,89215.008,nan,1.3936040501711995e+18,7.805,-1.2121118219281682e+20,0,0,4,48935,6720,14723890282496.0,100,0.0,0.0,0.0,0.0,0.0,0,0,0,0,0.0,0,0,0,0,0,0,0,0,0,0,0,0,0,0,0,0,0,0,0,0,0,0,0,0,0,0,0,0,0,0,0,0,0,26,51,50,76,65476,0,300,0,0,8,21553,0.0,-107605600.0,0.0,0.0,0.0,0.0,0.0,0.0,0.0,0.0,0.0,0.0,0.0,0.0,0.0,0.0,0.0,0.0,0.0,0.0,0.0,0.0,-0.0,0.0,-0.0,-0.0,0.0,0.0,0.0,0.0,4823.0,0.0,7235.0,0.0,0.0,2.7184303811560617e+23,2.718431101732002e+23,0.0,0.0,0.0,0.0,77,-126841118720.0,0.0,0.0,0.0,0.0,0.0,0.0,0.0,0.0,0,0,0,0.0,0.0,0.0,0.0,0.0,0.0,0.0,0.0,0.0,0.0,0.0,0.0,0.0,0.0,0.0,0.0,0,-107875648.0,77,0.0,154,0.0,-101056864.0,ERR,ERR,ERR,ERR,ERR,ERR,ERR,ERR,ERR,ERR,ERR,ERR,ERR,ERR,ERR,ERR,ERR,ERR,ERR,ERR,ERR,ERR,ERR,ERR,ERR,ERR,ERR,ERR,ERR,ERR,ERR,ERR,ERR,ERR,ERR,ERR,ERR,ERR,ERR,ERR,ERR,ERR,ERR,ERR,ERR,ERR,ERR,ERR,ERR,ERR,ERR,ERR,ERR,ERR,ERR,ERR,ERR,ERR,ERR,ERR,ERR,ERR,ERR,ERR,ERR,ERR,ERR,34.0,80.0,35,0.0,0.0,0.0,0.0,0.0,0.0,0.0,0.0,0.0,0.0,0.0,0.0,0.0,0.0,0.0,0.0,66.0,0,120,58,53,65476,0,300,0,0,8,20529,65476,0,0,57672,80.0,0.0,0.0,0.0,0.0,0.0
2026-06-18T02:47:01,ERR,ERR,ERR,ERR,ERR,ERR,ERR,ERR,ERR,ERR,ERR,ERR,ERR,ERR,ERR,ERR,ERR,ERR,ERR,ERR,ERR,ERR,ERR,ERR,ERR,ERR,ERR,ERR,ERR,ERR,ERR,ERR,ERR,ERR,ERR,ERR,ERR,ERR,ERR,ERR,ERR,ERR,ERR,ERR,ERR,ERR,ERR,ERR,ERR,ERR,ERR,ERR,ERR,ERR,ERR,ERR,ERR,ERR,ERR,ERR,ERR,ERR,ERR,ERR,ERR,ERR,ERR,ERR,ERR,ERR,ERR,ERR,ERR,ERR,ERR,ERR,ERR,ERR,ERR,ERR,ERR,ERR,ERR,ERR,ERR,ERR,ERR,ERR,ERR,ERR,ERR,ERR,ERR,ERR,ERR,ERR,ERR,ERR,ERR,ERR,ERR,ERR,ERR,ERR,ERR,ERR,ERR,ERR,ERR,ERR,ERR,ERR,ERR,ERR,ERR,ERR,ERR,ERR,ERR,ERR,ERR,ERR,ERR,ERR,ERR,0.0,0.0,-0.0,89215.008,nan,1.3936040501711995e+18,7.805,-1.2121118219281682e+20,0,0,4,48935,6720,14723890282496.0,100,0.0,0.0,0.0,0.0,0.0,0,0,0,0,0.0,0,0,0,0,0,0,0,0,0,0,0,0,0,0,0,0,0,0,0,0,0,0,0,0,0,0,0,0,0,0,0,0,0,26,51,50,76,65476,0,300,0,0,8,21553,0.0,-107605600.0,0.0,0.0,0.0,0.0,0.0,0.0,0.0,0.0,0.0,0.0,0.0,0.0,0.0,0.0,0.0,0.0,0.0,0.0,0.0,0.0,-0.0,0.0,-0.0,-0.0,0.0,0.0,0.0,0.0,4823.0,0.0,7235.0,0.0,0.0,2.7184303811560617e+23,2.718431101732002e+23,0.0,0.0,0.0,0.0,77,-126841118720.0,0.0,0.0,0.0,0.0,0.0,0.0,0.0,0.0,0,0,0,0.0,0.0,0.0,0.0,0.0,0.0,0.0,0.0,0.0,0.0,0.0,0.0,0.0,0.0,0.0,0.0,0,-107875648.0,77,0.0,154,0.0,-101056864.0,ERR,ERR,ERR,ERR,ERR,ERR,ERR,ERR,ERR,ERR,ERR,ERR,ERR,ERR,ERR,ERR,ERR,ERR,ERR,ERR,ERR,ERR,ERR,ERR,ERR,ERR,ERR,ERR,ERR,ERR,ERR,ERR,ERR,ERR,ERR,ERR,ERR,ERR,ERR,ERR,ERR,ERR,ERR,ERR,ERR,ERR,ERR,ERR,ERR,ERR,ERR,ERR,ERR,ERR,ERR,ERR,ERR,ERR,ERR,ERR,ERR,ERR,ERR,ERR,ERR,ERR,ERR,34.0,80.0,35,0.0,0.0,0.0,0.0,0.0,0.0,0.0,0.0,0.0,0.0,0.0,0.0,0.0,0.0,0.0,0.0,66.0,0,120,58,53,65476,0,300,0,0,8,20529,65476,0,0,57672,80.0,0.0,0.0,0.0,0.0,0.0
2026-06-18T02:47:02,ERR,ERR,ERR,ERR,ERR,ERR,ERR,ERR,ERR,ERR,ERR,ERR,ERR,ERR,ERR,ERR,ERR,ERR,ERR,ERR,ERR,ERR,ERR,ERR,ERR,ERR,ERR,ERR,ERR,ERR,ERR,ERR,ERR,ERR,ERR,ERR,ERR,ERR,ERR,ERR,ERR,ERR,ERR,ERR,ERR,ERR,ERR,ERR,ERR,ERR,ERR,ERR,ERR,ERR,ERR,ERR,ERR,ERR,ERR,ERR,ERR,ERR,ERR,ERR,ERR,ERR,ERR,ERR,ERR,ERR,ERR,ERR,ERR,ERR,ERR,ERR,ERR,ERR,ERR,ERR,ERR,ERR,ERR,ERR,ERR,ERR,ERR,ERR,ERR,ERR,ERR,ERR,ERR,ERR,ERR,ERR,ERR,ERR,ERR,ERR,ERR,ERR,ERR,ERR,ERR,ERR,ERR,ERR,ERR,ERR,ERR,ERR,ERR,ERR,ERR,ERR,ERR,ERR,ERR,ERR,ERR,ERR,ERR,ERR,ERR,0.0,0.0,-0.0,89215.008,nan,1.3936040501711995e+18,7.805,-1.2121118219281682e+20,0,0,4,48935,6720,14723890282496.0,100,0.0,0.0,0.0,0.0,0.0,0,0,0,0,0.0,0,0,0,0,0,0,0,0,0,0,0,0,0,0,0,0,0,0,0,0,0,0,0,0,0,0,0,0,0,0,0,0,0,26,51,50,76,65476,0,300,0,0,8,21553,0.0,-107605600.0,0.0,0.0,0.0,0.0,0.0,0.0,0.0,0.0,0.0,0.0,0.0,0.0,0.0,0.0,0.0,0.0,0.0,0.0,0.0,0.0,-0.0,0.0,-0.0,-0.0,0.0,0.0,0.0,0.0,4823.0,0.0,7235.0,0.0,0.0,2.7184303811560617e+23,2.718431101732002e+23,0.0,0.0,0.0,0.0,77,-126841118720.0,0.0,0.0,0.0,0.0,0.0,0.0,0.0,0.0,0,0,0,0.0,0.0,0.0,0.0,0.0,0.0,0.0,0.0,0.0,0.0,0.0,0.0,0.0,0.0,0.0,0.0,0,-107875648.0,77,0.0,154,0.0,-101056864.0,ERR,ERR,ERR,ERR,ERR,ERR,ERR,ERR,ERR,ERR,ERR,ERR,ERR,ERR,ERR,ERR,ERR,ERR,ERR,ERR,ERR,ERR,ERR,ERR,ERR,ERR,ERR,ERR,ERR,ERR,ERR,ERR,ERR,ERR,ERR,ERR,ERR,ERR,ERR,ERR,ERR,ERR,ERR,ERR,ERR,ERR,ERR,ERR,ERR,ERR,ERR,ERR,ERR,ERR,ERR,ERR,ERR,ERR,ERR,ERR,ERR,ERR,ERR,ERR,ERR,ERR,ERR,34.0,80.0,35,0.0,0.0,0.0,0.0,0.0,0.0,0.0,0.0,0.0,0.0,0.0,0.0,0.0,0.0,0.0,0.0,65.6,0,120,58,53,65476,0,300,0,0,8,20529,65476,0,0,57672,80.0,0.0,0.0,0.0,0.0,0.0
2026-06-18T02:47:03,ERR,ERR,ERR,ERR,ERR,ERR,ERR,ERR,ERR,ERR,ERR,ERR,ERR,ERR,ERR,ERR,ERR,ERR,ERR,ERR,ERR,ERR,ERR,ERR,ERR,ERR,ERR,ERR,ERR,ERR,ERR,ERR,ERR,ERR,ERR,ERR,ERR,ERR,ERR,ERR,ERR,ERR,ERR,ERR,ERR,ERR,ERR,ERR,ERR,ERR,ERR,ERR,ERR,ERR,ERR,ERR,ERR,ERR,ERR,ERR,ERR,ERR,ERR,ERR,ERR,ERR,ERR,ERR,ERR,ERR,ERR,ERR,ERR,ERR,ERR,ERR,ERR,ERR,ERR,ERR,ERR,ERR,ERR,ERR,ERR,ERR,ERR,ERR,ERR,ERR,ERR,ERR,ERR,ERR,ERR,ERR,ERR,ERR,ERR,ERR,ERR,ERR,ERR,ERR,ERR,ERR,ERR,ERR,ERR,ERR,ERR,ERR,ERR,ERR,ERR,ERR,ERR,ERR,ERR,ERR,ERR,ERR,ERR,ERR,ERR,0.0,0.0,-0.0,89215.008,nan,1.3936040501711995e+18,7.805,-1.2121118219281682e+20,0,0,4,48935,6720,14723890282496.0,100,0.0,0.0,0.0,0.0,0.0,0,0,0,0,0.0,0,0,0,0,0,0,0,0,0,0,0,0,0,0,0,0,0,0,0,0,0,0,0,0,0,0,0,0,0,0,0,0,0,26,51,50,76,65476,0,300,0,0,8,21553,0.0,-107605600.0,0.0,0.0,0.0,0.0,0.0,0.0,0.0,0.0,0.0,0.0,0.0,0.0,0.0,0.0,0.0,0.0,0.0,0.0,0.0,0.0,-0.0,0.0,-0.0,-0.0,0.0,0.0,0.0,0.0,4823.0,0.0,7235.0,0.0,0.0,2.7184303811560617e+23,2.718431101732002e+23,0.0,0.0,0.0,0.0,77,-126841118720.0,0.0,0.0,0.0,0.0,0.0,0.0,0.0,0.0,0,0,0,0.0,0.0,0.0,0.0,0.0,0.0,0.0,0.0,0.0,0.0,0.0,0.0,0.0,0.0,0.0,0.0,0,-107875648.0,77,0.0,154,0.0,-101056864.0,ERR,ERR,ERR,ERR,ERR,ERR,ERR,ERR,ERR,ERR,ERR,ERR,ERR,ERR,ERR,ERR,ERR,ERR,ERR,ERR,ERR,ERR,ERR,ERR,ERR,ERR,ERR,ERR,ERR,ERR,ERR,ERR,ERR,ERR,ERR,ERR,ERR,ERR,ERR,ERR,ERR,ERR,ERR,ERR,ERR,ERR,ERR,ERR,ERR,ERR,ERR,ERR,ERR,ERR,ERR,ERR,ERR,ERR,ERR,ERR,ERR,ERR,ERR,ERR,ERR,ERR,ERR,34.0,80.0,35,0.0,0.0,0.0,0.0,0.0,0.0,0.0,0.0,0.0,0.0,0.0,0.0,0.0,0.0,0.0,0.0,65.6,0,120,58,53,65476,0,300,0,0,8,20529,65476,0,0,57672,80.0,0.0,0.0,0.0,0.0,0.0
2026-06-18T02:47:04,ERR,ERR,ERR,ERR,ERR,ERR,ERR,ERR,ERR,ERR,ERR,ERR,ERR,ERR,ERR,ERR,ERR,ERR,ERR,ERR,ERR,ERR,ERR,ERR,ERR,ERR,ERR,ERR,ERR,ERR,ERR,ERR,ERR,ERR,ERR,ERR,ERR,ERR,ERR,ERR,ERR,ERR,ERR,ERR,ERR,ERR,ERR,ERR,ERR,ERR,ERR,ERR,ERR,ERR,ERR,ERR,ERR,ERR,ERR,ERR,ERR,ERR,ERR,ERR,ERR,ERR,ERR,ERR,ERR,ERR,ERR,ERR,ERR,ERR,ERR,ERR,ERR,ERR,ERR,ERR,ERR,ERR,ERR,ERR,ERR,ERR,ERR,ERR,ERR,ERR,ERR,ERR,ERR,ERR,ERR,ERR,ERR,ERR,ERR,ERR,ERR,ERR,ERR,ERR,ERR,ERR,ERR,ERR,ERR,ERR,ERR,ERR,ERR,ERR,ERR,ERR,ERR,ERR,ERR,ERR,ERR,ERR,ERR,ERR,ERR,0.0,0.0,-0.0,2.718290229135658e+23,nan,1.3936040501711995e+18,7.805,-12113.15,0,0,4,48930,6720,14723890282496.0,100,0.0,0.0,0.0,4.066583538651734e+29,0.0,0,0,0,0,0.0,0,0,0,0,0,0,0,0,0,0,0,0,0,0,0,0,0,0,0,0,0,0,0,0,0,0,0,0,0,0,0,0,0,26,51,50,76,65476,0,300,0,0,8,21553,0.0,-107605600.0,0.0,0.0,0.0,0.0,0.0,0.0,0.0,0.0,0.0,0.0,0.0,0.0,0.0,0.0,0.0,0.0,0.0,0.0,0.0,0.0,-0.0,0.0,-0.0,-0.0,0.0,0.0,0.0,0.0,4828.0,0.0,7237.0,0.0,0.0,2.7184303811560617e+23,2.718431101732002e+23,0.0,0.0,0.0,0.0,77,-3.2220289616203523e+26,0.0,0.0,0.0,0.0,0.0,0.0,0.0,0.0,0,0,0,0.0,0.0,0.0,0.0,0.0,0.0,0.0,0.0,0.0,0.0,0.0,0.0,0.0,0.0,0.0,0.0,0,-107875648.0,77,0.0,154,0.0,-101056864.0,ERR,ERR,ERR,ERR,ERR,ERR,ERR,ERR,ERR,ERR,ERR,ERR,ERR,ERR,ERR,ERR,ERR,ERR,ERR,ERR,ERR,ERR,ERR,ERR,ERR,ERR,ERR,ERR,ERR,ERR,ERR,ERR,ERR,ERR,ERR,ERR,ERR,ERR,ERR,ERR,ERR,ERR,ERR,ERR,ERR,ERR,ERR,ERR,ERR,ERR,ERR,ERR,ERR,ERR,ERR,ERR,ERR,ERR,ERR,ERR,ERR,ERR,ERR,ERR,ERR,ERR,ERR,34.0,80.0,35,0.0,0.0,0.0,0.0,0.0,0.0,0.0,0.0,0.0,0.0,0.0,0.0,0.0,0.0,0.0,0.0,65.6,0,120,58,53,65476,0,300,0,0,8,20529,65476,0,0,57672,80.0,0.0,0.0,0.0,0.0,0.0
2026-06-18T02:47:05,ERR,ERR,ERR,ERR,ERR,ERR,ERR,ERR,ERR,ERR,ERR,ERR,ERR,ERR,ERR,ERR,ERR,ERR,ERR,ERR,ERR,ERR,ERR,ERR,ERR,ERR,ERR,ERR,ERR,ERR,ERR,ERR,ERR,ERR,ERR,ERR,ERR,ERR,ERR,ERR,ERR,ERR,ERR,ERR,ERR,ERR,ERR,ERR,ERR,ERR,ERR,ERR,ERR,ERR,ERR,ERR,ERR,ERR,ERR,ERR,ERR,ERR,ERR,ERR,ERR,ERR,ERR,ERR,ERR,ERR,ERR,ERR,ERR,ERR,ERR,ERR,ERR,ERR,ERR,ERR,ERR,ERR,ERR,ERR,ERR,ERR,ERR,ERR,ERR,ERR,ERR,ERR,ERR,ERR,ERR,ERR,ERR,ERR,ERR,ERR,ERR,ERR,ERR,ERR,ERR,ERR,ERR,ERR,ERR,ERR,ERR,ERR,ERR,ERR,ERR,ERR,ERR,ERR,ERR,ERR,ERR,ERR,ERR,ERR,ERR,0.0,0.0,-0.0,2.718290229135658e+23,nan,1.3936040501711995e+18,7.805,-12113.15,0,0,4,48930,6720,14723890282496.0,100,0.0,0.0,0.0,4.066583538651734e+29,0.0,0,0,0,0,0.0,0,0,0,0,0,0,0,0,0,0,0,0,0,0,0,0,0,0,0,0,0,0,0,0,0,0,0,0,0,0,0,0,0,26,51,50,76,65476,0,300,0,0,8,21553,0.0,-107605600.0,0.0,0.0,0.0,0.0,0.0,0.0,0.0,0.0,0.0,0.0,0.0,0.0,0.0,0.0,0.0,0.0,0.0,0.0,0.0,0.0,-0.0,0.0,-0.0,-0.0,0.0,0.0,0.0,0.0,4828.0,0.0,7237.0,0.0,0.0,2.7184303811560617e+23,2.718431101732002e+23,0.0,0.0,0.0,0.0,77,-3.2220289616203523e+26,0.0,0.0,0.0,0.0,0.0,0.0,0.0,0.0,0,0,0,0.0,0.0,0.0,0.0,0.0,0.0,0.0,0.0,0.0,0.0,0.0,0.0,0.0,0.0,0.0,0.0,0,-107875648.0,77,0.0,154,0.0,-101056864.0,ERR,ERR,ERR,ERR,ERR,ERR,ERR,ERR,ERR,ERR,ERR,ERR,ERR,ERR,ERR,ERR,ERR,ERR,ERR,ERR,ERR,ERR,ERR,ERR,ERR,ERR,ERR,ERR,ERR,ERR,ERR,ERR,ERR,ERR,ERR,ERR,ERR,ERR,ERR,ERR,ERR,ERR,ERR,ERR,ERR,ERR,ERR,ERR,ERR,ERR,ERR,ERR,ERR,ERR,ERR,ERR,ERR,ERR,ERR,ERR,ERR,ERR,ERR,ERR,ERR,ERR,ERR,34.0,80.0,35,0.0,0.0,0.0,0.0,0.0,0.0,0.0,0.0,0.0,0.0,0.0,0.0,0.0,0.0,0.0,0.0,65.6,0,120,58,53,65476,0,300,0,0,8,20529,65476,0,0,57672,80.0,0.0,0.0,0.0,0.0,0.0
2026-06-18T02:47:06,ERR,ERR,ERR,ERR,ERR,ERR,ERR,ERR,ERR,ERR,ERR,ERR,ERR,ERR,ERR,ERR,ERR,ERR,ERR,ERR,ERR,ERR,ERR,ERR,ERR,ERR,ERR,ERR,ERR,ERR,ERR,ERR,ERR,ERR,ERR,ERR,ERR,ERR,ERR,ERR,ERR,ERR,ERR,ERR,ERR,ERR,ERR,ERR,ERR,ERR,ERR,ERR,ERR,ERR,ERR,ERR,ERR,ERR,ERR,ERR,ERR,ERR,ERR,ERR,ERR,ERR,ERR,ERR,ERR,ERR,ERR,ERR,ERR,ERR,ERR,ERR,ERR,ERR,ERR,ERR,ERR,ERR,ERR,ERR,ERR,ERR,ERR,ERR,ERR,ERR,ERR,ERR,ERR,ERR,ERR,ERR,ERR,ERR,ERR,ERR,ERR,ERR,ERR,ERR,ERR,ERR,ERR,ERR,ERR,ERR,ERR,ERR,ERR,ERR,ERR,ERR,ERR,ERR,ERR,ERR,ERR,ERR,ERR,ERR,ERR,0.0,0.0,-0.0,2.718290229135658e+23,nan,1.3936040501711995e+18,7.805,-12113.15,0,0,4,48930,6720,14723890282496.0,100,0.0,0.0,0.0,4.066583538651734e+29,0.0,0,0,0,0,0.0,0,0,0,0,0,0,0,0,0,0,0,0,0,0,0,0,0,0,0,0,0,0,0,0,0,0,0,0,0,0,0,0,0,26,51,50,76,65476,0,300,0,0,8,21553,0.0,-107605600.0,0.0,0.0,0.0,0.0,0.0,0.0,0.0,0.0,0.0,0.0,0.0,0.0,0.0,0.0,0.0,0.0,0.0,0.0,0.0,0.0,-0.0,0.0,-0.0,-0.0,0.0,0.0,0.0,0.0,4828.0,0.0,7237.0,0.0,0.0,2.7184303811560617e+23,2.718431101732002e+23,0.0,0.0,0.0,0.0,77,-3.2220289616203523e+26,0.0,0.0,0.0,0.0,0.0,0.0,0.0,0.0,0,0,0,0.0,0.0,0.0,0.0,0.0,0.0,0.0,0.0,0.0,0.0,0.0,0.0,0.0,0.0,0.0,0.0,0,-107875648.0,77,0.0,154,0.0,-101056864.0,ERR,ERR,ERR,ERR,ERR,ERR,ERR,ERR,ERR,ERR,ERR,ERR,ERR,ERR,ERR,ERR,ERR,ERR,ERR,ERR,ERR,ERR,ERR,ERR,ERR,ERR,ERR,ERR,ERR,ERR,ERR,ERR,ERR,ERR,ERR,ERR,ERR,ERR,ERR,ERR,ERR,ERR,ERR,ERR,ERR,ERR,ERR,ERR,ERR,ERR,ERR,ERR,ERR,ERR,ERR,ERR,ERR,ERR,ERR,ERR,ERR,ERR,ERR,ERR,ERR,ERR,ERR,34.0,80.0,35,0.0,0.0,0.0,0.0,0.0,0.0,0.0,0.0,0.0,0.0,0.0,0.0,0.0,0.0,0.0,0.0,66.0,0,120,58,53,65476,0,300,0,0,8,20529,65476,0,0,57672,80.0,0.0,0.0,0.0,0.0,0.0
2026-06-18T02:47:07,ERR,ERR,ERR,ERR,ERR,ERR,ERR,ERR,ERR,ERR,ERR,ERR,ERR,ERR,ERR,ERR,ERR,ERR,ERR,ERR,ERR,ERR,ERR,ERR,ERR,ERR,ERR,ERR,ERR,ERR,ERR,ERR,ERR,ERR,ERR,ERR,ERR,ERR,ERR,ERR,ERR,ERR,ERR,ERR,ERR,ERR,ERR,ERR,ERR,ERR,ERR,ERR,ERR,ERR,ERR,ERR,ERR,ERR,ERR,ERR,ERR,ERR,ERR,ERR,ERR,ERR,ERR,ERR,ERR,ERR,ERR,ERR,ERR,ERR,ERR,ERR,ERR,ERR,ERR,ERR,ERR,ERR,ERR,ERR,ERR,ERR,ERR,ERR,ERR,ERR,ERR,ERR,ERR,ERR,ERR,ERR,ERR,ERR,ERR,ERR,ERR,ERR,ERR,ERR,ERR,ERR,ERR,ERR,ERR,ERR,ERR,ERR,ERR,ERR,ERR,ERR,ERR,ERR,ERR,ERR,ERR,ERR,ERR,ERR,ERR,0.0,0.0,-0.0,2.718290229135658e+23,nan,1.3936040501711995e+18,7.805,-12113.15,0,0,4,48930,6720,14723890282496.0,100,0.0,0.0,0.0,4.066583538651734e+29,0.0,0,0,0,0,0.0,0,0,0,0,0,0,0,0,0,0,0,0,0,0,0,0,0,0,0,0,0,0,0,0,0,0,0,0,0,0,0,0,0,26,51,50,76,65476,0,300,0,0,8,21553,0.0,-107605600.0,0.0,0.0,0.0,0.0,0.0,0.0,0.0,0.0,0.0,0.0,0.0,0.0,0.0,0.0,0.0,0.0,0.0,0.0,0.0,0.0,-0.0,0.0,-0.0,-0.0,0.0,0.0,0.0,0.0,4828.0,0.0,7237.0,0.0,0.0,2.7184303811560617e+23,2.718431101732002e+23,0.0,0.0,0.0,0.0,77,-3.2220289616203523e+26,0.0,0.0,0.0,0.0,0.0,0.0,0.0,0.0,0,0,0,0.0,0.0,0.0,0.0,0.0,0.0,0.0,0.0,0.0,0.0,0.0,0.0,0.0,0.0,0.0,0.0,0,-107875648.0,77,0.0,154,0.0,-101056864.0,ERR,ERR,ERR,ERR,ERR,ERR,ERR,ERR,ERR,ERR,ERR,ERR,ERR,ERR,ERR,ERR,ERR,ERR,ERR,ERR,ERR,ERR,ERR,ERR,ERR,ERR,ERR,ERR,ERR,ERR,ERR,ERR,ERR,ERR,ERR,ERR,ERR,ERR,ERR,ERR,ERR,ERR,ERR,ERR,ERR,ERR,ERR,ERR,ERR,ERR,ERR,ERR,ERR,ERR,ERR,ERR,ERR,ERR,ERR,ERR,ERR,ERR,ERR,ERR,ERR,ERR,ERR,34.0,80.0,35,0.0,0.0,0.0,0.0,0.0,0.0,0.0,0.0,0.0,0.0,0.0,0.0,0.0,0.0,0.0,0.0,66.0,0,120,58,53,65476,0,300,0,0,8,20529,65476,0,0,57672,80.0,0.0,0.0,0.0,0.0,0.0
2026-06-18T02:47:08,ERR,ERR,ERR,ERR,ERR,ERR,ERR,ERR,ERR,ERR,ERR,ERR,ERR,ERR,ERR,ERR,ERR,ERR,ERR,ERR,ERR,ERR,ERR,ERR,ERR,ERR,ERR,ERR,ERR,ERR,ERR,ERR,ERR,ERR,ERR,ERR,ERR,ERR,ERR,ERR,ERR,ERR,ERR,ERR,ERR,ERR,ERR,ERR,ERR,ERR,ERR,ERR,ERR,ERR,ERR,ERR,ERR,ERR,ERR,ERR,ERR,ERR,ERR,ERR,ERR,ERR,ERR,ERR,ERR,ERR,ERR,ERR,ERR,ERR,ERR,ERR,ERR,ERR,ERR,ERR,ERR,ERR,ERR,ERR,ERR,ERR,ERR,ERR,ERR,ERR,ERR,ERR,ERR,ERR,ERR,ERR,ERR,ERR,ERR,ERR,ERR,ERR,ERR,ERR,ERR,ERR,ERR,ERR,ERR,ERR,ERR,ERR,ERR,ERR,ERR,ERR,ERR,ERR,ERR,ERR,ERR,ERR,ERR,ERR,ERR,0.0,0.0,-0.0,2.718290229135658e+23,nan,1.3936040501711995e+18,7.805,-12113.15,0,0,4,48930,6720,14723890282496.0,100,0.0,0.0,0.0,4.066583538651734e+29,0.0,0,0,0,0,0.0,0,0,0,0,0,0,0,0,0,0,0,0,0,0,0,0,0,0,0,0,0,0,0,0,0,0,0,0,0,0,0,0,0,26,51,50,76,65476,0,300,0,0,8,21553,0.0,-107605600.0,0.0,0.0,0.0,0.0,0.0,0.0,0.0,0.0,0.0,0.0,0.0,0.0,0.0,0.0,0.0,0.0,0.0,0.0,0.0,0.0,-0.0,0.0,-0.0,-0.0,0.0,0.0,0.0,0.0,4828.0,0.0,7237.0,0.0,0.0,2.7184303811560617e+23,2.718431101732002e+23,0.0,0.0,0.0,0.0,77,-3.2220289616203523e+26,0.0,0.0,0.0,0.0,0.0,0.0,0.0,0.0,0,0,0,0.0,0.0,0.0,0.0,0.0,0.0,0.0,0.0,0.0,0.0,0.0,0.0,0.0,0.0,0.0,0.0,0,-107875648.0,77,0.0,154,0.0,-101056864.0,ERR,ERR,ERR,ERR,ERR,ERR,ERR,ERR,ERR,ERR,ERR,ERR,ERR,ERR,ERR,ERR,ERR,ERR,ERR,ERR,ERR,ERR,ERR,ERR,ERR,ERR,ERR,ERR,ERR,ERR,ERR,ERR,ERR,ERR,ERR,ERR,ERR,ERR,ERR,ERR,ERR,ERR,ERR,ERR,ERR,ERR,ERR,ERR,ERR,ERR,ERR,ERR,ERR,ERR,ERR,ERR,ERR,ERR,ERR,ERR,ERR,ERR,ERR,ERR,ERR,ERR,ERR,34.0,80.0,35,0.0,0.0,0.0,0.0,0.0,0.0,0.0,0.0,0.0,0.0,0.0,0.0,0.0,0.0,0.0,0.0,65.6,0,120,58,53,65476,0,300,0,0,8,20529,65476,0,0,57672,80.0,0.0,0.0,0.0,0.0,0.0
2026-06-18T02:47:09,ERR,ERR,ERR,ERR,ERR,ERR,ERR,ERR,ERR,ERR,ERR,ERR,ERR,ERR,ERR,ERR,ERR,ERR,ERR,ERR,ERR,ERR,ERR,ERR,ERR,ERR,ERR,ERR,ERR,ERR,ERR,ERR,ERR,ERR,ERR,ERR,ERR,ERR,ERR,ERR,ERR,ERR,ERR,ERR,ERR,ERR,ERR,ERR,ERR,ERR,ERR,ERR,ERR,ERR,ERR,ERR,ERR,ERR,ERR,ERR,ERR,ERR,ERR,ERR,ERR,ERR,ERR,ERR,ERR,ERR,ERR,ERR,ERR,ERR,ERR,ERR,ERR,ERR,ERR,ERR,ERR,ERR,ERR,ERR,ERR,ERR,ERR,ERR,ERR,ERR,ERR,ERR,ERR,ERR,ERR,ERR,ERR,ERR,ERR,ERR,ERR,ERR,ERR,ERR,ERR,ERR,ERR,ERR,ERR,ERR,ERR,ERR,ERR,ERR,ERR,ERR,ERR,ERR,ERR,ERR,ERR,ERR,ERR,ERR,ERR,0.0,-107615384.0,0.0,-0.0,-1.584,1.3936040501711995e+18,7.805,8.60689115769574e+30,0,0,4,48936,6720,14723890282496.0,100,0.0,0.0,0.0,2.718290229135658e+23,0.0,0,0,0,0,0.0,0,0,0,0,0,0,0,0,0,0,0,0,0,0,0,0,0,0,0,0,0,0,0,0,0,0,0,0,0,0,0,0,0,26,51,50,76,65476,0,300,0,0,8,21553,0.0,-107605600.0,0.0,0.0,0.0,0.0,0.0,0.0,0.0,0.0,0.0,0.0,0.0,0.0,0.0,0.0,0.0,0.0,0.0,0.0,0.0,0.0,-0.0,0.0,-0.0,-0.0,0.0,0.0,0.0,0.0,4828.0,0.0,7237.0,0.0,0.0,2.7184303811560617e+23,2.718431101732002e+23,0.0,0.0,0.0,0.0,77,-3.2220289616203523e+26,0.0,0.0,0.0,0.0,0.0,0.0,0.0,0.0,0,0,0,0.0,0.0,0.0,0.0,0.0,0.0,0.0,0.0,0.0,0.0,0.0,0.0,0.0,0.0,0.0,0.0,0,-107875648.0,77,0.0,154,0.0,-101056864.0,ERR,ERR,ERR,ERR,ERR,ERR,ERR,ERR,ERR,ERR,ERR,ERR,ERR,ERR,ERR,ERR,ERR,ERR,ERR,ERR,ERR,ERR,ERR,ERR,ERR,ERR,ERR,ERR,ERR,ERR,ERR,ERR,ERR,ERR,ERR,ERR,ERR,ERR,ERR,ERR,ERR,ERR,ERR,ERR,ERR,ERR,ERR,ERR,ERR,ERR,ERR,ERR,ERR,ERR,ERR,ERR,ERR,ERR,ERR,ERR,ERR,ERR,ERR,ERR,ERR,ERR,ERR,34.0,80.0,35,0.0,0.0,0.0,0.0,0.0,0.0,0.0,0.0,0.0,0.0,0.0,0.0,0.0,0.0,0.0,0.0,65.6,0,120,58,53,65476,0,300,0,0,8,20529,65476,0,0,57672,80.0,0.0,0.0,0.0,0.0,0.0
2026-06-18T02:47:10,ERR,ERR,ERR,ERR,ERR,ERR,ERR,ERR,ERR,ERR,ERR,ERR,ERR,ERR,ERR,ERR,ERR,ERR,ERR,ERR,ERR,ERR,ERR,ERR,ERR,ERR,ERR,ERR,ERR,ERR,ERR,ERR,ERR,ERR,ERR,ERR,ERR,ERR,ERR,ERR,ERR,ERR,ERR,ERR,ERR,ERR,ERR,ERR,ERR,ERR,ERR,ERR,ERR,ERR,ERR,ERR,ERR,ERR,ERR,ERR,ERR,ERR,ERR,ERR,ERR,ERR,ERR,ERR,ERR,ERR,ERR,ERR,ERR,ERR,ERR,ERR,ERR,ERR,ERR,ERR,ERR,ERR,ERR,ERR,ERR,ERR,ERR,ERR,ERR,ERR,ERR,ERR,ERR,ERR,ERR,ERR,ERR,ERR,ERR,ERR,ERR,ERR,ERR,ERR,ERR,ERR,ERR,ERR,ERR,ERR,ERR,ERR,ERR,ERR,ERR,ERR,ERR,ERR,ERR,ERR,ERR,ERR,ERR,ERR,ERR,0.0,-107615384.0,0.0,-0.0,-1.584,1.3936040501711995e+18,7.805,8.60689115769574e+30,0,0,4,48936,6720,14723890282496.0,100,0.0,0.0,0.0,2.718290229135658e+23,0.0,0,0,0,0,0.0,0,0,0,0,0,0,0,0,0,0,0,0,0,0,0,0,0,0,0,0,0,0,0,0,0,0,0,0,0,0,0,0,0,26,51,50,76,65476,0,300,0,0,8,21553,0.0,-107605600.0,0.0,0.0,0.0,0.0,0.0,0.0,0.0,0.0,0.0,0.0,0.0,0.0,0.0,0.0,0.0,0.0,0.0,0.0,0.0,0.0,-0.0,0.0,-0.0,-0.0,0.0,0.0,0.0,0.0,4828.0,0.0,7237.0,0.0,0.0,2.7184303811560617e+23,2.718431101732002e+23,0.0,0.0,0.0,0.0,77,-3.2220289616203523e+26,0.0,0.0,0.0,0.0,0.0,0.0,0.0,0.0,0,0,0,0.0,0.0,0.0,0.0,0.0,0.0,0.0,0.0,0.0,0.0,0.0,0.0,0.0,0.0,0.0,0.0,0,-107875648.0,77,0.0,154,0.0,-101056864.0,ERR,ERR,ERR,ERR,ERR,ERR,ERR,ERR,ERR,ERR,ERR,ERR,ERR,ERR,ERR,ERR,ERR,ERR,ERR,ERR,ERR,ERR,ERR,ERR,ERR,ERR,ERR,ERR,ERR,ERR,ERR,ERR,ERR,ERR,ERR,ERR,ERR,ERR,ERR,ERR,ERR,ERR,ERR,ERR,ERR,ERR,ERR,ERR,ERR,ERR,ERR,ERR,ERR,ERR,ERR,ERR,ERR,ERR,ERR,ERR,ERR,ERR,ERR,ERR,ERR,ERR,ERR,34.0,80.0,35,0.0,0.0,0.0,0.0,0.0,0.0,0.0,0.0,0.0,0.0,0.0,0.0,0.0,0.0,0.0,0.0,66.0,0,120,58,53,65476,0,300,0,0,8,20529,65476,0,0,57672,80.0,0.0,0.0,0.0,0.0,0.0
2026-06-18T02:47:11,ERR,ERR,ERR,ERR,ERR,ERR,ERR,ERR,ERR,ERR,ERR,ERR,ERR,ERR,ERR,ERR,ERR,ERR,ERR,ERR,ERR,ERR,ERR,ERR,ERR,ERR,ERR,ERR,ERR,ERR,ERR,ERR,ERR,ERR,ERR,ERR,ERR,ERR,ERR,ERR,ERR,ERR,ERR,ERR,ERR,ERR,ERR,ERR,ERR,ERR,ERR,ERR,ERR,ERR,ERR,ERR,ERR,ERR,ERR,ERR,ERR,ERR,ERR,ERR,ERR,ERR,ERR,ERR,ERR,ERR,ERR,ERR,ERR,ERR,ERR,ERR,ERR,ERR,ERR,ERR,ERR,ERR,ERR,ERR,ERR,ERR,ERR,ERR,ERR,ERR,ERR,ERR,ERR,ERR,ERR,ERR,ERR,ERR,ERR,ERR,ERR,ERR,ERR,ERR,ERR,ERR,ERR,ERR,ERR,ERR,ERR,ERR,ERR,ERR,ERR,ERR,ERR,ERR,ERR,ERR,ERR,ERR,ERR,ERR,ERR,0.0,-107615384.0,0.0,-0.0,-1.584,1.3936040501711995e+18,7.805,8.60689115769574e+30,0,0,4,48936,6720,14723890282496.0,100,0.0,0.0,0.0,2.718290229135658e+23,0.0,0,0,0,0,0.0,0,0,0,0,0,0,0,0,0,0,0,0,0,0,0,0,0,0,0,0,0,0,0,0,0,0,0,0,0,0,0,0,0,26,51,50,76,65476,0,300,0,0,8,21553,0.0,-107605600.0,0.0,0.0,0.0,0.0,0.0,0.0,0.0,0.0,0.0,0.0,0.0,0.0,0.0,0.0,0.0,0.0,0.0,0.0,0.0,0.0,-0.0,0.0,-0.0,-0.0,0.0,0.0,0.0,0.0,4828.0,0.0,7237.0,0.0,0.0,2.7184303811560617e+23,2.718431101732002e+23,0.0,0.0,0.0,0.0,77,-3.2220289616203523e+26,0.0,0.0,0.0,0.0,0.0,0.0,0.0,0.0,0,0,0,0.0,0.0,0.0,0.0,0.0,0.0,0.0,0.0,0.0,0.0,0.0,0.0,0.0,0.0,0.0,0.0,0,-107875648.0,77,0.0,154,0.0,-101056864.0,ERR,ERR,ERR,ERR,ERR,ERR,ERR,ERR,ERR,ERR,ERR,ERR,ERR,ERR,ERR,ERR,ERR,ERR,ERR,ERR,ERR,ERR,ERR,ERR,ERR,ERR,ERR,ERR,ERR,ERR,ERR,ERR,ERR,ERR,ERR,ERR,ERR,ERR,ERR,ERR,ERR,ERR,ERR,ERR,ERR,ERR,ERR,ERR,ERR,ERR,ERR,ERR,ERR,ERR,ERR,ERR,ERR,ERR,ERR,ERR,ERR,ERR,ERR,ERR,ERR,ERR,ERR,34.0,80.0,35,0.0,0.0,0.0,0.0,0.0,0.0,0.0,0.0,0.0,0.0,0.0,0.0,0.0,0.0,0.0,0.0,66.0,0,120,58,53,65476,0,300,0,0,8,20529,65476,0,0,57672,80.0,0.0,0.0,0.0,0.0,0.0
2026-06-18T02:47:12,ERR,ERR,ERR,ERR,ERR,ERR,ERR,ERR,ERR,ERR,ERR,ERR,ERR,ERR,ERR,ERR,ERR,ERR,ERR,ERR,ERR,ERR,ERR,ERR,ERR,ERR,ERR,ERR,ERR,ERR,ERR,ERR,ERR,ERR,ERR,ERR,ERR,ERR,ERR,ERR,ERR,ERR,ERR,ERR,ERR,ERR,ERR,ERR,ERR,ERR,ERR,ERR,ERR,ERR,ERR,ERR,ERR,ERR,ERR,ERR,ERR,ERR,ERR,ERR,ERR,ERR,ERR,ERR,ERR,ERR,ERR,ERR,ERR,ERR,ERR,ERR,ERR,ERR,ERR,ERR,ERR,ERR,ERR,ERR,ERR,ERR,ERR,ERR,ERR,ERR,ERR,ERR,ERR,ERR,ERR,ERR,ERR,ERR,ERR,ERR,ERR,ERR,ERR,ERR,ERR,ERR,ERR,ERR,ERR,ERR,ERR,ERR,ERR,ERR,ERR,ERR,ERR,ERR,ERR,ERR,ERR,ERR,ERR,ERR,ERR,0.0,-107615384.0,0.0,-0.0,-1.584,1.3936040501711995e+18,7.805,8.60689115769574e+30,0,0,4,48936,6720,14723890282496.0,100,0.0,0.0,0.0,2.718290229135658e+23,0.0,0,0,0,0,0.0,0,0,0,0,0,0,0,0,0,0,0,0,0,0,0,0,0,0,0,0,0,0,0,0,0,0,0,0,0,0,0,0,0,26,51,50,76,65476,0,300,0,0,8,21553,0.0,-107605600.0,0.0,0.0,0.0,0.0,0.0,0.0,0.0,0.0,0.0,0.0,0.0,0.0,0.0,0.0,0.0,0.0,0.0,0.0,0.0,0.0,-0.0,0.0,-0.0,-0.0,0.0,0.0,0.0,0.0,4828.0,0.0,7237.0,0.0,0.0,2.7184303811560617e+23,2.718431101732002e+23,0.0,0.0,0.0,0.0,77,-3.2220289616203523e+26,0.0,0.0,0.0,0.0,0.0,0.0,0.0,0.0,0,0,0,0.0,0.0,0.0,0.0,0.0,0.0,0.0,0.0,0.0,0.0,0.0,0.0,0.0,0.0,0.0,0.0,0,-107875648.0,77,0.0,154,0.0,-101056864.0,ERR,ERR,ERR,ERR,ERR,ERR,ERR,ERR,ERR,ERR,ERR,ERR,ERR,ERR,ERR,ERR,ERR,ERR,ERR,ERR,ERR,ERR,ERR,ERR,ERR,ERR,ERR,ERR,ERR,ERR,ERR,ERR,ERR,ERR,ERR,ERR,ERR,ERR,ERR,ERR,ERR,ERR,ERR,ERR,ERR,ERR,ERR,ERR,ERR,ERR,ERR,ERR,ERR,ERR,ERR,ERR,ERR,ERR,ERR,ERR,ERR,ERR,ERR,ERR,ERR,ERR,ERR,34.0,80.0,35,0.0,0.0,0.0,0.0,0.0,0.0,0.0,0.0,0.0,0.0,0.0,0.0,0.0,0.0,0.0,0.0,66.0,0,120,58,53,65476,0,300,0,0,8,20529,65476,0,0,57672,80.0,0.0,0.0,0.0,0.0,0.0
2026-06-18T02:47:13,ERR,ERR,ERR,ERR,ERR,ERR,ERR,ERR,ERR,ERR,ERR,ERR,ERR,ERR,ERR,ERR,ERR,ERR,ERR,ERR,ERR,ERR,ERR,ERR,ERR,ERR,ERR,ERR,ERR,ERR,ERR,ERR,ERR,ERR,ERR,ERR,ERR,ERR,ERR,ERR,ERR,ERR,ERR,ERR,ERR,ERR,ERR,ERR,ERR,ERR,ERR,ERR,ERR,ERR,ERR,ERR,ERR,ERR,ERR,ERR,ERR,ERR,ERR,ERR,ERR,ERR,ERR,ERR,ERR,ERR,ERR,ERR,ERR,ERR,ERR,ERR,ERR,ERR,ERR,ERR,ERR,ERR,ERR,ERR,ERR,ERR,ERR,ERR,ERR,ERR,ERR,ERR,ERR,ERR,ERR,ERR,ERR,ERR,ERR,ERR,ERR,ERR,ERR,ERR,ERR,ERR,ERR,ERR,ERR,ERR,ERR,ERR,ERR,ERR,ERR,ERR,ERR,ERR,ERR,ERR,ERR,ERR,ERR,ERR,ERR,0.0,-107615384.0,0.0,-0.0,-1.584,1.3936040501711995e+18,7.805,8.60689115769574e+30,0,0,4,48936,6720,14723890282496.0,100,0.0,0.0,0.0,2.718290229135658e+23,0.0,0,0,0,0,0.0,0,0,0,0,0,0,0,0,0,0,0,0,0,0,0,0,0,0,0,0,0,0,0,0,0,0,0,0,0,0,0,0,0,26,51,50,76,65476,0,300,0,0,8,21553,0.0,-107605600.0,0.0,0.0,0.0,0.0,0.0,0.0,0.0,0.0,0.0,0.0,0.0,0.0,0.0,0.0,0.0,0.0,0.0,0.0,0.0,0.0,-0.0,0.0,-0.0,-0.0,0.0,0.0,0.0,0.0,4828.0,0.0,7237.0,0.0,0.0,2.7184303811560617e+23,2.718431101732002e+23,0.0,0.0,0.0,0.0,77,-3.2220289616203523e+26,0.0,0.0,0.0,0.0,0.0,0.0,0.0,0.0,0,0,0,0.0,0.0,0.0,0.0,0.0,0.0,0.0,0.0,0.0,0.0,0.0,0.0,0.0,0.0,0.0,0.0,0,-107875648.0,77,0.0,154,0.0,-101056864.0,ERR,ERR,ERR,ERR,ERR,ERR,ERR,ERR,ERR,ERR,ERR,ERR,ERR,ERR,ERR,ERR,ERR,ERR,ERR,ERR,ERR,ERR,ERR,ERR,ERR,ERR,ERR,ERR,ERR,ERR,ERR,ERR,ERR,ERR,ERR,ERR,ERR,ERR,ERR,ERR,ERR,ERR,ERR,ERR,ERR,ERR,ERR,ERR,ERR,ERR,ERR,ERR,ERR,ERR,ERR,ERR,ERR,ERR,ERR,ERR,ERR,ERR,ERR,ERR,ERR,ERR,ERR,34.0,80.0,35,0.0,0.0,0.0,0.0,0.0,0.0,0.0,0.0,0.0,0.0,0.0,0.0,0.0,0.0,0.0,0.0,66.4,0,120,58,53,65476,0,300,0,0,8,20529,65476,0,0,57672,80.0,0.0,0.0,0.0,0.0,0.0
2026-06-18T02:47:14,ERR,ERR,ERR,ERR,ERR,ERR,ERR,ERR,ERR,ERR,ERR,ERR,ERR,ERR,ERR,ERR,ERR,ERR,ERR,ERR,ERR,ERR,ERR,ERR,ERR,ERR,ERR,ERR,ERR,ERR,ERR,ERR,ERR,ERR,ERR,ERR,ERR,ERR,ERR,ERR,ERR,ERR,ERR,ERR,ERR,ERR,ERR,ERR,ERR,ERR,ERR,ERR,ERR,ERR,ERR,ERR,ERR,ERR,ERR,ERR,ERR,ERR,ERR,ERR,ERR,ERR,ERR,ERR,ERR,ERR,ERR,ERR,ERR,ERR,ERR,ERR,ERR,ERR,ERR,ERR,ERR,ERR,ERR,ERR,ERR,ERR,ERR,ERR,ERR,ERR,ERR,ERR,ERR,ERR,ERR,ERR,ERR,ERR,ERR,ERR,ERR,ERR,ERR,ERR,ERR,ERR,ERR,ERR,ERR,ERR,ERR,ERR,ERR,ERR,ERR,ERR,ERR,ERR,ERR,ERR,ERR,ERR,ERR,ERR,ERR,0.0,0.0,-0.0,2.718290229135658e+23,nan,1.3936040501711995e+18,7.805,-12113.15,0,0,4,48929,6720,14723890282496.0,100,0.0,0.0,0.0,0.0,0.0,0,0,0,0,0.0,0,0,0,0,0,0,0,0,0,0,0,0,0,0,0,0,0,0,0,0,0,0,0,0,0,0,0,0,0,0,0,0,0,26,51,50,76,65476,0,300,0,0,8,21553,0.0,-107605600.0,0.0,0.0,0.0,0.0,0.0,0.0,0.0,0.0,0.0,0.0,0.0,0.0,0.0,0.0,0.0,0.0,0.0,0.0,0.0,0.0,-0.0,0.0,-0.0,-0.0,0.0,0.0,0.0,0.0,4829.0,0.0,7236.0,0.0,0.0,2.7184303811560617e+23,2.718431101732002e+23,0.0,0.0,0.0,0.0,77,-4.0668804810561766e+29,0.0,0.0,0.0,0.0,0.0,0.0,0.0,0.0,0,0,0,0.0,0.0,0.0,0.0,0.0,0.0,0.0,0.0,0.0,0.0,0.0,0.0,0.0,0.0,0.0,0.0,0,-107875648.0,77,0.0,154,0.0,0.0,ERR,ERR,ERR,ERR,ERR,ERR,ERR,ERR,ERR,ERR,ERR,ERR,ERR,ERR,ERR,ERR,ERR,ERR,ERR,ERR,ERR,ERR,ERR,ERR,ERR,ERR,ERR,ERR,ERR,ERR,ERR,ERR,ERR,ERR,ERR,ERR,ERR,ERR,ERR,ERR,ERR,ERR,ERR,ERR,ERR,ERR,ERR,ERR,ERR,ERR,ERR,ERR,ERR,ERR,ERR,ERR,ERR,ERR,ERR,ERR,ERR,ERR,ERR,ERR,ERR,ERR,ERR,34.0,80.0,35,0.0,0.0,0.0,0.0,0.0,0.0,0.0,0.0,0.0,0.0,0.0,0.0,0.0,0.0,0.0,0.0,66.4,0,120,58,53,65476,0,300,0,0,8,20529,65476,0,0,57672,80.0,0.0,0.0,0.0,0.0,0.0
2026-06-18T02:47:15,ERR,ERR,ERR,ERR,ERR,ERR,ERR,ERR,ERR,ERR,ERR,ERR,ERR,ERR,ERR,ERR,ERR,ERR,ERR,ERR,ERR,ERR,ERR,ERR,ERR,ERR,ERR,ERR,ERR,ERR,ERR,ERR,ERR,ERR,ERR,ERR,ERR,ERR,ERR,ERR,ERR,ERR,ERR,ERR,ERR,ERR,ERR,ERR,ERR,ERR,ERR,ERR,ERR,ERR,ERR,ERR,ERR,ERR,ERR,ERR,ERR,ERR,ERR,ERR,ERR,ERR,ERR,ERR,ERR,ERR,ERR,ERR,ERR,ERR,ERR,ERR,ERR,ERR,ERR,ERR,ERR,ERR,ERR,ERR,ERR,ERR,ERR,ERR,ERR,ERR,ERR,ERR,ERR,ERR,ERR,ERR,ERR,ERR,ERR,ERR,ERR,ERR,ERR,ERR,ERR,ERR,ERR,ERR,ERR,ERR,ERR,ERR,ERR,ERR,ERR,ERR,ERR,ERR,ERR,ERR,ERR,ERR,ERR,ERR,ERR,0.0,0.0,-0.0,2.718290229135658e+23,nan,1.3936040501711995e+18,7.805,-12113.15,0,0,4,48929,6720,14723890282496.0,100,0.0,0.0,0.0,0.0,0.0,0,0,0,0,0.0,0,0,0,0,0,0,0,0,0,0,0,0,0,0,0,0,0,0,0,0,0,0,0,0,0,0,0,0,0,0,0,0,0,26,51,50,76,65476,0,300,0,0,8,21553,0.0,-107605600.0,0.0,0.0,0.0,0.0,0.0,0.0,0.0,0.0,0.0,0.0,0.0,0.0,0.0,0.0,0.0,0.0,0.0,0.0,0.0,0.0,-0.0,0.0,-0.0,-0.0,0.0,0.0,0.0,0.0,4829.0,0.0,7236.0,0.0,0.0,2.7184303811560617e+23,2.718431101732002e+23,0.0,0.0,0.0,0.0,77,-4.0668804810561766e+29,0.0,0.0,0.0,0.0,0.0,0.0,0.0,0.0,0,0,0,0.0,0.0,0.0,0.0,0.0,0.0,0.0,0.0,0.0,0.0,0.0,0.0,0.0,0.0,0.0,0.0,0,-107875648.0,77,0.0,154,0.0,0.0,ERR,ERR,ERR,ERR,ERR,ERR,ERR,ERR,ERR,ERR,ERR,ERR,ERR,ERR,ERR,ERR,ERR,ERR,ERR,ERR,ERR,ERR,ERR,ERR,ERR,ERR,ERR,ERR,ERR,ERR,ERR,ERR,ERR,ERR,ERR,ERR,ERR,ERR,ERR,ERR,ERR,ERR,ERR,ERR,ERR,ERR,ERR,ERR,ERR,ERR,ERR,ERR,ERR,ERR,ERR,ERR,ERR,ERR,ERR,ERR,ERR,ERR,ERR,ERR,ERR,ERR,ERR,34.0,80.0,35,0.0,0.0,0.0,0.0,0.0,0.0,0.0,0.0,0.0,0.0,0.0,0.0,0.0,0.0,0.0,0.0,65.6,0,120,58,53,65476,0,300,0,0,8,20529,65476,0,0,57672,80.0,0.0,0.0,0.0,0.0,0.0
2026-06-18T02:47:16,ERR,ERR,ERR,ERR,ERR,ERR,ERR,ERR,ERR,ERR,ERR,ERR,ERR,ERR,ERR,ERR,ERR,ERR,ERR,ERR,ERR,ERR,ERR,ERR,ERR,ERR,ERR,ERR,ERR,ERR,ERR,ERR,ERR,ERR,ERR,ERR,ERR,ERR,ERR,ERR,ERR,ERR,ERR,ERR,ERR,ERR,ERR,ERR,ERR,ERR,ERR,ERR,ERR,ERR,ERR,ERR,ERR,ERR,ERR,ERR,ERR,ERR,ERR,ERR,ERR,ERR,ERR,ERR,ERR,ERR,ERR,ERR,ERR,ERR,ERR,ERR,ERR,ERR,ERR,ERR,ERR,ERR,ERR,ERR,ERR,ERR,ERR,ERR,ERR,ERR,ERR,ERR,ERR,ERR,ERR,ERR,ERR,ERR,ERR,ERR,ERR,ERR,ERR,ERR,ERR,ERR,ERR,ERR,ERR,ERR,ERR,ERR,ERR,ERR,ERR,ERR,ERR,ERR,ERR,ERR,ERR,ERR,ERR,ERR,ERR,0.0,0.0,-0.0,2.718290229135658e+23,nan,1.3936040501711995e+18,7.805,-12113.15,0,0,4,48929,6720,14723890282496.0,100,0.0,0.0,0.0,0.0,0.0,0,0,0,0,0.0,0,0,0,0,0,0,0,0,0,0,0,0,0,0,0,0,0,0,0,0,0,0,0,0,0,0,0,0,0,0,0,0,0,26,51,50,76,65476,0,300,0,0,8,21553,0.0,-107605600.0,0.0,0.0,0.0,0.0,0.0,0.0,0.0,0.0,0.0,0.0,0.0,0.0,0.0,0.0,0.0,0.0,0.0,0.0,0.0,0.0,-0.0,0.0,-0.0,-0.0,0.0,0.0,0.0,0.0,4829.0,0.0,7236.0,0.0,0.0,2.7184303811560617e+23,2.718431101732002e+23,0.0,0.0,0.0,0.0,77,-4.0668804810561766e+29,0.0,0.0,0.0,0.0,0.0,0.0,0.0,0.0,0,0,0,0.0,0.0,0.0,0.0,0.0,0.0,0.0,0.0,0.0,0.0,0.0,0.0,0.0,0.0,0.0,0.0,0,-107875648.0,77,0.0,154,0.0,0.0,ERR,ERR,ERR,ERR,ERR,ERR,ERR,ERR,ERR,ERR,ERR,ERR,ERR,ERR,ERR,ERR,ERR,ERR,ERR,ERR,ERR,ERR,ERR,ERR,ERR,ERR,ERR,ERR,ERR,ERR,ERR,ERR,ERR,ERR,ERR,ERR,ERR,ERR,ERR,ERR,ERR,ERR,ERR,ERR,ERR,ERR,ERR,ERR,ERR,ERR,ERR,ERR,ERR,ERR,ERR,ERR,ERR,ERR,ERR,ERR,ERR,ERR,ERR,ERR,ERR,ERR,ERR,34.0,80.0,35,0.0,0.0,0.0,0.0,0.0,0.0,0.0,0.0,0.0,0.0,0.0,0.0,0.0,0.0,0.0,0.0,65.6,0,120,58,53,65476,0,300,0,0,8,20529,65476,0,0,57672,80.0,0.0,0.0,0.0,0.0,0.0
2026-06-18T02:47:17,ERR,ERR,ERR,ERR,ERR,ERR,ERR,ERR,ERR,ERR,ERR,ERR,ERR,ERR,ERR,ERR,ERR,ERR,ERR,ERR,ERR,ERR,ERR,ERR,ERR,ERR,ERR,ERR,ERR,ERR,ERR,ERR,ERR,ERR,ERR,ERR,ERR,ERR,ERR,ERR,ERR,ERR,ERR,ERR,ERR,ERR,ERR,ERR,ERR,ERR,ERR,ERR,ERR,ERR,ERR,ERR,ERR,ERR,ERR,ERR,ERR,ERR,ERR,ERR,ERR,ERR,ERR,ERR,ERR,ERR,ERR,ERR,ERR,ERR,ERR,ERR,ERR,ERR,ERR,ERR,ERR,ERR,ERR,ERR,ERR,ERR,ERR,ERR,ERR,ERR,ERR,ERR,ERR,ERR,ERR,ERR,ERR,ERR,ERR,ERR,ERR,ERR,ERR,ERR,ERR,ERR,ERR,ERR,ERR,ERR,ERR,ERR,ERR,ERR,ERR,ERR,ERR,ERR,ERR,ERR,ERR,ERR,ERR,ERR,ERR,0.0,0.0,-0.0,2.718290229135658e+23,nan,1.3936040501711995e+18,7.805,-12113.15,0,0,4,48929,6720,14723890282496.0,100,0.0,0.0,0.0,0.0,0.0,0,0,0,0,0.0,0,0,0,0,0,0,0,0,0,0,0,0,0,0,0,0,0,0,0,0,0,0,0,0,0,0,0,0,0,0,0,0,0,26,51,50,76,65476,0,300,0,0,8,21553,0.0,-107605600.0,0.0,0.0,0.0,0.0,0.0,0.0,0.0,0.0,0.0,0.0,0.0,0.0,0.0,0.0,0.0,0.0,0.0,0.0,0.0,0.0,-0.0,0.0,-0.0,-0.0,0.0,0.0,0.0,0.0,4829.0,0.0,7236.0,0.0,0.0,2.7184303811560617e+23,2.718431101732002e+23,0.0,0.0,0.0,0.0,77,-4.0668804810561766e+29,0.0,0.0,0.0,0.0,0.0,0.0,0.0,0.0,0,0,0,0.0,0.0,0.0,0.0,0.0,0.0,0.0,0.0,0.0,0.0,0.0,0.0,0.0,0.0,0.0,0.0,0,-107875648.0,77,0.0,154,0.0,0.0,ERR,ERR,ERR,ERR,ERR,ERR,ERR,ERR,ERR,ERR,ERR,ERR,ERR,ERR,ERR,ERR,ERR,ERR,ERR,ERR,ERR,ERR,ERR,ERR,ERR,ERR,ERR,ERR,ERR,ERR,ERR,ERR,ERR,ERR,ERR,ERR,ERR,ERR,ERR,ERR,ERR,ERR,ERR,ERR,ERR,ERR,ERR,ERR,ERR,ERR,ERR,ERR,ERR,ERR,ERR,ERR,ERR,ERR,ERR,ERR,ERR,ERR,ERR,ERR,ERR,ERR,ERR,34.0,80.0,35,0.0,0.0,0.0,0.0,0.0,0.0,0.0,0.0,0.0,0.0,0.0,0.0,0.0,0.0,0.0,0.0,65.6,0,120,58,53,65476,0,300,0,0,8,20529,65476,0,0,57672,80.0,0.0,0.0,0.0,0.0,0.0
2026-06-18T02:47:18,ERR,ERR,ERR,ERR,ERR,ERR,ERR,ERR,ERR,ERR,ERR,ERR,ERR,ERR,ERR,ERR,ERR,ERR,ERR,ERR,ERR,ERR,ERR,ERR,ERR,ERR,ERR,ERR,ERR,ERR,ERR,ERR,ERR,ERR,ERR,ERR,ERR,ERR,ERR,ERR,ERR,ERR,ERR,ERR,ERR,ERR,ERR,ERR,ERR,ERR,ERR,ERR,ERR,ERR,ERR,ERR,ERR,ERR,ERR,ERR,ERR,ERR,ERR,ERR,ERR,ERR,ERR,ERR,ERR,ERR,ERR,ERR,ERR,ERR,ERR,ERR,ERR,ERR,ERR,ERR,ERR,ERR,ERR,ERR,ERR,ERR,ERR,ERR,ERR,ERR,ERR,ERR,ERR,ERR,ERR,ERR,ERR,ERR,ERR,ERR,ERR,ERR,ERR,ERR,ERR,ERR,ERR,ERR,ERR,ERR,ERR,ERR,ERR,ERR,ERR,ERR,ERR,ERR,ERR,ERR,ERR,ERR,ERR,ERR,ERR,0.0,0.0,-0.0,2.718290229135658e+23,nan,1.3936040501711995e+18,7.805,-12113.15,0,0,4,48929,6720,14723890282496.0,100,0.0,0.0,0.0,0.0,0.0,0,0,0,0,0.0,0,0,0,0,0,0,0,0,0,0,0,0,0,0,0,0,0,0,0,0,0,0,0,0,0,0,0,0,0,0,0,0,0,26,51,50,76,65476,0,300,0,0,8,21553,0.0,-107605600.0,0.0,0.0,0.0,0.0,0.0,0.0,0.0,0.0,0.0,0.0,0.0,0.0,0.0,0.0,0.0,0.0,0.0,0.0,0.0,0.0,-0.0,0.0,-0.0,-0.0,0.0,0.0,0.0,0.0,4829.0,0.0,7236.0,0.0,0.0,2.7184303811560617e+23,2.718431101732002e+23,0.0,0.0,0.0,0.0,77,-4.0668804810561766e+29,0.0,0.0,0.0,0.0,0.0,0.0,0.0,0.0,0,0,0,0.0,0.0,0.0,0.0,0.0,0.0,0.0,0.0,0.0,0.0,0.0,0.0,0.0,0.0,0.0,0.0,0,-107875648.0,77,0.0,154,0.0,0.0,ERR,ERR,ERR,ERR,ERR,ERR,ERR,ERR,ERR,ERR,ERR,ERR,ERR,ERR,ERR,ERR,ERR,ERR,ERR,ERR,ERR,ERR,ERR,ERR,ERR,ERR,ERR,ERR,ERR,ERR,ERR,ERR,ERR,ERR,ERR,ERR,ERR,ERR,ERR,ERR,ERR,ERR,ERR,ERR,ERR,ERR,ERR,ERR,ERR,ERR,ERR,ERR,ERR,ERR,ERR,ERR,ERR,ERR,ERR,ERR,ERR,ERR,ERR,ERR,ERR,ERR,ERR,34.0,80.0,35,0.0,0.0,0.0,0.0,0.0,0.0,0.0,0.0,0.0,0.0,0.0,0.0,0.0,0.0,0.0,0.0,65.6,0,120,58,53,65476,0,300,0,0,8,20529,65476,0,0,57672,80.0,0.0,0.0,0.0,0.0,0.0
2026-06-18T02:47:19,ERR,ERR,ERR,ERR,ERR,ERR,ERR,ERR,ERR,ERR,ERR,ERR,ERR,ERR,ERR,ERR,ERR,ERR,ERR,ERR,ERR,ERR,ERR,ERR,ERR,ERR,ERR,ERR,ERR,ERR,ERR,ERR,ERR,ERR,ERR,ERR,ERR,ERR,ERR,ERR,ERR,ERR,ERR,ERR,ERR,ERR,ERR,ERR,ERR,ERR,ERR,ERR,ERR,ERR,ERR,ERR,ERR,ERR,ERR,ERR,ERR,ERR,ERR,ERR,ERR,ERR,ERR,ERR,ERR,ERR,ERR,ERR,ERR,ERR,ERR,ERR,ERR,ERR,ERR,ERR,ERR,ERR,ERR,ERR,ERR,ERR,ERR,ERR,ERR,ERR,ERR,ERR,ERR,ERR,ERR,ERR,ERR,ERR,ERR,ERR,ERR,ERR,ERR,ERR,ERR,ERR,ERR,ERR,ERR,ERR,ERR,ERR,ERR,ERR,ERR,ERR,ERR,ERR,ERR,ERR,ERR,ERR,ERR,ERR,ERR,0.0,0.0,-0.0,0.0,nan,1.3936040501711995e+18,7.805,-0.0,0,0,4,48927,6720,14723890282496.0,100,0.0,0.0,0.0,0.059,0.0,0,0,0,0,0.0,0,0,0,0,0,0,0,0,0,0,0,0,0,0,0,0,0,0,0,0,0,0,0,0,0,0,0,0,0,0,0,0,0,26,51,50,76,65476,0,300,0,0,8,21553,0.0,-107605600.0,0.0,0.0,0.0,0.0,0.0,0.0,0.0,0.0,0.0,0.0,0.0,0.0,0.0,0.0,0.0,0.0,0.0,0.0,0.0,0.0,-0.0,0.0,-0.0,-0.0,0.0,0.0,0.0,0.0,4826.0,0.0,7237.0,0.0,-107615384.0,2.7184303811560617e+23,2.718431101732002e+23,0.0,0.0,0.0,0.0,77,-2.308840541793802e+20,0.0,0.0,0.0,0.0,0.0,0.0,0.0,0.0,0,0,0,0.0,0.0,0.0,0.0,0.0,0.0,0.0,0.0,0.0,0.0,0.0,0.0,0.0,0.0,0.0,0.0,0,-107875648.0,77,0.0,154,0.0,-101056864.0,ERR,ERR,ERR,ERR,ERR,ERR,ERR,ERR,ERR,ERR,ERR,ERR,ERR,ERR,ERR,ERR,ERR,ERR,ERR,ERR,ERR,ERR,ERR,ERR,ERR,ERR,ERR,ERR,ERR,ERR,ERR,ERR,ERR,ERR,ERR,ERR,ERR,ERR,ERR,ERR,ERR,ERR,ERR,ERR,ERR,ERR,ERR,ERR,ERR,ERR,ERR,ERR,ERR,ERR,ERR,ERR,ERR,ERR,ERR,ERR,ERR,ERR,ERR,ERR,ERR,ERR,ERR,34.0,80.0,35,0.0,0.0,0.0,0.0,0.0,0.0,0.0,0.0,0.0,0.0,0.0,0.0,0.0,0.0,0.0,0.0,66.0,0,120,58,53,65476,0,300,0,0,8,20529,65476,0,0,57672,80.0,0.0,0.0,0.0,0.0,0.0
2026-06-18T02:47:20,ERR,ERR,ERR,ERR,ERR,ERR,ERR,ERR,ERR,ERR,ERR,ERR,ERR,ERR,ERR,ERR,ERR,ERR,ERR,ERR,ERR,ERR,ERR,ERR,ERR,ERR,ERR,ERR,ERR,ERR,ERR,ERR,ERR,ERR,ERR,ERR,ERR,ERR,ERR,ERR,ERR,ERR,ERR,ERR,ERR,ERR,ERR,ERR,ERR,ERR,ERR,ERR,ERR,ERR,ERR,ERR,ERR,ERR,ERR,ERR,ERR,ERR,ERR,ERR,ERR,ERR,ERR,ERR,ERR,ERR,ERR,ERR,ERR,ERR,ERR,ERR,ERR,ERR,ERR,ERR,ERR,ERR,ERR,ERR,ERR,ERR,ERR,ERR,ERR,ERR,ERR,ERR,ERR,ERR,ERR,ERR,ERR,ERR,ERR,ERR,ERR,ERR,ERR,ERR,ERR,ERR,ERR,ERR,ERR,ERR,ERR,ERR,ERR,ERR,ERR,ERR,ERR,ERR,ERR,ERR,ERR,ERR,ERR,ERR,ERR,0.0,0.0,-0.0,0.0,nan,1.3936040501711995e+18,7.805,-0.0,0,0,4,48927,6720,14723890282496.0,100,0.0,0.0,0.0,0.059,0.0,0,0,0,0,0.0,0,0,0,0,0,0,0,0,0,0,0,0,0,0,0,0,0,0,0,0,0,0,0,0,0,0,0,0,0,0,0,0,0,26,51,50,76,65476,0,300,0,0,8,21553,0.0,-107605600.0,0.0,0.0,0.0,0.0,0.0,0.0,0.0,0.0,0.0,0.0,0.0,0.0,0.0,0.0,0.0,0.0,0.0,0.0,0.0,0.0,-0.0,0.0,-0.0,-0.0,0.0,0.0,0.0,0.0,4826.0,0.0,7237.0,0.0,-107615384.0,2.7184303811560617e+23,2.718431101732002e+23,0.0,0.0,0.0,0.0,77,-2.308840541793802e+20,0.0,0.0,0.0,0.0,0.0,0.0,0.0,0.0,0,0,0,0.0,0.0,0.0,0.0,0.0,0.0,0.0,0.0,0.0,0.0,0.0,0.0,0.0,0.0,0.0,0.0,0,-107875648.0,77,0.0,154,0.0,-101056864.0,ERR,ERR,ERR,ERR,ERR,ERR,ERR,ERR,ERR,ERR,ERR,ERR,ERR,ERR,ERR,ERR,ERR,ERR,ERR,ERR,ERR,ERR,ERR,ERR,ERR,ERR,ERR,ERR,ERR,ERR,ERR,ERR,ERR,ERR,ERR,ERR,ERR,ERR,ERR,ERR,ERR,ERR,ERR,ERR,ERR,ERR,ERR,ERR,ERR,ERR,ERR,ERR,ERR,ERR,ERR,ERR,ERR,ERR,ERR,ERR,ERR,ERR,ERR,ERR,ERR,ERR,ERR,34.0,80.0,35,0.0,0.0,0.0,0.0,0.0,0.0,0.0,0.0,0.0,0.0,0.0,0.0,0.0,0.0,0.0,0.0,66.4,0,120,58,53,65476,0,300,0,0,8,20529,65476,0,0,57672,80.0,0.0,0.0,0.0,0.0,0.0
2026-06-18T02:47:21,ERR,ERR,ERR,ERR,ERR,ERR,ERR,ERR,ERR,ERR,ERR,ERR,ERR,ERR,ERR,ERR,ERR,ERR,ERR,ERR,ERR,ERR,ERR,ERR,ERR,ERR,ERR,ERR,ERR,ERR,ERR,ERR,ERR,ERR,ERR,ERR,ERR,ERR,ERR,ERR,ERR,ERR,ERR,ERR,ERR,ERR,ERR,ERR,ERR,ERR,ERR,ERR,ERR,ERR,ERR,ERR,ERR,ERR,ERR,ERR,ERR,ERR,ERR,ERR,ERR,ERR,ERR,ERR,ERR,ERR,ERR,ERR,ERR,ERR,ERR,ERR,ERR,ERR,ERR,ERR,ERR,ERR,ERR,ERR,ERR,ERR,ERR,ERR,ERR,ERR,ERR,ERR,ERR,ERR,ERR,ERR,ERR,ERR,ERR,ERR,ERR,ERR,ERR,ERR,ERR,ERR,ERR,ERR,ERR,ERR,ERR,ERR,ERR,ERR,ERR,ERR,ERR,ERR,ERR,ERR,ERR,ERR,ERR,ERR,ERR,0.0,0.0,-0.0,0.0,nan,1.3936040501711995e+18,7.805,-0.0,0,0,4,48927,6720,14723890282496.0,100,0.0,0.0,0.0,0.059,0.0,0,0,0,0,0.0,0,0,0,0,0,0,0,0,0,0,0,0,0,0,0,0,0,0,0,0,0,0,0,0,0,0,0,0,0,0,0,0,0,26,51,50,76,65476,0,300,0,0,8,21553,0.0,-107605600.0,0.0,0.0,0.0,0.0,0.0,0.0,0.0,0.0,0.0,0.0,0.0,0.0,0.0,0.0,0.0,0.0,0.0,0.0,0.0,0.0,-0.0,0.0,-0.0,-0.0,0.0,0.0,0.0,0.0,4826.0,0.0,7237.0,0.0,-107615384.0,2.7184303811560617e+23,2.718431101732002e+23,0.0,0.0,0.0,0.0,77,-2.308840541793802e+20,0.0,0.0,0.0,0.0,0.0,0.0,0.0,0.0,0,0,0,0.0,0.0,0.0,0.0,0.0,0.0,0.0,0.0,0.0,0.0,0.0,0.0,0.0,0.0,0.0,0.0,0,-107875648.0,77,0.0,154,0.0,-101056864.0,ERR,ERR,ERR,ERR,ERR,ERR,ERR,ERR,ERR,ERR,ERR,ERR,ERR,ERR,ERR,ERR,ERR,ERR,ERR,ERR,ERR,ERR,ERR,ERR,ERR,ERR,ERR,ERR,ERR,ERR,ERR,ERR,ERR,ERR,ERR,ERR,ERR,ERR,ERR,ERR,ERR,ERR,ERR,ERR,ERR,ERR,ERR,ERR,ERR,ERR,ERR,ERR,ERR,ERR,ERR,ERR,ERR,ERR,ERR,ERR,ERR,ERR,ERR,ERR,ERR,ERR,ERR,34.0,80.0,35,0.0,0.0,0.0,0.0,0.0,0.0,0.0,0.0,0.0,0.0,0.0,0.0,0.0,0.0,0.0,0.0,66.4,0,120,58,53,65476,0,300,0,0,8,20529,65476,0,0,57672,80.0,0.0,0.0,0.0,0.0,0.0
2026-06-18T02:47:22,ERR,ERR,ERR,ERR,ERR,ERR,ERR,ERR,ERR,ERR,ERR,ERR,ERR,ERR,ERR,ERR,ERR,ERR,ERR,ERR,ERR,ERR,ERR,ERR,ERR,ERR,ERR,ERR,ERR,ERR,ERR,ERR,ERR,ERR,ERR,ERR,ERR,ERR,ERR,ERR,ERR,ERR,ERR,ERR,ERR,ERR,ERR,ERR,ERR,ERR,ERR,ERR,ERR,ERR,ERR,ERR,ERR,ERR,ERR,ERR,ERR,ERR,ERR,ERR,ERR,ERR,ERR,ERR,ERR,ERR,ERR,ERR,ERR,ERR,ERR,ERR,ERR,ERR,ERR,ERR,ERR,ERR,ERR,ERR,ERR,ERR,ERR,ERR,ERR,ERR,ERR,ERR,ERR,ERR,ERR,ERR,ERR,ERR,ERR,ERR,ERR,ERR,ERR,ERR,ERR,ERR,ERR,ERR,ERR,ERR,ERR,ERR,ERR,ERR,ERR,ERR,ERR,ERR,ERR,ERR,ERR,ERR,ERR,ERR,ERR,0.0,0.0,-0.0,0.0,nan,1.3936040501711995e+18,7.805,-0.0,0,0,4,48927,6720,14723890282496.0,100,0.0,0.0,0.0,0.059,0.0,0,0,0,0,0.0,0,0,0,0,0,0,0,0,0,0,0,0,0,0,0,0,0,0,0,0,0,0,0,0,0,0,0,0,0,0,0,0,0,26,51,50,76,65476,0,300,0,0,8,21553,0.0,-107605600.0,0.0,0.0,0.0,0.0,0.0,0.0,0.0,0.0,0.0,0.0,0.0,0.0,0.0,0.0,0.0,0.0,0.0,0.0,0.0,0.0,-0.0,0.0,-0.0,-0.0,0.0,0.0,0.0,0.0,4826.0,0.0,7237.0,0.0,-107615384.0,2.7184303811560617e+23,2.718431101732002e+23,0.0,0.0,0.0,0.0,77,-2.308840541793802e+20,0.0,0.0,0.0,0.0,0.0,0.0,0.0,0.0,0,0,0,0.0,0.0,0.0,0.0,0.0,0.0,0.0,0.0,0.0,0.0,0.0,0.0,0.0,0.0,0.0,0.0,0,-107875648.0,77,0.0,154,0.0,-101056864.0,ERR,ERR,ERR,ERR,ERR,ERR,ERR,ERR,ERR,ERR,ERR,ERR,ERR,ERR,ERR,ERR,ERR,ERR,ERR,ERR,ERR,ERR,ERR,ERR,ERR,ERR,ERR,ERR,ERR,ERR,ERR,ERR,ERR,ERR,ERR,ERR,ERR,ERR,ERR,ERR,ERR,ERR,ERR,ERR,ERR,ERR,ERR,ERR,ERR,ERR,ERR,ERR,ERR,ERR,ERR,ERR,ERR,ERR,ERR,ERR,ERR,ERR,ERR,ERR,ERR,ERR,ERR,34.0,80.0,35,0.0,0.0,0.0,0.0,0.0,0.0,0.0,0.0,0.0,0.0,0.0,0.0,0.0,0.0,0.0,0.0,66.4,0,120,58,53,65476,0,300,0,0,8,20529,65476,0,0,57672,80.0,0.0,0.0,0.0,0.0,0.0
2026-06-18T02:47:23,ERR,ERR,ERR,ERR,ERR,ERR,ERR,ERR,ERR,ERR,ERR,ERR,ERR,ERR,ERR,ERR,ERR,ERR,ERR,ERR,ERR,ERR,ERR,ERR,ERR,ERR,ERR,ERR,ERR,ERR,ERR,ERR,ERR,ERR,ERR,ERR,ERR,ERR,ERR,ERR,ERR,ERR,ERR,ERR,ERR,ERR,ERR,ERR,ERR,ERR,ERR,ERR,ERR,ERR,ERR,ERR,ERR,ERR,ERR,ERR,ERR,ERR,ERR,ERR,ERR,ERR,ERR,ERR,ERR,ERR,ERR,ERR,ERR,ERR,ERR,ERR,ERR,ERR,ERR,ERR,ERR,ERR,ERR,ERR,ERR,ERR,ERR,ERR,ERR,ERR,ERR,ERR,ERR,ERR,ERR,ERR,ERR,ERR,ERR,ERR,ERR,ERR,ERR,ERR,ERR,ERR,ERR,ERR,ERR,ERR,ERR,ERR,ERR,ERR,ERR,ERR,ERR,ERR,ERR,ERR,ERR,ERR,ERR,ERR,ERR,0.0,0.0,-0.0,0.0,nan,1.3936040501711995e+18,7.805,-0.0,0,0,4,48927,6720,14723890282496.0,100,0.0,0.0,0.0,0.059,0.0,0,0,0,0,0.0,0,0,0,0,0,0,0,0,0,0,0,0,0,0,0,0,0,0,0,0,0,0,0,0,0,0,0,0,0,0,0,0,0,26,51,50,76,65476,0,300,0,0,8,21553,0.0,-107605600.0,0.0,0.0,0.0,0.0,0.0,0.0,0.0,0.0,0.0,0.0,0.0,0.0,0.0,0.0,0.0,0.0,0.0,0.0,0.0,0.0,-0.0,0.0,-0.0,-0.0,0.0,0.0,0.0,0.0,4826.0,0.0,7237.0,0.0,-107615384.0,2.7184303811560617e+23,2.718431101732002e+23,0.0,0.0,0.0,0.0,77,-2.308840541793802e+20,0.0,0.0,0.0,0.0,0.0,0.0,0.0,0.0,0,0,0,0.0,0.0,0.0,0.0,0.0,0.0,0.0,0.0,0.0,0.0,0.0,0.0,0.0,0.0,0.0,0.0,0,-107875648.0,77,0.0,154,0.0,-101056864.0,ERR,ERR,ERR,ERR,ERR,ERR,ERR,ERR,ERR,ERR,ERR,ERR,ERR,ERR,ERR,ERR,ERR,ERR,ERR,ERR,ERR,ERR,ERR,ERR,ERR,ERR,ERR,ERR,ERR,ERR,ERR,ERR,ERR,ERR,ERR,ERR,ERR,ERR,ERR,ERR,ERR,ERR,ERR,ERR,ERR,ERR,ERR,ERR,ERR,ERR,ERR,ERR,ERR,ERR,ERR,ERR,ERR,ERR,ERR,ERR,ERR,ERR,ERR,ERR,ERR,ERR,ERR,34.0,80.0,35,0.0,0.0,0.0,0.0,0.0,0.0,0.0,0.0,0.0,0.0,0.0,0.0,0.0,0.0,0.0,0.0,66.4,0,120,58,53,65476,0,300,0,0,8,20529,65476,0,0,57672,80.0,0.0,0.0,0.0,0.0,0.0
2026-06-18T02:47:24,ERR,ERR,ERR,ERR,ERR,ERR,ERR,ERR,ERR,ERR,ERR,ERR,ERR,ERR,ERR,ERR,ERR,ERR,ERR,ERR,ERR,ERR,ERR,ERR,ERR,ERR,ERR,ERR,ERR,ERR,ERR,ERR,ERR,ERR,ERR,ERR,ERR,ERR,ERR,ERR,ERR,ERR,ERR,ERR,ERR,ERR,ERR,ERR,ERR,ERR,ERR,ERR,ERR,ERR,ERR,ERR,ERR,ERR,ERR,ERR,ERR,ERR,ERR,ERR,ERR,ERR,ERR,ERR,ERR,ERR,ERR,ERR,ERR,ERR,ERR,ERR,ERR,ERR,ERR,ERR,ERR,ERR,ERR,ERR,ERR,ERR,ERR,ERR,ERR,ERR,ERR,ERR,ERR,ERR,ERR,ERR,ERR,ERR,ERR,ERR,ERR,ERR,ERR,ERR,ERR,ERR,ERR,ERR,ERR,ERR,ERR,ERR,ERR,ERR,ERR,ERR,ERR,ERR,ERR,ERR,ERR,ERR,ERR,ERR,ERR,0.0,0.0,-0.0,0.0,nan,1.3936040501711995e+18,7.805,118629576.0,0,0,4,48936,6720,14723890282496.0,100,0.0,0.0,0.0,0.0,0.0,0,0,0,0,0.0,0,0,0,0,0,0,0,0,0,0,0,0,0,0,0,0,0,0,0,0,0,0,0,0,0,0,0,0,0,0,0,0,0,26,51,50,76,65476,0,300,0,0,8,21553,0.0,-107605600.0,0.0,0.0,0.0,0.0,0.0,0.0,0.0,0.0,0.0,0.0,0.0,0.0,0.0,0.0,0.0,0.0,0.0,0.0,0.0,0.0,-0.0,0.0,-0.0,-0.0,0.0,0.0,0.0,0.0,4828.0,131350.344,7241.0,0.0,0.0,2.7184303811560617e+23,2.718431101732002e+23,0.0,0.0,0.0,0.0,77,-3.2220289616203523e+26,1.905684548377641e+17,0.0,0.0,0.0,0.0,0.0,0.0,0.0,0,0,0,0.0,0.0,0.0,0.0,0.0,0.0,0.0,0.0,0.0,0.0,0.0,0.0,0.0,0.0,0.0,0.0,0,-107875648.0,77,0.0,154,0.0,-101056864.0,ERR,ERR,ERR,ERR,ERR,ERR,ERR,ERR,ERR,ERR,ERR,ERR,ERR,ERR,ERR,ERR,ERR,ERR,ERR,ERR,ERR,ERR,ERR,ERR,ERR,ERR,ERR,ERR,ERR,ERR,ERR,ERR,ERR,ERR,ERR,ERR,ERR,ERR,ERR,ERR,ERR,ERR,ERR,ERR,ERR,ERR,ERR,ERR,ERR,ERR,ERR,ERR,ERR,ERR,ERR,ERR,ERR,ERR,ERR,ERR,ERR,ERR,ERR,ERR,ERR,ERR,ERR,34.0,80.0,35,0.0,0.0,0.0,0.0,0.0,0.0,0.0,0.0,0.0,0.0,0.0,0.0,0.0,0.0,0.0,0.0,65.6,0,120,58,53,65476,0,300,0,0,8,20529,65476,0,0,57672,80.0,0.0,0.0,0.0,0.0,0.0
2026-06-18T02:47:25,ERR,ERR,ERR,ERR,ERR,ERR,ERR,ERR,ERR,ERR,ERR,ERR,ERR,ERR,ERR,ERR,ERR,ERR,ERR,ERR,ERR,ERR,ERR,ERR,ERR,ERR,ERR,ERR,ERR,ERR,ERR,ERR,ERR,ERR,ERR,ERR,ERR,ERR,ERR,ERR,ERR,ERR,ERR,ERR,ERR,ERR,ERR,ERR,ERR,ERR,ERR,ERR,ERR,ERR,ERR,ERR,ERR,ERR,ERR,ERR,ERR,ERR,ERR,ERR,ERR,ERR,ERR,ERR,ERR,ERR,ERR,ERR,ERR,ERR,ERR,ERR,ERR,ERR,ERR,ERR,ERR,ERR,ERR,ERR,ERR,ERR,ERR,ERR,ERR,ERR,ERR,ERR,ERR,ERR,ERR,ERR,ERR,ERR,ERR,ERR,ERR,ERR,ERR,ERR,ERR,ERR,ERR,ERR,ERR,ERR,ERR,ERR,ERR,ERR,ERR,ERR,ERR,ERR,ERR,ERR,ERR,ERR,ERR,ERR,ERR,0.0,0.0,-0.0,0.0,nan,1.3936040501711995e+18,7.805,118629576.0,0,0,4,48936,6720,14723890282496.0,100,0.0,0.0,0.0,0.0,0.0,0,0,0,0,0.0,0,0,0,0,0,0,0,0,0,0,0,0,0,0,0,0,0,0,0,0,0,0,0,0,0,0,0,0,0,0,0,0,0,26,51,50,76,65476,0,300,0,0,8,21553,0.0,-107605600.0,0.0,0.0,0.0,0.0,0.0,0.0,0.0,0.0,0.0,0.0,0.0,0.0,0.0,0.0,0.0,0.0,0.0,0.0,0.0,0.0,-0.0,0.0,-0.0,-0.0,0.0,0.0,0.0,0.0,4828.0,131350.344,7241.0,0.0,0.0,2.7184303811560617e+23,2.718431101732002e+23,0.0,0.0,0.0,0.0,77,-3.2220289616203523e+26,1.905684548377641e+17,0.0,0.0,0.0,0.0,0.0,0.0,0.0,0,0,0,0.0,0.0,0.0,0.0,0.0,0.0,0.0,0.0,0.0,0.0,0.0,0.0,0.0,0.0,0.0,0.0,0,-107875648.0,77,0.0,154,0.0,-101056864.0,ERR,ERR,ERR,ERR,ERR,ERR,ERR,ERR,ERR,ERR,ERR,ERR,ERR,ERR,ERR,ERR,ERR,ERR,ERR,ERR,ERR,ERR,ERR,ERR,ERR,ERR,ERR,ERR,ERR,ERR,ERR,ERR,ERR,ERR,ERR,ERR,ERR,ERR,ERR,ERR,ERR,ERR,ERR,ERR,ERR,ERR,ERR,ERR,ERR,ERR,ERR,ERR,ERR,ERR,ERR,ERR,ERR,ERR,ERR,ERR,ERR,ERR,ERR,ERR,ERR,ERR,ERR,34.0,80.0,35,0.0,0.0,0.0,0.0,0.0,0.0,0.0,0.0,0.0,0.0,0.0,0.0,0.0,0.0,0.0,0.0,65.6,0,120,58,53,65476,0,300,0,0,8,20529,65476,0,0,57672,80.0,0.0,0.0,0.0,0.0,0.0
2026-06-18T02:47:26,ERR,ERR,ERR,ERR,ERR,ERR,ERR,ERR,ERR,ERR,ERR,ERR,ERR,ERR,ERR,ERR,ERR,ERR,ERR,ERR,ERR,ERR,ERR,ERR,ERR,ERR,ERR,ERR,ERR,ERR,ERR,ERR,ERR,ERR,ERR,ERR,ERR,ERR,ERR,ERR,ERR,ERR,ERR,ERR,ERR,ERR,ERR,ERR,ERR,ERR,ERR,ERR,ERR,ERR,ERR,ERR,ERR,ERR,ERR,ERR,ERR,ERR,ERR,ERR,ERR,ERR,ERR,ERR,ERR,ERR,ERR,ERR,ERR,ERR,ERR,ERR,ERR,ERR,ERR,ERR,ERR,ERR,ERR,ERR,ERR,ERR,ERR,ERR,ERR,ERR,ERR,ERR,ERR,ERR,ERR,ERR,ERR,ERR,ERR,ERR,ERR,ERR,ERR,ERR,ERR,ERR,ERR,ERR,ERR,ERR,ERR,ERR,ERR,ERR,ERR,ERR,ERR,ERR,ERR,ERR,ERR,ERR,ERR,ERR,ERR,0.0,0.0,-0.0,0.0,nan,1.3936040501711995e+18,7.805,118629576.0,0,0,4,48936,6720,14723890282496.0,100,0.0,0.0,0.0,0.0,0.0,0,0,0,0,0.0,0,0,0,0,0,0,0,0,0,0,0,0,0,0,0,0,0,0,0,0,0,0,0,0,0,0,0,0,0,0,0,0,0,26,51,50,76,65476,0,300,0,0,8,21553,0.0,-107605600.0,0.0,0.0,0.0,0.0,0.0,0.0,0.0,0.0,0.0,0.0,0.0,0.0,0.0,0.0,0.0,0.0,0.0,0.0,0.0,0.0,-0.0,0.0,-0.0,-0.0,0.0,0.0,0.0,0.0,4828.0,131350.344,7241.0,0.0,0.0,2.7184303811560617e+23,2.718431101732002e+23,0.0,0.0,0.0,0.0,77,-3.2220289616203523e+26,1.905684548377641e+17,0.0,0.0,0.0,0.0,0.0,0.0,0.0,0,0,0,0.0,0.0,0.0,0.0,0.0,0.0,0.0,0.0,0.0,0.0,0.0,0.0,0.0,0.0,0.0,0.0,0,-107875648.0,77,0.0,154,0.0,-101056864.0,ERR,ERR,ERR,ERR,ERR,ERR,ERR,ERR,ERR,ERR,ERR,ERR,ERR,ERR,ERR,ERR,ERR,ERR,ERR,ERR,ERR,ERR,ERR,ERR,ERR,ERR,ERR,ERR,ERR,ERR,ERR,ERR,ERR,ERR,ERR,ERR,ERR,ERR,ERR,ERR,ERR,ERR,ERR,ERR,ERR,ERR,ERR,ERR,ERR,ERR,ERR,ERR,ERR,ERR,ERR,ERR,ERR,ERR,ERR,ERR,ERR,ERR,ERR,ERR,ERR,ERR,ERR,34.0,80.0,35,0.0,0.0,0.0,0.0,0.0,0.0,0.0,0.0,0.0,0.0,0.0,0.0,0.0,0.0,0.0,0.0,66.4,0,120,58,53,65476,0,300,0,0,8,20529,65476,0,0,57672,80.0,0.0,0.0,0.0,0.0,0.0
2026-06-18T02:47:27,ERR,ERR,ERR,ERR,ERR,ERR,ERR,ERR,ERR,ERR,ERR,ERR,ERR,ERR,ERR,ERR,ERR,ERR,ERR,ERR,ERR,ERR,ERR,ERR,ERR,ERR,ERR,ERR,ERR,ERR,ERR,ERR,ERR,ERR,ERR,ERR,ERR,ERR,ERR,ERR,ERR,ERR,ERR,ERR,ERR,ERR,ERR,ERR,ERR,ERR,ERR,ERR,ERR,ERR,ERR,ERR,ERR,ERR,ERR,ERR,ERR,ERR,ERR,ERR,ERR,ERR,ERR,ERR,ERR,ERR,ERR,ERR,ERR,ERR,ERR,ERR,ERR,ERR,ERR,ERR,ERR,ERR,ERR,ERR,ERR,ERR,ERR,ERR,ERR,ERR,ERR,ERR,ERR,ERR,ERR,ERR,ERR,ERR,ERR,ERR,ERR,ERR,ERR,ERR,ERR,ERR,ERR,ERR,ERR,ERR,ERR,ERR,ERR,ERR,ERR,ERR,ERR,ERR,ERR,ERR,ERR,ERR,ERR,ERR,ERR,0.0,0.0,-0.0,0.0,nan,1.3936040501711995e+18,7.805,118629576.0,0,0,4,48936,6720,14723890282496.0,100,0.0,0.0,0.0,0.0,0.0,0,0,0,0,0.0,0,0,0,0,0,0,0,0,0,0,0,0,0,0,0,0,0,0,0,0,0,0,0,0,0,0,0,0,0,0,0,0,0,26,51,50,76,65476,0,300,0,0,8,21553,0.0,-107605600.0,0.0,0.0,0.0,0.0,0.0,0.0,0.0,0.0,0.0,0.0,0.0,0.0,0.0,0.0,0.0,0.0,0.0,0.0,0.0,0.0,-0.0,0.0,-0.0,-0.0,0.0,0.0,0.0,0.0,4828.0,131350.344,7241.0,0.0,0.0,2.7184303811560617e+23,2.718431101732002e+23,0.0,0.0,0.0,0.0,77,-3.2220289616203523e+26,1.905684548377641e+17,0.0,0.0,0.0,0.0,0.0,0.0,0.0,0,0,0,0.0,0.0,0.0,0.0,0.0,0.0,0.0,0.0,0.0,0.0,0.0,0.0,0.0,0.0,0.0,0.0,0,-107875648.0,77,0.0,154,0.0,-101056864.0,ERR,ERR,ERR,ERR,ERR,ERR,ERR,ERR,ERR,ERR,ERR,ERR,ERR,ERR,ERR,ERR,ERR,ERR,ERR,ERR,ERR,ERR,ERR,ERR,ERR,ERR,ERR,ERR,ERR,ERR,ERR,ERR,ERR,ERR,ERR,ERR,ERR,ERR,ERR,ERR,ERR,ERR,ERR,ERR,ERR,ERR,ERR,ERR,ERR,ERR,ERR,ERR,ERR,ERR,ERR,ERR,ERR,ERR,ERR,ERR,ERR,ERR,ERR,ERR,ERR,ERR,ERR,34.0,80.0,35,0.0,0.0,0.0,0.0,0.0,0.0,0.0,0.0,0.0,0.0,0.0,0.0,0.0,0.0,0.0,0.0,66.4,0,120,58,53,65476,0,300,0,0,8,20529,65476,0,0,57672,80.0,0.0,0.0,0.0,0.0,0.0
2026-06-18T02:47:28,ERR,ERR,ERR,ERR,ERR,ERR,ERR,ERR,ERR,ERR,ERR,ERR,ERR,ERR,ERR,ERR,ERR,ERR,ERR,ERR,ERR,ERR,ERR,ERR,ERR,ERR,ERR,ERR,ERR,ERR,ERR,ERR,ERR,ERR,ERR,ERR,ERR,ERR,ERR,ERR,ERR,ERR,ERR,ERR,ERR,ERR,ERR,ERR,ERR,ERR,ERR,ERR,ERR,ERR,ERR,ERR,ERR,ERR,ERR,ERR,ERR,ERR,ERR,ERR,ERR,ERR,ERR,ERR,ERR,ERR,ERR,ERR,ERR,ERR,ERR,ERR,ERR,ERR,ERR,ERR,ERR,ERR,ERR,ERR,ERR,ERR,ERR,ERR,ERR,ERR,ERR,ERR,ERR,ERR,ERR,ERR,ERR,ERR,ERR,ERR,ERR,ERR,ERR,ERR,ERR,ERR,ERR,ERR,ERR,ERR,ERR,ERR,ERR,ERR,ERR,ERR,ERR,ERR,ERR,ERR,ERR,ERR,ERR,ERR,ERR,0.0,0.0,-0.0,0.0,nan,1.3936040501711995e+18,7.805,118629576.0,0,0,4,48936,6720,14723890282496.0,100,0.0,0.0,0.0,0.0,0.0,0,0,0,0,0.0,0,0,0,0,0,0,0,0,0,0,0,0,0,0,0,0,0,0,0,0,0,0,0,0,0,0,0,0,0,0,0,0,0,26,51,50,76,65476,0,300,0,0,8,21553,0.0,-107605600.0,0.0,0.0,0.0,0.0,0.0,0.0,0.0,0.0,0.0,0.0,0.0,0.0,0.0,0.0,0.0,0.0,0.0,0.0,0.0,0.0,-0.0,0.0,-0.0,-0.0,0.0,0.0,0.0,0.0,4828.0,131350.344,7241.0,0.0,0.0,2.7184303811560617e+23,2.718431101732002e+23,0.0,0.0,0.0,0.0,77,-3.2220289616203523e+26,1.905684548377641e+17,0.0,0.0,0.0,0.0,0.0,0.0,0.0,0,0,0,0.0,0.0,0.0,0.0,0.0,0.0,0.0,0.0,0.0,0.0,0.0,0.0,0.0,0.0,0.0,0.0,0,-107875648.0,77,0.0,154,0.0,-101056864.0,ERR,ERR,ERR,ERR,ERR,ERR,ERR,ERR,ERR,ERR,ERR,ERR,ERR,ERR,ERR,ERR,ERR,ERR,ERR,ERR,ERR,ERR,ERR,ERR,ERR,ERR,ERR,ERR,ERR,ERR,ERR,ERR,ERR,ERR,ERR,ERR,ERR,ERR,ERR,ERR,ERR,ERR,ERR,ERR,ERR,ERR,ERR,ERR,ERR,ERR,ERR,ERR,ERR,ERR,ERR,ERR,ERR,ERR,ERR,ERR,ERR,ERR,ERR,ERR,ERR,ERR,ERR,34.0,80.0,35,0.0,0.0,0.0,0.0,0.0,0.0,0.0,0.0,0.0,0.0,0.0,0.0,0.0,0.0,0.0,0.0,65.6,0,120,58,53,65476,0,300,0,0,8,20529,65476,0,0,57672,80.0,0.0,0.0,0.0,0.0,0.0
2026-06-18T02:47:29,ERR,ERR,ERR,ERR,ERR,ERR,ERR,ERR,ERR,ERR,ERR,ERR,ERR,ERR,ERR,ERR,ERR,ERR,ERR,ERR,ERR,ERR,ERR,ERR,ERR,ERR,ERR,ERR,ERR,ERR,ERR,ERR,ERR,ERR,ERR,ERR,ERR,ERR,ERR,ERR,ERR,ERR,ERR,ERR,ERR,ERR,ERR,ERR,ERR,ERR,ERR,ERR,ERR,ERR,ERR,ERR,ERR,ERR,ERR,ERR,ERR,ERR,ERR,ERR,ERR,ERR,ERR,ERR,ERR,ERR,ERR,ERR,ERR,ERR,ERR,ERR,ERR,ERR,ERR,ERR,ERR,ERR,ERR,ERR,ERR,ERR,ERR,ERR,ERR,ERR,ERR,ERR,ERR,ERR,ERR,ERR,ERR,ERR,ERR,ERR,ERR,ERR,ERR,ERR,ERR,ERR,ERR,ERR,ERR,ERR,ERR,ERR,ERR,ERR,ERR,ERR,ERR,ERR,ERR,ERR,ERR,ERR,ERR,ERR,ERR,0.0,0.0,-0.0,0.0,nan,1.3936040501711995e+18,7.805,118629576.0,0,0,4,48936,6720,14723890282496.0,100,0.0,0.0,0.0,0.0,0.0,0,0,0,0,0.0,0,0,0,0,0,0,0,0,0,0,0,0,0,0,0,0,0,0,0,0,0,0,0,0,0,0,0,0,0,0,0,0,0,26,51,50,76,65476,0,300,0,0,8,21553,0.0,-107605600.0,0.0,0.0,0.0,0.0,0.0,0.0,0.0,0.0,0.0,0.0,0.0,0.0,0.0,0.0,0.0,0.0,0.0,0.0,0.0,0.0,-0.0,0.0,-0.0,-0.0,0.0,0.0,0.0,0.0,4828.0,131350.344,7241.0,0.0,0.0,2.7184303811560617e+23,2.718431101732002e+23,0.0,0.0,0.0,0.0,77,-3.2220289616203523e+26,1.905684548377641e+17,0.0,0.0,0.0,0.0,0.0,0.0,0.0,0,0,0,0.0,0.0,0.0,0.0,0.0,0.0,0.0,0.0,0.0,0.0,0.0,0.0,0.0,0.0,0.0,0.0,0,-107875648.0,77,0.0,154,0.0,-101056864.0,ERR,ERR,ERR,ERR,ERR,ERR,ERR,ERR,ERR,ERR,ERR,ERR,ERR,ERR,ERR,ERR,ERR,ERR,ERR,ERR,ERR,ERR,ERR,ERR,ERR,ERR,ERR,ERR,ERR,ERR,ERR,ERR,ERR,ERR,ERR,ERR,ERR,ERR,ERR,ERR,ERR,ERR,ERR,ERR,ERR,ERR,ERR,ERR,ERR,ERR,ERR,ERR,ERR,ERR,ERR,ERR,ERR,ERR,ERR,ERR,ERR,ERR,ERR,ERR,ERR,ERR,ERR,34.0,80.0,35,0.0,0.0,0.0,0.0,0.0,0.0,0.0,0.0,0.0,0.0,0.0,0.0,0.0,0.0,0.0,0.0,65.6,0,120,58,53,65476,0,300,0,0,8,20529,65476,0,0,57672,80.0,0.0,0.0,0.0,0.0,0.0
2026-06-18T02:47:30,ERR,ERR,ERR,ERR,ERR,ERR,ERR,ERR,ERR,ERR,ERR,ERR,ERR,ERR,ERR,ERR,ERR,ERR,ERR,ERR,ERR,ERR,ERR,ERR,ERR,ERR,ERR,ERR,ERR,ERR,ERR,ERR,ERR,ERR,ERR,ERR,ERR,ERR,ERR,ERR,ERR,ERR,ERR,ERR,ERR,ERR,ERR,ERR,ERR,ERR,ERR,ERR,ERR,ERR,ERR,ERR,ERR,ERR,ERR,ERR,ERR,ERR,ERR,ERR,ERR,ERR,ERR,ERR,ERR,ERR,ERR,ERR,ERR,ERR,ERR,ERR,ERR,ERR,ERR,ERR,ERR,ERR,ERR,ERR,ERR,ERR,ERR,ERR,ERR,ERR,ERR,ERR,ERR,ERR,ERR,ERR,ERR,ERR,ERR,ERR,ERR,ERR,ERR,ERR,ERR,ERR,ERR,ERR,ERR,ERR,ERR,ERR,ERR,ERR,ERR,ERR,ERR,ERR,ERR,ERR,ERR,ERR,ERR,ERR,ERR,0.0,0.0,-0.0,-4.9501291711397626e+32,nan,1.3936040501711995e+18,7.805,-0.0,0,0,4,48933,6720,14723890282496.0,100,0.0,0.0,0.0,-152005385388032.0,0.0,0,0,0,0,0.0,0,0,0,0,0,0,0,0,0,0,0,0,0,0,0,0,0,0,0,0,0,0,0,0,0,0,0,0,0,0,0,0,0,26,51,50,76,65476,0,300,0,0,8,21553,0.0,-107605600.0,0.0,0.0,0.0,0.0,0.0,0.0,0.0,0.0,0.0,0.0,0.0,0.0,0.0,0.0,0.0,0.0,0.0,0.0,0.0,0.0,-0.0,-2.004,-0.0,-0.0,0.0,0.0,0.0,0.0,4826.0,2.004,7240.0,0.0,0.0,2.7184303811560617e+23,2.718431101732002e+23,0.0,0.0,0.0,0.0,77,-2.308840541793802e+20,126840471552.0,0.0,0.0,0.0,0.0,0.0,0.0,0.0,0,0,0,0.0,0.0,0.0,0.0,0.0,0.0,0.0,0.0,0.0,0.0,0.0,0.0,0.0,0.0,0.0,0.0,0,-107875648.0,77,0.0,154,0.0,-101056864.0,ERR,ERR,ERR,ERR,ERR,ERR,ERR,ERR,ERR,ERR,ERR,ERR,ERR,ERR,ERR,ERR,ERR,ERR,ERR,ERR,ERR,ERR,ERR,ERR,ERR,ERR,ERR,ERR,ERR,ERR,ERR,ERR,ERR,ERR,ERR,ERR,ERR,ERR,ERR,ERR,ERR,ERR,ERR,ERR,ERR,ERR,ERR,ERR,ERR,ERR,ERR,ERR,ERR,ERR,ERR,ERR,ERR,ERR,ERR,ERR,ERR,ERR,ERR,ERR,ERR,ERR,ERR,34.0,80.0,35,0.0,0.0,0.0,0.0,0.0,0.0,0.0,0.0,0.0,0.0,0.0,0.0,0.0,0.0,0.0,0.0,65.6,0,120,58,53,65476,0,300,0,0,8,20529,65476,0,0,57672,80.0,0.0,0.0,0.0,0.0,0.0
2026-06-18T02:47:31,ERR,ERR,ERR,ERR,ERR,ERR,ERR,ERR,ERR,ERR,ERR,ERR,ERR,ERR,ERR,ERR,ERR,ERR,ERR,ERR,ERR,ERR,ERR,ERR,ERR,ERR,ERR,ERR,ERR,ERR,ERR,ERR,ERR,ERR,ERR,ERR,ERR,ERR,ERR,ERR,ERR,ERR,ERR,ERR,ERR,ERR,ERR,ERR,ERR,ERR,ERR,ERR,ERR,ERR,ERR,ERR,ERR,ERR,ERR,ERR,ERR,ERR,ERR,ERR,ERR,ERR,ERR,ERR,ERR,ERR,ERR,ERR,ERR,ERR,ERR,ERR,ERR,ERR,ERR,ERR,ERR,ERR,ERR,ERR,ERR,ERR,ERR,ERR,ERR,ERR,ERR,ERR,ERR,ERR,ERR,ERR,ERR,ERR,ERR,ERR,ERR,ERR,ERR,ERR,ERR,ERR,ERR,ERR,ERR,ERR,ERR,ERR,ERR,ERR,ERR,ERR,ERR,ERR,ERR,ERR,ERR,ERR,ERR,ERR,ERR,0.0,0.0,-0.0,-4.9501291711397626e+32,nan,1.3936040501711995e+18,7.805,-0.0,0,0,4,48933,6720,14723890282496.0,100,0.0,0.0,0.0,-152005385388032.0,0.0,0,0,0,0,0.0,0,0,0,0,0,0,0,0,0,0,0,0,0,0,0,0,0,0,0,0,0,0,0,0,0,0,0,0,0,0,0,0,0,26,51,50,76,65476,0,300,0,0,8,21553,0.0,-107605600.0,0.0,0.0,0.0,0.0,0.0,0.0,0.0,0.0,0.0,0.0,0.0,0.0,0.0,0.0,0.0,0.0,0.0,0.0,0.0,0.0,-0.0,-2.004,-0.0,-0.0,0.0,0.0,0.0,0.0,4826.0,2.004,7240.0,0.0,0.0,2.7184303811560617e+23,2.718431101732002e+23,0.0,0.0,0.0,0.0,77,-2.308840541793802e+20,126840471552.0,0.0,0.0,0.0,0.0,0.0,0.0,0.0,0,0,0,0.0,0.0,0.0,0.0,0.0,0.0,0.0,0.0,0.0,0.0,0.0,0.0,0.0,0.0,0.0,0.0,0,-107875648.0,77,0.0,154,0.0,-101056864.0,ERR,ERR,ERR,ERR,ERR,ERR,ERR,ERR,ERR,ERR,ERR,ERR,ERR,ERR,ERR,ERR,ERR,ERR,ERR,ERR,ERR,ERR,ERR,ERR,ERR,ERR,ERR,ERR,ERR,ERR,ERR,ERR,ERR,ERR,ERR,ERR,ERR,ERR,ERR,ERR,ERR,ERR,ERR,ERR,ERR,ERR,ERR,ERR,ERR,ERR,ERR,ERR,ERR,ERR,ERR,ERR,ERR,ERR,ERR,ERR,ERR,ERR,ERR,ERR,ERR,ERR,ERR,34.0,80.0,35,0.0,0.0,0.0,0.0,0.0,0.0,0.0,0.0,0.0,0.0,0.0,0.0,0.0,0.0,0.0,0.0,65.6,0,120,58,53,65476,0,300,0,0,8,20529,65476,0,0,57672,80.0,0.0,0.0,0.0,0.0,0.0
2026-06-18T02:47:32,ERR,ERR,ERR,ERR,ERR,ERR,ERR,ERR,ERR,ERR,ERR,ERR,ERR,ERR,ERR,ERR,ERR,ERR,ERR,ERR,ERR,ERR,ERR,ERR,ERR,ERR,ERR,ERR,ERR,ERR,ERR,ERR,ERR,ERR,ERR,ERR,ERR,ERR,ERR,ERR,ERR,ERR,ERR,ERR,ERR,ERR,ERR,ERR,ERR,ERR,ERR,ERR,ERR,ERR,ERR,ERR,ERR,ERR,ERR,ERR,ERR,ERR,ERR,ERR,ERR,ERR,ERR,ERR,ERR,ERR,ERR,ERR,ERR,ERR,ERR,ERR,ERR,ERR,ERR,ERR,ERR,ERR,ERR,ERR,ERR,ERR,ERR,ERR,ERR,ERR,ERR,ERR,ERR,ERR,ERR,ERR,ERR,ERR,ERR,ERR,ERR,ERR,ERR,ERR,ERR,ERR,ERR,ERR,ERR,ERR,ERR,ERR,ERR,ERR,ERR,ERR,ERR,ERR,ERR,ERR,ERR,ERR,ERR,ERR,ERR,0.0,0.0,-0.0,-4.9501291711397626e+32,nan,1.3936040501711995e+18,7.805,-0.0,0,0,4,48933,6720,14723890282496.0,100,0.0,0.0,0.0,-152005385388032.0,0.0,0,0,0,0,0.0,0,0,0,0,0,0,0,0,0,0,0,0,0,0,0,0,0,0,0,0,0,0,0,0,0,0,0,0,0,0,0,0,0,26,51,50,76,65476,0,300,0,0,8,21553,0.0,-107605600.0,0.0,0.0,0.0,0.0,0.0,0.0,0.0,0.0,0.0,0.0,0.0,0.0,0.0,0.0,0.0,0.0,0.0,0.0,0.0,0.0,-0.0,-2.004,-0.0,-0.0,0.0,0.0,0.0,0.0,4826.0,2.004,7240.0,0.0,0.0,2.7184303811560617e+23,2.718431101732002e+23,0.0,0.0,0.0,0.0,77,-2.308840541793802e+20,126840471552.0,0.0,0.0,0.0,0.0,0.0,0.0,0.0,0,0,0,0.0,0.0,0.0,0.0,0.0,0.0,0.0,0.0,0.0,0.0,0.0,0.0,0.0,0.0,0.0,0.0,0,-107875648.0,77,0.0,154,0.0,-101056864.0,ERR,ERR,ERR,ERR,ERR,ERR,ERR,ERR,ERR,ERR,ERR,ERR,ERR,ERR,ERR,ERR,ERR,ERR,ERR,ERR,ERR,ERR,ERR,ERR,ERR,ERR,ERR,ERR,ERR,ERR,ERR,ERR,ERR,ERR,ERR,ERR,ERR,ERR,ERR,ERR,ERR,ERR,ERR,ERR,ERR,ERR,ERR,ERR,ERR,ERR,ERR,ERR,ERR,ERR,ERR,ERR,ERR,ERR,ERR,ERR,ERR,ERR,ERR,ERR,ERR,ERR,ERR,34.0,80.0,35,0.0,0.0,0.0,0.0,0.0,0.0,0.0,0.0,0.0,0.0,0.0,0.0,0.0,0.0,0.0,0.0,65.6,0,120,58,53,65476,0,300,0,0,8,20529,65476,0,0,57672,80.0,0.0,0.0,0.0,0.0,0.0
2026-06-18T02:47:33,ERR,ERR,ERR,ERR,ERR,ERR,ERR,ERR,ERR,ERR,ERR,ERR,ERR,ERR,ERR,ERR,ERR,ERR,ERR,ERR,ERR,ERR,ERR,ERR,ERR,ERR,ERR,ERR,ERR,ERR,ERR,ERR,ERR,ERR,ERR,ERR,ERR,ERR,ERR,ERR,ERR,ERR,ERR,ERR,ERR,ERR,ERR,ERR,ERR,ERR,ERR,ERR,ERR,ERR,ERR,ERR,ERR,ERR,ERR,ERR,ERR,ERR,ERR,ERR,ERR,ERR,ERR,ERR,ERR,ERR,ERR,ERR,ERR,ERR,ERR,ERR,ERR,ERR,ERR,ERR,ERR,ERR,ERR,ERR,ERR,ERR,ERR,ERR,ERR,ERR,ERR,ERR,ERR,ERR,ERR,ERR,ERR,ERR,ERR,ERR,ERR,ERR,ERR,ERR,ERR,ERR,ERR,ERR,ERR,ERR,ERR,ERR,ERR,ERR,ERR,ERR,ERR,ERR,ERR,ERR,ERR,ERR,ERR,ERR,ERR,0.0,0.0,-0.0,-4.9501291711397626e+32,nan,1.3936040501711995e+18,7.805,-0.0,0,0,4,48933,6720,14723890282496.0,100,0.0,0.0,0.0,-152005385388032.0,0.0,0,0,0,0,0.0,0,0,0,0,0,0,0,0,0,0,0,0,0,0,0,0,0,0,0,0,0,0,0,0,0,0,0,0,0,0,0,0,0,26,51,50,76,65476,0,300,0,0,8,21553,0.0,-107605600.0,0.0,0.0,0.0,0.0,0.0,0.0,0.0,0.0,0.0,0.0,0.0,0.0,0.0,0.0,0.0,0.0,0.0,0.0,0.0,0.0,-0.0,-2.004,-0.0,-0.0,0.0,0.0,0.0,0.0,4826.0,2.004,7240.0,0.0,0.0,2.7184303811560617e+23,2.718431101732002e+23,0.0,0.0,0.0,0.0,77,-2.308840541793802e+20,126840471552.0,0.0,0.0,0.0,0.0,0.0,0.0,0.0,0,0,0,0.0,0.0,0.0,0.0,0.0,0.0,0.0,0.0,0.0,0.0,0.0,0.0,0.0,0.0,0.0,0.0,0,-107875648.0,77,0.0,154,0.0,-101056864.0,ERR,ERR,ERR,ERR,ERR,ERR,ERR,ERR,ERR,ERR,ERR,ERR,ERR,ERR,ERR,ERR,ERR,ERR,ERR,ERR,ERR,ERR,ERR,ERR,ERR,ERR,ERR,ERR,ERR,ERR,ERR,ERR,ERR,ERR,ERR,ERR,ERR,ERR,ERR,ERR,ERR,ERR,ERR,ERR,ERR,ERR,ERR,ERR,ERR,ERR,ERR,ERR,ERR,ERR,ERR,ERR,ERR,ERR,ERR,ERR,ERR,ERR,ERR,ERR,ERR,ERR,ERR,34.0,80.0,35,0.0,0.0,0.0,0.0,0.0,0.0,0.0,0.0,0.0,0.0,0.0,0.0,0.0,0.0,0.0,0.0,65.6,0,120,58,53,65476,0,300,0,0,8,20529,65476,0,0,57672,80.0,0.0,0.0,0.0,0.0,0.0
2026-06-18T02:47:34,ERR,ERR,ERR,ERR,ERR,ERR,ERR,ERR,ERR,ERR,ERR,ERR,ERR,ERR,ERR,ERR,ERR,ERR,ERR,ERR,ERR,ERR,ERR,ERR,ERR,ERR,ERR,ERR,ERR,ERR,ERR,ERR,ERR,ERR,ERR,ERR,ERR,ERR,ERR,ERR,ERR,ERR,ERR,ERR,ERR,ERR,ERR,ERR,ERR,ERR,ERR,ERR,ERR,ERR,ERR,ERR,ERR,ERR,ERR,ERR,ERR,ERR,ERR,ERR,ERR,ERR,ERR,ERR,ERR,ERR,ERR,ERR,ERR,ERR,ERR,ERR,ERR,ERR,ERR,ERR,ERR,ERR,ERR,ERR,ERR,ERR,ERR,ERR,ERR,ERR,ERR,ERR,ERR,ERR,ERR,ERR,ERR,ERR,ERR,ERR,ERR,ERR,ERR,ERR,ERR,ERR,ERR,ERR,ERR,ERR,ERR,ERR,ERR,ERR,ERR,ERR,ERR,ERR,ERR,ERR,ERR,ERR,ERR,ERR,ERR,0.0,0.0,-0.0,-4.9501291711397626e+32,nan,1.3936040501711995e+18,7.805,-0.0,0,0,4,48933,6720,14723890282496.0,100,0.0,0.0,0.0,-152005385388032.0,0.0,0,0,0,0,0.0,0,0,0,0,0,0,0,0,0,0,0,0,0,0,0,0,0,0,0,0,0,0,0,0,0,0,0,0,0,0,0,0,0,26,51,50,76,65476,0,300,0,0,8,21553,0.0,-107605600.0,0.0,0.0,0.0,0.0,0.0,0.0,0.0,0.0,0.0,0.0,0.0,0.0,0.0,0.0,0.0,0.0,0.0,0.0,0.0,0.0,-0.0,-2.004,-0.0,-0.0,0.0,0.0,0.0,0.0,4826.0,2.004,7240.0,0.0,0.0,2.7184303811560617e+23,2.718431101732002e+23,0.0,0.0,0.0,0.0,77,-2.308840541793802e+20,126840471552.0,0.0,0.0,0.0,0.0,0.0,0.0,0.0,0,0,0,0.0,0.0,0.0,0.0,0.0,0.0,0.0,0.0,0.0,0.0,0.0,0.0,0.0,0.0,0.0,0.0,0,-107875648.0,77,0.0,154,0.0,-101056864.0,ERR,ERR,ERR,ERR,ERR,ERR,ERR,ERR,ERR,ERR,ERR,ERR,ERR,ERR,ERR,ERR,ERR,ERR,ERR,ERR,ERR,ERR,ERR,ERR,ERR,ERR,ERR,ERR,ERR,ERR,ERR,ERR,ERR,ERR,ERR,ERR,ERR,ERR,ERR,ERR,ERR,ERR,ERR,ERR,ERR,ERR,ERR,ERR,ERR,ERR,ERR,ERR,ERR,ERR,ERR,ERR,ERR,ERR,ERR,ERR,ERR,ERR,ERR,ERR,ERR,ERR,ERR,34.0,80.0,35,0.0,0.0,0.0,0.0,0.0,0.0,0.0,0.0,0.0,0.0,0.0,0.0,0.0,0.0,0.0,0.0,65.6,0,120,58,53,65476,0,300,0,0,8,20529,65476,0,0,57672,80.0,0.0,0.0,0.0,0.0,0.0
2026-06-18T02:47:35,ERR,ERR,ERR,ERR,ERR,ERR,ERR,ERR,ERR,ERR,ERR,ERR,ERR,ERR,ERR,ERR,ERR,ERR,ERR,ERR,ERR,ERR,ERR,ERR,ERR,ERR,ERR,ERR,ERR,ERR,ERR,ERR,ERR,ERR,ERR,ERR,ERR,ERR,ERR,ERR,ERR,ERR,ERR,ERR,ERR,ERR,ERR,ERR,ERR,ERR,ERR,ERR,ERR,ERR,ERR,ERR,ERR,ERR,ERR,ERR,ERR,ERR,ERR,ERR,ERR,ERR,ERR,ERR,ERR,ERR,ERR,ERR,ERR,ERR,ERR,ERR,ERR,ERR,ERR,ERR,ERR,ERR,ERR,ERR,ERR,ERR,ERR,ERR,ERR,ERR,ERR,ERR,ERR,ERR,ERR,ERR,ERR,ERR,ERR,ERR,ERR,ERR,ERR,ERR,ERR,ERR,ERR,ERR,ERR,ERR,ERR,ERR,ERR,ERR,ERR,ERR,ERR,ERR,ERR,ERR,ERR,ERR,ERR,ERR,ERR,0.0,0.0,-0.0,-0.0,nan,1.3936040501711995e+18,7.805,1.2122276757504e+16,0,0,4,48935,6720,14723890282496.0,100,0.0,0.0,0.0,-0.0,0.0,0,0,0,0,0.0,0,0,0,0,0,0,0,0,0,0,0,0,0,0,0,0,0,0,0,0,0,0,0,0,0,0,0,0,0,0,0,0,0,26,51,50,76,65476,0,300,0,0,8,21553,0.0,-107605600.0,0.0,0.0,0.0,0.0,0.0,0.0,0.0,0.0,0.0,0.0,0.0,0.0,0.0,0.0,0.0,0.0,0.0,0.0,0.0,0.0,-0.0,0.0,-0.0,-0.0,0.0,0.0,0.0,0.0,4827.0,564145430724608.0,7243.0,0.0,0.0,2.7184303811560617e+23,2.718431101732002e+23,0.0,0.0,0.0,0.0,77,-2.7184302010120766e+23,4.066850635700005e+29,0.0,0.0,0.0,0.0,0.0,0.0,0.0,0,0,0,0.0,0.0,0.0,0.0,0.0,0.0,0.0,0.0,0.0,0.0,0.0,0.0,0.0,0.0,0.0,0.0,0,-107875648.0,77,0.0,154,0.0,-101056864.0,ERR,ERR,ERR,ERR,ERR,ERR,ERR,ERR,ERR,ERR,ERR,ERR,ERR,ERR,ERR,ERR,ERR,ERR,ERR,ERR,ERR,ERR,ERR,ERR,ERR,ERR,ERR,ERR,ERR,ERR,ERR,ERR,ERR,ERR,ERR,ERR,ERR,ERR,ERR,ERR,ERR,ERR,ERR,ERR,ERR,ERR,ERR,ERR,ERR,ERR,ERR,ERR,ERR,ERR,ERR,ERR,ERR,ERR,ERR,ERR,ERR,ERR,ERR,ERR,ERR,ERR,ERR,34.0,80.0,35,0.0,0.0,0.0,0.0,0.0,0.0,0.0,0.0,0.0,0.0,0.0,0.0,0.0,0.0,0.0,0.0,65.6,0,120,58,53,65476,0,300,0,0,8,20529,65476,0,0,57672,80.0,0.0,0.0,0.0,0.0,0.0
2026-06-18T02:47:36,ERR,ERR,ERR,ERR,ERR,ERR,ERR,ERR,ERR,ERR,ERR,ERR,ERR,ERR,ERR,ERR,ERR,ERR,ERR,ERR,ERR,ERR,ERR,ERR,ERR,ERR,ERR,ERR,ERR,ERR,ERR,ERR,ERR,ERR,ERR,ERR,ERR,ERR,ERR,ERR,ERR,ERR,ERR,ERR,ERR,ERR,ERR,ERR,ERR,ERR,ERR,ERR,ERR,ERR,ERR,ERR,ERR,ERR,ERR,ERR,ERR,ERR,ERR,ERR,ERR,ERR,ERR,ERR,ERR,ERR,ERR,ERR,ERR,ERR,ERR,ERR,ERR,ERR,ERR,ERR,ERR,ERR,ERR,ERR,ERR,ERR,ERR,ERR,ERR,ERR,ERR,ERR,ERR,ERR,ERR,ERR,ERR,ERR,ERR,ERR,ERR,ERR,ERR,ERR,ERR,ERR,ERR,ERR,ERR,ERR,ERR,ERR,ERR,ERR,ERR,ERR,ERR,ERR,ERR,ERR,ERR,ERR,ERR,ERR,ERR,0.0,0.0,-0.0,-0.0,nan,1.3936040501711995e+18,7.805,1.2122276757504e+16,0,0,4,48935,6720,14723890282496.0,100,0.0,0.0,0.0,-0.0,0.0,0,0,0,0,0.0,0,0,0,0,0,0,0,0,0,0,0,0,0,0,0,0,0,0,0,0,0,0,0,0,0,0,0,0,0,0,0,0,0,26,51,50,76,65476,0,300,0,0,8,21553,0.0,-107605600.0,0.0,0.0,0.0,0.0,0.0,0.0,0.0,0.0,0.0,0.0,0.0,0.0,0.0,0.0,0.0,0.0,0.0,0.0,0.0,0.0,-0.0,0.0,-0.0,-0.0,0.0,0.0,0.0,0.0,4827.0,564145430724608.0,7243.0,0.0,0.0,2.7184303811560617e+23,2.718431101732002e+23,0.0,0.0,0.0,0.0,77,-2.7184302010120766e+23,4.066850635700005e+29,0.0,0.0,0.0,0.0,0.0,0.0,0.0,0,0,0,0.0,0.0,0.0,0.0,0.0,0.0,0.0,0.0,0.0,0.0,0.0,0.0,0.0,0.0,0.0,0.0,0,-107875648.0,77,0.0,154,0.0,-101056864.0,ERR,ERR,ERR,ERR,ERR,ERR,ERR,ERR,ERR,ERR,ERR,ERR,ERR,ERR,ERR,ERR,ERR,ERR,ERR,ERR,ERR,ERR,ERR,ERR,ERR,ERR,ERR,ERR,ERR,ERR,ERR,ERR,ERR,ERR,ERR,ERR,ERR,ERR,ERR,ERR,ERR,ERR,ERR,ERR,ERR,ERR,ERR,ERR,ERR,ERR,ERR,ERR,ERR,ERR,ERR,ERR,ERR,ERR,ERR,ERR,ERR,ERR,ERR,ERR,ERR,ERR,ERR,34.0,80.0,35,0.0,0.0,0.0,0.0,0.0,0.0,0.0,0.0,0.0,0.0,0.0,0.0,0.0,0.0,0.0,0.0,65.6,0,120,58,53,65476,0,300,0,0,8,20529,65476,0,0,57672,80.0,0.0,0.0,0.0,0.0,0.0
2026-06-18T02:47:37,ERR,ERR,ERR,ERR,ERR,ERR,ERR,ERR,ERR,ERR,ERR,ERR,ERR,ERR,ERR,ERR,ERR,ERR,ERR,ERR,ERR,ERR,ERR,ERR,ERR,ERR,ERR,ERR,ERR,ERR,ERR,ERR,ERR,ERR,ERR,ERR,ERR,ERR,ERR,ERR,ERR,ERR,ERR,ERR,ERR,ERR,ERR,ERR,ERR,ERR,ERR,ERR,ERR,ERR,ERR,ERR,ERR,ERR,ERR,ERR,ERR,ERR,ERR,ERR,ERR,ERR,ERR,ERR,ERR,ERR,ERR,ERR,ERR,ERR,ERR,ERR,ERR,ERR,ERR,ERR,ERR,ERR,ERR,ERR,ERR,ERR,ERR,ERR,ERR,ERR,ERR,ERR,ERR,ERR,ERR,ERR,ERR,ERR,ERR,ERR,ERR,ERR,ERR,ERR,ERR,ERR,ERR,ERR,ERR,ERR,ERR,ERR,ERR,ERR,ERR,ERR,ERR,ERR,ERR,ERR,ERR,ERR,ERR,ERR,ERR,0.0,0.0,-0.0,-0.0,nan,1.3936040501711995e+18,7.805,1.2122276757504e+16,0,0,4,48935,6720,14723890282496.0,100,0.0,0.0,0.0,-0.0,0.0,0,0,0,0,0.0,0,0,0,0,0,0,0,0,0,0,0,0,0,0,0,0,0,0,0,0,0,0,0,0,0,0,0,0,0,0,0,0,0,26,51,50,76,65476,0,300,0,0,8,21553,0.0,-107605600.0,0.0,0.0,0.0,0.0,0.0,0.0,0.0,0.0,0.0,0.0,0.0,0.0,0.0,0.0,0.0,0.0,0.0,0.0,0.0,0.0,-0.0,0.0,-0.0,-0.0,0.0,0.0,0.0,0.0,4827.0,564145430724608.0,7243.0,0.0,0.0,2.7184303811560617e+23,2.718431101732002e+23,0.0,0.0,0.0,0.0,77,-2.7184302010120766e+23,4.066850635700005e+29,0.0,0.0,0.0,0.0,0.0,0.0,0.0,0,0,0,0.0,0.0,0.0,0.0,0.0,0.0,0.0,0.0,0.0,0.0,0.0,0.0,0.0,0.0,0.0,0.0,0,-107875648.0,77,0.0,154,0.0,-101056864.0,ERR,ERR,ERR,ERR,ERR,ERR,ERR,ERR,ERR,ERR,ERR,ERR,ERR,ERR,ERR,ERR,ERR,ERR,ERR,ERR,ERR,ERR,ERR,ERR,ERR,ERR,ERR,ERR,ERR,ERR,ERR,ERR,ERR,ERR,ERR,ERR,ERR,ERR,ERR,ERR,ERR,ERR,ERR,ERR,ERR,ERR,ERR,ERR,ERR,ERR,ERR,ERR,ERR,ERR,ERR,ERR,ERR,ERR,ERR,ERR,ERR,ERR,ERR,ERR,ERR,ERR,ERR,34.0,80.0,35,0.0,0.0,0.0,0.0,0.0,0.0,0.0,0.0,0.0,0.0,0.0,0.0,0.0,0.0,0.0,0.0,65.6,0,120,58,53,65476,0,300,0,0,8,20529,65476,0,0,57672,80.0,0.0,0.0,0.0,0.0,0.0
2026-06-18T02:47:38,ERR,ERR,ERR,ERR,ERR,ERR,ERR,ERR,ERR,ERR,ERR,ERR,ERR,ERR,ERR,ERR,ERR,ERR,ERR,ERR,ERR,ERR,ERR,ERR,ERR,ERR,ERR,ERR,ERR,ERR,ERR,ERR,ERR,ERR,ERR,ERR,ERR,ERR,ERR,ERR,ERR,ERR,ERR,ERR,ERR,ERR,ERR,ERR,ERR,ERR,ERR,ERR,ERR,ERR,ERR,ERR,ERR,ERR,ERR,ERR,ERR,ERR,ERR,ERR,ERR,ERR,ERR,ERR,ERR,ERR,ERR,ERR,ERR,ERR,ERR,ERR,ERR,ERR,ERR,ERR,ERR,ERR,ERR,ERR,ERR,ERR,ERR,ERR,ERR,ERR,ERR,ERR,ERR,ERR,ERR,ERR,ERR,ERR,ERR,ERR,ERR,ERR,ERR,ERR,ERR,ERR,ERR,ERR,ERR,ERR,ERR,ERR,ERR,ERR,ERR,ERR,ERR,ERR,ERR,ERR,ERR,ERR,ERR,ERR,ERR,0.0,0.0,-0.0,-0.0,nan,1.3936040501711995e+18,7.805,1.2122276757504e+16,0,0,4,48935,6720,14723890282496.0,100,0.0,0.0,0.0,-0.0,0.0,0,0,0,0,0.0,0,0,0,0,0,0,0,0,0,0,0,0,0,0,0,0,0,0,0,0,0,0,0,0,0,0,0,0,0,0,0,0,0,26,51,50,76,65476,0,300,0,0,8,21553,0.0,-107605600.0,0.0,0.0,0.0,0.0,0.0,0.0,0.0,0.0,0.0,0.0,0.0,0.0,0.0,0.0,0.0,0.0,0.0,0.0,0.0,0.0,-0.0,0.0,-0.0,-0.0,0.0,0.0,0.0,0.0,4827.0,564145430724608.0,7243.0,0.0,0.0,2.7184303811560617e+23,2.718431101732002e+23,0.0,0.0,0.0,0.0,77,-2.7184302010120766e+23,4.066850635700005e+29,0.0,0.0,0.0,0.0,0.0,0.0,0.0,0,0,0,0.0,0.0,0.0,0.0,0.0,0.0,0.0,0.0,0.0,0.0,0.0,0.0,0.0,0.0,0.0,0.0,0,-107875648.0,77,0.0,154,0.0,-101056864.0,ERR,ERR,ERR,ERR,ERR,ERR,ERR,ERR,ERR,ERR,ERR,ERR,ERR,ERR,ERR,ERR,ERR,ERR,ERR,ERR,ERR,ERR,ERR,ERR,ERR,ERR,ERR,ERR,ERR,ERR,ERR,ERR,ERR,ERR,ERR,ERR,ERR,ERR,ERR,ERR,ERR,ERR,ERR,ERR,ERR,ERR,ERR,ERR,ERR,ERR,ERR,ERR,ERR,ERR,ERR,ERR,ERR,ERR,ERR,ERR,ERR,ERR,ERR,ERR,ERR,ERR,ERR,34.0,80.0,35,0.0,0.0,0.0,0.0,0.0,0.0,0.0,0.0,0.0,0.0,0.0,0.0,0.0,0.0,0.0,0.0,65.6,0,120,58,53,65476,0,300,0,0,8,20529,65476,0,0,57672,80.0,0.0,0.0,0.0,0.0,0.0
2026-06-18T02:47:39,ERR,ERR,ERR,ERR,ERR,ERR,ERR,ERR,ERR,ERR,ERR,ERR,ERR,ERR,ERR,ERR,ERR,ERR,ERR,ERR,ERR,ERR,ERR,ERR,ERR,ERR,ERR,ERR,ERR,ERR,ERR,ERR,ERR,ERR,ERR,ERR,ERR,ERR,ERR,ERR,ERR,ERR,ERR,ERR,ERR,ERR,ERR,ERR,ERR,ERR,ERR,ERR,ERR,ERR,ERR,ERR,ERR,ERR,ERR,ERR,ERR,ERR,ERR,ERR,ERR,ERR,ERR,ERR,ERR,ERR,ERR,ERR,ERR,ERR,ERR,ERR,ERR,ERR,ERR,ERR,ERR,ERR,ERR,ERR,ERR,ERR,ERR,ERR,ERR,ERR,ERR,ERR,ERR,ERR,ERR,ERR,ERR,ERR,ERR,ERR,ERR,ERR,ERR,ERR,ERR,ERR,ERR,ERR,ERR,ERR,ERR,ERR,ERR,ERR,ERR,ERR,ERR,ERR,ERR,ERR,ERR,ERR,ERR,ERR,ERR,0.0,0.0,-0.0,-0.0,nan,1.3936040501711995e+18,7.805,1.2122276757504e+16,0,0,4,48935,6720,14723890282496.0,100,0.0,0.0,0.0,-0.0,0.0,0,0,0,0,0.0,0,0,0,0,0,0,0,0,0,0,0,0,0,0,0,0,0,0,0,0,0,0,0,0,0,0,0,0,0,0,0,0,0,26,51,50,76,65476,0,300,0,0,8,21553,0.0,-107605600.0,0.0,0.0,0.0,0.0,0.0,0.0,0.0,0.0,0.0,0.0,0.0,0.0,0.0,0.0,0.0,0.0,0.0,0.0,0.0,0.0,-0.0,0.0,-0.0,-0.0,0.0,0.0,0.0,0.0,4827.0,564145430724608.0,7243.0,0.0,0.0,2.7184303811560617e+23,2.718431101732002e+23,0.0,0.0,0.0,0.0,77,-2.7184302010120766e+23,4.066850635700005e+29,0.0,0.0,0.0,0.0,0.0,0.0,0.0,0,0,0,0.0,0.0,0.0,0.0,0.0,0.0,0.0,0.0,0.0,0.0,0.0,0.0,0.0,0.0,0.0,0.0,0,-107875648.0,77,0.0,154,0.0,-101056864.0,ERR,ERR,ERR,ERR,ERR,ERR,ERR,ERR,ERR,ERR,ERR,ERR,ERR,ERR,ERR,ERR,ERR,ERR,ERR,ERR,ERR,ERR,ERR,ERR,ERR,ERR,ERR,ERR,ERR,ERR,ERR,ERR,ERR,ERR,ERR,ERR,ERR,ERR,ERR,ERR,ERR,ERR,ERR,ERR,ERR,ERR,ERR,ERR,ERR,ERR,ERR,ERR,ERR,ERR,ERR,ERR,ERR,ERR,ERR,ERR,ERR,ERR,ERR,ERR,ERR,ERR,ERR,34.0,80.0,35,0.0,0.0,0.0,0.0,0.0,0.0,0.0,0.0,0.0,0.0,0.0,0.0,0.0,0.0,0.0,0.0,65.6,0,120,58,53,65476,0,300,0,0,8,20529,65476,0,0,57672,80.0,0.0,0.0,0.0,0.0,0.0
2026-06-18T02:47:40,ERR,ERR,ERR,ERR,ERR,ERR,ERR,ERR,ERR,ERR,ERR,ERR,ERR,ERR,ERR,ERR,ERR,ERR,ERR,ERR,ERR,ERR,ERR,ERR,ERR,ERR,ERR,ERR,ERR,ERR,ERR,ERR,ERR,ERR,ERR,ERR,ERR,ERR,ERR,ERR,ERR,ERR,ERR,ERR,ERR,ERR,ERR,ERR,ERR,ERR,ERR,ERR,ERR,ERR,ERR,ERR,ERR,ERR,ERR,ERR,ERR,ERR,ERR,ERR,ERR,ERR,ERR,ERR,ERR,ERR,ERR,ERR,ERR,ERR,ERR,ERR,ERR,ERR,ERR,ERR,ERR,ERR,ERR,ERR,ERR,ERR,ERR,ERR,ERR,ERR,ERR,ERR,ERR,ERR,ERR,ERR,ERR,ERR,ERR,ERR,ERR,ERR,ERR,ERR,ERR,ERR,ERR,ERR,ERR,ERR,ERR,ERR,ERR,ERR,ERR,ERR,ERR,ERR,ERR,ERR,ERR,ERR,ERR,ERR,ERR,0.0,0.0,-0.0,-152005385388032.0,nan,1.3936040501711995e+18,7.805,-1161942663168.0,0,0,4,48927,6720,14723890282496.0,100,0.0,0.0,0.0,-0.0,0.0,0,0,0,0,0.0,0,0,0,0,0,0,0,0,0,0,0,0,0,0,0,0,0,0,0,0,0,0,0,0,0,0,0,0,0,0,0,0,0,26,51,50,76,65476,0,300,0,0,8,21553,0.0,-107605600.0,0.0,0.0,0.0,0.0,0.0,0.0,0.0,0.0,0.0,0.0,0.0,0.0,0.0,0.0,0.0,0.0,0.0,0.0,0.0,0.0,-0.0,0.0,-0.0,-0.0,0.0,0.0,0.0,0.0,4825.0,0.0,7237.0,0.0,-107615384.0,2.7184303811560617e+23,2.718431101732002e+23,0.0,0.0,0.0,0.0,77,-1.9056981204742963e+17,0.0,0.0,0.0,0.0,0.0,0.0,0.0,0.0,0,0,0,0.0,0.0,0.0,0.0,0.0,0.0,0.0,0.0,0.0,0.0,0.0,0.0,0.0,0.0,0.0,0.0,0,-107875648.0,77,0.0,154,0.0,-101056864.0,ERR,ERR,ERR,ERR,ERR,ERR,ERR,ERR,ERR,ERR,ERR,ERR,ERR,ERR,ERR,ERR,ERR,ERR,ERR,ERR,ERR,ERR,ERR,ERR,ERR,ERR,ERR,ERR,ERR,ERR,ERR,ERR,ERR,ERR,ERR,ERR,ERR,ERR,ERR,ERR,ERR,ERR,ERR,ERR,ERR,ERR,ERR,ERR,ERR,ERR,ERR,ERR,ERR,ERR,ERR,ERR,ERR,ERR,ERR,ERR,ERR,ERR,ERR,ERR,ERR,ERR,ERR,34.0,80.0,35,0.0,0.0,0.0,0.0,0.0,0.0,0.0,0.0,0.0,0.0,0.0,0.0,0.0,0.0,0.0,0.0,65.6,0,120,58,53,65476,0,300,0,0,8,20529,65476,0,0,57672,80.0,0.0,0.0,0.0,0.0,0.0
2026-06-18T02:47:41,ERR,ERR,ERR,ERR,ERR,ERR,ERR,ERR,ERR,ERR,ERR,ERR,ERR,ERR,ERR,ERR,ERR,ERR,ERR,ERR,ERR,ERR,ERR,ERR,ERR,ERR,ERR,ERR,ERR,ERR,ERR,ERR,ERR,ERR,ERR,ERR,ERR,ERR,ERR,ERR,ERR,ERR,ERR,ERR,ERR,ERR,ERR,ERR,ERR,ERR,ERR,ERR,ERR,ERR,ERR,ERR,ERR,ERR,ERR,ERR,ERR,ERR,ERR,ERR,ERR,ERR,ERR,ERR,ERR,ERR,ERR,ERR,ERR,ERR,ERR,ERR,ERR,ERR,ERR,ERR,ERR,ERR,ERR,ERR,ERR,ERR,ERR,ERR,ERR,ERR,ERR,ERR,ERR,ERR,ERR,ERR,ERR,ERR,ERR,ERR,ERR,ERR,ERR,ERR,ERR,ERR,ERR,ERR,ERR,ERR,ERR,ERR,ERR,ERR,ERR,ERR,ERR,ERR,ERR,ERR,ERR,ERR,ERR,ERR,ERR,0.0,0.0,-0.0,-152005385388032.0,nan,1.3936040501711995e+18,7.805,-1161942663168.0,0,0,4,48927,6720,14723890282496.0,100,0.0,0.0,0.0,-0.0,0.0,0,0,0,0,0.0,0,0,0,0,0,0,0,0,0,0,0,0,0,0,0,0,0,0,0,0,0,0,0,0,0,0,0,0,0,0,0,0,0,26,51,50,76,65476,0,300,0,0,8,21553,0.0,-107605600.0,0.0,0.0,0.0,0.0,0.0,0.0,0.0,0.0,0.0,0.0,0.0,0.0,0.0,0.0,0.0,0.0,0.0,0.0,0.0,0.0,-0.0,0.0,-0.0,-0.0,0.0,0.0,0.0,0.0,4825.0,0.0,7237.0,0.0,-107615384.0,2.7184303811560617e+23,2.718431101732002e+23,0.0,0.0,0.0,0.0,77,-1.9056981204742963e+17,0.0,0.0,0.0,0.0,0.0,0.0,0.0,0.0,0,0,0,0.0,0.0,0.0,0.0,0.0,0.0,0.0,0.0,0.0,0.0,0.0,0.0,0.0,0.0,0.0,0.0,0,-107875648.0,77,0.0,154,0.0,-101056864.0,ERR,ERR,ERR,ERR,ERR,ERR,ERR,ERR,ERR,ERR,ERR,ERR,ERR,ERR,ERR,ERR,ERR,ERR,ERR,ERR,ERR,ERR,ERR,ERR,ERR,ERR,ERR,ERR,ERR,ERR,ERR,ERR,ERR,ERR,ERR,ERR,ERR,ERR,ERR,ERR,ERR,ERR,ERR,ERR,ERR,ERR,ERR,ERR,ERR,ERR,ERR,ERR,ERR,ERR,ERR,ERR,ERR,ERR,ERR,ERR,ERR,ERR,ERR,ERR,ERR,ERR,ERR,34.0,80.0,35,0.0,0.0,0.0,0.0,0.0,0.0,0.0,0.0,0.0,0.0,0.0,0.0,0.0,0.0,0.0,0.0,65.6,0,120,58,53,65476,0,300,0,0,8,20529,65476,0,0,57672,80.0,0.0,0.0,0.0,0.0,0.0
2026-06-18T02:47:42,ERR,ERR,ERR,ERR,ERR,ERR,ERR,ERR,ERR,ERR,ERR,ERR,ERR,ERR,ERR,ERR,ERR,ERR,ERR,ERR,ERR,ERR,ERR,ERR,ERR,ERR,ERR,ERR,ERR,ERR,ERR,ERR,ERR,ERR,ERR,ERR,ERR,ERR,ERR,ERR,ERR,ERR,ERR,ERR,ERR,ERR,ERR,ERR,ERR,ERR,ERR,ERR,ERR,ERR,ERR,ERR,ERR,ERR,ERR,ERR,ERR,ERR,ERR,ERR,ERR,ERR,ERR,ERR,ERR,ERR,ERR,ERR,ERR,ERR,ERR,ERR,ERR,ERR,ERR,ERR,ERR,ERR,ERR,ERR,ERR,ERR,ERR,ERR,ERR,ERR,ERR,ERR,ERR,ERR,ERR,ERR,ERR,ERR,ERR,ERR,ERR,ERR,ERR,ERR,ERR,ERR,ERR,ERR,ERR,ERR,ERR,ERR,ERR,ERR,ERR,ERR,ERR,ERR,ERR,ERR,ERR,ERR,ERR,ERR,ERR,0.0,0.0,-0.0,-152005385388032.0,nan,1.3936040501711995e+18,7.805,-1161942663168.0,0,0,4,48927,6720,14723890282496.0,100,0.0,0.0,0.0,-0.0,0.0,0,0,0,0,0.0,0,0,0,0,0,0,0,0,0,0,0,0,0,0,0,0,0,0,0,0,0,0,0,0,0,0,0,0,0,0,0,0,0,26,51,50,76,65476,0,300,0,0,8,21553,0.0,-107605600.0,0.0,0.0,0.0,0.0,0.0,0.0,0.0,0.0,0.0,0.0,0.0,0.0,0.0,0.0,0.0,0.0,0.0,0.0,0.0,0.0,-0.0,0.0,-0.0,-0.0,0.0,0.0,0.0,0.0,4825.0,0.0,7237.0,0.0,-107615384.0,2.7184303811560617e+23,2.718431101732002e+23,0.0,0.0,0.0,0.0,77,-1.9056981204742963e+17,0.0,0.0,0.0,0.0,0.0,0.0,0.0,0.0,0,0,0,0.0,0.0,0.0,0.0,0.0,0.0,0.0,0.0,0.0,0.0,0.0,0.0,0.0,0.0,0.0,0.0,0,-107875648.0,77,0.0,154,0.0,-101056864.0,ERR,ERR,ERR,ERR,ERR,ERR,ERR,ERR,ERR,ERR,ERR,ERR,ERR,ERR,ERR,ERR,ERR,ERR,ERR,ERR,ERR,ERR,ERR,ERR,ERR,ERR,ERR,ERR,ERR,ERR,ERR,ERR,ERR,ERR,ERR,ERR,ERR,ERR,ERR,ERR,ERR,ERR,ERR,ERR,ERR,ERR,ERR,ERR,ERR,ERR,ERR,ERR,ERR,ERR,ERR,ERR,ERR,ERR,ERR,ERR,ERR,ERR,ERR,ERR,ERR,ERR,ERR,34.0,80.0,35,0.0,0.0,0.0,0.0,0.0,0.0,0.0,0.0,0.0,0.0,0.0,0.0,0.0,0.0,0.0,0.0,66.4,0,120,58,53,65476,0,300,0,0,8,20529,65476,0,0,57672,80.0,0.0,0.0,0.0,0.0,0.0
2026-06-18T02:47:43,ERR,ERR,ERR,ERR,ERR,ERR,ERR,ERR,ERR,ERR,ERR,ERR,ERR,ERR,ERR,ERR,ERR,ERR,ERR,ERR,ERR,ERR,ERR,ERR,ERR,ERR,ERR,ERR,ERR,ERR,ERR,ERR,ERR,ERR,ERR,ERR,ERR,ERR,ERR,ERR,ERR,ERR,ERR,ERR,ERR,ERR,ERR,ERR,ERR,ERR,ERR,ERR,ERR,ERR,ERR,ERR,ERR,ERR,ERR,ERR,ERR,ERR,ERR,ERR,ERR,ERR,ERR,ERR,ERR,ERR,ERR,ERR,ERR,ERR,ERR,ERR,ERR,ERR,ERR,ERR,ERR,ERR,ERR,ERR,ERR,ERR,ERR,ERR,ERR,ERR,ERR,ERR,ERR,ERR,ERR,ERR,ERR,ERR,ERR,ERR,ERR,ERR,ERR,ERR,ERR,ERR,ERR,ERR,ERR,ERR,ERR,ERR,ERR,ERR,ERR,ERR,ERR,ERR,ERR,ERR,ERR,ERR,ERR,ERR,ERR,0.0,0.0,-0.0,-152005385388032.0,nan,1.3936040501711995e+18,7.805,-1161942663168.0,0,0,4,48927,6720,14723890282496.0,100,0.0,0.0,0.0,-0.0,0.0,0,0,0,0,0.0,0,0,0,0,0,0,0,0,0,0,0,0,0,0,0,0,0,0,0,0,0,0,0,0,0,0,0,0,0,0,0,0,0,26,51,50,76,65476,0,300,0,0,8,21553,0.0,-107605600.0,0.0,0.0,0.0,0.0,0.0,0.0,0.0,0.0,0.0,0.0,0.0,0.0,0.0,0.0,0.0,0.0,0.0,0.0,0.0,0.0,-0.0,0.0,-0.0,-0.0,0.0,0.0,0.0,0.0,4825.0,0.0,7237.0,0.0,-107615384.0,2.7184303811560617e+23,2.718431101732002e+23,0.0,0.0,0.0,0.0,77,-1.9056981204742963e+17,0.0,0.0,0.0,0.0,0.0,0.0,0.0,0.0,0,0,0,0.0,0.0,0.0,0.0,0.0,0.0,0.0,0.0,0.0,0.0,0.0,0.0,0.0,0.0,0.0,0.0,0,-107875648.0,77,0.0,154,0.0,-101056864.0,ERR,ERR,ERR,ERR,ERR,ERR,ERR,ERR,ERR,ERR,ERR,ERR,ERR,ERR,ERR,ERR,ERR,ERR,ERR,ERR,ERR,ERR,ERR,ERR,ERR,ERR,ERR,ERR,ERR,ERR,ERR,ERR,ERR,ERR,ERR,ERR,ERR,ERR,ERR,ERR,ERR,ERR,ERR,ERR,ERR,ERR,ERR,ERR,ERR,ERR,ERR,ERR,ERR,ERR,ERR,ERR,ERR,ERR,ERR,ERR,ERR,ERR,ERR,ERR,ERR,ERR,ERR,34.0,80.0,35,0.0,0.0,0.0,0.0,0.0,0.0,0.0,0.0,0.0,0.0,0.0,0.0,0.0,0.0,0.0,0.0,66.4,0,120,58,53,65476,0,300,0,0,8,20529,65476,0,0,57672,80.0,0.0,0.0,0.0,0.0,0.0
2026-06-18T02:47:44,ERR,ERR,ERR,ERR,ERR,ERR,ERR,ERR,ERR,ERR,ERR,ERR,ERR,ERR,ERR,ERR,ERR,ERR,ERR,ERR,ERR,ERR,ERR,ERR,ERR,ERR,ERR,ERR,ERR,ERR,ERR,ERR,ERR,ERR,ERR,ERR,ERR,ERR,ERR,ERR,ERR,ERR,ERR,ERR,ERR,ERR,ERR,ERR,ERR,ERR,ERR,ERR,ERR,ERR,ERR,ERR,ERR,ERR,ERR,ERR,ERR,ERR,ERR,ERR,ERR,ERR,ERR,ERR,ERR,ERR,ERR,ERR,ERR,ERR,ERR,ERR,ERR,ERR,ERR,ERR,ERR,ERR,ERR,ERR,ERR,ERR,ERR,ERR,ERR,ERR,ERR,ERR,ERR,ERR,ERR,ERR,ERR,ERR,ERR,ERR,ERR,ERR,ERR,ERR,ERR,ERR,ERR,ERR,ERR,ERR,ERR,ERR,ERR,ERR,ERR,ERR,ERR,ERR,ERR,ERR,ERR,ERR,ERR,ERR,ERR,0.0,0.0,-0.0,-152005385388032.0,nan,1.3936040501711995e+18,7.805,-1161942663168.0,0,0,4,48927,6720,14723890282496.0,100,0.0,0.0,0.0,-0.0,0.0,0,0,0,0,0.0,0,0,0,0,0,0,0,0,0,0,0,0,0,0,0,0,0,0,0,0,0,0,0,0,0,0,0,0,0,0,0,0,0,26,51,50,76,65476,0,300,0,0,8,21553,0.0,-107605600.0,0.0,0.0,0.0,0.0,0.0,0.0,0.0,0.0,0.0,0.0,0.0,0.0,0.0,0.0,0.0,0.0,0.0,0.0,0.0,0.0,-0.0,0.0,-0.0,-0.0,0.0,0.0,0.0,0.0,4825.0,0.0,7237.0,0.0,-107615384.0,2.7184303811560617e+23,2.718431101732002e+23,0.0,0.0,0.0,0.0,77,-1.9056981204742963e+17,0.0,0.0,0.0,0.0,0.0,0.0,0.0,0.0,0,0,0,0.0,0.0,0.0,0.0,0.0,0.0,0.0,0.0,0.0,0.0,0.0,0.0,0.0,0.0,0.0,0.0,0,-107875648.0,77,0.0,154,0.0,-101056864.0,ERR,ERR,ERR,ERR,ERR,ERR,ERR,ERR,ERR,ERR,ERR,ERR,ERR,ERR,ERR,ERR,ERR,ERR,ERR,ERR,ERR,ERR,ERR,ERR,ERR,ERR,ERR,ERR,ERR,ERR,ERR,ERR,ERR,ERR,ERR,ERR,ERR,ERR,ERR,ERR,ERR,ERR,ERR,ERR,ERR,ERR,ERR,ERR,ERR,ERR,ERR,ERR,ERR,ERR,ERR,ERR,ERR,ERR,ERR,ERR,ERR,ERR,ERR,ERR,ERR,ERR,ERR,34.0,80.0,35,0.0,0.0,0.0,0.0,0.0,0.0,0.0,0.0,0.0,0.0,0.0,0.0,0.0,0.0,0.0,0.0,65.6,0,120,58,53,65476,0,300,0,0,8,20529,65476,0,0,57672,80.0,0.0,0.0,0.0,0.0,0.0
2026-06-18T02:47:45,ERR,ERR,ERR,ERR,ERR,ERR,ERR,ERR,ERR,ERR,ERR,ERR,ERR,ERR,ERR,ERR,ERR,ERR,ERR,ERR,ERR,ERR,ERR,ERR,ERR,ERR,ERR,ERR,ERR,ERR,ERR,ERR,ERR,ERR,ERR,ERR,ERR,ERR,ERR,ERR,ERR,ERR,ERR,ERR,ERR,ERR,ERR,ERR,ERR,ERR,ERR,ERR,ERR,ERR,ERR,ERR,ERR,ERR,ERR,ERR,ERR,ERR,ERR,ERR,ERR,ERR,ERR,ERR,ERR,ERR,ERR,ERR,ERR,ERR,ERR,ERR,ERR,ERR,ERR,ERR,ERR,ERR,ERR,ERR,ERR,ERR,ERR,ERR,ERR,ERR,ERR,ERR,ERR,ERR,ERR,ERR,ERR,ERR,ERR,ERR,ERR,ERR,ERR,ERR,ERR,ERR,ERR,ERR,ERR,ERR,ERR,ERR,ERR,ERR,ERR,ERR,ERR,ERR,ERR,ERR,ERR,ERR,ERR,ERR,ERR,0.0,0.0,-0.0,-152005385388032.0,nan,1.3936040501711995e+18,7.805,-1161942663168.0,0,0,4,48927,6720,14723890282496.0,100,0.0,0.0,0.0,-0.0,0.0,0,0,0,0,0.0,0,0,0,0,0,0,0,0,0,0,0,0,0,0,0,0,0,0,0,0,0,0,0,0,0,0,0,0,0,0,0,0,0,26,51,50,76,65476,0,300,0,0,8,21553,0.0,-107605600.0,0.0,0.0,0.0,0.0,0.0,0.0,0.0,0.0,0.0,0.0,0.0,0.0,0.0,0.0,0.0,0.0,0.0,0.0,0.0,0.0,-0.0,0.0,-0.0,-0.0,0.0,0.0,0.0,0.0,4825.0,0.0,7237.0,0.0,-107615384.0,2.7184303811560617e+23,2.718431101732002e+23,0.0,0.0,0.0,0.0,77,-1.9056981204742963e+17,0.0,0.0,0.0,0.0,0.0,0.0,0.0,0.0,0,0,0,0.0,0.0,0.0,0.0,0.0,0.0,0.0,0.0,0.0,0.0,0.0,0.0,0.0,0.0,0.0,0.0,0,-107875648.0,77,0.0,154,0.0,-101056864.0,ERR,ERR,ERR,ERR,ERR,ERR,ERR,ERR,ERR,ERR,ERR,ERR,ERR,ERR,ERR,ERR,ERR,ERR,ERR,ERR,ERR,ERR,ERR,ERR,ERR,ERR,ERR,ERR,ERR,ERR,ERR,ERR,ERR,ERR,ERR,ERR,ERR,ERR,ERR,ERR,ERR,ERR,ERR,ERR,ERR,ERR,ERR,ERR,ERR,ERR,ERR,ERR,ERR,ERR,ERR,ERR,ERR,ERR,ERR,ERR,ERR,ERR,ERR,ERR,ERR,ERR,ERR,34.0,80.0,35,0.0,0.0,0.0,0.0,0.0,0.0,0.0,0.0,0.0,0.0,0.0,0.0,0.0,0.0,0.0,0.0,65.6,0,120,58,53,65476,0,300,0,0,8,20529,65476,0,0,57672,80.0,0.0,0.0,0.0,0.0,0.0
2026-06-18T02:47:47,ERR,ERR,ERR,ERR,ERR,ERR,ERR,ERR,ERR,ERR,ERR,ERR,ERR,ERR,ERR,ERR,ERR,ERR,ERR,ERR,ERR,ERR,ERR,ERR,ERR,ERR,ERR,ERR,ERR,ERR,ERR,ERR,ERR,ERR,ERR,ERR,ERR,ERR,ERR,ERR,ERR,ERR,ERR,ERR,ERR,ERR,ERR,ERR,ERR,ERR,ERR,ERR,ERR,ERR,ERR,ERR,ERR,ERR,ERR,ERR,ERR,ERR,ERR,ERR,ERR,ERR,ERR,ERR,ERR,ERR,ERR,ERR,ERR,ERR,ERR,ERR,ERR,ERR,ERR,ERR,ERR,ERR,ERR,ERR,ERR,ERR,ERR,ERR,ERR,ERR,ERR,ERR,ERR,ERR,ERR,ERR,ERR,ERR,ERR,ERR,ERR,ERR,ERR,ERR,ERR,ERR,ERR,ERR,ERR,ERR,ERR,ERR,ERR,ERR,ERR,ERR,ERR,ERR,ERR,ERR,ERR,ERR,ERR,ERR,ERR,0.0,0.0,-0.0,0.0,nan,1.3936040501711995e+18,7.805,118629576.0,0,0,4,48932,6720,14723890282496.0,100,0.0,0.0,0.0,-107609184.0,0.0,0,0,0,0,0.0,0,0,0,0,0,0,0,0,0,0,0,0,0,0,0,0,0,0,0,0,0,0,0,0,0,0,0,0,0,0,0,0,0,26,51,50,76,65476,0,300,0,0,8,21553,0.0,-107605600.0,0.0,0.0,0.0,0.0,0.0,0.0,0.0,0.0,0.0,0.0,0.0,0.0,0.0,0.0,0.0,0.0,0.0,0.0,0.0,0.0,-0.0,0.0,-0.0,-0.0,0.0,0.0,0.0,0.0,4825.0,2.004,7238.0,0.0,0.0,2.7184303811560617e+23,2.718431101732002e+23,0.0,0.0,0.0,0.0,77,-1.9056981204742963e+17,0.059,0.0,0.0,0.0,0.0,0.0,0.0,0.0,0,0,0,0.0,0.0,0.0,0.0,0.0,0.0,0.0,0.0,0.0,0.0,0.0,0.0,0.0,0.0,0.0,0.0,0,-107875648.0,77,0.0,154,0.0,-101056864.0,ERR,ERR,ERR,ERR,ERR,ERR,ERR,ERR,ERR,ERR,ERR,ERR,ERR,ERR,ERR,ERR,ERR,ERR,ERR,ERR,ERR,ERR,ERR,ERR,ERR,ERR,ERR,ERR,ERR,ERR,ERR,ERR,ERR,ERR,ERR,ERR,ERR,ERR,ERR,ERR,ERR,ERR,ERR,ERR,ERR,ERR,ERR,ERR,ERR,ERR,ERR,ERR,ERR,ERR,ERR,ERR,ERR,ERR,ERR,ERR,ERR,ERR,ERR,ERR,ERR,ERR,ERR,34.0,80.0,35,0.0,0.0,0.0,0.0,0.0,0.0,0.0,0.0,0.0,0.0,0.0,0.0,0.0,0.0,0.0,0.0,65.6,0,120,58,53,65476,0,300,0,0,8,20529,65476,0,0,57672,80.0,0.0,0.0,0.0,0.0,0.0
2026-06-18T02:47:48,ERR,ERR,ERR,ERR,ERR,ERR,ERR,ERR,ERR,ERR,ERR,ERR,ERR,ERR,ERR,ERR,ERR,ERR,ERR,ERR,ERR,ERR,ERR,ERR,ERR,ERR,ERR,ERR,ERR,ERR,ERR,ERR,ERR,ERR,ERR,ERR,ERR,ERR,ERR,ERR,ERR,ERR,ERR,ERR,ERR,ERR,ERR,ERR,ERR,ERR,ERR,ERR,ERR,ERR,ERR,ERR,ERR,ERR,ERR,ERR,ERR,ERR,ERR,ERR,ERR,ERR,ERR,ERR,ERR,ERR,ERR,ERR,ERR,ERR,ERR,ERR,ERR,ERR,ERR,ERR,ERR,ERR,ERR,ERR,ERR,ERR,ERR,ERR,ERR,ERR,ERR,ERR,ERR,ERR,ERR,ERR,ERR,ERR,ERR,ERR,ERR,ERR,ERR,ERR,ERR,ERR,ERR,ERR,ERR,ERR,ERR,ERR,ERR,ERR,ERR,ERR,ERR,ERR,ERR,ERR,ERR,ERR,ERR,ERR,ERR,0.0,0.0,-0.0,0.0,nan,1.3936040501711995e+18,7.805,118629576.0,0,0,4,48932,6720,14723890282496.0,100,0.0,0.0,0.0,-107609184.0,0.0,0,0,0,0,0.0,0,0,0,0,0,0,0,0,0,0,0,0,0,0,0,0,0,0,0,0,0,0,0,0,0,0,0,0,0,0,0,0,0,26,51,50,76,65476,0,300,0,0,8,21553,0.0,-107605600.0,0.0,0.0,0.0,0.0,0.0,0.0,0.0,0.0,0.0,0.0,0.0,0.0,0.0,0.0,0.0,0.0,0.0,0.0,0.0,0.0,-0.0,0.0,-0.0,-0.0,0.0,0.0,0.0,0.0,4825.0,2.004,7238.0,0.0,0.0,2.7184303811560617e+23,2.718431101732002e+23,0.0,0.0,0.0,0.0,77,-1.9056981204742963e+17,0.059,0.0,0.0,0.0,0.0,0.0,0.0,0.0,0,0,0,0.0,0.0,0.0,0.0,0.0,0.0,0.0,0.0,0.0,0.0,0.0,0.0,0.0,0.0,0.0,0.0,0,-107875648.0,77,0.0,154,0.0,-101056864.0,ERR,ERR,ERR,ERR,ERR,ERR,ERR,ERR,ERR,ERR,ERR,ERR,ERR,ERR,ERR,ERR,ERR,ERR,ERR,ERR,ERR,ERR,ERR,ERR,ERR,ERR,ERR,ERR,ERR,ERR,ERR,ERR,ERR,ERR,ERR,ERR,ERR,ERR,ERR,ERR,ERR,ERR,ERR,ERR,ERR,ERR,ERR,ERR,ERR,ERR,ERR,ERR,ERR,ERR,ERR,ERR,ERR,ERR,ERR,ERR,ERR,ERR,ERR,ERR,ERR,ERR,ERR,34.0,80.0,35,0.0,0.0,0.0,0.0,0.0,0.0,0.0,0.0,0.0,0.0,0.0,0.0,0.0,0.0,0.0,0.0,66.4,0,120,58,53,65476,0,300,0,0,8,20529,65476,0,0,57672,80.0,0.0,0.0,0.0,0.0,0.0
2026-06-18T02:47:49,ERR,ERR,ERR,ERR,ERR,ERR,ERR,ERR,ERR,ERR,ERR,ERR,ERR,ERR,ERR,ERR,ERR,ERR,ERR,ERR,ERR,ERR,ERR,ERR,ERR,ERR,ERR,ERR,ERR,ERR,ERR,ERR,ERR,ERR,ERR,ERR,ERR,ERR,ERR,ERR,ERR,ERR,ERR,ERR,ERR,ERR,ERR,ERR,ERR,ERR,ERR,ERR,ERR,ERR,ERR,ERR,ERR,ERR,ERR,ERR,ERR,ERR,ERR,ERR,ERR,ERR,ERR,ERR,ERR,ERR,ERR,ERR,ERR,ERR,ERR,ERR,ERR,ERR,ERR,ERR,ERR,ERR,ERR,ERR,ERR,ERR,ERR,ERR,ERR,ERR,ERR,ERR,ERR,ERR,ERR,ERR,ERR,ERR,ERR,ERR,ERR,ERR,ERR,ERR,ERR,ERR,ERR,ERR,ERR,ERR,ERR,ERR,ERR,ERR,ERR,ERR,ERR,ERR,ERR,ERR,ERR,ERR,ERR,ERR,ERR,0.0,0.0,-0.0,0.0,nan,1.3936040501711995e+18,7.805,118629576.0,0,0,4,48932,6720,14723890282496.0,100,0.0,0.0,0.0,-107609184.0,0.0,0,0,0,0,0.0,0,0,0,0,0,0,0,0,0,0,0,0,0,0,0,0,0,0,0,0,0,0,0,0,0,0,0,0,0,0,0,0,0,26,51,50,76,65476,0,300,0,0,8,21553,0.0,-107605600.0,0.0,0.0,0.0,0.0,0.0,0.0,0.0,0.0,0.0,0.0,0.0,0.0,0.0,0.0,0.0,0.0,0.0,0.0,0.0,0.0,-0.0,0.0,-0.0,-0.0,0.0,0.0,0.0,0.0,4825.0,2.004,7238.0,0.0,0.0,2.7184303811560617e+23,2.718431101732002e+23,0.0,0.0,0.0,0.0,77,-1.9056981204742963e+17,0.059,0.0,0.0,0.0,0.0,0.0,0.0,0.0,0,0,0,0.0,0.0,0.0,0.0,0.0,0.0,0.0,0.0,0.0,0.0,0.0,0.0,0.0,0.0,0.0,0.0,0,-107875648.0,77,0.0,154,0.0,-101056864.0,ERR,ERR,ERR,ERR,ERR,ERR,ERR,ERR,ERR,ERR,ERR,ERR,ERR,ERR,ERR,ERR,ERR,ERR,ERR,ERR,ERR,ERR,ERR,ERR,ERR,ERR,ERR,ERR,ERR,ERR,ERR,ERR,ERR,ERR,ERR,ERR,ERR,ERR,ERR,ERR,ERR,ERR,ERR,ERR,ERR,ERR,ERR,ERR,ERR,ERR,ERR,ERR,ERR,ERR,ERR,ERR,ERR,ERR,ERR,ERR,ERR,ERR,ERR,ERR,ERR,ERR,ERR,34.0,80.0,35,0.0,0.0,0.0,0.0,0.0,0.0,0.0,0.0,0.0,0.0,0.0,0.0,0.0,0.0,0.0,0.0,66.4,0,120,58,53,65476,0,300,0,0,8,20529,65476,0,0,57672,80.0,0.0,0.0,0.0,0.0,0.0
2026-06-18T02:47:50,ERR,ERR,ERR,ERR,ERR,ERR,ERR,ERR,ERR,ERR,ERR,ERR,ERR,ERR,ERR,ERR,ERR,ERR,ERR,ERR,ERR,ERR,ERR,ERR,ERR,ERR,ERR,ERR,ERR,ERR,ERR,ERR,ERR,ERR,ERR,ERR,ERR,ERR,ERR,ERR,ERR,ERR,ERR,ERR,ERR,ERR,ERR,ERR,ERR,ERR,ERR,ERR,ERR,ERR,ERR,ERR,ERR,ERR,ERR,ERR,ERR,ERR,ERR,ERR,ERR,ERR,ERR,ERR,ERR,ERR,ERR,ERR,ERR,ERR,ERR,ERR,ERR,ERR,ERR,ERR,ERR,ERR,ERR,ERR,ERR,ERR,ERR,ERR,ERR,ERR,ERR,ERR,ERR,ERR,ERR,ERR,ERR,ERR,ERR,ERR,ERR,ERR,ERR,ERR,ERR,ERR,ERR,ERR,ERR,ERR,ERR,ERR,ERR,ERR,ERR,ERR,ERR,ERR,ERR,ERR,ERR,ERR,ERR,ERR,ERR,0.0,0.0,-0.0,0.0,nan,1.3936040501711995e+18,7.805,118629576.0,0,0,4,48932,6720,14723890282496.0,100,0.0,0.0,0.0,-107609184.0,0.0,0,0,0,0,0.0,0,0,0,0,0,0,0,0,0,0,0,0,0,0,0,0,0,0,0,0,0,0,0,0,0,0,0,0,0,0,0,0,0,26,51,50,76,65476,0,300,0,0,8,21553,0.0,-107605600.0,0.0,0.0,0.0,0.0,0.0,0.0,0.0,0.0,0.0,0.0,0.0,0.0,0.0,0.0,0.0,0.0,0.0,0.0,0.0,0.0,-0.0,0.0,-0.0,-0.0,0.0,0.0,0.0,0.0,4825.0,2.004,7238.0,0.0,0.0,2.7184303811560617e+23,2.718431101732002e+23,0.0,0.0,0.0,0.0,77,-1.9056981204742963e+17,0.059,0.0,0.0,0.0,0.0,0.0,0.0,0.0,0,0,0,0.0,0.0,0.0,0.0,0.0,0.0,0.0,0.0,0.0,0.0,0.0,0.0,0.0,0.0,0.0,0.0,0,-107875648.0,77,0.0,154,0.0,-101056864.0,ERR,ERR,ERR,ERR,ERR,ERR,ERR,ERR,ERR,ERR,ERR,ERR,ERR,ERR,ERR,ERR,ERR,ERR,ERR,ERR,ERR,ERR,ERR,ERR,ERR,ERR,ERR,ERR,ERR,ERR,ERR,ERR,ERR,ERR,ERR,ERR,ERR,ERR,ERR,ERR,ERR,ERR,ERR,ERR,ERR,ERR,ERR,ERR,ERR,ERR,ERR,ERR,ERR,ERR,ERR,ERR,ERR,ERR,ERR,ERR,ERR,ERR,ERR,ERR,ERR,ERR,ERR,34.0,80.0,35,0.0,0.0,0.0,0.0,0.0,0.0,0.0,0.0,0.0,0.0,0.0,0.0,0.0,0.0,0.0,0.0,65.6,0,120,58,53,65476,0,300,0,0,8,20529,65476,0,0,57672,80.0,0.0,0.0,0.0,0.0,0.0
2026-06-18T02:47:51,ERR,ERR,ERR,ERR,ERR,ERR,ERR,ERR,ERR,ERR,ERR,ERR,ERR,ERR,ERR,ERR,ERR,ERR,ERR,ERR,ERR,ERR,ERR,ERR,ERR,ERR,ERR,ERR,ERR,ERR,ERR,ERR,ERR,ERR,ERR,ERR,ERR,ERR,ERR,ERR,ERR,ERR,ERR,ERR,ERR,ERR,ERR,ERR,ERR,ERR,ERR,ERR,ERR,ERR,ERR,ERR,ERR,ERR,ERR,ERR,ERR,ERR,ERR,ERR,ERR,ERR,ERR,ERR,ERR,ERR,ERR,ERR,ERR,ERR,ERR,ERR,ERR,ERR,ERR,ERR,ERR,ERR,ERR,ERR,ERR,ERR,ERR,ERR,ERR,ERR,ERR,ERR,ERR,ERR,ERR,ERR,ERR,ERR,ERR,ERR,ERR,ERR,ERR,ERR,ERR,ERR,ERR,ERR,ERR,ERR,ERR,ERR,ERR,ERR,ERR,ERR,ERR,ERR,ERR,ERR,ERR,ERR,ERR,ERR,ERR,0.0,0.0,-0.0,0.0,nan,1.3936040501711995e+18,7.805,118629576.0,0,0,4,48932,6720,14723890282496.0,100,0.0,0.0,0.0,-107609184.0,0.0,0,0,0,0,0.0,0,0,0,0,0,0,0,0,0,0,0,0,0,0,0,0,0,0,0,0,0,0,0,0,0,0,0,0,0,0,0,0,0,26,51,50,76,65476,0,300,0,0,8,21553,0.0,-107605600.0,0.0,0.0,0.0,0.0,0.0,0.0,0.0,0.0,0.0,0.0,0.0,0.0,0.0,0.0,0.0,0.0,0.0,0.0,0.0,0.0,-0.0,0.0,-0.0,-0.0,0.0,0.0,0.0,0.0,4825.0,2.004,7238.0,0.0,0.0,2.7184303811560617e+23,2.718431101732002e+23,0.0,0.0,0.0,0.0,77,-1.9056981204742963e+17,0.059,0.0,0.0,0.0,0.0,0.0,0.0,0.0,0,0,0,0.0,0.0,0.0,0.0,0.0,0.0,0.0,0.0,0.0,0.0,0.0,0.0,0.0,0.0,0.0,0.0,0,-107875648.0,77,0.0,154,0.0,-101056864.0,ERR,ERR,ERR,ERR,ERR,ERR,ERR,ERR,ERR,ERR,ERR,ERR,ERR,ERR,ERR,ERR,ERR,ERR,ERR,ERR,ERR,ERR,ERR,ERR,ERR,ERR,ERR,ERR,ERR,ERR,ERR,ERR,ERR,ERR,ERR,ERR,ERR,ERR,ERR,ERR,ERR,ERR,ERR,ERR,ERR,ERR,ERR,ERR,ERR,ERR,ERR,ERR,ERR,ERR,ERR,ERR,ERR,ERR,ERR,ERR,ERR,ERR,ERR,ERR,ERR,ERR,ERR,34.0,80.0,35,0.0,0.0,0.0,0.0,0.0,0.0,0.0,0.0,0.0,0.0,0.0,0.0,0.0,0.0,0.0,0.0,65.6,0,120,58,53,65476,0,300,0,0,8,20529,65476,0,0,57672,80.0,0.0,0.0,0.0,0.0,0.0
2026-06-18T02:47:52,ERR,ERR,ERR,ERR,ERR,ERR,ERR,ERR,ERR,ERR,ERR,ERR,ERR,ERR,ERR,ERR,ERR,ERR,ERR,ERR,ERR,ERR,ERR,ERR,ERR,ERR,ERR,ERR,ERR,ERR,ERR,ERR,ERR,ERR,ERR,ERR,ERR,ERR,ERR,ERR,ERR,ERR,ERR,ERR,ERR,ERR,ERR,ERR,ERR,ERR,ERR,ERR,ERR,ERR,ERR,ERR,ERR,ERR,ERR,ERR,ERR,ERR,ERR,ERR,ERR,ERR,ERR,ERR,ERR,ERR,ERR,ERR,ERR,ERR,ERR,ERR,ERR,ERR,ERR,ERR,ERR,ERR,ERR,ERR,ERR,ERR,ERR,ERR,ERR,ERR,ERR,ERR,ERR,ERR,ERR,ERR,ERR,ERR,ERR,ERR,ERR,ERR,ERR,ERR,ERR,ERR,ERR,ERR,ERR,ERR,ERR,ERR,ERR,ERR,ERR,ERR,ERR,ERR,ERR,ERR,ERR,ERR,ERR,ERR,ERR,0.0,0.0,-0.0,-152005385388032.0,nan,1.3936040501711995e+18,7.805,-1161942663168.0,0,0,4,48926,6720,14723890282496.0,100,0.0,0.0,0.0,-0.0,0.0,0,0,0,0,0.0,0,0,0,0,0,0,0,0,0,0,0,0,0,0,0,0,0,0,0,0,0,0,0,0,0,0,0,0,0,0,0,0,0,26,51,50,76,65476,0,300,0,0,8,21553,0.0,-107605600.0,0.0,0.0,0.0,0.0,0.0,0.0,0.0,0.0,0.0,0.0,0.0,0.0,0.0,0.0,0.0,0.0,0.0,0.0,0.0,0.0,-0.0,0.0,-0.0,-0.0,0.0,0.0,0.0,0.0,4822.0,131350.344,7241.0,0.0,0.0,2.7184303811560617e+23,2.718431101732002e+23,0.0,0.0,0.0,0.0,77,-107615352.0,1.905684548377641e+17,0.0,0.0,0.0,0.0,0.0,0.0,0.0,0,0,0,0.0,0.0,0.0,0.0,0.0,0.0,0.0,0.0,0.0,0.0,0.0,0.0,0.0,0.0,0.0,0.0,0,-107875648.0,77,0.0,154,0.0,-101056864.0,ERR,ERR,ERR,ERR,ERR,ERR,ERR,ERR,ERR,ERR,ERR,ERR,ERR,ERR,ERR,ERR,ERR,ERR,ERR,ERR,ERR,ERR,ERR,ERR,ERR,ERR,ERR,ERR,ERR,ERR,ERR,ERR,ERR,ERR,ERR,ERR,ERR,ERR,ERR,ERR,ERR,ERR,ERR,ERR,ERR,ERR,ERR,ERR,ERR,ERR,ERR,ERR,ERR,ERR,ERR,ERR,ERR,ERR,ERR,ERR,ERR,ERR,ERR,ERR,ERR,ERR,ERR,34.0,80.0,35,0.0,0.0,0.0,0.0,0.0,0.0,0.0,0.0,0.0,0.0,0.0,0.0,0.0,0.0,0.0,0.0,65.6,0,120,58,53,65476,0,300,0,0,8,20529,65476,0,0,57672,80.0,0.0,0.0,0.0,0.0,0.0
2026-06-18T02:47:53,ERR,ERR,ERR,ERR,ERR,ERR,ERR,ERR,ERR,ERR,ERR,ERR,ERR,ERR,ERR,ERR,ERR,ERR,ERR,ERR,ERR,ERR,ERR,ERR,ERR,ERR,ERR,ERR,ERR,ERR,ERR,ERR,ERR,ERR,ERR,ERR,ERR,ERR,ERR,ERR,ERR,ERR,ERR,ERR,ERR,ERR,ERR,ERR,ERR,ERR,ERR,ERR,ERR,ERR,ERR,ERR,ERR,ERR,ERR,ERR,ERR,ERR,ERR,ERR,ERR,ERR,ERR,ERR,ERR,ERR,ERR,ERR,ERR,ERR,ERR,ERR,ERR,ERR,ERR,ERR,ERR,ERR,ERR,ERR,ERR,ERR,ERR,ERR,ERR,ERR,ERR,ERR,ERR,ERR,ERR,ERR,ERR,ERR,ERR,ERR,ERR,ERR,ERR,ERR,ERR,ERR,ERR,ERR,ERR,ERR,ERR,ERR,ERR,ERR,ERR,ERR,ERR,ERR,ERR,ERR,ERR,ERR,ERR,ERR,ERR,0.0,0.0,-0.0,-152005385388032.0,nan,1.3936040501711995e+18,7.805,-1161942663168.0,0,0,4,48926,6720,14723890282496.0,100,0.0,0.0,0.0,-0.0,0.0,0,0,0,0,0.0,0,0,0,0,0,0,0,0,0,0,0,0,0,0,0,0,0,0,0,0,0,0,0,0,0,0,0,0,0,0,0,0,0,26,51,50,76,65476,0,300,0,0,8,21553,0.0,-107605600.0,0.0,0.0,0.0,0.0,0.0,0.0,0.0,0.0,0.0,0.0,0.0,0.0,0.0,0.0,0.0,0.0,0.0,0.0,0.0,0.0,-0.0,0.0,-0.0,-0.0,0.0,0.0,0.0,0.0,4822.0,131350.344,7241.0,0.0,0.0,2.7184303811560617e+23,2.718431101732002e+23,0.0,0.0,0.0,0.0,77,-107615352.0,1.905684548377641e+17,0.0,0.0,0.0,0.0,0.0,0.0,0.0,0,0,0,0.0,0.0,0.0,0.0,0.0,0.0,0.0,0.0,0.0,0.0,0.0,0.0,0.0,0.0,0.0,0.0,0,-107875648.0,77,0.0,154,0.0,-101056864.0,ERR,ERR,ERR,ERR,ERR,ERR,ERR,ERR,ERR,ERR,ERR,ERR,ERR,ERR,ERR,ERR,ERR,ERR,ERR,ERR,ERR,ERR,ERR,ERR,ERR,ERR,ERR,ERR,ERR,ERR,ERR,ERR,ERR,ERR,ERR,ERR,ERR,ERR,ERR,ERR,ERR,ERR,ERR,ERR,ERR,ERR,ERR,ERR,ERR,ERR,ERR,ERR,ERR,ERR,ERR,ERR,ERR,ERR,ERR,ERR,ERR,ERR,ERR,ERR,ERR,ERR,ERR,34.0,80.0,35,0.0,0.0,0.0,0.0,0.0,0.0,0.0,0.0,0.0,0.0,0.0,0.0,0.0,0.0,0.0,0.0,65.6,0,120,58,53,65476,0,300,0,0,8,20529,65476,0,0,57672,80.0,0.0,0.0,0.0,0.0,0.0
2026-06-18T02:47:54,ERR,ERR,ERR,ERR,ERR,ERR,ERR,ERR,ERR,ERR,ERR,ERR,ERR,ERR,ERR,ERR,ERR,ERR,ERR,ERR,ERR,ERR,ERR,ERR,ERR,ERR,ERR,ERR,ERR,ERR,ERR,ERR,ERR,ERR,ERR,ERR,ERR,ERR,ERR,ERR,ERR,ERR,ERR,ERR,ERR,ERR,ERR,ERR,ERR,ERR,ERR,ERR,ERR,ERR,ERR,ERR,ERR,ERR,ERR,ERR,ERR,ERR,ERR,ERR,ERR,ERR,ERR,ERR,ERR,ERR,ERR,ERR,ERR,ERR,ERR,ERR,ERR,ERR,ERR,ERR,ERR,ERR,ERR,ERR,ERR,ERR,ERR,ERR,ERR,ERR,ERR,ERR,ERR,ERR,ERR,ERR,ERR,ERR,ERR,ERR,ERR,ERR,ERR,ERR,ERR,ERR,ERR,ERR,ERR,ERR,ERR,ERR,ERR,ERR,ERR,ERR,ERR,ERR,ERR,ERR,ERR,ERR,ERR,ERR,ERR,0.0,0.0,-0.0,-152005385388032.0,nan,1.3936040501711995e+18,7.805,-1161942663168.0,0,0,4,48926,6720,14723890282496.0,100,0.0,0.0,0.0,-0.0,0.0,0,0,0,0,0.0,0,0,0,0,0,0,0,0,0,0,0,0,0,0,0,0,0,0,0,0,0,0,0,0,0,0,0,0,0,0,0,0,0,26,51,50,76,65476,0,300,0,0,8,21553,0.0,-107605600.0,0.0,0.0,0.0,0.0,0.0,0.0,0.0,0.0,0.0,0.0,0.0,0.0,0.0,0.0,0.0,0.0,0.0,0.0,0.0,0.0,-0.0,0.0,-0.0,-0.0,0.0,0.0,0.0,0.0,4822.0,131350.344,7241.0,0.0,0.0,2.7184303811560617e+23,2.718431101732002e+23,0.0,0.0,0.0,0.0,77,-107615352.0,1.905684548377641e+17,0.0,0.0,0.0,0.0,0.0,0.0,0.0,0,0,0,0.0,0.0,0.0,0.0,0.0,0.0,0.0,0.0,0.0,0.0,0.0,0.0,0.0,0.0,0.0,0.0,0,-107875648.0,77,0.0,154,0.0,-101056864.0,ERR,ERR,ERR,ERR,ERR,ERR,ERR,ERR,ERR,ERR,ERR,ERR,ERR,ERR,ERR,ERR,ERR,ERR,ERR,ERR,ERR,ERR,ERR,ERR,ERR,ERR,ERR,ERR,ERR,ERR,ERR,ERR,ERR,ERR,ERR,ERR,ERR,ERR,ERR,ERR,ERR,ERR,ERR,ERR,ERR,ERR,ERR,ERR,ERR,ERR,ERR,ERR,ERR,ERR,ERR,ERR,ERR,ERR,ERR,ERR,ERR,ERR,ERR,ERR,ERR,ERR,ERR,34.0,80.0,35,0.0,0.0,0.0,0.0,0.0,0.0,0.0,0.0,0.0,0.0,0.0,0.0,0.0,0.0,0.0,0.0,66.4,0,120,58,53,65476,0,300,0,0,8,20529,65476,0,0,57672,80.0,0.0,0.0,0.0,0.0,0.0
2026-06-18T02:47:55,ERR,ERR,ERR,ERR,ERR,ERR,ERR,ERR,ERR,ERR,ERR,ERR,ERR,ERR,ERR,ERR,ERR,ERR,ERR,ERR,ERR,ERR,ERR,ERR,ERR,ERR,ERR,ERR,ERR,ERR,ERR,ERR,ERR,ERR,ERR,ERR,ERR,ERR,ERR,ERR,ERR,ERR,ERR,ERR,ERR,ERR,ERR,ERR,ERR,ERR,ERR,ERR,ERR,ERR,ERR,ERR,ERR,ERR,ERR,ERR,ERR,ERR,ERR,ERR,ERR,ERR,ERR,ERR,ERR,ERR,ERR,ERR,ERR,ERR,ERR,ERR,ERR,ERR,ERR,ERR,ERR,ERR,ERR,ERR,ERR,ERR,ERR,ERR,ERR,ERR,ERR,ERR,ERR,ERR,ERR,ERR,ERR,ERR,ERR,ERR,ERR,ERR,ERR,ERR,ERR,ERR,ERR,ERR,ERR,ERR,ERR,ERR,ERR,ERR,ERR,ERR,ERR,ERR,ERR,ERR,ERR,ERR,ERR,ERR,ERR,0.0,0.0,-0.0,-152005385388032.0,nan,1.3936040501711995e+18,7.805,-1161942663168.0,0,0,4,48926,6720,14723890282496.0,100,0.0,0.0,0.0,-0.0,0.0,0,0,0,0,0.0,0,0,0,0,0,0,0,0,0,0,0,0,0,0,0,0,0,0,0,0,0,0,0,0,0,0,0,0,0,0,0,0,0,26,51,50,76,65476,0,300,0,0,8,21553,0.0,-107605600.0,0.0,0.0,0.0,0.0,0.0,0.0,0.0,0.0,0.0,0.0,0.0,0.0,0.0,0.0,0.0,0.0,0.0,0.0,0.0,0.0,-0.0,0.0,-0.0,-0.0,0.0,0.0,0.0,0.0,4822.0,131350.344,7241.0,0.0,0.0,2.7184303811560617e+23,2.718431101732002e+23,0.0,0.0,0.0,0.0,77,-107615352.0,1.905684548377641e+17,0.0,0.0,0.0,0.0,0.0,0.0,0.0,0,0,0,0.0,0.0,0.0,0.0,0.0,0.0,0.0,0.0,0.0,0.0,0.0,0.0,0.0,0.0,0.0,0.0,0,-107875648.0,77,0.0,154,0.0,-101056864.0,ERR,ERR,ERR,ERR,ERR,ERR,ERR,ERR,ERR,ERR,ERR,ERR,ERR,ERR,ERR,ERR,ERR,ERR,ERR,ERR,ERR,ERR,ERR,ERR,ERR,ERR,ERR,ERR,ERR,ERR,ERR,ERR,ERR,ERR,ERR,ERR,ERR,ERR,ERR,ERR,ERR,ERR,ERR,ERR,ERR,ERR,ERR,ERR,ERR,ERR,ERR,ERR,ERR,ERR,ERR,ERR,ERR,ERR,ERR,ERR,ERR,ERR,ERR,ERR,ERR,ERR,ERR,34.0,80.0,35,0.0,0.0,0.0,0.0,0.0,0.0,0.0,0.0,0.0,0.0,0.0,0.0,0.0,0.0,0.0,0.0,66.4,0,120,58,53,65476,0,300,0,0,8,20529,65476,0,0,57672,80.0,0.0,0.0,0.0,0.0,0.0
2026-06-18T02:47:56,ERR,ERR,ERR,ERR,ERR,ERR,ERR,ERR,ERR,ERR,ERR,ERR,ERR,ERR,ERR,ERR,ERR,ERR,ERR,ERR,ERR,ERR,ERR,ERR,ERR,ERR,ERR,ERR,ERR,ERR,ERR,ERR,ERR,ERR,ERR,ERR,ERR,ERR,ERR,ERR,ERR,ERR,ERR,ERR,ERR,ERR,ERR,ERR,ERR,ERR,ERR,ERR,ERR,ERR,ERR,ERR,ERR,ERR,ERR,ERR,ERR,ERR,ERR,ERR,ERR,ERR,ERR,ERR,ERR,ERR,ERR,ERR,ERR,ERR,ERR,ERR,ERR,ERR,ERR,ERR,ERR,ERR,ERR,ERR,ERR,ERR,ERR,ERR,ERR,ERR,ERR,ERR,ERR,ERR,ERR,ERR,ERR,ERR,ERR,ERR,ERR,ERR,ERR,ERR,ERR,ERR,ERR,ERR,ERR,ERR,ERR,ERR,ERR,ERR,ERR,ERR,ERR,ERR,ERR,ERR,ERR,ERR,ERR,ERR,ERR,0.0,0.0,-0.0,-152005385388032.0,nan,1.3936040501711995e+18,7.805,-1161942663168.0,0,0,4,48926,6720,14723890282496.0,100,0.0,0.0,0.0,-0.0,0.0,0,0,0,0,0.0,0,0,0,0,0,0,0,0,0,0,0,0,0,0,0,0,0,0,0,0,0,0,0,0,0,0,0,0,0,0,0,0,0,26,51,50,76,65476,0,300,0,0,8,21553,0.0,-107605600.0,0.0,0.0,0.0,0.0,0.0,0.0,0.0,0.0,0.0,0.0,0.0,0.0,0.0,0.0,0.0,0.0,0.0,0.0,0.0,0.0,-0.0,0.0,-0.0,-0.0,0.0,0.0,0.0,0.0,4822.0,131350.344,7241.0,0.0,0.0,2.7184303811560617e+23,2.718431101732002e+23,0.0,0.0,0.0,0.0,77,-107615352.0,1.905684548377641e+17,0.0,0.0,0.0,0.0,0.0,0.0,0.0,0,0,0,0.0,0.0,0.0,0.0,0.0,0.0,0.0,0.0,0.0,0.0,0.0,0.0,0.0,0.0,0.0,0.0,0,-107875648.0,77,0.0,154,0.0,-101056864.0,ERR,ERR,ERR,ERR,ERR,ERR,ERR,ERR,ERR,ERR,ERR,ERR,ERR,ERR,ERR,ERR,ERR,ERR,ERR,ERR,ERR,ERR,ERR,ERR,ERR,ERR,ERR,ERR,ERR,ERR,ERR,ERR,ERR,ERR,ERR,ERR,ERR,ERR,ERR,ERR,ERR,ERR,ERR,ERR,ERR,ERR,ERR,ERR,ERR,ERR,ERR,ERR,ERR,ERR,ERR,ERR,ERR,ERR,ERR,ERR,ERR,ERR,ERR,ERR,ERR,ERR,ERR,34.0,80.0,35,0.0,0.0,0.0,0.0,0.0,0.0,0.0,0.0,0.0,0.0,0.0,0.0,0.0,0.0,0.0,0.0,65.6,0,120,58,53,65476,0,300,0,0,8,20529,65476,0,0,57672,80.0,0.0,0.0,0.0,0.0,0.0
2026-06-18T02:47:57,ERR,ERR,ERR,ERR,ERR,ERR,ERR,ERR,ERR,ERR,ERR,ERR,ERR,ERR,ERR,ERR,ERR,ERR,ERR,ERR,ERR,ERR,ERR,ERR,ERR,ERR,ERR,ERR,ERR,ERR,ERR,ERR,ERR,ERR,ERR,ERR,ERR,ERR,ERR,ERR,ERR,ERR,ERR,ERR,ERR,ERR,ERR,ERR,ERR,ERR,ERR,ERR,ERR,ERR,ERR,ERR,ERR,ERR,ERR,ERR,ERR,ERR,ERR,ERR,ERR,ERR,ERR,ERR,ERR,ERR,ERR,ERR,ERR,ERR,ERR,ERR,ERR,ERR,ERR,ERR,ERR,ERR,ERR,ERR,ERR,ERR,ERR,ERR,ERR,ERR,ERR,ERR,ERR,ERR,ERR,ERR,ERR,ERR,ERR,ERR,ERR,ERR,ERR,ERR,ERR,ERR,ERR,ERR,ERR,ERR,ERR,ERR,ERR,ERR,ERR,ERR,ERR,ERR,ERR,ERR,ERR,ERR,ERR,ERR,ERR,0.0,0.0,-0.0,0.059,nan,1.3936040501711995e+18,7.805,0.0,0,0,4,48932,6720,14723890282496.0,100,0.0,0.0,0.0,0.059,0.0,0,0,0,0,0.0,0,0,0,0,0,0,0,0,0,0,0,0,0,0,0,0,0,0,0,0,0,0,0,0,0,0,0,0,0,0,0,0,0,26,51,50,76,65476,0,300,0,0,8,21553,0.0,-107605600.0,0.0,0.0,0.0,0.0,0.0,0.0,0.0,0.0,0.0,0.0,0.0,0.0,0.0,0.0,0.0,0.0,0.0,0.0,0.0,0.0,-0.0,-2.004,-2.004,-0.0,0.0,0.0,0.0,0.0,4823.0,0.0,7236.0,0.0,0.0,2.7184303811560617e+23,2.718431101732002e+23,0.0,0.0,0.0,0.0,77,-71.63,0.059,0.0,0.0,0.0,0.0,0.0,0.0,0.0,0,0,0,0.0,0.0,0.0,0.0,0.0,0.0,0.0,0.0,0.0,0.0,0.0,0.0,0.0,0.0,0.0,0.0,0,-107875648.0,77,0.0,154,0.0,-101056864.0,ERR,ERR,ERR,ERR,ERR,ERR,ERR,ERR,ERR,ERR,ERR,ERR,ERR,ERR,ERR,ERR,ERR,ERR,ERR,ERR,ERR,ERR,ERR,ERR,ERR,ERR,ERR,ERR,ERR,ERR,ERR,ERR,ERR,ERR,ERR,ERR,ERR,ERR,ERR,ERR,ERR,ERR,ERR,ERR,ERR,ERR,ERR,ERR,ERR,ERR,ERR,ERR,ERR,ERR,ERR,ERR,ERR,ERR,ERR,ERR,ERR,ERR,ERR,ERR,ERR,ERR,ERR,34.0,80.0,35,0.0,0.0,0.0,0.0,0.0,0.0,0.0,0.0,0.0,0.0,0.0,0.0,0.0,0.0,0.0,0.0,66.4,0,120,58,53,65476,0,300,0,0,8,20529,65476,0,0,57672,80.0,0.0,0.0,0.0,0.0,0.0
2026-06-18T02:47:58,ERR,ERR,ERR,ERR,ERR,ERR,ERR,ERR,ERR,ERR,ERR,ERR,ERR,ERR,ERR,ERR,ERR,ERR,ERR,ERR,ERR,ERR,ERR,ERR,ERR,ERR,ERR,ERR,ERR,ERR,ERR,ERR,ERR,ERR,ERR,ERR,ERR,ERR,ERR,ERR,ERR,ERR,ERR,ERR,ERR,ERR,ERR,ERR,ERR,ERR,ERR,ERR,ERR,ERR,ERR,ERR,ERR,ERR,ERR,ERR,ERR,ERR,ERR,ERR,ERR,ERR,ERR,ERR,ERR,ERR,ERR,ERR,ERR,ERR,ERR,ERR,ERR,ERR,ERR,ERR,ERR,ERR,ERR,ERR,ERR,ERR,ERR,ERR,ERR,ERR,ERR,ERR,ERR,ERR,ERR,ERR,ERR,ERR,ERR,ERR,ERR,ERR,ERR,ERR,ERR,ERR,ERR,ERR,ERR,ERR,ERR,ERR,ERR,ERR,ERR,ERR,ERR,ERR,ERR,ERR,ERR,ERR,ERR,ERR,ERR,0.0,0.0,-0.0,0.059,nan,1.3936040501711995e+18,7.805,0.0,0,0,4,48932,6720,14723890282496.0,100,0.0,0.0,0.0,0.059,0.0,0,0,0,0,0.0,0,0,0,0,0,0,0,0,0,0,0,0,0,0,0,0,0,0,0,0,0,0,0,0,0,0,0,0,0,0,0,0,0,26,51,50,76,65476,0,300,0,0,8,21553,0.0,-107605600.0,0.0,0.0,0.0,0.0,0.0,0.0,0.0,0.0,0.0,0.0,0.0,0.0,0.0,0.0,0.0,0.0,0.0,0.0,0.0,0.0,-0.0,-2.004,-2.004,-0.0,0.0,0.0,0.0,0.0,4823.0,0.0,7236.0,0.0,0.0,2.7184303811560617e+23,2.718431101732002e+23,0.0,0.0,0.0,0.0,77,-71.63,0.059,0.0,0.0,0.0,0.0,0.0,0.0,0.0,0,0,0,0.0,0.0,0.0,0.0,0.0,0.0,0.0,0.0,0.0,0.0,0.0,0.0,0.0,0.0,0.0,0.0,0,-107875648.0,77,0.0,154,0.0,-101056864.0,ERR,ERR,ERR,ERR,ERR,ERR,ERR,ERR,ERR,ERR,ERR,ERR,ERR,ERR,ERR,ERR,ERR,ERR,ERR,ERR,ERR,ERR,ERR,ERR,ERR,ERR,ERR,ERR,ERR,ERR,ERR,ERR,ERR,ERR,ERR,ERR,ERR,ERR,ERR,ERR,ERR,ERR,ERR,ERR,ERR,ERR,ERR,ERR,ERR,ERR,ERR,ERR,ERR,ERR,ERR,ERR,ERR,ERR,ERR,ERR,ERR,ERR,ERR,ERR,ERR,ERR,ERR,34.0,80.0,35,0.0,0.0,0.0,0.0,0.0,0.0,0.0,0.0,0.0,0.0,0.0,0.0,0.0,0.0,0.0,0.0,66.4,0,120,58,53,65476,0,300,0,0,8,20529,65476,0,0,57672,80.0,0.0,0.0,0.0,0.0,0.0
2026-06-18T02:47:59,ERR,ERR,ERR,ERR,ERR,ERR,ERR,ERR,ERR,ERR,ERR,ERR,ERR,ERR,ERR,ERR,ERR,ERR,ERR,ERR,ERR,ERR,ERR,ERR,ERR,ERR,ERR,ERR,ERR,ERR,ERR,ERR,ERR,ERR,ERR,ERR,ERR,ERR,ERR,ERR,ERR,ERR,ERR,ERR,ERR,ERR,ERR,ERR,ERR,ERR,ERR,ERR,ERR,ERR,ERR,ERR,ERR,ERR,ERR,ERR,ERR,ERR,ERR,ERR,ERR,ERR,ERR,ERR,ERR,ERR,ERR,ERR,ERR,ERR,ERR,ERR,ERR,ERR,ERR,ERR,ERR,ERR,ERR,ERR,ERR,ERR,ERR,ERR,ERR,ERR,ERR,ERR,ERR,ERR,ERR,ERR,ERR,ERR,ERR,ERR,ERR,ERR,ERR,ERR,ERR,ERR,ERR,ERR,ERR,ERR,ERR,ERR,ERR,ERR,ERR,ERR,ERR,ERR,ERR,ERR,ERR,ERR,ERR,ERR,ERR,0.0,0.0,-0.0,0.059,nan,1.3936040501711995e+18,7.805,0.0,0,0,4,48932,6720,14723890282496.0,100,0.0,0.0,0.0,0.059,0.0,0,0,0,0,0.0,0,0,0,0,0,0,0,0,0,0,0,0,0,0,0,0,0,0,0,0,0,0,0,0,0,0,0,0,0,0,0,0,0,26,51,50,76,65476,0,300,0,0,8,21553,0.0,-107605600.0,0.0,0.0,0.0,0.0,0.0,0.0,0.0,0.0,0.0,0.0,0.0,0.0,0.0,0.0,0.0,0.0,0.0,0.0,0.0,0.0,-0.0,-2.004,-2.004,-0.0,0.0,0.0,0.0,0.0,4823.0,0.0,7236.0,0.0,0.0,2.7184303811560617e+23,2.718431101732002e+23,0.0,0.0,0.0,0.0,77,-71.63,0.059,0.0,0.0,0.0,0.0,0.0,0.0,0.0,0,0,0,0.0,0.0,0.0,0.0,0.0,0.0,0.0,0.0,0.0,0.0,0.0,0.0,0.0,0.0,0.0,0.0,0,-107875648.0,77,0.0,154,0.0,-101056864.0,ERR,ERR,ERR,ERR,ERR,ERR,ERR,ERR,ERR,ERR,ERR,ERR,ERR,ERR,ERR,ERR,ERR,ERR,ERR,ERR,ERR,ERR,ERR,ERR,ERR,ERR,ERR,ERR,ERR,ERR,ERR,ERR,ERR,ERR,ERR,ERR,ERR,ERR,ERR,ERR,ERR,ERR,ERR,ERR,ERR,ERR,ERR,ERR,ERR,ERR,ERR,ERR,ERR,ERR,ERR,ERR,ERR,ERR,ERR,ERR,ERR,ERR,ERR,ERR,ERR,ERR,ERR,34.0,80.0,35,0.0,0.0,0.0,0.0,0.0,0.0,0.0,0.0,0.0,0.0,0.0,0.0,0.0,0.0,0.0,0.0,65.6,0,120,58,53,65476,0,300,0,0,8,20529,65476,0,0,57672,80.0,0.0,0.0,0.0,0.0,0.0
2026-06-18T02:48:00,ERR,ERR,ERR,ERR,ERR,ERR,ERR,ERR,ERR,ERR,ERR,ERR,ERR,ERR,ERR,ERR,ERR,ERR,ERR,ERR,ERR,ERR,ERR,ERR,ERR,ERR,ERR,ERR,ERR,ERR,ERR,ERR,ERR,ERR,ERR,ERR,ERR,ERR,ERR,ERR,ERR,ERR,ERR,ERR,ERR,ERR,ERR,ERR,ERR,ERR,ERR,ERR,ERR,ERR,ERR,ERR,ERR,ERR,ERR,ERR,ERR,ERR,ERR,ERR,ERR,ERR,ERR,ERR,ERR,ERR,ERR,ERR,ERR,ERR,ERR,ERR,ERR,ERR,ERR,ERR,ERR,ERR,ERR,ERR,ERR,ERR,ERR,ERR,ERR,ERR,ERR,ERR,ERR,ERR,ERR,ERR,ERR,ERR,ERR,ERR,ERR,ERR,ERR,ERR,ERR,ERR,ERR,ERR,ERR,ERR,ERR,ERR,ERR,ERR,ERR,ERR,ERR,ERR,ERR,ERR,ERR,ERR,ERR,ERR,ERR,0.0,0.0,-0.0,0.059,nan,1.3936040501711995e+18,7.805,0.0,0,0,4,48932,6720,14723890282496.0,100,0.0,0.0,0.0,0.059,0.0,0,0,0,0,0.0,0,0,0,0,0,0,0,0,0,0,0,0,0,0,0,0,0,0,0,0,0,0,0,0,0,0,0,0,0,0,0,0,0,26,51,50,76,65476,0,300,0,0,8,21553,0.0,-107605600.0,0.0,0.0,0.0,0.0,0.0,0.0,0.0,0.0,0.0,0.0,0.0,0.0,0.0,0.0,0.0,0.0,0.0,0.0,0.0,0.0,-0.0,-2.004,-2.004,-0.0,0.0,0.0,0.0,0.0,4823.0,0.0,7236.0,0.0,0.0,2.7184303811560617e+23,2.718431101732002e+23,0.0,0.0,0.0,0.0,77,-71.63,0.059,0.0,0.0,0.0,0.0,0.0,0.0,0.0,0,0,0,0.0,0.0,0.0,0.0,0.0,0.0,0.0,0.0,0.0,0.0,0.0,0.0,0.0,0.0,0.0,0.0,0,-107875648.0,77,0.0,154,0.0,-101056864.0,ERR,ERR,ERR,ERR,ERR,ERR,ERR,ERR,ERR,ERR,ERR,ERR,ERR,ERR,ERR,ERR,ERR,ERR,ERR,ERR,ERR,ERR,ERR,ERR,ERR,ERR,ERR,ERR,ERR,ERR,ERR,ERR,ERR,ERR,ERR,ERR,ERR,ERR,ERR,ERR,ERR,ERR,ERR,ERR,ERR,ERR,ERR,ERR,ERR,ERR,ERR,ERR,ERR,ERR,ERR,ERR,ERR,ERR,ERR,ERR,ERR,ERR,ERR,ERR,ERR,ERR,ERR,34.0,80.0,35,0.0,0.0,0.0,0.0,0.0,0.0,0.0,0.0,0.0,0.0,0.0,0.0,0.0,0.0,0.0,0.0,65.6,0,120,58,53,65476,0,300,0,0,8,20529,65476,0,0,57672,80.0,0.0,0.0,0.0,0.0,0.0
2026-06-18T02:48:01,ERR,ERR,ERR,ERR,ERR,ERR,ERR,ERR,ERR,ERR,ERR,ERR,ERR,ERR,ERR,ERR,ERR,ERR,ERR,ERR,ERR,ERR,ERR,ERR,ERR,ERR,ERR,ERR,ERR,ERR,ERR,ERR,ERR,ERR,ERR,ERR,ERR,ERR,ERR,ERR,ERR,ERR,ERR,ERR,ERR,ERR,ERR,ERR,ERR,ERR,ERR,ERR,ERR,ERR,ERR,ERR,ERR,ERR,ERR,ERR,ERR,ERR,ERR,ERR,ERR,ERR,ERR,ERR,ERR,ERR,ERR,ERR,ERR,ERR,ERR,ERR,ERR,ERR,ERR,ERR,ERR,ERR,ERR,ERR,ERR,ERR,ERR,ERR,ERR,ERR,ERR,ERR,ERR,ERR,ERR,ERR,ERR,ERR,ERR,ERR,ERR,ERR,ERR,ERR,ERR,ERR,ERR,ERR,ERR,ERR,ERR,ERR,ERR,ERR,ERR,ERR,ERR,ERR,ERR,ERR,ERR,ERR,ERR,ERR,ERR,0.0,0.0,-0.0,0.059,nan,1.3936040501711995e+18,7.805,0.0,0,0,4,48932,6720,14723890282496.0,100,0.0,0.0,0.0,0.059,0.0,0,0,0,0,0.0,0,0,0,0,0,0,0,0,0,0,0,0,0,0,0,0,0,0,0,0,0,0,0,0,0,0,0,0,0,0,0,0,0,26,51,50,76,65476,0,300,0,0,8,21553,0.0,-107605600.0,0.0,0.0,0.0,0.0,0.0,0.0,0.0,0.0,0.0,0.0,0.0,0.0,0.0,0.0,0.0,0.0,0.0,0.0,0.0,0.0,-0.0,-2.004,-2.004,-0.0,0.0,0.0,0.0,0.0,4823.0,0.0,7236.0,0.0,0.0,2.7184303811560617e+23,2.718431101732002e+23,0.0,0.0,0.0,0.0,77,-71.63,0.059,0.0,0.0,0.0,0.0,0.0,0.0,0.0,0,0,0,0.0,0.0,0.0,0.0,0.0,0.0,0.0,0.0,0.0,0.0,0.0,0.0,0.0,0.0,0.0,0.0,0,-107875648.0,77,0.0,154,0.0,-101056864.0,ERR,ERR,ERR,ERR,ERR,ERR,ERR,ERR,ERR,ERR,ERR,ERR,ERR,ERR,ERR,ERR,ERR,ERR,ERR,ERR,ERR,ERR,ERR,ERR,ERR,ERR,ERR,ERR,ERR,ERR,ERR,ERR,ERR,ERR,ERR,ERR,ERR,ERR,ERR,ERR,ERR,ERR,ERR,ERR,ERR,ERR,ERR,ERR,ERR,ERR,ERR,ERR,ERR,ERR,ERR,ERR,ERR,ERR,ERR,ERR,ERR,ERR,ERR,ERR,ERR,ERR,ERR,34.0,80.0,35,0.0,0.0,0.0,0.0,0.0,0.0,0.0,0.0,0.0,0.0,0.0,0.0,0.0,0.0,0.0,0.0,66.4,0,120,58,53,65476,0,300,0,0,8,20529,65476,0,0,57672,80.0,0.0,0.0,0.0,0.0,0.0
2026-06-18T02:48:02,ERR,ERR,ERR,ERR,ERR,ERR,ERR,ERR,ERR,ERR,ERR,ERR,ERR,ERR,ERR,ERR,ERR,ERR,ERR,ERR,ERR,ERR,ERR,ERR,ERR,ERR,ERR,ERR,ERR,ERR,ERR,ERR,ERR,ERR,ERR,ERR,ERR,ERR,ERR,ERR,ERR,ERR,ERR,ERR,ERR,ERR,ERR,ERR,ERR,ERR,ERR,ERR,ERR,ERR,ERR,ERR,ERR,ERR,ERR,ERR,ERR,ERR,ERR,ERR,ERR,ERR,ERR,ERR,ERR,ERR,ERR,ERR,ERR,ERR,ERR,ERR,ERR,ERR,ERR,ERR,ERR,ERR,ERR,ERR,ERR,ERR,ERR,ERR,ERR,ERR,ERR,ERR,ERR,ERR,ERR,ERR,ERR,ERR,ERR,ERR,ERR,ERR,ERR,ERR,ERR,ERR,ERR,ERR,ERR,ERR,ERR,ERR,ERR,ERR,ERR,ERR,ERR,ERR,ERR,ERR,ERR,ERR,ERR,ERR,ERR,0.0,0.0,-0.0,-107609184.0,nan,1.3936040501711995e+18,7.805,0.0,0,0,4,48956,6720,14723890282496.0,100,0.0,0.0,0.0,0.0,0.0,0,0,0,0,0.0,0,0,0,0,0,0,0,0,0,0,0,0,0,0,0,0,0,0,0,0,0,0,0,0,0,0,0,0,0,0,0,0,0,26,51,50,76,65476,0,300,0,0,8,21553,0.0,-107605600.0,0.0,0.0,0.0,0.0,0.0,0.0,0.0,0.0,0.0,0.0,0.0,0.0,0.0,0.0,0.0,0.0,0.0,0.0,0.0,0.0,-0.0,0.0,-0.0,-0.0,0.0,0.0,0.0,0.0,4825.0,2.422986175150025e+24,7245.0,0.0,0.0,2.7184303811560617e+23,2.718431101732002e+23,0.0,0.0,0.0,0.0,77,-2.308840541793802e+20,-0.0,0.0,0.0,0.0,0.0,0.0,0.0,0.0,0,0,0,0.0,0.0,0.0,0.0,0.0,0.0,0.0,0.0,0.0,0.0,0.0,0.0,0.0,0.0,0.0,0.0,0,-107875648.0,77,0.0,154,0.0,-101056864.0,ERR,ERR,ERR,ERR,ERR,ERR,ERR,ERR,ERR,ERR,ERR,ERR,ERR,ERR,ERR,ERR,ERR,ERR,ERR,ERR,ERR,ERR,ERR,ERR,ERR,ERR,ERR,ERR,ERR,ERR,ERR,ERR,ERR,ERR,ERR,ERR,ERR,ERR,ERR,ERR,ERR,ERR,ERR,ERR,ERR,ERR,ERR,ERR,ERR,ERR,ERR,ERR,ERR,ERR,ERR,ERR,ERR,ERR,ERR,ERR,ERR,ERR,ERR,ERR,ERR,ERR,ERR,34.0,80.0,35,0.0,0.0,0.0,0.0,0.0,0.0,0.0,0.0,0.0,0.0,0.0,0.0,0.0,0.0,0.0,0.0,66.4,0,120,58,53,65476,0,300,0,0,8,20529,65476,0,0,57672,80.0,0.0,0.0,0.0,0.0,0.0
2026-06-18T02:48:03,ERR,ERR,ERR,ERR,ERR,ERR,ERR,ERR,ERR,ERR,ERR,ERR,ERR,ERR,ERR,ERR,ERR,ERR,ERR,ERR,ERR,ERR,ERR,ERR,ERR,ERR,ERR,ERR,ERR,ERR,ERR,ERR,ERR,ERR,ERR,ERR,ERR,ERR,ERR,ERR,ERR,ERR,ERR,ERR,ERR,ERR,ERR,ERR,ERR,ERR,ERR,ERR,ERR,ERR,ERR,ERR,ERR,ERR,ERR,ERR,ERR,ERR,ERR,ERR,ERR,ERR,ERR,ERR,ERR,ERR,ERR,ERR,ERR,ERR,ERR,ERR,ERR,ERR,ERR,ERR,ERR,ERR,ERR,ERR,ERR,ERR,ERR,ERR,ERR,ERR,ERR,ERR,ERR,ERR,ERR,ERR,ERR,ERR,ERR,ERR,ERR,ERR,ERR,ERR,ERR,ERR,ERR,ERR,ERR,ERR,ERR,ERR,ERR,ERR,ERR,ERR,ERR,ERR,ERR,ERR,ERR,ERR,ERR,ERR,ERR,0.0,0.0,-0.0,-107609184.0,nan,1.3936040501711995e+18,7.805,0.0,0,0,4,48956,6720,14723890282496.0,100,0.0,0.0,0.0,0.0,0.0,0,0,0,0,0.0,0,0,0,0,0,0,0,0,0,0,0,0,0,0,0,0,0,0,0,0,0,0,0,0,0,0,0,0,0,0,0,0,0,26,51,50,76,65476,0,300,0,0,8,21553,0.0,-107605600.0,0.0,0.0,0.0,0.0,0.0,0.0,0.0,0.0,0.0,0.0,0.0,0.0,0.0,0.0,0.0,0.0,0.0,0.0,0.0,0.0,-0.0,0.0,-0.0,-0.0,0.0,0.0,0.0,0.0,4825.0,2.422986175150025e+24,7245.0,0.0,0.0,2.7184303811560617e+23,2.718431101732002e+23,0.0,0.0,0.0,0.0,77,-2.308840541793802e+20,-0.0,0.0,0.0,0.0,0.0,0.0,0.0,0.0,0,0,0,0.0,0.0,0.0,0.0,0.0,0.0,0.0,0.0,0.0,0.0,0.0,0.0,0.0,0.0,0.0,0.0,0,-107875648.0,77,0.0,154,0.0,-101056864.0,ERR,ERR,ERR,ERR,ERR,ERR,ERR,ERR,ERR,ERR,ERR,ERR,ERR,ERR,ERR,ERR,ERR,ERR,ERR,ERR,ERR,ERR,ERR,ERR,ERR,ERR,ERR,ERR,ERR,ERR,ERR,ERR,ERR,ERR,ERR,ERR,ERR,ERR,ERR,ERR,ERR,ERR,ERR,ERR,ERR,ERR,ERR,ERR,ERR,ERR,ERR,ERR,ERR,ERR,ERR,ERR,ERR,ERR,ERR,ERR,ERR,ERR,ERR,ERR,ERR,ERR,ERR,34.0,80.0,35,0.0,0.0,0.0,0.0,0.0,0.0,0.0,0.0,0.0,0.0,0.0,0.0,0.0,0.0,0.0,0.0,66.4,0,120,58,53,65476,0,300,0,0,8,20529,65476,0,0,57672,80.0,0.0,0.0,0.0,0.0,0.0
2026-06-18T02:48:04,ERR,ERR,ERR,ERR,ERR,ERR,ERR,ERR,ERR,ERR,ERR,ERR,ERR,ERR,ERR,ERR,ERR,ERR,ERR,ERR,ERR,ERR,ERR,ERR,ERR,ERR,ERR,ERR,ERR,ERR,ERR,ERR,ERR,ERR,ERR,ERR,ERR,ERR,ERR,ERR,ERR,ERR,ERR,ERR,ERR,ERR,ERR,ERR,ERR,ERR,ERR,ERR,ERR,ERR,ERR,ERR,ERR,ERR,ERR,ERR,ERR,ERR,ERR,ERR,ERR,ERR,ERR,ERR,ERR,ERR,ERR,ERR,ERR,ERR,ERR,ERR,ERR,ERR,ERR,ERR,ERR,ERR,ERR,ERR,ERR,ERR,ERR,ERR,ERR,ERR,ERR,ERR,ERR,ERR,ERR,ERR,ERR,ERR,ERR,ERR,ERR,ERR,ERR,ERR,ERR,ERR,ERR,ERR,ERR,ERR,ERR,ERR,ERR,ERR,ERR,ERR,ERR,ERR,ERR,ERR,ERR,ERR,ERR,ERR,ERR,0.0,0.0,-0.0,-107609184.0,nan,1.3936040501711995e+18,7.805,0.0,0,0,4,48956,6720,14723890282496.0,100,0.0,0.0,0.0,0.0,0.0,0,0,0,0,0.0,0,0,0,0,0,0,0,0,0,0,0,0,0,0,0,0,0,0,0,0,0,0,0,0,0,0,0,0,0,0,0,0,0,26,51,50,76,65476,0,300,0,0,8,21553,0.0,-107605600.0,0.0,0.0,0.0,0.0,0.0,0.0,0.0,0.0,0.0,0.0,0.0,0.0,0.0,0.0,0.0,0.0,0.0,0.0,0.0,0.0,-0.0,0.0,-0.0,-0.0,0.0,0.0,0.0,0.0,4825.0,2.422986175150025e+24,7245.0,0.0,0.0,2.7184303811560617e+23,2.718431101732002e+23,0.0,0.0,0.0,0.0,77,-2.308840541793802e+20,-0.0,0.0,0.0,0.0,0.0,0.0,0.0,0.0,0,0,0,0.0,0.0,0.0,0.0,0.0,0.0,0.0,0.0,0.0,0.0,0.0,0.0,0.0,0.0,0.0,0.0,0,-107875648.0,77,0.0,154,0.0,-101056864.0,ERR,ERR,ERR,ERR,ERR,ERR,ERR,ERR,ERR,ERR,ERR,ERR,ERR,ERR,ERR,ERR,ERR,ERR,ERR,ERR,ERR,ERR,ERR,ERR,ERR,ERR,ERR,ERR,ERR,ERR,ERR,ERR,ERR,ERR,ERR,ERR,ERR,ERR,ERR,ERR,ERR,ERR,ERR,ERR,ERR,ERR,ERR,ERR,ERR,ERR,ERR,ERR,ERR,ERR,ERR,ERR,ERR,ERR,ERR,ERR,ERR,ERR,ERR,ERR,ERR,ERR,ERR,34.0,80.0,35,0.0,0.0,0.0,0.0,0.0,0.0,0.0,0.0,0.0,0.0,0.0,0.0,0.0,0.0,0.0,0.0,66.4,0,120,58,53,65476,0,300,0,0,8,20529,65476,0,0,57672,80.0,0.0,0.0,0.0,0.0,0.0
2026-06-18T02:48:05,ERR,ERR,ERR,ERR,ERR,ERR,ERR,ERR,ERR,ERR,ERR,ERR,ERR,ERR,ERR,ERR,ERR,ERR,ERR,ERR,ERR,ERR,ERR,ERR,ERR,ERR,ERR,ERR,ERR,ERR,ERR,ERR,ERR,ERR,ERR,ERR,ERR,ERR,ERR,ERR,ERR,ERR,ERR,ERR,ERR,ERR,ERR,ERR,ERR,ERR,ERR,ERR,ERR,ERR,ERR,ERR,ERR,ERR,ERR,ERR,ERR,ERR,ERR,ERR,ERR,ERR,ERR,ERR,ERR,ERR,ERR,ERR,ERR,ERR,ERR,ERR,ERR,ERR,ERR,ERR,ERR,ERR,ERR,ERR,ERR,ERR,ERR,ERR,ERR,ERR,ERR,ERR,ERR,ERR,ERR,ERR,ERR,ERR,ERR,ERR,ERR,ERR,ERR,ERR,ERR,ERR,ERR,ERR,ERR,ERR,ERR,ERR,ERR,ERR,ERR,ERR,ERR,ERR,ERR,ERR,ERR,ERR,ERR,ERR,ERR,0.0,0.0,-0.0,-107609184.0,nan,1.3936040501711995e+18,7.805,0.0,0,0,4,48956,6720,14723890282496.0,100,0.0,0.0,0.0,0.0,0.0,0,0,0,0,0.0,0,0,0,0,0,0,0,0,0,0,0,0,0,0,0,0,0,0,0,0,0,0,0,0,0,0,0,0,0,0,0,0,0,26,51,50,76,65476,0,300,0,0,8,21553,0.0,-107605600.0,0.0,0.0,0.0,0.0,0.0,0.0,0.0,0.0,0.0,0.0,0.0,0.0,0.0,0.0,0.0,0.0,0.0,0.0,0.0,0.0,-0.0,0.0,-0.0,-0.0,0.0,0.0,0.0,0.0,4825.0,2.422986175150025e+24,7245.0,0.0,0.0,2.7184303811560617e+23,2.718431101732002e+23,0.0,0.0,0.0,0.0,77,-2.308840541793802e+20,-0.0,0.0,0.0,0.0,0.0,0.0,0.0,0.0,0,0,0,0.0,0.0,0.0,0.0,0.0,0.0,0.0,0.0,0.0,0.0,0.0,0.0,0.0,0.0,0.0,0.0,0,-107875648.0,77,0.0,154,0.0,-101056864.0,ERR,ERR,ERR,ERR,ERR,ERR,ERR,ERR,ERR,ERR,ERR,ERR,ERR,ERR,ERR,ERR,ERR,ERR,ERR,ERR,ERR,ERR,ERR,ERR,ERR,ERR,ERR,ERR,ERR,ERR,ERR,ERR,ERR,ERR,ERR,ERR,ERR,ERR,ERR,ERR,ERR,ERR,ERR,ERR,ERR,ERR,ERR,ERR,ERR,ERR,ERR,ERR,ERR,ERR,ERR,ERR,ERR,ERR,ERR,ERR,ERR,ERR,ERR,ERR,ERR,ERR,ERR,34.0,80.0,35,0.0,0.0,0.0,0.0,0.0,0.0,0.0,0.0,0.0,0.0,0.0,0.0,0.0,0.0,0.0,0.0,65.6,0,120,58,53,65476,0,300,0,0,8,20529,65476,0,0,57672,80.0,0.0,0.0,0.0,0.0,0.0
2026-06-18T02:48:06,ERR,ERR,ERR,ERR,ERR,ERR,ERR,ERR,ERR,ERR,ERR,ERR,ERR,ERR,ERR,ERR,ERR,ERR,ERR,ERR,ERR,ERR,ERR,ERR,ERR,ERR,ERR,ERR,ERR,ERR,ERR,ERR,ERR,ERR,ERR,ERR,ERR,ERR,ERR,ERR,ERR,ERR,ERR,ERR,ERR,ERR,ERR,ERR,ERR,ERR,ERR,ERR,ERR,ERR,ERR,ERR,ERR,ERR,ERR,ERR,ERR,ERR,ERR,ERR,ERR,ERR,ERR,ERR,ERR,ERR,ERR,ERR,ERR,ERR,ERR,ERR,ERR,ERR,ERR,ERR,ERR,ERR,ERR,ERR,ERR,ERR,ERR,ERR,ERR,ERR,ERR,ERR,ERR,ERR,ERR,ERR,ERR,ERR,ERR,ERR,ERR,ERR,ERR,ERR,ERR,ERR,ERR,ERR,ERR,ERR,ERR,ERR,ERR,ERR,ERR,ERR,ERR,ERR,ERR,ERR,ERR,ERR,ERR,ERR,ERR,0.0,0.0,-0.0,-107609184.0,nan,1.3936040501711995e+18,7.805,0.0,0,0,4,48956,6720,14723890282496.0,100,0.0,0.0,0.0,0.0,0.0,0,0,0,0,0.0,0,0,0,0,0,0,0,0,0,0,0,0,0,0,0,0,0,0,0,0,0,0,0,0,0,0,0,0,0,0,0,0,0,26,51,50,76,65476,0,300,0,0,8,21553,0.0,-107605600.0,0.0,0.0,0.0,0.0,0.0,0.0,0.0,0.0,0.0,0.0,0.0,0.0,0.0,0.0,0.0,0.0,0.0,0.0,0.0,0.0,-0.0,0.0,-0.0,-0.0,0.0,0.0,0.0,0.0,4825.0,2.422986175150025e+24,7245.0,0.0,0.0,2.7184303811560617e+23,2.718431101732002e+23,0.0,0.0,0.0,0.0,77,-2.308840541793802e+20,-0.0,0.0,0.0,0.0,0.0,0.0,0.0,0.0,0,0,0,0.0,0.0,0.0,0.0,0.0,0.0,0.0,0.0,0.0,0.0,0.0,0.0,0.0,0.0,0.0,0.0,0,-107875648.0,77,0.0,154,0.0,-101056864.0,ERR,ERR,ERR,ERR,ERR,ERR,ERR,ERR,ERR,ERR,ERR,ERR,ERR,ERR,ERR,ERR,ERR,ERR,ERR,ERR,ERR,ERR,ERR,ERR,ERR,ERR,ERR,ERR,ERR,ERR,ERR,ERR,ERR,ERR,ERR,ERR,ERR,ERR,ERR,ERR,ERR,ERR,ERR,ERR,ERR,ERR,ERR,ERR,ERR,ERR,ERR,ERR,ERR,ERR,ERR,ERR,ERR,ERR,ERR,ERR,ERR,ERR,ERR,ERR,ERR,ERR,ERR,34.0,80.0,35,0.0,0.0,0.0,0.0,0.0,0.0,0.0,0.0,0.0,0.0,0.0,0.0,0.0,0.0,0.0,0.0,65.6,0,120,58,53,65476,0,300,0,0,8,20529,65476,0,0,57672,80.0,0.0,0.0,0.0,0.0,0.0
2026-06-18T02:48:07,ERR,ERR,ERR,ERR,ERR,ERR,ERR,ERR,ERR,ERR,ERR,ERR,ERR,ERR,ERR,ERR,ERR,ERR,ERR,ERR,ERR,ERR,ERR,ERR,ERR,ERR,ERR,ERR,ERR,ERR,ERR,ERR,ERR,ERR,ERR,ERR,ERR,ERR,ERR,ERR,ERR,ERR,ERR,ERR,ERR,ERR,ERR,ERR,ERR,ERR,ERR,ERR,ERR,ERR,ERR,ERR,ERR,ERR,ERR,ERR,ERR,ERR,ERR,ERR,ERR,ERR,ERR,ERR,ERR,ERR,ERR,ERR,ERR,ERR,ERR,ERR,ERR,ERR,ERR,ERR,ERR,ERR,ERR,ERR,ERR,ERR,ERR,ERR,ERR,ERR,ERR,ERR,ERR,ERR,ERR,ERR,ERR,ERR,ERR,ERR,ERR,ERR,ERR,ERR,ERR,ERR,ERR,ERR,ERR,ERR,ERR,ERR,ERR,ERR,ERR,ERR,ERR,ERR,ERR,ERR,ERR,ERR,ERR,ERR,ERR,0.0,0.0,-0.0,89215.008,nan,1.3936040501711995e+18,7.805,-1.2121118219281682e+20,0,0,4,48929,6720,14723890282496.0,100,0.0,0.0,0.0,89215.008,0.0,0,0,0,0,0.0,0,0,0,0,0,0,0,0,0,0,0,0,0,0,0,0,0,0,0,0,0,0,0,0,0,0,0,0,0,0,0,0,0,26,51,50,76,65476,0,300,0,0,8,21553,0.0,-107605600.0,0.0,0.0,0.0,0.0,0.0,0.0,0.0,0.0,0.0,0.0,0.0,0.0,0.0,0.0,0.0,0.0,0.0,0.0,0.0,0.0,-0.0,0.0,-0.0,-0.0,0.0,0.0,0.0,0.0,4822.0,2.422986175150025e+24,7245.0,0.0,0.0,2.7184303811560617e+23,2.718431101732002e+23,0.0,0.0,0.0,0.0,77,-126841118720.0,5.848052514032891e+35,0.0,0.0,0.0,0.0,0.0,0.0,0.0,0,0,0,0.0,0.0,0.0,0.0,0.0,0.0,0.0,0.0,0.0,0.0,0.0,0.0,0.0,0.0,0.0,0.0,0,-107875648.0,77,0.0,154,0.0,-101056864.0,ERR,ERR,ERR,ERR,ERR,ERR,ERR,ERR,ERR,ERR,ERR,ERR,ERR,ERR,ERR,ERR,ERR,ERR,ERR,ERR,ERR,ERR,ERR,ERR,ERR,ERR,ERR,ERR,ERR,ERR,ERR,ERR,ERR,ERR,ERR,ERR,ERR,ERR,ERR,ERR,ERR,ERR,ERR,ERR,ERR,ERR,ERR,ERR,ERR,ERR,ERR,ERR,ERR,ERR,ERR,ERR,ERR,ERR,ERR,ERR,ERR,ERR,ERR,ERR,ERR,ERR,ERR,34.0,80.0,35,0.0,0.0,0.0,0.0,0.0,0.0,0.0,0.0,0.0,0.0,0.0,0.0,0.0,0.0,0.0,0.0,65.6,0,120,58,53,65476,0,300,0,0,8,20529,65476,0,0,57672,80.0,0.0,0.0,0.0,0.0,0.0
2026-06-18T02:48:08,ERR,ERR,ERR,ERR,ERR,ERR,ERR,ERR,ERR,ERR,ERR,ERR,ERR,ERR,ERR,ERR,ERR,ERR,ERR,ERR,ERR,ERR,ERR,ERR,ERR,ERR,ERR,ERR,ERR,ERR,ERR,ERR,ERR,ERR,ERR,ERR,ERR,ERR,ERR,ERR,ERR,ERR,ERR,ERR,ERR,ERR,ERR,ERR,ERR,ERR,ERR,ERR,ERR,ERR,ERR,ERR,ERR,ERR,ERR,ERR,ERR,ERR,ERR,ERR,ERR,ERR,ERR,ERR,ERR,ERR,ERR,ERR,ERR,ERR,ERR,ERR,ERR,ERR,ERR,ERR,ERR,ERR,ERR,ERR,ERR,ERR,ERR,ERR,ERR,ERR,ERR,ERR,ERR,ERR,ERR,ERR,ERR,ERR,ERR,ERR,ERR,ERR,ERR,ERR,ERR,ERR,ERR,ERR,ERR,ERR,ERR,ERR,ERR,ERR,ERR,ERR,ERR,ERR,ERR,ERR,ERR,ERR,ERR,ERR,ERR,0.0,0.0,-0.0,89215.008,nan,1.3936040501711995e+18,7.805,-1.2121118219281682e+20,0,0,4,48929,6720,14723890282496.0,100,0.0,0.0,0.0,89215.008,0.0,0,0,0,0,0.0,0,0,0,0,0,0,0,0,0,0,0,0,0,0,0,0,0,0,0,0,0,0,0,0,0,0,0,0,0,0,0,0,0,26,51,50,76,65476,0,300,0,0,8,21553,0.0,-107605600.0,0.0,0.0,0.0,0.0,0.0,0.0,0.0,0.0,0.0,0.0,0.0,0.0,0.0,0.0,0.0,0.0,0.0,0.0,0.0,0.0,-0.0,0.0,-0.0,-0.0,0.0,0.0,0.0,0.0,4822.0,2.422986175150025e+24,7245.0,0.0,0.0,2.7184303811560617e+23,2.718431101732002e+23,0.0,0.0,0.0,0.0,77,-126841118720.0,5.848052514032891e+35,0.0,0.0,0.0,0.0,0.0,0.0,0.0,0,0,0,0.0,0.0,0.0,0.0,0.0,0.0,0.0,0.0,0.0,0.0,0.0,0.0,0.0,0.0,0.0,0.0,0,-107875648.0,77,0.0,154,0.0,-101056864.0,ERR,ERR,ERR,ERR,ERR,ERR,ERR,ERR,ERR,ERR,ERR,ERR,ERR,ERR,ERR,ERR,ERR,ERR,ERR,ERR,ERR,ERR,ERR,ERR,ERR,ERR,ERR,ERR,ERR,ERR,ERR,ERR,ERR,ERR,ERR,ERR,ERR,ERR,ERR,ERR,ERR,ERR,ERR,ERR,ERR,ERR,ERR,ERR,ERR,ERR,ERR,ERR,ERR,ERR,ERR,ERR,ERR,ERR,ERR,ERR,ERR,ERR,ERR,ERR,ERR,ERR,ERR,34.0,80.0,35,0.0,0.0,0.0,0.0,0.0,0.0,0.0,0.0,0.0,0.0,0.0,0.0,0.0,0.0,0.0,0.0,66.4,0,120,58,53,65476,0,300,0,0,8,20529,65476,0,0,57672,80.0,0.0,0.0,0.0,0.0,0.0
2026-06-18T02:48:09,ERR,ERR,ERR,ERR,ERR,ERR,ERR,ERR,ERR,ERR,ERR,ERR,ERR,ERR,ERR,ERR,ERR,ERR,ERR,ERR,ERR,ERR,ERR,ERR,ERR,ERR,ERR,ERR,ERR,ERR,ERR,ERR,ERR,ERR,ERR,ERR,ERR,ERR,ERR,ERR,ERR,ERR,ERR,ERR,ERR,ERR,ERR,ERR,ERR,ERR,ERR,ERR,ERR,ERR,ERR,ERR,ERR,ERR,ERR,ERR,ERR,ERR,ERR,ERR,ERR,ERR,ERR,ERR,ERR,ERR,ERR,ERR,ERR,ERR,ERR,ERR,ERR,ERR,ERR,ERR,ERR,ERR,ERR,ERR,ERR,ERR,ERR,ERR,ERR,ERR,ERR,ERR,ERR,ERR,ERR,ERR,ERR,ERR,ERR,ERR,ERR,ERR,ERR,ERR,ERR,ERR,ERR,ERR,ERR,ERR,ERR,ERR,ERR,ERR,ERR,ERR,ERR,ERR,ERR,ERR,ERR,ERR,ERR,ERR,ERR,0.0,0.0,-0.0,89215.008,nan,1.3936040501711995e+18,7.805,-1.2121118219281682e+20,0,0,4,48929,6720,14723890282496.0,100,0.0,0.0,0.0,89215.008,0.0,0,0,0,0,0.0,0,0,0,0,0,0,0,0,0,0,0,0,0,0,0,0,0,0,0,0,0,0,0,0,0,0,0,0,0,0,0,0,0,26,51,50,76,65476,0,300,0,0,8,21553,0.0,-107605600.0,0.0,0.0,0.0,0.0,0.0,0.0,0.0,0.0,0.0,0.0,0.0,0.0,0.0,0.0,0.0,0.0,0.0,0.0,0.0,0.0,-0.0,0.0,-0.0,-0.0,0.0,0.0,0.0,0.0,4822.0,2.422986175150025e+24,7245.0,0.0,0.0,2.7184303811560617e+23,2.718431101732002e+23,0.0,0.0,0.0,0.0,77,-126841118720.0,5.848052514032891e+35,0.0,0.0,0.0,0.0,0.0,0.0,0.0,0,0,0,0.0,0.0,0.0,0.0,0.0,0.0,0.0,0.0,0.0,0.0,0.0,0.0,0.0,0.0,0.0,0.0,0,-107875648.0,77,0.0,154,0.0,-101056864.0,ERR,ERR,ERR,ERR,ERR,ERR,ERR,ERR,ERR,ERR,ERR,ERR,ERR,ERR,ERR,ERR,ERR,ERR,ERR,ERR,ERR,ERR,ERR,ERR,ERR,ERR,ERR,ERR,ERR,ERR,ERR,ERR,ERR,ERR,ERR,ERR,ERR,ERR,ERR,ERR,ERR,ERR,ERR,ERR,ERR,ERR,ERR,ERR,ERR,ERR,ERR,ERR,ERR,ERR,ERR,ERR,ERR,ERR,ERR,ERR,ERR,ERR,ERR,ERR,ERR,ERR,ERR,34.0,80.0,35,0.0,0.0,0.0,0.0,0.0,0.0,0.0,0.0,0.0,0.0,0.0,0.0,0.0,0.0,0.0,0.0,66.4,0,120,58,53,65476,0,300,0,0,8,20529,65476,0,0,57672,80.0,0.0,0.0,0.0,0.0,0.0
2026-06-18T02:48:10,ERR,ERR,ERR,ERR,ERR,ERR,ERR,ERR,ERR,ERR,ERR,ERR,ERR,ERR,ERR,ERR,ERR,ERR,ERR,ERR,ERR,ERR,ERR,ERR,ERR,ERR,ERR,ERR,ERR,ERR,ERR,ERR,ERR,ERR,ERR,ERR,ERR,ERR,ERR,ERR,ERR,ERR,ERR,ERR,ERR,ERR,ERR,ERR,ERR,ERR,ERR,ERR,ERR,ERR,ERR,ERR,ERR,ERR,ERR,ERR,ERR,ERR,ERR,ERR,ERR,ERR,ERR,ERR,ERR,ERR,ERR,ERR,ERR,ERR,ERR,ERR,ERR,ERR,ERR,ERR,ERR,ERR,ERR,ERR,ERR,ERR,ERR,ERR,ERR,ERR,ERR,ERR,ERR,ERR,ERR,ERR,ERR,ERR,ERR,ERR,ERR,ERR,ERR,ERR,ERR,ERR,ERR,ERR,ERR,ERR,ERR,ERR,ERR,ERR,ERR,ERR,ERR,ERR,ERR,ERR,ERR,ERR,ERR,ERR,ERR,0.0,0.0,-0.0,89215.008,nan,1.3936040501711995e+18,7.805,-1.2121118219281682e+20,0,0,4,48929,6720,14723890282496.0,100,0.0,0.0,0.0,89215.008,0.0,0,0,0,0,0.0,0,0,0,0,0,0,0,0,0,0,0,0,0,0,0,0,0,0,0,0,0,0,0,0,0,0,0,0,0,0,0,0,0,26,51,50,76,65476,0,300,0,0,8,21553,0.0,-107605600.0,0.0,0.0,0.0,0.0,0.0,0.0,0.0,0.0,0.0,0.0,0.0,0.0,0.0,0.0,0.0,0.0,0.0,0.0,0.0,0.0,-0.0,0.0,-0.0,-0.0,0.0,0.0,0.0,0.0,4822.0,2.422986175150025e+24,7245.0,0.0,0.0,2.7184303811560617e+23,2.718431101732002e+23,0.0,0.0,0.0,0.0,77,-126841118720.0,5.848052514032891e+35,0.0,0.0,0.0,0.0,0.0,0.0,0.0,0,0,0,0.0,0.0,0.0,0.0,0.0,0.0,0.0,0.0,0.0,0.0,0.0,0.0,0.0,0.0,0.0,0.0,0,-107875648.0,77,0.0,154,0.0,-101056864.0,ERR,ERR,ERR,ERR,ERR,ERR,ERR,ERR,ERR,ERR,ERR,ERR,ERR,ERR,ERR,ERR,ERR,ERR,ERR,ERR,ERR,ERR,ERR,ERR,ERR,ERR,ERR,ERR,ERR,ERR,ERR,ERR,ERR,ERR,ERR,ERR,ERR,ERR,ERR,ERR,ERR,ERR,ERR,ERR,ERR,ERR,ERR,ERR,ERR,ERR,ERR,ERR,ERR,ERR,ERR,ERR,ERR,ERR,ERR,ERR,ERR,ERR,ERR,ERR,ERR,ERR,ERR,34.0,80.0,35,0.0,0.0,0.0,0.0,0.0,0.0,0.0,0.0,0.0,0.0,0.0,0.0,0.0,0.0,0.0,0.0,65.6,0,120,58,53,65476,0,300,0,0,8,20529,65476,0,0,57672,80.0,0.0,0.0,0.0,0.0,0.0
2026-06-18T02:48:11,ERR,ERR,ERR,ERR,ERR,ERR,ERR,ERR,ERR,ERR,ERR,ERR,ERR,ERR,ERR,ERR,ERR,ERR,ERR,ERR,ERR,ERR,ERR,ERR,ERR,ERR,ERR,ERR,ERR,ERR,ERR,ERR,ERR,ERR,ERR,ERR,ERR,ERR,ERR,ERR,ERR,ERR,ERR,ERR,ERR,ERR,ERR,ERR,ERR,ERR,ERR,ERR,ERR,ERR,ERR,ERR,ERR,ERR,ERR,ERR,ERR,ERR,ERR,ERR,ERR,ERR,ERR,ERR,ERR,ERR,ERR,ERR,ERR,ERR,ERR,ERR,ERR,ERR,ERR,ERR,ERR,ERR,ERR,ERR,ERR,ERR,ERR,ERR,ERR,ERR,ERR,ERR,ERR,ERR,ERR,ERR,ERR,ERR,ERR,ERR,ERR,ERR,ERR,ERR,ERR,ERR,ERR,ERR,ERR,ERR,ERR,ERR,ERR,ERR,ERR,ERR,ERR,ERR,ERR,ERR,ERR,ERR,ERR,ERR,ERR,0.0,0.0,-0.0,89215.008,nan,1.3936040501711995e+18,7.805,-1.2121118219281682e+20,0,0,4,48929,6720,14723890282496.0,100,0.0,0.0,0.0,89215.008,0.0,0,0,0,0,0.0,0,0,0,0,0,0,0,0,0,0,0,0,0,0,0,0,0,0,0,0,0,0,0,0,0,0,0,0,0,0,0,0,0,26,51,50,76,65476,0,300,0,0,8,21553,0.0,-107605600.0,0.0,0.0,0.0,0.0,0.0,0.0,0.0,0.0,0.0,0.0,0.0,0.0,0.0,0.0,0.0,0.0,0.0,0.0,0.0,0.0,-0.0,0.0,-0.0,-0.0,0.0,0.0,0.0,0.0,4822.0,2.422986175150025e+24,7245.0,0.0,0.0,2.7184303811560617e+23,2.718431101732002e+23,0.0,0.0,0.0,0.0,77,-126841118720.0,5.848052514032891e+35,0.0,0.0,0.0,0.0,0.0,0.0,0.0,0,0,0,0.0,0.0,0.0,0.0,0.0,0.0,0.0,0.0,0.0,0.0,0.0,0.0,0.0,0.0,0.0,0.0,0,-107875648.0,77,0.0,154,0.0,-101056864.0,ERR,ERR,ERR,ERR,ERR,ERR,ERR,ERR,ERR,ERR,ERR,ERR,ERR,ERR,ERR,ERR,ERR,ERR,ERR,ERR,ERR,ERR,ERR,ERR,ERR,ERR,ERR,ERR,ERR,ERR,ERR,ERR,ERR,ERR,ERR,ERR,ERR,ERR,ERR,ERR,ERR,ERR,ERR,ERR,ERR,ERR,ERR,ERR,ERR,ERR,ERR,ERR,ERR,ERR,ERR,ERR,ERR,ERR,ERR,ERR,ERR,ERR,ERR,ERR,ERR,ERR,ERR,34.0,80.0,35,0.0,0.0,0.0,0.0,0.0,0.0,0.0,0.0,0.0,0.0,0.0,0.0,0.0,0.0,0.0,0.0,65.6,0,120,58,53,65476,0,300,0,0,8,20529,65476,0,0,57672,80.0,0.0,0.0,0.0,0.0,0.0
2026-06-18T02:48:12,ERR,ERR,ERR,ERR,ERR,ERR,ERR,ERR,ERR,ERR,ERR,ERR,ERR,ERR,ERR,ERR,ERR,ERR,ERR,ERR,ERR,ERR,ERR,ERR,ERR,ERR,ERR,ERR,ERR,ERR,ERR,ERR,ERR,ERR,ERR,ERR,ERR,ERR,ERR,ERR,ERR,ERR,ERR,ERR,ERR,ERR,ERR,ERR,ERR,ERR,ERR,ERR,ERR,ERR,ERR,ERR,ERR,ERR,ERR,ERR,ERR,ERR,ERR,ERR,ERR,ERR,ERR,ERR,ERR,ERR,ERR,ERR,ERR,ERR,ERR,ERR,ERR,ERR,ERR,ERR,ERR,ERR,ERR,ERR,ERR,ERR,ERR,ERR,ERR,ERR,ERR,ERR,ERR,ERR,ERR,ERR,ERR,ERR,ERR,ERR,ERR,ERR,ERR,ERR,ERR,ERR,ERR,ERR,ERR,ERR,ERR,ERR,ERR,ERR,ERR,ERR,ERR,ERR,ERR,ERR,ERR,ERR,ERR,ERR,ERR,0.0,0.0,-0.0,89215.008,nan,1.3936040501711995e+18,7.805,-1.2121118219281682e+20,0,0,4,48929,6720,14723890282496.0,100,0.0,0.0,0.0,89215.008,0.0,0,0,0,0,0.0,0,0,0,0,0,0,0,0,0,0,0,0,0,0,0,0,0,0,0,0,0,0,0,0,0,0,0,0,0,0,0,0,0,26,51,50,76,65476,0,300,0,0,8,21553,0.0,-107605600.0,0.0,0.0,0.0,0.0,0.0,0.0,0.0,0.0,0.0,0.0,0.0,0.0,0.0,0.0,0.0,0.0,0.0,0.0,0.0,0.0,-0.0,0.0,-0.0,-0.0,0.0,0.0,0.0,0.0,4822.0,2.422986175150025e+24,7245.0,0.0,0.0,2.7184303811560617e+23,2.718431101732002e+23,0.0,0.0,0.0,0.0,77,-126841118720.0,5.848052514032891e+35,0.0,0.0,0.0,0.0,0.0,0.0,0.0,0,0,0,0.0,0.0,0.0,0.0,0.0,0.0,0.0,0.0,0.0,0.0,0.0,0.0,0.0,0.0,0.0,0.0,0,-107875648.0,77,0.0,154,0.0,-101056864.0,ERR,ERR,ERR,ERR,ERR,ERR,ERR,ERR,ERR,ERR,ERR,ERR,ERR,ERR,ERR,ERR,ERR,ERR,ERR,ERR,ERR,ERR,ERR,ERR,ERR,ERR,ERR,ERR,ERR,ERR,ERR,ERR,ERR,ERR,ERR,ERR,ERR,ERR,ERR,ERR,ERR,ERR,ERR,ERR,ERR,ERR,ERR,ERR,ERR,ERR,ERR,ERR,ERR,ERR,ERR,ERR,ERR,ERR,ERR,ERR,ERR,ERR,ERR,ERR,ERR,ERR,ERR,34.0,80.0,35,0.0,0.0,0.0,0.0,0.0,0.0,0.0,0.0,0.0,0.0,0.0,0.0,0.0,0.0,0.0,0.0,65.6,0,120,58,53,65476,0,300,0,0,8,20529,65476,0,0,57672,80.0,0.0,0.0,0.0,0.0,0.0
2026-06-18T02:48:13,ERR,ERR,ERR,ERR,ERR,ERR,ERR,ERR,ERR,ERR,ERR,ERR,ERR,ERR,ERR,ERR,ERR,ERR,ERR,ERR,ERR,ERR,ERR,ERR,ERR,ERR,ERR,ERR,ERR,ERR,ERR,ERR,ERR,ERR,ERR,ERR,ERR,ERR,ERR,ERR,ERR,ERR,ERR,ERR,ERR,ERR,ERR,ERR,ERR,ERR,ERR,ERR,ERR,ERR,ERR,ERR,ERR,ERR,ERR,ERR,ERR,ERR,ERR,ERR,ERR,ERR,ERR,ERR,ERR,ERR,ERR,ERR,ERR,ERR,ERR,ERR,ERR,ERR,ERR,ERR,ERR,ERR,ERR,ERR,ERR,ERR,ERR,ERR,ERR,ERR,ERR,ERR,ERR,ERR,ERR,ERR,ERR,ERR,ERR,ERR,ERR,ERR,ERR,ERR,ERR,ERR,ERR,ERR,ERR,ERR,ERR,ERR,ERR,ERR,ERR,ERR,ERR,ERR,ERR,ERR,ERR,ERR,ERR,ERR,ERR,0.0,0.0,-0.0,-0.0,nan,1.3936040501711995e+18,7.805,1.2122276757504e+16,0,0,4,48935,6720,14723890282496.0,100,0.0,0.0,0.0,2.718290229135658e+23,0.0,0,0,0,0,0.0,0,0,0,0,0,0,0,0,0,0,0,0,0,0,0,0,0,0,0,0,0,0,0,0,0,0,0,0,0,0,0,0,0,26,51,50,76,65476,0,300,0,0,8,21553,0.0,-107605600.0,0.0,0.0,0.0,0.0,0.0,0.0,0.0,0.0,0.0,0.0,0.0,0.0,0.0,0.0,0.0,0.0,0.0,0.0,0.0,0.0,-0.0,0.0,-0.0,-0.0,0.0,0.0,0.0,0.0,4823.0,3.697183494796791e+19,7244.0,0.0,0.0,2.7184303811560617e+23,2.718431101732002e+23,0.0,0.0,0.0,0.0,77,-126841118720.0,5.848052514032891e+35,0.0,0.0,0.0,0.0,0.0,0.0,0.0,0,0,0,0.0,0.0,0.0,0.0,0.0,0.0,0.0,0.0,0.0,0.0,0.0,0.0,0.0,0.0,0.0,0.0,0,-107875648.0,77,0.0,154,0.0,-101056864.0,ERR,ERR,ERR,ERR,ERR,ERR,ERR,ERR,ERR,ERR,ERR,ERR,ERR,ERR,ERR,ERR,ERR,ERR,ERR,ERR,ERR,ERR,ERR,ERR,ERR,ERR,ERR,ERR,ERR,ERR,ERR,ERR,ERR,ERR,ERR,ERR,ERR,ERR,ERR,ERR,ERR,ERR,ERR,ERR,ERR,ERR,ERR,ERR,ERR,ERR,ERR,ERR,ERR,ERR,ERR,ERR,ERR,ERR,ERR,ERR,ERR,ERR,ERR,ERR,ERR,ERR,ERR,34.0,80.0,35,0.0,0.0,0.0,0.0,0.0,0.0,0.0,0.0,0.0,0.0,0.0,0.0,0.0,0.0,0.0,0.0,65.6,0,120,58,53,65476,0,300,0,0,8,20529,65476,0,0,57672,80.0,0.0,0.0,0.0,0.0,0.0
2026-06-18T02:48:14,ERR,ERR,ERR,ERR,ERR,ERR,ERR,ERR,ERR,ERR,ERR,ERR,ERR,ERR,ERR,ERR,ERR,ERR,ERR,ERR,ERR,ERR,ERR,ERR,ERR,ERR,ERR,ERR,ERR,ERR,ERR,ERR,ERR,ERR,ERR,ERR,ERR,ERR,ERR,ERR,ERR,ERR,ERR,ERR,ERR,ERR,ERR,ERR,ERR,ERR,ERR,ERR,ERR,ERR,ERR,ERR,ERR,ERR,ERR,ERR,ERR,ERR,ERR,ERR,ERR,ERR,ERR,ERR,ERR,ERR,ERR,ERR,ERR,ERR,ERR,ERR,ERR,ERR,ERR,ERR,ERR,ERR,ERR,ERR,ERR,ERR,ERR,ERR,ERR,ERR,ERR,ERR,ERR,ERR,ERR,ERR,ERR,ERR,ERR,ERR,ERR,ERR,ERR,ERR,ERR,ERR,ERR,ERR,ERR,ERR,ERR,ERR,ERR,ERR,ERR,ERR,ERR,ERR,ERR,ERR,ERR,ERR,ERR,ERR,ERR,0.0,0.0,-0.0,-0.0,nan,1.3936040501711995e+18,7.805,1.2122276757504e+16,0,0,4,48935,6720,14723890282496.0,100,0.0,0.0,0.0,2.718290229135658e+23,0.0,0,0,0,0,0.0,0,0,0,0,0,0,0,0,0,0,0,0,0,0,0,0,0,0,0,0,0,0,0,0,0,0,0,0,0,0,0,0,0,26,51,50,76,65476,0,300,0,0,8,21553,0.0,-107605600.0,0.0,0.0,0.0,0.0,0.0,0.0,0.0,0.0,0.0,0.0,0.0,0.0,0.0,0.0,0.0,0.0,0.0,0.0,0.0,0.0,-0.0,0.0,-0.0,-0.0,0.0,0.0,0.0,0.0,4823.0,3.697183494796791e+19,7244.0,0.0,0.0,2.7184303811560617e+23,2.718431101732002e+23,0.0,0.0,0.0,0.0,77,-126841118720.0,5.848052514032891e+35,0.0,0.0,0.0,0.0,0.0,0.0,0.0,0,0,0,0.0,0.0,0.0,0.0,0.0,0.0,0.0,0.0,0.0,0.0,0.0,0.0,0.0,0.0,0.0,0.0,0,-107875648.0,77,0.0,154,0.0,-101056864.0,ERR,ERR,ERR,ERR,ERR,ERR,ERR,ERR,ERR,ERR,ERR,ERR,ERR,ERR,ERR,ERR,ERR,ERR,ERR,ERR,ERR,ERR,ERR,ERR,ERR,ERR,ERR,ERR,ERR,ERR,ERR,ERR,ERR,ERR,ERR,ERR,ERR,ERR,ERR,ERR,ERR,ERR,ERR,ERR,ERR,ERR,ERR,ERR,ERR,ERR,ERR,ERR,ERR,ERR,ERR,ERR,ERR,ERR,ERR,ERR,ERR,ERR,ERR,ERR,ERR,ERR,ERR,34.0,80.0,35,0.0,0.0,0.0,0.0,0.0,0.0,0.0,0.0,0.0,0.0,0.0,0.0,0.0,0.0,0.0,0.0,65.6,0,120,58,53,65476,0,300,0,0,8,20529,65476,0,0,57672,80.0,0.0,0.0,0.0,0.0,0.0
2026-06-18T02:48:15,ERR,ERR,ERR,ERR,ERR,ERR,ERR,ERR,ERR,ERR,ERR,ERR,ERR,ERR,ERR,ERR,ERR,ERR,ERR,ERR,ERR,ERR,ERR,ERR,ERR,ERR,ERR,ERR,ERR,ERR,ERR,ERR,ERR,ERR,ERR,ERR,ERR,ERR,ERR,ERR,ERR,ERR,ERR,ERR,ERR,ERR,ERR,ERR,ERR,ERR,ERR,ERR,ERR,ERR,ERR,ERR,ERR,ERR,ERR,ERR,ERR,ERR,ERR,ERR,ERR,ERR,ERR,ERR,ERR,ERR,ERR,ERR,ERR,ERR,ERR,ERR,ERR,ERR,ERR,ERR,ERR,ERR,ERR,ERR,ERR,ERR,ERR,ERR,ERR,ERR,ERR,ERR,ERR,ERR,ERR,ERR,ERR,ERR,ERR,ERR,ERR,ERR,ERR,ERR,ERR,ERR,ERR,ERR,ERR,ERR,ERR,ERR,ERR,ERR,ERR,ERR,ERR,ERR,ERR,ERR,ERR,ERR,ERR,ERR,ERR,0.0,0.0,-0.0,-0.0,nan,1.3936040501711995e+18,7.805,1.2122276757504e+16,0,0,4,48935,6720,14723890282496.0,100,0.0,0.0,0.0,2.718290229135658e+23,0.0,0,0,0,0,0.0,0,0,0,0,0,0,0,0,0,0,0,0,0,0,0,0,0,0,0,0,0,0,0,0,0,0,0,0,0,0,0,0,0,26,51,50,76,65476,0,300,0,0,8,21553,0.0,-107605600.0,0.0,0.0,0.0,0.0,0.0,0.0,0.0,0.0,0.0,0.0,0.0,0.0,0.0,0.0,0.0,0.0,0.0,0.0,0.0,0.0,-0.0,0.0,-0.0,-0.0,0.0,0.0,0.0,0.0,4823.0,3.697183494796791e+19,7244.0,0.0,0.0,2.7184303811560617e+23,2.718431101732002e+23,0.0,0.0,0.0,0.0,77,-126841118720.0,5.848052514032891e+35,0.0,0.0,0.0,0.0,0.0,0.0,0.0,0,0,0,0.0,0.0,0.0,0.0,0.0,0.0,0.0,0.0,0.0,0.0,0.0,0.0,0.0,0.0,0.0,0.0,0,-107875648.0,77,0.0,154,0.0,-101056864.0,ERR,ERR,ERR,ERR,ERR,ERR,ERR,ERR,ERR,ERR,ERR,ERR,ERR,ERR,ERR,ERR,ERR,ERR,ERR,ERR,ERR,ERR,ERR,ERR,ERR,ERR,ERR,ERR,ERR,ERR,ERR,ERR,ERR,ERR,ERR,ERR,ERR,ERR,ERR,ERR,ERR,ERR,ERR,ERR,ERR,ERR,ERR,ERR,ERR,ERR,ERR,ERR,ERR,ERR,ERR,ERR,ERR,ERR,ERR,ERR,ERR,ERR,ERR,ERR,ERR,ERR,ERR,34.0,80.0,35,0.0,0.0,0.0,0.0,0.0,0.0,0.0,0.0,0.0,0.0,0.0,0.0,0.0,0.0,0.0,0.0,65.6,0,120,58,53,65476,0,300,0,0,8,20529,65476,0,0,57672,80.0,0.0,0.0,0.0,0.0,0.0
2026-06-18T02:48:16,ERR,ERR,ERR,ERR,ERR,ERR,ERR,ERR,ERR,ERR,ERR,ERR,ERR,ERR,ERR,ERR,ERR,ERR,ERR,ERR,ERR,ERR,ERR,ERR,ERR,ERR,ERR,ERR,ERR,ERR,ERR,ERR,ERR,ERR,ERR,ERR,ERR,ERR,ERR,ERR,ERR,ERR,ERR,ERR,ERR,ERR,ERR,ERR,ERR,ERR,ERR,ERR,ERR,ERR,ERR,ERR,ERR,ERR,ERR,ERR,ERR,ERR,ERR,ERR,ERR,ERR,ERR,ERR,ERR,ERR,ERR,ERR,ERR,ERR,ERR,ERR,ERR,ERR,ERR,ERR,ERR,ERR,ERR,ERR,ERR,ERR,ERR,ERR,ERR,ERR,ERR,ERR,ERR,ERR,ERR,ERR,ERR,ERR,ERR,ERR,ERR,ERR,ERR,ERR,ERR,ERR,ERR,ERR,ERR,ERR,ERR,ERR,ERR,ERR,ERR,ERR,ERR,ERR,ERR,ERR,ERR,ERR,ERR,ERR,ERR,0.0,0.0,-0.0,-0.0,nan,1.3936040501711995e+18,7.805,1.2122276757504e+16,0,0,4,48935,6720,14723890282496.0,100,0.0,0.0,0.0,2.718290229135658e+23,0.0,0,0,0,0,0.0,0,0,0,0,0,0,0,0,0,0,0,0,0,0,0,0,0,0,0,0,0,0,0,0,0,0,0,0,0,0,0,0,0,26,51,50,76,65476,0,300,0,0,8,21553,0.0,-107605600.0,0.0,0.0,0.0,0.0,0.0,0.0,0.0,0.0,0.0,0.0,0.0,0.0,0.0,0.0,0.0,0.0,0.0,0.0,0.0,0.0,-0.0,0.0,-0.0,-0.0,0.0,0.0,0.0,0.0,4823.0,3.697183494796791e+19,7244.0,0.0,0.0,2.7184303811560617e+23,2.718431101732002e+23,0.0,0.0,0.0,0.0,77,-126841118720.0,5.848052514032891e+35,0.0,0.0,0.0,0.0,0.0,0.0,0.0,0,0,0,0.0,0.0,0.0,0.0,0.0,0.0,0.0,0.0,0.0,0.0,0.0,0.0,0.0,0.0,0.0,0.0,0,-107875648.0,77,0.0,154,0.0,-101056864.0,ERR,ERR,ERR,ERR,ERR,ERR,ERR,ERR,ERR,ERR,ERR,ERR,ERR,ERR,ERR,ERR,ERR,ERR,ERR,ERR,ERR,ERR,ERR,ERR,ERR,ERR,ERR,ERR,ERR,ERR,ERR,ERR,ERR,ERR,ERR,ERR,ERR,ERR,ERR,ERR,ERR,ERR,ERR,ERR,ERR,ERR,ERR,ERR,ERR,ERR,ERR,ERR,ERR,ERR,ERR,ERR,ERR,ERR,ERR,ERR,ERR,ERR,ERR,ERR,ERR,ERR,ERR,34.0,80.0,35,0.0,0.0,0.0,0.0,0.0,0.0,0.0,0.0,0.0,0.0,0.0,0.0,0.0,0.0,0.0,0.0,65.6,0,120,58,53,65476,0,300,0,0,8,20529,65476,0,0,57672,80.0,0.0,0.0,0.0,0.0,0.0
2026-06-18T02:48:17,ERR,ERR,ERR,ERR,ERR,ERR,ERR,ERR,ERR,ERR,ERR,ERR,ERR,ERR,ERR,ERR,ERR,ERR,ERR,ERR,ERR,ERR,ERR,ERR,ERR,ERR,ERR,ERR,ERR,ERR,ERR,ERR,ERR,ERR,ERR,ERR,ERR,ERR,ERR,ERR,ERR,ERR,ERR,ERR,ERR,ERR,ERR,ERR,ERR,ERR,ERR,ERR,ERR,ERR,ERR,ERR,ERR,ERR,ERR,ERR,ERR,ERR,ERR,ERR,ERR,ERR,ERR,ERR,ERR,ERR,ERR,ERR,ERR,ERR,ERR,ERR,ERR,ERR,ERR,ERR,ERR,ERR,ERR,ERR,ERR,ERR,ERR,ERR,ERR,ERR,ERR,ERR,ERR,ERR,ERR,ERR,ERR,ERR,ERR,ERR,ERR,ERR,ERR,ERR,ERR,ERR,ERR,ERR,ERR,ERR,ERR,ERR,ERR,ERR,ERR,ERR,ERR,ERR,ERR,ERR,ERR,ERR,ERR,ERR,ERR,0.0,0.0,-0.0,-0.0,nan,1.3936040501711995e+18,7.805,1.2122276757504e+16,0,0,4,48935,6720,14723890282496.0,100,0.0,0.0,0.0,2.718290229135658e+23,0.0,0,0,0,0,0.0,0,0,0,0,0,0,0,0,0,0,0,0,0,0,0,0,0,0,0,0,0,0,0,0,0,0,0,0,0,0,0,0,0,26,51,50,76,65476,0,300,0,0,8,21553,0.0,-107605600.0,0.0,0.0,0.0,0.0,0.0,0.0,0.0,0.0,0.0,0.0,0.0,0.0,0.0,0.0,0.0,0.0,0.0,0.0,0.0,0.0,-0.0,0.0,-0.0,-0.0,0.0,0.0,0.0,0.0,4823.0,3.697183494796791e+19,7244.0,0.0,0.0,2.7184303811560617e+23,2.718431101732002e+23,0.0,0.0,0.0,0.0,77,-126841118720.0,5.848052514032891e+35,0.0,0.0,0.0,0.0,0.0,0.0,0.0,0,0,0,0.0,0.0,0.0,0.0,0.0,0.0,0.0,0.0,0.0,0.0,0.0,0.0,0.0,0.0,0.0,0.0,0,-107875648.0,77,0.0,154,0.0,-101056864.0,ERR,ERR,ERR,ERR,ERR,ERR,ERR,ERR,ERR,ERR,ERR,ERR,ERR,ERR,ERR,ERR,ERR,ERR,ERR,ERR,ERR,ERR,ERR,ERR,ERR,ERR,ERR,ERR,ERR,ERR,ERR,ERR,ERR,ERR,ERR,ERR,ERR,ERR,ERR,ERR,ERR,ERR,ERR,ERR,ERR,ERR,ERR,ERR,ERR,ERR,ERR,ERR,ERR,ERR,ERR,ERR,ERR,ERR,ERR,ERR,ERR,ERR,ERR,ERR,ERR,ERR,ERR,34.0,80.0,35,0.0,0.0,0.0,0.0,0.0,0.0,0.0,0.0,0.0,0.0,0.0,0.0,0.0,0.0,0.0,0.0,65.6,0,120,58,53,65476,0,300,0,0,8,20529,65476,0,0,57672,80.0,0.0,0.0,0.0,0.0,0.0
2026-06-18T02:48:18,ERR,ERR,ERR,ERR,ERR,ERR,ERR,ERR,ERR,ERR,ERR,ERR,ERR,ERR,ERR,ERR,ERR,ERR,ERR,ERR,ERR,ERR,ERR,ERR,ERR,ERR,ERR,ERR,ERR,ERR,ERR,ERR,ERR,ERR,ERR,ERR,ERR,ERR,ERR,ERR,ERR,ERR,ERR,ERR,ERR,ERR,ERR,ERR,ERR,ERR,ERR,ERR,ERR,ERR,ERR,ERR,ERR,ERR,ERR,ERR,ERR,ERR,ERR,ERR,ERR,ERR,ERR,ERR,ERR,ERR,ERR,ERR,ERR,ERR,ERR,ERR,ERR,ERR,ERR,ERR,ERR,ERR,ERR,ERR,ERR,ERR,ERR,ERR,ERR,ERR,ERR,ERR,ERR,ERR,ERR,ERR,ERR,ERR,ERR,ERR,ERR,ERR,ERR,ERR,ERR,ERR,ERR,ERR,ERR,ERR,ERR,ERR,ERR,ERR,ERR,ERR,ERR,ERR,ERR,ERR,ERR,ERR,ERR,ERR,ERR,0.0,0.0,-0.0,0.0,nan,1.3936040501711995e+18,7.805,118629576.0,0,0,4,48956,6720,14723890282496.0,100,0.0,0.0,0.0,0.0,0.0,0,0,0,0,0.0,0,0,0,0,0,0,0,0,0,0,0,0,0,0,0,0,0,0,0,0,0,0,0,0,0,0,0,0,0,0,0,0,0,26,51,50,76,65476,0,300,0,0,8,21553,0.0,-107605600.0,0.0,0.0,0.0,0.0,0.0,0.0,0.0,0.0,0.0,0.0,0.0,0.0,0.0,0.0,0.0,0.0,0.0,0.0,0.0,0.0,-0.0,0.0,-0.0,-0.0,0.0,0.0,0.0,0.0,4822.0,-0.0,7248.0,0.0,0.0,2.7184303811560617e+23,2.718431101732002e+23,0.0,0.0,0.0,0.0,77,-107615352.0,-0.0,0.0,0.0,0.0,0.0,0.0,0.0,0.0,0,0,0,0.0,0.0,0.0,0.0,0.0,0.0,0.0,0.0,0.0,0.0,0.0,0.0,0.0,0.0,0.0,0.0,0,-107875648.0,77,0.0,154,0.0,-101056864.0,ERR,ERR,ERR,ERR,ERR,ERR,ERR,ERR,ERR,ERR,ERR,ERR,ERR,ERR,ERR,ERR,ERR,ERR,ERR,ERR,ERR,ERR,ERR,ERR,ERR,ERR,ERR,ERR,ERR,ERR,ERR,ERR,ERR,ERR,ERR,ERR,ERR,ERR,ERR,ERR,ERR,ERR,ERR,ERR,ERR,ERR,ERR,ERR,ERR,ERR,ERR,ERR,ERR,ERR,ERR,ERR,ERR,ERR,ERR,ERR,ERR,ERR,ERR,ERR,ERR,ERR,ERR,34.0,80.0,35,0.0,0.0,0.0,0.0,0.0,0.0,0.0,0.0,0.0,0.0,0.0,0.0,0.0,0.0,0.0,0.0,65.6,0,120,58,53,65476,0,300,0,0,8,20529,65476,0,0,57672,80.0,0.0,0.0,0.0,0.0,0.0
2026-06-18T02:48:19,ERR,ERR,ERR,ERR,ERR,ERR,ERR,ERR,ERR,ERR,ERR,ERR,ERR,ERR,ERR,ERR,ERR,ERR,ERR,ERR,ERR,ERR,ERR,ERR,ERR,ERR,ERR,ERR,ERR,ERR,ERR,ERR,ERR,ERR,ERR,ERR,ERR,ERR,ERR,ERR,ERR,ERR,ERR,ERR,ERR,ERR,ERR,ERR,ERR,ERR,ERR,ERR,ERR,ERR,ERR,ERR,ERR,ERR,ERR,ERR,ERR,ERR,ERR,ERR,ERR,ERR,ERR,ERR,ERR,ERR,ERR,ERR,ERR,ERR,ERR,ERR,ERR,ERR,ERR,ERR,ERR,ERR,ERR,ERR,ERR,ERR,ERR,ERR,ERR,ERR,ERR,ERR,ERR,ERR,ERR,ERR,ERR,ERR,ERR,ERR,ERR,ERR,ERR,ERR,ERR,ERR,ERR,ERR,ERR,ERR,ERR,ERR,ERR,ERR,ERR,ERR,ERR,ERR,ERR,ERR,ERR,ERR,ERR,ERR,ERR,0.0,0.0,-0.0,0.0,nan,1.3936040501711995e+18,7.805,118629576.0,0,0,4,48956,6720,14723890282496.0,100,0.0,0.0,0.0,0.0,0.0,0,0,0,0,0.0,0,0,0,0,0,0,0,0,0,0,0,0,0,0,0,0,0,0,0,0,0,0,0,0,0,0,0,0,0,0,0,0,0,26,51,50,76,65476,0,300,0,0,8,21553,0.0,-107605600.0,0.0,0.0,0.0,0.0,0.0,0.0,0.0,0.0,0.0,0.0,0.0,0.0,0.0,0.0,0.0,0.0,0.0,0.0,0.0,0.0,-0.0,0.0,-0.0,-0.0,0.0,0.0,0.0,0.0,4822.0,-0.0,7248.0,0.0,0.0,2.7184303811560617e+23,2.718431101732002e+23,0.0,0.0,0.0,0.0,77,-107615352.0,-0.0,0.0,0.0,0.0,0.0,0.0,0.0,0.0,0,0,0,0.0,0.0,0.0,0.0,0.0,0.0,0.0,0.0,0.0,0.0,0.0,0.0,0.0,0.0,0.0,0.0,0,-107875648.0,77,0.0,154,0.0,-101056864.0,ERR,ERR,ERR,ERR,ERR,ERR,ERR,ERR,ERR,ERR,ERR,ERR,ERR,ERR,ERR,ERR,ERR,ERR,ERR,ERR,ERR,ERR,ERR,ERR,ERR,ERR,ERR,ERR,ERR,ERR,ERR,ERR,ERR,ERR,ERR,ERR,ERR,ERR,ERR,ERR,ERR,ERR,ERR,ERR,ERR,ERR,ERR,ERR,ERR,ERR,ERR,ERR,ERR,ERR,ERR,ERR,ERR,ERR,ERR,ERR,ERR,ERR,ERR,ERR,ERR,ERR,ERR,34.0,80.0,35,0.0,0.0,0.0,0.0,0.0,0.0,0.0,0.0,0.0,0.0,0.0,0.0,0.0,0.0,0.0,0.0,66.4,0,120,58,53,65476,0,300,0,0,8,20529,65476,0,0,57672,80.0,0.0,0.0,0.0,0.0,0.0
2026-06-18T02:48:20,ERR,ERR,ERR,ERR,ERR,ERR,ERR,ERR,ERR,ERR,ERR,ERR,ERR,ERR,ERR,ERR,ERR,ERR,ERR,ERR,ERR,ERR,ERR,ERR,ERR,ERR,ERR,ERR,ERR,ERR,ERR,ERR,ERR,ERR,ERR,ERR,ERR,ERR,ERR,ERR,ERR,ERR,ERR,ERR,ERR,ERR,ERR,ERR,ERR,ERR,ERR,ERR,ERR,ERR,ERR,ERR,ERR,ERR,ERR,ERR,ERR,ERR,ERR,ERR,ERR,ERR,ERR,ERR,ERR,ERR,ERR,ERR,ERR,ERR,ERR,ERR,ERR,ERR,ERR,ERR,ERR,ERR,ERR,ERR,ERR,ERR,ERR,ERR,ERR,ERR,ERR,ERR,ERR,ERR,ERR,ERR,ERR,ERR,ERR,ERR,ERR,ERR,ERR,ERR,ERR,ERR,ERR,ERR,ERR,ERR,ERR,ERR,ERR,ERR,ERR,ERR,ERR,ERR,ERR,ERR,ERR,ERR,ERR,ERR,ERR,0.0,0.0,-0.0,0.0,nan,1.3936040501711995e+18,7.805,118629576.0,0,0,4,48956,6720,14723890282496.0,100,0.0,0.0,0.0,0.0,0.0,0,0,0,0,0.0,0,0,0,0,0,0,0,0,0,0,0,0,0,0,0,0,0,0,0,0,0,0,0,0,0,0,0,0,0,0,0,0,0,26,51,50,76,65476,0,300,0,0,8,21553,0.0,-107605600.0,0.0,0.0,0.0,0.0,0.0,0.0,0.0,0.0,0.0,0.0,0.0,0.0,0.0,0.0,0.0,0.0,0.0,0.0,0.0,0.0,-0.0,0.0,-0.0,-0.0,0.0,0.0,0.0,0.0,4822.0,-0.0,7248.0,0.0,0.0,2.7184303811560617e+23,2.718431101732002e+23,0.0,0.0,0.0,0.0,77,-107615352.0,-0.0,0.0,0.0,0.0,0.0,0.0,0.0,0.0,0,0,0,0.0,0.0,0.0,0.0,0.0,0.0,0.0,0.0,0.0,0.0,0.0,0.0,0.0,0.0,0.0,0.0,0,-107875648.0,77,0.0,154,0.0,-101056864.0,ERR,ERR,ERR,ERR,ERR,ERR,ERR,ERR,ERR,ERR,ERR,ERR,ERR,ERR,ERR,ERR,ERR,ERR,ERR,ERR,ERR,ERR,ERR,ERR,ERR,ERR,ERR,ERR,ERR,ERR,ERR,ERR,ERR,ERR,ERR,ERR,ERR,ERR,ERR,ERR,ERR,ERR,ERR,ERR,ERR,ERR,ERR,ERR,ERR,ERR,ERR,ERR,ERR,ERR,ERR,ERR,ERR,ERR,ERR,ERR,ERR,ERR,ERR,ERR,ERR,ERR,ERR,34.0,80.0,35,0.0,0.0,0.0,0.0,0.0,0.0,0.0,0.0,0.0,0.0,0.0,0.0,0.0,0.0,0.0,0.0,66.4,0,120,58,53,65476,0,300,0,0,8,20529,65476,0,0,57672,80.0,0.0,0.0,0.0,0.0,0.0
2026-06-18T02:48:21,ERR,ERR,ERR,ERR,ERR,ERR,ERR,ERR,ERR,ERR,ERR,ERR,ERR,ERR,ERR,ERR,ERR,ERR,ERR,ERR,ERR,ERR,ERR,ERR,ERR,ERR,ERR,ERR,ERR,ERR,ERR,ERR,ERR,ERR,ERR,ERR,ERR,ERR,ERR,ERR,ERR,ERR,ERR,ERR,ERR,ERR,ERR,ERR,ERR,ERR,ERR,ERR,ERR,ERR,ERR,ERR,ERR,ERR,ERR,ERR,ERR,ERR,ERR,ERR,ERR,ERR,ERR,ERR,ERR,ERR,ERR,ERR,ERR,ERR,ERR,ERR,ERR,ERR,ERR,ERR,ERR,ERR,ERR,ERR,ERR,ERR,ERR,ERR,ERR,ERR,ERR,ERR,ERR,ERR,ERR,ERR,ERR,ERR,ERR,ERR,ERR,ERR,ERR,ERR,ERR,ERR,ERR,ERR,ERR,ERR,ERR,ERR,ERR,ERR,ERR,ERR,ERR,ERR,ERR,ERR,ERR,ERR,ERR,ERR,ERR,0.0,0.0,-0.0,0.0,nan,1.3936040501711995e+18,7.805,118629576.0,0,0,4,48956,6720,14723890282496.0,100,0.0,0.0,0.0,0.0,0.0,0,0,0,0,0.0,0,0,0,0,0,0,0,0,0,0,0,0,0,0,0,0,0,0,0,0,0,0,0,0,0,0,0,0,0,0,0,0,0,26,51,50,76,65476,0,300,0,0,8,21553,0.0,-107605600.0,0.0,0.0,0.0,0.0,0.0,0.0,0.0,0.0,0.0,0.0,0.0,0.0,0.0,0.0,0.0,0.0,0.0,0.0,0.0,0.0,-0.0,0.0,-0.0,-0.0,0.0,0.0,0.0,0.0,4822.0,-0.0,7248.0,0.0,0.0,2.7184303811560617e+23,2.718431101732002e+23,0.0,0.0,0.0,0.0,77,-107615352.0,-0.0,0.0,0.0,0.0,0.0,0.0,0.0,0.0,0,0,0,0.0,0.0,0.0,0.0,0.0,0.0,0.0,0.0,0.0,0.0,0.0,0.0,0.0,0.0,0.0,0.0,0,-107875648.0,77,0.0,154,0.0,-101056864.0,ERR,ERR,ERR,ERR,ERR,ERR,ERR,ERR,ERR,ERR,ERR,ERR,ERR,ERR,ERR,ERR,ERR,ERR,ERR,ERR,ERR,ERR,ERR,ERR,ERR,ERR,ERR,ERR,ERR,ERR,ERR,ERR,ERR,ERR,ERR,ERR,ERR,ERR,ERR,ERR,ERR,ERR,ERR,ERR,ERR,ERR,ERR,ERR,ERR,ERR,ERR,ERR,ERR,ERR,ERR,ERR,ERR,ERR,ERR,ERR,ERR,ERR,ERR,ERR,ERR,ERR,ERR,34.0,80.0,35,0.0,0.0,0.0,0.0,0.0,0.0,0.0,0.0,0.0,0.0,0.0,0.0,0.0,0.0,0.0,0.0,65.6,0,120,58,53,65476,0,300,0,0,8,20529,65476,0,0,57672,80.0,0.0,0.0,0.0,0.0,0.0
2026-06-18T02:48:22,ERR,ERR,ERR,ERR,ERR,ERR,ERR,ERR,ERR,ERR,ERR,ERR,ERR,ERR,ERR,ERR,ERR,ERR,ERR,ERR,ERR,ERR,ERR,ERR,ERR,ERR,ERR,ERR,ERR,ERR,ERR,ERR,ERR,ERR,ERR,ERR,ERR,ERR,ERR,ERR,ERR,ERR,ERR,ERR,ERR,ERR,ERR,ERR,ERR,ERR,ERR,ERR,ERR,ERR,ERR,ERR,ERR,ERR,ERR,ERR,ERR,ERR,ERR,ERR,ERR,ERR,ERR,ERR,ERR,ERR,ERR,ERR,ERR,ERR,ERR,ERR,ERR,ERR,ERR,ERR,ERR,ERR,ERR,ERR,ERR,ERR,ERR,ERR,ERR,ERR,ERR,ERR,ERR,ERR,ERR,ERR,ERR,ERR,ERR,ERR,ERR,ERR,ERR,ERR,ERR,ERR,ERR,ERR,ERR,ERR,ERR,ERR,ERR,ERR,ERR,ERR,ERR,ERR,ERR,ERR,ERR,ERR,ERR,ERR,ERR,0.0,0.0,-0.0,0.0,nan,1.3936040501711995e+18,7.805,118629576.0,0,0,4,48956,6720,14723890282496.0,100,0.0,0.0,0.0,0.0,0.0,0,0,0,0,0.0,0,0,0,0,0,0,0,0,0,0,0,0,0,0,0,0,0,0,0,0,0,0,0,0,0,0,0,0,0,0,0,0,0,26,51,50,76,65476,0,300,0,0,8,21553,0.0,-107605600.0,0.0,0.0,0.0,0.0,0.0,0.0,0.0,0.0,0.0,0.0,0.0,0.0,0.0,0.0,0.0,0.0,0.0,0.0,0.0,0.0,-0.0,0.0,-0.0,-0.0,0.0,0.0,0.0,0.0,4822.0,-0.0,7248.0,0.0,0.0,2.7184303811560617e+23,2.718431101732002e+23,0.0,0.0,0.0,0.0,77,-107615352.0,-0.0,0.0,0.0,0.0,0.0,0.0,0.0,0.0,0,0,0,0.0,0.0,0.0,0.0,0.0,0.0,0.0,0.0,0.0,0.0,0.0,0.0,0.0,0.0,0.0,0.0,0,-107875648.0,77,0.0,154,0.0,-101056864.0,ERR,ERR,ERR,ERR,ERR,ERR,ERR,ERR,ERR,ERR,ERR,ERR,ERR,ERR,ERR,ERR,ERR,ERR,ERR,ERR,ERR,ERR,ERR,ERR,ERR,ERR,ERR,ERR,ERR,ERR,ERR,ERR,ERR,ERR,ERR,ERR,ERR,ERR,ERR,ERR,ERR,ERR,ERR,ERR,ERR,ERR,ERR,ERR,ERR,ERR,ERR,ERR,ERR,ERR,ERR,ERR,ERR,ERR,ERR,ERR,ERR,ERR,ERR,ERR,ERR,ERR,ERR,34.0,80.0,35,0.0,0.0,0.0,0.0,0.0,0.0,0.0,0.0,0.0,0.0,0.0,0.0,0.0,0.0,0.0,0.0,65.6,0,120,58,53,65476,0,300,0,0,8,20529,65476,0,0,57672,80.0,0.0,0.0,0.0,0.0,0.0
2026-06-18T02:48:23,ERR,ERR,ERR,ERR,ERR,ERR,ERR,ERR,ERR,ERR,ERR,ERR,ERR,ERR,ERR,ERR,ERR,ERR,ERR,ERR,ERR,ERR,ERR,ERR,ERR,ERR,ERR,ERR,ERR,ERR,ERR,ERR,ERR,ERR,ERR,ERR,ERR,ERR,ERR,ERR,ERR,ERR,ERR,ERR,ERR,ERR,ERR,ERR,ERR,ERR,ERR,ERR,ERR,ERR,ERR,ERR,ERR,ERR,ERR,ERR,ERR,ERR,ERR,ERR,ERR,ERR,ERR,ERR,ERR,ERR,ERR,ERR,ERR,ERR,ERR,ERR,ERR,ERR,ERR,ERR,ERR,ERR,ERR,ERR,ERR,ERR,ERR,ERR,ERR,ERR,ERR,ERR,ERR,ERR,ERR,ERR,ERR,ERR,ERR,ERR,ERR,ERR,ERR,ERR,ERR,ERR,ERR,ERR,ERR,ERR,ERR,ERR,ERR,ERR,ERR,ERR,ERR,ERR,ERR,ERR,ERR,ERR,ERR,ERR,ERR,0.0,0.0,-0.0,-152005385388032.0,nan,1.3936040501711995e+18,7.805,-1161942663168.0,0,0,4,48950,6720,14723890282496.0,100,0.0,0.0,0.0,-0.0,0.0,0,0,0,0,0.0,0,0,0,0,0,0,0,0,0,0,0,0,0,0,0,0,0,0,0,0,0,0,0,0,0,0,0,0,0,0,0,0,0,26,51,50,76,65476,0,300,0,0,8,21553,0.0,-107605600.0,0.0,0.0,0.0,0.0,0.0,0.0,0.0,0.0,0.0,0.0,0.0,0.0,0.0,0.0,0.0,0.0,0.0,0.0,0.0,0.0,-0.0,0.0,-0.0,-0.0,0.0,0.0,0.0,0.0,4821.0,2.422986175150025e+24,7245.0,0.0,-107615384.0,2.7184303811560617e+23,2.718431101732002e+23,0.0,0.0,0.0,0.0,77,-89221.117,-0.0,0.0,0.0,0.0,0.0,0.0,0.0,0.0,0,0,0,0.0,0.0,0.0,0.0,0.0,0.0,0.0,0.0,0.0,0.0,0.0,0.0,0.0,0.0,0.0,0.0,0,-107875648.0,77,0.0,154,0.0,-101056864.0,ERR,ERR,ERR,ERR,ERR,ERR,ERR,ERR,ERR,ERR,ERR,ERR,ERR,ERR,ERR,ERR,ERR,ERR,ERR,ERR,ERR,ERR,ERR,ERR,ERR,ERR,ERR,ERR,ERR,ERR,ERR,ERR,ERR,ERR,ERR,ERR,ERR,ERR,ERR,ERR,ERR,ERR,ERR,ERR,ERR,ERR,ERR,ERR,ERR,ERR,ERR,ERR,ERR,ERR,ERR,ERR,ERR,ERR,ERR,ERR,ERR,ERR,ERR,ERR,ERR,ERR,ERR,34.0,80.0,35,0.0,0.0,0.0,0.0,0.0,0.0,0.0,0.0,0.0,0.0,0.0,0.0,0.0,0.0,0.0,0.0,65.6,0,120,58,53,65476,0,300,0,0,8,20529,65476,0,0,57672,80.0,0.0,0.0,0.0,0.0,0.0
2026-06-18T02:48:24,ERR,ERR,ERR,ERR,ERR,ERR,ERR,ERR,ERR,ERR,ERR,ERR,ERR,ERR,ERR,ERR,ERR,ERR,ERR,ERR,ERR,ERR,ERR,ERR,ERR,ERR,ERR,ERR,ERR,ERR,ERR,ERR,ERR,ERR,ERR,ERR,ERR,ERR,ERR,ERR,ERR,ERR,ERR,ERR,ERR,ERR,ERR,ERR,ERR,ERR,ERR,ERR,ERR,ERR,ERR,ERR,ERR,ERR,ERR,ERR,ERR,ERR,ERR,ERR,ERR,ERR,ERR,ERR,ERR,ERR,ERR,ERR,ERR,ERR,ERR,ERR,ERR,ERR,ERR,ERR,ERR,ERR,ERR,ERR,ERR,ERR,ERR,ERR,ERR,ERR,ERR,ERR,ERR,ERR,ERR,ERR,ERR,ERR,ERR,ERR,ERR,ERR,ERR,ERR,ERR,ERR,ERR,ERR,ERR,ERR,ERR,ERR,ERR,ERR,ERR,ERR,ERR,ERR,ERR,ERR,ERR,ERR,ERR,ERR,ERR,0.0,0.0,-0.0,-152005385388032.0,nan,1.3936040501711995e+18,7.805,-1161942663168.0,0,0,4,48950,6720,14723890282496.0,100,0.0,0.0,0.0,-0.0,0.0,0,0,0,0,0.0,0,0,0,0,0,0,0,0,0,0,0,0,0,0,0,0,0,0,0,0,0,0,0,0,0,0,0,0,0,0,0,0,0,26,51,50,76,65476,0,300,0,0,8,21553,0.0,-107605600.0,0.0,0.0,0.0,0.0,0.0,0.0,0.0,0.0,0.0,0.0,0.0,0.0,0.0,0.0,0.0,0.0,0.0,0.0,0.0,0.0,-0.0,0.0,-0.0,-0.0,0.0,0.0,0.0,0.0,4821.0,2.422986175150025e+24,7245.0,0.0,-107615384.0,2.7184303811560617e+23,2.718431101732002e+23,0.0,0.0,0.0,0.0,77,-89221.117,-0.0,0.0,0.0,0.0,0.0,0.0,0.0,0.0,0,0,0,0.0,0.0,0.0,0.0,0.0,0.0,0.0,0.0,0.0,0.0,0.0,0.0,0.0,0.0,0.0,0.0,0,-107875648.0,77,0.0,154,0.0,-101056864.0,ERR,ERR,ERR,ERR,ERR,ERR,ERR,ERR,ERR,ERR,ERR,ERR,ERR,ERR,ERR,ERR,ERR,ERR,ERR,ERR,ERR,ERR,ERR,ERR,ERR,ERR,ERR,ERR,ERR,ERR,ERR,ERR,ERR,ERR,ERR,ERR,ERR,ERR,ERR,ERR,ERR,ERR,ERR,ERR,ERR,ERR,ERR,ERR,ERR,ERR,ERR,ERR,ERR,ERR,ERR,ERR,ERR,ERR,ERR,ERR,ERR,ERR,ERR,ERR,ERR,ERR,ERR,34.0,80.0,35,0.0,0.0,0.0,0.0,0.0,0.0,0.0,0.0,0.0,0.0,0.0,0.0,0.0,0.0,0.0,0.0,65.6,0,120,58,53,65476,0,300,0,0,8,20529,65476,0,0,57672,80.0,0.0,0.0,0.0,0.0,0.0
2026-06-18T02:48:25,ERR,ERR,ERR,ERR,ERR,ERR,ERR,ERR,ERR,ERR,ERR,ERR,ERR,ERR,ERR,ERR,ERR,ERR,ERR,ERR,ERR,ERR,ERR,ERR,ERR,ERR,ERR,ERR,ERR,ERR,ERR,ERR,ERR,ERR,ERR,ERR,ERR,ERR,ERR,ERR,ERR,ERR,ERR,ERR,ERR,ERR,ERR,ERR,ERR,ERR,ERR,ERR,ERR,ERR,ERR,ERR,ERR,ERR,ERR,ERR,ERR,ERR,ERR,ERR,ERR,ERR,ERR,ERR,ERR,ERR,ERR,ERR,ERR,ERR,ERR,ERR,ERR,ERR,ERR,ERR,ERR,ERR,ERR,ERR,ERR,ERR,ERR,ERR,ERR,ERR,ERR,ERR,ERR,ERR,ERR,ERR,ERR,ERR,ERR,ERR,ERR,ERR,ERR,ERR,ERR,ERR,ERR,ERR,ERR,ERR,ERR,ERR,ERR,ERR,ERR,ERR,ERR,ERR,ERR,ERR,ERR,ERR,ERR,ERR,ERR,0.0,0.0,-0.0,-152005385388032.0,nan,1.3936040501711995e+18,7.805,-1161942663168.0,0,0,4,48950,6720,14723890282496.0,100,0.0,0.0,0.0,-0.0,0.0,0,0,0,0,0.0,0,0,0,0,0,0,0,0,0,0,0,0,0,0,0,0,0,0,0,0,0,0,0,0,0,0,0,0,0,0,0,0,0,26,51,50,76,65476,0,300,0,0,8,21553,0.0,-107605600.0,0.0,0.0,0.0,0.0,0.0,0.0,0.0,0.0,0.0,0.0,0.0,0.0,0.0,0.0,0.0,0.0,0.0,0.0,0.0,0.0,-0.0,0.0,-0.0,-0.0,0.0,0.0,0.0,0.0,4821.0,2.422986175150025e+24,7245.0,0.0,-107615384.0,2.7184303811560617e+23,2.718431101732002e+23,0.0,0.0,0.0,0.0,77,-89221.117,-0.0,0.0,0.0,0.0,0.0,0.0,0.0,0.0,0,0,0,0.0,0.0,0.0,0.0,0.0,0.0,0.0,0.0,0.0,0.0,0.0,0.0,0.0,0.0,0.0,0.0,0,-107875648.0,77,0.0,154,0.0,-101056864.0,ERR,ERR,ERR,ERR,ERR,ERR,ERR,ERR,ERR,ERR,ERR,ERR,ERR,ERR,ERR,ERR,ERR,ERR,ERR,ERR,ERR,ERR,ERR,ERR,ERR,ERR,ERR,ERR,ERR,ERR,ERR,ERR,ERR,ERR,ERR,ERR,ERR,ERR,ERR,ERR,ERR,ERR,ERR,ERR,ERR,ERR,ERR,ERR,ERR,ERR,ERR,ERR,ERR,ERR,ERR,ERR,ERR,ERR,ERR,ERR,ERR,ERR,ERR,ERR,ERR,ERR,ERR,34.0,80.0,35,0.0,0.0,0.0,0.0,0.0,0.0,0.0,0.0,0.0,0.0,0.0,0.0,0.0,0.0,0.0,0.0,65.6,0,120,58,53,65476,0,300,0,0,8,20529,65476,0,0,57672,80.0,0.0,0.0,0.0,0.0,0.0
2026-06-18T02:48:26,ERR,ERR,ERR,ERR,ERR,ERR,ERR,ERR,ERR,ERR,ERR,ERR,ERR,ERR,ERR,ERR,ERR,ERR,ERR,ERR,ERR,ERR,ERR,ERR,ERR,ERR,ERR,ERR,ERR,ERR,ERR,ERR,ERR,ERR,ERR,ERR,ERR,ERR,ERR,ERR,ERR,ERR,ERR,ERR,ERR,ERR,ERR,ERR,ERR,ERR,ERR,ERR,ERR,ERR,ERR,ERR,ERR,ERR,ERR,ERR,ERR,ERR,ERR,ERR,ERR,ERR,ERR,ERR,ERR,ERR,ERR,ERR,ERR,ERR,ERR,ERR,ERR,ERR,ERR,ERR,ERR,ERR,ERR,ERR,ERR,ERR,ERR,ERR,ERR,ERR,ERR,ERR,ERR,ERR,ERR,ERR,ERR,ERR,ERR,ERR,ERR,ERR,ERR,ERR,ERR,ERR,ERR,ERR,ERR,ERR,ERR,ERR,ERR,ERR,ERR,ERR,ERR,ERR,ERR,ERR,ERR,ERR,ERR,ERR,ERR,0.0,0.0,-0.0,-152005385388032.0,nan,1.3936040501711995e+18,7.805,-1161942663168.0,0,0,4,48950,6720,14723890282496.0,100,0.0,0.0,0.0,-0.0,0.0,0,0,0,0,0.0,0,0,0,0,0,0,0,0,0,0,0,0,0,0,0,0,0,0,0,0,0,0,0,0,0,0,0,0,0,0,0,0,0,26,51,50,76,65476,0,300,0,0,8,21553,0.0,-107605600.0,0.0,0.0,0.0,0.0,0.0,0.0,0.0,0.0,0.0,0.0,0.0,0.0,0.0,0.0,0.0,0.0,0.0,0.0,0.0,0.0,-0.0,0.0,-0.0,-0.0,0.0,0.0,0.0,0.0,4821.0,2.422986175150025e+24,7245.0,0.0,-107615384.0,2.7184303811560617e+23,2.718431101732002e+23,0.0,0.0,0.0,0.0,77,-89221.117,-0.0,0.0,0.0,0.0,0.0,0.0,0.0,0.0,0,0,0,0.0,0.0,0.0,0.0,0.0,0.0,0.0,0.0,0.0,0.0,0.0,0.0,0.0,0.0,0.0,0.0,0,-107875648.0,77,0.0,154,0.0,-101056864.0,ERR,ERR,ERR,ERR,ERR,ERR,ERR,ERR,ERR,ERR,ERR,ERR,ERR,ERR,ERR,ERR,ERR,ERR,ERR,ERR,ERR,ERR,ERR,ERR,ERR,ERR,ERR,ERR,ERR,ERR,ERR,ERR,ERR,ERR,ERR,ERR,ERR,ERR,ERR,ERR,ERR,ERR,ERR,ERR,ERR,ERR,ERR,ERR,ERR,ERR,ERR,ERR,ERR,ERR,ERR,ERR,ERR,ERR,ERR,ERR,ERR,ERR,ERR,ERR,ERR,ERR,ERR,34.0,80.0,35,0.0,0.0,0.0,0.0,0.0,0.0,0.0,0.0,0.0,0.0,0.0,0.0,0.0,0.0,0.0,0.0,65.6,0,120,58,53,65476,0,300,0,0,8,20529,65476,0,0,57672,80.0,0.0,0.0,0.0,0.0,0.0
2026-06-18T02:48:27,ERR,ERR,ERR,ERR,ERR,ERR,ERR,ERR,ERR,ERR,ERR,ERR,ERR,ERR,ERR,ERR,ERR,ERR,ERR,ERR,ERR,ERR,ERR,ERR,ERR,ERR,ERR,ERR,ERR,ERR,ERR,ERR,ERR,ERR,ERR,ERR,ERR,ERR,ERR,ERR,ERR,ERR,ERR,ERR,ERR,ERR,ERR,ERR,ERR,ERR,ERR,ERR,ERR,ERR,ERR,ERR,ERR,ERR,ERR,ERR,ERR,ERR,ERR,ERR,ERR,ERR,ERR,ERR,ERR,ERR,ERR,ERR,ERR,ERR,ERR,ERR,ERR,ERR,ERR,ERR,ERR,ERR,ERR,ERR,ERR,ERR,ERR,ERR,ERR,ERR,ERR,ERR,ERR,ERR,ERR,ERR,ERR,ERR,ERR,ERR,ERR,ERR,ERR,ERR,ERR,ERR,ERR,ERR,ERR,ERR,ERR,ERR,ERR,ERR,ERR,ERR,ERR,ERR,ERR,ERR,ERR,ERR,ERR,ERR,ERR,0.0,0.0,-0.0,-152005385388032.0,nan,1.3936040501711995e+18,7.805,-1161942663168.0,0,0,4,48950,6720,14723890282496.0,100,0.0,0.0,0.0,-0.0,0.0,0,0,0,0,0.0,0,0,0,0,0,0,0,0,0,0,0,0,0,0,0,0,0,0,0,0,0,0,0,0,0,0,0,0,0,0,0,0,0,26,51,50,76,65476,0,300,0,0,8,21553,0.0,-107605600.0,0.0,0.0,0.0,0.0,0.0,0.0,0.0,0.0,0.0,0.0,0.0,0.0,0.0,0.0,0.0,0.0,0.0,0.0,0.0,0.0,-0.0,0.0,-0.0,-0.0,0.0,0.0,0.0,0.0,4821.0,2.422986175150025e+24,7245.0,0.0,-107615384.0,2.7184303811560617e+23,2.718431101732002e+23,0.0,0.0,0.0,0.0,77,-89221.117,-0.0,0.0,0.0,0.0,0.0,0.0,0.0,0.0,0,0,0,0.0,0.0,0.0,0.0,0.0,0.0,0.0,0.0,0.0,0.0,0.0,0.0,0.0,0.0,0.0,0.0,0,-107875648.0,77,0.0,154,0.0,-101056864.0,ERR,ERR,ERR,ERR,ERR,ERR,ERR,ERR,ERR,ERR,ERR,ERR,ERR,ERR,ERR,ERR,ERR,ERR,ERR,ERR,ERR,ERR,ERR,ERR,ERR,ERR,ERR,ERR,ERR,ERR,ERR,ERR,ERR,ERR,ERR,ERR,ERR,ERR,ERR,ERR,ERR,ERR,ERR,ERR,ERR,ERR,ERR,ERR,ERR,ERR,ERR,ERR,ERR,ERR,ERR,ERR,ERR,ERR,ERR,ERR,ERR,ERR,ERR,ERR,ERR,ERR,ERR,34.0,80.0,35,0.0,0.0,0.0,0.0,0.0,0.0,0.0,0.0,0.0,0.0,0.0,0.0,0.0,0.0,0.0,0.0,65.6,0,120,58,53,65476,0,300,0,0,8,20529,65476,0,0,57672,80.0,0.0,0.0,0.0,0.0,0.0
2026-06-18T02:48:28,ERR,ERR,ERR,ERR,ERR,ERR,ERR,ERR,ERR,ERR,ERR,ERR,ERR,ERR,ERR,ERR,ERR,ERR,ERR,ERR,ERR,ERR,ERR,ERR,ERR,ERR,ERR,ERR,ERR,ERR,ERR,ERR,ERR,ERR,ERR,ERR,ERR,ERR,ERR,ERR,ERR,ERR,ERR,ERR,ERR,ERR,ERR,ERR,ERR,ERR,ERR,ERR,ERR,ERR,ERR,ERR,ERR,ERR,ERR,ERR,ERR,ERR,ERR,ERR,ERR,ERR,ERR,ERR,ERR,ERR,ERR,ERR,ERR,ERR,ERR,ERR,ERR,ERR,ERR,ERR,ERR,ERR,ERR,ERR,ERR,ERR,ERR,ERR,ERR,ERR,ERR,ERR,ERR,ERR,ERR,ERR,ERR,ERR,ERR,ERR,ERR,ERR,ERR,ERR,ERR,ERR,ERR,ERR,ERR,ERR,ERR,ERR,ERR,ERR,ERR,ERR,ERR,ERR,ERR,ERR,ERR,ERR,ERR,ERR,ERR,0.0,0.0,-0.0,0.059,nan,1.3936040501711995e+18,7.805,0.0,0,0,4,48926,6720,14723890282496.0,100,0.0,0.0,0.0,-4.9501291711397626e+32,0.0,0,0,0,0,0.0,0,0,0,0,0,0,0,0,0,0,0,0,0,0,0,0,0,0,0,0,0,0,0,0,0,0,0,0,0,0,0,0,0,26,51,50,76,65476,0,300,0,0,8,21553,0.0,-107605600.0,0.0,0.0,0.0,0.0,0.0,0.0,0.0,0.0,0.0,0.0,0.0,0.0,0.0,0.0,0.0,0.0,0.0,0.0,0.0,0.0,-0.0,-2.004,-0.0,-0.0,0.0,0.0,0.0,0.0,4823.0,3.697183494796791e+19,7244.0,0.0,-107615384.0,2.7184303811560617e+23,2.718431101732002e+23,0.0,0.0,0.0,0.0,77,-126841118720.0,2.718415969637254e+23,0.0,0.0,0.0,0.0,0.0,0.0,0.0,0,0,0,0.0,0.0,0.0,0.0,0.0,0.0,0.0,0.0,0.0,0.0,0.0,0.0,0.0,0.0,0.0,0.0,0,-107875648.0,77,0.0,154,0.0,-101056864.0,ERR,ERR,ERR,ERR,ERR,ERR,ERR,ERR,ERR,ERR,ERR,ERR,ERR,ERR,ERR,ERR,ERR,ERR,ERR,ERR,ERR,ERR,ERR,ERR,ERR,ERR,ERR,ERR,ERR,ERR,ERR,ERR,ERR,ERR,ERR,ERR,ERR,ERR,ERR,ERR,ERR,ERR,ERR,ERR,ERR,ERR,ERR,ERR,ERR,ERR,ERR,ERR,ERR,ERR,ERR,ERR,ERR,ERR,ERR,ERR,ERR,ERR,ERR,ERR,ERR,ERR,ERR,34.0,80.0,35,0.0,0.0,0.0,0.0,0.0,0.0,0.0,0.0,0.0,0.0,0.0,0.0,0.0,0.0,0.0,0.0,65.6,0,120,58,53,65476,0,300,0,0,8,20529,65476,0,0,57672,80.0,0.0,0.0,0.0,0.0,0.0
2026-06-18T02:48:29,ERR,ERR,ERR,ERR,ERR,ERR,ERR,ERR,ERR,ERR,ERR,ERR,ERR,ERR,ERR,ERR,ERR,ERR,ERR,ERR,ERR,ERR,ERR,ERR,ERR,ERR,ERR,ERR,ERR,ERR,ERR,ERR,ERR,ERR,ERR,ERR,ERR,ERR,ERR,ERR,ERR,ERR,ERR,ERR,ERR,ERR,ERR,ERR,ERR,ERR,ERR,ERR,ERR,ERR,ERR,ERR,ERR,ERR,ERR,ERR,ERR,ERR,ERR,ERR,ERR,ERR,ERR,ERR,ERR,ERR,ERR,ERR,ERR,ERR,ERR,ERR,ERR,ERR,ERR,ERR,ERR,ERR,ERR,ERR,ERR,ERR,ERR,ERR,ERR,ERR,ERR,ERR,ERR,ERR,ERR,ERR,ERR,ERR,ERR,ERR,ERR,ERR,ERR,ERR,ERR,ERR,ERR,ERR,ERR,ERR,ERR,ERR,ERR,ERR,ERR,ERR,ERR,ERR,ERR,ERR,ERR,ERR,ERR,ERR,ERR,0.0,0.0,-0.0,0.059,nan,1.3936040501711995e+18,7.805,0.0,0,0,4,48926,6720,14723890282496.0,100,0.0,0.0,0.0,-4.9501291711397626e+32,0.0,0,0,0,0,0.0,0,0,0,0,0,0,0,0,0,0,0,0,0,0,0,0,0,0,0,0,0,0,0,0,0,0,0,0,0,0,0,0,0,26,51,50,76,65476,0,300,0,0,8,21553,0.0,-107605600.0,0.0,0.0,0.0,0.0,0.0,0.0,0.0,0.0,0.0,0.0,0.0,0.0,0.0,0.0,0.0,0.0,0.0,0.0,0.0,0.0,-0.0,-2.004,-0.0,-0.0,0.0,0.0,0.0,0.0,4823.0,3.697183494796791e+19,7244.0,0.0,-107615384.0,2.7184303811560617e+23,2.718431101732002e+23,0.0,0.0,0.0,0.0,77,-126841118720.0,2.718415969637254e+23,0.0,0.0,0.0,0.0,0.0,0.0,0.0,0,0,0,0.0,0.0,0.0,0.0,0.0,0.0,0.0,0.0,0.0,0.0,0.0,0.0,0.0,0.0,0.0,0.0,0,-107875648.0,77,0.0,154,0.0,-101056864.0,ERR,ERR,ERR,ERR,ERR,ERR,ERR,ERR,ERR,ERR,ERR,ERR,ERR,ERR,ERR,ERR,ERR,ERR,ERR,ERR,ERR,ERR,ERR,ERR,ERR,ERR,ERR,ERR,ERR,ERR,ERR,ERR,ERR,ERR,ERR,ERR,ERR,ERR,ERR,ERR,ERR,ERR,ERR,ERR,ERR,ERR,ERR,ERR,ERR,ERR,ERR,ERR,ERR,ERR,ERR,ERR,ERR,ERR,ERR,ERR,ERR,ERR,ERR,ERR,ERR,ERR,ERR,34.0,80.0,35,0.0,0.0,0.0,0.0,0.0,0.0,0.0,0.0,0.0,0.0,0.0,0.0,0.0,0.0,0.0,0.0,65.6,0,120,58,53,65476,0,300,0,0,8,20529,65476,0,0,57672,80.0,0.0,0.0,0.0,0.0,0.0
2026-06-18T02:48:30,ERR,ERR,ERR,ERR,ERR,ERR,ERR,ERR,ERR,ERR,ERR,ERR,ERR,ERR,ERR,ERR,ERR,ERR,ERR,ERR,ERR,ERR,ERR,ERR,ERR,ERR,ERR,ERR,ERR,ERR,ERR,ERR,ERR,ERR,ERR,ERR,ERR,ERR,ERR,ERR,ERR,ERR,ERR,ERR,ERR,ERR,ERR,ERR,ERR,ERR,ERR,ERR,ERR,ERR,ERR,ERR,ERR,ERR,ERR,ERR,ERR,ERR,ERR,ERR,ERR,ERR,ERR,ERR,ERR,ERR,ERR,ERR,ERR,ERR,ERR,ERR,ERR,ERR,ERR,ERR,ERR,ERR,ERR,ERR,ERR,ERR,ERR,ERR,ERR,ERR,ERR,ERR,ERR,ERR,ERR,ERR,ERR,ERR,ERR,ERR,ERR,ERR,ERR,ERR,ERR,ERR,ERR,ERR,ERR,ERR,ERR,ERR,ERR,ERR,ERR,ERR,ERR,ERR,ERR,ERR,ERR,ERR,ERR,ERR,ERR,0.0,0.0,-0.0,0.059,nan,1.3936040501711995e+18,7.805,0.0,0,0,4,48926,6720,14723890282496.0,100,0.0,0.0,0.0,-4.9501291711397626e+32,0.0,0,0,0,0,0.0,0,0,0,0,0,0,0,0,0,0,0,0,0,0,0,0,0,0,0,0,0,0,0,0,0,0,0,0,0,0,0,0,0,26,51,50,76,65476,0,300,0,0,8,21553,0.0,-107605600.0,0.0,0.0,0.0,0.0,0.0,0.0,0.0,0.0,0.0,0.0,0.0,0.0,0.0,0.0,0.0,0.0,0.0,0.0,0.0,0.0,-0.0,-2.004,-0.0,-0.0,0.0,0.0,0.0,0.0,4823.0,3.697183494796791e+19,7244.0,0.0,-107615384.0,2.7184303811560617e+23,2.718431101732002e+23,0.0,0.0,0.0,0.0,77,-126841118720.0,2.718415969637254e+23,0.0,0.0,0.0,0.0,0.0,0.0,0.0,0,0,0,0.0,0.0,0.0,0.0,0.0,0.0,0.0,0.0,0.0,0.0,0.0,0.0,0.0,0.0,0.0,0.0,0,-107875648.0,77,0.0,154,0.0,-101056864.0,ERR,ERR,ERR,ERR,ERR,ERR,ERR,ERR,ERR,ERR,ERR,ERR,ERR,ERR,ERR,ERR,ERR,ERR,ERR,ERR,ERR,ERR,ERR,ERR,ERR,ERR,ERR,ERR,ERR,ERR,ERR,ERR,ERR,ERR,ERR,ERR,ERR,ERR,ERR,ERR,ERR,ERR,ERR,ERR,ERR,ERR,ERR,ERR,ERR,ERR,ERR,ERR,ERR,ERR,ERR,ERR,ERR,ERR,ERR,ERR,ERR,ERR,ERR,ERR,ERR,ERR,ERR,34.0,80.0,35,0.0,0.0,0.0,0.0,0.0,0.0,0.0,0.0,0.0,0.0,0.0,0.0,0.0,0.0,0.0,0.0,65.6,0,120,58,53,65476,0,300,0,0,8,20529,65476,0,0,57672,80.0,0.0,0.0,0.0,0.0,0.0
2026-06-18T02:48:31,ERR,ERR,ERR,ERR,ERR,ERR,ERR,ERR,ERR,ERR,ERR,ERR,ERR,ERR,ERR,ERR,ERR,ERR,ERR,ERR,ERR,ERR,ERR,ERR,ERR,ERR,ERR,ERR,ERR,ERR,ERR,ERR,ERR,ERR,ERR,ERR,ERR,ERR,ERR,ERR,ERR,ERR,ERR,ERR,ERR,ERR,ERR,ERR,ERR,ERR,ERR,ERR,ERR,ERR,ERR,ERR,ERR,ERR,ERR,ERR,ERR,ERR,ERR,ERR,ERR,ERR,ERR,ERR,ERR,ERR,ERR,ERR,ERR,ERR,ERR,ERR,ERR,ERR,ERR,ERR,ERR,ERR,ERR,ERR,ERR,ERR,ERR,ERR,ERR,ERR,ERR,ERR,ERR,ERR,ERR,ERR,ERR,ERR,ERR,ERR,ERR,ERR,ERR,ERR,ERR,ERR,ERR,ERR,ERR,ERR,ERR,ERR,ERR,ERR,ERR,ERR,ERR,ERR,ERR,ERR,ERR,ERR,ERR,ERR,ERR,0.0,0.0,-0.0,0.059,nan,1.3936040501711995e+18,7.805,0.0,0,0,4,48926,6720,14723890282496.0,100,0.0,0.0,0.0,-4.9501291711397626e+32,0.0,0,0,0,0,0.0,0,0,0,0,0,0,0,0,0,0,0,0,0,0,0,0,0,0,0,0,0,0,0,0,0,0,0,0,0,0,0,0,0,26,51,50,76,65476,0,300,0,0,8,21553,0.0,-107605600.0,0.0,0.0,0.0,0.0,0.0,0.0,0.0,0.0,0.0,0.0,0.0,0.0,0.0,0.0,0.0,0.0,0.0,0.0,0.0,0.0,-0.0,-2.004,-0.0,-0.0,0.0,0.0,0.0,0.0,4823.0,3.697183494796791e+19,7244.0,0.0,-107615384.0,2.7184303811560617e+23,2.718431101732002e+23,0.0,0.0,0.0,0.0,77,-126841118720.0,2.718415969637254e+23,0.0,0.0,0.0,0.0,0.0,0.0,0.0,0,0,0,0.0,0.0,0.0,0.0,0.0,0.0,0.0,0.0,0.0,0.0,0.0,0.0,0.0,0.0,0.0,0.0,0,-107875648.0,77,0.0,154,0.0,-101056864.0,ERR,ERR,ERR,ERR,ERR,ERR,ERR,ERR,ERR,ERR,ERR,ERR,ERR,ERR,ERR,ERR,ERR,ERR,ERR,ERR,ERR,ERR,ERR,ERR,ERR,ERR,ERR,ERR,ERR,ERR,ERR,ERR,ERR,ERR,ERR,ERR,ERR,ERR,ERR,ERR,ERR,ERR,ERR,ERR,ERR,ERR,ERR,ERR,ERR,ERR,ERR,ERR,ERR,ERR,ERR,ERR,ERR,ERR,ERR,ERR,ERR,ERR,ERR,ERR,ERR,ERR,ERR,34.0,80.0,35,0.0,0.0,0.0,0.0,0.0,0.0,0.0,0.0,0.0,0.0,0.0,0.0,0.0,0.0,0.0,0.0,65.6,0,120,58,53,65476,0,300,0,0,8,20529,65476,0,0,57672,80.0,0.0,0.0,0.0,0.0,0.0
2026-06-18T02:48:32,ERR,ERR,ERR,ERR,ERR,ERR,ERR,ERR,ERR,ERR,ERR,ERR,ERR,ERR,ERR,ERR,ERR,ERR,ERR,ERR,ERR,ERR,ERR,ERR,ERR,ERR,ERR,ERR,ERR,ERR,ERR,ERR,ERR,ERR,ERR,ERR,ERR,ERR,ERR,ERR,ERR,ERR,ERR,ERR,ERR,ERR,ERR,ERR,ERR,ERR,ERR,ERR,ERR,ERR,ERR,ERR,ERR,ERR,ERR,ERR,ERR,ERR,ERR,ERR,ERR,ERR,ERR,ERR,ERR,ERR,ERR,ERR,ERR,ERR,ERR,ERR,ERR,ERR,ERR,ERR,ERR,ERR,ERR,ERR,ERR,ERR,ERR,ERR,ERR,ERR,ERR,ERR,ERR,ERR,ERR,ERR,ERR,ERR,ERR,ERR,ERR,ERR,ERR,ERR,ERR,ERR,ERR,ERR,ERR,ERR,ERR,ERR,ERR,ERR,ERR,ERR,ERR,ERR,ERR,ERR,ERR,ERR,ERR,ERR,ERR,0.0,0.0,-0.0,0.059,nan,1.3936040501711995e+18,7.805,0.0,0,0,4,48926,6720,14723890282496.0,100,0.0,0.0,0.0,-4.9501291711397626e+32,0.0,0,0,0,0,0.0,0,0,0,0,0,0,0,0,0,0,0,0,0,0,0,0,0,0,0,0,0,0,0,0,0,0,0,0,0,0,0,0,0,26,51,50,76,65476,0,300,0,0,8,21553,0.0,-107605600.0,0.0,0.0,0.0,0.0,0.0,0.0,0.0,0.0,0.0,0.0,0.0,0.0,0.0,0.0,0.0,0.0,0.0,0.0,0.0,0.0,-0.0,-2.004,-0.0,-0.0,0.0,0.0,0.0,0.0,4823.0,3.697183494796791e+19,7244.0,0.0,-107615384.0,2.7184303811560617e+23,2.718431101732002e+23,0.0,0.0,0.0,0.0,77,-126841118720.0,2.718415969637254e+23,0.0,0.0,0.0,0.0,0.0,0.0,0.0,0,0,0,0.0,0.0,0.0,0.0,0.0,0.0,0.0,0.0,0.0,0.0,0.0,0.0,0.0,0.0,0.0,0.0,0,-107875648.0,77,0.0,154,0.0,-101056864.0,ERR,ERR,ERR,ERR,ERR,ERR,ERR,ERR,ERR,ERR,ERR,ERR,ERR,ERR,ERR,ERR,ERR,ERR,ERR,ERR,ERR,ERR,ERR,ERR,ERR,ERR,ERR,ERR,ERR,ERR,ERR,ERR,ERR,ERR,ERR,ERR,ERR,ERR,ERR,ERR,ERR,ERR,ERR,ERR,ERR,ERR,ERR,ERR,ERR,ERR,ERR,ERR,ERR,ERR,ERR,ERR,ERR,ERR,ERR,ERR,ERR,ERR,ERR,ERR,ERR,ERR,ERR,34.0,80.0,35,0.0,0.0,0.0,0.0,0.0,0.0,0.0,0.0,0.0,0.0,0.0,0.0,0.0,0.0,0.0,0.0,65.6,0,120,58,53,65476,0,300,0,0,8,20529,65476,0,0,57672,80.0,0.0,0.0,0.0,0.0,0.0
2026-06-18T02:48:33,ERR,ERR,ERR,ERR,ERR,ERR,ERR,ERR,ERR,ERR,ERR,ERR,ERR,ERR,ERR,ERR,ERR,ERR,ERR,ERR,ERR,ERR,ERR,ERR,ERR,ERR,ERR,ERR,ERR,ERR,ERR,ERR,ERR,ERR,ERR,ERR,ERR,ERR,ERR,ERR,ERR,ERR,ERR,ERR,ERR,ERR,ERR,ERR,ERR,ERR,ERR,ERR,ERR,ERR,ERR,ERR,ERR,ERR,ERR,ERR,ERR,ERR,ERR,ERR,ERR,ERR,ERR,ERR,ERR,ERR,ERR,ERR,ERR,ERR,ERR,ERR,ERR,ERR,ERR,ERR,ERR,ERR,ERR,ERR,ERR,ERR,ERR,ERR,ERR,ERR,ERR,ERR,ERR,ERR,ERR,ERR,ERR,ERR,ERR,ERR,ERR,ERR,ERR,ERR,ERR,ERR,ERR,ERR,ERR,ERR,ERR,ERR,ERR,ERR,ERR,ERR,ERR,ERR,ERR,ERR,ERR,ERR,ERR,ERR,ERR,0.0,0.0,-0.0,0.059,nan,1.3936040501711995e+18,7.805,0.0,0,0,4,48926,6720,14723890282496.0,100,0.0,0.0,0.0,-4.9501291711397626e+32,0.0,0,0,0,0,0.0,0,0,0,0,0,0,0,0,0,0,0,0,0,0,0,0,0,0,0,0,0,0,0,0,0,0,0,0,0,0,0,0,0,26,51,50,76,65476,0,300,0,0,8,21553,0.0,-107605600.0,0.0,0.0,0.0,0.0,0.0,0.0,0.0,0.0,0.0,0.0,0.0,0.0,0.0,0.0,0.0,0.0,0.0,0.0,0.0,0.0,-0.0,-2.004,-0.0,-0.0,0.0,0.0,0.0,0.0,4823.0,3.697183494796791e+19,7244.0,0.0,-107615384.0,2.7184303811560617e+23,2.718431101732002e+23,0.0,0.0,0.0,0.0,77,-126841118720.0,2.718415969637254e+23,0.0,0.0,0.0,0.0,0.0,0.0,0.0,0,0,0,0.0,0.0,0.0,0.0,0.0,0.0,0.0,0.0,0.0,0.0,0.0,0.0,0.0,0.0,0.0,0.0,0,-107875648.0,77,0.0,154,0.0,-101056864.0,ERR,ERR,ERR,ERR,ERR,ERR,ERR,ERR,ERR,ERR,ERR,ERR,ERR,ERR,ERR,ERR,ERR,ERR,ERR,ERR,ERR,ERR,ERR,ERR,ERR,ERR,ERR,ERR,ERR,ERR,ERR,ERR,ERR,ERR,ERR,ERR,ERR,ERR,ERR,ERR,ERR,ERR,ERR,ERR,ERR,ERR,ERR,ERR,ERR,ERR,ERR,ERR,ERR,ERR,ERR,ERR,ERR,ERR,ERR,ERR,ERR,ERR,ERR,ERR,ERR,ERR,ERR,34.0,80.0,35,0.0,0.0,0.0,0.0,0.0,0.0,0.0,0.0,0.0,0.0,0.0,0.0,0.0,0.0,0.0,0.0,65.6,0,120,58,53,65476,0,300,0,0,8,20529,65476,0,0,57672,80.0,0.0,0.0,0.0,0.0,0.0
2026-06-18T02:48:34,ERR,ERR,ERR,ERR,ERR,ERR,ERR,ERR,ERR,ERR,ERR,ERR,ERR,ERR,ERR,ERR,ERR,ERR,ERR,ERR,ERR,ERR,ERR,ERR,ERR,ERR,ERR,ERR,ERR,ERR,ERR,ERR,ERR,ERR,ERR,ERR,ERR,ERR,ERR,ERR,ERR,ERR,ERR,ERR,ERR,ERR,ERR,ERR,ERR,ERR,ERR,ERR,ERR,ERR,ERR,ERR,ERR,ERR,ERR,ERR,ERR,ERR,ERR,ERR,ERR,ERR,ERR,ERR,ERR,ERR,ERR,ERR,ERR,ERR,ERR,ERR,ERR,ERR,ERR,ERR,ERR,ERR,ERR,ERR,ERR,ERR,ERR,ERR,ERR,ERR,ERR,ERR,ERR,ERR,ERR,ERR,ERR,ERR,ERR,ERR,ERR,ERR,ERR,ERR,ERR,ERR,ERR,ERR,ERR,ERR,ERR,ERR,ERR,ERR,ERR,ERR,ERR,ERR,ERR,ERR,ERR,ERR,ERR,ERR,ERR,0.0,-107615384.0,0.0,-0.0,-1.584,1.3936040501711995e+18,7.805,8.60689115769574e+30,0,0,4,48956,6720,14723890282496.0,100,0.0,0.0,0.0,-0.0,0.0,0,0,0,0,0.0,0,0,0,0,0,0,0,0,0,0,0,0,0,0,0,0,0,0,0,0,0,0,0,0,0,0,0,0,0,0,0,0,0,26,51,50,76,65476,0,300,0,0,8,21553,0.0,-107605600.0,0.0,0.0,0.0,0.0,0.0,0.0,0.0,0.0,0.0,0.0,0.0,0.0,0.0,0.0,0.0,0.0,0.0,0.0,0.0,0.0,-0.0,0.0,-0.0,-0.0,0.0,0.0,0.0,0.0,4822.0,1.5879282197463203e+29,7246.0,0.0,0.0,2.7184303811560617e+23,2.718431101732002e+23,0.0,0.0,0.0,0.0,77,-107615352.0,-0.0,0.0,0.0,0.0,0.0,0.0,0.0,0.0,0,0,0,0.0,0.0,0.0,0.0,0.0,0.0,0.0,0.0,0.0,0.0,0.0,0.0,0.0,0.0,0.0,0.0,0,-107875648.0,77,0.0,154,0.0,-101056864.0,ERR,ERR,ERR,ERR,ERR,ERR,ERR,ERR,ERR,ERR,ERR,ERR,ERR,ERR,ERR,ERR,ERR,ERR,ERR,ERR,ERR,ERR,ERR,ERR,ERR,ERR,ERR,ERR,ERR,ERR,ERR,ERR,ERR,ERR,ERR,ERR,ERR,ERR,ERR,ERR,ERR,ERR,ERR,ERR,ERR,ERR,ERR,ERR,ERR,ERR,ERR,ERR,ERR,ERR,ERR,ERR,ERR,ERR,ERR,ERR,ERR,ERR,ERR,ERR,ERR,ERR,ERR,34.0,80.0,35,0.0,0.0,0.0,0.0,0.0,0.0,0.0,0.0,0.0,0.0,0.0,0.0,0.0,0.0,0.0,0.0,65.6,0,120,58,53,65476,0,300,0,0,8,20529,65476,0,0,57672,80.0,0.0,0.0,0.0,0.0,0.0
2026-06-18T02:48:35,ERR,ERR,ERR,ERR,ERR,ERR,ERR,ERR,ERR,ERR,ERR,ERR,ERR,ERR,ERR,ERR,ERR,ERR,ERR,ERR,ERR,ERR,ERR,ERR,ERR,ERR,ERR,ERR,ERR,ERR,ERR,ERR,ERR,ERR,ERR,ERR,ERR,ERR,ERR,ERR,ERR,ERR,ERR,ERR,ERR,ERR,ERR,ERR,ERR,ERR,ERR,ERR,ERR,ERR,ERR,ERR,ERR,ERR,ERR,ERR,ERR,ERR,ERR,ERR,ERR,ERR,ERR,ERR,ERR,ERR,ERR,ERR,ERR,ERR,ERR,ERR,ERR,ERR,ERR,ERR,ERR,ERR,ERR,ERR,ERR,ERR,ERR,ERR,ERR,ERR,ERR,ERR,ERR,ERR,ERR,ERR,ERR,ERR,ERR,ERR,ERR,ERR,ERR,ERR,ERR,ERR,ERR,ERR,ERR,ERR,ERR,ERR,ERR,ERR,ERR,ERR,ERR,ERR,ERR,ERR,ERR,ERR,ERR,ERR,ERR,0.0,-107615384.0,0.0,-0.0,-1.584,1.3936040501711995e+18,7.805,8.60689115769574e+30,0,0,4,48956,6720,14723890282496.0,100,0.0,0.0,0.0,-0.0,0.0,0,0,0,0,0.0,0,0,0,0,0,0,0,0,0,0,0,0,0,0,0,0,0,0,0,0,0,0,0,0,0,0,0,0,0,0,0,0,0,26,51,50,76,65476,0,300,0,0,8,21553,0.0,-107605600.0,0.0,0.0,0.0,0.0,0.0,0.0,0.0,0.0,0.0,0.0,0.0,0.0,0.0,0.0,0.0,0.0,0.0,0.0,0.0,0.0,-0.0,0.0,-0.0,-0.0,0.0,0.0,0.0,0.0,4822.0,1.5879282197463203e+29,7246.0,0.0,0.0,2.7184303811560617e+23,2.718431101732002e+23,0.0,0.0,0.0,0.0,77,-107615352.0,-0.0,0.0,0.0,0.0,0.0,0.0,0.0,0.0,0,0,0,0.0,0.0,0.0,0.0,0.0,0.0,0.0,0.0,0.0,0.0,0.0,0.0,0.0,0.0,0.0,0.0,0,-107875648.0,77,0.0,154,0.0,-101056864.0,ERR,ERR,ERR,ERR,ERR,ERR,ERR,ERR,ERR,ERR,ERR,ERR,ERR,ERR,ERR,ERR,ERR,ERR,ERR,ERR,ERR,ERR,ERR,ERR,ERR,ERR,ERR,ERR,ERR,ERR,ERR,ERR,ERR,ERR,ERR,ERR,ERR,ERR,ERR,ERR,ERR,ERR,ERR,ERR,ERR,ERR,ERR,ERR,ERR,ERR,ERR,ERR,ERR,ERR,ERR,ERR,ERR,ERR,ERR,ERR,ERR,ERR,ERR,ERR,ERR,ERR,ERR,34.0,80.0,35,0.0,0.0,0.0,0.0,0.0,0.0,0.0,0.0,0.0,0.0,0.0,0.0,0.0,0.0,0.0,0.0,65.6,0,120,58,53,65476,0,300,0,0,8,20529,65476,0,0,57672,80.0,0.0,0.0,0.0,0.0,0.0
2026-06-18T02:48:36,ERR,ERR,ERR,ERR,ERR,ERR,ERR,ERR,ERR,ERR,ERR,ERR,ERR,ERR,ERR,ERR,ERR,ERR,ERR,ERR,ERR,ERR,ERR,ERR,ERR,ERR,ERR,ERR,ERR,ERR,ERR,ERR,ERR,ERR,ERR,ERR,ERR,ERR,ERR,ERR,ERR,ERR,ERR,ERR,ERR,ERR,ERR,ERR,ERR,ERR,ERR,ERR,ERR,ERR,ERR,ERR,ERR,ERR,ERR,ERR,ERR,ERR,ERR,ERR,ERR,ERR,ERR,ERR,ERR,ERR,ERR,ERR,ERR,ERR,ERR,ERR,ERR,ERR,ERR,ERR,ERR,ERR,ERR,ERR,ERR,ERR,ERR,ERR,ERR,ERR,ERR,ERR,ERR,ERR,ERR,ERR,ERR,ERR,ERR,ERR,ERR,ERR,ERR,ERR,ERR,ERR,ERR,ERR,ERR,ERR,ERR,ERR,ERR,ERR,ERR,ERR,ERR,ERR,ERR,ERR,ERR,ERR,ERR,ERR,ERR,0.0,-107615384.0,0.0,-0.0,-1.584,1.3936040501711995e+18,7.805,8.60689115769574e+30,0,0,4,48956,6720,14723890282496.0,100,0.0,0.0,0.0,-0.0,0.0,0,0,0,0,0.0,0,0,0,0,0,0,0,0,0,0,0,0,0,0,0,0,0,0,0,0,0,0,0,0,0,0,0,0,0,0,0,0,0,26,51,50,76,65476,0,300,0,0,8,21553,0.0,-107605600.0,0.0,0.0,0.0,0.0,0.0,0.0,0.0,0.0,0.0,0.0,0.0,0.0,0.0,0.0,0.0,0.0,0.0,0.0,0.0,0.0,-0.0,0.0,-0.0,-0.0,0.0,0.0,0.0,0.0,4822.0,1.5879282197463203e+29,7246.0,0.0,0.0,2.7184303811560617e+23,2.718431101732002e+23,0.0,0.0,0.0,0.0,77,-107615352.0,-0.0,0.0,0.0,0.0,0.0,0.0,0.0,0.0,0,0,0,0.0,0.0,0.0,0.0,0.0,0.0,0.0,0.0,0.0,0.0,0.0,0.0,0.0,0.0,0.0,0.0,0,-107875648.0,77,0.0,154,0.0,-101056864.0,ERR,ERR,ERR,ERR,ERR,ERR,ERR,ERR,ERR,ERR,ERR,ERR,ERR,ERR,ERR,ERR,ERR,ERR,ERR,ERR,ERR,ERR,ERR,ERR,ERR,ERR,ERR,ERR,ERR,ERR,ERR,ERR,ERR,ERR,ERR,ERR,ERR,ERR,ERR,ERR,ERR,ERR,ERR,ERR,ERR,ERR,ERR,ERR,ERR,ERR,ERR,ERR,ERR,ERR,ERR,ERR,ERR,ERR,ERR,ERR,ERR,ERR,ERR,ERR,ERR,ERR,ERR,34.0,80.0,35,0.0,0.0,0.0,0.0,0.0,0.0,0.0,0.0,0.0,0.0,0.0,0.0,0.0,0.0,0.0,0.0,65.6,0,120,58,53,65476,0,300,0,0,8,20529,65476,0,0,57672,80.0,0.0,0.0,0.0,0.0,0.0
2026-06-18T02:48:37,ERR,ERR,ERR,ERR,ERR,ERR,ERR,ERR,ERR,ERR,ERR,ERR,ERR,ERR,ERR,ERR,ERR,ERR,ERR,ERR,ERR,ERR,ERR,ERR,ERR,ERR,ERR,ERR,ERR,ERR,ERR,ERR,ERR,ERR,ERR,ERR,ERR,ERR,ERR,ERR,ERR,ERR,ERR,ERR,ERR,ERR,ERR,ERR,ERR,ERR,ERR,ERR,ERR,ERR,ERR,ERR,ERR,ERR,ERR,ERR,ERR,ERR,ERR,ERR,ERR,ERR,ERR,ERR,ERR,ERR,ERR,ERR,ERR,ERR,ERR,ERR,ERR,ERR,ERR,ERR,ERR,ERR,ERR,ERR,ERR,ERR,ERR,ERR,ERR,ERR,ERR,ERR,ERR,ERR,ERR,ERR,ERR,ERR,ERR,ERR,ERR,ERR,ERR,ERR,ERR,ERR,ERR,ERR,ERR,ERR,ERR,ERR,ERR,ERR,ERR,ERR,ERR,ERR,ERR,ERR,ERR,ERR,ERR,ERR,ERR,0.0,-107615384.0,0.0,-0.0,-1.584,1.3936040501711995e+18,7.805,8.60689115769574e+30,0,0,4,48956,6720,14723890282496.0,100,0.0,0.0,0.0,-0.0,0.0,0,0,0,0,0.0,0,0,0,0,0,0,0,0,0,0,0,0,0,0,0,0,0,0,0,0,0,0,0,0,0,0,0,0,0,0,0,0,0,26,51,50,76,65476,0,300,0,0,8,21553,0.0,-107605600.0,0.0,0.0,0.0,0.0,0.0,0.0,0.0,0.0,0.0,0.0,0.0,0.0,0.0,0.0,0.0,0.0,0.0,0.0,0.0,0.0,-0.0,0.0,-0.0,-0.0,0.0,0.0,0.0,0.0,4822.0,1.5879282197463203e+29,7246.0,0.0,0.0,2.7184303811560617e+23,2.718431101732002e+23,0.0,0.0,0.0,0.0,77,-107615352.0,-0.0,0.0,0.0,0.0,0.0,0.0,0.0,0.0,0,0,0,0.0,0.0,0.0,0.0,0.0,0.0,0.0,0.0,0.0,0.0,0.0,0.0,0.0,0.0,0.0,0.0,0,-107875648.0,77,0.0,154,0.0,-101056864.0,ERR,ERR,ERR,ERR,ERR,ERR,ERR,ERR,ERR,ERR,ERR,ERR,ERR,ERR,ERR,ERR,ERR,ERR,ERR,ERR,ERR,ERR,ERR,ERR,ERR,ERR,ERR,ERR,ERR,ERR,ERR,ERR,ERR,ERR,ERR,ERR,ERR,ERR,ERR,ERR,ERR,ERR,ERR,ERR,ERR,ERR,ERR,ERR,ERR,ERR,ERR,ERR,ERR,ERR,ERR,ERR,ERR,ERR,ERR,ERR,ERR,ERR,ERR,ERR,ERR,ERR,ERR,34.0,80.0,35,0.0,0.0,0.0,0.0,0.0,0.0,0.0,0.0,0.0,0.0,0.0,0.0,0.0,0.0,0.0,0.0,65.6,0,120,58,53,65476,0,300,0,0,8,20529,65476,0,0,57672,80.0,0.0,0.0,0.0,0.0,0.0
2026-06-18T02:48:38,ERR,ERR,ERR,ERR,ERR,ERR,ERR,ERR,ERR,ERR,ERR,ERR,ERR,ERR,ERR,ERR,ERR,ERR,ERR,ERR,ERR,ERR,ERR,ERR,ERR,ERR,ERR,ERR,ERR,ERR,ERR,ERR,ERR,ERR,ERR,ERR,ERR,ERR,ERR,ERR,ERR,ERR,ERR,ERR,ERR,ERR,ERR,ERR,ERR,ERR,ERR,ERR,ERR,ERR,ERR,ERR,ERR,ERR,ERR,ERR,ERR,ERR,ERR,ERR,ERR,ERR,ERR,ERR,ERR,ERR,ERR,ERR,ERR,ERR,ERR,ERR,ERR,ERR,ERR,ERR,ERR,ERR,ERR,ERR,ERR,ERR,ERR,ERR,ERR,ERR,ERR,ERR,ERR,ERR,ERR,ERR,ERR,ERR,ERR,ERR,ERR,ERR,ERR,ERR,ERR,ERR,ERR,ERR,ERR,ERR,ERR,ERR,ERR,ERR,ERR,ERR,ERR,ERR,ERR,ERR,ERR,ERR,ERR,ERR,ERR,0.0,-107615384.0,0.0,-0.0,-1.584,1.3936040501711995e+18,7.805,8.60689115769574e+30,0,0,4,48956,6720,14723890282496.0,100,0.0,0.0,0.0,-0.0,0.0,0,0,0,0,0.0,0,0,0,0,0,0,0,0,0,0,0,0,0,0,0,0,0,0,0,0,0,0,0,0,0,0,0,0,0,0,0,0,0,26,51,50,76,65476,0,300,0,0,8,21553,0.0,-107605600.0,0.0,0.0,0.0,0.0,0.0,0.0,0.0,0.0,0.0,0.0,0.0,0.0,0.0,0.0,0.0,0.0,0.0,0.0,0.0,0.0,-0.0,0.0,-0.0,-0.0,0.0,0.0,0.0,0.0,4822.0,1.5879282197463203e+29,7246.0,0.0,0.0,2.7184303811560617e+23,2.718431101732002e+23,0.0,0.0,0.0,0.0,77,-107615352.0,-0.0,0.0,0.0,0.0,0.0,0.0,0.0,0.0,0,0,0,0.0,0.0,0.0,0.0,0.0,0.0,0.0,0.0,0.0,0.0,0.0,0.0,0.0,0.0,0.0,0.0,0,-107875648.0,77,0.0,154,0.0,-101056864.0,ERR,ERR,ERR,ERR,ERR,ERR,ERR,ERR,ERR,ERR,ERR,ERR,ERR,ERR,ERR,ERR,ERR,ERR,ERR,ERR,ERR,ERR,ERR,ERR,ERR,ERR,ERR,ERR,ERR,ERR,ERR,ERR,ERR,ERR,ERR,ERR,ERR,ERR,ERR,ERR,ERR,ERR,ERR,ERR,ERR,ERR,ERR,ERR,ERR,ERR,ERR,ERR,ERR,ERR,ERR,ERR,ERR,ERR,ERR,ERR,ERR,ERR,ERR,ERR,ERR,ERR,ERR,34.0,80.0,35,0.0,0.0,0.0,0.0,0.0,0.0,0.0,0.0,0.0,0.0,0.0,0.0,0.0,0.0,0.0,0.0,65.6,0,120,58,53,65476,0,300,0,0,8,20529,65476,0,0,57672,80.0,0.0,0.0,0.0,0.0,0.0
2026-06-18T02:48:39,ERR,ERR,ERR,ERR,ERR,ERR,ERR,ERR,ERR,ERR,ERR,ERR,ERR,ERR,ERR,ERR,ERR,ERR,ERR,ERR,ERR,ERR,ERR,ERR,ERR,ERR,ERR,ERR,ERR,ERR,ERR,ERR,ERR,ERR,ERR,ERR,ERR,ERR,ERR,ERR,ERR,ERR,ERR,ERR,ERR,ERR,ERR,ERR,ERR,ERR,ERR,ERR,ERR,ERR,ERR,ERR,ERR,ERR,ERR,ERR,ERR,ERR,ERR,ERR,ERR,ERR,ERR,ERR,ERR,ERR,ERR,ERR,ERR,ERR,ERR,ERR,ERR,ERR,ERR,ERR,ERR,ERR,ERR,ERR,ERR,ERR,ERR,ERR,ERR,ERR,ERR,ERR,ERR,ERR,ERR,ERR,ERR,ERR,ERR,ERR,ERR,ERR,ERR,ERR,ERR,ERR,ERR,ERR,ERR,ERR,ERR,ERR,ERR,ERR,ERR,ERR,ERR,ERR,ERR,ERR,ERR,ERR,ERR,ERR,ERR,0.0,-107615384.0,0.0,-107609184.0,nan,1.3936040501711995e+18,7.805,0.0,0,0,4,48954,6720,14723890282496.0,100,0.0,0.0,0.0,0.0,0.0,0,0,0,0,0.0,0,0,0,0,0,0,0,0,0,0,0,0,0,0,0,0,0,0,0,0,0,0,0,0,0,0,0,0,0,0,0,0,0,26,51,50,76,65476,0,300,0,0,8,21553,0.0,-107605600.0,0.0,0.0,0.0,0.0,0.0,0.0,0.0,0.0,0.0,0.0,0.0,0.0,0.0,0.0,0.0,0.0,0.0,0.0,0.0,0.0,-0.0,-2.004,-0.0,-0.0,0.0,0.0,0.0,0.0,4822.0,1.5879282197463203e+29,7246.0,0.0,-107615384.0,2.7184303811560617e+23,2.718431101732002e+23,0.0,0.0,0.0,0.0,77,-126841118720.0,-0.0,0.0,0.0,0.0,0.0,0.0,0.0,0.0,0,0,0,0.0,0.0,0.0,0.0,0.0,0.0,0.0,0.0,0.0,0.0,0.0,0.0,0.0,0.0,0.0,0.0,0,-107875648.0,77,0.0,154,0.0,-101056864.0,ERR,ERR,ERR,ERR,ERR,ERR,ERR,ERR,ERR,ERR,ERR,ERR,ERR,ERR,ERR,ERR,ERR,ERR,ERR,ERR,ERR,ERR,ERR,ERR,ERR,ERR,ERR,ERR,ERR,ERR,ERR,ERR,ERR,ERR,ERR,ERR,ERR,ERR,ERR,ERR,ERR,ERR,ERR,ERR,ERR,ERR,ERR,ERR,ERR,ERR,ERR,ERR,ERR,ERR,ERR,ERR,ERR,ERR,ERR,ERR,ERR,ERR,ERR,ERR,ERR,ERR,ERR,34.0,80.0,35,0.0,0.0,0.0,0.0,0.0,0.0,0.0,0.0,0.0,0.0,0.0,0.0,0.0,0.0,0.0,0.0,65.6,0,120,58,53,65476,0,300,0,0,8,20529,65476,0,0,57672,80.0,0.0,0.0,0.0,0.0,0.0
2026-06-18T02:48:40,ERR,ERR,ERR,ERR,ERR,ERR,ERR,ERR,ERR,ERR,ERR,ERR,ERR,ERR,ERR,ERR,ERR,ERR,ERR,ERR,ERR,ERR,ERR,ERR,ERR,ERR,ERR,ERR,ERR,ERR,ERR,ERR,ERR,ERR,ERR,ERR,ERR,ERR,ERR,ERR,ERR,ERR,ERR,ERR,ERR,ERR,ERR,ERR,ERR,ERR,ERR,ERR,ERR,ERR,ERR,ERR,ERR,ERR,ERR,ERR,ERR,ERR,ERR,ERR,ERR,ERR,ERR,ERR,ERR,ERR,ERR,ERR,ERR,ERR,ERR,ERR,ERR,ERR,ERR,ERR,ERR,ERR,ERR,ERR,ERR,ERR,ERR,ERR,ERR,ERR,ERR,ERR,ERR,ERR,ERR,ERR,ERR,ERR,ERR,ERR,ERR,ERR,ERR,ERR,ERR,ERR,ERR,ERR,ERR,ERR,ERR,ERR,ERR,ERR,ERR,ERR,ERR,ERR,ERR,ERR,ERR,ERR,ERR,ERR,ERR,0.0,-107615384.0,0.0,-107609184.0,nan,1.3936040501711995e+18,7.805,0.0,0,0,4,48954,6720,14723890282496.0,100,0.0,0.0,0.0,0.0,0.0,0,0,0,0,0.0,0,0,0,0,0,0,0,0,0,0,0,0,0,0,0,0,0,0,0,0,0,0,0,0,0,0,0,0,0,0,0,0,0,26,51,50,76,65476,0,300,0,0,8,21553,0.0,-107605600.0,0.0,0.0,0.0,0.0,0.0,0.0,0.0,0.0,0.0,0.0,0.0,0.0,0.0,0.0,0.0,0.0,0.0,0.0,0.0,0.0,-0.0,-2.004,-0.0,-0.0,0.0,0.0,0.0,0.0,4822.0,1.5879282197463203e+29,7246.0,0.0,-107615384.0,2.7184303811560617e+23,2.718431101732002e+23,0.0,0.0,0.0,0.0,77,-126841118720.0,-0.0,0.0,0.0,0.0,0.0,0.0,0.0,0.0,0,0,0,0.0,0.0,0.0,0.0,0.0,0.0,0.0,0.0,0.0,0.0,0.0,0.0,0.0,0.0,0.0,0.0,0,-107875648.0,77,0.0,154,0.0,-101056864.0,ERR,ERR,ERR,ERR,ERR,ERR,ERR,ERR,ERR,ERR,ERR,ERR,ERR,ERR,ERR,ERR,ERR,ERR,ERR,ERR,ERR,ERR,ERR,ERR,ERR,ERR,ERR,ERR,ERR,ERR,ERR,ERR,ERR,ERR,ERR,ERR,ERR,ERR,ERR,ERR,ERR,ERR,ERR,ERR,ERR,ERR,ERR,ERR,ERR,ERR,ERR,ERR,ERR,ERR,ERR,ERR,ERR,ERR,ERR,ERR,ERR,ERR,ERR,ERR,ERR,ERR,ERR,34.0,80.0,35,0.0,0.0,0.0,0.0,0.0,0.0,0.0,0.0,0.0,0.0,0.0,0.0,0.0,0.0,0.0,0.0,65.6,0,120,58,53,65476,0,300,0,0,8,20529,65476,0,0,57672,80.0,0.0,0.0,0.0,0.0,0.0
2026-06-18T02:48:41,ERR,ERR,ERR,ERR,ERR,ERR,ERR,ERR,ERR,ERR,ERR,ERR,ERR,ERR,ERR,ERR,ERR,ERR,ERR,ERR,ERR,ERR,ERR,ERR,ERR,ERR,ERR,ERR,ERR,ERR,ERR,ERR,ERR,ERR,ERR,ERR,ERR,ERR,ERR,ERR,ERR,ERR,ERR,ERR,ERR,ERR,ERR,ERR,ERR,ERR,ERR,ERR,ERR,ERR,ERR,ERR,ERR,ERR,ERR,ERR,ERR,ERR,ERR,ERR,ERR,ERR,ERR,ERR,ERR,ERR,ERR,ERR,ERR,ERR,ERR,ERR,ERR,ERR,ERR,ERR,ERR,ERR,ERR,ERR,ERR,ERR,ERR,ERR,ERR,ERR,ERR,ERR,ERR,ERR,ERR,ERR,ERR,ERR,ERR,ERR,ERR,ERR,ERR,ERR,ERR,ERR,ERR,ERR,ERR,ERR,ERR,ERR,ERR,ERR,ERR,ERR,ERR,ERR,ERR,ERR,ERR,ERR,ERR,ERR,ERR,0.0,-107615384.0,0.0,-107609184.0,nan,1.3936040501711995e+18,7.805,0.0,0,0,4,48954,6720,14723890282496.0,100,0.0,0.0,0.0,0.0,0.0,0,0,0,0,0.0,0,0,0,0,0,0,0,0,0,0,0,0,0,0,0,0,0,0,0,0,0,0,0,0,0,0,0,0,0,0,0,0,0,26,51,50,76,65476,0,300,0,0,8,21553,0.0,-107605600.0,0.0,0.0,0.0,0.0,0.0,0.0,0.0,0.0,0.0,0.0,0.0,0.0,0.0,0.0,0.0,0.0,0.0,0.0,0.0,0.0,-0.0,-2.004,-0.0,-0.0,0.0,0.0,0.0,0.0,4822.0,1.5879282197463203e+29,7246.0,0.0,-107615384.0,2.7184303811560617e+23,2.718431101732002e+23,0.0,0.0,0.0,0.0,77,-126841118720.0,-0.0,0.0,0.0,0.0,0.0,0.0,0.0,0.0,0,0,0,0.0,0.0,0.0,0.0,0.0,0.0,0.0,0.0,0.0,0.0,0.0,0.0,0.0,0.0,0.0,0.0,0,-107875648.0,77,0.0,154,0.0,-101056864.0,ERR,ERR,ERR,ERR,ERR,ERR,ERR,ERR,ERR,ERR,ERR,ERR,ERR,ERR,ERR,ERR,ERR,ERR,ERR,ERR,ERR,ERR,ERR,ERR,ERR,ERR,ERR,ERR,ERR,ERR,ERR,ERR,ERR,ERR,ERR,ERR,ERR,ERR,ERR,ERR,ERR,ERR,ERR,ERR,ERR,ERR,ERR,ERR,ERR,ERR,ERR,ERR,ERR,ERR,ERR,ERR,ERR,ERR,ERR,ERR,ERR,ERR,ERR,ERR,ERR,ERR,ERR,34.0,80.0,35,0.0,0.0,0.0,0.0,0.0,0.0,0.0,0.0,0.0,0.0,0.0,0.0,0.0,0.0,0.0,0.0,65.6,0,120,58,53,65476,0,300,0,0,8,20529,65476,0,0,57672,80.0,0.0,0.0,0.0,0.0,0.0
2026-06-18T02:48:42,ERR,ERR,ERR,ERR,ERR,ERR,ERR,ERR,ERR,ERR,ERR,ERR,ERR,ERR,ERR,ERR,ERR,ERR,ERR,ERR,ERR,ERR,ERR,ERR,ERR,ERR,ERR,ERR,ERR,ERR,ERR,ERR,ERR,ERR,ERR,ERR,ERR,ERR,ERR,ERR,ERR,ERR,ERR,ERR,ERR,ERR,ERR,ERR,ERR,ERR,ERR,ERR,ERR,ERR,ERR,ERR,ERR,ERR,ERR,ERR,ERR,ERR,ERR,ERR,ERR,ERR,ERR,ERR,ERR,ERR,ERR,ERR,ERR,ERR,ERR,ERR,ERR,ERR,ERR,ERR,ERR,ERR,ERR,ERR,ERR,ERR,ERR,ERR,ERR,ERR,ERR,ERR,ERR,ERR,ERR,ERR,ERR,ERR,ERR,ERR,ERR,ERR,ERR,ERR,ERR,ERR,ERR,ERR,ERR,ERR,ERR,ERR,ERR,ERR,ERR,ERR,ERR,ERR,ERR,ERR,ERR,ERR,ERR,ERR,ERR,0.0,-107615384.0,0.0,-107609184.0,nan,1.3936040501711995e+18,7.805,0.0,0,0,4,48954,6720,14723890282496.0,100,0.0,0.0,0.0,0.0,0.0,0,0,0,0,0.0,0,0,0,0,0,0,0,0,0,0,0,0,0,0,0,0,0,0,0,0,0,0,0,0,0,0,0,0,0,0,0,0,0,26,51,50,76,65476,0,300,0,0,8,21553,0.0,-107605600.0,0.0,0.0,0.0,0.0,0.0,0.0,0.0,0.0,0.0,0.0,0.0,0.0,0.0,0.0,0.0,0.0,0.0,0.0,0.0,0.0,-0.0,-2.004,-0.0,-0.0,0.0,0.0,0.0,0.0,4822.0,1.5879282197463203e+29,7246.0,0.0,-107615384.0,2.7184303811560617e+23,2.718431101732002e+23,0.0,0.0,0.0,0.0,77,-126841118720.0,-0.0,0.0,0.0,0.0,0.0,0.0,0.0,0.0,0,0,0,0.0,0.0,0.0,0.0,0.0,0.0,0.0,0.0,0.0,0.0,0.0,0.0,0.0,0.0,0.0,0.0,0,-107875648.0,77,0.0,154,0.0,-101056864.0,ERR,ERR,ERR,ERR,ERR,ERR,ERR,ERR,ERR,ERR,ERR,ERR,ERR,ERR,ERR,ERR,ERR,ERR,ERR,ERR,ERR,ERR,ERR,ERR,ERR,ERR,ERR,ERR,ERR,ERR,ERR,ERR,ERR,ERR,ERR,ERR,ERR,ERR,ERR,ERR,ERR,ERR,ERR,ERR,ERR,ERR,ERR,ERR,ERR,ERR,ERR,ERR,ERR,ERR,ERR,ERR,ERR,ERR,ERR,ERR,ERR,ERR,ERR,ERR,ERR,ERR,ERR,34.0,80.0,35,0.0,0.0,0.0,0.0,0.0,0.0,0.0,0.0,0.0,0.0,0.0,0.0,0.0,0.0,0.0,0.0,65.6,0,120,58,53,65476,0,300,0,0,8,20529,65476,0,0,57672,80.0,0.0,0.0,0.0,0.0,0.0
2026-06-18T02:48:43,ERR,ERR,ERR,ERR,ERR,ERR,ERR,ERR,ERR,ERR,ERR,ERR,ERR,ERR,ERR,ERR,ERR,ERR,ERR,ERR,ERR,ERR,ERR,ERR,ERR,ERR,ERR,ERR,ERR,ERR,ERR,ERR,ERR,ERR,ERR,ERR,ERR,ERR,ERR,ERR,ERR,ERR,ERR,ERR,ERR,ERR,ERR,ERR,ERR,ERR,ERR,ERR,ERR,ERR,ERR,ERR,ERR,ERR,ERR,ERR,ERR,ERR,ERR,ERR,ERR,ERR,ERR,ERR,ERR,ERR,ERR,ERR,ERR,ERR,ERR,ERR,ERR,ERR,ERR,ERR,ERR,ERR,ERR,ERR,ERR,ERR,ERR,ERR,ERR,ERR,ERR,ERR,ERR,ERR,ERR,ERR,ERR,ERR,ERR,ERR,ERR,ERR,ERR,ERR,ERR,ERR,ERR,ERR,ERR,ERR,ERR,ERR,ERR,ERR,ERR,ERR,ERR,ERR,ERR,ERR,ERR,ERR,ERR,ERR,ERR,0.0,-107615384.0,0.0,-107609184.0,nan,1.3936040501711995e+18,7.805,0.0,0,0,4,48954,6720,14723890282496.0,100,0.0,0.0,0.0,0.0,0.0,0,0,0,0,0.0,0,0,0,0,0,0,0,0,0,0,0,0,0,0,0,0,0,0,0,0,0,0,0,0,0,0,0,0,0,0,0,0,0,26,51,50,76,65476,0,300,0,0,8,21553,0.0,-107605600.0,0.0,0.0,0.0,0.0,0.0,0.0,0.0,0.0,0.0,0.0,0.0,0.0,0.0,0.0,0.0,0.0,0.0,0.0,0.0,0.0,-0.0,-2.004,-0.0,-0.0,0.0,0.0,0.0,0.0,4822.0,1.5879282197463203e+29,7246.0,0.0,-107615384.0,2.7184303811560617e+23,2.718431101732002e+23,0.0,0.0,0.0,0.0,77,-126841118720.0,-0.0,0.0,0.0,0.0,0.0,0.0,0.0,0.0,0,0,0,0.0,0.0,0.0,0.0,0.0,0.0,0.0,0.0,0.0,0.0,0.0,0.0,0.0,0.0,0.0,0.0,0,-107875648.0,77,0.0,154,0.0,-101056864.0,ERR,ERR,ERR,ERR,ERR,ERR,ERR,ERR,ERR,ERR,ERR,ERR,ERR,ERR,ERR,ERR,ERR,ERR,ERR,ERR,ERR,ERR,ERR,ERR,ERR,ERR,ERR,ERR,ERR,ERR,ERR,ERR,ERR,ERR,ERR,ERR,ERR,ERR,ERR,ERR,ERR,ERR,ERR,ERR,ERR,ERR,ERR,ERR,ERR,ERR,ERR,ERR,ERR,ERR,ERR,ERR,ERR,ERR,ERR,ERR,ERR,ERR,ERR,ERR,ERR,ERR,ERR,34.0,80.0,35,0.0,0.0,0.0,0.0,0.0,0.0,0.0,0.0,0.0,0.0,0.0,0.0,0.0,0.0,0.0,0.0,65.6,0,120,58,53,65476,0,300,0,0,8,20529,65476,0,0,57672,80.0,0.0,0.0,0.0,0.0,0.0
2026-06-18T02:48:44,ERR,ERR,ERR,ERR,ERR,ERR,ERR,ERR,ERR,ERR,ERR,ERR,ERR,ERR,ERR,ERR,ERR,ERR,ERR,ERR,ERR,ERR,ERR,ERR,ERR,ERR,ERR,ERR,ERR,ERR,ERR,ERR,ERR,ERR,ERR,ERR,ERR,ERR,ERR,ERR,ERR,ERR,ERR,ERR,ERR,ERR,ERR,ERR,ERR,ERR,ERR,ERR,ERR,ERR,ERR,ERR,ERR,ERR,ERR,ERR,ERR,ERR,ERR,ERR,ERR,ERR,ERR,ERR,ERR,ERR,ERR,ERR,ERR,ERR,ERR,ERR,ERR,ERR,ERR,ERR,ERR,ERR,ERR,ERR,ERR,ERR,ERR,ERR,ERR,ERR,ERR,ERR,ERR,ERR,ERR,ERR,ERR,ERR,ERR,ERR,ERR,ERR,ERR,ERR,ERR,ERR,ERR,ERR,ERR,ERR,ERR,ERR,ERR,ERR,ERR,ERR,ERR,ERR,ERR,ERR,ERR,ERR,ERR,ERR,ERR,0.0,-107615384.0,0.0,2.718290229135658e+23,-1.592,1.3936040501711995e+18,7.805,-0.0,0,0,4,48933,6720,14723890282496.0,100,0.0,0.0,0.0,-107609184.0,0.0,0,0,0,0,0.0,0,0,0,0,0,0,0,0,0,0,0,0,0,0,0,0,0,0,0,0,0,0,0,0,0,0,0,0,0,0,0,0,0,26,51,50,76,65476,0,300,0,0,8,21553,0.0,-107605600.0,0.0,0.0,0.0,0.0,0.0,0.0,0.0,0.0,0.0,0.0,0.0,0.0,0.0,0.0,0.0,0.0,0.0,0.0,0.0,0.0,-0.0,0.0,-0.0,-0.0,0.0,0.0,0.0,0.0,4823.0,564145430724608.0,7243.0,0.0,0.0,2.7184303811560617e+23,2.718431101732002e+23,0.0,0.0,0.0,0.0,77,-126841118720.0,4.066850635700005e+29,0.0,0.0,0.0,0.0,0.0,0.0,0.0,0,0,0,0.0,0.0,0.0,0.0,0.0,0.0,0.0,0.0,0.0,0.0,0.0,0.0,0.0,0.0,0.0,0.0,0,-107875648.0,77,0.0,154,0.0,-101056864.0,ERR,ERR,ERR,ERR,ERR,ERR,ERR,ERR,ERR,ERR,ERR,ERR,ERR,ERR,ERR,ERR,ERR,ERR,ERR,ERR,ERR,ERR,ERR,ERR,ERR,ERR,ERR,ERR,ERR,ERR,ERR,ERR,ERR,ERR,ERR,ERR,ERR,ERR,ERR,ERR,ERR,ERR,ERR,ERR,ERR,ERR,ERR,ERR,ERR,ERR,ERR,ERR,ERR,ERR,ERR,ERR,ERR,ERR,ERR,ERR,ERR,ERR,ERR,ERR,ERR,ERR,ERR,34.0,80.0,35,0.0,0.0,0.0,0.0,0.0,0.0,0.0,0.0,0.0,0.0,0.0,0.0,0.0,0.0,0.0,0.0,65.6,0,120,58,53,65476,0,300,0,0,8,20529,65476,0,0,57672,80.0,0.0,0.0,0.0,0.0,0.0
2026-06-18T02:48:45,ERR,ERR,ERR,ERR,ERR,ERR,ERR,ERR,ERR,ERR,ERR,ERR,ERR,ERR,ERR,ERR,ERR,ERR,ERR,ERR,ERR,ERR,ERR,ERR,ERR,ERR,ERR,ERR,ERR,ERR,ERR,ERR,ERR,ERR,ERR,ERR,ERR,ERR,ERR,ERR,ERR,ERR,ERR,ERR,ERR,ERR,ERR,ERR,ERR,ERR,ERR,ERR,ERR,ERR,ERR,ERR,ERR,ERR,ERR,ERR,ERR,ERR,ERR,ERR,ERR,ERR,ERR,ERR,ERR,ERR,ERR,ERR,ERR,ERR,ERR,ERR,ERR,ERR,ERR,ERR,ERR,ERR,ERR,ERR,ERR,ERR,ERR,ERR,ERR,ERR,ERR,ERR,ERR,ERR,ERR,ERR,ERR,ERR,ERR,ERR,ERR,ERR,ERR,ERR,ERR,ERR,ERR,ERR,ERR,ERR,ERR,ERR,ERR,ERR,ERR,ERR,ERR,ERR,ERR,ERR,ERR,ERR,ERR,ERR,ERR,0.0,-107615384.0,0.0,2.718290229135658e+23,-1.592,1.3936040501711995e+18,7.805,-0.0,0,0,4,48933,6720,14723890282496.0,100,0.0,0.0,0.0,-107609184.0,0.0,0,0,0,0,0.0,0,0,0,0,0,0,0,0,0,0,0,0,0,0,0,0,0,0,0,0,0,0,0,0,0,0,0,0,0,0,0,0,0,26,51,50,76,65476,0,300,0,0,8,21553,0.0,-107605600.0,0.0,0.0,0.0,0.0,0.0,0.0,0.0,0.0,0.0,0.0,0.0,0.0,0.0,0.0,0.0,0.0,0.0,0.0,0.0,0.0,-0.0,0.0,-0.0,-0.0,0.0,0.0,0.0,0.0,4823.0,564145430724608.0,7243.0,0.0,0.0,2.7184303811560617e+23,2.718431101732002e+23,0.0,0.0,0.0,0.0,77,-126841118720.0,4.066850635700005e+29,0.0,0.0,0.0,0.0,0.0,0.0,0.0,0,0,0,0.0,0.0,0.0,0.0,0.0,0.0,0.0,0.0,0.0,0.0,0.0,0.0,0.0,0.0,0.0,0.0,0,-107875648.0,77,0.0,154,0.0,-101056864.0,ERR,ERR,ERR,ERR,ERR,ERR,ERR,ERR,ERR,ERR,ERR,ERR,ERR,ERR,ERR,ERR,ERR,ERR,ERR,ERR,ERR,ERR,ERR,ERR,ERR,ERR,ERR,ERR,ERR,ERR,ERR,ERR,ERR,ERR,ERR,ERR,ERR,ERR,ERR,ERR,ERR,ERR,ERR,ERR,ERR,ERR,ERR,ERR,ERR,ERR,ERR,ERR,ERR,ERR,ERR,ERR,ERR,ERR,ERR,ERR,ERR,ERR,ERR,ERR,ERR,ERR,ERR,34.0,80.0,35,0.0,0.0,0.0,0.0,0.0,0.0,0.0,0.0,0.0,0.0,0.0,0.0,0.0,0.0,0.0,0.0,65.6,0,120,58,53,65476,0,300,0,0,8,20529,65476,0,0,57672,80.0,0.0,0.0,0.0,0.0,0.0
2026-06-18T02:48:46,ERR,ERR,ERR,ERR,ERR,ERR,ERR,ERR,ERR,ERR,ERR,ERR,ERR,ERR,ERR,ERR,ERR,ERR,ERR,ERR,ERR,ERR,ERR,ERR,ERR,ERR,ERR,ERR,ERR,ERR,ERR,ERR,ERR,ERR,ERR,ERR,ERR,ERR,ERR,ERR,ERR,ERR,ERR,ERR,ERR,ERR,ERR,ERR,ERR,ERR,ERR,ERR,ERR,ERR,ERR,ERR,ERR,ERR,ERR,ERR,ERR,ERR,ERR,ERR,ERR,ERR,ERR,ERR,ERR,ERR,ERR,ERR,ERR,ERR,ERR,ERR,ERR,ERR,ERR,ERR,ERR,ERR,ERR,ERR,ERR,ERR,ERR,ERR,ERR,ERR,ERR,ERR,ERR,ERR,ERR,ERR,ERR,ERR,ERR,ERR,ERR,ERR,ERR,ERR,ERR,ERR,ERR,ERR,ERR,ERR,ERR,ERR,ERR,ERR,ERR,ERR,ERR,ERR,ERR,ERR,ERR,ERR,ERR,ERR,ERR,0.0,-107615384.0,0.0,2.718290229135658e+23,-1.592,1.3936040501711995e+18,7.805,-0.0,0,0,4,48933,6720,14723890282496.0,100,0.0,0.0,0.0,-107609184.0,0.0,0,0,0,0,0.0,0,0,0,0,0,0,0,0,0,0,0,0,0,0,0,0,0,0,0,0,0,0,0,0,0,0,0,0,0,0,0,0,0,26,51,50,76,65476,0,300,0,0,8,21553,0.0,-107605600.0,0.0,0.0,0.0,0.0,0.0,0.0,0.0,0.0,0.0,0.0,0.0,0.0,0.0,0.0,0.0,0.0,0.0,0.0,0.0,0.0,-0.0,0.0,-0.0,-0.0,0.0,0.0,0.0,0.0,4823.0,564145430724608.0,7243.0,0.0,0.0,2.7184303811560617e+23,2.718431101732002e+23,0.0,0.0,0.0,0.0,77,-126841118720.0,4.066850635700005e+29,0.0,0.0,0.0,0.0,0.0,0.0,0.0,0,0,0,0.0,0.0,0.0,0.0,0.0,0.0,0.0,0.0,0.0,0.0,0.0,0.0,0.0,0.0,0.0,0.0,0,-107875648.0,77,0.0,154,0.0,-101056864.0,ERR,ERR,ERR,ERR,ERR,ERR,ERR,ERR,ERR,ERR,ERR,ERR,ERR,ERR,ERR,ERR,ERR,ERR,ERR,ERR,ERR,ERR,ERR,ERR,ERR,ERR,ERR,ERR,ERR,ERR,ERR,ERR,ERR,ERR,ERR,ERR,ERR,ERR,ERR,ERR,ERR,ERR,ERR,ERR,ERR,ERR,ERR,ERR,ERR,ERR,ERR,ERR,ERR,ERR,ERR,ERR,ERR,ERR,ERR,ERR,ERR,ERR,ERR,ERR,ERR,ERR,ERR,34.0,80.0,35,0.0,0.0,0.0,0.0,0.0,0.0,0.0,0.0,0.0,0.0,0.0,0.0,0.0,0.0,0.0,0.0,65.6,0,120,58,53,65476,0,300,0,0,8,20529,65476,0,0,57672,80.0,0.0,0.0,0.0,0.0,0.0
2026-06-18T02:48:47,ERR,ERR,ERR,ERR,ERR,ERR,ERR,ERR,ERR,ERR,ERR,ERR,ERR,ERR,ERR,ERR,ERR,ERR,ERR,ERR,ERR,ERR,ERR,ERR,ERR,ERR,ERR,ERR,ERR,ERR,ERR,ERR,ERR,ERR,ERR,ERR,ERR,ERR,ERR,ERR,ERR,ERR,ERR,ERR,ERR,ERR,ERR,ERR,ERR,ERR,ERR,ERR,ERR,ERR,ERR,ERR,ERR,ERR,ERR,ERR,ERR,ERR,ERR,ERR,ERR,ERR,ERR,ERR,ERR,ERR,ERR,ERR,ERR,ERR,ERR,ERR,ERR,ERR,ERR,ERR,ERR,ERR,ERR,ERR,ERR,ERR,ERR,ERR,ERR,ERR,ERR,ERR,ERR,ERR,ERR,ERR,ERR,ERR,ERR,ERR,ERR,ERR,ERR,ERR,ERR,ERR,ERR,ERR,ERR,ERR,ERR,ERR,ERR,ERR,ERR,ERR,ERR,ERR,ERR,ERR,ERR,ERR,ERR,ERR,ERR,0.0,-107615384.0,0.0,2.718290229135658e+23,-1.592,1.3936040501711995e+18,7.805,-0.0,0,0,4,48933,6720,14723890282496.0,100,0.0,0.0,0.0,-107609184.0,0.0,0,0,0,0,0.0,0,0,0,0,0,0,0,0,0,0,0,0,0,0,0,0,0,0,0,0,0,0,0,0,0,0,0,0,0,0,0,0,0,26,51,50,76,65476,0,300,0,0,8,21553,0.0,-107605600.0,0.0,0.0,0.0,0.0,0.0,0.0,0.0,0.0,0.0,0.0,0.0,0.0,0.0,0.0,0.0,0.0,0.0,0.0,0.0,0.0,-0.0,0.0,-0.0,-0.0,0.0,0.0,0.0,0.0,4823.0,564145430724608.0,7243.0,0.0,0.0,2.7184303811560617e+23,2.718431101732002e+23,0.0,0.0,0.0,0.0,77,-126841118720.0,4.066850635700005e+29,0.0,0.0,0.0,0.0,0.0,0.0,0.0,0,0,0,0.0,0.0,0.0,0.0,0.0,0.0,0.0,0.0,0.0,0.0,0.0,0.0,0.0,0.0,0.0,0.0,0,-107875648.0,77,0.0,154,0.0,-101056864.0,ERR,ERR,ERR,ERR,ERR,ERR,ERR,ERR,ERR,ERR,ERR,ERR,ERR,ERR,ERR,ERR,ERR,ERR,ERR,ERR,ERR,ERR,ERR,ERR,ERR,ERR,ERR,ERR,ERR,ERR,ERR,ERR,ERR,ERR,ERR,ERR,ERR,ERR,ERR,ERR,ERR,ERR,ERR,ERR,ERR,ERR,ERR,ERR,ERR,ERR,ERR,ERR,ERR,ERR,ERR,ERR,ERR,ERR,ERR,ERR,ERR,ERR,ERR,ERR,ERR,ERR,ERR,34.0,80.0,35,0.0,0.0,0.0,0.0,0.0,0.0,0.0,0.0,0.0,0.0,0.0,0.0,0.0,0.0,0.0,0.0,65.6,0,120,58,53,65476,0,300,0,0,8,20529,65476,0,0,57672,80.0,0.0,0.0,0.0,0.0,0.0
2026-06-18T02:48:48,ERR,ERR,ERR,ERR,ERR,ERR,ERR,ERR,ERR,ERR,ERR,ERR,ERR,ERR,ERR,ERR,ERR,ERR,ERR,ERR,ERR,ERR,ERR,ERR,ERR,ERR,ERR,ERR,ERR,ERR,ERR,ERR,ERR,ERR,ERR,ERR,ERR,ERR,ERR,ERR,ERR,ERR,ERR,ERR,ERR,ERR,ERR,ERR,ERR,ERR,ERR,ERR,ERR,ERR,ERR,ERR,ERR,ERR,ERR,ERR,ERR,ERR,ERR,ERR,ERR,ERR,ERR,ERR,ERR,ERR,ERR,ERR,ERR,ERR,ERR,ERR,ERR,ERR,ERR,ERR,ERR,ERR,ERR,ERR,ERR,ERR,ERR,ERR,ERR,ERR,ERR,ERR,ERR,ERR,ERR,ERR,ERR,ERR,ERR,ERR,ERR,ERR,ERR,ERR,ERR,ERR,ERR,ERR,ERR,ERR,ERR,ERR,ERR,ERR,ERR,ERR,ERR,ERR,ERR,ERR,ERR,ERR,ERR,ERR,ERR,0.0,-107615384.0,0.0,2.718290229135658e+23,-1.592,1.3936040501711995e+18,7.805,-0.0,0,0,4,48933,6720,14723890282496.0,100,0.0,0.0,0.0,-107609184.0,0.0,0,0,0,0,0.0,0,0,0,0,0,0,0,0,0,0,0,0,0,0,0,0,0,0,0,0,0,0,0,0,0,0,0,0,0,0,0,0,0,26,51,50,76,65476,0,300,0,0,8,21553,0.0,-107605600.0,0.0,0.0,0.0,0.0,0.0,0.0,0.0,0.0,0.0,0.0,0.0,0.0,0.0,0.0,0.0,0.0,0.0,0.0,0.0,0.0,-0.0,0.0,-0.0,-0.0,0.0,0.0,0.0,0.0,4823.0,564145430724608.0,7243.0,0.0,0.0,2.7184303811560617e+23,2.718431101732002e+23,0.0,0.0,0.0,0.0,77,-126841118720.0,4.066850635700005e+29,0.0,0.0,0.0,0.0,0.0,0.0,0.0,0,0,0,0.0,0.0,0.0,0.0,0.0,0.0,0.0,0.0,0.0,0.0,0.0,0.0,0.0,0.0,0.0,0.0,0,-107875648.0,77,0.0,154,0.0,-101056864.0,ERR,ERR,ERR,ERR,ERR,ERR,ERR,ERR,ERR,ERR,ERR,ERR,ERR,ERR,ERR,ERR,ERR,ERR,ERR,ERR,ERR,ERR,ERR,ERR,ERR,ERR,ERR,ERR,ERR,ERR,ERR,ERR,ERR,ERR,ERR,ERR,ERR,ERR,ERR,ERR,ERR,ERR,ERR,ERR,ERR,ERR,ERR,ERR,ERR,ERR,ERR,ERR,ERR,ERR,ERR,ERR,ERR,ERR,ERR,ERR,ERR,ERR,ERR,ERR,ERR,ERR,ERR,34.0,80.0,35,0.0,0.0,0.0,0.0,0.0,0.0,0.0,0.0,0.0,0.0,0.0,0.0,0.0,0.0,0.0,0.0,65.6,0,120,58,53,65476,0,300,0,0,8,20529,65476,0,0,57672,80.0,0.0,0.0,0.0,0.0,0.0
2026-06-18T02:48:49,ERR,ERR,ERR,ERR,ERR,ERR,ERR,ERR,ERR,ERR,ERR,ERR,ERR,ERR,ERR,ERR,ERR,ERR,ERR,ERR,ERR,ERR,ERR,ERR,ERR,ERR,ERR,ERR,ERR,ERR,ERR,ERR,ERR,ERR,ERR,ERR,ERR,ERR,ERR,ERR,ERR,ERR,ERR,ERR,ERR,ERR,ERR,ERR,ERR,ERR,ERR,ERR,ERR,ERR,ERR,ERR,ERR,ERR,ERR,ERR,ERR,ERR,ERR,ERR,ERR,ERR,ERR,ERR,ERR,ERR,ERR,ERR,ERR,ERR,ERR,ERR,ERR,ERR,ERR,ERR,ERR,ERR,ERR,ERR,ERR,ERR,ERR,ERR,ERR,ERR,ERR,ERR,ERR,ERR,ERR,ERR,ERR,ERR,ERR,ERR,ERR,ERR,ERR,ERR,ERR,ERR,ERR,ERR,ERR,ERR,ERR,ERR,ERR,ERR,ERR,ERR,ERR,ERR,ERR,ERR,ERR,ERR,ERR,ERR,ERR,0.0,-107615384.0,0.0,2.718290229135658e+23,-1.592,1.3936040501711995e+18,7.805,-0.0,0,0,4,48933,6720,14723890282496.0,100,0.0,0.0,0.0,-107609184.0,0.0,0,0,0,0,0.0,0,0,0,0,0,0,0,0,0,0,0,0,0,0,0,0,0,0,0,0,0,0,0,0,0,0,0,0,0,0,0,0,0,26,51,50,76,65476,0,300,0,0,8,21553,0.0,-107605600.0,0.0,0.0,0.0,0.0,0.0,0.0,0.0,0.0,0.0,0.0,0.0,0.0,0.0,0.0,0.0,0.0,0.0,0.0,0.0,0.0,-0.0,0.0,-0.0,-0.0,0.0,0.0,0.0,0.0,4823.0,564145430724608.0,7243.0,0.0,0.0,2.7184303811560617e+23,2.718431101732002e+23,0.0,0.0,0.0,0.0,77,-126841118720.0,4.066850635700005e+29,0.0,0.0,0.0,0.0,0.0,0.0,0.0,0,0,0,0.0,0.0,0.0,0.0,0.0,0.0,0.0,0.0,0.0,0.0,0.0,0.0,0.0,0.0,0.0,0.0,0,-107875648.0,77,0.0,154,0.0,-101056864.0,ERR,ERR,ERR,ERR,ERR,ERR,ERR,ERR,ERR,ERR,ERR,ERR,ERR,ERR,ERR,ERR,ERR,ERR,ERR,ERR,ERR,ERR,ERR,ERR,ERR,ERR,ERR,ERR,ERR,ERR,ERR,ERR,ERR,ERR,ERR,ERR,ERR,ERR,ERR,ERR,ERR,ERR,ERR,ERR,ERR,ERR,ERR,ERR,ERR,ERR,ERR,ERR,ERR,ERR,ERR,ERR,ERR,ERR,ERR,ERR,ERR,ERR,ERR,ERR,ERR,ERR,ERR,34.0,80.0,35,0.0,0.0,0.0,0.0,0.0,0.0,0.0,0.0,0.0,0.0,0.0,0.0,0.0,0.0,0.0,0.0,65.6,0,120,58,53,65476,0,300,0,0,8,20529,65476,0,0,57672,80.0,0.0,0.0,0.0,0.0,0.0
2026-06-18T02:48:50,ERR,ERR,ERR,ERR,ERR,ERR,ERR,ERR,ERR,ERR,ERR,ERR,ERR,ERR,ERR,ERR,ERR,ERR,ERR,ERR,ERR,ERR,ERR,ERR,ERR,ERR,ERR,ERR,ERR,ERR,ERR,ERR,ERR,ERR,ERR,ERR,ERR,ERR,ERR,ERR,ERR,ERR,ERR,ERR,ERR,ERR,ERR,ERR,ERR,ERR,ERR,ERR,ERR,ERR,ERR,ERR,ERR,ERR,ERR,ERR,ERR,ERR,ERR,ERR,ERR,ERR,ERR,ERR,ERR,ERR,ERR,ERR,ERR,ERR,ERR,ERR,ERR,ERR,ERR,ERR,ERR,ERR,ERR,ERR,ERR,ERR,ERR,ERR,ERR,ERR,ERR,ERR,ERR,ERR,ERR,ERR,ERR,ERR,ERR,ERR,ERR,ERR,ERR,ERR,ERR,ERR,ERR,ERR,ERR,ERR,ERR,ERR,ERR,ERR,ERR,ERR,ERR,ERR,ERR,ERR,ERR,ERR,ERR,ERR,ERR,0.0,0.0,-0.0,0.0,nan,1.3936040501711995e+18,7.805,118629576.0,0,0,4,48954,6720,14723890282496.0,100,0.0,0.0,0.0,0.0,0.0,0,0,0,0,0.0,0,0,0,0,0,0,0,0,0,0,0,0,0,0,0,0,0,0,0,0,0,0,0,0,0,0,0,0,0,0,0,0,0,26,51,50,76,65476,0,300,0,0,8,21553,0.0,-107605600.0,0.0,0.0,0.0,0.0,0.0,0.0,0.0,0.0,0.0,0.0,0.0,0.0,0.0,0.0,0.0,0.0,0.0,0.0,0.0,0.0,-0.0,0.0,-0.0,-0.0,0.0,0.0,0.0,0.0,4822.0,2.422986175150025e+24,7249.0,0.0,0.0,2.7184303811560617e+23,2.718431101732002e+23,0.0,0.0,0.0,0.0,77,-0.059,-0.0,0.0,0.0,0.0,0.0,0.0,0.0,0.0,0,0,0,0.0,0.0,0.0,0.0,0.0,0.0,0.0,0.0,0.0,0.0,0.0,0.0,0.0,0.0,0.0,0.0,0,-107875648.0,77,0.0,154,0.0,-101056864.0,ERR,ERR,ERR,ERR,ERR,ERR,ERR,ERR,ERR,ERR,ERR,ERR,ERR,ERR,ERR,ERR,ERR,ERR,ERR,ERR,ERR,ERR,ERR,ERR,ERR,ERR,ERR,ERR,ERR,ERR,ERR,ERR,ERR,ERR,ERR,ERR,ERR,ERR,ERR,ERR,ERR,ERR,ERR,ERR,ERR,ERR,ERR,ERR,ERR,ERR,ERR,ERR,ERR,ERR,ERR,ERR,ERR,ERR,ERR,ERR,ERR,ERR,ERR,ERR,ERR,ERR,ERR,34.0,80.0,35,0.0,0.0,0.0,0.0,0.0,0.0,0.0,0.0,0.0,0.0,0.0,0.0,0.0,0.0,0.0,0.0,66.4,0,120,58,53,65476,0,300,0,0,8,20529,65476,0,0,57672,80.0,0.0,0.0,0.0,0.0,0.0
2026-06-18T02:48:51,ERR,ERR,ERR,ERR,ERR,ERR,ERR,ERR,ERR,ERR,ERR,ERR,ERR,ERR,ERR,ERR,ERR,ERR,ERR,ERR,ERR,ERR,ERR,ERR,ERR,ERR,ERR,ERR,ERR,ERR,ERR,ERR,ERR,ERR,ERR,ERR,ERR,ERR,ERR,ERR,ERR,ERR,ERR,ERR,ERR,ERR,ERR,ERR,ERR,ERR,ERR,ERR,ERR,ERR,ERR,ERR,ERR,ERR,ERR,ERR,ERR,ERR,ERR,ERR,ERR,ERR,ERR,ERR,ERR,ERR,ERR,ERR,ERR,ERR,ERR,ERR,ERR,ERR,ERR,ERR,ERR,ERR,ERR,ERR,ERR,ERR,ERR,ERR,ERR,ERR,ERR,ERR,ERR,ERR,ERR,ERR,ERR,ERR,ERR,ERR,ERR,ERR,ERR,ERR,ERR,ERR,ERR,ERR,ERR,ERR,ERR,ERR,ERR,ERR,ERR,ERR,ERR,ERR,ERR,ERR,ERR,ERR,ERR,ERR,ERR,0.0,0.0,-0.0,0.0,nan,1.3936040501711995e+18,7.805,118629576.0,0,0,4,48954,6720,14723890282496.0,100,0.0,0.0,0.0,0.0,0.0,0,0,0,0,0.0,0,0,0,0,0,0,0,0,0,0,0,0,0,0,0,0,0,0,0,0,0,0,0,0,0,0,0,0,0,0,0,0,0,26,51,50,76,65476,0,300,0,0,8,21553,0.0,-107605600.0,0.0,0.0,0.0,0.0,0.0,0.0,0.0,0.0,0.0,0.0,0.0,0.0,0.0,0.0,0.0,0.0,0.0,0.0,0.0,0.0,-0.0,0.0,-0.0,-0.0,0.0,0.0,0.0,0.0,4822.0,2.422986175150025e+24,7249.0,0.0,0.0,2.7184303811560617e+23,2.718431101732002e+23,0.0,0.0,0.0,0.0,77,-0.059,-0.0,0.0,0.0,0.0,0.0,0.0,0.0,0.0,0,0,0,0.0,0.0,0.0,0.0,0.0,0.0,0.0,0.0,0.0,0.0,0.0,0.0,0.0,0.0,0.0,0.0,0,-107875648.0,77,0.0,154,0.0,-101056864.0,ERR,ERR,ERR,ERR,ERR,ERR,ERR,ERR,ERR,ERR,ERR,ERR,ERR,ERR,ERR,ERR,ERR,ERR,ERR,ERR,ERR,ERR,ERR,ERR,ERR,ERR,ERR,ERR,ERR,ERR,ERR,ERR,ERR,ERR,ERR,ERR,ERR,ERR,ERR,ERR,ERR,ERR,ERR,ERR,ERR,ERR,ERR,ERR,ERR,ERR,ERR,ERR,ERR,ERR,ERR,ERR,ERR,ERR,ERR,ERR,ERR,ERR,ERR,ERR,ERR,ERR,ERR,34.0,80.0,35,0.0,0.0,0.0,0.0,0.0,0.0,0.0,0.0,0.0,0.0,0.0,0.0,0.0,0.0,0.0,0.0,66.4,0,120,58,53,65476,0,300,0,0,8,20529,65476,0,0,57672,80.0,0.0,0.0,0.0,0.0,0.0
2026-06-18T02:48:52,ERR,ERR,ERR,ERR,ERR,ERR,ERR,ERR,ERR,ERR,ERR,ERR,ERR,ERR,ERR,ERR,ERR,ERR,ERR,ERR,ERR,ERR,ERR,ERR,ERR,ERR,ERR,ERR,ERR,ERR,ERR,ERR,ERR,ERR,ERR,ERR,ERR,ERR,ERR,ERR,ERR,ERR,ERR,ERR,ERR,ERR,ERR,ERR,ERR,ERR,ERR,ERR,ERR,ERR,ERR,ERR,ERR,ERR,ERR,ERR,ERR,ERR,ERR,ERR,ERR,ERR,ERR,ERR,ERR,ERR,ERR,ERR,ERR,ERR,ERR,ERR,ERR,ERR,ERR,ERR,ERR,ERR,ERR,ERR,ERR,ERR,ERR,ERR,ERR,ERR,ERR,ERR,ERR,ERR,ERR,ERR,ERR,ERR,ERR,ERR,ERR,ERR,ERR,ERR,ERR,ERR,ERR,ERR,ERR,ERR,ERR,ERR,ERR,ERR,ERR,ERR,ERR,ERR,ERR,ERR,ERR,ERR,ERR,ERR,ERR,0.0,0.0,-0.0,0.0,nan,1.3936040501711995e+18,7.805,118629576.0,0,0,4,48954,6720,14723890282496.0,100,0.0,0.0,0.0,0.0,0.0,0,0,0,0,0.0,0,0,0,0,0,0,0,0,0,0,0,0,0,0,0,0,0,0,0,0,0,0,0,0,0,0,0,0,0,0,0,0,0,26,51,50,76,65476,0,300,0,0,8,21553,0.0,-107605600.0,0.0,0.0,0.0,0.0,0.0,0.0,0.0,0.0,0.0,0.0,0.0,0.0,0.0,0.0,0.0,0.0,0.0,0.0,0.0,0.0,-0.0,0.0,-0.0,-0.0,0.0,0.0,0.0,0.0,4822.0,2.422986175150025e+24,7249.0,0.0,0.0,2.7184303811560617e+23,2.718431101732002e+23,0.0,0.0,0.0,0.0,77,-0.059,-0.0,0.0,0.0,0.0,0.0,0.0,0.0,0.0,0,0,0,0.0,0.0,0.0,0.0,0.0,0.0,0.0,0.0,0.0,0.0,0.0,0.0,0.0,0.0,0.0,0.0,0,-107875648.0,77,0.0,154,0.0,-101056864.0,ERR,ERR,ERR,ERR,ERR,ERR,ERR,ERR,ERR,ERR,ERR,ERR,ERR,ERR,ERR,ERR,ERR,ERR,ERR,ERR,ERR,ERR,ERR,ERR,ERR,ERR,ERR,ERR,ERR,ERR,ERR,ERR,ERR,ERR,ERR,ERR,ERR,ERR,ERR,ERR,ERR,ERR,ERR,ERR,ERR,ERR,ERR,ERR,ERR,ERR,ERR,ERR,ERR,ERR,ERR,ERR,ERR,ERR,ERR,ERR,ERR,ERR,ERR,ERR,ERR,ERR,ERR,34.0,80.0,35,0.0,0.0,0.0,0.0,0.0,0.0,0.0,0.0,0.0,0.0,0.0,0.0,0.0,0.0,0.0,0.0,66.0,0,120,58,53,65476,0,300,0,0,8,20529,65476,0,0,57672,80.0,0.0,0.0,0.0,0.0,0.0
2026-06-18T02:48:53,ERR,ERR,ERR,ERR,ERR,ERR,ERR,ERR,ERR,ERR,ERR,ERR,ERR,ERR,ERR,ERR,ERR,ERR,ERR,ERR,ERR,ERR,ERR,ERR,ERR,ERR,ERR,ERR,ERR,ERR,ERR,ERR,ERR,ERR,ERR,ERR,ERR,ERR,ERR,ERR,ERR,ERR,ERR,ERR,ERR,ERR,ERR,ERR,ERR,ERR,ERR,ERR,ERR,ERR,ERR,ERR,ERR,ERR,ERR,ERR,ERR,ERR,ERR,ERR,ERR,ERR,ERR,ERR,ERR,ERR,ERR,ERR,ERR,ERR,ERR,ERR,ERR,ERR,ERR,ERR,ERR,ERR,ERR,ERR,ERR,ERR,ERR,ERR,ERR,ERR,ERR,ERR,ERR,ERR,ERR,ERR,ERR,ERR,ERR,ERR,ERR,ERR,ERR,ERR,ERR,ERR,ERR,ERR,ERR,ERR,ERR,ERR,ERR,ERR,ERR,ERR,ERR,ERR,ERR,ERR,ERR,ERR,ERR,ERR,ERR,0.0,0.0,-0.0,0.0,nan,1.3936040501711995e+18,7.805,118629576.0,0,0,4,48954,6720,14723890282496.0,100,0.0,0.0,0.0,0.0,0.0,0,0,0,0,0.0,0,0,0,0,0,0,0,0,0,0,0,0,0,0,0,0,0,0,0,0,0,0,0,0,0,0,0,0,0,0,0,0,0,26,51,50,76,65476,0,300,0,0,8,21553,0.0,-107605600.0,0.0,0.0,0.0,0.0,0.0,0.0,0.0,0.0,0.0,0.0,0.0,0.0,0.0,0.0,0.0,0.0,0.0,0.0,0.0,0.0,-0.0,0.0,-0.0,-0.0,0.0,0.0,0.0,0.0,4822.0,2.422986175150025e+24,7249.0,0.0,0.0,2.7184303811560617e+23,2.718431101732002e+23,0.0,0.0,0.0,0.0,77,-0.059,-0.0,0.0,0.0,0.0,0.0,0.0,0.0,0.0,0,0,0,0.0,0.0,0.0,0.0,0.0,0.0,0.0,0.0,0.0,0.0,0.0,0.0,0.0,0.0,0.0,0.0,0,-107875648.0,77,0.0,154,0.0,-101056864.0,ERR,ERR,ERR,ERR,ERR,ERR,ERR,ERR,ERR,ERR,ERR,ERR,ERR,ERR,ERR,ERR,ERR,ERR,ERR,ERR,ERR,ERR,ERR,ERR,ERR,ERR,ERR,ERR,ERR,ERR,ERR,ERR,ERR,ERR,ERR,ERR,ERR,ERR,ERR,ERR,ERR,ERR,ERR,ERR,ERR,ERR,ERR,ERR,ERR,ERR,ERR,ERR,ERR,ERR,ERR,ERR,ERR,ERR,ERR,ERR,ERR,ERR,ERR,ERR,ERR,ERR,ERR,34.0,80.0,35,0.0,0.0,0.0,0.0,0.0,0.0,0.0,0.0,0.0,0.0,0.0,0.0,0.0,0.0,0.0,0.0,65.6,0,120,58,53,65476,0,300,0,0,8,20529,65476,0,0,57672,80.0,0.0,0.0,0.0,0.0,0.0
2026-06-18T02:48:54,ERR,ERR,ERR,ERR,ERR,ERR,ERR,ERR,ERR,ERR,ERR,ERR,ERR,ERR,ERR,ERR,ERR,ERR,ERR,ERR,ERR,ERR,ERR,ERR,ERR,ERR,ERR,ERR,ERR,ERR,ERR,ERR,ERR,ERR,ERR,ERR,ERR,ERR,ERR,ERR,ERR,ERR,ERR,ERR,ERR,ERR,ERR,ERR,ERR,ERR,ERR,ERR,ERR,ERR,ERR,ERR,ERR,ERR,ERR,ERR,ERR,ERR,ERR,ERR,ERR,ERR,ERR,ERR,ERR,ERR,ERR,ERR,ERR,ERR,ERR,ERR,ERR,ERR,ERR,ERR,ERR,ERR,ERR,ERR,ERR,ERR,ERR,ERR,ERR,ERR,ERR,ERR,ERR,ERR,ERR,ERR,ERR,ERR,ERR,ERR,ERR,ERR,ERR,ERR,ERR,ERR,ERR,ERR,ERR,ERR,ERR,ERR,ERR,ERR,ERR,ERR,ERR,ERR,ERR,ERR,ERR,ERR,ERR,ERR,ERR,0.0,0.0,-0.0,0.0,nan,1.3936040501711995e+18,7.805,118629576.0,0,0,4,48954,6720,14723890282496.0,100,0.0,0.0,0.0,0.0,0.0,0,0,0,0,0.0,0,0,0,0,0,0,0,0,0,0,0,0,0,0,0,0,0,0,0,0,0,0,0,0,0,0,0,0,0,0,0,0,0,26,51,50,76,65476,0,300,0,0,8,21553,0.0,-107605600.0,0.0,0.0,0.0,0.0,0.0,0.0,0.0,0.0,0.0,0.0,0.0,0.0,0.0,0.0,0.0,0.0,0.0,0.0,0.0,0.0,-0.0,0.0,-0.0,-0.0,0.0,0.0,0.0,0.0,4822.0,2.422986175150025e+24,7249.0,0.0,0.0,2.7184303811560617e+23,2.718431101732002e+23,0.0,0.0,0.0,0.0,77,-0.059,-0.0,0.0,0.0,0.0,0.0,0.0,0.0,0.0,0,0,0,0.0,0.0,0.0,0.0,0.0,0.0,0.0,0.0,0.0,0.0,0.0,0.0,0.0,0.0,0.0,0.0,0,-107875648.0,77,0.0,154,0.0,-101056864.0,ERR,ERR,ERR,ERR,ERR,ERR,ERR,ERR,ERR,ERR,ERR,ERR,ERR,ERR,ERR,ERR,ERR,ERR,ERR,ERR,ERR,ERR,ERR,ERR,ERR,ERR,ERR,ERR,ERR,ERR,ERR,ERR,ERR,ERR,ERR,ERR,ERR,ERR,ERR,ERR,ERR,ERR,ERR,ERR,ERR,ERR,ERR,ERR,ERR,ERR,ERR,ERR,ERR,ERR,ERR,ERR,ERR,ERR,ERR,ERR,ERR,ERR,ERR,ERR,ERR,ERR,ERR,34.0,80.0,35,0.0,0.0,0.0,0.0,0.0,0.0,0.0,0.0,0.0,0.0,0.0,0.0,0.0,0.0,0.0,0.0,65.6,0,120,58,53,65476,0,300,0,0,8,20529,65476,0,0,57672,80.0,0.0,0.0,0.0,0.0,0.0
2026-06-18T02:48:55,ERR,ERR,ERR,ERR,ERR,ERR,ERR,ERR,ERR,ERR,ERR,ERR,ERR,ERR,ERR,ERR,ERR,ERR,ERR,ERR,ERR,ERR,ERR,ERR,ERR,ERR,ERR,ERR,ERR,ERR,ERR,ERR,ERR,ERR,ERR,ERR,ERR,ERR,ERR,ERR,ERR,ERR,ERR,ERR,ERR,ERR,ERR,ERR,ERR,ERR,ERR,ERR,ERR,ERR,ERR,ERR,ERR,ERR,ERR,ERR,ERR,ERR,ERR,ERR,ERR,ERR,ERR,ERR,ERR,ERR,ERR,ERR,ERR,ERR,ERR,ERR,ERR,ERR,ERR,ERR,ERR,ERR,ERR,ERR,ERR,ERR,ERR,ERR,ERR,ERR,ERR,ERR,ERR,ERR,ERR,ERR,ERR,ERR,ERR,ERR,ERR,ERR,ERR,ERR,ERR,ERR,ERR,ERR,ERR,ERR,ERR,ERR,ERR,ERR,ERR,ERR,ERR,ERR,ERR,ERR,ERR,ERR,ERR,ERR,ERR,0.0,0.0,-0.0,0.0,nan,1.3936040501711995e+18,7.805,118629576.0,0,0,4,48952,6720,14723890282496.0,100,0.0,0.0,0.0,0.059,0.0,0,0,0,0,0.0,0,0,0,0,0,0,0,0,0,0,0,0,0,0,0,0,0,0,0,0,0,0,0,0,0,0,0,0,0,0,0,0,0,26,51,50,76,65476,0,300,0,0,8,21553,0.0,-107605600.0,0.0,0.0,0.0,0.0,0.0,0.0,0.0,0.0,0.0,0.0,0.0,0.0,0.0,0.0,0.0,0.0,0.0,0.0,0.0,0.0,-0.0,-2.004,-0.0,-0.0,0.0,0.0,0.0,0.0,4824.0,1.0406646380929485e+34,7247.0,0.0,0.0,2.7184303811560617e+23,2.718431101732002e+23,0.0,0.0,0.0,0.0,77,-152018471616512.0,-0.0,0.0,0.0,0.0,0.0,0.0,0.0,0.0,0,0,0,0.0,0.0,0.0,0.0,0.0,0.0,0.0,0.0,0.0,0.0,0.0,0.0,0.0,0.0,0.0,0.0,0,-107875648.0,77,0.0,154,0.0,-101056864.0,ERR,ERR,ERR,ERR,ERR,ERR,ERR,ERR,ERR,ERR,ERR,ERR,ERR,ERR,ERR,ERR,ERR,ERR,ERR,ERR,ERR,ERR,ERR,ERR,ERR,ERR,ERR,ERR,ERR,ERR,ERR,ERR,ERR,ERR,ERR,ERR,ERR,ERR,ERR,ERR,ERR,ERR,ERR,ERR,ERR,ERR,ERR,ERR,ERR,ERR,ERR,ERR,ERR,ERR,ERR,ERR,ERR,ERR,ERR,ERR,ERR,ERR,ERR,ERR,ERR,ERR,ERR,34.0,80.0,35,0.0,0.0,0.0,0.0,0.0,0.0,0.0,0.0,0.0,0.0,0.0,0.0,0.0,0.0,0.0,0.0,66.4,0,120,58,53,65476,0,300,0,0,8,20529,65476,0,0,57672,80.0,0.0,0.0,0.0,0.0,0.0
2026-06-18T02:48:56,ERR,ERR,ERR,ERR,ERR,ERR,ERR,ERR,ERR,ERR,ERR,ERR,ERR,ERR,ERR,ERR,ERR,ERR,ERR,ERR,ERR,ERR,ERR,ERR,ERR,ERR,ERR,ERR,ERR,ERR,ERR,ERR,ERR,ERR,ERR,ERR,ERR,ERR,ERR,ERR,ERR,ERR,ERR,ERR,ERR,ERR,ERR,ERR,ERR,ERR,ERR,ERR,ERR,ERR,ERR,ERR,ERR,ERR,ERR,ERR,ERR,ERR,ERR,ERR,ERR,ERR,ERR,ERR,ERR,ERR,ERR,ERR,ERR,ERR,ERR,ERR,ERR,ERR,ERR,ERR,ERR,ERR,ERR,ERR,ERR,ERR,ERR,ERR,ERR,ERR,ERR,ERR,ERR,ERR,ERR,ERR,ERR,ERR,ERR,ERR,ERR,ERR,ERR,ERR,ERR,ERR,ERR,ERR,ERR,ERR,ERR,ERR,ERR,ERR,ERR,ERR,ERR,ERR,ERR,ERR,ERR,ERR,ERR,ERR,ERR,0.0,0.0,-0.0,0.0,nan,1.3936040501711995e+18,7.805,118629576.0,0,0,4,48952,6720,14723890282496.0,100,0.0,0.0,0.0,0.059,0.0,0,0,0,0,0.0,0,0,0,0,0,0,0,0,0,0,0,0,0,0,0,0,0,0,0,0,0,0,0,0,0,0,0,0,0,0,0,0,0,26,51,50,76,65476,0,300,0,0,8,21553,0.0,-107605600.0,0.0,0.0,0.0,0.0,0.0,0.0,0.0,0.0,0.0,0.0,0.0,0.0,0.0,0.0,0.0,0.0,0.0,0.0,0.0,0.0,-0.0,-2.004,-0.0,-0.0,0.0,0.0,0.0,0.0,4824.0,1.0406646380929485e+34,7247.0,0.0,0.0,2.7184303811560617e+23,2.718431101732002e+23,0.0,0.0,0.0,0.0,77,-152018471616512.0,-0.0,0.0,0.0,0.0,0.0,0.0,0.0,0.0,0,0,0,0.0,0.0,0.0,0.0,0.0,0.0,0.0,0.0,0.0,0.0,0.0,0.0,0.0,0.0,0.0,0.0,0,-107875648.0,77,0.0,154,0.0,-101056864.0,ERR,ERR,ERR,ERR,ERR,ERR,ERR,ERR,ERR,ERR,ERR,ERR,ERR,ERR,ERR,ERR,ERR,ERR,ERR,ERR,ERR,ERR,ERR,ERR,ERR,ERR,ERR,ERR,ERR,ERR,ERR,ERR,ERR,ERR,ERR,ERR,ERR,ERR,ERR,ERR,ERR,ERR,ERR,ERR,ERR,ERR,ERR,ERR,ERR,ERR,ERR,ERR,ERR,ERR,ERR,ERR,ERR,ERR,ERR,ERR,ERR,ERR,ERR,ERR,ERR,ERR,ERR,34.0,80.0,35,0.0,0.0,0.0,0.0,0.0,0.0,0.0,0.0,0.0,0.0,0.0,0.0,0.0,0.0,0.0,0.0,66.4,0,120,58,53,65476,0,300,0,0,8,20529,65476,0,0,57672,80.0,0.0,0.0,0.0,0.0,0.0
2026-06-18T02:48:57,ERR,ERR,ERR,ERR,ERR,ERR,ERR,ERR,ERR,ERR,ERR,ERR,ERR,ERR,ERR,ERR,ERR,ERR,ERR,ERR,ERR,ERR,ERR,ERR,ERR,ERR,ERR,ERR,ERR,ERR,ERR,ERR,ERR,ERR,ERR,ERR,ERR,ERR,ERR,ERR,ERR,ERR,ERR,ERR,ERR,ERR,ERR,ERR,ERR,ERR,ERR,ERR,ERR,ERR,ERR,ERR,ERR,ERR,ERR,ERR,ERR,ERR,ERR,ERR,ERR,ERR,ERR,ERR,ERR,ERR,ERR,ERR,ERR,ERR,ERR,ERR,ERR,ERR,ERR,ERR,ERR,ERR,ERR,ERR,ERR,ERR,ERR,ERR,ERR,ERR,ERR,ERR,ERR,ERR,ERR,ERR,ERR,ERR,ERR,ERR,ERR,ERR,ERR,ERR,ERR,ERR,ERR,ERR,ERR,ERR,ERR,ERR,ERR,ERR,ERR,ERR,ERR,ERR,ERR,ERR,ERR,ERR,ERR,ERR,ERR,0.0,0.0,-0.0,0.0,nan,1.3936040501711995e+18,7.805,118629576.0,0,0,4,48952,6720,14723890282496.0,100,0.0,0.0,0.0,0.059,0.0,0,0,0,0,0.0,0,0,0,0,0,0,0,0,0,0,0,0,0,0,0,0,0,0,0,0,0,0,0,0,0,0,0,0,0,0,0,0,0,26,51,50,76,65476,0,300,0,0,8,21553,0.0,-107605600.0,0.0,0.0,0.0,0.0,0.0,0.0,0.0,0.0,0.0,0.0,0.0,0.0,0.0,0.0,0.0,0.0,0.0,0.0,0.0,0.0,-0.0,-2.004,-0.0,-0.0,0.0,0.0,0.0,0.0,4824.0,1.0406646380929485e+34,7247.0,0.0,0.0,2.7184303811560617e+23,2.718431101732002e+23,0.0,0.0,0.0,0.0,77,-152018471616512.0,-0.0,0.0,0.0,0.0,0.0,0.0,0.0,0.0,0,0,0,0.0,0.0,0.0,0.0,0.0,0.0,0.0,0.0,0.0,0.0,0.0,0.0,0.0,0.0,0.0,0.0,0,-107875648.0,77,0.0,154,0.0,-101056864.0,ERR,ERR,ERR,ERR,ERR,ERR,ERR,ERR,ERR,ERR,ERR,ERR,ERR,ERR,ERR,ERR,ERR,ERR,ERR,ERR,ERR,ERR,ERR,ERR,ERR,ERR,ERR,ERR,ERR,ERR,ERR,ERR,ERR,ERR,ERR,ERR,ERR,ERR,ERR,ERR,ERR,ERR,ERR,ERR,ERR,ERR,ERR,ERR,ERR,ERR,ERR,ERR,ERR,ERR,ERR,ERR,ERR,ERR,ERR,ERR,ERR,ERR,ERR,ERR,ERR,ERR,ERR,34.0,80.0,35,0.0,0.0,0.0,0.0,0.0,0.0,0.0,0.0,0.0,0.0,0.0,0.0,0.0,0.0,0.0,0.0,65.6,0,120,58,53,65476,0,300,0,0,8,20529,65476,0,0,57672,80.0,0.0,0.0,0.0,0.0,0.0
2026-06-18T02:48:58,ERR,ERR,ERR,ERR,ERR,ERR,ERR,ERR,ERR,ERR,ERR,ERR,ERR,ERR,ERR,ERR,ERR,ERR,ERR,ERR,ERR,ERR,ERR,ERR,ERR,ERR,ERR,ERR,ERR,ERR,ERR,ERR,ERR,ERR,ERR,ERR,ERR,ERR,ERR,ERR,ERR,ERR,ERR,ERR,ERR,ERR,ERR,ERR,ERR,ERR,ERR,ERR,ERR,ERR,ERR,ERR,ERR,ERR,ERR,ERR,ERR,ERR,ERR,ERR,ERR,ERR,ERR,ERR,ERR,ERR,ERR,ERR,ERR,ERR,ERR,ERR,ERR,ERR,ERR,ERR,ERR,ERR,ERR,ERR,ERR,ERR,ERR,ERR,ERR,ERR,ERR,ERR,ERR,ERR,ERR,ERR,ERR,ERR,ERR,ERR,ERR,ERR,ERR,ERR,ERR,ERR,ERR,ERR,ERR,ERR,ERR,ERR,ERR,ERR,ERR,ERR,ERR,ERR,ERR,ERR,ERR,ERR,ERR,ERR,ERR,0.0,0.0,-0.0,0.0,nan,1.3936040501711995e+18,7.805,118629576.0,0,0,4,48952,6720,14723890282496.0,100,0.0,0.0,0.0,0.059,0.0,0,0,0,0,0.0,0,0,0,0,0,0,0,0,0,0,0,0,0,0,0,0,0,0,0,0,0,0,0,0,0,0,0,0,0,0,0,0,0,26,51,50,76,65476,0,300,0,0,8,21553,0.0,-107605600.0,0.0,0.0,0.0,0.0,0.0,0.0,0.0,0.0,0.0,0.0,0.0,0.0,0.0,0.0,0.0,0.0,0.0,0.0,0.0,0.0,-0.0,-2.004,-0.0,-0.0,0.0,0.0,0.0,0.0,4824.0,1.0406646380929485e+34,7247.0,0.0,0.0,2.7184303811560617e+23,2.718431101732002e+23,0.0,0.0,0.0,0.0,77,-152018471616512.0,-0.0,0.0,0.0,0.0,0.0,0.0,0.0,0.0,0,0,0,0.0,0.0,0.0,0.0,0.0,0.0,0.0,0.0,0.0,0.0,0.0,0.0,0.0,0.0,0.0,0.0,0,-107875648.0,77,0.0,154,0.0,-101056864.0,ERR,ERR,ERR,ERR,ERR,ERR,ERR,ERR,ERR,ERR,ERR,ERR,ERR,ERR,ERR,ERR,ERR,ERR,ERR,ERR,ERR,ERR,ERR,ERR,ERR,ERR,ERR,ERR,ERR,ERR,ERR,ERR,ERR,ERR,ERR,ERR,ERR,ERR,ERR,ERR,ERR,ERR,ERR,ERR,ERR,ERR,ERR,ERR,ERR,ERR,ERR,ERR,ERR,ERR,ERR,ERR,ERR,ERR,ERR,ERR,ERR,ERR,ERR,ERR,ERR,ERR,ERR,34.0,80.0,35,0.0,0.0,0.0,0.0,0.0,0.0,0.0,0.0,0.0,0.0,0.0,0.0,0.0,0.0,0.0,0.0,65.6,0,120,58,53,65476,0,300,0,0,8,20529,65476,0,0,57672,80.0,0.0,0.0,0.0,0.0,0.0
2026-06-18T02:48:59,ERR,ERR,ERR,ERR,ERR,ERR,ERR,ERR,ERR,ERR,ERR,ERR,ERR,ERR,ERR,ERR,ERR,ERR,ERR,ERR,ERR,ERR,ERR,ERR,ERR,ERR,ERR,ERR,ERR,ERR,ERR,ERR,ERR,ERR,ERR,ERR,ERR,ERR,ERR,ERR,ERR,ERR,ERR,ERR,ERR,ERR,ERR,ERR,ERR,ERR,ERR,ERR,ERR,ERR,ERR,ERR,ERR,ERR,ERR,ERR,ERR,ERR,ERR,ERR,ERR,ERR,ERR,ERR,ERR,ERR,ERR,ERR,ERR,ERR,ERR,ERR,ERR,ERR,ERR,ERR,ERR,ERR,ERR,ERR,ERR,ERR,ERR,ERR,ERR,ERR,ERR,ERR,ERR,ERR,ERR,ERR,ERR,ERR,ERR,ERR,ERR,ERR,ERR,ERR,ERR,ERR,ERR,ERR,ERR,ERR,ERR,ERR,ERR,ERR,ERR,ERR,ERR,ERR,ERR,ERR,ERR,ERR,ERR,ERR,ERR,0.0,0.0,-0.0,0.0,nan,1.3936040501711995e+18,7.805,118629576.0,0,0,4,48952,6720,14723890282496.0,100,0.0,0.0,0.0,0.059,0.0,0,0,0,0,0.0,0,0,0,0,0,0,0,0,0,0,0,0,0,0,0,0,0,0,0,0,0,0,0,0,0,0,0,0,0,0,0,0,0,26,51,50,76,65476,0,300,0,0,8,21553,0.0,-107605600.0,0.0,0.0,0.0,0.0,0.0,0.0,0.0,0.0,0.0,0.0,0.0,0.0,0.0,0.0,0.0,0.0,0.0,0.0,0.0,0.0,-0.0,-2.004,-0.0,-0.0,0.0,0.0,0.0,0.0,4824.0,1.0406646380929485e+34,7247.0,0.0,0.0,2.7184303811560617e+23,2.718431101732002e+23,0.0,0.0,0.0,0.0,77,-152018471616512.0,-0.0,0.0,0.0,0.0,0.0,0.0,0.0,0.0,0,0,0,0.0,0.0,0.0,0.0,0.0,0.0,0.0,0.0,0.0,0.0,0.0,0.0,0.0,0.0,0.0,0.0,0,-107875648.0,77,0.0,154,0.0,-101056864.0,ERR,ERR,ERR,ERR,ERR,ERR,ERR,ERR,ERR,ERR,ERR,ERR,ERR,ERR,ERR,ERR,ERR,ERR,ERR,ERR,ERR,ERR,ERR,ERR,ERR,ERR,ERR,ERR,ERR,ERR,ERR,ERR,ERR,ERR,ERR,ERR,ERR,ERR,ERR,ERR,ERR,ERR,ERR,ERR,ERR,ERR,ERR,ERR,ERR,ERR,ERR,ERR,ERR,ERR,ERR,ERR,ERR,ERR,ERR,ERR,ERR,ERR,ERR,ERR,ERR,ERR,ERR,34.0,80.0,35,0.0,0.0,0.0,0.0,0.0,0.0,0.0,0.0,0.0,0.0,0.0,0.0,0.0,0.0,0.0,0.0,66.4,0,120,58,53,65476,0,300,0,0,8,20529,65476,0,0,57672,80.0,0.0,0.0,0.0,0.0,0.0
2026-06-18T02:49:00,ERR,ERR,ERR,ERR,ERR,ERR,ERR,ERR,ERR,ERR,ERR,ERR,ERR,ERR,ERR,ERR,ERR,ERR,ERR,ERR,ERR,ERR,ERR,ERR,ERR,ERR,ERR,ERR,ERR,ERR,ERR,ERR,ERR,ERR,ERR,ERR,ERR,ERR,ERR,ERR,ERR,ERR,ERR,ERR,ERR,ERR,ERR,ERR,ERR,ERR,ERR,ERR,ERR,ERR,ERR,ERR,ERR,ERR,ERR,ERR,ERR,ERR,ERR,ERR,ERR,ERR,ERR,ERR,ERR,ERR,ERR,ERR,ERR,ERR,ERR,ERR,ERR,ERR,ERR,ERR,ERR,ERR,ERR,ERR,ERR,ERR,ERR,ERR,ERR,ERR,ERR,ERR,ERR,ERR,ERR,ERR,ERR,ERR,ERR,ERR,ERR,ERR,ERR,ERR,ERR,ERR,ERR,ERR,ERR,ERR,ERR,ERR,ERR,ERR,ERR,ERR,ERR,ERR,ERR,ERR,ERR,ERR,ERR,ERR,ERR,0.0,-107615384.0,0.0,-0.0,-1.584,1.3936040501711995e+18,7.805,8.60689115769574e+30,0,0,4,48961,6720,14723890282496.0,100,0.0,0.0,0.0,0.059,0.0,0,0,0,0,0.0,0,0,0,0,0,0,0,0,0,0,0,0,0,0,0,0,0,0,0,0,0,0,0,0,0,0,0,0,0,0,0,0,0,26,51,50,76,65476,0,300,0,0,8,21553,0.0,-107605600.0,0.0,0.0,0.0,0.0,0.0,0.0,0.0,0.0,0.0,0.0,0.0,0.0,0.0,0.0,0.0,0.0,0.0,0.0,0.0,0.0,-0.0,0.0,-0.0,-0.0,0.0,0.0,0.0,0.0,4822.0,1.5879282197463203e+29,7246.0,0.0,0.0,2.7184303811560617e+23,2.718431101732002e+23,0.0,0.0,0.0,0.0,77,-107615352.0,-0.0,0.0,0.0,0.0,0.0,0.0,0.0,0.0,0,0,0,0.0,0.0,0.0,0.0,0.0,0.0,0.0,0.0,0.0,0.0,0.0,0.0,0.0,0.0,0.0,0.0,0,-107875648.0,77,0.0,154,0.0,-101056864.0,ERR,ERR,ERR,ERR,ERR,ERR,ERR,ERR,ERR,ERR,ERR,ERR,ERR,ERR,ERR,ERR,ERR,ERR,ERR,ERR,ERR,ERR,ERR,ERR,ERR,ERR,ERR,ERR,ERR,ERR,ERR,ERR,ERR,ERR,ERR,ERR,ERR,ERR,ERR,ERR,ERR,ERR,ERR,ERR,ERR,ERR,ERR,ERR,ERR,ERR,ERR,ERR,ERR,ERR,ERR,ERR,ERR,ERR,ERR,ERR,ERR,ERR,ERR,ERR,ERR,ERR,ERR,34.0,80.0,35,0.0,0.0,0.0,0.0,0.0,0.0,0.0,0.0,0.0,0.0,0.0,0.0,0.0,0.0,0.0,0.0,66.4,0,120,58,53,65476,0,300,0,0,8,20529,65476,0,0,57672,80.0,0.0,0.0,0.0,0.0,0.0
2026-06-18T02:49:01,ERR,ERR,ERR,ERR,ERR,ERR,ERR,ERR,ERR,ERR,ERR,ERR,ERR,ERR,ERR,ERR,ERR,ERR,ERR,ERR,ERR,ERR,ERR,ERR,ERR,ERR,ERR,ERR,ERR,ERR,ERR,ERR,ERR,ERR,ERR,ERR,ERR,ERR,ERR,ERR,ERR,ERR,ERR,ERR,ERR,ERR,ERR,ERR,ERR,ERR,ERR,ERR,ERR,ERR,ERR,ERR,ERR,ERR,ERR,ERR,ERR,ERR,ERR,ERR,ERR,ERR,ERR,ERR,ERR,ERR,ERR,ERR,ERR,ERR,ERR,ERR,ERR,ERR,ERR,ERR,ERR,ERR,ERR,ERR,ERR,ERR,ERR,ERR,ERR,ERR,ERR,ERR,ERR,ERR,ERR,ERR,ERR,ERR,ERR,ERR,ERR,ERR,ERR,ERR,ERR,ERR,ERR,ERR,ERR,ERR,ERR,ERR,ERR,ERR,ERR,ERR,ERR,ERR,ERR,ERR,ERR,ERR,ERR,ERR,ERR,0.0,-107615384.0,0.0,-0.0,-1.584,1.3936040501711995e+18,7.805,8.60689115769574e+30,0,0,4,48961,6720,14723890282496.0,100,0.0,0.0,0.0,0.059,0.0,0,0,0,0,0.0,0,0,0,0,0,0,0,0,0,0,0,0,0,0,0,0,0,0,0,0,0,0,0,0,0,0,0,0,0,0,0,0,0,26,51,50,76,65476,0,300,0,0,8,21553,0.0,-107605600.0,0.0,0.0,0.0,0.0,0.0,0.0,0.0,0.0,0.0,0.0,0.0,0.0,0.0,0.0,0.0,0.0,0.0,0.0,0.0,0.0,-0.0,0.0,-0.0,-0.0,0.0,0.0,0.0,0.0,4822.0,1.5879282197463203e+29,7246.0,0.0,0.0,2.7184303811560617e+23,2.718431101732002e+23,0.0,0.0,0.0,0.0,77,-107615352.0,-0.0,0.0,0.0,0.0,0.0,0.0,0.0,0.0,0,0,0,0.0,0.0,0.0,0.0,0.0,0.0,0.0,0.0,0.0,0.0,0.0,0.0,0.0,0.0,0.0,0.0,0,-107875648.0,77,0.0,154,0.0,-101056864.0,ERR,ERR,ERR,ERR,ERR,ERR,ERR,ERR,ERR,ERR,ERR,ERR,ERR,ERR,ERR,ERR,ERR,ERR,ERR,ERR,ERR,ERR,ERR,ERR,ERR,ERR,ERR,ERR,ERR,ERR,ERR,ERR,ERR,ERR,ERR,ERR,ERR,ERR,ERR,ERR,ERR,ERR,ERR,ERR,ERR,ERR,ERR,ERR,ERR,ERR,ERR,ERR,ERR,ERR,ERR,ERR,ERR,ERR,ERR,ERR,ERR,ERR,ERR,ERR,ERR,ERR,ERR,34.0,80.0,35,0.0,0.0,0.0,0.0,0.0,0.0,0.0,0.0,0.0,0.0,0.0,0.0,0.0,0.0,0.0,0.0,65.6,0,119,58,53,65476,0,300,0,0,8,20529,65476,0,0,57672,80.0,0.0,0.0,0.0,0.0,0.0
2026-06-18T02:49:02,ERR,ERR,ERR,ERR,ERR,ERR,ERR,ERR,ERR,ERR,ERR,ERR,ERR,ERR,ERR,ERR,ERR,ERR,ERR,ERR,ERR,ERR,ERR,ERR,ERR,ERR,ERR,ERR,ERR,ERR,ERR,ERR,ERR,ERR,ERR,ERR,ERR,ERR,ERR,ERR,ERR,ERR,ERR,ERR,ERR,ERR,ERR,ERR,ERR,ERR,ERR,ERR,ERR,ERR,ERR,ERR,ERR,ERR,ERR,ERR,ERR,ERR,ERR,ERR,ERR,ERR,ERR,ERR,ERR,ERR,ERR,ERR,ERR,ERR,ERR,ERR,ERR,ERR,ERR,ERR,ERR,ERR,ERR,ERR,ERR,ERR,ERR,ERR,ERR,ERR,ERR,ERR,ERR,ERR,ERR,ERR,ERR,ERR,ERR,ERR,ERR,ERR,ERR,ERR,ERR,ERR,ERR,ERR,ERR,ERR,ERR,ERR,ERR,ERR,ERR,ERR,ERR,ERR,ERR,ERR,ERR,ERR,ERR,ERR,ERR,0.0,-107615384.0,0.0,-0.0,-1.584,1.3936040501711995e+18,7.805,8.60689115769574e+30,0,0,4,48961,6720,14723890282496.0,100,0.0,0.0,0.0,0.059,0.0,0,0,0,0,0.0,0,0,0,0,0,0,0,0,0,0,0,0,0,0,0,0,0,0,0,0,0,0,0,0,0,0,0,0,0,0,0,0,0,26,51,50,76,65476,0,300,0,0,8,21553,0.0,-107605600.0,0.0,0.0,0.0,0.0,0.0,0.0,0.0,0.0,0.0,0.0,0.0,0.0,0.0,0.0,0.0,0.0,0.0,0.0,0.0,0.0,-0.0,0.0,-0.0,-0.0,0.0,0.0,0.0,0.0,4822.0,1.5879282197463203e+29,7246.0,0.0,0.0,2.7184303811560617e+23,2.718431101732002e+23,0.0,0.0,0.0,0.0,77,-107615352.0,-0.0,0.0,0.0,0.0,0.0,0.0,0.0,0.0,0,0,0,0.0,0.0,0.0,0.0,0.0,0.0,0.0,0.0,0.0,0.0,0.0,0.0,0.0,0.0,0.0,0.0,0,-107875648.0,77,0.0,154,0.0,-101056864.0,ERR,ERR,ERR,ERR,ERR,ERR,ERR,ERR,ERR,ERR,ERR,ERR,ERR,ERR,ERR,ERR,ERR,ERR,ERR,ERR,ERR,ERR,ERR,ERR,ERR,ERR,ERR,ERR,ERR,ERR,ERR,ERR,ERR,ERR,ERR,ERR,ERR,ERR,ERR,ERR,ERR,ERR,ERR,ERR,ERR,ERR,ERR,ERR,ERR,ERR,ERR,ERR,ERR,ERR,ERR,ERR,ERR,ERR,ERR,ERR,ERR,ERR,ERR,ERR,ERR,ERR,ERR,34.0,80.0,35,0.0,0.0,0.0,0.0,0.0,0.0,0.0,0.0,0.0,0.0,0.0,0.0,0.0,0.0,0.0,0.0,65.6,0,119,58,53,65476,0,300,0,0,8,20529,65476,0,0,57672,80.0,0.0,0.0,0.0,0.0,0.0
2026-06-18T02:49:03,ERR,ERR,ERR,ERR,ERR,ERR,ERR,ERR,ERR,ERR,ERR,ERR,ERR,ERR,ERR,ERR,ERR,ERR,ERR,ERR,ERR,ERR,ERR,ERR,ERR,ERR,ERR,ERR,ERR,ERR,ERR,ERR,ERR,ERR,ERR,ERR,ERR,ERR,ERR,ERR,ERR,ERR,ERR,ERR,ERR,ERR,ERR,ERR,ERR,ERR,ERR,ERR,ERR,ERR,ERR,ERR,ERR,ERR,ERR,ERR,ERR,ERR,ERR,ERR,ERR,ERR,ERR,ERR,ERR,ERR,ERR,ERR,ERR,ERR,ERR,ERR,ERR,ERR,ERR,ERR,ERR,ERR,ERR,ERR,ERR,ERR,ERR,ERR,ERR,ERR,ERR,ERR,ERR,ERR,ERR,ERR,ERR,ERR,ERR,ERR,ERR,ERR,ERR,ERR,ERR,ERR,ERR,ERR,ERR,ERR,ERR,ERR,ERR,ERR,ERR,ERR,ERR,ERR,ERR,ERR,ERR,ERR,ERR,ERR,ERR,0.0,-107615384.0,0.0,-0.0,-1.584,1.3936040501711995e+18,7.805,8.60689115769574e+30,0,0,4,48961,6720,14723890282496.0,100,0.0,0.0,0.0,0.059,0.0,0,0,0,0,0.0,0,0,0,0,0,0,0,0,0,0,0,0,0,0,0,0,0,0,0,0,0,0,0,0,0,0,0,0,0,0,0,0,0,26,51,50,76,65476,0,300,0,0,8,21553,0.0,-107605600.0,0.0,0.0,0.0,0.0,0.0,0.0,0.0,0.0,0.0,0.0,0.0,0.0,0.0,0.0,0.0,0.0,0.0,0.0,0.0,0.0,-0.0,0.0,-0.0,-0.0,0.0,0.0,0.0,0.0,4822.0,1.5879282197463203e+29,7246.0,0.0,0.0,2.7184303811560617e+23,2.718431101732002e+23,0.0,0.0,0.0,0.0,77,-107615352.0,-0.0,0.0,0.0,0.0,0.0,0.0,0.0,0.0,0,0,0,0.0,0.0,0.0,0.0,0.0,0.0,0.0,0.0,0.0,0.0,0.0,0.0,0.0,0.0,0.0,0.0,0,-107875648.0,77,0.0,154,0.0,-101056864.0,ERR,ERR,ERR,ERR,ERR,ERR,ERR,ERR,ERR,ERR,ERR,ERR,ERR,ERR,ERR,ERR,ERR,ERR,ERR,ERR,ERR,ERR,ERR,ERR,ERR,ERR,ERR,ERR,ERR,ERR,ERR,ERR,ERR,ERR,ERR,ERR,ERR,ERR,ERR,ERR,ERR,ERR,ERR,ERR,ERR,ERR,ERR,ERR,ERR,ERR,ERR,ERR,ERR,ERR,ERR,ERR,ERR,ERR,ERR,ERR,ERR,ERR,ERR,ERR,ERR,ERR,ERR,34.0,80.0,35,0.0,0.0,0.0,0.0,0.0,0.0,0.0,0.0,0.0,0.0,0.0,0.0,0.0,0.0,0.0,0.0,65.6,0,119,58,53,65476,0,300,0,0,8,20529,65476,0,0,57672,80.0,0.0,0.0,0.0,0.0,0.0
2026-06-18T02:49:04,ERR,ERR,ERR,ERR,ERR,ERR,ERR,ERR,ERR,ERR,ERR,ERR,ERR,ERR,ERR,ERR,ERR,ERR,ERR,ERR,ERR,ERR,ERR,ERR,ERR,ERR,ERR,ERR,ERR,ERR,ERR,ERR,ERR,ERR,ERR,ERR,ERR,ERR,ERR,ERR,ERR,ERR,ERR,ERR,ERR,ERR,ERR,ERR,ERR,ERR,ERR,ERR,ERR,ERR,ERR,ERR,ERR,ERR,ERR,ERR,ERR,ERR,ERR,ERR,ERR,ERR,ERR,ERR,ERR,ERR,ERR,ERR,ERR,ERR,ERR,ERR,ERR,ERR,ERR,ERR,ERR,ERR,ERR,ERR,ERR,ERR,ERR,ERR,ERR,ERR,ERR,ERR,ERR,ERR,ERR,ERR,ERR,ERR,ERR,ERR,ERR,ERR,ERR,ERR,ERR,ERR,ERR,ERR,ERR,ERR,ERR,ERR,ERR,ERR,ERR,ERR,ERR,ERR,ERR,ERR,ERR,ERR,ERR,ERR,ERR,0.0,-107615384.0,0.0,-0.0,-1.584,1.3936040501711995e+18,7.805,8.60689115769574e+30,0,0,4,48961,6720,14723890282496.0,100,0.0,0.0,0.0,0.059,0.0,0,0,0,0,0.0,0,0,0,0,0,0,0,0,0,0,0,0,0,0,0,0,0,0,0,0,0,0,0,0,0,0,0,0,0,0,0,0,0,26,51,50,76,65476,0,300,0,0,8,21553,0.0,-107605600.0,0.0,0.0,0.0,0.0,0.0,0.0,0.0,0.0,0.0,0.0,0.0,0.0,0.0,0.0,0.0,0.0,0.0,0.0,0.0,0.0,-0.0,0.0,-0.0,-0.0,0.0,0.0,0.0,0.0,4822.0,1.5879282197463203e+29,7246.0,0.0,0.0,2.7184303811560617e+23,2.718431101732002e+23,0.0,0.0,0.0,0.0,77,-107615352.0,-0.0,0.0,0.0,0.0,0.0,0.0,0.0,0.0,0,0,0,0.0,0.0,0.0,0.0,0.0,0.0,0.0,0.0,0.0,0.0,0.0,0.0,0.0,0.0,0.0,0.0,0,-107875648.0,77,0.0,154,0.0,-101056864.0,ERR,ERR,ERR,ERR,ERR,ERR,ERR,ERR,ERR,ERR,ERR,ERR,ERR,ERR,ERR,ERR,ERR,ERR,ERR,ERR,ERR,ERR,ERR,ERR,ERR,ERR,ERR,ERR,ERR,ERR,ERR,ERR,ERR,ERR,ERR,ERR,ERR,ERR,ERR,ERR,ERR,ERR,ERR,ERR,ERR,ERR,ERR,ERR,ERR,ERR,ERR,ERR,ERR,ERR,ERR,ERR,ERR,ERR,ERR,ERR,ERR,ERR,ERR,ERR,ERR,ERR,ERR,34.0,80.0,35,0.0,0.0,0.0,0.0,0.0,0.0,0.0,0.0,0.0,0.0,0.0,0.0,0.0,0.0,0.0,0.0,65.6,0,119,58,53,65476,0,300,0,0,8,20529,65476,0,0,57672,80.0,0.0,0.0,0.0,0.0,0.0
2026-06-18T02:49:05,ERR,ERR,ERR,ERR,ERR,ERR,ERR,ERR,ERR,ERR,ERR,ERR,ERR,ERR,ERR,ERR,ERR,ERR,ERR,ERR,ERR,ERR,ERR,ERR,ERR,ERR,ERR,ERR,ERR,ERR,ERR,ERR,ERR,ERR,ERR,ERR,ERR,ERR,ERR,ERR,ERR,ERR,ERR,ERR,ERR,ERR,ERR,ERR,ERR,ERR,ERR,ERR,ERR,ERR,ERR,ERR,ERR,ERR,ERR,ERR,ERR,ERR,ERR,ERR,ERR,ERR,ERR,ERR,ERR,ERR,ERR,ERR,ERR,ERR,ERR,ERR,ERR,ERR,ERR,ERR,ERR,ERR,ERR,ERR,ERR,ERR,ERR,ERR,ERR,ERR,ERR,ERR,ERR,ERR,ERR,ERR,ERR,ERR,ERR,ERR,ERR,ERR,ERR,ERR,ERR,ERR,ERR,ERR,ERR,ERR,ERR,ERR,ERR,ERR,ERR,ERR,ERR,ERR,ERR,ERR,ERR,ERR,ERR,ERR,ERR,0.0,-107615384.0,0.0,2.718290229135658e+23,-1.592,1.3936040501711995e+18,7.805,-0.0,0,0,4,48961,6720,14723890282496.0,100,0.0,0.0,0.0,-152005385388032.0,0.0,0,0,0,0,0.0,0,0,0,0,0,0,0,0,0,0,0,0,0,0,0,0,0,0,0,0,0,0,0,0,0,0,0,0,0,0,0,0,0,26,51,50,76,65476,0,300,0,0,8,21553,0.0,-107605600.0,0.0,0.0,0.0,0.0,0.0,0.0,0.0,0.0,0.0,0.0,0.0,0.0,0.0,0.0,0.0,0.0,0.0,0.0,0.0,0.0,-0.0,-2.004,-0.0,-0.0,0.0,0.0,0.0,0.0,4822.0,-0.0,7254.0,0.0,-107615384.0,2.7184303811560617e+23,2.718431101732002e+23,0.0,0.0,0.0,0.0,77,-107615352.0,-2.308826643966827e+20,0.0,0.0,0.0,0.0,0.0,0.0,0.0,0,0,0,0.0,0.0,0.0,0.0,0.0,0.0,0.0,0.0,0.0,0.0,0.0,0.0,0.0,0.0,0.0,0.0,0,-107875648.0,77,0.0,154,0.0,-101056864.0,ERR,ERR,ERR,ERR,ERR,ERR,ERR,ERR,ERR,ERR,ERR,ERR,ERR,ERR,ERR,ERR,ERR,ERR,ERR,ERR,ERR,ERR,ERR,ERR,ERR,ERR,ERR,ERR,ERR,ERR,ERR,ERR,ERR,ERR,ERR,ERR,ERR,ERR,ERR,ERR,ERR,ERR,ERR,ERR,ERR,ERR,ERR,ERR,ERR,ERR,ERR,ERR,ERR,ERR,ERR,ERR,ERR,ERR,ERR,ERR,ERR,ERR,ERR,ERR,ERR,ERR,ERR,34.0,80.0,35,0.0,0.0,0.0,0.0,0.0,0.0,0.0,0.0,0.0,0.0,0.0,0.0,0.0,0.0,0.0,0.0,65.6,0,119,58,53,65476,0,300,0,0,8,20529,65476,0,0,57672,80.0,0.0,0.0,0.0,0.0,0.0
2026-06-18T02:49:06,ERR,ERR,ERR,ERR,ERR,ERR,ERR,ERR,ERR,ERR,ERR,ERR,ERR,ERR,ERR,ERR,ERR,ERR,ERR,ERR,ERR,ERR,ERR,ERR,ERR,ERR,ERR,ERR,ERR,ERR,ERR,ERR,ERR,ERR,ERR,ERR,ERR,ERR,ERR,ERR,ERR,ERR,ERR,ERR,ERR,ERR,ERR,ERR,ERR,ERR,ERR,ERR,ERR,ERR,ERR,ERR,ERR,ERR,ERR,ERR,ERR,ERR,ERR,ERR,ERR,ERR,ERR,ERR,ERR,ERR,ERR,ERR,ERR,ERR,ERR,ERR,ERR,ERR,ERR,ERR,ERR,ERR,ERR,ERR,ERR,ERR,ERR,ERR,ERR,ERR,ERR,ERR,ERR,ERR,ERR,ERR,ERR,ERR,ERR,ERR,ERR,ERR,ERR,ERR,ERR,ERR,ERR,ERR,ERR,ERR,ERR,ERR,ERR,ERR,ERR,ERR,ERR,ERR,ERR,ERR,ERR,ERR,ERR,ERR,ERR,0.0,-107615384.0,0.0,2.718290229135658e+23,-1.592,1.3936040501711995e+18,7.805,-0.0,0,0,4,48961,6720,14723890282496.0,100,0.0,0.0,0.0,-152005385388032.0,0.0,0,0,0,0,0.0,0,0,0,0,0,0,0,0,0,0,0,0,0,0,0,0,0,0,0,0,0,0,0,0,0,0,0,0,0,0,0,0,0,26,51,50,76,65476,0,300,0,0,8,21553,0.0,-107605600.0,0.0,0.0,0.0,0.0,0.0,0.0,0.0,0.0,0.0,0.0,0.0,0.0,0.0,0.0,0.0,0.0,0.0,0.0,0.0,0.0,-0.0,-2.004,-0.0,-0.0,0.0,0.0,0.0,0.0,4822.0,-0.0,7254.0,0.0,-107615384.0,2.7184303811560617e+23,2.718431101732002e+23,0.0,0.0,0.0,0.0,77,-107615352.0,-2.308826643966827e+20,0.0,0.0,0.0,0.0,0.0,0.0,0.0,0,0,0,0.0,0.0,0.0,0.0,0.0,0.0,0.0,0.0,0.0,0.0,0.0,0.0,0.0,0.0,0.0,0.0,0,-107875648.0,77,0.0,154,0.0,-101056864.0,ERR,ERR,ERR,ERR,ERR,ERR,ERR,ERR,ERR,ERR,ERR,ERR,ERR,ERR,ERR,ERR,ERR,ERR,ERR,ERR,ERR,ERR,ERR,ERR,ERR,ERR,ERR,ERR,ERR,ERR,ERR,ERR,ERR,ERR,ERR,ERR,ERR,ERR,ERR,ERR,ERR,ERR,ERR,ERR,ERR,ERR,ERR,ERR,ERR,ERR,ERR,ERR,ERR,ERR,ERR,ERR,ERR,ERR,ERR,ERR,ERR,ERR,ERR,ERR,ERR,ERR,ERR,34.0,80.0,35,0.0,0.0,0.0,0.0,0.0,0.0,0.0,0.0,0.0,0.0,0.0,0.0,0.0,0.0,0.0,0.0,66.4,0,119,58,53,65476,0,300,0,0,8,20529,65476,0,0,57672,80.0,0.0,0.0,0.0,0.0,0.0
2026-06-18T02:49:07,ERR,ERR,ERR,ERR,ERR,ERR,ERR,ERR,ERR,ERR,ERR,ERR,ERR,ERR,ERR,ERR,ERR,ERR,ERR,ERR,ERR,ERR,ERR,ERR,ERR,ERR,ERR,ERR,ERR,ERR,ERR,ERR,ERR,ERR,ERR,ERR,ERR,ERR,ERR,ERR,ERR,ERR,ERR,ERR,ERR,ERR,ERR,ERR,ERR,ERR,ERR,ERR,ERR,ERR,ERR,ERR,ERR,ERR,ERR,ERR,ERR,ERR,ERR,ERR,ERR,ERR,ERR,ERR,ERR,ERR,ERR,ERR,ERR,ERR,ERR,ERR,ERR,ERR,ERR,ERR,ERR,ERR,ERR,ERR,ERR,ERR,ERR,ERR,ERR,ERR,ERR,ERR,ERR,ERR,ERR,ERR,ERR,ERR,ERR,ERR,ERR,ERR,ERR,ERR,ERR,ERR,ERR,ERR,ERR,ERR,ERR,ERR,ERR,ERR,ERR,ERR,ERR,ERR,ERR,ERR,ERR,ERR,ERR,ERR,ERR,0.0,-107615384.0,0.0,2.718290229135658e+23,-1.592,1.3936040501711995e+18,7.805,-0.0,0,0,4,48961,6720,14723890282496.0,100,0.0,0.0,0.0,-152005385388032.0,0.0,0,0,0,0,0.0,0,0,0,0,0,0,0,0,0,0,0,0,0,0,0,0,0,0,0,0,0,0,0,0,0,0,0,0,0,0,0,0,0,26,51,50,76,65476,0,300,0,0,8,21553,0.0,-107605600.0,0.0,0.0,0.0,0.0,0.0,0.0,0.0,0.0,0.0,0.0,0.0,0.0,0.0,0.0,0.0,0.0,0.0,0.0,0.0,0.0,-0.0,-2.004,-0.0,-0.0,0.0,0.0,0.0,0.0,4822.0,-0.0,7254.0,0.0,-107615384.0,2.7184303811560617e+23,2.718431101732002e+23,0.0,0.0,0.0,0.0,77,-107615352.0,-2.308826643966827e+20,0.0,0.0,0.0,0.0,0.0,0.0,0.0,0,0,0,0.0,0.0,0.0,0.0,0.0,0.0,0.0,0.0,0.0,0.0,0.0,0.0,0.0,0.0,0.0,0.0,0,-107875648.0,77,0.0,154,0.0,-101056864.0,ERR,ERR,ERR,ERR,ERR,ERR,ERR,ERR,ERR,ERR,ERR,ERR,ERR,ERR,ERR,ERR,ERR,ERR,ERR,ERR,ERR,ERR,ERR,ERR,ERR,ERR,ERR,ERR,ERR,ERR,ERR,ERR,ERR,ERR,ERR,ERR,ERR,ERR,ERR,ERR,ERR,ERR,ERR,ERR,ERR,ERR,ERR,ERR,ERR,ERR,ERR,ERR,ERR,ERR,ERR,ERR,ERR,ERR,ERR,ERR,ERR,ERR,ERR,ERR,ERR,ERR,ERR,34.0,80.0,35,0.0,0.0,0.0,0.0,0.0,0.0,0.0,0.0,0.0,0.0,0.0,0.0,0.0,0.0,0.0,0.0,66.4,0,119,58,53,65476,0,300,0,0,8,20529,65476,0,0,57672,80.0,0.0,0.0,0.0,0.0,0.0
2026-06-18T02:49:08,ERR,ERR,ERR,ERR,ERR,ERR,ERR,ERR,ERR,ERR,ERR,ERR,ERR,ERR,ERR,ERR,ERR,ERR,ERR,ERR,ERR,ERR,ERR,ERR,ERR,ERR,ERR,ERR,ERR,ERR,ERR,ERR,ERR,ERR,ERR,ERR,ERR,ERR,ERR,ERR,ERR,ERR,ERR,ERR,ERR,ERR,ERR,ERR,ERR,ERR,ERR,ERR,ERR,ERR,ERR,ERR,ERR,ERR,ERR,ERR,ERR,ERR,ERR,ERR,ERR,ERR,ERR,ERR,ERR,ERR,ERR,ERR,ERR,ERR,ERR,ERR,ERR,ERR,ERR,ERR,ERR,ERR,ERR,ERR,ERR,ERR,ERR,ERR,ERR,ERR,ERR,ERR,ERR,ERR,ERR,ERR,ERR,ERR,ERR,ERR,ERR,ERR,ERR,ERR,ERR,ERR,ERR,ERR,ERR,ERR,ERR,ERR,ERR,ERR,ERR,ERR,ERR,ERR,ERR,ERR,ERR,ERR,ERR,ERR,ERR,0.0,-107615384.0,0.0,2.718290229135658e+23,-1.592,1.3936040501711995e+18,7.805,-0.0,0,0,4,48961,6720,14723890282496.0,100,0.0,0.0,0.0,-152005385388032.0,0.0,0,0,0,0,0.0,0,0,0,0,0,0,0,0,0,0,0,0,0,0,0,0,0,0,0,0,0,0,0,0,0,0,0,0,0,0,0,0,0,26,51,50,76,65476,0,300,0,0,8,21553,0.0,-107605600.0,0.0,0.0,0.0,0.0,0.0,0.0,0.0,0.0,0.0,0.0,0.0,0.0,0.0,0.0,0.0,0.0,0.0,0.0,0.0,0.0,-0.0,-2.004,-0.0,-0.0,0.0,0.0,0.0,0.0,4822.0,-0.0,7254.0,0.0,-107615384.0,2.7184303811560617e+23,2.718431101732002e+23,0.0,0.0,0.0,0.0,77,-107615352.0,-2.308826643966827e+20,0.0,0.0,0.0,0.0,0.0,0.0,0.0,0,0,0,0.0,0.0,0.0,0.0,0.0,0.0,0.0,0.0,0.0,0.0,0.0,0.0,0.0,0.0,0.0,0.0,0,-107875648.0,77,0.0,154,0.0,-101056864.0,ERR,ERR,ERR,ERR,ERR,ERR,ERR,ERR,ERR,ERR,ERR,ERR,ERR,ERR,ERR,ERR,ERR,ERR,ERR,ERR,ERR,ERR,ERR,ERR,ERR,ERR,ERR,ERR,ERR,ERR,ERR,ERR,ERR,ERR,ERR,ERR,ERR,ERR,ERR,ERR,ERR,ERR,ERR,ERR,ERR,ERR,ERR,ERR,ERR,ERR,ERR,ERR,ERR,ERR,ERR,ERR,ERR,ERR,ERR,ERR,ERR,ERR,ERR,ERR,ERR,ERR,ERR,34.0,80.0,35,0.0,0.0,0.0,0.0,0.0,0.0,0.0,0.0,0.0,0.0,0.0,0.0,0.0,0.0,0.0,0.0,65.6,0,119,58,53,65476,0,300,0,0,8,20529,65476,0,0,57672,80.0,0.0,0.0,0.0,0.0,0.0
2026-06-18T02:49:09,ERR,ERR,ERR,ERR,ERR,ERR,ERR,ERR,ERR,ERR,ERR,ERR,ERR,ERR,ERR,ERR,ERR,ERR,ERR,ERR,ERR,ERR,ERR,ERR,ERR,ERR,ERR,ERR,ERR,ERR,ERR,ERR,ERR,ERR,ERR,ERR,ERR,ERR,ERR,ERR,ERR,ERR,ERR,ERR,ERR,ERR,ERR,ERR,ERR,ERR,ERR,ERR,ERR,ERR,ERR,ERR,ERR,ERR,ERR,ERR,ERR,ERR,ERR,ERR,ERR,ERR,ERR,ERR,ERR,ERR,ERR,ERR,ERR,ERR,ERR,ERR,ERR,ERR,ERR,ERR,ERR,ERR,ERR,ERR,ERR,ERR,ERR,ERR,ERR,ERR,ERR,ERR,ERR,ERR,ERR,ERR,ERR,ERR,ERR,ERR,ERR,ERR,ERR,ERR,ERR,ERR,ERR,ERR,ERR,ERR,ERR,ERR,ERR,ERR,ERR,ERR,ERR,ERR,ERR,ERR,ERR,ERR,ERR,ERR,ERR,0.0,-107615384.0,0.0,2.718290229135658e+23,-1.592,1.3936040501711995e+18,7.805,-0.0,0,0,4,48961,6720,14723890282496.0,100,0.0,0.0,0.0,-152005385388032.0,0.0,0,0,0,0,0.0,0,0,0,0,0,0,0,0,0,0,0,0,0,0,0,0,0,0,0,0,0,0,0,0,0,0,0,0,0,0,0,0,0,26,51,50,76,65476,0,300,0,0,8,21553,0.0,-107605600.0,0.0,0.0,0.0,0.0,0.0,0.0,0.0,0.0,0.0,0.0,0.0,0.0,0.0,0.0,0.0,0.0,0.0,0.0,0.0,0.0,-0.0,-2.004,-0.0,-0.0,0.0,0.0,0.0,0.0,4822.0,-0.0,7254.0,0.0,-107615384.0,2.7184303811560617e+23,2.718431101732002e+23,0.0,0.0,0.0,0.0,77,-107615352.0,-2.308826643966827e+20,0.0,0.0,0.0,0.0,0.0,0.0,0.0,0,0,0,0.0,0.0,0.0,0.0,0.0,0.0,0.0,0.0,0.0,0.0,0.0,0.0,0.0,0.0,0.0,0.0,0,-107875648.0,77,0.0,154,0.0,-101056864.0,ERR,ERR,ERR,ERR,ERR,ERR,ERR,ERR,ERR,ERR,ERR,ERR,ERR,ERR,ERR,ERR,ERR,ERR,ERR,ERR,ERR,ERR,ERR,ERR,ERR,ERR,ERR,ERR,ERR,ERR,ERR,ERR,ERR,ERR,ERR,ERR,ERR,ERR,ERR,ERR,ERR,ERR,ERR,ERR,ERR,ERR,ERR,ERR,ERR,ERR,ERR,ERR,ERR,ERR,ERR,ERR,ERR,ERR,ERR,ERR,ERR,ERR,ERR,ERR,ERR,ERR,ERR,34.0,80.0,35,0.0,0.0,0.0,0.0,0.0,0.0,0.0,0.0,0.0,0.0,0.0,0.0,0.0,0.0,0.0,0.0,65.6,0,119,58,53,65476,0,300,0,0,8,20529,65476,0,0,57672,80.0,0.0,0.0,0.0,0.0,0.0
2026-06-18T02:49:10,ERR,ERR,ERR,ERR,ERR,ERR,ERR,ERR,ERR,ERR,ERR,ERR,ERR,ERR,ERR,ERR,ERR,ERR,ERR,ERR,ERR,ERR,ERR,ERR,ERR,ERR,ERR,ERR,ERR,ERR,ERR,ERR,ERR,ERR,ERR,ERR,ERR,ERR,ERR,ERR,ERR,ERR,ERR,ERR,ERR,ERR,ERR,ERR,ERR,ERR,ERR,ERR,ERR,ERR,ERR,ERR,ERR,ERR,ERR,ERR,ERR,ERR,ERR,ERR,ERR,ERR,ERR,ERR,ERR,ERR,ERR,ERR,ERR,ERR,ERR,ERR,ERR,ERR,ERR,ERR,ERR,ERR,ERR,ERR,ERR,ERR,ERR,ERR,ERR,ERR,ERR,ERR,ERR,ERR,ERR,ERR,ERR,ERR,ERR,ERR,ERR,ERR,ERR,ERR,ERR,ERR,ERR,ERR,ERR,ERR,ERR,ERR,ERR,ERR,ERR,ERR,ERR,ERR,ERR,ERR,ERR,ERR,ERR,ERR,ERR,0.0,-107615384.0,0.0,2.718290229135658e+23,-1.592,1.3936040501711995e+18,7.805,-0.0,0,0,4,48961,6720,14723890282496.0,100,0.0,0.0,0.0,-152005385388032.0,0.0,0,0,0,0,0.0,0,0,0,0,0,0,0,0,0,0,0,0,0,0,0,0,0,0,0,0,0,0,0,0,0,0,0,0,0,0,0,0,0,26,51,50,76,65476,0,300,0,0,8,21553,0.0,-107605600.0,0.0,0.0,0.0,0.0,0.0,0.0,0.0,0.0,0.0,0.0,0.0,0.0,0.0,0.0,0.0,0.0,0.0,0.0,0.0,0.0,-0.0,-2.004,-0.0,-0.0,0.0,0.0,0.0,0.0,4822.0,-0.0,7254.0,0.0,-107615384.0,2.7184303811560617e+23,2.718431101732002e+23,0.0,0.0,0.0,0.0,77,-107615352.0,-2.308826643966827e+20,0.0,0.0,0.0,0.0,0.0,0.0,0.0,0,0,0,0.0,0.0,0.0,0.0,0.0,0.0,0.0,0.0,0.0,0.0,0.0,0.0,0.0,0.0,0.0,0.0,0,-107875648.0,77,0.0,154,0.0,-101056864.0,ERR,ERR,ERR,ERR,ERR,ERR,ERR,ERR,ERR,ERR,ERR,ERR,ERR,ERR,ERR,ERR,ERR,ERR,ERR,ERR,ERR,ERR,ERR,ERR,ERR,ERR,ERR,ERR,ERR,ERR,ERR,ERR,ERR,ERR,ERR,ERR,ERR,ERR,ERR,ERR,ERR,ERR,ERR,ERR,ERR,ERR,ERR,ERR,ERR,ERR,ERR,ERR,ERR,ERR,ERR,ERR,ERR,ERR,ERR,ERR,ERR,ERR,ERR,ERR,ERR,ERR,ERR,34.0,80.0,35,0.0,0.0,0.0,0.0,0.0,0.0,0.0,0.0,0.0,0.0,0.0,0.0,0.0,0.0,0.0,0.0,65.6,0,119,58,53,65476,0,300,0,0,8,20529,65476,0,0,57672,80.0,0.0,0.0,0.0,0.0,0.0
2026-06-18T02:49:11,ERR,ERR,ERR,ERR,ERR,ERR,ERR,ERR,ERR,ERR,ERR,ERR,ERR,ERR,ERR,ERR,ERR,ERR,ERR,ERR,ERR,ERR,ERR,ERR,ERR,ERR,ERR,ERR,ERR,ERR,ERR,ERR,ERR,ERR,ERR,ERR,ERR,ERR,ERR,ERR,ERR,ERR,ERR,ERR,ERR,ERR,ERR,ERR,ERR,ERR,ERR,ERR,ERR,ERR,ERR,ERR,ERR,ERR,ERR,ERR,ERR,ERR,ERR,ERR,ERR,ERR,ERR,ERR,ERR,ERR,ERR,ERR,ERR,ERR,ERR,ERR,ERR,ERR,ERR,ERR,ERR,ERR,ERR,ERR,ERR,ERR,ERR,ERR,ERR,ERR,ERR,ERR,ERR,ERR,ERR,ERR,ERR,ERR,ERR,ERR,ERR,ERR,ERR,ERR,ERR,ERR,ERR,ERR,ERR,ERR,ERR,ERR,ERR,ERR,ERR,ERR,ERR,ERR,ERR,ERR,ERR,ERR,ERR,ERR,ERR,0.0,-107615384.0,0.0,-152005385388032.0,1.6,1.3936040501711995e+18,7.805,0.0,0,0,4,48961,6720,14723890282496.0,100,0.0,0.0,0.0,-152005385388032.0,0.0,0,0,0,0,0.0,0,0,0,0,0,0,0,0,0,0,0,0,0,0,0,0,0,0,0,0,0,0,0,0,0,0,0,0,0,0,0,0,0,26,51,50,76,65476,0,300,0,0,8,21553,0.0,-107605600.0,0.0,0.0,0.0,0.0,0.0,0.0,0.0,0.0,0.0,0.0,0.0,0.0,0.0,0.0,0.0,0.0,0.0,0.0,0.0,0.0,-0.0,0.0,-0.0,-0.0,0.0,0.0,0.0,0.0,4819.0,-0.0,7252.0,0.0,-107615384.0,2.7184303811560617e+23,2.718431101732002e+23,0.0,0.0,0.0,0.0,77,-0.059,-107614720.0,0.0,0.0,0.0,0.0,0.0,0.0,0.0,0,0,0,0.0,0.0,0.0,0.0,0.0,0.0,0.0,0.0,0.0,0.0,0.0,0.0,0.0,0.0,0.0,0.0,0,-107875648.0,77,0.0,154,0.0,-101056864.0,ERR,ERR,ERR,ERR,ERR,ERR,ERR,ERR,ERR,ERR,ERR,ERR,ERR,ERR,ERR,ERR,ERR,ERR,ERR,ERR,ERR,ERR,ERR,ERR,ERR,ERR,ERR,ERR,ERR,ERR,ERR,ERR,ERR,ERR,ERR,ERR,ERR,ERR,ERR,ERR,ERR,ERR,ERR,ERR,ERR,ERR,ERR,ERR,ERR,ERR,ERR,ERR,ERR,ERR,ERR,ERR,ERR,ERR,ERR,ERR,ERR,ERR,ERR,ERR,ERR,ERR,ERR,34.0,80.0,35,0.0,0.0,0.0,0.0,0.0,0.0,0.0,0.0,0.0,0.0,0.0,0.0,0.0,0.0,0.0,0.0,65.6,0,119,58,53,65476,0,300,0,0,8,20529,65476,0,0,57672,80.0,0.0,0.0,0.0,0.0,0.0
2026-06-18T02:49:12,ERR,ERR,ERR,ERR,ERR,ERR,ERR,ERR,ERR,ERR,ERR,ERR,ERR,ERR,ERR,ERR,ERR,ERR,ERR,ERR,ERR,ERR,ERR,ERR,ERR,ERR,ERR,ERR,ERR,ERR,ERR,ERR,ERR,ERR,ERR,ERR,ERR,ERR,ERR,ERR,ERR,ERR,ERR,ERR,ERR,ERR,ERR,ERR,ERR,ERR,ERR,ERR,ERR,ERR,ERR,ERR,ERR,ERR,ERR,ERR,ERR,ERR,ERR,ERR,ERR,ERR,ERR,ERR,ERR,ERR,ERR,ERR,ERR,ERR,ERR,ERR,ERR,ERR,ERR,ERR,ERR,ERR,ERR,ERR,ERR,ERR,ERR,ERR,ERR,ERR,ERR,ERR,ERR,ERR,ERR,ERR,ERR,ERR,ERR,ERR,ERR,ERR,ERR,ERR,ERR,ERR,ERR,ERR,ERR,ERR,ERR,ERR,ERR,ERR,ERR,ERR,ERR,ERR,ERR,ERR,ERR,ERR,ERR,ERR,ERR,0.0,-107615384.0,0.0,-152005385388032.0,1.6,1.3936040501711995e+18,7.805,0.0,0,0,4,48961,6720,14723890282496.0,100,0.0,0.0,0.0,-152005385388032.0,0.0,0,0,0,0,0.0,0,0,0,0,0,0,0,0,0,0,0,0,0,0,0,0,0,0,0,0,0,0,0,0,0,0,0,0,0,0,0,0,0,26,51,50,76,65476,0,300,0,0,8,21553,0.0,-107605600.0,0.0,0.0,0.0,0.0,0.0,0.0,0.0,0.0,0.0,0.0,0.0,0.0,0.0,0.0,0.0,0.0,0.0,0.0,0.0,0.0,-0.0,0.0,-0.0,-0.0,0.0,0.0,0.0,0.0,4819.0,-0.0,7252.0,0.0,-107615384.0,2.7184303811560617e+23,2.718431101732002e+23,0.0,0.0,0.0,0.0,77,-0.059,-107614720.0,0.0,0.0,0.0,0.0,0.0,0.0,0.0,0,0,0,0.0,0.0,0.0,0.0,0.0,0.0,0.0,0.0,0.0,0.0,0.0,0.0,0.0,0.0,0.0,0.0,0,-107875648.0,77,0.0,154,0.0,-101056864.0,ERR,ERR,ERR,ERR,ERR,ERR,ERR,ERR,ERR,ERR,ERR,ERR,ERR,ERR,ERR,ERR,ERR,ERR,ERR,ERR,ERR,ERR,ERR,ERR,ERR,ERR,ERR,ERR,ERR,ERR,ERR,ERR,ERR,ERR,ERR,ERR,ERR,ERR,ERR,ERR,ERR,ERR,ERR,ERR,ERR,ERR,ERR,ERR,ERR,ERR,ERR,ERR,ERR,ERR,ERR,ERR,ERR,ERR,ERR,ERR,ERR,ERR,ERR,ERR,ERR,ERR,ERR,34.0,80.0,35,0.0,0.0,0.0,0.0,0.0,0.0,0.0,0.0,0.0,0.0,0.0,0.0,0.0,0.0,0.0,0.0,65.6,0,119,58,53,65476,0,300,0,0,8,20529,65476,0,0,57672,80.0,0.0,0.0,0.0,0.0,0.0
2026-06-18T02:49:13,ERR,ERR,ERR,ERR,ERR,ERR,ERR,ERR,ERR,ERR,ERR,ERR,ERR,ERR,ERR,ERR,ERR,ERR,ERR,ERR,ERR,ERR,ERR,ERR,ERR,ERR,ERR,ERR,ERR,ERR,ERR,ERR,ERR,ERR,ERR,ERR,ERR,ERR,ERR,ERR,ERR,ERR,ERR,ERR,ERR,ERR,ERR,ERR,ERR,ERR,ERR,ERR,ERR,ERR,ERR,ERR,ERR,ERR,ERR,ERR,ERR,ERR,ERR,ERR,ERR,ERR,ERR,ERR,ERR,ERR,ERR,ERR,ERR,ERR,ERR,ERR,ERR,ERR,ERR,ERR,ERR,ERR,ERR,ERR,ERR,ERR,ERR,ERR,ERR,ERR,ERR,ERR,ERR,ERR,ERR,ERR,ERR,ERR,ERR,ERR,ERR,ERR,ERR,ERR,ERR,ERR,ERR,ERR,ERR,ERR,ERR,ERR,ERR,ERR,ERR,ERR,ERR,ERR,ERR,ERR,ERR,ERR,ERR,ERR,ERR,0.0,-107615384.0,0.0,-152005385388032.0,1.6,1.3936040501711995e+18,7.805,0.0,0,0,4,48961,6720,14723890282496.0,100,0.0,0.0,0.0,-152005385388032.0,0.0,0,0,0,0,0.0,0,0,0,0,0,0,0,0,0,0,0,0,0,0,0,0,0,0,0,0,0,0,0,0,0,0,0,0,0,0,0,0,0,26,51,50,76,65476,0,300,0,0,8,21553,0.0,-107605600.0,0.0,0.0,0.0,0.0,0.0,0.0,0.0,0.0,0.0,0.0,0.0,0.0,0.0,0.0,0.0,0.0,0.0,0.0,0.0,0.0,-0.0,0.0,-0.0,-0.0,0.0,0.0,0.0,0.0,4819.0,-0.0,7252.0,0.0,-107615384.0,2.7184303811560617e+23,2.718431101732002e+23,0.0,0.0,0.0,0.0,77,-0.059,-107614720.0,0.0,0.0,0.0,0.0,0.0,0.0,0.0,0,0,0,0.0,0.0,0.0,0.0,0.0,0.0,0.0,0.0,0.0,0.0,0.0,0.0,0.0,0.0,0.0,0.0,0,-107875648.0,77,0.0,154,0.0,-101056864.0,ERR,ERR,ERR,ERR,ERR,ERR,ERR,ERR,ERR,ERR,ERR,ERR,ERR,ERR,ERR,ERR,ERR,ERR,ERR,ERR,ERR,ERR,ERR,ERR,ERR,ERR,ERR,ERR,ERR,ERR,ERR,ERR,ERR,ERR,ERR,ERR,ERR,ERR,ERR,ERR,ERR,ERR,ERR,ERR,ERR,ERR,ERR,ERR,ERR,ERR,ERR,ERR,ERR,ERR,ERR,ERR,ERR,ERR,ERR,ERR,ERR,ERR,ERR,ERR,ERR,ERR,ERR,34.0,80.0,35,0.0,0.0,0.0,0.0,0.0,0.0,0.0,0.0,0.0,0.0,0.0,0.0,0.0,0.0,0.0,0.0,66.4,0,119,58,53,65476,0,300,0,0,8,20529,65476,0,0,57672,80.0,0.0,0.0,0.0,0.0,0.0
2026-06-18T02:49:14,ERR,ERR,ERR,ERR,ERR,ERR,ERR,ERR,ERR,ERR,ERR,ERR,ERR,ERR,ERR,ERR,ERR,ERR,ERR,ERR,ERR,ERR,ERR,ERR,ERR,ERR,ERR,ERR,ERR,ERR,ERR,ERR,ERR,ERR,ERR,ERR,ERR,ERR,ERR,ERR,ERR,ERR,ERR,ERR,ERR,ERR,ERR,ERR,ERR,ERR,ERR,ERR,ERR,ERR,ERR,ERR,ERR,ERR,ERR,ERR,ERR,ERR,ERR,ERR,ERR,ERR,ERR,ERR,ERR,ERR,ERR,ERR,ERR,ERR,ERR,ERR,ERR,ERR,ERR,ERR,ERR,ERR,ERR,ERR,ERR,ERR,ERR,ERR,ERR,ERR,ERR,ERR,ERR,ERR,ERR,ERR,ERR,ERR,ERR,ERR,ERR,ERR,ERR,ERR,ERR,ERR,ERR,ERR,ERR,ERR,ERR,ERR,ERR,ERR,ERR,ERR,ERR,ERR,ERR,ERR,ERR,ERR,ERR,ERR,ERR,0.0,-107615384.0,0.0,-152005385388032.0,1.6,1.3936040501711995e+18,7.805,0.0,0,0,4,48961,6720,14723890282496.0,100,0.0,0.0,0.0,-152005385388032.0,0.0,0,0,0,0,0.0,0,0,0,0,0,0,0,0,0,0,0,0,0,0,0,0,0,0,0,0,0,0,0,0,0,0,0,0,0,0,0,0,0,26,51,50,76,65476,0,300,0,0,8,21553,0.0,-107605600.0,0.0,0.0,0.0,0.0,0.0,0.0,0.0,0.0,0.0,0.0,0.0,0.0,0.0,0.0,0.0,0.0,0.0,0.0,0.0,0.0,-0.0,0.0,-0.0,-0.0,0.0,0.0,0.0,0.0,4819.0,-0.0,7252.0,0.0,-107615384.0,2.7184303811560617e+23,2.718431101732002e+23,0.0,0.0,0.0,0.0,77,-0.059,-107614720.0,0.0,0.0,0.0,0.0,0.0,0.0,0.0,0,0,0,0.0,0.0,0.0,0.0,0.0,0.0,0.0,0.0,0.0,0.0,0.0,0.0,0.0,0.0,0.0,0.0,0,-107875648.0,77,0.0,154,0.0,-101056864.0,ERR,ERR,ERR,ERR,ERR,ERR,ERR,ERR,ERR,ERR,ERR,ERR,ERR,ERR,ERR,ERR,ERR,ERR,ERR,ERR,ERR,ERR,ERR,ERR,ERR,ERR,ERR,ERR,ERR,ERR,ERR,ERR,ERR,ERR,ERR,ERR,ERR,ERR,ERR,ERR,ERR,ERR,ERR,ERR,ERR,ERR,ERR,ERR,ERR,ERR,ERR,ERR,ERR,ERR,ERR,ERR,ERR,ERR,ERR,ERR,ERR,ERR,ERR,ERR,ERR,ERR,ERR,34.0,80.0,35,0.0,0.0,0.0,0.0,0.0,0.0,0.0,0.0,0.0,0.0,0.0,0.0,0.0,0.0,0.0,0.0,66.4,0,119,58,53,65476,0,300,0,0,8,20529,65476,0,0,57672,80.0,0.0,0.0,0.0,0.0,0.0
2026-06-18T02:49:15,ERR,ERR,ERR,ERR,ERR,ERR,ERR,ERR,ERR,ERR,ERR,ERR,ERR,ERR,ERR,ERR,ERR,ERR,ERR,ERR,ERR,ERR,ERR,ERR,ERR,ERR,ERR,ERR,ERR,ERR,ERR,ERR,ERR,ERR,ERR,ERR,ERR,ERR,ERR,ERR,ERR,ERR,ERR,ERR,ERR,ERR,ERR,ERR,ERR,ERR,ERR,ERR,ERR,ERR,ERR,ERR,ERR,ERR,ERR,ERR,ERR,ERR,ERR,ERR,ERR,ERR,ERR,ERR,ERR,ERR,ERR,ERR,ERR,ERR,ERR,ERR,ERR,ERR,ERR,ERR,ERR,ERR,ERR,ERR,ERR,ERR,ERR,ERR,ERR,ERR,ERR,ERR,ERR,ERR,ERR,ERR,ERR,ERR,ERR,ERR,ERR,ERR,ERR,ERR,ERR,ERR,ERR,ERR,ERR,ERR,ERR,ERR,ERR,ERR,ERR,ERR,ERR,ERR,ERR,ERR,ERR,ERR,ERR,ERR,ERR,0.0,-107615384.0,0.0,-152005385388032.0,1.6,1.3936040501711995e+18,7.805,0.0,0,0,4,48961,6720,14723890282496.0,100,0.0,0.0,0.0,-152005385388032.0,0.0,0,0,0,0,0.0,0,0,0,0,0,0,0,0,0,0,0,0,0,0,0,0,0,0,0,0,0,0,0,0,0,0,0,0,0,0,0,0,0,26,51,50,76,65476,0,300,0,0,8,21553,0.0,-107605600.0,0.0,0.0,0.0,0.0,0.0,0.0,0.0,0.0,0.0,0.0,0.0,0.0,0.0,0.0,0.0,0.0,0.0,0.0,0.0,0.0,-0.0,0.0,-0.0,-0.0,0.0,0.0,0.0,0.0,4819.0,-0.0,7252.0,0.0,-107615384.0,2.7184303811560617e+23,2.718431101732002e+23,0.0,0.0,0.0,0.0,77,-0.059,-107614720.0,0.0,0.0,0.0,0.0,0.0,0.0,0.0,0,0,0,0.0,0.0,0.0,0.0,0.0,0.0,0.0,0.0,0.0,0.0,0.0,0.0,0.0,0.0,0.0,0.0,0,-107875648.0,77,0.0,154,0.0,-101056864.0,ERR,ERR,ERR,ERR,ERR,ERR,ERR,ERR,ERR,ERR,ERR,ERR,ERR,ERR,ERR,ERR,ERR,ERR,ERR,ERR,ERR,ERR,ERR,ERR,ERR,ERR,ERR,ERR,ERR,ERR,ERR,ERR,ERR,ERR,ERR,ERR,ERR,ERR,ERR,ERR,ERR,ERR,ERR,ERR,ERR,ERR,ERR,ERR,ERR,ERR,ERR,ERR,ERR,ERR,ERR,ERR,ERR,ERR,ERR,ERR,ERR,ERR,ERR,ERR,ERR,ERR,ERR,34.0,80.0,35,0.0,0.0,0.0,0.0,0.0,0.0,0.0,0.0,0.0,0.0,0.0,0.0,0.0,0.0,0.0,0.0,65.6,0,119,58,53,65476,0,300,0,0,8,20529,65476,0,0,57672,80.0,0.0,0.0,0.0,0.0,0.0
2026-06-18T02:49:16,ERR,ERR,ERR,ERR,ERR,ERR,ERR,ERR,ERR,ERR,ERR,ERR,ERR,ERR,ERR,ERR,ERR,ERR,ERR,ERR,ERR,ERR,ERR,ERR,ERR,ERR,ERR,ERR,ERR,ERR,ERR,ERR,ERR,ERR,ERR,ERR,ERR,ERR,ERR,ERR,ERR,ERR,ERR,ERR,ERR,ERR,ERR,ERR,ERR,ERR,ERR,ERR,ERR,ERR,ERR,ERR,ERR,ERR,ERR,ERR,ERR,ERR,ERR,ERR,ERR,ERR,ERR,ERR,ERR,ERR,ERR,ERR,ERR,ERR,ERR,ERR,ERR,ERR,ERR,ERR,ERR,ERR,ERR,ERR,ERR,ERR,ERR,ERR,ERR,ERR,ERR,ERR,ERR,ERR,ERR,ERR,ERR,ERR,ERR,ERR,ERR,ERR,ERR,ERR,ERR,ERR,ERR,ERR,ERR,ERR,ERR,ERR,ERR,ERR,ERR,ERR,ERR,ERR,ERR,ERR,ERR,ERR,ERR,ERR,ERR,0.0,-107615384.0,0.0,-152005385388032.0,1.6,1.3936040501711995e+18,7.805,0.0,0,0,4,48929,6720,14723890282496.0,100,0.0,0.0,0.0,-4.9501291711397626e+32,0.0,0,0,0,0,0.0,0,0,0,0,0,0,0,0,0,0,0,0,0,0,0,0,0,0,0,0,0,0,0,0,0,0,0,0,0,0,0,0,0,26,51,50,76,65476,0,300,0,0,8,21553,0.0,-107605600.0,0.0,0.0,0.0,0.0,0.0,0.0,0.0,0.0,0.0,0.0,0.0,0.0,0.0,0.0,0.0,0.0,0.0,0.0,0.0,0.0,-0.0,-2.004,-0.0,-0.0,0.0,0.0,0.0,0.0,4820.0,-0.0,7253.0,0.0,-107615384.0,2.7184303811560617e+23,2.718431101732002e+23,0.0,0.0,0.0,0.0,77,-107615352.0,-107614720.0,0.0,0.0,0.0,0.0,0.0,0.0,0.0,0,0,0,0.0,0.0,0.0,0.0,0.0,0.0,0.0,0.0,0.0,0.0,0.0,0.0,0.0,0.0,0.0,0.0,0,-107875648.0,77,0.0,154,0.0,-101056864.0,ERR,ERR,ERR,ERR,ERR,ERR,ERR,ERR,ERR,ERR,ERR,ERR,ERR,ERR,ERR,ERR,ERR,ERR,ERR,ERR,ERR,ERR,ERR,ERR,ERR,ERR,ERR,ERR,ERR,ERR,ERR,ERR,ERR,ERR,ERR,ERR,ERR,ERR,ERR,ERR,ERR,ERR,ERR,ERR,ERR,ERR,ERR,ERR,ERR,ERR,ERR,ERR,ERR,ERR,ERR,ERR,ERR,ERR,ERR,ERR,ERR,ERR,ERR,ERR,ERR,ERR,ERR,34.0,80.0,35,0.0,0.0,0.0,0.0,0.0,0.0,0.0,0.0,0.0,0.0,0.0,0.0,0.0,0.0,0.0,0.0,65.6,0,119,58,53,65476,0,300,0,0,8,20529,65476,0,0,57672,80.0,0.0,0.0,0.0,0.0,0.0
2026-06-18T02:49:17,ERR,ERR,ERR,ERR,ERR,ERR,ERR,ERR,ERR,ERR,ERR,ERR,ERR,ERR,ERR,ERR,ERR,ERR,ERR,ERR,ERR,ERR,ERR,ERR,ERR,ERR,ERR,ERR,ERR,ERR,ERR,ERR,ERR,ERR,ERR,ERR,ERR,ERR,ERR,ERR,ERR,ERR,ERR,ERR,ERR,ERR,ERR,ERR,ERR,ERR,ERR,ERR,ERR,ERR,ERR,ERR,ERR,ERR,ERR,ERR,ERR,ERR,ERR,ERR,ERR,ERR,ERR,ERR,ERR,ERR,ERR,ERR,ERR,ERR,ERR,ERR,ERR,ERR,ERR,ERR,ERR,ERR,ERR,ERR,ERR,ERR,ERR,ERR,ERR,ERR,ERR,ERR,ERR,ERR,ERR,ERR,ERR,ERR,ERR,ERR,ERR,ERR,ERR,ERR,ERR,ERR,ERR,ERR,ERR,ERR,ERR,ERR,ERR,ERR,ERR,ERR,ERR,ERR,ERR,ERR,ERR,ERR,ERR,ERR,ERR,0.0,-107615384.0,0.0,-152005385388032.0,1.6,1.3936040501711995e+18,7.805,0.0,0,0,4,48929,6720,14723890282496.0,100,0.0,0.0,0.0,-4.9501291711397626e+32,0.0,0,0,0,0,0.0,0,0,0,0,0,0,0,0,0,0,0,0,0,0,0,0,0,0,0,0,0,0,0,0,0,0,0,0,0,0,0,0,0,26,51,50,76,65476,0,300,0,0,8,21553,0.0,-107605600.0,0.0,0.0,0.0,0.0,0.0,0.0,0.0,0.0,0.0,0.0,0.0,0.0,0.0,0.0,0.0,0.0,0.0,0.0,0.0,0.0,-0.0,-2.004,-0.0,-0.0,0.0,0.0,0.0,0.0,4820.0,-0.0,7253.0,0.0,-107615384.0,2.7184303811560617e+23,2.718431101732002e+23,0.0,0.0,0.0,0.0,77,-107615352.0,-107614720.0,0.0,0.0,0.0,0.0,0.0,0.0,0.0,0,0,0,0.0,0.0,0.0,0.0,0.0,0.0,0.0,0.0,0.0,0.0,0.0,0.0,0.0,0.0,0.0,0.0,0,-107875648.0,77,0.0,154,0.0,-101056864.0,ERR,ERR,ERR,ERR,ERR,ERR,ERR,ERR,ERR,ERR,ERR,ERR,ERR,ERR,ERR,ERR,ERR,ERR,ERR,ERR,ERR,ERR,ERR,ERR,ERR,ERR,ERR,ERR,ERR,ERR,ERR,ERR,ERR,ERR,ERR,ERR,ERR,ERR,ERR,ERR,ERR,ERR,ERR,ERR,ERR,ERR,ERR,ERR,ERR,ERR,ERR,ERR,ERR,ERR,ERR,ERR,ERR,ERR,ERR,ERR,ERR,ERR,ERR,ERR,ERR,ERR,ERR,34.0,80.0,35,0.0,0.0,0.0,0.0,0.0,0.0,0.0,0.0,0.0,0.0,0.0,0.0,0.0,0.0,0.0,0.0,65.6,0,119,58,53,65476,0,300,0,0,8,20529,65476,0,0,57672,80.0,0.0,0.0,0.0,0.0,0.0
2026-06-18T02:49:18,ERR,ERR,ERR,ERR,ERR,ERR,ERR,ERR,ERR,ERR,ERR,ERR,ERR,ERR,ERR,ERR,ERR,ERR,ERR,ERR,ERR,ERR,ERR,ERR,ERR,ERR,ERR,ERR,ERR,ERR,ERR,ERR,ERR,ERR,ERR,ERR,ERR,ERR,ERR,ERR,ERR,ERR,ERR,ERR,ERR,ERR,ERR,ERR,ERR,ERR,ERR,ERR,ERR,ERR,ERR,ERR,ERR,ERR,ERR,ERR,ERR,ERR,ERR,ERR,ERR,ERR,ERR,ERR,ERR,ERR,ERR,ERR,ERR,ERR,ERR,ERR,ERR,ERR,ERR,ERR,ERR,ERR,ERR,ERR,ERR,ERR,ERR,ERR,ERR,ERR,ERR,ERR,ERR,ERR,ERR,ERR,ERR,ERR,ERR,ERR,ERR,ERR,ERR,ERR,ERR,ERR,ERR,ERR,ERR,ERR,ERR,ERR,ERR,ERR,ERR,ERR,ERR,ERR,ERR,ERR,ERR,ERR,ERR,ERR,ERR,0.0,-107615384.0,0.0,-152005385388032.0,1.6,1.3936040501711995e+18,7.805,0.0,0,0,4,48929,6720,14723890282496.0,100,0.0,0.0,0.0,-4.9501291711397626e+32,0.0,0,0,0,0,0.0,0,0,0,0,0,0,0,0,0,0,0,0,0,0,0,0,0,0,0,0,0,0,0,0,0,0,0,0,0,0,0,0,0,26,51,50,76,65476,0,300,0,0,8,21553,0.0,-107605600.0,0.0,0.0,0.0,0.0,0.0,0.0,0.0,0.0,0.0,0.0,0.0,0.0,0.0,0.0,0.0,0.0,0.0,0.0,0.0,0.0,-0.0,-2.004,-0.0,-0.0,0.0,0.0,0.0,0.0,4820.0,-0.0,7253.0,0.0,-107615384.0,2.7184303811560617e+23,2.718431101732002e+23,0.0,0.0,0.0,0.0,77,-107615352.0,-107614720.0,0.0,0.0,0.0,0.0,0.0,0.0,0.0,0,0,0,0.0,0.0,0.0,0.0,0.0,0.0,0.0,0.0,0.0,0.0,0.0,0.0,0.0,0.0,0.0,0.0,0,-107875648.0,77,0.0,154,0.0,-101056864.0,ERR,ERR,ERR,ERR,ERR,ERR,ERR,ERR,ERR,ERR,ERR,ERR,ERR,ERR,ERR,ERR,ERR,ERR,ERR,ERR,ERR,ERR,ERR,ERR,ERR,ERR,ERR,ERR,ERR,ERR,ERR,ERR,ERR,ERR,ERR,ERR,ERR,ERR,ERR,ERR,ERR,ERR,ERR,ERR,ERR,ERR,ERR,ERR,ERR,ERR,ERR,ERR,ERR,ERR,ERR,ERR,ERR,ERR,ERR,ERR,ERR,ERR,ERR,ERR,ERR,ERR,ERR,34.0,80.0,35,0.0,0.0,0.0,0.0,0.0,0.0,0.0,0.0,0.0,0.0,0.0,0.0,0.0,0.0,0.0,0.0,65.6,0,119,58,53,65476,0,300,0,0,8,20529,65476,0,0,57672,80.0,0.0,0.0,0.0,0.0,0.0
2026-06-18T02:49:19,ERR,ERR,ERR,ERR,ERR,ERR,ERR,ERR,ERR,ERR,ERR,ERR,ERR,ERR,ERR,ERR,ERR,ERR,ERR,ERR,ERR,ERR,ERR,ERR,ERR,ERR,ERR,ERR,ERR,ERR,ERR,ERR,ERR,ERR,ERR,ERR,ERR,ERR,ERR,ERR,ERR,ERR,ERR,ERR,ERR,ERR,ERR,ERR,ERR,ERR,ERR,ERR,ERR,ERR,ERR,ERR,ERR,ERR,ERR,ERR,ERR,ERR,ERR,ERR,ERR,ERR,ERR,ERR,ERR,ERR,ERR,ERR,ERR,ERR,ERR,ERR,ERR,ERR,ERR,ERR,ERR,ERR,ERR,ERR,ERR,ERR,ERR,ERR,ERR,ERR,ERR,ERR,ERR,ERR,ERR,ERR,ERR,ERR,ERR,ERR,ERR,ERR,ERR,ERR,ERR,ERR,ERR,ERR,ERR,ERR,ERR,ERR,ERR,ERR,ERR,ERR,ERR,ERR,ERR,ERR,ERR,ERR,ERR,ERR,ERR,0.0,-107615384.0,0.0,-152005385388032.0,1.6,1.3936040501711995e+18,7.805,0.0,0,0,4,48929,6720,14723890282496.0,100,0.0,0.0,0.0,-4.9501291711397626e+32,0.0,0,0,0,0,0.0,0,0,0,0,0,0,0,0,0,0,0,0,0,0,0,0,0,0,0,0,0,0,0,0,0,0,0,0,0,0,0,0,0,26,51,50,76,65476,0,300,0,0,8,21553,0.0,-107605600.0,0.0,0.0,0.0,0.0,0.0,0.0,0.0,0.0,0.0,0.0,0.0,0.0,0.0,0.0,0.0,0.0,0.0,0.0,0.0,0.0,-0.0,-2.004,-0.0,-0.0,0.0,0.0,0.0,0.0,4820.0,-0.0,7253.0,0.0,-107615384.0,2.7184303811560617e+23,2.718431101732002e+23,0.0,0.0,0.0,0.0,77,-107615352.0,-107614720.0,0.0,0.0,0.0,0.0,0.0,0.0,0.0,0,0,0,0.0,0.0,0.0,0.0,0.0,0.0,0.0,0.0,0.0,0.0,0.0,0.0,0.0,0.0,0.0,0.0,0,-107875648.0,77,0.0,154,0.0,-101056864.0,ERR,ERR,ERR,ERR,ERR,ERR,ERR,ERR,ERR,ERR,ERR,ERR,ERR,ERR,ERR,ERR,ERR,ERR,ERR,ERR,ERR,ERR,ERR,ERR,ERR,ERR,ERR,ERR,ERR,ERR,ERR,ERR,ERR,ERR,ERR,ERR,ERR,ERR,ERR,ERR,ERR,ERR,ERR,ERR,ERR,ERR,ERR,ERR,ERR,ERR,ERR,ERR,ERR,ERR,ERR,ERR,ERR,ERR,ERR,ERR,ERR,ERR,ERR,ERR,ERR,ERR,ERR,34.0,80.0,35,0.0,0.0,0.0,0.0,0.0,0.0,0.0,0.0,0.0,0.0,0.0,0.0,0.0,0.0,0.0,0.0,66.0,0,119,58,53,65476,0,300,0,0,8,20529,65476,0,0,57672,80.0,0.0,0.0,0.0,0.0,0.0
2026-06-18T02:49:20,ERR,ERR,ERR,ERR,ERR,ERR,ERR,ERR,ERR,ERR,ERR,ERR,ERR,ERR,ERR,ERR,ERR,ERR,ERR,ERR,ERR,ERR,ERR,ERR,ERR,ERR,ERR,ERR,ERR,ERR,ERR,ERR,ERR,ERR,ERR,ERR,ERR,ERR,ERR,ERR,ERR,ERR,ERR,ERR,ERR,ERR,ERR,ERR,ERR,ERR,ERR,ERR,ERR,ERR,ERR,ERR,ERR,ERR,ERR,ERR,ERR,ERR,ERR,ERR,ERR,ERR,ERR,ERR,ERR,ERR,ERR,ERR,ERR,ERR,ERR,ERR,ERR,ERR,ERR,ERR,ERR,ERR,ERR,ERR,ERR,ERR,ERR,ERR,ERR,ERR,ERR,ERR,ERR,ERR,ERR,ERR,ERR,ERR,ERR,ERR,ERR,ERR,ERR,ERR,ERR,ERR,ERR,ERR,ERR,ERR,ERR,ERR,ERR,ERR,ERR,ERR,ERR,ERR,ERR,ERR,ERR,ERR,ERR,ERR,ERR,0.0,-107615384.0,0.0,-152005385388032.0,1.6,1.3936040501711995e+18,7.805,0.0,0,0,4,48929,6720,14723890282496.0,100,0.0,0.0,0.0,-4.9501291711397626e+32,0.0,0,0,0,0,0.0,0,0,0,0,0,0,0,0,0,0,0,0,0,0,0,0,0,0,0,0,0,0,0,0,0,0,0,0,0,0,0,0,0,26,51,50,76,65476,0,300,0,0,8,21553,0.0,-107605600.0,0.0,0.0,0.0,0.0,0.0,0.0,0.0,0.0,0.0,0.0,0.0,0.0,0.0,0.0,0.0,0.0,0.0,0.0,0.0,0.0,-0.0,-2.004,-0.0,-0.0,0.0,0.0,0.0,0.0,4820.0,-0.0,7253.0,0.0,-107615384.0,2.7184303811560617e+23,2.718431101732002e+23,0.0,0.0,0.0,0.0,77,-107615352.0,-107614720.0,0.0,0.0,0.0,0.0,0.0,0.0,0.0,0,0,0,0.0,0.0,0.0,0.0,0.0,0.0,0.0,0.0,0.0,0.0,0.0,0.0,0.0,0.0,0.0,0.0,0,-107875648.0,77,0.0,154,0.0,-101056864.0,ERR,ERR,ERR,ERR,ERR,ERR,ERR,ERR,ERR,ERR,ERR,ERR,ERR,ERR,ERR,ERR,ERR,ERR,ERR,ERR,ERR,ERR,ERR,ERR,ERR,ERR,ERR,ERR,ERR,ERR,ERR,ERR,ERR,ERR,ERR,ERR,ERR,ERR,ERR,ERR,ERR,ERR,ERR,ERR,ERR,ERR,ERR,ERR,ERR,ERR,ERR,ERR,ERR,ERR,ERR,ERR,ERR,ERR,ERR,ERR,ERR,ERR,ERR,ERR,ERR,ERR,ERR,34.0,80.0,35,0.0,0.0,0.0,0.0,0.0,0.0,0.0,0.0,0.0,0.0,0.0,0.0,0.0,0.0,0.0,0.0,65.6,0,119,58,53,65476,0,300,0,0,8,20529,65476,0,0,57672,80.0,0.0,0.0,0.0,0.0,0.0
2026-06-18T02:49:21,ERR,ERR,ERR,ERR,ERR,ERR,ERR,ERR,ERR,ERR,ERR,ERR,ERR,ERR,ERR,ERR,ERR,ERR,ERR,ERR,ERR,ERR,ERR,ERR,ERR,ERR,ERR,ERR,ERR,ERR,ERR,ERR,ERR,ERR,ERR,ERR,ERR,ERR,ERR,ERR,ERR,ERR,ERR,ERR,ERR,ERR,ERR,ERR,ERR,ERR,ERR,ERR,ERR,ERR,ERR,ERR,ERR,ERR,ERR,ERR,ERR,ERR,ERR,ERR,ERR,ERR,ERR,ERR,ERR,ERR,ERR,ERR,ERR,ERR,ERR,ERR,ERR,ERR,ERR,ERR,ERR,ERR,ERR,ERR,ERR,ERR,ERR,ERR,ERR,ERR,ERR,ERR,ERR,ERR,ERR,ERR,ERR,ERR,ERR,ERR,ERR,ERR,ERR,ERR,ERR,ERR,ERR,ERR,ERR,ERR,ERR,ERR,ERR,ERR,ERR,ERR,ERR,ERR,ERR,ERR,ERR,ERR,ERR,ERR,ERR,0.0,-107615384.0,0.0,2.718290229135658e+23,-1.592,1.3936040501711995e+18,7.805,-0.0,0,0,4,48961,6720,14723890282496.0,100,0.0,0.0,0.0,2.718290229135658e+23,0.0,0,0,0,0,0.0,0,0,0,0,0,0,0,0,0,0,0,0,0,0,0,0,0,0,0,0,0,0,0,0,0,0,0,0,0,0,0,0,0,26,51,50,76,65476,0,300,0,0,8,21553,0.0,-107605600.0,0.0,0.0,0.0,0.0,0.0,0.0,0.0,0.0,0.0,0.0,0.0,0.0,0.0,0.0,0.0,0.0,0.0,0.0,0.0,0.0,-0.0,-2.004,-0.0,-0.0,0.0,0.0,0.0,0.0,4822.0,-0.0,7251.0,0.0,-107615384.0,2.7184303811560617e+23,2.718431101732002e+23,0.0,0.0,0.0,0.0,77,-126841118720.0,-71.629,0.0,0.0,0.0,0.0,0.0,0.0,0.0,0,0,0,0.0,0.0,0.0,0.0,0.0,0.0,0.0,0.0,0.0,0.0,0.0,0.0,0.0,0.0,0.0,0.0,0,-107875648.0,77,0.0,154,0.0,-101056864.0,ERR,ERR,ERR,ERR,ERR,ERR,ERR,ERR,ERR,ERR,ERR,ERR,ERR,ERR,ERR,ERR,ERR,ERR,ERR,ERR,ERR,ERR,ERR,ERR,ERR,ERR,ERR,ERR,ERR,ERR,ERR,ERR,ERR,ERR,ERR,ERR,ERR,ERR,ERR,ERR,ERR,ERR,ERR,ERR,ERR,ERR,ERR,ERR,ERR,ERR,ERR,ERR,ERR,ERR,ERR,ERR,ERR,ERR,ERR,ERR,ERR,ERR,ERR,ERR,ERR,ERR,ERR,34.0,80.0,35,0.0,0.0,0.0,0.0,0.0,0.0,0.0,0.0,0.0,0.0,0.0,0.0,0.0,0.0,0.0,0.0,65.6,0,119,58,53,65476,0,300,0,0,8,20529,65476,0,0,57672,80.0,0.0,0.0,0.0,0.0,0.0
2026-06-18T02:49:22,ERR,ERR,ERR,ERR,ERR,ERR,ERR,ERR,ERR,ERR,ERR,ERR,ERR,ERR,ERR,ERR,ERR,ERR,ERR,ERR,ERR,ERR,ERR,ERR,ERR,ERR,ERR,ERR,ERR,ERR,ERR,ERR,ERR,ERR,ERR,ERR,ERR,ERR,ERR,ERR,ERR,ERR,ERR,ERR,ERR,ERR,ERR,ERR,ERR,ERR,ERR,ERR,ERR,ERR,ERR,ERR,ERR,ERR,ERR,ERR,ERR,ERR,ERR,ERR,ERR,ERR,ERR,ERR,ERR,ERR,ERR,ERR,ERR,ERR,ERR,ERR,ERR,ERR,ERR,ERR,ERR,ERR,ERR,ERR,ERR,ERR,ERR,ERR,ERR,ERR,ERR,ERR,ERR,ERR,ERR,ERR,ERR,ERR,ERR,ERR,ERR,ERR,ERR,ERR,ERR,ERR,ERR,ERR,ERR,ERR,ERR,ERR,ERR,ERR,ERR,ERR,ERR,ERR,ERR,ERR,ERR,ERR,ERR,ERR,ERR,0.0,-107615384.0,0.0,2.718290229135658e+23,-1.592,1.3936040501711995e+18,7.805,-0.0,0,0,4,48961,6720,14723890282496.0,100,0.0,0.0,0.0,2.718290229135658e+23,0.0,0,0,0,0,0.0,0,0,0,0,0,0,0,0,0,0,0,0,0,0,0,0,0,0,0,0,0,0,0,0,0,0,0,0,0,0,0,0,0,26,51,50,76,65476,0,300,0,0,8,21553,0.0,-107605600.0,0.0,0.0,0.0,0.0,0.0,0.0,0.0,0.0,0.0,0.0,0.0,0.0,0.0,0.0,0.0,0.0,0.0,0.0,0.0,0.0,-0.0,-2.004,-0.0,-0.0,0.0,0.0,0.0,0.0,4822.0,-0.0,7251.0,0.0,-107615384.0,2.7184303811560617e+23,2.718431101732002e+23,0.0,0.0,0.0,0.0,77,-126841118720.0,-71.629,0.0,0.0,0.0,0.0,0.0,0.0,0.0,0,0,0,0.0,0.0,0.0,0.0,0.0,0.0,0.0,0.0,0.0,0.0,0.0,0.0,0.0,0.0,0.0,0.0,0,-107875648.0,77,0.0,154,0.0,-101056864.0,ERR,ERR,ERR,ERR,ERR,ERR,ERR,ERR,ERR,ERR,ERR,ERR,ERR,ERR,ERR,ERR,ERR,ERR,ERR,ERR,ERR,ERR,ERR,ERR,ERR,ERR,ERR,ERR,ERR,ERR,ERR,ERR,ERR,ERR,ERR,ERR,ERR,ERR,ERR,ERR,ERR,ERR,ERR,ERR,ERR,ERR,ERR,ERR,ERR,ERR,ERR,ERR,ERR,ERR,ERR,ERR,ERR,ERR,ERR,ERR,ERR,ERR,ERR,ERR,ERR,ERR,ERR,34.0,80.0,35,0.0,0.0,0.0,0.0,0.0,0.0,0.0,0.0,0.0,0.0,0.0,0.0,0.0,0.0,0.0,0.0,66.0,0,119,58,53,65476,0,300,0,0,8,20529,65476,0,0,57672,80.0,0.0,0.0,0.0,0.0,0.0
2026-06-18T02:49:23,ERR,ERR,ERR,ERR,ERR,ERR,ERR,ERR,ERR,ERR,ERR,ERR,ERR,ERR,ERR,ERR,ERR,ERR,ERR,ERR,ERR,ERR,ERR,ERR,ERR,ERR,ERR,ERR,ERR,ERR,ERR,ERR,ERR,ERR,ERR,ERR,ERR,ERR,ERR,ERR,ERR,ERR,ERR,ERR,ERR,ERR,ERR,ERR,ERR,ERR,ERR,ERR,ERR,ERR,ERR,ERR,ERR,ERR,ERR,ERR,ERR,ERR,ERR,ERR,ERR,ERR,ERR,ERR,ERR,ERR,ERR,ERR,ERR,ERR,ERR,ERR,ERR,ERR,ERR,ERR,ERR,ERR,ERR,ERR,ERR,ERR,ERR,ERR,ERR,ERR,ERR,ERR,ERR,ERR,ERR,ERR,ERR,ERR,ERR,ERR,ERR,ERR,ERR,ERR,ERR,ERR,ERR,ERR,ERR,ERR,ERR,ERR,ERR,ERR,ERR,ERR,ERR,ERR,ERR,ERR,ERR,ERR,ERR,ERR,ERR,0.0,-107615384.0,0.0,2.718290229135658e+23,-1.592,1.3936040501711995e+18,7.805,-0.0,0,0,4,48961,6720,14723890282496.0,100,0.0,0.0,0.0,2.718290229135658e+23,0.0,0,0,0,0,0.0,0,0,0,0,0,0,0,0,0,0,0,0,0,0,0,0,0,0,0,0,0,0,0,0,0,0,0,0,0,0,0,0,0,26,51,50,76,65476,0,300,0,0,8,21553,0.0,-107605600.0,0.0,0.0,0.0,0.0,0.0,0.0,0.0,0.0,0.0,0.0,0.0,0.0,0.0,0.0,0.0,0.0,0.0,0.0,0.0,0.0,-0.0,-2.004,-0.0,-0.0,0.0,0.0,0.0,0.0,4822.0,-0.0,7251.0,0.0,-107615384.0,2.7184303811560617e+23,2.718431101732002e+23,0.0,0.0,0.0,0.0,77,-126841118720.0,-71.629,0.0,0.0,0.0,0.0,0.0,0.0,0.0,0,0,0,0.0,0.0,0.0,0.0,0.0,0.0,0.0,0.0,0.0,0.0,0.0,0.0,0.0,0.0,0.0,0.0,0,-107875648.0,77,0.0,154,0.0,-101056864.0,ERR,ERR,ERR,ERR,ERR,ERR,ERR,ERR,ERR,ERR,ERR,ERR,ERR,ERR,ERR,ERR,ERR,ERR,ERR,ERR,ERR,ERR,ERR,ERR,ERR,ERR,ERR,ERR,ERR,ERR,ERR,ERR,ERR,ERR,ERR,ERR,ERR,ERR,ERR,ERR,ERR,ERR,ERR,ERR,ERR,ERR,ERR,ERR,ERR,ERR,ERR,ERR,ERR,ERR,ERR,ERR,ERR,ERR,ERR,ERR,ERR,ERR,ERR,ERR,ERR,ERR,ERR,34.0,80.0,35,0.0,0.0,0.0,0.0,0.0,0.0,0.0,0.0,0.0,0.0,0.0,0.0,0.0,0.0,0.0,0.0,66.0,0,119,58,53,65476,0,300,0,0,8,20529,65476,0,0,57672,80.0,0.0,0.0,0.0,0.0,0.0
2026-06-18T02:49:24,ERR,ERR,ERR,ERR,ERR,ERR,ERR,ERR,ERR,ERR,ERR,ERR,ERR,ERR,ERR,ERR,ERR,ERR,ERR,ERR,ERR,ERR,ERR,ERR,ERR,ERR,ERR,ERR,ERR,ERR,ERR,ERR,ERR,ERR,ERR,ERR,ERR,ERR,ERR,ERR,ERR,ERR,ERR,ERR,ERR,ERR,ERR,ERR,ERR,ERR,ERR,ERR,ERR,ERR,ERR,ERR,ERR,ERR,ERR,ERR,ERR,ERR,ERR,ERR,ERR,ERR,ERR,ERR,ERR,ERR,ERR,ERR,ERR,ERR,ERR,ERR,ERR,ERR,ERR,ERR,ERR,ERR,ERR,ERR,ERR,ERR,ERR,ERR,ERR,ERR,ERR,ERR,ERR,ERR,ERR,ERR,ERR,ERR,ERR,ERR,ERR,ERR,ERR,ERR,ERR,ERR,ERR,ERR,ERR,ERR,ERR,ERR,ERR,ERR,ERR,ERR,ERR,ERR,ERR,ERR,ERR,ERR,ERR,ERR,ERR,0.0,-107615384.0,0.0,2.718290229135658e+23,-1.592,1.3936040501711995e+18,7.805,-0.0,0,0,4,48961,6720,14723890282496.0,100,0.0,0.0,0.0,2.718290229135658e+23,0.0,0,0,0,0,0.0,0,0,0,0,0,0,0,0,0,0,0,0,0,0,0,0,0,0,0,0,0,0,0,0,0,0,0,0,0,0,0,0,0,26,51,50,76,65476,0,300,0,0,8,21553,0.0,-107605600.0,0.0,0.0,0.0,0.0,0.0,0.0,0.0,0.0,0.0,0.0,0.0,0.0,0.0,0.0,0.0,0.0,0.0,0.0,0.0,0.0,-0.0,-2.004,-0.0,-0.0,0.0,0.0,0.0,0.0,4822.0,-0.0,7251.0,0.0,-107615384.0,2.7184303811560617e+23,2.718431101732002e+23,0.0,0.0,0.0,0.0,77,-126841118720.0,-71.629,0.0,0.0,0.0,0.0,0.0,0.0,0.0,0,0,0,0.0,0.0,0.0,0.0,0.0,0.0,0.0,0.0,0.0,0.0,0.0,0.0,0.0,0.0,0.0,0.0,0,-107875648.0,77,0.0,154,0.0,-101056864.0,ERR,ERR,ERR,ERR,ERR,ERR,ERR,ERR,ERR,ERR,ERR,ERR,ERR,ERR,ERR,ERR,ERR,ERR,ERR,ERR,ERR,ERR,ERR,ERR,ERR,ERR,ERR,ERR,ERR,ERR,ERR,ERR,ERR,ERR,ERR,ERR,ERR,ERR,ERR,ERR,ERR,ERR,ERR,ERR,ERR,ERR,ERR,ERR,ERR,ERR,ERR,ERR,ERR,ERR,ERR,ERR,ERR,ERR,ERR,ERR,ERR,ERR,ERR,ERR,ERR,ERR,ERR,34.0,80.0,35,0.0,0.0,0.0,0.0,0.0,0.0,0.0,0.0,0.0,0.0,0.0,0.0,0.0,0.0,0.0,0.0,66.0,0,119,58,53,65476,0,300,0,0,8,20529,65476,0,0,57672,80.0,0.0,0.0,0.0,0.0,0.0
2026-06-18T02:49:25,ERR,ERR,ERR,ERR,ERR,ERR,ERR,ERR,ERR,ERR,ERR,ERR,ERR,ERR,ERR,ERR,ERR,ERR,ERR,ERR,ERR,ERR,ERR,ERR,ERR,ERR,ERR,ERR,ERR,ERR,ERR,ERR,ERR,ERR,ERR,ERR,ERR,ERR,ERR,ERR,ERR,ERR,ERR,ERR,ERR,ERR,ERR,ERR,ERR,ERR,ERR,ERR,ERR,ERR,ERR,ERR,ERR,ERR,ERR,ERR,ERR,ERR,ERR,ERR,ERR,ERR,ERR,ERR,ERR,ERR,ERR,ERR,ERR,ERR,ERR,ERR,ERR,ERR,ERR,ERR,ERR,ERR,ERR,ERR,ERR,ERR,ERR,ERR,ERR,ERR,ERR,ERR,ERR,ERR,ERR,ERR,ERR,ERR,ERR,ERR,ERR,ERR,ERR,ERR,ERR,ERR,ERR,ERR,ERR,ERR,ERR,ERR,ERR,ERR,ERR,ERR,ERR,ERR,ERR,ERR,ERR,ERR,ERR,ERR,ERR,0.0,-107615384.0,0.0,2.718290229135658e+23,-1.592,1.3936040501711995e+18,7.805,-0.0,0,0,4,48961,6720,14723890282496.0,100,0.0,0.0,0.0,2.718290229135658e+23,0.0,0,0,0,0,0.0,0,0,0,0,0,0,0,0,0,0,0,0,0,0,0,0,0,0,0,0,0,0,0,0,0,0,0,0,0,0,0,0,0,26,51,50,76,65476,0,300,0,0,8,21553,0.0,-107605600.0,0.0,0.0,0.0,0.0,0.0,0.0,0.0,0.0,0.0,0.0,0.0,0.0,0.0,0.0,0.0,0.0,0.0,0.0,0.0,0.0,-0.0,-2.004,-0.0,-0.0,0.0,0.0,0.0,0.0,4822.0,-0.0,7251.0,0.0,-107615384.0,2.7184303811560617e+23,2.718431101732002e+23,0.0,0.0,0.0,0.0,77,-126841118720.0,-71.629,0.0,0.0,0.0,0.0,0.0,0.0,0.0,0,0,0,0.0,0.0,0.0,0.0,0.0,0.0,0.0,0.0,0.0,0.0,0.0,0.0,0.0,0.0,0.0,0.0,0,-107875648.0,77,0.0,154,0.0,-101056864.0,ERR,ERR,ERR,ERR,ERR,ERR,ERR,ERR,ERR,ERR,ERR,ERR,ERR,ERR,ERR,ERR,ERR,ERR,ERR,ERR,ERR,ERR,ERR,ERR,ERR,ERR,ERR,ERR,ERR,ERR,ERR,ERR,ERR,ERR,ERR,ERR,ERR,ERR,ERR,ERR,ERR,ERR,ERR,ERR,ERR,ERR,ERR,ERR,ERR,ERR,ERR,ERR,ERR,ERR,ERR,ERR,ERR,ERR,ERR,ERR,ERR,ERR,ERR,ERR,ERR,ERR,ERR,34.0,80.0,35,0.0,0.0,0.0,0.0,0.0,0.0,0.0,0.0,0.0,0.0,0.0,0.0,0.0,0.0,0.0,0.0,66.0,0,119,58,53,65476,0,300,0,0,8,20529,65476,0,0,57672,80.0,0.0,0.0,0.0,0.0,0.0
2026-06-18T02:49:26,ERR,ERR,ERR,ERR,ERR,ERR,ERR,ERR,ERR,ERR,ERR,ERR,ERR,ERR,ERR,ERR,ERR,ERR,ERR,ERR,ERR,ERR,ERR,ERR,ERR,ERR,ERR,ERR,ERR,ERR,ERR,ERR,ERR,ERR,ERR,ERR,ERR,ERR,ERR,ERR,ERR,ERR,ERR,ERR,ERR,ERR,ERR,ERR,ERR,ERR,ERR,ERR,ERR,ERR,ERR,ERR,ERR,ERR,ERR,ERR,ERR,ERR,ERR,ERR,ERR,ERR,ERR,ERR,ERR,ERR,ERR,ERR,ERR,ERR,ERR,ERR,ERR,ERR,ERR,ERR,ERR,ERR,ERR,ERR,ERR,ERR,ERR,ERR,ERR,ERR,ERR,ERR,ERR,ERR,ERR,ERR,ERR,ERR,ERR,ERR,ERR,ERR,ERR,ERR,ERR,ERR,ERR,ERR,ERR,ERR,ERR,ERR,ERR,ERR,ERR,ERR,ERR,ERR,ERR,ERR,ERR,ERR,ERR,ERR,ERR,0.0,0.0,-0.0,-152005385388032.0,nan,1.3936040501711995e+18,7.805,-1161942663168.0,0,0,4,48956,6720,14723890282496.0,100,0.0,0.0,0.0,0.059,0.0,0,0,0,0,0.0,0,0,0,0,0,0,0,0,0,0,0,0,0,0,0,0,0,0,0,0,0,0,0,0,0,0,0,0,0,0,0,0,0,26,51,50,76,65476,0,300,0,0,8,21553,0.0,-107605600.0,0.0,0.0,0.0,0.0,0.0,0.0,0.0,0.0,0.0,0.0,0.0,0.0,0.0,0.0,0.0,0.0,0.0,0.0,0.0,0.0,-0.0,0.0,-0.0,-0.0,0.0,0.0,0.0,0.0,4824.0,-0.0,7253.0,0.0,-107615384.0,2.7184303811560617e+23,2.718431101732002e+23,0.0,0.0,0.0,0.0,77,-152018471616512.0,-152017146216448.0,0.0,0.0,0.0,0.0,0.0,0.0,0.0,0,0,0,0.0,0.0,0.0,0.0,0.0,0.0,0.0,0.0,0.0,0.0,0.0,0.0,0.0,0.0,0.0,0.0,0,-107875648.0,77,0.0,154,0.0,-101056864.0,ERR,ERR,ERR,ERR,ERR,ERR,ERR,ERR,ERR,ERR,ERR,ERR,ERR,ERR,ERR,ERR,ERR,ERR,ERR,ERR,ERR,ERR,ERR,ERR,ERR,ERR,ERR,ERR,ERR,ERR,ERR,ERR,ERR,ERR,ERR,ERR,ERR,ERR,ERR,ERR,ERR,ERR,ERR,ERR,ERR,ERR,ERR,ERR,ERR,ERR,ERR,ERR,ERR,ERR,ERR,ERR,ERR,ERR,ERR,ERR,ERR,ERR,ERR,ERR,ERR,ERR,ERR,34.0,80.0,35,0.0,0.0,0.0,0.0,0.0,0.0,0.0,0.0,0.0,0.0,0.0,0.0,0.0,0.0,0.0,0.0,66.0,0,119,58,53,65476,0,300,0,0,8,20529,65476,0,0,57672,80.0,0.0,0.0,0.0,0.0,0.0
2026-06-18T02:49:27,ERR,ERR,ERR,ERR,ERR,ERR,ERR,ERR,ERR,ERR,ERR,ERR,ERR,ERR,ERR,ERR,ERR,ERR,ERR,ERR,ERR,ERR,ERR,ERR,ERR,ERR,ERR,ERR,ERR,ERR,ERR,ERR,ERR,ERR,ERR,ERR,ERR,ERR,ERR,ERR,ERR,ERR,ERR,ERR,ERR,ERR,ERR,ERR,ERR,ERR,ERR,ERR,ERR,ERR,ERR,ERR,ERR,ERR,ERR,ERR,ERR,ERR,ERR,ERR,ERR,ERR,ERR,ERR,ERR,ERR,ERR,ERR,ERR,ERR,ERR,ERR,ERR,ERR,ERR,ERR,ERR,ERR,ERR,ERR,ERR,ERR,ERR,ERR,ERR,ERR,ERR,ERR,ERR,ERR,ERR,ERR,ERR,ERR,ERR,ERR,ERR,ERR,ERR,ERR,ERR,ERR,ERR,ERR,ERR,ERR,ERR,ERR,ERR,ERR,ERR,ERR,ERR,ERR,ERR,ERR,ERR,ERR,ERR,ERR,ERR,0.0,0.0,-0.0,-152005385388032.0,nan,1.3936040501711995e+18,7.805,-1161942663168.0,0,0,4,48956,6720,14723890282496.0,100,0.0,0.0,0.0,0.059,0.0,0,0,0,0,0.0,0,0,0,0,0,0,0,0,0,0,0,0,0,0,0,0,0,0,0,0,0,0,0,0,0,0,0,0,0,0,0,0,0,26,51,50,76,65476,0,300,0,0,8,21553,0.0,-107605600.0,0.0,0.0,0.0,0.0,0.0,0.0,0.0,0.0,0.0,0.0,0.0,0.0,0.0,0.0,0.0,0.0,0.0,0.0,0.0,0.0,-0.0,0.0,-0.0,-0.0,0.0,0.0,0.0,0.0,4824.0,-0.0,7253.0,0.0,-107615384.0,2.7184303811560617e+23,2.718431101732002e+23,0.0,0.0,0.0,0.0,77,-152018471616512.0,-152017146216448.0,0.0,0.0,0.0,0.0,0.0,0.0,0.0,0,0,0,0.0,0.0,0.0,0.0,0.0,0.0,0.0,0.0,0.0,0.0,0.0,0.0,0.0,0.0,0.0,0.0,0,-107875648.0,77,0.0,154,0.0,-101056864.0,ERR,ERR,ERR,ERR,ERR,ERR,ERR,ERR,ERR,ERR,ERR,ERR,ERR,ERR,ERR,ERR,ERR,ERR,ERR,ERR,ERR,ERR,ERR,ERR,ERR,ERR,ERR,ERR,ERR,ERR,ERR,ERR,ERR,ERR,ERR,ERR,ERR,ERR,ERR,ERR,ERR,ERR,ERR,ERR,ERR,ERR,ERR,ERR,ERR,ERR,ERR,ERR,ERR,ERR,ERR,ERR,ERR,ERR,ERR,ERR,ERR,ERR,ERR,ERR,ERR,ERR,ERR,34.0,80.0,35,0.0,0.0,0.0,0.0,0.0,0.0,0.0,0.0,0.0,0.0,0.0,0.0,0.0,0.0,0.0,0.0,66.0,0,119,58,53,65476,0,300,0,0,8,20529,65476,0,0,57672,80.0,0.0,0.0,0.0,0.0,0.0
2026-06-18T02:49:28,ERR,ERR,ERR,ERR,ERR,ERR,ERR,ERR,ERR,ERR,ERR,ERR,ERR,ERR,ERR,ERR,ERR,ERR,ERR,ERR,ERR,ERR,ERR,ERR,ERR,ERR,ERR,ERR,ERR,ERR,ERR,ERR,ERR,ERR,ERR,ERR,ERR,ERR,ERR,ERR,ERR,ERR,ERR,ERR,ERR,ERR,ERR,ERR,ERR,ERR,ERR,ERR,ERR,ERR,ERR,ERR,ERR,ERR,ERR,ERR,ERR,ERR,ERR,ERR,ERR,ERR,ERR,ERR,ERR,ERR,ERR,ERR,ERR,ERR,ERR,ERR,ERR,ERR,ERR,ERR,ERR,ERR,ERR,ERR,ERR,ERR,ERR,ERR,ERR,ERR,ERR,ERR,ERR,ERR,ERR,ERR,ERR,ERR,ERR,ERR,ERR,ERR,ERR,ERR,ERR,ERR,ERR,ERR,ERR,ERR,ERR,ERR,ERR,ERR,ERR,ERR,ERR,ERR,ERR,ERR,ERR,ERR,ERR,ERR,ERR,0.0,0.0,-0.0,-152005385388032.0,nan,1.3936040501711995e+18,7.805,-1161942663168.0,0,0,4,48956,6720,14723890282496.0,100,0.0,0.0,0.0,0.059,0.0,0,0,0,0,0.0,0,0,0,0,0,0,0,0,0,0,0,0,0,0,0,0,0,0,0,0,0,0,0,0,0,0,0,0,0,0,0,0,0,26,51,50,76,65476,0,300,0,0,8,21553,0.0,-107605600.0,0.0,0.0,0.0,0.0,0.0,0.0,0.0,0.0,0.0,0.0,0.0,0.0,0.0,0.0,0.0,0.0,0.0,0.0,0.0,0.0,-0.0,0.0,-0.0,-0.0,0.0,0.0,0.0,0.0,4824.0,-0.0,7253.0,0.0,-107615384.0,2.7184303811560617e+23,2.718431101732002e+23,0.0,0.0,0.0,0.0,77,-152018471616512.0,-152017146216448.0,0.0,0.0,0.0,0.0,0.0,0.0,0.0,0,0,0,0.0,0.0,0.0,0.0,0.0,0.0,0.0,0.0,0.0,0.0,0.0,0.0,0.0,0.0,0.0,0.0,0,-107875648.0,77,0.0,154,0.0,-101056864.0,ERR,ERR,ERR,ERR,ERR,ERR,ERR,ERR,ERR,ERR,ERR,ERR,ERR,ERR,ERR,ERR,ERR,ERR,ERR,ERR,ERR,ERR,ERR,ERR,ERR,ERR,ERR,ERR,ERR,ERR,ERR,ERR,ERR,ERR,ERR,ERR,ERR,ERR,ERR,ERR,ERR,ERR,ERR,ERR,ERR,ERR,ERR,ERR,ERR,ERR,ERR,ERR,ERR,ERR,ERR,ERR,ERR,ERR,ERR,ERR,ERR,ERR,ERR,ERR,ERR,ERR,ERR,34.0,80.0,35,0.0,0.0,0.0,0.0,0.0,0.0,0.0,0.0,0.0,0.0,0.0,0.0,0.0,0.0,0.0,0.0,65.6,0,119,58,53,65476,0,300,0,0,8,20529,65476,0,0,57672,80.0,0.0,0.0,0.0,0.0,0.0
2026-06-18T02:49:29,ERR,ERR,ERR,ERR,ERR,ERR,ERR,ERR,ERR,ERR,ERR,ERR,ERR,ERR,ERR,ERR,ERR,ERR,ERR,ERR,ERR,ERR,ERR,ERR,ERR,ERR,ERR,ERR,ERR,ERR,ERR,ERR,ERR,ERR,ERR,ERR,ERR,ERR,ERR,ERR,ERR,ERR,ERR,ERR,ERR,ERR,ERR,ERR,ERR,ERR,ERR,ERR,ERR,ERR,ERR,ERR,ERR,ERR,ERR,ERR,ERR,ERR,ERR,ERR,ERR,ERR,ERR,ERR,ERR,ERR,ERR,ERR,ERR,ERR,ERR,ERR,ERR,ERR,ERR,ERR,ERR,ERR,ERR,ERR,ERR,ERR,ERR,ERR,ERR,ERR,ERR,ERR,ERR,ERR,ERR,ERR,ERR,ERR,ERR,ERR,ERR,ERR,ERR,ERR,ERR,ERR,ERR,ERR,ERR,ERR,ERR,ERR,ERR,ERR,ERR,ERR,ERR,ERR,ERR,ERR,ERR,ERR,ERR,ERR,ERR,0.0,0.0,-0.0,-152005385388032.0,nan,1.3936040501711995e+18,7.805,-1161942663168.0,0,0,4,48956,6720,14723890282496.0,100,0.0,0.0,0.0,0.059,0.0,0,0,0,0,0.0,0,0,0,0,0,0,0,0,0,0,0,0,0,0,0,0,0,0,0,0,0,0,0,0,0,0,0,0,0,0,0,0,0,26,51,50,76,65476,0,300,0,0,8,21553,0.0,-107605600.0,0.0,0.0,0.0,0.0,0.0,0.0,0.0,0.0,0.0,0.0,0.0,0.0,0.0,0.0,0.0,0.0,0.0,0.0,0.0,0.0,-0.0,0.0,-0.0,-0.0,0.0,0.0,0.0,0.0,4824.0,-0.0,7253.0,0.0,-107615384.0,2.7184303811560617e+23,2.718431101732002e+23,0.0,0.0,0.0,0.0,77,-152018471616512.0,-152017146216448.0,0.0,0.0,0.0,0.0,0.0,0.0,0.0,0,0,0,0.0,0.0,0.0,0.0,0.0,0.0,0.0,0.0,0.0,0.0,0.0,0.0,0.0,0.0,0.0,0.0,0,-107875648.0,77,0.0,154,0.0,-101056864.0,ERR,ERR,ERR,ERR,ERR,ERR,ERR,ERR,ERR,ERR,ERR,ERR,ERR,ERR,ERR,ERR,ERR,ERR,ERR,ERR,ERR,ERR,ERR,ERR,ERR,ERR,ERR,ERR,ERR,ERR,ERR,ERR,ERR,ERR,ERR,ERR,ERR,ERR,ERR,ERR,ERR,ERR,ERR,ERR,ERR,ERR,ERR,ERR,ERR,ERR,ERR,ERR,ERR,ERR,ERR,ERR,ERR,ERR,ERR,ERR,ERR,ERR,ERR,ERR,ERR,ERR,ERR,34.0,80.0,35,0.0,0.0,0.0,0.0,0.0,0.0,0.0,0.0,0.0,0.0,0.0,0.0,0.0,0.0,0.0,0.0,65.6,0,119,58,53,65476,0,300,0,0,8,20529,65476,0,0,57672,80.0,0.0,0.0,0.0,0.0,0.0
2026-06-18T02:49:30,ERR,ERR,ERR,ERR,ERR,ERR,ERR,ERR,ERR,ERR,ERR,ERR,ERR,ERR,ERR,ERR,ERR,ERR,ERR,ERR,ERR,ERR,ERR,ERR,ERR,ERR,ERR,ERR,ERR,ERR,ERR,ERR,ERR,ERR,ERR,ERR,ERR,ERR,ERR,ERR,ERR,ERR,ERR,ERR,ERR,ERR,ERR,ERR,ERR,ERR,ERR,ERR,ERR,ERR,ERR,ERR,ERR,ERR,ERR,ERR,ERR,ERR,ERR,ERR,ERR,ERR,ERR,ERR,ERR,ERR,ERR,ERR,ERR,ERR,ERR,ERR,ERR,ERR,ERR,ERR,ERR,ERR,ERR,ERR,ERR,ERR,ERR,ERR,ERR,ERR,ERR,ERR,ERR,ERR,ERR,ERR,ERR,ERR,ERR,ERR,ERR,ERR,ERR,ERR,ERR,ERR,ERR,ERR,ERR,ERR,ERR,ERR,ERR,ERR,ERR,ERR,ERR,ERR,ERR,ERR,ERR,ERR,ERR,ERR,ERR,0.0,0.0,-0.0,-152005385388032.0,nan,1.3936040501711995e+18,7.805,-1161942663168.0,0,0,4,48956,6720,14723890282496.0,100,0.0,0.0,0.0,0.059,0.0,0,0,0,0,0.0,0,0,0,0,0,0,0,0,0,0,0,0,0,0,0,0,0,0,0,0,0,0,0,0,0,0,0,0,0,0,0,0,0,26,51,50,76,65476,0,300,0,0,8,21553,0.0,-107605600.0,0.0,0.0,0.0,0.0,0.0,0.0,0.0,0.0,0.0,0.0,0.0,0.0,0.0,0.0,0.0,0.0,0.0,0.0,0.0,0.0,-0.0,0.0,-0.0,-0.0,0.0,0.0,0.0,0.0,4824.0,-0.0,7253.0,0.0,-107615384.0,2.7184303811560617e+23,2.718431101732002e+23,0.0,0.0,0.0,0.0,77,-152018471616512.0,-152017146216448.0,0.0,0.0,0.0,0.0,0.0,0.0,0.0,0,0,0,0.0,0.0,0.0,0.0,0.0,0.0,0.0,0.0,0.0,0.0,0.0,0.0,0.0,0.0,0.0,0.0,0,-107875648.0,77,0.0,154,0.0,-101056864.0,ERR,ERR,ERR,ERR,ERR,ERR,ERR,ERR,ERR,ERR,ERR,ERR,ERR,ERR,ERR,ERR,ERR,ERR,ERR,ERR,ERR,ERR,ERR,ERR,ERR,ERR,ERR,ERR,ERR,ERR,ERR,ERR,ERR,ERR,ERR,ERR,ERR,ERR,ERR,ERR,ERR,ERR,ERR,ERR,ERR,ERR,ERR,ERR,ERR,ERR,ERR,ERR,ERR,ERR,ERR,ERR,ERR,ERR,ERR,ERR,ERR,ERR,ERR,ERR,ERR,ERR,ERR,34.0,80.0,35,0.0,0.0,0.0,0.0,0.0,0.0,0.0,0.0,0.0,0.0,0.0,0.0,0.0,0.0,0.0,0.0,65.6,0,119,58,53,65476,0,300,0,0,8,20529,65476,0,0,57672,80.0,0.0,0.0,0.0,0.0,0.0
2026-06-18T02:49:31,ERR,ERR,ERR,ERR,ERR,ERR,ERR,ERR,ERR,ERR,ERR,ERR,ERR,ERR,ERR,ERR,ERR,ERR,ERR,ERR,ERR,ERR,ERR,ERR,ERR,ERR,ERR,ERR,ERR,ERR,ERR,ERR,ERR,ERR,ERR,ERR,ERR,ERR,ERR,ERR,ERR,ERR,ERR,ERR,ERR,ERR,ERR,ERR,ERR,ERR,ERR,ERR,ERR,ERR,ERR,ERR,ERR,ERR,ERR,ERR,ERR,ERR,ERR,ERR,ERR,ERR,ERR,ERR,ERR,ERR,ERR,ERR,ERR,ERR,ERR,ERR,ERR,ERR,ERR,ERR,ERR,ERR,ERR,ERR,ERR,ERR,ERR,ERR,ERR,ERR,ERR,ERR,ERR,ERR,ERR,ERR,ERR,ERR,ERR,ERR,ERR,ERR,ERR,ERR,ERR,ERR,ERR,ERR,ERR,ERR,ERR,ERR,ERR,ERR,ERR,ERR,ERR,ERR,ERR,ERR,ERR,ERR,ERR,ERR,ERR,0.0,0.0,-0.0,-152005385388032.0,nan,1.3936040501711995e+18,7.805,-1161942663168.0,0,0,4,48956,6720,14723890282496.0,100,0.0,0.0,0.0,0.059,0.0,0,0,0,0,0.0,0,0,0,0,0,0,0,0,0,0,0,0,0,0,0,0,0,0,0,0,0,0,0,0,0,0,0,0,0,0,0,0,0,26,51,50,76,65476,0,300,0,0,8,21553,0.0,-107605600.0,0.0,0.0,0.0,0.0,0.0,0.0,0.0,0.0,0.0,0.0,0.0,0.0,0.0,0.0,0.0,0.0,0.0,0.0,0.0,0.0,-0.0,0.0,-0.0,-0.0,0.0,0.0,0.0,0.0,4824.0,-0.0,7253.0,0.0,-107615384.0,2.7184303811560617e+23,2.718431101732002e+23,0.0,0.0,0.0,0.0,77,-152018471616512.0,-152017146216448.0,0.0,0.0,0.0,0.0,0.0,0.0,0.0,0,0,0,0.0,0.0,0.0,0.0,0.0,0.0,0.0,0.0,0.0,0.0,0.0,0.0,0.0,0.0,0.0,0.0,0,-107875648.0,77,0.0,154,0.0,-101056864.0,ERR,ERR,ERR,ERR,ERR,ERR,ERR,ERR,ERR,ERR,ERR,ERR,ERR,ERR,ERR,ERR,ERR,ERR,ERR,ERR,ERR,ERR,ERR,ERR,ERR,ERR,ERR,ERR,ERR,ERR,ERR,ERR,ERR,ERR,ERR,ERR,ERR,ERR,ERR,ERR,ERR,ERR,ERR,ERR,ERR,ERR,ERR,ERR,ERR,ERR,ERR,ERR,ERR,ERR,ERR,ERR,ERR,ERR,ERR,ERR,ERR,ERR,ERR,ERR,ERR,ERR,ERR,34.0,80.0,35,0.0,0.0,0.0,0.0,0.0,0.0,0.0,0.0,0.0,0.0,0.0,0.0,0.0,0.0,0.0,0.0,65.6,0,119,58,53,65476,0,300,0,0,8,20529,65476,0,0,57672,80.0,0.0,0.0,0.0,0.0,0.0
2026-06-18T02:49:32,ERR,ERR,ERR,ERR,ERR,ERR,ERR,ERR,ERR,ERR,ERR,ERR,ERR,ERR,ERR,ERR,ERR,ERR,ERR,ERR,ERR,ERR,ERR,ERR,ERR,ERR,ERR,ERR,ERR,ERR,ERR,ERR,ERR,ERR,ERR,ERR,ERR,ERR,ERR,ERR,ERR,ERR,ERR,ERR,ERR,ERR,ERR,ERR,ERR,ERR,ERR,ERR,ERR,ERR,ERR,ERR,ERR,ERR,ERR,ERR,ERR,ERR,ERR,ERR,ERR,ERR,ERR,ERR,ERR,ERR,ERR,ERR,ERR,ERR,ERR,ERR,ERR,ERR,ERR,ERR,ERR,ERR,ERR,ERR,ERR,ERR,ERR,ERR,ERR,ERR,ERR,ERR,ERR,ERR,ERR,ERR,ERR,ERR,ERR,ERR,ERR,ERR,ERR,ERR,ERR,ERR,ERR,ERR,ERR,ERR,ERR,ERR,ERR,ERR,ERR,ERR,ERR,ERR,ERR,ERR,ERR,ERR,ERR,ERR,ERR,0.0,-107615384.0,0.0,2.718290229135658e+23,-1.592,1.3936040501711995e+18,7.805,-0.0,0,0,4,48959,6720,14723890282496.0,100,0.0,0.0,0.0,-0.0,0.0,0,0,0,0,0.0,0,0,0,0,0,0,0,0,0,0,0,0,0,0,0,0,0,0,0,0,0,0,0,0,0,0,0,0,0,0,0,0,0,26,51,50,76,65476,0,300,0,0,8,21553,0.0,-107605600.0,0.0,0.0,0.0,0.0,0.0,0.0,0.0,0.0,0.0,0.0,0.0,0.0,0.0,0.0,0.0,0.0,0.0,0.0,0.0,0.0,-0.0,-2.004,-0.0,-0.0,0.0,0.0,0.0,0.0,4824.0,-0.0,7249.0,0.0,-107615384.0,2.7184303811560617e+23,2.718431101732002e+23,0.0,0.0,0.0,0.0,77,-152018471616512.0,-0.0,0.0,0.0,0.0,0.0,0.0,0.0,0.0,0,0,0,0.0,0.0,0.0,0.0,0.0,0.0,0.0,0.0,0.0,0.0,0.0,0.0,0.0,0.0,0.0,0.0,0,-107875648.0,77,0.0,154,0.0,-101056864.0,ERR,ERR,ERR,ERR,ERR,ERR,ERR,ERR,ERR,ERR,ERR,ERR,ERR,ERR,ERR,ERR,ERR,ERR,ERR,ERR,ERR,ERR,ERR,ERR,ERR,ERR,ERR,ERR,ERR,ERR,ERR,ERR,ERR,ERR,ERR,ERR,ERR,ERR,ERR,ERR,ERR,ERR,ERR,ERR,ERR,ERR,ERR,ERR,ERR,ERR,ERR,ERR,ERR,ERR,ERR,ERR,ERR,ERR,ERR,ERR,ERR,ERR,ERR,ERR,ERR,ERR,ERR,34.0,80.0,35,0.0,0.0,0.0,0.0,0.0,0.0,0.0,0.0,0.0,0.0,0.0,0.0,0.0,0.0,0.0,0.0,65.6,0,119,58,53,65476,0,300,0,0,8,20529,65476,0,0,57672,80.0,0.0,0.0,0.0,0.0,0.0
2026-06-18T02:49:33,ERR,ERR,ERR,ERR,ERR,ERR,ERR,ERR,ERR,ERR,ERR,ERR,ERR,ERR,ERR,ERR,ERR,ERR,ERR,ERR,ERR,ERR,ERR,ERR,ERR,ERR,ERR,ERR,ERR,ERR,ERR,ERR,ERR,ERR,ERR,ERR,ERR,ERR,ERR,ERR,ERR,ERR,ERR,ERR,ERR,ERR,ERR,ERR,ERR,ERR,ERR,ERR,ERR,ERR,ERR,ERR,ERR,ERR,ERR,ERR,ERR,ERR,ERR,ERR,ERR,ERR,ERR,ERR,ERR,ERR,ERR,ERR,ERR,ERR,ERR,ERR,ERR,ERR,ERR,ERR,ERR,ERR,ERR,ERR,ERR,ERR,ERR,ERR,ERR,ERR,ERR,ERR,ERR,ERR,ERR,ERR,ERR,ERR,ERR,ERR,ERR,ERR,ERR,ERR,ERR,ERR,ERR,ERR,ERR,ERR,ERR,ERR,ERR,ERR,ERR,ERR,ERR,ERR,ERR,ERR,ERR,ERR,ERR,ERR,ERR,0.0,-107615384.0,0.0,2.718290229135658e+23,-1.592,1.3936040501711995e+18,7.805,-0.0,0,0,4,48959,6720,14723890282496.0,100,0.0,0.0,0.0,-0.0,0.0,0,0,0,0,0.0,0,0,0,0,0,0,0,0,0,0,0,0,0,0,0,0,0,0,0,0,0,0,0,0,0,0,0,0,0,0,0,0,0,26,51,50,76,65476,0,300,0,0,8,21553,0.0,-107605600.0,0.0,0.0,0.0,0.0,0.0,0.0,0.0,0.0,0.0,0.0,0.0,0.0,0.0,0.0,0.0,0.0,0.0,0.0,0.0,0.0,-0.0,-2.004,-0.0,-0.0,0.0,0.0,0.0,0.0,4824.0,-0.0,7249.0,0.0,-107615384.0,2.7184303811560617e+23,2.718431101732002e+23,0.0,0.0,0.0,0.0,77,-152018471616512.0,-0.0,0.0,0.0,0.0,0.0,0.0,0.0,0.0,0,0,0,0.0,0.0,0.0,0.0,0.0,0.0,0.0,0.0,0.0,0.0,0.0,0.0,0.0,0.0,0.0,0.0,0,-107875648.0,77,0.0,154,0.0,-101056864.0,ERR,ERR,ERR,ERR,ERR,ERR,ERR,ERR,ERR,ERR,ERR,ERR,ERR,ERR,ERR,ERR,ERR,ERR,ERR,ERR,ERR,ERR,ERR,ERR,ERR,ERR,ERR,ERR,ERR,ERR,ERR,ERR,ERR,ERR,ERR,ERR,ERR,ERR,ERR,ERR,ERR,ERR,ERR,ERR,ERR,ERR,ERR,ERR,ERR,ERR,ERR,ERR,ERR,ERR,ERR,ERR,ERR,ERR,ERR,ERR,ERR,ERR,ERR,ERR,ERR,ERR,ERR,34.0,80.0,35,0.0,0.0,0.0,0.0,0.0,0.0,0.0,0.0,0.0,0.0,0.0,0.0,0.0,0.0,0.0,0.0,65.6,0,119,58,53,65476,0,300,0,0,8,20529,65476,0,0,57672,80.0,0.0,0.0,0.0,0.0,0.0
2026-06-18T02:49:34,ERR,ERR,ERR,ERR,ERR,ERR,ERR,ERR,ERR,ERR,ERR,ERR,ERR,ERR,ERR,ERR,ERR,ERR,ERR,ERR,ERR,ERR,ERR,ERR,ERR,ERR,ERR,ERR,ERR,ERR,ERR,ERR,ERR,ERR,ERR,ERR,ERR,ERR,ERR,ERR,ERR,ERR,ERR,ERR,ERR,ERR,ERR,ERR,ERR,ERR,ERR,ERR,ERR,ERR,ERR,ERR,ERR,ERR,ERR,ERR,ERR,ERR,ERR,ERR,ERR,ERR,ERR,ERR,ERR,ERR,ERR,ERR,ERR,ERR,ERR,ERR,ERR,ERR,ERR,ERR,ERR,ERR,ERR,ERR,ERR,ERR,ERR,ERR,ERR,ERR,ERR,ERR,ERR,ERR,ERR,ERR,ERR,ERR,ERR,ERR,ERR,ERR,ERR,ERR,ERR,ERR,ERR,ERR,ERR,ERR,ERR,ERR,ERR,ERR,ERR,ERR,ERR,ERR,ERR,ERR,ERR,ERR,ERR,ERR,ERR,0.0,-107615384.0,0.0,2.718290229135658e+23,-1.592,1.3936040501711995e+18,7.805,-0.0,0,0,4,48959,6720,14723890282496.0,100,0.0,0.0,0.0,-0.0,0.0,0,0,0,0,0.0,0,0,0,0,0,0,0,0,0,0,0,0,0,0,0,0,0,0,0,0,0,0,0,0,0,0,0,0,0,0,0,0,0,26,51,50,76,65476,0,300,0,0,8,21553,0.0,-107605600.0,0.0,0.0,0.0,0.0,0.0,0.0,0.0,0.0,0.0,0.0,0.0,0.0,0.0,0.0,0.0,0.0,0.0,0.0,0.0,0.0,-0.0,-2.004,-0.0,-0.0,0.0,0.0,0.0,0.0,4824.0,-0.0,7249.0,0.0,-107615384.0,2.7184303811560617e+23,2.718431101732002e+23,0.0,0.0,0.0,0.0,77,-152018471616512.0,-0.0,0.0,0.0,0.0,0.0,0.0,0.0,0.0,0,0,0,0.0,0.0,0.0,0.0,0.0,0.0,0.0,0.0,0.0,0.0,0.0,0.0,0.0,0.0,0.0,0.0,0,-107875648.0,77,0.0,154,0.0,-101056864.0,ERR,ERR,ERR,ERR,ERR,ERR,ERR,ERR,ERR,ERR,ERR,ERR,ERR,ERR,ERR,ERR,ERR,ERR,ERR,ERR,ERR,ERR,ERR,ERR,ERR,ERR,ERR,ERR,ERR,ERR,ERR,ERR,ERR,ERR,ERR,ERR,ERR,ERR,ERR,ERR,ERR,ERR,ERR,ERR,ERR,ERR,ERR,ERR,ERR,ERR,ERR,ERR,ERR,ERR,ERR,ERR,ERR,ERR,ERR,ERR,ERR,ERR,ERR,ERR,ERR,ERR,ERR,34.0,80.0,35,0.0,0.0,0.0,0.0,0.0,0.0,0.0,0.0,0.0,0.0,0.0,0.0,0.0,0.0,0.0,0.0,65.6,0,119,58,53,65476,0,300,0,0,8,20529,65476,0,0,57672,80.0,0.0,0.0,0.0,0.0,0.0
2026-06-18T02:49:35,ERR,ERR,ERR,ERR,ERR,ERR,ERR,ERR,ERR,ERR,ERR,ERR,ERR,ERR,ERR,ERR,ERR,ERR,ERR,ERR,ERR,ERR,ERR,ERR,ERR,ERR,ERR,ERR,ERR,ERR,ERR,ERR,ERR,ERR,ERR,ERR,ERR,ERR,ERR,ERR,ERR,ERR,ERR,ERR,ERR,ERR,ERR,ERR,ERR,ERR,ERR,ERR,ERR,ERR,ERR,ERR,ERR,ERR,ERR,ERR,ERR,ERR,ERR,ERR,ERR,ERR,ERR,ERR,ERR,ERR,ERR,ERR,ERR,ERR,ERR,ERR,ERR,ERR,ERR,ERR,ERR,ERR,ERR,ERR,ERR,ERR,ERR,ERR,ERR,ERR,ERR,ERR,ERR,ERR,ERR,ERR,ERR,ERR,ERR,ERR,ERR,ERR,ERR,ERR,ERR,ERR,ERR,ERR,ERR,ERR,ERR,ERR,ERR,ERR,ERR,ERR,ERR,ERR,ERR,ERR,ERR,ERR,ERR,ERR,ERR,0.0,-107615384.0,0.0,2.718290229135658e+23,-1.592,1.3936040501711995e+18,7.805,-0.0,0,0,4,48959,6720,14723890282496.0,100,0.0,0.0,0.0,-0.0,0.0,0,0,0,0,0.0,0,0,0,0,0,0,0,0,0,0,0,0,0,0,0,0,0,0,0,0,0,0,0,0,0,0,0,0,0,0,0,0,0,26,51,50,76,65476,0,300,0,0,8,21553,0.0,-107605600.0,0.0,0.0,0.0,0.0,0.0,0.0,0.0,0.0,0.0,0.0,0.0,0.0,0.0,0.0,0.0,0.0,0.0,0.0,0.0,0.0,-0.0,-2.004,-0.0,-0.0,0.0,0.0,0.0,0.0,4824.0,-0.0,7249.0,0.0,-107615384.0,2.7184303811560617e+23,2.718431101732002e+23,0.0,0.0,0.0,0.0,77,-152018471616512.0,-0.0,0.0,0.0,0.0,0.0,0.0,0.0,0.0,0,0,0,0.0,0.0,0.0,0.0,0.0,0.0,0.0,0.0,0.0,0.0,0.0,0.0,0.0,0.0,0.0,0.0,0,-107875648.0,77,0.0,154,0.0,-101056864.0,ERR,ERR,ERR,ERR,ERR,ERR,ERR,ERR,ERR,ERR,ERR,ERR,ERR,ERR,ERR,ERR,ERR,ERR,ERR,ERR,ERR,ERR,ERR,ERR,ERR,ERR,ERR,ERR,ERR,ERR,ERR,ERR,ERR,ERR,ERR,ERR,ERR,ERR,ERR,ERR,ERR,ERR,ERR,ERR,ERR,ERR,ERR,ERR,ERR,ERR,ERR,ERR,ERR,ERR,ERR,ERR,ERR,ERR,ERR,ERR,ERR,ERR,ERR,ERR,ERR,ERR,ERR,34.0,80.0,35,0.0,0.0,0.0,0.0,0.0,0.0,0.0,0.0,0.0,0.0,0.0,0.0,0.0,0.0,0.0,0.0,65.6,0,119,58,53,65476,0,300,0,0,8,20529,65476,0,0,57672,80.0,0.0,0.0,0.0,0.0,0.0
2026-06-18T02:49:36,ERR,ERR,ERR,ERR,ERR,ERR,ERR,ERR,ERR,ERR,ERR,ERR,ERR,ERR,ERR,ERR,ERR,ERR,ERR,ERR,ERR,ERR,ERR,ERR,ERR,ERR,ERR,ERR,ERR,ERR,ERR,ERR,ERR,ERR,ERR,ERR,ERR,ERR,ERR,ERR,ERR,ERR,ERR,ERR,ERR,ERR,ERR,ERR,ERR,ERR,ERR,ERR,ERR,ERR,ERR,ERR,ERR,ERR,ERR,ERR,ERR,ERR,ERR,ERR,ERR,ERR,ERR,ERR,ERR,ERR,ERR,ERR,ERR,ERR,ERR,ERR,ERR,ERR,ERR,ERR,ERR,ERR,ERR,ERR,ERR,ERR,ERR,ERR,ERR,ERR,ERR,ERR,ERR,ERR,ERR,ERR,ERR,ERR,ERR,ERR,ERR,ERR,ERR,ERR,ERR,ERR,ERR,ERR,ERR,ERR,ERR,ERR,ERR,ERR,ERR,ERR,ERR,ERR,ERR,ERR,ERR,ERR,ERR,ERR,ERR,0.0,-107615384.0,0.0,2.718290229135658e+23,-1.592,1.3936040501711995e+18,7.805,-0.0,0,0,4,48959,6720,14723890282496.0,100,0.0,0.0,0.0,-0.0,0.0,0,0,0,0,0.0,0,0,0,0,0,0,0,0,0,0,0,0,0,0,0,0,0,0,0,0,0,0,0,0,0,0,0,0,0,0,0,0,0,26,51,50,76,65476,0,300,0,0,8,21553,0.0,-107605600.0,0.0,0.0,0.0,0.0,0.0,0.0,0.0,0.0,0.0,0.0,0.0,0.0,0.0,0.0,0.0,0.0,0.0,0.0,0.0,0.0,-0.0,-2.004,-0.0,-0.0,0.0,0.0,0.0,0.0,4824.0,-0.0,7249.0,0.0,-107615384.0,2.7184303811560617e+23,2.718431101732002e+23,0.0,0.0,0.0,0.0,77,-152018471616512.0,-0.0,0.0,0.0,0.0,0.0,0.0,0.0,0.0,0,0,0,0.0,0.0,0.0,0.0,0.0,0.0,0.0,0.0,0.0,0.0,0.0,0.0,0.0,0.0,0.0,0.0,0,-107875648.0,77,0.0,154,0.0,-101056864.0,ERR,ERR,ERR,ERR,ERR,ERR,ERR,ERR,ERR,ERR,ERR,ERR,ERR,ERR,ERR,ERR,ERR,ERR,ERR,ERR,ERR,ERR,ERR,ERR,ERR,ERR,ERR,ERR,ERR,ERR,ERR,ERR,ERR,ERR,ERR,ERR,ERR,ERR,ERR,ERR,ERR,ERR,ERR,ERR,ERR,ERR,ERR,ERR,ERR,ERR,ERR,ERR,ERR,ERR,ERR,ERR,ERR,ERR,ERR,ERR,ERR,ERR,ERR,ERR,ERR,ERR,ERR,34.0,80.0,35,0.0,0.0,0.0,0.0,0.0,0.0,0.0,0.0,0.0,0.0,0.0,0.0,0.0,0.0,0.0,0.0,65.6,0,119,58,53,65476,0,300,0,0,8,20529,65476,0,0,57672,80.0,0.0,0.0,0.0,0.0,0.0
2026-06-18T02:49:37,ERR,ERR,ERR,ERR,ERR,ERR,ERR,ERR,ERR,ERR,ERR,ERR,ERR,ERR,ERR,ERR,ERR,ERR,ERR,ERR,ERR,ERR,ERR,ERR,ERR,ERR,ERR,ERR,ERR,ERR,ERR,ERR,ERR,ERR,ERR,ERR,ERR,ERR,ERR,ERR,ERR,ERR,ERR,ERR,ERR,ERR,ERR,ERR,ERR,ERR,ERR,ERR,ERR,ERR,ERR,ERR,ERR,ERR,ERR,ERR,ERR,ERR,ERR,ERR,ERR,ERR,ERR,ERR,ERR,ERR,ERR,ERR,ERR,ERR,ERR,ERR,ERR,ERR,ERR,ERR,ERR,ERR,ERR,ERR,ERR,ERR,ERR,ERR,ERR,ERR,ERR,ERR,ERR,ERR,ERR,ERR,ERR,ERR,ERR,ERR,ERR,ERR,ERR,ERR,ERR,ERR,ERR,ERR,ERR,ERR,ERR,ERR,ERR,ERR,ERR,ERR,ERR,ERR,ERR,ERR,ERR,ERR,ERR,ERR,ERR,0.0,-107615384.0,0.0,0.0,nan,1.3936040501711995e+18,7.805,-5533387829805056.0,0,0,4,48957,6720,14723890282496.0,100,0.0,0.0,0.0,0.0,0.0,0,0,0,0,0.0,0,0,0,0,0,0,0,0,0,0,0,0,0,0,0,0,0,0,0,0,0,0,0,0,0,0,0,0,0,0,0,0,0,26,51,50,76,65476,0,300,0,0,8,21553,0.0,-107605600.0,0.0,0.0,0.0,0.0,0.0,0.0,0.0,0.0,0.0,0.0,0.0,0.0,0.0,0.0,0.0,0.0,0.0,0.0,0.0,0.0,-0.0,-2.004,-0.0,-0.0,0.0,0.0,0.0,0.0,4824.0,-0.0,7252.0,0.0,-107615384.0,2.7184303811560617e+23,2.718431101732002e+23,0.0,0.0,0.0,0.0,77,-152018471616512.0,-107614720.0,0.0,0.0,0.0,0.0,0.0,0.0,0.0,0,0,0,0.0,0.0,0.0,0.0,0.0,0.0,0.0,0.0,0.0,0.0,0.0,0.0,0.0,0.0,0.0,0.0,0,-107875648.0,77,0.0,154,0.0,-101056864.0,ERR,ERR,ERR,ERR,ERR,ERR,ERR,ERR,ERR,ERR,ERR,ERR,ERR,ERR,ERR,ERR,ERR,ERR,ERR,ERR,ERR,ERR,ERR,ERR,ERR,ERR,ERR,ERR,ERR,ERR,ERR,ERR,ERR,ERR,ERR,ERR,ERR,ERR,ERR,ERR,ERR,ERR,ERR,ERR,ERR,ERR,ERR,ERR,ERR,ERR,ERR,ERR,ERR,ERR,ERR,ERR,ERR,ERR,ERR,ERR,ERR,ERR,ERR,ERR,ERR,ERR,ERR,34.0,80.0,35,0.0,0.0,0.0,0.0,0.0,0.0,0.0,0.0,0.0,0.0,0.0,0.0,0.0,0.0,0.0,0.0,65.6,0,119,58,53,65476,0,300,0,0,8,20529,65476,0,0,57672,80.0,0.0,0.0,0.0,0.0,0.0
2026-06-18T02:49:38,ERR,ERR,ERR,ERR,ERR,ERR,ERR,ERR,ERR,ERR,ERR,ERR,ERR,ERR,ERR,ERR,ERR,ERR,ERR,ERR,ERR,ERR,ERR,ERR,ERR,ERR,ERR,ERR,ERR,ERR,ERR,ERR,ERR,ERR,ERR,ERR,ERR,ERR,ERR,ERR,ERR,ERR,ERR,ERR,ERR,ERR,ERR,ERR,ERR,ERR,ERR,ERR,ERR,ERR,ERR,ERR,ERR,ERR,ERR,ERR,ERR,ERR,ERR,ERR,ERR,ERR,ERR,ERR,ERR,ERR,ERR,ERR,ERR,ERR,ERR,ERR,ERR,ERR,ERR,ERR,ERR,ERR,ERR,ERR,ERR,ERR,ERR,ERR,ERR,ERR,ERR,ERR,ERR,ERR,ERR,ERR,ERR,ERR,ERR,ERR,ERR,ERR,ERR,ERR,ERR,ERR,ERR,ERR,ERR,ERR,ERR,ERR,ERR,ERR,ERR,ERR,ERR,ERR,ERR,ERR,ERR,ERR,ERR,ERR,ERR,0.0,-107615384.0,0.0,0.0,nan,1.3936040501711995e+18,7.805,-5533387829805056.0,0,0,4,48957,6720,14723890282496.0,100,0.0,0.0,0.0,0.0,0.0,0,0,0,0,0.0,0,0,0,0,0,0,0,0,0,0,0,0,0,0,0,0,0,0,0,0,0,0,0,0,0,0,0,0,0,0,0,0,0,26,51,50,76,65476,0,300,0,0,8,21553,0.0,-107605600.0,0.0,0.0,0.0,0.0,0.0,0.0,0.0,0.0,0.0,0.0,0.0,0.0,0.0,0.0,0.0,0.0,0.0,0.0,0.0,0.0,-0.0,-2.004,-0.0,-0.0,0.0,0.0,0.0,0.0,4824.0,-0.0,7252.0,0.0,-107615384.0,2.7184303811560617e+23,2.718431101732002e+23,0.0,0.0,0.0,0.0,77,-152018471616512.0,-107614720.0,0.0,0.0,0.0,0.0,0.0,0.0,0.0,0,0,0,0.0,0.0,0.0,0.0,0.0,0.0,0.0,0.0,0.0,0.0,0.0,0.0,0.0,0.0,0.0,0.0,0,-107875648.0,77,0.0,154,0.0,-101056864.0,ERR,ERR,ERR,ERR,ERR,ERR,ERR,ERR,ERR,ERR,ERR,ERR,ERR,ERR,ERR,ERR,ERR,ERR,ERR,ERR,ERR,ERR,ERR,ERR,ERR,ERR,ERR,ERR,ERR,ERR,ERR,ERR,ERR,ERR,ERR,ERR,ERR,ERR,ERR,ERR,ERR,ERR,ERR,ERR,ERR,ERR,ERR,ERR,ERR,ERR,ERR,ERR,ERR,ERR,ERR,ERR,ERR,ERR,ERR,ERR,ERR,ERR,ERR,ERR,ERR,ERR,ERR,34.0,80.0,35,0.0,0.0,0.0,0.0,0.0,0.0,0.0,0.0,0.0,0.0,0.0,0.0,0.0,0.0,0.0,0.0,65.6,0,119,58,53,65476,0,300,0,0,8,20529,65476,0,0,57672,80.0,0.0,0.0,0.0,0.0,0.0
2026-06-18T02:49:39,ERR,ERR,ERR,ERR,ERR,ERR,ERR,ERR,ERR,ERR,ERR,ERR,ERR,ERR,ERR,ERR,ERR,ERR,ERR,ERR,ERR,ERR,ERR,ERR,ERR,ERR,ERR,ERR,ERR,ERR,ERR,ERR,ERR,ERR,ERR,ERR,ERR,ERR,ERR,ERR,ERR,ERR,ERR,ERR,ERR,ERR,ERR,ERR,ERR,ERR,ERR,ERR,ERR,ERR,ERR,ERR,ERR,ERR,ERR,ERR,ERR,ERR,ERR,ERR,ERR,ERR,ERR,ERR,ERR,ERR,ERR,ERR,ERR,ERR,ERR,ERR,ERR,ERR,ERR,ERR,ERR,ERR,ERR,ERR,ERR,ERR,ERR,ERR,ERR,ERR,ERR,ERR,ERR,ERR,ERR,ERR,ERR,ERR,ERR,ERR,ERR,ERR,ERR,ERR,ERR,ERR,ERR,ERR,ERR,ERR,ERR,ERR,ERR,ERR,ERR,ERR,ERR,ERR,ERR,ERR,ERR,ERR,ERR,ERR,ERR,0.0,-107615384.0,0.0,0.0,nan,1.3936040501711995e+18,7.805,-5533387829805056.0,0,0,4,48957,6720,14723890282496.0,100,0.0,0.0,0.0,0.0,0.0,0,0,0,0,0.0,0,0,0,0,0,0,0,0,0,0,0,0,0,0,0,0,0,0,0,0,0,0,0,0,0,0,0,0,0,0,0,0,0,26,51,50,76,65476,0,300,0,0,8,21553,0.0,-107605600.0,0.0,0.0,0.0,0.0,0.0,0.0,0.0,0.0,0.0,0.0,0.0,0.0,0.0,0.0,0.0,0.0,0.0,0.0,0.0,0.0,-0.0,-2.004,-0.0,-0.0,0.0,0.0,0.0,0.0,4824.0,-0.0,7252.0,0.0,-107615384.0,2.7184303811560617e+23,2.718431101732002e+23,0.0,0.0,0.0,0.0,77,-152018471616512.0,-107614720.0,0.0,0.0,0.0,0.0,0.0,0.0,0.0,0,0,0,0.0,0.0,0.0,0.0,0.0,0.0,0.0,0.0,0.0,0.0,0.0,0.0,0.0,0.0,0.0,0.0,0,-107875648.0,77,0.0,154,0.0,-101056864.0,ERR,ERR,ERR,ERR,ERR,ERR,ERR,ERR,ERR,ERR,ERR,ERR,ERR,ERR,ERR,ERR,ERR,ERR,ERR,ERR,ERR,ERR,ERR,ERR,ERR,ERR,ERR,ERR,ERR,ERR,ERR,ERR,ERR,ERR,ERR,ERR,ERR,ERR,ERR,ERR,ERR,ERR,ERR,ERR,ERR,ERR,ERR,ERR,ERR,ERR,ERR,ERR,ERR,ERR,ERR,ERR,ERR,ERR,ERR,ERR,ERR,ERR,ERR,ERR,ERR,ERR,ERR,34.0,80.0,35,0.0,0.0,0.0,0.0,0.0,0.0,0.0,0.0,0.0,0.0,0.0,0.0,0.0,0.0,0.0,0.0,65.6,0,119,58,53,65476,0,300,0,0,8,20529,65476,0,0,57672,80.0,0.0,0.0,0.0,0.0,0.0
2026-06-18T02:49:40,ERR,ERR,ERR,ERR,ERR,ERR,ERR,ERR,ERR,ERR,ERR,ERR,ERR,ERR,ERR,ERR,ERR,ERR,ERR,ERR,ERR,ERR,ERR,ERR,ERR,ERR,ERR,ERR,ERR,ERR,ERR,ERR,ERR,ERR,ERR,ERR,ERR,ERR,ERR,ERR,ERR,ERR,ERR,ERR,ERR,ERR,ERR,ERR,ERR,ERR,ERR,ERR,ERR,ERR,ERR,ERR,ERR,ERR,ERR,ERR,ERR,ERR,ERR,ERR,ERR,ERR,ERR,ERR,ERR,ERR,ERR,ERR,ERR,ERR,ERR,ERR,ERR,ERR,ERR,ERR,ERR,ERR,ERR,ERR,ERR,ERR,ERR,ERR,ERR,ERR,ERR,ERR,ERR,ERR,ERR,ERR,ERR,ERR,ERR,ERR,ERR,ERR,ERR,ERR,ERR,ERR,ERR,ERR,ERR,ERR,ERR,ERR,ERR,ERR,ERR,ERR,ERR,ERR,ERR,ERR,ERR,ERR,ERR,ERR,ERR,0.0,-107615384.0,0.0,0.0,nan,1.3936040501711995e+18,7.805,-5533387829805056.0,0,0,4,48957,6720,14723890282496.0,100,0.0,0.0,0.0,0.0,0.0,0,0,0,0,0.0,0,0,0,0,0,0,0,0,0,0,0,0,0,0,0,0,0,0,0,0,0,0,0,0,0,0,0,0,0,0,0,0,0,26,51,50,76,65476,0,300,0,0,8,21553,0.0,-107605600.0,0.0,0.0,0.0,0.0,0.0,0.0,0.0,0.0,0.0,0.0,0.0,0.0,0.0,0.0,0.0,0.0,0.0,0.0,0.0,0.0,-0.0,-2.004,-0.0,-0.0,0.0,0.0,0.0,0.0,4824.0,-0.0,7252.0,0.0,-107615384.0,2.7184303811560617e+23,2.718431101732002e+23,0.0,0.0,0.0,0.0,77,-152018471616512.0,-107614720.0,0.0,0.0,0.0,0.0,0.0,0.0,0.0,0,0,0,0.0,0.0,0.0,0.0,0.0,0.0,0.0,0.0,0.0,0.0,0.0,0.0,0.0,0.0,0.0,0.0,0,-107875648.0,77,0.0,154,0.0,-101056864.0,ERR,ERR,ERR,ERR,ERR,ERR,ERR,ERR,ERR,ERR,ERR,ERR,ERR,ERR,ERR,ERR,ERR,ERR,ERR,ERR,ERR,ERR,ERR,ERR,ERR,ERR,ERR,ERR,ERR,ERR,ERR,ERR,ERR,ERR,ERR,ERR,ERR,ERR,ERR,ERR,ERR,ERR,ERR,ERR,ERR,ERR,ERR,ERR,ERR,ERR,ERR,ERR,ERR,ERR,ERR,ERR,ERR,ERR,ERR,ERR,ERR,ERR,ERR,ERR,ERR,ERR,ERR,34.0,80.0,35,0.0,0.0,0.0,0.0,0.0,0.0,0.0,0.0,0.0,0.0,0.0,0.0,0.0,0.0,0.0,0.0,65.6,0,119,58,53,65476,0,300,0,0,8,20529,65476,0,0,57672,80.0,0.0,0.0,0.0,0.0,0.0
2026-06-18T02:49:41,ERR,ERR,ERR,ERR,ERR,ERR,ERR,ERR,ERR,ERR,ERR,ERR,ERR,ERR,ERR,ERR,ERR,ERR,ERR,ERR,ERR,ERR,ERR,ERR,ERR,ERR,ERR,ERR,ERR,ERR,ERR,ERR,ERR,ERR,ERR,ERR,ERR,ERR,ERR,ERR,ERR,ERR,ERR,ERR,ERR,ERR,ERR,ERR,ERR,ERR,ERR,ERR,ERR,ERR,ERR,ERR,ERR,ERR,ERR,ERR,ERR,ERR,ERR,ERR,ERR,ERR,ERR,ERR,ERR,ERR,ERR,ERR,ERR,ERR,ERR,ERR,ERR,ERR,ERR,ERR,ERR,ERR,ERR,ERR,ERR,ERR,ERR,ERR,ERR,ERR,ERR,ERR,ERR,ERR,ERR,ERR,ERR,ERR,ERR,ERR,ERR,ERR,ERR,ERR,ERR,ERR,ERR,ERR,ERR,ERR,ERR,ERR,ERR,ERR,ERR,ERR,ERR,ERR,ERR,ERR,ERR,ERR,ERR,ERR,ERR,0.0,-107615384.0,0.0,0.0,nan,1.3936040501711995e+18,7.805,-5533387829805056.0,0,0,4,48957,6720,14723890282496.0,100,0.0,0.0,0.0,0.0,0.0,0,0,0,0,0.0,0,0,0,0,0,0,0,0,0,0,0,0,0,0,0,0,0,0,0,0,0,0,0,0,0,0,0,0,0,0,0,0,0,26,51,50,76,65476,0,300,0,0,8,21553,0.0,-107605600.0,0.0,0.0,0.0,0.0,0.0,0.0,0.0,0.0,0.0,0.0,0.0,0.0,0.0,0.0,0.0,0.0,0.0,0.0,0.0,0.0,-0.0,-2.004,-0.0,-0.0,0.0,0.0,0.0,0.0,4824.0,-0.0,7252.0,0.0,-107615384.0,2.7184303811560617e+23,2.718431101732002e+23,0.0,0.0,0.0,0.0,77,-152018471616512.0,-107614720.0,0.0,0.0,0.0,0.0,0.0,0.0,0.0,0,0,0,0.0,0.0,0.0,0.0,0.0,0.0,0.0,0.0,0.0,0.0,0.0,0.0,0.0,0.0,0.0,0.0,0,-107875648.0,77,0.0,154,0.0,-101056864.0,ERR,ERR,ERR,ERR,ERR,ERR,ERR,ERR,ERR,ERR,ERR,ERR,ERR,ERR,ERR,ERR,ERR,ERR,ERR,ERR,ERR,ERR,ERR,ERR,ERR,ERR,ERR,ERR,ERR,ERR,ERR,ERR,ERR,ERR,ERR,ERR,ERR,ERR,ERR,ERR,ERR,ERR,ERR,ERR,ERR,ERR,ERR,ERR,ERR,ERR,ERR,ERR,ERR,ERR,ERR,ERR,ERR,ERR,ERR,ERR,ERR,ERR,ERR,ERR,ERR,ERR,ERR,34.0,80.0,35,0.0,0.0,0.0,0.0,0.0,0.0,0.0,0.0,0.0,0.0,0.0,0.0,0.0,0.0,0.0,0.0,65.6,0,119,58,53,65476,0,300,0,0,8,20529,65476,0,0,57672,80.0,0.0,0.0,0.0,0.0,0.0
2026-06-18T02:49:42,ERR,ERR,ERR,ERR,ERR,ERR,ERR,ERR,ERR,ERR,ERR,ERR,ERR,ERR,ERR,ERR,ERR,ERR,ERR,ERR,ERR,ERR,ERR,ERR,ERR,ERR,ERR,ERR,ERR,ERR,ERR,ERR,ERR,ERR,ERR,ERR,ERR,ERR,ERR,ERR,ERR,ERR,ERR,ERR,ERR,ERR,ERR,ERR,ERR,ERR,ERR,ERR,ERR,ERR,ERR,ERR,ERR,ERR,ERR,ERR,ERR,ERR,ERR,ERR,ERR,ERR,ERR,ERR,ERR,ERR,ERR,ERR,ERR,ERR,ERR,ERR,ERR,ERR,ERR,ERR,ERR,ERR,ERR,ERR,ERR,ERR,ERR,ERR,ERR,ERR,ERR,ERR,ERR,ERR,ERR,ERR,ERR,ERR,ERR,ERR,ERR,ERR,ERR,ERR,ERR,ERR,ERR,ERR,ERR,ERR,ERR,ERR,ERR,ERR,ERR,ERR,ERR,ERR,ERR,ERR,ERR,ERR,ERR,ERR,ERR,0.0,-107615384.0,0.0,-0.0,nan,1.3936040501711995e+18,7.805,1.203397215123588e+25,0,0,4,48952,6720,14723890282496.0,100,0.0,0.0,0.0,0.059,0.0,0,0,0,0,0.0,0,0,0,0,0,0,0,0,0,0,0,0,0,0,0,0,0,0,0,0,0,0,0,0,0,0,0,0,0,0,0,0,0,26,51,50,76,65476,0,300,0,0,8,21553,0.0,-107605600.0,0.0,0.0,0.0,0.0,0.0,0.0,0.0,0.0,0.0,0.0,0.0,0.0,0.0,0.0,0.0,0.0,0.0,0.0,0.0,0.0,-0.0,-2.004,-0.0,-0.0,0.0,0.0,0.0,0.0,4820.0,-0.0,7252.0,0.0,-107615384.0,2.7184303811560617e+23,2.718431101732002e+23,0.0,0.0,0.0,0.0,77,-71.63,-107614720.0,0.0,0.0,0.0,0.0,0.0,0.0,0.0,0,0,0,0.0,0.0,0.0,0.0,0.0,0.0,0.0,0.0,0.0,0.0,0.0,0.0,0.0,0.0,0.0,0.0,0,-107875648.0,77,0.0,154,0.0,-101056864.0,ERR,ERR,ERR,ERR,ERR,ERR,ERR,ERR,ERR,ERR,ERR,ERR,ERR,ERR,ERR,ERR,ERR,ERR,ERR,ERR,ERR,ERR,ERR,ERR,ERR,ERR,ERR,ERR,ERR,ERR,ERR,ERR,ERR,ERR,ERR,ERR,ERR,ERR,ERR,ERR,ERR,ERR,ERR,ERR,ERR,ERR,ERR,ERR,ERR,ERR,ERR,ERR,ERR,ERR,ERR,ERR,ERR,ERR,ERR,ERR,ERR,ERR,ERR,ERR,ERR,ERR,ERR,34.0,80.0,35,0.0,0.0,0.0,0.0,0.0,0.0,0.0,0.0,0.0,0.0,0.0,0.0,0.0,0.0,0.0,0.0,65.6,0,119,58,53,65476,0,300,0,0,8,20529,65476,0,0,57672,80.0,0.0,0.0,0.0,0.0,0.0
2026-06-18T02:49:43,ERR,ERR,ERR,ERR,ERR,ERR,ERR,ERR,ERR,ERR,ERR,ERR,ERR,ERR,ERR,ERR,ERR,ERR,ERR,ERR,ERR,ERR,ERR,ERR,ERR,ERR,ERR,ERR,ERR,ERR,ERR,ERR,ERR,ERR,ERR,ERR,ERR,ERR,ERR,ERR,ERR,ERR,ERR,ERR,ERR,ERR,ERR,ERR,ERR,ERR,ERR,ERR,ERR,ERR,ERR,ERR,ERR,ERR,ERR,ERR,ERR,ERR,ERR,ERR,ERR,ERR,ERR,ERR,ERR,ERR,ERR,ERR,ERR,ERR,ERR,ERR,ERR,ERR,ERR,ERR,ERR,ERR,ERR,ERR,ERR,ERR,ERR,ERR,ERR,ERR,ERR,ERR,ERR,ERR,ERR,ERR,ERR,ERR,ERR,ERR,ERR,ERR,ERR,ERR,ERR,ERR,ERR,ERR,ERR,ERR,ERR,ERR,ERR,ERR,ERR,ERR,ERR,ERR,ERR,ERR,ERR,ERR,ERR,ERR,ERR,0.0,-107615384.0,0.0,-0.0,nan,1.3936040501711995e+18,7.805,1.203397215123588e+25,0,0,4,48952,6720,14723890282496.0,100,0.0,0.0,0.0,0.059,0.0,0,0,0,0,0.0,0,0,0,0,0,0,0,0,0,0,0,0,0,0,0,0,0,0,0,0,0,0,0,0,0,0,0,0,0,0,0,0,0,26,51,50,76,65476,0,300,0,0,8,21553,0.0,-107605600.0,0.0,0.0,0.0,0.0,0.0,0.0,0.0,0.0,0.0,0.0,0.0,0.0,0.0,0.0,0.0,0.0,0.0,0.0,0.0,0.0,-0.0,-2.004,-0.0,-0.0,0.0,0.0,0.0,0.0,4820.0,-0.0,7252.0,0.0,-107615384.0,2.7184303811560617e+23,2.718431101732002e+23,0.0,0.0,0.0,0.0,77,-71.63,-107614720.0,0.0,0.0,0.0,0.0,0.0,0.0,0.0,0,0,0,0.0,0.0,0.0,0.0,0.0,0.0,0.0,0.0,0.0,0.0,0.0,0.0,0.0,0.0,0.0,0.0,0,-107875648.0,77,0.0,154,0.0,-101056864.0,ERR,ERR,ERR,ERR,ERR,ERR,ERR,ERR,ERR,ERR,ERR,ERR,ERR,ERR,ERR,ERR,ERR,ERR,ERR,ERR,ERR,ERR,ERR,ERR,ERR,ERR,ERR,ERR,ERR,ERR,ERR,ERR,ERR,ERR,ERR,ERR,ERR,ERR,ERR,ERR,ERR,ERR,ERR,ERR,ERR,ERR,ERR,ERR,ERR,ERR,ERR,ERR,ERR,ERR,ERR,ERR,ERR,ERR,ERR,ERR,ERR,ERR,ERR,ERR,ERR,ERR,ERR,34.0,80.0,35,0.0,0.0,0.0,0.0,0.0,0.0,0.0,0.0,0.0,0.0,0.0,0.0,0.0,0.0,0.0,0.0,65.6,0,119,58,53,65476,0,300,0,0,8,20529,65476,0,0,57672,80.0,0.0,0.0,0.0,0.0,0.0
2026-06-18T02:49:44,ERR,ERR,ERR,ERR,ERR,ERR,ERR,ERR,ERR,ERR,ERR,ERR,ERR,ERR,ERR,ERR,ERR,ERR,ERR,ERR,ERR,ERR,ERR,ERR,ERR,ERR,ERR,ERR,ERR,ERR,ERR,ERR,ERR,ERR,ERR,ERR,ERR,ERR,ERR,ERR,ERR,ERR,ERR,ERR,ERR,ERR,ERR,ERR,ERR,ERR,ERR,ERR,ERR,ERR,ERR,ERR,ERR,ERR,ERR,ERR,ERR,ERR,ERR,ERR,ERR,ERR,ERR,ERR,ERR,ERR,ERR,ERR,ERR,ERR,ERR,ERR,ERR,ERR,ERR,ERR,ERR,ERR,ERR,ERR,ERR,ERR,ERR,ERR,ERR,ERR,ERR,ERR,ERR,ERR,ERR,ERR,ERR,ERR,ERR,ERR,ERR,ERR,ERR,ERR,ERR,ERR,ERR,ERR,ERR,ERR,ERR,ERR,ERR,ERR,ERR,ERR,ERR,ERR,ERR,ERR,ERR,ERR,ERR,ERR,ERR,0.0,-107615384.0,0.0,-0.0,nan,1.3936040501711995e+18,7.805,1.203397215123588e+25,0,0,4,48952,6720,14723890282496.0,100,0.0,0.0,0.0,0.059,0.0,0,0,0,0,0.0,0,0,0,0,0,0,0,0,0,0,0,0,0,0,0,0,0,0,0,0,0,0,0,0,0,0,0,0,0,0,0,0,0,26,51,50,76,65476,0,300,0,0,8,21553,0.0,-107605600.0,0.0,0.0,0.0,0.0,0.0,0.0,0.0,0.0,0.0,0.0,0.0,0.0,0.0,0.0,0.0,0.0,0.0,0.0,0.0,0.0,-0.0,-2.004,-0.0,-0.0,0.0,0.0,0.0,0.0,4820.0,-0.0,7252.0,0.0,-107615384.0,2.7184303811560617e+23,2.718431101732002e+23,0.0,0.0,0.0,0.0,77,-71.63,-107614720.0,0.0,0.0,0.0,0.0,0.0,0.0,0.0,0,0,0,0.0,0.0,0.0,0.0,0.0,0.0,0.0,0.0,0.0,0.0,0.0,0.0,0.0,0.0,0.0,0.0,0,-107875648.0,77,0.0,154,0.0,-101056864.0,ERR,ERR,ERR,ERR,ERR,ERR,ERR,ERR,ERR,ERR,ERR,ERR,ERR,ERR,ERR,ERR,ERR,ERR,ERR,ERR,ERR,ERR,ERR,ERR,ERR,ERR,ERR,ERR,ERR,ERR,ERR,ERR,ERR,ERR,ERR,ERR,ERR,ERR,ERR,ERR,ERR,ERR,ERR,ERR,ERR,ERR,ERR,ERR,ERR,ERR,ERR,ERR,ERR,ERR,ERR,ERR,ERR,ERR,ERR,ERR,ERR,ERR,ERR,ERR,ERR,ERR,ERR,34.0,80.0,35,0.0,0.0,0.0,0.0,0.0,0.0,0.0,0.0,0.0,0.0,0.0,0.0,0.0,0.0,0.0,0.0,66.0,0,119,58,53,65476,0,300,0,0,8,20529,65476,0,0,57672,80.0,0.0,0.0,0.0,0.0,0.0
2026-06-18T02:49:45,ERR,ERR,ERR,ERR,ERR,ERR,ERR,ERR,ERR,ERR,ERR,ERR,ERR,ERR,ERR,ERR,ERR,ERR,ERR,ERR,ERR,ERR,ERR,ERR,ERR,ERR,ERR,ERR,ERR,ERR,ERR,ERR,ERR,ERR,ERR,ERR,ERR,ERR,ERR,ERR,ERR,ERR,ERR,ERR,ERR,ERR,ERR,ERR,ERR,ERR,ERR,ERR,ERR,ERR,ERR,ERR,ERR,ERR,ERR,ERR,ERR,ERR,ERR,ERR,ERR,ERR,ERR,ERR,ERR,ERR,ERR,ERR,ERR,ERR,ERR,ERR,ERR,ERR,ERR,ERR,ERR,ERR,ERR,ERR,ERR,ERR,ERR,ERR,ERR,ERR,ERR,ERR,ERR,ERR,ERR,ERR,ERR,ERR,ERR,ERR,ERR,ERR,ERR,ERR,ERR,ERR,ERR,ERR,ERR,ERR,ERR,ERR,ERR,ERR,ERR,ERR,ERR,ERR,ERR,ERR,ERR,ERR,ERR,ERR,ERR,0.0,-107615384.0,0.0,-0.0,nan,1.3936040501711995e+18,7.805,1.203397215123588e+25,0,0,4,48952,6720,14723890282496.0,100,0.0,0.0,0.0,0.059,0.0,0,0,0,0,0.0,0,0,0,0,0,0,0,0,0,0,0,0,0,0,0,0,0,0,0,0,0,0,0,0,0,0,0,0,0,0,0,0,0,26,51,50,76,65476,0,300,0,0,8,21553,0.0,-107605600.0,0.0,0.0,0.0,0.0,0.0,0.0,0.0,0.0,0.0,0.0,0.0,0.0,0.0,0.0,0.0,0.0,0.0,0.0,0.0,0.0,-0.0,-2.004,-0.0,-0.0,0.0,0.0,0.0,0.0,4820.0,-0.0,7252.0,0.0,-107615384.0,2.7184303811560617e+23,2.718431101732002e+23,0.0,0.0,0.0,0.0,77,-71.63,-107614720.0,0.0,0.0,0.0,0.0,0.0,0.0,0.0,0,0,0,0.0,0.0,0.0,0.0,0.0,0.0,0.0,0.0,0.0,0.0,0.0,0.0,0.0,0.0,0.0,0.0,0,-107875648.0,77,0.0,154,0.0,-101056864.0,ERR,ERR,ERR,ERR,ERR,ERR,ERR,ERR,ERR,ERR,ERR,ERR,ERR,ERR,ERR,ERR,ERR,ERR,ERR,ERR,ERR,ERR,ERR,ERR,ERR,ERR,ERR,ERR,ERR,ERR,ERR,ERR,ERR,ERR,ERR,ERR,ERR,ERR,ERR,ERR,ERR,ERR,ERR,ERR,ERR,ERR,ERR,ERR,ERR,ERR,ERR,ERR,ERR,ERR,ERR,ERR,ERR,ERR,ERR,ERR,ERR,ERR,ERR,ERR,ERR,ERR,ERR,34.0,80.0,35,0.0,0.0,0.0,0.0,0.0,0.0,0.0,0.0,0.0,0.0,0.0,0.0,0.0,0.0,0.0,0.0,66.0,0,119,58,53,65476,0,300,0,0,8,20529,65476,0,0,57672,80.0,0.0,0.0,0.0,0.0,0.0
2026-06-18T02:49:46,ERR,ERR,ERR,ERR,ERR,ERR,ERR,ERR,ERR,ERR,ERR,ERR,ERR,ERR,ERR,ERR,ERR,ERR,ERR,ERR,ERR,ERR,ERR,ERR,ERR,ERR,ERR,ERR,ERR,ERR,ERR,ERR,ERR,ERR,ERR,ERR,ERR,ERR,ERR,ERR,ERR,ERR,ERR,ERR,ERR,ERR,ERR,ERR,ERR,ERR,ERR,ERR,ERR,ERR,ERR,ERR,ERR,ERR,ERR,ERR,ERR,ERR,ERR,ERR,ERR,ERR,ERR,ERR,ERR,ERR,ERR,ERR,ERR,ERR,ERR,ERR,ERR,ERR,ERR,ERR,ERR,ERR,ERR,ERR,ERR,ERR,ERR,ERR,ERR,ERR,ERR,ERR,ERR,ERR,ERR,ERR,ERR,ERR,ERR,ERR,ERR,ERR,ERR,ERR,ERR,ERR,ERR,ERR,ERR,ERR,ERR,ERR,ERR,ERR,ERR,ERR,ERR,ERR,ERR,ERR,ERR,ERR,ERR,ERR,ERR,0.0,-107615384.0,0.0,-0.0,nan,1.3936040501711995e+18,7.805,1.203397215123588e+25,0,0,4,48952,6720,14723890282496.0,100,0.0,0.0,0.0,0.059,0.0,0,0,0,0,0.0,0,0,0,0,0,0,0,0,0,0,0,0,0,0,0,0,0,0,0,0,0,0,0,0,0,0,0,0,0,0,0,0,0,26,51,50,76,65476,0,300,0,0,8,21553,0.0,-107605600.0,0.0,0.0,0.0,0.0,0.0,0.0,0.0,0.0,0.0,0.0,0.0,0.0,0.0,0.0,0.0,0.0,0.0,0.0,0.0,0.0,-0.0,-2.004,-0.0,-0.0,0.0,0.0,0.0,0.0,4820.0,-0.0,7252.0,0.0,-107615384.0,2.7184303811560617e+23,2.718431101732002e+23,0.0,0.0,0.0,0.0,77,-71.63,-107614720.0,0.0,0.0,0.0,0.0,0.0,0.0,0.0,0,0,0,0.0,0.0,0.0,0.0,0.0,0.0,0.0,0.0,0.0,0.0,0.0,0.0,0.0,0.0,0.0,0.0,0,-107875648.0,77,0.0,154,0.0,-101056864.0,ERR,ERR,ERR,ERR,ERR,ERR,ERR,ERR,ERR,ERR,ERR,ERR,ERR,ERR,ERR,ERR,ERR,ERR,ERR,ERR,ERR,ERR,ERR,ERR,ERR,ERR,ERR,ERR,ERR,ERR,ERR,ERR,ERR,ERR,ERR,ERR,ERR,ERR,ERR,ERR,ERR,ERR,ERR,ERR,ERR,ERR,ERR,ERR,ERR,ERR,ERR,ERR,ERR,ERR,ERR,ERR,ERR,ERR,ERR,ERR,ERR,ERR,ERR,ERR,ERR,ERR,ERR,34.0,80.0,35,0.0,0.0,0.0,0.0,0.0,0.0,0.0,0.0,0.0,0.0,0.0,0.0,0.0,0.0,0.0,0.0,65.6,0,119,58,53,65476,0,300,0,0,8,20529,65476,0,0,57672,80.0,0.0,0.0,0.0,0.0,0.0
2026-06-18T02:49:47,ERR,ERR,ERR,ERR,ERR,ERR,ERR,ERR,ERR,ERR,ERR,ERR,ERR,ERR,ERR,ERR,ERR,ERR,ERR,ERR,ERR,ERR,ERR,ERR,ERR,ERR,ERR,ERR,ERR,ERR,ERR,ERR,ERR,ERR,ERR,ERR,ERR,ERR,ERR,ERR,ERR,ERR,ERR,ERR,ERR,ERR,ERR,ERR,ERR,ERR,ERR,ERR,ERR,ERR,ERR,ERR,ERR,ERR,ERR,ERR,ERR,ERR,ERR,ERR,ERR,ERR,ERR,ERR,ERR,ERR,ERR,ERR,ERR,ERR,ERR,ERR,ERR,ERR,ERR,ERR,ERR,ERR,ERR,ERR,ERR,ERR,ERR,ERR,ERR,ERR,ERR,ERR,ERR,ERR,ERR,ERR,ERR,ERR,ERR,ERR,ERR,ERR,ERR,ERR,ERR,ERR,ERR,ERR,ERR,ERR,ERR,ERR,ERR,ERR,ERR,ERR,ERR,ERR,ERR,ERR,ERR,ERR,ERR,ERR,ERR,0.0,-107615384.0,0.0,-0.0,nan,1.3936040501711995e+18,7.805,1.203397215123588e+25,0,0,4,48952,6720,14723890282496.0,100,0.0,0.0,0.0,0.059,0.0,0,0,0,0,0.0,0,0,0,0,0,0,0,0,0,0,0,0,0,0,0,0,0,0,0,0,0,0,0,0,0,0,0,0,0,0,0,0,0,26,51,50,76,65476,0,300,0,0,8,21553,0.0,-107605600.0,0.0,0.0,0.0,0.0,0.0,0.0,0.0,0.0,0.0,0.0,0.0,0.0,0.0,0.0,0.0,0.0,0.0,0.0,0.0,0.0,-0.0,-2.004,-0.0,-0.0,0.0,0.0,0.0,0.0,4820.0,-0.0,7252.0,0.0,-107615384.0,2.7184303811560617e+23,2.718431101732002e+23,0.0,0.0,0.0,0.0,77,-71.63,-107614720.0,0.0,0.0,0.0,0.0,0.0,0.0,0.0,0,0,0,0.0,0.0,0.0,0.0,0.0,0.0,0.0,0.0,0.0,0.0,0.0,0.0,0.0,0.0,0.0,0.0,0,-107875648.0,77,0.0,154,0.0,-101056864.0,ERR,ERR,ERR,ERR,ERR,ERR,ERR,ERR,ERR,ERR,ERR,ERR,ERR,ERR,ERR,ERR,ERR,ERR,ERR,ERR,ERR,ERR,ERR,ERR,ERR,ERR,ERR,ERR,ERR,ERR,ERR,ERR,ERR,ERR,ERR,ERR,ERR,ERR,ERR,ERR,ERR,ERR,ERR,ERR,ERR,ERR,ERR,ERR,ERR,ERR,ERR,ERR,ERR,ERR,ERR,ERR,ERR,ERR,ERR,ERR,ERR,ERR,ERR,ERR,ERR,ERR,ERR,34.0,80.0,35,0.0,0.0,0.0,0.0,0.0,0.0,0.0,0.0,0.0,0.0,0.0,0.0,0.0,0.0,0.0,0.0,65.6,0,119,58,53,65476,0,300,0,0,8,20529,65476,0,0,57672,80.0,0.0,0.0,0.0,0.0,0.0
2026-06-18T02:49:48,ERR,ERR,ERR,ERR,ERR,ERR,ERR,ERR,ERR,ERR,ERR,ERR,ERR,ERR,ERR,ERR,ERR,ERR,ERR,ERR,ERR,ERR,ERR,ERR,ERR,ERR,ERR,ERR,ERR,ERR,ERR,ERR,ERR,ERR,ERR,ERR,ERR,ERR,ERR,ERR,ERR,ERR,ERR,ERR,ERR,ERR,ERR,ERR,ERR,ERR,ERR,ERR,ERR,ERR,ERR,ERR,ERR,ERR,ERR,ERR,ERR,ERR,ERR,ERR,ERR,ERR,ERR,ERR,ERR,ERR,ERR,ERR,ERR,ERR,ERR,ERR,ERR,ERR,ERR,ERR,ERR,ERR,ERR,ERR,ERR,ERR,ERR,ERR,ERR,ERR,ERR,ERR,ERR,ERR,ERR,ERR,ERR,ERR,ERR,ERR,ERR,ERR,ERR,ERR,ERR,ERR,ERR,ERR,ERR,ERR,ERR,ERR,ERR,ERR,ERR,ERR,ERR,ERR,ERR,ERR,ERR,ERR,ERR,ERR,ERR,0.0,-107615384.0,0.0,0.0,nan,1.3936040501711995e+18,7.805,-5533387829805056.0,0,0,4,48959,6720,14723890282496.0,100,0.0,0.0,0.0,0.059,0.0,0,0,0,0,0.0,0,0,0,0,0,0,0,0,0,0,0,0,0,0,0,0,0,0,0,0,0,0,0,0,0,0,0,0,0,0,0,0,0,26,51,50,76,65476,0,300,0,0,8,21553,0.0,-107605600.0,0.0,0.0,0.0,0.0,0.0,0.0,0.0,0.0,0.0,0.0,0.0,0.0,0.0,0.0,0.0,0.0,0.0,0.0,0.0,0.0,-0.0,-2.004,-0.0,-0.0,0.0,0.0,0.0,0.0,4820.0,-0.0,7250.0,0.0,-107615384.0,2.7184303811560617e+23,2.718431101732002e+23,0.0,0.0,0.0,0.0,77,-89221.117,-0.0,0.0,0.0,0.0,0.0,0.0,0.0,0.0,0,0,0,0.0,0.0,0.0,0.0,0.0,0.0,0.0,0.0,0.0,0.0,0.0,0.0,0.0,0.0,0.0,0.0,0,-107875648.0,77,0.0,154,0.0,-101056864.0,ERR,ERR,ERR,ERR,ERR,ERR,ERR,ERR,ERR,ERR,ERR,ERR,ERR,ERR,ERR,ERR,ERR,ERR,ERR,ERR,ERR,ERR,ERR,ERR,ERR,ERR,ERR,ERR,ERR,ERR,ERR,ERR,ERR,ERR,ERR,ERR,ERR,ERR,ERR,ERR,ERR,ERR,ERR,ERR,ERR,ERR,ERR,ERR,ERR,ERR,ERR,ERR,ERR,ERR,ERR,ERR,ERR,ERR,ERR,ERR,ERR,ERR,ERR,ERR,ERR,ERR,ERR,34.0,80.0,35,0.0,0.0,0.0,0.0,0.0,0.0,0.0,0.0,0.0,0.0,0.0,0.0,0.0,0.0,0.0,0.0,65.6,0,119,58,53,65476,0,300,0,0,8,20529,65476,0,0,57672,80.0,0.0,0.0,0.0,0.0,0.0
2026-06-18T02:49:49,ERR,ERR,ERR,ERR,ERR,ERR,ERR,ERR,ERR,ERR,ERR,ERR,ERR,ERR,ERR,ERR,ERR,ERR,ERR,ERR,ERR,ERR,ERR,ERR,ERR,ERR,ERR,ERR,ERR,ERR,ERR,ERR,ERR,ERR,ERR,ERR,ERR,ERR,ERR,ERR,ERR,ERR,ERR,ERR,ERR,ERR,ERR,ERR,ERR,ERR,ERR,ERR,ERR,ERR,ERR,ERR,ERR,ERR,ERR,ERR,ERR,ERR,ERR,ERR,ERR,ERR,ERR,ERR,ERR,ERR,ERR,ERR,ERR,ERR,ERR,ERR,ERR,ERR,ERR,ERR,ERR,ERR,ERR,ERR,ERR,ERR,ERR,ERR,ERR,ERR,ERR,ERR,ERR,ERR,ERR,ERR,ERR,ERR,ERR,ERR,ERR,ERR,ERR,ERR,ERR,ERR,ERR,ERR,ERR,ERR,ERR,ERR,ERR,ERR,ERR,ERR,ERR,ERR,ERR,ERR,ERR,ERR,ERR,ERR,ERR,0.0,-107615384.0,0.0,0.0,nan,1.3936040501711995e+18,7.805,-5533387829805056.0,0,0,4,48959,6720,14723890282496.0,100,0.0,0.0,0.0,0.059,0.0,0,0,0,0,0.0,0,0,0,0,0,0,0,0,0,0,0,0,0,0,0,0,0,0,0,0,0,0,0,0,0,0,0,0,0,0,0,0,0,26,51,50,76,65476,0,300,0,0,8,21553,0.0,-107605600.0,0.0,0.0,0.0,0.0,0.0,0.0,0.0,0.0,0.0,0.0,0.0,0.0,0.0,0.0,0.0,0.0,0.0,0.0,0.0,0.0,-0.0,-2.004,-0.0,-0.0,0.0,0.0,0.0,0.0,4820.0,-0.0,7250.0,0.0,-107615384.0,2.7184303811560617e+23,2.718431101732002e+23,0.0,0.0,0.0,0.0,77,-89221.117,-0.0,0.0,0.0,0.0,0.0,0.0,0.0,0.0,0,0,0,0.0,0.0,0.0,0.0,0.0,0.0,0.0,0.0,0.0,0.0,0.0,0.0,0.0,0.0,0.0,0.0,0,-107875648.0,77,0.0,154,0.0,-101056864.0,ERR,ERR,ERR,ERR,ERR,ERR,ERR,ERR,ERR,ERR,ERR,ERR,ERR,ERR,ERR,ERR,ERR,ERR,ERR,ERR,ERR,ERR,ERR,ERR,ERR,ERR,ERR,ERR,ERR,ERR,ERR,ERR,ERR,ERR,ERR,ERR,ERR,ERR,ERR,ERR,ERR,ERR,ERR,ERR,ERR,ERR,ERR,ERR,ERR,ERR,ERR,ERR,ERR,ERR,ERR,ERR,ERR,ERR,ERR,ERR,ERR,ERR,ERR,ERR,ERR,ERR,ERR,34.0,80.0,35,0.0,0.0,0.0,0.0,0.0,0.0,0.0,0.0,0.0,0.0,0.0,0.0,0.0,0.0,0.0,0.0,65.6,0,119,58,53,65476,0,300,0,0,8,20529,65476,0,0,57672,80.0,0.0,0.0,0.0,0.0,0.0
2026-06-18T02:49:50,ERR,ERR,ERR,ERR,ERR,ERR,ERR,ERR,ERR,ERR,ERR,ERR,ERR,ERR,ERR,ERR,ERR,ERR,ERR,ERR,ERR,ERR,ERR,ERR,ERR,ERR,ERR,ERR,ERR,ERR,ERR,ERR,ERR,ERR,ERR,ERR,ERR,ERR,ERR,ERR,ERR,ERR,ERR,ERR,ERR,ERR,ERR,ERR,ERR,ERR,ERR,ERR,ERR,ERR,ERR,ERR,ERR,ERR,ERR,ERR,ERR,ERR,ERR,ERR,ERR,ERR,ERR,ERR,ERR,ERR,ERR,ERR,ERR,ERR,ERR,ERR,ERR,ERR,ERR,ERR,ERR,ERR,ERR,ERR,ERR,ERR,ERR,ERR,ERR,ERR,ERR,ERR,ERR,ERR,ERR,ERR,ERR,ERR,ERR,ERR,ERR,ERR,ERR,ERR,ERR,ERR,ERR,ERR,ERR,ERR,ERR,ERR,ERR,ERR,ERR,ERR,ERR,ERR,ERR,ERR,ERR,ERR,ERR,ERR,ERR,0.0,-107615384.0,0.0,0.0,nan,1.3936040501711995e+18,7.805,-5533387829805056.0,0,0,4,48959,6720,14723890282496.0,100,0.0,0.0,0.0,0.059,0.0,0,0,0,0,0.0,0,0,0,0,0,0,0,0,0,0,0,0,0,0,0,0,0,0,0,0,0,0,0,0,0,0,0,0,0,0,0,0,0,26,51,50,76,65476,0,300,0,0,8,21553,0.0,-107605600.0,0.0,0.0,0.0,0.0,0.0,0.0,0.0,0.0,0.0,0.0,0.0,0.0,0.0,0.0,0.0,0.0,0.0,0.0,0.0,0.0,-0.0,-2.004,-0.0,-0.0,0.0,0.0,0.0,0.0,4820.0,-0.0,7250.0,0.0,-107615384.0,2.7184303811560617e+23,2.718431101732002e+23,0.0,0.0,0.0,0.0,77,-89221.117,-0.0,0.0,0.0,0.0,0.0,0.0,0.0,0.0,0,0,0,0.0,0.0,0.0,0.0,0.0,0.0,0.0,0.0,0.0,0.0,0.0,0.0,0.0,0.0,0.0,0.0,0,-107875648.0,77,0.0,154,0.0,-101056864.0,ERR,ERR,ERR,ERR,ERR,ERR,ERR,ERR,ERR,ERR,ERR,ERR,ERR,ERR,ERR,ERR,ERR,ERR,ERR,ERR,ERR,ERR,ERR,ERR,ERR,ERR,ERR,ERR,ERR,ERR,ERR,ERR,ERR,ERR,ERR,ERR,ERR,ERR,ERR,ERR,ERR,ERR,ERR,ERR,ERR,ERR,ERR,ERR,ERR,ERR,ERR,ERR,ERR,ERR,ERR,ERR,ERR,ERR,ERR,ERR,ERR,ERR,ERR,ERR,ERR,ERR,ERR,34.0,80.0,35,0.0,0.0,0.0,0.0,0.0,0.0,0.0,0.0,0.0,0.0,0.0,0.0,0.0,0.0,0.0,0.0,65.6,0,119,58,53,65476,0,300,0,0,8,20529,65476,0,0,57672,80.0,0.0,0.0,0.0,0.0,0.0
2026-06-18T02:49:51,ERR,ERR,ERR,ERR,ERR,ERR,ERR,ERR,ERR,ERR,ERR,ERR,ERR,ERR,ERR,ERR,ERR,ERR,ERR,ERR,ERR,ERR,ERR,ERR,ERR,ERR,ERR,ERR,ERR,ERR,ERR,ERR,ERR,ERR,ERR,ERR,ERR,ERR,ERR,ERR,ERR,ERR,ERR,ERR,ERR,ERR,ERR,ERR,ERR,ERR,ERR,ERR,ERR,ERR,ERR,ERR,ERR,ERR,ERR,ERR,ERR,ERR,ERR,ERR,ERR,ERR,ERR,ERR,ERR,ERR,ERR,ERR,ERR,ERR,ERR,ERR,ERR,ERR,ERR,ERR,ERR,ERR,ERR,ERR,ERR,ERR,ERR,ERR,ERR,ERR,ERR,ERR,ERR,ERR,ERR,ERR,ERR,ERR,ERR,ERR,ERR,ERR,ERR,ERR,ERR,ERR,ERR,ERR,ERR,ERR,ERR,ERR,ERR,ERR,ERR,ERR,ERR,ERR,ERR,ERR,ERR,ERR,ERR,ERR,ERR,0.0,-107615384.0,0.0,0.0,nan,1.3936040501711995e+18,7.805,-5533387829805056.0,0,0,4,48959,6720,14723890282496.0,100,0.0,0.0,0.0,0.059,0.0,0,0,0,0,0.0,0,0,0,0,0,0,0,0,0,0,0,0,0,0,0,0,0,0,0,0,0,0,0,0,0,0,0,0,0,0,0,0,0,26,51,50,76,65476,0,300,0,0,8,21553,0.0,-107605600.0,0.0,0.0,0.0,0.0,0.0,0.0,0.0,0.0,0.0,0.0,0.0,0.0,0.0,0.0,0.0,0.0,0.0,0.0,0.0,0.0,-0.0,-2.004,-0.0,-0.0,0.0,0.0,0.0,0.0,4820.0,-0.0,7250.0,0.0,-107615384.0,2.7184303811560617e+23,2.718431101732002e+23,0.0,0.0,0.0,0.0,77,-89221.117,-0.0,0.0,0.0,0.0,0.0,0.0,0.0,0.0,0,0,0,0.0,0.0,0.0,0.0,0.0,0.0,0.0,0.0,0.0,0.0,0.0,0.0,0.0,0.0,0.0,0.0,0,-107875648.0,77,0.0,154,0.0,-101056864.0,ERR,ERR,ERR,ERR,ERR,ERR,ERR,ERR,ERR,ERR,ERR,ERR,ERR,ERR,ERR,ERR,ERR,ERR,ERR,ERR,ERR,ERR,ERR,ERR,ERR,ERR,ERR,ERR,ERR,ERR,ERR,ERR,ERR,ERR,ERR,ERR,ERR,ERR,ERR,ERR,ERR,ERR,ERR,ERR,ERR,ERR,ERR,ERR,ERR,ERR,ERR,ERR,ERR,ERR,ERR,ERR,ERR,ERR,ERR,ERR,ERR,ERR,ERR,ERR,ERR,ERR,ERR,34.0,80.0,35,0.0,0.0,0.0,0.0,0.0,0.0,0.0,0.0,0.0,0.0,0.0,0.0,0.0,0.0,0.0,0.0,66.0,0,119,58,53,65476,0,300,0,0,8,20529,65476,0,0,57672,80.0,0.0,0.0,0.0,0.0,0.0
2026-06-18T02:49:52,ERR,ERR,ERR,ERR,ERR,ERR,ERR,ERR,ERR,ERR,ERR,ERR,ERR,ERR,ERR,ERR,ERR,ERR,ERR,ERR,ERR,ERR,ERR,ERR,ERR,ERR,ERR,ERR,ERR,ERR,ERR,ERR,ERR,ERR,ERR,ERR,ERR,ERR,ERR,ERR,ERR,ERR,ERR,ERR,ERR,ERR,ERR,ERR,ERR,ERR,ERR,ERR,ERR,ERR,ERR,ERR,ERR,ERR,ERR,ERR,ERR,ERR,ERR,ERR,ERR,ERR,ERR,ERR,ERR,ERR,ERR,ERR,ERR,ERR,ERR,ERR,ERR,ERR,ERR,ERR,ERR,ERR,ERR,ERR,ERR,ERR,ERR,ERR,ERR,ERR,ERR,ERR,ERR,ERR,ERR,ERR,ERR,ERR,ERR,ERR,ERR,ERR,ERR,ERR,ERR,ERR,ERR,ERR,ERR,ERR,ERR,ERR,ERR,ERR,ERR,ERR,ERR,ERR,ERR,ERR,ERR,ERR,ERR,ERR,ERR,0.0,-107615384.0,0.0,0.0,nan,1.3936040501711995e+18,7.805,-5533387829805056.0,0,0,4,48959,6720,14723890282496.0,100,0.0,0.0,0.0,0.059,0.0,0,0,0,0,0.0,0,0,0,0,0,0,0,0,0,0,0,0,0,0,0,0,0,0,0,0,0,0,0,0,0,0,0,0,0,0,0,0,0,26,51,50,76,65476,0,300,0,0,8,21553,0.0,-107605600.0,0.0,0.0,0.0,0.0,0.0,0.0,0.0,0.0,0.0,0.0,0.0,0.0,0.0,0.0,0.0,0.0,0.0,0.0,0.0,0.0,-0.0,-2.004,-0.0,-0.0,0.0,0.0,0.0,0.0,4820.0,-0.0,7250.0,0.0,-107615384.0,2.7184303811560617e+23,2.718431101732002e+23,0.0,0.0,0.0,0.0,77,-89221.117,-0.0,0.0,0.0,0.0,0.0,0.0,0.0,0.0,0,0,0,0.0,0.0,0.0,0.0,0.0,0.0,0.0,0.0,0.0,0.0,0.0,0.0,0.0,0.0,0.0,0.0,0,-107875648.0,77,0.0,154,0.0,-101056864.0,ERR,ERR,ERR,ERR,ERR,ERR,ERR,ERR,ERR,ERR,ERR,ERR,ERR,ERR,ERR,ERR,ERR,ERR,ERR,ERR,ERR,ERR,ERR,ERR,ERR,ERR,ERR,ERR,ERR,ERR,ERR,ERR,ERR,ERR,ERR,ERR,ERR,ERR,ERR,ERR,ERR,ERR,ERR,ERR,ERR,ERR,ERR,ERR,ERR,ERR,ERR,ERR,ERR,ERR,ERR,ERR,ERR,ERR,ERR,ERR,ERR,ERR,ERR,ERR,ERR,ERR,ERR,34.0,80.0,35,0.0,0.0,0.0,0.0,0.0,0.0,0.0,0.0,0.0,0.0,0.0,0.0,0.0,0.0,0.0,0.0,66.0,0,119,58,53,65476,0,300,0,0,8,20529,65476,0,0,57672,80.0,0.0,0.0,0.0,0.0,0.0
2026-06-18T02:49:53,ERR,ERR,ERR,ERR,ERR,ERR,ERR,ERR,ERR,ERR,ERR,ERR,ERR,ERR,ERR,ERR,ERR,ERR,ERR,ERR,ERR,ERR,ERR,ERR,ERR,ERR,ERR,ERR,ERR,ERR,ERR,ERR,ERR,ERR,ERR,ERR,ERR,ERR,ERR,ERR,ERR,ERR,ERR,ERR,ERR,ERR,ERR,ERR,ERR,ERR,ERR,ERR,ERR,ERR,ERR,ERR,ERR,ERR,ERR,ERR,ERR,ERR,ERR,ERR,ERR,ERR,ERR,ERR,ERR,ERR,ERR,ERR,ERR,ERR,ERR,ERR,ERR,ERR,ERR,ERR,ERR,ERR,ERR,ERR,ERR,ERR,ERR,ERR,ERR,ERR,ERR,ERR,ERR,ERR,ERR,ERR,ERR,ERR,ERR,ERR,ERR,ERR,ERR,ERR,ERR,ERR,ERR,ERR,ERR,ERR,ERR,ERR,ERR,ERR,ERR,ERR,ERR,ERR,ERR,ERR,ERR,ERR,ERR,ERR,ERR,0.0,-107615384.0,0.0,-4.9501291711397626e+32,1.592,1.3936040501711995e+18,7.805,0.0,0,0,4,48959,6720,14723890282496.0,100,0.0,0.0,0.0,-152005385388032.0,0.0,0,0,0,0,0.0,0,0,0,0,0,0,0,0,0,0,0,0,0,0,0,0,0,0,0,0,0,0,0,0,0,0,0,0,0,0,0,0,0,26,51,50,76,65476,0,300,0,0,8,21553,0.0,-107605600.0,0.0,0.0,0.0,0.0,0.0,0.0,0.0,0.0,0.0,0.0,0.0,0.0,0.0,0.0,0.0,0.0,0.0,0.0,0.0,0.0,-0.0,0.0,-0.0,-0.0,0.0,0.0,0.0,0.0,4823.0,-0.0,7253.0,0.0,-107615384.0,2.7184303811560617e+23,2.718431101732002e+23,0.0,0.0,0.0,0.0,77,-126841118720.0,-152017146216448.0,0.0,0.0,0.0,0.0,0.0,0.0,0.0,0,0,0,0.0,0.0,0.0,0.0,0.0,0.0,0.0,0.0,0.0,0.0,0.0,0.0,0.0,0.0,0.0,0.0,0,-107875648.0,77,0.0,154,0.0,-101056864.0,ERR,ERR,ERR,ERR,ERR,ERR,ERR,ERR,ERR,ERR,ERR,ERR,ERR,ERR,ERR,ERR,ERR,ERR,ERR,ERR,ERR,ERR,ERR,ERR,ERR,ERR,ERR,ERR,ERR,ERR,ERR,ERR,ERR,ERR,ERR,ERR,ERR,ERR,ERR,ERR,ERR,ERR,ERR,ERR,ERR,ERR,ERR,ERR,ERR,ERR,ERR,ERR,ERR,ERR,ERR,ERR,ERR,ERR,ERR,ERR,ERR,ERR,ERR,ERR,ERR,ERR,ERR,34.0,80.0,35,0.0,0.0,0.0,0.0,0.0,0.0,0.0,0.0,0.0,0.0,0.0,0.0,0.0,0.0,0.0,0.0,65.6,0,119,58,53,65476,0,300,0,0,8,20529,65476,0,0,57672,80.0,0.0,0.0,0.0,0.0,0.0
2026-06-18T02:49:54,ERR,ERR,ERR,ERR,ERR,ERR,ERR,ERR,ERR,ERR,ERR,ERR,ERR,ERR,ERR,ERR,ERR,ERR,ERR,ERR,ERR,ERR,ERR,ERR,ERR,ERR,ERR,ERR,ERR,ERR,ERR,ERR,ERR,ERR,ERR,ERR,ERR,ERR,ERR,ERR,ERR,ERR,ERR,ERR,ERR,ERR,ERR,ERR,ERR,ERR,ERR,ERR,ERR,ERR,ERR,ERR,ERR,ERR,ERR,ERR,ERR,ERR,ERR,ERR,ERR,ERR,ERR,ERR,ERR,ERR,ERR,ERR,ERR,ERR,ERR,ERR,ERR,ERR,ERR,ERR,ERR,ERR,ERR,ERR,ERR,ERR,ERR,ERR,ERR,ERR,ERR,ERR,ERR,ERR,ERR,ERR,ERR,ERR,ERR,ERR,ERR,ERR,ERR,ERR,ERR,ERR,ERR,ERR,ERR,ERR,ERR,ERR,ERR,ERR,ERR,ERR,ERR,ERR,ERR,ERR,ERR,ERR,ERR,ERR,ERR,0.0,-107615384.0,0.0,-4.9501291711397626e+32,1.592,1.3936040501711995e+18,7.805,0.0,0,0,4,48959,6720,14723890282496.0,100,0.0,0.0,0.0,-152005385388032.0,0.0,0,0,0,0,0.0,0,0,0,0,0,0,0,0,0,0,0,0,0,0,0,0,0,0,0,0,0,0,0,0,0,0,0,0,0,0,0,0,0,26,51,50,76,65476,0,300,0,0,8,21553,0.0,-107605600.0,0.0,0.0,0.0,0.0,0.0,0.0,0.0,0.0,0.0,0.0,0.0,0.0,0.0,0.0,0.0,0.0,0.0,0.0,0.0,0.0,-0.0,0.0,-0.0,-0.0,0.0,0.0,0.0,0.0,4823.0,-0.0,7253.0,0.0,-107615384.0,2.7184303811560617e+23,2.718431101732002e+23,0.0,0.0,0.0,0.0,77,-126841118720.0,-152017146216448.0,0.0,0.0,0.0,0.0,0.0,0.0,0.0,0,0,0,0.0,0.0,0.0,0.0,0.0,0.0,0.0,0.0,0.0,0.0,0.0,0.0,0.0,0.0,0.0,0.0,0,-107875648.0,77,0.0,154,0.0,-101056864.0,ERR,ERR,ERR,ERR,ERR,ERR,ERR,ERR,ERR,ERR,ERR,ERR,ERR,ERR,ERR,ERR,ERR,ERR,ERR,ERR,ERR,ERR,ERR,ERR,ERR,ERR,ERR,ERR,ERR,ERR,ERR,ERR,ERR,ERR,ERR,ERR,ERR,ERR,ERR,ERR,ERR,ERR,ERR,ERR,ERR,ERR,ERR,ERR,ERR,ERR,ERR,ERR,ERR,ERR,ERR,ERR,ERR,ERR,ERR,ERR,ERR,ERR,ERR,ERR,ERR,ERR,ERR,34.0,80.0,35,0.0,0.0,0.0,0.0,0.0,0.0,0.0,0.0,0.0,0.0,0.0,0.0,0.0,0.0,0.0,0.0,65.6,0,119,58,53,65476,0,300,0,0,8,20529,65476,0,0,57672,80.0,0.0,0.0,0.0,0.0,0.0
2026-06-18T02:49:55,ERR,ERR,ERR,ERR,ERR,ERR,ERR,ERR,ERR,ERR,ERR,ERR,ERR,ERR,ERR,ERR,ERR,ERR,ERR,ERR,ERR,ERR,ERR,ERR,ERR,ERR,ERR,ERR,ERR,ERR,ERR,ERR,ERR,ERR,ERR,ERR,ERR,ERR,ERR,ERR,ERR,ERR,ERR,ERR,ERR,ERR,ERR,ERR,ERR,ERR,ERR,ERR,ERR,ERR,ERR,ERR,ERR,ERR,ERR,ERR,ERR,ERR,ERR,ERR,ERR,ERR,ERR,ERR,ERR,ERR,ERR,ERR,ERR,ERR,ERR,ERR,ERR,ERR,ERR,ERR,ERR,ERR,ERR,ERR,ERR,ERR,ERR,ERR,ERR,ERR,ERR,ERR,ERR,ERR,ERR,ERR,ERR,ERR,ERR,ERR,ERR,ERR,ERR,ERR,ERR,ERR,ERR,ERR,ERR,ERR,ERR,ERR,ERR,ERR,ERR,ERR,ERR,ERR,ERR,ERR,ERR,ERR,ERR,ERR,ERR,0.0,-107615384.0,0.0,-4.9501291711397626e+32,1.592,1.3936040501711995e+18,7.805,0.0,0,0,4,48959,6720,14723890282496.0,100,0.0,0.0,0.0,-152005385388032.0,0.0,0,0,0,0,0.0,0,0,0,0,0,0,0,0,0,0,0,0,0,0,0,0,0,0,0,0,0,0,0,0,0,0,0,0,0,0,0,0,0,26,51,50,76,65476,0,300,0,0,8,21553,0.0,-107605600.0,0.0,0.0,0.0,0.0,0.0,0.0,0.0,0.0,0.0,0.0,0.0,0.0,0.0,0.0,0.0,0.0,0.0,0.0,0.0,0.0,-0.0,0.0,-0.0,-0.0,0.0,0.0,0.0,0.0,4823.0,-0.0,7253.0,0.0,-107615384.0,2.7184303811560617e+23,2.718431101732002e+23,0.0,0.0,0.0,0.0,77,-126841118720.0,-152017146216448.0,0.0,0.0,0.0,0.0,0.0,0.0,0.0,0,0,0,0.0,0.0,0.0,0.0,0.0,0.0,0.0,0.0,0.0,0.0,0.0,0.0,0.0,0.0,0.0,0.0,0,-107875648.0,77,0.0,154,0.0,-101056864.0,ERR,ERR,ERR,ERR,ERR,ERR,ERR,ERR,ERR,ERR,ERR,ERR,ERR,ERR,ERR,ERR,ERR,ERR,ERR,ERR,ERR,ERR,ERR,ERR,ERR,ERR,ERR,ERR,ERR,ERR,ERR,ERR,ERR,ERR,ERR,ERR,ERR,ERR,ERR,ERR,ERR,ERR,ERR,ERR,ERR,ERR,ERR,ERR,ERR,ERR,ERR,ERR,ERR,ERR,ERR,ERR,ERR,ERR,ERR,ERR,ERR,ERR,ERR,ERR,ERR,ERR,ERR,34.0,80.0,35,0.0,0.0,0.0,0.0,0.0,0.0,0.0,0.0,0.0,0.0,0.0,0.0,0.0,0.0,0.0,0.0,65.6,0,119,58,53,65476,0,300,0,0,8,20529,65476,0,0,57672,80.0,0.0,0.0,0.0,0.0,0.0
2026-06-18T02:49:56,ERR,ERR,ERR,ERR,ERR,ERR,ERR,ERR,ERR,ERR,ERR,ERR,ERR,ERR,ERR,ERR,ERR,ERR,ERR,ERR,ERR,ERR,ERR,ERR,ERR,ERR,ERR,ERR,ERR,ERR,ERR,ERR,ERR,ERR,ERR,ERR,ERR,ERR,ERR,ERR,ERR,ERR,ERR,ERR,ERR,ERR,ERR,ERR,ERR,ERR,ERR,ERR,ERR,ERR,ERR,ERR,ERR,ERR,ERR,ERR,ERR,ERR,ERR,ERR,ERR,ERR,ERR,ERR,ERR,ERR,ERR,ERR,ERR,ERR,ERR,ERR,ERR,ERR,ERR,ERR,ERR,ERR,ERR,ERR,ERR,ERR,ERR,ERR,ERR,ERR,ERR,ERR,ERR,ERR,ERR,ERR,ERR,ERR,ERR,ERR,ERR,ERR,ERR,ERR,ERR,ERR,ERR,ERR,ERR,ERR,ERR,ERR,ERR,ERR,ERR,ERR,ERR,ERR,ERR,ERR,ERR,ERR,ERR,ERR,ERR,0.0,-107615384.0,0.0,-4.9501291711397626e+32,1.592,1.3936040501711995e+18,7.805,0.0,0,0,4,48959,6720,14723890282496.0,100,0.0,0.0,0.0,-152005385388032.0,0.0,0,0,0,0,0.0,0,0,0,0,0,0,0,0,0,0,0,0,0,0,0,0,0,0,0,0,0,0,0,0,0,0,0,0,0,0,0,0,0,26,51,50,76,65476,0,300,0,0,8,21553,0.0,-107605600.0,0.0,0.0,0.0,0.0,0.0,0.0,0.0,0.0,0.0,0.0,0.0,0.0,0.0,0.0,0.0,0.0,0.0,0.0,0.0,0.0,-0.0,0.0,-0.0,-0.0,0.0,0.0,0.0,0.0,4823.0,-0.0,7253.0,0.0,-107615384.0,2.7184303811560617e+23,2.718431101732002e+23,0.0,0.0,0.0,0.0,77,-126841118720.0,-152017146216448.0,0.0,0.0,0.0,0.0,0.0,0.0,0.0,0,0,0,0.0,0.0,0.0,0.0,0.0,0.0,0.0,0.0,0.0,0.0,0.0,0.0,0.0,0.0,0.0,0.0,0,-107875648.0,77,0.0,154,0.0,-101056864.0,ERR,ERR,ERR,ERR,ERR,ERR,ERR,ERR,ERR,ERR,ERR,ERR,ERR,ERR,ERR,ERR,ERR,ERR,ERR,ERR,ERR,ERR,ERR,ERR,ERR,ERR,ERR,ERR,ERR,ERR,ERR,ERR,ERR,ERR,ERR,ERR,ERR,ERR,ERR,ERR,ERR,ERR,ERR,ERR,ERR,ERR,ERR,ERR,ERR,ERR,ERR,ERR,ERR,ERR,ERR,ERR,ERR,ERR,ERR,ERR,ERR,ERR,ERR,ERR,ERR,ERR,ERR,34.0,80.0,35,0.0,0.0,0.0,0.0,0.0,0.0,0.0,0.0,0.0,0.0,0.0,0.0,0.0,0.0,0.0,0.0,65.6,0,119,58,53,65476,0,300,0,0,8,20529,65476,0,0,57672,80.0,0.0,0.0,0.0,0.0,0.0
2026-06-18T02:49:57,ERR,ERR,ERR,ERR,ERR,ERR,ERR,ERR,ERR,ERR,ERR,ERR,ERR,ERR,ERR,ERR,ERR,ERR,ERR,ERR,ERR,ERR,ERR,ERR,ERR,ERR,ERR,ERR,ERR,ERR,ERR,ERR,ERR,ERR,ERR,ERR,ERR,ERR,ERR,ERR,ERR,ERR,ERR,ERR,ERR,ERR,ERR,ERR,ERR,ERR,ERR,ERR,ERR,ERR,ERR,ERR,ERR,ERR,ERR,ERR,ERR,ERR,ERR,ERR,ERR,ERR,ERR,ERR,ERR,ERR,ERR,ERR,ERR,ERR,ERR,ERR,ERR,ERR,ERR,ERR,ERR,ERR,ERR,ERR,ERR,ERR,ERR,ERR,ERR,ERR,ERR,ERR,ERR,ERR,ERR,ERR,ERR,ERR,ERR,ERR,ERR,ERR,ERR,ERR,ERR,ERR,ERR,ERR,ERR,ERR,ERR,ERR,ERR,ERR,ERR,ERR,ERR,ERR,ERR,ERR,ERR,ERR,ERR,ERR,ERR,0.0,-107615384.0,0.0,-4.9501291711397626e+32,1.592,1.3936040501711995e+18,7.805,0.0,0,0,4,48959,6720,14723890282496.0,100,0.0,0.0,0.0,-152005385388032.0,0.0,0,0,0,0,0.0,0,0,0,0,0,0,0,0,0,0,0,0,0,0,0,0,0,0,0,0,0,0,0,0,0,0,0,0,0,0,0,0,0,26,51,50,76,65476,0,300,0,0,8,21553,0.0,-107605600.0,0.0,0.0,0.0,0.0,0.0,0.0,0.0,0.0,0.0,0.0,0.0,0.0,0.0,0.0,0.0,0.0,0.0,0.0,0.0,0.0,-0.0,0.0,-0.0,-0.0,0.0,0.0,0.0,0.0,4823.0,-0.0,7253.0,0.0,-107615384.0,2.7184303811560617e+23,2.718431101732002e+23,0.0,0.0,0.0,0.0,77,-126841118720.0,-152017146216448.0,0.0,0.0,0.0,0.0,0.0,0.0,0.0,0,0,0,0.0,0.0,0.0,0.0,0.0,0.0,0.0,0.0,0.0,0.0,0.0,0.0,0.0,0.0,0.0,0.0,0,-107875648.0,77,0.0,154,0.0,-101056864.0,ERR,ERR,ERR,ERR,ERR,ERR,ERR,ERR,ERR,ERR,ERR,ERR,ERR,ERR,ERR,ERR,ERR,ERR,ERR,ERR,ERR,ERR,ERR,ERR,ERR,ERR,ERR,ERR,ERR,ERR,ERR,ERR,ERR,ERR,ERR,ERR,ERR,ERR,ERR,ERR,ERR,ERR,ERR,ERR,ERR,ERR,ERR,ERR,ERR,ERR,ERR,ERR,ERR,ERR,ERR,ERR,ERR,ERR,ERR,ERR,ERR,ERR,ERR,ERR,ERR,ERR,ERR,34.0,80.0,35,0.0,0.0,0.0,0.0,0.0,0.0,0.0,0.0,0.0,0.0,0.0,0.0,0.0,0.0,0.0,0.0,65.6,0,119,58,53,65476,0,300,0,0,8,20529,65476,0,0,57672,80.0,0.0,0.0,0.0,0.0,0.0
2026-06-18T02:49:58,ERR,ERR,ERR,ERR,ERR,ERR,ERR,ERR,ERR,ERR,ERR,ERR,ERR,ERR,ERR,ERR,ERR,ERR,ERR,ERR,ERR,ERR,ERR,ERR,ERR,ERR,ERR,ERR,ERR,ERR,ERR,ERR,ERR,ERR,ERR,ERR,ERR,ERR,ERR,ERR,ERR,ERR,ERR,ERR,ERR,ERR,ERR,ERR,ERR,ERR,ERR,ERR,ERR,ERR,ERR,ERR,ERR,ERR,ERR,ERR,ERR,ERR,ERR,ERR,ERR,ERR,ERR,ERR,ERR,ERR,ERR,ERR,ERR,ERR,ERR,ERR,ERR,ERR,ERR,ERR,ERR,ERR,ERR,ERR,ERR,ERR,ERR,ERR,ERR,ERR,ERR,ERR,ERR,ERR,ERR,ERR,ERR,ERR,ERR,ERR,ERR,ERR,ERR,ERR,ERR,ERR,ERR,ERR,ERR,ERR,ERR,ERR,ERR,ERR,ERR,ERR,ERR,ERR,ERR,ERR,ERR,ERR,ERR,ERR,ERR,0.0,-107615384.0,0.0,0.059,nan,1.3936040501711995e+18,7.805,-0.001,0,0,4,48961,6720,14723890282496.0,100,0.0,0.0,0.0,0.059,0.0,0,0,0,0,0.0,0,0,0,0,0,0,0,0,0,0,0,0,0,0,0,0,0,0,0,0,0,0,0,0,0,0,0,0,0,0,0,0,0,26,51,50,76,65476,0,300,0,0,8,21553,0.0,-107605600.0,0.0,0.0,0.0,0.0,0.0,0.0,0.0,0.0,0.0,0.0,0.0,0.0,0.0,0.0,0.0,0.0,0.0,0.0,0.0,0.0,-0.0,-2.004,-0.0,-0.0,0.0,0.0,0.0,0.0,4823.0,-0.0,7251.0,0.0,-107615384.0,2.7184303811560617e+23,2.718431101732002e+23,0.0,0.0,0.0,0.0,77,-126841118720.0,-71.629,0.0,0.0,0.0,0.0,0.0,0.0,0.0,0,0,0,0.0,0.0,0.0,0.0,0.0,0.0,0.0,0.0,0.0,0.0,0.0,0.0,0.0,0.0,0.0,0.0,0,-107875648.0,77,0.0,154,0.0,-101056864.0,ERR,ERR,ERR,ERR,ERR,ERR,ERR,ERR,ERR,ERR,ERR,ERR,ERR,ERR,ERR,ERR,ERR,ERR,ERR,ERR,ERR,ERR,ERR,ERR,ERR,ERR,ERR,ERR,ERR,ERR,ERR,ERR,ERR,ERR,ERR,ERR,ERR,ERR,ERR,ERR,ERR,ERR,ERR,ERR,ERR,ERR,ERR,ERR,ERR,ERR,ERR,ERR,ERR,ERR,ERR,ERR,ERR,ERR,ERR,ERR,ERR,ERR,ERR,ERR,ERR,ERR,ERR,34.0,80.0,35,0.0,0.0,0.0,0.0,0.0,0.0,0.0,0.0,0.0,0.0,0.0,0.0,0.0,0.0,0.0,0.0,65.6,0,119,58,53,65476,0,300,0,0,8,20529,65476,0,0,57672,80.0,0.0,0.0,0.0,0.0,0.0
2026-06-18T02:49:59,ERR,ERR,ERR,ERR,ERR,ERR,ERR,ERR,ERR,ERR,ERR,ERR,ERR,ERR,ERR,ERR,ERR,ERR,ERR,ERR,ERR,ERR,ERR,ERR,ERR,ERR,ERR,ERR,ERR,ERR,ERR,ERR,ERR,ERR,ERR,ERR,ERR,ERR,ERR,ERR,ERR,ERR,ERR,ERR,ERR,ERR,ERR,ERR,ERR,ERR,ERR,ERR,ERR,ERR,ERR,ERR,ERR,ERR,ERR,ERR,ERR,ERR,ERR,ERR,ERR,ERR,ERR,ERR,ERR,ERR,ERR,ERR,ERR,ERR,ERR,ERR,ERR,ERR,ERR,ERR,ERR,ERR,ERR,ERR,ERR,ERR,ERR,ERR,ERR,ERR,ERR,ERR,ERR,ERR,ERR,ERR,ERR,ERR,ERR,ERR,ERR,ERR,ERR,ERR,ERR,ERR,ERR,ERR,ERR,ERR,ERR,ERR,ERR,ERR,ERR,ERR,ERR,ERR,ERR,ERR,ERR,ERR,ERR,ERR,ERR,0.0,-107615384.0,0.0,0.059,nan,1.3936040501711995e+18,7.805,-0.001,0,0,4,48961,6720,14723890282496.0,100,0.0,0.0,0.0,0.059,0.0,0,0,0,0,0.0,0,0,0,0,0,0,0,0,0,0,0,0,0,0,0,0,0,0,0,0,0,0,0,0,0,0,0,0,0,0,0,0,0,26,51,50,76,65476,0,300,0,0,8,21553,0.0,-107605600.0,0.0,0.0,0.0,0.0,0.0,0.0,0.0,0.0,0.0,0.0,0.0,0.0,0.0,0.0,0.0,0.0,0.0,0.0,0.0,0.0,-0.0,-2.004,-0.0,-0.0,0.0,0.0,0.0,0.0,4823.0,-0.0,7251.0,0.0,-107615384.0,2.7184303811560617e+23,2.718431101732002e+23,0.0,0.0,0.0,0.0,77,-126841118720.0,-71.629,0.0,0.0,0.0,0.0,0.0,0.0,0.0,0,0,0,0.0,0.0,0.0,0.0,0.0,0.0,0.0,0.0,0.0,0.0,0.0,0.0,0.0,0.0,0.0,0.0,0,-107875648.0,77,0.0,154,0.0,-101056864.0,ERR,ERR,ERR,ERR,ERR,ERR,ERR,ERR,ERR,ERR,ERR,ERR,ERR,ERR,ERR,ERR,ERR,ERR,ERR,ERR,ERR,ERR,ERR,ERR,ERR,ERR,ERR,ERR,ERR,ERR,ERR,ERR,ERR,ERR,ERR,ERR,ERR,ERR,ERR,ERR,ERR,ERR,ERR,ERR,ERR,ERR,ERR,ERR,ERR,ERR,ERR,ERR,ERR,ERR,ERR,ERR,ERR,ERR,ERR,ERR,ERR,ERR,ERR,ERR,ERR,ERR,ERR,34.0,80.0,35,0.0,0.0,0.0,0.0,0.0,0.0,0.0,0.0,0.0,0.0,0.0,0.0,0.0,0.0,0.0,0.0,65.6,0,119,58,53,65476,0,300,0,0,8,20529,65476,0,0,57672,80.0,0.0,0.0,0.0,0.0,0.0
2026-06-18T02:50:00,ERR,ERR,ERR,ERR,ERR,ERR,ERR,ERR,ERR,ERR,ERR,ERR,ERR,ERR,ERR,ERR,ERR,ERR,ERR,ERR,ERR,ERR,ERR,ERR,ERR,ERR,ERR,ERR,ERR,ERR,ERR,ERR,ERR,ERR,ERR,ERR,ERR,ERR,ERR,ERR,ERR,ERR,ERR,ERR,ERR,ERR,ERR,ERR,ERR,ERR,ERR,ERR,ERR,ERR,ERR,ERR,ERR,ERR,ERR,ERR,ERR,ERR,ERR,ERR,ERR,ERR,ERR,ERR,ERR,ERR,ERR,ERR,ERR,ERR,ERR,ERR,ERR,ERR,ERR,ERR,ERR,ERR,ERR,ERR,ERR,ERR,ERR,ERR,ERR,ERR,ERR,ERR,ERR,ERR,ERR,ERR,ERR,ERR,ERR,ERR,ERR,ERR,ERR,ERR,ERR,ERR,ERR,ERR,ERR,ERR,ERR,ERR,ERR,ERR,ERR,ERR,ERR,ERR,ERR,ERR,ERR,ERR,ERR,ERR,ERR,0.0,-107615384.0,0.0,0.059,nan,1.3936040501711995e+18,7.805,-0.001,0,0,4,48961,6720,14723890282496.0,100,0.0,0.0,0.0,0.059,0.0,0,0,0,0,0.0,0,0,0,0,0,0,0,0,0,0,0,0,0,0,0,0,0,0,0,0,0,0,0,0,0,0,0,0,0,0,0,0,0,26,51,50,76,65476,0,300,0,0,8,21553,0.0,-107605600.0,0.0,0.0,0.0,0.0,0.0,0.0,0.0,0.0,0.0,0.0,0.0,0.0,0.0,0.0,0.0,0.0,0.0,0.0,0.0,0.0,-0.0,-2.004,-0.0,-0.0,0.0,0.0,0.0,0.0,4823.0,-0.0,7251.0,0.0,-107615384.0,2.7184303811560617e+23,2.718431101732002e+23,0.0,0.0,0.0,0.0,77,-126841118720.0,-71.629,0.0,0.0,0.0,0.0,0.0,0.0,0.0,0,0,0,0.0,0.0,0.0,0.0,0.0,0.0,0.0,0.0,0.0,0.0,0.0,0.0,0.0,0.0,0.0,0.0,0,-107875648.0,77,0.0,154,0.0,-101056864.0,ERR,ERR,ERR,ERR,ERR,ERR,ERR,ERR,ERR,ERR,ERR,ERR,ERR,ERR,ERR,ERR,ERR,ERR,ERR,ERR,ERR,ERR,ERR,ERR,ERR,ERR,ERR,ERR,ERR,ERR,ERR,ERR,ERR,ERR,ERR,ERR,ERR,ERR,ERR,ERR,ERR,ERR,ERR,ERR,ERR,ERR,ERR,ERR,ERR,ERR,ERR,ERR,ERR,ERR,ERR,ERR,ERR,ERR,ERR,ERR,ERR,ERR,ERR,ERR,ERR,ERR,ERR,34.0,80.0,35,0.0,0.0,0.0,0.0,0.0,0.0,0.0,0.0,0.0,0.0,0.0,0.0,0.0,0.0,0.0,0.0,66.0,0,119,58,53,65476,0,300,0,0,8,20529,65476,0,0,57672,80.0,0.0,0.0,0.0,0.0,0.0
2026-06-18T02:50:01,ERR,ERR,ERR,ERR,ERR,ERR,ERR,ERR,ERR,ERR,ERR,ERR,ERR,ERR,ERR,ERR,ERR,ERR,ERR,ERR,ERR,ERR,ERR,ERR,ERR,ERR,ERR,ERR,ERR,ERR,ERR,ERR,ERR,ERR,ERR,ERR,ERR,ERR,ERR,ERR,ERR,ERR,ERR,ERR,ERR,ERR,ERR,ERR,ERR,ERR,ERR,ERR,ERR,ERR,ERR,ERR,ERR,ERR,ERR,ERR,ERR,ERR,ERR,ERR,ERR,ERR,ERR,ERR,ERR,ERR,ERR,ERR,ERR,ERR,ERR,ERR,ERR,ERR,ERR,ERR,ERR,ERR,ERR,ERR,ERR,ERR,ERR,ERR,ERR,ERR,ERR,ERR,ERR,ERR,ERR,ERR,ERR,ERR,ERR,ERR,ERR,ERR,ERR,ERR,ERR,ERR,ERR,ERR,ERR,ERR,ERR,ERR,ERR,ERR,ERR,ERR,ERR,ERR,ERR,ERR,ERR,ERR,ERR,ERR,ERR,0.0,-107615384.0,0.0,0.059,nan,1.3936040501711995e+18,7.805,-0.001,0,0,4,48961,6720,14723890282496.0,100,0.0,0.0,0.0,0.059,0.0,0,0,0,0,0.0,0,0,0,0,0,0,0,0,0,0,0,0,0,0,0,0,0,0,0,0,0,0,0,0,0,0,0,0,0,0,0,0,0,26,51,50,76,65476,0,300,0,0,8,21553,0.0,-107605600.0,0.0,0.0,0.0,0.0,0.0,0.0,0.0,0.0,0.0,0.0,0.0,0.0,0.0,0.0,0.0,0.0,0.0,0.0,0.0,0.0,-0.0,-2.004,-0.0,-0.0,0.0,0.0,0.0,0.0,4823.0,-0.0,7251.0,0.0,-107615384.0,2.7184303811560617e+23,2.718431101732002e+23,0.0,0.0,0.0,0.0,77,-126841118720.0,-71.629,0.0,0.0,0.0,0.0,0.0,0.0,0.0,0,0,0,0.0,0.0,0.0,0.0,0.0,0.0,0.0,0.0,0.0,0.0,0.0,0.0,0.0,0.0,0.0,0.0,0,-107875648.0,77,0.0,154,0.0,-101056864.0,ERR,ERR,ERR,ERR,ERR,ERR,ERR,ERR,ERR,ERR,ERR,ERR,ERR,ERR,ERR,ERR,ERR,ERR,ERR,ERR,ERR,ERR,ERR,ERR,ERR,ERR,ERR,ERR,ERR,ERR,ERR,ERR,ERR,ERR,ERR,ERR,ERR,ERR,ERR,ERR,ERR,ERR,ERR,ERR,ERR,ERR,ERR,ERR,ERR,ERR,ERR,ERR,ERR,ERR,ERR,ERR,ERR,ERR,ERR,ERR,ERR,ERR,ERR,ERR,ERR,ERR,ERR,34.0,80.0,35,0.0,0.0,0.0,0.0,0.0,0.0,0.0,0.0,0.0,0.0,0.0,0.0,0.0,0.0,0.0,0.0,66.0,0,119,58,53,65476,0,300,0,0,8,20529,65476,0,0,57672,80.0,0.0,0.0,0.0,0.0,0.0
2026-06-18T02:50:02,ERR,ERR,ERR,ERR,ERR,ERR,ERR,ERR,ERR,ERR,ERR,ERR,ERR,ERR,ERR,ERR,ERR,ERR,ERR,ERR,ERR,ERR,ERR,ERR,ERR,ERR,ERR,ERR,ERR,ERR,ERR,ERR,ERR,ERR,ERR,ERR,ERR,ERR,ERR,ERR,ERR,ERR,ERR,ERR,ERR,ERR,ERR,ERR,ERR,ERR,ERR,ERR,ERR,ERR,ERR,ERR,ERR,ERR,ERR,ERR,ERR,ERR,ERR,ERR,ERR,ERR,ERR,ERR,ERR,ERR,ERR,ERR,ERR,ERR,ERR,ERR,ERR,ERR,ERR,ERR,ERR,ERR,ERR,ERR,ERR,ERR,ERR,ERR,ERR,ERR,ERR,ERR,ERR,ERR,ERR,ERR,ERR,ERR,ERR,ERR,ERR,ERR,ERR,ERR,ERR,ERR,ERR,ERR,ERR,ERR,ERR,ERR,ERR,ERR,ERR,ERR,ERR,ERR,ERR,ERR,ERR,ERR,ERR,ERR,ERR,0.0,-107615384.0,0.0,0.059,nan,1.3936040501711995e+18,7.805,-0.001,0,0,4,48961,6720,14723890282496.0,100,0.0,0.0,0.0,0.059,0.0,0,0,0,0,0.0,0,0,0,0,0,0,0,0,0,0,0,0,0,0,0,0,0,0,0,0,0,0,0,0,0,0,0,0,0,0,0,0,0,26,51,50,76,65476,0,300,0,0,8,21553,0.0,-107605600.0,0.0,0.0,0.0,0.0,0.0,0.0,0.0,0.0,0.0,0.0,0.0,0.0,0.0,0.0,0.0,0.0,0.0,0.0,0.0,0.0,-0.0,-2.004,-0.0,-0.0,0.0,0.0,0.0,0.0,4823.0,-0.0,7251.0,0.0,-107615384.0,2.7184303811560617e+23,2.718431101732002e+23,0.0,0.0,0.0,0.0,77,-126841118720.0,-71.629,0.0,0.0,0.0,0.0,0.0,0.0,0.0,0,0,0,0.0,0.0,0.0,0.0,0.0,0.0,0.0,0.0,0.0,0.0,0.0,0.0,0.0,0.0,0.0,0.0,0,-107875648.0,77,0.0,154,0.0,-101056864.0,ERR,ERR,ERR,ERR,ERR,ERR,ERR,ERR,ERR,ERR,ERR,ERR,ERR,ERR,ERR,ERR,ERR,ERR,ERR,ERR,ERR,ERR,ERR,ERR,ERR,ERR,ERR,ERR,ERR,ERR,ERR,ERR,ERR,ERR,ERR,ERR,ERR,ERR,ERR,ERR,ERR,ERR,ERR,ERR,ERR,ERR,ERR,ERR,ERR,ERR,ERR,ERR,ERR,ERR,ERR,ERR,ERR,ERR,ERR,ERR,ERR,ERR,ERR,ERR,ERR,ERR,ERR,34.0,80.0,35,0.0,0.0,0.0,0.0,0.0,0.0,0.0,0.0,0.0,0.0,0.0,0.0,0.0,0.0,0.0,0.0,65.6,0,119,58,53,65476,0,300,0,0,8,20529,65476,0,0,57672,80.0,0.0,0.0,0.0,0.0,0.0
2026-06-18T02:50:03,ERR,ERR,ERR,ERR,ERR,ERR,ERR,ERR,ERR,ERR,ERR,ERR,ERR,ERR,ERR,ERR,ERR,ERR,ERR,ERR,ERR,ERR,ERR,ERR,ERR,ERR,ERR,ERR,ERR,ERR,ERR,ERR,ERR,ERR,ERR,ERR,ERR,ERR,ERR,ERR,ERR,ERR,ERR,ERR,ERR,ERR,ERR,ERR,ERR,ERR,ERR,ERR,ERR,ERR,ERR,ERR,ERR,ERR,ERR,ERR,ERR,ERR,ERR,ERR,ERR,ERR,ERR,ERR,ERR,ERR,ERR,ERR,ERR,ERR,ERR,ERR,ERR,ERR,ERR,ERR,ERR,ERR,ERR,ERR,ERR,ERR,ERR,ERR,ERR,ERR,ERR,ERR,ERR,ERR,ERR,ERR,ERR,ERR,ERR,ERR,ERR,ERR,ERR,ERR,ERR,ERR,ERR,ERR,ERR,ERR,ERR,ERR,ERR,ERR,ERR,ERR,ERR,ERR,ERR,ERR,ERR,ERR,ERR,ERR,ERR,0.0,-107615384.0,0.0,-4.9501291711397626e+32,1.592,1.3936040501711995e+18,7.805,0.0,0,0,4,48961,6720,14723890282496.0,100,0.0,0.0,0.0,-152005385388032.0,0.0,0,0,0,0,0.0,0,0,0,0,0,0,0,0,0,0,0,0,0,0,0,0,0,0,0,0,0,0,0,0,0,0,0,0,0,0,0,0,0,26,51,50,76,65476,0,300,0,0,8,21553,0.0,-107605600.0,0.0,0.0,0.0,0.0,0.0,0.0,0.0,0.0,0.0,0.0,0.0,0.0,0.0,0.0,0.0,0.0,0.0,0.0,0.0,0.0,-0.0,-2.004,-0.0,-0.0,0.0,0.0,0.0,0.0,4820.0,-0.0,7252.0,0.0,-107615384.0,2.7184303811560617e+23,2.718431101732002e+23,0.0,0.0,0.0,0.0,77,-89221.117,-71.629,0.0,0.0,0.0,0.0,0.0,0.0,0.0,0,0,0,0.0,0.0,0.0,0.0,0.0,0.0,0.0,0.0,0.0,0.0,0.0,0.0,0.0,0.0,0.0,0.0,0,-107875648.0,77,0.0,154,0.0,-101056864.0,ERR,ERR,ERR,ERR,ERR,ERR,ERR,ERR,ERR,ERR,ERR,ERR,ERR,ERR,ERR,ERR,ERR,ERR,ERR,ERR,ERR,ERR,ERR,ERR,ERR,ERR,ERR,ERR,ERR,ERR,ERR,ERR,ERR,ERR,ERR,ERR,ERR,ERR,ERR,ERR,ERR,ERR,ERR,ERR,ERR,ERR,ERR,ERR,ERR,ERR,ERR,ERR,ERR,ERR,ERR,ERR,ERR,ERR,ERR,ERR,ERR,ERR,ERR,ERR,ERR,ERR,ERR,34.0,80.0,35,0.0,0.0,0.0,0.0,0.0,0.0,0.0,0.0,0.0,0.0,0.0,0.0,0.0,0.0,0.0,0.0,65.6,0,119,58,53,65476,0,300,0,0,8,20529,65476,0,0,57672,80.0,0.0,0.0,0.0,0.0,0.0
2026-06-18T02:50:04,ERR,ERR,ERR,ERR,ERR,ERR,ERR,ERR,ERR,ERR,ERR,ERR,ERR,ERR,ERR,ERR,ERR,ERR,ERR,ERR,ERR,ERR,ERR,ERR,ERR,ERR,ERR,ERR,ERR,ERR,ERR,ERR,ERR,ERR,ERR,ERR,ERR,ERR,ERR,ERR,ERR,ERR,ERR,ERR,ERR,ERR,ERR,ERR,ERR,ERR,ERR,ERR,ERR,ERR,ERR,ERR,ERR,ERR,ERR,ERR,ERR,ERR,ERR,ERR,ERR,ERR,ERR,ERR,ERR,ERR,ERR,ERR,ERR,ERR,ERR,ERR,ERR,ERR,ERR,ERR,ERR,ERR,ERR,ERR,ERR,ERR,ERR,ERR,ERR,ERR,ERR,ERR,ERR,ERR,ERR,ERR,ERR,ERR,ERR,ERR,ERR,ERR,ERR,ERR,ERR,ERR,ERR,ERR,ERR,ERR,ERR,ERR,ERR,ERR,ERR,ERR,ERR,ERR,ERR,ERR,ERR,ERR,ERR,ERR,ERR,0.0,-107615384.0,0.0,-4.9501291711397626e+32,1.592,1.3936040501711995e+18,7.805,0.0,0,0,4,48961,6720,14723890282496.0,100,0.0,0.0,0.0,-152005385388032.0,0.0,0,0,0,0,0.0,0,0,0,0,0,0,0,0,0,0,0,0,0,0,0,0,0,0,0,0,0,0,0,0,0,0,0,0,0,0,0,0,0,26,51,50,76,65476,0,300,0,0,8,21553,0.0,-107605600.0,0.0,0.0,0.0,0.0,0.0,0.0,0.0,0.0,0.0,0.0,0.0,0.0,0.0,0.0,0.0,0.0,0.0,0.0,0.0,0.0,-0.0,-2.004,-0.0,-0.0,0.0,0.0,0.0,0.0,4820.0,-0.0,7252.0,0.0,-107615384.0,2.7184303811560617e+23,2.718431101732002e+23,0.0,0.0,0.0,0.0,77,-89221.117,-71.629,0.0,0.0,0.0,0.0,0.0,0.0,0.0,0,0,0,0.0,0.0,0.0,0.0,0.0,0.0,0.0,0.0,0.0,0.0,0.0,0.0,0.0,0.0,0.0,0.0,0,-107875648.0,77,0.0,154,0.0,-101056864.0,ERR,ERR,ERR,ERR,ERR,ERR,ERR,ERR,ERR,ERR,ERR,ERR,ERR,ERR,ERR,ERR,ERR,ERR,ERR,ERR,ERR,ERR,ERR,ERR,ERR,ERR,ERR,ERR,ERR,ERR,ERR,ERR,ERR,ERR,ERR,ERR,ERR,ERR,ERR,ERR,ERR,ERR,ERR,ERR,ERR,ERR,ERR,ERR,ERR,ERR,ERR,ERR,ERR,ERR,ERR,ERR,ERR,ERR,ERR,ERR,ERR,ERR,ERR,ERR,ERR,ERR,ERR,34.0,80.0,35,0.0,0.0,0.0,0.0,0.0,0.0,0.0,0.0,0.0,0.0,0.0,0.0,0.0,0.0,0.0,0.0,65.6,0,119,58,53,65476,0,300,0,0,8,20529,65476,0,0,57672,80.0,0.0,0.0,0.0,0.0,0.0
2026-06-18T02:50:05,ERR,ERR,ERR,ERR,ERR,ERR,ERR,ERR,ERR,ERR,ERR,ERR,ERR,ERR,ERR,ERR,ERR,ERR,ERR,ERR,ERR,ERR,ERR,ERR,ERR,ERR,ERR,ERR,ERR,ERR,ERR,ERR,ERR,ERR,ERR,ERR,ERR,ERR,ERR,ERR,ERR,ERR,ERR,ERR,ERR,ERR,ERR,ERR,ERR,ERR,ERR,ERR,ERR,ERR,ERR,ERR,ERR,ERR,ERR,ERR,ERR,ERR,ERR,ERR,ERR,ERR,ERR,ERR,ERR,ERR,ERR,ERR,ERR,ERR,ERR,ERR,ERR,ERR,ERR,ERR,ERR,ERR,ERR,ERR,ERR,ERR,ERR,ERR,ERR,ERR,ERR,ERR,ERR,ERR,ERR,ERR,ERR,ERR,ERR,ERR,ERR,ERR,ERR,ERR,ERR,ERR,ERR,ERR,ERR,ERR,ERR,ERR,ERR,ERR,ERR,ERR,ERR,ERR,ERR,ERR,ERR,ERR,ERR,ERR,ERR,0.0,-107615384.0,0.0,-4.9501291711397626e+32,1.592,1.3936040501711995e+18,7.805,0.0,0,0,4,48961,6720,14723890282496.0,100,0.0,0.0,0.0,-152005385388032.0,0.0,0,0,0,0,0.0,0,0,0,0,0,0,0,0,0,0,0,0,0,0,0,0,0,0,0,0,0,0,0,0,0,0,0,0,0,0,0,0,0,26,51,50,76,65476,0,300,0,0,8,21553,0.0,-107605600.0,0.0,0.0,0.0,0.0,0.0,0.0,0.0,0.0,0.0,0.0,0.0,0.0,0.0,0.0,0.0,0.0,0.0,0.0,0.0,0.0,-0.0,-2.004,-0.0,-0.0,0.0,0.0,0.0,0.0,4820.0,-0.0,7252.0,0.0,-107615384.0,2.7184303811560617e+23,2.718431101732002e+23,0.0,0.0,0.0,0.0,77,-89221.117,-71.629,0.0,0.0,0.0,0.0,0.0,0.0,0.0,0,0,0,0.0,0.0,0.0,0.0,0.0,0.0,0.0,0.0,0.0,0.0,0.0,0.0,0.0,0.0,0.0,0.0,0,-107875648.0,77,0.0,154,0.0,-101056864.0,ERR,ERR,ERR,ERR,ERR,ERR,ERR,ERR,ERR,ERR,ERR,ERR,ERR,ERR,ERR,ERR,ERR,ERR,ERR,ERR,ERR,ERR,ERR,ERR,ERR,ERR,ERR,ERR,ERR,ERR,ERR,ERR,ERR,ERR,ERR,ERR,ERR,ERR,ERR,ERR,ERR,ERR,ERR,ERR,ERR,ERR,ERR,ERR,ERR,ERR,ERR,ERR,ERR,ERR,ERR,ERR,ERR,ERR,ERR,ERR,ERR,ERR,ERR,ERR,ERR,ERR,ERR,34.0,80.0,35,0.0,0.0,0.0,0.0,0.0,0.0,0.0,0.0,0.0,0.0,0.0,0.0,0.0,0.0,0.0,0.0,65.6,0,119,58,53,65476,0,300,0,0,8,20529,65476,0,0,57672,80.0,0.0,0.0,0.0,0.0,0.0
2026-06-18T02:50:06,ERR,ERR,ERR,ERR,ERR,ERR,ERR,ERR,ERR,ERR,ERR,ERR,ERR,ERR,ERR,ERR,ERR,ERR,ERR,ERR,ERR,ERR,ERR,ERR,ERR,ERR,ERR,ERR,ERR,ERR,ERR,ERR,ERR,ERR,ERR,ERR,ERR,ERR,ERR,ERR,ERR,ERR,ERR,ERR,ERR,ERR,ERR,ERR,ERR,ERR,ERR,ERR,ERR,ERR,ERR,ERR,ERR,ERR,ERR,ERR,ERR,ERR,ERR,ERR,ERR,ERR,ERR,ERR,ERR,ERR,ERR,ERR,ERR,ERR,ERR,ERR,ERR,ERR,ERR,ERR,ERR,ERR,ERR,ERR,ERR,ERR,ERR,ERR,ERR,ERR,ERR,ERR,ERR,ERR,ERR,ERR,ERR,ERR,ERR,ERR,ERR,ERR,ERR,ERR,ERR,ERR,ERR,ERR,ERR,ERR,ERR,ERR,ERR,ERR,ERR,ERR,ERR,ERR,ERR,ERR,ERR,ERR,ERR,ERR,ERR,0.0,-107615384.0,0.0,-4.9501291711397626e+32,1.592,1.3936040501711995e+18,7.805,0.0,0,0,4,48961,6720,14723890282496.0,100,0.0,0.0,0.0,-152005385388032.0,0.0,0,0,0,0,0.0,0,0,0,0,0,0,0,0,0,0,0,0,0,0,0,0,0,0,0,0,0,0,0,0,0,0,0,0,0,0,0,0,0,26,51,50,76,65476,0,300,0,0,8,21553,0.0,-107605600.0,0.0,0.0,0.0,0.0,0.0,0.0,0.0,0.0,0.0,0.0,0.0,0.0,0.0,0.0,0.0,0.0,0.0,0.0,0.0,0.0,-0.0,-2.004,-0.0,-0.0,0.0,0.0,0.0,0.0,4820.0,-0.0,7252.0,0.0,-107615384.0,2.7184303811560617e+23,2.718431101732002e+23,0.0,0.0,0.0,0.0,77,-89221.117,-71.629,0.0,0.0,0.0,0.0,0.0,0.0,0.0,0,0,0,0.0,0.0,0.0,0.0,0.0,0.0,0.0,0.0,0.0,0.0,0.0,0.0,0.0,0.0,0.0,0.0,0,-107875648.0,77,0.0,154,0.0,-101056864.0,ERR,ERR,ERR,ERR,ERR,ERR,ERR,ERR,ERR,ERR,ERR,ERR,ERR,ERR,ERR,ERR,ERR,ERR,ERR,ERR,ERR,ERR,ERR,ERR,ERR,ERR,ERR,ERR,ERR,ERR,ERR,ERR,ERR,ERR,ERR,ERR,ERR,ERR,ERR,ERR,ERR,ERR,ERR,ERR,ERR,ERR,ERR,ERR,ERR,ERR,ERR,ERR,ERR,ERR,ERR,ERR,ERR,ERR,ERR,ERR,ERR,ERR,ERR,ERR,ERR,ERR,ERR,34.0,80.0,35,0.0,0.0,0.0,0.0,0.0,0.0,0.0,0.0,0.0,0.0,0.0,0.0,0.0,0.0,0.0,0.0,65.6,0,119,58,53,65476,0,300,0,0,8,20529,65476,0,0,57672,80.0,0.0,0.0,0.0,0.0,0.0
2026-06-18T02:50:07,ERR,ERR,ERR,ERR,ERR,ERR,ERR,ERR,ERR,ERR,ERR,ERR,ERR,ERR,ERR,ERR,ERR,ERR,ERR,ERR,ERR,ERR,ERR,ERR,ERR,ERR,ERR,ERR,ERR,ERR,ERR,ERR,ERR,ERR,ERR,ERR,ERR,ERR,ERR,ERR,ERR,ERR,ERR,ERR,ERR,ERR,ERR,ERR,ERR,ERR,ERR,ERR,ERR,ERR,ERR,ERR,ERR,ERR,ERR,ERR,ERR,ERR,ERR,ERR,ERR,ERR,ERR,ERR,ERR,ERR,ERR,ERR,ERR,ERR,ERR,ERR,ERR,ERR,ERR,ERR,ERR,ERR,ERR,ERR,ERR,ERR,ERR,ERR,ERR,ERR,ERR,ERR,ERR,ERR,ERR,ERR,ERR,ERR,ERR,ERR,ERR,ERR,ERR,ERR,ERR,ERR,ERR,ERR,ERR,ERR,ERR,ERR,ERR,ERR,ERR,ERR,ERR,ERR,ERR,ERR,ERR,ERR,ERR,ERR,ERR,0.0,-107615384.0,0.0,-4.9501291711397626e+32,1.592,1.3936040501711995e+18,7.805,0.0,0,0,4,48961,6720,14723890282496.0,100,0.0,0.0,0.0,-152005385388032.0,0.0,0,0,0,0,0.0,0,0,0,0,0,0,0,0,0,0,0,0,0,0,0,0,0,0,0,0,0,0,0,0,0,0,0,0,0,0,0,0,0,26,51,50,76,65476,0,300,0,0,8,21553,0.0,-107605600.0,0.0,0.0,0.0,0.0,0.0,0.0,0.0,0.0,0.0,0.0,0.0,0.0,0.0,0.0,0.0,0.0,0.0,0.0,0.0,0.0,-0.0,-2.004,-0.0,-0.0,0.0,0.0,0.0,0.0,4820.0,-0.0,7252.0,0.0,-107615384.0,2.7184303811560617e+23,2.718431101732002e+23,0.0,0.0,0.0,0.0,77,-89221.117,-71.629,0.0,0.0,0.0,0.0,0.0,0.0,0.0,0,0,0,0.0,0.0,0.0,0.0,0.0,0.0,0.0,0.0,0.0,0.0,0.0,0.0,0.0,0.0,0.0,0.0,0,-107875648.0,77,0.0,154,0.0,-101056864.0,ERR,ERR,ERR,ERR,ERR,ERR,ERR,ERR,ERR,ERR,ERR,ERR,ERR,ERR,ERR,ERR,ERR,ERR,ERR,ERR,ERR,ERR,ERR,ERR,ERR,ERR,ERR,ERR,ERR,ERR,ERR,ERR,ERR,ERR,ERR,ERR,ERR,ERR,ERR,ERR,ERR,ERR,ERR,ERR,ERR,ERR,ERR,ERR,ERR,ERR,ERR,ERR,ERR,ERR,ERR,ERR,ERR,ERR,ERR,ERR,ERR,ERR,ERR,ERR,ERR,ERR,ERR,34.0,80.0,35,0.0,0.0,0.0,0.0,0.0,0.0,0.0,0.0,0.0,0.0,0.0,0.0,0.0,0.0,0.0,0.0,65.6,0,119,58,53,65476,0,300,0,0,8,20529,65476,0,0,57672,80.0,0.0,0.0,0.0,0.0,0.0
2026-06-18T02:50:08,ERR,ERR,ERR,ERR,ERR,ERR,ERR,ERR,ERR,ERR,ERR,ERR,ERR,ERR,ERR,ERR,ERR,ERR,ERR,ERR,ERR,ERR,ERR,ERR,ERR,ERR,ERR,ERR,ERR,ERR,ERR,ERR,ERR,ERR,ERR,ERR,ERR,ERR,ERR,ERR,ERR,ERR,ERR,ERR,ERR,ERR,ERR,ERR,ERR,ERR,ERR,ERR,ERR,ERR,ERR,ERR,ERR,ERR,ERR,ERR,ERR,ERR,ERR,ERR,ERR,ERR,ERR,ERR,ERR,ERR,ERR,ERR,ERR,ERR,ERR,ERR,ERR,ERR,ERR,ERR,ERR,ERR,ERR,ERR,ERR,ERR,ERR,ERR,ERR,ERR,ERR,ERR,ERR,ERR,ERR,ERR,ERR,ERR,ERR,ERR,ERR,ERR,ERR,ERR,ERR,ERR,ERR,ERR,ERR,ERR,ERR,ERR,ERR,ERR,ERR,ERR,ERR,ERR,ERR,ERR,ERR,ERR,ERR,ERR,ERR,0.0,-107615384.0,0.0,-4.9501291711397626e+32,1.592,1.3936040501711995e+18,7.805,0.0,0,0,4,48961,6720,14723890282496.0,100,0.0,0.0,0.0,-152005385388032.0,0.0,0,0,0,0,0.0,0,0,0,0,0,0,0,0,0,0,0,0,0,0,0,0,0,0,0,0,0,0,0,0,0,0,0,0,0,0,0,0,0,26,51,50,76,65476,0,300,0,0,8,21553,0.0,-107605600.0,0.0,0.0,0.0,0.0,0.0,0.0,0.0,0.0,0.0,0.0,0.0,0.0,0.0,0.0,0.0,0.0,0.0,0.0,0.0,0.0,-0.0,-2.004,-0.0,-0.0,0.0,0.0,0.0,0.0,4820.0,-0.0,7252.0,0.0,-107615384.0,2.7184303811560617e+23,2.718431101732002e+23,0.0,0.0,0.0,0.0,77,-89221.117,-71.629,0.0,0.0,0.0,0.0,0.0,0.0,0.0,0,0,0,0.0,0.0,0.0,0.0,0.0,0.0,0.0,0.0,0.0,0.0,0.0,0.0,0.0,0.0,0.0,0.0,0,-107875648.0,77,0.0,154,0.0,-101056864.0,ERR,ERR,ERR,ERR,ERR,ERR,ERR,ERR,ERR,ERR,ERR,ERR,ERR,ERR,ERR,ERR,ERR,ERR,ERR,ERR,ERR,ERR,ERR,ERR,ERR,ERR,ERR,ERR,ERR,ERR,ERR,ERR,ERR,ERR,ERR,ERR,ERR,ERR,ERR,ERR,ERR,ERR,ERR,ERR,ERR,ERR,ERR,ERR,ERR,ERR,ERR,ERR,ERR,ERR,ERR,ERR,ERR,ERR,ERR,ERR,ERR,ERR,ERR,ERR,ERR,ERR,ERR,34.0,80.0,35,0.0,0.0,0.0,0.0,0.0,0.0,0.0,0.0,0.0,0.0,0.0,0.0,0.0,0.0,0.0,0.0,65.6,0,119,58,53,65476,0,300,0,0,8,20529,65476,0,0,57672,80.0,0.0,0.0,0.0,0.0,0.0
2026-06-18T02:50:09,ERR,ERR,ERR,ERR,ERR,ERR,ERR,ERR,ERR,ERR,ERR,ERR,ERR,ERR,ERR,ERR,ERR,ERR,ERR,ERR,ERR,ERR,ERR,ERR,ERR,ERR,ERR,ERR,ERR,ERR,ERR,ERR,ERR,ERR,ERR,ERR,ERR,ERR,ERR,ERR,ERR,ERR,ERR,ERR,ERR,ERR,ERR,ERR,ERR,ERR,ERR,ERR,ERR,ERR,ERR,ERR,ERR,ERR,ERR,ERR,ERR,ERR,ERR,ERR,ERR,ERR,ERR,ERR,ERR,ERR,ERR,ERR,ERR,ERR,ERR,ERR,ERR,ERR,ERR,ERR,ERR,ERR,ERR,ERR,ERR,ERR,ERR,ERR,ERR,ERR,ERR,ERR,ERR,ERR,ERR,ERR,ERR,ERR,ERR,ERR,ERR,ERR,ERR,ERR,ERR,ERR,ERR,ERR,ERR,ERR,ERR,ERR,ERR,ERR,ERR,ERR,ERR,ERR,ERR,ERR,ERR,ERR,ERR,ERR,ERR,0.0,-107615384.0,0.0,0.059,nan,1.3936040501711995e+18,7.805,-0.001,0,0,4,48924,6720,14723890282496.0,100,0.0,0.0,0.0,2.718290229135658e+23,0.0,0,0,0,0,0.0,0,0,0,0,0,0,0,0,0,0,0,0,0,0,0,0,0,0,0,0,0,0,0,0,0,0,0,0,0,0,0,0,0,26,51,50,76,65476,0,300,0,0,8,21553,0.0,-107605600.0,0.0,0.0,0.0,0.0,0.0,0.0,0.0,0.0,0.0,0.0,0.0,0.0,0.0,0.0,0.0,0.0,0.0,0.0,0.0,0.0,-0.0,-2.004,-0.0,-0.0,0.0,0.0,0.0,0.0,4820.0,-0.0,7253.0,0.0,-107615384.0,2.7184303811560617e+23,2.718431101732002e+23,0.0,0.0,0.0,0.0,77,-89221.117,-2.308826643966827e+20,0.0,0.0,0.0,0.0,0.0,0.0,0.0,0,0,0,0.0,0.0,0.0,0.0,0.0,0.0,0.0,0.0,0.0,0.0,0.0,0.0,0.0,0.0,0.0,0.0,0,-107875648.0,77,0.0,154,0.0,-101056864.0,ERR,ERR,ERR,ERR,ERR,ERR,ERR,ERR,ERR,ERR,ERR,ERR,ERR,ERR,ERR,ERR,ERR,ERR,ERR,ERR,ERR,ERR,ERR,ERR,ERR,ERR,ERR,ERR,ERR,ERR,ERR,ERR,ERR,ERR,ERR,ERR,ERR,ERR,ERR,ERR,ERR,ERR,ERR,ERR,ERR,ERR,ERR,ERR,ERR,ERR,ERR,ERR,ERR,ERR,ERR,ERR,ERR,ERR,ERR,ERR,ERR,ERR,ERR,ERR,ERR,ERR,ERR,34.0,80.0,35,0.0,0.0,0.0,0.0,0.0,0.0,0.0,0.0,0.0,0.0,0.0,0.0,0.0,0.0,0.0,0.0,66.0,0,119,58,53,65476,0,300,0,0,8,20529,65476,0,0,57672,80.0,0.0,0.0,0.0,0.0,0.0
2026-06-18T02:50:10,ERR,ERR,ERR,ERR,ERR,ERR,ERR,ERR,ERR,ERR,ERR,ERR,ERR,ERR,ERR,ERR,ERR,ERR,ERR,ERR,ERR,ERR,ERR,ERR,ERR,ERR,ERR,ERR,ERR,ERR,ERR,ERR,ERR,ERR,ERR,ERR,ERR,ERR,ERR,ERR,ERR,ERR,ERR,ERR,ERR,ERR,ERR,ERR,ERR,ERR,ERR,ERR,ERR,ERR,ERR,ERR,ERR,ERR,ERR,ERR,ERR,ERR,ERR,ERR,ERR,ERR,ERR,ERR,ERR,ERR,ERR,ERR,ERR,ERR,ERR,ERR,ERR,ERR,ERR,ERR,ERR,ERR,ERR,ERR,ERR,ERR,ERR,ERR,ERR,ERR,ERR,ERR,ERR,ERR,ERR,ERR,ERR,ERR,ERR,ERR,ERR,ERR,ERR,ERR,ERR,ERR,ERR,ERR,ERR,ERR,ERR,ERR,ERR,ERR,ERR,ERR,ERR,ERR,ERR,ERR,ERR,ERR,ERR,ERR,ERR,0.0,-107615384.0,0.0,0.059,nan,1.3936040501711995e+18,7.805,-0.001,0,0,4,48924,6720,14723890282496.0,100,0.0,0.0,0.0,2.718290229135658e+23,0.0,0,0,0,0,0.0,0,0,0,0,0,0,0,0,0,0,0,0,0,0,0,0,0,0,0,0,0,0,0,0,0,0,0,0,0,0,0,0,0,26,51,50,76,65476,0,300,0,0,8,21553,0.0,-107605600.0,0.0,0.0,0.0,0.0,0.0,0.0,0.0,0.0,0.0,0.0,0.0,0.0,0.0,0.0,0.0,0.0,0.0,0.0,0.0,0.0,-0.0,-2.004,-0.0,-0.0,0.0,0.0,0.0,0.0,4820.0,-0.0,7253.0,0.0,-107615384.0,2.7184303811560617e+23,2.718431101732002e+23,0.0,0.0,0.0,0.0,77,-89221.117,-2.308826643966827e+20,0.0,0.0,0.0,0.0,0.0,0.0,0.0,0,0,0,0.0,0.0,0.0,0.0,0.0,0.0,0.0,0.0,0.0,0.0,0.0,0.0,0.0,0.0,0.0,0.0,0,-107875648.0,77,0.0,154,0.0,-101056864.0,ERR,ERR,ERR,ERR,ERR,ERR,ERR,ERR,ERR,ERR,ERR,ERR,ERR,ERR,ERR,ERR,ERR,ERR,ERR,ERR,ERR,ERR,ERR,ERR,ERR,ERR,ERR,ERR,ERR,ERR,ERR,ERR,ERR,ERR,ERR,ERR,ERR,ERR,ERR,ERR,ERR,ERR,ERR,ERR,ERR,ERR,ERR,ERR,ERR,ERR,ERR,ERR,ERR,ERR,ERR,ERR,ERR,ERR,ERR,ERR,ERR,ERR,ERR,ERR,ERR,ERR,ERR,34.0,80.0,35,0.0,0.0,0.0,0.0,0.0,0.0,0.0,0.0,0.0,0.0,0.0,0.0,0.0,0.0,0.0,0.0,66.0,0,119,58,53,65476,0,300,0,0,8,20529,65476,0,0,57672,80.0,0.0,0.0,0.0,0.0,0.0
2026-06-18T02:50:11,ERR,ERR,ERR,ERR,ERR,ERR,ERR,ERR,ERR,ERR,ERR,ERR,ERR,ERR,ERR,ERR,ERR,ERR,ERR,ERR,ERR,ERR,ERR,ERR,ERR,ERR,ERR,ERR,ERR,ERR,ERR,ERR,ERR,ERR,ERR,ERR,ERR,ERR,ERR,ERR,ERR,ERR,ERR,ERR,ERR,ERR,ERR,ERR,ERR,ERR,ERR,ERR,ERR,ERR,ERR,ERR,ERR,ERR,ERR,ERR,ERR,ERR,ERR,ERR,ERR,ERR,ERR,ERR,ERR,ERR,ERR,ERR,ERR,ERR,ERR,ERR,ERR,ERR,ERR,ERR,ERR,ERR,ERR,ERR,ERR,ERR,ERR,ERR,ERR,ERR,ERR,ERR,ERR,ERR,ERR,ERR,ERR,ERR,ERR,ERR,ERR,ERR,ERR,ERR,ERR,ERR,ERR,ERR,ERR,ERR,ERR,ERR,ERR,ERR,ERR,ERR,ERR,ERR,ERR,ERR,ERR,ERR,ERR,ERR,ERR,0.0,-107615384.0,0.0,0.059,nan,1.3936040501711995e+18,7.805,-0.001,0,0,4,48924,6720,14723890282496.0,100,0.0,0.0,0.0,2.718290229135658e+23,0.0,0,0,0,0,0.0,0,0,0,0,0,0,0,0,0,0,0,0,0,0,0,0,0,0,0,0,0,0,0,0,0,0,0,0,0,0,0,0,0,26,51,50,76,65476,0,300,0,0,8,21553,0.0,-107605600.0,0.0,0.0,0.0,0.0,0.0,0.0,0.0,0.0,0.0,0.0,0.0,0.0,0.0,0.0,0.0,0.0,0.0,0.0,0.0,0.0,-0.0,-2.004,-0.0,-0.0,0.0,0.0,0.0,0.0,4820.0,-0.0,7253.0,0.0,-107615384.0,2.7184303811560617e+23,2.718431101732002e+23,0.0,0.0,0.0,0.0,77,-89221.117,-2.308826643966827e+20,0.0,0.0,0.0,0.0,0.0,0.0,0.0,0,0,0,0.0,0.0,0.0,0.0,0.0,0.0,0.0,0.0,0.0,0.0,0.0,0.0,0.0,0.0,0.0,0.0,0,-107875648.0,77,0.0,154,0.0,-101056864.0,ERR,ERR,ERR,ERR,ERR,ERR,ERR,ERR,ERR,ERR,ERR,ERR,ERR,ERR,ERR,ERR,ERR,ERR,ERR,ERR,ERR,ERR,ERR,ERR,ERR,ERR,ERR,ERR,ERR,ERR,ERR,ERR,ERR,ERR,ERR,ERR,ERR,ERR,ERR,ERR,ERR,ERR,ERR,ERR,ERR,ERR,ERR,ERR,ERR,ERR,ERR,ERR,ERR,ERR,ERR,ERR,ERR,ERR,ERR,ERR,ERR,ERR,ERR,ERR,ERR,ERR,ERR,34.0,80.0,35,0.0,0.0,0.0,0.0,0.0,0.0,0.0,0.0,0.0,0.0,0.0,0.0,0.0,0.0,0.0,0.0,66.4,0,119,58,53,65476,0,300,0,0,8,20529,65476,0,0,57672,80.0,0.0,0.0,0.0,0.0,0.0
2026-06-18T02:50:12,ERR,ERR,ERR,ERR,ERR,ERR,ERR,ERR,ERR,ERR,ERR,ERR,ERR,ERR,ERR,ERR,ERR,ERR,ERR,ERR,ERR,ERR,ERR,ERR,ERR,ERR,ERR,ERR,ERR,ERR,ERR,ERR,ERR,ERR,ERR,ERR,ERR,ERR,ERR,ERR,ERR,ERR,ERR,ERR,ERR,ERR,ERR,ERR,ERR,ERR,ERR,ERR,ERR,ERR,ERR,ERR,ERR,ERR,ERR,ERR,ERR,ERR,ERR,ERR,ERR,ERR,ERR,ERR,ERR,ERR,ERR,ERR,ERR,ERR,ERR,ERR,ERR,ERR,ERR,ERR,ERR,ERR,ERR,ERR,ERR,ERR,ERR,ERR,ERR,ERR,ERR,ERR,ERR,ERR,ERR,ERR,ERR,ERR,ERR,ERR,ERR,ERR,ERR,ERR,ERR,ERR,ERR,ERR,ERR,ERR,ERR,ERR,ERR,ERR,ERR,ERR,ERR,ERR,ERR,ERR,ERR,ERR,ERR,ERR,ERR,0.0,-107615384.0,0.0,0.059,nan,1.3936040501711995e+18,7.805,-0.001,0,0,4,48924,6720,14723890282496.0,100,0.0,0.0,0.0,2.718290229135658e+23,0.0,0,0,0,0,0.0,0,0,0,0,0,0,0,0,0,0,0,0,0,0,0,0,0,0,0,0,0,0,0,0,0,0,0,0,0,0,0,0,0,26,51,50,76,65476,0,300,0,0,8,21553,0.0,-107605600.0,0.0,0.0,0.0,0.0,0.0,0.0,0.0,0.0,0.0,0.0,0.0,0.0,0.0,0.0,0.0,0.0,0.0,0.0,0.0,0.0,-0.0,-2.004,-0.0,-0.0,0.0,0.0,0.0,0.0,4820.0,-0.0,7253.0,0.0,-107615384.0,2.7184303811560617e+23,2.718431101732002e+23,0.0,0.0,0.0,0.0,77,-89221.117,-2.308826643966827e+20,0.0,0.0,0.0,0.0,0.0,0.0,0.0,0,0,0,0.0,0.0,0.0,0.0,0.0,0.0,0.0,0.0,0.0,0.0,0.0,0.0,0.0,0.0,0.0,0.0,0,-107875648.0,77,0.0,154,0.0,-101056864.0,ERR,ERR,ERR,ERR,ERR,ERR,ERR,ERR,ERR,ERR,ERR,ERR,ERR,ERR,ERR,ERR,ERR,ERR,ERR,ERR,ERR,ERR,ERR,ERR,ERR,ERR,ERR,ERR,ERR,ERR,ERR,ERR,ERR,ERR,ERR,ERR,ERR,ERR,ERR,ERR,ERR,ERR,ERR,ERR,ERR,ERR,ERR,ERR,ERR,ERR,ERR,ERR,ERR,ERR,ERR,ERR,ERR,ERR,ERR,ERR,ERR,ERR,ERR,ERR,ERR,ERR,ERR,34.0,80.0,35,0.0,0.0,0.0,0.0,0.0,0.0,0.0,0.0,0.0,0.0,0.0,0.0,0.0,0.0,0.0,0.0,66.4,0,119,58,53,65476,0,300,0,0,8,20529,65476,0,0,57672,80.0,0.0,0.0,0.0,0.0,0.0
2026-06-18T02:50:13,ERR,ERR,ERR,ERR,ERR,ERR,ERR,ERR,ERR,ERR,ERR,ERR,ERR,ERR,ERR,ERR,ERR,ERR,ERR,ERR,ERR,ERR,ERR,ERR,ERR,ERR,ERR,ERR,ERR,ERR,ERR,ERR,ERR,ERR,ERR,ERR,ERR,ERR,ERR,ERR,ERR,ERR,ERR,ERR,ERR,ERR,ERR,ERR,ERR,ERR,ERR,ERR,ERR,ERR,ERR,ERR,ERR,ERR,ERR,ERR,ERR,ERR,ERR,ERR,ERR,ERR,ERR,ERR,ERR,ERR,ERR,ERR,ERR,ERR,ERR,ERR,ERR,ERR,ERR,ERR,ERR,ERR,ERR,ERR,ERR,ERR,ERR,ERR,ERR,ERR,ERR,ERR,ERR,ERR,ERR,ERR,ERR,ERR,ERR,ERR,ERR,ERR,ERR,ERR,ERR,ERR,ERR,ERR,ERR,ERR,ERR,ERR,ERR,ERR,ERR,ERR,ERR,ERR,ERR,ERR,ERR,ERR,ERR,ERR,ERR,0.0,-107615384.0,0.0,0.059,nan,1.3936040501711995e+18,7.805,-0.001,0,0,4,48924,6720,14723890282496.0,100,0.0,0.0,0.0,2.718290229135658e+23,0.0,0,0,0,0,0.0,0,0,0,0,0,0,0,0,0,0,0,0,0,0,0,0,0,0,0,0,0,0,0,0,0,0,0,0,0,0,0,0,0,26,51,50,76,65476,0,300,0,0,8,21553,0.0,-107605600.0,0.0,0.0,0.0,0.0,0.0,0.0,0.0,0.0,0.0,0.0,0.0,0.0,0.0,0.0,0.0,0.0,0.0,0.0,0.0,0.0,-0.0,-2.004,-0.0,-0.0,0.0,0.0,0.0,0.0,4820.0,-0.0,7253.0,0.0,-107615384.0,2.7184303811560617e+23,2.718431101732002e+23,0.0,0.0,0.0,0.0,77,-89221.117,-2.308826643966827e+20,0.0,0.0,0.0,0.0,0.0,0.0,0.0,0,0,0,0.0,0.0,0.0,0.0,0.0,0.0,0.0,0.0,0.0,0.0,0.0,0.0,0.0,0.0,0.0,0.0,0,-107875648.0,77,0.0,154,0.0,-101056864.0,ERR,ERR,ERR,ERR,ERR,ERR,ERR,ERR,ERR,ERR,ERR,ERR,ERR,ERR,ERR,ERR,ERR,ERR,ERR,ERR,ERR,ERR,ERR,ERR,ERR,ERR,ERR,ERR,ERR,ERR,ERR,ERR,ERR,ERR,ERR,ERR,ERR,ERR,ERR,ERR,ERR,ERR,ERR,ERR,ERR,ERR,ERR,ERR,ERR,ERR,ERR,ERR,ERR,ERR,ERR,ERR,ERR,ERR,ERR,ERR,ERR,ERR,ERR,ERR,ERR,ERR,ERR,34.0,80.0,35,0.0,0.0,0.0,0.0,0.0,0.0,0.0,0.0,0.0,0.0,0.0,0.0,0.0,0.0,0.0,0.0,65.6,0,119,58,53,65476,0,300,0,0,8,20529,65476,0,0,57672,80.0,0.0,0.0,0.0,0.0,0.0
2026-06-18T02:50:14,ERR,ERR,ERR,ERR,ERR,ERR,ERR,ERR,ERR,ERR,ERR,ERR,ERR,ERR,ERR,ERR,ERR,ERR,ERR,ERR,ERR,ERR,ERR,ERR,ERR,ERR,ERR,ERR,ERR,ERR,ERR,ERR,ERR,ERR,ERR,ERR,ERR,ERR,ERR,ERR,ERR,ERR,ERR,ERR,ERR,ERR,ERR,ERR,ERR,ERR,ERR,ERR,ERR,ERR,ERR,ERR,ERR,ERR,ERR,ERR,ERR,ERR,ERR,ERR,ERR,ERR,ERR,ERR,ERR,ERR,ERR,ERR,ERR,ERR,ERR,ERR,ERR,ERR,ERR,ERR,ERR,ERR,ERR,ERR,ERR,ERR,ERR,ERR,ERR,ERR,ERR,ERR,ERR,ERR,ERR,ERR,ERR,ERR,ERR,ERR,ERR,ERR,ERR,ERR,ERR,ERR,ERR,ERR,ERR,ERR,ERR,ERR,ERR,ERR,ERR,ERR,ERR,ERR,ERR,ERR,ERR,ERR,ERR,ERR,ERR,0.0,-107615384.0,0.0,0.059,nan,1.3936040501711995e+18,7.805,-0.001,0,0,4,48957,6720,14723890282496.0,100,0.0,0.0,0.0,0.059,0.0,0,0,0,0,0.0,0,0,0,0,0,0,0,0,0,0,0,0,0,0,0,0,0,0,0,0,0,0,0,0,0,0,0,0,0,0,0,0,0,26,51,50,76,65476,0,300,0,0,8,21553,0.0,-107605600.0,0.0,0.0,0.0,0.0,0.0,0.0,0.0,0.0,0.0,0.0,0.0,0.0,0.0,0.0,0.0,0.0,0.0,0.0,0.0,0.0,-0.0,-2.004,-0.0,-0.0,0.0,0.0,0.0,0.0,4821.0,-0.0,7254.0,0.0,-107615384.0,2.7184303811560617e+23,2.718431101732002e+23,0.0,0.0,0.0,0.0,77,-0.0,-3.221999815764716e+26,0.0,0.0,0.0,0.0,0.0,0.0,0.0,0,0,0,0.0,0.0,0.0,0.0,0.0,0.0,0.0,0.0,0.0,0.0,0.0,0.0,0.0,0.0,0.0,0.0,0,-107875648.0,77,0.0,154,0.0,-101056864.0,ERR,ERR,ERR,ERR,ERR,ERR,ERR,ERR,ERR,ERR,ERR,ERR,ERR,ERR,ERR,ERR,ERR,ERR,ERR,ERR,ERR,ERR,ERR,ERR,ERR,ERR,ERR,ERR,ERR,ERR,ERR,ERR,ERR,ERR,ERR,ERR,ERR,ERR,ERR,ERR,ERR,ERR,ERR,ERR,ERR,ERR,ERR,ERR,ERR,ERR,ERR,ERR,ERR,ERR,ERR,ERR,ERR,ERR,ERR,ERR,ERR,ERR,ERR,ERR,ERR,ERR,ERR,34.0,80.0,35,0.0,0.0,0.0,0.0,0.0,0.0,0.0,0.0,0.0,0.0,0.0,0.0,0.0,0.0,0.0,0.0,65.6,0,119,58,53,65476,0,300,0,0,8,20529,65476,0,0,57672,80.0,0.0,0.0,0.0,0.0,0.0
2026-06-18T02:50:15,ERR,ERR,ERR,ERR,ERR,ERR,ERR,ERR,ERR,ERR,ERR,ERR,ERR,ERR,ERR,ERR,ERR,ERR,ERR,ERR,ERR,ERR,ERR,ERR,ERR,ERR,ERR,ERR,ERR,ERR,ERR,ERR,ERR,ERR,ERR,ERR,ERR,ERR,ERR,ERR,ERR,ERR,ERR,ERR,ERR,ERR,ERR,ERR,ERR,ERR,ERR,ERR,ERR,ERR,ERR,ERR,ERR,ERR,ERR,ERR,ERR,ERR,ERR,ERR,ERR,ERR,ERR,ERR,ERR,ERR,ERR,ERR,ERR,ERR,ERR,ERR,ERR,ERR,ERR,ERR,ERR,ERR,ERR,ERR,ERR,ERR,ERR,ERR,ERR,ERR,ERR,ERR,ERR,ERR,ERR,ERR,ERR,ERR,ERR,ERR,ERR,ERR,ERR,ERR,ERR,ERR,ERR,ERR,ERR,ERR,ERR,ERR,ERR,ERR,ERR,ERR,ERR,ERR,ERR,ERR,ERR,ERR,ERR,ERR,ERR,0.0,-107615384.0,0.0,0.059,nan,1.3936040501711995e+18,7.805,-0.001,0,0,4,48957,6720,14723890282496.0,100,0.0,0.0,0.0,0.059,0.0,0,0,0,0,0.0,0,0,0,0,0,0,0,0,0,0,0,0,0,0,0,0,0,0,0,0,0,0,0,0,0,0,0,0,0,0,0,0,0,26,51,50,76,65476,0,300,0,0,8,21553,0.0,-107605600.0,0.0,0.0,0.0,0.0,0.0,0.0,0.0,0.0,0.0,0.0,0.0,0.0,0.0,0.0,0.0,0.0,0.0,0.0,0.0,0.0,-0.0,-2.004,-0.0,-0.0,0.0,0.0,0.0,0.0,4821.0,-0.0,7254.0,0.0,-107615384.0,2.7184303811560617e+23,2.718431101732002e+23,0.0,0.0,0.0,0.0,77,-0.0,-3.221999815764716e+26,0.0,0.0,0.0,0.0,0.0,0.0,0.0,0,0,0,0.0,0.0,0.0,0.0,0.0,0.0,0.0,0.0,0.0,0.0,0.0,0.0,0.0,0.0,0.0,0.0,0,-107875648.0,77,0.0,154,0.0,-101056864.0,ERR,ERR,ERR,ERR,ERR,ERR,ERR,ERR,ERR,ERR,ERR,ERR,ERR,ERR,ERR,ERR,ERR,ERR,ERR,ERR,ERR,ERR,ERR,ERR,ERR,ERR,ERR,ERR,ERR,ERR,ERR,ERR,ERR,ERR,ERR,ERR,ERR,ERR,ERR,ERR,ERR,ERR,ERR,ERR,ERR,ERR,ERR,ERR,ERR,ERR,ERR,ERR,ERR,ERR,ERR,ERR,ERR,ERR,ERR,ERR,ERR,ERR,ERR,ERR,ERR,ERR,ERR,34.0,80.0,35,0.0,0.0,0.0,0.0,0.0,0.0,0.0,0.0,0.0,0.0,0.0,0.0,0.0,0.0,0.0,0.0,65.6,0,119,58,53,65476,0,300,0,0,8,20529,65476,0,0,57672,80.0,0.0,0.0,0.0,0.0,0.0
2026-06-18T02:50:16,ERR,ERR,ERR,ERR,ERR,ERR,ERR,ERR,ERR,ERR,ERR,ERR,ERR,ERR,ERR,ERR,ERR,ERR,ERR,ERR,ERR,ERR,ERR,ERR,ERR,ERR,ERR,ERR,ERR,ERR,ERR,ERR,ERR,ERR,ERR,ERR,ERR,ERR,ERR,ERR,ERR,ERR,ERR,ERR,ERR,ERR,ERR,ERR,ERR,ERR,ERR,ERR,ERR,ERR,ERR,ERR,ERR,ERR,ERR,ERR,ERR,ERR,ERR,ERR,ERR,ERR,ERR,ERR,ERR,ERR,ERR,ERR,ERR,ERR,ERR,ERR,ERR,ERR,ERR,ERR,ERR,ERR,ERR,ERR,ERR,ERR,ERR,ERR,ERR,ERR,ERR,ERR,ERR,ERR,ERR,ERR,ERR,ERR,ERR,ERR,ERR,ERR,ERR,ERR,ERR,ERR,ERR,ERR,ERR,ERR,ERR,ERR,ERR,ERR,ERR,ERR,ERR,ERR,ERR,ERR,ERR,ERR,ERR,ERR,ERR,0.0,-107615384.0,0.0,0.059,nan,1.3936040501711995e+18,7.805,-0.001,0,0,4,48957,6720,14723890282496.0,100,0.0,0.0,0.0,0.059,0.0,0,0,0,0,0.0,0,0,0,0,0,0,0,0,0,0,0,0,0,0,0,0,0,0,0,0,0,0,0,0,0,0,0,0,0,0,0,0,0,26,51,50,76,65476,0,300,0,0,8,21553,0.0,-107605600.0,0.0,0.0,0.0,0.0,0.0,0.0,0.0,0.0,0.0,0.0,0.0,0.0,0.0,0.0,0.0,0.0,0.0,0.0,0.0,0.0,-0.0,-2.004,-0.0,-0.0,0.0,0.0,0.0,0.0,4821.0,-0.0,7254.0,0.0,-107615384.0,2.7184303811560617e+23,2.718431101732002e+23,0.0,0.0,0.0,0.0,77,-0.0,-3.221999815764716e+26,0.0,0.0,0.0,0.0,0.0,0.0,0.0,0,0,0,0.0,0.0,0.0,0.0,0.0,0.0,0.0,0.0,0.0,0.0,0.0,0.0,0.0,0.0,0.0,0.0,0,-107875648.0,77,0.0,154,0.0,-101056864.0,ERR,ERR,ERR,ERR,ERR,ERR,ERR,ERR,ERR,ERR,ERR,ERR,ERR,ERR,ERR,ERR,ERR,ERR,ERR,ERR,ERR,ERR,ERR,ERR,ERR,ERR,ERR,ERR,ERR,ERR,ERR,ERR,ERR,ERR,ERR,ERR,ERR,ERR,ERR,ERR,ERR,ERR,ERR,ERR,ERR,ERR,ERR,ERR,ERR,ERR,ERR,ERR,ERR,ERR,ERR,ERR,ERR,ERR,ERR,ERR,ERR,ERR,ERR,ERR,ERR,ERR,ERR,34.0,80.0,35,0.0,0.0,0.0,0.0,0.0,0.0,0.0,0.0,0.0,0.0,0.0,0.0,0.0,0.0,0.0,0.0,65.6,0,119,58,53,65476,0,300,0,0,8,20529,65476,0,0,57672,80.0,0.0,0.0,0.0,0.0,0.0
2026-06-18T02:50:17,ERR,ERR,ERR,ERR,ERR,ERR,ERR,ERR,ERR,ERR,ERR,ERR,ERR,ERR,ERR,ERR,ERR,ERR,ERR,ERR,ERR,ERR,ERR,ERR,ERR,ERR,ERR,ERR,ERR,ERR,ERR,ERR,ERR,ERR,ERR,ERR,ERR,ERR,ERR,ERR,ERR,ERR,ERR,ERR,ERR,ERR,ERR,ERR,ERR,ERR,ERR,ERR,ERR,ERR,ERR,ERR,ERR,ERR,ERR,ERR,ERR,ERR,ERR,ERR,ERR,ERR,ERR,ERR,ERR,ERR,ERR,ERR,ERR,ERR,ERR,ERR,ERR,ERR,ERR,ERR,ERR,ERR,ERR,ERR,ERR,ERR,ERR,ERR,ERR,ERR,ERR,ERR,ERR,ERR,ERR,ERR,ERR,ERR,ERR,ERR,ERR,ERR,ERR,ERR,ERR,ERR,ERR,ERR,ERR,ERR,ERR,ERR,ERR,ERR,ERR,ERR,ERR,ERR,ERR,ERR,ERR,ERR,ERR,ERR,ERR,0.0,-107615384.0,0.0,0.059,nan,1.3936040501711995e+18,7.805,-0.001,0,0,4,48957,6720,14723890282496.0,100,0.0,0.0,0.0,0.059,0.0,0,0,0,0,0.0,0,0,0,0,0,0,0,0,0,0,0,0,0,0,0,0,0,0,0,0,0,0,0,0,0,0,0,0,0,0,0,0,0,26,51,50,76,65476,0,300,0,0,8,21553,0.0,-107605600.0,0.0,0.0,0.0,0.0,0.0,0.0,0.0,0.0,0.0,0.0,0.0,0.0,0.0,0.0,0.0,0.0,0.0,0.0,0.0,0.0,-0.0,-2.004,-0.0,-0.0,0.0,0.0,0.0,0.0,4821.0,-0.0,7254.0,0.0,-107615384.0,2.7184303811560617e+23,2.718431101732002e+23,0.0,0.0,0.0,0.0,77,-0.0,-3.221999815764716e+26,0.0,0.0,0.0,0.0,0.0,0.0,0.0,0,0,0,0.0,0.0,0.0,0.0,0.0,0.0,0.0,0.0,0.0,0.0,0.0,0.0,0.0,0.0,0.0,0.0,0,-107875648.0,77,0.0,154,0.0,-101056864.0,ERR,ERR,ERR,ERR,ERR,ERR,ERR,ERR,ERR,ERR,ERR,ERR,ERR,ERR,ERR,ERR,ERR,ERR,ERR,ERR,ERR,ERR,ERR,ERR,ERR,ERR,ERR,ERR,ERR,ERR,ERR,ERR,ERR,ERR,ERR,ERR,ERR,ERR,ERR,ERR,ERR,ERR,ERR,ERR,ERR,ERR,ERR,ERR,ERR,ERR,ERR,ERR,ERR,ERR,ERR,ERR,ERR,ERR,ERR,ERR,ERR,ERR,ERR,ERR,ERR,ERR,ERR,34.0,80.0,35,0.0,0.0,0.0,0.0,0.0,0.0,0.0,0.0,0.0,0.0,0.0,0.0,0.0,0.0,0.0,0.0,65.6,0,119,58,53,65476,0,300,0,0,8,20529,65476,0,0,57672,80.0,0.0,0.0,0.0,0.0,0.0
2026-06-18T02:50:18,ERR,ERR,ERR,ERR,ERR,ERR,ERR,ERR,ERR,ERR,ERR,ERR,ERR,ERR,ERR,ERR,ERR,ERR,ERR,ERR,ERR,ERR,ERR,ERR,ERR,ERR,ERR,ERR,ERR,ERR,ERR,ERR,ERR,ERR,ERR,ERR,ERR,ERR,ERR,ERR,ERR,ERR,ERR,ERR,ERR,ERR,ERR,ERR,ERR,ERR,ERR,ERR,ERR,ERR,ERR,ERR,ERR,ERR,ERR,ERR,ERR,ERR,ERR,ERR,ERR,ERR,ERR,ERR,ERR,ERR,ERR,ERR,ERR,ERR,ERR,ERR,ERR,ERR,ERR,ERR,ERR,ERR,ERR,ERR,ERR,ERR,ERR,ERR,ERR,ERR,ERR,ERR,ERR,ERR,ERR,ERR,ERR,ERR,ERR,ERR,ERR,ERR,ERR,ERR,ERR,ERR,ERR,ERR,ERR,ERR,ERR,ERR,ERR,ERR,ERR,ERR,ERR,ERR,ERR,ERR,ERR,ERR,ERR,ERR,ERR,0.0,-107615384.0,0.0,0.059,nan,1.3936040501711995e+18,7.805,-0.001,0,0,4,48957,6720,14723890282496.0,100,0.0,0.0,0.0,0.059,0.0,0,0,0,0,0.0,0,0,0,0,0,0,0,0,0,0,0,0,0,0,0,0,0,0,0,0,0,0,0,0,0,0,0,0,0,0,0,0,0,26,51,50,76,65476,0,300,0,0,8,21553,0.0,-107605600.0,0.0,0.0,0.0,0.0,0.0,0.0,0.0,0.0,0.0,0.0,0.0,0.0,0.0,0.0,0.0,0.0,0.0,0.0,0.0,0.0,-0.0,-2.004,-0.0,-0.0,0.0,0.0,0.0,0.0,4821.0,-0.0,7254.0,0.0,-107615384.0,2.7184303811560617e+23,2.718431101732002e+23,0.0,0.0,0.0,0.0,77,-0.0,-3.221999815764716e+26,0.0,0.0,0.0,0.0,0.0,0.0,0.0,0,0,0,0.0,0.0,0.0,0.0,0.0,0.0,0.0,0.0,0.0,0.0,0.0,0.0,0.0,0.0,0.0,0.0,0,-107875648.0,77,0.0,154,0.0,-101056864.0,ERR,ERR,ERR,ERR,ERR,ERR,ERR,ERR,ERR,ERR,ERR,ERR,ERR,ERR,ERR,ERR,ERR,ERR,ERR,ERR,ERR,ERR,ERR,ERR,ERR,ERR,ERR,ERR,ERR,ERR,ERR,ERR,ERR,ERR,ERR,ERR,ERR,ERR,ERR,ERR,ERR,ERR,ERR,ERR,ERR,ERR,ERR,ERR,ERR,ERR,ERR,ERR,ERR,ERR,ERR,ERR,ERR,ERR,ERR,ERR,ERR,ERR,ERR,ERR,ERR,ERR,ERR,34.0,80.0,35,0.0,0.0,0.0,0.0,0.0,0.0,0.0,0.0,0.0,0.0,0.0,0.0,0.0,0.0,0.0,0.0,65.6,0,119,58,53,65476,0,300,0,0,8,20529,65476,0,0,57672,80.0,0.0,0.0,0.0,0.0,0.0
2026-06-18T02:50:19,ERR,ERR,ERR,ERR,ERR,ERR,ERR,ERR,ERR,ERR,ERR,ERR,ERR,ERR,ERR,ERR,ERR,ERR,ERR,ERR,ERR,ERR,ERR,ERR,ERR,ERR,ERR,ERR,ERR,ERR,ERR,ERR,ERR,ERR,ERR,ERR,ERR,ERR,ERR,ERR,ERR,ERR,ERR,ERR,ERR,ERR,ERR,ERR,ERR,ERR,ERR,ERR,ERR,ERR,ERR,ERR,ERR,ERR,ERR,ERR,ERR,ERR,ERR,ERR,ERR,ERR,ERR,ERR,ERR,ERR,ERR,ERR,ERR,ERR,ERR,ERR,ERR,ERR,ERR,ERR,ERR,ERR,ERR,ERR,ERR,ERR,ERR,ERR,ERR,ERR,ERR,ERR,ERR,ERR,ERR,ERR,ERR,ERR,ERR,ERR,ERR,ERR,ERR,ERR,ERR,ERR,ERR,ERR,ERR,ERR,ERR,ERR,ERR,ERR,ERR,ERR,ERR,ERR,ERR,ERR,ERR,ERR,ERR,ERR,ERR,0.0,-107615384.0,0.0,-0.0,-1.584,1.3936040501711995e+18,7.805,8.60689115769574e+30,0,0,4,48965,6720,14723890282496.0,100,0.0,0.0,0.0,0.0,0.0,0,0,0,0,0.0,0,0,0,0,0,0,0,0,0,0,0,0,0,0,0,0,0,0,0,0,0,0,0,0,0,0,0,0,0,0,0,0,0,26,51,50,76,65476,0,300,0,0,8,21553,0.0,-107605600.0,0.0,0.0,0.0,0.0,0.0,0.0,0.0,0.0,0.0,0.0,0.0,0.0,0.0,0.0,0.0,0.0,0.0,0.0,0.0,0.0,-0.0,-2.004,-0.0,2.004,0.0,0.0,0.0,0.0,4821.0,-0.0,7253.0,0.0,-107615384.0,2.7184303811560617e+23,2.718431101732002e+23,0.0,0.0,0.0,0.0,77,-89221.117,-152017146216448.0,0.0,0.0,0.0,0.0,0.0,0.0,0.0,0,0,0,0.0,0.0,0.0,0.0,0.0,0.0,0.0,0.0,0.0,0.0,0.0,0.0,0.0,0.0,0.0,0.0,0,-107875648.0,77,0.0,154,0.0,-101056864.0,ERR,ERR,ERR,ERR,ERR,ERR,ERR,ERR,ERR,ERR,ERR,ERR,ERR,ERR,ERR,ERR,ERR,ERR,ERR,ERR,ERR,ERR,ERR,ERR,ERR,ERR,ERR,ERR,ERR,ERR,ERR,ERR,ERR,ERR,ERR,ERR,ERR,ERR,ERR,ERR,ERR,ERR,ERR,ERR,ERR,ERR,ERR,ERR,ERR,ERR,ERR,ERR,ERR,ERR,ERR,ERR,ERR,ERR,ERR,ERR,ERR,ERR,ERR,ERR,ERR,ERR,ERR,34.0,80.0,35,0.0,0.0,0.0,0.0,0.0,0.0,0.0,0.0,0.0,0.0,0.0,0.0,0.0,0.0,0.0,0.0,65.6,0,119,58,53,65476,0,300,0,0,8,20529,65476,0,0,57672,80.0,0.0,0.0,0.0,0.0,0.0
2026-06-18T02:50:20,ERR,ERR,ERR,ERR,ERR,ERR,ERR,ERR,ERR,ERR,ERR,ERR,ERR,ERR,ERR,ERR,ERR,ERR,ERR,ERR,ERR,ERR,ERR,ERR,ERR,ERR,ERR,ERR,ERR,ERR,ERR,ERR,ERR,ERR,ERR,ERR,ERR,ERR,ERR,ERR,ERR,ERR,ERR,ERR,ERR,ERR,ERR,ERR,ERR,ERR,ERR,ERR,ERR,ERR,ERR,ERR,ERR,ERR,ERR,ERR,ERR,ERR,ERR,ERR,ERR,ERR,ERR,ERR,ERR,ERR,ERR,ERR,ERR,ERR,ERR,ERR,ERR,ERR,ERR,ERR,ERR,ERR,ERR,ERR,ERR,ERR,ERR,ERR,ERR,ERR,ERR,ERR,ERR,ERR,ERR,ERR,ERR,ERR,ERR,ERR,ERR,ERR,ERR,ERR,ERR,ERR,ERR,ERR,ERR,ERR,ERR,ERR,ERR,ERR,ERR,ERR,ERR,ERR,ERR,ERR,ERR,ERR,ERR,ERR,ERR,0.0,-107615384.0,0.0,-0.0,-1.584,1.3936040501711995e+18,7.805,8.60689115769574e+30,0,0,4,48965,6720,14723890282496.0,100,0.0,0.0,0.0,0.0,0.0,0,0,0,0,0.0,0,0,0,0,0,0,0,0,0,0,0,0,0,0,0,0,0,0,0,0,0,0,0,0,0,0,0,0,0,0,0,0,0,26,51,50,76,65476,0,300,0,0,8,21553,0.0,-107605600.0,0.0,0.0,0.0,0.0,0.0,0.0,0.0,0.0,0.0,0.0,0.0,0.0,0.0,0.0,0.0,0.0,0.0,0.0,0.0,0.0,-0.0,-2.004,-0.0,2.004,0.0,0.0,0.0,0.0,4821.0,-0.0,7253.0,0.0,-107615384.0,2.7184303811560617e+23,2.718431101732002e+23,0.0,0.0,0.0,0.0,77,-89221.117,-152017146216448.0,0.0,0.0,0.0,0.0,0.0,0.0,0.0,0,0,0,0.0,0.0,0.0,0.0,0.0,0.0,0.0,0.0,0.0,0.0,0.0,0.0,0.0,0.0,0.0,0.0,0,-107875648.0,77,0.0,154,0.0,-101056864.0,ERR,ERR,ERR,ERR,ERR,ERR,ERR,ERR,ERR,ERR,ERR,ERR,ERR,ERR,ERR,ERR,ERR,ERR,ERR,ERR,ERR,ERR,ERR,ERR,ERR,ERR,ERR,ERR,ERR,ERR,ERR,ERR,ERR,ERR,ERR,ERR,ERR,ERR,ERR,ERR,ERR,ERR,ERR,ERR,ERR,ERR,ERR,ERR,ERR,ERR,ERR,ERR,ERR,ERR,ERR,ERR,ERR,ERR,ERR,ERR,ERR,ERR,ERR,ERR,ERR,ERR,ERR,34.0,80.0,35,0.0,0.0,0.0,0.0,0.0,0.0,0.0,0.0,0.0,0.0,0.0,0.0,0.0,0.0,0.0,0.0,65.6,0,119,58,53,65476,0,300,0,0,8,20529,65476,0,0,57672,80.0,0.0,0.0,0.0,0.0,0.0
2026-06-18T02:50:21,ERR,ERR,ERR,ERR,ERR,ERR,ERR,ERR,ERR,ERR,ERR,ERR,ERR,ERR,ERR,ERR,ERR,ERR,ERR,ERR,ERR,ERR,ERR,ERR,ERR,ERR,ERR,ERR,ERR,ERR,ERR,ERR,ERR,ERR,ERR,ERR,ERR,ERR,ERR,ERR,ERR,ERR,ERR,ERR,ERR,ERR,ERR,ERR,ERR,ERR,ERR,ERR,ERR,ERR,ERR,ERR,ERR,ERR,ERR,ERR,ERR,ERR,ERR,ERR,ERR,ERR,ERR,ERR,ERR,ERR,ERR,ERR,ERR,ERR,ERR,ERR,ERR,ERR,ERR,ERR,ERR,ERR,ERR,ERR,ERR,ERR,ERR,ERR,ERR,ERR,ERR,ERR,ERR,ERR,ERR,ERR,ERR,ERR,ERR,ERR,ERR,ERR,ERR,ERR,ERR,ERR,ERR,ERR,ERR,ERR,ERR,ERR,ERR,ERR,ERR,ERR,ERR,ERR,ERR,ERR,ERR,ERR,ERR,ERR,ERR,0.0,-107615384.0,0.0,-0.0,-1.584,1.3936040501711995e+18,7.805,8.60689115769574e+30,0,0,4,48965,6720,14723890282496.0,100,0.0,0.0,0.0,0.0,0.0,0,0,0,0,0.0,0,0,0,0,0,0,0,0,0,0,0,0,0,0,0,0,0,0,0,0,0,0,0,0,0,0,0,0,0,0,0,0,0,26,51,50,76,65476,0,300,0,0,8,21553,0.0,-107605600.0,0.0,0.0,0.0,0.0,0.0,0.0,0.0,0.0,0.0,0.0,0.0,0.0,0.0,0.0,0.0,0.0,0.0,0.0,0.0,0.0,-0.0,-2.004,-0.0,2.004,0.0,0.0,0.0,0.0,4821.0,-0.0,7253.0,0.0,-107615384.0,2.7184303811560617e+23,2.718431101732002e+23,0.0,0.0,0.0,0.0,77,-89221.117,-152017146216448.0,0.0,0.0,0.0,0.0,0.0,0.0,0.0,0,0,0,0.0,0.0,0.0,0.0,0.0,0.0,0.0,0.0,0.0,0.0,0.0,0.0,0.0,0.0,0.0,0.0,0,-107875648.0,77,0.0,154,0.0,-101056864.0,ERR,ERR,ERR,ERR,ERR,ERR,ERR,ERR,ERR,ERR,ERR,ERR,ERR,ERR,ERR,ERR,ERR,ERR,ERR,ERR,ERR,ERR,ERR,ERR,ERR,ERR,ERR,ERR,ERR,ERR,ERR,ERR,ERR,ERR,ERR,ERR,ERR,ERR,ERR,ERR,ERR,ERR,ERR,ERR,ERR,ERR,ERR,ERR,ERR,ERR,ERR,ERR,ERR,ERR,ERR,ERR,ERR,ERR,ERR,ERR,ERR,ERR,ERR,ERR,ERR,ERR,ERR,34.0,80.0,35,0.0,0.0,0.0,0.0,0.0,0.0,0.0,0.0,0.0,0.0,0.0,0.0,0.0,0.0,0.0,0.0,65.6,0,119,58,53,65476,0,300,0,0,8,20529,65476,0,0,57672,80.0,0.0,0.0,0.0,0.0,0.0
2026-06-18T02:50:22,ERR,ERR,ERR,ERR,ERR,ERR,ERR,ERR,ERR,ERR,ERR,ERR,ERR,ERR,ERR,ERR,ERR,ERR,ERR,ERR,ERR,ERR,ERR,ERR,ERR,ERR,ERR,ERR,ERR,ERR,ERR,ERR,ERR,ERR,ERR,ERR,ERR,ERR,ERR,ERR,ERR,ERR,ERR,ERR,ERR,ERR,ERR,ERR,ERR,ERR,ERR,ERR,ERR,ERR,ERR,ERR,ERR,ERR,ERR,ERR,ERR,ERR,ERR,ERR,ERR,ERR,ERR,ERR,ERR,ERR,ERR,ERR,ERR,ERR,ERR,ERR,ERR,ERR,ERR,ERR,ERR,ERR,ERR,ERR,ERR,ERR,ERR,ERR,ERR,ERR,ERR,ERR,ERR,ERR,ERR,ERR,ERR,ERR,ERR,ERR,ERR,ERR,ERR,ERR,ERR,ERR,ERR,ERR,ERR,ERR,ERR,ERR,ERR,ERR,ERR,ERR,ERR,ERR,ERR,ERR,ERR,ERR,ERR,ERR,ERR,0.0,-107615384.0,0.0,-0.0,-1.584,1.3936040501711995e+18,7.805,8.60689115769574e+30,0,0,4,48965,6720,14723890282496.0,100,0.0,0.0,0.0,0.0,0.0,0,0,0,0,0.0,0,0,0,0,0,0,0,0,0,0,0,0,0,0,0,0,0,0,0,0,0,0,0,0,0,0,0,0,0,0,0,0,0,26,51,50,76,65476,0,300,0,0,8,21553,0.0,-107605600.0,0.0,0.0,0.0,0.0,0.0,0.0,0.0,0.0,0.0,0.0,0.0,0.0,0.0,0.0,0.0,0.0,0.0,0.0,0.0,0.0,-0.0,-2.004,-0.0,2.004,0.0,0.0,0.0,0.0,4821.0,-0.0,7253.0,0.0,-107615384.0,2.7184303811560617e+23,2.718431101732002e+23,0.0,0.0,0.0,0.0,77,-89221.117,-152017146216448.0,0.0,0.0,0.0,0.0,0.0,0.0,0.0,0,0,0,0.0,0.0,0.0,0.0,0.0,0.0,0.0,0.0,0.0,0.0,0.0,0.0,0.0,0.0,0.0,0.0,0,-107875648.0,77,0.0,154,0.0,-101056864.0,ERR,ERR,ERR,ERR,ERR,ERR,ERR,ERR,ERR,ERR,ERR,ERR,ERR,ERR,ERR,ERR,ERR,ERR,ERR,ERR,ERR,ERR,ERR,ERR,ERR,ERR,ERR,ERR,ERR,ERR,ERR,ERR,ERR,ERR,ERR,ERR,ERR,ERR,ERR,ERR,ERR,ERR,ERR,ERR,ERR,ERR,ERR,ERR,ERR,ERR,ERR,ERR,ERR,ERR,ERR,ERR,ERR,ERR,ERR,ERR,ERR,ERR,ERR,ERR,ERR,ERR,ERR,34.0,80.0,35,0.0,0.0,0.0,0.0,0.0,0.0,0.0,0.0,0.0,0.0,0.0,0.0,0.0,0.0,0.0,0.0,66.0,0,119,58,53,65476,0,300,0,0,8,20529,65476,0,0,57672,80.0,0.0,0.0,0.0,0.0,0.0
2026-06-18T02:50:23,ERR,ERR,ERR,ERR,ERR,ERR,ERR,ERR,ERR,ERR,ERR,ERR,ERR,ERR,ERR,ERR,ERR,ERR,ERR,ERR,ERR,ERR,ERR,ERR,ERR,ERR,ERR,ERR,ERR,ERR,ERR,ERR,ERR,ERR,ERR,ERR,ERR,ERR,ERR,ERR,ERR,ERR,ERR,ERR,ERR,ERR,ERR,ERR,ERR,ERR,ERR,ERR,ERR,ERR,ERR,ERR,ERR,ERR,ERR,ERR,ERR,ERR,ERR,ERR,ERR,ERR,ERR,ERR,ERR,ERR,ERR,ERR,ERR,ERR,ERR,ERR,ERR,ERR,ERR,ERR,ERR,ERR,ERR,ERR,ERR,ERR,ERR,ERR,ERR,ERR,ERR,ERR,ERR,ERR,ERR,ERR,ERR,ERR,ERR,ERR,ERR,ERR,ERR,ERR,ERR,ERR,ERR,ERR,ERR,ERR,ERR,ERR,ERR,ERR,ERR,ERR,ERR,ERR,ERR,ERR,ERR,ERR,ERR,ERR,ERR,0.0,-107615384.0,0.0,-0.0,-1.584,1.3936040501711995e+18,7.805,8.60689115769574e+30,0,0,4,48965,6720,14723890282496.0,100,0.0,0.0,0.0,0.0,0.0,0,0,0,0,0.0,0,0,0,0,0,0,0,0,0,0,0,0,0,0,0,0,0,0,0,0,0,0,0,0,0,0,0,0,0,0,0,0,0,26,51,50,76,65476,0,300,0,0,8,21553,0.0,-107605600.0,0.0,0.0,0.0,0.0,0.0,0.0,0.0,0.0,0.0,0.0,0.0,0.0,0.0,0.0,0.0,0.0,0.0,0.0,0.0,0.0,-0.0,-2.004,-0.0,2.004,0.0,0.0,0.0,0.0,4821.0,-0.0,7253.0,0.0,-107615384.0,2.7184303811560617e+23,2.718431101732002e+23,0.0,0.0,0.0,0.0,77,-89221.117,-152017146216448.0,0.0,0.0,0.0,0.0,0.0,0.0,0.0,0,0,0,0.0,0.0,0.0,0.0,0.0,0.0,0.0,0.0,0.0,0.0,0.0,0.0,0.0,0.0,0.0,0.0,0,-107875648.0,77,0.0,154,0.0,-101056864.0,ERR,ERR,ERR,ERR,ERR,ERR,ERR,ERR,ERR,ERR,ERR,ERR,ERR,ERR,ERR,ERR,ERR,ERR,ERR,ERR,ERR,ERR,ERR,ERR,ERR,ERR,ERR,ERR,ERR,ERR,ERR,ERR,ERR,ERR,ERR,ERR,ERR,ERR,ERR,ERR,ERR,ERR,ERR,ERR,ERR,ERR,ERR,ERR,ERR,ERR,ERR,ERR,ERR,ERR,ERR,ERR,ERR,ERR,ERR,ERR,ERR,ERR,ERR,ERR,ERR,ERR,ERR,34.0,80.0,35,0.0,0.0,0.0,0.0,0.0,0.0,0.0,0.0,0.0,0.0,0.0,0.0,0.0,0.0,0.0,0.0,66.0,0,119,58,53,65476,0,300,0,0,8,20529,65476,0,0,57672,80.0,0.0,0.0,0.0,0.0,0.0
2026-06-18T02:50:24,ERR,ERR,ERR,ERR,ERR,ERR,ERR,ERR,ERR,ERR,ERR,ERR,ERR,ERR,ERR,ERR,ERR,ERR,ERR,ERR,ERR,ERR,ERR,ERR,ERR,ERR,ERR,ERR,ERR,ERR,ERR,ERR,ERR,ERR,ERR,ERR,ERR,ERR,ERR,ERR,ERR,ERR,ERR,ERR,ERR,ERR,ERR,ERR,ERR,ERR,ERR,ERR,ERR,ERR,ERR,ERR,ERR,ERR,ERR,ERR,ERR,ERR,ERR,ERR,ERR,ERR,ERR,ERR,ERR,ERR,ERR,ERR,ERR,ERR,ERR,ERR,ERR,ERR,ERR,ERR,ERR,ERR,ERR,ERR,ERR,ERR,ERR,ERR,ERR,ERR,ERR,ERR,ERR,ERR,ERR,ERR,ERR,ERR,ERR,ERR,ERR,ERR,ERR,ERR,ERR,ERR,ERR,ERR,ERR,ERR,ERR,ERR,ERR,ERR,ERR,ERR,ERR,ERR,ERR,ERR,ERR,ERR,ERR,ERR,ERR,0.0,-107615384.0,0.0,2.718290229135658e+23,-1.592,1.3936040501711995e+18,7.805,-0.0,0,0,4,48959,6720,14723890282496.0,100,0.0,0.0,0.0,0.0,0.0,0,0,0,0,0.0,0,0,0,0,0,0,0,0,0,0,0,0,0,0,0,0,0,0,0,0,0,0,0,0,0,0,0,0,0,0,0,0,0,26,51,50,76,65476,0,300,0,0,8,21553,0.0,-107605600.0,0.0,0.0,0.0,0.0,0.0,0.0,0.0,0.0,0.0,0.0,0.0,0.0,0.0,0.0,0.0,0.0,0.0,0.0,0.0,0.0,-0.0,-2.004,-0.0,-0.0,0.0,0.0,0.0,0.0,4822.0,-0.0,7250.0,0.0,-107615384.0,2.7184303811560617e+23,2.718431101732002e+23,0.0,0.0,0.0,0.0,77,-107615352.0,-0.0,0.0,0.0,0.0,0.0,0.0,0.0,0.0,0,0,0,0.0,0.0,0.0,0.0,0.0,0.0,0.0,0.0,0.0,0.0,0.0,0.0,0.0,0.0,0.0,0.0,0,-107875648.0,77,0.0,154,0.0,-101056864.0,ERR,ERR,ERR,ERR,ERR,ERR,ERR,ERR,ERR,ERR,ERR,ERR,ERR,ERR,ERR,ERR,ERR,ERR,ERR,ERR,ERR,ERR,ERR,ERR,ERR,ERR,ERR,ERR,ERR,ERR,ERR,ERR,ERR,ERR,ERR,ERR,ERR,ERR,ERR,ERR,ERR,ERR,ERR,ERR,ERR,ERR,ERR,ERR,ERR,ERR,ERR,ERR,ERR,ERR,ERR,ERR,ERR,ERR,ERR,ERR,ERR,ERR,ERR,ERR,ERR,ERR,ERR,34.0,80.0,35,0.0,0.0,0.0,0.0,0.0,0.0,0.0,0.0,0.0,0.0,0.0,0.0,0.0,0.0,0.0,0.0,65.6,0,119,58,53,65476,0,300,0,0,8,20529,65476,0,0,57672,80.0,0.0,0.0,0.0,0.0,0.0
2026-06-18T02:50:25,ERR,ERR,ERR,ERR,ERR,ERR,ERR,ERR,ERR,ERR,ERR,ERR,ERR,ERR,ERR,ERR,ERR,ERR,ERR,ERR,ERR,ERR,ERR,ERR,ERR,ERR,ERR,ERR,ERR,ERR,ERR,ERR,ERR,ERR,ERR,ERR,ERR,ERR,ERR,ERR,ERR,ERR,ERR,ERR,ERR,ERR,ERR,ERR,ERR,ERR,ERR,ERR,ERR,ERR,ERR,ERR,ERR,ERR,ERR,ERR,ERR,ERR,ERR,ERR,ERR,ERR,ERR,ERR,ERR,ERR,ERR,ERR,ERR,ERR,ERR,ERR,ERR,ERR,ERR,ERR,ERR,ERR,ERR,ERR,ERR,ERR,ERR,ERR,ERR,ERR,ERR,ERR,ERR,ERR,ERR,ERR,ERR,ERR,ERR,ERR,ERR,ERR,ERR,ERR,ERR,ERR,ERR,ERR,ERR,ERR,ERR,ERR,ERR,ERR,ERR,ERR,ERR,ERR,ERR,ERR,ERR,ERR,ERR,ERR,ERR,0.0,-107615384.0,0.0,2.718290229135658e+23,-1.592,1.3936040501711995e+18,7.805,-0.0,0,0,4,48959,6720,14723890282496.0,100,0.0,0.0,0.0,0.0,0.0,0,0,0,0,0.0,0,0,0,0,0,0,0,0,0,0,0,0,0,0,0,0,0,0,0,0,0,0,0,0,0,0,0,0,0,0,0,0,0,26,51,50,76,65476,0,300,0,0,8,21553,0.0,-107605600.0,0.0,0.0,0.0,0.0,0.0,0.0,0.0,0.0,0.0,0.0,0.0,0.0,0.0,0.0,0.0,0.0,0.0,0.0,0.0,0.0,-0.0,-2.004,-0.0,-0.0,0.0,0.0,0.0,0.0,4822.0,-0.0,7250.0,0.0,-107615384.0,2.7184303811560617e+23,2.718431101732002e+23,0.0,0.0,0.0,0.0,77,-107615352.0,-0.0,0.0,0.0,0.0,0.0,0.0,0.0,0.0,0,0,0,0.0,0.0,0.0,0.0,0.0,0.0,0.0,0.0,0.0,0.0,0.0,0.0,0.0,0.0,0.0,0.0,0,-107875648.0,77,0.0,154,0.0,-101056864.0,ERR,ERR,ERR,ERR,ERR,ERR,ERR,ERR,ERR,ERR,ERR,ERR,ERR,ERR,ERR,ERR,ERR,ERR,ERR,ERR,ERR,ERR,ERR,ERR,ERR,ERR,ERR,ERR,ERR,ERR,ERR,ERR,ERR,ERR,ERR,ERR,ERR,ERR,ERR,ERR,ERR,ERR,ERR,ERR,ERR,ERR,ERR,ERR,ERR,ERR,ERR,ERR,ERR,ERR,ERR,ERR,ERR,ERR,ERR,ERR,ERR,ERR,ERR,ERR,ERR,ERR,ERR,34.0,80.0,35,0.0,0.0,0.0,0.0,0.0,0.0,0.0,0.0,0.0,0.0,0.0,0.0,0.0,0.0,0.0,0.0,65.6,0,119,58,53,65476,0,300,0,0,8,20529,65476,0,0,57672,80.0,0.0,0.0,0.0,0.0,0.0
2026-06-18T02:50:26,ERR,ERR,ERR,ERR,ERR,ERR,ERR,ERR,ERR,ERR,ERR,ERR,ERR,ERR,ERR,ERR,ERR,ERR,ERR,ERR,ERR,ERR,ERR,ERR,ERR,ERR,ERR,ERR,ERR,ERR,ERR,ERR,ERR,ERR,ERR,ERR,ERR,ERR,ERR,ERR,ERR,ERR,ERR,ERR,ERR,ERR,ERR,ERR,ERR,ERR,ERR,ERR,ERR,ERR,ERR,ERR,ERR,ERR,ERR,ERR,ERR,ERR,ERR,ERR,ERR,ERR,ERR,ERR,ERR,ERR,ERR,ERR,ERR,ERR,ERR,ERR,ERR,ERR,ERR,ERR,ERR,ERR,ERR,ERR,ERR,ERR,ERR,ERR,ERR,ERR,ERR,ERR,ERR,ERR,ERR,ERR,ERR,ERR,ERR,ERR,ERR,ERR,ERR,ERR,ERR,ERR,ERR,ERR,ERR,ERR,ERR,ERR,ERR,ERR,ERR,ERR,ERR,ERR,ERR,ERR,ERR,ERR,ERR,ERR,ERR,0.0,-107615384.0,0.0,2.718290229135658e+23,-1.592,1.3936040501711995e+18,7.805,-0.0,0,0,4,48959,6720,14723890282496.0,100,0.0,0.0,0.0,0.0,0.0,0,0,0,0,0.0,0,0,0,0,0,0,0,0,0,0,0,0,0,0,0,0,0,0,0,0,0,0,0,0,0,0,0,0,0,0,0,0,0,26,51,50,76,65476,0,300,0,0,8,21553,0.0,-107605600.0,0.0,0.0,0.0,0.0,0.0,0.0,0.0,0.0,0.0,0.0,0.0,0.0,0.0,0.0,0.0,0.0,0.0,0.0,0.0,0.0,-0.0,-2.004,-0.0,-0.0,0.0,0.0,0.0,0.0,4822.0,-0.0,7250.0,0.0,-107615384.0,2.7184303811560617e+23,2.718431101732002e+23,0.0,0.0,0.0,0.0,77,-107615352.0,-0.0,0.0,0.0,0.0,0.0,0.0,0.0,0.0,0,0,0,0.0,0.0,0.0,0.0,0.0,0.0,0.0,0.0,0.0,0.0,0.0,0.0,0.0,0.0,0.0,0.0,0,-107875648.0,77,0.0,154,0.0,-101056864.0,ERR,ERR,ERR,ERR,ERR,ERR,ERR,ERR,ERR,ERR,ERR,ERR,ERR,ERR,ERR,ERR,ERR,ERR,ERR,ERR,ERR,ERR,ERR,ERR,ERR,ERR,ERR,ERR,ERR,ERR,ERR,ERR,ERR,ERR,ERR,ERR,ERR,ERR,ERR,ERR,ERR,ERR,ERR,ERR,ERR,ERR,ERR,ERR,ERR,ERR,ERR,ERR,ERR,ERR,ERR,ERR,ERR,ERR,ERR,ERR,ERR,ERR,ERR,ERR,ERR,ERR,ERR,34.0,80.0,35,0.0,0.0,0.0,0.0,0.0,0.0,0.0,0.0,0.0,0.0,0.0,0.0,0.0,0.0,0.0,0.0,65.6,0,119,58,53,65476,0,300,0,0,8,20529,65476,0,0,57672,80.0,0.0,0.0,0.0,0.0,0.0
2026-06-18T02:50:27,ERR,ERR,ERR,ERR,ERR,ERR,ERR,ERR,ERR,ERR,ERR,ERR,ERR,ERR,ERR,ERR,ERR,ERR,ERR,ERR,ERR,ERR,ERR,ERR,ERR,ERR,ERR,ERR,ERR,ERR,ERR,ERR,ERR,ERR,ERR,ERR,ERR,ERR,ERR,ERR,ERR,ERR,ERR,ERR,ERR,ERR,ERR,ERR,ERR,ERR,ERR,ERR,ERR,ERR,ERR,ERR,ERR,ERR,ERR,ERR,ERR,ERR,ERR,ERR,ERR,ERR,ERR,ERR,ERR,ERR,ERR,ERR,ERR,ERR,ERR,ERR,ERR,ERR,ERR,ERR,ERR,ERR,ERR,ERR,ERR,ERR,ERR,ERR,ERR,ERR,ERR,ERR,ERR,ERR,ERR,ERR,ERR,ERR,ERR,ERR,ERR,ERR,ERR,ERR,ERR,ERR,ERR,ERR,ERR,ERR,ERR,ERR,ERR,ERR,ERR,ERR,ERR,ERR,ERR,ERR,ERR,ERR,ERR,ERR,ERR,0.0,-107615384.0,0.0,2.718290229135658e+23,-1.592,1.3936040501711995e+18,7.805,-0.0,0,0,4,48959,6720,14723890282496.0,100,0.0,0.0,0.0,0.0,0.0,0,0,0,0,0.0,0,0,0,0,0,0,0,0,0,0,0,0,0,0,0,0,0,0,0,0,0,0,0,0,0,0,0,0,0,0,0,0,0,26,51,50,76,65476,0,300,0,0,8,21553,0.0,-107605600.0,0.0,0.0,0.0,0.0,0.0,0.0,0.0,0.0,0.0,0.0,0.0,0.0,0.0,0.0,0.0,0.0,0.0,0.0,0.0,0.0,-0.0,-2.004,-0.0,-0.0,0.0,0.0,0.0,0.0,4822.0,-0.0,7250.0,0.0,-107615384.0,2.7184303811560617e+23,2.718431101732002e+23,0.0,0.0,0.0,0.0,77,-107615352.0,-0.0,0.0,0.0,0.0,0.0,0.0,0.0,0.0,0,0,0,0.0,0.0,0.0,0.0,0.0,0.0,0.0,0.0,0.0,0.0,0.0,0.0,0.0,0.0,0.0,0.0,0,-107875648.0,77,0.0,154,0.0,-101056864.0,ERR,ERR,ERR,ERR,ERR,ERR,ERR,ERR,ERR,ERR,ERR,ERR,ERR,ERR,ERR,ERR,ERR,ERR,ERR,ERR,ERR,ERR,ERR,ERR,ERR,ERR,ERR,ERR,ERR,ERR,ERR,ERR,ERR,ERR,ERR,ERR,ERR,ERR,ERR,ERR,ERR,ERR,ERR,ERR,ERR,ERR,ERR,ERR,ERR,ERR,ERR,ERR,ERR,ERR,ERR,ERR,ERR,ERR,ERR,ERR,ERR,ERR,ERR,ERR,ERR,ERR,ERR,34.0,80.0,35,0.0,0.0,0.0,0.0,0.0,0.0,0.0,0.0,0.0,0.0,0.0,0.0,0.0,0.0,0.0,0.0,65.6,0,119,58,53,65476,0,300,0,0,8,20529,65476,0,0,57672,80.0,0.0,0.0,0.0,0.0,0.0
2026-06-18T02:50:28,ERR,ERR,ERR,ERR,ERR,ERR,ERR,ERR,ERR,ERR,ERR,ERR,ERR,ERR,ERR,ERR,ERR,ERR,ERR,ERR,ERR,ERR,ERR,ERR,ERR,ERR,ERR,ERR,ERR,ERR,ERR,ERR,ERR,ERR,ERR,ERR,ERR,ERR,ERR,ERR,ERR,ERR,ERR,ERR,ERR,ERR,ERR,ERR,ERR,ERR,ERR,ERR,ERR,ERR,ERR,ERR,ERR,ERR,ERR,ERR,ERR,ERR,ERR,ERR,ERR,ERR,ERR,ERR,ERR,ERR,ERR,ERR,ERR,ERR,ERR,ERR,ERR,ERR,ERR,ERR,ERR,ERR,ERR,ERR,ERR,ERR,ERR,ERR,ERR,ERR,ERR,ERR,ERR,ERR,ERR,ERR,ERR,ERR,ERR,ERR,ERR,ERR,ERR,ERR,ERR,ERR,ERR,ERR,ERR,ERR,ERR,ERR,ERR,ERR,ERR,ERR,ERR,ERR,ERR,ERR,ERR,ERR,ERR,ERR,ERR,0.0,-107615384.0,0.0,2.718290229135658e+23,-1.592,1.3936040501711995e+18,7.805,-0.0,0,0,4,48959,6720,14723890282496.0,100,0.0,0.0,0.0,0.0,0.0,0,0,0,0,0.0,0,0,0,0,0,0,0,0,0,0,0,0,0,0,0,0,0,0,0,0,0,0,0,0,0,0,0,0,0,0,0,0,0,26,51,50,76,65476,0,300,0,0,8,21553,0.0,-107605600.0,0.0,0.0,0.0,0.0,0.0,0.0,0.0,0.0,0.0,0.0,0.0,0.0,0.0,0.0,0.0,0.0,0.0,0.0,0.0,0.0,-0.0,-2.004,-0.0,-0.0,0.0,0.0,0.0,0.0,4822.0,-0.0,7250.0,0.0,-107615384.0,2.7184303811560617e+23,2.718431101732002e+23,0.0,0.0,0.0,0.0,77,-107615352.0,-0.0,0.0,0.0,0.0,0.0,0.0,0.0,0.0,0,0,0,0.0,0.0,0.0,0.0,0.0,0.0,0.0,0.0,0.0,0.0,0.0,0.0,0.0,0.0,0.0,0.0,0,-107875648.0,77,0.0,154,0.0,-101056864.0,ERR,ERR,ERR,ERR,ERR,ERR,ERR,ERR,ERR,ERR,ERR,ERR,ERR,ERR,ERR,ERR,ERR,ERR,ERR,ERR,ERR,ERR,ERR,ERR,ERR,ERR,ERR,ERR,ERR,ERR,ERR,ERR,ERR,ERR,ERR,ERR,ERR,ERR,ERR,ERR,ERR,ERR,ERR,ERR,ERR,ERR,ERR,ERR,ERR,ERR,ERR,ERR,ERR,ERR,ERR,ERR,ERR,ERR,ERR,ERR,ERR,ERR,ERR,ERR,ERR,ERR,ERR,34.0,80.0,35,0.0,0.0,0.0,0.0,0.0,0.0,0.0,0.0,0.0,0.0,0.0,0.0,0.0,0.0,0.0,0.0,66.4,0,119,58,53,65476,0,300,0,0,8,20529,65476,0,0,57672,80.0,0.0,0.0,0.0,0.0,0.0
2026-06-18T02:50:29,ERR,ERR,ERR,ERR,ERR,ERR,ERR,ERR,ERR,ERR,ERR,ERR,ERR,ERR,ERR,ERR,ERR,ERR,ERR,ERR,ERR,ERR,ERR,ERR,ERR,ERR,ERR,ERR,ERR,ERR,ERR,ERR,ERR,ERR,ERR,ERR,ERR,ERR,ERR,ERR,ERR,ERR,ERR,ERR,ERR,ERR,ERR,ERR,ERR,ERR,ERR,ERR,ERR,ERR,ERR,ERR,ERR,ERR,ERR,ERR,ERR,ERR,ERR,ERR,ERR,ERR,ERR,ERR,ERR,ERR,ERR,ERR,ERR,ERR,ERR,ERR,ERR,ERR,ERR,ERR,ERR,ERR,ERR,ERR,ERR,ERR,ERR,ERR,ERR,ERR,ERR,ERR,ERR,ERR,ERR,ERR,ERR,ERR,ERR,ERR,ERR,ERR,ERR,ERR,ERR,ERR,ERR,ERR,ERR,ERR,ERR,ERR,ERR,ERR,ERR,ERR,ERR,ERR,ERR,ERR,ERR,ERR,ERR,ERR,ERR,0.0,-107615384.0,0.0,2.718290229135658e+23,-1.592,1.3936040501711995e+18,7.805,-0.0,0,0,4,48959,6720,14723890282496.0,100,0.0,0.0,0.0,0.0,0.0,0,0,0,0,0.0,0,0,0,0,0,0,0,0,0,0,0,0,0,0,0,0,0,0,0,0,0,0,0,0,0,0,0,0,0,0,0,0,0,26,51,50,76,65476,0,300,0,0,8,21553,0.0,-107605600.0,0.0,0.0,0.0,0.0,0.0,0.0,0.0,0.0,0.0,0.0,0.0,0.0,0.0,0.0,0.0,0.0,0.0,0.0,0.0,0.0,-0.0,-2.004,-0.0,-0.0,0.0,0.0,0.0,0.0,4822.0,-0.0,7250.0,0.0,-107615384.0,2.7184303811560617e+23,2.718431101732002e+23,0.0,0.0,0.0,0.0,77,-107615352.0,-0.0,0.0,0.0,0.0,0.0,0.0,0.0,0.0,0,0,0,0.0,0.0,0.0,0.0,0.0,0.0,0.0,0.0,0.0,0.0,0.0,0.0,0.0,0.0,0.0,0.0,0,-107875648.0,77,0.0,154,0.0,-101056864.0,ERR,ERR,ERR,ERR,ERR,ERR,ERR,ERR,ERR,ERR,ERR,ERR,ERR,ERR,ERR,ERR,ERR,ERR,ERR,ERR,ERR,ERR,ERR,ERR,ERR,ERR,ERR,ERR,ERR,ERR,ERR,ERR,ERR,ERR,ERR,ERR,ERR,ERR,ERR,ERR,ERR,ERR,ERR,ERR,ERR,ERR,ERR,ERR,ERR,ERR,ERR,ERR,ERR,ERR,ERR,ERR,ERR,ERR,ERR,ERR,ERR,ERR,ERR,ERR,ERR,ERR,ERR,34.0,80.0,35,0.0,0.0,0.0,0.0,0.0,0.0,0.0,0.0,0.0,0.0,0.0,0.0,0.0,0.0,0.0,0.0,66.4,0,119,58,53,65476,0,300,0,0,8,20529,65476,0,0,57672,80.0,0.0,0.0,0.0,0.0,0.0
2026-06-18T02:50:30,ERR,ERR,ERR,ERR,ERR,ERR,ERR,ERR,ERR,ERR,ERR,ERR,ERR,ERR,ERR,ERR,ERR,ERR,ERR,ERR,ERR,ERR,ERR,ERR,ERR,ERR,ERR,ERR,ERR,ERR,ERR,ERR,ERR,ERR,ERR,ERR,ERR,ERR,ERR,ERR,ERR,ERR,ERR,ERR,ERR,ERR,ERR,ERR,ERR,ERR,ERR,ERR,ERR,ERR,ERR,ERR,ERR,ERR,ERR,ERR,ERR,ERR,ERR,ERR,ERR,ERR,ERR,ERR,ERR,ERR,ERR,ERR,ERR,ERR,ERR,ERR,ERR,ERR,ERR,ERR,ERR,ERR,ERR,ERR,ERR,ERR,ERR,ERR,ERR,ERR,ERR,ERR,ERR,ERR,ERR,ERR,ERR,ERR,ERR,ERR,ERR,ERR,ERR,ERR,ERR,ERR,ERR,ERR,ERR,ERR,ERR,ERR,ERR,ERR,ERR,ERR,ERR,ERR,ERR,ERR,ERR,ERR,ERR,ERR,ERR,0.0,-107615384.0,0.0,-0.0,nan,1.3936040501711995e+18,7.805,1.203397215123588e+25,0,0,4,48961,6720,14723890282496.0,100,0.0,0.0,0.0,0.059,0.0,0,0,0,0,0.0,0,0,0,0,0,0,0,0,0,0,0,0,0,0,0,0,0,0,0,0,0,0,0,0,0,0,0,0,0,0,0,0,0,26,51,50,76,65476,0,300,0,0,8,21553,0.0,-107605600.0,0.0,0.0,0.0,0.0,0.0,0.0,0.0,0.0,0.0,0.0,0.0,0.0,0.0,0.0,0.0,0.0,0.0,0.0,0.0,0.0,-0.0,-2.004,-0.0,-0.0,0.0,0.0,0.0,0.0,4821.0,-0.0,7250.0,0.0,-107615384.0,2.7184303811560617e+23,2.718431101732002e+23,0.0,0.0,0.0,0.0,77,-89221.117,-71.629,0.0,0.0,0.0,0.0,0.0,0.0,0.0,0,0,0,0.0,0.0,0.0,0.0,0.0,0.0,0.0,0.0,0.0,0.0,0.0,0.0,0.0,0.0,0.0,0.0,0,-107875648.0,77,0.0,154,0.0,-101056864.0,ERR,ERR,ERR,ERR,ERR,ERR,ERR,ERR,ERR,ERR,ERR,ERR,ERR,ERR,ERR,ERR,ERR,ERR,ERR,ERR,ERR,ERR,ERR,ERR,ERR,ERR,ERR,ERR,ERR,ERR,ERR,ERR,ERR,ERR,ERR,ERR,ERR,ERR,ERR,ERR,ERR,ERR,ERR,ERR,ERR,ERR,ERR,ERR,ERR,ERR,ERR,ERR,ERR,ERR,ERR,ERR,ERR,ERR,ERR,ERR,ERR,ERR,ERR,ERR,ERR,ERR,ERR,34.0,80.0,35,0.0,0.0,0.0,0.0,0.0,0.0,0.0,0.0,0.0,0.0,0.0,0.0,0.0,0.0,0.0,0.0,66.4,0,119,58,53,65476,0,300,0,0,8,20529,65476,0,0,57672,80.0,0.0,0.0,0.0,0.0,0.0
2026-06-18T02:50:31,ERR,ERR,ERR,ERR,ERR,ERR,ERR,ERR,ERR,ERR,ERR,ERR,ERR,ERR,ERR,ERR,ERR,ERR,ERR,ERR,ERR,ERR,ERR,ERR,ERR,ERR,ERR,ERR,ERR,ERR,ERR,ERR,ERR,ERR,ERR,ERR,ERR,ERR,ERR,ERR,ERR,ERR,ERR,ERR,ERR,ERR,ERR,ERR,ERR,ERR,ERR,ERR,ERR,ERR,ERR,ERR,ERR,ERR,ERR,ERR,ERR,ERR,ERR,ERR,ERR,ERR,ERR,ERR,ERR,ERR,ERR,ERR,ERR,ERR,ERR,ERR,ERR,ERR,ERR,ERR,ERR,ERR,ERR,ERR,ERR,ERR,ERR,ERR,ERR,ERR,ERR,ERR,ERR,ERR,ERR,ERR,ERR,ERR,ERR,ERR,ERR,ERR,ERR,ERR,ERR,ERR,ERR,ERR,ERR,ERR,ERR,ERR,ERR,ERR,ERR,ERR,ERR,ERR,ERR,ERR,ERR,ERR,ERR,ERR,ERR,0.0,-107615384.0,0.0,-0.0,nan,1.3936040501711995e+18,7.805,1.203397215123588e+25,0,0,4,48961,6720,14723890282496.0,100,0.0,0.0,0.0,0.059,0.0,0,0,0,0,0.0,0,0,0,0,0,0,0,0,0,0,0,0,0,0,0,0,0,0,0,0,0,0,0,0,0,0,0,0,0,0,0,0,0,26,51,50,76,65476,0,300,0,0,8,21553,0.0,-107605600.0,0.0,0.0,0.0,0.0,0.0,0.0,0.0,0.0,0.0,0.0,0.0,0.0,0.0,0.0,0.0,0.0,0.0,0.0,0.0,0.0,-0.0,-2.004,-0.0,-0.0,0.0,0.0,0.0,0.0,4821.0,-0.0,7250.0,0.0,-107615384.0,2.7184303811560617e+23,2.718431101732002e+23,0.0,0.0,0.0,0.0,77,-89221.117,-71.629,0.0,0.0,0.0,0.0,0.0,0.0,0.0,0,0,0,0.0,0.0,0.0,0.0,0.0,0.0,0.0,0.0,0.0,0.0,0.0,0.0,0.0,0.0,0.0,0.0,0,-107875648.0,77,0.0,154,0.0,-101056864.0,ERR,ERR,ERR,ERR,ERR,ERR,ERR,ERR,ERR,ERR,ERR,ERR,ERR,ERR,ERR,ERR,ERR,ERR,ERR,ERR,ERR,ERR,ERR,ERR,ERR,ERR,ERR,ERR,ERR,ERR,ERR,ERR,ERR,ERR,ERR,ERR,ERR,ERR,ERR,ERR,ERR,ERR,ERR,ERR,ERR,ERR,ERR,ERR,ERR,ERR,ERR,ERR,ERR,ERR,ERR,ERR,ERR,ERR,ERR,ERR,ERR,ERR,ERR,ERR,ERR,ERR,ERR,34.0,80.0,35,0.0,0.0,0.0,0.0,0.0,0.0,0.0,0.0,0.0,0.0,0.0,0.0,0.0,0.0,0.0,0.0,65.6,0,119,58,53,65476,0,300,0,0,8,20529,65476,0,0,57672,80.0,0.0,0.0,0.0,0.0,0.0
2026-06-18T02:50:32,ERR,ERR,ERR,ERR,ERR,ERR,ERR,ERR,ERR,ERR,ERR,ERR,ERR,ERR,ERR,ERR,ERR,ERR,ERR,ERR,ERR,ERR,ERR,ERR,ERR,ERR,ERR,ERR,ERR,ERR,ERR,ERR,ERR,ERR,ERR,ERR,ERR,ERR,ERR,ERR,ERR,ERR,ERR,ERR,ERR,ERR,ERR,ERR,ERR,ERR,ERR,ERR,ERR,ERR,ERR,ERR,ERR,ERR,ERR,ERR,ERR,ERR,ERR,ERR,ERR,ERR,ERR,ERR,ERR,ERR,ERR,ERR,ERR,ERR,ERR,ERR,ERR,ERR,ERR,ERR,ERR,ERR,ERR,ERR,ERR,ERR,ERR,ERR,ERR,ERR,ERR,ERR,ERR,ERR,ERR,ERR,ERR,ERR,ERR,ERR,ERR,ERR,ERR,ERR,ERR,ERR,ERR,ERR,ERR,ERR,ERR,ERR,ERR,ERR,ERR,ERR,ERR,ERR,ERR,ERR,ERR,ERR,ERR,ERR,ERR,0.0,-107615384.0,0.0,-0.0,nan,1.3936040501711995e+18,7.805,1.203397215123588e+25,0,0,4,48961,6720,14723890282496.0,100,0.0,0.0,0.0,0.059,0.0,0,0,0,0,0.0,0,0,0,0,0,0,0,0,0,0,0,0,0,0,0,0,0,0,0,0,0,0,0,0,0,0,0,0,0,0,0,0,0,26,51,50,76,65476,0,300,0,0,8,21553,0.0,-107605600.0,0.0,0.0,0.0,0.0,0.0,0.0,0.0,0.0,0.0,0.0,0.0,0.0,0.0,0.0,0.0,0.0,0.0,0.0,0.0,0.0,-0.0,-2.004,-0.0,-0.0,0.0,0.0,0.0,0.0,4821.0,-0.0,7250.0,0.0,-107615384.0,2.7184303811560617e+23,2.718431101732002e+23,0.0,0.0,0.0,0.0,77,-89221.117,-71.629,0.0,0.0,0.0,0.0,0.0,0.0,0.0,0,0,0,0.0,0.0,0.0,0.0,0.0,0.0,0.0,0.0,0.0,0.0,0.0,0.0,0.0,0.0,0.0,0.0,0,-107875648.0,77,0.0,154,0.0,-101056864.0,ERR,ERR,ERR,ERR,ERR,ERR,ERR,ERR,ERR,ERR,ERR,ERR,ERR,ERR,ERR,ERR,ERR,ERR,ERR,ERR,ERR,ERR,ERR,ERR,ERR,ERR,ERR,ERR,ERR,ERR,ERR,ERR,ERR,ERR,ERR,ERR,ERR,ERR,ERR,ERR,ERR,ERR,ERR,ERR,ERR,ERR,ERR,ERR,ERR,ERR,ERR,ERR,ERR,ERR,ERR,ERR,ERR,ERR,ERR,ERR,ERR,ERR,ERR,ERR,ERR,ERR,ERR,34.0,80.0,35,0.0,0.0,0.0,0.0,0.0,0.0,0.0,0.0,0.0,0.0,0.0,0.0,0.0,0.0,0.0,0.0,65.6,0,119,58,53,65476,0,300,0,0,8,20529,65476,0,0,57672,80.0,0.0,0.0,0.0,0.0,0.0
2026-06-18T02:50:33,ERR,ERR,ERR,ERR,ERR,ERR,ERR,ERR,ERR,ERR,ERR,ERR,ERR,ERR,ERR,ERR,ERR,ERR,ERR,ERR,ERR,ERR,ERR,ERR,ERR,ERR,ERR,ERR,ERR,ERR,ERR,ERR,ERR,ERR,ERR,ERR,ERR,ERR,ERR,ERR,ERR,ERR,ERR,ERR,ERR,ERR,ERR,ERR,ERR,ERR,ERR,ERR,ERR,ERR,ERR,ERR,ERR,ERR,ERR,ERR,ERR,ERR,ERR,ERR,ERR,ERR,ERR,ERR,ERR,ERR,ERR,ERR,ERR,ERR,ERR,ERR,ERR,ERR,ERR,ERR,ERR,ERR,ERR,ERR,ERR,ERR,ERR,ERR,ERR,ERR,ERR,ERR,ERR,ERR,ERR,ERR,ERR,ERR,ERR,ERR,ERR,ERR,ERR,ERR,ERR,ERR,ERR,ERR,ERR,ERR,ERR,ERR,ERR,ERR,ERR,ERR,ERR,ERR,ERR,ERR,ERR,ERR,ERR,ERR,ERR,0.0,-107615384.0,0.0,-0.0,nan,1.3936040501711995e+18,7.805,1.203397215123588e+25,0,0,4,48961,6720,14723890282496.0,100,0.0,0.0,0.0,0.059,0.0,0,0,0,0,0.0,0,0,0,0,0,0,0,0,0,0,0,0,0,0,0,0,0,0,0,0,0,0,0,0,0,0,0,0,0,0,0,0,0,26,51,50,76,65476,0,300,0,0,8,21553,0.0,-107605600.0,0.0,0.0,0.0,0.0,0.0,0.0,0.0,0.0,0.0,0.0,0.0,0.0,0.0,0.0,0.0,0.0,0.0,0.0,0.0,0.0,-0.0,-2.004,-0.0,-0.0,0.0,0.0,0.0,0.0,4821.0,-0.0,7250.0,0.0,-107615384.0,2.7184303811560617e+23,2.718431101732002e+23,0.0,0.0,0.0,0.0,77,-89221.117,-71.629,0.0,0.0,0.0,0.0,0.0,0.0,0.0,0,0,0,0.0,0.0,0.0,0.0,0.0,0.0,0.0,0.0,0.0,0.0,0.0,0.0,0.0,0.0,0.0,0.0,0,-107875648.0,77,0.0,154,0.0,-101056864.0,ERR,ERR,ERR,ERR,ERR,ERR,ERR,ERR,ERR,ERR,ERR,ERR,ERR,ERR,ERR,ERR,ERR,ERR,ERR,ERR,ERR,ERR,ERR,ERR,ERR,ERR,ERR,ERR,ERR,ERR,ERR,ERR,ERR,ERR,ERR,ERR,ERR,ERR,ERR,ERR,ERR,ERR,ERR,ERR,ERR,ERR,ERR,ERR,ERR,ERR,ERR,ERR,ERR,ERR,ERR,ERR,ERR,ERR,ERR,ERR,ERR,ERR,ERR,ERR,ERR,ERR,ERR,34.0,80.0,35,0.0,0.0,0.0,0.0,0.0,0.0,0.0,0.0,0.0,0.0,0.0,0.0,0.0,0.0,0.0,0.0,65.6,0,119,58,53,65476,0,300,0,0,8,20529,65476,0,0,57672,80.0,0.0,0.0,0.0,0.0,0.0
2026-06-18T02:50:34,ERR,ERR,ERR,ERR,ERR,ERR,ERR,ERR,ERR,ERR,ERR,ERR,ERR,ERR,ERR,ERR,ERR,ERR,ERR,ERR,ERR,ERR,ERR,ERR,ERR,ERR,ERR,ERR,ERR,ERR,ERR,ERR,ERR,ERR,ERR,ERR,ERR,ERR,ERR,ERR,ERR,ERR,ERR,ERR,ERR,ERR,ERR,ERR,ERR,ERR,ERR,ERR,ERR,ERR,ERR,ERR,ERR,ERR,ERR,ERR,ERR,ERR,ERR,ERR,ERR,ERR,ERR,ERR,ERR,ERR,ERR,ERR,ERR,ERR,ERR,ERR,ERR,ERR,ERR,ERR,ERR,ERR,ERR,ERR,ERR,ERR,ERR,ERR,ERR,ERR,ERR,ERR,ERR,ERR,ERR,ERR,ERR,ERR,ERR,ERR,ERR,ERR,ERR,ERR,ERR,ERR,ERR,ERR,ERR,ERR,ERR,ERR,ERR,ERR,ERR,ERR,ERR,ERR,ERR,ERR,ERR,ERR,ERR,ERR,ERR,0.0,-107615384.0,0.0,-0.0,nan,1.3936040501711995e+18,7.805,1.203397215123588e+25,0,0,4,48961,6720,14723890282496.0,100,0.0,0.0,0.0,0.059,0.0,0,0,0,0,0.0,0,0,0,0,0,0,0,0,0,0,0,0,0,0,0,0,0,0,0,0,0,0,0,0,0,0,0,0,0,0,0,0,0,26,51,50,76,65476,0,300,0,0,8,21553,0.0,-107605600.0,0.0,0.0,0.0,0.0,0.0,0.0,0.0,0.0,0.0,0.0,0.0,0.0,0.0,0.0,0.0,0.0,0.0,0.0,0.0,0.0,-0.0,-2.004,-0.0,-0.0,0.0,0.0,0.0,0.0,4821.0,-0.0,7250.0,0.0,-107615384.0,2.7184303811560617e+23,2.718431101732002e+23,0.0,0.0,0.0,0.0,77,-89221.117,-71.629,0.0,0.0,0.0,0.0,0.0,0.0,0.0,0,0,0,0.0,0.0,0.0,0.0,0.0,0.0,0.0,0.0,0.0,0.0,0.0,0.0,0.0,0.0,0.0,0.0,0,-107875648.0,77,0.0,154,0.0,-101056864.0,ERR,ERR,ERR,ERR,ERR,ERR,ERR,ERR,ERR,ERR,ERR,ERR,ERR,ERR,ERR,ERR,ERR,ERR,ERR,ERR,ERR,ERR,ERR,ERR,ERR,ERR,ERR,ERR,ERR,ERR,ERR,ERR,ERR,ERR,ERR,ERR,ERR,ERR,ERR,ERR,ERR,ERR,ERR,ERR,ERR,ERR,ERR,ERR,ERR,ERR,ERR,ERR,ERR,ERR,ERR,ERR,ERR,ERR,ERR,ERR,ERR,ERR,ERR,ERR,ERR,ERR,ERR,34.0,80.0,35,0.0,0.0,0.0,0.0,0.0,0.0,0.0,0.0,0.0,0.0,0.0,0.0,0.0,0.0,0.0,0.0,65.6,0,119,58,53,65476,0,300,0,0,8,20529,65476,0,0,57672,80.0,0.0,0.0,0.0,0.0,0.0
2026-06-18T02:50:35,ERR,ERR,ERR,ERR,ERR,ERR,ERR,ERR,ERR,ERR,ERR,ERR,ERR,ERR,ERR,ERR,ERR,ERR,ERR,ERR,ERR,ERR,ERR,ERR,ERR,ERR,ERR,ERR,ERR,ERR,ERR,ERR,ERR,ERR,ERR,ERR,ERR,ERR,ERR,ERR,ERR,ERR,ERR,ERR,ERR,ERR,ERR,ERR,ERR,ERR,ERR,ERR,ERR,ERR,ERR,ERR,ERR,ERR,ERR,ERR,ERR,ERR,ERR,ERR,ERR,ERR,ERR,ERR,ERR,ERR,ERR,ERR,ERR,ERR,ERR,ERR,ERR,ERR,ERR,ERR,ERR,ERR,ERR,ERR,ERR,ERR,ERR,ERR,ERR,ERR,ERR,ERR,ERR,ERR,ERR,ERR,ERR,ERR,ERR,ERR,ERR,ERR,ERR,ERR,ERR,ERR,ERR,ERR,ERR,ERR,ERR,ERR,ERR,ERR,ERR,ERR,ERR,ERR,ERR,ERR,ERR,ERR,ERR,ERR,ERR,0.0,-107615384.0,0.0,-4.9501291711397626e+32,1.592,1.3936040501711995e+18,7.805,0.0,0,0,4,48966,6720,14723890282496.0,100,0.0,0.0,0.0,-4.9501291711397626e+32,0.0,0,0,0,0,0.0,0,0,0,0,0,0,0,0,0,0,0,0,0,0,0,0,0,0,0,0,0,0,0,0,0,0,0,0,0,0,0,0,0,26,51,50,76,65476,0,300,0,0,8,21553,0.0,-107605600.0,0.0,0.0,0.0,0.0,0.0,0.0,0.0,0.0,0.0,0.0,0.0,0.0,0.0,0.0,0.0,0.0,0.0,0.0,0.0,0.0,-0.0,-2.004,-0.0,-0.0,0.0,0.0,0.0,0.0,4822.0,-0.0,7251.0,0.0,-107615384.0,2.7184303811560617e+23,2.718431101732002e+23,0.0,0.0,0.0,0.0,77,-126841118720.0,-107614720.0,0.0,0.0,0.0,0.0,0.0,0.0,0.0,0,0,0,0.0,0.0,0.0,0.0,0.0,0.0,0.0,0.0,0.0,0.0,0.0,0.0,0.0,0.0,0.0,0.0,0,-107875648.0,77,0.0,154,0.0,-101056864.0,ERR,ERR,ERR,ERR,ERR,ERR,ERR,ERR,ERR,ERR,ERR,ERR,ERR,ERR,ERR,ERR,ERR,ERR,ERR,ERR,ERR,ERR,ERR,ERR,ERR,ERR,ERR,ERR,ERR,ERR,ERR,ERR,ERR,ERR,ERR,ERR,ERR,ERR,ERR,ERR,ERR,ERR,ERR,ERR,ERR,ERR,ERR,ERR,ERR,ERR,ERR,ERR,ERR,ERR,ERR,ERR,ERR,ERR,ERR,ERR,ERR,ERR,ERR,ERR,ERR,ERR,ERR,34.0,80.0,35,0.0,0.0,0.0,0.0,0.0,0.0,0.0,0.0,0.0,0.0,0.0,0.0,0.0,0.0,0.0,0.0,65.6,0,119,58,53,65476,0,300,0,0,8,20529,65476,0,0,57672,80.0,0.0,0.0,0.0,0.0,0.0
2026-06-18T02:50:36,ERR,ERR,ERR,ERR,ERR,ERR,ERR,ERR,ERR,ERR,ERR,ERR,ERR,ERR,ERR,ERR,ERR,ERR,ERR,ERR,ERR,ERR,ERR,ERR,ERR,ERR,ERR,ERR,ERR,ERR,ERR,ERR,ERR,ERR,ERR,ERR,ERR,ERR,ERR,ERR,ERR,ERR,ERR,ERR,ERR,ERR,ERR,ERR,ERR,ERR,ERR,ERR,ERR,ERR,ERR,ERR,ERR,ERR,ERR,ERR,ERR,ERR,ERR,ERR,ERR,ERR,ERR,ERR,ERR,ERR,ERR,ERR,ERR,ERR,ERR,ERR,ERR,ERR,ERR,ERR,ERR,ERR,ERR,ERR,ERR,ERR,ERR,ERR,ERR,ERR,ERR,ERR,ERR,ERR,ERR,ERR,ERR,ERR,ERR,ERR,ERR,ERR,ERR,ERR,ERR,ERR,ERR,ERR,ERR,ERR,ERR,ERR,ERR,ERR,ERR,ERR,ERR,ERR,ERR,ERR,ERR,ERR,ERR,ERR,ERR,0.0,-107615384.0,0.0,-4.9501291711397626e+32,1.592,1.3936040501711995e+18,7.805,0.0,0,0,4,48966,6720,14723890282496.0,100,0.0,0.0,0.0,-4.9501291711397626e+32,0.0,0,0,0,0,0.0,0,0,0,0,0,0,0,0,0,0,0,0,0,0,0,0,0,0,0,0,0,0,0,0,0,0,0,0,0,0,0,0,0,26,51,50,76,65476,0,300,0,0,8,21553,0.0,-107605600.0,0.0,0.0,0.0,0.0,0.0,0.0,0.0,0.0,0.0,0.0,0.0,0.0,0.0,0.0,0.0,0.0,0.0,0.0,0.0,0.0,-0.0,-2.004,-0.0,-0.0,0.0,0.0,0.0,0.0,4822.0,-0.0,7251.0,0.0,-107615384.0,2.7184303811560617e+23,2.718431101732002e+23,0.0,0.0,0.0,0.0,77,-126841118720.0,-107614720.0,0.0,0.0,0.0,0.0,0.0,0.0,0.0,0,0,0,0.0,0.0,0.0,0.0,0.0,0.0,0.0,0.0,0.0,0.0,0.0,0.0,0.0,0.0,0.0,0.0,0,-107875648.0,77,0.0,154,0.0,-101056864.0,ERR,ERR,ERR,ERR,ERR,ERR,ERR,ERR,ERR,ERR,ERR,ERR,ERR,ERR,ERR,ERR,ERR,ERR,ERR,ERR,ERR,ERR,ERR,ERR,ERR,ERR,ERR,ERR,ERR,ERR,ERR,ERR,ERR,ERR,ERR,ERR,ERR,ERR,ERR,ERR,ERR,ERR,ERR,ERR,ERR,ERR,ERR,ERR,ERR,ERR,ERR,ERR,ERR,ERR,ERR,ERR,ERR,ERR,ERR,ERR,ERR,ERR,ERR,ERR,ERR,ERR,ERR,34.0,80.0,35,0.0,0.0,0.0,0.0,0.0,0.0,0.0,0.0,0.0,0.0,0.0,0.0,0.0,0.0,0.0,0.0,65.6,0,119,58,53,65476,0,300,0,0,8,20529,65476,0,0,57672,80.0,0.0,0.0,0.0,0.0,0.0
2026-06-18T02:50:37,ERR,ERR,ERR,ERR,ERR,ERR,ERR,ERR,ERR,ERR,ERR,ERR,ERR,ERR,ERR,ERR,ERR,ERR,ERR,ERR,ERR,ERR,ERR,ERR,ERR,ERR,ERR,ERR,ERR,ERR,ERR,ERR,ERR,ERR,ERR,ERR,ERR,ERR,ERR,ERR,ERR,ERR,ERR,ERR,ERR,ERR,ERR,ERR,ERR,ERR,ERR,ERR,ERR,ERR,ERR,ERR,ERR,ERR,ERR,ERR,ERR,ERR,ERR,ERR,ERR,ERR,ERR,ERR,ERR,ERR,ERR,ERR,ERR,ERR,ERR,ERR,ERR,ERR,ERR,ERR,ERR,ERR,ERR,ERR,ERR,ERR,ERR,ERR,ERR,ERR,ERR,ERR,ERR,ERR,ERR,ERR,ERR,ERR,ERR,ERR,ERR,ERR,ERR,ERR,ERR,ERR,ERR,ERR,ERR,ERR,ERR,ERR,ERR,ERR,ERR,ERR,ERR,ERR,ERR,ERR,ERR,ERR,ERR,ERR,ERR,0.0,-107615384.0,0.0,-4.9501291711397626e+32,1.592,1.3936040501711995e+18,7.805,0.0,0,0,4,48966,6720,14723890282496.0,100,0.0,0.0,0.0,-4.9501291711397626e+32,0.0,0,0,0,0,0.0,0,0,0,0,0,0,0,0,0,0,0,0,0,0,0,0,0,0,0,0,0,0,0,0,0,0,0,0,0,0,0,0,0,26,51,50,76,65476,0,300,0,0,8,21553,0.0,-107605600.0,0.0,0.0,0.0,0.0,0.0,0.0,0.0,0.0,0.0,0.0,0.0,0.0,0.0,0.0,0.0,0.0,0.0,0.0,0.0,0.0,-0.0,-2.004,-0.0,-0.0,0.0,0.0,0.0,0.0,4822.0,-0.0,7251.0,0.0,-107615384.0,2.7184303811560617e+23,2.718431101732002e+23,0.0,0.0,0.0,0.0,77,-126841118720.0,-107614720.0,0.0,0.0,0.0,0.0,0.0,0.0,0.0,0,0,0,0.0,0.0,0.0,0.0,0.0,0.0,0.0,0.0,0.0,0.0,0.0,0.0,0.0,0.0,0.0,0.0,0,-107875648.0,77,0.0,154,0.0,-101056864.0,ERR,ERR,ERR,ERR,ERR,ERR,ERR,ERR,ERR,ERR,ERR,ERR,ERR,ERR,ERR,ERR,ERR,ERR,ERR,ERR,ERR,ERR,ERR,ERR,ERR,ERR,ERR,ERR,ERR,ERR,ERR,ERR,ERR,ERR,ERR,ERR,ERR,ERR,ERR,ERR,ERR,ERR,ERR,ERR,ERR,ERR,ERR,ERR,ERR,ERR,ERR,ERR,ERR,ERR,ERR,ERR,ERR,ERR,ERR,ERR,ERR,ERR,ERR,ERR,ERR,ERR,ERR,34.0,80.0,35,0.0,0.0,0.0,0.0,0.0,0.0,0.0,0.0,0.0,0.0,0.0,0.0,0.0,0.0,0.0,0.0,65.6,0,119,58,53,65476,0,300,0,0,8,20529,65476,0,0,57672,80.0,0.0,0.0,0.0,0.0,0.0
2026-06-18T02:50:38,ERR,ERR,ERR,ERR,ERR,ERR,ERR,ERR,ERR,ERR,ERR,ERR,ERR,ERR,ERR,ERR,ERR,ERR,ERR,ERR,ERR,ERR,ERR,ERR,ERR,ERR,ERR,ERR,ERR,ERR,ERR,ERR,ERR,ERR,ERR,ERR,ERR,ERR,ERR,ERR,ERR,ERR,ERR,ERR,ERR,ERR,ERR,ERR,ERR,ERR,ERR,ERR,ERR,ERR,ERR,ERR,ERR,ERR,ERR,ERR,ERR,ERR,ERR,ERR,ERR,ERR,ERR,ERR,ERR,ERR,ERR,ERR,ERR,ERR,ERR,ERR,ERR,ERR,ERR,ERR,ERR,ERR,ERR,ERR,ERR,ERR,ERR,ERR,ERR,ERR,ERR,ERR,ERR,ERR,ERR,ERR,ERR,ERR,ERR,ERR,ERR,ERR,ERR,ERR,ERR,ERR,ERR,ERR,ERR,ERR,ERR,ERR,ERR,ERR,ERR,ERR,ERR,ERR,ERR,ERR,ERR,ERR,ERR,ERR,ERR,0.0,-107615384.0,0.0,-4.9501291711397626e+32,1.592,1.3936040501711995e+18,7.805,0.0,0,0,4,48966,6720,14723890282496.0,100,0.0,0.0,0.0,-4.9501291711397626e+32,0.0,0,0,0,0,0.0,0,0,0,0,0,0,0,0,0,0,0,0,0,0,0,0,0,0,0,0,0,0,0,0,0,0,0,0,0,0,0,0,0,26,51,50,76,65476,0,300,0,0,8,21553,0.0,-107605600.0,0.0,0.0,0.0,0.0,0.0,0.0,0.0,0.0,0.0,0.0,0.0,0.0,0.0,0.0,0.0,0.0,0.0,0.0,0.0,0.0,-0.0,-2.004,-0.0,-0.0,0.0,0.0,0.0,0.0,4822.0,-0.0,7251.0,0.0,-107615384.0,2.7184303811560617e+23,2.718431101732002e+23,0.0,0.0,0.0,0.0,77,-126841118720.0,-107614720.0,0.0,0.0,0.0,0.0,0.0,0.0,0.0,0,0,0,0.0,0.0,0.0,0.0,0.0,0.0,0.0,0.0,0.0,0.0,0.0,0.0,0.0,0.0,0.0,0.0,0,-107875648.0,77,0.0,154,0.0,-101056864.0,ERR,ERR,ERR,ERR,ERR,ERR,ERR,ERR,ERR,ERR,ERR,ERR,ERR,ERR,ERR,ERR,ERR,ERR,ERR,ERR,ERR,ERR,ERR,ERR,ERR,ERR,ERR,ERR,ERR,ERR,ERR,ERR,ERR,ERR,ERR,ERR,ERR,ERR,ERR,ERR,ERR,ERR,ERR,ERR,ERR,ERR,ERR,ERR,ERR,ERR,ERR,ERR,ERR,ERR,ERR,ERR,ERR,ERR,ERR,ERR,ERR,ERR,ERR,ERR,ERR,ERR,ERR,34.0,80.0,35,0.0,0.0,0.0,0.0,0.0,0.0,0.0,0.0,0.0,0.0,0.0,0.0,0.0,0.0,0.0,0.0,66.0,0,119,58,53,65476,0,300,0,0,8,20529,65476,0,0,57672,80.0,0.0,0.0,0.0,0.0,0.0
2026-06-18T02:50:39,ERR,ERR,ERR,ERR,ERR,ERR,ERR,ERR,ERR,ERR,ERR,ERR,ERR,ERR,ERR,ERR,ERR,ERR,ERR,ERR,ERR,ERR,ERR,ERR,ERR,ERR,ERR,ERR,ERR,ERR,ERR,ERR,ERR,ERR,ERR,ERR,ERR,ERR,ERR,ERR,ERR,ERR,ERR,ERR,ERR,ERR,ERR,ERR,ERR,ERR,ERR,ERR,ERR,ERR,ERR,ERR,ERR,ERR,ERR,ERR,ERR,ERR,ERR,ERR,ERR,ERR,ERR,ERR,ERR,ERR,ERR,ERR,ERR,ERR,ERR,ERR,ERR,ERR,ERR,ERR,ERR,ERR,ERR,ERR,ERR,ERR,ERR,ERR,ERR,ERR,ERR,ERR,ERR,ERR,ERR,ERR,ERR,ERR,ERR,ERR,ERR,ERR,ERR,ERR,ERR,ERR,ERR,ERR,ERR,ERR,ERR,ERR,ERR,ERR,ERR,ERR,ERR,ERR,ERR,ERR,ERR,ERR,ERR,ERR,ERR,0.0,-107615384.0,0.0,-4.9501291711397626e+32,1.592,1.3936040501711995e+18,7.805,0.0,0,0,4,48966,6720,14723890282496.0,100,0.0,0.0,0.0,-4.9501291711397626e+32,0.0,0,0,0,0,0.0,0,0,0,0,0,0,0,0,0,0,0,0,0,0,0,0,0,0,0,0,0,0,0,0,0,0,0,0,0,0,0,0,0,26,51,50,76,65476,0,300,0,0,8,21553,0.0,-107605600.0,0.0,0.0,0.0,0.0,0.0,0.0,0.0,0.0,0.0,0.0,0.0,0.0,0.0,0.0,0.0,0.0,0.0,0.0,0.0,0.0,-0.0,-2.004,-0.0,-0.0,0.0,0.0,0.0,0.0,4822.0,-0.0,7251.0,0.0,-107615384.0,2.7184303811560617e+23,2.718431101732002e+23,0.0,0.0,0.0,0.0,77,-126841118720.0,-107614720.0,0.0,0.0,0.0,0.0,0.0,0.0,0.0,0,0,0,0.0,0.0,0.0,0.0,0.0,0.0,0.0,0.0,0.0,0.0,0.0,0.0,0.0,0.0,0.0,0.0,0,-107875648.0,77,0.0,154,0.0,-101056864.0,ERR,ERR,ERR,ERR,ERR,ERR,ERR,ERR,ERR,ERR,ERR,ERR,ERR,ERR,ERR,ERR,ERR,ERR,ERR,ERR,ERR,ERR,ERR,ERR,ERR,ERR,ERR,ERR,ERR,ERR,ERR,ERR,ERR,ERR,ERR,ERR,ERR,ERR,ERR,ERR,ERR,ERR,ERR,ERR,ERR,ERR,ERR,ERR,ERR,ERR,ERR,ERR,ERR,ERR,ERR,ERR,ERR,ERR,ERR,ERR,ERR,ERR,ERR,ERR,ERR,ERR,ERR,34.0,80.0,35,0.0,0.0,0.0,0.0,0.0,0.0,0.0,0.0,0.0,0.0,0.0,0.0,0.0,0.0,0.0,0.0,66.0,0,119,58,53,65476,0,300,0,0,8,20529,65476,0,0,57672,80.0,0.0,0.0,0.0,0.0,0.0
2026-06-18T02:50:40,ERR,ERR,ERR,ERR,ERR,ERR,ERR,ERR,ERR,ERR,ERR,ERR,ERR,ERR,ERR,ERR,ERR,ERR,ERR,ERR,ERR,ERR,ERR,ERR,ERR,ERR,ERR,ERR,ERR,ERR,ERR,ERR,ERR,ERR,ERR,ERR,ERR,ERR,ERR,ERR,ERR,ERR,ERR,ERR,ERR,ERR,ERR,ERR,ERR,ERR,ERR,ERR,ERR,ERR,ERR,ERR,ERR,ERR,ERR,ERR,ERR,ERR,ERR,ERR,ERR,ERR,ERR,ERR,ERR,ERR,ERR,ERR,ERR,ERR,ERR,ERR,ERR,ERR,ERR,ERR,ERR,ERR,ERR,ERR,ERR,ERR,ERR,ERR,ERR,ERR,ERR,ERR,ERR,ERR,ERR,ERR,ERR,ERR,ERR,ERR,ERR,ERR,ERR,ERR,ERR,ERR,ERR,ERR,ERR,ERR,ERR,ERR,ERR,ERR,ERR,ERR,ERR,ERR,ERR,ERR,ERR,ERR,ERR,ERR,ERR,0.0,-107615384.0,0.0,2.718290229135658e+23,-1.592,1.3936040501711995e+18,7.805,-0.0,0,0,4,48957,6720,14723890282496.0,100,0.0,0.0,0.0,2.718290229135658e+23,0.0,0,0,0,0,0.0,0,0,0,0,0,0,0,0,0,0,0,0,0,0,0,0,0,0,0,0,0,0,0,0,0,0,0,0,0,0,0,0,0,26,51,50,76,65476,0,300,0,0,8,21553,0.0,-107605600.0,0.0,0.0,0.0,0.0,0.0,0.0,0.0,0.0,0.0,0.0,0.0,0.0,0.0,0.0,0.0,0.0,0.0,0.0,0.0,0.0,-0.0,-2.004,-0.0,-0.0,0.0,0.0,0.0,0.0,4822.0,-0.0,7250.0,0.0,-107615384.0,2.7184303811560617e+23,2.718431101732002e+23,0.0,0.0,0.0,0.0,77,-107615352.0,-0.0,0.0,0.0,0.0,0.0,0.0,0.0,0.0,0,0,0,0.0,0.0,0.0,0.0,0.0,0.0,0.0,0.0,0.0,0.0,0.0,0.0,0.0,0.0,0.0,0.0,0,-107875648.0,77,0.0,154,0.0,-101056864.0,ERR,ERR,ERR,ERR,ERR,ERR,ERR,ERR,ERR,ERR,ERR,ERR,ERR,ERR,ERR,ERR,ERR,ERR,ERR,ERR,ERR,ERR,ERR,ERR,ERR,ERR,ERR,ERR,ERR,ERR,ERR,ERR,ERR,ERR,ERR,ERR,ERR,ERR,ERR,ERR,ERR,ERR,ERR,ERR,ERR,ERR,ERR,ERR,ERR,ERR,ERR,ERR,ERR,ERR,ERR,ERR,ERR,ERR,ERR,ERR,ERR,ERR,ERR,ERR,ERR,ERR,ERR,34.0,80.0,35,0.0,0.0,0.0,0.0,0.0,0.0,0.0,0.0,0.0,0.0,0.0,0.0,0.0,0.0,0.0,0.0,66.0,0,119,58,53,65476,0,300,0,0,8,20529,65476,0,0,57672,80.0,0.0,0.0,0.0,0.0,0.0
2026-06-18T02:50:41,ERR,ERR,ERR,ERR,ERR,ERR,ERR,ERR,ERR,ERR,ERR,ERR,ERR,ERR,ERR,ERR,ERR,ERR,ERR,ERR,ERR,ERR,ERR,ERR,ERR,ERR,ERR,ERR,ERR,ERR,ERR,ERR,ERR,ERR,ERR,ERR,ERR,ERR,ERR,ERR,ERR,ERR,ERR,ERR,ERR,ERR,ERR,ERR,ERR,ERR,ERR,ERR,ERR,ERR,ERR,ERR,ERR,ERR,ERR,ERR,ERR,ERR,ERR,ERR,ERR,ERR,ERR,ERR,ERR,ERR,ERR,ERR,ERR,ERR,ERR,ERR,ERR,ERR,ERR,ERR,ERR,ERR,ERR,ERR,ERR,ERR,ERR,ERR,ERR,ERR,ERR,ERR,ERR,ERR,ERR,ERR,ERR,ERR,ERR,ERR,ERR,ERR,ERR,ERR,ERR,ERR,ERR,ERR,ERR,ERR,ERR,ERR,ERR,ERR,ERR,ERR,ERR,ERR,ERR,ERR,ERR,ERR,ERR,ERR,ERR,0.0,-107615384.0,0.0,2.718290229135658e+23,-1.592,1.3936040501711995e+18,7.805,-0.0,0,0,4,48957,6720,14723890282496.0,100,0.0,0.0,0.0,2.718290229135658e+23,0.0,0,0,0,0,0.0,0,0,0,0,0,0,0,0,0,0,0,0,0,0,0,0,0,0,0,0,0,0,0,0,0,0,0,0,0,0,0,0,0,26,51,50,76,65476,0,300,0,0,8,21553,0.0,-107605600.0,0.0,0.0,0.0,0.0,0.0,0.0,0.0,0.0,0.0,0.0,0.0,0.0,0.0,0.0,0.0,0.0,0.0,0.0,0.0,0.0,-0.0,-2.004,-0.0,-0.0,0.0,0.0,0.0,0.0,4822.0,-0.0,7250.0,0.0,-107615384.0,2.7184303811560617e+23,2.718431101732002e+23,0.0,0.0,0.0,0.0,77,-107615352.0,-0.0,0.0,0.0,0.0,0.0,0.0,0.0,0.0,0,0,0,0.0,0.0,0.0,0.0,0.0,0.0,0.0,0.0,0.0,0.0,0.0,0.0,0.0,0.0,0.0,0.0,0,-107875648.0,77,0.0,154,0.0,-101056864.0,ERR,ERR,ERR,ERR,ERR,ERR,ERR,ERR,ERR,ERR,ERR,ERR,ERR,ERR,ERR,ERR,ERR,ERR,ERR,ERR,ERR,ERR,ERR,ERR,ERR,ERR,ERR,ERR,ERR,ERR,ERR,ERR,ERR,ERR,ERR,ERR,ERR,ERR,ERR,ERR,ERR,ERR,ERR,ERR,ERR,ERR,ERR,ERR,ERR,ERR,ERR,ERR,ERR,ERR,ERR,ERR,ERR,ERR,ERR,ERR,ERR,ERR,ERR,ERR,ERR,ERR,ERR,34.0,80.0,35,0.0,0.0,0.0,0.0,0.0,0.0,0.0,0.0,0.0,0.0,0.0,0.0,0.0,0.0,0.0,0.0,66.0,0,119,58,53,65476,0,300,0,0,8,20529,65476,0,0,57672,80.0,0.0,0.0,0.0,0.0,0.0
2026-06-18T02:50:42,ERR,ERR,ERR,ERR,ERR,ERR,ERR,ERR,ERR,ERR,ERR,ERR,ERR,ERR,ERR,ERR,ERR,ERR,ERR,ERR,ERR,ERR,ERR,ERR,ERR,ERR,ERR,ERR,ERR,ERR,ERR,ERR,ERR,ERR,ERR,ERR,ERR,ERR,ERR,ERR,ERR,ERR,ERR,ERR,ERR,ERR,ERR,ERR,ERR,ERR,ERR,ERR,ERR,ERR,ERR,ERR,ERR,ERR,ERR,ERR,ERR,ERR,ERR,ERR,ERR,ERR,ERR,ERR,ERR,ERR,ERR,ERR,ERR,ERR,ERR,ERR,ERR,ERR,ERR,ERR,ERR,ERR,ERR,ERR,ERR,ERR,ERR,ERR,ERR,ERR,ERR,ERR,ERR,ERR,ERR,ERR,ERR,ERR,ERR,ERR,ERR,ERR,ERR,ERR,ERR,ERR,ERR,ERR,ERR,ERR,ERR,ERR,ERR,ERR,ERR,ERR,ERR,ERR,ERR,ERR,ERR,ERR,ERR,ERR,ERR,0.0,-107615384.0,0.0,2.718290229135658e+23,-1.592,1.3936040501711995e+18,7.805,-0.0,0,0,4,48957,6720,14723890282496.0,100,0.0,0.0,0.0,2.718290229135658e+23,0.0,0,0,0,0,0.0,0,0,0,0,0,0,0,0,0,0,0,0,0,0,0,0,0,0,0,0,0,0,0,0,0,0,0,0,0,0,0,0,0,26,51,50,76,65476,0,300,0,0,8,21553,0.0,-107605600.0,0.0,0.0,0.0,0.0,0.0,0.0,0.0,0.0,0.0,0.0,0.0,0.0,0.0,0.0,0.0,0.0,0.0,0.0,0.0,0.0,-0.0,-2.004,-0.0,-0.0,0.0,0.0,0.0,0.0,4822.0,-0.0,7250.0,0.0,-107615384.0,2.7184303811560617e+23,2.718431101732002e+23,0.0,0.0,0.0,0.0,77,-107615352.0,-0.0,0.0,0.0,0.0,0.0,0.0,0.0,0.0,0,0,0,0.0,0.0,0.0,0.0,0.0,0.0,0.0,0.0,0.0,0.0,0.0,0.0,0.0,0.0,0.0,0.0,0,-107875648.0,77,0.0,154,0.0,-101056864.0,ERR,ERR,ERR,ERR,ERR,ERR,ERR,ERR,ERR,ERR,ERR,ERR,ERR,ERR,ERR,ERR,ERR,ERR,ERR,ERR,ERR,ERR,ERR,ERR,ERR,ERR,ERR,ERR,ERR,ERR,ERR,ERR,ERR,ERR,ERR,ERR,ERR,ERR,ERR,ERR,ERR,ERR,ERR,ERR,ERR,ERR,ERR,ERR,ERR,ERR,ERR,ERR,ERR,ERR,ERR,ERR,ERR,ERR,ERR,ERR,ERR,ERR,ERR,ERR,ERR,ERR,ERR,34.0,80.0,35,0.0,0.0,0.0,0.0,0.0,0.0,0.0,0.0,0.0,0.0,0.0,0.0,0.0,0.0,0.0,0.0,65.6,0,119,58,53,65476,0,300,0,0,8,20529,65476,0,0,57672,80.0,0.0,0.0,0.0,0.0,0.0
2026-06-18T02:50:43,ERR,ERR,ERR,ERR,ERR,ERR,ERR,ERR,ERR,ERR,ERR,ERR,ERR,ERR,ERR,ERR,ERR,ERR,ERR,ERR,ERR,ERR,ERR,ERR,ERR,ERR,ERR,ERR,ERR,ERR,ERR,ERR,ERR,ERR,ERR,ERR,ERR,ERR,ERR,ERR,ERR,ERR,ERR,ERR,ERR,ERR,ERR,ERR,ERR,ERR,ERR,ERR,ERR,ERR,ERR,ERR,ERR,ERR,ERR,ERR,ERR,ERR,ERR,ERR,ERR,ERR,ERR,ERR,ERR,ERR,ERR,ERR,ERR,ERR,ERR,ERR,ERR,ERR,ERR,ERR,ERR,ERR,ERR,ERR,ERR,ERR,ERR,ERR,ERR,ERR,ERR,ERR,ERR,ERR,ERR,ERR,ERR,ERR,ERR,ERR,ERR,ERR,ERR,ERR,ERR,ERR,ERR,ERR,ERR,ERR,ERR,ERR,ERR,ERR,ERR,ERR,ERR,ERR,ERR,ERR,ERR,ERR,ERR,ERR,ERR,0.0,-107615384.0,0.0,2.718290229135658e+23,-1.592,1.3936040501711995e+18,7.805,-0.0,0,0,4,48957,6720,14723890282496.0,100,0.0,0.0,0.0,2.718290229135658e+23,0.0,0,0,0,0,0.0,0,0,0,0,0,0,0,0,0,0,0,0,0,0,0,0,0,0,0,0,0,0,0,0,0,0,0,0,0,0,0,0,0,26,51,50,76,65476,0,300,0,0,8,21553,0.0,-107605600.0,0.0,0.0,0.0,0.0,0.0,0.0,0.0,0.0,0.0,0.0,0.0,0.0,0.0,0.0,0.0,0.0,0.0,0.0,0.0,0.0,-0.0,-2.004,-0.0,-0.0,0.0,0.0,0.0,0.0,4822.0,-0.0,7250.0,0.0,-107615384.0,2.7184303811560617e+23,2.718431101732002e+23,0.0,0.0,0.0,0.0,77,-107615352.0,-0.0,0.0,0.0,0.0,0.0,0.0,0.0,0.0,0,0,0,0.0,0.0,0.0,0.0,0.0,0.0,0.0,0.0,0.0,0.0,0.0,0.0,0.0,0.0,0.0,0.0,0,-107875648.0,77,0.0,154,0.0,-101056864.0,ERR,ERR,ERR,ERR,ERR,ERR,ERR,ERR,ERR,ERR,ERR,ERR,ERR,ERR,ERR,ERR,ERR,ERR,ERR,ERR,ERR,ERR,ERR,ERR,ERR,ERR,ERR,ERR,ERR,ERR,ERR,ERR,ERR,ERR,ERR,ERR,ERR,ERR,ERR,ERR,ERR,ERR,ERR,ERR,ERR,ERR,ERR,ERR,ERR,ERR,ERR,ERR,ERR,ERR,ERR,ERR,ERR,ERR,ERR,ERR,ERR,ERR,ERR,ERR,ERR,ERR,ERR,34.0,80.0,35,0.0,0.0,0.0,0.0,0.0,0.0,0.0,0.0,0.0,0.0,0.0,0.0,0.0,0.0,0.0,0.0,65.6,0,119,58,53,65476,0,300,0,0,8,20529,65476,0,0,57672,80.0,0.0,0.0,0.0,0.0,0.0
2026-06-18T02:50:44,ERR,ERR,ERR,ERR,ERR,ERR,ERR,ERR,ERR,ERR,ERR,ERR,ERR,ERR,ERR,ERR,ERR,ERR,ERR,ERR,ERR,ERR,ERR,ERR,ERR,ERR,ERR,ERR,ERR,ERR,ERR,ERR,ERR,ERR,ERR,ERR,ERR,ERR,ERR,ERR,ERR,ERR,ERR,ERR,ERR,ERR,ERR,ERR,ERR,ERR,ERR,ERR,ERR,ERR,ERR,ERR,ERR,ERR,ERR,ERR,ERR,ERR,ERR,ERR,ERR,ERR,ERR,ERR,ERR,ERR,ERR,ERR,ERR,ERR,ERR,ERR,ERR,ERR,ERR,ERR,ERR,ERR,ERR,ERR,ERR,ERR,ERR,ERR,ERR,ERR,ERR,ERR,ERR,ERR,ERR,ERR,ERR,ERR,ERR,ERR,ERR,ERR,ERR,ERR,ERR,ERR,ERR,ERR,ERR,ERR,ERR,ERR,ERR,ERR,ERR,ERR,ERR,ERR,ERR,ERR,ERR,ERR,ERR,ERR,ERR,0.0,-107615384.0,0.0,2.718290229135658e+23,-1.592,1.3936040501711995e+18,7.805,-0.0,0,0,4,48957,6720,14723890282496.0,100,0.0,0.0,0.0,2.718290229135658e+23,0.0,0,0,0,0,0.0,0,0,0,0,0,0,0,0,0,0,0,0,0,0,0,0,0,0,0,0,0,0,0,0,0,0,0,0,0,0,0,0,0,26,51,50,76,65476,0,300,0,0,8,21553,0.0,-107605600.0,0.0,0.0,0.0,0.0,0.0,0.0,0.0,0.0,0.0,0.0,0.0,0.0,0.0,0.0,0.0,0.0,0.0,0.0,0.0,0.0,-0.0,-2.004,-0.0,-0.0,0.0,0.0,0.0,0.0,4822.0,-0.0,7250.0,0.0,-107615384.0,2.7184303811560617e+23,2.718431101732002e+23,0.0,0.0,0.0,0.0,77,-107615352.0,-0.0,0.0,0.0,0.0,0.0,0.0,0.0,0.0,0,0,0,0.0,0.0,0.0,0.0,0.0,0.0,0.0,0.0,0.0,0.0,0.0,0.0,0.0,0.0,0.0,0.0,0,-107875648.0,77,0.0,154,0.0,-101056864.0,ERR,ERR,ERR,ERR,ERR,ERR,ERR,ERR,ERR,ERR,ERR,ERR,ERR,ERR,ERR,ERR,ERR,ERR,ERR,ERR,ERR,ERR,ERR,ERR,ERR,ERR,ERR,ERR,ERR,ERR,ERR,ERR,ERR,ERR,ERR,ERR,ERR,ERR,ERR,ERR,ERR,ERR,ERR,ERR,ERR,ERR,ERR,ERR,ERR,ERR,ERR,ERR,ERR,ERR,ERR,ERR,ERR,ERR,ERR,ERR,ERR,ERR,ERR,ERR,ERR,ERR,ERR,34.0,80.0,35,0.0,0.0,0.0,0.0,0.0,0.0,0.0,0.0,0.0,0.0,0.0,0.0,0.0,0.0,0.0,0.0,65.6,0,119,58,53,65476,0,300,0,0,8,20529,65476,0,0,57672,80.0,0.0,0.0,0.0,0.0,0.0
2026-06-18T02:50:45,ERR,ERR,ERR,ERR,ERR,ERR,ERR,ERR,ERR,ERR,ERR,ERR,ERR,ERR,ERR,ERR,ERR,ERR,ERR,ERR,ERR,ERR,ERR,ERR,ERR,ERR,ERR,ERR,ERR,ERR,ERR,ERR,ERR,ERR,ERR,ERR,ERR,ERR,ERR,ERR,ERR,ERR,ERR,ERR,ERR,ERR,ERR,ERR,ERR,ERR,ERR,ERR,ERR,ERR,ERR,ERR,ERR,ERR,ERR,ERR,ERR,ERR,ERR,ERR,ERR,ERR,ERR,ERR,ERR,ERR,ERR,ERR,ERR,ERR,ERR,ERR,ERR,ERR,ERR,ERR,ERR,ERR,ERR,ERR,ERR,ERR,ERR,ERR,ERR,ERR,ERR,ERR,ERR,ERR,ERR,ERR,ERR,ERR,ERR,ERR,ERR,ERR,ERR,ERR,ERR,ERR,ERR,ERR,ERR,ERR,ERR,ERR,ERR,ERR,ERR,ERR,ERR,ERR,ERR,ERR,ERR,ERR,ERR,ERR,ERR,0.0,-107615384.0,0.0,0.0,nan,1.3936040501711995e+18,7.805,-5533387829805056.0,0,0,4,48963,6720,14723890282496.0,100,0.0,0.0,0.0,0.0,0.0,0,0,0,0,0.0,0,0,0,0,0,0,0,0,0,0,0,0,0,0,0,0,0,0,0,0,0,0,0,0,0,0,0,0,0,0,0,0,0,26,51,50,76,65476,0,300,0,0,8,21553,0.0,-107605600.0,0.0,0.0,0.0,0.0,0.0,0.0,0.0,0.0,0.0,0.0,0.0,0.0,0.0,0.0,0.0,0.0,0.0,0.0,0.0,0.0,-0.0,-2.004,-0.0,-0.0,0.0,0.0,0.0,0.0,4816.0,1.0406646380929485e+34,7247.0,0.0,-107615384.0,2.7184303811560617e+23,2.718431101732002e+23,0.0,0.0,0.0,0.0,77,-0.0,-0.0,0.0,0.0,0.0,0.0,0.0,0.0,0.0,0,0,0,0.0,0.0,0.0,0.0,0.0,0.0,0.0,0.0,0.0,0.0,0.0,0.0,0.0,0.0,0.0,0.0,0,-107875648.0,77,0.0,154,0.0,-101056864.0,ERR,ERR,ERR,ERR,ERR,ERR,ERR,ERR,ERR,ERR,ERR,ERR,ERR,ERR,ERR,ERR,ERR,ERR,ERR,ERR,ERR,ERR,ERR,ERR,ERR,ERR,ERR,ERR,ERR,ERR,ERR,ERR,ERR,ERR,ERR,ERR,ERR,ERR,ERR,ERR,ERR,ERR,ERR,ERR,ERR,ERR,ERR,ERR,ERR,ERR,ERR,ERR,ERR,ERR,ERR,ERR,ERR,ERR,ERR,ERR,ERR,ERR,ERR,ERR,ERR,ERR,ERR,34.0,80.0,35,0.0,0.0,0.0,0.0,0.0,0.0,0.0,0.0,0.0,0.0,0.0,0.0,0.0,0.0,0.0,0.0,65.6,0,119,58,53,65476,0,300,0,0,8,20529,65476,0,0,57672,80.0,0.0,0.0,0.0,0.0,0.0
2026-06-18T02:50:46,ERR,ERR,ERR,ERR,ERR,ERR,ERR,ERR,ERR,ERR,ERR,ERR,ERR,ERR,ERR,ERR,ERR,ERR,ERR,ERR,ERR,ERR,ERR,ERR,ERR,ERR,ERR,ERR,ERR,ERR,ERR,ERR,ERR,ERR,ERR,ERR,ERR,ERR,ERR,ERR,ERR,ERR,ERR,ERR,ERR,ERR,ERR,ERR,ERR,ERR,ERR,ERR,ERR,ERR,ERR,ERR,ERR,ERR,ERR,ERR,ERR,ERR,ERR,ERR,ERR,ERR,ERR,ERR,ERR,ERR,ERR,ERR,ERR,ERR,ERR,ERR,ERR,ERR,ERR,ERR,ERR,ERR,ERR,ERR,ERR,ERR,ERR,ERR,ERR,ERR,ERR,ERR,ERR,ERR,ERR,ERR,ERR,ERR,ERR,ERR,ERR,ERR,ERR,ERR,ERR,ERR,ERR,ERR,ERR,ERR,ERR,ERR,ERR,ERR,ERR,ERR,ERR,ERR,ERR,ERR,ERR,ERR,ERR,ERR,ERR,0.0,-107615384.0,0.0,0.0,nan,1.3936040501711995e+18,7.805,-5533387829805056.0,0,0,4,48963,6720,14723890282496.0,100,0.0,0.0,0.0,0.0,0.0,0,0,0,0,0.0,0,0,0,0,0,0,0,0,0,0,0,0,0,0,0,0,0,0,0,0,0,0,0,0,0,0,0,0,0,0,0,0,0,26,51,50,76,65476,0,300,0,0,8,21553,0.0,-107605600.0,0.0,0.0,0.0,0.0,0.0,0.0,0.0,0.0,0.0,0.0,0.0,0.0,0.0,0.0,0.0,0.0,0.0,0.0,0.0,0.0,-0.0,-2.004,-0.0,-0.0,0.0,0.0,0.0,0.0,4816.0,1.0406646380929485e+34,7247.0,0.0,-107615384.0,2.7184303811560617e+23,2.718431101732002e+23,0.0,0.0,0.0,0.0,77,-0.0,-0.0,0.0,0.0,0.0,0.0,0.0,0.0,0.0,0,0,0,0.0,0.0,0.0,0.0,0.0,0.0,0.0,0.0,0.0,0.0,0.0,0.0,0.0,0.0,0.0,0.0,0,-107875648.0,77,0.0,154,0.0,-101056864.0,ERR,ERR,ERR,ERR,ERR,ERR,ERR,ERR,ERR,ERR,ERR,ERR,ERR,ERR,ERR,ERR,ERR,ERR,ERR,ERR,ERR,ERR,ERR,ERR,ERR,ERR,ERR,ERR,ERR,ERR,ERR,ERR,ERR,ERR,ERR,ERR,ERR,ERR,ERR,ERR,ERR,ERR,ERR,ERR,ERR,ERR,ERR,ERR,ERR,ERR,ERR,ERR,ERR,ERR,ERR,ERR,ERR,ERR,ERR,ERR,ERR,ERR,ERR,ERR,ERR,ERR,ERR,34.0,80.0,35,0.0,0.0,0.0,0.0,0.0,0.0,0.0,0.0,0.0,0.0,0.0,0.0,0.0,0.0,0.0,0.0,65.6,0,119,58,53,65476,0,300,0,0,8,20529,65476,0,0,57672,80.0,0.0,0.0,0.0,0.0,0.0
2026-06-18T02:50:47,ERR,ERR,ERR,ERR,ERR,ERR,ERR,ERR,ERR,ERR,ERR,ERR,ERR,ERR,ERR,ERR,ERR,ERR,ERR,ERR,ERR,ERR,ERR,ERR,ERR,ERR,ERR,ERR,ERR,ERR,ERR,ERR,ERR,ERR,ERR,ERR,ERR,ERR,ERR,ERR,ERR,ERR,ERR,ERR,ERR,ERR,ERR,ERR,ERR,ERR,ERR,ERR,ERR,ERR,ERR,ERR,ERR,ERR,ERR,ERR,ERR,ERR,ERR,ERR,ERR,ERR,ERR,ERR,ERR,ERR,ERR,ERR,ERR,ERR,ERR,ERR,ERR,ERR,ERR,ERR,ERR,ERR,ERR,ERR,ERR,ERR,ERR,ERR,ERR,ERR,ERR,ERR,ERR,ERR,ERR,ERR,ERR,ERR,ERR,ERR,ERR,ERR,ERR,ERR,ERR,ERR,ERR,ERR,ERR,ERR,ERR,ERR,ERR,ERR,ERR,ERR,ERR,ERR,ERR,ERR,ERR,ERR,ERR,ERR,ERR,0.0,-107615384.0,0.0,0.0,nan,1.3936040501711995e+18,7.805,-5533387829805056.0,0,0,4,48963,6720,14723890282496.0,100,0.0,0.0,0.0,0.0,0.0,0,0,0,0,0.0,0,0,0,0,0,0,0,0,0,0,0,0,0,0,0,0,0,0,0,0,0,0,0,0,0,0,0,0,0,0,0,0,0,26,51,50,76,65476,0,300,0,0,8,21553,0.0,-107605600.0,0.0,0.0,0.0,0.0,0.0,0.0,0.0,0.0,0.0,0.0,0.0,0.0,0.0,0.0,0.0,0.0,0.0,0.0,0.0,0.0,-0.0,-2.004,-0.0,-0.0,0.0,0.0,0.0,0.0,4816.0,1.0406646380929485e+34,7247.0,0.0,-107615384.0,2.7184303811560617e+23,2.718431101732002e+23,0.0,0.0,0.0,0.0,77,-0.0,-0.0,0.0,0.0,0.0,0.0,0.0,0.0,0.0,0,0,0,0.0,0.0,0.0,0.0,0.0,0.0,0.0,0.0,0.0,0.0,0.0,0.0,0.0,0.0,0.0,0.0,0,-107875648.0,77,0.0,154,0.0,-101056864.0,ERR,ERR,ERR,ERR,ERR,ERR,ERR,ERR,ERR,ERR,ERR,ERR,ERR,ERR,ERR,ERR,ERR,ERR,ERR,ERR,ERR,ERR,ERR,ERR,ERR,ERR,ERR,ERR,ERR,ERR,ERR,ERR,ERR,ERR,ERR,ERR,ERR,ERR,ERR,ERR,ERR,ERR,ERR,ERR,ERR,ERR,ERR,ERR,ERR,ERR,ERR,ERR,ERR,ERR,ERR,ERR,ERR,ERR,ERR,ERR,ERR,ERR,ERR,ERR,ERR,ERR,ERR,34.0,80.0,35,0.0,0.0,0.0,0.0,0.0,0.0,0.0,0.0,0.0,0.0,0.0,0.0,0.0,0.0,0.0,0.0,65.6,0,119,58,53,65476,0,300,0,0,8,20529,65476,0,0,57672,80.0,0.0,0.0,0.0,0.0,0.0
2026-06-18T02:50:48,ERR,ERR,ERR,ERR,ERR,ERR,ERR,ERR,ERR,ERR,ERR,ERR,ERR,ERR,ERR,ERR,ERR,ERR,ERR,ERR,ERR,ERR,ERR,ERR,ERR,ERR,ERR,ERR,ERR,ERR,ERR,ERR,ERR,ERR,ERR,ERR,ERR,ERR,ERR,ERR,ERR,ERR,ERR,ERR,ERR,ERR,ERR,ERR,ERR,ERR,ERR,ERR,ERR,ERR,ERR,ERR,ERR,ERR,ERR,ERR,ERR,ERR,ERR,ERR,ERR,ERR,ERR,ERR,ERR,ERR,ERR,ERR,ERR,ERR,ERR,ERR,ERR,ERR,ERR,ERR,ERR,ERR,ERR,ERR,ERR,ERR,ERR,ERR,ERR,ERR,ERR,ERR,ERR,ERR,ERR,ERR,ERR,ERR,ERR,ERR,ERR,ERR,ERR,ERR,ERR,ERR,ERR,ERR,ERR,ERR,ERR,ERR,ERR,ERR,ERR,ERR,ERR,ERR,ERR,ERR,ERR,ERR,ERR,ERR,ERR,0.0,-107615384.0,0.0,0.0,nan,1.3936040501711995e+18,7.805,-5533387829805056.0,0,0,4,48963,6720,14723890282496.0,100,0.0,0.0,0.0,0.0,0.0,0,0,0,0,0.0,0,0,0,0,0,0,0,0,0,0,0,0,0,0,0,0,0,0,0,0,0,0,0,0,0,0,0,0,0,0,0,0,0,26,51,50,76,65476,0,300,0,0,8,21553,0.0,-107605600.0,0.0,0.0,0.0,0.0,0.0,0.0,0.0,0.0,0.0,0.0,0.0,0.0,0.0,0.0,0.0,0.0,0.0,0.0,0.0,0.0,-0.0,-2.004,-0.0,-0.0,0.0,0.0,0.0,0.0,4816.0,1.0406646380929485e+34,7247.0,0.0,-107615384.0,2.7184303811560617e+23,2.718431101732002e+23,0.0,0.0,0.0,0.0,77,-0.0,-0.0,0.0,0.0,0.0,0.0,0.0,0.0,0.0,0,0,0,0.0,0.0,0.0,0.0,0.0,0.0,0.0,0.0,0.0,0.0,0.0,0.0,0.0,0.0,0.0,0.0,0,-107875648.0,77,0.0,154,0.0,-101056864.0,ERR,ERR,ERR,ERR,ERR,ERR,ERR,ERR,ERR,ERR,ERR,ERR,ERR,ERR,ERR,ERR,ERR,ERR,ERR,ERR,ERR,ERR,ERR,ERR,ERR,ERR,ERR,ERR,ERR,ERR,ERR,ERR,ERR,ERR,ERR,ERR,ERR,ERR,ERR,ERR,ERR,ERR,ERR,ERR,ERR,ERR,ERR,ERR,ERR,ERR,ERR,ERR,ERR,ERR,ERR,ERR,ERR,ERR,ERR,ERR,ERR,ERR,ERR,ERR,ERR,ERR,ERR,34.0,80.0,35,0.0,0.0,0.0,0.0,0.0,0.0,0.0,0.0,0.0,0.0,0.0,0.0,0.0,0.0,0.0,0.0,65.6,0,119,58,53,65476,0,300,0,0,8,20529,65476,0,0,57672,80.0,0.0,0.0,0.0,0.0,0.0
2026-06-18T02:50:49,ERR,ERR,ERR,ERR,ERR,ERR,ERR,ERR,ERR,ERR,ERR,ERR,ERR,ERR,ERR,ERR,ERR,ERR,ERR,ERR,ERR,ERR,ERR,ERR,ERR,ERR,ERR,ERR,ERR,ERR,ERR,ERR,ERR,ERR,ERR,ERR,ERR,ERR,ERR,ERR,ERR,ERR,ERR,ERR,ERR,ERR,ERR,ERR,ERR,ERR,ERR,ERR,ERR,ERR,ERR,ERR,ERR,ERR,ERR,ERR,ERR,ERR,ERR,ERR,ERR,ERR,ERR,ERR,ERR,ERR,ERR,ERR,ERR,ERR,ERR,ERR,ERR,ERR,ERR,ERR,ERR,ERR,ERR,ERR,ERR,ERR,ERR,ERR,ERR,ERR,ERR,ERR,ERR,ERR,ERR,ERR,ERR,ERR,ERR,ERR,ERR,ERR,ERR,ERR,ERR,ERR,ERR,ERR,ERR,ERR,ERR,ERR,ERR,ERR,ERR,ERR,ERR,ERR,ERR,ERR,ERR,ERR,ERR,ERR,ERR,0.0,-107615384.0,0.0,0.0,nan,1.3936040501711995e+18,7.805,-5533387829805056.0,0,0,4,48963,6720,14723890282496.0,100,0.0,0.0,0.0,0.0,0.0,0,0,0,0,0.0,0,0,0,0,0,0,0,0,0,0,0,0,0,0,0,0,0,0,0,0,0,0,0,0,0,0,0,0,0,0,0,0,0,26,51,50,76,65476,0,300,0,0,8,21553,0.0,-107605600.0,0.0,0.0,0.0,0.0,0.0,0.0,0.0,0.0,0.0,0.0,0.0,0.0,0.0,0.0,0.0,0.0,0.0,0.0,0.0,0.0,-0.0,-2.004,-0.0,-0.0,0.0,0.0,0.0,0.0,4816.0,1.0406646380929485e+34,7247.0,0.0,-107615384.0,2.7184303811560617e+23,2.718431101732002e+23,0.0,0.0,0.0,0.0,77,-0.0,-0.0,0.0,0.0,0.0,0.0,0.0,0.0,0.0,0,0,0,0.0,0.0,0.0,0.0,0.0,0.0,0.0,0.0,0.0,0.0,0.0,0.0,0.0,0.0,0.0,0.0,0,-107875648.0,77,0.0,154,0.0,-101056864.0,ERR,ERR,ERR,ERR,ERR,ERR,ERR,ERR,ERR,ERR,ERR,ERR,ERR,ERR,ERR,ERR,ERR,ERR,ERR,ERR,ERR,ERR,ERR,ERR,ERR,ERR,ERR,ERR,ERR,ERR,ERR,ERR,ERR,ERR,ERR,ERR,ERR,ERR,ERR,ERR,ERR,ERR,ERR,ERR,ERR,ERR,ERR,ERR,ERR,ERR,ERR,ERR,ERR,ERR,ERR,ERR,ERR,ERR,ERR,ERR,ERR,ERR,ERR,ERR,ERR,ERR,ERR,34.0,80.0,35,0.0,0.0,0.0,0.0,0.0,0.0,0.0,0.0,0.0,0.0,0.0,0.0,0.0,0.0,0.0,0.0,65.6,0,119,58,53,65476,0,300,0,0,8,20529,65476,0,0,57672,80.0,0.0,0.0,0.0,0.0,0.0
2026-06-18T02:50:50,ERR,ERR,ERR,ERR,ERR,ERR,ERR,ERR,ERR,ERR,ERR,ERR,ERR,ERR,ERR,ERR,ERR,ERR,ERR,ERR,ERR,ERR,ERR,ERR,ERR,ERR,ERR,ERR,ERR,ERR,ERR,ERR,ERR,ERR,ERR,ERR,ERR,ERR,ERR,ERR,ERR,ERR,ERR,ERR,ERR,ERR,ERR,ERR,ERR,ERR,ERR,ERR,ERR,ERR,ERR,ERR,ERR,ERR,ERR,ERR,ERR,ERR,ERR,ERR,ERR,ERR,ERR,ERR,ERR,ERR,ERR,ERR,ERR,ERR,ERR,ERR,ERR,ERR,ERR,ERR,ERR,ERR,ERR,ERR,ERR,ERR,ERR,ERR,ERR,ERR,ERR,ERR,ERR,ERR,ERR,ERR,ERR,ERR,ERR,ERR,ERR,ERR,ERR,ERR,ERR,ERR,ERR,ERR,ERR,ERR,ERR,ERR,ERR,ERR,ERR,ERR,ERR,ERR,ERR,ERR,ERR,ERR,ERR,ERR,ERR,0.0,-107615384.0,0.0,0.0,nan,1.3936040501711995e+18,7.805,-5533387829805056.0,0,0,4,48963,6720,14723890282496.0,100,0.0,0.0,0.0,0.0,0.0,0,0,0,0,0.0,0,0,0,0,0,0,0,0,0,0,0,0,0,0,0,0,0,0,0,0,0,0,0,0,0,0,0,0,0,0,0,0,0,26,51,50,76,65476,0,300,0,0,8,21553,0.0,-107605600.0,0.0,0.0,0.0,0.0,0.0,0.0,0.0,0.0,0.0,0.0,0.0,0.0,0.0,0.0,0.0,0.0,0.0,0.0,0.0,0.0,-0.0,-2.004,-0.0,-0.0,0.0,0.0,0.0,0.0,4816.0,1.0406646380929485e+34,7247.0,0.0,-107615384.0,2.7184303811560617e+23,2.718431101732002e+23,0.0,0.0,0.0,0.0,77,-0.0,-0.0,0.0,0.0,0.0,0.0,0.0,0.0,0.0,0,0,0,0.0,0.0,0.0,0.0,0.0,0.0,0.0,0.0,0.0,0.0,0.0,0.0,0.0,0.0,0.0,0.0,0,-107875648.0,77,0.0,154,0.0,-101056864.0,ERR,ERR,ERR,ERR,ERR,ERR,ERR,ERR,ERR,ERR,ERR,ERR,ERR,ERR,ERR,ERR,ERR,ERR,ERR,ERR,ERR,ERR,ERR,ERR,ERR,ERR,ERR,ERR,ERR,ERR,ERR,ERR,ERR,ERR,ERR,ERR,ERR,ERR,ERR,ERR,ERR,ERR,ERR,ERR,ERR,ERR,ERR,ERR,ERR,ERR,ERR,ERR,ERR,ERR,ERR,ERR,ERR,ERR,ERR,ERR,ERR,ERR,ERR,ERR,ERR,ERR,ERR,34.0,80.0,35,0.0,0.0,0.0,0.0,0.0,0.0,0.0,0.0,0.0,0.0,0.0,0.0,0.0,0.0,0.0,0.0,65.6,0,119,58,53,65476,0,300,0,0,8,20529,65476,0,0,57672,80.0,0.0,0.0,0.0,0.0,0.0
2026-06-18T02:50:51,ERR,ERR,ERR,ERR,ERR,ERR,ERR,ERR,ERR,ERR,ERR,ERR,ERR,ERR,ERR,ERR,ERR,ERR,ERR,ERR,ERR,ERR,ERR,ERR,ERR,ERR,ERR,ERR,ERR,ERR,ERR,ERR,ERR,ERR,ERR,ERR,ERR,ERR,ERR,ERR,ERR,ERR,ERR,ERR,ERR,ERR,ERR,ERR,ERR,ERR,ERR,ERR,ERR,ERR,ERR,ERR,ERR,ERR,ERR,ERR,ERR,ERR,ERR,ERR,ERR,ERR,ERR,ERR,ERR,ERR,ERR,ERR,ERR,ERR,ERR,ERR,ERR,ERR,ERR,ERR,ERR,ERR,ERR,ERR,ERR,ERR,ERR,ERR,ERR,ERR,ERR,ERR,ERR,ERR,ERR,ERR,ERR,ERR,ERR,ERR,ERR,ERR,ERR,ERR,ERR,ERR,ERR,ERR,ERR,ERR,ERR,ERR,ERR,ERR,ERR,ERR,ERR,ERR,ERR,ERR,ERR,ERR,ERR,ERR,ERR,0.0,-107615384.0,0.0,-152005385388032.0,1.6,1.3936040501711995e+18,7.805,0.0,0,0,4,48952,6720,14723890282496.0,100,0.0,0.0,0.0,0.059,0.0,0,0,0,0,0.0,0,0,0,0,0,0,0,0,0,0,0,0,0,0,0,0,0,0,0,0,0,0,0,0,0,0,0,0,0,0,0,0,0,26,51,50,76,65476,0,300,0,0,8,21553,0.0,-107605600.0,0.0,0.0,0.0,0.0,0.0,0.0,0.0,0.0,0.0,0.0,0.0,0.0,0.0,0.0,0.0,0.0,0.0,0.0,0.0,0.0,-0.0,-2.004,-0.0,2.004,0.0,0.0,0.0,0.0,4817.0,-0.0,7248.0,0.0,-107615384.0,2.7184303811560617e+23,2.718431101732002e+23,0.0,0.0,0.0,0.0,77,-0.0,-0.0,0.0,0.0,0.0,0.0,0.0,0.0,0.0,0,0,0,0.0,0.0,0.0,0.0,0.0,0.0,0.0,0.0,0.0,0.0,0.0,0.0,0.0,0.0,0.0,0.0,0,-107875648.0,77,0.0,154,0.0,-101056864.0,ERR,ERR,ERR,ERR,ERR,ERR,ERR,ERR,ERR,ERR,ERR,ERR,ERR,ERR,ERR,ERR,ERR,ERR,ERR,ERR,ERR,ERR,ERR,ERR,ERR,ERR,ERR,ERR,ERR,ERR,ERR,ERR,ERR,ERR,ERR,ERR,ERR,ERR,ERR,ERR,ERR,ERR,ERR,ERR,ERR,ERR,ERR,ERR,ERR,ERR,ERR,ERR,ERR,ERR,ERR,ERR,ERR,ERR,ERR,ERR,ERR,ERR,ERR,ERR,ERR,ERR,ERR,34.0,80.0,35,0.0,0.0,0.0,0.0,0.0,0.0,0.0,0.0,0.0,0.0,0.0,0.0,0.0,0.0,0.0,0.0,65.6,0,119,58,53,65476,0,300,0,0,8,20529,65476,0,0,57672,80.0,0.0,0.0,0.0,0.0,0.0
2026-06-18T02:50:52,ERR,ERR,ERR,ERR,ERR,ERR,ERR,ERR,ERR,ERR,ERR,ERR,ERR,ERR,ERR,ERR,ERR,ERR,ERR,ERR,ERR,ERR,ERR,ERR,ERR,ERR,ERR,ERR,ERR,ERR,ERR,ERR,ERR,ERR,ERR,ERR,ERR,ERR,ERR,ERR,ERR,ERR,ERR,ERR,ERR,ERR,ERR,ERR,ERR,ERR,ERR,ERR,ERR,ERR,ERR,ERR,ERR,ERR,ERR,ERR,ERR,ERR,ERR,ERR,ERR,ERR,ERR,ERR,ERR,ERR,ERR,ERR,ERR,ERR,ERR,ERR,ERR,ERR,ERR,ERR,ERR,ERR,ERR,ERR,ERR,ERR,ERR,ERR,ERR,ERR,ERR,ERR,ERR,ERR,ERR,ERR,ERR,ERR,ERR,ERR,ERR,ERR,ERR,ERR,ERR,ERR,ERR,ERR,ERR,ERR,ERR,ERR,ERR,ERR,ERR,ERR,ERR,ERR,ERR,ERR,ERR,ERR,ERR,ERR,ERR,0.0,-107615384.0,0.0,-152005385388032.0,1.6,1.3936040501711995e+18,7.805,0.0,0,0,4,48952,6720,14723890282496.0,100,0.0,0.0,0.0,0.059,0.0,0,0,0,0,0.0,0,0,0,0,0,0,0,0,0,0,0,0,0,0,0,0,0,0,0,0,0,0,0,0,0,0,0,0,0,0,0,0,0,26,51,50,76,65476,0,300,0,0,8,21553,0.0,-107605600.0,0.0,0.0,0.0,0.0,0.0,0.0,0.0,0.0,0.0,0.0,0.0,0.0,0.0,0.0,0.0,0.0,0.0,0.0,0.0,0.0,-0.0,-2.004,-0.0,2.004,0.0,0.0,0.0,0.0,4817.0,-0.0,7248.0,0.0,-107615384.0,2.7184303811560617e+23,2.718431101732002e+23,0.0,0.0,0.0,0.0,77,-0.0,-0.0,0.0,0.0,0.0,0.0,0.0,0.0,0.0,0,0,0,0.0,0.0,0.0,0.0,0.0,0.0,0.0,0.0,0.0,0.0,0.0,0.0,0.0,0.0,0.0,0.0,0,-107875648.0,77,0.0,154,0.0,-101056864.0,ERR,ERR,ERR,ERR,ERR,ERR,ERR,ERR,ERR,ERR,ERR,ERR,ERR,ERR,ERR,ERR,ERR,ERR,ERR,ERR,ERR,ERR,ERR,ERR,ERR,ERR,ERR,ERR,ERR,ERR,ERR,ERR,ERR,ERR,ERR,ERR,ERR,ERR,ERR,ERR,ERR,ERR,ERR,ERR,ERR,ERR,ERR,ERR,ERR,ERR,ERR,ERR,ERR,ERR,ERR,ERR,ERR,ERR,ERR,ERR,ERR,ERR,ERR,ERR,ERR,ERR,ERR,34.0,80.0,35,0.0,0.0,0.0,0.0,0.0,0.0,0.0,0.0,0.0,0.0,0.0,0.0,0.0,0.0,0.0,0.0,65.6,0,119,58,53,65476,0,300,0,0,8,20529,65476,0,0,57672,80.0,0.0,0.0,0.0,0.0,0.0
2026-06-18T02:50:53,ERR,ERR,ERR,ERR,ERR,ERR,ERR,ERR,ERR,ERR,ERR,ERR,ERR,ERR,ERR,ERR,ERR,ERR,ERR,ERR,ERR,ERR,ERR,ERR,ERR,ERR,ERR,ERR,ERR,ERR,ERR,ERR,ERR,ERR,ERR,ERR,ERR,ERR,ERR,ERR,ERR,ERR,ERR,ERR,ERR,ERR,ERR,ERR,ERR,ERR,ERR,ERR,ERR,ERR,ERR,ERR,ERR,ERR,ERR,ERR,ERR,ERR,ERR,ERR,ERR,ERR,ERR,ERR,ERR,ERR,ERR,ERR,ERR,ERR,ERR,ERR,ERR,ERR,ERR,ERR,ERR,ERR,ERR,ERR,ERR,ERR,ERR,ERR,ERR,ERR,ERR,ERR,ERR,ERR,ERR,ERR,ERR,ERR,ERR,ERR,ERR,ERR,ERR,ERR,ERR,ERR,ERR,ERR,ERR,ERR,ERR,ERR,ERR,ERR,ERR,ERR,ERR,ERR,ERR,ERR,ERR,ERR,ERR,ERR,ERR,0.0,-107615384.0,0.0,-152005385388032.0,1.6,1.3936040501711995e+18,7.805,0.0,0,0,4,48952,6720,14723890282496.0,100,0.0,0.0,0.0,0.059,0.0,0,0,0,0,0.0,0,0,0,0,0,0,0,0,0,0,0,0,0,0,0,0,0,0,0,0,0,0,0,0,0,0,0,0,0,0,0,0,0,26,51,50,76,65476,0,300,0,0,8,21553,0.0,-107605600.0,0.0,0.0,0.0,0.0,0.0,0.0,0.0,0.0,0.0,0.0,0.0,0.0,0.0,0.0,0.0,0.0,0.0,0.0,0.0,0.0,-0.0,-2.004,-0.0,2.004,0.0,0.0,0.0,0.0,4817.0,-0.0,7248.0,0.0,-107615384.0,2.7184303811560617e+23,2.718431101732002e+23,0.0,0.0,0.0,0.0,77,-0.0,-0.0,0.0,0.0,0.0,0.0,0.0,0.0,0.0,0,0,0,0.0,0.0,0.0,0.0,0.0,0.0,0.0,0.0,0.0,0.0,0.0,0.0,0.0,0.0,0.0,0.0,0,-107875648.0,77,0.0,154,0.0,-101056864.0,ERR,ERR,ERR,ERR,ERR,ERR,ERR,ERR,ERR,ERR,ERR,ERR,ERR,ERR,ERR,ERR,ERR,ERR,ERR,ERR,ERR,ERR,ERR,ERR,ERR,ERR,ERR,ERR,ERR,ERR,ERR,ERR,ERR,ERR,ERR,ERR,ERR,ERR,ERR,ERR,ERR,ERR,ERR,ERR,ERR,ERR,ERR,ERR,ERR,ERR,ERR,ERR,ERR,ERR,ERR,ERR,ERR,ERR,ERR,ERR,ERR,ERR,ERR,ERR,ERR,ERR,ERR,34.0,80.0,35,0.0,0.0,0.0,0.0,0.0,0.0,0.0,0.0,0.0,0.0,0.0,0.0,0.0,0.0,0.0,0.0,66.4,0,119,58,53,65476,0,300,0,0,8,20529,65476,0,0,57672,80.0,0.0,0.0,0.0,0.0,0.0
2026-06-18T02:50:54,ERR,ERR,ERR,ERR,ERR,ERR,ERR,ERR,ERR,ERR,ERR,ERR,ERR,ERR,ERR,ERR,ERR,ERR,ERR,ERR,ERR,ERR,ERR,ERR,ERR,ERR,ERR,ERR,ERR,ERR,ERR,ERR,ERR,ERR,ERR,ERR,ERR,ERR,ERR,ERR,ERR,ERR,ERR,ERR,ERR,ERR,ERR,ERR,ERR,ERR,ERR,ERR,ERR,ERR,ERR,ERR,ERR,ERR,ERR,ERR,ERR,ERR,ERR,ERR,ERR,ERR,ERR,ERR,ERR,ERR,ERR,ERR,ERR,ERR,ERR,ERR,ERR,ERR,ERR,ERR,ERR,ERR,ERR,ERR,ERR,ERR,ERR,ERR,ERR,ERR,ERR,ERR,ERR,ERR,ERR,ERR,ERR,ERR,ERR,ERR,ERR,ERR,ERR,ERR,ERR,ERR,ERR,ERR,ERR,ERR,ERR,ERR,ERR,ERR,ERR,ERR,ERR,ERR,ERR,ERR,ERR,ERR,ERR,ERR,ERR,0.0,-107615384.0,0.0,-152005385388032.0,1.6,1.3936040501711995e+18,7.805,0.0,0,0,4,48952,6720,14723890282496.0,100,0.0,0.0,0.0,0.059,0.0,0,0,0,0,0.0,0,0,0,0,0,0,0,0,0,0,0,0,0,0,0,0,0,0,0,0,0,0,0,0,0,0,0,0,0,0,0,0,0,26,51,50,76,65476,0,300,0,0,8,21553,0.0,-107605600.0,0.0,0.0,0.0,0.0,0.0,0.0,0.0,0.0,0.0,0.0,0.0,0.0,0.0,0.0,0.0,0.0,0.0,0.0,0.0,0.0,-0.0,-2.004,-0.0,2.004,0.0,0.0,0.0,0.0,4817.0,-0.0,7248.0,0.0,-107615384.0,2.7184303811560617e+23,2.718431101732002e+23,0.0,0.0,0.0,0.0,77,-0.0,-0.0,0.0,0.0,0.0,0.0,0.0,0.0,0.0,0,0,0,0.0,0.0,0.0,0.0,0.0,0.0,0.0,0.0,0.0,0.0,0.0,0.0,0.0,0.0,0.0,0.0,0,-107875648.0,77,0.0,154,0.0,-101056864.0,ERR,ERR,ERR,ERR,ERR,ERR,ERR,ERR,ERR,ERR,ERR,ERR,ERR,ERR,ERR,ERR,ERR,ERR,ERR,ERR,ERR,ERR,ERR,ERR,ERR,ERR,ERR,ERR,ERR,ERR,ERR,ERR,ERR,ERR,ERR,ERR,ERR,ERR,ERR,ERR,ERR,ERR,ERR,ERR,ERR,ERR,ERR,ERR,ERR,ERR,ERR,ERR,ERR,ERR,ERR,ERR,ERR,ERR,ERR,ERR,ERR,ERR,ERR,ERR,ERR,ERR,ERR,34.0,80.0,35,0.0,0.0,0.0,0.0,0.0,0.0,0.0,0.0,0.0,0.0,0.0,0.0,0.0,0.0,0.0,0.0,66.4,0,119,58,53,65476,0,300,0,0,8,20529,65476,0,0,57672,80.0,0.0,0.0,0.0,0.0,0.0
2026-06-18T02:50:55,ERR,ERR,ERR,ERR,ERR,ERR,ERR,ERR,ERR,ERR,ERR,ERR,ERR,ERR,ERR,ERR,ERR,ERR,ERR,ERR,ERR,ERR,ERR,ERR,ERR,ERR,ERR,ERR,ERR,ERR,ERR,ERR,ERR,ERR,ERR,ERR,ERR,ERR,ERR,ERR,ERR,ERR,ERR,ERR,ERR,ERR,ERR,ERR,ERR,ERR,ERR,ERR,ERR,ERR,ERR,ERR,ERR,ERR,ERR,ERR,ERR,ERR,ERR,ERR,ERR,ERR,ERR,ERR,ERR,ERR,ERR,ERR,ERR,ERR,ERR,ERR,ERR,ERR,ERR,ERR,ERR,ERR,ERR,ERR,ERR,ERR,ERR,ERR,ERR,ERR,ERR,ERR,ERR,ERR,ERR,ERR,ERR,ERR,ERR,ERR,ERR,ERR,ERR,ERR,ERR,ERR,ERR,ERR,ERR,ERR,ERR,ERR,ERR,ERR,ERR,ERR,ERR,ERR,ERR,ERR,ERR,ERR,ERR,ERR,ERR,0.0,-107615384.0,0.0,-152005385388032.0,1.6,1.3936040501711995e+18,7.805,0.0,0,0,4,48952,6720,14723890282496.0,100,0.0,0.0,0.0,0.059,0.0,0,0,0,0,0.0,0,0,0,0,0,0,0,0,0,0,0,0,0,0,0,0,0,0,0,0,0,0,0,0,0,0,0,0,0,0,0,0,0,26,51,50,76,65476,0,300,0,0,8,21553,0.0,-107605600.0,0.0,0.0,0.0,0.0,0.0,0.0,0.0,0.0,0.0,0.0,0.0,0.0,0.0,0.0,0.0,0.0,0.0,0.0,0.0,0.0,-0.0,-2.004,-0.0,2.004,0.0,0.0,0.0,0.0,4817.0,-0.0,7248.0,0.0,-107615384.0,2.7184303811560617e+23,2.718431101732002e+23,0.0,0.0,0.0,0.0,77,-0.0,-0.0,0.0,0.0,0.0,0.0,0.0,0.0,0.0,0,0,0,0.0,0.0,0.0,0.0,0.0,0.0,0.0,0.0,0.0,0.0,0.0,0.0,0.0,0.0,0.0,0.0,0,-107875648.0,77,0.0,154,0.0,-101056864.0,ERR,ERR,ERR,ERR,ERR,ERR,ERR,ERR,ERR,ERR,ERR,ERR,ERR,ERR,ERR,ERR,ERR,ERR,ERR,ERR,ERR,ERR,ERR,ERR,ERR,ERR,ERR,ERR,ERR,ERR,ERR,ERR,ERR,ERR,ERR,ERR,ERR,ERR,ERR,ERR,ERR,ERR,ERR,ERR,ERR,ERR,ERR,ERR,ERR,ERR,ERR,ERR,ERR,ERR,ERR,ERR,ERR,ERR,ERR,ERR,ERR,ERR,ERR,ERR,ERR,ERR,ERR,34.0,80.0,35,0.0,0.0,0.0,0.0,0.0,0.0,0.0,0.0,0.0,0.0,0.0,0.0,0.0,0.0,0.0,0.0,65.6,0,119,58,53,65476,0,300,0,0,8,20529,65476,0,0,57672,80.0,0.0,0.0,0.0,0.0,0.0
2026-06-18T02:50:56,ERR,ERR,ERR,ERR,ERR,ERR,ERR,ERR,ERR,ERR,ERR,ERR,ERR,ERR,ERR,ERR,ERR,ERR,ERR,ERR,ERR,ERR,ERR,ERR,ERR,ERR,ERR,ERR,ERR,ERR,ERR,ERR,ERR,ERR,ERR,ERR,ERR,ERR,ERR,ERR,ERR,ERR,ERR,ERR,ERR,ERR,ERR,ERR,ERR,ERR,ERR,ERR,ERR,ERR,ERR,ERR,ERR,ERR,ERR,ERR,ERR,ERR,ERR,ERR,ERR,ERR,ERR,ERR,ERR,ERR,ERR,ERR,ERR,ERR,ERR,ERR,ERR,ERR,ERR,ERR,ERR,ERR,ERR,ERR,ERR,ERR,ERR,ERR,ERR,ERR,ERR,ERR,ERR,ERR,ERR,ERR,ERR,ERR,ERR,ERR,ERR,ERR,ERR,ERR,ERR,ERR,ERR,ERR,ERR,ERR,ERR,ERR,ERR,ERR,ERR,ERR,ERR,ERR,ERR,ERR,ERR,ERR,ERR,ERR,ERR,0.0,-107615384.0,0.0,-0.0,nan,1.3936040501711995e+18,7.805,2527533.5,0,0,4,48957,6720,14723890282496.0,100,0.0,0.0,0.0,-0.0,0.0,0,0,0,0,0.0,0,0,0,0,0,0,0,0,0,0,0,0,0,0,0,0,0,0,0,0,0,0,0,0,0,0,0,0,0,0,0,0,0,26,51,50,76,65476,0,300,0,0,8,21553,0.0,-107605600.0,0.0,0.0,0.0,0.0,0.0,0.0,0.0,0.0,0.0,0.0,0.0,0.0,0.0,0.0,0.0,0.0,0.0,0.0,0.0,0.0,-0.0,-2.004,-0.0,2.004,0.0,0.0,0.0,0.0,4820.0,1.5879282197463203e+29,7246.0,0.0,-107615384.0,2.7184303811560617e+23,2.718431101732002e+23,0.0,0.0,0.0,0.0,77,-71.63,-0.0,0.0,0.0,0.0,0.0,0.0,0.0,0.0,0,0,0,0.0,0.0,0.0,0.0,0.0,0.0,0.0,0.0,0.0,0.0,0.0,0.0,0.0,0.0,0.0,0.0,0,-107875648.0,77,0.0,154,0.0,-101056864.0,ERR,ERR,ERR,ERR,ERR,ERR,ERR,ERR,ERR,ERR,ERR,ERR,ERR,ERR,ERR,ERR,ERR,ERR,ERR,ERR,ERR,ERR,ERR,ERR,ERR,ERR,ERR,ERR,ERR,ERR,ERR,ERR,ERR,ERR,ERR,ERR,ERR,ERR,ERR,ERR,ERR,ERR,ERR,ERR,ERR,ERR,ERR,ERR,ERR,ERR,ERR,ERR,ERR,ERR,ERR,ERR,ERR,ERR,ERR,ERR,ERR,ERR,ERR,ERR,ERR,ERR,ERR,34.0,80.0,35,0.0,0.0,0.0,0.0,0.0,0.0,0.0,0.0,0.0,0.0,0.0,0.0,0.0,0.0,0.0,0.0,65.6,0,119,58,53,65476,0,300,0,0,8,20529,65476,0,0,57672,80.0,0.0,0.0,0.0,0.0,0.0
2026-06-18T02:50:57,ERR,ERR,ERR,ERR,ERR,ERR,ERR,ERR,ERR,ERR,ERR,ERR,ERR,ERR,ERR,ERR,ERR,ERR,ERR,ERR,ERR,ERR,ERR,ERR,ERR,ERR,ERR,ERR,ERR,ERR,ERR,ERR,ERR,ERR,ERR,ERR,ERR,ERR,ERR,ERR,ERR,ERR,ERR,ERR,ERR,ERR,ERR,ERR,ERR,ERR,ERR,ERR,ERR,ERR,ERR,ERR,ERR,ERR,ERR,ERR,ERR,ERR,ERR,ERR,ERR,ERR,ERR,ERR,ERR,ERR,ERR,ERR,ERR,ERR,ERR,ERR,ERR,ERR,ERR,ERR,ERR,ERR,ERR,ERR,ERR,ERR,ERR,ERR,ERR,ERR,ERR,ERR,ERR,ERR,ERR,ERR,ERR,ERR,ERR,ERR,ERR,ERR,ERR,ERR,ERR,ERR,ERR,ERR,ERR,ERR,ERR,ERR,ERR,ERR,ERR,ERR,ERR,ERR,ERR,ERR,ERR,ERR,ERR,ERR,ERR,0.0,-107615384.0,0.0,-0.0,nan,1.3936040501711995e+18,7.805,2527533.5,0,0,4,48957,6720,14723890282496.0,100,0.0,0.0,0.0,-0.0,0.0,0,0,0,0,0.0,0,0,0,0,0,0,0,0,0,0,0,0,0,0,0,0,0,0,0,0,0,0,0,0,0,0,0,0,0,0,0,0,0,26,51,50,76,65476,0,300,0,0,8,21553,0.0,-107605600.0,0.0,0.0,0.0,0.0,0.0,0.0,0.0,0.0,0.0,0.0,0.0,0.0,0.0,0.0,0.0,0.0,0.0,0.0,0.0,0.0,-0.0,-2.004,-0.0,2.004,0.0,0.0,0.0,0.0,4820.0,1.5879282197463203e+29,7246.0,0.0,-107615384.0,2.7184303811560617e+23,2.718431101732002e+23,0.0,0.0,0.0,0.0,77,-71.63,-0.0,0.0,0.0,0.0,0.0,0.0,0.0,0.0,0,0,0,0.0,0.0,0.0,0.0,0.0,0.0,0.0,0.0,0.0,0.0,0.0,0.0,0.0,0.0,0.0,0.0,0,-107875648.0,77,0.0,154,0.0,-101056864.0,ERR,ERR,ERR,ERR,ERR,ERR,ERR,ERR,ERR,ERR,ERR,ERR,ERR,ERR,ERR,ERR,ERR,ERR,ERR,ERR,ERR,ERR,ERR,ERR,ERR,ERR,ERR,ERR,ERR,ERR,ERR,ERR,ERR,ERR,ERR,ERR,ERR,ERR,ERR,ERR,ERR,ERR,ERR,ERR,ERR,ERR,ERR,ERR,ERR,ERR,ERR,ERR,ERR,ERR,ERR,ERR,ERR,ERR,ERR,ERR,ERR,ERR,ERR,ERR,ERR,ERR,ERR,34.0,80.0,35,0.0,0.0,0.0,0.0,0.0,0.0,0.0,0.0,0.0,0.0,0.0,0.0,0.0,0.0,0.0,0.0,65.6,0,119,58,53,65476,0,300,0,0,8,20529,65476,0,0,57672,80.0,0.0,0.0,0.0,0.0,0.0
2026-06-18T02:50:58,ERR,ERR,ERR,ERR,ERR,ERR,ERR,ERR,ERR,ERR,ERR,ERR,ERR,ERR,ERR,ERR,ERR,ERR,ERR,ERR,ERR,ERR,ERR,ERR,ERR,ERR,ERR,ERR,ERR,ERR,ERR,ERR,ERR,ERR,ERR,ERR,ERR,ERR,ERR,ERR,ERR,ERR,ERR,ERR,ERR,ERR,ERR,ERR,ERR,ERR,ERR,ERR,ERR,ERR,ERR,ERR,ERR,ERR,ERR,ERR,ERR,ERR,ERR,ERR,ERR,ERR,ERR,ERR,ERR,ERR,ERR,ERR,ERR,ERR,ERR,ERR,ERR,ERR,ERR,ERR,ERR,ERR,ERR,ERR,ERR,ERR,ERR,ERR,ERR,ERR,ERR,ERR,ERR,ERR,ERR,ERR,ERR,ERR,ERR,ERR,ERR,ERR,ERR,ERR,ERR,ERR,ERR,ERR,ERR,ERR,ERR,ERR,ERR,ERR,ERR,ERR,ERR,ERR,ERR,ERR,ERR,ERR,ERR,ERR,ERR,0.0,-107615384.0,0.0,-0.0,nan,1.3936040501711995e+18,7.805,2527533.5,0,0,4,48957,6720,14723890282496.0,100,0.0,0.0,0.0,-0.0,0.0,0,0,0,0,0.0,0,0,0,0,0,0,0,0,0,0,0,0,0,0,0,0,0,0,0,0,0,0,0,0,0,0,0,0,0,0,0,0,0,26,51,50,76,65476,0,300,0,0,8,21553,0.0,-107605600.0,0.0,0.0,0.0,0.0,0.0,0.0,0.0,0.0,0.0,0.0,0.0,0.0,0.0,0.0,0.0,0.0,0.0,0.0,0.0,0.0,-0.0,-2.004,-0.0,2.004,0.0,0.0,0.0,0.0,4820.0,1.5879282197463203e+29,7246.0,0.0,-107615384.0,2.7184303811560617e+23,2.718431101732002e+23,0.0,0.0,0.0,0.0,77,-71.63,-0.0,0.0,0.0,0.0,0.0,0.0,0.0,0.0,0,0,0,0.0,0.0,0.0,0.0,0.0,0.0,0.0,0.0,0.0,0.0,0.0,0.0,0.0,0.0,0.0,0.0,0,-107875648.0,77,0.0,154,0.0,-101056864.0,ERR,ERR,ERR,ERR,ERR,ERR,ERR,ERR,ERR,ERR,ERR,ERR,ERR,ERR,ERR,ERR,ERR,ERR,ERR,ERR,ERR,ERR,ERR,ERR,ERR,ERR,ERR,ERR,ERR,ERR,ERR,ERR,ERR,ERR,ERR,ERR,ERR,ERR,ERR,ERR,ERR,ERR,ERR,ERR,ERR,ERR,ERR,ERR,ERR,ERR,ERR,ERR,ERR,ERR,ERR,ERR,ERR,ERR,ERR,ERR,ERR,ERR,ERR,ERR,ERR,ERR,ERR,34.0,80.0,35,0.0,0.0,0.0,0.0,0.0,0.0,0.0,0.0,0.0,0.0,0.0,0.0,0.0,0.0,0.0,0.0,66.0,0,119,58,53,65476,0,300,0,0,8,20529,65476,0,0,57672,80.0,0.0,0.0,0.0,0.0,0.0
2026-06-18T02:50:59,ERR,ERR,ERR,ERR,ERR,ERR,ERR,ERR,ERR,ERR,ERR,ERR,ERR,ERR,ERR,ERR,ERR,ERR,ERR,ERR,ERR,ERR,ERR,ERR,ERR,ERR,ERR,ERR,ERR,ERR,ERR,ERR,ERR,ERR,ERR,ERR,ERR,ERR,ERR,ERR,ERR,ERR,ERR,ERR,ERR,ERR,ERR,ERR,ERR,ERR,ERR,ERR,ERR,ERR,ERR,ERR,ERR,ERR,ERR,ERR,ERR,ERR,ERR,ERR,ERR,ERR,ERR,ERR,ERR,ERR,ERR,ERR,ERR,ERR,ERR,ERR,ERR,ERR,ERR,ERR,ERR,ERR,ERR,ERR,ERR,ERR,ERR,ERR,ERR,ERR,ERR,ERR,ERR,ERR,ERR,ERR,ERR,ERR,ERR,ERR,ERR,ERR,ERR,ERR,ERR,ERR,ERR,ERR,ERR,ERR,ERR,ERR,ERR,ERR,ERR,ERR,ERR,ERR,ERR,ERR,ERR,ERR,ERR,ERR,ERR,0.0,-107615384.0,0.0,-0.0,nan,1.3936040501711995e+18,7.805,2527533.5,0,0,4,48957,6720,14723890282496.0,100,0.0,0.0,0.0,-0.0,0.0,0,0,0,0,0.0,0,0,0,0,0,0,0,0,0,0,0,0,0,0,0,0,0,0,0,0,0,0,0,0,0,0,0,0,0,0,0,0,0,26,51,50,76,65476,0,300,0,0,8,21553,0.0,-107605600.0,0.0,0.0,0.0,0.0,0.0,0.0,0.0,0.0,0.0,0.0,0.0,0.0,0.0,0.0,0.0,0.0,0.0,0.0,0.0,0.0,-0.0,-2.004,-0.0,2.004,0.0,0.0,0.0,0.0,4820.0,1.5879282197463203e+29,7246.0,0.0,-107615384.0,2.7184303811560617e+23,2.718431101732002e+23,0.0,0.0,0.0,0.0,77,-71.63,-0.0,0.0,0.0,0.0,0.0,0.0,0.0,0.0,0,0,0,0.0,0.0,0.0,0.0,0.0,0.0,0.0,0.0,0.0,0.0,0.0,0.0,0.0,0.0,0.0,0.0,0,-107875648.0,77,0.0,154,0.0,-101056864.0,ERR,ERR,ERR,ERR,ERR,ERR,ERR,ERR,ERR,ERR,ERR,ERR,ERR,ERR,ERR,ERR,ERR,ERR,ERR,ERR,ERR,ERR,ERR,ERR,ERR,ERR,ERR,ERR,ERR,ERR,ERR,ERR,ERR,ERR,ERR,ERR,ERR,ERR,ERR,ERR,ERR,ERR,ERR,ERR,ERR,ERR,ERR,ERR,ERR,ERR,ERR,ERR,ERR,ERR,ERR,ERR,ERR,ERR,ERR,ERR,ERR,ERR,ERR,ERR,ERR,ERR,ERR,34.0,80.0,35,0.0,0.0,0.0,0.0,0.0,0.0,0.0,0.0,0.0,0.0,0.0,0.0,0.0,0.0,0.0,0.0,66.0,0,119,58,53,65476,0,300,0,0,8,20529,65476,0,0,57672,80.0,0.0,0.0,0.0,0.0,0.0
2026-06-18T02:51:00,ERR,ERR,ERR,ERR,ERR,ERR,ERR,ERR,ERR,ERR,ERR,ERR,ERR,ERR,ERR,ERR,ERR,ERR,ERR,ERR,ERR,ERR,ERR,ERR,ERR,ERR,ERR,ERR,ERR,ERR,ERR,ERR,ERR,ERR,ERR,ERR,ERR,ERR,ERR,ERR,ERR,ERR,ERR,ERR,ERR,ERR,ERR,ERR,ERR,ERR,ERR,ERR,ERR,ERR,ERR,ERR,ERR,ERR,ERR,ERR,ERR,ERR,ERR,ERR,ERR,ERR,ERR,ERR,ERR,ERR,ERR,ERR,ERR,ERR,ERR,ERR,ERR,ERR,ERR,ERR,ERR,ERR,ERR,ERR,ERR,ERR,ERR,ERR,ERR,ERR,ERR,ERR,ERR,ERR,ERR,ERR,ERR,ERR,ERR,ERR,ERR,ERR,ERR,ERR,ERR,ERR,ERR,ERR,ERR,ERR,ERR,ERR,ERR,ERR,ERR,ERR,ERR,ERR,ERR,ERR,ERR,ERR,ERR,ERR,ERR,0.0,-107615384.0,0.0,-0.0,nan,1.3936040501711995e+18,7.805,2527533.5,0,0,4,48957,6720,14723890282496.0,100,0.0,0.0,0.0,-0.0,0.0,0,0,0,0,0.0,0,0,0,0,0,0,0,0,0,0,0,0,0,0,0,0,0,0,0,0,0,0,0,0,0,0,0,0,0,0,0,0,0,26,51,50,76,65476,0,300,0,0,8,21553,0.0,-107605600.0,0.0,0.0,0.0,0.0,0.0,0.0,0.0,0.0,0.0,0.0,0.0,0.0,0.0,0.0,0.0,0.0,0.0,0.0,0.0,0.0,-0.0,-2.004,-0.0,2.004,0.0,0.0,0.0,0.0,4820.0,1.5879282197463203e+29,7246.0,0.0,-107615384.0,2.7184303811560617e+23,2.718431101732002e+23,0.0,0.0,0.0,0.0,77,-71.63,-0.0,0.0,0.0,0.0,0.0,0.0,0.0,0.0,0,0,0,0.0,0.0,0.0,0.0,0.0,0.0,0.0,0.0,0.0,0.0,0.0,0.0,0.0,0.0,0.0,0.0,0,-107875648.0,77,0.0,154,0.0,-101056864.0,ERR,ERR,ERR,ERR,ERR,ERR,ERR,ERR,ERR,ERR,ERR,ERR,ERR,ERR,ERR,ERR,ERR,ERR,ERR,ERR,ERR,ERR,ERR,ERR,ERR,ERR,ERR,ERR,ERR,ERR,ERR,ERR,ERR,ERR,ERR,ERR,ERR,ERR,ERR,ERR,ERR,ERR,ERR,ERR,ERR,ERR,ERR,ERR,ERR,ERR,ERR,ERR,ERR,ERR,ERR,ERR,ERR,ERR,ERR,ERR,ERR,ERR,ERR,ERR,ERR,ERR,ERR,34.0,80.0,35,0.0,0.0,0.0,0.0,0.0,0.0,0.0,0.0,0.0,0.0,0.0,0.0,0.0,0.0,0.0,0.0,65.6,0,119,58,53,65476,0,300,0,0,8,20529,65476,0,0,57672,80.0,0.0,0.0,0.0,0.0,0.0
2026-06-18T02:51:01,ERR,ERR,ERR,ERR,ERR,ERR,ERR,ERR,ERR,ERR,ERR,ERR,ERR,ERR,ERR,ERR,ERR,ERR,ERR,ERR,ERR,ERR,ERR,ERR,ERR,ERR,ERR,ERR,ERR,ERR,ERR,ERR,ERR,ERR,ERR,ERR,ERR,ERR,ERR,ERR,ERR,ERR,ERR,ERR,ERR,ERR,ERR,ERR,ERR,ERR,ERR,ERR,ERR,ERR,ERR,ERR,ERR,ERR,ERR,ERR,ERR,ERR,ERR,ERR,ERR,ERR,ERR,ERR,ERR,ERR,ERR,ERR,ERR,ERR,ERR,ERR,ERR,ERR,ERR,ERR,ERR,ERR,ERR,ERR,ERR,ERR,ERR,ERR,ERR,ERR,ERR,ERR,ERR,ERR,ERR,ERR,ERR,ERR,ERR,ERR,ERR,ERR,ERR,ERR,ERR,ERR,ERR,ERR,ERR,ERR,ERR,ERR,ERR,ERR,ERR,ERR,ERR,ERR,ERR,ERR,ERR,ERR,ERR,ERR,ERR,0.0,-107615384.0,0.0,2.718290229135658e+23,-1.592,1.3936040501711995e+18,7.805,-0.0,0,0,4,48957,6720,14723890282496.0,100,0.0,0.0,0.0,-0.0,0.0,0,0,0,0,0.0,0,0,0,0,0,0,0,0,0,0,0,0,0,0,0,0,0,0,0,0,0,0,0,0,0,0,0,0,0,0,0,0,0,26,51,50,76,65476,0,300,0,0,8,21553,0.0,-107605600.0,0.0,0.0,0.0,0.0,0.0,0.0,0.0,0.0,0.0,0.0,0.0,0.0,0.0,0.0,0.0,0.0,0.0,0.0,0.0,0.0,-0.0,-2.004,-0.0,2.004,0.0,0.0,0.0,0.0,4819.0,-0.0,7248.0,0.0,-107615384.0,2.7184303811560617e+23,2.718431101732002e+23,0.0,0.0,0.0,0.0,77,-0.059,-0.0,0.0,0.0,0.0,0.0,0.0,0.0,0.0,0,0,0,0.0,0.0,0.0,0.0,0.0,0.0,0.0,0.0,0.0,0.0,0.0,0.0,0.0,0.0,0.0,0.0,0,-107875648.0,77,0.0,154,0.0,-101056864.0,ERR,ERR,ERR,ERR,ERR,ERR,ERR,ERR,ERR,ERR,ERR,ERR,ERR,ERR,ERR,ERR,ERR,ERR,ERR,ERR,ERR,ERR,ERR,ERR,ERR,ERR,ERR,ERR,ERR,ERR,ERR,ERR,ERR,ERR,ERR,ERR,ERR,ERR,ERR,ERR,ERR,ERR,ERR,ERR,ERR,ERR,ERR,ERR,ERR,ERR,ERR,ERR,ERR,ERR,ERR,ERR,ERR,ERR,ERR,ERR,ERR,ERR,ERR,ERR,ERR,ERR,ERR,34.0,80.0,35,0.0,0.0,0.0,0.0,0.0,0.0,0.0,0.0,0.0,0.0,0.0,0.0,0.0,0.0,0.0,0.0,65.6,0,119,58,53,65476,0,300,0,0,8,20529,65476,0,0,57672,80.0,0.0,0.0,0.0,0.0,0.0
2026-06-18T02:51:02,ERR,ERR,ERR,ERR,ERR,ERR,ERR,ERR,ERR,ERR,ERR,ERR,ERR,ERR,ERR,ERR,ERR,ERR,ERR,ERR,ERR,ERR,ERR,ERR,ERR,ERR,ERR,ERR,ERR,ERR,ERR,ERR,ERR,ERR,ERR,ERR,ERR,ERR,ERR,ERR,ERR,ERR,ERR,ERR,ERR,ERR,ERR,ERR,ERR,ERR,ERR,ERR,ERR,ERR,ERR,ERR,ERR,ERR,ERR,ERR,ERR,ERR,ERR,ERR,ERR,ERR,ERR,ERR,ERR,ERR,ERR,ERR,ERR,ERR,ERR,ERR,ERR,ERR,ERR,ERR,ERR,ERR,ERR,ERR,ERR,ERR,ERR,ERR,ERR,ERR,ERR,ERR,ERR,ERR,ERR,ERR,ERR,ERR,ERR,ERR,ERR,ERR,ERR,ERR,ERR,ERR,ERR,ERR,ERR,ERR,ERR,ERR,ERR,ERR,ERR,ERR,ERR,ERR,ERR,ERR,ERR,ERR,ERR,ERR,ERR,0.0,-107615384.0,0.0,2.718290229135658e+23,-1.592,1.3936040501711995e+18,7.805,-0.0,0,0,4,48957,6720,14723890282496.0,100,0.0,0.0,0.0,-0.0,0.0,0,0,0,0,0.0,0,0,0,0,0,0,0,0,0,0,0,0,0,0,0,0,0,0,0,0,0,0,0,0,0,0,0,0,0,0,0,0,0,26,51,50,76,65476,0,300,0,0,8,21553,0.0,-107605600.0,0.0,0.0,0.0,0.0,0.0,0.0,0.0,0.0,0.0,0.0,0.0,0.0,0.0,0.0,0.0,0.0,0.0,0.0,0.0,0.0,-0.0,-2.004,-0.0,2.004,0.0,0.0,0.0,0.0,4819.0,-0.0,7248.0,0.0,-107615384.0,2.7184303811560617e+23,2.718431101732002e+23,0.0,0.0,0.0,0.0,77,-0.059,-0.0,0.0,0.0,0.0,0.0,0.0,0.0,0.0,0,0,0,0.0,0.0,0.0,0.0,0.0,0.0,0.0,0.0,0.0,0.0,0.0,0.0,0.0,0.0,0.0,0.0,0,-107875648.0,77,0.0,154,0.0,-101056864.0,ERR,ERR,ERR,ERR,ERR,ERR,ERR,ERR,ERR,ERR,ERR,ERR,ERR,ERR,ERR,ERR,ERR,ERR,ERR,ERR,ERR,ERR,ERR,ERR,ERR,ERR,ERR,ERR,ERR,ERR,ERR,ERR,ERR,ERR,ERR,ERR,ERR,ERR,ERR,ERR,ERR,ERR,ERR,ERR,ERR,ERR,ERR,ERR,ERR,ERR,ERR,ERR,ERR,ERR,ERR,ERR,ERR,ERR,ERR,ERR,ERR,ERR,ERR,ERR,ERR,ERR,ERR,34.0,80.0,35,0.0,0.0,0.0,0.0,0.0,0.0,0.0,0.0,0.0,0.0,0.0,0.0,0.0,0.0,0.0,0.0,65.6,0,119,58,53,65476,0,300,0,0,8,20529,65476,0,0,57672,80.0,0.0,0.0,0.0,0.0,0.0
2026-06-18T02:51:03,ERR,ERR,ERR,ERR,ERR,ERR,ERR,ERR,ERR,ERR,ERR,ERR,ERR,ERR,ERR,ERR,ERR,ERR,ERR,ERR,ERR,ERR,ERR,ERR,ERR,ERR,ERR,ERR,ERR,ERR,ERR,ERR,ERR,ERR,ERR,ERR,ERR,ERR,ERR,ERR,ERR,ERR,ERR,ERR,ERR,ERR,ERR,ERR,ERR,ERR,ERR,ERR,ERR,ERR,ERR,ERR,ERR,ERR,ERR,ERR,ERR,ERR,ERR,ERR,ERR,ERR,ERR,ERR,ERR,ERR,ERR,ERR,ERR,ERR,ERR,ERR,ERR,ERR,ERR,ERR,ERR,ERR,ERR,ERR,ERR,ERR,ERR,ERR,ERR,ERR,ERR,ERR,ERR,ERR,ERR,ERR,ERR,ERR,ERR,ERR,ERR,ERR,ERR,ERR,ERR,ERR,ERR,ERR,ERR,ERR,ERR,ERR,ERR,ERR,ERR,ERR,ERR,ERR,ERR,ERR,ERR,ERR,ERR,ERR,ERR,0.0,-107615384.0,0.0,2.718290229135658e+23,-1.592,1.3936040501711995e+18,7.805,-0.0,0,0,4,48957,6720,14723890282496.0,100,0.0,0.0,0.0,-0.0,0.0,0,0,0,0,0.0,0,0,0,0,0,0,0,0,0,0,0,0,0,0,0,0,0,0,0,0,0,0,0,0,0,0,0,0,0,0,0,0,0,26,51,50,76,65476,0,300,0,0,8,21553,0.0,-107605600.0,0.0,0.0,0.0,0.0,0.0,0.0,0.0,0.0,0.0,0.0,0.0,0.0,0.0,0.0,0.0,0.0,0.0,0.0,0.0,0.0,-0.0,-2.004,-0.0,2.004,0.0,0.0,0.0,0.0,4819.0,-0.0,7248.0,0.0,-107615384.0,2.7184303811560617e+23,2.718431101732002e+23,0.0,0.0,0.0,0.0,77,-0.059,-0.0,0.0,0.0,0.0,0.0,0.0,0.0,0.0,0,0,0,0.0,0.0,0.0,0.0,0.0,0.0,0.0,0.0,0.0,0.0,0.0,0.0,0.0,0.0,0.0,0.0,0,-107875648.0,77,0.0,154,0.0,-101056864.0,ERR,ERR,ERR,ERR,ERR,ERR,ERR,ERR,ERR,ERR,ERR,ERR,ERR,ERR,ERR,ERR,ERR,ERR,ERR,ERR,ERR,ERR,ERR,ERR,ERR,ERR,ERR,ERR,ERR,ERR,ERR,ERR,ERR,ERR,ERR,ERR,ERR,ERR,ERR,ERR,ERR,ERR,ERR,ERR,ERR,ERR,ERR,ERR,ERR,ERR,ERR,ERR,ERR,ERR,ERR,ERR,ERR,ERR,ERR,ERR,ERR,ERR,ERR,ERR,ERR,ERR,ERR,34.0,80.0,35,0.0,0.0,0.0,0.0,0.0,0.0,0.0,0.0,0.0,0.0,0.0,0.0,0.0,0.0,0.0,0.0,65.6,0,119,58,53,65476,0,300,0,0,8,20529,65476,0,0,57672,80.0,0.0,0.0,0.0,0.0,0.0
2026-06-18T02:51:04,ERR,ERR,ERR,ERR,ERR,ERR,ERR,ERR,ERR,ERR,ERR,ERR,ERR,ERR,ERR,ERR,ERR,ERR,ERR,ERR,ERR,ERR,ERR,ERR,ERR,ERR,ERR,ERR,ERR,ERR,ERR,ERR,ERR,ERR,ERR,ERR,ERR,ERR,ERR,ERR,ERR,ERR,ERR,ERR,ERR,ERR,ERR,ERR,ERR,ERR,ERR,ERR,ERR,ERR,ERR,ERR,ERR,ERR,ERR,ERR,ERR,ERR,ERR,ERR,ERR,ERR,ERR,ERR,ERR,ERR,ERR,ERR,ERR,ERR,ERR,ERR,ERR,ERR,ERR,ERR,ERR,ERR,ERR,ERR,ERR,ERR,ERR,ERR,ERR,ERR,ERR,ERR,ERR,ERR,ERR,ERR,ERR,ERR,ERR,ERR,ERR,ERR,ERR,ERR,ERR,ERR,ERR,ERR,ERR,ERR,ERR,ERR,ERR,ERR,ERR,ERR,ERR,ERR,ERR,ERR,ERR,ERR,ERR,ERR,ERR,0.0,-107615384.0,0.0,2.718290229135658e+23,-1.592,1.3936040501711995e+18,7.805,-0.0,0,0,4,48957,6720,14723890282496.0,100,0.0,0.0,0.0,-0.0,0.0,0,0,0,0,0.0,0,0,0,0,0,0,0,0,0,0,0,0,0,0,0,0,0,0,0,0,0,0,0,0,0,0,0,0,0,0,0,0,0,26,51,50,76,65476,0,300,0,0,8,21553,0.0,-107605600.0,0.0,0.0,0.0,0.0,0.0,0.0,0.0,0.0,0.0,0.0,0.0,0.0,0.0,0.0,0.0,0.0,0.0,0.0,0.0,0.0,-0.0,-2.004,-0.0,2.004,0.0,0.0,0.0,0.0,4819.0,-0.0,7248.0,0.0,-107615384.0,2.7184303811560617e+23,2.718431101732002e+23,0.0,0.0,0.0,0.0,77,-0.059,-0.0,0.0,0.0,0.0,0.0,0.0,0.0,0.0,0,0,0,0.0,0.0,0.0,0.0,0.0,0.0,0.0,0.0,0.0,0.0,0.0,0.0,0.0,0.0,0.0,0.0,0,-107875648.0,77,0.0,154,0.0,-101056864.0,ERR,ERR,ERR,ERR,ERR,ERR,ERR,ERR,ERR,ERR,ERR,ERR,ERR,ERR,ERR,ERR,ERR,ERR,ERR,ERR,ERR,ERR,ERR,ERR,ERR,ERR,ERR,ERR,ERR,ERR,ERR,ERR,ERR,ERR,ERR,ERR,ERR,ERR,ERR,ERR,ERR,ERR,ERR,ERR,ERR,ERR,ERR,ERR,ERR,ERR,ERR,ERR,ERR,ERR,ERR,ERR,ERR,ERR,ERR,ERR,ERR,ERR,ERR,ERR,ERR,ERR,ERR,34.0,80.0,35,0.0,0.0,0.0,0.0,0.0,0.0,0.0,0.0,0.0,0.0,0.0,0.0,0.0,0.0,0.0,0.0,66.0,0,119,58,53,65476,0,300,0,0,8,20529,65476,0,0,57672,80.0,0.0,0.0,0.0,0.0,0.0
2026-06-18T02:51:05,ERR,ERR,ERR,ERR,ERR,ERR,ERR,ERR,ERR,ERR,ERR,ERR,ERR,ERR,ERR,ERR,ERR,ERR,ERR,ERR,ERR,ERR,ERR,ERR,ERR,ERR,ERR,ERR,ERR,ERR,ERR,ERR,ERR,ERR,ERR,ERR,ERR,ERR,ERR,ERR,ERR,ERR,ERR,ERR,ERR,ERR,ERR,ERR,ERR,ERR,ERR,ERR,ERR,ERR,ERR,ERR,ERR,ERR,ERR,ERR,ERR,ERR,ERR,ERR,ERR,ERR,ERR,ERR,ERR,ERR,ERR,ERR,ERR,ERR,ERR,ERR,ERR,ERR,ERR,ERR,ERR,ERR,ERR,ERR,ERR,ERR,ERR,ERR,ERR,ERR,ERR,ERR,ERR,ERR,ERR,ERR,ERR,ERR,ERR,ERR,ERR,ERR,ERR,ERR,ERR,ERR,ERR,ERR,ERR,ERR,ERR,ERR,ERR,ERR,ERR,ERR,ERR,ERR,ERR,ERR,ERR,ERR,ERR,ERR,ERR,0.0,-107615384.0,0.0,2.718290229135658e+23,-1.592,1.3936040501711995e+18,7.805,-0.0,0,0,4,48957,6720,14723890282496.0,100,0.0,0.0,0.0,-0.0,0.0,0,0,0,0,0.0,0,0,0,0,0,0,0,0,0,0,0,0,0,0,0,0,0,0,0,0,0,0,0,0,0,0,0,0,0,0,0,0,0,26,51,50,76,65476,0,300,0,0,8,21553,0.0,-107605600.0,0.0,0.0,0.0,0.0,0.0,0.0,0.0,0.0,0.0,0.0,0.0,0.0,0.0,0.0,0.0,0.0,0.0,0.0,0.0,0.0,-0.0,-2.004,-0.0,2.004,0.0,0.0,0.0,0.0,4819.0,-0.0,7248.0,0.0,-107615384.0,2.7184303811560617e+23,2.718431101732002e+23,0.0,0.0,0.0,0.0,77,-0.059,-0.0,0.0,0.0,0.0,0.0,0.0,0.0,0.0,0,0,0,0.0,0.0,0.0,0.0,0.0,0.0,0.0,0.0,0.0,0.0,0.0,0.0,0.0,0.0,0.0,0.0,0,-107875648.0,77,0.0,154,0.0,-101056864.0,ERR,ERR,ERR,ERR,ERR,ERR,ERR,ERR,ERR,ERR,ERR,ERR,ERR,ERR,ERR,ERR,ERR,ERR,ERR,ERR,ERR,ERR,ERR,ERR,ERR,ERR,ERR,ERR,ERR,ERR,ERR,ERR,ERR,ERR,ERR,ERR,ERR,ERR,ERR,ERR,ERR,ERR,ERR,ERR,ERR,ERR,ERR,ERR,ERR,ERR,ERR,ERR,ERR,ERR,ERR,ERR,ERR,ERR,ERR,ERR,ERR,ERR,ERR,ERR,ERR,ERR,ERR,34.0,80.0,35,0.0,0.0,0.0,0.0,0.0,0.0,0.0,0.0,0.0,0.0,0.0,0.0,0.0,0.0,0.0,0.0,66.0,0,119,58,53,65476,0,300,0,0,8,20529,65476,0,0,57672,80.0,0.0,0.0,0.0,0.0,0.0
2026-06-18T02:51:06,ERR,ERR,ERR,ERR,ERR,ERR,ERR,ERR,ERR,ERR,ERR,ERR,ERR,ERR,ERR,ERR,ERR,ERR,ERR,ERR,ERR,ERR,ERR,ERR,ERR,ERR,ERR,ERR,ERR,ERR,ERR,ERR,ERR,ERR,ERR,ERR,ERR,ERR,ERR,ERR,ERR,ERR,ERR,ERR,ERR,ERR,ERR,ERR,ERR,ERR,ERR,ERR,ERR,ERR,ERR,ERR,ERR,ERR,ERR,ERR,ERR,ERR,ERR,ERR,ERR,ERR,ERR,ERR,ERR,ERR,ERR,ERR,ERR,ERR,ERR,ERR,ERR,ERR,ERR,ERR,ERR,ERR,ERR,ERR,ERR,ERR,ERR,ERR,ERR,ERR,ERR,ERR,ERR,ERR,ERR,ERR,ERR,ERR,ERR,ERR,ERR,ERR,ERR,ERR,ERR,ERR,ERR,ERR,ERR,ERR,ERR,ERR,ERR,ERR,ERR,ERR,ERR,ERR,ERR,ERR,ERR,ERR,ERR,ERR,ERR,0.0,-107615384.0,0.0,-0.0,-1.584,1.3936040501711995e+18,7.805,8.60689115769574e+30,0,0,4,48965,6720,14723890282496.0,100,0.0,0.0,0.0,-152005385388032.0,0.0,0,0,0,0,0.0,0,0,0,0,0,0,0,0,0,0,0,0,0,0,0,0,0,0,0,0,0,0,0,0,0,0,0,0,0,0,0,0,0,26,51,50,76,65476,0,300,0,0,8,21553,0.0,-107605600.0,0.0,0.0,0.0,0.0,0.0,0.0,0.0,0.0,0.0,0.0,0.0,0.0,0.0,0.0,0.0,0.0,0.0,0.0,0.0,0.0,-0.0,-2.004,-0.0,2.004,0.0,0.0,0.0,0.0,4820.0,-0.0,7254.0,0.0,-107615384.0,2.7184303811560617e+23,2.718431101732002e+23,0.0,0.0,0.0,0.0,77,-71.63,-2.308826643966827e+20,0.0,0.0,0.0,0.0,0.0,0.0,0.0,0,0,0,0.0,0.0,0.0,0.0,0.0,0.0,0.0,0.0,0.0,0.0,0.0,0.0,0.0,0.0,0.0,0.0,0,-107875648.0,77,0.0,154,0.0,-101056864.0,ERR,ERR,ERR,ERR,ERR,ERR,ERR,ERR,ERR,ERR,ERR,ERR,ERR,ERR,ERR,ERR,ERR,ERR,ERR,ERR,ERR,ERR,ERR,ERR,ERR,ERR,ERR,ERR,ERR,ERR,ERR,ERR,ERR,ERR,ERR,ERR,ERR,ERR,ERR,ERR,ERR,ERR,ERR,ERR,ERR,ERR,ERR,ERR,ERR,ERR,ERR,ERR,ERR,ERR,ERR,ERR,ERR,ERR,ERR,ERR,ERR,ERR,ERR,ERR,ERR,ERR,ERR,34.0,80.0,35,0.0,0.0,0.0,0.0,0.0,0.0,0.0,0.0,0.0,0.0,0.0,0.0,0.0,0.0,0.0,0.0,65.6,0,119,58,53,65476,0,300,0,0,8,20529,65476,0,0,57672,80.0,0.0,0.0,0.0,0.0,0.0
2026-06-18T02:51:07,ERR,ERR,ERR,ERR,ERR,ERR,ERR,ERR,ERR,ERR,ERR,ERR,ERR,ERR,ERR,ERR,ERR,ERR,ERR,ERR,ERR,ERR,ERR,ERR,ERR,ERR,ERR,ERR,ERR,ERR,ERR,ERR,ERR,ERR,ERR,ERR,ERR,ERR,ERR,ERR,ERR,ERR,ERR,ERR,ERR,ERR,ERR,ERR,ERR,ERR,ERR,ERR,ERR,ERR,ERR,ERR,ERR,ERR,ERR,ERR,ERR,ERR,ERR,ERR,ERR,ERR,ERR,ERR,ERR,ERR,ERR,ERR,ERR,ERR,ERR,ERR,ERR,ERR,ERR,ERR,ERR,ERR,ERR,ERR,ERR,ERR,ERR,ERR,ERR,ERR,ERR,ERR,ERR,ERR,ERR,ERR,ERR,ERR,ERR,ERR,ERR,ERR,ERR,ERR,ERR,ERR,ERR,ERR,ERR,ERR,ERR,ERR,ERR,ERR,ERR,ERR,ERR,ERR,ERR,ERR,ERR,ERR,ERR,ERR,ERR,0.0,-107615384.0,0.0,-0.0,-1.584,1.3936040501711995e+18,7.805,8.60689115769574e+30,0,0,4,48965,6720,14723890282496.0,100,0.0,0.0,0.0,-152005385388032.0,0.0,0,0,0,0,0.0,0,0,0,0,0,0,0,0,0,0,0,0,0,0,0,0,0,0,0,0,0,0,0,0,0,0,0,0,0,0,0,0,0,26,51,50,76,65476,0,300,0,0,8,21553,0.0,-107605600.0,0.0,0.0,0.0,0.0,0.0,0.0,0.0,0.0,0.0,0.0,0.0,0.0,0.0,0.0,0.0,0.0,0.0,0.0,0.0,0.0,-0.0,-2.004,-0.0,2.004,0.0,0.0,0.0,0.0,4820.0,-0.0,7254.0,0.0,-107615384.0,2.7184303811560617e+23,2.718431101732002e+23,0.0,0.0,0.0,0.0,77,-71.63,-2.308826643966827e+20,0.0,0.0,0.0,0.0,0.0,0.0,0.0,0,0,0,0.0,0.0,0.0,0.0,0.0,0.0,0.0,0.0,0.0,0.0,0.0,0.0,0.0,0.0,0.0,0.0,0,-107875648.0,77,0.0,154,0.0,-101056864.0,ERR,ERR,ERR,ERR,ERR,ERR,ERR,ERR,ERR,ERR,ERR,ERR,ERR,ERR,ERR,ERR,ERR,ERR,ERR,ERR,ERR,ERR,ERR,ERR,ERR,ERR,ERR,ERR,ERR,ERR,ERR,ERR,ERR,ERR,ERR,ERR,ERR,ERR,ERR,ERR,ERR,ERR,ERR,ERR,ERR,ERR,ERR,ERR,ERR,ERR,ERR,ERR,ERR,ERR,ERR,ERR,ERR,ERR,ERR,ERR,ERR,ERR,ERR,ERR,ERR,ERR,ERR,34.0,80.0,35,0.0,0.0,0.0,0.0,0.0,0.0,0.0,0.0,0.0,0.0,0.0,0.0,0.0,0.0,0.0,0.0,65.6,0,119,58,53,65476,0,300,0,0,8,20529,65476,0,0,57672,80.0,0.0,0.0,0.0,0.0,0.0
2026-06-18T02:51:08,ERR,ERR,ERR,ERR,ERR,ERR,ERR,ERR,ERR,ERR,ERR,ERR,ERR,ERR,ERR,ERR,ERR,ERR,ERR,ERR,ERR,ERR,ERR,ERR,ERR,ERR,ERR,ERR,ERR,ERR,ERR,ERR,ERR,ERR,ERR,ERR,ERR,ERR,ERR,ERR,ERR,ERR,ERR,ERR,ERR,ERR,ERR,ERR,ERR,ERR,ERR,ERR,ERR,ERR,ERR,ERR,ERR,ERR,ERR,ERR,ERR,ERR,ERR,ERR,ERR,ERR,ERR,ERR,ERR,ERR,ERR,ERR,ERR,ERR,ERR,ERR,ERR,ERR,ERR,ERR,ERR,ERR,ERR,ERR,ERR,ERR,ERR,ERR,ERR,ERR,ERR,ERR,ERR,ERR,ERR,ERR,ERR,ERR,ERR,ERR,ERR,ERR,ERR,ERR,ERR,ERR,ERR,ERR,ERR,ERR,ERR,ERR,ERR,ERR,ERR,ERR,ERR,ERR,ERR,ERR,ERR,ERR,ERR,ERR,ERR,0.0,-107615384.0,0.0,-0.0,-1.584,1.3936040501711995e+18,7.805,8.60689115769574e+30,0,0,4,48965,6720,14723890282496.0,100,0.0,0.0,0.0,-152005385388032.0,0.0,0,0,0,0,0.0,0,0,0,0,0,0,0,0,0,0,0,0,0,0,0,0,0,0,0,0,0,0,0,0,0,0,0,0,0,0,0,0,0,26,51,50,76,65476,0,300,0,0,8,21553,0.0,-107605600.0,0.0,0.0,0.0,0.0,0.0,0.0,0.0,0.0,0.0,0.0,0.0,0.0,0.0,0.0,0.0,0.0,0.0,0.0,0.0,0.0,-0.0,-2.004,-0.0,2.004,0.0,0.0,0.0,0.0,4820.0,-0.0,7254.0,0.0,-107615384.0,2.7184303811560617e+23,2.718431101732002e+23,0.0,0.0,0.0,0.0,77,-71.63,-2.308826643966827e+20,0.0,0.0,0.0,0.0,0.0,0.0,0.0,0,0,0,0.0,0.0,0.0,0.0,0.0,0.0,0.0,0.0,0.0,0.0,0.0,0.0,0.0,0.0,0.0,0.0,0,-107875648.0,77,0.0,154,0.0,-101056864.0,ERR,ERR,ERR,ERR,ERR,ERR,ERR,ERR,ERR,ERR,ERR,ERR,ERR,ERR,ERR,ERR,ERR,ERR,ERR,ERR,ERR,ERR,ERR,ERR,ERR,ERR,ERR,ERR,ERR,ERR,ERR,ERR,ERR,ERR,ERR,ERR,ERR,ERR,ERR,ERR,ERR,ERR,ERR,ERR,ERR,ERR,ERR,ERR,ERR,ERR,ERR,ERR,ERR,ERR,ERR,ERR,ERR,ERR,ERR,ERR,ERR,ERR,ERR,ERR,ERR,ERR,ERR,34.0,80.0,35,0.0,0.0,0.0,0.0,0.0,0.0,0.0,0.0,0.0,0.0,0.0,0.0,0.0,0.0,0.0,0.0,65.6,0,119,58,53,65476,0,300,0,0,8,20529,65476,0,0,57672,80.0,0.0,0.0,0.0,0.0,0.0
2026-06-18T02:51:09,ERR,ERR,ERR,ERR,ERR,ERR,ERR,ERR,ERR,ERR,ERR,ERR,ERR,ERR,ERR,ERR,ERR,ERR,ERR,ERR,ERR,ERR,ERR,ERR,ERR,ERR,ERR,ERR,ERR,ERR,ERR,ERR,ERR,ERR,ERR,ERR,ERR,ERR,ERR,ERR,ERR,ERR,ERR,ERR,ERR,ERR,ERR,ERR,ERR,ERR,ERR,ERR,ERR,ERR,ERR,ERR,ERR,ERR,ERR,ERR,ERR,ERR,ERR,ERR,ERR,ERR,ERR,ERR,ERR,ERR,ERR,ERR,ERR,ERR,ERR,ERR,ERR,ERR,ERR,ERR,ERR,ERR,ERR,ERR,ERR,ERR,ERR,ERR,ERR,ERR,ERR,ERR,ERR,ERR,ERR,ERR,ERR,ERR,ERR,ERR,ERR,ERR,ERR,ERR,ERR,ERR,ERR,ERR,ERR,ERR,ERR,ERR,ERR,ERR,ERR,ERR,ERR,ERR,ERR,ERR,ERR,ERR,ERR,ERR,ERR,0.0,-107615384.0,0.0,-0.0,-1.584,1.3936040501711995e+18,7.805,8.60689115769574e+30,0,0,4,48965,6720,14723890282496.0,100,0.0,0.0,0.0,-152005385388032.0,0.0,0,0,0,0,0.0,0,0,0,0,0,0,0,0,0,0,0,0,0,0,0,0,0,0,0,0,0,0,0,0,0,0,0,0,0,0,0,0,0,26,51,50,76,65476,0,300,0,0,8,21553,0.0,-107605600.0,0.0,0.0,0.0,0.0,0.0,0.0,0.0,0.0,0.0,0.0,0.0,0.0,0.0,0.0,0.0,0.0,0.0,0.0,0.0,0.0,-0.0,-2.004,-0.0,2.004,0.0,0.0,0.0,0.0,4820.0,-0.0,7254.0,0.0,-107615384.0,2.7184303811560617e+23,2.718431101732002e+23,0.0,0.0,0.0,0.0,77,-71.63,-2.308826643966827e+20,0.0,0.0,0.0,0.0,0.0,0.0,0.0,0,0,0,0.0,0.0,0.0,0.0,0.0,0.0,0.0,0.0,0.0,0.0,0.0,0.0,0.0,0.0,0.0,0.0,0,-107875648.0,77,0.0,154,0.0,-101056864.0,ERR,ERR,ERR,ERR,ERR,ERR,ERR,ERR,ERR,ERR,ERR,ERR,ERR,ERR,ERR,ERR,ERR,ERR,ERR,ERR,ERR,ERR,ERR,ERR,ERR,ERR,ERR,ERR,ERR,ERR,ERR,ERR,ERR,ERR,ERR,ERR,ERR,ERR,ERR,ERR,ERR,ERR,ERR,ERR,ERR,ERR,ERR,ERR,ERR,ERR,ERR,ERR,ERR,ERR,ERR,ERR,ERR,ERR,ERR,ERR,ERR,ERR,ERR,ERR,ERR,ERR,ERR,34.0,80.0,35,0.0,0.0,0.0,0.0,0.0,0.0,0.0,0.0,0.0,0.0,0.0,0.0,0.0,0.0,0.0,0.0,66.0,0,119,58,53,65476,0,300,0,0,8,20529,65476,0,0,57672,80.0,0.0,0.0,0.0,0.0,0.0
2026-06-18T02:51:10,ERR,ERR,ERR,ERR,ERR,ERR,ERR,ERR,ERR,ERR,ERR,ERR,ERR,ERR,ERR,ERR,ERR,ERR,ERR,ERR,ERR,ERR,ERR,ERR,ERR,ERR,ERR,ERR,ERR,ERR,ERR,ERR,ERR,ERR,ERR,ERR,ERR,ERR,ERR,ERR,ERR,ERR,ERR,ERR,ERR,ERR,ERR,ERR,ERR,ERR,ERR,ERR,ERR,ERR,ERR,ERR,ERR,ERR,ERR,ERR,ERR,ERR,ERR,ERR,ERR,ERR,ERR,ERR,ERR,ERR,ERR,ERR,ERR,ERR,ERR,ERR,ERR,ERR,ERR,ERR,ERR,ERR,ERR,ERR,ERR,ERR,ERR,ERR,ERR,ERR,ERR,ERR,ERR,ERR,ERR,ERR,ERR,ERR,ERR,ERR,ERR,ERR,ERR,ERR,ERR,ERR,ERR,ERR,ERR,ERR,ERR,ERR,ERR,ERR,ERR,ERR,ERR,ERR,ERR,ERR,ERR,ERR,ERR,ERR,ERR,0.0,-107615384.0,0.0,-0.0,-1.584,1.3936040501711995e+18,7.805,8.60689115769574e+30,0,0,4,48965,6720,14723890282496.0,100,0.0,0.0,0.0,-152005385388032.0,0.0,0,0,0,0,0.0,0,0,0,0,0,0,0,0,0,0,0,0,0,0,0,0,0,0,0,0,0,0,0,0,0,0,0,0,0,0,0,0,0,26,51,50,76,65476,0,300,0,0,8,21553,0.0,-107605600.0,0.0,0.0,0.0,0.0,0.0,0.0,0.0,0.0,0.0,0.0,0.0,0.0,0.0,0.0,0.0,0.0,0.0,0.0,0.0,0.0,-0.0,-2.004,-0.0,2.004,0.0,0.0,0.0,0.0,4820.0,-0.0,7254.0,0.0,-107615384.0,2.7184303811560617e+23,2.718431101732002e+23,0.0,0.0,0.0,0.0,77,-71.63,-2.308826643966827e+20,0.0,0.0,0.0,0.0,0.0,0.0,0.0,0,0,0,0.0,0.0,0.0,0.0,0.0,0.0,0.0,0.0,0.0,0.0,0.0,0.0,0.0,0.0,0.0,0.0,0,-107875648.0,77,0.0,154,0.0,-101056864.0,ERR,ERR,ERR,ERR,ERR,ERR,ERR,ERR,ERR,ERR,ERR,ERR,ERR,ERR,ERR,ERR,ERR,ERR,ERR,ERR,ERR,ERR,ERR,ERR,ERR,ERR,ERR,ERR,ERR,ERR,ERR,ERR,ERR,ERR,ERR,ERR,ERR,ERR,ERR,ERR,ERR,ERR,ERR,ERR,ERR,ERR,ERR,ERR,ERR,ERR,ERR,ERR,ERR,ERR,ERR,ERR,ERR,ERR,ERR,ERR,ERR,ERR,ERR,ERR,ERR,ERR,ERR,34.0,80.0,35,0.0,0.0,0.0,0.0,0.0,0.0,0.0,0.0,0.0,0.0,0.0,0.0,0.0,0.0,0.0,0.0,66.0,0,119,58,53,65476,0,300,0,0,8,20529,65476,0,0,57672,80.0,0.0,0.0,0.0,0.0,0.0
2026-06-18T02:51:11,ERR,ERR,ERR,ERR,ERR,ERR,ERR,ERR,ERR,ERR,ERR,ERR,ERR,ERR,ERR,ERR,ERR,ERR,ERR,ERR,ERR,ERR,ERR,ERR,ERR,ERR,ERR,ERR,ERR,ERR,ERR,ERR,ERR,ERR,ERR,ERR,ERR,ERR,ERR,ERR,ERR,ERR,ERR,ERR,ERR,ERR,ERR,ERR,ERR,ERR,ERR,ERR,ERR,ERR,ERR,ERR,ERR,ERR,ERR,ERR,ERR,ERR,ERR,ERR,ERR,ERR,ERR,ERR,ERR,ERR,ERR,ERR,ERR,ERR,ERR,ERR,ERR,ERR,ERR,ERR,ERR,ERR,ERR,ERR,ERR,ERR,ERR,ERR,ERR,ERR,ERR,ERR,ERR,ERR,ERR,ERR,ERR,ERR,ERR,ERR,ERR,ERR,ERR,ERR,ERR,ERR,ERR,ERR,ERR,ERR,ERR,ERR,ERR,ERR,ERR,ERR,ERR,ERR,ERR,ERR,ERR,ERR,ERR,ERR,ERR,0.0,-107615384.0,0.0,-0.0,-1.584,1.3936040501711995e+18,7.805,8.60689115769574e+30,0,0,4,48965,6720,14723890282496.0,100,0.0,0.0,0.0,-152005385388032.0,0.0,0,0,0,0,0.0,0,0,0,0,0,0,0,0,0,0,0,0,0,0,0,0,0,0,0,0,0,0,0,0,0,0,0,0,0,0,0,0,0,26,51,50,76,65476,0,300,0,0,8,21553,0.0,-107605600.0,0.0,0.0,0.0,0.0,0.0,0.0,0.0,0.0,0.0,0.0,0.0,0.0,0.0,0.0,0.0,0.0,0.0,0.0,0.0,0.0,-0.0,-2.004,-0.0,2.004,0.0,0.0,0.0,0.0,4820.0,-0.0,7254.0,0.0,-107615384.0,2.7184303811560617e+23,2.718431101732002e+23,0.0,0.0,0.0,0.0,77,-71.63,-2.308826643966827e+20,0.0,0.0,0.0,0.0,0.0,0.0,0.0,0,0,0,0.0,0.0,0.0,0.0,0.0,0.0,0.0,0.0,0.0,0.0,0.0,0.0,0.0,0.0,0.0,0.0,0,-107875648.0,77,0.0,154,0.0,-101056864.0,ERR,ERR,ERR,ERR,ERR,ERR,ERR,ERR,ERR,ERR,ERR,ERR,ERR,ERR,ERR,ERR,ERR,ERR,ERR,ERR,ERR,ERR,ERR,ERR,ERR,ERR,ERR,ERR,ERR,ERR,ERR,ERR,ERR,ERR,ERR,ERR,ERR,ERR,ERR,ERR,ERR,ERR,ERR,ERR,ERR,ERR,ERR,ERR,ERR,ERR,ERR,ERR,ERR,ERR,ERR,ERR,ERR,ERR,ERR,ERR,ERR,ERR,ERR,ERR,ERR,ERR,ERR,34.0,80.0,35,0.0,0.0,0.0,0.0,0.0,0.0,0.0,0.0,0.0,0.0,0.0,0.0,0.0,0.0,0.0,0.0,65.6,0,119,58,53,65476,0,300,0,0,8,20529,65476,0,0,57672,80.0,0.0,0.0,0.0,0.0,0.0
2026-06-18T02:51:12,ERR,ERR,ERR,ERR,ERR,ERR,ERR,ERR,ERR,ERR,ERR,ERR,ERR,ERR,ERR,ERR,ERR,ERR,ERR,ERR,ERR,ERR,ERR,ERR,ERR,ERR,ERR,ERR,ERR,ERR,ERR,ERR,ERR,ERR,ERR,ERR,ERR,ERR,ERR,ERR,ERR,ERR,ERR,ERR,ERR,ERR,ERR,ERR,ERR,ERR,ERR,ERR,ERR,ERR,ERR,ERR,ERR,ERR,ERR,ERR,ERR,ERR,ERR,ERR,ERR,ERR,ERR,ERR,ERR,ERR,ERR,ERR,ERR,ERR,ERR,ERR,ERR,ERR,ERR,ERR,ERR,ERR,ERR,ERR,ERR,ERR,ERR,ERR,ERR,ERR,ERR,ERR,ERR,ERR,ERR,ERR,ERR,ERR,ERR,ERR,ERR,ERR,ERR,ERR,ERR,ERR,ERR,ERR,ERR,ERR,ERR,ERR,ERR,ERR,ERR,ERR,ERR,ERR,ERR,ERR,ERR,ERR,ERR,ERR,ERR,0.0,-107615384.0,0.0,-0.0,nan,1.3936040501711995e+18,7.805,2527533.5,0,0,4,48961,6720,14723890282496.0,100,0.0,0.0,0.0,-0.0,0.0,0,0,0,0,0.0,0,0,0,0,0,0,0,0,0,0,0,0,0,0,0,0,0,0,0,0,0,0,0,0,0,0,0,0,0,0,0,0,0,26,51,50,76,65476,0,300,0,0,8,21553,0.0,-107605600.0,0.0,0.0,0.0,0.0,0.0,0.0,0.0,0.0,0.0,0.0,0.0,0.0,0.0,0.0,0.0,0.0,0.0,0.0,0.0,0.0,-0.0,-2.004,-0.0,2.004,0.0,0.0,0.0,0.0,4819.0,-0.0,7252.0,0.0,-107615384.0,2.7184303811560617e+23,0.0,0.0,0.0,0.0,0.0,77,-0.059,-107614720.0,0.0,0.0,0.0,0.0,0.0,0.0,0.0,0,0,0,0.0,0.0,0.0,0.0,0.0,0.0,0.0,0.0,0.0,0.0,0.0,0.0,0.0,0.0,0.0,0.0,0,-107875648.0,77,0.0,154,0.0,-101056864.0,ERR,ERR,ERR,ERR,ERR,ERR,ERR,ERR,ERR,ERR,ERR,ERR,ERR,ERR,ERR,ERR,ERR,ERR,ERR,ERR,ERR,ERR,ERR,ERR,ERR,ERR,ERR,ERR,ERR,ERR,ERR,ERR,ERR,ERR,ERR,ERR,ERR,ERR,ERR,ERR,ERR,ERR,ERR,ERR,ERR,ERR,ERR,ERR,ERR,ERR,ERR,ERR,ERR,ERR,ERR,ERR,ERR,ERR,ERR,ERR,ERR,ERR,ERR,ERR,ERR,ERR,ERR,34.0,80.0,35,0.0,0.0,0.0,0.0,0.0,0.0,0.0,0.0,0.0,0.0,0.0,0.0,0.0,0.0,0.0,0.0,65.6,0,119,58,53,65476,0,300,0,0,8,20529,65476,0,0,57672,80.0,0.0,0.0,0.0,0.0,0.0
2026-06-18T02:51:13,ERR,ERR,ERR,ERR,ERR,ERR,ERR,ERR,ERR,ERR,ERR,ERR,ERR,ERR,ERR,ERR,ERR,ERR,ERR,ERR,ERR,ERR,ERR,ERR,ERR,ERR,ERR,ERR,ERR,ERR,ERR,ERR,ERR,ERR,ERR,ERR,ERR,ERR,ERR,ERR,ERR,ERR,ERR,ERR,ERR,ERR,ERR,ERR,ERR,ERR,ERR,ERR,ERR,ERR,ERR,ERR,ERR,ERR,ERR,ERR,ERR,ERR,ERR,ERR,ERR,ERR,ERR,ERR,ERR,ERR,ERR,ERR,ERR,ERR,ERR,ERR,ERR,ERR,ERR,ERR,ERR,ERR,ERR,ERR,ERR,ERR,ERR,ERR,ERR,ERR,ERR,ERR,ERR,ERR,ERR,ERR,ERR,ERR,ERR,ERR,ERR,ERR,ERR,ERR,ERR,ERR,ERR,ERR,ERR,ERR,ERR,ERR,ERR,ERR,ERR,ERR,ERR,ERR,ERR,ERR,ERR,ERR,ERR,ERR,ERR,0.0,-107615384.0,0.0,-0.0,nan,1.3936040501711995e+18,7.805,2527533.5,0,0,4,48961,6720,14723890282496.0,100,0.0,0.0,0.0,-0.0,0.0,0,0,0,0,0.0,0,0,0,0,0,0,0,0,0,0,0,0,0,0,0,0,0,0,0,0,0,0,0,0,0,0,0,0,0,0,0,0,0,26,51,50,76,65476,0,300,0,0,8,21553,0.0,-107605600.0,0.0,0.0,0.0,0.0,0.0,0.0,0.0,0.0,0.0,0.0,0.0,0.0,0.0,0.0,0.0,0.0,0.0,0.0,0.0,0.0,-0.0,-2.004,-0.0,2.004,0.0,0.0,0.0,0.0,4819.0,-0.0,7252.0,0.0,-107615384.0,2.7184303811560617e+23,0.0,0.0,0.0,0.0,0.0,77,-0.059,-107614720.0,0.0,0.0,0.0,0.0,0.0,0.0,0.0,0,0,0,0.0,0.0,0.0,0.0,0.0,0.0,0.0,0.0,0.0,0.0,0.0,0.0,0.0,0.0,0.0,0.0,0,-107875648.0,77,0.0,154,0.0,-101056864.0,ERR,ERR,ERR,ERR,ERR,ERR,ERR,ERR,ERR,ERR,ERR,ERR,ERR,ERR,ERR,ERR,ERR,ERR,ERR,ERR,ERR,ERR,ERR,ERR,ERR,ERR,ERR,ERR,ERR,ERR,ERR,ERR,ERR,ERR,ERR,ERR,ERR,ERR,ERR,ERR,ERR,ERR,ERR,ERR,ERR,ERR,ERR,ERR,ERR,ERR,ERR,ERR,ERR,ERR,ERR,ERR,ERR,ERR,ERR,ERR,ERR,ERR,ERR,ERR,ERR,ERR,ERR,34.0,80.0,35,0.0,0.0,0.0,0.0,0.0,0.0,0.0,0.0,0.0,0.0,0.0,0.0,0.0,0.0,0.0,0.0,65.6,0,119,58,53,65476,0,300,0,0,8,20529,65476,0,0,57672,80.0,0.0,0.0,0.0,0.0,0.0
2026-06-18T02:51:14,ERR,ERR,ERR,ERR,ERR,ERR,ERR,ERR,ERR,ERR,ERR,ERR,ERR,ERR,ERR,ERR,ERR,ERR,ERR,ERR,ERR,ERR,ERR,ERR,ERR,ERR,ERR,ERR,ERR,ERR,ERR,ERR,ERR,ERR,ERR,ERR,ERR,ERR,ERR,ERR,ERR,ERR,ERR,ERR,ERR,ERR,ERR,ERR,ERR,ERR,ERR,ERR,ERR,ERR,ERR,ERR,ERR,ERR,ERR,ERR,ERR,ERR,ERR,ERR,ERR,ERR,ERR,ERR,ERR,ERR,ERR,ERR,ERR,ERR,ERR,ERR,ERR,ERR,ERR,ERR,ERR,ERR,ERR,ERR,ERR,ERR,ERR,ERR,ERR,ERR,ERR,ERR,ERR,ERR,ERR,ERR,ERR,ERR,ERR,ERR,ERR,ERR,ERR,ERR,ERR,ERR,ERR,ERR,ERR,ERR,ERR,ERR,ERR,ERR,ERR,ERR,ERR,ERR,ERR,ERR,ERR,ERR,ERR,ERR,ERR,0.0,-107615384.0,0.0,-0.0,nan,1.3936040501711995e+18,7.805,2527533.5,0,0,4,48961,6720,14723890282496.0,100,0.0,0.0,0.0,-0.0,0.0,0,0,0,0,0.0,0,0,0,0,0,0,0,0,0,0,0,0,0,0,0,0,0,0,0,0,0,0,0,0,0,0,0,0,0,0,0,0,0,26,51,50,76,65476,0,300,0,0,8,21553,0.0,-107605600.0,0.0,0.0,0.0,0.0,0.0,0.0,0.0,0.0,0.0,0.0,0.0,0.0,0.0,0.0,0.0,0.0,0.0,0.0,0.0,0.0,-0.0,-2.004,-0.0,2.004,0.0,0.0,0.0,0.0,4819.0,-0.0,7252.0,0.0,-107615384.0,2.7184303811560617e+23,0.0,0.0,0.0,0.0,0.0,77,-0.059,-107614720.0,0.0,0.0,0.0,0.0,0.0,0.0,0.0,0,0,0,0.0,0.0,0.0,0.0,0.0,0.0,0.0,0.0,0.0,0.0,0.0,0.0,0.0,0.0,0.0,0.0,0,-107875648.0,77,0.0,154,0.0,-101056864.0,ERR,ERR,ERR,ERR,ERR,ERR,ERR,ERR,ERR,ERR,ERR,ERR,ERR,ERR,ERR,ERR,ERR,ERR,ERR,ERR,ERR,ERR,ERR,ERR,ERR,ERR,ERR,ERR,ERR,ERR,ERR,ERR,ERR,ERR,ERR,ERR,ERR,ERR,ERR,ERR,ERR,ERR,ERR,ERR,ERR,ERR,ERR,ERR,ERR,ERR,ERR,ERR,ERR,ERR,ERR,ERR,ERR,ERR,ERR,ERR,ERR,ERR,ERR,ERR,ERR,ERR,ERR,34.0,80.0,35,0.0,0.0,0.0,0.0,0.0,0.0,0.0,0.0,0.0,0.0,0.0,0.0,0.0,0.0,0.0,0.0,65.6,0,119,58,53,65476,0,300,0,0,8,20529,65476,0,0,57672,80.0,0.0,0.0,0.0,0.0,0.0
2026-06-18T02:51:15,ERR,ERR,ERR,ERR,ERR,ERR,ERR,ERR,ERR,ERR,ERR,ERR,ERR,ERR,ERR,ERR,ERR,ERR,ERR,ERR,ERR,ERR,ERR,ERR,ERR,ERR,ERR,ERR,ERR,ERR,ERR,ERR,ERR,ERR,ERR,ERR,ERR,ERR,ERR,ERR,ERR,ERR,ERR,ERR,ERR,ERR,ERR,ERR,ERR,ERR,ERR,ERR,ERR,ERR,ERR,ERR,ERR,ERR,ERR,ERR,ERR,ERR,ERR,ERR,ERR,ERR,ERR,ERR,ERR,ERR,ERR,ERR,ERR,ERR,ERR,ERR,ERR,ERR,ERR,ERR,ERR,ERR,ERR,ERR,ERR,ERR,ERR,ERR,ERR,ERR,ERR,ERR,ERR,ERR,ERR,ERR,ERR,ERR,ERR,ERR,ERR,ERR,ERR,ERR,ERR,ERR,ERR,ERR,ERR,ERR,ERR,ERR,ERR,ERR,ERR,ERR,ERR,ERR,ERR,ERR,ERR,ERR,ERR,ERR,ERR,0.0,-107615384.0,0.0,-0.0,nan,1.3936040501711995e+18,7.805,2527533.5,0,0,4,48961,6720,14723890282496.0,100,0.0,0.0,0.0,-0.0,0.0,0,0,0,0,0.0,0,0,0,0,0,0,0,0,0,0,0,0,0,0,0,0,0,0,0,0,0,0,0,0,0,0,0,0,0,0,0,0,0,26,51,50,76,65476,0,300,0,0,8,21553,0.0,-107605600.0,0.0,0.0,0.0,0.0,0.0,0.0,0.0,0.0,0.0,0.0,0.0,0.0,0.0,0.0,0.0,0.0,0.0,0.0,0.0,0.0,-0.0,-2.004,-0.0,2.004,0.0,0.0,0.0,0.0,4819.0,-0.0,7252.0,0.0,-107615384.0,2.7184303811560617e+23,0.0,0.0,0.0,0.0,0.0,77,-0.059,-107614720.0,0.0,0.0,0.0,0.0,0.0,0.0,0.0,0,0,0,0.0,0.0,0.0,0.0,0.0,0.0,0.0,0.0,0.0,0.0,0.0,0.0,0.0,0.0,0.0,0.0,0,-107875648.0,77,0.0,154,0.0,-101056864.0,ERR,ERR,ERR,ERR,ERR,ERR,ERR,ERR,ERR,ERR,ERR,ERR,ERR,ERR,ERR,ERR,ERR,ERR,ERR,ERR,ERR,ERR,ERR,ERR,ERR,ERR,ERR,ERR,ERR,ERR,ERR,ERR,ERR,ERR,ERR,ERR,ERR,ERR,ERR,ERR,ERR,ERR,ERR,ERR,ERR,ERR,ERR,ERR,ERR,ERR,ERR,ERR,ERR,ERR,ERR,ERR,ERR,ERR,ERR,ERR,ERR,ERR,ERR,ERR,ERR,ERR,ERR,34.0,80.0,35,0.0,0.0,0.0,0.0,0.0,0.0,0.0,0.0,0.0,0.0,0.0,0.0,0.0,0.0,0.0,0.0,65.6,0,119,58,53,65476,0,300,0,0,8,20529,65476,0,0,57672,80.0,0.0,0.0,0.0,0.0,0.0
2026-06-18T02:51:16,ERR,ERR,ERR,ERR,ERR,ERR,ERR,ERR,ERR,ERR,ERR,ERR,ERR,ERR,ERR,ERR,ERR,ERR,ERR,ERR,ERR,ERR,ERR,ERR,ERR,ERR,ERR,ERR,ERR,ERR,ERR,ERR,ERR,ERR,ERR,ERR,ERR,ERR,ERR,ERR,ERR,ERR,ERR,ERR,ERR,ERR,ERR,ERR,ERR,ERR,ERR,ERR,ERR,ERR,ERR,ERR,ERR,ERR,ERR,ERR,ERR,ERR,ERR,ERR,ERR,ERR,ERR,ERR,ERR,ERR,ERR,ERR,ERR,ERR,ERR,ERR,ERR,ERR,ERR,ERR,ERR,ERR,ERR,ERR,ERR,ERR,ERR,ERR,ERR,ERR,ERR,ERR,ERR,ERR,ERR,ERR,ERR,ERR,ERR,ERR,ERR,ERR,ERR,ERR,ERR,ERR,ERR,ERR,ERR,ERR,ERR,ERR,ERR,ERR,ERR,ERR,ERR,ERR,ERR,ERR,ERR,ERR,ERR,ERR,ERR,0.0,-107615384.0,0.0,-0.0,nan,1.3936040501711995e+18,7.805,2527533.5,0,0,4,48961,6720,14723890282496.0,100,0.0,0.0,0.0,-0.0,0.0,0,0,0,0,0.0,0,0,0,0,0,0,0,0,0,0,0,0,0,0,0,0,0,0,0,0,0,0,0,0,0,0,0,0,0,0,0,0,0,26,51,50,76,65476,0,300,0,0,8,21553,0.0,-107605600.0,0.0,0.0,0.0,0.0,0.0,0.0,0.0,0.0,0.0,0.0,0.0,0.0,0.0,0.0,0.0,0.0,0.0,0.0,0.0,0.0,-0.0,-2.004,-0.0,2.004,0.0,0.0,0.0,0.0,4819.0,-0.0,7252.0,0.0,-107615384.0,2.7184303811560617e+23,0.0,0.0,0.0,0.0,0.0,77,-0.059,-107614720.0,0.0,0.0,0.0,0.0,0.0,0.0,0.0,0,0,0,0.0,0.0,0.0,0.0,0.0,0.0,0.0,0.0,0.0,0.0,0.0,0.0,0.0,0.0,0.0,0.0,0,-107875648.0,77,0.0,154,0.0,-101056864.0,ERR,ERR,ERR,ERR,ERR,ERR,ERR,ERR,ERR,ERR,ERR,ERR,ERR,ERR,ERR,ERR,ERR,ERR,ERR,ERR,ERR,ERR,ERR,ERR,ERR,ERR,ERR,ERR,ERR,ERR,ERR,ERR,ERR,ERR,ERR,ERR,ERR,ERR,ERR,ERR,ERR,ERR,ERR,ERR,ERR,ERR,ERR,ERR,ERR,ERR,ERR,ERR,ERR,ERR,ERR,ERR,ERR,ERR,ERR,ERR,ERR,ERR,ERR,ERR,ERR,ERR,ERR,34.0,80.0,35,0.0,0.0,0.0,0.0,0.0,0.0,0.0,0.0,0.0,0.0,0.0,0.0,0.0,0.0,0.0,0.0,65.6,0,119,58,53,65476,0,300,0,0,8,20529,65476,0,0,57672,80.0,0.0,0.0,0.0,0.0,0.0
2026-06-18T02:51:17,ERR,ERR,ERR,ERR,ERR,ERR,ERR,ERR,ERR,ERR,ERR,ERR,ERR,ERR,ERR,ERR,ERR,ERR,ERR,ERR,ERR,ERR,ERR,ERR,ERR,ERR,ERR,ERR,ERR,ERR,ERR,ERR,ERR,ERR,ERR,ERR,ERR,ERR,ERR,ERR,ERR,ERR,ERR,ERR,ERR,ERR,ERR,ERR,ERR,ERR,ERR,ERR,ERR,ERR,ERR,ERR,ERR,ERR,ERR,ERR,ERR,ERR,ERR,ERR,ERR,ERR,ERR,ERR,ERR,ERR,ERR,ERR,ERR,ERR,ERR,ERR,ERR,ERR,ERR,ERR,ERR,ERR,ERR,ERR,ERR,ERR,ERR,ERR,ERR,ERR,ERR,ERR,ERR,ERR,ERR,ERR,ERR,ERR,ERR,ERR,ERR,ERR,ERR,ERR,ERR,ERR,ERR,ERR,ERR,ERR,ERR,ERR,ERR,ERR,ERR,ERR,ERR,ERR,ERR,ERR,ERR,ERR,ERR,ERR,ERR,0.0,-107615384.0,0.0,-152005385388032.0,1.6,1.3936040501711995e+18,7.805,0.0,0,0,4,48965,6720,14723890282496.0,100,0.0,0.0,0.0,-0.0,0.0,0,0,0,0,0.0,0,0,0,0,0,0,0,0,0,0,0,0,0,0,0,0,0,0,0,0,0,0,0,0,0,0,0,0,0,0,0,0,0,26,51,50,76,65476,0,300,0,0,8,21553,0.0,-107605600.0,0.0,0.0,0.0,0.0,0.0,0.0,0.0,0.0,0.0,0.0,0.0,0.0,0.0,0.0,0.0,0.0,0.0,0.0,0.0,0.0,-0.0,-2.004,-0.0,2.004,0.0,0.0,0.0,0.0,4820.0,-564145430724608.0,7259.0,0.0,-107615384.0,2.7184303811560617e+23,0.0,0.0,0.0,0.0,0.0,77,-71.63,0.0,0.0,0.0,0.0,0.0,0.0,0.0,0.0,0,0,0,0.0,0.0,0.0,0.0,0.0,0.0,0.0,0.0,0.0,0.0,0.0,0.0,0.0,0.0,0.0,0.0,0,-107875648.0,77,0.0,154,0.0,-101056864.0,ERR,ERR,ERR,ERR,ERR,ERR,ERR,ERR,ERR,ERR,ERR,ERR,ERR,ERR,ERR,ERR,ERR,ERR,ERR,ERR,ERR,ERR,ERR,ERR,ERR,ERR,ERR,ERR,ERR,ERR,ERR,ERR,ERR,ERR,ERR,ERR,ERR,ERR,ERR,ERR,ERR,ERR,ERR,ERR,ERR,ERR,ERR,ERR,ERR,ERR,ERR,ERR,ERR,ERR,ERR,ERR,ERR,ERR,ERR,ERR,ERR,ERR,ERR,ERR,ERR,ERR,ERR,34.0,80.0,35,0.0,0.0,0.0,0.0,0.0,0.0,0.0,0.0,0.0,0.0,0.0,0.0,0.0,0.0,0.0,0.0,66.4,0,119,58,53,65476,0,300,0,0,8,20529,65476,0,0,57672,80.0,0.0,0.0,0.0,0.0,0.0
2026-06-18T02:51:18,ERR,ERR,ERR,ERR,ERR,ERR,ERR,ERR,ERR,ERR,ERR,ERR,ERR,ERR,ERR,ERR,ERR,ERR,ERR,ERR,ERR,ERR,ERR,ERR,ERR,ERR,ERR,ERR,ERR,ERR,ERR,ERR,ERR,ERR,ERR,ERR,ERR,ERR,ERR,ERR,ERR,ERR,ERR,ERR,ERR,ERR,ERR,ERR,ERR,ERR,ERR,ERR,ERR,ERR,ERR,ERR,ERR,ERR,ERR,ERR,ERR,ERR,ERR,ERR,ERR,ERR,ERR,ERR,ERR,ERR,ERR,ERR,ERR,ERR,ERR,ERR,ERR,ERR,ERR,ERR,ERR,ERR,ERR,ERR,ERR,ERR,ERR,ERR,ERR,ERR,ERR,ERR,ERR,ERR,ERR,ERR,ERR,ERR,ERR,ERR,ERR,ERR,ERR,ERR,ERR,ERR,ERR,ERR,ERR,ERR,ERR,ERR,ERR,ERR,ERR,ERR,ERR,ERR,ERR,ERR,ERR,ERR,ERR,ERR,ERR,0.0,-107615384.0,0.0,-152005385388032.0,1.6,1.3936040501711995e+18,7.805,0.0,0,0,4,48965,6720,14723890282496.0,100,0.0,0.0,0.0,-0.0,0.0,0,0,0,0,0.0,0,0,0,0,0,0,0,0,0,0,0,0,0,0,0,0,0,0,0,0,0,0,0,0,0,0,0,0,0,0,0,0,0,26,51,50,76,65476,0,300,0,0,8,21553,0.0,-107605600.0,0.0,0.0,0.0,0.0,0.0,0.0,0.0,0.0,0.0,0.0,0.0,0.0,0.0,0.0,0.0,0.0,0.0,0.0,0.0,0.0,-0.0,-2.004,-0.0,2.004,0.0,0.0,0.0,0.0,4820.0,-564145430724608.0,7259.0,0.0,-107615384.0,2.7184303811560617e+23,0.0,0.0,0.0,0.0,0.0,77,-71.63,0.0,0.0,0.0,0.0,0.0,0.0,0.0,0.0,0,0,0,0.0,0.0,0.0,0.0,0.0,0.0,0.0,0.0,0.0,0.0,0.0,0.0,0.0,0.0,0.0,0.0,0,-107875648.0,77,0.0,154,0.0,-101056864.0,ERR,ERR,ERR,ERR,ERR,ERR,ERR,ERR,ERR,ERR,ERR,ERR,ERR,ERR,ERR,ERR,ERR,ERR,ERR,ERR,ERR,ERR,ERR,ERR,ERR,ERR,ERR,ERR,ERR,ERR,ERR,ERR,ERR,ERR,ERR,ERR,ERR,ERR,ERR,ERR,ERR,ERR,ERR,ERR,ERR,ERR,ERR,ERR,ERR,ERR,ERR,ERR,ERR,ERR,ERR,ERR,ERR,ERR,ERR,ERR,ERR,ERR,ERR,ERR,ERR,ERR,ERR,34.0,80.0,35,0.0,0.0,0.0,0.0,0.0,0.0,0.0,0.0,0.0,0.0,0.0,0.0,0.0,0.0,0.0,0.0,65.6,0,119,58,53,65476,0,300,0,0,8,20529,65476,0,0,57672,80.0,0.0,0.0,0.0,0.0,0.0
2026-06-18T02:51:19,ERR,ERR,ERR,ERR,ERR,ERR,ERR,ERR,ERR,ERR,ERR,ERR,ERR,ERR,ERR,ERR,ERR,ERR,ERR,ERR,ERR,ERR,ERR,ERR,ERR,ERR,ERR,ERR,ERR,ERR,ERR,ERR,ERR,ERR,ERR,ERR,ERR,ERR,ERR,ERR,ERR,ERR,ERR,ERR,ERR,ERR,ERR,ERR,ERR,ERR,ERR,ERR,ERR,ERR,ERR,ERR,ERR,ERR,ERR,ERR,ERR,ERR,ERR,ERR,ERR,ERR,ERR,ERR,ERR,ERR,ERR,ERR,ERR,ERR,ERR,ERR,ERR,ERR,ERR,ERR,ERR,ERR,ERR,ERR,ERR,ERR,ERR,ERR,ERR,ERR,ERR,ERR,ERR,ERR,ERR,ERR,ERR,ERR,ERR,ERR,ERR,ERR,ERR,ERR,ERR,ERR,ERR,ERR,ERR,ERR,ERR,ERR,ERR,ERR,ERR,ERR,ERR,ERR,ERR,ERR,ERR,ERR,ERR,ERR,ERR,0.0,-107615384.0,0.0,-152005385388032.0,1.6,1.3936040501711995e+18,7.805,0.0,0,0,4,48965,6720,14723890282496.0,100,0.0,0.0,0.0,-0.0,0.0,0,0,0,0,0.0,0,0,0,0,0,0,0,0,0,0,0,0,0,0,0,0,0,0,0,0,0,0,0,0,0,0,0,0,0,0,0,0,0,26,51,50,76,65476,0,300,0,0,8,21553,0.0,-107605600.0,0.0,0.0,0.0,0.0,0.0,0.0,0.0,0.0,0.0,0.0,0.0,0.0,0.0,0.0,0.0,0.0,0.0,0.0,0.0,0.0,-0.0,-2.004,-0.0,2.004,0.0,0.0,0.0,0.0,4820.0,-564145430724608.0,7259.0,0.0,-107615384.0,2.7184303811560617e+23,0.0,0.0,0.0,0.0,0.0,77,-71.63,0.0,0.0,0.0,0.0,0.0,0.0,0.0,0.0,0,0,0,0.0,0.0,0.0,0.0,0.0,0.0,0.0,0.0,0.0,0.0,0.0,0.0,0.0,0.0,0.0,0.0,0,-107875648.0,77,0.0,154,0.0,-101056864.0,ERR,ERR,ERR,ERR,ERR,ERR,ERR,ERR,ERR,ERR,ERR,ERR,ERR,ERR,ERR,ERR,ERR,ERR,ERR,ERR,ERR,ERR,ERR,ERR,ERR,ERR,ERR,ERR,ERR,ERR,ERR,ERR,ERR,ERR,ERR,ERR,ERR,ERR,ERR,ERR,ERR,ERR,ERR,ERR,ERR,ERR,ERR,ERR,ERR,ERR,ERR,ERR,ERR,ERR,ERR,ERR,ERR,ERR,ERR,ERR,ERR,ERR,ERR,ERR,ERR,ERR,ERR,34.0,80.0,35,0.0,0.0,0.0,0.0,0.0,0.0,0.0,0.0,0.0,0.0,0.0,0.0,0.0,0.0,0.0,0.0,65.6,0,119,58,53,65476,0,300,0,0,8,20529,65476,0,0,57672,80.0,0.0,0.0,0.0,0.0,0.0
2026-06-18T02:51:20,ERR,ERR,ERR,ERR,ERR,ERR,ERR,ERR,ERR,ERR,ERR,ERR,ERR,ERR,ERR,ERR,ERR,ERR,ERR,ERR,ERR,ERR,ERR,ERR,ERR,ERR,ERR,ERR,ERR,ERR,ERR,ERR,ERR,ERR,ERR,ERR,ERR,ERR,ERR,ERR,ERR,ERR,ERR,ERR,ERR,ERR,ERR,ERR,ERR,ERR,ERR,ERR,ERR,ERR,ERR,ERR,ERR,ERR,ERR,ERR,ERR,ERR,ERR,ERR,ERR,ERR,ERR,ERR,ERR,ERR,ERR,ERR,ERR,ERR,ERR,ERR,ERR,ERR,ERR,ERR,ERR,ERR,ERR,ERR,ERR,ERR,ERR,ERR,ERR,ERR,ERR,ERR,ERR,ERR,ERR,ERR,ERR,ERR,ERR,ERR,ERR,ERR,ERR,ERR,ERR,ERR,ERR,ERR,ERR,ERR,ERR,ERR,ERR,ERR,ERR,ERR,ERR,ERR,ERR,ERR,ERR,ERR,ERR,ERR,ERR,0.0,-107615384.0,0.0,-152005385388032.0,1.6,1.3936040501711995e+18,7.805,0.0,0,0,4,48965,6720,14723890282496.0,100,0.0,0.0,0.0,-0.0,0.0,0,0,0,0,0.0,0,0,0,0,0,0,0,0,0,0,0,0,0,0,0,0,0,0,0,0,0,0,0,0,0,0,0,0,0,0,0,0,0,26,51,50,76,65476,0,300,0,0,8,21553,0.0,-107605600.0,0.0,0.0,0.0,0.0,0.0,0.0,0.0,0.0,0.0,0.0,0.0,0.0,0.0,0.0,0.0,0.0,0.0,0.0,0.0,0.0,-0.0,-2.004,-0.0,2.004,0.0,0.0,0.0,0.0,4820.0,-564145430724608.0,7259.0,0.0,-107615384.0,2.7184303811560617e+23,0.0,0.0,0.0,0.0,0.0,77,-71.63,0.0,0.0,0.0,0.0,0.0,0.0,0.0,0.0,0,0,0,0.0,0.0,0.0,0.0,0.0,0.0,0.0,0.0,0.0,0.0,0.0,0.0,0.0,0.0,0.0,0.0,0,-107875648.0,77,0.0,154,0.0,-101056864.0,ERR,ERR,ERR,ERR,ERR,ERR,ERR,ERR,ERR,ERR,ERR,ERR,ERR,ERR,ERR,ERR,ERR,ERR,ERR,ERR,ERR,ERR,ERR,ERR,ERR,ERR,ERR,ERR,ERR,ERR,ERR,ERR,ERR,ERR,ERR,ERR,ERR,ERR,ERR,ERR,ERR,ERR,ERR,ERR,ERR,ERR,ERR,ERR,ERR,ERR,ERR,ERR,ERR,ERR,ERR,ERR,ERR,ERR,ERR,ERR,ERR,ERR,ERR,ERR,ERR,ERR,ERR,34.0,80.0,35,0.0,0.0,0.0,0.0,0.0,0.0,0.0,0.0,0.0,0.0,0.0,0.0,0.0,0.0,0.0,0.0,65.6,0,119,58,53,65476,0,300,0,0,8,20529,65476,0,0,57672,80.0,0.0,0.0,0.0,0.0,0.0
2026-06-18T02:51:21,ERR,ERR,ERR,ERR,ERR,ERR,ERR,ERR,ERR,ERR,ERR,ERR,ERR,ERR,ERR,ERR,ERR,ERR,ERR,ERR,ERR,ERR,ERR,ERR,ERR,ERR,ERR,ERR,ERR,ERR,ERR,ERR,ERR,ERR,ERR,ERR,ERR,ERR,ERR,ERR,ERR,ERR,ERR,ERR,ERR,ERR,ERR,ERR,ERR,ERR,ERR,ERR,ERR,ERR,ERR,ERR,ERR,ERR,ERR,ERR,ERR,ERR,ERR,ERR,ERR,ERR,ERR,ERR,ERR,ERR,ERR,ERR,ERR,ERR,ERR,ERR,ERR,ERR,ERR,ERR,ERR,ERR,ERR,ERR,ERR,ERR,ERR,ERR,ERR,ERR,ERR,ERR,ERR,ERR,ERR,ERR,ERR,ERR,ERR,ERR,ERR,ERR,ERR,ERR,ERR,ERR,ERR,ERR,ERR,ERR,ERR,ERR,ERR,ERR,ERR,ERR,ERR,ERR,ERR,ERR,ERR,ERR,ERR,ERR,ERR,0.0,-107615384.0,0.0,-152005385388032.0,1.6,1.3936040501711995e+18,7.805,0.0,0,0,4,48965,6720,14723890282496.0,100,0.0,0.0,0.0,-0.0,0.0,0,0,0,0,0.0,0,0,0,0,0,0,0,0,0,0,0,0,0,0,0,0,0,0,0,0,0,0,0,0,0,0,0,0,0,0,0,0,0,26,51,50,76,65476,0,300,0,0,8,21553,0.0,-107605600.0,0.0,0.0,0.0,0.0,0.0,0.0,0.0,0.0,0.0,0.0,0.0,0.0,0.0,0.0,0.0,0.0,0.0,0.0,0.0,0.0,-0.0,-2.004,-0.0,2.004,0.0,0.0,0.0,0.0,4820.0,-564145430724608.0,7259.0,0.0,-107615384.0,2.7184303811560617e+23,0.0,0.0,0.0,0.0,0.0,77,-71.63,0.0,0.0,0.0,0.0,0.0,0.0,0.0,0.0,0,0,0,0.0,0.0,0.0,0.0,0.0,0.0,0.0,0.0,0.0,0.0,0.0,0.0,0.0,0.0,0.0,0.0,0,-107875648.0,77,0.0,154,0.0,-101056864.0,ERR,ERR,ERR,ERR,ERR,ERR,ERR,ERR,ERR,ERR,ERR,ERR,ERR,ERR,ERR,ERR,ERR,ERR,ERR,ERR,ERR,ERR,ERR,ERR,ERR,ERR,ERR,ERR,ERR,ERR,ERR,ERR,ERR,ERR,ERR,ERR,ERR,ERR,ERR,ERR,ERR,ERR,ERR,ERR,ERR,ERR,ERR,ERR,ERR,ERR,ERR,ERR,ERR,ERR,ERR,ERR,ERR,ERR,ERR,ERR,ERR,ERR,ERR,ERR,ERR,ERR,ERR,34.0,80.0,35,0.0,0.0,0.0,0.0,0.0,0.0,0.0,0.0,0.0,0.0,0.0,0.0,0.0,0.0,0.0,0.0,65.6,0,119,58,53,65476,0,300,0,0,8,20529,65476,0,0,57672,80.0,0.0,0.0,0.0,0.0,0.0
2026-06-18T02:51:22,ERR,ERR,ERR,ERR,ERR,ERR,ERR,ERR,ERR,ERR,ERR,ERR,ERR,ERR,ERR,ERR,ERR,ERR,ERR,ERR,ERR,ERR,ERR,ERR,ERR,ERR,ERR,ERR,ERR,ERR,ERR,ERR,ERR,ERR,ERR,ERR,ERR,ERR,ERR,ERR,ERR,ERR,ERR,ERR,ERR,ERR,ERR,ERR,ERR,ERR,ERR,ERR,ERR,ERR,ERR,ERR,ERR,ERR,ERR,ERR,ERR,ERR,ERR,ERR,ERR,ERR,ERR,ERR,ERR,ERR,ERR,ERR,ERR,ERR,ERR,ERR,ERR,ERR,ERR,ERR,ERR,ERR,ERR,ERR,ERR,ERR,ERR,ERR,ERR,ERR,ERR,ERR,ERR,ERR,ERR,ERR,ERR,ERR,ERR,ERR,ERR,ERR,ERR,ERR,ERR,ERR,ERR,ERR,ERR,ERR,ERR,ERR,ERR,ERR,ERR,ERR,ERR,ERR,ERR,ERR,ERR,ERR,ERR,ERR,ERR,0.0,-107615384.0,-0.0,2.718290229135658e+23,nan,1.3936040501711995e+18,7.805,-12113.15,0,0,4,48929,6720,14723890282496.0,100,0.0,0.0,0.0,2.718290229135658e+23,0.0,0,0,0,0,0.0,0,0,0,0,0,0,0,0,0,0,0,0,0,0,0,0,0,0,0,0,0,0,0,0,0,0,0,0,0,0,0,0,0,26,51,50,76,65476,0,300,0,0,8,21553,0.0,-107605600.0,0.0,0.0,0.0,0.0,0.0,0.0,0.0,0.0,0.0,0.0,0.0,0.0,0.0,0.0,0.0,0.0,0.0,0.0,0.0,0.0,-0.0,-2.004,-0.0,2.004,0.0,0.0,0.0,0.0,4819.0,-0.0,7254.0,0.0,-107615384.0,2.7184303811560617e+23,0.0,0.0,0.0,0.0,0.0,77,-0.059,-2.308826643966827e+20,0.0,0.0,0.0,0.0,0.0,0.0,0.0,0,0,0,0.0,0.0,0.0,0.0,0.0,0.0,0.0,0.0,0.0,0.0,0.0,0.0,0.0,0.0,0.0,0.0,0,-107875648.0,77,0.0,154,0.0,-101056864.0,ERR,ERR,ERR,ERR,ERR,ERR,ERR,ERR,ERR,ERR,ERR,ERR,ERR,ERR,ERR,ERR,ERR,ERR,ERR,ERR,ERR,ERR,ERR,ERR,ERR,ERR,ERR,ERR,ERR,ERR,ERR,ERR,ERR,ERR,ERR,ERR,ERR,ERR,ERR,ERR,ERR,ERR,ERR,ERR,ERR,ERR,ERR,ERR,ERR,ERR,ERR,ERR,ERR,ERR,ERR,ERR,ERR,ERR,ERR,ERR,ERR,ERR,ERR,ERR,ERR,ERR,ERR,34.0,80.0,35,0.0,0.0,0.0,0.0,0.0,0.0,0.0,0.0,0.0,0.0,0.0,0.0,0.0,0.0,0.0,0.0,65.6,0,119,58,53,65476,0,300,0,0,8,20529,65476,0,0,57672,80.0,0.0,0.0,0.0,0.0,0.0
2026-06-18T02:51:23,ERR,ERR,ERR,ERR,ERR,ERR,ERR,ERR,ERR,ERR,ERR,ERR,ERR,ERR,ERR,ERR,ERR,ERR,ERR,ERR,ERR,ERR,ERR,ERR,ERR,ERR,ERR,ERR,ERR,ERR,ERR,ERR,ERR,ERR,ERR,ERR,ERR,ERR,ERR,ERR,ERR,ERR,ERR,ERR,ERR,ERR,ERR,ERR,ERR,ERR,ERR,ERR,ERR,ERR,ERR,ERR,ERR,ERR,ERR,ERR,ERR,ERR,ERR,ERR,ERR,ERR,ERR,ERR,ERR,ERR,ERR,ERR,ERR,ERR,ERR,ERR,ERR,ERR,ERR,ERR,ERR,ERR,ERR,ERR,ERR,ERR,ERR,ERR,ERR,ERR,ERR,ERR,ERR,ERR,ERR,ERR,ERR,ERR,ERR,ERR,ERR,ERR,ERR,ERR,ERR,ERR,ERR,ERR,ERR,ERR,ERR,ERR,ERR,ERR,ERR,ERR,ERR,ERR,ERR,ERR,ERR,ERR,ERR,ERR,ERR,0.0,-107615384.0,-0.0,2.718290229135658e+23,nan,1.3936040501711995e+18,7.805,-12113.15,0,0,4,48929,6720,14723890282496.0,100,0.0,0.0,0.0,2.718290229135658e+23,0.0,0,0,0,0,0.0,0,0,0,0,0,0,0,0,0,0,0,0,0,0,0,0,0,0,0,0,0,0,0,0,0,0,0,0,0,0,0,0,0,26,51,50,76,65476,0,300,0,0,8,21553,0.0,-107605600.0,0.0,0.0,0.0,0.0,0.0,0.0,0.0,0.0,0.0,0.0,0.0,0.0,0.0,0.0,0.0,0.0,0.0,0.0,0.0,0.0,-0.0,-2.004,-0.0,2.004,0.0,0.0,0.0,0.0,4819.0,-0.0,7254.0,0.0,-107615384.0,2.7184303811560617e+23,0.0,0.0,0.0,0.0,0.0,77,-0.059,-2.308826643966827e+20,0.0,0.0,0.0,0.0,0.0,0.0,0.0,0,0,0,0.0,0.0,0.0,0.0,0.0,0.0,0.0,0.0,0.0,0.0,0.0,0.0,0.0,0.0,0.0,0.0,0,-107875648.0,77,0.0,154,0.0,-101056864.0,ERR,ERR,ERR,ERR,ERR,ERR,ERR,ERR,ERR,ERR,ERR,ERR,ERR,ERR,ERR,ERR,ERR,ERR,ERR,ERR,ERR,ERR,ERR,ERR,ERR,ERR,ERR,ERR,ERR,ERR,ERR,ERR,ERR,ERR,ERR,ERR,ERR,ERR,ERR,ERR,ERR,ERR,ERR,ERR,ERR,ERR,ERR,ERR,ERR,ERR,ERR,ERR,ERR,ERR,ERR,ERR,ERR,ERR,ERR,ERR,ERR,ERR,ERR,ERR,ERR,ERR,ERR,34.0,80.0,35,0.0,0.0,0.0,0.0,0.0,0.0,0.0,0.0,0.0,0.0,0.0,0.0,0.0,0.0,0.0,0.0,65.6,0,119,58,53,65476,0,300,0,0,8,20529,65476,0,0,57672,80.0,0.0,0.0,0.0,0.0,0.0
2026-06-18T02:51:24,ERR,ERR,ERR,ERR,ERR,ERR,ERR,ERR,ERR,ERR,ERR,ERR,ERR,ERR,ERR,ERR,ERR,ERR,ERR,ERR,ERR,ERR,ERR,ERR,ERR,ERR,ERR,ERR,ERR,ERR,ERR,ERR,ERR,ERR,ERR,ERR,ERR,ERR,ERR,ERR,ERR,ERR,ERR,ERR,ERR,ERR,ERR,ERR,ERR,ERR,ERR,ERR,ERR,ERR,ERR,ERR,ERR,ERR,ERR,ERR,ERR,ERR,ERR,ERR,ERR,ERR,ERR,ERR,ERR,ERR,ERR,ERR,ERR,ERR,ERR,ERR,ERR,ERR,ERR,ERR,ERR,ERR,ERR,ERR,ERR,ERR,ERR,ERR,ERR,ERR,ERR,ERR,ERR,ERR,ERR,ERR,ERR,ERR,ERR,ERR,ERR,ERR,ERR,ERR,ERR,ERR,ERR,ERR,ERR,ERR,ERR,ERR,ERR,ERR,ERR,ERR,ERR,ERR,ERR,ERR,ERR,ERR,ERR,ERR,ERR,0.0,-107615384.0,-0.0,2.718290229135658e+23,nan,1.3936040501711995e+18,7.805,-12113.15,0,0,4,48929,6720,14723890282496.0,100,0.0,0.0,0.0,2.718290229135658e+23,0.0,0,0,0,0,0.0,0,0,0,0,0,0,0,0,0,0,0,0,0,0,0,0,0,0,0,0,0,0,0,0,0,0,0,0,0,0,0,0,0,26,51,50,76,65476,0,300,0,0,8,21553,0.0,-107605600.0,0.0,0.0,0.0,0.0,0.0,0.0,0.0,0.0,0.0,0.0,0.0,0.0,0.0,0.0,0.0,0.0,0.0,0.0,0.0,0.0,-0.0,-2.004,-0.0,2.004,0.0,0.0,0.0,0.0,4819.0,-0.0,7254.0,0.0,-107615384.0,2.7184303811560617e+23,0.0,0.0,0.0,0.0,0.0,77,-0.059,-2.308826643966827e+20,0.0,0.0,0.0,0.0,0.0,0.0,0.0,0,0,0,0.0,0.0,0.0,0.0,0.0,0.0,0.0,0.0,0.0,0.0,0.0,0.0,0.0,0.0,0.0,0.0,0,-107875648.0,77,0.0,154,0.0,-101056864.0,ERR,ERR,ERR,ERR,ERR,ERR,ERR,ERR,ERR,ERR,ERR,ERR,ERR,ERR,ERR,ERR,ERR,ERR,ERR,ERR,ERR,ERR,ERR,ERR,ERR,ERR,ERR,ERR,ERR,ERR,ERR,ERR,ERR,ERR,ERR,ERR,ERR,ERR,ERR,ERR,ERR,ERR,ERR,ERR,ERR,ERR,ERR,ERR,ERR,ERR,ERR,ERR,ERR,ERR,ERR,ERR,ERR,ERR,ERR,ERR,ERR,ERR,ERR,ERR,ERR,ERR,ERR,34.0,80.0,35,0.0,0.0,0.0,0.0,0.0,0.0,0.0,0.0,0.0,0.0,0.0,0.0,0.0,0.0,0.0,0.0,65.6,0,119,58,53,65476,0,300,0,0,8,20529,65476,0,0,57672,80.0,0.0,0.0,0.0,0.0,0.0
2026-06-18T02:51:25,ERR,ERR,ERR,ERR,ERR,ERR,ERR,ERR,ERR,ERR,ERR,ERR,ERR,ERR,ERR,ERR,ERR,ERR,ERR,ERR,ERR,ERR,ERR,ERR,ERR,ERR,ERR,ERR,ERR,ERR,ERR,ERR,ERR,ERR,ERR,ERR,ERR,ERR,ERR,ERR,ERR,ERR,ERR,ERR,ERR,ERR,ERR,ERR,ERR,ERR,ERR,ERR,ERR,ERR,ERR,ERR,ERR,ERR,ERR,ERR,ERR,ERR,ERR,ERR,ERR,ERR,ERR,ERR,ERR,ERR,ERR,ERR,ERR,ERR,ERR,ERR,ERR,ERR,ERR,ERR,ERR,ERR,ERR,ERR,ERR,ERR,ERR,ERR,ERR,ERR,ERR,ERR,ERR,ERR,ERR,ERR,ERR,ERR,ERR,ERR,ERR,ERR,ERR,ERR,ERR,ERR,ERR,ERR,ERR,ERR,ERR,ERR,ERR,ERR,ERR,ERR,ERR,ERR,ERR,ERR,ERR,ERR,ERR,ERR,ERR,0.0,-107615384.0,-0.0,2.718290229135658e+23,nan,1.3936040501711995e+18,7.805,-12113.15,0,0,4,48929,6720,14723890282496.0,100,0.0,0.0,0.0,2.718290229135658e+23,0.0,0,0,0,0,0.0,0,0,0,0,0,0,0,0,0,0,0,0,0,0,0,0,0,0,0,0,0,0,0,0,0,0,0,0,0,0,0,0,0,26,51,50,76,65476,0,300,0,0,8,21553,0.0,-107605600.0,0.0,0.0,0.0,0.0,0.0,0.0,0.0,0.0,0.0,0.0,0.0,0.0,0.0,0.0,0.0,0.0,0.0,0.0,0.0,0.0,-0.0,-2.004,-0.0,2.004,0.0,0.0,0.0,0.0,4819.0,-0.0,7254.0,0.0,-107615384.0,2.7184303811560617e+23,0.0,0.0,0.0,0.0,0.0,77,-0.059,-2.308826643966827e+20,0.0,0.0,0.0,0.0,0.0,0.0,0.0,0,0,0,0.0,0.0,0.0,0.0,0.0,0.0,0.0,0.0,0.0,0.0,0.0,0.0,0.0,0.0,0.0,0.0,0,-107875648.0,77,0.0,154,0.0,-101056864.0,ERR,ERR,ERR,ERR,ERR,ERR,ERR,ERR,ERR,ERR,ERR,ERR,ERR,ERR,ERR,ERR,ERR,ERR,ERR,ERR,ERR,ERR,ERR,ERR,ERR,ERR,ERR,ERR,ERR,ERR,ERR,ERR,ERR,ERR,ERR,ERR,ERR,ERR,ERR,ERR,ERR,ERR,ERR,ERR,ERR,ERR,ERR,ERR,ERR,ERR,ERR,ERR,ERR,ERR,ERR,ERR,ERR,ERR,ERR,ERR,ERR,ERR,ERR,ERR,ERR,ERR,ERR,34.0,80.0,35,0.0,0.0,0.0,0.0,0.0,0.0,0.0,0.0,0.0,0.0,0.0,0.0,0.0,0.0,0.0,0.0,65.6,0,119,58,53,65476,0,300,0,0,8,20529,65476,0,0,57672,80.0,0.0,0.0,0.0,0.0,0.0
2026-06-18T02:51:26,ERR,ERR,ERR,ERR,ERR,ERR,ERR,ERR,ERR,ERR,ERR,ERR,ERR,ERR,ERR,ERR,ERR,ERR,ERR,ERR,ERR,ERR,ERR,ERR,ERR,ERR,ERR,ERR,ERR,ERR,ERR,ERR,ERR,ERR,ERR,ERR,ERR,ERR,ERR,ERR,ERR,ERR,ERR,ERR,ERR,ERR,ERR,ERR,ERR,ERR,ERR,ERR,ERR,ERR,ERR,ERR,ERR,ERR,ERR,ERR,ERR,ERR,ERR,ERR,ERR,ERR,ERR,ERR,ERR,ERR,ERR,ERR,ERR,ERR,ERR,ERR,ERR,ERR,ERR,ERR,ERR,ERR,ERR,ERR,ERR,ERR,ERR,ERR,ERR,ERR,ERR,ERR,ERR,ERR,ERR,ERR,ERR,ERR,ERR,ERR,ERR,ERR,ERR,ERR,ERR,ERR,ERR,ERR,ERR,ERR,ERR,ERR,ERR,ERR,ERR,ERR,ERR,ERR,ERR,ERR,ERR,ERR,ERR,ERR,ERR,0.0,-107615384.0,-0.0,2.718290229135658e+23,nan,1.3936040501711995e+18,7.805,-12113.15,0,0,4,48929,6720,14723890282496.0,100,0.0,0.0,0.0,2.718290229135658e+23,0.0,0,0,0,0,0.0,0,0,0,0,0,0,0,0,0,0,0,0,0,0,0,0,0,0,0,0,0,0,0,0,0,0,0,0,0,0,0,0,0,26,51,50,76,65476,0,300,0,0,8,21553,0.0,-107605600.0,0.0,0.0,0.0,0.0,0.0,0.0,0.0,0.0,0.0,0.0,0.0,0.0,0.0,0.0,0.0,0.0,0.0,0.0,0.0,0.0,-0.0,-2.004,-0.0,2.004,0.0,0.0,0.0,0.0,4819.0,-0.0,7254.0,0.0,-107615384.0,2.7184303811560617e+23,0.0,0.0,0.0,0.0,0.0,77,-0.059,-2.308826643966827e+20,0.0,0.0,0.0,0.0,0.0,0.0,0.0,0,0,0,0.0,0.0,0.0,0.0,0.0,0.0,0.0,0.0,0.0,0.0,0.0,0.0,0.0,0.0,0.0,0.0,0,-107875648.0,77,0.0,154,0.0,-101056864.0,ERR,ERR,ERR,ERR,ERR,ERR,ERR,ERR,ERR,ERR,ERR,ERR,ERR,ERR,ERR,ERR,ERR,ERR,ERR,ERR,ERR,ERR,ERR,ERR,ERR,ERR,ERR,ERR,ERR,ERR,ERR,ERR,ERR,ERR,ERR,ERR,ERR,ERR,ERR,ERR,ERR,ERR,ERR,ERR,ERR,ERR,ERR,ERR,ERR,ERR,ERR,ERR,ERR,ERR,ERR,ERR,ERR,ERR,ERR,ERR,ERR,ERR,ERR,ERR,ERR,ERR,ERR,34.0,80.0,35,0.0,0.0,0.0,0.0,0.0,0.0,0.0,0.0,0.0,0.0,0.0,0.0,0.0,0.0,0.0,0.0,65.6,0,119,58,53,65476,0,300,0,0,8,20529,65476,0,0,57672,80.0,0.0,0.0,0.0,0.0,0.0
2026-06-18T02:51:27,ERR,ERR,ERR,ERR,ERR,ERR,ERR,ERR,ERR,ERR,ERR,ERR,ERR,ERR,ERR,ERR,ERR,ERR,ERR,ERR,ERR,ERR,ERR,ERR,ERR,ERR,ERR,ERR,ERR,ERR,ERR,ERR,ERR,ERR,ERR,ERR,ERR,ERR,ERR,ERR,ERR,ERR,ERR,ERR,ERR,ERR,ERR,ERR,ERR,ERR,ERR,ERR,ERR,ERR,ERR,ERR,ERR,ERR,ERR,ERR,ERR,ERR,ERR,ERR,ERR,ERR,ERR,ERR,ERR,ERR,ERR,ERR,ERR,ERR,ERR,ERR,ERR,ERR,ERR,ERR,ERR,ERR,ERR,ERR,ERR,ERR,ERR,ERR,ERR,ERR,ERR,ERR,ERR,ERR,ERR,ERR,ERR,ERR,ERR,ERR,ERR,ERR,ERR,ERR,ERR,ERR,ERR,ERR,ERR,ERR,ERR,ERR,ERR,ERR,ERR,ERR,ERR,ERR,ERR,ERR,ERR,ERR,ERR,ERR,ERR,0.0,-107615384.0,0.0,-152005385388032.0,1.6,1.3936040501711995e+18,7.805,0.0,0,0,4,48957,6720,14723890282496.0,100,0.0,0.0,0.0,-152005385388032.0,0.0,0,0,0,0,0.0,0,0,0,0,0,0,0,0,0,0,0,0,0,0,0,0,0,0,0,0,0,0,0,0,0,0,0,0,0,0,0,0,0,26,51,50,76,65476,0,300,0,0,8,21553,0.0,-107605600.0,0.0,0.0,0.0,0.0,0.0,0.0,0.0,0.0,0.0,0.0,0.0,0.0,0.0,0.0,0.0,0.0,0.0,0.0,0.0,0.0,2.004,-2.004,-0.0,2.004,0.0,0.0,0.0,0.0,4818.0,-2.004,7256.0,0.0,-107615384.0,2.7184303811560617e+23,2.718431101732002e+23,0.0,0.0,0.0,0.0,77,-0.0,-4.950398423098307e+32,0.0,0.0,0.0,0.0,0.0,0.0,0.0,0,0,0,0.0,0.0,0.0,0.0,0.0,0.0,0.0,0.0,0.0,0.0,0.0,0.0,0.0,0.0,0.0,0.0,0,-107875648.0,77,0.0,154,0.0,-101056864.0,ERR,ERR,ERR,ERR,ERR,ERR,ERR,ERR,ERR,ERR,ERR,ERR,ERR,ERR,ERR,ERR,ERR,ERR,ERR,ERR,ERR,ERR,ERR,ERR,ERR,ERR,ERR,ERR,ERR,ERR,ERR,ERR,ERR,ERR,ERR,ERR,ERR,ERR,ERR,ERR,ERR,ERR,ERR,ERR,ERR,ERR,ERR,ERR,ERR,ERR,ERR,ERR,ERR,ERR,ERR,ERR,ERR,ERR,ERR,ERR,ERR,ERR,ERR,ERR,ERR,ERR,ERR,34.0,80.0,35,0.0,0.0,0.0,0.0,0.0,0.0,0.0,0.0,0.0,0.0,0.0,0.0,0.0,0.0,0.0,0.0,65.6,0,119,58,53,65476,0,300,0,0,8,20529,65476,0,0,57672,80.0,0.0,0.0,0.0,0.0,0.0
2026-06-18T02:51:28,ERR,ERR,ERR,ERR,ERR,ERR,ERR,ERR,ERR,ERR,ERR,ERR,ERR,ERR,ERR,ERR,ERR,ERR,ERR,ERR,ERR,ERR,ERR,ERR,ERR,ERR,ERR,ERR,ERR,ERR,ERR,ERR,ERR,ERR,ERR,ERR,ERR,ERR,ERR,ERR,ERR,ERR,ERR,ERR,ERR,ERR,ERR,ERR,ERR,ERR,ERR,ERR,ERR,ERR,ERR,ERR,ERR,ERR,ERR,ERR,ERR,ERR,ERR,ERR,ERR,ERR,ERR,ERR,ERR,ERR,ERR,ERR,ERR,ERR,ERR,ERR,ERR,ERR,ERR,ERR,ERR,ERR,ERR,ERR,ERR,ERR,ERR,ERR,ERR,ERR,ERR,ERR,ERR,ERR,ERR,ERR,ERR,ERR,ERR,ERR,ERR,ERR,ERR,ERR,ERR,ERR,ERR,ERR,ERR,ERR,ERR,ERR,ERR,ERR,ERR,ERR,ERR,ERR,ERR,ERR,ERR,ERR,ERR,ERR,ERR,0.0,-107615384.0,0.0,-152005385388032.0,1.6,1.3936040501711995e+18,7.805,0.0,0,0,4,48957,6720,14723890282496.0,100,0.0,0.0,0.0,-152005385388032.0,0.0,0,0,0,0,0.0,0,0,0,0,0,0,0,0,0,0,0,0,0,0,0,0,0,0,0,0,0,0,0,0,0,0,0,0,0,0,0,0,0,26,51,50,76,65476,0,300,0,0,8,21553,0.0,-107605600.0,0.0,0.0,0.0,0.0,0.0,0.0,0.0,0.0,0.0,0.0,0.0,0.0,0.0,0.0,0.0,0.0,0.0,0.0,0.0,0.0,2.004,-2.004,-0.0,2.004,0.0,0.0,0.0,0.0,4818.0,-2.004,7256.0,0.0,-107615384.0,2.7184303811560617e+23,2.718431101732002e+23,0.0,0.0,0.0,0.0,77,-0.0,-4.950398423098307e+32,0.0,0.0,0.0,0.0,0.0,0.0,0.0,0,0,0,0.0,0.0,0.0,0.0,0.0,0.0,0.0,0.0,0.0,0.0,0.0,0.0,0.0,0.0,0.0,0.0,0,-107875648.0,77,0.0,154,0.0,-101056864.0,ERR,ERR,ERR,ERR,ERR,ERR,ERR,ERR,ERR,ERR,ERR,ERR,ERR,ERR,ERR,ERR,ERR,ERR,ERR,ERR,ERR,ERR,ERR,ERR,ERR,ERR,ERR,ERR,ERR,ERR,ERR,ERR,ERR,ERR,ERR,ERR,ERR,ERR,ERR,ERR,ERR,ERR,ERR,ERR,ERR,ERR,ERR,ERR,ERR,ERR,ERR,ERR,ERR,ERR,ERR,ERR,ERR,ERR,ERR,ERR,ERR,ERR,ERR,ERR,ERR,ERR,ERR,34.0,80.0,35,0.0,0.0,0.0,0.0,0.0,0.0,0.0,0.0,0.0,0.0,0.0,0.0,0.0,0.0,0.0,0.0,65.6,0,119,58,53,65476,0,300,0,0,8,20529,65476,0,0,57672,80.0,0.0,0.0,0.0,0.0,0.0
2026-06-18T02:51:29,ERR,ERR,ERR,ERR,ERR,ERR,ERR,ERR,ERR,ERR,ERR,ERR,ERR,ERR,ERR,ERR,ERR,ERR,ERR,ERR,ERR,ERR,ERR,ERR,ERR,ERR,ERR,ERR,ERR,ERR,ERR,ERR,ERR,ERR,ERR,ERR,ERR,ERR,ERR,ERR,ERR,ERR,ERR,ERR,ERR,ERR,ERR,ERR,ERR,ERR,ERR,ERR,ERR,ERR,ERR,ERR,ERR,ERR,ERR,ERR,ERR,ERR,ERR,ERR,ERR,ERR,ERR,ERR,ERR,ERR,ERR,ERR,ERR,ERR,ERR,ERR,ERR,ERR,ERR,ERR,ERR,ERR,ERR,ERR,ERR,ERR,ERR,ERR,ERR,ERR,ERR,ERR,ERR,ERR,ERR,ERR,ERR,ERR,ERR,ERR,ERR,ERR,ERR,ERR,ERR,ERR,ERR,ERR,ERR,ERR,ERR,ERR,ERR,ERR,ERR,ERR,ERR,ERR,ERR,ERR,ERR,ERR,ERR,ERR,ERR,0.0,-107615384.0,0.0,-152005385388032.0,1.6,1.3936040501711995e+18,7.805,0.0,0,0,4,48957,6720,14723890282496.0,100,0.0,0.0,0.0,-152005385388032.0,0.0,0,0,0,0,0.0,0,0,0,0,0,0,0,0,0,0,0,0,0,0,0,0,0,0,0,0,0,0,0,0,0,0,0,0,0,0,0,0,0,26,51,50,76,65476,0,300,0,0,8,21553,0.0,-107605600.0,0.0,0.0,0.0,0.0,0.0,0.0,0.0,0.0,0.0,0.0,0.0,0.0,0.0,0.0,0.0,0.0,0.0,0.0,0.0,0.0,2.004,-2.004,-0.0,2.004,0.0,0.0,0.0,0.0,4818.0,-2.004,7256.0,0.0,-107615384.0,2.7184303811560617e+23,2.718431101732002e+23,0.0,0.0,0.0,0.0,77,-0.0,-4.950398423098307e+32,0.0,0.0,0.0,0.0,0.0,0.0,0.0,0,0,0,0.0,0.0,0.0,0.0,0.0,0.0,0.0,0.0,0.0,0.0,0.0,0.0,0.0,0.0,0.0,0.0,0,-107875648.0,77,0.0,154,0.0,-101056864.0,ERR,ERR,ERR,ERR,ERR,ERR,ERR,ERR,ERR,ERR,ERR,ERR,ERR,ERR,ERR,ERR,ERR,ERR,ERR,ERR,ERR,ERR,ERR,ERR,ERR,ERR,ERR,ERR,ERR,ERR,ERR,ERR,ERR,ERR,ERR,ERR,ERR,ERR,ERR,ERR,ERR,ERR,ERR,ERR,ERR,ERR,ERR,ERR,ERR,ERR,ERR,ERR,ERR,ERR,ERR,ERR,ERR,ERR,ERR,ERR,ERR,ERR,ERR,ERR,ERR,ERR,ERR,34.0,80.0,35,0.0,0.0,0.0,0.0,0.0,0.0,0.0,0.0,0.0,0.0,0.0,0.0,0.0,0.0,0.0,0.0,65.6,0,119,58,53,65476,0,300,0,0,8,20529,65476,0,0,57672,80.0,0.0,0.0,0.0,0.0,0.0
2026-06-18T02:51:30,ERR,ERR,ERR,ERR,ERR,ERR,ERR,ERR,ERR,ERR,ERR,ERR,ERR,ERR,ERR,ERR,ERR,ERR,ERR,ERR,ERR,ERR,ERR,ERR,ERR,ERR,ERR,ERR,ERR,ERR,ERR,ERR,ERR,ERR,ERR,ERR,ERR,ERR,ERR,ERR,ERR,ERR,ERR,ERR,ERR,ERR,ERR,ERR,ERR,ERR,ERR,ERR,ERR,ERR,ERR,ERR,ERR,ERR,ERR,ERR,ERR,ERR,ERR,ERR,ERR,ERR,ERR,ERR,ERR,ERR,ERR,ERR,ERR,ERR,ERR,ERR,ERR,ERR,ERR,ERR,ERR,ERR,ERR,ERR,ERR,ERR,ERR,ERR,ERR,ERR,ERR,ERR,ERR,ERR,ERR,ERR,ERR,ERR,ERR,ERR,ERR,ERR,ERR,ERR,ERR,ERR,ERR,ERR,ERR,ERR,ERR,ERR,ERR,ERR,ERR,ERR,ERR,ERR,ERR,ERR,ERR,ERR,ERR,ERR,ERR,0.0,-107615384.0,0.0,-152005385388032.0,1.6,1.3936040501711995e+18,7.805,0.0,0,0,4,48957,6720,14723890282496.0,100,0.0,0.0,0.0,-152005385388032.0,0.0,0,0,0,0,0.0,0,0,0,0,0,0,0,0,0,0,0,0,0,0,0,0,0,0,0,0,0,0,0,0,0,0,0,0,0,0,0,0,0,26,51,50,76,65476,0,300,0,0,8,21553,0.0,-107605600.0,0.0,0.0,0.0,0.0,0.0,0.0,0.0,0.0,0.0,0.0,0.0,0.0,0.0,0.0,0.0,0.0,0.0,0.0,0.0,0.0,2.004,-2.004,-0.0,2.004,0.0,0.0,0.0,0.0,4818.0,-2.004,7256.0,0.0,-107615384.0,2.7184303811560617e+23,2.718431101732002e+23,0.0,0.0,0.0,0.0,77,-0.0,-4.950398423098307e+32,0.0,0.0,0.0,0.0,0.0,0.0,0.0,0,0,0,0.0,0.0,0.0,0.0,0.0,0.0,0.0,0.0,0.0,0.0,0.0,0.0,0.0,0.0,0.0,0.0,0,-107875648.0,77,0.0,154,0.0,-101056864.0,ERR,ERR,ERR,ERR,ERR,ERR,ERR,ERR,ERR,ERR,ERR,ERR,ERR,ERR,ERR,ERR,ERR,ERR,ERR,ERR,ERR,ERR,ERR,ERR,ERR,ERR,ERR,ERR,ERR,ERR,ERR,ERR,ERR,ERR,ERR,ERR,ERR,ERR,ERR,ERR,ERR,ERR,ERR,ERR,ERR,ERR,ERR,ERR,ERR,ERR,ERR,ERR,ERR,ERR,ERR,ERR,ERR,ERR,ERR,ERR,ERR,ERR,ERR,ERR,ERR,ERR,ERR,34.0,80.0,35,0.0,0.0,0.0,0.0,0.0,0.0,0.0,0.0,0.0,0.0,0.0,0.0,0.0,0.0,0.0,0.0,65.6,0,119,58,53,65476,0,300,0,0,8,20529,65476,0,0,57672,80.0,0.0,0.0,0.0,0.0,0.0
2026-06-18T02:51:31,ERR,ERR,ERR,ERR,ERR,ERR,ERR,ERR,ERR,ERR,ERR,ERR,ERR,ERR,ERR,ERR,ERR,ERR,ERR,ERR,ERR,ERR,ERR,ERR,ERR,ERR,ERR,ERR,ERR,ERR,ERR,ERR,ERR,ERR,ERR,ERR,ERR,ERR,ERR,ERR,ERR,ERR,ERR,ERR,ERR,ERR,ERR,ERR,ERR,ERR,ERR,ERR,ERR,ERR,ERR,ERR,ERR,ERR,ERR,ERR,ERR,ERR,ERR,ERR,ERR,ERR,ERR,ERR,ERR,ERR,ERR,ERR,ERR,ERR,ERR,ERR,ERR,ERR,ERR,ERR,ERR,ERR,ERR,ERR,ERR,ERR,ERR,ERR,ERR,ERR,ERR,ERR,ERR,ERR,ERR,ERR,ERR,ERR,ERR,ERR,ERR,ERR,ERR,ERR,ERR,ERR,ERR,ERR,ERR,ERR,ERR,ERR,ERR,ERR,ERR,ERR,ERR,ERR,ERR,ERR,ERR,ERR,ERR,ERR,ERR,0.0,-107615384.0,0.0,-152005385388032.0,1.6,1.3936040501711995e+18,7.805,0.0,0,0,4,48957,6720,14723890282496.0,100,0.0,0.0,0.0,-152005385388032.0,0.0,0,0,0,0,0.0,0,0,0,0,0,0,0,0,0,0,0,0,0,0,0,0,0,0,0,0,0,0,0,0,0,0,0,0,0,0,0,0,0,26,51,50,76,65476,0,300,0,0,8,21553,0.0,-107605600.0,0.0,0.0,0.0,0.0,0.0,0.0,0.0,0.0,0.0,0.0,0.0,0.0,0.0,0.0,0.0,0.0,0.0,0.0,0.0,0.0,2.004,-2.004,-0.0,2.004,0.0,0.0,0.0,0.0,4818.0,-2.004,7256.0,0.0,-107615384.0,2.7184303811560617e+23,2.718431101732002e+23,0.0,0.0,0.0,0.0,77,-0.0,-4.950398423098307e+32,0.0,0.0,0.0,0.0,0.0,0.0,0.0,0,0,0,0.0,0.0,0.0,0.0,0.0,0.0,0.0,0.0,0.0,0.0,0.0,0.0,0.0,0.0,0.0,0.0,0,-107875648.0,77,0.0,154,0.0,-101056864.0,ERR,ERR,ERR,ERR,ERR,ERR,ERR,ERR,ERR,ERR,ERR,ERR,ERR,ERR,ERR,ERR,ERR,ERR,ERR,ERR,ERR,ERR,ERR,ERR,ERR,ERR,ERR,ERR,ERR,ERR,ERR,ERR,ERR,ERR,ERR,ERR,ERR,ERR,ERR,ERR,ERR,ERR,ERR,ERR,ERR,ERR,ERR,ERR,ERR,ERR,ERR,ERR,ERR,ERR,ERR,ERR,ERR,ERR,ERR,ERR,ERR,ERR,ERR,ERR,ERR,ERR,ERR,34.0,80.0,35,0.0,0.0,0.0,0.0,0.0,0.0,0.0,0.0,0.0,0.0,0.0,0.0,0.0,0.0,0.0,0.0,65.6,0,119,58,53,65476,0,300,0,0,8,20529,65476,0,0,57672,80.0,0.0,0.0,0.0,0.0,0.0
2026-06-18T02:51:32,ERR,ERR,ERR,ERR,ERR,ERR,ERR,ERR,ERR,ERR,ERR,ERR,ERR,ERR,ERR,ERR,ERR,ERR,ERR,ERR,ERR,ERR,ERR,ERR,ERR,ERR,ERR,ERR,ERR,ERR,ERR,ERR,ERR,ERR,ERR,ERR,ERR,ERR,ERR,ERR,ERR,ERR,ERR,ERR,ERR,ERR,ERR,ERR,ERR,ERR,ERR,ERR,ERR,ERR,ERR,ERR,ERR,ERR,ERR,ERR,ERR,ERR,ERR,ERR,ERR,ERR,ERR,ERR,ERR,ERR,ERR,ERR,ERR,ERR,ERR,ERR,ERR,ERR,ERR,ERR,ERR,ERR,ERR,ERR,ERR,ERR,ERR,ERR,ERR,ERR,ERR,ERR,ERR,ERR,ERR,ERR,ERR,ERR,ERR,ERR,ERR,ERR,ERR,ERR,ERR,ERR,ERR,ERR,ERR,ERR,ERR,ERR,ERR,ERR,ERR,ERR,ERR,ERR,ERR,ERR,ERR,ERR,ERR,ERR,ERR,0.0,-107615384.0,0.0,-0.0,nan,1.3936040501711995e+18,7.805,1.203397215123588e+25,0,0,4,48961,6720,14723890282496.0,100,0.0,0.0,0.0,-4.9501291711397626e+32,0.0,0,0,0,0,0.0,0,0,0,0,0,0,0,0,0,0,0,0,0,0,0,0,0,0,0,0,0,0,0,0,0,0,0,0,0,0,0,0,0,26,51,50,76,65476,0,300,0,0,8,21553,0.0,-107605600.0,0.0,0.0,0.0,0.0,0.0,0.0,0.0,0.0,0.0,0.0,0.0,0.0,0.0,0.0,0.0,0.0,0.0,0.0,0.0,0.0,-0.0,-2.004,-0.0,2.004,0.0,0.0,0.0,0.0,4819.0,-0.0,7254.0,0.0,-107615384.0,2.7184303811560617e+23,0.0,0.0,0.0,0.0,0.0,77,-0.059,-3.221999815764716e+26,0.0,0.0,0.0,0.0,0.0,0.0,0.0,0,0,0,0.0,0.0,0.0,0.0,0.0,0.0,0.0,0.0,0.0,0.0,0.0,0.0,0.0,0.0,0.0,0.0,0,-107875648.0,77,0.0,154,0.0,-101056864.0,ERR,ERR,ERR,ERR,ERR,ERR,ERR,ERR,ERR,ERR,ERR,ERR,ERR,ERR,ERR,ERR,ERR,ERR,ERR,ERR,ERR,ERR,ERR,ERR,ERR,ERR,ERR,ERR,ERR,ERR,ERR,ERR,ERR,ERR,ERR,ERR,ERR,ERR,ERR,ERR,ERR,ERR,ERR,ERR,ERR,ERR,ERR,ERR,ERR,ERR,ERR,ERR,ERR,ERR,ERR,ERR,ERR,ERR,ERR,ERR,ERR,ERR,ERR,ERR,ERR,ERR,ERR,34.0,80.0,35,0.0,0.0,0.0,0.0,0.0,0.0,0.0,0.0,0.0,0.0,0.0,0.0,0.0,0.0,0.0,0.0,65.6,0,119,58,53,65476,0,300,0,0,8,20529,65476,0,0,57672,80.0,0.0,0.0,0.0,0.0,0.0
2026-06-18T02:51:33,ERR,ERR,ERR,ERR,ERR,ERR,ERR,ERR,ERR,ERR,ERR,ERR,ERR,ERR,ERR,ERR,ERR,ERR,ERR,ERR,ERR,ERR,ERR,ERR,ERR,ERR,ERR,ERR,ERR,ERR,ERR,ERR,ERR,ERR,ERR,ERR,ERR,ERR,ERR,ERR,ERR,ERR,ERR,ERR,ERR,ERR,ERR,ERR,ERR,ERR,ERR,ERR,ERR,ERR,ERR,ERR,ERR,ERR,ERR,ERR,ERR,ERR,ERR,ERR,ERR,ERR,ERR,ERR,ERR,ERR,ERR,ERR,ERR,ERR,ERR,ERR,ERR,ERR,ERR,ERR,ERR,ERR,ERR,ERR,ERR,ERR,ERR,ERR,ERR,ERR,ERR,ERR,ERR,ERR,ERR,ERR,ERR,ERR,ERR,ERR,ERR,ERR,ERR,ERR,ERR,ERR,ERR,ERR,ERR,ERR,ERR,ERR,ERR,ERR,ERR,ERR,ERR,ERR,ERR,ERR,ERR,ERR,ERR,ERR,ERR,0.0,-107615384.0,0.0,-0.0,nan,1.3936040501711995e+18,7.805,1.203397215123588e+25,0,0,4,48961,6720,14723890282496.0,100,0.0,0.0,0.0,-4.9501291711397626e+32,0.0,0,0,0,0,0.0,0,0,0,0,0,0,0,0,0,0,0,0,0,0,0,0,0,0,0,0,0,0,0,0,0,0,0,0,0,0,0,0,0,26,51,50,76,65476,0,300,0,0,8,21553,0.0,-107605600.0,0.0,0.0,0.0,0.0,0.0,0.0,0.0,0.0,0.0,0.0,0.0,0.0,0.0,0.0,0.0,0.0,0.0,0.0,0.0,0.0,-0.0,-2.004,-0.0,2.004,0.0,0.0,0.0,0.0,4819.0,-0.0,7254.0,0.0,-107615384.0,2.7184303811560617e+23,0.0,0.0,0.0,0.0,0.0,77,-0.059,-3.221999815764716e+26,0.0,0.0,0.0,0.0,0.0,0.0,0.0,0,0,0,0.0,0.0,0.0,0.0,0.0,0.0,0.0,0.0,0.0,0.0,0.0,0.0,0.0,0.0,0.0,0.0,0,-107875648.0,77,0.0,154,0.0,-101056864.0,ERR,ERR,ERR,ERR,ERR,ERR,ERR,ERR,ERR,ERR,ERR,ERR,ERR,ERR,ERR,ERR,ERR,ERR,ERR,ERR,ERR,ERR,ERR,ERR,ERR,ERR,ERR,ERR,ERR,ERR,ERR,ERR,ERR,ERR,ERR,ERR,ERR,ERR,ERR,ERR,ERR,ERR,ERR,ERR,ERR,ERR,ERR,ERR,ERR,ERR,ERR,ERR,ERR,ERR,ERR,ERR,ERR,ERR,ERR,ERR,ERR,ERR,ERR,ERR,ERR,ERR,ERR,34.0,80.0,35,0.0,0.0,0.0,0.0,0.0,0.0,0.0,0.0,0.0,0.0,0.0,0.0,0.0,0.0,0.0,0.0,66.4,0,119,58,53,65476,0,300,0,0,8,20529,65476,0,0,57672,80.0,0.0,0.0,0.0,0.0,0.0
2026-06-18T02:51:34,ERR,ERR,ERR,ERR,ERR,ERR,ERR,ERR,ERR,ERR,ERR,ERR,ERR,ERR,ERR,ERR,ERR,ERR,ERR,ERR,ERR,ERR,ERR,ERR,ERR,ERR,ERR,ERR,ERR,ERR,ERR,ERR,ERR,ERR,ERR,ERR,ERR,ERR,ERR,ERR,ERR,ERR,ERR,ERR,ERR,ERR,ERR,ERR,ERR,ERR,ERR,ERR,ERR,ERR,ERR,ERR,ERR,ERR,ERR,ERR,ERR,ERR,ERR,ERR,ERR,ERR,ERR,ERR,ERR,ERR,ERR,ERR,ERR,ERR,ERR,ERR,ERR,ERR,ERR,ERR,ERR,ERR,ERR,ERR,ERR,ERR,ERR,ERR,ERR,ERR,ERR,ERR,ERR,ERR,ERR,ERR,ERR,ERR,ERR,ERR,ERR,ERR,ERR,ERR,ERR,ERR,ERR,ERR,ERR,ERR,ERR,ERR,ERR,ERR,ERR,ERR,ERR,ERR,ERR,ERR,ERR,ERR,ERR,ERR,ERR,0.0,-107615384.0,0.0,-0.0,nan,1.3936040501711995e+18,7.805,1.203397215123588e+25,0,0,4,48961,6720,14723890282496.0,100,0.0,0.0,0.0,-4.9501291711397626e+32,0.0,0,0,0,0,0.0,0,0,0,0,0,0,0,0,0,0,0,0,0,0,0,0,0,0,0,0,0,0,0,0,0,0,0,0,0,0,0,0,0,26,51,50,76,65476,0,300,0,0,8,21553,0.0,-107605600.0,0.0,0.0,0.0,0.0,0.0,0.0,0.0,0.0,0.0,0.0,0.0,0.0,0.0,0.0,0.0,0.0,0.0,0.0,0.0,0.0,-0.0,-2.004,-0.0,2.004,0.0,0.0,0.0,0.0,4819.0,-0.0,7254.0,0.0,-107615384.0,2.7184303811560617e+23,0.0,0.0,0.0,0.0,0.0,77,-0.059,-3.221999815764716e+26,0.0,0.0,0.0,0.0,0.0,0.0,0.0,0,0,0,0.0,0.0,0.0,0.0,0.0,0.0,0.0,0.0,0.0,0.0,0.0,0.0,0.0,0.0,0.0,0.0,0,-107875648.0,77,0.0,154,0.0,-101056864.0,ERR,ERR,ERR,ERR,ERR,ERR,ERR,ERR,ERR,ERR,ERR,ERR,ERR,ERR,ERR,ERR,ERR,ERR,ERR,ERR,ERR,ERR,ERR,ERR,ERR,ERR,ERR,ERR,ERR,ERR,ERR,ERR,ERR,ERR,ERR,ERR,ERR,ERR,ERR,ERR,ERR,ERR,ERR,ERR,ERR,ERR,ERR,ERR,ERR,ERR,ERR,ERR,ERR,ERR,ERR,ERR,ERR,ERR,ERR,ERR,ERR,ERR,ERR,ERR,ERR,ERR,ERR,34.0,80.0,35,0.0,0.0,0.0,0.0,0.0,0.0,0.0,0.0,0.0,0.0,0.0,0.0,0.0,0.0,0.0,0.0,66.4,0,119,58,53,65476,0,300,0,0,8,20529,65476,0,0,57672,80.0,0.0,0.0,0.0,0.0,0.0
2026-06-18T02:51:35,ERR,ERR,ERR,ERR,ERR,ERR,ERR,ERR,ERR,ERR,ERR,ERR,ERR,ERR,ERR,ERR,ERR,ERR,ERR,ERR,ERR,ERR,ERR,ERR,ERR,ERR,ERR,ERR,ERR,ERR,ERR,ERR,ERR,ERR,ERR,ERR,ERR,ERR,ERR,ERR,ERR,ERR,ERR,ERR,ERR,ERR,ERR,ERR,ERR,ERR,ERR,ERR,ERR,ERR,ERR,ERR,ERR,ERR,ERR,ERR,ERR,ERR,ERR,ERR,ERR,ERR,ERR,ERR,ERR,ERR,ERR,ERR,ERR,ERR,ERR,ERR,ERR,ERR,ERR,ERR,ERR,ERR,ERR,ERR,ERR,ERR,ERR,ERR,ERR,ERR,ERR,ERR,ERR,ERR,ERR,ERR,ERR,ERR,ERR,ERR,ERR,ERR,ERR,ERR,ERR,ERR,ERR,ERR,ERR,ERR,ERR,ERR,ERR,ERR,ERR,ERR,ERR,ERR,ERR,ERR,ERR,ERR,ERR,ERR,ERR,0.0,-107615384.0,0.0,-0.0,nan,1.3936040501711995e+18,7.805,1.203397215123588e+25,0,0,4,48961,6720,14723890282496.0,100,0.0,0.0,0.0,-4.9501291711397626e+32,0.0,0,0,0,0,0.0,0,0,0,0,0,0,0,0,0,0,0,0,0,0,0,0,0,0,0,0,0,0,0,0,0,0,0,0,0,0,0,0,0,26,51,50,76,65476,0,300,0,0,8,21553,0.0,-107605600.0,0.0,0.0,0.0,0.0,0.0,0.0,0.0,0.0,0.0,0.0,0.0,0.0,0.0,0.0,0.0,0.0,0.0,0.0,0.0,0.0,-0.0,-2.004,-0.0,2.004,0.0,0.0,0.0,0.0,4819.0,-0.0,7254.0,0.0,-107615384.0,2.7184303811560617e+23,0.0,0.0,0.0,0.0,0.0,77,-0.059,-3.221999815764716e+26,0.0,0.0,0.0,0.0,0.0,0.0,0.0,0,0,0,0.0,0.0,0.0,0.0,0.0,0.0,0.0,0.0,0.0,0.0,0.0,0.0,0.0,0.0,0.0,0.0,0,-107875648.0,77,0.0,154,0.0,-101056864.0,ERR,ERR,ERR,ERR,ERR,ERR,ERR,ERR,ERR,ERR,ERR,ERR,ERR,ERR,ERR,ERR,ERR,ERR,ERR,ERR,ERR,ERR,ERR,ERR,ERR,ERR,ERR,ERR,ERR,ERR,ERR,ERR,ERR,ERR,ERR,ERR,ERR,ERR,ERR,ERR,ERR,ERR,ERR,ERR,ERR,ERR,ERR,ERR,ERR,ERR,ERR,ERR,ERR,ERR,ERR,ERR,ERR,ERR,ERR,ERR,ERR,ERR,ERR,ERR,ERR,ERR,ERR,34.0,80.0,35,0.0,0.0,0.0,0.0,0.0,0.0,0.0,0.0,0.0,0.0,0.0,0.0,0.0,0.0,0.0,0.0,65.6,0,119,58,53,65476,0,300,0,0,8,20529,65476,0,0,57672,80.0,0.0,0.0,0.0,0.0,0.0
2026-06-18T02:51:36,ERR,ERR,ERR,ERR,ERR,ERR,ERR,ERR,ERR,ERR,ERR,ERR,ERR,ERR,ERR,ERR,ERR,ERR,ERR,ERR,ERR,ERR,ERR,ERR,ERR,ERR,ERR,ERR,ERR,ERR,ERR,ERR,ERR,ERR,ERR,ERR,ERR,ERR,ERR,ERR,ERR,ERR,ERR,ERR,ERR,ERR,ERR,ERR,ERR,ERR,ERR,ERR,ERR,ERR,ERR,ERR,ERR,ERR,ERR,ERR,ERR,ERR,ERR,ERR,ERR,ERR,ERR,ERR,ERR,ERR,ERR,ERR,ERR,ERR,ERR,ERR,ERR,ERR,ERR,ERR,ERR,ERR,ERR,ERR,ERR,ERR,ERR,ERR,ERR,ERR,ERR,ERR,ERR,ERR,ERR,ERR,ERR,ERR,ERR,ERR,ERR,ERR,ERR,ERR,ERR,ERR,ERR,ERR,ERR,ERR,ERR,ERR,ERR,ERR,ERR,ERR,ERR,ERR,ERR,ERR,ERR,ERR,ERR,ERR,ERR,0.0,-107615384.0,0.0,-0.0,nan,1.3936040501711995e+18,7.805,1.203397215123588e+25,0,0,4,48961,6720,14723890282496.0,100,0.0,0.0,0.0,-4.9501291711397626e+32,0.0,0,0,0,0,0.0,0,0,0,0,0,0,0,0,0,0,0,0,0,0,0,0,0,0,0,0,0,0,0,0,0,0,0,0,0,0,0,0,0,26,51,50,76,65476,0,300,0,0,8,21553,0.0,-107605600.0,0.0,0.0,0.0,0.0,0.0,0.0,0.0,0.0,0.0,0.0,0.0,0.0,0.0,0.0,0.0,0.0,0.0,0.0,0.0,0.0,-0.0,-2.004,-0.0,2.004,0.0,0.0,0.0,0.0,4819.0,-0.0,7254.0,0.0,-107615384.0,2.7184303811560617e+23,0.0,0.0,0.0,0.0,0.0,77,-0.059,-3.221999815764716e+26,0.0,0.0,0.0,0.0,0.0,0.0,0.0,0,0,0,0.0,0.0,0.0,0.0,0.0,0.0,0.0,0.0,0.0,0.0,0.0,0.0,0.0,0.0,0.0,0.0,0,-107875648.0,77,0.0,154,0.0,-101056864.0,ERR,ERR,ERR,ERR,ERR,ERR,ERR,ERR,ERR,ERR,ERR,ERR,ERR,ERR,ERR,ERR,ERR,ERR,ERR,ERR,ERR,ERR,ERR,ERR,ERR,ERR,ERR,ERR,ERR,ERR,ERR,ERR,ERR,ERR,ERR,ERR,ERR,ERR,ERR,ERR,ERR,ERR,ERR,ERR,ERR,ERR,ERR,ERR,ERR,ERR,ERR,ERR,ERR,ERR,ERR,ERR,ERR,ERR,ERR,ERR,ERR,ERR,ERR,ERR,ERR,ERR,ERR,34.0,80.0,35,0.0,0.0,0.0,0.0,0.0,0.0,0.0,0.0,0.0,0.0,0.0,0.0,0.0,0.0,0.0,0.0,66.4,0,119,58,53,65476,0,300,0,0,8,20529,65476,0,0,57672,80.0,0.0,0.0,0.0,0.0,0.0
2026-06-18T02:51:37,ERR,ERR,ERR,ERR,ERR,ERR,ERR,ERR,ERR,ERR,ERR,ERR,ERR,ERR,ERR,ERR,ERR,ERR,ERR,ERR,ERR,ERR,ERR,ERR,ERR,ERR,ERR,ERR,ERR,ERR,ERR,ERR,ERR,ERR,ERR,ERR,ERR,ERR,ERR,ERR,ERR,ERR,ERR,ERR,ERR,ERR,ERR,ERR,ERR,ERR,ERR,ERR,ERR,ERR,ERR,ERR,ERR,ERR,ERR,ERR,ERR,ERR,ERR,ERR,ERR,ERR,ERR,ERR,ERR,ERR,ERR,ERR,ERR,ERR,ERR,ERR,ERR,ERR,ERR,ERR,ERR,ERR,ERR,ERR,ERR,ERR,ERR,ERR,ERR,ERR,ERR,ERR,ERR,ERR,ERR,ERR,ERR,ERR,ERR,ERR,ERR,ERR,ERR,ERR,ERR,ERR,ERR,ERR,ERR,ERR,ERR,ERR,ERR,ERR,ERR,ERR,ERR,ERR,ERR,ERR,ERR,ERR,ERR,ERR,ERR,0.0,-107615384.0,0.0,-0.0,nan,1.3936040501711995e+18,7.805,1.203397215123588e+25,0,0,4,48961,6720,14723890282496.0,100,0.0,0.0,0.0,-4.9501291711397626e+32,0.0,0,0,0,0,0.0,0,0,0,0,0,0,0,0,0,0,0,0,0,0,0,0,0,0,0,0,0,0,0,0,0,0,0,0,0,0,0,0,0,26,51,50,76,65476,0,300,0,0,8,21553,0.0,-107605600.0,0.0,0.0,0.0,0.0,0.0,0.0,0.0,0.0,0.0,0.0,0.0,0.0,0.0,0.0,0.0,0.0,0.0,0.0,0.0,0.0,-0.0,-2.004,-0.0,2.004,0.0,0.0,0.0,0.0,4819.0,-0.0,7254.0,0.0,-107615384.0,2.7184303811560617e+23,0.0,0.0,0.0,0.0,0.0,77,-0.059,-3.221999815764716e+26,0.0,0.0,0.0,0.0,0.0,0.0,0.0,0,0,0,0.0,0.0,0.0,0.0,0.0,0.0,0.0,0.0,0.0,0.0,0.0,0.0,0.0,0.0,0.0,0.0,0,-107875648.0,77,0.0,154,0.0,-101056864.0,ERR,ERR,ERR,ERR,ERR,ERR,ERR,ERR,ERR,ERR,ERR,ERR,ERR,ERR,ERR,ERR,ERR,ERR,ERR,ERR,ERR,ERR,ERR,ERR,ERR,ERR,ERR,ERR,ERR,ERR,ERR,ERR,ERR,ERR,ERR,ERR,ERR,ERR,ERR,ERR,ERR,ERR,ERR,ERR,ERR,ERR,ERR,ERR,ERR,ERR,ERR,ERR,ERR,ERR,ERR,ERR,ERR,ERR,ERR,ERR,ERR,ERR,ERR,ERR,ERR,ERR,ERR,34.0,80.0,35,0.0,0.0,0.0,0.0,0.0,0.0,0.0,0.0,0.0,0.0,0.0,0.0,0.0,0.0,0.0,0.0,66.4,0,119,58,53,65476,0,300,0,0,8,20529,65476,0,0,57672,80.0,0.0,0.0,0.0,0.0,0.0
2026-06-18T02:51:38,ERR,ERR,ERR,ERR,ERR,ERR,ERR,ERR,ERR,ERR,ERR,ERR,ERR,ERR,ERR,ERR,ERR,ERR,ERR,ERR,ERR,ERR,ERR,ERR,ERR,ERR,ERR,ERR,ERR,ERR,ERR,ERR,ERR,ERR,ERR,ERR,ERR,ERR,ERR,ERR,ERR,ERR,ERR,ERR,ERR,ERR,ERR,ERR,ERR,ERR,ERR,ERR,ERR,ERR,ERR,ERR,ERR,ERR,ERR,ERR,ERR,ERR,ERR,ERR,ERR,ERR,ERR,ERR,ERR,ERR,ERR,ERR,ERR,ERR,ERR,ERR,ERR,ERR,ERR,ERR,ERR,ERR,ERR,ERR,ERR,ERR,ERR,ERR,ERR,ERR,ERR,ERR,ERR,ERR,ERR,ERR,ERR,ERR,ERR,ERR,ERR,ERR,ERR,ERR,ERR,ERR,ERR,ERR,ERR,ERR,ERR,ERR,ERR,ERR,ERR,ERR,ERR,ERR,ERR,ERR,ERR,ERR,ERR,ERR,ERR,0.0,-107615384.0,0.0,-152005385388032.0,1.6,1.3936040501711995e+18,7.805,0.0,0,0,4,48956,6720,14723890282496.0,100,0.0,0.0,0.0,-4.9501291711397626e+32,0.0,0,0,0,0,0.0,0,0,0,0,0,0,0,0,0,0,0,0,0,0,0,0,0,0,0,0,0,0,0,0,0,0,0,0,0,0,0,0,0,26,51,50,76,65476,0,300,0,0,8,21553,0.0,-107605600.0,0.0,0.0,0.0,0.0,0.0,0.0,0.0,0.0,0.0,0.0,0.0,0.0,0.0,0.0,0.0,0.0,0.0,0.0,0.0,0.0,-0.0,-2.004,-0.0,2.004,0.0,0.0,0.0,0.0,4820.0,-2.004,7256.0,0.0,-107615384.0,2.7184303811560617e+23,0.0,0.0,0.0,0.0,0.0,77,-71.63,0.0,0.0,0.0,0.0,0.0,0.0,0.0,0.0,0,0,0,0.0,0.0,0.0,0.0,0.0,0.0,0.0,0.0,0.0,0.0,0.0,0.0,0.0,0.0,0.0,0.0,0,-107875648.0,77,0.0,154,0.0,-101056864.0,ERR,ERR,ERR,ERR,ERR,ERR,ERR,ERR,ERR,ERR,ERR,ERR,ERR,ERR,ERR,ERR,ERR,ERR,ERR,ERR,ERR,ERR,ERR,ERR,ERR,ERR,ERR,ERR,ERR,ERR,ERR,ERR,ERR,ERR,ERR,ERR,ERR,ERR,ERR,ERR,ERR,ERR,ERR,ERR,ERR,ERR,ERR,ERR,ERR,ERR,ERR,ERR,ERR,ERR,ERR,ERR,ERR,ERR,ERR,ERR,ERR,ERR,ERR,ERR,ERR,ERR,ERR,34.0,80.0,35,0.0,0.0,0.0,0.0,0.0,0.0,0.0,0.0,0.0,0.0,0.0,0.0,0.0,0.0,0.0,0.0,65.6,0,119,58,53,65476,0,300,0,0,8,20529,65476,0,0,57672,80.0,0.0,0.0,0.0,0.0,0.0
2026-06-18T02:51:39,ERR,ERR,ERR,ERR,ERR,ERR,ERR,ERR,ERR,ERR,ERR,ERR,ERR,ERR,ERR,ERR,ERR,ERR,ERR,ERR,ERR,ERR,ERR,ERR,ERR,ERR,ERR,ERR,ERR,ERR,ERR,ERR,ERR,ERR,ERR,ERR,ERR,ERR,ERR,ERR,ERR,ERR,ERR,ERR,ERR,ERR,ERR,ERR,ERR,ERR,ERR,ERR,ERR,ERR,ERR,ERR,ERR,ERR,ERR,ERR,ERR,ERR,ERR,ERR,ERR,ERR,ERR,ERR,ERR,ERR,ERR,ERR,ERR,ERR,ERR,ERR,ERR,ERR,ERR,ERR,ERR,ERR,ERR,ERR,ERR,ERR,ERR,ERR,ERR,ERR,ERR,ERR,ERR,ERR,ERR,ERR,ERR,ERR,ERR,ERR,ERR,ERR,ERR,ERR,ERR,ERR,ERR,ERR,ERR,ERR,ERR,ERR,ERR,ERR,ERR,ERR,ERR,ERR,ERR,ERR,ERR,ERR,ERR,ERR,ERR,0.0,-107615384.0,0.0,-152005385388032.0,1.6,1.3936040501711995e+18,7.805,0.0,0,0,4,48956,6720,14723890282496.0,100,0.0,0.0,0.0,-4.9501291711397626e+32,0.0,0,0,0,0,0.0,0,0,0,0,0,0,0,0,0,0,0,0,0,0,0,0,0,0,0,0,0,0,0,0,0,0,0,0,0,0,0,0,0,26,51,50,76,65476,0,300,0,0,8,21553,0.0,-107605600.0,0.0,0.0,0.0,0.0,0.0,0.0,0.0,0.0,0.0,0.0,0.0,0.0,0.0,0.0,0.0,0.0,0.0,0.0,0.0,0.0,-0.0,-2.004,-0.0,2.004,0.0,0.0,0.0,0.0,4820.0,-2.004,7256.0,0.0,-107615384.0,2.7184303811560617e+23,0.0,0.0,0.0,0.0,0.0,77,-71.63,0.0,0.0,0.0,0.0,0.0,0.0,0.0,0.0,0,0,0,0.0,0.0,0.0,0.0,0.0,0.0,0.0,0.0,0.0,0.0,0.0,0.0,0.0,0.0,0.0,0.0,0,-107875648.0,77,0.0,154,0.0,-101056864.0,ERR,ERR,ERR,ERR,ERR,ERR,ERR,ERR,ERR,ERR,ERR,ERR,ERR,ERR,ERR,ERR,ERR,ERR,ERR,ERR,ERR,ERR,ERR,ERR,ERR,ERR,ERR,ERR,ERR,ERR,ERR,ERR,ERR,ERR,ERR,ERR,ERR,ERR,ERR,ERR,ERR,ERR,ERR,ERR,ERR,ERR,ERR,ERR,ERR,ERR,ERR,ERR,ERR,ERR,ERR,ERR,ERR,ERR,ERR,ERR,ERR,ERR,ERR,ERR,ERR,ERR,ERR,34.0,80.0,35,0.0,0.0,0.0,0.0,0.0,0.0,0.0,0.0,0.0,0.0,0.0,0.0,0.0,0.0,0.0,0.0,65.6,0,119,58,53,65476,0,300,0,0,8,20529,65476,0,0,57672,80.0,0.0,0.0,0.0,0.0,0.0
2026-06-18T02:51:40,ERR,ERR,ERR,ERR,ERR,ERR,ERR,ERR,ERR,ERR,ERR,ERR,ERR,ERR,ERR,ERR,ERR,ERR,ERR,ERR,ERR,ERR,ERR,ERR,ERR,ERR,ERR,ERR,ERR,ERR,ERR,ERR,ERR,ERR,ERR,ERR,ERR,ERR,ERR,ERR,ERR,ERR,ERR,ERR,ERR,ERR,ERR,ERR,ERR,ERR,ERR,ERR,ERR,ERR,ERR,ERR,ERR,ERR,ERR,ERR,ERR,ERR,ERR,ERR,ERR,ERR,ERR,ERR,ERR,ERR,ERR,ERR,ERR,ERR,ERR,ERR,ERR,ERR,ERR,ERR,ERR,ERR,ERR,ERR,ERR,ERR,ERR,ERR,ERR,ERR,ERR,ERR,ERR,ERR,ERR,ERR,ERR,ERR,ERR,ERR,ERR,ERR,ERR,ERR,ERR,ERR,ERR,ERR,ERR,ERR,ERR,ERR,ERR,ERR,ERR,ERR,ERR,ERR,ERR,ERR,ERR,ERR,ERR,ERR,ERR,0.0,-107615384.0,0.0,-152005385388032.0,1.6,1.3936040501711995e+18,7.805,0.0,0,0,4,48956,6720,14723890282496.0,100,0.0,0.0,0.0,-4.9501291711397626e+32,0.0,0,0,0,0,0.0,0,0,0,0,0,0,0,0,0,0,0,0,0,0,0,0,0,0,0,0,0,0,0,0,0,0,0,0,0,0,0,0,0,26,51,50,76,65476,0,300,0,0,8,21553,0.0,-107605600.0,0.0,0.0,0.0,0.0,0.0,0.0,0.0,0.0,0.0,0.0,0.0,0.0,0.0,0.0,0.0,0.0,0.0,0.0,0.0,0.0,-0.0,-2.004,-0.0,2.004,0.0,0.0,0.0,0.0,4820.0,-2.004,7256.0,0.0,-107615384.0,2.7184303811560617e+23,0.0,0.0,0.0,0.0,0.0,77,-71.63,0.0,0.0,0.0,0.0,0.0,0.0,0.0,0.0,0,0,0,0.0,0.0,0.0,0.0,0.0,0.0,0.0,0.0,0.0,0.0,0.0,0.0,0.0,0.0,0.0,0.0,0,-107875648.0,77,0.0,154,0.0,-101056864.0,ERR,ERR,ERR,ERR,ERR,ERR,ERR,ERR,ERR,ERR,ERR,ERR,ERR,ERR,ERR,ERR,ERR,ERR,ERR,ERR,ERR,ERR,ERR,ERR,ERR,ERR,ERR,ERR,ERR,ERR,ERR,ERR,ERR,ERR,ERR,ERR,ERR,ERR,ERR,ERR,ERR,ERR,ERR,ERR,ERR,ERR,ERR,ERR,ERR,ERR,ERR,ERR,ERR,ERR,ERR,ERR,ERR,ERR,ERR,ERR,ERR,ERR,ERR,ERR,ERR,ERR,ERR,34.0,80.0,35,0.0,0.0,0.0,0.0,0.0,0.0,0.0,0.0,0.0,0.0,0.0,0.0,0.0,0.0,0.0,0.0,65.6,0,119,58,53,65476,0,300,0,0,8,20529,65476,0,0,57672,80.0,0.0,0.0,0.0,0.0,0.0
2026-06-18T02:51:41,ERR,ERR,ERR,ERR,ERR,ERR,ERR,ERR,ERR,ERR,ERR,ERR,ERR,ERR,ERR,ERR,ERR,ERR,ERR,ERR,ERR,ERR,ERR,ERR,ERR,ERR,ERR,ERR,ERR,ERR,ERR,ERR,ERR,ERR,ERR,ERR,ERR,ERR,ERR,ERR,ERR,ERR,ERR,ERR,ERR,ERR,ERR,ERR,ERR,ERR,ERR,ERR,ERR,ERR,ERR,ERR,ERR,ERR,ERR,ERR,ERR,ERR,ERR,ERR,ERR,ERR,ERR,ERR,ERR,ERR,ERR,ERR,ERR,ERR,ERR,ERR,ERR,ERR,ERR,ERR,ERR,ERR,ERR,ERR,ERR,ERR,ERR,ERR,ERR,ERR,ERR,ERR,ERR,ERR,ERR,ERR,ERR,ERR,ERR,ERR,ERR,ERR,ERR,ERR,ERR,ERR,ERR,ERR,ERR,ERR,ERR,ERR,ERR,ERR,ERR,ERR,ERR,ERR,ERR,ERR,ERR,ERR,ERR,ERR,ERR,0.0,-107615384.0,0.0,-152005385388032.0,1.6,1.3936040501711995e+18,7.805,0.0,0,0,4,48956,6720,14723890282496.0,100,0.0,0.0,0.0,-4.9501291711397626e+32,0.0,0,0,0,0,0.0,0,0,0,0,0,0,0,0,0,0,0,0,0,0,0,0,0,0,0,0,0,0,0,0,0,0,0,0,0,0,0,0,0,26,51,50,76,65476,0,300,0,0,8,21553,0.0,-107605600.0,0.0,0.0,0.0,0.0,0.0,0.0,0.0,0.0,0.0,0.0,0.0,0.0,0.0,0.0,0.0,0.0,0.0,0.0,0.0,0.0,-0.0,-2.004,-0.0,2.004,0.0,0.0,0.0,0.0,4820.0,-2.004,7256.0,0.0,-107615384.0,2.7184303811560617e+23,0.0,0.0,0.0,0.0,0.0,77,-71.63,0.0,0.0,0.0,0.0,0.0,0.0,0.0,0.0,0,0,0,0.0,0.0,0.0,0.0,0.0,0.0,0.0,0.0,0.0,0.0,0.0,0.0,0.0,0.0,0.0,0.0,0,-107875648.0,77,0.0,154,0.0,-101056864.0,ERR,ERR,ERR,ERR,ERR,ERR,ERR,ERR,ERR,ERR,ERR,ERR,ERR,ERR,ERR,ERR,ERR,ERR,ERR,ERR,ERR,ERR,ERR,ERR,ERR,ERR,ERR,ERR,ERR,ERR,ERR,ERR,ERR,ERR,ERR,ERR,ERR,ERR,ERR,ERR,ERR,ERR,ERR,ERR,ERR,ERR,ERR,ERR,ERR,ERR,ERR,ERR,ERR,ERR,ERR,ERR,ERR,ERR,ERR,ERR,ERR,ERR,ERR,ERR,ERR,ERR,ERR,34.0,80.0,35,0.0,0.0,0.0,0.0,0.0,0.0,0.0,0.0,0.0,0.0,0.0,0.0,0.0,0.0,0.0,0.0,65.6,0,119,58,53,65476,0,300,0,0,8,20529,65476,0,0,57672,80.0,0.0,0.0,0.0,0.0,0.0
2026-06-18T02:51:42,ERR,ERR,ERR,ERR,ERR,ERR,ERR,ERR,ERR,ERR,ERR,ERR,ERR,ERR,ERR,ERR,ERR,ERR,ERR,ERR,ERR,ERR,ERR,ERR,ERR,ERR,ERR,ERR,ERR,ERR,ERR,ERR,ERR,ERR,ERR,ERR,ERR,ERR,ERR,ERR,ERR,ERR,ERR,ERR,ERR,ERR,ERR,ERR,ERR,ERR,ERR,ERR,ERR,ERR,ERR,ERR,ERR,ERR,ERR,ERR,ERR,ERR,ERR,ERR,ERR,ERR,ERR,ERR,ERR,ERR,ERR,ERR,ERR,ERR,ERR,ERR,ERR,ERR,ERR,ERR,ERR,ERR,ERR,ERR,ERR,ERR,ERR,ERR,ERR,ERR,ERR,ERR,ERR,ERR,ERR,ERR,ERR,ERR,ERR,ERR,ERR,ERR,ERR,ERR,ERR,ERR,ERR,ERR,ERR,ERR,ERR,ERR,ERR,ERR,ERR,ERR,ERR,ERR,ERR,ERR,ERR,ERR,ERR,ERR,ERR,0.0,-107615384.0,0.0,-152005385388032.0,1.6,1.3936040501711995e+18,7.805,0.0,0,0,4,48956,6720,14723890282496.0,100,0.0,0.0,0.0,-4.9501291711397626e+32,0.0,0,0,0,0,0.0,0,0,0,0,0,0,0,0,0,0,0,0,0,0,0,0,0,0,0,0,0,0,0,0,0,0,0,0,0,0,0,0,0,26,51,50,76,65476,0,300,0,0,8,21553,0.0,-107605600.0,0.0,0.0,0.0,0.0,0.0,0.0,0.0,0.0,0.0,0.0,0.0,0.0,0.0,0.0,0.0,0.0,0.0,0.0,0.0,0.0,-0.0,-2.004,-0.0,2.004,0.0,0.0,0.0,0.0,4820.0,-2.004,7256.0,0.0,-107615384.0,2.7184303811560617e+23,0.0,0.0,0.0,0.0,0.0,77,-71.63,0.0,0.0,0.0,0.0,0.0,0.0,0.0,0.0,0,0,0,0.0,0.0,0.0,0.0,0.0,0.0,0.0,0.0,0.0,0.0,0.0,0.0,0.0,0.0,0.0,0.0,0,-107875648.0,77,0.0,154,0.0,-101056864.0,ERR,ERR,ERR,ERR,ERR,ERR,ERR,ERR,ERR,ERR,ERR,ERR,ERR,ERR,ERR,ERR,ERR,ERR,ERR,ERR,ERR,ERR,ERR,ERR,ERR,ERR,ERR,ERR,ERR,ERR,ERR,ERR,ERR,ERR,ERR,ERR,ERR,ERR,ERR,ERR,ERR,ERR,ERR,ERR,ERR,ERR,ERR,ERR,ERR,ERR,ERR,ERR,ERR,ERR,ERR,ERR,ERR,ERR,ERR,ERR,ERR,ERR,ERR,ERR,ERR,ERR,ERR,34.0,80.0,35,0.0,0.0,0.0,0.0,0.0,0.0,0.0,0.0,0.0,0.0,0.0,0.0,0.0,0.0,0.0,0.0,65.6,0,119,58,53,65476,0,300,0,0,8,20529,65476,0,0,57672,80.0,0.0,0.0,0.0,0.0,0.0
2026-06-18T02:51:43,ERR,ERR,ERR,ERR,ERR,ERR,ERR,ERR,ERR,ERR,ERR,ERR,ERR,ERR,ERR,ERR,ERR,ERR,ERR,ERR,ERR,ERR,ERR,ERR,ERR,ERR,ERR,ERR,ERR,ERR,ERR,ERR,ERR,ERR,ERR,ERR,ERR,ERR,ERR,ERR,ERR,ERR,ERR,ERR,ERR,ERR,ERR,ERR,ERR,ERR,ERR,ERR,ERR,ERR,ERR,ERR,ERR,ERR,ERR,ERR,ERR,ERR,ERR,ERR,ERR,ERR,ERR,ERR,ERR,ERR,ERR,ERR,ERR,ERR,ERR,ERR,ERR,ERR,ERR,ERR,ERR,ERR,ERR,ERR,ERR,ERR,ERR,ERR,ERR,ERR,ERR,ERR,ERR,ERR,ERR,ERR,ERR,ERR,ERR,ERR,ERR,ERR,ERR,ERR,ERR,ERR,ERR,ERR,ERR,ERR,ERR,ERR,ERR,ERR,ERR,ERR,ERR,ERR,ERR,ERR,ERR,ERR,ERR,ERR,ERR,0.0,-107615384.0,-0.0,0.059,nan,1.3936040501711995e+18,7.805,0.0,0,0,4,48952,6720,14723890282496.0,100,0.0,0.0,0.0,0.059,0.0,0,0,0,0,0.0,0,0,0,0,0,0,0,0,0,0,0,0,0,0,0,0,0,0,0,0,0,0,0,0,0,0,0,0,0,0,0,0,0,26,51,50,76,65476,0,300,0,0,8,21553,0.0,-107605600.0,0.0,0.0,0.0,0.0,0.0,0.0,0.0,0.0,0.0,0.0,0.0,0.0,0.0,0.0,0.0,0.0,0.0,0.0,0.0,0.0,-0.0,-2.004,-0.0,2.004,0.0,0.0,0.0,0.0,4821.0,-564145430724608.0,7259.0,0.0,-107615384.0,2.7184303811560617e+23,0.0,0.0,0.0,0.0,0.0,77,-0.0,0.0,0.0,0.0,0.0,0.0,0.0,0.0,0.0,0,0,0,0.0,0.0,0.0,0.0,0.0,0.0,0.0,0.0,0.0,0.0,0.0,0.0,0.0,0.0,0.0,0.0,0,-107875648.0,77,0.0,154,0.0,-101056864.0,ERR,ERR,ERR,ERR,ERR,ERR,ERR,ERR,ERR,ERR,ERR,ERR,ERR,ERR,ERR,ERR,ERR,ERR,ERR,ERR,ERR,ERR,ERR,ERR,ERR,ERR,ERR,ERR,ERR,ERR,ERR,ERR,ERR,ERR,ERR,ERR,ERR,ERR,ERR,ERR,ERR,ERR,ERR,ERR,ERR,ERR,ERR,ERR,ERR,ERR,ERR,ERR,ERR,ERR,ERR,ERR,ERR,ERR,ERR,ERR,ERR,ERR,ERR,ERR,ERR,ERR,ERR,34.0,80.0,35,0.0,0.0,0.0,0.0,0.0,0.0,0.0,0.0,0.0,0.0,0.0,0.0,0.0,0.0,0.0,0.0,65.6,0,119,58,53,65476,0,300,0,0,8,20529,65476,0,0,57672,80.0,0.0,0.0,0.0,0.0,0.0
2026-06-18T02:51:44,ERR,ERR,ERR,ERR,ERR,ERR,ERR,ERR,ERR,ERR,ERR,ERR,ERR,ERR,ERR,ERR,ERR,ERR,ERR,ERR,ERR,ERR,ERR,ERR,ERR,ERR,ERR,ERR,ERR,ERR,ERR,ERR,ERR,ERR,ERR,ERR,ERR,ERR,ERR,ERR,ERR,ERR,ERR,ERR,ERR,ERR,ERR,ERR,ERR,ERR,ERR,ERR,ERR,ERR,ERR,ERR,ERR,ERR,ERR,ERR,ERR,ERR,ERR,ERR,ERR,ERR,ERR,ERR,ERR,ERR,ERR,ERR,ERR,ERR,ERR,ERR,ERR,ERR,ERR,ERR,ERR,ERR,ERR,ERR,ERR,ERR,ERR,ERR,ERR,ERR,ERR,ERR,ERR,ERR,ERR,ERR,ERR,ERR,ERR,ERR,ERR,ERR,ERR,ERR,ERR,ERR,ERR,ERR,ERR,ERR,ERR,ERR,ERR,ERR,ERR,ERR,ERR,ERR,ERR,ERR,ERR,ERR,ERR,ERR,ERR,0.0,-107615384.0,-0.0,0.059,nan,1.3936040501711995e+18,7.805,0.0,0,0,4,48952,6720,14723890282496.0,100,0.0,0.0,0.0,0.059,0.0,0,0,0,0,0.0,0,0,0,0,0,0,0,0,0,0,0,0,0,0,0,0,0,0,0,0,0,0,0,0,0,0,0,0,0,0,0,0,0,26,51,50,76,65476,0,300,0,0,8,21553,0.0,-107605600.0,0.0,0.0,0.0,0.0,0.0,0.0,0.0,0.0,0.0,0.0,0.0,0.0,0.0,0.0,0.0,0.0,0.0,0.0,0.0,0.0,-0.0,-2.004,-0.0,2.004,0.0,0.0,0.0,0.0,4821.0,-564145430724608.0,7259.0,0.0,-107615384.0,2.7184303811560617e+23,0.0,0.0,0.0,0.0,0.0,77,-0.0,0.0,0.0,0.0,0.0,0.0,0.0,0.0,0.0,0,0,0,0.0,0.0,0.0,0.0,0.0,0.0,0.0,0.0,0.0,0.0,0.0,0.0,0.0,0.0,0.0,0.0,0,-107875648.0,77,0.0,154,0.0,-101056864.0,ERR,ERR,ERR,ERR,ERR,ERR,ERR,ERR,ERR,ERR,ERR,ERR,ERR,ERR,ERR,ERR,ERR,ERR,ERR,ERR,ERR,ERR,ERR,ERR,ERR,ERR,ERR,ERR,ERR,ERR,ERR,ERR,ERR,ERR,ERR,ERR,ERR,ERR,ERR,ERR,ERR,ERR,ERR,ERR,ERR,ERR,ERR,ERR,ERR,ERR,ERR,ERR,ERR,ERR,ERR,ERR,ERR,ERR,ERR,ERR,ERR,ERR,ERR,ERR,ERR,ERR,ERR,34.0,80.0,35,0.0,0.0,0.0,0.0,0.0,0.0,0.0,0.0,0.0,0.0,0.0,0.0,0.0,0.0,0.0,0.0,65.6,0,119,58,53,65476,0,300,0,0,8,20529,65476,0,0,57672,80.0,0.0,0.0,0.0,0.0,0.0
2026-06-18T02:51:45,ERR,ERR,ERR,ERR,ERR,ERR,ERR,ERR,ERR,ERR,ERR,ERR,ERR,ERR,ERR,ERR,ERR,ERR,ERR,ERR,ERR,ERR,ERR,ERR,ERR,ERR,ERR,ERR,ERR,ERR,ERR,ERR,ERR,ERR,ERR,ERR,ERR,ERR,ERR,ERR,ERR,ERR,ERR,ERR,ERR,ERR,ERR,ERR,ERR,ERR,ERR,ERR,ERR,ERR,ERR,ERR,ERR,ERR,ERR,ERR,ERR,ERR,ERR,ERR,ERR,ERR,ERR,ERR,ERR,ERR,ERR,ERR,ERR,ERR,ERR,ERR,ERR,ERR,ERR,ERR,ERR,ERR,ERR,ERR,ERR,ERR,ERR,ERR,ERR,ERR,ERR,ERR,ERR,ERR,ERR,ERR,ERR,ERR,ERR,ERR,ERR,ERR,ERR,ERR,ERR,ERR,ERR,ERR,ERR,ERR,ERR,ERR,ERR,ERR,ERR,ERR,ERR,ERR,ERR,ERR,ERR,ERR,ERR,ERR,ERR,0.0,-107615384.0,-0.0,0.059,nan,1.3936040501711995e+18,7.805,0.0,0,0,4,48952,6720,14723890282496.0,100,0.0,0.0,0.0,0.059,0.0,0,0,0,0,0.0,0,0,0,0,0,0,0,0,0,0,0,0,0,0,0,0,0,0,0,0,0,0,0,0,0,0,0,0,0,0,0,0,0,26,51,50,76,65476,0,300,0,0,8,21553,0.0,-107605600.0,0.0,0.0,0.0,0.0,0.0,0.0,0.0,0.0,0.0,0.0,0.0,0.0,0.0,0.0,0.0,0.0,0.0,0.0,0.0,0.0,-0.0,-2.004,-0.0,2.004,0.0,0.0,0.0,0.0,4821.0,-564145430724608.0,7259.0,0.0,-107615384.0,2.7184303811560617e+23,0.0,0.0,0.0,0.0,0.0,77,-0.0,0.0,0.0,0.0,0.0,0.0,0.0,0.0,0.0,0,0,0,0.0,0.0,0.0,0.0,0.0,0.0,0.0,0.0,0.0,0.0,0.0,0.0,0.0,0.0,0.0,0.0,0,-107875648.0,77,0.0,154,0.0,-101056864.0,ERR,ERR,ERR,ERR,ERR,ERR,ERR,ERR,ERR,ERR,ERR,ERR,ERR,ERR,ERR,ERR,ERR,ERR,ERR,ERR,ERR,ERR,ERR,ERR,ERR,ERR,ERR,ERR,ERR,ERR,ERR,ERR,ERR,ERR,ERR,ERR,ERR,ERR,ERR,ERR,ERR,ERR,ERR,ERR,ERR,ERR,ERR,ERR,ERR,ERR,ERR,ERR,ERR,ERR,ERR,ERR,ERR,ERR,ERR,ERR,ERR,ERR,ERR,ERR,ERR,ERR,ERR,34.0,80.0,35,0.0,0.0,0.0,0.0,0.0,0.0,0.0,0.0,0.0,0.0,0.0,0.0,0.0,0.0,0.0,0.0,65.6,0,119,58,53,65476,0,300,0,0,8,20529,65476,0,0,57672,80.0,0.0,0.0,0.0,0.0,0.0
2026-06-18T02:51:46,ERR,ERR,ERR,ERR,ERR,ERR,ERR,ERR,ERR,ERR,ERR,ERR,ERR,ERR,ERR,ERR,ERR,ERR,ERR,ERR,ERR,ERR,ERR,ERR,ERR,ERR,ERR,ERR,ERR,ERR,ERR,ERR,ERR,ERR,ERR,ERR,ERR,ERR,ERR,ERR,ERR,ERR,ERR,ERR,ERR,ERR,ERR,ERR,ERR,ERR,ERR,ERR,ERR,ERR,ERR,ERR,ERR,ERR,ERR,ERR,ERR,ERR,ERR,ERR,ERR,ERR,ERR,ERR,ERR,ERR,ERR,ERR,ERR,ERR,ERR,ERR,ERR,ERR,ERR,ERR,ERR,ERR,ERR,ERR,ERR,ERR,ERR,ERR,ERR,ERR,ERR,ERR,ERR,ERR,ERR,ERR,ERR,ERR,ERR,ERR,ERR,ERR,ERR,ERR,ERR,ERR,ERR,ERR,ERR,ERR,ERR,ERR,ERR,ERR,ERR,ERR,ERR,ERR,ERR,ERR,ERR,ERR,ERR,ERR,ERR,0.0,-107615384.0,-0.0,0.059,nan,1.3936040501711995e+18,7.805,0.0,0,0,4,48952,6720,14723890282496.0,100,0.0,0.0,0.0,0.059,0.0,0,0,0,0,0.0,0,0,0,0,0,0,0,0,0,0,0,0,0,0,0,0,0,0,0,0,0,0,0,0,0,0,0,0,0,0,0,0,0,26,51,50,76,65476,0,300,0,0,8,21553,0.0,-107605600.0,0.0,0.0,0.0,0.0,0.0,0.0,0.0,0.0,0.0,0.0,0.0,0.0,0.0,0.0,0.0,0.0,0.0,0.0,0.0,0.0,-0.0,-2.004,-0.0,2.004,0.0,0.0,0.0,0.0,4821.0,-564145430724608.0,7259.0,0.0,-107615384.0,2.7184303811560617e+23,0.0,0.0,0.0,0.0,0.0,77,-0.0,0.0,0.0,0.0,0.0,0.0,0.0,0.0,0.0,0,0,0,0.0,0.0,0.0,0.0,0.0,0.0,0.0,0.0,0.0,0.0,0.0,0.0,0.0,0.0,0.0,0.0,0,-107875648.0,77,0.0,154,0.0,-101056864.0,ERR,ERR,ERR,ERR,ERR,ERR,ERR,ERR,ERR,ERR,ERR,ERR,ERR,ERR,ERR,ERR,ERR,ERR,ERR,ERR,ERR,ERR,ERR,ERR,ERR,ERR,ERR,ERR,ERR,ERR,ERR,ERR,ERR,ERR,ERR,ERR,ERR,ERR,ERR,ERR,ERR,ERR,ERR,ERR,ERR,ERR,ERR,ERR,ERR,ERR,ERR,ERR,ERR,ERR,ERR,ERR,ERR,ERR,ERR,ERR,ERR,ERR,ERR,ERR,ERR,ERR,ERR,34.0,80.0,35,0.0,0.0,0.0,0.0,0.0,0.0,0.0,0.0,0.0,0.0,0.0,0.0,0.0,0.0,0.0,0.0,65.6,0,119,58,53,65476,0,300,0,0,8,20529,65476,0,0,57672,80.0,0.0,0.0,0.0,0.0,0.0
2026-06-18T02:51:47,ERR,ERR,ERR,ERR,ERR,ERR,ERR,ERR,ERR,ERR,ERR,ERR,ERR,ERR,ERR,ERR,ERR,ERR,ERR,ERR,ERR,ERR,ERR,ERR,ERR,ERR,ERR,ERR,ERR,ERR,ERR,ERR,ERR,ERR,ERR,ERR,ERR,ERR,ERR,ERR,ERR,ERR,ERR,ERR,ERR,ERR,ERR,ERR,ERR,ERR,ERR,ERR,ERR,ERR,ERR,ERR,ERR,ERR,ERR,ERR,ERR,ERR,ERR,ERR,ERR,ERR,ERR,ERR,ERR,ERR,ERR,ERR,ERR,ERR,ERR,ERR,ERR,ERR,ERR,ERR,ERR,ERR,ERR,ERR,ERR,ERR,ERR,ERR,ERR,ERR,ERR,ERR,ERR,ERR,ERR,ERR,ERR,ERR,ERR,ERR,ERR,ERR,ERR,ERR,ERR,ERR,ERR,ERR,ERR,ERR,ERR,ERR,ERR,ERR,ERR,ERR,ERR,ERR,ERR,ERR,ERR,ERR,ERR,ERR,ERR,0.0,-107615384.0,-0.0,0.059,nan,1.3936040501711995e+18,7.805,0.0,0,0,4,48952,6720,14723890282496.0,100,0.0,0.0,0.0,0.059,0.0,0,0,0,0,0.0,0,0,0,0,0,0,0,0,0,0,0,0,0,0,0,0,0,0,0,0,0,0,0,0,0,0,0,0,0,0,0,0,0,26,51,50,76,65476,0,300,0,0,8,21553,0.0,-107605600.0,0.0,0.0,0.0,0.0,0.0,0.0,0.0,0.0,0.0,0.0,0.0,0.0,0.0,0.0,0.0,0.0,0.0,0.0,0.0,0.0,-0.0,-2.004,-0.0,2.004,0.0,0.0,0.0,0.0,4821.0,-564145430724608.0,7259.0,0.0,-107615384.0,2.7184303811560617e+23,0.0,0.0,0.0,0.0,0.0,77,-0.0,0.0,0.0,0.0,0.0,0.0,0.0,0.0,0.0,0,0,0,0.0,0.0,0.0,0.0,0.0,0.0,0.0,0.0,0.0,0.0,0.0,0.0,0.0,0.0,0.0,0.0,0,-107875648.0,77,0.0,154,0.0,-101056864.0,ERR,ERR,ERR,ERR,ERR,ERR,ERR,ERR,ERR,ERR,ERR,ERR,ERR,ERR,ERR,ERR,ERR,ERR,ERR,ERR,ERR,ERR,ERR,ERR,ERR,ERR,ERR,ERR,ERR,ERR,ERR,ERR,ERR,ERR,ERR,ERR,ERR,ERR,ERR,ERR,ERR,ERR,ERR,ERR,ERR,ERR,ERR,ERR,ERR,ERR,ERR,ERR,ERR,ERR,ERR,ERR,ERR,ERR,ERR,ERR,ERR,ERR,ERR,ERR,ERR,ERR,ERR,34.0,80.0,35,0.0,0.0,0.0,0.0,0.0,0.0,0.0,0.0,0.0,0.0,0.0,0.0,0.0,0.0,0.0,0.0,65.6,0,119,58,53,65476,0,300,0,0,8,20529,65476,0,0,57672,80.0,0.0,0.0,0.0,0.0,0.0
2026-06-18T02:51:48,ERR,ERR,ERR,ERR,ERR,ERR,ERR,ERR,ERR,ERR,ERR,ERR,ERR,ERR,ERR,ERR,ERR,ERR,ERR,ERR,ERR,ERR,ERR,ERR,ERR,ERR,ERR,ERR,ERR,ERR,ERR,ERR,ERR,ERR,ERR,ERR,ERR,ERR,ERR,ERR,ERR,ERR,ERR,ERR,ERR,ERR,ERR,ERR,ERR,ERR,ERR,ERR,ERR,ERR,ERR,ERR,ERR,ERR,ERR,ERR,ERR,ERR,ERR,ERR,ERR,ERR,ERR,ERR,ERR,ERR,ERR,ERR,ERR,ERR,ERR,ERR,ERR,ERR,ERR,ERR,ERR,ERR,ERR,ERR,ERR,ERR,ERR,ERR,ERR,ERR,ERR,ERR,ERR,ERR,ERR,ERR,ERR,ERR,ERR,ERR,ERR,ERR,ERR,ERR,ERR,ERR,ERR,ERR,ERR,ERR,ERR,ERR,ERR,ERR,ERR,ERR,ERR,ERR,ERR,ERR,ERR,ERR,ERR,ERR,ERR,0.0,-107615384.0,-0.0,0.059,nan,1.3936040501711995e+18,7.805,0.0,0,0,4,48952,6720,14723890282496.0,100,0.0,0.0,0.0,0.059,0.0,0,0,0,0,0.0,0,0,0,0,0,0,0,0,0,0,0,0,0,0,0,0,0,0,0,0,0,0,0,0,0,0,0,0,0,0,0,0,0,26,51,50,76,65476,0,300,0,0,8,21553,0.0,-107605600.0,0.0,0.0,0.0,0.0,0.0,0.0,0.0,0.0,0.0,0.0,0.0,0.0,0.0,0.0,0.0,0.0,0.0,0.0,0.0,0.0,-0.0,-2.004,-0.0,2.004,0.0,0.0,0.0,0.0,4821.0,-564145430724608.0,7259.0,0.0,-107615384.0,2.7184303811560617e+23,0.0,0.0,0.0,0.0,0.0,77,-0.0,0.0,0.0,0.0,0.0,0.0,0.0,0.0,0.0,0,0,0,0.0,0.0,0.0,0.0,0.0,0.0,0.0,0.0,0.0,0.0,0.0,0.0,0.0,0.0,0.0,0.0,0,-107875648.0,77,0.0,154,0.0,-101056864.0,ERR,ERR,ERR,ERR,ERR,ERR,ERR,ERR,ERR,ERR,ERR,ERR,ERR,ERR,ERR,ERR,ERR,ERR,ERR,ERR,ERR,ERR,ERR,ERR,ERR,ERR,ERR,ERR,ERR,ERR,ERR,ERR,ERR,ERR,ERR,ERR,ERR,ERR,ERR,ERR,ERR,ERR,ERR,ERR,ERR,ERR,ERR,ERR,ERR,ERR,ERR,ERR,ERR,ERR,ERR,ERR,ERR,ERR,ERR,ERR,ERR,ERR,ERR,ERR,ERR,ERR,ERR,34.0,80.0,35,0.0,0.0,0.0,0.0,0.0,0.0,0.0,0.0,0.0,0.0,0.0,0.0,0.0,0.0,0.0,0.0,65.6,0,119,58,53,65476,0,300,0,0,8,20529,65476,0,0,57672,80.0,0.0,0.0,0.0,0.0,0.0
2026-06-18T02:51:49,ERR,ERR,ERR,ERR,ERR,ERR,ERR,ERR,ERR,ERR,ERR,ERR,ERR,ERR,ERR,ERR,ERR,ERR,ERR,ERR,ERR,ERR,ERR,ERR,ERR,ERR,ERR,ERR,ERR,ERR,ERR,ERR,ERR,ERR,ERR,ERR,ERR,ERR,ERR,ERR,ERR,ERR,ERR,ERR,ERR,ERR,ERR,ERR,ERR,ERR,ERR,ERR,ERR,ERR,ERR,ERR,ERR,ERR,ERR,ERR,ERR,ERR,ERR,ERR,ERR,ERR,ERR,ERR,ERR,ERR,ERR,ERR,ERR,ERR,ERR,ERR,ERR,ERR,ERR,ERR,ERR,ERR,ERR,ERR,ERR,ERR,ERR,ERR,ERR,ERR,ERR,ERR,ERR,ERR,ERR,ERR,ERR,ERR,ERR,ERR,ERR,ERR,ERR,ERR,ERR,ERR,ERR,ERR,ERR,ERR,ERR,ERR,ERR,ERR,ERR,ERR,ERR,ERR,ERR,ERR,ERR,ERR,ERR,ERR,ERR,0.0,-107615384.0,-0.0,-0.0,nan,1.3936040501711995e+18,7.805,-0.0,0,0,4,48957,6720,14723890282496.0,100,0.0,0.0,0.0,-0.0,0.0,0,0,0,0,0.0,0,0,0,0,0,0,0,0,0,0,0,0,0,0,0,0,0,0,0,0,0,0,0,0,0,0,0,0,0,0,0,0,0,26,51,50,76,65476,0,300,0,0,8,21553,0.0,-107605600.0,0.0,0.0,0.0,0.0,0.0,0.0,0.0,0.0,0.0,0.0,0.0,0.0,0.0,0.0,0.0,0.0,0.0,0.0,0.0,0.0,-0.0,-2.004,-0.0,2.004,0.0,0.0,0.0,0.0,4820.0,-1.5879282197463203e+29,7262.0,0.0,-107615384.0,2.7184303811560617e+23,0.0,0.0,0.0,0.0,0.0,77,-71.63,0.0,0.0,0.0,0.0,0.0,0.0,0.0,0.0,0,0,0,0.0,0.0,0.0,0.0,0.0,0.0,0.0,0.0,0.0,0.0,0.0,0.0,0.0,0.0,0.0,0.0,0,-107875648.0,77,0.0,154,0.0,-101056864.0,ERR,ERR,ERR,ERR,ERR,ERR,ERR,ERR,ERR,ERR,ERR,ERR,ERR,ERR,ERR,ERR,ERR,ERR,ERR,ERR,ERR,ERR,ERR,ERR,ERR,ERR,ERR,ERR,ERR,ERR,ERR,ERR,ERR,ERR,ERR,ERR,ERR,ERR,ERR,ERR,ERR,ERR,ERR,ERR,ERR,ERR,ERR,ERR,ERR,ERR,ERR,ERR,ERR,ERR,ERR,ERR,ERR,ERR,ERR,ERR,ERR,ERR,ERR,ERR,ERR,ERR,ERR,34.0,80.0,35,0.0,0.0,0.0,0.0,0.0,0.0,0.0,0.0,0.0,0.0,0.0,0.0,0.0,0.0,0.0,0.0,66.4,0,119,58,53,65476,0,300,0,0,8,20529,65476,0,0,57672,80.0,0.0,0.0,0.0,0.0,0.0
2026-06-18T02:51:50,ERR,ERR,ERR,ERR,ERR,ERR,ERR,ERR,ERR,ERR,ERR,ERR,ERR,ERR,ERR,ERR,ERR,ERR,ERR,ERR,ERR,ERR,ERR,ERR,ERR,ERR,ERR,ERR,ERR,ERR,ERR,ERR,ERR,ERR,ERR,ERR,ERR,ERR,ERR,ERR,ERR,ERR,ERR,ERR,ERR,ERR,ERR,ERR,ERR,ERR,ERR,ERR,ERR,ERR,ERR,ERR,ERR,ERR,ERR,ERR,ERR,ERR,ERR,ERR,ERR,ERR,ERR,ERR,ERR,ERR,ERR,ERR,ERR,ERR,ERR,ERR,ERR,ERR,ERR,ERR,ERR,ERR,ERR,ERR,ERR,ERR,ERR,ERR,ERR,ERR,ERR,ERR,ERR,ERR,ERR,ERR,ERR,ERR,ERR,ERR,ERR,ERR,ERR,ERR,ERR,ERR,ERR,ERR,ERR,ERR,ERR,ERR,ERR,ERR,ERR,ERR,ERR,ERR,ERR,ERR,ERR,ERR,ERR,ERR,ERR,0.0,-107615384.0,-0.0,-0.0,nan,1.3936040501711995e+18,7.805,-0.0,0,0,4,48957,6720,14723890282496.0,100,0.0,0.0,0.0,-0.0,0.0,0,0,0,0,0.0,0,0,0,0,0,0,0,0,0,0,0,0,0,0,0,0,0,0,0,0,0,0,0,0,0,0,0,0,0,0,0,0,0,26,51,50,76,65476,0,300,0,0,8,21553,0.0,-107605600.0,0.0,0.0,0.0,0.0,0.0,0.0,0.0,0.0,0.0,0.0,0.0,0.0,0.0,0.0,0.0,0.0,0.0,0.0,0.0,0.0,-0.0,-2.004,-0.0,2.004,0.0,0.0,0.0,0.0,4820.0,-1.5879282197463203e+29,7262.0,0.0,-107615384.0,2.7184303811560617e+23,0.0,0.0,0.0,0.0,0.0,77,-71.63,0.0,0.0,0.0,0.0,0.0,0.0,0.0,0.0,0,0,0,0.0,0.0,0.0,0.0,0.0,0.0,0.0,0.0,0.0,0.0,0.0,0.0,0.0,0.0,0.0,0.0,0,-107875648.0,77,0.0,154,0.0,-101056864.0,ERR,ERR,ERR,ERR,ERR,ERR,ERR,ERR,ERR,ERR,ERR,ERR,ERR,ERR,ERR,ERR,ERR,ERR,ERR,ERR,ERR,ERR,ERR,ERR,ERR,ERR,ERR,ERR,ERR,ERR,ERR,ERR,ERR,ERR,ERR,ERR,ERR,ERR,ERR,ERR,ERR,ERR,ERR,ERR,ERR,ERR,ERR,ERR,ERR,ERR,ERR,ERR,ERR,ERR,ERR,ERR,ERR,ERR,ERR,ERR,ERR,ERR,ERR,ERR,ERR,ERR,ERR,34.0,80.0,35,0.0,0.0,0.0,0.0,0.0,0.0,0.0,0.0,0.0,0.0,0.0,0.0,0.0,0.0,0.0,0.0,66.4,0,119,58,53,65476,0,300,0,0,8,20529,65476,0,0,57672,80.0,0.0,0.0,0.0,0.0,0.0
2026-06-18T02:51:51,ERR,ERR,ERR,ERR,ERR,ERR,ERR,ERR,ERR,ERR,ERR,ERR,ERR,ERR,ERR,ERR,ERR,ERR,ERR,ERR,ERR,ERR,ERR,ERR,ERR,ERR,ERR,ERR,ERR,ERR,ERR,ERR,ERR,ERR,ERR,ERR,ERR,ERR,ERR,ERR,ERR,ERR,ERR,ERR,ERR,ERR,ERR,ERR,ERR,ERR,ERR,ERR,ERR,ERR,ERR,ERR,ERR,ERR,ERR,ERR,ERR,ERR,ERR,ERR,ERR,ERR,ERR,ERR,ERR,ERR,ERR,ERR,ERR,ERR,ERR,ERR,ERR,ERR,ERR,ERR,ERR,ERR,ERR,ERR,ERR,ERR,ERR,ERR,ERR,ERR,ERR,ERR,ERR,ERR,ERR,ERR,ERR,ERR,ERR,ERR,ERR,ERR,ERR,ERR,ERR,ERR,ERR,ERR,ERR,ERR,ERR,ERR,ERR,ERR,ERR,ERR,ERR,ERR,ERR,ERR,ERR,ERR,ERR,ERR,ERR,0.0,-107615384.0,-0.0,-0.0,nan,1.3936040501711995e+18,7.805,-0.0,0,0,4,48957,6720,14723890282496.0,100,0.0,0.0,0.0,-0.0,0.0,0,0,0,0,0.0,0,0,0,0,0,0,0,0,0,0,0,0,0,0,0,0,0,0,0,0,0,0,0,0,0,0,0,0,0,0,0,0,0,26,51,50,76,65476,0,300,0,0,8,21553,0.0,-107605600.0,0.0,0.0,0.0,0.0,0.0,0.0,0.0,0.0,0.0,0.0,0.0,0.0,0.0,0.0,0.0,0.0,0.0,0.0,0.0,0.0,-0.0,-2.004,-0.0,2.004,0.0,0.0,0.0,0.0,4820.0,-1.5879282197463203e+29,7262.0,0.0,-107615384.0,2.7184303811560617e+23,0.0,0.0,0.0,0.0,0.0,77,-71.63,0.0,0.0,0.0,0.0,0.0,0.0,0.0,0.0,0,0,0,0.0,0.0,0.0,0.0,0.0,0.0,0.0,0.0,0.0,0.0,0.0,0.0,0.0,0.0,0.0,0.0,0,-107875648.0,77,0.0,154,0.0,-101056864.0,ERR,ERR,ERR,ERR,ERR,ERR,ERR,ERR,ERR,ERR,ERR,ERR,ERR,ERR,ERR,ERR,ERR,ERR,ERR,ERR,ERR,ERR,ERR,ERR,ERR,ERR,ERR,ERR,ERR,ERR,ERR,ERR,ERR,ERR,ERR,ERR,ERR,ERR,ERR,ERR,ERR,ERR,ERR,ERR,ERR,ERR,ERR,ERR,ERR,ERR,ERR,ERR,ERR,ERR,ERR,ERR,ERR,ERR,ERR,ERR,ERR,ERR,ERR,ERR,ERR,ERR,ERR,34.0,80.0,35,0.0,0.0,0.0,0.0,0.0,0.0,0.0,0.0,0.0,0.0,0.0,0.0,0.0,0.0,0.0,0.0,65.6,0,119,58,53,65476,0,300,0,0,8,20529,65476,0,0,57672,80.0,0.0,0.0,0.0,0.0,0.0
2026-06-18T02:51:52,ERR,ERR,ERR,ERR,ERR,ERR,ERR,ERR,ERR,ERR,ERR,ERR,ERR,ERR,ERR,ERR,ERR,ERR,ERR,ERR,ERR,ERR,ERR,ERR,ERR,ERR,ERR,ERR,ERR,ERR,ERR,ERR,ERR,ERR,ERR,ERR,ERR,ERR,ERR,ERR,ERR,ERR,ERR,ERR,ERR,ERR,ERR,ERR,ERR,ERR,ERR,ERR,ERR,ERR,ERR,ERR,ERR,ERR,ERR,ERR,ERR,ERR,ERR,ERR,ERR,ERR,ERR,ERR,ERR,ERR,ERR,ERR,ERR,ERR,ERR,ERR,ERR,ERR,ERR,ERR,ERR,ERR,ERR,ERR,ERR,ERR,ERR,ERR,ERR,ERR,ERR,ERR,ERR,ERR,ERR,ERR,ERR,ERR,ERR,ERR,ERR,ERR,ERR,ERR,ERR,ERR,ERR,ERR,ERR,ERR,ERR,ERR,ERR,ERR,ERR,ERR,ERR,ERR,ERR,ERR,ERR,ERR,ERR,ERR,ERR,0.0,-107615384.0,-0.0,-0.0,nan,1.3936040501711995e+18,7.805,-0.0,0,0,4,48957,6720,14723890282496.0,100,0.0,0.0,0.0,-0.0,0.0,0,0,0,0,0.0,0,0,0,0,0,0,0,0,0,0,0,0,0,0,0,0,0,0,0,0,0,0,0,0,0,0,0,0,0,0,0,0,0,26,51,50,76,65476,0,300,0,0,8,21553,0.0,-107605600.0,0.0,0.0,0.0,0.0,0.0,0.0,0.0,0.0,0.0,0.0,0.0,0.0,0.0,0.0,0.0,0.0,0.0,0.0,0.0,0.0,-0.0,-2.004,-0.0,2.004,0.0,0.0,0.0,0.0,4820.0,-1.5879282197463203e+29,7262.0,0.0,-107615384.0,2.7184303811560617e+23,0.0,0.0,0.0,0.0,0.0,77,-71.63,0.0,0.0,0.0,0.0,0.0,0.0,0.0,0.0,0,0,0,0.0,0.0,0.0,0.0,0.0,0.0,0.0,0.0,0.0,0.0,0.0,0.0,0.0,0.0,0.0,0.0,0,-107875648.0,77,0.0,154,0.0,-101056864.0,ERR,ERR,ERR,ERR,ERR,ERR,ERR,ERR,ERR,ERR,ERR,ERR,ERR,ERR,ERR,ERR,ERR,ERR,ERR,ERR,ERR,ERR,ERR,ERR,ERR,ERR,ERR,ERR,ERR,ERR,ERR,ERR,ERR,ERR,ERR,ERR,ERR,ERR,ERR,ERR,ERR,ERR,ERR,ERR,ERR,ERR,ERR,ERR,ERR,ERR,ERR,ERR,ERR,ERR,ERR,ERR,ERR,ERR,ERR,ERR,ERR,ERR,ERR,ERR,ERR,ERR,ERR,34.0,80.0,35,0.0,0.0,0.0,0.0,0.0,0.0,0.0,0.0,0.0,0.0,0.0,0.0,0.0,0.0,0.0,0.0,65.6,0,119,58,53,65476,0,300,0,0,8,20529,65476,0,0,57672,80.0,0.0,0.0,0.0,0.0,0.0
2026-06-18T02:51:53,ERR,ERR,ERR,ERR,ERR,ERR,ERR,ERR,ERR,ERR,ERR,ERR,ERR,ERR,ERR,ERR,ERR,ERR,ERR,ERR,ERR,ERR,ERR,ERR,ERR,ERR,ERR,ERR,ERR,ERR,ERR,ERR,ERR,ERR,ERR,ERR,ERR,ERR,ERR,ERR,ERR,ERR,ERR,ERR,ERR,ERR,ERR,ERR,ERR,ERR,ERR,ERR,ERR,ERR,ERR,ERR,ERR,ERR,ERR,ERR,ERR,ERR,ERR,ERR,ERR,ERR,ERR,ERR,ERR,ERR,ERR,ERR,ERR,ERR,ERR,ERR,ERR,ERR,ERR,ERR,ERR,ERR,ERR,ERR,ERR,ERR,ERR,ERR,ERR,ERR,ERR,ERR,ERR,ERR,ERR,ERR,ERR,ERR,ERR,ERR,ERR,ERR,ERR,ERR,ERR,ERR,ERR,ERR,ERR,ERR,ERR,ERR,ERR,ERR,ERR,ERR,ERR,ERR,ERR,ERR,ERR,ERR,ERR,ERR,ERR,0.0,-107615384.0,-0.0,-0.0,nan,1.3936040501711995e+18,7.805,-0.0,0,0,4,48957,6720,14723890282496.0,100,0.0,0.0,0.0,-0.0,0.0,0,0,0,0,0.0,0,0,0,0,0,0,0,0,0,0,0,0,0,0,0,0,0,0,0,0,0,0,0,0,0,0,0,0,0,0,0,0,0,26,51,50,76,65476,0,300,0,0,8,21553,0.0,-107605600.0,0.0,0.0,0.0,0.0,0.0,0.0,0.0,0.0,0.0,0.0,0.0,0.0,0.0,0.0,0.0,0.0,0.0,0.0,0.0,0.0,-0.0,-2.004,-0.0,2.004,0.0,0.0,0.0,0.0,4820.0,-1.5879282197463203e+29,7262.0,0.0,-107615384.0,2.7184303811560617e+23,0.0,0.0,0.0,0.0,0.0,77,-71.63,0.0,0.0,0.0,0.0,0.0,0.0,0.0,0.0,0,0,0,0.0,0.0,0.0,0.0,0.0,0.0,0.0,0.0,0.0,0.0,0.0,0.0,0.0,0.0,0.0,0.0,0,-107875648.0,77,0.0,154,0.0,-101056864.0,ERR,ERR,ERR,ERR,ERR,ERR,ERR,ERR,ERR,ERR,ERR,ERR,ERR,ERR,ERR,ERR,ERR,ERR,ERR,ERR,ERR,ERR,ERR,ERR,ERR,ERR,ERR,ERR,ERR,ERR,ERR,ERR,ERR,ERR,ERR,ERR,ERR,ERR,ERR,ERR,ERR,ERR,ERR,ERR,ERR,ERR,ERR,ERR,ERR,ERR,ERR,ERR,ERR,ERR,ERR,ERR,ERR,ERR,ERR,ERR,ERR,ERR,ERR,ERR,ERR,ERR,ERR,34.0,80.0,35,0.0,0.0,0.0,0.0,0.0,0.0,0.0,0.0,0.0,0.0,0.0,0.0,0.0,0.0,0.0,0.0,66.4,0,119,58,53,65476,0,300,0,0,8,20529,65476,0,0,57672,80.0,0.0,0.0,0.0,0.0,0.0
2026-06-18T02:51:54,ERR,ERR,ERR,ERR,ERR,ERR,ERR,ERR,ERR,ERR,ERR,ERR,ERR,ERR,ERR,ERR,ERR,ERR,ERR,ERR,ERR,ERR,ERR,ERR,ERR,ERR,ERR,ERR,ERR,ERR,ERR,ERR,ERR,ERR,ERR,ERR,ERR,ERR,ERR,ERR,ERR,ERR,ERR,ERR,ERR,ERR,ERR,ERR,ERR,ERR,ERR,ERR,ERR,ERR,ERR,ERR,ERR,ERR,ERR,ERR,ERR,ERR,ERR,ERR,ERR,ERR,ERR,ERR,ERR,ERR,ERR,ERR,ERR,ERR,ERR,ERR,ERR,ERR,ERR,ERR,ERR,ERR,ERR,ERR,ERR,ERR,ERR,ERR,ERR,ERR,ERR,ERR,ERR,ERR,ERR,ERR,ERR,ERR,ERR,ERR,ERR,ERR,ERR,ERR,ERR,ERR,ERR,ERR,ERR,ERR,ERR,ERR,ERR,ERR,ERR,ERR,ERR,ERR,ERR,ERR,ERR,ERR,ERR,ERR,ERR,0.0,-107615384.0,0.0,-4.9501291711397626e+32,1.592,1.3936040501711995e+18,7.805,0.0,0,0,4,48963,6720,14723890282496.0,100,0.0,0.0,0.0,-4.9501291711397626e+32,0.0,0,0,0,0,0.0,0,0,0,0,0,0,0,0,0,0,0,0,0,0,0,0,0,0,0,0,0,0,0,0,0,0,0,0,0,0,0,0,0,26,51,50,76,65476,0,300,0,0,8,21553,0.0,-107605600.0,0.0,0.0,0.0,0.0,0.0,0.0,0.0,0.0,0.0,0.0,0.0,0.0,0.0,0.0,0.0,0.0,0.0,0.0,0.0,0.0,-0.0,-2.004,-0.0,2.004,0.0,0.0,0.0,0.0,4815.0,-1.5879282197463203e+29,7263.0,0.0,-107615384.0,2.7184303811560617e+23,0.0,0.0,0.0,0.0,0.0,77,-0.0,0.059,0.0,0.0,0.0,0.0,0.0,0.0,0.0,0,0,0,0.0,0.0,0.0,0.0,0.0,0.0,0.0,0.0,0.0,0.0,0.0,0.0,0.0,0.0,0.0,0.0,0,-107875648.0,77,0.0,154,0.0,-101056864.0,ERR,ERR,ERR,ERR,ERR,ERR,ERR,ERR,ERR,ERR,ERR,ERR,ERR,ERR,ERR,ERR,ERR,ERR,ERR,ERR,ERR,ERR,ERR,ERR,ERR,ERR,ERR,ERR,ERR,ERR,ERR,ERR,ERR,ERR,ERR,ERR,ERR,ERR,ERR,ERR,ERR,ERR,ERR,ERR,ERR,ERR,ERR,ERR,ERR,ERR,ERR,ERR,ERR,ERR,ERR,ERR,ERR,ERR,ERR,ERR,ERR,ERR,ERR,ERR,ERR,ERR,ERR,34.0,80.0,35,0.0,0.0,0.0,0.0,0.0,0.0,0.0,0.0,0.0,0.0,0.0,0.0,0.0,0.0,0.0,0.0,66.4,0,119,58,53,65476,0,300,0,0,8,20529,65476,0,0,57672,80.0,0.0,0.0,0.0,0.0,0.0
2026-06-18T02:51:55,ERR,ERR,ERR,ERR,ERR,ERR,ERR,ERR,ERR,ERR,ERR,ERR,ERR,ERR,ERR,ERR,ERR,ERR,ERR,ERR,ERR,ERR,ERR,ERR,ERR,ERR,ERR,ERR,ERR,ERR,ERR,ERR,ERR,ERR,ERR,ERR,ERR,ERR,ERR,ERR,ERR,ERR,ERR,ERR,ERR,ERR,ERR,ERR,ERR,ERR,ERR,ERR,ERR,ERR,ERR,ERR,ERR,ERR,ERR,ERR,ERR,ERR,ERR,ERR,ERR,ERR,ERR,ERR,ERR,ERR,ERR,ERR,ERR,ERR,ERR,ERR,ERR,ERR,ERR,ERR,ERR,ERR,ERR,ERR,ERR,ERR,ERR,ERR,ERR,ERR,ERR,ERR,ERR,ERR,ERR,ERR,ERR,ERR,ERR,ERR,ERR,ERR,ERR,ERR,ERR,ERR,ERR,ERR,ERR,ERR,ERR,ERR,ERR,ERR,ERR,ERR,ERR,ERR,ERR,ERR,ERR,ERR,ERR,ERR,ERR,0.0,-107615384.0,0.0,-4.9501291711397626e+32,1.592,1.3936040501711995e+18,7.805,0.0,0,0,4,48963,6720,14723890282496.0,100,0.0,0.0,0.0,-4.9501291711397626e+32,0.0,0,0,0,0,0.0,0,0,0,0,0,0,0,0,0,0,0,0,0,0,0,0,0,0,0,0,0,0,0,0,0,0,0,0,0,0,0,0,0,26,51,50,76,65476,0,300,0,0,8,21553,0.0,-107605600.0,0.0,0.0,0.0,0.0,0.0,0.0,0.0,0.0,0.0,0.0,0.0,0.0,0.0,0.0,0.0,0.0,0.0,0.0,0.0,0.0,-0.0,-2.004,-0.0,2.004,0.0,0.0,0.0,0.0,4815.0,-1.5879282197463203e+29,7263.0,0.0,-107615384.0,2.7184303811560617e+23,0.0,0.0,0.0,0.0,0.0,77,-0.0,0.059,0.0,0.0,0.0,0.0,0.0,0.0,0.0,0,0,0,0.0,0.0,0.0,0.0,0.0,0.0,0.0,0.0,0.0,0.0,0.0,0.0,0.0,0.0,0.0,0.0,0,-107875648.0,77,0.0,154,0.0,-101056864.0,ERR,ERR,ERR,ERR,ERR,ERR,ERR,ERR,ERR,ERR,ERR,ERR,ERR,ERR,ERR,ERR,ERR,ERR,ERR,ERR,ERR,ERR,ERR,ERR,ERR,ERR,ERR,ERR,ERR,ERR,ERR,ERR,ERR,ERR,ERR,ERR,ERR,ERR,ERR,ERR,ERR,ERR,ERR,ERR,ERR,ERR,ERR,ERR,ERR,ERR,ERR,ERR,ERR,ERR,ERR,ERR,ERR,ERR,ERR,ERR,ERR,ERR,ERR,ERR,ERR,ERR,ERR,34.0,80.0,35,0.0,0.0,0.0,0.0,0.0,0.0,0.0,0.0,0.0,0.0,0.0,0.0,0.0,0.0,0.0,0.0,65.6,0,119,58,53,65476,0,300,0,0,8,20529,65476,0,0,57672,80.0,0.0,0.0,0.0,0.0,0.0
2026-06-18T02:51:56,ERR,ERR,ERR,ERR,ERR,ERR,ERR,ERR,ERR,ERR,ERR,ERR,ERR,ERR,ERR,ERR,ERR,ERR,ERR,ERR,ERR,ERR,ERR,ERR,ERR,ERR,ERR,ERR,ERR,ERR,ERR,ERR,ERR,ERR,ERR,ERR,ERR,ERR,ERR,ERR,ERR,ERR,ERR,ERR,ERR,ERR,ERR,ERR,ERR,ERR,ERR,ERR,ERR,ERR,ERR,ERR,ERR,ERR,ERR,ERR,ERR,ERR,ERR,ERR,ERR,ERR,ERR,ERR,ERR,ERR,ERR,ERR,ERR,ERR,ERR,ERR,ERR,ERR,ERR,ERR,ERR,ERR,ERR,ERR,ERR,ERR,ERR,ERR,ERR,ERR,ERR,ERR,ERR,ERR,ERR,ERR,ERR,ERR,ERR,ERR,ERR,ERR,ERR,ERR,ERR,ERR,ERR,ERR,ERR,ERR,ERR,ERR,ERR,ERR,ERR,ERR,ERR,ERR,ERR,ERR,ERR,ERR,ERR,ERR,ERR,0.0,-107615384.0,0.0,-4.9501291711397626e+32,1.592,1.3936040501711995e+18,7.805,0.0,0,0,4,48963,6720,14723890282496.0,100,0.0,0.0,0.0,-4.9501291711397626e+32,0.0,0,0,0,0,0.0,0,0,0,0,0,0,0,0,0,0,0,0,0,0,0,0,0,0,0,0,0,0,0,0,0,0,0,0,0,0,0,0,0,26,51,50,76,65476,0,300,0,0,8,21553,0.0,-107605600.0,0.0,0.0,0.0,0.0,0.0,0.0,0.0,0.0,0.0,0.0,0.0,0.0,0.0,0.0,0.0,0.0,0.0,0.0,0.0,0.0,-0.0,-2.004,-0.0,2.004,0.0,0.0,0.0,0.0,4815.0,-1.5879282197463203e+29,7263.0,0.0,-107615384.0,2.7184303811560617e+23,0.0,0.0,0.0,0.0,0.0,77,-0.0,0.059,0.0,0.0,0.0,0.0,0.0,0.0,0.0,0,0,0,0.0,0.0,0.0,0.0,0.0,0.0,0.0,0.0,0.0,0.0,0.0,0.0,0.0,0.0,0.0,0.0,0,-107875648.0,77,0.0,154,0.0,-101056864.0,ERR,ERR,ERR,ERR,ERR,ERR,ERR,ERR,ERR,ERR,ERR,ERR,ERR,ERR,ERR,ERR,ERR,ERR,ERR,ERR,ERR,ERR,ERR,ERR,ERR,ERR,ERR,ERR,ERR,ERR,ERR,ERR,ERR,ERR,ERR,ERR,ERR,ERR,ERR,ERR,ERR,ERR,ERR,ERR,ERR,ERR,ERR,ERR,ERR,ERR,ERR,ERR,ERR,ERR,ERR,ERR,ERR,ERR,ERR,ERR,ERR,ERR,ERR,ERR,ERR,ERR,ERR,34.0,80.0,35,0.0,0.0,0.0,0.0,0.0,0.0,0.0,0.0,0.0,0.0,0.0,0.0,0.0,0.0,0.0,0.0,65.6,0,119,58,53,65476,0,300,0,0,8,20529,65476,0,0,57672,80.0,0.0,0.0,0.0,0.0,0.0
2026-06-18T02:51:57,ERR,ERR,ERR,ERR,ERR,ERR,ERR,ERR,ERR,ERR,ERR,ERR,ERR,ERR,ERR,ERR,ERR,ERR,ERR,ERR,ERR,ERR,ERR,ERR,ERR,ERR,ERR,ERR,ERR,ERR,ERR,ERR,ERR,ERR,ERR,ERR,ERR,ERR,ERR,ERR,ERR,ERR,ERR,ERR,ERR,ERR,ERR,ERR,ERR,ERR,ERR,ERR,ERR,ERR,ERR,ERR,ERR,ERR,ERR,ERR,ERR,ERR,ERR,ERR,ERR,ERR,ERR,ERR,ERR,ERR,ERR,ERR,ERR,ERR,ERR,ERR,ERR,ERR,ERR,ERR,ERR,ERR,ERR,ERR,ERR,ERR,ERR,ERR,ERR,ERR,ERR,ERR,ERR,ERR,ERR,ERR,ERR,ERR,ERR,ERR,ERR,ERR,ERR,ERR,ERR,ERR,ERR,ERR,ERR,ERR,ERR,ERR,ERR,ERR,ERR,ERR,ERR,ERR,ERR,ERR,ERR,ERR,ERR,ERR,ERR,0.0,-107615384.0,0.0,-4.9501291711397626e+32,1.592,1.3936040501711995e+18,7.805,0.0,0,0,4,48963,6720,14723890282496.0,100,0.0,0.0,0.0,-4.9501291711397626e+32,0.0,0,0,0,0,0.0,0,0,0,0,0,0,0,0,0,0,0,0,0,0,0,0,0,0,0,0,0,0,0,0,0,0,0,0,0,0,0,0,0,26,51,50,76,65476,0,300,0,0,8,21553,0.0,-107605600.0,0.0,0.0,0.0,0.0,0.0,0.0,0.0,0.0,0.0,0.0,0.0,0.0,0.0,0.0,0.0,0.0,0.0,0.0,0.0,0.0,-0.0,-2.004,-0.0,2.004,0.0,0.0,0.0,0.0,4815.0,-1.5879282197463203e+29,7263.0,0.0,-107615384.0,2.7184303811560617e+23,0.0,0.0,0.0,0.0,0.0,77,-0.0,0.059,0.0,0.0,0.0,0.0,0.0,0.0,0.0,0,0,0,0.0,0.0,0.0,0.0,0.0,0.0,0.0,0.0,0.0,0.0,0.0,0.0,0.0,0.0,0.0,0.0,0,-107875648.0,77,0.0,154,0.0,-101056864.0,ERR,ERR,ERR,ERR,ERR,ERR,ERR,ERR,ERR,ERR,ERR,ERR,ERR,ERR,ERR,ERR,ERR,ERR,ERR,ERR,ERR,ERR,ERR,ERR,ERR,ERR,ERR,ERR,ERR,ERR,ERR,ERR,ERR,ERR,ERR,ERR,ERR,ERR,ERR,ERR,ERR,ERR,ERR,ERR,ERR,ERR,ERR,ERR,ERR,ERR,ERR,ERR,ERR,ERR,ERR,ERR,ERR,ERR,ERR,ERR,ERR,ERR,ERR,ERR,ERR,ERR,ERR,34.0,80.0,35,0.0,0.0,0.0,0.0,0.0,0.0,0.0,0.0,0.0,0.0,0.0,0.0,0.0,0.0,0.0,0.0,66.4,0,119,58,53,65476,0,300,0,0,8,20529,65476,0,0,57672,80.0,0.0,0.0,0.0,0.0,0.0
2026-06-18T02:51:58,ERR,ERR,ERR,ERR,ERR,ERR,ERR,ERR,ERR,ERR,ERR,ERR,ERR,ERR,ERR,ERR,ERR,ERR,ERR,ERR,ERR,ERR,ERR,ERR,ERR,ERR,ERR,ERR,ERR,ERR,ERR,ERR,ERR,ERR,ERR,ERR,ERR,ERR,ERR,ERR,ERR,ERR,ERR,ERR,ERR,ERR,ERR,ERR,ERR,ERR,ERR,ERR,ERR,ERR,ERR,ERR,ERR,ERR,ERR,ERR,ERR,ERR,ERR,ERR,ERR,ERR,ERR,ERR,ERR,ERR,ERR,ERR,ERR,ERR,ERR,ERR,ERR,ERR,ERR,ERR,ERR,ERR,ERR,ERR,ERR,ERR,ERR,ERR,ERR,ERR,ERR,ERR,ERR,ERR,ERR,ERR,ERR,ERR,ERR,ERR,ERR,ERR,ERR,ERR,ERR,ERR,ERR,ERR,ERR,ERR,ERR,ERR,ERR,ERR,ERR,ERR,ERR,ERR,ERR,ERR,ERR,ERR,ERR,ERR,ERR,0.0,-107615384.0,0.0,-4.9501291711397626e+32,1.592,1.3936040501711995e+18,7.805,0.0,0,0,4,48963,6720,14723890282496.0,100,0.0,0.0,0.0,-4.9501291711397626e+32,0.0,0,0,0,0,0.0,0,0,0,0,0,0,0,0,0,0,0,0,0,0,0,0,0,0,0,0,0,0,0,0,0,0,0,0,0,0,0,0,0,26,51,50,76,65476,0,300,0,0,8,21553,0.0,-107605600.0,0.0,0.0,0.0,0.0,0.0,0.0,0.0,0.0,0.0,0.0,0.0,0.0,0.0,0.0,0.0,0.0,0.0,0.0,0.0,0.0,-0.0,-2.004,-0.0,2.004,0.0,0.0,0.0,0.0,4815.0,-1.5879282197463203e+29,7263.0,0.0,-107615384.0,2.7184303811560617e+23,0.0,0.0,0.0,0.0,0.0,77,-0.0,0.059,0.0,0.0,0.0,0.0,0.0,0.0,0.0,0,0,0,0.0,0.0,0.0,0.0,0.0,0.0,0.0,0.0,0.0,0.0,0.0,0.0,0.0,0.0,0.0,0.0,0,-107875648.0,77,0.0,154,0.0,-101056864.0,ERR,ERR,ERR,ERR,ERR,ERR,ERR,ERR,ERR,ERR,ERR,ERR,ERR,ERR,ERR,ERR,ERR,ERR,ERR,ERR,ERR,ERR,ERR,ERR,ERR,ERR,ERR,ERR,ERR,ERR,ERR,ERR,ERR,ERR,ERR,ERR,ERR,ERR,ERR,ERR,ERR,ERR,ERR,ERR,ERR,ERR,ERR,ERR,ERR,ERR,ERR,ERR,ERR,ERR,ERR,ERR,ERR,ERR,ERR,ERR,ERR,ERR,ERR,ERR,ERR,ERR,ERR,34.0,80.0,35,0.0,0.0,0.0,0.0,0.0,0.0,0.0,0.0,0.0,0.0,0.0,0.0,0.0,0.0,0.0,0.0,65.6,0,119,58,53,65476,0,300,0,0,8,20529,65476,0,0,57672,80.0,0.0,0.0,0.0,0.0,0.0
2026-06-18T02:51:59,ERR,ERR,ERR,ERR,ERR,ERR,ERR,ERR,ERR,ERR,ERR,ERR,ERR,ERR,ERR,ERR,ERR,ERR,ERR,ERR,ERR,ERR,ERR,ERR,ERR,ERR,ERR,ERR,ERR,ERR,ERR,ERR,ERR,ERR,ERR,ERR,ERR,ERR,ERR,ERR,ERR,ERR,ERR,ERR,ERR,ERR,ERR,ERR,ERR,ERR,ERR,ERR,ERR,ERR,ERR,ERR,ERR,ERR,ERR,ERR,ERR,ERR,ERR,ERR,ERR,ERR,ERR,ERR,ERR,ERR,ERR,ERR,ERR,ERR,ERR,ERR,ERR,ERR,ERR,ERR,ERR,ERR,ERR,ERR,ERR,ERR,ERR,ERR,ERR,ERR,ERR,ERR,ERR,ERR,ERR,ERR,ERR,ERR,ERR,ERR,ERR,ERR,ERR,ERR,ERR,ERR,ERR,ERR,ERR,ERR,ERR,ERR,ERR,ERR,ERR,ERR,ERR,ERR,ERR,ERR,ERR,ERR,ERR,ERR,ERR,0.0,-107615384.0,-0.0,0.0,nan,1.3936040501711995e+18,7.805,118629576.0,0,0,4,48952,6720,14723890282496.0,100,0.0,0.0,0.0,89215.008,0.0,0,0,0,0,0.0,0,0,0,0,0,0,0,0,0,0,0,0,0,0,0,0,0,0,0,0,0,0,0,0,0,0,0,0,0,0,0,0,0,26,51,50,76,65476,0,300,0,0,8,21553,0.0,-107605600.0,0.0,0.0,0.0,0.0,0.0,0.0,0.0,0.0,0.0,0.0,0.0,0.0,0.0,0.0,0.0,0.0,0.0,0.0,0.0,0.0,2.004,-2.004,-0.0,2.004,0.0,0.0,0.0,0.0,4819.0,-3.697183494796791e+19,7260.0,0.0,-107615384.0,2.7184303811560617e+23,0.0,0.0,0.0,0.0,0.0,77,-0.059,0.0,0.0,0.0,0.0,0.0,0.0,0.0,0.0,0,0,0,0.0,0.0,0.0,0.0,0.0,0.0,0.0,0.0,0.0,0.0,0.0,0.0,0.0,0.0,0.0,0.0,0,-107875648.0,77,0.0,154,0.0,-101056864.0,ERR,ERR,ERR,ERR,ERR,ERR,ERR,ERR,ERR,ERR,ERR,ERR,ERR,ERR,ERR,ERR,ERR,ERR,ERR,ERR,ERR,ERR,ERR,ERR,ERR,ERR,ERR,ERR,ERR,ERR,ERR,ERR,ERR,ERR,ERR,ERR,ERR,ERR,ERR,ERR,ERR,ERR,ERR,ERR,ERR,ERR,ERR,ERR,ERR,ERR,ERR,ERR,ERR,ERR,ERR,ERR,ERR,ERR,ERR,ERR,ERR,ERR,ERR,ERR,ERR,ERR,ERR,34.0,80.0,35,0.0,0.0,0.0,0.0,0.0,0.0,0.0,0.0,0.0,0.0,0.0,0.0,0.0,0.0,0.0,0.0,65.6,0,119,58,53,65476,0,300,0,0,8,20529,65476,0,0,57672,80.0,0.0,0.0,0.0,0.0,0.0
2026-06-18T02:52:00,ERR,ERR,ERR,ERR,ERR,ERR,ERR,ERR,ERR,ERR,ERR,ERR,ERR,ERR,ERR,ERR,ERR,ERR,ERR,ERR,ERR,ERR,ERR,ERR,ERR,ERR,ERR,ERR,ERR,ERR,ERR,ERR,ERR,ERR,ERR,ERR,ERR,ERR,ERR,ERR,ERR,ERR,ERR,ERR,ERR,ERR,ERR,ERR,ERR,ERR,ERR,ERR,ERR,ERR,ERR,ERR,ERR,ERR,ERR,ERR,ERR,ERR,ERR,ERR,ERR,ERR,ERR,ERR,ERR,ERR,ERR,ERR,ERR,ERR,ERR,ERR,ERR,ERR,ERR,ERR,ERR,ERR,ERR,ERR,ERR,ERR,ERR,ERR,ERR,ERR,ERR,ERR,ERR,ERR,ERR,ERR,ERR,ERR,ERR,ERR,ERR,ERR,ERR,ERR,ERR,ERR,ERR,ERR,ERR,ERR,ERR,ERR,ERR,ERR,ERR,ERR,ERR,ERR,ERR,ERR,ERR,ERR,ERR,ERR,ERR,0.0,-107615384.0,-0.0,0.0,nan,1.3936040501711995e+18,7.805,118629576.0,0,0,4,48952,6720,14723890282496.0,100,0.0,0.0,0.0,89215.008,0.0,0,0,0,0,0.0,0,0,0,0,0,0,0,0,0,0,0,0,0,0,0,0,0,0,0,0,0,0,0,0,0,0,0,0,0,0,0,0,0,26,51,50,76,65476,0,300,0,0,8,21553,0.0,-107605600.0,0.0,0.0,0.0,0.0,0.0,0.0,0.0,0.0,0.0,0.0,0.0,0.0,0.0,0.0,0.0,0.0,0.0,0.0,0.0,0.0,2.004,-2.004,-0.0,2.004,0.0,0.0,0.0,0.0,4819.0,-3.697183494796791e+19,7260.0,0.0,-107615384.0,2.7184303811560617e+23,0.0,0.0,0.0,0.0,0.0,77,-0.059,0.0,0.0,0.0,0.0,0.0,0.0,0.0,0.0,0,0,0,0.0,0.0,0.0,0.0,0.0,0.0,0.0,0.0,0.0,0.0,0.0,0.0,0.0,0.0,0.0,0.0,0,-107875648.0,77,0.0,154,0.0,-101056864.0,ERR,ERR,ERR,ERR,ERR,ERR,ERR,ERR,ERR,ERR,ERR,ERR,ERR,ERR,ERR,ERR,ERR,ERR,ERR,ERR,ERR,ERR,ERR,ERR,ERR,ERR,ERR,ERR,ERR,ERR,ERR,ERR,ERR,ERR,ERR,ERR,ERR,ERR,ERR,ERR,ERR,ERR,ERR,ERR,ERR,ERR,ERR,ERR,ERR,ERR,ERR,ERR,ERR,ERR,ERR,ERR,ERR,ERR,ERR,ERR,ERR,ERR,ERR,ERR,ERR,ERR,ERR,34.0,80.0,35,0.0,0.0,0.0,0.0,0.0,0.0,0.0,0.0,0.0,0.0,0.0,0.0,0.0,0.0,0.0,0.0,66.4,0,119,58,53,65476,0,300,0,0,8,20529,65476,0,0,57672,80.0,0.0,0.0,0.0,0.0,0.0
2026-06-18T02:52:01,ERR,ERR,ERR,ERR,ERR,ERR,ERR,ERR,ERR,ERR,ERR,ERR,ERR,ERR,ERR,ERR,ERR,ERR,ERR,ERR,ERR,ERR,ERR,ERR,ERR,ERR,ERR,ERR,ERR,ERR,ERR,ERR,ERR,ERR,ERR,ERR,ERR,ERR,ERR,ERR,ERR,ERR,ERR,ERR,ERR,ERR,ERR,ERR,ERR,ERR,ERR,ERR,ERR,ERR,ERR,ERR,ERR,ERR,ERR,ERR,ERR,ERR,ERR,ERR,ERR,ERR,ERR,ERR,ERR,ERR,ERR,ERR,ERR,ERR,ERR,ERR,ERR,ERR,ERR,ERR,ERR,ERR,ERR,ERR,ERR,ERR,ERR,ERR,ERR,ERR,ERR,ERR,ERR,ERR,ERR,ERR,ERR,ERR,ERR,ERR,ERR,ERR,ERR,ERR,ERR,ERR,ERR,ERR,ERR,ERR,ERR,ERR,ERR,ERR,ERR,ERR,ERR,ERR,ERR,ERR,ERR,ERR,ERR,ERR,ERR,0.0,-107615384.0,-0.0,0.0,nan,1.3936040501711995e+18,7.805,118629576.0,0,0,4,48952,6720,14723890282496.0,100,0.0,0.0,0.0,89215.008,0.0,0,0,0,0,0.0,0,0,0,0,0,0,0,0,0,0,0,0,0,0,0,0,0,0,0,0,0,0,0,0,0,0,0,0,0,0,0,0,0,26,51,50,76,65476,0,300,0,0,8,21553,0.0,-107605600.0,0.0,0.0,0.0,0.0,0.0,0.0,0.0,0.0,0.0,0.0,0.0,0.0,0.0,0.0,0.0,0.0,0.0,0.0,0.0,0.0,2.004,-2.004,-0.0,2.004,0.0,0.0,0.0,0.0,4819.0,-3.697183494796791e+19,7260.0,0.0,-107615384.0,2.7184303811560617e+23,0.0,0.0,0.0,0.0,0.0,77,-0.059,0.0,0.0,0.0,0.0,0.0,0.0,0.0,0.0,0,0,0,0.0,0.0,0.0,0.0,0.0,0.0,0.0,0.0,0.0,0.0,0.0,0.0,0.0,0.0,0.0,0.0,0,-107875648.0,77,0.0,154,0.0,-101056864.0,ERR,ERR,ERR,ERR,ERR,ERR,ERR,ERR,ERR,ERR,ERR,ERR,ERR,ERR,ERR,ERR,ERR,ERR,ERR,ERR,ERR,ERR,ERR,ERR,ERR,ERR,ERR,ERR,ERR,ERR,ERR,ERR,ERR,ERR,ERR,ERR,ERR,ERR,ERR,ERR,ERR,ERR,ERR,ERR,ERR,ERR,ERR,ERR,ERR,ERR,ERR,ERR,ERR,ERR,ERR,ERR,ERR,ERR,ERR,ERR,ERR,ERR,ERR,ERR,ERR,ERR,ERR,34.0,80.0,35,0.0,0.0,0.0,0.0,0.0,0.0,0.0,0.0,0.0,0.0,0.0,0.0,0.0,0.0,0.0,0.0,66.4,0,119,58,53,65476,0,300,0,0,8,20529,65476,0,0,57672,80.0,0.0,0.0,0.0,0.0,0.0
2026-06-18T02:52:02,ERR,ERR,ERR,ERR,ERR,ERR,ERR,ERR,ERR,ERR,ERR,ERR,ERR,ERR,ERR,ERR,ERR,ERR,ERR,ERR,ERR,ERR,ERR,ERR,ERR,ERR,ERR,ERR,ERR,ERR,ERR,ERR,ERR,ERR,ERR,ERR,ERR,ERR,ERR,ERR,ERR,ERR,ERR,ERR,ERR,ERR,ERR,ERR,ERR,ERR,ERR,ERR,ERR,ERR,ERR,ERR,ERR,ERR,ERR,ERR,ERR,ERR,ERR,ERR,ERR,ERR,ERR,ERR,ERR,ERR,ERR,ERR,ERR,ERR,ERR,ERR,ERR,ERR,ERR,ERR,ERR,ERR,ERR,ERR,ERR,ERR,ERR,ERR,ERR,ERR,ERR,ERR,ERR,ERR,ERR,ERR,ERR,ERR,ERR,ERR,ERR,ERR,ERR,ERR,ERR,ERR,ERR,ERR,ERR,ERR,ERR,ERR,ERR,ERR,ERR,ERR,ERR,ERR,ERR,ERR,ERR,ERR,ERR,ERR,ERR,0.0,-107615384.0,-0.0,0.0,nan,1.3936040501711995e+18,7.805,118629576.0,0,0,4,48952,6720,14723890282496.0,100,0.0,0.0,0.0,89215.008,0.0,0,0,0,0,0.0,0,0,0,0,0,0,0,0,0,0,0,0,0,0,0,0,0,0,0,0,0,0,0,0,0,0,0,0,0,0,0,0,0,26,51,50,76,65476,0,300,0,0,8,21553,0.0,-107605600.0,0.0,0.0,0.0,0.0,0.0,0.0,0.0,0.0,0.0,0.0,0.0,0.0,0.0,0.0,0.0,0.0,0.0,0.0,0.0,0.0,2.004,-2.004,-0.0,2.004,0.0,0.0,0.0,0.0,4819.0,-3.697183494796791e+19,7260.0,0.0,-107615384.0,2.7184303811560617e+23,0.0,0.0,0.0,0.0,0.0,77,-0.059,0.0,0.0,0.0,0.0,0.0,0.0,0.0,0.0,0,0,0,0.0,0.0,0.0,0.0,0.0,0.0,0.0,0.0,0.0,0.0,0.0,0.0,0.0,0.0,0.0,0.0,0,-107875648.0,77,0.0,154,0.0,-101056864.0,ERR,ERR,ERR,ERR,ERR,ERR,ERR,ERR,ERR,ERR,ERR,ERR,ERR,ERR,ERR,ERR,ERR,ERR,ERR,ERR,ERR,ERR,ERR,ERR,ERR,ERR,ERR,ERR,ERR,ERR,ERR,ERR,ERR,ERR,ERR,ERR,ERR,ERR,ERR,ERR,ERR,ERR,ERR,ERR,ERR,ERR,ERR,ERR,ERR,ERR,ERR,ERR,ERR,ERR,ERR,ERR,ERR,ERR,ERR,ERR,ERR,ERR,ERR,ERR,ERR,ERR,ERR,34.0,80.0,35,0.0,0.0,0.0,0.0,0.0,0.0,0.0,0.0,0.0,0.0,0.0,0.0,0.0,0.0,0.0,0.0,66.4,0,119,58,53,65476,0,300,0,0,8,20529,65476,0,0,57672,80.0,0.0,0.0,0.0,0.0,0.0
2026-06-18T02:52:03,ERR,ERR,ERR,ERR,ERR,ERR,ERR,ERR,ERR,ERR,ERR,ERR,ERR,ERR,ERR,ERR,ERR,ERR,ERR,ERR,ERR,ERR,ERR,ERR,ERR,ERR,ERR,ERR,ERR,ERR,ERR,ERR,ERR,ERR,ERR,ERR,ERR,ERR,ERR,ERR,ERR,ERR,ERR,ERR,ERR,ERR,ERR,ERR,ERR,ERR,ERR,ERR,ERR,ERR,ERR,ERR,ERR,ERR,ERR,ERR,ERR,ERR,ERR,ERR,ERR,ERR,ERR,ERR,ERR,ERR,ERR,ERR,ERR,ERR,ERR,ERR,ERR,ERR,ERR,ERR,ERR,ERR,ERR,ERR,ERR,ERR,ERR,ERR,ERR,ERR,ERR,ERR,ERR,ERR,ERR,ERR,ERR,ERR,ERR,ERR,ERR,ERR,ERR,ERR,ERR,ERR,ERR,ERR,ERR,ERR,ERR,ERR,ERR,ERR,ERR,ERR,ERR,ERR,ERR,ERR,ERR,ERR,ERR,ERR,ERR,0.0,-107615384.0,-0.0,0.0,nan,1.3936040501711995e+18,7.805,118629576.0,0,0,4,48952,6720,14723890282496.0,100,0.0,0.0,0.0,89215.008,0.0,0,0,0,0,0.0,0,0,0,0,0,0,0,0,0,0,0,0,0,0,0,0,0,0,0,0,0,0,0,0,0,0,0,0,0,0,0,0,0,26,51,50,76,65476,0,300,0,0,8,21553,0.0,-107605600.0,0.0,0.0,0.0,0.0,0.0,0.0,0.0,0.0,0.0,0.0,0.0,0.0,0.0,0.0,0.0,0.0,0.0,0.0,0.0,0.0,2.004,-2.004,-0.0,2.004,0.0,0.0,0.0,0.0,4819.0,-3.697183494796791e+19,7260.0,0.0,-107615384.0,2.7184303811560617e+23,0.0,0.0,0.0,0.0,0.0,77,-0.059,0.0,0.0,0.0,0.0,0.0,0.0,0.0,0.0,0,0,0,0.0,0.0,0.0,0.0,0.0,0.0,0.0,0.0,0.0,0.0,0.0,0.0,0.0,0.0,0.0,0.0,0,-107875648.0,77,0.0,154,0.0,-101056864.0,ERR,ERR,ERR,ERR,ERR,ERR,ERR,ERR,ERR,ERR,ERR,ERR,ERR,ERR,ERR,ERR,ERR,ERR,ERR,ERR,ERR,ERR,ERR,ERR,ERR,ERR,ERR,ERR,ERR,ERR,ERR,ERR,ERR,ERR,ERR,ERR,ERR,ERR,ERR,ERR,ERR,ERR,ERR,ERR,ERR,ERR,ERR,ERR,ERR,ERR,ERR,ERR,ERR,ERR,ERR,ERR,ERR,ERR,ERR,ERR,ERR,ERR,ERR,ERR,ERR,ERR,ERR,34.0,80.0,35,0.0,0.0,0.0,0.0,0.0,0.0,0.0,0.0,0.0,0.0,0.0,0.0,0.0,0.0,0.0,0.0,66.4,0,119,58,53,65476,0,300,0,0,8,20529,65476,0,0,57672,80.0,0.0,0.0,0.0,0.0,0.0
2026-06-18T02:52:04,ERR,ERR,ERR,ERR,ERR,ERR,ERR,ERR,ERR,ERR,ERR,ERR,ERR,ERR,ERR,ERR,ERR,ERR,ERR,ERR,ERR,ERR,ERR,ERR,ERR,ERR,ERR,ERR,ERR,ERR,ERR,ERR,ERR,ERR,ERR,ERR,ERR,ERR,ERR,ERR,ERR,ERR,ERR,ERR,ERR,ERR,ERR,ERR,ERR,ERR,ERR,ERR,ERR,ERR,ERR,ERR,ERR,ERR,ERR,ERR,ERR,ERR,ERR,ERR,ERR,ERR,ERR,ERR,ERR,ERR,ERR,ERR,ERR,ERR,ERR,ERR,ERR,ERR,ERR,ERR,ERR,ERR,ERR,ERR,ERR,ERR,ERR,ERR,ERR,ERR,ERR,ERR,ERR,ERR,ERR,ERR,ERR,ERR,ERR,ERR,ERR,ERR,ERR,ERR,ERR,ERR,ERR,ERR,ERR,ERR,ERR,ERR,ERR,ERR,ERR,ERR,ERR,ERR,ERR,ERR,ERR,ERR,ERR,ERR,ERR,0.0,-107615384.0,0.0,-152005385388032.0,1.6,1.3936040501711995e+18,7.805,0.0,0,0,4,48954,6720,14723890282496.0,100,0.0,0.0,0.0,-0.0,0.0,0,0,0,0,0.0,0,0,0,0,0,0,0,0,0,0,0,0,0,0,0,0,0,0,0,0,0,0,0,0,0,0,0,0,0,0,0,0,0,26,51,50,76,65476,0,300,0,0,8,21553,0.0,-107605600.0,0.0,0.0,0.0,0.0,0.0,0.0,0.0,0.0,0.0,0.0,0.0,0.0,0.0,0.0,0.0,0.0,0.0,0.0,0.0,0.0,-0.0,-2.004,-0.0,2.004,0.0,0.0,0.0,0.0,4822.0,-3.697183494796791e+19,7260.0,0.0,-107615384.0,2.7184303811560617e+23,0.0,0.0,0.0,0.0,0.0,77,-0.0,0.0,0.0,0.0,0.0,0.0,0.0,0.0,0.0,0,0,0,0.0,0.0,0.0,0.0,0.0,0.0,0.0,0.0,0.0,0.0,0.0,0.0,0.0,0.0,0.0,0.0,0,-107875648.0,77,0.0,154,0.0,-101056864.0,ERR,ERR,ERR,ERR,ERR,ERR,ERR,ERR,ERR,ERR,ERR,ERR,ERR,ERR,ERR,ERR,ERR,ERR,ERR,ERR,ERR,ERR,ERR,ERR,ERR,ERR,ERR,ERR,ERR,ERR,ERR,ERR,ERR,ERR,ERR,ERR,ERR,ERR,ERR,ERR,ERR,ERR,ERR,ERR,ERR,ERR,ERR,ERR,ERR,ERR,ERR,ERR,ERR,ERR,ERR,ERR,ERR,ERR,ERR,ERR,ERR,ERR,ERR,ERR,ERR,ERR,ERR,34.0,80.0,35,0.0,0.0,0.0,0.0,0.0,0.0,0.0,0.0,0.0,0.0,0.0,0.0,0.0,0.0,0.0,0.0,65.6,0,119,58,53,65476,0,300,0,0,8,20529,65476,0,0,57672,80.0,0.0,0.0,0.0,0.0,0.0
2026-06-18T02:52:05,ERR,ERR,ERR,ERR,ERR,ERR,ERR,ERR,ERR,ERR,ERR,ERR,ERR,ERR,ERR,ERR,ERR,ERR,ERR,ERR,ERR,ERR,ERR,ERR,ERR,ERR,ERR,ERR,ERR,ERR,ERR,ERR,ERR,ERR,ERR,ERR,ERR,ERR,ERR,ERR,ERR,ERR,ERR,ERR,ERR,ERR,ERR,ERR,ERR,ERR,ERR,ERR,ERR,ERR,ERR,ERR,ERR,ERR,ERR,ERR,ERR,ERR,ERR,ERR,ERR,ERR,ERR,ERR,ERR,ERR,ERR,ERR,ERR,ERR,ERR,ERR,ERR,ERR,ERR,ERR,ERR,ERR,ERR,ERR,ERR,ERR,ERR,ERR,ERR,ERR,ERR,ERR,ERR,ERR,ERR,ERR,ERR,ERR,ERR,ERR,ERR,ERR,ERR,ERR,ERR,ERR,ERR,ERR,ERR,ERR,ERR,ERR,ERR,ERR,ERR,ERR,ERR,ERR,ERR,ERR,ERR,ERR,ERR,ERR,ERR,0.0,-107615384.0,0.0,-152005385388032.0,1.6,1.3936040501711995e+18,7.805,0.0,0,0,4,48954,6720,14723890282496.0,100,0.0,0.0,0.0,-0.0,0.0,0,0,0,0,0.0,0,0,0,0,0,0,0,0,0,0,0,0,0,0,0,0,0,0,0,0,0,0,0,0,0,0,0,0,0,0,0,0,0,26,51,50,76,65476,0,300,0,0,8,21553,0.0,-107605600.0,0.0,0.0,0.0,0.0,0.0,0.0,0.0,0.0,0.0,0.0,0.0,0.0,0.0,0.0,0.0,0.0,0.0,0.0,0.0,0.0,-0.0,-2.004,-0.0,2.004,0.0,0.0,0.0,0.0,4822.0,-3.697183494796791e+19,7260.0,0.0,-107615384.0,2.7184303811560617e+23,0.0,0.0,0.0,0.0,0.0,77,-0.0,0.0,0.0,0.0,0.0,0.0,0.0,0.0,0.0,0,0,0,0.0,0.0,0.0,0.0,0.0,0.0,0.0,0.0,0.0,0.0,0.0,0.0,0.0,0.0,0.0,0.0,0,-107875648.0,77,0.0,154,0.0,-101056864.0,ERR,ERR,ERR,ERR,ERR,ERR,ERR,ERR,ERR,ERR,ERR,ERR,ERR,ERR,ERR,ERR,ERR,ERR,ERR,ERR,ERR,ERR,ERR,ERR,ERR,ERR,ERR,ERR,ERR,ERR,ERR,ERR,ERR,ERR,ERR,ERR,ERR,ERR,ERR,ERR,ERR,ERR,ERR,ERR,ERR,ERR,ERR,ERR,ERR,ERR,ERR,ERR,ERR,ERR,ERR,ERR,ERR,ERR,ERR,ERR,ERR,ERR,ERR,ERR,ERR,ERR,ERR,34.0,80.0,35,0.0,0.0,0.0,0.0,0.0,0.0,0.0,0.0,0.0,0.0,0.0,0.0,0.0,0.0,0.0,0.0,65.6,0,119,58,53,65476,0,300,0,0,8,20529,65476,0,0,57672,80.0,0.0,0.0,0.0,0.0,0.0
2026-06-18T02:52:06,ERR,ERR,ERR,ERR,ERR,ERR,ERR,ERR,ERR,ERR,ERR,ERR,ERR,ERR,ERR,ERR,ERR,ERR,ERR,ERR,ERR,ERR,ERR,ERR,ERR,ERR,ERR,ERR,ERR,ERR,ERR,ERR,ERR,ERR,ERR,ERR,ERR,ERR,ERR,ERR,ERR,ERR,ERR,ERR,ERR,ERR,ERR,ERR,ERR,ERR,ERR,ERR,ERR,ERR,ERR,ERR,ERR,ERR,ERR,ERR,ERR,ERR,ERR,ERR,ERR,ERR,ERR,ERR,ERR,ERR,ERR,ERR,ERR,ERR,ERR,ERR,ERR,ERR,ERR,ERR,ERR,ERR,ERR,ERR,ERR,ERR,ERR,ERR,ERR,ERR,ERR,ERR,ERR,ERR,ERR,ERR,ERR,ERR,ERR,ERR,ERR,ERR,ERR,ERR,ERR,ERR,ERR,ERR,ERR,ERR,ERR,ERR,ERR,ERR,ERR,ERR,ERR,ERR,ERR,ERR,ERR,ERR,ERR,ERR,ERR,0.0,-107615384.0,0.0,-152005385388032.0,1.6,1.3936040501711995e+18,7.805,0.0,0,0,4,48954,6720,14723890282496.0,100,0.0,0.0,0.0,-0.0,0.0,0,0,0,0,0.0,0,0,0,0,0,0,0,0,0,0,0,0,0,0,0,0,0,0,0,0,0,0,0,0,0,0,0,0,0,0,0,0,0,26,51,50,76,65476,0,300,0,0,8,21553,0.0,-107605600.0,0.0,0.0,0.0,0.0,0.0,0.0,0.0,0.0,0.0,0.0,0.0,0.0,0.0,0.0,0.0,0.0,0.0,0.0,0.0,0.0,-0.0,-2.004,-0.0,2.004,0.0,0.0,0.0,0.0,4822.0,-3.697183494796791e+19,7260.0,0.0,-107615384.0,2.7184303811560617e+23,0.0,0.0,0.0,0.0,0.0,77,-0.0,0.0,0.0,0.0,0.0,0.0,0.0,0.0,0.0,0,0,0,0.0,0.0,0.0,0.0,0.0,0.0,0.0,0.0,0.0,0.0,0.0,0.0,0.0,0.0,0.0,0.0,0,-107875648.0,77,0.0,154,0.0,-101056864.0,ERR,ERR,ERR,ERR,ERR,ERR,ERR,ERR,ERR,ERR,ERR,ERR,ERR,ERR,ERR,ERR,ERR,ERR,ERR,ERR,ERR,ERR,ERR,ERR,ERR,ERR,ERR,ERR,ERR,ERR,ERR,ERR,ERR,ERR,ERR,ERR,ERR,ERR,ERR,ERR,ERR,ERR,ERR,ERR,ERR,ERR,ERR,ERR,ERR,ERR,ERR,ERR,ERR,ERR,ERR,ERR,ERR,ERR,ERR,ERR,ERR,ERR,ERR,ERR,ERR,ERR,ERR,34.0,80.0,35,0.0,0.0,0.0,0.0,0.0,0.0,0.0,0.0,0.0,0.0,0.0,0.0,0.0,0.0,0.0,0.0,66.0,0,119,58,53,65476,0,300,0,0,8,20529,65476,0,0,57672,80.0,0.0,0.0,0.0,0.0,0.0
2026-06-18T02:52:07,ERR,ERR,ERR,ERR,ERR,ERR,ERR,ERR,ERR,ERR,ERR,ERR,ERR,ERR,ERR,ERR,ERR,ERR,ERR,ERR,ERR,ERR,ERR,ERR,ERR,ERR,ERR,ERR,ERR,ERR,ERR,ERR,ERR,ERR,ERR,ERR,ERR,ERR,ERR,ERR,ERR,ERR,ERR,ERR,ERR,ERR,ERR,ERR,ERR,ERR,ERR,ERR,ERR,ERR,ERR,ERR,ERR,ERR,ERR,ERR,ERR,ERR,ERR,ERR,ERR,ERR,ERR,ERR,ERR,ERR,ERR,ERR,ERR,ERR,ERR,ERR,ERR,ERR,ERR,ERR,ERR,ERR,ERR,ERR,ERR,ERR,ERR,ERR,ERR,ERR,ERR,ERR,ERR,ERR,ERR,ERR,ERR,ERR,ERR,ERR,ERR,ERR,ERR,ERR,ERR,ERR,ERR,ERR,ERR,ERR,ERR,ERR,ERR,ERR,ERR,ERR,ERR,ERR,ERR,ERR,ERR,ERR,ERR,ERR,ERR,0.0,-107615384.0,0.0,-152005385388032.0,1.6,1.3936040501711995e+18,7.805,0.0,0,0,4,48954,6720,14723890282496.0,100,0.0,0.0,0.0,-0.0,0.0,0,0,0,0,0.0,0,0,0,0,0,0,0,0,0,0,0,0,0,0,0,0,0,0,0,0,0,0,0,0,0,0,0,0,0,0,0,0,0,26,51,50,76,65476,0,300,0,0,8,21553,0.0,-107605600.0,0.0,0.0,0.0,0.0,0.0,0.0,0.0,0.0,0.0,0.0,0.0,0.0,0.0,0.0,0.0,0.0,0.0,0.0,0.0,0.0,-0.0,-2.004,-0.0,2.004,0.0,0.0,0.0,0.0,4822.0,-3.697183494796791e+19,7260.0,0.0,-107615384.0,2.7184303811560617e+23,0.0,0.0,0.0,0.0,0.0,77,-0.0,0.0,0.0,0.0,0.0,0.0,0.0,0.0,0.0,0,0,0,0.0,0.0,0.0,0.0,0.0,0.0,0.0,0.0,0.0,0.0,0.0,0.0,0.0,0.0,0.0,0.0,0,-107875648.0,77,0.0,154,0.0,-101056864.0,ERR,ERR,ERR,ERR,ERR,ERR,ERR,ERR,ERR,ERR,ERR,ERR,ERR,ERR,ERR,ERR,ERR,ERR,ERR,ERR,ERR,ERR,ERR,ERR,ERR,ERR,ERR,ERR,ERR,ERR,ERR,ERR,ERR,ERR,ERR,ERR,ERR,ERR,ERR,ERR,ERR,ERR,ERR,ERR,ERR,ERR,ERR,ERR,ERR,ERR,ERR,ERR,ERR,ERR,ERR,ERR,ERR,ERR,ERR,ERR,ERR,ERR,ERR,ERR,ERR,ERR,ERR,34.0,80.0,35,0.0,0.0,0.0,0.0,0.0,0.0,0.0,0.0,0.0,0.0,0.0,0.0,0.0,0.0,0.0,0.0,65.6,0,119,58,53,65476,0,300,0,0,8,20529,65476,0,0,57672,80.0,0.0,0.0,0.0,0.0,0.0
2026-06-18T02:52:08,ERR,ERR,ERR,ERR,ERR,ERR,ERR,ERR,ERR,ERR,ERR,ERR,ERR,ERR,ERR,ERR,ERR,ERR,ERR,ERR,ERR,ERR,ERR,ERR,ERR,ERR,ERR,ERR,ERR,ERR,ERR,ERR,ERR,ERR,ERR,ERR,ERR,ERR,ERR,ERR,ERR,ERR,ERR,ERR,ERR,ERR,ERR,ERR,ERR,ERR,ERR,ERR,ERR,ERR,ERR,ERR,ERR,ERR,ERR,ERR,ERR,ERR,ERR,ERR,ERR,ERR,ERR,ERR,ERR,ERR,ERR,ERR,ERR,ERR,ERR,ERR,ERR,ERR,ERR,ERR,ERR,ERR,ERR,ERR,ERR,ERR,ERR,ERR,ERR,ERR,ERR,ERR,ERR,ERR,ERR,ERR,ERR,ERR,ERR,ERR,ERR,ERR,ERR,ERR,ERR,ERR,ERR,ERR,ERR,ERR,ERR,ERR,ERR,ERR,ERR,ERR,ERR,ERR,ERR,ERR,ERR,ERR,ERR,ERR,ERR,0.0,-107615384.0,0.0,-152005385388032.0,1.6,1.3936040501711995e+18,7.805,0.0,0,0,4,48954,6720,14723890282496.0,100,0.0,0.0,0.0,-0.0,0.0,0,0,0,0,0.0,0,0,0,0,0,0,0,0,0,0,0,0,0,0,0,0,0,0,0,0,0,0,0,0,0,0,0,0,0,0,0,0,0,26,51,50,76,65476,0,300,0,0,8,21553,0.0,-107605600.0,0.0,0.0,0.0,0.0,0.0,0.0,0.0,0.0,0.0,0.0,0.0,0.0,0.0,0.0,0.0,0.0,0.0,0.0,0.0,0.0,-0.0,-2.004,-0.0,2.004,0.0,0.0,0.0,0.0,4822.0,-3.697183494796791e+19,7260.0,0.0,-107615384.0,2.7184303811560617e+23,0.0,0.0,0.0,0.0,0.0,77,-0.0,0.0,0.0,0.0,0.0,0.0,0.0,0.0,0.0,0,0,0,0.0,0.0,0.0,0.0,0.0,0.0,0.0,0.0,0.0,0.0,0.0,0.0,0.0,0.0,0.0,0.0,0,-107875648.0,77,0.0,154,0.0,-101056864.0,ERR,ERR,ERR,ERR,ERR,ERR,ERR,ERR,ERR,ERR,ERR,ERR,ERR,ERR,ERR,ERR,ERR,ERR,ERR,ERR,ERR,ERR,ERR,ERR,ERR,ERR,ERR,ERR,ERR,ERR,ERR,ERR,ERR,ERR,ERR,ERR,ERR,ERR,ERR,ERR,ERR,ERR,ERR,ERR,ERR,ERR,ERR,ERR,ERR,ERR,ERR,ERR,ERR,ERR,ERR,ERR,ERR,ERR,ERR,ERR,ERR,ERR,ERR,ERR,ERR,ERR,ERR,34.0,80.0,35,0.0,0.0,0.0,0.0,0.0,0.0,0.0,0.0,0.0,0.0,0.0,0.0,0.0,0.0,0.0,0.0,65.6,0,119,58,53,65476,0,300,0,0,8,20529,65476,0,0,57672,80.0,0.0,0.0,0.0,0.0,0.0
2026-06-18T02:52:09,ERR,ERR,ERR,ERR,ERR,ERR,ERR,ERR,ERR,ERR,ERR,ERR,ERR,ERR,ERR,ERR,ERR,ERR,ERR,ERR,ERR,ERR,ERR,ERR,ERR,ERR,ERR,ERR,ERR,ERR,ERR,ERR,ERR,ERR,ERR,ERR,ERR,ERR,ERR,ERR,ERR,ERR,ERR,ERR,ERR,ERR,ERR,ERR,ERR,ERR,ERR,ERR,ERR,ERR,ERR,ERR,ERR,ERR,ERR,ERR,ERR,ERR,ERR,ERR,ERR,ERR,ERR,ERR,ERR,ERR,ERR,ERR,ERR,ERR,ERR,ERR,ERR,ERR,ERR,ERR,ERR,ERR,ERR,ERR,ERR,ERR,ERR,ERR,ERR,ERR,ERR,ERR,ERR,ERR,ERR,ERR,ERR,ERR,ERR,ERR,ERR,ERR,ERR,ERR,ERR,ERR,ERR,ERR,ERR,ERR,ERR,ERR,ERR,ERR,ERR,ERR,ERR,ERR,ERR,ERR,ERR,ERR,ERR,ERR,ERR,0.0,-107615384.0,0.0,-4.9501291711397626e+32,1.592,1.3936040501711995e+18,7.805,0.0,0,0,4,48961,6720,14723890282496.0,100,0.0,0.0,0.0,-4.9501291711397626e+32,0.0,0,0,0,0,0.0,0,0,0,0,0,0,0,0,0,0,0,0,0,0,0,0,0,0,0,0,0,0,0,0,0,0,0,0,0,0,0,0,0,26,51,50,76,65476,0,300,0,0,8,21553,0.0,-107605600.0,0.0,0.0,0.0,0.0,0.0,0.0,0.0,0.0,0.0,0.0,0.0,0.0,0.0,0.0,0.0,0.0,0.0,0.0,0.0,0.0,2.004,-2.004,-0.0,2.004,0.0,0.0,0.0,0.0,4816.0,-2.004,7256.0,0.0,-107615384.0,2.7184303811560617e+23,0.0,0.0,0.0,0.0,0.0,77,-0.0,-4.950398423098307e+32,0.0,0.0,0.0,0.0,0.0,0.0,0.0,0,0,0,0.0,0.0,0.0,0.0,0.0,0.0,0.0,0.0,0.0,0.0,0.0,0.0,0.0,0.0,0.0,0.0,0,-107875648.0,77,0.0,154,0.0,-101056864.0,ERR,ERR,ERR,ERR,ERR,ERR,ERR,ERR,ERR,ERR,ERR,ERR,ERR,ERR,ERR,ERR,ERR,ERR,ERR,ERR,ERR,ERR,ERR,ERR,ERR,ERR,ERR,ERR,ERR,ERR,ERR,ERR,ERR,ERR,ERR,ERR,ERR,ERR,ERR,ERR,ERR,ERR,ERR,ERR,ERR,ERR,ERR,ERR,ERR,ERR,ERR,ERR,ERR,ERR,ERR,ERR,ERR,ERR,ERR,ERR,ERR,ERR,ERR,ERR,ERR,ERR,ERR,34.0,80.0,35,0.0,0.0,0.0,0.0,0.0,0.0,0.0,0.0,0.0,0.0,0.0,0.0,0.0,0.0,0.0,0.0,65.6,0,119,58,53,65476,0,300,0,0,8,20529,65476,0,0,57672,80.0,0.0,0.0,0.0,0.0,0.0
2026-06-18T02:52:10,ERR,ERR,ERR,ERR,ERR,ERR,ERR,ERR,ERR,ERR,ERR,ERR,ERR,ERR,ERR,ERR,ERR,ERR,ERR,ERR,ERR,ERR,ERR,ERR,ERR,ERR,ERR,ERR,ERR,ERR,ERR,ERR,ERR,ERR,ERR,ERR,ERR,ERR,ERR,ERR,ERR,ERR,ERR,ERR,ERR,ERR,ERR,ERR,ERR,ERR,ERR,ERR,ERR,ERR,ERR,ERR,ERR,ERR,ERR,ERR,ERR,ERR,ERR,ERR,ERR,ERR,ERR,ERR,ERR,ERR,ERR,ERR,ERR,ERR,ERR,ERR,ERR,ERR,ERR,ERR,ERR,ERR,ERR,ERR,ERR,ERR,ERR,ERR,ERR,ERR,ERR,ERR,ERR,ERR,ERR,ERR,ERR,ERR,ERR,ERR,ERR,ERR,ERR,ERR,ERR,ERR,ERR,ERR,ERR,ERR,ERR,ERR,ERR,ERR,ERR,ERR,ERR,ERR,ERR,ERR,ERR,ERR,ERR,ERR,ERR,0.0,-107615384.0,0.0,-4.9501291711397626e+32,1.592,1.3936040501711995e+18,7.805,0.0,0,0,4,48961,6720,14723890282496.0,100,0.0,0.0,0.0,-4.9501291711397626e+32,0.0,0,0,0,0,0.0,0,0,0,0,0,0,0,0,0,0,0,0,0,0,0,0,0,0,0,0,0,0,0,0,0,0,0,0,0,0,0,0,0,26,51,50,76,65476,0,300,0,0,8,21553,0.0,-107605600.0,0.0,0.0,0.0,0.0,0.0,0.0,0.0,0.0,0.0,0.0,0.0,0.0,0.0,0.0,0.0,0.0,0.0,0.0,0.0,0.0,2.004,-2.004,-0.0,2.004,0.0,0.0,0.0,0.0,4816.0,-2.004,7256.0,0.0,-107615384.0,2.7184303811560617e+23,0.0,0.0,0.0,0.0,0.0,77,-0.0,-4.950398423098307e+32,0.0,0.0,0.0,0.0,0.0,0.0,0.0,0,0,0,0.0,0.0,0.0,0.0,0.0,0.0,0.0,0.0,0.0,0.0,0.0,0.0,0.0,0.0,0.0,0.0,0,-107875648.0,77,0.0,154,0.0,-101056864.0,ERR,ERR,ERR,ERR,ERR,ERR,ERR,ERR,ERR,ERR,ERR,ERR,ERR,ERR,ERR,ERR,ERR,ERR,ERR,ERR,ERR,ERR,ERR,ERR,ERR,ERR,ERR,ERR,ERR,ERR,ERR,ERR,ERR,ERR,ERR,ERR,ERR,ERR,ERR,ERR,ERR,ERR,ERR,ERR,ERR,ERR,ERR,ERR,ERR,ERR,ERR,ERR,ERR,ERR,ERR,ERR,ERR,ERR,ERR,ERR,ERR,ERR,ERR,ERR,ERR,ERR,ERR,34.0,80.0,35,0.0,0.0,0.0,0.0,0.0,0.0,0.0,0.0,0.0,0.0,0.0,0.0,0.0,0.0,0.0,0.0,65.6,0,119,58,53,65476,0,300,0,0,8,20529,65476,0,0,57672,80.0,0.0,0.0,0.0,0.0,0.0
2026-06-18T02:52:11,ERR,ERR,ERR,ERR,ERR,ERR,ERR,ERR,ERR,ERR,ERR,ERR,ERR,ERR,ERR,ERR,ERR,ERR,ERR,ERR,ERR,ERR,ERR,ERR,ERR,ERR,ERR,ERR,ERR,ERR,ERR,ERR,ERR,ERR,ERR,ERR,ERR,ERR,ERR,ERR,ERR,ERR,ERR,ERR,ERR,ERR,ERR,ERR,ERR,ERR,ERR,ERR,ERR,ERR,ERR,ERR,ERR,ERR,ERR,ERR,ERR,ERR,ERR,ERR,ERR,ERR,ERR,ERR,ERR,ERR,ERR,ERR,ERR,ERR,ERR,ERR,ERR,ERR,ERR,ERR,ERR,ERR,ERR,ERR,ERR,ERR,ERR,ERR,ERR,ERR,ERR,ERR,ERR,ERR,ERR,ERR,ERR,ERR,ERR,ERR,ERR,ERR,ERR,ERR,ERR,ERR,ERR,ERR,ERR,ERR,ERR,ERR,ERR,ERR,ERR,ERR,ERR,ERR,ERR,ERR,ERR,ERR,ERR,ERR,ERR,0.0,-107615384.0,0.0,-4.9501291711397626e+32,1.592,1.3936040501711995e+18,7.805,0.0,0,0,4,48961,6720,14723890282496.0,100,0.0,0.0,0.0,-4.9501291711397626e+32,0.0,0,0,0,0,0.0,0,0,0,0,0,0,0,0,0,0,0,0,0,0,0,0,0,0,0,0,0,0,0,0,0,0,0,0,0,0,0,0,0,26,51,50,76,65476,0,300,0,0,8,21553,0.0,-107605600.0,0.0,0.0,0.0,0.0,0.0,0.0,0.0,0.0,0.0,0.0,0.0,0.0,0.0,0.0,0.0,0.0,0.0,0.0,0.0,0.0,2.004,-2.004,-0.0,2.004,0.0,0.0,0.0,0.0,4816.0,-2.004,7256.0,0.0,-107615384.0,2.7184303811560617e+23,0.0,0.0,0.0,0.0,0.0,77,-0.0,-4.950398423098307e+32,0.0,0.0,0.0,0.0,0.0,0.0,0.0,0,0,0,0.0,0.0,0.0,0.0,0.0,0.0,0.0,0.0,0.0,0.0,0.0,0.0,0.0,0.0,0.0,0.0,0,-107875648.0,77,0.0,154,0.0,-101056864.0,ERR,ERR,ERR,ERR,ERR,ERR,ERR,ERR,ERR,ERR,ERR,ERR,ERR,ERR,ERR,ERR,ERR,ERR,ERR,ERR,ERR,ERR,ERR,ERR,ERR,ERR,ERR,ERR,ERR,ERR,ERR,ERR,ERR,ERR,ERR,ERR,ERR,ERR,ERR,ERR,ERR,ERR,ERR,ERR,ERR,ERR,ERR,ERR,ERR,ERR,ERR,ERR,ERR,ERR,ERR,ERR,ERR,ERR,ERR,ERR,ERR,ERR,ERR,ERR,ERR,ERR,ERR,34.0,80.0,35,0.0,0.0,0.0,0.0,0.0,0.0,0.0,0.0,0.0,0.0,0.0,0.0,0.0,0.0,0.0,0.0,65.6,0,119,58,53,65476,0,300,0,0,8,20529,65476,0,0,57672,80.0,0.0,0.0,0.0,0.0,0.0
2026-06-18T02:52:12,ERR,ERR,ERR,ERR,ERR,ERR,ERR,ERR,ERR,ERR,ERR,ERR,ERR,ERR,ERR,ERR,ERR,ERR,ERR,ERR,ERR,ERR,ERR,ERR,ERR,ERR,ERR,ERR,ERR,ERR,ERR,ERR,ERR,ERR,ERR,ERR,ERR,ERR,ERR,ERR,ERR,ERR,ERR,ERR,ERR,ERR,ERR,ERR,ERR,ERR,ERR,ERR,ERR,ERR,ERR,ERR,ERR,ERR,ERR,ERR,ERR,ERR,ERR,ERR,ERR,ERR,ERR,ERR,ERR,ERR,ERR,ERR,ERR,ERR,ERR,ERR,ERR,ERR,ERR,ERR,ERR,ERR,ERR,ERR,ERR,ERR,ERR,ERR,ERR,ERR,ERR,ERR,ERR,ERR,ERR,ERR,ERR,ERR,ERR,ERR,ERR,ERR,ERR,ERR,ERR,ERR,ERR,ERR,ERR,ERR,ERR,ERR,ERR,ERR,ERR,ERR,ERR,ERR,ERR,ERR,ERR,ERR,ERR,ERR,ERR,0.0,-107615384.0,0.0,-4.9501291711397626e+32,1.592,1.3936040501711995e+18,7.805,0.0,0,0,4,48961,6720,14723890282496.0,100,0.0,0.0,0.0,-4.9501291711397626e+32,0.0,0,0,0,0,0.0,0,0,0,0,0,0,0,0,0,0,0,0,0,0,0,0,0,0,0,0,0,0,0,0,0,0,0,0,0,0,0,0,0,26,51,50,76,65476,0,300,0,0,8,21553,0.0,-107605600.0,0.0,0.0,0.0,0.0,0.0,0.0,0.0,0.0,0.0,0.0,0.0,0.0,0.0,0.0,0.0,0.0,0.0,0.0,0.0,0.0,2.004,-2.004,-0.0,2.004,0.0,0.0,0.0,0.0,4816.0,-2.004,7256.0,0.0,-107615384.0,2.7184303811560617e+23,0.0,0.0,0.0,0.0,0.0,77,-0.0,-4.950398423098307e+32,0.0,0.0,0.0,0.0,0.0,0.0,0.0,0,0,0,0.0,0.0,0.0,0.0,0.0,0.0,0.0,0.0,0.0,0.0,0.0,0.0,0.0,0.0,0.0,0.0,0,-107875648.0,77,0.0,154,0.0,-101056864.0,ERR,ERR,ERR,ERR,ERR,ERR,ERR,ERR,ERR,ERR,ERR,ERR,ERR,ERR,ERR,ERR,ERR,ERR,ERR,ERR,ERR,ERR,ERR,ERR,ERR,ERR,ERR,ERR,ERR,ERR,ERR,ERR,ERR,ERR,ERR,ERR,ERR,ERR,ERR,ERR,ERR,ERR,ERR,ERR,ERR,ERR,ERR,ERR,ERR,ERR,ERR,ERR,ERR,ERR,ERR,ERR,ERR,ERR,ERR,ERR,ERR,ERR,ERR,ERR,ERR,ERR,ERR,34.0,80.0,35,0.0,0.0,0.0,0.0,0.0,0.0,0.0,0.0,0.0,0.0,0.0,0.0,0.0,0.0,0.0,0.0,65.6,0,119,58,53,65476,0,300,0,0,8,20529,65476,0,0,57672,80.0,0.0,0.0,0.0,0.0,0.0
2026-06-18T02:52:13,ERR,ERR,ERR,ERR,ERR,ERR,ERR,ERR,ERR,ERR,ERR,ERR,ERR,ERR,ERR,ERR,ERR,ERR,ERR,ERR,ERR,ERR,ERR,ERR,ERR,ERR,ERR,ERR,ERR,ERR,ERR,ERR,ERR,ERR,ERR,ERR,ERR,ERR,ERR,ERR,ERR,ERR,ERR,ERR,ERR,ERR,ERR,ERR,ERR,ERR,ERR,ERR,ERR,ERR,ERR,ERR,ERR,ERR,ERR,ERR,ERR,ERR,ERR,ERR,ERR,ERR,ERR,ERR,ERR,ERR,ERR,ERR,ERR,ERR,ERR,ERR,ERR,ERR,ERR,ERR,ERR,ERR,ERR,ERR,ERR,ERR,ERR,ERR,ERR,ERR,ERR,ERR,ERR,ERR,ERR,ERR,ERR,ERR,ERR,ERR,ERR,ERR,ERR,ERR,ERR,ERR,ERR,ERR,ERR,ERR,ERR,ERR,ERR,ERR,ERR,ERR,ERR,ERR,ERR,ERR,ERR,ERR,ERR,ERR,ERR,0.0,-107615384.0,0.0,-4.9501291711397626e+32,1.592,1.3936040501711995e+18,7.805,0.0,0,0,4,48961,6720,14723890282496.0,100,0.0,0.0,0.0,-4.9501291711397626e+32,0.0,0,0,0,0,0.0,0,0,0,0,0,0,0,0,0,0,0,0,0,0,0,0,0,0,0,0,0,0,0,0,0,0,0,0,0,0,0,0,0,26,51,50,76,65476,0,300,0,0,8,21553,0.0,-107605600.0,0.0,0.0,0.0,0.0,0.0,0.0,0.0,0.0,0.0,0.0,0.0,0.0,0.0,0.0,0.0,0.0,0.0,0.0,0.0,0.0,2.004,-2.004,-0.0,2.004,0.0,0.0,0.0,0.0,4816.0,-2.004,7256.0,0.0,-107615384.0,2.7184303811560617e+23,0.0,0.0,0.0,0.0,0.0,77,-0.0,-4.950398423098307e+32,0.0,0.0,0.0,0.0,0.0,0.0,0.0,0,0,0,0.0,0.0,0.0,0.0,0.0,0.0,0.0,0.0,0.0,0.0,0.0,0.0,0.0,0.0,0.0,0.0,0,-107875648.0,77,0.0,154,0.0,-101056864.0,ERR,ERR,ERR,ERR,ERR,ERR,ERR,ERR,ERR,ERR,ERR,ERR,ERR,ERR,ERR,ERR,ERR,ERR,ERR,ERR,ERR,ERR,ERR,ERR,ERR,ERR,ERR,ERR,ERR,ERR,ERR,ERR,ERR,ERR,ERR,ERR,ERR,ERR,ERR,ERR,ERR,ERR,ERR,ERR,ERR,ERR,ERR,ERR,ERR,ERR,ERR,ERR,ERR,ERR,ERR,ERR,ERR,ERR,ERR,ERR,ERR,ERR,ERR,ERR,ERR,ERR,ERR,34.0,80.0,35,0.0,0.0,0.0,0.0,0.0,0.0,0.0,0.0,0.0,0.0,0.0,0.0,0.0,0.0,0.0,0.0,65.6,0,119,58,53,65476,0,300,0,0,8,20529,65476,0,0,57672,80.0,0.0,0.0,0.0,0.0,0.0
2026-06-18T02:52:14,ERR,ERR,ERR,ERR,ERR,ERR,ERR,ERR,ERR,ERR,ERR,ERR,ERR,ERR,ERR,ERR,ERR,ERR,ERR,ERR,ERR,ERR,ERR,ERR,ERR,ERR,ERR,ERR,ERR,ERR,ERR,ERR,ERR,ERR,ERR,ERR,ERR,ERR,ERR,ERR,ERR,ERR,ERR,ERR,ERR,ERR,ERR,ERR,ERR,ERR,ERR,ERR,ERR,ERR,ERR,ERR,ERR,ERR,ERR,ERR,ERR,ERR,ERR,ERR,ERR,ERR,ERR,ERR,ERR,ERR,ERR,ERR,ERR,ERR,ERR,ERR,ERR,ERR,ERR,ERR,ERR,ERR,ERR,ERR,ERR,ERR,ERR,ERR,ERR,ERR,ERR,ERR,ERR,ERR,ERR,ERR,ERR,ERR,ERR,ERR,ERR,ERR,ERR,ERR,ERR,ERR,ERR,ERR,ERR,ERR,ERR,ERR,ERR,ERR,ERR,ERR,ERR,ERR,ERR,ERR,ERR,ERR,ERR,ERR,ERR,0.0,-107615384.0,0.0,-4.9501291711397626e+32,1.592,1.3936040501711995e+18,7.805,0.0,0,0,4,48961,6720,14723890282496.0,100,0.0,0.0,0.0,-4.9501291711397626e+32,0.0,0,0,0,0,0.0,0,0,0,0,0,0,0,0,0,0,0,0,0,0,0,0,0,0,0,0,0,0,0,0,0,0,0,0,0,0,0,0,0,26,51,50,76,65476,0,300,0,0,8,21553,0.0,-107605600.0,0.0,0.0,0.0,0.0,0.0,0.0,0.0,0.0,0.0,0.0,0.0,0.0,0.0,0.0,0.0,0.0,0.0,0.0,0.0,0.0,2.004,-2.004,-0.0,2.004,0.0,0.0,0.0,0.0,4816.0,-2.004,7256.0,0.0,-107615384.0,2.7184303811560617e+23,0.0,0.0,0.0,0.0,0.0,77,-0.0,-4.950398423098307e+32,0.0,0.0,0.0,0.0,0.0,0.0,0.0,0,0,0,0.0,0.0,0.0,0.0,0.0,0.0,0.0,0.0,0.0,0.0,0.0,0.0,0.0,0.0,0.0,0.0,0,-107875648.0,77,0.0,154,0.0,-101056864.0,ERR,ERR,ERR,ERR,ERR,ERR,ERR,ERR,ERR,ERR,ERR,ERR,ERR,ERR,ERR,ERR,ERR,ERR,ERR,ERR,ERR,ERR,ERR,ERR,ERR,ERR,ERR,ERR,ERR,ERR,ERR,ERR,ERR,ERR,ERR,ERR,ERR,ERR,ERR,ERR,ERR,ERR,ERR,ERR,ERR,ERR,ERR,ERR,ERR,ERR,ERR,ERR,ERR,ERR,ERR,ERR,ERR,ERR,ERR,ERR,ERR,ERR,ERR,ERR,ERR,ERR,ERR,34.0,80.0,35,0.0,0.0,0.0,0.0,0.0,0.0,0.0,0.0,0.0,0.0,0.0,0.0,0.0,0.0,0.0,0.0,65.6,0,119,58,53,65476,0,300,0,0,8,20529,65476,0,0,57672,80.0,0.0,0.0,0.0,0.0,0.0
2026-06-18T02:52:15,ERR,ERR,ERR,ERR,ERR,ERR,ERR,ERR,ERR,ERR,ERR,ERR,ERR,ERR,ERR,ERR,ERR,ERR,ERR,ERR,ERR,ERR,ERR,ERR,ERR,ERR,ERR,ERR,ERR,ERR,ERR,ERR,ERR,ERR,ERR,ERR,ERR,ERR,ERR,ERR,ERR,ERR,ERR,ERR,ERR,ERR,ERR,ERR,ERR,ERR,ERR,ERR,ERR,ERR,ERR,ERR,ERR,ERR,ERR,ERR,ERR,ERR,ERR,ERR,ERR,ERR,ERR,ERR,ERR,ERR,ERR,ERR,ERR,ERR,ERR,ERR,ERR,ERR,ERR,ERR,ERR,ERR,ERR,ERR,ERR,ERR,ERR,ERR,ERR,ERR,ERR,ERR,ERR,ERR,ERR,ERR,ERR,ERR,ERR,ERR,ERR,ERR,ERR,ERR,ERR,ERR,ERR,ERR,ERR,ERR,ERR,ERR,ERR,ERR,ERR,ERR,ERR,ERR,ERR,ERR,ERR,ERR,ERR,ERR,ERR,0.0,-107615384.0,0.0,0.0,nan,1.3936040501711995e+18,7.805,-5533387829805056.0,0,0,4,48936,6720,14723890282496.0,100,0.0,0.0,0.0,0.0,0.0,0,0,0,0,0.0,0,0,0,0,0,0,0,0,0,0,0,0,0,0,0,0,0,0,0,0,0,0,0,0,0,0,0,0,0,0,0,0,0,26,51,50,76,65476,0,300,0,0,8,21553,0.0,-107605600.0,0.0,0.0,0.0,0.0,0.0,0.0,0.0,0.0,0.0,0.0,0.0,0.0,0.0,0.0,0.0,0.0,0.0,0.0,0.0,0.0,-0.0,-2.004,-0.0,2.004,0.0,0.0,0.0,0.0,4819.0,-3.697183494796791e+19,7260.0,0.0,-107615384.0,2.7184303811560617e+23,0.0,0.0,0.0,0.0,0.0,77,-0.059,0.0,0.0,0.0,0.0,0.0,0.0,0.0,0.0,0,0,0,0.0,0.0,0.0,0.0,0.0,0.0,0.0,0.0,0.0,0.0,0.0,0.0,0.0,0.0,0.0,0.0,0,-107875648.0,77,0.0,154,0.0,-101056864.0,ERR,ERR,ERR,ERR,ERR,ERR,ERR,ERR,ERR,ERR,ERR,ERR,ERR,ERR,ERR,ERR,ERR,ERR,ERR,ERR,ERR,ERR,ERR,ERR,ERR,ERR,ERR,ERR,ERR,ERR,ERR,ERR,ERR,ERR,ERR,ERR,ERR,ERR,ERR,ERR,ERR,ERR,ERR,ERR,ERR,ERR,ERR,ERR,ERR,ERR,ERR,ERR,ERR,ERR,ERR,ERR,ERR,ERR,ERR,ERR,ERR,ERR,ERR,ERR,ERR,ERR,ERR,34.0,80.0,35,0.0,0.0,0.0,0.0,0.0,0.0,0.0,0.0,0.0,0.0,0.0,0.0,0.0,0.0,0.0,0.0,65.6,0,119,58,53,65476,0,300,0,0,8,20529,65476,0,0,57672,80.0,0.0,0.0,0.0,0.0,0.0
2026-06-18T02:52:16,ERR,ERR,ERR,ERR,ERR,ERR,ERR,ERR,ERR,ERR,ERR,ERR,ERR,ERR,ERR,ERR,ERR,ERR,ERR,ERR,ERR,ERR,ERR,ERR,ERR,ERR,ERR,ERR,ERR,ERR,ERR,ERR,ERR,ERR,ERR,ERR,ERR,ERR,ERR,ERR,ERR,ERR,ERR,ERR,ERR,ERR,ERR,ERR,ERR,ERR,ERR,ERR,ERR,ERR,ERR,ERR,ERR,ERR,ERR,ERR,ERR,ERR,ERR,ERR,ERR,ERR,ERR,ERR,ERR,ERR,ERR,ERR,ERR,ERR,ERR,ERR,ERR,ERR,ERR,ERR,ERR,ERR,ERR,ERR,ERR,ERR,ERR,ERR,ERR,ERR,ERR,ERR,ERR,ERR,ERR,ERR,ERR,ERR,ERR,ERR,ERR,ERR,ERR,ERR,ERR,ERR,ERR,ERR,ERR,ERR,ERR,ERR,ERR,ERR,ERR,ERR,ERR,ERR,ERR,ERR,ERR,ERR,ERR,ERR,ERR,0.0,-107615384.0,0.0,0.0,nan,1.3936040501711995e+18,7.805,-5533387829805056.0,0,0,4,48936,6720,14723890282496.0,100,0.0,0.0,0.0,0.0,0.0,0,0,0,0,0.0,0,0,0,0,0,0,0,0,0,0,0,0,0,0,0,0,0,0,0,0,0,0,0,0,0,0,0,0,0,0,0,0,0,26,51,50,76,65476,0,300,0,0,8,21553,0.0,-107605600.0,0.0,0.0,0.0,0.0,0.0,0.0,0.0,0.0,0.0,0.0,0.0,0.0,0.0,0.0,0.0,0.0,0.0,0.0,0.0,0.0,-0.0,-2.004,-0.0,2.004,0.0,0.0,0.0,0.0,4819.0,-3.697183494796791e+19,7260.0,0.0,-107615384.0,2.7184303811560617e+23,0.0,0.0,0.0,0.0,0.0,77,-0.059,0.0,0.0,0.0,0.0,0.0,0.0,0.0,0.0,0,0,0,0.0,0.0,0.0,0.0,0.0,0.0,0.0,0.0,0.0,0.0,0.0,0.0,0.0,0.0,0.0,0.0,0,-107875648.0,77,0.0,154,0.0,-101056864.0,ERR,ERR,ERR,ERR,ERR,ERR,ERR,ERR,ERR,ERR,ERR,ERR,ERR,ERR,ERR,ERR,ERR,ERR,ERR,ERR,ERR,ERR,ERR,ERR,ERR,ERR,ERR,ERR,ERR,ERR,ERR,ERR,ERR,ERR,ERR,ERR,ERR,ERR,ERR,ERR,ERR,ERR,ERR,ERR,ERR,ERR,ERR,ERR,ERR,ERR,ERR,ERR,ERR,ERR,ERR,ERR,ERR,ERR,ERR,ERR,ERR,ERR,ERR,ERR,ERR,ERR,ERR,34.0,80.0,35,0.0,0.0,0.0,0.0,0.0,0.0,0.0,0.0,0.0,0.0,0.0,0.0,0.0,0.0,0.0,0.0,65.6,0,119,58,53,65476,0,300,0,0,8,20529,65476,0,0,57672,80.0,0.0,0.0,0.0,0.0,0.0
2026-06-18T02:52:17,ERR,ERR,ERR,ERR,ERR,ERR,ERR,ERR,ERR,ERR,ERR,ERR,ERR,ERR,ERR,ERR,ERR,ERR,ERR,ERR,ERR,ERR,ERR,ERR,ERR,ERR,ERR,ERR,ERR,ERR,ERR,ERR,ERR,ERR,ERR,ERR,ERR,ERR,ERR,ERR,ERR,ERR,ERR,ERR,ERR,ERR,ERR,ERR,ERR,ERR,ERR,ERR,ERR,ERR,ERR,ERR,ERR,ERR,ERR,ERR,ERR,ERR,ERR,ERR,ERR,ERR,ERR,ERR,ERR,ERR,ERR,ERR,ERR,ERR,ERR,ERR,ERR,ERR,ERR,ERR,ERR,ERR,ERR,ERR,ERR,ERR,ERR,ERR,ERR,ERR,ERR,ERR,ERR,ERR,ERR,ERR,ERR,ERR,ERR,ERR,ERR,ERR,ERR,ERR,ERR,ERR,ERR,ERR,ERR,ERR,ERR,ERR,ERR,ERR,ERR,ERR,ERR,ERR,ERR,ERR,ERR,ERR,ERR,ERR,ERR,0.0,-107615384.0,0.0,0.0,nan,1.3936040501711995e+18,7.805,-5533387829805056.0,0,0,4,48936,6720,14723890282496.0,100,0.0,0.0,0.0,0.0,0.0,0,0,0,0,0.0,0,0,0,0,0,0,0,0,0,0,0,0,0,0,0,0,0,0,0,0,0,0,0,0,0,0,0,0,0,0,0,0,0,26,51,50,76,65476,0,300,0,0,8,21553,0.0,-107605600.0,0.0,0.0,0.0,0.0,0.0,0.0,0.0,0.0,0.0,0.0,0.0,0.0,0.0,0.0,0.0,0.0,0.0,0.0,0.0,0.0,-0.0,-2.004,-0.0,2.004,0.0,0.0,0.0,0.0,4819.0,-3.697183494796791e+19,7260.0,0.0,-107615384.0,2.7184303811560617e+23,0.0,0.0,0.0,0.0,0.0,77,-0.059,0.0,0.0,0.0,0.0,0.0,0.0,0.0,0.0,0,0,0,0.0,0.0,0.0,0.0,0.0,0.0,0.0,0.0,0.0,0.0,0.0,0.0,0.0,0.0,0.0,0.0,0,-107875648.0,77,0.0,154,0.0,-101056864.0,ERR,ERR,ERR,ERR,ERR,ERR,ERR,ERR,ERR,ERR,ERR,ERR,ERR,ERR,ERR,ERR,ERR,ERR,ERR,ERR,ERR,ERR,ERR,ERR,ERR,ERR,ERR,ERR,ERR,ERR,ERR,ERR,ERR,ERR,ERR,ERR,ERR,ERR,ERR,ERR,ERR,ERR,ERR,ERR,ERR,ERR,ERR,ERR,ERR,ERR,ERR,ERR,ERR,ERR,ERR,ERR,ERR,ERR,ERR,ERR,ERR,ERR,ERR,ERR,ERR,ERR,ERR,34.0,80.0,35,0.0,0.0,0.0,0.0,0.0,0.0,0.0,0.0,0.0,0.0,0.0,0.0,0.0,0.0,0.0,0.0,65.6,0,119,58,53,65476,0,300,0,0,8,20529,65476,0,0,57672,80.0,0.0,0.0,0.0,0.0,0.0
2026-06-18T02:52:18,ERR,ERR,ERR,ERR,ERR,ERR,ERR,ERR,ERR,ERR,ERR,ERR,ERR,ERR,ERR,ERR,ERR,ERR,ERR,ERR,ERR,ERR,ERR,ERR,ERR,ERR,ERR,ERR,ERR,ERR,ERR,ERR,ERR,ERR,ERR,ERR,ERR,ERR,ERR,ERR,ERR,ERR,ERR,ERR,ERR,ERR,ERR,ERR,ERR,ERR,ERR,ERR,ERR,ERR,ERR,ERR,ERR,ERR,ERR,ERR,ERR,ERR,ERR,ERR,ERR,ERR,ERR,ERR,ERR,ERR,ERR,ERR,ERR,ERR,ERR,ERR,ERR,ERR,ERR,ERR,ERR,ERR,ERR,ERR,ERR,ERR,ERR,ERR,ERR,ERR,ERR,ERR,ERR,ERR,ERR,ERR,ERR,ERR,ERR,ERR,ERR,ERR,ERR,ERR,ERR,ERR,ERR,ERR,ERR,ERR,ERR,ERR,ERR,ERR,ERR,ERR,ERR,ERR,ERR,ERR,ERR,ERR,ERR,ERR,ERR,0.0,-107615384.0,0.0,0.0,nan,1.3936040501711995e+18,7.805,-5533387829805056.0,0,0,4,48936,6720,14723890282496.0,100,0.0,0.0,0.0,0.0,0.0,0,0,0,0,0.0,0,0,0,0,0,0,0,0,0,0,0,0,0,0,0,0,0,0,0,0,0,0,0,0,0,0,0,0,0,0,0,0,0,26,51,50,76,65476,0,300,0,0,8,21553,0.0,-107605600.0,0.0,0.0,0.0,0.0,0.0,0.0,0.0,0.0,0.0,0.0,0.0,0.0,0.0,0.0,0.0,0.0,0.0,0.0,0.0,0.0,-0.0,-2.004,-0.0,2.004,0.0,0.0,0.0,0.0,4819.0,-3.697183494796791e+19,7260.0,0.0,-107615384.0,2.7184303811560617e+23,0.0,0.0,0.0,0.0,0.0,77,-0.059,0.0,0.0,0.0,0.0,0.0,0.0,0.0,0.0,0,0,0,0.0,0.0,0.0,0.0,0.0,0.0,0.0,0.0,0.0,0.0,0.0,0.0,0.0,0.0,0.0,0.0,0,-107875648.0,77,0.0,154,0.0,-101056864.0,ERR,ERR,ERR,ERR,ERR,ERR,ERR,ERR,ERR,ERR,ERR,ERR,ERR,ERR,ERR,ERR,ERR,ERR,ERR,ERR,ERR,ERR,ERR,ERR,ERR,ERR,ERR,ERR,ERR,ERR,ERR,ERR,ERR,ERR,ERR,ERR,ERR,ERR,ERR,ERR,ERR,ERR,ERR,ERR,ERR,ERR,ERR,ERR,ERR,ERR,ERR,ERR,ERR,ERR,ERR,ERR,ERR,ERR,ERR,ERR,ERR,ERR,ERR,ERR,ERR,ERR,ERR,34.0,80.0,35,0.0,0.0,0.0,0.0,0.0,0.0,0.0,0.0,0.0,0.0,0.0,0.0,0.0,0.0,0.0,0.0,65.6,0,119,58,53,65476,0,300,0,0,8,20529,65476,0,0,57672,80.0,0.0,0.0,0.0,0.0,0.0
2026-06-18T02:52:19,ERR,ERR,ERR,ERR,ERR,ERR,ERR,ERR,ERR,ERR,ERR,ERR,ERR,ERR,ERR,ERR,ERR,ERR,ERR,ERR,ERR,ERR,ERR,ERR,ERR,ERR,ERR,ERR,ERR,ERR,ERR,ERR,ERR,ERR,ERR,ERR,ERR,ERR,ERR,ERR,ERR,ERR,ERR,ERR,ERR,ERR,ERR,ERR,ERR,ERR,ERR,ERR,ERR,ERR,ERR,ERR,ERR,ERR,ERR,ERR,ERR,ERR,ERR,ERR,ERR,ERR,ERR,ERR,ERR,ERR,ERR,ERR,ERR,ERR,ERR,ERR,ERR,ERR,ERR,ERR,ERR,ERR,ERR,ERR,ERR,ERR,ERR,ERR,ERR,ERR,ERR,ERR,ERR,ERR,ERR,ERR,ERR,ERR,ERR,ERR,ERR,ERR,ERR,ERR,ERR,ERR,ERR,ERR,ERR,ERR,ERR,ERR,ERR,ERR,ERR,ERR,ERR,ERR,ERR,ERR,ERR,ERR,ERR,ERR,ERR,0.0,-107615384.0,0.0,0.0,nan,1.3936040501711995e+18,7.805,-5533387829805056.0,0,0,4,48936,6720,14723890282496.0,100,0.0,0.0,0.0,0.0,0.0,0,0,0,0,0.0,0,0,0,0,0,0,0,0,0,0,0,0,0,0,0,0,0,0,0,0,0,0,0,0,0,0,0,0,0,0,0,0,0,26,51,50,76,65476,0,300,0,0,8,21553,0.0,-107605600.0,0.0,0.0,0.0,0.0,0.0,0.0,0.0,0.0,0.0,0.0,0.0,0.0,0.0,0.0,0.0,0.0,0.0,0.0,0.0,0.0,-0.0,-2.004,-0.0,2.004,0.0,0.0,0.0,0.0,4819.0,-3.697183494796791e+19,7260.0,0.0,-107615384.0,2.7184303811560617e+23,0.0,0.0,0.0,0.0,0.0,77,-0.059,0.0,0.0,0.0,0.0,0.0,0.0,0.0,0.0,0,0,0,0.0,0.0,0.0,0.0,0.0,0.0,0.0,0.0,0.0,0.0,0.0,0.0,0.0,0.0,0.0,0.0,0,-107875648.0,77,0.0,154,0.0,-101056864.0,ERR,ERR,ERR,ERR,ERR,ERR,ERR,ERR,ERR,ERR,ERR,ERR,ERR,ERR,ERR,ERR,ERR,ERR,ERR,ERR,ERR,ERR,ERR,ERR,ERR,ERR,ERR,ERR,ERR,ERR,ERR,ERR,ERR,ERR,ERR,ERR,ERR,ERR,ERR,ERR,ERR,ERR,ERR,ERR,ERR,ERR,ERR,ERR,ERR,ERR,ERR,ERR,ERR,ERR,ERR,ERR,ERR,ERR,ERR,ERR,ERR,ERR,ERR,ERR,ERR,ERR,ERR,34.0,80.0,35,0.0,0.0,0.0,0.0,0.0,0.0,0.0,0.0,0.0,0.0,0.0,0.0,0.0,0.0,0.0,0.0,65.6,0,119,58,53,65476,0,300,0,0,8,20529,65476,0,0,57672,80.0,0.0,0.0,0.0,0.0,0.0
2026-06-18T02:52:20,ERR,ERR,ERR,ERR,ERR,ERR,ERR,ERR,ERR,ERR,ERR,ERR,ERR,ERR,ERR,ERR,ERR,ERR,ERR,ERR,ERR,ERR,ERR,ERR,ERR,ERR,ERR,ERR,ERR,ERR,ERR,ERR,ERR,ERR,ERR,ERR,ERR,ERR,ERR,ERR,ERR,ERR,ERR,ERR,ERR,ERR,ERR,ERR,ERR,ERR,ERR,ERR,ERR,ERR,ERR,ERR,ERR,ERR,ERR,ERR,ERR,ERR,ERR,ERR,ERR,ERR,ERR,ERR,ERR,ERR,ERR,ERR,ERR,ERR,ERR,ERR,ERR,ERR,ERR,ERR,ERR,ERR,ERR,ERR,ERR,ERR,ERR,ERR,ERR,ERR,ERR,ERR,ERR,ERR,ERR,ERR,ERR,ERR,ERR,ERR,ERR,ERR,ERR,ERR,ERR,ERR,ERR,ERR,ERR,ERR,ERR,ERR,ERR,ERR,ERR,ERR,ERR,ERR,ERR,ERR,ERR,ERR,ERR,ERR,ERR,0.0,-107615384.0,0.0,-0.0,nan,1.3936040501711995e+18,7.805,2527533.5,0,0,4,48933,6720,14723890282496.0,100,0.0,0.0,0.0,0.0,0.0,0,0,0,0,0.0,0,0,0,0,0,0,0,0,0,0,0,0,0,0,0,0,0,0,0,0,0,0,0,0,0,0,0,0,0,0,0,0,0,26,51,50,76,65476,0,300,0,0,8,21553,0.0,-107605600.0,0.0,0.0,0.0,0.0,0.0,0.0,0.0,0.0,0.0,0.0,0.0,0.0,0.0,0.0,0.0,0.0,0.0,0.0,0.0,0.0,-0.0,-2.004,-0.0,2.004,0.0,0.0,0.0,0.0,4819.0,-0.0,7253.0,0.0,-107615384.0,2.7184303811560617e+23,0.0,0.0,0.0,0.0,0.0,77,-0.059,-152017146216448.0,0.0,0.0,0.0,0.0,0.0,0.0,0.0,0,0,0,0.0,0.0,0.0,0.0,0.0,0.0,0.0,0.0,0.0,0.0,0.0,0.0,0.0,0.0,0.0,0.0,0,-107875648.0,77,0.0,154,0.0,-101056864.0,ERR,ERR,ERR,ERR,ERR,ERR,ERR,ERR,ERR,ERR,ERR,ERR,ERR,ERR,ERR,ERR,ERR,ERR,ERR,ERR,ERR,ERR,ERR,ERR,ERR,ERR,ERR,ERR,ERR,ERR,ERR,ERR,ERR,ERR,ERR,ERR,ERR,ERR,ERR,ERR,ERR,ERR,ERR,ERR,ERR,ERR,ERR,ERR,ERR,ERR,ERR,ERR,ERR,ERR,ERR,ERR,ERR,ERR,ERR,ERR,ERR,ERR,ERR,ERR,ERR,ERR,ERR,34.0,80.0,35,0.0,0.0,0.0,0.0,0.0,0.0,0.0,0.0,0.0,0.0,0.0,0.0,0.0,0.0,0.0,0.0,65.6,0,119,58,53,65476,0,300,0,0,8,20529,65476,0,0,57672,80.0,0.0,0.0,0.0,0.0,0.0
2026-06-18T02:52:21,ERR,ERR,ERR,ERR,ERR,ERR,ERR,ERR,ERR,ERR,ERR,ERR,ERR,ERR,ERR,ERR,ERR,ERR,ERR,ERR,ERR,ERR,ERR,ERR,ERR,ERR,ERR,ERR,ERR,ERR,ERR,ERR,ERR,ERR,ERR,ERR,ERR,ERR,ERR,ERR,ERR,ERR,ERR,ERR,ERR,ERR,ERR,ERR,ERR,ERR,ERR,ERR,ERR,ERR,ERR,ERR,ERR,ERR,ERR,ERR,ERR,ERR,ERR,ERR,ERR,ERR,ERR,ERR,ERR,ERR,ERR,ERR,ERR,ERR,ERR,ERR,ERR,ERR,ERR,ERR,ERR,ERR,ERR,ERR,ERR,ERR,ERR,ERR,ERR,ERR,ERR,ERR,ERR,ERR,ERR,ERR,ERR,ERR,ERR,ERR,ERR,ERR,ERR,ERR,ERR,ERR,ERR,ERR,ERR,ERR,ERR,ERR,ERR,ERR,ERR,ERR,ERR,ERR,ERR,ERR,ERR,ERR,ERR,ERR,ERR,0.0,-107615384.0,0.0,-0.0,nan,1.3936040501711995e+18,7.805,2527533.5,0,0,4,48933,6720,14723890282496.0,100,0.0,0.0,0.0,0.0,0.0,0,0,0,0,0.0,0,0,0,0,0,0,0,0,0,0,0,0,0,0,0,0,0,0,0,0,0,0,0,0,0,0,0,0,0,0,0,0,0,26,51,50,76,65476,0,300,0,0,8,21553,0.0,-107605600.0,0.0,0.0,0.0,0.0,0.0,0.0,0.0,0.0,0.0,0.0,0.0,0.0,0.0,0.0,0.0,0.0,0.0,0.0,0.0,0.0,-0.0,-2.004,-0.0,2.004,0.0,0.0,0.0,0.0,4819.0,-0.0,7253.0,0.0,-107615384.0,2.7184303811560617e+23,0.0,0.0,0.0,0.0,0.0,77,-0.059,-152017146216448.0,0.0,0.0,0.0,0.0,0.0,0.0,0.0,0,0,0,0.0,0.0,0.0,0.0,0.0,0.0,0.0,0.0,0.0,0.0,0.0,0.0,0.0,0.0,0.0,0.0,0,-107875648.0,77,0.0,154,0.0,-101056864.0,ERR,ERR,ERR,ERR,ERR,ERR,ERR,ERR,ERR,ERR,ERR,ERR,ERR,ERR,ERR,ERR,ERR,ERR,ERR,ERR,ERR,ERR,ERR,ERR,ERR,ERR,ERR,ERR,ERR,ERR,ERR,ERR,ERR,ERR,ERR,ERR,ERR,ERR,ERR,ERR,ERR,ERR,ERR,ERR,ERR,ERR,ERR,ERR,ERR,ERR,ERR,ERR,ERR,ERR,ERR,ERR,ERR,ERR,ERR,ERR,ERR,ERR,ERR,ERR,ERR,ERR,ERR,34.0,80.0,35,0.0,0.0,0.0,0.0,0.0,0.0,0.0,0.0,0.0,0.0,0.0,0.0,0.0,0.0,0.0,0.0,65.6,0,119,58,53,65476,0,300,0,0,8,20529,65476,0,0,57672,80.0,0.0,0.0,0.0,0.0,0.0
2026-06-18T02:52:22,ERR,ERR,ERR,ERR,ERR,ERR,ERR,ERR,ERR,ERR,ERR,ERR,ERR,ERR,ERR,ERR,ERR,ERR,ERR,ERR,ERR,ERR,ERR,ERR,ERR,ERR,ERR,ERR,ERR,ERR,ERR,ERR,ERR,ERR,ERR,ERR,ERR,ERR,ERR,ERR,ERR,ERR,ERR,ERR,ERR,ERR,ERR,ERR,ERR,ERR,ERR,ERR,ERR,ERR,ERR,ERR,ERR,ERR,ERR,ERR,ERR,ERR,ERR,ERR,ERR,ERR,ERR,ERR,ERR,ERR,ERR,ERR,ERR,ERR,ERR,ERR,ERR,ERR,ERR,ERR,ERR,ERR,ERR,ERR,ERR,ERR,ERR,ERR,ERR,ERR,ERR,ERR,ERR,ERR,ERR,ERR,ERR,ERR,ERR,ERR,ERR,ERR,ERR,ERR,ERR,ERR,ERR,ERR,ERR,ERR,ERR,ERR,ERR,ERR,ERR,ERR,ERR,ERR,ERR,ERR,ERR,ERR,ERR,ERR,ERR,0.0,-107615384.0,0.0,-0.0,nan,1.3936040501711995e+18,7.805,2527533.5,0,0,4,48933,6720,14723890282496.0,100,0.0,0.0,0.0,0.0,0.0,0,0,0,0,0.0,0,0,0,0,0,0,0,0,0,0,0,0,0,0,0,0,0,0,0,0,0,0,0,0,0,0,0,0,0,0,0,0,0,26,51,50,76,65476,0,300,0,0,8,21553,0.0,-107605600.0,0.0,0.0,0.0,0.0,0.0,0.0,0.0,0.0,0.0,0.0,0.0,0.0,0.0,0.0,0.0,0.0,0.0,0.0,0.0,0.0,-0.0,-2.004,-0.0,2.004,0.0,0.0,0.0,0.0,4819.0,-0.0,7253.0,0.0,-107615384.0,2.7184303811560617e+23,0.0,0.0,0.0,0.0,0.0,77,-0.059,-152017146216448.0,0.0,0.0,0.0,0.0,0.0,0.0,0.0,0,0,0,0.0,0.0,0.0,0.0,0.0,0.0,0.0,0.0,0.0,0.0,0.0,0.0,0.0,0.0,0.0,0.0,0,-107875648.0,77,0.0,154,0.0,-101056864.0,ERR,ERR,ERR,ERR,ERR,ERR,ERR,ERR,ERR,ERR,ERR,ERR,ERR,ERR,ERR,ERR,ERR,ERR,ERR,ERR,ERR,ERR,ERR,ERR,ERR,ERR,ERR,ERR,ERR,ERR,ERR,ERR,ERR,ERR,ERR,ERR,ERR,ERR,ERR,ERR,ERR,ERR,ERR,ERR,ERR,ERR,ERR,ERR,ERR,ERR,ERR,ERR,ERR,ERR,ERR,ERR,ERR,ERR,ERR,ERR,ERR,ERR,ERR,ERR,ERR,ERR,ERR,34.0,80.0,35,0.0,0.0,0.0,0.0,0.0,0.0,0.0,0.0,0.0,0.0,0.0,0.0,0.0,0.0,0.0,0.0,65.6,0,119,58,53,65476,0,300,0,0,8,20529,65476,0,0,57672,80.0,0.0,0.0,0.0,0.0,0.0
2026-06-18T02:52:23,ERR,ERR,ERR,ERR,ERR,ERR,ERR,ERR,ERR,ERR,ERR,ERR,ERR,ERR,ERR,ERR,ERR,ERR,ERR,ERR,ERR,ERR,ERR,ERR,ERR,ERR,ERR,ERR,ERR,ERR,ERR,ERR,ERR,ERR,ERR,ERR,ERR,ERR,ERR,ERR,ERR,ERR,ERR,ERR,ERR,ERR,ERR,ERR,ERR,ERR,ERR,ERR,ERR,ERR,ERR,ERR,ERR,ERR,ERR,ERR,ERR,ERR,ERR,ERR,ERR,ERR,ERR,ERR,ERR,ERR,ERR,ERR,ERR,ERR,ERR,ERR,ERR,ERR,ERR,ERR,ERR,ERR,ERR,ERR,ERR,ERR,ERR,ERR,ERR,ERR,ERR,ERR,ERR,ERR,ERR,ERR,ERR,ERR,ERR,ERR,ERR,ERR,ERR,ERR,ERR,ERR,ERR,ERR,ERR,ERR,ERR,ERR,ERR,ERR,ERR,ERR,ERR,ERR,ERR,ERR,ERR,ERR,ERR,ERR,ERR,0.0,-107615384.0,0.0,-0.0,nan,1.3936040501711995e+18,7.805,2527533.5,0,0,4,48933,6720,14723890282496.0,100,0.0,0.0,0.0,0.0,0.0,0,0,0,0,0.0,0,0,0,0,0,0,0,0,0,0,0,0,0,0,0,0,0,0,0,0,0,0,0,0,0,0,0,0,0,0,0,0,0,26,51,50,76,65476,0,300,0,0,8,21553,0.0,-107605600.0,0.0,0.0,0.0,0.0,0.0,0.0,0.0,0.0,0.0,0.0,0.0,0.0,0.0,0.0,0.0,0.0,0.0,0.0,0.0,0.0,-0.0,-2.004,-0.0,2.004,0.0,0.0,0.0,0.0,4819.0,-0.0,7253.0,0.0,-107615384.0,2.7184303811560617e+23,0.0,0.0,0.0,0.0,0.0,77,-0.059,-152017146216448.0,0.0,0.0,0.0,0.0,0.0,0.0,0.0,0,0,0,0.0,0.0,0.0,0.0,0.0,0.0,0.0,0.0,0.0,0.0,0.0,0.0,0.0,0.0,0.0,0.0,0,-107875648.0,77,0.0,154,0.0,-101056864.0,ERR,ERR,ERR,ERR,ERR,ERR,ERR,ERR,ERR,ERR,ERR,ERR,ERR,ERR,ERR,ERR,ERR,ERR,ERR,ERR,ERR,ERR,ERR,ERR,ERR,ERR,ERR,ERR,ERR,ERR,ERR,ERR,ERR,ERR,ERR,ERR,ERR,ERR,ERR,ERR,ERR,ERR,ERR,ERR,ERR,ERR,ERR,ERR,ERR,ERR,ERR,ERR,ERR,ERR,ERR,ERR,ERR,ERR,ERR,ERR,ERR,ERR,ERR,ERR,ERR,ERR,ERR,34.0,80.0,35,0.0,0.0,0.0,0.0,0.0,0.0,0.0,0.0,0.0,0.0,0.0,0.0,0.0,0.0,0.0,0.0,65.6,0,119,58,53,65476,0,300,0,0,8,20529,65476,0,0,57672,80.0,0.0,0.0,0.0,0.0,0.0
2026-06-18T02:52:24,ERR,ERR,ERR,ERR,ERR,ERR,ERR,ERR,ERR,ERR,ERR,ERR,ERR,ERR,ERR,ERR,ERR,ERR,ERR,ERR,ERR,ERR,ERR,ERR,ERR,ERR,ERR,ERR,ERR,ERR,ERR,ERR,ERR,ERR,ERR,ERR,ERR,ERR,ERR,ERR,ERR,ERR,ERR,ERR,ERR,ERR,ERR,ERR,ERR,ERR,ERR,ERR,ERR,ERR,ERR,ERR,ERR,ERR,ERR,ERR,ERR,ERR,ERR,ERR,ERR,ERR,ERR,ERR,ERR,ERR,ERR,ERR,ERR,ERR,ERR,ERR,ERR,ERR,ERR,ERR,ERR,ERR,ERR,ERR,ERR,ERR,ERR,ERR,ERR,ERR,ERR,ERR,ERR,ERR,ERR,ERR,ERR,ERR,ERR,ERR,ERR,ERR,ERR,ERR,ERR,ERR,ERR,ERR,ERR,ERR,ERR,ERR,ERR,ERR,ERR,ERR,ERR,ERR,ERR,ERR,ERR,ERR,ERR,ERR,ERR,0.0,-107615384.0,0.0,-0.0,nan,1.3936040501711995e+18,7.805,2527533.5,0,0,4,48933,6720,14723890282496.0,100,0.0,0.0,0.0,0.0,0.0,0,0,0,0,0.0,0,0,0,0,0,0,0,0,0,0,0,0,0,0,0,0,0,0,0,0,0,0,0,0,0,0,0,0,0,0,0,0,0,26,51,50,76,65476,0,300,0,0,8,21553,0.0,-107605600.0,0.0,0.0,0.0,0.0,0.0,0.0,0.0,0.0,0.0,0.0,0.0,0.0,0.0,0.0,0.0,0.0,0.0,0.0,0.0,0.0,-0.0,-2.004,-0.0,2.004,0.0,0.0,0.0,0.0,4819.0,-0.0,7253.0,0.0,-107615384.0,2.7184303811560617e+23,0.0,0.0,0.0,0.0,0.0,77,-0.059,-152017146216448.0,0.0,0.0,0.0,0.0,0.0,0.0,0.0,0,0,0,0.0,0.0,0.0,0.0,0.0,0.0,0.0,0.0,0.0,0.0,0.0,0.0,0.0,0.0,0.0,0.0,0,-107875648.0,77,0.0,154,0.0,-101056864.0,ERR,ERR,ERR,ERR,ERR,ERR,ERR,ERR,ERR,ERR,ERR,ERR,ERR,ERR,ERR,ERR,ERR,ERR,ERR,ERR,ERR,ERR,ERR,ERR,ERR,ERR,ERR,ERR,ERR,ERR,ERR,ERR,ERR,ERR,ERR,ERR,ERR,ERR,ERR,ERR,ERR,ERR,ERR,ERR,ERR,ERR,ERR,ERR,ERR,ERR,ERR,ERR,ERR,ERR,ERR,ERR,ERR,ERR,ERR,ERR,ERR,ERR,ERR,ERR,ERR,ERR,ERR,34.0,80.0,35,0.0,0.0,0.0,0.0,0.0,0.0,0.0,0.0,0.0,0.0,0.0,0.0,0.0,0.0,0.0,0.0,65.6,0,119,58,53,65476,0,300,0,0,8,20529,65476,0,0,57672,80.0,0.0,0.0,0.0,0.0,0.0
2026-06-18T02:52:25,ERR,ERR,ERR,ERR,ERR,ERR,ERR,ERR,ERR,ERR,ERR,ERR,ERR,ERR,ERR,ERR,ERR,ERR,ERR,ERR,ERR,ERR,ERR,ERR,ERR,ERR,ERR,ERR,ERR,ERR,ERR,ERR,ERR,ERR,ERR,ERR,ERR,ERR,ERR,ERR,ERR,ERR,ERR,ERR,ERR,ERR,ERR,ERR,ERR,ERR,ERR,ERR,ERR,ERR,ERR,ERR,ERR,ERR,ERR,ERR,ERR,ERR,ERR,ERR,ERR,ERR,ERR,ERR,ERR,ERR,ERR,ERR,ERR,ERR,ERR,ERR,ERR,ERR,ERR,ERR,ERR,ERR,ERR,ERR,ERR,ERR,ERR,ERR,ERR,ERR,ERR,ERR,ERR,ERR,ERR,ERR,ERR,ERR,ERR,ERR,ERR,ERR,ERR,ERR,ERR,ERR,ERR,ERR,ERR,ERR,ERR,ERR,ERR,ERR,ERR,ERR,ERR,ERR,ERR,ERR,ERR,ERR,ERR,ERR,ERR,0.0,-107615384.0,-0.0,-152005385388032.0,nan,1.3936040501711995e+18,7.805,-1161942663168.0,0,0,4,48936,6720,14723890282496.0,100,0.0,0.0,0.0,2.718290229135658e+23,0.0,0,0,0,0,0.0,0,0,0,0,0,0,0,0,0,0,0,0,0,0,0,0,0,0,0,0,0,0,0,0,0,0,0,0,0,0,0,0,0,26,51,50,76,65476,0,300,0,0,8,21553,0.0,-107605600.0,0.0,0.0,0.0,0.0,0.0,0.0,0.0,0.0,0.0,0.0,0.0,0.0,0.0,0.0,0.0,0.0,0.0,0.0,0.0,0.0,-0.0,-2.004,-0.0,2.004,0.0,0.0,0.0,0.0,4818.0,-0.0,7254.0,0.0,-107615384.0,2.7184303811560617e+23,0.0,0.0,0.0,0.0,0.0,77,-0.0,-2.308826643966827e+20,0.0,0.0,0.0,0.0,0.0,0.0,0.0,0,0,0,0.0,0.0,0.0,0.0,0.0,0.0,0.0,0.0,0.0,0.0,0.0,0.0,0.0,0.0,0.0,0.0,0,-107875648.0,77,0.0,154,0.0,-101056864.0,ERR,ERR,ERR,ERR,ERR,ERR,ERR,ERR,ERR,ERR,ERR,ERR,ERR,ERR,ERR,ERR,ERR,ERR,ERR,ERR,ERR,ERR,ERR,ERR,ERR,ERR,ERR,ERR,ERR,ERR,ERR,ERR,ERR,ERR,ERR,ERR,ERR,ERR,ERR,ERR,ERR,ERR,ERR,ERR,ERR,ERR,ERR,ERR,ERR,ERR,ERR,ERR,ERR,ERR,ERR,ERR,ERR,ERR,ERR,ERR,ERR,ERR,ERR,ERR,ERR,ERR,ERR,34.0,80.0,35,0.0,0.0,0.0,0.0,0.0,0.0,0.0,0.0,0.0,0.0,0.0,0.0,0.0,0.0,0.0,0.0,65.6,0,119,58,53,65476,0,300,0,0,8,20529,65476,0,0,57672,80.0,0.0,0.0,0.0,0.0,0.0
2026-06-18T02:52:26,ERR,ERR,ERR,ERR,ERR,ERR,ERR,ERR,ERR,ERR,ERR,ERR,ERR,ERR,ERR,ERR,ERR,ERR,ERR,ERR,ERR,ERR,ERR,ERR,ERR,ERR,ERR,ERR,ERR,ERR,ERR,ERR,ERR,ERR,ERR,ERR,ERR,ERR,ERR,ERR,ERR,ERR,ERR,ERR,ERR,ERR,ERR,ERR,ERR,ERR,ERR,ERR,ERR,ERR,ERR,ERR,ERR,ERR,ERR,ERR,ERR,ERR,ERR,ERR,ERR,ERR,ERR,ERR,ERR,ERR,ERR,ERR,ERR,ERR,ERR,ERR,ERR,ERR,ERR,ERR,ERR,ERR,ERR,ERR,ERR,ERR,ERR,ERR,ERR,ERR,ERR,ERR,ERR,ERR,ERR,ERR,ERR,ERR,ERR,ERR,ERR,ERR,ERR,ERR,ERR,ERR,ERR,ERR,ERR,ERR,ERR,ERR,ERR,ERR,ERR,ERR,ERR,ERR,ERR,ERR,ERR,ERR,ERR,ERR,ERR,0.0,-107615384.0,-0.0,-152005385388032.0,nan,1.3936040501711995e+18,7.805,-1161942663168.0,0,0,4,48936,6720,14723890282496.0,100,0.0,0.0,0.0,2.718290229135658e+23,0.0,0,0,0,0,0.0,0,0,0,0,0,0,0,0,0,0,0,0,0,0,0,0,0,0,0,0,0,0,0,0,0,0,0,0,0,0,0,0,0,26,51,50,76,65476,0,300,0,0,8,21553,0.0,-107605600.0,0.0,0.0,0.0,0.0,0.0,0.0,0.0,0.0,0.0,0.0,0.0,0.0,0.0,0.0,0.0,0.0,0.0,0.0,0.0,0.0,-0.0,-2.004,-0.0,2.004,0.0,0.0,0.0,0.0,4818.0,-0.0,7254.0,0.0,-107615384.0,2.7184303811560617e+23,0.0,0.0,0.0,0.0,0.0,77,-0.0,-2.308826643966827e+20,0.0,0.0,0.0,0.0,0.0,0.0,0.0,0,0,0,0.0,0.0,0.0,0.0,0.0,0.0,0.0,0.0,0.0,0.0,0.0,0.0,0.0,0.0,0.0,0.0,0,-107875648.0,77,0.0,154,0.0,-101056864.0,ERR,ERR,ERR,ERR,ERR,ERR,ERR,ERR,ERR,ERR,ERR,ERR,ERR,ERR,ERR,ERR,ERR,ERR,ERR,ERR,ERR,ERR,ERR,ERR,ERR,ERR,ERR,ERR,ERR,ERR,ERR,ERR,ERR,ERR,ERR,ERR,ERR,ERR,ERR,ERR,ERR,ERR,ERR,ERR,ERR,ERR,ERR,ERR,ERR,ERR,ERR,ERR,ERR,ERR,ERR,ERR,ERR,ERR,ERR,ERR,ERR,ERR,ERR,ERR,ERR,ERR,ERR,34.0,80.0,35,0.0,0.0,0.0,0.0,0.0,0.0,0.0,0.0,0.0,0.0,0.0,0.0,0.0,0.0,0.0,0.0,65.6,0,119,58,53,65476,0,300,0,0,8,20529,65476,0,0,57672,80.0,0.0,0.0,0.0,0.0,0.0
2026-06-18T02:52:27,ERR,ERR,ERR,ERR,ERR,ERR,ERR,ERR,ERR,ERR,ERR,ERR,ERR,ERR,ERR,ERR,ERR,ERR,ERR,ERR,ERR,ERR,ERR,ERR,ERR,ERR,ERR,ERR,ERR,ERR,ERR,ERR,ERR,ERR,ERR,ERR,ERR,ERR,ERR,ERR,ERR,ERR,ERR,ERR,ERR,ERR,ERR,ERR,ERR,ERR,ERR,ERR,ERR,ERR,ERR,ERR,ERR,ERR,ERR,ERR,ERR,ERR,ERR,ERR,ERR,ERR,ERR,ERR,ERR,ERR,ERR,ERR,ERR,ERR,ERR,ERR,ERR,ERR,ERR,ERR,ERR,ERR,ERR,ERR,ERR,ERR,ERR,ERR,ERR,ERR,ERR,ERR,ERR,ERR,ERR,ERR,ERR,ERR,ERR,ERR,ERR,ERR,ERR,ERR,ERR,ERR,ERR,ERR,ERR,ERR,ERR,ERR,ERR,ERR,ERR,ERR,ERR,ERR,ERR,ERR,ERR,ERR,ERR,ERR,ERR,0.0,-107615384.0,-0.0,-152005385388032.0,nan,1.3936040501711995e+18,7.805,-1161942663168.0,0,0,4,48936,6720,14723890282496.0,100,0.0,0.0,0.0,2.718290229135658e+23,0.0,0,0,0,0,0.0,0,0,0,0,0,0,0,0,0,0,0,0,0,0,0,0,0,0,0,0,0,0,0,0,0,0,0,0,0,0,0,0,0,26,51,50,76,65476,0,300,0,0,8,21553,0.0,-107605600.0,0.0,0.0,0.0,0.0,0.0,0.0,0.0,0.0,0.0,0.0,0.0,0.0,0.0,0.0,0.0,0.0,0.0,0.0,0.0,0.0,-0.0,-2.004,-0.0,2.004,0.0,0.0,0.0,0.0,4818.0,-0.0,7254.0,0.0,-107615384.0,2.7184303811560617e+23,0.0,0.0,0.0,0.0,0.0,77,-0.0,-2.308826643966827e+20,0.0,0.0,0.0,0.0,0.0,0.0,0.0,0,0,0,0.0,0.0,0.0,0.0,0.0,0.0,0.0,0.0,0.0,0.0,0.0,0.0,0.0,0.0,0.0,0.0,0,-107875648.0,77,0.0,154,0.0,-101056864.0,ERR,ERR,ERR,ERR,ERR,ERR,ERR,ERR,ERR,ERR,ERR,ERR,ERR,ERR,ERR,ERR,ERR,ERR,ERR,ERR,ERR,ERR,ERR,ERR,ERR,ERR,ERR,ERR,ERR,ERR,ERR,ERR,ERR,ERR,ERR,ERR,ERR,ERR,ERR,ERR,ERR,ERR,ERR,ERR,ERR,ERR,ERR,ERR,ERR,ERR,ERR,ERR,ERR,ERR,ERR,ERR,ERR,ERR,ERR,ERR,ERR,ERR,ERR,ERR,ERR,ERR,ERR,34.0,80.0,35,0.0,0.0,0.0,0.0,0.0,0.0,0.0,0.0,0.0,0.0,0.0,0.0,0.0,0.0,0.0,0.0,66.0,0,119,58,53,65476,0,300,0,0,8,20529,65476,0,0,57672,80.0,0.0,0.0,0.0,0.0,0.0
2026-06-18T02:52:28,ERR,ERR,ERR,ERR,ERR,ERR,ERR,ERR,ERR,ERR,ERR,ERR,ERR,ERR,ERR,ERR,ERR,ERR,ERR,ERR,ERR,ERR,ERR,ERR,ERR,ERR,ERR,ERR,ERR,ERR,ERR,ERR,ERR,ERR,ERR,ERR,ERR,ERR,ERR,ERR,ERR,ERR,ERR,ERR,ERR,ERR,ERR,ERR,ERR,ERR,ERR,ERR,ERR,ERR,ERR,ERR,ERR,ERR,ERR,ERR,ERR,ERR,ERR,ERR,ERR,ERR,ERR,ERR,ERR,ERR,ERR,ERR,ERR,ERR,ERR,ERR,ERR,ERR,ERR,ERR,ERR,ERR,ERR,ERR,ERR,ERR,ERR,ERR,ERR,ERR,ERR,ERR,ERR,ERR,ERR,ERR,ERR,ERR,ERR,ERR,ERR,ERR,ERR,ERR,ERR,ERR,ERR,ERR,ERR,ERR,ERR,ERR,ERR,ERR,ERR,ERR,ERR,ERR,ERR,ERR,ERR,ERR,ERR,ERR,ERR,0.0,-107615384.0,-0.0,-152005385388032.0,nan,1.3936040501711995e+18,7.805,-1161942663168.0,0,0,4,48936,6720,14723890282496.0,100,0.0,0.0,0.0,2.718290229135658e+23,0.0,0,0,0,0,0.0,0,0,0,0,0,0,0,0,0,0,0,0,0,0,0,0,0,0,0,0,0,0,0,0,0,0,0,0,0,0,0,0,0,26,51,50,76,65476,0,300,0,0,8,21553,0.0,-107605600.0,0.0,0.0,0.0,0.0,0.0,0.0,0.0,0.0,0.0,0.0,0.0,0.0,0.0,0.0,0.0,0.0,0.0,0.0,0.0,0.0,-0.0,-2.004,-0.0,2.004,0.0,0.0,0.0,0.0,4818.0,-0.0,7254.0,0.0,-107615384.0,2.7184303811560617e+23,0.0,0.0,0.0,0.0,0.0,77,-0.0,-2.308826643966827e+20,0.0,0.0,0.0,0.0,0.0,0.0,0.0,0,0,0,0.0,0.0,0.0,0.0,0.0,0.0,0.0,0.0,0.0,0.0,0.0,0.0,0.0,0.0,0.0,0.0,0,-107875648.0,77,0.0,154,0.0,-101056864.0,ERR,ERR,ERR,ERR,ERR,ERR,ERR,ERR,ERR,ERR,ERR,ERR,ERR,ERR,ERR,ERR,ERR,ERR,ERR,ERR,ERR,ERR,ERR,ERR,ERR,ERR,ERR,ERR,ERR,ERR,ERR,ERR,ERR,ERR,ERR,ERR,ERR,ERR,ERR,ERR,ERR,ERR,ERR,ERR,ERR,ERR,ERR,ERR,ERR,ERR,ERR,ERR,ERR,ERR,ERR,ERR,ERR,ERR,ERR,ERR,ERR,ERR,ERR,ERR,ERR,ERR,ERR,34.0,80.0,35,0.0,0.0,0.0,0.0,0.0,0.0,0.0,0.0,0.0,0.0,0.0,0.0,0.0,0.0,0.0,0.0,66.0,0,119,58,53,65476,0,300,0,0,8,20529,65476,0,0,57672,80.0,0.0,0.0,0.0,0.0,0.0
2026-06-18T02:52:29,ERR,ERR,ERR,ERR,ERR,ERR,ERR,ERR,ERR,ERR,ERR,ERR,ERR,ERR,ERR,ERR,ERR,ERR,ERR,ERR,ERR,ERR,ERR,ERR,ERR,ERR,ERR,ERR,ERR,ERR,ERR,ERR,ERR,ERR,ERR,ERR,ERR,ERR,ERR,ERR,ERR,ERR,ERR,ERR,ERR,ERR,ERR,ERR,ERR,ERR,ERR,ERR,ERR,ERR,ERR,ERR,ERR,ERR,ERR,ERR,ERR,ERR,ERR,ERR,ERR,ERR,ERR,ERR,ERR,ERR,ERR,ERR,ERR,ERR,ERR,ERR,ERR,ERR,ERR,ERR,ERR,ERR,ERR,ERR,ERR,ERR,ERR,ERR,ERR,ERR,ERR,ERR,ERR,ERR,ERR,ERR,ERR,ERR,ERR,ERR,ERR,ERR,ERR,ERR,ERR,ERR,ERR,ERR,ERR,ERR,ERR,ERR,ERR,ERR,ERR,ERR,ERR,ERR,ERR,ERR,ERR,ERR,ERR,ERR,ERR,0.0,-107615384.0,-0.0,-152005385388032.0,nan,1.3936040501711995e+18,7.805,-1161942663168.0,0,0,4,48936,6720,14723890282496.0,100,0.0,0.0,0.0,2.718290229135658e+23,0.0,0,0,0,0,0.0,0,0,0,0,0,0,0,0,0,0,0,0,0,0,0,0,0,0,0,0,0,0,0,0,0,0,0,0,0,0,0,0,0,26,51,50,76,65476,0,300,0,0,8,21553,0.0,-107605600.0,0.0,0.0,0.0,0.0,0.0,0.0,0.0,0.0,0.0,0.0,0.0,0.0,0.0,0.0,0.0,0.0,0.0,0.0,0.0,0.0,-0.0,-2.004,-0.0,2.004,0.0,0.0,0.0,0.0,4818.0,-0.0,7254.0,0.0,-107615384.0,2.7184303811560617e+23,0.0,0.0,0.0,0.0,0.0,77,-0.0,-2.308826643966827e+20,0.0,0.0,0.0,0.0,0.0,0.0,0.0,0,0,0,0.0,0.0,0.0,0.0,0.0,0.0,0.0,0.0,0.0,0.0,0.0,0.0,0.0,0.0,0.0,0.0,0,-107875648.0,77,0.0,154,0.0,-101056864.0,ERR,ERR,ERR,ERR,ERR,ERR,ERR,ERR,ERR,ERR,ERR,ERR,ERR,ERR,ERR,ERR,ERR,ERR,ERR,ERR,ERR,ERR,ERR,ERR,ERR,ERR,ERR,ERR,ERR,ERR,ERR,ERR,ERR,ERR,ERR,ERR,ERR,ERR,ERR,ERR,ERR,ERR,ERR,ERR,ERR,ERR,ERR,ERR,ERR,ERR,ERR,ERR,ERR,ERR,ERR,ERR,ERR,ERR,ERR,ERR,ERR,ERR,ERR,ERR,ERR,ERR,ERR,34.0,80.0,35,0.0,0.0,0.0,0.0,0.0,0.0,0.0,0.0,0.0,0.0,0.0,0.0,0.0,0.0,0.0,0.0,65.6,0,119,58,53,65476,0,300,0,0,8,20529,65476,0,0,57672,80.0,0.0,0.0,0.0,0.0,0.0
2026-06-18T02:52:30,ERR,ERR,ERR,ERR,ERR,ERR,ERR,ERR,ERR,ERR,ERR,ERR,ERR,ERR,ERR,ERR,ERR,ERR,ERR,ERR,ERR,ERR,ERR,ERR,ERR,ERR,ERR,ERR,ERR,ERR,ERR,ERR,ERR,ERR,ERR,ERR,ERR,ERR,ERR,ERR,ERR,ERR,ERR,ERR,ERR,ERR,ERR,ERR,ERR,ERR,ERR,ERR,ERR,ERR,ERR,ERR,ERR,ERR,ERR,ERR,ERR,ERR,ERR,ERR,ERR,ERR,ERR,ERR,ERR,ERR,ERR,ERR,ERR,ERR,ERR,ERR,ERR,ERR,ERR,ERR,ERR,ERR,ERR,ERR,ERR,ERR,ERR,ERR,ERR,ERR,ERR,ERR,ERR,ERR,ERR,ERR,ERR,ERR,ERR,ERR,ERR,ERR,ERR,ERR,ERR,ERR,ERR,ERR,ERR,ERR,ERR,ERR,ERR,ERR,ERR,ERR,ERR,ERR,ERR,ERR,ERR,ERR,ERR,ERR,ERR,0.0,-107615384.0,0.0,2.718290229135658e+23,-1.592,1.3936040501711995e+18,7.805,-0.0,0,0,4,48933,6720,14723890282496.0,100,0.0,0.0,0.0,0.0,0.0,0,0,0,0,0.0,0,0,0,0,0,0,0,0,0,0,0,0,0,0,0,0,0,0,0,0,0,0,0,0,0,0,0,0,0,0,0,0,0,26,51,50,76,65476,0,300,0,0,8,21553,0.0,-107605600.0,0.0,0.0,0.0,0.0,0.0,0.0,0.0,0.0,0.0,0.0,0.0,0.0,0.0,0.0,0.0,0.0,0.0,0.0,0.0,0.0,2.004,-2.004,-0.0,2.004,0.0,0.0,0.0,0.0,4817.0,-131350.344,7257.0,0.0,-107615384.0,2.7184303811560617e+23,0.0,0.0,0.0,0.0,0.0,77,-0.0,0.0,0.0,0.0,0.0,0.0,0.0,0.0,0.0,0,0,0,0.0,0.0,0.0,0.0,0.0,0.0,0.0,0.0,0.0,0.0,0.0,0.0,0.0,0.0,0.0,0.0,0,-107875648.0,77,0.0,154,0.0,-101056864.0,ERR,ERR,ERR,ERR,ERR,ERR,ERR,ERR,ERR,ERR,ERR,ERR,ERR,ERR,ERR,ERR,ERR,ERR,ERR,ERR,ERR,ERR,ERR,ERR,ERR,ERR,ERR,ERR,ERR,ERR,ERR,ERR,ERR,ERR,ERR,ERR,ERR,ERR,ERR,ERR,ERR,ERR,ERR,ERR,ERR,ERR,ERR,ERR,ERR,ERR,ERR,ERR,ERR,ERR,ERR,ERR,ERR,ERR,ERR,ERR,ERR,ERR,ERR,ERR,ERR,ERR,ERR,34.0,80.0,35,0.0,0.0,0.0,0.0,0.0,0.0,0.0,0.0,0.0,0.0,0.0,0.0,0.0,0.0,0.0,0.0,65.6,0,119,58,53,65476,0,300,0,0,8,20529,65476,0,0,57672,80.0,0.0,0.0,0.0,0.0,0.0
2026-06-18T02:52:31,ERR,ERR,ERR,ERR,ERR,ERR,ERR,ERR,ERR,ERR,ERR,ERR,ERR,ERR,ERR,ERR,ERR,ERR,ERR,ERR,ERR,ERR,ERR,ERR,ERR,ERR,ERR,ERR,ERR,ERR,ERR,ERR,ERR,ERR,ERR,ERR,ERR,ERR,ERR,ERR,ERR,ERR,ERR,ERR,ERR,ERR,ERR,ERR,ERR,ERR,ERR,ERR,ERR,ERR,ERR,ERR,ERR,ERR,ERR,ERR,ERR,ERR,ERR,ERR,ERR,ERR,ERR,ERR,ERR,ERR,ERR,ERR,ERR,ERR,ERR,ERR,ERR,ERR,ERR,ERR,ERR,ERR,ERR,ERR,ERR,ERR,ERR,ERR,ERR,ERR,ERR,ERR,ERR,ERR,ERR,ERR,ERR,ERR,ERR,ERR,ERR,ERR,ERR,ERR,ERR,ERR,ERR,ERR,ERR,ERR,ERR,ERR,ERR,ERR,ERR,ERR,ERR,ERR,ERR,ERR,ERR,ERR,ERR,ERR,ERR,0.0,-107615384.0,0.0,2.718290229135658e+23,-1.592,1.3936040501711995e+18,7.805,-0.0,0,0,4,48933,6720,14723890282496.0,100,0.0,0.0,0.0,0.0,0.0,0,0,0,0,0.0,0,0,0,0,0,0,0,0,0,0,0,0,0,0,0,0,0,0,0,0,0,0,0,0,0,0,0,0,0,0,0,0,0,26,51,50,76,65476,0,300,0,0,8,21553,0.0,-107605600.0,0.0,0.0,0.0,0.0,0.0,0.0,0.0,0.0,0.0,0.0,0.0,0.0,0.0,0.0,0.0,0.0,0.0,0.0,0.0,0.0,2.004,-2.004,-0.0,2.004,0.0,0.0,0.0,0.0,4817.0,-131350.344,7257.0,0.0,-107615384.0,2.7184303811560617e+23,0.0,0.0,0.0,0.0,0.0,77,-0.0,0.0,0.0,0.0,0.0,0.0,0.0,0.0,0.0,0,0,0,0.0,0.0,0.0,0.0,0.0,0.0,0.0,0.0,0.0,0.0,0.0,0.0,0.0,0.0,0.0,0.0,0,-107875648.0,77,0.0,154,0.0,-101056864.0,ERR,ERR,ERR,ERR,ERR,ERR,ERR,ERR,ERR,ERR,ERR,ERR,ERR,ERR,ERR,ERR,ERR,ERR,ERR,ERR,ERR,ERR,ERR,ERR,ERR,ERR,ERR,ERR,ERR,ERR,ERR,ERR,ERR,ERR,ERR,ERR,ERR,ERR,ERR,ERR,ERR,ERR,ERR,ERR,ERR,ERR,ERR,ERR,ERR,ERR,ERR,ERR,ERR,ERR,ERR,ERR,ERR,ERR,ERR,ERR,ERR,ERR,ERR,ERR,ERR,ERR,ERR,34.0,80.0,35,0.0,0.0,0.0,0.0,0.0,0.0,0.0,0.0,0.0,0.0,0.0,0.0,0.0,0.0,0.0,0.0,66.0,0,119,58,53,65476,0,300,0,0,8,20529,65476,0,0,57672,80.0,0.0,0.0,0.0,0.0,0.0
2026-06-18T02:52:32,ERR,ERR,ERR,ERR,ERR,ERR,ERR,ERR,ERR,ERR,ERR,ERR,ERR,ERR,ERR,ERR,ERR,ERR,ERR,ERR,ERR,ERR,ERR,ERR,ERR,ERR,ERR,ERR,ERR,ERR,ERR,ERR,ERR,ERR,ERR,ERR,ERR,ERR,ERR,ERR,ERR,ERR,ERR,ERR,ERR,ERR,ERR,ERR,ERR,ERR,ERR,ERR,ERR,ERR,ERR,ERR,ERR,ERR,ERR,ERR,ERR,ERR,ERR,ERR,ERR,ERR,ERR,ERR,ERR,ERR,ERR,ERR,ERR,ERR,ERR,ERR,ERR,ERR,ERR,ERR,ERR,ERR,ERR,ERR,ERR,ERR,ERR,ERR,ERR,ERR,ERR,ERR,ERR,ERR,ERR,ERR,ERR,ERR,ERR,ERR,ERR,ERR,ERR,ERR,ERR,ERR,ERR,ERR,ERR,ERR,ERR,ERR,ERR,ERR,ERR,ERR,ERR,ERR,ERR,ERR,ERR,ERR,ERR,ERR,ERR,0.0,-107615384.0,0.0,2.718290229135658e+23,-1.592,1.3936040501711995e+18,7.805,-0.0,0,0,4,48933,6720,14723890282496.0,100,0.0,0.0,0.0,0.0,0.0,0,0,0,0,0.0,0,0,0,0,0,0,0,0,0,0,0,0,0,0,0,0,0,0,0,0,0,0,0,0,0,0,0,0,0,0,0,0,0,26,51,50,76,65476,0,300,0,0,8,21553,0.0,-107605600.0,0.0,0.0,0.0,0.0,0.0,0.0,0.0,0.0,0.0,0.0,0.0,0.0,0.0,0.0,0.0,0.0,0.0,0.0,0.0,0.0,2.004,-2.004,-0.0,2.004,0.0,0.0,0.0,0.0,4817.0,-131350.344,7257.0,0.0,-107615384.0,2.7184303811560617e+23,0.0,0.0,0.0,0.0,0.0,77,-0.0,0.0,0.0,0.0,0.0,0.0,0.0,0.0,0.0,0,0,0,0.0,0.0,0.0,0.0,0.0,0.0,0.0,0.0,0.0,0.0,0.0,0.0,0.0,0.0,0.0,0.0,0,-107875648.0,77,0.0,154,0.0,-101056864.0,ERR,ERR,ERR,ERR,ERR,ERR,ERR,ERR,ERR,ERR,ERR,ERR,ERR,ERR,ERR,ERR,ERR,ERR,ERR,ERR,ERR,ERR,ERR,ERR,ERR,ERR,ERR,ERR,ERR,ERR,ERR,ERR,ERR,ERR,ERR,ERR,ERR,ERR,ERR,ERR,ERR,ERR,ERR,ERR,ERR,ERR,ERR,ERR,ERR,ERR,ERR,ERR,ERR,ERR,ERR,ERR,ERR,ERR,ERR,ERR,ERR,ERR,ERR,ERR,ERR,ERR,ERR,34.0,80.0,35,0.0,0.0,0.0,0.0,0.0,0.0,0.0,0.0,0.0,0.0,0.0,0.0,0.0,0.0,0.0,0.0,66.0,0,119,58,53,65476,0,300,0,0,8,20529,65476,0,0,57672,80.0,0.0,0.0,0.0,0.0,0.0
2026-06-18T02:52:33,ERR,ERR,ERR,ERR,ERR,ERR,ERR,ERR,ERR,ERR,ERR,ERR,ERR,ERR,ERR,ERR,ERR,ERR,ERR,ERR,ERR,ERR,ERR,ERR,ERR,ERR,ERR,ERR,ERR,ERR,ERR,ERR,ERR,ERR,ERR,ERR,ERR,ERR,ERR,ERR,ERR,ERR,ERR,ERR,ERR,ERR,ERR,ERR,ERR,ERR,ERR,ERR,ERR,ERR,ERR,ERR,ERR,ERR,ERR,ERR,ERR,ERR,ERR,ERR,ERR,ERR,ERR,ERR,ERR,ERR,ERR,ERR,ERR,ERR,ERR,ERR,ERR,ERR,ERR,ERR,ERR,ERR,ERR,ERR,ERR,ERR,ERR,ERR,ERR,ERR,ERR,ERR,ERR,ERR,ERR,ERR,ERR,ERR,ERR,ERR,ERR,ERR,ERR,ERR,ERR,ERR,ERR,ERR,ERR,ERR,ERR,ERR,ERR,ERR,ERR,ERR,ERR,ERR,ERR,ERR,ERR,ERR,ERR,ERR,ERR,0.0,-107615384.0,0.0,2.718290229135658e+23,-1.592,1.3936040501711995e+18,7.805,-0.0,0,0,4,48933,6720,14723890282496.0,100,0.0,0.0,0.0,0.0,0.0,0,0,0,0,0.0,0,0,0,0,0,0,0,0,0,0,0,0,0,0,0,0,0,0,0,0,0,0,0,0,0,0,0,0,0,0,0,0,0,26,51,50,76,65476,0,300,0,0,8,21553,0.0,-107605600.0,0.0,0.0,0.0,0.0,0.0,0.0,0.0,0.0,0.0,0.0,0.0,0.0,0.0,0.0,0.0,0.0,0.0,0.0,0.0,0.0,2.004,-2.004,-0.0,2.004,0.0,0.0,0.0,0.0,4817.0,-131350.344,7257.0,0.0,-107615384.0,2.7184303811560617e+23,0.0,0.0,0.0,0.0,0.0,77,-0.0,0.0,0.0,0.0,0.0,0.0,0.0,0.0,0.0,0,0,0,0.0,0.0,0.0,0.0,0.0,0.0,0.0,0.0,0.0,0.0,0.0,0.0,0.0,0.0,0.0,0.0,0,-107875648.0,77,0.0,154,0.0,-101056864.0,ERR,ERR,ERR,ERR,ERR,ERR,ERR,ERR,ERR,ERR,ERR,ERR,ERR,ERR,ERR,ERR,ERR,ERR,ERR,ERR,ERR,ERR,ERR,ERR,ERR,ERR,ERR,ERR,ERR,ERR,ERR,ERR,ERR,ERR,ERR,ERR,ERR,ERR,ERR,ERR,ERR,ERR,ERR,ERR,ERR,ERR,ERR,ERR,ERR,ERR,ERR,ERR,ERR,ERR,ERR,ERR,ERR,ERR,ERR,ERR,ERR,ERR,ERR,ERR,ERR,ERR,ERR,34.0,80.0,35,0.0,0.0,0.0,0.0,0.0,0.0,0.0,0.0,0.0,0.0,0.0,0.0,0.0,0.0,0.0,0.0,66.0,0,119,58,53,65476,0,300,0,0,8,20529,65476,0,0,57672,80.0,0.0,0.0,0.0,0.0,0.0
2026-06-18T02:52:34,ERR,ERR,ERR,ERR,ERR,ERR,ERR,ERR,ERR,ERR,ERR,ERR,ERR,ERR,ERR,ERR,ERR,ERR,ERR,ERR,ERR,ERR,ERR,ERR,ERR,ERR,ERR,ERR,ERR,ERR,ERR,ERR,ERR,ERR,ERR,ERR,ERR,ERR,ERR,ERR,ERR,ERR,ERR,ERR,ERR,ERR,ERR,ERR,ERR,ERR,ERR,ERR,ERR,ERR,ERR,ERR,ERR,ERR,ERR,ERR,ERR,ERR,ERR,ERR,ERR,ERR,ERR,ERR,ERR,ERR,ERR,ERR,ERR,ERR,ERR,ERR,ERR,ERR,ERR,ERR,ERR,ERR,ERR,ERR,ERR,ERR,ERR,ERR,ERR,ERR,ERR,ERR,ERR,ERR,ERR,ERR,ERR,ERR,ERR,ERR,ERR,ERR,ERR,ERR,ERR,ERR,ERR,ERR,ERR,ERR,ERR,ERR,ERR,ERR,ERR,ERR,ERR,ERR,ERR,ERR,ERR,ERR,ERR,ERR,ERR,0.0,-107615384.0,0.0,2.718290229135658e+23,-1.592,1.3936040501711995e+18,7.805,-0.0,0,0,4,48933,6720,14723890282496.0,100,0.0,0.0,0.0,0.0,0.0,0,0,0,0,0.0,0,0,0,0,0,0,0,0,0,0,0,0,0,0,0,0,0,0,0,0,0,0,0,0,0,0,0,0,0,0,0,0,0,26,51,50,76,65476,0,300,0,0,8,21553,0.0,-107605600.0,0.0,0.0,0.0,0.0,0.0,0.0,0.0,0.0,0.0,0.0,0.0,0.0,0.0,0.0,0.0,0.0,0.0,0.0,0.0,0.0,2.004,-2.004,-0.0,2.004,0.0,0.0,0.0,0.0,4817.0,-131350.344,7257.0,0.0,-107615384.0,2.7184303811560617e+23,0.0,0.0,0.0,0.0,0.0,77,-0.0,0.0,0.0,0.0,0.0,0.0,0.0,0.0,0.0,0,0,0,0.0,0.0,0.0,0.0,0.0,0.0,0.0,0.0,0.0,0.0,0.0,0.0,0.0,0.0,0.0,0.0,0,-107875648.0,77,0.0,154,0.0,-101056864.0,ERR,ERR,ERR,ERR,ERR,ERR,ERR,ERR,ERR,ERR,ERR,ERR,ERR,ERR,ERR,ERR,ERR,ERR,ERR,ERR,ERR,ERR,ERR,ERR,ERR,ERR,ERR,ERR,ERR,ERR,ERR,ERR,ERR,ERR,ERR,ERR,ERR,ERR,ERR,ERR,ERR,ERR,ERR,ERR,ERR,ERR,ERR,ERR,ERR,ERR,ERR,ERR,ERR,ERR,ERR,ERR,ERR,ERR,ERR,ERR,ERR,ERR,ERR,ERR,ERR,ERR,ERR,34.0,80.0,35,0.0,0.0,0.0,0.0,0.0,0.0,0.0,0.0,0.0,0.0,0.0,0.0,0.0,0.0,0.0,0.0,66.0,0,119,58,53,65476,0,300,0,0,8,20529,65476,0,0,57672,80.0,0.0,0.0,0.0,0.0,0.0
2026-06-18T02:52:35,ERR,ERR,ERR,ERR,ERR,ERR,ERR,ERR,ERR,ERR,ERR,ERR,ERR,ERR,ERR,ERR,ERR,ERR,ERR,ERR,ERR,ERR,ERR,ERR,ERR,ERR,ERR,ERR,ERR,ERR,ERR,ERR,ERR,ERR,ERR,ERR,ERR,ERR,ERR,ERR,ERR,ERR,ERR,ERR,ERR,ERR,ERR,ERR,ERR,ERR,ERR,ERR,ERR,ERR,ERR,ERR,ERR,ERR,ERR,ERR,ERR,ERR,ERR,ERR,ERR,ERR,ERR,ERR,ERR,ERR,ERR,ERR,ERR,ERR,ERR,ERR,ERR,ERR,ERR,ERR,ERR,ERR,ERR,ERR,ERR,ERR,ERR,ERR,ERR,ERR,ERR,ERR,ERR,ERR,ERR,ERR,ERR,ERR,ERR,ERR,ERR,ERR,ERR,ERR,ERR,ERR,ERR,ERR,ERR,ERR,ERR,ERR,ERR,ERR,ERR,ERR,ERR,ERR,ERR,ERR,ERR,ERR,ERR,ERR,ERR,0.0,-107615384.0,0.0,0.0,nan,1.3936040501711995e+18,7.805,-5533387829805056.0,0,0,4,48957,6720,14723890282496.0,100,0.0,0.0,0.0,2.718290229135658e+23,0.0,0,0,0,0,0.0,0,0,0,0,0,0,0,0,0,0,0,0,0,0,0,0,0,0,0,0,0,0,0,0,0,0,0,0,0,0,0,0,0,26,51,50,76,65476,0,300,0,0,8,21553,0.0,-107605600.0,0.0,0.0,0.0,0.0,0.0,0.0,0.0,0.0,0.0,0.0,0.0,0.0,0.0,0.0,0.0,0.0,0.0,0.0,0.0,0.0,-0.0,-2.004,-0.0,2.004,0.0,0.0,0.0,0.0,4818.0,-1.5879282197463203e+29,7262.0,0.0,-107615384.0,2.7184303811560617e+23,0.0,0.0,0.0,0.0,0.0,77,-0.0,0.0,0.0,0.0,0.0,0.0,0.0,0.0,0.0,0,0,0,0.0,0.0,0.0,0.0,0.0,0.0,0.0,0.0,0.0,0.0,0.0,0.0,0.0,0.0,0.0,0.0,0,-107875648.0,77,0.0,154,0.0,-101056864.0,ERR,ERR,ERR,ERR,ERR,ERR,ERR,ERR,ERR,ERR,ERR,ERR,ERR,ERR,ERR,ERR,ERR,ERR,ERR,ERR,ERR,ERR,ERR,ERR,ERR,ERR,ERR,ERR,ERR,ERR,ERR,ERR,ERR,ERR,ERR,ERR,ERR,ERR,ERR,ERR,ERR,ERR,ERR,ERR,ERR,ERR,ERR,ERR,ERR,ERR,ERR,ERR,ERR,ERR,ERR,ERR,ERR,ERR,ERR,ERR,ERR,ERR,ERR,ERR,ERR,ERR,ERR,34.0,80.0,35,0.0,0.0,0.0,0.0,0.0,0.0,0.0,0.0,0.0,0.0,0.0,0.0,0.0,0.0,0.0,0.0,65.6,0,119,58,53,65476,0,300,0,0,8,20529,65476,0,0,57672,80.0,0.0,0.0,0.0,0.0,0.0
2026-06-18T02:52:36,ERR,ERR,ERR,ERR,ERR,ERR,ERR,ERR,ERR,ERR,ERR,ERR,ERR,ERR,ERR,ERR,ERR,ERR,ERR,ERR,ERR,ERR,ERR,ERR,ERR,ERR,ERR,ERR,ERR,ERR,ERR,ERR,ERR,ERR,ERR,ERR,ERR,ERR,ERR,ERR,ERR,ERR,ERR,ERR,ERR,ERR,ERR,ERR,ERR,ERR,ERR,ERR,ERR,ERR,ERR,ERR,ERR,ERR,ERR,ERR,ERR,ERR,ERR,ERR,ERR,ERR,ERR,ERR,ERR,ERR,ERR,ERR,ERR,ERR,ERR,ERR,ERR,ERR,ERR,ERR,ERR,ERR,ERR,ERR,ERR,ERR,ERR,ERR,ERR,ERR,ERR,ERR,ERR,ERR,ERR,ERR,ERR,ERR,ERR,ERR,ERR,ERR,ERR,ERR,ERR,ERR,ERR,ERR,ERR,ERR,ERR,ERR,ERR,ERR,ERR,ERR,ERR,ERR,ERR,ERR,ERR,ERR,ERR,ERR,ERR,0.0,-107615384.0,0.0,0.0,nan,1.3936040501711995e+18,7.805,-5533387829805056.0,0,0,4,48957,6720,14723890282496.0,100,0.0,0.0,0.0,2.718290229135658e+23,0.0,0,0,0,0,0.0,0,0,0,0,0,0,0,0,0,0,0,0,0,0,0,0,0,0,0,0,0,0,0,0,0,0,0,0,0,0,0,0,0,26,51,50,76,65476,0,300,0,0,8,21553,0.0,-107605600.0,0.0,0.0,0.0,0.0,0.0,0.0,0.0,0.0,0.0,0.0,0.0,0.0,0.0,0.0,0.0,0.0,0.0,0.0,0.0,0.0,-0.0,-2.004,-0.0,2.004,0.0,0.0,0.0,0.0,4818.0,-1.5879282197463203e+29,7262.0,0.0,-107615384.0,2.7184303811560617e+23,0.0,0.0,0.0,0.0,0.0,77,-0.0,0.0,0.0,0.0,0.0,0.0,0.0,0.0,0.0,0,0,0,0.0,0.0,0.0,0.0,0.0,0.0,0.0,0.0,0.0,0.0,0.0,0.0,0.0,0.0,0.0,0.0,0,-107875648.0,77,0.0,154,0.0,-101056864.0,ERR,ERR,ERR,ERR,ERR,ERR,ERR,ERR,ERR,ERR,ERR,ERR,ERR,ERR,ERR,ERR,ERR,ERR,ERR,ERR,ERR,ERR,ERR,ERR,ERR,ERR,ERR,ERR,ERR,ERR,ERR,ERR,ERR,ERR,ERR,ERR,ERR,ERR,ERR,ERR,ERR,ERR,ERR,ERR,ERR,ERR,ERR,ERR,ERR,ERR,ERR,ERR,ERR,ERR,ERR,ERR,ERR,ERR,ERR,ERR,ERR,ERR,ERR,ERR,ERR,ERR,ERR,34.0,80.0,35,0.0,0.0,0.0,0.0,0.0,0.0,0.0,0.0,0.0,0.0,0.0,0.0,0.0,0.0,0.0,0.0,65.6,0,119,58,53,65476,0,300,0,0,8,20529,65476,0,0,57672,80.0,0.0,0.0,0.0,0.0,0.0
2026-06-18T02:52:37,ERR,ERR,ERR,ERR,ERR,ERR,ERR,ERR,ERR,ERR,ERR,ERR,ERR,ERR,ERR,ERR,ERR,ERR,ERR,ERR,ERR,ERR,ERR,ERR,ERR,ERR,ERR,ERR,ERR,ERR,ERR,ERR,ERR,ERR,ERR,ERR,ERR,ERR,ERR,ERR,ERR,ERR,ERR,ERR,ERR,ERR,ERR,ERR,ERR,ERR,ERR,ERR,ERR,ERR,ERR,ERR,ERR,ERR,ERR,ERR,ERR,ERR,ERR,ERR,ERR,ERR,ERR,ERR,ERR,ERR,ERR,ERR,ERR,ERR,ERR,ERR,ERR,ERR,ERR,ERR,ERR,ERR,ERR,ERR,ERR,ERR,ERR,ERR,ERR,ERR,ERR,ERR,ERR,ERR,ERR,ERR,ERR,ERR,ERR,ERR,ERR,ERR,ERR,ERR,ERR,ERR,ERR,ERR,ERR,ERR,ERR,ERR,ERR,ERR,ERR,ERR,ERR,ERR,ERR,ERR,ERR,ERR,ERR,ERR,ERR,0.0,-107615384.0,0.0,0.0,nan,1.3936040501711995e+18,7.805,-5533387829805056.0,0,0,4,48957,6720,14723890282496.0,100,0.0,0.0,0.0,2.718290229135658e+23,0.0,0,0,0,0,0.0,0,0,0,0,0,0,0,0,0,0,0,0,0,0,0,0,0,0,0,0,0,0,0,0,0,0,0,0,0,0,0,0,0,26,51,50,76,65476,0,300,0,0,8,21553,0.0,-107605600.0,0.0,0.0,0.0,0.0,0.0,0.0,0.0,0.0,0.0,0.0,0.0,0.0,0.0,0.0,0.0,0.0,0.0,0.0,0.0,0.0,-0.0,-2.004,-0.0,2.004,0.0,0.0,0.0,0.0,4818.0,-1.5879282197463203e+29,7262.0,0.0,-107615384.0,2.7184303811560617e+23,0.0,0.0,0.0,0.0,0.0,77,-0.0,0.0,0.0,0.0,0.0,0.0,0.0,0.0,0.0,0,0,0,0.0,0.0,0.0,0.0,0.0,0.0,0.0,0.0,0.0,0.0,0.0,0.0,0.0,0.0,0.0,0.0,0,-107875648.0,77,0.0,154,0.0,-101056864.0,ERR,ERR,ERR,ERR,ERR,ERR,ERR,ERR,ERR,ERR,ERR,ERR,ERR,ERR,ERR,ERR,ERR,ERR,ERR,ERR,ERR,ERR,ERR,ERR,ERR,ERR,ERR,ERR,ERR,ERR,ERR,ERR,ERR,ERR,ERR,ERR,ERR,ERR,ERR,ERR,ERR,ERR,ERR,ERR,ERR,ERR,ERR,ERR,ERR,ERR,ERR,ERR,ERR,ERR,ERR,ERR,ERR,ERR,ERR,ERR,ERR,ERR,ERR,ERR,ERR,ERR,ERR,34.0,80.0,35,0.0,0.0,0.0,0.0,0.0,0.0,0.0,0.0,0.0,0.0,0.0,0.0,0.0,0.0,0.0,0.0,65.6,0,119,58,53,65476,0,300,0,0,8,20529,65476,0,0,57672,80.0,0.0,0.0,0.0,0.0,0.0
2026-06-18T02:52:38,ERR,ERR,ERR,ERR,ERR,ERR,ERR,ERR,ERR,ERR,ERR,ERR,ERR,ERR,ERR,ERR,ERR,ERR,ERR,ERR,ERR,ERR,ERR,ERR,ERR,ERR,ERR,ERR,ERR,ERR,ERR,ERR,ERR,ERR,ERR,ERR,ERR,ERR,ERR,ERR,ERR,ERR,ERR,ERR,ERR,ERR,ERR,ERR,ERR,ERR,ERR,ERR,ERR,ERR,ERR,ERR,ERR,ERR,ERR,ERR,ERR,ERR,ERR,ERR,ERR,ERR,ERR,ERR,ERR,ERR,ERR,ERR,ERR,ERR,ERR,ERR,ERR,ERR,ERR,ERR,ERR,ERR,ERR,ERR,ERR,ERR,ERR,ERR,ERR,ERR,ERR,ERR,ERR,ERR,ERR,ERR,ERR,ERR,ERR,ERR,ERR,ERR,ERR,ERR,ERR,ERR,ERR,ERR,ERR,ERR,ERR,ERR,ERR,ERR,ERR,ERR,ERR,ERR,ERR,ERR,ERR,ERR,ERR,ERR,ERR,0.0,-107615384.0,0.0,0.0,nan,1.3936040501711995e+18,7.805,-5533387829805056.0,0,0,4,48957,6720,14723890282496.0,100,0.0,0.0,0.0,2.718290229135658e+23,0.0,0,0,0,0,0.0,0,0,0,0,0,0,0,0,0,0,0,0,0,0,0,0,0,0,0,0,0,0,0,0,0,0,0,0,0,0,0,0,0,26,51,50,76,65476,0,300,0,0,8,21553,0.0,-107605600.0,0.0,0.0,0.0,0.0,0.0,0.0,0.0,0.0,0.0,0.0,0.0,0.0,0.0,0.0,0.0,0.0,0.0,0.0,0.0,0.0,-0.0,-2.004,-0.0,2.004,0.0,0.0,0.0,0.0,4818.0,-1.5879282197463203e+29,7262.0,0.0,-107615384.0,2.7184303811560617e+23,0.0,0.0,0.0,0.0,0.0,77,-0.0,0.0,0.0,0.0,0.0,0.0,0.0,0.0,0.0,0,0,0,0.0,0.0,0.0,0.0,0.0,0.0,0.0,0.0,0.0,0.0,0.0,0.0,0.0,0.0,0.0,0.0,0,-107875648.0,77,0.0,154,0.0,-101056864.0,ERR,ERR,ERR,ERR,ERR,ERR,ERR,ERR,ERR,ERR,ERR,ERR,ERR,ERR,ERR,ERR,ERR,ERR,ERR,ERR,ERR,ERR,ERR,ERR,ERR,ERR,ERR,ERR,ERR,ERR,ERR,ERR,ERR,ERR,ERR,ERR,ERR,ERR,ERR,ERR,ERR,ERR,ERR,ERR,ERR,ERR,ERR,ERR,ERR,ERR,ERR,ERR,ERR,ERR,ERR,ERR,ERR,ERR,ERR,ERR,ERR,ERR,ERR,ERR,ERR,ERR,ERR,34.0,80.0,35,0.0,0.0,0.0,0.0,0.0,0.0,0.0,0.0,0.0,0.0,0.0,0.0,0.0,0.0,0.0,0.0,66.0,0,119,58,53,65476,0,300,0,0,8,20529,65476,0,0,57672,80.0,0.0,0.0,0.0,0.0,0.0
2026-06-18T02:52:39,ERR,ERR,ERR,ERR,ERR,ERR,ERR,ERR,ERR,ERR,ERR,ERR,ERR,ERR,ERR,ERR,ERR,ERR,ERR,ERR,ERR,ERR,ERR,ERR,ERR,ERR,ERR,ERR,ERR,ERR,ERR,ERR,ERR,ERR,ERR,ERR,ERR,ERR,ERR,ERR,ERR,ERR,ERR,ERR,ERR,ERR,ERR,ERR,ERR,ERR,ERR,ERR,ERR,ERR,ERR,ERR,ERR,ERR,ERR,ERR,ERR,ERR,ERR,ERR,ERR,ERR,ERR,ERR,ERR,ERR,ERR,ERR,ERR,ERR,ERR,ERR,ERR,ERR,ERR,ERR,ERR,ERR,ERR,ERR,ERR,ERR,ERR,ERR,ERR,ERR,ERR,ERR,ERR,ERR,ERR,ERR,ERR,ERR,ERR,ERR,ERR,ERR,ERR,ERR,ERR,ERR,ERR,ERR,ERR,ERR,ERR,ERR,ERR,ERR,ERR,ERR,ERR,ERR,ERR,ERR,ERR,ERR,ERR,ERR,ERR,0.0,-107615384.0,0.0,0.0,nan,1.3936040501711995e+18,7.805,-5533387829805056.0,0,0,4,48957,6720,14723890282496.0,100,0.0,0.0,0.0,2.718290229135658e+23,0.0,0,0,0,0,0.0,0,0,0,0,0,0,0,0,0,0,0,0,0,0,0,0,0,0,0,0,0,0,0,0,0,0,0,0,0,0,0,0,0,26,51,50,76,65476,0,300,0,0,8,21553,0.0,-107605600.0,0.0,0.0,0.0,0.0,0.0,0.0,0.0,0.0,0.0,0.0,0.0,0.0,0.0,0.0,0.0,0.0,0.0,0.0,0.0,0.0,-0.0,-2.004,-0.0,2.004,0.0,0.0,0.0,0.0,4818.0,-1.5879282197463203e+29,7262.0,0.0,-107615384.0,2.7184303811560617e+23,0.0,0.0,0.0,0.0,0.0,77,-0.0,0.0,0.0,0.0,0.0,0.0,0.0,0.0,0.0,0,0,0,0.0,0.0,0.0,0.0,0.0,0.0,0.0,0.0,0.0,0.0,0.0,0.0,0.0,0.0,0.0,0.0,0,-107875648.0,77,0.0,154,0.0,-101056864.0,ERR,ERR,ERR,ERR,ERR,ERR,ERR,ERR,ERR,ERR,ERR,ERR,ERR,ERR,ERR,ERR,ERR,ERR,ERR,ERR,ERR,ERR,ERR,ERR,ERR,ERR,ERR,ERR,ERR,ERR,ERR,ERR,ERR,ERR,ERR,ERR,ERR,ERR,ERR,ERR,ERR,ERR,ERR,ERR,ERR,ERR,ERR,ERR,ERR,ERR,ERR,ERR,ERR,ERR,ERR,ERR,ERR,ERR,ERR,ERR,ERR,ERR,ERR,ERR,ERR,ERR,ERR,34.0,80.0,35,0.0,0.0,0.0,0.0,0.0,0.0,0.0,0.0,0.0,0.0,0.0,0.0,0.0,0.0,0.0,0.0,66.0,0,119,58,53,65476,0,300,0,0,8,20529,65476,0,0,57672,80.0,0.0,0.0,0.0,0.0,0.0
2026-06-18T02:52:40,ERR,ERR,ERR,ERR,ERR,ERR,ERR,ERR,ERR,ERR,ERR,ERR,ERR,ERR,ERR,ERR,ERR,ERR,ERR,ERR,ERR,ERR,ERR,ERR,ERR,ERR,ERR,ERR,ERR,ERR,ERR,ERR,ERR,ERR,ERR,ERR,ERR,ERR,ERR,ERR,ERR,ERR,ERR,ERR,ERR,ERR,ERR,ERR,ERR,ERR,ERR,ERR,ERR,ERR,ERR,ERR,ERR,ERR,ERR,ERR,ERR,ERR,ERR,ERR,ERR,ERR,ERR,ERR,ERR,ERR,ERR,ERR,ERR,ERR,ERR,ERR,ERR,ERR,ERR,ERR,ERR,ERR,ERR,ERR,ERR,ERR,ERR,ERR,ERR,ERR,ERR,ERR,ERR,ERR,ERR,ERR,ERR,ERR,ERR,ERR,ERR,ERR,ERR,ERR,ERR,ERR,ERR,ERR,ERR,ERR,ERR,ERR,ERR,ERR,ERR,ERR,ERR,ERR,ERR,ERR,ERR,ERR,ERR,ERR,ERR,0.0,-107615384.0,0.0,0.0,nan,1.3936040501711995e+18,7.805,-5533387829805056.0,0,0,4,48957,6720,14723890282496.0,100,0.0,0.0,0.0,2.718290229135658e+23,0.0,0,0,0,0,0.0,0,0,0,0,0,0,0,0,0,0,0,0,0,0,0,0,0,0,0,0,0,0,0,0,0,0,0,0,0,0,0,0,0,26,51,50,76,65476,0,300,0,0,8,21553,0.0,-107605600.0,0.0,0.0,0.0,0.0,0.0,0.0,0.0,0.0,0.0,0.0,0.0,0.0,0.0,0.0,0.0,0.0,0.0,0.0,0.0,0.0,-0.0,-2.004,-0.0,2.004,0.0,0.0,0.0,0.0,4818.0,-1.5879282197463203e+29,7262.0,0.0,-107615384.0,2.7184303811560617e+23,0.0,0.0,0.0,0.0,0.0,77,-0.0,0.0,0.0,0.0,0.0,0.0,0.0,0.0,0.0,0,0,0,0.0,0.0,0.0,0.0,0.0,0.0,0.0,0.0,0.0,0.0,0.0,0.0,0.0,0.0,0.0,0.0,0,-107875648.0,77,0.0,154,0.0,-101056864.0,ERR,ERR,ERR,ERR,ERR,ERR,ERR,ERR,ERR,ERR,ERR,ERR,ERR,ERR,ERR,ERR,ERR,ERR,ERR,ERR,ERR,ERR,ERR,ERR,ERR,ERR,ERR,ERR,ERR,ERR,ERR,ERR,ERR,ERR,ERR,ERR,ERR,ERR,ERR,ERR,ERR,ERR,ERR,ERR,ERR,ERR,ERR,ERR,ERR,ERR,ERR,ERR,ERR,ERR,ERR,ERR,ERR,ERR,ERR,ERR,ERR,ERR,ERR,ERR,ERR,ERR,ERR,34.0,80.0,35,0.0,0.0,0.0,0.0,0.0,0.0,0.0,0.0,0.0,0.0,0.0,0.0,0.0,0.0,0.0,0.0,65.6,0,119,58,53,65476,0,300,0,0,8,20529,65476,0,0,57672,80.0,0.0,0.0,0.0,0.0,0.0
2026-06-18T02:52:41,ERR,ERR,ERR,ERR,ERR,ERR,ERR,ERR,ERR,ERR,ERR,ERR,ERR,ERR,ERR,ERR,ERR,ERR,ERR,ERR,ERR,ERR,ERR,ERR,ERR,ERR,ERR,ERR,ERR,ERR,ERR,ERR,ERR,ERR,ERR,ERR,ERR,ERR,ERR,ERR,ERR,ERR,ERR,ERR,ERR,ERR,ERR,ERR,ERR,ERR,ERR,ERR,ERR,ERR,ERR,ERR,ERR,ERR,ERR,ERR,ERR,ERR,ERR,ERR,ERR,ERR,ERR,ERR,ERR,ERR,ERR,ERR,ERR,ERR,ERR,ERR,ERR,ERR,ERR,ERR,ERR,ERR,ERR,ERR,ERR,ERR,ERR,ERR,ERR,ERR,ERR,ERR,ERR,ERR,ERR,ERR,ERR,ERR,ERR,ERR,ERR,ERR,ERR,ERR,ERR,ERR,ERR,ERR,ERR,ERR,ERR,ERR,ERR,ERR,ERR,ERR,ERR,ERR,ERR,ERR,ERR,ERR,ERR,ERR,ERR,0.0,-107615384.0,0.0,-0.0,nan,1.3936040501711995e+18,7.805,1.203397215123588e+25,0,0,4,48932,6720,14723890282496.0,100,0.0,0.0,0.0,-0.0,0.0,0,0,0,0,0.0,0,0,0,0,0,0,0,0,0,0,0,0,0,0,0,0,0,0,0,0,0,0,0,0,0,0,0,0,0,0,0,0,0,26,51,50,76,65476,0,300,0,0,8,21553,0.0,-107605600.0,0.0,0.0,0.0,0.0,0.0,0.0,0.0,0.0,0.0,0.0,0.0,0.0,0.0,0.0,0.0,0.0,0.0,0.0,0.0,0.0,-0.0,-2.004,-0.0,2.004,0.0,0.0,0.0,0.0,4819.0,-3.697183494796791e+19,7260.0,0.0,-107615384.0,2.7184303811560617e+23,0.0,0.0,0.0,0.0,0.0,77,-0.0,0.059,0.0,0.0,0.0,0.0,0.0,0.0,0.0,0,0,0,0.0,0.0,0.0,0.0,0.0,0.0,0.0,0.0,0.0,0.0,0.0,0.0,0.0,0.0,0.0,0.0,0,-107875648.0,77,0.0,154,0.0,-101056864.0,ERR,ERR,ERR,ERR,ERR,ERR,ERR,ERR,ERR,ERR,ERR,ERR,ERR,ERR,ERR,ERR,ERR,ERR,ERR,ERR,ERR,ERR,ERR,ERR,ERR,ERR,ERR,ERR,ERR,ERR,ERR,ERR,ERR,ERR,ERR,ERR,ERR,ERR,ERR,ERR,ERR,ERR,ERR,ERR,ERR,ERR,ERR,ERR,ERR,ERR,ERR,ERR,ERR,ERR,ERR,ERR,ERR,ERR,ERR,ERR,ERR,ERR,ERR,ERR,ERR,ERR,ERR,34.0,80.0,35,0.0,0.0,0.0,0.0,0.0,0.0,0.0,0.0,0.0,0.0,0.0,0.0,0.0,0.0,0.0,0.0,65.6,0,119,58,53,65476,0,300,0,0,8,20529,65476,0,0,57672,80.0,0.0,0.0,0.0,0.0,0.0
2026-06-18T02:52:42,ERR,ERR,ERR,ERR,ERR,ERR,ERR,ERR,ERR,ERR,ERR,ERR,ERR,ERR,ERR,ERR,ERR,ERR,ERR,ERR,ERR,ERR,ERR,ERR,ERR,ERR,ERR,ERR,ERR,ERR,ERR,ERR,ERR,ERR,ERR,ERR,ERR,ERR,ERR,ERR,ERR,ERR,ERR,ERR,ERR,ERR,ERR,ERR,ERR,ERR,ERR,ERR,ERR,ERR,ERR,ERR,ERR,ERR,ERR,ERR,ERR,ERR,ERR,ERR,ERR,ERR,ERR,ERR,ERR,ERR,ERR,ERR,ERR,ERR,ERR,ERR,ERR,ERR,ERR,ERR,ERR,ERR,ERR,ERR,ERR,ERR,ERR,ERR,ERR,ERR,ERR,ERR,ERR,ERR,ERR,ERR,ERR,ERR,ERR,ERR,ERR,ERR,ERR,ERR,ERR,ERR,ERR,ERR,ERR,ERR,ERR,ERR,ERR,ERR,ERR,ERR,ERR,ERR,ERR,ERR,ERR,ERR,ERR,ERR,ERR,0.0,-107615384.0,0.0,-0.0,nan,1.3936040501711995e+18,7.805,1.203397215123588e+25,0,0,4,48932,6720,14723890282496.0,100,0.0,0.0,0.0,-0.0,0.0,0,0,0,0,0.0,0,0,0,0,0,0,0,0,0,0,0,0,0,0,0,0,0,0,0,0,0,0,0,0,0,0,0,0,0,0,0,0,0,26,51,50,76,65476,0,300,0,0,8,21553,0.0,-107605600.0,0.0,0.0,0.0,0.0,0.0,0.0,0.0,0.0,0.0,0.0,0.0,0.0,0.0,0.0,0.0,0.0,0.0,0.0,0.0,0.0,-0.0,-2.004,-0.0,2.004,0.0,0.0,0.0,0.0,4819.0,-3.697183494796791e+19,7260.0,0.0,-107615384.0,2.7184303811560617e+23,0.0,0.0,0.0,0.0,0.0,77,-0.0,0.059,0.0,0.0,0.0,0.0,0.0,0.0,0.0,0,0,0,0.0,0.0,0.0,0.0,0.0,0.0,0.0,0.0,0.0,0.0,0.0,0.0,0.0,0.0,0.0,0.0,0,-107875648.0,77,0.0,154,0.0,-101056864.0,ERR,ERR,ERR,ERR,ERR,ERR,ERR,ERR,ERR,ERR,ERR,ERR,ERR,ERR,ERR,ERR,ERR,ERR,ERR,ERR,ERR,ERR,ERR,ERR,ERR,ERR,ERR,ERR,ERR,ERR,ERR,ERR,ERR,ERR,ERR,ERR,ERR,ERR,ERR,ERR,ERR,ERR,ERR,ERR,ERR,ERR,ERR,ERR,ERR,ERR,ERR,ERR,ERR,ERR,ERR,ERR,ERR,ERR,ERR,ERR,ERR,ERR,ERR,ERR,ERR,ERR,ERR,34.0,80.0,35,0.0,0.0,0.0,0.0,0.0,0.0,0.0,0.0,0.0,0.0,0.0,0.0,0.0,0.0,0.0,0.0,66.0,0,119,58,53,65476,0,300,0,0,8,20529,65476,0,0,57672,80.0,0.0,0.0,0.0,0.0,0.0
2026-06-18T02:52:43,ERR,ERR,ERR,ERR,ERR,ERR,ERR,ERR,ERR,ERR,ERR,ERR,ERR,ERR,ERR,ERR,ERR,ERR,ERR,ERR,ERR,ERR,ERR,ERR,ERR,ERR,ERR,ERR,ERR,ERR,ERR,ERR,ERR,ERR,ERR,ERR,ERR,ERR,ERR,ERR,ERR,ERR,ERR,ERR,ERR,ERR,ERR,ERR,ERR,ERR,ERR,ERR,ERR,ERR,ERR,ERR,ERR,ERR,ERR,ERR,ERR,ERR,ERR,ERR,ERR,ERR,ERR,ERR,ERR,ERR,ERR,ERR,ERR,ERR,ERR,ERR,ERR,ERR,ERR,ERR,ERR,ERR,ERR,ERR,ERR,ERR,ERR,ERR,ERR,ERR,ERR,ERR,ERR,ERR,ERR,ERR,ERR,ERR,ERR,ERR,ERR,ERR,ERR,ERR,ERR,ERR,ERR,ERR,ERR,ERR,ERR,ERR,ERR,ERR,ERR,ERR,ERR,ERR,ERR,ERR,ERR,ERR,ERR,ERR,ERR,0.0,-107615384.0,0.0,-0.0,nan,1.3936040501711995e+18,7.805,1.203397215123588e+25,0,0,4,48932,6720,14723890282496.0,100,0.0,0.0,0.0,-0.0,0.0,0,0,0,0,0.0,0,0,0,0,0,0,0,0,0,0,0,0,0,0,0,0,0,0,0,0,0,0,0,0,0,0,0,0,0,0,0,0,0,26,51,50,76,65476,0,300,0,0,8,21553,0.0,-107605600.0,0.0,0.0,0.0,0.0,0.0,0.0,0.0,0.0,0.0,0.0,0.0,0.0,0.0,0.0,0.0,0.0,0.0,0.0,0.0,0.0,-0.0,-2.004,-0.0,2.004,0.0,0.0,0.0,0.0,4819.0,-3.697183494796791e+19,7260.0,0.0,-107615384.0,2.7184303811560617e+23,0.0,0.0,0.0,0.0,0.0,77,-0.0,0.059,0.0,0.0,0.0,0.0,0.0,0.0,0.0,0,0,0,0.0,0.0,0.0,0.0,0.0,0.0,0.0,0.0,0.0,0.0,0.0,0.0,0.0,0.0,0.0,0.0,0,-107875648.0,77,0.0,154,0.0,-101056864.0,ERR,ERR,ERR,ERR,ERR,ERR,ERR,ERR,ERR,ERR,ERR,ERR,ERR,ERR,ERR,ERR,ERR,ERR,ERR,ERR,ERR,ERR,ERR,ERR,ERR,ERR,ERR,ERR,ERR,ERR,ERR,ERR,ERR,ERR,ERR,ERR,ERR,ERR,ERR,ERR,ERR,ERR,ERR,ERR,ERR,ERR,ERR,ERR,ERR,ERR,ERR,ERR,ERR,ERR,ERR,ERR,ERR,ERR,ERR,ERR,ERR,ERR,ERR,ERR,ERR,ERR,ERR,34.0,80.0,35,0.0,0.0,0.0,0.0,0.0,0.0,0.0,0.0,0.0,0.0,0.0,0.0,0.0,0.0,0.0,0.0,66.0,0,119,58,53,65476,0,300,0,0,8,20529,65476,0,0,57672,80.0,0.0,0.0,0.0,0.0,0.0
2026-06-18T02:52:44,ERR,ERR,ERR,ERR,ERR,ERR,ERR,ERR,ERR,ERR,ERR,ERR,ERR,ERR,ERR,ERR,ERR,ERR,ERR,ERR,ERR,ERR,ERR,ERR,ERR,ERR,ERR,ERR,ERR,ERR,ERR,ERR,ERR,ERR,ERR,ERR,ERR,ERR,ERR,ERR,ERR,ERR,ERR,ERR,ERR,ERR,ERR,ERR,ERR,ERR,ERR,ERR,ERR,ERR,ERR,ERR,ERR,ERR,ERR,ERR,ERR,ERR,ERR,ERR,ERR,ERR,ERR,ERR,ERR,ERR,ERR,ERR,ERR,ERR,ERR,ERR,ERR,ERR,ERR,ERR,ERR,ERR,ERR,ERR,ERR,ERR,ERR,ERR,ERR,ERR,ERR,ERR,ERR,ERR,ERR,ERR,ERR,ERR,ERR,ERR,ERR,ERR,ERR,ERR,ERR,ERR,ERR,ERR,ERR,ERR,ERR,ERR,ERR,ERR,ERR,ERR,ERR,ERR,ERR,ERR,ERR,ERR,ERR,ERR,ERR,0.0,-107615384.0,0.0,-0.0,nan,1.3936040501711995e+18,7.805,1.203397215123588e+25,0,0,4,48932,6720,14723890282496.0,100,0.0,0.0,0.0,-0.0,0.0,0,0,0,0,0.0,0,0,0,0,0,0,0,0,0,0,0,0,0,0,0,0,0,0,0,0,0,0,0,0,0,0,0,0,0,0,0,0,0,26,51,50,76,65476,0,300,0,0,8,21553,0.0,-107605600.0,0.0,0.0,0.0,0.0,0.0,0.0,0.0,0.0,0.0,0.0,0.0,0.0,0.0,0.0,0.0,0.0,0.0,0.0,0.0,0.0,-0.0,-2.004,-0.0,2.004,0.0,0.0,0.0,0.0,4819.0,-3.697183494796791e+19,7260.0,0.0,-107615384.0,2.7184303811560617e+23,0.0,0.0,0.0,0.0,0.0,77,-0.0,0.059,0.0,0.0,0.0,0.0,0.0,0.0,0.0,0,0,0,0.0,0.0,0.0,0.0,0.0,0.0,0.0,0.0,0.0,0.0,0.0,0.0,0.0,0.0,0.0,0.0,0,-107875648.0,77,0.0,154,0.0,-101056864.0,ERR,ERR,ERR,ERR,ERR,ERR,ERR,ERR,ERR,ERR,ERR,ERR,ERR,ERR,ERR,ERR,ERR,ERR,ERR,ERR,ERR,ERR,ERR,ERR,ERR,ERR,ERR,ERR,ERR,ERR,ERR,ERR,ERR,ERR,ERR,ERR,ERR,ERR,ERR,ERR,ERR,ERR,ERR,ERR,ERR,ERR,ERR,ERR,ERR,ERR,ERR,ERR,ERR,ERR,ERR,ERR,ERR,ERR,ERR,ERR,ERR,ERR,ERR,ERR,ERR,ERR,ERR,34.0,80.0,35,0.0,0.0,0.0,0.0,0.0,0.0,0.0,0.0,0.0,0.0,0.0,0.0,0.0,0.0,0.0,0.0,65.6,0,119,58,53,65476,0,300,0,0,8,20529,65476,0,0,57672,80.0,0.0,0.0,0.0,0.0,0.0
2026-06-18T02:52:45,ERR,ERR,ERR,ERR,ERR,ERR,ERR,ERR,ERR,ERR,ERR,ERR,ERR,ERR,ERR,ERR,ERR,ERR,ERR,ERR,ERR,ERR,ERR,ERR,ERR,ERR,ERR,ERR,ERR,ERR,ERR,ERR,ERR,ERR,ERR,ERR,ERR,ERR,ERR,ERR,ERR,ERR,ERR,ERR,ERR,ERR,ERR,ERR,ERR,ERR,ERR,ERR,ERR,ERR,ERR,ERR,ERR,ERR,ERR,ERR,ERR,ERR,ERR,ERR,ERR,ERR,ERR,ERR,ERR,ERR,ERR,ERR,ERR,ERR,ERR,ERR,ERR,ERR,ERR,ERR,ERR,ERR,ERR,ERR,ERR,ERR,ERR,ERR,ERR,ERR,ERR,ERR,ERR,ERR,ERR,ERR,ERR,ERR,ERR,ERR,ERR,ERR,ERR,ERR,ERR,ERR,ERR,ERR,ERR,ERR,ERR,ERR,ERR,ERR,ERR,ERR,ERR,ERR,ERR,ERR,ERR,ERR,ERR,ERR,ERR,0.0,-107615384.0,0.0,-0.0,nan,1.3936040501711995e+18,7.805,1.203397215123588e+25,0,0,4,48932,6720,14723890282496.0,100,0.0,0.0,0.0,-0.0,0.0,0,0,0,0,0.0,0,0,0,0,0,0,0,0,0,0,0,0,0,0,0,0,0,0,0,0,0,0,0,0,0,0,0,0,0,0,0,0,0,26,51,50,76,65476,0,300,0,0,8,21553,0.0,-107605600.0,0.0,0.0,0.0,0.0,0.0,0.0,0.0,0.0,0.0,0.0,0.0,0.0,0.0,0.0,0.0,0.0,0.0,0.0,0.0,0.0,-0.0,-2.004,-0.0,2.004,0.0,0.0,0.0,0.0,4819.0,-3.697183494796791e+19,7260.0,0.0,-107615384.0,2.7184303811560617e+23,0.0,0.0,0.0,0.0,0.0,77,-0.0,0.059,0.0,0.0,0.0,0.0,0.0,0.0,0.0,0,0,0,0.0,0.0,0.0,0.0,0.0,0.0,0.0,0.0,0.0,0.0,0.0,0.0,0.0,0.0,0.0,0.0,0,-107875648.0,77,0.0,154,0.0,-101056864.0,ERR,ERR,ERR,ERR,ERR,ERR,ERR,ERR,ERR,ERR,ERR,ERR,ERR,ERR,ERR,ERR,ERR,ERR,ERR,ERR,ERR,ERR,ERR,ERR,ERR,ERR,ERR,ERR,ERR,ERR,ERR,ERR,ERR,ERR,ERR,ERR,ERR,ERR,ERR,ERR,ERR,ERR,ERR,ERR,ERR,ERR,ERR,ERR,ERR,ERR,ERR,ERR,ERR,ERR,ERR,ERR,ERR,ERR,ERR,ERR,ERR,ERR,ERR,ERR,ERR,ERR,ERR,34.0,80.0,35,0.0,0.0,0.0,0.0,0.0,0.0,0.0,0.0,0.0,0.0,0.0,0.0,0.0,0.0,0.0,0.0,65.6,0,119,58,53,65476,0,300,0,0,8,20529,65476,0,0,57672,80.0,0.0,0.0,0.0,0.0,0.0
2026-06-18T02:52:46,ERR,ERR,ERR,ERR,ERR,ERR,ERR,ERR,ERR,ERR,ERR,ERR,ERR,ERR,ERR,ERR,ERR,ERR,ERR,ERR,ERR,ERR,ERR,ERR,ERR,ERR,ERR,ERR,ERR,ERR,ERR,ERR,ERR,ERR,ERR,ERR,ERR,ERR,ERR,ERR,ERR,ERR,ERR,ERR,ERR,ERR,ERR,ERR,ERR,ERR,ERR,ERR,ERR,ERR,ERR,ERR,ERR,ERR,ERR,ERR,ERR,ERR,ERR,ERR,ERR,ERR,ERR,ERR,ERR,ERR,ERR,ERR,ERR,ERR,ERR,ERR,ERR,ERR,ERR,ERR,ERR,ERR,ERR,ERR,ERR,ERR,ERR,ERR,ERR,ERR,ERR,ERR,ERR,ERR,ERR,ERR,ERR,ERR,ERR,ERR,ERR,ERR,ERR,ERR,ERR,ERR,ERR,ERR,ERR,ERR,ERR,ERR,ERR,ERR,ERR,ERR,ERR,ERR,ERR,ERR,ERR,ERR,ERR,ERR,ERR,0.0,-107615384.0,0.0,89215.008,-1.615,1.3936040501711995e+18,7.805,-0.0,0,0,4,48926,6720,14723890282496.0,100,0.0,0.0,0.0,-4.9501291711397626e+32,0.0,0,0,0,0,0.0,0,0,0,0,0,0,0,0,0,0,0,0,0,0,0,0,0,0,0,0,0,0,0,0,0,0,0,0,0,0,0,0,0,26,51,50,76,65476,0,300,0,0,8,21553,0.0,-107605600.0,0.0,0.0,0.0,0.0,0.0,0.0,0.0,0.0,0.0,0.0,0.0,0.0,0.0,0.0,0.0,0.0,0.0,0.0,0.0,0.0,-0.0,-2.004,-0.0,2.004,0.0,0.0,0.0,0.0,4848.0,0.0,7232.0,0.0,-107615384.0,2.7184303811560617e+23,0.0,0.0,0.0,0.0,0.0,77,-0.0,89220.508,0.0,0.0,0.0,0.0,0.0,0.0,0.0,0,0,0,0.0,0.0,0.0,0.0,0.0,0.0,0.0,0.0,0.0,0.0,0.0,0.0,0.0,0.0,0.0,0.0,0,-107875648.0,77,0.0,154,0.0,-101056864.0,ERR,ERR,ERR,ERR,ERR,ERR,ERR,ERR,ERR,ERR,ERR,ERR,ERR,ERR,ERR,ERR,ERR,ERR,ERR,ERR,ERR,ERR,ERR,ERR,ERR,ERR,ERR,ERR,ERR,ERR,ERR,ERR,ERR,ERR,ERR,ERR,ERR,ERR,ERR,ERR,ERR,ERR,ERR,ERR,ERR,ERR,ERR,ERR,ERR,ERR,ERR,ERR,ERR,ERR,ERR,ERR,ERR,ERR,ERR,ERR,ERR,ERR,ERR,ERR,ERR,ERR,ERR,34.0,80.0,35,0.0,0.0,0.0,0.0,0.0,0.0,0.0,0.0,0.0,0.0,0.0,0.0,0.0,0.0,0.0,0.0,65.6,0,119,58,53,65476,0,300,0,0,8,20529,65476,0,0,57672,80.0,0.0,0.0,0.0,0.0,0.0
2026-06-18T02:52:47,ERR,ERR,ERR,ERR,ERR,ERR,ERR,ERR,ERR,ERR,ERR,ERR,ERR,ERR,ERR,ERR,ERR,ERR,ERR,ERR,ERR,ERR,ERR,ERR,ERR,ERR,ERR,ERR,ERR,ERR,ERR,ERR,ERR,ERR,ERR,ERR,ERR,ERR,ERR,ERR,ERR,ERR,ERR,ERR,ERR,ERR,ERR,ERR,ERR,ERR,ERR,ERR,ERR,ERR,ERR,ERR,ERR,ERR,ERR,ERR,ERR,ERR,ERR,ERR,ERR,ERR,ERR,ERR,ERR,ERR,ERR,ERR,ERR,ERR,ERR,ERR,ERR,ERR,ERR,ERR,ERR,ERR,ERR,ERR,ERR,ERR,ERR,ERR,ERR,ERR,ERR,ERR,ERR,ERR,ERR,ERR,ERR,ERR,ERR,ERR,ERR,ERR,ERR,ERR,ERR,ERR,ERR,ERR,ERR,ERR,ERR,ERR,ERR,ERR,ERR,ERR,ERR,ERR,ERR,ERR,ERR,ERR,ERR,ERR,ERR,0.0,-107615384.0,0.0,89215.008,-1.615,1.3936040501711995e+18,7.805,-0.0,0,0,4,48926,6720,14723890282496.0,100,0.0,0.0,0.0,-4.9501291711397626e+32,0.0,0,0,0,0,0.0,0,0,0,0,0,0,0,0,0,0,0,0,0,0,0,0,0,0,0,0,0,0,0,0,0,0,0,0,0,0,0,0,0,26,51,50,76,65476,0,300,0,0,8,21553,0.0,-107605600.0,0.0,0.0,0.0,0.0,0.0,0.0,0.0,0.0,0.0,0.0,0.0,0.0,0.0,0.0,0.0,0.0,0.0,0.0,0.0,0.0,-0.0,-2.004,-0.0,2.004,0.0,0.0,0.0,0.0,4848.0,0.0,7232.0,0.0,-107615384.0,2.7184303811560617e+23,0.0,0.0,0.0,0.0,0.0,77,-0.0,89220.508,0.0,0.0,0.0,0.0,0.0,0.0,0.0,0,0,0,0.0,0.0,0.0,0.0,0.0,0.0,0.0,0.0,0.0,0.0,0.0,0.0,0.0,0.0,0.0,0.0,0,-107875648.0,77,0.0,154,0.0,-101056864.0,ERR,ERR,ERR,ERR,ERR,ERR,ERR,ERR,ERR,ERR,ERR,ERR,ERR,ERR,ERR,ERR,ERR,ERR,ERR,ERR,ERR,ERR,ERR,ERR,ERR,ERR,ERR,ERR,ERR,ERR,ERR,ERR,ERR,ERR,ERR,ERR,ERR,ERR,ERR,ERR,ERR,ERR,ERR,ERR,ERR,ERR,ERR,ERR,ERR,ERR,ERR,ERR,ERR,ERR,ERR,ERR,ERR,ERR,ERR,ERR,ERR,ERR,ERR,ERR,ERR,ERR,ERR,34.0,80.0,35,0.0,0.0,0.0,0.0,0.0,0.0,0.0,0.0,0.0,0.0,0.0,0.0,0.0,0.0,0.0,0.0,65.6,0,119,58,53,65476,0,300,0,0,8,20529,65476,0,0,57672,80.0,0.0,0.0,0.0,0.0,0.0
2026-06-18T02:52:48,ERR,ERR,ERR,ERR,ERR,ERR,ERR,ERR,ERR,ERR,ERR,ERR,ERR,ERR,ERR,ERR,ERR,ERR,ERR,ERR,ERR,ERR,ERR,ERR,ERR,ERR,ERR,ERR,ERR,ERR,ERR,ERR,ERR,ERR,ERR,ERR,ERR,ERR,ERR,ERR,ERR,ERR,ERR,ERR,ERR,ERR,ERR,ERR,ERR,ERR,ERR,ERR,ERR,ERR,ERR,ERR,ERR,ERR,ERR,ERR,ERR,ERR,ERR,ERR,ERR,ERR,ERR,ERR,ERR,ERR,ERR,ERR,ERR,ERR,ERR,ERR,ERR,ERR,ERR,ERR,ERR,ERR,ERR,ERR,ERR,ERR,ERR,ERR,ERR,ERR,ERR,ERR,ERR,ERR,ERR,ERR,ERR,ERR,ERR,ERR,ERR,ERR,ERR,ERR,ERR,ERR,ERR,ERR,ERR,ERR,ERR,ERR,ERR,ERR,ERR,ERR,ERR,ERR,ERR,ERR,ERR,ERR,ERR,ERR,ERR,0.0,-107615384.0,0.0,89215.008,-1.615,1.3936040501711995e+18,7.805,-0.0,0,0,4,48926,6720,14723890282496.0,100,0.0,0.0,0.0,-4.9501291711397626e+32,0.0,0,0,0,0,0.0,0,0,0,0,0,0,0,0,0,0,0,0,0,0,0,0,0,0,0,0,0,0,0,0,0,0,0,0,0,0,0,0,0,26,51,50,76,65476,0,300,0,0,8,21553,0.0,-107605600.0,0.0,0.0,0.0,0.0,0.0,0.0,0.0,0.0,0.0,0.0,0.0,0.0,0.0,0.0,0.0,0.0,0.0,0.0,0.0,0.0,-0.0,-2.004,-0.0,2.004,0.0,0.0,0.0,0.0,4848.0,0.0,7232.0,0.0,-107615384.0,2.7184303811560617e+23,0.0,0.0,0.0,0.0,0.0,77,-0.0,89220.508,0.0,0.0,0.0,0.0,0.0,0.0,0.0,0,0,0,0.0,0.0,0.0,0.0,0.0,0.0,0.0,0.0,0.0,0.0,0.0,0.0,0.0,0.0,0.0,0.0,0,-107875648.0,77,0.0,154,0.0,-101056864.0,ERR,ERR,ERR,ERR,ERR,ERR,ERR,ERR,ERR,ERR,ERR,ERR,ERR,ERR,ERR,ERR,ERR,ERR,ERR,ERR,ERR,ERR,ERR,ERR,ERR,ERR,ERR,ERR,ERR,ERR,ERR,ERR,ERR,ERR,ERR,ERR,ERR,ERR,ERR,ERR,ERR,ERR,ERR,ERR,ERR,ERR,ERR,ERR,ERR,ERR,ERR,ERR,ERR,ERR,ERR,ERR,ERR,ERR,ERR,ERR,ERR,ERR,ERR,ERR,ERR,ERR,ERR,34.0,80.0,35,0.0,0.0,0.0,0.0,0.0,0.0,0.0,0.0,0.0,0.0,0.0,0.0,0.0,0.0,0.0,0.0,65.6,0,119,58,53,65476,0,300,0,0,8,20529,65476,0,0,57672,80.0,0.0,0.0,0.0,0.0,0.0
2026-06-18T02:52:49,ERR,ERR,ERR,ERR,ERR,ERR,ERR,ERR,ERR,ERR,ERR,ERR,ERR,ERR,ERR,ERR,ERR,ERR,ERR,ERR,ERR,ERR,ERR,ERR,ERR,ERR,ERR,ERR,ERR,ERR,ERR,ERR,ERR,ERR,ERR,ERR,ERR,ERR,ERR,ERR,ERR,ERR,ERR,ERR,ERR,ERR,ERR,ERR,ERR,ERR,ERR,ERR,ERR,ERR,ERR,ERR,ERR,ERR,ERR,ERR,ERR,ERR,ERR,ERR,ERR,ERR,ERR,ERR,ERR,ERR,ERR,ERR,ERR,ERR,ERR,ERR,ERR,ERR,ERR,ERR,ERR,ERR,ERR,ERR,ERR,ERR,ERR,ERR,ERR,ERR,ERR,ERR,ERR,ERR,ERR,ERR,ERR,ERR,ERR,ERR,ERR,ERR,ERR,ERR,ERR,ERR,ERR,ERR,ERR,ERR,ERR,ERR,ERR,ERR,ERR,ERR,ERR,ERR,ERR,ERR,ERR,ERR,ERR,ERR,ERR,0.0,-107615384.0,0.0,89215.008,-1.615,1.3936040501711995e+18,7.805,-0.0,0,0,4,48926,6720,14723890282496.0,100,0.0,0.0,0.0,-4.9501291711397626e+32,0.0,0,0,0,0,0.0,0,0,0,0,0,0,0,0,0,0,0,0,0,0,0,0,0,0,0,0,0,0,0,0,0,0,0,0,0,0,0,0,0,26,51,50,76,65476,0,300,0,0,8,21553,0.0,-107605600.0,0.0,0.0,0.0,0.0,0.0,0.0,0.0,0.0,0.0,0.0,0.0,0.0,0.0,0.0,0.0,0.0,0.0,0.0,0.0,0.0,-0.0,-2.004,-0.0,2.004,0.0,0.0,0.0,0.0,4848.0,0.0,7232.0,0.0,-107615384.0,2.7184303811560617e+23,0.0,0.0,0.0,0.0,0.0,77,-0.0,89220.508,0.0,0.0,0.0,0.0,0.0,0.0,0.0,0,0,0,0.0,0.0,0.0,0.0,0.0,0.0,0.0,0.0,0.0,0.0,0.0,0.0,0.0,0.0,0.0,0.0,0,-107875648.0,77,0.0,154,0.0,-101056864.0,ERR,ERR,ERR,ERR,ERR,ERR,ERR,ERR,ERR,ERR,ERR,ERR,ERR,ERR,ERR,ERR,ERR,ERR,ERR,ERR,ERR,ERR,ERR,ERR,ERR,ERR,ERR,ERR,ERR,ERR,ERR,ERR,ERR,ERR,ERR,ERR,ERR,ERR,ERR,ERR,ERR,ERR,ERR,ERR,ERR,ERR,ERR,ERR,ERR,ERR,ERR,ERR,ERR,ERR,ERR,ERR,ERR,ERR,ERR,ERR,ERR,ERR,ERR,ERR,ERR,ERR,ERR,34.0,80.0,35,0.0,0.0,0.0,0.0,0.0,0.0,0.0,0.0,0.0,0.0,0.0,0.0,0.0,0.0,0.0,0.0,65.6,0,119,58,53,65476,0,300,0,0,8,20529,65476,0,0,57672,80.0,0.0,0.0,0.0,0.0,0.0
2026-06-18T02:52:50,ERR,ERR,ERR,ERR,ERR,ERR,ERR,ERR,ERR,ERR,ERR,ERR,ERR,ERR,ERR,ERR,ERR,ERR,ERR,ERR,ERR,ERR,ERR,ERR,ERR,ERR,ERR,ERR,ERR,ERR,ERR,ERR,ERR,ERR,ERR,ERR,ERR,ERR,ERR,ERR,ERR,ERR,ERR,ERR,ERR,ERR,ERR,ERR,ERR,ERR,ERR,ERR,ERR,ERR,ERR,ERR,ERR,ERR,ERR,ERR,ERR,ERR,ERR,ERR,ERR,ERR,ERR,ERR,ERR,ERR,ERR,ERR,ERR,ERR,ERR,ERR,ERR,ERR,ERR,ERR,ERR,ERR,ERR,ERR,ERR,ERR,ERR,ERR,ERR,ERR,ERR,ERR,ERR,ERR,ERR,ERR,ERR,ERR,ERR,ERR,ERR,ERR,ERR,ERR,ERR,ERR,ERR,ERR,ERR,ERR,ERR,ERR,ERR,ERR,ERR,ERR,ERR,ERR,ERR,ERR,ERR,ERR,ERR,ERR,ERR,0.0,-107615384.0,0.0,89215.008,-1.615,1.3936040501711995e+18,7.805,-0.0,0,0,4,48926,6720,14723890282496.0,100,0.0,0.0,0.0,-4.9501291711397626e+32,0.0,0,0,0,0,0.0,0,0,0,0,0,0,0,0,0,0,0,0,0,0,0,0,0,0,0,0,0,0,0,0,0,0,0,0,0,0,0,0,0,26,51,50,76,65476,0,300,0,0,8,21553,0.0,-107605600.0,0.0,0.0,0.0,0.0,0.0,0.0,0.0,0.0,0.0,0.0,0.0,0.0,0.0,0.0,0.0,0.0,0.0,0.0,0.0,0.0,-0.0,-2.004,-0.0,2.004,0.0,0.0,0.0,0.0,4848.0,0.0,7232.0,0.0,-107615384.0,2.7184303811560617e+23,0.0,0.0,0.0,0.0,0.0,77,-0.0,89220.508,0.0,0.0,0.0,0.0,0.0,0.0,0.0,0,0,0,0.0,0.0,0.0,0.0,0.0,0.0,0.0,0.0,0.0,0.0,0.0,0.0,0.0,0.0,0.0,0.0,0,-107875648.0,77,0.0,154,0.0,-101056864.0,ERR,ERR,ERR,ERR,ERR,ERR,ERR,ERR,ERR,ERR,ERR,ERR,ERR,ERR,ERR,ERR,ERR,ERR,ERR,ERR,ERR,ERR,ERR,ERR,ERR,ERR,ERR,ERR,ERR,ERR,ERR,ERR,ERR,ERR,ERR,ERR,ERR,ERR,ERR,ERR,ERR,ERR,ERR,ERR,ERR,ERR,ERR,ERR,ERR,ERR,ERR,ERR,ERR,ERR,ERR,ERR,ERR,ERR,ERR,ERR,ERR,ERR,ERR,ERR,ERR,ERR,ERR,34.0,80.0,35,0.0,0.0,0.0,0.0,0.0,0.0,0.0,0.0,0.0,0.0,0.0,0.0,0.0,0.0,0.0,0.0,65.6,0,119,58,53,65476,0,300,0,0,8,20529,65476,0,0,57672,80.0,0.0,0.0,0.0,0.0,0.0
2026-06-18T02:52:51,ERR,ERR,ERR,ERR,ERR,ERR,ERR,ERR,ERR,ERR,ERR,ERR,ERR,ERR,ERR,ERR,ERR,ERR,ERR,ERR,ERR,ERR,ERR,ERR,ERR,ERR,ERR,ERR,ERR,ERR,ERR,ERR,ERR,ERR,ERR,ERR,ERR,ERR,ERR,ERR,ERR,ERR,ERR,ERR,ERR,ERR,ERR,ERR,ERR,ERR,ERR,ERR,ERR,ERR,ERR,ERR,ERR,ERR,ERR,ERR,ERR,ERR,ERR,ERR,ERR,ERR,ERR,ERR,ERR,ERR,ERR,ERR,ERR,ERR,ERR,ERR,ERR,ERR,ERR,ERR,ERR,ERR,ERR,ERR,ERR,ERR,ERR,ERR,ERR,ERR,ERR,ERR,ERR,ERR,ERR,ERR,ERR,ERR,ERR,ERR,ERR,ERR,ERR,ERR,ERR,ERR,ERR,ERR,ERR,ERR,ERR,ERR,ERR,ERR,ERR,ERR,ERR,ERR,ERR,ERR,ERR,ERR,ERR,ERR,ERR,0.0,-107615384.0,0.0,-4.9501291711397626e+32,1.592,1.3936040501711995e+18,7.805,0.0,0,0,4,48933,6720,14723890282496.0,100,0.0,0.0,0.0,-4.9501291711397626e+32,0.0,0,0,0,0,0.0,0,0,0,0,0,0,0,0,0,0,0,0,0,0,0,0,0,0,0,0,0,0,0,0,0,0,0,0,0,0,0,0,0,26,51,50,76,65476,0,300,0,0,8,21553,0.0,-107605600.0,0.0,0.0,0.0,0.0,0.0,0.0,0.0,0.0,0.0,0.0,0.0,0.0,0.0,0.0,0.0,0.0,0.0,0.0,0.0,0.0,-0.0,-2.004,-0.0,2.004,0.0,0.0,0.0,0.0,4848.0,0.0,7232.0,0.0,-107615384.0,2.7184303811560617e+23,0.0,0.0,0.0,0.0,0.0,77,-0.0,89220.508,0.0,0.0,0.0,0.0,0.0,0.0,0.0,0,0,0,0.0,0.0,0.0,0.0,0.0,0.0,0.0,0.0,0.0,0.0,0.0,0.0,0.0,0.0,0.0,0.0,0,-107875648.0,77,0.0,154,0.0,-101056864.0,ERR,ERR,ERR,ERR,ERR,ERR,ERR,ERR,ERR,ERR,ERR,ERR,ERR,ERR,ERR,ERR,ERR,ERR,ERR,ERR,ERR,ERR,ERR,ERR,ERR,ERR,ERR,ERR,ERR,ERR,ERR,ERR,ERR,ERR,ERR,ERR,ERR,ERR,ERR,ERR,ERR,ERR,ERR,ERR,ERR,ERR,ERR,ERR,ERR,ERR,ERR,ERR,ERR,ERR,ERR,ERR,ERR,ERR,ERR,ERR,ERR,ERR,ERR,ERR,ERR,ERR,ERR,34.0,80.0,35,0.0,0.0,0.0,0.0,0.0,0.0,0.0,0.0,0.0,0.0,0.0,0.0,0.0,0.0,0.0,0.0,65.6,0,119,58,53,65476,0,300,0,0,8,20529,65476,0,0,57672,80.0,0.0,0.0,0.0,0.0,0.0
2026-06-18T02:52:52,ERR,ERR,ERR,ERR,ERR,ERR,ERR,ERR,ERR,ERR,ERR,ERR,ERR,ERR,ERR,ERR,ERR,ERR,ERR,ERR,ERR,ERR,ERR,ERR,ERR,ERR,ERR,ERR,ERR,ERR,ERR,ERR,ERR,ERR,ERR,ERR,ERR,ERR,ERR,ERR,ERR,ERR,ERR,ERR,ERR,ERR,ERR,ERR,ERR,ERR,ERR,ERR,ERR,ERR,ERR,ERR,ERR,ERR,ERR,ERR,ERR,ERR,ERR,ERR,ERR,ERR,ERR,ERR,ERR,ERR,ERR,ERR,ERR,ERR,ERR,ERR,ERR,ERR,ERR,ERR,ERR,ERR,ERR,ERR,ERR,ERR,ERR,ERR,ERR,ERR,ERR,ERR,ERR,ERR,ERR,ERR,ERR,ERR,ERR,ERR,ERR,ERR,ERR,ERR,ERR,ERR,ERR,ERR,ERR,ERR,ERR,ERR,ERR,ERR,ERR,ERR,ERR,ERR,ERR,ERR,ERR,ERR,ERR,ERR,ERR,0.0,-107615384.0,0.0,-4.9501291711397626e+32,1.592,1.3936040501711995e+18,7.805,0.0,0,0,4,48933,6720,14723890282496.0,100,0.0,0.0,0.0,-4.9501291711397626e+32,0.0,0,0,0,0,0.0,0,0,0,0,0,0,0,0,0,0,0,0,0,0,0,0,0,0,0,0,0,0,0,0,0,0,0,0,0,0,0,0,0,26,51,50,76,65476,0,300,0,0,8,21553,0.0,-107605600.0,0.0,0.0,0.0,0.0,0.0,0.0,0.0,0.0,0.0,0.0,0.0,0.0,0.0,0.0,0.0,0.0,0.0,0.0,0.0,0.0,-0.0,-2.004,-0.0,2.004,0.0,0.0,0.0,0.0,4848.0,0.0,7232.0,0.0,-107615384.0,2.7184303811560617e+23,0.0,0.0,0.0,0.0,0.0,77,-0.0,89220.508,0.0,0.0,0.0,0.0,0.0,0.0,0.0,0,0,0,0.0,0.0,0.0,0.0,0.0,0.0,0.0,0.0,0.0,0.0,0.0,0.0,0.0,0.0,0.0,0.0,0,-107875648.0,77,0.0,154,0.0,-101056864.0,ERR,ERR,ERR,ERR,ERR,ERR,ERR,ERR,ERR,ERR,ERR,ERR,ERR,ERR,ERR,ERR,ERR,ERR,ERR,ERR,ERR,ERR,ERR,ERR,ERR,ERR,ERR,ERR,ERR,ERR,ERR,ERR,ERR,ERR,ERR,ERR,ERR,ERR,ERR,ERR,ERR,ERR,ERR,ERR,ERR,ERR,ERR,ERR,ERR,ERR,ERR,ERR,ERR,ERR,ERR,ERR,ERR,ERR,ERR,ERR,ERR,ERR,ERR,ERR,ERR,ERR,ERR,34.0,80.0,35,0.0,0.0,0.0,0.0,0.0,0.0,0.0,0.0,0.0,0.0,0.0,0.0,0.0,0.0,0.0,0.0,65.6,0,119,58,53,65476,0,300,0,0,8,20529,65476,0,0,57672,80.0,0.0,0.0,0.0,0.0,0.0
2026-06-18T02:52:53,ERR,ERR,ERR,ERR,ERR,ERR,ERR,ERR,ERR,ERR,ERR,ERR,ERR,ERR,ERR,ERR,ERR,ERR,ERR,ERR,ERR,ERR,ERR,ERR,ERR,ERR,ERR,ERR,ERR,ERR,ERR,ERR,ERR,ERR,ERR,ERR,ERR,ERR,ERR,ERR,ERR,ERR,ERR,ERR,ERR,ERR,ERR,ERR,ERR,ERR,ERR,ERR,ERR,ERR,ERR,ERR,ERR,ERR,ERR,ERR,ERR,ERR,ERR,ERR,ERR,ERR,ERR,ERR,ERR,ERR,ERR,ERR,ERR,ERR,ERR,ERR,ERR,ERR,ERR,ERR,ERR,ERR,ERR,ERR,ERR,ERR,ERR,ERR,ERR,ERR,ERR,ERR,ERR,ERR,ERR,ERR,ERR,ERR,ERR,ERR,ERR,ERR,ERR,ERR,ERR,ERR,ERR,ERR,ERR,ERR,ERR,ERR,ERR,ERR,ERR,ERR,ERR,ERR,ERR,ERR,ERR,ERR,ERR,ERR,ERR,0.0,-107615384.0,0.0,-4.9501291711397626e+32,1.592,1.3936040501711995e+18,7.805,0.0,0,0,4,48933,6720,14723890282496.0,100,0.0,0.0,0.0,-4.9501291711397626e+32,0.0,0,0,0,0,0.0,0,0,0,0,0,0,0,0,0,0,0,0,0,0,0,0,0,0,0,0,0,0,0,0,0,0,0,0,0,0,0,0,0,26,51,50,76,65476,0,300,0,0,8,21553,0.0,-107605600.0,0.0,0.0,0.0,0.0,0.0,0.0,0.0,0.0,0.0,0.0,0.0,0.0,0.0,0.0,0.0,0.0,0.0,0.0,0.0,0.0,-0.0,-2.004,-0.0,2.004,0.0,0.0,0.0,0.0,4848.0,0.0,7232.0,0.0,-107615384.0,2.7184303811560617e+23,0.0,0.0,0.0,0.0,0.0,77,-0.0,89220.508,0.0,0.0,0.0,0.0,0.0,0.0,0.0,0,0,0,0.0,0.0,0.0,0.0,0.0,0.0,0.0,0.0,0.0,0.0,0.0,0.0,0.0,0.0,0.0,0.0,0,-107875648.0,77,0.0,154,0.0,-101056864.0,ERR,ERR,ERR,ERR,ERR,ERR,ERR,ERR,ERR,ERR,ERR,ERR,ERR,ERR,ERR,ERR,ERR,ERR,ERR,ERR,ERR,ERR,ERR,ERR,ERR,ERR,ERR,ERR,ERR,ERR,ERR,ERR,ERR,ERR,ERR,ERR,ERR,ERR,ERR,ERR,ERR,ERR,ERR,ERR,ERR,ERR,ERR,ERR,ERR,ERR,ERR,ERR,ERR,ERR,ERR,ERR,ERR,ERR,ERR,ERR,ERR,ERR,ERR,ERR,ERR,ERR,ERR,34.0,80.0,35,0.0,0.0,0.0,0.0,0.0,0.0,0.0,0.0,0.0,0.0,0.0,0.0,0.0,0.0,0.0,0.0,65.6,0,119,58,53,65476,0,300,0,0,8,20529,65476,0,0,57672,80.0,0.0,0.0,0.0,0.0,0.0
2026-06-18T02:52:54,ERR,ERR,ERR,ERR,ERR,ERR,ERR,ERR,ERR,ERR,ERR,ERR,ERR,ERR,ERR,ERR,ERR,ERR,ERR,ERR,ERR,ERR,ERR,ERR,ERR,ERR,ERR,ERR,ERR,ERR,ERR,ERR,ERR,ERR,ERR,ERR,ERR,ERR,ERR,ERR,ERR,ERR,ERR,ERR,ERR,ERR,ERR,ERR,ERR,ERR,ERR,ERR,ERR,ERR,ERR,ERR,ERR,ERR,ERR,ERR,ERR,ERR,ERR,ERR,ERR,ERR,ERR,ERR,ERR,ERR,ERR,ERR,ERR,ERR,ERR,ERR,ERR,ERR,ERR,ERR,ERR,ERR,ERR,ERR,ERR,ERR,ERR,ERR,ERR,ERR,ERR,ERR,ERR,ERR,ERR,ERR,ERR,ERR,ERR,ERR,ERR,ERR,ERR,ERR,ERR,ERR,ERR,ERR,ERR,ERR,ERR,ERR,ERR,ERR,ERR,ERR,ERR,ERR,ERR,ERR,ERR,ERR,ERR,ERR,ERR,0.0,-107615384.0,0.0,-4.9501291711397626e+32,1.592,1.3936040501711995e+18,7.805,0.0,0,0,4,48933,6720,14723890282496.0,100,0.0,0.0,0.0,-4.9501291711397626e+32,0.0,0,0,0,0,0.0,0,0,0,0,0,0,0,0,0,0,0,0,0,0,0,0,0,0,0,0,0,0,0,0,0,0,0,0,0,0,0,0,0,26,51,50,76,65476,0,300,0,0,8,21553,0.0,-107605600.0,0.0,0.0,0.0,0.0,0.0,0.0,0.0,0.0,0.0,0.0,0.0,0.0,0.0,0.0,0.0,0.0,0.0,0.0,0.0,0.0,-0.0,-2.004,-0.0,2.004,0.0,0.0,0.0,0.0,4848.0,0.0,7232.0,0.0,-107615384.0,2.7184303811560617e+23,0.0,0.0,0.0,0.0,0.0,77,-0.0,89220.508,0.0,0.0,0.0,0.0,0.0,0.0,0.0,0,0,0,0.0,0.0,0.0,0.0,0.0,0.0,0.0,0.0,0.0,0.0,0.0,0.0,0.0,0.0,0.0,0.0,0,-107875648.0,77,0.0,154,0.0,-101056864.0,ERR,ERR,ERR,ERR,ERR,ERR,ERR,ERR,ERR,ERR,ERR,ERR,ERR,ERR,ERR,ERR,ERR,ERR,ERR,ERR,ERR,ERR,ERR,ERR,ERR,ERR,ERR,ERR,ERR,ERR,ERR,ERR,ERR,ERR,ERR,ERR,ERR,ERR,ERR,ERR,ERR,ERR,ERR,ERR,ERR,ERR,ERR,ERR,ERR,ERR,ERR,ERR,ERR,ERR,ERR,ERR,ERR,ERR,ERR,ERR,ERR,ERR,ERR,ERR,ERR,ERR,ERR,34.0,80.0,35,0.0,0.0,0.0,0.0,0.0,0.0,0.0,0.0,0.0,0.0,0.0,0.0,0.0,0.0,0.0,0.0,65.6,0,119,58,53,65476,0,300,0,0,8,20529,65476,0,0,57672,80.0,0.0,0.0,0.0,0.0,0.0
2026-06-18T02:52:55,ERR,ERR,ERR,ERR,ERR,ERR,ERR,ERR,ERR,ERR,ERR,ERR,ERR,ERR,ERR,ERR,ERR,ERR,ERR,ERR,ERR,ERR,ERR,ERR,ERR,ERR,ERR,ERR,ERR,ERR,ERR,ERR,ERR,ERR,ERR,ERR,ERR,ERR,ERR,ERR,ERR,ERR,ERR,ERR,ERR,ERR,ERR,ERR,ERR,ERR,ERR,ERR,ERR,ERR,ERR,ERR,ERR,ERR,ERR,ERR,ERR,ERR,ERR,ERR,ERR,ERR,ERR,ERR,ERR,ERR,ERR,ERR,ERR,ERR,ERR,ERR,ERR,ERR,ERR,ERR,ERR,ERR,ERR,ERR,ERR,ERR,ERR,ERR,ERR,ERR,ERR,ERR,ERR,ERR,ERR,ERR,ERR,ERR,ERR,ERR,ERR,ERR,ERR,ERR,ERR,ERR,ERR,ERR,ERR,ERR,ERR,ERR,ERR,ERR,ERR,ERR,ERR,ERR,ERR,ERR,ERR,ERR,ERR,ERR,ERR,0.0,-107615384.0,0.0,-4.9501291711397626e+32,1.592,1.3936040501711995e+18,7.805,0.0,0,0,4,48933,6720,14723890282496.0,100,0.0,0.0,0.0,-4.9501291711397626e+32,0.0,0,0,0,0,0.0,0,0,0,0,0,0,0,0,0,0,0,0,0,0,0,0,0,0,0,0,0,0,0,0,0,0,0,0,0,0,0,0,0,26,51,50,76,65476,0,300,0,0,8,21553,0.0,-107605600.0,0.0,0.0,0.0,0.0,0.0,0.0,0.0,0.0,0.0,0.0,0.0,0.0,0.0,0.0,0.0,0.0,0.0,0.0,0.0,0.0,-0.0,-2.004,-0.0,2.004,0.0,0.0,0.0,0.0,4848.0,0.0,7232.0,0.0,-107615384.0,2.7184303811560617e+23,0.0,0.0,0.0,0.0,0.0,77,-0.0,89220.508,0.0,0.0,0.0,0.0,0.0,0.0,0.0,0,0,0,0.0,0.0,0.0,0.0,0.0,0.0,0.0,0.0,0.0,0.0,0.0,0.0,0.0,0.0,0.0,0.0,0,-107875648.0,77,0.0,154,0.0,-101056864.0,ERR,ERR,ERR,ERR,ERR,ERR,ERR,ERR,ERR,ERR,ERR,ERR,ERR,ERR,ERR,ERR,ERR,ERR,ERR,ERR,ERR,ERR,ERR,ERR,ERR,ERR,ERR,ERR,ERR,ERR,ERR,ERR,ERR,ERR,ERR,ERR,ERR,ERR,ERR,ERR,ERR,ERR,ERR,ERR,ERR,ERR,ERR,ERR,ERR,ERR,ERR,ERR,ERR,ERR,ERR,ERR,ERR,ERR,ERR,ERR,ERR,ERR,ERR,ERR,ERR,ERR,ERR,34.0,80.0,35,0.0,0.0,0.0,0.0,0.0,0.0,0.0,0.0,0.0,0.0,0.0,0.0,0.0,0.0,0.0,0.0,66.0,0,119,58,53,65476,0,300,0,0,8,20529,65476,0,0,57672,80.0,0.0,0.0,0.0,0.0,0.0
2026-06-18T02:52:56,ERR,ERR,ERR,ERR,ERR,ERR,ERR,ERR,ERR,ERR,ERR,ERR,ERR,ERR,ERR,ERR,ERR,ERR,ERR,ERR,ERR,ERR,ERR,ERR,ERR,ERR,ERR,ERR,ERR,ERR,ERR,ERR,ERR,ERR,ERR,ERR,ERR,ERR,ERR,ERR,ERR,ERR,ERR,ERR,ERR,ERR,ERR,ERR,ERR,ERR,ERR,ERR,ERR,ERR,ERR,ERR,ERR,ERR,ERR,ERR,ERR,ERR,ERR,ERR,ERR,ERR,ERR,ERR,ERR,ERR,ERR,ERR,ERR,ERR,ERR,ERR,ERR,ERR,ERR,ERR,ERR,ERR,ERR,ERR,ERR,ERR,ERR,ERR,ERR,ERR,ERR,ERR,ERR,ERR,ERR,ERR,ERR,ERR,ERR,ERR,ERR,ERR,ERR,ERR,ERR,ERR,ERR,ERR,ERR,ERR,ERR,ERR,ERR,ERR,ERR,ERR,ERR,ERR,ERR,ERR,ERR,ERR,ERR,ERR,ERR,0.0,-107615384.0,-0.0,-0.0,nan,1.3936040501711995e+18,7.805,1.182,0,0,4,48933,6720,14723890282496.0,100,0.0,0.0,0.0,-0.0,0.0,0,0,0,0,0.0,0,0,0,0,0,0,0,0,0,0,0,0,0,0,0,0,0,0,0,0,0,0,0,0,0,0,0,0,0,0,0,0,0,26,51,50,76,65476,0,300,0,0,8,21553,0.0,-107605600.0,0.0,0.0,0.0,0.0,0.0,0.0,0.0,0.0,0.0,0.0,0.0,0.0,0.0,0.0,0.0,0.0,0.0,0.0,0.0,0.0,2.004,-2.004,-0.0,2.004,0.0,0.0,0.0,0.0,4816.0,-1.5879282197463203e+29,7262.0,0.0,-107615384.0,2.7184303811560617e+23,0.0,0.0,0.0,0.0,0.0,77,-0.0,0.0,0.0,0.0,0.0,0.0,0.0,0.0,0.0,0,0,0,0.0,0.0,0.0,0.0,0.0,0.0,0.0,0.0,0.0,0.0,0.0,0.0,0.0,0.0,0.0,0.0,0,-107875648.0,77,0.0,154,0.0,-101056864.0,ERR,ERR,ERR,ERR,ERR,ERR,ERR,ERR,ERR,ERR,ERR,ERR,ERR,ERR,ERR,ERR,ERR,ERR,ERR,ERR,ERR,ERR,ERR,ERR,ERR,ERR,ERR,ERR,ERR,ERR,ERR,ERR,ERR,ERR,ERR,ERR,ERR,ERR,ERR,ERR,ERR,ERR,ERR,ERR,ERR,ERR,ERR,ERR,ERR,ERR,ERR,ERR,ERR,ERR,ERR,ERR,ERR,ERR,ERR,ERR,ERR,ERR,ERR,ERR,ERR,ERR,ERR,34.0,80.0,35,0.0,0.0,0.0,0.0,0.0,0.0,0.0,0.0,0.0,0.0,0.0,0.0,0.0,0.0,0.0,0.0,65.6,0,119,58,53,65476,0,300,0,0,8,20529,65476,0,0,57672,80.0,0.0,0.0,0.0,0.0,0.0
2026-06-18T02:52:57,ERR,ERR,ERR,ERR,ERR,ERR,ERR,ERR,ERR,ERR,ERR,ERR,ERR,ERR,ERR,ERR,ERR,ERR,ERR,ERR,ERR,ERR,ERR,ERR,ERR,ERR,ERR,ERR,ERR,ERR,ERR,ERR,ERR,ERR,ERR,ERR,ERR,ERR,ERR,ERR,ERR,ERR,ERR,ERR,ERR,ERR,ERR,ERR,ERR,ERR,ERR,ERR,ERR,ERR,ERR,ERR,ERR,ERR,ERR,ERR,ERR,ERR,ERR,ERR,ERR,ERR,ERR,ERR,ERR,ERR,ERR,ERR,ERR,ERR,ERR,ERR,ERR,ERR,ERR,ERR,ERR,ERR,ERR,ERR,ERR,ERR,ERR,ERR,ERR,ERR,ERR,ERR,ERR,ERR,ERR,ERR,ERR,ERR,ERR,ERR,ERR,ERR,ERR,ERR,ERR,ERR,ERR,ERR,ERR,ERR,ERR,ERR,ERR,ERR,ERR,ERR,ERR,ERR,ERR,ERR,ERR,ERR,ERR,ERR,ERR,0.0,-107615384.0,-0.0,-0.0,nan,1.3936040501711995e+18,7.805,1.182,0,0,4,48933,6720,14723890282496.0,100,0.0,0.0,0.0,-0.0,0.0,0,0,0,0,0.0,0,0,0,0,0,0,0,0,0,0,0,0,0,0,0,0,0,0,0,0,0,0,0,0,0,0,0,0,0,0,0,0,0,26,51,50,76,65476,0,300,0,0,8,21553,0.0,-107605600.0,0.0,0.0,0.0,0.0,0.0,0.0,0.0,0.0,0.0,0.0,0.0,0.0,0.0,0.0,0.0,0.0,0.0,0.0,0.0,0.0,2.004,-2.004,-0.0,2.004,0.0,0.0,0.0,0.0,4816.0,-1.5879282197463203e+29,7262.0,0.0,-107615384.0,2.7184303811560617e+23,0.0,0.0,0.0,0.0,0.0,77,-0.0,0.0,0.0,0.0,0.0,0.0,0.0,0.0,0.0,0,0,0,0.0,0.0,0.0,0.0,0.0,0.0,0.0,0.0,0.0,0.0,0.0,0.0,0.0,0.0,0.0,0.0,0,-107875648.0,77,0.0,154,0.0,-101056864.0,ERR,ERR,ERR,ERR,ERR,ERR,ERR,ERR,ERR,ERR,ERR,ERR,ERR,ERR,ERR,ERR,ERR,ERR,ERR,ERR,ERR,ERR,ERR,ERR,ERR,ERR,ERR,ERR,ERR,ERR,ERR,ERR,ERR,ERR,ERR,ERR,ERR,ERR,ERR,ERR,ERR,ERR,ERR,ERR,ERR,ERR,ERR,ERR,ERR,ERR,ERR,ERR,ERR,ERR,ERR,ERR,ERR,ERR,ERR,ERR,ERR,ERR,ERR,ERR,ERR,ERR,ERR,34.0,80.0,35,0.0,0.0,0.0,0.0,0.0,0.0,0.0,0.0,0.0,0.0,0.0,0.0,0.0,0.0,0.0,0.0,65.6,0,119,58,53,65476,0,300,0,0,8,20529,65476,0,0,57672,80.0,0.0,0.0,0.0,0.0,0.0
2026-06-18T02:52:58,ERR,ERR,ERR,ERR,ERR,ERR,ERR,ERR,ERR,ERR,ERR,ERR,ERR,ERR,ERR,ERR,ERR,ERR,ERR,ERR,ERR,ERR,ERR,ERR,ERR,ERR,ERR,ERR,ERR,ERR,ERR,ERR,ERR,ERR,ERR,ERR,ERR,ERR,ERR,ERR,ERR,ERR,ERR,ERR,ERR,ERR,ERR,ERR,ERR,ERR,ERR,ERR,ERR,ERR,ERR,ERR,ERR,ERR,ERR,ERR,ERR,ERR,ERR,ERR,ERR,ERR,ERR,ERR,ERR,ERR,ERR,ERR,ERR,ERR,ERR,ERR,ERR,ERR,ERR,ERR,ERR,ERR,ERR,ERR,ERR,ERR,ERR,ERR,ERR,ERR,ERR,ERR,ERR,ERR,ERR,ERR,ERR,ERR,ERR,ERR,ERR,ERR,ERR,ERR,ERR,ERR,ERR,ERR,ERR,ERR,ERR,ERR,ERR,ERR,ERR,ERR,ERR,ERR,ERR,ERR,ERR,ERR,ERR,ERR,ERR,0.0,-107615384.0,-0.0,-0.0,nan,1.3936040501711995e+18,7.805,1.182,0,0,4,48933,6720,14723890282496.0,100,0.0,0.0,0.0,-0.0,0.0,0,0,0,0,0.0,0,0,0,0,0,0,0,0,0,0,0,0,0,0,0,0,0,0,0,0,0,0,0,0,0,0,0,0,0,0,0,0,0,26,51,50,76,65476,0,300,0,0,8,21553,0.0,-107605600.0,0.0,0.0,0.0,0.0,0.0,0.0,0.0,0.0,0.0,0.0,0.0,0.0,0.0,0.0,0.0,0.0,0.0,0.0,0.0,0.0,2.004,-2.004,-0.0,2.004,0.0,0.0,0.0,0.0,4816.0,-1.5879282197463203e+29,7262.0,0.0,-107615384.0,2.7184303811560617e+23,0.0,0.0,0.0,0.0,0.0,77,-0.0,0.0,0.0,0.0,0.0,0.0,0.0,0.0,0.0,0,0,0,0.0,0.0,0.0,0.0,0.0,0.0,0.0,0.0,0.0,0.0,0.0,0.0,0.0,0.0,0.0,0.0,0,-107875648.0,77,0.0,154,0.0,-101056864.0,ERR,ERR,ERR,ERR,ERR,ERR,ERR,ERR,ERR,ERR,ERR,ERR,ERR,ERR,ERR,ERR,ERR,ERR,ERR,ERR,ERR,ERR,ERR,ERR,ERR,ERR,ERR,ERR,ERR,ERR,ERR,ERR,ERR,ERR,ERR,ERR,ERR,ERR,ERR,ERR,ERR,ERR,ERR,ERR,ERR,ERR,ERR,ERR,ERR,ERR,ERR,ERR,ERR,ERR,ERR,ERR,ERR,ERR,ERR,ERR,ERR,ERR,ERR,ERR,ERR,ERR,ERR,34.0,80.0,35,0.0,0.0,0.0,0.0,0.0,0.0,0.0,0.0,0.0,0.0,0.0,0.0,0.0,0.0,0.0,0.0,65.6,0,119,58,53,65476,0,300,0,0,8,20529,65476,0,0,57672,80.0,0.0,0.0,0.0,0.0,0.0
2026-06-18T02:52:59,ERR,ERR,ERR,ERR,ERR,ERR,ERR,ERR,ERR,ERR,ERR,ERR,ERR,ERR,ERR,ERR,ERR,ERR,ERR,ERR,ERR,ERR,ERR,ERR,ERR,ERR,ERR,ERR,ERR,ERR,ERR,ERR,ERR,ERR,ERR,ERR,ERR,ERR,ERR,ERR,ERR,ERR,ERR,ERR,ERR,ERR,ERR,ERR,ERR,ERR,ERR,ERR,ERR,ERR,ERR,ERR,ERR,ERR,ERR,ERR,ERR,ERR,ERR,ERR,ERR,ERR,ERR,ERR,ERR,ERR,ERR,ERR,ERR,ERR,ERR,ERR,ERR,ERR,ERR,ERR,ERR,ERR,ERR,ERR,ERR,ERR,ERR,ERR,ERR,ERR,ERR,ERR,ERR,ERR,ERR,ERR,ERR,ERR,ERR,ERR,ERR,ERR,ERR,ERR,ERR,ERR,ERR,ERR,ERR,ERR,ERR,ERR,ERR,ERR,ERR,ERR,ERR,ERR,ERR,ERR,ERR,ERR,ERR,ERR,ERR,0.0,-107615384.0,-0.0,-0.0,nan,1.3936040501711995e+18,7.805,1.182,0,0,4,48933,6720,14723890282496.0,100,0.0,0.0,0.0,-0.0,0.0,0,0,0,0,0.0,0,0,0,0,0,0,0,0,0,0,0,0,0,0,0,0,0,0,0,0,0,0,0,0,0,0,0,0,0,0,0,0,0,26,51,50,76,65476,0,300,0,0,8,21553,0.0,-107605600.0,0.0,0.0,0.0,0.0,0.0,0.0,0.0,0.0,0.0,0.0,0.0,0.0,0.0,0.0,0.0,0.0,0.0,0.0,0.0,0.0,2.004,-2.004,-0.0,2.004,0.0,0.0,0.0,0.0,4816.0,-1.5879282197463203e+29,7262.0,0.0,-107615384.0,2.7184303811560617e+23,0.0,0.0,0.0,0.0,0.0,77,-0.0,0.0,0.0,0.0,0.0,0.0,0.0,0.0,0.0,0,0,0,0.0,0.0,0.0,0.0,0.0,0.0,0.0,0.0,0.0,0.0,0.0,0.0,0.0,0.0,0.0,0.0,0,-107875648.0,77,0.0,154,0.0,-101056864.0,ERR,ERR,ERR,ERR,ERR,ERR,ERR,ERR,ERR,ERR,ERR,ERR,ERR,ERR,ERR,ERR,ERR,ERR,ERR,ERR,ERR,ERR,ERR,ERR,ERR,ERR,ERR,ERR,ERR,ERR,ERR,ERR,ERR,ERR,ERR,ERR,ERR,ERR,ERR,ERR,ERR,ERR,ERR,ERR,ERR,ERR,ERR,ERR,ERR,ERR,ERR,ERR,ERR,ERR,ERR,ERR,ERR,ERR,ERR,ERR,ERR,ERR,ERR,ERR,ERR,ERR,ERR,34.0,80.0,35,0.0,0.0,0.0,0.0,0.0,0.0,0.0,0.0,0.0,0.0,0.0,0.0,0.0,0.0,0.0,0.0,65.6,0,119,58,53,65476,0,300,0,0,8,20529,65476,0,0,57672,80.0,0.0,0.0,0.0,0.0,0.0
2026-06-18T02:53:00,ERR,ERR,ERR,ERR,ERR,ERR,ERR,ERR,ERR,ERR,ERR,ERR,ERR,ERR,ERR,ERR,ERR,ERR,ERR,ERR,ERR,ERR,ERR,ERR,ERR,ERR,ERR,ERR,ERR,ERR,ERR,ERR,ERR,ERR,ERR,ERR,ERR,ERR,ERR,ERR,ERR,ERR,ERR,ERR,ERR,ERR,ERR,ERR,ERR,ERR,ERR,ERR,ERR,ERR,ERR,ERR,ERR,ERR,ERR,ERR,ERR,ERR,ERR,ERR,ERR,ERR,ERR,ERR,ERR,ERR,ERR,ERR,ERR,ERR,ERR,ERR,ERR,ERR,ERR,ERR,ERR,ERR,ERR,ERR,ERR,ERR,ERR,ERR,ERR,ERR,ERR,ERR,ERR,ERR,ERR,ERR,ERR,ERR,ERR,ERR,ERR,ERR,ERR,ERR,ERR,ERR,ERR,ERR,ERR,ERR,ERR,ERR,ERR,ERR,ERR,ERR,ERR,ERR,ERR,ERR,ERR,ERR,ERR,ERR,ERR,0.0,-107615384.0,-0.0,-0.0,nan,1.3936040501711995e+18,7.805,1.182,0,0,4,48933,6720,14723890282496.0,100,0.0,0.0,0.0,-0.0,0.0,0,0,0,0,0.0,0,0,0,0,0,0,0,0,0,0,0,0,0,0,0,0,0,0,0,0,0,0,0,0,0,0,0,0,0,0,0,0,0,26,51,50,76,65476,0,300,0,0,8,21553,0.0,-107605600.0,0.0,0.0,0.0,0.0,0.0,0.0,0.0,0.0,0.0,0.0,0.0,0.0,0.0,0.0,0.0,0.0,0.0,0.0,0.0,0.0,2.004,-2.004,-0.0,2.004,0.0,0.0,0.0,0.0,4816.0,-1.5879282197463203e+29,7262.0,0.0,-107615384.0,2.7184303811560617e+23,0.0,0.0,0.0,0.0,0.0,77,-0.0,0.0,0.0,0.0,0.0,0.0,0.0,0.0,0.0,0,0,0,0.0,0.0,0.0,0.0,0.0,0.0,0.0,0.0,0.0,0.0,0.0,0.0,0.0,0.0,0.0,0.0,0,-107875648.0,77,0.0,154,0.0,-101056864.0,ERR,ERR,ERR,ERR,ERR,ERR,ERR,ERR,ERR,ERR,ERR,ERR,ERR,ERR,ERR,ERR,ERR,ERR,ERR,ERR,ERR,ERR,ERR,ERR,ERR,ERR,ERR,ERR,ERR,ERR,ERR,ERR,ERR,ERR,ERR,ERR,ERR,ERR,ERR,ERR,ERR,ERR,ERR,ERR,ERR,ERR,ERR,ERR,ERR,ERR,ERR,ERR,ERR,ERR,ERR,ERR,ERR,ERR,ERR,ERR,ERR,ERR,ERR,ERR,ERR,ERR,ERR,34.0,80.0,35,0.0,0.0,0.0,0.0,0.0,0.0,0.0,0.0,0.0,0.0,0.0,0.0,0.0,0.0,0.0,0.0,66.0,0,119,58,53,65476,0,300,0,0,8,20529,65476,0,0,57672,80.0,0.0,0.0,0.0,0.0,0.0
2026-06-18T02:53:01,ERR,ERR,ERR,ERR,ERR,ERR,ERR,ERR,ERR,ERR,ERR,ERR,ERR,ERR,ERR,ERR,ERR,ERR,ERR,ERR,ERR,ERR,ERR,ERR,ERR,ERR,ERR,ERR,ERR,ERR,ERR,ERR,ERR,ERR,ERR,ERR,ERR,ERR,ERR,ERR,ERR,ERR,ERR,ERR,ERR,ERR,ERR,ERR,ERR,ERR,ERR,ERR,ERR,ERR,ERR,ERR,ERR,ERR,ERR,ERR,ERR,ERR,ERR,ERR,ERR,ERR,ERR,ERR,ERR,ERR,ERR,ERR,ERR,ERR,ERR,ERR,ERR,ERR,ERR,ERR,ERR,ERR,ERR,ERR,ERR,ERR,ERR,ERR,ERR,ERR,ERR,ERR,ERR,ERR,ERR,ERR,ERR,ERR,ERR,ERR,ERR,ERR,ERR,ERR,ERR,ERR,ERR,ERR,ERR,ERR,ERR,ERR,ERR,ERR,ERR,ERR,ERR,ERR,ERR,ERR,ERR,ERR,ERR,ERR,ERR,0.0,-107615384.0,-0.0,-0.0,nan,1.3936040501711995e+18,7.805,1.182,0,0,4,48933,6720,14723890282496.0,100,0.0,0.0,0.0,-0.0,0.0,0,0,0,0,0.0,0,0,0,0,0,0,0,0,0,0,0,0,0,0,0,0,0,0,0,0,0,0,0,0,0,0,0,0,0,0,0,0,0,26,51,50,76,65476,0,300,0,0,8,21553,0.0,-107605600.0,0.0,0.0,0.0,0.0,0.0,0.0,0.0,0.0,0.0,0.0,0.0,0.0,0.0,0.0,0.0,0.0,0.0,0.0,0.0,0.0,2.004,-2.004,-0.0,2.004,0.0,0.0,0.0,0.0,4816.0,-1.5879282197463203e+29,7262.0,0.0,-107615384.0,2.7184303811560617e+23,0.0,0.0,0.0,0.0,0.0,77,-0.0,0.0,0.0,0.0,0.0,0.0,0.0,0.0,0.0,0,0,0,0.0,0.0,0.0,0.0,0.0,0.0,0.0,0.0,0.0,0.0,0.0,0.0,0.0,0.0,0.0,0.0,0,-107875648.0,77,0.0,154,0.0,-101056864.0,ERR,ERR,ERR,ERR,ERR,ERR,ERR,ERR,ERR,ERR,ERR,ERR,ERR,ERR,ERR,ERR,ERR,ERR,ERR,ERR,ERR,ERR,ERR,ERR,ERR,ERR,ERR,ERR,ERR,ERR,ERR,ERR,ERR,ERR,ERR,ERR,ERR,ERR,ERR,ERR,ERR,ERR,ERR,ERR,ERR,ERR,ERR,ERR,ERR,ERR,ERR,ERR,ERR,ERR,ERR,ERR,ERR,ERR,ERR,ERR,ERR,ERR,ERR,ERR,ERR,ERR,ERR,34.0,80.0,35,0.0,0.0,0.0,0.0,0.0,0.0,0.0,0.0,0.0,0.0,0.0,0.0,0.0,0.0,0.0,0.0,66.0,0,119,58,53,65476,0,300,0,0,8,20529,65476,0,0,57672,80.0,0.0,0.0,0.0,0.0,0.0
2026-06-18T02:53:02,ERR,ERR,ERR,ERR,ERR,ERR,ERR,ERR,ERR,ERR,ERR,ERR,ERR,ERR,ERR,ERR,ERR,ERR,ERR,ERR,ERR,ERR,ERR,ERR,ERR,ERR,ERR,ERR,ERR,ERR,ERR,ERR,ERR,ERR,ERR,ERR,ERR,ERR,ERR,ERR,ERR,ERR,ERR,ERR,ERR,ERR,ERR,ERR,ERR,ERR,ERR,ERR,ERR,ERR,ERR,ERR,ERR,ERR,ERR,ERR,ERR,ERR,ERR,ERR,ERR,ERR,ERR,ERR,ERR,ERR,ERR,ERR,ERR,ERR,ERR,ERR,ERR,ERR,ERR,ERR,ERR,ERR,ERR,ERR,ERR,ERR,ERR,ERR,ERR,ERR,ERR,ERR,ERR,ERR,ERR,ERR,ERR,ERR,ERR,ERR,ERR,ERR,ERR,ERR,ERR,ERR,ERR,ERR,ERR,ERR,ERR,ERR,ERR,ERR,ERR,ERR,ERR,ERR,ERR,ERR,ERR,ERR,ERR,ERR,ERR,0.0,-107615384.0,-0.0,-152005385388032.0,nan,1.3936040501711995e+18,7.805,-1161942663168.0,0,0,4,48926,6720,14723890282496.0,100,0.0,0.0,0.0,-0.0,0.0,0,0,0,0,0.0,0,0,0,0,0,0,0,0,0,0,0,0,0,0,0,0,0,0,0,0,0,0,0,0,0,0,0,0,0,0,0,0,0,26,51,50,76,65476,0,300,0,0,8,21553,0.0,-107605600.0,0.0,0.0,0.0,0.0,0.0,0.0,0.0,0.0,0.0,0.0,0.0,0.0,0.0,0.0,0.0,0.0,0.0,0.0,0.0,0.0,-0.0,-2.004,-0.0,2.004,0.0,0.0,0.0,0.0,4812.0,-2.004,7256.0,0.0,-107615384.0,2.7184303811560617e+23,0.0,0.0,0.0,0.0,0.0,77,-0.0,-4.950398423098307e+32,0.0,0.0,0.0,0.0,0.0,0.0,0.0,0,0,0,0.0,0.0,0.0,0.0,0.0,0.0,0.0,0.0,0.0,0.0,0.0,0.0,0.0,0.0,0.0,0.0,0,-107875648.0,77,0.0,154,0.0,-101056864.0,ERR,ERR,ERR,ERR,ERR,ERR,ERR,ERR,ERR,ERR,ERR,ERR,ERR,ERR,ERR,ERR,ERR,ERR,ERR,ERR,ERR,ERR,ERR,ERR,ERR,ERR,ERR,ERR,ERR,ERR,ERR,ERR,ERR,ERR,ERR,ERR,ERR,ERR,ERR,ERR,ERR,ERR,ERR,ERR,ERR,ERR,ERR,ERR,ERR,ERR,ERR,ERR,ERR,ERR,ERR,ERR,ERR,ERR,ERR,ERR,ERR,ERR,ERR,ERR,ERR,ERR,ERR,34.0,80.0,35,0.0,0.0,0.0,0.0,0.0,0.0,0.0,0.0,0.0,0.0,0.0,0.0,0.0,0.0,0.0,0.0,65.6,0,119,58,53,65476,0,300,0,0,8,20529,65476,0,0,57672,80.0,0.0,0.0,0.0,0.0,0.0
2026-06-18T02:53:03,ERR,ERR,ERR,ERR,ERR,ERR,ERR,ERR,ERR,ERR,ERR,ERR,ERR,ERR,ERR,ERR,ERR,ERR,ERR,ERR,ERR,ERR,ERR,ERR,ERR,ERR,ERR,ERR,ERR,ERR,ERR,ERR,ERR,ERR,ERR,ERR,ERR,ERR,ERR,ERR,ERR,ERR,ERR,ERR,ERR,ERR,ERR,ERR,ERR,ERR,ERR,ERR,ERR,ERR,ERR,ERR,ERR,ERR,ERR,ERR,ERR,ERR,ERR,ERR,ERR,ERR,ERR,ERR,ERR,ERR,ERR,ERR,ERR,ERR,ERR,ERR,ERR,ERR,ERR,ERR,ERR,ERR,ERR,ERR,ERR,ERR,ERR,ERR,ERR,ERR,ERR,ERR,ERR,ERR,ERR,ERR,ERR,ERR,ERR,ERR,ERR,ERR,ERR,ERR,ERR,ERR,ERR,ERR,ERR,ERR,ERR,ERR,ERR,ERR,ERR,ERR,ERR,ERR,ERR,ERR,ERR,ERR,ERR,ERR,ERR,0.0,-107615384.0,-0.0,-152005385388032.0,nan,1.3936040501711995e+18,7.805,-1161942663168.0,0,0,4,48926,6720,14723890282496.0,100,0.0,0.0,0.0,-0.0,0.0,0,0,0,0,0.0,0,0,0,0,0,0,0,0,0,0,0,0,0,0,0,0,0,0,0,0,0,0,0,0,0,0,0,0,0,0,0,0,0,26,51,50,76,65476,0,300,0,0,8,21553,0.0,-107605600.0,0.0,0.0,0.0,0.0,0.0,0.0,0.0,0.0,0.0,0.0,0.0,0.0,0.0,0.0,0.0,0.0,0.0,0.0,0.0,0.0,-0.0,-2.004,-0.0,2.004,0.0,0.0,0.0,0.0,4812.0,-2.004,7256.0,0.0,-107615384.0,2.7184303811560617e+23,0.0,0.0,0.0,0.0,0.0,77,-0.0,-4.950398423098307e+32,0.0,0.0,0.0,0.0,0.0,0.0,0.0,0,0,0,0.0,0.0,0.0,0.0,0.0,0.0,0.0,0.0,0.0,0.0,0.0,0.0,0.0,0.0,0.0,0.0,0,-107875648.0,77,0.0,154,0.0,-101056864.0,ERR,ERR,ERR,ERR,ERR,ERR,ERR,ERR,ERR,ERR,ERR,ERR,ERR,ERR,ERR,ERR,ERR,ERR,ERR,ERR,ERR,ERR,ERR,ERR,ERR,ERR,ERR,ERR,ERR,ERR,ERR,ERR,ERR,ERR,ERR,ERR,ERR,ERR,ERR,ERR,ERR,ERR,ERR,ERR,ERR,ERR,ERR,ERR,ERR,ERR,ERR,ERR,ERR,ERR,ERR,ERR,ERR,ERR,ERR,ERR,ERR,ERR,ERR,ERR,ERR,ERR,ERR,34.0,80.0,35,0.0,0.0,0.0,0.0,0.0,0.0,0.0,0.0,0.0,0.0,0.0,0.0,0.0,0.0,0.0,0.0,65.6,0,119,58,53,65476,0,300,0,0,8,20529,65476,0,0,57672,80.0,0.0,0.0,0.0,0.0,0.0
2026-06-18T02:53:04,ERR,ERR,ERR,ERR,ERR,ERR,ERR,ERR,ERR,ERR,ERR,ERR,ERR,ERR,ERR,ERR,ERR,ERR,ERR,ERR,ERR,ERR,ERR,ERR,ERR,ERR,ERR,ERR,ERR,ERR,ERR,ERR,ERR,ERR,ERR,ERR,ERR,ERR,ERR,ERR,ERR,ERR,ERR,ERR,ERR,ERR,ERR,ERR,ERR,ERR,ERR,ERR,ERR,ERR,ERR,ERR,ERR,ERR,ERR,ERR,ERR,ERR,ERR,ERR,ERR,ERR,ERR,ERR,ERR,ERR,ERR,ERR,ERR,ERR,ERR,ERR,ERR,ERR,ERR,ERR,ERR,ERR,ERR,ERR,ERR,ERR,ERR,ERR,ERR,ERR,ERR,ERR,ERR,ERR,ERR,ERR,ERR,ERR,ERR,ERR,ERR,ERR,ERR,ERR,ERR,ERR,ERR,ERR,ERR,ERR,ERR,ERR,ERR,ERR,ERR,ERR,ERR,ERR,ERR,ERR,ERR,ERR,ERR,ERR,ERR,0.0,-107615384.0,-0.0,-152005385388032.0,nan,1.3936040501711995e+18,7.805,-1161942663168.0,0,0,4,48926,6720,14723890282496.0,100,0.0,0.0,0.0,-0.0,0.0,0,0,0,0,0.0,0,0,0,0,0,0,0,0,0,0,0,0,0,0,0,0,0,0,0,0,0,0,0,0,0,0,0,0,0,0,0,0,0,26,51,50,76,65476,0,300,0,0,8,21553,0.0,-107605600.0,0.0,0.0,0.0,0.0,0.0,0.0,0.0,0.0,0.0,0.0,0.0,0.0,0.0,0.0,0.0,0.0,0.0,0.0,0.0,0.0,-0.0,-2.004,-0.0,2.004,0.0,0.0,0.0,0.0,4812.0,-2.004,7256.0,0.0,-107615384.0,2.7184303811560617e+23,0.0,0.0,0.0,0.0,0.0,77,-0.0,-4.950398423098307e+32,0.0,0.0,0.0,0.0,0.0,0.0,0.0,0,0,0,0.0,0.0,0.0,0.0,0.0,0.0,0.0,0.0,0.0,0.0,0.0,0.0,0.0,0.0,0.0,0.0,0,-107875648.0,77,0.0,154,0.0,-101056864.0,ERR,ERR,ERR,ERR,ERR,ERR,ERR,ERR,ERR,ERR,ERR,ERR,ERR,ERR,ERR,ERR,ERR,ERR,ERR,ERR,ERR,ERR,ERR,ERR,ERR,ERR,ERR,ERR,ERR,ERR,ERR,ERR,ERR,ERR,ERR,ERR,ERR,ERR,ERR,ERR,ERR,ERR,ERR,ERR,ERR,ERR,ERR,ERR,ERR,ERR,ERR,ERR,ERR,ERR,ERR,ERR,ERR,ERR,ERR,ERR,ERR,ERR,ERR,ERR,ERR,ERR,ERR,34.0,80.0,35,0.0,0.0,0.0,0.0,0.0,0.0,0.0,0.0,0.0,0.0,0.0,0.0,0.0,0.0,0.0,0.0,65.6,0,119,58,53,65476,0,300,0,0,8,20529,65476,0,0,57672,80.0,0.0,0.0,0.0,0.0,0.0
2026-06-18T02:53:05,ERR,ERR,ERR,ERR,ERR,ERR,ERR,ERR,ERR,ERR,ERR,ERR,ERR,ERR,ERR,ERR,ERR,ERR,ERR,ERR,ERR,ERR,ERR,ERR,ERR,ERR,ERR,ERR,ERR,ERR,ERR,ERR,ERR,ERR,ERR,ERR,ERR,ERR,ERR,ERR,ERR,ERR,ERR,ERR,ERR,ERR,ERR,ERR,ERR,ERR,ERR,ERR,ERR,ERR,ERR,ERR,ERR,ERR,ERR,ERR,ERR,ERR,ERR,ERR,ERR,ERR,ERR,ERR,ERR,ERR,ERR,ERR,ERR,ERR,ERR,ERR,ERR,ERR,ERR,ERR,ERR,ERR,ERR,ERR,ERR,ERR,ERR,ERR,ERR,ERR,ERR,ERR,ERR,ERR,ERR,ERR,ERR,ERR,ERR,ERR,ERR,ERR,ERR,ERR,ERR,ERR,ERR,ERR,ERR,ERR,ERR,ERR,ERR,ERR,ERR,ERR,ERR,ERR,ERR,ERR,ERR,ERR,ERR,ERR,ERR,0.0,-107615384.0,-0.0,-152005385388032.0,nan,1.3936040501711995e+18,7.805,-1161942663168.0,0,0,4,48926,6720,14723890282496.0,100,0.0,0.0,0.0,-0.0,0.0,0,0,0,0,0.0,0,0,0,0,0,0,0,0,0,0,0,0,0,0,0,0,0,0,0,0,0,0,0,0,0,0,0,0,0,0,0,0,0,26,51,50,76,65476,0,300,0,0,8,21553,0.0,-107605600.0,0.0,0.0,0.0,0.0,0.0,0.0,0.0,0.0,0.0,0.0,0.0,0.0,0.0,0.0,0.0,0.0,0.0,0.0,0.0,0.0,-0.0,-2.004,-0.0,2.004,0.0,0.0,0.0,0.0,4812.0,-2.004,7256.0,0.0,-107615384.0,2.7184303811560617e+23,0.0,0.0,0.0,0.0,0.0,77,-0.0,-4.950398423098307e+32,0.0,0.0,0.0,0.0,0.0,0.0,0.0,0,0,0,0.0,0.0,0.0,0.0,0.0,0.0,0.0,0.0,0.0,0.0,0.0,0.0,0.0,0.0,0.0,0.0,0,-107875648.0,77,0.0,154,0.0,-101056864.0,ERR,ERR,ERR,ERR,ERR,ERR,ERR,ERR,ERR,ERR,ERR,ERR,ERR,ERR,ERR,ERR,ERR,ERR,ERR,ERR,ERR,ERR,ERR,ERR,ERR,ERR,ERR,ERR,ERR,ERR,ERR,ERR,ERR,ERR,ERR,ERR,ERR,ERR,ERR,ERR,ERR,ERR,ERR,ERR,ERR,ERR,ERR,ERR,ERR,ERR,ERR,ERR,ERR,ERR,ERR,ERR,ERR,ERR,ERR,ERR,ERR,ERR,ERR,ERR,ERR,ERR,ERR,34.0,80.0,35,0.0,0.0,0.0,0.0,0.0,0.0,0.0,0.0,0.0,0.0,0.0,0.0,0.0,0.0,0.0,0.0,66.0,0,119,58,53,65476,0,300,0,0,8,20529,65476,0,0,57672,80.0,0.0,0.0,0.0,0.0,0.0
2026-06-18T02:53:06,ERR,ERR,ERR,ERR,ERR,ERR,ERR,ERR,ERR,ERR,ERR,ERR,ERR,ERR,ERR,ERR,ERR,ERR,ERR,ERR,ERR,ERR,ERR,ERR,ERR,ERR,ERR,ERR,ERR,ERR,ERR,ERR,ERR,ERR,ERR,ERR,ERR,ERR,ERR,ERR,ERR,ERR,ERR,ERR,ERR,ERR,ERR,ERR,ERR,ERR,ERR,ERR,ERR,ERR,ERR,ERR,ERR,ERR,ERR,ERR,ERR,ERR,ERR,ERR,ERR,ERR,ERR,ERR,ERR,ERR,ERR,ERR,ERR,ERR,ERR,ERR,ERR,ERR,ERR,ERR,ERR,ERR,ERR,ERR,ERR,ERR,ERR,ERR,ERR,ERR,ERR,ERR,ERR,ERR,ERR,ERR,ERR,ERR,ERR,ERR,ERR,ERR,ERR,ERR,ERR,ERR,ERR,ERR,ERR,ERR,ERR,ERR,ERR,ERR,ERR,ERR,ERR,ERR,ERR,ERR,ERR,ERR,ERR,ERR,ERR,0.0,-107615384.0,-0.0,-152005385388032.0,nan,1.3936040501711995e+18,7.805,-1161942663168.0,0,0,4,48926,6720,14723890282496.0,100,0.0,0.0,0.0,-0.0,0.0,0,0,0,0,0.0,0,0,0,0,0,0,0,0,0,0,0,0,0,0,0,0,0,0,0,0,0,0,0,0,0,0,0,0,0,0,0,0,0,26,51,50,76,65476,0,300,0,0,8,21553,0.0,-107605600.0,0.0,0.0,0.0,0.0,0.0,0.0,0.0,0.0,0.0,0.0,0.0,0.0,0.0,0.0,0.0,0.0,0.0,0.0,0.0,0.0,-0.0,-2.004,-0.0,2.004,0.0,0.0,0.0,0.0,4812.0,-2.004,7256.0,0.0,-107615384.0,2.7184303811560617e+23,0.0,0.0,0.0,0.0,0.0,77,-0.0,-4.950398423098307e+32,0.0,0.0,0.0,0.0,0.0,0.0,0.0,0,0,0,0.0,0.0,0.0,0.0,0.0,0.0,0.0,0.0,0.0,0.0,0.0,0.0,0.0,0.0,0.0,0.0,0,-107875648.0,77,0.0,154,0.0,-101056864.0,ERR,ERR,ERR,ERR,ERR,ERR,ERR,ERR,ERR,ERR,ERR,ERR,ERR,ERR,ERR,ERR,ERR,ERR,ERR,ERR,ERR,ERR,ERR,ERR,ERR,ERR,ERR,ERR,ERR,ERR,ERR,ERR,ERR,ERR,ERR,ERR,ERR,ERR,ERR,ERR,ERR,ERR,ERR,ERR,ERR,ERR,ERR,ERR,ERR,ERR,ERR,ERR,ERR,ERR,ERR,ERR,ERR,ERR,ERR,ERR,ERR,ERR,ERR,ERR,ERR,ERR,ERR,34.0,80.0,35,0.0,0.0,0.0,0.0,0.0,0.0,0.0,0.0,0.0,0.0,0.0,0.0,0.0,0.0,0.0,0.0,66.0,0,119,58,53,65476,0,300,0,0,8,20529,65476,0,0,57672,80.0,0.0,0.0,0.0,0.0,0.0
2026-06-18T02:53:07,ERR,ERR,ERR,ERR,ERR,ERR,ERR,ERR,ERR,ERR,ERR,ERR,ERR,ERR,ERR,ERR,ERR,ERR,ERR,ERR,ERR,ERR,ERR,ERR,ERR,ERR,ERR,ERR,ERR,ERR,ERR,ERR,ERR,ERR,ERR,ERR,ERR,ERR,ERR,ERR,ERR,ERR,ERR,ERR,ERR,ERR,ERR,ERR,ERR,ERR,ERR,ERR,ERR,ERR,ERR,ERR,ERR,ERR,ERR,ERR,ERR,ERR,ERR,ERR,ERR,ERR,ERR,ERR,ERR,ERR,ERR,ERR,ERR,ERR,ERR,ERR,ERR,ERR,ERR,ERR,ERR,ERR,ERR,ERR,ERR,ERR,ERR,ERR,ERR,ERR,ERR,ERR,ERR,ERR,ERR,ERR,ERR,ERR,ERR,ERR,ERR,ERR,ERR,ERR,ERR,ERR,ERR,ERR,ERR,ERR,ERR,ERR,ERR,ERR,ERR,ERR,ERR,ERR,ERR,ERR,ERR,ERR,ERR,ERR,ERR,0.0,-107615384.0,-0.0,-0.0,nan,1.3936040501711995e+18,7.805,-0.0,0,0,4,48933,6720,14723890282496.0,100,0.0,0.0,0.0,-4.9501291711397626e+32,0.0,0,0,0,0,0.0,0,0,0,0,0,0,0,0,0,0,0,0,0,0,0,0,0,0,0,0,0,0,0,0,0,0,0,0,0,0,0,0,0,26,51,50,76,65476,0,300,0,0,8,21553,0.0,-107605600.0,0.0,0.0,0.0,0.0,0.0,0.0,0.0,0.0,0.0,0.0,0.0,0.0,0.0,0.0,0.0,0.0,0.0,0.0,0.0,0.0,-0.0,-2.004,-0.0,2.004,0.0,0.0,0.0,0.0,4814.0,-131350.344,7257.0,0.0,-107615384.0,2.7184303811560617e+23,0.0,0.0,0.0,0.0,0.0,77,-0.0,0.0,0.0,0.0,0.0,0.0,0.0,0.0,0.0,0,0,0,0.0,0.0,0.0,0.0,0.0,0.0,0.0,0.0,0.0,0.0,0.0,0.0,0.0,0.0,0.0,0.0,0,-107875648.0,77,0.0,154,0.0,-101056864.0,ERR,ERR,ERR,ERR,ERR,ERR,ERR,ERR,ERR,ERR,ERR,ERR,ERR,ERR,ERR,ERR,ERR,ERR,ERR,ERR,ERR,ERR,ERR,ERR,ERR,ERR,ERR,ERR,ERR,ERR,ERR,ERR,ERR,ERR,ERR,ERR,ERR,ERR,ERR,ERR,ERR,ERR,ERR,ERR,ERR,ERR,ERR,ERR,ERR,ERR,ERR,ERR,ERR,ERR,ERR,ERR,ERR,ERR,ERR,ERR,ERR,ERR,ERR,ERR,ERR,ERR,ERR,34.0,80.0,35,0.0,0.0,0.0,0.0,0.0,0.0,0.0,0.0,0.0,0.0,0.0,0.0,0.0,0.0,0.0,0.0,65.6,0,119,58,53,65476,0,300,0,0,8,20529,65476,0,0,57672,80.0,0.0,0.0,0.0,0.0,0.0
2026-06-18T02:53:08,ERR,ERR,ERR,ERR,ERR,ERR,ERR,ERR,ERR,ERR,ERR,ERR,ERR,ERR,ERR,ERR,ERR,ERR,ERR,ERR,ERR,ERR,ERR,ERR,ERR,ERR,ERR,ERR,ERR,ERR,ERR,ERR,ERR,ERR,ERR,ERR,ERR,ERR,ERR,ERR,ERR,ERR,ERR,ERR,ERR,ERR,ERR,ERR,ERR,ERR,ERR,ERR,ERR,ERR,ERR,ERR,ERR,ERR,ERR,ERR,ERR,ERR,ERR,ERR,ERR,ERR,ERR,ERR,ERR,ERR,ERR,ERR,ERR,ERR,ERR,ERR,ERR,ERR,ERR,ERR,ERR,ERR,ERR,ERR,ERR,ERR,ERR,ERR,ERR,ERR,ERR,ERR,ERR,ERR,ERR,ERR,ERR,ERR,ERR,ERR,ERR,ERR,ERR,ERR,ERR,ERR,ERR,ERR,ERR,ERR,ERR,ERR,ERR,ERR,ERR,ERR,ERR,ERR,ERR,ERR,ERR,ERR,ERR,ERR,ERR,0.0,-107615384.0,-0.0,-0.0,nan,1.3936040501711995e+18,7.805,-0.0,0,0,4,48933,6720,14723890282496.0,100,0.0,0.0,0.0,-4.9501291711397626e+32,0.0,0,0,0,0,0.0,0,0,0,0,0,0,0,0,0,0,0,0,0,0,0,0,0,0,0,0,0,0,0,0,0,0,0,0,0,0,0,0,0,26,51,50,76,65476,0,300,0,0,8,21553,0.0,-107605600.0,0.0,0.0,0.0,0.0,0.0,0.0,0.0,0.0,0.0,0.0,0.0,0.0,0.0,0.0,0.0,0.0,0.0,0.0,0.0,0.0,-0.0,-2.004,-0.0,2.004,0.0,0.0,0.0,0.0,4814.0,-131350.344,7257.0,0.0,-107615384.0,2.7184303811560617e+23,0.0,0.0,0.0,0.0,0.0,77,-0.0,0.0,0.0,0.0,0.0,0.0,0.0,0.0,0.0,0,0,0,0.0,0.0,0.0,0.0,0.0,0.0,0.0,0.0,0.0,0.0,0.0,0.0,0.0,0.0,0.0,0.0,0,-107875648.0,77,0.0,154,0.0,-101056864.0,ERR,ERR,ERR,ERR,ERR,ERR,ERR,ERR,ERR,ERR,ERR,ERR,ERR,ERR,ERR,ERR,ERR,ERR,ERR,ERR,ERR,ERR,ERR,ERR,ERR,ERR,ERR,ERR,ERR,ERR,ERR,ERR,ERR,ERR,ERR,ERR,ERR,ERR,ERR,ERR,ERR,ERR,ERR,ERR,ERR,ERR,ERR,ERR,ERR,ERR,ERR,ERR,ERR,ERR,ERR,ERR,ERR,ERR,ERR,ERR,ERR,ERR,ERR,ERR,ERR,ERR,ERR,34.0,80.0,35,0.0,0.0,0.0,0.0,0.0,0.0,0.0,0.0,0.0,0.0,0.0,0.0,0.0,0.0,0.0,0.0,65.6,0,119,58,53,65476,0,300,0,0,8,20529,65476,0,0,57672,80.0,0.0,0.0,0.0,0.0,0.0
2026-06-18T02:53:09,ERR,ERR,ERR,ERR,ERR,ERR,ERR,ERR,ERR,ERR,ERR,ERR,ERR,ERR,ERR,ERR,ERR,ERR,ERR,ERR,ERR,ERR,ERR,ERR,ERR,ERR,ERR,ERR,ERR,ERR,ERR,ERR,ERR,ERR,ERR,ERR,ERR,ERR,ERR,ERR,ERR,ERR,ERR,ERR,ERR,ERR,ERR,ERR,ERR,ERR,ERR,ERR,ERR,ERR,ERR,ERR,ERR,ERR,ERR,ERR,ERR,ERR,ERR,ERR,ERR,ERR,ERR,ERR,ERR,ERR,ERR,ERR,ERR,ERR,ERR,ERR,ERR,ERR,ERR,ERR,ERR,ERR,ERR,ERR,ERR,ERR,ERR,ERR,ERR,ERR,ERR,ERR,ERR,ERR,ERR,ERR,ERR,ERR,ERR,ERR,ERR,ERR,ERR,ERR,ERR,ERR,ERR,ERR,ERR,ERR,ERR,ERR,ERR,ERR,ERR,ERR,ERR,ERR,ERR,ERR,ERR,ERR,ERR,ERR,ERR,0.0,-107615384.0,-0.0,-0.0,nan,1.3936040501711995e+18,7.805,-0.0,0,0,4,48933,6720,14723890282496.0,100,0.0,0.0,0.0,-4.9501291711397626e+32,0.0,0,0,0,0,0.0,0,0,0,0,0,0,0,0,0,0,0,0,0,0,0,0,0,0,0,0,0,0,0,0,0,0,0,0,0,0,0,0,0,26,51,50,76,65476,0,300,0,0,8,21553,0.0,-107605600.0,0.0,0.0,0.0,0.0,0.0,0.0,0.0,0.0,0.0,0.0,0.0,0.0,0.0,0.0,0.0,0.0,0.0,0.0,0.0,0.0,-0.0,-2.004,-0.0,2.004,0.0,0.0,0.0,0.0,4814.0,-131350.344,7257.0,0.0,-107615384.0,2.7184303811560617e+23,0.0,0.0,0.0,0.0,0.0,77,-0.0,0.0,0.0,0.0,0.0,0.0,0.0,0.0,0.0,0,0,0,0.0,0.0,0.0,0.0,0.0,0.0,0.0,0.0,0.0,0.0,0.0,0.0,0.0,0.0,0.0,0.0,0,-107875648.0,77,0.0,154,0.0,-101056864.0,ERR,ERR,ERR,ERR,ERR,ERR,ERR,ERR,ERR,ERR,ERR,ERR,ERR,ERR,ERR,ERR,ERR,ERR,ERR,ERR,ERR,ERR,ERR,ERR,ERR,ERR,ERR,ERR,ERR,ERR,ERR,ERR,ERR,ERR,ERR,ERR,ERR,ERR,ERR,ERR,ERR,ERR,ERR,ERR,ERR,ERR,ERR,ERR,ERR,ERR,ERR,ERR,ERR,ERR,ERR,ERR,ERR,ERR,ERR,ERR,ERR,ERR,ERR,ERR,ERR,ERR,ERR,34.0,80.0,35,0.0,0.0,0.0,0.0,0.0,0.0,0.0,0.0,0.0,0.0,0.0,0.0,0.0,0.0,0.0,0.0,65.6,0,119,58,53,65476,0,300,0,0,8,20529,65476,0,0,57672,80.0,0.0,0.0,0.0,0.0,0.0
2026-06-18T02:53:10,ERR,ERR,ERR,ERR,ERR,ERR,ERR,ERR,ERR,ERR,ERR,ERR,ERR,ERR,ERR,ERR,ERR,ERR,ERR,ERR,ERR,ERR,ERR,ERR,ERR,ERR,ERR,ERR,ERR,ERR,ERR,ERR,ERR,ERR,ERR,ERR,ERR,ERR,ERR,ERR,ERR,ERR,ERR,ERR,ERR,ERR,ERR,ERR,ERR,ERR,ERR,ERR,ERR,ERR,ERR,ERR,ERR,ERR,ERR,ERR,ERR,ERR,ERR,ERR,ERR,ERR,ERR,ERR,ERR,ERR,ERR,ERR,ERR,ERR,ERR,ERR,ERR,ERR,ERR,ERR,ERR,ERR,ERR,ERR,ERR,ERR,ERR,ERR,ERR,ERR,ERR,ERR,ERR,ERR,ERR,ERR,ERR,ERR,ERR,ERR,ERR,ERR,ERR,ERR,ERR,ERR,ERR,ERR,ERR,ERR,ERR,ERR,ERR,ERR,ERR,ERR,ERR,ERR,ERR,ERR,ERR,ERR,ERR,ERR,ERR,0.0,-107615384.0,-0.0,-0.0,nan,1.3936040501711995e+18,7.805,-0.0,0,0,4,48933,6720,14723890282496.0,100,0.0,0.0,0.0,-4.9501291711397626e+32,0.0,0,0,0,0,0.0,0,0,0,0,0,0,0,0,0,0,0,0,0,0,0,0,0,0,0,0,0,0,0,0,0,0,0,0,0,0,0,0,0,26,51,50,76,65476,0,300,0,0,8,21553,0.0,-107605600.0,0.0,0.0,0.0,0.0,0.0,0.0,0.0,0.0,0.0,0.0,0.0,0.0,0.0,0.0,0.0,0.0,0.0,0.0,0.0,0.0,-0.0,-2.004,-0.0,2.004,0.0,0.0,0.0,0.0,4814.0,-131350.344,7257.0,0.0,-107615384.0,2.7184303811560617e+23,0.0,0.0,0.0,0.0,0.0,77,-0.0,0.0,0.0,0.0,0.0,0.0,0.0,0.0,0.0,0,0,0,0.0,0.0,0.0,0.0,0.0,0.0,0.0,0.0,0.0,0.0,0.0,0.0,0.0,0.0,0.0,0.0,0,-107875648.0,77,0.0,154,0.0,-101056864.0,ERR,ERR,ERR,ERR,ERR,ERR,ERR,ERR,ERR,ERR,ERR,ERR,ERR,ERR,ERR,ERR,ERR,ERR,ERR,ERR,ERR,ERR,ERR,ERR,ERR,ERR,ERR,ERR,ERR,ERR,ERR,ERR,ERR,ERR,ERR,ERR,ERR,ERR,ERR,ERR,ERR,ERR,ERR,ERR,ERR,ERR,ERR,ERR,ERR,ERR,ERR,ERR,ERR,ERR,ERR,ERR,ERR,ERR,ERR,ERR,ERR,ERR,ERR,ERR,ERR,ERR,ERR,34.0,80.0,35,0.0,0.0,0.0,0.0,0.0,0.0,0.0,0.0,0.0,0.0,0.0,0.0,0.0,0.0,0.0,0.0,65.6,0,119,58,53,65476,0,300,0,0,8,20529,65476,0,0,57672,80.0,0.0,0.0,0.0,0.0,0.0
2026-06-18T02:53:11,ERR,ERR,ERR,ERR,ERR,ERR,ERR,ERR,ERR,ERR,ERR,ERR,ERR,ERR,ERR,ERR,ERR,ERR,ERR,ERR,ERR,ERR,ERR,ERR,ERR,ERR,ERR,ERR,ERR,ERR,ERR,ERR,ERR,ERR,ERR,ERR,ERR,ERR,ERR,ERR,ERR,ERR,ERR,ERR,ERR,ERR,ERR,ERR,ERR,ERR,ERR,ERR,ERR,ERR,ERR,ERR,ERR,ERR,ERR,ERR,ERR,ERR,ERR,ERR,ERR,ERR,ERR,ERR,ERR,ERR,ERR,ERR,ERR,ERR,ERR,ERR,ERR,ERR,ERR,ERR,ERR,ERR,ERR,ERR,ERR,ERR,ERR,ERR,ERR,ERR,ERR,ERR,ERR,ERR,ERR,ERR,ERR,ERR,ERR,ERR,ERR,ERR,ERR,ERR,ERR,ERR,ERR,ERR,ERR,ERR,ERR,ERR,ERR,ERR,ERR,ERR,ERR,ERR,ERR,ERR,ERR,ERR,ERR,ERR,ERR,0.0,-107615384.0,-0.0,-0.0,nan,1.3936040501711995e+18,7.805,-0.0,0,0,4,48933,6720,14723890282496.0,100,0.0,0.0,0.0,-4.9501291711397626e+32,0.0,0,0,0,0,0.0,0,0,0,0,0,0,0,0,0,0,0,0,0,0,0,0,0,0,0,0,0,0,0,0,0,0,0,0,0,0,0,0,0,26,51,50,76,65476,0,300,0,0,8,21553,0.0,-107605600.0,0.0,0.0,0.0,0.0,0.0,0.0,0.0,0.0,0.0,0.0,0.0,0.0,0.0,0.0,0.0,0.0,0.0,0.0,0.0,0.0,-0.0,-2.004,-0.0,2.004,0.0,0.0,0.0,0.0,4814.0,-131350.344,7257.0,0.0,-107615384.0,2.7184303811560617e+23,0.0,0.0,0.0,0.0,0.0,77,-0.0,0.0,0.0,0.0,0.0,0.0,0.0,0.0,0.0,0,0,0,0.0,0.0,0.0,0.0,0.0,0.0,0.0,0.0,0.0,0.0,0.0,0.0,0.0,0.0,0.0,0.0,0,-107875648.0,77,0.0,154,0.0,-101056864.0,ERR,ERR,ERR,ERR,ERR,ERR,ERR,ERR,ERR,ERR,ERR,ERR,ERR,ERR,ERR,ERR,ERR,ERR,ERR,ERR,ERR,ERR,ERR,ERR,ERR,ERR,ERR,ERR,ERR,ERR,ERR,ERR,ERR,ERR,ERR,ERR,ERR,ERR,ERR,ERR,ERR,ERR,ERR,ERR,ERR,ERR,ERR,ERR,ERR,ERR,ERR,ERR,ERR,ERR,ERR,ERR,ERR,ERR,ERR,ERR,ERR,ERR,ERR,ERR,ERR,ERR,ERR,34.0,80.0,35,0.0,0.0,0.0,0.0,0.0,0.0,0.0,0.0,0.0,0.0,0.0,0.0,0.0,0.0,0.0,0.0,65.6,0,119,58,53,65476,0,300,0,0,8,20529,65476,0,0,57672,80.0,0.0,0.0,0.0,0.0,0.0
2026-06-18T02:53:12,ERR,ERR,ERR,ERR,ERR,ERR,ERR,ERR,ERR,ERR,ERR,ERR,ERR,ERR,ERR,ERR,ERR,ERR,ERR,ERR,ERR,ERR,ERR,ERR,ERR,ERR,ERR,ERR,ERR,ERR,ERR,ERR,ERR,ERR,ERR,ERR,ERR,ERR,ERR,ERR,ERR,ERR,ERR,ERR,ERR,ERR,ERR,ERR,ERR,ERR,ERR,ERR,ERR,ERR,ERR,ERR,ERR,ERR,ERR,ERR,ERR,ERR,ERR,ERR,ERR,ERR,ERR,ERR,ERR,ERR,ERR,ERR,ERR,ERR,ERR,ERR,ERR,ERR,ERR,ERR,ERR,ERR,ERR,ERR,ERR,ERR,ERR,ERR,ERR,ERR,ERR,ERR,ERR,ERR,ERR,ERR,ERR,ERR,ERR,ERR,ERR,ERR,ERR,ERR,ERR,ERR,ERR,ERR,ERR,ERR,ERR,ERR,ERR,ERR,ERR,ERR,ERR,ERR,ERR,ERR,ERR,ERR,ERR,ERR,ERR,0.0,-107615384.0,0.0,0.0,nan,1.3936040501711995e+18,7.805,-5533387829805056.0,0,0,4,48927,6720,14723890282496.0,100,0.0,0.0,0.0,0.0,0.0,0,0,0,0,0.0,0,0,0,0,0,0,0,0,0,0,0,0,0,0,0,0,0,0,0,0,0,0,0,0,0,0,0,0,0,0,0,0,0,26,51,50,76,65476,0,300,0,0,8,21553,0.0,-107605600.0,0.0,0.0,0.0,0.0,0.0,0.0,0.0,0.0,0.0,0.0,0.0,0.0,0.0,0.0,0.0,0.0,0.0,0.0,0.0,0.0,2.004,-2.004,-0.0,2.004,0.0,0.0,0.0,0.0,4817.0,-2.422986175150025e+24,7261.0,0.0,-107615384.0,2.7184303811560617e+23,0.0,0.0,0.0,0.0,0.0,77,-0.0,0.0,0.0,0.0,0.0,0.0,0.0,0.0,0.0,0,0,0,0.0,0.0,0.0,0.0,0.0,0.0,0.0,0.0,0.0,0.0,0.0,0.0,0.0,0.0,0.0,0.0,0,-107875648.0,77,0.0,154,0.0,-101056864.0,ERR,ERR,ERR,ERR,ERR,ERR,ERR,ERR,ERR,ERR,ERR,ERR,ERR,ERR,ERR,ERR,ERR,ERR,ERR,ERR,ERR,ERR,ERR,ERR,ERR,ERR,ERR,ERR,ERR,ERR,ERR,ERR,ERR,ERR,ERR,ERR,ERR,ERR,ERR,ERR,ERR,ERR,ERR,ERR,ERR,ERR,ERR,ERR,ERR,ERR,ERR,ERR,ERR,ERR,ERR,ERR,ERR,ERR,ERR,ERR,ERR,ERR,ERR,ERR,ERR,ERR,ERR,34.0,80.0,35,0.0,0.0,0.0,0.0,0.0,0.0,0.0,0.0,0.0,0.0,0.0,0.0,0.0,0.0,0.0,0.0,65.6,0,119,58,53,65476,0,300,0,0,8,20529,65476,0,0,57672,80.0,0.0,0.0,0.0,0.0,0.0
2026-06-18T02:53:13,ERR,ERR,ERR,ERR,ERR,ERR,ERR,ERR,ERR,ERR,ERR,ERR,ERR,ERR,ERR,ERR,ERR,ERR,ERR,ERR,ERR,ERR,ERR,ERR,ERR,ERR,ERR,ERR,ERR,ERR,ERR,ERR,ERR,ERR,ERR,ERR,ERR,ERR,ERR,ERR,ERR,ERR,ERR,ERR,ERR,ERR,ERR,ERR,ERR,ERR,ERR,ERR,ERR,ERR,ERR,ERR,ERR,ERR,ERR,ERR,ERR,ERR,ERR,ERR,ERR,ERR,ERR,ERR,ERR,ERR,ERR,ERR,ERR,ERR,ERR,ERR,ERR,ERR,ERR,ERR,ERR,ERR,ERR,ERR,ERR,ERR,ERR,ERR,ERR,ERR,ERR,ERR,ERR,ERR,ERR,ERR,ERR,ERR,ERR,ERR,ERR,ERR,ERR,ERR,ERR,ERR,ERR,ERR,ERR,ERR,ERR,ERR,ERR,ERR,ERR,ERR,ERR,ERR,ERR,ERR,ERR,ERR,ERR,ERR,ERR,0.0,-107615384.0,0.0,0.0,nan,1.3936040501711995e+18,7.805,-5533387829805056.0,0,0,4,48927,6720,14723890282496.0,100,0.0,0.0,0.0,0.0,0.0,0,0,0,0,0.0,0,0,0,0,0,0,0,0,0,0,0,0,0,0,0,0,0,0,0,0,0,0,0,0,0,0,0,0,0,0,0,0,0,26,51,50,76,65476,0,300,0,0,8,21553,0.0,-107605600.0,0.0,0.0,0.0,0.0,0.0,0.0,0.0,0.0,0.0,0.0,0.0,0.0,0.0,0.0,0.0,0.0,0.0,0.0,0.0,0.0,2.004,-2.004,-0.0,2.004,0.0,0.0,0.0,0.0,4817.0,-2.422986175150025e+24,7261.0,0.0,-107615384.0,2.7184303811560617e+23,0.0,0.0,0.0,0.0,0.0,77,-0.0,0.0,0.0,0.0,0.0,0.0,0.0,0.0,0.0,0,0,0,0.0,0.0,0.0,0.0,0.0,0.0,0.0,0.0,0.0,0.0,0.0,0.0,0.0,0.0,0.0,0.0,0,-107875648.0,77,0.0,154,0.0,-101056864.0,ERR,ERR,ERR,ERR,ERR,ERR,ERR,ERR,ERR,ERR,ERR,ERR,ERR,ERR,ERR,ERR,ERR,ERR,ERR,ERR,ERR,ERR,ERR,ERR,ERR,ERR,ERR,ERR,ERR,ERR,ERR,ERR,ERR,ERR,ERR,ERR,ERR,ERR,ERR,ERR,ERR,ERR,ERR,ERR,ERR,ERR,ERR,ERR,ERR,ERR,ERR,ERR,ERR,ERR,ERR,ERR,ERR,ERR,ERR,ERR,ERR,ERR,ERR,ERR,ERR,ERR,ERR,34.0,80.0,35,0.0,0.0,0.0,0.0,0.0,0.0,0.0,0.0,0.0,0.0,0.0,0.0,0.0,0.0,0.0,0.0,65.6,0,119,58,53,65476,0,300,0,0,8,20529,65476,0,0,57672,80.0,0.0,0.0,0.0,0.0,0.0
2026-06-18T02:53:14,ERR,ERR,ERR,ERR,ERR,ERR,ERR,ERR,ERR,ERR,ERR,ERR,ERR,ERR,ERR,ERR,ERR,ERR,ERR,ERR,ERR,ERR,ERR,ERR,ERR,ERR,ERR,ERR,ERR,ERR,ERR,ERR,ERR,ERR,ERR,ERR,ERR,ERR,ERR,ERR,ERR,ERR,ERR,ERR,ERR,ERR,ERR,ERR,ERR,ERR,ERR,ERR,ERR,ERR,ERR,ERR,ERR,ERR,ERR,ERR,ERR,ERR,ERR,ERR,ERR,ERR,ERR,ERR,ERR,ERR,ERR,ERR,ERR,ERR,ERR,ERR,ERR,ERR,ERR,ERR,ERR,ERR,ERR,ERR,ERR,ERR,ERR,ERR,ERR,ERR,ERR,ERR,ERR,ERR,ERR,ERR,ERR,ERR,ERR,ERR,ERR,ERR,ERR,ERR,ERR,ERR,ERR,ERR,ERR,ERR,ERR,ERR,ERR,ERR,ERR,ERR,ERR,ERR,ERR,ERR,ERR,ERR,ERR,ERR,ERR,0.0,-107615384.0,0.0,0.0,nan,1.3936040501711995e+18,7.805,-5533387829805056.0,0,0,4,48927,6720,14723890282496.0,100,0.0,0.0,0.0,0.0,0.0,0,0,0,0,0.0,0,0,0,0,0,0,0,0,0,0,0,0,0,0,0,0,0,0,0,0,0,0,0,0,0,0,0,0,0,0,0,0,0,26,51,50,76,65476,0,300,0,0,8,21553,0.0,-107605600.0,0.0,0.0,0.0,0.0,0.0,0.0,0.0,0.0,0.0,0.0,0.0,0.0,0.0,0.0,0.0,0.0,0.0,0.0,0.0,0.0,2.004,-2.004,-0.0,2.004,0.0,0.0,0.0,0.0,4817.0,-2.422986175150025e+24,7261.0,0.0,-107615384.0,2.7184303811560617e+23,0.0,0.0,0.0,0.0,0.0,77,-0.0,0.0,0.0,0.0,0.0,0.0,0.0,0.0,0.0,0,0,0,0.0,0.0,0.0,0.0,0.0,0.0,0.0,0.0,0.0,0.0,0.0,0.0,0.0,0.0,0.0,0.0,0,-107875648.0,77,0.0,154,0.0,-101056864.0,ERR,ERR,ERR,ERR,ERR,ERR,ERR,ERR,ERR,ERR,ERR,ERR,ERR,ERR,ERR,ERR,ERR,ERR,ERR,ERR,ERR,ERR,ERR,ERR,ERR,ERR,ERR,ERR,ERR,ERR,ERR,ERR,ERR,ERR,ERR,ERR,ERR,ERR,ERR,ERR,ERR,ERR,ERR,ERR,ERR,ERR,ERR,ERR,ERR,ERR,ERR,ERR,ERR,ERR,ERR,ERR,ERR,ERR,ERR,ERR,ERR,ERR,ERR,ERR,ERR,ERR,ERR,34.0,80.0,35,0.0,0.0,0.0,0.0,0.0,0.0,0.0,0.0,0.0,0.0,0.0,0.0,0.0,0.0,0.0,0.0,65.6,0,119,58,53,65476,0,300,0,0,8,20529,65476,0,0,57672,80.0,0.0,0.0,0.0,0.0,0.0
2026-06-18T02:53:15,ERR,ERR,ERR,ERR,ERR,ERR,ERR,ERR,ERR,ERR,ERR,ERR,ERR,ERR,ERR,ERR,ERR,ERR,ERR,ERR,ERR,ERR,ERR,ERR,ERR,ERR,ERR,ERR,ERR,ERR,ERR,ERR,ERR,ERR,ERR,ERR,ERR,ERR,ERR,ERR,ERR,ERR,ERR,ERR,ERR,ERR,ERR,ERR,ERR,ERR,ERR,ERR,ERR,ERR,ERR,ERR,ERR,ERR,ERR,ERR,ERR,ERR,ERR,ERR,ERR,ERR,ERR,ERR,ERR,ERR,ERR,ERR,ERR,ERR,ERR,ERR,ERR,ERR,ERR,ERR,ERR,ERR,ERR,ERR,ERR,ERR,ERR,ERR,ERR,ERR,ERR,ERR,ERR,ERR,ERR,ERR,ERR,ERR,ERR,ERR,ERR,ERR,ERR,ERR,ERR,ERR,ERR,ERR,ERR,ERR,ERR,ERR,ERR,ERR,ERR,ERR,ERR,ERR,ERR,ERR,ERR,ERR,ERR,ERR,ERR,0.0,-107615384.0,0.0,0.0,nan,1.3936040501711995e+18,7.805,-5533387829805056.0,0,0,4,48927,6720,14723890282496.0,100,0.0,0.0,0.0,0.0,0.0,0,0,0,0,0.0,0,0,0,0,0,0,0,0,0,0,0,0,0,0,0,0,0,0,0,0,0,0,0,0,0,0,0,0,0,0,0,0,0,26,51,50,76,65476,0,300,0,0,8,21553,0.0,-107605600.0,0.0,0.0,0.0,0.0,0.0,0.0,0.0,0.0,0.0,0.0,0.0,0.0,0.0,0.0,0.0,0.0,0.0,0.0,0.0,0.0,2.004,-2.004,-0.0,2.004,0.0,0.0,0.0,0.0,4817.0,-2.422986175150025e+24,7261.0,0.0,-107615384.0,2.7184303811560617e+23,0.0,0.0,0.0,0.0,0.0,77,-0.0,0.0,0.0,0.0,0.0,0.0,0.0,0.0,0.0,0,0,0,0.0,0.0,0.0,0.0,0.0,0.0,0.0,0.0,0.0,0.0,0.0,0.0,0.0,0.0,0.0,0.0,0,-107875648.0,77,0.0,154,0.0,-101056864.0,ERR,ERR,ERR,ERR,ERR,ERR,ERR,ERR,ERR,ERR,ERR,ERR,ERR,ERR,ERR,ERR,ERR,ERR,ERR,ERR,ERR,ERR,ERR,ERR,ERR,ERR,ERR,ERR,ERR,ERR,ERR,ERR,ERR,ERR,ERR,ERR,ERR,ERR,ERR,ERR,ERR,ERR,ERR,ERR,ERR,ERR,ERR,ERR,ERR,ERR,ERR,ERR,ERR,ERR,ERR,ERR,ERR,ERR,ERR,ERR,ERR,ERR,ERR,ERR,ERR,ERR,ERR,34.0,80.0,35,0.0,0.0,0.0,0.0,0.0,0.0,0.0,0.0,0.0,0.0,0.0,0.0,0.0,0.0,0.0,0.0,65.6,0,119,58,53,65476,0,300,0,0,8,20529,65476,0,0,57672,80.0,0.0,0.0,0.0,0.0,0.0
2026-06-18T02:53:16,ERR,ERR,ERR,ERR,ERR,ERR,ERR,ERR,ERR,ERR,ERR,ERR,ERR,ERR,ERR,ERR,ERR,ERR,ERR,ERR,ERR,ERR,ERR,ERR,ERR,ERR,ERR,ERR,ERR,ERR,ERR,ERR,ERR,ERR,ERR,ERR,ERR,ERR,ERR,ERR,ERR,ERR,ERR,ERR,ERR,ERR,ERR,ERR,ERR,ERR,ERR,ERR,ERR,ERR,ERR,ERR,ERR,ERR,ERR,ERR,ERR,ERR,ERR,ERR,ERR,ERR,ERR,ERR,ERR,ERR,ERR,ERR,ERR,ERR,ERR,ERR,ERR,ERR,ERR,ERR,ERR,ERR,ERR,ERR,ERR,ERR,ERR,ERR,ERR,ERR,ERR,ERR,ERR,ERR,ERR,ERR,ERR,ERR,ERR,ERR,ERR,ERR,ERR,ERR,ERR,ERR,ERR,ERR,ERR,ERR,ERR,ERR,ERR,ERR,ERR,ERR,ERR,ERR,ERR,ERR,ERR,ERR,ERR,ERR,ERR,0.0,-107615384.0,0.0,0.0,nan,1.3936040501711995e+18,7.805,-5533387829805056.0,0,0,4,48927,6720,14723890282496.0,100,0.0,0.0,0.0,0.0,0.0,0,0,0,0,0.0,0,0,0,0,0,0,0,0,0,0,0,0,0,0,0,0,0,0,0,0,0,0,0,0,0,0,0,0,0,0,0,0,0,26,51,50,76,65476,0,300,0,0,8,21553,0.0,-107605600.0,0.0,0.0,0.0,0.0,0.0,0.0,0.0,0.0,0.0,0.0,0.0,0.0,0.0,0.0,0.0,0.0,0.0,0.0,0.0,0.0,2.004,-2.004,-0.0,2.004,0.0,0.0,0.0,0.0,4817.0,-2.422986175150025e+24,7261.0,0.0,-107615384.0,2.7184303811560617e+23,0.0,0.0,0.0,0.0,0.0,77,-0.0,0.0,0.0,0.0,0.0,0.0,0.0,0.0,0.0,0,0,0,0.0,0.0,0.0,0.0,0.0,0.0,0.0,0.0,0.0,0.0,0.0,0.0,0.0,0.0,0.0,0.0,0,-107875648.0,77,0.0,154,0.0,-101056864.0,ERR,ERR,ERR,ERR,ERR,ERR,ERR,ERR,ERR,ERR,ERR,ERR,ERR,ERR,ERR,ERR,ERR,ERR,ERR,ERR,ERR,ERR,ERR,ERR,ERR,ERR,ERR,ERR,ERR,ERR,ERR,ERR,ERR,ERR,ERR,ERR,ERR,ERR,ERR,ERR,ERR,ERR,ERR,ERR,ERR,ERR,ERR,ERR,ERR,ERR,ERR,ERR,ERR,ERR,ERR,ERR,ERR,ERR,ERR,ERR,ERR,ERR,ERR,ERR,ERR,ERR,ERR,34.0,80.0,35,0.0,0.0,0.0,0.0,0.0,0.0,0.0,0.0,0.0,0.0,0.0,0.0,0.0,0.0,0.0,0.0,65.6,0,119,58,53,65476,0,300,0,0,8,20529,65476,0,0,57672,80.0,0.0,0.0,0.0,0.0,0.0
2026-06-18T02:53:17,ERR,ERR,ERR,ERR,ERR,ERR,ERR,ERR,ERR,ERR,ERR,ERR,ERR,ERR,ERR,ERR,ERR,ERR,ERR,ERR,ERR,ERR,ERR,ERR,ERR,ERR,ERR,ERR,ERR,ERR,ERR,ERR,ERR,ERR,ERR,ERR,ERR,ERR,ERR,ERR,ERR,ERR,ERR,ERR,ERR,ERR,ERR,ERR,ERR,ERR,ERR,ERR,ERR,ERR,ERR,ERR,ERR,ERR,ERR,ERR,ERR,ERR,ERR,ERR,ERR,ERR,ERR,ERR,ERR,ERR,ERR,ERR,ERR,ERR,ERR,ERR,ERR,ERR,ERR,ERR,ERR,ERR,ERR,ERR,ERR,ERR,ERR,ERR,ERR,ERR,ERR,ERR,ERR,ERR,ERR,ERR,ERR,ERR,ERR,ERR,ERR,ERR,ERR,ERR,ERR,ERR,ERR,ERR,ERR,ERR,ERR,ERR,ERR,ERR,ERR,ERR,ERR,ERR,ERR,ERR,ERR,ERR,ERR,ERR,ERR,0.0,-107615384.0,0.0,-107609184.0,nan,1.3936040501711995e+18,7.805,0.0,0,0,4,48927,6720,14723890282496.0,100,0.0,0.0,0.0,0.0,0.0,0,0,0,0,0.0,0,0,0,0,0,0,0,0,0,0,0,0,0,0,0,0,0,0,0,0,0,0,0,0,0,0,0,0,0,0,0,0,0,26,51,50,76,65476,0,300,0,0,8,21553,0.0,-107605600.0,0.0,0.0,0.0,0.0,0.0,0.0,0.0,0.0,0.0,0.0,0.0,0.0,0.0,0.0,0.0,0.0,0.0,0.0,0.0,0.0,2.004,-2.004,-0.0,2.004,0.0,0.0,0.0,0.0,4846.0,0.0,7233.0,0.0,-107615384.0,2.7184303811560617e+23,0.0,0.0,0.0,0.0,0.0,77,-0.0,2.7184161497812392e+23,0.0,0.0,0.0,0.0,0.0,0.0,0.0,0,0,0,0.0,0.0,0.0,0.0,0.0,0.0,0.0,0.0,0.0,0.0,0.0,0.0,0.0,0.0,0.0,0.0,0,-107875648.0,77,0.0,154,0.0,-101056864.0,ERR,ERR,ERR,ERR,ERR,ERR,ERR,ERR,ERR,ERR,ERR,ERR,ERR,ERR,ERR,ERR,ERR,ERR,ERR,ERR,ERR,ERR,ERR,ERR,ERR,ERR,ERR,ERR,ERR,ERR,ERR,ERR,ERR,ERR,ERR,ERR,ERR,ERR,ERR,ERR,ERR,ERR,ERR,ERR,ERR,ERR,ERR,ERR,ERR,ERR,ERR,ERR,ERR,ERR,ERR,ERR,ERR,ERR,ERR,ERR,ERR,ERR,ERR,ERR,ERR,ERR,ERR,34.0,80.0,35,0.0,0.0,0.0,0.0,0.0,0.0,0.0,0.0,0.0,0.0,0.0,0.0,0.0,0.0,0.0,0.0,65.6,0,119,58,53,65476,0,300,0,0,8,20529,65476,0,0,57672,80.0,0.0,0.0,0.0,0.0,0.0
2026-06-18T02:53:18,ERR,ERR,ERR,ERR,ERR,ERR,ERR,ERR,ERR,ERR,ERR,ERR,ERR,ERR,ERR,ERR,ERR,ERR,ERR,ERR,ERR,ERR,ERR,ERR,ERR,ERR,ERR,ERR,ERR,ERR,ERR,ERR,ERR,ERR,ERR,ERR,ERR,ERR,ERR,ERR,ERR,ERR,ERR,ERR,ERR,ERR,ERR,ERR,ERR,ERR,ERR,ERR,ERR,ERR,ERR,ERR,ERR,ERR,ERR,ERR,ERR,ERR,ERR,ERR,ERR,ERR,ERR,ERR,ERR,ERR,ERR,ERR,ERR,ERR,ERR,ERR,ERR,ERR,ERR,ERR,ERR,ERR,ERR,ERR,ERR,ERR,ERR,ERR,ERR,ERR,ERR,ERR,ERR,ERR,ERR,ERR,ERR,ERR,ERR,ERR,ERR,ERR,ERR,ERR,ERR,ERR,ERR,ERR,ERR,ERR,ERR,ERR,ERR,ERR,ERR,ERR,ERR,ERR,ERR,ERR,ERR,ERR,ERR,ERR,ERR,0.0,-107615384.0,0.0,-107609184.0,nan,1.3936040501711995e+18,7.805,0.0,0,0,4,48927,6720,14723890282496.0,100,0.0,0.0,0.0,0.0,0.0,0,0,0,0,0.0,0,0,0,0,0,0,0,0,0,0,0,0,0,0,0,0,0,0,0,0,0,0,0,0,0,0,0,0,0,0,0,0,0,26,51,50,76,65476,0,300,0,0,8,21553,0.0,-107605600.0,0.0,0.0,0.0,0.0,0.0,0.0,0.0,0.0,0.0,0.0,0.0,0.0,0.0,0.0,0.0,0.0,0.0,0.0,0.0,0.0,2.004,-2.004,-0.0,2.004,0.0,0.0,0.0,0.0,4846.0,0.0,7233.0,0.0,-107615384.0,2.7184303811560617e+23,0.0,0.0,0.0,0.0,0.0,77,-0.0,2.7184161497812392e+23,0.0,0.0,0.0,0.0,0.0,0.0,0.0,0,0,0,0.0,0.0,0.0,0.0,0.0,0.0,0.0,0.0,0.0,0.0,0.0,0.0,0.0,0.0,0.0,0.0,0,-107875648.0,77,0.0,154,0.0,-101056864.0,ERR,ERR,ERR,ERR,ERR,ERR,ERR,ERR,ERR,ERR,ERR,ERR,ERR,ERR,ERR,ERR,ERR,ERR,ERR,ERR,ERR,ERR,ERR,ERR,ERR,ERR,ERR,ERR,ERR,ERR,ERR,ERR,ERR,ERR,ERR,ERR,ERR,ERR,ERR,ERR,ERR,ERR,ERR,ERR,ERR,ERR,ERR,ERR,ERR,ERR,ERR,ERR,ERR,ERR,ERR,ERR,ERR,ERR,ERR,ERR,ERR,ERR,ERR,ERR,ERR,ERR,ERR,34.0,80.0,35,0.0,0.0,0.0,0.0,0.0,0.0,0.0,0.0,0.0,0.0,0.0,0.0,0.0,0.0,0.0,0.0,65.6,0,119,58,53,65476,0,300,0,0,8,20529,65476,0,0,57672,80.0,0.0,0.0,0.0,0.0,0.0
2026-06-18T02:53:19,ERR,ERR,ERR,ERR,ERR,ERR,ERR,ERR,ERR,ERR,ERR,ERR,ERR,ERR,ERR,ERR,ERR,ERR,ERR,ERR,ERR,ERR,ERR,ERR,ERR,ERR,ERR,ERR,ERR,ERR,ERR,ERR,ERR,ERR,ERR,ERR,ERR,ERR,ERR,ERR,ERR,ERR,ERR,ERR,ERR,ERR,ERR,ERR,ERR,ERR,ERR,ERR,ERR,ERR,ERR,ERR,ERR,ERR,ERR,ERR,ERR,ERR,ERR,ERR,ERR,ERR,ERR,ERR,ERR,ERR,ERR,ERR,ERR,ERR,ERR,ERR,ERR,ERR,ERR,ERR,ERR,ERR,ERR,ERR,ERR,ERR,ERR,ERR,ERR,ERR,ERR,ERR,ERR,ERR,ERR,ERR,ERR,ERR,ERR,ERR,ERR,ERR,ERR,ERR,ERR,ERR,ERR,ERR,ERR,ERR,ERR,ERR,ERR,ERR,ERR,ERR,ERR,ERR,ERR,ERR,ERR,ERR,ERR,ERR,ERR,0.0,-107615384.0,0.0,-107609184.0,nan,1.3936040501711995e+18,7.805,0.0,0,0,4,48927,6720,14723890282496.0,100,0.0,0.0,0.0,0.0,0.0,0,0,0,0,0.0,0,0,0,0,0,0,0,0,0,0,0,0,0,0,0,0,0,0,0,0,0,0,0,0,0,0,0,0,0,0,0,0,0,26,51,50,76,65476,0,300,0,0,8,21553,0.0,-107605600.0,0.0,0.0,0.0,0.0,0.0,0.0,0.0,0.0,0.0,0.0,0.0,0.0,0.0,0.0,0.0,0.0,0.0,0.0,0.0,0.0,2.004,-2.004,-0.0,2.004,0.0,0.0,0.0,0.0,4846.0,0.0,7233.0,0.0,-107615384.0,2.7184303811560617e+23,0.0,0.0,0.0,0.0,0.0,77,-0.0,2.7184161497812392e+23,0.0,0.0,0.0,0.0,0.0,0.0,0.0,0,0,0,0.0,0.0,0.0,0.0,0.0,0.0,0.0,0.0,0.0,0.0,0.0,0.0,0.0,0.0,0.0,0.0,0,-107875648.0,77,0.0,154,0.0,-101056864.0,ERR,ERR,ERR,ERR,ERR,ERR,ERR,ERR,ERR,ERR,ERR,ERR,ERR,ERR,ERR,ERR,ERR,ERR,ERR,ERR,ERR,ERR,ERR,ERR,ERR,ERR,ERR,ERR,ERR,ERR,ERR,ERR,ERR,ERR,ERR,ERR,ERR,ERR,ERR,ERR,ERR,ERR,ERR,ERR,ERR,ERR,ERR,ERR,ERR,ERR,ERR,ERR,ERR,ERR,ERR,ERR,ERR,ERR,ERR,ERR,ERR,ERR,ERR,ERR,ERR,ERR,ERR,34.0,80.0,35,0.0,0.0,0.0,0.0,0.0,0.0,0.0,0.0,0.0,0.0,0.0,0.0,0.0,0.0,0.0,0.0,65.6,0,119,58,53,65476,0,300,0,0,8,20529,65476,0,0,57672,80.0,0.0,0.0,0.0,0.0,0.0
2026-06-18T02:53:20,ERR,ERR,ERR,ERR,ERR,ERR,ERR,ERR,ERR,ERR,ERR,ERR,ERR,ERR,ERR,ERR,ERR,ERR,ERR,ERR,ERR,ERR,ERR,ERR,ERR,ERR,ERR,ERR,ERR,ERR,ERR,ERR,ERR,ERR,ERR,ERR,ERR,ERR,ERR,ERR,ERR,ERR,ERR,ERR,ERR,ERR,ERR,ERR,ERR,ERR,ERR,ERR,ERR,ERR,ERR,ERR,ERR,ERR,ERR,ERR,ERR,ERR,ERR,ERR,ERR,ERR,ERR,ERR,ERR,ERR,ERR,ERR,ERR,ERR,ERR,ERR,ERR,ERR,ERR,ERR,ERR,ERR,ERR,ERR,ERR,ERR,ERR,ERR,ERR,ERR,ERR,ERR,ERR,ERR,ERR,ERR,ERR,ERR,ERR,ERR,ERR,ERR,ERR,ERR,ERR,ERR,ERR,ERR,ERR,ERR,ERR,ERR,ERR,ERR,ERR,ERR,ERR,ERR,ERR,ERR,ERR,ERR,ERR,ERR,ERR,0.0,-107615384.0,0.0,-107609184.0,nan,1.3936040501711995e+18,7.805,0.0,0,0,4,48927,6720,14723890282496.0,100,0.0,0.0,0.0,0.0,0.0,0,0,0,0,0.0,0,0,0,0,0,0,0,0,0,0,0,0,0,0,0,0,0,0,0,0,0,0,0,0,0,0,0,0,0,0,0,0,0,26,51,50,76,65476,0,300,0,0,8,21553,0.0,-107605600.0,0.0,0.0,0.0,0.0,0.0,0.0,0.0,0.0,0.0,0.0,0.0,0.0,0.0,0.0,0.0,0.0,0.0,0.0,0.0,0.0,2.004,-2.004,-0.0,2.004,0.0,0.0,0.0,0.0,4846.0,0.0,7233.0,0.0,-107615384.0,2.7184303811560617e+23,0.0,0.0,0.0,0.0,0.0,77,-0.0,2.7184161497812392e+23,0.0,0.0,0.0,0.0,0.0,0.0,0.0,0,0,0,0.0,0.0,0.0,0.0,0.0,0.0,0.0,0.0,0.0,0.0,0.0,0.0,0.0,0.0,0.0,0.0,0,-107875648.0,77,0.0,154,0.0,-101056864.0,ERR,ERR,ERR,ERR,ERR,ERR,ERR,ERR,ERR,ERR,ERR,ERR,ERR,ERR,ERR,ERR,ERR,ERR,ERR,ERR,ERR,ERR,ERR,ERR,ERR,ERR,ERR,ERR,ERR,ERR,ERR,ERR,ERR,ERR,ERR,ERR,ERR,ERR,ERR,ERR,ERR,ERR,ERR,ERR,ERR,ERR,ERR,ERR,ERR,ERR,ERR,ERR,ERR,ERR,ERR,ERR,ERR,ERR,ERR,ERR,ERR,ERR,ERR,ERR,ERR,ERR,ERR,34.0,80.0,35,0.0,0.0,0.0,0.0,0.0,0.0,0.0,0.0,0.0,0.0,0.0,0.0,0.0,0.0,0.0,0.0,65.6,0,119,58,53,65476,0,300,0,0,8,20529,65476,0,0,57672,80.0,0.0,0.0,0.0,0.0,0.0
2026-06-18T02:53:21,ERR,ERR,ERR,ERR,ERR,ERR,ERR,ERR,ERR,ERR,ERR,ERR,ERR,ERR,ERR,ERR,ERR,ERR,ERR,ERR,ERR,ERR,ERR,ERR,ERR,ERR,ERR,ERR,ERR,ERR,ERR,ERR,ERR,ERR,ERR,ERR,ERR,ERR,ERR,ERR,ERR,ERR,ERR,ERR,ERR,ERR,ERR,ERR,ERR,ERR,ERR,ERR,ERR,ERR,ERR,ERR,ERR,ERR,ERR,ERR,ERR,ERR,ERR,ERR,ERR,ERR,ERR,ERR,ERR,ERR,ERR,ERR,ERR,ERR,ERR,ERR,ERR,ERR,ERR,ERR,ERR,ERR,ERR,ERR,ERR,ERR,ERR,ERR,ERR,ERR,ERR,ERR,ERR,ERR,ERR,ERR,ERR,ERR,ERR,ERR,ERR,ERR,ERR,ERR,ERR,ERR,ERR,ERR,ERR,ERR,ERR,ERR,ERR,ERR,ERR,ERR,ERR,ERR,ERR,ERR,ERR,ERR,ERR,ERR,ERR,0.0,-107615384.0,0.0,-107609184.0,nan,1.3936040501711995e+18,7.805,0.0,0,0,4,48927,6720,14723890282496.0,100,0.0,0.0,0.0,0.0,0.0,0,0,0,0,0.0,0,0,0,0,0,0,0,0,0,0,0,0,0,0,0,0,0,0,0,0,0,0,0,0,0,0,0,0,0,0,0,0,0,26,51,50,76,65476,0,300,0,0,8,21553,0.0,-107605600.0,0.0,0.0,0.0,0.0,0.0,0.0,0.0,0.0,0.0,0.0,0.0,0.0,0.0,0.0,0.0,0.0,0.0,0.0,0.0,0.0,2.004,-2.004,-0.0,2.004,0.0,0.0,0.0,0.0,4846.0,0.0,7233.0,0.0,-107615384.0,2.7184303811560617e+23,0.0,0.0,0.0,0.0,0.0,77,-0.0,2.7184161497812392e+23,0.0,0.0,0.0,0.0,0.0,0.0,0.0,0,0,0,0.0,0.0,0.0,0.0,0.0,0.0,0.0,0.0,0.0,0.0,0.0,0.0,0.0,0.0,0.0,0.0,0,-107875648.0,77,0.0,154,0.0,-101056864.0,ERR,ERR,ERR,ERR,ERR,ERR,ERR,ERR,ERR,ERR,ERR,ERR,ERR,ERR,ERR,ERR,ERR,ERR,ERR,ERR,ERR,ERR,ERR,ERR,ERR,ERR,ERR,ERR,ERR,ERR,ERR,ERR,ERR,ERR,ERR,ERR,ERR,ERR,ERR,ERR,ERR,ERR,ERR,ERR,ERR,ERR,ERR,ERR,ERR,ERR,ERR,ERR,ERR,ERR,ERR,ERR,ERR,ERR,ERR,ERR,ERR,ERR,ERR,ERR,ERR,ERR,ERR,34.0,80.0,35,0.0,0.0,0.0,0.0,0.0,0.0,0.0,0.0,0.0,0.0,0.0,0.0,0.0,0.0,0.0,0.0,65.6,0,119,58,53,65476,0,300,0,0,8,20529,65476,0,0,57672,80.0,0.0,0.0,0.0,0.0,0.0
2026-06-18T02:53:22,ERR,ERR,ERR,ERR,ERR,ERR,ERR,ERR,ERR,ERR,ERR,ERR,ERR,ERR,ERR,ERR,ERR,ERR,ERR,ERR,ERR,ERR,ERR,ERR,ERR,ERR,ERR,ERR,ERR,ERR,ERR,ERR,ERR,ERR,ERR,ERR,ERR,ERR,ERR,ERR,ERR,ERR,ERR,ERR,ERR,ERR,ERR,ERR,ERR,ERR,ERR,ERR,ERR,ERR,ERR,ERR,ERR,ERR,ERR,ERR,ERR,ERR,ERR,ERR,ERR,ERR,ERR,ERR,ERR,ERR,ERR,ERR,ERR,ERR,ERR,ERR,ERR,ERR,ERR,ERR,ERR,ERR,ERR,ERR,ERR,ERR,ERR,ERR,ERR,ERR,ERR,ERR,ERR,ERR,ERR,ERR,ERR,ERR,ERR,ERR,ERR,ERR,ERR,ERR,ERR,ERR,ERR,ERR,ERR,ERR,ERR,ERR,ERR,ERR,ERR,ERR,ERR,ERR,ERR,ERR,ERR,ERR,ERR,ERR,ERR,0.0,-107615384.0,0.0,-107609184.0,nan,1.3936040501711995e+18,7.805,0.0,0,0,4,48927,6720,14723890282496.0,100,0.0,0.0,0.0,0.0,0.0,0,0,0,0,0.0,0,0,0,0,0,0,0,0,0,0,0,0,0,0,0,0,0,0,0,0,0,0,0,0,0,0,0,0,0,0,0,0,0,26,51,50,76,65476,0,300,0,0,8,21553,0.0,-107605600.0,0.0,0.0,0.0,0.0,0.0,0.0,0.0,0.0,0.0,0.0,0.0,0.0,0.0,0.0,0.0,0.0,0.0,0.0,0.0,0.0,2.004,-2.004,-0.0,2.004,0.0,0.0,0.0,0.0,4846.0,0.0,7233.0,0.0,-107615384.0,2.7184303811560617e+23,0.0,0.0,0.0,0.0,0.0,77,-0.0,2.7184161497812392e+23,0.0,0.0,0.0,0.0,0.0,0.0,0.0,0,0,0,0.0,0.0,0.0,0.0,0.0,0.0,0.0,0.0,0.0,0.0,0.0,0.0,0.0,0.0,0.0,0.0,0,-107875648.0,77,0.0,154,0.0,-101056864.0,ERR,ERR,ERR,ERR,ERR,ERR,ERR,ERR,ERR,ERR,ERR,ERR,ERR,ERR,ERR,ERR,ERR,ERR,ERR,ERR,ERR,ERR,ERR,ERR,ERR,ERR,ERR,ERR,ERR,ERR,ERR,ERR,ERR,ERR,ERR,ERR,ERR,ERR,ERR,ERR,ERR,ERR,ERR,ERR,ERR,ERR,ERR,ERR,ERR,ERR,ERR,ERR,ERR,ERR,ERR,ERR,ERR,ERR,ERR,ERR,ERR,ERR,ERR,ERR,ERR,ERR,ERR,34.0,80.0,35,0.0,0.0,0.0,0.0,0.0,0.0,0.0,0.0,0.0,0.0,0.0,0.0,0.0,0.0,0.0,0.0,66.0,0,119,58,53,65476,0,300,0,0,8,20529,65476,0,0,57672,80.0,0.0,0.0,0.0,0.0,0.0
2026-06-18T02:53:23,ERR,ERR,ERR,ERR,ERR,ERR,ERR,ERR,ERR,ERR,ERR,ERR,ERR,ERR,ERR,ERR,ERR,ERR,ERR,ERR,ERR,ERR,ERR,ERR,ERR,ERR,ERR,ERR,ERR,ERR,ERR,ERR,ERR,ERR,ERR,ERR,ERR,ERR,ERR,ERR,ERR,ERR,ERR,ERR,ERR,ERR,ERR,ERR,ERR,ERR,ERR,ERR,ERR,ERR,ERR,ERR,ERR,ERR,ERR,ERR,ERR,ERR,ERR,ERR,ERR,ERR,ERR,ERR,ERR,ERR,ERR,ERR,ERR,ERR,ERR,ERR,ERR,ERR,ERR,ERR,ERR,ERR,ERR,ERR,ERR,ERR,ERR,ERR,ERR,ERR,ERR,ERR,ERR,ERR,ERR,ERR,ERR,ERR,ERR,ERR,ERR,ERR,ERR,ERR,ERR,ERR,ERR,ERR,ERR,ERR,ERR,ERR,ERR,ERR,ERR,ERR,ERR,ERR,ERR,ERR,ERR,ERR,ERR,ERR,ERR,0.0,-107615384.0,0.0,-0.0,nan,1.3936040501711995e+18,7.805,2527533.5,0,0,4,48933,6720,14723890282496.0,100,0.0,0.0,0.0,-0.0,0.0,0,0,0,0,0.0,0,0,0,0,0,0,0,0,0,0,0,0,0,0,0,0,0,0,0,0,0,0,0,0,0,0,0,0,0,0,0,0,0,26,51,50,76,65476,0,300,0,0,8,21553,0.0,-107605600.0,0.0,0.0,0.0,0.0,0.0,0.0,0.0,0.0,0.0,0.0,0.0,0.0,0.0,0.0,0.0,0.0,0.0,0.0,0.0,0.0,2.004,-2.004,2.004,2.004,0.0,0.0,0.0,0.0,4815.0,-3.697183494796791e+19,7260.0,0.0,-107615384.0,2.7184303811560617e+23,0.0,0.0,0.0,0.0,0.0,77,-0.0,0.0,0.0,0.0,0.0,0.0,0.0,0.0,0.0,0,0,0,0.0,0.0,0.0,0.0,0.0,0.0,0.0,0.0,0.0,0.0,0.0,0.0,0.0,0.0,0.0,0.0,0,-107875648.0,77,0.0,154,0.0,-101056864.0,ERR,ERR,ERR,ERR,ERR,ERR,ERR,ERR,ERR,ERR,ERR,ERR,ERR,ERR,ERR,ERR,ERR,ERR,ERR,ERR,ERR,ERR,ERR,ERR,ERR,ERR,ERR,ERR,ERR,ERR,ERR,ERR,ERR,ERR,ERR,ERR,ERR,ERR,ERR,ERR,ERR,ERR,ERR,ERR,ERR,ERR,ERR,ERR,ERR,ERR,ERR,ERR,ERR,ERR,ERR,ERR,ERR,ERR,ERR,ERR,ERR,ERR,ERR,ERR,ERR,ERR,ERR,34.0,80.0,35,0.0,0.0,0.0,0.0,0.0,0.0,0.0,0.0,0.0,0.0,0.0,0.0,0.0,0.0,0.0,0.0,66.0,0,119,58,53,65476,0,300,0,0,8,20529,65476,0,0,57672,80.0,0.0,0.0,0.0,0.0,0.0
2026-06-18T02:53:24,ERR,ERR,ERR,ERR,ERR,ERR,ERR,ERR,ERR,ERR,ERR,ERR,ERR,ERR,ERR,ERR,ERR,ERR,ERR,ERR,ERR,ERR,ERR,ERR,ERR,ERR,ERR,ERR,ERR,ERR,ERR,ERR,ERR,ERR,ERR,ERR,ERR,ERR,ERR,ERR,ERR,ERR,ERR,ERR,ERR,ERR,ERR,ERR,ERR,ERR,ERR,ERR,ERR,ERR,ERR,ERR,ERR,ERR,ERR,ERR,ERR,ERR,ERR,ERR,ERR,ERR,ERR,ERR,ERR,ERR,ERR,ERR,ERR,ERR,ERR,ERR,ERR,ERR,ERR,ERR,ERR,ERR,ERR,ERR,ERR,ERR,ERR,ERR,ERR,ERR,ERR,ERR,ERR,ERR,ERR,ERR,ERR,ERR,ERR,ERR,ERR,ERR,ERR,ERR,ERR,ERR,ERR,ERR,ERR,ERR,ERR,ERR,ERR,ERR,ERR,ERR,ERR,ERR,ERR,ERR,ERR,ERR,ERR,ERR,ERR,0.0,-107615384.0,0.0,-0.0,nan,1.3936040501711995e+18,7.805,2527533.5,0,0,4,48933,6720,14723890282496.0,100,0.0,0.0,0.0,-0.0,0.0,0,0,0,0,0.0,0,0,0,0,0,0,0,0,0,0,0,0,0,0,0,0,0,0,0,0,0,0,0,0,0,0,0,0,0,0,0,0,0,26,51,50,76,65476,0,300,0,0,8,21553,0.0,-107605600.0,0.0,0.0,0.0,0.0,0.0,0.0,0.0,0.0,0.0,0.0,0.0,0.0,0.0,0.0,0.0,0.0,0.0,0.0,0.0,0.0,2.004,-2.004,2.004,2.004,0.0,0.0,0.0,0.0,4815.0,-3.697183494796791e+19,7260.0,0.0,-107615384.0,2.7184303811560617e+23,0.0,0.0,0.0,0.0,0.0,77,-0.0,0.0,0.0,0.0,0.0,0.0,0.0,0.0,0.0,0,0,0,0.0,0.0,0.0,0.0,0.0,0.0,0.0,0.0,0.0,0.0,0.0,0.0,0.0,0.0,0.0,0.0,0,-107875648.0,77,0.0,154,0.0,-101056864.0,ERR,ERR,ERR,ERR,ERR,ERR,ERR,ERR,ERR,ERR,ERR,ERR,ERR,ERR,ERR,ERR,ERR,ERR,ERR,ERR,ERR,ERR,ERR,ERR,ERR,ERR,ERR,ERR,ERR,ERR,ERR,ERR,ERR,ERR,ERR,ERR,ERR,ERR,ERR,ERR,ERR,ERR,ERR,ERR,ERR,ERR,ERR,ERR,ERR,ERR,ERR,ERR,ERR,ERR,ERR,ERR,ERR,ERR,ERR,ERR,ERR,ERR,ERR,ERR,ERR,ERR,ERR,34.0,80.0,35,0.0,0.0,0.0,0.0,0.0,0.0,0.0,0.0,0.0,0.0,0.0,0.0,0.0,0.0,0.0,0.0,65.6,0,119,58,53,65476,0,300,0,0,8,20529,65476,0,0,57672,80.0,0.0,0.0,0.0,0.0,0.0
2026-06-18T02:53:25,ERR,ERR,ERR,ERR,ERR,ERR,ERR,ERR,ERR,ERR,ERR,ERR,ERR,ERR,ERR,ERR,ERR,ERR,ERR,ERR,ERR,ERR,ERR,ERR,ERR,ERR,ERR,ERR,ERR,ERR,ERR,ERR,ERR,ERR,ERR,ERR,ERR,ERR,ERR,ERR,ERR,ERR,ERR,ERR,ERR,ERR,ERR,ERR,ERR,ERR,ERR,ERR,ERR,ERR,ERR,ERR,ERR,ERR,ERR,ERR,ERR,ERR,ERR,ERR,ERR,ERR,ERR,ERR,ERR,ERR,ERR,ERR,ERR,ERR,ERR,ERR,ERR,ERR,ERR,ERR,ERR,ERR,ERR,ERR,ERR,ERR,ERR,ERR,ERR,ERR,ERR,ERR,ERR,ERR,ERR,ERR,ERR,ERR,ERR,ERR,ERR,ERR,ERR,ERR,ERR,ERR,ERR,ERR,ERR,ERR,ERR,ERR,ERR,ERR,ERR,ERR,ERR,ERR,ERR,ERR,ERR,ERR,ERR,ERR,ERR,0.0,-107615384.0,0.0,-0.0,nan,1.3936040501711995e+18,7.805,2527533.5,0,0,4,48933,6720,14723890282496.0,100,0.0,0.0,0.0,-0.0,0.0,0,0,0,0,0.0,0,0,0,0,0,0,0,0,0,0,0,0,0,0,0,0,0,0,0,0,0,0,0,0,0,0,0,0,0,0,0,0,0,26,51,50,76,65476,0,300,0,0,8,21553,0.0,-107605600.0,0.0,0.0,0.0,0.0,0.0,0.0,0.0,0.0,0.0,0.0,0.0,0.0,0.0,0.0,0.0,0.0,0.0,0.0,0.0,0.0,2.004,-2.004,2.004,2.004,0.0,0.0,0.0,0.0,4815.0,-3.697183494796791e+19,7260.0,0.0,-107615384.0,2.7184303811560617e+23,0.0,0.0,0.0,0.0,0.0,77,-0.0,0.0,0.0,0.0,0.0,0.0,0.0,0.0,0.0,0,0,0,0.0,0.0,0.0,0.0,0.0,0.0,0.0,0.0,0.0,0.0,0.0,0.0,0.0,0.0,0.0,0.0,0,-107875648.0,77,0.0,154,0.0,-101056864.0,ERR,ERR,ERR,ERR,ERR,ERR,ERR,ERR,ERR,ERR,ERR,ERR,ERR,ERR,ERR,ERR,ERR,ERR,ERR,ERR,ERR,ERR,ERR,ERR,ERR,ERR,ERR,ERR,ERR,ERR,ERR,ERR,ERR,ERR,ERR,ERR,ERR,ERR,ERR,ERR,ERR,ERR,ERR,ERR,ERR,ERR,ERR,ERR,ERR,ERR,ERR,ERR,ERR,ERR,ERR,ERR,ERR,ERR,ERR,ERR,ERR,ERR,ERR,ERR,ERR,ERR,ERR,34.0,80.0,35,0.0,0.0,0.0,0.0,0.0,0.0,0.0,0.0,0.0,0.0,0.0,0.0,0.0,0.0,0.0,0.0,65.6,0,119,58,53,65476,0,300,0,0,8,20529,65476,0,0,57672,80.0,0.0,0.0,0.0,0.0,0.0
2026-06-18T02:53:26,ERR,ERR,ERR,ERR,ERR,ERR,ERR,ERR,ERR,ERR,ERR,ERR,ERR,ERR,ERR,ERR,ERR,ERR,ERR,ERR,ERR,ERR,ERR,ERR,ERR,ERR,ERR,ERR,ERR,ERR,ERR,ERR,ERR,ERR,ERR,ERR,ERR,ERR,ERR,ERR,ERR,ERR,ERR,ERR,ERR,ERR,ERR,ERR,ERR,ERR,ERR,ERR,ERR,ERR,ERR,ERR,ERR,ERR,ERR,ERR,ERR,ERR,ERR,ERR,ERR,ERR,ERR,ERR,ERR,ERR,ERR,ERR,ERR,ERR,ERR,ERR,ERR,ERR,ERR,ERR,ERR,ERR,ERR,ERR,ERR,ERR,ERR,ERR,ERR,ERR,ERR,ERR,ERR,ERR,ERR,ERR,ERR,ERR,ERR,ERR,ERR,ERR,ERR,ERR,ERR,ERR,ERR,ERR,ERR,ERR,ERR,ERR,ERR,ERR,ERR,ERR,ERR,ERR,ERR,ERR,ERR,ERR,ERR,ERR,ERR,0.0,-107615384.0,0.0,-0.0,nan,1.3936040501711995e+18,7.805,2527533.5,0,0,4,48933,6720,14723890282496.0,100,0.0,0.0,0.0,-0.0,0.0,0,0,0,0,0.0,0,0,0,0,0,0,0,0,0,0,0,0,0,0,0,0,0,0,0,0,0,0,0,0,0,0,0,0,0,0,0,0,0,26,51,50,76,65476,0,300,0,0,8,21553,0.0,-107605600.0,0.0,0.0,0.0,0.0,0.0,0.0,0.0,0.0,0.0,0.0,0.0,0.0,0.0,0.0,0.0,0.0,0.0,0.0,0.0,0.0,2.004,-2.004,2.004,2.004,0.0,0.0,0.0,0.0,4815.0,-3.697183494796791e+19,7260.0,0.0,-107615384.0,2.7184303811560617e+23,0.0,0.0,0.0,0.0,0.0,77,-0.0,0.0,0.0,0.0,0.0,0.0,0.0,0.0,0.0,0,0,0,0.0,0.0,0.0,0.0,0.0,0.0,0.0,0.0,0.0,0.0,0.0,0.0,0.0,0.0,0.0,0.0,0,-107875648.0,77,0.0,154,0.0,-101056864.0,ERR,ERR,ERR,ERR,ERR,ERR,ERR,ERR,ERR,ERR,ERR,ERR,ERR,ERR,ERR,ERR,ERR,ERR,ERR,ERR,ERR,ERR,ERR,ERR,ERR,ERR,ERR,ERR,ERR,ERR,ERR,ERR,ERR,ERR,ERR,ERR,ERR,ERR,ERR,ERR,ERR,ERR,ERR,ERR,ERR,ERR,ERR,ERR,ERR,ERR,ERR,ERR,ERR,ERR,ERR,ERR,ERR,ERR,ERR,ERR,ERR,ERR,ERR,ERR,ERR,ERR,ERR,34.0,80.0,35,0.0,0.0,0.0,0.0,0.0,0.0,0.0,0.0,0.0,0.0,0.0,0.0,0.0,0.0,0.0,0.0,65.6,0,119,58,53,65476,0,300,0,0,8,20529,65476,0,0,57672,80.0,0.0,0.0,0.0,0.0,0.0
2026-06-18T02:53:27,ERR,ERR,ERR,ERR,ERR,ERR,ERR,ERR,ERR,ERR,ERR,ERR,ERR,ERR,ERR,ERR,ERR,ERR,ERR,ERR,ERR,ERR,ERR,ERR,ERR,ERR,ERR,ERR,ERR,ERR,ERR,ERR,ERR,ERR,ERR,ERR,ERR,ERR,ERR,ERR,ERR,ERR,ERR,ERR,ERR,ERR,ERR,ERR,ERR,ERR,ERR,ERR,ERR,ERR,ERR,ERR,ERR,ERR,ERR,ERR,ERR,ERR,ERR,ERR,ERR,ERR,ERR,ERR,ERR,ERR,ERR,ERR,ERR,ERR,ERR,ERR,ERR,ERR,ERR,ERR,ERR,ERR,ERR,ERR,ERR,ERR,ERR,ERR,ERR,ERR,ERR,ERR,ERR,ERR,ERR,ERR,ERR,ERR,ERR,ERR,ERR,ERR,ERR,ERR,ERR,ERR,ERR,ERR,ERR,ERR,ERR,ERR,ERR,ERR,ERR,ERR,ERR,ERR,ERR,ERR,ERR,ERR,ERR,ERR,ERR,0.0,-107615384.0,0.0,-0.0,nan,1.3936040501711995e+18,7.805,2527533.5,0,0,4,48933,6720,14723890282496.0,100,0.0,0.0,0.0,-0.0,0.0,0,0,0,0,0.0,0,0,0,0,0,0,0,0,0,0,0,0,0,0,0,0,0,0,0,0,0,0,0,0,0,0,0,0,0,0,0,0,0,26,51,50,76,65476,0,300,0,0,8,21553,0.0,-107605600.0,0.0,0.0,0.0,0.0,0.0,0.0,0.0,0.0,0.0,0.0,0.0,0.0,0.0,0.0,0.0,0.0,0.0,0.0,0.0,0.0,2.004,-2.004,2.004,2.004,0.0,0.0,0.0,0.0,4815.0,-3.697183494796791e+19,7260.0,0.0,-107615384.0,2.7184303811560617e+23,0.0,0.0,0.0,0.0,0.0,77,-0.0,0.0,0.0,0.0,0.0,0.0,0.0,0.0,0.0,0,0,0,0.0,0.0,0.0,0.0,0.0,0.0,0.0,0.0,0.0,0.0,0.0,0.0,0.0,0.0,0.0,0.0,0,-107875648.0,77,0.0,154,0.0,-101056864.0,ERR,ERR,ERR,ERR,ERR,ERR,ERR,ERR,ERR,ERR,ERR,ERR,ERR,ERR,ERR,ERR,ERR,ERR,ERR,ERR,ERR,ERR,ERR,ERR,ERR,ERR,ERR,ERR,ERR,ERR,ERR,ERR,ERR,ERR,ERR,ERR,ERR,ERR,ERR,ERR,ERR,ERR,ERR,ERR,ERR,ERR,ERR,ERR,ERR,ERR,ERR,ERR,ERR,ERR,ERR,ERR,ERR,ERR,ERR,ERR,ERR,ERR,ERR,ERR,ERR,ERR,ERR,34.0,80.0,35,0.0,0.0,0.0,0.0,0.0,0.0,0.0,0.0,0.0,0.0,0.0,0.0,0.0,0.0,0.0,0.0,65.6,0,119,58,53,65476,0,300,0,0,8,20529,65476,0,0,57672,80.0,0.0,0.0,0.0,0.0,0.0
2026-06-18T02:53:28,ERR,ERR,ERR,ERR,ERR,ERR,ERR,ERR,ERR,ERR,ERR,ERR,ERR,ERR,ERR,ERR,ERR,ERR,ERR,ERR,ERR,ERR,ERR,ERR,ERR,ERR,ERR,ERR,ERR,ERR,ERR,ERR,ERR,ERR,ERR,ERR,ERR,ERR,ERR,ERR,ERR,ERR,ERR,ERR,ERR,ERR,ERR,ERR,ERR,ERR,ERR,ERR,ERR,ERR,ERR,ERR,ERR,ERR,ERR,ERR,ERR,ERR,ERR,ERR,ERR,ERR,ERR,ERR,ERR,ERR,ERR,ERR,ERR,ERR,ERR,ERR,ERR,ERR,ERR,ERR,ERR,ERR,ERR,ERR,ERR,ERR,ERR,ERR,ERR,ERR,ERR,ERR,ERR,ERR,ERR,ERR,ERR,ERR,ERR,ERR,ERR,ERR,ERR,ERR,ERR,ERR,ERR,ERR,ERR,ERR,ERR,ERR,ERR,ERR,ERR,ERR,ERR,ERR,ERR,ERR,ERR,ERR,ERR,ERR,ERR,0.0,-107615384.0,-0.0,0.0,nan,1.3936040501711995e+18,7.805,118629576.0,0,0,4,48927,6720,14723890282496.0,100,0.0,0.0,0.0,-0.0,0.0,0,0,0,0,0.0,0,0,0,0,0,0,0,0,0,0,0,0,0,0,0,0,0,0,0,0,0,0,0,0,0,0,0,0,0,0,0,0,0,26,51,50,76,65476,0,300,0,0,8,21553,0.0,-107605600.0,0.0,0.0,0.0,0.0,0.0,0.0,0.0,0.0,0.0,0.0,0.0,0.0,0.0,0.0,0.0,0.0,0.0,0.0,0.0,0.0,2.004,-2.004,-0.0,2.004,0.0,0.0,0.0,0.0,4815.0,-0.0,7254.0,0.0,-107615384.0,2.7184303811560617e+23,0.0,0.0,0.0,0.0,0.0,77,-0.0,-2.308826643966827e+20,0.0,0.0,0.0,0.0,0.0,0.0,0.0,0,0,0,0.0,0.0,0.0,0.0,0.0,0.0,0.0,0.0,0.0,0.0,0.0,0.0,0.0,0.0,0.0,0.0,0,-107875648.0,77,0.0,154,0.0,-101056864.0,ERR,ERR,ERR,ERR,ERR,ERR,ERR,ERR,ERR,ERR,ERR,ERR,ERR,ERR,ERR,ERR,ERR,ERR,ERR,ERR,ERR,ERR,ERR,ERR,ERR,ERR,ERR,ERR,ERR,ERR,ERR,ERR,ERR,ERR,ERR,ERR,ERR,ERR,ERR,ERR,ERR,ERR,ERR,ERR,ERR,ERR,ERR,ERR,ERR,ERR,ERR,ERR,ERR,ERR,ERR,ERR,ERR,ERR,ERR,ERR,ERR,ERR,ERR,ERR,ERR,ERR,ERR,34.0,80.0,35,0.0,0.0,0.0,0.0,0.0,0.0,0.0,0.0,0.0,0.0,0.0,0.0,0.0,0.0,0.0,0.0,65.6,0,119,58,53,65476,0,300,0,0,8,20529,65476,0,0,57672,80.0,0.0,0.0,0.0,0.0,0.0
2026-06-18T02:53:29,ERR,ERR,ERR,ERR,ERR,ERR,ERR,ERR,ERR,ERR,ERR,ERR,ERR,ERR,ERR,ERR,ERR,ERR,ERR,ERR,ERR,ERR,ERR,ERR,ERR,ERR,ERR,ERR,ERR,ERR,ERR,ERR,ERR,ERR,ERR,ERR,ERR,ERR,ERR,ERR,ERR,ERR,ERR,ERR,ERR,ERR,ERR,ERR,ERR,ERR,ERR,ERR,ERR,ERR,ERR,ERR,ERR,ERR,ERR,ERR,ERR,ERR,ERR,ERR,ERR,ERR,ERR,ERR,ERR,ERR,ERR,ERR,ERR,ERR,ERR,ERR,ERR,ERR,ERR,ERR,ERR,ERR,ERR,ERR,ERR,ERR,ERR,ERR,ERR,ERR,ERR,ERR,ERR,ERR,ERR,ERR,ERR,ERR,ERR,ERR,ERR,ERR,ERR,ERR,ERR,ERR,ERR,ERR,ERR,ERR,ERR,ERR,ERR,ERR,ERR,ERR,ERR,ERR,ERR,ERR,ERR,ERR,ERR,ERR,ERR,0.0,-107615384.0,-0.0,0.0,nan,1.3936040501711995e+18,7.805,118629576.0,0,0,4,48927,6720,14723890282496.0,100,0.0,0.0,0.0,-0.0,0.0,0,0,0,0,0.0,0,0,0,0,0,0,0,0,0,0,0,0,0,0,0,0,0,0,0,0,0,0,0,0,0,0,0,0,0,0,0,0,0,26,51,50,76,65476,0,300,0,0,8,21553,0.0,-107605600.0,0.0,0.0,0.0,0.0,0.0,0.0,0.0,0.0,0.0,0.0,0.0,0.0,0.0,0.0,0.0,0.0,0.0,0.0,0.0,0.0,2.004,-2.004,-0.0,2.004,0.0,0.0,0.0,0.0,4815.0,-0.0,7254.0,0.0,-107615384.0,2.7184303811560617e+23,0.0,0.0,0.0,0.0,0.0,77,-0.0,-2.308826643966827e+20,0.0,0.0,0.0,0.0,0.0,0.0,0.0,0,0,0,0.0,0.0,0.0,0.0,0.0,0.0,0.0,0.0,0.0,0.0,0.0,0.0,0.0,0.0,0.0,0.0,0,-107875648.0,77,0.0,154,0.0,-101056864.0,ERR,ERR,ERR,ERR,ERR,ERR,ERR,ERR,ERR,ERR,ERR,ERR,ERR,ERR,ERR,ERR,ERR,ERR,ERR,ERR,ERR,ERR,ERR,ERR,ERR,ERR,ERR,ERR,ERR,ERR,ERR,ERR,ERR,ERR,ERR,ERR,ERR,ERR,ERR,ERR,ERR,ERR,ERR,ERR,ERR,ERR,ERR,ERR,ERR,ERR,ERR,ERR,ERR,ERR,ERR,ERR,ERR,ERR,ERR,ERR,ERR,ERR,ERR,ERR,ERR,ERR,ERR,34.0,80.0,35,0.0,0.0,0.0,0.0,0.0,0.0,0.0,0.0,0.0,0.0,0.0,0.0,0.0,0.0,0.0,0.0,65.6,0,119,58,53,65476,0,300,0,0,8,20529,65476,0,0,57672,80.0,0.0,0.0,0.0,0.0,0.0
2026-06-18T02:53:30,ERR,ERR,ERR,ERR,ERR,ERR,ERR,ERR,ERR,ERR,ERR,ERR,ERR,ERR,ERR,ERR,ERR,ERR,ERR,ERR,ERR,ERR,ERR,ERR,ERR,ERR,ERR,ERR,ERR,ERR,ERR,ERR,ERR,ERR,ERR,ERR,ERR,ERR,ERR,ERR,ERR,ERR,ERR,ERR,ERR,ERR,ERR,ERR,ERR,ERR,ERR,ERR,ERR,ERR,ERR,ERR,ERR,ERR,ERR,ERR,ERR,ERR,ERR,ERR,ERR,ERR,ERR,ERR,ERR,ERR,ERR,ERR,ERR,ERR,ERR,ERR,ERR,ERR,ERR,ERR,ERR,ERR,ERR,ERR,ERR,ERR,ERR,ERR,ERR,ERR,ERR,ERR,ERR,ERR,ERR,ERR,ERR,ERR,ERR,ERR,ERR,ERR,ERR,ERR,ERR,ERR,ERR,ERR,ERR,ERR,ERR,ERR,ERR,ERR,ERR,ERR,ERR,ERR,ERR,ERR,ERR,ERR,ERR,ERR,ERR,0.0,-107615384.0,-0.0,0.0,nan,1.3936040501711995e+18,7.805,118629576.0,0,0,4,48927,6720,14723890282496.0,100,0.0,0.0,0.0,-0.0,0.0,0,0,0,0,0.0,0,0,0,0,0,0,0,0,0,0,0,0,0,0,0,0,0,0,0,0,0,0,0,0,0,0,0,0,0,0,0,0,0,26,51,50,76,65476,0,300,0,0,8,21553,0.0,-107605600.0,0.0,0.0,0.0,0.0,0.0,0.0,0.0,0.0,0.0,0.0,0.0,0.0,0.0,0.0,0.0,0.0,0.0,0.0,0.0,0.0,2.004,-2.004,-0.0,2.004,0.0,0.0,0.0,0.0,4815.0,-0.0,7254.0,0.0,-107615384.0,2.7184303811560617e+23,0.0,0.0,0.0,0.0,0.0,77,-0.0,-2.308826643966827e+20,0.0,0.0,0.0,0.0,0.0,0.0,0.0,0,0,0,0.0,0.0,0.0,0.0,0.0,0.0,0.0,0.0,0.0,0.0,0.0,0.0,0.0,0.0,0.0,0.0,0,-107875648.0,77,0.0,154,0.0,-101056864.0,ERR,ERR,ERR,ERR,ERR,ERR,ERR,ERR,ERR,ERR,ERR,ERR,ERR,ERR,ERR,ERR,ERR,ERR,ERR,ERR,ERR,ERR,ERR,ERR,ERR,ERR,ERR,ERR,ERR,ERR,ERR,ERR,ERR,ERR,ERR,ERR,ERR,ERR,ERR,ERR,ERR,ERR,ERR,ERR,ERR,ERR,ERR,ERR,ERR,ERR,ERR,ERR,ERR,ERR,ERR,ERR,ERR,ERR,ERR,ERR,ERR,ERR,ERR,ERR,ERR,ERR,ERR,34.0,80.0,35,0.0,0.0,0.0,0.0,0.0,0.0,0.0,0.0,0.0,0.0,0.0,0.0,0.0,0.0,0.0,0.0,65.6,0,119,58,53,65476,0,300,0,0,8,20529,65476,0,0,57672,80.0,0.0,0.0,0.0,0.0,0.0
2026-06-18T02:53:31,ERR,ERR,ERR,ERR,ERR,ERR,ERR,ERR,ERR,ERR,ERR,ERR,ERR,ERR,ERR,ERR,ERR,ERR,ERR,ERR,ERR,ERR,ERR,ERR,ERR,ERR,ERR,ERR,ERR,ERR,ERR,ERR,ERR,ERR,ERR,ERR,ERR,ERR,ERR,ERR,ERR,ERR,ERR,ERR,ERR,ERR,ERR,ERR,ERR,ERR,ERR,ERR,ERR,ERR,ERR,ERR,ERR,ERR,ERR,ERR,ERR,ERR,ERR,ERR,ERR,ERR,ERR,ERR,ERR,ERR,ERR,ERR,ERR,ERR,ERR,ERR,ERR,ERR,ERR,ERR,ERR,ERR,ERR,ERR,ERR,ERR,ERR,ERR,ERR,ERR,ERR,ERR,ERR,ERR,ERR,ERR,ERR,ERR,ERR,ERR,ERR,ERR,ERR,ERR,ERR,ERR,ERR,ERR,ERR,ERR,ERR,ERR,ERR,ERR,ERR,ERR,ERR,ERR,ERR,ERR,ERR,ERR,ERR,ERR,ERR,0.0,-107615384.0,-0.0,0.0,nan,1.3936040501711995e+18,7.805,118629576.0,0,0,4,48927,6720,14723890282496.0,100,0.0,0.0,0.0,-0.0,0.0,0,0,0,0,0.0,0,0,0,0,0,0,0,0,0,0,0,0,0,0,0,0,0,0,0,0,0,0,0,0,0,0,0,0,0,0,0,0,0,26,51,50,76,65476,0,300,0,0,8,21553,0.0,-107605600.0,0.0,0.0,0.0,0.0,0.0,0.0,0.0,0.0,0.0,0.0,0.0,0.0,0.0,0.0,0.0,0.0,0.0,0.0,0.0,0.0,2.004,-2.004,-0.0,2.004,0.0,0.0,0.0,0.0,4815.0,-0.0,7254.0,0.0,-107615384.0,2.7184303811560617e+23,0.0,0.0,0.0,0.0,0.0,77,-0.0,-2.308826643966827e+20,0.0,0.0,0.0,0.0,0.0,0.0,0.0,0,0,0,0.0,0.0,0.0,0.0,0.0,0.0,0.0,0.0,0.0,0.0,0.0,0.0,0.0,0.0,0.0,0.0,0,-107875648.0,77,0.0,154,0.0,-101056864.0,ERR,ERR,ERR,ERR,ERR,ERR,ERR,ERR,ERR,ERR,ERR,ERR,ERR,ERR,ERR,ERR,ERR,ERR,ERR,ERR,ERR,ERR,ERR,ERR,ERR,ERR,ERR,ERR,ERR,ERR,ERR,ERR,ERR,ERR,ERR,ERR,ERR,ERR,ERR,ERR,ERR,ERR,ERR,ERR,ERR,ERR,ERR,ERR,ERR,ERR,ERR,ERR,ERR,ERR,ERR,ERR,ERR,ERR,ERR,ERR,ERR,ERR,ERR,ERR,ERR,ERR,ERR,34.0,80.0,35,0.0,0.0,0.0,0.0,0.0,0.0,0.0,0.0,0.0,0.0,0.0,0.0,0.0,0.0,0.0,0.0,66.0,0,119,58,53,65476,0,300,0,0,8,20529,65476,0,0,57672,80.0,0.0,0.0,0.0,0.0,0.0
2026-06-18T02:53:32,ERR,ERR,ERR,ERR,ERR,ERR,ERR,ERR,ERR,ERR,ERR,ERR,ERR,ERR,ERR,ERR,ERR,ERR,ERR,ERR,ERR,ERR,ERR,ERR,ERR,ERR,ERR,ERR,ERR,ERR,ERR,ERR,ERR,ERR,ERR,ERR,ERR,ERR,ERR,ERR,ERR,ERR,ERR,ERR,ERR,ERR,ERR,ERR,ERR,ERR,ERR,ERR,ERR,ERR,ERR,ERR,ERR,ERR,ERR,ERR,ERR,ERR,ERR,ERR,ERR,ERR,ERR,ERR,ERR,ERR,ERR,ERR,ERR,ERR,ERR,ERR,ERR,ERR,ERR,ERR,ERR,ERR,ERR,ERR,ERR,ERR,ERR,ERR,ERR,ERR,ERR,ERR,ERR,ERR,ERR,ERR,ERR,ERR,ERR,ERR,ERR,ERR,ERR,ERR,ERR,ERR,ERR,ERR,ERR,ERR,ERR,ERR,ERR,ERR,ERR,ERR,ERR,ERR,ERR,ERR,ERR,ERR,ERR,ERR,ERR,0.0,-107615384.0,-0.0,0.0,nan,1.3936040501711995e+18,7.805,118629576.0,0,0,4,48927,6720,14723890282496.0,100,0.0,0.0,0.0,-0.0,0.0,0,0,0,0,0.0,0,0,0,0,0,0,0,0,0,0,0,0,0,0,0,0,0,0,0,0,0,0,0,0,0,0,0,0,0,0,0,0,0,26,51,50,76,65476,0,300,0,0,8,21553,0.0,-107605600.0,0.0,0.0,0.0,0.0,0.0,0.0,0.0,0.0,0.0,0.0,0.0,0.0,0.0,0.0,0.0,0.0,0.0,0.0,0.0,0.0,2.004,-2.004,-0.0,2.004,0.0,0.0,0.0,0.0,4815.0,-0.0,7254.0,0.0,-107615384.0,2.7184303811560617e+23,0.0,0.0,0.0,0.0,0.0,77,-0.0,-2.308826643966827e+20,0.0,0.0,0.0,0.0,0.0,0.0,0.0,0,0,0,0.0,0.0,0.0,0.0,0.0,0.0,0.0,0.0,0.0,0.0,0.0,0.0,0.0,0.0,0.0,0.0,0,-107875648.0,77,0.0,154,0.0,-101056864.0,ERR,ERR,ERR,ERR,ERR,ERR,ERR,ERR,ERR,ERR,ERR,ERR,ERR,ERR,ERR,ERR,ERR,ERR,ERR,ERR,ERR,ERR,ERR,ERR,ERR,ERR,ERR,ERR,ERR,ERR,ERR,ERR,ERR,ERR,ERR,ERR,ERR,ERR,ERR,ERR,ERR,ERR,ERR,ERR,ERR,ERR,ERR,ERR,ERR,ERR,ERR,ERR,ERR,ERR,ERR,ERR,ERR,ERR,ERR,ERR,ERR,ERR,ERR,ERR,ERR,ERR,ERR,34.0,80.0,35,0.0,0.0,0.0,0.0,0.0,0.0,0.0,0.0,0.0,0.0,0.0,0.0,0.0,0.0,0.0,0.0,66.0,0,119,58,53,65476,0,300,0,0,8,20529,65476,0,0,57672,80.0,0.0,0.0,0.0,0.0,0.0
2026-06-18T02:53:33,ERR,ERR,ERR,ERR,ERR,ERR,ERR,ERR,ERR,ERR,ERR,ERR,ERR,ERR,ERR,ERR,ERR,ERR,ERR,ERR,ERR,ERR,ERR,ERR,ERR,ERR,ERR,ERR,ERR,ERR,ERR,ERR,ERR,ERR,ERR,ERR,ERR,ERR,ERR,ERR,ERR,ERR,ERR,ERR,ERR,ERR,ERR,ERR,ERR,ERR,ERR,ERR,ERR,ERR,ERR,ERR,ERR,ERR,ERR,ERR,ERR,ERR,ERR,ERR,ERR,ERR,ERR,ERR,ERR,ERR,ERR,ERR,ERR,ERR,ERR,ERR,ERR,ERR,ERR,ERR,ERR,ERR,ERR,ERR,ERR,ERR,ERR,ERR,ERR,ERR,ERR,ERR,ERR,ERR,ERR,ERR,ERR,ERR,ERR,ERR,ERR,ERR,ERR,ERR,ERR,ERR,ERR,ERR,ERR,ERR,ERR,ERR,ERR,ERR,ERR,ERR,ERR,ERR,ERR,ERR,ERR,ERR,ERR,ERR,ERR,0.0,-107615384.0,0.0,-107609184.0,nan,1.3936040501711995e+18,7.805,0.0,0,0,4,48954,6720,14723890282496.0,100,0.0,0.0,0.0,-0.0,0.0,0,0,0,0,0.0,0,0,0,0,0,0,0,0,0,0,0,0,0,0,0,0,0,0,0,0,0,0,0,0,0,0,0,0,0,0,0,0,0,26,51,50,76,65476,0,300,0,0,8,21553,0.0,-107605600.0,0.0,0.0,0.0,0.0,0.0,0.0,0.0,0.0,0.0,0.0,0.0,0.0,0.0,0.0,0.0,0.0,0.0,0.0,0.0,0.0,-0.0,-2.004,-0.0,2.004,0.0,0.0,0.0,0.0,4813.0,-1.0406646380929485e+34,7263.0,0.0,-107615384.0,2.7184303811560617e+23,0.0,0.0,0.0,0.0,0.0,77,-0.0,0.059,0.0,0.0,0.0,0.0,0.0,0.0,0.0,0,0,0,0.0,0.0,0.0,0.0,0.0,0.0,0.0,0.0,0.0,0.0,0.0,0.0,0.0,0.0,0.0,0.0,0,-107875648.0,77,0.0,154,0.0,-101056864.0,ERR,ERR,ERR,ERR,ERR,ERR,ERR,ERR,ERR,ERR,ERR,ERR,ERR,ERR,ERR,ERR,ERR,ERR,ERR,ERR,ERR,ERR,ERR,ERR,ERR,ERR,ERR,ERR,ERR,ERR,ERR,ERR,ERR,ERR,ERR,ERR,ERR,ERR,ERR,ERR,ERR,ERR,ERR,ERR,ERR,ERR,ERR,ERR,ERR,ERR,ERR,ERR,ERR,ERR,ERR,ERR,ERR,ERR,ERR,ERR,ERR,ERR,ERR,ERR,ERR,ERR,ERR,34.0,80.0,35,0.0,0.0,0.0,0.0,0.0,0.0,0.0,0.0,0.0,0.0,0.0,0.0,0.0,0.0,0.0,0.0,65.6,0,119,58,53,65476,0,300,0,0,8,20529,65476,0,0,57672,80.0,0.0,0.0,0.0,0.0,0.0
2026-06-18T02:53:34,ERR,ERR,ERR,ERR,ERR,ERR,ERR,ERR,ERR,ERR,ERR,ERR,ERR,ERR,ERR,ERR,ERR,ERR,ERR,ERR,ERR,ERR,ERR,ERR,ERR,ERR,ERR,ERR,ERR,ERR,ERR,ERR,ERR,ERR,ERR,ERR,ERR,ERR,ERR,ERR,ERR,ERR,ERR,ERR,ERR,ERR,ERR,ERR,ERR,ERR,ERR,ERR,ERR,ERR,ERR,ERR,ERR,ERR,ERR,ERR,ERR,ERR,ERR,ERR,ERR,ERR,ERR,ERR,ERR,ERR,ERR,ERR,ERR,ERR,ERR,ERR,ERR,ERR,ERR,ERR,ERR,ERR,ERR,ERR,ERR,ERR,ERR,ERR,ERR,ERR,ERR,ERR,ERR,ERR,ERR,ERR,ERR,ERR,ERR,ERR,ERR,ERR,ERR,ERR,ERR,ERR,ERR,ERR,ERR,ERR,ERR,ERR,ERR,ERR,ERR,ERR,ERR,ERR,ERR,ERR,ERR,ERR,ERR,ERR,ERR,0.0,-107615384.0,0.0,-107609184.0,nan,1.3936040501711995e+18,7.805,0.0,0,0,4,48954,6720,14723890282496.0,100,0.0,0.0,0.0,-0.0,0.0,0,0,0,0,0.0,0,0,0,0,0,0,0,0,0,0,0,0,0,0,0,0,0,0,0,0,0,0,0,0,0,0,0,0,0,0,0,0,0,26,51,50,76,65476,0,300,0,0,8,21553,0.0,-107605600.0,0.0,0.0,0.0,0.0,0.0,0.0,0.0,0.0,0.0,0.0,0.0,0.0,0.0,0.0,0.0,0.0,0.0,0.0,0.0,0.0,-0.0,-2.004,-0.0,2.004,0.0,0.0,0.0,0.0,4813.0,-1.0406646380929485e+34,7263.0,0.0,-107615384.0,2.7184303811560617e+23,0.0,0.0,0.0,0.0,0.0,77,-0.0,0.059,0.0,0.0,0.0,0.0,0.0,0.0,0.0,0,0,0,0.0,0.0,0.0,0.0,0.0,0.0,0.0,0.0,0.0,0.0,0.0,0.0,0.0,0.0,0.0,0.0,0,-107875648.0,77,0.0,154,0.0,-101056864.0,ERR,ERR,ERR,ERR,ERR,ERR,ERR,ERR,ERR,ERR,ERR,ERR,ERR,ERR,ERR,ERR,ERR,ERR,ERR,ERR,ERR,ERR,ERR,ERR,ERR,ERR,ERR,ERR,ERR,ERR,ERR,ERR,ERR,ERR,ERR,ERR,ERR,ERR,ERR,ERR,ERR,ERR,ERR,ERR,ERR,ERR,ERR,ERR,ERR,ERR,ERR,ERR,ERR,ERR,ERR,ERR,ERR,ERR,ERR,ERR,ERR,ERR,ERR,ERR,ERR,ERR,ERR,34.0,80.0,35,0.0,0.0,0.0,0.0,0.0,0.0,0.0,0.0,0.0,0.0,0.0,0.0,0.0,0.0,0.0,0.0,65.6,0,119,58,53,65476,0,300,0,0,8,20529,65476,0,0,57672,80.0,0.0,0.0,0.0,0.0,0.0
2026-06-18T02:53:35,ERR,ERR,ERR,ERR,ERR,ERR,ERR,ERR,ERR,ERR,ERR,ERR,ERR,ERR,ERR,ERR,ERR,ERR,ERR,ERR,ERR,ERR,ERR,ERR,ERR,ERR,ERR,ERR,ERR,ERR,ERR,ERR,ERR,ERR,ERR,ERR,ERR,ERR,ERR,ERR,ERR,ERR,ERR,ERR,ERR,ERR,ERR,ERR,ERR,ERR,ERR,ERR,ERR,ERR,ERR,ERR,ERR,ERR,ERR,ERR,ERR,ERR,ERR,ERR,ERR,ERR,ERR,ERR,ERR,ERR,ERR,ERR,ERR,ERR,ERR,ERR,ERR,ERR,ERR,ERR,ERR,ERR,ERR,ERR,ERR,ERR,ERR,ERR,ERR,ERR,ERR,ERR,ERR,ERR,ERR,ERR,ERR,ERR,ERR,ERR,ERR,ERR,ERR,ERR,ERR,ERR,ERR,ERR,ERR,ERR,ERR,ERR,ERR,ERR,ERR,ERR,ERR,ERR,ERR,ERR,ERR,ERR,ERR,ERR,ERR,0.0,-107615384.0,0.0,-107609184.0,nan,1.3936040501711995e+18,7.805,0.0,0,0,4,48954,6720,14723890282496.0,100,0.0,0.0,0.0,-0.0,0.0,0,0,0,0,0.0,0,0,0,0,0,0,0,0,0,0,0,0,0,0,0,0,0,0,0,0,0,0,0,0,0,0,0,0,0,0,0,0,0,26,51,50,76,65476,0,300,0,0,8,21553,0.0,-107605600.0,0.0,0.0,0.0,0.0,0.0,0.0,0.0,0.0,0.0,0.0,0.0,0.0,0.0,0.0,0.0,0.0,0.0,0.0,0.0,0.0,-0.0,-2.004,-0.0,2.004,0.0,0.0,0.0,0.0,4813.0,-1.0406646380929485e+34,7263.0,0.0,-107615384.0,2.7184303811560617e+23,0.0,0.0,0.0,0.0,0.0,77,-0.0,0.059,0.0,0.0,0.0,0.0,0.0,0.0,0.0,0,0,0,0.0,0.0,0.0,0.0,0.0,0.0,0.0,0.0,0.0,0.0,0.0,0.0,0.0,0.0,0.0,0.0,0,-107875648.0,77,0.0,154,0.0,-101056864.0,ERR,ERR,ERR,ERR,ERR,ERR,ERR,ERR,ERR,ERR,ERR,ERR,ERR,ERR,ERR,ERR,ERR,ERR,ERR,ERR,ERR,ERR,ERR,ERR,ERR,ERR,ERR,ERR,ERR,ERR,ERR,ERR,ERR,ERR,ERR,ERR,ERR,ERR,ERR,ERR,ERR,ERR,ERR,ERR,ERR,ERR,ERR,ERR,ERR,ERR,ERR,ERR,ERR,ERR,ERR,ERR,ERR,ERR,ERR,ERR,ERR,ERR,ERR,ERR,ERR,ERR,ERR,34.0,80.0,35,0.0,0.0,0.0,0.0,0.0,0.0,0.0,0.0,0.0,0.0,0.0,0.0,0.0,0.0,0.0,0.0,65.6,0,119,58,53,65476,0,300,0,0,8,20529,65476,0,0,57672,80.0,0.0,0.0,0.0,0.0,0.0
2026-06-18T02:53:36,ERR,ERR,ERR,ERR,ERR,ERR,ERR,ERR,ERR,ERR,ERR,ERR,ERR,ERR,ERR,ERR,ERR,ERR,ERR,ERR,ERR,ERR,ERR,ERR,ERR,ERR,ERR,ERR,ERR,ERR,ERR,ERR,ERR,ERR,ERR,ERR,ERR,ERR,ERR,ERR,ERR,ERR,ERR,ERR,ERR,ERR,ERR,ERR,ERR,ERR,ERR,ERR,ERR,ERR,ERR,ERR,ERR,ERR,ERR,ERR,ERR,ERR,ERR,ERR,ERR,ERR,ERR,ERR,ERR,ERR,ERR,ERR,ERR,ERR,ERR,ERR,ERR,ERR,ERR,ERR,ERR,ERR,ERR,ERR,ERR,ERR,ERR,ERR,ERR,ERR,ERR,ERR,ERR,ERR,ERR,ERR,ERR,ERR,ERR,ERR,ERR,ERR,ERR,ERR,ERR,ERR,ERR,ERR,ERR,ERR,ERR,ERR,ERR,ERR,ERR,ERR,ERR,ERR,ERR,ERR,ERR,ERR,ERR,ERR,ERR,0.0,-107615384.0,0.0,-107609184.0,nan,1.3936040501711995e+18,7.805,0.0,0,0,4,48954,6720,14723890282496.0,100,0.0,0.0,0.0,-0.0,0.0,0,0,0,0,0.0,0,0,0,0,0,0,0,0,0,0,0,0,0,0,0,0,0,0,0,0,0,0,0,0,0,0,0,0,0,0,0,0,0,26,51,50,76,65476,0,300,0,0,8,21553,0.0,-107605600.0,0.0,0.0,0.0,0.0,0.0,0.0,0.0,0.0,0.0,0.0,0.0,0.0,0.0,0.0,0.0,0.0,0.0,0.0,0.0,0.0,-0.0,-2.004,-0.0,2.004,0.0,0.0,0.0,0.0,4813.0,-1.0406646380929485e+34,7263.0,0.0,-107615384.0,2.7184303811560617e+23,0.0,0.0,0.0,0.0,0.0,77,-0.0,0.059,0.0,0.0,0.0,0.0,0.0,0.0,0.0,0,0,0,0.0,0.0,0.0,0.0,0.0,0.0,0.0,0.0,0.0,0.0,0.0,0.0,0.0,0.0,0.0,0.0,0,-107875648.0,77,0.0,154,0.0,-101056864.0,ERR,ERR,ERR,ERR,ERR,ERR,ERR,ERR,ERR,ERR,ERR,ERR,ERR,ERR,ERR,ERR,ERR,ERR,ERR,ERR,ERR,ERR,ERR,ERR,ERR,ERR,ERR,ERR,ERR,ERR,ERR,ERR,ERR,ERR,ERR,ERR,ERR,ERR,ERR,ERR,ERR,ERR,ERR,ERR,ERR,ERR,ERR,ERR,ERR,ERR,ERR,ERR,ERR,ERR,ERR,ERR,ERR,ERR,ERR,ERR,ERR,ERR,ERR,ERR,ERR,ERR,ERR,34.0,80.0,35,0.0,0.0,0.0,0.0,0.0,0.0,0.0,0.0,0.0,0.0,0.0,0.0,0.0,0.0,0.0,0.0,66.0,0,119,58,53,65476,0,300,0,0,8,20529,65476,0,0,57672,80.0,0.0,0.0,0.0,0.0,0.0
2026-06-18T02:53:37,ERR,ERR,ERR,ERR,ERR,ERR,ERR,ERR,ERR,ERR,ERR,ERR,ERR,ERR,ERR,ERR,ERR,ERR,ERR,ERR,ERR,ERR,ERR,ERR,ERR,ERR,ERR,ERR,ERR,ERR,ERR,ERR,ERR,ERR,ERR,ERR,ERR,ERR,ERR,ERR,ERR,ERR,ERR,ERR,ERR,ERR,ERR,ERR,ERR,ERR,ERR,ERR,ERR,ERR,ERR,ERR,ERR,ERR,ERR,ERR,ERR,ERR,ERR,ERR,ERR,ERR,ERR,ERR,ERR,ERR,ERR,ERR,ERR,ERR,ERR,ERR,ERR,ERR,ERR,ERR,ERR,ERR,ERR,ERR,ERR,ERR,ERR,ERR,ERR,ERR,ERR,ERR,ERR,ERR,ERR,ERR,ERR,ERR,ERR,ERR,ERR,ERR,ERR,ERR,ERR,ERR,ERR,ERR,ERR,ERR,ERR,ERR,ERR,ERR,ERR,ERR,ERR,ERR,ERR,ERR,ERR,ERR,ERR,ERR,ERR,0.0,-107615384.0,0.0,-107609184.0,nan,1.3936040501711995e+18,7.805,0.0,0,0,4,48954,6720,14723890282496.0,100,0.0,0.0,0.0,-0.0,0.0,0,0,0,0,0.0,0,0,0,0,0,0,0,0,0,0,0,0,0,0,0,0,0,0,0,0,0,0,0,0,0,0,0,0,0,0,0,0,0,26,51,50,76,65476,0,300,0,0,8,21553,0.0,-107605600.0,0.0,0.0,0.0,0.0,0.0,0.0,0.0,0.0,0.0,0.0,0.0,0.0,0.0,0.0,0.0,0.0,0.0,0.0,0.0,0.0,-0.0,-2.004,-0.0,2.004,0.0,0.0,0.0,0.0,4813.0,-1.0406646380929485e+34,7263.0,0.0,-107615384.0,2.7184303811560617e+23,0.0,0.0,0.0,0.0,0.0,77,-0.0,0.059,0.0,0.0,0.0,0.0,0.0,0.0,0.0,0,0,0,0.0,0.0,0.0,0.0,0.0,0.0,0.0,0.0,0.0,0.0,0.0,0.0,0.0,0.0,0.0,0.0,0,-107875648.0,77,0.0,154,0.0,-101056864.0,ERR,ERR,ERR,ERR,ERR,ERR,ERR,ERR,ERR,ERR,ERR,ERR,ERR,ERR,ERR,ERR,ERR,ERR,ERR,ERR,ERR,ERR,ERR,ERR,ERR,ERR,ERR,ERR,ERR,ERR,ERR,ERR,ERR,ERR,ERR,ERR,ERR,ERR,ERR,ERR,ERR,ERR,ERR,ERR,ERR,ERR,ERR,ERR,ERR,ERR,ERR,ERR,ERR,ERR,ERR,ERR,ERR,ERR,ERR,ERR,ERR,ERR,ERR,ERR,ERR,ERR,ERR,34.0,80.0,35,0.0,0.0,0.0,0.0,0.0,0.0,0.0,0.0,0.0,0.0,0.0,0.0,0.0,0.0,0.0,0.0,66.0,0,119,58,53,65476,0,300,0,0,8,20529,65476,0,0,57672,80.0,0.0,0.0,0.0,0.0,0.0
2026-06-18T02:53:38,ERR,ERR,ERR,ERR,ERR,ERR,ERR,ERR,ERR,ERR,ERR,ERR,ERR,ERR,ERR,ERR,ERR,ERR,ERR,ERR,ERR,ERR,ERR,ERR,ERR,ERR,ERR,ERR,ERR,ERR,ERR,ERR,ERR,ERR,ERR,ERR,ERR,ERR,ERR,ERR,ERR,ERR,ERR,ERR,ERR,ERR,ERR,ERR,ERR,ERR,ERR,ERR,ERR,ERR,ERR,ERR,ERR,ERR,ERR,ERR,ERR,ERR,ERR,ERR,ERR,ERR,ERR,ERR,ERR,ERR,ERR,ERR,ERR,ERR,ERR,ERR,ERR,ERR,ERR,ERR,ERR,ERR,ERR,ERR,ERR,ERR,ERR,ERR,ERR,ERR,ERR,ERR,ERR,ERR,ERR,ERR,ERR,ERR,ERR,ERR,ERR,ERR,ERR,ERR,ERR,ERR,ERR,ERR,ERR,ERR,ERR,ERR,ERR,ERR,ERR,ERR,ERR,ERR,ERR,ERR,ERR,ERR,ERR,ERR,ERR,0.0,-107615384.0,0.0,-107609184.0,nan,1.3936040501711995e+18,7.805,0.0,0,0,4,48954,6720,14723890282496.0,100,0.0,0.0,0.0,-0.0,0.0,0,0,0,0,0.0,0,0,0,0,0,0,0,0,0,0,0,0,0,0,0,0,0,0,0,0,0,0,0,0,0,0,0,0,0,0,0,0,0,26,51,50,76,65476,0,300,0,0,8,21553,0.0,-107605600.0,0.0,0.0,0.0,0.0,0.0,0.0,0.0,0.0,0.0,0.0,0.0,0.0,0.0,0.0,0.0,0.0,0.0,0.0,0.0,0.0,-0.0,-2.004,-0.0,2.004,0.0,0.0,0.0,0.0,4813.0,-1.0406646380929485e+34,7263.0,0.0,-107615384.0,2.7184303811560617e+23,0.0,0.0,0.0,0.0,0.0,77,-0.0,0.059,0.0,0.0,0.0,0.0,0.0,0.0,0.0,0,0,0,0.0,0.0,0.0,0.0,0.0,0.0,0.0,0.0,0.0,0.0,0.0,0.0,0.0,0.0,0.0,0.0,0,-107875648.0,77,0.0,154,0.0,-101056864.0,ERR,ERR,ERR,ERR,ERR,ERR,ERR,ERR,ERR,ERR,ERR,ERR,ERR,ERR,ERR,ERR,ERR,ERR,ERR,ERR,ERR,ERR,ERR,ERR,ERR,ERR,ERR,ERR,ERR,ERR,ERR,ERR,ERR,ERR,ERR,ERR,ERR,ERR,ERR,ERR,ERR,ERR,ERR,ERR,ERR,ERR,ERR,ERR,ERR,ERR,ERR,ERR,ERR,ERR,ERR,ERR,ERR,ERR,ERR,ERR,ERR,ERR,ERR,ERR,ERR,ERR,ERR,34.0,80.0,35,0.0,0.0,0.0,0.0,0.0,0.0,0.0,0.0,0.0,0.0,0.0,0.0,0.0,0.0,0.0,0.0,66.4,0,119,58,53,65476,0,300,0,0,8,20529,65476,0,0,57672,80.0,0.0,0.0,0.0,0.0,0.0
2026-06-18T02:53:39,ERR,ERR,ERR,ERR,ERR,ERR,ERR,ERR,ERR,ERR,ERR,ERR,ERR,ERR,ERR,ERR,ERR,ERR,ERR,ERR,ERR,ERR,ERR,ERR,ERR,ERR,ERR,ERR,ERR,ERR,ERR,ERR,ERR,ERR,ERR,ERR,ERR,ERR,ERR,ERR,ERR,ERR,ERR,ERR,ERR,ERR,ERR,ERR,ERR,ERR,ERR,ERR,ERR,ERR,ERR,ERR,ERR,ERR,ERR,ERR,ERR,ERR,ERR,ERR,ERR,ERR,ERR,ERR,ERR,ERR,ERR,ERR,ERR,ERR,ERR,ERR,ERR,ERR,ERR,ERR,ERR,ERR,ERR,ERR,ERR,ERR,ERR,ERR,ERR,ERR,ERR,ERR,ERR,ERR,ERR,ERR,ERR,ERR,ERR,ERR,ERR,ERR,ERR,ERR,ERR,ERR,ERR,ERR,ERR,ERR,ERR,ERR,ERR,ERR,ERR,ERR,ERR,ERR,ERR,ERR,ERR,ERR,ERR,ERR,ERR,0.0,-107615384.0,-0.0,0.0,nan,1.3936040501711995e+18,7.805,118629576.0,0,0,4,48936,6720,14723890282496.0,100,0.0,0.0,0.0,0.0,0.0,0,0,0,0,0.0,0,0,0,0,0,0,0,0,0,0,0,0,0,0,0,0,0,0,0,0,0,0,0,0,0,0,0,0,0,0,0,0,0,26,51,50,76,65476,0,300,0,0,8,21553,0.0,-107605600.0,0.0,0.0,0.0,0.0,0.0,0.0,0.0,0.0,0.0,0.0,0.0,0.0,0.0,0.0,0.0,0.0,0.0,0.0,0.0,0.0,-0.0,-2.004,-0.0,2.004,0.0,0.0,0.0,0.0,4811.0,-0.0,7255.0,0.0,-107615384.0,2.7184303811560617e+23,0.0,0.0,0.0,0.0,0.0,77,-0.0,-3.221999815764716e+26,0.0,0.0,0.0,0.0,0.0,0.0,0.0,0,0,0,0.0,0.0,0.0,0.0,0.0,0.0,0.0,0.0,0.0,0.0,0.0,0.0,0.0,0.0,0.0,0.0,0,-107875648.0,77,0.0,154,0.0,-101056864.0,ERR,ERR,ERR,ERR,ERR,ERR,ERR,ERR,ERR,ERR,ERR,ERR,ERR,ERR,ERR,ERR,ERR,ERR,ERR,ERR,ERR,ERR,ERR,ERR,ERR,ERR,ERR,ERR,ERR,ERR,ERR,ERR,ERR,ERR,ERR,ERR,ERR,ERR,ERR,ERR,ERR,ERR,ERR,ERR,ERR,ERR,ERR,ERR,ERR,ERR,ERR,ERR,ERR,ERR,ERR,ERR,ERR,ERR,ERR,ERR,ERR,ERR,ERR,ERR,ERR,ERR,ERR,34.0,80.0,35,0.0,0.0,0.0,0.0,0.0,0.0,0.0,0.0,0.0,0.0,0.0,0.0,0.0,0.0,0.0,0.0,66.4,0,119,58,53,65476,0,300,0,0,8,20529,65476,0,0,57672,80.0,0.0,0.0,0.0,0.0,0.0
2026-06-18T02:53:40,ERR,ERR,ERR,ERR,ERR,ERR,ERR,ERR,ERR,ERR,ERR,ERR,ERR,ERR,ERR,ERR,ERR,ERR,ERR,ERR,ERR,ERR,ERR,ERR,ERR,ERR,ERR,ERR,ERR,ERR,ERR,ERR,ERR,ERR,ERR,ERR,ERR,ERR,ERR,ERR,ERR,ERR,ERR,ERR,ERR,ERR,ERR,ERR,ERR,ERR,ERR,ERR,ERR,ERR,ERR,ERR,ERR,ERR,ERR,ERR,ERR,ERR,ERR,ERR,ERR,ERR,ERR,ERR,ERR,ERR,ERR,ERR,ERR,ERR,ERR,ERR,ERR,ERR,ERR,ERR,ERR,ERR,ERR,ERR,ERR,ERR,ERR,ERR,ERR,ERR,ERR,ERR,ERR,ERR,ERR,ERR,ERR,ERR,ERR,ERR,ERR,ERR,ERR,ERR,ERR,ERR,ERR,ERR,ERR,ERR,ERR,ERR,ERR,ERR,ERR,ERR,ERR,ERR,ERR,ERR,ERR,ERR,ERR,ERR,ERR,0.0,-107615384.0,-0.0,0.0,nan,1.3936040501711995e+18,7.805,118629576.0,0,0,4,48936,6720,14723890282496.0,100,0.0,0.0,0.0,0.0,0.0,0,0,0,0,0.0,0,0,0,0,0,0,0,0,0,0,0,0,0,0,0,0,0,0,0,0,0,0,0,0,0,0,0,0,0,0,0,0,0,26,51,50,76,65476,0,300,0,0,8,21553,0.0,-107605600.0,0.0,0.0,0.0,0.0,0.0,0.0,0.0,0.0,0.0,0.0,0.0,0.0,0.0,0.0,0.0,0.0,0.0,0.0,0.0,0.0,-0.0,-2.004,-0.0,2.004,0.0,0.0,0.0,0.0,4811.0,-0.0,7255.0,0.0,-107615384.0,2.7184303811560617e+23,0.0,0.0,0.0,0.0,0.0,77,-0.0,-3.221999815764716e+26,0.0,0.0,0.0,0.0,0.0,0.0,0.0,0,0,0,0.0,0.0,0.0,0.0,0.0,0.0,0.0,0.0,0.0,0.0,0.0,0.0,0.0,0.0,0.0,0.0,0,-107875648.0,77,0.0,154,0.0,-101056864.0,ERR,ERR,ERR,ERR,ERR,ERR,ERR,ERR,ERR,ERR,ERR,ERR,ERR,ERR,ERR,ERR,ERR,ERR,ERR,ERR,ERR,ERR,ERR,ERR,ERR,ERR,ERR,ERR,ERR,ERR,ERR,ERR,ERR,ERR,ERR,ERR,ERR,ERR,ERR,ERR,ERR,ERR,ERR,ERR,ERR,ERR,ERR,ERR,ERR,ERR,ERR,ERR,ERR,ERR,ERR,ERR,ERR,ERR,ERR,ERR,ERR,ERR,ERR,ERR,ERR,ERR,ERR,34.0,80.0,35,0.0,0.0,0.0,0.0,0.0,0.0,0.0,0.0,0.0,0.0,0.0,0.0,0.0,0.0,0.0,0.0,65.6,0,119,58,53,65476,0,300,0,0,8,20529,65476,0,0,57672,80.0,0.0,0.0,0.0,0.0,0.0
2026-06-18T02:53:41,ERR,ERR,ERR,ERR,ERR,ERR,ERR,ERR,ERR,ERR,ERR,ERR,ERR,ERR,ERR,ERR,ERR,ERR,ERR,ERR,ERR,ERR,ERR,ERR,ERR,ERR,ERR,ERR,ERR,ERR,ERR,ERR,ERR,ERR,ERR,ERR,ERR,ERR,ERR,ERR,ERR,ERR,ERR,ERR,ERR,ERR,ERR,ERR,ERR,ERR,ERR,ERR,ERR,ERR,ERR,ERR,ERR,ERR,ERR,ERR,ERR,ERR,ERR,ERR,ERR,ERR,ERR,ERR,ERR,ERR,ERR,ERR,ERR,ERR,ERR,ERR,ERR,ERR,ERR,ERR,ERR,ERR,ERR,ERR,ERR,ERR,ERR,ERR,ERR,ERR,ERR,ERR,ERR,ERR,ERR,ERR,ERR,ERR,ERR,ERR,ERR,ERR,ERR,ERR,ERR,ERR,ERR,ERR,ERR,ERR,ERR,ERR,ERR,ERR,ERR,ERR,ERR,ERR,ERR,ERR,ERR,ERR,ERR,ERR,ERR,0.0,-107615384.0,-0.0,0.0,nan,1.3936040501711995e+18,7.805,118629576.0,0,0,4,48936,6720,14723890282496.0,100,0.0,0.0,0.0,0.0,0.0,0,0,0,0,0.0,0,0,0,0,0,0,0,0,0,0,0,0,0,0,0,0,0,0,0,0,0,0,0,0,0,0,0,0,0,0,0,0,0,26,51,50,76,65476,0,300,0,0,8,21553,0.0,-107605600.0,0.0,0.0,0.0,0.0,0.0,0.0,0.0,0.0,0.0,0.0,0.0,0.0,0.0,0.0,0.0,0.0,0.0,0.0,0.0,0.0,-0.0,-2.004,-0.0,2.004,0.0,0.0,0.0,0.0,4811.0,-0.0,7255.0,0.0,-107615384.0,2.7184303811560617e+23,0.0,0.0,0.0,0.0,0.0,77,-0.0,-3.221999815764716e+26,0.0,0.0,0.0,0.0,0.0,0.0,0.0,0,0,0,0.0,0.0,0.0,0.0,0.0,0.0,0.0,0.0,0.0,0.0,0.0,0.0,0.0,0.0,0.0,0.0,0,-107875648.0,77,0.0,154,0.0,-101056864.0,ERR,ERR,ERR,ERR,ERR,ERR,ERR,ERR,ERR,ERR,ERR,ERR,ERR,ERR,ERR,ERR,ERR,ERR,ERR,ERR,ERR,ERR,ERR,ERR,ERR,ERR,ERR,ERR,ERR,ERR,ERR,ERR,ERR,ERR,ERR,ERR,ERR,ERR,ERR,ERR,ERR,ERR,ERR,ERR,ERR,ERR,ERR,ERR,ERR,ERR,ERR,ERR,ERR,ERR,ERR,ERR,ERR,ERR,ERR,ERR,ERR,ERR,ERR,ERR,ERR,ERR,ERR,34.0,80.0,35,0.0,0.0,0.0,0.0,0.0,0.0,0.0,0.0,0.0,0.0,0.0,0.0,0.0,0.0,0.0,0.0,65.6,0,119,58,53,65476,0,300,0,0,8,20529,65476,0,0,57672,80.0,0.0,0.0,0.0,0.0,0.0
2026-06-18T02:53:42,ERR,ERR,ERR,ERR,ERR,ERR,ERR,ERR,ERR,ERR,ERR,ERR,ERR,ERR,ERR,ERR,ERR,ERR,ERR,ERR,ERR,ERR,ERR,ERR,ERR,ERR,ERR,ERR,ERR,ERR,ERR,ERR,ERR,ERR,ERR,ERR,ERR,ERR,ERR,ERR,ERR,ERR,ERR,ERR,ERR,ERR,ERR,ERR,ERR,ERR,ERR,ERR,ERR,ERR,ERR,ERR,ERR,ERR,ERR,ERR,ERR,ERR,ERR,ERR,ERR,ERR,ERR,ERR,ERR,ERR,ERR,ERR,ERR,ERR,ERR,ERR,ERR,ERR,ERR,ERR,ERR,ERR,ERR,ERR,ERR,ERR,ERR,ERR,ERR,ERR,ERR,ERR,ERR,ERR,ERR,ERR,ERR,ERR,ERR,ERR,ERR,ERR,ERR,ERR,ERR,ERR,ERR,ERR,ERR,ERR,ERR,ERR,ERR,ERR,ERR,ERR,ERR,ERR,ERR,ERR,ERR,ERR,ERR,ERR,ERR,0.0,-107615384.0,-0.0,0.0,nan,1.3936040501711995e+18,7.805,118629576.0,0,0,4,48936,6720,14723890282496.0,100,0.0,0.0,0.0,0.0,0.0,0,0,0,0,0.0,0,0,0,0,0,0,0,0,0,0,0,0,0,0,0,0,0,0,0,0,0,0,0,0,0,0,0,0,0,0,0,0,0,26,51,50,76,65476,0,300,0,0,8,21553,0.0,-107605600.0,0.0,0.0,0.0,0.0,0.0,0.0,0.0,0.0,0.0,0.0,0.0,0.0,0.0,0.0,0.0,0.0,0.0,0.0,0.0,0.0,-0.0,-2.004,-0.0,2.004,0.0,0.0,0.0,0.0,4811.0,-0.0,7255.0,0.0,-107615384.0,2.7184303811560617e+23,0.0,0.0,0.0,0.0,0.0,77,-0.0,-3.221999815764716e+26,0.0,0.0,0.0,0.0,0.0,0.0,0.0,0,0,0,0.0,0.0,0.0,0.0,0.0,0.0,0.0,0.0,0.0,0.0,0.0,0.0,0.0,0.0,0.0,0.0,0,-107875648.0,77,0.0,154,0.0,-101056864.0,ERR,ERR,ERR,ERR,ERR,ERR,ERR,ERR,ERR,ERR,ERR,ERR,ERR,ERR,ERR,ERR,ERR,ERR,ERR,ERR,ERR,ERR,ERR,ERR,ERR,ERR,ERR,ERR,ERR,ERR,ERR,ERR,ERR,ERR,ERR,ERR,ERR,ERR,ERR,ERR,ERR,ERR,ERR,ERR,ERR,ERR,ERR,ERR,ERR,ERR,ERR,ERR,ERR,ERR,ERR,ERR,ERR,ERR,ERR,ERR,ERR,ERR,ERR,ERR,ERR,ERR,ERR,34.0,80.0,35,0.0,0.0,0.0,0.0,0.0,0.0,0.0,0.0,0.0,0.0,0.0,0.0,0.0,0.0,0.0,0.0,66.0,0,119,58,53,65476,0,300,0,0,8,20529,65476,0,0,57672,80.0,0.0,0.0,0.0,0.0,0.0
2026-06-18T02:53:43,ERR,ERR,ERR,ERR,ERR,ERR,ERR,ERR,ERR,ERR,ERR,ERR,ERR,ERR,ERR,ERR,ERR,ERR,ERR,ERR,ERR,ERR,ERR,ERR,ERR,ERR,ERR,ERR,ERR,ERR,ERR,ERR,ERR,ERR,ERR,ERR,ERR,ERR,ERR,ERR,ERR,ERR,ERR,ERR,ERR,ERR,ERR,ERR,ERR,ERR,ERR,ERR,ERR,ERR,ERR,ERR,ERR,ERR,ERR,ERR,ERR,ERR,ERR,ERR,ERR,ERR,ERR,ERR,ERR,ERR,ERR,ERR,ERR,ERR,ERR,ERR,ERR,ERR,ERR,ERR,ERR,ERR,ERR,ERR,ERR,ERR,ERR,ERR,ERR,ERR,ERR,ERR,ERR,ERR,ERR,ERR,ERR,ERR,ERR,ERR,ERR,ERR,ERR,ERR,ERR,ERR,ERR,ERR,ERR,ERR,ERR,ERR,ERR,ERR,ERR,ERR,ERR,ERR,ERR,ERR,ERR,ERR,ERR,ERR,ERR,0.0,-107615384.0,-0.0,0.0,nan,1.3936040501711995e+18,7.805,118629576.0,0,0,4,48936,6720,14723890282496.0,100,0.0,0.0,0.0,0.0,0.0,0,0,0,0,0.0,0,0,0,0,0,0,0,0,0,0,0,0,0,0,0,0,0,0,0,0,0,0,0,0,0,0,0,0,0,0,0,0,0,26,51,50,76,65476,0,300,0,0,8,21553,0.0,-107605600.0,0.0,0.0,0.0,0.0,0.0,0.0,0.0,0.0,0.0,0.0,0.0,0.0,0.0,0.0,0.0,0.0,0.0,0.0,0.0,0.0,-0.0,-2.004,-0.0,2.004,0.0,0.0,0.0,0.0,4811.0,-0.0,7255.0,0.0,-107615384.0,2.7184303811560617e+23,0.0,0.0,0.0,0.0,0.0,77,-0.0,-3.221999815764716e+26,0.0,0.0,0.0,0.0,0.0,0.0,0.0,0,0,0,0.0,0.0,0.0,0.0,0.0,0.0,0.0,0.0,0.0,0.0,0.0,0.0,0.0,0.0,0.0,0.0,0,-107875648.0,77,0.0,154,0.0,-101056864.0,ERR,ERR,ERR,ERR,ERR,ERR,ERR,ERR,ERR,ERR,ERR,ERR,ERR,ERR,ERR,ERR,ERR,ERR,ERR,ERR,ERR,ERR,ERR,ERR,ERR,ERR,ERR,ERR,ERR,ERR,ERR,ERR,ERR,ERR,ERR,ERR,ERR,ERR,ERR,ERR,ERR,ERR,ERR,ERR,ERR,ERR,ERR,ERR,ERR,ERR,ERR,ERR,ERR,ERR,ERR,ERR,ERR,ERR,ERR,ERR,ERR,ERR,ERR,ERR,ERR,ERR,ERR,34.0,80.0,35,0.0,0.0,0.0,0.0,0.0,0.0,0.0,0.0,0.0,0.0,0.0,0.0,0.0,0.0,0.0,0.0,66.0,0,119,58,53,65476,0,300,0,0,8,20529,65476,0,0,57672,80.0,0.0,0.0,0.0,0.0,0.0
2026-06-18T02:53:44,ERR,ERR,ERR,ERR,ERR,ERR,ERR,ERR,ERR,ERR,ERR,ERR,ERR,ERR,ERR,ERR,ERR,ERR,ERR,ERR,ERR,ERR,ERR,ERR,ERR,ERR,ERR,ERR,ERR,ERR,ERR,ERR,ERR,ERR,ERR,ERR,ERR,ERR,ERR,ERR,ERR,ERR,ERR,ERR,ERR,ERR,ERR,ERR,ERR,ERR,ERR,ERR,ERR,ERR,ERR,ERR,ERR,ERR,ERR,ERR,ERR,ERR,ERR,ERR,ERR,ERR,ERR,ERR,ERR,ERR,ERR,ERR,ERR,ERR,ERR,ERR,ERR,ERR,ERR,ERR,ERR,ERR,ERR,ERR,ERR,ERR,ERR,ERR,ERR,ERR,ERR,ERR,ERR,ERR,ERR,ERR,ERR,ERR,ERR,ERR,ERR,ERR,ERR,ERR,ERR,ERR,ERR,ERR,ERR,ERR,ERR,ERR,ERR,ERR,ERR,ERR,ERR,ERR,ERR,ERR,ERR,ERR,ERR,ERR,ERR,0.0,-107615384.0,-0.0,0.0,nan,1.3936040501711995e+18,7.805,118629576.0,0,0,4,48935,6720,14723890282496.0,100,0.0,0.0,0.0,0.0,0.0,0,0,0,0,0.0,0,0,0,0,0,0,0,0,0,0,0,0,0,0,0,0,0,0,0,0,0,0,0,0,0,0,0,0,0,0,0,0,0,26,51,50,76,65476,0,300,0,0,8,21553,0.0,-107605600.0,0.0,0.0,0.0,0.0,0.0,0.0,0.0,0.0,0.0,0.0,0.0,0.0,0.0,0.0,0.0,0.0,0.0,0.0,0.0,0.0,2.004,-2.004,-0.0,2.004,0.0,0.0,0.0,0.0,4816.0,-2.004,7256.0,0.0,-107615384.0,2.7184303811560617e+23,0.0,0.0,0.0,0.0,0.0,77,-0.0,-4.950398423098307e+32,0.0,0.0,0.0,0.0,0.0,0.0,0.0,0,0,0,0.0,0.0,0.0,0.0,0.0,0.0,0.0,0.0,0.0,0.0,0.0,0.0,0.0,0.0,0.0,0.0,0,-107875648.0,77,0.0,154,0.0,-101056864.0,ERR,ERR,ERR,ERR,ERR,ERR,ERR,ERR,ERR,ERR,ERR,ERR,ERR,ERR,ERR,ERR,ERR,ERR,ERR,ERR,ERR,ERR,ERR,ERR,ERR,ERR,ERR,ERR,ERR,ERR,ERR,ERR,ERR,ERR,ERR,ERR,ERR,ERR,ERR,ERR,ERR,ERR,ERR,ERR,ERR,ERR,ERR,ERR,ERR,ERR,ERR,ERR,ERR,ERR,ERR,ERR,ERR,ERR,ERR,ERR,ERR,ERR,ERR,ERR,ERR,ERR,ERR,34.0,80.0,35,0.0,0.0,0.0,0.0,0.0,0.0,0.0,0.0,0.0,0.0,0.0,0.0,0.0,0.0,0.0,0.0,66.0,0,119,58,53,65476,0,300,0,0,8,20529,65476,0,0,57672,80.0,0.0,0.0,0.0,0.0,0.0
2026-06-18T02:53:45,ERR,ERR,ERR,ERR,ERR,ERR,ERR,ERR,ERR,ERR,ERR,ERR,ERR,ERR,ERR,ERR,ERR,ERR,ERR,ERR,ERR,ERR,ERR,ERR,ERR,ERR,ERR,ERR,ERR,ERR,ERR,ERR,ERR,ERR,ERR,ERR,ERR,ERR,ERR,ERR,ERR,ERR,ERR,ERR,ERR,ERR,ERR,ERR,ERR,ERR,ERR,ERR,ERR,ERR,ERR,ERR,ERR,ERR,ERR,ERR,ERR,ERR,ERR,ERR,ERR,ERR,ERR,ERR,ERR,ERR,ERR,ERR,ERR,ERR,ERR,ERR,ERR,ERR,ERR,ERR,ERR,ERR,ERR,ERR,ERR,ERR,ERR,ERR,ERR,ERR,ERR,ERR,ERR,ERR,ERR,ERR,ERR,ERR,ERR,ERR,ERR,ERR,ERR,ERR,ERR,ERR,ERR,ERR,ERR,ERR,ERR,ERR,ERR,ERR,ERR,ERR,ERR,ERR,ERR,ERR,ERR,ERR,ERR,ERR,ERR,0.0,-107615384.0,-0.0,0.0,nan,1.3936040501711995e+18,7.805,118629576.0,0,0,4,48935,6720,14723890282496.0,100,0.0,0.0,0.0,0.0,0.0,0,0,0,0,0.0,0,0,0,0,0,0,0,0,0,0,0,0,0,0,0,0,0,0,0,0,0,0,0,0,0,0,0,0,0,0,0,0,0,26,51,50,76,65476,0,300,0,0,8,21553,0.0,-107605600.0,0.0,0.0,0.0,0.0,0.0,0.0,0.0,0.0,0.0,0.0,0.0,0.0,0.0,0.0,0.0,0.0,0.0,0.0,0.0,0.0,2.004,-2.004,-0.0,2.004,0.0,0.0,0.0,0.0,4816.0,-2.004,7256.0,0.0,-107615384.0,2.7184303811560617e+23,0.0,0.0,0.0,0.0,0.0,77,-0.0,-4.950398423098307e+32,0.0,0.0,0.0,0.0,0.0,0.0,0.0,0,0,0,0.0,0.0,0.0,0.0,0.0,0.0,0.0,0.0,0.0,0.0,0.0,0.0,0.0,0.0,0.0,0.0,0,-107875648.0,77,0.0,154,0.0,-101056864.0,ERR,ERR,ERR,ERR,ERR,ERR,ERR,ERR,ERR,ERR,ERR,ERR,ERR,ERR,ERR,ERR,ERR,ERR,ERR,ERR,ERR,ERR,ERR,ERR,ERR,ERR,ERR,ERR,ERR,ERR,ERR,ERR,ERR,ERR,ERR,ERR,ERR,ERR,ERR,ERR,ERR,ERR,ERR,ERR,ERR,ERR,ERR,ERR,ERR,ERR,ERR,ERR,ERR,ERR,ERR,ERR,ERR,ERR,ERR,ERR,ERR,ERR,ERR,ERR,ERR,ERR,ERR,34.0,80.0,35,0.0,0.0,0.0,0.0,0.0,0.0,0.0,0.0,0.0,0.0,0.0,0.0,0.0,0.0,0.0,0.0,65.6,0,119,58,53,65476,0,300,0,0,8,20529,65476,0,0,57672,80.0,0.0,0.0,0.0,0.0,0.0
2026-06-18T02:53:46,ERR,ERR,ERR,ERR,ERR,ERR,ERR,ERR,ERR,ERR,ERR,ERR,ERR,ERR,ERR,ERR,ERR,ERR,ERR,ERR,ERR,ERR,ERR,ERR,ERR,ERR,ERR,ERR,ERR,ERR,ERR,ERR,ERR,ERR,ERR,ERR,ERR,ERR,ERR,ERR,ERR,ERR,ERR,ERR,ERR,ERR,ERR,ERR,ERR,ERR,ERR,ERR,ERR,ERR,ERR,ERR,ERR,ERR,ERR,ERR,ERR,ERR,ERR,ERR,ERR,ERR,ERR,ERR,ERR,ERR,ERR,ERR,ERR,ERR,ERR,ERR,ERR,ERR,ERR,ERR,ERR,ERR,ERR,ERR,ERR,ERR,ERR,ERR,ERR,ERR,ERR,ERR,ERR,ERR,ERR,ERR,ERR,ERR,ERR,ERR,ERR,ERR,ERR,ERR,ERR,ERR,ERR,ERR,ERR,ERR,ERR,ERR,ERR,ERR,ERR,ERR,ERR,ERR,ERR,ERR,ERR,ERR,ERR,ERR,ERR,0.0,-107615384.0,-0.0,0.0,nan,1.3936040501711995e+18,7.805,118629576.0,0,0,4,48935,6720,14723890282496.0,100,0.0,0.0,0.0,0.0,0.0,0,0,0,0,0.0,0,0,0,0,0,0,0,0,0,0,0,0,0,0,0,0,0,0,0,0,0,0,0,0,0,0,0,0,0,0,0,0,0,26,51,50,76,65476,0,300,0,0,8,21553,0.0,-107605600.0,0.0,0.0,0.0,0.0,0.0,0.0,0.0,0.0,0.0,0.0,0.0,0.0,0.0,0.0,0.0,0.0,0.0,0.0,0.0,0.0,2.004,-2.004,-0.0,2.004,0.0,0.0,0.0,0.0,4816.0,-2.004,7256.0,0.0,-107615384.0,2.7184303811560617e+23,0.0,0.0,0.0,0.0,0.0,77,-0.0,-4.950398423098307e+32,0.0,0.0,0.0,0.0,0.0,0.0,0.0,0,0,0,0.0,0.0,0.0,0.0,0.0,0.0,0.0,0.0,0.0,0.0,0.0,0.0,0.0,0.0,0.0,0.0,0,-107875648.0,77,0.0,154,0.0,-101056864.0,ERR,ERR,ERR,ERR,ERR,ERR,ERR,ERR,ERR,ERR,ERR,ERR,ERR,ERR,ERR,ERR,ERR,ERR,ERR,ERR,ERR,ERR,ERR,ERR,ERR,ERR,ERR,ERR,ERR,ERR,ERR,ERR,ERR,ERR,ERR,ERR,ERR,ERR,ERR,ERR,ERR,ERR,ERR,ERR,ERR,ERR,ERR,ERR,ERR,ERR,ERR,ERR,ERR,ERR,ERR,ERR,ERR,ERR,ERR,ERR,ERR,ERR,ERR,ERR,ERR,ERR,ERR,34.0,80.0,35,0.0,0.0,0.0,0.0,0.0,0.0,0.0,0.0,0.0,0.0,0.0,0.0,0.0,0.0,0.0,0.0,65.6,0,119,58,53,65476,0,300,0,0,8,20529,65476,0,0,57672,80.0,0.0,0.0,0.0,0.0,0.0
2026-06-18T02:53:47,ERR,ERR,ERR,ERR,ERR,ERR,ERR,ERR,ERR,ERR,ERR,ERR,ERR,ERR,ERR,ERR,ERR,ERR,ERR,ERR,ERR,ERR,ERR,ERR,ERR,ERR,ERR,ERR,ERR,ERR,ERR,ERR,ERR,ERR,ERR,ERR,ERR,ERR,ERR,ERR,ERR,ERR,ERR,ERR,ERR,ERR,ERR,ERR,ERR,ERR,ERR,ERR,ERR,ERR,ERR,ERR,ERR,ERR,ERR,ERR,ERR,ERR,ERR,ERR,ERR,ERR,ERR,ERR,ERR,ERR,ERR,ERR,ERR,ERR,ERR,ERR,ERR,ERR,ERR,ERR,ERR,ERR,ERR,ERR,ERR,ERR,ERR,ERR,ERR,ERR,ERR,ERR,ERR,ERR,ERR,ERR,ERR,ERR,ERR,ERR,ERR,ERR,ERR,ERR,ERR,ERR,ERR,ERR,ERR,ERR,ERR,ERR,ERR,ERR,ERR,ERR,ERR,ERR,ERR,ERR,ERR,ERR,ERR,ERR,ERR,0.0,-107615384.0,-0.0,0.0,nan,1.3936040501711995e+18,7.805,118629576.0,0,0,4,48935,6720,14723890282496.0,100,0.0,0.0,0.0,0.0,0.0,0,0,0,0,0.0,0,0,0,0,0,0,0,0,0,0,0,0,0,0,0,0,0,0,0,0,0,0,0,0,0,0,0,0,0,0,0,0,0,26,51,50,76,65476,0,300,0,0,8,21553,0.0,-107605600.0,0.0,0.0,0.0,0.0,0.0,0.0,0.0,0.0,0.0,0.0,0.0,0.0,0.0,0.0,0.0,0.0,0.0,0.0,0.0,0.0,2.004,-2.004,-0.0,2.004,0.0,0.0,0.0,0.0,4816.0,-2.004,7256.0,0.0,-107615384.0,2.7184303811560617e+23,0.0,0.0,0.0,0.0,0.0,77,-0.0,-4.950398423098307e+32,0.0,0.0,0.0,0.0,0.0,0.0,0.0,0,0,0,0.0,0.0,0.0,0.0,0.0,0.0,0.0,0.0,0.0,0.0,0.0,0.0,0.0,0.0,0.0,0.0,0,-107875648.0,77,0.0,154,0.0,-101056864.0,ERR,ERR,ERR,ERR,ERR,ERR,ERR,ERR,ERR,ERR,ERR,ERR,ERR,ERR,ERR,ERR,ERR,ERR,ERR,ERR,ERR,ERR,ERR,ERR,ERR,ERR,ERR,ERR,ERR,ERR,ERR,ERR,ERR,ERR,ERR,ERR,ERR,ERR,ERR,ERR,ERR,ERR,ERR,ERR,ERR,ERR,ERR,ERR,ERR,ERR,ERR,ERR,ERR,ERR,ERR,ERR,ERR,ERR,ERR,ERR,ERR,ERR,ERR,ERR,ERR,ERR,ERR,34.0,80.0,35,0.0,0.0,0.0,0.0,0.0,0.0,0.0,0.0,0.0,0.0,0.0,0.0,0.0,0.0,0.0,0.0,65.6,0,119,58,53,65476,0,300,0,0,8,20529,65476,0,0,57672,80.0,0.0,0.0,0.0,0.0,0.0
2026-06-18T02:53:48,ERR,ERR,ERR,ERR,ERR,ERR,ERR,ERR,ERR,ERR,ERR,ERR,ERR,ERR,ERR,ERR,ERR,ERR,ERR,ERR,ERR,ERR,ERR,ERR,ERR,ERR,ERR,ERR,ERR,ERR,ERR,ERR,ERR,ERR,ERR,ERR,ERR,ERR,ERR,ERR,ERR,ERR,ERR,ERR,ERR,ERR,ERR,ERR,ERR,ERR,ERR,ERR,ERR,ERR,ERR,ERR,ERR,ERR,ERR,ERR,ERR,ERR,ERR,ERR,ERR,ERR,ERR,ERR,ERR,ERR,ERR,ERR,ERR,ERR,ERR,ERR,ERR,ERR,ERR,ERR,ERR,ERR,ERR,ERR,ERR,ERR,ERR,ERR,ERR,ERR,ERR,ERR,ERR,ERR,ERR,ERR,ERR,ERR,ERR,ERR,ERR,ERR,ERR,ERR,ERR,ERR,ERR,ERR,ERR,ERR,ERR,ERR,ERR,ERR,ERR,ERR,ERR,ERR,ERR,ERR,ERR,ERR,ERR,ERR,ERR,0.0,-107615384.0,-0.0,0.0,nan,1.3936040501711995e+18,7.805,118629576.0,0,0,4,48935,6720,14723890282496.0,100,0.0,0.0,0.0,0.0,0.0,0,0,0,0,0.0,0,0,0,0,0,0,0,0,0,0,0,0,0,0,0,0,0,0,0,0,0,0,0,0,0,0,0,0,0,0,0,0,0,26,51,50,76,65476,0,300,0,0,8,21553,0.0,-107605600.0,0.0,0.0,0.0,0.0,0.0,0.0,0.0,0.0,0.0,0.0,0.0,0.0,0.0,0.0,0.0,0.0,0.0,0.0,0.0,0.0,2.004,-2.004,-0.0,2.004,0.0,0.0,0.0,0.0,4816.0,-2.004,7256.0,0.0,-107615384.0,2.7184303811560617e+23,0.0,0.0,0.0,0.0,0.0,77,-0.0,-4.950398423098307e+32,0.0,0.0,0.0,0.0,0.0,0.0,0.0,0,0,0,0.0,0.0,0.0,0.0,0.0,0.0,0.0,0.0,0.0,0.0,0.0,0.0,0.0,0.0,0.0,0.0,0,-107875648.0,77,0.0,154,0.0,-101056864.0,ERR,ERR,ERR,ERR,ERR,ERR,ERR,ERR,ERR,ERR,ERR,ERR,ERR,ERR,ERR,ERR,ERR,ERR,ERR,ERR,ERR,ERR,ERR,ERR,ERR,ERR,ERR,ERR,ERR,ERR,ERR,ERR,ERR,ERR,ERR,ERR,ERR,ERR,ERR,ERR,ERR,ERR,ERR,ERR,ERR,ERR,ERR,ERR,ERR,ERR,ERR,ERR,ERR,ERR,ERR,ERR,ERR,ERR,ERR,ERR,ERR,ERR,ERR,ERR,ERR,ERR,ERR,34.0,80.0,35,0.0,0.0,0.0,0.0,0.0,0.0,0.0,0.0,0.0,0.0,0.0,0.0,0.0,0.0,0.0,0.0,65.6,0,119,58,53,65476,0,300,0,0,8,20529,65476,0,0,57672,80.0,0.0,0.0,0.0,0.0,0.0
2026-06-18T02:53:49,ERR,ERR,ERR,ERR,ERR,ERR,ERR,ERR,ERR,ERR,ERR,ERR,ERR,ERR,ERR,ERR,ERR,ERR,ERR,ERR,ERR,ERR,ERR,ERR,ERR,ERR,ERR,ERR,ERR,ERR,ERR,ERR,ERR,ERR,ERR,ERR,ERR,ERR,ERR,ERR,ERR,ERR,ERR,ERR,ERR,ERR,ERR,ERR,ERR,ERR,ERR,ERR,ERR,ERR,ERR,ERR,ERR,ERR,ERR,ERR,ERR,ERR,ERR,ERR,ERR,ERR,ERR,ERR,ERR,ERR,ERR,ERR,ERR,ERR,ERR,ERR,ERR,ERR,ERR,ERR,ERR,ERR,ERR,ERR,ERR,ERR,ERR,ERR,ERR,ERR,ERR,ERR,ERR,ERR,ERR,ERR,ERR,ERR,ERR,ERR,ERR,ERR,ERR,ERR,ERR,ERR,ERR,ERR,ERR,ERR,ERR,ERR,ERR,ERR,ERR,ERR,ERR,ERR,ERR,ERR,ERR,ERR,ERR,ERR,ERR,0.0,-107615384.0,-0.0,2.718290229135658e+23,nan,1.3936040501711995e+18,7.805,-12113.15,0,0,4,48956,6720,14723890282496.0,100,0.0,0.0,0.0,-107609184.0,0.0,0,0,0,0,0.0,0,0,0,0,0,0,0,0,0,0,0,0,0,0,0,0,0,0,0,0,0,0,0,0,0,0,0,0,0,0,0,0,0,26,51,50,76,65476,0,300,0,0,8,21553,0.0,-107605600.0,0.0,0.0,0.0,0.0,0.0,0.0,0.0,0.0,0.0,0.0,0.0,0.0,0.0,0.0,0.0,0.0,0.0,0.0,0.0,0.0,2.004,-2.004,-0.0,2.004,0.0,0.0,0.0,0.0,4818.0,-2.004,7256.0,0.0,-107615384.0,2.7184303811560617e+23,0.0,0.0,0.0,0.0,0.0,77,-0.0,-4.950398423098307e+32,0.0,0.0,0.0,0.0,0.0,0.0,0.0,0,0,0,0.0,0.0,0.0,0.0,0.0,0.0,0.0,0.0,0.0,0.0,0.0,0.0,0.0,0.0,0.0,0.0,0,-107875648.0,77,0.0,154,0.0,-101056864.0,ERR,ERR,ERR,ERR,ERR,ERR,ERR,ERR,ERR,ERR,ERR,ERR,ERR,ERR,ERR,ERR,ERR,ERR,ERR,ERR,ERR,ERR,ERR,ERR,ERR,ERR,ERR,ERR,ERR,ERR,ERR,ERR,ERR,ERR,ERR,ERR,ERR,ERR,ERR,ERR,ERR,ERR,ERR,ERR,ERR,ERR,ERR,ERR,ERR,ERR,ERR,ERR,ERR,ERR,ERR,ERR,ERR,ERR,ERR,ERR,ERR,ERR,ERR,ERR,ERR,ERR,ERR,34.0,80.0,35,0.0,0.0,0.0,0.0,0.0,0.0,0.0,0.0,0.0,0.0,0.0,0.0,0.0,0.0,0.0,0.0,65.6,0,119,58,53,65476,0,300,0,0,8,20529,65476,0,0,57672,80.0,0.0,0.0,0.0,0.0,0.0
2026-06-18T02:53:50,ERR,ERR,ERR,ERR,ERR,ERR,ERR,ERR,ERR,ERR,ERR,ERR,ERR,ERR,ERR,ERR,ERR,ERR,ERR,ERR,ERR,ERR,ERR,ERR,ERR,ERR,ERR,ERR,ERR,ERR,ERR,ERR,ERR,ERR,ERR,ERR,ERR,ERR,ERR,ERR,ERR,ERR,ERR,ERR,ERR,ERR,ERR,ERR,ERR,ERR,ERR,ERR,ERR,ERR,ERR,ERR,ERR,ERR,ERR,ERR,ERR,ERR,ERR,ERR,ERR,ERR,ERR,ERR,ERR,ERR,ERR,ERR,ERR,ERR,ERR,ERR,ERR,ERR,ERR,ERR,ERR,ERR,ERR,ERR,ERR,ERR,ERR,ERR,ERR,ERR,ERR,ERR,ERR,ERR,ERR,ERR,ERR,ERR,ERR,ERR,ERR,ERR,ERR,ERR,ERR,ERR,ERR,ERR,ERR,ERR,ERR,ERR,ERR,ERR,ERR,ERR,ERR,ERR,ERR,ERR,ERR,ERR,ERR,ERR,ERR,0.0,-107615384.0,-0.0,2.718290229135658e+23,nan,1.3936040501711995e+18,7.805,-12113.15,0,0,4,48956,6720,14723890282496.0,100,0.0,0.0,0.0,-107609184.0,0.0,0,0,0,0,0.0,0,0,0,0,0,0,0,0,0,0,0,0,0,0,0,0,0,0,0,0,0,0,0,0,0,0,0,0,0,0,0,0,0,26,51,50,76,65476,0,300,0,0,8,21553,0.0,-107605600.0,0.0,0.0,0.0,0.0,0.0,0.0,0.0,0.0,0.0,0.0,0.0,0.0,0.0,0.0,0.0,0.0,0.0,0.0,0.0,0.0,2.004,-2.004,-0.0,2.004,0.0,0.0,0.0,0.0,4818.0,-2.004,7256.0,0.0,-107615384.0,2.7184303811560617e+23,0.0,0.0,0.0,0.0,0.0,77,-0.0,-4.950398423098307e+32,0.0,0.0,0.0,0.0,0.0,0.0,0.0,0,0,0,0.0,0.0,0.0,0.0,0.0,0.0,0.0,0.0,0.0,0.0,0.0,0.0,0.0,0.0,0.0,0.0,0,-107875648.0,77,0.0,154,0.0,-101056864.0,ERR,ERR,ERR,ERR,ERR,ERR,ERR,ERR,ERR,ERR,ERR,ERR,ERR,ERR,ERR,ERR,ERR,ERR,ERR,ERR,ERR,ERR,ERR,ERR,ERR,ERR,ERR,ERR,ERR,ERR,ERR,ERR,ERR,ERR,ERR,ERR,ERR,ERR,ERR,ERR,ERR,ERR,ERR,ERR,ERR,ERR,ERR,ERR,ERR,ERR,ERR,ERR,ERR,ERR,ERR,ERR,ERR,ERR,ERR,ERR,ERR,ERR,ERR,ERR,ERR,ERR,ERR,34.0,80.0,35,0.0,0.0,0.0,0.0,0.0,0.0,0.0,0.0,0.0,0.0,0.0,0.0,0.0,0.0,0.0,0.0,65.6,0,119,58,53,65476,0,300,0,0,8,20529,65476,0,0,57672,80.0,0.0,0.0,0.0,0.0,0.0
2026-06-18T02:53:51,ERR,ERR,ERR,ERR,ERR,ERR,ERR,ERR,ERR,ERR,ERR,ERR,ERR,ERR,ERR,ERR,ERR,ERR,ERR,ERR,ERR,ERR,ERR,ERR,ERR,ERR,ERR,ERR,ERR,ERR,ERR,ERR,ERR,ERR,ERR,ERR,ERR,ERR,ERR,ERR,ERR,ERR,ERR,ERR,ERR,ERR,ERR,ERR,ERR,ERR,ERR,ERR,ERR,ERR,ERR,ERR,ERR,ERR,ERR,ERR,ERR,ERR,ERR,ERR,ERR,ERR,ERR,ERR,ERR,ERR,ERR,ERR,ERR,ERR,ERR,ERR,ERR,ERR,ERR,ERR,ERR,ERR,ERR,ERR,ERR,ERR,ERR,ERR,ERR,ERR,ERR,ERR,ERR,ERR,ERR,ERR,ERR,ERR,ERR,ERR,ERR,ERR,ERR,ERR,ERR,ERR,ERR,ERR,ERR,ERR,ERR,ERR,ERR,ERR,ERR,ERR,ERR,ERR,ERR,ERR,ERR,ERR,ERR,ERR,ERR,0.0,-107615384.0,-0.0,2.718290229135658e+23,nan,1.3936040501711995e+18,7.805,-12113.15,0,0,4,48956,6720,14723890282496.0,100,0.0,0.0,0.0,-107609184.0,0.0,0,0,0,0,0.0,0,0,0,0,0,0,0,0,0,0,0,0,0,0,0,0,0,0,0,0,0,0,0,0,0,0,0,0,0,0,0,0,0,26,51,50,76,65476,0,300,0,0,8,21553,0.0,-107605600.0,0.0,0.0,0.0,0.0,0.0,0.0,0.0,0.0,0.0,0.0,0.0,0.0,0.0,0.0,0.0,0.0,0.0,0.0,0.0,0.0,2.004,-2.004,-0.0,2.004,0.0,0.0,0.0,0.0,4818.0,-2.004,7256.0,0.0,-107615384.0,2.7184303811560617e+23,0.0,0.0,0.0,0.0,0.0,77,-0.0,-4.950398423098307e+32,0.0,0.0,0.0,0.0,0.0,0.0,0.0,0,0,0,0.0,0.0,0.0,0.0,0.0,0.0,0.0,0.0,0.0,0.0,0.0,0.0,0.0,0.0,0.0,0.0,0,-107875648.0,77,0.0,154,0.0,-101056864.0,ERR,ERR,ERR,ERR,ERR,ERR,ERR,ERR,ERR,ERR,ERR,ERR,ERR,ERR,ERR,ERR,ERR,ERR,ERR,ERR,ERR,ERR,ERR,ERR,ERR,ERR,ERR,ERR,ERR,ERR,ERR,ERR,ERR,ERR,ERR,ERR,ERR,ERR,ERR,ERR,ERR,ERR,ERR,ERR,ERR,ERR,ERR,ERR,ERR,ERR,ERR,ERR,ERR,ERR,ERR,ERR,ERR,ERR,ERR,ERR,ERR,ERR,ERR,ERR,ERR,ERR,ERR,34.0,80.0,35,0.0,0.0,0.0,0.0,0.0,0.0,0.0,0.0,0.0,0.0,0.0,0.0,0.0,0.0,0.0,0.0,65.6,0,119,58,53,65476,0,300,0,0,8,20529,65476,0,0,57672,80.0,0.0,0.0,0.0,0.0,0.0
2026-06-18T02:53:52,ERR,ERR,ERR,ERR,ERR,ERR,ERR,ERR,ERR,ERR,ERR,ERR,ERR,ERR,ERR,ERR,ERR,ERR,ERR,ERR,ERR,ERR,ERR,ERR,ERR,ERR,ERR,ERR,ERR,ERR,ERR,ERR,ERR,ERR,ERR,ERR,ERR,ERR,ERR,ERR,ERR,ERR,ERR,ERR,ERR,ERR,ERR,ERR,ERR,ERR,ERR,ERR,ERR,ERR,ERR,ERR,ERR,ERR,ERR,ERR,ERR,ERR,ERR,ERR,ERR,ERR,ERR,ERR,ERR,ERR,ERR,ERR,ERR,ERR,ERR,ERR,ERR,ERR,ERR,ERR,ERR,ERR,ERR,ERR,ERR,ERR,ERR,ERR,ERR,ERR,ERR,ERR,ERR,ERR,ERR,ERR,ERR,ERR,ERR,ERR,ERR,ERR,ERR,ERR,ERR,ERR,ERR,ERR,ERR,ERR,ERR,ERR,ERR,ERR,ERR,ERR,ERR,ERR,ERR,ERR,ERR,ERR,ERR,ERR,ERR,0.0,-107615384.0,-0.0,2.718290229135658e+23,nan,1.3936040501711995e+18,7.805,-12113.15,0,0,4,48956,6720,14723890282496.0,100,0.0,0.0,0.0,-107609184.0,0.0,0,0,0,0,0.0,0,0,0,0,0,0,0,0,0,0,0,0,0,0,0,0,0,0,0,0,0,0,0,0,0,0,0,0,0,0,0,0,0,26,51,50,76,65476,0,300,0,0,8,21553,0.0,-107605600.0,0.0,0.0,0.0,0.0,0.0,0.0,0.0,0.0,0.0,0.0,0.0,0.0,0.0,0.0,0.0,0.0,0.0,0.0,0.0,0.0,2.004,-2.004,-0.0,2.004,0.0,0.0,0.0,0.0,4818.0,-2.004,7256.0,0.0,-107615384.0,2.7184303811560617e+23,0.0,0.0,0.0,0.0,0.0,77,-0.0,-4.950398423098307e+32,0.0,0.0,0.0,0.0,0.0,0.0,0.0,0,0,0,0.0,0.0,0.0,0.0,0.0,0.0,0.0,0.0,0.0,0.0,0.0,0.0,0.0,0.0,0.0,0.0,0,-107875648.0,77,0.0,154,0.0,-101056864.0,ERR,ERR,ERR,ERR,ERR,ERR,ERR,ERR,ERR,ERR,ERR,ERR,ERR,ERR,ERR,ERR,ERR,ERR,ERR,ERR,ERR,ERR,ERR,ERR,ERR,ERR,ERR,ERR,ERR,ERR,ERR,ERR,ERR,ERR,ERR,ERR,ERR,ERR,ERR,ERR,ERR,ERR,ERR,ERR,ERR,ERR,ERR,ERR,ERR,ERR,ERR,ERR,ERR,ERR,ERR,ERR,ERR,ERR,ERR,ERR,ERR,ERR,ERR,ERR,ERR,ERR,ERR,34.0,80.0,35,0.0,0.0,0.0,0.0,0.0,0.0,0.0,0.0,0.0,0.0,0.0,0.0,0.0,0.0,0.0,0.0,65.6,0,119,58,53,65476,0,300,0,0,8,20529,65476,0,0,57672,80.0,0.0,0.0,0.0,0.0,0.0
2026-06-18T02:53:53,ERR,ERR,ERR,ERR,ERR,ERR,ERR,ERR,ERR,ERR,ERR,ERR,ERR,ERR,ERR,ERR,ERR,ERR,ERR,ERR,ERR,ERR,ERR,ERR,ERR,ERR,ERR,ERR,ERR,ERR,ERR,ERR,ERR,ERR,ERR,ERR,ERR,ERR,ERR,ERR,ERR,ERR,ERR,ERR,ERR,ERR,ERR,ERR,ERR,ERR,ERR,ERR,ERR,ERR,ERR,ERR,ERR,ERR,ERR,ERR,ERR,ERR,ERR,ERR,ERR,ERR,ERR,ERR,ERR,ERR,ERR,ERR,ERR,ERR,ERR,ERR,ERR,ERR,ERR,ERR,ERR,ERR,ERR,ERR,ERR,ERR,ERR,ERR,ERR,ERR,ERR,ERR,ERR,ERR,ERR,ERR,ERR,ERR,ERR,ERR,ERR,ERR,ERR,ERR,ERR,ERR,ERR,ERR,ERR,ERR,ERR,ERR,ERR,ERR,ERR,ERR,ERR,ERR,ERR,ERR,ERR,ERR,ERR,ERR,ERR,0.0,-107615384.0,-0.0,2.718290229135658e+23,nan,1.3936040501711995e+18,7.805,-12113.15,0,0,4,48956,6720,14723890282496.0,100,0.0,0.0,0.0,-107609184.0,0.0,0,0,0,0,0.0,0,0,0,0,0,0,0,0,0,0,0,0,0,0,0,0,0,0,0,0,0,0,0,0,0,0,0,0,0,0,0,0,0,26,51,50,76,65476,0,300,0,0,8,21553,0.0,-107605600.0,0.0,0.0,0.0,0.0,0.0,0.0,0.0,0.0,0.0,0.0,0.0,0.0,0.0,0.0,0.0,0.0,0.0,0.0,0.0,0.0,2.004,-2.004,-0.0,2.004,0.0,0.0,0.0,0.0,4818.0,-2.004,7256.0,0.0,-107615384.0,2.7184303811560617e+23,0.0,0.0,0.0,0.0,0.0,77,-0.0,-4.950398423098307e+32,0.0,0.0,0.0,0.0,0.0,0.0,0.0,0,0,0,0.0,0.0,0.0,0.0,0.0,0.0,0.0,0.0,0.0,0.0,0.0,0.0,0.0,0.0,0.0,0.0,0,-107875648.0,77,0.0,154,0.0,-101056864.0,ERR,ERR,ERR,ERR,ERR,ERR,ERR,ERR,ERR,ERR,ERR,ERR,ERR,ERR,ERR,ERR,ERR,ERR,ERR,ERR,ERR,ERR,ERR,ERR,ERR,ERR,ERR,ERR,ERR,ERR,ERR,ERR,ERR,ERR,ERR,ERR,ERR,ERR,ERR,ERR,ERR,ERR,ERR,ERR,ERR,ERR,ERR,ERR,ERR,ERR,ERR,ERR,ERR,ERR,ERR,ERR,ERR,ERR,ERR,ERR,ERR,ERR,ERR,ERR,ERR,ERR,ERR,34.0,80.0,35,0.0,0.0,0.0,0.0,0.0,0.0,0.0,0.0,0.0,0.0,0.0,0.0,0.0,0.0,0.0,0.0,65.6,0,119,58,53,65476,0,300,0,0,8,20529,65476,0,0,57672,80.0,0.0,0.0,0.0,0.0,0.0
2026-06-18T02:53:54,ERR,ERR,ERR,ERR,ERR,ERR,ERR,ERR,ERR,ERR,ERR,ERR,ERR,ERR,ERR,ERR,ERR,ERR,ERR,ERR,ERR,ERR,ERR,ERR,ERR,ERR,ERR,ERR,ERR,ERR,ERR,ERR,ERR,ERR,ERR,ERR,ERR,ERR,ERR,ERR,ERR,ERR,ERR,ERR,ERR,ERR,ERR,ERR,ERR,ERR,ERR,ERR,ERR,ERR,ERR,ERR,ERR,ERR,ERR,ERR,ERR,ERR,ERR,ERR,ERR,ERR,ERR,ERR,ERR,ERR,ERR,ERR,ERR,ERR,ERR,ERR,ERR,ERR,ERR,ERR,ERR,ERR,ERR,ERR,ERR,ERR,ERR,ERR,ERR,ERR,ERR,ERR,ERR,ERR,ERR,ERR,ERR,ERR,ERR,ERR,ERR,ERR,ERR,ERR,ERR,ERR,ERR,ERR,ERR,ERR,ERR,ERR,ERR,ERR,ERR,ERR,ERR,ERR,ERR,ERR,ERR,ERR,ERR,ERR,ERR,0.0,-107615384.0,-0.0,2.718290229135658e+23,nan,1.3936040501711995e+18,7.805,-12113.15,0,0,4,48956,6720,14723890282496.0,100,0.0,0.0,0.0,-107609184.0,0.0,0,0,0,0,0.0,0,0,0,0,0,0,0,0,0,0,0,0,0,0,0,0,0,0,0,0,0,0,0,0,0,0,0,0,0,0,0,0,0,26,51,50,76,65476,0,300,0,0,8,21553,0.0,-107605600.0,0.0,0.0,0.0,0.0,0.0,0.0,0.0,0.0,0.0,0.0,0.0,0.0,0.0,0.0,0.0,0.0,0.0,0.0,0.0,0.0,2.004,-2.004,-0.0,2.004,0.0,0.0,0.0,0.0,4818.0,-2.004,7256.0,0.0,-107615384.0,2.7184303811560617e+23,0.0,0.0,0.0,0.0,0.0,77,-0.0,-4.950398423098307e+32,0.0,0.0,0.0,0.0,0.0,0.0,0.0,0,0,0,0.0,0.0,0.0,0.0,0.0,0.0,0.0,0.0,0.0,0.0,0.0,0.0,0.0,0.0,0.0,0.0,0,-107875648.0,77,0.0,154,0.0,-101056864.0,ERR,ERR,ERR,ERR,ERR,ERR,ERR,ERR,ERR,ERR,ERR,ERR,ERR,ERR,ERR,ERR,ERR,ERR,ERR,ERR,ERR,ERR,ERR,ERR,ERR,ERR,ERR,ERR,ERR,ERR,ERR,ERR,ERR,ERR,ERR,ERR,ERR,ERR,ERR,ERR,ERR,ERR,ERR,ERR,ERR,ERR,ERR,ERR,ERR,ERR,ERR,ERR,ERR,ERR,ERR,ERR,ERR,ERR,ERR,ERR,ERR,ERR,ERR,ERR,ERR,ERR,ERR,34.0,80.0,35,0.0,0.0,0.0,0.0,0.0,0.0,0.0,0.0,0.0,0.0,0.0,0.0,0.0,0.0,0.0,0.0,65.6,0,119,58,53,65476,0,300,0,0,8,20529,65476,0,0,57672,80.0,0.0,0.0,0.0,0.0,0.0
2026-06-18T02:53:55,ERR,ERR,ERR,ERR,ERR,ERR,ERR,ERR,ERR,ERR,ERR,ERR,ERR,ERR,ERR,ERR,ERR,ERR,ERR,ERR,ERR,ERR,ERR,ERR,ERR,ERR,ERR,ERR,ERR,ERR,ERR,ERR,ERR,ERR,ERR,ERR,ERR,ERR,ERR,ERR,ERR,ERR,ERR,ERR,ERR,ERR,ERR,ERR,ERR,ERR,ERR,ERR,ERR,ERR,ERR,ERR,ERR,ERR,ERR,ERR,ERR,ERR,ERR,ERR,ERR,ERR,ERR,ERR,ERR,ERR,ERR,ERR,ERR,ERR,ERR,ERR,ERR,ERR,ERR,ERR,ERR,ERR,ERR,ERR,ERR,ERR,ERR,ERR,ERR,ERR,ERR,ERR,ERR,ERR,ERR,ERR,ERR,ERR,ERR,ERR,ERR,ERR,ERR,ERR,ERR,ERR,ERR,ERR,ERR,ERR,ERR,ERR,ERR,ERR,ERR,ERR,ERR,ERR,ERR,ERR,ERR,ERR,ERR,ERR,ERR,0.0,-107615384.0,0.0,0.059,nan,1.3936040501711995e+18,7.805,-0.001,0,0,4,48954,6720,14723890282496.0,100,0.0,0.0,0.0,-0.0,0.0,0,0,0,0,0.0,0,0,0,0,0,0,0,0,0,0,0,0,0,0,0,0,0,0,0,0,0,0,0,0,0,0,0,0,0,0,0,0,0,26,51,50,76,65476,0,300,0,0,8,21553,0.0,-107605600.0,0.0,0.0,0.0,0.0,0.0,0.0,0.0,0.0,0.0,0.0,0.0,0.0,0.0,0.0,0.0,0.0,0.0,0.0,0.0,0.0,2.004,-2.004,-0.0,2.004,0.0,0.0,0.0,0.0,4814.0,-2.004,7256.0,0.0,-107615384.0,2.7184303811560617e+23,0.0,0.0,0.0,0.0,0.0,77,-0.0,-4.950398423098307e+32,0.0,0.0,0.0,0.0,0.0,0.0,0.0,0,0,0,0.0,0.0,0.0,0.0,0.0,0.0,0.0,0.0,0.0,0.0,0.0,0.0,0.0,0.0,0.0,0.0,0,-107875648.0,77,0.0,154,0.0,2.6533865130338155e+23,ERR,ERR,ERR,ERR,ERR,ERR,ERR,ERR,ERR,ERR,ERR,ERR,ERR,ERR,ERR,ERR,ERR,ERR,ERR,ERR,ERR,ERR,ERR,ERR,ERR,ERR,ERR,ERR,ERR,ERR,ERR,ERR,ERR,ERR,ERR,ERR,ERR,ERR,ERR,ERR,ERR,ERR,ERR,ERR,ERR,ERR,ERR,ERR,ERR,ERR,ERR,ERR,ERR,ERR,ERR,ERR,ERR,ERR,ERR,ERR,ERR,ERR,ERR,ERR,ERR,ERR,ERR,34.0,80.0,35,0.0,0.0,0.0,0.0,0.0,0.0,0.0,0.0,0.0,0.0,0.0,0.0,0.0,0.0,0.0,0.0,66.4,0,119,58,53,65476,0,300,0,0,8,20529,65476,0,0,57672,80.0,0.0,0.0,0.0,0.0,0.0
2026-06-18T02:53:56,ERR,ERR,ERR,ERR,ERR,ERR,ERR,ERR,ERR,ERR,ERR,ERR,ERR,ERR,ERR,ERR,ERR,ERR,ERR,ERR,ERR,ERR,ERR,ERR,ERR,ERR,ERR,ERR,ERR,ERR,ERR,ERR,ERR,ERR,ERR,ERR,ERR,ERR,ERR,ERR,ERR,ERR,ERR,ERR,ERR,ERR,ERR,ERR,ERR,ERR,ERR,ERR,ERR,ERR,ERR,ERR,ERR,ERR,ERR,ERR,ERR,ERR,ERR,ERR,ERR,ERR,ERR,ERR,ERR,ERR,ERR,ERR,ERR,ERR,ERR,ERR,ERR,ERR,ERR,ERR,ERR,ERR,ERR,ERR,ERR,ERR,ERR,ERR,ERR,ERR,ERR,ERR,ERR,ERR,ERR,ERR,ERR,ERR,ERR,ERR,ERR,ERR,ERR,ERR,ERR,ERR,ERR,ERR,ERR,ERR,ERR,ERR,ERR,ERR,ERR,ERR,ERR,ERR,ERR,ERR,ERR,ERR,ERR,ERR,ERR,0.0,-107615384.0,0.0,0.059,nan,1.3936040501711995e+18,7.805,-0.001,0,0,4,48954,6720,14723890282496.0,100,0.0,0.0,0.0,-0.0,0.0,0,0,0,0,0.0,0,0,0,0,0,0,0,0,0,0,0,0,0,0,0,0,0,0,0,0,0,0,0,0,0,0,0,0,0,0,0,0,0,26,51,50,76,65476,0,300,0,0,8,21553,0.0,-107605600.0,0.0,0.0,0.0,0.0,0.0,0.0,0.0,0.0,0.0,0.0,0.0,0.0,0.0,0.0,0.0,0.0,0.0,0.0,0.0,0.0,2.004,-2.004,-0.0,2.004,0.0,0.0,0.0,0.0,4814.0,-2.004,7256.0,0.0,-107615384.0,2.7184303811560617e+23,0.0,0.0,0.0,0.0,0.0,77,-0.0,-4.950398423098307e+32,0.0,0.0,0.0,0.0,0.0,0.0,0.0,0,0,0,0.0,0.0,0.0,0.0,0.0,0.0,0.0,0.0,0.0,0.0,0.0,0.0,0.0,0.0,0.0,0.0,0,-107875648.0,77,0.0,154,0.0,2.6533865130338155e+23,ERR,ERR,ERR,ERR,ERR,ERR,ERR,ERR,ERR,ERR,ERR,ERR,ERR,ERR,ERR,ERR,ERR,ERR,ERR,ERR,ERR,ERR,ERR,ERR,ERR,ERR,ERR,ERR,ERR,ERR,ERR,ERR,ERR,ERR,ERR,ERR,ERR,ERR,ERR,ERR,ERR,ERR,ERR,ERR,ERR,ERR,ERR,ERR,ERR,ERR,ERR,ERR,ERR,ERR,ERR,ERR,ERR,ERR,ERR,ERR,ERR,ERR,ERR,ERR,ERR,ERR,ERR,34.0,80.0,35,0.0,0.0,0.0,0.0,0.0,0.0,0.0,0.0,0.0,0.0,0.0,0.0,0.0,0.0,0.0,0.0,65.6,0,119,58,53,65476,0,300,0,0,8,20529,65476,0,0,57672,80.0,0.0,0.0,0.0,0.0,0.0
2026-06-18T02:53:57,ERR,ERR,ERR,ERR,ERR,ERR,ERR,ERR,ERR,ERR,ERR,ERR,ERR,ERR,ERR,ERR,ERR,ERR,ERR,ERR,ERR,ERR,ERR,ERR,ERR,ERR,ERR,ERR,ERR,ERR,ERR,ERR,ERR,ERR,ERR,ERR,ERR,ERR,ERR,ERR,ERR,ERR,ERR,ERR,ERR,ERR,ERR,ERR,ERR,ERR,ERR,ERR,ERR,ERR,ERR,ERR,ERR,ERR,ERR,ERR,ERR,ERR,ERR,ERR,ERR,ERR,ERR,ERR,ERR,ERR,ERR,ERR,ERR,ERR,ERR,ERR,ERR,ERR,ERR,ERR,ERR,ERR,ERR,ERR,ERR,ERR,ERR,ERR,ERR,ERR,ERR,ERR,ERR,ERR,ERR,ERR,ERR,ERR,ERR,ERR,ERR,ERR,ERR,ERR,ERR,ERR,ERR,ERR,ERR,ERR,ERR,ERR,ERR,ERR,ERR,ERR,ERR,ERR,ERR,ERR,ERR,ERR,ERR,ERR,ERR,0.0,-107615384.0,0.0,0.059,nan,1.3936040501711995e+18,7.805,-0.001,0,0,4,48954,6720,14723890282496.0,100,0.0,0.0,0.0,-0.0,0.0,0,0,0,0,0.0,0,0,0,0,0,0,0,0,0,0,0,0,0,0,0,0,0,0,0,0,0,0,0,0,0,0,0,0,0,0,0,0,0,26,51,50,76,65476,0,300,0,0,8,21553,0.0,-107605600.0,0.0,0.0,0.0,0.0,0.0,0.0,0.0,0.0,0.0,0.0,0.0,0.0,0.0,0.0,0.0,0.0,0.0,0.0,0.0,0.0,2.004,-2.004,-0.0,2.004,0.0,0.0,0.0,0.0,4814.0,-2.004,7256.0,0.0,-107615384.0,2.7184303811560617e+23,0.0,0.0,0.0,0.0,0.0,77,-0.0,-4.950398423098307e+32,0.0,0.0,0.0,0.0,0.0,0.0,0.0,0,0,0,0.0,0.0,0.0,0.0,0.0,0.0,0.0,0.0,0.0,0.0,0.0,0.0,0.0,0.0,0.0,0.0,0,-107875648.0,77,0.0,154,0.0,2.6533865130338155e+23,ERR,ERR,ERR,ERR,ERR,ERR,ERR,ERR,ERR,ERR,ERR,ERR,ERR,ERR,ERR,ERR,ERR,ERR,ERR,ERR,ERR,ERR,ERR,ERR,ERR,ERR,ERR,ERR,ERR,ERR,ERR,ERR,ERR,ERR,ERR,ERR,ERR,ERR,ERR,ERR,ERR,ERR,ERR,ERR,ERR,ERR,ERR,ERR,ERR,ERR,ERR,ERR,ERR,ERR,ERR,ERR,ERR,ERR,ERR,ERR,ERR,ERR,ERR,ERR,ERR,ERR,ERR,34.0,80.0,35,0.0,0.0,0.0,0.0,0.0,0.0,0.0,0.0,0.0,0.0,0.0,0.0,0.0,0.0,0.0,0.0,65.6,0,119,58,53,65476,0,300,0,0,8,20529,65476,0,0,57672,80.0,0.0,0.0,0.0,0.0,0.0
2026-06-18T02:53:58,ERR,ERR,ERR,ERR,ERR,ERR,ERR,ERR,ERR,ERR,ERR,ERR,ERR,ERR,ERR,ERR,ERR,ERR,ERR,ERR,ERR,ERR,ERR,ERR,ERR,ERR,ERR,ERR,ERR,ERR,ERR,ERR,ERR,ERR,ERR,ERR,ERR,ERR,ERR,ERR,ERR,ERR,ERR,ERR,ERR,ERR,ERR,ERR,ERR,ERR,ERR,ERR,ERR,ERR,ERR,ERR,ERR,ERR,ERR,ERR,ERR,ERR,ERR,ERR,ERR,ERR,ERR,ERR,ERR,ERR,ERR,ERR,ERR,ERR,ERR,ERR,ERR,ERR,ERR,ERR,ERR,ERR,ERR,ERR,ERR,ERR,ERR,ERR,ERR,ERR,ERR,ERR,ERR,ERR,ERR,ERR,ERR,ERR,ERR,ERR,ERR,ERR,ERR,ERR,ERR,ERR,ERR,ERR,ERR,ERR,ERR,ERR,ERR,ERR,ERR,ERR,ERR,ERR,ERR,ERR,ERR,ERR,ERR,ERR,ERR,0.0,-107615384.0,0.0,0.059,nan,1.3936040501711995e+18,7.805,-0.001,0,0,4,48954,6720,14723890282496.0,100,0.0,0.0,0.0,-0.0,0.0,0,0,0,0,0.0,0,0,0,0,0,0,0,0,0,0,0,0,0,0,0,0,0,0,0,0,0,0,0,0,0,0,0,0,0,0,0,0,0,26,51,50,76,65476,0,300,0,0,8,21553,0.0,-107605600.0,0.0,0.0,0.0,0.0,0.0,0.0,0.0,0.0,0.0,0.0,0.0,0.0,0.0,0.0,0.0,0.0,0.0,0.0,0.0,0.0,2.004,-2.004,-0.0,2.004,0.0,0.0,0.0,0.0,4814.0,-2.004,7256.0,0.0,-107615384.0,2.7184303811560617e+23,0.0,0.0,0.0,0.0,0.0,77,-0.0,-4.950398423098307e+32,0.0,0.0,0.0,0.0,0.0,0.0,0.0,0,0,0,0.0,0.0,0.0,0.0,0.0,0.0,0.0,0.0,0.0,0.0,0.0,0.0,0.0,0.0,0.0,0.0,0,-107875648.0,77,0.0,154,0.0,2.6533865130338155e+23,ERR,ERR,ERR,ERR,ERR,ERR,ERR,ERR,ERR,ERR,ERR,ERR,ERR,ERR,ERR,ERR,ERR,ERR,ERR,ERR,ERR,ERR,ERR,ERR,ERR,ERR,ERR,ERR,ERR,ERR,ERR,ERR,ERR,ERR,ERR,ERR,ERR,ERR,ERR,ERR,ERR,ERR,ERR,ERR,ERR,ERR,ERR,ERR,ERR,ERR,ERR,ERR,ERR,ERR,ERR,ERR,ERR,ERR,ERR,ERR,ERR,ERR,ERR,ERR,ERR,ERR,ERR,34.0,80.0,35,0.0,0.0,0.0,0.0,0.0,0.0,0.0,0.0,0.0,0.0,0.0,0.0,0.0,0.0,0.0,0.0,65.6,0,119,58,53,65476,0,300,0,0,8,20529,65476,0,0,57672,80.0,0.0,0.0,0.0,0.0,0.0
2026-06-18T02:53:59,ERR,ERR,ERR,ERR,ERR,ERR,ERR,ERR,ERR,ERR,ERR,ERR,ERR,ERR,ERR,ERR,ERR,ERR,ERR,ERR,ERR,ERR,ERR,ERR,ERR,ERR,ERR,ERR,ERR,ERR,ERR,ERR,ERR,ERR,ERR,ERR,ERR,ERR,ERR,ERR,ERR,ERR,ERR,ERR,ERR,ERR,ERR,ERR,ERR,ERR,ERR,ERR,ERR,ERR,ERR,ERR,ERR,ERR,ERR,ERR,ERR,ERR,ERR,ERR,ERR,ERR,ERR,ERR,ERR,ERR,ERR,ERR,ERR,ERR,ERR,ERR,ERR,ERR,ERR,ERR,ERR,ERR,ERR,ERR,ERR,ERR,ERR,ERR,ERR,ERR,ERR,ERR,ERR,ERR,ERR,ERR,ERR,ERR,ERR,ERR,ERR,ERR,ERR,ERR,ERR,ERR,ERR,ERR,ERR,ERR,ERR,ERR,ERR,ERR,ERR,ERR,ERR,ERR,ERR,ERR,ERR,ERR,ERR,ERR,ERR,0.0,-107615384.0,0.0,0.059,nan,1.3936040501711995e+18,7.805,-0.001,0,0,4,48954,6720,14723890282496.0,100,0.0,0.0,0.0,-0.0,0.0,0,0,0,0,0.0,0,0,0,0,0,0,0,0,0,0,0,0,0,0,0,0,0,0,0,0,0,0,0,0,0,0,0,0,0,0,0,0,0,26,51,50,76,65476,0,300,0,0,8,21553,0.0,-107605600.0,0.0,0.0,0.0,0.0,0.0,0.0,0.0,0.0,0.0,0.0,0.0,0.0,0.0,0.0,0.0,0.0,0.0,0.0,0.0,0.0,2.004,-2.004,-0.0,2.004,0.0,0.0,0.0,0.0,4814.0,-2.004,7256.0,0.0,-107615384.0,2.7184303811560617e+23,0.0,0.0,0.0,0.0,0.0,77,-0.0,-4.950398423098307e+32,0.0,0.0,0.0,0.0,0.0,0.0,0.0,0,0,0,0.0,0.0,0.0,0.0,0.0,0.0,0.0,0.0,0.0,0.0,0.0,0.0,0.0,0.0,0.0,0.0,0,-107875648.0,77,0.0,154,0.0,2.6533865130338155e+23,ERR,ERR,ERR,ERR,ERR,ERR,ERR,ERR,ERR,ERR,ERR,ERR,ERR,ERR,ERR,ERR,ERR,ERR,ERR,ERR,ERR,ERR,ERR,ERR,ERR,ERR,ERR,ERR,ERR,ERR,ERR,ERR,ERR,ERR,ERR,ERR,ERR,ERR,ERR,ERR,ERR,ERR,ERR,ERR,ERR,ERR,ERR,ERR,ERR,ERR,ERR,ERR,ERR,ERR,ERR,ERR,ERR,ERR,ERR,ERR,ERR,ERR,ERR,ERR,ERR,ERR,ERR,34.0,80.0,35,0.0,0.0,0.0,0.0,0.0,0.0,0.0,0.0,0.0,0.0,0.0,0.0,0.0,0.0,0.0,0.0,65.6,0,119,58,53,65476,0,300,0,0,8,20529,65476,0,0,57672,80.0,0.0,0.0,0.0,0.0,0.0
2026-06-18T02:54:00,ERR,ERR,ERR,ERR,ERR,ERR,ERR,ERR,ERR,ERR,ERR,ERR,ERR,ERR,ERR,ERR,ERR,ERR,ERR,ERR,ERR,ERR,ERR,ERR,ERR,ERR,ERR,ERR,ERR,ERR,ERR,ERR,ERR,ERR,ERR,ERR,ERR,ERR,ERR,ERR,ERR,ERR,ERR,ERR,ERR,ERR,ERR,ERR,ERR,ERR,ERR,ERR,ERR,ERR,ERR,ERR,ERR,ERR,ERR,ERR,ERR,ERR,ERR,ERR,ERR,ERR,ERR,ERR,ERR,ERR,ERR,ERR,ERR,ERR,ERR,ERR,ERR,ERR,ERR,ERR,ERR,ERR,ERR,ERR,ERR,ERR,ERR,ERR,ERR,ERR,ERR,ERR,ERR,ERR,ERR,ERR,ERR,ERR,ERR,ERR,ERR,ERR,ERR,ERR,ERR,ERR,ERR,ERR,ERR,ERR,ERR,ERR,ERR,ERR,ERR,ERR,ERR,ERR,ERR,ERR,ERR,ERR,ERR,ERR,ERR,0.0,-107615384.0,-0.0,-0.0,nan,1.3936040501711995e+18,7.805,1.182,0,0,4,48959,6720,14723890282496.0,100,0.0,0.0,0.0,89215.008,0.0,0,0,0,0,0.0,0,0,0,0,0,0,0,0,0,0,0,0,0,0,0,0,0,0,0,0,0,0,0,0,0,0,0,0,0,0,0,0,0,26,51,50,76,65476,0,300,0,0,8,21553,0.0,-107605600.0,0.0,0.0,0.0,0.0,0.0,0.0,0.0,0.0,0.0,0.0,0.0,0.0,0.0,0.0,0.0,0.0,0.0,0.0,0.0,0.0,2.004,-2.004,-0.0,2.004,0.0,0.0,0.0,0.0,4811.0,-1.0406646380929485e+34,7263.0,0.0,-107615384.0,2.7184303811560617e+23,0.0,0.0,0.0,0.0,0.0,77,-0.0,89220.508,0.0,0.0,0.0,0.0,0.0,0.0,0.0,0,0,0,0.0,0.0,0.0,0.0,0.0,0.0,0.0,0.0,0.0,0.0,0.0,0.0,0.0,0.0,0.0,0.0,0,-107875648.0,77,0.0,154,0.0,-101056864.0,ERR,ERR,ERR,ERR,ERR,ERR,ERR,ERR,ERR,ERR,ERR,ERR,ERR,ERR,ERR,ERR,ERR,ERR,ERR,ERR,ERR,ERR,ERR,ERR,ERR,ERR,ERR,ERR,ERR,ERR,ERR,ERR,ERR,ERR,ERR,ERR,ERR,ERR,ERR,ERR,ERR,ERR,ERR,ERR,ERR,ERR,ERR,ERR,ERR,ERR,ERR,ERR,ERR,ERR,ERR,ERR,ERR,ERR,ERR,ERR,ERR,ERR,ERR,ERR,ERR,ERR,ERR,34.0,80.0,35,0.0,0.0,0.0,0.0,0.0,0.0,0.0,0.0,0.0,0.0,0.0,0.0,0.0,0.0,0.0,0.0,65.6,0,119,58,53,65476,0,300,0,0,8,20529,65476,0,0,57672,80.0,0.0,0.0,0.0,0.0,0.0
2026-06-18T02:54:01,ERR,ERR,ERR,ERR,ERR,ERR,ERR,ERR,ERR,ERR,ERR,ERR,ERR,ERR,ERR,ERR,ERR,ERR,ERR,ERR,ERR,ERR,ERR,ERR,ERR,ERR,ERR,ERR,ERR,ERR,ERR,ERR,ERR,ERR,ERR,ERR,ERR,ERR,ERR,ERR,ERR,ERR,ERR,ERR,ERR,ERR,ERR,ERR,ERR,ERR,ERR,ERR,ERR,ERR,ERR,ERR,ERR,ERR,ERR,ERR,ERR,ERR,ERR,ERR,ERR,ERR,ERR,ERR,ERR,ERR,ERR,ERR,ERR,ERR,ERR,ERR,ERR,ERR,ERR,ERR,ERR,ERR,ERR,ERR,ERR,ERR,ERR,ERR,ERR,ERR,ERR,ERR,ERR,ERR,ERR,ERR,ERR,ERR,ERR,ERR,ERR,ERR,ERR,ERR,ERR,ERR,ERR,ERR,ERR,ERR,ERR,ERR,ERR,ERR,ERR,ERR,ERR,ERR,ERR,ERR,ERR,ERR,ERR,ERR,ERR,0.0,-107615384.0,-0.0,-0.0,nan,1.3936040501711995e+18,7.805,1.182,0,0,4,48959,6720,14723890282496.0,100,0.0,0.0,0.0,89215.008,0.0,0,0,0,0,0.0,0,0,0,0,0,0,0,0,0,0,0,0,0,0,0,0,0,0,0,0,0,0,0,0,0,0,0,0,0,0,0,0,0,26,51,50,76,65476,0,300,0,0,8,21553,0.0,-107605600.0,0.0,0.0,0.0,0.0,0.0,0.0,0.0,0.0,0.0,0.0,0.0,0.0,0.0,0.0,0.0,0.0,0.0,0.0,0.0,0.0,2.004,-2.004,-0.0,2.004,0.0,0.0,0.0,0.0,4811.0,-1.0406646380929485e+34,7263.0,0.0,-107615384.0,2.7184303811560617e+23,0.0,0.0,0.0,0.0,0.0,77,-0.0,89220.508,0.0,0.0,0.0,0.0,0.0,0.0,0.0,0,0,0,0.0,0.0,0.0,0.0,0.0,0.0,0.0,0.0,0.0,0.0,0.0,0.0,0.0,0.0,0.0,0.0,0,-107875648.0,77,0.0,154,0.0,-101056864.0,ERR,ERR,ERR,ERR,ERR,ERR,ERR,ERR,ERR,ERR,ERR,ERR,ERR,ERR,ERR,ERR,ERR,ERR,ERR,ERR,ERR,ERR,ERR,ERR,ERR,ERR,ERR,ERR,ERR,ERR,ERR,ERR,ERR,ERR,ERR,ERR,ERR,ERR,ERR,ERR,ERR,ERR,ERR,ERR,ERR,ERR,ERR,ERR,ERR,ERR,ERR,ERR,ERR,ERR,ERR,ERR,ERR,ERR,ERR,ERR,ERR,ERR,ERR,ERR,ERR,ERR,ERR,34.0,80.0,35,0.0,0.0,0.0,0.0,0.0,0.0,0.0,0.0,0.0,0.0,0.0,0.0,0.0,0.0,0.0,0.0,65.6,0,119,58,53,65476,0,300,0,0,8,20529,65476,0,0,57672,80.0,0.0,0.0,0.0,0.0,0.0
2026-06-18T02:54:02,ERR,ERR,ERR,ERR,ERR,ERR,ERR,ERR,ERR,ERR,ERR,ERR,ERR,ERR,ERR,ERR,ERR,ERR,ERR,ERR,ERR,ERR,ERR,ERR,ERR,ERR,ERR,ERR,ERR,ERR,ERR,ERR,ERR,ERR,ERR,ERR,ERR,ERR,ERR,ERR,ERR,ERR,ERR,ERR,ERR,ERR,ERR,ERR,ERR,ERR,ERR,ERR,ERR,ERR,ERR,ERR,ERR,ERR,ERR,ERR,ERR,ERR,ERR,ERR,ERR,ERR,ERR,ERR,ERR,ERR,ERR,ERR,ERR,ERR,ERR,ERR,ERR,ERR,ERR,ERR,ERR,ERR,ERR,ERR,ERR,ERR,ERR,ERR,ERR,ERR,ERR,ERR,ERR,ERR,ERR,ERR,ERR,ERR,ERR,ERR,ERR,ERR,ERR,ERR,ERR,ERR,ERR,ERR,ERR,ERR,ERR,ERR,ERR,ERR,ERR,ERR,ERR,ERR,ERR,ERR,ERR,ERR,ERR,ERR,ERR,0.0,-107615384.0,-0.0,-0.0,nan,1.3936040501711995e+18,7.805,1.182,0,0,4,48959,6720,14723890282496.0,100,0.0,0.0,0.0,89215.008,0.0,0,0,0,0,0.0,0,0,0,0,0,0,0,0,0,0,0,0,0,0,0,0,0,0,0,0,0,0,0,0,0,0,0,0,0,0,0,0,0,26,51,50,76,65476,0,300,0,0,8,21553,0.0,-107605600.0,0.0,0.0,0.0,0.0,0.0,0.0,0.0,0.0,0.0,0.0,0.0,0.0,0.0,0.0,0.0,0.0,0.0,0.0,0.0,0.0,2.004,-2.004,-0.0,2.004,0.0,0.0,0.0,0.0,4811.0,-1.0406646380929485e+34,7263.0,0.0,-107615384.0,2.7184303811560617e+23,0.0,0.0,0.0,0.0,0.0,77,-0.0,89220.508,0.0,0.0,0.0,0.0,0.0,0.0,0.0,0,0,0,0.0,0.0,0.0,0.0,0.0,0.0,0.0,0.0,0.0,0.0,0.0,0.0,0.0,0.0,0.0,0.0,0,-107875648.0,77,0.0,154,0.0,-101056864.0,ERR,ERR,ERR,ERR,ERR,ERR,ERR,ERR,ERR,ERR,ERR,ERR,ERR,ERR,ERR,ERR,ERR,ERR,ERR,ERR,ERR,ERR,ERR,ERR,ERR,ERR,ERR,ERR,ERR,ERR,ERR,ERR,ERR,ERR,ERR,ERR,ERR,ERR,ERR,ERR,ERR,ERR,ERR,ERR,ERR,ERR,ERR,ERR,ERR,ERR,ERR,ERR,ERR,ERR,ERR,ERR,ERR,ERR,ERR,ERR,ERR,ERR,ERR,ERR,ERR,ERR,ERR,34.0,80.0,35,0.0,0.0,0.0,0.0,0.0,0.0,0.0,0.0,0.0,0.0,0.0,0.0,0.0,0.0,0.0,0.0,65.6,0,119,58,53,65476,0,300,0,0,8,20529,65476,0,0,57672,80.0,0.0,0.0,0.0,0.0,0.0
2026-06-18T02:54:03,ERR,ERR,ERR,ERR,ERR,ERR,ERR,ERR,ERR,ERR,ERR,ERR,ERR,ERR,ERR,ERR,ERR,ERR,ERR,ERR,ERR,ERR,ERR,ERR,ERR,ERR,ERR,ERR,ERR,ERR,ERR,ERR,ERR,ERR,ERR,ERR,ERR,ERR,ERR,ERR,ERR,ERR,ERR,ERR,ERR,ERR,ERR,ERR,ERR,ERR,ERR,ERR,ERR,ERR,ERR,ERR,ERR,ERR,ERR,ERR,ERR,ERR,ERR,ERR,ERR,ERR,ERR,ERR,ERR,ERR,ERR,ERR,ERR,ERR,ERR,ERR,ERR,ERR,ERR,ERR,ERR,ERR,ERR,ERR,ERR,ERR,ERR,ERR,ERR,ERR,ERR,ERR,ERR,ERR,ERR,ERR,ERR,ERR,ERR,ERR,ERR,ERR,ERR,ERR,ERR,ERR,ERR,ERR,ERR,ERR,ERR,ERR,ERR,ERR,ERR,ERR,ERR,ERR,ERR,ERR,ERR,ERR,ERR,ERR,ERR,0.0,-107615384.0,-0.0,-0.0,nan,1.3936040501711995e+18,7.805,1.182,0,0,4,48959,6720,14723890282496.0,100,0.0,0.0,0.0,89215.008,0.0,0,0,0,0,0.0,0,0,0,0,0,0,0,0,0,0,0,0,0,0,0,0,0,0,0,0,0,0,0,0,0,0,0,0,0,0,0,0,0,26,51,50,76,65476,0,300,0,0,8,21553,0.0,-107605600.0,0.0,0.0,0.0,0.0,0.0,0.0,0.0,0.0,0.0,0.0,0.0,0.0,0.0,0.0,0.0,0.0,0.0,0.0,0.0,0.0,2.004,-2.004,-0.0,2.004,0.0,0.0,0.0,0.0,4811.0,-1.0406646380929485e+34,7263.0,0.0,-107615384.0,2.7184303811560617e+23,0.0,0.0,0.0,0.0,0.0,77,-0.0,89220.508,0.0,0.0,0.0,0.0,0.0,0.0,0.0,0,0,0,0.0,0.0,0.0,0.0,0.0,0.0,0.0,0.0,0.0,0.0,0.0,0.0,0.0,0.0,0.0,0.0,0,-107875648.0,77,0.0,154,0.0,-101056864.0,ERR,ERR,ERR,ERR,ERR,ERR,ERR,ERR,ERR,ERR,ERR,ERR,ERR,ERR,ERR,ERR,ERR,ERR,ERR,ERR,ERR,ERR,ERR,ERR,ERR,ERR,ERR,ERR,ERR,ERR,ERR,ERR,ERR,ERR,ERR,ERR,ERR,ERR,ERR,ERR,ERR,ERR,ERR,ERR,ERR,ERR,ERR,ERR,ERR,ERR,ERR,ERR,ERR,ERR,ERR,ERR,ERR,ERR,ERR,ERR,ERR,ERR,ERR,ERR,ERR,ERR,ERR,34.0,80.0,35,0.0,0.0,0.0,0.0,0.0,0.0,0.0,0.0,0.0,0.0,0.0,0.0,0.0,0.0,0.0,0.0,65.6,0,119,58,53,65476,0,300,0,0,8,20529,65476,0,0,57672,80.0,0.0,0.0,0.0,0.0,0.0
2026-06-18T02:54:04,ERR,ERR,ERR,ERR,ERR,ERR,ERR,ERR,ERR,ERR,ERR,ERR,ERR,ERR,ERR,ERR,ERR,ERR,ERR,ERR,ERR,ERR,ERR,ERR,ERR,ERR,ERR,ERR,ERR,ERR,ERR,ERR,ERR,ERR,ERR,ERR,ERR,ERR,ERR,ERR,ERR,ERR,ERR,ERR,ERR,ERR,ERR,ERR,ERR,ERR,ERR,ERR,ERR,ERR,ERR,ERR,ERR,ERR,ERR,ERR,ERR,ERR,ERR,ERR,ERR,ERR,ERR,ERR,ERR,ERR,ERR,ERR,ERR,ERR,ERR,ERR,ERR,ERR,ERR,ERR,ERR,ERR,ERR,ERR,ERR,ERR,ERR,ERR,ERR,ERR,ERR,ERR,ERR,ERR,ERR,ERR,ERR,ERR,ERR,ERR,ERR,ERR,ERR,ERR,ERR,ERR,ERR,ERR,ERR,ERR,ERR,ERR,ERR,ERR,ERR,ERR,ERR,ERR,ERR,ERR,ERR,ERR,ERR,ERR,ERR,0.0,-107615384.0,-0.0,-0.0,nan,1.3936040501711995e+18,7.805,1.182,0,0,4,48959,6720,14723890282496.0,100,0.0,0.0,0.0,89215.008,0.0,0,0,0,0,0.0,0,0,0,0,0,0,0,0,0,0,0,0,0,0,0,0,0,0,0,0,0,0,0,0,0,0,0,0,0,0,0,0,0,26,51,50,76,65476,0,300,0,0,8,21553,0.0,-107605600.0,0.0,0.0,0.0,0.0,0.0,0.0,0.0,0.0,0.0,0.0,0.0,0.0,0.0,0.0,0.0,0.0,0.0,0.0,0.0,0.0,2.004,-2.004,-0.0,2.004,0.0,0.0,0.0,0.0,4811.0,-1.0406646380929485e+34,7263.0,0.0,-107615384.0,2.7184303811560617e+23,0.0,0.0,0.0,0.0,0.0,77,-0.0,89220.508,0.0,0.0,0.0,0.0,0.0,0.0,0.0,0,0,0,0.0,0.0,0.0,0.0,0.0,0.0,0.0,0.0,0.0,0.0,0.0,0.0,0.0,0.0,0.0,0.0,0,-107875648.0,77,0.0,154,0.0,-101056864.0,ERR,ERR,ERR,ERR,ERR,ERR,ERR,ERR,ERR,ERR,ERR,ERR,ERR,ERR,ERR,ERR,ERR,ERR,ERR,ERR,ERR,ERR,ERR,ERR,ERR,ERR,ERR,ERR,ERR,ERR,ERR,ERR,ERR,ERR,ERR,ERR,ERR,ERR,ERR,ERR,ERR,ERR,ERR,ERR,ERR,ERR,ERR,ERR,ERR,ERR,ERR,ERR,ERR,ERR,ERR,ERR,ERR,ERR,ERR,ERR,ERR,ERR,ERR,ERR,ERR,ERR,ERR,34.0,80.0,35,0.0,0.0,0.0,0.0,0.0,0.0,0.0,0.0,0.0,0.0,0.0,0.0,0.0,0.0,0.0,0.0,66.4,0,119,58,53,65476,0,300,0,0,8,20529,65476,0,0,57672,80.0,0.0,0.0,0.0,0.0,0.0
2026-06-18T02:54:05,ERR,ERR,ERR,ERR,ERR,ERR,ERR,ERR,ERR,ERR,ERR,ERR,ERR,ERR,ERR,ERR,ERR,ERR,ERR,ERR,ERR,ERR,ERR,ERR,ERR,ERR,ERR,ERR,ERR,ERR,ERR,ERR,ERR,ERR,ERR,ERR,ERR,ERR,ERR,ERR,ERR,ERR,ERR,ERR,ERR,ERR,ERR,ERR,ERR,ERR,ERR,ERR,ERR,ERR,ERR,ERR,ERR,ERR,ERR,ERR,ERR,ERR,ERR,ERR,ERR,ERR,ERR,ERR,ERR,ERR,ERR,ERR,ERR,ERR,ERR,ERR,ERR,ERR,ERR,ERR,ERR,ERR,ERR,ERR,ERR,ERR,ERR,ERR,ERR,ERR,ERR,ERR,ERR,ERR,ERR,ERR,ERR,ERR,ERR,ERR,ERR,ERR,ERR,ERR,ERR,ERR,ERR,ERR,ERR,ERR,ERR,ERR,ERR,ERR,ERR,ERR,ERR,ERR,ERR,ERR,ERR,ERR,ERR,ERR,ERR,0.0,-107615384.0,-0.0,-152005385388032.0,nan,1.3936040501711995e+18,7.805,-1161942663168.0,0,0,4,48930,6720,14723890282496.0,100,0.0,0.0,0.0,-152005385388032.0,0.0,0,0,0,0,0.0,0,0,0,0,0,0,0,0,0,0,0,0,0,0,0,0,0,0,0,0,0,0,0,0,0,0,0,0,0,0,0,0,0,26,51,50,76,65476,0,300,0,0,8,21553,0.0,-107605600.0,0.0,0.0,0.0,0.0,0.0,0.0,0.0,0.0,0.0,0.0,0.0,0.0,0.0,0.0,0.0,0.0,0.0,0.0,0.0,0.0,2.004,-2.004,-0.0,2.004,0.0,0.0,0.0,0.0,4814.0,-564145430724608.0,7259.0,0.0,-107615384.0,2.7184303811560617e+23,0.0,0.0,0.0,0.0,0.0,77,-0.0,0.0,0.0,0.0,0.0,0.0,0.0,0.0,0.0,0,0,0,0.0,0.0,0.0,0.0,0.0,0.0,0.0,0.0,0.0,0.0,0.0,0.0,0.0,0.0,0.0,0.0,0,-107875648.0,77,0.0,154,0.0,-101056864.0,ERR,ERR,ERR,ERR,ERR,ERR,ERR,ERR,ERR,ERR,ERR,ERR,ERR,ERR,ERR,ERR,ERR,ERR,ERR,ERR,ERR,ERR,ERR,ERR,ERR,ERR,ERR,ERR,ERR,ERR,ERR,ERR,ERR,ERR,ERR,ERR,ERR,ERR,ERR,ERR,ERR,ERR,ERR,ERR,ERR,ERR,ERR,ERR,ERR,ERR,ERR,ERR,ERR,ERR,ERR,ERR,ERR,ERR,ERR,ERR,ERR,ERR,ERR,ERR,ERR,ERR,ERR,34.0,80.0,35,0.0,0.0,0.0,0.0,0.0,0.0,0.0,0.0,0.0,0.0,0.0,0.0,0.0,0.0,0.0,0.0,66.4,0,119,58,53,65476,0,300,0,0,8,20529,65476,0,0,57672,80.0,0.0,0.0,0.0,0.0,0.0
2026-06-18T02:54:06,ERR,ERR,ERR,ERR,ERR,ERR,ERR,ERR,ERR,ERR,ERR,ERR,ERR,ERR,ERR,ERR,ERR,ERR,ERR,ERR,ERR,ERR,ERR,ERR,ERR,ERR,ERR,ERR,ERR,ERR,ERR,ERR,ERR,ERR,ERR,ERR,ERR,ERR,ERR,ERR,ERR,ERR,ERR,ERR,ERR,ERR,ERR,ERR,ERR,ERR,ERR,ERR,ERR,ERR,ERR,ERR,ERR,ERR,ERR,ERR,ERR,ERR,ERR,ERR,ERR,ERR,ERR,ERR,ERR,ERR,ERR,ERR,ERR,ERR,ERR,ERR,ERR,ERR,ERR,ERR,ERR,ERR,ERR,ERR,ERR,ERR,ERR,ERR,ERR,ERR,ERR,ERR,ERR,ERR,ERR,ERR,ERR,ERR,ERR,ERR,ERR,ERR,ERR,ERR,ERR,ERR,ERR,ERR,ERR,ERR,ERR,ERR,ERR,ERR,ERR,ERR,ERR,ERR,ERR,ERR,ERR,ERR,ERR,ERR,ERR,0.0,-107615384.0,-0.0,-152005385388032.0,nan,1.3936040501711995e+18,7.805,-1161942663168.0,0,0,4,48930,6720,14723890282496.0,100,0.0,0.0,0.0,-152005385388032.0,0.0,0,0,0,0,0.0,0,0,0,0,0,0,0,0,0,0,0,0,0,0,0,0,0,0,0,0,0,0,0,0,0,0,0,0,0,0,0,0,0,26,51,50,76,65476,0,300,0,0,8,21553,0.0,-107605600.0,0.0,0.0,0.0,0.0,0.0,0.0,0.0,0.0,0.0,0.0,0.0,0.0,0.0,0.0,0.0,0.0,0.0,0.0,0.0,0.0,2.004,-2.004,-0.0,2.004,0.0,0.0,0.0,0.0,4814.0,-564145430724608.0,7259.0,0.0,-107615384.0,2.7184303811560617e+23,0.0,0.0,0.0,0.0,0.0,77,-0.0,0.0,0.0,0.0,0.0,0.0,0.0,0.0,0.0,0,0,0,0.0,0.0,0.0,0.0,0.0,0.0,0.0,0.0,0.0,0.0,0.0,0.0,0.0,0.0,0.0,0.0,0,-107875648.0,77,0.0,154,0.0,-101056864.0,ERR,ERR,ERR,ERR,ERR,ERR,ERR,ERR,ERR,ERR,ERR,ERR,ERR,ERR,ERR,ERR,ERR,ERR,ERR,ERR,ERR,ERR,ERR,ERR,ERR,ERR,ERR,ERR,ERR,ERR,ERR,ERR,ERR,ERR,ERR,ERR,ERR,ERR,ERR,ERR,ERR,ERR,ERR,ERR,ERR,ERR,ERR,ERR,ERR,ERR,ERR,ERR,ERR,ERR,ERR,ERR,ERR,ERR,ERR,ERR,ERR,ERR,ERR,ERR,ERR,ERR,ERR,34.0,80.0,35,0.0,0.0,0.0,0.0,0.0,0.0,0.0,0.0,0.0,0.0,0.0,0.0,0.0,0.0,0.0,0.0,65.6,0,119,58,53,65476,0,300,0,0,8,20529,65476,0,0,57672,80.0,0.0,0.0,0.0,0.0,0.0
2026-06-18T02:54:07,ERR,ERR,ERR,ERR,ERR,ERR,ERR,ERR,ERR,ERR,ERR,ERR,ERR,ERR,ERR,ERR,ERR,ERR,ERR,ERR,ERR,ERR,ERR,ERR,ERR,ERR,ERR,ERR,ERR,ERR,ERR,ERR,ERR,ERR,ERR,ERR,ERR,ERR,ERR,ERR,ERR,ERR,ERR,ERR,ERR,ERR,ERR,ERR,ERR,ERR,ERR,ERR,ERR,ERR,ERR,ERR,ERR,ERR,ERR,ERR,ERR,ERR,ERR,ERR,ERR,ERR,ERR,ERR,ERR,ERR,ERR,ERR,ERR,ERR,ERR,ERR,ERR,ERR,ERR,ERR,ERR,ERR,ERR,ERR,ERR,ERR,ERR,ERR,ERR,ERR,ERR,ERR,ERR,ERR,ERR,ERR,ERR,ERR,ERR,ERR,ERR,ERR,ERR,ERR,ERR,ERR,ERR,ERR,ERR,ERR,ERR,ERR,ERR,ERR,ERR,ERR,ERR,ERR,ERR,ERR,ERR,ERR,ERR,ERR,ERR,0.0,-107615384.0,-0.0,-152005385388032.0,nan,1.3936040501711995e+18,7.805,-1161942663168.0,0,0,4,48930,6720,14723890282496.0,100,0.0,0.0,0.0,-152005385388032.0,0.0,0,0,0,0,0.0,0,0,0,0,0,0,0,0,0,0,0,0,0,0,0,0,0,0,0,0,0,0,0,0,0,0,0,0,0,0,0,0,0,26,51,50,76,65476,0,300,0,0,8,21553,0.0,-107605600.0,0.0,0.0,0.0,0.0,0.0,0.0,0.0,0.0,0.0,0.0,0.0,0.0,0.0,0.0,0.0,0.0,0.0,0.0,0.0,0.0,2.004,-2.004,-0.0,2.004,0.0,0.0,0.0,0.0,4814.0,-564145430724608.0,7259.0,0.0,-107615384.0,2.7184303811560617e+23,0.0,0.0,0.0,0.0,0.0,77,-0.0,0.0,0.0,0.0,0.0,0.0,0.0,0.0,0.0,0,0,0,0.0,0.0,0.0,0.0,0.0,0.0,0.0,0.0,0.0,0.0,0.0,0.0,0.0,0.0,0.0,0.0,0,-107875648.0,77,0.0,154,0.0,-101056864.0,ERR,ERR,ERR,ERR,ERR,ERR,ERR,ERR,ERR,ERR,ERR,ERR,ERR,ERR,ERR,ERR,ERR,ERR,ERR,ERR,ERR,ERR,ERR,ERR,ERR,ERR,ERR,ERR,ERR,ERR,ERR,ERR,ERR,ERR,ERR,ERR,ERR,ERR,ERR,ERR,ERR,ERR,ERR,ERR,ERR,ERR,ERR,ERR,ERR,ERR,ERR,ERR,ERR,ERR,ERR,ERR,ERR,ERR,ERR,ERR,ERR,ERR,ERR,ERR,ERR,ERR,ERR,34.0,80.0,35,0.0,0.0,0.0,0.0,0.0,0.0,0.0,0.0,0.0,0.0,0.0,0.0,0.0,0.0,0.0,0.0,66.0,0,119,58,53,65476,0,300,0,0,8,20529,65476,0,0,57672,80.0,0.0,0.0,0.0,0.0,0.0
2026-06-18T02:54:08,ERR,ERR,ERR,ERR,ERR,ERR,ERR,ERR,ERR,ERR,ERR,ERR,ERR,ERR,ERR,ERR,ERR,ERR,ERR,ERR,ERR,ERR,ERR,ERR,ERR,ERR,ERR,ERR,ERR,ERR,ERR,ERR,ERR,ERR,ERR,ERR,ERR,ERR,ERR,ERR,ERR,ERR,ERR,ERR,ERR,ERR,ERR,ERR,ERR,ERR,ERR,ERR,ERR,ERR,ERR,ERR,ERR,ERR,ERR,ERR,ERR,ERR,ERR,ERR,ERR,ERR,ERR,ERR,ERR,ERR,ERR,ERR,ERR,ERR,ERR,ERR,ERR,ERR,ERR,ERR,ERR,ERR,ERR,ERR,ERR,ERR,ERR,ERR,ERR,ERR,ERR,ERR,ERR,ERR,ERR,ERR,ERR,ERR,ERR,ERR,ERR,ERR,ERR,ERR,ERR,ERR,ERR,ERR,ERR,ERR,ERR,ERR,ERR,ERR,ERR,ERR,ERR,ERR,ERR,ERR,ERR,ERR,ERR,ERR,ERR,0.0,-107615384.0,-0.0,-152005385388032.0,nan,1.3936040501711995e+18,7.805,-1161942663168.0,0,0,4,48930,6720,14723890282496.0,100,0.0,0.0,0.0,-152005385388032.0,0.0,0,0,0,0,0.0,0,0,0,0,0,0,0,0,0,0,0,0,0,0,0,0,0,0,0,0,0,0,0,0,0,0,0,0,0,0,0,0,0,26,51,50,76,65476,0,300,0,0,8,21553,0.0,-107605600.0,0.0,0.0,0.0,0.0,0.0,0.0,0.0,0.0,0.0,0.0,0.0,0.0,0.0,0.0,0.0,0.0,0.0,0.0,0.0,0.0,2.004,-2.004,-0.0,2.004,0.0,0.0,0.0,0.0,4814.0,-564145430724608.0,7259.0,0.0,-107615384.0,2.7184303811560617e+23,0.0,0.0,0.0,0.0,0.0,77,-0.0,0.0,0.0,0.0,0.0,0.0,0.0,0.0,0.0,0,0,0,0.0,0.0,0.0,0.0,0.0,0.0,0.0,0.0,0.0,0.0,0.0,0.0,0.0,0.0,0.0,0.0,0,-107875648.0,77,0.0,154,0.0,-101056864.0,ERR,ERR,ERR,ERR,ERR,ERR,ERR,ERR,ERR,ERR,ERR,ERR,ERR,ERR,ERR,ERR,ERR,ERR,ERR,ERR,ERR,ERR,ERR,ERR,ERR,ERR,ERR,ERR,ERR,ERR,ERR,ERR,ERR,ERR,ERR,ERR,ERR,ERR,ERR,ERR,ERR,ERR,ERR,ERR,ERR,ERR,ERR,ERR,ERR,ERR,ERR,ERR,ERR,ERR,ERR,ERR,ERR,ERR,ERR,ERR,ERR,ERR,ERR,ERR,ERR,ERR,ERR,34.0,80.0,35,0.0,0.0,0.0,0.0,0.0,0.0,0.0,0.0,0.0,0.0,0.0,0.0,0.0,0.0,0.0,0.0,66.0,0,119,58,53,65476,0,300,0,0,8,20529,65476,0,0,57672,80.0,0.0,0.0,0.0,0.0,0.0
2026-06-18T02:54:09,ERR,ERR,ERR,ERR,ERR,ERR,ERR,ERR,ERR,ERR,ERR,ERR,ERR,ERR,ERR,ERR,ERR,ERR,ERR,ERR,ERR,ERR,ERR,ERR,ERR,ERR,ERR,ERR,ERR,ERR,ERR,ERR,ERR,ERR,ERR,ERR,ERR,ERR,ERR,ERR,ERR,ERR,ERR,ERR,ERR,ERR,ERR,ERR,ERR,ERR,ERR,ERR,ERR,ERR,ERR,ERR,ERR,ERR,ERR,ERR,ERR,ERR,ERR,ERR,ERR,ERR,ERR,ERR,ERR,ERR,ERR,ERR,ERR,ERR,ERR,ERR,ERR,ERR,ERR,ERR,ERR,ERR,ERR,ERR,ERR,ERR,ERR,ERR,ERR,ERR,ERR,ERR,ERR,ERR,ERR,ERR,ERR,ERR,ERR,ERR,ERR,ERR,ERR,ERR,ERR,ERR,ERR,ERR,ERR,ERR,ERR,ERR,ERR,ERR,ERR,ERR,ERR,ERR,ERR,ERR,ERR,ERR,ERR,ERR,ERR,0.0,-107615384.0,-0.0,-152005385388032.0,nan,1.3936040501711995e+18,7.805,-1161942663168.0,0,0,4,48930,6720,14723890282496.0,100,0.0,0.0,0.0,-152005385388032.0,0.0,0,0,0,0,0.0,0,0,0,0,0,0,0,0,0,0,0,0,0,0,0,0,0,0,0,0,0,0,0,0,0,0,0,0,0,0,0,0,0,26,51,50,76,65476,0,300,0,0,8,21553,0.0,-107605600.0,0.0,0.0,0.0,0.0,0.0,0.0,0.0,0.0,0.0,0.0,0.0,0.0,0.0,0.0,0.0,0.0,0.0,0.0,0.0,0.0,2.004,-2.004,-0.0,2.004,0.0,0.0,0.0,0.0,4814.0,-564145430724608.0,7259.0,0.0,-107615384.0,2.7184303811560617e+23,0.0,0.0,0.0,0.0,0.0,77,-0.0,0.0,0.0,0.0,0.0,0.0,0.0,0.0,0.0,0,0,0,0.0,0.0,0.0,0.0,0.0,0.0,0.0,0.0,0.0,0.0,0.0,0.0,0.0,0.0,0.0,0.0,0,-107875648.0,77,0.0,154,0.0,-101056864.0,ERR,ERR,ERR,ERR,ERR,ERR,ERR,ERR,ERR,ERR,ERR,ERR,ERR,ERR,ERR,ERR,ERR,ERR,ERR,ERR,ERR,ERR,ERR,ERR,ERR,ERR,ERR,ERR,ERR,ERR,ERR,ERR,ERR,ERR,ERR,ERR,ERR,ERR,ERR,ERR,ERR,ERR,ERR,ERR,ERR,ERR,ERR,ERR,ERR,ERR,ERR,ERR,ERR,ERR,ERR,ERR,ERR,ERR,ERR,ERR,ERR,ERR,ERR,ERR,ERR,ERR,ERR,34.0,80.0,35,0.0,0.0,0.0,0.0,0.0,0.0,0.0,0.0,0.0,0.0,0.0,0.0,0.0,0.0,0.0,0.0,66.4,0,119,58,53,65476,0,300,0,0,8,20529,65476,0,0,57672,80.0,0.0,0.0,0.0,0.0,0.0
2026-06-18T02:54:10,ERR,ERR,ERR,ERR,ERR,ERR,ERR,ERR,ERR,ERR,ERR,ERR,ERR,ERR,ERR,ERR,ERR,ERR,ERR,ERR,ERR,ERR,ERR,ERR,ERR,ERR,ERR,ERR,ERR,ERR,ERR,ERR,ERR,ERR,ERR,ERR,ERR,ERR,ERR,ERR,ERR,ERR,ERR,ERR,ERR,ERR,ERR,ERR,ERR,ERR,ERR,ERR,ERR,ERR,ERR,ERR,ERR,ERR,ERR,ERR,ERR,ERR,ERR,ERR,ERR,ERR,ERR,ERR,ERR,ERR,ERR,ERR,ERR,ERR,ERR,ERR,ERR,ERR,ERR,ERR,ERR,ERR,ERR,ERR,ERR,ERR,ERR,ERR,ERR,ERR,ERR,ERR,ERR,ERR,ERR,ERR,ERR,ERR,ERR,ERR,ERR,ERR,ERR,ERR,ERR,ERR,ERR,ERR,ERR,ERR,ERR,ERR,ERR,ERR,ERR,ERR,ERR,ERR,ERR,ERR,ERR,ERR,ERR,ERR,ERR,0.0,-107615384.0,-0.0,-0.0,nan,1.3936040501711995e+18,7.805,1.182,0,0,4,48929,6720,14723890282496.0,100,0.0,0.0,0.0,-0.0,0.0,0,0,0,0,0.0,0,0,0,0,0,0,0,0,0,0,0,0,0,0,0,0,0,0,0,0,0,0,0,0,0,0,0,0,0,0,0,0,0,26,51,50,76,65476,0,300,0,0,8,21553,0.0,-107605600.0,0.0,0.0,0.0,0.0,0.0,0.0,0.0,0.0,0.0,0.0,0.0,0.0,0.0,0.0,0.0,0.0,0.0,0.0,0.0,0.0,2.004,-2.004,-0.0,2.004,0.0,0.0,0.0,0.0,4817.0,-2.422986175150025e+24,7261.0,0.0,-107615384.0,2.7184303811560617e+23,0.0,0.0,0.0,0.0,0.0,77,-0.0,0.0,0.0,0.0,0.0,0.0,0.0,0.0,0.0,0,0,0,0.0,0.0,0.0,0.0,0.0,0.0,0.0,0.0,0.0,0.0,0.0,0.0,0.0,0.0,0.0,0.0,0,-107875648.0,77,0.0,154,0.0,-101056864.0,ERR,ERR,ERR,ERR,ERR,ERR,ERR,ERR,ERR,ERR,ERR,ERR,ERR,ERR,ERR,ERR,ERR,ERR,ERR,ERR,ERR,ERR,ERR,ERR,ERR,ERR,ERR,ERR,ERR,ERR,ERR,ERR,ERR,ERR,ERR,ERR,ERR,ERR,ERR,ERR,ERR,ERR,ERR,ERR,ERR,ERR,ERR,ERR,ERR,ERR,ERR,ERR,ERR,ERR,ERR,ERR,ERR,ERR,ERR,ERR,ERR,ERR,ERR,ERR,ERR,ERR,ERR,34.0,80.0,35,0.0,0.0,0.0,0.0,0.0,0.0,0.0,0.0,0.0,0.0,0.0,0.0,0.0,0.0,0.0,0.0,66.4,0,119,58,53,65476,0,300,0,0,8,20529,65476,0,0,57672,80.0,0.0,0.0,0.0,0.0,0.0
2026-06-18T02:54:11,ERR,ERR,ERR,ERR,ERR,ERR,ERR,ERR,ERR,ERR,ERR,ERR,ERR,ERR,ERR,ERR,ERR,ERR,ERR,ERR,ERR,ERR,ERR,ERR,ERR,ERR,ERR,ERR,ERR,ERR,ERR,ERR,ERR,ERR,ERR,ERR,ERR,ERR,ERR,ERR,ERR,ERR,ERR,ERR,ERR,ERR,ERR,ERR,ERR,ERR,ERR,ERR,ERR,ERR,ERR,ERR,ERR,ERR,ERR,ERR,ERR,ERR,ERR,ERR,ERR,ERR,ERR,ERR,ERR,ERR,ERR,ERR,ERR,ERR,ERR,ERR,ERR,ERR,ERR,ERR,ERR,ERR,ERR,ERR,ERR,ERR,ERR,ERR,ERR,ERR,ERR,ERR,ERR,ERR,ERR,ERR,ERR,ERR,ERR,ERR,ERR,ERR,ERR,ERR,ERR,ERR,ERR,ERR,ERR,ERR,ERR,ERR,ERR,ERR,ERR,ERR,ERR,ERR,ERR,ERR,ERR,ERR,ERR,ERR,ERR,0.0,-107615384.0,-0.0,-0.0,nan,1.3936040501711995e+18,7.805,1.182,0,0,4,48929,6720,14723890282496.0,100,0.0,0.0,0.0,-0.0,0.0,0,0,0,0,0.0,0,0,0,0,0,0,0,0,0,0,0,0,0,0,0,0,0,0,0,0,0,0,0,0,0,0,0,0,0,0,0,0,0,26,51,50,76,65476,0,300,0,0,8,21553,0.0,-107605600.0,0.0,0.0,0.0,0.0,0.0,0.0,0.0,0.0,0.0,0.0,0.0,0.0,0.0,0.0,0.0,0.0,0.0,0.0,0.0,0.0,2.004,-2.004,-0.0,2.004,0.0,0.0,0.0,0.0,4817.0,-2.422986175150025e+24,7261.0,0.0,-107615384.0,2.7184303811560617e+23,0.0,0.0,0.0,0.0,0.0,77,-0.0,0.0,0.0,0.0,0.0,0.0,0.0,0.0,0.0,0,0,0,0.0,0.0,0.0,0.0,0.0,0.0,0.0,0.0,0.0,0.0,0.0,0.0,0.0,0.0,0.0,0.0,0,-107875648.0,77,0.0,154,0.0,-101056864.0,ERR,ERR,ERR,ERR,ERR,ERR,ERR,ERR,ERR,ERR,ERR,ERR,ERR,ERR,ERR,ERR,ERR,ERR,ERR,ERR,ERR,ERR,ERR,ERR,ERR,ERR,ERR,ERR,ERR,ERR,ERR,ERR,ERR,ERR,ERR,ERR,ERR,ERR,ERR,ERR,ERR,ERR,ERR,ERR,ERR,ERR,ERR,ERR,ERR,ERR,ERR,ERR,ERR,ERR,ERR,ERR,ERR,ERR,ERR,ERR,ERR,ERR,ERR,ERR,ERR,ERR,ERR,34.0,80.0,35,0.0,0.0,0.0,0.0,0.0,0.0,0.0,0.0,0.0,0.0,0.0,0.0,0.0,0.0,0.0,0.0,66.4,0,119,58,53,65476,0,300,0,0,8,20529,65476,0,0,57672,80.0,0.0,0.0,0.0,0.0,0.0
2026-06-18T02:54:12,ERR,ERR,ERR,ERR,ERR,ERR,ERR,ERR,ERR,ERR,ERR,ERR,ERR,ERR,ERR,ERR,ERR,ERR,ERR,ERR,ERR,ERR,ERR,ERR,ERR,ERR,ERR,ERR,ERR,ERR,ERR,ERR,ERR,ERR,ERR,ERR,ERR,ERR,ERR,ERR,ERR,ERR,ERR,ERR,ERR,ERR,ERR,ERR,ERR,ERR,ERR,ERR,ERR,ERR,ERR,ERR,ERR,ERR,ERR,ERR,ERR,ERR,ERR,ERR,ERR,ERR,ERR,ERR,ERR,ERR,ERR,ERR,ERR,ERR,ERR,ERR,ERR,ERR,ERR,ERR,ERR,ERR,ERR,ERR,ERR,ERR,ERR,ERR,ERR,ERR,ERR,ERR,ERR,ERR,ERR,ERR,ERR,ERR,ERR,ERR,ERR,ERR,ERR,ERR,ERR,ERR,ERR,ERR,ERR,ERR,ERR,ERR,ERR,ERR,ERR,ERR,ERR,ERR,ERR,ERR,ERR,ERR,ERR,ERR,ERR,0.0,-107615384.0,-0.0,-0.0,nan,1.3936040501711995e+18,7.805,1.182,0,0,4,48929,6720,14723890282496.0,100,0.0,0.0,0.0,-0.0,0.0,0,0,0,0,0.0,0,0,0,0,0,0,0,0,0,0,0,0,0,0,0,0,0,0,0,0,0,0,0,0,0,0,0,0,0,0,0,0,0,26,51,50,76,65476,0,300,0,0,8,21553,0.0,-107605600.0,0.0,0.0,0.0,0.0,0.0,0.0,0.0,0.0,0.0,0.0,0.0,0.0,0.0,0.0,0.0,0.0,0.0,0.0,0.0,0.0,2.004,-2.004,-0.0,2.004,0.0,0.0,0.0,0.0,4817.0,-2.422986175150025e+24,7261.0,0.0,-107615384.0,2.7184303811560617e+23,0.0,0.0,0.0,0.0,0.0,77,-0.0,0.0,0.0,0.0,0.0,0.0,0.0,0.0,0.0,0,0,0,0.0,0.0,0.0,0.0,0.0,0.0,0.0,0.0,0.0,0.0,0.0,0.0,0.0,0.0,0.0,0.0,0,-107875648.0,77,0.0,154,0.0,-101056864.0,ERR,ERR,ERR,ERR,ERR,ERR,ERR,ERR,ERR,ERR,ERR,ERR,ERR,ERR,ERR,ERR,ERR,ERR,ERR,ERR,ERR,ERR,ERR,ERR,ERR,ERR,ERR,ERR,ERR,ERR,ERR,ERR,ERR,ERR,ERR,ERR,ERR,ERR,ERR,ERR,ERR,ERR,ERR,ERR,ERR,ERR,ERR,ERR,ERR,ERR,ERR,ERR,ERR,ERR,ERR,ERR,ERR,ERR,ERR,ERR,ERR,ERR,ERR,ERR,ERR,ERR,ERR,34.0,80.0,35,0.0,0.0,0.0,0.0,0.0,0.0,0.0,0.0,0.0,0.0,0.0,0.0,0.0,0.0,0.0,0.0,66.4,0,119,58,53,65476,0,300,0,0,8,20529,65476,0,0,57672,80.0,0.0,0.0,0.0,0.0,0.0
2026-06-18T02:54:13,ERR,ERR,ERR,ERR,ERR,ERR,ERR,ERR,ERR,ERR,ERR,ERR,ERR,ERR,ERR,ERR,ERR,ERR,ERR,ERR,ERR,ERR,ERR,ERR,ERR,ERR,ERR,ERR,ERR,ERR,ERR,ERR,ERR,ERR,ERR,ERR,ERR,ERR,ERR,ERR,ERR,ERR,ERR,ERR,ERR,ERR,ERR,ERR,ERR,ERR,ERR,ERR,ERR,ERR,ERR,ERR,ERR,ERR,ERR,ERR,ERR,ERR,ERR,ERR,ERR,ERR,ERR,ERR,ERR,ERR,ERR,ERR,ERR,ERR,ERR,ERR,ERR,ERR,ERR,ERR,ERR,ERR,ERR,ERR,ERR,ERR,ERR,ERR,ERR,ERR,ERR,ERR,ERR,ERR,ERR,ERR,ERR,ERR,ERR,ERR,ERR,ERR,ERR,ERR,ERR,ERR,ERR,ERR,ERR,ERR,ERR,ERR,ERR,ERR,ERR,ERR,ERR,ERR,ERR,ERR,ERR,ERR,ERR,ERR,ERR,0.0,-107615384.0,-0.0,-0.0,nan,1.3936040501711995e+18,7.805,1.182,0,0,4,48929,6720,14723890282496.0,100,0.0,0.0,0.0,-0.0,0.0,0,0,0,0,0.0,0,0,0,0,0,0,0,0,0,0,0,0,0,0,0,0,0,0,0,0,0,0,0,0,0,0,0,0,0,0,0,0,0,26,51,50,76,65476,0,300,0,0,8,21553,0.0,-107605600.0,0.0,0.0,0.0,0.0,0.0,0.0,0.0,0.0,0.0,0.0,0.0,0.0,0.0,0.0,0.0,0.0,0.0,0.0,0.0,0.0,2.004,-2.004,-0.0,2.004,0.0,0.0,0.0,0.0,4817.0,-2.422986175150025e+24,7261.0,0.0,-107615384.0,2.7184303811560617e+23,0.0,0.0,0.0,0.0,0.0,77,-0.0,0.0,0.0,0.0,0.0,0.0,0.0,0.0,0.0,0,0,0,0.0,0.0,0.0,0.0,0.0,0.0,0.0,0.0,0.0,0.0,0.0,0.0,0.0,0.0,0.0,0.0,0,-107875648.0,77,0.0,154,0.0,-101056864.0,ERR,ERR,ERR,ERR,ERR,ERR,ERR,ERR,ERR,ERR,ERR,ERR,ERR,ERR,ERR,ERR,ERR,ERR,ERR,ERR,ERR,ERR,ERR,ERR,ERR,ERR,ERR,ERR,ERR,ERR,ERR,ERR,ERR,ERR,ERR,ERR,ERR,ERR,ERR,ERR,ERR,ERR,ERR,ERR,ERR,ERR,ERR,ERR,ERR,ERR,ERR,ERR,ERR,ERR,ERR,ERR,ERR,ERR,ERR,ERR,ERR,ERR,ERR,ERR,ERR,ERR,ERR,34.0,80.0,35,0.0,0.0,0.0,0.0,0.0,0.0,0.0,0.0,0.0,0.0,0.0,0.0,0.0,0.0,0.0,0.0,65.6,0,119,58,53,65476,0,300,0,0,8,20529,65476,0,0,57672,80.0,0.0,0.0,0.0,0.0,0.0
2026-06-18T02:54:14,ERR,ERR,ERR,ERR,ERR,ERR,ERR,ERR,ERR,ERR,ERR,ERR,ERR,ERR,ERR,ERR,ERR,ERR,ERR,ERR,ERR,ERR,ERR,ERR,ERR,ERR,ERR,ERR,ERR,ERR,ERR,ERR,ERR,ERR,ERR,ERR,ERR,ERR,ERR,ERR,ERR,ERR,ERR,ERR,ERR,ERR,ERR,ERR,ERR,ERR,ERR,ERR,ERR,ERR,ERR,ERR,ERR,ERR,ERR,ERR,ERR,ERR,ERR,ERR,ERR,ERR,ERR,ERR,ERR,ERR,ERR,ERR,ERR,ERR,ERR,ERR,ERR,ERR,ERR,ERR,ERR,ERR,ERR,ERR,ERR,ERR,ERR,ERR,ERR,ERR,ERR,ERR,ERR,ERR,ERR,ERR,ERR,ERR,ERR,ERR,ERR,ERR,ERR,ERR,ERR,ERR,ERR,ERR,ERR,ERR,ERR,ERR,ERR,ERR,ERR,ERR,ERR,ERR,ERR,ERR,ERR,ERR,ERR,ERR,ERR,0.0,-107615384.0,-0.0,-0.0,nan,1.3936040501711995e+18,7.805,1.182,0,0,4,48929,6720,14723890282496.0,100,0.0,0.0,0.0,-0.0,0.0,0,0,0,0,0.0,0,0,0,0,0,0,0,0,0,0,0,0,0,0,0,0,0,0,0,0,0,0,0,0,0,0,0,0,0,0,0,0,0,26,51,50,76,65476,0,300,0,0,8,21553,0.0,-107605600.0,0.0,0.0,0.0,0.0,0.0,0.0,0.0,0.0,0.0,0.0,0.0,0.0,0.0,0.0,0.0,0.0,0.0,0.0,0.0,0.0,2.004,-2.004,-0.0,2.004,0.0,0.0,0.0,0.0,4817.0,-2.422986175150025e+24,7261.0,0.0,-107615384.0,2.7184303811560617e+23,0.0,0.0,0.0,0.0,0.0,77,-0.0,0.0,0.0,0.0,0.0,0.0,0.0,0.0,0.0,0,0,0,0.0,0.0,0.0,0.0,0.0,0.0,0.0,0.0,0.0,0.0,0.0,0.0,0.0,0.0,0.0,0.0,0,-107875648.0,77,0.0,154,0.0,-101056864.0,ERR,ERR,ERR,ERR,ERR,ERR,ERR,ERR,ERR,ERR,ERR,ERR,ERR,ERR,ERR,ERR,ERR,ERR,ERR,ERR,ERR,ERR,ERR,ERR,ERR,ERR,ERR,ERR,ERR,ERR,ERR,ERR,ERR,ERR,ERR,ERR,ERR,ERR,ERR,ERR,ERR,ERR,ERR,ERR,ERR,ERR,ERR,ERR,ERR,ERR,ERR,ERR,ERR,ERR,ERR,ERR,ERR,ERR,ERR,ERR,ERR,ERR,ERR,ERR,ERR,ERR,ERR,34.0,80.0,35,0.0,0.0,0.0,0.0,0.0,0.0,0.0,0.0,0.0,0.0,0.0,0.0,0.0,0.0,0.0,0.0,65.6,0,119,58,53,65476,0,300,0,0,8,20529,65476,0,0,57672,80.0,0.0,0.0,0.0,0.0,0.0
2026-06-18T02:54:15,ERR,ERR,ERR,ERR,ERR,ERR,ERR,ERR,ERR,ERR,ERR,ERR,ERR,ERR,ERR,ERR,ERR,ERR,ERR,ERR,ERR,ERR,ERR,ERR,ERR,ERR,ERR,ERR,ERR,ERR,ERR,ERR,ERR,ERR,ERR,ERR,ERR,ERR,ERR,ERR,ERR,ERR,ERR,ERR,ERR,ERR,ERR,ERR,ERR,ERR,ERR,ERR,ERR,ERR,ERR,ERR,ERR,ERR,ERR,ERR,ERR,ERR,ERR,ERR,ERR,ERR,ERR,ERR,ERR,ERR,ERR,ERR,ERR,ERR,ERR,ERR,ERR,ERR,ERR,ERR,ERR,ERR,ERR,ERR,ERR,ERR,ERR,ERR,ERR,ERR,ERR,ERR,ERR,ERR,ERR,ERR,ERR,ERR,ERR,ERR,ERR,ERR,ERR,ERR,ERR,ERR,ERR,ERR,ERR,ERR,ERR,ERR,ERR,ERR,ERR,ERR,ERR,ERR,ERR,ERR,ERR,ERR,ERR,ERR,ERR,0.0,-107615384.0,-0.0,-0.0,nan,1.3936040501711995e+18,7.805,1.182,0,0,4,48929,6720,14723890282496.0,100,0.0,0.0,0.0,-0.0,0.0,0,0,0,0,0.0,0,0,0,0,0,0,0,0,0,0,0,0,0,0,0,0,0,0,0,0,0,0,0,0,0,0,0,0,0,0,0,0,0,26,51,50,76,65476,0,300,0,0,8,21553,0.0,-107605600.0,0.0,0.0,0.0,0.0,0.0,0.0,0.0,0.0,0.0,0.0,0.0,0.0,0.0,0.0,0.0,0.0,0.0,0.0,0.0,0.0,2.004,-2.004,-0.0,2.004,0.0,0.0,0.0,0.0,4817.0,-2.422986175150025e+24,7261.0,0.0,-107615384.0,2.7184303811560617e+23,0.0,0.0,0.0,0.0,0.0,77,-0.0,0.0,0.0,0.0,0.0,0.0,0.0,0.0,0.0,0,0,0,0.0,0.0,0.0,0.0,0.0,0.0,0.0,0.0,0.0,0.0,0.0,0.0,0.0,0.0,0.0,0.0,0,-107875648.0,77,0.0,154,0.0,-101056864.0,ERR,ERR,ERR,ERR,ERR,ERR,ERR,ERR,ERR,ERR,ERR,ERR,ERR,ERR,ERR,ERR,ERR,ERR,ERR,ERR,ERR,ERR,ERR,ERR,ERR,ERR,ERR,ERR,ERR,ERR,ERR,ERR,ERR,ERR,ERR,ERR,ERR,ERR,ERR,ERR,ERR,ERR,ERR,ERR,ERR,ERR,ERR,ERR,ERR,ERR,ERR,ERR,ERR,ERR,ERR,ERR,ERR,ERR,ERR,ERR,ERR,ERR,ERR,ERR,ERR,ERR,ERR,34.0,80.0,35,0.0,0.0,0.0,0.0,0.0,0.0,0.0,0.0,0.0,0.0,0.0,0.0,0.0,0.0,0.0,0.0,66.4,0,119,58,53,65476,0,300,0,0,8,20529,65476,0,0,57672,80.0,0.0,0.0,0.0,0.0,0.0
2026-06-18T02:54:16,ERR,ERR,ERR,ERR,ERR,ERR,ERR,ERR,ERR,ERR,ERR,ERR,ERR,ERR,ERR,ERR,ERR,ERR,ERR,ERR,ERR,ERR,ERR,ERR,ERR,ERR,ERR,ERR,ERR,ERR,ERR,ERR,ERR,ERR,ERR,ERR,ERR,ERR,ERR,ERR,ERR,ERR,ERR,ERR,ERR,ERR,ERR,ERR,ERR,ERR,ERR,ERR,ERR,ERR,ERR,ERR,ERR,ERR,ERR,ERR,ERR,ERR,ERR,ERR,ERR,ERR,ERR,ERR,ERR,ERR,ERR,ERR,ERR,ERR,ERR,ERR,ERR,ERR,ERR,ERR,ERR,ERR,ERR,ERR,ERR,ERR,ERR,ERR,ERR,ERR,ERR,ERR,ERR,ERR,ERR,ERR,ERR,ERR,ERR,ERR,ERR,ERR,ERR,ERR,ERR,ERR,ERR,ERR,ERR,ERR,ERR,ERR,ERR,ERR,ERR,ERR,ERR,ERR,ERR,ERR,ERR,ERR,ERR,ERR,ERR,0.0,-107615384.0,-0.0,-0.0,nan,1.3936040501711995e+18,7.805,-0.0,0,0,4,48957,6720,14723890282496.0,100,0.0,0.0,0.0,0.0,0.0,0,0,0,0,0.0,0,0,0,0,0,0,0,0,0,0,0,0,0,0,0,0,0,0,0,0,0,0,0,0,0,0,0,0,0,0,0,0,0,26,51,50,76,65476,0,300,0,0,8,21553,0.0,-107605600.0,0.0,0.0,0.0,0.0,0.0,0.0,0.0,0.0,0.0,0.0,0.0,0.0,0.0,0.0,0.0,0.0,0.0,0.0,0.0,0.0,2.004,-2.004,2.004,2.004,0.0,0.0,0.0,0.0,4810.0,-1.0406646380929485e+34,7263.0,0.0,-107615384.0,0.0,0.0,0.0,0.0,0.0,0.0,77,-0.0,0.0,0.0,0.0,0.0,0.0,0.0,0.0,0.0,0,0,0,0.0,0.0,0.0,0.0,0.0,0.0,0.0,0.0,0.0,0.0,0.0,0.0,0.0,0.0,0.0,0.0,0,-107875648.0,77,0.0,154,0.0,-101056864.0,ERR,ERR,ERR,ERR,ERR,ERR,ERR,ERR,ERR,ERR,ERR,ERR,ERR,ERR,ERR,ERR,ERR,ERR,ERR,ERR,ERR,ERR,ERR,ERR,ERR,ERR,ERR,ERR,ERR,ERR,ERR,ERR,ERR,ERR,ERR,ERR,ERR,ERR,ERR,ERR,ERR,ERR,ERR,ERR,ERR,ERR,ERR,ERR,ERR,ERR,ERR,ERR,ERR,ERR,ERR,ERR,ERR,ERR,ERR,ERR,ERR,ERR,ERR,ERR,ERR,ERR,ERR,34.0,80.0,35,0.0,0.0,0.0,0.0,0.0,0.0,0.0,0.0,0.0,0.0,0.0,0.0,0.0,0.0,0.0,0.0,66.4,0,119,58,53,65476,0,300,0,0,8,20529,65476,0,0,57672,80.0,0.0,0.0,0.0,0.0,0.0
2026-06-18T02:54:17,ERR,ERR,ERR,ERR,ERR,ERR,ERR,ERR,ERR,ERR,ERR,ERR,ERR,ERR,ERR,ERR,ERR,ERR,ERR,ERR,ERR,ERR,ERR,ERR,ERR,ERR,ERR,ERR,ERR,ERR,ERR,ERR,ERR,ERR,ERR,ERR,ERR,ERR,ERR,ERR,ERR,ERR,ERR,ERR,ERR,ERR,ERR,ERR,ERR,ERR,ERR,ERR,ERR,ERR,ERR,ERR,ERR,ERR,ERR,ERR,ERR,ERR,ERR,ERR,ERR,ERR,ERR,ERR,ERR,ERR,ERR,ERR,ERR,ERR,ERR,ERR,ERR,ERR,ERR,ERR,ERR,ERR,ERR,ERR,ERR,ERR,ERR,ERR,ERR,ERR,ERR,ERR,ERR,ERR,ERR,ERR,ERR,ERR,ERR,ERR,ERR,ERR,ERR,ERR,ERR,ERR,ERR,ERR,ERR,ERR,ERR,ERR,ERR,ERR,ERR,ERR,ERR,ERR,ERR,ERR,ERR,ERR,ERR,ERR,ERR,0.0,-107615384.0,-0.0,-0.0,nan,1.3936040501711995e+18,7.805,-0.0,0,0,4,48957,6720,14723890282496.0,100,0.0,0.0,0.0,0.0,0.0,0,0,0,0,0.0,0,0,0,0,0,0,0,0,0,0,0,0,0,0,0,0,0,0,0,0,0,0,0,0,0,0,0,0,0,0,0,0,0,26,51,50,76,65476,0,300,0,0,8,21553,0.0,-107605600.0,0.0,0.0,0.0,0.0,0.0,0.0,0.0,0.0,0.0,0.0,0.0,0.0,0.0,0.0,0.0,0.0,0.0,0.0,0.0,0.0,2.004,-2.004,2.004,2.004,0.0,0.0,0.0,0.0,4810.0,-1.0406646380929485e+34,7263.0,0.0,-107615384.0,0.0,0.0,0.0,0.0,0.0,0.0,77,-0.0,0.0,0.0,0.0,0.0,0.0,0.0,0.0,0.0,0,0,0,0.0,0.0,0.0,0.0,0.0,0.0,0.0,0.0,0.0,0.0,0.0,0.0,0.0,0.0,0.0,0.0,0,-107875648.0,77,0.0,154,0.0,-101056864.0,ERR,ERR,ERR,ERR,ERR,ERR,ERR,ERR,ERR,ERR,ERR,ERR,ERR,ERR,ERR,ERR,ERR,ERR,ERR,ERR,ERR,ERR,ERR,ERR,ERR,ERR,ERR,ERR,ERR,ERR,ERR,ERR,ERR,ERR,ERR,ERR,ERR,ERR,ERR,ERR,ERR,ERR,ERR,ERR,ERR,ERR,ERR,ERR,ERR,ERR,ERR,ERR,ERR,ERR,ERR,ERR,ERR,ERR,ERR,ERR,ERR,ERR,ERR,ERR,ERR,ERR,ERR,34.0,80.0,35,0.0,0.0,0.0,0.0,0.0,0.0,0.0,0.0,0.0,0.0,0.0,0.0,0.0,0.0,0.0,0.0,66.4,0,119,58,53,65476,0,300,0,0,8,20529,65476,0,0,57672,80.0,0.0,0.0,0.0,0.0,0.0
2026-06-18T02:54:18,ERR,ERR,ERR,ERR,ERR,ERR,ERR,ERR,ERR,ERR,ERR,ERR,ERR,ERR,ERR,ERR,ERR,ERR,ERR,ERR,ERR,ERR,ERR,ERR,ERR,ERR,ERR,ERR,ERR,ERR,ERR,ERR,ERR,ERR,ERR,ERR,ERR,ERR,ERR,ERR,ERR,ERR,ERR,ERR,ERR,ERR,ERR,ERR,ERR,ERR,ERR,ERR,ERR,ERR,ERR,ERR,ERR,ERR,ERR,ERR,ERR,ERR,ERR,ERR,ERR,ERR,ERR,ERR,ERR,ERR,ERR,ERR,ERR,ERR,ERR,ERR,ERR,ERR,ERR,ERR,ERR,ERR,ERR,ERR,ERR,ERR,ERR,ERR,ERR,ERR,ERR,ERR,ERR,ERR,ERR,ERR,ERR,ERR,ERR,ERR,ERR,ERR,ERR,ERR,ERR,ERR,ERR,ERR,ERR,ERR,ERR,ERR,ERR,ERR,ERR,ERR,ERR,ERR,ERR,ERR,ERR,ERR,ERR,ERR,ERR,0.0,-107615384.0,-0.0,-0.0,nan,1.3936040501711995e+18,7.805,-0.0,0,0,4,48957,6720,14723890282496.0,100,0.0,0.0,0.0,0.0,0.0,0,0,0,0,0.0,0,0,0,0,0,0,0,0,0,0,0,0,0,0,0,0,0,0,0,0,0,0,0,0,0,0,0,0,0,0,0,0,0,26,51,50,76,65476,0,300,0,0,8,21553,0.0,-107605600.0,0.0,0.0,0.0,0.0,0.0,0.0,0.0,0.0,0.0,0.0,0.0,0.0,0.0,0.0,0.0,0.0,0.0,0.0,0.0,0.0,2.004,-2.004,2.004,2.004,0.0,0.0,0.0,0.0,4810.0,-1.0406646380929485e+34,7263.0,0.0,-107615384.0,0.0,0.0,0.0,0.0,0.0,0.0,77,-0.0,0.0,0.0,0.0,0.0,0.0,0.0,0.0,0.0,0,0,0,0.0,0.0,0.0,0.0,0.0,0.0,0.0,0.0,0.0,0.0,0.0,0.0,0.0,0.0,0.0,0.0,0,-107875648.0,77,0.0,154,0.0,-101056864.0,ERR,ERR,ERR,ERR,ERR,ERR,ERR,ERR,ERR,ERR,ERR,ERR,ERR,ERR,ERR,ERR,ERR,ERR,ERR,ERR,ERR,ERR,ERR,ERR,ERR,ERR,ERR,ERR,ERR,ERR,ERR,ERR,ERR,ERR,ERR,ERR,ERR,ERR,ERR,ERR,ERR,ERR,ERR,ERR,ERR,ERR,ERR,ERR,ERR,ERR,ERR,ERR,ERR,ERR,ERR,ERR,ERR,ERR,ERR,ERR,ERR,ERR,ERR,ERR,ERR,ERR,ERR,34.0,80.0,35,0.0,0.0,0.0,0.0,0.0,0.0,0.0,0.0,0.0,0.0,0.0,0.0,0.0,0.0,0.0,0.0,66.4,0,119,58,53,65476,0,300,0,0,8,20529,65476,0,0,57672,80.0,0.0,0.0,0.0,0.0,0.0
2026-06-18T02:54:19,ERR,ERR,ERR,ERR,ERR,ERR,ERR,ERR,ERR,ERR,ERR,ERR,ERR,ERR,ERR,ERR,ERR,ERR,ERR,ERR,ERR,ERR,ERR,ERR,ERR,ERR,ERR,ERR,ERR,ERR,ERR,ERR,ERR,ERR,ERR,ERR,ERR,ERR,ERR,ERR,ERR,ERR,ERR,ERR,ERR,ERR,ERR,ERR,ERR,ERR,ERR,ERR,ERR,ERR,ERR,ERR,ERR,ERR,ERR,ERR,ERR,ERR,ERR,ERR,ERR,ERR,ERR,ERR,ERR,ERR,ERR,ERR,ERR,ERR,ERR,ERR,ERR,ERR,ERR,ERR,ERR,ERR,ERR,ERR,ERR,ERR,ERR,ERR,ERR,ERR,ERR,ERR,ERR,ERR,ERR,ERR,ERR,ERR,ERR,ERR,ERR,ERR,ERR,ERR,ERR,ERR,ERR,ERR,ERR,ERR,ERR,ERR,ERR,ERR,ERR,ERR,ERR,ERR,ERR,ERR,ERR,ERR,ERR,ERR,ERR,0.0,-107615384.0,-0.0,-0.0,nan,1.3936040501711995e+18,7.805,-0.0,0,0,4,48957,6720,14723890282496.0,100,0.0,0.0,0.0,0.0,0.0,0,0,0,0,0.0,0,0,0,0,0,0,0,0,0,0,0,0,0,0,0,0,0,0,0,0,0,0,0,0,0,0,0,0,0,0,0,0,0,26,51,50,76,65476,0,300,0,0,8,21553,0.0,-107605600.0,0.0,0.0,0.0,0.0,0.0,0.0,0.0,0.0,0.0,0.0,0.0,0.0,0.0,0.0,0.0,0.0,0.0,0.0,0.0,0.0,2.004,-2.004,2.004,2.004,0.0,0.0,0.0,0.0,4810.0,-1.0406646380929485e+34,7263.0,0.0,-107615384.0,0.0,0.0,0.0,0.0,0.0,0.0,77,-0.0,0.0,0.0,0.0,0.0,0.0,0.0,0.0,0.0,0,0,0,0.0,0.0,0.0,0.0,0.0,0.0,0.0,0.0,0.0,0.0,0.0,0.0,0.0,0.0,0.0,0.0,0,-107875648.0,77,0.0,154,0.0,-101056864.0,ERR,ERR,ERR,ERR,ERR,ERR,ERR,ERR,ERR,ERR,ERR,ERR,ERR,ERR,ERR,ERR,ERR,ERR,ERR,ERR,ERR,ERR,ERR,ERR,ERR,ERR,ERR,ERR,ERR,ERR,ERR,ERR,ERR,ERR,ERR,ERR,ERR,ERR,ERR,ERR,ERR,ERR,ERR,ERR,ERR,ERR,ERR,ERR,ERR,ERR,ERR,ERR,ERR,ERR,ERR,ERR,ERR,ERR,ERR,ERR,ERR,ERR,ERR,ERR,ERR,ERR,ERR,34.0,80.0,35,0.0,0.0,0.0,0.0,0.0,0.0,0.0,0.0,0.0,0.0,0.0,0.0,0.0,0.0,0.0,0.0,66.4,0,119,58,53,65476,0,300,0,0,8,20529,65476,0,0,57672,80.0,0.0,0.0,0.0,0.0,0.0
2026-06-18T02:54:20,ERR,ERR,ERR,ERR,ERR,ERR,ERR,ERR,ERR,ERR,ERR,ERR,ERR,ERR,ERR,ERR,ERR,ERR,ERR,ERR,ERR,ERR,ERR,ERR,ERR,ERR,ERR,ERR,ERR,ERR,ERR,ERR,ERR,ERR,ERR,ERR,ERR,ERR,ERR,ERR,ERR,ERR,ERR,ERR,ERR,ERR,ERR,ERR,ERR,ERR,ERR,ERR,ERR,ERR,ERR,ERR,ERR,ERR,ERR,ERR,ERR,ERR,ERR,ERR,ERR,ERR,ERR,ERR,ERR,ERR,ERR,ERR,ERR,ERR,ERR,ERR,ERR,ERR,ERR,ERR,ERR,ERR,ERR,ERR,ERR,ERR,ERR,ERR,ERR,ERR,ERR,ERR,ERR,ERR,ERR,ERR,ERR,ERR,ERR,ERR,ERR,ERR,ERR,ERR,ERR,ERR,ERR,ERR,ERR,ERR,ERR,ERR,ERR,ERR,ERR,ERR,ERR,ERR,ERR,ERR,ERR,ERR,ERR,ERR,ERR,0.0,-107615384.0,-0.0,-0.0,nan,1.3936040501711995e+18,7.805,-0.0,0,0,4,48957,6720,14723890282496.0,100,0.0,0.0,0.0,0.0,0.0,0,0,0,0,0.0,0,0,0,0,0,0,0,0,0,0,0,0,0,0,0,0,0,0,0,0,0,0,0,0,0,0,0,0,0,0,0,0,0,26,51,50,76,65476,0,300,0,0,8,21553,0.0,-107605600.0,0.0,0.0,0.0,0.0,0.0,0.0,0.0,0.0,0.0,0.0,0.0,0.0,0.0,0.0,0.0,0.0,0.0,0.0,0.0,0.0,2.004,-2.004,2.004,2.004,0.0,0.0,0.0,0.0,4810.0,-1.0406646380929485e+34,7263.0,0.0,-107615384.0,0.0,0.0,0.0,0.0,0.0,0.0,77,-0.0,0.0,0.0,0.0,0.0,0.0,0.0,0.0,0.0,0,0,0,0.0,0.0,0.0,0.0,0.0,0.0,0.0,0.0,0.0,0.0,0.0,0.0,0.0,0.0,0.0,0.0,0,-107875648.0,77,0.0,154,0.0,-101056864.0,ERR,ERR,ERR,ERR,ERR,ERR,ERR,ERR,ERR,ERR,ERR,ERR,ERR,ERR,ERR,ERR,ERR,ERR,ERR,ERR,ERR,ERR,ERR,ERR,ERR,ERR,ERR,ERR,ERR,ERR,ERR,ERR,ERR,ERR,ERR,ERR,ERR,ERR,ERR,ERR,ERR,ERR,ERR,ERR,ERR,ERR,ERR,ERR,ERR,ERR,ERR,ERR,ERR,ERR,ERR,ERR,ERR,ERR,ERR,ERR,ERR,ERR,ERR,ERR,ERR,ERR,ERR,34.0,80.0,35,0.0,0.0,0.0,0.0,0.0,0.0,0.0,0.0,0.0,0.0,0.0,0.0,0.0,0.0,0.0,0.0,65.6,0,119,58,53,65476,0,300,0,0,8,20529,65476,0,0,57672,80.0,0.0,0.0,0.0,0.0,0.0
2026-06-18T02:54:21,ERR,ERR,ERR,ERR,ERR,ERR,ERR,ERR,ERR,ERR,ERR,ERR,ERR,ERR,ERR,ERR,ERR,ERR,ERR,ERR,ERR,ERR,ERR,ERR,ERR,ERR,ERR,ERR,ERR,ERR,ERR,ERR,ERR,ERR,ERR,ERR,ERR,ERR,ERR,ERR,ERR,ERR,ERR,ERR,ERR,ERR,ERR,ERR,ERR,ERR,ERR,ERR,ERR,ERR,ERR,ERR,ERR,ERR,ERR,ERR,ERR,ERR,ERR,ERR,ERR,ERR,ERR,ERR,ERR,ERR,ERR,ERR,ERR,ERR,ERR,ERR,ERR,ERR,ERR,ERR,ERR,ERR,ERR,ERR,ERR,ERR,ERR,ERR,ERR,ERR,ERR,ERR,ERR,ERR,ERR,ERR,ERR,ERR,ERR,ERR,ERR,ERR,ERR,ERR,ERR,ERR,ERR,ERR,ERR,ERR,ERR,ERR,ERR,ERR,ERR,ERR,ERR,ERR,ERR,ERR,ERR,ERR,ERR,ERR,ERR,0.0,-107615384.0,-0.0,-4.9501291711397626e+32,nan,1.3936040501711995e+18,7.805,-0.0,0,0,4,48956,6720,14723890282496.0,100,0.0,0.0,0.0,-0.0,0.0,0,0,0,0,0.0,0,0,0,0,0,0,0,0,0,0,0,0,0,0,0,0,0,0,0,0,0,0,0,0,0,0,0,0,0,0,0,0,0,26,51,50,76,65476,0,300,0,0,8,21553,0.0,-107605600.0,0.0,0.0,0.0,0.0,0.0,0.0,0.0,0.0,0.0,0.0,0.0,0.0,0.0,0.0,0.0,0.0,0.0,0.0,0.0,0.0,2.004,-2.004,-0.0,2.004,0.0,0.0,0.0,0.0,4810.0,-1.0406646380929485e+34,7263.0,0.0,-107615384.0,2.7184303811560617e+23,0.0,0.0,0.0,0.0,0.0,77,-0.0,0.059,0.0,0.0,0.0,0.0,0.0,0.0,0.0,0,0,0,0.0,0.0,0.0,0.0,0.0,0.0,0.0,0.0,0.0,0.0,0.0,0.0,0.0,0.0,0.0,0.0,0,-107875648.0,77,0.0,154,0.0,-101056864.0,ERR,ERR,ERR,ERR,ERR,ERR,ERR,ERR,ERR,ERR,ERR,ERR,ERR,ERR,ERR,ERR,ERR,ERR,ERR,ERR,ERR,ERR,ERR,ERR,ERR,ERR,ERR,ERR,ERR,ERR,ERR,ERR,ERR,ERR,ERR,ERR,ERR,ERR,ERR,ERR,ERR,ERR,ERR,ERR,ERR,ERR,ERR,ERR,ERR,ERR,ERR,ERR,ERR,ERR,ERR,ERR,ERR,ERR,ERR,ERR,ERR,ERR,ERR,ERR,ERR,ERR,ERR,34.0,80.0,35,0.0,0.0,0.0,0.0,0.0,0.0,0.0,0.0,0.0,0.0,0.0,0.0,0.0,0.0,0.0,0.0,65.6,0,119,58,53,65476,0,300,0,0,8,20529,65476,0,0,57672,80.0,0.0,0.0,0.0,0.0,0.0
2026-06-18T02:54:22,ERR,ERR,ERR,ERR,ERR,ERR,ERR,ERR,ERR,ERR,ERR,ERR,ERR,ERR,ERR,ERR,ERR,ERR,ERR,ERR,ERR,ERR,ERR,ERR,ERR,ERR,ERR,ERR,ERR,ERR,ERR,ERR,ERR,ERR,ERR,ERR,ERR,ERR,ERR,ERR,ERR,ERR,ERR,ERR,ERR,ERR,ERR,ERR,ERR,ERR,ERR,ERR,ERR,ERR,ERR,ERR,ERR,ERR,ERR,ERR,ERR,ERR,ERR,ERR,ERR,ERR,ERR,ERR,ERR,ERR,ERR,ERR,ERR,ERR,ERR,ERR,ERR,ERR,ERR,ERR,ERR,ERR,ERR,ERR,ERR,ERR,ERR,ERR,ERR,ERR,ERR,ERR,ERR,ERR,ERR,ERR,ERR,ERR,ERR,ERR,ERR,ERR,ERR,ERR,ERR,ERR,ERR,ERR,ERR,ERR,ERR,ERR,ERR,ERR,ERR,ERR,ERR,ERR,ERR,ERR,ERR,ERR,ERR,ERR,ERR,0.0,-107615384.0,-0.0,-4.9501291711397626e+32,nan,1.3936040501711995e+18,7.805,-0.0,0,0,4,48956,6720,14723890282496.0,100,0.0,0.0,0.0,-0.0,0.0,0,0,0,0,0.0,0,0,0,0,0,0,0,0,0,0,0,0,0,0,0,0,0,0,0,0,0,0,0,0,0,0,0,0,0,0,0,0,0,26,51,50,76,65476,0,300,0,0,8,21553,0.0,-107605600.0,0.0,0.0,0.0,0.0,0.0,0.0,0.0,0.0,0.0,0.0,0.0,0.0,0.0,0.0,0.0,0.0,0.0,0.0,0.0,0.0,2.004,-2.004,-0.0,2.004,0.0,0.0,0.0,0.0,4810.0,-1.0406646380929485e+34,7263.0,0.0,-107615384.0,2.7184303811560617e+23,0.0,0.0,0.0,0.0,0.0,77,-0.0,0.059,0.0,0.0,0.0,0.0,0.0,0.0,0.0,0,0,0,0.0,0.0,0.0,0.0,0.0,0.0,0.0,0.0,0.0,0.0,0.0,0.0,0.0,0.0,0.0,0.0,0,-107875648.0,77,0.0,154,0.0,-101056864.0,ERR,ERR,ERR,ERR,ERR,ERR,ERR,ERR,ERR,ERR,ERR,ERR,ERR,ERR,ERR,ERR,ERR,ERR,ERR,ERR,ERR,ERR,ERR,ERR,ERR,ERR,ERR,ERR,ERR,ERR,ERR,ERR,ERR,ERR,ERR,ERR,ERR,ERR,ERR,ERR,ERR,ERR,ERR,ERR,ERR,ERR,ERR,ERR,ERR,ERR,ERR,ERR,ERR,ERR,ERR,ERR,ERR,ERR,ERR,ERR,ERR,ERR,ERR,ERR,ERR,ERR,ERR,34.0,80.0,35,0.0,0.0,0.0,0.0,0.0,0.0,0.0,0.0,0.0,0.0,0.0,0.0,0.0,0.0,0.0,0.0,65.6,0,119,58,53,65476,0,300,0,0,8,20529,65476,0,0,57672,80.0,0.0,0.0,0.0,0.0,0.0
2026-06-18T02:54:23,ERR,ERR,ERR,ERR,ERR,ERR,ERR,ERR,ERR,ERR,ERR,ERR,ERR,ERR,ERR,ERR,ERR,ERR,ERR,ERR,ERR,ERR,ERR,ERR,ERR,ERR,ERR,ERR,ERR,ERR,ERR,ERR,ERR,ERR,ERR,ERR,ERR,ERR,ERR,ERR,ERR,ERR,ERR,ERR,ERR,ERR,ERR,ERR,ERR,ERR,ERR,ERR,ERR,ERR,ERR,ERR,ERR,ERR,ERR,ERR,ERR,ERR,ERR,ERR,ERR,ERR,ERR,ERR,ERR,ERR,ERR,ERR,ERR,ERR,ERR,ERR,ERR,ERR,ERR,ERR,ERR,ERR,ERR,ERR,ERR,ERR,ERR,ERR,ERR,ERR,ERR,ERR,ERR,ERR,ERR,ERR,ERR,ERR,ERR,ERR,ERR,ERR,ERR,ERR,ERR,ERR,ERR,ERR,ERR,ERR,ERR,ERR,ERR,ERR,ERR,ERR,ERR,ERR,ERR,ERR,ERR,ERR,ERR,ERR,ERR,0.0,-107615384.0,-0.0,-4.9501291711397626e+32,nan,1.3936040501711995e+18,7.805,-0.0,0,0,4,48956,6720,14723890282496.0,100,0.0,0.0,0.0,-0.0,0.0,0,0,0,0,0.0,0,0,0,0,0,0,0,0,0,0,0,0,0,0,0,0,0,0,0,0,0,0,0,0,0,0,0,0,0,0,0,0,0,26,51,50,76,65476,0,300,0,0,8,21553,0.0,-107605600.0,0.0,0.0,0.0,0.0,0.0,0.0,0.0,0.0,0.0,0.0,0.0,0.0,0.0,0.0,0.0,0.0,0.0,0.0,0.0,0.0,2.004,-2.004,-0.0,2.004,0.0,0.0,0.0,0.0,4810.0,-1.0406646380929485e+34,7263.0,0.0,-107615384.0,2.7184303811560617e+23,0.0,0.0,0.0,0.0,0.0,77,-0.0,0.059,0.0,0.0,0.0,0.0,0.0,0.0,0.0,0,0,0,0.0,0.0,0.0,0.0,0.0,0.0,0.0,0.0,0.0,0.0,0.0,0.0,0.0,0.0,0.0,0.0,0,-107875648.0,77,0.0,154,0.0,-101056864.0,ERR,ERR,ERR,ERR,ERR,ERR,ERR,ERR,ERR,ERR,ERR,ERR,ERR,ERR,ERR,ERR,ERR,ERR,ERR,ERR,ERR,ERR,ERR,ERR,ERR,ERR,ERR,ERR,ERR,ERR,ERR,ERR,ERR,ERR,ERR,ERR,ERR,ERR,ERR,ERR,ERR,ERR,ERR,ERR,ERR,ERR,ERR,ERR,ERR,ERR,ERR,ERR,ERR,ERR,ERR,ERR,ERR,ERR,ERR,ERR,ERR,ERR,ERR,ERR,ERR,ERR,ERR,34.0,80.0,35,0.0,0.0,0.0,0.0,0.0,0.0,0.0,0.0,0.0,0.0,0.0,0.0,0.0,0.0,0.0,0.0,65.6,0,119,58,53,65476,0,300,0,0,8,20529,65476,0,0,57672,80.0,0.0,0.0,0.0,0.0,0.0
2026-06-18T02:54:24,ERR,ERR,ERR,ERR,ERR,ERR,ERR,ERR,ERR,ERR,ERR,ERR,ERR,ERR,ERR,ERR,ERR,ERR,ERR,ERR,ERR,ERR,ERR,ERR,ERR,ERR,ERR,ERR,ERR,ERR,ERR,ERR,ERR,ERR,ERR,ERR,ERR,ERR,ERR,ERR,ERR,ERR,ERR,ERR,ERR,ERR,ERR,ERR,ERR,ERR,ERR,ERR,ERR,ERR,ERR,ERR,ERR,ERR,ERR,ERR,ERR,ERR,ERR,ERR,ERR,ERR,ERR,ERR,ERR,ERR,ERR,ERR,ERR,ERR,ERR,ERR,ERR,ERR,ERR,ERR,ERR,ERR,ERR,ERR,ERR,ERR,ERR,ERR,ERR,ERR,ERR,ERR,ERR,ERR,ERR,ERR,ERR,ERR,ERR,ERR,ERR,ERR,ERR,ERR,ERR,ERR,ERR,ERR,ERR,ERR,ERR,ERR,ERR,ERR,ERR,ERR,ERR,ERR,ERR,ERR,ERR,ERR,ERR,ERR,ERR,0.0,-107615384.0,-0.0,-4.9501291711397626e+32,nan,1.3936040501711995e+18,7.805,-0.0,0,0,4,48956,6720,14723890282496.0,100,0.0,0.0,0.0,-0.0,0.0,0,0,0,0,0.0,0,0,0,0,0,0,0,0,0,0,0,0,0,0,0,0,0,0,0,0,0,0,0,0,0,0,0,0,0,0,0,0,0,26,51,50,76,65476,0,300,0,0,8,21553,0.0,-107605600.0,0.0,0.0,0.0,0.0,0.0,0.0,0.0,0.0,0.0,0.0,0.0,0.0,0.0,0.0,0.0,0.0,0.0,0.0,0.0,0.0,2.004,-2.004,-0.0,2.004,0.0,0.0,0.0,0.0,4810.0,-1.0406646380929485e+34,7263.0,0.0,-107615384.0,2.7184303811560617e+23,0.0,0.0,0.0,0.0,0.0,77,-0.0,0.059,0.0,0.0,0.0,0.0,0.0,0.0,0.0,0,0,0,0.0,0.0,0.0,0.0,0.0,0.0,0.0,0.0,0.0,0.0,0.0,0.0,0.0,0.0,0.0,0.0,0,-107875648.0,77,0.0,154,0.0,-101056864.0,ERR,ERR,ERR,ERR,ERR,ERR,ERR,ERR,ERR,ERR,ERR,ERR,ERR,ERR,ERR,ERR,ERR,ERR,ERR,ERR,ERR,ERR,ERR,ERR,ERR,ERR,ERR,ERR,ERR,ERR,ERR,ERR,ERR,ERR,ERR,ERR,ERR,ERR,ERR,ERR,ERR,ERR,ERR,ERR,ERR,ERR,ERR,ERR,ERR,ERR,ERR,ERR,ERR,ERR,ERR,ERR,ERR,ERR,ERR,ERR,ERR,ERR,ERR,ERR,ERR,ERR,ERR,34.0,80.0,35,0.0,0.0,0.0,0.0,0.0,0.0,0.0,0.0,0.0,0.0,0.0,0.0,0.0,0.0,0.0,0.0,65.6,0,119,58,53,65476,0,300,0,0,8,20529,65476,0,0,57672,80.0,0.0,0.0,0.0,0.0,0.0
2026-06-18T02:54:25,ERR,ERR,ERR,ERR,ERR,ERR,ERR,ERR,ERR,ERR,ERR,ERR,ERR,ERR,ERR,ERR,ERR,ERR,ERR,ERR,ERR,ERR,ERR,ERR,ERR,ERR,ERR,ERR,ERR,ERR,ERR,ERR,ERR,ERR,ERR,ERR,ERR,ERR,ERR,ERR,ERR,ERR,ERR,ERR,ERR,ERR,ERR,ERR,ERR,ERR,ERR,ERR,ERR,ERR,ERR,ERR,ERR,ERR,ERR,ERR,ERR,ERR,ERR,ERR,ERR,ERR,ERR,ERR,ERR,ERR,ERR,ERR,ERR,ERR,ERR,ERR,ERR,ERR,ERR,ERR,ERR,ERR,ERR,ERR,ERR,ERR,ERR,ERR,ERR,ERR,ERR,ERR,ERR,ERR,ERR,ERR,ERR,ERR,ERR,ERR,ERR,ERR,ERR,ERR,ERR,ERR,ERR,ERR,ERR,ERR,ERR,ERR,ERR,ERR,ERR,ERR,ERR,ERR,ERR,ERR,ERR,ERR,ERR,ERR,ERR,0.0,-107615384.0,-0.0,-4.9501291711397626e+32,nan,1.3936040501711995e+18,7.805,-0.0,0,0,4,48956,6720,14723890282496.0,100,0.0,0.0,0.0,-0.0,0.0,0,0,0,0,0.0,0,0,0,0,0,0,0,0,0,0,0,0,0,0,0,0,0,0,0,0,0,0,0,0,0,0,0,0,0,0,0,0,0,26,51,50,76,65476,0,300,0,0,8,21553,0.0,-107605600.0,0.0,0.0,0.0,0.0,0.0,0.0,0.0,0.0,0.0,0.0,0.0,0.0,0.0,0.0,0.0,0.0,0.0,0.0,0.0,0.0,2.004,-2.004,-0.0,2.004,0.0,0.0,0.0,0.0,4810.0,-1.0406646380929485e+34,7263.0,0.0,-107615384.0,2.7184303811560617e+23,0.0,0.0,0.0,0.0,0.0,77,-0.0,0.059,0.0,0.0,0.0,0.0,0.0,0.0,0.0,0,0,0,0.0,0.0,0.0,0.0,0.0,0.0,0.0,0.0,0.0,0.0,0.0,0.0,0.0,0.0,0.0,0.0,0,-107875648.0,77,0.0,154,0.0,-101056864.0,ERR,ERR,ERR,ERR,ERR,ERR,ERR,ERR,ERR,ERR,ERR,ERR,ERR,ERR,ERR,ERR,ERR,ERR,ERR,ERR,ERR,ERR,ERR,ERR,ERR,ERR,ERR,ERR,ERR,ERR,ERR,ERR,ERR,ERR,ERR,ERR,ERR,ERR,ERR,ERR,ERR,ERR,ERR,ERR,ERR,ERR,ERR,ERR,ERR,ERR,ERR,ERR,ERR,ERR,ERR,ERR,ERR,ERR,ERR,ERR,ERR,ERR,ERR,ERR,ERR,ERR,ERR,34.0,80.0,35,0.0,0.0,0.0,0.0,0.0,0.0,0.0,0.0,0.0,0.0,0.0,0.0,0.0,0.0,0.0,0.0,65.6,0,119,58,53,65476,0,300,0,0,8,20529,65476,0,0,57672,80.0,0.0,0.0,0.0,0.0,0.0
2026-06-18T02:54:26,ERR,ERR,ERR,ERR,ERR,ERR,ERR,ERR,ERR,ERR,ERR,ERR,ERR,ERR,ERR,ERR,ERR,ERR,ERR,ERR,ERR,ERR,ERR,ERR,ERR,ERR,ERR,ERR,ERR,ERR,ERR,ERR,ERR,ERR,ERR,ERR,ERR,ERR,ERR,ERR,ERR,ERR,ERR,ERR,ERR,ERR,ERR,ERR,ERR,ERR,ERR,ERR,ERR,ERR,ERR,ERR,ERR,ERR,ERR,ERR,ERR,ERR,ERR,ERR,ERR,ERR,ERR,ERR,ERR,ERR,ERR,ERR,ERR,ERR,ERR,ERR,ERR,ERR,ERR,ERR,ERR,ERR,ERR,ERR,ERR,ERR,ERR,ERR,ERR,ERR,ERR,ERR,ERR,ERR,ERR,ERR,ERR,ERR,ERR,ERR,ERR,ERR,ERR,ERR,ERR,ERR,ERR,ERR,ERR,ERR,ERR,ERR,ERR,ERR,ERR,ERR,ERR,ERR,ERR,ERR,ERR,ERR,ERR,ERR,ERR,0.0,-107615384.0,-0.0,-0.0,nan,1.3936040501711995e+18,7.805,1.182,0,0,4,48932,6720,14723890282496.0,100,0.0,0.0,0.0,89215.008,0.0,0,0,0,0,0.0,0,0,0,0,0,0,0,0,0,0,0,0,0,0,0,0,0,0,0,0,0,0,0,0,0,0,0,0,0,0,0,0,0,26,51,50,76,65476,0,300,0,0,8,21553,0.0,-107605600.0,0.0,0.0,0.0,0.0,0.0,0.0,0.0,0.0,0.0,0.0,0.0,0.0,0.0,0.0,0.0,0.0,0.0,0.0,0.0,0.0,2.004,-2.004,-0.0,2.004,0.0,0.0,0.0,0.0,4844.0,0.0,7233.0,0.0,-107615384.0,0.0,0.0,0.0,0.0,0.0,0.0,77,-0.0,126840479744.0,0.0,0.0,0.0,0.0,0.0,0.0,0.0,0,0,0,0.0,0.0,0.0,0.0,0.0,0.0,0.0,0.0,0.0,0.0,0.0,0.0,0.0,0.0,0.0,0.0,0,-107875648.0,77,0.0,154,0.0,-101056864.0,ERR,ERR,ERR,ERR,ERR,ERR,ERR,ERR,ERR,ERR,ERR,ERR,ERR,ERR,ERR,ERR,ERR,ERR,ERR,ERR,ERR,ERR,ERR,ERR,ERR,ERR,ERR,ERR,ERR,ERR,ERR,ERR,ERR,ERR,ERR,ERR,ERR,ERR,ERR,ERR,ERR,ERR,ERR,ERR,ERR,ERR,ERR,ERR,ERR,ERR,ERR,ERR,ERR,ERR,ERR,ERR,ERR,ERR,ERR,ERR,ERR,ERR,ERR,ERR,ERR,ERR,ERR,34.0,80.0,35,0.0,0.0,0.0,0.0,0.0,0.0,0.0,0.0,0.0,0.0,0.0,0.0,0.0,0.0,0.0,0.0,65.6,0,119,58,53,65476,0,300,0,0,8,20529,65476,0,0,57672,80.0,0.0,0.0,0.0,0.0,0.0
2026-06-18T02:54:27,ERR,ERR,ERR,ERR,ERR,ERR,ERR,ERR,ERR,ERR,ERR,ERR,ERR,ERR,ERR,ERR,ERR,ERR,ERR,ERR,ERR,ERR,ERR,ERR,ERR,ERR,ERR,ERR,ERR,ERR,ERR,ERR,ERR,ERR,ERR,ERR,ERR,ERR,ERR,ERR,ERR,ERR,ERR,ERR,ERR,ERR,ERR,ERR,ERR,ERR,ERR,ERR,ERR,ERR,ERR,ERR,ERR,ERR,ERR,ERR,ERR,ERR,ERR,ERR,ERR,ERR,ERR,ERR,ERR,ERR,ERR,ERR,ERR,ERR,ERR,ERR,ERR,ERR,ERR,ERR,ERR,ERR,ERR,ERR,ERR,ERR,ERR,ERR,ERR,ERR,ERR,ERR,ERR,ERR,ERR,ERR,ERR,ERR,ERR,ERR,ERR,ERR,ERR,ERR,ERR,ERR,ERR,ERR,ERR,ERR,ERR,ERR,ERR,ERR,ERR,ERR,ERR,ERR,ERR,ERR,ERR,ERR,ERR,ERR,ERR,0.0,-107615384.0,-0.0,-0.0,nan,1.3936040501711995e+18,7.805,1.182,0,0,4,48932,6720,14723890282496.0,100,0.0,0.0,0.0,89215.008,0.0,0,0,0,0,0.0,0,0,0,0,0,0,0,0,0,0,0,0,0,0,0,0,0,0,0,0,0,0,0,0,0,0,0,0,0,0,0,0,0,26,51,50,76,65476,0,300,0,0,8,21553,0.0,-107605600.0,0.0,0.0,0.0,0.0,0.0,0.0,0.0,0.0,0.0,0.0,0.0,0.0,0.0,0.0,0.0,0.0,0.0,0.0,0.0,0.0,2.004,-2.004,-0.0,2.004,0.0,0.0,0.0,0.0,4844.0,0.0,7233.0,0.0,-107615384.0,0.0,0.0,0.0,0.0,0.0,0.0,77,-0.0,126840479744.0,0.0,0.0,0.0,0.0,0.0,0.0,0.0,0,0,0,0.0,0.0,0.0,0.0,0.0,0.0,0.0,0.0,0.0,0.0,0.0,0.0,0.0,0.0,0.0,0.0,0,-107875648.0,77,0.0,154,0.0,-101056864.0,ERR,ERR,ERR,ERR,ERR,ERR,ERR,ERR,ERR,ERR,ERR,ERR,ERR,ERR,ERR,ERR,ERR,ERR,ERR,ERR,ERR,ERR,ERR,ERR,ERR,ERR,ERR,ERR,ERR,ERR,ERR,ERR,ERR,ERR,ERR,ERR,ERR,ERR,ERR,ERR,ERR,ERR,ERR,ERR,ERR,ERR,ERR,ERR,ERR,ERR,ERR,ERR,ERR,ERR,ERR,ERR,ERR,ERR,ERR,ERR,ERR,ERR,ERR,ERR,ERR,ERR,ERR,34.0,80.0,35,0.0,0.0,0.0,0.0,0.0,0.0,0.0,0.0,0.0,0.0,0.0,0.0,0.0,0.0,0.0,0.0,65.6,0,119,58,53,65476,0,300,0,0,8,20529,65476,0,0,57672,80.0,0.0,0.0,0.0,0.0,0.0
2026-06-18T02:54:28,ERR,ERR,ERR,ERR,ERR,ERR,ERR,ERR,ERR,ERR,ERR,ERR,ERR,ERR,ERR,ERR,ERR,ERR,ERR,ERR,ERR,ERR,ERR,ERR,ERR,ERR,ERR,ERR,ERR,ERR,ERR,ERR,ERR,ERR,ERR,ERR,ERR,ERR,ERR,ERR,ERR,ERR,ERR,ERR,ERR,ERR,ERR,ERR,ERR,ERR,ERR,ERR,ERR,ERR,ERR,ERR,ERR,ERR,ERR,ERR,ERR,ERR,ERR,ERR,ERR,ERR,ERR,ERR,ERR,ERR,ERR,ERR,ERR,ERR,ERR,ERR,ERR,ERR,ERR,ERR,ERR,ERR,ERR,ERR,ERR,ERR,ERR,ERR,ERR,ERR,ERR,ERR,ERR,ERR,ERR,ERR,ERR,ERR,ERR,ERR,ERR,ERR,ERR,ERR,ERR,ERR,ERR,ERR,ERR,ERR,ERR,ERR,ERR,ERR,ERR,ERR,ERR,ERR,ERR,ERR,ERR,ERR,ERR,ERR,ERR,0.0,-107615384.0,-0.0,-0.0,nan,1.3936040501711995e+18,7.805,1.182,0,0,4,48932,6720,14723890282496.0,100,0.0,0.0,0.0,89215.008,0.0,0,0,0,0,0.0,0,0,0,0,0,0,0,0,0,0,0,0,0,0,0,0,0,0,0,0,0,0,0,0,0,0,0,0,0,0,0,0,0,26,51,50,76,65476,0,300,0,0,8,21553,0.0,-107605600.0,0.0,0.0,0.0,0.0,0.0,0.0,0.0,0.0,0.0,0.0,0.0,0.0,0.0,0.0,0.0,0.0,0.0,0.0,0.0,0.0,2.004,-2.004,-0.0,2.004,0.0,0.0,0.0,0.0,4844.0,0.0,7233.0,0.0,-107615384.0,0.0,0.0,0.0,0.0,0.0,0.0,77,-0.0,126840479744.0,0.0,0.0,0.0,0.0,0.0,0.0,0.0,0,0,0,0.0,0.0,0.0,0.0,0.0,0.0,0.0,0.0,0.0,0.0,0.0,0.0,0.0,0.0,0.0,0.0,0,-107875648.0,77,0.0,154,0.0,-101056864.0,ERR,ERR,ERR,ERR,ERR,ERR,ERR,ERR,ERR,ERR,ERR,ERR,ERR,ERR,ERR,ERR,ERR,ERR,ERR,ERR,ERR,ERR,ERR,ERR,ERR,ERR,ERR,ERR,ERR,ERR,ERR,ERR,ERR,ERR,ERR,ERR,ERR,ERR,ERR,ERR,ERR,ERR,ERR,ERR,ERR,ERR,ERR,ERR,ERR,ERR,ERR,ERR,ERR,ERR,ERR,ERR,ERR,ERR,ERR,ERR,ERR,ERR,ERR,ERR,ERR,ERR,ERR,34.0,80.0,35,0.0,0.0,0.0,0.0,0.0,0.0,0.0,0.0,0.0,0.0,0.0,0.0,0.0,0.0,0.0,0.0,65.6,0,119,58,53,65476,0,300,0,0,8,20529,65476,0,0,57672,80.0,0.0,0.0,0.0,0.0,0.0
2026-06-18T02:54:29,ERR,ERR,ERR,ERR,ERR,ERR,ERR,ERR,ERR,ERR,ERR,ERR,ERR,ERR,ERR,ERR,ERR,ERR,ERR,ERR,ERR,ERR,ERR,ERR,ERR,ERR,ERR,ERR,ERR,ERR,ERR,ERR,ERR,ERR,ERR,ERR,ERR,ERR,ERR,ERR,ERR,ERR,ERR,ERR,ERR,ERR,ERR,ERR,ERR,ERR,ERR,ERR,ERR,ERR,ERR,ERR,ERR,ERR,ERR,ERR,ERR,ERR,ERR,ERR,ERR,ERR,ERR,ERR,ERR,ERR,ERR,ERR,ERR,ERR,ERR,ERR,ERR,ERR,ERR,ERR,ERR,ERR,ERR,ERR,ERR,ERR,ERR,ERR,ERR,ERR,ERR,ERR,ERR,ERR,ERR,ERR,ERR,ERR,ERR,ERR,ERR,ERR,ERR,ERR,ERR,ERR,ERR,ERR,ERR,ERR,ERR,ERR,ERR,ERR,ERR,ERR,ERR,ERR,ERR,ERR,ERR,ERR,ERR,ERR,ERR,0.0,-107615384.0,-0.0,-0.0,nan,1.3936040501711995e+18,7.805,1.182,0,0,4,48932,6720,14723890282496.0,100,0.0,0.0,0.0,89215.008,0.0,0,0,0,0,0.0,0,0,0,0,0,0,0,0,0,0,0,0,0,0,0,0,0,0,0,0,0,0,0,0,0,0,0,0,0,0,0,0,0,26,51,50,76,65476,0,300,0,0,8,21553,0.0,-107605600.0,0.0,0.0,0.0,0.0,0.0,0.0,0.0,0.0,0.0,0.0,0.0,0.0,0.0,0.0,0.0,0.0,0.0,0.0,0.0,0.0,2.004,-2.004,-0.0,2.004,0.0,0.0,0.0,0.0,4844.0,0.0,7233.0,0.0,-107615384.0,0.0,0.0,0.0,0.0,0.0,0.0,77,-0.0,126840479744.0,0.0,0.0,0.0,0.0,0.0,0.0,0.0,0,0,0,0.0,0.0,0.0,0.0,0.0,0.0,0.0,0.0,0.0,0.0,0.0,0.0,0.0,0.0,0.0,0.0,0,-107875648.0,77,0.0,154,0.0,-101056864.0,ERR,ERR,ERR,ERR,ERR,ERR,ERR,ERR,ERR,ERR,ERR,ERR,ERR,ERR,ERR,ERR,ERR,ERR,ERR,ERR,ERR,ERR,ERR,ERR,ERR,ERR,ERR,ERR,ERR,ERR,ERR,ERR,ERR,ERR,ERR,ERR,ERR,ERR,ERR,ERR,ERR,ERR,ERR,ERR,ERR,ERR,ERR,ERR,ERR,ERR,ERR,ERR,ERR,ERR,ERR,ERR,ERR,ERR,ERR,ERR,ERR,ERR,ERR,ERR,ERR,ERR,ERR,34.0,80.0,35,0.0,0.0,0.0,0.0,0.0,0.0,0.0,0.0,0.0,0.0,0.0,0.0,0.0,0.0,0.0,0.0,66.4,0,119,58,53,65476,0,300,0,0,8,20529,65476,0,0,57672,80.0,0.0,0.0,0.0,0.0,0.0
2026-06-18T02:54:30,ERR,ERR,ERR,ERR,ERR,ERR,ERR,ERR,ERR,ERR,ERR,ERR,ERR,ERR,ERR,ERR,ERR,ERR,ERR,ERR,ERR,ERR,ERR,ERR,ERR,ERR,ERR,ERR,ERR,ERR,ERR,ERR,ERR,ERR,ERR,ERR,ERR,ERR,ERR,ERR,ERR,ERR,ERR,ERR,ERR,ERR,ERR,ERR,ERR,ERR,ERR,ERR,ERR,ERR,ERR,ERR,ERR,ERR,ERR,ERR,ERR,ERR,ERR,ERR,ERR,ERR,ERR,ERR,ERR,ERR,ERR,ERR,ERR,ERR,ERR,ERR,ERR,ERR,ERR,ERR,ERR,ERR,ERR,ERR,ERR,ERR,ERR,ERR,ERR,ERR,ERR,ERR,ERR,ERR,ERR,ERR,ERR,ERR,ERR,ERR,ERR,ERR,ERR,ERR,ERR,ERR,ERR,ERR,ERR,ERR,ERR,ERR,ERR,ERR,ERR,ERR,ERR,ERR,ERR,ERR,ERR,ERR,ERR,ERR,ERR,0.0,-107615384.0,-0.0,-0.0,nan,1.3936040501711995e+18,7.805,1.182,0,0,4,48932,6720,14723890282496.0,100,0.0,0.0,0.0,89215.008,0.0,0,0,0,0,0.0,0,0,0,0,0,0,0,0,0,0,0,0,0,0,0,0,0,0,0,0,0,0,0,0,0,0,0,0,0,0,0,0,0,26,51,50,76,65476,0,300,0,0,8,21553,0.0,-107605600.0,0.0,0.0,0.0,0.0,0.0,0.0,0.0,0.0,0.0,0.0,0.0,0.0,0.0,0.0,0.0,0.0,0.0,0.0,0.0,0.0,2.004,-2.004,-0.0,2.004,0.0,0.0,0.0,0.0,4844.0,0.0,7233.0,0.0,-107615384.0,0.0,0.0,0.0,0.0,0.0,0.0,77,-0.0,126840479744.0,0.0,0.0,0.0,0.0,0.0,0.0,0.0,0,0,0,0.0,0.0,0.0,0.0,0.0,0.0,0.0,0.0,0.0,0.0,0.0,0.0,0.0,0.0,0.0,0.0,0,-107875648.0,77,0.0,154,0.0,-101056864.0,ERR,ERR,ERR,ERR,ERR,ERR,ERR,ERR,ERR,ERR,ERR,ERR,ERR,ERR,ERR,ERR,ERR,ERR,ERR,ERR,ERR,ERR,ERR,ERR,ERR,ERR,ERR,ERR,ERR,ERR,ERR,ERR,ERR,ERR,ERR,ERR,ERR,ERR,ERR,ERR,ERR,ERR,ERR,ERR,ERR,ERR,ERR,ERR,ERR,ERR,ERR,ERR,ERR,ERR,ERR,ERR,ERR,ERR,ERR,ERR,ERR,ERR,ERR,ERR,ERR,ERR,ERR,34.0,80.0,35,0.0,0.0,0.0,0.0,0.0,0.0,0.0,0.0,0.0,0.0,0.0,0.0,0.0,0.0,0.0,0.0,66.4,0,119,58,53,65476,0,300,0,0,8,20529,65476,0,0,57672,80.0,0.0,0.0,0.0,0.0,0.0
2026-06-18T02:54:31,ERR,ERR,ERR,ERR,ERR,ERR,ERR,ERR,ERR,ERR,ERR,ERR,ERR,ERR,ERR,ERR,ERR,ERR,ERR,ERR,ERR,ERR,ERR,ERR,ERR,ERR,ERR,ERR,ERR,ERR,ERR,ERR,ERR,ERR,ERR,ERR,ERR,ERR,ERR,ERR,ERR,ERR,ERR,ERR,ERR,ERR,ERR,ERR,ERR,ERR,ERR,ERR,ERR,ERR,ERR,ERR,ERR,ERR,ERR,ERR,ERR,ERR,ERR,ERR,ERR,ERR,ERR,ERR,ERR,ERR,ERR,ERR,ERR,ERR,ERR,ERR,ERR,ERR,ERR,ERR,ERR,ERR,ERR,ERR,ERR,ERR,ERR,ERR,ERR,ERR,ERR,ERR,ERR,ERR,ERR,ERR,ERR,ERR,ERR,ERR,ERR,ERR,ERR,ERR,ERR,ERR,ERR,ERR,ERR,ERR,ERR,ERR,ERR,ERR,ERR,ERR,ERR,ERR,ERR,ERR,ERR,ERR,ERR,ERR,ERR,0.0,-107615384.0,-0.0,-0.0,nan,1.3936040501711995e+18,7.805,1.182,0,0,4,48932,6720,14723890282496.0,100,0.0,0.0,0.0,89215.008,0.0,0,0,0,0,0.0,0,0,0,0,0,0,0,0,0,0,0,0,0,0,0,0,0,0,0,0,0,0,0,0,0,0,0,0,0,0,0,0,0,26,51,50,76,65476,0,300,0,0,8,21553,0.0,-107605600.0,0.0,0.0,0.0,0.0,0.0,0.0,0.0,0.0,0.0,0.0,0.0,0.0,0.0,0.0,0.0,0.0,0.0,0.0,0.0,0.0,2.004,-2.004,-0.0,2.004,0.0,0.0,0.0,0.0,4844.0,0.0,7233.0,0.0,-107615384.0,0.0,0.0,0.0,0.0,0.0,0.0,77,-0.0,126840479744.0,0.0,0.0,0.0,0.0,0.0,0.0,0.0,0,0,0,0.0,0.0,0.0,0.0,0.0,0.0,0.0,0.0,0.0,0.0,0.0,0.0,0.0,0.0,0.0,0.0,0,-107875648.0,77,0.0,154,0.0,-101056864.0,ERR,ERR,ERR,ERR,ERR,ERR,ERR,ERR,ERR,ERR,ERR,ERR,ERR,ERR,ERR,ERR,ERR,ERR,ERR,ERR,ERR,ERR,ERR,ERR,ERR,ERR,ERR,ERR,ERR,ERR,ERR,ERR,ERR,ERR,ERR,ERR,ERR,ERR,ERR,ERR,ERR,ERR,ERR,ERR,ERR,ERR,ERR,ERR,ERR,ERR,ERR,ERR,ERR,ERR,ERR,ERR,ERR,ERR,ERR,ERR,ERR,ERR,ERR,ERR,ERR,ERR,ERR,34.0,80.0,35,0.0,0.0,0.0,0.0,0.0,0.0,0.0,0.0,0.0,0.0,0.0,0.0,0.0,0.0,0.0,0.0,65.6,0,119,58,53,65476,0,300,0,0,8,20529,65476,0,0,57672,80.0,0.0,0.0,0.0,0.0,0.0
2026-06-18T02:54:32,ERR,ERR,ERR,ERR,ERR,ERR,ERR,ERR,ERR,ERR,ERR,ERR,ERR,ERR,ERR,ERR,ERR,ERR,ERR,ERR,ERR,ERR,ERR,ERR,ERR,ERR,ERR,ERR,ERR,ERR,ERR,ERR,ERR,ERR,ERR,ERR,ERR,ERR,ERR,ERR,ERR,ERR,ERR,ERR,ERR,ERR,ERR,ERR,ERR,ERR,ERR,ERR,ERR,ERR,ERR,ERR,ERR,ERR,ERR,ERR,ERR,ERR,ERR,ERR,ERR,ERR,ERR,ERR,ERR,ERR,ERR,ERR,ERR,ERR,ERR,ERR,ERR,ERR,ERR,ERR,ERR,ERR,ERR,ERR,ERR,ERR,ERR,ERR,ERR,ERR,ERR,ERR,ERR,ERR,ERR,ERR,ERR,ERR,ERR,ERR,ERR,ERR,ERR,ERR,ERR,ERR,ERR,ERR,ERR,ERR,ERR,ERR,ERR,ERR,ERR,ERR,ERR,ERR,ERR,ERR,ERR,ERR,ERR,ERR,ERR,0.0,-107615384.0,-0.0,-152005385388032.0,nan,1.3936040501711995e+18,7.805,-1161942663168.0,0,0,4,48929,6720,14723890282496.0,100,0.0,0.0,0.0,-152005385388032.0,0.0,0,0,0,0,0.0,0,0,0,0,0,0,0,0,0,0,0,0,0,0,0,0,0,0,0,0,0,0,0,0,0,0,0,0,0,0,0,0,0,26,51,50,76,65476,0,300,0,0,8,21553,0.0,-107605600.0,0.0,0.0,0.0,0.0,0.0,0.0,0.0,0.0,0.0,0.0,0.0,0.0,0.0,0.0,0.0,0.0,0.0,0.0,0.0,0.0,2.004,-2.004,-0.0,2.004,0.0,0.0,0.0,0.0,4813.0,-0.0,7254.0,0.0,-107615384.0,0.0,0.0,0.0,0.0,0.0,0.0,77,-0.0,-2.308826643966827e+20,0.0,0.0,0.0,0.0,0.0,0.0,0.0,0,0,0,0.0,0.0,0.0,0.0,0.0,0.0,0.0,0.0,0.0,0.0,0.0,0.0,0.0,0.0,0.0,0.0,0,-107875648.0,77,0.0,154,0.0,-101056864.0,ERR,ERR,ERR,ERR,ERR,ERR,ERR,ERR,ERR,ERR,ERR,ERR,ERR,ERR,ERR,ERR,ERR,ERR,ERR,ERR,ERR,ERR,ERR,ERR,ERR,ERR,ERR,ERR,ERR,ERR,ERR,ERR,ERR,ERR,ERR,ERR,ERR,ERR,ERR,ERR,ERR,ERR,ERR,ERR,ERR,ERR,ERR,ERR,ERR,ERR,ERR,ERR,ERR,ERR,ERR,ERR,ERR,ERR,ERR,ERR,ERR,ERR,ERR,ERR,ERR,ERR,ERR,34.0,80.0,35,0.0,0.0,0.0,0.0,0.0,0.0,0.0,0.0,0.0,0.0,0.0,0.0,0.0,0.0,0.0,0.0,65.6,0,119,58,53,65476,0,300,0,0,8,20529,65476,0,0,57672,80.0,0.0,0.0,0.0,0.0,0.0
2026-06-18T02:54:33,ERR,ERR,ERR,ERR,ERR,ERR,ERR,ERR,ERR,ERR,ERR,ERR,ERR,ERR,ERR,ERR,ERR,ERR,ERR,ERR,ERR,ERR,ERR,ERR,ERR,ERR,ERR,ERR,ERR,ERR,ERR,ERR,ERR,ERR,ERR,ERR,ERR,ERR,ERR,ERR,ERR,ERR,ERR,ERR,ERR,ERR,ERR,ERR,ERR,ERR,ERR,ERR,ERR,ERR,ERR,ERR,ERR,ERR,ERR,ERR,ERR,ERR,ERR,ERR,ERR,ERR,ERR,ERR,ERR,ERR,ERR,ERR,ERR,ERR,ERR,ERR,ERR,ERR,ERR,ERR,ERR,ERR,ERR,ERR,ERR,ERR,ERR,ERR,ERR,ERR,ERR,ERR,ERR,ERR,ERR,ERR,ERR,ERR,ERR,ERR,ERR,ERR,ERR,ERR,ERR,ERR,ERR,ERR,ERR,ERR,ERR,ERR,ERR,ERR,ERR,ERR,ERR,ERR,ERR,ERR,ERR,ERR,ERR,ERR,ERR,0.0,-107615384.0,-0.0,-152005385388032.0,nan,1.3936040501711995e+18,7.805,-1161942663168.0,0,0,4,48929,6720,14723890282496.0,100,0.0,0.0,0.0,-152005385388032.0,0.0,0,0,0,0,0.0,0,0,0,0,0,0,0,0,0,0,0,0,0,0,0,0,0,0,0,0,0,0,0,0,0,0,0,0,0,0,0,0,0,26,51,50,76,65476,0,300,0,0,8,21553,0.0,-107605600.0,0.0,0.0,0.0,0.0,0.0,0.0,0.0,0.0,0.0,0.0,0.0,0.0,0.0,0.0,0.0,0.0,0.0,0.0,0.0,0.0,2.004,-2.004,-0.0,2.004,0.0,0.0,0.0,0.0,4813.0,-0.0,7254.0,0.0,-107615384.0,0.0,0.0,0.0,0.0,0.0,0.0,77,-0.0,-2.308826643966827e+20,0.0,0.0,0.0,0.0,0.0,0.0,0.0,0,0,0,0.0,0.0,0.0,0.0,0.0,0.0,0.0,0.0,0.0,0.0,0.0,0.0,0.0,0.0,0.0,0.0,0,-107875648.0,77,0.0,154,0.0,-101056864.0,ERR,ERR,ERR,ERR,ERR,ERR,ERR,ERR,ERR,ERR,ERR,ERR,ERR,ERR,ERR,ERR,ERR,ERR,ERR,ERR,ERR,ERR,ERR,ERR,ERR,ERR,ERR,ERR,ERR,ERR,ERR,ERR,ERR,ERR,ERR,ERR,ERR,ERR,ERR,ERR,ERR,ERR,ERR,ERR,ERR,ERR,ERR,ERR,ERR,ERR,ERR,ERR,ERR,ERR,ERR,ERR,ERR,ERR,ERR,ERR,ERR,ERR,ERR,ERR,ERR,ERR,ERR,34.0,80.0,35,0.0,0.0,0.0,0.0,0.0,0.0,0.0,0.0,0.0,0.0,0.0,0.0,0.0,0.0,0.0,0.0,66.4,0,119,58,53,65476,0,300,0,0,8,20529,65476,0,0,57672,80.0,0.0,0.0,0.0,0.0,0.0
2026-06-18T02:54:34,ERR,ERR,ERR,ERR,ERR,ERR,ERR,ERR,ERR,ERR,ERR,ERR,ERR,ERR,ERR,ERR,ERR,ERR,ERR,ERR,ERR,ERR,ERR,ERR,ERR,ERR,ERR,ERR,ERR,ERR,ERR,ERR,ERR,ERR,ERR,ERR,ERR,ERR,ERR,ERR,ERR,ERR,ERR,ERR,ERR,ERR,ERR,ERR,ERR,ERR,ERR,ERR,ERR,ERR,ERR,ERR,ERR,ERR,ERR,ERR,ERR,ERR,ERR,ERR,ERR,ERR,ERR,ERR,ERR,ERR,ERR,ERR,ERR,ERR,ERR,ERR,ERR,ERR,ERR,ERR,ERR,ERR,ERR,ERR,ERR,ERR,ERR,ERR,ERR,ERR,ERR,ERR,ERR,ERR,ERR,ERR,ERR,ERR,ERR,ERR,ERR,ERR,ERR,ERR,ERR,ERR,ERR,ERR,ERR,ERR,ERR,ERR,ERR,ERR,ERR,ERR,ERR,ERR,ERR,ERR,ERR,ERR,ERR,ERR,ERR,0.0,-107615384.0,-0.0,-152005385388032.0,nan,1.3936040501711995e+18,7.805,-1161942663168.0,0,0,4,48929,6720,14723890282496.0,100,0.0,0.0,0.0,-152005385388032.0,0.0,0,0,0,0,0.0,0,0,0,0,0,0,0,0,0,0,0,0,0,0,0,0,0,0,0,0,0,0,0,0,0,0,0,0,0,0,0,0,0,26,51,50,76,65476,0,300,0,0,8,21553,0.0,-107605600.0,0.0,0.0,0.0,0.0,0.0,0.0,0.0,0.0,0.0,0.0,0.0,0.0,0.0,0.0,0.0,0.0,0.0,0.0,0.0,0.0,2.004,-2.004,-0.0,2.004,0.0,0.0,0.0,0.0,4813.0,-0.0,7254.0,0.0,-107615384.0,0.0,0.0,0.0,0.0,0.0,0.0,77,-0.0,-2.308826643966827e+20,0.0,0.0,0.0,0.0,0.0,0.0,0.0,0,0,0,0.0,0.0,0.0,0.0,0.0,0.0,0.0,0.0,0.0,0.0,0.0,0.0,0.0,0.0,0.0,0.0,0,-107875648.0,77,0.0,154,0.0,-101056864.0,ERR,ERR,ERR,ERR,ERR,ERR,ERR,ERR,ERR,ERR,ERR,ERR,ERR,ERR,ERR,ERR,ERR,ERR,ERR,ERR,ERR,ERR,ERR,ERR,ERR,ERR,ERR,ERR,ERR,ERR,ERR,ERR,ERR,ERR,ERR,ERR,ERR,ERR,ERR,ERR,ERR,ERR,ERR,ERR,ERR,ERR,ERR,ERR,ERR,ERR,ERR,ERR,ERR,ERR,ERR,ERR,ERR,ERR,ERR,ERR,ERR,ERR,ERR,ERR,ERR,ERR,ERR,34.0,80.0,35,0.0,0.0,0.0,0.0,0.0,0.0,0.0,0.0,0.0,0.0,0.0,0.0,0.0,0.0,0.0,0.0,66.4,0,119,58,53,65476,0,300,0,0,8,20529,65476,0,0,57672,80.0,0.0,0.0,0.0,0.0,0.0
2026-06-18T02:54:35,ERR,ERR,ERR,ERR,ERR,ERR,ERR,ERR,ERR,ERR,ERR,ERR,ERR,ERR,ERR,ERR,ERR,ERR,ERR,ERR,ERR,ERR,ERR,ERR,ERR,ERR,ERR,ERR,ERR,ERR,ERR,ERR,ERR,ERR,ERR,ERR,ERR,ERR,ERR,ERR,ERR,ERR,ERR,ERR,ERR,ERR,ERR,ERR,ERR,ERR,ERR,ERR,ERR,ERR,ERR,ERR,ERR,ERR,ERR,ERR,ERR,ERR,ERR,ERR,ERR,ERR,ERR,ERR,ERR,ERR,ERR,ERR,ERR,ERR,ERR,ERR,ERR,ERR,ERR,ERR,ERR,ERR,ERR,ERR,ERR,ERR,ERR,ERR,ERR,ERR,ERR,ERR,ERR,ERR,ERR,ERR,ERR,ERR,ERR,ERR,ERR,ERR,ERR,ERR,ERR,ERR,ERR,ERR,ERR,ERR,ERR,ERR,ERR,ERR,ERR,ERR,ERR,ERR,ERR,ERR,ERR,ERR,ERR,ERR,ERR,0.0,-107615384.0,-0.0,-152005385388032.0,nan,1.3936040501711995e+18,7.805,-1161942663168.0,0,0,4,48929,6720,14723890282496.0,100,0.0,0.0,0.0,-152005385388032.0,0.0,0,0,0,0,0.0,0,0,0,0,0,0,0,0,0,0,0,0,0,0,0,0,0,0,0,0,0,0,0,0,0,0,0,0,0,0,0,0,0,26,51,50,76,65476,0,300,0,0,8,21553,0.0,-107605600.0,0.0,0.0,0.0,0.0,0.0,0.0,0.0,0.0,0.0,0.0,0.0,0.0,0.0,0.0,0.0,0.0,0.0,0.0,0.0,0.0,2.004,-2.004,-0.0,2.004,0.0,0.0,0.0,0.0,4813.0,-0.0,7254.0,0.0,-107615384.0,0.0,0.0,0.0,0.0,0.0,0.0,77,-0.0,-2.308826643966827e+20,0.0,0.0,0.0,0.0,0.0,0.0,0.0,0,0,0,0.0,0.0,0.0,0.0,0.0,0.0,0.0,0.0,0.0,0.0,0.0,0.0,0.0,0.0,0.0,0.0,0,-107875648.0,77,0.0,154,0.0,-101056864.0,ERR,ERR,ERR,ERR,ERR,ERR,ERR,ERR,ERR,ERR,ERR,ERR,ERR,ERR,ERR,ERR,ERR,ERR,ERR,ERR,ERR,ERR,ERR,ERR,ERR,ERR,ERR,ERR,ERR,ERR,ERR,ERR,ERR,ERR,ERR,ERR,ERR,ERR,ERR,ERR,ERR,ERR,ERR,ERR,ERR,ERR,ERR,ERR,ERR,ERR,ERR,ERR,ERR,ERR,ERR,ERR,ERR,ERR,ERR,ERR,ERR,ERR,ERR,ERR,ERR,ERR,ERR,34.0,80.0,35,0.0,0.0,0.0,0.0,0.0,0.0,0.0,0.0,0.0,0.0,0.0,0.0,0.0,0.0,0.0,0.0,65.6,0,119,58,53,65476,0,300,0,0,8,20529,65476,0,0,57672,80.0,0.0,0.0,0.0,0.0,0.0
2026-06-18T02:54:36,ERR,ERR,ERR,ERR,ERR,ERR,ERR,ERR,ERR,ERR,ERR,ERR,ERR,ERR,ERR,ERR,ERR,ERR,ERR,ERR,ERR,ERR,ERR,ERR,ERR,ERR,ERR,ERR,ERR,ERR,ERR,ERR,ERR,ERR,ERR,ERR,ERR,ERR,ERR,ERR,ERR,ERR,ERR,ERR,ERR,ERR,ERR,ERR,ERR,ERR,ERR,ERR,ERR,ERR,ERR,ERR,ERR,ERR,ERR,ERR,ERR,ERR,ERR,ERR,ERR,ERR,ERR,ERR,ERR,ERR,ERR,ERR,ERR,ERR,ERR,ERR,ERR,ERR,ERR,ERR,ERR,ERR,ERR,ERR,ERR,ERR,ERR,ERR,ERR,ERR,ERR,ERR,ERR,ERR,ERR,ERR,ERR,ERR,ERR,ERR,ERR,ERR,ERR,ERR,ERR,ERR,ERR,ERR,ERR,ERR,ERR,ERR,ERR,ERR,ERR,ERR,ERR,ERR,ERR,ERR,ERR,ERR,ERR,ERR,ERR,0.0,-107615384.0,-0.0,-152005385388032.0,nan,1.3936040501711995e+18,7.805,-1161942663168.0,0,0,4,48929,6720,14723890282496.0,100,0.0,0.0,0.0,-152005385388032.0,0.0,0,0,0,0,0.0,0,0,0,0,0,0,0,0,0,0,0,0,0,0,0,0,0,0,0,0,0,0,0,0,0,0,0,0,0,0,0,0,0,26,51,50,76,65476,0,300,0,0,8,21553,0.0,-107605600.0,0.0,0.0,0.0,0.0,0.0,0.0,0.0,0.0,0.0,0.0,0.0,0.0,0.0,0.0,0.0,0.0,0.0,0.0,0.0,0.0,2.004,-2.004,-0.0,2.004,0.0,0.0,0.0,0.0,4813.0,-0.0,7254.0,0.0,-107615384.0,0.0,0.0,0.0,0.0,0.0,0.0,77,-0.0,-2.308826643966827e+20,0.0,0.0,0.0,0.0,0.0,0.0,0.0,0,0,0,0.0,0.0,0.0,0.0,0.0,0.0,0.0,0.0,0.0,0.0,0.0,0.0,0.0,0.0,0.0,0.0,0,-107875648.0,77,0.0,154,0.0,-101056864.0,ERR,ERR,ERR,ERR,ERR,ERR,ERR,ERR,ERR,ERR,ERR,ERR,ERR,ERR,ERR,ERR,ERR,ERR,ERR,ERR,ERR,ERR,ERR,ERR,ERR,ERR,ERR,ERR,ERR,ERR,ERR,ERR,ERR,ERR,ERR,ERR,ERR,ERR,ERR,ERR,ERR,ERR,ERR,ERR,ERR,ERR,ERR,ERR,ERR,ERR,ERR,ERR,ERR,ERR,ERR,ERR,ERR,ERR,ERR,ERR,ERR,ERR,ERR,ERR,ERR,ERR,ERR,34.0,80.0,35,0.0,0.0,0.0,0.0,0.0,0.0,0.0,0.0,0.0,0.0,0.0,0.0,0.0,0.0,0.0,0.0,66.4,0,119,58,53,65476,0,300,0,0,8,20529,65476,0,0,57672,80.0,0.0,0.0,0.0,0.0,0.0
2026-06-18T02:54:37,ERR,ERR,ERR,ERR,ERR,ERR,ERR,ERR,ERR,ERR,ERR,ERR,ERR,ERR,ERR,ERR,ERR,ERR,ERR,ERR,ERR,ERR,ERR,ERR,ERR,ERR,ERR,ERR,ERR,ERR,ERR,ERR,ERR,ERR,ERR,ERR,ERR,ERR,ERR,ERR,ERR,ERR,ERR,ERR,ERR,ERR,ERR,ERR,ERR,ERR,ERR,ERR,ERR,ERR,ERR,ERR,ERR,ERR,ERR,ERR,ERR,ERR,ERR,ERR,ERR,ERR,ERR,ERR,ERR,ERR,ERR,ERR,ERR,ERR,ERR,ERR,ERR,ERR,ERR,ERR,ERR,ERR,ERR,ERR,ERR,ERR,ERR,ERR,ERR,ERR,ERR,ERR,ERR,ERR,ERR,ERR,ERR,ERR,ERR,ERR,ERR,ERR,ERR,ERR,ERR,ERR,ERR,ERR,ERR,ERR,ERR,ERR,ERR,ERR,ERR,ERR,ERR,ERR,ERR,ERR,ERR,ERR,ERR,ERR,ERR,0.0,-107615384.0,-0.0,-0.0,nan,1.3936040501711995e+18,7.805,1.182,0,0,4,48926,6720,14723890282496.0,100,0.0,0.0,0.0,-0.0,0.0,0,0,0,0,0.0,0,0,0,0,0,0,0,0,0,0,0,0,0,0,0,0,0,0,0,0,0,0,0,0,0,0,0,0,0,0,0,0,0,26,51,50,76,65476,0,300,0,0,8,21553,0.0,-107605600.0,0.0,0.0,0.0,0.0,0.0,0.0,0.0,0.0,0.0,0.0,0.0,0.0,0.0,0.0,0.0,0.0,0.0,0.0,0.0,0.0,2.004,-2.004,-0.0,2.004,0.0,0.0,0.0,0.0,4810.0,-2.004,7256.0,0.0,-107615384.0,2.7184303811560617e+23,0.0,0.0,0.0,0.0,0.0,77,-0.0,-4.950398423098307e+32,0.0,0.0,0.0,0.0,0.0,0.0,0.0,0,0,0,0.0,0.0,0.0,0.0,0.0,0.0,0.0,0.0,0.0,0.0,0.0,0.0,0.0,0.0,0.0,0.0,0,-107875648.0,77,0.0,154,0.0,-101056864.0,ERR,ERR,ERR,ERR,ERR,ERR,ERR,ERR,ERR,ERR,ERR,ERR,ERR,ERR,ERR,ERR,ERR,ERR,ERR,ERR,ERR,ERR,ERR,ERR,ERR,ERR,ERR,ERR,ERR,ERR,ERR,ERR,ERR,ERR,ERR,ERR,ERR,ERR,ERR,ERR,ERR,ERR,ERR,ERR,ERR,ERR,ERR,ERR,ERR,ERR,ERR,ERR,ERR,ERR,ERR,ERR,ERR,ERR,ERR,ERR,ERR,ERR,ERR,ERR,ERR,ERR,ERR,34.0,80.0,35,0.0,0.0,0.0,0.0,0.0,0.0,0.0,0.0,0.0,0.0,0.0,0.0,0.0,0.0,0.0,0.0,66.4,0,119,58,53,65476,0,300,0,0,8,20529,65476,0,0,57672,80.0,0.0,0.0,0.0,0.0,0.0
2026-06-18T02:54:38,ERR,ERR,ERR,ERR,ERR,ERR,ERR,ERR,ERR,ERR,ERR,ERR,ERR,ERR,ERR,ERR,ERR,ERR,ERR,ERR,ERR,ERR,ERR,ERR,ERR,ERR,ERR,ERR,ERR,ERR,ERR,ERR,ERR,ERR,ERR,ERR,ERR,ERR,ERR,ERR,ERR,ERR,ERR,ERR,ERR,ERR,ERR,ERR,ERR,ERR,ERR,ERR,ERR,ERR,ERR,ERR,ERR,ERR,ERR,ERR,ERR,ERR,ERR,ERR,ERR,ERR,ERR,ERR,ERR,ERR,ERR,ERR,ERR,ERR,ERR,ERR,ERR,ERR,ERR,ERR,ERR,ERR,ERR,ERR,ERR,ERR,ERR,ERR,ERR,ERR,ERR,ERR,ERR,ERR,ERR,ERR,ERR,ERR,ERR,ERR,ERR,ERR,ERR,ERR,ERR,ERR,ERR,ERR,ERR,ERR,ERR,ERR,ERR,ERR,ERR,ERR,ERR,ERR,ERR,ERR,ERR,ERR,ERR,ERR,ERR,0.0,-107615384.0,-0.0,-0.0,nan,1.3936040501711995e+18,7.805,1.182,0,0,4,48926,6720,14723890282496.0,100,0.0,0.0,0.0,-0.0,0.0,0,0,0,0,0.0,0,0,0,0,0,0,0,0,0,0,0,0,0,0,0,0,0,0,0,0,0,0,0,0,0,0,0,0,0,0,0,0,0,26,51,50,76,65476,0,300,0,0,8,21553,0.0,-107605600.0,0.0,0.0,0.0,0.0,0.0,0.0,0.0,0.0,0.0,0.0,0.0,0.0,0.0,0.0,0.0,0.0,0.0,0.0,0.0,0.0,2.004,-2.004,-0.0,2.004,0.0,0.0,0.0,0.0,4810.0,-2.004,7256.0,0.0,-107615384.0,2.7184303811560617e+23,0.0,0.0,0.0,0.0,0.0,77,-0.0,-4.950398423098307e+32,0.0,0.0,0.0,0.0,0.0,0.0,0.0,0,0,0,0.0,0.0,0.0,0.0,0.0,0.0,0.0,0.0,0.0,0.0,0.0,0.0,0.0,0.0,0.0,0.0,0,-107875648.0,77,0.0,154,0.0,-101056864.0,ERR,ERR,ERR,ERR,ERR,ERR,ERR,ERR,ERR,ERR,ERR,ERR,ERR,ERR,ERR,ERR,ERR,ERR,ERR,ERR,ERR,ERR,ERR,ERR,ERR,ERR,ERR,ERR,ERR,ERR,ERR,ERR,ERR,ERR,ERR,ERR,ERR,ERR,ERR,ERR,ERR,ERR,ERR,ERR,ERR,ERR,ERR,ERR,ERR,ERR,ERR,ERR,ERR,ERR,ERR,ERR,ERR,ERR,ERR,ERR,ERR,ERR,ERR,ERR,ERR,ERR,ERR,34.0,80.0,35,0.0,0.0,0.0,0.0,0.0,0.0,0.0,0.0,0.0,0.0,0.0,0.0,0.0,0.0,0.0,0.0,65.6,0,119,58,53,65476,0,300,0,0,8,20529,65476,0,0,57672,80.0,0.0,0.0,0.0,0.0,0.0
2026-06-18T02:54:39,ERR,ERR,ERR,ERR,ERR,ERR,ERR,ERR,ERR,ERR,ERR,ERR,ERR,ERR,ERR,ERR,ERR,ERR,ERR,ERR,ERR,ERR,ERR,ERR,ERR,ERR,ERR,ERR,ERR,ERR,ERR,ERR,ERR,ERR,ERR,ERR,ERR,ERR,ERR,ERR,ERR,ERR,ERR,ERR,ERR,ERR,ERR,ERR,ERR,ERR,ERR,ERR,ERR,ERR,ERR,ERR,ERR,ERR,ERR,ERR,ERR,ERR,ERR,ERR,ERR,ERR,ERR,ERR,ERR,ERR,ERR,ERR,ERR,ERR,ERR,ERR,ERR,ERR,ERR,ERR,ERR,ERR,ERR,ERR,ERR,ERR,ERR,ERR,ERR,ERR,ERR,ERR,ERR,ERR,ERR,ERR,ERR,ERR,ERR,ERR,ERR,ERR,ERR,ERR,ERR,ERR,ERR,ERR,ERR,ERR,ERR,ERR,ERR,ERR,ERR,ERR,ERR,ERR,ERR,ERR,ERR,ERR,ERR,ERR,ERR,0.0,-107615384.0,-0.0,-0.0,nan,1.3936040501711995e+18,7.805,1.182,0,0,4,48926,6720,14723890282496.0,100,0.0,0.0,0.0,-0.0,0.0,0,0,0,0,0.0,0,0,0,0,0,0,0,0,0,0,0,0,0,0,0,0,0,0,0,0,0,0,0,0,0,0,0,0,0,0,0,0,0,26,51,50,76,65476,0,300,0,0,8,21553,0.0,-107605600.0,0.0,0.0,0.0,0.0,0.0,0.0,0.0,0.0,0.0,0.0,0.0,0.0,0.0,0.0,0.0,0.0,0.0,0.0,0.0,0.0,2.004,-2.004,-0.0,2.004,0.0,0.0,0.0,0.0,4810.0,-2.004,7256.0,0.0,-107615384.0,2.7184303811560617e+23,0.0,0.0,0.0,0.0,0.0,77,-0.0,-4.950398423098307e+32,0.0,0.0,0.0,0.0,0.0,0.0,0.0,0,0,0,0.0,0.0,0.0,0.0,0.0,0.0,0.0,0.0,0.0,0.0,0.0,0.0,0.0,0.0,0.0,0.0,0,-107875648.0,77,0.0,154,0.0,-101056864.0,ERR,ERR,ERR,ERR,ERR,ERR,ERR,ERR,ERR,ERR,ERR,ERR,ERR,ERR,ERR,ERR,ERR,ERR,ERR,ERR,ERR,ERR,ERR,ERR,ERR,ERR,ERR,ERR,ERR,ERR,ERR,ERR,ERR,ERR,ERR,ERR,ERR,ERR,ERR,ERR,ERR,ERR,ERR,ERR,ERR,ERR,ERR,ERR,ERR,ERR,ERR,ERR,ERR,ERR,ERR,ERR,ERR,ERR,ERR,ERR,ERR,ERR,ERR,ERR,ERR,ERR,ERR,34.0,80.0,35,0.0,0.0,0.0,0.0,0.0,0.0,0.0,0.0,0.0,0.0,0.0,0.0,0.0,0.0,0.0,0.0,65.6,0,119,58,53,65476,0,300,0,0,8,20529,65476,0,0,57672,80.0,0.0,0.0,0.0,0.0,0.0
2026-06-18T02:54:40,ERR,ERR,ERR,ERR,ERR,ERR,ERR,ERR,ERR,ERR,ERR,ERR,ERR,ERR,ERR,ERR,ERR,ERR,ERR,ERR,ERR,ERR,ERR,ERR,ERR,ERR,ERR,ERR,ERR,ERR,ERR,ERR,ERR,ERR,ERR,ERR,ERR,ERR,ERR,ERR,ERR,ERR,ERR,ERR,ERR,ERR,ERR,ERR,ERR,ERR,ERR,ERR,ERR,ERR,ERR,ERR,ERR,ERR,ERR,ERR,ERR,ERR,ERR,ERR,ERR,ERR,ERR,ERR,ERR,ERR,ERR,ERR,ERR,ERR,ERR,ERR,ERR,ERR,ERR,ERR,ERR,ERR,ERR,ERR,ERR,ERR,ERR,ERR,ERR,ERR,ERR,ERR,ERR,ERR,ERR,ERR,ERR,ERR,ERR,ERR,ERR,ERR,ERR,ERR,ERR,ERR,ERR,ERR,ERR,ERR,ERR,ERR,ERR,ERR,ERR,ERR,ERR,ERR,ERR,ERR,ERR,ERR,ERR,ERR,ERR,0.0,-107615384.0,-0.0,-0.0,nan,1.3936040501711995e+18,7.805,1.182,0,0,4,48926,6720,14723890282496.0,100,0.0,0.0,0.0,-0.0,0.0,0,0,0,0,0.0,0,0,0,0,0,0,0,0,0,0,0,0,0,0,0,0,0,0,0,0,0,0,0,0,0,0,0,0,0,0,0,0,0,26,51,50,76,65476,0,300,0,0,8,21553,0.0,-107605600.0,0.0,0.0,0.0,0.0,0.0,0.0,0.0,0.0,0.0,0.0,0.0,0.0,0.0,0.0,0.0,0.0,0.0,0.0,0.0,0.0,2.004,-2.004,-0.0,2.004,0.0,0.0,0.0,0.0,4810.0,-2.004,7256.0,0.0,-107615384.0,2.7184303811560617e+23,0.0,0.0,0.0,0.0,0.0,77,-0.0,-4.950398423098307e+32,0.0,0.0,0.0,0.0,0.0,0.0,0.0,0,0,0,0.0,0.0,0.0,0.0,0.0,0.0,0.0,0.0,0.0,0.0,0.0,0.0,0.0,0.0,0.0,0.0,0,-107875648.0,77,0.0,154,0.0,-101056864.0,ERR,ERR,ERR,ERR,ERR,ERR,ERR,ERR,ERR,ERR,ERR,ERR,ERR,ERR,ERR,ERR,ERR,ERR,ERR,ERR,ERR,ERR,ERR,ERR,ERR,ERR,ERR,ERR,ERR,ERR,ERR,ERR,ERR,ERR,ERR,ERR,ERR,ERR,ERR,ERR,ERR,ERR,ERR,ERR,ERR,ERR,ERR,ERR,ERR,ERR,ERR,ERR,ERR,ERR,ERR,ERR,ERR,ERR,ERR,ERR,ERR,ERR,ERR,ERR,ERR,ERR,ERR,34.0,80.0,35,0.0,0.0,0.0,0.0,0.0,0.0,0.0,0.0,0.0,0.0,0.0,0.0,0.0,0.0,0.0,0.0,65.6,0,119,58,53,65476,0,300,0,0,8,20529,65476,0,0,57672,80.0,0.0,0.0,0.0,0.0,0.0
2026-06-18T02:54:41,ERR,ERR,ERR,ERR,ERR,ERR,ERR,ERR,ERR,ERR,ERR,ERR,ERR,ERR,ERR,ERR,ERR,ERR,ERR,ERR,ERR,ERR,ERR,ERR,ERR,ERR,ERR,ERR,ERR,ERR,ERR,ERR,ERR,ERR,ERR,ERR,ERR,ERR,ERR,ERR,ERR,ERR,ERR,ERR,ERR,ERR,ERR,ERR,ERR,ERR,ERR,ERR,ERR,ERR,ERR,ERR,ERR,ERR,ERR,ERR,ERR,ERR,ERR,ERR,ERR,ERR,ERR,ERR,ERR,ERR,ERR,ERR,ERR,ERR,ERR,ERR,ERR,ERR,ERR,ERR,ERR,ERR,ERR,ERR,ERR,ERR,ERR,ERR,ERR,ERR,ERR,ERR,ERR,ERR,ERR,ERR,ERR,ERR,ERR,ERR,ERR,ERR,ERR,ERR,ERR,ERR,ERR,ERR,ERR,ERR,ERR,ERR,ERR,ERR,ERR,ERR,ERR,ERR,ERR,ERR,ERR,ERR,ERR,ERR,ERR,0.0,-107615384.0,-0.0,-0.0,nan,1.3936040501711995e+18,7.805,1.182,0,0,4,48926,6720,14723890282496.0,100,0.0,0.0,0.0,-0.0,0.0,0,0,0,0,0.0,0,0,0,0,0,0,0,0,0,0,0,0,0,0,0,0,0,0,0,0,0,0,0,0,0,0,0,0,0,0,0,0,0,26,51,50,76,65476,0,300,0,0,8,21553,0.0,-107605600.0,0.0,0.0,0.0,0.0,0.0,0.0,0.0,0.0,0.0,0.0,0.0,0.0,0.0,0.0,0.0,0.0,0.0,0.0,0.0,0.0,2.004,-2.004,-0.0,2.004,0.0,0.0,0.0,0.0,4810.0,-2.004,7256.0,0.0,-107615384.0,2.7184303811560617e+23,0.0,0.0,0.0,0.0,0.0,77,-0.0,-4.950398423098307e+32,0.0,0.0,0.0,0.0,0.0,0.0,0.0,0,0,0,0.0,0.0,0.0,0.0,0.0,0.0,0.0,0.0,0.0,0.0,0.0,0.0,0.0,0.0,0.0,0.0,0,-107875648.0,77,0.0,154,0.0,-101056864.0,ERR,ERR,ERR,ERR,ERR,ERR,ERR,ERR,ERR,ERR,ERR,ERR,ERR,ERR,ERR,ERR,ERR,ERR,ERR,ERR,ERR,ERR,ERR,ERR,ERR,ERR,ERR,ERR,ERR,ERR,ERR,ERR,ERR,ERR,ERR,ERR,ERR,ERR,ERR,ERR,ERR,ERR,ERR,ERR,ERR,ERR,ERR,ERR,ERR,ERR,ERR,ERR,ERR,ERR,ERR,ERR,ERR,ERR,ERR,ERR,ERR,ERR,ERR,ERR,ERR,ERR,ERR,34.0,80.0,35,0.0,0.0,0.0,0.0,0.0,0.0,0.0,0.0,0.0,0.0,0.0,0.0,0.0,0.0,0.0,0.0,65.6,0,119,58,53,65476,0,300,0,0,8,20529,65476,0,0,57672,80.0,0.0,0.0,0.0,0.0,0.0
2026-06-18T02:54:42,ERR,ERR,ERR,ERR,ERR,ERR,ERR,ERR,ERR,ERR,ERR,ERR,ERR,ERR,ERR,ERR,ERR,ERR,ERR,ERR,ERR,ERR,ERR,ERR,ERR,ERR,ERR,ERR,ERR,ERR,ERR,ERR,ERR,ERR,ERR,ERR,ERR,ERR,ERR,ERR,ERR,ERR,ERR,ERR,ERR,ERR,ERR,ERR,ERR,ERR,ERR,ERR,ERR,ERR,ERR,ERR,ERR,ERR,ERR,ERR,ERR,ERR,ERR,ERR,ERR,ERR,ERR,ERR,ERR,ERR,ERR,ERR,ERR,ERR,ERR,ERR,ERR,ERR,ERR,ERR,ERR,ERR,ERR,ERR,ERR,ERR,ERR,ERR,ERR,ERR,ERR,ERR,ERR,ERR,ERR,ERR,ERR,ERR,ERR,ERR,ERR,ERR,ERR,ERR,ERR,ERR,ERR,ERR,ERR,ERR,ERR,ERR,ERR,ERR,ERR,ERR,ERR,ERR,ERR,ERR,ERR,ERR,ERR,ERR,ERR,0.0,-107615384.0,-0.0,-4.9501291711397626e+32,nan,1.3936040501711995e+18,7.805,-0.0,0,0,4,48932,6720,14723890282496.0,100,0.0,0.0,0.0,-107609184.0,0.0,0,0,0,0,0.0,0,0,0,0,0,0,0,0,0,0,0,0,0,0,0,0,0,0,0,0,0,0,0,0,0,0,0,0,0,0,0,0,0,26,51,50,76,65476,0,300,0,0,8,21553,0.0,-107605600.0,0.0,0.0,0.0,0.0,0.0,0.0,0.0,0.0,0.0,0.0,0.0,0.0,0.0,0.0,0.0,0.0,0.0,0.0,0.0,0.0,2.004,-2.004,-0.0,2.004,0.0,0.0,0.0,0.0,4816.0,-564145430724608.0,7259.0,0.0,-107615384.0,2.7184303811560617e+23,0.0,0.0,0.0,0.0,0.0,77,-0.0,0.0,0.0,0.0,0.0,0.0,0.0,0.0,0.0,0,0,0,0.0,0.0,0.0,0.0,0.0,0.0,0.0,0.0,0.0,0.0,0.0,0.0,0.0,0.0,0.0,0.0,0,-107875648.0,77,0.0,154,0.0,-101056864.0,ERR,ERR,ERR,ERR,ERR,ERR,ERR,ERR,ERR,ERR,ERR,ERR,ERR,ERR,ERR,ERR,ERR,ERR,ERR,ERR,ERR,ERR,ERR,ERR,ERR,ERR,ERR,ERR,ERR,ERR,ERR,ERR,ERR,ERR,ERR,ERR,ERR,ERR,ERR,ERR,ERR,ERR,ERR,ERR,ERR,ERR,ERR,ERR,ERR,ERR,ERR,ERR,ERR,ERR,ERR,ERR,ERR,ERR,ERR,ERR,ERR,ERR,ERR,ERR,ERR,ERR,ERR,34.0,80.0,35,0.0,0.0,0.0,0.0,0.0,0.0,0.0,0.0,0.0,0.0,0.0,0.0,0.0,0.0,0.0,0.0,65.6,0,119,58,53,65476,0,300,0,0,8,20529,65476,0,0,57672,80.0,0.0,0.0,0.0,0.0,0.0
2026-06-18T02:54:43,ERR,ERR,ERR,ERR,ERR,ERR,ERR,ERR,ERR,ERR,ERR,ERR,ERR,ERR,ERR,ERR,ERR,ERR,ERR,ERR,ERR,ERR,ERR,ERR,ERR,ERR,ERR,ERR,ERR,ERR,ERR,ERR,ERR,ERR,ERR,ERR,ERR,ERR,ERR,ERR,ERR,ERR,ERR,ERR,ERR,ERR,ERR,ERR,ERR,ERR,ERR,ERR,ERR,ERR,ERR,ERR,ERR,ERR,ERR,ERR,ERR,ERR,ERR,ERR,ERR,ERR,ERR,ERR,ERR,ERR,ERR,ERR,ERR,ERR,ERR,ERR,ERR,ERR,ERR,ERR,ERR,ERR,ERR,ERR,ERR,ERR,ERR,ERR,ERR,ERR,ERR,ERR,ERR,ERR,ERR,ERR,ERR,ERR,ERR,ERR,ERR,ERR,ERR,ERR,ERR,ERR,ERR,ERR,ERR,ERR,ERR,ERR,ERR,ERR,ERR,ERR,ERR,ERR,ERR,ERR,ERR,ERR,ERR,ERR,ERR,0.0,-107615384.0,-0.0,-4.9501291711397626e+32,nan,1.3936040501711995e+18,7.805,-0.0,0,0,4,48932,6720,14723890282496.0,100,0.0,0.0,0.0,-107609184.0,0.0,0,0,0,0,0.0,0,0,0,0,0,0,0,0,0,0,0,0,0,0,0,0,0,0,0,0,0,0,0,0,0,0,0,0,0,0,0,0,0,26,51,50,76,65476,0,300,0,0,8,21553,0.0,-107605600.0,0.0,0.0,0.0,0.0,0.0,0.0,0.0,0.0,0.0,0.0,0.0,0.0,0.0,0.0,0.0,0.0,0.0,0.0,0.0,0.0,2.004,-2.004,-0.0,2.004,0.0,0.0,0.0,0.0,4816.0,-564145430724608.0,7259.0,0.0,-107615384.0,2.7184303811560617e+23,0.0,0.0,0.0,0.0,0.0,77,-0.0,0.0,0.0,0.0,0.0,0.0,0.0,0.0,0.0,0,0,0,0.0,0.0,0.0,0.0,0.0,0.0,0.0,0.0,0.0,0.0,0.0,0.0,0.0,0.0,0.0,0.0,0,-107875648.0,77,0.0,154,0.0,-101056864.0,ERR,ERR,ERR,ERR,ERR,ERR,ERR,ERR,ERR,ERR,ERR,ERR,ERR,ERR,ERR,ERR,ERR,ERR,ERR,ERR,ERR,ERR,ERR,ERR,ERR,ERR,ERR,ERR,ERR,ERR,ERR,ERR,ERR,ERR,ERR,ERR,ERR,ERR,ERR,ERR,ERR,ERR,ERR,ERR,ERR,ERR,ERR,ERR,ERR,ERR,ERR,ERR,ERR,ERR,ERR,ERR,ERR,ERR,ERR,ERR,ERR,ERR,ERR,ERR,ERR,ERR,ERR,34.0,80.0,35,0.0,0.0,0.0,0.0,0.0,0.0,0.0,0.0,0.0,0.0,0.0,0.0,0.0,0.0,0.0,0.0,65.6,0,119,58,53,65476,0,300,0,0,8,20529,65476,0,0,57672,80.0,0.0,0.0,0.0,0.0,0.0
2026-06-18T02:54:44,ERR,ERR,ERR,ERR,ERR,ERR,ERR,ERR,ERR,ERR,ERR,ERR,ERR,ERR,ERR,ERR,ERR,ERR,ERR,ERR,ERR,ERR,ERR,ERR,ERR,ERR,ERR,ERR,ERR,ERR,ERR,ERR,ERR,ERR,ERR,ERR,ERR,ERR,ERR,ERR,ERR,ERR,ERR,ERR,ERR,ERR,ERR,ERR,ERR,ERR,ERR,ERR,ERR,ERR,ERR,ERR,ERR,ERR,ERR,ERR,ERR,ERR,ERR,ERR,ERR,ERR,ERR,ERR,ERR,ERR,ERR,ERR,ERR,ERR,ERR,ERR,ERR,ERR,ERR,ERR,ERR,ERR,ERR,ERR,ERR,ERR,ERR,ERR,ERR,ERR,ERR,ERR,ERR,ERR,ERR,ERR,ERR,ERR,ERR,ERR,ERR,ERR,ERR,ERR,ERR,ERR,ERR,ERR,ERR,ERR,ERR,ERR,ERR,ERR,ERR,ERR,ERR,ERR,ERR,ERR,ERR,ERR,ERR,ERR,ERR,0.0,-107615384.0,-0.0,-4.9501291711397626e+32,nan,1.3936040501711995e+18,7.805,-0.0,0,0,4,48932,6720,14723890282496.0,100,0.0,0.0,0.0,-107609184.0,0.0,0,0,0,0,0.0,0,0,0,0,0,0,0,0,0,0,0,0,0,0,0,0,0,0,0,0,0,0,0,0,0,0,0,0,0,0,0,0,0,26,51,50,76,65476,0,300,0,0,8,21553,0.0,-107605600.0,0.0,0.0,0.0,0.0,0.0,0.0,0.0,0.0,0.0,0.0,0.0,0.0,0.0,0.0,0.0,0.0,0.0,0.0,0.0,0.0,2.004,-2.004,-0.0,2.004,0.0,0.0,0.0,0.0,4816.0,-564145430724608.0,7259.0,0.0,-107615384.0,2.7184303811560617e+23,0.0,0.0,0.0,0.0,0.0,77,-0.0,0.0,0.0,0.0,0.0,0.0,0.0,0.0,0.0,0,0,0,0.0,0.0,0.0,0.0,0.0,0.0,0.0,0.0,0.0,0.0,0.0,0.0,0.0,0.0,0.0,0.0,0,-107875648.0,77,0.0,154,0.0,-101056864.0,ERR,ERR,ERR,ERR,ERR,ERR,ERR,ERR,ERR,ERR,ERR,ERR,ERR,ERR,ERR,ERR,ERR,ERR,ERR,ERR,ERR,ERR,ERR,ERR,ERR,ERR,ERR,ERR,ERR,ERR,ERR,ERR,ERR,ERR,ERR,ERR,ERR,ERR,ERR,ERR,ERR,ERR,ERR,ERR,ERR,ERR,ERR,ERR,ERR,ERR,ERR,ERR,ERR,ERR,ERR,ERR,ERR,ERR,ERR,ERR,ERR,ERR,ERR,ERR,ERR,ERR,ERR,34.0,80.0,35,0.0,0.0,0.0,0.0,0.0,0.0,0.0,0.0,0.0,0.0,0.0,0.0,0.0,0.0,0.0,0.0,65.6,0,119,58,53,65476,0,300,0,0,8,20529,65476,0,0,57672,80.0,0.0,0.0,0.0,0.0,0.0
2026-06-18T02:54:45,ERR,ERR,ERR,ERR,ERR,ERR,ERR,ERR,ERR,ERR,ERR,ERR,ERR,ERR,ERR,ERR,ERR,ERR,ERR,ERR,ERR,ERR,ERR,ERR,ERR,ERR,ERR,ERR,ERR,ERR,ERR,ERR,ERR,ERR,ERR,ERR,ERR,ERR,ERR,ERR,ERR,ERR,ERR,ERR,ERR,ERR,ERR,ERR,ERR,ERR,ERR,ERR,ERR,ERR,ERR,ERR,ERR,ERR,ERR,ERR,ERR,ERR,ERR,ERR,ERR,ERR,ERR,ERR,ERR,ERR,ERR,ERR,ERR,ERR,ERR,ERR,ERR,ERR,ERR,ERR,ERR,ERR,ERR,ERR,ERR,ERR,ERR,ERR,ERR,ERR,ERR,ERR,ERR,ERR,ERR,ERR,ERR,ERR,ERR,ERR,ERR,ERR,ERR,ERR,ERR,ERR,ERR,ERR,ERR,ERR,ERR,ERR,ERR,ERR,ERR,ERR,ERR,ERR,ERR,ERR,ERR,ERR,ERR,ERR,ERR,0.0,-107615384.0,-0.0,-4.9501291711397626e+32,nan,1.3936040501711995e+18,7.805,-0.0,0,0,4,48932,6720,14723890282496.0,100,0.0,0.0,0.0,-107609184.0,0.0,0,0,0,0,0.0,0,0,0,0,0,0,0,0,0,0,0,0,0,0,0,0,0,0,0,0,0,0,0,0,0,0,0,0,0,0,0,0,0,26,51,50,76,65476,0,300,0,0,8,21553,0.0,-107605600.0,0.0,0.0,0.0,0.0,0.0,0.0,0.0,0.0,0.0,0.0,0.0,0.0,0.0,0.0,0.0,0.0,0.0,0.0,0.0,0.0,2.004,-2.004,-0.0,2.004,0.0,0.0,0.0,0.0,4816.0,-564145430724608.0,7259.0,0.0,-107615384.0,2.7184303811560617e+23,0.0,0.0,0.0,0.0,0.0,77,-0.0,0.0,0.0,0.0,0.0,0.0,0.0,0.0,0.0,0,0,0,0.0,0.0,0.0,0.0,0.0,0.0,0.0,0.0,0.0,0.0,0.0,0.0,0.0,0.0,0.0,0.0,0,-107875648.0,77,0.0,154,0.0,-101056864.0,ERR,ERR,ERR,ERR,ERR,ERR,ERR,ERR,ERR,ERR,ERR,ERR,ERR,ERR,ERR,ERR,ERR,ERR,ERR,ERR,ERR,ERR,ERR,ERR,ERR,ERR,ERR,ERR,ERR,ERR,ERR,ERR,ERR,ERR,ERR,ERR,ERR,ERR,ERR,ERR,ERR,ERR,ERR,ERR,ERR,ERR,ERR,ERR,ERR,ERR,ERR,ERR,ERR,ERR,ERR,ERR,ERR,ERR,ERR,ERR,ERR,ERR,ERR,ERR,ERR,ERR,ERR,34.0,80.0,35,0.0,0.0,0.0,0.0,0.0,0.0,0.0,0.0,0.0,0.0,0.0,0.0,0.0,0.0,0.0,0.0,65.6,0,119,58,53,65476,0,300,0,0,8,20529,65476,0,0,57672,80.0,0.0,0.0,0.0,0.0,0.0
2026-06-18T02:54:46,ERR,ERR,ERR,ERR,ERR,ERR,ERR,ERR,ERR,ERR,ERR,ERR,ERR,ERR,ERR,ERR,ERR,ERR,ERR,ERR,ERR,ERR,ERR,ERR,ERR,ERR,ERR,ERR,ERR,ERR,ERR,ERR,ERR,ERR,ERR,ERR,ERR,ERR,ERR,ERR,ERR,ERR,ERR,ERR,ERR,ERR,ERR,ERR,ERR,ERR,ERR,ERR,ERR,ERR,ERR,ERR,ERR,ERR,ERR,ERR,ERR,ERR,ERR,ERR,ERR,ERR,ERR,ERR,ERR,ERR,ERR,ERR,ERR,ERR,ERR,ERR,ERR,ERR,ERR,ERR,ERR,ERR,ERR,ERR,ERR,ERR,ERR,ERR,ERR,ERR,ERR,ERR,ERR,ERR,ERR,ERR,ERR,ERR,ERR,ERR,ERR,ERR,ERR,ERR,ERR,ERR,ERR,ERR,ERR,ERR,ERR,ERR,ERR,ERR,ERR,ERR,ERR,ERR,ERR,ERR,ERR,ERR,ERR,ERR,ERR,0.0,-107615384.0,-0.0,-4.9501291711397626e+32,nan,1.3936040501711995e+18,7.805,-0.0,0,0,4,48932,6720,14723890282496.0,100,0.0,0.0,0.0,-107609184.0,0.0,0,0,0,0,0.0,0,0,0,0,0,0,0,0,0,0,0,0,0,0,0,0,0,0,0,0,0,0,0,0,0,0,0,0,0,0,0,0,0,26,51,50,76,65476,0,300,0,0,8,21553,0.0,-107605600.0,0.0,0.0,0.0,0.0,0.0,0.0,0.0,0.0,0.0,0.0,0.0,0.0,0.0,0.0,0.0,0.0,0.0,0.0,0.0,0.0,2.004,-2.004,-0.0,2.004,0.0,0.0,0.0,0.0,4816.0,-564145430724608.0,7259.0,0.0,-107615384.0,2.7184303811560617e+23,0.0,0.0,0.0,0.0,0.0,77,-0.0,0.0,0.0,0.0,0.0,0.0,0.0,0.0,0.0,0,0,0,0.0,0.0,0.0,0.0,0.0,0.0,0.0,0.0,0.0,0.0,0.0,0.0,0.0,0.0,0.0,0.0,0,-107875648.0,77,0.0,154,0.0,-101056864.0,ERR,ERR,ERR,ERR,ERR,ERR,ERR,ERR,ERR,ERR,ERR,ERR,ERR,ERR,ERR,ERR,ERR,ERR,ERR,ERR,ERR,ERR,ERR,ERR,ERR,ERR,ERR,ERR,ERR,ERR,ERR,ERR,ERR,ERR,ERR,ERR,ERR,ERR,ERR,ERR,ERR,ERR,ERR,ERR,ERR,ERR,ERR,ERR,ERR,ERR,ERR,ERR,ERR,ERR,ERR,ERR,ERR,ERR,ERR,ERR,ERR,ERR,ERR,ERR,ERR,ERR,ERR,34.0,80.0,35,0.0,0.0,0.0,0.0,0.0,0.0,0.0,0.0,0.0,0.0,0.0,0.0,0.0,0.0,0.0,0.0,65.6,0,119,58,53,65476,0,300,0,0,8,20529,65476,0,0,57672,80.0,0.0,0.0,0.0,0.0,0.0
2026-06-18T02:54:47,ERR,ERR,ERR,ERR,ERR,ERR,ERR,ERR,ERR,ERR,ERR,ERR,ERR,ERR,ERR,ERR,ERR,ERR,ERR,ERR,ERR,ERR,ERR,ERR,ERR,ERR,ERR,ERR,ERR,ERR,ERR,ERR,ERR,ERR,ERR,ERR,ERR,ERR,ERR,ERR,ERR,ERR,ERR,ERR,ERR,ERR,ERR,ERR,ERR,ERR,ERR,ERR,ERR,ERR,ERR,ERR,ERR,ERR,ERR,ERR,ERR,ERR,ERR,ERR,ERR,ERR,ERR,ERR,ERR,ERR,ERR,ERR,ERR,ERR,ERR,ERR,ERR,ERR,ERR,ERR,ERR,ERR,ERR,ERR,ERR,ERR,ERR,ERR,ERR,ERR,ERR,ERR,ERR,ERR,ERR,ERR,ERR,ERR,ERR,ERR,ERR,ERR,ERR,ERR,ERR,ERR,ERR,ERR,ERR,ERR,ERR,ERR,ERR,ERR,ERR,ERR,ERR,ERR,ERR,ERR,ERR,ERR,ERR,ERR,ERR,0.0,-107615384.0,-0.0,-4.9501291711397626e+32,nan,1.3936040501711995e+18,7.805,-0.0,0,0,4,48932,6720,14723890282496.0,100,0.0,0.0,0.0,-4.9501291711397626e+32,0.0,0,0,0,0,0.0,0,0,0,0,0,0,0,0,0,0,0,0,0,0,0,0,0,0,0,0,0,0,0,0,0,0,0,0,0,0,0,0,0,26,51,50,76,65476,0,300,0,0,8,21553,0.0,-107605600.0,0.0,0.0,0.0,0.0,0.0,0.0,0.0,0.0,0.0,0.0,0.0,0.0,0.0,0.0,0.0,0.0,0.0,0.0,0.0,0.0,2.004,-2.004,-0.0,2.004,0.0,0.0,0.0,0.0,4816.0,-564145430724608.0,7257.0,0.0,-107615384.0,2.7184303811560617e+23,0.0,0.0,0.0,0.0,0.0,77,-0.0,0.0,0.0,0.0,0.0,0.0,0.0,0.0,0.0,0,0,0,0.0,0.0,0.0,0.0,0.0,0.0,0.0,0.0,0.0,0.0,0.0,0.0,0.0,0.0,0.0,0.0,0,-107875648.0,77,0.0,154,0.0,-101056864.0,ERR,ERR,ERR,ERR,ERR,ERR,ERR,ERR,ERR,ERR,ERR,ERR,ERR,ERR,ERR,ERR,ERR,ERR,ERR,ERR,ERR,ERR,ERR,ERR,ERR,ERR,ERR,ERR,ERR,ERR,ERR,ERR,ERR,ERR,ERR,ERR,ERR,ERR,ERR,ERR,ERR,ERR,ERR,ERR,ERR,ERR,ERR,ERR,ERR,ERR,ERR,ERR,ERR,ERR,ERR,ERR,ERR,ERR,ERR,ERR,ERR,ERR,ERR,ERR,ERR,ERR,ERR,34.0,80.0,35,0.0,0.0,0.0,0.0,0.0,0.0,0.0,0.0,0.0,0.0,0.0,0.0,0.0,0.0,0.0,0.0,65.6,0,119,58,53,65476,0,300,0,0,8,20529,65476,0,0,57672,80.0,0.0,0.0,0.0,0.0,0.0
2026-06-18T02:54:48,ERR,ERR,ERR,ERR,ERR,ERR,ERR,ERR,ERR,ERR,ERR,ERR,ERR,ERR,ERR,ERR,ERR,ERR,ERR,ERR,ERR,ERR,ERR,ERR,ERR,ERR,ERR,ERR,ERR,ERR,ERR,ERR,ERR,ERR,ERR,ERR,ERR,ERR,ERR,ERR,ERR,ERR,ERR,ERR,ERR,ERR,ERR,ERR,ERR,ERR,ERR,ERR,ERR,ERR,ERR,ERR,ERR,ERR,ERR,ERR,ERR,ERR,ERR,ERR,ERR,ERR,ERR,ERR,ERR,ERR,ERR,ERR,ERR,ERR,ERR,ERR,ERR,ERR,ERR,ERR,ERR,ERR,ERR,ERR,ERR,ERR,ERR,ERR,ERR,ERR,ERR,ERR,ERR,ERR,ERR,ERR,ERR,ERR,ERR,ERR,ERR,ERR,ERR,ERR,ERR,ERR,ERR,ERR,ERR,ERR,ERR,ERR,ERR,ERR,ERR,ERR,ERR,ERR,ERR,ERR,ERR,ERR,ERR,ERR,ERR,0.0,-107615384.0,-0.0,-4.9501291711397626e+32,nan,1.3936040501711995e+18,7.805,-0.0,0,0,4,48932,6720,14723890282496.0,100,0.0,0.0,0.0,-4.9501291711397626e+32,0.0,0,0,0,0,0.0,0,0,0,0,0,0,0,0,0,0,0,0,0,0,0,0,0,0,0,0,0,0,0,0,0,0,0,0,0,0,0,0,0,26,51,50,76,65476,0,300,0,0,8,21553,0.0,-107605600.0,0.0,0.0,0.0,0.0,0.0,0.0,0.0,0.0,0.0,0.0,0.0,0.0,0.0,0.0,0.0,0.0,0.0,0.0,0.0,0.0,2.004,-2.004,-0.0,2.004,0.0,0.0,0.0,0.0,4816.0,-564145430724608.0,7257.0,0.0,-107615384.0,2.7184303811560617e+23,0.0,0.0,0.0,0.0,0.0,77,-0.0,0.0,0.0,0.0,0.0,0.0,0.0,0.0,0.0,0,0,0,0.0,0.0,0.0,0.0,0.0,0.0,0.0,0.0,0.0,0.0,0.0,0.0,0.0,0.0,0.0,0.0,0,-107875648.0,77,0.0,154,0.0,-101056864.0,ERR,ERR,ERR,ERR,ERR,ERR,ERR,ERR,ERR,ERR,ERR,ERR,ERR,ERR,ERR,ERR,ERR,ERR,ERR,ERR,ERR,ERR,ERR,ERR,ERR,ERR,ERR,ERR,ERR,ERR,ERR,ERR,ERR,ERR,ERR,ERR,ERR,ERR,ERR,ERR,ERR,ERR,ERR,ERR,ERR,ERR,ERR,ERR,ERR,ERR,ERR,ERR,ERR,ERR,ERR,ERR,ERR,ERR,ERR,ERR,ERR,ERR,ERR,ERR,ERR,ERR,ERR,34.0,80.0,35,0.0,0.0,0.0,0.0,0.0,0.0,0.0,0.0,0.0,0.0,0.0,0.0,0.0,0.0,0.0,0.0,65.6,0,119,58,53,65476,0,300,0,0,8,20529,65476,0,0,57672,80.0,0.0,0.0,0.0,0.0,0.0
2026-06-18T02:54:49,ERR,ERR,ERR,ERR,ERR,ERR,ERR,ERR,ERR,ERR,ERR,ERR,ERR,ERR,ERR,ERR,ERR,ERR,ERR,ERR,ERR,ERR,ERR,ERR,ERR,ERR,ERR,ERR,ERR,ERR,ERR,ERR,ERR,ERR,ERR,ERR,ERR,ERR,ERR,ERR,ERR,ERR,ERR,ERR,ERR,ERR,ERR,ERR,ERR,ERR,ERR,ERR,ERR,ERR,ERR,ERR,ERR,ERR,ERR,ERR,ERR,ERR,ERR,ERR,ERR,ERR,ERR,ERR,ERR,ERR,ERR,ERR,ERR,ERR,ERR,ERR,ERR,ERR,ERR,ERR,ERR,ERR,ERR,ERR,ERR,ERR,ERR,ERR,ERR,ERR,ERR,ERR,ERR,ERR,ERR,ERR,ERR,ERR,ERR,ERR,ERR,ERR,ERR,ERR,ERR,ERR,ERR,ERR,ERR,ERR,ERR,ERR,ERR,ERR,ERR,ERR,ERR,ERR,ERR,ERR,ERR,ERR,ERR,ERR,ERR,0.0,-107615384.0,-0.0,-4.9501291711397626e+32,nan,1.3936040501711995e+18,7.805,-0.0,0,0,4,48932,6720,14723890282496.0,100,0.0,0.0,0.0,-4.9501291711397626e+32,0.0,0,0,0,0,0.0,0,0,0,0,0,0,0,0,0,0,0,0,0,0,0,0,0,0,0,0,0,0,0,0,0,0,0,0,0,0,0,0,0,26,51,50,76,65476,0,300,0,0,8,21553,0.0,-107605600.0,0.0,0.0,0.0,0.0,0.0,0.0,0.0,0.0,0.0,0.0,0.0,0.0,0.0,0.0,0.0,0.0,0.0,0.0,0.0,0.0,2.004,-2.004,-0.0,2.004,0.0,0.0,0.0,0.0,4816.0,-564145430724608.0,7257.0,0.0,-107615384.0,2.7184303811560617e+23,0.0,0.0,0.0,0.0,0.0,77,-0.0,0.0,0.0,0.0,0.0,0.0,0.0,0.0,0.0,0,0,0,0.0,0.0,0.0,0.0,0.0,0.0,0.0,0.0,0.0,0.0,0.0,0.0,0.0,0.0,0.0,0.0,0,-107875648.0,77,0.0,154,0.0,-101056864.0,ERR,ERR,ERR,ERR,ERR,ERR,ERR,ERR,ERR,ERR,ERR,ERR,ERR,ERR,ERR,ERR,ERR,ERR,ERR,ERR,ERR,ERR,ERR,ERR,ERR,ERR,ERR,ERR,ERR,ERR,ERR,ERR,ERR,ERR,ERR,ERR,ERR,ERR,ERR,ERR,ERR,ERR,ERR,ERR,ERR,ERR,ERR,ERR,ERR,ERR,ERR,ERR,ERR,ERR,ERR,ERR,ERR,ERR,ERR,ERR,ERR,ERR,ERR,ERR,ERR,ERR,ERR,34.0,80.0,35,0.0,0.0,0.0,0.0,0.0,0.0,0.0,0.0,0.0,0.0,0.0,0.0,0.0,0.0,0.0,0.0,65.6,0,119,58,53,65476,0,300,0,0,8,20529,65476,0,0,57672,80.0,0.0,0.0,0.0,0.0,0.0
2026-06-18T02:54:50,ERR,ERR,ERR,ERR,ERR,ERR,ERR,ERR,ERR,ERR,ERR,ERR,ERR,ERR,ERR,ERR,ERR,ERR,ERR,ERR,ERR,ERR,ERR,ERR,ERR,ERR,ERR,ERR,ERR,ERR,ERR,ERR,ERR,ERR,ERR,ERR,ERR,ERR,ERR,ERR,ERR,ERR,ERR,ERR,ERR,ERR,ERR,ERR,ERR,ERR,ERR,ERR,ERR,ERR,ERR,ERR,ERR,ERR,ERR,ERR,ERR,ERR,ERR,ERR,ERR,ERR,ERR,ERR,ERR,ERR,ERR,ERR,ERR,ERR,ERR,ERR,ERR,ERR,ERR,ERR,ERR,ERR,ERR,ERR,ERR,ERR,ERR,ERR,ERR,ERR,ERR,ERR,ERR,ERR,ERR,ERR,ERR,ERR,ERR,ERR,ERR,ERR,ERR,ERR,ERR,ERR,ERR,ERR,ERR,ERR,ERR,ERR,ERR,ERR,ERR,ERR,ERR,ERR,ERR,ERR,ERR,ERR,ERR,ERR,ERR,0.0,-107615384.0,-0.0,-4.9501291711397626e+32,nan,1.3936040501711995e+18,7.805,-0.0,0,0,4,48932,6720,14723890282496.0,100,0.0,0.0,0.0,-4.9501291711397626e+32,0.0,0,0,0,0,0.0,0,0,0,0,0,0,0,0,0,0,0,0,0,0,0,0,0,0,0,0,0,0,0,0,0,0,0,0,0,0,0,0,0,26,51,50,76,65476,0,300,0,0,8,21553,0.0,-107605600.0,0.0,0.0,0.0,0.0,0.0,0.0,0.0,0.0,0.0,0.0,0.0,0.0,0.0,0.0,0.0,0.0,0.0,0.0,0.0,0.0,2.004,-2.004,-0.0,2.004,0.0,0.0,0.0,0.0,4816.0,-564145430724608.0,7257.0,0.0,-107615384.0,2.7184303811560617e+23,0.0,0.0,0.0,0.0,0.0,77,-0.0,0.0,0.0,0.0,0.0,0.0,0.0,0.0,0.0,0,0,0,0.0,0.0,0.0,0.0,0.0,0.0,0.0,0.0,0.0,0.0,0.0,0.0,0.0,0.0,0.0,0.0,0,-107875648.0,77,0.0,154,0.0,-101056864.0,ERR,ERR,ERR,ERR,ERR,ERR,ERR,ERR,ERR,ERR,ERR,ERR,ERR,ERR,ERR,ERR,ERR,ERR,ERR,ERR,ERR,ERR,ERR,ERR,ERR,ERR,ERR,ERR,ERR,ERR,ERR,ERR,ERR,ERR,ERR,ERR,ERR,ERR,ERR,ERR,ERR,ERR,ERR,ERR,ERR,ERR,ERR,ERR,ERR,ERR,ERR,ERR,ERR,ERR,ERR,ERR,ERR,ERR,ERR,ERR,ERR,ERR,ERR,ERR,ERR,ERR,ERR,34.0,80.0,35,0.0,0.0,0.0,0.0,0.0,0.0,0.0,0.0,0.0,0.0,0.0,0.0,0.0,0.0,0.0,0.0,65.6,0,119,58,53,65476,0,300,0,0,8,20529,65476,0,0,57672,80.0,0.0,0.0,0.0,0.0,0.0
2026-06-18T02:54:51,ERR,ERR,ERR,ERR,ERR,ERR,ERR,ERR,ERR,ERR,ERR,ERR,ERR,ERR,ERR,ERR,ERR,ERR,ERR,ERR,ERR,ERR,ERR,ERR,ERR,ERR,ERR,ERR,ERR,ERR,ERR,ERR,ERR,ERR,ERR,ERR,ERR,ERR,ERR,ERR,ERR,ERR,ERR,ERR,ERR,ERR,ERR,ERR,ERR,ERR,ERR,ERR,ERR,ERR,ERR,ERR,ERR,ERR,ERR,ERR,ERR,ERR,ERR,ERR,ERR,ERR,ERR,ERR,ERR,ERR,ERR,ERR,ERR,ERR,ERR,ERR,ERR,ERR,ERR,ERR,ERR,ERR,ERR,ERR,ERR,ERR,ERR,ERR,ERR,ERR,ERR,ERR,ERR,ERR,ERR,ERR,ERR,ERR,ERR,ERR,ERR,ERR,ERR,ERR,ERR,ERR,ERR,ERR,ERR,ERR,ERR,ERR,ERR,ERR,ERR,ERR,ERR,ERR,ERR,ERR,ERR,ERR,ERR,ERR,ERR,0.0,-107615384.0,-0.0,-4.9501291711397626e+32,nan,1.3936040501711995e+18,7.805,-0.0,0,0,4,48932,6720,14723890282496.0,100,0.0,0.0,0.0,-4.9501291711397626e+32,0.0,0,0,0,0,0.0,0,0,0,0,0,0,0,0,0,0,0,0,0,0,0,0,0,0,0,0,0,0,0,0,0,0,0,0,0,0,0,0,0,26,51,50,76,65476,0,300,0,0,8,21553,0.0,-107605600.0,0.0,0.0,0.0,0.0,0.0,0.0,0.0,0.0,0.0,0.0,0.0,0.0,0.0,0.0,0.0,0.0,0.0,0.0,0.0,0.0,2.004,-2.004,-0.0,2.004,0.0,0.0,0.0,0.0,4816.0,-564145430724608.0,7257.0,0.0,-107615384.0,2.7184303811560617e+23,0.0,0.0,0.0,0.0,0.0,77,-0.0,0.0,0.0,0.0,0.0,0.0,0.0,0.0,0.0,0,0,0,0.0,0.0,0.0,0.0,0.0,0.0,0.0,0.0,0.0,0.0,0.0,0.0,0.0,0.0,0.0,0.0,0,-107875648.0,77,0.0,154,0.0,-101056864.0,ERR,ERR,ERR,ERR,ERR,ERR,ERR,ERR,ERR,ERR,ERR,ERR,ERR,ERR,ERR,ERR,ERR,ERR,ERR,ERR,ERR,ERR,ERR,ERR,ERR,ERR,ERR,ERR,ERR,ERR,ERR,ERR,ERR,ERR,ERR,ERR,ERR,ERR,ERR,ERR,ERR,ERR,ERR,ERR,ERR,ERR,ERR,ERR,ERR,ERR,ERR,ERR,ERR,ERR,ERR,ERR,ERR,ERR,ERR,ERR,ERR,ERR,ERR,ERR,ERR,ERR,ERR,34.0,80.0,35,0.0,0.0,0.0,0.0,0.0,0.0,0.0,0.0,0.0,0.0,0.0,0.0,0.0,0.0,0.0,0.0,65.6,0,119,58,53,65476,0,300,0,0,8,20529,65476,0,0,57672,80.0,0.0,0.0,0.0,0.0,0.0
2026-06-18T02:54:52,ERR,ERR,ERR,ERR,ERR,ERR,ERR,ERR,ERR,ERR,ERR,ERR,ERR,ERR,ERR,ERR,ERR,ERR,ERR,ERR,ERR,ERR,ERR,ERR,ERR,ERR,ERR,ERR,ERR,ERR,ERR,ERR,ERR,ERR,ERR,ERR,ERR,ERR,ERR,ERR,ERR,ERR,ERR,ERR,ERR,ERR,ERR,ERR,ERR,ERR,ERR,ERR,ERR,ERR,ERR,ERR,ERR,ERR,ERR,ERR,ERR,ERR,ERR,ERR,ERR,ERR,ERR,ERR,ERR,ERR,ERR,ERR,ERR,ERR,ERR,ERR,ERR,ERR,ERR,ERR,ERR,ERR,ERR,ERR,ERR,ERR,ERR,ERR,ERR,ERR,ERR,ERR,ERR,ERR,ERR,ERR,ERR,ERR,ERR,ERR,ERR,ERR,ERR,ERR,ERR,ERR,ERR,ERR,ERR,ERR,ERR,ERR,ERR,ERR,ERR,ERR,ERR,ERR,ERR,ERR,ERR,ERR,ERR,ERR,ERR,0.0,-107615384.0,-0.0,-4.9501291711397626e+32,nan,1.3936040501711995e+18,7.805,-0.0,0,0,4,48932,6720,14723890282496.0,100,0.0,0.0,0.0,-4.9501291711397626e+32,0.0,0,0,0,0,0.0,0,0,0,0,0,0,0,0,0,0,0,0,0,0,0,0,0,0,0,0,0,0,0,0,0,0,0,0,0,0,0,0,0,26,51,50,76,65476,0,300,0,0,8,21553,0.0,-107605600.0,0.0,0.0,0.0,0.0,0.0,0.0,0.0,0.0,0.0,0.0,0.0,0.0,0.0,0.0,0.0,0.0,0.0,0.0,0.0,0.0,2.004,-2.004,-0.0,2.004,0.0,0.0,0.0,0.0,4816.0,-564145430724608.0,7257.0,0.0,-107615384.0,2.7184303811560617e+23,0.0,0.0,0.0,0.0,0.0,77,-0.0,0.0,0.0,0.0,0.0,0.0,0.0,0.0,0.0,0,0,0,0.0,0.0,0.0,0.0,0.0,0.0,0.0,0.0,0.0,0.0,0.0,0.0,0.0,0.0,0.0,0.0,0,-107875648.0,77,0.0,154,0.0,-101056864.0,ERR,ERR,ERR,ERR,ERR,ERR,ERR,ERR,ERR,ERR,ERR,ERR,ERR,ERR,ERR,ERR,ERR,ERR,ERR,ERR,ERR,ERR,ERR,ERR,ERR,ERR,ERR,ERR,ERR,ERR,ERR,ERR,ERR,ERR,ERR,ERR,ERR,ERR,ERR,ERR,ERR,ERR,ERR,ERR,ERR,ERR,ERR,ERR,ERR,ERR,ERR,ERR,ERR,ERR,ERR,ERR,ERR,ERR,ERR,ERR,ERR,ERR,ERR,ERR,ERR,ERR,ERR,34.0,80.0,35,0.0,0.0,0.0,0.0,0.0,0.0,0.0,0.0,0.0,0.0,0.0,0.0,0.0,0.0,0.0,0.0,65.6,0,119,58,53,65476,0,300,0,0,8,20529,65476,0,0,57672,80.0,0.0,0.0,0.0,0.0,0.0
2026-06-18T02:54:53,ERR,ERR,ERR,ERR,ERR,ERR,ERR,ERR,ERR,ERR,ERR,ERR,ERR,ERR,ERR,ERR,ERR,ERR,ERR,ERR,ERR,ERR,ERR,ERR,ERR,ERR,ERR,ERR,ERR,ERR,ERR,ERR,ERR,ERR,ERR,ERR,ERR,ERR,ERR,ERR,ERR,ERR,ERR,ERR,ERR,ERR,ERR,ERR,ERR,ERR,ERR,ERR,ERR,ERR,ERR,ERR,ERR,ERR,ERR,ERR,ERR,ERR,ERR,ERR,ERR,ERR,ERR,ERR,ERR,ERR,ERR,ERR,ERR,ERR,ERR,ERR,ERR,ERR,ERR,ERR,ERR,ERR,ERR,ERR,ERR,ERR,ERR,ERR,ERR,ERR,ERR,ERR,ERR,ERR,ERR,ERR,ERR,ERR,ERR,ERR,ERR,ERR,ERR,ERR,ERR,ERR,ERR,ERR,ERR,ERR,ERR,ERR,ERR,ERR,ERR,ERR,ERR,ERR,ERR,ERR,ERR,ERR,ERR,ERR,ERR,0.0,-107615384.0,-0.0,-4.9501291711397626e+32,nan,1.3936040501711995e+18,7.805,-0.0,0,0,4,48932,6720,14723890282496.0,100,0.0,0.0,0.0,2.718290229135658e+23,0.0,0,0,0,0,0.0,0,0,0,0,0,0,0,0,0,0,0,0,0,0,0,0,0,0,0,0,0,0,0,0,0,0,0,0,0,0,0,0,0,26,51,50,76,65476,0,300,0,0,8,21553,0.0,-107605600.0,0.0,0.0,0.0,0.0,0.0,0.0,0.0,0.0,0.0,0.0,0.0,0.0,0.0,0.0,0.0,0.0,0.0,0.0,0.0,0.0,2.004,-2.004,2.004,2.004,0.0,0.0,0.0,0.0,4817.0,-0.0,7255.0,0.0,-107615384.0,0.0,0.0,0.0,0.0,0.0,0.0,77,-0.0,-3.221999815764716e+26,0.0,0.0,0.0,0.0,0.0,0.0,0.0,0,0,0,0.0,0.0,0.0,0.0,0.0,0.0,0.0,0.0,0.0,0.0,0.0,0.0,0.0,0.0,0.0,0.0,0,-107875648.0,77,0.0,154,0.0,-101056864.0,ERR,ERR,ERR,ERR,ERR,ERR,ERR,ERR,ERR,ERR,ERR,ERR,ERR,ERR,ERR,ERR,ERR,ERR,ERR,ERR,ERR,ERR,ERR,ERR,ERR,ERR,ERR,ERR,ERR,ERR,ERR,ERR,ERR,ERR,ERR,ERR,ERR,ERR,ERR,ERR,ERR,ERR,ERR,ERR,ERR,ERR,ERR,ERR,ERR,ERR,ERR,ERR,ERR,ERR,ERR,ERR,ERR,ERR,ERR,ERR,ERR,ERR,ERR,ERR,ERR,ERR,ERR,34.0,80.0,35,0.0,0.0,0.0,0.0,0.0,0.0,0.0,0.0,0.0,0.0,0.0,0.0,0.0,0.0,0.0,0.0,65.6,0,119,58,53,65476,0,300,0,0,8,20529,65476,0,0,57672,80.0,0.0,0.0,0.0,0.0,0.0
2026-06-18T02:54:54,ERR,ERR,ERR,ERR,ERR,ERR,ERR,ERR,ERR,ERR,ERR,ERR,ERR,ERR,ERR,ERR,ERR,ERR,ERR,ERR,ERR,ERR,ERR,ERR,ERR,ERR,ERR,ERR,ERR,ERR,ERR,ERR,ERR,ERR,ERR,ERR,ERR,ERR,ERR,ERR,ERR,ERR,ERR,ERR,ERR,ERR,ERR,ERR,ERR,ERR,ERR,ERR,ERR,ERR,ERR,ERR,ERR,ERR,ERR,ERR,ERR,ERR,ERR,ERR,ERR,ERR,ERR,ERR,ERR,ERR,ERR,ERR,ERR,ERR,ERR,ERR,ERR,ERR,ERR,ERR,ERR,ERR,ERR,ERR,ERR,ERR,ERR,ERR,ERR,ERR,ERR,ERR,ERR,ERR,ERR,ERR,ERR,ERR,ERR,ERR,ERR,ERR,ERR,ERR,ERR,ERR,ERR,ERR,ERR,ERR,ERR,ERR,ERR,ERR,ERR,ERR,ERR,ERR,ERR,ERR,ERR,ERR,ERR,ERR,ERR,0.0,-107615384.0,-0.0,-4.9501291711397626e+32,nan,1.3936040501711995e+18,7.805,-0.0,0,0,4,48932,6720,14723890282496.0,100,0.0,0.0,0.0,2.718290229135658e+23,0.0,0,0,0,0,0.0,0,0,0,0,0,0,0,0,0,0,0,0,0,0,0,0,0,0,0,0,0,0,0,0,0,0,0,0,0,0,0,0,0,26,51,50,76,65476,0,300,0,0,8,21553,0.0,-107605600.0,0.0,0.0,0.0,0.0,0.0,0.0,0.0,0.0,0.0,0.0,0.0,0.0,0.0,0.0,0.0,0.0,0.0,0.0,0.0,0.0,2.004,-2.004,2.004,2.004,0.0,0.0,0.0,0.0,4817.0,-0.0,7255.0,0.0,-107615384.0,0.0,0.0,0.0,0.0,0.0,0.0,77,-0.0,-3.221999815764716e+26,0.0,0.0,0.0,0.0,0.0,0.0,0.0,0,0,0,0.0,0.0,0.0,0.0,0.0,0.0,0.0,0.0,0.0,0.0,0.0,0.0,0.0,0.0,0.0,0.0,0,-107875648.0,77,0.0,154,0.0,-101056864.0,ERR,ERR,ERR,ERR,ERR,ERR,ERR,ERR,ERR,ERR,ERR,ERR,ERR,ERR,ERR,ERR,ERR,ERR,ERR,ERR,ERR,ERR,ERR,ERR,ERR,ERR,ERR,ERR,ERR,ERR,ERR,ERR,ERR,ERR,ERR,ERR,ERR,ERR,ERR,ERR,ERR,ERR,ERR,ERR,ERR,ERR,ERR,ERR,ERR,ERR,ERR,ERR,ERR,ERR,ERR,ERR,ERR,ERR,ERR,ERR,ERR,ERR,ERR,ERR,ERR,ERR,ERR,34.0,80.0,35,0.0,0.0,0.0,0.0,0.0,0.0,0.0,0.0,0.0,0.0,0.0,0.0,0.0,0.0,0.0,0.0,65.6,0,119,58,53,65476,0,300,0,0,8,20529,65476,0,0,57672,80.0,0.0,0.0,0.0,0.0,0.0
2026-06-18T02:54:55,ERR,ERR,ERR,ERR,ERR,ERR,ERR,ERR,ERR,ERR,ERR,ERR,ERR,ERR,ERR,ERR,ERR,ERR,ERR,ERR,ERR,ERR,ERR,ERR,ERR,ERR,ERR,ERR,ERR,ERR,ERR,ERR,ERR,ERR,ERR,ERR,ERR,ERR,ERR,ERR,ERR,ERR,ERR,ERR,ERR,ERR,ERR,ERR,ERR,ERR,ERR,ERR,ERR,ERR,ERR,ERR,ERR,ERR,ERR,ERR,ERR,ERR,ERR,ERR,ERR,ERR,ERR,ERR,ERR,ERR,ERR,ERR,ERR,ERR,ERR,ERR,ERR,ERR,ERR,ERR,ERR,ERR,ERR,ERR,ERR,ERR,ERR,ERR,ERR,ERR,ERR,ERR,ERR,ERR,ERR,ERR,ERR,ERR,ERR,ERR,ERR,ERR,ERR,ERR,ERR,ERR,ERR,ERR,ERR,ERR,ERR,ERR,ERR,ERR,ERR,ERR,ERR,ERR,ERR,ERR,ERR,ERR,ERR,ERR,ERR,0.0,-107615384.0,-0.0,-4.9501291711397626e+32,nan,1.3936040501711995e+18,7.805,-0.0,0,0,4,48932,6720,14723890282496.0,100,0.0,0.0,0.0,2.718290229135658e+23,0.0,0,0,0,0,0.0,0,0,0,0,0,0,0,0,0,0,0,0,0,0,0,0,0,0,0,0,0,0,0,0,0,0,0,0,0,0,0,0,0,26,51,50,76,65476,0,300,0,0,8,21553,0.0,-107605600.0,0.0,0.0,0.0,0.0,0.0,0.0,0.0,0.0,0.0,0.0,0.0,0.0,0.0,0.0,0.0,0.0,0.0,0.0,0.0,0.0,2.004,-2.004,2.004,2.004,0.0,0.0,0.0,0.0,4817.0,-0.0,7255.0,0.0,-107615384.0,0.0,0.0,0.0,0.0,0.0,0.0,77,-0.0,-3.221999815764716e+26,0.0,0.0,0.0,0.0,0.0,0.0,0.0,0,0,0,0.0,0.0,0.0,0.0,0.0,0.0,0.0,0.0,0.0,0.0,0.0,0.0,0.0,0.0,0.0,0.0,0,-107875648.0,77,0.0,154,0.0,-101056864.0,ERR,ERR,ERR,ERR,ERR,ERR,ERR,ERR,ERR,ERR,ERR,ERR,ERR,ERR,ERR,ERR,ERR,ERR,ERR,ERR,ERR,ERR,ERR,ERR,ERR,ERR,ERR,ERR,ERR,ERR,ERR,ERR,ERR,ERR,ERR,ERR,ERR,ERR,ERR,ERR,ERR,ERR,ERR,ERR,ERR,ERR,ERR,ERR,ERR,ERR,ERR,ERR,ERR,ERR,ERR,ERR,ERR,ERR,ERR,ERR,ERR,ERR,ERR,ERR,ERR,ERR,ERR,34.0,80.0,35,0.0,0.0,0.0,0.0,0.0,0.0,0.0,0.0,0.0,0.0,0.0,0.0,0.0,0.0,0.0,0.0,66.4,0,119,58,53,65476,0,300,0,0,8,20529,65476,0,0,57672,80.0,0.0,0.0,0.0,0.0,0.0
2026-06-18T02:54:56,ERR,ERR,ERR,ERR,ERR,ERR,ERR,ERR,ERR,ERR,ERR,ERR,ERR,ERR,ERR,ERR,ERR,ERR,ERR,ERR,ERR,ERR,ERR,ERR,ERR,ERR,ERR,ERR,ERR,ERR,ERR,ERR,ERR,ERR,ERR,ERR,ERR,ERR,ERR,ERR,ERR,ERR,ERR,ERR,ERR,ERR,ERR,ERR,ERR,ERR,ERR,ERR,ERR,ERR,ERR,ERR,ERR,ERR,ERR,ERR,ERR,ERR,ERR,ERR,ERR,ERR,ERR,ERR,ERR,ERR,ERR,ERR,ERR,ERR,ERR,ERR,ERR,ERR,ERR,ERR,ERR,ERR,ERR,ERR,ERR,ERR,ERR,ERR,ERR,ERR,ERR,ERR,ERR,ERR,ERR,ERR,ERR,ERR,ERR,ERR,ERR,ERR,ERR,ERR,ERR,ERR,ERR,ERR,ERR,ERR,ERR,ERR,ERR,ERR,ERR,ERR,ERR,ERR,ERR,ERR,ERR,ERR,ERR,ERR,ERR,0.0,-107615384.0,-0.0,-4.9501291711397626e+32,nan,1.3936040501711995e+18,7.805,-0.0,0,0,4,48932,6720,14723890282496.0,100,0.0,0.0,0.0,2.718290229135658e+23,0.0,0,0,0,0,0.0,0,0,0,0,0,0,0,0,0,0,0,0,0,0,0,0,0,0,0,0,0,0,0,0,0,0,0,0,0,0,0,0,0,26,51,50,76,65476,0,300,0,0,8,21553,0.0,-107605600.0,0.0,0.0,0.0,0.0,0.0,0.0,0.0,0.0,0.0,0.0,0.0,0.0,0.0,0.0,0.0,0.0,0.0,0.0,0.0,0.0,2.004,-2.004,2.004,2.004,0.0,0.0,0.0,0.0,4817.0,-0.0,7255.0,0.0,-107615384.0,0.0,0.0,0.0,0.0,0.0,0.0,77,-0.0,-3.221999815764716e+26,0.0,0.0,0.0,0.0,0.0,0.0,0.0,0,0,0,0.0,0.0,0.0,0.0,0.0,0.0,0.0,0.0,0.0,0.0,0.0,0.0,0.0,0.0,0.0,0.0,0,-107875648.0,77,0.0,154,0.0,-101056864.0,ERR,ERR,ERR,ERR,ERR,ERR,ERR,ERR,ERR,ERR,ERR,ERR,ERR,ERR,ERR,ERR,ERR,ERR,ERR,ERR,ERR,ERR,ERR,ERR,ERR,ERR,ERR,ERR,ERR,ERR,ERR,ERR,ERR,ERR,ERR,ERR,ERR,ERR,ERR,ERR,ERR,ERR,ERR,ERR,ERR,ERR,ERR,ERR,ERR,ERR,ERR,ERR,ERR,ERR,ERR,ERR,ERR,ERR,ERR,ERR,ERR,ERR,ERR,ERR,ERR,ERR,ERR,34.0,80.0,35,0.0,0.0,0.0,0.0,0.0,0.0,0.0,0.0,0.0,0.0,0.0,0.0,0.0,0.0,0.0,0.0,65.6,0,119,58,53,65476,0,300,0,0,8,20529,65476,0,0,57672,80.0,0.0,0.0,0.0,0.0,0.0
2026-06-18T02:54:57,ERR,ERR,ERR,ERR,ERR,ERR,ERR,ERR,ERR,ERR,ERR,ERR,ERR,ERR,ERR,ERR,ERR,ERR,ERR,ERR,ERR,ERR,ERR,ERR,ERR,ERR,ERR,ERR,ERR,ERR,ERR,ERR,ERR,ERR,ERR,ERR,ERR,ERR,ERR,ERR,ERR,ERR,ERR,ERR,ERR,ERR,ERR,ERR,ERR,ERR,ERR,ERR,ERR,ERR,ERR,ERR,ERR,ERR,ERR,ERR,ERR,ERR,ERR,ERR,ERR,ERR,ERR,ERR,ERR,ERR,ERR,ERR,ERR,ERR,ERR,ERR,ERR,ERR,ERR,ERR,ERR,ERR,ERR,ERR,ERR,ERR,ERR,ERR,ERR,ERR,ERR,ERR,ERR,ERR,ERR,ERR,ERR,ERR,ERR,ERR,ERR,ERR,ERR,ERR,ERR,ERR,ERR,ERR,ERR,ERR,ERR,ERR,ERR,ERR,ERR,ERR,ERR,ERR,ERR,ERR,ERR,ERR,ERR,ERR,ERR,0.0,-107615384.0,-0.0,-4.9501291711397626e+32,nan,1.3936040501711995e+18,7.805,-0.0,0,0,4,48932,6720,14723890282496.0,100,0.0,0.0,0.0,2.718290229135658e+23,0.0,0,0,0,0,0.0,0,0,0,0,0,0,0,0,0,0,0,0,0,0,0,0,0,0,0,0,0,0,0,0,0,0,0,0,0,0,0,0,0,26,51,50,76,65476,0,300,0,0,8,21553,0.0,-107605600.0,0.0,0.0,0.0,0.0,0.0,0.0,0.0,0.0,0.0,0.0,0.0,0.0,0.0,0.0,0.0,0.0,0.0,0.0,0.0,0.0,2.004,-2.004,2.004,2.004,0.0,0.0,0.0,0.0,4817.0,-0.0,7255.0,0.0,-107615384.0,0.0,0.0,0.0,0.0,0.0,0.0,77,-0.0,-3.221999815764716e+26,0.0,0.0,0.0,0.0,0.0,0.0,0.0,0,0,0,0.0,0.0,0.0,0.0,0.0,0.0,0.0,0.0,0.0,0.0,0.0,0.0,0.0,0.0,0.0,0.0,0,-107875648.0,77,0.0,154,0.0,-101056864.0,ERR,ERR,ERR,ERR,ERR,ERR,ERR,ERR,ERR,ERR,ERR,ERR,ERR,ERR,ERR,ERR,ERR,ERR,ERR,ERR,ERR,ERR,ERR,ERR,ERR,ERR,ERR,ERR,ERR,ERR,ERR,ERR,ERR,ERR,ERR,ERR,ERR,ERR,ERR,ERR,ERR,ERR,ERR,ERR,ERR,ERR,ERR,ERR,ERR,ERR,ERR,ERR,ERR,ERR,ERR,ERR,ERR,ERR,ERR,ERR,ERR,ERR,ERR,ERR,ERR,ERR,ERR,34.0,80.0,35,0.0,0.0,0.0,0.0,0.0,0.0,0.0,0.0,0.0,0.0,0.0,0.0,0.0,0.0,0.0,0.0,65.6,0,119,58,53,65476,0,300,0,0,8,20529,65476,0,0,57672,80.0,0.0,0.0,0.0,0.0,0.0
2026-06-18T02:54:58,ERR,ERR,ERR,ERR,ERR,ERR,ERR,ERR,ERR,ERR,ERR,ERR,ERR,ERR,ERR,ERR,ERR,ERR,ERR,ERR,ERR,ERR,ERR,ERR,ERR,ERR,ERR,ERR,ERR,ERR,ERR,ERR,ERR,ERR,ERR,ERR,ERR,ERR,ERR,ERR,ERR,ERR,ERR,ERR,ERR,ERR,ERR,ERR,ERR,ERR,ERR,ERR,ERR,ERR,ERR,ERR,ERR,ERR,ERR,ERR,ERR,ERR,ERR,ERR,ERR,ERR,ERR,ERR,ERR,ERR,ERR,ERR,ERR,ERR,ERR,ERR,ERR,ERR,ERR,ERR,ERR,ERR,ERR,ERR,ERR,ERR,ERR,ERR,ERR,ERR,ERR,ERR,ERR,ERR,ERR,ERR,ERR,ERR,ERR,ERR,ERR,ERR,ERR,ERR,ERR,ERR,ERR,ERR,ERR,ERR,ERR,ERR,ERR,ERR,ERR,ERR,ERR,ERR,ERR,ERR,ERR,ERR,ERR,ERR,ERR,0.0,-107615384.0,-0.0,0.0,nan,1.3936040501711995e+18,7.805,118629576.0,0,0,4,48933,6720,14723890282496.0,100,0.0,0.0,0.0,0.059,0.0,0,0,0,0,0.0,0,0,0,0,0,0,0,0,0,0,0,0,0,0,0,0,0,0,0,0,0,0,0,0,0,0,0,0,0,0,0,0,0,26,51,50,76,65476,0,300,0,0,8,21553,0.0,-107605600.0,0.0,0.0,0.0,0.0,0.0,0.0,0.0,0.0,0.0,0.0,0.0,0.0,0.0,0.0,0.0,0.0,0.0,0.0,0.0,0.0,2.004,-2.004,2.004,2.004,0.0,0.0,0.0,0.0,4817.0,-0.0,7254.0,0.0,-107615384.0,0.0,0.0,0.0,0.0,0.0,0.0,77,-0.0,-2.308826643966827e+20,0.0,0.0,0.0,0.0,0.0,0.0,0.0,0,0,0,0.0,0.0,0.0,0.0,0.0,0.0,0.0,0.0,0.0,0.0,0.0,0.0,0.0,0.0,0.0,0.0,0,-107875648.0,77,0.0,154,0.0,-101056864.0,ERR,ERR,ERR,ERR,ERR,ERR,ERR,ERR,ERR,ERR,ERR,ERR,ERR,ERR,ERR,ERR,ERR,ERR,ERR,ERR,ERR,ERR,ERR,ERR,ERR,ERR,ERR,ERR,ERR,ERR,ERR,ERR,ERR,ERR,ERR,ERR,ERR,ERR,ERR,ERR,ERR,ERR,ERR,ERR,ERR,ERR,ERR,ERR,ERR,ERR,ERR,ERR,ERR,ERR,ERR,ERR,ERR,ERR,ERR,ERR,ERR,ERR,ERR,ERR,ERR,ERR,ERR,34.0,80.0,35,0.0,0.0,0.0,0.0,0.0,0.0,0.0,0.0,0.0,0.0,0.0,0.0,0.0,0.0,0.0,0.0,65.6,0,119,58,53,65476,0,300,0,0,8,20529,65476,0,0,57672,80.0,0.0,0.0,0.0,0.0,0.0
2026-06-18T02:54:59,ERR,ERR,ERR,ERR,ERR,ERR,ERR,ERR,ERR,ERR,ERR,ERR,ERR,ERR,ERR,ERR,ERR,ERR,ERR,ERR,ERR,ERR,ERR,ERR,ERR,ERR,ERR,ERR,ERR,ERR,ERR,ERR,ERR,ERR,ERR,ERR,ERR,ERR,ERR,ERR,ERR,ERR,ERR,ERR,ERR,ERR,ERR,ERR,ERR,ERR,ERR,ERR,ERR,ERR,ERR,ERR,ERR,ERR,ERR,ERR,ERR,ERR,ERR,ERR,ERR,ERR,ERR,ERR,ERR,ERR,ERR,ERR,ERR,ERR,ERR,ERR,ERR,ERR,ERR,ERR,ERR,ERR,ERR,ERR,ERR,ERR,ERR,ERR,ERR,ERR,ERR,ERR,ERR,ERR,ERR,ERR,ERR,ERR,ERR,ERR,ERR,ERR,ERR,ERR,ERR,ERR,ERR,ERR,ERR,ERR,ERR,ERR,ERR,ERR,ERR,ERR,ERR,ERR,ERR,ERR,ERR,ERR,ERR,ERR,ERR,0.0,-107615384.0,-0.0,0.0,nan,1.3936040501711995e+18,7.805,118629576.0,0,0,4,48933,6720,14723890282496.0,100,0.0,0.0,0.0,0.059,0.0,0,0,0,0,0.0,0,0,0,0,0,0,0,0,0,0,0,0,0,0,0,0,0,0,0,0,0,0,0,0,0,0,0,0,0,0,0,0,0,26,51,50,76,65476,0,300,0,0,8,21553,0.0,-107605600.0,0.0,0.0,0.0,0.0,0.0,0.0,0.0,0.0,0.0,0.0,0.0,0.0,0.0,0.0,0.0,0.0,0.0,0.0,0.0,0.0,2.004,-2.004,2.004,2.004,0.0,0.0,0.0,0.0,4817.0,-0.0,7254.0,0.0,-107615384.0,0.0,0.0,0.0,0.0,0.0,0.0,77,-0.0,-2.308826643966827e+20,0.0,0.0,0.0,0.0,0.0,0.0,0.0,0,0,0,0.0,0.0,0.0,0.0,0.0,0.0,0.0,0.0,0.0,0.0,0.0,0.0,0.0,0.0,0.0,0.0,0,-107875648.0,77,0.0,154,0.0,-101056864.0,ERR,ERR,ERR,ERR,ERR,ERR,ERR,ERR,ERR,ERR,ERR,ERR,ERR,ERR,ERR,ERR,ERR,ERR,ERR,ERR,ERR,ERR,ERR,ERR,ERR,ERR,ERR,ERR,ERR,ERR,ERR,ERR,ERR,ERR,ERR,ERR,ERR,ERR,ERR,ERR,ERR,ERR,ERR,ERR,ERR,ERR,ERR,ERR,ERR,ERR,ERR,ERR,ERR,ERR,ERR,ERR,ERR,ERR,ERR,ERR,ERR,ERR,ERR,ERR,ERR,ERR,ERR,34.0,80.0,35,0.0,0.0,0.0,0.0,0.0,0.0,0.0,0.0,0.0,0.0,0.0,0.0,0.0,0.0,0.0,0.0,65.6,0,119,58,53,65476,0,300,0,0,8,20529,65476,0,0,57672,80.0,0.0,0.0,0.0,0.0,0.0
2026-06-18T02:55:00,ERR,ERR,ERR,ERR,ERR,ERR,ERR,ERR,ERR,ERR,ERR,ERR,ERR,ERR,ERR,ERR,ERR,ERR,ERR,ERR,ERR,ERR,ERR,ERR,ERR,ERR,ERR,ERR,ERR,ERR,ERR,ERR,ERR,ERR,ERR,ERR,ERR,ERR,ERR,ERR,ERR,ERR,ERR,ERR,ERR,ERR,ERR,ERR,ERR,ERR,ERR,ERR,ERR,ERR,ERR,ERR,ERR,ERR,ERR,ERR,ERR,ERR,ERR,ERR,ERR,ERR,ERR,ERR,ERR,ERR,ERR,ERR,ERR,ERR,ERR,ERR,ERR,ERR,ERR,ERR,ERR,ERR,ERR,ERR,ERR,ERR,ERR,ERR,ERR,ERR,ERR,ERR,ERR,ERR,ERR,ERR,ERR,ERR,ERR,ERR,ERR,ERR,ERR,ERR,ERR,ERR,ERR,ERR,ERR,ERR,ERR,ERR,ERR,ERR,ERR,ERR,ERR,ERR,ERR,ERR,ERR,ERR,ERR,ERR,ERR,0.0,-107615384.0,-0.0,0.0,nan,1.3936040501711995e+18,7.805,118629576.0,0,0,4,48933,6720,14723890282496.0,100,0.0,0.0,0.0,0.059,0.0,0,0,0,0,0.0,0,0,0,0,0,0,0,0,0,0,0,0,0,0,0,0,0,0,0,0,0,0,0,0,0,0,0,0,0,0,0,0,0,26,51,50,76,65476,0,300,0,0,8,21553,0.0,-107605600.0,0.0,0.0,0.0,0.0,0.0,0.0,0.0,0.0,0.0,0.0,0.0,0.0,0.0,0.0,0.0,0.0,0.0,0.0,0.0,0.0,2.004,-2.004,2.004,2.004,0.0,0.0,0.0,0.0,4817.0,-0.0,7254.0,0.0,-107615384.0,0.0,0.0,0.0,0.0,0.0,0.0,77,-0.0,-2.308826643966827e+20,0.0,0.0,0.0,0.0,0.0,0.0,0.0,0,0,0,0.0,0.0,0.0,0.0,0.0,0.0,0.0,0.0,0.0,0.0,0.0,0.0,0.0,0.0,0.0,0.0,0,-107875648.0,77,0.0,154,0.0,-101056864.0,ERR,ERR,ERR,ERR,ERR,ERR,ERR,ERR,ERR,ERR,ERR,ERR,ERR,ERR,ERR,ERR,ERR,ERR,ERR,ERR,ERR,ERR,ERR,ERR,ERR,ERR,ERR,ERR,ERR,ERR,ERR,ERR,ERR,ERR,ERR,ERR,ERR,ERR,ERR,ERR,ERR,ERR,ERR,ERR,ERR,ERR,ERR,ERR,ERR,ERR,ERR,ERR,ERR,ERR,ERR,ERR,ERR,ERR,ERR,ERR,ERR,ERR,ERR,ERR,ERR,ERR,ERR,34.0,80.0,35,0.0,0.0,0.0,0.0,0.0,0.0,0.0,0.0,0.0,0.0,0.0,0.0,0.0,0.0,0.0,0.0,65.6,0,119,58,53,65476,0,300,0,0,8,20529,65476,0,0,57672,80.0,0.0,0.0,0.0,0.0,0.0
2026-06-18T02:55:01,ERR,ERR,ERR,ERR,ERR,ERR,ERR,ERR,ERR,ERR,ERR,ERR,ERR,ERR,ERR,ERR,ERR,ERR,ERR,ERR,ERR,ERR,ERR,ERR,ERR,ERR,ERR,ERR,ERR,ERR,ERR,ERR,ERR,ERR,ERR,ERR,ERR,ERR,ERR,ERR,ERR,ERR,ERR,ERR,ERR,ERR,ERR,ERR,ERR,ERR,ERR,ERR,ERR,ERR,ERR,ERR,ERR,ERR,ERR,ERR,ERR,ERR,ERR,ERR,ERR,ERR,ERR,ERR,ERR,ERR,ERR,ERR,ERR,ERR,ERR,ERR,ERR,ERR,ERR,ERR,ERR,ERR,ERR,ERR,ERR,ERR,ERR,ERR,ERR,ERR,ERR,ERR,ERR,ERR,ERR,ERR,ERR,ERR,ERR,ERR,ERR,ERR,ERR,ERR,ERR,ERR,ERR,ERR,ERR,ERR,ERR,ERR,ERR,ERR,ERR,ERR,ERR,ERR,ERR,ERR,ERR,ERR,ERR,ERR,ERR,0.0,-107615384.0,-0.0,0.0,nan,1.3936040501711995e+18,7.805,118629576.0,0,0,4,48933,6720,14723890282496.0,100,0.0,0.0,0.0,0.059,0.0,0,0,0,0,0.0,0,0,0,0,0,0,0,0,0,0,0,0,0,0,0,0,0,0,0,0,0,0,0,0,0,0,0,0,0,0,0,0,0,26,51,50,76,65476,0,300,0,0,8,21553,0.0,-107605600.0,0.0,0.0,0.0,0.0,0.0,0.0,0.0,0.0,0.0,0.0,0.0,0.0,0.0,0.0,0.0,0.0,0.0,0.0,0.0,0.0,2.004,-2.004,2.004,2.004,0.0,0.0,0.0,0.0,4817.0,-0.0,7254.0,0.0,-107615384.0,0.0,0.0,0.0,0.0,0.0,0.0,77,-0.0,-2.308826643966827e+20,0.0,0.0,0.0,0.0,0.0,0.0,0.0,0,0,0,0.0,0.0,0.0,0.0,0.0,0.0,0.0,0.0,0.0,0.0,0.0,0.0,0.0,0.0,0.0,0.0,0,-107875648.0,77,0.0,154,0.0,-101056864.0,ERR,ERR,ERR,ERR,ERR,ERR,ERR,ERR,ERR,ERR,ERR,ERR,ERR,ERR,ERR,ERR,ERR,ERR,ERR,ERR,ERR,ERR,ERR,ERR,ERR,ERR,ERR,ERR,ERR,ERR,ERR,ERR,ERR,ERR,ERR,ERR,ERR,ERR,ERR,ERR,ERR,ERR,ERR,ERR,ERR,ERR,ERR,ERR,ERR,ERR,ERR,ERR,ERR,ERR,ERR,ERR,ERR,ERR,ERR,ERR,ERR,ERR,ERR,ERR,ERR,ERR,ERR,34.0,80.0,35,0.0,0.0,0.0,0.0,0.0,0.0,0.0,0.0,0.0,0.0,0.0,0.0,0.0,0.0,0.0,0.0,65.6,0,119,58,53,65476,0,300,0,0,8,20529,65476,0,0,57672,80.0,0.0,0.0,0.0,0.0,0.0
2026-06-18T02:55:02,ERR,ERR,ERR,ERR,ERR,ERR,ERR,ERR,ERR,ERR,ERR,ERR,ERR,ERR,ERR,ERR,ERR,ERR,ERR,ERR,ERR,ERR,ERR,ERR,ERR,ERR,ERR,ERR,ERR,ERR,ERR,ERR,ERR,ERR,ERR,ERR,ERR,ERR,ERR,ERR,ERR,ERR,ERR,ERR,ERR,ERR,ERR,ERR,ERR,ERR,ERR,ERR,ERR,ERR,ERR,ERR,ERR,ERR,ERR,ERR,ERR,ERR,ERR,ERR,ERR,ERR,ERR,ERR,ERR,ERR,ERR,ERR,ERR,ERR,ERR,ERR,ERR,ERR,ERR,ERR,ERR,ERR,ERR,ERR,ERR,ERR,ERR,ERR,ERR,ERR,ERR,ERR,ERR,ERR,ERR,ERR,ERR,ERR,ERR,ERR,ERR,ERR,ERR,ERR,ERR,ERR,ERR,ERR,ERR,ERR,ERR,ERR,ERR,ERR,ERR,ERR,ERR,ERR,ERR,ERR,ERR,ERR,ERR,ERR,ERR,0.0,-107615384.0,-0.0,0.0,nan,1.3936040501711995e+18,7.805,118629576.0,0,0,4,48933,6720,14723890282496.0,100,0.0,0.0,0.0,0.059,0.0,0,0,0,0,0.0,0,0,0,0,0,0,0,0,0,0,0,0,0,0,0,0,0,0,0,0,0,0,0,0,0,0,0,0,0,0,0,0,0,26,51,50,76,65476,0,300,0,0,8,21553,0.0,-107605600.0,0.0,0.0,0.0,0.0,0.0,0.0,0.0,0.0,0.0,0.0,0.0,0.0,0.0,0.0,0.0,0.0,0.0,0.0,0.0,0.0,2.004,-2.004,2.004,2.004,0.0,0.0,0.0,0.0,4817.0,-0.0,7254.0,0.0,-107615384.0,0.0,0.0,0.0,0.0,0.0,0.0,77,-0.0,-2.308826643966827e+20,0.0,0.0,0.0,0.0,0.0,0.0,0.0,0,0,0,0.0,0.0,0.0,0.0,0.0,0.0,0.0,0.0,0.0,0.0,0.0,0.0,0.0,0.0,0.0,0.0,0,-107875648.0,77,0.0,154,0.0,-101056864.0,ERR,ERR,ERR,ERR,ERR,ERR,ERR,ERR,ERR,ERR,ERR,ERR,ERR,ERR,ERR,ERR,ERR,ERR,ERR,ERR,ERR,ERR,ERR,ERR,ERR,ERR,ERR,ERR,ERR,ERR,ERR,ERR,ERR,ERR,ERR,ERR,ERR,ERR,ERR,ERR,ERR,ERR,ERR,ERR,ERR,ERR,ERR,ERR,ERR,ERR,ERR,ERR,ERR,ERR,ERR,ERR,ERR,ERR,ERR,ERR,ERR,ERR,ERR,ERR,ERR,ERR,ERR,34.0,80.0,35,0.0,0.0,0.0,0.0,0.0,0.0,0.0,0.0,0.0,0.0,0.0,0.0,0.0,0.0,0.0,0.0,65.6,0,119,58,53,65476,0,300,0,0,8,20529,65476,0,0,57672,80.0,0.0,0.0,0.0,0.0,0.0
2026-06-18T02:55:03,ERR,ERR,ERR,ERR,ERR,ERR,ERR,ERR,ERR,ERR,ERR,ERR,ERR,ERR,ERR,ERR,ERR,ERR,ERR,ERR,ERR,ERR,ERR,ERR,ERR,ERR,ERR,ERR,ERR,ERR,ERR,ERR,ERR,ERR,ERR,ERR,ERR,ERR,ERR,ERR,ERR,ERR,ERR,ERR,ERR,ERR,ERR,ERR,ERR,ERR,ERR,ERR,ERR,ERR,ERR,ERR,ERR,ERR,ERR,ERR,ERR,ERR,ERR,ERR,ERR,ERR,ERR,ERR,ERR,ERR,ERR,ERR,ERR,ERR,ERR,ERR,ERR,ERR,ERR,ERR,ERR,ERR,ERR,ERR,ERR,ERR,ERR,ERR,ERR,ERR,ERR,ERR,ERR,ERR,ERR,ERR,ERR,ERR,ERR,ERR,ERR,ERR,ERR,ERR,ERR,ERR,ERR,ERR,ERR,ERR,ERR,ERR,ERR,ERR,ERR,ERR,ERR,ERR,ERR,ERR,ERR,ERR,ERR,ERR,ERR,0.0,-107615384.0,-0.0,-4.9501291711397626e+32,nan,1.3936040501711995e+18,7.805,-0.0,0,0,4,48926,6720,14723890282496.0,100,0.0,0.0,0.0,-152005385388032.0,0.0,0,0,0,0,0.0,0,0,0,0,0,0,0,0,0,0,0,0,0,0,0,0,0,0,0,0,0,0,0,0,0,0,0,0,0,0,0,0,0,26,51,50,76,65476,0,300,0,0,8,21553,0.0,-107605600.0,0.0,0.0,0.0,0.0,0.0,0.0,0.0,0.0,0.0,0.0,0.0,0.0,0.0,0.0,0.0,0.0,0.0,0.0,0.0,0.0,-0.0,-2.004,2.004,2.004,0.0,0.0,0.0,0.0,4816.0,-564145430724608.0,7260.0,0.0,-107615384.0,2.7184303811560617e+23,0.0,0.0,0.0,0.0,0.0,77,-0.0,0.0,0.0,0.0,0.0,0.0,0.0,0.0,0.0,0,0,0,0.0,0.0,0.0,0.0,0.0,0.0,0.0,0.0,0.0,0.0,0.0,0.0,0.0,0.0,0.0,0.0,0,-107875648.0,77,0.0,154,0.0,-101056864.0,ERR,ERR,ERR,ERR,ERR,ERR,ERR,ERR,ERR,ERR,ERR,ERR,ERR,ERR,ERR,ERR,ERR,ERR,ERR,ERR,ERR,ERR,ERR,ERR,ERR,ERR,ERR,ERR,ERR,ERR,ERR,ERR,ERR,ERR,ERR,ERR,ERR,ERR,ERR,ERR,ERR,ERR,ERR,ERR,ERR,ERR,ERR,ERR,ERR,ERR,ERR,ERR,ERR,ERR,ERR,ERR,ERR,ERR,ERR,ERR,ERR,ERR,ERR,ERR,ERR,ERR,ERR,34.0,80.0,35,0.0,0.0,0.0,0.0,0.0,0.0,0.0,0.0,0.0,0.0,0.0,0.0,0.0,0.0,0.0,0.0,65.6,0,119,58,53,65476,0,300,0,0,8,20529,65476,0,0,57672,80.0,0.0,0.0,0.0,0.0,0.0
2026-06-18T02:55:04,ERR,ERR,ERR,ERR,ERR,ERR,ERR,ERR,ERR,ERR,ERR,ERR,ERR,ERR,ERR,ERR,ERR,ERR,ERR,ERR,ERR,ERR,ERR,ERR,ERR,ERR,ERR,ERR,ERR,ERR,ERR,ERR,ERR,ERR,ERR,ERR,ERR,ERR,ERR,ERR,ERR,ERR,ERR,ERR,ERR,ERR,ERR,ERR,ERR,ERR,ERR,ERR,ERR,ERR,ERR,ERR,ERR,ERR,ERR,ERR,ERR,ERR,ERR,ERR,ERR,ERR,ERR,ERR,ERR,ERR,ERR,ERR,ERR,ERR,ERR,ERR,ERR,ERR,ERR,ERR,ERR,ERR,ERR,ERR,ERR,ERR,ERR,ERR,ERR,ERR,ERR,ERR,ERR,ERR,ERR,ERR,ERR,ERR,ERR,ERR,ERR,ERR,ERR,ERR,ERR,ERR,ERR,ERR,ERR,ERR,ERR,ERR,ERR,ERR,ERR,ERR,ERR,ERR,ERR,ERR,ERR,ERR,ERR,ERR,ERR,0.0,-107615384.0,-0.0,-4.9501291711397626e+32,nan,1.3936040501711995e+18,7.805,-0.0,0,0,4,48926,6720,14723890282496.0,100,0.0,0.0,0.0,-152005385388032.0,0.0,0,0,0,0,0.0,0,0,0,0,0,0,0,0,0,0,0,0,0,0,0,0,0,0,0,0,0,0,0,0,0,0,0,0,0,0,0,0,0,26,51,50,76,65476,0,300,0,0,8,21553,0.0,-107605600.0,0.0,0.0,0.0,0.0,0.0,0.0,0.0,0.0,0.0,0.0,0.0,0.0,0.0,0.0,0.0,0.0,0.0,0.0,0.0,0.0,-0.0,-2.004,2.004,2.004,0.0,0.0,0.0,0.0,4816.0,-564145430724608.0,7260.0,0.0,-107615384.0,2.7184303811560617e+23,0.0,0.0,0.0,0.0,0.0,77,-0.0,0.0,0.0,0.0,0.0,0.0,0.0,0.0,0.0,0,0,0,0.0,0.0,0.0,0.0,0.0,0.0,0.0,0.0,0.0,0.0,0.0,0.0,0.0,0.0,0.0,0.0,0,-107875648.0,77,0.0,154,0.0,-101056864.0,ERR,ERR,ERR,ERR,ERR,ERR,ERR,ERR,ERR,ERR,ERR,ERR,ERR,ERR,ERR,ERR,ERR,ERR,ERR,ERR,ERR,ERR,ERR,ERR,ERR,ERR,ERR,ERR,ERR,ERR,ERR,ERR,ERR,ERR,ERR,ERR,ERR,ERR,ERR,ERR,ERR,ERR,ERR,ERR,ERR,ERR,ERR,ERR,ERR,ERR,ERR,ERR,ERR,ERR,ERR,ERR,ERR,ERR,ERR,ERR,ERR,ERR,ERR,ERR,ERR,ERR,ERR,34.0,80.0,35,0.0,0.0,0.0,0.0,0.0,0.0,0.0,0.0,0.0,0.0,0.0,0.0,0.0,0.0,0.0,0.0,65.6,0,119,58,53,65476,0,300,0,0,8,20529,65476,0,0,57672,80.0,0.0,0.0,0.0,0.0,0.0
2026-06-18T02:55:05,ERR,ERR,ERR,ERR,ERR,ERR,ERR,ERR,ERR,ERR,ERR,ERR,ERR,ERR,ERR,ERR,ERR,ERR,ERR,ERR,ERR,ERR,ERR,ERR,ERR,ERR,ERR,ERR,ERR,ERR,ERR,ERR,ERR,ERR,ERR,ERR,ERR,ERR,ERR,ERR,ERR,ERR,ERR,ERR,ERR,ERR,ERR,ERR,ERR,ERR,ERR,ERR,ERR,ERR,ERR,ERR,ERR,ERR,ERR,ERR,ERR,ERR,ERR,ERR,ERR,ERR,ERR,ERR,ERR,ERR,ERR,ERR,ERR,ERR,ERR,ERR,ERR,ERR,ERR,ERR,ERR,ERR,ERR,ERR,ERR,ERR,ERR,ERR,ERR,ERR,ERR,ERR,ERR,ERR,ERR,ERR,ERR,ERR,ERR,ERR,ERR,ERR,ERR,ERR,ERR,ERR,ERR,ERR,ERR,ERR,ERR,ERR,ERR,ERR,ERR,ERR,ERR,ERR,ERR,ERR,ERR,ERR,ERR,ERR,ERR,0.0,-107615384.0,-0.0,-4.9501291711397626e+32,nan,1.3936040501711995e+18,7.805,-0.0,0,0,4,48926,6720,14723890282496.0,100,0.0,0.0,0.0,-152005385388032.0,0.0,0,0,0,0,0.0,0,0,0,0,0,0,0,0,0,0,0,0,0,0,0,0,0,0,0,0,0,0,0,0,0,0,0,0,0,0,0,0,0,26,51,50,76,65476,0,300,0,0,8,21553,0.0,-107605600.0,0.0,0.0,0.0,0.0,0.0,0.0,0.0,0.0,0.0,0.0,0.0,0.0,0.0,0.0,0.0,0.0,0.0,0.0,0.0,0.0,-0.0,-2.004,2.004,2.004,0.0,0.0,0.0,0.0,4816.0,-564145430724608.0,7260.0,0.0,-107615384.0,2.7184303811560617e+23,0.0,0.0,0.0,0.0,0.0,77,-0.0,0.0,0.0,0.0,0.0,0.0,0.0,0.0,0.0,0,0,0,0.0,0.0,0.0,0.0,0.0,0.0,0.0,0.0,0.0,0.0,0.0,0.0,0.0,0.0,0.0,0.0,0,-107875648.0,77,0.0,154,0.0,-101056864.0,ERR,ERR,ERR,ERR,ERR,ERR,ERR,ERR,ERR,ERR,ERR,ERR,ERR,ERR,ERR,ERR,ERR,ERR,ERR,ERR,ERR,ERR,ERR,ERR,ERR,ERR,ERR,ERR,ERR,ERR,ERR,ERR,ERR,ERR,ERR,ERR,ERR,ERR,ERR,ERR,ERR,ERR,ERR,ERR,ERR,ERR,ERR,ERR,ERR,ERR,ERR,ERR,ERR,ERR,ERR,ERR,ERR,ERR,ERR,ERR,ERR,ERR,ERR,ERR,ERR,ERR,ERR,34.0,80.0,35,0.0,0.0,0.0,0.0,0.0,0.0,0.0,0.0,0.0,0.0,0.0,0.0,0.0,0.0,0.0,0.0,66.4,0,119,58,53,65476,0,300,0,0,8,20529,65476,0,0,57672,80.0,0.0,0.0,0.0,0.0,0.0
2026-06-18T02:55:06,ERR,ERR,ERR,ERR,ERR,ERR,ERR,ERR,ERR,ERR,ERR,ERR,ERR,ERR,ERR,ERR,ERR,ERR,ERR,ERR,ERR,ERR,ERR,ERR,ERR,ERR,ERR,ERR,ERR,ERR,ERR,ERR,ERR,ERR,ERR,ERR,ERR,ERR,ERR,ERR,ERR,ERR,ERR,ERR,ERR,ERR,ERR,ERR,ERR,ERR,ERR,ERR,ERR,ERR,ERR,ERR,ERR,ERR,ERR,ERR,ERR,ERR,ERR,ERR,ERR,ERR,ERR,ERR,ERR,ERR,ERR,ERR,ERR,ERR,ERR,ERR,ERR,ERR,ERR,ERR,ERR,ERR,ERR,ERR,ERR,ERR,ERR,ERR,ERR,ERR,ERR,ERR,ERR,ERR,ERR,ERR,ERR,ERR,ERR,ERR,ERR,ERR,ERR,ERR,ERR,ERR,ERR,ERR,ERR,ERR,ERR,ERR,ERR,ERR,ERR,ERR,ERR,ERR,ERR,ERR,ERR,ERR,ERR,ERR,ERR,0.0,-107615384.0,-0.0,-4.9501291711397626e+32,nan,1.3936040501711995e+18,7.805,-0.0,0,0,4,48926,6720,14723890282496.0,100,0.0,0.0,0.0,-152005385388032.0,0.0,0,0,0,0,0.0,0,0,0,0,0,0,0,0,0,0,0,0,0,0,0,0,0,0,0,0,0,0,0,0,0,0,0,0,0,0,0,0,0,26,51,50,76,65476,0,300,0,0,8,21553,0.0,-107605600.0,0.0,0.0,0.0,0.0,0.0,0.0,0.0,0.0,0.0,0.0,0.0,0.0,0.0,0.0,0.0,0.0,0.0,0.0,0.0,0.0,-0.0,-2.004,2.004,2.004,0.0,0.0,0.0,0.0,4816.0,-564145430724608.0,7260.0,0.0,-107615384.0,2.7184303811560617e+23,0.0,0.0,0.0,0.0,0.0,77,-0.0,0.0,0.0,0.0,0.0,0.0,0.0,0.0,0.0,0,0,0,0.0,0.0,0.0,0.0,0.0,0.0,0.0,0.0,0.0,0.0,0.0,0.0,0.0,0.0,0.0,0.0,0,-107875648.0,77,0.0,154,0.0,-101056864.0,ERR,ERR,ERR,ERR,ERR,ERR,ERR,ERR,ERR,ERR,ERR,ERR,ERR,ERR,ERR,ERR,ERR,ERR,ERR,ERR,ERR,ERR,ERR,ERR,ERR,ERR,ERR,ERR,ERR,ERR,ERR,ERR,ERR,ERR,ERR,ERR,ERR,ERR,ERR,ERR,ERR,ERR,ERR,ERR,ERR,ERR,ERR,ERR,ERR,ERR,ERR,ERR,ERR,ERR,ERR,ERR,ERR,ERR,ERR,ERR,ERR,ERR,ERR,ERR,ERR,ERR,ERR,34.0,80.0,35,0.0,0.0,0.0,0.0,0.0,0.0,0.0,0.0,0.0,0.0,0.0,0.0,0.0,0.0,0.0,0.0,66.4,0,119,58,53,65476,0,300,0,0,8,20529,65476,0,0,57672,80.0,0.0,0.0,0.0,0.0,0.0
2026-06-18T02:55:07,ERR,ERR,ERR,ERR,ERR,ERR,ERR,ERR,ERR,ERR,ERR,ERR,ERR,ERR,ERR,ERR,ERR,ERR,ERR,ERR,ERR,ERR,ERR,ERR,ERR,ERR,ERR,ERR,ERR,ERR,ERR,ERR,ERR,ERR,ERR,ERR,ERR,ERR,ERR,ERR,ERR,ERR,ERR,ERR,ERR,ERR,ERR,ERR,ERR,ERR,ERR,ERR,ERR,ERR,ERR,ERR,ERR,ERR,ERR,ERR,ERR,ERR,ERR,ERR,ERR,ERR,ERR,ERR,ERR,ERR,ERR,ERR,ERR,ERR,ERR,ERR,ERR,ERR,ERR,ERR,ERR,ERR,ERR,ERR,ERR,ERR,ERR,ERR,ERR,ERR,ERR,ERR,ERR,ERR,ERR,ERR,ERR,ERR,ERR,ERR,ERR,ERR,ERR,ERR,ERR,ERR,ERR,ERR,ERR,ERR,ERR,ERR,ERR,ERR,ERR,ERR,ERR,ERR,ERR,ERR,ERR,ERR,ERR,ERR,ERR,0.0,-107615384.0,-0.0,-4.9501291711397626e+32,nan,1.3936040501711995e+18,7.805,-0.0,0,0,4,48926,6720,14723890282496.0,100,0.0,0.0,0.0,-152005385388032.0,0.0,0,0,0,0,0.0,0,0,0,0,0,0,0,0,0,0,0,0,0,0,0,0,0,0,0,0,0,0,0,0,0,0,0,0,0,0,0,0,0,26,51,50,76,65476,0,300,0,0,8,21553,0.0,-107605600.0,0.0,0.0,0.0,0.0,0.0,0.0,0.0,0.0,0.0,0.0,0.0,0.0,0.0,0.0,0.0,0.0,0.0,0.0,0.0,0.0,-0.0,-2.004,2.004,2.004,0.0,0.0,0.0,0.0,4816.0,-564145430724608.0,7260.0,0.0,-107615384.0,2.7184303811560617e+23,0.0,0.0,0.0,0.0,0.0,77,-0.0,0.0,0.0,0.0,0.0,0.0,0.0,0.0,0.0,0,0,0,0.0,0.0,0.0,0.0,0.0,0.0,0.0,0.0,0.0,0.0,0.0,0.0,0.0,0.0,0.0,0.0,0,-107875648.0,77,0.0,154,0.0,-101056864.0,ERR,ERR,ERR,ERR,ERR,ERR,ERR,ERR,ERR,ERR,ERR,ERR,ERR,ERR,ERR,ERR,ERR,ERR,ERR,ERR,ERR,ERR,ERR,ERR,ERR,ERR,ERR,ERR,ERR,ERR,ERR,ERR,ERR,ERR,ERR,ERR,ERR,ERR,ERR,ERR,ERR,ERR,ERR,ERR,ERR,ERR,ERR,ERR,ERR,ERR,ERR,ERR,ERR,ERR,ERR,ERR,ERR,ERR,ERR,ERR,ERR,ERR,ERR,ERR,ERR,ERR,ERR,34.0,80.0,35,0.0,0.0,0.0,0.0,0.0,0.0,0.0,0.0,0.0,0.0,0.0,0.0,0.0,0.0,0.0,0.0,65.6,0,119,58,53,65476,0,300,0,0,8,20529,65476,0,0,57672,80.0,0.0,0.0,0.0,0.0,0.0
2026-06-18T02:55:08,ERR,ERR,ERR,ERR,ERR,ERR,ERR,ERR,ERR,ERR,ERR,ERR,ERR,ERR,ERR,ERR,ERR,ERR,ERR,ERR,ERR,ERR,ERR,ERR,ERR,ERR,ERR,ERR,ERR,ERR,ERR,ERR,ERR,ERR,ERR,ERR,ERR,ERR,ERR,ERR,ERR,ERR,ERR,ERR,ERR,ERR,ERR,ERR,ERR,ERR,ERR,ERR,ERR,ERR,ERR,ERR,ERR,ERR,ERR,ERR,ERR,ERR,ERR,ERR,ERR,ERR,ERR,ERR,ERR,ERR,ERR,ERR,ERR,ERR,ERR,ERR,ERR,ERR,ERR,ERR,ERR,ERR,ERR,ERR,ERR,ERR,ERR,ERR,ERR,ERR,ERR,ERR,ERR,ERR,ERR,ERR,ERR,ERR,ERR,ERR,ERR,ERR,ERR,ERR,ERR,ERR,ERR,ERR,ERR,ERR,ERR,ERR,ERR,ERR,ERR,ERR,ERR,ERR,ERR,ERR,ERR,ERR,ERR,ERR,ERR,0.0,-107615384.0,-0.0,0.0,nan,1.3936040501711995e+18,7.805,118629576.0,0,0,4,48933,6720,14723890282496.0,100,0.0,0.0,0.0,0.0,0.0,0,0,0,0,0.0,0,0,0,0,0,0,0,0,0,0,0,0,0,0,0,0,0,0,0,0,0,0,0,0,0,0,0,0,0,0,0,0,0,26,51,50,76,65476,0,300,0,0,8,21553,0.0,-107605600.0,0.0,0.0,0.0,0.0,0.0,0.0,0.0,0.0,0.0,0.0,0.0,0.0,0.0,0.0,0.0,0.0,0.0,0.0,0.0,0.0,2.004,-2.004,-0.0,2.004,0.0,0.0,0.0,0.0,4814.0,-1.5879282197463203e+29,7262.0,0.0,-107615384.0,0.0,0.0,0.0,0.0,0.0,0.0,77,-0.0,0.0,0.0,0.0,0.0,0.0,0.0,0.0,0.0,0,0,0,0.0,0.0,0.0,0.0,0.0,0.0,0.0,0.0,0.0,0.0,0.0,0.0,0.0,0.0,0.0,0.0,0,-107875648.0,77,0.0,154,0.0,2.6533865130338155e+23,ERR,ERR,ERR,ERR,ERR,ERR,ERR,ERR,ERR,ERR,ERR,ERR,ERR,ERR,ERR,ERR,ERR,ERR,ERR,ERR,ERR,ERR,ERR,ERR,ERR,ERR,ERR,ERR,ERR,ERR,ERR,ERR,ERR,ERR,ERR,ERR,ERR,ERR,ERR,ERR,ERR,ERR,ERR,ERR,ERR,ERR,ERR,ERR,ERR,ERR,ERR,ERR,ERR,ERR,ERR,ERR,ERR,ERR,ERR,ERR,ERR,ERR,ERR,ERR,ERR,ERR,ERR,34.0,80.0,35,0.0,0.0,0.0,0.0,0.0,0.0,0.0,0.0,0.0,0.0,0.0,0.0,0.0,0.0,0.0,0.0,65.6,0,119,58,53,65476,0,300,0,0,8,20529,65476,0,0,57672,80.0,0.0,0.0,0.0,0.0,0.0
2026-06-18T02:55:09,ERR,ERR,ERR,ERR,ERR,ERR,ERR,ERR,ERR,ERR,ERR,ERR,ERR,ERR,ERR,ERR,ERR,ERR,ERR,ERR,ERR,ERR,ERR,ERR,ERR,ERR,ERR,ERR,ERR,ERR,ERR,ERR,ERR,ERR,ERR,ERR,ERR,ERR,ERR,ERR,ERR,ERR,ERR,ERR,ERR,ERR,ERR,ERR,ERR,ERR,ERR,ERR,ERR,ERR,ERR,ERR,ERR,ERR,ERR,ERR,ERR,ERR,ERR,ERR,ERR,ERR,ERR,ERR,ERR,ERR,ERR,ERR,ERR,ERR,ERR,ERR,ERR,ERR,ERR,ERR,ERR,ERR,ERR,ERR,ERR,ERR,ERR,ERR,ERR,ERR,ERR,ERR,ERR,ERR,ERR,ERR,ERR,ERR,ERR,ERR,ERR,ERR,ERR,ERR,ERR,ERR,ERR,ERR,ERR,ERR,ERR,ERR,ERR,ERR,ERR,ERR,ERR,ERR,ERR,ERR,ERR,ERR,ERR,ERR,ERR,0.0,-107615384.0,-0.0,0.0,nan,1.3936040501711995e+18,7.805,118629576.0,0,0,4,48933,6720,14723890282496.0,100,0.0,0.0,0.0,0.0,0.0,0,0,0,0,0.0,0,0,0,0,0,0,0,0,0,0,0,0,0,0,0,0,0,0,0,0,0,0,0,0,0,0,0,0,0,0,0,0,0,26,51,50,76,65476,0,300,0,0,8,21553,0.0,-107605600.0,0.0,0.0,0.0,0.0,0.0,0.0,0.0,0.0,0.0,0.0,0.0,0.0,0.0,0.0,0.0,0.0,0.0,0.0,0.0,0.0,2.004,-2.004,-0.0,2.004,0.0,0.0,0.0,0.0,4814.0,-1.5879282197463203e+29,7262.0,0.0,-107615384.0,0.0,0.0,0.0,0.0,0.0,0.0,77,-0.0,0.0,0.0,0.0,0.0,0.0,0.0,0.0,0.0,0,0,0,0.0,0.0,0.0,0.0,0.0,0.0,0.0,0.0,0.0,0.0,0.0,0.0,0.0,0.0,0.0,0.0,0,-107875648.0,77,0.0,154,0.0,2.6533865130338155e+23,ERR,ERR,ERR,ERR,ERR,ERR,ERR,ERR,ERR,ERR,ERR,ERR,ERR,ERR,ERR,ERR,ERR,ERR,ERR,ERR,ERR,ERR,ERR,ERR,ERR,ERR,ERR,ERR,ERR,ERR,ERR,ERR,ERR,ERR,ERR,ERR,ERR,ERR,ERR,ERR,ERR,ERR,ERR,ERR,ERR,ERR,ERR,ERR,ERR,ERR,ERR,ERR,ERR,ERR,ERR,ERR,ERR,ERR,ERR,ERR,ERR,ERR,ERR,ERR,ERR,ERR,ERR,34.0,80.0,35,0.0,0.0,0.0,0.0,0.0,0.0,0.0,0.0,0.0,0.0,0.0,0.0,0.0,0.0,0.0,0.0,65.6,0,119,58,53,65476,0,300,0,0,8,20529,65476,0,0,57672,80.0,0.0,0.0,0.0,0.0,0.0
2026-06-18T02:55:10,ERR,ERR,ERR,ERR,ERR,ERR,ERR,ERR,ERR,ERR,ERR,ERR,ERR,ERR,ERR,ERR,ERR,ERR,ERR,ERR,ERR,ERR,ERR,ERR,ERR,ERR,ERR,ERR,ERR,ERR,ERR,ERR,ERR,ERR,ERR,ERR,ERR,ERR,ERR,ERR,ERR,ERR,ERR,ERR,ERR,ERR,ERR,ERR,ERR,ERR,ERR,ERR,ERR,ERR,ERR,ERR,ERR,ERR,ERR,ERR,ERR,ERR,ERR,ERR,ERR,ERR,ERR,ERR,ERR,ERR,ERR,ERR,ERR,ERR,ERR,ERR,ERR,ERR,ERR,ERR,ERR,ERR,ERR,ERR,ERR,ERR,ERR,ERR,ERR,ERR,ERR,ERR,ERR,ERR,ERR,ERR,ERR,ERR,ERR,ERR,ERR,ERR,ERR,ERR,ERR,ERR,ERR,ERR,ERR,ERR,ERR,ERR,ERR,ERR,ERR,ERR,ERR,ERR,ERR,ERR,ERR,ERR,ERR,ERR,ERR,0.0,-107615384.0,-0.0,0.0,nan,1.3936040501711995e+18,7.805,118629576.0,0,0,4,48933,6720,14723890282496.0,100,0.0,0.0,0.0,0.0,0.0,0,0,0,0,0.0,0,0,0,0,0,0,0,0,0,0,0,0,0,0,0,0,0,0,0,0,0,0,0,0,0,0,0,0,0,0,0,0,0,26,51,50,76,65476,0,300,0,0,8,21553,0.0,-107605600.0,0.0,0.0,0.0,0.0,0.0,0.0,0.0,0.0,0.0,0.0,0.0,0.0,0.0,0.0,0.0,0.0,0.0,0.0,0.0,0.0,2.004,-2.004,-0.0,2.004,0.0,0.0,0.0,0.0,4814.0,-1.5879282197463203e+29,7262.0,0.0,-107615384.0,0.0,0.0,0.0,0.0,0.0,0.0,77,-0.0,0.0,0.0,0.0,0.0,0.0,0.0,0.0,0.0,0,0,0,0.0,0.0,0.0,0.0,0.0,0.0,0.0,0.0,0.0,0.0,0.0,0.0,0.0,0.0,0.0,0.0,0,-107875648.0,77,0.0,154,0.0,2.6533865130338155e+23,ERR,ERR,ERR,ERR,ERR,ERR,ERR,ERR,ERR,ERR,ERR,ERR,ERR,ERR,ERR,ERR,ERR,ERR,ERR,ERR,ERR,ERR,ERR,ERR,ERR,ERR,ERR,ERR,ERR,ERR,ERR,ERR,ERR,ERR,ERR,ERR,ERR,ERR,ERR,ERR,ERR,ERR,ERR,ERR,ERR,ERR,ERR,ERR,ERR,ERR,ERR,ERR,ERR,ERR,ERR,ERR,ERR,ERR,ERR,ERR,ERR,ERR,ERR,ERR,ERR,ERR,ERR,34.0,80.0,35,0.0,0.0,0.0,0.0,0.0,0.0,0.0,0.0,0.0,0.0,0.0,0.0,0.0,0.0,0.0,0.0,65.6,0,119,58,53,65476,0,300,0,0,8,20529,65476,0,0,57672,80.0,0.0,0.0,0.0,0.0,0.0
2026-06-18T02:55:11,ERR,ERR,ERR,ERR,ERR,ERR,ERR,ERR,ERR,ERR,ERR,ERR,ERR,ERR,ERR,ERR,ERR,ERR,ERR,ERR,ERR,ERR,ERR,ERR,ERR,ERR,ERR,ERR,ERR,ERR,ERR,ERR,ERR,ERR,ERR,ERR,ERR,ERR,ERR,ERR,ERR,ERR,ERR,ERR,ERR,ERR,ERR,ERR,ERR,ERR,ERR,ERR,ERR,ERR,ERR,ERR,ERR,ERR,ERR,ERR,ERR,ERR,ERR,ERR,ERR,ERR,ERR,ERR,ERR,ERR,ERR,ERR,ERR,ERR,ERR,ERR,ERR,ERR,ERR,ERR,ERR,ERR,ERR,ERR,ERR,ERR,ERR,ERR,ERR,ERR,ERR,ERR,ERR,ERR,ERR,ERR,ERR,ERR,ERR,ERR,ERR,ERR,ERR,ERR,ERR,ERR,ERR,ERR,ERR,ERR,ERR,ERR,ERR,ERR,ERR,ERR,ERR,ERR,ERR,ERR,ERR,ERR,ERR,ERR,ERR,0.0,-107615384.0,-0.0,0.0,nan,1.3936040501711995e+18,7.805,118629576.0,0,0,4,48933,6720,14723890282496.0,100,0.0,0.0,0.0,0.0,0.0,0,0,0,0,0.0,0,0,0,0,0,0,0,0,0,0,0,0,0,0,0,0,0,0,0,0,0,0,0,0,0,0,0,0,0,0,0,0,0,26,51,50,76,65476,0,300,0,0,8,21553,0.0,-107605600.0,0.0,0.0,0.0,0.0,0.0,0.0,0.0,0.0,0.0,0.0,0.0,0.0,0.0,0.0,0.0,0.0,0.0,0.0,0.0,0.0,2.004,-2.004,-0.0,2.004,0.0,0.0,0.0,0.0,4814.0,-1.5879282197463203e+29,7262.0,0.0,-107615384.0,0.0,0.0,0.0,0.0,0.0,0.0,77,-0.0,0.0,0.0,0.0,0.0,0.0,0.0,0.0,0.0,0,0,0,0.0,0.0,0.0,0.0,0.0,0.0,0.0,0.0,0.0,0.0,0.0,0.0,0.0,0.0,0.0,0.0,0,-107875648.0,77,0.0,154,0.0,2.6533865130338155e+23,ERR,ERR,ERR,ERR,ERR,ERR,ERR,ERR,ERR,ERR,ERR,ERR,ERR,ERR,ERR,ERR,ERR,ERR,ERR,ERR,ERR,ERR,ERR,ERR,ERR,ERR,ERR,ERR,ERR,ERR,ERR,ERR,ERR,ERR,ERR,ERR,ERR,ERR,ERR,ERR,ERR,ERR,ERR,ERR,ERR,ERR,ERR,ERR,ERR,ERR,ERR,ERR,ERR,ERR,ERR,ERR,ERR,ERR,ERR,ERR,ERR,ERR,ERR,ERR,ERR,ERR,ERR,34.0,80.0,35,0.0,0.0,0.0,0.0,0.0,0.0,0.0,0.0,0.0,0.0,0.0,0.0,0.0,0.0,0.0,0.0,65.6,0,119,58,53,65476,0,300,0,0,8,20529,65476,0,0,57672,80.0,0.0,0.0,0.0,0.0,0.0
2026-06-18T02:55:12,ERR,ERR,ERR,ERR,ERR,ERR,ERR,ERR,ERR,ERR,ERR,ERR,ERR,ERR,ERR,ERR,ERR,ERR,ERR,ERR,ERR,ERR,ERR,ERR,ERR,ERR,ERR,ERR,ERR,ERR,ERR,ERR,ERR,ERR,ERR,ERR,ERR,ERR,ERR,ERR,ERR,ERR,ERR,ERR,ERR,ERR,ERR,ERR,ERR,ERR,ERR,ERR,ERR,ERR,ERR,ERR,ERR,ERR,ERR,ERR,ERR,ERR,ERR,ERR,ERR,ERR,ERR,ERR,ERR,ERR,ERR,ERR,ERR,ERR,ERR,ERR,ERR,ERR,ERR,ERR,ERR,ERR,ERR,ERR,ERR,ERR,ERR,ERR,ERR,ERR,ERR,ERR,ERR,ERR,ERR,ERR,ERR,ERR,ERR,ERR,ERR,ERR,ERR,ERR,ERR,ERR,ERR,ERR,ERR,ERR,ERR,ERR,ERR,ERR,ERR,ERR,ERR,ERR,ERR,ERR,ERR,ERR,ERR,ERR,ERR,0.0,-107615384.0,-0.0,0.0,nan,1.3936040501711995e+18,7.805,118629576.0,0,0,4,48933,6720,14723890282496.0,100,0.0,0.0,0.0,0.0,0.0,0,0,0,0,0.0,0,0,0,0,0,0,0,0,0,0,0,0,0,0,0,0,0,0,0,0,0,0,0,0,0,0,0,0,0,0,0,0,0,26,51,50,76,65476,0,300,0,0,8,21553,0.0,-107605600.0,0.0,0.0,0.0,0.0,0.0,0.0,0.0,0.0,0.0,0.0,0.0,0.0,0.0,0.0,0.0,0.0,0.0,0.0,0.0,0.0,2.004,-2.004,-0.0,2.004,0.0,0.0,0.0,0.0,4814.0,-1.5879282197463203e+29,7262.0,0.0,-107615384.0,0.0,0.0,0.0,0.0,0.0,0.0,77,-0.0,0.0,0.0,0.0,0.0,0.0,0.0,0.0,0.0,0,0,0,0.0,0.0,0.0,0.0,0.0,0.0,0.0,0.0,0.0,0.0,0.0,0.0,0.0,0.0,0.0,0.0,0,-107875648.0,77,0.0,154,0.0,2.6533865130338155e+23,ERR,ERR,ERR,ERR,ERR,ERR,ERR,ERR,ERR,ERR,ERR,ERR,ERR,ERR,ERR,ERR,ERR,ERR,ERR,ERR,ERR,ERR,ERR,ERR,ERR,ERR,ERR,ERR,ERR,ERR,ERR,ERR,ERR,ERR,ERR,ERR,ERR,ERR,ERR,ERR,ERR,ERR,ERR,ERR,ERR,ERR,ERR,ERR,ERR,ERR,ERR,ERR,ERR,ERR,ERR,ERR,ERR,ERR,ERR,ERR,ERR,ERR,ERR,ERR,ERR,ERR,ERR,34.0,80.0,35,0.0,0.0,0.0,0.0,0.0,0.0,0.0,0.0,0.0,0.0,0.0,0.0,0.0,0.0,0.0,0.0,65.6,0,119,58,53,65476,0,300,0,0,8,20529,65476,0,0,57672,80.0,0.0,0.0,0.0,0.0,0.0
2026-06-18T02:55:13,ERR,ERR,ERR,ERR,ERR,ERR,ERR,ERR,ERR,ERR,ERR,ERR,ERR,ERR,ERR,ERR,ERR,ERR,ERR,ERR,ERR,ERR,ERR,ERR,ERR,ERR,ERR,ERR,ERR,ERR,ERR,ERR,ERR,ERR,ERR,ERR,ERR,ERR,ERR,ERR,ERR,ERR,ERR,ERR,ERR,ERR,ERR,ERR,ERR,ERR,ERR,ERR,ERR,ERR,ERR,ERR,ERR,ERR,ERR,ERR,ERR,ERR,ERR,ERR,ERR,ERR,ERR,ERR,ERR,ERR,ERR,ERR,ERR,ERR,ERR,ERR,ERR,ERR,ERR,ERR,ERR,ERR,ERR,ERR,ERR,ERR,ERR,ERR,ERR,ERR,ERR,ERR,ERR,ERR,ERR,ERR,ERR,ERR,ERR,ERR,ERR,ERR,ERR,ERR,ERR,ERR,ERR,ERR,ERR,ERR,ERR,ERR,ERR,ERR,ERR,ERR,ERR,ERR,ERR,ERR,ERR,ERR,ERR,ERR,ERR,0.0,-107615384.0,-0.0,0.0,nan,1.3936040501711995e+18,7.805,118629576.0,0,0,4,48933,6720,14723890282496.0,100,0.0,0.0,0.0,0.0,0.0,0,0,0,0,0.0,0,0,0,0,0,0,0,0,0,0,0,0,0,0,0,0,0,0,0,0,0,0,0,0,0,0,0,0,0,0,0,0,0,26,51,50,76,65476,0,300,0,0,8,21553,0.0,-107605600.0,0.0,0.0,0.0,0.0,0.0,0.0,0.0,0.0,0.0,0.0,0.0,0.0,0.0,0.0,0.0,0.0,0.0,0.0,0.0,0.0,2.004,-2.004,-0.0,2.004,0.0,0.0,0.0,0.0,4814.0,-1.5879282197463203e+29,7262.0,0.0,-107615384.0,0.0,0.0,0.0,0.0,0.0,0.0,77,-0.0,0.0,0.0,0.0,0.0,0.0,0.0,0.0,0.0,0,0,0,0.0,0.0,0.0,0.0,0.0,0.0,0.0,0.0,0.0,0.0,0.0,0.0,0.0,0.0,0.0,0.0,0,-107875648.0,77,0.0,154,0.0,2.6533865130338155e+23,ERR,ERR,ERR,ERR,ERR,ERR,ERR,ERR,ERR,ERR,ERR,ERR,ERR,ERR,ERR,ERR,ERR,ERR,ERR,ERR,ERR,ERR,ERR,ERR,ERR,ERR,ERR,ERR,ERR,ERR,ERR,ERR,ERR,ERR,ERR,ERR,ERR,ERR,ERR,ERR,ERR,ERR,ERR,ERR,ERR,ERR,ERR,ERR,ERR,ERR,ERR,ERR,ERR,ERR,ERR,ERR,ERR,ERR,ERR,ERR,ERR,ERR,ERR,ERR,ERR,ERR,ERR,34.0,80.0,35,0.0,0.0,0.0,0.0,0.0,0.0,0.0,0.0,0.0,0.0,0.0,0.0,0.0,0.0,0.0,0.0,65.6,0,119,58,53,65476,0,300,0,0,8,20529,65476,0,0,57672,80.0,0.0,0.0,0.0,0.0,0.0
2026-06-18T02:55:14,ERR,ERR,ERR,ERR,ERR,ERR,ERR,ERR,ERR,ERR,ERR,ERR,ERR,ERR,ERR,ERR,ERR,ERR,ERR,ERR,ERR,ERR,ERR,ERR,ERR,ERR,ERR,ERR,ERR,ERR,ERR,ERR,ERR,ERR,ERR,ERR,ERR,ERR,ERR,ERR,ERR,ERR,ERR,ERR,ERR,ERR,ERR,ERR,ERR,ERR,ERR,ERR,ERR,ERR,ERR,ERR,ERR,ERR,ERR,ERR,ERR,ERR,ERR,ERR,ERR,ERR,ERR,ERR,ERR,ERR,ERR,ERR,ERR,ERR,ERR,ERR,ERR,ERR,ERR,ERR,ERR,ERR,ERR,ERR,ERR,ERR,ERR,ERR,ERR,ERR,ERR,ERR,ERR,ERR,ERR,ERR,ERR,ERR,ERR,ERR,ERR,ERR,ERR,ERR,ERR,ERR,ERR,ERR,ERR,ERR,ERR,ERR,ERR,ERR,ERR,ERR,ERR,ERR,ERR,ERR,ERR,ERR,ERR,ERR,ERR,0.0,-107615384.0,-0.0,2.718290229135658e+23,nan,1.3936040501711995e+18,7.805,-12113.15,0,0,4,48929,6720,14723890282496.0,100,0.0,0.0,0.0,-0.0,0.0,0,0,0,0,0.0,0,0,0,0,0,0,0,0,0,0,0,0,0,0,0,0,0,0,0,0,0,0,0,0,0,0,0,0,0,0,0,0,0,26,51,50,76,65476,0,300,0,0,8,21553,0.0,-107605600.0,0.0,0.0,0.0,0.0,0.0,0.0,0.0,0.0,0.0,0.0,0.0,0.0,0.0,0.0,0.0,0.0,0.0,0.0,0.0,0.0,2.004,-2.004,-0.0,2.004,0.0,0.0,0.0,0.0,4848.0,0.0,7232.0,0.0,-107615384.0,2.7184303811560617e+23,0.0,0.0,0.0,0.0,0.0,77,-0.0,89220.508,0.0,0.0,0.0,0.0,0.0,0.0,0.0,0,0,0,0.0,0.0,0.0,0.0,0.0,0.0,0.0,0.0,0.0,0.0,0.0,0.0,0.0,0.0,0.0,0.0,0,-107875648.0,77,0.0,154,0.0,-101056864.0,ERR,ERR,ERR,ERR,ERR,ERR,ERR,ERR,ERR,ERR,ERR,ERR,ERR,ERR,ERR,ERR,ERR,ERR,ERR,ERR,ERR,ERR,ERR,ERR,ERR,ERR,ERR,ERR,ERR,ERR,ERR,ERR,ERR,ERR,ERR,ERR,ERR,ERR,ERR,ERR,ERR,ERR,ERR,ERR,ERR,ERR,ERR,ERR,ERR,ERR,ERR,ERR,ERR,ERR,ERR,ERR,ERR,ERR,ERR,ERR,ERR,ERR,ERR,ERR,ERR,ERR,ERR,34.0,80.0,35,0.0,0.0,0.0,0.0,0.0,0.0,0.0,0.0,0.0,0.0,0.0,0.0,0.0,0.0,0.0,0.0,65.6,0,119,58,53,65476,0,300,0,0,8,20529,65476,0,0,57672,80.0,0.0,0.0,0.0,0.0,0.0
2026-06-18T02:55:15,ERR,ERR,ERR,ERR,ERR,ERR,ERR,ERR,ERR,ERR,ERR,ERR,ERR,ERR,ERR,ERR,ERR,ERR,ERR,ERR,ERR,ERR,ERR,ERR,ERR,ERR,ERR,ERR,ERR,ERR,ERR,ERR,ERR,ERR,ERR,ERR,ERR,ERR,ERR,ERR,ERR,ERR,ERR,ERR,ERR,ERR,ERR,ERR,ERR,ERR,ERR,ERR,ERR,ERR,ERR,ERR,ERR,ERR,ERR,ERR,ERR,ERR,ERR,ERR,ERR,ERR,ERR,ERR,ERR,ERR,ERR,ERR,ERR,ERR,ERR,ERR,ERR,ERR,ERR,ERR,ERR,ERR,ERR,ERR,ERR,ERR,ERR,ERR,ERR,ERR,ERR,ERR,ERR,ERR,ERR,ERR,ERR,ERR,ERR,ERR,ERR,ERR,ERR,ERR,ERR,ERR,ERR,ERR,ERR,ERR,ERR,ERR,ERR,ERR,ERR,ERR,ERR,ERR,ERR,ERR,ERR,ERR,ERR,ERR,ERR,0.0,-107615384.0,-0.0,2.718290229135658e+23,nan,1.3936040501711995e+18,7.805,-12113.15,0,0,4,48929,6720,14723890282496.0,100,0.0,0.0,0.0,-0.0,0.0,0,0,0,0,0.0,0,0,0,0,0,0,0,0,0,0,0,0,0,0,0,0,0,0,0,0,0,0,0,0,0,0,0,0,0,0,0,0,0,26,51,50,76,65476,0,300,0,0,8,21553,0.0,-107605600.0,0.0,0.0,0.0,0.0,0.0,0.0,0.0,0.0,0.0,0.0,0.0,0.0,0.0,0.0,0.0,0.0,0.0,0.0,0.0,0.0,2.004,-2.004,-0.0,2.004,0.0,0.0,0.0,0.0,4848.0,0.0,7232.0,0.0,-107615384.0,2.7184303811560617e+23,0.0,0.0,0.0,0.0,0.0,77,-0.0,89220.508,0.0,0.0,0.0,0.0,0.0,0.0,0.0,0,0,0,0.0,0.0,0.0,0.0,0.0,0.0,0.0,0.0,0.0,0.0,0.0,0.0,0.0,0.0,0.0,0.0,0,-107875648.0,77,0.0,154,0.0,-101056864.0,ERR,ERR,ERR,ERR,ERR,ERR,ERR,ERR,ERR,ERR,ERR,ERR,ERR,ERR,ERR,ERR,ERR,ERR,ERR,ERR,ERR,ERR,ERR,ERR,ERR,ERR,ERR,ERR,ERR,ERR,ERR,ERR,ERR,ERR,ERR,ERR,ERR,ERR,ERR,ERR,ERR,ERR,ERR,ERR,ERR,ERR,ERR,ERR,ERR,ERR,ERR,ERR,ERR,ERR,ERR,ERR,ERR,ERR,ERR,ERR,ERR,ERR,ERR,ERR,ERR,ERR,ERR,34.0,80.0,35,0.0,0.0,0.0,0.0,0.0,0.0,0.0,0.0,0.0,0.0,0.0,0.0,0.0,0.0,0.0,0.0,65.6,0,119,58,53,65476,0,300,0,0,8,20529,65476,0,0,57672,80.0,0.0,0.0,0.0,0.0,0.0
2026-06-18T02:55:16,ERR,ERR,ERR,ERR,ERR,ERR,ERR,ERR,ERR,ERR,ERR,ERR,ERR,ERR,ERR,ERR,ERR,ERR,ERR,ERR,ERR,ERR,ERR,ERR,ERR,ERR,ERR,ERR,ERR,ERR,ERR,ERR,ERR,ERR,ERR,ERR,ERR,ERR,ERR,ERR,ERR,ERR,ERR,ERR,ERR,ERR,ERR,ERR,ERR,ERR,ERR,ERR,ERR,ERR,ERR,ERR,ERR,ERR,ERR,ERR,ERR,ERR,ERR,ERR,ERR,ERR,ERR,ERR,ERR,ERR,ERR,ERR,ERR,ERR,ERR,ERR,ERR,ERR,ERR,ERR,ERR,ERR,ERR,ERR,ERR,ERR,ERR,ERR,ERR,ERR,ERR,ERR,ERR,ERR,ERR,ERR,ERR,ERR,ERR,ERR,ERR,ERR,ERR,ERR,ERR,ERR,ERR,ERR,ERR,ERR,ERR,ERR,ERR,ERR,ERR,ERR,ERR,ERR,ERR,ERR,ERR,ERR,ERR,ERR,ERR,0.0,-107615384.0,-0.0,2.718290229135658e+23,nan,1.3936040501711995e+18,7.805,-12113.15,0,0,4,48929,6720,14723890282496.0,100,0.0,0.0,0.0,-0.0,0.0,0,0,0,0,0.0,0,0,0,0,0,0,0,0,0,0,0,0,0,0,0,0,0,0,0,0,0,0,0,0,0,0,0,0,0,0,0,0,0,26,51,50,76,65476,0,300,0,0,8,21553,0.0,-107605600.0,0.0,0.0,0.0,0.0,0.0,0.0,0.0,0.0,0.0,0.0,0.0,0.0,0.0,0.0,0.0,0.0,0.0,0.0,0.0,0.0,2.004,-2.004,-0.0,2.004,0.0,0.0,0.0,0.0,4848.0,0.0,7232.0,0.0,-107615384.0,2.7184303811560617e+23,0.0,0.0,0.0,0.0,0.0,77,-0.0,89220.508,0.0,0.0,0.0,0.0,0.0,0.0,0.0,0,0,0,0.0,0.0,0.0,0.0,0.0,0.0,0.0,0.0,0.0,0.0,0.0,0.0,0.0,0.0,0.0,0.0,0,-107875648.0,77,0.0,154,0.0,-101056864.0,ERR,ERR,ERR,ERR,ERR,ERR,ERR,ERR,ERR,ERR,ERR,ERR,ERR,ERR,ERR,ERR,ERR,ERR,ERR,ERR,ERR,ERR,ERR,ERR,ERR,ERR,ERR,ERR,ERR,ERR,ERR,ERR,ERR,ERR,ERR,ERR,ERR,ERR,ERR,ERR,ERR,ERR,ERR,ERR,ERR,ERR,ERR,ERR,ERR,ERR,ERR,ERR,ERR,ERR,ERR,ERR,ERR,ERR,ERR,ERR,ERR,ERR,ERR,ERR,ERR,ERR,ERR,34.0,80.0,35,0.0,0.0,0.0,0.0,0.0,0.0,0.0,0.0,0.0,0.0,0.0,0.0,0.0,0.0,0.0,0.0,66.4,0,119,58,53,65476,0,300,0,0,8,20529,65476,0,0,57672,80.0,0.0,0.0,0.0,0.0,0.0
2026-06-18T02:55:17,ERR,ERR,ERR,ERR,ERR,ERR,ERR,ERR,ERR,ERR,ERR,ERR,ERR,ERR,ERR,ERR,ERR,ERR,ERR,ERR,ERR,ERR,ERR,ERR,ERR,ERR,ERR,ERR,ERR,ERR,ERR,ERR,ERR,ERR,ERR,ERR,ERR,ERR,ERR,ERR,ERR,ERR,ERR,ERR,ERR,ERR,ERR,ERR,ERR,ERR,ERR,ERR,ERR,ERR,ERR,ERR,ERR,ERR,ERR,ERR,ERR,ERR,ERR,ERR,ERR,ERR,ERR,ERR,ERR,ERR,ERR,ERR,ERR,ERR,ERR,ERR,ERR,ERR,ERR,ERR,ERR,ERR,ERR,ERR,ERR,ERR,ERR,ERR,ERR,ERR,ERR,ERR,ERR,ERR,ERR,ERR,ERR,ERR,ERR,ERR,ERR,ERR,ERR,ERR,ERR,ERR,ERR,ERR,ERR,ERR,ERR,ERR,ERR,ERR,ERR,ERR,ERR,ERR,ERR,ERR,ERR,ERR,ERR,ERR,ERR,0.0,-107615384.0,-0.0,2.718290229135658e+23,nan,1.3936040501711995e+18,7.805,-12113.15,0,0,4,48929,6720,14723890282496.0,100,0.0,0.0,0.0,-0.0,0.0,0,0,0,0,0.0,0,0,0,0,0,0,0,0,0,0,0,0,0,0,0,0,0,0,0,0,0,0,0,0,0,0,0,0,0,0,0,0,0,26,51,50,76,65476,0,300,0,0,8,21553,0.0,-107605600.0,0.0,0.0,0.0,0.0,0.0,0.0,0.0,0.0,0.0,0.0,0.0,0.0,0.0,0.0,0.0,0.0,0.0,0.0,0.0,0.0,2.004,-2.004,-0.0,2.004,0.0,0.0,0.0,0.0,4848.0,0.0,7232.0,0.0,-107615384.0,2.7184303811560617e+23,0.0,0.0,0.0,0.0,0.0,77,-0.0,89220.508,0.0,0.0,0.0,0.0,0.0,0.0,0.0,0,0,0,0.0,0.0,0.0,0.0,0.0,0.0,0.0,0.0,0.0,0.0,0.0,0.0,0.0,0.0,0.0,0.0,0,-107875648.0,77,0.0,154,0.0,-101056864.0,ERR,ERR,ERR,ERR,ERR,ERR,ERR,ERR,ERR,ERR,ERR,ERR,ERR,ERR,ERR,ERR,ERR,ERR,ERR,ERR,ERR,ERR,ERR,ERR,ERR,ERR,ERR,ERR,ERR,ERR,ERR,ERR,ERR,ERR,ERR,ERR,ERR,ERR,ERR,ERR,ERR,ERR,ERR,ERR,ERR,ERR,ERR,ERR,ERR,ERR,ERR,ERR,ERR,ERR,ERR,ERR,ERR,ERR,ERR,ERR,ERR,ERR,ERR,ERR,ERR,ERR,ERR,34.0,80.0,35,0.0,0.0,0.0,0.0,0.0,0.0,0.0,0.0,0.0,0.0,0.0,0.0,0.0,0.0,0.0,0.0,66.4,0,119,58,53,65476,0,300,0,0,8,20529,65476,0,0,57672,80.0,0.0,0.0,0.0,0.0,0.0
2026-06-18T02:55:18,ERR,ERR,ERR,ERR,ERR,ERR,ERR,ERR,ERR,ERR,ERR,ERR,ERR,ERR,ERR,ERR,ERR,ERR,ERR,ERR,ERR,ERR,ERR,ERR,ERR,ERR,ERR,ERR,ERR,ERR,ERR,ERR,ERR,ERR,ERR,ERR,ERR,ERR,ERR,ERR,ERR,ERR,ERR,ERR,ERR,ERR,ERR,ERR,ERR,ERR,ERR,ERR,ERR,ERR,ERR,ERR,ERR,ERR,ERR,ERR,ERR,ERR,ERR,ERR,ERR,ERR,ERR,ERR,ERR,ERR,ERR,ERR,ERR,ERR,ERR,ERR,ERR,ERR,ERR,ERR,ERR,ERR,ERR,ERR,ERR,ERR,ERR,ERR,ERR,ERR,ERR,ERR,ERR,ERR,ERR,ERR,ERR,ERR,ERR,ERR,ERR,ERR,ERR,ERR,ERR,ERR,ERR,ERR,ERR,ERR,ERR,ERR,ERR,ERR,ERR,ERR,ERR,ERR,ERR,ERR,ERR,ERR,ERR,ERR,ERR,0.0,-107615384.0,-0.0,2.718290229135658e+23,nan,1.3936040501711995e+18,7.805,-12113.15,0,0,4,48929,6720,14723890282496.0,100,0.0,0.0,0.0,-0.0,0.0,0,0,0,0,0.0,0,0,0,0,0,0,0,0,0,0,0,0,0,0,0,0,0,0,0,0,0,0,0,0,0,0,0,0,0,0,0,0,0,26,51,50,76,65476,0,300,0,0,8,21553,0.0,-107605600.0,0.0,0.0,0.0,0.0,0.0,0.0,0.0,0.0,0.0,0.0,0.0,0.0,0.0,0.0,0.0,0.0,0.0,0.0,0.0,0.0,2.004,-2.004,-0.0,2.004,0.0,0.0,0.0,0.0,4848.0,0.0,7232.0,0.0,-107615384.0,2.7184303811560617e+23,0.0,0.0,0.0,0.0,0.0,77,-0.0,89220.508,0.0,0.0,0.0,0.0,0.0,0.0,0.0,0,0,0,0.0,0.0,0.0,0.0,0.0,0.0,0.0,0.0,0.0,0.0,0.0,0.0,0.0,0.0,0.0,0.0,0,-107875648.0,77,0.0,154,0.0,-101056864.0,ERR,ERR,ERR,ERR,ERR,ERR,ERR,ERR,ERR,ERR,ERR,ERR,ERR,ERR,ERR,ERR,ERR,ERR,ERR,ERR,ERR,ERR,ERR,ERR,ERR,ERR,ERR,ERR,ERR,ERR,ERR,ERR,ERR,ERR,ERR,ERR,ERR,ERR,ERR,ERR,ERR,ERR,ERR,ERR,ERR,ERR,ERR,ERR,ERR,ERR,ERR,ERR,ERR,ERR,ERR,ERR,ERR,ERR,ERR,ERR,ERR,ERR,ERR,ERR,ERR,ERR,ERR,34.0,80.0,35,0.0,0.0,0.0,0.0,0.0,0.0,0.0,0.0,0.0,0.0,0.0,0.0,0.0,0.0,0.0,0.0,65.6,0,119,58,53,65476,0,300,0,0,8,20529,65476,0,0,57672,80.0,0.0,0.0,0.0,0.0,0.0
2026-06-18T02:55:19,ERR,ERR,ERR,ERR,ERR,ERR,ERR,ERR,ERR,ERR,ERR,ERR,ERR,ERR,ERR,ERR,ERR,ERR,ERR,ERR,ERR,ERR,ERR,ERR,ERR,ERR,ERR,ERR,ERR,ERR,ERR,ERR,ERR,ERR,ERR,ERR,ERR,ERR,ERR,ERR,ERR,ERR,ERR,ERR,ERR,ERR,ERR,ERR,ERR,ERR,ERR,ERR,ERR,ERR,ERR,ERR,ERR,ERR,ERR,ERR,ERR,ERR,ERR,ERR,ERR,ERR,ERR,ERR,ERR,ERR,ERR,ERR,ERR,ERR,ERR,ERR,ERR,ERR,ERR,ERR,ERR,ERR,ERR,ERR,ERR,ERR,ERR,ERR,ERR,ERR,ERR,ERR,ERR,ERR,ERR,ERR,ERR,ERR,ERR,ERR,ERR,ERR,ERR,ERR,ERR,ERR,ERR,ERR,ERR,ERR,ERR,ERR,ERR,ERR,ERR,ERR,ERR,ERR,ERR,ERR,ERR,ERR,ERR,ERR,ERR,0.0,-107615384.0,-0.0,2.718290229135658e+23,nan,1.3936040501711995e+18,7.805,-12113.15,0,0,4,48927,6720,14723890282496.0,100,0.0,0.0,0.0,-4.9501291711397626e+32,0.0,0,0,0,0,0.0,0,0,0,0,0,0,0,0,0,0,0,0,0,0,0,0,0,0,0,0,0,0,0,0,0,0,0,0,0,0,0,0,0,26,51,50,76,65476,0,300,0,0,8,21553,0.0,-107605600.0,0.0,0.0,0.0,0.0,0.0,0.0,0.0,0.0,0.0,0.0,0.0,0.0,0.0,0.0,0.0,0.0,0.0,0.0,0.0,0.0,2.004,-2.004,2.004,2.004,0.0,0.0,0.0,0.0,4848.0,0.0,7233.0,0.0,-107615384.0,2.7184303811560617e+23,0.0,0.0,0.0,0.0,0.0,77,-0.0,1.9056847201763328e+17,0.0,0.0,0.0,0.0,0.0,0.0,0.0,0,0,0,0.0,0.0,0.0,0.0,0.0,0.0,0.0,0.0,0.0,0.0,0.0,0.0,0.0,0.0,0.0,0.0,0,-107875648.0,77,0.0,154,0.0,-101056864.0,ERR,ERR,ERR,ERR,ERR,ERR,ERR,ERR,ERR,ERR,ERR,ERR,ERR,ERR,ERR,ERR,ERR,ERR,ERR,ERR,ERR,ERR,ERR,ERR,ERR,ERR,ERR,ERR,ERR,ERR,ERR,ERR,ERR,ERR,ERR,ERR,ERR,ERR,ERR,ERR,ERR,ERR,ERR,ERR,ERR,ERR,ERR,ERR,ERR,ERR,ERR,ERR,ERR,ERR,ERR,ERR,ERR,ERR,ERR,ERR,ERR,ERR,ERR,ERR,ERR,ERR,ERR,34.0,80.0,35,0.0,0.0,0.0,0.0,0.0,0.0,0.0,0.0,0.0,0.0,0.0,0.0,0.0,0.0,0.0,0.0,65.6,0,119,58,53,65476,0,300,0,0,8,20529,65476,0,0,57672,80.0,0.0,0.0,0.0,0.0,0.0
2026-06-18T02:55:20,ERR,ERR,ERR,ERR,ERR,ERR,ERR,ERR,ERR,ERR,ERR,ERR,ERR,ERR,ERR,ERR,ERR,ERR,ERR,ERR,ERR,ERR,ERR,ERR,ERR,ERR,ERR,ERR,ERR,ERR,ERR,ERR,ERR,ERR,ERR,ERR,ERR,ERR,ERR,ERR,ERR,ERR,ERR,ERR,ERR,ERR,ERR,ERR,ERR,ERR,ERR,ERR,ERR,ERR,ERR,ERR,ERR,ERR,ERR,ERR,ERR,ERR,ERR,ERR,ERR,ERR,ERR,ERR,ERR,ERR,ERR,ERR,ERR,ERR,ERR,ERR,ERR,ERR,ERR,ERR,ERR,ERR,ERR,ERR,ERR,ERR,ERR,ERR,ERR,ERR,ERR,ERR,ERR,ERR,ERR,ERR,ERR,ERR,ERR,ERR,ERR,ERR,ERR,ERR,ERR,ERR,ERR,ERR,ERR,ERR,ERR,ERR,ERR,ERR,ERR,ERR,ERR,ERR,ERR,ERR,ERR,ERR,ERR,ERR,ERR,0.0,-107615384.0,-0.0,2.718290229135658e+23,nan,1.3936040501711995e+18,7.805,-12113.15,0,0,4,48927,6720,14723890282496.0,100,0.0,0.0,0.0,-4.9501291711397626e+32,0.0,0,0,0,0,0.0,0,0,0,0,0,0,0,0,0,0,0,0,0,0,0,0,0,0,0,0,0,0,0,0,0,0,0,0,0,0,0,0,0,26,51,50,76,65476,0,300,0,0,8,21553,0.0,-107605600.0,0.0,0.0,0.0,0.0,0.0,0.0,0.0,0.0,0.0,0.0,0.0,0.0,0.0,0.0,0.0,0.0,0.0,0.0,0.0,0.0,2.004,-2.004,2.004,2.004,0.0,0.0,0.0,0.0,4848.0,0.0,7233.0,0.0,-107615384.0,2.7184303811560617e+23,0.0,0.0,0.0,0.0,0.0,77,-0.0,1.9056847201763328e+17,0.0,0.0,0.0,0.0,0.0,0.0,0.0,0,0,0,0.0,0.0,0.0,0.0,0.0,0.0,0.0,0.0,0.0,0.0,0.0,0.0,0.0,0.0,0.0,0.0,0,-107875648.0,77,0.0,154,0.0,-101056864.0,ERR,ERR,ERR,ERR,ERR,ERR,ERR,ERR,ERR,ERR,ERR,ERR,ERR,ERR,ERR,ERR,ERR,ERR,ERR,ERR,ERR,ERR,ERR,ERR,ERR,ERR,ERR,ERR,ERR,ERR,ERR,ERR,ERR,ERR,ERR,ERR,ERR,ERR,ERR,ERR,ERR,ERR,ERR,ERR,ERR,ERR,ERR,ERR,ERR,ERR,ERR,ERR,ERR,ERR,ERR,ERR,ERR,ERR,ERR,ERR,ERR,ERR,ERR,ERR,ERR,ERR,ERR,34.0,80.0,35,0.0,0.0,0.0,0.0,0.0,0.0,0.0,0.0,0.0,0.0,0.0,0.0,0.0,0.0,0.0,0.0,65.6,0,119,57,53,65476,0,300,0,0,8,20529,65476,0,0,57672,80.0,0.0,0.0,0.0,0.0,0.0
2026-06-18T02:55:21,ERR,ERR,ERR,ERR,ERR,ERR,ERR,ERR,ERR,ERR,ERR,ERR,ERR,ERR,ERR,ERR,ERR,ERR,ERR,ERR,ERR,ERR,ERR,ERR,ERR,ERR,ERR,ERR,ERR,ERR,ERR,ERR,ERR,ERR,ERR,ERR,ERR,ERR,ERR,ERR,ERR,ERR,ERR,ERR,ERR,ERR,ERR,ERR,ERR,ERR,ERR,ERR,ERR,ERR,ERR,ERR,ERR,ERR,ERR,ERR,ERR,ERR,ERR,ERR,ERR,ERR,ERR,ERR,ERR,ERR,ERR,ERR,ERR,ERR,ERR,ERR,ERR,ERR,ERR,ERR,ERR,ERR,ERR,ERR,ERR,ERR,ERR,ERR,ERR,ERR,ERR,ERR,ERR,ERR,ERR,ERR,ERR,ERR,ERR,ERR,ERR,ERR,ERR,ERR,ERR,ERR,ERR,ERR,ERR,ERR,ERR,ERR,ERR,ERR,ERR,ERR,ERR,ERR,ERR,ERR,ERR,ERR,ERR,ERR,ERR,0.0,-107615384.0,-0.0,2.718290229135658e+23,nan,1.3936040501711995e+18,7.805,-12113.15,0,0,4,48927,6720,14723890282496.0,100,0.0,0.0,0.0,-4.9501291711397626e+32,0.0,0,0,0,0,0.0,0,0,0,0,0,0,0,0,0,0,0,0,0,0,0,0,0,0,0,0,0,0,0,0,0,0,0,0,0,0,0,0,0,26,51,50,76,65476,0,300,0,0,8,21553,0.0,-107605600.0,0.0,0.0,0.0,0.0,0.0,0.0,0.0,0.0,0.0,0.0,0.0,0.0,0.0,0.0,0.0,0.0,0.0,0.0,0.0,0.0,2.004,-2.004,2.004,2.004,0.0,0.0,0.0,0.0,4848.0,0.0,7233.0,0.0,-107615384.0,2.7184303811560617e+23,0.0,0.0,0.0,0.0,0.0,77,-0.0,1.9056847201763328e+17,0.0,0.0,0.0,0.0,0.0,0.0,0.0,0,0,0,0.0,0.0,0.0,0.0,0.0,0.0,0.0,0.0,0.0,0.0,0.0,0.0,0.0,0.0,0.0,0.0,0,-107875648.0,77,0.0,154,0.0,-101056864.0,ERR,ERR,ERR,ERR,ERR,ERR,ERR,ERR,ERR,ERR,ERR,ERR,ERR,ERR,ERR,ERR,ERR,ERR,ERR,ERR,ERR,ERR,ERR,ERR,ERR,ERR,ERR,ERR,ERR,ERR,ERR,ERR,ERR,ERR,ERR,ERR,ERR,ERR,ERR,ERR,ERR,ERR,ERR,ERR,ERR,ERR,ERR,ERR,ERR,ERR,ERR,ERR,ERR,ERR,ERR,ERR,ERR,ERR,ERR,ERR,ERR,ERR,ERR,ERR,ERR,ERR,ERR,34.0,80.0,35,0.0,0.0,0.0,0.0,0.0,0.0,0.0,0.0,0.0,0.0,0.0,0.0,0.0,0.0,0.0,0.0,65.6,0,119,57,53,65476,0,300,0,0,8,20529,65476,0,0,57672,80.0,0.0,0.0,0.0,0.0,0.0
2026-06-18T02:55:22,ERR,ERR,ERR,ERR,ERR,ERR,ERR,ERR,ERR,ERR,ERR,ERR,ERR,ERR,ERR,ERR,ERR,ERR,ERR,ERR,ERR,ERR,ERR,ERR,ERR,ERR,ERR,ERR,ERR,ERR,ERR,ERR,ERR,ERR,ERR,ERR,ERR,ERR,ERR,ERR,ERR,ERR,ERR,ERR,ERR,ERR,ERR,ERR,ERR,ERR,ERR,ERR,ERR,ERR,ERR,ERR,ERR,ERR,ERR,ERR,ERR,ERR,ERR,ERR,ERR,ERR,ERR,ERR,ERR,ERR,ERR,ERR,ERR,ERR,ERR,ERR,ERR,ERR,ERR,ERR,ERR,ERR,ERR,ERR,ERR,ERR,ERR,ERR,ERR,ERR,ERR,ERR,ERR,ERR,ERR,ERR,ERR,ERR,ERR,ERR,ERR,ERR,ERR,ERR,ERR,ERR,ERR,ERR,ERR,ERR,ERR,ERR,ERR,ERR,ERR,ERR,ERR,ERR,ERR,ERR,ERR,ERR,ERR,ERR,ERR,0.0,-107615384.0,-0.0,2.718290229135658e+23,nan,1.3936040501711995e+18,7.805,-12113.15,0,0,4,48927,6720,14723890282496.0,100,0.0,0.0,0.0,-4.9501291711397626e+32,0.0,0,0,0,0,0.0,0,0,0,0,0,0,0,0,0,0,0,0,0,0,0,0,0,0,0,0,0,0,0,0,0,0,0,0,0,0,0,0,0,26,51,50,76,65476,0,300,0,0,8,21553,0.0,-107605600.0,0.0,0.0,0.0,0.0,0.0,0.0,0.0,0.0,0.0,0.0,0.0,0.0,0.0,0.0,0.0,0.0,0.0,0.0,0.0,0.0,2.004,-2.004,2.004,2.004,0.0,0.0,0.0,0.0,4848.0,0.0,7233.0,0.0,-107615384.0,2.7184303811560617e+23,0.0,0.0,0.0,0.0,0.0,77,-0.0,1.9056847201763328e+17,0.0,0.0,0.0,0.0,0.0,0.0,0.0,0,0,0,0.0,0.0,0.0,0.0,0.0,0.0,0.0,0.0,0.0,0.0,0.0,0.0,0.0,0.0,0.0,0.0,0,-107875648.0,77,0.0,154,0.0,-101056864.0,ERR,ERR,ERR,ERR,ERR,ERR,ERR,ERR,ERR,ERR,ERR,ERR,ERR,ERR,ERR,ERR,ERR,ERR,ERR,ERR,ERR,ERR,ERR,ERR,ERR,ERR,ERR,ERR,ERR,ERR,ERR,ERR,ERR,ERR,ERR,ERR,ERR,ERR,ERR,ERR,ERR,ERR,ERR,ERR,ERR,ERR,ERR,ERR,ERR,ERR,ERR,ERR,ERR,ERR,ERR,ERR,ERR,ERR,ERR,ERR,ERR,ERR,ERR,ERR,ERR,ERR,ERR,34.0,80.0,35,0.0,0.0,0.0,0.0,0.0,0.0,0.0,0.0,0.0,0.0,0.0,0.0,0.0,0.0,0.0,0.0,65.6,0,119,57,53,65476,0,300,0,0,8,20529,65476,0,0,57672,80.0,0.0,0.0,0.0,0.0,0.0
2026-06-18T02:55:23,ERR,ERR,ERR,ERR,ERR,ERR,ERR,ERR,ERR,ERR,ERR,ERR,ERR,ERR,ERR,ERR,ERR,ERR,ERR,ERR,ERR,ERR,ERR,ERR,ERR,ERR,ERR,ERR,ERR,ERR,ERR,ERR,ERR,ERR,ERR,ERR,ERR,ERR,ERR,ERR,ERR,ERR,ERR,ERR,ERR,ERR,ERR,ERR,ERR,ERR,ERR,ERR,ERR,ERR,ERR,ERR,ERR,ERR,ERR,ERR,ERR,ERR,ERR,ERR,ERR,ERR,ERR,ERR,ERR,ERR,ERR,ERR,ERR,ERR,ERR,ERR,ERR,ERR,ERR,ERR,ERR,ERR,ERR,ERR,ERR,ERR,ERR,ERR,ERR,ERR,ERR,ERR,ERR,ERR,ERR,ERR,ERR,ERR,ERR,ERR,ERR,ERR,ERR,ERR,ERR,ERR,ERR,ERR,ERR,ERR,ERR,ERR,ERR,ERR,ERR,ERR,ERR,ERR,ERR,ERR,ERR,ERR,ERR,ERR,ERR,0.0,-107615384.0,-0.0,2.718290229135658e+23,nan,1.3936040501711995e+18,7.805,-12113.15,0,0,4,48927,6720,14723890282496.0,100,0.0,0.0,0.0,-4.9501291711397626e+32,0.0,0,0,0,0,0.0,0,0,0,0,0,0,0,0,0,0,0,0,0,0,0,0,0,0,0,0,0,0,0,0,0,0,0,0,0,0,0,0,0,26,51,50,76,65476,0,300,0,0,8,21553,0.0,-107605600.0,0.0,0.0,0.0,0.0,0.0,0.0,0.0,0.0,0.0,0.0,0.0,0.0,0.0,0.0,0.0,0.0,0.0,0.0,0.0,0.0,2.004,-2.004,2.004,2.004,0.0,0.0,0.0,0.0,4848.0,0.0,7233.0,0.0,-107615384.0,2.7184303811560617e+23,0.0,0.0,0.0,0.0,0.0,77,-0.0,1.9056847201763328e+17,0.0,0.0,0.0,0.0,0.0,0.0,0.0,0,0,0,0.0,0.0,0.0,0.0,0.0,0.0,0.0,0.0,0.0,0.0,0.0,0.0,0.0,0.0,0.0,0.0,0,-107875648.0,77,0.0,154,0.0,-101056864.0,ERR,ERR,ERR,ERR,ERR,ERR,ERR,ERR,ERR,ERR,ERR,ERR,ERR,ERR,ERR,ERR,ERR,ERR,ERR,ERR,ERR,ERR,ERR,ERR,ERR,ERR,ERR,ERR,ERR,ERR,ERR,ERR,ERR,ERR,ERR,ERR,ERR,ERR,ERR,ERR,ERR,ERR,ERR,ERR,ERR,ERR,ERR,ERR,ERR,ERR,ERR,ERR,ERR,ERR,ERR,ERR,ERR,ERR,ERR,ERR,ERR,ERR,ERR,ERR,ERR,ERR,ERR,34.0,80.0,35,0.0,0.0,0.0,0.0,0.0,0.0,0.0,0.0,0.0,0.0,0.0,0.0,0.0,0.0,0.0,0.0,65.6,0,119,57,53,65476,0,300,0,0,8,20529,65476,0,0,57672,80.0,0.0,0.0,0.0,0.0,0.0
2026-06-18T02:55:24,ERR,ERR,ERR,ERR,ERR,ERR,ERR,ERR,ERR,ERR,ERR,ERR,ERR,ERR,ERR,ERR,ERR,ERR,ERR,ERR,ERR,ERR,ERR,ERR,ERR,ERR,ERR,ERR,ERR,ERR,ERR,ERR,ERR,ERR,ERR,ERR,ERR,ERR,ERR,ERR,ERR,ERR,ERR,ERR,ERR,ERR,ERR,ERR,ERR,ERR,ERR,ERR,ERR,ERR,ERR,ERR,ERR,ERR,ERR,ERR,ERR,ERR,ERR,ERR,ERR,ERR,ERR,ERR,ERR,ERR,ERR,ERR,ERR,ERR,ERR,ERR,ERR,ERR,ERR,ERR,ERR,ERR,ERR,ERR,ERR,ERR,ERR,ERR,ERR,ERR,ERR,ERR,ERR,ERR,ERR,ERR,ERR,ERR,ERR,ERR,ERR,ERR,ERR,ERR,ERR,ERR,ERR,ERR,ERR,ERR,ERR,ERR,ERR,ERR,ERR,ERR,ERR,ERR,ERR,ERR,ERR,ERR,ERR,ERR,ERR,0.0,-107615384.0,-0.0,2.718290229135658e+23,nan,1.3936040501711995e+18,7.805,-12113.15,0,0,4,48924,6720,14723890282496.0,100,0.0,0.0,0.0,2.718290229135658e+23,0.0,0,0,0,0,0.0,0,0,0,0,0,0,0,0,0,0,0,0,0,0,0,0,0,0,0,0,0,0,0,0,0,0,0,0,0,0,0,0,0,26,51,50,76,65476,0,300,0,0,8,21553,0.0,-107605600.0,0.0,0.0,0.0,0.0,0.0,0.0,0.0,0.0,0.0,0.0,0.0,0.0,0.0,0.0,0.0,0.0,0.0,0.0,0.0,0.0,2.004,-2.004,-0.0,2.004,0.0,0.0,0.0,0.0,4849.0,0.0,7236.0,0.0,-107615384.0,2.7184303811560617e+23,0.0,0.0,0.0,0.0,0.0,77,-0.0,4.0668510134893235e+29,0.0,0.0,0.0,0.0,0.0,0.0,0.0,0,0,0,0.0,0.0,0.0,0.0,0.0,0.0,0.0,0.0,0.0,0.0,0.0,0.0,0.0,0.0,0.0,0.0,0,-107875648.0,77,0.0,154,0.0,2.6533865130338155e+23,ERR,ERR,ERR,ERR,ERR,ERR,ERR,ERR,ERR,ERR,ERR,ERR,ERR,ERR,ERR,ERR,ERR,ERR,ERR,ERR,ERR,ERR,ERR,ERR,ERR,ERR,ERR,ERR,ERR,ERR,ERR,ERR,ERR,ERR,ERR,ERR,ERR,ERR,ERR,ERR,ERR,ERR,ERR,ERR,ERR,ERR,ERR,ERR,ERR,ERR,ERR,ERR,ERR,ERR,ERR,ERR,ERR,ERR,ERR,ERR,ERR,ERR,ERR,ERR,ERR,ERR,ERR,34.0,80.0,35,0.0,0.0,0.0,0.0,0.0,0.0,0.0,0.0,0.0,0.0,0.0,0.0,0.0,0.0,0.0,0.0,65.6,0,119,57,53,65476,0,300,0,0,8,20529,65476,0,0,57672,80.0,0.0,0.0,0.0,0.0,0.0
2026-06-18T02:55:25,ERR,ERR,ERR,ERR,ERR,ERR,ERR,ERR,ERR,ERR,ERR,ERR,ERR,ERR,ERR,ERR,ERR,ERR,ERR,ERR,ERR,ERR,ERR,ERR,ERR,ERR,ERR,ERR,ERR,ERR,ERR,ERR,ERR,ERR,ERR,ERR,ERR,ERR,ERR,ERR,ERR,ERR,ERR,ERR,ERR,ERR,ERR,ERR,ERR,ERR,ERR,ERR,ERR,ERR,ERR,ERR,ERR,ERR,ERR,ERR,ERR,ERR,ERR,ERR,ERR,ERR,ERR,ERR,ERR,ERR,ERR,ERR,ERR,ERR,ERR,ERR,ERR,ERR,ERR,ERR,ERR,ERR,ERR,ERR,ERR,ERR,ERR,ERR,ERR,ERR,ERR,ERR,ERR,ERR,ERR,ERR,ERR,ERR,ERR,ERR,ERR,ERR,ERR,ERR,ERR,ERR,ERR,ERR,ERR,ERR,ERR,ERR,ERR,ERR,ERR,ERR,ERR,ERR,ERR,ERR,ERR,ERR,ERR,ERR,ERR,0.0,-107615384.0,-0.0,2.718290229135658e+23,nan,1.3936040501711995e+18,7.805,-12113.15,0,0,4,48924,6720,14723890282496.0,100,0.0,0.0,0.0,2.718290229135658e+23,0.0,0,0,0,0,0.0,0,0,0,0,0,0,0,0,0,0,0,0,0,0,0,0,0,0,0,0,0,0,0,0,0,0,0,0,0,0,0,0,0,26,51,50,76,65476,0,300,0,0,8,21553,0.0,-107605600.0,0.0,0.0,0.0,0.0,0.0,0.0,0.0,0.0,0.0,0.0,0.0,0.0,0.0,0.0,0.0,0.0,0.0,0.0,0.0,0.0,2.004,-2.004,-0.0,2.004,0.0,0.0,0.0,0.0,4849.0,0.0,7236.0,0.0,-107615384.0,2.7184303811560617e+23,0.0,0.0,0.0,0.0,0.0,77,-0.0,4.0668510134893235e+29,0.0,0.0,0.0,0.0,0.0,0.0,0.0,0,0,0,0.0,0.0,0.0,0.0,0.0,0.0,0.0,0.0,0.0,0.0,0.0,0.0,0.0,0.0,0.0,0.0,0,-107875648.0,77,0.0,154,0.0,2.6533865130338155e+23,ERR,ERR,ERR,ERR,ERR,ERR,ERR,ERR,ERR,ERR,ERR,ERR,ERR,ERR,ERR,ERR,ERR,ERR,ERR,ERR,ERR,ERR,ERR,ERR,ERR,ERR,ERR,ERR,ERR,ERR,ERR,ERR,ERR,ERR,ERR,ERR,ERR,ERR,ERR,ERR,ERR,ERR,ERR,ERR,ERR,ERR,ERR,ERR,ERR,ERR,ERR,ERR,ERR,ERR,ERR,ERR,ERR,ERR,ERR,ERR,ERR,ERR,ERR,ERR,ERR,ERR,ERR,34.0,80.0,35,0.0,0.0,0.0,0.0,0.0,0.0,0.0,0.0,0.0,0.0,0.0,0.0,0.0,0.0,0.0,0.0,65.6,0,119,57,53,65476,0,300,0,0,8,20529,65476,0,0,57672,80.0,0.0,0.0,0.0,0.0,0.0
2026-06-18T02:55:26,ERR,ERR,ERR,ERR,ERR,ERR,ERR,ERR,ERR,ERR,ERR,ERR,ERR,ERR,ERR,ERR,ERR,ERR,ERR,ERR,ERR,ERR,ERR,ERR,ERR,ERR,ERR,ERR,ERR,ERR,ERR,ERR,ERR,ERR,ERR,ERR,ERR,ERR,ERR,ERR,ERR,ERR,ERR,ERR,ERR,ERR,ERR,ERR,ERR,ERR,ERR,ERR,ERR,ERR,ERR,ERR,ERR,ERR,ERR,ERR,ERR,ERR,ERR,ERR,ERR,ERR,ERR,ERR,ERR,ERR,ERR,ERR,ERR,ERR,ERR,ERR,ERR,ERR,ERR,ERR,ERR,ERR,ERR,ERR,ERR,ERR,ERR,ERR,ERR,ERR,ERR,ERR,ERR,ERR,ERR,ERR,ERR,ERR,ERR,ERR,ERR,ERR,ERR,ERR,ERR,ERR,ERR,ERR,ERR,ERR,ERR,ERR,ERR,ERR,ERR,ERR,ERR,ERR,ERR,ERR,ERR,ERR,ERR,ERR,ERR,0.0,-107615384.0,-0.0,2.718290229135658e+23,nan,1.3936040501711995e+18,7.805,-12113.15,0,0,4,48924,6720,14723890282496.0,100,0.0,0.0,0.0,2.718290229135658e+23,0.0,0,0,0,0,0.0,0,0,0,0,0,0,0,0,0,0,0,0,0,0,0,0,0,0,0,0,0,0,0,0,0,0,0,0,0,0,0,0,0,26,51,50,76,65476,0,300,0,0,8,21553,0.0,-107605600.0,0.0,0.0,0.0,0.0,0.0,0.0,0.0,0.0,0.0,0.0,0.0,0.0,0.0,0.0,0.0,0.0,0.0,0.0,0.0,0.0,2.004,-2.004,-0.0,2.004,0.0,0.0,0.0,0.0,4849.0,0.0,7236.0,0.0,-107615384.0,2.7184303811560617e+23,0.0,0.0,0.0,0.0,0.0,77,-0.0,4.0668510134893235e+29,0.0,0.0,0.0,0.0,0.0,0.0,0.0,0,0,0,0.0,0.0,0.0,0.0,0.0,0.0,0.0,0.0,0.0,0.0,0.0,0.0,0.0,0.0,0.0,0.0,0,-107875648.0,77,0.0,154,0.0,2.6533865130338155e+23,ERR,ERR,ERR,ERR,ERR,ERR,ERR,ERR,ERR,ERR,ERR,ERR,ERR,ERR,ERR,ERR,ERR,ERR,ERR,ERR,ERR,ERR,ERR,ERR,ERR,ERR,ERR,ERR,ERR,ERR,ERR,ERR,ERR,ERR,ERR,ERR,ERR,ERR,ERR,ERR,ERR,ERR,ERR,ERR,ERR,ERR,ERR,ERR,ERR,ERR,ERR,ERR,ERR,ERR,ERR,ERR,ERR,ERR,ERR,ERR,ERR,ERR,ERR,ERR,ERR,ERR,ERR,34.0,80.0,35,0.0,0.0,0.0,0.0,0.0,0.0,0.0,0.0,0.0,0.0,0.0,0.0,0.0,0.0,0.0,0.0,65.6,0,119,57,53,65476,0,300,0,0,8,20529,65476,0,0,57672,80.0,0.0,0.0,0.0,0.0,0.0
2026-06-18T02:55:27,ERR,ERR,ERR,ERR,ERR,ERR,ERR,ERR,ERR,ERR,ERR,ERR,ERR,ERR,ERR,ERR,ERR,ERR,ERR,ERR,ERR,ERR,ERR,ERR,ERR,ERR,ERR,ERR,ERR,ERR,ERR,ERR,ERR,ERR,ERR,ERR,ERR,ERR,ERR,ERR,ERR,ERR,ERR,ERR,ERR,ERR,ERR,ERR,ERR,ERR,ERR,ERR,ERR,ERR,ERR,ERR,ERR,ERR,ERR,ERR,ERR,ERR,ERR,ERR,ERR,ERR,ERR,ERR,ERR,ERR,ERR,ERR,ERR,ERR,ERR,ERR,ERR,ERR,ERR,ERR,ERR,ERR,ERR,ERR,ERR,ERR,ERR,ERR,ERR,ERR,ERR,ERR,ERR,ERR,ERR,ERR,ERR,ERR,ERR,ERR,ERR,ERR,ERR,ERR,ERR,ERR,ERR,ERR,ERR,ERR,ERR,ERR,ERR,ERR,ERR,ERR,ERR,ERR,ERR,ERR,ERR,ERR,ERR,ERR,ERR,0.0,-107615384.0,-0.0,2.718290229135658e+23,nan,1.3936040501711995e+18,7.805,-12113.15,0,0,4,48924,6720,14723890282496.0,100,0.0,0.0,0.0,2.718290229135658e+23,0.0,0,0,0,0,0.0,0,0,0,0,0,0,0,0,0,0,0,0,0,0,0,0,0,0,0,0,0,0,0,0,0,0,0,0,0,0,0,0,0,26,51,50,76,65476,0,300,0,0,8,21553,0.0,-107605600.0,0.0,0.0,0.0,0.0,0.0,0.0,0.0,0.0,0.0,0.0,0.0,0.0,0.0,0.0,0.0,0.0,0.0,0.0,0.0,0.0,2.004,-2.004,-0.0,2.004,0.0,0.0,0.0,0.0,4849.0,0.0,7236.0,0.0,-107615384.0,2.7184303811560617e+23,0.0,0.0,0.0,0.0,0.0,77,-0.0,4.0668510134893235e+29,0.0,0.0,0.0,0.0,0.0,0.0,0.0,0,0,0,0.0,0.0,0.0,0.0,0.0,0.0,0.0,0.0,0.0,0.0,0.0,0.0,0.0,0.0,0.0,0.0,0,-107875648.0,77,0.0,154,0.0,2.6533865130338155e+23,ERR,ERR,ERR,ERR,ERR,ERR,ERR,ERR,ERR,ERR,ERR,ERR,ERR,ERR,ERR,ERR,ERR,ERR,ERR,ERR,ERR,ERR,ERR,ERR,ERR,ERR,ERR,ERR,ERR,ERR,ERR,ERR,ERR,ERR,ERR,ERR,ERR,ERR,ERR,ERR,ERR,ERR,ERR,ERR,ERR,ERR,ERR,ERR,ERR,ERR,ERR,ERR,ERR,ERR,ERR,ERR,ERR,ERR,ERR,ERR,ERR,ERR,ERR,ERR,ERR,ERR,ERR,34.0,80.0,35,0.0,0.0,0.0,0.0,0.0,0.0,0.0,0.0,0.0,0.0,0.0,0.0,0.0,0.0,0.0,0.0,65.6,0,119,57,53,65476,0,300,0,0,8,20529,65476,0,0,57672,80.0,0.0,0.0,0.0,0.0,0.0
2026-06-18T02:55:28,ERR,ERR,ERR,ERR,ERR,ERR,ERR,ERR,ERR,ERR,ERR,ERR,ERR,ERR,ERR,ERR,ERR,ERR,ERR,ERR,ERR,ERR,ERR,ERR,ERR,ERR,ERR,ERR,ERR,ERR,ERR,ERR,ERR,ERR,ERR,ERR,ERR,ERR,ERR,ERR,ERR,ERR,ERR,ERR,ERR,ERR,ERR,ERR,ERR,ERR,ERR,ERR,ERR,ERR,ERR,ERR,ERR,ERR,ERR,ERR,ERR,ERR,ERR,ERR,ERR,ERR,ERR,ERR,ERR,ERR,ERR,ERR,ERR,ERR,ERR,ERR,ERR,ERR,ERR,ERR,ERR,ERR,ERR,ERR,ERR,ERR,ERR,ERR,ERR,ERR,ERR,ERR,ERR,ERR,ERR,ERR,ERR,ERR,ERR,ERR,ERR,ERR,ERR,ERR,ERR,ERR,ERR,ERR,ERR,ERR,ERR,ERR,ERR,ERR,ERR,ERR,ERR,ERR,ERR,ERR,ERR,ERR,ERR,ERR,ERR,0.0,-107615384.0,-0.0,2.718290229135658e+23,nan,1.3936040501711995e+18,7.805,-12113.15,0,0,4,48924,6720,14723890282496.0,100,0.0,0.0,0.0,2.718290229135658e+23,0.0,0,0,0,0,0.0,0,0,0,0,0,0,0,0,0,0,0,0,0,0,0,0,0,0,0,0,0,0,0,0,0,0,0,0,0,0,0,0,0,26,51,50,76,65476,0,300,0,0,8,21553,0.0,-107605600.0,0.0,0.0,0.0,0.0,0.0,0.0,0.0,0.0,0.0,0.0,0.0,0.0,0.0,0.0,0.0,0.0,0.0,0.0,0.0,0.0,2.004,-2.004,-0.0,2.004,0.0,0.0,0.0,0.0,4849.0,0.0,7236.0,0.0,-107615384.0,2.7184303811560617e+23,0.0,0.0,0.0,0.0,0.0,77,-0.0,4.0668510134893235e+29,0.0,0.0,0.0,0.0,0.0,0.0,0.0,0,0,0,0.0,0.0,0.0,0.0,0.0,0.0,0.0,0.0,0.0,0.0,0.0,0.0,0.0,0.0,0.0,0.0,0,-107875648.0,77,0.0,154,0.0,2.6533865130338155e+23,ERR,ERR,ERR,ERR,ERR,ERR,ERR,ERR,ERR,ERR,ERR,ERR,ERR,ERR,ERR,ERR,ERR,ERR,ERR,ERR,ERR,ERR,ERR,ERR,ERR,ERR,ERR,ERR,ERR,ERR,ERR,ERR,ERR,ERR,ERR,ERR,ERR,ERR,ERR,ERR,ERR,ERR,ERR,ERR,ERR,ERR,ERR,ERR,ERR,ERR,ERR,ERR,ERR,ERR,ERR,ERR,ERR,ERR,ERR,ERR,ERR,ERR,ERR,ERR,ERR,ERR,ERR,34.0,80.0,35,0.0,0.0,0.0,0.0,0.0,0.0,0.0,0.0,0.0,0.0,0.0,0.0,0.0,0.0,0.0,0.0,65.6,0,119,57,53,65476,0,300,0,0,8,20529,65476,0,0,57672,80.0,0.0,0.0,0.0,0.0,0.0
2026-06-18T02:55:29,ERR,ERR,ERR,ERR,ERR,ERR,ERR,ERR,ERR,ERR,ERR,ERR,ERR,ERR,ERR,ERR,ERR,ERR,ERR,ERR,ERR,ERR,ERR,ERR,ERR,ERR,ERR,ERR,ERR,ERR,ERR,ERR,ERR,ERR,ERR,ERR,ERR,ERR,ERR,ERR,ERR,ERR,ERR,ERR,ERR,ERR,ERR,ERR,ERR,ERR,ERR,ERR,ERR,ERR,ERR,ERR,ERR,ERR,ERR,ERR,ERR,ERR,ERR,ERR,ERR,ERR,ERR,ERR,ERR,ERR,ERR,ERR,ERR,ERR,ERR,ERR,ERR,ERR,ERR,ERR,ERR,ERR,ERR,ERR,ERR,ERR,ERR,ERR,ERR,ERR,ERR,ERR,ERR,ERR,ERR,ERR,ERR,ERR,ERR,ERR,ERR,ERR,ERR,ERR,ERR,ERR,ERR,ERR,ERR,ERR,ERR,ERR,ERR,ERR,ERR,ERR,ERR,ERR,ERR,ERR,ERR,ERR,ERR,ERR,ERR,0.0,-107615384.0,-0.0,-4.9501291711397626e+32,nan,1.3936040501711995e+18,7.805,-0.0,0,0,4,48932,6720,14723890282496.0,100,0.0,0.0,0.0,0.0,0.0,0,0,0,0,0.0,0,0,0,0,0,0,0,0,0,0,0,0,0,0,0,0,0,0,0,0,0,0,0,0,0,0,0,0,0,0,0,0,0,26,51,50,76,65476,0,300,0,0,8,21553,0.0,-107605600.0,0.0,0.0,0.0,0.0,0.0,0.0,0.0,0.0,0.0,0.0,0.0,0.0,0.0,0.0,0.0,0.0,0.0,0.0,0.0,0.0,2.004,-2.004,2.004,2.004,0.0,0.0,0.0,0.0,4816.0,-564145430724608.0,7259.0,0.0,-107615384.0,0.0,0.0,0.0,0.0,0.0,0.0,77,-0.0,0.0,0.0,0.0,0.0,0.0,0.0,0.0,0.0,0,0,0,0.0,0.0,0.0,0.0,0.0,0.0,0.0,0.0,0.0,0.0,0.0,0.0,0.0,0.0,0.0,0.0,0,-107875648.0,77,0.0,154,0.0,-101056864.0,ERR,ERR,ERR,ERR,ERR,ERR,ERR,ERR,ERR,ERR,ERR,ERR,ERR,ERR,ERR,ERR,ERR,ERR,ERR,ERR,ERR,ERR,ERR,ERR,ERR,ERR,ERR,ERR,ERR,ERR,ERR,ERR,ERR,ERR,ERR,ERR,ERR,ERR,ERR,ERR,ERR,ERR,ERR,ERR,ERR,ERR,ERR,ERR,ERR,ERR,ERR,ERR,ERR,ERR,ERR,ERR,ERR,ERR,ERR,ERR,ERR,ERR,ERR,ERR,ERR,ERR,ERR,34.0,80.0,35,0.0,0.0,0.0,0.0,0.0,0.0,0.0,0.0,0.0,0.0,0.0,0.0,0.0,0.0,0.0,0.0,65.6,0,119,57,53,65476,0,300,0,0,8,20529,65476,0,0,57672,80.0,0.0,0.0,0.0,0.0,0.0
2026-06-18T02:55:30,ERR,ERR,ERR,ERR,ERR,ERR,ERR,ERR,ERR,ERR,ERR,ERR,ERR,ERR,ERR,ERR,ERR,ERR,ERR,ERR,ERR,ERR,ERR,ERR,ERR,ERR,ERR,ERR,ERR,ERR,ERR,ERR,ERR,ERR,ERR,ERR,ERR,ERR,ERR,ERR,ERR,ERR,ERR,ERR,ERR,ERR,ERR,ERR,ERR,ERR,ERR,ERR,ERR,ERR,ERR,ERR,ERR,ERR,ERR,ERR,ERR,ERR,ERR,ERR,ERR,ERR,ERR,ERR,ERR,ERR,ERR,ERR,ERR,ERR,ERR,ERR,ERR,ERR,ERR,ERR,ERR,ERR,ERR,ERR,ERR,ERR,ERR,ERR,ERR,ERR,ERR,ERR,ERR,ERR,ERR,ERR,ERR,ERR,ERR,ERR,ERR,ERR,ERR,ERR,ERR,ERR,ERR,ERR,ERR,ERR,ERR,ERR,ERR,ERR,ERR,ERR,ERR,ERR,ERR,ERR,ERR,ERR,ERR,ERR,ERR,0.0,-107615384.0,-0.0,-4.9501291711397626e+32,nan,1.3936040501711995e+18,7.805,-0.0,0,0,4,48932,6720,14723890282496.0,100,0.0,0.0,0.0,0.0,0.0,0,0,0,0,0.0,0,0,0,0,0,0,0,0,0,0,0,0,0,0,0,0,0,0,0,0,0,0,0,0,0,0,0,0,0,0,0,0,0,26,51,50,76,65476,0,300,0,0,8,21553,0.0,-107605600.0,0.0,0.0,0.0,0.0,0.0,0.0,0.0,0.0,0.0,0.0,0.0,0.0,0.0,0.0,0.0,0.0,0.0,0.0,0.0,0.0,2.004,-2.004,2.004,2.004,0.0,0.0,0.0,0.0,4816.0,-564145430724608.0,7259.0,0.0,-107615384.0,0.0,0.0,0.0,0.0,0.0,0.0,77,-0.0,0.0,0.0,0.0,0.0,0.0,0.0,0.0,0.0,0,0,0,0.0,0.0,0.0,0.0,0.0,0.0,0.0,0.0,0.0,0.0,0.0,0.0,0.0,0.0,0.0,0.0,0,-107875648.0,77,0.0,154,0.0,-101056864.0,ERR,ERR,ERR,ERR,ERR,ERR,ERR,ERR,ERR,ERR,ERR,ERR,ERR,ERR,ERR,ERR,ERR,ERR,ERR,ERR,ERR,ERR,ERR,ERR,ERR,ERR,ERR,ERR,ERR,ERR,ERR,ERR,ERR,ERR,ERR,ERR,ERR,ERR,ERR,ERR,ERR,ERR,ERR,ERR,ERR,ERR,ERR,ERR,ERR,ERR,ERR,ERR,ERR,ERR,ERR,ERR,ERR,ERR,ERR,ERR,ERR,ERR,ERR,ERR,ERR,ERR,ERR,34.0,80.0,35,0.0,0.0,0.0,0.0,0.0,0.0,0.0,0.0,0.0,0.0,0.0,0.0,0.0,0.0,0.0,0.0,65.6,0,119,57,53,65476,0,300,0,0,8,20529,65476,0,0,57672,80.0,0.0,0.0,0.0,0.0,0.0
2026-06-18T02:55:31,ERR,ERR,ERR,ERR,ERR,ERR,ERR,ERR,ERR,ERR,ERR,ERR,ERR,ERR,ERR,ERR,ERR,ERR,ERR,ERR,ERR,ERR,ERR,ERR,ERR,ERR,ERR,ERR,ERR,ERR,ERR,ERR,ERR,ERR,ERR,ERR,ERR,ERR,ERR,ERR,ERR,ERR,ERR,ERR,ERR,ERR,ERR,ERR,ERR,ERR,ERR,ERR,ERR,ERR,ERR,ERR,ERR,ERR,ERR,ERR,ERR,ERR,ERR,ERR,ERR,ERR,ERR,ERR,ERR,ERR,ERR,ERR,ERR,ERR,ERR,ERR,ERR,ERR,ERR,ERR,ERR,ERR,ERR,ERR,ERR,ERR,ERR,ERR,ERR,ERR,ERR,ERR,ERR,ERR,ERR,ERR,ERR,ERR,ERR,ERR,ERR,ERR,ERR,ERR,ERR,ERR,ERR,ERR,ERR,ERR,ERR,ERR,ERR,ERR,ERR,ERR,ERR,ERR,ERR,ERR,ERR,ERR,ERR,ERR,ERR,0.0,-107615384.0,-0.0,-4.9501291711397626e+32,nan,1.3936040501711995e+18,7.805,-0.0,0,0,4,48932,6720,14723890282496.0,100,0.0,0.0,0.0,0.0,0.0,0,0,0,0,0.0,0,0,0,0,0,0,0,0,0,0,0,0,0,0,0,0,0,0,0,0,0,0,0,0,0,0,0,0,0,0,0,0,0,26,51,50,76,65476,0,300,0,0,8,21553,0.0,-107605600.0,0.0,0.0,0.0,0.0,0.0,0.0,0.0,0.0,0.0,0.0,0.0,0.0,0.0,0.0,0.0,0.0,0.0,0.0,0.0,0.0,2.004,-2.004,2.004,2.004,0.0,0.0,0.0,0.0,4816.0,-564145430724608.0,7259.0,0.0,-107615384.0,0.0,0.0,0.0,0.0,0.0,0.0,77,-0.0,0.0,0.0,0.0,0.0,0.0,0.0,0.0,0.0,0,0,0,0.0,0.0,0.0,0.0,0.0,0.0,0.0,0.0,0.0,0.0,0.0,0.0,0.0,0.0,0.0,0.0,0,-107875648.0,77,0.0,154,0.0,-101056864.0,ERR,ERR,ERR,ERR,ERR,ERR,ERR,ERR,ERR,ERR,ERR,ERR,ERR,ERR,ERR,ERR,ERR,ERR,ERR,ERR,ERR,ERR,ERR,ERR,ERR,ERR,ERR,ERR,ERR,ERR,ERR,ERR,ERR,ERR,ERR,ERR,ERR,ERR,ERR,ERR,ERR,ERR,ERR,ERR,ERR,ERR,ERR,ERR,ERR,ERR,ERR,ERR,ERR,ERR,ERR,ERR,ERR,ERR,ERR,ERR,ERR,ERR,ERR,ERR,ERR,ERR,ERR,34.0,80.0,35,0.0,0.0,0.0,0.0,0.0,0.0,0.0,0.0,0.0,0.0,0.0,0.0,0.0,0.0,0.0,0.0,65.6,0,119,57,53,65476,0,300,0,0,8,20529,65476,0,0,57672,80.0,0.0,0.0,0.0,0.0,0.0
2026-06-18T02:55:32,ERR,ERR,ERR,ERR,ERR,ERR,ERR,ERR,ERR,ERR,ERR,ERR,ERR,ERR,ERR,ERR,ERR,ERR,ERR,ERR,ERR,ERR,ERR,ERR,ERR,ERR,ERR,ERR,ERR,ERR,ERR,ERR,ERR,ERR,ERR,ERR,ERR,ERR,ERR,ERR,ERR,ERR,ERR,ERR,ERR,ERR,ERR,ERR,ERR,ERR,ERR,ERR,ERR,ERR,ERR,ERR,ERR,ERR,ERR,ERR,ERR,ERR,ERR,ERR,ERR,ERR,ERR,ERR,ERR,ERR,ERR,ERR,ERR,ERR,ERR,ERR,ERR,ERR,ERR,ERR,ERR,ERR,ERR,ERR,ERR,ERR,ERR,ERR,ERR,ERR,ERR,ERR,ERR,ERR,ERR,ERR,ERR,ERR,ERR,ERR,ERR,ERR,ERR,ERR,ERR,ERR,ERR,ERR,ERR,ERR,ERR,ERR,ERR,ERR,ERR,ERR,ERR,ERR,ERR,ERR,ERR,ERR,ERR,ERR,ERR,0.0,-107615384.0,-0.0,-4.9501291711397626e+32,nan,1.3936040501711995e+18,7.805,-0.0,0,0,4,48932,6720,14723890282496.0,100,0.0,0.0,0.0,0.0,0.0,0,0,0,0,0.0,0,0,0,0,0,0,0,0,0,0,0,0,0,0,0,0,0,0,0,0,0,0,0,0,0,0,0,0,0,0,0,0,0,26,51,50,76,65476,0,300,0,0,8,21553,0.0,-107605600.0,0.0,0.0,0.0,0.0,0.0,0.0,0.0,0.0,0.0,0.0,0.0,0.0,0.0,0.0,0.0,0.0,0.0,0.0,0.0,0.0,2.004,-2.004,2.004,2.004,0.0,0.0,0.0,0.0,4816.0,-564145430724608.0,7259.0,0.0,-107615384.0,0.0,0.0,0.0,0.0,0.0,0.0,77,-0.0,0.0,0.0,0.0,0.0,0.0,0.0,0.0,0.0,0,0,0,0.0,0.0,0.0,0.0,0.0,0.0,0.0,0.0,0.0,0.0,0.0,0.0,0.0,0.0,0.0,0.0,0,-107875648.0,77,0.0,154,0.0,-101056864.0,ERR,ERR,ERR,ERR,ERR,ERR,ERR,ERR,ERR,ERR,ERR,ERR,ERR,ERR,ERR,ERR,ERR,ERR,ERR,ERR,ERR,ERR,ERR,ERR,ERR,ERR,ERR,ERR,ERR,ERR,ERR,ERR,ERR,ERR,ERR,ERR,ERR,ERR,ERR,ERR,ERR,ERR,ERR,ERR,ERR,ERR,ERR,ERR,ERR,ERR,ERR,ERR,ERR,ERR,ERR,ERR,ERR,ERR,ERR,ERR,ERR,ERR,ERR,ERR,ERR,ERR,ERR,34.0,80.0,35,0.0,0.0,0.0,0.0,0.0,0.0,0.0,0.0,0.0,0.0,0.0,0.0,0.0,0.0,0.0,0.0,65.6,0,119,57,53,65476,0,300,0,0,8,20529,65476,0,0,57672,80.0,0.0,0.0,0.0,0.0,0.0
2026-06-18T02:55:33,ERR,ERR,ERR,ERR,ERR,ERR,ERR,ERR,ERR,ERR,ERR,ERR,ERR,ERR,ERR,ERR,ERR,ERR,ERR,ERR,ERR,ERR,ERR,ERR,ERR,ERR,ERR,ERR,ERR,ERR,ERR,ERR,ERR,ERR,ERR,ERR,ERR,ERR,ERR,ERR,ERR,ERR,ERR,ERR,ERR,ERR,ERR,ERR,ERR,ERR,ERR,ERR,ERR,ERR,ERR,ERR,ERR,ERR,ERR,ERR,ERR,ERR,ERR,ERR,ERR,ERR,ERR,ERR,ERR,ERR,ERR,ERR,ERR,ERR,ERR,ERR,ERR,ERR,ERR,ERR,ERR,ERR,ERR,ERR,ERR,ERR,ERR,ERR,ERR,ERR,ERR,ERR,ERR,ERR,ERR,ERR,ERR,ERR,ERR,ERR,ERR,ERR,ERR,ERR,ERR,ERR,ERR,ERR,ERR,ERR,ERR,ERR,ERR,ERR,ERR,ERR,ERR,ERR,ERR,ERR,ERR,ERR,ERR,ERR,ERR,0.0,-107615384.0,-0.0,-4.9501291711397626e+32,nan,1.3936040501711995e+18,7.805,-0.0,0,0,4,48932,6720,14723890282496.0,100,0.0,0.0,0.0,0.0,0.0,0,0,0,0,0.0,0,0,0,0,0,0,0,0,0,0,0,0,0,0,0,0,0,0,0,0,0,0,0,0,0,0,0,0,0,0,0,0,0,26,51,50,76,65476,0,300,0,0,8,21553,0.0,-107605600.0,0.0,0.0,0.0,0.0,0.0,0.0,0.0,0.0,0.0,0.0,0.0,0.0,0.0,0.0,0.0,0.0,0.0,0.0,0.0,0.0,2.004,-2.004,2.004,2.004,0.0,0.0,0.0,0.0,4816.0,-564145430724608.0,7259.0,0.0,-107615384.0,0.0,0.0,0.0,0.0,0.0,0.0,77,-0.0,0.0,0.0,0.0,0.0,0.0,0.0,0.0,0.0,0,0,0,0.0,0.0,0.0,0.0,0.0,0.0,0.0,0.0,0.0,0.0,0.0,0.0,0.0,0.0,0.0,0.0,0,-107875648.0,77,0.0,154,0.0,-101056864.0,ERR,ERR,ERR,ERR,ERR,ERR,ERR,ERR,ERR,ERR,ERR,ERR,ERR,ERR,ERR,ERR,ERR,ERR,ERR,ERR,ERR,ERR,ERR,ERR,ERR,ERR,ERR,ERR,ERR,ERR,ERR,ERR,ERR,ERR,ERR,ERR,ERR,ERR,ERR,ERR,ERR,ERR,ERR,ERR,ERR,ERR,ERR,ERR,ERR,ERR,ERR,ERR,ERR,ERR,ERR,ERR,ERR,ERR,ERR,ERR,ERR,ERR,ERR,ERR,ERR,ERR,ERR,34.0,80.0,35,0.0,0.0,0.0,0.0,0.0,0.0,0.0,0.0,0.0,0.0,0.0,0.0,0.0,0.0,0.0,0.0,65.6,0,119,57,53,65476,0,300,0,0,8,20529,65476,0,0,57672,80.0,0.0,0.0,0.0,0.0,0.0
2026-06-18T02:55:34,ERR,ERR,ERR,ERR,ERR,ERR,ERR,ERR,ERR,ERR,ERR,ERR,ERR,ERR,ERR,ERR,ERR,ERR,ERR,ERR,ERR,ERR,ERR,ERR,ERR,ERR,ERR,ERR,ERR,ERR,ERR,ERR,ERR,ERR,ERR,ERR,ERR,ERR,ERR,ERR,ERR,ERR,ERR,ERR,ERR,ERR,ERR,ERR,ERR,ERR,ERR,ERR,ERR,ERR,ERR,ERR,ERR,ERR,ERR,ERR,ERR,ERR,ERR,ERR,ERR,ERR,ERR,ERR,ERR,ERR,ERR,ERR,ERR,ERR,ERR,ERR,ERR,ERR,ERR,ERR,ERR,ERR,ERR,ERR,ERR,ERR,ERR,ERR,ERR,ERR,ERR,ERR,ERR,ERR,ERR,ERR,ERR,ERR,ERR,ERR,ERR,ERR,ERR,ERR,ERR,ERR,ERR,ERR,ERR,ERR,ERR,ERR,ERR,ERR,ERR,ERR,ERR,ERR,ERR,ERR,ERR,ERR,ERR,ERR,ERR,0.0,-107615384.0,-0.0,-4.9501291711397626e+32,nan,1.3936040501711995e+18,7.805,-0.0,0,0,4,48932,6720,14723890282496.0,100,0.0,0.0,0.0,0.0,0.0,0,0,0,0,0.0,0,0,0,0,0,0,0,0,0,0,0,0,0,0,0,0,0,0,0,0,0,0,0,0,0,0,0,0,0,0,0,0,0,26,51,50,76,65476,0,300,0,0,8,21553,0.0,-107605600.0,0.0,0.0,0.0,0.0,0.0,0.0,0.0,0.0,0.0,0.0,0.0,0.0,0.0,0.0,0.0,0.0,0.0,0.0,0.0,0.0,2.004,-2.004,2.004,2.004,0.0,0.0,0.0,0.0,4816.0,-564145430724608.0,7259.0,0.0,-107615384.0,0.0,0.0,0.0,0.0,0.0,0.0,77,-0.0,0.0,0.0,0.0,0.0,0.0,0.0,0.0,0.0,0,0,0,0.0,0.0,0.0,0.0,0.0,0.0,0.0,0.0,0.0,0.0,0.0,0.0,0.0,0.0,0.0,0.0,0,-107875648.0,77,0.0,154,0.0,-101056864.0,ERR,ERR,ERR,ERR,ERR,ERR,ERR,ERR,ERR,ERR,ERR,ERR,ERR,ERR,ERR,ERR,ERR,ERR,ERR,ERR,ERR,ERR,ERR,ERR,ERR,ERR,ERR,ERR,ERR,ERR,ERR,ERR,ERR,ERR,ERR,ERR,ERR,ERR,ERR,ERR,ERR,ERR,ERR,ERR,ERR,ERR,ERR,ERR,ERR,ERR,ERR,ERR,ERR,ERR,ERR,ERR,ERR,ERR,ERR,ERR,ERR,ERR,ERR,ERR,ERR,ERR,ERR,34.0,80.0,35,0.0,0.0,0.0,0.0,0.0,0.0,0.0,0.0,0.0,0.0,0.0,0.0,0.0,0.0,0.0,0.0,65.6,0,119,57,53,65476,0,300,0,0,8,20529,65476,0,0,57672,80.0,0.0,0.0,0.0,0.0,0.0
2026-06-18T02:55:35,ERR,ERR,ERR,ERR,ERR,ERR,ERR,ERR,ERR,ERR,ERR,ERR,ERR,ERR,ERR,ERR,ERR,ERR,ERR,ERR,ERR,ERR,ERR,ERR,ERR,ERR,ERR,ERR,ERR,ERR,ERR,ERR,ERR,ERR,ERR,ERR,ERR,ERR,ERR,ERR,ERR,ERR,ERR,ERR,ERR,ERR,ERR,ERR,ERR,ERR,ERR,ERR,ERR,ERR,ERR,ERR,ERR,ERR,ERR,ERR,ERR,ERR,ERR,ERR,ERR,ERR,ERR,ERR,ERR,ERR,ERR,ERR,ERR,ERR,ERR,ERR,ERR,ERR,ERR,ERR,ERR,ERR,ERR,ERR,ERR,ERR,ERR,ERR,ERR,ERR,ERR,ERR,ERR,ERR,ERR,ERR,ERR,ERR,ERR,ERR,ERR,ERR,ERR,ERR,ERR,ERR,ERR,ERR,ERR,ERR,ERR,ERR,ERR,ERR,ERR,ERR,ERR,ERR,ERR,ERR,ERR,ERR,ERR,ERR,ERR,0.0,-107615384.0,-0.0,0.059,nan,1.3936040501711995e+18,7.805,0.0,0,0,4,48938,6720,14723890282496.0,100,0.0,0.0,0.0,0.059,0.0,0,0,0,0,0.0,0,0,0,0,0,0,0,0,0,0,0,0,0,0,0,0,0,0,0,0,0,0,0,0,0,0,0,0,0,0,0,0,0,26,51,50,76,65476,0,300,0,0,8,21553,0.0,-107605600.0,0.0,0.0,0.0,0.0,0.0,0.0,0.0,0.0,0.0,0.0,0.0,0.0,0.0,0.0,0.0,0.0,0.0,0.0,0.0,0.0,2.004,-2.004,-0.0,2.004,0.0,0.0,0.0,0.0,4816.0,-1.5879282197463203e+29,7262.0,0.0,-107615384.0,2.7184303811560617e+23,0.0,0.0,0.0,0.0,0.0,77,-0.0,0.0,0.0,0.0,0.0,0.0,0.0,0.0,0.0,0,0,0,0.0,0.0,0.0,0.0,0.0,0.0,0.0,0.0,0.0,0.0,0.0,0.0,0.0,0.0,0.0,0.0,0,-107875648.0,77,0.0,154,0.0,2.6533865130338155e+23,ERR,ERR,ERR,ERR,ERR,ERR,ERR,ERR,ERR,ERR,ERR,ERR,ERR,ERR,ERR,ERR,ERR,ERR,ERR,ERR,ERR,ERR,ERR,ERR,ERR,ERR,ERR,ERR,ERR,ERR,ERR,ERR,ERR,ERR,ERR,ERR,ERR,ERR,ERR,ERR,ERR,ERR,ERR,ERR,ERR,ERR,ERR,ERR,ERR,ERR,ERR,ERR,ERR,ERR,ERR,ERR,ERR,ERR,ERR,ERR,ERR,ERR,ERR,ERR,ERR,ERR,ERR,34.0,80.0,35,0.0,0.0,0.0,0.0,0.0,0.0,0.0,0.0,0.0,0.0,0.0,0.0,0.0,0.0,0.0,0.0,65.6,0,119,57,53,65476,0,300,0,0,8,20529,65476,0,0,57672,80.0,0.0,0.0,0.0,0.0,0.0
2026-06-18T02:55:36,ERR,ERR,ERR,ERR,ERR,ERR,ERR,ERR,ERR,ERR,ERR,ERR,ERR,ERR,ERR,ERR,ERR,ERR,ERR,ERR,ERR,ERR,ERR,ERR,ERR,ERR,ERR,ERR,ERR,ERR,ERR,ERR,ERR,ERR,ERR,ERR,ERR,ERR,ERR,ERR,ERR,ERR,ERR,ERR,ERR,ERR,ERR,ERR,ERR,ERR,ERR,ERR,ERR,ERR,ERR,ERR,ERR,ERR,ERR,ERR,ERR,ERR,ERR,ERR,ERR,ERR,ERR,ERR,ERR,ERR,ERR,ERR,ERR,ERR,ERR,ERR,ERR,ERR,ERR,ERR,ERR,ERR,ERR,ERR,ERR,ERR,ERR,ERR,ERR,ERR,ERR,ERR,ERR,ERR,ERR,ERR,ERR,ERR,ERR,ERR,ERR,ERR,ERR,ERR,ERR,ERR,ERR,ERR,ERR,ERR,ERR,ERR,ERR,ERR,ERR,ERR,ERR,ERR,ERR,ERR,ERR,ERR,ERR,ERR,ERR,0.0,-107615384.0,-0.0,0.059,nan,1.3936040501711995e+18,7.805,0.0,0,0,4,48938,6720,14723890282496.0,100,0.0,0.0,0.0,0.059,0.0,0,0,0,0,0.0,0,0,0,0,0,0,0,0,0,0,0,0,0,0,0,0,0,0,0,0,0,0,0,0,0,0,0,0,0,0,0,0,0,26,51,50,76,65476,0,300,0,0,8,21553,0.0,-107605600.0,0.0,0.0,0.0,0.0,0.0,0.0,0.0,0.0,0.0,0.0,0.0,0.0,0.0,0.0,0.0,0.0,0.0,0.0,0.0,0.0,2.004,-2.004,-0.0,2.004,0.0,0.0,0.0,0.0,4816.0,-1.5879282197463203e+29,7262.0,0.0,-107615384.0,2.7184303811560617e+23,0.0,0.0,0.0,0.0,0.0,77,-0.0,0.0,0.0,0.0,0.0,0.0,0.0,0.0,0.0,0,0,0,0.0,0.0,0.0,0.0,0.0,0.0,0.0,0.0,0.0,0.0,0.0,0.0,0.0,0.0,0.0,0.0,0,-107875648.0,77,0.0,154,0.0,2.6533865130338155e+23,ERR,ERR,ERR,ERR,ERR,ERR,ERR,ERR,ERR,ERR,ERR,ERR,ERR,ERR,ERR,ERR,ERR,ERR,ERR,ERR,ERR,ERR,ERR,ERR,ERR,ERR,ERR,ERR,ERR,ERR,ERR,ERR,ERR,ERR,ERR,ERR,ERR,ERR,ERR,ERR,ERR,ERR,ERR,ERR,ERR,ERR,ERR,ERR,ERR,ERR,ERR,ERR,ERR,ERR,ERR,ERR,ERR,ERR,ERR,ERR,ERR,ERR,ERR,ERR,ERR,ERR,ERR,34.0,80.0,35,0.0,0.0,0.0,0.0,0.0,0.0,0.0,0.0,0.0,0.0,0.0,0.0,0.0,0.0,0.0,0.0,65.6,0,119,57,53,65476,0,300,0,0,8,20529,65476,0,0,57672,80.0,0.0,0.0,0.0,0.0,0.0
2026-06-18T02:55:37,ERR,ERR,ERR,ERR,ERR,ERR,ERR,ERR,ERR,ERR,ERR,ERR,ERR,ERR,ERR,ERR,ERR,ERR,ERR,ERR,ERR,ERR,ERR,ERR,ERR,ERR,ERR,ERR,ERR,ERR,ERR,ERR,ERR,ERR,ERR,ERR,ERR,ERR,ERR,ERR,ERR,ERR,ERR,ERR,ERR,ERR,ERR,ERR,ERR,ERR,ERR,ERR,ERR,ERR,ERR,ERR,ERR,ERR,ERR,ERR,ERR,ERR,ERR,ERR,ERR,ERR,ERR,ERR,ERR,ERR,ERR,ERR,ERR,ERR,ERR,ERR,ERR,ERR,ERR,ERR,ERR,ERR,ERR,ERR,ERR,ERR,ERR,ERR,ERR,ERR,ERR,ERR,ERR,ERR,ERR,ERR,ERR,ERR,ERR,ERR,ERR,ERR,ERR,ERR,ERR,ERR,ERR,ERR,ERR,ERR,ERR,ERR,ERR,ERR,ERR,ERR,ERR,ERR,ERR,ERR,ERR,ERR,ERR,ERR,ERR,0.0,-107615384.0,-0.0,0.059,nan,1.3936040501711995e+18,7.805,0.0,0,0,4,48938,6720,14723890282496.0,100,0.0,0.0,0.0,0.059,0.0,0,0,0,0,0.0,0,0,0,0,0,0,0,0,0,0,0,0,0,0,0,0,0,0,0,0,0,0,0,0,0,0,0,0,0,0,0,0,0,26,51,50,76,65476,0,300,0,0,8,21553,0.0,-107605600.0,0.0,0.0,0.0,0.0,0.0,0.0,0.0,0.0,0.0,0.0,0.0,0.0,0.0,0.0,0.0,0.0,0.0,0.0,0.0,0.0,2.004,-2.004,-0.0,2.004,0.0,0.0,0.0,0.0,4816.0,-1.5879282197463203e+29,7262.0,0.0,-107615384.0,2.7184303811560617e+23,0.0,0.0,0.0,0.0,0.0,77,-0.0,0.0,0.0,0.0,0.0,0.0,0.0,0.0,0.0,0,0,0,0.0,0.0,0.0,0.0,0.0,0.0,0.0,0.0,0.0,0.0,0.0,0.0,0.0,0.0,0.0,0.0,0,-107875648.0,77,0.0,154,0.0,2.6533865130338155e+23,ERR,ERR,ERR,ERR,ERR,ERR,ERR,ERR,ERR,ERR,ERR,ERR,ERR,ERR,ERR,ERR,ERR,ERR,ERR,ERR,ERR,ERR,ERR,ERR,ERR,ERR,ERR,ERR,ERR,ERR,ERR,ERR,ERR,ERR,ERR,ERR,ERR,ERR,ERR,ERR,ERR,ERR,ERR,ERR,ERR,ERR,ERR,ERR,ERR,ERR,ERR,ERR,ERR,ERR,ERR,ERR,ERR,ERR,ERR,ERR,ERR,ERR,ERR,ERR,ERR,ERR,ERR,34.0,80.0,35,0.0,0.0,0.0,0.0,0.0,0.0,0.0,0.0,0.0,0.0,0.0,0.0,0.0,0.0,0.0,0.0,65.6,0,119,57,53,65476,0,300,0,0,8,20529,65476,0,0,57672,80.0,0.0,0.0,0.0,0.0,0.0
2026-06-18T02:55:38,ERR,ERR,ERR,ERR,ERR,ERR,ERR,ERR,ERR,ERR,ERR,ERR,ERR,ERR,ERR,ERR,ERR,ERR,ERR,ERR,ERR,ERR,ERR,ERR,ERR,ERR,ERR,ERR,ERR,ERR,ERR,ERR,ERR,ERR,ERR,ERR,ERR,ERR,ERR,ERR,ERR,ERR,ERR,ERR,ERR,ERR,ERR,ERR,ERR,ERR,ERR,ERR,ERR,ERR,ERR,ERR,ERR,ERR,ERR,ERR,ERR,ERR,ERR,ERR,ERR,ERR,ERR,ERR,ERR,ERR,ERR,ERR,ERR,ERR,ERR,ERR,ERR,ERR,ERR,ERR,ERR,ERR,ERR,ERR,ERR,ERR,ERR,ERR,ERR,ERR,ERR,ERR,ERR,ERR,ERR,ERR,ERR,ERR,ERR,ERR,ERR,ERR,ERR,ERR,ERR,ERR,ERR,ERR,ERR,ERR,ERR,ERR,ERR,ERR,ERR,ERR,ERR,ERR,ERR,ERR,ERR,ERR,ERR,ERR,ERR,0.0,-107615384.0,-0.0,0.059,nan,1.3936040501711995e+18,7.805,0.0,0,0,4,48938,6720,14723890282496.0,100,0.0,0.0,0.0,0.059,0.0,0,0,0,0,0.0,0,0,0,0,0,0,0,0,0,0,0,0,0,0,0,0,0,0,0,0,0,0,0,0,0,0,0,0,0,0,0,0,0,26,51,50,76,65476,0,300,0,0,8,21553,0.0,-107605600.0,0.0,0.0,0.0,0.0,0.0,0.0,0.0,0.0,0.0,0.0,0.0,0.0,0.0,0.0,0.0,0.0,0.0,0.0,0.0,0.0,2.004,-2.004,-0.0,2.004,0.0,0.0,0.0,0.0,4816.0,-1.5879282197463203e+29,7262.0,0.0,-107615384.0,2.7184303811560617e+23,0.0,0.0,0.0,0.0,0.0,77,-0.0,0.0,0.0,0.0,0.0,0.0,0.0,0.0,0.0,0,0,0,0.0,0.0,0.0,0.0,0.0,0.0,0.0,0.0,0.0,0.0,0.0,0.0,0.0,0.0,0.0,0.0,0,-107875648.0,77,0.0,154,0.0,2.6533865130338155e+23,ERR,ERR,ERR,ERR,ERR,ERR,ERR,ERR,ERR,ERR,ERR,ERR,ERR,ERR,ERR,ERR,ERR,ERR,ERR,ERR,ERR,ERR,ERR,ERR,ERR,ERR,ERR,ERR,ERR,ERR,ERR,ERR,ERR,ERR,ERR,ERR,ERR,ERR,ERR,ERR,ERR,ERR,ERR,ERR,ERR,ERR,ERR,ERR,ERR,ERR,ERR,ERR,ERR,ERR,ERR,ERR,ERR,ERR,ERR,ERR,ERR,ERR,ERR,ERR,ERR,ERR,ERR,34.0,80.0,35,0.0,0.0,0.0,0.0,0.0,0.0,0.0,0.0,0.0,0.0,0.0,0.0,0.0,0.0,0.0,0.0,66.4,0,119,57,53,65476,0,300,0,0,8,20529,65476,0,0,57672,80.0,0.0,0.0,0.0,0.0,0.0
2026-06-18T02:55:39,ERR,ERR,ERR,ERR,ERR,ERR,ERR,ERR,ERR,ERR,ERR,ERR,ERR,ERR,ERR,ERR,ERR,ERR,ERR,ERR,ERR,ERR,ERR,ERR,ERR,ERR,ERR,ERR,ERR,ERR,ERR,ERR,ERR,ERR,ERR,ERR,ERR,ERR,ERR,ERR,ERR,ERR,ERR,ERR,ERR,ERR,ERR,ERR,ERR,ERR,ERR,ERR,ERR,ERR,ERR,ERR,ERR,ERR,ERR,ERR,ERR,ERR,ERR,ERR,ERR,ERR,ERR,ERR,ERR,ERR,ERR,ERR,ERR,ERR,ERR,ERR,ERR,ERR,ERR,ERR,ERR,ERR,ERR,ERR,ERR,ERR,ERR,ERR,ERR,ERR,ERR,ERR,ERR,ERR,ERR,ERR,ERR,ERR,ERR,ERR,ERR,ERR,ERR,ERR,ERR,ERR,ERR,ERR,ERR,ERR,ERR,ERR,ERR,ERR,ERR,ERR,ERR,ERR,ERR,ERR,ERR,ERR,ERR,ERR,ERR,0.0,-107615384.0,-0.0,0.059,nan,1.3936040501711995e+18,7.805,0.0,0,0,4,48938,6720,14723890282496.0,100,0.0,0.0,0.0,0.059,0.0,0,0,0,0,0.0,0,0,0,0,0,0,0,0,0,0,0,0,0,0,0,0,0,0,0,0,0,0,0,0,0,0,0,0,0,0,0,0,0,26,51,50,76,65476,0,300,0,0,8,21553,0.0,-107605600.0,0.0,0.0,0.0,0.0,0.0,0.0,0.0,0.0,0.0,0.0,0.0,0.0,0.0,0.0,0.0,0.0,0.0,0.0,0.0,0.0,2.004,-2.004,-0.0,2.004,0.0,0.0,0.0,0.0,4816.0,-1.5879282197463203e+29,7262.0,0.0,-107615384.0,2.7184303811560617e+23,0.0,0.0,0.0,0.0,0.0,77,-0.0,0.0,0.0,0.0,0.0,0.0,0.0,0.0,0.0,0,0,0,0.0,0.0,0.0,0.0,0.0,0.0,0.0,0.0,0.0,0.0,0.0,0.0,0.0,0.0,0.0,0.0,0,-107875648.0,77,0.0,154,0.0,2.6533865130338155e+23,ERR,ERR,ERR,ERR,ERR,ERR,ERR,ERR,ERR,ERR,ERR,ERR,ERR,ERR,ERR,ERR,ERR,ERR,ERR,ERR,ERR,ERR,ERR,ERR,ERR,ERR,ERR,ERR,ERR,ERR,ERR,ERR,ERR,ERR,ERR,ERR,ERR,ERR,ERR,ERR,ERR,ERR,ERR,ERR,ERR,ERR,ERR,ERR,ERR,ERR,ERR,ERR,ERR,ERR,ERR,ERR,ERR,ERR,ERR,ERR,ERR,ERR,ERR,ERR,ERR,ERR,ERR,34.0,80.0,35,0.0,0.0,0.0,0.0,0.0,0.0,0.0,0.0,0.0,0.0,0.0,0.0,0.0,0.0,0.0,0.0,66.4,0,119,57,53,65476,0,300,0,0,8,20529,65476,0,0,57672,80.0,0.0,0.0,0.0,0.0,0.0
2026-06-18T02:55:40,ERR,ERR,ERR,ERR,ERR,ERR,ERR,ERR,ERR,ERR,ERR,ERR,ERR,ERR,ERR,ERR,ERR,ERR,ERR,ERR,ERR,ERR,ERR,ERR,ERR,ERR,ERR,ERR,ERR,ERR,ERR,ERR,ERR,ERR,ERR,ERR,ERR,ERR,ERR,ERR,ERR,ERR,ERR,ERR,ERR,ERR,ERR,ERR,ERR,ERR,ERR,ERR,ERR,ERR,ERR,ERR,ERR,ERR,ERR,ERR,ERR,ERR,ERR,ERR,ERR,ERR,ERR,ERR,ERR,ERR,ERR,ERR,ERR,ERR,ERR,ERR,ERR,ERR,ERR,ERR,ERR,ERR,ERR,ERR,ERR,ERR,ERR,ERR,ERR,ERR,ERR,ERR,ERR,ERR,ERR,ERR,ERR,ERR,ERR,ERR,ERR,ERR,ERR,ERR,ERR,ERR,ERR,ERR,ERR,ERR,ERR,ERR,ERR,ERR,ERR,ERR,ERR,ERR,ERR,ERR,ERR,ERR,ERR,ERR,ERR,0.0,-107615384.0,-0.0,2.718290229135658e+23,nan,1.3936040501711995e+18,7.805,-12113.15,0,0,4,48926,6720,14723890282496.0,100,0.0,0.0,0.0,-4.9501291711397626e+32,0.0,0,0,0,0,0.0,0,0,0,0,0,0,0,0,0,0,0,0,0,0,0,0,0,0,0,0,0,0,0,0,0,0,0,0,0,0,0,0,0,26,51,50,76,65476,0,300,0,0,8,21553,0.0,-107605600.0,0.0,0.0,0.0,0.0,0.0,0.0,0.0,0.0,0.0,0.0,0.0,0.0,0.0,0.0,0.0,0.0,0.0,0.0,0.0,0.0,2.004,-2.004,-0.0,2.004,0.0,0.0,0.0,0.0,4816.0,-1.5879282197463203e+29,7262.0,0.0,-107615384.0,0.0,0.0,0.0,0.0,0.0,0.0,77,-0.0,0.0,0.0,0.0,0.0,0.0,0.0,0.0,0.0,0,0,0,0.0,0.0,0.0,0.0,0.0,0.0,0.0,0.0,0.0,0.0,0.0,0.0,0.0,0.0,0.0,0.0,0,-107875648.0,77,0.0,154,0.0,-101056864.0,ERR,ERR,ERR,ERR,ERR,ERR,ERR,ERR,ERR,ERR,ERR,ERR,ERR,ERR,ERR,ERR,ERR,ERR,ERR,ERR,ERR,ERR,ERR,ERR,ERR,ERR,ERR,ERR,ERR,ERR,ERR,ERR,ERR,ERR,ERR,ERR,ERR,ERR,ERR,ERR,ERR,ERR,ERR,ERR,ERR,ERR,ERR,ERR,ERR,ERR,ERR,ERR,ERR,ERR,ERR,ERR,ERR,ERR,ERR,ERR,ERR,ERR,ERR,ERR,ERR,ERR,ERR,34.0,80.0,35,0.0,0.0,0.0,0.0,0.0,0.0,0.0,0.0,0.0,0.0,0.0,0.0,0.0,0.0,0.0,0.0,66.0,0,119,57,53,65476,0,300,0,0,8,20529,65476,0,0,57672,80.0,0.0,0.0,0.0,0.0,0.0
2026-06-18T02:55:41,ERR,ERR,ERR,ERR,ERR,ERR,ERR,ERR,ERR,ERR,ERR,ERR,ERR,ERR,ERR,ERR,ERR,ERR,ERR,ERR,ERR,ERR,ERR,ERR,ERR,ERR,ERR,ERR,ERR,ERR,ERR,ERR,ERR,ERR,ERR,ERR,ERR,ERR,ERR,ERR,ERR,ERR,ERR,ERR,ERR,ERR,ERR,ERR,ERR,ERR,ERR,ERR,ERR,ERR,ERR,ERR,ERR,ERR,ERR,ERR,ERR,ERR,ERR,ERR,ERR,ERR,ERR,ERR,ERR,ERR,ERR,ERR,ERR,ERR,ERR,ERR,ERR,ERR,ERR,ERR,ERR,ERR,ERR,ERR,ERR,ERR,ERR,ERR,ERR,ERR,ERR,ERR,ERR,ERR,ERR,ERR,ERR,ERR,ERR,ERR,ERR,ERR,ERR,ERR,ERR,ERR,ERR,ERR,ERR,ERR,ERR,ERR,ERR,ERR,ERR,ERR,ERR,ERR,ERR,ERR,ERR,ERR,ERR,ERR,ERR,0.0,-107615384.0,-0.0,2.718290229135658e+23,nan,1.3936040501711995e+18,7.805,-12113.15,0,0,4,48926,6720,14723890282496.0,100,0.0,0.0,0.0,-4.9501291711397626e+32,0.0,0,0,0,0,0.0,0,0,0,0,0,0,0,0,0,0,0,0,0,0,0,0,0,0,0,0,0,0,0,0,0,0,0,0,0,0,0,0,0,26,51,50,76,65476,0,300,0,0,8,21553,0.0,-107605600.0,0.0,0.0,0.0,0.0,0.0,0.0,0.0,0.0,0.0,0.0,0.0,0.0,0.0,0.0,0.0,0.0,0.0,0.0,0.0,0.0,2.004,-2.004,-0.0,2.004,0.0,0.0,0.0,0.0,4816.0,-1.5879282197463203e+29,7262.0,0.0,-107615384.0,0.0,0.0,0.0,0.0,0.0,0.0,77,-0.0,0.0,0.0,0.0,0.0,0.0,0.0,0.0,0.0,0,0,0,0.0,0.0,0.0,0.0,0.0,0.0,0.0,0.0,0.0,0.0,0.0,0.0,0.0,0.0,0.0,0.0,0,-107875648.0,77,0.0,154,0.0,-101056864.0,ERR,ERR,ERR,ERR,ERR,ERR,ERR,ERR,ERR,ERR,ERR,ERR,ERR,ERR,ERR,ERR,ERR,ERR,ERR,ERR,ERR,ERR,ERR,ERR,ERR,ERR,ERR,ERR,ERR,ERR,ERR,ERR,ERR,ERR,ERR,ERR,ERR,ERR,ERR,ERR,ERR,ERR,ERR,ERR,ERR,ERR,ERR,ERR,ERR,ERR,ERR,ERR,ERR,ERR,ERR,ERR,ERR,ERR,ERR,ERR,ERR,ERR,ERR,ERR,ERR,ERR,ERR,34.0,80.0,35,0.0,0.0,0.0,0.0,0.0,0.0,0.0,0.0,0.0,0.0,0.0,0.0,0.0,0.0,0.0,0.0,66.0,0,119,57,53,65476,0,300,0,0,8,20529,65476,0,0,57672,80.0,0.0,0.0,0.0,0.0,0.0
2026-06-18T02:55:42,ERR,ERR,ERR,ERR,ERR,ERR,ERR,ERR,ERR,ERR,ERR,ERR,ERR,ERR,ERR,ERR,ERR,ERR,ERR,ERR,ERR,ERR,ERR,ERR,ERR,ERR,ERR,ERR,ERR,ERR,ERR,ERR,ERR,ERR,ERR,ERR,ERR,ERR,ERR,ERR,ERR,ERR,ERR,ERR,ERR,ERR,ERR,ERR,ERR,ERR,ERR,ERR,ERR,ERR,ERR,ERR,ERR,ERR,ERR,ERR,ERR,ERR,ERR,ERR,ERR,ERR,ERR,ERR,ERR,ERR,ERR,ERR,ERR,ERR,ERR,ERR,ERR,ERR,ERR,ERR,ERR,ERR,ERR,ERR,ERR,ERR,ERR,ERR,ERR,ERR,ERR,ERR,ERR,ERR,ERR,ERR,ERR,ERR,ERR,ERR,ERR,ERR,ERR,ERR,ERR,ERR,ERR,ERR,ERR,ERR,ERR,ERR,ERR,ERR,ERR,ERR,ERR,ERR,ERR,ERR,ERR,ERR,ERR,ERR,ERR,0.0,-107615384.0,-0.0,2.718290229135658e+23,nan,1.3936040501711995e+18,7.805,-12113.15,0,0,4,48926,6720,14723890282496.0,100,0.0,0.0,0.0,-4.9501291711397626e+32,0.0,0,0,0,0,0.0,0,0,0,0,0,0,0,0,0,0,0,0,0,0,0,0,0,0,0,0,0,0,0,0,0,0,0,0,0,0,0,0,0,26,51,50,76,65476,0,300,0,0,8,21553,0.0,-107605600.0,0.0,0.0,0.0,0.0,0.0,0.0,0.0,0.0,0.0,0.0,0.0,0.0,0.0,0.0,0.0,0.0,0.0,0.0,0.0,0.0,2.004,-2.004,-0.0,2.004,0.0,0.0,0.0,0.0,4816.0,-1.5879282197463203e+29,7262.0,0.0,-107615384.0,0.0,0.0,0.0,0.0,0.0,0.0,77,-0.0,0.0,0.0,0.0,0.0,0.0,0.0,0.0,0.0,0,0,0,0.0,0.0,0.0,0.0,0.0,0.0,0.0,0.0,0.0,0.0,0.0,0.0,0.0,0.0,0.0,0.0,0,-107875648.0,77,0.0,154,0.0,-101056864.0,ERR,ERR,ERR,ERR,ERR,ERR,ERR,ERR,ERR,ERR,ERR,ERR,ERR,ERR,ERR,ERR,ERR,ERR,ERR,ERR,ERR,ERR,ERR,ERR,ERR,ERR,ERR,ERR,ERR,ERR,ERR,ERR,ERR,ERR,ERR,ERR,ERR,ERR,ERR,ERR,ERR,ERR,ERR,ERR,ERR,ERR,ERR,ERR,ERR,ERR,ERR,ERR,ERR,ERR,ERR,ERR,ERR,ERR,ERR,ERR,ERR,ERR,ERR,ERR,ERR,ERR,ERR,34.0,80.0,35,0.0,0.0,0.0,0.0,0.0,0.0,0.0,0.0,0.0,0.0,0.0,0.0,0.0,0.0,0.0,0.0,65.6,0,119,57,53,65476,0,300,0,0,8,20529,65476,0,0,57672,80.0,0.0,0.0,0.0,0.0,0.0
2026-06-18T02:55:43,ERR,ERR,ERR,ERR,ERR,ERR,ERR,ERR,ERR,ERR,ERR,ERR,ERR,ERR,ERR,ERR,ERR,ERR,ERR,ERR,ERR,ERR,ERR,ERR,ERR,ERR,ERR,ERR,ERR,ERR,ERR,ERR,ERR,ERR,ERR,ERR,ERR,ERR,ERR,ERR,ERR,ERR,ERR,ERR,ERR,ERR,ERR,ERR,ERR,ERR,ERR,ERR,ERR,ERR,ERR,ERR,ERR,ERR,ERR,ERR,ERR,ERR,ERR,ERR,ERR,ERR,ERR,ERR,ERR,ERR,ERR,ERR,ERR,ERR,ERR,ERR,ERR,ERR,ERR,ERR,ERR,ERR,ERR,ERR,ERR,ERR,ERR,ERR,ERR,ERR,ERR,ERR,ERR,ERR,ERR,ERR,ERR,ERR,ERR,ERR,ERR,ERR,ERR,ERR,ERR,ERR,ERR,ERR,ERR,ERR,ERR,ERR,ERR,ERR,ERR,ERR,ERR,ERR,ERR,ERR,ERR,ERR,ERR,ERR,ERR,0.0,-107615384.0,-0.0,2.718290229135658e+23,nan,1.3936040501711995e+18,7.805,-12113.15,0,0,4,48926,6720,14723890282496.0,100,0.0,0.0,0.0,-4.9501291711397626e+32,0.0,0,0,0,0,0.0,0,0,0,0,0,0,0,0,0,0,0,0,0,0,0,0,0,0,0,0,0,0,0,0,0,0,0,0,0,0,0,0,0,26,51,50,76,65476,0,300,0,0,8,21553,0.0,-107605600.0,0.0,0.0,0.0,0.0,0.0,0.0,0.0,0.0,0.0,0.0,0.0,0.0,0.0,0.0,0.0,0.0,0.0,0.0,0.0,0.0,2.004,-2.004,-0.0,2.004,0.0,0.0,0.0,0.0,4816.0,-1.5879282197463203e+29,7262.0,0.0,-107615384.0,0.0,0.0,0.0,0.0,0.0,0.0,77,-0.0,0.0,0.0,0.0,0.0,0.0,0.0,0.0,0.0,0,0,0,0.0,0.0,0.0,0.0,0.0,0.0,0.0,0.0,0.0,0.0,0.0,0.0,0.0,0.0,0.0,0.0,0,-107875648.0,77,0.0,154,0.0,-101056864.0,ERR,ERR,ERR,ERR,ERR,ERR,ERR,ERR,ERR,ERR,ERR,ERR,ERR,ERR,ERR,ERR,ERR,ERR,ERR,ERR,ERR,ERR,ERR,ERR,ERR,ERR,ERR,ERR,ERR,ERR,ERR,ERR,ERR,ERR,ERR,ERR,ERR,ERR,ERR,ERR,ERR,ERR,ERR,ERR,ERR,ERR,ERR,ERR,ERR,ERR,ERR,ERR,ERR,ERR,ERR,ERR,ERR,ERR,ERR,ERR,ERR,ERR,ERR,ERR,ERR,ERR,ERR,34.0,80.0,35,0.0,0.0,0.0,0.0,0.0,0.0,0.0,0.0,0.0,0.0,0.0,0.0,0.0,0.0,0.0,0.0,65.6,0,119,57,53,65476,0,300,0,0,8,20529,65476,0,0,57672,80.0,0.0,0.0,0.0,0.0,0.0
2026-06-18T02:55:44,ERR,ERR,ERR,ERR,ERR,ERR,ERR,ERR,ERR,ERR,ERR,ERR,ERR,ERR,ERR,ERR,ERR,ERR,ERR,ERR,ERR,ERR,ERR,ERR,ERR,ERR,ERR,ERR,ERR,ERR,ERR,ERR,ERR,ERR,ERR,ERR,ERR,ERR,ERR,ERR,ERR,ERR,ERR,ERR,ERR,ERR,ERR,ERR,ERR,ERR,ERR,ERR,ERR,ERR,ERR,ERR,ERR,ERR,ERR,ERR,ERR,ERR,ERR,ERR,ERR,ERR,ERR,ERR,ERR,ERR,ERR,ERR,ERR,ERR,ERR,ERR,ERR,ERR,ERR,ERR,ERR,ERR,ERR,ERR,ERR,ERR,ERR,ERR,ERR,ERR,ERR,ERR,ERR,ERR,ERR,ERR,ERR,ERR,ERR,ERR,ERR,ERR,ERR,ERR,ERR,ERR,ERR,ERR,ERR,ERR,ERR,ERR,ERR,ERR,ERR,ERR,ERR,ERR,ERR,ERR,ERR,ERR,ERR,ERR,ERR,0.0,-107615384.0,-0.0,2.718290229135658e+23,nan,1.3936040501711995e+18,7.805,-12113.15,0,0,4,48926,6720,14723890282496.0,100,0.0,0.0,0.0,-4.9501291711397626e+32,0.0,0,0,0,0,0.0,0,0,0,0,0,0,0,0,0,0,0,0,0,0,0,0,0,0,0,0,0,0,0,0,0,0,0,0,0,0,0,0,0,26,51,50,76,65476,0,300,0,0,8,21553,0.0,-107605600.0,0.0,0.0,0.0,0.0,0.0,0.0,0.0,0.0,0.0,0.0,0.0,0.0,0.0,0.0,0.0,0.0,0.0,0.0,0.0,0.0,2.004,-2.004,-0.0,2.004,0.0,0.0,0.0,0.0,4816.0,-1.5879282197463203e+29,7262.0,0.0,-107615384.0,0.0,0.0,0.0,0.0,0.0,0.0,77,-0.0,0.0,0.0,0.0,0.0,0.0,0.0,0.0,0.0,0,0,0,0.0,0.0,0.0,0.0,0.0,0.0,0.0,0.0,0.0,0.0,0.0,0.0,0.0,0.0,0.0,0.0,0,-107875648.0,77,0.0,154,0.0,-101056864.0,ERR,ERR,ERR,ERR,ERR,ERR,ERR,ERR,ERR,ERR,ERR,ERR,ERR,ERR,ERR,ERR,ERR,ERR,ERR,ERR,ERR,ERR,ERR,ERR,ERR,ERR,ERR,ERR,ERR,ERR,ERR,ERR,ERR,ERR,ERR,ERR,ERR,ERR,ERR,ERR,ERR,ERR,ERR,ERR,ERR,ERR,ERR,ERR,ERR,ERR,ERR,ERR,ERR,ERR,ERR,ERR,ERR,ERR,ERR,ERR,ERR,ERR,ERR,ERR,ERR,ERR,ERR,34.0,80.0,35,0.0,0.0,0.0,0.0,0.0,0.0,0.0,0.0,0.0,0.0,0.0,0.0,0.0,0.0,0.0,0.0,65.6,0,119,57,53,65476,0,300,0,0,8,20529,65476,0,0,57672,80.0,0.0,0.0,0.0,0.0,0.0
2026-06-18T02:55:45,ERR,ERR,ERR,ERR,ERR,ERR,ERR,ERR,ERR,ERR,ERR,ERR,ERR,ERR,ERR,ERR,ERR,ERR,ERR,ERR,ERR,ERR,ERR,ERR,ERR,ERR,ERR,ERR,ERR,ERR,ERR,ERR,ERR,ERR,ERR,ERR,ERR,ERR,ERR,ERR,ERR,ERR,ERR,ERR,ERR,ERR,ERR,ERR,ERR,ERR,ERR,ERR,ERR,ERR,ERR,ERR,ERR,ERR,ERR,ERR,ERR,ERR,ERR,ERR,ERR,ERR,ERR,ERR,ERR,ERR,ERR,ERR,ERR,ERR,ERR,ERR,ERR,ERR,ERR,ERR,ERR,ERR,ERR,ERR,ERR,ERR,ERR,ERR,ERR,ERR,ERR,ERR,ERR,ERR,ERR,ERR,ERR,ERR,ERR,ERR,ERR,ERR,ERR,ERR,ERR,ERR,ERR,ERR,ERR,ERR,ERR,ERR,ERR,ERR,ERR,ERR,ERR,ERR,ERR,ERR,ERR,ERR,ERR,ERR,ERR,0.0,-107615384.0,-0.0,2.718290229135658e+23,nan,1.3936040501711995e+18,7.805,-12113.15,0,0,4,48924,6720,14723890282496.0,100,0.0,0.0,0.0,-0.0,0.0,0,0,0,0,0.0,0,0,0,0,0,0,0,0,0,0,0,0,0,0,0,0,0,0,0,0,0,0,0,0,0,0,0,0,0,0,0,0,0,26,51,50,76,65476,0,300,0,0,8,21553,0.0,-107605600.0,0.0,0.0,0.0,0.0,0.0,0.0,0.0,0.0,0.0,0.0,0.0,0.0,0.0,0.0,0.0,0.0,0.0,0.0,0.0,0.0,2.004,-2.004,2.004,2.004,0.0,0.0,0.0,0.0,4816.0,-3.697183494796791e+19,7256.0,0.0,-107615384.0,2.7184303811560617e+23,0.0,0.0,0.0,0.0,0.0,77,-0.0,-4.950398423098307e+32,0.0,0.0,0.0,0.0,0.0,0.0,0.0,0,0,0,0.0,0.0,0.0,0.0,0.0,0.0,0.0,0.0,0.0,0.0,0.0,0.0,0.0,0.0,0.0,0.0,0,-107875648.0,77,0.0,154,0.0,2.6533865130338155e+23,ERR,ERR,ERR,ERR,ERR,ERR,ERR,ERR,ERR,ERR,ERR,ERR,ERR,ERR,ERR,ERR,ERR,ERR,ERR,ERR,ERR,ERR,ERR,ERR,ERR,ERR,ERR,ERR,ERR,ERR,ERR,ERR,ERR,ERR,ERR,ERR,ERR,ERR,ERR,ERR,ERR,ERR,ERR,ERR,ERR,ERR,ERR,ERR,ERR,ERR,ERR,ERR,ERR,ERR,ERR,ERR,ERR,ERR,ERR,ERR,ERR,ERR,ERR,ERR,ERR,ERR,ERR,34.0,80.0,35,0.0,0.0,0.0,0.0,0.0,0.0,0.0,0.0,0.0,0.0,0.0,0.0,0.0,0.0,0.0,0.0,65.6,0,119,57,53,65476,0,300,0,0,8,20529,65476,0,0,57672,80.0,0.0,0.0,0.0,0.0,0.0
2026-06-18T02:55:46,ERR,ERR,ERR,ERR,ERR,ERR,ERR,ERR,ERR,ERR,ERR,ERR,ERR,ERR,ERR,ERR,ERR,ERR,ERR,ERR,ERR,ERR,ERR,ERR,ERR,ERR,ERR,ERR,ERR,ERR,ERR,ERR,ERR,ERR,ERR,ERR,ERR,ERR,ERR,ERR,ERR,ERR,ERR,ERR,ERR,ERR,ERR,ERR,ERR,ERR,ERR,ERR,ERR,ERR,ERR,ERR,ERR,ERR,ERR,ERR,ERR,ERR,ERR,ERR,ERR,ERR,ERR,ERR,ERR,ERR,ERR,ERR,ERR,ERR,ERR,ERR,ERR,ERR,ERR,ERR,ERR,ERR,ERR,ERR,ERR,ERR,ERR,ERR,ERR,ERR,ERR,ERR,ERR,ERR,ERR,ERR,ERR,ERR,ERR,ERR,ERR,ERR,ERR,ERR,ERR,ERR,ERR,ERR,ERR,ERR,ERR,ERR,ERR,ERR,ERR,ERR,ERR,ERR,ERR,ERR,ERR,ERR,ERR,ERR,ERR,0.0,-107615384.0,-0.0,2.718290229135658e+23,nan,1.3936040501711995e+18,7.805,-12113.15,0,0,4,48924,6720,14723890282496.0,100,0.0,0.0,0.0,-0.0,0.0,0,0,0,0,0.0,0,0,0,0,0,0,0,0,0,0,0,0,0,0,0,0,0,0,0,0,0,0,0,0,0,0,0,0,0,0,0,0,0,26,51,50,76,65476,0,300,0,0,8,21553,0.0,-107605600.0,0.0,0.0,0.0,0.0,0.0,0.0,0.0,0.0,0.0,0.0,0.0,0.0,0.0,0.0,0.0,0.0,0.0,0.0,0.0,0.0,2.004,-2.004,2.004,2.004,0.0,0.0,0.0,0.0,4816.0,-3.697183494796791e+19,7256.0,0.0,-107615384.0,2.7184303811560617e+23,0.0,0.0,0.0,0.0,0.0,77,-0.0,-4.950398423098307e+32,0.0,0.0,0.0,0.0,0.0,0.0,0.0,0,0,0,0.0,0.0,0.0,0.0,0.0,0.0,0.0,0.0,0.0,0.0,0.0,0.0,0.0,0.0,0.0,0.0,0,-107875648.0,77,0.0,154,0.0,2.6533865130338155e+23,ERR,ERR,ERR,ERR,ERR,ERR,ERR,ERR,ERR,ERR,ERR,ERR,ERR,ERR,ERR,ERR,ERR,ERR,ERR,ERR,ERR,ERR,ERR,ERR,ERR,ERR,ERR,ERR,ERR,ERR,ERR,ERR,ERR,ERR,ERR,ERR,ERR,ERR,ERR,ERR,ERR,ERR,ERR,ERR,ERR,ERR,ERR,ERR,ERR,ERR,ERR,ERR,ERR,ERR,ERR,ERR,ERR,ERR,ERR,ERR,ERR,ERR,ERR,ERR,ERR,ERR,ERR,34.0,80.0,35,0.0,0.0,0.0,0.0,0.0,0.0,0.0,0.0,0.0,0.0,0.0,0.0,0.0,0.0,0.0,0.0,65.6,0,119,57,53,65476,0,300,0,0,8,20529,65476,0,0,57672,80.0,0.0,0.0,0.0,0.0,0.0
2026-06-18T02:55:47,ERR,ERR,ERR,ERR,ERR,ERR,ERR,ERR,ERR,ERR,ERR,ERR,ERR,ERR,ERR,ERR,ERR,ERR,ERR,ERR,ERR,ERR,ERR,ERR,ERR,ERR,ERR,ERR,ERR,ERR,ERR,ERR,ERR,ERR,ERR,ERR,ERR,ERR,ERR,ERR,ERR,ERR,ERR,ERR,ERR,ERR,ERR,ERR,ERR,ERR,ERR,ERR,ERR,ERR,ERR,ERR,ERR,ERR,ERR,ERR,ERR,ERR,ERR,ERR,ERR,ERR,ERR,ERR,ERR,ERR,ERR,ERR,ERR,ERR,ERR,ERR,ERR,ERR,ERR,ERR,ERR,ERR,ERR,ERR,ERR,ERR,ERR,ERR,ERR,ERR,ERR,ERR,ERR,ERR,ERR,ERR,ERR,ERR,ERR,ERR,ERR,ERR,ERR,ERR,ERR,ERR,ERR,ERR,ERR,ERR,ERR,ERR,ERR,ERR,ERR,ERR,ERR,ERR,ERR,ERR,ERR,ERR,ERR,ERR,ERR,0.0,-107615384.0,-0.0,2.718290229135658e+23,nan,1.3936040501711995e+18,7.805,-12113.15,0,0,4,48924,6720,14723890282496.0,100,0.0,0.0,0.0,-0.0,0.0,0,0,0,0,0.0,0,0,0,0,0,0,0,0,0,0,0,0,0,0,0,0,0,0,0,0,0,0,0,0,0,0,0,0,0,0,0,0,0,26,51,50,76,65476,0,300,0,0,8,21553,0.0,-107605600.0,0.0,0.0,0.0,0.0,0.0,0.0,0.0,0.0,0.0,0.0,0.0,0.0,0.0,0.0,0.0,0.0,0.0,0.0,0.0,0.0,2.004,-2.004,2.004,2.004,0.0,0.0,0.0,0.0,4816.0,-3.697183494796791e+19,7256.0,0.0,-107615384.0,2.7184303811560617e+23,0.0,0.0,0.0,0.0,0.0,77,-0.0,-4.950398423098307e+32,0.0,0.0,0.0,0.0,0.0,0.0,0.0,0,0,0,0.0,0.0,0.0,0.0,0.0,0.0,0.0,0.0,0.0,0.0,0.0,0.0,0.0,0.0,0.0,0.0,0,-107875648.0,77,0.0,154,0.0,2.6533865130338155e+23,ERR,ERR,ERR,ERR,ERR,ERR,ERR,ERR,ERR,ERR,ERR,ERR,ERR,ERR,ERR,ERR,ERR,ERR,ERR,ERR,ERR,ERR,ERR,ERR,ERR,ERR,ERR,ERR,ERR,ERR,ERR,ERR,ERR,ERR,ERR,ERR,ERR,ERR,ERR,ERR,ERR,ERR,ERR,ERR,ERR,ERR,ERR,ERR,ERR,ERR,ERR,ERR,ERR,ERR,ERR,ERR,ERR,ERR,ERR,ERR,ERR,ERR,ERR,ERR,ERR,ERR,ERR,34.0,80.0,35,0.0,0.0,0.0,0.0,0.0,0.0,0.0,0.0,0.0,0.0,0.0,0.0,0.0,0.0,0.0,0.0,65.6,0,119,57,53,65476,0,300,0,0,8,20529,65476,0,0,57672,80.0,0.0,0.0,0.0,0.0,0.0
2026-06-18T02:55:48,ERR,ERR,ERR,ERR,ERR,ERR,ERR,ERR,ERR,ERR,ERR,ERR,ERR,ERR,ERR,ERR,ERR,ERR,ERR,ERR,ERR,ERR,ERR,ERR,ERR,ERR,ERR,ERR,ERR,ERR,ERR,ERR,ERR,ERR,ERR,ERR,ERR,ERR,ERR,ERR,ERR,ERR,ERR,ERR,ERR,ERR,ERR,ERR,ERR,ERR,ERR,ERR,ERR,ERR,ERR,ERR,ERR,ERR,ERR,ERR,ERR,ERR,ERR,ERR,ERR,ERR,ERR,ERR,ERR,ERR,ERR,ERR,ERR,ERR,ERR,ERR,ERR,ERR,ERR,ERR,ERR,ERR,ERR,ERR,ERR,ERR,ERR,ERR,ERR,ERR,ERR,ERR,ERR,ERR,ERR,ERR,ERR,ERR,ERR,ERR,ERR,ERR,ERR,ERR,ERR,ERR,ERR,ERR,ERR,ERR,ERR,ERR,ERR,ERR,ERR,ERR,ERR,ERR,ERR,ERR,ERR,ERR,ERR,ERR,ERR,0.0,-107615384.0,-0.0,2.718290229135658e+23,nan,1.3936040501711995e+18,7.805,-12113.15,0,0,4,48924,6720,14723890282496.0,100,0.0,0.0,0.0,-0.0,0.0,0,0,0,0,0.0,0,0,0,0,0,0,0,0,0,0,0,0,0,0,0,0,0,0,0,0,0,0,0,0,0,0,0,0,0,0,0,0,0,26,51,50,76,65476,0,300,0,0,8,21553,0.0,-107605600.0,0.0,0.0,0.0,0.0,0.0,0.0,0.0,0.0,0.0,0.0,0.0,0.0,0.0,0.0,0.0,0.0,0.0,0.0,0.0,0.0,2.004,-2.004,2.004,2.004,0.0,0.0,0.0,0.0,4816.0,-3.697183494796791e+19,7256.0,0.0,-107615384.0,2.7184303811560617e+23,0.0,0.0,0.0,0.0,0.0,77,-0.0,-4.950398423098307e+32,0.0,0.0,0.0,0.0,0.0,0.0,0.0,0,0,0,0.0,0.0,0.0,0.0,0.0,0.0,0.0,0.0,0.0,0.0,0.0,0.0,0.0,0.0,0.0,0.0,0,-107875648.0,77,0.0,154,0.0,2.6533865130338155e+23,ERR,ERR,ERR,ERR,ERR,ERR,ERR,ERR,ERR,ERR,ERR,ERR,ERR,ERR,ERR,ERR,ERR,ERR,ERR,ERR,ERR,ERR,ERR,ERR,ERR,ERR,ERR,ERR,ERR,ERR,ERR,ERR,ERR,ERR,ERR,ERR,ERR,ERR,ERR,ERR,ERR,ERR,ERR,ERR,ERR,ERR,ERR,ERR,ERR,ERR,ERR,ERR,ERR,ERR,ERR,ERR,ERR,ERR,ERR,ERR,ERR,ERR,ERR,ERR,ERR,ERR,ERR,34.0,80.0,35,0.0,0.0,0.0,0.0,0.0,0.0,0.0,0.0,0.0,0.0,0.0,0.0,0.0,0.0,0.0,0.0,65.6,0,119,57,53,65476,0,300,0,0,8,20529,65476,0,0,57672,80.0,0.0,0.0,0.0,0.0,0.0
2026-06-18T02:55:49,ERR,ERR,ERR,ERR,ERR,ERR,ERR,ERR,ERR,ERR,ERR,ERR,ERR,ERR,ERR,ERR,ERR,ERR,ERR,ERR,ERR,ERR,ERR,ERR,ERR,ERR,ERR,ERR,ERR,ERR,ERR,ERR,ERR,ERR,ERR,ERR,ERR,ERR,ERR,ERR,ERR,ERR,ERR,ERR,ERR,ERR,ERR,ERR,ERR,ERR,ERR,ERR,ERR,ERR,ERR,ERR,ERR,ERR,ERR,ERR,ERR,ERR,ERR,ERR,ERR,ERR,ERR,ERR,ERR,ERR,ERR,ERR,ERR,ERR,ERR,ERR,ERR,ERR,ERR,ERR,ERR,ERR,ERR,ERR,ERR,ERR,ERR,ERR,ERR,ERR,ERR,ERR,ERR,ERR,ERR,ERR,ERR,ERR,ERR,ERR,ERR,ERR,ERR,ERR,ERR,ERR,ERR,ERR,ERR,ERR,ERR,ERR,ERR,ERR,ERR,ERR,ERR,ERR,ERR,ERR,ERR,ERR,ERR,ERR,ERR,0.0,-107615384.0,-0.0,2.718290229135658e+23,nan,1.3936040501711995e+18,7.805,-12113.15,0,0,4,48924,6720,14723890282496.0,100,0.0,0.0,0.0,-0.0,0.0,0,0,0,0,0.0,0,0,0,0,0,0,0,0,0,0,0,0,0,0,0,0,0,0,0,0,0,0,0,0,0,0,0,0,0,0,0,0,0,26,51,50,76,65476,0,300,0,0,8,21553,0.0,-107605600.0,0.0,0.0,0.0,0.0,0.0,0.0,0.0,0.0,0.0,0.0,0.0,0.0,0.0,0.0,0.0,0.0,0.0,0.0,0.0,0.0,2.004,-2.004,2.004,2.004,0.0,0.0,0.0,0.0,4816.0,-3.697183494796791e+19,7256.0,0.0,-107615384.0,2.7184303811560617e+23,0.0,0.0,0.0,0.0,0.0,77,-0.0,-4.950398423098307e+32,0.0,0.0,0.0,0.0,0.0,0.0,0.0,0,0,0,0.0,0.0,0.0,0.0,0.0,0.0,0.0,0.0,0.0,0.0,0.0,0.0,0.0,0.0,0.0,0.0,0,-107875648.0,77,0.0,154,0.0,2.6533865130338155e+23,ERR,ERR,ERR,ERR,ERR,ERR,ERR,ERR,ERR,ERR,ERR,ERR,ERR,ERR,ERR,ERR,ERR,ERR,ERR,ERR,ERR,ERR,ERR,ERR,ERR,ERR,ERR,ERR,ERR,ERR,ERR,ERR,ERR,ERR,ERR,ERR,ERR,ERR,ERR,ERR,ERR,ERR,ERR,ERR,ERR,ERR,ERR,ERR,ERR,ERR,ERR,ERR,ERR,ERR,ERR,ERR,ERR,ERR,ERR,ERR,ERR,ERR,ERR,ERR,ERR,ERR,ERR,34.0,80.0,35,0.0,0.0,0.0,0.0,0.0,0.0,0.0,0.0,0.0,0.0,0.0,0.0,0.0,0.0,0.0,0.0,66.0,0,119,57,53,65476,0,300,0,0,8,20529,65476,0,0,57672,80.0,0.0,0.0,0.0,0.0,0.0
2026-06-18T02:55:50,ERR,ERR,ERR,ERR,ERR,ERR,ERR,ERR,ERR,ERR,ERR,ERR,ERR,ERR,ERR,ERR,ERR,ERR,ERR,ERR,ERR,ERR,ERR,ERR,ERR,ERR,ERR,ERR,ERR,ERR,ERR,ERR,ERR,ERR,ERR,ERR,ERR,ERR,ERR,ERR,ERR,ERR,ERR,ERR,ERR,ERR,ERR,ERR,ERR,ERR,ERR,ERR,ERR,ERR,ERR,ERR,ERR,ERR,ERR,ERR,ERR,ERR,ERR,ERR,ERR,ERR,ERR,ERR,ERR,ERR,ERR,ERR,ERR,ERR,ERR,ERR,ERR,ERR,ERR,ERR,ERR,ERR,ERR,ERR,ERR,ERR,ERR,ERR,ERR,ERR,ERR,ERR,ERR,ERR,ERR,ERR,ERR,ERR,ERR,ERR,ERR,ERR,ERR,ERR,ERR,ERR,ERR,ERR,ERR,ERR,ERR,ERR,ERR,ERR,ERR,ERR,ERR,ERR,ERR,ERR,ERR,ERR,ERR,ERR,ERR,0.0,-107615384.0,-0.0,0.0,nan,1.3936040501711995e+18,7.805,118629576.0,0,0,4,48924,6720,14723890282496.0,100,0.0,0.0,0.0,0.0,0.0,0,0,0,0,0.0,0,0,0,0,0,0,0,0,0,0,0,0,0,0,0,0,0,0,0,0,0,0,0,0,0,0,0,0,0,0,0,0,0,26,51,50,76,65476,0,300,0,0,8,21553,0.0,-107605600.0,0.0,0.0,0.0,0.0,0.0,0.0,0.0,0.0,0.0,0.0,0.0,0.0,0.0,0.0,0.0,0.0,0.0,0.0,0.0,0.0,2.004,-2.004,-0.0,2.004,0.0,0.0,0.0,0.0,4813.0,-2.422986175150025e+24,7261.0,0.0,-107615384.0,0.0,0.0,0.0,0.0,0.0,0.0,77,-0.0,0.0,0.0,0.0,0.0,0.0,0.0,0.0,0.0,0,0,0,0.0,0.0,0.0,0.0,0.0,0.0,0.0,0.0,0.0,0.0,0.0,0.0,0.0,0.0,0.0,0.0,0,-107875648.0,77,0.0,154,0.0,-101056864.0,ERR,ERR,ERR,ERR,ERR,ERR,ERR,ERR,ERR,ERR,ERR,ERR,ERR,ERR,ERR,ERR,ERR,ERR,ERR,ERR,ERR,ERR,ERR,ERR,ERR,ERR,ERR,ERR,ERR,ERR,ERR,ERR,ERR,ERR,ERR,ERR,ERR,ERR,ERR,ERR,ERR,ERR,ERR,ERR,ERR,ERR,ERR,ERR,ERR,ERR,ERR,ERR,ERR,ERR,ERR,ERR,ERR,ERR,ERR,ERR,ERR,ERR,ERR,ERR,ERR,ERR,ERR,34.0,80.0,35,0.0,0.0,0.0,0.0,0.0,0.0,0.0,0.0,0.0,0.0,0.0,0.0,0.0,0.0,0.0,0.0,66.0,0,119,57,53,65476,0,300,0,0,8,20529,65476,0,0,57672,80.0,0.0,0.0,0.0,0.0,0.0
2026-06-18T02:55:51,ERR,ERR,ERR,ERR,ERR,ERR,ERR,ERR,ERR,ERR,ERR,ERR,ERR,ERR,ERR,ERR,ERR,ERR,ERR,ERR,ERR,ERR,ERR,ERR,ERR,ERR,ERR,ERR,ERR,ERR,ERR,ERR,ERR,ERR,ERR,ERR,ERR,ERR,ERR,ERR,ERR,ERR,ERR,ERR,ERR,ERR,ERR,ERR,ERR,ERR,ERR,ERR,ERR,ERR,ERR,ERR,ERR,ERR,ERR,ERR,ERR,ERR,ERR,ERR,ERR,ERR,ERR,ERR,ERR,ERR,ERR,ERR,ERR,ERR,ERR,ERR,ERR,ERR,ERR,ERR,ERR,ERR,ERR,ERR,ERR,ERR,ERR,ERR,ERR,ERR,ERR,ERR,ERR,ERR,ERR,ERR,ERR,ERR,ERR,ERR,ERR,ERR,ERR,ERR,ERR,ERR,ERR,ERR,ERR,ERR,ERR,ERR,ERR,ERR,ERR,ERR,ERR,ERR,ERR,ERR,ERR,ERR,ERR,ERR,ERR,0.0,-107615384.0,-0.0,0.0,nan,1.3936040501711995e+18,7.805,118629576.0,0,0,4,48924,6720,14723890282496.0,100,0.0,0.0,0.0,0.0,0.0,0,0,0,0,0.0,0,0,0,0,0,0,0,0,0,0,0,0,0,0,0,0,0,0,0,0,0,0,0,0,0,0,0,0,0,0,0,0,0,26,51,50,76,65476,0,300,0,0,8,21553,0.0,-107605600.0,0.0,0.0,0.0,0.0,0.0,0.0,0.0,0.0,0.0,0.0,0.0,0.0,0.0,0.0,0.0,0.0,0.0,0.0,0.0,0.0,2.004,-2.004,-0.0,2.004,0.0,0.0,0.0,0.0,4813.0,-2.422986175150025e+24,7261.0,0.0,-107615384.0,0.0,0.0,0.0,0.0,0.0,0.0,77,-0.0,0.0,0.0,0.0,0.0,0.0,0.0,0.0,0.0,0,0,0,0.0,0.0,0.0,0.0,0.0,0.0,0.0,0.0,0.0,0.0,0.0,0.0,0.0,0.0,0.0,0.0,0,-107875648.0,77,0.0,154,0.0,-101056864.0,ERR,ERR,ERR,ERR,ERR,ERR,ERR,ERR,ERR,ERR,ERR,ERR,ERR,ERR,ERR,ERR,ERR,ERR,ERR,ERR,ERR,ERR,ERR,ERR,ERR,ERR,ERR,ERR,ERR,ERR,ERR,ERR,ERR,ERR,ERR,ERR,ERR,ERR,ERR,ERR,ERR,ERR,ERR,ERR,ERR,ERR,ERR,ERR,ERR,ERR,ERR,ERR,ERR,ERR,ERR,ERR,ERR,ERR,ERR,ERR,ERR,ERR,ERR,ERR,ERR,ERR,ERR,34.0,80.0,35,0.0,0.0,0.0,0.0,0.0,0.0,0.0,0.0,0.0,0.0,0.0,0.0,0.0,0.0,0.0,0.0,65.6,0,119,57,53,65476,0,300,0,0,8,20529,65476,0,0,57672,80.0,0.0,0.0,0.0,0.0,0.0
2026-06-18T02:55:52,ERR,ERR,ERR,ERR,ERR,ERR,ERR,ERR,ERR,ERR,ERR,ERR,ERR,ERR,ERR,ERR,ERR,ERR,ERR,ERR,ERR,ERR,ERR,ERR,ERR,ERR,ERR,ERR,ERR,ERR,ERR,ERR,ERR,ERR,ERR,ERR,ERR,ERR,ERR,ERR,ERR,ERR,ERR,ERR,ERR,ERR,ERR,ERR,ERR,ERR,ERR,ERR,ERR,ERR,ERR,ERR,ERR,ERR,ERR,ERR,ERR,ERR,ERR,ERR,ERR,ERR,ERR,ERR,ERR,ERR,ERR,ERR,ERR,ERR,ERR,ERR,ERR,ERR,ERR,ERR,ERR,ERR,ERR,ERR,ERR,ERR,ERR,ERR,ERR,ERR,ERR,ERR,ERR,ERR,ERR,ERR,ERR,ERR,ERR,ERR,ERR,ERR,ERR,ERR,ERR,ERR,ERR,ERR,ERR,ERR,ERR,ERR,ERR,ERR,ERR,ERR,ERR,ERR,ERR,ERR,ERR,ERR,ERR,ERR,ERR,0.0,-107615384.0,-0.0,0.0,nan,1.3936040501711995e+18,7.805,118629576.0,0,0,4,48924,6720,14723890282496.0,100,0.0,0.0,0.0,0.0,0.0,0,0,0,0,0.0,0,0,0,0,0,0,0,0,0,0,0,0,0,0,0,0,0,0,0,0,0,0,0,0,0,0,0,0,0,0,0,0,0,26,51,50,76,65476,0,300,0,0,8,21553,0.0,-107605600.0,0.0,0.0,0.0,0.0,0.0,0.0,0.0,0.0,0.0,0.0,0.0,0.0,0.0,0.0,0.0,0.0,0.0,0.0,0.0,0.0,2.004,-2.004,-0.0,2.004,0.0,0.0,0.0,0.0,4813.0,-2.422986175150025e+24,7261.0,0.0,-107615384.0,0.0,0.0,0.0,0.0,0.0,0.0,77,-0.0,0.0,0.0,0.0,0.0,0.0,0.0,0.0,0.0,0,0,0,0.0,0.0,0.0,0.0,0.0,0.0,0.0,0.0,0.0,0.0,0.0,0.0,0.0,0.0,0.0,0.0,0,-107875648.0,77,0.0,154,0.0,-101056864.0,ERR,ERR,ERR,ERR,ERR,ERR,ERR,ERR,ERR,ERR,ERR,ERR,ERR,ERR,ERR,ERR,ERR,ERR,ERR,ERR,ERR,ERR,ERR,ERR,ERR,ERR,ERR,ERR,ERR,ERR,ERR,ERR,ERR,ERR,ERR,ERR,ERR,ERR,ERR,ERR,ERR,ERR,ERR,ERR,ERR,ERR,ERR,ERR,ERR,ERR,ERR,ERR,ERR,ERR,ERR,ERR,ERR,ERR,ERR,ERR,ERR,ERR,ERR,ERR,ERR,ERR,ERR,34.0,80.0,35,0.0,0.0,0.0,0.0,0.0,0.0,0.0,0.0,0.0,0.0,0.0,0.0,0.0,0.0,0.0,0.0,65.6,0,119,57,53,65476,0,300,0,0,8,20529,65476,0,0,57672,80.0,0.0,0.0,0.0,0.0,0.0
2026-06-18T02:55:53,ERR,ERR,ERR,ERR,ERR,ERR,ERR,ERR,ERR,ERR,ERR,ERR,ERR,ERR,ERR,ERR,ERR,ERR,ERR,ERR,ERR,ERR,ERR,ERR,ERR,ERR,ERR,ERR,ERR,ERR,ERR,ERR,ERR,ERR,ERR,ERR,ERR,ERR,ERR,ERR,ERR,ERR,ERR,ERR,ERR,ERR,ERR,ERR,ERR,ERR,ERR,ERR,ERR,ERR,ERR,ERR,ERR,ERR,ERR,ERR,ERR,ERR,ERR,ERR,ERR,ERR,ERR,ERR,ERR,ERR,ERR,ERR,ERR,ERR,ERR,ERR,ERR,ERR,ERR,ERR,ERR,ERR,ERR,ERR,ERR,ERR,ERR,ERR,ERR,ERR,ERR,ERR,ERR,ERR,ERR,ERR,ERR,ERR,ERR,ERR,ERR,ERR,ERR,ERR,ERR,ERR,ERR,ERR,ERR,ERR,ERR,ERR,ERR,ERR,ERR,ERR,ERR,ERR,ERR,ERR,ERR,ERR,ERR,ERR,ERR,0.0,-107615384.0,-0.0,0.0,nan,1.3936040501711995e+18,7.805,118629576.0,0,0,4,48924,6720,14723890282496.0,100,0.0,0.0,0.0,0.0,0.0,0,0,0,0,0.0,0,0,0,0,0,0,0,0,0,0,0,0,0,0,0,0,0,0,0,0,0,0,0,0,0,0,0,0,0,0,0,0,0,26,51,50,76,65476,0,300,0,0,8,21553,0.0,-107605600.0,0.0,0.0,0.0,0.0,0.0,0.0,0.0,0.0,0.0,0.0,0.0,0.0,0.0,0.0,0.0,0.0,0.0,0.0,0.0,0.0,2.004,-2.004,-0.0,2.004,0.0,0.0,0.0,0.0,4813.0,-2.422986175150025e+24,7261.0,0.0,-107615384.0,0.0,0.0,0.0,0.0,0.0,0.0,77,-0.0,0.0,0.0,0.0,0.0,0.0,0.0,0.0,0.0,0,0,0,0.0,0.0,0.0,0.0,0.0,0.0,0.0,0.0,0.0,0.0,0.0,0.0,0.0,0.0,0.0,0.0,0,-107875648.0,77,0.0,154,0.0,-101056864.0,ERR,ERR,ERR,ERR,ERR,ERR,ERR,ERR,ERR,ERR,ERR,ERR,ERR,ERR,ERR,ERR,ERR,ERR,ERR,ERR,ERR,ERR,ERR,ERR,ERR,ERR,ERR,ERR,ERR,ERR,ERR,ERR,ERR,ERR,ERR,ERR,ERR,ERR,ERR,ERR,ERR,ERR,ERR,ERR,ERR,ERR,ERR,ERR,ERR,ERR,ERR,ERR,ERR,ERR,ERR,ERR,ERR,ERR,ERR,ERR,ERR,ERR,ERR,ERR,ERR,ERR,ERR,34.0,80.0,35,0.0,0.0,0.0,0.0,0.0,0.0,0.0,0.0,0.0,0.0,0.0,0.0,0.0,0.0,0.0,0.0,66.0,0,119,57,53,65476,0,300,0,0,8,20529,65476,0,0,57672,80.0,0.0,0.0,0.0,0.0,0.0
2026-06-18T02:55:54,ERR,ERR,ERR,ERR,ERR,ERR,ERR,ERR,ERR,ERR,ERR,ERR,ERR,ERR,ERR,ERR,ERR,ERR,ERR,ERR,ERR,ERR,ERR,ERR,ERR,ERR,ERR,ERR,ERR,ERR,ERR,ERR,ERR,ERR,ERR,ERR,ERR,ERR,ERR,ERR,ERR,ERR,ERR,ERR,ERR,ERR,ERR,ERR,ERR,ERR,ERR,ERR,ERR,ERR,ERR,ERR,ERR,ERR,ERR,ERR,ERR,ERR,ERR,ERR,ERR,ERR,ERR,ERR,ERR,ERR,ERR,ERR,ERR,ERR,ERR,ERR,ERR,ERR,ERR,ERR,ERR,ERR,ERR,ERR,ERR,ERR,ERR,ERR,ERR,ERR,ERR,ERR,ERR,ERR,ERR,ERR,ERR,ERR,ERR,ERR,ERR,ERR,ERR,ERR,ERR,ERR,ERR,ERR,ERR,ERR,ERR,ERR,ERR,ERR,ERR,ERR,ERR,ERR,ERR,ERR,ERR,ERR,ERR,ERR,ERR,0.0,-107615384.0,-0.0,0.0,nan,1.3936040501711995e+18,7.805,118629576.0,0,0,4,48924,6720,14723890282496.0,100,0.0,0.0,0.0,0.0,0.0,0,0,0,0,0.0,0,0,0,0,0,0,0,0,0,0,0,0,0,0,0,0,0,0,0,0,0,0,0,0,0,0,0,0,0,0,0,0,0,26,51,50,76,65476,0,300,0,0,8,21553,0.0,-107605600.0,0.0,0.0,0.0,0.0,0.0,0.0,0.0,0.0,0.0,0.0,0.0,0.0,0.0,0.0,0.0,0.0,0.0,0.0,0.0,0.0,2.004,-2.004,-0.0,2.004,0.0,0.0,0.0,0.0,4813.0,-2.422986175150025e+24,7261.0,0.0,-107615384.0,0.0,0.0,0.0,0.0,0.0,0.0,77,-0.0,0.0,0.0,0.0,0.0,0.0,0.0,0.0,0.0,0,0,0,0.0,0.0,0.0,0.0,0.0,0.0,0.0,0.0,0.0,0.0,0.0,0.0,0.0,0.0,0.0,0.0,0,-107875648.0,77,0.0,154,0.0,-101056864.0,ERR,ERR,ERR,ERR,ERR,ERR,ERR,ERR,ERR,ERR,ERR,ERR,ERR,ERR,ERR,ERR,ERR,ERR,ERR,ERR,ERR,ERR,ERR,ERR,ERR,ERR,ERR,ERR,ERR,ERR,ERR,ERR,ERR,ERR,ERR,ERR,ERR,ERR,ERR,ERR,ERR,ERR,ERR,ERR,ERR,ERR,ERR,ERR,ERR,ERR,ERR,ERR,ERR,ERR,ERR,ERR,ERR,ERR,ERR,ERR,ERR,ERR,ERR,ERR,ERR,ERR,ERR,34.0,80.0,35,0.0,0.0,0.0,0.0,0.0,0.0,0.0,0.0,0.0,0.0,0.0,0.0,0.0,0.0,0.0,0.0,65.6,0,119,57,53,65476,0,300,0,0,8,20529,65476,0,0,57672,80.0,0.0,0.0,0.0,0.0,0.0
2026-06-18T02:55:55,ERR,ERR,ERR,ERR,ERR,ERR,ERR,ERR,ERR,ERR,ERR,ERR,ERR,ERR,ERR,ERR,ERR,ERR,ERR,ERR,ERR,ERR,ERR,ERR,ERR,ERR,ERR,ERR,ERR,ERR,ERR,ERR,ERR,ERR,ERR,ERR,ERR,ERR,ERR,ERR,ERR,ERR,ERR,ERR,ERR,ERR,ERR,ERR,ERR,ERR,ERR,ERR,ERR,ERR,ERR,ERR,ERR,ERR,ERR,ERR,ERR,ERR,ERR,ERR,ERR,ERR,ERR,ERR,ERR,ERR,ERR,ERR,ERR,ERR,ERR,ERR,ERR,ERR,ERR,ERR,ERR,ERR,ERR,ERR,ERR,ERR,ERR,ERR,ERR,ERR,ERR,ERR,ERR,ERR,ERR,ERR,ERR,ERR,ERR,ERR,ERR,ERR,ERR,ERR,ERR,ERR,ERR,ERR,ERR,ERR,ERR,ERR,ERR,ERR,ERR,ERR,ERR,ERR,ERR,ERR,ERR,ERR,ERR,ERR,ERR,0.0,-107615384.0,-0.0,0.0,nan,1.3936040501711995e+18,7.805,118629576.0,0,0,4,48924,6720,14723890282496.0,100,0.0,0.0,0.0,0.0,0.0,0,0,0,0,0.0,0,0,0,0,0,0,0,0,0,0,0,0,0,0,0,0,0,0,0,0,0,0,0,0,0,0,0,0,0,0,0,0,0,26,51,50,76,65476,0,300,0,0,8,21553,0.0,-107605600.0,0.0,0.0,0.0,0.0,0.0,0.0,0.0,0.0,0.0,0.0,0.0,0.0,0.0,0.0,0.0,0.0,0.0,0.0,0.0,0.0,2.004,-2.004,-0.0,2.004,0.0,0.0,0.0,0.0,4813.0,-2.422986175150025e+24,7261.0,0.0,-107615384.0,0.0,0.0,0.0,0.0,0.0,0.0,77,-0.0,0.0,0.0,0.0,0.0,0.0,0.0,0.0,0.0,0,0,0,0.0,0.0,0.0,0.0,0.0,0.0,0.0,0.0,0.0,0.0,0.0,0.0,0.0,0.0,0.0,0.0,0,-107875648.0,77,0.0,154,0.0,-101056864.0,ERR,ERR,ERR,ERR,ERR,ERR,ERR,ERR,ERR,ERR,ERR,ERR,ERR,ERR,ERR,ERR,ERR,ERR,ERR,ERR,ERR,ERR,ERR,ERR,ERR,ERR,ERR,ERR,ERR,ERR,ERR,ERR,ERR,ERR,ERR,ERR,ERR,ERR,ERR,ERR,ERR,ERR,ERR,ERR,ERR,ERR,ERR,ERR,ERR,ERR,ERR,ERR,ERR,ERR,ERR,ERR,ERR,ERR,ERR,ERR,ERR,ERR,ERR,ERR,ERR,ERR,ERR,34.0,80.0,35,0.0,0.0,0.0,0.0,0.0,0.0,0.0,0.0,0.0,0.0,0.0,0.0,0.0,0.0,0.0,0.0,65.6,0,119,57,53,65476,0,300,0,0,8,20529,65476,0,0,57672,80.0,0.0,0.0,0.0,0.0,0.0
2026-06-18T02:55:56,ERR,ERR,ERR,ERR,ERR,ERR,ERR,ERR,ERR,ERR,ERR,ERR,ERR,ERR,ERR,ERR,ERR,ERR,ERR,ERR,ERR,ERR,ERR,ERR,ERR,ERR,ERR,ERR,ERR,ERR,ERR,ERR,ERR,ERR,ERR,ERR,ERR,ERR,ERR,ERR,ERR,ERR,ERR,ERR,ERR,ERR,ERR,ERR,ERR,ERR,ERR,ERR,ERR,ERR,ERR,ERR,ERR,ERR,ERR,ERR,ERR,ERR,ERR,ERR,ERR,ERR,ERR,ERR,ERR,ERR,ERR,ERR,ERR,ERR,ERR,ERR,ERR,ERR,ERR,ERR,ERR,ERR,ERR,ERR,ERR,ERR,ERR,ERR,ERR,ERR,ERR,ERR,ERR,ERR,ERR,ERR,ERR,ERR,ERR,ERR,ERR,ERR,ERR,ERR,ERR,ERR,ERR,ERR,ERR,ERR,ERR,ERR,ERR,ERR,ERR,ERR,ERR,ERR,ERR,ERR,ERR,ERR,ERR,ERR,ERR,0.0,-107615384.0,-0.0,-152005385388032.0,nan,1.3936040501711995e+18,7.805,-1161942663168.0,0,0,4,48927,6720,14723890282496.0,100,0.0,0.0,0.0,-152005385388032.0,0.0,0,0,0,0,0.0,0,0,0,0,0,0,0,0,0,0,0,0,0,0,0,0,0,0,0,0,0,0,0,0,0,0,0,0,0,0,0,0,0,26,51,50,76,65476,0,300,0,0,8,21553,0.0,-107605600.0,0.0,0.0,0.0,0.0,0.0,0.0,0.0,0.0,0.0,0.0,0.0,0.0,0.0,0.0,0.0,0.0,0.0,0.0,0.0,0.0,2.004,-2.004,-0.0,2.004,0.0,0.0,0.0,0.0,4847.0,0.0,7234.0,0.0,-107615384.0,2.7184303811560617e+23,0.0,0.0,0.0,0.0,0.0,77,-0.0,1.9056847201763328e+17,0.0,0.0,0.0,0.0,0.0,0.0,0.0,0,0,0,0.0,0.0,0.0,0.0,0.0,0.0,0.0,0.0,0.0,0.0,0.0,0.0,0.0,0.0,0.0,0.0,0,-107875648.0,77,0.0,154,0.0,-101056864.0,ERR,ERR,ERR,ERR,ERR,ERR,ERR,ERR,ERR,ERR,ERR,ERR,ERR,ERR,ERR,ERR,ERR,ERR,ERR,ERR,ERR,ERR,ERR,ERR,ERR,ERR,ERR,ERR,ERR,ERR,ERR,ERR,ERR,ERR,ERR,ERR,ERR,ERR,ERR,ERR,ERR,ERR,ERR,ERR,ERR,ERR,ERR,ERR,ERR,ERR,ERR,ERR,ERR,ERR,ERR,ERR,ERR,ERR,ERR,ERR,ERR,ERR,ERR,ERR,ERR,ERR,ERR,34.0,80.0,35,0.0,0.0,0.0,0.0,0.0,0.0,0.0,0.0,0.0,0.0,0.0,0.0,0.0,0.0,0.0,0.0,65.6,0,119,57,53,65476,0,300,0,0,8,20529,65476,0,0,57672,80.0,0.0,0.0,0.0,0.0,0.0
2026-06-18T02:55:57,ERR,ERR,ERR,ERR,ERR,ERR,ERR,ERR,ERR,ERR,ERR,ERR,ERR,ERR,ERR,ERR,ERR,ERR,ERR,ERR,ERR,ERR,ERR,ERR,ERR,ERR,ERR,ERR,ERR,ERR,ERR,ERR,ERR,ERR,ERR,ERR,ERR,ERR,ERR,ERR,ERR,ERR,ERR,ERR,ERR,ERR,ERR,ERR,ERR,ERR,ERR,ERR,ERR,ERR,ERR,ERR,ERR,ERR,ERR,ERR,ERR,ERR,ERR,ERR,ERR,ERR,ERR,ERR,ERR,ERR,ERR,ERR,ERR,ERR,ERR,ERR,ERR,ERR,ERR,ERR,ERR,ERR,ERR,ERR,ERR,ERR,ERR,ERR,ERR,ERR,ERR,ERR,ERR,ERR,ERR,ERR,ERR,ERR,ERR,ERR,ERR,ERR,ERR,ERR,ERR,ERR,ERR,ERR,ERR,ERR,ERR,ERR,ERR,ERR,ERR,ERR,ERR,ERR,ERR,ERR,ERR,ERR,ERR,ERR,ERR,0.0,-107615384.0,-0.0,-152005385388032.0,nan,1.3936040501711995e+18,7.805,-1161942663168.0,0,0,4,48927,6720,14723890282496.0,100,0.0,0.0,0.0,-152005385388032.0,0.0,0,0,0,0,0.0,0,0,0,0,0,0,0,0,0,0,0,0,0,0,0,0,0,0,0,0,0,0,0,0,0,0,0,0,0,0,0,0,0,26,51,50,76,65476,0,300,0,0,8,21553,0.0,-107605600.0,0.0,0.0,0.0,0.0,0.0,0.0,0.0,0.0,0.0,0.0,0.0,0.0,0.0,0.0,0.0,0.0,0.0,0.0,0.0,0.0,2.004,-2.004,-0.0,2.004,0.0,0.0,0.0,0.0,4847.0,0.0,7234.0,0.0,-107615384.0,2.7184303811560617e+23,0.0,0.0,0.0,0.0,0.0,77,-0.0,1.9056847201763328e+17,0.0,0.0,0.0,0.0,0.0,0.0,0.0,0,0,0,0.0,0.0,0.0,0.0,0.0,0.0,0.0,0.0,0.0,0.0,0.0,0.0,0.0,0.0,0.0,0.0,0,-107875648.0,77,0.0,154,0.0,-101056864.0,ERR,ERR,ERR,ERR,ERR,ERR,ERR,ERR,ERR,ERR,ERR,ERR,ERR,ERR,ERR,ERR,ERR,ERR,ERR,ERR,ERR,ERR,ERR,ERR,ERR,ERR,ERR,ERR,ERR,ERR,ERR,ERR,ERR,ERR,ERR,ERR,ERR,ERR,ERR,ERR,ERR,ERR,ERR,ERR,ERR,ERR,ERR,ERR,ERR,ERR,ERR,ERR,ERR,ERR,ERR,ERR,ERR,ERR,ERR,ERR,ERR,ERR,ERR,ERR,ERR,ERR,ERR,34.0,80.0,35,0.0,0.0,0.0,0.0,0.0,0.0,0.0,0.0,0.0,0.0,0.0,0.0,0.0,0.0,0.0,0.0,65.6,0,119,57,53,65476,0,300,0,0,8,20529,65476,0,0,57672,80.0,0.0,0.0,0.0,0.0,0.0
2026-06-18T02:55:58,ERR,ERR,ERR,ERR,ERR,ERR,ERR,ERR,ERR,ERR,ERR,ERR,ERR,ERR,ERR,ERR,ERR,ERR,ERR,ERR,ERR,ERR,ERR,ERR,ERR,ERR,ERR,ERR,ERR,ERR,ERR,ERR,ERR,ERR,ERR,ERR,ERR,ERR,ERR,ERR,ERR,ERR,ERR,ERR,ERR,ERR,ERR,ERR,ERR,ERR,ERR,ERR,ERR,ERR,ERR,ERR,ERR,ERR,ERR,ERR,ERR,ERR,ERR,ERR,ERR,ERR,ERR,ERR,ERR,ERR,ERR,ERR,ERR,ERR,ERR,ERR,ERR,ERR,ERR,ERR,ERR,ERR,ERR,ERR,ERR,ERR,ERR,ERR,ERR,ERR,ERR,ERR,ERR,ERR,ERR,ERR,ERR,ERR,ERR,ERR,ERR,ERR,ERR,ERR,ERR,ERR,ERR,ERR,ERR,ERR,ERR,ERR,ERR,ERR,ERR,ERR,ERR,ERR,ERR,ERR,ERR,ERR,ERR,ERR,ERR,0.0,-107615384.0,-0.0,-152005385388032.0,nan,1.3936040501711995e+18,7.805,-1161942663168.0,0,0,4,48927,6720,14723890282496.0,100,0.0,0.0,0.0,-152005385388032.0,0.0,0,0,0,0,0.0,0,0,0,0,0,0,0,0,0,0,0,0,0,0,0,0,0,0,0,0,0,0,0,0,0,0,0,0,0,0,0,0,0,26,51,50,76,65476,0,300,0,0,8,21553,0.0,-107605600.0,0.0,0.0,0.0,0.0,0.0,0.0,0.0,0.0,0.0,0.0,0.0,0.0,0.0,0.0,0.0,0.0,0.0,0.0,0.0,0.0,2.004,-2.004,-0.0,2.004,0.0,0.0,0.0,0.0,4847.0,0.0,7234.0,0.0,-107615384.0,2.7184303811560617e+23,0.0,0.0,0.0,0.0,0.0,77,-0.0,1.9056847201763328e+17,0.0,0.0,0.0,0.0,0.0,0.0,0.0,0,0,0,0.0,0.0,0.0,0.0,0.0,0.0,0.0,0.0,0.0,0.0,0.0,0.0,0.0,0.0,0.0,0.0,0,-107875648.0,77,0.0,154,0.0,-101056864.0,ERR,ERR,ERR,ERR,ERR,ERR,ERR,ERR,ERR,ERR,ERR,ERR,ERR,ERR,ERR,ERR,ERR,ERR,ERR,ERR,ERR,ERR,ERR,ERR,ERR,ERR,ERR,ERR,ERR,ERR,ERR,ERR,ERR,ERR,ERR,ERR,ERR,ERR,ERR,ERR,ERR,ERR,ERR,ERR,ERR,ERR,ERR,ERR,ERR,ERR,ERR,ERR,ERR,ERR,ERR,ERR,ERR,ERR,ERR,ERR,ERR,ERR,ERR,ERR,ERR,ERR,ERR,34.0,80.0,35,0.0,0.0,0.0,0.0,0.0,0.0,0.0,0.0,0.0,0.0,0.0,0.0,0.0,0.0,0.0,0.0,65.6,0,119,57,53,65476,0,300,0,0,8,20529,65476,0,0,57672,80.0,0.0,0.0,0.0,0.0,0.0
2026-06-18T02:55:59,ERR,ERR,ERR,ERR,ERR,ERR,ERR,ERR,ERR,ERR,ERR,ERR,ERR,ERR,ERR,ERR,ERR,ERR,ERR,ERR,ERR,ERR,ERR,ERR,ERR,ERR,ERR,ERR,ERR,ERR,ERR,ERR,ERR,ERR,ERR,ERR,ERR,ERR,ERR,ERR,ERR,ERR,ERR,ERR,ERR,ERR,ERR,ERR,ERR,ERR,ERR,ERR,ERR,ERR,ERR,ERR,ERR,ERR,ERR,ERR,ERR,ERR,ERR,ERR,ERR,ERR,ERR,ERR,ERR,ERR,ERR,ERR,ERR,ERR,ERR,ERR,ERR,ERR,ERR,ERR,ERR,ERR,ERR,ERR,ERR,ERR,ERR,ERR,ERR,ERR,ERR,ERR,ERR,ERR,ERR,ERR,ERR,ERR,ERR,ERR,ERR,ERR,ERR,ERR,ERR,ERR,ERR,ERR,ERR,ERR,ERR,ERR,ERR,ERR,ERR,ERR,ERR,ERR,ERR,ERR,ERR,ERR,ERR,ERR,ERR,0.0,-107615384.0,-0.0,-152005385388032.0,nan,1.3936040501711995e+18,7.805,-1161942663168.0,0,0,4,48927,6720,14723890282496.0,100,0.0,0.0,0.0,-152005385388032.0,0.0,0,0,0,0,0.0,0,0,0,0,0,0,0,0,0,0,0,0,0,0,0,0,0,0,0,0,0,0,0,0,0,0,0,0,0,0,0,0,0,26,51,50,76,65476,0,300,0,0,8,21553,0.0,-107605600.0,0.0,0.0,0.0,0.0,0.0,0.0,0.0,0.0,0.0,0.0,0.0,0.0,0.0,0.0,0.0,0.0,0.0,0.0,0.0,0.0,2.004,-2.004,-0.0,2.004,0.0,0.0,0.0,0.0,4847.0,0.0,7234.0,0.0,-107615384.0,2.7184303811560617e+23,0.0,0.0,0.0,0.0,0.0,77,-0.0,1.9056847201763328e+17,0.0,0.0,0.0,0.0,0.0,0.0,0.0,0,0,0,0.0,0.0,0.0,0.0,0.0,0.0,0.0,0.0,0.0,0.0,0.0,0.0,0.0,0.0,0.0,0.0,0,-107875648.0,77,0.0,154,0.0,-101056864.0,ERR,ERR,ERR,ERR,ERR,ERR,ERR,ERR,ERR,ERR,ERR,ERR,ERR,ERR,ERR,ERR,ERR,ERR,ERR,ERR,ERR,ERR,ERR,ERR,ERR,ERR,ERR,ERR,ERR,ERR,ERR,ERR,ERR,ERR,ERR,ERR,ERR,ERR,ERR,ERR,ERR,ERR,ERR,ERR,ERR,ERR,ERR,ERR,ERR,ERR,ERR,ERR,ERR,ERR,ERR,ERR,ERR,ERR,ERR,ERR,ERR,ERR,ERR,ERR,ERR,ERR,ERR,34.0,80.0,35,0.0,0.0,0.0,0.0,0.0,0.0,0.0,0.0,0.0,0.0,0.0,0.0,0.0,0.0,0.0,0.0,65.6,0,119,57,53,65476,0,300,0,0,8,20529,65476,0,0,57672,80.0,0.0,0.0,0.0,0.0,0.0
2026-06-18T02:56:00,ERR,ERR,ERR,ERR,ERR,ERR,ERR,ERR,ERR,ERR,ERR,ERR,ERR,ERR,ERR,ERR,ERR,ERR,ERR,ERR,ERR,ERR,ERR,ERR,ERR,ERR,ERR,ERR,ERR,ERR,ERR,ERR,ERR,ERR,ERR,ERR,ERR,ERR,ERR,ERR,ERR,ERR,ERR,ERR,ERR,ERR,ERR,ERR,ERR,ERR,ERR,ERR,ERR,ERR,ERR,ERR,ERR,ERR,ERR,ERR,ERR,ERR,ERR,ERR,ERR,ERR,ERR,ERR,ERR,ERR,ERR,ERR,ERR,ERR,ERR,ERR,ERR,ERR,ERR,ERR,ERR,ERR,ERR,ERR,ERR,ERR,ERR,ERR,ERR,ERR,ERR,ERR,ERR,ERR,ERR,ERR,ERR,ERR,ERR,ERR,ERR,ERR,ERR,ERR,ERR,ERR,ERR,ERR,ERR,ERR,ERR,ERR,ERR,ERR,ERR,ERR,ERR,ERR,ERR,ERR,ERR,ERR,ERR,ERR,ERR,0.0,-107615384.0,-0.0,-152005385388032.0,nan,1.3936040501711995e+18,7.805,-1161942663168.0,0,0,4,48927,6720,14723890282496.0,100,0.0,0.0,0.0,-152005385388032.0,0.0,0,0,0,0,0.0,0,0,0,0,0,0,0,0,0,0,0,0,0,0,0,0,0,0,0,0,0,0,0,0,0,0,0,0,0,0,0,0,0,26,51,50,76,65476,0,300,0,0,8,21553,0.0,-107605600.0,0.0,0.0,0.0,0.0,0.0,0.0,0.0,0.0,0.0,0.0,0.0,0.0,0.0,0.0,0.0,0.0,0.0,0.0,0.0,0.0,2.004,-2.004,-0.0,2.004,0.0,0.0,0.0,0.0,4847.0,0.0,7234.0,0.0,-107615384.0,2.7184303811560617e+23,0.0,0.0,0.0,0.0,0.0,77,-0.0,1.9056847201763328e+17,0.0,0.0,0.0,0.0,0.0,0.0,0.0,0,0,0,0.0,0.0,0.0,0.0,0.0,0.0,0.0,0.0,0.0,0.0,0.0,0.0,0.0,0.0,0.0,0.0,0,-107875648.0,77,0.0,154,0.0,-101056864.0,ERR,ERR,ERR,ERR,ERR,ERR,ERR,ERR,ERR,ERR,ERR,ERR,ERR,ERR,ERR,ERR,ERR,ERR,ERR,ERR,ERR,ERR,ERR,ERR,ERR,ERR,ERR,ERR,ERR,ERR,ERR,ERR,ERR,ERR,ERR,ERR,ERR,ERR,ERR,ERR,ERR,ERR,ERR,ERR,ERR,ERR,ERR,ERR,ERR,ERR,ERR,ERR,ERR,ERR,ERR,ERR,ERR,ERR,ERR,ERR,ERR,ERR,ERR,ERR,ERR,ERR,ERR,34.0,80.0,35,0.0,0.0,0.0,0.0,0.0,0.0,0.0,0.0,0.0,0.0,0.0,0.0,0.0,0.0,0.0,0.0,66.0,0,119,57,53,65476,0,300,0,0,8,20529,65476,0,0,57672,80.0,0.0,0.0,0.0,0.0,0.0
2026-06-18T02:56:01,ERR,ERR,ERR,ERR,ERR,ERR,ERR,ERR,ERR,ERR,ERR,ERR,ERR,ERR,ERR,ERR,ERR,ERR,ERR,ERR,ERR,ERR,ERR,ERR,ERR,ERR,ERR,ERR,ERR,ERR,ERR,ERR,ERR,ERR,ERR,ERR,ERR,ERR,ERR,ERR,ERR,ERR,ERR,ERR,ERR,ERR,ERR,ERR,ERR,ERR,ERR,ERR,ERR,ERR,ERR,ERR,ERR,ERR,ERR,ERR,ERR,ERR,ERR,ERR,ERR,ERR,ERR,ERR,ERR,ERR,ERR,ERR,ERR,ERR,ERR,ERR,ERR,ERR,ERR,ERR,ERR,ERR,ERR,ERR,ERR,ERR,ERR,ERR,ERR,ERR,ERR,ERR,ERR,ERR,ERR,ERR,ERR,ERR,ERR,ERR,ERR,ERR,ERR,ERR,ERR,ERR,ERR,ERR,ERR,ERR,ERR,ERR,ERR,ERR,ERR,ERR,ERR,ERR,ERR,ERR,ERR,ERR,ERR,ERR,ERR,0.0,-107615384.0,-0.0,-0.0,nan,1.3936040501711995e+18,7.805,-0.0,0,0,4,48923,6720,14723890282496.0,100,0.0,0.0,0.0,-0.0,0.0,0,0,0,0,0.0,0,0,0,0,0,0,0,0,0,0,0,0,0,0,0,0,0,0,0,0,0,0,0,0,0,0,0,0,0,0,0,0,0,26,51,50,76,65476,0,300,0,0,8,21553,0.0,-107605600.0,0.0,0.0,0.0,0.0,0.0,0.0,0.0,0.0,0.0,0.0,0.0,0.0,0.0,0.0,0.0,0.0,0.0,0.0,0.0,0.0,2.004,-2.004,-0.0,2.004,0.0,0.0,0.0,0.0,4815.0,-2.422986175150025e+24,7261.0,0.0,-107615384.0,0.0,0.0,0.0,0.0,0.0,0.0,77,-0.0,0.059,0.0,0.0,0.0,0.0,0.0,0.0,0.0,0,0,0,0.0,0.0,0.0,0.0,0.0,0.0,0.0,0.0,0.0,0.0,0.0,0.0,0.0,0.0,0.0,0.0,0,-107875648.0,77,0.0,154,0.0,-101056864.0,ERR,ERR,ERR,ERR,ERR,ERR,ERR,ERR,ERR,ERR,ERR,ERR,ERR,ERR,ERR,ERR,ERR,ERR,ERR,ERR,ERR,ERR,ERR,ERR,ERR,ERR,ERR,ERR,ERR,ERR,ERR,ERR,ERR,ERR,ERR,ERR,ERR,ERR,ERR,ERR,ERR,ERR,ERR,ERR,ERR,ERR,ERR,ERR,ERR,ERR,ERR,ERR,ERR,ERR,ERR,ERR,ERR,ERR,ERR,ERR,ERR,ERR,ERR,ERR,ERR,ERR,ERR,34.0,80.0,35,0.0,0.0,0.0,0.0,0.0,0.0,0.0,0.0,0.0,0.0,0.0,0.0,0.0,0.0,0.0,0.0,66.0,0,119,57,53,65476,0,300,0,0,8,20529,65476,0,0,57672,80.0,0.0,0.0,0.0,0.0,0.0
2026-06-18T02:56:02,ERR,ERR,ERR,ERR,ERR,ERR,ERR,ERR,ERR,ERR,ERR,ERR,ERR,ERR,ERR,ERR,ERR,ERR,ERR,ERR,ERR,ERR,ERR,ERR,ERR,ERR,ERR,ERR,ERR,ERR,ERR,ERR,ERR,ERR,ERR,ERR,ERR,ERR,ERR,ERR,ERR,ERR,ERR,ERR,ERR,ERR,ERR,ERR,ERR,ERR,ERR,ERR,ERR,ERR,ERR,ERR,ERR,ERR,ERR,ERR,ERR,ERR,ERR,ERR,ERR,ERR,ERR,ERR,ERR,ERR,ERR,ERR,ERR,ERR,ERR,ERR,ERR,ERR,ERR,ERR,ERR,ERR,ERR,ERR,ERR,ERR,ERR,ERR,ERR,ERR,ERR,ERR,ERR,ERR,ERR,ERR,ERR,ERR,ERR,ERR,ERR,ERR,ERR,ERR,ERR,ERR,ERR,ERR,ERR,ERR,ERR,ERR,ERR,ERR,ERR,ERR,ERR,ERR,ERR,ERR,ERR,ERR,ERR,ERR,ERR,0.0,-107615384.0,-0.0,-0.0,nan,1.3936040501711995e+18,7.805,-0.0,0,0,4,48923,6720,14723890282496.0,100,0.0,0.0,0.0,-0.0,0.0,0,0,0,0,0.0,0,0,0,0,0,0,0,0,0,0,0,0,0,0,0,0,0,0,0,0,0,0,0,0,0,0,0,0,0,0,0,0,0,26,51,50,76,65476,0,300,0,0,8,21553,0.0,-107605600.0,0.0,0.0,0.0,0.0,0.0,0.0,0.0,0.0,0.0,0.0,0.0,0.0,0.0,0.0,0.0,0.0,0.0,0.0,0.0,0.0,2.004,-2.004,-0.0,2.004,0.0,0.0,0.0,0.0,4815.0,-2.422986175150025e+24,7261.0,0.0,-107615384.0,0.0,0.0,0.0,0.0,0.0,0.0,77,-0.0,0.059,0.0,0.0,0.0,0.0,0.0,0.0,0.0,0,0,0,0.0,0.0,0.0,0.0,0.0,0.0,0.0,0.0,0.0,0.0,0.0,0.0,0.0,0.0,0.0,0.0,0,-107875648.0,77,0.0,154,0.0,-101056864.0,ERR,ERR,ERR,ERR,ERR,ERR,ERR,ERR,ERR,ERR,ERR,ERR,ERR,ERR,ERR,ERR,ERR,ERR,ERR,ERR,ERR,ERR,ERR,ERR,ERR,ERR,ERR,ERR,ERR,ERR,ERR,ERR,ERR,ERR,ERR,ERR,ERR,ERR,ERR,ERR,ERR,ERR,ERR,ERR,ERR,ERR,ERR,ERR,ERR,ERR,ERR,ERR,ERR,ERR,ERR,ERR,ERR,ERR,ERR,ERR,ERR,ERR,ERR,ERR,ERR,ERR,ERR,34.0,80.0,35,0.0,0.0,0.0,0.0,0.0,0.0,0.0,0.0,0.0,0.0,0.0,0.0,0.0,0.0,0.0,0.0,65.6,0,119,57,53,65476,0,300,0,0,8,20529,65476,0,0,57672,80.0,0.0,0.0,0.0,0.0,0.0
2026-06-18T02:56:03,ERR,ERR,ERR,ERR,ERR,ERR,ERR,ERR,ERR,ERR,ERR,ERR,ERR,ERR,ERR,ERR,ERR,ERR,ERR,ERR,ERR,ERR,ERR,ERR,ERR,ERR,ERR,ERR,ERR,ERR,ERR,ERR,ERR,ERR,ERR,ERR,ERR,ERR,ERR,ERR,ERR,ERR,ERR,ERR,ERR,ERR,ERR,ERR,ERR,ERR,ERR,ERR,ERR,ERR,ERR,ERR,ERR,ERR,ERR,ERR,ERR,ERR,ERR,ERR,ERR,ERR,ERR,ERR,ERR,ERR,ERR,ERR,ERR,ERR,ERR,ERR,ERR,ERR,ERR,ERR,ERR,ERR,ERR,ERR,ERR,ERR,ERR,ERR,ERR,ERR,ERR,ERR,ERR,ERR,ERR,ERR,ERR,ERR,ERR,ERR,ERR,ERR,ERR,ERR,ERR,ERR,ERR,ERR,ERR,ERR,ERR,ERR,ERR,ERR,ERR,ERR,ERR,ERR,ERR,ERR,ERR,ERR,ERR,ERR,ERR,0.0,-107615384.0,-0.0,-0.0,nan,1.3936040501711995e+18,7.805,-0.0,0,0,4,48923,6720,14723890282496.0,100,0.0,0.0,0.0,-0.0,0.0,0,0,0,0,0.0,0,0,0,0,0,0,0,0,0,0,0,0,0,0,0,0,0,0,0,0,0,0,0,0,0,0,0,0,0,0,0,0,0,26,51,50,76,65476,0,300,0,0,8,21553,0.0,-107605600.0,0.0,0.0,0.0,0.0,0.0,0.0,0.0,0.0,0.0,0.0,0.0,0.0,0.0,0.0,0.0,0.0,0.0,0.0,0.0,0.0,2.004,-2.004,-0.0,2.004,0.0,0.0,0.0,0.0,4815.0,-2.422986175150025e+24,7261.0,0.0,-107615384.0,0.0,0.0,0.0,0.0,0.0,0.0,77,-0.0,0.059,0.0,0.0,0.0,0.0,0.0,0.0,0.0,0,0,0,0.0,0.0,0.0,0.0,0.0,0.0,0.0,0.0,0.0,0.0,0.0,0.0,0.0,0.0,0.0,0.0,0,-107875648.0,77,0.0,154,0.0,-101056864.0,ERR,ERR,ERR,ERR,ERR,ERR,ERR,ERR,ERR,ERR,ERR,ERR,ERR,ERR,ERR,ERR,ERR,ERR,ERR,ERR,ERR,ERR,ERR,ERR,ERR,ERR,ERR,ERR,ERR,ERR,ERR,ERR,ERR,ERR,ERR,ERR,ERR,ERR,ERR,ERR,ERR,ERR,ERR,ERR,ERR,ERR,ERR,ERR,ERR,ERR,ERR,ERR,ERR,ERR,ERR,ERR,ERR,ERR,ERR,ERR,ERR,ERR,ERR,ERR,ERR,ERR,ERR,34.0,80.0,35,0.0,0.0,0.0,0.0,0.0,0.0,0.0,0.0,0.0,0.0,0.0,0.0,0.0,0.0,0.0,0.0,65.6,0,119,57,53,65476,0,300,0,0,8,20529,65476,0,0,57672,80.0,0.0,0.0,0.0,0.0,0.0
2026-06-18T02:56:04,ERR,ERR,ERR,ERR,ERR,ERR,ERR,ERR,ERR,ERR,ERR,ERR,ERR,ERR,ERR,ERR,ERR,ERR,ERR,ERR,ERR,ERR,ERR,ERR,ERR,ERR,ERR,ERR,ERR,ERR,ERR,ERR,ERR,ERR,ERR,ERR,ERR,ERR,ERR,ERR,ERR,ERR,ERR,ERR,ERR,ERR,ERR,ERR,ERR,ERR,ERR,ERR,ERR,ERR,ERR,ERR,ERR,ERR,ERR,ERR,ERR,ERR,ERR,ERR,ERR,ERR,ERR,ERR,ERR,ERR,ERR,ERR,ERR,ERR,ERR,ERR,ERR,ERR,ERR,ERR,ERR,ERR,ERR,ERR,ERR,ERR,ERR,ERR,ERR,ERR,ERR,ERR,ERR,ERR,ERR,ERR,ERR,ERR,ERR,ERR,ERR,ERR,ERR,ERR,ERR,ERR,ERR,ERR,ERR,ERR,ERR,ERR,ERR,ERR,ERR,ERR,ERR,ERR,ERR,ERR,ERR,ERR,ERR,ERR,ERR,0.0,-107615384.0,-0.0,-0.0,nan,1.3936040501711995e+18,7.805,-0.0,0,0,4,48923,6720,14723890282496.0,100,0.0,0.0,0.0,-0.0,0.0,0,0,0,0,0.0,0,0,0,0,0,0,0,0,0,0,0,0,0,0,0,0,0,0,0,0,0,0,0,0,0,0,0,0,0,0,0,0,0,26,51,50,76,65476,0,300,0,0,8,21553,0.0,-107605600.0,0.0,0.0,0.0,0.0,0.0,0.0,0.0,0.0,0.0,0.0,0.0,0.0,0.0,0.0,0.0,0.0,0.0,0.0,0.0,0.0,2.004,-2.004,-0.0,2.004,0.0,0.0,0.0,0.0,4815.0,-2.422986175150025e+24,7261.0,0.0,-107615384.0,0.0,0.0,0.0,0.0,0.0,0.0,77,-0.0,0.059,0.0,0.0,0.0,0.0,0.0,0.0,0.0,0,0,0,0.0,0.0,0.0,0.0,0.0,0.0,0.0,0.0,0.0,0.0,0.0,0.0,0.0,0.0,0.0,0.0,0,-107875648.0,77,0.0,154,0.0,-101056864.0,ERR,ERR,ERR,ERR,ERR,ERR,ERR,ERR,ERR,ERR,ERR,ERR,ERR,ERR,ERR,ERR,ERR,ERR,ERR,ERR,ERR,ERR,ERR,ERR,ERR,ERR,ERR,ERR,ERR,ERR,ERR,ERR,ERR,ERR,ERR,ERR,ERR,ERR,ERR,ERR,ERR,ERR,ERR,ERR,ERR,ERR,ERR,ERR,ERR,ERR,ERR,ERR,ERR,ERR,ERR,ERR,ERR,ERR,ERR,ERR,ERR,ERR,ERR,ERR,ERR,ERR,ERR,34.0,80.0,35,0.0,0.0,0.0,0.0,0.0,0.0,0.0,0.0,0.0,0.0,0.0,0.0,0.0,0.0,0.0,0.0,65.6,0,119,57,53,65476,0,300,0,0,8,20529,65476,0,0,57672,80.0,0.0,0.0,0.0,0.0,0.0
2026-06-18T02:56:05,ERR,ERR,ERR,ERR,ERR,ERR,ERR,ERR,ERR,ERR,ERR,ERR,ERR,ERR,ERR,ERR,ERR,ERR,ERR,ERR,ERR,ERR,ERR,ERR,ERR,ERR,ERR,ERR,ERR,ERR,ERR,ERR,ERR,ERR,ERR,ERR,ERR,ERR,ERR,ERR,ERR,ERR,ERR,ERR,ERR,ERR,ERR,ERR,ERR,ERR,ERR,ERR,ERR,ERR,ERR,ERR,ERR,ERR,ERR,ERR,ERR,ERR,ERR,ERR,ERR,ERR,ERR,ERR,ERR,ERR,ERR,ERR,ERR,ERR,ERR,ERR,ERR,ERR,ERR,ERR,ERR,ERR,ERR,ERR,ERR,ERR,ERR,ERR,ERR,ERR,ERR,ERR,ERR,ERR,ERR,ERR,ERR,ERR,ERR,ERR,ERR,ERR,ERR,ERR,ERR,ERR,ERR,ERR,ERR,ERR,ERR,ERR,ERR,ERR,ERR,ERR,ERR,ERR,ERR,ERR,ERR,ERR,ERR,ERR,ERR,0.0,-107615384.0,-0.0,-0.0,nan,1.3936040501711995e+18,7.805,-0.0,0,0,4,48923,6720,14723890282496.0,100,0.0,0.0,0.0,-0.0,0.0,0,0,0,0,0.0,0,0,0,0,0,0,0,0,0,0,0,0,0,0,0,0,0,0,0,0,0,0,0,0,0,0,0,0,0,0,0,0,0,26,51,50,76,65476,0,300,0,0,8,21553,0.0,-107605600.0,0.0,0.0,0.0,0.0,0.0,0.0,0.0,0.0,0.0,0.0,0.0,0.0,0.0,0.0,0.0,0.0,0.0,0.0,0.0,0.0,2.004,-2.004,-0.0,2.004,0.0,0.0,0.0,0.0,4815.0,-2.422986175150025e+24,7261.0,0.0,-107615384.0,0.0,0.0,0.0,0.0,0.0,0.0,77,-0.0,0.059,0.0,0.0,0.0,0.0,0.0,0.0,0.0,0,0,0,0.0,0.0,0.0,0.0,0.0,0.0,0.0,0.0,0.0,0.0,0.0,0.0,0.0,0.0,0.0,0.0,0,-107875648.0,77,0.0,154,0.0,-101056864.0,ERR,ERR,ERR,ERR,ERR,ERR,ERR,ERR,ERR,ERR,ERR,ERR,ERR,ERR,ERR,ERR,ERR,ERR,ERR,ERR,ERR,ERR,ERR,ERR,ERR,ERR,ERR,ERR,ERR,ERR,ERR,ERR,ERR,ERR,ERR,ERR,ERR,ERR,ERR,ERR,ERR,ERR,ERR,ERR,ERR,ERR,ERR,ERR,ERR,ERR,ERR,ERR,ERR,ERR,ERR,ERR,ERR,ERR,ERR,ERR,ERR,ERR,ERR,ERR,ERR,ERR,ERR,34.0,80.0,35,0.0,0.0,0.0,0.0,0.0,0.0,0.0,0.0,0.0,0.0,0.0,0.0,0.0,0.0,0.0,0.0,65.6,0,119,57,53,65476,0,300,0,0,8,20529,65476,0,0,57672,80.0,0.0,0.0,0.0,0.0,0.0
2026-06-18T02:56:06,ERR,ERR,ERR,ERR,ERR,ERR,ERR,ERR,ERR,ERR,ERR,ERR,ERR,ERR,ERR,ERR,ERR,ERR,ERR,ERR,ERR,ERR,ERR,ERR,ERR,ERR,ERR,ERR,ERR,ERR,ERR,ERR,ERR,ERR,ERR,ERR,ERR,ERR,ERR,ERR,ERR,ERR,ERR,ERR,ERR,ERR,ERR,ERR,ERR,ERR,ERR,ERR,ERR,ERR,ERR,ERR,ERR,ERR,ERR,ERR,ERR,ERR,ERR,ERR,ERR,ERR,ERR,ERR,ERR,ERR,ERR,ERR,ERR,ERR,ERR,ERR,ERR,ERR,ERR,ERR,ERR,ERR,ERR,ERR,ERR,ERR,ERR,ERR,ERR,ERR,ERR,ERR,ERR,ERR,ERR,ERR,ERR,ERR,ERR,ERR,ERR,ERR,ERR,ERR,ERR,ERR,ERR,ERR,ERR,ERR,ERR,ERR,ERR,ERR,ERR,ERR,ERR,ERR,ERR,ERR,ERR,ERR,ERR,ERR,ERR,0.0,-107615384.0,-0.0,0.0,nan,1.3936040501711995e+18,7.805,118629576.0,0,0,4,48938,6720,14723890282496.0,100,0.0,0.0,0.0,-0.0,0.0,0,0,0,0,0.0,0,0,0,0,0,0,0,0,0,0,0,0,0,0,0,0,0,0,0,0,0,0,0,0,0,0,0,0,0,0,0,0,0,26,51,50,76,65476,0,300,0,0,8,21553,0.0,-107605600.0,0.0,0.0,0.0,0.0,0.0,0.0,0.0,0.0,0.0,0.0,0.0,0.0,0.0,0.0,0.0,0.0,0.0,0.0,0.0,0.0,2.004,-2.004,2.004,2.004,0.0,0.0,0.0,0.0,4814.0,-1.5879282197463203e+29,7262.0,0.0,-107615384.0,0.0,0.0,0.0,0.0,0.0,0.0,77,-0.0,0.0,0.0,0.0,0.0,0.0,0.0,0.0,0.0,0,0,0,0.0,0.0,0.0,0.0,0.0,0.0,0.0,0.0,0.0,0.0,0.0,0.0,0.0,0.0,0.0,0.0,0,-107875648.0,77,0.0,154,0.0,-101056864.0,ERR,ERR,ERR,ERR,ERR,ERR,ERR,ERR,ERR,ERR,ERR,ERR,ERR,ERR,ERR,ERR,ERR,ERR,ERR,ERR,ERR,ERR,ERR,ERR,ERR,ERR,ERR,ERR,ERR,ERR,ERR,ERR,ERR,ERR,ERR,ERR,ERR,ERR,ERR,ERR,ERR,ERR,ERR,ERR,ERR,ERR,ERR,ERR,ERR,ERR,ERR,ERR,ERR,ERR,ERR,ERR,ERR,ERR,ERR,ERR,ERR,ERR,ERR,ERR,ERR,ERR,ERR,34.0,80.0,35,0.0,0.0,0.0,0.0,0.0,0.0,0.0,0.0,0.0,0.0,0.0,0.0,0.0,0.0,0.0,0.0,65.6,0,119,57,53,65476,0,300,0,0,8,20529,65476,0,0,57672,80.0,0.0,0.0,0.0,0.0,0.0
2026-06-18T02:56:07,ERR,ERR,ERR,ERR,ERR,ERR,ERR,ERR,ERR,ERR,ERR,ERR,ERR,ERR,ERR,ERR,ERR,ERR,ERR,ERR,ERR,ERR,ERR,ERR,ERR,ERR,ERR,ERR,ERR,ERR,ERR,ERR,ERR,ERR,ERR,ERR,ERR,ERR,ERR,ERR,ERR,ERR,ERR,ERR,ERR,ERR,ERR,ERR,ERR,ERR,ERR,ERR,ERR,ERR,ERR,ERR,ERR,ERR,ERR,ERR,ERR,ERR,ERR,ERR,ERR,ERR,ERR,ERR,ERR,ERR,ERR,ERR,ERR,ERR,ERR,ERR,ERR,ERR,ERR,ERR,ERR,ERR,ERR,ERR,ERR,ERR,ERR,ERR,ERR,ERR,ERR,ERR,ERR,ERR,ERR,ERR,ERR,ERR,ERR,ERR,ERR,ERR,ERR,ERR,ERR,ERR,ERR,ERR,ERR,ERR,ERR,ERR,ERR,ERR,ERR,ERR,ERR,ERR,ERR,ERR,ERR,ERR,ERR,ERR,ERR,0.0,-107615384.0,-0.0,0.0,nan,1.3936040501711995e+18,7.805,118629576.0,0,0,4,48938,6720,14723890282496.0,100,0.0,0.0,0.0,-0.0,0.0,0,0,0,0,0.0,0,0,0,0,0,0,0,0,0,0,0,0,0,0,0,0,0,0,0,0,0,0,0,0,0,0,0,0,0,0,0,0,0,26,51,50,76,65476,0,300,0,0,8,21553,0.0,-107605600.0,0.0,0.0,0.0,0.0,0.0,0.0,0.0,0.0,0.0,0.0,0.0,0.0,0.0,0.0,0.0,0.0,0.0,0.0,0.0,0.0,2.004,-2.004,2.004,2.004,0.0,0.0,0.0,0.0,4814.0,-1.5879282197463203e+29,7262.0,0.0,-107615384.0,0.0,0.0,0.0,0.0,0.0,0.0,77,-0.0,0.0,0.0,0.0,0.0,0.0,0.0,0.0,0.0,0,0,0,0.0,0.0,0.0,0.0,0.0,0.0,0.0,0.0,0.0,0.0,0.0,0.0,0.0,0.0,0.0,0.0,0,-107875648.0,77,0.0,154,0.0,-101056864.0,ERR,ERR,ERR,ERR,ERR,ERR,ERR,ERR,ERR,ERR,ERR,ERR,ERR,ERR,ERR,ERR,ERR,ERR,ERR,ERR,ERR,ERR,ERR,ERR,ERR,ERR,ERR,ERR,ERR,ERR,ERR,ERR,ERR,ERR,ERR,ERR,ERR,ERR,ERR,ERR,ERR,ERR,ERR,ERR,ERR,ERR,ERR,ERR,ERR,ERR,ERR,ERR,ERR,ERR,ERR,ERR,ERR,ERR,ERR,ERR,ERR,ERR,ERR,ERR,ERR,ERR,ERR,34.0,80.0,35,0.0,0.0,0.0,0.0,0.0,0.0,0.0,0.0,0.0,0.0,0.0,0.0,0.0,0.0,0.0,0.0,66.0,0,119,57,53,65476,0,300,0,0,8,20529,65476,0,0,57672,80.0,0.0,0.0,0.0,0.0,0.0
2026-06-18T02:56:08,ERR,ERR,ERR,ERR,ERR,ERR,ERR,ERR,ERR,ERR,ERR,ERR,ERR,ERR,ERR,ERR,ERR,ERR,ERR,ERR,ERR,ERR,ERR,ERR,ERR,ERR,ERR,ERR,ERR,ERR,ERR,ERR,ERR,ERR,ERR,ERR,ERR,ERR,ERR,ERR,ERR,ERR,ERR,ERR,ERR,ERR,ERR,ERR,ERR,ERR,ERR,ERR,ERR,ERR,ERR,ERR,ERR,ERR,ERR,ERR,ERR,ERR,ERR,ERR,ERR,ERR,ERR,ERR,ERR,ERR,ERR,ERR,ERR,ERR,ERR,ERR,ERR,ERR,ERR,ERR,ERR,ERR,ERR,ERR,ERR,ERR,ERR,ERR,ERR,ERR,ERR,ERR,ERR,ERR,ERR,ERR,ERR,ERR,ERR,ERR,ERR,ERR,ERR,ERR,ERR,ERR,ERR,ERR,ERR,ERR,ERR,ERR,ERR,ERR,ERR,ERR,ERR,ERR,ERR,ERR,ERR,ERR,ERR,ERR,ERR,0.0,-107615384.0,-0.0,0.0,nan,1.3936040501711995e+18,7.805,118629576.0,0,0,4,48938,6720,14723890282496.0,100,0.0,0.0,0.0,-0.0,0.0,0,0,0,0,0.0,0,0,0,0,0,0,0,0,0,0,0,0,0,0,0,0,0,0,0,0,0,0,0,0,0,0,0,0,0,0,0,0,0,26,51,50,76,65476,0,300,0,0,8,21553,0.0,-107605600.0,0.0,0.0,0.0,0.0,0.0,0.0,0.0,0.0,0.0,0.0,0.0,0.0,0.0,0.0,0.0,0.0,0.0,0.0,0.0,0.0,2.004,-2.004,2.004,2.004,0.0,0.0,0.0,0.0,4814.0,-1.5879282197463203e+29,7262.0,0.0,-107615384.0,0.0,0.0,0.0,0.0,0.0,0.0,77,-0.0,0.0,0.0,0.0,0.0,0.0,0.0,0.0,0.0,0,0,0,0.0,0.0,0.0,0.0,0.0,0.0,0.0,0.0,0.0,0.0,0.0,0.0,0.0,0.0,0.0,0.0,0,-107875648.0,77,0.0,154,0.0,-101056864.0,ERR,ERR,ERR,ERR,ERR,ERR,ERR,ERR,ERR,ERR,ERR,ERR,ERR,ERR,ERR,ERR,ERR,ERR,ERR,ERR,ERR,ERR,ERR,ERR,ERR,ERR,ERR,ERR,ERR,ERR,ERR,ERR,ERR,ERR,ERR,ERR,ERR,ERR,ERR,ERR,ERR,ERR,ERR,ERR,ERR,ERR,ERR,ERR,ERR,ERR,ERR,ERR,ERR,ERR,ERR,ERR,ERR,ERR,ERR,ERR,ERR,ERR,ERR,ERR,ERR,ERR,ERR,34.0,80.0,35,0.0,0.0,0.0,0.0,0.0,0.0,0.0,0.0,0.0,0.0,0.0,0.0,0.0,0.0,0.0,0.0,66.0,0,119,57,53,65476,0,300,0,0,8,20529,65476,0,0,57672,80.0,0.0,0.0,0.0,0.0,0.0
2026-06-18T02:56:09,ERR,ERR,ERR,ERR,ERR,ERR,ERR,ERR,ERR,ERR,ERR,ERR,ERR,ERR,ERR,ERR,ERR,ERR,ERR,ERR,ERR,ERR,ERR,ERR,ERR,ERR,ERR,ERR,ERR,ERR,ERR,ERR,ERR,ERR,ERR,ERR,ERR,ERR,ERR,ERR,ERR,ERR,ERR,ERR,ERR,ERR,ERR,ERR,ERR,ERR,ERR,ERR,ERR,ERR,ERR,ERR,ERR,ERR,ERR,ERR,ERR,ERR,ERR,ERR,ERR,ERR,ERR,ERR,ERR,ERR,ERR,ERR,ERR,ERR,ERR,ERR,ERR,ERR,ERR,ERR,ERR,ERR,ERR,ERR,ERR,ERR,ERR,ERR,ERR,ERR,ERR,ERR,ERR,ERR,ERR,ERR,ERR,ERR,ERR,ERR,ERR,ERR,ERR,ERR,ERR,ERR,ERR,ERR,ERR,ERR,ERR,ERR,ERR,ERR,ERR,ERR,ERR,ERR,ERR,ERR,ERR,ERR,ERR,ERR,ERR,0.0,-107615384.0,-0.0,0.0,nan,1.3936040501711995e+18,7.805,118629576.0,0,0,4,48938,6720,14723890282496.0,100,0.0,0.0,0.0,-0.0,0.0,0,0,0,0,0.0,0,0,0,0,0,0,0,0,0,0,0,0,0,0,0,0,0,0,0,0,0,0,0,0,0,0,0,0,0,0,0,0,0,26,51,50,76,65476,0,300,0,0,8,21553,0.0,-107605600.0,0.0,0.0,0.0,0.0,0.0,0.0,0.0,0.0,0.0,0.0,0.0,0.0,0.0,0.0,0.0,0.0,0.0,0.0,0.0,0.0,2.004,-2.004,2.004,2.004,0.0,0.0,0.0,0.0,4814.0,-1.5879282197463203e+29,7262.0,0.0,-107615384.0,0.0,0.0,0.0,0.0,0.0,0.0,77,-0.0,0.0,0.0,0.0,0.0,0.0,0.0,0.0,0.0,0,0,0,0.0,0.0,0.0,0.0,0.0,0.0,0.0,0.0,0.0,0.0,0.0,0.0,0.0,0.0,0.0,0.0,0,-107875648.0,77,0.0,154,0.0,-101056864.0,ERR,ERR,ERR,ERR,ERR,ERR,ERR,ERR,ERR,ERR,ERR,ERR,ERR,ERR,ERR,ERR,ERR,ERR,ERR,ERR,ERR,ERR,ERR,ERR,ERR,ERR,ERR,ERR,ERR,ERR,ERR,ERR,ERR,ERR,ERR,ERR,ERR,ERR,ERR,ERR,ERR,ERR,ERR,ERR,ERR,ERR,ERR,ERR,ERR,ERR,ERR,ERR,ERR,ERR,ERR,ERR,ERR,ERR,ERR,ERR,ERR,ERR,ERR,ERR,ERR,ERR,ERR,34.0,80.0,35,0.0,0.0,0.0,0.0,0.0,0.0,0.0,0.0,0.0,0.0,0.0,0.0,0.0,0.0,0.0,0.0,65.6,0,119,57,53,65476,0,300,0,0,8,20529,65476,0,0,57672,80.0,0.0,0.0,0.0,0.0,0.0
2026-06-18T02:56:10,ERR,ERR,ERR,ERR,ERR,ERR,ERR,ERR,ERR,ERR,ERR,ERR,ERR,ERR,ERR,ERR,ERR,ERR,ERR,ERR,ERR,ERR,ERR,ERR,ERR,ERR,ERR,ERR,ERR,ERR,ERR,ERR,ERR,ERR,ERR,ERR,ERR,ERR,ERR,ERR,ERR,ERR,ERR,ERR,ERR,ERR,ERR,ERR,ERR,ERR,ERR,ERR,ERR,ERR,ERR,ERR,ERR,ERR,ERR,ERR,ERR,ERR,ERR,ERR,ERR,ERR,ERR,ERR,ERR,ERR,ERR,ERR,ERR,ERR,ERR,ERR,ERR,ERR,ERR,ERR,ERR,ERR,ERR,ERR,ERR,ERR,ERR,ERR,ERR,ERR,ERR,ERR,ERR,ERR,ERR,ERR,ERR,ERR,ERR,ERR,ERR,ERR,ERR,ERR,ERR,ERR,ERR,ERR,ERR,ERR,ERR,ERR,ERR,ERR,ERR,ERR,ERR,ERR,ERR,ERR,ERR,ERR,ERR,ERR,ERR,0.0,-107615384.0,-0.0,0.0,nan,1.3936040501711995e+18,7.805,118629576.0,0,0,4,48938,6720,14723890282496.0,100,0.0,0.0,0.0,-0.0,0.0,0,0,0,0,0.0,0,0,0,0,0,0,0,0,0,0,0,0,0,0,0,0,0,0,0,0,0,0,0,0,0,0,0,0,0,0,0,0,0,26,51,50,76,65476,0,300,0,0,8,21553,0.0,-107605600.0,0.0,0.0,0.0,0.0,0.0,0.0,0.0,0.0,0.0,0.0,0.0,0.0,0.0,0.0,0.0,0.0,0.0,0.0,0.0,0.0,2.004,-2.004,2.004,2.004,0.0,0.0,0.0,0.0,4814.0,-1.5879282197463203e+29,7262.0,0.0,-107615384.0,0.0,0.0,0.0,0.0,0.0,0.0,77,-0.0,0.0,0.0,0.0,0.0,0.0,0.0,0.0,0.0,0,0,0,0.0,0.0,0.0,0.0,0.0,0.0,0.0,0.0,0.0,0.0,0.0,0.0,0.0,0.0,0.0,0.0,0,-107875648.0,77,0.0,154,0.0,-101056864.0,ERR,ERR,ERR,ERR,ERR,ERR,ERR,ERR,ERR,ERR,ERR,ERR,ERR,ERR,ERR,ERR,ERR,ERR,ERR,ERR,ERR,ERR,ERR,ERR,ERR,ERR,ERR,ERR,ERR,ERR,ERR,ERR,ERR,ERR,ERR,ERR,ERR,ERR,ERR,ERR,ERR,ERR,ERR,ERR,ERR,ERR,ERR,ERR,ERR,ERR,ERR,ERR,ERR,ERR,ERR,ERR,ERR,ERR,ERR,ERR,ERR,ERR,ERR,ERR,ERR,ERR,ERR,34.0,80.0,35,0.0,0.0,0.0,0.0,0.0,0.0,0.0,0.0,0.0,0.0,0.0,0.0,0.0,0.0,0.0,0.0,65.6,0,119,57,53,65476,0,300,0,0,8,20529,65476,0,0,57672,80.0,0.0,0.0,0.0,0.0,0.0
2026-06-18T02:56:11,ERR,ERR,ERR,ERR,ERR,ERR,ERR,ERR,ERR,ERR,ERR,ERR,ERR,ERR,ERR,ERR,ERR,ERR,ERR,ERR,ERR,ERR,ERR,ERR,ERR,ERR,ERR,ERR,ERR,ERR,ERR,ERR,ERR,ERR,ERR,ERR,ERR,ERR,ERR,ERR,ERR,ERR,ERR,ERR,ERR,ERR,ERR,ERR,ERR,ERR,ERR,ERR,ERR,ERR,ERR,ERR,ERR,ERR,ERR,ERR,ERR,ERR,ERR,ERR,ERR,ERR,ERR,ERR,ERR,ERR,ERR,ERR,ERR,ERR,ERR,ERR,ERR,ERR,ERR,ERR,ERR,ERR,ERR,ERR,ERR,ERR,ERR,ERR,ERR,ERR,ERR,ERR,ERR,ERR,ERR,ERR,ERR,ERR,ERR,ERR,ERR,ERR,ERR,ERR,ERR,ERR,ERR,ERR,ERR,ERR,ERR,ERR,ERR,ERR,ERR,ERR,ERR,ERR,ERR,ERR,ERR,ERR,ERR,ERR,ERR,0.0,-107615384.0,-0.0,-4.9501291711397626e+32,nan,1.3936040501711995e+18,7.805,-0.0,0,0,4,48926,6720,14723890282496.0,100,0.0,0.0,0.0,2.718290229135658e+23,0.0,0,0,0,0,0.0,0,0,0,0,0,0,0,0,0,0,0,0,0,0,0,0,0,0,0,0,0,0,0,0,0,0,0,0,0,0,0,0,0,26,51,50,76,65476,0,300,0,0,8,21553,0.0,-107605600.0,0.0,0.0,0.0,0.0,0.0,0.0,0.0,0.0,0.0,0.0,0.0,0.0,0.0,0.0,0.0,0.0,0.0,0.0,0.0,0.0,2.004,-2.004,-0.0,0.0,0.0,0.0,0.0,0.0,4815.0,-2.422986175150025e+24,7261.0,0.0,-107615384.0,2.7184303811560617e+23,0.0,0.0,0.0,0.0,0.0,77,-0.0,0.0,0.0,0.0,0.0,0.0,0.0,0.0,0.0,0,0,0,0.0,0.0,0.0,0.0,0.0,0.0,0.0,0.0,0.0,0.0,0.0,0.0,0.0,0.0,0.0,0.0,0,-107875648.0,77,0.0,154,0.0,2.6533865130338155e+23,ERR,ERR,ERR,ERR,ERR,ERR,ERR,ERR,ERR,ERR,ERR,ERR,ERR,ERR,ERR,ERR,ERR,ERR,ERR,ERR,ERR,ERR,ERR,ERR,ERR,ERR,ERR,ERR,ERR,ERR,ERR,ERR,ERR,ERR,ERR,ERR,ERR,ERR,ERR,ERR,ERR,ERR,ERR,ERR,ERR,ERR,ERR,ERR,ERR,ERR,ERR,ERR,ERR,ERR,ERR,ERR,ERR,ERR,ERR,ERR,ERR,ERR,ERR,ERR,ERR,ERR,ERR,34.0,80.0,35,0.0,0.0,0.0,0.0,0.0,0.0,0.0,0.0,0.0,0.0,0.0,0.0,0.0,0.0,0.0,0.0,66.0,0,119,57,53,65476,0,300,0,0,8,20529,65476,0,0,57672,80.0,0.0,0.0,0.0,0.0,0.0
2026-06-18T02:56:12,ERR,ERR,ERR,ERR,ERR,ERR,ERR,ERR,ERR,ERR,ERR,ERR,ERR,ERR,ERR,ERR,ERR,ERR,ERR,ERR,ERR,ERR,ERR,ERR,ERR,ERR,ERR,ERR,ERR,ERR,ERR,ERR,ERR,ERR,ERR,ERR,ERR,ERR,ERR,ERR,ERR,ERR,ERR,ERR,ERR,ERR,ERR,ERR,ERR,ERR,ERR,ERR,ERR,ERR,ERR,ERR,ERR,ERR,ERR,ERR,ERR,ERR,ERR,ERR,ERR,ERR,ERR,ERR,ERR,ERR,ERR,ERR,ERR,ERR,ERR,ERR,ERR,ERR,ERR,ERR,ERR,ERR,ERR,ERR,ERR,ERR,ERR,ERR,ERR,ERR,ERR,ERR,ERR,ERR,ERR,ERR,ERR,ERR,ERR,ERR,ERR,ERR,ERR,ERR,ERR,ERR,ERR,ERR,ERR,ERR,ERR,ERR,ERR,ERR,ERR,ERR,ERR,ERR,ERR,ERR,ERR,ERR,ERR,ERR,ERR,0.0,-107615384.0,-0.0,-4.9501291711397626e+32,nan,1.3936040501711995e+18,7.805,-0.0,0,0,4,48926,6720,14723890282496.0,100,0.0,0.0,0.0,2.718290229135658e+23,0.0,0,0,0,0,0.0,0,0,0,0,0,0,0,0,0,0,0,0,0,0,0,0,0,0,0,0,0,0,0,0,0,0,0,0,0,0,0,0,0,26,51,50,76,65476,0,300,0,0,8,21553,0.0,-107605600.0,0.0,0.0,0.0,0.0,0.0,0.0,0.0,0.0,0.0,0.0,0.0,0.0,0.0,0.0,0.0,0.0,0.0,0.0,0.0,0.0,2.004,-2.004,-0.0,0.0,0.0,0.0,0.0,0.0,4815.0,-2.422986175150025e+24,7261.0,0.0,-107615384.0,2.7184303811560617e+23,0.0,0.0,0.0,0.0,0.0,77,-0.0,0.0,0.0,0.0,0.0,0.0,0.0,0.0,0.0,0,0,0,0.0,0.0,0.0,0.0,0.0,0.0,0.0,0.0,0.0,0.0,0.0,0.0,0.0,0.0,0.0,0.0,0,-107875648.0,77,0.0,154,0.0,2.6533865130338155e+23,ERR,ERR,ERR,ERR,ERR,ERR,ERR,ERR,ERR,ERR,ERR,ERR,ERR,ERR,ERR,ERR,ERR,ERR,ERR,ERR,ERR,ERR,ERR,ERR,ERR,ERR,ERR,ERR,ERR,ERR,ERR,ERR,ERR,ERR,ERR,ERR,ERR,ERR,ERR,ERR,ERR,ERR,ERR,ERR,ERR,ERR,ERR,ERR,ERR,ERR,ERR,ERR,ERR,ERR,ERR,ERR,ERR,ERR,ERR,ERR,ERR,ERR,ERR,ERR,ERR,ERR,ERR,34.0,80.0,35,0.0,0.0,0.0,0.0,0.0,0.0,0.0,0.0,0.0,0.0,0.0,0.0,0.0,0.0,0.0,0.0,66.0,0,119,57,53,65476,0,300,0,0,8,20529,65476,0,0,57672,80.0,0.0,0.0,0.0,0.0,0.0
2026-06-18T02:56:13,ERR,ERR,ERR,ERR,ERR,ERR,ERR,ERR,ERR,ERR,ERR,ERR,ERR,ERR,ERR,ERR,ERR,ERR,ERR,ERR,ERR,ERR,ERR,ERR,ERR,ERR,ERR,ERR,ERR,ERR,ERR,ERR,ERR,ERR,ERR,ERR,ERR,ERR,ERR,ERR,ERR,ERR,ERR,ERR,ERR,ERR,ERR,ERR,ERR,ERR,ERR,ERR,ERR,ERR,ERR,ERR,ERR,ERR,ERR,ERR,ERR,ERR,ERR,ERR,ERR,ERR,ERR,ERR,ERR,ERR,ERR,ERR,ERR,ERR,ERR,ERR,ERR,ERR,ERR,ERR,ERR,ERR,ERR,ERR,ERR,ERR,ERR,ERR,ERR,ERR,ERR,ERR,ERR,ERR,ERR,ERR,ERR,ERR,ERR,ERR,ERR,ERR,ERR,ERR,ERR,ERR,ERR,ERR,ERR,ERR,ERR,ERR,ERR,ERR,ERR,ERR,ERR,ERR,ERR,ERR,ERR,ERR,ERR,ERR,ERR,0.0,-107615384.0,-0.0,-4.9501291711397626e+32,nan,1.3936040501711995e+18,7.805,-0.0,0,0,4,48926,6720,14723890282496.0,100,0.0,0.0,0.0,2.718290229135658e+23,0.0,0,0,0,0,0.0,0,0,0,0,0,0,0,0,0,0,0,0,0,0,0,0,0,0,0,0,0,0,0,0,0,0,0,0,0,0,0,0,0,26,51,50,76,65476,0,300,0,0,8,21553,0.0,-107605600.0,0.0,0.0,0.0,0.0,0.0,0.0,0.0,0.0,0.0,0.0,0.0,0.0,0.0,0.0,0.0,0.0,0.0,0.0,0.0,0.0,2.004,-2.004,-0.0,0.0,0.0,0.0,0.0,0.0,4815.0,-2.422986175150025e+24,7261.0,0.0,-107615384.0,2.7184303811560617e+23,0.0,0.0,0.0,0.0,0.0,77,-0.0,0.0,0.0,0.0,0.0,0.0,0.0,0.0,0.0,0,0,0,0.0,0.0,0.0,0.0,0.0,0.0,0.0,0.0,0.0,0.0,0.0,0.0,0.0,0.0,0.0,0.0,0,-107875648.0,77,0.0,154,0.0,2.6533865130338155e+23,ERR,ERR,ERR,ERR,ERR,ERR,ERR,ERR,ERR,ERR,ERR,ERR,ERR,ERR,ERR,ERR,ERR,ERR,ERR,ERR,ERR,ERR,ERR,ERR,ERR,ERR,ERR,ERR,ERR,ERR,ERR,ERR,ERR,ERR,ERR,ERR,ERR,ERR,ERR,ERR,ERR,ERR,ERR,ERR,ERR,ERR,ERR,ERR,ERR,ERR,ERR,ERR,ERR,ERR,ERR,ERR,ERR,ERR,ERR,ERR,ERR,ERR,ERR,ERR,ERR,ERR,ERR,34.0,80.0,35,0.0,0.0,0.0,0.0,0.0,0.0,0.0,0.0,0.0,0.0,0.0,0.0,0.0,0.0,0.0,0.0,66.0,0,119,57,53,65476,0,300,0,0,8,20529,65476,0,0,57672,80.0,0.0,0.0,0.0,0.0,0.0
2026-06-18T02:56:14,ERR,ERR,ERR,ERR,ERR,ERR,ERR,ERR,ERR,ERR,ERR,ERR,ERR,ERR,ERR,ERR,ERR,ERR,ERR,ERR,ERR,ERR,ERR,ERR,ERR,ERR,ERR,ERR,ERR,ERR,ERR,ERR,ERR,ERR,ERR,ERR,ERR,ERR,ERR,ERR,ERR,ERR,ERR,ERR,ERR,ERR,ERR,ERR,ERR,ERR,ERR,ERR,ERR,ERR,ERR,ERR,ERR,ERR,ERR,ERR,ERR,ERR,ERR,ERR,ERR,ERR,ERR,ERR,ERR,ERR,ERR,ERR,ERR,ERR,ERR,ERR,ERR,ERR,ERR,ERR,ERR,ERR,ERR,ERR,ERR,ERR,ERR,ERR,ERR,ERR,ERR,ERR,ERR,ERR,ERR,ERR,ERR,ERR,ERR,ERR,ERR,ERR,ERR,ERR,ERR,ERR,ERR,ERR,ERR,ERR,ERR,ERR,ERR,ERR,ERR,ERR,ERR,ERR,ERR,ERR,ERR,ERR,ERR,ERR,ERR,0.0,-107615384.0,-0.0,-4.9501291711397626e+32,nan,1.3936040501711995e+18,7.805,-0.0,0,0,4,48926,6720,14723890282496.0,100,0.0,0.0,0.0,2.718290229135658e+23,0.0,0,0,0,0,0.0,0,0,0,0,0,0,0,0,0,0,0,0,0,0,0,0,0,0,0,0,0,0,0,0,0,0,0,0,0,0,0,0,0,26,51,50,76,65476,0,300,0,0,8,21553,0.0,-107605600.0,0.0,0.0,0.0,0.0,0.0,0.0,0.0,0.0,0.0,0.0,0.0,0.0,0.0,0.0,0.0,0.0,0.0,0.0,0.0,0.0,2.004,-2.004,-0.0,0.0,0.0,0.0,0.0,0.0,4815.0,-2.422986175150025e+24,7261.0,0.0,-107615384.0,2.7184303811560617e+23,0.0,0.0,0.0,0.0,0.0,77,-0.0,0.0,0.0,0.0,0.0,0.0,0.0,0.0,0.0,0,0,0,0.0,0.0,0.0,0.0,0.0,0.0,0.0,0.0,0.0,0.0,0.0,0.0,0.0,0.0,0.0,0.0,0,-107875648.0,77,0.0,154,0.0,2.6533865130338155e+23,ERR,ERR,ERR,ERR,ERR,ERR,ERR,ERR,ERR,ERR,ERR,ERR,ERR,ERR,ERR,ERR,ERR,ERR,ERR,ERR,ERR,ERR,ERR,ERR,ERR,ERR,ERR,ERR,ERR,ERR,ERR,ERR,ERR,ERR,ERR,ERR,ERR,ERR,ERR,ERR,ERR,ERR,ERR,ERR,ERR,ERR,ERR,ERR,ERR,ERR,ERR,ERR,ERR,ERR,ERR,ERR,ERR,ERR,ERR,ERR,ERR,ERR,ERR,ERR,ERR,ERR,ERR,34.0,80.0,35,0.0,0.0,0.0,0.0,0.0,0.0,0.0,0.0,0.0,0.0,0.0,0.0,0.0,0.0,0.0,0.0,65.6,0,119,57,53,65476,0,300,0,0,8,20529,65476,0,0,57672,80.0,0.0,0.0,0.0,0.0,0.0
2026-06-18T02:56:15,ERR,ERR,ERR,ERR,ERR,ERR,ERR,ERR,ERR,ERR,ERR,ERR,ERR,ERR,ERR,ERR,ERR,ERR,ERR,ERR,ERR,ERR,ERR,ERR,ERR,ERR,ERR,ERR,ERR,ERR,ERR,ERR,ERR,ERR,ERR,ERR,ERR,ERR,ERR,ERR,ERR,ERR,ERR,ERR,ERR,ERR,ERR,ERR,ERR,ERR,ERR,ERR,ERR,ERR,ERR,ERR,ERR,ERR,ERR,ERR,ERR,ERR,ERR,ERR,ERR,ERR,ERR,ERR,ERR,ERR,ERR,ERR,ERR,ERR,ERR,ERR,ERR,ERR,ERR,ERR,ERR,ERR,ERR,ERR,ERR,ERR,ERR,ERR,ERR,ERR,ERR,ERR,ERR,ERR,ERR,ERR,ERR,ERR,ERR,ERR,ERR,ERR,ERR,ERR,ERR,ERR,ERR,ERR,ERR,ERR,ERR,ERR,ERR,ERR,ERR,ERR,ERR,ERR,ERR,ERR,ERR,ERR,ERR,ERR,ERR,0.0,-107615384.0,-0.0,-4.9501291711397626e+32,nan,1.3936040501711995e+18,7.805,-0.0,0,0,4,48926,6720,14723890282496.0,100,0.0,0.0,0.0,2.718290229135658e+23,0.0,0,0,0,0,0.0,0,0,0,0,0,0,0,0,0,0,0,0,0,0,0,0,0,0,0,0,0,0,0,0,0,0,0,0,0,0,0,0,0,26,51,50,76,65476,0,300,0,0,8,21553,0.0,-107605600.0,0.0,0.0,0.0,0.0,0.0,0.0,0.0,0.0,0.0,0.0,0.0,0.0,0.0,0.0,0.0,0.0,0.0,0.0,0.0,0.0,2.004,-2.004,-0.0,0.0,0.0,0.0,0.0,0.0,4815.0,-2.422986175150025e+24,7261.0,0.0,-107615384.0,2.7184303811560617e+23,0.0,0.0,0.0,0.0,0.0,77,-0.0,0.0,0.0,0.0,0.0,0.0,0.0,0.0,0.0,0,0,0,0.0,0.0,0.0,0.0,0.0,0.0,0.0,0.0,0.0,0.0,0.0,0.0,0.0,0.0,0.0,0.0,0,-107875648.0,77,0.0,154,0.0,2.6533865130338155e+23,ERR,ERR,ERR,ERR,ERR,ERR,ERR,ERR,ERR,ERR,ERR,ERR,ERR,ERR,ERR,ERR,ERR,ERR,ERR,ERR,ERR,ERR,ERR,ERR,ERR,ERR,ERR,ERR,ERR,ERR,ERR,ERR,ERR,ERR,ERR,ERR,ERR,ERR,ERR,ERR,ERR,ERR,ERR,ERR,ERR,ERR,ERR,ERR,ERR,ERR,ERR,ERR,ERR,ERR,ERR,ERR,ERR,ERR,ERR,ERR,ERR,ERR,ERR,ERR,ERR,ERR,ERR,34.0,80.0,35,0.0,0.0,0.0,0.0,0.0,0.0,0.0,0.0,0.0,0.0,0.0,0.0,0.0,0.0,0.0,0.0,65.6,0,119,57,53,65476,0,300,0,0,8,20529,65476,0,0,57672,80.0,0.0,0.0,0.0,0.0,0.0
2026-06-18T02:56:16,ERR,ERR,ERR,ERR,ERR,ERR,ERR,ERR,ERR,ERR,ERR,ERR,ERR,ERR,ERR,ERR,ERR,ERR,ERR,ERR,ERR,ERR,ERR,ERR,ERR,ERR,ERR,ERR,ERR,ERR,ERR,ERR,ERR,ERR,ERR,ERR,ERR,ERR,ERR,ERR,ERR,ERR,ERR,ERR,ERR,ERR,ERR,ERR,ERR,ERR,ERR,ERR,ERR,ERR,ERR,ERR,ERR,ERR,ERR,ERR,ERR,ERR,ERR,ERR,ERR,ERR,ERR,ERR,ERR,ERR,ERR,ERR,ERR,ERR,ERR,ERR,ERR,ERR,ERR,ERR,ERR,ERR,ERR,ERR,ERR,ERR,ERR,ERR,ERR,ERR,ERR,ERR,ERR,ERR,ERR,ERR,ERR,ERR,ERR,ERR,ERR,ERR,ERR,ERR,ERR,ERR,ERR,ERR,ERR,ERR,ERR,ERR,ERR,ERR,ERR,ERR,ERR,ERR,ERR,ERR,ERR,ERR,ERR,ERR,ERR,0.0,-107615384.0,-0.0,-4.9501291711397626e+32,nan,1.3936040501711995e+18,7.805,-0.0,0,0,4,48926,6720,14723890282496.0,100,0.0,0.0,0.0,2.718290229135658e+23,0.0,0,0,0,0,0.0,0,0,0,0,0,0,0,0,0,0,0,0,0,0,0,0,0,0,0,0,0,0,0,0,0,0,0,0,0,0,0,0,0,26,51,50,76,65476,0,300,0,0,8,21553,0.0,-107605600.0,0.0,0.0,0.0,0.0,0.0,0.0,0.0,0.0,0.0,0.0,0.0,0.0,0.0,0.0,0.0,0.0,0.0,0.0,0.0,0.0,2.004,-2.004,-0.0,0.0,0.0,0.0,0.0,0.0,4815.0,-2.422986175150025e+24,7261.0,0.0,-107615384.0,2.7184303811560617e+23,0.0,0.0,0.0,0.0,0.0,77,-0.0,0.0,0.0,0.0,0.0,0.0,0.0,0.0,0.0,0,0,0,0.0,0.0,0.0,0.0,0.0,0.0,0.0,0.0,0.0,0.0,0.0,0.0,0.0,0.0,0.0,0.0,0,-107875648.0,77,0.0,154,0.0,2.6533865130338155e+23,ERR,ERR,ERR,ERR,ERR,ERR,ERR,ERR,ERR,ERR,ERR,ERR,ERR,ERR,ERR,ERR,ERR,ERR,ERR,ERR,ERR,ERR,ERR,ERR,ERR,ERR,ERR,ERR,ERR,ERR,ERR,ERR,ERR,ERR,ERR,ERR,ERR,ERR,ERR,ERR,ERR,ERR,ERR,ERR,ERR,ERR,ERR,ERR,ERR,ERR,ERR,ERR,ERR,ERR,ERR,ERR,ERR,ERR,ERR,ERR,ERR,ERR,ERR,ERR,ERR,ERR,ERR,34.0,80.0,35,0.0,0.0,0.0,0.0,0.0,0.0,0.0,0.0,0.0,0.0,0.0,0.0,0.0,0.0,0.0,0.0,65.6,0,119,57,53,65476,0,300,0,0,8,20529,65476,0,0,57672,80.0,0.0,0.0,0.0,0.0,0.0
2026-06-18T02:56:17,ERR,ERR,ERR,ERR,ERR,ERR,ERR,ERR,ERR,ERR,ERR,ERR,ERR,ERR,ERR,ERR,ERR,ERR,ERR,ERR,ERR,ERR,ERR,ERR,ERR,ERR,ERR,ERR,ERR,ERR,ERR,ERR,ERR,ERR,ERR,ERR,ERR,ERR,ERR,ERR,ERR,ERR,ERR,ERR,ERR,ERR,ERR,ERR,ERR,ERR,ERR,ERR,ERR,ERR,ERR,ERR,ERR,ERR,ERR,ERR,ERR,ERR,ERR,ERR,ERR,ERR,ERR,ERR,ERR,ERR,ERR,ERR,ERR,ERR,ERR,ERR,ERR,ERR,ERR,ERR,ERR,ERR,ERR,ERR,ERR,ERR,ERR,ERR,ERR,ERR,ERR,ERR,ERR,ERR,ERR,ERR,ERR,ERR,ERR,ERR,ERR,ERR,ERR,ERR,ERR,ERR,ERR,ERR,ERR,ERR,ERR,ERR,ERR,ERR,ERR,ERR,ERR,ERR,ERR,ERR,ERR,ERR,ERR,ERR,ERR,0.0,-107615384.0,-0.0,2.718290229135658e+23,nan,1.3936040501711995e+18,7.805,-12113.15,0,0,4,48932,6720,14723890282496.0,100,0.0,0.0,0.0,-0.0,0.0,0,0,0,0,0.0,0,0,0,0,0,0,0,0,0,0,0,0,0,0,0,0,0,0,0,0,0,0,0,0,0,0,0,0,0,0,0,0,0,26,51,50,76,65476,0,300,0,0,8,21553,0.0,-107605600.0,0.0,0.0,0.0,0.0,0.0,0.0,0.0,0.0,0.0,0.0,0.0,0.0,0.0,0.0,0.0,0.0,0.0,0.0,0.0,0.0,2.004,-2.004,2.004,0.0,0.0,0.0,0.0,0.0,4815.0,-564145430724608.0,7259.0,0.0,-107615384.0,0.0,0.0,0.0,0.0,0.0,0.0,77,-0.0,0.0,0.0,0.0,0.0,0.0,0.0,0.0,0.0,0,0,0,0.0,0.0,0.0,0.0,0.0,0.0,0.0,0.0,0.0,0.0,0.0,0.0,0.0,0.0,0.0,0.0,0,-107875648.0,77,0.0,154,0.0,2.6533865130338155e+23,ERR,ERR,ERR,ERR,ERR,ERR,ERR,ERR,ERR,ERR,ERR,ERR,ERR,ERR,ERR,ERR,ERR,ERR,ERR,ERR,ERR,ERR,ERR,ERR,ERR,ERR,ERR,ERR,ERR,ERR,ERR,ERR,ERR,ERR,ERR,ERR,ERR,ERR,ERR,ERR,ERR,ERR,ERR,ERR,ERR,ERR,ERR,ERR,ERR,ERR,ERR,ERR,ERR,ERR,ERR,ERR,ERR,ERR,ERR,ERR,ERR,ERR,ERR,ERR,ERR,ERR,ERR,34.0,80.0,35,0.0,0.0,0.0,0.0,0.0,0.0,0.0,0.0,0.0,0.0,0.0,0.0,0.0,0.0,0.0,0.0,65.6,0,119,57,53,65476,0,300,0,0,8,20529,65476,0,0,57672,80.0,0.0,0.0,0.0,0.0,0.0
2026-06-18T02:56:18,ERR,ERR,ERR,ERR,ERR,ERR,ERR,ERR,ERR,ERR,ERR,ERR,ERR,ERR,ERR,ERR,ERR,ERR,ERR,ERR,ERR,ERR,ERR,ERR,ERR,ERR,ERR,ERR,ERR,ERR,ERR,ERR,ERR,ERR,ERR,ERR,ERR,ERR,ERR,ERR,ERR,ERR,ERR,ERR,ERR,ERR,ERR,ERR,ERR,ERR,ERR,ERR,ERR,ERR,ERR,ERR,ERR,ERR,ERR,ERR,ERR,ERR,ERR,ERR,ERR,ERR,ERR,ERR,ERR,ERR,ERR,ERR,ERR,ERR,ERR,ERR,ERR,ERR,ERR,ERR,ERR,ERR,ERR,ERR,ERR,ERR,ERR,ERR,ERR,ERR,ERR,ERR,ERR,ERR,ERR,ERR,ERR,ERR,ERR,ERR,ERR,ERR,ERR,ERR,ERR,ERR,ERR,ERR,ERR,ERR,ERR,ERR,ERR,ERR,ERR,ERR,ERR,ERR,ERR,ERR,ERR,ERR,ERR,ERR,ERR,0.0,-107615384.0,-0.0,2.718290229135658e+23,nan,1.3936040501711995e+18,7.805,-12113.15,0,0,4,48932,6720,14723890282496.0,100,0.0,0.0,0.0,-0.0,0.0,0,0,0,0,0.0,0,0,0,0,0,0,0,0,0,0,0,0,0,0,0,0,0,0,0,0,0,0,0,0,0,0,0,0,0,0,0,0,0,26,51,50,76,65476,0,300,0,0,8,21553,0.0,-107605600.0,0.0,0.0,0.0,0.0,0.0,0.0,0.0,0.0,0.0,0.0,0.0,0.0,0.0,0.0,0.0,0.0,0.0,0.0,0.0,0.0,2.004,-2.004,2.004,0.0,0.0,0.0,0.0,0.0,4815.0,-564145430724608.0,7259.0,0.0,-107615384.0,0.0,0.0,0.0,0.0,0.0,0.0,77,-0.0,0.0,0.0,0.0,0.0,0.0,0.0,0.0,0.0,0,0,0,0.0,0.0,0.0,0.0,0.0,0.0,0.0,0.0,0.0,0.0,0.0,0.0,0.0,0.0,0.0,0.0,0,-107875648.0,77,0.0,154,0.0,2.6533865130338155e+23,ERR,ERR,ERR,ERR,ERR,ERR,ERR,ERR,ERR,ERR,ERR,ERR,ERR,ERR,ERR,ERR,ERR,ERR,ERR,ERR,ERR,ERR,ERR,ERR,ERR,ERR,ERR,ERR,ERR,ERR,ERR,ERR,ERR,ERR,ERR,ERR,ERR,ERR,ERR,ERR,ERR,ERR,ERR,ERR,ERR,ERR,ERR,ERR,ERR,ERR,ERR,ERR,ERR,ERR,ERR,ERR,ERR,ERR,ERR,ERR,ERR,ERR,ERR,ERR,ERR,ERR,ERR,34.0,80.0,35,0.0,0.0,0.0,0.0,0.0,0.0,0.0,0.0,0.0,0.0,0.0,0.0,0.0,0.0,0.0,0.0,65.6,0,119,57,53,65476,0,300,0,0,8,20529,65476,0,0,57672,80.0,0.0,0.0,0.0,0.0,0.0
2026-06-18T02:56:19,ERR,ERR,ERR,ERR,ERR,ERR,ERR,ERR,ERR,ERR,ERR,ERR,ERR,ERR,ERR,ERR,ERR,ERR,ERR,ERR,ERR,ERR,ERR,ERR,ERR,ERR,ERR,ERR,ERR,ERR,ERR,ERR,ERR,ERR,ERR,ERR,ERR,ERR,ERR,ERR,ERR,ERR,ERR,ERR,ERR,ERR,ERR,ERR,ERR,ERR,ERR,ERR,ERR,ERR,ERR,ERR,ERR,ERR,ERR,ERR,ERR,ERR,ERR,ERR,ERR,ERR,ERR,ERR,ERR,ERR,ERR,ERR,ERR,ERR,ERR,ERR,ERR,ERR,ERR,ERR,ERR,ERR,ERR,ERR,ERR,ERR,ERR,ERR,ERR,ERR,ERR,ERR,ERR,ERR,ERR,ERR,ERR,ERR,ERR,ERR,ERR,ERR,ERR,ERR,ERR,ERR,ERR,ERR,ERR,ERR,ERR,ERR,ERR,ERR,ERR,ERR,ERR,ERR,ERR,ERR,ERR,ERR,ERR,ERR,ERR,0.0,-107615384.0,-0.0,2.718290229135658e+23,nan,1.3936040501711995e+18,7.805,-12113.15,0,0,4,48932,6720,14723890282496.0,100,0.0,0.0,0.0,-0.0,0.0,0,0,0,0,0.0,0,0,0,0,0,0,0,0,0,0,0,0,0,0,0,0,0,0,0,0,0,0,0,0,0,0,0,0,0,0,0,0,0,26,51,50,76,65476,0,300,0,0,8,21553,0.0,-107605600.0,0.0,0.0,0.0,0.0,0.0,0.0,0.0,0.0,0.0,0.0,0.0,0.0,0.0,0.0,0.0,0.0,0.0,0.0,0.0,0.0,2.004,-2.004,2.004,0.0,0.0,0.0,0.0,0.0,4815.0,-564145430724608.0,7259.0,0.0,-107615384.0,0.0,0.0,0.0,0.0,0.0,0.0,77,-0.0,0.0,0.0,0.0,0.0,0.0,0.0,0.0,0.0,0,0,0,0.0,0.0,0.0,0.0,0.0,0.0,0.0,0.0,0.0,0.0,0.0,0.0,0.0,0.0,0.0,0.0,0,-107875648.0,77,0.0,154,0.0,2.6533865130338155e+23,ERR,ERR,ERR,ERR,ERR,ERR,ERR,ERR,ERR,ERR,ERR,ERR,ERR,ERR,ERR,ERR,ERR,ERR,ERR,ERR,ERR,ERR,ERR,ERR,ERR,ERR,ERR,ERR,ERR,ERR,ERR,ERR,ERR,ERR,ERR,ERR,ERR,ERR,ERR,ERR,ERR,ERR,ERR,ERR,ERR,ERR,ERR,ERR,ERR,ERR,ERR,ERR,ERR,ERR,ERR,ERR,ERR,ERR,ERR,ERR,ERR,ERR,ERR,ERR,ERR,ERR,ERR,34.0,80.0,35,0.0,0.0,0.0,0.0,0.0,0.0,0.0,0.0,0.0,0.0,0.0,0.0,0.0,0.0,0.0,0.0,65.6,0,119,57,53,65476,0,300,0,0,8,20529,65476,0,0,57672,80.0,0.0,0.0,0.0,0.0,0.0
2026-06-18T02:56:20,ERR,ERR,ERR,ERR,ERR,ERR,ERR,ERR,ERR,ERR,ERR,ERR,ERR,ERR,ERR,ERR,ERR,ERR,ERR,ERR,ERR,ERR,ERR,ERR,ERR,ERR,ERR,ERR,ERR,ERR,ERR,ERR,ERR,ERR,ERR,ERR,ERR,ERR,ERR,ERR,ERR,ERR,ERR,ERR,ERR,ERR,ERR,ERR,ERR,ERR,ERR,ERR,ERR,ERR,ERR,ERR,ERR,ERR,ERR,ERR,ERR,ERR,ERR,ERR,ERR,ERR,ERR,ERR,ERR,ERR,ERR,ERR,ERR,ERR,ERR,ERR,ERR,ERR,ERR,ERR,ERR,ERR,ERR,ERR,ERR,ERR,ERR,ERR,ERR,ERR,ERR,ERR,ERR,ERR,ERR,ERR,ERR,ERR,ERR,ERR,ERR,ERR,ERR,ERR,ERR,ERR,ERR,ERR,ERR,ERR,ERR,ERR,ERR,ERR,ERR,ERR,ERR,ERR,ERR,ERR,ERR,ERR,ERR,ERR,ERR,0.0,-107615384.0,-0.0,2.718290229135658e+23,nan,1.3936040501711995e+18,7.805,-12113.15,0,0,4,48932,6720,14723890282496.0,100,0.0,0.0,0.0,-0.0,0.0,0,0,0,0,0.0,0,0,0,0,0,0,0,0,0,0,0,0,0,0,0,0,0,0,0,0,0,0,0,0,0,0,0,0,0,0,0,0,0,26,51,50,76,65476,0,300,0,0,8,21553,0.0,-107605600.0,0.0,0.0,0.0,0.0,0.0,0.0,0.0,0.0,0.0,0.0,0.0,0.0,0.0,0.0,0.0,0.0,0.0,0.0,0.0,0.0,2.004,-2.004,2.004,0.0,0.0,0.0,0.0,0.0,4815.0,-564145430724608.0,7259.0,0.0,-107615384.0,0.0,0.0,0.0,0.0,0.0,0.0,77,-0.0,0.0,0.0,0.0,0.0,0.0,0.0,0.0,0.0,0,0,0,0.0,0.0,0.0,0.0,0.0,0.0,0.0,0.0,0.0,0.0,0.0,0.0,0.0,0.0,0.0,0.0,0,-107875648.0,77,0.0,154,0.0,2.6533865130338155e+23,ERR,ERR,ERR,ERR,ERR,ERR,ERR,ERR,ERR,ERR,ERR,ERR,ERR,ERR,ERR,ERR,ERR,ERR,ERR,ERR,ERR,ERR,ERR,ERR,ERR,ERR,ERR,ERR,ERR,ERR,ERR,ERR,ERR,ERR,ERR,ERR,ERR,ERR,ERR,ERR,ERR,ERR,ERR,ERR,ERR,ERR,ERR,ERR,ERR,ERR,ERR,ERR,ERR,ERR,ERR,ERR,ERR,ERR,ERR,ERR,ERR,ERR,ERR,ERR,ERR,ERR,ERR,34.0,80.0,35,0.0,0.0,0.0,0.0,0.0,0.0,0.0,0.0,0.0,0.0,0.0,0.0,0.0,0.0,0.0,0.0,66.0,0,119,57,53,65476,0,300,0,0,8,20529,65476,0,0,57672,80.0,0.0,0.0,0.0,0.0,0.0
2026-06-18T02:56:21,ERR,ERR,ERR,ERR,ERR,ERR,ERR,ERR,ERR,ERR,ERR,ERR,ERR,ERR,ERR,ERR,ERR,ERR,ERR,ERR,ERR,ERR,ERR,ERR,ERR,ERR,ERR,ERR,ERR,ERR,ERR,ERR,ERR,ERR,ERR,ERR,ERR,ERR,ERR,ERR,ERR,ERR,ERR,ERR,ERR,ERR,ERR,ERR,ERR,ERR,ERR,ERR,ERR,ERR,ERR,ERR,ERR,ERR,ERR,ERR,ERR,ERR,ERR,ERR,ERR,ERR,ERR,ERR,ERR,ERR,ERR,ERR,ERR,ERR,ERR,ERR,ERR,ERR,ERR,ERR,ERR,ERR,ERR,ERR,ERR,ERR,ERR,ERR,ERR,ERR,ERR,ERR,ERR,ERR,ERR,ERR,ERR,ERR,ERR,ERR,ERR,ERR,ERR,ERR,ERR,ERR,ERR,ERR,ERR,ERR,ERR,ERR,ERR,ERR,ERR,ERR,ERR,ERR,ERR,ERR,ERR,ERR,ERR,ERR,ERR,0.0,-107615384.0,-0.0,2.718290229135658e+23,nan,1.3936040501711995e+18,7.805,-12113.15,0,0,4,48932,6720,14723890282496.0,100,0.0,0.0,0.0,-0.0,0.0,0,0,0,0,0.0,0,0,0,0,0,0,0,0,0,0,0,0,0,0,0,0,0,0,0,0,0,0,0,0,0,0,0,0,0,0,0,0,0,26,51,50,76,65476,0,300,0,0,8,21553,0.0,-107605600.0,0.0,0.0,0.0,0.0,0.0,0.0,0.0,0.0,0.0,0.0,0.0,0.0,0.0,0.0,0.0,0.0,0.0,0.0,0.0,0.0,2.004,-2.004,2.004,0.0,0.0,0.0,0.0,0.0,4815.0,-564145430724608.0,7259.0,0.0,-107615384.0,0.0,0.0,0.0,0.0,0.0,0.0,77,-0.0,0.0,0.0,0.0,0.0,0.0,0.0,0.0,0.0,0,0,0,0.0,0.0,0.0,0.0,0.0,0.0,0.0,0.0,0.0,0.0,0.0,0.0,0.0,0.0,0.0,0.0,0,-107875648.0,77,0.0,154,0.0,2.6533865130338155e+23,ERR,ERR,ERR,ERR,ERR,ERR,ERR,ERR,ERR,ERR,ERR,ERR,ERR,ERR,ERR,ERR,ERR,ERR,ERR,ERR,ERR,ERR,ERR,ERR,ERR,ERR,ERR,ERR,ERR,ERR,ERR,ERR,ERR,ERR,ERR,ERR,ERR,ERR,ERR,ERR,ERR,ERR,ERR,ERR,ERR,ERR,ERR,ERR,ERR,ERR,ERR,ERR,ERR,ERR,ERR,ERR,ERR,ERR,ERR,ERR,ERR,ERR,ERR,ERR,ERR,ERR,ERR,34.0,80.0,35,0.0,0.0,0.0,0.0,0.0,0.0,0.0,0.0,0.0,0.0,0.0,0.0,0.0,0.0,0.0,0.0,66.0,0,119,57,53,65476,0,300,0,0,8,20529,65476,0,0,57672,80.0,0.0,0.0,0.0,0.0,0.0
2026-06-18T02:56:22,ERR,ERR,ERR,ERR,ERR,ERR,ERR,ERR,ERR,ERR,ERR,ERR,ERR,ERR,ERR,ERR,ERR,ERR,ERR,ERR,ERR,ERR,ERR,ERR,ERR,ERR,ERR,ERR,ERR,ERR,ERR,ERR,ERR,ERR,ERR,ERR,ERR,ERR,ERR,ERR,ERR,ERR,ERR,ERR,ERR,ERR,ERR,ERR,ERR,ERR,ERR,ERR,ERR,ERR,ERR,ERR,ERR,ERR,ERR,ERR,ERR,ERR,ERR,ERR,ERR,ERR,ERR,ERR,ERR,ERR,ERR,ERR,ERR,ERR,ERR,ERR,ERR,ERR,ERR,ERR,ERR,ERR,ERR,ERR,ERR,ERR,ERR,ERR,ERR,ERR,ERR,ERR,ERR,ERR,ERR,ERR,ERR,ERR,ERR,ERR,ERR,ERR,ERR,ERR,ERR,ERR,ERR,ERR,ERR,ERR,ERR,ERR,ERR,ERR,ERR,ERR,ERR,ERR,ERR,ERR,ERR,ERR,ERR,ERR,ERR,0.0,-107615384.0,-0.0,-4.9501291711397626e+32,nan,1.3936040501711995e+18,7.805,-0.0,0,0,4,48930,6720,14723890282496.0,100,0.0,0.0,0.0,-4.9501291711397626e+32,0.0,0,0,0,0,0.0,0,0,0,0,0,0,0,0,0,0,0,0,0,0,0,0,0,0,0,0,0,0,0,0,0,0,0,0,0,0,0,0,0,26,51,50,76,65476,0,300,0,0,8,21553,0.0,-107605600.0,0.0,0.0,0.0,0.0,0.0,0.0,0.0,0.0,0.0,0.0,0.0,0.0,0.0,0.0,0.0,0.0,0.0,0.0,0.0,0.0,2.004,-2.004,2.004,2.004,0.0,0.0,0.0,0.0,4815.0,-564145430724608.0,7257.0,0.0,-107615384.0,0.0,0.0,0.0,0.0,0.0,0.0,77,-0.0,0.0,0.0,0.0,0.0,0.0,0.0,0.0,0.0,0,0,0,0.0,0.0,0.0,0.0,0.0,0.0,0.0,0.0,0.0,0.0,0.0,0.0,0.0,0.0,0.0,0.0,0,-107875648.0,77,0.0,154,0.0,2.6533865130338155e+23,ERR,ERR,ERR,ERR,ERR,ERR,ERR,ERR,ERR,ERR,ERR,ERR,ERR,ERR,ERR,ERR,ERR,ERR,ERR,ERR,ERR,ERR,ERR,ERR,ERR,ERR,ERR,ERR,ERR,ERR,ERR,ERR,ERR,ERR,ERR,ERR,ERR,ERR,ERR,ERR,ERR,ERR,ERR,ERR,ERR,ERR,ERR,ERR,ERR,ERR,ERR,ERR,ERR,ERR,ERR,ERR,ERR,ERR,ERR,ERR,ERR,ERR,ERR,ERR,ERR,ERR,ERR,34.0,80.0,35,0.0,0.0,0.0,0.0,0.0,0.0,0.0,0.0,0.0,0.0,0.0,0.0,0.0,0.0,0.0,0.0,66.0,0,119,57,53,65476,0,300,0,0,8,20529,65476,0,0,57672,80.0,0.0,0.0,0.0,0.0,0.0
2026-06-18T02:56:23,ERR,ERR,ERR,ERR,ERR,ERR,ERR,ERR,ERR,ERR,ERR,ERR,ERR,ERR,ERR,ERR,ERR,ERR,ERR,ERR,ERR,ERR,ERR,ERR,ERR,ERR,ERR,ERR,ERR,ERR,ERR,ERR,ERR,ERR,ERR,ERR,ERR,ERR,ERR,ERR,ERR,ERR,ERR,ERR,ERR,ERR,ERR,ERR,ERR,ERR,ERR,ERR,ERR,ERR,ERR,ERR,ERR,ERR,ERR,ERR,ERR,ERR,ERR,ERR,ERR,ERR,ERR,ERR,ERR,ERR,ERR,ERR,ERR,ERR,ERR,ERR,ERR,ERR,ERR,ERR,ERR,ERR,ERR,ERR,ERR,ERR,ERR,ERR,ERR,ERR,ERR,ERR,ERR,ERR,ERR,ERR,ERR,ERR,ERR,ERR,ERR,ERR,ERR,ERR,ERR,ERR,ERR,ERR,ERR,ERR,ERR,ERR,ERR,ERR,ERR,ERR,ERR,ERR,ERR,ERR,ERR,ERR,ERR,ERR,ERR,0.0,-107615384.0,-0.0,-4.9501291711397626e+32,nan,1.3936040501711995e+18,7.805,-0.0,0,0,4,48930,6720,14723890282496.0,100,0.0,0.0,0.0,-4.9501291711397626e+32,0.0,0,0,0,0,0.0,0,0,0,0,0,0,0,0,0,0,0,0,0,0,0,0,0,0,0,0,0,0,0,0,0,0,0,0,0,0,0,0,0,26,51,50,76,65476,0,300,0,0,8,21553,0.0,-107605600.0,0.0,0.0,0.0,0.0,0.0,0.0,0.0,0.0,0.0,0.0,0.0,0.0,0.0,0.0,0.0,0.0,0.0,0.0,0.0,0.0,2.004,-2.004,2.004,2.004,0.0,0.0,0.0,0.0,4815.0,-564145430724608.0,7257.0,0.0,-107615384.0,0.0,0.0,0.0,0.0,0.0,0.0,77,-0.0,0.0,0.0,0.0,0.0,0.0,0.0,0.0,0.0,0,0,0,0.0,0.0,0.0,0.0,0.0,0.0,0.0,0.0,0.0,0.0,0.0,0.0,0.0,0.0,0.0,0.0,0,-107875648.0,77,0.0,154,0.0,2.6533865130338155e+23,ERR,ERR,ERR,ERR,ERR,ERR,ERR,ERR,ERR,ERR,ERR,ERR,ERR,ERR,ERR,ERR,ERR,ERR,ERR,ERR,ERR,ERR,ERR,ERR,ERR,ERR,ERR,ERR,ERR,ERR,ERR,ERR,ERR,ERR,ERR,ERR,ERR,ERR,ERR,ERR,ERR,ERR,ERR,ERR,ERR,ERR,ERR,ERR,ERR,ERR,ERR,ERR,ERR,ERR,ERR,ERR,ERR,ERR,ERR,ERR,ERR,ERR,ERR,ERR,ERR,ERR,ERR,34.0,80.0,35,0.0,0.0,0.0,0.0,0.0,0.0,0.0,0.0,0.0,0.0,0.0,0.0,0.0,0.0,0.0,0.0,65.6,0,119,57,53,65476,0,300,0,0,8,20529,65476,0,0,57672,80.0,0.0,0.0,0.0,0.0,0.0
2026-06-18T02:56:24,ERR,ERR,ERR,ERR,ERR,ERR,ERR,ERR,ERR,ERR,ERR,ERR,ERR,ERR,ERR,ERR,ERR,ERR,ERR,ERR,ERR,ERR,ERR,ERR,ERR,ERR,ERR,ERR,ERR,ERR,ERR,ERR,ERR,ERR,ERR,ERR,ERR,ERR,ERR,ERR,ERR,ERR,ERR,ERR,ERR,ERR,ERR,ERR,ERR,ERR,ERR,ERR,ERR,ERR,ERR,ERR,ERR,ERR,ERR,ERR,ERR,ERR,ERR,ERR,ERR,ERR,ERR,ERR,ERR,ERR,ERR,ERR,ERR,ERR,ERR,ERR,ERR,ERR,ERR,ERR,ERR,ERR,ERR,ERR,ERR,ERR,ERR,ERR,ERR,ERR,ERR,ERR,ERR,ERR,ERR,ERR,ERR,ERR,ERR,ERR,ERR,ERR,ERR,ERR,ERR,ERR,ERR,ERR,ERR,ERR,ERR,ERR,ERR,ERR,ERR,ERR,ERR,ERR,ERR,ERR,ERR,ERR,ERR,ERR,ERR,0.0,-107615384.0,-0.0,-4.9501291711397626e+32,nan,1.3936040501711995e+18,7.805,-0.0,0,0,4,48930,6720,14723890282496.0,100,0.0,0.0,0.0,-4.9501291711397626e+32,0.0,0,0,0,0,0.0,0,0,0,0,0,0,0,0,0,0,0,0,0,0,0,0,0,0,0,0,0,0,0,0,0,0,0,0,0,0,0,0,0,26,51,50,76,65476,0,300,0,0,8,21553,0.0,-107605600.0,0.0,0.0,0.0,0.0,0.0,0.0,0.0,0.0,0.0,0.0,0.0,0.0,0.0,0.0,0.0,0.0,0.0,0.0,0.0,0.0,2.004,-2.004,2.004,2.004,0.0,0.0,0.0,0.0,4815.0,-564145430724608.0,7257.0,0.0,-107615384.0,0.0,0.0,0.0,0.0,0.0,0.0,77,-0.0,0.0,0.0,0.0,0.0,0.0,0.0,0.0,0.0,0,0,0,0.0,0.0,0.0,0.0,0.0,0.0,0.0,0.0,0.0,0.0,0.0,0.0,0.0,0.0,0.0,0.0,0,-107875648.0,77,0.0,154,0.0,2.6533865130338155e+23,ERR,ERR,ERR,ERR,ERR,ERR,ERR,ERR,ERR,ERR,ERR,ERR,ERR,ERR,ERR,ERR,ERR,ERR,ERR,ERR,ERR,ERR,ERR,ERR,ERR,ERR,ERR,ERR,ERR,ERR,ERR,ERR,ERR,ERR,ERR,ERR,ERR,ERR,ERR,ERR,ERR,ERR,ERR,ERR,ERR,ERR,ERR,ERR,ERR,ERR,ERR,ERR,ERR,ERR,ERR,ERR,ERR,ERR,ERR,ERR,ERR,ERR,ERR,ERR,ERR,ERR,ERR,34.0,80.0,35,0.0,0.0,0.0,0.0,0.0,0.0,0.0,0.0,0.0,0.0,0.0,0.0,0.0,0.0,0.0,0.0,65.6,0,119,57,53,65476,0,300,0,0,8,20529,65476,0,0,57672,80.0,0.0,0.0,0.0,0.0,0.0
2026-06-18T02:56:25,ERR,ERR,ERR,ERR,ERR,ERR,ERR,ERR,ERR,ERR,ERR,ERR,ERR,ERR,ERR,ERR,ERR,ERR,ERR,ERR,ERR,ERR,ERR,ERR,ERR,ERR,ERR,ERR,ERR,ERR,ERR,ERR,ERR,ERR,ERR,ERR,ERR,ERR,ERR,ERR,ERR,ERR,ERR,ERR,ERR,ERR,ERR,ERR,ERR,ERR,ERR,ERR,ERR,ERR,ERR,ERR,ERR,ERR,ERR,ERR,ERR,ERR,ERR,ERR,ERR,ERR,ERR,ERR,ERR,ERR,ERR,ERR,ERR,ERR,ERR,ERR,ERR,ERR,ERR,ERR,ERR,ERR,ERR,ERR,ERR,ERR,ERR,ERR,ERR,ERR,ERR,ERR,ERR,ERR,ERR,ERR,ERR,ERR,ERR,ERR,ERR,ERR,ERR,ERR,ERR,ERR,ERR,ERR,ERR,ERR,ERR,ERR,ERR,ERR,ERR,ERR,ERR,ERR,ERR,ERR,ERR,ERR,ERR,ERR,ERR,0.0,-107615384.0,-0.0,-4.9501291711397626e+32,nan,1.3936040501711995e+18,7.805,-0.0,0,0,4,48930,6720,14723890282496.0,100,0.0,0.0,0.0,-4.9501291711397626e+32,0.0,0,0,0,0,0.0,0,0,0,0,0,0,0,0,0,0,0,0,0,0,0,0,0,0,0,0,0,0,0,0,0,0,0,0,0,0,0,0,0,26,51,50,76,65476,0,300,0,0,8,21553,0.0,-107605600.0,0.0,0.0,0.0,0.0,0.0,0.0,0.0,0.0,0.0,0.0,0.0,0.0,0.0,0.0,0.0,0.0,0.0,0.0,0.0,0.0,2.004,-2.004,2.004,2.004,0.0,0.0,0.0,0.0,4815.0,-564145430724608.0,7257.0,0.0,-107615384.0,0.0,0.0,0.0,0.0,0.0,0.0,77,-0.0,0.0,0.0,0.0,0.0,0.0,0.0,0.0,0.0,0,0,0,0.0,0.0,0.0,0.0,0.0,0.0,0.0,0.0,0.0,0.0,0.0,0.0,0.0,0.0,0.0,0.0,0,-107875648.0,77,0.0,154,0.0,2.6533865130338155e+23,ERR,ERR,ERR,ERR,ERR,ERR,ERR,ERR,ERR,ERR,ERR,ERR,ERR,ERR,ERR,ERR,ERR,ERR,ERR,ERR,ERR,ERR,ERR,ERR,ERR,ERR,ERR,ERR,ERR,ERR,ERR,ERR,ERR,ERR,ERR,ERR,ERR,ERR,ERR,ERR,ERR,ERR,ERR,ERR,ERR,ERR,ERR,ERR,ERR,ERR,ERR,ERR,ERR,ERR,ERR,ERR,ERR,ERR,ERR,ERR,ERR,ERR,ERR,ERR,ERR,ERR,ERR,34.0,80.0,35,0.0,0.0,0.0,0.0,0.0,0.0,0.0,0.0,0.0,0.0,0.0,0.0,0.0,0.0,0.0,0.0,66.4,0,119,57,53,65476,0,300,0,0,8,20529,65476,0,0,57672,80.0,0.0,0.0,0.0,0.0,0.0
2026-06-18T02:56:26,ERR,ERR,ERR,ERR,ERR,ERR,ERR,ERR,ERR,ERR,ERR,ERR,ERR,ERR,ERR,ERR,ERR,ERR,ERR,ERR,ERR,ERR,ERR,ERR,ERR,ERR,ERR,ERR,ERR,ERR,ERR,ERR,ERR,ERR,ERR,ERR,ERR,ERR,ERR,ERR,ERR,ERR,ERR,ERR,ERR,ERR,ERR,ERR,ERR,ERR,ERR,ERR,ERR,ERR,ERR,ERR,ERR,ERR,ERR,ERR,ERR,ERR,ERR,ERR,ERR,ERR,ERR,ERR,ERR,ERR,ERR,ERR,ERR,ERR,ERR,ERR,ERR,ERR,ERR,ERR,ERR,ERR,ERR,ERR,ERR,ERR,ERR,ERR,ERR,ERR,ERR,ERR,ERR,ERR,ERR,ERR,ERR,ERR,ERR,ERR,ERR,ERR,ERR,ERR,ERR,ERR,ERR,ERR,ERR,ERR,ERR,ERR,ERR,ERR,ERR,ERR,ERR,ERR,ERR,ERR,ERR,ERR,ERR,ERR,ERR,0.0,-107615384.0,-0.0,-4.9501291711397626e+32,nan,1.3936040501711995e+18,7.805,-0.0,0,0,4,48930,6720,14723890282496.0,100,0.0,0.0,0.0,-4.9501291711397626e+32,0.0,0,0,0,0,0.0,0,0,0,0,0,0,0,0,0,0,0,0,0,0,0,0,0,0,0,0,0,0,0,0,0,0,0,0,0,0,0,0,0,26,51,50,76,65476,0,300,0,0,8,21553,0.0,-107605600.0,0.0,0.0,0.0,0.0,0.0,0.0,0.0,0.0,0.0,0.0,0.0,0.0,0.0,0.0,0.0,0.0,0.0,0.0,0.0,0.0,2.004,-2.004,2.004,2.004,0.0,0.0,0.0,0.0,4815.0,-564145430724608.0,7257.0,0.0,-107615384.0,0.0,0.0,0.0,0.0,0.0,0.0,77,-0.0,0.0,0.0,0.0,0.0,0.0,0.0,0.0,0.0,0,0,0,0.0,0.0,0.0,0.0,0.0,0.0,0.0,0.0,0.0,0.0,0.0,0.0,0.0,0.0,0.0,0.0,0,-107875648.0,77,0.0,154,0.0,2.6533865130338155e+23,ERR,ERR,ERR,ERR,ERR,ERR,ERR,ERR,ERR,ERR,ERR,ERR,ERR,ERR,ERR,ERR,ERR,ERR,ERR,ERR,ERR,ERR,ERR,ERR,ERR,ERR,ERR,ERR,ERR,ERR,ERR,ERR,ERR,ERR,ERR,ERR,ERR,ERR,ERR,ERR,ERR,ERR,ERR,ERR,ERR,ERR,ERR,ERR,ERR,ERR,ERR,ERR,ERR,ERR,ERR,ERR,ERR,ERR,ERR,ERR,ERR,ERR,ERR,ERR,ERR,ERR,ERR,34.0,80.0,35,0.0,0.0,0.0,0.0,0.0,0.0,0.0,0.0,0.0,0.0,0.0,0.0,0.0,0.0,0.0,0.0,66.4,0,119,57,53,65476,0,300,0,0,8,20529,65476,0,0,57672,80.0,0.0,0.0,0.0,0.0,0.0
2026-06-18T02:56:27,ERR,ERR,ERR,ERR,ERR,ERR,ERR,ERR,ERR,ERR,ERR,ERR,ERR,ERR,ERR,ERR,ERR,ERR,ERR,ERR,ERR,ERR,ERR,ERR,ERR,ERR,ERR,ERR,ERR,ERR,ERR,ERR,ERR,ERR,ERR,ERR,ERR,ERR,ERR,ERR,ERR,ERR,ERR,ERR,ERR,ERR,ERR,ERR,ERR,ERR,ERR,ERR,ERR,ERR,ERR,ERR,ERR,ERR,ERR,ERR,ERR,ERR,ERR,ERR,ERR,ERR,ERR,ERR,ERR,ERR,ERR,ERR,ERR,ERR,ERR,ERR,ERR,ERR,ERR,ERR,ERR,ERR,ERR,ERR,ERR,ERR,ERR,ERR,ERR,ERR,ERR,ERR,ERR,ERR,ERR,ERR,ERR,ERR,ERR,ERR,ERR,ERR,ERR,ERR,ERR,ERR,ERR,ERR,ERR,ERR,ERR,ERR,ERR,ERR,ERR,ERR,ERR,ERR,ERR,ERR,ERR,ERR,ERR,ERR,ERR,0.0,-107615384.0,-0.0,0.059,nan,1.3936040501711995e+18,7.805,0.0,0,0,4,48929,6720,14723890282496.0,100,0.0,0.0,0.0,0.059,0.0,0,0,0,0,0.0,0,0,0,0,0,0,0,0,0,0,0,0,0,0,0,0,0,0,0,0,0,0,0,0,0,0,0,0,0,0,0,0,0,26,51,50,76,65476,0,300,0,0,8,21553,0.0,-107605600.0,0.0,0.0,0.0,0.0,0.0,0.0,0.0,0.0,0.0,0.0,0.0,0.0,0.0,0.0,0.0,0.0,0.0,0.0,0.0,0.0,2.004,-2.004,-0.0,0.0,0.0,0.0,0.0,0.0,4815.0,-131350.344,7257.0,0.0,-107615384.0,2.7184303811560617e+23,0.0,0.0,0.0,0.0,0.0,77,-0.0,0.0,0.0,0.0,0.0,0.0,0.0,0.0,0.0,0,0,0,0.0,0.0,0.0,0.0,0.0,0.0,0.0,0.0,0.0,0.0,0.0,0.0,0.0,0.0,0.0,0.0,0,-107875648.0,77,0.0,154,0.0,2.6533865130338155e+23,ERR,ERR,ERR,ERR,ERR,ERR,ERR,ERR,ERR,ERR,ERR,ERR,ERR,ERR,ERR,ERR,ERR,ERR,ERR,ERR,ERR,ERR,ERR,ERR,ERR,ERR,ERR,ERR,ERR,ERR,ERR,ERR,ERR,ERR,ERR,ERR,ERR,ERR,ERR,ERR,ERR,ERR,ERR,ERR,ERR,ERR,ERR,ERR,ERR,ERR,ERR,ERR,ERR,ERR,ERR,ERR,ERR,ERR,ERR,ERR,ERR,ERR,ERR,ERR,ERR,ERR,ERR,34.0,80.0,35,0.0,0.0,0.0,0.0,0.0,0.0,0.0,0.0,0.0,0.0,0.0,0.0,0.0,0.0,0.0,0.0,65.6,0,119,57,53,65476,0,300,0,0,8,20529,65476,0,0,57672,80.0,0.0,0.0,0.0,0.0,0.0
2026-06-18T02:56:28,ERR,ERR,ERR,ERR,ERR,ERR,ERR,ERR,ERR,ERR,ERR,ERR,ERR,ERR,ERR,ERR,ERR,ERR,ERR,ERR,ERR,ERR,ERR,ERR,ERR,ERR,ERR,ERR,ERR,ERR,ERR,ERR,ERR,ERR,ERR,ERR,ERR,ERR,ERR,ERR,ERR,ERR,ERR,ERR,ERR,ERR,ERR,ERR,ERR,ERR,ERR,ERR,ERR,ERR,ERR,ERR,ERR,ERR,ERR,ERR,ERR,ERR,ERR,ERR,ERR,ERR,ERR,ERR,ERR,ERR,ERR,ERR,ERR,ERR,ERR,ERR,ERR,ERR,ERR,ERR,ERR,ERR,ERR,ERR,ERR,ERR,ERR,ERR,ERR,ERR,ERR,ERR,ERR,ERR,ERR,ERR,ERR,ERR,ERR,ERR,ERR,ERR,ERR,ERR,ERR,ERR,ERR,ERR,ERR,ERR,ERR,ERR,ERR,ERR,ERR,ERR,ERR,ERR,ERR,ERR,ERR,ERR,ERR,ERR,ERR,0.0,-107615384.0,-0.0,0.059,nan,1.3936040501711995e+18,7.805,0.0,0,0,4,48929,6720,14723890282496.0,100,0.0,0.0,0.0,0.059,0.0,0,0,0,0,0.0,0,0,0,0,0,0,0,0,0,0,0,0,0,0,0,0,0,0,0,0,0,0,0,0,0,0,0,0,0,0,0,0,0,26,51,50,76,65476,0,300,0,0,8,21553,0.0,-107605600.0,0.0,0.0,0.0,0.0,0.0,0.0,0.0,0.0,0.0,0.0,0.0,0.0,0.0,0.0,0.0,0.0,0.0,0.0,0.0,0.0,2.004,-2.004,-0.0,0.0,0.0,0.0,0.0,0.0,4815.0,-131350.344,7257.0,0.0,-107615384.0,2.7184303811560617e+23,0.0,0.0,0.0,0.0,0.0,77,-0.0,0.0,0.0,0.0,0.0,0.0,0.0,0.0,0.0,0,0,0,0.0,0.0,0.0,0.0,0.0,0.0,0.0,0.0,0.0,0.0,0.0,0.0,0.0,0.0,0.0,0.0,0,-107875648.0,77,0.0,154,0.0,2.6533865130338155e+23,ERR,ERR,ERR,ERR,ERR,ERR,ERR,ERR,ERR,ERR,ERR,ERR,ERR,ERR,ERR,ERR,ERR,ERR,ERR,ERR,ERR,ERR,ERR,ERR,ERR,ERR,ERR,ERR,ERR,ERR,ERR,ERR,ERR,ERR,ERR,ERR,ERR,ERR,ERR,ERR,ERR,ERR,ERR,ERR,ERR,ERR,ERR,ERR,ERR,ERR,ERR,ERR,ERR,ERR,ERR,ERR,ERR,ERR,ERR,ERR,ERR,ERR,ERR,ERR,ERR,ERR,ERR,34.0,80.0,35,0.0,0.0,0.0,0.0,0.0,0.0,0.0,0.0,0.0,0.0,0.0,0.0,0.0,0.0,0.0,0.0,65.6,0,119,57,53,65476,0,300,0,0,8,20529,65476,0,0,57672,80.0,0.0,0.0,0.0,0.0,0.0
2026-06-18T02:56:29,ERR,ERR,ERR,ERR,ERR,ERR,ERR,ERR,ERR,ERR,ERR,ERR,ERR,ERR,ERR,ERR,ERR,ERR,ERR,ERR,ERR,ERR,ERR,ERR,ERR,ERR,ERR,ERR,ERR,ERR,ERR,ERR,ERR,ERR,ERR,ERR,ERR,ERR,ERR,ERR,ERR,ERR,ERR,ERR,ERR,ERR,ERR,ERR,ERR,ERR,ERR,ERR,ERR,ERR,ERR,ERR,ERR,ERR,ERR,ERR,ERR,ERR,ERR,ERR,ERR,ERR,ERR,ERR,ERR,ERR,ERR,ERR,ERR,ERR,ERR,ERR,ERR,ERR,ERR,ERR,ERR,ERR,ERR,ERR,ERR,ERR,ERR,ERR,ERR,ERR,ERR,ERR,ERR,ERR,ERR,ERR,ERR,ERR,ERR,ERR,ERR,ERR,ERR,ERR,ERR,ERR,ERR,ERR,ERR,ERR,ERR,ERR,ERR,ERR,ERR,ERR,ERR,ERR,ERR,ERR,ERR,ERR,ERR,ERR,ERR,0.0,-107615384.0,-0.0,0.059,nan,1.3936040501711995e+18,7.805,0.0,0,0,4,48929,6720,14723890282496.0,100,0.0,0.0,0.0,0.059,0.0,0,0,0,0,0.0,0,0,0,0,0,0,0,0,0,0,0,0,0,0,0,0,0,0,0,0,0,0,0,0,0,0,0,0,0,0,0,0,0,26,51,50,76,65476,0,300,0,0,8,21553,0.0,-107605600.0,0.0,0.0,0.0,0.0,0.0,0.0,0.0,0.0,0.0,0.0,0.0,0.0,0.0,0.0,0.0,0.0,0.0,0.0,0.0,0.0,2.004,-2.004,-0.0,0.0,0.0,0.0,0.0,0.0,4815.0,-131350.344,7257.0,0.0,-107615384.0,2.7184303811560617e+23,0.0,0.0,0.0,0.0,0.0,77,-0.0,0.0,0.0,0.0,0.0,0.0,0.0,0.0,0.0,0,0,0,0.0,0.0,0.0,0.0,0.0,0.0,0.0,0.0,0.0,0.0,0.0,0.0,0.0,0.0,0.0,0.0,0,-107875648.0,77,0.0,154,0.0,2.6533865130338155e+23,ERR,ERR,ERR,ERR,ERR,ERR,ERR,ERR,ERR,ERR,ERR,ERR,ERR,ERR,ERR,ERR,ERR,ERR,ERR,ERR,ERR,ERR,ERR,ERR,ERR,ERR,ERR,ERR,ERR,ERR,ERR,ERR,ERR,ERR,ERR,ERR,ERR,ERR,ERR,ERR,ERR,ERR,ERR,ERR,ERR,ERR,ERR,ERR,ERR,ERR,ERR,ERR,ERR,ERR,ERR,ERR,ERR,ERR,ERR,ERR,ERR,ERR,ERR,ERR,ERR,ERR,ERR,34.0,80.0,35,0.0,0.0,0.0,0.0,0.0,0.0,0.0,0.0,0.0,0.0,0.0,0.0,0.0,0.0,0.0,0.0,65.6,0,119,57,53,65476,0,300,0,0,8,20529,65476,0,0,57672,80.0,0.0,0.0,0.0,0.0,0.0
2026-06-18T02:56:30,ERR,ERR,ERR,ERR,ERR,ERR,ERR,ERR,ERR,ERR,ERR,ERR,ERR,ERR,ERR,ERR,ERR,ERR,ERR,ERR,ERR,ERR,ERR,ERR,ERR,ERR,ERR,ERR,ERR,ERR,ERR,ERR,ERR,ERR,ERR,ERR,ERR,ERR,ERR,ERR,ERR,ERR,ERR,ERR,ERR,ERR,ERR,ERR,ERR,ERR,ERR,ERR,ERR,ERR,ERR,ERR,ERR,ERR,ERR,ERR,ERR,ERR,ERR,ERR,ERR,ERR,ERR,ERR,ERR,ERR,ERR,ERR,ERR,ERR,ERR,ERR,ERR,ERR,ERR,ERR,ERR,ERR,ERR,ERR,ERR,ERR,ERR,ERR,ERR,ERR,ERR,ERR,ERR,ERR,ERR,ERR,ERR,ERR,ERR,ERR,ERR,ERR,ERR,ERR,ERR,ERR,ERR,ERR,ERR,ERR,ERR,ERR,ERR,ERR,ERR,ERR,ERR,ERR,ERR,ERR,ERR,ERR,ERR,ERR,ERR,0.0,-107615384.0,-0.0,0.059,nan,1.3936040501711995e+18,7.805,0.0,0,0,4,48929,6720,14723890282496.0,100,0.0,0.0,0.0,0.059,0.0,0,0,0,0,0.0,0,0,0,0,0,0,0,0,0,0,0,0,0,0,0,0,0,0,0,0,0,0,0,0,0,0,0,0,0,0,0,0,0,26,51,50,76,65476,0,300,0,0,8,21553,0.0,-107605600.0,0.0,0.0,0.0,0.0,0.0,0.0,0.0,0.0,0.0,0.0,0.0,0.0,0.0,0.0,0.0,0.0,0.0,0.0,0.0,0.0,2.004,-2.004,-0.0,0.0,0.0,0.0,0.0,0.0,4815.0,-131350.344,7257.0,0.0,-107615384.0,2.7184303811560617e+23,0.0,0.0,0.0,0.0,0.0,77,-0.0,0.0,0.0,0.0,0.0,0.0,0.0,0.0,0.0,0,0,0,0.0,0.0,0.0,0.0,0.0,0.0,0.0,0.0,0.0,0.0,0.0,0.0,0.0,0.0,0.0,0.0,0,-107875648.0,77,0.0,154,0.0,2.6533865130338155e+23,ERR,ERR,ERR,ERR,ERR,ERR,ERR,ERR,ERR,ERR,ERR,ERR,ERR,ERR,ERR,ERR,ERR,ERR,ERR,ERR,ERR,ERR,ERR,ERR,ERR,ERR,ERR,ERR,ERR,ERR,ERR,ERR,ERR,ERR,ERR,ERR,ERR,ERR,ERR,ERR,ERR,ERR,ERR,ERR,ERR,ERR,ERR,ERR,ERR,ERR,ERR,ERR,ERR,ERR,ERR,ERR,ERR,ERR,ERR,ERR,ERR,ERR,ERR,ERR,ERR,ERR,ERR,34.0,80.0,35,0.0,0.0,0.0,0.0,0.0,0.0,0.0,0.0,0.0,0.0,0.0,0.0,0.0,0.0,0.0,0.0,65.6,0,119,57,53,65476,0,300,0,0,8,20529,65476,0,0,57672,80.0,0.0,0.0,0.0,0.0,0.0
2026-06-18T02:56:31,ERR,ERR,ERR,ERR,ERR,ERR,ERR,ERR,ERR,ERR,ERR,ERR,ERR,ERR,ERR,ERR,ERR,ERR,ERR,ERR,ERR,ERR,ERR,ERR,ERR,ERR,ERR,ERR,ERR,ERR,ERR,ERR,ERR,ERR,ERR,ERR,ERR,ERR,ERR,ERR,ERR,ERR,ERR,ERR,ERR,ERR,ERR,ERR,ERR,ERR,ERR,ERR,ERR,ERR,ERR,ERR,ERR,ERR,ERR,ERR,ERR,ERR,ERR,ERR,ERR,ERR,ERR,ERR,ERR,ERR,ERR,ERR,ERR,ERR,ERR,ERR,ERR,ERR,ERR,ERR,ERR,ERR,ERR,ERR,ERR,ERR,ERR,ERR,ERR,ERR,ERR,ERR,ERR,ERR,ERR,ERR,ERR,ERR,ERR,ERR,ERR,ERR,ERR,ERR,ERR,ERR,ERR,ERR,ERR,ERR,ERR,ERR,ERR,ERR,ERR,ERR,ERR,ERR,ERR,ERR,ERR,ERR,ERR,ERR,ERR,0.0,-107615384.0,-0.0,0.059,nan,1.3936040501711995e+18,7.805,0.0,0,0,4,48929,6720,14723890282496.0,100,0.0,0.0,0.0,0.059,0.0,0,0,0,0,0.0,0,0,0,0,0,0,0,0,0,0,0,0,0,0,0,0,0,0,0,0,0,0,0,0,0,0,0,0,0,0,0,0,0,26,51,50,76,65476,0,300,0,0,8,21553,0.0,-107605600.0,0.0,0.0,0.0,0.0,0.0,0.0,0.0,0.0,0.0,0.0,0.0,0.0,0.0,0.0,0.0,0.0,0.0,0.0,0.0,0.0,2.004,-2.004,-0.0,0.0,0.0,0.0,0.0,0.0,4815.0,-131350.344,7257.0,0.0,-107615384.0,2.7184303811560617e+23,0.0,0.0,0.0,0.0,0.0,77,-0.0,0.0,0.0,0.0,0.0,0.0,0.0,0.0,0.0,0,0,0,0.0,0.0,0.0,0.0,0.0,0.0,0.0,0.0,0.0,0.0,0.0,0.0,0.0,0.0,0.0,0.0,0,-107875648.0,77,0.0,154,0.0,2.6533865130338155e+23,ERR,ERR,ERR,ERR,ERR,ERR,ERR,ERR,ERR,ERR,ERR,ERR,ERR,ERR,ERR,ERR,ERR,ERR,ERR,ERR,ERR,ERR,ERR,ERR,ERR,ERR,ERR,ERR,ERR,ERR,ERR,ERR,ERR,ERR,ERR,ERR,ERR,ERR,ERR,ERR,ERR,ERR,ERR,ERR,ERR,ERR,ERR,ERR,ERR,ERR,ERR,ERR,ERR,ERR,ERR,ERR,ERR,ERR,ERR,ERR,ERR,ERR,ERR,ERR,ERR,ERR,ERR,34.0,80.0,35,0.0,0.0,0.0,0.0,0.0,0.0,0.0,0.0,0.0,0.0,0.0,0.0,0.0,0.0,0.0,0.0,65.6,0,119,57,53,65476,0,300,0,0,8,20529,65476,0,0,57672,80.0,0.0,0.0,0.0,0.0,0.0
2026-06-18T02:56:32,ERR,ERR,ERR,ERR,ERR,ERR,ERR,ERR,ERR,ERR,ERR,ERR,ERR,ERR,ERR,ERR,ERR,ERR,ERR,ERR,ERR,ERR,ERR,ERR,ERR,ERR,ERR,ERR,ERR,ERR,ERR,ERR,ERR,ERR,ERR,ERR,ERR,ERR,ERR,ERR,ERR,ERR,ERR,ERR,ERR,ERR,ERR,ERR,ERR,ERR,ERR,ERR,ERR,ERR,ERR,ERR,ERR,ERR,ERR,ERR,ERR,ERR,ERR,ERR,ERR,ERR,ERR,ERR,ERR,ERR,ERR,ERR,ERR,ERR,ERR,ERR,ERR,ERR,ERR,ERR,ERR,ERR,ERR,ERR,ERR,ERR,ERR,ERR,ERR,ERR,ERR,ERR,ERR,ERR,ERR,ERR,ERR,ERR,ERR,ERR,ERR,ERR,ERR,ERR,ERR,ERR,ERR,ERR,ERR,ERR,ERR,ERR,ERR,ERR,ERR,ERR,ERR,ERR,ERR,ERR,ERR,ERR,ERR,ERR,ERR,0.0,-107615384.0,-0.0,0.059,nan,1.3936040501711995e+18,7.805,0.0,0,0,4,48929,6720,14723890282496.0,100,0.0,0.0,0.0,0.059,0.0,0,0,0,0,0.0,0,0,0,0,0,0,0,0,0,0,0,0,0,0,0,0,0,0,0,0,0,0,0,0,0,0,0,0,0,0,0,0,0,26,51,50,76,65476,0,300,0,0,8,21553,0.0,-107605600.0,0.0,0.0,0.0,0.0,0.0,0.0,0.0,0.0,0.0,0.0,0.0,0.0,0.0,0.0,0.0,0.0,0.0,0.0,0.0,0.0,2.004,-2.004,-0.0,0.0,0.0,0.0,0.0,0.0,4815.0,-131350.344,7257.0,0.0,-107615384.0,2.7184303811560617e+23,0.0,0.0,0.0,0.0,0.0,77,-0.0,0.0,0.0,0.0,0.0,0.0,0.0,0.0,0.0,0,0,0,0.0,0.0,0.0,0.0,0.0,0.0,0.0,0.0,0.0,0.0,0.0,0.0,0.0,0.0,0.0,0.0,0,-107875648.0,77,0.0,154,0.0,2.6533865130338155e+23,ERR,ERR,ERR,ERR,ERR,ERR,ERR,ERR,ERR,ERR,ERR,ERR,ERR,ERR,ERR,ERR,ERR,ERR,ERR,ERR,ERR,ERR,ERR,ERR,ERR,ERR,ERR,ERR,ERR,ERR,ERR,ERR,ERR,ERR,ERR,ERR,ERR,ERR,ERR,ERR,ERR,ERR,ERR,ERR,ERR,ERR,ERR,ERR,ERR,ERR,ERR,ERR,ERR,ERR,ERR,ERR,ERR,ERR,ERR,ERR,ERR,ERR,ERR,ERR,ERR,ERR,ERR,34.0,80.0,35,0.0,0.0,0.0,0.0,0.0,0.0,0.0,0.0,0.0,0.0,0.0,0.0,0.0,0.0,0.0,0.0,65.6,0,119,57,53,65476,0,300,0,0,8,20529,65476,0,0,57672,80.0,0.0,0.0,0.0,0.0,0.0
2026-06-18T02:56:33,ERR,ERR,ERR,ERR,ERR,ERR,ERR,ERR,ERR,ERR,ERR,ERR,ERR,ERR,ERR,ERR,ERR,ERR,ERR,ERR,ERR,ERR,ERR,ERR,ERR,ERR,ERR,ERR,ERR,ERR,ERR,ERR,ERR,ERR,ERR,ERR,ERR,ERR,ERR,ERR,ERR,ERR,ERR,ERR,ERR,ERR,ERR,ERR,ERR,ERR,ERR,ERR,ERR,ERR,ERR,ERR,ERR,ERR,ERR,ERR,ERR,ERR,ERR,ERR,ERR,ERR,ERR,ERR,ERR,ERR,ERR,ERR,ERR,ERR,ERR,ERR,ERR,ERR,ERR,ERR,ERR,ERR,ERR,ERR,ERR,ERR,ERR,ERR,ERR,ERR,ERR,ERR,ERR,ERR,ERR,ERR,ERR,ERR,ERR,ERR,ERR,ERR,ERR,ERR,ERR,ERR,ERR,ERR,ERR,ERR,ERR,ERR,ERR,ERR,ERR,ERR,ERR,ERR,ERR,ERR,ERR,ERR,ERR,ERR,ERR,0.0,-107615384.0,-0.0,0.0,nan,1.3936040501711995e+18,7.805,118629576.0,0,0,4,48938,6720,14723890282496.0,100,0.0,0.0,0.0,-4.9501291711397626e+32,0.0,0,0,0,0,0.0,0,0,0,0,0,0,0,0,0,0,0,0,0,0,0,0,0,0,0,0,0,0,0,0,0,0,0,0,0,0,0,0,0,26,51,50,76,65476,0,300,0,0,8,21553,0.0,-107605600.0,0.0,0.0,0.0,0.0,0.0,0.0,0.0,0.0,0.0,0.0,0.0,0.0,0.0,0.0,0.0,0.0,0.0,0.0,0.0,0.0,2.004,-2.004,2.004,0.0,0.0,0.0,0.0,0.0,4814.0,-1.5879282197463203e+29,7262.0,0.0,-107615384.0,0.0,0.0,0.0,0.0,0.0,0.0,77,-0.0,0.0,0.0,0.0,0.0,0.0,0.0,0.0,0.0,0,0,0,0.0,0.0,0.0,0.0,0.0,0.0,0.0,0.0,0.0,0.0,0.0,0.0,0.0,0.0,0.0,0.0,0,-107875648.0,77,0.0,154,0.0,2.6533865130338155e+23,ERR,ERR,ERR,ERR,ERR,ERR,ERR,ERR,ERR,ERR,ERR,ERR,ERR,ERR,ERR,ERR,ERR,ERR,ERR,ERR,ERR,ERR,ERR,ERR,ERR,ERR,ERR,ERR,ERR,ERR,ERR,ERR,ERR,ERR,ERR,ERR,ERR,ERR,ERR,ERR,ERR,ERR,ERR,ERR,ERR,ERR,ERR,ERR,ERR,ERR,ERR,ERR,ERR,ERR,ERR,ERR,ERR,ERR,ERR,ERR,ERR,ERR,ERR,ERR,ERR,ERR,ERR,34.0,80.0,35,0.0,0.0,0.0,0.0,0.0,0.0,0.0,0.0,0.0,0.0,0.0,0.0,0.0,0.0,0.0,0.0,65.6,0,119,57,53,65476,0,300,0,0,8,20529,65476,0,0,57672,80.0,0.0,0.0,0.0,0.0,0.0
2026-06-18T02:56:34,ERR,ERR,ERR,ERR,ERR,ERR,ERR,ERR,ERR,ERR,ERR,ERR,ERR,ERR,ERR,ERR,ERR,ERR,ERR,ERR,ERR,ERR,ERR,ERR,ERR,ERR,ERR,ERR,ERR,ERR,ERR,ERR,ERR,ERR,ERR,ERR,ERR,ERR,ERR,ERR,ERR,ERR,ERR,ERR,ERR,ERR,ERR,ERR,ERR,ERR,ERR,ERR,ERR,ERR,ERR,ERR,ERR,ERR,ERR,ERR,ERR,ERR,ERR,ERR,ERR,ERR,ERR,ERR,ERR,ERR,ERR,ERR,ERR,ERR,ERR,ERR,ERR,ERR,ERR,ERR,ERR,ERR,ERR,ERR,ERR,ERR,ERR,ERR,ERR,ERR,ERR,ERR,ERR,ERR,ERR,ERR,ERR,ERR,ERR,ERR,ERR,ERR,ERR,ERR,ERR,ERR,ERR,ERR,ERR,ERR,ERR,ERR,ERR,ERR,ERR,ERR,ERR,ERR,ERR,ERR,ERR,ERR,ERR,ERR,ERR,0.0,-107615384.0,-0.0,0.0,nan,1.3936040501711995e+18,7.805,118629576.0,0,0,4,48938,6720,14723890282496.0,100,0.0,0.0,0.0,-4.9501291711397626e+32,0.0,0,0,0,0,0.0,0,0,0,0,0,0,0,0,0,0,0,0,0,0,0,0,0,0,0,0,0,0,0,0,0,0,0,0,0,0,0,0,0,26,51,50,76,65476,0,300,0,0,8,21553,0.0,-107605600.0,0.0,0.0,0.0,0.0,0.0,0.0,0.0,0.0,0.0,0.0,0.0,0.0,0.0,0.0,0.0,0.0,0.0,0.0,0.0,0.0,2.004,-2.004,2.004,0.0,0.0,0.0,0.0,0.0,4814.0,-1.5879282197463203e+29,7262.0,0.0,-107615384.0,0.0,0.0,0.0,0.0,0.0,0.0,77,-0.0,0.0,0.0,0.0,0.0,0.0,0.0,0.0,0.0,0,0,0,0.0,0.0,0.0,0.0,0.0,0.0,0.0,0.0,0.0,0.0,0.0,0.0,0.0,0.0,0.0,0.0,0,-107875648.0,77,0.0,154,0.0,2.6533865130338155e+23,ERR,ERR,ERR,ERR,ERR,ERR,ERR,ERR,ERR,ERR,ERR,ERR,ERR,ERR,ERR,ERR,ERR,ERR,ERR,ERR,ERR,ERR,ERR,ERR,ERR,ERR,ERR,ERR,ERR,ERR,ERR,ERR,ERR,ERR,ERR,ERR,ERR,ERR,ERR,ERR,ERR,ERR,ERR,ERR,ERR,ERR,ERR,ERR,ERR,ERR,ERR,ERR,ERR,ERR,ERR,ERR,ERR,ERR,ERR,ERR,ERR,ERR,ERR,ERR,ERR,ERR,ERR,34.0,80.0,35,0.0,0.0,0.0,0.0,0.0,0.0,0.0,0.0,0.0,0.0,0.0,0.0,0.0,0.0,0.0,0.0,65.6,0,119,57,53,65476,0,300,0,0,8,20529,65476,0,0,57672,80.0,0.0,0.0,0.0,0.0,0.0
2026-06-18T02:56:35,ERR,ERR,ERR,ERR,ERR,ERR,ERR,ERR,ERR,ERR,ERR,ERR,ERR,ERR,ERR,ERR,ERR,ERR,ERR,ERR,ERR,ERR,ERR,ERR,ERR,ERR,ERR,ERR,ERR,ERR,ERR,ERR,ERR,ERR,ERR,ERR,ERR,ERR,ERR,ERR,ERR,ERR,ERR,ERR,ERR,ERR,ERR,ERR,ERR,ERR,ERR,ERR,ERR,ERR,ERR,ERR,ERR,ERR,ERR,ERR,ERR,ERR,ERR,ERR,ERR,ERR,ERR,ERR,ERR,ERR,ERR,ERR,ERR,ERR,ERR,ERR,ERR,ERR,ERR,ERR,ERR,ERR,ERR,ERR,ERR,ERR,ERR,ERR,ERR,ERR,ERR,ERR,ERR,ERR,ERR,ERR,ERR,ERR,ERR,ERR,ERR,ERR,ERR,ERR,ERR,ERR,ERR,ERR,ERR,ERR,ERR,ERR,ERR,ERR,ERR,ERR,ERR,ERR,ERR,ERR,ERR,ERR,ERR,ERR,ERR,0.0,-107615384.0,-0.0,0.0,nan,1.3936040501711995e+18,7.805,118629576.0,0,0,4,48938,6720,14723890282496.0,100,0.0,0.0,0.0,-4.9501291711397626e+32,0.0,0,0,0,0,0.0,0,0,0,0,0,0,0,0,0,0,0,0,0,0,0,0,0,0,0,0,0,0,0,0,0,0,0,0,0,0,0,0,0,26,51,50,76,65476,0,300,0,0,8,21553,0.0,-107605600.0,0.0,0.0,0.0,0.0,0.0,0.0,0.0,0.0,0.0,0.0,0.0,0.0,0.0,0.0,0.0,0.0,0.0,0.0,0.0,0.0,2.004,-2.004,2.004,0.0,0.0,0.0,0.0,0.0,4814.0,-1.5879282197463203e+29,7262.0,0.0,-107615384.0,0.0,0.0,0.0,0.0,0.0,0.0,77,-0.0,0.0,0.0,0.0,0.0,0.0,0.0,0.0,0.0,0,0,0,0.0,0.0,0.0,0.0,0.0,0.0,0.0,0.0,0.0,0.0,0.0,0.0,0.0,0.0,0.0,0.0,0,-107875648.0,77,0.0,154,0.0,2.6533865130338155e+23,ERR,ERR,ERR,ERR,ERR,ERR,ERR,ERR,ERR,ERR,ERR,ERR,ERR,ERR,ERR,ERR,ERR,ERR,ERR,ERR,ERR,ERR,ERR,ERR,ERR,ERR,ERR,ERR,ERR,ERR,ERR,ERR,ERR,ERR,ERR,ERR,ERR,ERR,ERR,ERR,ERR,ERR,ERR,ERR,ERR,ERR,ERR,ERR,ERR,ERR,ERR,ERR,ERR,ERR,ERR,ERR,ERR,ERR,ERR,ERR,ERR,ERR,ERR,ERR,ERR,ERR,ERR,34.0,80.0,35,0.0,0.0,0.0,0.0,0.0,0.0,0.0,0.0,0.0,0.0,0.0,0.0,0.0,0.0,0.0,0.0,65.6,0,119,57,53,65476,0,300,0,0,8,20529,65476,0,0,57672,80.0,0.0,0.0,0.0,0.0,0.0
2026-06-18T02:56:36,ERR,ERR,ERR,ERR,ERR,ERR,ERR,ERR,ERR,ERR,ERR,ERR,ERR,ERR,ERR,ERR,ERR,ERR,ERR,ERR,ERR,ERR,ERR,ERR,ERR,ERR,ERR,ERR,ERR,ERR,ERR,ERR,ERR,ERR,ERR,ERR,ERR,ERR,ERR,ERR,ERR,ERR,ERR,ERR,ERR,ERR,ERR,ERR,ERR,ERR,ERR,ERR,ERR,ERR,ERR,ERR,ERR,ERR,ERR,ERR,ERR,ERR,ERR,ERR,ERR,ERR,ERR,ERR,ERR,ERR,ERR,ERR,ERR,ERR,ERR,ERR,ERR,ERR,ERR,ERR,ERR,ERR,ERR,ERR,ERR,ERR,ERR,ERR,ERR,ERR,ERR,ERR,ERR,ERR,ERR,ERR,ERR,ERR,ERR,ERR,ERR,ERR,ERR,ERR,ERR,ERR,ERR,ERR,ERR,ERR,ERR,ERR,ERR,ERR,ERR,ERR,ERR,ERR,ERR,ERR,ERR,ERR,ERR,ERR,ERR,0.0,-107615384.0,-0.0,0.0,nan,1.3936040501711995e+18,7.805,118629576.0,0,0,4,48938,6720,14723890282496.0,100,0.0,0.0,0.0,-4.9501291711397626e+32,0.0,0,0,0,0,0.0,0,0,0,0,0,0,0,0,0,0,0,0,0,0,0,0,0,0,0,0,0,0,0,0,0,0,0,0,0,0,0,0,0,26,51,50,76,65476,0,300,0,0,8,21553,0.0,-107605600.0,0.0,0.0,0.0,0.0,0.0,0.0,0.0,0.0,0.0,0.0,0.0,0.0,0.0,0.0,0.0,0.0,0.0,0.0,0.0,0.0,2.004,-2.004,2.004,0.0,0.0,0.0,0.0,0.0,4814.0,-1.5879282197463203e+29,7262.0,0.0,-107615384.0,0.0,0.0,0.0,0.0,0.0,0.0,77,-0.0,0.0,0.0,0.0,0.0,0.0,0.0,0.0,0.0,0,0,0,0.0,0.0,0.0,0.0,0.0,0.0,0.0,0.0,0.0,0.0,0.0,0.0,0.0,0.0,0.0,0.0,0,-107875648.0,77,0.0,154,0.0,2.6533865130338155e+23,ERR,ERR,ERR,ERR,ERR,ERR,ERR,ERR,ERR,ERR,ERR,ERR,ERR,ERR,ERR,ERR,ERR,ERR,ERR,ERR,ERR,ERR,ERR,ERR,ERR,ERR,ERR,ERR,ERR,ERR,ERR,ERR,ERR,ERR,ERR,ERR,ERR,ERR,ERR,ERR,ERR,ERR,ERR,ERR,ERR,ERR,ERR,ERR,ERR,ERR,ERR,ERR,ERR,ERR,ERR,ERR,ERR,ERR,ERR,ERR,ERR,ERR,ERR,ERR,ERR,ERR,ERR,34.0,80.0,35,0.0,0.0,0.0,0.0,0.0,0.0,0.0,0.0,0.0,0.0,0.0,0.0,0.0,0.0,0.0,0.0,65.6,0,119,57,53,65476,0,300,0,0,8,20529,65476,0,0,57672,80.0,0.0,0.0,0.0,0.0,0.0
2026-06-18T02:56:37,ERR,ERR,ERR,ERR,ERR,ERR,ERR,ERR,ERR,ERR,ERR,ERR,ERR,ERR,ERR,ERR,ERR,ERR,ERR,ERR,ERR,ERR,ERR,ERR,ERR,ERR,ERR,ERR,ERR,ERR,ERR,ERR,ERR,ERR,ERR,ERR,ERR,ERR,ERR,ERR,ERR,ERR,ERR,ERR,ERR,ERR,ERR,ERR,ERR,ERR,ERR,ERR,ERR,ERR,ERR,ERR,ERR,ERR,ERR,ERR,ERR,ERR,ERR,ERR,ERR,ERR,ERR,ERR,ERR,ERR,ERR,ERR,ERR,ERR,ERR,ERR,ERR,ERR,ERR,ERR,ERR,ERR,ERR,ERR,ERR,ERR,ERR,ERR,ERR,ERR,ERR,ERR,ERR,ERR,ERR,ERR,ERR,ERR,ERR,ERR,ERR,ERR,ERR,ERR,ERR,ERR,ERR,ERR,ERR,ERR,ERR,ERR,ERR,ERR,ERR,ERR,ERR,ERR,ERR,ERR,ERR,ERR,ERR,ERR,ERR,0.0,-107615384.0,-0.0,0.0,nan,1.3936040501711995e+18,7.805,118629576.0,0,0,4,48938,6720,14723890282496.0,100,0.0,0.0,0.0,-4.9501291711397626e+32,0.0,0,0,0,0,0.0,0,0,0,0,0,0,0,0,0,0,0,0,0,0,0,0,0,0,0,0,0,0,0,0,0,0,0,0,0,0,0,0,0,26,51,50,76,65476,0,300,0,0,8,21553,0.0,-107605600.0,0.0,0.0,0.0,0.0,0.0,0.0,0.0,0.0,0.0,0.0,0.0,0.0,0.0,0.0,0.0,0.0,0.0,0.0,0.0,0.0,2.004,-2.004,2.004,0.0,0.0,0.0,0.0,0.0,4814.0,-1.5879282197463203e+29,7262.0,0.0,-107615384.0,0.0,0.0,0.0,0.0,0.0,0.0,77,-0.0,0.0,0.0,0.0,0.0,0.0,0.0,0.0,0.0,0,0,0,0.0,0.0,0.0,0.0,0.0,0.0,0.0,0.0,0.0,0.0,0.0,0.0,0.0,0.0,0.0,0.0,0,-107875648.0,77,0.0,154,0.0,2.6533865130338155e+23,ERR,ERR,ERR,ERR,ERR,ERR,ERR,ERR,ERR,ERR,ERR,ERR,ERR,ERR,ERR,ERR,ERR,ERR,ERR,ERR,ERR,ERR,ERR,ERR,ERR,ERR,ERR,ERR,ERR,ERR,ERR,ERR,ERR,ERR,ERR,ERR,ERR,ERR,ERR,ERR,ERR,ERR,ERR,ERR,ERR,ERR,ERR,ERR,ERR,ERR,ERR,ERR,ERR,ERR,ERR,ERR,ERR,ERR,ERR,ERR,ERR,ERR,ERR,ERR,ERR,ERR,ERR,34.0,80.0,35,0.0,0.0,0.0,0.0,0.0,0.0,0.0,0.0,0.0,0.0,0.0,0.0,0.0,0.0,0.0,0.0,65.6,0,119,57,53,65476,0,300,0,0,8,20529,65476,0,0,57672,80.0,0.0,0.0,0.0,0.0,0.0
2026-06-18T02:56:38,ERR,ERR,ERR,ERR,ERR,ERR,ERR,ERR,ERR,ERR,ERR,ERR,ERR,ERR,ERR,ERR,ERR,ERR,ERR,ERR,ERR,ERR,ERR,ERR,ERR,ERR,ERR,ERR,ERR,ERR,ERR,ERR,ERR,ERR,ERR,ERR,ERR,ERR,ERR,ERR,ERR,ERR,ERR,ERR,ERR,ERR,ERR,ERR,ERR,ERR,ERR,ERR,ERR,ERR,ERR,ERR,ERR,ERR,ERR,ERR,ERR,ERR,ERR,ERR,ERR,ERR,ERR,ERR,ERR,ERR,ERR,ERR,ERR,ERR,ERR,ERR,ERR,ERR,ERR,ERR,ERR,ERR,ERR,ERR,ERR,ERR,ERR,ERR,ERR,ERR,ERR,ERR,ERR,ERR,ERR,ERR,ERR,ERR,ERR,ERR,ERR,ERR,ERR,ERR,ERR,ERR,ERR,ERR,ERR,ERR,ERR,ERR,ERR,ERR,ERR,ERR,ERR,ERR,ERR,ERR,ERR,ERR,ERR,ERR,ERR,0.0,-107615384.0,-0.0,-4.9501291711397626e+32,nan,1.3936040501711995e+18,7.805,-0.0,0,0,4,48933,6720,14723890282496.0,100,0.0,0.0,0.0,-0.0,0.0,0,0,0,0,0.0,0,0,0,0,0,0,0,0,0,0,0,0,0,0,0,0,0,0,0,0,0,0,0,0,0,0,0,0,0,0,0,0,0,26,51,50,76,65476,0,300,0,0,8,21553,0.0,-107605600.0,0.0,0.0,0.0,0.0,0.0,0.0,0.0,0.0,0.0,0.0,0.0,0.0,0.0,0.0,0.0,0.0,0.0,0.0,0.0,0.0,2.004,-2.004,2.004,2.004,0.0,0.0,0.0,0.0,4815.0,-2.422986175150025e+24,7261.0,0.0,-107615384.0,2.7184303811560617e+23,0.0,0.0,0.0,0.0,0.0,77,-0.0,0.0,0.0,0.0,0.0,0.0,0.0,0.0,0.0,0,0,0,0.0,0.0,0.0,0.0,0.0,0.0,0.0,0.0,0.0,0.0,0.0,0.0,0.0,0.0,0.0,0.0,0,-107875648.0,77,0.0,154,0.0,2.6533865130338155e+23,ERR,ERR,ERR,ERR,ERR,ERR,ERR,ERR,ERR,ERR,ERR,ERR,ERR,ERR,ERR,ERR,ERR,ERR,ERR,ERR,ERR,ERR,ERR,ERR,ERR,ERR,ERR,ERR,ERR,ERR,ERR,ERR,ERR,ERR,ERR,ERR,ERR,ERR,ERR,ERR,ERR,ERR,ERR,ERR,ERR,ERR,ERR,ERR,ERR,ERR,ERR,ERR,ERR,ERR,ERR,ERR,ERR,ERR,ERR,ERR,ERR,ERR,ERR,ERR,ERR,ERR,ERR,34.0,80.0,35,0.0,0.0,0.0,0.0,0.0,0.0,0.0,0.0,0.0,0.0,0.0,0.0,0.0,0.0,0.0,0.0,65.6,0,119,57,53,65476,0,300,0,0,8,20529,65476,0,0,57672,80.0,0.0,0.0,0.0,0.0,0.0
2026-06-18T02:56:39,ERR,ERR,ERR,ERR,ERR,ERR,ERR,ERR,ERR,ERR,ERR,ERR,ERR,ERR,ERR,ERR,ERR,ERR,ERR,ERR,ERR,ERR,ERR,ERR,ERR,ERR,ERR,ERR,ERR,ERR,ERR,ERR,ERR,ERR,ERR,ERR,ERR,ERR,ERR,ERR,ERR,ERR,ERR,ERR,ERR,ERR,ERR,ERR,ERR,ERR,ERR,ERR,ERR,ERR,ERR,ERR,ERR,ERR,ERR,ERR,ERR,ERR,ERR,ERR,ERR,ERR,ERR,ERR,ERR,ERR,ERR,ERR,ERR,ERR,ERR,ERR,ERR,ERR,ERR,ERR,ERR,ERR,ERR,ERR,ERR,ERR,ERR,ERR,ERR,ERR,ERR,ERR,ERR,ERR,ERR,ERR,ERR,ERR,ERR,ERR,ERR,ERR,ERR,ERR,ERR,ERR,ERR,ERR,ERR,ERR,ERR,ERR,ERR,ERR,ERR,ERR,ERR,ERR,ERR,ERR,ERR,ERR,ERR,ERR,ERR,0.0,-107615384.0,-0.0,-4.9501291711397626e+32,nan,1.3936040501711995e+18,7.805,-0.0,0,0,4,48933,6720,14723890282496.0,100,0.0,0.0,0.0,-0.0,0.0,0,0,0,0,0.0,0,0,0,0,0,0,0,0,0,0,0,0,0,0,0,0,0,0,0,0,0,0,0,0,0,0,0,0,0,0,0,0,0,26,51,50,76,65476,0,300,0,0,8,21553,0.0,-107605600.0,0.0,0.0,0.0,0.0,0.0,0.0,0.0,0.0,0.0,0.0,0.0,0.0,0.0,0.0,0.0,0.0,0.0,0.0,0.0,0.0,2.004,-2.004,2.004,2.004,0.0,0.0,0.0,0.0,4815.0,-2.422986175150025e+24,7261.0,0.0,-107615384.0,2.7184303811560617e+23,0.0,0.0,0.0,0.0,0.0,77,-0.0,0.0,0.0,0.0,0.0,0.0,0.0,0.0,0.0,0,0,0,0.0,0.0,0.0,0.0,0.0,0.0,0.0,0.0,0.0,0.0,0.0,0.0,0.0,0.0,0.0,0.0,0,-107875648.0,77,0.0,154,0.0,2.6533865130338155e+23,ERR,ERR,ERR,ERR,ERR,ERR,ERR,ERR,ERR,ERR,ERR,ERR,ERR,ERR,ERR,ERR,ERR,ERR,ERR,ERR,ERR,ERR,ERR,ERR,ERR,ERR,ERR,ERR,ERR,ERR,ERR,ERR,ERR,ERR,ERR,ERR,ERR,ERR,ERR,ERR,ERR,ERR,ERR,ERR,ERR,ERR,ERR,ERR,ERR,ERR,ERR,ERR,ERR,ERR,ERR,ERR,ERR,ERR,ERR,ERR,ERR,ERR,ERR,ERR,ERR,ERR,ERR,34.0,80.0,35,0.0,0.0,0.0,0.0,0.0,0.0,0.0,0.0,0.0,0.0,0.0,0.0,0.0,0.0,0.0,0.0,65.6,0,119,57,53,65476,0,300,0,0,8,20529,65476,0,0,57672,80.0,0.0,0.0,0.0,0.0,0.0
2026-06-18T02:56:40,ERR,ERR,ERR,ERR,ERR,ERR,ERR,ERR,ERR,ERR,ERR,ERR,ERR,ERR,ERR,ERR,ERR,ERR,ERR,ERR,ERR,ERR,ERR,ERR,ERR,ERR,ERR,ERR,ERR,ERR,ERR,ERR,ERR,ERR,ERR,ERR,ERR,ERR,ERR,ERR,ERR,ERR,ERR,ERR,ERR,ERR,ERR,ERR,ERR,ERR,ERR,ERR,ERR,ERR,ERR,ERR,ERR,ERR,ERR,ERR,ERR,ERR,ERR,ERR,ERR,ERR,ERR,ERR,ERR,ERR,ERR,ERR,ERR,ERR,ERR,ERR,ERR,ERR,ERR,ERR,ERR,ERR,ERR,ERR,ERR,ERR,ERR,ERR,ERR,ERR,ERR,ERR,ERR,ERR,ERR,ERR,ERR,ERR,ERR,ERR,ERR,ERR,ERR,ERR,ERR,ERR,ERR,ERR,ERR,ERR,ERR,ERR,ERR,ERR,ERR,ERR,ERR,ERR,ERR,ERR,ERR,ERR,ERR,ERR,ERR,0.0,-107615384.0,-0.0,-4.9501291711397626e+32,nan,1.3936040501711995e+18,7.805,-0.0,0,0,4,48933,6720,14723890282496.0,100,0.0,0.0,0.0,-0.0,0.0,0,0,0,0,0.0,0,0,0,0,0,0,0,0,0,0,0,0,0,0,0,0,0,0,0,0,0,0,0,0,0,0,0,0,0,0,0,0,0,26,51,50,76,65476,0,300,0,0,8,21553,0.0,-107605600.0,0.0,0.0,0.0,0.0,0.0,0.0,0.0,0.0,0.0,0.0,0.0,0.0,0.0,0.0,0.0,0.0,0.0,0.0,0.0,0.0,2.004,-2.004,2.004,2.004,0.0,0.0,0.0,0.0,4815.0,-2.422986175150025e+24,7261.0,0.0,-107615384.0,2.7184303811560617e+23,0.0,0.0,0.0,0.0,0.0,77,-0.0,0.0,0.0,0.0,0.0,0.0,0.0,0.0,0.0,0,0,0,0.0,0.0,0.0,0.0,0.0,0.0,0.0,0.0,0.0,0.0,0.0,0.0,0.0,0.0,0.0,0.0,0,-107875648.0,77,0.0,154,0.0,2.6533865130338155e+23,ERR,ERR,ERR,ERR,ERR,ERR,ERR,ERR,ERR,ERR,ERR,ERR,ERR,ERR,ERR,ERR,ERR,ERR,ERR,ERR,ERR,ERR,ERR,ERR,ERR,ERR,ERR,ERR,ERR,ERR,ERR,ERR,ERR,ERR,ERR,ERR,ERR,ERR,ERR,ERR,ERR,ERR,ERR,ERR,ERR,ERR,ERR,ERR,ERR,ERR,ERR,ERR,ERR,ERR,ERR,ERR,ERR,ERR,ERR,ERR,ERR,ERR,ERR,ERR,ERR,ERR,ERR,34.0,80.0,35,0.0,0.0,0.0,0.0,0.0,0.0,0.0,0.0,0.0,0.0,0.0,0.0,0.0,0.0,0.0,0.0,65.6,0,119,57,53,65476,0,300,0,0,8,20529,65476,0,0,57672,80.0,0.0,0.0,0.0,0.0,0.0
2026-06-18T02:56:41,ERR,ERR,ERR,ERR,ERR,ERR,ERR,ERR,ERR,ERR,ERR,ERR,ERR,ERR,ERR,ERR,ERR,ERR,ERR,ERR,ERR,ERR,ERR,ERR,ERR,ERR,ERR,ERR,ERR,ERR,ERR,ERR,ERR,ERR,ERR,ERR,ERR,ERR,ERR,ERR,ERR,ERR,ERR,ERR,ERR,ERR,ERR,ERR,ERR,ERR,ERR,ERR,ERR,ERR,ERR,ERR,ERR,ERR,ERR,ERR,ERR,ERR,ERR,ERR,ERR,ERR,ERR,ERR,ERR,ERR,ERR,ERR,ERR,ERR,ERR,ERR,ERR,ERR,ERR,ERR,ERR,ERR,ERR,ERR,ERR,ERR,ERR,ERR,ERR,ERR,ERR,ERR,ERR,ERR,ERR,ERR,ERR,ERR,ERR,ERR,ERR,ERR,ERR,ERR,ERR,ERR,ERR,ERR,ERR,ERR,ERR,ERR,ERR,ERR,ERR,ERR,ERR,ERR,ERR,ERR,ERR,ERR,ERR,ERR,ERR,0.0,-107615384.0,-0.0,-4.9501291711397626e+32,nan,1.3936040501711995e+18,7.805,-0.0,0,0,4,48933,6720,14723890282496.0,100,0.0,0.0,0.0,-0.0,0.0,0,0,0,0,0.0,0,0,0,0,0,0,0,0,0,0,0,0,0,0,0,0,0,0,0,0,0,0,0,0,0,0,0,0,0,0,0,0,0,26,51,50,76,65476,0,300,0,0,8,21553,0.0,-107605600.0,0.0,0.0,0.0,0.0,0.0,0.0,0.0,0.0,0.0,0.0,0.0,0.0,0.0,0.0,0.0,0.0,0.0,0.0,0.0,0.0,2.004,-2.004,2.004,2.004,0.0,0.0,0.0,0.0,4815.0,-2.422986175150025e+24,7261.0,0.0,-107615384.0,2.7184303811560617e+23,0.0,0.0,0.0,0.0,0.0,77,-0.0,0.0,0.0,0.0,0.0,0.0,0.0,0.0,0.0,0,0,0,0.0,0.0,0.0,0.0,0.0,0.0,0.0,0.0,0.0,0.0,0.0,0.0,0.0,0.0,0.0,0.0,0,-107875648.0,77,0.0,154,0.0,2.6533865130338155e+23,ERR,ERR,ERR,ERR,ERR,ERR,ERR,ERR,ERR,ERR,ERR,ERR,ERR,ERR,ERR,ERR,ERR,ERR,ERR,ERR,ERR,ERR,ERR,ERR,ERR,ERR,ERR,ERR,ERR,ERR,ERR,ERR,ERR,ERR,ERR,ERR,ERR,ERR,ERR,ERR,ERR,ERR,ERR,ERR,ERR,ERR,ERR,ERR,ERR,ERR,ERR,ERR,ERR,ERR,ERR,ERR,ERR,ERR,ERR,ERR,ERR,ERR,ERR,ERR,ERR,ERR,ERR,34.0,80.0,35,0.0,0.0,0.0,0.0,0.0,0.0,0.0,0.0,0.0,0.0,0.0,0.0,0.0,0.0,0.0,0.0,65.6,0,119,57,53,65476,0,300,0,0,8,20529,65476,0,0,57672,80.0,0.0,0.0,0.0,0.0,0.0
2026-06-18T02:56:42,ERR,ERR,ERR,ERR,ERR,ERR,ERR,ERR,ERR,ERR,ERR,ERR,ERR,ERR,ERR,ERR,ERR,ERR,ERR,ERR,ERR,ERR,ERR,ERR,ERR,ERR,ERR,ERR,ERR,ERR,ERR,ERR,ERR,ERR,ERR,ERR,ERR,ERR,ERR,ERR,ERR,ERR,ERR,ERR,ERR,ERR,ERR,ERR,ERR,ERR,ERR,ERR,ERR,ERR,ERR,ERR,ERR,ERR,ERR,ERR,ERR,ERR,ERR,ERR,ERR,ERR,ERR,ERR,ERR,ERR,ERR,ERR,ERR,ERR,ERR,ERR,ERR,ERR,ERR,ERR,ERR,ERR,ERR,ERR,ERR,ERR,ERR,ERR,ERR,ERR,ERR,ERR,ERR,ERR,ERR,ERR,ERR,ERR,ERR,ERR,ERR,ERR,ERR,ERR,ERR,ERR,ERR,ERR,ERR,ERR,ERR,ERR,ERR,ERR,ERR,ERR,ERR,ERR,ERR,ERR,ERR,ERR,ERR,ERR,ERR,0.0,-107615384.0,-0.0,-4.9501291711397626e+32,nan,1.3936040501711995e+18,7.805,-0.0,0,0,4,48933,6720,14723890282496.0,100,0.0,0.0,0.0,-0.0,0.0,0,0,0,0,0.0,0,0,0,0,0,0,0,0,0,0,0,0,0,0,0,0,0,0,0,0,0,0,0,0,0,0,0,0,0,0,0,0,0,26,51,50,76,65476,0,300,0,0,8,21553,0.0,-107605600.0,0.0,0.0,0.0,0.0,0.0,0.0,0.0,0.0,0.0,0.0,0.0,0.0,0.0,0.0,0.0,0.0,0.0,0.0,0.0,0.0,2.004,-2.004,2.004,2.004,0.0,0.0,0.0,0.0,4815.0,-2.422986175150025e+24,7261.0,0.0,-107615384.0,2.7184303811560617e+23,0.0,0.0,0.0,0.0,0.0,77,-0.0,0.0,0.0,0.0,0.0,0.0,0.0,0.0,0.0,0,0,0,0.0,0.0,0.0,0.0,0.0,0.0,0.0,0.0,0.0,0.0,0.0,0.0,0.0,0.0,0.0,0.0,0,-107875648.0,77,0.0,154,0.0,2.6533865130338155e+23,ERR,ERR,ERR,ERR,ERR,ERR,ERR,ERR,ERR,ERR,ERR,ERR,ERR,ERR,ERR,ERR,ERR,ERR,ERR,ERR,ERR,ERR,ERR,ERR,ERR,ERR,ERR,ERR,ERR,ERR,ERR,ERR,ERR,ERR,ERR,ERR,ERR,ERR,ERR,ERR,ERR,ERR,ERR,ERR,ERR,ERR,ERR,ERR,ERR,ERR,ERR,ERR,ERR,ERR,ERR,ERR,ERR,ERR,ERR,ERR,ERR,ERR,ERR,ERR,ERR,ERR,ERR,34.0,80.0,35,0.0,0.0,0.0,0.0,0.0,0.0,0.0,0.0,0.0,0.0,0.0,0.0,0.0,0.0,0.0,0.0,66.0,0,119,57,53,65476,0,300,0,0,8,20529,65476,0,0,57672,80.0,0.0,0.0,0.0,0.0,0.0
2026-06-18T02:56:43,ERR,ERR,ERR,ERR,ERR,ERR,ERR,ERR,ERR,ERR,ERR,ERR,ERR,ERR,ERR,ERR,ERR,ERR,ERR,ERR,ERR,ERR,ERR,ERR,ERR,ERR,ERR,ERR,ERR,ERR,ERR,ERR,ERR,ERR,ERR,ERR,ERR,ERR,ERR,ERR,ERR,ERR,ERR,ERR,ERR,ERR,ERR,ERR,ERR,ERR,ERR,ERR,ERR,ERR,ERR,ERR,ERR,ERR,ERR,ERR,ERR,ERR,ERR,ERR,ERR,ERR,ERR,ERR,ERR,ERR,ERR,ERR,ERR,ERR,ERR,ERR,ERR,ERR,ERR,ERR,ERR,ERR,ERR,ERR,ERR,ERR,ERR,ERR,ERR,ERR,ERR,ERR,ERR,ERR,ERR,ERR,ERR,ERR,ERR,ERR,ERR,ERR,ERR,ERR,ERR,ERR,ERR,ERR,ERR,ERR,ERR,ERR,ERR,ERR,ERR,ERR,ERR,ERR,ERR,ERR,ERR,ERR,ERR,ERR,ERR,0.0,-107615384.0,-0.0,2.718290229135658e+23,nan,1.3936040501711995e+18,7.805,-12113.15,0,0,4,48936,6720,14723890282496.0,100,0.0,0.0,0.0,2.718290229135658e+23,0.0,0,0,0,0,0.0,0,0,0,0,0,0,0,0,0,0,0,0,0,0,0,0,0,0,0,0,0,0,0,0,0,0,0,0,0,0,0,0,0,26,51,50,76,65476,0,300,0,0,8,21553,0.0,-107605600.0,0.0,0.0,0.0,0.0,0.0,0.0,0.0,0.0,0.0,0.0,0.0,0.0,0.0,0.0,0.0,0.0,0.0,0.0,0.0,0.0,2.004,-2.004,2.004,0.0,0.0,0.0,0.0,0.0,4814.0,-1.0406646380929485e+34,7263.0,0.0,-107615384.0,0.0,0.0,0.0,0.0,0.0,0.0,77,-0.0,0.059,0.0,0.0,0.0,0.0,0.0,0.0,0.0,0,0,0,0.0,0.0,0.0,0.0,0.0,0.0,0.0,0.0,0.0,0.0,0.0,0.0,0.0,0.0,0.0,0.0,0,-107875648.0,77,0.0,154,0.0,2.6533865130338155e+23,ERR,ERR,ERR,ERR,ERR,ERR,ERR,ERR,ERR,ERR,ERR,ERR,ERR,ERR,ERR,ERR,ERR,ERR,ERR,ERR,ERR,ERR,ERR,ERR,ERR,ERR,ERR,ERR,ERR,ERR,ERR,ERR,ERR,ERR,ERR,ERR,ERR,ERR,ERR,ERR,ERR,ERR,ERR,ERR,ERR,ERR,ERR,ERR,ERR,ERR,ERR,ERR,ERR,ERR,ERR,ERR,ERR,ERR,ERR,ERR,ERR,ERR,ERR,ERR,ERR,ERR,ERR,34.0,80.0,35,0.0,0.0,0.0,0.0,0.0,0.0,0.0,0.0,0.0,0.0,0.0,0.0,0.0,0.0,0.0,0.0,65.6,0,119,57,53,65476,0,300,0,0,8,20529,65476,0,0,57672,80.0,0.0,0.0,0.0,0.0,0.0
2026-06-18T02:56:44,ERR,ERR,ERR,ERR,ERR,ERR,ERR,ERR,ERR,ERR,ERR,ERR,ERR,ERR,ERR,ERR,ERR,ERR,ERR,ERR,ERR,ERR,ERR,ERR,ERR,ERR,ERR,ERR,ERR,ERR,ERR,ERR,ERR,ERR,ERR,ERR,ERR,ERR,ERR,ERR,ERR,ERR,ERR,ERR,ERR,ERR,ERR,ERR,ERR,ERR,ERR,ERR,ERR,ERR,ERR,ERR,ERR,ERR,ERR,ERR,ERR,ERR,ERR,ERR,ERR,ERR,ERR,ERR,ERR,ERR,ERR,ERR,ERR,ERR,ERR,ERR,ERR,ERR,ERR,ERR,ERR,ERR,ERR,ERR,ERR,ERR,ERR,ERR,ERR,ERR,ERR,ERR,ERR,ERR,ERR,ERR,ERR,ERR,ERR,ERR,ERR,ERR,ERR,ERR,ERR,ERR,ERR,ERR,ERR,ERR,ERR,ERR,ERR,ERR,ERR,ERR,ERR,ERR,ERR,ERR,ERR,ERR,ERR,ERR,ERR,0.0,-107615384.0,-0.0,2.718290229135658e+23,nan,1.3936040501711995e+18,7.805,-12113.15,0,0,4,48936,6720,14723890282496.0,100,0.0,0.0,0.0,2.718290229135658e+23,0.0,0,0,0,0,0.0,0,0,0,0,0,0,0,0,0,0,0,0,0,0,0,0,0,0,0,0,0,0,0,0,0,0,0,0,0,0,0,0,0,26,51,50,76,65476,0,300,0,0,8,21553,0.0,-107605600.0,0.0,0.0,0.0,0.0,0.0,0.0,0.0,0.0,0.0,0.0,0.0,0.0,0.0,0.0,0.0,0.0,0.0,0.0,0.0,0.0,2.004,-2.004,2.004,0.0,0.0,0.0,0.0,0.0,4814.0,-1.0406646380929485e+34,7263.0,0.0,-107615384.0,0.0,0.0,0.0,0.0,0.0,0.0,77,-0.0,0.059,0.0,0.0,0.0,0.0,0.0,0.0,0.0,0,0,0,0.0,0.0,0.0,0.0,0.0,0.0,0.0,0.0,0.0,0.0,0.0,0.0,0.0,0.0,0.0,0.0,0,-107875648.0,77,0.0,154,0.0,2.6533865130338155e+23,ERR,ERR,ERR,ERR,ERR,ERR,ERR,ERR,ERR,ERR,ERR,ERR,ERR,ERR,ERR,ERR,ERR,ERR,ERR,ERR,ERR,ERR,ERR,ERR,ERR,ERR,ERR,ERR,ERR,ERR,ERR,ERR,ERR,ERR,ERR,ERR,ERR,ERR,ERR,ERR,ERR,ERR,ERR,ERR,ERR,ERR,ERR,ERR,ERR,ERR,ERR,ERR,ERR,ERR,ERR,ERR,ERR,ERR,ERR,ERR,ERR,ERR,ERR,ERR,ERR,ERR,ERR,34.0,80.0,35,0.0,0.0,0.0,0.0,0.0,0.0,0.0,0.0,0.0,0.0,0.0,0.0,0.0,0.0,0.0,0.0,65.6,0,119,57,53,65476,0,300,0,0,8,20529,65476,0,0,57672,80.0,0.0,0.0,0.0,0.0,0.0
2026-06-18T02:56:45,ERR,ERR,ERR,ERR,ERR,ERR,ERR,ERR,ERR,ERR,ERR,ERR,ERR,ERR,ERR,ERR,ERR,ERR,ERR,ERR,ERR,ERR,ERR,ERR,ERR,ERR,ERR,ERR,ERR,ERR,ERR,ERR,ERR,ERR,ERR,ERR,ERR,ERR,ERR,ERR,ERR,ERR,ERR,ERR,ERR,ERR,ERR,ERR,ERR,ERR,ERR,ERR,ERR,ERR,ERR,ERR,ERR,ERR,ERR,ERR,ERR,ERR,ERR,ERR,ERR,ERR,ERR,ERR,ERR,ERR,ERR,ERR,ERR,ERR,ERR,ERR,ERR,ERR,ERR,ERR,ERR,ERR,ERR,ERR,ERR,ERR,ERR,ERR,ERR,ERR,ERR,ERR,ERR,ERR,ERR,ERR,ERR,ERR,ERR,ERR,ERR,ERR,ERR,ERR,ERR,ERR,ERR,ERR,ERR,ERR,ERR,ERR,ERR,ERR,ERR,ERR,ERR,ERR,ERR,ERR,ERR,ERR,ERR,ERR,ERR,0.0,-107615384.0,-0.0,2.718290229135658e+23,nan,1.3936040501711995e+18,7.805,-12113.15,0,0,4,48936,6720,14723890282496.0,100,0.0,0.0,0.0,2.718290229135658e+23,0.0,0,0,0,0,0.0,0,0,0,0,0,0,0,0,0,0,0,0,0,0,0,0,0,0,0,0,0,0,0,0,0,0,0,0,0,0,0,0,0,26,51,50,76,65476,0,300,0,0,8,21553,0.0,-107605600.0,0.0,0.0,0.0,0.0,0.0,0.0,0.0,0.0,0.0,0.0,0.0,0.0,0.0,0.0,0.0,0.0,0.0,0.0,0.0,0.0,2.004,-2.004,2.004,0.0,0.0,0.0,0.0,0.0,4814.0,-1.0406646380929485e+34,7263.0,0.0,-107615384.0,0.0,0.0,0.0,0.0,0.0,0.0,77,-0.0,0.059,0.0,0.0,0.0,0.0,0.0,0.0,0.0,0,0,0,0.0,0.0,0.0,0.0,0.0,0.0,0.0,0.0,0.0,0.0,0.0,0.0,0.0,0.0,0.0,0.0,0,-107875648.0,77,0.0,154,0.0,2.6533865130338155e+23,ERR,ERR,ERR,ERR,ERR,ERR,ERR,ERR,ERR,ERR,ERR,ERR,ERR,ERR,ERR,ERR,ERR,ERR,ERR,ERR,ERR,ERR,ERR,ERR,ERR,ERR,ERR,ERR,ERR,ERR,ERR,ERR,ERR,ERR,ERR,ERR,ERR,ERR,ERR,ERR,ERR,ERR,ERR,ERR,ERR,ERR,ERR,ERR,ERR,ERR,ERR,ERR,ERR,ERR,ERR,ERR,ERR,ERR,ERR,ERR,ERR,ERR,ERR,ERR,ERR,ERR,ERR,34.0,80.0,35,0.0,0.0,0.0,0.0,0.0,0.0,0.0,0.0,0.0,0.0,0.0,0.0,0.0,0.0,0.0,0.0,65.6,0,119,57,53,65476,0,300,0,0,8,20529,65476,0,0,57672,80.0,0.0,0.0,0.0,0.0,0.0
2026-06-18T02:56:46,ERR,ERR,ERR,ERR,ERR,ERR,ERR,ERR,ERR,ERR,ERR,ERR,ERR,ERR,ERR,ERR,ERR,ERR,ERR,ERR,ERR,ERR,ERR,ERR,ERR,ERR,ERR,ERR,ERR,ERR,ERR,ERR,ERR,ERR,ERR,ERR,ERR,ERR,ERR,ERR,ERR,ERR,ERR,ERR,ERR,ERR,ERR,ERR,ERR,ERR,ERR,ERR,ERR,ERR,ERR,ERR,ERR,ERR,ERR,ERR,ERR,ERR,ERR,ERR,ERR,ERR,ERR,ERR,ERR,ERR,ERR,ERR,ERR,ERR,ERR,ERR,ERR,ERR,ERR,ERR,ERR,ERR,ERR,ERR,ERR,ERR,ERR,ERR,ERR,ERR,ERR,ERR,ERR,ERR,ERR,ERR,ERR,ERR,ERR,ERR,ERR,ERR,ERR,ERR,ERR,ERR,ERR,ERR,ERR,ERR,ERR,ERR,ERR,ERR,ERR,ERR,ERR,ERR,ERR,ERR,ERR,ERR,ERR,ERR,ERR,0.0,-107615384.0,-0.0,2.718290229135658e+23,nan,1.3936040501711995e+18,7.805,-12113.15,0,0,4,48936,6720,14723890282496.0,100,0.0,0.0,0.0,2.718290229135658e+23,0.0,0,0,0,0,0.0,0,0,0,0,0,0,0,0,0,0,0,0,0,0,0,0,0,0,0,0,0,0,0,0,0,0,0,0,0,0,0,0,0,26,51,50,76,65476,0,300,0,0,8,21553,0.0,-107605600.0,0.0,0.0,0.0,0.0,0.0,0.0,0.0,0.0,0.0,0.0,0.0,0.0,0.0,0.0,0.0,0.0,0.0,0.0,0.0,0.0,2.004,-2.004,2.004,0.0,0.0,0.0,0.0,0.0,4814.0,-1.0406646380929485e+34,7263.0,0.0,-107615384.0,0.0,0.0,0.0,0.0,0.0,0.0,77,-0.0,0.059,0.0,0.0,0.0,0.0,0.0,0.0,0.0,0,0,0,0.0,0.0,0.0,0.0,0.0,0.0,0.0,0.0,0.0,0.0,0.0,0.0,0.0,0.0,0.0,0.0,0,-107875648.0,77,0.0,154,0.0,2.6533865130338155e+23,ERR,ERR,ERR,ERR,ERR,ERR,ERR,ERR,ERR,ERR,ERR,ERR,ERR,ERR,ERR,ERR,ERR,ERR,ERR,ERR,ERR,ERR,ERR,ERR,ERR,ERR,ERR,ERR,ERR,ERR,ERR,ERR,ERR,ERR,ERR,ERR,ERR,ERR,ERR,ERR,ERR,ERR,ERR,ERR,ERR,ERR,ERR,ERR,ERR,ERR,ERR,ERR,ERR,ERR,ERR,ERR,ERR,ERR,ERR,ERR,ERR,ERR,ERR,ERR,ERR,ERR,ERR,34.0,80.0,35,0.0,0.0,0.0,0.0,0.0,0.0,0.0,0.0,0.0,0.0,0.0,0.0,0.0,0.0,0.0,0.0,65.6,0,119,57,53,65476,0,300,0,0,8,20529,65476,0,0,57672,80.0,0.0,0.0,0.0,0.0,0.0
2026-06-18T02:56:47,ERR,ERR,ERR,ERR,ERR,ERR,ERR,ERR,ERR,ERR,ERR,ERR,ERR,ERR,ERR,ERR,ERR,ERR,ERR,ERR,ERR,ERR,ERR,ERR,ERR,ERR,ERR,ERR,ERR,ERR,ERR,ERR,ERR,ERR,ERR,ERR,ERR,ERR,ERR,ERR,ERR,ERR,ERR,ERR,ERR,ERR,ERR,ERR,ERR,ERR,ERR,ERR,ERR,ERR,ERR,ERR,ERR,ERR,ERR,ERR,ERR,ERR,ERR,ERR,ERR,ERR,ERR,ERR,ERR,ERR,ERR,ERR,ERR,ERR,ERR,ERR,ERR,ERR,ERR,ERR,ERR,ERR,ERR,ERR,ERR,ERR,ERR,ERR,ERR,ERR,ERR,ERR,ERR,ERR,ERR,ERR,ERR,ERR,ERR,ERR,ERR,ERR,ERR,ERR,ERR,ERR,ERR,ERR,ERR,ERR,ERR,ERR,ERR,ERR,ERR,ERR,ERR,ERR,ERR,ERR,ERR,ERR,ERR,ERR,ERR,0.0,-107615384.0,-0.0,2.718290229135658e+23,nan,1.3936040501711995e+18,7.805,-12113.15,0,0,4,48936,6720,14723890282496.0,100,0.0,0.0,0.0,2.718290229135658e+23,0.0,0,0,0,0,0.0,0,0,0,0,0,0,0,0,0,0,0,0,0,0,0,0,0,0,0,0,0,0,0,0,0,0,0,0,0,0,0,0,0,26,51,50,76,65476,0,300,0,0,8,21553,0.0,-107605600.0,0.0,0.0,0.0,0.0,0.0,0.0,0.0,0.0,0.0,0.0,0.0,0.0,0.0,0.0,0.0,0.0,0.0,0.0,0.0,0.0,2.004,-2.004,2.004,0.0,0.0,0.0,0.0,0.0,4814.0,-1.0406646380929485e+34,7263.0,0.0,-107615384.0,0.0,0.0,0.0,0.0,0.0,0.0,77,-0.0,0.059,0.0,0.0,0.0,0.0,0.0,0.0,0.0,0,0,0,0.0,0.0,0.0,0.0,0.0,0.0,0.0,0.0,0.0,0.0,0.0,0.0,0.0,0.0,0.0,0.0,0,-107875648.0,77,0.0,154,0.0,2.6533865130338155e+23,ERR,ERR,ERR,ERR,ERR,ERR,ERR,ERR,ERR,ERR,ERR,ERR,ERR,ERR,ERR,ERR,ERR,ERR,ERR,ERR,ERR,ERR,ERR,ERR,ERR,ERR,ERR,ERR,ERR,ERR,ERR,ERR,ERR,ERR,ERR,ERR,ERR,ERR,ERR,ERR,ERR,ERR,ERR,ERR,ERR,ERR,ERR,ERR,ERR,ERR,ERR,ERR,ERR,ERR,ERR,ERR,ERR,ERR,ERR,ERR,ERR,ERR,ERR,ERR,ERR,ERR,ERR,34.0,80.0,35,0.0,0.0,0.0,0.0,0.0,0.0,0.0,0.0,0.0,0.0,0.0,0.0,0.0,0.0,0.0,0.0,65.6,0,119,57,53,65476,0,300,0,0,8,20529,65476,0,0,57672,80.0,0.0,0.0,0.0,0.0,0.0
2026-06-18T02:56:48,ERR,ERR,ERR,ERR,ERR,ERR,ERR,ERR,ERR,ERR,ERR,ERR,ERR,ERR,ERR,ERR,ERR,ERR,ERR,ERR,ERR,ERR,ERR,ERR,ERR,ERR,ERR,ERR,ERR,ERR,ERR,ERR,ERR,ERR,ERR,ERR,ERR,ERR,ERR,ERR,ERR,ERR,ERR,ERR,ERR,ERR,ERR,ERR,ERR,ERR,ERR,ERR,ERR,ERR,ERR,ERR,ERR,ERR,ERR,ERR,ERR,ERR,ERR,ERR,ERR,ERR,ERR,ERR,ERR,ERR,ERR,ERR,ERR,ERR,ERR,ERR,ERR,ERR,ERR,ERR,ERR,ERR,ERR,ERR,ERR,ERR,ERR,ERR,ERR,ERR,ERR,ERR,ERR,ERR,ERR,ERR,ERR,ERR,ERR,ERR,ERR,ERR,ERR,ERR,ERR,ERR,ERR,ERR,ERR,ERR,ERR,ERR,ERR,ERR,ERR,ERR,ERR,ERR,ERR,ERR,ERR,ERR,ERR,ERR,ERR,0.0,-107615384.0,-0.0,-0.0,nan,1.3936040501711995e+18,7.805,-0.0,0,0,4,48929,6720,14723890282496.0,100,0.0,0.0,0.0,0.0,0.0,0,0,0,0,0.0,0,0,0,0,0,0,0,0,0,0,0,0,0,0,0,0,0,0,0,0,0,0,0,0,0,0,0,0,0,0,0,0,0,26,51,50,76,65476,0,300,0,0,8,21553,0.0,-107605600.0,0.0,0.0,0.0,0.0,0.0,0.0,0.0,0.0,0.0,0.0,0.0,0.0,0.0,0.0,0.0,0.0,0.0,0.0,0.0,0.0,2.004,-2.004,2.004,0.0,0.0,0.0,0.0,0.0,4842.0,0.0,7232.0,0.0,-107615384.0,0.0,0.0,0.0,0.0,0.0,0.0,77,-0.0,0.059,0.0,0.0,0.0,0.0,0.0,0.0,0.0,0,0,0,0.0,0.0,0.0,0.0,0.0,0.0,0.0,0.0,0.0,0.0,0.0,0.0,0.0,0.0,0.0,0.0,0,-107875648.0,77,0.0,154,0.0,2.6533865130338155e+23,ERR,ERR,ERR,ERR,ERR,ERR,ERR,ERR,ERR,ERR,ERR,ERR,ERR,ERR,ERR,ERR,ERR,ERR,ERR,ERR,ERR,ERR,ERR,ERR,ERR,ERR,ERR,ERR,ERR,ERR,ERR,ERR,ERR,ERR,ERR,ERR,ERR,ERR,ERR,ERR,ERR,ERR,ERR,ERR,ERR,ERR,ERR,ERR,ERR,ERR,ERR,ERR,ERR,ERR,ERR,ERR,ERR,ERR,ERR,ERR,ERR,ERR,ERR,ERR,ERR,ERR,ERR,34.0,80.0,35,0.0,0.0,0.0,0.0,0.0,0.0,0.0,0.0,0.0,0.0,0.0,0.0,0.0,0.0,0.0,0.0,65.6,0,119,57,53,65476,0,300,0,0,8,20529,65476,0,0,57672,80.0,0.0,0.0,0.0,0.0,0.0
2026-06-18T02:56:49,ERR,ERR,ERR,ERR,ERR,ERR,ERR,ERR,ERR,ERR,ERR,ERR,ERR,ERR,ERR,ERR,ERR,ERR,ERR,ERR,ERR,ERR,ERR,ERR,ERR,ERR,ERR,ERR,ERR,ERR,ERR,ERR,ERR,ERR,ERR,ERR,ERR,ERR,ERR,ERR,ERR,ERR,ERR,ERR,ERR,ERR,ERR,ERR,ERR,ERR,ERR,ERR,ERR,ERR,ERR,ERR,ERR,ERR,ERR,ERR,ERR,ERR,ERR,ERR,ERR,ERR,ERR,ERR,ERR,ERR,ERR,ERR,ERR,ERR,ERR,ERR,ERR,ERR,ERR,ERR,ERR,ERR,ERR,ERR,ERR,ERR,ERR,ERR,ERR,ERR,ERR,ERR,ERR,ERR,ERR,ERR,ERR,ERR,ERR,ERR,ERR,ERR,ERR,ERR,ERR,ERR,ERR,ERR,ERR,ERR,ERR,ERR,ERR,ERR,ERR,ERR,ERR,ERR,ERR,ERR,ERR,ERR,ERR,ERR,ERR,0.0,-107615384.0,-0.0,-0.0,nan,1.3936040501711995e+18,7.805,-0.0,0,0,4,48929,6720,14723890282496.0,100,0.0,0.0,0.0,0.0,0.0,0,0,0,0,0.0,0,0,0,0,0,0,0,0,0,0,0,0,0,0,0,0,0,0,0,0,0,0,0,0,0,0,0,0,0,0,0,0,0,26,51,50,76,65476,0,300,0,0,8,21553,0.0,-107605600.0,0.0,0.0,0.0,0.0,0.0,0.0,0.0,0.0,0.0,0.0,0.0,0.0,0.0,0.0,0.0,0.0,0.0,0.0,0.0,0.0,2.004,-2.004,2.004,0.0,0.0,0.0,0.0,0.0,4842.0,0.0,7232.0,0.0,-107615384.0,0.0,0.0,0.0,0.0,0.0,0.0,77,-0.0,0.059,0.0,0.0,0.0,0.0,0.0,0.0,0.0,0,0,0,0.0,0.0,0.0,0.0,0.0,0.0,0.0,0.0,0.0,0.0,0.0,0.0,0.0,0.0,0.0,0.0,0,-107875648.0,77,0.0,154,0.0,2.6533865130338155e+23,ERR,ERR,ERR,ERR,ERR,ERR,ERR,ERR,ERR,ERR,ERR,ERR,ERR,ERR,ERR,ERR,ERR,ERR,ERR,ERR,ERR,ERR,ERR,ERR,ERR,ERR,ERR,ERR,ERR,ERR,ERR,ERR,ERR,ERR,ERR,ERR,ERR,ERR,ERR,ERR,ERR,ERR,ERR,ERR,ERR,ERR,ERR,ERR,ERR,ERR,ERR,ERR,ERR,ERR,ERR,ERR,ERR,ERR,ERR,ERR,ERR,ERR,ERR,ERR,ERR,ERR,ERR,34.0,80.0,35,0.0,0.0,0.0,0.0,0.0,0.0,0.0,0.0,0.0,0.0,0.0,0.0,0.0,0.0,0.0,0.0,65.6,0,119,57,53,65476,0,300,0,0,8,20529,65476,0,0,57672,80.0,0.0,0.0,0.0,0.0,0.0
2026-06-18T02:56:50,ERR,ERR,ERR,ERR,ERR,ERR,ERR,ERR,ERR,ERR,ERR,ERR,ERR,ERR,ERR,ERR,ERR,ERR,ERR,ERR,ERR,ERR,ERR,ERR,ERR,ERR,ERR,ERR,ERR,ERR,ERR,ERR,ERR,ERR,ERR,ERR,ERR,ERR,ERR,ERR,ERR,ERR,ERR,ERR,ERR,ERR,ERR,ERR,ERR,ERR,ERR,ERR,ERR,ERR,ERR,ERR,ERR,ERR,ERR,ERR,ERR,ERR,ERR,ERR,ERR,ERR,ERR,ERR,ERR,ERR,ERR,ERR,ERR,ERR,ERR,ERR,ERR,ERR,ERR,ERR,ERR,ERR,ERR,ERR,ERR,ERR,ERR,ERR,ERR,ERR,ERR,ERR,ERR,ERR,ERR,ERR,ERR,ERR,ERR,ERR,ERR,ERR,ERR,ERR,ERR,ERR,ERR,ERR,ERR,ERR,ERR,ERR,ERR,ERR,ERR,ERR,ERR,ERR,ERR,ERR,ERR,ERR,ERR,ERR,ERR,0.0,-107615384.0,-0.0,-0.0,nan,1.3936040501711995e+18,7.805,-0.0,0,0,4,48929,6720,14723890282496.0,100,0.0,0.0,0.0,0.0,0.0,0,0,0,0,0.0,0,0,0,0,0,0,0,0,0,0,0,0,0,0,0,0,0,0,0,0,0,0,0,0,0,0,0,0,0,0,0,0,0,26,51,50,76,65476,0,300,0,0,8,21553,0.0,-107605600.0,0.0,0.0,0.0,0.0,0.0,0.0,0.0,0.0,0.0,0.0,0.0,0.0,0.0,0.0,0.0,0.0,0.0,0.0,0.0,0.0,2.004,-2.004,2.004,0.0,0.0,0.0,0.0,0.0,4842.0,0.0,7232.0,0.0,-107615384.0,0.0,0.0,0.0,0.0,0.0,0.0,77,-0.0,0.059,0.0,0.0,0.0,0.0,0.0,0.0,0.0,0,0,0,0.0,0.0,0.0,0.0,0.0,0.0,0.0,0.0,0.0,0.0,0.0,0.0,0.0,0.0,0.0,0.0,0,-107875648.0,77,0.0,154,0.0,2.6533865130338155e+23,ERR,ERR,ERR,ERR,ERR,ERR,ERR,ERR,ERR,ERR,ERR,ERR,ERR,ERR,ERR,ERR,ERR,ERR,ERR,ERR,ERR,ERR,ERR,ERR,ERR,ERR,ERR,ERR,ERR,ERR,ERR,ERR,ERR,ERR,ERR,ERR,ERR,ERR,ERR,ERR,ERR,ERR,ERR,ERR,ERR,ERR,ERR,ERR,ERR,ERR,ERR,ERR,ERR,ERR,ERR,ERR,ERR,ERR,ERR,ERR,ERR,ERR,ERR,ERR,ERR,ERR,ERR,34.0,80.0,35,0.0,0.0,0.0,0.0,0.0,0.0,0.0,0.0,0.0,0.0,0.0,0.0,0.0,0.0,0.0,0.0,65.6,0,119,57,53,65476,0,300,0,0,8,20529,65476,0,0,57672,80.0,0.0,0.0,0.0,0.0,0.0
2026-06-18T02:56:51,ERR,ERR,ERR,ERR,ERR,ERR,ERR,ERR,ERR,ERR,ERR,ERR,ERR,ERR,ERR,ERR,ERR,ERR,ERR,ERR,ERR,ERR,ERR,ERR,ERR,ERR,ERR,ERR,ERR,ERR,ERR,ERR,ERR,ERR,ERR,ERR,ERR,ERR,ERR,ERR,ERR,ERR,ERR,ERR,ERR,ERR,ERR,ERR,ERR,ERR,ERR,ERR,ERR,ERR,ERR,ERR,ERR,ERR,ERR,ERR,ERR,ERR,ERR,ERR,ERR,ERR,ERR,ERR,ERR,ERR,ERR,ERR,ERR,ERR,ERR,ERR,ERR,ERR,ERR,ERR,ERR,ERR,ERR,ERR,ERR,ERR,ERR,ERR,ERR,ERR,ERR,ERR,ERR,ERR,ERR,ERR,ERR,ERR,ERR,ERR,ERR,ERR,ERR,ERR,ERR,ERR,ERR,ERR,ERR,ERR,ERR,ERR,ERR,ERR,ERR,ERR,ERR,ERR,ERR,ERR,ERR,ERR,ERR,ERR,ERR,0.0,-107615384.0,-0.0,-0.0,nan,1.3936040501711995e+18,7.805,-0.0,0,0,4,48929,6720,14723890282496.0,100,0.0,0.0,0.0,0.0,0.0,0,0,0,0,0.0,0,0,0,0,0,0,0,0,0,0,0,0,0,0,0,0,0,0,0,0,0,0,0,0,0,0,0,0,0,0,0,0,0,26,51,50,76,65476,0,300,0,0,8,21553,0.0,-107605600.0,0.0,0.0,0.0,0.0,0.0,0.0,0.0,0.0,0.0,0.0,0.0,0.0,0.0,0.0,0.0,0.0,0.0,0.0,0.0,0.0,2.004,-2.004,2.004,0.0,0.0,0.0,0.0,0.0,4842.0,0.0,7232.0,0.0,-107615384.0,0.0,0.0,0.0,0.0,0.0,0.0,77,-0.0,0.059,0.0,0.0,0.0,0.0,0.0,0.0,0.0,0,0,0,0.0,0.0,0.0,0.0,0.0,0.0,0.0,0.0,0.0,0.0,0.0,0.0,0.0,0.0,0.0,0.0,0,-107875648.0,77,0.0,154,0.0,2.6533865130338155e+23,ERR,ERR,ERR,ERR,ERR,ERR,ERR,ERR,ERR,ERR,ERR,ERR,ERR,ERR,ERR,ERR,ERR,ERR,ERR,ERR,ERR,ERR,ERR,ERR,ERR,ERR,ERR,ERR,ERR,ERR,ERR,ERR,ERR,ERR,ERR,ERR,ERR,ERR,ERR,ERR,ERR,ERR,ERR,ERR,ERR,ERR,ERR,ERR,ERR,ERR,ERR,ERR,ERR,ERR,ERR,ERR,ERR,ERR,ERR,ERR,ERR,ERR,ERR,ERR,ERR,ERR,ERR,34.0,80.0,35,0.0,0.0,0.0,0.0,0.0,0.0,0.0,0.0,0.0,0.0,0.0,0.0,0.0,0.0,0.0,0.0,66.4,0,119,57,53,65476,0,300,0,0,8,20529,65476,0,0,57672,80.0,0.0,0.0,0.0,0.0,0.0
2026-06-18T02:56:52,ERR,ERR,ERR,ERR,ERR,ERR,ERR,ERR,ERR,ERR,ERR,ERR,ERR,ERR,ERR,ERR,ERR,ERR,ERR,ERR,ERR,ERR,ERR,ERR,ERR,ERR,ERR,ERR,ERR,ERR,ERR,ERR,ERR,ERR,ERR,ERR,ERR,ERR,ERR,ERR,ERR,ERR,ERR,ERR,ERR,ERR,ERR,ERR,ERR,ERR,ERR,ERR,ERR,ERR,ERR,ERR,ERR,ERR,ERR,ERR,ERR,ERR,ERR,ERR,ERR,ERR,ERR,ERR,ERR,ERR,ERR,ERR,ERR,ERR,ERR,ERR,ERR,ERR,ERR,ERR,ERR,ERR,ERR,ERR,ERR,ERR,ERR,ERR,ERR,ERR,ERR,ERR,ERR,ERR,ERR,ERR,ERR,ERR,ERR,ERR,ERR,ERR,ERR,ERR,ERR,ERR,ERR,ERR,ERR,ERR,ERR,ERR,ERR,ERR,ERR,ERR,ERR,ERR,ERR,ERR,ERR,ERR,ERR,ERR,ERR,0.0,-107615384.0,-0.0,-0.0,nan,1.3936040501711995e+18,7.805,-0.0,0,0,4,48929,6720,14723890282496.0,100,0.0,0.0,0.0,0.0,0.0,0,0,0,0,0.0,0,0,0,0,0,0,0,0,0,0,0,0,0,0,0,0,0,0,0,0,0,0,0,0,0,0,0,0,0,0,0,0,0,26,51,50,76,65476,0,300,0,0,8,21553,0.0,-107605600.0,0.0,0.0,0.0,0.0,0.0,0.0,0.0,0.0,0.0,0.0,0.0,0.0,0.0,0.0,0.0,0.0,0.0,0.0,0.0,0.0,2.004,-2.004,2.004,0.0,0.0,0.0,0.0,0.0,4842.0,0.0,7232.0,0.0,-107615384.0,0.0,0.0,0.0,0.0,0.0,0.0,77,-0.0,0.059,0.0,0.0,0.0,0.0,0.0,0.0,0.0,0,0,0,0.0,0.0,0.0,0.0,0.0,0.0,0.0,0.0,0.0,0.0,0.0,0.0,0.0,0.0,0.0,0.0,0,-107875648.0,77,0.0,154,0.0,2.6533865130338155e+23,ERR,ERR,ERR,ERR,ERR,ERR,ERR,ERR,ERR,ERR,ERR,ERR,ERR,ERR,ERR,ERR,ERR,ERR,ERR,ERR,ERR,ERR,ERR,ERR,ERR,ERR,ERR,ERR,ERR,ERR,ERR,ERR,ERR,ERR,ERR,ERR,ERR,ERR,ERR,ERR,ERR,ERR,ERR,ERR,ERR,ERR,ERR,ERR,ERR,ERR,ERR,ERR,ERR,ERR,ERR,ERR,ERR,ERR,ERR,ERR,ERR,ERR,ERR,ERR,ERR,ERR,ERR,34.0,80.0,35,0.0,0.0,0.0,0.0,0.0,0.0,0.0,0.0,0.0,0.0,0.0,0.0,0.0,0.0,0.0,0.0,66.4,0,119,57,53,65476,0,300,0,0,8,20529,65476,0,0,57672,80.0,0.0,0.0,0.0,0.0,0.0
2026-06-18T02:56:53,ERR,ERR,ERR,ERR,ERR,ERR,ERR,ERR,ERR,ERR,ERR,ERR,ERR,ERR,ERR,ERR,ERR,ERR,ERR,ERR,ERR,ERR,ERR,ERR,ERR,ERR,ERR,ERR,ERR,ERR,ERR,ERR,ERR,ERR,ERR,ERR,ERR,ERR,ERR,ERR,ERR,ERR,ERR,ERR,ERR,ERR,ERR,ERR,ERR,ERR,ERR,ERR,ERR,ERR,ERR,ERR,ERR,ERR,ERR,ERR,ERR,ERR,ERR,ERR,ERR,ERR,ERR,ERR,ERR,ERR,ERR,ERR,ERR,ERR,ERR,ERR,ERR,ERR,ERR,ERR,ERR,ERR,ERR,ERR,ERR,ERR,ERR,ERR,ERR,ERR,ERR,ERR,ERR,ERR,ERR,ERR,ERR,ERR,ERR,ERR,ERR,ERR,ERR,ERR,ERR,ERR,ERR,ERR,ERR,ERR,ERR,ERR,ERR,ERR,ERR,ERR,ERR,ERR,ERR,ERR,ERR,ERR,ERR,ERR,ERR,0.0,-107615384.0,-0.0,-0.0,nan,1.3936040501711995e+18,7.805,-0.0,0,0,4,48929,6720,14723890282496.0,100,0.0,0.0,0.0,0.0,0.0,0,0,0,0,0.0,0,0,0,0,0,0,0,0,0,0,0,0,0,0,0,0,0,0,0,0,0,0,0,0,0,0,0,0,0,0,0,0,0,26,51,50,76,65476,0,300,0,0,8,21553,0.0,-107605600.0,0.0,0.0,0.0,0.0,0.0,0.0,0.0,0.0,0.0,0.0,0.0,0.0,0.0,0.0,0.0,0.0,0.0,0.0,0.0,0.0,2.004,-2.004,2.004,0.0,0.0,0.0,0.0,0.0,4842.0,0.0,7232.0,0.0,-107615384.0,0.0,0.0,0.0,0.0,0.0,0.0,77,-0.0,0.059,0.0,0.0,0.0,0.0,0.0,0.0,0.0,0,0,0,0.0,0.0,0.0,0.0,0.0,0.0,0.0,0.0,0.0,0.0,0.0,0.0,0.0,0.0,0.0,0.0,0,-107875648.0,77,0.0,154,0.0,2.6533865130338155e+23,ERR,ERR,ERR,ERR,ERR,ERR,ERR,ERR,ERR,ERR,ERR,ERR,ERR,ERR,ERR,ERR,ERR,ERR,ERR,ERR,ERR,ERR,ERR,ERR,ERR,ERR,ERR,ERR,ERR,ERR,ERR,ERR,ERR,ERR,ERR,ERR,ERR,ERR,ERR,ERR,ERR,ERR,ERR,ERR,ERR,ERR,ERR,ERR,ERR,ERR,ERR,ERR,ERR,ERR,ERR,ERR,ERR,ERR,ERR,ERR,ERR,ERR,ERR,ERR,ERR,ERR,ERR,34.0,80.0,35,0.0,0.0,0.0,0.0,0.0,0.0,0.0,0.0,0.0,0.0,0.0,0.0,0.0,0.0,0.0,0.0,65.6,0,119,57,53,65476,0,300,0,0,8,20529,65476,0,0,57672,80.0,0.0,0.0,0.0,0.0,0.0
2026-06-18T02:56:54,ERR,ERR,ERR,ERR,ERR,ERR,ERR,ERR,ERR,ERR,ERR,ERR,ERR,ERR,ERR,ERR,ERR,ERR,ERR,ERR,ERR,ERR,ERR,ERR,ERR,ERR,ERR,ERR,ERR,ERR,ERR,ERR,ERR,ERR,ERR,ERR,ERR,ERR,ERR,ERR,ERR,ERR,ERR,ERR,ERR,ERR,ERR,ERR,ERR,ERR,ERR,ERR,ERR,ERR,ERR,ERR,ERR,ERR,ERR,ERR,ERR,ERR,ERR,ERR,ERR,ERR,ERR,ERR,ERR,ERR,ERR,ERR,ERR,ERR,ERR,ERR,ERR,ERR,ERR,ERR,ERR,ERR,ERR,ERR,ERR,ERR,ERR,ERR,ERR,ERR,ERR,ERR,ERR,ERR,ERR,ERR,ERR,ERR,ERR,ERR,ERR,ERR,ERR,ERR,ERR,ERR,ERR,ERR,ERR,ERR,ERR,ERR,ERR,ERR,ERR,ERR,ERR,ERR,ERR,ERR,ERR,ERR,ERR,ERR,ERR,0.0,-107615384.0,-0.0,0.0,nan,1.3936040501711995e+18,7.805,118629576.0,0,0,4,48936,6720,14723890282496.0,100,0.0,0.0,0.0,-4.9501291711397626e+32,0.0,0,0,0,0,0.0,0,0,0,0,0,0,0,0,0,0,0,0,0,0,0,0,0,0,0,0,0,0,0,0,0,0,0,0,0,0,0,0,0,26,51,50,76,65476,0,300,0,0,8,21553,0.0,-107605600.0,0.0,0.0,0.0,0.0,0.0,0.0,0.0,0.0,0.0,0.0,0.0,0.0,0.0,0.0,0.0,0.0,0.0,0.0,0.0,0.0,2.004,-2.004,2.004,0.0,0.0,0.0,0.0,0.0,4813.0,-1.0406646380929485e+34,7260.0,0.0,-107615384.0,0.0,0.0,0.0,0.0,0.0,0.0,77,-0.0,0.0,0.0,0.0,0.0,0.0,0.0,0.0,0.0,0,0,0,0.0,0.0,0.0,0.0,0.0,0.0,0.0,0.0,0.0,0.0,0.0,0.0,0.0,0.0,0.0,0.0,0,-107875648.0,77,0.0,154,0.0,2.6533865130338155e+23,ERR,ERR,ERR,ERR,ERR,ERR,ERR,ERR,ERR,ERR,ERR,ERR,ERR,ERR,ERR,ERR,ERR,ERR,ERR,ERR,ERR,ERR,ERR,ERR,ERR,ERR,ERR,ERR,ERR,ERR,ERR,ERR,ERR,ERR,ERR,ERR,ERR,ERR,ERR,ERR,ERR,ERR,ERR,ERR,ERR,ERR,ERR,ERR,ERR,ERR,ERR,ERR,ERR,ERR,ERR,ERR,ERR,ERR,ERR,ERR,ERR,ERR,ERR,ERR,ERR,ERR,ERR,34.0,80.0,35,0.0,0.0,0.0,0.0,0.0,0.0,0.0,0.0,0.0,0.0,0.0,0.0,0.0,0.0,0.0,0.0,65.6,0,119,57,53,65476,0,300,0,0,8,20529,65476,0,0,57672,80.0,0.0,0.0,0.0,0.0,0.0
2026-06-18T02:56:55,ERR,ERR,ERR,ERR,ERR,ERR,ERR,ERR,ERR,ERR,ERR,ERR,ERR,ERR,ERR,ERR,ERR,ERR,ERR,ERR,ERR,ERR,ERR,ERR,ERR,ERR,ERR,ERR,ERR,ERR,ERR,ERR,ERR,ERR,ERR,ERR,ERR,ERR,ERR,ERR,ERR,ERR,ERR,ERR,ERR,ERR,ERR,ERR,ERR,ERR,ERR,ERR,ERR,ERR,ERR,ERR,ERR,ERR,ERR,ERR,ERR,ERR,ERR,ERR,ERR,ERR,ERR,ERR,ERR,ERR,ERR,ERR,ERR,ERR,ERR,ERR,ERR,ERR,ERR,ERR,ERR,ERR,ERR,ERR,ERR,ERR,ERR,ERR,ERR,ERR,ERR,ERR,ERR,ERR,ERR,ERR,ERR,ERR,ERR,ERR,ERR,ERR,ERR,ERR,ERR,ERR,ERR,ERR,ERR,ERR,ERR,ERR,ERR,ERR,ERR,ERR,ERR,ERR,ERR,ERR,ERR,ERR,ERR,ERR,ERR,0.0,-107615384.0,-0.0,0.0,nan,1.3936040501711995e+18,7.805,118629576.0,0,0,4,48936,6720,14723890282496.0,100,0.0,0.0,0.0,-4.9501291711397626e+32,0.0,0,0,0,0,0.0,0,0,0,0,0,0,0,0,0,0,0,0,0,0,0,0,0,0,0,0,0,0,0,0,0,0,0,0,0,0,0,0,0,26,51,50,76,65476,0,300,0,0,8,21553,0.0,-107605600.0,0.0,0.0,0.0,0.0,0.0,0.0,0.0,0.0,0.0,0.0,0.0,0.0,0.0,0.0,0.0,0.0,0.0,0.0,0.0,0.0,2.004,-2.004,2.004,0.0,0.0,0.0,0.0,0.0,4813.0,-1.0406646380929485e+34,7260.0,0.0,-107615384.0,0.0,0.0,0.0,0.0,0.0,0.0,77,-0.0,0.0,0.0,0.0,0.0,0.0,0.0,0.0,0.0,0,0,0,0.0,0.0,0.0,0.0,0.0,0.0,0.0,0.0,0.0,0.0,0.0,0.0,0.0,0.0,0.0,0.0,0,-107875648.0,77,0.0,154,0.0,2.6533865130338155e+23,ERR,ERR,ERR,ERR,ERR,ERR,ERR,ERR,ERR,ERR,ERR,ERR,ERR,ERR,ERR,ERR,ERR,ERR,ERR,ERR,ERR,ERR,ERR,ERR,ERR,ERR,ERR,ERR,ERR,ERR,ERR,ERR,ERR,ERR,ERR,ERR,ERR,ERR,ERR,ERR,ERR,ERR,ERR,ERR,ERR,ERR,ERR,ERR,ERR,ERR,ERR,ERR,ERR,ERR,ERR,ERR,ERR,ERR,ERR,ERR,ERR,ERR,ERR,ERR,ERR,ERR,ERR,34.0,80.0,35,0.0,0.0,0.0,0.0,0.0,0.0,0.0,0.0,0.0,0.0,0.0,0.0,0.0,0.0,0.0,0.0,65.6,0,119,57,53,65476,0,300,0,0,8,20529,65476,0,0,57672,80.0,0.0,0.0,0.0,0.0,0.0
2026-06-18T02:56:56,ERR,ERR,ERR,ERR,ERR,ERR,ERR,ERR,ERR,ERR,ERR,ERR,ERR,ERR,ERR,ERR,ERR,ERR,ERR,ERR,ERR,ERR,ERR,ERR,ERR,ERR,ERR,ERR,ERR,ERR,ERR,ERR,ERR,ERR,ERR,ERR,ERR,ERR,ERR,ERR,ERR,ERR,ERR,ERR,ERR,ERR,ERR,ERR,ERR,ERR,ERR,ERR,ERR,ERR,ERR,ERR,ERR,ERR,ERR,ERR,ERR,ERR,ERR,ERR,ERR,ERR,ERR,ERR,ERR,ERR,ERR,ERR,ERR,ERR,ERR,ERR,ERR,ERR,ERR,ERR,ERR,ERR,ERR,ERR,ERR,ERR,ERR,ERR,ERR,ERR,ERR,ERR,ERR,ERR,ERR,ERR,ERR,ERR,ERR,ERR,ERR,ERR,ERR,ERR,ERR,ERR,ERR,ERR,ERR,ERR,ERR,ERR,ERR,ERR,ERR,ERR,ERR,ERR,ERR,ERR,ERR,ERR,ERR,ERR,ERR,0.0,-107615384.0,-0.0,0.0,nan,1.3936040501711995e+18,7.805,118629576.0,0,0,4,48936,6720,14723890282496.0,100,0.0,0.0,0.0,-4.9501291711397626e+32,0.0,0,0,0,0,0.0,0,0,0,0,0,0,0,0,0,0,0,0,0,0,0,0,0,0,0,0,0,0,0,0,0,0,0,0,0,0,0,0,0,26,51,50,76,65476,0,300,0,0,8,21553,0.0,-107605600.0,0.0,0.0,0.0,0.0,0.0,0.0,0.0,0.0,0.0,0.0,0.0,0.0,0.0,0.0,0.0,0.0,0.0,0.0,0.0,0.0,2.004,-2.004,2.004,0.0,0.0,0.0,0.0,0.0,4813.0,-1.0406646380929485e+34,7260.0,0.0,-107615384.0,0.0,0.0,0.0,0.0,0.0,0.0,77,-0.0,0.0,0.0,0.0,0.0,0.0,0.0,0.0,0.0,0,0,0,0.0,0.0,0.0,0.0,0.0,0.0,0.0,0.0,0.0,0.0,0.0,0.0,0.0,0.0,0.0,0.0,0,-107875648.0,77,0.0,154,0.0,2.6533865130338155e+23,ERR,ERR,ERR,ERR,ERR,ERR,ERR,ERR,ERR,ERR,ERR,ERR,ERR,ERR,ERR,ERR,ERR,ERR,ERR,ERR,ERR,ERR,ERR,ERR,ERR,ERR,ERR,ERR,ERR,ERR,ERR,ERR,ERR,ERR,ERR,ERR,ERR,ERR,ERR,ERR,ERR,ERR,ERR,ERR,ERR,ERR,ERR,ERR,ERR,ERR,ERR,ERR,ERR,ERR,ERR,ERR,ERR,ERR,ERR,ERR,ERR,ERR,ERR,ERR,ERR,ERR,ERR,34.0,80.0,35,0.0,0.0,0.0,0.0,0.0,0.0,0.0,0.0,0.0,0.0,0.0,0.0,0.0,0.0,0.0,0.0,65.6,0,119,57,53,65476,0,300,0,0,8,20529,65476,0,0,57672,80.0,0.0,0.0,0.0,0.0,0.0
2026-06-18T02:56:57,ERR,ERR,ERR,ERR,ERR,ERR,ERR,ERR,ERR,ERR,ERR,ERR,ERR,ERR,ERR,ERR,ERR,ERR,ERR,ERR,ERR,ERR,ERR,ERR,ERR,ERR,ERR,ERR,ERR,ERR,ERR,ERR,ERR,ERR,ERR,ERR,ERR,ERR,ERR,ERR,ERR,ERR,ERR,ERR,ERR,ERR,ERR,ERR,ERR,ERR,ERR,ERR,ERR,ERR,ERR,ERR,ERR,ERR,ERR,ERR,ERR,ERR,ERR,ERR,ERR,ERR,ERR,ERR,ERR,ERR,ERR,ERR,ERR,ERR,ERR,ERR,ERR,ERR,ERR,ERR,ERR,ERR,ERR,ERR,ERR,ERR,ERR,ERR,ERR,ERR,ERR,ERR,ERR,ERR,ERR,ERR,ERR,ERR,ERR,ERR,ERR,ERR,ERR,ERR,ERR,ERR,ERR,ERR,ERR,ERR,ERR,ERR,ERR,ERR,ERR,ERR,ERR,ERR,ERR,ERR,ERR,ERR,ERR,ERR,ERR,0.0,-107615384.0,-0.0,0.0,nan,1.3936040501711995e+18,7.805,118629576.0,0,0,4,48936,6720,14723890282496.0,100,0.0,0.0,0.0,-4.9501291711397626e+32,0.0,0,0,0,0,0.0,0,0,0,0,0,0,0,0,0,0,0,0,0,0,0,0,0,0,0,0,0,0,0,0,0,0,0,0,0,0,0,0,0,26,51,50,76,65476,0,300,0,0,8,21553,0.0,-107605600.0,0.0,0.0,0.0,0.0,0.0,0.0,0.0,0.0,0.0,0.0,0.0,0.0,0.0,0.0,0.0,0.0,0.0,0.0,0.0,0.0,2.004,-2.004,2.004,0.0,0.0,0.0,0.0,0.0,4813.0,-1.0406646380929485e+34,7260.0,0.0,-107615384.0,0.0,0.0,0.0,0.0,0.0,0.0,77,-0.0,0.0,0.0,0.0,0.0,0.0,0.0,0.0,0.0,0,0,0,0.0,0.0,0.0,0.0,0.0,0.0,0.0,0.0,0.0,0.0,0.0,0.0,0.0,0.0,0.0,0.0,0,-107875648.0,77,0.0,154,0.0,2.6533865130338155e+23,ERR,ERR,ERR,ERR,ERR,ERR,ERR,ERR,ERR,ERR,ERR,ERR,ERR,ERR,ERR,ERR,ERR,ERR,ERR,ERR,ERR,ERR,ERR,ERR,ERR,ERR,ERR,ERR,ERR,ERR,ERR,ERR,ERR,ERR,ERR,ERR,ERR,ERR,ERR,ERR,ERR,ERR,ERR,ERR,ERR,ERR,ERR,ERR,ERR,ERR,ERR,ERR,ERR,ERR,ERR,ERR,ERR,ERR,ERR,ERR,ERR,ERR,ERR,ERR,ERR,ERR,ERR,34.0,80.0,35,0.0,0.0,0.0,0.0,0.0,0.0,0.0,0.0,0.0,0.0,0.0,0.0,0.0,0.0,0.0,0.0,65.6,0,119,57,53,65476,0,300,0,0,8,20529,65476,0,0,57672,80.0,0.0,0.0,0.0,0.0,0.0
2026-06-18T02:56:58,ERR,ERR,ERR,ERR,ERR,ERR,ERR,ERR,ERR,ERR,ERR,ERR,ERR,ERR,ERR,ERR,ERR,ERR,ERR,ERR,ERR,ERR,ERR,ERR,ERR,ERR,ERR,ERR,ERR,ERR,ERR,ERR,ERR,ERR,ERR,ERR,ERR,ERR,ERR,ERR,ERR,ERR,ERR,ERR,ERR,ERR,ERR,ERR,ERR,ERR,ERR,ERR,ERR,ERR,ERR,ERR,ERR,ERR,ERR,ERR,ERR,ERR,ERR,ERR,ERR,ERR,ERR,ERR,ERR,ERR,ERR,ERR,ERR,ERR,ERR,ERR,ERR,ERR,ERR,ERR,ERR,ERR,ERR,ERR,ERR,ERR,ERR,ERR,ERR,ERR,ERR,ERR,ERR,ERR,ERR,ERR,ERR,ERR,ERR,ERR,ERR,ERR,ERR,ERR,ERR,ERR,ERR,ERR,ERR,ERR,ERR,ERR,ERR,ERR,ERR,ERR,ERR,ERR,ERR,ERR,ERR,ERR,ERR,ERR,ERR,0.0,-107615384.0,-0.0,0.0,nan,1.3936040501711995e+18,7.805,118629576.0,0,0,4,48936,6720,14723890282496.0,100,0.0,0.0,0.0,-4.9501291711397626e+32,0.0,0,0,0,0,0.0,0,0,0,0,0,0,0,0,0,0,0,0,0,0,0,0,0,0,0,0,0,0,0,0,0,0,0,0,0,0,0,0,0,26,51,50,76,65476,0,300,0,0,8,21553,0.0,-107605600.0,0.0,0.0,0.0,0.0,0.0,0.0,0.0,0.0,0.0,0.0,0.0,0.0,0.0,0.0,0.0,0.0,0.0,0.0,0.0,0.0,2.004,-2.004,2.004,0.0,0.0,0.0,0.0,0.0,4813.0,-1.0406646380929485e+34,7260.0,0.0,-107615384.0,0.0,0.0,0.0,0.0,0.0,0.0,77,-0.0,0.0,0.0,0.0,0.0,0.0,0.0,0.0,0.0,0,0,0,0.0,0.0,0.0,0.0,0.0,0.0,0.0,0.0,0.0,0.0,0.0,0.0,0.0,0.0,0.0,0.0,0,-107875648.0,77,0.0,154,0.0,2.6533865130338155e+23,ERR,ERR,ERR,ERR,ERR,ERR,ERR,ERR,ERR,ERR,ERR,ERR,ERR,ERR,ERR,ERR,ERR,ERR,ERR,ERR,ERR,ERR,ERR,ERR,ERR,ERR,ERR,ERR,ERR,ERR,ERR,ERR,ERR,ERR,ERR,ERR,ERR,ERR,ERR,ERR,ERR,ERR,ERR,ERR,ERR,ERR,ERR,ERR,ERR,ERR,ERR,ERR,ERR,ERR,ERR,ERR,ERR,ERR,ERR,ERR,ERR,ERR,ERR,ERR,ERR,ERR,ERR,34.0,80.0,35,0.0,0.0,0.0,0.0,0.0,0.0,0.0,0.0,0.0,0.0,0.0,0.0,0.0,0.0,0.0,0.0,65.6,0,119,57,53,65476,0,300,0,0,8,20529,65476,0,0,57672,80.0,0.0,0.0,0.0,0.0,0.0
2026-06-18T02:56:59,ERR,ERR,ERR,ERR,ERR,ERR,ERR,ERR,ERR,ERR,ERR,ERR,ERR,ERR,ERR,ERR,ERR,ERR,ERR,ERR,ERR,ERR,ERR,ERR,ERR,ERR,ERR,ERR,ERR,ERR,ERR,ERR,ERR,ERR,ERR,ERR,ERR,ERR,ERR,ERR,ERR,ERR,ERR,ERR,ERR,ERR,ERR,ERR,ERR,ERR,ERR,ERR,ERR,ERR,ERR,ERR,ERR,ERR,ERR,ERR,ERR,ERR,ERR,ERR,ERR,ERR,ERR,ERR,ERR,ERR,ERR,ERR,ERR,ERR,ERR,ERR,ERR,ERR,ERR,ERR,ERR,ERR,ERR,ERR,ERR,ERR,ERR,ERR,ERR,ERR,ERR,ERR,ERR,ERR,ERR,ERR,ERR,ERR,ERR,ERR,ERR,ERR,ERR,ERR,ERR,ERR,ERR,ERR,ERR,ERR,ERR,ERR,ERR,ERR,ERR,ERR,ERR,ERR,ERR,ERR,ERR,ERR,ERR,ERR,ERR,0.0,-107615384.0,-0.0,-4.9501291711397626e+32,nan,1.3936040501711995e+18,7.805,-0.0,0,0,4,48933,6720,14723890282496.0,100,0.0,0.0,0.0,-0.0,0.0,0,0,0,0,0.0,0,0,0,0,0,0,0,0,0,0,0,0,0,0,0,0,0,0,0,0,0,0,0,0,0,0,0,0,0,0,0,0,0,26,51,50,76,65476,0,300,0,0,8,21553,0.0,-107605600.0,0.0,0.0,0.0,0.0,0.0,0.0,0.0,0.0,0.0,0.0,0.0,0.0,0.0,0.0,0.0,0.0,0.0,0.0,0.0,0.0,2.004,-2.004,2.004,0.0,0.0,0.0,0.0,0.0,4810.0,-3.697183494796791e+19,7260.0,0.0,-107615384.0,0.0,0.0,0.0,0.0,0.0,0.0,77,-0.0,0.0,0.0,0.0,0.0,0.0,0.0,0.0,0.0,0,0,0,0.0,0.0,0.0,0.0,0.0,0.0,0.0,0.0,0.0,0.0,0.0,0.0,0.0,0.0,0.0,0.0,0,-107875648.0,77,0.0,154,0.0,2.6533865130338155e+23,ERR,ERR,ERR,ERR,ERR,ERR,ERR,ERR,ERR,ERR,ERR,ERR,ERR,ERR,ERR,ERR,ERR,ERR,ERR,ERR,ERR,ERR,ERR,ERR,ERR,ERR,ERR,ERR,ERR,ERR,ERR,ERR,ERR,ERR,ERR,ERR,ERR,ERR,ERR,ERR,ERR,ERR,ERR,ERR,ERR,ERR,ERR,ERR,ERR,ERR,ERR,ERR,ERR,ERR,ERR,ERR,ERR,ERR,ERR,ERR,ERR,ERR,ERR,ERR,ERR,ERR,ERR,34.0,80.0,35,0.0,0.0,0.0,0.0,0.0,0.0,0.0,0.0,0.0,0.0,0.0,0.0,0.0,0.0,0.0,0.0,65.6,0,119,57,53,65476,0,300,0,0,8,20529,65476,0,0,57672,80.0,0.0,0.0,0.0,0.0,0.0
2026-06-18T02:57:00,ERR,ERR,ERR,ERR,ERR,ERR,ERR,ERR,ERR,ERR,ERR,ERR,ERR,ERR,ERR,ERR,ERR,ERR,ERR,ERR,ERR,ERR,ERR,ERR,ERR,ERR,ERR,ERR,ERR,ERR,ERR,ERR,ERR,ERR,ERR,ERR,ERR,ERR,ERR,ERR,ERR,ERR,ERR,ERR,ERR,ERR,ERR,ERR,ERR,ERR,ERR,ERR,ERR,ERR,ERR,ERR,ERR,ERR,ERR,ERR,ERR,ERR,ERR,ERR,ERR,ERR,ERR,ERR,ERR,ERR,ERR,ERR,ERR,ERR,ERR,ERR,ERR,ERR,ERR,ERR,ERR,ERR,ERR,ERR,ERR,ERR,ERR,ERR,ERR,ERR,ERR,ERR,ERR,ERR,ERR,ERR,ERR,ERR,ERR,ERR,ERR,ERR,ERR,ERR,ERR,ERR,ERR,ERR,ERR,ERR,ERR,ERR,ERR,ERR,ERR,ERR,ERR,ERR,ERR,ERR,ERR,ERR,ERR,ERR,ERR,0.0,-107615384.0,-0.0,-4.9501291711397626e+32,nan,1.3936040501711995e+18,7.805,-0.0,0,0,4,48933,6720,14723890282496.0,100,0.0,0.0,0.0,-0.0,0.0,0,0,0,0,0.0,0,0,0,0,0,0,0,0,0,0,0,0,0,0,0,0,0,0,0,0,0,0,0,0,0,0,0,0,0,0,0,0,0,26,51,50,76,65476,0,300,0,0,8,21553,0.0,-107605600.0,0.0,0.0,0.0,0.0,0.0,0.0,0.0,0.0,0.0,0.0,0.0,0.0,0.0,0.0,0.0,0.0,0.0,0.0,0.0,0.0,2.004,-2.004,2.004,0.0,0.0,0.0,0.0,0.0,4810.0,-3.697183494796791e+19,7260.0,0.0,-107615384.0,0.0,0.0,0.0,0.0,0.0,0.0,77,-0.0,0.0,0.0,0.0,0.0,0.0,0.0,0.0,0.0,0,0,0,0.0,0.0,0.0,0.0,0.0,0.0,0.0,0.0,0.0,0.0,0.0,0.0,0.0,0.0,0.0,0.0,0,-107875648.0,77,0.0,154,0.0,2.6533865130338155e+23,ERR,ERR,ERR,ERR,ERR,ERR,ERR,ERR,ERR,ERR,ERR,ERR,ERR,ERR,ERR,ERR,ERR,ERR,ERR,ERR,ERR,ERR,ERR,ERR,ERR,ERR,ERR,ERR,ERR,ERR,ERR,ERR,ERR,ERR,ERR,ERR,ERR,ERR,ERR,ERR,ERR,ERR,ERR,ERR,ERR,ERR,ERR,ERR,ERR,ERR,ERR,ERR,ERR,ERR,ERR,ERR,ERR,ERR,ERR,ERR,ERR,ERR,ERR,ERR,ERR,ERR,ERR,34.0,80.0,35,0.0,0.0,0.0,0.0,0.0,0.0,0.0,0.0,0.0,0.0,0.0,0.0,0.0,0.0,0.0,0.0,66.4,0,119,57,53,65476,0,300,0,0,8,20529,65476,0,0,57672,80.0,0.0,0.0,0.0,0.0,0.0
2026-06-18T02:57:01,ERR,ERR,ERR,ERR,ERR,ERR,ERR,ERR,ERR,ERR,ERR,ERR,ERR,ERR,ERR,ERR,ERR,ERR,ERR,ERR,ERR,ERR,ERR,ERR,ERR,ERR,ERR,ERR,ERR,ERR,ERR,ERR,ERR,ERR,ERR,ERR,ERR,ERR,ERR,ERR,ERR,ERR,ERR,ERR,ERR,ERR,ERR,ERR,ERR,ERR,ERR,ERR,ERR,ERR,ERR,ERR,ERR,ERR,ERR,ERR,ERR,ERR,ERR,ERR,ERR,ERR,ERR,ERR,ERR,ERR,ERR,ERR,ERR,ERR,ERR,ERR,ERR,ERR,ERR,ERR,ERR,ERR,ERR,ERR,ERR,ERR,ERR,ERR,ERR,ERR,ERR,ERR,ERR,ERR,ERR,ERR,ERR,ERR,ERR,ERR,ERR,ERR,ERR,ERR,ERR,ERR,ERR,ERR,ERR,ERR,ERR,ERR,ERR,ERR,ERR,ERR,ERR,ERR,ERR,ERR,ERR,ERR,ERR,ERR,ERR,0.0,-107615384.0,-0.0,-4.9501291711397626e+32,nan,1.3936040501711995e+18,7.805,-0.0,0,0,4,48933,6720,14723890282496.0,100,0.0,0.0,0.0,-0.0,0.0,0,0,0,0,0.0,0,0,0,0,0,0,0,0,0,0,0,0,0,0,0,0,0,0,0,0,0,0,0,0,0,0,0,0,0,0,0,0,0,26,51,50,76,65476,0,300,0,0,8,21553,0.0,-107605600.0,0.0,0.0,0.0,0.0,0.0,0.0,0.0,0.0,0.0,0.0,0.0,0.0,0.0,0.0,0.0,0.0,0.0,0.0,0.0,0.0,2.004,-2.004,2.004,0.0,0.0,0.0,0.0,0.0,4810.0,-3.697183494796791e+19,7260.0,0.0,-107615384.0,0.0,0.0,0.0,0.0,0.0,0.0,77,-0.0,0.0,0.0,0.0,0.0,0.0,0.0,0.0,0.0,0,0,0,0.0,0.0,0.0,0.0,0.0,0.0,0.0,0.0,0.0,0.0,0.0,0.0,0.0,0.0,0.0,0.0,0,-107875648.0,77,0.0,154,0.0,2.6533865130338155e+23,ERR,ERR,ERR,ERR,ERR,ERR,ERR,ERR,ERR,ERR,ERR,ERR,ERR,ERR,ERR,ERR,ERR,ERR,ERR,ERR,ERR,ERR,ERR,ERR,ERR,ERR,ERR,ERR,ERR,ERR,ERR,ERR,ERR,ERR,ERR,ERR,ERR,ERR,ERR,ERR,ERR,ERR,ERR,ERR,ERR,ERR,ERR,ERR,ERR,ERR,ERR,ERR,ERR,ERR,ERR,ERR,ERR,ERR,ERR,ERR,ERR,ERR,ERR,ERR,ERR,ERR,ERR,34.0,80.0,35,0.0,0.0,0.0,0.0,0.0,0.0,0.0,0.0,0.0,0.0,0.0,0.0,0.0,0.0,0.0,0.0,66.4,0,119,57,53,65476,0,300,0,0,8,20529,65476,0,0,57672,80.0,0.0,0.0,0.0,0.0,0.0
2026-06-18T02:57:02,ERR,ERR,ERR,ERR,ERR,ERR,ERR,ERR,ERR,ERR,ERR,ERR,ERR,ERR,ERR,ERR,ERR,ERR,ERR,ERR,ERR,ERR,ERR,ERR,ERR,ERR,ERR,ERR,ERR,ERR,ERR,ERR,ERR,ERR,ERR,ERR,ERR,ERR,ERR,ERR,ERR,ERR,ERR,ERR,ERR,ERR,ERR,ERR,ERR,ERR,ERR,ERR,ERR,ERR,ERR,ERR,ERR,ERR,ERR,ERR,ERR,ERR,ERR,ERR,ERR,ERR,ERR,ERR,ERR,ERR,ERR,ERR,ERR,ERR,ERR,ERR,ERR,ERR,ERR,ERR,ERR,ERR,ERR,ERR,ERR,ERR,ERR,ERR,ERR,ERR,ERR,ERR,ERR,ERR,ERR,ERR,ERR,ERR,ERR,ERR,ERR,ERR,ERR,ERR,ERR,ERR,ERR,ERR,ERR,ERR,ERR,ERR,ERR,ERR,ERR,ERR,ERR,ERR,ERR,ERR,ERR,ERR,ERR,ERR,ERR,0.0,-107615384.0,-0.0,-4.9501291711397626e+32,nan,1.3936040501711995e+18,7.805,-0.0,0,0,4,48933,6720,14723890282496.0,100,0.0,0.0,0.0,-0.0,0.0,0,0,0,0,0.0,0,0,0,0,0,0,0,0,0,0,0,0,0,0,0,0,0,0,0,0,0,0,0,0,0,0,0,0,0,0,0,0,0,26,51,50,76,65476,0,300,0,0,8,21553,0.0,-107605600.0,0.0,0.0,0.0,0.0,0.0,0.0,0.0,0.0,0.0,0.0,0.0,0.0,0.0,0.0,0.0,0.0,0.0,0.0,0.0,0.0,2.004,-2.004,2.004,0.0,0.0,0.0,0.0,0.0,4810.0,-3.697183494796791e+19,7260.0,0.0,-107615384.0,0.0,0.0,0.0,0.0,0.0,0.0,77,-0.0,0.0,0.0,0.0,0.0,0.0,0.0,0.0,0.0,0,0,0,0.0,0.0,0.0,0.0,0.0,0.0,0.0,0.0,0.0,0.0,0.0,0.0,0.0,0.0,0.0,0.0,0,-107875648.0,77,0.0,154,0.0,2.6533865130338155e+23,ERR,ERR,ERR,ERR,ERR,ERR,ERR,ERR,ERR,ERR,ERR,ERR,ERR,ERR,ERR,ERR,ERR,ERR,ERR,ERR,ERR,ERR,ERR,ERR,ERR,ERR,ERR,ERR,ERR,ERR,ERR,ERR,ERR,ERR,ERR,ERR,ERR,ERR,ERR,ERR,ERR,ERR,ERR,ERR,ERR,ERR,ERR,ERR,ERR,ERR,ERR,ERR,ERR,ERR,ERR,ERR,ERR,ERR,ERR,ERR,ERR,ERR,ERR,ERR,ERR,ERR,ERR,34.0,80.0,35,0.0,0.0,0.0,0.0,0.0,0.0,0.0,0.0,0.0,0.0,0.0,0.0,0.0,0.0,0.0,0.0,66.4,0,119,57,53,65476,0,300,0,0,8,20529,65476,0,0,57672,80.0,0.0,0.0,0.0,0.0,0.0
2026-06-18T02:57:03,ERR,ERR,ERR,ERR,ERR,ERR,ERR,ERR,ERR,ERR,ERR,ERR,ERR,ERR,ERR,ERR,ERR,ERR,ERR,ERR,ERR,ERR,ERR,ERR,ERR,ERR,ERR,ERR,ERR,ERR,ERR,ERR,ERR,ERR,ERR,ERR,ERR,ERR,ERR,ERR,ERR,ERR,ERR,ERR,ERR,ERR,ERR,ERR,ERR,ERR,ERR,ERR,ERR,ERR,ERR,ERR,ERR,ERR,ERR,ERR,ERR,ERR,ERR,ERR,ERR,ERR,ERR,ERR,ERR,ERR,ERR,ERR,ERR,ERR,ERR,ERR,ERR,ERR,ERR,ERR,ERR,ERR,ERR,ERR,ERR,ERR,ERR,ERR,ERR,ERR,ERR,ERR,ERR,ERR,ERR,ERR,ERR,ERR,ERR,ERR,ERR,ERR,ERR,ERR,ERR,ERR,ERR,ERR,ERR,ERR,ERR,ERR,ERR,ERR,ERR,ERR,ERR,ERR,ERR,ERR,ERR,ERR,ERR,ERR,ERR,0.0,-107615384.0,-0.0,-4.9501291711397626e+32,nan,1.3936040501711995e+18,7.805,-0.0,0,0,4,48933,6720,14723890282496.0,100,0.0,0.0,0.0,-0.0,0.0,0,0,0,0,0.0,0,0,0,0,0,0,0,0,0,0,0,0,0,0,0,0,0,0,0,0,0,0,0,0,0,0,0,0,0,0,0,0,0,26,51,50,76,65476,0,300,0,0,8,21553,0.0,-107605600.0,0.0,0.0,0.0,0.0,0.0,0.0,0.0,0.0,0.0,0.0,0.0,0.0,0.0,0.0,0.0,0.0,0.0,0.0,0.0,0.0,2.004,-2.004,2.004,0.0,0.0,0.0,0.0,0.0,4810.0,-3.697183494796791e+19,7260.0,0.0,-107615384.0,0.0,0.0,0.0,0.0,0.0,0.0,77,-0.0,0.0,0.0,0.0,0.0,0.0,0.0,0.0,0.0,0,0,0,0.0,0.0,0.0,0.0,0.0,0.0,0.0,0.0,0.0,0.0,0.0,0.0,0.0,0.0,0.0,0.0,0,-107875648.0,77,0.0,154,0.0,2.6533865130338155e+23,ERR,ERR,ERR,ERR,ERR,ERR,ERR,ERR,ERR,ERR,ERR,ERR,ERR,ERR,ERR,ERR,ERR,ERR,ERR,ERR,ERR,ERR,ERR,ERR,ERR,ERR,ERR,ERR,ERR,ERR,ERR,ERR,ERR,ERR,ERR,ERR,ERR,ERR,ERR,ERR,ERR,ERR,ERR,ERR,ERR,ERR,ERR,ERR,ERR,ERR,ERR,ERR,ERR,ERR,ERR,ERR,ERR,ERR,ERR,ERR,ERR,ERR,ERR,ERR,ERR,ERR,ERR,34.0,80.0,35,0.0,0.0,0.0,0.0,0.0,0.0,0.0,0.0,0.0,0.0,0.0,0.0,0.0,0.0,0.0,0.0,65.6,0,119,57,53,65476,0,300,0,0,8,20529,65476,0,0,57672,80.0,0.0,0.0,0.0,0.0,0.0
2026-06-18T02:57:04,ERR,ERR,ERR,ERR,ERR,ERR,ERR,ERR,ERR,ERR,ERR,ERR,ERR,ERR,ERR,ERR,ERR,ERR,ERR,ERR,ERR,ERR,ERR,ERR,ERR,ERR,ERR,ERR,ERR,ERR,ERR,ERR,ERR,ERR,ERR,ERR,ERR,ERR,ERR,ERR,ERR,ERR,ERR,ERR,ERR,ERR,ERR,ERR,ERR,ERR,ERR,ERR,ERR,ERR,ERR,ERR,ERR,ERR,ERR,ERR,ERR,ERR,ERR,ERR,ERR,ERR,ERR,ERR,ERR,ERR,ERR,ERR,ERR,ERR,ERR,ERR,ERR,ERR,ERR,ERR,ERR,ERR,ERR,ERR,ERR,ERR,ERR,ERR,ERR,ERR,ERR,ERR,ERR,ERR,ERR,ERR,ERR,ERR,ERR,ERR,ERR,ERR,ERR,ERR,ERR,ERR,ERR,ERR,ERR,ERR,ERR,ERR,ERR,ERR,ERR,ERR,ERR,ERR,ERR,ERR,ERR,ERR,ERR,ERR,ERR,0.0,-107615384.0,-0.0,-0.0,nan,1.3936040501711995e+18,7.805,1.182,0,0,4,48935,6720,14723890282496.0,100,0.0,0.0,0.0,-0.0,0.0,0,0,0,0,0.0,0,0,0,0,0,0,0,0,0,0,0,0,0,0,0,0,0,0,0,0,0,0,0,0,0,0,0,0,0,0,0,0,0,26,51,50,76,65476,0,300,0,0,8,21553,0.0,-107605600.0,0.0,0.0,0.0,0.0,0.0,0.0,0.0,0.0,0.0,0.0,0.0,0.0,0.0,0.0,0.0,0.0,0.0,0.0,0.0,0.0,2.004,-2.004,2.004,0.0,0.0,0.0,0.0,0.0,4811.0,-2.422986175150025e+24,7261.0,0.0,-107615384.0,0.0,0.0,0.0,0.0,0.0,0.0,77,-0.0,0.0,0.0,0.0,0.0,0.0,0.0,0.0,0.0,0,0,0,0.0,0.0,0.0,0.0,0.0,0.0,0.0,0.0,0.0,0.0,0.0,0.0,0.0,0.0,0.0,0.0,0,-107875648.0,77,0.0,154,0.0,2.6533865130338155e+23,ERR,ERR,ERR,ERR,ERR,ERR,ERR,ERR,ERR,ERR,ERR,ERR,ERR,ERR,ERR,ERR,ERR,ERR,ERR,ERR,ERR,ERR,ERR,ERR,ERR,ERR,ERR,ERR,ERR,ERR,ERR,ERR,ERR,ERR,ERR,ERR,ERR,ERR,ERR,ERR,ERR,ERR,ERR,ERR,ERR,ERR,ERR,ERR,ERR,ERR,ERR,ERR,ERR,ERR,ERR,ERR,ERR,ERR,ERR,ERR,ERR,ERR,ERR,ERR,ERR,ERR,ERR,34.0,80.0,35,0.0,0.0,0.0,0.0,0.0,0.0,0.0,0.0,0.0,0.0,0.0,0.0,0.0,0.0,0.0,0.0,65.6,0,119,57,53,65476,0,300,0,0,8,20529,65476,0,0,57672,80.0,0.0,0.0,0.0,0.0,0.0
2026-06-18T02:57:05,ERR,ERR,ERR,ERR,ERR,ERR,ERR,ERR,ERR,ERR,ERR,ERR,ERR,ERR,ERR,ERR,ERR,ERR,ERR,ERR,ERR,ERR,ERR,ERR,ERR,ERR,ERR,ERR,ERR,ERR,ERR,ERR,ERR,ERR,ERR,ERR,ERR,ERR,ERR,ERR,ERR,ERR,ERR,ERR,ERR,ERR,ERR,ERR,ERR,ERR,ERR,ERR,ERR,ERR,ERR,ERR,ERR,ERR,ERR,ERR,ERR,ERR,ERR,ERR,ERR,ERR,ERR,ERR,ERR,ERR,ERR,ERR,ERR,ERR,ERR,ERR,ERR,ERR,ERR,ERR,ERR,ERR,ERR,ERR,ERR,ERR,ERR,ERR,ERR,ERR,ERR,ERR,ERR,ERR,ERR,ERR,ERR,ERR,ERR,ERR,ERR,ERR,ERR,ERR,ERR,ERR,ERR,ERR,ERR,ERR,ERR,ERR,ERR,ERR,ERR,ERR,ERR,ERR,ERR,ERR,ERR,ERR,ERR,ERR,ERR,0.0,-107615384.0,-0.0,-0.0,nan,1.3936040501711995e+18,7.805,1.182,0,0,4,48935,6720,14723890282496.0,100,0.0,0.0,0.0,-0.0,0.0,0,0,0,0,0.0,0,0,0,0,0,0,0,0,0,0,0,0,0,0,0,0,0,0,0,0,0,0,0,0,0,0,0,0,0,0,0,0,0,26,51,50,76,65476,0,300,0,0,8,21553,0.0,-107605600.0,0.0,0.0,0.0,0.0,0.0,0.0,0.0,0.0,0.0,0.0,0.0,0.0,0.0,0.0,0.0,0.0,0.0,0.0,0.0,0.0,2.004,-2.004,2.004,0.0,0.0,0.0,0.0,0.0,4811.0,-2.422986175150025e+24,7261.0,0.0,-107615384.0,0.0,0.0,0.0,0.0,0.0,0.0,77,-0.0,0.0,0.0,0.0,0.0,0.0,0.0,0.0,0.0,0,0,0,0.0,0.0,0.0,0.0,0.0,0.0,0.0,0.0,0.0,0.0,0.0,0.0,0.0,0.0,0.0,0.0,0,-107875648.0,77,0.0,154,0.0,2.6533865130338155e+23,ERR,ERR,ERR,ERR,ERR,ERR,ERR,ERR,ERR,ERR,ERR,ERR,ERR,ERR,ERR,ERR,ERR,ERR,ERR,ERR,ERR,ERR,ERR,ERR,ERR,ERR,ERR,ERR,ERR,ERR,ERR,ERR,ERR,ERR,ERR,ERR,ERR,ERR,ERR,ERR,ERR,ERR,ERR,ERR,ERR,ERR,ERR,ERR,ERR,ERR,ERR,ERR,ERR,ERR,ERR,ERR,ERR,ERR,ERR,ERR,ERR,ERR,ERR,ERR,ERR,ERR,ERR,34.0,80.0,35,0.0,0.0,0.0,0.0,0.0,0.0,0.0,0.0,0.0,0.0,0.0,0.0,0.0,0.0,0.0,0.0,65.6,0,119,57,53,65476,0,300,0,0,8,20529,65476,0,0,57672,80.0,0.0,0.0,0.0,0.0,0.0
2026-06-18T02:57:06,ERR,ERR,ERR,ERR,ERR,ERR,ERR,ERR,ERR,ERR,ERR,ERR,ERR,ERR,ERR,ERR,ERR,ERR,ERR,ERR,ERR,ERR,ERR,ERR,ERR,ERR,ERR,ERR,ERR,ERR,ERR,ERR,ERR,ERR,ERR,ERR,ERR,ERR,ERR,ERR,ERR,ERR,ERR,ERR,ERR,ERR,ERR,ERR,ERR,ERR,ERR,ERR,ERR,ERR,ERR,ERR,ERR,ERR,ERR,ERR,ERR,ERR,ERR,ERR,ERR,ERR,ERR,ERR,ERR,ERR,ERR,ERR,ERR,ERR,ERR,ERR,ERR,ERR,ERR,ERR,ERR,ERR,ERR,ERR,ERR,ERR,ERR,ERR,ERR,ERR,ERR,ERR,ERR,ERR,ERR,ERR,ERR,ERR,ERR,ERR,ERR,ERR,ERR,ERR,ERR,ERR,ERR,ERR,ERR,ERR,ERR,ERR,ERR,ERR,ERR,ERR,ERR,ERR,ERR,ERR,ERR,ERR,ERR,ERR,ERR,0.0,-107615384.0,-0.0,-0.0,nan,1.3936040501711995e+18,7.805,1.182,0,0,4,48935,6720,14723890282496.0,100,0.0,0.0,0.0,-0.0,0.0,0,0,0,0,0.0,0,0,0,0,0,0,0,0,0,0,0,0,0,0,0,0,0,0,0,0,0,0,0,0,0,0,0,0,0,0,0,0,0,26,51,50,76,65476,0,300,0,0,8,21553,0.0,-107605600.0,0.0,0.0,0.0,0.0,0.0,0.0,0.0,0.0,0.0,0.0,0.0,0.0,0.0,0.0,0.0,0.0,0.0,0.0,0.0,0.0,2.004,-2.004,2.004,0.0,0.0,0.0,0.0,0.0,4811.0,-2.422986175150025e+24,7261.0,0.0,-107615384.0,0.0,0.0,0.0,0.0,0.0,0.0,77,-0.0,0.0,0.0,0.0,0.0,0.0,0.0,0.0,0.0,0,0,0,0.0,0.0,0.0,0.0,0.0,0.0,0.0,0.0,0.0,0.0,0.0,0.0,0.0,0.0,0.0,0.0,0,-107875648.0,77,0.0,154,0.0,2.6533865130338155e+23,ERR,ERR,ERR,ERR,ERR,ERR,ERR,ERR,ERR,ERR,ERR,ERR,ERR,ERR,ERR,ERR,ERR,ERR,ERR,ERR,ERR,ERR,ERR,ERR,ERR,ERR,ERR,ERR,ERR,ERR,ERR,ERR,ERR,ERR,ERR,ERR,ERR,ERR,ERR,ERR,ERR,ERR,ERR,ERR,ERR,ERR,ERR,ERR,ERR,ERR,ERR,ERR,ERR,ERR,ERR,ERR,ERR,ERR,ERR,ERR,ERR,ERR,ERR,ERR,ERR,ERR,ERR,34.0,80.0,35,0.0,0.0,0.0,0.0,0.0,0.0,0.0,0.0,0.0,0.0,0.0,0.0,0.0,0.0,0.0,0.0,65.6,0,119,57,53,65476,0,300,0,0,8,20529,65476,0,0,57672,80.0,0.0,0.0,0.0,0.0,0.0
2026-06-18T02:57:07,ERR,ERR,ERR,ERR,ERR,ERR,ERR,ERR,ERR,ERR,ERR,ERR,ERR,ERR,ERR,ERR,ERR,ERR,ERR,ERR,ERR,ERR,ERR,ERR,ERR,ERR,ERR,ERR,ERR,ERR,ERR,ERR,ERR,ERR,ERR,ERR,ERR,ERR,ERR,ERR,ERR,ERR,ERR,ERR,ERR,ERR,ERR,ERR,ERR,ERR,ERR,ERR,ERR,ERR,ERR,ERR,ERR,ERR,ERR,ERR,ERR,ERR,ERR,ERR,ERR,ERR,ERR,ERR,ERR,ERR,ERR,ERR,ERR,ERR,ERR,ERR,ERR,ERR,ERR,ERR,ERR,ERR,ERR,ERR,ERR,ERR,ERR,ERR,ERR,ERR,ERR,ERR,ERR,ERR,ERR,ERR,ERR,ERR,ERR,ERR,ERR,ERR,ERR,ERR,ERR,ERR,ERR,ERR,ERR,ERR,ERR,ERR,ERR,ERR,ERR,ERR,ERR,ERR,ERR,ERR,ERR,ERR,ERR,ERR,ERR,0.0,-107615384.0,-0.0,-0.0,nan,1.3936040501711995e+18,7.805,1.182,0,0,4,48935,6720,14723890282496.0,100,0.0,0.0,0.0,-0.0,0.0,0,0,0,0,0.0,0,0,0,0,0,0,0,0,0,0,0,0,0,0,0,0,0,0,0,0,0,0,0,0,0,0,0,0,0,0,0,0,0,26,51,50,76,65476,0,300,0,0,8,21553,0.0,-107605600.0,0.0,0.0,0.0,0.0,0.0,0.0,0.0,0.0,0.0,0.0,0.0,0.0,0.0,0.0,0.0,0.0,0.0,0.0,0.0,0.0,2.004,-2.004,2.004,0.0,0.0,0.0,0.0,0.0,4811.0,-2.422986175150025e+24,7261.0,0.0,-107615384.0,0.0,0.0,0.0,0.0,0.0,0.0,77,-0.0,0.0,0.0,0.0,0.0,0.0,0.0,0.0,0.0,0,0,0,0.0,0.0,0.0,0.0,0.0,0.0,0.0,0.0,0.0,0.0,0.0,0.0,0.0,0.0,0.0,0.0,0,-107875648.0,77,0.0,154,0.0,2.6533865130338155e+23,ERR,ERR,ERR,ERR,ERR,ERR,ERR,ERR,ERR,ERR,ERR,ERR,ERR,ERR,ERR,ERR,ERR,ERR,ERR,ERR,ERR,ERR,ERR,ERR,ERR,ERR,ERR,ERR,ERR,ERR,ERR,ERR,ERR,ERR,ERR,ERR,ERR,ERR,ERR,ERR,ERR,ERR,ERR,ERR,ERR,ERR,ERR,ERR,ERR,ERR,ERR,ERR,ERR,ERR,ERR,ERR,ERR,ERR,ERR,ERR,ERR,ERR,ERR,ERR,ERR,ERR,ERR,34.0,80.0,35,0.0,0.0,0.0,0.0,0.0,0.0,0.0,0.0,0.0,0.0,0.0,0.0,0.0,0.0,0.0,0.0,65.6,0,118,57,53,65476,0,300,0,0,8,20529,65476,0,0,57672,80.0,0.0,0.0,0.0,0.0,0.0
2026-06-18T02:57:08,ERR,ERR,ERR,ERR,ERR,ERR,ERR,ERR,ERR,ERR,ERR,ERR,ERR,ERR,ERR,ERR,ERR,ERR,ERR,ERR,ERR,ERR,ERR,ERR,ERR,ERR,ERR,ERR,ERR,ERR,ERR,ERR,ERR,ERR,ERR,ERR,ERR,ERR,ERR,ERR,ERR,ERR,ERR,ERR,ERR,ERR,ERR,ERR,ERR,ERR,ERR,ERR,ERR,ERR,ERR,ERR,ERR,ERR,ERR,ERR,ERR,ERR,ERR,ERR,ERR,ERR,ERR,ERR,ERR,ERR,ERR,ERR,ERR,ERR,ERR,ERR,ERR,ERR,ERR,ERR,ERR,ERR,ERR,ERR,ERR,ERR,ERR,ERR,ERR,ERR,ERR,ERR,ERR,ERR,ERR,ERR,ERR,ERR,ERR,ERR,ERR,ERR,ERR,ERR,ERR,ERR,ERR,ERR,ERR,ERR,ERR,ERR,ERR,ERR,ERR,ERR,ERR,ERR,ERR,ERR,ERR,ERR,ERR,ERR,ERR,0.0,-107615384.0,-0.0,-0.0,nan,1.3936040501711995e+18,7.805,1.182,0,0,4,48935,6720,14723890282496.0,100,0.0,0.0,0.0,-0.0,0.0,0,0,0,0,0.0,0,0,0,0,0,0,0,0,0,0,0,0,0,0,0,0,0,0,0,0,0,0,0,0,0,0,0,0,0,0,0,0,0,26,51,50,76,65476,0,300,0,0,8,21553,0.0,-107605600.0,0.0,0.0,0.0,0.0,0.0,0.0,0.0,0.0,0.0,0.0,0.0,0.0,0.0,0.0,0.0,0.0,0.0,0.0,0.0,0.0,2.004,-2.004,2.004,0.0,0.0,0.0,0.0,0.0,4811.0,-2.422986175150025e+24,7261.0,0.0,-107615384.0,0.0,0.0,0.0,0.0,0.0,0.0,77,-0.0,0.0,0.0,0.0,0.0,0.0,0.0,0.0,0.0,0,0,0,0.0,0.0,0.0,0.0,0.0,0.0,0.0,0.0,0.0,0.0,0.0,0.0,0.0,0.0,0.0,0.0,0,-107875648.0,77,0.0,154,0.0,2.6533865130338155e+23,ERR,ERR,ERR,ERR,ERR,ERR,ERR,ERR,ERR,ERR,ERR,ERR,ERR,ERR,ERR,ERR,ERR,ERR,ERR,ERR,ERR,ERR,ERR,ERR,ERR,ERR,ERR,ERR,ERR,ERR,ERR,ERR,ERR,ERR,ERR,ERR,ERR,ERR,ERR,ERR,ERR,ERR,ERR,ERR,ERR,ERR,ERR,ERR,ERR,ERR,ERR,ERR,ERR,ERR,ERR,ERR,ERR,ERR,ERR,ERR,ERR,ERR,ERR,ERR,ERR,ERR,ERR,34.0,80.0,35,0.0,0.0,0.0,0.0,0.0,0.0,0.0,0.0,0.0,0.0,0.0,0.0,0.0,0.0,0.0,0.0,65.6,0,118,57,53,65476,0,300,0,0,8,20529,65476,0,0,57672,80.0,0.0,0.0,0.0,0.0,0.0
2026-06-18T02:57:09,ERR,ERR,ERR,ERR,ERR,ERR,ERR,ERR,ERR,ERR,ERR,ERR,ERR,ERR,ERR,ERR,ERR,ERR,ERR,ERR,ERR,ERR,ERR,ERR,ERR,ERR,ERR,ERR,ERR,ERR,ERR,ERR,ERR,ERR,ERR,ERR,ERR,ERR,ERR,ERR,ERR,ERR,ERR,ERR,ERR,ERR,ERR,ERR,ERR,ERR,ERR,ERR,ERR,ERR,ERR,ERR,ERR,ERR,ERR,ERR,ERR,ERR,ERR,ERR,ERR,ERR,ERR,ERR,ERR,ERR,ERR,ERR,ERR,ERR,ERR,ERR,ERR,ERR,ERR,ERR,ERR,ERR,ERR,ERR,ERR,ERR,ERR,ERR,ERR,ERR,ERR,ERR,ERR,ERR,ERR,ERR,ERR,ERR,ERR,ERR,ERR,ERR,ERR,ERR,ERR,ERR,ERR,ERR,ERR,ERR,ERR,ERR,ERR,ERR,ERR,ERR,ERR,ERR,ERR,ERR,ERR,ERR,ERR,ERR,ERR,0.0,-107615384.0,-0.0,-0.0,nan,1.3936040501711995e+18,7.805,1.182,0,0,4,48935,6720,14723890282496.0,100,0.0,0.0,0.0,-0.0,0.0,0,0,0,0,0.0,0,0,0,0,0,0,0,0,0,0,0,0,0,0,0,0,0,0,0,0,0,0,0,0,0,0,0,0,0,0,0,0,0,26,51,50,76,65476,0,300,0,0,8,21553,0.0,-107605600.0,0.0,0.0,0.0,0.0,0.0,0.0,0.0,0.0,0.0,0.0,0.0,0.0,0.0,0.0,0.0,0.0,0.0,0.0,0.0,0.0,2.004,-2.004,2.004,0.0,0.0,0.0,0.0,0.0,4811.0,-2.422986175150025e+24,7261.0,0.0,-107615384.0,0.0,0.0,0.0,0.0,0.0,0.0,77,-0.0,0.0,0.0,0.0,0.0,0.0,0.0,0.0,0.0,0,0,0,0.0,0.0,0.0,0.0,0.0,0.0,0.0,0.0,0.0,0.0,0.0,0.0,0.0,0.0,0.0,0.0,0,-107875648.0,77,0.0,154,0.0,2.6533865130338155e+23,ERR,ERR,ERR,ERR,ERR,ERR,ERR,ERR,ERR,ERR,ERR,ERR,ERR,ERR,ERR,ERR,ERR,ERR,ERR,ERR,ERR,ERR,ERR,ERR,ERR,ERR,ERR,ERR,ERR,ERR,ERR,ERR,ERR,ERR,ERR,ERR,ERR,ERR,ERR,ERR,ERR,ERR,ERR,ERR,ERR,ERR,ERR,ERR,ERR,ERR,ERR,ERR,ERR,ERR,ERR,ERR,ERR,ERR,ERR,ERR,ERR,ERR,ERR,ERR,ERR,ERR,ERR,34.0,80.0,35,0.0,0.0,0.0,0.0,0.0,0.0,0.0,0.0,0.0,0.0,0.0,0.0,0.0,0.0,0.0,0.0,65.6,0,118,57,53,65476,0,300,0,0,8,20529,65476,0,0,57672,80.0,0.0,0.0,0.0,0.0,0.0
2026-06-18T02:57:10,ERR,ERR,ERR,ERR,ERR,ERR,ERR,ERR,ERR,ERR,ERR,ERR,ERR,ERR,ERR,ERR,ERR,ERR,ERR,ERR,ERR,ERR,ERR,ERR,ERR,ERR,ERR,ERR,ERR,ERR,ERR,ERR,ERR,ERR,ERR,ERR,ERR,ERR,ERR,ERR,ERR,ERR,ERR,ERR,ERR,ERR,ERR,ERR,ERR,ERR,ERR,ERR,ERR,ERR,ERR,ERR,ERR,ERR,ERR,ERR,ERR,ERR,ERR,ERR,ERR,ERR,ERR,ERR,ERR,ERR,ERR,ERR,ERR,ERR,ERR,ERR,ERR,ERR,ERR,ERR,ERR,ERR,ERR,ERR,ERR,ERR,ERR,ERR,ERR,ERR,ERR,ERR,ERR,ERR,ERR,ERR,ERR,ERR,ERR,ERR,ERR,ERR,ERR,ERR,ERR,ERR,ERR,ERR,ERR,ERR,ERR,ERR,ERR,ERR,ERR,ERR,ERR,ERR,ERR,ERR,ERR,ERR,ERR,ERR,ERR,0.0,-107615384.0,-0.0,2.718290229135658e+23,nan,1.3936040501711995e+18,7.805,-12113.15,0,0,4,48930,6720,14723890282496.0,100,0.0,0.0,0.0,2.718290229135658e+23,0.0,0,0,0,0,0.0,0,0,0,0,0,0,0,0,0,0,0,0,0,0,0,0,0,0,0,0,0,0,0,0,0,0,0,0,0,0,0,0,0,26,51,50,76,65476,0,300,0,0,8,21553,0.0,-107605600.0,0.0,0.0,0.0,0.0,0.0,0.0,0.0,0.0,0.0,0.0,0.0,0.0,0.0,0.0,0.0,0.0,0.0,0.0,0.0,0.0,2.004,-2.004,2.004,0.0,0.0,0.0,0.0,0.0,4842.0,0.0,7234.0,0.0,-107615384.0,0.0,0.0,0.0,0.0,0.0,0.0,77,-0.0,1.9056847201763328e+17,0.0,0.0,0.0,0.0,0.0,0.0,0.0,0,0,0,0.0,0.0,0.0,0.0,0.0,0.0,0.0,0.0,0.0,0.0,0.0,0.0,0.0,0.0,0.0,0.0,0,-107875648.0,77,0.0,154,0.0,2.6533865130338155e+23,ERR,ERR,ERR,ERR,ERR,ERR,ERR,ERR,ERR,ERR,ERR,ERR,ERR,ERR,ERR,ERR,ERR,ERR,ERR,ERR,ERR,ERR,ERR,ERR,ERR,ERR,ERR,ERR,ERR,ERR,ERR,ERR,ERR,ERR,ERR,ERR,ERR,ERR,ERR,ERR,ERR,ERR,ERR,ERR,ERR,ERR,ERR,ERR,ERR,ERR,ERR,ERR,ERR,ERR,ERR,ERR,ERR,ERR,ERR,ERR,ERR,ERR,ERR,ERR,ERR,ERR,ERR,34.0,80.0,35,0.0,0.0,0.0,0.0,0.0,0.0,0.0,0.0,0.0,0.0,0.0,0.0,0.0,0.0,0.0,0.0,65.6,0,118,57,53,65476,0,300,0,0,8,20529,65476,0,0,57672,80.0,0.0,0.0,0.0,0.0,0.0
2026-06-18T02:57:11,ERR,ERR,ERR,ERR,ERR,ERR,ERR,ERR,ERR,ERR,ERR,ERR,ERR,ERR,ERR,ERR,ERR,ERR,ERR,ERR,ERR,ERR,ERR,ERR,ERR,ERR,ERR,ERR,ERR,ERR,ERR,ERR,ERR,ERR,ERR,ERR,ERR,ERR,ERR,ERR,ERR,ERR,ERR,ERR,ERR,ERR,ERR,ERR,ERR,ERR,ERR,ERR,ERR,ERR,ERR,ERR,ERR,ERR,ERR,ERR,ERR,ERR,ERR,ERR,ERR,ERR,ERR,ERR,ERR,ERR,ERR,ERR,ERR,ERR,ERR,ERR,ERR,ERR,ERR,ERR,ERR,ERR,ERR,ERR,ERR,ERR,ERR,ERR,ERR,ERR,ERR,ERR,ERR,ERR,ERR,ERR,ERR,ERR,ERR,ERR,ERR,ERR,ERR,ERR,ERR,ERR,ERR,ERR,ERR,ERR,ERR,ERR,ERR,ERR,ERR,ERR,ERR,ERR,ERR,ERR,ERR,ERR,ERR,ERR,ERR,0.0,-107615384.0,-0.0,2.718290229135658e+23,nan,1.3936040501711995e+18,7.805,-12113.15,0,0,4,48930,6720,14723890282496.0,100,0.0,0.0,0.0,2.718290229135658e+23,0.0,0,0,0,0,0.0,0,0,0,0,0,0,0,0,0,0,0,0,0,0,0,0,0,0,0,0,0,0,0,0,0,0,0,0,0,0,0,0,0,26,51,50,76,65476,0,300,0,0,8,21553,0.0,-107605600.0,0.0,0.0,0.0,0.0,0.0,0.0,0.0,0.0,0.0,0.0,0.0,0.0,0.0,0.0,0.0,0.0,0.0,0.0,0.0,0.0,2.004,-2.004,2.004,0.0,0.0,0.0,0.0,0.0,4842.0,0.0,7234.0,0.0,-107615384.0,0.0,0.0,0.0,0.0,0.0,0.0,77,-0.0,1.9056847201763328e+17,0.0,0.0,0.0,0.0,0.0,0.0,0.0,0,0,0,0.0,0.0,0.0,0.0,0.0,0.0,0.0,0.0,0.0,0.0,0.0,0.0,0.0,0.0,0.0,0.0,0,-107875648.0,77,0.0,154,0.0,2.6533865130338155e+23,ERR,ERR,ERR,ERR,ERR,ERR,ERR,ERR,ERR,ERR,ERR,ERR,ERR,ERR,ERR,ERR,ERR,ERR,ERR,ERR,ERR,ERR,ERR,ERR,ERR,ERR,ERR,ERR,ERR,ERR,ERR,ERR,ERR,ERR,ERR,ERR,ERR,ERR,ERR,ERR,ERR,ERR,ERR,ERR,ERR,ERR,ERR,ERR,ERR,ERR,ERR,ERR,ERR,ERR,ERR,ERR,ERR,ERR,ERR,ERR,ERR,ERR,ERR,ERR,ERR,ERR,ERR,34.0,80.0,35,0.0,0.0,0.0,0.0,0.0,0.0,0.0,0.0,0.0,0.0,0.0,0.0,0.0,0.0,0.0,0.0,65.6,0,118,57,53,65476,0,300,0,0,8,20529,65476,0,0,57672,80.0,0.0,0.0,0.0,0.0,0.0
2026-06-18T02:57:12,ERR,ERR,ERR,ERR,ERR,ERR,ERR,ERR,ERR,ERR,ERR,ERR,ERR,ERR,ERR,ERR,ERR,ERR,ERR,ERR,ERR,ERR,ERR,ERR,ERR,ERR,ERR,ERR,ERR,ERR,ERR,ERR,ERR,ERR,ERR,ERR,ERR,ERR,ERR,ERR,ERR,ERR,ERR,ERR,ERR,ERR,ERR,ERR,ERR,ERR,ERR,ERR,ERR,ERR,ERR,ERR,ERR,ERR,ERR,ERR,ERR,ERR,ERR,ERR,ERR,ERR,ERR,ERR,ERR,ERR,ERR,ERR,ERR,ERR,ERR,ERR,ERR,ERR,ERR,ERR,ERR,ERR,ERR,ERR,ERR,ERR,ERR,ERR,ERR,ERR,ERR,ERR,ERR,ERR,ERR,ERR,ERR,ERR,ERR,ERR,ERR,ERR,ERR,ERR,ERR,ERR,ERR,ERR,ERR,ERR,ERR,ERR,ERR,ERR,ERR,ERR,ERR,ERR,ERR,ERR,ERR,ERR,ERR,ERR,ERR,0.0,-107615384.0,-0.0,2.718290229135658e+23,nan,1.3936040501711995e+18,7.805,-12113.15,0,0,4,48930,6720,14723890282496.0,100,0.0,0.0,0.0,2.718290229135658e+23,0.0,0,0,0,0,0.0,0,0,0,0,0,0,0,0,0,0,0,0,0,0,0,0,0,0,0,0,0,0,0,0,0,0,0,0,0,0,0,0,0,26,51,50,76,65476,0,300,0,0,8,21553,0.0,-107605600.0,0.0,0.0,0.0,0.0,0.0,0.0,0.0,0.0,0.0,0.0,0.0,0.0,0.0,0.0,0.0,0.0,0.0,0.0,0.0,0.0,2.004,-2.004,2.004,0.0,0.0,0.0,0.0,0.0,4842.0,0.0,7234.0,0.0,-107615384.0,0.0,0.0,0.0,0.0,0.0,0.0,77,-0.0,1.9056847201763328e+17,0.0,0.0,0.0,0.0,0.0,0.0,0.0,0,0,0,0.0,0.0,0.0,0.0,0.0,0.0,0.0,0.0,0.0,0.0,0.0,0.0,0.0,0.0,0.0,0.0,0,-107875648.0,77,0.0,154,0.0,2.6533865130338155e+23,ERR,ERR,ERR,ERR,ERR,ERR,ERR,ERR,ERR,ERR,ERR,ERR,ERR,ERR,ERR,ERR,ERR,ERR,ERR,ERR,ERR,ERR,ERR,ERR,ERR,ERR,ERR,ERR,ERR,ERR,ERR,ERR,ERR,ERR,ERR,ERR,ERR,ERR,ERR,ERR,ERR,ERR,ERR,ERR,ERR,ERR,ERR,ERR,ERR,ERR,ERR,ERR,ERR,ERR,ERR,ERR,ERR,ERR,ERR,ERR,ERR,ERR,ERR,ERR,ERR,ERR,ERR,34.0,80.0,35,0.0,0.0,0.0,0.0,0.0,0.0,0.0,0.0,0.0,0.0,0.0,0.0,0.0,0.0,0.0,0.0,65.6,0,118,57,53,65476,0,300,0,0,8,20529,65476,0,0,57672,80.0,0.0,0.0,0.0,0.0,0.0
2026-06-18T02:57:13,ERR,ERR,ERR,ERR,ERR,ERR,ERR,ERR,ERR,ERR,ERR,ERR,ERR,ERR,ERR,ERR,ERR,ERR,ERR,ERR,ERR,ERR,ERR,ERR,ERR,ERR,ERR,ERR,ERR,ERR,ERR,ERR,ERR,ERR,ERR,ERR,ERR,ERR,ERR,ERR,ERR,ERR,ERR,ERR,ERR,ERR,ERR,ERR,ERR,ERR,ERR,ERR,ERR,ERR,ERR,ERR,ERR,ERR,ERR,ERR,ERR,ERR,ERR,ERR,ERR,ERR,ERR,ERR,ERR,ERR,ERR,ERR,ERR,ERR,ERR,ERR,ERR,ERR,ERR,ERR,ERR,ERR,ERR,ERR,ERR,ERR,ERR,ERR,ERR,ERR,ERR,ERR,ERR,ERR,ERR,ERR,ERR,ERR,ERR,ERR,ERR,ERR,ERR,ERR,ERR,ERR,ERR,ERR,ERR,ERR,ERR,ERR,ERR,ERR,ERR,ERR,ERR,ERR,ERR,ERR,ERR,ERR,ERR,ERR,ERR,0.0,-107615384.0,-0.0,2.718290229135658e+23,nan,1.3936040501711995e+18,7.805,-12113.15,0,0,4,48930,6720,14723890282496.0,100,0.0,0.0,0.0,2.718290229135658e+23,0.0,0,0,0,0,0.0,0,0,0,0,0,0,0,0,0,0,0,0,0,0,0,0,0,0,0,0,0,0,0,0,0,0,0,0,0,0,0,0,0,26,51,50,76,65476,0,300,0,0,8,21553,0.0,-107605600.0,0.0,0.0,0.0,0.0,0.0,0.0,0.0,0.0,0.0,0.0,0.0,0.0,0.0,0.0,0.0,0.0,0.0,0.0,0.0,0.0,2.004,-2.004,2.004,0.0,0.0,0.0,0.0,0.0,4842.0,0.0,7234.0,0.0,-107615384.0,0.0,0.0,0.0,0.0,0.0,0.0,77,-0.0,1.9056847201763328e+17,0.0,0.0,0.0,0.0,0.0,0.0,0.0,0,0,0,0.0,0.0,0.0,0.0,0.0,0.0,0.0,0.0,0.0,0.0,0.0,0.0,0.0,0.0,0.0,0.0,0,-107875648.0,77,0.0,154,0.0,2.6533865130338155e+23,ERR,ERR,ERR,ERR,ERR,ERR,ERR,ERR,ERR,ERR,ERR,ERR,ERR,ERR,ERR,ERR,ERR,ERR,ERR,ERR,ERR,ERR,ERR,ERR,ERR,ERR,ERR,ERR,ERR,ERR,ERR,ERR,ERR,ERR,ERR,ERR,ERR,ERR,ERR,ERR,ERR,ERR,ERR,ERR,ERR,ERR,ERR,ERR,ERR,ERR,ERR,ERR,ERR,ERR,ERR,ERR,ERR,ERR,ERR,ERR,ERR,ERR,ERR,ERR,ERR,ERR,ERR,34.0,80.0,35,0.0,0.0,0.0,0.0,0.0,0.0,0.0,0.0,0.0,0.0,0.0,0.0,0.0,0.0,0.0,0.0,65.6,0,118,57,53,65476,0,300,0,0,8,20529,65476,0,0,57672,80.0,0.0,0.0,0.0,0.0,0.0
2026-06-18T02:57:14,ERR,ERR,ERR,ERR,ERR,ERR,ERR,ERR,ERR,ERR,ERR,ERR,ERR,ERR,ERR,ERR,ERR,ERR,ERR,ERR,ERR,ERR,ERR,ERR,ERR,ERR,ERR,ERR,ERR,ERR,ERR,ERR,ERR,ERR,ERR,ERR,ERR,ERR,ERR,ERR,ERR,ERR,ERR,ERR,ERR,ERR,ERR,ERR,ERR,ERR,ERR,ERR,ERR,ERR,ERR,ERR,ERR,ERR,ERR,ERR,ERR,ERR,ERR,ERR,ERR,ERR,ERR,ERR,ERR,ERR,ERR,ERR,ERR,ERR,ERR,ERR,ERR,ERR,ERR,ERR,ERR,ERR,ERR,ERR,ERR,ERR,ERR,ERR,ERR,ERR,ERR,ERR,ERR,ERR,ERR,ERR,ERR,ERR,ERR,ERR,ERR,ERR,ERR,ERR,ERR,ERR,ERR,ERR,ERR,ERR,ERR,ERR,ERR,ERR,ERR,ERR,ERR,ERR,ERR,ERR,ERR,ERR,ERR,ERR,ERR,0.0,-107615384.0,-0.0,2.718290229135658e+23,nan,1.3936040501711995e+18,7.805,-12113.15,0,0,4,48930,6720,14723890282496.0,100,0.0,0.0,0.0,2.718290229135658e+23,0.0,0,0,0,0,0.0,0,0,0,0,0,0,0,0,0,0,0,0,0,0,0,0,0,0,0,0,0,0,0,0,0,0,0,0,0,0,0,0,0,26,51,50,76,65476,0,300,0,0,8,21553,0.0,-107605600.0,0.0,0.0,0.0,0.0,0.0,0.0,0.0,0.0,0.0,0.0,0.0,0.0,0.0,0.0,0.0,0.0,0.0,0.0,0.0,0.0,2.004,-2.004,2.004,0.0,0.0,0.0,0.0,0.0,4842.0,0.0,7234.0,0.0,-107615384.0,0.0,0.0,0.0,0.0,0.0,0.0,77,-0.0,1.9056847201763328e+17,0.0,0.0,0.0,0.0,0.0,0.0,0.0,0,0,0,0.0,0.0,0.0,0.0,0.0,0.0,0.0,0.0,0.0,0.0,0.0,0.0,0.0,0.0,0.0,0.0,0,-107875648.0,77,0.0,154,0.0,2.6533865130338155e+23,ERR,ERR,ERR,ERR,ERR,ERR,ERR,ERR,ERR,ERR,ERR,ERR,ERR,ERR,ERR,ERR,ERR,ERR,ERR,ERR,ERR,ERR,ERR,ERR,ERR,ERR,ERR,ERR,ERR,ERR,ERR,ERR,ERR,ERR,ERR,ERR,ERR,ERR,ERR,ERR,ERR,ERR,ERR,ERR,ERR,ERR,ERR,ERR,ERR,ERR,ERR,ERR,ERR,ERR,ERR,ERR,ERR,ERR,ERR,ERR,ERR,ERR,ERR,ERR,ERR,ERR,ERR,34.0,80.0,35,0.0,0.0,0.0,0.0,0.0,0.0,0.0,0.0,0.0,0.0,0.0,0.0,0.0,0.0,0.0,0.0,66.4,0,118,57,53,65476,0,300,0,0,8,20529,65476,0,0,57672,80.0,0.0,0.0,0.0,0.0,0.0
2026-06-18T02:57:15,ERR,ERR,ERR,ERR,ERR,ERR,ERR,ERR,ERR,ERR,ERR,ERR,ERR,ERR,ERR,ERR,ERR,ERR,ERR,ERR,ERR,ERR,ERR,ERR,ERR,ERR,ERR,ERR,ERR,ERR,ERR,ERR,ERR,ERR,ERR,ERR,ERR,ERR,ERR,ERR,ERR,ERR,ERR,ERR,ERR,ERR,ERR,ERR,ERR,ERR,ERR,ERR,ERR,ERR,ERR,ERR,ERR,ERR,ERR,ERR,ERR,ERR,ERR,ERR,ERR,ERR,ERR,ERR,ERR,ERR,ERR,ERR,ERR,ERR,ERR,ERR,ERR,ERR,ERR,ERR,ERR,ERR,ERR,ERR,ERR,ERR,ERR,ERR,ERR,ERR,ERR,ERR,ERR,ERR,ERR,ERR,ERR,ERR,ERR,ERR,ERR,ERR,ERR,ERR,ERR,ERR,ERR,ERR,ERR,ERR,ERR,ERR,ERR,ERR,ERR,ERR,ERR,ERR,ERR,ERR,ERR,ERR,ERR,ERR,ERR,0.0,-107615384.0,-0.0,0.0,nan,1.3936040501711995e+18,7.805,118629576.0,0,0,4,48930,6720,14723890282496.0,100,0.0,0.0,0.0,0.059,0.0,0,0,0,0,0.0,0,0,0,0,0,0,0,0,0,0,0,0,0,0,0,0,0,0,0,0,0,0,0,0,0,0,0,0,0,0,0,0,0,26,51,50,76,65476,0,300,0,0,8,21553,0.0,-107605600.0,0.0,0.0,0.0,0.0,0.0,0.0,0.0,0.0,0.0,0.0,0.0,0.0,0.0,0.0,0.0,0.0,0.0,0.0,0.0,0.0,2.004,-2.004,2.004,0.0,0.0,0.0,0.0,0.0,4812.0,-2.422986175150025e+24,7261.0,0.0,-107615384.0,0.0,0.0,0.0,0.0,0.0,0.0,77,-0.0,0.0,0.0,0.0,0.0,0.0,0.0,0.0,0.0,0,0,0,0.0,0.0,0.0,0.0,0.0,0.0,0.0,0.0,0.0,0.0,0.0,0.0,0.0,0.0,0.0,0.0,0,-107875648.0,77,0.0,154,0.0,-101056864.0,ERR,ERR,ERR,ERR,ERR,ERR,ERR,ERR,ERR,ERR,ERR,ERR,ERR,ERR,ERR,ERR,ERR,ERR,ERR,ERR,ERR,ERR,ERR,ERR,ERR,ERR,ERR,ERR,ERR,ERR,ERR,ERR,ERR,ERR,ERR,ERR,ERR,ERR,ERR,ERR,ERR,ERR,ERR,ERR,ERR,ERR,ERR,ERR,ERR,ERR,ERR,ERR,ERR,ERR,ERR,ERR,ERR,ERR,ERR,ERR,ERR,ERR,ERR,ERR,ERR,ERR,ERR,34.0,80.0,35,0.0,0.0,0.0,0.0,0.0,0.0,0.0,0.0,0.0,0.0,0.0,0.0,0.0,0.0,0.0,0.0,66.4,0,118,57,53,65476,0,300,0,0,8,20529,65476,0,0,57672,80.0,0.0,0.0,0.0,0.0,0.0
2026-06-18T02:57:16,ERR,ERR,ERR,ERR,ERR,ERR,ERR,ERR,ERR,ERR,ERR,ERR,ERR,ERR,ERR,ERR,ERR,ERR,ERR,ERR,ERR,ERR,ERR,ERR,ERR,ERR,ERR,ERR,ERR,ERR,ERR,ERR,ERR,ERR,ERR,ERR,ERR,ERR,ERR,ERR,ERR,ERR,ERR,ERR,ERR,ERR,ERR,ERR,ERR,ERR,ERR,ERR,ERR,ERR,ERR,ERR,ERR,ERR,ERR,ERR,ERR,ERR,ERR,ERR,ERR,ERR,ERR,ERR,ERR,ERR,ERR,ERR,ERR,ERR,ERR,ERR,ERR,ERR,ERR,ERR,ERR,ERR,ERR,ERR,ERR,ERR,ERR,ERR,ERR,ERR,ERR,ERR,ERR,ERR,ERR,ERR,ERR,ERR,ERR,ERR,ERR,ERR,ERR,ERR,ERR,ERR,ERR,ERR,ERR,ERR,ERR,ERR,ERR,ERR,ERR,ERR,ERR,ERR,ERR,ERR,ERR,ERR,ERR,ERR,ERR,0.0,-107615384.0,-0.0,0.0,nan,1.3936040501711995e+18,7.805,118629576.0,0,0,4,48930,6720,14723890282496.0,100,0.0,0.0,0.0,0.059,0.0,0,0,0,0,0.0,0,0,0,0,0,0,0,0,0,0,0,0,0,0,0,0,0,0,0,0,0,0,0,0,0,0,0,0,0,0,0,0,0,26,51,50,76,65476,0,300,0,0,8,21553,0.0,-107605600.0,0.0,0.0,0.0,0.0,0.0,0.0,0.0,0.0,0.0,0.0,0.0,0.0,0.0,0.0,0.0,0.0,0.0,0.0,0.0,0.0,2.004,-2.004,2.004,0.0,0.0,0.0,0.0,0.0,4812.0,-2.422986175150025e+24,7261.0,0.0,-107615384.0,0.0,0.0,0.0,0.0,0.0,0.0,77,-0.0,0.0,0.0,0.0,0.0,0.0,0.0,0.0,0.0,0,0,0,0.0,0.0,0.0,0.0,0.0,0.0,0.0,0.0,0.0,0.0,0.0,0.0,0.0,0.0,0.0,0.0,0,-107875648.0,77,0.0,154,0.0,-101056864.0,ERR,ERR,ERR,ERR,ERR,ERR,ERR,ERR,ERR,ERR,ERR,ERR,ERR,ERR,ERR,ERR,ERR,ERR,ERR,ERR,ERR,ERR,ERR,ERR,ERR,ERR,ERR,ERR,ERR,ERR,ERR,ERR,ERR,ERR,ERR,ERR,ERR,ERR,ERR,ERR,ERR,ERR,ERR,ERR,ERR,ERR,ERR,ERR,ERR,ERR,ERR,ERR,ERR,ERR,ERR,ERR,ERR,ERR,ERR,ERR,ERR,ERR,ERR,ERR,ERR,ERR,ERR,34.0,80.0,35,0.0,0.0,0.0,0.0,0.0,0.0,0.0,0.0,0.0,0.0,0.0,0.0,0.0,0.0,0.0,0.0,65.6,0,118,57,53,65476,0,300,0,0,8,20529,65476,0,0,57672,80.0,0.0,0.0,0.0,0.0,0.0
2026-06-18T02:57:17,ERR,ERR,ERR,ERR,ERR,ERR,ERR,ERR,ERR,ERR,ERR,ERR,ERR,ERR,ERR,ERR,ERR,ERR,ERR,ERR,ERR,ERR,ERR,ERR,ERR,ERR,ERR,ERR,ERR,ERR,ERR,ERR,ERR,ERR,ERR,ERR,ERR,ERR,ERR,ERR,ERR,ERR,ERR,ERR,ERR,ERR,ERR,ERR,ERR,ERR,ERR,ERR,ERR,ERR,ERR,ERR,ERR,ERR,ERR,ERR,ERR,ERR,ERR,ERR,ERR,ERR,ERR,ERR,ERR,ERR,ERR,ERR,ERR,ERR,ERR,ERR,ERR,ERR,ERR,ERR,ERR,ERR,ERR,ERR,ERR,ERR,ERR,ERR,ERR,ERR,ERR,ERR,ERR,ERR,ERR,ERR,ERR,ERR,ERR,ERR,ERR,ERR,ERR,ERR,ERR,ERR,ERR,ERR,ERR,ERR,ERR,ERR,ERR,ERR,ERR,ERR,ERR,ERR,ERR,ERR,ERR,ERR,ERR,ERR,ERR,0.0,-107615384.0,-0.0,0.0,nan,1.3936040501711995e+18,7.805,118629576.0,0,0,4,48930,6720,14723890282496.0,100,0.0,0.0,0.0,0.059,0.0,0,0,0,0,0.0,0,0,0,0,0,0,0,0,0,0,0,0,0,0,0,0,0,0,0,0,0,0,0,0,0,0,0,0,0,0,0,0,0,26,51,50,76,65476,0,300,0,0,8,21553,0.0,-107605600.0,0.0,0.0,0.0,0.0,0.0,0.0,0.0,0.0,0.0,0.0,0.0,0.0,0.0,0.0,0.0,0.0,0.0,0.0,0.0,0.0,2.004,-2.004,2.004,0.0,0.0,0.0,0.0,0.0,4812.0,-2.422986175150025e+24,7261.0,0.0,-107615384.0,0.0,0.0,0.0,0.0,0.0,0.0,77,-0.0,0.0,0.0,0.0,0.0,0.0,0.0,0.0,0.0,0,0,0,0.0,0.0,0.0,0.0,0.0,0.0,0.0,0.0,0.0,0.0,0.0,0.0,0.0,0.0,0.0,0.0,0,-107875648.0,77,0.0,154,0.0,-101056864.0,ERR,ERR,ERR,ERR,ERR,ERR,ERR,ERR,ERR,ERR,ERR,ERR,ERR,ERR,ERR,ERR,ERR,ERR,ERR,ERR,ERR,ERR,ERR,ERR,ERR,ERR,ERR,ERR,ERR,ERR,ERR,ERR,ERR,ERR,ERR,ERR,ERR,ERR,ERR,ERR,ERR,ERR,ERR,ERR,ERR,ERR,ERR,ERR,ERR,ERR,ERR,ERR,ERR,ERR,ERR,ERR,ERR,ERR,ERR,ERR,ERR,ERR,ERR,ERR,ERR,ERR,ERR,34.0,80.0,35,0.0,0.0,0.0,0.0,0.0,0.0,0.0,0.0,0.0,0.0,0.0,0.0,0.0,0.0,0.0,0.0,65.6,0,118,57,53,65476,0,300,0,0,8,20529,65476,0,0,57672,80.0,0.0,0.0,0.0,0.0,0.0
2026-06-18T02:57:18,ERR,ERR,ERR,ERR,ERR,ERR,ERR,ERR,ERR,ERR,ERR,ERR,ERR,ERR,ERR,ERR,ERR,ERR,ERR,ERR,ERR,ERR,ERR,ERR,ERR,ERR,ERR,ERR,ERR,ERR,ERR,ERR,ERR,ERR,ERR,ERR,ERR,ERR,ERR,ERR,ERR,ERR,ERR,ERR,ERR,ERR,ERR,ERR,ERR,ERR,ERR,ERR,ERR,ERR,ERR,ERR,ERR,ERR,ERR,ERR,ERR,ERR,ERR,ERR,ERR,ERR,ERR,ERR,ERR,ERR,ERR,ERR,ERR,ERR,ERR,ERR,ERR,ERR,ERR,ERR,ERR,ERR,ERR,ERR,ERR,ERR,ERR,ERR,ERR,ERR,ERR,ERR,ERR,ERR,ERR,ERR,ERR,ERR,ERR,ERR,ERR,ERR,ERR,ERR,ERR,ERR,ERR,ERR,ERR,ERR,ERR,ERR,ERR,ERR,ERR,ERR,ERR,ERR,ERR,ERR,ERR,ERR,ERR,ERR,ERR,0.0,-107615384.0,-0.0,0.0,nan,1.3936040501711995e+18,7.805,118629576.0,0,0,4,48930,6720,14723890282496.0,100,0.0,0.0,0.0,0.059,0.0,0,0,0,0,0.0,0,0,0,0,0,0,0,0,0,0,0,0,0,0,0,0,0,0,0,0,0,0,0,0,0,0,0,0,0,0,0,0,0,26,51,50,76,65476,0,300,0,0,8,21553,0.0,-107605600.0,0.0,0.0,0.0,0.0,0.0,0.0,0.0,0.0,0.0,0.0,0.0,0.0,0.0,0.0,0.0,0.0,0.0,0.0,0.0,0.0,2.004,-2.004,2.004,0.0,0.0,0.0,0.0,0.0,4812.0,-2.422986175150025e+24,7261.0,0.0,-107615384.0,0.0,0.0,0.0,0.0,0.0,0.0,77,-0.0,0.0,0.0,0.0,0.0,0.0,0.0,0.0,0.0,0,0,0,0.0,0.0,0.0,0.0,0.0,0.0,0.0,0.0,0.0,0.0,0.0,0.0,0.0,0.0,0.0,0.0,0,-107875648.0,77,0.0,154,0.0,-101056864.0,ERR,ERR,ERR,ERR,ERR,ERR,ERR,ERR,ERR,ERR,ERR,ERR,ERR,ERR,ERR,ERR,ERR,ERR,ERR,ERR,ERR,ERR,ERR,ERR,ERR,ERR,ERR,ERR,ERR,ERR,ERR,ERR,ERR,ERR,ERR,ERR,ERR,ERR,ERR,ERR,ERR,ERR,ERR,ERR,ERR,ERR,ERR,ERR,ERR,ERR,ERR,ERR,ERR,ERR,ERR,ERR,ERR,ERR,ERR,ERR,ERR,ERR,ERR,ERR,ERR,ERR,ERR,34.0,80.0,35,0.0,0.0,0.0,0.0,0.0,0.0,0.0,0.0,0.0,0.0,0.0,0.0,0.0,0.0,0.0,0.0,65.6,0,118,57,53,65476,0,300,0,0,8,20529,65476,0,0,57672,80.0,0.0,0.0,0.0,0.0,0.0
2026-06-18T02:57:19,ERR,ERR,ERR,ERR,ERR,ERR,ERR,ERR,ERR,ERR,ERR,ERR,ERR,ERR,ERR,ERR,ERR,ERR,ERR,ERR,ERR,ERR,ERR,ERR,ERR,ERR,ERR,ERR,ERR,ERR,ERR,ERR,ERR,ERR,ERR,ERR,ERR,ERR,ERR,ERR,ERR,ERR,ERR,ERR,ERR,ERR,ERR,ERR,ERR,ERR,ERR,ERR,ERR,ERR,ERR,ERR,ERR,ERR,ERR,ERR,ERR,ERR,ERR,ERR,ERR,ERR,ERR,ERR,ERR,ERR,ERR,ERR,ERR,ERR,ERR,ERR,ERR,ERR,ERR,ERR,ERR,ERR,ERR,ERR,ERR,ERR,ERR,ERR,ERR,ERR,ERR,ERR,ERR,ERR,ERR,ERR,ERR,ERR,ERR,ERR,ERR,ERR,ERR,ERR,ERR,ERR,ERR,ERR,ERR,ERR,ERR,ERR,ERR,ERR,ERR,ERR,ERR,ERR,ERR,ERR,ERR,ERR,ERR,ERR,ERR,0.0,-107615384.0,-0.0,0.0,nan,1.3936040501711995e+18,7.805,118629576.0,0,0,4,48930,6720,14723890282496.0,100,0.0,0.0,0.0,0.059,0.0,0,0,0,0,0.0,0,0,0,0,0,0,0,0,0,0,0,0,0,0,0,0,0,0,0,0,0,0,0,0,0,0,0,0,0,0,0,0,0,26,51,50,76,65476,0,300,0,0,8,21553,0.0,-107605600.0,0.0,0.0,0.0,0.0,0.0,0.0,0.0,0.0,0.0,0.0,0.0,0.0,0.0,0.0,0.0,0.0,0.0,0.0,0.0,0.0,2.004,-2.004,2.004,0.0,0.0,0.0,0.0,0.0,4812.0,-2.422986175150025e+24,7261.0,0.0,-107615384.0,0.0,0.0,0.0,0.0,0.0,0.0,77,-0.0,0.0,0.0,0.0,0.0,0.0,0.0,0.0,0.0,0,0,0,0.0,0.0,0.0,0.0,0.0,0.0,0.0,0.0,0.0,0.0,0.0,0.0,0.0,0.0,0.0,0.0,0,-107875648.0,77,0.0,154,0.0,-101056864.0,ERR,ERR,ERR,ERR,ERR,ERR,ERR,ERR,ERR,ERR,ERR,ERR,ERR,ERR,ERR,ERR,ERR,ERR,ERR,ERR,ERR,ERR,ERR,ERR,ERR,ERR,ERR,ERR,ERR,ERR,ERR,ERR,ERR,ERR,ERR,ERR,ERR,ERR,ERR,ERR,ERR,ERR,ERR,ERR,ERR,ERR,ERR,ERR,ERR,ERR,ERR,ERR,ERR,ERR,ERR,ERR,ERR,ERR,ERR,ERR,ERR,ERR,ERR,ERR,ERR,ERR,ERR,34.0,80.0,35,0.0,0.0,0.0,0.0,0.0,0.0,0.0,0.0,0.0,0.0,0.0,0.0,0.0,0.0,0.0,0.0,65.6,0,118,57,53,65476,0,300,0,0,8,20529,65476,0,0,57672,80.0,0.0,0.0,0.0,0.0,0.0
2026-06-18T02:57:20,ERR,ERR,ERR,ERR,ERR,ERR,ERR,ERR,ERR,ERR,ERR,ERR,ERR,ERR,ERR,ERR,ERR,ERR,ERR,ERR,ERR,ERR,ERR,ERR,ERR,ERR,ERR,ERR,ERR,ERR,ERR,ERR,ERR,ERR,ERR,ERR,ERR,ERR,ERR,ERR,ERR,ERR,ERR,ERR,ERR,ERR,ERR,ERR,ERR,ERR,ERR,ERR,ERR,ERR,ERR,ERR,ERR,ERR,ERR,ERR,ERR,ERR,ERR,ERR,ERR,ERR,ERR,ERR,ERR,ERR,ERR,ERR,ERR,ERR,ERR,ERR,ERR,ERR,ERR,ERR,ERR,ERR,ERR,ERR,ERR,ERR,ERR,ERR,ERR,ERR,ERR,ERR,ERR,ERR,ERR,ERR,ERR,ERR,ERR,ERR,ERR,ERR,ERR,ERR,ERR,ERR,ERR,ERR,ERR,ERR,ERR,ERR,ERR,ERR,ERR,ERR,ERR,ERR,ERR,ERR,ERR,ERR,ERR,ERR,ERR,0.0,-107615384.0,-0.0,-0.0,nan,1.3936040501711995e+18,7.805,1.182,0,0,4,48926,6720,14723890282496.0,100,0.0,0.0,0.0,-0.0,0.0,0,0,0,0,0.0,0,0,0,0,0,0,0,0,0,0,0,0,0,0,0,0,0,0,0,0,0,0,0,0,0,0,0,0,0,0,0,0,0,26,51,50,76,65476,0,300,0,0,8,21553,0.0,-107605600.0,0.0,0.0,0.0,0.0,0.0,0.0,0.0,0.0,0.0,0.0,0.0,0.0,0.0,0.0,0.0,0.0,0.0,0.0,0.0,0.0,2.004,-2.004,2.004,0.0,0.0,0.0,0.0,0.0,4814.0,-2.422986175150025e+24,7261.0,0.0,-107615384.0,0.0,0.0,0.0,0.0,0.0,0.0,77,-0.0,0.0,0.0,0.0,0.0,0.0,0.0,0.0,0.0,0,0,0,0.0,0.0,0.0,0.0,0.0,0.0,0.0,0.0,0.0,0.0,0.0,0.0,0.0,0.0,0.0,0.0,0,-107875648.0,77,0.0,154,0.0,-101056864.0,ERR,ERR,ERR,ERR,ERR,ERR,ERR,ERR,ERR,ERR,ERR,ERR,ERR,ERR,ERR,ERR,ERR,ERR,ERR,ERR,ERR,ERR,ERR,ERR,ERR,ERR,ERR,ERR,ERR,ERR,ERR,ERR,ERR,ERR,ERR,ERR,ERR,ERR,ERR,ERR,ERR,ERR,ERR,ERR,ERR,ERR,ERR,ERR,ERR,ERR,ERR,ERR,ERR,ERR,ERR,ERR,ERR,ERR,ERR,ERR,ERR,ERR,ERR,ERR,ERR,ERR,ERR,34.0,80.0,35,0.0,0.0,0.0,0.0,0.0,0.0,0.0,0.0,0.0,0.0,0.0,0.0,0.0,0.0,0.0,0.0,65.6,0,118,57,53,65476,0,300,0,0,8,20529,65476,0,0,57672,80.0,0.0,0.0,0.0,0.0,0.0
2026-06-18T02:57:21,ERR,ERR,ERR,ERR,ERR,ERR,ERR,ERR,ERR,ERR,ERR,ERR,ERR,ERR,ERR,ERR,ERR,ERR,ERR,ERR,ERR,ERR,ERR,ERR,ERR,ERR,ERR,ERR,ERR,ERR,ERR,ERR,ERR,ERR,ERR,ERR,ERR,ERR,ERR,ERR,ERR,ERR,ERR,ERR,ERR,ERR,ERR,ERR,ERR,ERR,ERR,ERR,ERR,ERR,ERR,ERR,ERR,ERR,ERR,ERR,ERR,ERR,ERR,ERR,ERR,ERR,ERR,ERR,ERR,ERR,ERR,ERR,ERR,ERR,ERR,ERR,ERR,ERR,ERR,ERR,ERR,ERR,ERR,ERR,ERR,ERR,ERR,ERR,ERR,ERR,ERR,ERR,ERR,ERR,ERR,ERR,ERR,ERR,ERR,ERR,ERR,ERR,ERR,ERR,ERR,ERR,ERR,ERR,ERR,ERR,ERR,ERR,ERR,ERR,ERR,ERR,ERR,ERR,ERR,ERR,ERR,ERR,ERR,ERR,ERR,0.0,-107615384.0,-0.0,-0.0,nan,1.3936040501711995e+18,7.805,1.182,0,0,4,48926,6720,14723890282496.0,100,0.0,0.0,0.0,-0.0,0.0,0,0,0,0,0.0,0,0,0,0,0,0,0,0,0,0,0,0,0,0,0,0,0,0,0,0,0,0,0,0,0,0,0,0,0,0,0,0,0,26,51,50,76,65476,0,300,0,0,8,21553,0.0,-107605600.0,0.0,0.0,0.0,0.0,0.0,0.0,0.0,0.0,0.0,0.0,0.0,0.0,0.0,0.0,0.0,0.0,0.0,0.0,0.0,0.0,2.004,-2.004,2.004,0.0,0.0,0.0,0.0,0.0,4814.0,-2.422986175150025e+24,7261.0,0.0,-107615384.0,0.0,0.0,0.0,0.0,0.0,0.0,77,-0.0,0.0,0.0,0.0,0.0,0.0,0.0,0.0,0.0,0,0,0,0.0,0.0,0.0,0.0,0.0,0.0,0.0,0.0,0.0,0.0,0.0,0.0,0.0,0.0,0.0,0.0,0,-107875648.0,77,0.0,154,0.0,-101056864.0,ERR,ERR,ERR,ERR,ERR,ERR,ERR,ERR,ERR,ERR,ERR,ERR,ERR,ERR,ERR,ERR,ERR,ERR,ERR,ERR,ERR,ERR,ERR,ERR,ERR,ERR,ERR,ERR,ERR,ERR,ERR,ERR,ERR,ERR,ERR,ERR,ERR,ERR,ERR,ERR,ERR,ERR,ERR,ERR,ERR,ERR,ERR,ERR,ERR,ERR,ERR,ERR,ERR,ERR,ERR,ERR,ERR,ERR,ERR,ERR,ERR,ERR,ERR,ERR,ERR,ERR,ERR,34.0,80.0,35,0.0,0.0,0.0,0.0,0.0,0.0,0.0,0.0,0.0,0.0,0.0,0.0,0.0,0.0,0.0,0.0,65.6,0,118,57,53,65476,0,300,0,0,8,20529,65476,0,0,57672,80.0,0.0,0.0,0.0,0.0,0.0
2026-06-18T02:57:22,ERR,ERR,ERR,ERR,ERR,ERR,ERR,ERR,ERR,ERR,ERR,ERR,ERR,ERR,ERR,ERR,ERR,ERR,ERR,ERR,ERR,ERR,ERR,ERR,ERR,ERR,ERR,ERR,ERR,ERR,ERR,ERR,ERR,ERR,ERR,ERR,ERR,ERR,ERR,ERR,ERR,ERR,ERR,ERR,ERR,ERR,ERR,ERR,ERR,ERR,ERR,ERR,ERR,ERR,ERR,ERR,ERR,ERR,ERR,ERR,ERR,ERR,ERR,ERR,ERR,ERR,ERR,ERR,ERR,ERR,ERR,ERR,ERR,ERR,ERR,ERR,ERR,ERR,ERR,ERR,ERR,ERR,ERR,ERR,ERR,ERR,ERR,ERR,ERR,ERR,ERR,ERR,ERR,ERR,ERR,ERR,ERR,ERR,ERR,ERR,ERR,ERR,ERR,ERR,ERR,ERR,ERR,ERR,ERR,ERR,ERR,ERR,ERR,ERR,ERR,ERR,ERR,ERR,ERR,ERR,ERR,ERR,ERR,ERR,ERR,0.0,-107615384.0,-0.0,-0.0,nan,1.3936040501711995e+18,7.805,1.182,0,0,4,48926,6720,14723890282496.0,100,0.0,0.0,0.0,-0.0,0.0,0,0,0,0,0.0,0,0,0,0,0,0,0,0,0,0,0,0,0,0,0,0,0,0,0,0,0,0,0,0,0,0,0,0,0,0,0,0,0,26,51,50,76,65476,0,300,0,0,8,21553,0.0,-107605600.0,0.0,0.0,0.0,0.0,0.0,0.0,0.0,0.0,0.0,0.0,0.0,0.0,0.0,0.0,0.0,0.0,0.0,0.0,0.0,0.0,2.004,-2.004,2.004,0.0,0.0,0.0,0.0,0.0,4814.0,-2.422986175150025e+24,7261.0,0.0,-107615384.0,0.0,0.0,0.0,0.0,0.0,0.0,77,-0.0,0.0,0.0,0.0,0.0,0.0,0.0,0.0,0.0,0,0,0,0.0,0.0,0.0,0.0,0.0,0.0,0.0,0.0,0.0,0.0,0.0,0.0,0.0,0.0,0.0,0.0,0,-107875648.0,77,0.0,154,0.0,-101056864.0,ERR,ERR,ERR,ERR,ERR,ERR,ERR,ERR,ERR,ERR,ERR,ERR,ERR,ERR,ERR,ERR,ERR,ERR,ERR,ERR,ERR,ERR,ERR,ERR,ERR,ERR,ERR,ERR,ERR,ERR,ERR,ERR,ERR,ERR,ERR,ERR,ERR,ERR,ERR,ERR,ERR,ERR,ERR,ERR,ERR,ERR,ERR,ERR,ERR,ERR,ERR,ERR,ERR,ERR,ERR,ERR,ERR,ERR,ERR,ERR,ERR,ERR,ERR,ERR,ERR,ERR,ERR,34.0,80.0,35,0.0,0.0,0.0,0.0,0.0,0.0,0.0,0.0,0.0,0.0,0.0,0.0,0.0,0.0,0.0,0.0,65.6,0,118,57,53,65476,0,300,0,0,8,20529,65476,0,0,57672,80.0,0.0,0.0,0.0,0.0,0.0
2026-06-18T02:57:23,ERR,ERR,ERR,ERR,ERR,ERR,ERR,ERR,ERR,ERR,ERR,ERR,ERR,ERR,ERR,ERR,ERR,ERR,ERR,ERR,ERR,ERR,ERR,ERR,ERR,ERR,ERR,ERR,ERR,ERR,ERR,ERR,ERR,ERR,ERR,ERR,ERR,ERR,ERR,ERR,ERR,ERR,ERR,ERR,ERR,ERR,ERR,ERR,ERR,ERR,ERR,ERR,ERR,ERR,ERR,ERR,ERR,ERR,ERR,ERR,ERR,ERR,ERR,ERR,ERR,ERR,ERR,ERR,ERR,ERR,ERR,ERR,ERR,ERR,ERR,ERR,ERR,ERR,ERR,ERR,ERR,ERR,ERR,ERR,ERR,ERR,ERR,ERR,ERR,ERR,ERR,ERR,ERR,ERR,ERR,ERR,ERR,ERR,ERR,ERR,ERR,ERR,ERR,ERR,ERR,ERR,ERR,ERR,ERR,ERR,ERR,ERR,ERR,ERR,ERR,ERR,ERR,ERR,ERR,ERR,ERR,ERR,ERR,ERR,ERR,0.0,-107615384.0,-0.0,-0.0,nan,1.3936040501711995e+18,7.805,1.182,0,0,4,48926,6720,14723890282496.0,100,0.0,0.0,0.0,-0.0,0.0,0,0,0,0,0.0,0,0,0,0,0,0,0,0,0,0,0,0,0,0,0,0,0,0,0,0,0,0,0,0,0,0,0,0,0,0,0,0,0,26,51,50,76,65476,0,300,0,0,8,21553,0.0,-107605600.0,0.0,0.0,0.0,0.0,0.0,0.0,0.0,0.0,0.0,0.0,0.0,0.0,0.0,0.0,0.0,0.0,0.0,0.0,0.0,0.0,2.004,-2.004,2.004,0.0,0.0,0.0,0.0,0.0,4814.0,-2.422986175150025e+24,7261.0,0.0,-107615384.0,0.0,0.0,0.0,0.0,0.0,0.0,77,-0.0,0.0,0.0,0.0,0.0,0.0,0.0,0.0,0.0,0,0,0,0.0,0.0,0.0,0.0,0.0,0.0,0.0,0.0,0.0,0.0,0.0,0.0,0.0,0.0,0.0,0.0,0,-107875648.0,77,0.0,154,0.0,-101056864.0,ERR,ERR,ERR,ERR,ERR,ERR,ERR,ERR,ERR,ERR,ERR,ERR,ERR,ERR,ERR,ERR,ERR,ERR,ERR,ERR,ERR,ERR,ERR,ERR,ERR,ERR,ERR,ERR,ERR,ERR,ERR,ERR,ERR,ERR,ERR,ERR,ERR,ERR,ERR,ERR,ERR,ERR,ERR,ERR,ERR,ERR,ERR,ERR,ERR,ERR,ERR,ERR,ERR,ERR,ERR,ERR,ERR,ERR,ERR,ERR,ERR,ERR,ERR,ERR,ERR,ERR,ERR,34.0,80.0,35,0.0,0.0,0.0,0.0,0.0,0.0,0.0,0.0,0.0,0.0,0.0,0.0,0.0,0.0,0.0,0.0,65.6,0,118,57,53,65476,0,300,0,0,8,20529,65476,0,0,57672,80.0,0.0,0.0,0.0,0.0,0.0
2026-06-18T02:57:24,ERR,ERR,ERR,ERR,ERR,ERR,ERR,ERR,ERR,ERR,ERR,ERR,ERR,ERR,ERR,ERR,ERR,ERR,ERR,ERR,ERR,ERR,ERR,ERR,ERR,ERR,ERR,ERR,ERR,ERR,ERR,ERR,ERR,ERR,ERR,ERR,ERR,ERR,ERR,ERR,ERR,ERR,ERR,ERR,ERR,ERR,ERR,ERR,ERR,ERR,ERR,ERR,ERR,ERR,ERR,ERR,ERR,ERR,ERR,ERR,ERR,ERR,ERR,ERR,ERR,ERR,ERR,ERR,ERR,ERR,ERR,ERR,ERR,ERR,ERR,ERR,ERR,ERR,ERR,ERR,ERR,ERR,ERR,ERR,ERR,ERR,ERR,ERR,ERR,ERR,ERR,ERR,ERR,ERR,ERR,ERR,ERR,ERR,ERR,ERR,ERR,ERR,ERR,ERR,ERR,ERR,ERR,ERR,ERR,ERR,ERR,ERR,ERR,ERR,ERR,ERR,ERR,ERR,ERR,ERR,ERR,ERR,ERR,ERR,ERR,0.0,-107615384.0,-0.0,-0.0,nan,1.3936040501711995e+18,7.805,1.182,0,0,4,48926,6720,14723890282496.0,100,0.0,0.0,0.0,-0.0,0.0,0,0,0,0,0.0,0,0,0,0,0,0,0,0,0,0,0,0,0,0,0,0,0,0,0,0,0,0,0,0,0,0,0,0,0,0,0,0,0,26,51,50,76,65476,0,300,0,0,8,21553,0.0,-107605600.0,0.0,0.0,0.0,0.0,0.0,0.0,0.0,0.0,0.0,0.0,0.0,0.0,0.0,0.0,0.0,0.0,0.0,0.0,0.0,0.0,2.004,-2.004,2.004,0.0,0.0,0.0,0.0,0.0,4814.0,-2.422986175150025e+24,7261.0,0.0,-107615384.0,0.0,0.0,0.0,0.0,0.0,0.0,77,-0.0,0.0,0.0,0.0,0.0,0.0,0.0,0.0,0.0,0,0,0,0.0,0.0,0.0,0.0,0.0,0.0,0.0,0.0,0.0,0.0,0.0,0.0,0.0,0.0,0.0,0.0,0,-107875648.0,77,0.0,154,0.0,-101056864.0,ERR,ERR,ERR,ERR,ERR,ERR,ERR,ERR,ERR,ERR,ERR,ERR,ERR,ERR,ERR,ERR,ERR,ERR,ERR,ERR,ERR,ERR,ERR,ERR,ERR,ERR,ERR,ERR,ERR,ERR,ERR,ERR,ERR,ERR,ERR,ERR,ERR,ERR,ERR,ERR,ERR,ERR,ERR,ERR,ERR,ERR,ERR,ERR,ERR,ERR,ERR,ERR,ERR,ERR,ERR,ERR,ERR,ERR,ERR,ERR,ERR,ERR,ERR,ERR,ERR,ERR,ERR,34.0,80.0,35,0.0,0.0,0.0,0.0,0.0,0.0,0.0,0.0,0.0,0.0,0.0,0.0,0.0,0.0,0.0,0.0,65.6,0,118,57,53,65476,0,300,0,0,8,20529,65476,0,0,57672,80.0,0.0,0.0,0.0,0.0,0.0
2026-06-18T02:57:25,ERR,ERR,ERR,ERR,ERR,ERR,ERR,ERR,ERR,ERR,ERR,ERR,ERR,ERR,ERR,ERR,ERR,ERR,ERR,ERR,ERR,ERR,ERR,ERR,ERR,ERR,ERR,ERR,ERR,ERR,ERR,ERR,ERR,ERR,ERR,ERR,ERR,ERR,ERR,ERR,ERR,ERR,ERR,ERR,ERR,ERR,ERR,ERR,ERR,ERR,ERR,ERR,ERR,ERR,ERR,ERR,ERR,ERR,ERR,ERR,ERR,ERR,ERR,ERR,ERR,ERR,ERR,ERR,ERR,ERR,ERR,ERR,ERR,ERR,ERR,ERR,ERR,ERR,ERR,ERR,ERR,ERR,ERR,ERR,ERR,ERR,ERR,ERR,ERR,ERR,ERR,ERR,ERR,ERR,ERR,ERR,ERR,ERR,ERR,ERR,ERR,ERR,ERR,ERR,ERR,ERR,ERR,ERR,ERR,ERR,ERR,ERR,ERR,ERR,ERR,ERR,ERR,ERR,ERR,ERR,ERR,ERR,ERR,ERR,ERR,0.0,-107615384.0,-0.0,-0.0,nan,1.3936040501711995e+18,7.805,1.182,0,0,4,48926,6720,14723890282496.0,100,0.0,0.0,0.0,-0.0,0.0,0,0,0,0,0.0,0,0,0,0,0,0,0,0,0,0,0,0,0,0,0,0,0,0,0,0,0,0,0,0,0,0,0,0,0,0,0,0,0,26,51,50,76,65476,0,300,0,0,8,21553,0.0,-107605600.0,0.0,0.0,0.0,0.0,0.0,0.0,0.0,0.0,0.0,0.0,0.0,0.0,0.0,0.0,0.0,0.0,0.0,0.0,0.0,0.0,2.004,-2.004,2.004,0.0,0.0,0.0,0.0,0.0,4814.0,-2.422986175150025e+24,7261.0,0.0,-107615384.0,0.0,0.0,0.0,0.0,0.0,0.0,77,-0.0,0.0,0.0,0.0,0.0,0.0,0.0,0.0,0.0,0,0,0,0.0,0.0,0.0,0.0,0.0,0.0,0.0,0.0,0.0,0.0,0.0,0.0,0.0,0.0,0.0,0.0,0,-107875648.0,77,0.0,154,0.0,-101056864.0,ERR,ERR,ERR,ERR,ERR,ERR,ERR,ERR,ERR,ERR,ERR,ERR,ERR,ERR,ERR,ERR,ERR,ERR,ERR,ERR,ERR,ERR,ERR,ERR,ERR,ERR,ERR,ERR,ERR,ERR,ERR,ERR,ERR,ERR,ERR,ERR,ERR,ERR,ERR,ERR,ERR,ERR,ERR,ERR,ERR,ERR,ERR,ERR,ERR,ERR,ERR,ERR,ERR,ERR,ERR,ERR,ERR,ERR,ERR,ERR,ERR,ERR,ERR,ERR,ERR,ERR,ERR,34.0,80.0,35,0.0,0.0,0.0,0.0,0.0,0.0,0.0,0.0,0.0,0.0,0.0,0.0,0.0,0.0,0.0,0.0,65.6,0,118,57,53,65476,0,300,0,0,8,20529,65476,0,0,57672,80.0,0.0,0.0,0.0,0.0,0.0
2026-06-18T02:57:26,ERR,ERR,ERR,ERR,ERR,ERR,ERR,ERR,ERR,ERR,ERR,ERR,ERR,ERR,ERR,ERR,ERR,ERR,ERR,ERR,ERR,ERR,ERR,ERR,ERR,ERR,ERR,ERR,ERR,ERR,ERR,ERR,ERR,ERR,ERR,ERR,ERR,ERR,ERR,ERR,ERR,ERR,ERR,ERR,ERR,ERR,ERR,ERR,ERR,ERR,ERR,ERR,ERR,ERR,ERR,ERR,ERR,ERR,ERR,ERR,ERR,ERR,ERR,ERR,ERR,ERR,ERR,ERR,ERR,ERR,ERR,ERR,ERR,ERR,ERR,ERR,ERR,ERR,ERR,ERR,ERR,ERR,ERR,ERR,ERR,ERR,ERR,ERR,ERR,ERR,ERR,ERR,ERR,ERR,ERR,ERR,ERR,ERR,ERR,ERR,ERR,ERR,ERR,ERR,ERR,ERR,ERR,ERR,ERR,ERR,ERR,ERR,ERR,ERR,ERR,ERR,ERR,ERR,ERR,ERR,ERR,ERR,ERR,ERR,ERR,0.0,-107615384.0,-0.0,-4.9501291711397626e+32,nan,1.3936040501711995e+18,7.805,-0.0,0,0,4,48933,6720,14723890282496.0,100,0.0,0.0,0.0,-4.9501291711397626e+32,0.0,0,0,0,0,0.0,0,0,0,0,0,0,0,0,0,0,0,0,0,0,0,0,0,0,0,0,0,0,0,0,0,0,0,0,0,0,0,0,0,26,51,50,76,65476,0,300,0,0,8,21553,0.0,-107605600.0,0.0,0.0,0.0,0.0,0.0,0.0,0.0,0.0,0.0,0.0,0.0,0.0,0.0,0.0,0.0,0.0,0.0,0.0,0.0,0.0,2.004,-2.004,2.004,0.0,0.0,0.0,0.0,0.0,4845.0,0.0,7233.0,0.0,-107615384.0,0.0,0.0,0.0,0.0,0.0,0.0,77,-0.0,126840479744.0,0.0,0.0,0.0,0.0,0.0,0.0,0.0,0,0,0,0.0,0.0,0.0,0.0,0.0,0.0,0.0,0.0,0.0,0.0,0.0,0.0,0.0,0.0,0.0,0.0,0,-107875648.0,77,0.0,154,0.0,2.6533865130338155e+23,ERR,ERR,ERR,ERR,ERR,ERR,ERR,ERR,ERR,ERR,ERR,ERR,ERR,ERR,ERR,ERR,ERR,ERR,ERR,ERR,ERR,ERR,ERR,ERR,ERR,ERR,ERR,ERR,ERR,ERR,ERR,ERR,ERR,ERR,ERR,ERR,ERR,ERR,ERR,ERR,ERR,ERR,ERR,ERR,ERR,ERR,ERR,ERR,ERR,ERR,ERR,ERR,ERR,ERR,ERR,ERR,ERR,ERR,ERR,ERR,ERR,ERR,ERR,ERR,ERR,ERR,ERR,34.0,80.0,35,0.0,0.0,0.0,0.0,0.0,0.0,0.0,0.0,0.0,0.0,0.0,0.0,0.0,0.0,0.0,0.0,65.6,0,118,57,53,65476,0,300,0,0,8,20529,65476,0,0,57672,80.0,0.0,0.0,0.0,0.0,0.0
2026-06-18T02:57:27,ERR,ERR,ERR,ERR,ERR,ERR,ERR,ERR,ERR,ERR,ERR,ERR,ERR,ERR,ERR,ERR,ERR,ERR,ERR,ERR,ERR,ERR,ERR,ERR,ERR,ERR,ERR,ERR,ERR,ERR,ERR,ERR,ERR,ERR,ERR,ERR,ERR,ERR,ERR,ERR,ERR,ERR,ERR,ERR,ERR,ERR,ERR,ERR,ERR,ERR,ERR,ERR,ERR,ERR,ERR,ERR,ERR,ERR,ERR,ERR,ERR,ERR,ERR,ERR,ERR,ERR,ERR,ERR,ERR,ERR,ERR,ERR,ERR,ERR,ERR,ERR,ERR,ERR,ERR,ERR,ERR,ERR,ERR,ERR,ERR,ERR,ERR,ERR,ERR,ERR,ERR,ERR,ERR,ERR,ERR,ERR,ERR,ERR,ERR,ERR,ERR,ERR,ERR,ERR,ERR,ERR,ERR,ERR,ERR,ERR,ERR,ERR,ERR,ERR,ERR,ERR,ERR,ERR,ERR,ERR,ERR,ERR,ERR,ERR,ERR,0.0,-107615384.0,-0.0,-4.9501291711397626e+32,nan,1.3936040501711995e+18,7.805,-0.0,0,0,4,48933,6720,14723890282496.0,100,0.0,0.0,0.0,-4.9501291711397626e+32,0.0,0,0,0,0,0.0,0,0,0,0,0,0,0,0,0,0,0,0,0,0,0,0,0,0,0,0,0,0,0,0,0,0,0,0,0,0,0,0,0,26,51,50,76,65476,0,300,0,0,8,21553,0.0,-107605600.0,0.0,0.0,0.0,0.0,0.0,0.0,0.0,0.0,0.0,0.0,0.0,0.0,0.0,0.0,0.0,0.0,0.0,0.0,0.0,0.0,2.004,-2.004,2.004,0.0,0.0,0.0,0.0,0.0,4845.0,0.0,7233.0,0.0,-107615384.0,0.0,0.0,0.0,0.0,0.0,0.0,77,-0.0,126840479744.0,0.0,0.0,0.0,0.0,0.0,0.0,0.0,0,0,0,0.0,0.0,0.0,0.0,0.0,0.0,0.0,0.0,0.0,0.0,0.0,0.0,0.0,0.0,0.0,0.0,0,-107875648.0,77,0.0,154,0.0,2.6533865130338155e+23,ERR,ERR,ERR,ERR,ERR,ERR,ERR,ERR,ERR,ERR,ERR,ERR,ERR,ERR,ERR,ERR,ERR,ERR,ERR,ERR,ERR,ERR,ERR,ERR,ERR,ERR,ERR,ERR,ERR,ERR,ERR,ERR,ERR,ERR,ERR,ERR,ERR,ERR,ERR,ERR,ERR,ERR,ERR,ERR,ERR,ERR,ERR,ERR,ERR,ERR,ERR,ERR,ERR,ERR,ERR,ERR,ERR,ERR,ERR,ERR,ERR,ERR,ERR,ERR,ERR,ERR,ERR,34.0,80.0,35,0.0,0.0,0.0,0.0,0.0,0.0,0.0,0.0,0.0,0.0,0.0,0.0,0.0,0.0,0.0,0.0,65.6,0,118,57,53,65476,0,300,0,0,8,20529,65476,0,0,57672,80.0,0.0,0.0,0.0,0.0,0.0
2026-06-18T02:57:28,ERR,ERR,ERR,ERR,ERR,ERR,ERR,ERR,ERR,ERR,ERR,ERR,ERR,ERR,ERR,ERR,ERR,ERR,ERR,ERR,ERR,ERR,ERR,ERR,ERR,ERR,ERR,ERR,ERR,ERR,ERR,ERR,ERR,ERR,ERR,ERR,ERR,ERR,ERR,ERR,ERR,ERR,ERR,ERR,ERR,ERR,ERR,ERR,ERR,ERR,ERR,ERR,ERR,ERR,ERR,ERR,ERR,ERR,ERR,ERR,ERR,ERR,ERR,ERR,ERR,ERR,ERR,ERR,ERR,ERR,ERR,ERR,ERR,ERR,ERR,ERR,ERR,ERR,ERR,ERR,ERR,ERR,ERR,ERR,ERR,ERR,ERR,ERR,ERR,ERR,ERR,ERR,ERR,ERR,ERR,ERR,ERR,ERR,ERR,ERR,ERR,ERR,ERR,ERR,ERR,ERR,ERR,ERR,ERR,ERR,ERR,ERR,ERR,ERR,ERR,ERR,ERR,ERR,ERR,ERR,ERR,ERR,ERR,ERR,ERR,0.0,-107615384.0,-0.0,-4.9501291711397626e+32,nan,1.3936040501711995e+18,7.805,-0.0,0,0,4,48933,6720,14723890282496.0,100,0.0,0.0,0.0,-4.9501291711397626e+32,0.0,0,0,0,0,0.0,0,0,0,0,0,0,0,0,0,0,0,0,0,0,0,0,0,0,0,0,0,0,0,0,0,0,0,0,0,0,0,0,0,26,51,50,76,65476,0,300,0,0,8,21553,0.0,-107605600.0,0.0,0.0,0.0,0.0,0.0,0.0,0.0,0.0,0.0,0.0,0.0,0.0,0.0,0.0,0.0,0.0,0.0,0.0,0.0,0.0,2.004,-2.004,2.004,0.0,0.0,0.0,0.0,0.0,4845.0,0.0,7233.0,0.0,-107615384.0,0.0,0.0,0.0,0.0,0.0,0.0,77,-0.0,126840479744.0,0.0,0.0,0.0,0.0,0.0,0.0,0.0,0,0,0,0.0,0.0,0.0,0.0,0.0,0.0,0.0,0.0,0.0,0.0,0.0,0.0,0.0,0.0,0.0,0.0,0,-107875648.0,77,0.0,154,0.0,2.6533865130338155e+23,ERR,ERR,ERR,ERR,ERR,ERR,ERR,ERR,ERR,ERR,ERR,ERR,ERR,ERR,ERR,ERR,ERR,ERR,ERR,ERR,ERR,ERR,ERR,ERR,ERR,ERR,ERR,ERR,ERR,ERR,ERR,ERR,ERR,ERR,ERR,ERR,ERR,ERR,ERR,ERR,ERR,ERR,ERR,ERR,ERR,ERR,ERR,ERR,ERR,ERR,ERR,ERR,ERR,ERR,ERR,ERR,ERR,ERR,ERR,ERR,ERR,ERR,ERR,ERR,ERR,ERR,ERR,34.0,80.0,35,0.0,0.0,0.0,0.0,0.0,0.0,0.0,0.0,0.0,0.0,0.0,0.0,0.0,0.0,0.0,0.0,65.6,0,118,57,53,65476,0,300,0,0,8,20529,65476,0,0,57672,80.0,0.0,0.0,0.0,0.0,0.0
2026-06-18T02:57:29,ERR,ERR,ERR,ERR,ERR,ERR,ERR,ERR,ERR,ERR,ERR,ERR,ERR,ERR,ERR,ERR,ERR,ERR,ERR,ERR,ERR,ERR,ERR,ERR,ERR,ERR,ERR,ERR,ERR,ERR,ERR,ERR,ERR,ERR,ERR,ERR,ERR,ERR,ERR,ERR,ERR,ERR,ERR,ERR,ERR,ERR,ERR,ERR,ERR,ERR,ERR,ERR,ERR,ERR,ERR,ERR,ERR,ERR,ERR,ERR,ERR,ERR,ERR,ERR,ERR,ERR,ERR,ERR,ERR,ERR,ERR,ERR,ERR,ERR,ERR,ERR,ERR,ERR,ERR,ERR,ERR,ERR,ERR,ERR,ERR,ERR,ERR,ERR,ERR,ERR,ERR,ERR,ERR,ERR,ERR,ERR,ERR,ERR,ERR,ERR,ERR,ERR,ERR,ERR,ERR,ERR,ERR,ERR,ERR,ERR,ERR,ERR,ERR,ERR,ERR,ERR,ERR,ERR,ERR,ERR,ERR,ERR,ERR,ERR,ERR,0.0,-107615384.0,-0.0,-4.9501291711397626e+32,nan,1.3936040501711995e+18,7.805,-0.0,0,0,4,48933,6720,14723890282496.0,100,0.0,0.0,0.0,-4.9501291711397626e+32,0.0,0,0,0,0,0.0,0,0,0,0,0,0,0,0,0,0,0,0,0,0,0,0,0,0,0,0,0,0,0,0,0,0,0,0,0,0,0,0,0,26,51,50,76,65476,0,300,0,0,8,21553,0.0,-107605600.0,0.0,0.0,0.0,0.0,0.0,0.0,0.0,0.0,0.0,0.0,0.0,0.0,0.0,0.0,0.0,0.0,0.0,0.0,0.0,0.0,2.004,-2.004,2.004,0.0,0.0,0.0,0.0,0.0,4845.0,0.0,7233.0,0.0,-107615384.0,0.0,0.0,0.0,0.0,0.0,0.0,77,-0.0,126840479744.0,0.0,0.0,0.0,0.0,0.0,0.0,0.0,0,0,0,0.0,0.0,0.0,0.0,0.0,0.0,0.0,0.0,0.0,0.0,0.0,0.0,0.0,0.0,0.0,0.0,0,-107875648.0,77,0.0,154,0.0,2.6533865130338155e+23,ERR,ERR,ERR,ERR,ERR,ERR,ERR,ERR,ERR,ERR,ERR,ERR,ERR,ERR,ERR,ERR,ERR,ERR,ERR,ERR,ERR,ERR,ERR,ERR,ERR,ERR,ERR,ERR,ERR,ERR,ERR,ERR,ERR,ERR,ERR,ERR,ERR,ERR,ERR,ERR,ERR,ERR,ERR,ERR,ERR,ERR,ERR,ERR,ERR,ERR,ERR,ERR,ERR,ERR,ERR,ERR,ERR,ERR,ERR,ERR,ERR,ERR,ERR,ERR,ERR,ERR,ERR,34.0,80.0,35,0.0,0.0,0.0,0.0,0.0,0.0,0.0,0.0,0.0,0.0,0.0,0.0,0.0,0.0,0.0,0.0,66.4,0,118,57,53,65476,0,300,0,0,8,20529,65476,0,0,57672,80.0,0.0,0.0,0.0,0.0,0.0
2026-06-18T02:57:30,ERR,ERR,ERR,ERR,ERR,ERR,ERR,ERR,ERR,ERR,ERR,ERR,ERR,ERR,ERR,ERR,ERR,ERR,ERR,ERR,ERR,ERR,ERR,ERR,ERR,ERR,ERR,ERR,ERR,ERR,ERR,ERR,ERR,ERR,ERR,ERR,ERR,ERR,ERR,ERR,ERR,ERR,ERR,ERR,ERR,ERR,ERR,ERR,ERR,ERR,ERR,ERR,ERR,ERR,ERR,ERR,ERR,ERR,ERR,ERR,ERR,ERR,ERR,ERR,ERR,ERR,ERR,ERR,ERR,ERR,ERR,ERR,ERR,ERR,ERR,ERR,ERR,ERR,ERR,ERR,ERR,ERR,ERR,ERR,ERR,ERR,ERR,ERR,ERR,ERR,ERR,ERR,ERR,ERR,ERR,ERR,ERR,ERR,ERR,ERR,ERR,ERR,ERR,ERR,ERR,ERR,ERR,ERR,ERR,ERR,ERR,ERR,ERR,ERR,ERR,ERR,ERR,ERR,ERR,ERR,ERR,ERR,ERR,ERR,ERR,0.0,-107615384.0,-0.0,-4.9501291711397626e+32,nan,1.3936040501711995e+18,7.805,-0.0,0,0,4,48933,6720,14723890282496.0,100,0.0,0.0,0.0,-4.9501291711397626e+32,0.0,0,0,0,0,0.0,0,0,0,0,0,0,0,0,0,0,0,0,0,0,0,0,0,0,0,0,0,0,0,0,0,0,0,0,0,0,0,0,0,26,51,50,76,65476,0,300,0,0,8,21553,0.0,-107605600.0,0.0,0.0,0.0,0.0,0.0,0.0,0.0,0.0,0.0,0.0,0.0,0.0,0.0,0.0,0.0,0.0,0.0,0.0,0.0,0.0,2.004,-2.004,2.004,0.0,0.0,0.0,0.0,0.0,4845.0,0.0,7233.0,0.0,-107615384.0,0.0,0.0,0.0,0.0,0.0,0.0,77,-0.0,126840479744.0,0.0,0.0,0.0,0.0,0.0,0.0,0.0,0,0,0,0.0,0.0,0.0,0.0,0.0,0.0,0.0,0.0,0.0,0.0,0.0,0.0,0.0,0.0,0.0,0.0,0,-107875648.0,77,0.0,154,0.0,2.6533865130338155e+23,ERR,ERR,ERR,ERR,ERR,ERR,ERR,ERR,ERR,ERR,ERR,ERR,ERR,ERR,ERR,ERR,ERR,ERR,ERR,ERR,ERR,ERR,ERR,ERR,ERR,ERR,ERR,ERR,ERR,ERR,ERR,ERR,ERR,ERR,ERR,ERR,ERR,ERR,ERR,ERR,ERR,ERR,ERR,ERR,ERR,ERR,ERR,ERR,ERR,ERR,ERR,ERR,ERR,ERR,ERR,ERR,ERR,ERR,ERR,ERR,ERR,ERR,ERR,ERR,ERR,ERR,ERR,34.0,80.0,35,0.0,0.0,0.0,0.0,0.0,0.0,0.0,0.0,0.0,0.0,0.0,0.0,0.0,0.0,0.0,0.0,66.4,0,118,57,53,65476,0,300,0,0,8,20529,65476,0,0,57672,80.0,0.0,0.0,0.0,0.0,0.0
2026-06-18T02:57:31,ERR,ERR,ERR,ERR,ERR,ERR,ERR,ERR,ERR,ERR,ERR,ERR,ERR,ERR,ERR,ERR,ERR,ERR,ERR,ERR,ERR,ERR,ERR,ERR,ERR,ERR,ERR,ERR,ERR,ERR,ERR,ERR,ERR,ERR,ERR,ERR,ERR,ERR,ERR,ERR,ERR,ERR,ERR,ERR,ERR,ERR,ERR,ERR,ERR,ERR,ERR,ERR,ERR,ERR,ERR,ERR,ERR,ERR,ERR,ERR,ERR,ERR,ERR,ERR,ERR,ERR,ERR,ERR,ERR,ERR,ERR,ERR,ERR,ERR,ERR,ERR,ERR,ERR,ERR,ERR,ERR,ERR,ERR,ERR,ERR,ERR,ERR,ERR,ERR,ERR,ERR,ERR,ERR,ERR,ERR,ERR,ERR,ERR,ERR,ERR,ERR,ERR,ERR,ERR,ERR,ERR,ERR,ERR,ERR,ERR,ERR,ERR,ERR,ERR,ERR,ERR,ERR,ERR,ERR,ERR,ERR,ERR,ERR,ERR,ERR,0.0,-107615384.0,-0.0,0.0,nan,1.3936040501711995e+18,7.805,-0.0,0,0,4,48936,6720,14723890282496.0,100,0.0,0.0,0.0,2.718290229135658e+23,0.0,0,0,0,0,0.0,0,0,0,0,0,0,0,0,0,0,0,0,0,0,0,0,0,0,0,0,0,0,0,0,0,0,0,0,0,0,0,0,0,26,51,50,76,65476,0,300,0,0,8,21553,0.0,-107605600.0,0.0,0.0,0.0,0.0,0.0,0.0,0.0,0.0,0.0,0.0,0.0,0.0,0.0,0.0,0.0,0.0,0.0,0.0,0.0,0.0,2.004,-2.004,2.004,0.0,0.0,0.0,0.0,0.0,4845.0,0.0,7235.0,0.0,-107615384.0,0.0,0.0,0.0,0.0,0.0,0.0,77,-0.0,2.7184161497812392e+23,0.0,0.0,0.0,0.0,0.0,0.0,0.0,0,0,0,0.0,0.0,0.0,0.0,0.0,0.0,0.0,0.0,0.0,0.0,0.0,0.0,0.0,0.0,0.0,0.0,0,-107875648.0,77,0.0,154,0.0,2.6533865130338155e+23,ERR,ERR,ERR,ERR,ERR,ERR,ERR,ERR,ERR,ERR,ERR,ERR,ERR,ERR,ERR,ERR,ERR,ERR,ERR,ERR,ERR,ERR,ERR,ERR,ERR,ERR,ERR,ERR,ERR,ERR,ERR,ERR,ERR,ERR,ERR,ERR,ERR,ERR,ERR,ERR,ERR,ERR,ERR,ERR,ERR,ERR,ERR,ERR,ERR,ERR,ERR,ERR,ERR,ERR,ERR,ERR,ERR,ERR,ERR,ERR,ERR,ERR,ERR,ERR,ERR,ERR,ERR,34.0,80.0,35,0.0,0.0,0.0,0.0,0.0,0.0,0.0,0.0,0.0,0.0,0.0,0.0,0.0,0.0,0.0,0.0,65.6,0,118,57,53,65476,0,300,0,0,8,20529,65476,0,0,57672,80.0,0.0,0.0,0.0,0.0,0.0
2026-06-18T02:57:32,ERR,ERR,ERR,ERR,ERR,ERR,ERR,ERR,ERR,ERR,ERR,ERR,ERR,ERR,ERR,ERR,ERR,ERR,ERR,ERR,ERR,ERR,ERR,ERR,ERR,ERR,ERR,ERR,ERR,ERR,ERR,ERR,ERR,ERR,ERR,ERR,ERR,ERR,ERR,ERR,ERR,ERR,ERR,ERR,ERR,ERR,ERR,ERR,ERR,ERR,ERR,ERR,ERR,ERR,ERR,ERR,ERR,ERR,ERR,ERR,ERR,ERR,ERR,ERR,ERR,ERR,ERR,ERR,ERR,ERR,ERR,ERR,ERR,ERR,ERR,ERR,ERR,ERR,ERR,ERR,ERR,ERR,ERR,ERR,ERR,ERR,ERR,ERR,ERR,ERR,ERR,ERR,ERR,ERR,ERR,ERR,ERR,ERR,ERR,ERR,ERR,ERR,ERR,ERR,ERR,ERR,ERR,ERR,ERR,ERR,ERR,ERR,ERR,ERR,ERR,ERR,ERR,ERR,ERR,ERR,ERR,ERR,ERR,ERR,ERR,0.0,-107615384.0,-0.0,0.0,nan,1.3936040501711995e+18,7.805,-0.0,0,0,4,48936,6720,14723890282496.0,100,0.0,0.0,0.0,2.718290229135658e+23,0.0,0,0,0,0,0.0,0,0,0,0,0,0,0,0,0,0,0,0,0,0,0,0,0,0,0,0,0,0,0,0,0,0,0,0,0,0,0,0,0,26,51,50,76,65476,0,300,0,0,8,21553,0.0,-107605600.0,0.0,0.0,0.0,0.0,0.0,0.0,0.0,0.0,0.0,0.0,0.0,0.0,0.0,0.0,0.0,0.0,0.0,0.0,0.0,0.0,2.004,-2.004,2.004,0.0,0.0,0.0,0.0,0.0,4845.0,0.0,7235.0,0.0,-107615384.0,0.0,0.0,0.0,0.0,0.0,0.0,77,-0.0,2.7184161497812392e+23,0.0,0.0,0.0,0.0,0.0,0.0,0.0,0,0,0,0.0,0.0,0.0,0.0,0.0,0.0,0.0,0.0,0.0,0.0,0.0,0.0,0.0,0.0,0.0,0.0,0,-107875648.0,77,0.0,154,0.0,2.6533865130338155e+23,ERR,ERR,ERR,ERR,ERR,ERR,ERR,ERR,ERR,ERR,ERR,ERR,ERR,ERR,ERR,ERR,ERR,ERR,ERR,ERR,ERR,ERR,ERR,ERR,ERR,ERR,ERR,ERR,ERR,ERR,ERR,ERR,ERR,ERR,ERR,ERR,ERR,ERR,ERR,ERR,ERR,ERR,ERR,ERR,ERR,ERR,ERR,ERR,ERR,ERR,ERR,ERR,ERR,ERR,ERR,ERR,ERR,ERR,ERR,ERR,ERR,ERR,ERR,ERR,ERR,ERR,ERR,34.0,80.0,35,0.0,0.0,0.0,0.0,0.0,0.0,0.0,0.0,0.0,0.0,0.0,0.0,0.0,0.0,0.0,0.0,65.6,0,118,57,53,65476,0,300,0,0,8,20529,65476,0,0,57672,80.0,0.0,0.0,0.0,0.0,0.0
2026-06-18T02:57:33,ERR,ERR,ERR,ERR,ERR,ERR,ERR,ERR,ERR,ERR,ERR,ERR,ERR,ERR,ERR,ERR,ERR,ERR,ERR,ERR,ERR,ERR,ERR,ERR,ERR,ERR,ERR,ERR,ERR,ERR,ERR,ERR,ERR,ERR,ERR,ERR,ERR,ERR,ERR,ERR,ERR,ERR,ERR,ERR,ERR,ERR,ERR,ERR,ERR,ERR,ERR,ERR,ERR,ERR,ERR,ERR,ERR,ERR,ERR,ERR,ERR,ERR,ERR,ERR,ERR,ERR,ERR,ERR,ERR,ERR,ERR,ERR,ERR,ERR,ERR,ERR,ERR,ERR,ERR,ERR,ERR,ERR,ERR,ERR,ERR,ERR,ERR,ERR,ERR,ERR,ERR,ERR,ERR,ERR,ERR,ERR,ERR,ERR,ERR,ERR,ERR,ERR,ERR,ERR,ERR,ERR,ERR,ERR,ERR,ERR,ERR,ERR,ERR,ERR,ERR,ERR,ERR,ERR,ERR,ERR,ERR,ERR,ERR,ERR,ERR,0.0,-107615384.0,-0.0,0.0,nan,1.3936040501711995e+18,7.805,-0.0,0,0,4,48936,6720,14723890282496.0,100,0.0,0.0,0.0,2.718290229135658e+23,0.0,0,0,0,0,0.0,0,0,0,0,0,0,0,0,0,0,0,0,0,0,0,0,0,0,0,0,0,0,0,0,0,0,0,0,0,0,0,0,0,26,51,50,76,65476,0,300,0,0,8,21553,0.0,-107605600.0,0.0,0.0,0.0,0.0,0.0,0.0,0.0,0.0,0.0,0.0,0.0,0.0,0.0,0.0,0.0,0.0,0.0,0.0,0.0,0.0,2.004,-2.004,2.004,0.0,0.0,0.0,0.0,0.0,4845.0,0.0,7235.0,0.0,-107615384.0,0.0,0.0,0.0,0.0,0.0,0.0,77,-0.0,2.7184161497812392e+23,0.0,0.0,0.0,0.0,0.0,0.0,0.0,0,0,0,0.0,0.0,0.0,0.0,0.0,0.0,0.0,0.0,0.0,0.0,0.0,0.0,0.0,0.0,0.0,0.0,0,-107875648.0,77,0.0,154,0.0,2.6533865130338155e+23,ERR,ERR,ERR,ERR,ERR,ERR,ERR,ERR,ERR,ERR,ERR,ERR,ERR,ERR,ERR,ERR,ERR,ERR,ERR,ERR,ERR,ERR,ERR,ERR,ERR,ERR,ERR,ERR,ERR,ERR,ERR,ERR,ERR,ERR,ERR,ERR,ERR,ERR,ERR,ERR,ERR,ERR,ERR,ERR,ERR,ERR,ERR,ERR,ERR,ERR,ERR,ERR,ERR,ERR,ERR,ERR,ERR,ERR,ERR,ERR,ERR,ERR,ERR,ERR,ERR,ERR,ERR,34.0,80.0,35,0.0,0.0,0.0,0.0,0.0,0.0,0.0,0.0,0.0,0.0,0.0,0.0,0.0,0.0,0.0,0.0,65.6,0,118,57,53,65476,0,300,0,0,8,20529,65476,0,0,57672,80.0,0.0,0.0,0.0,0.0,0.0
2026-06-18T02:57:34,ERR,ERR,ERR,ERR,ERR,ERR,ERR,ERR,ERR,ERR,ERR,ERR,ERR,ERR,ERR,ERR,ERR,ERR,ERR,ERR,ERR,ERR,ERR,ERR,ERR,ERR,ERR,ERR,ERR,ERR,ERR,ERR,ERR,ERR,ERR,ERR,ERR,ERR,ERR,ERR,ERR,ERR,ERR,ERR,ERR,ERR,ERR,ERR,ERR,ERR,ERR,ERR,ERR,ERR,ERR,ERR,ERR,ERR,ERR,ERR,ERR,ERR,ERR,ERR,ERR,ERR,ERR,ERR,ERR,ERR,ERR,ERR,ERR,ERR,ERR,ERR,ERR,ERR,ERR,ERR,ERR,ERR,ERR,ERR,ERR,ERR,ERR,ERR,ERR,ERR,ERR,ERR,ERR,ERR,ERR,ERR,ERR,ERR,ERR,ERR,ERR,ERR,ERR,ERR,ERR,ERR,ERR,ERR,ERR,ERR,ERR,ERR,ERR,ERR,ERR,ERR,ERR,ERR,ERR,ERR,ERR,ERR,ERR,ERR,ERR,0.0,-107615384.0,-0.0,0.0,nan,1.3936040501711995e+18,7.805,-0.0,0,0,4,48936,6720,14723890282496.0,100,0.0,0.0,0.0,2.718290229135658e+23,0.0,0,0,0,0,0.0,0,0,0,0,0,0,0,0,0,0,0,0,0,0,0,0,0,0,0,0,0,0,0,0,0,0,0,0,0,0,0,0,0,26,51,50,76,65476,0,300,0,0,8,21553,0.0,-107605600.0,0.0,0.0,0.0,0.0,0.0,0.0,0.0,0.0,0.0,0.0,0.0,0.0,0.0,0.0,0.0,0.0,0.0,0.0,0.0,0.0,2.004,-2.004,2.004,0.0,0.0,0.0,0.0,0.0,4845.0,0.0,7235.0,0.0,-107615384.0,0.0,0.0,0.0,0.0,0.0,0.0,77,-0.0,2.7184161497812392e+23,0.0,0.0,0.0,0.0,0.0,0.0,0.0,0,0,0,0.0,0.0,0.0,0.0,0.0,0.0,0.0,0.0,0.0,0.0,0.0,0.0,0.0,0.0,0.0,0.0,0,-107875648.0,77,0.0,154,0.0,2.6533865130338155e+23,ERR,ERR,ERR,ERR,ERR,ERR,ERR,ERR,ERR,ERR,ERR,ERR,ERR,ERR,ERR,ERR,ERR,ERR,ERR,ERR,ERR,ERR,ERR,ERR,ERR,ERR,ERR,ERR,ERR,ERR,ERR,ERR,ERR,ERR,ERR,ERR,ERR,ERR,ERR,ERR,ERR,ERR,ERR,ERR,ERR,ERR,ERR,ERR,ERR,ERR,ERR,ERR,ERR,ERR,ERR,ERR,ERR,ERR,ERR,ERR,ERR,ERR,ERR,ERR,ERR,ERR,ERR,34.0,80.0,35,0.0,0.0,0.0,0.0,0.0,0.0,0.0,0.0,0.0,0.0,0.0,0.0,0.0,0.0,0.0,0.0,65.6,0,118,57,53,65476,0,300,0,0,8,20529,65476,0,0,57672,80.0,0.0,0.0,0.0,0.0,0.0
2026-06-18T02:57:35,ERR,ERR,ERR,ERR,ERR,ERR,ERR,ERR,ERR,ERR,ERR,ERR,ERR,ERR,ERR,ERR,ERR,ERR,ERR,ERR,ERR,ERR,ERR,ERR,ERR,ERR,ERR,ERR,ERR,ERR,ERR,ERR,ERR,ERR,ERR,ERR,ERR,ERR,ERR,ERR,ERR,ERR,ERR,ERR,ERR,ERR,ERR,ERR,ERR,ERR,ERR,ERR,ERR,ERR,ERR,ERR,ERR,ERR,ERR,ERR,ERR,ERR,ERR,ERR,ERR,ERR,ERR,ERR,ERR,ERR,ERR,ERR,ERR,ERR,ERR,ERR,ERR,ERR,ERR,ERR,ERR,ERR,ERR,ERR,ERR,ERR,ERR,ERR,ERR,ERR,ERR,ERR,ERR,ERR,ERR,ERR,ERR,ERR,ERR,ERR,ERR,ERR,ERR,ERR,ERR,ERR,ERR,ERR,ERR,ERR,ERR,ERR,ERR,ERR,ERR,ERR,ERR,ERR,ERR,ERR,ERR,ERR,ERR,ERR,ERR,0.0,-107615384.0,-0.0,0.0,nan,1.3936040501711995e+18,7.805,-0.0,0,0,4,48936,6720,14723890282496.0,100,0.0,0.0,0.0,2.718290229135658e+23,0.0,0,0,0,0,0.0,0,0,0,0,0,0,0,0,0,0,0,0,0,0,0,0,0,0,0,0,0,0,0,0,0,0,0,0,0,0,0,0,0,26,51,50,76,65476,0,300,0,0,8,21553,0.0,-107605600.0,0.0,0.0,0.0,0.0,0.0,0.0,0.0,0.0,0.0,0.0,0.0,0.0,0.0,0.0,0.0,0.0,0.0,0.0,0.0,0.0,2.004,-2.004,2.004,0.0,0.0,0.0,0.0,0.0,4845.0,0.0,7235.0,0.0,-107615384.0,0.0,0.0,0.0,0.0,0.0,0.0,77,-0.0,2.7184161497812392e+23,0.0,0.0,0.0,0.0,0.0,0.0,0.0,0,0,0,0.0,0.0,0.0,0.0,0.0,0.0,0.0,0.0,0.0,0.0,0.0,0.0,0.0,0.0,0.0,0.0,0,-107875648.0,77,0.0,154,0.0,2.6533865130338155e+23,ERR,ERR,ERR,ERR,ERR,ERR,ERR,ERR,ERR,ERR,ERR,ERR,ERR,ERR,ERR,ERR,ERR,ERR,ERR,ERR,ERR,ERR,ERR,ERR,ERR,ERR,ERR,ERR,ERR,ERR,ERR,ERR,ERR,ERR,ERR,ERR,ERR,ERR,ERR,ERR,ERR,ERR,ERR,ERR,ERR,ERR,ERR,ERR,ERR,ERR,ERR,ERR,ERR,ERR,ERR,ERR,ERR,ERR,ERR,ERR,ERR,ERR,ERR,ERR,ERR,ERR,ERR,34.0,80.0,35,0.0,0.0,0.0,0.0,0.0,0.0,0.0,0.0,0.0,0.0,0.0,0.0,0.0,0.0,0.0,0.0,65.6,0,118,57,53,65476,0,300,0,0,8,20529,65476,0,0,57672,80.0,0.0,0.0,0.0,0.0,0.0
2026-06-18T02:57:36,ERR,ERR,ERR,ERR,ERR,ERR,ERR,ERR,ERR,ERR,ERR,ERR,ERR,ERR,ERR,ERR,ERR,ERR,ERR,ERR,ERR,ERR,ERR,ERR,ERR,ERR,ERR,ERR,ERR,ERR,ERR,ERR,ERR,ERR,ERR,ERR,ERR,ERR,ERR,ERR,ERR,ERR,ERR,ERR,ERR,ERR,ERR,ERR,ERR,ERR,ERR,ERR,ERR,ERR,ERR,ERR,ERR,ERR,ERR,ERR,ERR,ERR,ERR,ERR,ERR,ERR,ERR,ERR,ERR,ERR,ERR,ERR,ERR,ERR,ERR,ERR,ERR,ERR,ERR,ERR,ERR,ERR,ERR,ERR,ERR,ERR,ERR,ERR,ERR,ERR,ERR,ERR,ERR,ERR,ERR,ERR,ERR,ERR,ERR,ERR,ERR,ERR,ERR,ERR,ERR,ERR,ERR,ERR,ERR,ERR,ERR,ERR,ERR,ERR,ERR,ERR,ERR,ERR,ERR,ERR,ERR,ERR,ERR,ERR,ERR,0.0,-107615384.0,-0.0,-0.0,nan,1.3936040501711995e+18,7.805,-0.0,0,0,4,48930,6720,14723890282496.0,100,0.0,0.0,0.0,0.0,0.0,0,0,0,0,0.0,0,0,0,0,0,0,0,0,0,0,0,0,0,0,0,0,0,0,0,0,0,0,0,0,0,0,0,0,0,0,0,0,0,26,51,50,76,65476,0,300,0,0,8,21553,0.0,-107605600.0,0.0,0.0,0.0,0.0,0.0,0.0,0.0,0.0,0.0,0.0,0.0,0.0,0.0,0.0,0.0,0.0,0.0,0.0,0.0,0.0,2.004,-2.004,2.004,0.0,0.0,0.0,0.0,0.0,4845.0,0.0,7233.0,0.0,-107615384.0,0.0,0.0,0.0,0.0,0.0,0.0,77,-0.0,126840479744.0,0.0,0.0,0.0,0.0,0.0,0.0,0.0,0,0,0,0.0,0.0,0.0,0.0,0.0,0.0,0.0,0.0,0.0,0.0,0.0,0.0,0.0,0.0,0.0,0.0,0,-107875648.0,77,0.0,154,0.0,2.6533865130338155e+23,ERR,ERR,ERR,ERR,ERR,ERR,ERR,ERR,ERR,ERR,ERR,ERR,ERR,ERR,ERR,ERR,ERR,ERR,ERR,ERR,ERR,ERR,ERR,ERR,ERR,ERR,ERR,ERR,ERR,ERR,ERR,ERR,ERR,ERR,ERR,ERR,ERR,ERR,ERR,ERR,ERR,ERR,ERR,ERR,ERR,ERR,ERR,ERR,ERR,ERR,ERR,ERR,ERR,ERR,ERR,ERR,ERR,ERR,ERR,ERR,ERR,ERR,ERR,ERR,ERR,ERR,ERR,34.0,80.0,35,0.0,0.0,0.0,0.0,0.0,0.0,0.0,0.0,0.0,0.0,0.0,0.0,0.0,0.0,0.0,0.0,65.6,0,118,57,53,65476,0,300,0,0,8,20529,65476,0,0,57672,80.0,0.0,0.0,0.0,0.0,0.0
2026-06-18T02:57:37,ERR,ERR,ERR,ERR,ERR,ERR,ERR,ERR,ERR,ERR,ERR,ERR,ERR,ERR,ERR,ERR,ERR,ERR,ERR,ERR,ERR,ERR,ERR,ERR,ERR,ERR,ERR,ERR,ERR,ERR,ERR,ERR,ERR,ERR,ERR,ERR,ERR,ERR,ERR,ERR,ERR,ERR,ERR,ERR,ERR,ERR,ERR,ERR,ERR,ERR,ERR,ERR,ERR,ERR,ERR,ERR,ERR,ERR,ERR,ERR,ERR,ERR,ERR,ERR,ERR,ERR,ERR,ERR,ERR,ERR,ERR,ERR,ERR,ERR,ERR,ERR,ERR,ERR,ERR,ERR,ERR,ERR,ERR,ERR,ERR,ERR,ERR,ERR,ERR,ERR,ERR,ERR,ERR,ERR,ERR,ERR,ERR,ERR,ERR,ERR,ERR,ERR,ERR,ERR,ERR,ERR,ERR,ERR,ERR,ERR,ERR,ERR,ERR,ERR,ERR,ERR,ERR,ERR,ERR,ERR,ERR,ERR,ERR,ERR,ERR,0.0,-107615384.0,-0.0,-0.0,nan,1.3936040501711995e+18,7.805,-0.0,0,0,4,48930,6720,14723890282496.0,100,0.0,0.0,0.0,0.0,0.0,0,0,0,0,0.0,0,0,0,0,0,0,0,0,0,0,0,0,0,0,0,0,0,0,0,0,0,0,0,0,0,0,0,0,0,0,0,0,0,26,51,50,76,65476,0,300,0,0,8,21553,0.0,-107605600.0,0.0,0.0,0.0,0.0,0.0,0.0,0.0,0.0,0.0,0.0,0.0,0.0,0.0,0.0,0.0,0.0,0.0,0.0,0.0,0.0,2.004,-2.004,2.004,0.0,0.0,0.0,0.0,0.0,4845.0,0.0,7233.0,0.0,-107615384.0,0.0,0.0,0.0,0.0,0.0,0.0,77,-0.0,126840479744.0,0.0,0.0,0.0,0.0,0.0,0.0,0.0,0,0,0,0.0,0.0,0.0,0.0,0.0,0.0,0.0,0.0,0.0,0.0,0.0,0.0,0.0,0.0,0.0,0.0,0,-107875648.0,77,0.0,154,0.0,2.6533865130338155e+23,ERR,ERR,ERR,ERR,ERR,ERR,ERR,ERR,ERR,ERR,ERR,ERR,ERR,ERR,ERR,ERR,ERR,ERR,ERR,ERR,ERR,ERR,ERR,ERR,ERR,ERR,ERR,ERR,ERR,ERR,ERR,ERR,ERR,ERR,ERR,ERR,ERR,ERR,ERR,ERR,ERR,ERR,ERR,ERR,ERR,ERR,ERR,ERR,ERR,ERR,ERR,ERR,ERR,ERR,ERR,ERR,ERR,ERR,ERR,ERR,ERR,ERR,ERR,ERR,ERR,ERR,ERR,34.0,80.0,35,0.0,0.0,0.0,0.0,0.0,0.0,0.0,0.0,0.0,0.0,0.0,0.0,0.0,0.0,0.0,0.0,65.6,0,118,57,53,65476,0,300,0,0,8,20529,65476,0,0,57672,80.0,0.0,0.0,0.0,0.0,0.0
2026-06-18T02:57:38,ERR,ERR,ERR,ERR,ERR,ERR,ERR,ERR,ERR,ERR,ERR,ERR,ERR,ERR,ERR,ERR,ERR,ERR,ERR,ERR,ERR,ERR,ERR,ERR,ERR,ERR,ERR,ERR,ERR,ERR,ERR,ERR,ERR,ERR,ERR,ERR,ERR,ERR,ERR,ERR,ERR,ERR,ERR,ERR,ERR,ERR,ERR,ERR,ERR,ERR,ERR,ERR,ERR,ERR,ERR,ERR,ERR,ERR,ERR,ERR,ERR,ERR,ERR,ERR,ERR,ERR,ERR,ERR,ERR,ERR,ERR,ERR,ERR,ERR,ERR,ERR,ERR,ERR,ERR,ERR,ERR,ERR,ERR,ERR,ERR,ERR,ERR,ERR,ERR,ERR,ERR,ERR,ERR,ERR,ERR,ERR,ERR,ERR,ERR,ERR,ERR,ERR,ERR,ERR,ERR,ERR,ERR,ERR,ERR,ERR,ERR,ERR,ERR,ERR,ERR,ERR,ERR,ERR,ERR,ERR,ERR,ERR,ERR,ERR,ERR,0.0,-107615384.0,-0.0,-0.0,nan,1.3936040501711995e+18,7.805,-0.0,0,0,4,48930,6720,14723890282496.0,100,0.0,0.0,0.0,0.0,0.0,0,0,0,0,0.0,0,0,0,0,0,0,0,0,0,0,0,0,0,0,0,0,0,0,0,0,0,0,0,0,0,0,0,0,0,0,0,0,0,26,51,50,76,65476,0,300,0,0,8,21553,0.0,-107605600.0,0.0,0.0,0.0,0.0,0.0,0.0,0.0,0.0,0.0,0.0,0.0,0.0,0.0,0.0,0.0,0.0,0.0,0.0,0.0,0.0,2.004,-2.004,2.004,0.0,0.0,0.0,0.0,0.0,4845.0,0.0,7233.0,0.0,-107615384.0,0.0,0.0,0.0,0.0,0.0,0.0,77,-0.0,126840479744.0,0.0,0.0,0.0,0.0,0.0,0.0,0.0,0,0,0,0.0,0.0,0.0,0.0,0.0,0.0,0.0,0.0,0.0,0.0,0.0,0.0,0.0,0.0,0.0,0.0,0,-107875648.0,77,0.0,154,0.0,2.6533865130338155e+23,ERR,ERR,ERR,ERR,ERR,ERR,ERR,ERR,ERR,ERR,ERR,ERR,ERR,ERR,ERR,ERR,ERR,ERR,ERR,ERR,ERR,ERR,ERR,ERR,ERR,ERR,ERR,ERR,ERR,ERR,ERR,ERR,ERR,ERR,ERR,ERR,ERR,ERR,ERR,ERR,ERR,ERR,ERR,ERR,ERR,ERR,ERR,ERR,ERR,ERR,ERR,ERR,ERR,ERR,ERR,ERR,ERR,ERR,ERR,ERR,ERR,ERR,ERR,ERR,ERR,ERR,ERR,34.0,80.0,35,0.0,0.0,0.0,0.0,0.0,0.0,0.0,0.0,0.0,0.0,0.0,0.0,0.0,0.0,0.0,0.0,65.6,0,118,57,53,65476,0,300,0,0,8,20529,65476,0,0,57672,80.0,0.0,0.0,0.0,0.0,0.0
2026-06-18T02:57:39,ERR,ERR,ERR,ERR,ERR,ERR,ERR,ERR,ERR,ERR,ERR,ERR,ERR,ERR,ERR,ERR,ERR,ERR,ERR,ERR,ERR,ERR,ERR,ERR,ERR,ERR,ERR,ERR,ERR,ERR,ERR,ERR,ERR,ERR,ERR,ERR,ERR,ERR,ERR,ERR,ERR,ERR,ERR,ERR,ERR,ERR,ERR,ERR,ERR,ERR,ERR,ERR,ERR,ERR,ERR,ERR,ERR,ERR,ERR,ERR,ERR,ERR,ERR,ERR,ERR,ERR,ERR,ERR,ERR,ERR,ERR,ERR,ERR,ERR,ERR,ERR,ERR,ERR,ERR,ERR,ERR,ERR,ERR,ERR,ERR,ERR,ERR,ERR,ERR,ERR,ERR,ERR,ERR,ERR,ERR,ERR,ERR,ERR,ERR,ERR,ERR,ERR,ERR,ERR,ERR,ERR,ERR,ERR,ERR,ERR,ERR,ERR,ERR,ERR,ERR,ERR,ERR,ERR,ERR,ERR,ERR,ERR,ERR,ERR,ERR,0.0,-107615384.0,-0.0,-0.0,nan,1.3936040501711995e+18,7.805,-0.0,0,0,4,48930,6720,14723890282496.0,100,0.0,0.0,0.0,0.0,0.0,0,0,0,0,0.0,0,0,0,0,0,0,0,0,0,0,0,0,0,0,0,0,0,0,0,0,0,0,0,0,0,0,0,0,0,0,0,0,0,26,51,50,76,65476,0,300,0,0,8,21553,0.0,-107605600.0,0.0,0.0,0.0,0.0,0.0,0.0,0.0,0.0,0.0,0.0,0.0,0.0,0.0,0.0,0.0,0.0,0.0,0.0,0.0,0.0,2.004,-2.004,2.004,0.0,0.0,0.0,0.0,0.0,4845.0,0.0,7233.0,0.0,-107615384.0,0.0,0.0,0.0,0.0,0.0,0.0,77,-0.0,126840479744.0,0.0,0.0,0.0,0.0,0.0,0.0,0.0,0,0,0,0.0,0.0,0.0,0.0,0.0,0.0,0.0,0.0,0.0,0.0,0.0,0.0,0.0,0.0,0.0,0.0,0,-107875648.0,77,0.0,154,0.0,2.6533865130338155e+23,ERR,ERR,ERR,ERR,ERR,ERR,ERR,ERR,ERR,ERR,ERR,ERR,ERR,ERR,ERR,ERR,ERR,ERR,ERR,ERR,ERR,ERR,ERR,ERR,ERR,ERR,ERR,ERR,ERR,ERR,ERR,ERR,ERR,ERR,ERR,ERR,ERR,ERR,ERR,ERR,ERR,ERR,ERR,ERR,ERR,ERR,ERR,ERR,ERR,ERR,ERR,ERR,ERR,ERR,ERR,ERR,ERR,ERR,ERR,ERR,ERR,ERR,ERR,ERR,ERR,ERR,ERR,34.0,80.0,35,0.0,0.0,0.0,0.0,0.0,0.0,0.0,0.0,0.0,0.0,0.0,0.0,0.0,0.0,0.0,0.0,65.6,0,118,57,53,65476,0,300,0,0,8,20529,65476,0,0,57672,80.0,0.0,0.0,0.0,0.0,0.0
2026-06-18T02:57:40,ERR,ERR,ERR,ERR,ERR,ERR,ERR,ERR,ERR,ERR,ERR,ERR,ERR,ERR,ERR,ERR,ERR,ERR,ERR,ERR,ERR,ERR,ERR,ERR,ERR,ERR,ERR,ERR,ERR,ERR,ERR,ERR,ERR,ERR,ERR,ERR,ERR,ERR,ERR,ERR,ERR,ERR,ERR,ERR,ERR,ERR,ERR,ERR,ERR,ERR,ERR,ERR,ERR,ERR,ERR,ERR,ERR,ERR,ERR,ERR,ERR,ERR,ERR,ERR,ERR,ERR,ERR,ERR,ERR,ERR,ERR,ERR,ERR,ERR,ERR,ERR,ERR,ERR,ERR,ERR,ERR,ERR,ERR,ERR,ERR,ERR,ERR,ERR,ERR,ERR,ERR,ERR,ERR,ERR,ERR,ERR,ERR,ERR,ERR,ERR,ERR,ERR,ERR,ERR,ERR,ERR,ERR,ERR,ERR,ERR,ERR,ERR,ERR,ERR,ERR,ERR,ERR,ERR,ERR,ERR,ERR,ERR,ERR,ERR,ERR,0.0,-107615384.0,-0.0,-0.0,nan,1.3936040501711995e+18,7.805,-0.0,0,0,4,48930,6720,14723890282496.0,100,0.0,0.0,0.0,0.0,0.0,0,0,0,0,0.0,0,0,0,0,0,0,0,0,0,0,0,0,0,0,0,0,0,0,0,0,0,0,0,0,0,0,0,0,0,0,0,0,0,26,51,50,76,65476,0,300,0,0,8,21553,0.0,-107605600.0,0.0,0.0,0.0,0.0,0.0,0.0,0.0,0.0,0.0,0.0,0.0,0.0,0.0,0.0,0.0,0.0,0.0,0.0,0.0,0.0,2.004,-2.004,2.004,0.0,0.0,0.0,0.0,0.0,4845.0,0.0,7233.0,0.0,-107615384.0,0.0,0.0,0.0,0.0,0.0,0.0,77,-0.0,126840479744.0,0.0,0.0,0.0,0.0,0.0,0.0,0.0,0,0,0,0.0,0.0,0.0,0.0,0.0,0.0,0.0,0.0,0.0,0.0,0.0,0.0,0.0,0.0,0.0,0.0,0,-107875648.0,77,0.0,154,0.0,2.6533865130338155e+23,ERR,ERR,ERR,ERR,ERR,ERR,ERR,ERR,ERR,ERR,ERR,ERR,ERR,ERR,ERR,ERR,ERR,ERR,ERR,ERR,ERR,ERR,ERR,ERR,ERR,ERR,ERR,ERR,ERR,ERR,ERR,ERR,ERR,ERR,ERR,ERR,ERR,ERR,ERR,ERR,ERR,ERR,ERR,ERR,ERR,ERR,ERR,ERR,ERR,ERR,ERR,ERR,ERR,ERR,ERR,ERR,ERR,ERR,ERR,ERR,ERR,ERR,ERR,ERR,ERR,ERR,ERR,34.0,80.0,35,0.0,0.0,0.0,0.0,0.0,0.0,0.0,0.0,0.0,0.0,0.0,0.0,0.0,0.0,0.0,0.0,66.4,0,118,57,53,65476,0,300,0,0,8,20529,65476,0,0,57672,80.0,0.0,0.0,0.0,0.0,0.0
2026-06-18T02:57:41,ERR,ERR,ERR,ERR,ERR,ERR,ERR,ERR,ERR,ERR,ERR,ERR,ERR,ERR,ERR,ERR,ERR,ERR,ERR,ERR,ERR,ERR,ERR,ERR,ERR,ERR,ERR,ERR,ERR,ERR,ERR,ERR,ERR,ERR,ERR,ERR,ERR,ERR,ERR,ERR,ERR,ERR,ERR,ERR,ERR,ERR,ERR,ERR,ERR,ERR,ERR,ERR,ERR,ERR,ERR,ERR,ERR,ERR,ERR,ERR,ERR,ERR,ERR,ERR,ERR,ERR,ERR,ERR,ERR,ERR,ERR,ERR,ERR,ERR,ERR,ERR,ERR,ERR,ERR,ERR,ERR,ERR,ERR,ERR,ERR,ERR,ERR,ERR,ERR,ERR,ERR,ERR,ERR,ERR,ERR,ERR,ERR,ERR,ERR,ERR,ERR,ERR,ERR,ERR,ERR,ERR,ERR,ERR,ERR,ERR,ERR,ERR,ERR,ERR,ERR,ERR,ERR,ERR,ERR,ERR,ERR,ERR,ERR,ERR,ERR,0.0,-107615384.0,-0.0,-0.0,nan,1.3936040501711995e+18,7.805,-0.0,0,0,4,48930,6720,14723890282496.0,100,0.0,0.0,0.0,0.0,0.0,0,0,0,0,0.0,0,0,0,0,0,0,0,0,0,0,0,0,0,0,0,0,0,0,0,0,0,0,0,0,0,0,0,0,0,0,0,0,0,26,51,50,76,65476,0,300,0,0,8,21553,0.0,-107605600.0,0.0,0.0,0.0,0.0,0.0,0.0,0.0,0.0,0.0,0.0,0.0,0.0,0.0,0.0,0.0,0.0,0.0,0.0,0.0,0.0,2.004,-2.004,2.004,0.0,0.0,0.0,0.0,0.0,4845.0,0.0,7233.0,0.0,-107615384.0,0.0,0.0,0.0,0.0,0.0,0.0,77,-0.0,126840479744.0,0.0,0.0,0.0,0.0,0.0,0.0,0.0,0,0,0,0.0,0.0,0.0,0.0,0.0,0.0,0.0,0.0,0.0,0.0,0.0,0.0,0.0,0.0,0.0,0.0,0,-107875648.0,77,0.0,154,0.0,2.6533865130338155e+23,ERR,ERR,ERR,ERR,ERR,ERR,ERR,ERR,ERR,ERR,ERR,ERR,ERR,ERR,ERR,ERR,ERR,ERR,ERR,ERR,ERR,ERR,ERR,ERR,ERR,ERR,ERR,ERR,ERR,ERR,ERR,ERR,ERR,ERR,ERR,ERR,ERR,ERR,ERR,ERR,ERR,ERR,ERR,ERR,ERR,ERR,ERR,ERR,ERR,ERR,ERR,ERR,ERR,ERR,ERR,ERR,ERR,ERR,ERR,ERR,ERR,ERR,ERR,ERR,ERR,ERR,ERR,34.0,80.0,35,0.0,0.0,0.0,0.0,0.0,0.0,0.0,0.0,0.0,0.0,0.0,0.0,0.0,0.0,0.0,0.0,66.4,0,118,57,53,65476,0,300,0,0,8,20529,65476,0,0,57672,80.0,0.0,0.0,0.0,0.0,0.0
2026-06-18T02:57:42,ERR,ERR,ERR,ERR,ERR,ERR,ERR,ERR,ERR,ERR,ERR,ERR,ERR,ERR,ERR,ERR,ERR,ERR,ERR,ERR,ERR,ERR,ERR,ERR,ERR,ERR,ERR,ERR,ERR,ERR,ERR,ERR,ERR,ERR,ERR,ERR,ERR,ERR,ERR,ERR,ERR,ERR,ERR,ERR,ERR,ERR,ERR,ERR,ERR,ERR,ERR,ERR,ERR,ERR,ERR,ERR,ERR,ERR,ERR,ERR,ERR,ERR,ERR,ERR,ERR,ERR,ERR,ERR,ERR,ERR,ERR,ERR,ERR,ERR,ERR,ERR,ERR,ERR,ERR,ERR,ERR,ERR,ERR,ERR,ERR,ERR,ERR,ERR,ERR,ERR,ERR,ERR,ERR,ERR,ERR,ERR,ERR,ERR,ERR,ERR,ERR,ERR,ERR,ERR,ERR,ERR,ERR,ERR,ERR,ERR,ERR,ERR,ERR,ERR,ERR,ERR,ERR,ERR,ERR,ERR,ERR,ERR,ERR,ERR,ERR,0.0,-107615384.0,-0.0,0.059,nan,1.3936040501711995e+18,7.805,0.0,0,0,4,48927,6720,14723890282496.0,100,0.0,0.0,0.0,2.718290229135658e+23,0.0,0,0,0,0,0.0,0,0,0,0,0,0,0,0,0,0,0,0,0,0,0,0,0,0,0,0,0,0,0,0,0,0,0,0,0,0,0,0,0,26,51,50,76,65476,0,300,0,0,8,21553,0.0,-107605600.0,0.0,0.0,0.0,0.0,0.0,0.0,0.0,0.0,0.0,0.0,0.0,0.0,0.0,0.0,0.0,0.0,0.0,0.0,0.0,0.0,2.004,-2.004,2.004,0.0,0.0,0.0,0.0,0.0,4813.0,-1.0406646380929485e+34,7263.0,0.0,-107615384.0,0.0,0.0,0.0,0.0,0.0,0.0,77,-0.0,0.0,0.0,0.0,0.0,0.0,0.0,0.0,0.0,0,0,0,0.0,0.0,0.0,0.0,0.0,0.0,0.0,0.0,0.0,0.0,0.0,0.0,0.0,0.0,0.0,0.0,0,-107875648.0,77,0.0,154,0.0,2.6533865130338155e+23,ERR,ERR,ERR,ERR,ERR,ERR,ERR,ERR,ERR,ERR,ERR,ERR,ERR,ERR,ERR,ERR,ERR,ERR,ERR,ERR,ERR,ERR,ERR,ERR,ERR,ERR,ERR,ERR,ERR,ERR,ERR,ERR,ERR,ERR,ERR,ERR,ERR,ERR,ERR,ERR,ERR,ERR,ERR,ERR,ERR,ERR,ERR,ERR,ERR,ERR,ERR,ERR,ERR,ERR,ERR,ERR,ERR,ERR,ERR,ERR,ERR,ERR,ERR,ERR,ERR,ERR,ERR,34.0,80.0,35,0.0,0.0,0.0,0.0,0.0,0.0,0.0,0.0,0.0,0.0,0.0,0.0,0.0,0.0,0.0,0.0,66.4,0,118,57,53,65476,0,300,0,0,8,20529,65476,0,0,57672,80.0,0.0,0.0,0.0,0.0,0.0
2026-06-18T02:57:43,ERR,ERR,ERR,ERR,ERR,ERR,ERR,ERR,ERR,ERR,ERR,ERR,ERR,ERR,ERR,ERR,ERR,ERR,ERR,ERR,ERR,ERR,ERR,ERR,ERR,ERR,ERR,ERR,ERR,ERR,ERR,ERR,ERR,ERR,ERR,ERR,ERR,ERR,ERR,ERR,ERR,ERR,ERR,ERR,ERR,ERR,ERR,ERR,ERR,ERR,ERR,ERR,ERR,ERR,ERR,ERR,ERR,ERR,ERR,ERR,ERR,ERR,ERR,ERR,ERR,ERR,ERR,ERR,ERR,ERR,ERR,ERR,ERR,ERR,ERR,ERR,ERR,ERR,ERR,ERR,ERR,ERR,ERR,ERR,ERR,ERR,ERR,ERR,ERR,ERR,ERR,ERR,ERR,ERR,ERR,ERR,ERR,ERR,ERR,ERR,ERR,ERR,ERR,ERR,ERR,ERR,ERR,ERR,ERR,ERR,ERR,ERR,ERR,ERR,ERR,ERR,ERR,ERR,ERR,ERR,ERR,ERR,ERR,ERR,ERR,0.0,-107615384.0,-0.0,0.059,nan,1.3936040501711995e+18,7.805,0.0,0,0,4,48927,6720,14723890282496.0,100,0.0,0.0,0.0,2.718290229135658e+23,0.0,0,0,0,0,0.0,0,0,0,0,0,0,0,0,0,0,0,0,0,0,0,0,0,0,0,0,0,0,0,0,0,0,0,0,0,0,0,0,0,26,51,50,76,65476,0,300,0,0,8,21553,0.0,-107605600.0,0.0,0.0,0.0,0.0,0.0,0.0,0.0,0.0,0.0,0.0,0.0,0.0,0.0,0.0,0.0,0.0,0.0,0.0,0.0,0.0,2.004,-2.004,2.004,0.0,0.0,0.0,0.0,0.0,4813.0,-1.0406646380929485e+34,7263.0,0.0,-107615384.0,0.0,0.0,0.0,0.0,0.0,0.0,77,-0.0,0.0,0.0,0.0,0.0,0.0,0.0,0.0,0.0,0,0,0,0.0,0.0,0.0,0.0,0.0,0.0,0.0,0.0,0.0,0.0,0.0,0.0,0.0,0.0,0.0,0.0,0,-107875648.0,77,0.0,154,0.0,2.6533865130338155e+23,ERR,ERR,ERR,ERR,ERR,ERR,ERR,ERR,ERR,ERR,ERR,ERR,ERR,ERR,ERR,ERR,ERR,ERR,ERR,ERR,ERR,ERR,ERR,ERR,ERR,ERR,ERR,ERR,ERR,ERR,ERR,ERR,ERR,ERR,ERR,ERR,ERR,ERR,ERR,ERR,ERR,ERR,ERR,ERR,ERR,ERR,ERR,ERR,ERR,ERR,ERR,ERR,ERR,ERR,ERR,ERR,ERR,ERR,ERR,ERR,ERR,ERR,ERR,ERR,ERR,ERR,ERR,34.0,80.0,35,0.0,0.0,0.0,0.0,0.0,0.0,0.0,0.0,0.0,0.0,0.0,0.0,0.0,0.0,0.0,0.0,66.4,0,118,57,53,65476,0,300,0,0,8,20529,65476,0,0,57672,80.0,0.0,0.0,0.0,0.0,0.0
2026-06-18T02:57:44,ERR,ERR,ERR,ERR,ERR,ERR,ERR,ERR,ERR,ERR,ERR,ERR,ERR,ERR,ERR,ERR,ERR,ERR,ERR,ERR,ERR,ERR,ERR,ERR,ERR,ERR,ERR,ERR,ERR,ERR,ERR,ERR,ERR,ERR,ERR,ERR,ERR,ERR,ERR,ERR,ERR,ERR,ERR,ERR,ERR,ERR,ERR,ERR,ERR,ERR,ERR,ERR,ERR,ERR,ERR,ERR,ERR,ERR,ERR,ERR,ERR,ERR,ERR,ERR,ERR,ERR,ERR,ERR,ERR,ERR,ERR,ERR,ERR,ERR,ERR,ERR,ERR,ERR,ERR,ERR,ERR,ERR,ERR,ERR,ERR,ERR,ERR,ERR,ERR,ERR,ERR,ERR,ERR,ERR,ERR,ERR,ERR,ERR,ERR,ERR,ERR,ERR,ERR,ERR,ERR,ERR,ERR,ERR,ERR,ERR,ERR,ERR,ERR,ERR,ERR,ERR,ERR,ERR,ERR,ERR,ERR,ERR,ERR,ERR,ERR,0.0,-107615384.0,-0.0,0.059,nan,1.3936040501711995e+18,7.805,0.0,0,0,4,48927,6720,14723890282496.0,100,0.0,0.0,0.0,2.718290229135658e+23,0.0,0,0,0,0,0.0,0,0,0,0,0,0,0,0,0,0,0,0,0,0,0,0,0,0,0,0,0,0,0,0,0,0,0,0,0,0,0,0,0,26,51,50,76,65476,0,300,0,0,8,21553,0.0,-107605600.0,0.0,0.0,0.0,0.0,0.0,0.0,0.0,0.0,0.0,0.0,0.0,0.0,0.0,0.0,0.0,0.0,0.0,0.0,0.0,0.0,2.004,-2.004,2.004,0.0,0.0,0.0,0.0,0.0,4813.0,-1.0406646380929485e+34,7263.0,0.0,-107615384.0,0.0,0.0,0.0,0.0,0.0,0.0,77,-0.0,0.0,0.0,0.0,0.0,0.0,0.0,0.0,0.0,0,0,0,0.0,0.0,0.0,0.0,0.0,0.0,0.0,0.0,0.0,0.0,0.0,0.0,0.0,0.0,0.0,0.0,0,-107875648.0,77,0.0,154,0.0,2.6533865130338155e+23,ERR,ERR,ERR,ERR,ERR,ERR,ERR,ERR,ERR,ERR,ERR,ERR,ERR,ERR,ERR,ERR,ERR,ERR,ERR,ERR,ERR,ERR,ERR,ERR,ERR,ERR,ERR,ERR,ERR,ERR,ERR,ERR,ERR,ERR,ERR,ERR,ERR,ERR,ERR,ERR,ERR,ERR,ERR,ERR,ERR,ERR,ERR,ERR,ERR,ERR,ERR,ERR,ERR,ERR,ERR,ERR,ERR,ERR,ERR,ERR,ERR,ERR,ERR,ERR,ERR,ERR,ERR,34.0,80.0,35,0.0,0.0,0.0,0.0,0.0,0.0,0.0,0.0,0.0,0.0,0.0,0.0,0.0,0.0,0.0,0.0,65.6,0,118,57,53,65476,0,300,0,0,8,20529,65476,0,0,57672,80.0,0.0,0.0,0.0,0.0,0.0
2026-06-18T02:57:45,ERR,ERR,ERR,ERR,ERR,ERR,ERR,ERR,ERR,ERR,ERR,ERR,ERR,ERR,ERR,ERR,ERR,ERR,ERR,ERR,ERR,ERR,ERR,ERR,ERR,ERR,ERR,ERR,ERR,ERR,ERR,ERR,ERR,ERR,ERR,ERR,ERR,ERR,ERR,ERR,ERR,ERR,ERR,ERR,ERR,ERR,ERR,ERR,ERR,ERR,ERR,ERR,ERR,ERR,ERR,ERR,ERR,ERR,ERR,ERR,ERR,ERR,ERR,ERR,ERR,ERR,ERR,ERR,ERR,ERR,ERR,ERR,ERR,ERR,ERR,ERR,ERR,ERR,ERR,ERR,ERR,ERR,ERR,ERR,ERR,ERR,ERR,ERR,ERR,ERR,ERR,ERR,ERR,ERR,ERR,ERR,ERR,ERR,ERR,ERR,ERR,ERR,ERR,ERR,ERR,ERR,ERR,ERR,ERR,ERR,ERR,ERR,ERR,ERR,ERR,ERR,ERR,ERR,ERR,ERR,ERR,ERR,ERR,ERR,ERR,0.0,-107615384.0,-0.0,0.059,nan,1.3936040501711995e+18,7.805,0.0,0,0,4,48927,6720,14723890282496.0,100,0.0,0.0,0.0,2.718290229135658e+23,0.0,0,0,0,0,0.0,0,0,0,0,0,0,0,0,0,0,0,0,0,0,0,0,0,0,0,0,0,0,0,0,0,0,0,0,0,0,0,0,0,26,51,50,76,65476,0,300,0,0,8,21553,0.0,-107605600.0,0.0,0.0,0.0,0.0,0.0,0.0,0.0,0.0,0.0,0.0,0.0,0.0,0.0,0.0,0.0,0.0,0.0,0.0,0.0,0.0,2.004,-2.004,2.004,0.0,0.0,0.0,0.0,0.0,4813.0,-1.0406646380929485e+34,7263.0,0.0,-107615384.0,0.0,0.0,0.0,0.0,0.0,0.0,77,-0.0,0.0,0.0,0.0,0.0,0.0,0.0,0.0,0.0,0,0,0,0.0,0.0,0.0,0.0,0.0,0.0,0.0,0.0,0.0,0.0,0.0,0.0,0.0,0.0,0.0,0.0,0,-107875648.0,77,0.0,154,0.0,2.6533865130338155e+23,ERR,ERR,ERR,ERR,ERR,ERR,ERR,ERR,ERR,ERR,ERR,ERR,ERR,ERR,ERR,ERR,ERR,ERR,ERR,ERR,ERR,ERR,ERR,ERR,ERR,ERR,ERR,ERR,ERR,ERR,ERR,ERR,ERR,ERR,ERR,ERR,ERR,ERR,ERR,ERR,ERR,ERR,ERR,ERR,ERR,ERR,ERR,ERR,ERR,ERR,ERR,ERR,ERR,ERR,ERR,ERR,ERR,ERR,ERR,ERR,ERR,ERR,ERR,ERR,ERR,ERR,ERR,34.0,80.0,35,0.0,0.0,0.0,0.0,0.0,0.0,0.0,0.0,0.0,0.0,0.0,0.0,0.0,0.0,0.0,0.0,65.6,0,118,57,53,65476,0,300,0,0,8,20529,65476,0,0,57672,80.0,0.0,0.0,0.0,0.0,0.0
2026-06-18T02:57:46,ERR,ERR,ERR,ERR,ERR,ERR,ERR,ERR,ERR,ERR,ERR,ERR,ERR,ERR,ERR,ERR,ERR,ERR,ERR,ERR,ERR,ERR,ERR,ERR,ERR,ERR,ERR,ERR,ERR,ERR,ERR,ERR,ERR,ERR,ERR,ERR,ERR,ERR,ERR,ERR,ERR,ERR,ERR,ERR,ERR,ERR,ERR,ERR,ERR,ERR,ERR,ERR,ERR,ERR,ERR,ERR,ERR,ERR,ERR,ERR,ERR,ERR,ERR,ERR,ERR,ERR,ERR,ERR,ERR,ERR,ERR,ERR,ERR,ERR,ERR,ERR,ERR,ERR,ERR,ERR,ERR,ERR,ERR,ERR,ERR,ERR,ERR,ERR,ERR,ERR,ERR,ERR,ERR,ERR,ERR,ERR,ERR,ERR,ERR,ERR,ERR,ERR,ERR,ERR,ERR,ERR,ERR,ERR,ERR,ERR,ERR,ERR,ERR,ERR,ERR,ERR,ERR,ERR,ERR,ERR,ERR,ERR,ERR,ERR,ERR,0.0,-107615384.0,-0.0,0.059,nan,1.3936040501711995e+18,7.805,0.0,0,0,4,48927,6720,14723890282496.0,100,0.0,0.0,0.0,2.718290229135658e+23,0.0,0,0,0,0,0.0,0,0,0,0,0,0,0,0,0,0,0,0,0,0,0,0,0,0,0,0,0,0,0,0,0,0,0,0,0,0,0,0,0,26,51,50,76,65476,0,300,0,0,8,21553,0.0,-107605600.0,0.0,0.0,0.0,0.0,0.0,0.0,0.0,0.0,0.0,0.0,0.0,0.0,0.0,0.0,0.0,0.0,0.0,0.0,0.0,0.0,2.004,-2.004,2.004,0.0,0.0,0.0,0.0,0.0,4813.0,-1.0406646380929485e+34,7263.0,0.0,-107615384.0,0.0,0.0,0.0,0.0,0.0,0.0,77,-0.0,0.0,0.0,0.0,0.0,0.0,0.0,0.0,0.0,0,0,0,0.0,0.0,0.0,0.0,0.0,0.0,0.0,0.0,0.0,0.0,0.0,0.0,0.0,0.0,0.0,0.0,0,-107875648.0,77,0.0,154,0.0,2.6533865130338155e+23,ERR,ERR,ERR,ERR,ERR,ERR,ERR,ERR,ERR,ERR,ERR,ERR,ERR,ERR,ERR,ERR,ERR,ERR,ERR,ERR,ERR,ERR,ERR,ERR,ERR,ERR,ERR,ERR,ERR,ERR,ERR,ERR,ERR,ERR,ERR,ERR,ERR,ERR,ERR,ERR,ERR,ERR,ERR,ERR,ERR,ERR,ERR,ERR,ERR,ERR,ERR,ERR,ERR,ERR,ERR,ERR,ERR,ERR,ERR,ERR,ERR,ERR,ERR,ERR,ERR,ERR,ERR,34.0,80.0,35,0.0,0.0,0.0,0.0,0.0,0.0,0.0,0.0,0.0,0.0,0.0,0.0,0.0,0.0,0.0,0.0,65.6,0,118,57,53,65476,0,300,0,0,8,20529,65476,0,0,57672,80.0,0.0,0.0,0.0,0.0,0.0
2026-06-18T02:57:47,ERR,ERR,ERR,ERR,ERR,ERR,ERR,ERR,ERR,ERR,ERR,ERR,ERR,ERR,ERR,ERR,ERR,ERR,ERR,ERR,ERR,ERR,ERR,ERR,ERR,ERR,ERR,ERR,ERR,ERR,ERR,ERR,ERR,ERR,ERR,ERR,ERR,ERR,ERR,ERR,ERR,ERR,ERR,ERR,ERR,ERR,ERR,ERR,ERR,ERR,ERR,ERR,ERR,ERR,ERR,ERR,ERR,ERR,ERR,ERR,ERR,ERR,ERR,ERR,ERR,ERR,ERR,ERR,ERR,ERR,ERR,ERR,ERR,ERR,ERR,ERR,ERR,ERR,ERR,ERR,ERR,ERR,ERR,ERR,ERR,ERR,ERR,ERR,ERR,ERR,ERR,ERR,ERR,ERR,ERR,ERR,ERR,ERR,ERR,ERR,ERR,ERR,ERR,ERR,ERR,ERR,ERR,ERR,ERR,ERR,ERR,ERR,ERR,ERR,ERR,ERR,ERR,ERR,ERR,ERR,ERR,ERR,ERR,ERR,ERR,0.0,-107615384.0,-0.0,2.718290229135658e+23,nan,1.3936040501711995e+18,7.805,-12113.15,0,0,4,48924,6720,14723890282496.0,100,0.0,0.0,0.0,-0.0,0.0,0,0,0,0,0.0,0,0,0,0,0,0,0,0,0,0,0,0,0,0,0,0,0,0,0,0,0,0,0,0,0,0,0,0,0,0,0,0,0,26,51,50,76,65476,0,300,0,0,8,21553,0.0,-107605600.0,0.0,0.0,0.0,0.0,0.0,0.0,0.0,0.0,0.0,0.0,0.0,0.0,0.0,0.0,0.0,0.0,0.0,0.0,0.0,0.0,2.004,-2.004,2.004,0.0,0.0,0.0,0.0,0.0,4813.0,-1.0406646380929485e+34,7263.0,0.0,-107615384.0,0.0,0.0,0.0,0.0,0.0,0.0,77,-0.0,0.059,0.0,0.0,0.0,0.0,0.0,0.0,0.0,0,0,0,0.0,0.0,0.0,0.0,0.0,0.0,0.0,0.0,0.0,0.0,0.0,0.0,0.0,0.0,0.0,0.0,0,-107875648.0,77,0.0,154,0.0,2.6533865130338155e+23,ERR,ERR,ERR,ERR,ERR,ERR,ERR,ERR,ERR,ERR,ERR,ERR,ERR,ERR,ERR,ERR,ERR,ERR,ERR,ERR,ERR,ERR,ERR,ERR,ERR,ERR,ERR,ERR,ERR,ERR,ERR,ERR,ERR,ERR,ERR,ERR,ERR,ERR,ERR,ERR,ERR,ERR,ERR,ERR,ERR,ERR,ERR,ERR,ERR,ERR,ERR,ERR,ERR,ERR,ERR,ERR,ERR,ERR,ERR,ERR,ERR,ERR,ERR,ERR,ERR,ERR,ERR,34.0,80.0,35,0.0,0.0,0.0,0.0,0.0,0.0,0.0,0.0,0.0,0.0,0.0,0.0,0.0,0.0,0.0,0.0,65.6,0,118,57,53,65476,0,300,0,0,8,20529,65476,0,0,57672,80.0,0.0,0.0,0.0,0.0,0.0
2026-06-18T02:57:48,ERR,ERR,ERR,ERR,ERR,ERR,ERR,ERR,ERR,ERR,ERR,ERR,ERR,ERR,ERR,ERR,ERR,ERR,ERR,ERR,ERR,ERR,ERR,ERR,ERR,ERR,ERR,ERR,ERR,ERR,ERR,ERR,ERR,ERR,ERR,ERR,ERR,ERR,ERR,ERR,ERR,ERR,ERR,ERR,ERR,ERR,ERR,ERR,ERR,ERR,ERR,ERR,ERR,ERR,ERR,ERR,ERR,ERR,ERR,ERR,ERR,ERR,ERR,ERR,ERR,ERR,ERR,ERR,ERR,ERR,ERR,ERR,ERR,ERR,ERR,ERR,ERR,ERR,ERR,ERR,ERR,ERR,ERR,ERR,ERR,ERR,ERR,ERR,ERR,ERR,ERR,ERR,ERR,ERR,ERR,ERR,ERR,ERR,ERR,ERR,ERR,ERR,ERR,ERR,ERR,ERR,ERR,ERR,ERR,ERR,ERR,ERR,ERR,ERR,ERR,ERR,ERR,ERR,ERR,ERR,ERR,ERR,ERR,ERR,ERR,0.0,-107615384.0,-0.0,2.718290229135658e+23,nan,1.3936040501711995e+18,7.805,-12113.15,0,0,4,48924,6720,14723890282496.0,100,0.0,0.0,0.0,-0.0,0.0,0,0,0,0,0.0,0,0,0,0,0,0,0,0,0,0,0,0,0,0,0,0,0,0,0,0,0,0,0,0,0,0,0,0,0,0,0,0,0,26,51,50,76,65476,0,300,0,0,8,21553,0.0,-107605600.0,0.0,0.0,0.0,0.0,0.0,0.0,0.0,0.0,0.0,0.0,0.0,0.0,0.0,0.0,0.0,0.0,0.0,0.0,0.0,0.0,2.004,-2.004,2.004,0.0,0.0,0.0,0.0,0.0,4813.0,-1.0406646380929485e+34,7263.0,0.0,-107615384.0,0.0,0.0,0.0,0.0,0.0,0.0,77,-0.0,0.059,0.0,0.0,0.0,0.0,0.0,0.0,0.0,0,0,0,0.0,0.0,0.0,0.0,0.0,0.0,0.0,0.0,0.0,0.0,0.0,0.0,0.0,0.0,0.0,0.0,0,-107875648.0,77,0.0,154,0.0,2.6533865130338155e+23,ERR,ERR,ERR,ERR,ERR,ERR,ERR,ERR,ERR,ERR,ERR,ERR,ERR,ERR,ERR,ERR,ERR,ERR,ERR,ERR,ERR,ERR,ERR,ERR,ERR,ERR,ERR,ERR,ERR,ERR,ERR,ERR,ERR,ERR,ERR,ERR,ERR,ERR,ERR,ERR,ERR,ERR,ERR,ERR,ERR,ERR,ERR,ERR,ERR,ERR,ERR,ERR,ERR,ERR,ERR,ERR,ERR,ERR,ERR,ERR,ERR,ERR,ERR,ERR,ERR,ERR,ERR,34.0,80.0,35,0.0,0.0,0.0,0.0,0.0,0.0,0.0,0.0,0.0,0.0,0.0,0.0,0.0,0.0,0.0,0.0,65.6,0,118,57,53,65476,0,300,0,0,8,20529,65476,0,0,57672,80.0,0.0,0.0,0.0,0.0,0.0
2026-06-18T02:57:49,ERR,ERR,ERR,ERR,ERR,ERR,ERR,ERR,ERR,ERR,ERR,ERR,ERR,ERR,ERR,ERR,ERR,ERR,ERR,ERR,ERR,ERR,ERR,ERR,ERR,ERR,ERR,ERR,ERR,ERR,ERR,ERR,ERR,ERR,ERR,ERR,ERR,ERR,ERR,ERR,ERR,ERR,ERR,ERR,ERR,ERR,ERR,ERR,ERR,ERR,ERR,ERR,ERR,ERR,ERR,ERR,ERR,ERR,ERR,ERR,ERR,ERR,ERR,ERR,ERR,ERR,ERR,ERR,ERR,ERR,ERR,ERR,ERR,ERR,ERR,ERR,ERR,ERR,ERR,ERR,ERR,ERR,ERR,ERR,ERR,ERR,ERR,ERR,ERR,ERR,ERR,ERR,ERR,ERR,ERR,ERR,ERR,ERR,ERR,ERR,ERR,ERR,ERR,ERR,ERR,ERR,ERR,ERR,ERR,ERR,ERR,ERR,ERR,ERR,ERR,ERR,ERR,ERR,ERR,ERR,ERR,ERR,ERR,ERR,ERR,0.0,-107615384.0,-0.0,2.718290229135658e+23,nan,1.3936040501711995e+18,7.805,-12113.15,0,0,4,48924,6720,14723890282496.0,100,0.0,0.0,0.0,-0.0,0.0,0,0,0,0,0.0,0,0,0,0,0,0,0,0,0,0,0,0,0,0,0,0,0,0,0,0,0,0,0,0,0,0,0,0,0,0,0,0,0,26,51,50,76,65476,0,300,0,0,8,21553,0.0,-107605600.0,0.0,0.0,0.0,0.0,0.0,0.0,0.0,0.0,0.0,0.0,0.0,0.0,0.0,0.0,0.0,0.0,0.0,0.0,0.0,0.0,2.004,-2.004,2.004,0.0,0.0,0.0,0.0,0.0,4813.0,-1.0406646380929485e+34,7263.0,0.0,-107615384.0,0.0,0.0,0.0,0.0,0.0,0.0,77,-0.0,0.059,0.0,0.0,0.0,0.0,0.0,0.0,0.0,0,0,0,0.0,0.0,0.0,0.0,0.0,0.0,0.0,0.0,0.0,0.0,0.0,0.0,0.0,0.0,0.0,0.0,0,-107875648.0,77,0.0,154,0.0,2.6533865130338155e+23,ERR,ERR,ERR,ERR,ERR,ERR,ERR,ERR,ERR,ERR,ERR,ERR,ERR,ERR,ERR,ERR,ERR,ERR,ERR,ERR,ERR,ERR,ERR,ERR,ERR,ERR,ERR,ERR,ERR,ERR,ERR,ERR,ERR,ERR,ERR,ERR,ERR,ERR,ERR,ERR,ERR,ERR,ERR,ERR,ERR,ERR,ERR,ERR,ERR,ERR,ERR,ERR,ERR,ERR,ERR,ERR,ERR,ERR,ERR,ERR,ERR,ERR,ERR,ERR,ERR,ERR,ERR,34.0,80.0,35,0.0,0.0,0.0,0.0,0.0,0.0,0.0,0.0,0.0,0.0,0.0,0.0,0.0,0.0,0.0,0.0,65.6,0,118,57,53,65476,0,300,0,0,8,20529,65476,0,0,57672,80.0,0.0,0.0,0.0,0.0,0.0
2026-06-18T02:57:50,ERR,ERR,ERR,ERR,ERR,ERR,ERR,ERR,ERR,ERR,ERR,ERR,ERR,ERR,ERR,ERR,ERR,ERR,ERR,ERR,ERR,ERR,ERR,ERR,ERR,ERR,ERR,ERR,ERR,ERR,ERR,ERR,ERR,ERR,ERR,ERR,ERR,ERR,ERR,ERR,ERR,ERR,ERR,ERR,ERR,ERR,ERR,ERR,ERR,ERR,ERR,ERR,ERR,ERR,ERR,ERR,ERR,ERR,ERR,ERR,ERR,ERR,ERR,ERR,ERR,ERR,ERR,ERR,ERR,ERR,ERR,ERR,ERR,ERR,ERR,ERR,ERR,ERR,ERR,ERR,ERR,ERR,ERR,ERR,ERR,ERR,ERR,ERR,ERR,ERR,ERR,ERR,ERR,ERR,ERR,ERR,ERR,ERR,ERR,ERR,ERR,ERR,ERR,ERR,ERR,ERR,ERR,ERR,ERR,ERR,ERR,ERR,ERR,ERR,ERR,ERR,ERR,ERR,ERR,ERR,ERR,ERR,ERR,ERR,ERR,0.0,-107615384.0,-0.0,2.718290229135658e+23,nan,1.3936040501711995e+18,7.805,-12113.15,0,0,4,48924,6720,14723890282496.0,100,0.0,0.0,0.0,-0.0,0.0,0,0,0,0,0.0,0,0,0,0,0,0,0,0,0,0,0,0,0,0,0,0,0,0,0,0,0,0,0,0,0,0,0,0,0,0,0,0,0,26,51,50,76,65476,0,300,0,0,8,21553,0.0,-107605600.0,0.0,0.0,0.0,0.0,0.0,0.0,0.0,0.0,0.0,0.0,0.0,0.0,0.0,0.0,0.0,0.0,0.0,0.0,0.0,0.0,2.004,-2.004,2.004,0.0,0.0,0.0,0.0,0.0,4813.0,-1.0406646380929485e+34,7263.0,0.0,-107615384.0,0.0,0.0,0.0,0.0,0.0,0.0,77,-0.0,0.059,0.0,0.0,0.0,0.0,0.0,0.0,0.0,0,0,0,0.0,0.0,0.0,0.0,0.0,0.0,0.0,0.0,0.0,0.0,0.0,0.0,0.0,0.0,0.0,0.0,0,-107875648.0,77,0.0,154,0.0,2.6533865130338155e+23,ERR,ERR,ERR,ERR,ERR,ERR,ERR,ERR,ERR,ERR,ERR,ERR,ERR,ERR,ERR,ERR,ERR,ERR,ERR,ERR,ERR,ERR,ERR,ERR,ERR,ERR,ERR,ERR,ERR,ERR,ERR,ERR,ERR,ERR,ERR,ERR,ERR,ERR,ERR,ERR,ERR,ERR,ERR,ERR,ERR,ERR,ERR,ERR,ERR,ERR,ERR,ERR,ERR,ERR,ERR,ERR,ERR,ERR,ERR,ERR,ERR,ERR,ERR,ERR,ERR,ERR,ERR,34.0,80.0,35,0.0,0.0,0.0,0.0,0.0,0.0,0.0,0.0,0.0,0.0,0.0,0.0,0.0,0.0,0.0,0.0,65.6,0,118,57,53,65476,0,300,0,0,8,20529,65476,0,0,57672,80.0,0.0,0.0,0.0,0.0,0.0
2026-06-18T02:57:51,ERR,ERR,ERR,ERR,ERR,ERR,ERR,ERR,ERR,ERR,ERR,ERR,ERR,ERR,ERR,ERR,ERR,ERR,ERR,ERR,ERR,ERR,ERR,ERR,ERR,ERR,ERR,ERR,ERR,ERR,ERR,ERR,ERR,ERR,ERR,ERR,ERR,ERR,ERR,ERR,ERR,ERR,ERR,ERR,ERR,ERR,ERR,ERR,ERR,ERR,ERR,ERR,ERR,ERR,ERR,ERR,ERR,ERR,ERR,ERR,ERR,ERR,ERR,ERR,ERR,ERR,ERR,ERR,ERR,ERR,ERR,ERR,ERR,ERR,ERR,ERR,ERR,ERR,ERR,ERR,ERR,ERR,ERR,ERR,ERR,ERR,ERR,ERR,ERR,ERR,ERR,ERR,ERR,ERR,ERR,ERR,ERR,ERR,ERR,ERR,ERR,ERR,ERR,ERR,ERR,ERR,ERR,ERR,ERR,ERR,ERR,ERR,ERR,ERR,ERR,ERR,ERR,ERR,ERR,ERR,ERR,ERR,ERR,ERR,ERR,0.0,-107615384.0,-0.0,2.718290229135658e+23,nan,1.3936040501711995e+18,7.805,-12113.15,0,0,4,48924,6720,14723890282496.0,100,0.0,0.0,0.0,-0.0,0.0,0,0,0,0,0.0,0,0,0,0,0,0,0,0,0,0,0,0,0,0,0,0,0,0,0,0,0,0,0,0,0,0,0,0,0,0,0,0,0,26,51,50,76,65476,0,300,0,0,8,21553,0.0,-107605600.0,0.0,0.0,0.0,0.0,0.0,0.0,0.0,0.0,0.0,0.0,0.0,0.0,0.0,0.0,0.0,0.0,0.0,0.0,0.0,0.0,2.004,-2.004,2.004,0.0,0.0,0.0,0.0,0.0,4813.0,-1.0406646380929485e+34,7263.0,0.0,-107615384.0,0.0,0.0,0.0,0.0,0.0,0.0,77,-0.0,0.059,0.0,0.0,0.0,0.0,0.0,0.0,0.0,0,0,0,0.0,0.0,0.0,0.0,0.0,0.0,0.0,0.0,0.0,0.0,0.0,0.0,0.0,0.0,0.0,0.0,0,-107875648.0,77,0.0,154,0.0,2.6533865130338155e+23,ERR,ERR,ERR,ERR,ERR,ERR,ERR,ERR,ERR,ERR,ERR,ERR,ERR,ERR,ERR,ERR,ERR,ERR,ERR,ERR,ERR,ERR,ERR,ERR,ERR,ERR,ERR,ERR,ERR,ERR,ERR,ERR,ERR,ERR,ERR,ERR,ERR,ERR,ERR,ERR,ERR,ERR,ERR,ERR,ERR,ERR,ERR,ERR,ERR,ERR,ERR,ERR,ERR,ERR,ERR,ERR,ERR,ERR,ERR,ERR,ERR,ERR,ERR,ERR,ERR,ERR,ERR,34.0,80.0,35,0.0,0.0,0.0,0.0,0.0,0.0,0.0,0.0,0.0,0.0,0.0,0.0,0.0,0.0,0.0,0.0,65.6,0,118,57,53,65476,0,300,0,0,8,20529,65476,0,0,57672,80.0,0.0,0.0,0.0,0.0,0.0
2026-06-18T02:57:52,ERR,ERR,ERR,ERR,ERR,ERR,ERR,ERR,ERR,ERR,ERR,ERR,ERR,ERR,ERR,ERR,ERR,ERR,ERR,ERR,ERR,ERR,ERR,ERR,ERR,ERR,ERR,ERR,ERR,ERR,ERR,ERR,ERR,ERR,ERR,ERR,ERR,ERR,ERR,ERR,ERR,ERR,ERR,ERR,ERR,ERR,ERR,ERR,ERR,ERR,ERR,ERR,ERR,ERR,ERR,ERR,ERR,ERR,ERR,ERR,ERR,ERR,ERR,ERR,ERR,ERR,ERR,ERR,ERR,ERR,ERR,ERR,ERR,ERR,ERR,ERR,ERR,ERR,ERR,ERR,ERR,ERR,ERR,ERR,ERR,ERR,ERR,ERR,ERR,ERR,ERR,ERR,ERR,ERR,ERR,ERR,ERR,ERR,ERR,ERR,ERR,ERR,ERR,ERR,ERR,ERR,ERR,ERR,ERR,ERR,ERR,ERR,ERR,ERR,ERR,ERR,ERR,ERR,ERR,ERR,ERR,ERR,ERR,ERR,ERR,0.0,-107615384.0,-0.0,2.718290229135658e+23,nan,1.3936040501711995e+18,7.805,-12113.15,0,0,4,48924,6720,14723890282496.0,100,0.0,0.0,0.0,-0.0,0.0,0,0,0,0,0.0,0,0,0,0,0,0,0,0,0,0,0,0,0,0,0,0,0,0,0,0,0,0,0,0,0,0,0,0,0,0,0,0,0,26,51,50,76,65476,0,300,0,0,8,21553,0.0,-107605600.0,0.0,0.0,0.0,0.0,0.0,0.0,0.0,0.0,0.0,0.0,0.0,0.0,0.0,0.0,0.0,0.0,0.0,0.0,0.0,0.0,2.004,-2.004,2.004,0.0,0.0,0.0,0.0,0.0,4813.0,-1.0406646380929485e+34,7263.0,0.0,-107615384.0,0.0,0.0,0.0,0.0,0.0,0.0,77,-0.0,0.059,0.0,0.0,0.0,0.0,0.0,0.0,0.0,0,0,0,0.0,0.0,0.0,0.0,0.0,0.0,0.0,0.0,0.0,0.0,0.0,0.0,0.0,0.0,0.0,0.0,0,-107875648.0,77,0.0,154,0.0,2.6533865130338155e+23,ERR,ERR,ERR,ERR,ERR,ERR,ERR,ERR,ERR,ERR,ERR,ERR,ERR,ERR,ERR,ERR,ERR,ERR,ERR,ERR,ERR,ERR,ERR,ERR,ERR,ERR,ERR,ERR,ERR,ERR,ERR,ERR,ERR,ERR,ERR,ERR,ERR,ERR,ERR,ERR,ERR,ERR,ERR,ERR,ERR,ERR,ERR,ERR,ERR,ERR,ERR,ERR,ERR,ERR,ERR,ERR,ERR,ERR,ERR,ERR,ERR,ERR,ERR,ERR,ERR,ERR,ERR,34.0,80.0,35,0.0,0.0,0.0,0.0,0.0,0.0,0.0,0.0,0.0,0.0,0.0,0.0,0.0,0.0,0.0,0.0,65.6,0,118,57,53,65476,0,300,0,0,8,20529,65476,0,0,57672,80.0,0.0,0.0,0.0,0.0,0.0
2026-06-18T02:57:53,ERR,ERR,ERR,ERR,ERR,ERR,ERR,ERR,ERR,ERR,ERR,ERR,ERR,ERR,ERR,ERR,ERR,ERR,ERR,ERR,ERR,ERR,ERR,ERR,ERR,ERR,ERR,ERR,ERR,ERR,ERR,ERR,ERR,ERR,ERR,ERR,ERR,ERR,ERR,ERR,ERR,ERR,ERR,ERR,ERR,ERR,ERR,ERR,ERR,ERR,ERR,ERR,ERR,ERR,ERR,ERR,ERR,ERR,ERR,ERR,ERR,ERR,ERR,ERR,ERR,ERR,ERR,ERR,ERR,ERR,ERR,ERR,ERR,ERR,ERR,ERR,ERR,ERR,ERR,ERR,ERR,ERR,ERR,ERR,ERR,ERR,ERR,ERR,ERR,ERR,ERR,ERR,ERR,ERR,ERR,ERR,ERR,ERR,ERR,ERR,ERR,ERR,ERR,ERR,ERR,ERR,ERR,ERR,ERR,ERR,ERR,ERR,ERR,ERR,ERR,ERR,ERR,ERR,ERR,ERR,ERR,ERR,ERR,ERR,ERR,0.0,-107615384.0,-0.0,-4.9501291711397626e+32,nan,1.3936040501711995e+18,7.805,-0.0,0,0,4,48930,6720,14723890282496.0,100,0.0,0.0,0.0,0.0,0.0,0,0,0,0,0.0,0,0,0,0,0,0,0,0,0,0,0,0,0,0,0,0,0,0,0,0,0,0,0,0,0,0,0,0,0,0,0,0,0,26,51,50,76,65476,0,300,0,0,8,21553,0.0,-107605600.0,0.0,0.0,0.0,0.0,0.0,0.0,0.0,0.0,0.0,0.0,0.0,0.0,0.0,0.0,0.0,0.0,0.0,0.0,0.0,0.0,2.004,-2.004,2.004,0.0,0.0,0.0,0.0,0.0,4844.0,0.0,7234.0,0.0,-107615384.0,0.0,0.0,0.0,0.0,0.0,0.0,77,-0.0,1.9056847201763328e+17,0.0,0.0,0.0,0.0,0.0,0.0,0.0,0,0,0,0.0,0.0,0.0,0.0,0.0,0.0,0.0,0.0,0.0,0.0,0.0,0.0,0.0,0.0,0.0,0.0,0,-107875648.0,77,0.0,154,0.0,2.6533865130338155e+23,ERR,ERR,ERR,ERR,ERR,ERR,ERR,ERR,ERR,ERR,ERR,ERR,ERR,ERR,ERR,ERR,ERR,ERR,ERR,ERR,ERR,ERR,ERR,ERR,ERR,ERR,ERR,ERR,ERR,ERR,ERR,ERR,ERR,ERR,ERR,ERR,ERR,ERR,ERR,ERR,ERR,ERR,ERR,ERR,ERR,ERR,ERR,ERR,ERR,ERR,ERR,ERR,ERR,ERR,ERR,ERR,ERR,ERR,ERR,ERR,ERR,ERR,ERR,ERR,ERR,ERR,ERR,34.0,80.0,35,0.0,0.0,0.0,0.0,0.0,0.0,0.0,0.0,0.0,0.0,0.0,0.0,0.0,0.0,0.0,0.0,65.6,0,118,57,53,65476,0,300,0,0,8,20529,65476,0,0,57672,80.0,0.0,0.0,0.0,0.0,0.0
2026-06-18T02:57:54,ERR,ERR,ERR,ERR,ERR,ERR,ERR,ERR,ERR,ERR,ERR,ERR,ERR,ERR,ERR,ERR,ERR,ERR,ERR,ERR,ERR,ERR,ERR,ERR,ERR,ERR,ERR,ERR,ERR,ERR,ERR,ERR,ERR,ERR,ERR,ERR,ERR,ERR,ERR,ERR,ERR,ERR,ERR,ERR,ERR,ERR,ERR,ERR,ERR,ERR,ERR,ERR,ERR,ERR,ERR,ERR,ERR,ERR,ERR,ERR,ERR,ERR,ERR,ERR,ERR,ERR,ERR,ERR,ERR,ERR,ERR,ERR,ERR,ERR,ERR,ERR,ERR,ERR,ERR,ERR,ERR,ERR,ERR,ERR,ERR,ERR,ERR,ERR,ERR,ERR,ERR,ERR,ERR,ERR,ERR,ERR,ERR,ERR,ERR,ERR,ERR,ERR,ERR,ERR,ERR,ERR,ERR,ERR,ERR,ERR,ERR,ERR,ERR,ERR,ERR,ERR,ERR,ERR,ERR,ERR,ERR,ERR,ERR,ERR,ERR,0.0,-107615384.0,-0.0,-4.9501291711397626e+32,nan,1.3936040501711995e+18,7.805,-0.0,0,0,4,48930,6720,14723890282496.0,100,0.0,0.0,0.0,0.0,0.0,0,0,0,0,0.0,0,0,0,0,0,0,0,0,0,0,0,0,0,0,0,0,0,0,0,0,0,0,0,0,0,0,0,0,0,0,0,0,0,26,51,50,76,65476,0,300,0,0,8,21553,0.0,-107605600.0,0.0,0.0,0.0,0.0,0.0,0.0,0.0,0.0,0.0,0.0,0.0,0.0,0.0,0.0,0.0,0.0,0.0,0.0,0.0,0.0,2.004,-2.004,2.004,0.0,0.0,0.0,0.0,0.0,4844.0,0.0,7234.0,0.0,-107615384.0,0.0,0.0,0.0,0.0,0.0,0.0,77,-0.0,1.9056847201763328e+17,0.0,0.0,0.0,0.0,0.0,0.0,0.0,0,0,0,0.0,0.0,0.0,0.0,0.0,0.0,0.0,0.0,0.0,0.0,0.0,0.0,0.0,0.0,0.0,0.0,0,-107875648.0,77,0.0,154,0.0,2.6533865130338155e+23,ERR,ERR,ERR,ERR,ERR,ERR,ERR,ERR,ERR,ERR,ERR,ERR,ERR,ERR,ERR,ERR,ERR,ERR,ERR,ERR,ERR,ERR,ERR,ERR,ERR,ERR,ERR,ERR,ERR,ERR,ERR,ERR,ERR,ERR,ERR,ERR,ERR,ERR,ERR,ERR,ERR,ERR,ERR,ERR,ERR,ERR,ERR,ERR,ERR,ERR,ERR,ERR,ERR,ERR,ERR,ERR,ERR,ERR,ERR,ERR,ERR,ERR,ERR,ERR,ERR,ERR,ERR,34.0,80.0,35,0.0,0.0,0.0,0.0,0.0,0.0,0.0,0.0,0.0,0.0,0.0,0.0,0.0,0.0,0.0,0.0,65.6,0,118,57,53,65476,0,300,0,0,8,20529,65476,0,0,57672,80.0,0.0,0.0,0.0,0.0,0.0
2026-06-18T02:57:55,ERR,ERR,ERR,ERR,ERR,ERR,ERR,ERR,ERR,ERR,ERR,ERR,ERR,ERR,ERR,ERR,ERR,ERR,ERR,ERR,ERR,ERR,ERR,ERR,ERR,ERR,ERR,ERR,ERR,ERR,ERR,ERR,ERR,ERR,ERR,ERR,ERR,ERR,ERR,ERR,ERR,ERR,ERR,ERR,ERR,ERR,ERR,ERR,ERR,ERR,ERR,ERR,ERR,ERR,ERR,ERR,ERR,ERR,ERR,ERR,ERR,ERR,ERR,ERR,ERR,ERR,ERR,ERR,ERR,ERR,ERR,ERR,ERR,ERR,ERR,ERR,ERR,ERR,ERR,ERR,ERR,ERR,ERR,ERR,ERR,ERR,ERR,ERR,ERR,ERR,ERR,ERR,ERR,ERR,ERR,ERR,ERR,ERR,ERR,ERR,ERR,ERR,ERR,ERR,ERR,ERR,ERR,ERR,ERR,ERR,ERR,ERR,ERR,ERR,ERR,ERR,ERR,ERR,ERR,ERR,ERR,ERR,ERR,ERR,ERR,0.0,-107615384.0,-0.0,-4.9501291711397626e+32,nan,1.3936040501711995e+18,7.805,-0.0,0,0,4,48930,6720,14723890282496.0,100,0.0,0.0,0.0,0.0,0.0,0,0,0,0,0.0,0,0,0,0,0,0,0,0,0,0,0,0,0,0,0,0,0,0,0,0,0,0,0,0,0,0,0,0,0,0,0,0,0,26,51,50,76,65476,0,300,0,0,8,21553,0.0,-107605600.0,0.0,0.0,0.0,0.0,0.0,0.0,0.0,0.0,0.0,0.0,0.0,0.0,0.0,0.0,0.0,0.0,0.0,0.0,0.0,0.0,2.004,-2.004,2.004,0.0,0.0,0.0,0.0,0.0,4844.0,0.0,7234.0,0.0,-107615384.0,0.0,0.0,0.0,0.0,0.0,0.0,77,-0.0,1.9056847201763328e+17,0.0,0.0,0.0,0.0,0.0,0.0,0.0,0,0,0,0.0,0.0,0.0,0.0,0.0,0.0,0.0,0.0,0.0,0.0,0.0,0.0,0.0,0.0,0.0,0.0,0,-107875648.0,77,0.0,154,0.0,2.6533865130338155e+23,ERR,ERR,ERR,ERR,ERR,ERR,ERR,ERR,ERR,ERR,ERR,ERR,ERR,ERR,ERR,ERR,ERR,ERR,ERR,ERR,ERR,ERR,ERR,ERR,ERR,ERR,ERR,ERR,ERR,ERR,ERR,ERR,ERR,ERR,ERR,ERR,ERR,ERR,ERR,ERR,ERR,ERR,ERR,ERR,ERR,ERR,ERR,ERR,ERR,ERR,ERR,ERR,ERR,ERR,ERR,ERR,ERR,ERR,ERR,ERR,ERR,ERR,ERR,ERR,ERR,ERR,ERR,34.0,80.0,35,0.0,0.0,0.0,0.0,0.0,0.0,0.0,0.0,0.0,0.0,0.0,0.0,0.0,0.0,0.0,0.0,66.0,0,118,57,53,65476,0,300,0,0,8,20529,65476,0,0,57672,80.0,0.0,0.0,0.0,0.0,0.0
2026-06-18T02:57:56,ERR,ERR,ERR,ERR,ERR,ERR,ERR,ERR,ERR,ERR,ERR,ERR,ERR,ERR,ERR,ERR,ERR,ERR,ERR,ERR,ERR,ERR,ERR,ERR,ERR,ERR,ERR,ERR,ERR,ERR,ERR,ERR,ERR,ERR,ERR,ERR,ERR,ERR,ERR,ERR,ERR,ERR,ERR,ERR,ERR,ERR,ERR,ERR,ERR,ERR,ERR,ERR,ERR,ERR,ERR,ERR,ERR,ERR,ERR,ERR,ERR,ERR,ERR,ERR,ERR,ERR,ERR,ERR,ERR,ERR,ERR,ERR,ERR,ERR,ERR,ERR,ERR,ERR,ERR,ERR,ERR,ERR,ERR,ERR,ERR,ERR,ERR,ERR,ERR,ERR,ERR,ERR,ERR,ERR,ERR,ERR,ERR,ERR,ERR,ERR,ERR,ERR,ERR,ERR,ERR,ERR,ERR,ERR,ERR,ERR,ERR,ERR,ERR,ERR,ERR,ERR,ERR,ERR,ERR,ERR,ERR,ERR,ERR,ERR,ERR,0.0,-107615384.0,-0.0,-4.9501291711397626e+32,nan,1.3936040501711995e+18,7.805,-0.0,0,0,4,48930,6720,14723890282496.0,100,0.0,0.0,0.0,0.0,0.0,0,0,0,0,0.0,0,0,0,0,0,0,0,0,0,0,0,0,0,0,0,0,0,0,0,0,0,0,0,0,0,0,0,0,0,0,0,0,0,26,51,50,76,65476,0,300,0,0,8,21553,0.0,-107605600.0,0.0,0.0,0.0,0.0,0.0,0.0,0.0,0.0,0.0,0.0,0.0,0.0,0.0,0.0,0.0,0.0,0.0,0.0,0.0,0.0,2.004,-2.004,2.004,0.0,0.0,0.0,0.0,0.0,4844.0,0.0,7234.0,0.0,-107615384.0,0.0,0.0,0.0,0.0,0.0,0.0,77,-0.0,1.9056847201763328e+17,0.0,0.0,0.0,0.0,0.0,0.0,0.0,0,0,0,0.0,0.0,0.0,0.0,0.0,0.0,0.0,0.0,0.0,0.0,0.0,0.0,0.0,0.0,0.0,0.0,0,-107875648.0,77,0.0,154,0.0,2.6533865130338155e+23,ERR,ERR,ERR,ERR,ERR,ERR,ERR,ERR,ERR,ERR,ERR,ERR,ERR,ERR,ERR,ERR,ERR,ERR,ERR,ERR,ERR,ERR,ERR,ERR,ERR,ERR,ERR,ERR,ERR,ERR,ERR,ERR,ERR,ERR,ERR,ERR,ERR,ERR,ERR,ERR,ERR,ERR,ERR,ERR,ERR,ERR,ERR,ERR,ERR,ERR,ERR,ERR,ERR,ERR,ERR,ERR,ERR,ERR,ERR,ERR,ERR,ERR,ERR,ERR,ERR,ERR,ERR,34.0,80.0,35,0.0,0.0,0.0,0.0,0.0,0.0,0.0,0.0,0.0,0.0,0.0,0.0,0.0,0.0,0.0,0.0,66.0,0,118,57,53,65476,0,300,0,0,8,20529,65476,0,0,57672,80.0,0.0,0.0,0.0,0.0,0.0
2026-06-18T02:57:57,ERR,ERR,ERR,ERR,ERR,ERR,ERR,ERR,ERR,ERR,ERR,ERR,ERR,ERR,ERR,ERR,ERR,ERR,ERR,ERR,ERR,ERR,ERR,ERR,ERR,ERR,ERR,ERR,ERR,ERR,ERR,ERR,ERR,ERR,ERR,ERR,ERR,ERR,ERR,ERR,ERR,ERR,ERR,ERR,ERR,ERR,ERR,ERR,ERR,ERR,ERR,ERR,ERR,ERR,ERR,ERR,ERR,ERR,ERR,ERR,ERR,ERR,ERR,ERR,ERR,ERR,ERR,ERR,ERR,ERR,ERR,ERR,ERR,ERR,ERR,ERR,ERR,ERR,ERR,ERR,ERR,ERR,ERR,ERR,ERR,ERR,ERR,ERR,ERR,ERR,ERR,ERR,ERR,ERR,ERR,ERR,ERR,ERR,ERR,ERR,ERR,ERR,ERR,ERR,ERR,ERR,ERR,ERR,ERR,ERR,ERR,ERR,ERR,ERR,ERR,ERR,ERR,ERR,ERR,ERR,ERR,ERR,ERR,ERR,ERR,0.0,-107615384.0,-0.0,-4.9501291711397626e+32,nan,1.3936040501711995e+18,7.805,-0.0,0,0,4,48930,6720,14723890282496.0,100,0.0,0.0,0.0,0.0,0.0,0,0,0,0,0.0,0,0,0,0,0,0,0,0,0,0,0,0,0,0,0,0,0,0,0,0,0,0,0,0,0,0,0,0,0,0,0,0,0,26,51,50,76,65476,0,300,0,0,8,21553,0.0,-107605600.0,0.0,0.0,0.0,0.0,0.0,0.0,0.0,0.0,0.0,0.0,0.0,0.0,0.0,0.0,0.0,0.0,0.0,0.0,0.0,0.0,2.004,-2.004,2.004,0.0,0.0,0.0,0.0,0.0,4844.0,0.0,7234.0,0.0,-107615384.0,0.0,0.0,0.0,0.0,0.0,0.0,77,-0.0,1.9056847201763328e+17,0.0,0.0,0.0,0.0,0.0,0.0,0.0,0,0,0,0.0,0.0,0.0,0.0,0.0,0.0,0.0,0.0,0.0,0.0,0.0,0.0,0.0,0.0,0.0,0.0,0,-107875648.0,77,0.0,154,0.0,2.6533865130338155e+23,ERR,ERR,ERR,ERR,ERR,ERR,ERR,ERR,ERR,ERR,ERR,ERR,ERR,ERR,ERR,ERR,ERR,ERR,ERR,ERR,ERR,ERR,ERR,ERR,ERR,ERR,ERR,ERR,ERR,ERR,ERR,ERR,ERR,ERR,ERR,ERR,ERR,ERR,ERR,ERR,ERR,ERR,ERR,ERR,ERR,ERR,ERR,ERR,ERR,ERR,ERR,ERR,ERR,ERR,ERR,ERR,ERR,ERR,ERR,ERR,ERR,ERR,ERR,ERR,ERR,ERR,ERR,34.0,80.0,35,0.0,0.0,0.0,0.0,0.0,0.0,0.0,0.0,0.0,0.0,0.0,0.0,0.0,0.0,0.0,0.0,66.0,0,118,57,53,65476,0,300,0,0,8,20529,65476,0,0,57672,80.0,0.0,0.0,0.0,0.0,0.0
2026-06-18T02:57:58,ERR,ERR,ERR,ERR,ERR,ERR,ERR,ERR,ERR,ERR,ERR,ERR,ERR,ERR,ERR,ERR,ERR,ERR,ERR,ERR,ERR,ERR,ERR,ERR,ERR,ERR,ERR,ERR,ERR,ERR,ERR,ERR,ERR,ERR,ERR,ERR,ERR,ERR,ERR,ERR,ERR,ERR,ERR,ERR,ERR,ERR,ERR,ERR,ERR,ERR,ERR,ERR,ERR,ERR,ERR,ERR,ERR,ERR,ERR,ERR,ERR,ERR,ERR,ERR,ERR,ERR,ERR,ERR,ERR,ERR,ERR,ERR,ERR,ERR,ERR,ERR,ERR,ERR,ERR,ERR,ERR,ERR,ERR,ERR,ERR,ERR,ERR,ERR,ERR,ERR,ERR,ERR,ERR,ERR,ERR,ERR,ERR,ERR,ERR,ERR,ERR,ERR,ERR,ERR,ERR,ERR,ERR,ERR,ERR,ERR,ERR,ERR,ERR,ERR,ERR,ERR,ERR,ERR,ERR,ERR,ERR,ERR,ERR,ERR,ERR,0.0,-107615384.0,-0.0,0.059,nan,1.3936040501711995e+18,7.805,0.0,0,0,4,48927,6720,14723890282496.0,100,0.0,0.0,0.0,0.0,0.0,0,0,0,0,0.0,0,0,0,0,0,0,0,0,0,0,0,0,0,0,0,0,0,0,0,0,0,0,0,0,0,0,0,0,0,0,0,0,0,26,51,50,76,65476,0,300,0,0,8,21553,0.0,-107605600.0,0.0,0.0,0.0,0.0,0.0,0.0,0.0,0.0,0.0,0.0,0.0,0.0,0.0,0.0,0.0,0.0,0.0,0.0,0.0,0.0,2.004,-2.004,2.004,0.0,0.0,0.0,0.0,0.0,4812.0,-1.0406646380929485e+34,7263.0,0.0,-107615384.0,0.0,0.0,0.0,0.0,0.0,0.0,77,-0.0,0.059,0.0,0.0,0.0,0.0,0.0,0.0,0.0,0,0,0,0.0,0.0,0.0,0.0,0.0,0.0,0.0,0.0,0.0,0.0,0.0,0.0,0.0,0.0,0.0,0.0,0,-107875648.0,77,0.0,154,0.0,2.6533865130338155e+23,ERR,ERR,ERR,ERR,ERR,ERR,ERR,ERR,ERR,ERR,ERR,ERR,ERR,ERR,ERR,ERR,ERR,ERR,ERR,ERR,ERR,ERR,ERR,ERR,ERR,ERR,ERR,ERR,ERR,ERR,ERR,ERR,ERR,ERR,ERR,ERR,ERR,ERR,ERR,ERR,ERR,ERR,ERR,ERR,ERR,ERR,ERR,ERR,ERR,ERR,ERR,ERR,ERR,ERR,ERR,ERR,ERR,ERR,ERR,ERR,ERR,ERR,ERR,ERR,ERR,ERR,ERR,34.0,80.0,35,0.0,0.0,0.0,0.0,0.0,0.0,0.0,0.0,0.0,0.0,0.0,0.0,0.0,0.0,0.0,0.0,66.0,0,118,57,53,65476,0,300,0,0,8,20529,65476,0,0,57672,80.0,0.0,0.0,0.0,0.0,0.0
2026-06-18T02:57:59,ERR,ERR,ERR,ERR,ERR,ERR,ERR,ERR,ERR,ERR,ERR,ERR,ERR,ERR,ERR,ERR,ERR,ERR,ERR,ERR,ERR,ERR,ERR,ERR,ERR,ERR,ERR,ERR,ERR,ERR,ERR,ERR,ERR,ERR,ERR,ERR,ERR,ERR,ERR,ERR,ERR,ERR,ERR,ERR,ERR,ERR,ERR,ERR,ERR,ERR,ERR,ERR,ERR,ERR,ERR,ERR,ERR,ERR,ERR,ERR,ERR,ERR,ERR,ERR,ERR,ERR,ERR,ERR,ERR,ERR,ERR,ERR,ERR,ERR,ERR,ERR,ERR,ERR,ERR,ERR,ERR,ERR,ERR,ERR,ERR,ERR,ERR,ERR,ERR,ERR,ERR,ERR,ERR,ERR,ERR,ERR,ERR,ERR,ERR,ERR,ERR,ERR,ERR,ERR,ERR,ERR,ERR,ERR,ERR,ERR,ERR,ERR,ERR,ERR,ERR,ERR,ERR,ERR,ERR,ERR,ERR,ERR,ERR,ERR,ERR,0.0,-107615384.0,-0.0,0.059,nan,1.3936040501711995e+18,7.805,0.0,0,0,4,48927,6720,14723890282496.0,100,0.0,0.0,0.0,0.0,0.0,0,0,0,0,0.0,0,0,0,0,0,0,0,0,0,0,0,0,0,0,0,0,0,0,0,0,0,0,0,0,0,0,0,0,0,0,0,0,0,26,51,50,76,65476,0,300,0,0,8,21553,0.0,-107605600.0,0.0,0.0,0.0,0.0,0.0,0.0,0.0,0.0,0.0,0.0,0.0,0.0,0.0,0.0,0.0,0.0,0.0,0.0,0.0,0.0,2.004,-2.004,2.004,0.0,0.0,0.0,0.0,0.0,4812.0,-1.0406646380929485e+34,7263.0,0.0,-107615384.0,0.0,0.0,0.0,0.0,0.0,0.0,77,-0.0,0.059,0.0,0.0,0.0,0.0,0.0,0.0,0.0,0,0,0,0.0,0.0,0.0,0.0,0.0,0.0,0.0,0.0,0.0,0.0,0.0,0.0,0.0,0.0,0.0,0.0,0,-107875648.0,77,0.0,154,0.0,2.6533865130338155e+23,ERR,ERR,ERR,ERR,ERR,ERR,ERR,ERR,ERR,ERR,ERR,ERR,ERR,ERR,ERR,ERR,ERR,ERR,ERR,ERR,ERR,ERR,ERR,ERR,ERR,ERR,ERR,ERR,ERR,ERR,ERR,ERR,ERR,ERR,ERR,ERR,ERR,ERR,ERR,ERR,ERR,ERR,ERR,ERR,ERR,ERR,ERR,ERR,ERR,ERR,ERR,ERR,ERR,ERR,ERR,ERR,ERR,ERR,ERR,ERR,ERR,ERR,ERR,ERR,ERR,ERR,ERR,34.0,80.0,35,0.0,0.0,0.0,0.0,0.0,0.0,0.0,0.0,0.0,0.0,0.0,0.0,0.0,0.0,0.0,0.0,65.6,0,118,57,53,65476,0,300,0,0,8,20529,65476,0,0,57672,80.0,0.0,0.0,0.0,0.0,0.0
2026-06-18T02:58:00,ERR,ERR,ERR,ERR,ERR,ERR,ERR,ERR,ERR,ERR,ERR,ERR,ERR,ERR,ERR,ERR,ERR,ERR,ERR,ERR,ERR,ERR,ERR,ERR,ERR,ERR,ERR,ERR,ERR,ERR,ERR,ERR,ERR,ERR,ERR,ERR,ERR,ERR,ERR,ERR,ERR,ERR,ERR,ERR,ERR,ERR,ERR,ERR,ERR,ERR,ERR,ERR,ERR,ERR,ERR,ERR,ERR,ERR,ERR,ERR,ERR,ERR,ERR,ERR,ERR,ERR,ERR,ERR,ERR,ERR,ERR,ERR,ERR,ERR,ERR,ERR,ERR,ERR,ERR,ERR,ERR,ERR,ERR,ERR,ERR,ERR,ERR,ERR,ERR,ERR,ERR,ERR,ERR,ERR,ERR,ERR,ERR,ERR,ERR,ERR,ERR,ERR,ERR,ERR,ERR,ERR,ERR,ERR,ERR,ERR,ERR,ERR,ERR,ERR,ERR,ERR,ERR,ERR,ERR,ERR,ERR,ERR,ERR,ERR,ERR,0.0,-107615384.0,-0.0,0.059,nan,1.3936040501711995e+18,7.805,0.0,0,0,4,48927,6720,14723890282496.0,100,0.0,0.0,0.0,0.0,0.0,0,0,0,0,0.0,0,0,0,0,0,0,0,0,0,0,0,0,0,0,0,0,0,0,0,0,0,0,0,0,0,0,0,0,0,0,0,0,0,26,51,50,76,65476,0,300,0,0,8,21553,0.0,-107605600.0,0.0,0.0,0.0,0.0,0.0,0.0,0.0,0.0,0.0,0.0,0.0,0.0,0.0,0.0,0.0,0.0,0.0,0.0,0.0,0.0,2.004,-2.004,2.004,0.0,0.0,0.0,0.0,0.0,4812.0,-1.0406646380929485e+34,7263.0,0.0,-107615384.0,0.0,0.0,0.0,0.0,0.0,0.0,77,-0.0,0.059,0.0,0.0,0.0,0.0,0.0,0.0,0.0,0,0,0,0.0,0.0,0.0,0.0,0.0,0.0,0.0,0.0,0.0,0.0,0.0,0.0,0.0,0.0,0.0,0.0,0,-107875648.0,77,0.0,154,0.0,2.6533865130338155e+23,ERR,ERR,ERR,ERR,ERR,ERR,ERR,ERR,ERR,ERR,ERR,ERR,ERR,ERR,ERR,ERR,ERR,ERR,ERR,ERR,ERR,ERR,ERR,ERR,ERR,ERR,ERR,ERR,ERR,ERR,ERR,ERR,ERR,ERR,ERR,ERR,ERR,ERR,ERR,ERR,ERR,ERR,ERR,ERR,ERR,ERR,ERR,ERR,ERR,ERR,ERR,ERR,ERR,ERR,ERR,ERR,ERR,ERR,ERR,ERR,ERR,ERR,ERR,ERR,ERR,ERR,ERR,34.0,80.0,35,0.0,0.0,0.0,0.0,0.0,0.0,0.0,0.0,0.0,0.0,0.0,0.0,0.0,0.0,0.0,0.0,65.6,0,118,57,53,65476,0,300,0,0,8,20529,65476,0,0,57672,80.0,0.0,0.0,0.0,0.0,0.0
2026-06-18T02:58:01,ERR,ERR,ERR,ERR,ERR,ERR,ERR,ERR,ERR,ERR,ERR,ERR,ERR,ERR,ERR,ERR,ERR,ERR,ERR,ERR,ERR,ERR,ERR,ERR,ERR,ERR,ERR,ERR,ERR,ERR,ERR,ERR,ERR,ERR,ERR,ERR,ERR,ERR,ERR,ERR,ERR,ERR,ERR,ERR,ERR,ERR,ERR,ERR,ERR,ERR,ERR,ERR,ERR,ERR,ERR,ERR,ERR,ERR,ERR,ERR,ERR,ERR,ERR,ERR,ERR,ERR,ERR,ERR,ERR,ERR,ERR,ERR,ERR,ERR,ERR,ERR,ERR,ERR,ERR,ERR,ERR,ERR,ERR,ERR,ERR,ERR,ERR,ERR,ERR,ERR,ERR,ERR,ERR,ERR,ERR,ERR,ERR,ERR,ERR,ERR,ERR,ERR,ERR,ERR,ERR,ERR,ERR,ERR,ERR,ERR,ERR,ERR,ERR,ERR,ERR,ERR,ERR,ERR,ERR,ERR,ERR,ERR,ERR,ERR,ERR,0.0,-107615384.0,-0.0,0.059,nan,1.3936040501711995e+18,7.805,0.0,0,0,4,48927,6720,14723890282496.0,100,0.0,0.0,0.0,0.0,0.0,0,0,0,0,0.0,0,0,0,0,0,0,0,0,0,0,0,0,0,0,0,0,0,0,0,0,0,0,0,0,0,0,0,0,0,0,0,0,0,26,51,50,76,65476,0,300,0,0,8,21553,0.0,-107605600.0,0.0,0.0,0.0,0.0,0.0,0.0,0.0,0.0,0.0,0.0,0.0,0.0,0.0,0.0,0.0,0.0,0.0,0.0,0.0,0.0,2.004,-2.004,2.004,0.0,0.0,0.0,0.0,0.0,4812.0,-1.0406646380929485e+34,7263.0,0.0,-107615384.0,0.0,0.0,0.0,0.0,0.0,0.0,77,-0.0,0.059,0.0,0.0,0.0,0.0,0.0,0.0,0.0,0,0,0,0.0,0.0,0.0,0.0,0.0,0.0,0.0,0.0,0.0,0.0,0.0,0.0,0.0,0.0,0.0,0.0,0,-107875648.0,77,0.0,154,0.0,2.6533865130338155e+23,ERR,ERR,ERR,ERR,ERR,ERR,ERR,ERR,ERR,ERR,ERR,ERR,ERR,ERR,ERR,ERR,ERR,ERR,ERR,ERR,ERR,ERR,ERR,ERR,ERR,ERR,ERR,ERR,ERR,ERR,ERR,ERR,ERR,ERR,ERR,ERR,ERR,ERR,ERR,ERR,ERR,ERR,ERR,ERR,ERR,ERR,ERR,ERR,ERR,ERR,ERR,ERR,ERR,ERR,ERR,ERR,ERR,ERR,ERR,ERR,ERR,ERR,ERR,ERR,ERR,ERR,ERR,34.0,80.0,35,0.0,0.0,0.0,0.0,0.0,0.0,0.0,0.0,0.0,0.0,0.0,0.0,0.0,0.0,0.0,0.0,65.6,0,118,57,53,65476,0,300,0,0,8,20529,65476,0,0,57672,80.0,0.0,0.0,0.0,0.0,0.0
2026-06-18T02:58:02,ERR,ERR,ERR,ERR,ERR,ERR,ERR,ERR,ERR,ERR,ERR,ERR,ERR,ERR,ERR,ERR,ERR,ERR,ERR,ERR,ERR,ERR,ERR,ERR,ERR,ERR,ERR,ERR,ERR,ERR,ERR,ERR,ERR,ERR,ERR,ERR,ERR,ERR,ERR,ERR,ERR,ERR,ERR,ERR,ERR,ERR,ERR,ERR,ERR,ERR,ERR,ERR,ERR,ERR,ERR,ERR,ERR,ERR,ERR,ERR,ERR,ERR,ERR,ERR,ERR,ERR,ERR,ERR,ERR,ERR,ERR,ERR,ERR,ERR,ERR,ERR,ERR,ERR,ERR,ERR,ERR,ERR,ERR,ERR,ERR,ERR,ERR,ERR,ERR,ERR,ERR,ERR,ERR,ERR,ERR,ERR,ERR,ERR,ERR,ERR,ERR,ERR,ERR,ERR,ERR,ERR,ERR,ERR,ERR,ERR,ERR,ERR,ERR,ERR,ERR,ERR,ERR,ERR,ERR,ERR,ERR,ERR,ERR,ERR,ERR,0.0,-107615384.0,-0.0,0.059,nan,1.3936040501711995e+18,7.805,0.0,0,0,4,48927,6720,14723890282496.0,100,0.0,0.0,0.0,0.0,0.0,0,0,0,0,0.0,0,0,0,0,0,0,0,0,0,0,0,0,0,0,0,0,0,0,0,0,0,0,0,0,0,0,0,0,0,0,0,0,0,26,51,50,76,65476,0,300,0,0,8,21553,0.0,-107605600.0,0.0,0.0,0.0,0.0,0.0,0.0,0.0,0.0,0.0,0.0,0.0,0.0,0.0,0.0,0.0,0.0,0.0,0.0,0.0,0.0,2.004,-2.004,2.004,0.0,0.0,0.0,0.0,0.0,4812.0,-1.0406646380929485e+34,7263.0,0.0,-107615384.0,0.0,0.0,0.0,0.0,0.0,0.0,77,-0.0,0.059,0.0,0.0,0.0,0.0,0.0,0.0,0.0,0,0,0,0.0,0.0,0.0,0.0,0.0,0.0,0.0,0.0,0.0,0.0,0.0,0.0,0.0,0.0,0.0,0.0,0,-107875648.0,77,0.0,154,0.0,2.6533865130338155e+23,ERR,ERR,ERR,ERR,ERR,ERR,ERR,ERR,ERR,ERR,ERR,ERR,ERR,ERR,ERR,ERR,ERR,ERR,ERR,ERR,ERR,ERR,ERR,ERR,ERR,ERR,ERR,ERR,ERR,ERR,ERR,ERR,ERR,ERR,ERR,ERR,ERR,ERR,ERR,ERR,ERR,ERR,ERR,ERR,ERR,ERR,ERR,ERR,ERR,ERR,ERR,ERR,ERR,ERR,ERR,ERR,ERR,ERR,ERR,ERR,ERR,ERR,ERR,ERR,ERR,ERR,ERR,34.0,80.0,35,0.0,0.0,0.0,0.0,0.0,0.0,0.0,0.0,0.0,0.0,0.0,0.0,0.0,0.0,0.0,0.0,65.6,0,118,57,53,65476,0,300,0,0,8,20529,65476,0,0,57672,80.0,0.0,0.0,0.0,0.0,0.0
2026-06-18T02:58:03,ERR,ERR,ERR,ERR,ERR,ERR,ERR,ERR,ERR,ERR,ERR,ERR,ERR,ERR,ERR,ERR,ERR,ERR,ERR,ERR,ERR,ERR,ERR,ERR,ERR,ERR,ERR,ERR,ERR,ERR,ERR,ERR,ERR,ERR,ERR,ERR,ERR,ERR,ERR,ERR,ERR,ERR,ERR,ERR,ERR,ERR,ERR,ERR,ERR,ERR,ERR,ERR,ERR,ERR,ERR,ERR,ERR,ERR,ERR,ERR,ERR,ERR,ERR,ERR,ERR,ERR,ERR,ERR,ERR,ERR,ERR,ERR,ERR,ERR,ERR,ERR,ERR,ERR,ERR,ERR,ERR,ERR,ERR,ERR,ERR,ERR,ERR,ERR,ERR,ERR,ERR,ERR,ERR,ERR,ERR,ERR,ERR,ERR,ERR,ERR,ERR,ERR,ERR,ERR,ERR,ERR,ERR,ERR,ERR,ERR,ERR,ERR,ERR,ERR,ERR,ERR,ERR,ERR,ERR,ERR,ERR,ERR,ERR,ERR,ERR,0.0,-107615384.0,-0.0,0.059,nan,1.3936040501711995e+18,7.805,0.0,0,0,4,48927,6720,14723890282496.0,100,0.0,0.0,0.0,0.0,0.0,0,0,0,0,0.0,0,0,0,0,0,0,0,0,0,0,0,0,0,0,0,0,0,0,0,0,0,0,0,0,0,0,0,0,0,0,0,0,0,26,51,50,76,65476,0,300,0,0,8,21553,0.0,-107605600.0,0.0,0.0,0.0,0.0,0.0,0.0,0.0,0.0,0.0,0.0,0.0,0.0,0.0,0.0,0.0,0.0,0.0,0.0,0.0,0.0,2.004,-2.004,2.004,0.0,0.0,0.0,0.0,0.0,4812.0,-1.0406646380929485e+34,7263.0,0.0,-107615384.0,0.0,0.0,0.0,0.0,0.0,0.0,77,-0.0,0.059,0.0,0.0,0.0,0.0,0.0,0.0,0.0,0,0,0,0.0,0.0,0.0,0.0,0.0,0.0,0.0,0.0,0.0,0.0,0.0,0.0,0.0,0.0,0.0,0.0,0,-107875648.0,77,0.0,154,0.0,2.6533865130338155e+23,ERR,ERR,ERR,ERR,ERR,ERR,ERR,ERR,ERR,ERR,ERR,ERR,ERR,ERR,ERR,ERR,ERR,ERR,ERR,ERR,ERR,ERR,ERR,ERR,ERR,ERR,ERR,ERR,ERR,ERR,ERR,ERR,ERR,ERR,ERR,ERR,ERR,ERR,ERR,ERR,ERR,ERR,ERR,ERR,ERR,ERR,ERR,ERR,ERR,ERR,ERR,ERR,ERR,ERR,ERR,ERR,ERR,ERR,ERR,ERR,ERR,ERR,ERR,ERR,ERR,ERR,ERR,34.0,80.0,35,0.0,0.0,0.0,0.0,0.0,0.0,0.0,0.0,0.0,0.0,0.0,0.0,0.0,0.0,0.0,0.0,65.6,0,118,57,53,65476,0,300,0,0,8,20529,65476,0,0,57672,80.0,0.0,0.0,0.0,0.0,0.0
2026-06-18T02:58:04,ERR,ERR,ERR,ERR,ERR,ERR,ERR,ERR,ERR,ERR,ERR,ERR,ERR,ERR,ERR,ERR,ERR,ERR,ERR,ERR,ERR,ERR,ERR,ERR,ERR,ERR,ERR,ERR,ERR,ERR,ERR,ERR,ERR,ERR,ERR,ERR,ERR,ERR,ERR,ERR,ERR,ERR,ERR,ERR,ERR,ERR,ERR,ERR,ERR,ERR,ERR,ERR,ERR,ERR,ERR,ERR,ERR,ERR,ERR,ERR,ERR,ERR,ERR,ERR,ERR,ERR,ERR,ERR,ERR,ERR,ERR,ERR,ERR,ERR,ERR,ERR,ERR,ERR,ERR,ERR,ERR,ERR,ERR,ERR,ERR,ERR,ERR,ERR,ERR,ERR,ERR,ERR,ERR,ERR,ERR,ERR,ERR,ERR,ERR,ERR,ERR,ERR,ERR,ERR,ERR,ERR,ERR,ERR,ERR,ERR,ERR,ERR,ERR,ERR,ERR,ERR,ERR,ERR,ERR,ERR,ERR,ERR,ERR,ERR,ERR,0.0,-107615384.0,-0.0,0.0,nan,1.3936040501711995e+18,7.805,118629576.0,0,0,4,48936,6720,14723890282496.0,100,0.0,0.0,0.0,0.059,0.0,0,0,0,0,0.0,0,0,0,0,0,0,0,0,0,0,0,0,0,0,0,0,0,0,0,0,0,0,0,0,0,0,0,0,0,0,0,0,0,26,51,50,76,65476,0,300,0,0,8,21553,0.0,-107605600.0,0.0,0.0,0.0,0.0,0.0,0.0,0.0,0.0,0.0,0.0,0.0,0.0,0.0,0.0,0.0,0.0,0.0,0.0,0.0,0.0,2.004,-2.004,2.004,0.0,0.0,0.0,0.0,0.0,4844.0,0.0,7232.0,0.0,-107615384.0,0.0,0.0,0.0,0.0,0.0,0.0,77,-0.0,89220.508,0.0,0.0,0.0,0.0,0.0,0.0,0.0,0,0,0,0.0,0.0,0.0,0.0,0.0,0.0,0.0,0.0,0.0,0.0,0.0,0.0,0.0,0.0,0.0,0.0,0,-107875648.0,77,0.0,154,0.0,2.6533865130338155e+23,ERR,ERR,ERR,ERR,ERR,ERR,ERR,ERR,ERR,ERR,ERR,ERR,ERR,ERR,ERR,ERR,ERR,ERR,ERR,ERR,ERR,ERR,ERR,ERR,ERR,ERR,ERR,ERR,ERR,ERR,ERR,ERR,ERR,ERR,ERR,ERR,ERR,ERR,ERR,ERR,ERR,ERR,ERR,ERR,ERR,ERR,ERR,ERR,ERR,ERR,ERR,ERR,ERR,ERR,ERR,ERR,ERR,ERR,ERR,ERR,ERR,ERR,ERR,ERR,ERR,ERR,ERR,34.0,80.0,35,0.0,0.0,0.0,0.0,0.0,0.0,0.0,0.0,0.0,0.0,0.0,0.0,0.0,0.0,0.0,0.0,65.6,0,118,57,53,65476,0,300,0,0,8,20529,65476,0,0,57672,80.0,0.0,0.0,0.0,0.0,0.0
2026-06-18T02:58:05,ERR,ERR,ERR,ERR,ERR,ERR,ERR,ERR,ERR,ERR,ERR,ERR,ERR,ERR,ERR,ERR,ERR,ERR,ERR,ERR,ERR,ERR,ERR,ERR,ERR,ERR,ERR,ERR,ERR,ERR,ERR,ERR,ERR,ERR,ERR,ERR,ERR,ERR,ERR,ERR,ERR,ERR,ERR,ERR,ERR,ERR,ERR,ERR,ERR,ERR,ERR,ERR,ERR,ERR,ERR,ERR,ERR,ERR,ERR,ERR,ERR,ERR,ERR,ERR,ERR,ERR,ERR,ERR,ERR,ERR,ERR,ERR,ERR,ERR,ERR,ERR,ERR,ERR,ERR,ERR,ERR,ERR,ERR,ERR,ERR,ERR,ERR,ERR,ERR,ERR,ERR,ERR,ERR,ERR,ERR,ERR,ERR,ERR,ERR,ERR,ERR,ERR,ERR,ERR,ERR,ERR,ERR,ERR,ERR,ERR,ERR,ERR,ERR,ERR,ERR,ERR,ERR,ERR,ERR,ERR,ERR,ERR,ERR,ERR,ERR,0.0,-107615384.0,-0.0,0.0,nan,1.3936040501711995e+18,7.805,118629576.0,0,0,4,48936,6720,14723890282496.0,100,0.0,0.0,0.0,0.059,0.0,0,0,0,0,0.0,0,0,0,0,0,0,0,0,0,0,0,0,0,0,0,0,0,0,0,0,0,0,0,0,0,0,0,0,0,0,0,0,0,26,51,50,76,65476,0,300,0,0,8,21553,0.0,-107605600.0,0.0,0.0,0.0,0.0,0.0,0.0,0.0,0.0,0.0,0.0,0.0,0.0,0.0,0.0,0.0,0.0,0.0,0.0,0.0,0.0,2.004,-2.004,2.004,0.0,0.0,0.0,0.0,0.0,4844.0,0.0,7232.0,0.0,-107615384.0,0.0,0.0,0.0,0.0,0.0,0.0,77,-0.0,89220.508,0.0,0.0,0.0,0.0,0.0,0.0,0.0,0,0,0,0.0,0.0,0.0,0.0,0.0,0.0,0.0,0.0,0.0,0.0,0.0,0.0,0.0,0.0,0.0,0.0,0,-107875648.0,77,0.0,154,0.0,2.6533865130338155e+23,ERR,ERR,ERR,ERR,ERR,ERR,ERR,ERR,ERR,ERR,ERR,ERR,ERR,ERR,ERR,ERR,ERR,ERR,ERR,ERR,ERR,ERR,ERR,ERR,ERR,ERR,ERR,ERR,ERR,ERR,ERR,ERR,ERR,ERR,ERR,ERR,ERR,ERR,ERR,ERR,ERR,ERR,ERR,ERR,ERR,ERR,ERR,ERR,ERR,ERR,ERR,ERR,ERR,ERR,ERR,ERR,ERR,ERR,ERR,ERR,ERR,ERR,ERR,ERR,ERR,ERR,ERR,34.0,80.0,35,0.0,0.0,0.0,0.0,0.0,0.0,0.0,0.0,0.0,0.0,0.0,0.0,0.0,0.0,0.0,0.0,65.6,0,118,57,53,65476,0,300,0,0,8,20529,65476,0,0,57672,80.0,0.0,0.0,0.0,0.0,0.0
2026-06-18T02:58:06,ERR,ERR,ERR,ERR,ERR,ERR,ERR,ERR,ERR,ERR,ERR,ERR,ERR,ERR,ERR,ERR,ERR,ERR,ERR,ERR,ERR,ERR,ERR,ERR,ERR,ERR,ERR,ERR,ERR,ERR,ERR,ERR,ERR,ERR,ERR,ERR,ERR,ERR,ERR,ERR,ERR,ERR,ERR,ERR,ERR,ERR,ERR,ERR,ERR,ERR,ERR,ERR,ERR,ERR,ERR,ERR,ERR,ERR,ERR,ERR,ERR,ERR,ERR,ERR,ERR,ERR,ERR,ERR,ERR,ERR,ERR,ERR,ERR,ERR,ERR,ERR,ERR,ERR,ERR,ERR,ERR,ERR,ERR,ERR,ERR,ERR,ERR,ERR,ERR,ERR,ERR,ERR,ERR,ERR,ERR,ERR,ERR,ERR,ERR,ERR,ERR,ERR,ERR,ERR,ERR,ERR,ERR,ERR,ERR,ERR,ERR,ERR,ERR,ERR,ERR,ERR,ERR,ERR,ERR,ERR,ERR,ERR,ERR,ERR,ERR,0.0,-107615384.0,-0.0,0.0,nan,1.3936040501711995e+18,7.805,118629576.0,0,0,4,48936,6720,14723890282496.0,100,0.0,0.0,0.0,0.059,0.0,0,0,0,0,0.0,0,0,0,0,0,0,0,0,0,0,0,0,0,0,0,0,0,0,0,0,0,0,0,0,0,0,0,0,0,0,0,0,0,26,51,50,76,65476,0,300,0,0,8,21553,0.0,-107605600.0,0.0,0.0,0.0,0.0,0.0,0.0,0.0,0.0,0.0,0.0,0.0,0.0,0.0,0.0,0.0,0.0,0.0,0.0,0.0,0.0,2.004,-2.004,2.004,0.0,0.0,0.0,0.0,0.0,4844.0,0.0,7232.0,0.0,-107615384.0,0.0,0.0,0.0,0.0,0.0,0.0,77,-0.0,89220.508,0.0,0.0,0.0,0.0,0.0,0.0,0.0,0,0,0,0.0,0.0,0.0,0.0,0.0,0.0,0.0,0.0,0.0,0.0,0.0,0.0,0.0,0.0,0.0,0.0,0,-107875648.0,77,0.0,154,0.0,2.6533865130338155e+23,ERR,ERR,ERR,ERR,ERR,ERR,ERR,ERR,ERR,ERR,ERR,ERR,ERR,ERR,ERR,ERR,ERR,ERR,ERR,ERR,ERR,ERR,ERR,ERR,ERR,ERR,ERR,ERR,ERR,ERR,ERR,ERR,ERR,ERR,ERR,ERR,ERR,ERR,ERR,ERR,ERR,ERR,ERR,ERR,ERR,ERR,ERR,ERR,ERR,ERR,ERR,ERR,ERR,ERR,ERR,ERR,ERR,ERR,ERR,ERR,ERR,ERR,ERR,ERR,ERR,ERR,ERR,34.0,80.0,35,0.0,0.0,0.0,0.0,0.0,0.0,0.0,0.0,0.0,0.0,0.0,0.0,0.0,0.0,0.0,0.0,65.6,0,118,57,53,65476,0,300,0,0,8,20529,65476,0,0,57672,80.0,0.0,0.0,0.0,0.0,0.0
2026-06-18T02:58:07,ERR,ERR,ERR,ERR,ERR,ERR,ERR,ERR,ERR,ERR,ERR,ERR,ERR,ERR,ERR,ERR,ERR,ERR,ERR,ERR,ERR,ERR,ERR,ERR,ERR,ERR,ERR,ERR,ERR,ERR,ERR,ERR,ERR,ERR,ERR,ERR,ERR,ERR,ERR,ERR,ERR,ERR,ERR,ERR,ERR,ERR,ERR,ERR,ERR,ERR,ERR,ERR,ERR,ERR,ERR,ERR,ERR,ERR,ERR,ERR,ERR,ERR,ERR,ERR,ERR,ERR,ERR,ERR,ERR,ERR,ERR,ERR,ERR,ERR,ERR,ERR,ERR,ERR,ERR,ERR,ERR,ERR,ERR,ERR,ERR,ERR,ERR,ERR,ERR,ERR,ERR,ERR,ERR,ERR,ERR,ERR,ERR,ERR,ERR,ERR,ERR,ERR,ERR,ERR,ERR,ERR,ERR,ERR,ERR,ERR,ERR,ERR,ERR,ERR,ERR,ERR,ERR,ERR,ERR,ERR,ERR,ERR,ERR,ERR,ERR,0.0,-107615384.0,-0.0,0.0,nan,1.3936040501711995e+18,7.805,118629576.0,0,0,4,48936,6720,14723890282496.0,100,0.0,0.0,0.0,0.059,0.0,0,0,0,0,0.0,0,0,0,0,0,0,0,0,0,0,0,0,0,0,0,0,0,0,0,0,0,0,0,0,0,0,0,0,0,0,0,0,0,26,51,50,76,65476,0,300,0,0,8,21553,0.0,-107605600.0,0.0,0.0,0.0,0.0,0.0,0.0,0.0,0.0,0.0,0.0,0.0,0.0,0.0,0.0,0.0,0.0,0.0,0.0,0.0,0.0,2.004,-2.004,2.004,0.0,0.0,0.0,0.0,0.0,4844.0,0.0,7232.0,0.0,-107615384.0,0.0,0.0,0.0,0.0,0.0,0.0,77,-0.0,89220.508,0.0,0.0,0.0,0.0,0.0,0.0,0.0,0,0,0,0.0,0.0,0.0,0.0,0.0,0.0,0.0,0.0,0.0,0.0,0.0,0.0,0.0,0.0,0.0,0.0,0,-107875648.0,77,0.0,154,0.0,2.6533865130338155e+23,ERR,ERR,ERR,ERR,ERR,ERR,ERR,ERR,ERR,ERR,ERR,ERR,ERR,ERR,ERR,ERR,ERR,ERR,ERR,ERR,ERR,ERR,ERR,ERR,ERR,ERR,ERR,ERR,ERR,ERR,ERR,ERR,ERR,ERR,ERR,ERR,ERR,ERR,ERR,ERR,ERR,ERR,ERR,ERR,ERR,ERR,ERR,ERR,ERR,ERR,ERR,ERR,ERR,ERR,ERR,ERR,ERR,ERR,ERR,ERR,ERR,ERR,ERR,ERR,ERR,ERR,ERR,34.0,80.0,35,0.0,0.0,0.0,0.0,0.0,0.0,0.0,0.0,0.0,0.0,0.0,0.0,0.0,0.0,0.0,0.0,65.6,0,118,57,53,65476,0,300,0,0,8,20529,65476,0,0,57672,80.0,0.0,0.0,0.0,0.0,0.0
2026-06-18T02:58:08,ERR,ERR,ERR,ERR,ERR,ERR,ERR,ERR,ERR,ERR,ERR,ERR,ERR,ERR,ERR,ERR,ERR,ERR,ERR,ERR,ERR,ERR,ERR,ERR,ERR,ERR,ERR,ERR,ERR,ERR,ERR,ERR,ERR,ERR,ERR,ERR,ERR,ERR,ERR,ERR,ERR,ERR,ERR,ERR,ERR,ERR,ERR,ERR,ERR,ERR,ERR,ERR,ERR,ERR,ERR,ERR,ERR,ERR,ERR,ERR,ERR,ERR,ERR,ERR,ERR,ERR,ERR,ERR,ERR,ERR,ERR,ERR,ERR,ERR,ERR,ERR,ERR,ERR,ERR,ERR,ERR,ERR,ERR,ERR,ERR,ERR,ERR,ERR,ERR,ERR,ERR,ERR,ERR,ERR,ERR,ERR,ERR,ERR,ERR,ERR,ERR,ERR,ERR,ERR,ERR,ERR,ERR,ERR,ERR,ERR,ERR,ERR,ERR,ERR,ERR,ERR,ERR,ERR,ERR,ERR,ERR,ERR,ERR,ERR,ERR,0.0,-107615384.0,-0.0,0.0,nan,1.3936040501711995e+18,7.805,118629576.0,0,0,4,48936,6720,14723890282496.0,100,0.0,0.0,0.0,0.059,0.0,0,0,0,0,0.0,0,0,0,0,0,0,0,0,0,0,0,0,0,0,0,0,0,0,0,0,0,0,0,0,0,0,0,0,0,0,0,0,0,26,51,50,76,65476,0,300,0,0,8,21553,0.0,-107605600.0,0.0,0.0,0.0,0.0,0.0,0.0,0.0,0.0,0.0,0.0,0.0,0.0,0.0,0.0,0.0,0.0,0.0,0.0,0.0,0.0,2.004,-2.004,2.004,0.0,0.0,0.0,0.0,0.0,4844.0,0.0,7232.0,0.0,-107615384.0,0.0,0.0,0.0,0.0,0.0,0.0,77,-0.0,89220.508,0.0,0.0,0.0,0.0,0.0,0.0,0.0,0,0,0,0.0,0.0,0.0,0.0,0.0,0.0,0.0,0.0,0.0,0.0,0.0,0.0,0.0,0.0,0.0,0.0,0,-107875648.0,77,0.0,154,0.0,2.6533865130338155e+23,ERR,ERR,ERR,ERR,ERR,ERR,ERR,ERR,ERR,ERR,ERR,ERR,ERR,ERR,ERR,ERR,ERR,ERR,ERR,ERR,ERR,ERR,ERR,ERR,ERR,ERR,ERR,ERR,ERR,ERR,ERR,ERR,ERR,ERR,ERR,ERR,ERR,ERR,ERR,ERR,ERR,ERR,ERR,ERR,ERR,ERR,ERR,ERR,ERR,ERR,ERR,ERR,ERR,ERR,ERR,ERR,ERR,ERR,ERR,ERR,ERR,ERR,ERR,ERR,ERR,ERR,ERR,34.0,80.0,35,0.0,0.0,0.0,0.0,0.0,0.0,0.0,0.0,0.0,0.0,0.0,0.0,0.0,0.0,0.0,0.0,65.6,0,118,57,53,65476,0,300,0,0,8,20529,65476,0,0,57672,80.0,0.0,0.0,0.0,0.0,0.0
2026-06-18T02:58:09,ERR,ERR,ERR,ERR,ERR,ERR,ERR,ERR,ERR,ERR,ERR,ERR,ERR,ERR,ERR,ERR,ERR,ERR,ERR,ERR,ERR,ERR,ERR,ERR,ERR,ERR,ERR,ERR,ERR,ERR,ERR,ERR,ERR,ERR,ERR,ERR,ERR,ERR,ERR,ERR,ERR,ERR,ERR,ERR,ERR,ERR,ERR,ERR,ERR,ERR,ERR,ERR,ERR,ERR,ERR,ERR,ERR,ERR,ERR,ERR,ERR,ERR,ERR,ERR,ERR,ERR,ERR,ERR,ERR,ERR,ERR,ERR,ERR,ERR,ERR,ERR,ERR,ERR,ERR,ERR,ERR,ERR,ERR,ERR,ERR,ERR,ERR,ERR,ERR,ERR,ERR,ERR,ERR,ERR,ERR,ERR,ERR,ERR,ERR,ERR,ERR,ERR,ERR,ERR,ERR,ERR,ERR,ERR,ERR,ERR,ERR,ERR,ERR,ERR,ERR,ERR,ERR,ERR,ERR,ERR,ERR,ERR,ERR,ERR,ERR,0.0,-107615384.0,-0.0,-4.9501291711397626e+32,nan,1.3936040501711995e+18,7.805,-0.0,0,0,4,48926,6720,14723890282496.0,100,0.0,0.0,0.0,-0.0,0.0,0,0,0,0,0.0,0,0,0,0,0,0,0,0,0,0,0,0,0,0,0,0,0,0,0,0,0,0,0,0,0,0,0,0,0,0,0,0,0,26,51,50,76,65476,0,300,0,0,8,21553,0.0,-107605600.0,0.0,0.0,0.0,0.0,0.0,0.0,0.0,0.0,0.0,0.0,0.0,0.0,0.0,0.0,0.0,0.0,0.0,0.0,0.0,0.0,2.004,-2.004,2.004,0.0,0.0,0.0,0.0,0.0,4845.0,0.0,7234.0,0.0,-107615384.0,0.0,0.0,0.0,0.0,0.0,0.0,77,-0.0,1.9056847201763328e+17,0.0,0.0,0.0,0.0,0.0,0.0,0.0,0,0,0,0.0,0.0,0.0,0.0,0.0,0.0,0.0,0.0,0.0,0.0,0.0,0.0,0.0,0.0,0.0,0.0,0,-107875648.0,77,0.0,154,0.0,2.6533865130338155e+23,ERR,ERR,ERR,ERR,ERR,ERR,ERR,ERR,ERR,ERR,ERR,ERR,ERR,ERR,ERR,ERR,ERR,ERR,ERR,ERR,ERR,ERR,ERR,ERR,ERR,ERR,ERR,ERR,ERR,ERR,ERR,ERR,ERR,ERR,ERR,ERR,ERR,ERR,ERR,ERR,ERR,ERR,ERR,ERR,ERR,ERR,ERR,ERR,ERR,ERR,ERR,ERR,ERR,ERR,ERR,ERR,ERR,ERR,ERR,ERR,ERR,ERR,ERR,ERR,ERR,ERR,ERR,34.0,80.0,35,0.0,0.0,0.0,0.0,0.0,0.0,0.0,0.0,0.0,0.0,0.0,0.0,0.0,0.0,0.0,0.0,65.6,0,118,57,53,65476,0,300,0,0,8,20529,65476,0,0,57672,80.0,0.0,0.0,0.0,0.0,0.0
2026-06-18T02:58:10,ERR,ERR,ERR,ERR,ERR,ERR,ERR,ERR,ERR,ERR,ERR,ERR,ERR,ERR,ERR,ERR,ERR,ERR,ERR,ERR,ERR,ERR,ERR,ERR,ERR,ERR,ERR,ERR,ERR,ERR,ERR,ERR,ERR,ERR,ERR,ERR,ERR,ERR,ERR,ERR,ERR,ERR,ERR,ERR,ERR,ERR,ERR,ERR,ERR,ERR,ERR,ERR,ERR,ERR,ERR,ERR,ERR,ERR,ERR,ERR,ERR,ERR,ERR,ERR,ERR,ERR,ERR,ERR,ERR,ERR,ERR,ERR,ERR,ERR,ERR,ERR,ERR,ERR,ERR,ERR,ERR,ERR,ERR,ERR,ERR,ERR,ERR,ERR,ERR,ERR,ERR,ERR,ERR,ERR,ERR,ERR,ERR,ERR,ERR,ERR,ERR,ERR,ERR,ERR,ERR,ERR,ERR,ERR,ERR,ERR,ERR,ERR,ERR,ERR,ERR,ERR,ERR,ERR,ERR,ERR,ERR,ERR,ERR,ERR,ERR,0.0,-107615384.0,-0.0,-4.9501291711397626e+32,nan,1.3936040501711995e+18,7.805,-0.0,0,0,4,48926,6720,14723890282496.0,100,0.0,0.0,0.0,-0.0,0.0,0,0,0,0,0.0,0,0,0,0,0,0,0,0,0,0,0,0,0,0,0,0,0,0,0,0,0,0,0,0,0,0,0,0,0,0,0,0,0,26,51,50,76,65476,0,300,0,0,8,21553,0.0,-107605600.0,0.0,0.0,0.0,0.0,0.0,0.0,0.0,0.0,0.0,0.0,0.0,0.0,0.0,0.0,0.0,0.0,0.0,0.0,0.0,0.0,2.004,-2.004,2.004,0.0,0.0,0.0,0.0,0.0,4845.0,0.0,7234.0,0.0,-107615384.0,0.0,0.0,0.0,0.0,0.0,0.0,77,-0.0,1.9056847201763328e+17,0.0,0.0,0.0,0.0,0.0,0.0,0.0,0,0,0,0.0,0.0,0.0,0.0,0.0,0.0,0.0,0.0,0.0,0.0,0.0,0.0,0.0,0.0,0.0,0.0,0,-107875648.0,77,0.0,154,0.0,2.6533865130338155e+23,ERR,ERR,ERR,ERR,ERR,ERR,ERR,ERR,ERR,ERR,ERR,ERR,ERR,ERR,ERR,ERR,ERR,ERR,ERR,ERR,ERR,ERR,ERR,ERR,ERR,ERR,ERR,ERR,ERR,ERR,ERR,ERR,ERR,ERR,ERR,ERR,ERR,ERR,ERR,ERR,ERR,ERR,ERR,ERR,ERR,ERR,ERR,ERR,ERR,ERR,ERR,ERR,ERR,ERR,ERR,ERR,ERR,ERR,ERR,ERR,ERR,ERR,ERR,ERR,ERR,ERR,ERR,34.0,80.0,35,0.0,0.0,0.0,0.0,0.0,0.0,0.0,0.0,0.0,0.0,0.0,0.0,0.0,0.0,0.0,0.0,65.6,0,118,57,53,65476,0,300,0,0,8,20529,65476,0,0,57672,80.0,0.0,0.0,0.0,0.0,0.0
2026-06-18T02:58:11,ERR,ERR,ERR,ERR,ERR,ERR,ERR,ERR,ERR,ERR,ERR,ERR,ERR,ERR,ERR,ERR,ERR,ERR,ERR,ERR,ERR,ERR,ERR,ERR,ERR,ERR,ERR,ERR,ERR,ERR,ERR,ERR,ERR,ERR,ERR,ERR,ERR,ERR,ERR,ERR,ERR,ERR,ERR,ERR,ERR,ERR,ERR,ERR,ERR,ERR,ERR,ERR,ERR,ERR,ERR,ERR,ERR,ERR,ERR,ERR,ERR,ERR,ERR,ERR,ERR,ERR,ERR,ERR,ERR,ERR,ERR,ERR,ERR,ERR,ERR,ERR,ERR,ERR,ERR,ERR,ERR,ERR,ERR,ERR,ERR,ERR,ERR,ERR,ERR,ERR,ERR,ERR,ERR,ERR,ERR,ERR,ERR,ERR,ERR,ERR,ERR,ERR,ERR,ERR,ERR,ERR,ERR,ERR,ERR,ERR,ERR,ERR,ERR,ERR,ERR,ERR,ERR,ERR,ERR,ERR,ERR,ERR,ERR,ERR,ERR,0.0,-107615384.0,-0.0,-4.9501291711397626e+32,nan,1.3936040501711995e+18,7.805,-0.0,0,0,4,48926,6720,14723890282496.0,100,0.0,0.0,0.0,-0.0,0.0,0,0,0,0,0.0,0,0,0,0,0,0,0,0,0,0,0,0,0,0,0,0,0,0,0,0,0,0,0,0,0,0,0,0,0,0,0,0,0,26,51,50,76,65476,0,300,0,0,8,21553,0.0,-107605600.0,0.0,0.0,0.0,0.0,0.0,0.0,0.0,0.0,0.0,0.0,0.0,0.0,0.0,0.0,0.0,0.0,0.0,0.0,0.0,0.0,2.004,-2.004,2.004,0.0,0.0,0.0,0.0,0.0,4845.0,0.0,7234.0,0.0,-107615384.0,0.0,0.0,0.0,0.0,0.0,0.0,77,-0.0,1.9056847201763328e+17,0.0,0.0,0.0,0.0,0.0,0.0,0.0,0,0,0,0.0,0.0,0.0,0.0,0.0,0.0,0.0,0.0,0.0,0.0,0.0,0.0,0.0,0.0,0.0,0.0,0,-107875648.0,77,0.0,154,0.0,2.6533865130338155e+23,ERR,ERR,ERR,ERR,ERR,ERR,ERR,ERR,ERR,ERR,ERR,ERR,ERR,ERR,ERR,ERR,ERR,ERR,ERR,ERR,ERR,ERR,ERR,ERR,ERR,ERR,ERR,ERR,ERR,ERR,ERR,ERR,ERR,ERR,ERR,ERR,ERR,ERR,ERR,ERR,ERR,ERR,ERR,ERR,ERR,ERR,ERR,ERR,ERR,ERR,ERR,ERR,ERR,ERR,ERR,ERR,ERR,ERR,ERR,ERR,ERR,ERR,ERR,ERR,ERR,ERR,ERR,34.0,80.0,35,0.0,0.0,0.0,0.0,0.0,0.0,0.0,0.0,0.0,0.0,0.0,0.0,0.0,0.0,0.0,0.0,65.6,0,118,57,53,65476,0,300,0,0,8,20529,65476,0,0,57672,80.0,0.0,0.0,0.0,0.0,0.0
2026-06-18T02:58:12,ERR,ERR,ERR,ERR,ERR,ERR,ERR,ERR,ERR,ERR,ERR,ERR,ERR,ERR,ERR,ERR,ERR,ERR,ERR,ERR,ERR,ERR,ERR,ERR,ERR,ERR,ERR,ERR,ERR,ERR,ERR,ERR,ERR,ERR,ERR,ERR,ERR,ERR,ERR,ERR,ERR,ERR,ERR,ERR,ERR,ERR,ERR,ERR,ERR,ERR,ERR,ERR,ERR,ERR,ERR,ERR,ERR,ERR,ERR,ERR,ERR,ERR,ERR,ERR,ERR,ERR,ERR,ERR,ERR,ERR,ERR,ERR,ERR,ERR,ERR,ERR,ERR,ERR,ERR,ERR,ERR,ERR,ERR,ERR,ERR,ERR,ERR,ERR,ERR,ERR,ERR,ERR,ERR,ERR,ERR,ERR,ERR,ERR,ERR,ERR,ERR,ERR,ERR,ERR,ERR,ERR,ERR,ERR,ERR,ERR,ERR,ERR,ERR,ERR,ERR,ERR,ERR,ERR,ERR,ERR,ERR,ERR,ERR,ERR,ERR,0.0,-107615384.0,-0.0,-4.9501291711397626e+32,nan,1.3936040501711995e+18,7.805,-0.0,0,0,4,48926,6720,14723890282496.0,100,0.0,0.0,0.0,-0.0,0.0,0,0,0,0,0.0,0,0,0,0,0,0,0,0,0,0,0,0,0,0,0,0,0,0,0,0,0,0,0,0,0,0,0,0,0,0,0,0,0,26,51,50,76,65476,0,300,0,0,8,21553,0.0,-107605600.0,0.0,0.0,0.0,0.0,0.0,0.0,0.0,0.0,0.0,0.0,0.0,0.0,0.0,0.0,0.0,0.0,0.0,0.0,0.0,0.0,2.004,-2.004,2.004,0.0,0.0,0.0,0.0,0.0,4845.0,0.0,7234.0,0.0,-107615384.0,0.0,0.0,0.0,0.0,0.0,0.0,77,-0.0,1.9056847201763328e+17,0.0,0.0,0.0,0.0,0.0,0.0,0.0,0,0,0,0.0,0.0,0.0,0.0,0.0,0.0,0.0,0.0,0.0,0.0,0.0,0.0,0.0,0.0,0.0,0.0,0,-107875648.0,77,0.0,154,0.0,2.6533865130338155e+23,ERR,ERR,ERR,ERR,ERR,ERR,ERR,ERR,ERR,ERR,ERR,ERR,ERR,ERR,ERR,ERR,ERR,ERR,ERR,ERR,ERR,ERR,ERR,ERR,ERR,ERR,ERR,ERR,ERR,ERR,ERR,ERR,ERR,ERR,ERR,ERR,ERR,ERR,ERR,ERR,ERR,ERR,ERR,ERR,ERR,ERR,ERR,ERR,ERR,ERR,ERR,ERR,ERR,ERR,ERR,ERR,ERR,ERR,ERR,ERR,ERR,ERR,ERR,ERR,ERR,ERR,ERR,34.0,80.0,35,0.0,0.0,0.0,0.0,0.0,0.0,0.0,0.0,0.0,0.0,0.0,0.0,0.0,0.0,0.0,0.0,65.6,0,118,57,53,65476,0,300,0,0,8,20529,65476,0,0,57672,80.0,0.0,0.0,0.0,0.0,0.0
2026-06-18T02:58:13,ERR,ERR,ERR,ERR,ERR,ERR,ERR,ERR,ERR,ERR,ERR,ERR,ERR,ERR,ERR,ERR,ERR,ERR,ERR,ERR,ERR,ERR,ERR,ERR,ERR,ERR,ERR,ERR,ERR,ERR,ERR,ERR,ERR,ERR,ERR,ERR,ERR,ERR,ERR,ERR,ERR,ERR,ERR,ERR,ERR,ERR,ERR,ERR,ERR,ERR,ERR,ERR,ERR,ERR,ERR,ERR,ERR,ERR,ERR,ERR,ERR,ERR,ERR,ERR,ERR,ERR,ERR,ERR,ERR,ERR,ERR,ERR,ERR,ERR,ERR,ERR,ERR,ERR,ERR,ERR,ERR,ERR,ERR,ERR,ERR,ERR,ERR,ERR,ERR,ERR,ERR,ERR,ERR,ERR,ERR,ERR,ERR,ERR,ERR,ERR,ERR,ERR,ERR,ERR,ERR,ERR,ERR,ERR,ERR,ERR,ERR,ERR,ERR,ERR,ERR,ERR,ERR,ERR,ERR,ERR,ERR,ERR,ERR,ERR,ERR,0.0,-107615384.0,-0.0,-4.9501291711397626e+32,nan,1.3936040501711995e+18,7.805,-0.0,0,0,4,48926,6720,14723890282496.0,100,0.0,0.0,0.0,-0.0,0.0,0,0,0,0,0.0,0,0,0,0,0,0,0,0,0,0,0,0,0,0,0,0,0,0,0,0,0,0,0,0,0,0,0,0,0,0,0,0,0,26,51,50,76,65476,0,300,0,0,8,21553,0.0,-107605600.0,0.0,0.0,0.0,0.0,0.0,0.0,0.0,0.0,0.0,0.0,0.0,0.0,0.0,0.0,0.0,0.0,0.0,0.0,0.0,0.0,2.004,-2.004,2.004,0.0,0.0,0.0,0.0,0.0,4845.0,0.0,7234.0,0.0,-107615384.0,0.0,0.0,0.0,0.0,0.0,0.0,77,-0.0,1.9056847201763328e+17,0.0,0.0,0.0,0.0,0.0,0.0,0.0,0,0,0,0.0,0.0,0.0,0.0,0.0,0.0,0.0,0.0,0.0,0.0,0.0,0.0,0.0,0.0,0.0,0.0,0,-107875648.0,77,0.0,154,0.0,2.6533865130338155e+23,ERR,ERR,ERR,ERR,ERR,ERR,ERR,ERR,ERR,ERR,ERR,ERR,ERR,ERR,ERR,ERR,ERR,ERR,ERR,ERR,ERR,ERR,ERR,ERR,ERR,ERR,ERR,ERR,ERR,ERR,ERR,ERR,ERR,ERR,ERR,ERR,ERR,ERR,ERR,ERR,ERR,ERR,ERR,ERR,ERR,ERR,ERR,ERR,ERR,ERR,ERR,ERR,ERR,ERR,ERR,ERR,ERR,ERR,ERR,ERR,ERR,ERR,ERR,ERR,ERR,ERR,ERR,34.0,80.0,35,0.0,0.0,0.0,0.0,0.0,0.0,0.0,0.0,0.0,0.0,0.0,0.0,0.0,0.0,0.0,0.0,65.6,0,118,57,53,65476,0,300,0,0,8,20529,65476,0,0,57672,80.0,0.0,0.0,0.0,0.0,0.0
2026-06-18T02:58:14,ERR,ERR,ERR,ERR,ERR,ERR,ERR,ERR,ERR,ERR,ERR,ERR,ERR,ERR,ERR,ERR,ERR,ERR,ERR,ERR,ERR,ERR,ERR,ERR,ERR,ERR,ERR,ERR,ERR,ERR,ERR,ERR,ERR,ERR,ERR,ERR,ERR,ERR,ERR,ERR,ERR,ERR,ERR,ERR,ERR,ERR,ERR,ERR,ERR,ERR,ERR,ERR,ERR,ERR,ERR,ERR,ERR,ERR,ERR,ERR,ERR,ERR,ERR,ERR,ERR,ERR,ERR,ERR,ERR,ERR,ERR,ERR,ERR,ERR,ERR,ERR,ERR,ERR,ERR,ERR,ERR,ERR,ERR,ERR,ERR,ERR,ERR,ERR,ERR,ERR,ERR,ERR,ERR,ERR,ERR,ERR,ERR,ERR,ERR,ERR,ERR,ERR,ERR,ERR,ERR,ERR,ERR,ERR,ERR,ERR,ERR,ERR,ERR,ERR,ERR,ERR,ERR,ERR,ERR,ERR,ERR,ERR,ERR,ERR,ERR,0.0,-107615384.0,-0.0,-0.0,nan,1.3936040501711995e+18,7.805,1.182,0,0,4,48932,6720,14723890282496.0,100,0.0,0.0,0.0,-0.0,0.0,0,0,0,0,0.0,0,0,0,0,0,0,0,0,0,0,0,0,0,0,0,0,0,0,0,0,0,0,0,0,0,0,0,0,0,0,0,0,0,26,51,50,76,65476,0,300,0,0,8,21553,0.0,-107605600.0,0.0,0.0,0.0,0.0,0.0,0.0,0.0,0.0,0.0,0.0,0.0,0.0,0.0,0.0,0.0,0.0,0.0,0.0,0.0,0.0,2.004,-2.004,2.004,0.0,0.0,0.0,0.0,0.0,4811.0,-1.5879282197463203e+29,7262.0,0.0,-107615384.0,0.0,0.0,0.0,0.0,0.0,0.0,77,-0.0,0.0,0.0,0.0,0.0,0.0,0.0,0.0,0.0,0,0,0,0.0,0.0,0.0,0.0,0.0,0.0,0.0,0.0,0.0,0.0,0.0,0.0,0.0,0.0,0.0,0.0,0,-107875648.0,77,0.0,154,0.0,2.6533865130338155e+23,ERR,ERR,ERR,ERR,ERR,ERR,ERR,ERR,ERR,ERR,ERR,ERR,ERR,ERR,ERR,ERR,ERR,ERR,ERR,ERR,ERR,ERR,ERR,ERR,ERR,ERR,ERR,ERR,ERR,ERR,ERR,ERR,ERR,ERR,ERR,ERR,ERR,ERR,ERR,ERR,ERR,ERR,ERR,ERR,ERR,ERR,ERR,ERR,ERR,ERR,ERR,ERR,ERR,ERR,ERR,ERR,ERR,ERR,ERR,ERR,ERR,ERR,ERR,ERR,ERR,ERR,ERR,34.0,80.0,35,0.0,0.0,0.0,0.0,0.0,0.0,0.0,0.0,0.0,0.0,0.0,0.0,0.0,0.0,0.0,0.0,65.6,0,118,57,53,65476,0,300,0,0,8,20529,65476,0,0,57672,80.0,0.0,0.0,0.0,0.0,0.0
2026-06-18T02:58:15,ERR,ERR,ERR,ERR,ERR,ERR,ERR,ERR,ERR,ERR,ERR,ERR,ERR,ERR,ERR,ERR,ERR,ERR,ERR,ERR,ERR,ERR,ERR,ERR,ERR,ERR,ERR,ERR,ERR,ERR,ERR,ERR,ERR,ERR,ERR,ERR,ERR,ERR,ERR,ERR,ERR,ERR,ERR,ERR,ERR,ERR,ERR,ERR,ERR,ERR,ERR,ERR,ERR,ERR,ERR,ERR,ERR,ERR,ERR,ERR,ERR,ERR,ERR,ERR,ERR,ERR,ERR,ERR,ERR,ERR,ERR,ERR,ERR,ERR,ERR,ERR,ERR,ERR,ERR,ERR,ERR,ERR,ERR,ERR,ERR,ERR,ERR,ERR,ERR,ERR,ERR,ERR,ERR,ERR,ERR,ERR,ERR,ERR,ERR,ERR,ERR,ERR,ERR,ERR,ERR,ERR,ERR,ERR,ERR,ERR,ERR,ERR,ERR,ERR,ERR,ERR,ERR,ERR,ERR,ERR,ERR,ERR,ERR,ERR,ERR,0.0,-107615384.0,-0.0,-0.0,nan,1.3936040501711995e+18,7.805,1.182,0,0,4,48932,6720,14723890282496.0,100,0.0,0.0,0.0,-0.0,0.0,0,0,0,0,0.0,0,0,0,0,0,0,0,0,0,0,0,0,0,0,0,0,0,0,0,0,0,0,0,0,0,0,0,0,0,0,0,0,0,26,51,50,76,65476,0,300,0,0,8,21553,0.0,-107605600.0,0.0,0.0,0.0,0.0,0.0,0.0,0.0,0.0,0.0,0.0,0.0,0.0,0.0,0.0,0.0,0.0,0.0,0.0,0.0,0.0,2.004,-2.004,2.004,0.0,0.0,0.0,0.0,0.0,4811.0,-1.5879282197463203e+29,7262.0,0.0,-107615384.0,0.0,0.0,0.0,0.0,0.0,0.0,77,-0.0,0.0,0.0,0.0,0.0,0.0,0.0,0.0,0.0,0,0,0,0.0,0.0,0.0,0.0,0.0,0.0,0.0,0.0,0.0,0.0,0.0,0.0,0.0,0.0,0.0,0.0,0,-107875648.0,77,0.0,154,0.0,2.6533865130338155e+23,ERR,ERR,ERR,ERR,ERR,ERR,ERR,ERR,ERR,ERR,ERR,ERR,ERR,ERR,ERR,ERR,ERR,ERR,ERR,ERR,ERR,ERR,ERR,ERR,ERR,ERR,ERR,ERR,ERR,ERR,ERR,ERR,ERR,ERR,ERR,ERR,ERR,ERR,ERR,ERR,ERR,ERR,ERR,ERR,ERR,ERR,ERR,ERR,ERR,ERR,ERR,ERR,ERR,ERR,ERR,ERR,ERR,ERR,ERR,ERR,ERR,ERR,ERR,ERR,ERR,ERR,ERR,34.0,80.0,35,0.0,0.0,0.0,0.0,0.0,0.0,0.0,0.0,0.0,0.0,0.0,0.0,0.0,0.0,0.0,0.0,65.6,0,118,57,53,65476,0,300,0,0,8,20529,65476,0,0,57672,80.0,0.0,0.0,0.0,0.0,0.0
2026-06-18T02:58:16,ERR,ERR,ERR,ERR,ERR,ERR,ERR,ERR,ERR,ERR,ERR,ERR,ERR,ERR,ERR,ERR,ERR,ERR,ERR,ERR,ERR,ERR,ERR,ERR,ERR,ERR,ERR,ERR,ERR,ERR,ERR,ERR,ERR,ERR,ERR,ERR,ERR,ERR,ERR,ERR,ERR,ERR,ERR,ERR,ERR,ERR,ERR,ERR,ERR,ERR,ERR,ERR,ERR,ERR,ERR,ERR,ERR,ERR,ERR,ERR,ERR,ERR,ERR,ERR,ERR,ERR,ERR,ERR,ERR,ERR,ERR,ERR,ERR,ERR,ERR,ERR,ERR,ERR,ERR,ERR,ERR,ERR,ERR,ERR,ERR,ERR,ERR,ERR,ERR,ERR,ERR,ERR,ERR,ERR,ERR,ERR,ERR,ERR,ERR,ERR,ERR,ERR,ERR,ERR,ERR,ERR,ERR,ERR,ERR,ERR,ERR,ERR,ERR,ERR,ERR,ERR,ERR,ERR,ERR,ERR,ERR,ERR,ERR,ERR,ERR,0.0,-107615384.0,-0.0,-0.0,nan,1.3936040501711995e+18,7.805,1.182,0,0,4,48932,6720,14723890282496.0,100,0.0,0.0,0.0,-0.0,0.0,0,0,0,0,0.0,0,0,0,0,0,0,0,0,0,0,0,0,0,0,0,0,0,0,0,0,0,0,0,0,0,0,0,0,0,0,0,0,0,26,51,50,76,65476,0,300,0,0,8,21553,0.0,-107605600.0,0.0,0.0,0.0,0.0,0.0,0.0,0.0,0.0,0.0,0.0,0.0,0.0,0.0,0.0,0.0,0.0,0.0,0.0,0.0,0.0,2.004,-2.004,2.004,0.0,0.0,0.0,0.0,0.0,4811.0,-1.5879282197463203e+29,7262.0,0.0,-107615384.0,0.0,0.0,0.0,0.0,0.0,0.0,77,-0.0,0.0,0.0,0.0,0.0,0.0,0.0,0.0,0.0,0,0,0,0.0,0.0,0.0,0.0,0.0,0.0,0.0,0.0,0.0,0.0,0.0,0.0,0.0,0.0,0.0,0.0,0,-107875648.0,77,0.0,154,0.0,2.6533865130338155e+23,ERR,ERR,ERR,ERR,ERR,ERR,ERR,ERR,ERR,ERR,ERR,ERR,ERR,ERR,ERR,ERR,ERR,ERR,ERR,ERR,ERR,ERR,ERR,ERR,ERR,ERR,ERR,ERR,ERR,ERR,ERR,ERR,ERR,ERR,ERR,ERR,ERR,ERR,ERR,ERR,ERR,ERR,ERR,ERR,ERR,ERR,ERR,ERR,ERR,ERR,ERR,ERR,ERR,ERR,ERR,ERR,ERR,ERR,ERR,ERR,ERR,ERR,ERR,ERR,ERR,ERR,ERR,34.0,80.0,35,0.0,0.0,0.0,0.0,0.0,0.0,0.0,0.0,0.0,0.0,0.0,0.0,0.0,0.0,0.0,0.0,65.6,0,118,57,53,65476,0,300,0,0,8,20529,65476,0,0,57672,80.0,0.0,0.0,0.0,0.0,0.0
2026-06-18T02:58:17,ERR,ERR,ERR,ERR,ERR,ERR,ERR,ERR,ERR,ERR,ERR,ERR,ERR,ERR,ERR,ERR,ERR,ERR,ERR,ERR,ERR,ERR,ERR,ERR,ERR,ERR,ERR,ERR,ERR,ERR,ERR,ERR,ERR,ERR,ERR,ERR,ERR,ERR,ERR,ERR,ERR,ERR,ERR,ERR,ERR,ERR,ERR,ERR,ERR,ERR,ERR,ERR,ERR,ERR,ERR,ERR,ERR,ERR,ERR,ERR,ERR,ERR,ERR,ERR,ERR,ERR,ERR,ERR,ERR,ERR,ERR,ERR,ERR,ERR,ERR,ERR,ERR,ERR,ERR,ERR,ERR,ERR,ERR,ERR,ERR,ERR,ERR,ERR,ERR,ERR,ERR,ERR,ERR,ERR,ERR,ERR,ERR,ERR,ERR,ERR,ERR,ERR,ERR,ERR,ERR,ERR,ERR,ERR,ERR,ERR,ERR,ERR,ERR,ERR,ERR,ERR,ERR,ERR,ERR,ERR,ERR,ERR,ERR,ERR,ERR,0.0,-107615384.0,-0.0,-0.0,nan,1.3936040501711995e+18,7.805,1.182,0,0,4,48932,6720,14723890282496.0,100,0.0,0.0,0.0,-0.0,0.0,0,0,0,0,0.0,0,0,0,0,0,0,0,0,0,0,0,0,0,0,0,0,0,0,0,0,0,0,0,0,0,0,0,0,0,0,0,0,0,26,51,50,76,65476,0,300,0,0,8,21553,0.0,-107605600.0,0.0,0.0,0.0,0.0,0.0,0.0,0.0,0.0,0.0,0.0,0.0,0.0,0.0,0.0,0.0,0.0,0.0,0.0,0.0,0.0,2.004,-2.004,2.004,0.0,0.0,0.0,0.0,0.0,4811.0,-1.5879282197463203e+29,7262.0,0.0,-107615384.0,0.0,0.0,0.0,0.0,0.0,0.0,77,-0.0,0.0,0.0,0.0,0.0,0.0,0.0,0.0,0.0,0,0,0,0.0,0.0,0.0,0.0,0.0,0.0,0.0,0.0,0.0,0.0,0.0,0.0,0.0,0.0,0.0,0.0,0,-107875648.0,77,0.0,154,0.0,2.6533865130338155e+23,ERR,ERR,ERR,ERR,ERR,ERR,ERR,ERR,ERR,ERR,ERR,ERR,ERR,ERR,ERR,ERR,ERR,ERR,ERR,ERR,ERR,ERR,ERR,ERR,ERR,ERR,ERR,ERR,ERR,ERR,ERR,ERR,ERR,ERR,ERR,ERR,ERR,ERR,ERR,ERR,ERR,ERR,ERR,ERR,ERR,ERR,ERR,ERR,ERR,ERR,ERR,ERR,ERR,ERR,ERR,ERR,ERR,ERR,ERR,ERR,ERR,ERR,ERR,ERR,ERR,ERR,ERR,34.0,80.0,35,0.0,0.0,0.0,0.0,0.0,0.0,0.0,0.0,0.0,0.0,0.0,0.0,0.0,0.0,0.0,0.0,65.6,0,118,57,53,65476,0,300,0,0,8,20529,65476,0,0,57672,80.0,0.0,0.0,0.0,0.0,0.0
2026-06-18T02:58:18,ERR,ERR,ERR,ERR,ERR,ERR,ERR,ERR,ERR,ERR,ERR,ERR,ERR,ERR,ERR,ERR,ERR,ERR,ERR,ERR,ERR,ERR,ERR,ERR,ERR,ERR,ERR,ERR,ERR,ERR,ERR,ERR,ERR,ERR,ERR,ERR,ERR,ERR,ERR,ERR,ERR,ERR,ERR,ERR,ERR,ERR,ERR,ERR,ERR,ERR,ERR,ERR,ERR,ERR,ERR,ERR,ERR,ERR,ERR,ERR,ERR,ERR,ERR,ERR,ERR,ERR,ERR,ERR,ERR,ERR,ERR,ERR,ERR,ERR,ERR,ERR,ERR,ERR,ERR,ERR,ERR,ERR,ERR,ERR,ERR,ERR,ERR,ERR,ERR,ERR,ERR,ERR,ERR,ERR,ERR,ERR,ERR,ERR,ERR,ERR,ERR,ERR,ERR,ERR,ERR,ERR,ERR,ERR,ERR,ERR,ERR,ERR,ERR,ERR,ERR,ERR,ERR,ERR,ERR,ERR,ERR,ERR,ERR,ERR,ERR,0.0,-107615384.0,-0.0,-0.0,nan,1.3936040501711995e+18,7.805,1.182,0,0,4,48932,6720,14723890282496.0,100,0.0,0.0,0.0,-0.0,0.0,0,0,0,0,0.0,0,0,0,0,0,0,0,0,0,0,0,0,0,0,0,0,0,0,0,0,0,0,0,0,0,0,0,0,0,0,0,0,0,26,51,50,76,65476,0,300,0,0,8,21553,0.0,-107605600.0,0.0,0.0,0.0,0.0,0.0,0.0,0.0,0.0,0.0,0.0,0.0,0.0,0.0,0.0,0.0,0.0,0.0,0.0,0.0,0.0,2.004,-2.004,2.004,0.0,0.0,0.0,0.0,0.0,4811.0,-1.5879282197463203e+29,7262.0,0.0,-107615384.0,0.0,0.0,0.0,0.0,0.0,0.0,77,-0.0,0.0,0.0,0.0,0.0,0.0,0.0,0.0,0.0,0,0,0,0.0,0.0,0.0,0.0,0.0,0.0,0.0,0.0,0.0,0.0,0.0,0.0,0.0,0.0,0.0,0.0,0,-107875648.0,77,0.0,154,0.0,2.6533865130338155e+23,ERR,ERR,ERR,ERR,ERR,ERR,ERR,ERR,ERR,ERR,ERR,ERR,ERR,ERR,ERR,ERR,ERR,ERR,ERR,ERR,ERR,ERR,ERR,ERR,ERR,ERR,ERR,ERR,ERR,ERR,ERR,ERR,ERR,ERR,ERR,ERR,ERR,ERR,ERR,ERR,ERR,ERR,ERR,ERR,ERR,ERR,ERR,ERR,ERR,ERR,ERR,ERR,ERR,ERR,ERR,ERR,ERR,ERR,ERR,ERR,ERR,ERR,ERR,ERR,ERR,ERR,ERR,34.0,80.0,35,0.0,0.0,0.0,0.0,0.0,0.0,0.0,0.0,0.0,0.0,0.0,0.0,0.0,0.0,0.0,0.0,65.6,0,118,57,53,65476,0,300,0,0,8,20529,65476,0,0,57672,80.0,0.0,0.0,0.0,0.0,0.0
2026-06-18T02:58:19,ERR,ERR,ERR,ERR,ERR,ERR,ERR,ERR,ERR,ERR,ERR,ERR,ERR,ERR,ERR,ERR,ERR,ERR,ERR,ERR,ERR,ERR,ERR,ERR,ERR,ERR,ERR,ERR,ERR,ERR,ERR,ERR,ERR,ERR,ERR,ERR,ERR,ERR,ERR,ERR,ERR,ERR,ERR,ERR,ERR,ERR,ERR,ERR,ERR,ERR,ERR,ERR,ERR,ERR,ERR,ERR,ERR,ERR,ERR,ERR,ERR,ERR,ERR,ERR,ERR,ERR,ERR,ERR,ERR,ERR,ERR,ERR,ERR,ERR,ERR,ERR,ERR,ERR,ERR,ERR,ERR,ERR,ERR,ERR,ERR,ERR,ERR,ERR,ERR,ERR,ERR,ERR,ERR,ERR,ERR,ERR,ERR,ERR,ERR,ERR,ERR,ERR,ERR,ERR,ERR,ERR,ERR,ERR,ERR,ERR,ERR,ERR,ERR,ERR,ERR,ERR,ERR,ERR,ERR,ERR,ERR,ERR,ERR,ERR,ERR,0.0,-107615384.0,-0.0,-152005385388032.0,nan,1.3936040501711995e+18,7.805,-1161942663168.0,0,0,4,48930,6720,14723890282496.0,100,0.0,0.0,0.0,-4.9501291711397626e+32,0.0,0,0,0,0,0.0,0,0,0,0,0,0,0,0,0,0,0,0,0,0,0,0,0,0,0,0,0,0,0,0,0,0,0,0,0,0,0,0,0,26,51,50,76,65476,0,300,0,0,8,21553,0.0,-107605600.0,0.0,0.0,0.0,0.0,0.0,0.0,0.0,0.0,0.0,0.0,0.0,0.0,0.0,0.0,0.0,0.0,0.0,0.0,0.0,0.0,2.004,-2.004,2.004,0.0,0.0,0.0,0.0,0.0,4842.0,0.0,7236.0,0.0,-107615384.0,0.0,0.0,0.0,0.0,0.0,0.0,77,-0.0,4.0668510134893235e+29,0.0,0.0,0.0,0.0,0.0,0.0,0.0,0,0,0,0.0,0.0,0.0,0.0,0.0,0.0,0.0,0.0,0.0,0.0,0.0,0.0,0.0,0.0,0.0,0.0,0,-107875648.0,77,0.0,154,0.0,2.6533865130338155e+23,ERR,ERR,ERR,ERR,ERR,ERR,ERR,ERR,ERR,ERR,ERR,ERR,ERR,ERR,ERR,ERR,ERR,ERR,ERR,ERR,ERR,ERR,ERR,ERR,ERR,ERR,ERR,ERR,ERR,ERR,ERR,ERR,ERR,ERR,ERR,ERR,ERR,ERR,ERR,ERR,ERR,ERR,ERR,ERR,ERR,ERR,ERR,ERR,ERR,ERR,ERR,ERR,ERR,ERR,ERR,ERR,ERR,ERR,ERR,ERR,ERR,ERR,ERR,ERR,ERR,ERR,ERR,34.0,80.0,35,0.0,0.0,0.0,0.0,0.0,0.0,0.0,0.0,0.0,0.0,0.0,0.0,0.0,0.0,0.0,0.0,65.6,0,118,57,53,65476,0,300,0,0,8,20529,65476,0,0,57672,80.0,0.0,0.0,0.0,0.0,0.0
2026-06-18T02:58:20,ERR,ERR,ERR,ERR,ERR,ERR,ERR,ERR,ERR,ERR,ERR,ERR,ERR,ERR,ERR,ERR,ERR,ERR,ERR,ERR,ERR,ERR,ERR,ERR,ERR,ERR,ERR,ERR,ERR,ERR,ERR,ERR,ERR,ERR,ERR,ERR,ERR,ERR,ERR,ERR,ERR,ERR,ERR,ERR,ERR,ERR,ERR,ERR,ERR,ERR,ERR,ERR,ERR,ERR,ERR,ERR,ERR,ERR,ERR,ERR,ERR,ERR,ERR,ERR,ERR,ERR,ERR,ERR,ERR,ERR,ERR,ERR,ERR,ERR,ERR,ERR,ERR,ERR,ERR,ERR,ERR,ERR,ERR,ERR,ERR,ERR,ERR,ERR,ERR,ERR,ERR,ERR,ERR,ERR,ERR,ERR,ERR,ERR,ERR,ERR,ERR,ERR,ERR,ERR,ERR,ERR,ERR,ERR,ERR,ERR,ERR,ERR,ERR,ERR,ERR,ERR,ERR,ERR,ERR,ERR,ERR,ERR,ERR,ERR,ERR,0.0,-107615384.0,-0.0,-152005385388032.0,nan,1.3936040501711995e+18,7.805,-1161942663168.0,0,0,4,48930,6720,14723890282496.0,100,0.0,0.0,0.0,-4.9501291711397626e+32,0.0,0,0,0,0,0.0,0,0,0,0,0,0,0,0,0,0,0,0,0,0,0,0,0,0,0,0,0,0,0,0,0,0,0,0,0,0,0,0,0,26,51,50,76,65476,0,300,0,0,8,21553,0.0,-107605600.0,0.0,0.0,0.0,0.0,0.0,0.0,0.0,0.0,0.0,0.0,0.0,0.0,0.0,0.0,0.0,0.0,0.0,0.0,0.0,0.0,2.004,-2.004,2.004,0.0,0.0,0.0,0.0,0.0,4842.0,0.0,7236.0,0.0,-107615384.0,0.0,0.0,0.0,0.0,0.0,0.0,77,-0.0,4.0668510134893235e+29,0.0,0.0,0.0,0.0,0.0,0.0,0.0,0,0,0,0.0,0.0,0.0,0.0,0.0,0.0,0.0,0.0,0.0,0.0,0.0,0.0,0.0,0.0,0.0,0.0,0,-107875648.0,77,0.0,154,0.0,2.6533865130338155e+23,ERR,ERR,ERR,ERR,ERR,ERR,ERR,ERR,ERR,ERR,ERR,ERR,ERR,ERR,ERR,ERR,ERR,ERR,ERR,ERR,ERR,ERR,ERR,ERR,ERR,ERR,ERR,ERR,ERR,ERR,ERR,ERR,ERR,ERR,ERR,ERR,ERR,ERR,ERR,ERR,ERR,ERR,ERR,ERR,ERR,ERR,ERR,ERR,ERR,ERR,ERR,ERR,ERR,ERR,ERR,ERR,ERR,ERR,ERR,ERR,ERR,ERR,ERR,ERR,ERR,ERR,ERR,34.0,80.0,35,0.0,0.0,0.0,0.0,0.0,0.0,0.0,0.0,0.0,0.0,0.0,0.0,0.0,0.0,0.0,0.0,65.6,0,118,57,53,65476,0,300,0,0,8,20529,65476,0,0,57672,80.0,0.0,0.0,0.0,0.0,0.0
2026-06-18T02:58:21,ERR,ERR,ERR,ERR,ERR,ERR,ERR,ERR,ERR,ERR,ERR,ERR,ERR,ERR,ERR,ERR,ERR,ERR,ERR,ERR,ERR,ERR,ERR,ERR,ERR,ERR,ERR,ERR,ERR,ERR,ERR,ERR,ERR,ERR,ERR,ERR,ERR,ERR,ERR,ERR,ERR,ERR,ERR,ERR,ERR,ERR,ERR,ERR,ERR,ERR,ERR,ERR,ERR,ERR,ERR,ERR,ERR,ERR,ERR,ERR,ERR,ERR,ERR,ERR,ERR,ERR,ERR,ERR,ERR,ERR,ERR,ERR,ERR,ERR,ERR,ERR,ERR,ERR,ERR,ERR,ERR,ERR,ERR,ERR,ERR,ERR,ERR,ERR,ERR,ERR,ERR,ERR,ERR,ERR,ERR,ERR,ERR,ERR,ERR,ERR,ERR,ERR,ERR,ERR,ERR,ERR,ERR,ERR,ERR,ERR,ERR,ERR,ERR,ERR,ERR,ERR,ERR,ERR,ERR,ERR,ERR,ERR,ERR,ERR,ERR,0.0,-107615384.0,-0.0,-152005385388032.0,nan,1.3936040501711995e+18,7.805,-1161942663168.0,0,0,4,48930,6720,14723890282496.0,100,0.0,0.0,0.0,-4.9501291711397626e+32,0.0,0,0,0,0,0.0,0,0,0,0,0,0,0,0,0,0,0,0,0,0,0,0,0,0,0,0,0,0,0,0,0,0,0,0,0,0,0,0,0,26,51,50,76,65476,0,300,0,0,8,21553,0.0,-107605600.0,0.0,0.0,0.0,0.0,0.0,0.0,0.0,0.0,0.0,0.0,0.0,0.0,0.0,0.0,0.0,0.0,0.0,0.0,0.0,0.0,2.004,-2.004,2.004,0.0,0.0,0.0,0.0,0.0,4842.0,0.0,7236.0,0.0,-107615384.0,0.0,0.0,0.0,0.0,0.0,0.0,77,-0.0,4.0668510134893235e+29,0.0,0.0,0.0,0.0,0.0,0.0,0.0,0,0,0,0.0,0.0,0.0,0.0,0.0,0.0,0.0,0.0,0.0,0.0,0.0,0.0,0.0,0.0,0.0,0.0,0,-107875648.0,77,0.0,154,0.0,2.6533865130338155e+23,ERR,ERR,ERR,ERR,ERR,ERR,ERR,ERR,ERR,ERR,ERR,ERR,ERR,ERR,ERR,ERR,ERR,ERR,ERR,ERR,ERR,ERR,ERR,ERR,ERR,ERR,ERR,ERR,ERR,ERR,ERR,ERR,ERR,ERR,ERR,ERR,ERR,ERR,ERR,ERR,ERR,ERR,ERR,ERR,ERR,ERR,ERR,ERR,ERR,ERR,ERR,ERR,ERR,ERR,ERR,ERR,ERR,ERR,ERR,ERR,ERR,ERR,ERR,ERR,ERR,ERR,ERR,34.0,80.0,35,0.0,0.0,0.0,0.0,0.0,0.0,0.0,0.0,0.0,0.0,0.0,0.0,0.0,0.0,0.0,0.0,65.6,0,118,57,53,65476,0,300,0,0,8,20529,65476,0,0,57672,80.0,0.0,0.0,0.0,0.0,0.0
2026-06-18T02:58:22,ERR,ERR,ERR,ERR,ERR,ERR,ERR,ERR,ERR,ERR,ERR,ERR,ERR,ERR,ERR,ERR,ERR,ERR,ERR,ERR,ERR,ERR,ERR,ERR,ERR,ERR,ERR,ERR,ERR,ERR,ERR,ERR,ERR,ERR,ERR,ERR,ERR,ERR,ERR,ERR,ERR,ERR,ERR,ERR,ERR,ERR,ERR,ERR,ERR,ERR,ERR,ERR,ERR,ERR,ERR,ERR,ERR,ERR,ERR,ERR,ERR,ERR,ERR,ERR,ERR,ERR,ERR,ERR,ERR,ERR,ERR,ERR,ERR,ERR,ERR,ERR,ERR,ERR,ERR,ERR,ERR,ERR,ERR,ERR,ERR,ERR,ERR,ERR,ERR,ERR,ERR,ERR,ERR,ERR,ERR,ERR,ERR,ERR,ERR,ERR,ERR,ERR,ERR,ERR,ERR,ERR,ERR,ERR,ERR,ERR,ERR,ERR,ERR,ERR,ERR,ERR,ERR,ERR,ERR,ERR,ERR,ERR,ERR,ERR,ERR,0.0,-107615384.0,-0.0,-152005385388032.0,nan,1.3936040501711995e+18,7.805,-1161942663168.0,0,0,4,48930,6720,14723890282496.0,100,0.0,0.0,0.0,-4.9501291711397626e+32,0.0,0,0,0,0,0.0,0,0,0,0,0,0,0,0,0,0,0,0,0,0,0,0,0,0,0,0,0,0,0,0,0,0,0,0,0,0,0,0,0,26,51,50,76,65476,0,300,0,0,8,21553,0.0,-107605600.0,0.0,0.0,0.0,0.0,0.0,0.0,0.0,0.0,0.0,0.0,0.0,0.0,0.0,0.0,0.0,0.0,0.0,0.0,0.0,0.0,2.004,-2.004,2.004,0.0,0.0,0.0,0.0,0.0,4842.0,0.0,7236.0,0.0,-107615384.0,0.0,0.0,0.0,0.0,0.0,0.0,77,-0.0,4.0668510134893235e+29,0.0,0.0,0.0,0.0,0.0,0.0,0.0,0,0,0,0.0,0.0,0.0,0.0,0.0,0.0,0.0,0.0,0.0,0.0,0.0,0.0,0.0,0.0,0.0,0.0,0,-107875648.0,77,0.0,154,0.0,2.6533865130338155e+23,ERR,ERR,ERR,ERR,ERR,ERR,ERR,ERR,ERR,ERR,ERR,ERR,ERR,ERR,ERR,ERR,ERR,ERR,ERR,ERR,ERR,ERR,ERR,ERR,ERR,ERR,ERR,ERR,ERR,ERR,ERR,ERR,ERR,ERR,ERR,ERR,ERR,ERR,ERR,ERR,ERR,ERR,ERR,ERR,ERR,ERR,ERR,ERR,ERR,ERR,ERR,ERR,ERR,ERR,ERR,ERR,ERR,ERR,ERR,ERR,ERR,ERR,ERR,ERR,ERR,ERR,ERR,34.0,80.0,35,0.0,0.0,0.0,0.0,0.0,0.0,0.0,0.0,0.0,0.0,0.0,0.0,0.0,0.0,0.0,0.0,65.6,0,118,57,53,65476,0,300,0,0,8,20529,65476,0,0,57672,80.0,0.0,0.0,0.0,0.0,0.0
2026-06-18T02:58:23,ERR,ERR,ERR,ERR,ERR,ERR,ERR,ERR,ERR,ERR,ERR,ERR,ERR,ERR,ERR,ERR,ERR,ERR,ERR,ERR,ERR,ERR,ERR,ERR,ERR,ERR,ERR,ERR,ERR,ERR,ERR,ERR,ERR,ERR,ERR,ERR,ERR,ERR,ERR,ERR,ERR,ERR,ERR,ERR,ERR,ERR,ERR,ERR,ERR,ERR,ERR,ERR,ERR,ERR,ERR,ERR,ERR,ERR,ERR,ERR,ERR,ERR,ERR,ERR,ERR,ERR,ERR,ERR,ERR,ERR,ERR,ERR,ERR,ERR,ERR,ERR,ERR,ERR,ERR,ERR,ERR,ERR,ERR,ERR,ERR,ERR,ERR,ERR,ERR,ERR,ERR,ERR,ERR,ERR,ERR,ERR,ERR,ERR,ERR,ERR,ERR,ERR,ERR,ERR,ERR,ERR,ERR,ERR,ERR,ERR,ERR,ERR,ERR,ERR,ERR,ERR,ERR,ERR,ERR,ERR,ERR,ERR,ERR,ERR,ERR,0.0,-107615384.0,-0.0,-152005385388032.0,nan,1.3936040501711995e+18,7.805,-1161942663168.0,0,0,4,48930,6720,14723890282496.0,100,0.0,0.0,0.0,-4.9501291711397626e+32,0.0,0,0,0,0,0.0,0,0,0,0,0,0,0,0,0,0,0,0,0,0,0,0,0,0,0,0,0,0,0,0,0,0,0,0,0,0,0,0,0,26,51,50,76,65476,0,300,0,0,8,21553,0.0,-107605600.0,0.0,0.0,0.0,0.0,0.0,0.0,0.0,0.0,0.0,0.0,0.0,0.0,0.0,0.0,0.0,0.0,0.0,0.0,0.0,0.0,2.004,-2.004,2.004,0.0,0.0,0.0,0.0,0.0,4842.0,0.0,7236.0,0.0,-107615384.0,0.0,0.0,0.0,0.0,0.0,0.0,77,-0.0,4.0668510134893235e+29,0.0,0.0,0.0,0.0,0.0,0.0,0.0,0,0,0,0.0,0.0,0.0,0.0,0.0,0.0,0.0,0.0,0.0,0.0,0.0,0.0,0.0,0.0,0.0,0.0,0,-107875648.0,77,0.0,154,0.0,2.6533865130338155e+23,ERR,ERR,ERR,ERR,ERR,ERR,ERR,ERR,ERR,ERR,ERR,ERR,ERR,ERR,ERR,ERR,ERR,ERR,ERR,ERR,ERR,ERR,ERR,ERR,ERR,ERR,ERR,ERR,ERR,ERR,ERR,ERR,ERR,ERR,ERR,ERR,ERR,ERR,ERR,ERR,ERR,ERR,ERR,ERR,ERR,ERR,ERR,ERR,ERR,ERR,ERR,ERR,ERR,ERR,ERR,ERR,ERR,ERR,ERR,ERR,ERR,ERR,ERR,ERR,ERR,ERR,ERR,34.0,80.0,35,0.0,0.0,0.0,0.0,0.0,0.0,0.0,0.0,0.0,0.0,0.0,0.0,0.0,0.0,0.0,0.0,65.6,0,118,57,53,65476,0,300,0,0,8,20529,65476,0,0,57672,80.0,0.0,0.0,0.0,0.0,0.0
2026-06-18T02:58:24,ERR,ERR,ERR,ERR,ERR,ERR,ERR,ERR,ERR,ERR,ERR,ERR,ERR,ERR,ERR,ERR,ERR,ERR,ERR,ERR,ERR,ERR,ERR,ERR,ERR,ERR,ERR,ERR,ERR,ERR,ERR,ERR,ERR,ERR,ERR,ERR,ERR,ERR,ERR,ERR,ERR,ERR,ERR,ERR,ERR,ERR,ERR,ERR,ERR,ERR,ERR,ERR,ERR,ERR,ERR,ERR,ERR,ERR,ERR,ERR,ERR,ERR,ERR,ERR,ERR,ERR,ERR,ERR,ERR,ERR,ERR,ERR,ERR,ERR,ERR,ERR,ERR,ERR,ERR,ERR,ERR,ERR,ERR,ERR,ERR,ERR,ERR,ERR,ERR,ERR,ERR,ERR,ERR,ERR,ERR,ERR,ERR,ERR,ERR,ERR,ERR,ERR,ERR,ERR,ERR,ERR,ERR,ERR,ERR,ERR,ERR,ERR,ERR,ERR,ERR,ERR,ERR,ERR,ERR,ERR,ERR,ERR,ERR,ERR,ERR,0.0,-107615384.0,-0.0,-152005385388032.0,nan,1.3936040501711995e+18,7.805,-1161942663168.0,0,0,4,48930,6720,14723890282496.0,100,0.0,0.0,0.0,-4.9501291711397626e+32,0.0,0,0,0,0,0.0,0,0,0,0,0,0,0,0,0,0,0,0,0,0,0,0,0,0,0,0,0,0,0,0,0,0,0,0,0,0,0,0,0,26,51,50,76,65476,0,300,0,0,8,21553,0.0,-107605600.0,0.0,0.0,0.0,0.0,0.0,0.0,0.0,0.0,0.0,0.0,0.0,0.0,0.0,0.0,0.0,0.0,0.0,0.0,0.0,0.0,2.004,-2.004,2.004,0.0,0.0,0.0,0.0,0.0,4842.0,0.0,7236.0,0.0,-107615384.0,0.0,0.0,0.0,0.0,0.0,0.0,77,-0.0,4.0668510134893235e+29,0.0,0.0,0.0,0.0,0.0,0.0,0.0,0,0,0,0.0,0.0,0.0,0.0,0.0,0.0,0.0,0.0,0.0,0.0,0.0,0.0,0.0,0.0,0.0,0.0,0,-107875648.0,77,0.0,154,0.0,2.6533865130338155e+23,ERR,ERR,ERR,ERR,ERR,ERR,ERR,ERR,ERR,ERR,ERR,ERR,ERR,ERR,ERR,ERR,ERR,ERR,ERR,ERR,ERR,ERR,ERR,ERR,ERR,ERR,ERR,ERR,ERR,ERR,ERR,ERR,ERR,ERR,ERR,ERR,ERR,ERR,ERR,ERR,ERR,ERR,ERR,ERR,ERR,ERR,ERR,ERR,ERR,ERR,ERR,ERR,ERR,ERR,ERR,ERR,ERR,ERR,ERR,ERR,ERR,ERR,ERR,ERR,ERR,ERR,ERR,34.0,80.0,35,0.0,0.0,0.0,0.0,0.0,0.0,0.0,0.0,0.0,0.0,0.0,0.0,0.0,0.0,0.0,0.0,65.6,0,118,57,53,65476,0,300,0,0,8,20529,65476,0,0,57672,80.0,0.0,0.0,0.0,0.0,0.0
2026-06-18T02:58:25,ERR,ERR,ERR,ERR,ERR,ERR,ERR,ERR,ERR,ERR,ERR,ERR,ERR,ERR,ERR,ERR,ERR,ERR,ERR,ERR,ERR,ERR,ERR,ERR,ERR,ERR,ERR,ERR,ERR,ERR,ERR,ERR,ERR,ERR,ERR,ERR,ERR,ERR,ERR,ERR,ERR,ERR,ERR,ERR,ERR,ERR,ERR,ERR,ERR,ERR,ERR,ERR,ERR,ERR,ERR,ERR,ERR,ERR,ERR,ERR,ERR,ERR,ERR,ERR,ERR,ERR,ERR,ERR,ERR,ERR,ERR,ERR,ERR,ERR,ERR,ERR,ERR,ERR,ERR,ERR,ERR,ERR,ERR,ERR,ERR,ERR,ERR,ERR,ERR,ERR,ERR,ERR,ERR,ERR,ERR,ERR,ERR,ERR,ERR,ERR,ERR,ERR,ERR,ERR,ERR,ERR,ERR,ERR,ERR,ERR,ERR,ERR,ERR,ERR,ERR,ERR,ERR,ERR,ERR,ERR,ERR,ERR,ERR,ERR,ERR,0.0,-107615384.0,-0.0,-0.0,nan,1.3936040501711995e+18,7.805,1.2122276757504e+16,0,0,4,48926,6720,14723890282496.0,100,0.0,0.0,0.0,0.059,0.0,0,0,0,0,0.0,0,0,0,0,0,0,0,0,0,0,0,0,0,0,0,0,0,0,0,0,0,0,0,0,0,0,0,0,0,0,0,0,0,26,51,50,76,65476,0,300,0,0,8,21553,0.0,-107605600.0,0.0,0.0,0.0,0.0,0.0,0.0,0.0,0.0,0.0,0.0,0.0,0.0,0.0,0.0,0.0,0.0,0.0,0.0,0.0,0.0,2.004,-2.004,2.004,0.0,0.0,0.0,0.0,0.0,4843.0,0.0,7233.0,0.0,-107615384.0,0.0,0.0,0.0,0.0,0.0,0.0,77,-0.0,2.7184161497812392e+23,0.0,0.0,0.0,0.0,0.0,0.0,0.0,0,0,0,0.0,0.0,0.0,0.0,0.0,0.0,0.0,0.0,0.0,0.0,0.0,0.0,0.0,0.0,0.0,0.0,0,-107875648.0,77,0.0,154,0.0,2.6533865130338155e+23,ERR,ERR,ERR,ERR,ERR,ERR,ERR,ERR,ERR,ERR,ERR,ERR,ERR,ERR,ERR,ERR,ERR,ERR,ERR,ERR,ERR,ERR,ERR,ERR,ERR,ERR,ERR,ERR,ERR,ERR,ERR,ERR,ERR,ERR,ERR,ERR,ERR,ERR,ERR,ERR,ERR,ERR,ERR,ERR,ERR,ERR,ERR,ERR,ERR,ERR,ERR,ERR,ERR,ERR,ERR,ERR,ERR,ERR,ERR,ERR,ERR,ERR,ERR,ERR,ERR,ERR,ERR,34.0,80.0,35,0.0,0.0,0.0,0.0,0.0,0.0,0.0,0.0,0.0,0.0,0.0,0.0,0.0,0.0,0.0,0.0,65.6,0,118,57,53,65476,0,300,0,0,8,20529,65476,0,0,57672,80.0,0.0,0.0,0.0,0.0,0.0
2026-06-18T02:58:26,ERR,ERR,ERR,ERR,ERR,ERR,ERR,ERR,ERR,ERR,ERR,ERR,ERR,ERR,ERR,ERR,ERR,ERR,ERR,ERR,ERR,ERR,ERR,ERR,ERR,ERR,ERR,ERR,ERR,ERR,ERR,ERR,ERR,ERR,ERR,ERR,ERR,ERR,ERR,ERR,ERR,ERR,ERR,ERR,ERR,ERR,ERR,ERR,ERR,ERR,ERR,ERR,ERR,ERR,ERR,ERR,ERR,ERR,ERR,ERR,ERR,ERR,ERR,ERR,ERR,ERR,ERR,ERR,ERR,ERR,ERR,ERR,ERR,ERR,ERR,ERR,ERR,ERR,ERR,ERR,ERR,ERR,ERR,ERR,ERR,ERR,ERR,ERR,ERR,ERR,ERR,ERR,ERR,ERR,ERR,ERR,ERR,ERR,ERR,ERR,ERR,ERR,ERR,ERR,ERR,ERR,ERR,ERR,ERR,ERR,ERR,ERR,ERR,ERR,ERR,ERR,ERR,ERR,ERR,ERR,ERR,ERR,ERR,ERR,ERR,0.0,-107615384.0,-0.0,-0.0,nan,1.3936040501711995e+18,7.805,1.2122276757504e+16,0,0,4,48926,6720,14723890282496.0,100,0.0,0.0,0.0,0.059,0.0,0,0,0,0,0.0,0,0,0,0,0,0,0,0,0,0,0,0,0,0,0,0,0,0,0,0,0,0,0,0,0,0,0,0,0,0,0,0,0,26,51,50,76,65476,0,300,0,0,8,21553,0.0,-107605600.0,0.0,0.0,0.0,0.0,0.0,0.0,0.0,0.0,0.0,0.0,0.0,0.0,0.0,0.0,0.0,0.0,0.0,0.0,0.0,0.0,2.004,-2.004,2.004,0.0,0.0,0.0,0.0,0.0,4843.0,0.0,7233.0,0.0,-107615384.0,0.0,0.0,0.0,0.0,0.0,0.0,77,-0.0,2.7184161497812392e+23,0.0,0.0,0.0,0.0,0.0,0.0,0.0,0,0,0,0.0,0.0,0.0,0.0,0.0,0.0,0.0,0.0,0.0,0.0,0.0,0.0,0.0,0.0,0.0,0.0,0,-107875648.0,77,0.0,154,0.0,2.6533865130338155e+23,ERR,ERR,ERR,ERR,ERR,ERR,ERR,ERR,ERR,ERR,ERR,ERR,ERR,ERR,ERR,ERR,ERR,ERR,ERR,ERR,ERR,ERR,ERR,ERR,ERR,ERR,ERR,ERR,ERR,ERR,ERR,ERR,ERR,ERR,ERR,ERR,ERR,ERR,ERR,ERR,ERR,ERR,ERR,ERR,ERR,ERR,ERR,ERR,ERR,ERR,ERR,ERR,ERR,ERR,ERR,ERR,ERR,ERR,ERR,ERR,ERR,ERR,ERR,ERR,ERR,ERR,ERR,34.0,80.0,35,0.0,0.0,0.0,0.0,0.0,0.0,0.0,0.0,0.0,0.0,0.0,0.0,0.0,0.0,0.0,0.0,65.6,0,118,57,53,65476,0,300,0,0,8,20529,65476,0,0,57672,80.0,0.0,0.0,0.0,0.0,0.0
2026-06-18T02:58:27,ERR,ERR,ERR,ERR,ERR,ERR,ERR,ERR,ERR,ERR,ERR,ERR,ERR,ERR,ERR,ERR,ERR,ERR,ERR,ERR,ERR,ERR,ERR,ERR,ERR,ERR,ERR,ERR,ERR,ERR,ERR,ERR,ERR,ERR,ERR,ERR,ERR,ERR,ERR,ERR,ERR,ERR,ERR,ERR,ERR,ERR,ERR,ERR,ERR,ERR,ERR,ERR,ERR,ERR,ERR,ERR,ERR,ERR,ERR,ERR,ERR,ERR,ERR,ERR,ERR,ERR,ERR,ERR,ERR,ERR,ERR,ERR,ERR,ERR,ERR,ERR,ERR,ERR,ERR,ERR,ERR,ERR,ERR,ERR,ERR,ERR,ERR,ERR,ERR,ERR,ERR,ERR,ERR,ERR,ERR,ERR,ERR,ERR,ERR,ERR,ERR,ERR,ERR,ERR,ERR,ERR,ERR,ERR,ERR,ERR,ERR,ERR,ERR,ERR,ERR,ERR,ERR,ERR,ERR,ERR,ERR,ERR,ERR,ERR,ERR,0.0,-107615384.0,-0.0,-0.0,nan,1.3936040501711995e+18,7.805,1.2122276757504e+16,0,0,4,48926,6720,14723890282496.0,100,0.0,0.0,0.0,0.059,0.0,0,0,0,0,0.0,0,0,0,0,0,0,0,0,0,0,0,0,0,0,0,0,0,0,0,0,0,0,0,0,0,0,0,0,0,0,0,0,0,26,51,50,76,65476,0,300,0,0,8,21553,0.0,-107605600.0,0.0,0.0,0.0,0.0,0.0,0.0,0.0,0.0,0.0,0.0,0.0,0.0,0.0,0.0,0.0,0.0,0.0,0.0,0.0,0.0,2.004,-2.004,2.004,0.0,0.0,0.0,0.0,0.0,4843.0,0.0,7233.0,0.0,-107615384.0,0.0,0.0,0.0,0.0,0.0,0.0,77,-0.0,2.7184161497812392e+23,0.0,0.0,0.0,0.0,0.0,0.0,0.0,0,0,0,0.0,0.0,0.0,0.0,0.0,0.0,0.0,0.0,0.0,0.0,0.0,0.0,0.0,0.0,0.0,0.0,0,-107875648.0,77,0.0,154,0.0,2.6533865130338155e+23,ERR,ERR,ERR,ERR,ERR,ERR,ERR,ERR,ERR,ERR,ERR,ERR,ERR,ERR,ERR,ERR,ERR,ERR,ERR,ERR,ERR,ERR,ERR,ERR,ERR,ERR,ERR,ERR,ERR,ERR,ERR,ERR,ERR,ERR,ERR,ERR,ERR,ERR,ERR,ERR,ERR,ERR,ERR,ERR,ERR,ERR,ERR,ERR,ERR,ERR,ERR,ERR,ERR,ERR,ERR,ERR,ERR,ERR,ERR,ERR,ERR,ERR,ERR,ERR,ERR,ERR,ERR,34.0,80.0,35,0.0,0.0,0.0,0.0,0.0,0.0,0.0,0.0,0.0,0.0,0.0,0.0,0.0,0.0,0.0,0.0,66.0,0,118,57,53,65476,0,300,0,0,8,20529,65476,0,0,57672,80.0,0.0,0.0,0.0,0.0,0.0
2026-06-18T02:58:28,ERR,ERR,ERR,ERR,ERR,ERR,ERR,ERR,ERR,ERR,ERR,ERR,ERR,ERR,ERR,ERR,ERR,ERR,ERR,ERR,ERR,ERR,ERR,ERR,ERR,ERR,ERR,ERR,ERR,ERR,ERR,ERR,ERR,ERR,ERR,ERR,ERR,ERR,ERR,ERR,ERR,ERR,ERR,ERR,ERR,ERR,ERR,ERR,ERR,ERR,ERR,ERR,ERR,ERR,ERR,ERR,ERR,ERR,ERR,ERR,ERR,ERR,ERR,ERR,ERR,ERR,ERR,ERR,ERR,ERR,ERR,ERR,ERR,ERR,ERR,ERR,ERR,ERR,ERR,ERR,ERR,ERR,ERR,ERR,ERR,ERR,ERR,ERR,ERR,ERR,ERR,ERR,ERR,ERR,ERR,ERR,ERR,ERR,ERR,ERR,ERR,ERR,ERR,ERR,ERR,ERR,ERR,ERR,ERR,ERR,ERR,ERR,ERR,ERR,ERR,ERR,ERR,ERR,ERR,ERR,ERR,ERR,ERR,ERR,ERR,0.0,-107615384.0,-0.0,-0.0,nan,1.3936040501711995e+18,7.805,1.2122276757504e+16,0,0,4,48926,6720,14723890282496.0,100,0.0,0.0,0.0,0.059,0.0,0,0,0,0,0.0,0,0,0,0,0,0,0,0,0,0,0,0,0,0,0,0,0,0,0,0,0,0,0,0,0,0,0,0,0,0,0,0,0,26,51,50,76,65476,0,300,0,0,8,21553,0.0,-107605600.0,0.0,0.0,0.0,0.0,0.0,0.0,0.0,0.0,0.0,0.0,0.0,0.0,0.0,0.0,0.0,0.0,0.0,0.0,0.0,0.0,2.004,-2.004,2.004,0.0,0.0,0.0,0.0,0.0,4843.0,0.0,7233.0,0.0,-107615384.0,0.0,0.0,0.0,0.0,0.0,0.0,77,-0.0,2.7184161497812392e+23,0.0,0.0,0.0,0.0,0.0,0.0,0.0,0,0,0,0.0,0.0,0.0,0.0,0.0,0.0,0.0,0.0,0.0,0.0,0.0,0.0,0.0,0.0,0.0,0.0,0,-107875648.0,77,0.0,154,0.0,2.6533865130338155e+23,ERR,ERR,ERR,ERR,ERR,ERR,ERR,ERR,ERR,ERR,ERR,ERR,ERR,ERR,ERR,ERR,ERR,ERR,ERR,ERR,ERR,ERR,ERR,ERR,ERR,ERR,ERR,ERR,ERR,ERR,ERR,ERR,ERR,ERR,ERR,ERR,ERR,ERR,ERR,ERR,ERR,ERR,ERR,ERR,ERR,ERR,ERR,ERR,ERR,ERR,ERR,ERR,ERR,ERR,ERR,ERR,ERR,ERR,ERR,ERR,ERR,ERR,ERR,ERR,ERR,ERR,ERR,34.0,80.0,35,0.0,0.0,0.0,0.0,0.0,0.0,0.0,0.0,0.0,0.0,0.0,0.0,0.0,0.0,0.0,0.0,65.6,0,118,57,53,65476,0,300,0,0,8,20529,65476,0,0,57672,80.0,0.0,0.0,0.0,0.0,0.0
2026-06-18T02:58:29,ERR,ERR,ERR,ERR,ERR,ERR,ERR,ERR,ERR,ERR,ERR,ERR,ERR,ERR,ERR,ERR,ERR,ERR,ERR,ERR,ERR,ERR,ERR,ERR,ERR,ERR,ERR,ERR,ERR,ERR,ERR,ERR,ERR,ERR,ERR,ERR,ERR,ERR,ERR,ERR,ERR,ERR,ERR,ERR,ERR,ERR,ERR,ERR,ERR,ERR,ERR,ERR,ERR,ERR,ERR,ERR,ERR,ERR,ERR,ERR,ERR,ERR,ERR,ERR,ERR,ERR,ERR,ERR,ERR,ERR,ERR,ERR,ERR,ERR,ERR,ERR,ERR,ERR,ERR,ERR,ERR,ERR,ERR,ERR,ERR,ERR,ERR,ERR,ERR,ERR,ERR,ERR,ERR,ERR,ERR,ERR,ERR,ERR,ERR,ERR,ERR,ERR,ERR,ERR,ERR,ERR,ERR,ERR,ERR,ERR,ERR,ERR,ERR,ERR,ERR,ERR,ERR,ERR,ERR,ERR,ERR,ERR,ERR,ERR,ERR,0.0,-107615384.0,-0.0,-0.0,nan,1.3936040501711995e+18,7.805,1.2122276757504e+16,0,0,4,48926,6720,14723890282496.0,100,0.0,0.0,0.0,0.059,0.0,0,0,0,0,0.0,0,0,0,0,0,0,0,0,0,0,0,0,0,0,0,0,0,0,0,0,0,0,0,0,0,0,0,0,0,0,0,0,0,26,51,50,76,65476,0,300,0,0,8,21553,0.0,-107605600.0,0.0,0.0,0.0,0.0,0.0,0.0,0.0,0.0,0.0,0.0,0.0,0.0,0.0,0.0,0.0,0.0,0.0,0.0,0.0,0.0,2.004,-2.004,2.004,0.0,0.0,0.0,0.0,0.0,4843.0,0.0,7233.0,0.0,-107615384.0,0.0,0.0,0.0,0.0,0.0,0.0,77,-0.0,2.7184161497812392e+23,0.0,0.0,0.0,0.0,0.0,0.0,0.0,0,0,0,0.0,0.0,0.0,0.0,0.0,0.0,0.0,0.0,0.0,0.0,0.0,0.0,0.0,0.0,0.0,0.0,0,-107875648.0,77,0.0,154,0.0,2.6533865130338155e+23,ERR,ERR,ERR,ERR,ERR,ERR,ERR,ERR,ERR,ERR,ERR,ERR,ERR,ERR,ERR,ERR,ERR,ERR,ERR,ERR,ERR,ERR,ERR,ERR,ERR,ERR,ERR,ERR,ERR,ERR,ERR,ERR,ERR,ERR,ERR,ERR,ERR,ERR,ERR,ERR,ERR,ERR,ERR,ERR,ERR,ERR,ERR,ERR,ERR,ERR,ERR,ERR,ERR,ERR,ERR,ERR,ERR,ERR,ERR,ERR,ERR,ERR,ERR,ERR,ERR,ERR,ERR,34.0,80.0,35,0.0,0.0,0.0,0.0,0.0,0.0,0.0,0.0,0.0,0.0,0.0,0.0,0.0,0.0,0.0,0.0,65.6,0,118,57,53,65476,0,300,0,0,8,20529,65476,0,0,57672,80.0,0.0,0.0,0.0,0.0,0.0
2026-06-18T02:58:30,ERR,ERR,ERR,ERR,ERR,ERR,ERR,ERR,ERR,ERR,ERR,ERR,ERR,ERR,ERR,ERR,ERR,ERR,ERR,ERR,ERR,ERR,ERR,ERR,ERR,ERR,ERR,ERR,ERR,ERR,ERR,ERR,ERR,ERR,ERR,ERR,ERR,ERR,ERR,ERR,ERR,ERR,ERR,ERR,ERR,ERR,ERR,ERR,ERR,ERR,ERR,ERR,ERR,ERR,ERR,ERR,ERR,ERR,ERR,ERR,ERR,ERR,ERR,ERR,ERR,ERR,ERR,ERR,ERR,ERR,ERR,ERR,ERR,ERR,ERR,ERR,ERR,ERR,ERR,ERR,ERR,ERR,ERR,ERR,ERR,ERR,ERR,ERR,ERR,ERR,ERR,ERR,ERR,ERR,ERR,ERR,ERR,ERR,ERR,ERR,ERR,ERR,ERR,ERR,ERR,ERR,ERR,ERR,ERR,ERR,ERR,ERR,ERR,ERR,ERR,ERR,ERR,ERR,ERR,ERR,ERR,ERR,ERR,ERR,ERR,0.0,-107615384.0,-0.0,-4.9501291711397626e+32,nan,1.3936040501711995e+18,7.805,-0.0,0,0,4,48927,6720,14723890282496.0,100,0.0,0.0,0.0,0.0,0.0,0,0,0,0,0.0,0,0,0,0,0,0,0,0,0,0,0,0,0,0,0,0,0,0,0,0,0,0,0,0,0,0,0,0,0,0,0,0,0,26,51,50,76,65476,0,300,0,0,8,21553,0.0,-107605600.0,0.0,0.0,0.0,0.0,0.0,0.0,0.0,0.0,0.0,0.0,0.0,0.0,0.0,0.0,0.0,0.0,0.0,0.0,0.0,0.0,2.004,-2.004,2.004,0.0,0.0,0.0,0.0,0.0,4844.0,0.0,7233.0,0.0,-107615384.0,0.0,0.0,0.0,0.0,0.0,0.0,77,-0.0,126840479744.0,0.0,0.0,0.0,0.0,0.0,0.0,0.0,0,0,0,0.0,0.0,0.0,0.0,0.0,0.0,0.0,0.0,0.0,0.0,0.0,0.0,0.0,0.0,0.0,0.0,0,-107875648.0,77,0.0,154,0.0,2.6533865130338155e+23,ERR,ERR,ERR,ERR,ERR,ERR,ERR,ERR,ERR,ERR,ERR,ERR,ERR,ERR,ERR,ERR,ERR,ERR,ERR,ERR,ERR,ERR,ERR,ERR,ERR,ERR,ERR,ERR,ERR,ERR,ERR,ERR,ERR,ERR,ERR,ERR,ERR,ERR,ERR,ERR,ERR,ERR,ERR,ERR,ERR,ERR,ERR,ERR,ERR,ERR,ERR,ERR,ERR,ERR,ERR,ERR,ERR,ERR,ERR,ERR,ERR,ERR,ERR,ERR,ERR,ERR,ERR,34.0,80.0,35,0.0,0.0,0.0,0.0,0.0,0.0,0.0,0.0,0.0,0.0,0.0,0.0,0.0,0.0,0.0,0.0,65.6,0,118,57,53,65476,0,300,0,0,8,20529,65476,0,0,57672,80.0,0.0,0.0,0.0,0.0,0.0
2026-06-18T02:58:31,ERR,ERR,ERR,ERR,ERR,ERR,ERR,ERR,ERR,ERR,ERR,ERR,ERR,ERR,ERR,ERR,ERR,ERR,ERR,ERR,ERR,ERR,ERR,ERR,ERR,ERR,ERR,ERR,ERR,ERR,ERR,ERR,ERR,ERR,ERR,ERR,ERR,ERR,ERR,ERR,ERR,ERR,ERR,ERR,ERR,ERR,ERR,ERR,ERR,ERR,ERR,ERR,ERR,ERR,ERR,ERR,ERR,ERR,ERR,ERR,ERR,ERR,ERR,ERR,ERR,ERR,ERR,ERR,ERR,ERR,ERR,ERR,ERR,ERR,ERR,ERR,ERR,ERR,ERR,ERR,ERR,ERR,ERR,ERR,ERR,ERR,ERR,ERR,ERR,ERR,ERR,ERR,ERR,ERR,ERR,ERR,ERR,ERR,ERR,ERR,ERR,ERR,ERR,ERR,ERR,ERR,ERR,ERR,ERR,ERR,ERR,ERR,ERR,ERR,ERR,ERR,ERR,ERR,ERR,ERR,ERR,ERR,ERR,ERR,ERR,0.0,-107615384.0,-0.0,-4.9501291711397626e+32,nan,1.3936040501711995e+18,7.805,-0.0,0,0,4,48927,6720,14723890282496.0,100,0.0,0.0,0.0,0.0,0.0,0,0,0,0,0.0,0,0,0,0,0,0,0,0,0,0,0,0,0,0,0,0,0,0,0,0,0,0,0,0,0,0,0,0,0,0,0,0,0,26,51,50,76,65476,0,300,0,0,8,21553,0.0,-107605600.0,0.0,0.0,0.0,0.0,0.0,0.0,0.0,0.0,0.0,0.0,0.0,0.0,0.0,0.0,0.0,0.0,0.0,0.0,0.0,0.0,2.004,-2.004,2.004,0.0,0.0,0.0,0.0,0.0,4844.0,0.0,7233.0,0.0,-107615384.0,0.0,0.0,0.0,0.0,0.0,0.0,77,-0.0,126840479744.0,0.0,0.0,0.0,0.0,0.0,0.0,0.0,0,0,0,0.0,0.0,0.0,0.0,0.0,0.0,0.0,0.0,0.0,0.0,0.0,0.0,0.0,0.0,0.0,0.0,0,-107875648.0,77,0.0,154,0.0,2.6533865130338155e+23,ERR,ERR,ERR,ERR,ERR,ERR,ERR,ERR,ERR,ERR,ERR,ERR,ERR,ERR,ERR,ERR,ERR,ERR,ERR,ERR,ERR,ERR,ERR,ERR,ERR,ERR,ERR,ERR,ERR,ERR,ERR,ERR,ERR,ERR,ERR,ERR,ERR,ERR,ERR,ERR,ERR,ERR,ERR,ERR,ERR,ERR,ERR,ERR,ERR,ERR,ERR,ERR,ERR,ERR,ERR,ERR,ERR,ERR,ERR,ERR,ERR,ERR,ERR,ERR,ERR,ERR,ERR,34.0,80.0,35,0.0,0.0,0.0,0.0,0.0,0.0,0.0,0.0,0.0,0.0,0.0,0.0,0.0,0.0,0.0,0.0,65.6,0,118,57,53,65476,0,300,0,0,8,20529,65476,0,0,57672,80.0,0.0,0.0,0.0,0.0,0.0
2026-06-18T02:58:32,ERR,ERR,ERR,ERR,ERR,ERR,ERR,ERR,ERR,ERR,ERR,ERR,ERR,ERR,ERR,ERR,ERR,ERR,ERR,ERR,ERR,ERR,ERR,ERR,ERR,ERR,ERR,ERR,ERR,ERR,ERR,ERR,ERR,ERR,ERR,ERR,ERR,ERR,ERR,ERR,ERR,ERR,ERR,ERR,ERR,ERR,ERR,ERR,ERR,ERR,ERR,ERR,ERR,ERR,ERR,ERR,ERR,ERR,ERR,ERR,ERR,ERR,ERR,ERR,ERR,ERR,ERR,ERR,ERR,ERR,ERR,ERR,ERR,ERR,ERR,ERR,ERR,ERR,ERR,ERR,ERR,ERR,ERR,ERR,ERR,ERR,ERR,ERR,ERR,ERR,ERR,ERR,ERR,ERR,ERR,ERR,ERR,ERR,ERR,ERR,ERR,ERR,ERR,ERR,ERR,ERR,ERR,ERR,ERR,ERR,ERR,ERR,ERR,ERR,ERR,ERR,ERR,ERR,ERR,ERR,ERR,ERR,ERR,ERR,ERR,0.0,-107615384.0,-0.0,-4.9501291711397626e+32,nan,1.3936040501711995e+18,7.805,-0.0,0,0,4,48927,6720,14723890282496.0,100,0.0,0.0,0.0,0.0,0.0,0,0,0,0,0.0,0,0,0,0,0,0,0,0,0,0,0,0,0,0,0,0,0,0,0,0,0,0,0,0,0,0,0,0,0,0,0,0,0,26,51,50,76,65476,0,300,0,0,8,21553,0.0,-107605600.0,0.0,0.0,0.0,0.0,0.0,0.0,0.0,0.0,0.0,0.0,0.0,0.0,0.0,0.0,0.0,0.0,0.0,0.0,0.0,0.0,2.004,-2.004,2.004,0.0,0.0,0.0,0.0,0.0,4844.0,0.0,7233.0,0.0,-107615384.0,0.0,0.0,0.0,0.0,0.0,0.0,77,-0.0,126840479744.0,0.0,0.0,0.0,0.0,0.0,0.0,0.0,0,0,0,0.0,0.0,0.0,0.0,0.0,0.0,0.0,0.0,0.0,0.0,0.0,0.0,0.0,0.0,0.0,0.0,0,-107875648.0,77,0.0,154,0.0,2.6533865130338155e+23,ERR,ERR,ERR,ERR,ERR,ERR,ERR,ERR,ERR,ERR,ERR,ERR,ERR,ERR,ERR,ERR,ERR,ERR,ERR,ERR,ERR,ERR,ERR,ERR,ERR,ERR,ERR,ERR,ERR,ERR,ERR,ERR,ERR,ERR,ERR,ERR,ERR,ERR,ERR,ERR,ERR,ERR,ERR,ERR,ERR,ERR,ERR,ERR,ERR,ERR,ERR,ERR,ERR,ERR,ERR,ERR,ERR,ERR,ERR,ERR,ERR,ERR,ERR,ERR,ERR,ERR,ERR,34.0,80.0,35,0.0,0.0,0.0,0.0,0.0,0.0,0.0,0.0,0.0,0.0,0.0,0.0,0.0,0.0,0.0,0.0,65.6,0,118,57,53,65476,0,300,0,0,8,20529,65476,0,0,57672,80.0,0.0,0.0,0.0,0.0,0.0
2026-06-18T02:58:33,ERR,ERR,ERR,ERR,ERR,ERR,ERR,ERR,ERR,ERR,ERR,ERR,ERR,ERR,ERR,ERR,ERR,ERR,ERR,ERR,ERR,ERR,ERR,ERR,ERR,ERR,ERR,ERR,ERR,ERR,ERR,ERR,ERR,ERR,ERR,ERR,ERR,ERR,ERR,ERR,ERR,ERR,ERR,ERR,ERR,ERR,ERR,ERR,ERR,ERR,ERR,ERR,ERR,ERR,ERR,ERR,ERR,ERR,ERR,ERR,ERR,ERR,ERR,ERR,ERR,ERR,ERR,ERR,ERR,ERR,ERR,ERR,ERR,ERR,ERR,ERR,ERR,ERR,ERR,ERR,ERR,ERR,ERR,ERR,ERR,ERR,ERR,ERR,ERR,ERR,ERR,ERR,ERR,ERR,ERR,ERR,ERR,ERR,ERR,ERR,ERR,ERR,ERR,ERR,ERR,ERR,ERR,ERR,ERR,ERR,ERR,ERR,ERR,ERR,ERR,ERR,ERR,ERR,ERR,ERR,ERR,ERR,ERR,ERR,ERR,0.0,-107615384.0,-0.0,-4.9501291711397626e+32,nan,1.3936040501711995e+18,7.805,-0.0,0,0,4,48927,6720,14723890282496.0,100,0.0,0.0,0.0,0.0,0.0,0,0,0,0,0.0,0,0,0,0,0,0,0,0,0,0,0,0,0,0,0,0,0,0,0,0,0,0,0,0,0,0,0,0,0,0,0,0,0,26,51,50,76,65476,0,300,0,0,8,21553,0.0,-107605600.0,0.0,0.0,0.0,0.0,0.0,0.0,0.0,0.0,0.0,0.0,0.0,0.0,0.0,0.0,0.0,0.0,0.0,0.0,0.0,0.0,2.004,-2.004,2.004,0.0,0.0,0.0,0.0,0.0,4844.0,0.0,7233.0,0.0,-107615384.0,0.0,0.0,0.0,0.0,0.0,0.0,77,-0.0,126840479744.0,0.0,0.0,0.0,0.0,0.0,0.0,0.0,0,0,0,0.0,0.0,0.0,0.0,0.0,0.0,0.0,0.0,0.0,0.0,0.0,0.0,0.0,0.0,0.0,0.0,0,-107875648.0,77,0.0,154,0.0,2.6533865130338155e+23,ERR,ERR,ERR,ERR,ERR,ERR,ERR,ERR,ERR,ERR,ERR,ERR,ERR,ERR,ERR,ERR,ERR,ERR,ERR,ERR,ERR,ERR,ERR,ERR,ERR,ERR,ERR,ERR,ERR,ERR,ERR,ERR,ERR,ERR,ERR,ERR,ERR,ERR,ERR,ERR,ERR,ERR,ERR,ERR,ERR,ERR,ERR,ERR,ERR,ERR,ERR,ERR,ERR,ERR,ERR,ERR,ERR,ERR,ERR,ERR,ERR,ERR,ERR,ERR,ERR,ERR,ERR,34.0,80.0,35,0.0,0.0,0.0,0.0,0.0,0.0,0.0,0.0,0.0,0.0,0.0,0.0,0.0,0.0,0.0,0.0,65.6,0,118,57,53,65476,0,300,0,0,8,20529,65476,0,0,57672,80.0,0.0,0.0,0.0,0.0,0.0
2026-06-18T02:58:34,ERR,ERR,ERR,ERR,ERR,ERR,ERR,ERR,ERR,ERR,ERR,ERR,ERR,ERR,ERR,ERR,ERR,ERR,ERR,ERR,ERR,ERR,ERR,ERR,ERR,ERR,ERR,ERR,ERR,ERR,ERR,ERR,ERR,ERR,ERR,ERR,ERR,ERR,ERR,ERR,ERR,ERR,ERR,ERR,ERR,ERR,ERR,ERR,ERR,ERR,ERR,ERR,ERR,ERR,ERR,ERR,ERR,ERR,ERR,ERR,ERR,ERR,ERR,ERR,ERR,ERR,ERR,ERR,ERR,ERR,ERR,ERR,ERR,ERR,ERR,ERR,ERR,ERR,ERR,ERR,ERR,ERR,ERR,ERR,ERR,ERR,ERR,ERR,ERR,ERR,ERR,ERR,ERR,ERR,ERR,ERR,ERR,ERR,ERR,ERR,ERR,ERR,ERR,ERR,ERR,ERR,ERR,ERR,ERR,ERR,ERR,ERR,ERR,ERR,ERR,ERR,ERR,ERR,ERR,ERR,ERR,ERR,ERR,ERR,ERR,0.0,-107615384.0,-0.0,-4.9501291711397626e+32,nan,1.3936040501711995e+18,7.805,-0.0,0,0,4,48927,6720,14723890282496.0,100,0.0,0.0,0.0,0.0,0.0,0,0,0,0,0.0,0,0,0,0,0,0,0,0,0,0,0,0,0,0,0,0,0,0,0,0,0,0,0,0,0,0,0,0,0,0,0,0,0,26,51,50,76,65476,0,300,0,0,8,21553,0.0,-107605600.0,0.0,0.0,0.0,0.0,0.0,0.0,0.0,0.0,0.0,0.0,0.0,0.0,0.0,0.0,0.0,0.0,0.0,0.0,0.0,0.0,2.004,-2.004,2.004,0.0,0.0,0.0,0.0,0.0,4844.0,0.0,7233.0,0.0,-107615384.0,0.0,0.0,0.0,0.0,0.0,0.0,77,-0.0,126840479744.0,0.0,0.0,0.0,0.0,0.0,0.0,0.0,0,0,0,0.0,0.0,0.0,0.0,0.0,0.0,0.0,0.0,0.0,0.0,0.0,0.0,0.0,0.0,0.0,0.0,0,-107875648.0,77,0.0,154,0.0,2.6533865130338155e+23,ERR,ERR,ERR,ERR,ERR,ERR,ERR,ERR,ERR,ERR,ERR,ERR,ERR,ERR,ERR,ERR,ERR,ERR,ERR,ERR,ERR,ERR,ERR,ERR,ERR,ERR,ERR,ERR,ERR,ERR,ERR,ERR,ERR,ERR,ERR,ERR,ERR,ERR,ERR,ERR,ERR,ERR,ERR,ERR,ERR,ERR,ERR,ERR,ERR,ERR,ERR,ERR,ERR,ERR,ERR,ERR,ERR,ERR,ERR,ERR,ERR,ERR,ERR,ERR,ERR,ERR,ERR,34.0,80.0,35,0.0,0.0,0.0,0.0,0.0,0.0,0.0,0.0,0.0,0.0,0.0,0.0,0.0,0.0,0.0,0.0,65.6,0,118,57,53,65476,0,300,0,0,8,20529,65476,0,0,57672,80.0,0.0,0.0,0.0,0.0,0.0
2026-06-18T02:58:35,ERR,ERR,ERR,ERR,ERR,ERR,ERR,ERR,ERR,ERR,ERR,ERR,ERR,ERR,ERR,ERR,ERR,ERR,ERR,ERR,ERR,ERR,ERR,ERR,ERR,ERR,ERR,ERR,ERR,ERR,ERR,ERR,ERR,ERR,ERR,ERR,ERR,ERR,ERR,ERR,ERR,ERR,ERR,ERR,ERR,ERR,ERR,ERR,ERR,ERR,ERR,ERR,ERR,ERR,ERR,ERR,ERR,ERR,ERR,ERR,ERR,ERR,ERR,ERR,ERR,ERR,ERR,ERR,ERR,ERR,ERR,ERR,ERR,ERR,ERR,ERR,ERR,ERR,ERR,ERR,ERR,ERR,ERR,ERR,ERR,ERR,ERR,ERR,ERR,ERR,ERR,ERR,ERR,ERR,ERR,ERR,ERR,ERR,ERR,ERR,ERR,ERR,ERR,ERR,ERR,ERR,ERR,ERR,ERR,ERR,ERR,ERR,ERR,ERR,ERR,ERR,ERR,ERR,ERR,ERR,ERR,ERR,ERR,ERR,ERR,0.0,-107615384.0,-0.0,-0.0,nan,1.3936040501711995e+18,7.805,1.182,0,0,4,48932,6720,14723890282496.0,100,0.0,0.0,0.0,-0.0,0.0,0,0,0,0,0.0,0,0,0,0,0,0,0,0,0,0,0,0,0,0,0,0,0,0,0,0,0,0,0,0,0,0,0,0,0,0,0,0,0,26,51,50,76,65476,0,300,0,0,8,21553,0.0,-107605600.0,0.0,0.0,0.0,0.0,0.0,0.0,0.0,0.0,0.0,0.0,0.0,0.0,0.0,0.0,0.0,0.0,0.0,0.0,0.0,0.0,2.004,-2.004,2.004,0.0,0.0,0.0,0.0,0.0,4840.0,0.0,7233.0,0.0,-107615384.0,0.0,0.0,0.0,0.0,0.0,0.0,77,-0.0,126840479744.0,0.0,0.0,0.0,0.0,0.0,0.0,0.0,0,0,0,0.0,0.0,0.0,0.0,0.0,0.0,0.0,0.0,0.0,0.0,0.0,0.0,0.0,0.0,0.0,0.0,0,-107875648.0,77,0.0,154,0.0,2.6533865130338155e+23,ERR,ERR,ERR,ERR,ERR,ERR,ERR,ERR,ERR,ERR,ERR,ERR,ERR,ERR,ERR,ERR,ERR,ERR,ERR,ERR,ERR,ERR,ERR,ERR,ERR,ERR,ERR,ERR,ERR,ERR,ERR,ERR,ERR,ERR,ERR,ERR,ERR,ERR,ERR,ERR,ERR,ERR,ERR,ERR,ERR,ERR,ERR,ERR,ERR,ERR,ERR,ERR,ERR,ERR,ERR,ERR,ERR,ERR,ERR,ERR,ERR,ERR,ERR,ERR,ERR,ERR,ERR,34.0,80.0,35,0.0,0.0,0.0,0.0,0.0,0.0,0.0,0.0,0.0,0.0,0.0,0.0,0.0,0.0,0.0,0.0,65.6,0,118,57,53,65476,0,300,0,0,8,20529,65476,0,0,57672,80.0,0.0,0.0,0.0,0.0,0.0
2026-06-18T02:58:36,ERR,ERR,ERR,ERR,ERR,ERR,ERR,ERR,ERR,ERR,ERR,ERR,ERR,ERR,ERR,ERR,ERR,ERR,ERR,ERR,ERR,ERR,ERR,ERR,ERR,ERR,ERR,ERR,ERR,ERR,ERR,ERR,ERR,ERR,ERR,ERR,ERR,ERR,ERR,ERR,ERR,ERR,ERR,ERR,ERR,ERR,ERR,ERR,ERR,ERR,ERR,ERR,ERR,ERR,ERR,ERR,ERR,ERR,ERR,ERR,ERR,ERR,ERR,ERR,ERR,ERR,ERR,ERR,ERR,ERR,ERR,ERR,ERR,ERR,ERR,ERR,ERR,ERR,ERR,ERR,ERR,ERR,ERR,ERR,ERR,ERR,ERR,ERR,ERR,ERR,ERR,ERR,ERR,ERR,ERR,ERR,ERR,ERR,ERR,ERR,ERR,ERR,ERR,ERR,ERR,ERR,ERR,ERR,ERR,ERR,ERR,ERR,ERR,ERR,ERR,ERR,ERR,ERR,ERR,ERR,ERR,ERR,ERR,ERR,ERR,0.0,-107615384.0,-0.0,-0.0,nan,1.3936040501711995e+18,7.805,1.182,0,0,4,48932,6720,14723890282496.0,100,0.0,0.0,0.0,-0.0,0.0,0,0,0,0,0.0,0,0,0,0,0,0,0,0,0,0,0,0,0,0,0,0,0,0,0,0,0,0,0,0,0,0,0,0,0,0,0,0,0,26,51,50,76,65476,0,300,0,0,8,21553,0.0,-107605600.0,0.0,0.0,0.0,0.0,0.0,0.0,0.0,0.0,0.0,0.0,0.0,0.0,0.0,0.0,0.0,0.0,0.0,0.0,0.0,0.0,2.004,-2.004,2.004,0.0,0.0,0.0,0.0,0.0,4840.0,0.0,7233.0,0.0,-107615384.0,0.0,0.0,0.0,0.0,0.0,0.0,77,-0.0,126840479744.0,0.0,0.0,0.0,0.0,0.0,0.0,0.0,0,0,0,0.0,0.0,0.0,0.0,0.0,0.0,0.0,0.0,0.0,0.0,0.0,0.0,0.0,0.0,0.0,0.0,0,-107875648.0,77,0.0,154,0.0,2.6533865130338155e+23,ERR,ERR,ERR,ERR,ERR,ERR,ERR,ERR,ERR,ERR,ERR,ERR,ERR,ERR,ERR,ERR,ERR,ERR,ERR,ERR,ERR,ERR,ERR,ERR,ERR,ERR,ERR,ERR,ERR,ERR,ERR,ERR,ERR,ERR,ERR,ERR,ERR,ERR,ERR,ERR,ERR,ERR,ERR,ERR,ERR,ERR,ERR,ERR,ERR,ERR,ERR,ERR,ERR,ERR,ERR,ERR,ERR,ERR,ERR,ERR,ERR,ERR,ERR,ERR,ERR,ERR,ERR,34.0,80.0,35,0.0,0.0,0.0,0.0,0.0,0.0,0.0,0.0,0.0,0.0,0.0,0.0,0.0,0.0,0.0,0.0,65.6,0,118,57,53,65476,0,300,0,0,8,20529,65476,0,0,57672,80.0,0.0,0.0,0.0,0.0,0.0
2026-06-18T02:58:37,ERR,ERR,ERR,ERR,ERR,ERR,ERR,ERR,ERR,ERR,ERR,ERR,ERR,ERR,ERR,ERR,ERR,ERR,ERR,ERR,ERR,ERR,ERR,ERR,ERR,ERR,ERR,ERR,ERR,ERR,ERR,ERR,ERR,ERR,ERR,ERR,ERR,ERR,ERR,ERR,ERR,ERR,ERR,ERR,ERR,ERR,ERR,ERR,ERR,ERR,ERR,ERR,ERR,ERR,ERR,ERR,ERR,ERR,ERR,ERR,ERR,ERR,ERR,ERR,ERR,ERR,ERR,ERR,ERR,ERR,ERR,ERR,ERR,ERR,ERR,ERR,ERR,ERR,ERR,ERR,ERR,ERR,ERR,ERR,ERR,ERR,ERR,ERR,ERR,ERR,ERR,ERR,ERR,ERR,ERR,ERR,ERR,ERR,ERR,ERR,ERR,ERR,ERR,ERR,ERR,ERR,ERR,ERR,ERR,ERR,ERR,ERR,ERR,ERR,ERR,ERR,ERR,ERR,ERR,ERR,ERR,ERR,ERR,ERR,ERR,0.0,-107615384.0,-0.0,-0.0,nan,1.3936040501711995e+18,7.805,1.182,0,0,4,48932,6720,14723890282496.0,100,0.0,0.0,0.0,-0.0,0.0,0,0,0,0,0.0,0,0,0,0,0,0,0,0,0,0,0,0,0,0,0,0,0,0,0,0,0,0,0,0,0,0,0,0,0,0,0,0,0,26,51,50,76,65476,0,300,0,0,8,21553,0.0,-107605600.0,0.0,0.0,0.0,0.0,0.0,0.0,0.0,0.0,0.0,0.0,0.0,0.0,0.0,0.0,0.0,0.0,0.0,0.0,0.0,0.0,2.004,-2.004,2.004,0.0,0.0,0.0,0.0,0.0,4840.0,0.0,7233.0,0.0,-107615384.0,0.0,0.0,0.0,0.0,0.0,0.0,77,-0.0,126840479744.0,0.0,0.0,0.0,0.0,0.0,0.0,0.0,0,0,0,0.0,0.0,0.0,0.0,0.0,0.0,0.0,0.0,0.0,0.0,0.0,0.0,0.0,0.0,0.0,0.0,0,-107875648.0,77,0.0,154,0.0,2.6533865130338155e+23,ERR,ERR,ERR,ERR,ERR,ERR,ERR,ERR,ERR,ERR,ERR,ERR,ERR,ERR,ERR,ERR,ERR,ERR,ERR,ERR,ERR,ERR,ERR,ERR,ERR,ERR,ERR,ERR,ERR,ERR,ERR,ERR,ERR,ERR,ERR,ERR,ERR,ERR,ERR,ERR,ERR,ERR,ERR,ERR,ERR,ERR,ERR,ERR,ERR,ERR,ERR,ERR,ERR,ERR,ERR,ERR,ERR,ERR,ERR,ERR,ERR,ERR,ERR,ERR,ERR,ERR,ERR,34.0,80.0,35,0.0,0.0,0.0,0.0,0.0,0.0,0.0,0.0,0.0,0.0,0.0,0.0,0.0,0.0,0.0,0.0,65.6,0,118,57,53,65476,0,300,0,0,8,20529,65476,0,0,57672,80.0,0.0,0.0,0.0,0.0,0.0
2026-06-18T02:58:38,ERR,ERR,ERR,ERR,ERR,ERR,ERR,ERR,ERR,ERR,ERR,ERR,ERR,ERR,ERR,ERR,ERR,ERR,ERR,ERR,ERR,ERR,ERR,ERR,ERR,ERR,ERR,ERR,ERR,ERR,ERR,ERR,ERR,ERR,ERR,ERR,ERR,ERR,ERR,ERR,ERR,ERR,ERR,ERR,ERR,ERR,ERR,ERR,ERR,ERR,ERR,ERR,ERR,ERR,ERR,ERR,ERR,ERR,ERR,ERR,ERR,ERR,ERR,ERR,ERR,ERR,ERR,ERR,ERR,ERR,ERR,ERR,ERR,ERR,ERR,ERR,ERR,ERR,ERR,ERR,ERR,ERR,ERR,ERR,ERR,ERR,ERR,ERR,ERR,ERR,ERR,ERR,ERR,ERR,ERR,ERR,ERR,ERR,ERR,ERR,ERR,ERR,ERR,ERR,ERR,ERR,ERR,ERR,ERR,ERR,ERR,ERR,ERR,ERR,ERR,ERR,ERR,ERR,ERR,ERR,ERR,ERR,ERR,ERR,ERR,0.0,-107615384.0,-0.0,-0.0,nan,1.3936040501711995e+18,7.805,1.182,0,0,4,48932,6720,14723890282496.0,100,0.0,0.0,0.0,-0.0,0.0,0,0,0,0,0.0,0,0,0,0,0,0,0,0,0,0,0,0,0,0,0,0,0,0,0,0,0,0,0,0,0,0,0,0,0,0,0,0,0,26,51,50,76,65476,0,300,0,0,8,21553,0.0,-107605600.0,0.0,0.0,0.0,0.0,0.0,0.0,0.0,0.0,0.0,0.0,0.0,0.0,0.0,0.0,0.0,0.0,0.0,0.0,0.0,0.0,2.004,-2.004,2.004,0.0,0.0,0.0,0.0,0.0,4840.0,0.0,7233.0,0.0,-107615384.0,0.0,0.0,0.0,0.0,0.0,0.0,77,-0.0,126840479744.0,0.0,0.0,0.0,0.0,0.0,0.0,0.0,0,0,0,0.0,0.0,0.0,0.0,0.0,0.0,0.0,0.0,0.0,0.0,0.0,0.0,0.0,0.0,0.0,0.0,0,-107875648.0,77,0.0,154,0.0,2.6533865130338155e+23,ERR,ERR,ERR,ERR,ERR,ERR,ERR,ERR,ERR,ERR,ERR,ERR,ERR,ERR,ERR,ERR,ERR,ERR,ERR,ERR,ERR,ERR,ERR,ERR,ERR,ERR,ERR,ERR,ERR,ERR,ERR,ERR,ERR,ERR,ERR,ERR,ERR,ERR,ERR,ERR,ERR,ERR,ERR,ERR,ERR,ERR,ERR,ERR,ERR,ERR,ERR,ERR,ERR,ERR,ERR,ERR,ERR,ERR,ERR,ERR,ERR,ERR,ERR,ERR,ERR,ERR,ERR,34.0,80.0,35,0.0,0.0,0.0,0.0,0.0,0.0,0.0,0.0,0.0,0.0,0.0,0.0,0.0,0.0,0.0,0.0,65.6,0,118,57,53,65476,0,300,0,0,8,20529,65476,0,0,57672,80.0,0.0,0.0,0.0,0.0,0.0
2026-06-18T02:58:39,ERR,ERR,ERR,ERR,ERR,ERR,ERR,ERR,ERR,ERR,ERR,ERR,ERR,ERR,ERR,ERR,ERR,ERR,ERR,ERR,ERR,ERR,ERR,ERR,ERR,ERR,ERR,ERR,ERR,ERR,ERR,ERR,ERR,ERR,ERR,ERR,ERR,ERR,ERR,ERR,ERR,ERR,ERR,ERR,ERR,ERR,ERR,ERR,ERR,ERR,ERR,ERR,ERR,ERR,ERR,ERR,ERR,ERR,ERR,ERR,ERR,ERR,ERR,ERR,ERR,ERR,ERR,ERR,ERR,ERR,ERR,ERR,ERR,ERR,ERR,ERR,ERR,ERR,ERR,ERR,ERR,ERR,ERR,ERR,ERR,ERR,ERR,ERR,ERR,ERR,ERR,ERR,ERR,ERR,ERR,ERR,ERR,ERR,ERR,ERR,ERR,ERR,ERR,ERR,ERR,ERR,ERR,ERR,ERR,ERR,ERR,ERR,ERR,ERR,ERR,ERR,ERR,ERR,ERR,ERR,ERR,ERR,ERR,ERR,ERR,0.0,-107615384.0,-0.0,-0.0,nan,1.3936040501711995e+18,7.805,1.182,0,0,4,48932,6720,14723890282496.0,100,0.0,0.0,0.0,-0.0,0.0,0,0,0,0,0.0,0,0,0,0,0,0,0,0,0,0,0,0,0,0,0,0,0,0,0,0,0,0,0,0,0,0,0,0,0,0,0,0,0,26,51,50,76,65476,0,300,0,0,8,21553,0.0,-107605600.0,0.0,0.0,0.0,0.0,0.0,0.0,0.0,0.0,0.0,0.0,0.0,0.0,0.0,0.0,0.0,0.0,0.0,0.0,0.0,0.0,2.004,-2.004,2.004,0.0,0.0,0.0,0.0,0.0,4840.0,0.0,7233.0,0.0,-107615384.0,0.0,0.0,0.0,0.0,0.0,0.0,77,-0.0,126840479744.0,0.0,0.0,0.0,0.0,0.0,0.0,0.0,0,0,0,0.0,0.0,0.0,0.0,0.0,0.0,0.0,0.0,0.0,0.0,0.0,0.0,0.0,0.0,0.0,0.0,0,-107875648.0,77,0.0,154,0.0,2.6533865130338155e+23,ERR,ERR,ERR,ERR,ERR,ERR,ERR,ERR,ERR,ERR,ERR,ERR,ERR,ERR,ERR,ERR,ERR,ERR,ERR,ERR,ERR,ERR,ERR,ERR,ERR,ERR,ERR,ERR,ERR,ERR,ERR,ERR,ERR,ERR,ERR,ERR,ERR,ERR,ERR,ERR,ERR,ERR,ERR,ERR,ERR,ERR,ERR,ERR,ERR,ERR,ERR,ERR,ERR,ERR,ERR,ERR,ERR,ERR,ERR,ERR,ERR,ERR,ERR,ERR,ERR,ERR,ERR,34.0,80.0,35,0.0,0.0,0.0,0.0,0.0,0.0,0.0,0.0,0.0,0.0,0.0,0.0,0.0,0.0,0.0,0.0,65.6,0,118,57,53,65476,0,300,0,0,8,20529,65476,0,0,57672,80.0,0.0,0.0,0.0,0.0,0.0
2026-06-18T02:58:40,ERR,ERR,ERR,ERR,ERR,ERR,ERR,ERR,ERR,ERR,ERR,ERR,ERR,ERR,ERR,ERR,ERR,ERR,ERR,ERR,ERR,ERR,ERR,ERR,ERR,ERR,ERR,ERR,ERR,ERR,ERR,ERR,ERR,ERR,ERR,ERR,ERR,ERR,ERR,ERR,ERR,ERR,ERR,ERR,ERR,ERR,ERR,ERR,ERR,ERR,ERR,ERR,ERR,ERR,ERR,ERR,ERR,ERR,ERR,ERR,ERR,ERR,ERR,ERR,ERR,ERR,ERR,ERR,ERR,ERR,ERR,ERR,ERR,ERR,ERR,ERR,ERR,ERR,ERR,ERR,ERR,ERR,ERR,ERR,ERR,ERR,ERR,ERR,ERR,ERR,ERR,ERR,ERR,ERR,ERR,ERR,ERR,ERR,ERR,ERR,ERR,ERR,ERR,ERR,ERR,ERR,ERR,ERR,ERR,ERR,ERR,ERR,ERR,ERR,ERR,ERR,ERR,ERR,ERR,ERR,ERR,ERR,ERR,ERR,ERR,0.0,-107615384.0,-0.0,-4.9501291711397626e+32,nan,1.3936040501711995e+18,7.805,-0.0,0,0,4,48933,6720,14723890282496.0,100,0.0,0.0,0.0,-0.0,0.0,0,0,0,0,0.0,0,0,0,0,0,0,0,0,0,0,0,0,0,0,0,0,0,0,0,0,0,0,0,0,0,0,0,0,0,0,0,0,0,26,51,50,76,65476,0,300,0,0,8,21553,0.0,-107605600.0,0.0,0.0,0.0,0.0,0.0,0.0,0.0,0.0,0.0,0.0,0.0,0.0,0.0,0.0,0.0,0.0,0.0,0.0,0.0,0.0,2.004,-2.004,2.004,0.0,0.0,0.0,0.0,0.0,4843.0,0.0,7237.0,0.0,-107615384.0,0.0,0.0,0.0,0.0,0.0,0.0,77,-0.0,5.848052910173703e+35,0.0,0.0,0.0,0.0,0.0,0.0,0.0,0,0,0,0.0,0.0,0.0,0.0,0.0,0.0,0.0,0.0,0.0,0.0,0.0,0.0,0.0,0.0,0.0,0.0,0,-107875648.0,77,0.0,154,0.0,2.6533865130338155e+23,ERR,ERR,ERR,ERR,ERR,ERR,ERR,ERR,ERR,ERR,ERR,ERR,ERR,ERR,ERR,ERR,ERR,ERR,ERR,ERR,ERR,ERR,ERR,ERR,ERR,ERR,ERR,ERR,ERR,ERR,ERR,ERR,ERR,ERR,ERR,ERR,ERR,ERR,ERR,ERR,ERR,ERR,ERR,ERR,ERR,ERR,ERR,ERR,ERR,ERR,ERR,ERR,ERR,ERR,ERR,ERR,ERR,ERR,ERR,ERR,ERR,ERR,ERR,ERR,ERR,ERR,ERR,34.0,80.0,35,0.0,0.0,0.0,0.0,0.0,0.0,0.0,0.0,0.0,0.0,0.0,0.0,0.0,0.0,0.0,0.0,65.6,0,118,57,53,65476,0,300,0,0,8,20529,65476,0,0,57672,80.0,0.0,0.0,0.0,0.0,0.0
2026-06-18T02:58:41,ERR,ERR,ERR,ERR,ERR,ERR,ERR,ERR,ERR,ERR,ERR,ERR,ERR,ERR,ERR,ERR,ERR,ERR,ERR,ERR,ERR,ERR,ERR,ERR,ERR,ERR,ERR,ERR,ERR,ERR,ERR,ERR,ERR,ERR,ERR,ERR,ERR,ERR,ERR,ERR,ERR,ERR,ERR,ERR,ERR,ERR,ERR,ERR,ERR,ERR,ERR,ERR,ERR,ERR,ERR,ERR,ERR,ERR,ERR,ERR,ERR,ERR,ERR,ERR,ERR,ERR,ERR,ERR,ERR,ERR,ERR,ERR,ERR,ERR,ERR,ERR,ERR,ERR,ERR,ERR,ERR,ERR,ERR,ERR,ERR,ERR,ERR,ERR,ERR,ERR,ERR,ERR,ERR,ERR,ERR,ERR,ERR,ERR,ERR,ERR,ERR,ERR,ERR,ERR,ERR,ERR,ERR,ERR,ERR,ERR,ERR,ERR,ERR,ERR,ERR,ERR,ERR,ERR,ERR,ERR,ERR,ERR,ERR,ERR,ERR,0.0,-107615384.0,-0.0,-4.9501291711397626e+32,nan,1.3936040501711995e+18,7.805,-0.0,0,0,4,48933,6720,14723890282496.0,100,0.0,0.0,0.0,-0.0,0.0,0,0,0,0,0.0,0,0,0,0,0,0,0,0,0,0,0,0,0,0,0,0,0,0,0,0,0,0,0,0,0,0,0,0,0,0,0,0,0,26,51,50,76,65476,0,300,0,0,8,21553,0.0,-107605600.0,0.0,0.0,0.0,0.0,0.0,0.0,0.0,0.0,0.0,0.0,0.0,0.0,0.0,0.0,0.0,0.0,0.0,0.0,0.0,0.0,2.004,-2.004,2.004,0.0,0.0,0.0,0.0,0.0,4843.0,0.0,7237.0,0.0,-107615384.0,0.0,0.0,0.0,0.0,0.0,0.0,77,-0.0,5.848052910173703e+35,0.0,0.0,0.0,0.0,0.0,0.0,0.0,0,0,0,0.0,0.0,0.0,0.0,0.0,0.0,0.0,0.0,0.0,0.0,0.0,0.0,0.0,0.0,0.0,0.0,0,-107875648.0,77,0.0,154,0.0,2.6533865130338155e+23,ERR,ERR,ERR,ERR,ERR,ERR,ERR,ERR,ERR,ERR,ERR,ERR,ERR,ERR,ERR,ERR,ERR,ERR,ERR,ERR,ERR,ERR,ERR,ERR,ERR,ERR,ERR,ERR,ERR,ERR,ERR,ERR,ERR,ERR,ERR,ERR,ERR,ERR,ERR,ERR,ERR,ERR,ERR,ERR,ERR,ERR,ERR,ERR,ERR,ERR,ERR,ERR,ERR,ERR,ERR,ERR,ERR,ERR,ERR,ERR,ERR,ERR,ERR,ERR,ERR,ERR,ERR,34.0,80.0,35,0.0,0.0,0.0,0.0,0.0,0.0,0.0,0.0,0.0,0.0,0.0,0.0,0.0,0.0,0.0,0.0,66.0,0,118,57,53,65476,0,300,0,0,8,20529,65476,0,0,57672,80.0,0.0,0.0,0.0,0.0,0.0
2026-06-18T02:58:42,ERR,ERR,ERR,ERR,ERR,ERR,ERR,ERR,ERR,ERR,ERR,ERR,ERR,ERR,ERR,ERR,ERR,ERR,ERR,ERR,ERR,ERR,ERR,ERR,ERR,ERR,ERR,ERR,ERR,ERR,ERR,ERR,ERR,ERR,ERR,ERR,ERR,ERR,ERR,ERR,ERR,ERR,ERR,ERR,ERR,ERR,ERR,ERR,ERR,ERR,ERR,ERR,ERR,ERR,ERR,ERR,ERR,ERR,ERR,ERR,ERR,ERR,ERR,ERR,ERR,ERR,ERR,ERR,ERR,ERR,ERR,ERR,ERR,ERR,ERR,ERR,ERR,ERR,ERR,ERR,ERR,ERR,ERR,ERR,ERR,ERR,ERR,ERR,ERR,ERR,ERR,ERR,ERR,ERR,ERR,ERR,ERR,ERR,ERR,ERR,ERR,ERR,ERR,ERR,ERR,ERR,ERR,ERR,ERR,ERR,ERR,ERR,ERR,ERR,ERR,ERR,ERR,ERR,ERR,ERR,ERR,ERR,ERR,ERR,ERR,0.0,-107615384.0,-0.0,-4.9501291711397626e+32,nan,1.3936040501711995e+18,7.805,-0.0,0,0,4,48933,6720,14723890282496.0,100,0.0,0.0,0.0,-0.0,0.0,0,0,0,0,0.0,0,0,0,0,0,0,0,0,0,0,0,0,0,0,0,0,0,0,0,0,0,0,0,0,0,0,0,0,0,0,0,0,0,26,51,50,76,65476,0,300,0,0,8,21553,0.0,-107605600.0,0.0,0.0,0.0,0.0,0.0,0.0,0.0,0.0,0.0,0.0,0.0,0.0,0.0,0.0,0.0,0.0,0.0,0.0,0.0,0.0,2.004,-2.004,2.004,0.0,0.0,0.0,0.0,0.0,4843.0,0.0,7237.0,0.0,-107615384.0,0.0,0.0,0.0,0.0,0.0,0.0,77,-0.0,5.848052910173703e+35,0.0,0.0,0.0,0.0,0.0,0.0,0.0,0,0,0,0.0,0.0,0.0,0.0,0.0,0.0,0.0,0.0,0.0,0.0,0.0,0.0,0.0,0.0,0.0,0.0,0,-107875648.0,77,0.0,154,0.0,2.6533865130338155e+23,ERR,ERR,ERR,ERR,ERR,ERR,ERR,ERR,ERR,ERR,ERR,ERR,ERR,ERR,ERR,ERR,ERR,ERR,ERR,ERR,ERR,ERR,ERR,ERR,ERR,ERR,ERR,ERR,ERR,ERR,ERR,ERR,ERR,ERR,ERR,ERR,ERR,ERR,ERR,ERR,ERR,ERR,ERR,ERR,ERR,ERR,ERR,ERR,ERR,ERR,ERR,ERR,ERR,ERR,ERR,ERR,ERR,ERR,ERR,ERR,ERR,ERR,ERR,ERR,ERR,ERR,ERR,34.0,80.0,35,0.0,0.0,0.0,0.0,0.0,0.0,0.0,0.0,0.0,0.0,0.0,0.0,0.0,0.0,0.0,0.0,66.0,0,118,57,53,65476,0,300,0,0,8,20529,65476,0,0,57672,80.0,0.0,0.0,0.0,0.0,0.0
2026-06-18T02:58:43,ERR,ERR,ERR,ERR,ERR,ERR,ERR,ERR,ERR,ERR,ERR,ERR,ERR,ERR,ERR,ERR,ERR,ERR,ERR,ERR,ERR,ERR,ERR,ERR,ERR,ERR,ERR,ERR,ERR,ERR,ERR,ERR,ERR,ERR,ERR,ERR,ERR,ERR,ERR,ERR,ERR,ERR,ERR,ERR,ERR,ERR,ERR,ERR,ERR,ERR,ERR,ERR,ERR,ERR,ERR,ERR,ERR,ERR,ERR,ERR,ERR,ERR,ERR,ERR,ERR,ERR,ERR,ERR,ERR,ERR,ERR,ERR,ERR,ERR,ERR,ERR,ERR,ERR,ERR,ERR,ERR,ERR,ERR,ERR,ERR,ERR,ERR,ERR,ERR,ERR,ERR,ERR,ERR,ERR,ERR,ERR,ERR,ERR,ERR,ERR,ERR,ERR,ERR,ERR,ERR,ERR,ERR,ERR,ERR,ERR,ERR,ERR,ERR,ERR,ERR,ERR,ERR,ERR,ERR,ERR,ERR,ERR,ERR,ERR,ERR,0.0,-107615384.0,-0.0,-4.9501291711397626e+32,nan,1.3936040501711995e+18,7.805,-0.0,0,0,4,48933,6720,14723890282496.0,100,0.0,0.0,0.0,-0.0,0.0,0,0,0,0,0.0,0,0,0,0,0,0,0,0,0,0,0,0,0,0,0,0,0,0,0,0,0,0,0,0,0,0,0,0,0,0,0,0,0,26,51,50,76,65476,0,300,0,0,8,21553,0.0,-107605600.0,0.0,0.0,0.0,0.0,0.0,0.0,0.0,0.0,0.0,0.0,0.0,0.0,0.0,0.0,0.0,0.0,0.0,0.0,0.0,0.0,2.004,-2.004,2.004,0.0,0.0,0.0,0.0,0.0,4843.0,0.0,7237.0,0.0,-107615384.0,0.0,0.0,0.0,0.0,0.0,0.0,77,-0.0,5.848052910173703e+35,0.0,0.0,0.0,0.0,0.0,0.0,0.0,0,0,0,0.0,0.0,0.0,0.0,0.0,0.0,0.0,0.0,0.0,0.0,0.0,0.0,0.0,0.0,0.0,0.0,0,-107875648.0,77,0.0,154,0.0,2.6533865130338155e+23,ERR,ERR,ERR,ERR,ERR,ERR,ERR,ERR,ERR,ERR,ERR,ERR,ERR,ERR,ERR,ERR,ERR,ERR,ERR,ERR,ERR,ERR,ERR,ERR,ERR,ERR,ERR,ERR,ERR,ERR,ERR,ERR,ERR,ERR,ERR,ERR,ERR,ERR,ERR,ERR,ERR,ERR,ERR,ERR,ERR,ERR,ERR,ERR,ERR,ERR,ERR,ERR,ERR,ERR,ERR,ERR,ERR,ERR,ERR,ERR,ERR,ERR,ERR,ERR,ERR,ERR,ERR,34.0,80.0,35,0.0,0.0,0.0,0.0,0.0,0.0,0.0,0.0,0.0,0.0,0.0,0.0,0.0,0.0,0.0,0.0,65.6,0,118,57,53,65476,0,300,0,0,8,20529,65476,0,0,57672,80.0,0.0,0.0,0.0,0.0,0.0
2026-06-18T02:58:44,ERR,ERR,ERR,ERR,ERR,ERR,ERR,ERR,ERR,ERR,ERR,ERR,ERR,ERR,ERR,ERR,ERR,ERR,ERR,ERR,ERR,ERR,ERR,ERR,ERR,ERR,ERR,ERR,ERR,ERR,ERR,ERR,ERR,ERR,ERR,ERR,ERR,ERR,ERR,ERR,ERR,ERR,ERR,ERR,ERR,ERR,ERR,ERR,ERR,ERR,ERR,ERR,ERR,ERR,ERR,ERR,ERR,ERR,ERR,ERR,ERR,ERR,ERR,ERR,ERR,ERR,ERR,ERR,ERR,ERR,ERR,ERR,ERR,ERR,ERR,ERR,ERR,ERR,ERR,ERR,ERR,ERR,ERR,ERR,ERR,ERR,ERR,ERR,ERR,ERR,ERR,ERR,ERR,ERR,ERR,ERR,ERR,ERR,ERR,ERR,ERR,ERR,ERR,ERR,ERR,ERR,ERR,ERR,ERR,ERR,ERR,ERR,ERR,ERR,ERR,ERR,ERR,ERR,ERR,ERR,ERR,ERR,ERR,ERR,ERR,0.0,-107615384.0,-0.0,-4.9501291711397626e+32,nan,1.3936040501711995e+18,7.805,-0.0,0,0,4,48933,6720,14723890282496.0,100,0.0,0.0,0.0,-0.0,0.0,0,0,0,0,0.0,0,0,0,0,0,0,0,0,0,0,0,0,0,0,0,0,0,0,0,0,0,0,0,0,0,0,0,0,0,0,0,0,0,26,51,50,76,65476,0,300,0,0,8,21553,0.0,-107605600.0,0.0,0.0,0.0,0.0,0.0,0.0,0.0,0.0,0.0,0.0,0.0,0.0,0.0,0.0,0.0,0.0,0.0,0.0,0.0,0.0,2.004,-2.004,2.004,0.0,0.0,0.0,0.0,0.0,4843.0,0.0,7237.0,0.0,-107615384.0,0.0,0.0,0.0,0.0,0.0,0.0,77,-0.0,5.848052910173703e+35,0.0,0.0,0.0,0.0,0.0,0.0,0.0,0,0,0,0.0,0.0,0.0,0.0,0.0,0.0,0.0,0.0,0.0,0.0,0.0,0.0,0.0,0.0,0.0,0.0,0,-107875648.0,77,0.0,154,0.0,2.6533865130338155e+23,ERR,ERR,ERR,ERR,ERR,ERR,ERR,ERR,ERR,ERR,ERR,ERR,ERR,ERR,ERR,ERR,ERR,ERR,ERR,ERR,ERR,ERR,ERR,ERR,ERR,ERR,ERR,ERR,ERR,ERR,ERR,ERR,ERR,ERR,ERR,ERR,ERR,ERR,ERR,ERR,ERR,ERR,ERR,ERR,ERR,ERR,ERR,ERR,ERR,ERR,ERR,ERR,ERR,ERR,ERR,ERR,ERR,ERR,ERR,ERR,ERR,ERR,ERR,ERR,ERR,ERR,ERR,34.0,80.0,35,0.0,0.0,0.0,0.0,0.0,0.0,0.0,0.0,0.0,0.0,0.0,0.0,0.0,0.0,0.0,0.0,65.6,0,118,57,53,65476,0,300,0,0,8,20529,65476,0,0,57672,80.0,0.0,0.0,0.0,0.0,0.0
2026-06-18T02:58:45,ERR,ERR,ERR,ERR,ERR,ERR,ERR,ERR,ERR,ERR,ERR,ERR,ERR,ERR,ERR,ERR,ERR,ERR,ERR,ERR,ERR,ERR,ERR,ERR,ERR,ERR,ERR,ERR,ERR,ERR,ERR,ERR,ERR,ERR,ERR,ERR,ERR,ERR,ERR,ERR,ERR,ERR,ERR,ERR,ERR,ERR,ERR,ERR,ERR,ERR,ERR,ERR,ERR,ERR,ERR,ERR,ERR,ERR,ERR,ERR,ERR,ERR,ERR,ERR,ERR,ERR,ERR,ERR,ERR,ERR,ERR,ERR,ERR,ERR,ERR,ERR,ERR,ERR,ERR,ERR,ERR,ERR,ERR,ERR,ERR,ERR,ERR,ERR,ERR,ERR,ERR,ERR,ERR,ERR,ERR,ERR,ERR,ERR,ERR,ERR,ERR,ERR,ERR,ERR,ERR,ERR,ERR,ERR,ERR,ERR,ERR,ERR,ERR,ERR,ERR,ERR,ERR,ERR,ERR,ERR,ERR,ERR,ERR,ERR,ERR,0.0,-107615384.0,-0.0,-4.9501291711397626e+32,nan,1.3936040501711995e+18,7.805,-0.0,0,0,4,48933,6720,14723890282496.0,100,0.0,0.0,0.0,-0.0,0.0,0,0,0,0,0.0,0,0,0,0,0,0,0,0,0,0,0,0,0,0,0,0,0,0,0,0,0,0,0,0,0,0,0,0,0,0,0,0,0,26,51,50,76,65476,0,300,0,0,8,21553,0.0,-107605600.0,0.0,0.0,0.0,0.0,0.0,0.0,0.0,0.0,0.0,0.0,0.0,0.0,0.0,0.0,0.0,0.0,0.0,0.0,0.0,0.0,2.004,-2.004,2.004,0.0,0.0,0.0,0.0,0.0,4843.0,0.0,7237.0,0.0,-107615384.0,0.0,0.0,0.0,0.0,0.0,0.0,77,-0.0,5.848052910173703e+35,0.0,0.0,0.0,0.0,0.0,0.0,0.0,0,0,0,0.0,0.0,0.0,0.0,0.0,0.0,0.0,0.0,0.0,0.0,0.0,0.0,0.0,0.0,0.0,0.0,0,-107875648.0,77,0.0,154,0.0,2.6533865130338155e+23,ERR,ERR,ERR,ERR,ERR,ERR,ERR,ERR,ERR,ERR,ERR,ERR,ERR,ERR,ERR,ERR,ERR,ERR,ERR,ERR,ERR,ERR,ERR,ERR,ERR,ERR,ERR,ERR,ERR,ERR,ERR,ERR,ERR,ERR,ERR,ERR,ERR,ERR,ERR,ERR,ERR,ERR,ERR,ERR,ERR,ERR,ERR,ERR,ERR,ERR,ERR,ERR,ERR,ERR,ERR,ERR,ERR,ERR,ERR,ERR,ERR,ERR,ERR,ERR,ERR,ERR,ERR,34.0,80.0,35,0.0,0.0,0.0,0.0,0.0,0.0,0.0,0.0,0.0,0.0,0.0,0.0,0.0,0.0,0.0,0.0,66.0,0,118,57,53,65476,0,300,0,0,8,20529,65476,0,0,57672,80.0,0.0,0.0,0.0,0.0,0.0
2026-06-18T02:58:46,ERR,ERR,ERR,ERR,ERR,ERR,ERR,ERR,ERR,ERR,ERR,ERR,ERR,ERR,ERR,ERR,ERR,ERR,ERR,ERR,ERR,ERR,ERR,ERR,ERR,ERR,ERR,ERR,ERR,ERR,ERR,ERR,ERR,ERR,ERR,ERR,ERR,ERR,ERR,ERR,ERR,ERR,ERR,ERR,ERR,ERR,ERR,ERR,ERR,ERR,ERR,ERR,ERR,ERR,ERR,ERR,ERR,ERR,ERR,ERR,ERR,ERR,ERR,ERR,ERR,ERR,ERR,ERR,ERR,ERR,ERR,ERR,ERR,ERR,ERR,ERR,ERR,ERR,ERR,ERR,ERR,ERR,ERR,ERR,ERR,ERR,ERR,ERR,ERR,ERR,ERR,ERR,ERR,ERR,ERR,ERR,ERR,ERR,ERR,ERR,ERR,ERR,ERR,ERR,ERR,ERR,ERR,ERR,ERR,ERR,ERR,ERR,ERR,ERR,ERR,ERR,ERR,ERR,ERR,ERR,ERR,ERR,ERR,ERR,ERR,0.0,-107615384.0,-0.0,0.0,nan,1.3936040501711995e+18,7.805,118629576.0,0,0,4,48932,6720,14723890282496.0,100,0.0,0.0,0.0,-0.0,0.0,0,0,0,0,0.0,0,0,0,0,0,0,0,0,0,0,0,0,0,0,0,0,0,0,0,0,0,0,0,0,0,0,0,0,0,0,0,0,0,26,51,50,76,65476,0,300,0,0,8,21553,0.0,-107605600.0,0.0,0.0,0.0,0.0,0.0,0.0,0.0,0.0,0.0,0.0,0.0,0.0,0.0,0.0,0.0,0.0,0.0,0.0,0.0,0.0,2.004,-2.004,2.004,0.0,0.0,0.0,0.0,0.0,4841.0,0.0,7236.0,0.0,-107615384.0,0.0,0.0,0.0,0.0,0.0,0.0,77,4.950428984743027e+32,4.0668510134893235e+29,0.0,0.0,0.0,0.0,0.0,0.0,0.0,0,0,0,0.0,0.0,0.0,0.0,0.0,0.0,0.0,0.0,0.0,0.0,0.0,0.0,0.0,0.0,0.0,0.0,0,-107875648.0,77,0.0,154,0.0,2.6533865130338155e+23,ERR,ERR,ERR,ERR,ERR,ERR,ERR,ERR,ERR,ERR,ERR,ERR,ERR,ERR,ERR,ERR,ERR,ERR,ERR,ERR,ERR,ERR,ERR,ERR,ERR,ERR,ERR,ERR,ERR,ERR,ERR,ERR,ERR,ERR,ERR,ERR,ERR,ERR,ERR,ERR,ERR,ERR,ERR,ERR,ERR,ERR,ERR,ERR,ERR,ERR,ERR,ERR,ERR,ERR,ERR,ERR,ERR,ERR,ERR,ERR,ERR,ERR,ERR,ERR,ERR,ERR,ERR,34.0,80.0,35,0.0,0.0,0.0,0.0,0.0,0.0,0.0,0.0,0.0,0.0,0.0,0.0,0.0,0.0,0.0,0.0,66.0,0,118,57,53,65476,0,300,0,0,8,20529,65476,0,0,57672,80.0,0.0,0.0,0.0,0.0,0.0
2026-06-18T02:58:47,ERR,ERR,ERR,ERR,ERR,ERR,ERR,ERR,ERR,ERR,ERR,ERR,ERR,ERR,ERR,ERR,ERR,ERR,ERR,ERR,ERR,ERR,ERR,ERR,ERR,ERR,ERR,ERR,ERR,ERR,ERR,ERR,ERR,ERR,ERR,ERR,ERR,ERR,ERR,ERR,ERR,ERR,ERR,ERR,ERR,ERR,ERR,ERR,ERR,ERR,ERR,ERR,ERR,ERR,ERR,ERR,ERR,ERR,ERR,ERR,ERR,ERR,ERR,ERR,ERR,ERR,ERR,ERR,ERR,ERR,ERR,ERR,ERR,ERR,ERR,ERR,ERR,ERR,ERR,ERR,ERR,ERR,ERR,ERR,ERR,ERR,ERR,ERR,ERR,ERR,ERR,ERR,ERR,ERR,ERR,ERR,ERR,ERR,ERR,ERR,ERR,ERR,ERR,ERR,ERR,ERR,ERR,ERR,ERR,ERR,ERR,ERR,ERR,ERR,ERR,ERR,ERR,ERR,ERR,ERR,ERR,ERR,ERR,ERR,ERR,0.0,-107615384.0,-0.0,0.0,nan,1.3936040501711995e+18,7.805,118629576.0,0,0,4,48932,6720,14723890282496.0,100,0.0,0.0,0.0,-0.0,0.0,0,0,0,0,0.0,0,0,0,0,0,0,0,0,0,0,0,0,0,0,0,0,0,0,0,0,0,0,0,0,0,0,0,0,0,0,0,0,0,26,51,50,76,65476,0,300,0,0,8,21553,0.0,-107605600.0,0.0,0.0,0.0,0.0,0.0,0.0,0.0,0.0,0.0,0.0,0.0,0.0,0.0,0.0,0.0,0.0,0.0,0.0,0.0,0.0,2.004,-2.004,2.004,0.0,0.0,0.0,0.0,0.0,4841.0,0.0,7236.0,0.0,-107615384.0,0.0,0.0,0.0,0.0,0.0,0.0,77,4.950428984743027e+32,4.0668510134893235e+29,0.0,0.0,0.0,0.0,0.0,0.0,0.0,0,0,0,0.0,0.0,0.0,0.0,0.0,0.0,0.0,0.0,0.0,0.0,0.0,0.0,0.0,0.0,0.0,0.0,0,-107875648.0,77,0.0,154,0.0,2.6533865130338155e+23,ERR,ERR,ERR,ERR,ERR,ERR,ERR,ERR,ERR,ERR,ERR,ERR,ERR,ERR,ERR,ERR,ERR,ERR,ERR,ERR,ERR,ERR,ERR,ERR,ERR,ERR,ERR,ERR,ERR,ERR,ERR,ERR,ERR,ERR,ERR,ERR,ERR,ERR,ERR,ERR,ERR,ERR,ERR,ERR,ERR,ERR,ERR,ERR,ERR,ERR,ERR,ERR,ERR,ERR,ERR,ERR,ERR,ERR,ERR,ERR,ERR,ERR,ERR,ERR,ERR,ERR,ERR,34.0,80.0,35,0.0,0.0,0.0,0.0,0.0,0.0,0.0,0.0,0.0,0.0,0.0,0.0,0.0,0.0,0.0,0.0,66.0,0,118,57,53,65476,0,300,0,0,8,20529,65476,0,0,57672,80.0,0.0,0.0,0.0,0.0,0.0
2026-06-18T02:58:48,ERR,ERR,ERR,ERR,ERR,ERR,ERR,ERR,ERR,ERR,ERR,ERR,ERR,ERR,ERR,ERR,ERR,ERR,ERR,ERR,ERR,ERR,ERR,ERR,ERR,ERR,ERR,ERR,ERR,ERR,ERR,ERR,ERR,ERR,ERR,ERR,ERR,ERR,ERR,ERR,ERR,ERR,ERR,ERR,ERR,ERR,ERR,ERR,ERR,ERR,ERR,ERR,ERR,ERR,ERR,ERR,ERR,ERR,ERR,ERR,ERR,ERR,ERR,ERR,ERR,ERR,ERR,ERR,ERR,ERR,ERR,ERR,ERR,ERR,ERR,ERR,ERR,ERR,ERR,ERR,ERR,ERR,ERR,ERR,ERR,ERR,ERR,ERR,ERR,ERR,ERR,ERR,ERR,ERR,ERR,ERR,ERR,ERR,ERR,ERR,ERR,ERR,ERR,ERR,ERR,ERR,ERR,ERR,ERR,ERR,ERR,ERR,ERR,ERR,ERR,ERR,ERR,ERR,ERR,ERR,ERR,ERR,ERR,ERR,ERR,0.0,-107615384.0,-0.0,0.0,nan,1.3936040501711995e+18,7.805,118629576.0,0,0,4,48932,6720,14723890282496.0,100,0.0,0.0,0.0,-0.0,0.0,0,0,0,0,0.0,0,0,0,0,0,0,0,0,0,0,0,0,0,0,0,0,0,0,0,0,0,0,0,0,0,0,0,0,0,0,0,0,0,26,51,50,76,65476,0,300,0,0,8,21553,0.0,-107605600.0,0.0,0.0,0.0,0.0,0.0,0.0,0.0,0.0,0.0,0.0,0.0,0.0,0.0,0.0,0.0,0.0,0.0,0.0,0.0,0.0,2.004,-2.004,2.004,0.0,0.0,0.0,0.0,0.0,4841.0,0.0,7236.0,0.0,-107615384.0,0.0,0.0,0.0,0.0,0.0,0.0,77,4.950428984743027e+32,4.0668510134893235e+29,0.0,0.0,0.0,0.0,0.0,0.0,0.0,0,0,0,0.0,0.0,0.0,0.0,0.0,0.0,0.0,0.0,0.0,0.0,0.0,0.0,0.0,0.0,0.0,0.0,0,-107875648.0,77,0.0,154,0.0,2.6533865130338155e+23,ERR,ERR,ERR,ERR,ERR,ERR,ERR,ERR,ERR,ERR,ERR,ERR,ERR,ERR,ERR,ERR,ERR,ERR,ERR,ERR,ERR,ERR,ERR,ERR,ERR,ERR,ERR,ERR,ERR,ERR,ERR,ERR,ERR,ERR,ERR,ERR,ERR,ERR,ERR,ERR,ERR,ERR,ERR,ERR,ERR,ERR,ERR,ERR,ERR,ERR,ERR,ERR,ERR,ERR,ERR,ERR,ERR,ERR,ERR,ERR,ERR,ERR,ERR,ERR,ERR,ERR,ERR,34.0,80.0,35,0.0,0.0,0.0,0.0,0.0,0.0,0.0,0.0,0.0,0.0,0.0,0.0,0.0,0.0,0.0,0.0,65.6,0,118,57,53,65476,0,300,0,0,8,20529,65476,0,0,57672,80.0,0.0,0.0,0.0,0.0,0.0
2026-06-18T02:58:49,ERR,ERR,ERR,ERR,ERR,ERR,ERR,ERR,ERR,ERR,ERR,ERR,ERR,ERR,ERR,ERR,ERR,ERR,ERR,ERR,ERR,ERR,ERR,ERR,ERR,ERR,ERR,ERR,ERR,ERR,ERR,ERR,ERR,ERR,ERR,ERR,ERR,ERR,ERR,ERR,ERR,ERR,ERR,ERR,ERR,ERR,ERR,ERR,ERR,ERR,ERR,ERR,ERR,ERR,ERR,ERR,ERR,ERR,ERR,ERR,ERR,ERR,ERR,ERR,ERR,ERR,ERR,ERR,ERR,ERR,ERR,ERR,ERR,ERR,ERR,ERR,ERR,ERR,ERR,ERR,ERR,ERR,ERR,ERR,ERR,ERR,ERR,ERR,ERR,ERR,ERR,ERR,ERR,ERR,ERR,ERR,ERR,ERR,ERR,ERR,ERR,ERR,ERR,ERR,ERR,ERR,ERR,ERR,ERR,ERR,ERR,ERR,ERR,ERR,ERR,ERR,ERR,ERR,ERR,ERR,ERR,ERR,ERR,ERR,ERR,0.0,-107615384.0,-0.0,0.0,nan,1.3936040501711995e+18,7.805,118629576.0,0,0,4,48932,6720,14723890282496.0,100,0.0,0.0,0.0,-0.0,0.0,0,0,0,0,0.0,0,0,0,0,0,0,0,0,0,0,0,0,0,0,0,0,0,0,0,0,0,0,0,0,0,0,0,0,0,0,0,0,0,26,51,50,76,65476,0,300,0,0,8,21553,0.0,-107605600.0,0.0,0.0,0.0,0.0,0.0,0.0,0.0,0.0,0.0,0.0,0.0,0.0,0.0,0.0,0.0,0.0,0.0,0.0,0.0,0.0,2.004,-2.004,2.004,0.0,0.0,0.0,0.0,0.0,4841.0,0.0,7236.0,0.0,-107615384.0,0.0,0.0,0.0,0.0,0.0,0.0,77,4.950428984743027e+32,4.0668510134893235e+29,0.0,0.0,0.0,0.0,0.0,0.0,0.0,0,0,0,0.0,0.0,0.0,0.0,0.0,0.0,0.0,0.0,0.0,0.0,0.0,0.0,0.0,0.0,0.0,0.0,0,-107875648.0,77,0.0,154,0.0,2.6533865130338155e+23,ERR,ERR,ERR,ERR,ERR,ERR,ERR,ERR,ERR,ERR,ERR,ERR,ERR,ERR,ERR,ERR,ERR,ERR,ERR,ERR,ERR,ERR,ERR,ERR,ERR,ERR,ERR,ERR,ERR,ERR,ERR,ERR,ERR,ERR,ERR,ERR,ERR,ERR,ERR,ERR,ERR,ERR,ERR,ERR,ERR,ERR,ERR,ERR,ERR,ERR,ERR,ERR,ERR,ERR,ERR,ERR,ERR,ERR,ERR,ERR,ERR,ERR,ERR,ERR,ERR,ERR,ERR,34.0,80.0,35,0.0,0.0,0.0,0.0,0.0,0.0,0.0,0.0,0.0,0.0,0.0,0.0,0.0,0.0,0.0,0.0,65.6,0,118,57,53,65476,0,300,0,0,8,20529,65476,0,0,57672,80.0,0.0,0.0,0.0,0.0,0.0
2026-06-18T02:58:50,ERR,ERR,ERR,ERR,ERR,ERR,ERR,ERR,ERR,ERR,ERR,ERR,ERR,ERR,ERR,ERR,ERR,ERR,ERR,ERR,ERR,ERR,ERR,ERR,ERR,ERR,ERR,ERR,ERR,ERR,ERR,ERR,ERR,ERR,ERR,ERR,ERR,ERR,ERR,ERR,ERR,ERR,ERR,ERR,ERR,ERR,ERR,ERR,ERR,ERR,ERR,ERR,ERR,ERR,ERR,ERR,ERR,ERR,ERR,ERR,ERR,ERR,ERR,ERR,ERR,ERR,ERR,ERR,ERR,ERR,ERR,ERR,ERR,ERR,ERR,ERR,ERR,ERR,ERR,ERR,ERR,ERR,ERR,ERR,ERR,ERR,ERR,ERR,ERR,ERR,ERR,ERR,ERR,ERR,ERR,ERR,ERR,ERR,ERR,ERR,ERR,ERR,ERR,ERR,ERR,ERR,ERR,ERR,ERR,ERR,ERR,ERR,ERR,ERR,ERR,ERR,ERR,ERR,ERR,ERR,ERR,ERR,ERR,ERR,ERR,0.0,-107615384.0,-0.0,0.0,nan,1.3936040501711995e+18,7.805,118629576.0,0,0,4,48932,6720,14723890282496.0,100,0.0,0.0,0.0,-0.0,0.0,0,0,0,0,0.0,0,0,0,0,0,0,0,0,0,0,0,0,0,0,0,0,0,0,0,0,0,0,0,0,0,0,0,0,0,0,0,0,0,26,51,50,76,65476,0,300,0,0,8,21553,0.0,-107605600.0,0.0,0.0,0.0,0.0,0.0,0.0,0.0,0.0,0.0,0.0,0.0,0.0,0.0,0.0,0.0,0.0,0.0,0.0,0.0,0.0,2.004,-2.004,2.004,0.0,0.0,0.0,0.0,0.0,4841.0,0.0,7236.0,0.0,-107615384.0,0.0,0.0,0.0,0.0,0.0,0.0,77,4.950428984743027e+32,4.0668510134893235e+29,0.0,0.0,0.0,0.0,0.0,0.0,0.0,0,0,0,0.0,0.0,0.0,0.0,0.0,0.0,0.0,0.0,0.0,0.0,0.0,0.0,0.0,0.0,0.0,0.0,0,-107875648.0,77,0.0,154,0.0,2.6533865130338155e+23,ERR,ERR,ERR,ERR,ERR,ERR,ERR,ERR,ERR,ERR,ERR,ERR,ERR,ERR,ERR,ERR,ERR,ERR,ERR,ERR,ERR,ERR,ERR,ERR,ERR,ERR,ERR,ERR,ERR,ERR,ERR,ERR,ERR,ERR,ERR,ERR,ERR,ERR,ERR,ERR,ERR,ERR,ERR,ERR,ERR,ERR,ERR,ERR,ERR,ERR,ERR,ERR,ERR,ERR,ERR,ERR,ERR,ERR,ERR,ERR,ERR,ERR,ERR,ERR,ERR,ERR,ERR,34.0,80.0,35,0.0,0.0,0.0,0.0,0.0,0.0,0.0,0.0,0.0,0.0,0.0,0.0,0.0,0.0,0.0,0.0,65.6,0,118,57,53,65476,0,300,0,0,8,20529,65476,0,0,57672,80.0,0.0,0.0,0.0,0.0,0.0
2026-06-18T02:58:51,ERR,ERR,ERR,ERR,ERR,ERR,ERR,ERR,ERR,ERR,ERR,ERR,ERR,ERR,ERR,ERR,ERR,ERR,ERR,ERR,ERR,ERR,ERR,ERR,ERR,ERR,ERR,ERR,ERR,ERR,ERR,ERR,ERR,ERR,ERR,ERR,ERR,ERR,ERR,ERR,ERR,ERR,ERR,ERR,ERR,ERR,ERR,ERR,ERR,ERR,ERR,ERR,ERR,ERR,ERR,ERR,ERR,ERR,ERR,ERR,ERR,ERR,ERR,ERR,ERR,ERR,ERR,ERR,ERR,ERR,ERR,ERR,ERR,ERR,ERR,ERR,ERR,ERR,ERR,ERR,ERR,ERR,ERR,ERR,ERR,ERR,ERR,ERR,ERR,ERR,ERR,ERR,ERR,ERR,ERR,ERR,ERR,ERR,ERR,ERR,ERR,ERR,ERR,ERR,ERR,ERR,ERR,ERR,ERR,ERR,ERR,ERR,ERR,ERR,ERR,ERR,ERR,ERR,ERR,ERR,ERR,ERR,ERR,ERR,ERR,0.0,-107615384.0,-0.0,-152005385388032.0,nan,1.3936040501711995e+18,7.805,-1161942663168.0,0,0,4,48930,6720,14723890282496.0,100,0.0,0.0,0.0,0.0,0.0,0,0,0,0,0.0,0,0,0,0,0,0,0,0,0,0,0,0,0,0,0,0,0,0,0,0,0,0,0,0,0,0,0,0,0,0,0,0,0,26,51,50,76,65476,0,300,0,0,8,21553,0.0,-107605600.0,0.0,0.0,0.0,0.0,0.0,0.0,0.0,0.0,0.0,0.0,0.0,0.0,0.0,0.0,0.0,0.0,0.0,0.0,0.0,0.0,2.004,-2.004,2.004,0.0,0.0,0.0,0.0,0.0,4842.0,2.004,7240.0,0.0,-107615384.0,0.0,0.0,0.0,0.0,0.0,0.0,77,-0.0,-0.0,0.0,0.0,0.0,0.0,0.0,0.0,0.0,0,0,0,0.0,0.0,0.0,0.0,0.0,0.0,0.0,0.0,0.0,0.0,0.0,0.0,0.0,0.0,0.0,0.0,0,-107875648.0,77,0.0,154,0.0,2.6533865130338155e+23,ERR,ERR,ERR,ERR,ERR,ERR,ERR,ERR,ERR,ERR,ERR,ERR,ERR,ERR,ERR,ERR,ERR,ERR,ERR,ERR,ERR,ERR,ERR,ERR,ERR,ERR,ERR,ERR,ERR,ERR,ERR,ERR,ERR,ERR,ERR,ERR,ERR,ERR,ERR,ERR,ERR,ERR,ERR,ERR,ERR,ERR,ERR,ERR,ERR,ERR,ERR,ERR,ERR,ERR,ERR,ERR,ERR,ERR,ERR,ERR,ERR,ERR,ERR,ERR,ERR,ERR,ERR,34.0,80.0,35,0.0,0.0,0.0,0.0,0.0,0.0,0.0,0.0,0.0,0.0,0.0,0.0,0.0,0.0,0.0,0.0,65.6,0,118,57,53,65476,0,300,0,0,8,20529,65476,0,0,57672,80.0,0.0,0.0,0.0,0.0,0.0
2026-06-18T02:58:52,ERR,ERR,ERR,ERR,ERR,ERR,ERR,ERR,ERR,ERR,ERR,ERR,ERR,ERR,ERR,ERR,ERR,ERR,ERR,ERR,ERR,ERR,ERR,ERR,ERR,ERR,ERR,ERR,ERR,ERR,ERR,ERR,ERR,ERR,ERR,ERR,ERR,ERR,ERR,ERR,ERR,ERR,ERR,ERR,ERR,ERR,ERR,ERR,ERR,ERR,ERR,ERR,ERR,ERR,ERR,ERR,ERR,ERR,ERR,ERR,ERR,ERR,ERR,ERR,ERR,ERR,ERR,ERR,ERR,ERR,ERR,ERR,ERR,ERR,ERR,ERR,ERR,ERR,ERR,ERR,ERR,ERR,ERR,ERR,ERR,ERR,ERR,ERR,ERR,ERR,ERR,ERR,ERR,ERR,ERR,ERR,ERR,ERR,ERR,ERR,ERR,ERR,ERR,ERR,ERR,ERR,ERR,ERR,ERR,ERR,ERR,ERR,ERR,ERR,ERR,ERR,ERR,ERR,ERR,ERR,ERR,ERR,ERR,ERR,ERR,0.0,-107615384.0,-0.0,-152005385388032.0,nan,1.3936040501711995e+18,7.805,-1161942663168.0,0,0,4,48930,6720,14723890282496.0,100,0.0,0.0,0.0,0.0,0.0,0,0,0,0,0.0,0,0,0,0,0,0,0,0,0,0,0,0,0,0,0,0,0,0,0,0,0,0,0,0,0,0,0,0,0,0,0,0,0,26,51,50,76,65476,0,300,0,0,8,21553,0.0,-107605600.0,0.0,0.0,0.0,0.0,0.0,0.0,0.0,0.0,0.0,0.0,0.0,0.0,0.0,0.0,0.0,0.0,0.0,0.0,0.0,0.0,2.004,-2.004,2.004,0.0,0.0,0.0,0.0,0.0,4842.0,2.004,7240.0,0.0,-107615384.0,0.0,0.0,0.0,0.0,0.0,0.0,77,-0.0,-0.0,0.0,0.0,0.0,0.0,0.0,0.0,0.0,0,0,0,0.0,0.0,0.0,0.0,0.0,0.0,0.0,0.0,0.0,0.0,0.0,0.0,0.0,0.0,0.0,0.0,0,-107875648.0,77,0.0,154,0.0,2.6533865130338155e+23,ERR,ERR,ERR,ERR,ERR,ERR,ERR,ERR,ERR,ERR,ERR,ERR,ERR,ERR,ERR,ERR,ERR,ERR,ERR,ERR,ERR,ERR,ERR,ERR,ERR,ERR,ERR,ERR,ERR,ERR,ERR,ERR,ERR,ERR,ERR,ERR,ERR,ERR,ERR,ERR,ERR,ERR,ERR,ERR,ERR,ERR,ERR,ERR,ERR,ERR,ERR,ERR,ERR,ERR,ERR,ERR,ERR,ERR,ERR,ERR,ERR,ERR,ERR,ERR,ERR,ERR,ERR,34.0,80.0,35,0.0,0.0,0.0,0.0,0.0,0.0,0.0,0.0,0.0,0.0,0.0,0.0,0.0,0.0,0.0,0.0,65.6,0,118,57,53,65476,0,300,0,0,8,20529,65476,0,0,57672,80.0,0.0,0.0,0.0,0.0,0.0
2026-06-18T02:58:53,ERR,ERR,ERR,ERR,ERR,ERR,ERR,ERR,ERR,ERR,ERR,ERR,ERR,ERR,ERR,ERR,ERR,ERR,ERR,ERR,ERR,ERR,ERR,ERR,ERR,ERR,ERR,ERR,ERR,ERR,ERR,ERR,ERR,ERR,ERR,ERR,ERR,ERR,ERR,ERR,ERR,ERR,ERR,ERR,ERR,ERR,ERR,ERR,ERR,ERR,ERR,ERR,ERR,ERR,ERR,ERR,ERR,ERR,ERR,ERR,ERR,ERR,ERR,ERR,ERR,ERR,ERR,ERR,ERR,ERR,ERR,ERR,ERR,ERR,ERR,ERR,ERR,ERR,ERR,ERR,ERR,ERR,ERR,ERR,ERR,ERR,ERR,ERR,ERR,ERR,ERR,ERR,ERR,ERR,ERR,ERR,ERR,ERR,ERR,ERR,ERR,ERR,ERR,ERR,ERR,ERR,ERR,ERR,ERR,ERR,ERR,ERR,ERR,ERR,ERR,ERR,ERR,ERR,ERR,ERR,ERR,ERR,ERR,ERR,ERR,0.0,-107615384.0,-0.0,-152005385388032.0,nan,1.3936040501711995e+18,7.805,-1161942663168.0,0,0,4,48930,6720,14723890282496.0,100,0.0,0.0,0.0,0.0,0.0,0,0,0,0,0.0,0,0,0,0,0,0,0,0,0,0,0,0,0,0,0,0,0,0,0,0,0,0,0,0,0,0,0,0,0,0,0,0,0,26,51,50,76,65476,0,300,0,0,8,21553,0.0,-107605600.0,0.0,0.0,0.0,0.0,0.0,0.0,0.0,0.0,0.0,0.0,0.0,0.0,0.0,0.0,0.0,0.0,0.0,0.0,0.0,0.0,2.004,-2.004,2.004,0.0,0.0,0.0,0.0,0.0,4842.0,2.004,7240.0,0.0,-107615384.0,0.0,0.0,0.0,0.0,0.0,0.0,77,-0.0,-0.0,0.0,0.0,0.0,0.0,0.0,0.0,0.0,0,0,0,0.0,0.0,0.0,0.0,0.0,0.0,0.0,0.0,0.0,0.0,0.0,0.0,0.0,0.0,0.0,0.0,0,-107875648.0,77,0.0,154,0.0,2.6533865130338155e+23,ERR,ERR,ERR,ERR,ERR,ERR,ERR,ERR,ERR,ERR,ERR,ERR,ERR,ERR,ERR,ERR,ERR,ERR,ERR,ERR,ERR,ERR,ERR,ERR,ERR,ERR,ERR,ERR,ERR,ERR,ERR,ERR,ERR,ERR,ERR,ERR,ERR,ERR,ERR,ERR,ERR,ERR,ERR,ERR,ERR,ERR,ERR,ERR,ERR,ERR,ERR,ERR,ERR,ERR,ERR,ERR,ERR,ERR,ERR,ERR,ERR,ERR,ERR,ERR,ERR,ERR,ERR,34.0,80.0,35,0.0,0.0,0.0,0.0,0.0,0.0,0.0,0.0,0.0,0.0,0.0,0.0,0.0,0.0,0.0,0.0,65.6,0,118,57,53,65476,0,300,0,0,8,20529,65476,0,0,57672,80.0,0.0,0.0,0.0,0.0,0.0
2026-06-18T02:58:54,ERR,ERR,ERR,ERR,ERR,ERR,ERR,ERR,ERR,ERR,ERR,ERR,ERR,ERR,ERR,ERR,ERR,ERR,ERR,ERR,ERR,ERR,ERR,ERR,ERR,ERR,ERR,ERR,ERR,ERR,ERR,ERR,ERR,ERR,ERR,ERR,ERR,ERR,ERR,ERR,ERR,ERR,ERR,ERR,ERR,ERR,ERR,ERR,ERR,ERR,ERR,ERR,ERR,ERR,ERR,ERR,ERR,ERR,ERR,ERR,ERR,ERR,ERR,ERR,ERR,ERR,ERR,ERR,ERR,ERR,ERR,ERR,ERR,ERR,ERR,ERR,ERR,ERR,ERR,ERR,ERR,ERR,ERR,ERR,ERR,ERR,ERR,ERR,ERR,ERR,ERR,ERR,ERR,ERR,ERR,ERR,ERR,ERR,ERR,ERR,ERR,ERR,ERR,ERR,ERR,ERR,ERR,ERR,ERR,ERR,ERR,ERR,ERR,ERR,ERR,ERR,ERR,ERR,ERR,ERR,ERR,ERR,ERR,ERR,ERR,0.0,-107615384.0,-0.0,-152005385388032.0,nan,1.3936040501711995e+18,7.805,-1161942663168.0,0,0,4,48930,6720,14723890282496.0,100,0.0,0.0,0.0,0.0,0.0,0,0,0,0,0.0,0,0,0,0,0,0,0,0,0,0,0,0,0,0,0,0,0,0,0,0,0,0,0,0,0,0,0,0,0,0,0,0,0,26,51,50,76,65476,0,300,0,0,8,21553,0.0,-107605600.0,0.0,0.0,0.0,0.0,0.0,0.0,0.0,0.0,0.0,0.0,0.0,0.0,0.0,0.0,0.0,0.0,0.0,0.0,0.0,0.0,2.004,-2.004,2.004,0.0,0.0,0.0,0.0,0.0,4842.0,2.004,7240.0,0.0,-107615384.0,0.0,0.0,0.0,0.0,0.0,0.0,77,-0.0,-0.0,0.0,0.0,0.0,0.0,0.0,0.0,0.0,0,0,0,0.0,0.0,0.0,0.0,0.0,0.0,0.0,0.0,0.0,0.0,0.0,0.0,0.0,0.0,0.0,0.0,0,-107875648.0,77,0.0,154,0.0,2.6533865130338155e+23,ERR,ERR,ERR,ERR,ERR,ERR,ERR,ERR,ERR,ERR,ERR,ERR,ERR,ERR,ERR,ERR,ERR,ERR,ERR,ERR,ERR,ERR,ERR,ERR,ERR,ERR,ERR,ERR,ERR,ERR,ERR,ERR,ERR,ERR,ERR,ERR,ERR,ERR,ERR,ERR,ERR,ERR,ERR,ERR,ERR,ERR,ERR,ERR,ERR,ERR,ERR,ERR,ERR,ERR,ERR,ERR,ERR,ERR,ERR,ERR,ERR,ERR,ERR,ERR,ERR,ERR,ERR,34.0,80.0,35,0.0,0.0,0.0,0.0,0.0,0.0,0.0,0.0,0.0,0.0,0.0,0.0,0.0,0.0,0.0,0.0,65.6,0,118,57,53,65476,0,300,0,0,8,20529,65476,0,0,57672,80.0,0.0,0.0,0.0,0.0,0.0
2026-06-18T02:58:55,ERR,ERR,ERR,ERR,ERR,ERR,ERR,ERR,ERR,ERR,ERR,ERR,ERR,ERR,ERR,ERR,ERR,ERR,ERR,ERR,ERR,ERR,ERR,ERR,ERR,ERR,ERR,ERR,ERR,ERR,ERR,ERR,ERR,ERR,ERR,ERR,ERR,ERR,ERR,ERR,ERR,ERR,ERR,ERR,ERR,ERR,ERR,ERR,ERR,ERR,ERR,ERR,ERR,ERR,ERR,ERR,ERR,ERR,ERR,ERR,ERR,ERR,ERR,ERR,ERR,ERR,ERR,ERR,ERR,ERR,ERR,ERR,ERR,ERR,ERR,ERR,ERR,ERR,ERR,ERR,ERR,ERR,ERR,ERR,ERR,ERR,ERR,ERR,ERR,ERR,ERR,ERR,ERR,ERR,ERR,ERR,ERR,ERR,ERR,ERR,ERR,ERR,ERR,ERR,ERR,ERR,ERR,ERR,ERR,ERR,ERR,ERR,ERR,ERR,ERR,ERR,ERR,ERR,ERR,ERR,ERR,ERR,ERR,ERR,ERR,0.0,-107615384.0,-0.0,-152005385388032.0,nan,1.3936040501711995e+18,7.805,-1161942663168.0,0,0,4,48930,6720,14723890282496.0,100,0.0,0.0,0.0,0.0,0.0,0,0,0,0,0.0,0,0,0,0,0,0,0,0,0,0,0,0,0,0,0,0,0,0,0,0,0,0,0,0,0,0,0,0,0,0,0,0,0,26,51,50,76,65476,0,300,0,0,8,21553,0.0,-107605600.0,0.0,0.0,0.0,0.0,0.0,0.0,0.0,0.0,0.0,0.0,0.0,0.0,0.0,0.0,0.0,0.0,0.0,0.0,0.0,0.0,2.004,-2.004,2.004,0.0,0.0,0.0,0.0,0.0,4842.0,2.004,7240.0,0.0,-107615384.0,0.0,0.0,0.0,0.0,0.0,0.0,77,-0.0,-0.0,0.0,0.0,0.0,0.0,0.0,0.0,0.0,0,0,0,0.0,0.0,0.0,0.0,0.0,0.0,0.0,0.0,0.0,0.0,0.0,0.0,0.0,0.0,0.0,0.0,0,-107875648.0,77,0.0,154,0.0,2.6533865130338155e+23,ERR,ERR,ERR,ERR,ERR,ERR,ERR,ERR,ERR,ERR,ERR,ERR,ERR,ERR,ERR,ERR,ERR,ERR,ERR,ERR,ERR,ERR,ERR,ERR,ERR,ERR,ERR,ERR,ERR,ERR,ERR,ERR,ERR,ERR,ERR,ERR,ERR,ERR,ERR,ERR,ERR,ERR,ERR,ERR,ERR,ERR,ERR,ERR,ERR,ERR,ERR,ERR,ERR,ERR,ERR,ERR,ERR,ERR,ERR,ERR,ERR,ERR,ERR,ERR,ERR,ERR,ERR,34.0,80.0,35,0.0,0.0,0.0,0.0,0.0,0.0,0.0,0.0,0.0,0.0,0.0,0.0,0.0,0.0,0.0,0.0,66.0,0,118,57,53,65476,0,300,0,0,8,20529,65476,0,0,57672,80.0,0.0,0.0,0.0,0.0,0.0
2026-06-18T02:58:56,ERR,ERR,ERR,ERR,ERR,ERR,ERR,ERR,ERR,ERR,ERR,ERR,ERR,ERR,ERR,ERR,ERR,ERR,ERR,ERR,ERR,ERR,ERR,ERR,ERR,ERR,ERR,ERR,ERR,ERR,ERR,ERR,ERR,ERR,ERR,ERR,ERR,ERR,ERR,ERR,ERR,ERR,ERR,ERR,ERR,ERR,ERR,ERR,ERR,ERR,ERR,ERR,ERR,ERR,ERR,ERR,ERR,ERR,ERR,ERR,ERR,ERR,ERR,ERR,ERR,ERR,ERR,ERR,ERR,ERR,ERR,ERR,ERR,ERR,ERR,ERR,ERR,ERR,ERR,ERR,ERR,ERR,ERR,ERR,ERR,ERR,ERR,ERR,ERR,ERR,ERR,ERR,ERR,ERR,ERR,ERR,ERR,ERR,ERR,ERR,ERR,ERR,ERR,ERR,ERR,ERR,ERR,ERR,ERR,ERR,ERR,ERR,ERR,ERR,ERR,ERR,ERR,ERR,ERR,ERR,ERR,ERR,ERR,ERR,ERR,0.0,-107615384.0,-0.0,89215.008,nan,1.3936040501711995e+18,7.805,-1.2121118219281682e+20,0,0,4,48936,6720,14723890282496.0,100,0.0,0.0,0.0,0.0,0.0,0,0,0,0,0.0,0,0,0,0,0,0,0,0,0,0,0,0,0,0,0,0,0,0,0,0,0,0,0,0,0,0,0,0,0,0,0,0,0,26,51,50,76,65476,0,300,0,0,8,21553,0.0,-107605600.0,0.0,0.0,0.0,0.0,0.0,0.0,0.0,0.0,0.0,0.0,0.0,0.0,0.0,0.0,0.0,0.0,0.0,0.0,0.0,0.0,2.004,-2.004,2.004,0.0,0.0,0.0,0.0,0.0,4839.0,0.0,7236.0,0.0,-107615384.0,0.0,0.0,0.0,0.0,0.0,0.0,77,-0.0,-0.0,0.0,0.0,0.0,0.0,0.0,0.0,0.0,0,0,0,0.0,0.0,0.0,0.0,0.0,0.0,0.0,0.0,0.0,0.0,0.0,0.0,0.0,0.0,0.0,0.0,0,-107875648.0,77,0.0,154,0.0,2.6533865130338155e+23,ERR,ERR,ERR,ERR,ERR,ERR,ERR,ERR,ERR,ERR,ERR,ERR,ERR,ERR,ERR,ERR,ERR,ERR,ERR,ERR,ERR,ERR,ERR,ERR,ERR,ERR,ERR,ERR,ERR,ERR,ERR,ERR,ERR,ERR,ERR,ERR,ERR,ERR,ERR,ERR,ERR,ERR,ERR,ERR,ERR,ERR,ERR,ERR,ERR,ERR,ERR,ERR,ERR,ERR,ERR,ERR,ERR,ERR,ERR,ERR,ERR,ERR,ERR,ERR,ERR,ERR,ERR,34.0,80.0,35,0.0,0.0,0.0,0.0,0.0,0.0,0.0,0.0,0.0,0.0,0.0,0.0,0.0,0.0,0.0,0.0,66.0,0,118,57,53,65476,0,300,0,0,8,20529,65476,0,0,57672,80.0,0.0,0.0,0.0,0.0,0.0
2026-06-18T02:58:57,ERR,ERR,ERR,ERR,ERR,ERR,ERR,ERR,ERR,ERR,ERR,ERR,ERR,ERR,ERR,ERR,ERR,ERR,ERR,ERR,ERR,ERR,ERR,ERR,ERR,ERR,ERR,ERR,ERR,ERR,ERR,ERR,ERR,ERR,ERR,ERR,ERR,ERR,ERR,ERR,ERR,ERR,ERR,ERR,ERR,ERR,ERR,ERR,ERR,ERR,ERR,ERR,ERR,ERR,ERR,ERR,ERR,ERR,ERR,ERR,ERR,ERR,ERR,ERR,ERR,ERR,ERR,ERR,ERR,ERR,ERR,ERR,ERR,ERR,ERR,ERR,ERR,ERR,ERR,ERR,ERR,ERR,ERR,ERR,ERR,ERR,ERR,ERR,ERR,ERR,ERR,ERR,ERR,ERR,ERR,ERR,ERR,ERR,ERR,ERR,ERR,ERR,ERR,ERR,ERR,ERR,ERR,ERR,ERR,ERR,ERR,ERR,ERR,ERR,ERR,ERR,ERR,ERR,ERR,ERR,ERR,ERR,ERR,ERR,ERR,0.0,-107615384.0,-0.0,89215.008,nan,1.3936040501711995e+18,7.805,-1.2121118219281682e+20,0,0,4,48936,6720,14723890282496.0,100,0.0,0.0,0.0,0.0,0.0,0,0,0,0,0.0,0,0,0,0,0,0,0,0,0,0,0,0,0,0,0,0,0,0,0,0,0,0,0,0,0,0,0,0,0,0,0,0,0,26,51,50,76,65476,0,300,0,0,8,21553,0.0,-107605600.0,0.0,0.0,0.0,0.0,0.0,0.0,0.0,0.0,0.0,0.0,0.0,0.0,0.0,0.0,0.0,0.0,0.0,0.0,0.0,0.0,2.004,-2.004,2.004,0.0,0.0,0.0,0.0,0.0,4839.0,0.0,7236.0,0.0,-107615384.0,0.0,0.0,0.0,0.0,0.0,0.0,77,-0.0,-0.0,0.0,0.0,0.0,0.0,0.0,0.0,0.0,0,0,0,0.0,0.0,0.0,0.0,0.0,0.0,0.0,0.0,0.0,0.0,0.0,0.0,0.0,0.0,0.0,0.0,0,-107875648.0,77,0.0,154,0.0,2.6533865130338155e+23,ERR,ERR,ERR,ERR,ERR,ERR,ERR,ERR,ERR,ERR,ERR,ERR,ERR,ERR,ERR,ERR,ERR,ERR,ERR,ERR,ERR,ERR,ERR,ERR,ERR,ERR,ERR,ERR,ERR,ERR,ERR,ERR,ERR,ERR,ERR,ERR,ERR,ERR,ERR,ERR,ERR,ERR,ERR,ERR,ERR,ERR,ERR,ERR,ERR,ERR,ERR,ERR,ERR,ERR,ERR,ERR,ERR,ERR,ERR,ERR,ERR,ERR,ERR,ERR,ERR,ERR,ERR,34.0,80.0,35,0.0,0.0,0.0,0.0,0.0,0.0,0.0,0.0,0.0,0.0,0.0,0.0,0.0,0.0,0.0,0.0,66.0,0,118,57,53,65476,0,300,0,0,8,20529,65476,0,0,57672,80.0,0.0,0.0,0.0,0.0,0.0
2026-06-18T02:58:58,ERR,ERR,ERR,ERR,ERR,ERR,ERR,ERR,ERR,ERR,ERR,ERR,ERR,ERR,ERR,ERR,ERR,ERR,ERR,ERR,ERR,ERR,ERR,ERR,ERR,ERR,ERR,ERR,ERR,ERR,ERR,ERR,ERR,ERR,ERR,ERR,ERR,ERR,ERR,ERR,ERR,ERR,ERR,ERR,ERR,ERR,ERR,ERR,ERR,ERR,ERR,ERR,ERR,ERR,ERR,ERR,ERR,ERR,ERR,ERR,ERR,ERR,ERR,ERR,ERR,ERR,ERR,ERR,ERR,ERR,ERR,ERR,ERR,ERR,ERR,ERR,ERR,ERR,ERR,ERR,ERR,ERR,ERR,ERR,ERR,ERR,ERR,ERR,ERR,ERR,ERR,ERR,ERR,ERR,ERR,ERR,ERR,ERR,ERR,ERR,ERR,ERR,ERR,ERR,ERR,ERR,ERR,ERR,ERR,ERR,ERR,ERR,ERR,ERR,ERR,ERR,ERR,ERR,ERR,ERR,ERR,ERR,ERR,ERR,ERR,0.0,-107615384.0,-0.0,89215.008,nan,1.3936040501711995e+18,7.805,-1.2121118219281682e+20,0,0,4,48936,6720,14723890282496.0,100,0.0,0.0,0.0,0.0,0.0,0,0,0,0,0.0,0,0,0,0,0,0,0,0,0,0,0,0,0,0,0,0,0,0,0,0,0,0,0,0,0,0,0,0,0,0,0,0,0,26,51,50,76,65476,0,300,0,0,8,21553,0.0,-107605600.0,0.0,0.0,0.0,0.0,0.0,0.0,0.0,0.0,0.0,0.0,0.0,0.0,0.0,0.0,0.0,0.0,0.0,0.0,0.0,0.0,2.004,-2.004,2.004,0.0,0.0,0.0,0.0,0.0,4839.0,0.0,7236.0,0.0,-107615384.0,0.0,0.0,0.0,0.0,0.0,0.0,77,-0.0,-0.0,0.0,0.0,0.0,0.0,0.0,0.0,0.0,0,0,0,0.0,0.0,0.0,0.0,0.0,0.0,0.0,0.0,0.0,0.0,0.0,0.0,0.0,0.0,0.0,0.0,0,-107875648.0,77,0.0,154,0.0,2.6533865130338155e+23,ERR,ERR,ERR,ERR,ERR,ERR,ERR,ERR,ERR,ERR,ERR,ERR,ERR,ERR,ERR,ERR,ERR,ERR,ERR,ERR,ERR,ERR,ERR,ERR,ERR,ERR,ERR,ERR,ERR,ERR,ERR,ERR,ERR,ERR,ERR,ERR,ERR,ERR,ERR,ERR,ERR,ERR,ERR,ERR,ERR,ERR,ERR,ERR,ERR,ERR,ERR,ERR,ERR,ERR,ERR,ERR,ERR,ERR,ERR,ERR,ERR,ERR,ERR,ERR,ERR,ERR,ERR,34.0,80.0,35,0.0,0.0,0.0,0.0,0.0,0.0,0.0,0.0,0.0,0.0,0.0,0.0,0.0,0.0,0.0,0.0,66.0,0,118,57,53,65476,0,300,0,0,8,20529,65476,0,0,57672,80.0,0.0,0.0,0.0,0.0,0.0
2026-06-18T02:58:59,ERR,ERR,ERR,ERR,ERR,ERR,ERR,ERR,ERR,ERR,ERR,ERR,ERR,ERR,ERR,ERR,ERR,ERR,ERR,ERR,ERR,ERR,ERR,ERR,ERR,ERR,ERR,ERR,ERR,ERR,ERR,ERR,ERR,ERR,ERR,ERR,ERR,ERR,ERR,ERR,ERR,ERR,ERR,ERR,ERR,ERR,ERR,ERR,ERR,ERR,ERR,ERR,ERR,ERR,ERR,ERR,ERR,ERR,ERR,ERR,ERR,ERR,ERR,ERR,ERR,ERR,ERR,ERR,ERR,ERR,ERR,ERR,ERR,ERR,ERR,ERR,ERR,ERR,ERR,ERR,ERR,ERR,ERR,ERR,ERR,ERR,ERR,ERR,ERR,ERR,ERR,ERR,ERR,ERR,ERR,ERR,ERR,ERR,ERR,ERR,ERR,ERR,ERR,ERR,ERR,ERR,ERR,ERR,ERR,ERR,ERR,ERR,ERR,ERR,ERR,ERR,ERR,ERR,ERR,ERR,ERR,ERR,ERR,ERR,ERR,0.0,-107615384.0,-0.0,89215.008,nan,1.3936040501711995e+18,7.805,-1.2121118219281682e+20,0,0,4,48936,6720,14723890282496.0,100,0.0,0.0,0.0,0.0,0.0,0,0,0,0,0.0,0,0,0,0,0,0,0,0,0,0,0,0,0,0,0,0,0,0,0,0,0,0,0,0,0,0,0,0,0,0,0,0,0,26,51,50,76,65476,0,300,0,0,8,21553,0.0,-107605600.0,0.0,0.0,0.0,0.0,0.0,0.0,0.0,0.0,0.0,0.0,0.0,0.0,0.0,0.0,0.0,0.0,0.0,0.0,0.0,0.0,2.004,-2.004,2.004,0.0,0.0,0.0,0.0,0.0,4839.0,0.0,7236.0,0.0,-107615384.0,0.0,0.0,0.0,0.0,0.0,0.0,77,-0.0,-0.0,0.0,0.0,0.0,0.0,0.0,0.0,0.0,0,0,0,0.0,0.0,0.0,0.0,0.0,0.0,0.0,0.0,0.0,0.0,0.0,0.0,0.0,0.0,0.0,0.0,0,-107875648.0,77,0.0,154,0.0,2.6533865130338155e+23,ERR,ERR,ERR,ERR,ERR,ERR,ERR,ERR,ERR,ERR,ERR,ERR,ERR,ERR,ERR,ERR,ERR,ERR,ERR,ERR,ERR,ERR,ERR,ERR,ERR,ERR,ERR,ERR,ERR,ERR,ERR,ERR,ERR,ERR,ERR,ERR,ERR,ERR,ERR,ERR,ERR,ERR,ERR,ERR,ERR,ERR,ERR,ERR,ERR,ERR,ERR,ERR,ERR,ERR,ERR,ERR,ERR,ERR,ERR,ERR,ERR,ERR,ERR,ERR,ERR,ERR,ERR,34.0,80.0,35,0.0,0.0,0.0,0.0,0.0,0.0,0.0,0.0,0.0,0.0,0.0,0.0,0.0,0.0,0.0,0.0,65.6,0,118,57,53,65476,0,300,0,0,8,20529,65476,0,0,57672,80.0,0.0,0.0,0.0,0.0,0.0
2026-06-18T02:59:00,ERR,ERR,ERR,ERR,ERR,ERR,ERR,ERR,ERR,ERR,ERR,ERR,ERR,ERR,ERR,ERR,ERR,ERR,ERR,ERR,ERR,ERR,ERR,ERR,ERR,ERR,ERR,ERR,ERR,ERR,ERR,ERR,ERR,ERR,ERR,ERR,ERR,ERR,ERR,ERR,ERR,ERR,ERR,ERR,ERR,ERR,ERR,ERR,ERR,ERR,ERR,ERR,ERR,ERR,ERR,ERR,ERR,ERR,ERR,ERR,ERR,ERR,ERR,ERR,ERR,ERR,ERR,ERR,ERR,ERR,ERR,ERR,ERR,ERR,ERR,ERR,ERR,ERR,ERR,ERR,ERR,ERR,ERR,ERR,ERR,ERR,ERR,ERR,ERR,ERR,ERR,ERR,ERR,ERR,ERR,ERR,ERR,ERR,ERR,ERR,ERR,ERR,ERR,ERR,ERR,ERR,ERR,ERR,ERR,ERR,ERR,ERR,ERR,ERR,ERR,ERR,ERR,ERR,ERR,ERR,ERR,ERR,ERR,ERR,ERR,0.0,-107615384.0,-0.0,89215.008,nan,1.3936040501711995e+18,7.805,-1.2121118219281682e+20,0,0,4,48936,6720,14723890282496.0,100,0.0,0.0,0.0,0.0,0.0,0,0,0,0,0.0,0,0,0,0,0,0,0,0,0,0,0,0,0,0,0,0,0,0,0,0,0,0,0,0,0,0,0,0,0,0,0,0,0,26,51,50,76,65476,0,300,0,0,8,21553,0.0,-107605600.0,0.0,0.0,0.0,0.0,0.0,0.0,0.0,0.0,0.0,0.0,0.0,0.0,0.0,0.0,0.0,0.0,0.0,0.0,0.0,0.0,2.004,-2.004,2.004,0.0,0.0,0.0,0.0,0.0,4839.0,0.0,7236.0,0.0,-107615384.0,0.0,0.0,0.0,0.0,0.0,0.0,77,-0.0,-0.0,0.0,0.0,0.0,0.0,0.0,0.0,0.0,0,0,0,0.0,0.0,0.0,0.0,0.0,0.0,0.0,0.0,0.0,0.0,0.0,0.0,0.0,0.0,0.0,0.0,0,-107875648.0,77,0.0,154,0.0,2.6533865130338155e+23,ERR,ERR,ERR,ERR,ERR,ERR,ERR,ERR,ERR,ERR,ERR,ERR,ERR,ERR,ERR,ERR,ERR,ERR,ERR,ERR,ERR,ERR,ERR,ERR,ERR,ERR,ERR,ERR,ERR,ERR,ERR,ERR,ERR,ERR,ERR,ERR,ERR,ERR,ERR,ERR,ERR,ERR,ERR,ERR,ERR,ERR,ERR,ERR,ERR,ERR,ERR,ERR,ERR,ERR,ERR,ERR,ERR,ERR,ERR,ERR,ERR,ERR,ERR,ERR,ERR,ERR,ERR,34.0,80.0,35,0.0,0.0,0.0,0.0,0.0,0.0,0.0,0.0,0.0,0.0,0.0,0.0,0.0,0.0,0.0,0.0,65.6,0,118,57,53,65476,0,300,0,0,8,20529,65476,0,0,57672,80.0,0.0,0.0,0.0,0.0,0.0
2026-06-18T02:59:01,ERR,ERR,ERR,ERR,ERR,ERR,ERR,ERR,ERR,ERR,ERR,ERR,ERR,ERR,ERR,ERR,ERR,ERR,ERR,ERR,ERR,ERR,ERR,ERR,ERR,ERR,ERR,ERR,ERR,ERR,ERR,ERR,ERR,ERR,ERR,ERR,ERR,ERR,ERR,ERR,ERR,ERR,ERR,ERR,ERR,ERR,ERR,ERR,ERR,ERR,ERR,ERR,ERR,ERR,ERR,ERR,ERR,ERR,ERR,ERR,ERR,ERR,ERR,ERR,ERR,ERR,ERR,ERR,ERR,ERR,ERR,ERR,ERR,ERR,ERR,ERR,ERR,ERR,ERR,ERR,ERR,ERR,ERR,ERR,ERR,ERR,ERR,ERR,ERR,ERR,ERR,ERR,ERR,ERR,ERR,ERR,ERR,ERR,ERR,ERR,ERR,ERR,ERR,ERR,ERR,ERR,ERR,ERR,ERR,ERR,ERR,ERR,ERR,ERR,ERR,ERR,ERR,ERR,ERR,ERR,ERR,ERR,ERR,ERR,ERR,0.0,-107615384.0,-0.0,89215.008,nan,1.3936040501711995e+18,7.805,-1.2121118219281682e+20,0,0,4,48936,6720,14723890282496.0,100,0.0,0.0,0.0,0.0,0.0,0,0,0,0,0.0,0,0,0,0,0,0,0,0,0,0,0,0,0,0,0,0,0,0,0,0,0,0,0,0,0,0,0,0,0,0,0,0,0,26,51,50,76,65476,0,300,0,0,8,21553,0.0,-107605600.0,0.0,0.0,0.0,0.0,0.0,0.0,0.0,0.0,0.0,0.0,0.0,0.0,0.0,0.0,0.0,0.0,0.0,0.0,0.0,0.0,2.004,-2.004,2.004,0.0,0.0,0.0,0.0,0.0,4839.0,0.0,7236.0,0.0,-107615384.0,0.0,0.0,0.0,0.0,0.0,0.0,77,-0.0,-0.0,0.0,0.0,0.0,0.0,0.0,0.0,0.0,0,0,0,0.0,0.0,0.0,0.0,0.0,0.0,0.0,0.0,0.0,0.0,0.0,0.0,0.0,0.0,0.0,0.0,0,-107875648.0,77,0.0,154,0.0,2.6533865130338155e+23,ERR,ERR,ERR,ERR,ERR,ERR,ERR,ERR,ERR,ERR,ERR,ERR,ERR,ERR,ERR,ERR,ERR,ERR,ERR,ERR,ERR,ERR,ERR,ERR,ERR,ERR,ERR,ERR,ERR,ERR,ERR,ERR,ERR,ERR,ERR,ERR,ERR,ERR,ERR,ERR,ERR,ERR,ERR,ERR,ERR,ERR,ERR,ERR,ERR,ERR,ERR,ERR,ERR,ERR,ERR,ERR,ERR,ERR,ERR,ERR,ERR,ERR,ERR,ERR,ERR,ERR,ERR,34.0,80.0,35,0.0,0.0,0.0,0.0,0.0,0.0,0.0,0.0,0.0,0.0,0.0,0.0,0.0,0.0,0.0,0.0,65.6,0,118,57,53,65476,0,300,0,0,8,20529,65476,0,0,57672,80.0,0.0,0.0,0.0,0.0,0.0
2026-06-18T02:59:02,ERR,ERR,ERR,ERR,ERR,ERR,ERR,ERR,ERR,ERR,ERR,ERR,ERR,ERR,ERR,ERR,ERR,ERR,ERR,ERR,ERR,ERR,ERR,ERR,ERR,ERR,ERR,ERR,ERR,ERR,ERR,ERR,ERR,ERR,ERR,ERR,ERR,ERR,ERR,ERR,ERR,ERR,ERR,ERR,ERR,ERR,ERR,ERR,ERR,ERR,ERR,ERR,ERR,ERR,ERR,ERR,ERR,ERR,ERR,ERR,ERR,ERR,ERR,ERR,ERR,ERR,ERR,ERR,ERR,ERR,ERR,ERR,ERR,ERR,ERR,ERR,ERR,ERR,ERR,ERR,ERR,ERR,ERR,ERR,ERR,ERR,ERR,ERR,ERR,ERR,ERR,ERR,ERR,ERR,ERR,ERR,ERR,ERR,ERR,ERR,ERR,ERR,ERR,ERR,ERR,ERR,ERR,ERR,ERR,ERR,ERR,ERR,ERR,ERR,ERR,ERR,ERR,ERR,ERR,ERR,ERR,ERR,ERR,ERR,ERR,0.0,-107615384.0,-0.0,0.0,nan,1.3936040501711995e+18,7.805,1.1676894923321382e+24,0,0,4,48926,6720,14723890282496.0,100,0.0,0.0,0.0,0.0,0.0,0,0,0,0,0.0,0,0,0,0,0,0,0,0,0,0,0,0,0,0,0,0,0,0,0,0,0,0,0,0,0,0,0,0,0,0,0,0,0,26,51,50,76,65476,0,300,0,0,8,21553,0.0,-107605600.0,0.0,0.0,0.0,0.0,0.0,0.0,0.0,0.0,0.0,0.0,0.0,0.0,0.0,0.0,0.0,0.0,0.0,0.0,0.0,0.0,2.004,-2.004,2.004,0.0,0.0,0.0,0.0,0.0,4840.0,0.0,7237.0,0.0,-107615384.0,0.0,0.0,0.0,0.0,0.0,0.0,77,-0.0,5.848052910173703e+35,0.0,0.0,0.0,0.0,0.0,0.0,0.0,0,0,0,0.0,0.0,0.0,0.0,0.0,0.0,0.0,0.0,0.0,0.0,0.0,0.0,0.0,0.0,0.0,0.0,0,-107875648.0,77,0.0,154,0.0,2.6533865130338155e+23,ERR,ERR,ERR,ERR,ERR,ERR,ERR,ERR,ERR,ERR,ERR,ERR,ERR,ERR,ERR,ERR,ERR,ERR,ERR,ERR,ERR,ERR,ERR,ERR,ERR,ERR,ERR,ERR,ERR,ERR,ERR,ERR,ERR,ERR,ERR,ERR,ERR,ERR,ERR,ERR,ERR,ERR,ERR,ERR,ERR,ERR,ERR,ERR,ERR,ERR,ERR,ERR,ERR,ERR,ERR,ERR,ERR,ERR,ERR,ERR,ERR,ERR,ERR,ERR,ERR,ERR,ERR,34.0,80.0,35,0.0,0.0,0.0,0.0,0.0,0.0,0.0,0.0,0.0,0.0,0.0,0.0,0.0,0.0,0.0,0.0,65.6,0,118,57,53,65476,0,300,0,0,8,20529,65476,0,0,57672,80.0,0.0,0.0,0.0,0.0,0.0
2026-06-18T02:59:03,ERR,ERR,ERR,ERR,ERR,ERR,ERR,ERR,ERR,ERR,ERR,ERR,ERR,ERR,ERR,ERR,ERR,ERR,ERR,ERR,ERR,ERR,ERR,ERR,ERR,ERR,ERR,ERR,ERR,ERR,ERR,ERR,ERR,ERR,ERR,ERR,ERR,ERR,ERR,ERR,ERR,ERR,ERR,ERR,ERR,ERR,ERR,ERR,ERR,ERR,ERR,ERR,ERR,ERR,ERR,ERR,ERR,ERR,ERR,ERR,ERR,ERR,ERR,ERR,ERR,ERR,ERR,ERR,ERR,ERR,ERR,ERR,ERR,ERR,ERR,ERR,ERR,ERR,ERR,ERR,ERR,ERR,ERR,ERR,ERR,ERR,ERR,ERR,ERR,ERR,ERR,ERR,ERR,ERR,ERR,ERR,ERR,ERR,ERR,ERR,ERR,ERR,ERR,ERR,ERR,ERR,ERR,ERR,ERR,ERR,ERR,ERR,ERR,ERR,ERR,ERR,ERR,ERR,ERR,ERR,ERR,ERR,ERR,ERR,ERR,0.0,-107615384.0,-0.0,0.0,nan,1.3936040501711995e+18,7.805,1.1676894923321382e+24,0,0,4,48926,6720,14723890282496.0,100,0.0,0.0,0.0,0.0,0.0,0,0,0,0,0.0,0,0,0,0,0,0,0,0,0,0,0,0,0,0,0,0,0,0,0,0,0,0,0,0,0,0,0,0,0,0,0,0,0,26,51,50,76,65476,0,300,0,0,8,21553,0.0,-107605600.0,0.0,0.0,0.0,0.0,0.0,0.0,0.0,0.0,0.0,0.0,0.0,0.0,0.0,0.0,0.0,0.0,0.0,0.0,0.0,0.0,2.004,-2.004,2.004,0.0,0.0,0.0,0.0,0.0,4840.0,0.0,7237.0,0.0,-107615384.0,0.0,0.0,0.0,0.0,0.0,0.0,77,-0.0,5.848052910173703e+35,0.0,0.0,0.0,0.0,0.0,0.0,0.0,0,0,0,0.0,0.0,0.0,0.0,0.0,0.0,0.0,0.0,0.0,0.0,0.0,0.0,0.0,0.0,0.0,0.0,0,-107875648.0,77,0.0,154,0.0,2.6533865130338155e+23,ERR,ERR,ERR,ERR,ERR,ERR,ERR,ERR,ERR,ERR,ERR,ERR,ERR,ERR,ERR,ERR,ERR,ERR,ERR,ERR,ERR,ERR,ERR,ERR,ERR,ERR,ERR,ERR,ERR,ERR,ERR,ERR,ERR,ERR,ERR,ERR,ERR,ERR,ERR,ERR,ERR,ERR,ERR,ERR,ERR,ERR,ERR,ERR,ERR,ERR,ERR,ERR,ERR,ERR,ERR,ERR,ERR,ERR,ERR,ERR,ERR,ERR,ERR,ERR,ERR,ERR,ERR,34.0,80.0,35,0.0,0.0,0.0,0.0,0.0,0.0,0.0,0.0,0.0,0.0,0.0,0.0,0.0,0.0,0.0,0.0,65.6,0,118,57,53,65476,0,300,0,0,8,20529,65476,0,0,57672,80.0,0.0,0.0,0.0,0.0,0.0
2026-06-18T02:59:04,ERR,ERR,ERR,ERR,ERR,ERR,ERR,ERR,ERR,ERR,ERR,ERR,ERR,ERR,ERR,ERR,ERR,ERR,ERR,ERR,ERR,ERR,ERR,ERR,ERR,ERR,ERR,ERR,ERR,ERR,ERR,ERR,ERR,ERR,ERR,ERR,ERR,ERR,ERR,ERR,ERR,ERR,ERR,ERR,ERR,ERR,ERR,ERR,ERR,ERR,ERR,ERR,ERR,ERR,ERR,ERR,ERR,ERR,ERR,ERR,ERR,ERR,ERR,ERR,ERR,ERR,ERR,ERR,ERR,ERR,ERR,ERR,ERR,ERR,ERR,ERR,ERR,ERR,ERR,ERR,ERR,ERR,ERR,ERR,ERR,ERR,ERR,ERR,ERR,ERR,ERR,ERR,ERR,ERR,ERR,ERR,ERR,ERR,ERR,ERR,ERR,ERR,ERR,ERR,ERR,ERR,ERR,ERR,ERR,ERR,ERR,ERR,ERR,ERR,ERR,ERR,ERR,ERR,ERR,ERR,ERR,ERR,ERR,ERR,ERR,0.0,-107615384.0,-0.0,0.0,nan,1.3936040501711995e+18,7.805,1.1676894923321382e+24,0,0,4,48926,6720,14723890282496.0,100,0.0,0.0,0.0,0.0,0.0,0,0,0,0,0.0,0,0,0,0,0,0,0,0,0,0,0,0,0,0,0,0,0,0,0,0,0,0,0,0,0,0,0,0,0,0,0,0,0,26,51,50,76,65476,0,300,0,0,8,21553,0.0,-107605600.0,0.0,0.0,0.0,0.0,0.0,0.0,0.0,0.0,0.0,0.0,0.0,0.0,0.0,0.0,0.0,0.0,0.0,0.0,0.0,0.0,2.004,-2.004,2.004,0.0,0.0,0.0,0.0,0.0,4840.0,0.0,7237.0,0.0,-107615384.0,0.0,0.0,0.0,0.0,0.0,0.0,77,-0.0,5.848052910173703e+35,0.0,0.0,0.0,0.0,0.0,0.0,0.0,0,0,0,0.0,0.0,0.0,0.0,0.0,0.0,0.0,0.0,0.0,0.0,0.0,0.0,0.0,0.0,0.0,0.0,0,-107875648.0,77,0.0,154,0.0,2.6533865130338155e+23,ERR,ERR,ERR,ERR,ERR,ERR,ERR,ERR,ERR,ERR,ERR,ERR,ERR,ERR,ERR,ERR,ERR,ERR,ERR,ERR,ERR,ERR,ERR,ERR,ERR,ERR,ERR,ERR,ERR,ERR,ERR,ERR,ERR,ERR,ERR,ERR,ERR,ERR,ERR,ERR,ERR,ERR,ERR,ERR,ERR,ERR,ERR,ERR,ERR,ERR,ERR,ERR,ERR,ERR,ERR,ERR,ERR,ERR,ERR,ERR,ERR,ERR,ERR,ERR,ERR,ERR,ERR,34.0,80.0,35,0.0,0.0,0.0,0.0,0.0,0.0,0.0,0.0,0.0,0.0,0.0,0.0,0.0,0.0,0.0,0.0,65.6,0,118,57,53,65476,0,300,0,0,8,20529,65476,0,0,57672,80.0,0.0,0.0,0.0,0.0,0.0
2026-06-18T02:59:05,ERR,ERR,ERR,ERR,ERR,ERR,ERR,ERR,ERR,ERR,ERR,ERR,ERR,ERR,ERR,ERR,ERR,ERR,ERR,ERR,ERR,ERR,ERR,ERR,ERR,ERR,ERR,ERR,ERR,ERR,ERR,ERR,ERR,ERR,ERR,ERR,ERR,ERR,ERR,ERR,ERR,ERR,ERR,ERR,ERR,ERR,ERR,ERR,ERR,ERR,ERR,ERR,ERR,ERR,ERR,ERR,ERR,ERR,ERR,ERR,ERR,ERR,ERR,ERR,ERR,ERR,ERR,ERR,ERR,ERR,ERR,ERR,ERR,ERR,ERR,ERR,ERR,ERR,ERR,ERR,ERR,ERR,ERR,ERR,ERR,ERR,ERR,ERR,ERR,ERR,ERR,ERR,ERR,ERR,ERR,ERR,ERR,ERR,ERR,ERR,ERR,ERR,ERR,ERR,ERR,ERR,ERR,ERR,ERR,ERR,ERR,ERR,ERR,ERR,ERR,ERR,ERR,ERR,ERR,ERR,ERR,ERR,ERR,ERR,ERR,0.0,-107615384.0,-0.0,0.0,nan,1.3936040501711995e+18,7.805,1.1676894923321382e+24,0,0,4,48926,6720,14723890282496.0,100,0.0,0.0,0.0,0.0,0.0,0,0,0,0,0.0,0,0,0,0,0,0,0,0,0,0,0,0,0,0,0,0,0,0,0,0,0,0,0,0,0,0,0,0,0,0,0,0,0,26,51,50,76,65476,0,300,0,0,8,21553,0.0,-107605600.0,0.0,0.0,0.0,0.0,0.0,0.0,0.0,0.0,0.0,0.0,0.0,0.0,0.0,0.0,0.0,0.0,0.0,0.0,0.0,0.0,2.004,-2.004,2.004,0.0,0.0,0.0,0.0,0.0,4840.0,0.0,7237.0,0.0,-107615384.0,0.0,0.0,0.0,0.0,0.0,0.0,77,-0.0,5.848052910173703e+35,0.0,0.0,0.0,0.0,0.0,0.0,0.0,0,0,0,0.0,0.0,0.0,0.0,0.0,0.0,0.0,0.0,0.0,0.0,0.0,0.0,0.0,0.0,0.0,0.0,0,-107875648.0,77,0.0,154,0.0,2.6533865130338155e+23,ERR,ERR,ERR,ERR,ERR,ERR,ERR,ERR,ERR,ERR,ERR,ERR,ERR,ERR,ERR,ERR,ERR,ERR,ERR,ERR,ERR,ERR,ERR,ERR,ERR,ERR,ERR,ERR,ERR,ERR,ERR,ERR,ERR,ERR,ERR,ERR,ERR,ERR,ERR,ERR,ERR,ERR,ERR,ERR,ERR,ERR,ERR,ERR,ERR,ERR,ERR,ERR,ERR,ERR,ERR,ERR,ERR,ERR,ERR,ERR,ERR,ERR,ERR,ERR,ERR,ERR,ERR,34.0,80.0,35,0.0,0.0,0.0,0.0,0.0,0.0,0.0,0.0,0.0,0.0,0.0,0.0,0.0,0.0,0.0,0.0,65.6,0,118,57,53,65476,0,300,0,0,8,20529,65476,0,0,57672,80.0,0.0,0.0,0.0,0.0,0.0
2026-06-18T02:59:06,ERR,ERR,ERR,ERR,ERR,ERR,ERR,ERR,ERR,ERR,ERR,ERR,ERR,ERR,ERR,ERR,ERR,ERR,ERR,ERR,ERR,ERR,ERR,ERR,ERR,ERR,ERR,ERR,ERR,ERR,ERR,ERR,ERR,ERR,ERR,ERR,ERR,ERR,ERR,ERR,ERR,ERR,ERR,ERR,ERR,ERR,ERR,ERR,ERR,ERR,ERR,ERR,ERR,ERR,ERR,ERR,ERR,ERR,ERR,ERR,ERR,ERR,ERR,ERR,ERR,ERR,ERR,ERR,ERR,ERR,ERR,ERR,ERR,ERR,ERR,ERR,ERR,ERR,ERR,ERR,ERR,ERR,ERR,ERR,ERR,ERR,ERR,ERR,ERR,ERR,ERR,ERR,ERR,ERR,ERR,ERR,ERR,ERR,ERR,ERR,ERR,ERR,ERR,ERR,ERR,ERR,ERR,ERR,ERR,ERR,ERR,ERR,ERR,ERR,ERR,ERR,ERR,ERR,ERR,ERR,ERR,ERR,ERR,ERR,ERR,0.0,-107615384.0,-0.0,0.0,nan,1.3936040501711995e+18,7.805,1.1676894923321382e+24,0,0,4,48926,6720,14723890282496.0,100,0.0,0.0,0.0,0.0,0.0,0,0,0,0,0.0,0,0,0,0,0,0,0,0,0,0,0,0,0,0,0,0,0,0,0,0,0,0,0,0,0,0,0,0,0,0,0,0,0,26,51,50,76,65476,0,300,0,0,8,21553,0.0,-107605600.0,0.0,0.0,0.0,0.0,0.0,0.0,0.0,0.0,0.0,0.0,0.0,0.0,0.0,0.0,0.0,0.0,0.0,0.0,0.0,0.0,2.004,-2.004,2.004,0.0,0.0,0.0,0.0,0.0,4840.0,0.0,7237.0,0.0,-107615384.0,0.0,0.0,0.0,0.0,0.0,0.0,77,-0.0,5.848052910173703e+35,0.0,0.0,0.0,0.0,0.0,0.0,0.0,0,0,0,0.0,0.0,0.0,0.0,0.0,0.0,0.0,0.0,0.0,0.0,0.0,0.0,0.0,0.0,0.0,0.0,0,-107875648.0,77,0.0,154,0.0,2.6533865130338155e+23,ERR,ERR,ERR,ERR,ERR,ERR,ERR,ERR,ERR,ERR,ERR,ERR,ERR,ERR,ERR,ERR,ERR,ERR,ERR,ERR,ERR,ERR,ERR,ERR,ERR,ERR,ERR,ERR,ERR,ERR,ERR,ERR,ERR,ERR,ERR,ERR,ERR,ERR,ERR,ERR,ERR,ERR,ERR,ERR,ERR,ERR,ERR,ERR,ERR,ERR,ERR,ERR,ERR,ERR,ERR,ERR,ERR,ERR,ERR,ERR,ERR,ERR,ERR,ERR,ERR,ERR,ERR,34.0,80.0,35,0.0,0.0,0.0,0.0,0.0,0.0,0.0,0.0,0.0,0.0,0.0,0.0,0.0,0.0,0.0,0.0,65.6,0,118,57,53,65476,0,300,0,0,8,20529,65476,0,0,57672,80.0,0.0,0.0,0.0,0.0,0.0
2026-06-18T02:59:07,ERR,ERR,ERR,ERR,ERR,ERR,ERR,ERR,ERR,ERR,ERR,ERR,ERR,ERR,ERR,ERR,ERR,ERR,ERR,ERR,ERR,ERR,ERR,ERR,ERR,ERR,ERR,ERR,ERR,ERR,ERR,ERR,ERR,ERR,ERR,ERR,ERR,ERR,ERR,ERR,ERR,ERR,ERR,ERR,ERR,ERR,ERR,ERR,ERR,ERR,ERR,ERR,ERR,ERR,ERR,ERR,ERR,ERR,ERR,ERR,ERR,ERR,ERR,ERR,ERR,ERR,ERR,ERR,ERR,ERR,ERR,ERR,ERR,ERR,ERR,ERR,ERR,ERR,ERR,ERR,ERR,ERR,ERR,ERR,ERR,ERR,ERR,ERR,ERR,ERR,ERR,ERR,ERR,ERR,ERR,ERR,ERR,ERR,ERR,ERR,ERR,ERR,ERR,ERR,ERR,ERR,ERR,ERR,ERR,ERR,ERR,ERR,ERR,ERR,ERR,ERR,ERR,ERR,ERR,ERR,ERR,ERR,ERR,ERR,ERR,0.0,-107615384.0,-0.0,-4.9501291711397626e+32,nan,1.3936040501711995e+18,7.805,-0.0,0,0,4,48933,6720,14723890282496.0,100,0.0,0.0,0.0,-4.9501291711397626e+32,0.0,0,0,0,0,0.0,0,0,0,0,0,0,0,0,0,0,0,0,0,0,0,0,0,0,0,0,0,0,0,0,0,0,0,0,0,0,0,0,0,26,51,50,76,65476,0,300,0,0,8,21553,0.0,-107605600.0,0.0,0.0,0.0,0.0,0.0,0.0,0.0,0.0,0.0,0.0,0.0,0.0,0.0,0.0,0.0,0.0,0.0,0.0,0.0,0.0,2.004,-2.004,2.004,0.0,0.0,0.0,0.0,0.0,4843.0,0.0,7237.0,0.0,-107615384.0,0.0,0.0,0.0,0.0,0.0,0.0,77,-0.0,5.848052910173703e+35,0.0,0.0,0.0,0.0,0.0,0.0,0.0,0,0,0,0.0,0.0,0.0,0.0,0.0,0.0,0.0,0.0,0.0,0.0,0.0,0.0,0.0,0.0,0.0,0.0,0,-107875648.0,77,0.0,154,0.0,2.6533865130338155e+23,ERR,ERR,ERR,ERR,ERR,ERR,ERR,ERR,ERR,ERR,ERR,ERR,ERR,ERR,ERR,ERR,ERR,ERR,ERR,ERR,ERR,ERR,ERR,ERR,ERR,ERR,ERR,ERR,ERR,ERR,ERR,ERR,ERR,ERR,ERR,ERR,ERR,ERR,ERR,ERR,ERR,ERR,ERR,ERR,ERR,ERR,ERR,ERR,ERR,ERR,ERR,ERR,ERR,ERR,ERR,ERR,ERR,ERR,ERR,ERR,ERR,ERR,ERR,ERR,ERR,ERR,ERR,34.0,80.0,35,0.0,0.0,0.0,0.0,0.0,0.0,0.0,0.0,0.0,0.0,0.0,0.0,0.0,0.0,0.0,0.0,65.6,0,118,57,53,65476,0,300,0,0,8,20529,65476,0,0,57672,80.0,0.0,0.0,0.0,0.0,0.0
2026-06-18T02:59:08,ERR,ERR,ERR,ERR,ERR,ERR,ERR,ERR,ERR,ERR,ERR,ERR,ERR,ERR,ERR,ERR,ERR,ERR,ERR,ERR,ERR,ERR,ERR,ERR,ERR,ERR,ERR,ERR,ERR,ERR,ERR,ERR,ERR,ERR,ERR,ERR,ERR,ERR,ERR,ERR,ERR,ERR,ERR,ERR,ERR,ERR,ERR,ERR,ERR,ERR,ERR,ERR,ERR,ERR,ERR,ERR,ERR,ERR,ERR,ERR,ERR,ERR,ERR,ERR,ERR,ERR,ERR,ERR,ERR,ERR,ERR,ERR,ERR,ERR,ERR,ERR,ERR,ERR,ERR,ERR,ERR,ERR,ERR,ERR,ERR,ERR,ERR,ERR,ERR,ERR,ERR,ERR,ERR,ERR,ERR,ERR,ERR,ERR,ERR,ERR,ERR,ERR,ERR,ERR,ERR,ERR,ERR,ERR,ERR,ERR,ERR,ERR,ERR,ERR,ERR,ERR,ERR,ERR,ERR,ERR,ERR,ERR,ERR,ERR,ERR,0.0,-107615384.0,-0.0,-4.9501291711397626e+32,nan,1.3936040501711995e+18,7.805,-0.0,0,0,4,48933,6720,14723890282496.0,100,0.0,0.0,0.0,-4.9501291711397626e+32,0.0,0,0,0,0,0.0,0,0,0,0,0,0,0,0,0,0,0,0,0,0,0,0,0,0,0,0,0,0,0,0,0,0,0,0,0,0,0,0,0,26,51,50,76,65476,0,300,0,0,8,21553,0.0,-107605600.0,0.0,0.0,0.0,0.0,0.0,0.0,0.0,0.0,0.0,0.0,0.0,0.0,0.0,0.0,0.0,0.0,0.0,0.0,0.0,0.0,2.004,-2.004,2.004,0.0,0.0,0.0,0.0,0.0,4843.0,0.0,7237.0,0.0,-107615384.0,0.0,0.0,0.0,0.0,0.0,0.0,77,-0.0,5.848052910173703e+35,0.0,0.0,0.0,0.0,0.0,0.0,0.0,0,0,0,0.0,0.0,0.0,0.0,0.0,0.0,0.0,0.0,0.0,0.0,0.0,0.0,0.0,0.0,0.0,0.0,0,-107875648.0,77,0.0,154,0.0,2.6533865130338155e+23,ERR,ERR,ERR,ERR,ERR,ERR,ERR,ERR,ERR,ERR,ERR,ERR,ERR,ERR,ERR,ERR,ERR,ERR,ERR,ERR,ERR,ERR,ERR,ERR,ERR,ERR,ERR,ERR,ERR,ERR,ERR,ERR,ERR,ERR,ERR,ERR,ERR,ERR,ERR,ERR,ERR,ERR,ERR,ERR,ERR,ERR,ERR,ERR,ERR,ERR,ERR,ERR,ERR,ERR,ERR,ERR,ERR,ERR,ERR,ERR,ERR,ERR,ERR,ERR,ERR,ERR,ERR,34.0,80.0,35,0.0,0.0,0.0,0.0,0.0,0.0,0.0,0.0,0.0,0.0,0.0,0.0,0.0,0.0,0.0,0.0,66.0,0,118,57,53,65476,0,300,0,0,8,20529,65476,0,0,57672,80.0,0.0,0.0,0.0,0.0,0.0
2026-06-18T02:59:09,ERR,ERR,ERR,ERR,ERR,ERR,ERR,ERR,ERR,ERR,ERR,ERR,ERR,ERR,ERR,ERR,ERR,ERR,ERR,ERR,ERR,ERR,ERR,ERR,ERR,ERR,ERR,ERR,ERR,ERR,ERR,ERR,ERR,ERR,ERR,ERR,ERR,ERR,ERR,ERR,ERR,ERR,ERR,ERR,ERR,ERR,ERR,ERR,ERR,ERR,ERR,ERR,ERR,ERR,ERR,ERR,ERR,ERR,ERR,ERR,ERR,ERR,ERR,ERR,ERR,ERR,ERR,ERR,ERR,ERR,ERR,ERR,ERR,ERR,ERR,ERR,ERR,ERR,ERR,ERR,ERR,ERR,ERR,ERR,ERR,ERR,ERR,ERR,ERR,ERR,ERR,ERR,ERR,ERR,ERR,ERR,ERR,ERR,ERR,ERR,ERR,ERR,ERR,ERR,ERR,ERR,ERR,ERR,ERR,ERR,ERR,ERR,ERR,ERR,ERR,ERR,ERR,ERR,ERR,ERR,ERR,ERR,ERR,ERR,ERR,0.0,-107615384.0,-0.0,-4.9501291711397626e+32,nan,1.3936040501711995e+18,7.805,-0.0,0,0,4,48933,6720,14723890282496.0,100,0.0,0.0,0.0,-4.9501291711397626e+32,0.0,0,0,0,0,0.0,0,0,0,0,0,0,0,0,0,0,0,0,0,0,0,0,0,0,0,0,0,0,0,0,0,0,0,0,0,0,0,0,0,26,51,50,76,65476,0,300,0,0,8,21553,0.0,-107605600.0,0.0,0.0,0.0,0.0,0.0,0.0,0.0,0.0,0.0,0.0,0.0,0.0,0.0,0.0,0.0,0.0,0.0,0.0,0.0,0.0,2.004,-2.004,2.004,0.0,0.0,0.0,0.0,0.0,4843.0,0.0,7237.0,0.0,-107615384.0,0.0,0.0,0.0,0.0,0.0,0.0,77,-0.0,5.848052910173703e+35,0.0,0.0,0.0,0.0,0.0,0.0,0.0,0,0,0,0.0,0.0,0.0,0.0,0.0,0.0,0.0,0.0,0.0,0.0,0.0,0.0,0.0,0.0,0.0,0.0,0,-107875648.0,77,0.0,154,0.0,2.6533865130338155e+23,ERR,ERR,ERR,ERR,ERR,ERR,ERR,ERR,ERR,ERR,ERR,ERR,ERR,ERR,ERR,ERR,ERR,ERR,ERR,ERR,ERR,ERR,ERR,ERR,ERR,ERR,ERR,ERR,ERR,ERR,ERR,ERR,ERR,ERR,ERR,ERR,ERR,ERR,ERR,ERR,ERR,ERR,ERR,ERR,ERR,ERR,ERR,ERR,ERR,ERR,ERR,ERR,ERR,ERR,ERR,ERR,ERR,ERR,ERR,ERR,ERR,ERR,ERR,ERR,ERR,ERR,ERR,34.0,80.0,35,0.0,0.0,0.0,0.0,0.0,0.0,0.0,0.0,0.0,0.0,0.0,0.0,0.0,0.0,0.0,0.0,66.0,0,118,57,53,65476,0,300,0,0,8,20529,65476,0,0,57672,80.0,0.0,0.0,0.0,0.0,0.0
2026-06-18T02:59:10,ERR,ERR,ERR,ERR,ERR,ERR,ERR,ERR,ERR,ERR,ERR,ERR,ERR,ERR,ERR,ERR,ERR,ERR,ERR,ERR,ERR,ERR,ERR,ERR,ERR,ERR,ERR,ERR,ERR,ERR,ERR,ERR,ERR,ERR,ERR,ERR,ERR,ERR,ERR,ERR,ERR,ERR,ERR,ERR,ERR,ERR,ERR,ERR,ERR,ERR,ERR,ERR,ERR,ERR,ERR,ERR,ERR,ERR,ERR,ERR,ERR,ERR,ERR,ERR,ERR,ERR,ERR,ERR,ERR,ERR,ERR,ERR,ERR,ERR,ERR,ERR,ERR,ERR,ERR,ERR,ERR,ERR,ERR,ERR,ERR,ERR,ERR,ERR,ERR,ERR,ERR,ERR,ERR,ERR,ERR,ERR,ERR,ERR,ERR,ERR,ERR,ERR,ERR,ERR,ERR,ERR,ERR,ERR,ERR,ERR,ERR,ERR,ERR,ERR,ERR,ERR,ERR,ERR,ERR,ERR,ERR,ERR,ERR,ERR,ERR,0.0,-107615384.0,-0.0,-4.9501291711397626e+32,nan,1.3936040501711995e+18,7.805,-0.0,0,0,4,48933,6720,14723890282496.0,100,0.0,0.0,0.0,-4.9501291711397626e+32,0.0,0,0,0,0,0.0,0,0,0,0,0,0,0,0,0,0,0,0,0,0,0,0,0,0,0,0,0,0,0,0,0,0,0,0,0,0,0,0,0,26,51,50,76,65476,0,300,0,0,8,21553,0.0,-107605600.0,0.0,0.0,0.0,0.0,0.0,0.0,0.0,0.0,0.0,0.0,0.0,0.0,0.0,0.0,0.0,0.0,0.0,0.0,0.0,0.0,2.004,-2.004,2.004,0.0,0.0,0.0,0.0,0.0,4843.0,0.0,7237.0,0.0,-107615384.0,0.0,0.0,0.0,0.0,0.0,0.0,77,-0.0,5.848052910173703e+35,0.0,0.0,0.0,0.0,0.0,0.0,0.0,0,0,0,0.0,0.0,0.0,0.0,0.0,0.0,0.0,0.0,0.0,0.0,0.0,0.0,0.0,0.0,0.0,0.0,0,-107875648.0,77,0.0,154,0.0,2.6533865130338155e+23,ERR,ERR,ERR,ERR,ERR,ERR,ERR,ERR,ERR,ERR,ERR,ERR,ERR,ERR,ERR,ERR,ERR,ERR,ERR,ERR,ERR,ERR,ERR,ERR,ERR,ERR,ERR,ERR,ERR,ERR,ERR,ERR,ERR,ERR,ERR,ERR,ERR,ERR,ERR,ERR,ERR,ERR,ERR,ERR,ERR,ERR,ERR,ERR,ERR,ERR,ERR,ERR,ERR,ERR,ERR,ERR,ERR,ERR,ERR,ERR,ERR,ERR,ERR,ERR,ERR,ERR,ERR,34.0,80.0,35,0.0,0.0,0.0,0.0,0.0,0.0,0.0,0.0,0.0,0.0,0.0,0.0,0.0,0.0,0.0,0.0,65.6,0,118,57,53,65476,0,300,0,0,8,20529,65476,0,0,57672,80.0,0.0,0.0,0.0,0.0,0.0
2026-06-18T02:59:11,ERR,ERR,ERR,ERR,ERR,ERR,ERR,ERR,ERR,ERR,ERR,ERR,ERR,ERR,ERR,ERR,ERR,ERR,ERR,ERR,ERR,ERR,ERR,ERR,ERR,ERR,ERR,ERR,ERR,ERR,ERR,ERR,ERR,ERR,ERR,ERR,ERR,ERR,ERR,ERR,ERR,ERR,ERR,ERR,ERR,ERR,ERR,ERR,ERR,ERR,ERR,ERR,ERR,ERR,ERR,ERR,ERR,ERR,ERR,ERR,ERR,ERR,ERR,ERR,ERR,ERR,ERR,ERR,ERR,ERR,ERR,ERR,ERR,ERR,ERR,ERR,ERR,ERR,ERR,ERR,ERR,ERR,ERR,ERR,ERR,ERR,ERR,ERR,ERR,ERR,ERR,ERR,ERR,ERR,ERR,ERR,ERR,ERR,ERR,ERR,ERR,ERR,ERR,ERR,ERR,ERR,ERR,ERR,ERR,ERR,ERR,ERR,ERR,ERR,ERR,ERR,ERR,ERR,ERR,ERR,ERR,ERR,ERR,ERR,ERR,0.0,-107615384.0,-0.0,-4.9501291711397626e+32,nan,1.3936040501711995e+18,7.805,-0.0,0,0,4,48933,6720,14723890282496.0,100,0.0,0.0,0.0,-4.9501291711397626e+32,0.0,0,0,0,0,0.0,0,0,0,0,0,0,0,0,0,0,0,0,0,0,0,0,0,0,0,0,0,0,0,0,0,0,0,0,0,0,0,0,0,26,51,50,76,65476,0,300,0,0,8,21553,0.0,-107605600.0,0.0,0.0,0.0,0.0,0.0,0.0,0.0,0.0,0.0,0.0,0.0,0.0,0.0,0.0,0.0,0.0,0.0,0.0,0.0,0.0,2.004,-2.004,2.004,0.0,0.0,0.0,0.0,0.0,4843.0,0.0,7237.0,0.0,-107615384.0,0.0,0.0,0.0,0.0,0.0,0.0,77,-0.0,5.848052910173703e+35,0.0,0.0,0.0,0.0,0.0,0.0,0.0,0,0,0,0.0,0.0,0.0,0.0,0.0,0.0,0.0,0.0,0.0,0.0,0.0,0.0,0.0,0.0,0.0,0.0,0,-107875648.0,77,0.0,154,0.0,2.6533865130338155e+23,ERR,ERR,ERR,ERR,ERR,ERR,ERR,ERR,ERR,ERR,ERR,ERR,ERR,ERR,ERR,ERR,ERR,ERR,ERR,ERR,ERR,ERR,ERR,ERR,ERR,ERR,ERR,ERR,ERR,ERR,ERR,ERR,ERR,ERR,ERR,ERR,ERR,ERR,ERR,ERR,ERR,ERR,ERR,ERR,ERR,ERR,ERR,ERR,ERR,ERR,ERR,ERR,ERR,ERR,ERR,ERR,ERR,ERR,ERR,ERR,ERR,ERR,ERR,ERR,ERR,ERR,ERR,34.0,80.0,35,0.0,0.0,0.0,0.0,0.0,0.0,0.0,0.0,0.0,0.0,0.0,0.0,0.0,0.0,0.0,0.0,65.6,0,118,57,53,65476,0,300,0,0,8,20529,65476,0,0,57672,80.0,0.0,0.0,0.0,0.0,0.0
2026-06-18T02:59:12,ERR,ERR,ERR,ERR,ERR,ERR,ERR,ERR,ERR,ERR,ERR,ERR,ERR,ERR,ERR,ERR,ERR,ERR,ERR,ERR,ERR,ERR,ERR,ERR,ERR,ERR,ERR,ERR,ERR,ERR,ERR,ERR,ERR,ERR,ERR,ERR,ERR,ERR,ERR,ERR,ERR,ERR,ERR,ERR,ERR,ERR,ERR,ERR,ERR,ERR,ERR,ERR,ERR,ERR,ERR,ERR,ERR,ERR,ERR,ERR,ERR,ERR,ERR,ERR,ERR,ERR,ERR,ERR,ERR,ERR,ERR,ERR,ERR,ERR,ERR,ERR,ERR,ERR,ERR,ERR,ERR,ERR,ERR,ERR,ERR,ERR,ERR,ERR,ERR,ERR,ERR,ERR,ERR,ERR,ERR,ERR,ERR,ERR,ERR,ERR,ERR,ERR,ERR,ERR,ERR,ERR,ERR,ERR,ERR,ERR,ERR,ERR,ERR,ERR,ERR,ERR,ERR,ERR,ERR,ERR,ERR,ERR,ERR,ERR,ERR,0.0,-107615384.0,-0.0,-0.0,nan,1.3936040501711995e+18,7.805,-0.0,0,0,4,48935,6720,14723890282496.0,100,0.0,0.0,0.0,-152005385388032.0,0.0,0,0,0,0,0.0,0,0,0,0,0,0,0,0,0,0,0,0,0,0,0,0,0,0,0,0,0,0,0,0,0,0,0,0,0,0,0,0,0,26,51,50,76,65476,0,300,0,0,8,21553,0.0,-107605600.0,0.0,0.0,0.0,0.0,0.0,0.0,0.0,0.0,0.0,0.0,0.0,0.0,0.0,0.0,0.0,0.0,0.0,0.0,0.0,0.0,2.004,-2.004,2.004,0.0,0.0,0.0,0.0,0.0,4808.0,0.0,7232.0,0.0,-107615384.0,0.0,0.0,0.0,0.0,0.0,0.0,77,-0.0,89220.508,0.0,0.0,0.0,0.0,0.0,0.0,0.0,0,0,0,0.0,0.0,0.0,0.0,0.0,0.0,0.0,0.0,0.0,0.0,0.0,0.0,0.0,0.0,0.0,0.0,0,-107875648.0,77,0.0,154,0.0,2.6533865130338155e+23,ERR,ERR,ERR,ERR,ERR,ERR,ERR,ERR,ERR,ERR,ERR,ERR,ERR,ERR,ERR,ERR,ERR,ERR,ERR,ERR,ERR,ERR,ERR,ERR,ERR,ERR,ERR,ERR,ERR,ERR,ERR,ERR,ERR,ERR,ERR,ERR,ERR,ERR,ERR,ERR,ERR,ERR,ERR,ERR,ERR,ERR,ERR,ERR,ERR,ERR,ERR,ERR,ERR,ERR,ERR,ERR,ERR,ERR,ERR,ERR,ERR,ERR,ERR,ERR,ERR,ERR,ERR,34.0,80.0,35,0.0,0.0,0.0,0.0,0.0,0.0,0.0,0.0,0.0,0.0,0.0,0.0,0.0,0.0,0.0,0.0,65.6,0,118,57,53,65476,0,300,0,0,8,20529,65476,0,0,57672,80.0,0.0,0.0,0.0,0.0,0.0
2026-06-18T02:59:13,ERR,ERR,ERR,ERR,ERR,ERR,ERR,ERR,ERR,ERR,ERR,ERR,ERR,ERR,ERR,ERR,ERR,ERR,ERR,ERR,ERR,ERR,ERR,ERR,ERR,ERR,ERR,ERR,ERR,ERR,ERR,ERR,ERR,ERR,ERR,ERR,ERR,ERR,ERR,ERR,ERR,ERR,ERR,ERR,ERR,ERR,ERR,ERR,ERR,ERR,ERR,ERR,ERR,ERR,ERR,ERR,ERR,ERR,ERR,ERR,ERR,ERR,ERR,ERR,ERR,ERR,ERR,ERR,ERR,ERR,ERR,ERR,ERR,ERR,ERR,ERR,ERR,ERR,ERR,ERR,ERR,ERR,ERR,ERR,ERR,ERR,ERR,ERR,ERR,ERR,ERR,ERR,ERR,ERR,ERR,ERR,ERR,ERR,ERR,ERR,ERR,ERR,ERR,ERR,ERR,ERR,ERR,ERR,ERR,ERR,ERR,ERR,ERR,ERR,ERR,ERR,ERR,ERR,ERR,ERR,ERR,ERR,ERR,ERR,ERR,0.0,-107615384.0,-0.0,-0.0,nan,1.3936040501711995e+18,7.805,-0.0,0,0,4,48935,6720,14723890282496.0,100,0.0,0.0,0.0,-152005385388032.0,0.0,0,0,0,0,0.0,0,0,0,0,0,0,0,0,0,0,0,0,0,0,0,0,0,0,0,0,0,0,0,0,0,0,0,0,0,0,0,0,0,26,51,50,76,65476,0,300,0,0,8,21553,0.0,-107605600.0,0.0,0.0,0.0,0.0,0.0,0.0,0.0,0.0,0.0,0.0,0.0,0.0,0.0,0.0,0.0,0.0,0.0,0.0,0.0,0.0,2.004,-2.004,2.004,0.0,0.0,0.0,0.0,0.0,4808.0,0.0,7232.0,0.0,-107615384.0,0.0,0.0,0.0,0.0,0.0,0.0,77,-0.0,89220.508,0.0,0.0,0.0,0.0,0.0,0.0,0.0,0,0,0,0.0,0.0,0.0,0.0,0.0,0.0,0.0,0.0,0.0,0.0,0.0,0.0,0.0,0.0,0.0,0.0,0,-107875648.0,77,0.0,154,0.0,2.6533865130338155e+23,ERR,ERR,ERR,ERR,ERR,ERR,ERR,ERR,ERR,ERR,ERR,ERR,ERR,ERR,ERR,ERR,ERR,ERR,ERR,ERR,ERR,ERR,ERR,ERR,ERR,ERR,ERR,ERR,ERR,ERR,ERR,ERR,ERR,ERR,ERR,ERR,ERR,ERR,ERR,ERR,ERR,ERR,ERR,ERR,ERR,ERR,ERR,ERR,ERR,ERR,ERR,ERR,ERR,ERR,ERR,ERR,ERR,ERR,ERR,ERR,ERR,ERR,ERR,ERR,ERR,ERR,ERR,34.0,80.0,35,0.0,0.0,0.0,0.0,0.0,0.0,0.0,0.0,0.0,0.0,0.0,0.0,0.0,0.0,0.0,0.0,65.6,0,118,57,53,65476,0,300,0,0,8,20529,65476,0,0,57672,80.0,0.0,0.0,0.0,0.0,0.0
2026-06-18T02:59:14,ERR,ERR,ERR,ERR,ERR,ERR,ERR,ERR,ERR,ERR,ERR,ERR,ERR,ERR,ERR,ERR,ERR,ERR,ERR,ERR,ERR,ERR,ERR,ERR,ERR,ERR,ERR,ERR,ERR,ERR,ERR,ERR,ERR,ERR,ERR,ERR,ERR,ERR,ERR,ERR,ERR,ERR,ERR,ERR,ERR,ERR,ERR,ERR,ERR,ERR,ERR,ERR,ERR,ERR,ERR,ERR,ERR,ERR,ERR,ERR,ERR,ERR,ERR,ERR,ERR,ERR,ERR,ERR,ERR,ERR,ERR,ERR,ERR,ERR,ERR,ERR,ERR,ERR,ERR,ERR,ERR,ERR,ERR,ERR,ERR,ERR,ERR,ERR,ERR,ERR,ERR,ERR,ERR,ERR,ERR,ERR,ERR,ERR,ERR,ERR,ERR,ERR,ERR,ERR,ERR,ERR,ERR,ERR,ERR,ERR,ERR,ERR,ERR,ERR,ERR,ERR,ERR,ERR,ERR,ERR,ERR,ERR,ERR,ERR,ERR,0.0,-107615384.0,-0.0,-0.0,nan,1.3936040501711995e+18,7.805,-0.0,0,0,4,48935,6720,14723890282496.0,100,0.0,0.0,0.0,-152005385388032.0,0.0,0,0,0,0,0.0,0,0,0,0,0,0,0,0,0,0,0,0,0,0,0,0,0,0,0,0,0,0,0,0,0,0,0,0,0,0,0,0,0,26,51,50,76,65476,0,300,0,0,8,21553,0.0,-107605600.0,0.0,0.0,0.0,0.0,0.0,0.0,0.0,0.0,0.0,0.0,0.0,0.0,0.0,0.0,0.0,0.0,0.0,0.0,0.0,0.0,2.004,-2.004,2.004,0.0,0.0,0.0,0.0,0.0,4808.0,0.0,7232.0,0.0,-107615384.0,0.0,0.0,0.0,0.0,0.0,0.0,77,-0.0,89220.508,0.0,0.0,0.0,0.0,0.0,0.0,0.0,0,0,0,0.0,0.0,0.0,0.0,0.0,0.0,0.0,0.0,0.0,0.0,0.0,0.0,0.0,0.0,0.0,0.0,0,-107875648.0,77,0.0,154,0.0,2.6533865130338155e+23,ERR,ERR,ERR,ERR,ERR,ERR,ERR,ERR,ERR,ERR,ERR,ERR,ERR,ERR,ERR,ERR,ERR,ERR,ERR,ERR,ERR,ERR,ERR,ERR,ERR,ERR,ERR,ERR,ERR,ERR,ERR,ERR,ERR,ERR,ERR,ERR,ERR,ERR,ERR,ERR,ERR,ERR,ERR,ERR,ERR,ERR,ERR,ERR,ERR,ERR,ERR,ERR,ERR,ERR,ERR,ERR,ERR,ERR,ERR,ERR,ERR,ERR,ERR,ERR,ERR,ERR,ERR,34.0,80.0,35,0.0,0.0,0.0,0.0,0.0,0.0,0.0,0.0,0.0,0.0,0.0,0.0,0.0,0.0,0.0,0.0,65.6,0,118,57,53,65476,0,300,0,0,8,20529,65476,0,0,57672,80.0,0.0,0.0,0.0,0.0,0.0
2026-06-18T02:59:15,ERR,ERR,ERR,ERR,ERR,ERR,ERR,ERR,ERR,ERR,ERR,ERR,ERR,ERR,ERR,ERR,ERR,ERR,ERR,ERR,ERR,ERR,ERR,ERR,ERR,ERR,ERR,ERR,ERR,ERR,ERR,ERR,ERR,ERR,ERR,ERR,ERR,ERR,ERR,ERR,ERR,ERR,ERR,ERR,ERR,ERR,ERR,ERR,ERR,ERR,ERR,ERR,ERR,ERR,ERR,ERR,ERR,ERR,ERR,ERR,ERR,ERR,ERR,ERR,ERR,ERR,ERR,ERR,ERR,ERR,ERR,ERR,ERR,ERR,ERR,ERR,ERR,ERR,ERR,ERR,ERR,ERR,ERR,ERR,ERR,ERR,ERR,ERR,ERR,ERR,ERR,ERR,ERR,ERR,ERR,ERR,ERR,ERR,ERR,ERR,ERR,ERR,ERR,ERR,ERR,ERR,ERR,ERR,ERR,ERR,ERR,ERR,ERR,ERR,ERR,ERR,ERR,ERR,ERR,ERR,ERR,ERR,ERR,ERR,ERR,0.0,-107615384.0,-0.0,-0.0,nan,1.3936040501711995e+18,7.805,-0.0,0,0,4,48935,6720,14723890282496.0,100,0.0,0.0,0.0,-152005385388032.0,0.0,0,0,0,0,0.0,0,0,0,0,0,0,0,0,0,0,0,0,0,0,0,0,0,0,0,0,0,0,0,0,0,0,0,0,0,0,0,0,0,26,51,50,76,65476,0,300,0,0,8,21553,0.0,-107605600.0,0.0,0.0,0.0,0.0,0.0,0.0,0.0,0.0,0.0,0.0,0.0,0.0,0.0,0.0,0.0,0.0,0.0,0.0,0.0,0.0,2.004,-2.004,2.004,0.0,0.0,0.0,0.0,0.0,4808.0,0.0,7232.0,0.0,-107615384.0,0.0,0.0,0.0,0.0,0.0,0.0,77,-0.0,89220.508,0.0,0.0,0.0,0.0,0.0,0.0,0.0,0,0,0,0.0,0.0,0.0,0.0,0.0,0.0,0.0,0.0,0.0,0.0,0.0,0.0,0.0,0.0,0.0,0.0,0,-107875648.0,77,0.0,154,0.0,2.6533865130338155e+23,ERR,ERR,ERR,ERR,ERR,ERR,ERR,ERR,ERR,ERR,ERR,ERR,ERR,ERR,ERR,ERR,ERR,ERR,ERR,ERR,ERR,ERR,ERR,ERR,ERR,ERR,ERR,ERR,ERR,ERR,ERR,ERR,ERR,ERR,ERR,ERR,ERR,ERR,ERR,ERR,ERR,ERR,ERR,ERR,ERR,ERR,ERR,ERR,ERR,ERR,ERR,ERR,ERR,ERR,ERR,ERR,ERR,ERR,ERR,ERR,ERR,ERR,ERR,ERR,ERR,ERR,ERR,34.0,80.0,35,0.0,0.0,0.0,0.0,0.0,0.0,0.0,0.0,0.0,0.0,0.0,0.0,0.0,0.0,0.0,0.0,65.6,0,118,57,53,65476,0,300,0,0,8,20529,65476,0,0,57672,80.0,0.0,0.0,0.0,0.0,0.0
2026-06-18T02:59:16,ERR,ERR,ERR,ERR,ERR,ERR,ERR,ERR,ERR,ERR,ERR,ERR,ERR,ERR,ERR,ERR,ERR,ERR,ERR,ERR,ERR,ERR,ERR,ERR,ERR,ERR,ERR,ERR,ERR,ERR,ERR,ERR,ERR,ERR,ERR,ERR,ERR,ERR,ERR,ERR,ERR,ERR,ERR,ERR,ERR,ERR,ERR,ERR,ERR,ERR,ERR,ERR,ERR,ERR,ERR,ERR,ERR,ERR,ERR,ERR,ERR,ERR,ERR,ERR,ERR,ERR,ERR,ERR,ERR,ERR,ERR,ERR,ERR,ERR,ERR,ERR,ERR,ERR,ERR,ERR,ERR,ERR,ERR,ERR,ERR,ERR,ERR,ERR,ERR,ERR,ERR,ERR,ERR,ERR,ERR,ERR,ERR,ERR,ERR,ERR,ERR,ERR,ERR,ERR,ERR,ERR,ERR,ERR,ERR,ERR,ERR,ERR,ERR,ERR,ERR,ERR,ERR,ERR,ERR,ERR,ERR,ERR,ERR,ERR,ERR,0.0,-107615384.0,-0.0,-0.0,nan,1.3936040501711995e+18,7.805,-0.0,0,0,4,48935,6720,14723890282496.0,100,0.0,0.0,0.0,-152005385388032.0,0.0,0,0,0,0,0.0,0,0,0,0,0,0,0,0,0,0,0,0,0,0,0,0,0,0,0,0,0,0,0,0,0,0,0,0,0,0,0,0,0,26,51,50,76,65476,0,300,0,0,8,21553,0.0,-107605600.0,0.0,0.0,0.0,0.0,0.0,0.0,0.0,0.0,0.0,0.0,0.0,0.0,0.0,0.0,0.0,0.0,0.0,0.0,0.0,0.0,2.004,-2.004,2.004,0.0,0.0,0.0,0.0,0.0,4808.0,0.0,7232.0,0.0,-107615384.0,0.0,0.0,0.0,0.0,0.0,0.0,77,-0.0,89220.508,0.0,0.0,0.0,0.0,0.0,0.0,0.0,0,0,0,0.0,0.0,0.0,0.0,0.0,0.0,0.0,0.0,0.0,0.0,0.0,0.0,0.0,0.0,0.0,0.0,0,-107875648.0,77,0.0,154,0.0,2.6533865130338155e+23,ERR,ERR,ERR,ERR,ERR,ERR,ERR,ERR,ERR,ERR,ERR,ERR,ERR,ERR,ERR,ERR,ERR,ERR,ERR,ERR,ERR,ERR,ERR,ERR,ERR,ERR,ERR,ERR,ERR,ERR,ERR,ERR,ERR,ERR,ERR,ERR,ERR,ERR,ERR,ERR,ERR,ERR,ERR,ERR,ERR,ERR,ERR,ERR,ERR,ERR,ERR,ERR,ERR,ERR,ERR,ERR,ERR,ERR,ERR,ERR,ERR,ERR,ERR,ERR,ERR,ERR,ERR,34.0,80.0,35,0.0,0.0,0.0,0.0,0.0,0.0,0.0,0.0,0.0,0.0,0.0,0.0,0.0,0.0,0.0,0.0,65.6,0,118,57,53,65476,0,300,0,0,8,20529,65476,0,0,57672,80.0,0.0,0.0,0.0,0.0,0.0
2026-06-18T02:59:17,ERR,ERR,ERR,ERR,ERR,ERR,ERR,ERR,ERR,ERR,ERR,ERR,ERR,ERR,ERR,ERR,ERR,ERR,ERR,ERR,ERR,ERR,ERR,ERR,ERR,ERR,ERR,ERR,ERR,ERR,ERR,ERR,ERR,ERR,ERR,ERR,ERR,ERR,ERR,ERR,ERR,ERR,ERR,ERR,ERR,ERR,ERR,ERR,ERR,ERR,ERR,ERR,ERR,ERR,ERR,ERR,ERR,ERR,ERR,ERR,ERR,ERR,ERR,ERR,ERR,ERR,ERR,ERR,ERR,ERR,ERR,ERR,ERR,ERR,ERR,ERR,ERR,ERR,ERR,ERR,ERR,ERR,ERR,ERR,ERR,ERR,ERR,ERR,ERR,ERR,ERR,ERR,ERR,ERR,ERR,ERR,ERR,ERR,ERR,ERR,ERR,ERR,ERR,ERR,ERR,ERR,ERR,ERR,ERR,ERR,ERR,ERR,ERR,ERR,ERR,ERR,ERR,ERR,ERR,ERR,ERR,ERR,ERR,ERR,ERR,0.0,-107615384.0,-0.0,-4.9501291711397626e+32,nan,1.3936040501711995e+18,7.805,-0.0,0,0,4,48935,6720,14723890282496.0,100,0.0,0.0,0.0,-4.9501291711397626e+32,0.0,0,0,0,0,0.0,0,0,0,0,0,0,0,0,0,0,0,0,0,0,0,0,0,0,0,0,0,0,0,0,0,0,0,0,0,0,0,0,0,26,51,50,76,65476,0,300,0,0,8,21553,0.0,-107605600.0,0.0,0.0,0.0,0.0,0.0,0.0,0.0,0.0,0.0,0.0,0.0,0.0,0.0,0.0,0.0,0.0,0.0,0.0,0.0,0.0,2.004,-2.004,2.004,0.0,0.0,0.0,0.0,0.0,4810.0,-1.5879282197463203e+29,7262.0,0.0,-107615384.0,0.0,0.0,0.0,0.0,0.0,0.0,77,-0.0,0.0,0.0,0.0,0.0,0.0,0.0,0.0,0.0,0,0,0,0.0,0.0,0.0,0.0,0.0,0.0,0.0,0.0,0.0,0.0,0.0,0.0,0.0,0.0,0.0,0.0,0,-107875648.0,77,0.0,154,0.0,2.6533865130338155e+23,ERR,ERR,ERR,ERR,ERR,ERR,ERR,ERR,ERR,ERR,ERR,ERR,ERR,ERR,ERR,ERR,ERR,ERR,ERR,ERR,ERR,ERR,ERR,ERR,ERR,ERR,ERR,ERR,ERR,ERR,ERR,ERR,ERR,ERR,ERR,ERR,ERR,ERR,ERR,ERR,ERR,ERR,ERR,ERR,ERR,ERR,ERR,ERR,ERR,ERR,ERR,ERR,ERR,ERR,ERR,ERR,ERR,ERR,ERR,ERR,ERR,ERR,ERR,ERR,ERR,ERR,ERR,34.0,80.0,35,0.0,0.0,0.0,0.0,0.0,0.0,0.0,0.0,0.0,0.0,0.0,0.0,0.0,0.0,0.0,0.0,65.6,0,118,57,53,65476,0,300,0,0,8,20529,65476,0,0,57672,80.0,0.0,0.0,0.0,0.0,0.0
2026-06-18T02:59:18,ERR,ERR,ERR,ERR,ERR,ERR,ERR,ERR,ERR,ERR,ERR,ERR,ERR,ERR,ERR,ERR,ERR,ERR,ERR,ERR,ERR,ERR,ERR,ERR,ERR,ERR,ERR,ERR,ERR,ERR,ERR,ERR,ERR,ERR,ERR,ERR,ERR,ERR,ERR,ERR,ERR,ERR,ERR,ERR,ERR,ERR,ERR,ERR,ERR,ERR,ERR,ERR,ERR,ERR,ERR,ERR,ERR,ERR,ERR,ERR,ERR,ERR,ERR,ERR,ERR,ERR,ERR,ERR,ERR,ERR,ERR,ERR,ERR,ERR,ERR,ERR,ERR,ERR,ERR,ERR,ERR,ERR,ERR,ERR,ERR,ERR,ERR,ERR,ERR,ERR,ERR,ERR,ERR,ERR,ERR,ERR,ERR,ERR,ERR,ERR,ERR,ERR,ERR,ERR,ERR,ERR,ERR,ERR,ERR,ERR,ERR,ERR,ERR,ERR,ERR,ERR,ERR,ERR,ERR,ERR,ERR,ERR,ERR,ERR,ERR,0.0,-107615384.0,-0.0,-4.9501291711397626e+32,nan,1.3936040501711995e+18,7.805,-0.0,0,0,4,48935,6720,14723890282496.0,100,0.0,0.0,0.0,-4.9501291711397626e+32,0.0,0,0,0,0,0.0,0,0,0,0,0,0,0,0,0,0,0,0,0,0,0,0,0,0,0,0,0,0,0,0,0,0,0,0,0,0,0,0,0,26,51,50,76,65476,0,300,0,0,8,21553,0.0,-107605600.0,0.0,0.0,0.0,0.0,0.0,0.0,0.0,0.0,0.0,0.0,0.0,0.0,0.0,0.0,0.0,0.0,0.0,0.0,0.0,0.0,2.004,-2.004,2.004,0.0,0.0,0.0,0.0,0.0,4810.0,-1.5879282197463203e+29,7262.0,0.0,-107615384.0,0.0,0.0,0.0,0.0,0.0,0.0,77,-0.0,0.0,0.0,0.0,0.0,0.0,0.0,0.0,0.0,0,0,0,0.0,0.0,0.0,0.0,0.0,0.0,0.0,0.0,0.0,0.0,0.0,0.0,0.0,0.0,0.0,0.0,0,-107875648.0,77,0.0,154,0.0,2.6533865130338155e+23,ERR,ERR,ERR,ERR,ERR,ERR,ERR,ERR,ERR,ERR,ERR,ERR,ERR,ERR,ERR,ERR,ERR,ERR,ERR,ERR,ERR,ERR,ERR,ERR,ERR,ERR,ERR,ERR,ERR,ERR,ERR,ERR,ERR,ERR,ERR,ERR,ERR,ERR,ERR,ERR,ERR,ERR,ERR,ERR,ERR,ERR,ERR,ERR,ERR,ERR,ERR,ERR,ERR,ERR,ERR,ERR,ERR,ERR,ERR,ERR,ERR,ERR,ERR,ERR,ERR,ERR,ERR,34.0,80.0,35,0.0,0.0,0.0,0.0,0.0,0.0,0.0,0.0,0.0,0.0,0.0,0.0,0.0,0.0,0.0,0.0,65.6,0,118,57,53,65476,0,300,0,0,8,20529,65476,0,0,57672,80.0,0.0,0.0,0.0,0.0,0.0
2026-06-18T02:59:19,ERR,ERR,ERR,ERR,ERR,ERR,ERR,ERR,ERR,ERR,ERR,ERR,ERR,ERR,ERR,ERR,ERR,ERR,ERR,ERR,ERR,ERR,ERR,ERR,ERR,ERR,ERR,ERR,ERR,ERR,ERR,ERR,ERR,ERR,ERR,ERR,ERR,ERR,ERR,ERR,ERR,ERR,ERR,ERR,ERR,ERR,ERR,ERR,ERR,ERR,ERR,ERR,ERR,ERR,ERR,ERR,ERR,ERR,ERR,ERR,ERR,ERR,ERR,ERR,ERR,ERR,ERR,ERR,ERR,ERR,ERR,ERR,ERR,ERR,ERR,ERR,ERR,ERR,ERR,ERR,ERR,ERR,ERR,ERR,ERR,ERR,ERR,ERR,ERR,ERR,ERR,ERR,ERR,ERR,ERR,ERR,ERR,ERR,ERR,ERR,ERR,ERR,ERR,ERR,ERR,ERR,ERR,ERR,ERR,ERR,ERR,ERR,ERR,ERR,ERR,ERR,ERR,ERR,ERR,ERR,ERR,ERR,ERR,ERR,ERR,0.0,-107615384.0,-0.0,-4.9501291711397626e+32,nan,1.3936040501711995e+18,7.805,-0.0,0,0,4,48935,6720,14723890282496.0,100,0.0,0.0,0.0,-4.9501291711397626e+32,0.0,0,0,0,0,0.0,0,0,0,0,0,0,0,0,0,0,0,0,0,0,0,0,0,0,0,0,0,0,0,0,0,0,0,0,0,0,0,0,0,26,51,50,76,65476,0,300,0,0,8,21553,0.0,-107605600.0,0.0,0.0,0.0,0.0,0.0,0.0,0.0,0.0,0.0,0.0,0.0,0.0,0.0,0.0,0.0,0.0,0.0,0.0,0.0,0.0,2.004,-2.004,2.004,0.0,0.0,0.0,0.0,0.0,4810.0,-1.5879282197463203e+29,7262.0,0.0,-107615384.0,0.0,0.0,0.0,0.0,0.0,0.0,77,-0.0,0.0,0.0,0.0,0.0,0.0,0.0,0.0,0.0,0,0,0,0.0,0.0,0.0,0.0,0.0,0.0,0.0,0.0,0.0,0.0,0.0,0.0,0.0,0.0,0.0,0.0,0,-107875648.0,77,0.0,154,0.0,2.6533865130338155e+23,ERR,ERR,ERR,ERR,ERR,ERR,ERR,ERR,ERR,ERR,ERR,ERR,ERR,ERR,ERR,ERR,ERR,ERR,ERR,ERR,ERR,ERR,ERR,ERR,ERR,ERR,ERR,ERR,ERR,ERR,ERR,ERR,ERR,ERR,ERR,ERR,ERR,ERR,ERR,ERR,ERR,ERR,ERR,ERR,ERR,ERR,ERR,ERR,ERR,ERR,ERR,ERR,ERR,ERR,ERR,ERR,ERR,ERR,ERR,ERR,ERR,ERR,ERR,ERR,ERR,ERR,ERR,34.0,80.0,35,0.0,0.0,0.0,0.0,0.0,0.0,0.0,0.0,0.0,0.0,0.0,0.0,0.0,0.0,0.0,0.0,65.6,0,118,57,53,65476,0,300,0,0,8,20529,65476,0,0,57672,80.0,0.0,0.0,0.0,0.0,0.0
2026-06-18T02:59:20,ERR,ERR,ERR,ERR,ERR,ERR,ERR,ERR,ERR,ERR,ERR,ERR,ERR,ERR,ERR,ERR,ERR,ERR,ERR,ERR,ERR,ERR,ERR,ERR,ERR,ERR,ERR,ERR,ERR,ERR,ERR,ERR,ERR,ERR,ERR,ERR,ERR,ERR,ERR,ERR,ERR,ERR,ERR,ERR,ERR,ERR,ERR,ERR,ERR,ERR,ERR,ERR,ERR,ERR,ERR,ERR,ERR,ERR,ERR,ERR,ERR,ERR,ERR,ERR,ERR,ERR,ERR,ERR,ERR,ERR,ERR,ERR,ERR,ERR,ERR,ERR,ERR,ERR,ERR,ERR,ERR,ERR,ERR,ERR,ERR,ERR,ERR,ERR,ERR,ERR,ERR,ERR,ERR,ERR,ERR,ERR,ERR,ERR,ERR,ERR,ERR,ERR,ERR,ERR,ERR,ERR,ERR,ERR,ERR,ERR,ERR,ERR,ERR,ERR,ERR,ERR,ERR,ERR,ERR,ERR,ERR,ERR,ERR,ERR,ERR,0.0,-107615384.0,-0.0,-4.9501291711397626e+32,nan,1.3936040501711995e+18,7.805,-0.0,0,0,4,48935,6720,14723890282496.0,100,0.0,0.0,0.0,-4.9501291711397626e+32,0.0,0,0,0,0,0.0,0,0,0,0,0,0,0,0,0,0,0,0,0,0,0,0,0,0,0,0,0,0,0,0,0,0,0,0,0,0,0,0,0,26,51,50,76,65476,0,300,0,0,8,21553,0.0,-107605600.0,0.0,0.0,0.0,0.0,0.0,0.0,0.0,0.0,0.0,0.0,0.0,0.0,0.0,0.0,0.0,0.0,0.0,0.0,0.0,0.0,2.004,-2.004,2.004,0.0,0.0,0.0,0.0,0.0,4810.0,-1.5879282197463203e+29,7262.0,0.0,-107615384.0,0.0,0.0,0.0,0.0,0.0,0.0,77,-0.0,0.0,0.0,0.0,0.0,0.0,0.0,0.0,0.0,0,0,0,0.0,0.0,0.0,0.0,0.0,0.0,0.0,0.0,0.0,0.0,0.0,0.0,0.0,0.0,0.0,0.0,0,-107875648.0,77,0.0,154,0.0,2.6533865130338155e+23,ERR,ERR,ERR,ERR,ERR,ERR,ERR,ERR,ERR,ERR,ERR,ERR,ERR,ERR,ERR,ERR,ERR,ERR,ERR,ERR,ERR,ERR,ERR,ERR,ERR,ERR,ERR,ERR,ERR,ERR,ERR,ERR,ERR,ERR,ERR,ERR,ERR,ERR,ERR,ERR,ERR,ERR,ERR,ERR,ERR,ERR,ERR,ERR,ERR,ERR,ERR,ERR,ERR,ERR,ERR,ERR,ERR,ERR,ERR,ERR,ERR,ERR,ERR,ERR,ERR,ERR,ERR,34.0,80.0,35,0.0,0.0,0.0,0.0,0.0,0.0,0.0,0.0,0.0,0.0,0.0,0.0,0.0,0.0,0.0,0.0,65.6,0,118,57,53,65476,0,300,0,0,8,20529,65476,0,0,57672,80.0,0.0,0.0,0.0,0.0,0.0
2026-06-18T02:59:21,ERR,ERR,ERR,ERR,ERR,ERR,ERR,ERR,ERR,ERR,ERR,ERR,ERR,ERR,ERR,ERR,ERR,ERR,ERR,ERR,ERR,ERR,ERR,ERR,ERR,ERR,ERR,ERR,ERR,ERR,ERR,ERR,ERR,ERR,ERR,ERR,ERR,ERR,ERR,ERR,ERR,ERR,ERR,ERR,ERR,ERR,ERR,ERR,ERR,ERR,ERR,ERR,ERR,ERR,ERR,ERR,ERR,ERR,ERR,ERR,ERR,ERR,ERR,ERR,ERR,ERR,ERR,ERR,ERR,ERR,ERR,ERR,ERR,ERR,ERR,ERR,ERR,ERR,ERR,ERR,ERR,ERR,ERR,ERR,ERR,ERR,ERR,ERR,ERR,ERR,ERR,ERR,ERR,ERR,ERR,ERR,ERR,ERR,ERR,ERR,ERR,ERR,ERR,ERR,ERR,ERR,ERR,ERR,ERR,ERR,ERR,ERR,ERR,ERR,ERR,ERR,ERR,ERR,ERR,ERR,ERR,ERR,ERR,ERR,ERR,0.0,-107615384.0,-0.0,-4.9501291711397626e+32,nan,1.3936040501711995e+18,7.805,-0.0,0,0,4,48935,6720,14723890282496.0,100,0.0,0.0,0.0,-4.9501291711397626e+32,0.0,0,0,0,0,0.0,0,0,0,0,0,0,0,0,0,0,0,0,0,0,0,0,0,0,0,0,0,0,0,0,0,0,0,0,0,0,0,0,0,26,51,50,76,65476,0,300,0,0,8,21553,0.0,-107605600.0,0.0,0.0,0.0,0.0,0.0,0.0,0.0,0.0,0.0,0.0,0.0,0.0,0.0,0.0,0.0,0.0,0.0,0.0,0.0,0.0,2.004,-2.004,2.004,0.0,0.0,0.0,0.0,0.0,4810.0,-1.5879282197463203e+29,7262.0,0.0,-107615384.0,0.0,0.0,0.0,0.0,0.0,0.0,77,-0.0,0.0,0.0,0.0,0.0,0.0,0.0,0.0,0.0,0,0,0,0.0,0.0,0.0,0.0,0.0,0.0,0.0,0.0,0.0,0.0,0.0,0.0,0.0,0.0,0.0,0.0,0,-107875648.0,77,0.0,154,0.0,2.6533865130338155e+23,ERR,ERR,ERR,ERR,ERR,ERR,ERR,ERR,ERR,ERR,ERR,ERR,ERR,ERR,ERR,ERR,ERR,ERR,ERR,ERR,ERR,ERR,ERR,ERR,ERR,ERR,ERR,ERR,ERR,ERR,ERR,ERR,ERR,ERR,ERR,ERR,ERR,ERR,ERR,ERR,ERR,ERR,ERR,ERR,ERR,ERR,ERR,ERR,ERR,ERR,ERR,ERR,ERR,ERR,ERR,ERR,ERR,ERR,ERR,ERR,ERR,ERR,ERR,ERR,ERR,ERR,ERR,34.0,80.0,35,0.0,0.0,0.0,0.0,0.0,0.0,0.0,0.0,0.0,0.0,0.0,0.0,0.0,0.0,0.0,0.0,65.6,0,118,57,53,65476,0,300,0,0,8,20529,65476,0,0,57672,80.0,0.0,0.0,0.0,0.0,0.0
2026-06-18T02:59:22,ERR,ERR,ERR,ERR,ERR,ERR,ERR,ERR,ERR,ERR,ERR,ERR,ERR,ERR,ERR,ERR,ERR,ERR,ERR,ERR,ERR,ERR,ERR,ERR,ERR,ERR,ERR,ERR,ERR,ERR,ERR,ERR,ERR,ERR,ERR,ERR,ERR,ERR,ERR,ERR,ERR,ERR,ERR,ERR,ERR,ERR,ERR,ERR,ERR,ERR,ERR,ERR,ERR,ERR,ERR,ERR,ERR,ERR,ERR,ERR,ERR,ERR,ERR,ERR,ERR,ERR,ERR,ERR,ERR,ERR,ERR,ERR,ERR,ERR,ERR,ERR,ERR,ERR,ERR,ERR,ERR,ERR,ERR,ERR,ERR,ERR,ERR,ERR,ERR,ERR,ERR,ERR,ERR,ERR,ERR,ERR,ERR,ERR,ERR,ERR,ERR,ERR,ERR,ERR,ERR,ERR,ERR,ERR,ERR,ERR,ERR,ERR,ERR,ERR,ERR,ERR,ERR,ERR,ERR,ERR,ERR,ERR,ERR,ERR,ERR,0.0,-107615384.0,-0.0,-4.9501291711397626e+32,nan,1.3936040501711995e+18,7.805,-0.0,0,0,4,48935,6720,14723890282496.0,100,0.0,0.0,0.0,-4.9501291711397626e+32,0.0,0,0,0,0,0.0,0,0,0,0,0,0,0,0,0,0,0,0,0,0,0,0,0,0,0,0,0,0,0,0,0,0,0,0,0,0,0,0,0,26,51,50,76,65476,0,300,0,0,8,21553,0.0,-107605600.0,0.0,0.0,0.0,0.0,0.0,0.0,0.0,0.0,0.0,0.0,0.0,0.0,0.0,0.0,0.0,0.0,0.0,0.0,0.0,0.0,2.004,-2.004,2.004,0.0,0.0,0.0,0.0,0.0,4810.0,-1.5879282197463203e+29,7262.0,0.0,-107615384.0,0.0,0.0,0.0,0.0,0.0,0.0,77,-0.0,0.0,0.0,0.0,0.0,0.0,0.0,0.0,0.0,0,0,0,0.0,0.0,0.0,0.0,0.0,0.0,0.0,0.0,0.0,0.0,0.0,0.0,0.0,0.0,0.0,0.0,0,-107875648.0,77,0.0,154,0.0,2.6533865130338155e+23,ERR,ERR,ERR,ERR,ERR,ERR,ERR,ERR,ERR,ERR,ERR,ERR,ERR,ERR,ERR,ERR,ERR,ERR,ERR,ERR,ERR,ERR,ERR,ERR,ERR,ERR,ERR,ERR,ERR,ERR,ERR,ERR,ERR,ERR,ERR,ERR,ERR,ERR,ERR,ERR,ERR,ERR,ERR,ERR,ERR,ERR,ERR,ERR,ERR,ERR,ERR,ERR,ERR,ERR,ERR,ERR,ERR,ERR,ERR,ERR,ERR,ERR,ERR,ERR,ERR,ERR,ERR,34.0,80.0,35,0.0,0.0,0.0,0.0,0.0,0.0,0.0,0.0,0.0,0.0,0.0,0.0,0.0,0.0,0.0,0.0,65.6,0,118,57,53,65476,0,300,0,0,8,20529,65476,0,0,57672,80.0,0.0,0.0,0.0,0.0,0.0
2026-06-18T02:59:23,ERR,ERR,ERR,ERR,ERR,ERR,ERR,ERR,ERR,ERR,ERR,ERR,ERR,ERR,ERR,ERR,ERR,ERR,ERR,ERR,ERR,ERR,ERR,ERR,ERR,ERR,ERR,ERR,ERR,ERR,ERR,ERR,ERR,ERR,ERR,ERR,ERR,ERR,ERR,ERR,ERR,ERR,ERR,ERR,ERR,ERR,ERR,ERR,ERR,ERR,ERR,ERR,ERR,ERR,ERR,ERR,ERR,ERR,ERR,ERR,ERR,ERR,ERR,ERR,ERR,ERR,ERR,ERR,ERR,ERR,ERR,ERR,ERR,ERR,ERR,ERR,ERR,ERR,ERR,ERR,ERR,ERR,ERR,ERR,ERR,ERR,ERR,ERR,ERR,ERR,ERR,ERR,ERR,ERR,ERR,ERR,ERR,ERR,ERR,ERR,ERR,ERR,ERR,ERR,ERR,ERR,ERR,ERR,ERR,ERR,ERR,ERR,ERR,ERR,ERR,ERR,ERR,ERR,ERR,ERR,ERR,ERR,ERR,ERR,ERR,0.0,-107615384.0,-0.0,2.718290229135658e+23,nan,1.3936040501711995e+18,7.805,-12113.15,0,0,4,48924,6720,14723890282496.0,100,0.0,0.0,0.0,0.0,0.0,0,0,0,0,0.0,0,0,0,0,0,0,0,0,0,0,0,0,0,0,0,0,0,0,0,0,0,0,0,0,0,0,0,0,0,0,0,0,0,26,51,50,76,65476,0,300,0,0,8,21553,0.0,-107605600.0,0.0,0.0,0.0,0.0,0.0,0.0,0.0,0.0,0.0,0.0,0.0,0.0,0.0,0.0,0.0,0.0,0.0,0.0,0.0,0.0,2.004,-2.004,2.004,0.0,0.0,0.0,0.0,0.0,4843.0,0.0,7235.0,0.0,-107615384.0,0.0,0.0,0.0,0.0,0.0,0.0,77,-0.0,2.7184161497812392e+23,0.0,0.0,0.0,0.0,0.0,0.0,0.0,0,0,0,0.0,0.0,0.0,0.0,0.0,0.0,0.0,0.0,0.0,0.0,0.0,0.0,0.0,0.0,0.0,0.0,0,-107875648.0,77,0.0,154,0.0,2.6533865130338155e+23,ERR,ERR,ERR,ERR,ERR,ERR,ERR,ERR,ERR,ERR,ERR,ERR,ERR,ERR,ERR,ERR,ERR,ERR,ERR,ERR,ERR,ERR,ERR,ERR,ERR,ERR,ERR,ERR,ERR,ERR,ERR,ERR,ERR,ERR,ERR,ERR,ERR,ERR,ERR,ERR,ERR,ERR,ERR,ERR,ERR,ERR,ERR,ERR,ERR,ERR,ERR,ERR,ERR,ERR,ERR,ERR,ERR,ERR,ERR,ERR,ERR,ERR,ERR,ERR,ERR,ERR,ERR,34.0,80.0,35,0.0,0.0,0.0,0.0,0.0,0.0,0.0,0.0,0.0,0.0,0.0,0.0,0.0,0.0,0.0,0.0,65.6,0,118,57,53,65476,0,300,0,0,8,20529,65476,0,0,57672,80.0,0.0,0.0,0.0,0.0,0.0
2026-06-18T02:59:24,ERR,ERR,ERR,ERR,ERR,ERR,ERR,ERR,ERR,ERR,ERR,ERR,ERR,ERR,ERR,ERR,ERR,ERR,ERR,ERR,ERR,ERR,ERR,ERR,ERR,ERR,ERR,ERR,ERR,ERR,ERR,ERR,ERR,ERR,ERR,ERR,ERR,ERR,ERR,ERR,ERR,ERR,ERR,ERR,ERR,ERR,ERR,ERR,ERR,ERR,ERR,ERR,ERR,ERR,ERR,ERR,ERR,ERR,ERR,ERR,ERR,ERR,ERR,ERR,ERR,ERR,ERR,ERR,ERR,ERR,ERR,ERR,ERR,ERR,ERR,ERR,ERR,ERR,ERR,ERR,ERR,ERR,ERR,ERR,ERR,ERR,ERR,ERR,ERR,ERR,ERR,ERR,ERR,ERR,ERR,ERR,ERR,ERR,ERR,ERR,ERR,ERR,ERR,ERR,ERR,ERR,ERR,ERR,ERR,ERR,ERR,ERR,ERR,ERR,ERR,ERR,ERR,ERR,ERR,ERR,ERR,ERR,ERR,ERR,ERR,0.0,-107615384.0,-0.0,2.718290229135658e+23,nan,1.3936040501711995e+18,7.805,-12113.15,0,0,4,48924,6720,14723890282496.0,100,0.0,0.0,0.0,0.0,0.0,0,0,0,0,0.0,0,0,0,0,0,0,0,0,0,0,0,0,0,0,0,0,0,0,0,0,0,0,0,0,0,0,0,0,0,0,0,0,0,26,51,50,76,65476,0,300,0,0,8,21553,0.0,-107605600.0,0.0,0.0,0.0,0.0,0.0,0.0,0.0,0.0,0.0,0.0,0.0,0.0,0.0,0.0,0.0,0.0,0.0,0.0,0.0,0.0,2.004,-2.004,2.004,0.0,0.0,0.0,0.0,0.0,4843.0,0.0,7235.0,0.0,-107615384.0,0.0,0.0,0.0,0.0,0.0,0.0,77,-0.0,2.7184161497812392e+23,0.0,0.0,0.0,0.0,0.0,0.0,0.0,0,0,0,0.0,0.0,0.0,0.0,0.0,0.0,0.0,0.0,0.0,0.0,0.0,0.0,0.0,0.0,0.0,0.0,0,-107875648.0,77,0.0,154,0.0,2.6533865130338155e+23,ERR,ERR,ERR,ERR,ERR,ERR,ERR,ERR,ERR,ERR,ERR,ERR,ERR,ERR,ERR,ERR,ERR,ERR,ERR,ERR,ERR,ERR,ERR,ERR,ERR,ERR,ERR,ERR,ERR,ERR,ERR,ERR,ERR,ERR,ERR,ERR,ERR,ERR,ERR,ERR,ERR,ERR,ERR,ERR,ERR,ERR,ERR,ERR,ERR,ERR,ERR,ERR,ERR,ERR,ERR,ERR,ERR,ERR,ERR,ERR,ERR,ERR,ERR,ERR,ERR,ERR,ERR,34.0,80.0,35,0.0,0.0,0.0,0.0,0.0,0.0,0.0,0.0,0.0,0.0,0.0,0.0,0.0,0.0,0.0,0.0,66.4,0,118,57,53,65476,0,300,0,0,8,20529,65476,0,0,57672,80.0,0.0,0.0,0.0,0.0,0.0
2026-06-18T02:59:25,ERR,ERR,ERR,ERR,ERR,ERR,ERR,ERR,ERR,ERR,ERR,ERR,ERR,ERR,ERR,ERR,ERR,ERR,ERR,ERR,ERR,ERR,ERR,ERR,ERR,ERR,ERR,ERR,ERR,ERR,ERR,ERR,ERR,ERR,ERR,ERR,ERR,ERR,ERR,ERR,ERR,ERR,ERR,ERR,ERR,ERR,ERR,ERR,ERR,ERR,ERR,ERR,ERR,ERR,ERR,ERR,ERR,ERR,ERR,ERR,ERR,ERR,ERR,ERR,ERR,ERR,ERR,ERR,ERR,ERR,ERR,ERR,ERR,ERR,ERR,ERR,ERR,ERR,ERR,ERR,ERR,ERR,ERR,ERR,ERR,ERR,ERR,ERR,ERR,ERR,ERR,ERR,ERR,ERR,ERR,ERR,ERR,ERR,ERR,ERR,ERR,ERR,ERR,ERR,ERR,ERR,ERR,ERR,ERR,ERR,ERR,ERR,ERR,ERR,ERR,ERR,ERR,ERR,ERR,ERR,ERR,ERR,ERR,ERR,ERR,0.0,-107615384.0,-0.0,2.718290229135658e+23,nan,1.3936040501711995e+18,7.805,-12113.15,0,0,4,48924,6720,14723890282496.0,100,0.0,0.0,0.0,0.0,0.0,0,0,0,0,0.0,0,0,0,0,0,0,0,0,0,0,0,0,0,0,0,0,0,0,0,0,0,0,0,0,0,0,0,0,0,0,0,0,0,26,51,50,76,65476,0,300,0,0,8,21553,0.0,-107605600.0,0.0,0.0,0.0,0.0,0.0,0.0,0.0,0.0,0.0,0.0,0.0,0.0,0.0,0.0,0.0,0.0,0.0,0.0,0.0,0.0,2.004,-2.004,2.004,0.0,0.0,0.0,0.0,0.0,4843.0,0.0,7235.0,0.0,-107615384.0,0.0,0.0,0.0,0.0,0.0,0.0,77,-0.0,2.7184161497812392e+23,0.0,0.0,0.0,0.0,0.0,0.0,0.0,0,0,0,0.0,0.0,0.0,0.0,0.0,0.0,0.0,0.0,0.0,0.0,0.0,0.0,0.0,0.0,0.0,0.0,0,-107875648.0,77,0.0,154,0.0,2.6533865130338155e+23,ERR,ERR,ERR,ERR,ERR,ERR,ERR,ERR,ERR,ERR,ERR,ERR,ERR,ERR,ERR,ERR,ERR,ERR,ERR,ERR,ERR,ERR,ERR,ERR,ERR,ERR,ERR,ERR,ERR,ERR,ERR,ERR,ERR,ERR,ERR,ERR,ERR,ERR,ERR,ERR,ERR,ERR,ERR,ERR,ERR,ERR,ERR,ERR,ERR,ERR,ERR,ERR,ERR,ERR,ERR,ERR,ERR,ERR,ERR,ERR,ERR,ERR,ERR,ERR,ERR,ERR,ERR,34.0,80.0,35,0.0,0.0,0.0,0.0,0.0,0.0,0.0,0.0,0.0,0.0,0.0,0.0,0.0,0.0,0.0,0.0,66.4,0,118,57,53,65476,0,300,0,0,8,20529,65476,0,0,57672,80.0,0.0,0.0,0.0,0.0,0.0
2026-06-18T02:59:26,ERR,ERR,ERR,ERR,ERR,ERR,ERR,ERR,ERR,ERR,ERR,ERR,ERR,ERR,ERR,ERR,ERR,ERR,ERR,ERR,ERR,ERR,ERR,ERR,ERR,ERR,ERR,ERR,ERR,ERR,ERR,ERR,ERR,ERR,ERR,ERR,ERR,ERR,ERR,ERR,ERR,ERR,ERR,ERR,ERR,ERR,ERR,ERR,ERR,ERR,ERR,ERR,ERR,ERR,ERR,ERR,ERR,ERR,ERR,ERR,ERR,ERR,ERR,ERR,ERR,ERR,ERR,ERR,ERR,ERR,ERR,ERR,ERR,ERR,ERR,ERR,ERR,ERR,ERR,ERR,ERR,ERR,ERR,ERR,ERR,ERR,ERR,ERR,ERR,ERR,ERR,ERR,ERR,ERR,ERR,ERR,ERR,ERR,ERR,ERR,ERR,ERR,ERR,ERR,ERR,ERR,ERR,ERR,ERR,ERR,ERR,ERR,ERR,ERR,ERR,ERR,ERR,ERR,ERR,ERR,ERR,ERR,ERR,ERR,ERR,0.0,-107615384.0,-0.0,2.718290229135658e+23,nan,1.3936040501711995e+18,7.805,-12113.15,0,0,4,48924,6720,14723890282496.0,100,0.0,0.0,0.0,0.0,0.0,0,0,0,0,0.0,0,0,0,0,0,0,0,0,0,0,0,0,0,0,0,0,0,0,0,0,0,0,0,0,0,0,0,0,0,0,0,0,0,26,51,50,76,65476,0,300,0,0,8,21553,0.0,-107605600.0,0.0,0.0,0.0,0.0,0.0,0.0,0.0,0.0,0.0,0.0,0.0,0.0,0.0,0.0,0.0,0.0,0.0,0.0,0.0,0.0,2.004,-2.004,2.004,0.0,0.0,0.0,0.0,0.0,4843.0,0.0,7235.0,0.0,-107615384.0,0.0,0.0,0.0,0.0,0.0,0.0,77,-0.0,2.7184161497812392e+23,0.0,0.0,0.0,0.0,0.0,0.0,0.0,0,0,0,0.0,0.0,0.0,0.0,0.0,0.0,0.0,0.0,0.0,0.0,0.0,0.0,0.0,0.0,0.0,0.0,0,-107875648.0,77,0.0,154,0.0,2.6533865130338155e+23,ERR,ERR,ERR,ERR,ERR,ERR,ERR,ERR,ERR,ERR,ERR,ERR,ERR,ERR,ERR,ERR,ERR,ERR,ERR,ERR,ERR,ERR,ERR,ERR,ERR,ERR,ERR,ERR,ERR,ERR,ERR,ERR,ERR,ERR,ERR,ERR,ERR,ERR,ERR,ERR,ERR,ERR,ERR,ERR,ERR,ERR,ERR,ERR,ERR,ERR,ERR,ERR,ERR,ERR,ERR,ERR,ERR,ERR,ERR,ERR,ERR,ERR,ERR,ERR,ERR,ERR,ERR,34.0,80.0,35,0.0,0.0,0.0,0.0,0.0,0.0,0.0,0.0,0.0,0.0,0.0,0.0,0.0,0.0,0.0,0.0,65.6,0,118,57,53,65476,0,300,0,0,8,20529,65476,0,0,57672,80.0,0.0,0.0,0.0,0.0,0.0
2026-06-18T02:59:27,ERR,ERR,ERR,ERR,ERR,ERR,ERR,ERR,ERR,ERR,ERR,ERR,ERR,ERR,ERR,ERR,ERR,ERR,ERR,ERR,ERR,ERR,ERR,ERR,ERR,ERR,ERR,ERR,ERR,ERR,ERR,ERR,ERR,ERR,ERR,ERR,ERR,ERR,ERR,ERR,ERR,ERR,ERR,ERR,ERR,ERR,ERR,ERR,ERR,ERR,ERR,ERR,ERR,ERR,ERR,ERR,ERR,ERR,ERR,ERR,ERR,ERR,ERR,ERR,ERR,ERR,ERR,ERR,ERR,ERR,ERR,ERR,ERR,ERR,ERR,ERR,ERR,ERR,ERR,ERR,ERR,ERR,ERR,ERR,ERR,ERR,ERR,ERR,ERR,ERR,ERR,ERR,ERR,ERR,ERR,ERR,ERR,ERR,ERR,ERR,ERR,ERR,ERR,ERR,ERR,ERR,ERR,ERR,ERR,ERR,ERR,ERR,ERR,ERR,ERR,ERR,ERR,ERR,ERR,ERR,ERR,ERR,ERR,ERR,ERR,0.0,-107615384.0,-0.0,2.718290229135658e+23,nan,1.3936040501711995e+18,7.805,-12113.15,0,0,4,48924,6720,14723890282496.0,100,0.0,0.0,0.0,0.0,0.0,0,0,0,0,0.0,0,0,0,0,0,0,0,0,0,0,0,0,0,0,0,0,0,0,0,0,0,0,0,0,0,0,0,0,0,0,0,0,0,26,51,50,76,65476,0,300,0,0,8,21553,0.0,-107605600.0,0.0,0.0,0.0,0.0,0.0,0.0,0.0,0.0,0.0,0.0,0.0,0.0,0.0,0.0,0.0,0.0,0.0,0.0,0.0,0.0,2.004,-2.004,2.004,0.0,0.0,0.0,0.0,0.0,4843.0,0.0,7235.0,0.0,-107615384.0,0.0,0.0,0.0,0.0,0.0,0.0,77,-0.0,2.7184161497812392e+23,0.0,0.0,0.0,0.0,0.0,0.0,0.0,0,0,0,0.0,0.0,0.0,0.0,0.0,0.0,0.0,0.0,0.0,0.0,0.0,0.0,0.0,0.0,0.0,0.0,0,-107875648.0,77,0.0,154,0.0,2.6533865130338155e+23,ERR,ERR,ERR,ERR,ERR,ERR,ERR,ERR,ERR,ERR,ERR,ERR,ERR,ERR,ERR,ERR,ERR,ERR,ERR,ERR,ERR,ERR,ERR,ERR,ERR,ERR,ERR,ERR,ERR,ERR,ERR,ERR,ERR,ERR,ERR,ERR,ERR,ERR,ERR,ERR,ERR,ERR,ERR,ERR,ERR,ERR,ERR,ERR,ERR,ERR,ERR,ERR,ERR,ERR,ERR,ERR,ERR,ERR,ERR,ERR,ERR,ERR,ERR,ERR,ERR,ERR,ERR,34.0,80.0,35,0.0,0.0,0.0,0.0,0.0,0.0,0.0,0.0,0.0,0.0,0.0,0.0,0.0,0.0,0.0,0.0,65.6,0,118,57,53,65476,0,300,0,0,8,20529,65476,0,0,57672,80.0,0.0,0.0,0.0,0.0,0.0
2026-06-18T02:59:28,ERR,ERR,ERR,ERR,ERR,ERR,ERR,ERR,ERR,ERR,ERR,ERR,ERR,ERR,ERR,ERR,ERR,ERR,ERR,ERR,ERR,ERR,ERR,ERR,ERR,ERR,ERR,ERR,ERR,ERR,ERR,ERR,ERR,ERR,ERR,ERR,ERR,ERR,ERR,ERR,ERR,ERR,ERR,ERR,ERR,ERR,ERR,ERR,ERR,ERR,ERR,ERR,ERR,ERR,ERR,ERR,ERR,ERR,ERR,ERR,ERR,ERR,ERR,ERR,ERR,ERR,ERR,ERR,ERR,ERR,ERR,ERR,ERR,ERR,ERR,ERR,ERR,ERR,ERR,ERR,ERR,ERR,ERR,ERR,ERR,ERR,ERR,ERR,ERR,ERR,ERR,ERR,ERR,ERR,ERR,ERR,ERR,ERR,ERR,ERR,ERR,ERR,ERR,ERR,ERR,ERR,ERR,ERR,ERR,ERR,ERR,ERR,ERR,ERR,ERR,ERR,ERR,ERR,ERR,ERR,ERR,ERR,ERR,ERR,ERR,0.0,-107615384.0,-0.0,2.718290229135658e+23,nan,1.3936040501711995e+18,7.805,-12113.15,0,0,4,48930,6720,14723890282496.0,100,0.0,0.0,0.0,-107609184.0,0.0,0,0,0,0,0.0,0,0,0,0,0,0,0,0,0,0,0,0,0,0,0,0,0,0,0,0,0,0,0,0,0,0,0,0,0,0,0,0,0,26,51,50,76,65476,0,300,0,0,8,21553,0.0,-107605600.0,0.0,0.0,0.0,0.0,0.0,0.0,0.0,0.0,0.0,0.0,0.0,0.0,0.0,0.0,0.0,0.0,0.0,0.0,0.0,0.0,2.004,-2.004,2.004,0.0,0.0,0.0,0.0,0.0,4840.0,0.0,7233.0,0.0,-107615384.0,0.0,0.0,0.0,0.0,0.0,0.0,77,4.0668804810561766e+29,126840479744.0,0.0,0.0,0.0,0.0,0.0,0.0,0.0,0,0,0,0.0,0.0,0.0,0.0,0.0,0.0,0.0,0.0,0.0,0.0,0.0,0.0,0.0,0.0,0.0,0.0,0,-107875648.0,77,0.0,154,0.0,2.6533865130338155e+23,ERR,ERR,ERR,ERR,ERR,ERR,ERR,ERR,ERR,ERR,ERR,ERR,ERR,ERR,ERR,ERR,ERR,ERR,ERR,ERR,ERR,ERR,ERR,ERR,ERR,ERR,ERR,ERR,ERR,ERR,ERR,ERR,ERR,ERR,ERR,ERR,ERR,ERR,ERR,ERR,ERR,ERR,ERR,ERR,ERR,ERR,ERR,ERR,ERR,ERR,ERR,ERR,ERR,ERR,ERR,ERR,ERR,ERR,ERR,ERR,ERR,ERR,ERR,ERR,ERR,ERR,ERR,34.0,80.0,35,0.0,0.0,0.0,0.0,0.0,0.0,0.0,0.0,0.0,0.0,0.0,0.0,0.0,0.0,0.0,0.0,65.6,0,118,57,53,65476,0,300,0,0,8,20529,65476,0,0,57672,80.0,0.0,0.0,0.0,0.0,0.0
2026-06-18T02:59:29,ERR,ERR,ERR,ERR,ERR,ERR,ERR,ERR,ERR,ERR,ERR,ERR,ERR,ERR,ERR,ERR,ERR,ERR,ERR,ERR,ERR,ERR,ERR,ERR,ERR,ERR,ERR,ERR,ERR,ERR,ERR,ERR,ERR,ERR,ERR,ERR,ERR,ERR,ERR,ERR,ERR,ERR,ERR,ERR,ERR,ERR,ERR,ERR,ERR,ERR,ERR,ERR,ERR,ERR,ERR,ERR,ERR,ERR,ERR,ERR,ERR,ERR,ERR,ERR,ERR,ERR,ERR,ERR,ERR,ERR,ERR,ERR,ERR,ERR,ERR,ERR,ERR,ERR,ERR,ERR,ERR,ERR,ERR,ERR,ERR,ERR,ERR,ERR,ERR,ERR,ERR,ERR,ERR,ERR,ERR,ERR,ERR,ERR,ERR,ERR,ERR,ERR,ERR,ERR,ERR,ERR,ERR,ERR,ERR,ERR,ERR,ERR,ERR,ERR,ERR,ERR,ERR,ERR,ERR,ERR,ERR,ERR,ERR,ERR,ERR,0.0,-107615384.0,-0.0,2.718290229135658e+23,nan,1.3936040501711995e+18,7.805,-12113.15,0,0,4,48930,6720,14723890282496.0,100,0.0,0.0,0.0,-107609184.0,0.0,0,0,0,0,0.0,0,0,0,0,0,0,0,0,0,0,0,0,0,0,0,0,0,0,0,0,0,0,0,0,0,0,0,0,0,0,0,0,0,26,51,50,76,65476,0,300,0,0,8,21553,0.0,-107605600.0,0.0,0.0,0.0,0.0,0.0,0.0,0.0,0.0,0.0,0.0,0.0,0.0,0.0,0.0,0.0,0.0,0.0,0.0,0.0,0.0,2.004,-2.004,2.004,0.0,0.0,0.0,0.0,0.0,4840.0,0.0,7233.0,0.0,-107615384.0,0.0,0.0,0.0,0.0,0.0,0.0,77,4.0668804810561766e+29,126840479744.0,0.0,0.0,0.0,0.0,0.0,0.0,0.0,0,0,0,0.0,0.0,0.0,0.0,0.0,0.0,0.0,0.0,0.0,0.0,0.0,0.0,0.0,0.0,0.0,0.0,0,-107875648.0,77,0.0,154,0.0,2.6533865130338155e+23,ERR,ERR,ERR,ERR,ERR,ERR,ERR,ERR,ERR,ERR,ERR,ERR,ERR,ERR,ERR,ERR,ERR,ERR,ERR,ERR,ERR,ERR,ERR,ERR,ERR,ERR,ERR,ERR,ERR,ERR,ERR,ERR,ERR,ERR,ERR,ERR,ERR,ERR,ERR,ERR,ERR,ERR,ERR,ERR,ERR,ERR,ERR,ERR,ERR,ERR,ERR,ERR,ERR,ERR,ERR,ERR,ERR,ERR,ERR,ERR,ERR,ERR,ERR,ERR,ERR,ERR,ERR,34.0,80.0,35,0.0,0.0,0.0,0.0,0.0,0.0,0.0,0.0,0.0,0.0,0.0,0.0,0.0,0.0,0.0,0.0,65.6,0,118,57,53,65476,0,300,0,0,8,20529,65476,0,0,57672,80.0,0.0,0.0,0.0,0.0,0.0
2026-06-18T02:59:30,ERR,ERR,ERR,ERR,ERR,ERR,ERR,ERR,ERR,ERR,ERR,ERR,ERR,ERR,ERR,ERR,ERR,ERR,ERR,ERR,ERR,ERR,ERR,ERR,ERR,ERR,ERR,ERR,ERR,ERR,ERR,ERR,ERR,ERR,ERR,ERR,ERR,ERR,ERR,ERR,ERR,ERR,ERR,ERR,ERR,ERR,ERR,ERR,ERR,ERR,ERR,ERR,ERR,ERR,ERR,ERR,ERR,ERR,ERR,ERR,ERR,ERR,ERR,ERR,ERR,ERR,ERR,ERR,ERR,ERR,ERR,ERR,ERR,ERR,ERR,ERR,ERR,ERR,ERR,ERR,ERR,ERR,ERR,ERR,ERR,ERR,ERR,ERR,ERR,ERR,ERR,ERR,ERR,ERR,ERR,ERR,ERR,ERR,ERR,ERR,ERR,ERR,ERR,ERR,ERR,ERR,ERR,ERR,ERR,ERR,ERR,ERR,ERR,ERR,ERR,ERR,ERR,ERR,ERR,ERR,ERR,ERR,ERR,ERR,ERR,0.0,-107615384.0,-0.0,2.718290229135658e+23,nan,1.3936040501711995e+18,7.805,-12113.15,0,0,4,48930,6720,14723890282496.0,100,0.0,0.0,0.0,-107609184.0,0.0,0,0,0,0,0.0,0,0,0,0,0,0,0,0,0,0,0,0,0,0,0,0,0,0,0,0,0,0,0,0,0,0,0,0,0,0,0,0,0,26,51,50,76,65476,0,300,0,0,8,21553,0.0,-107605600.0,0.0,0.0,0.0,0.0,0.0,0.0,0.0,0.0,0.0,0.0,0.0,0.0,0.0,0.0,0.0,0.0,0.0,0.0,0.0,0.0,2.004,-2.004,2.004,0.0,0.0,0.0,0.0,0.0,4840.0,0.0,7233.0,0.0,-107615384.0,0.0,0.0,0.0,0.0,0.0,0.0,77,4.0668804810561766e+29,126840479744.0,0.0,0.0,0.0,0.0,0.0,0.0,0.0,0,0,0,0.0,0.0,0.0,0.0,0.0,0.0,0.0,0.0,0.0,0.0,0.0,0.0,0.0,0.0,0.0,0.0,0,-107875648.0,77,0.0,154,0.0,2.6533865130338155e+23,ERR,ERR,ERR,ERR,ERR,ERR,ERR,ERR,ERR,ERR,ERR,ERR,ERR,ERR,ERR,ERR,ERR,ERR,ERR,ERR,ERR,ERR,ERR,ERR,ERR,ERR,ERR,ERR,ERR,ERR,ERR,ERR,ERR,ERR,ERR,ERR,ERR,ERR,ERR,ERR,ERR,ERR,ERR,ERR,ERR,ERR,ERR,ERR,ERR,ERR,ERR,ERR,ERR,ERR,ERR,ERR,ERR,ERR,ERR,ERR,ERR,ERR,ERR,ERR,ERR,ERR,ERR,34.0,80.0,35,0.0,0.0,0.0,0.0,0.0,0.0,0.0,0.0,0.0,0.0,0.0,0.0,0.0,0.0,0.0,0.0,65.6,0,118,57,53,65476,0,300,0,0,8,20529,65476,0,0,57672,80.0,0.0,0.0,0.0,0.0,0.0
2026-06-18T02:59:31,ERR,ERR,ERR,ERR,ERR,ERR,ERR,ERR,ERR,ERR,ERR,ERR,ERR,ERR,ERR,ERR,ERR,ERR,ERR,ERR,ERR,ERR,ERR,ERR,ERR,ERR,ERR,ERR,ERR,ERR,ERR,ERR,ERR,ERR,ERR,ERR,ERR,ERR,ERR,ERR,ERR,ERR,ERR,ERR,ERR,ERR,ERR,ERR,ERR,ERR,ERR,ERR,ERR,ERR,ERR,ERR,ERR,ERR,ERR,ERR,ERR,ERR,ERR,ERR,ERR,ERR,ERR,ERR,ERR,ERR,ERR,ERR,ERR,ERR,ERR,ERR,ERR,ERR,ERR,ERR,ERR,ERR,ERR,ERR,ERR,ERR,ERR,ERR,ERR,ERR,ERR,ERR,ERR,ERR,ERR,ERR,ERR,ERR,ERR,ERR,ERR,ERR,ERR,ERR,ERR,ERR,ERR,ERR,ERR,ERR,ERR,ERR,ERR,ERR,ERR,ERR,ERR,ERR,ERR,ERR,ERR,ERR,ERR,ERR,ERR,0.0,-107615384.0,-0.0,2.718290229135658e+23,nan,1.3936040501711995e+18,7.805,-12113.15,0,0,4,48930,6720,14723890282496.0,100,0.0,0.0,0.0,-107609184.0,0.0,0,0,0,0,0.0,0,0,0,0,0,0,0,0,0,0,0,0,0,0,0,0,0,0,0,0,0,0,0,0,0,0,0,0,0,0,0,0,0,26,51,50,76,65476,0,300,0,0,8,21553,0.0,-107605600.0,0.0,0.0,0.0,0.0,0.0,0.0,0.0,0.0,0.0,0.0,0.0,0.0,0.0,0.0,0.0,0.0,0.0,0.0,0.0,0.0,2.004,-2.004,2.004,0.0,0.0,0.0,0.0,0.0,4840.0,0.0,7233.0,0.0,-107615384.0,0.0,0.0,0.0,0.0,0.0,0.0,77,4.0668804810561766e+29,126840479744.0,0.0,0.0,0.0,0.0,0.0,0.0,0.0,0,0,0,0.0,0.0,0.0,0.0,0.0,0.0,0.0,0.0,0.0,0.0,0.0,0.0,0.0,0.0,0.0,0.0,0,-107875648.0,77,0.0,154,0.0,2.6533865130338155e+23,ERR,ERR,ERR,ERR,ERR,ERR,ERR,ERR,ERR,ERR,ERR,ERR,ERR,ERR,ERR,ERR,ERR,ERR,ERR,ERR,ERR,ERR,ERR,ERR,ERR,ERR,ERR,ERR,ERR,ERR,ERR,ERR,ERR,ERR,ERR,ERR,ERR,ERR,ERR,ERR,ERR,ERR,ERR,ERR,ERR,ERR,ERR,ERR,ERR,ERR,ERR,ERR,ERR,ERR,ERR,ERR,ERR,ERR,ERR,ERR,ERR,ERR,ERR,ERR,ERR,ERR,ERR,34.0,80.0,35,0.0,0.0,0.0,0.0,0.0,0.0,0.0,0.0,0.0,0.0,0.0,0.0,0.0,0.0,0.0,0.0,65.6,0,118,57,53,65476,0,300,0,0,8,20529,65476,0,0,57672,80.0,0.0,0.0,0.0,0.0,0.0
2026-06-18T02:59:32,ERR,ERR,ERR,ERR,ERR,ERR,ERR,ERR,ERR,ERR,ERR,ERR,ERR,ERR,ERR,ERR,ERR,ERR,ERR,ERR,ERR,ERR,ERR,ERR,ERR,ERR,ERR,ERR,ERR,ERR,ERR,ERR,ERR,ERR,ERR,ERR,ERR,ERR,ERR,ERR,ERR,ERR,ERR,ERR,ERR,ERR,ERR,ERR,ERR,ERR,ERR,ERR,ERR,ERR,ERR,ERR,ERR,ERR,ERR,ERR,ERR,ERR,ERR,ERR,ERR,ERR,ERR,ERR,ERR,ERR,ERR,ERR,ERR,ERR,ERR,ERR,ERR,ERR,ERR,ERR,ERR,ERR,ERR,ERR,ERR,ERR,ERR,ERR,ERR,ERR,ERR,ERR,ERR,ERR,ERR,ERR,ERR,ERR,ERR,ERR,ERR,ERR,ERR,ERR,ERR,ERR,ERR,ERR,ERR,ERR,ERR,ERR,ERR,ERR,ERR,ERR,ERR,ERR,ERR,ERR,ERR,ERR,ERR,ERR,ERR,0.0,-107615384.0,-0.0,2.718290229135658e+23,nan,1.3936040501711995e+18,7.805,-12113.15,0,0,4,48930,6720,14723890282496.0,100,0.0,0.0,0.0,-107609184.0,0.0,0,0,0,0,0.0,0,0,0,0,0,0,0,0,0,0,0,0,0,0,0,0,0,0,0,0,0,0,0,0,0,0,0,0,0,0,0,0,0,26,51,50,76,65476,0,300,0,0,8,21553,0.0,-107605600.0,0.0,0.0,0.0,0.0,0.0,0.0,0.0,0.0,0.0,0.0,0.0,0.0,0.0,0.0,0.0,0.0,0.0,0.0,0.0,0.0,2.004,-2.004,2.004,0.0,0.0,0.0,0.0,0.0,4840.0,0.0,7233.0,0.0,-107615384.0,0.0,0.0,0.0,0.0,0.0,0.0,77,4.0668804810561766e+29,126840479744.0,0.0,0.0,0.0,0.0,0.0,0.0,0.0,0,0,0,0.0,0.0,0.0,0.0,0.0,0.0,0.0,0.0,0.0,0.0,0.0,0.0,0.0,0.0,0.0,0.0,0,-107875648.0,77,0.0,154,0.0,2.6533865130338155e+23,ERR,ERR,ERR,ERR,ERR,ERR,ERR,ERR,ERR,ERR,ERR,ERR,ERR,ERR,ERR,ERR,ERR,ERR,ERR,ERR,ERR,ERR,ERR,ERR,ERR,ERR,ERR,ERR,ERR,ERR,ERR,ERR,ERR,ERR,ERR,ERR,ERR,ERR,ERR,ERR,ERR,ERR,ERR,ERR,ERR,ERR,ERR,ERR,ERR,ERR,ERR,ERR,ERR,ERR,ERR,ERR,ERR,ERR,ERR,ERR,ERR,ERR,ERR,ERR,ERR,ERR,ERR,34.0,80.0,35,0.0,0.0,0.0,0.0,0.0,0.0,0.0,0.0,0.0,0.0,0.0,0.0,0.0,0.0,0.0,0.0,65.6,0,118,57,53,65476,0,300,0,0,8,20529,65476,0,0,57672,80.0,0.0,0.0,0.0,0.0,0.0
2026-06-18T02:59:33,ERR,ERR,ERR,ERR,ERR,ERR,ERR,ERR,ERR,ERR,ERR,ERR,ERR,ERR,ERR,ERR,ERR,ERR,ERR,ERR,ERR,ERR,ERR,ERR,ERR,ERR,ERR,ERR,ERR,ERR,ERR,ERR,ERR,ERR,ERR,ERR,ERR,ERR,ERR,ERR,ERR,ERR,ERR,ERR,ERR,ERR,ERR,ERR,ERR,ERR,ERR,ERR,ERR,ERR,ERR,ERR,ERR,ERR,ERR,ERR,ERR,ERR,ERR,ERR,ERR,ERR,ERR,ERR,ERR,ERR,ERR,ERR,ERR,ERR,ERR,ERR,ERR,ERR,ERR,ERR,ERR,ERR,ERR,ERR,ERR,ERR,ERR,ERR,ERR,ERR,ERR,ERR,ERR,ERR,ERR,ERR,ERR,ERR,ERR,ERR,ERR,ERR,ERR,ERR,ERR,ERR,ERR,ERR,ERR,ERR,ERR,ERR,ERR,ERR,ERR,ERR,ERR,ERR,ERR,ERR,ERR,ERR,ERR,ERR,ERR,0.0,-107615384.0,-0.0,0.059,nan,1.3936040501711995e+18,7.805,0.0,0,0,4,48932,6720,14723890282496.0,100,0.0,0.0,0.0,0.059,0.0,0,0,0,0,0.0,0,0,0,0,0,0,0,0,0,0,0,0,0,0,0,0,0,0,0,0,0,0,0,0,0,0,0,0,0,0,0,0,0,26,51,50,76,65476,0,300,0,0,8,21553,0.0,-107605600.0,0.0,0.0,0.0,0.0,0.0,0.0,0.0,0.0,0.0,0.0,0.0,0.0,0.0,0.0,0.0,0.0,0.0,0.0,0.0,0.0,2.004,-2.004,2.004,0.0,0.0,0.0,0.0,0.0,4841.0,0.0,7235.0,0.0,-107615384.0,0.0,0.0,0.0,0.0,0.0,0.0,77,-0.0,2.7184161497812392e+23,0.0,0.0,0.0,0.0,0.0,0.0,0.0,0,0,0,0.0,0.0,0.0,0.0,0.0,0.0,0.0,0.0,0.0,0.0,0.0,0.0,0.0,0.0,0.0,0.0,0,-107875648.0,77,0.0,154,0.0,2.6533865130338155e+23,ERR,ERR,ERR,ERR,ERR,ERR,ERR,ERR,ERR,ERR,ERR,ERR,ERR,ERR,ERR,ERR,ERR,ERR,ERR,ERR,ERR,ERR,ERR,ERR,ERR,ERR,ERR,ERR,ERR,ERR,ERR,ERR,ERR,ERR,ERR,ERR,ERR,ERR,ERR,ERR,ERR,ERR,ERR,ERR,ERR,ERR,ERR,ERR,ERR,ERR,ERR,ERR,ERR,ERR,ERR,ERR,ERR,ERR,ERR,ERR,ERR,ERR,ERR,ERR,ERR,ERR,ERR,34.0,80.0,35,0.0,0.0,0.0,0.0,0.0,0.0,0.0,0.0,0.0,0.0,0.0,0.0,0.0,0.0,0.0,0.0,65.6,0,118,57,53,65476,0,300,0,0,8,20529,65476,0,0,57672,80.0,0.0,0.0,0.0,0.0,0.0
2026-06-18T02:59:34,ERR,ERR,ERR,ERR,ERR,ERR,ERR,ERR,ERR,ERR,ERR,ERR,ERR,ERR,ERR,ERR,ERR,ERR,ERR,ERR,ERR,ERR,ERR,ERR,ERR,ERR,ERR,ERR,ERR,ERR,ERR,ERR,ERR,ERR,ERR,ERR,ERR,ERR,ERR,ERR,ERR,ERR,ERR,ERR,ERR,ERR,ERR,ERR,ERR,ERR,ERR,ERR,ERR,ERR,ERR,ERR,ERR,ERR,ERR,ERR,ERR,ERR,ERR,ERR,ERR,ERR,ERR,ERR,ERR,ERR,ERR,ERR,ERR,ERR,ERR,ERR,ERR,ERR,ERR,ERR,ERR,ERR,ERR,ERR,ERR,ERR,ERR,ERR,ERR,ERR,ERR,ERR,ERR,ERR,ERR,ERR,ERR,ERR,ERR,ERR,ERR,ERR,ERR,ERR,ERR,ERR,ERR,ERR,ERR,ERR,ERR,ERR,ERR,ERR,ERR,ERR,ERR,ERR,ERR,ERR,ERR,ERR,ERR,ERR,ERR,0.0,-107615384.0,-0.0,0.059,nan,1.3936040501711995e+18,7.805,0.0,0,0,4,48932,6720,14723890282496.0,100,0.0,0.0,0.0,0.059,0.0,0,0,0,0,0.0,0,0,0,0,0,0,0,0,0,0,0,0,0,0,0,0,0,0,0,0,0,0,0,0,0,0,0,0,0,0,0,0,0,26,51,50,76,65476,0,300,0,0,8,21553,0.0,-107605600.0,0.0,0.0,0.0,0.0,0.0,0.0,0.0,0.0,0.0,0.0,0.0,0.0,0.0,0.0,0.0,0.0,0.0,0.0,0.0,0.0,2.004,-2.004,2.004,0.0,0.0,0.0,0.0,0.0,4841.0,0.0,7235.0,0.0,-107615384.0,0.0,0.0,0.0,0.0,0.0,0.0,77,-0.0,2.7184161497812392e+23,0.0,0.0,0.0,0.0,0.0,0.0,0.0,0,0,0,0.0,0.0,0.0,0.0,0.0,0.0,0.0,0.0,0.0,0.0,0.0,0.0,0.0,0.0,0.0,0.0,0,-107875648.0,77,0.0,154,0.0,2.6533865130338155e+23,ERR,ERR,ERR,ERR,ERR,ERR,ERR,ERR,ERR,ERR,ERR,ERR,ERR,ERR,ERR,ERR,ERR,ERR,ERR,ERR,ERR,ERR,ERR,ERR,ERR,ERR,ERR,ERR,ERR,ERR,ERR,ERR,ERR,ERR,ERR,ERR,ERR,ERR,ERR,ERR,ERR,ERR,ERR,ERR,ERR,ERR,ERR,ERR,ERR,ERR,ERR,ERR,ERR,ERR,ERR,ERR,ERR,ERR,ERR,ERR,ERR,ERR,ERR,ERR,ERR,ERR,ERR,34.0,80.0,35,0.0,0.0,0.0,0.0,0.0,0.0,0.0,0.0,0.0,0.0,0.0,0.0,0.0,0.0,0.0,0.0,65.6,0,118,57,53,65476,0,300,0,0,8,20529,65476,0,0,57672,80.0,0.0,0.0,0.0,0.0,0.0
2026-06-18T02:59:35,ERR,ERR,ERR,ERR,ERR,ERR,ERR,ERR,ERR,ERR,ERR,ERR,ERR,ERR,ERR,ERR,ERR,ERR,ERR,ERR,ERR,ERR,ERR,ERR,ERR,ERR,ERR,ERR,ERR,ERR,ERR,ERR,ERR,ERR,ERR,ERR,ERR,ERR,ERR,ERR,ERR,ERR,ERR,ERR,ERR,ERR,ERR,ERR,ERR,ERR,ERR,ERR,ERR,ERR,ERR,ERR,ERR,ERR,ERR,ERR,ERR,ERR,ERR,ERR,ERR,ERR,ERR,ERR,ERR,ERR,ERR,ERR,ERR,ERR,ERR,ERR,ERR,ERR,ERR,ERR,ERR,ERR,ERR,ERR,ERR,ERR,ERR,ERR,ERR,ERR,ERR,ERR,ERR,ERR,ERR,ERR,ERR,ERR,ERR,ERR,ERR,ERR,ERR,ERR,ERR,ERR,ERR,ERR,ERR,ERR,ERR,ERR,ERR,ERR,ERR,ERR,ERR,ERR,ERR,ERR,ERR,ERR,ERR,ERR,ERR,0.0,-107615384.0,-0.0,0.059,nan,1.3936040501711995e+18,7.805,0.0,0,0,4,48932,6720,14723890282496.0,100,0.0,0.0,0.0,0.059,0.0,0,0,0,0,0.0,0,0,0,0,0,0,0,0,0,0,0,0,0,0,0,0,0,0,0,0,0,0,0,0,0,0,0,0,0,0,0,0,0,26,51,50,76,65476,0,300,0,0,8,21553,0.0,-107605600.0,0.0,0.0,0.0,0.0,0.0,0.0,0.0,0.0,0.0,0.0,0.0,0.0,0.0,0.0,0.0,0.0,0.0,0.0,0.0,0.0,2.004,-2.004,2.004,0.0,0.0,0.0,0.0,0.0,4841.0,0.0,7235.0,0.0,-107615384.0,0.0,0.0,0.0,0.0,0.0,0.0,77,-0.0,2.7184161497812392e+23,0.0,0.0,0.0,0.0,0.0,0.0,0.0,0,0,0,0.0,0.0,0.0,0.0,0.0,0.0,0.0,0.0,0.0,0.0,0.0,0.0,0.0,0.0,0.0,0.0,0,-107875648.0,77,0.0,154,0.0,2.6533865130338155e+23,ERR,ERR,ERR,ERR,ERR,ERR,ERR,ERR,ERR,ERR,ERR,ERR,ERR,ERR,ERR,ERR,ERR,ERR,ERR,ERR,ERR,ERR,ERR,ERR,ERR,ERR,ERR,ERR,ERR,ERR,ERR,ERR,ERR,ERR,ERR,ERR,ERR,ERR,ERR,ERR,ERR,ERR,ERR,ERR,ERR,ERR,ERR,ERR,ERR,ERR,ERR,ERR,ERR,ERR,ERR,ERR,ERR,ERR,ERR,ERR,ERR,ERR,ERR,ERR,ERR,ERR,ERR,34.0,80.0,35,0.0,0.0,0.0,0.0,0.0,0.0,0.0,0.0,0.0,0.0,0.0,0.0,0.0,0.0,0.0,0.0,65.6,0,118,57,53,65476,0,300,0,0,8,20529,65476,0,0,57672,80.0,0.0,0.0,0.0,0.0,0.0
2026-06-18T02:59:36,ERR,ERR,ERR,ERR,ERR,ERR,ERR,ERR,ERR,ERR,ERR,ERR,ERR,ERR,ERR,ERR,ERR,ERR,ERR,ERR,ERR,ERR,ERR,ERR,ERR,ERR,ERR,ERR,ERR,ERR,ERR,ERR,ERR,ERR,ERR,ERR,ERR,ERR,ERR,ERR,ERR,ERR,ERR,ERR,ERR,ERR,ERR,ERR,ERR,ERR,ERR,ERR,ERR,ERR,ERR,ERR,ERR,ERR,ERR,ERR,ERR,ERR,ERR,ERR,ERR,ERR,ERR,ERR,ERR,ERR,ERR,ERR,ERR,ERR,ERR,ERR,ERR,ERR,ERR,ERR,ERR,ERR,ERR,ERR,ERR,ERR,ERR,ERR,ERR,ERR,ERR,ERR,ERR,ERR,ERR,ERR,ERR,ERR,ERR,ERR,ERR,ERR,ERR,ERR,ERR,ERR,ERR,ERR,ERR,ERR,ERR,ERR,ERR,ERR,ERR,ERR,ERR,ERR,ERR,ERR,ERR,ERR,ERR,ERR,ERR,0.0,-107615384.0,-0.0,0.059,nan,1.3936040501711995e+18,7.805,0.0,0,0,4,48932,6720,14723890282496.0,100,0.0,0.0,0.0,0.059,0.0,0,0,0,0,0.0,0,0,0,0,0,0,0,0,0,0,0,0,0,0,0,0,0,0,0,0,0,0,0,0,0,0,0,0,0,0,0,0,0,26,51,50,76,65476,0,300,0,0,8,21553,0.0,-107605600.0,0.0,0.0,0.0,0.0,0.0,0.0,0.0,0.0,0.0,0.0,0.0,0.0,0.0,0.0,0.0,0.0,0.0,0.0,0.0,0.0,2.004,-2.004,2.004,0.0,0.0,0.0,0.0,0.0,4841.0,0.0,7235.0,0.0,-107615384.0,0.0,0.0,0.0,0.0,0.0,0.0,77,-0.0,2.7184161497812392e+23,0.0,0.0,0.0,0.0,0.0,0.0,0.0,0,0,0,0.0,0.0,0.0,0.0,0.0,0.0,0.0,0.0,0.0,0.0,0.0,0.0,0.0,0.0,0.0,0.0,0,-107875648.0,77,0.0,154,0.0,2.6533865130338155e+23,ERR,ERR,ERR,ERR,ERR,ERR,ERR,ERR,ERR,ERR,ERR,ERR,ERR,ERR,ERR,ERR,ERR,ERR,ERR,ERR,ERR,ERR,ERR,ERR,ERR,ERR,ERR,ERR,ERR,ERR,ERR,ERR,ERR,ERR,ERR,ERR,ERR,ERR,ERR,ERR,ERR,ERR,ERR,ERR,ERR,ERR,ERR,ERR,ERR,ERR,ERR,ERR,ERR,ERR,ERR,ERR,ERR,ERR,ERR,ERR,ERR,ERR,ERR,ERR,ERR,ERR,ERR,34.0,80.0,35,0.0,0.0,0.0,0.0,0.0,0.0,0.0,0.0,0.0,0.0,0.0,0.0,0.0,0.0,0.0,0.0,65.6,0,118,57,53,65476,0,300,0,0,8,20529,65476,0,0,57672,80.0,0.0,0.0,0.0,0.0,0.0
2026-06-18T02:59:37,ERR,ERR,ERR,ERR,ERR,ERR,ERR,ERR,ERR,ERR,ERR,ERR,ERR,ERR,ERR,ERR,ERR,ERR,ERR,ERR,ERR,ERR,ERR,ERR,ERR,ERR,ERR,ERR,ERR,ERR,ERR,ERR,ERR,ERR,ERR,ERR,ERR,ERR,ERR,ERR,ERR,ERR,ERR,ERR,ERR,ERR,ERR,ERR,ERR,ERR,ERR,ERR,ERR,ERR,ERR,ERR,ERR,ERR,ERR,ERR,ERR,ERR,ERR,ERR,ERR,ERR,ERR,ERR,ERR,ERR,ERR,ERR,ERR,ERR,ERR,ERR,ERR,ERR,ERR,ERR,ERR,ERR,ERR,ERR,ERR,ERR,ERR,ERR,ERR,ERR,ERR,ERR,ERR,ERR,ERR,ERR,ERR,ERR,ERR,ERR,ERR,ERR,ERR,ERR,ERR,ERR,ERR,ERR,ERR,ERR,ERR,ERR,ERR,ERR,ERR,ERR,ERR,ERR,ERR,ERR,ERR,ERR,ERR,ERR,ERR,0.0,-107615384.0,-0.0,0.059,nan,1.3936040501711995e+18,7.805,0.0,0,0,4,48932,6720,14723890282496.0,100,0.0,0.0,0.0,0.059,0.0,0,0,0,0,0.0,0,0,0,0,0,0,0,0,0,0,0,0,0,0,0,0,0,0,0,0,0,0,0,0,0,0,0,0,0,0,0,0,0,26,51,50,76,65476,0,300,0,0,8,21553,0.0,-107605600.0,0.0,0.0,0.0,0.0,0.0,0.0,0.0,0.0,0.0,0.0,0.0,0.0,0.0,0.0,0.0,0.0,0.0,0.0,0.0,0.0,2.004,-2.004,2.004,0.0,0.0,0.0,0.0,0.0,4841.0,0.0,7235.0,0.0,-107615384.0,0.0,0.0,0.0,0.0,0.0,0.0,77,-0.0,2.7184161497812392e+23,0.0,0.0,0.0,0.0,0.0,0.0,0.0,0,0,0,0.0,0.0,0.0,0.0,0.0,0.0,0.0,0.0,0.0,0.0,0.0,0.0,0.0,0.0,0.0,0.0,0,-107875648.0,77,0.0,154,0.0,2.6533865130338155e+23,ERR,ERR,ERR,ERR,ERR,ERR,ERR,ERR,ERR,ERR,ERR,ERR,ERR,ERR,ERR,ERR,ERR,ERR,ERR,ERR,ERR,ERR,ERR,ERR,ERR,ERR,ERR,ERR,ERR,ERR,ERR,ERR,ERR,ERR,ERR,ERR,ERR,ERR,ERR,ERR,ERR,ERR,ERR,ERR,ERR,ERR,ERR,ERR,ERR,ERR,ERR,ERR,ERR,ERR,ERR,ERR,ERR,ERR,ERR,ERR,ERR,ERR,ERR,ERR,ERR,ERR,ERR,34.0,80.0,35,0.0,0.0,0.0,0.0,0.0,0.0,0.0,0.0,0.0,0.0,0.0,0.0,0.0,0.0,0.0,0.0,65.6,0,118,57,53,65476,0,300,0,0,8,20529,65476,0,0,57672,80.0,0.0,0.0,0.0,0.0,0.0
2026-06-18T02:59:38,ERR,ERR,ERR,ERR,ERR,ERR,ERR,ERR,ERR,ERR,ERR,ERR,ERR,ERR,ERR,ERR,ERR,ERR,ERR,ERR,ERR,ERR,ERR,ERR,ERR,ERR,ERR,ERR,ERR,ERR,ERR,ERR,ERR,ERR,ERR,ERR,ERR,ERR,ERR,ERR,ERR,ERR,ERR,ERR,ERR,ERR,ERR,ERR,ERR,ERR,ERR,ERR,ERR,ERR,ERR,ERR,ERR,ERR,ERR,ERR,ERR,ERR,ERR,ERR,ERR,ERR,ERR,ERR,ERR,ERR,ERR,ERR,ERR,ERR,ERR,ERR,ERR,ERR,ERR,ERR,ERR,ERR,ERR,ERR,ERR,ERR,ERR,ERR,ERR,ERR,ERR,ERR,ERR,ERR,ERR,ERR,ERR,ERR,ERR,ERR,ERR,ERR,ERR,ERR,ERR,ERR,ERR,ERR,ERR,ERR,ERR,ERR,ERR,ERR,ERR,ERR,ERR,ERR,ERR,ERR,ERR,ERR,ERR,ERR,ERR,0.0,-107615384.0,-0.0,0.0,nan,1.3936040501711995e+18,7.805,-0.0,0,0,4,48932,6720,14723890282496.0,100,0.0,0.0,0.0,2.718290229135658e+23,0.0,0,0,0,0,0.0,0,0,0,0,0,0,0,0,0,0,0,0,0,0,0,0,0,0,0,0,0,0,0,0,0,0,0,0,0,0,0,0,0,26,51,50,76,65476,0,300,0,0,8,21553,0.0,-107605600.0,0.0,0.0,0.0,0.0,0.0,0.0,0.0,0.0,0.0,0.0,0.0,0.0,0.0,0.0,0.0,0.0,0.0,0.0,0.0,0.0,2.004,-2.004,2.004,0.0,0.0,0.0,0.0,0.0,4843.0,0.0,7233.0,0.0,-107615384.0,0.0,0.0,0.0,0.0,0.0,0.0,77,-0.0,126840479744.0,0.0,0.0,0.0,0.0,0.0,0.0,0.0,0,0,0,0.0,0.0,0.0,0.0,0.0,0.0,0.0,0.0,0.0,0.0,0.0,0.0,0.0,0.0,0.0,0.0,0,-107875648.0,77,0.0,154,0.0,2.6533865130338155e+23,ERR,ERR,ERR,ERR,ERR,ERR,ERR,ERR,ERR,ERR,ERR,ERR,ERR,ERR,ERR,ERR,ERR,ERR,ERR,ERR,ERR,ERR,ERR,ERR,ERR,ERR,ERR,ERR,ERR,ERR,ERR,ERR,ERR,ERR,ERR,ERR,ERR,ERR,ERR,ERR,ERR,ERR,ERR,ERR,ERR,ERR,ERR,ERR,ERR,ERR,ERR,ERR,ERR,ERR,ERR,ERR,ERR,ERR,ERR,ERR,ERR,ERR,ERR,ERR,ERR,ERR,ERR,34.0,80.0,35,0.0,0.0,0.0,0.0,0.0,0.0,0.0,0.0,0.0,0.0,0.0,0.0,0.0,0.0,0.0,0.0,65.6,0,118,57,53,65476,0,300,0,0,8,20529,65476,0,0,57672,80.0,0.0,0.0,0.0,0.0,0.0
2026-06-18T02:59:39,ERR,ERR,ERR,ERR,ERR,ERR,ERR,ERR,ERR,ERR,ERR,ERR,ERR,ERR,ERR,ERR,ERR,ERR,ERR,ERR,ERR,ERR,ERR,ERR,ERR,ERR,ERR,ERR,ERR,ERR,ERR,ERR,ERR,ERR,ERR,ERR,ERR,ERR,ERR,ERR,ERR,ERR,ERR,ERR,ERR,ERR,ERR,ERR,ERR,ERR,ERR,ERR,ERR,ERR,ERR,ERR,ERR,ERR,ERR,ERR,ERR,ERR,ERR,ERR,ERR,ERR,ERR,ERR,ERR,ERR,ERR,ERR,ERR,ERR,ERR,ERR,ERR,ERR,ERR,ERR,ERR,ERR,ERR,ERR,ERR,ERR,ERR,ERR,ERR,ERR,ERR,ERR,ERR,ERR,ERR,ERR,ERR,ERR,ERR,ERR,ERR,ERR,ERR,ERR,ERR,ERR,ERR,ERR,ERR,ERR,ERR,ERR,ERR,ERR,ERR,ERR,ERR,ERR,ERR,ERR,ERR,ERR,ERR,ERR,ERR,0.0,-107615384.0,-0.0,0.0,nan,1.3936040501711995e+18,7.805,-0.0,0,0,4,48932,6720,14723890282496.0,100,0.0,0.0,0.0,2.718290229135658e+23,0.0,0,0,0,0,0.0,0,0,0,0,0,0,0,0,0,0,0,0,0,0,0,0,0,0,0,0,0,0,0,0,0,0,0,0,0,0,0,0,0,26,51,50,76,65476,0,300,0,0,8,21553,0.0,-107605600.0,0.0,0.0,0.0,0.0,0.0,0.0,0.0,0.0,0.0,0.0,0.0,0.0,0.0,0.0,0.0,0.0,0.0,0.0,0.0,0.0,2.004,-2.004,2.004,0.0,0.0,0.0,0.0,0.0,4843.0,0.0,7233.0,0.0,-107615384.0,0.0,0.0,0.0,0.0,0.0,0.0,77,-0.0,126840479744.0,0.0,0.0,0.0,0.0,0.0,0.0,0.0,0,0,0,0.0,0.0,0.0,0.0,0.0,0.0,0.0,0.0,0.0,0.0,0.0,0.0,0.0,0.0,0.0,0.0,0,-107875648.0,77,0.0,154,0.0,2.6533865130338155e+23,ERR,ERR,ERR,ERR,ERR,ERR,ERR,ERR,ERR,ERR,ERR,ERR,ERR,ERR,ERR,ERR,ERR,ERR,ERR,ERR,ERR,ERR,ERR,ERR,ERR,ERR,ERR,ERR,ERR,ERR,ERR,ERR,ERR,ERR,ERR,ERR,ERR,ERR,ERR,ERR,ERR,ERR,ERR,ERR,ERR,ERR,ERR,ERR,ERR,ERR,ERR,ERR,ERR,ERR,ERR,ERR,ERR,ERR,ERR,ERR,ERR,ERR,ERR,ERR,ERR,ERR,ERR,34.0,80.0,35,0.0,0.0,0.0,0.0,0.0,0.0,0.0,0.0,0.0,0.0,0.0,0.0,0.0,0.0,0.0,0.0,65.6,0,118,57,53,65476,0,300,0,0,8,20529,65476,0,0,57672,80.0,0.0,0.0,0.0,0.0,0.0
2026-06-18T02:59:40,ERR,ERR,ERR,ERR,ERR,ERR,ERR,ERR,ERR,ERR,ERR,ERR,ERR,ERR,ERR,ERR,ERR,ERR,ERR,ERR,ERR,ERR,ERR,ERR,ERR,ERR,ERR,ERR,ERR,ERR,ERR,ERR,ERR,ERR,ERR,ERR,ERR,ERR,ERR,ERR,ERR,ERR,ERR,ERR,ERR,ERR,ERR,ERR,ERR,ERR,ERR,ERR,ERR,ERR,ERR,ERR,ERR,ERR,ERR,ERR,ERR,ERR,ERR,ERR,ERR,ERR,ERR,ERR,ERR,ERR,ERR,ERR,ERR,ERR,ERR,ERR,ERR,ERR,ERR,ERR,ERR,ERR,ERR,ERR,ERR,ERR,ERR,ERR,ERR,ERR,ERR,ERR,ERR,ERR,ERR,ERR,ERR,ERR,ERR,ERR,ERR,ERR,ERR,ERR,ERR,ERR,ERR,ERR,ERR,ERR,ERR,ERR,ERR,ERR,ERR,ERR,ERR,ERR,ERR,ERR,ERR,ERR,ERR,ERR,ERR,0.0,-107615384.0,-0.0,0.0,nan,1.3936040501711995e+18,7.805,-0.0,0,0,4,48932,6720,14723890282496.0,100,0.0,0.0,0.0,2.718290229135658e+23,0.0,0,0,0,0,0.0,0,0,0,0,0,0,0,0,0,0,0,0,0,0,0,0,0,0,0,0,0,0,0,0,0,0,0,0,0,0,0,0,0,26,51,50,76,65476,0,300,0,0,8,21553,0.0,-107605600.0,0.0,0.0,0.0,0.0,0.0,0.0,0.0,0.0,0.0,0.0,0.0,0.0,0.0,0.0,0.0,0.0,0.0,0.0,0.0,0.0,2.004,-2.004,2.004,0.0,0.0,0.0,0.0,0.0,4843.0,0.0,7233.0,0.0,-107615384.0,0.0,0.0,0.0,0.0,0.0,0.0,77,-0.0,126840479744.0,0.0,0.0,0.0,0.0,0.0,0.0,0.0,0,0,0,0.0,0.0,0.0,0.0,0.0,0.0,0.0,0.0,0.0,0.0,0.0,0.0,0.0,0.0,0.0,0.0,0,-107875648.0,77,0.0,154,0.0,2.6533865130338155e+23,ERR,ERR,ERR,ERR,ERR,ERR,ERR,ERR,ERR,ERR,ERR,ERR,ERR,ERR,ERR,ERR,ERR,ERR,ERR,ERR,ERR,ERR,ERR,ERR,ERR,ERR,ERR,ERR,ERR,ERR,ERR,ERR,ERR,ERR,ERR,ERR,ERR,ERR,ERR,ERR,ERR,ERR,ERR,ERR,ERR,ERR,ERR,ERR,ERR,ERR,ERR,ERR,ERR,ERR,ERR,ERR,ERR,ERR,ERR,ERR,ERR,ERR,ERR,ERR,ERR,ERR,ERR,34.0,80.0,35,0.0,0.0,0.0,0.0,0.0,0.0,0.0,0.0,0.0,0.0,0.0,0.0,0.0,0.0,0.0,0.0,65.6,0,118,57,53,65476,0,300,0,0,8,20529,65476,0,0,57672,80.0,0.0,0.0,0.0,0.0,0.0
2026-06-18T02:59:41,ERR,ERR,ERR,ERR,ERR,ERR,ERR,ERR,ERR,ERR,ERR,ERR,ERR,ERR,ERR,ERR,ERR,ERR,ERR,ERR,ERR,ERR,ERR,ERR,ERR,ERR,ERR,ERR,ERR,ERR,ERR,ERR,ERR,ERR,ERR,ERR,ERR,ERR,ERR,ERR,ERR,ERR,ERR,ERR,ERR,ERR,ERR,ERR,ERR,ERR,ERR,ERR,ERR,ERR,ERR,ERR,ERR,ERR,ERR,ERR,ERR,ERR,ERR,ERR,ERR,ERR,ERR,ERR,ERR,ERR,ERR,ERR,ERR,ERR,ERR,ERR,ERR,ERR,ERR,ERR,ERR,ERR,ERR,ERR,ERR,ERR,ERR,ERR,ERR,ERR,ERR,ERR,ERR,ERR,ERR,ERR,ERR,ERR,ERR,ERR,ERR,ERR,ERR,ERR,ERR,ERR,ERR,ERR,ERR,ERR,ERR,ERR,ERR,ERR,ERR,ERR,ERR,ERR,ERR,ERR,ERR,ERR,ERR,ERR,ERR,0.0,-107615384.0,-0.0,0.0,nan,1.3936040501711995e+18,7.805,-0.0,0,0,4,48932,6720,14723890282496.0,100,0.0,0.0,0.0,2.718290229135658e+23,0.0,0,0,0,0,0.0,0,0,0,0,0,0,0,0,0,0,0,0,0,0,0,0,0,0,0,0,0,0,0,0,0,0,0,0,0,0,0,0,0,26,51,50,76,65476,0,300,0,0,8,21553,0.0,-107605600.0,0.0,0.0,0.0,0.0,0.0,0.0,0.0,0.0,0.0,0.0,0.0,0.0,0.0,0.0,0.0,0.0,0.0,0.0,0.0,0.0,2.004,-2.004,2.004,0.0,0.0,0.0,0.0,0.0,4843.0,0.0,7233.0,0.0,-107615384.0,0.0,0.0,0.0,0.0,0.0,0.0,77,-0.0,126840479744.0,0.0,0.0,0.0,0.0,0.0,0.0,0.0,0,0,0,0.0,0.0,0.0,0.0,0.0,0.0,0.0,0.0,0.0,0.0,0.0,0.0,0.0,0.0,0.0,0.0,0,-107875648.0,77,0.0,154,0.0,2.6533865130338155e+23,ERR,ERR,ERR,ERR,ERR,ERR,ERR,ERR,ERR,ERR,ERR,ERR,ERR,ERR,ERR,ERR,ERR,ERR,ERR,ERR,ERR,ERR,ERR,ERR,ERR,ERR,ERR,ERR,ERR,ERR,ERR,ERR,ERR,ERR,ERR,ERR,ERR,ERR,ERR,ERR,ERR,ERR,ERR,ERR,ERR,ERR,ERR,ERR,ERR,ERR,ERR,ERR,ERR,ERR,ERR,ERR,ERR,ERR,ERR,ERR,ERR,ERR,ERR,ERR,ERR,ERR,ERR,34.0,80.0,35,0.0,0.0,0.0,0.0,0.0,0.0,0.0,0.0,0.0,0.0,0.0,0.0,0.0,0.0,0.0,0.0,65.6,0,118,57,53,65476,0,300,0,0,8,20529,65476,0,0,57672,80.0,0.0,0.0,0.0,0.0,0.0
2026-06-18T02:59:42,ERR,ERR,ERR,ERR,ERR,ERR,ERR,ERR,ERR,ERR,ERR,ERR,ERR,ERR,ERR,ERR,ERR,ERR,ERR,ERR,ERR,ERR,ERR,ERR,ERR,ERR,ERR,ERR,ERR,ERR,ERR,ERR,ERR,ERR,ERR,ERR,ERR,ERR,ERR,ERR,ERR,ERR,ERR,ERR,ERR,ERR,ERR,ERR,ERR,ERR,ERR,ERR,ERR,ERR,ERR,ERR,ERR,ERR,ERR,ERR,ERR,ERR,ERR,ERR,ERR,ERR,ERR,ERR,ERR,ERR,ERR,ERR,ERR,ERR,ERR,ERR,ERR,ERR,ERR,ERR,ERR,ERR,ERR,ERR,ERR,ERR,ERR,ERR,ERR,ERR,ERR,ERR,ERR,ERR,ERR,ERR,ERR,ERR,ERR,ERR,ERR,ERR,ERR,ERR,ERR,ERR,ERR,ERR,ERR,ERR,ERR,ERR,ERR,ERR,ERR,ERR,ERR,ERR,ERR,ERR,ERR,ERR,ERR,ERR,ERR,0.0,-107615384.0,-0.0,0.0,nan,1.3936040501711995e+18,7.805,-0.0,0,0,4,48932,6720,14723890282496.0,100,0.0,0.0,0.0,2.718290229135658e+23,0.0,0,0,0,0,0.0,0,0,0,0,0,0,0,0,0,0,0,0,0,0,0,0,0,0,0,0,0,0,0,0,0,0,0,0,0,0,0,0,0,26,51,50,76,65476,0,300,0,0,8,21553,0.0,-107605600.0,0.0,0.0,0.0,0.0,0.0,0.0,0.0,0.0,0.0,0.0,0.0,0.0,0.0,0.0,0.0,0.0,0.0,0.0,0.0,0.0,2.004,-2.004,2.004,0.0,0.0,0.0,0.0,0.0,4843.0,0.0,7233.0,0.0,-107615384.0,0.0,0.0,0.0,0.0,0.0,0.0,77,-0.0,126840479744.0,0.0,0.0,0.0,0.0,0.0,0.0,0.0,0,0,0,0.0,0.0,0.0,0.0,0.0,0.0,0.0,0.0,0.0,0.0,0.0,0.0,0.0,0.0,0.0,0.0,0,-107875648.0,77,0.0,154,0.0,2.6533865130338155e+23,ERR,ERR,ERR,ERR,ERR,ERR,ERR,ERR,ERR,ERR,ERR,ERR,ERR,ERR,ERR,ERR,ERR,ERR,ERR,ERR,ERR,ERR,ERR,ERR,ERR,ERR,ERR,ERR,ERR,ERR,ERR,ERR,ERR,ERR,ERR,ERR,ERR,ERR,ERR,ERR,ERR,ERR,ERR,ERR,ERR,ERR,ERR,ERR,ERR,ERR,ERR,ERR,ERR,ERR,ERR,ERR,ERR,ERR,ERR,ERR,ERR,ERR,ERR,ERR,ERR,ERR,ERR,34.0,80.0,35,0.0,0.0,0.0,0.0,0.0,0.0,0.0,0.0,0.0,0.0,0.0,0.0,0.0,0.0,0.0,0.0,65.6,0,118,57,53,65476,0,300,0,0,8,20529,65476,0,0,57672,80.0,0.0,0.0,0.0,0.0,0.0
2026-06-18T02:59:43,ERR,ERR,ERR,ERR,ERR,ERR,ERR,ERR,ERR,ERR,ERR,ERR,ERR,ERR,ERR,ERR,ERR,ERR,ERR,ERR,ERR,ERR,ERR,ERR,ERR,ERR,ERR,ERR,ERR,ERR,ERR,ERR,ERR,ERR,ERR,ERR,ERR,ERR,ERR,ERR,ERR,ERR,ERR,ERR,ERR,ERR,ERR,ERR,ERR,ERR,ERR,ERR,ERR,ERR,ERR,ERR,ERR,ERR,ERR,ERR,ERR,ERR,ERR,ERR,ERR,ERR,ERR,ERR,ERR,ERR,ERR,ERR,ERR,ERR,ERR,ERR,ERR,ERR,ERR,ERR,ERR,ERR,ERR,ERR,ERR,ERR,ERR,ERR,ERR,ERR,ERR,ERR,ERR,ERR,ERR,ERR,ERR,ERR,ERR,ERR,ERR,ERR,ERR,ERR,ERR,ERR,ERR,ERR,ERR,ERR,ERR,ERR,ERR,ERR,ERR,ERR,ERR,ERR,ERR,ERR,ERR,ERR,ERR,ERR,ERR,0.0,-107615384.0,-0.0,0.0,nan,1.3936040501711995e+18,7.805,-0.0,0,0,4,48932,6720,14723890282496.0,100,0.0,0.0,0.0,2.718290229135658e+23,0.0,0,0,0,0,0.0,0,0,0,0,0,0,0,0,0,0,0,0,0,0,0,0,0,0,0,0,0,0,0,0,0,0,0,0,0,0,0,0,0,26,51,50,76,65476,0,300,0,0,8,21553,0.0,-107605600.0,0.0,0.0,0.0,0.0,0.0,0.0,0.0,0.0,0.0,0.0,0.0,0.0,0.0,0.0,0.0,0.0,0.0,0.0,0.0,0.0,2.004,-2.004,2.004,0.0,0.0,0.0,0.0,0.0,4843.0,0.0,7233.0,0.0,-107615384.0,0.0,0.0,0.0,0.0,0.0,0.0,77,-0.0,126840479744.0,0.0,0.0,0.0,0.0,0.0,0.0,0.0,0,0,0,0.0,0.0,0.0,0.0,0.0,0.0,0.0,0.0,0.0,0.0,0.0,0.0,0.0,0.0,0.0,0.0,0,-107875648.0,77,0.0,154,0.0,2.6533865130338155e+23,ERR,ERR,ERR,ERR,ERR,ERR,ERR,ERR,ERR,ERR,ERR,ERR,ERR,ERR,ERR,ERR,ERR,ERR,ERR,ERR,ERR,ERR,ERR,ERR,ERR,ERR,ERR,ERR,ERR,ERR,ERR,ERR,ERR,ERR,ERR,ERR,ERR,ERR,ERR,ERR,ERR,ERR,ERR,ERR,ERR,ERR,ERR,ERR,ERR,ERR,ERR,ERR,ERR,ERR,ERR,ERR,ERR,ERR,ERR,ERR,ERR,ERR,ERR,ERR,ERR,ERR,ERR,34.0,80.0,35,0.0,0.0,0.0,0.0,0.0,0.0,0.0,0.0,0.0,0.0,0.0,0.0,0.0,0.0,0.0,0.0,65.6,0,118,57,53,65476,0,300,0,0,8,20529,65476,0,0,57672,80.0,0.0,0.0,0.0,0.0,0.0
2026-06-18T02:59:44,ERR,ERR,ERR,ERR,ERR,ERR,ERR,ERR,ERR,ERR,ERR,ERR,ERR,ERR,ERR,ERR,ERR,ERR,ERR,ERR,ERR,ERR,ERR,ERR,ERR,ERR,ERR,ERR,ERR,ERR,ERR,ERR,ERR,ERR,ERR,ERR,ERR,ERR,ERR,ERR,ERR,ERR,ERR,ERR,ERR,ERR,ERR,ERR,ERR,ERR,ERR,ERR,ERR,ERR,ERR,ERR,ERR,ERR,ERR,ERR,ERR,ERR,ERR,ERR,ERR,ERR,ERR,ERR,ERR,ERR,ERR,ERR,ERR,ERR,ERR,ERR,ERR,ERR,ERR,ERR,ERR,ERR,ERR,ERR,ERR,ERR,ERR,ERR,ERR,ERR,ERR,ERR,ERR,ERR,ERR,ERR,ERR,ERR,ERR,ERR,ERR,ERR,ERR,ERR,ERR,ERR,ERR,ERR,ERR,ERR,ERR,ERR,ERR,ERR,ERR,ERR,ERR,ERR,ERR,ERR,ERR,ERR,ERR,ERR,ERR,0.0,-107615384.0,-0.0,-152005385388032.0,nan,1.3936040501711995e+18,7.805,-1161942663168.0,0,0,4,48930,6720,14723890282496.0,100,0.0,0.0,0.0,-4.9501291711397626e+32,0.0,0,0,0,0,0.0,0,0,0,0,0,0,0,0,0,0,0,0,0,0,0,0,0,0,0,0,0,0,0,0,0,0,0,0,0,0,0,0,0,26,51,50,76,65476,0,300,0,0,8,21553,0.0,-107605600.0,0.0,0.0,0.0,0.0,0.0,0.0,0.0,0.0,0.0,0.0,0.0,0.0,0.0,0.0,0.0,0.0,0.0,0.0,0.0,0.0,2.004,-2.004,2.004,0.0,0.0,0.0,0.0,0.0,4843.0,0.0,7235.0,0.0,-107615384.0,0.0,0.0,0.0,0.0,0.0,0.0,77,-0.0,-0.0,0.0,0.0,0.0,0.0,0.0,0.0,0.0,0,0,0,0.0,0.0,0.0,0.0,0.0,0.0,0.0,0.0,0.0,0.0,0.0,0.0,0.0,0.0,0.0,0.0,0,-107875648.0,77,0.0,154,0.0,2.6533865130338155e+23,ERR,ERR,ERR,ERR,ERR,ERR,ERR,ERR,ERR,ERR,ERR,ERR,ERR,ERR,ERR,ERR,ERR,ERR,ERR,ERR,ERR,ERR,ERR,ERR,ERR,ERR,ERR,ERR,ERR,ERR,ERR,ERR,ERR,ERR,ERR,ERR,ERR,ERR,ERR,ERR,ERR,ERR,ERR,ERR,ERR,ERR,ERR,ERR,ERR,ERR,ERR,ERR,ERR,ERR,ERR,ERR,ERR,ERR,ERR,ERR,ERR,ERR,ERR,ERR,ERR,ERR,ERR,34.0,80.0,35,0.0,0.0,0.0,0.0,0.0,0.0,0.0,0.0,0.0,0.0,0.0,0.0,0.0,0.0,0.0,0.0,65.6,0,118,57,53,65476,0,300,0,0,8,20529,65476,0,0,57672,80.0,0.0,0.0,0.0,0.0,0.0
2026-06-18T02:59:45,ERR,ERR,ERR,ERR,ERR,ERR,ERR,ERR,ERR,ERR,ERR,ERR,ERR,ERR,ERR,ERR,ERR,ERR,ERR,ERR,ERR,ERR,ERR,ERR,ERR,ERR,ERR,ERR,ERR,ERR,ERR,ERR,ERR,ERR,ERR,ERR,ERR,ERR,ERR,ERR,ERR,ERR,ERR,ERR,ERR,ERR,ERR,ERR,ERR,ERR,ERR,ERR,ERR,ERR,ERR,ERR,ERR,ERR,ERR,ERR,ERR,ERR,ERR,ERR,ERR,ERR,ERR,ERR,ERR,ERR,ERR,ERR,ERR,ERR,ERR,ERR,ERR,ERR,ERR,ERR,ERR,ERR,ERR,ERR,ERR,ERR,ERR,ERR,ERR,ERR,ERR,ERR,ERR,ERR,ERR,ERR,ERR,ERR,ERR,ERR,ERR,ERR,ERR,ERR,ERR,ERR,ERR,ERR,ERR,ERR,ERR,ERR,ERR,ERR,ERR,ERR,ERR,ERR,ERR,ERR,ERR,ERR,ERR,ERR,ERR,0.0,-107615384.0,-0.0,-152005385388032.0,nan,1.3936040501711995e+18,7.805,-1161942663168.0,0,0,4,48930,6720,14723890282496.0,100,0.0,0.0,0.0,-4.9501291711397626e+32,0.0,0,0,0,0,0.0,0,0,0,0,0,0,0,0,0,0,0,0,0,0,0,0,0,0,0,0,0,0,0,0,0,0,0,0,0,0,0,0,0,26,51,50,76,65476,0,300,0,0,8,21553,0.0,-107605600.0,0.0,0.0,0.0,0.0,0.0,0.0,0.0,0.0,0.0,0.0,0.0,0.0,0.0,0.0,0.0,0.0,0.0,0.0,0.0,0.0,2.004,-2.004,2.004,0.0,0.0,0.0,0.0,0.0,4843.0,0.0,7235.0,0.0,-107615384.0,0.0,0.0,0.0,0.0,0.0,0.0,77,-0.0,-0.0,0.0,0.0,0.0,0.0,0.0,0.0,0.0,0,0,0,0.0,0.0,0.0,0.0,0.0,0.0,0.0,0.0,0.0,0.0,0.0,0.0,0.0,0.0,0.0,0.0,0,-107875648.0,77,0.0,154,0.0,2.6533865130338155e+23,ERR,ERR,ERR,ERR,ERR,ERR,ERR,ERR,ERR,ERR,ERR,ERR,ERR,ERR,ERR,ERR,ERR,ERR,ERR,ERR,ERR,ERR,ERR,ERR,ERR,ERR,ERR,ERR,ERR,ERR,ERR,ERR,ERR,ERR,ERR,ERR,ERR,ERR,ERR,ERR,ERR,ERR,ERR,ERR,ERR,ERR,ERR,ERR,ERR,ERR,ERR,ERR,ERR,ERR,ERR,ERR,ERR,ERR,ERR,ERR,ERR,ERR,ERR,ERR,ERR,ERR,ERR,34.0,80.0,35,0.0,0.0,0.0,0.0,0.0,0.0,0.0,0.0,0.0,0.0,0.0,0.0,0.0,0.0,0.0,0.0,65.6,0,118,57,53,65476,0,300,0,0,8,20529,65476,0,0,57672,80.0,0.0,0.0,0.0,0.0,0.0
2026-06-18T02:59:46,ERR,ERR,ERR,ERR,ERR,ERR,ERR,ERR,ERR,ERR,ERR,ERR,ERR,ERR,ERR,ERR,ERR,ERR,ERR,ERR,ERR,ERR,ERR,ERR,ERR,ERR,ERR,ERR,ERR,ERR,ERR,ERR,ERR,ERR,ERR,ERR,ERR,ERR,ERR,ERR,ERR,ERR,ERR,ERR,ERR,ERR,ERR,ERR,ERR,ERR,ERR,ERR,ERR,ERR,ERR,ERR,ERR,ERR,ERR,ERR,ERR,ERR,ERR,ERR,ERR,ERR,ERR,ERR,ERR,ERR,ERR,ERR,ERR,ERR,ERR,ERR,ERR,ERR,ERR,ERR,ERR,ERR,ERR,ERR,ERR,ERR,ERR,ERR,ERR,ERR,ERR,ERR,ERR,ERR,ERR,ERR,ERR,ERR,ERR,ERR,ERR,ERR,ERR,ERR,ERR,ERR,ERR,ERR,ERR,ERR,ERR,ERR,ERR,ERR,ERR,ERR,ERR,ERR,ERR,ERR,ERR,ERR,ERR,ERR,ERR,0.0,-107615384.0,-0.0,-152005385388032.0,nan,1.3936040501711995e+18,7.805,-1161942663168.0,0,0,4,48930,6720,14723890282496.0,100,0.0,0.0,0.0,-4.9501291711397626e+32,0.0,0,0,0,0,0.0,0,0,0,0,0,0,0,0,0,0,0,0,0,0,0,0,0,0,0,0,0,0,0,0,0,0,0,0,0,0,0,0,0,26,51,50,76,65476,0,300,0,0,8,21553,0.0,-107605600.0,0.0,0.0,0.0,0.0,0.0,0.0,0.0,0.0,0.0,0.0,0.0,0.0,0.0,0.0,0.0,0.0,0.0,0.0,0.0,0.0,2.004,-2.004,2.004,0.0,0.0,0.0,0.0,0.0,4843.0,0.0,7235.0,0.0,-107615384.0,0.0,0.0,0.0,0.0,0.0,0.0,77,-0.0,-0.0,0.0,0.0,0.0,0.0,0.0,0.0,0.0,0,0,0,0.0,0.0,0.0,0.0,0.0,0.0,0.0,0.0,0.0,0.0,0.0,0.0,0.0,0.0,0.0,0.0,0,-107875648.0,77,0.0,154,0.0,2.6533865130338155e+23,ERR,ERR,ERR,ERR,ERR,ERR,ERR,ERR,ERR,ERR,ERR,ERR,ERR,ERR,ERR,ERR,ERR,ERR,ERR,ERR,ERR,ERR,ERR,ERR,ERR,ERR,ERR,ERR,ERR,ERR,ERR,ERR,ERR,ERR,ERR,ERR,ERR,ERR,ERR,ERR,ERR,ERR,ERR,ERR,ERR,ERR,ERR,ERR,ERR,ERR,ERR,ERR,ERR,ERR,ERR,ERR,ERR,ERR,ERR,ERR,ERR,ERR,ERR,ERR,ERR,ERR,ERR,34.0,80.0,35,0.0,0.0,0.0,0.0,0.0,0.0,0.0,0.0,0.0,0.0,0.0,0.0,0.0,0.0,0.0,0.0,65.6,0,118,57,53,65476,0,300,0,0,8,20529,65476,0,0,57672,80.0,0.0,0.0,0.0,0.0,0.0
2026-06-18T02:59:47,ERR,ERR,ERR,ERR,ERR,ERR,ERR,ERR,ERR,ERR,ERR,ERR,ERR,ERR,ERR,ERR,ERR,ERR,ERR,ERR,ERR,ERR,ERR,ERR,ERR,ERR,ERR,ERR,ERR,ERR,ERR,ERR,ERR,ERR,ERR,ERR,ERR,ERR,ERR,ERR,ERR,ERR,ERR,ERR,ERR,ERR,ERR,ERR,ERR,ERR,ERR,ERR,ERR,ERR,ERR,ERR,ERR,ERR,ERR,ERR,ERR,ERR,ERR,ERR,ERR,ERR,ERR,ERR,ERR,ERR,ERR,ERR,ERR,ERR,ERR,ERR,ERR,ERR,ERR,ERR,ERR,ERR,ERR,ERR,ERR,ERR,ERR,ERR,ERR,ERR,ERR,ERR,ERR,ERR,ERR,ERR,ERR,ERR,ERR,ERR,ERR,ERR,ERR,ERR,ERR,ERR,ERR,ERR,ERR,ERR,ERR,ERR,ERR,ERR,ERR,ERR,ERR,ERR,ERR,ERR,ERR,ERR,ERR,ERR,ERR,0.0,-107615384.0,-0.0,-152005385388032.0,nan,1.3936040501711995e+18,7.805,-1161942663168.0,0,0,4,48930,6720,14723890282496.0,100,0.0,0.0,0.0,-4.9501291711397626e+32,0.0,0,0,0,0,0.0,0,0,0,0,0,0,0,0,0,0,0,0,0,0,0,0,0,0,0,0,0,0,0,0,0,0,0,0,0,0,0,0,0,26,51,50,76,65476,0,300,0,0,8,21553,0.0,-107605600.0,0.0,0.0,0.0,0.0,0.0,0.0,0.0,0.0,0.0,0.0,0.0,0.0,0.0,0.0,0.0,0.0,0.0,0.0,0.0,0.0,2.004,-2.004,2.004,0.0,0.0,0.0,0.0,0.0,4843.0,0.0,7235.0,0.0,-107615384.0,0.0,0.0,0.0,0.0,0.0,0.0,77,-0.0,-0.0,0.0,0.0,0.0,0.0,0.0,0.0,0.0,0,0,0,0.0,0.0,0.0,0.0,0.0,0.0,0.0,0.0,0.0,0.0,0.0,0.0,0.0,0.0,0.0,0.0,0,-107875648.0,77,0.0,154,0.0,2.6533865130338155e+23,ERR,ERR,ERR,ERR,ERR,ERR,ERR,ERR,ERR,ERR,ERR,ERR,ERR,ERR,ERR,ERR,ERR,ERR,ERR,ERR,ERR,ERR,ERR,ERR,ERR,ERR,ERR,ERR,ERR,ERR,ERR,ERR,ERR,ERR,ERR,ERR,ERR,ERR,ERR,ERR,ERR,ERR,ERR,ERR,ERR,ERR,ERR,ERR,ERR,ERR,ERR,ERR,ERR,ERR,ERR,ERR,ERR,ERR,ERR,ERR,ERR,ERR,ERR,ERR,ERR,ERR,ERR,34.0,80.0,35,0.0,0.0,0.0,0.0,0.0,0.0,0.0,0.0,0.0,0.0,0.0,0.0,0.0,0.0,0.0,0.0,65.6,0,118,57,53,65476,0,300,0,0,8,20529,65476,0,0,57672,80.0,0.0,0.0,0.0,0.0,0.0
2026-06-18T02:59:48,ERR,ERR,ERR,ERR,ERR,ERR,ERR,ERR,ERR,ERR,ERR,ERR,ERR,ERR,ERR,ERR,ERR,ERR,ERR,ERR,ERR,ERR,ERR,ERR,ERR,ERR,ERR,ERR,ERR,ERR,ERR,ERR,ERR,ERR,ERR,ERR,ERR,ERR,ERR,ERR,ERR,ERR,ERR,ERR,ERR,ERR,ERR,ERR,ERR,ERR,ERR,ERR,ERR,ERR,ERR,ERR,ERR,ERR,ERR,ERR,ERR,ERR,ERR,ERR,ERR,ERR,ERR,ERR,ERR,ERR,ERR,ERR,ERR,ERR,ERR,ERR,ERR,ERR,ERR,ERR,ERR,ERR,ERR,ERR,ERR,ERR,ERR,ERR,ERR,ERR,ERR,ERR,ERR,ERR,ERR,ERR,ERR,ERR,ERR,ERR,ERR,ERR,ERR,ERR,ERR,ERR,ERR,ERR,ERR,ERR,ERR,ERR,ERR,ERR,ERR,ERR,ERR,ERR,ERR,ERR,ERR,ERR,ERR,ERR,ERR,0.0,-107615384.0,-0.0,-152005385388032.0,nan,1.3936040501711995e+18,7.805,-1161942663168.0,0,0,4,48930,6720,14723890282496.0,100,0.0,0.0,0.0,-4.9501291711397626e+32,0.0,0,0,0,0,0.0,0,0,0,0,0,0,0,0,0,0,0,0,0,0,0,0,0,0,0,0,0,0,0,0,0,0,0,0,0,0,0,0,0,26,51,50,76,65476,0,300,0,0,8,21553,0.0,-107605600.0,0.0,0.0,0.0,0.0,0.0,0.0,0.0,0.0,0.0,0.0,0.0,0.0,0.0,0.0,0.0,0.0,0.0,0.0,0.0,0.0,2.004,-2.004,2.004,0.0,0.0,0.0,0.0,0.0,4843.0,0.0,7235.0,0.0,-107615384.0,0.0,0.0,0.0,0.0,0.0,0.0,77,-0.0,-0.0,0.0,0.0,0.0,0.0,0.0,0.0,0.0,0,0,0,0.0,0.0,0.0,0.0,0.0,0.0,0.0,0.0,0.0,0.0,0.0,0.0,0.0,0.0,0.0,0.0,0,-107875648.0,77,0.0,154,0.0,2.6533865130338155e+23,ERR,ERR,ERR,ERR,ERR,ERR,ERR,ERR,ERR,ERR,ERR,ERR,ERR,ERR,ERR,ERR,ERR,ERR,ERR,ERR,ERR,ERR,ERR,ERR,ERR,ERR,ERR,ERR,ERR,ERR,ERR,ERR,ERR,ERR,ERR,ERR,ERR,ERR,ERR,ERR,ERR,ERR,ERR,ERR,ERR,ERR,ERR,ERR,ERR,ERR,ERR,ERR,ERR,ERR,ERR,ERR,ERR,ERR,ERR,ERR,ERR,ERR,ERR,ERR,ERR,ERR,ERR,34.0,80.0,35,0.0,0.0,0.0,0.0,0.0,0.0,0.0,0.0,0.0,0.0,0.0,0.0,0.0,0.0,0.0,0.0,65.6,0,118,57,53,65476,0,300,0,0,8,20529,65476,0,0,57672,80.0,0.0,0.0,0.0,0.0,0.0
2026-06-18T02:59:49,ERR,ERR,ERR,ERR,ERR,ERR,ERR,ERR,ERR,ERR,ERR,ERR,ERR,ERR,ERR,ERR,ERR,ERR,ERR,ERR,ERR,ERR,ERR,ERR,ERR,ERR,ERR,ERR,ERR,ERR,ERR,ERR,ERR,ERR,ERR,ERR,ERR,ERR,ERR,ERR,ERR,ERR,ERR,ERR,ERR,ERR,ERR,ERR,ERR,ERR,ERR,ERR,ERR,ERR,ERR,ERR,ERR,ERR,ERR,ERR,ERR,ERR,ERR,ERR,ERR,ERR,ERR,ERR,ERR,ERR,ERR,ERR,ERR,ERR,ERR,ERR,ERR,ERR,ERR,ERR,ERR,ERR,ERR,ERR,ERR,ERR,ERR,ERR,ERR,ERR,ERR,ERR,ERR,ERR,ERR,ERR,ERR,ERR,ERR,ERR,ERR,ERR,ERR,ERR,ERR,ERR,ERR,ERR,ERR,ERR,ERR,ERR,ERR,ERR,ERR,ERR,ERR,ERR,ERR,ERR,ERR,ERR,ERR,ERR,ERR,0.0,-107615384.0,-0.0,-0.0,nan,1.3936040501711995e+18,7.805,1.2122276757504e+16,0,0,4,48933,6720,14723890282496.0,100,0.0,0.0,0.0,0.059,0.0,0,0,0,0,0.0,0,0,0,0,0,0,0,0,0,0,0,0,0,0,0,0,0,0,0,0,0,0,0,0,0,0,0,0,0,0,0,0,0,26,51,50,76,65476,0,300,0,0,8,21553,0.0,-107605600.0,0.0,0.0,0.0,0.0,0.0,0.0,0.0,0.0,0.0,0.0,0.0,0.0,0.0,0.0,0.0,0.0,0.0,0.0,0.0,0.0,2.004,-2.004,2.004,0.0,0.0,0.0,0.0,0.0,4843.0,0.0,7234.0,0.0,-107615384.0,0.0,0.0,0.0,0.0,0.0,0.0,77,-0.0,1.9056847201763328e+17,0.0,0.0,0.0,0.0,0.0,0.0,0.0,0,0,0,0.0,0.0,0.0,0.0,0.0,0.0,0.0,0.0,0.0,0.0,0.0,0.0,0.0,0.0,0.0,0.0,0,-107875648.0,77,0.0,154,0.0,2.6533865130338155e+23,ERR,ERR,ERR,ERR,ERR,ERR,ERR,ERR,ERR,ERR,ERR,ERR,ERR,ERR,ERR,ERR,ERR,ERR,ERR,ERR,ERR,ERR,ERR,ERR,ERR,ERR,ERR,ERR,ERR,ERR,ERR,ERR,ERR,ERR,ERR,ERR,ERR,ERR,ERR,ERR,ERR,ERR,ERR,ERR,ERR,ERR,ERR,ERR,ERR,ERR,ERR,ERR,ERR,ERR,ERR,ERR,ERR,ERR,ERR,ERR,ERR,ERR,ERR,ERR,ERR,ERR,ERR,34.0,80.0,35,0.0,0.0,0.0,0.0,0.0,0.0,0.0,0.0,0.0,0.0,0.0,0.0,0.0,0.0,0.0,0.0,65.6,0,118,57,53,65476,0,300,0,0,8,20529,65476,0,0,57672,80.0,0.0,0.0,0.0,0.0,0.0
2026-06-18T02:59:50,ERR,ERR,ERR,ERR,ERR,ERR,ERR,ERR,ERR,ERR,ERR,ERR,ERR,ERR,ERR,ERR,ERR,ERR,ERR,ERR,ERR,ERR,ERR,ERR,ERR,ERR,ERR,ERR,ERR,ERR,ERR,ERR,ERR,ERR,ERR,ERR,ERR,ERR,ERR,ERR,ERR,ERR,ERR,ERR,ERR,ERR,ERR,ERR,ERR,ERR,ERR,ERR,ERR,ERR,ERR,ERR,ERR,ERR,ERR,ERR,ERR,ERR,ERR,ERR,ERR,ERR,ERR,ERR,ERR,ERR,ERR,ERR,ERR,ERR,ERR,ERR,ERR,ERR,ERR,ERR,ERR,ERR,ERR,ERR,ERR,ERR,ERR,ERR,ERR,ERR,ERR,ERR,ERR,ERR,ERR,ERR,ERR,ERR,ERR,ERR,ERR,ERR,ERR,ERR,ERR,ERR,ERR,ERR,ERR,ERR,ERR,ERR,ERR,ERR,ERR,ERR,ERR,ERR,ERR,ERR,ERR,ERR,ERR,ERR,ERR,0.0,-107615384.0,-0.0,-0.0,nan,1.3936040501711995e+18,7.805,1.2122276757504e+16,0,0,4,48933,6720,14723890282496.0,100,0.0,0.0,0.0,0.059,0.0,0,0,0,0,0.0,0,0,0,0,0,0,0,0,0,0,0,0,0,0,0,0,0,0,0,0,0,0,0,0,0,0,0,0,0,0,0,0,0,26,51,50,76,65476,0,300,0,0,8,21553,0.0,-107605600.0,0.0,0.0,0.0,0.0,0.0,0.0,0.0,0.0,0.0,0.0,0.0,0.0,0.0,0.0,0.0,0.0,0.0,0.0,0.0,0.0,2.004,-2.004,2.004,0.0,0.0,0.0,0.0,0.0,4843.0,0.0,7234.0,0.0,-107615384.0,0.0,0.0,0.0,0.0,0.0,0.0,77,-0.0,1.9056847201763328e+17,0.0,0.0,0.0,0.0,0.0,0.0,0.0,0,0,0,0.0,0.0,0.0,0.0,0.0,0.0,0.0,0.0,0.0,0.0,0.0,0.0,0.0,0.0,0.0,0.0,0,-107875648.0,77,0.0,154,0.0,2.6533865130338155e+23,ERR,ERR,ERR,ERR,ERR,ERR,ERR,ERR,ERR,ERR,ERR,ERR,ERR,ERR,ERR,ERR,ERR,ERR,ERR,ERR,ERR,ERR,ERR,ERR,ERR,ERR,ERR,ERR,ERR,ERR,ERR,ERR,ERR,ERR,ERR,ERR,ERR,ERR,ERR,ERR,ERR,ERR,ERR,ERR,ERR,ERR,ERR,ERR,ERR,ERR,ERR,ERR,ERR,ERR,ERR,ERR,ERR,ERR,ERR,ERR,ERR,ERR,ERR,ERR,ERR,ERR,ERR,34.0,80.0,35,0.0,0.0,0.0,0.0,0.0,0.0,0.0,0.0,0.0,0.0,0.0,0.0,0.0,0.0,0.0,0.0,65.6,0,118,57,53,65476,0,300,0,0,8,20529,65476,0,0,57672,80.0,0.0,0.0,0.0,0.0,0.0
2026-06-18T02:59:51,ERR,ERR,ERR,ERR,ERR,ERR,ERR,ERR,ERR,ERR,ERR,ERR,ERR,ERR,ERR,ERR,ERR,ERR,ERR,ERR,ERR,ERR,ERR,ERR,ERR,ERR,ERR,ERR,ERR,ERR,ERR,ERR,ERR,ERR,ERR,ERR,ERR,ERR,ERR,ERR,ERR,ERR,ERR,ERR,ERR,ERR,ERR,ERR,ERR,ERR,ERR,ERR,ERR,ERR,ERR,ERR,ERR,ERR,ERR,ERR,ERR,ERR,ERR,ERR,ERR,ERR,ERR,ERR,ERR,ERR,ERR,ERR,ERR,ERR,ERR,ERR,ERR,ERR,ERR,ERR,ERR,ERR,ERR,ERR,ERR,ERR,ERR,ERR,ERR,ERR,ERR,ERR,ERR,ERR,ERR,ERR,ERR,ERR,ERR,ERR,ERR,ERR,ERR,ERR,ERR,ERR,ERR,ERR,ERR,ERR,ERR,ERR,ERR,ERR,ERR,ERR,ERR,ERR,ERR,ERR,ERR,ERR,ERR,ERR,ERR,0.0,-107615384.0,-0.0,-0.0,nan,1.3936040501711995e+18,7.805,1.2122276757504e+16,0,0,4,48933,6720,14723890282496.0,100,0.0,0.0,0.0,0.059,0.0,0,0,0,0,0.0,0,0,0,0,0,0,0,0,0,0,0,0,0,0,0,0,0,0,0,0,0,0,0,0,0,0,0,0,0,0,0,0,0,26,51,50,76,65476,0,300,0,0,8,21553,0.0,-107605600.0,0.0,0.0,0.0,0.0,0.0,0.0,0.0,0.0,0.0,0.0,0.0,0.0,0.0,0.0,0.0,0.0,0.0,0.0,0.0,0.0,2.004,-2.004,2.004,0.0,0.0,0.0,0.0,0.0,4843.0,0.0,7234.0,0.0,-107615384.0,0.0,0.0,0.0,0.0,0.0,0.0,77,-0.0,1.9056847201763328e+17,0.0,0.0,0.0,0.0,0.0,0.0,0.0,0,0,0,0.0,0.0,0.0,0.0,0.0,0.0,0.0,0.0,0.0,0.0,0.0,0.0,0.0,0.0,0.0,0.0,0,-107875648.0,77,0.0,154,0.0,2.6533865130338155e+23,ERR,ERR,ERR,ERR,ERR,ERR,ERR,ERR,ERR,ERR,ERR,ERR,ERR,ERR,ERR,ERR,ERR,ERR,ERR,ERR,ERR,ERR,ERR,ERR,ERR,ERR,ERR,ERR,ERR,ERR,ERR,ERR,ERR,ERR,ERR,ERR,ERR,ERR,ERR,ERR,ERR,ERR,ERR,ERR,ERR,ERR,ERR,ERR,ERR,ERR,ERR,ERR,ERR,ERR,ERR,ERR,ERR,ERR,ERR,ERR,ERR,ERR,ERR,ERR,ERR,ERR,ERR,34.0,80.0,35,0.0,0.0,0.0,0.0,0.0,0.0,0.0,0.0,0.0,0.0,0.0,0.0,0.0,0.0,0.0,0.0,65.6,0,118,57,53,65476,0,300,0,0,8,20529,65476,0,0,57672,80.0,0.0,0.0,0.0,0.0,0.0
2026-06-18T02:59:52,ERR,ERR,ERR,ERR,ERR,ERR,ERR,ERR,ERR,ERR,ERR,ERR,ERR,ERR,ERR,ERR,ERR,ERR,ERR,ERR,ERR,ERR,ERR,ERR,ERR,ERR,ERR,ERR,ERR,ERR,ERR,ERR,ERR,ERR,ERR,ERR,ERR,ERR,ERR,ERR,ERR,ERR,ERR,ERR,ERR,ERR,ERR,ERR,ERR,ERR,ERR,ERR,ERR,ERR,ERR,ERR,ERR,ERR,ERR,ERR,ERR,ERR,ERR,ERR,ERR,ERR,ERR,ERR,ERR,ERR,ERR,ERR,ERR,ERR,ERR,ERR,ERR,ERR,ERR,ERR,ERR,ERR,ERR,ERR,ERR,ERR,ERR,ERR,ERR,ERR,ERR,ERR,ERR,ERR,ERR,ERR,ERR,ERR,ERR,ERR,ERR,ERR,ERR,ERR,ERR,ERR,ERR,ERR,ERR,ERR,ERR,ERR,ERR,ERR,ERR,ERR,ERR,ERR,ERR,ERR,ERR,ERR,ERR,ERR,ERR,0.0,-107615384.0,-0.0,-0.0,nan,1.3936040501711995e+18,7.805,1.2122276757504e+16,0,0,4,48933,6720,14723890282496.0,100,0.0,0.0,0.0,0.059,0.0,0,0,0,0,0.0,0,0,0,0,0,0,0,0,0,0,0,0,0,0,0,0,0,0,0,0,0,0,0,0,0,0,0,0,0,0,0,0,0,26,51,50,76,65476,0,300,0,0,8,21553,0.0,-107605600.0,0.0,0.0,0.0,0.0,0.0,0.0,0.0,0.0,0.0,0.0,0.0,0.0,0.0,0.0,0.0,0.0,0.0,0.0,0.0,0.0,2.004,-2.004,2.004,0.0,0.0,0.0,0.0,0.0,4843.0,0.0,7234.0,0.0,-107615384.0,0.0,0.0,0.0,0.0,0.0,0.0,77,-0.0,1.9056847201763328e+17,0.0,0.0,0.0,0.0,0.0,0.0,0.0,0,0,0,0.0,0.0,0.0,0.0,0.0,0.0,0.0,0.0,0.0,0.0,0.0,0.0,0.0,0.0,0.0,0.0,0,-107875648.0,77,0.0,154,0.0,2.6533865130338155e+23,ERR,ERR,ERR,ERR,ERR,ERR,ERR,ERR,ERR,ERR,ERR,ERR,ERR,ERR,ERR,ERR,ERR,ERR,ERR,ERR,ERR,ERR,ERR,ERR,ERR,ERR,ERR,ERR,ERR,ERR,ERR,ERR,ERR,ERR,ERR,ERR,ERR,ERR,ERR,ERR,ERR,ERR,ERR,ERR,ERR,ERR,ERR,ERR,ERR,ERR,ERR,ERR,ERR,ERR,ERR,ERR,ERR,ERR,ERR,ERR,ERR,ERR,ERR,ERR,ERR,ERR,ERR,34.0,80.0,35,0.0,0.0,0.0,0.0,0.0,0.0,0.0,0.0,0.0,0.0,0.0,0.0,0.0,0.0,0.0,0.0,65.6,0,118,57,53,65476,0,300,0,0,8,20529,65476,0,0,57672,80.0,0.0,0.0,0.0,0.0,0.0
2026-06-18T02:59:53,ERR,ERR,ERR,ERR,ERR,ERR,ERR,ERR,ERR,ERR,ERR,ERR,ERR,ERR,ERR,ERR,ERR,ERR,ERR,ERR,ERR,ERR,ERR,ERR,ERR,ERR,ERR,ERR,ERR,ERR,ERR,ERR,ERR,ERR,ERR,ERR,ERR,ERR,ERR,ERR,ERR,ERR,ERR,ERR,ERR,ERR,ERR,ERR,ERR,ERR,ERR,ERR,ERR,ERR,ERR,ERR,ERR,ERR,ERR,ERR,ERR,ERR,ERR,ERR,ERR,ERR,ERR,ERR,ERR,ERR,ERR,ERR,ERR,ERR,ERR,ERR,ERR,ERR,ERR,ERR,ERR,ERR,ERR,ERR,ERR,ERR,ERR,ERR,ERR,ERR,ERR,ERR,ERR,ERR,ERR,ERR,ERR,ERR,ERR,ERR,ERR,ERR,ERR,ERR,ERR,ERR,ERR,ERR,ERR,ERR,ERR,ERR,ERR,ERR,ERR,ERR,ERR,ERR,ERR,ERR,ERR,ERR,ERR,ERR,ERR,0.0,-107615384.0,-0.0,-0.0,nan,1.3936040501711995e+18,7.805,1.2122276757504e+16,0,0,4,48933,6720,14723890282496.0,100,0.0,0.0,0.0,0.059,0.0,0,0,0,0,0.0,0,0,0,0,0,0,0,0,0,0,0,0,0,0,0,0,0,0,0,0,0,0,0,0,0,0,0,0,0,0,0,0,0,26,51,50,76,65476,0,300,0,0,8,21553,0.0,-107605600.0,0.0,0.0,0.0,0.0,0.0,0.0,0.0,0.0,0.0,0.0,0.0,0.0,0.0,0.0,0.0,0.0,0.0,0.0,0.0,0.0,2.004,-2.004,2.004,0.0,0.0,0.0,0.0,0.0,4843.0,0.0,7234.0,0.0,-107615384.0,0.0,0.0,0.0,0.0,0.0,0.0,77,-0.0,1.9056847201763328e+17,0.0,0.0,0.0,0.0,0.0,0.0,0.0,0,0,0,0.0,0.0,0.0,0.0,0.0,0.0,0.0,0.0,0.0,0.0,0.0,0.0,0.0,0.0,0.0,0.0,0,-107875648.0,77,0.0,154,0.0,2.6533865130338155e+23,ERR,ERR,ERR,ERR,ERR,ERR,ERR,ERR,ERR,ERR,ERR,ERR,ERR,ERR,ERR,ERR,ERR,ERR,ERR,ERR,ERR,ERR,ERR,ERR,ERR,ERR,ERR,ERR,ERR,ERR,ERR,ERR,ERR,ERR,ERR,ERR,ERR,ERR,ERR,ERR,ERR,ERR,ERR,ERR,ERR,ERR,ERR,ERR,ERR,ERR,ERR,ERR,ERR,ERR,ERR,ERR,ERR,ERR,ERR,ERR,ERR,ERR,ERR,ERR,ERR,ERR,ERR,34.0,80.0,35,0.0,0.0,0.0,0.0,0.0,0.0,0.0,0.0,0.0,0.0,0.0,0.0,0.0,0.0,0.0,0.0,65.6,0,118,57,53,65476,0,300,0,0,8,20529,65476,0,0,57672,80.0,0.0,0.0,0.0,0.0,0.0
2026-06-18T02:59:54,ERR,ERR,ERR,ERR,ERR,ERR,ERR,ERR,ERR,ERR,ERR,ERR,ERR,ERR,ERR,ERR,ERR,ERR,ERR,ERR,ERR,ERR,ERR,ERR,ERR,ERR,ERR,ERR,ERR,ERR,ERR,ERR,ERR,ERR,ERR,ERR,ERR,ERR,ERR,ERR,ERR,ERR,ERR,ERR,ERR,ERR,ERR,ERR,ERR,ERR,ERR,ERR,ERR,ERR,ERR,ERR,ERR,ERR,ERR,ERR,ERR,ERR,ERR,ERR,ERR,ERR,ERR,ERR,ERR,ERR,ERR,ERR,ERR,ERR,ERR,ERR,ERR,ERR,ERR,ERR,ERR,ERR,ERR,ERR,ERR,ERR,ERR,ERR,ERR,ERR,ERR,ERR,ERR,ERR,ERR,ERR,ERR,ERR,ERR,ERR,ERR,ERR,ERR,ERR,ERR,ERR,ERR,ERR,ERR,ERR,ERR,ERR,ERR,ERR,ERR,ERR,ERR,ERR,ERR,ERR,ERR,ERR,ERR,ERR,ERR,0.0,-107615384.0,-0.0,-152005385388032.0,nan,1.3936040501711995e+18,7.805,-1161942663168.0,0,0,4,48935,6720,14723890282496.0,100,0.0,0.0,0.0,-152005385388032.0,0.0,0,0,0,0,0.0,0,0,0,0,0,0,0,0,0,0,0,0,0,0,0,0,0,0,0,0,0,0,0,0,0,0,0,0,0,0,0,0,0,26,51,50,76,65476,0,300,0,0,8,21553,0.0,-107605600.0,0.0,0.0,0.0,0.0,0.0,0.0,0.0,0.0,0.0,0.0,0.0,0.0,0.0,0.0,0.0,0.0,0.0,0.0,0.0,0.0,2.004,-2.004,2.004,0.0,0.0,0.0,0.0,0.0,4836.0,0.0,7236.0,0.0,-107615384.0,0.0,0.0,0.0,0.0,0.0,0.0,77,5.848083809157084e+35,4.0668510134893235e+29,0.0,0.0,0.0,0.0,0.0,0.0,0.0,0,0,0,0.0,0.0,0.0,0.0,0.0,0.0,0.0,0.0,0.0,0.0,0.0,0.0,0.0,0.0,0.0,0.0,0,-107875648.0,77,0.0,154,0.0,2.6533865130338155e+23,ERR,ERR,ERR,ERR,ERR,ERR,ERR,ERR,ERR,ERR,ERR,ERR,ERR,ERR,ERR,ERR,ERR,ERR,ERR,ERR,ERR,ERR,ERR,ERR,ERR,ERR,ERR,ERR,ERR,ERR,ERR,ERR,ERR,ERR,ERR,ERR,ERR,ERR,ERR,ERR,ERR,ERR,ERR,ERR,ERR,ERR,ERR,ERR,ERR,ERR,ERR,ERR,ERR,ERR,ERR,ERR,ERR,ERR,ERR,ERR,ERR,ERR,ERR,ERR,ERR,ERR,ERR,34.0,80.0,35,0.0,0.0,0.0,0.0,0.0,0.0,0.0,0.0,0.0,0.0,0.0,0.0,0.0,0.0,0.0,0.0,65.6,0,118,57,53,65476,0,300,0,0,8,20529,65476,0,0,57672,80.0,0.0,0.0,0.0,0.0,0.0
2026-06-18T02:59:55,ERR,ERR,ERR,ERR,ERR,ERR,ERR,ERR,ERR,ERR,ERR,ERR,ERR,ERR,ERR,ERR,ERR,ERR,ERR,ERR,ERR,ERR,ERR,ERR,ERR,ERR,ERR,ERR,ERR,ERR,ERR,ERR,ERR,ERR,ERR,ERR,ERR,ERR,ERR,ERR,ERR,ERR,ERR,ERR,ERR,ERR,ERR,ERR,ERR,ERR,ERR,ERR,ERR,ERR,ERR,ERR,ERR,ERR,ERR,ERR,ERR,ERR,ERR,ERR,ERR,ERR,ERR,ERR,ERR,ERR,ERR,ERR,ERR,ERR,ERR,ERR,ERR,ERR,ERR,ERR,ERR,ERR,ERR,ERR,ERR,ERR,ERR,ERR,ERR,ERR,ERR,ERR,ERR,ERR,ERR,ERR,ERR,ERR,ERR,ERR,ERR,ERR,ERR,ERR,ERR,ERR,ERR,ERR,ERR,ERR,ERR,ERR,ERR,ERR,ERR,ERR,ERR,ERR,ERR,ERR,ERR,ERR,ERR,ERR,ERR,0.0,-107615384.0,-0.0,-152005385388032.0,nan,1.3936040501711995e+18,7.805,-1161942663168.0,0,0,4,48935,6720,14723890282496.0,100,0.0,0.0,0.0,-152005385388032.0,0.0,0,0,0,0,0.0,0,0,0,0,0,0,0,0,0,0,0,0,0,0,0,0,0,0,0,0,0,0,0,0,0,0,0,0,0,0,0,0,0,26,51,50,76,65476,0,300,0,0,8,21553,0.0,-107605600.0,0.0,0.0,0.0,0.0,0.0,0.0,0.0,0.0,0.0,0.0,0.0,0.0,0.0,0.0,0.0,0.0,0.0,0.0,0.0,0.0,2.004,-2.004,2.004,0.0,0.0,0.0,0.0,0.0,4836.0,0.0,7236.0,0.0,-107615384.0,0.0,0.0,0.0,0.0,0.0,0.0,77,5.848083809157084e+35,4.0668510134893235e+29,0.0,0.0,0.0,0.0,0.0,0.0,0.0,0,0,0,0.0,0.0,0.0,0.0,0.0,0.0,0.0,0.0,0.0,0.0,0.0,0.0,0.0,0.0,0.0,0.0,0,-107875648.0,77,0.0,154,0.0,2.6533865130338155e+23,ERR,ERR,ERR,ERR,ERR,ERR,ERR,ERR,ERR,ERR,ERR,ERR,ERR,ERR,ERR,ERR,ERR,ERR,ERR,ERR,ERR,ERR,ERR,ERR,ERR,ERR,ERR,ERR,ERR,ERR,ERR,ERR,ERR,ERR,ERR,ERR,ERR,ERR,ERR,ERR,ERR,ERR,ERR,ERR,ERR,ERR,ERR,ERR,ERR,ERR,ERR,ERR,ERR,ERR,ERR,ERR,ERR,ERR,ERR,ERR,ERR,ERR,ERR,ERR,ERR,ERR,ERR,34.0,80.0,35,0.0,0.0,0.0,0.0,0.0,0.0,0.0,0.0,0.0,0.0,0.0,0.0,0.0,0.0,0.0,0.0,65.6,0,118,57,53,65476,0,300,0,0,8,20529,65476,0,0,57672,80.0,0.0,0.0,0.0,0.0,0.0
2026-06-18T02:59:56,ERR,ERR,ERR,ERR,ERR,ERR,ERR,ERR,ERR,ERR,ERR,ERR,ERR,ERR,ERR,ERR,ERR,ERR,ERR,ERR,ERR,ERR,ERR,ERR,ERR,ERR,ERR,ERR,ERR,ERR,ERR,ERR,ERR,ERR,ERR,ERR,ERR,ERR,ERR,ERR,ERR,ERR,ERR,ERR,ERR,ERR,ERR,ERR,ERR,ERR,ERR,ERR,ERR,ERR,ERR,ERR,ERR,ERR,ERR,ERR,ERR,ERR,ERR,ERR,ERR,ERR,ERR,ERR,ERR,ERR,ERR,ERR,ERR,ERR,ERR,ERR,ERR,ERR,ERR,ERR,ERR,ERR,ERR,ERR,ERR,ERR,ERR,ERR,ERR,ERR,ERR,ERR,ERR,ERR,ERR,ERR,ERR,ERR,ERR,ERR,ERR,ERR,ERR,ERR,ERR,ERR,ERR,ERR,ERR,ERR,ERR,ERR,ERR,ERR,ERR,ERR,ERR,ERR,ERR,ERR,ERR,ERR,ERR,ERR,ERR,0.0,-107615384.0,-0.0,-152005385388032.0,nan,1.3936040501711995e+18,7.805,-1161942663168.0,0,0,4,48935,6720,14723890282496.0,100,0.0,0.0,0.0,-152005385388032.0,0.0,0,0,0,0,0.0,0,0,0,0,0,0,0,0,0,0,0,0,0,0,0,0,0,0,0,0,0,0,0,0,0,0,0,0,0,0,0,0,0,26,51,50,76,65476,0,300,0,0,8,21553,0.0,-107605600.0,0.0,0.0,0.0,0.0,0.0,0.0,0.0,0.0,0.0,0.0,0.0,0.0,0.0,0.0,0.0,0.0,0.0,0.0,0.0,0.0,2.004,-2.004,2.004,0.0,0.0,0.0,0.0,0.0,4836.0,0.0,7236.0,0.0,-107615384.0,0.0,0.0,0.0,0.0,0.0,0.0,77,5.848083809157084e+35,4.0668510134893235e+29,0.0,0.0,0.0,0.0,0.0,0.0,0.0,0,0,0,0.0,0.0,0.0,0.0,0.0,0.0,0.0,0.0,0.0,0.0,0.0,0.0,0.0,0.0,0.0,0.0,0,-107875648.0,77,0.0,154,0.0,2.6533865130338155e+23,ERR,ERR,ERR,ERR,ERR,ERR,ERR,ERR,ERR,ERR,ERR,ERR,ERR,ERR,ERR,ERR,ERR,ERR,ERR,ERR,ERR,ERR,ERR,ERR,ERR,ERR,ERR,ERR,ERR,ERR,ERR,ERR,ERR,ERR,ERR,ERR,ERR,ERR,ERR,ERR,ERR,ERR,ERR,ERR,ERR,ERR,ERR,ERR,ERR,ERR,ERR,ERR,ERR,ERR,ERR,ERR,ERR,ERR,ERR,ERR,ERR,ERR,ERR,ERR,ERR,ERR,ERR,34.0,80.0,35,0.0,0.0,0.0,0.0,0.0,0.0,0.0,0.0,0.0,0.0,0.0,0.0,0.0,0.0,0.0,0.0,65.6,0,118,57,53,65476,0,300,0,0,8,20529,65476,0,0,57672,80.0,0.0,0.0,0.0,0.0,0.0
2026-06-18T02:59:57,ERR,ERR,ERR,ERR,ERR,ERR,ERR,ERR,ERR,ERR,ERR,ERR,ERR,ERR,ERR,ERR,ERR,ERR,ERR,ERR,ERR,ERR,ERR,ERR,ERR,ERR,ERR,ERR,ERR,ERR,ERR,ERR,ERR,ERR,ERR,ERR,ERR,ERR,ERR,ERR,ERR,ERR,ERR,ERR,ERR,ERR,ERR,ERR,ERR,ERR,ERR,ERR,ERR,ERR,ERR,ERR,ERR,ERR,ERR,ERR,ERR,ERR,ERR,ERR,ERR,ERR,ERR,ERR,ERR,ERR,ERR,ERR,ERR,ERR,ERR,ERR,ERR,ERR,ERR,ERR,ERR,ERR,ERR,ERR,ERR,ERR,ERR,ERR,ERR,ERR,ERR,ERR,ERR,ERR,ERR,ERR,ERR,ERR,ERR,ERR,ERR,ERR,ERR,ERR,ERR,ERR,ERR,ERR,ERR,ERR,ERR,ERR,ERR,ERR,ERR,ERR,ERR,ERR,ERR,ERR,ERR,ERR,ERR,ERR,ERR,0.0,-107615384.0,-0.0,-152005385388032.0,nan,1.3936040501711995e+18,7.805,-1161942663168.0,0,0,4,48935,6720,14723890282496.0,100,0.0,0.0,0.0,-152005385388032.0,0.0,0,0,0,0,0.0,0,0,0,0,0,0,0,0,0,0,0,0,0,0,0,0,0,0,0,0,0,0,0,0,0,0,0,0,0,0,0,0,0,26,51,50,76,65476,0,300,0,0,8,21553,0.0,-107605600.0,0.0,0.0,0.0,0.0,0.0,0.0,0.0,0.0,0.0,0.0,0.0,0.0,0.0,0.0,0.0,0.0,0.0,0.0,0.0,0.0,2.004,-2.004,2.004,0.0,0.0,0.0,0.0,0.0,4836.0,0.0,7236.0,0.0,-107615384.0,0.0,0.0,0.0,0.0,0.0,0.0,77,5.848083809157084e+35,4.0668510134893235e+29,0.0,0.0,0.0,0.0,0.0,0.0,0.0,0,0,0,0.0,0.0,0.0,0.0,0.0,0.0,0.0,0.0,0.0,0.0,0.0,0.0,0.0,0.0,0.0,0.0,0,-107875648.0,77,0.0,154,0.0,2.6533865130338155e+23,ERR,ERR,ERR,ERR,ERR,ERR,ERR,ERR,ERR,ERR,ERR,ERR,ERR,ERR,ERR,ERR,ERR,ERR,ERR,ERR,ERR,ERR,ERR,ERR,ERR,ERR,ERR,ERR,ERR,ERR,ERR,ERR,ERR,ERR,ERR,ERR,ERR,ERR,ERR,ERR,ERR,ERR,ERR,ERR,ERR,ERR,ERR,ERR,ERR,ERR,ERR,ERR,ERR,ERR,ERR,ERR,ERR,ERR,ERR,ERR,ERR,ERR,ERR,ERR,ERR,ERR,ERR,34.0,80.0,35,0.0,0.0,0.0,0.0,0.0,0.0,0.0,0.0,0.0,0.0,0.0,0.0,0.0,0.0,0.0,0.0,65.6,0,118,57,53,65476,0,300,0,0,8,20529,65476,0,0,57672,80.0,0.0,0.0,0.0,0.0,0.0
2026-06-18T02:59:58,ERR,ERR,ERR,ERR,ERR,ERR,ERR,ERR,ERR,ERR,ERR,ERR,ERR,ERR,ERR,ERR,ERR,ERR,ERR,ERR,ERR,ERR,ERR,ERR,ERR,ERR,ERR,ERR,ERR,ERR,ERR,ERR,ERR,ERR,ERR,ERR,ERR,ERR,ERR,ERR,ERR,ERR,ERR,ERR,ERR,ERR,ERR,ERR,ERR,ERR,ERR,ERR,ERR,ERR,ERR,ERR,ERR,ERR,ERR,ERR,ERR,ERR,ERR,ERR,ERR,ERR,ERR,ERR,ERR,ERR,ERR,ERR,ERR,ERR,ERR,ERR,ERR,ERR,ERR,ERR,ERR,ERR,ERR,ERR,ERR,ERR,ERR,ERR,ERR,ERR,ERR,ERR,ERR,ERR,ERR,ERR,ERR,ERR,ERR,ERR,ERR,ERR,ERR,ERR,ERR,ERR,ERR,ERR,ERR,ERR,ERR,ERR,ERR,ERR,ERR,ERR,ERR,ERR,ERR,ERR,ERR,ERR,ERR,ERR,ERR,0.0,-107615384.0,-0.0,-152005385388032.0,nan,1.3936040501711995e+18,7.805,-1161942663168.0,0,0,4,48935,6720,14723890282496.0,100,0.0,0.0,0.0,-152005385388032.0,0.0,0,0,0,0,0.0,0,0,0,0,0,0,0,0,0,0,0,0,0,0,0,0,0,0,0,0,0,0,0,0,0,0,0,0,0,0,0,0,0,26,51,50,76,65476,0,300,0,0,8,21553,0.0,-107605600.0,0.0,0.0,0.0,0.0,0.0,0.0,0.0,0.0,0.0,0.0,0.0,0.0,0.0,0.0,0.0,0.0,0.0,0.0,0.0,0.0,2.004,-2.004,2.004,0.0,0.0,0.0,0.0,0.0,4836.0,0.0,7236.0,0.0,-107615384.0,0.0,0.0,0.0,0.0,0.0,0.0,77,5.848083809157084e+35,4.0668510134893235e+29,0.0,0.0,0.0,0.0,0.0,0.0,0.0,0,0,0,0.0,0.0,0.0,0.0,0.0,0.0,0.0,0.0,0.0,0.0,0.0,0.0,0.0,0.0,0.0,0.0,0,-107875648.0,77,0.0,154,0.0,2.6533865130338155e+23,ERR,ERR,ERR,ERR,ERR,ERR,ERR,ERR,ERR,ERR,ERR,ERR,ERR,ERR,ERR,ERR,ERR,ERR,ERR,ERR,ERR,ERR,ERR,ERR,ERR,ERR,ERR,ERR,ERR,ERR,ERR,ERR,ERR,ERR,ERR,ERR,ERR,ERR,ERR,ERR,ERR,ERR,ERR,ERR,ERR,ERR,ERR,ERR,ERR,ERR,ERR,ERR,ERR,ERR,ERR,ERR,ERR,ERR,ERR,ERR,ERR,ERR,ERR,ERR,ERR,ERR,ERR,34.0,80.0,35,0.0,0.0,0.0,0.0,0.0,0.0,0.0,0.0,0.0,0.0,0.0,0.0,0.0,0.0,0.0,0.0,65.6,0,118,57,53,65476,0,300,0,0,8,20529,65476,0,0,57672,80.0,0.0,0.0,0.0,0.0,0.0
2026-06-18T02:59:59,ERR,ERR,ERR,ERR,ERR,ERR,ERR,ERR,ERR,ERR,ERR,ERR,ERR,ERR,ERR,ERR,ERR,ERR,ERR,ERR,ERR,ERR,ERR,ERR,ERR,ERR,ERR,ERR,ERR,ERR,ERR,ERR,ERR,ERR,ERR,ERR,ERR,ERR,ERR,ERR,ERR,ERR,ERR,ERR,ERR,ERR,ERR,ERR,ERR,ERR,ERR,ERR,ERR,ERR,ERR,ERR,ERR,ERR,ERR,ERR,ERR,ERR,ERR,ERR,ERR,ERR,ERR,ERR,ERR,ERR,ERR,ERR,ERR,ERR,ERR,ERR,ERR,ERR,ERR,ERR,ERR,ERR,ERR,ERR,ERR,ERR,ERR,ERR,ERR,ERR,ERR,ERR,ERR,ERR,ERR,ERR,ERR,ERR,ERR,ERR,ERR,ERR,ERR,ERR,ERR,ERR,ERR,ERR,ERR,ERR,ERR,ERR,ERR,ERR,ERR,ERR,ERR,ERR,ERR,ERR,ERR,ERR,ERR,ERR,ERR,0.0,-107615384.0,-0.0,2.718290229135658e+23,nan,1.3936040501711995e+18,7.805,-12113.15,0,0,4,48930,6720,14723890282496.0,100,0.0,0.0,0.0,0.0,0.0,0,0,0,0,0.0,0,0,0,0,0,0,0,0,0,0,0,0,0,0,0,0,0,0,0,0,0,0,0,0,0,0,0,0,0,0,0,0,0,26,51,50,76,65476,0,300,0,0,8,21553,0.0,-107605600.0,0.0,0.0,0.0,0.0,0.0,0.0,0.0,0.0,0.0,0.0,0.0,0.0,0.0,0.0,0.0,0.0,0.0,0.0,0.0,0.0,2.004,-2.004,2.004,0.0,0.0,0.0,0.0,0.0,4842.0,2.004,7240.0,0.0,-107615384.0,0.0,0.0,0.0,0.0,0.0,0.0,77,-0.0,-0.0,0.0,0.0,0.0,0.0,0.0,0.0,0.0,0,0,0,0.0,0.0,0.0,0.0,0.0,0.0,0.0,0.0,0.0,0.0,0.0,0.0,0.0,0.0,0.0,0.0,0,-107875648.0,77,0.0,154,0.0,2.6533865130338155e+23,ERR,ERR,ERR,ERR,ERR,ERR,ERR,ERR,ERR,ERR,ERR,ERR,ERR,ERR,ERR,ERR,ERR,ERR,ERR,ERR,ERR,ERR,ERR,ERR,ERR,ERR,ERR,ERR,ERR,ERR,ERR,ERR,ERR,ERR,ERR,ERR,ERR,ERR,ERR,ERR,ERR,ERR,ERR,ERR,ERR,ERR,ERR,ERR,ERR,ERR,ERR,ERR,ERR,ERR,ERR,ERR,ERR,ERR,ERR,ERR,ERR,ERR,ERR,ERR,ERR,ERR,ERR,34.0,80.0,35,0.0,0.0,0.0,0.0,0.0,0.0,0.0,0.0,0.0,0.0,0.0,0.0,0.0,0.0,0.0,0.0,66.4,0,118,57,53,65476,0,300,0,0,8,20529,65476,0,0,57672,80.0,0.0,0.0,0.0,0.0,0.0
